# lon_gridpoint [deg], lat_gridpoint [deg], P_R_modelGRS [W], P_R_modelFREND [W] 
-179.875, 53.375, 1.2666341739187745e-23, nan 
-179.625, 53.375, 1.559894075412352e-23, nan 
-179.375, 53.375, 1.39804225724707e-23, nan 
-179.125, 53.375, 2.529364985684027e-23, nan 
-178.875, 53.375, 3.042714626519583e-23, nan 
-178.625, 53.375, 1.1229426826870563e-23, nan 
-178.375, 53.375, 1.3507310667807085e-23, nan 
-178.125, 53.375, 1.044839631040057e-23, nan 
-177.875, 53.375, 1.0273573839771934e-23, nan 
-177.625, 53.375, 1.2839200193139534e-23, nan 
-177.375, 53.375, 1.4058877701721595e-23, nan 
-177.125, 53.375, 1.2995264921125746e-23, nan 
-176.875, 53.375, 1.829606241085388e-23, nan 
-176.625, 53.375, 1.7575693351107906e-23, nan 
-176.375, 53.375, 1.2598146885710337e-23, nan 
-176.125, 53.375, 1.3191918576793164e-24, nan 
-175.875, 53.375, 1.875753362530993e-24, nan 
-175.625, 53.375, 4.08608963704876e-24, nan 
-175.375, 53.375, 4.618188484075854e-24, nan 
-175.125, 53.375, 1.5155582650738241e-24, nan 
-174.875, 53.375, 1.4943153574570828e-24, nan 
-174.625, 53.375, 2.0639487475735187e-24, nan 
-174.375, 53.375, 1.9406254924767526e-24, nan 
-174.125, 53.375, 4.758880800233889e-24, nan 
163.125, 53.375, 8.784351429452947e-23, nan 
163.375, 53.375, 6.831283030697523e-23, nan 
163.625, 53.375, 6.583586867233187e-23, nan 
163.875, 53.375, 1.356546748209449e-22, nan 
164.125, 53.375, 1.50833336983654e-22, nan 
164.375, 53.375, 2.210049092680425e-22, nan 
164.625, 53.375, 1.7394893548689664e-22, nan 
164.875, 53.375, 2.531576954089326e-23, nan 
165.125, 53.375, 3.3455640191870337e-23, nan 
165.375, 53.375, 2.0238892080792684e-23, nan 
165.625, 53.375, 2.2276722331079415e-23, nan 
165.875, 53.375, 2.4122998655139957e-23, nan 
166.125, 53.375, 1.7742916644828823e-23, nan 
166.375, 53.375, 3.7531648197762753e-23, nan 
166.625, 53.375, 4.0256407885794633e-23, nan 
166.875, 53.375, 2.70084598147531e-23, nan 
167.125, 53.375, 2.2042072998005686e-23, nan 
167.375, 53.375, 1.7822280885201298e-23, nan 
167.625, 53.375, 2.568926535714128e-23, nan 
167.875, 53.375, 4.515871458705596e-23, nan 
168.125, 53.375, 5.224204141555411e-23, nan 
168.375, 53.375, 6.505332543850812e-23, nan 
168.625, 53.375, 8.766138222522713e-23, nan 
168.875, 53.375, 7.562618364035467e-23, nan 
169.125, 53.375, 4.272966847678465e-23, nan 
169.375, 53.375, 1.2909251078215023e-23, nan 
169.625, 53.375, 2.995274238716088e-23, nan 
169.875, 53.375, 3.709810915884264e-23, nan 
170.125, 53.375, 2.9300703084864913e-23, nan 
170.375, 53.375, 5.274907200691349e-23, nan 
170.625, 53.375, 5.515943104675879e-23, nan 
170.875, 53.375, 5.136312120685215e-23, nan 
171.125, 53.375, 5.510434627457666e-23, nan 
171.375, 53.375, 5.2754387654893887e-23, nan 
171.625, 53.375, 5.306416984794204e-23, nan 
171.875, 53.375, 3.44271063945976e-23, nan 
172.125, 53.375, 1.2091636552631222e-23, nan 
172.375, 53.375, 4.047064092332476e-23, nan 
172.625, 53.375, 3.761081348842615e-23, nan 
172.875, 53.375, 1.7915079284305936e-23, nan 
173.125, 53.375, 4.2587383003552664e-23, nan 
173.375, 53.375, 4.2281788333918234e-23, nan 
173.625, 53.375, 2.4865087001293802e-23, nan 
173.875, 53.375, 2.068768974789865e-23, nan 
174.125, 53.375, 2.3589227326410136e-23, nan 
174.375, 53.375, 1.525455793336826e-23, nan 
174.625, 53.375, 1.4660281634199013e-23, nan 
174.875, 53.375, 8.382846503150916e-23, nan 
175.125, 53.375, 1.3614424264989692e-22, nan 
175.375, 53.375, 1.060118171553668e-22, nan 
175.625, 53.375, 6.981507857627539e-23, nan 
175.875, 53.375, 9.98568688129847e-23, nan 
176.125, 53.375, 8.803139411866231e-23, nan 
176.375, 53.375, 3.8594510339208265e-23, nan 
176.625, 53.375, 2.2455453126750072e-23, nan 
176.875, 53.375, 8.206744199007665e-24, nan 
177.125, 53.375, 1.481285570417251e-23, nan 
177.375, 53.375, 2.7181254052177096e-23, nan 
177.625, 53.375, 1.2541046105911181e-23, nan 
177.875, 53.375, 1.948240337754955e-23, nan 
178.125, 53.375, 3.5623556784841294e-23, nan 
178.375, 53.375, 3.2759854550664997e-23, nan 
178.625, 53.375, 2.2232438602624017e-23, nan 
178.875, 53.375, 2.1617205123167568e-23, nan 
179.125, 53.375, 2.7168571489709824e-23, nan 
179.375, 53.375, 3.03702949417437e-23, nan 
179.625, 53.375, 1.904482386906853e-23, nan 
179.875, 53.375, 1.4270904081007064e-23, nan 
-179.875, 53.625, 2.6903069753382925e-23, nan 
-179.625, 53.625, 2.1961863227883176e-23, nan 
-179.375, 53.625, 2.1683899382730344e-23, nan 
-179.125, 53.625, 1.0638419687692393e-23, nan 
-178.875, 53.625, 2.773896238835545e-23, nan 
-178.625, 53.625, 4.0119388919820987e-23, nan 
-178.375, 53.625, 3.452554543266283e-23, nan 
-178.125, 53.625, 1.6333542278756854e-23, nan 
-177.875, 53.625, 2.3178780045082618e-23, nan 
-177.625, 53.625, 3.1506776228345326e-23, nan 
-177.375, 53.625, 2.895073942832132e-23, nan 
-177.125, 53.625, 1.0563413947507614e-23, nan 
-176.875, 53.625, 1.0119878319479428e-23, nan 
-176.625, 53.625, 1.2893849265531852e-23, nan 
-176.375, 53.625, 1.1972577168037283e-23, nan 
-176.125, 53.625, 5.310405413664055e-24, nan 
-175.875, 53.625, 3.1303318090385895e-24, nan 
-175.625, 53.625, 9.921939970899983e-24, nan 
-175.375, 53.625, 1.2548455822922397e-23, nan 
-175.125, 53.625, 4.461410595528769e-24, nan 
-174.875, 53.625, 1.5180504732169564e-24, nan 
-174.625, 53.625, 2.8820934950677704e-24, nan 
-174.375, 53.625, 3.2046818339009315e-24, nan 
-174.125, 53.625, 2.532724507794468e-24, nan 
-173.875, 53.625, 1.1662117131697982e-24, nan 
-173.625, 53.625, 1.620064148332337e-24, nan 
-173.375, 53.625, 4.9254585100875505e-24, nan 
-173.125, 53.625, 4.35940005334777e-24, nan 
-172.875, 53.625, 1.9552786272165234e-24, nan 
-172.625, 53.625, 3.147376403302494e-24, nan 
-172.375, 53.625, 3.714590534411822e-24, nan 
-172.125, 53.625, 9.852360584722494e-24, nan 
-171.875, 53.625, 9.074224605819342e-24, nan 
-171.625, 53.625, 1.2365586291814268e-23, nan 
-171.375, 53.625, 1.306174289338458e-23, nan 
-171.125, 53.625, 8.986327067068472e-24, nan 
-170.875, 53.625, 2.540568908863092e-23, nan 
-170.625, 53.625, 6.300876481704047e-23, nan 
-170.375, 53.625, 6.04306837255894e-23, nan 
-170.125, 53.625, 1.538270071993315e-23, nan 
-169.875, 53.625, 1.0606340610349347e-23, nan 
-169.625, 53.625, 6.587159156700286e-24, nan 
-169.375, 53.625, 1.3761171896426888e-23, nan 
-169.125, 53.625, 1.7884450886311856e-23, nan 
-168.875, 53.625, 1.890223222086294e-23, nan 
-168.625, 53.625, 2.0153192359288853e-23, nan 
-168.375, 53.625, 1.6176602896868503e-23, nan 
-168.125, 53.625, 1.1976642811342159e-23, nan 
-167.875, 53.625, 2.561315399643676e-23, nan 
-167.625, 53.625, 2.5498361142579535e-23, nan 
-167.375, 53.625, 1.417482618321025e-23, nan 
-167.125, 53.625, 8.907586251966585e-24, nan 
-166.875, 53.625, 8.322449391428317e-24, nan 
-166.625, 53.625, 7.898062225200042e-24, nan 
-166.375, 53.625, 6.698724298734193e-24, nan 
-166.125, 53.625, 1.336843427178096e-23, nan 
-165.875, 53.625, 1.813887083996093e-23, nan 
-165.625, 53.625, 1.4846751448710935e-23, nan 
-165.375, 53.625, 5.525298819118925e-24, nan 
-165.125, 53.625, 1.3328354315151702e-23, nan 
-164.875, 53.625, 1.8816757217917997e-23, nan 
-164.625, 53.625, 1.3838994063243895e-23, nan 
-164.375, 53.625, 2.563518475850248e-24, nan 
-164.125, 53.625, 7.875512066886118e-24, nan 
-163.875, 53.625, 1.2480602306292984e-23, nan 
-163.625, 53.625, 1.3405321757200917e-23, nan 
-163.375, 53.625, 1.1900274853061337e-23, nan 
-163.125, 53.625, 2.3607896284828642e-23, nan 
-162.875, 53.625, 4.661601865187236e-23, nan 
-162.625, 53.625, 5.141005662588863e-23, nan 
-162.375, 53.625, 3.454808374455558e-23, nan 
-162.125, 53.625, 3.9094638948713173e-23, nan 
-161.875, 53.625, 3.219526199130448e-23, nan 
-161.625, 53.625, 1.9299682339445983e-23, nan 
-161.375, 53.625, 5.144305069919728e-24, nan 
-161.125, 53.625, 1.4306563524657268e-23, nan 
-160.875, 53.625, 1.440120617761013e-23, nan 
-160.625, 53.625, 1.0533439960362595e-23, nan 
-160.375, 53.625, 1.1097606275806452e-23, nan 
-160.125, 53.625, 5.685910606699318e-24, nan 
-159.875, 53.625, 9.618765612382677e-24, nan 
-159.625, 53.625, 9.422182518711061e-24, nan 
148.625, 53.625, 2.934268989481378e-23, nan 
148.875, 53.625, 1.0352828434267758e-23, nan 
149.125, 53.625, 3.387147949587272e-23, nan 
149.375, 53.625, 2.9141129467288837e-23, nan 
149.625, 53.625, 5.745192391103687e-24, nan 
149.875, 53.625, 1.0462312491126079e-23, nan 
150.125, 53.625, 2.1975544774847806e-23, nan 
150.375, 53.625, 1.599604448336112e-23, nan 
150.625, 53.625, 2.922168802745693e-23, nan 
150.875, 53.625, 4.064693948789238e-23, nan 
151.125, 53.625, 4.184059634929803e-23, nan 
151.375, 53.625, 5.129756866759174e-23, nan 
151.625, 53.625, 3.7163169614406265e-23, nan 
151.875, 53.625, 2.7665231561697723e-23, nan 
152.125, 53.625, 4.403281765803708e-23, nan 
152.375, 53.625, 3.248356691594328e-23, nan 
152.625, 53.625, 3.934448072189765e-24, nan 
152.875, 53.625, 4.364778041441129e-24, nan 
153.125, 53.625, 1.973673358973796e-23, nan 
153.375, 53.625, 2.4387032067761857e-23, nan 
153.625, 53.625, 1.950050548232885e-23, nan 
153.875, 53.625, 2.4042942805598884e-23, nan 
154.125, 53.625, 3.2816022831064524e-23, nan 
154.375, 53.625, 3.266770954749473e-23, nan 
154.625, 53.625, 1.0387696658643591e-23, nan 
154.875, 53.625, 1.7639489543315996e-23, nan 
155.125, 53.625, 2.7092564679438826e-23, nan 
155.375, 53.625, 4.2145575307614496e-23, nan 
155.625, 53.625, 3.8769025603460866e-23, nan 
155.875, 53.625, 1.559034128295231e-23, nan 
156.125, 53.625, 4.1380048713721514e-23, nan 
156.375, 53.625, 4.4657637525467664e-23, nan 
156.625, 53.625, 3.235555284168413e-23, nan 
156.875, 53.625, 2.2427532044593046e-23, nan 
157.125, 53.625, 4.3209285856103024e-23, nan 
157.375, 53.625, 3.7123158845748413e-23, nan 
157.625, 53.625, 5.505594128289887e-23, nan 
157.875, 53.625, 8.074855323456835e-23, nan 
158.125, 53.625, 5.1224450465654754e-23, nan 
158.375, 53.625, 5.824566337463269e-23, nan 
158.625, 53.625, 2.9341632137309444e-23, nan 
158.875, 53.625, 1.7578837794124957e-23, nan 
159.125, 53.625, 2.2578071756425795e-23, nan 
159.375, 53.625, 3.843735906736671e-23, nan 
159.625, 53.625, 8.560469388198757e-23, nan 
159.875, 53.625, 1.1835862620357352e-22, nan 
160.125, 53.625, 8.466188254303499e-23, nan 
160.375, 53.625, 8.461480672181538e-23, nan 
160.625, 53.625, 2.9217051628292855e-23, nan 
160.875, 53.625, 3.623863819282356e-23, nan 
161.125, 53.625, 2.751909064728923e-23, nan 
161.375, 53.625, 7.140438739780239e-23, nan 
161.625, 53.625, 1.6308204918558058e-22, nan 
161.875, 53.625, 2.099732134462727e-22, nan 
162.125, 53.625, 1.1222032891445056e-22, nan 
162.375, 53.625, 5.0575497684222805e-23, nan 
162.625, 53.625, 5.084524675159707e-23, nan 
162.875, 53.625, 3.929259361102165e-23, nan 
163.125, 53.625, 6.801315212002901e-23, nan 
163.375, 53.625, 6.090811389901134e-23, nan 
163.625, 53.625, 2.887418769308553e-23, nan 
163.875, 53.625, 1.376025814699424e-23, nan 
164.125, 53.625, 1.0554512139004264e-22, nan 
164.375, 53.625, 1.4871917764553786e-22, nan 
164.625, 53.625, 5.428883283761023e-23, nan 
164.875, 53.625, 4.7797006767697724e-23, nan 
165.125, 53.625, 2.893624301868824e-23, nan 
165.375, 53.625, 2.029955291203881e-23, nan 
165.625, 53.625, 2.6385212297037153e-23, nan 
165.875, 53.625, 2.260044651558834e-23, nan 
166.125, 53.625, 5.1748881521810985e-23, nan 
166.375, 53.625, 1.2773853181370437e-22, nan 
166.625, 53.625, 1.15161590172113e-22, nan 
166.875, 53.625, 4.48450785583325e-23, nan 
167.125, 53.625, 5.0103160998419307e-23, nan 
167.375, 53.625, 3.469352946178054e-23, nan 
167.625, 53.625, 2.469991700403986e-23, nan 
167.875, 53.625, 9.754883440809792e-23, nan 
168.125, 53.625, 9.650484663367788e-23, nan 
168.375, 53.625, 7.514708185523515e-23, nan 
168.625, 53.625, 8.00731392117084e-23, nan 
168.875, 53.625, 6.189796323643908e-23, nan 
169.125, 53.625, 5.959199581412622e-23, nan 
169.375, 53.625, 5.379086144776141e-23, nan 
169.625, 53.625, 4.693277655865304e-23, nan 
169.875, 53.625, 2.7854413205235494e-23, nan 
170.125, 53.625, 2.7273368380665145e-23, nan 
170.375, 53.625, 2.927542977958e-23, nan 
170.625, 53.625, 6.054971731302898e-23, nan 
170.875, 53.625, 6.908596303874075e-23, nan 
171.125, 53.625, 7.240087644923947e-23, nan 
171.375, 53.625, 6.18244643935489e-23, nan 
171.625, 53.625, 8.389436186769329e-23, nan 
171.875, 53.625, 7.737831409181773e-23, nan 
172.125, 53.625, 3.065853578270433e-23, nan 
172.375, 53.625, 3.3952545813720575e-23, nan 
172.625, 53.625, 1.2280346742157429e-23, nan 
172.875, 53.625, 1.9378649413783397e-23, nan 
173.125, 53.625, 4.0098014755439016e-23, nan 
173.375, 53.625, 1.3145866308053842e-22, nan 
173.625, 53.625, 6.757645783533746e-23, nan 
173.875, 53.625, 2.065534077512114e-23, nan 
174.125, 53.625, 2.614220283583921e-23, nan 
174.375, 53.625, 1.6886239185666744e-23, nan 
174.625, 53.625, 1.507221953889703e-23, nan 
174.875, 53.625, 3.109216822287388e-23, nan 
175.125, 53.625, 4.064432191300777e-23, nan 
175.375, 53.625, 7.691474419885496e-23, nan 
175.625, 53.625, 8.026368338348999e-23, nan 
175.875, 53.625, 6.140744133615481e-23, nan 
176.125, 53.625, 8.651422122226944e-24, nan 
176.375, 53.625, 2.6019743383619055e-23, nan 
176.625, 53.625, 3.6877536846116116e-23, nan 
176.875, 53.625, 1.517258153934063e-23, nan 
177.125, 53.625, 1.9949320012497967e-23, nan 
177.375, 53.625, 3.8553348356040144e-23, nan 
177.625, 53.625, 2.676257613808779e-23, nan 
177.875, 53.625, 2.5315453590718548e-23, nan 
178.125, 53.625, 3.331529698900344e-23, nan 
178.375, 53.625, 4.132572721466667e-23, nan 
178.625, 53.625, 2.4342413163193427e-23, nan 
178.875, 53.625, 9.665368075214543e-24, nan 
179.125, 53.625, 1.810406679024624e-23, nan 
179.375, 53.625, 2.551624238486447e-23, nan 
179.625, 53.625, 3.3012433030915286e-23, nan 
179.875, 53.625, 4.3787616236084276e-23, nan 
-179.875, 53.875, 9.177017230600566e-24, nan 
-179.625, 53.875, 1.9013535018327313e-23, nan 
-179.375, 53.875, 2.200535171628286e-23, nan 
-179.125, 53.875, 1.3423916618467331e-23, nan 
-178.875, 53.875, 4.49340045520359e-24, nan 
-178.625, 53.875, 4.204334264094788e-23, nan 
-178.375, 53.875, 4.3971318826908325e-23, nan 
-178.125, 53.875, 2.861048923706703e-23, nan 
-177.875, 53.875, 2.903565919972793e-23, nan 
-177.625, 53.875, 4.3341701559283845e-23, nan 
-177.375, 53.875, 5.1013356949188344e-23, nan 
-177.125, 53.875, 2.7493639900736736e-23, nan 
-176.875, 53.875, 1.9648478425811014e-23, nan 
-176.625, 53.875, 1.3792904946971767e-23, nan 
-176.375, 53.875, 1.117818886085329e-23, nan 
-176.125, 53.875, 9.004606766617475e-24, nan 
-175.875, 53.875, 6.673800361719064e-24, nan 
-175.625, 53.875, 5.0246850961464764e-24, nan 
-175.375, 53.875, 1.1670390495629685e-23, nan 
-175.125, 53.875, 1.246655550523519e-23, nan 
-174.875, 53.875, 5.179921972411009e-24, nan 
-174.625, 53.875, 9.042412318578127e-25, nan 
-174.375, 53.875, 4.483779560722182e-24, nan 
-174.125, 53.875, 2.33372690562989e-24, nan 
-173.875, 53.875, 1.2866482144580992e-24, nan 
-173.625, 53.875, 1.8499262765099003e-24, nan 
-173.375, 53.875, 2.0130829277838864e-24, nan 
-173.125, 53.875, 2.2040722987171628e-24, nan 
-172.875, 53.875, 2.0759314801517557e-24, nan 
-172.625, 53.875, 1.780572789579909e-24, nan 
-172.375, 53.875, 3.775641961028542e-24, nan 
-172.125, 53.875, 4.356852204186959e-24, nan 
-171.875, 53.875, 7.343464361262425e-24, nan 
-171.625, 53.875, 8.713105231065896e-24, nan 
-171.375, 53.875, 1.6766111788172575e-23, nan 
-171.125, 53.875, 1.8530938097245563e-23, nan 
-170.875, 53.875, 2.5549967377935836e-23, nan 
-170.625, 53.875, 5.665295827173549e-23, nan 
-170.375, 53.875, 5.222201693236456e-23, nan 
-170.125, 53.875, 1.819988939194033e-23, nan 
-169.875, 53.875, 1.6170120736271538e-23, nan 
-169.625, 53.875, 7.128367093990519e-24, nan 
-169.375, 53.875, 7.70470776064258e-24, nan 
-169.125, 53.875, 1.541226238710453e-23, nan 
-168.875, 53.875, 1.6185193213767798e-23, nan 
-168.625, 53.875, 1.1227071074640678e-23, nan 
-168.375, 53.875, 1.2421711761620749e-23, nan 
-168.125, 53.875, 1.1235961581461385e-23, nan 
-167.875, 53.875, 2.480614188974538e-23, nan 
-167.625, 53.875, 2.5711324330421014e-23, nan 
-167.375, 53.875, 1.4627889400526077e-23, nan 
-167.125, 53.875, 1.6760677631594645e-23, nan 
-166.875, 53.875, 8.564875850902939e-24, nan 
-166.625, 53.875, 3.59271748552856e-24, nan 
-166.375, 53.875, 1.9600634612022386e-23, nan 
-166.125, 53.875, 2.2792970935122264e-23, nan 
-165.875, 53.875, 1.529664699209318e-23, nan 
-165.625, 53.875, 1.5028886440729945e-23, nan 
-165.375, 53.875, 3.705194375166173e-24, nan 
-165.125, 53.875, 9.347371783616168e-24, nan 
-164.875, 53.875, 1.548395038696539e-23, nan 
-164.625, 53.875, 1.331814215816661e-23, nan 
-164.375, 53.875, 8.444155744708989e-24, nan 
-164.125, 53.875, 1.1834676420618629e-23, nan 
-163.875, 53.875, 1.2938446489158283e-23, nan 
-163.625, 53.875, 1.2447087434984127e-23, nan 
-163.375, 53.875, 1.333337135315436e-23, nan 
-163.125, 53.875, 1.2879590798658745e-23, nan 
-162.875, 53.875, 1.7535790053048366e-23, nan 
-162.625, 53.875, 2.6980435405742745e-23, nan 
-162.375, 53.875, 2.559766867979553e-23, nan 
-162.125, 53.875, 2.5105606375993167e-23, nan 
-161.875, 53.875, 1.1008189740658082e-23, nan 
-161.625, 53.875, 5.4869954423852354e-24, nan 
-161.375, 53.875, 6.4002859420945244e-24, nan 
-161.125, 53.875, 2.100866979076309e-24, nan 
-160.875, 53.875, 1.2419708493278406e-23, nan 
-160.625, 53.875, 1.138843939315897e-23, nan 
-160.375, 53.875, 8.332140541223499e-24, nan 
-160.125, 53.875, 7.504314146537417e-24, nan 
-159.875, 53.875, 1.0934367667649805e-23, nan 
-159.625, 53.875, 1.3732792381433628e-23, nan 
-159.375, 53.875, 8.323144029024958e-24, nan 
-159.125, 53.875, 7.38955418605583e-24, nan 
-158.875, 53.875, 4.6274273713674885e-24, nan 
-158.625, 53.875, 1.0653914059894513e-23, nan 
-158.375, 53.875, 1.6523608357405454e-23, nan 
-158.125, 53.875, 3.32049135940311e-23, nan 
-157.875, 53.875, 3.652316717753522e-23, nan 
-157.625, 53.875, 2.678335123776387e-23, nan 
-157.375, 53.875, 1.1684504216404905e-23, nan 
-157.125, 53.875, 1.018802322984389e-23, nan 
-156.875, 53.875, 9.077728174228552e-24, nan 
-156.625, 53.875, 2.391898522551787e-23, nan 
-156.375, 53.875, 2.1469781146621056e-23, nan 
-156.125, 53.875, 1.2438885658981789e-23, nan 
-155.875, 53.875, 1.095912554230704e-23, nan 
-155.625, 53.875, 7.271929342986572e-24, nan 
-155.375, 53.875, 4.5328984447479574e-24, nan 
-155.125, 53.875, 4.797272729474992e-24, nan 
-154.875, 53.875, 6.656467919455433e-24, nan 
-154.625, 53.875, 9.032122896102917e-24, nan 
-154.375, 53.875, 8.482980345130344e-24, nan 
-154.125, 53.875, 4.9581917768667374e-24, nan 
-153.875, 53.875, 5.3514281349618165e-24, nan 
-153.625, 53.875, 6.275514232608228e-24, nan 
-153.375, 53.875, 6.618645763666594e-24, nan 
-153.125, 53.875, 4.918328772923811e-24, nan 
-152.875, 53.875, 5.175737715841299e-24, nan 
-152.625, 53.875, 2.3079479699212898e-24, nan 
-152.375, 53.875, 6.1338181248828134e-24, nan 
-152.125, 53.875, 6.601590560325949e-24, nan 
-151.875, 53.875, 3.625403314417196e-24, nan 
-151.625, 53.875, 6.211577631521348e-24, nan 
-151.375, 53.875, 7.345526342276519e-24, nan 
-151.125, 53.875, 9.432393836721797e-24, nan 
-150.875, 53.875, 1.2263023742699361e-23, nan 
-150.625, 53.875, 1.7881217793615846e-23, nan 
-150.375, 53.875, 8.232028085552552e-24, nan 
139.625, 53.875, 3.9229937289184523e-23, nan 
139.875, 53.875, 5.385297610898981e-23, nan 
140.125, 53.875, 2.626322038479551e-23, nan 
140.375, 53.875, 3.514386390382049e-23, nan 
140.625, 53.875, 4.1627419547425547e-23, nan 
140.875, 53.875, 1.7834264163611261e-23, nan 
141.125, 53.875, 1.5671698791712462e-23, nan 
141.375, 53.875, 1.2589904204030693e-23, nan 
141.625, 53.875, 1.0939116256326875e-23, nan 
141.875, 53.875, 1.1675566677167162e-23, nan 
142.125, 53.875, 1.3883289138815695e-23, nan 
142.375, 53.875, 9.886945196104455e-24, nan 
142.625, 53.875, 7.684383896074435e-24, nan 
142.875, 53.875, 6.122754805179223e-24, nan 
143.125, 53.875, 9.776535989420435e-24, nan 
143.375, 53.875, 1.850104017242683e-23, nan 
143.625, 53.875, 1.6281524080016804e-23, nan 
143.875, 53.875, 8.034253188846265e-24, nan 
144.125, 53.875, 2.0807440601043375e-23, nan 
144.375, 53.875, 4.336925068586087e-23, nan 
144.625, 53.875, 5.015816125933543e-23, nan 
144.875, 53.875, 2.9553869292649855e-23, nan 
145.125, 53.875, 3.49114654116272e-23, nan 
145.375, 53.875, 4.412623949385413e-23, nan 
145.625, 53.875, 3.178627078299006e-23, nan 
145.875, 53.875, 1.9380924112650188e-23, nan 
146.125, 53.875, 1.8080246040456554e-23, nan 
146.375, 53.875, 8.920432051780205e-24, nan 
146.625, 53.875, 5.072066342137533e-24, nan 
146.875, 53.875, 8.546263654607562e-24, nan 
147.125, 53.875, 7.11805143382331e-24, nan 
147.375, 53.875, 8.949570611418545e-24, nan 
147.625, 53.875, 5.39796089424962e-24, nan 
147.875, 53.875, 1.5659424052825908e-23, nan 
148.125, 53.875, 1.2309942984648884e-23, nan 
148.375, 53.875, 2.6337748983746748e-23, nan 
148.625, 53.875, 9.754611309331403e-24, nan 
148.875, 53.875, 1.607701634442538e-23, nan 
149.125, 53.875, 3.5811205450961615e-23, nan 
149.375, 53.875, 3.412924687326662e-23, nan 
149.625, 53.875, 1.1793882334598234e-23, nan 
149.875, 53.875, 1.4364837752109113e-23, nan 
150.125, 53.875, 1.9918231178701572e-23, nan 
150.375, 53.875, 1.0368657256509555e-23, nan 
150.625, 53.875, 1.2403338277779393e-23, nan 
150.875, 53.875, 3.839657428931431e-23, nan 
151.125, 53.875, 3.8541326510175247e-23, nan 
151.375, 53.875, 3.970879517217489e-23, nan 
151.625, 53.875, 3.222778977128553e-23, nan 
151.875, 53.875, 3.0526281799969855e-23, nan 
152.125, 53.875, 3.2656585126581096e-23, nan 
152.375, 53.875, 1.0703889052792563e-23, nan 
152.625, 53.875, 1.2885373018208597e-23, nan 
152.875, 53.875, 1.8041442075550198e-23, nan 
153.125, 53.875, 2.221692782126652e-23, nan 
153.375, 53.875, 7.09941174353047e-24, nan 
153.625, 53.875, 3.538766549927122e-23, nan 
153.875, 53.875, 3.797394122555763e-23, nan 
154.125, 53.875, 7.57058178280694e-24, nan 
154.375, 53.875, 3.2656419079070373e-23, nan 
154.625, 53.875, 3.21395938505089e-23, nan 
154.875, 53.875, 2.3737947003308818e-23, nan 
155.125, 53.875, 2.875097127773031e-23, nan 
155.375, 53.875, 2.9852235727368617e-23, nan 
155.625, 53.875, 1.7124101239651424e-23, nan 
155.875, 53.875, 2.1417888849138725e-23, nan 
156.125, 53.875, 2.5232419456712692e-23, nan 
156.375, 53.875, 2.550791325823671e-23, nan 
156.625, 53.875, 3.4150480384462794e-23, nan 
156.875, 53.875, 3.4205796431760135e-23, nan 
157.125, 53.875, 3.958132120944373e-23, nan 
157.375, 53.875, 2.4868476415698128e-23, nan 
157.625, 53.875, 2.58411770659229e-23, nan 
157.875, 53.875, 3.8206137955114107e-23, nan 
158.125, 53.875, 6.547589497767353e-23, nan 
158.375, 53.875, 5.436194639846628e-23, nan 
158.625, 53.875, 1.6835416432374467e-23, nan 
158.875, 53.875, 3.3370650197623067e-23, nan 
159.125, 53.875, 3.9639068517750294e-23, nan 
159.375, 53.875, 3.1605215093055553e-23, nan 
159.625, 53.875, 2.4465933861585835e-23, nan 
159.875, 53.875, 5.155484214506566e-23, nan 
160.125, 53.875, 4.11867986382265e-23, nan 
160.375, 53.875, 3.009931230752895e-23, nan 
160.625, 53.875, 2.1565513933639332e-23, nan 
160.875, 53.875, 2.656500617877475e-23, nan 
161.125, 53.875, 1.7563879887118093e-23, nan 
161.375, 53.875, 6.426223613826307e-23, nan 
161.625, 53.875, 8.419700102961002e-23, nan 
161.875, 53.875, 8.385237275069818e-23, nan 
162.125, 53.875, 7.891013756040712e-23, nan 
162.375, 53.875, 7.920850489681405e-23, nan 
162.625, 53.875, 3.037771921527599e-23, nan 
162.875, 53.875, 2.1303616167619942e-23, nan 
163.125, 53.875, 7.15663251627351e-23, nan 
163.375, 53.875, 7.929466804861075e-23, nan 
163.625, 53.875, 4.615664211643149e-23, nan 
163.875, 53.875, 2.916339407370528e-23, nan 
164.125, 53.875, 4.0371328100422016e-23, nan 
164.375, 53.875, 5.511883488100136e-23, nan 
164.625, 53.875, 4.0387904914501026e-23, nan 
164.875, 53.875, 1.4229507202259178e-23, nan 
165.125, 53.875, 1.47904837336286e-23, nan 
165.375, 53.875, 3.5860074528637015e-23, nan 
165.625, 53.875, 4.083000380034793e-23, nan 
165.875, 53.875, 1.1809675705575667e-23, nan 
166.125, 53.875, 8.841068409752726e-24, nan 
166.375, 53.875, 1.1395520206195402e-22, nan 
166.625, 53.875, 1.254672656771836e-22, nan 
166.875, 53.875, 6.85218808064805e-23, nan 
167.125, 53.875, 6.833049247769345e-23, nan 
167.375, 53.875, 3.447927112669759e-23, nan 
167.625, 53.875, 4.7021669236280825e-23, nan 
167.875, 53.875, 8.87014960084401e-23, nan 
168.125, 53.875, 8.215062451910715e-23, nan 
168.375, 53.875, 7.479766897284921e-23, nan 
168.625, 53.875, 7.174334430760813e-23, nan 
168.875, 53.875, 4.3167915062149105e-23, nan 
169.125, 53.875, 4.2651417514483413e-23, nan 
169.375, 53.875, 4.365029473146897e-23, nan 
169.625, 53.875, 5.550206405321305e-23, nan 
169.875, 53.875, 4.0378554316281756e-23, nan 
170.125, 53.875, 2.3921699430229966e-23, nan 
170.375, 53.875, 6.137953056920619e-23, nan 
170.625, 53.875, 7.782949302717588e-23, nan 
170.875, 53.875, 9.161682337000786e-23, nan 
171.125, 53.875, 6.112271793568321e-23, nan 
171.375, 53.875, 1.855888448174433e-22, nan 
171.625, 53.875, 1.100115232993714e-22, nan 
171.875, 53.875, 1.1165256176780355e-22, nan 
172.125, 53.875, 5.2076958102613417e-23, nan 
172.375, 53.875, 3.122970266373617e-23, nan 
172.625, 53.875, 1.1157527688411782e-23, nan 
172.875, 53.875, 3.310766482329907e-23, nan 
173.125, 53.875, 1.64164494249266e-22, nan 
173.375, 53.875, 3.6713329857361326e-22, nan 
173.625, 53.875, 2.67466042611017e-22, nan 
173.875, 53.875, 2.1983046232027078e-23, nan 
174.125, 53.875, 2.6337523843137967e-23, nan 
174.375, 53.875, 2.3567812687377546e-23, nan 
174.625, 53.875, 2.9695655561823343e-23, nan 
174.875, 53.875, 4.1759874192517504e-23, nan 
175.125, 53.875, 5.781386800022615e-23, nan 
175.375, 53.875, 7.077057902707781e-23, nan 
175.625, 53.875, 4.962457271930781e-23, nan 
175.875, 53.875, 4.0333356354501417e-23, nan 
176.125, 53.875, 2.846125599926327e-23, nan 
176.375, 53.875, 2.4395718587850107e-23, nan 
176.625, 53.875, 3.889106395757281e-23, nan 
176.875, 53.875, 3.380164848264009e-23, nan 
177.125, 53.875, 2.4246016645042134e-23, nan 
177.375, 53.875, 2.4550975791909355e-23, nan 
177.625, 53.875, 3.1481619079444634e-23, nan 
177.875, 53.875, 3.9840250589029873e-23, nan 
178.125, 53.875, 4.6315275975901093e-23, nan 
178.375, 53.875, 6.924278331214187e-23, nan 
178.625, 53.875, 5.693049844259426e-23, nan 
178.875, 53.875, 9.81361476335478e-24, nan 
179.125, 53.875, 7.736627878610336e-24, nan 
179.375, 53.875, 8.03917195684319e-24, nan 
179.625, 53.875, 6.37744387366862e-24, nan 
179.875, 53.875, 2.212601707649322e-23, nan 
-179.875, 54.125, 2.8278751343327354e-24, nan 
-179.625, 54.125, 1.8720927606500975e-23, nan 
-179.375, 54.125, 2.763224921607417e-23, nan 
-179.125, 54.125, 1.8231974362778924e-23, nan 
-178.875, 54.125, 5.766334055474326e-24, nan 
-178.625, 54.125, 8.771737364807376e-24, nan 
-178.375, 54.125, 1.972260108381486e-23, nan 
-178.125, 54.125, 1.6122431468152866e-23, nan 
-177.875, 54.125, 3.2427653354964453e-24, nan 
-177.625, 54.125, 1.1076120846700598e-23, nan 
-177.375, 54.125, 3.131456673306924e-23, nan 
-177.125, 54.125, 2.280172126811059e-23, nan 
-176.875, 54.125, 2.0222589941877382e-23, nan 
-176.625, 54.125, 1.4370894397410633e-23, nan 
-176.375, 54.125, 5.4708131531195264e-24, nan 
-176.125, 54.125, 7.583723337304453e-24, nan 
-175.875, 54.125, 7.184576232110601e-24, nan 
-175.625, 54.125, 7.356071258087785e-24, nan 
-175.375, 54.125, 6.779853673983717e-24, nan 
-175.125, 54.125, 2.5468009772570026e-23, nan 
-174.875, 54.125, 2.7446577036930975e-23, nan 
-174.625, 54.125, 1.7209714836153924e-23, nan 
-174.375, 54.125, 1.3427251881205643e-23, nan 
-174.125, 54.125, 7.815874020591326e-24, nan 
-173.875, 54.125, 4.487866720164128e-24, nan 
-173.625, 54.125, 3.2784611966767145e-24, nan 
-173.375, 54.125, 1.9783995690769133e-24, nan 
-173.125, 54.125, 2.58838695815026e-24, nan 
-172.875, 54.125, 5.223647224186995e-24, nan 
-172.625, 54.125, 7.395496028927021e-24, nan 
-172.375, 54.125, 6.1142717419683554e-24, nan 
-172.125, 54.125, 3.851455667294426e-24, nan 
-171.875, 54.125, 6.836587682951487e-24, nan 
-171.625, 54.125, 1.5182477677088267e-23, nan 
-171.375, 54.125, 2.3272758737595604e-23, nan 
-171.125, 54.125, 2.007813724284824e-23, nan 
-170.875, 54.125, 1.7246906855040696e-23, nan 
-170.625, 54.125, 5.633588940025518e-23, nan 
-170.375, 54.125, 5.56953238010923e-23, nan 
-170.125, 54.125, 1.060063953359466e-23, nan 
-169.875, 54.125, 7.54525136350797e-24, nan 
-169.625, 54.125, 1.1772924272597479e-23, nan 
-169.375, 54.125, 2.3214078931672548e-23, nan 
-169.125, 54.125, 2.3421191990627288e-23, nan 
-168.875, 54.125, 1.9234449688415134e-23, nan 
-168.625, 54.125, 1.909417300105859e-23, nan 
-168.375, 54.125, 6.22435481233041e-24, nan 
-168.125, 54.125, 6.934163710954578e-24, nan 
-167.875, 54.125, 7.06378789319896e-24, nan 
-167.625, 54.125, 1.7768390370167824e-23, nan 
-167.375, 54.125, 1.9970151576519855e-23, nan 
-167.125, 54.125, 3.6054536310846054e-23, nan 
-166.875, 54.125, 3.45474915488468e-23, nan 
-166.625, 54.125, 9.559425561414212e-24, nan 
-166.375, 54.125, 7.75733620776658e-24, nan 
-166.125, 54.125, 1.6702381646735938e-23, nan 
-165.875, 54.125, 2.0428021331465846e-23, nan 
-165.625, 54.125, 1.8881000743265633e-23, nan 
-165.375, 54.125, 1.228137646795226e-23, nan 
-165.125, 54.125, 1.423751406222218e-23, nan 
-164.875, 54.125, 1.4598999522685116e-23, nan 
-164.625, 54.125, 1.483348944211155e-23, nan 
-164.375, 54.125, 2.5763982942531983e-23, nan 
-164.125, 54.125, 2.2152592843344034e-23, nan 
-163.875, 54.125, 1.4621927975229716e-23, nan 
-163.625, 54.125, 1.6683170191995746e-23, nan 
-163.375, 54.125, 1.0440712439752174e-23, nan 
-163.125, 54.125, 1.0218126645473428e-23, nan 
-162.875, 54.125, 6.377739993998728e-24, nan 
-162.625, 54.125, 9.445300531622711e-24, nan 
-162.375, 54.125, 1.0672301225490974e-23, nan 
-162.125, 54.125, 9.287821301479397e-24, nan 
-161.875, 54.125, 2.3483123588024868e-23, nan 
-161.625, 54.125, 9.239344859506519e-24, nan 
-161.375, 54.125, 1.2104789964614193e-23, nan 
-161.125, 54.125, 8.986658203239829e-24, nan 
-160.875, 54.125, 6.185407184516361e-24, nan 
-160.625, 54.125, 7.359466554027837e-24, nan 
-160.375, 54.125, 5.7583416040104844e-24, nan 
-160.125, 54.125, 5.568026051262976e-24, nan 
-159.875, 54.125, 1.0781754340312843e-24, nan 
-159.625, 54.125, 7.178565374991592e-24, nan 
-159.375, 54.125, 4.973559361311632e-24, nan 
-159.125, 54.125, 7.60715374914059e-24, nan 
-158.875, 54.125, 1.1310188824485625e-23, nan 
-158.625, 54.125, 1.2498577935277657e-23, nan 
-158.375, 54.125, 1.3225025245388077e-23, nan 
-158.125, 54.125, 1.3263390582933076e-23, nan 
-157.875, 54.125, 1.4702080216619673e-23, nan 
-157.625, 54.125, 1.0705510928900992e-23, nan 
-157.375, 54.125, 1.2610947457544043e-23, nan 
-157.125, 54.125, 1.935204477731389e-23, nan 
-156.875, 54.125, 1.6343045363831853e-23, nan 
-156.625, 54.125, 1.4872388788006144e-23, nan 
-156.375, 54.125, 1.0281752381263337e-23, nan 
-156.125, 54.125, 1.0556401767274742e-23, nan 
-155.875, 54.125, 6.506633661226708e-24, nan 
-155.625, 54.125, 8.164930210287941e-24, nan 
-155.375, 54.125, 7.664773429027193e-24, nan 
-155.125, 54.125, 3.6329474812525186e-24, nan 
-154.875, 54.125, 6.3004407502467914e-24, nan 
-154.625, 54.125, 8.419748625914975e-24, nan 
-154.375, 54.125, 9.22006820693437e-24, nan 
-154.125, 54.125, 8.096709955950131e-24, nan 
-153.875, 54.125, 1.196729200846634e-24, nan 
-153.625, 54.125, 3.086850894537114e-24, nan 
-153.375, 54.125, 1.2458183444446799e-23, nan 
-153.125, 54.125, 1.3177043178000845e-23, nan 
-152.875, 54.125, 2.2944668091009666e-24, nan 
-152.625, 54.125, 4.105472351966713e-24, nan 
-152.375, 54.125, 4.190378019682024e-24, nan 
-152.125, 54.125, 3.314068759690125e-24, nan 
-151.875, 54.125, 3.645708067564577e-24, nan 
-151.625, 54.125, 9.871991200161693e-24, nan 
-151.375, 54.125, 8.956387834582943e-24, nan 
-151.125, 54.125, 9.612283553324076e-24, nan 
-150.875, 54.125, 1.6571157290773895e-23, nan 
-150.625, 54.125, 2.738659722957788e-23, nan 
-150.375, 54.125, 1.5794368881068442e-23, nan 
-150.125, 54.125, 8.166319199505854e-24, nan 
-149.875, 54.125, 1.062773273370733e-23, nan 
-149.625, 54.125, 1.448401759400729e-23, nan 
-149.375, 54.125, 1.1359170759670991e-23, nan 
-149.125, 54.125, 1.6176553644602335e-23, nan 
-148.875, 54.125, 2.7575443320384406e-23, nan 
-148.625, 54.125, 4.082057186628677e-23, nan 
-148.375, 54.125, 6.73436630957781e-23, nan 
-148.125, 54.125, 2.41198522454633e-22, nan 
-147.875, 54.125, 2.7465163150718174e-22, nan 
-147.625, 54.125, 1.3471849842222318e-22, nan 
-147.375, 54.125, 7.832219126374116e-23, nan 
-147.125, 54.125, 5.858957248644512e-23, nan 
-146.875, 54.125, 4.028801694538277e-23, nan 
-146.625, 54.125, 7.475994357510358e-23, nan 
-146.375, 54.125, 5.180396642998226e-23, nan 
-146.125, 54.125, 4.6551387346368183e-23, nan 
-145.875, 54.125, 5.399850716930885e-23, nan 
-145.625, 54.125, 1.4519250497077535e-22, nan 
-145.375, 54.125, 2.984611877919714e-22, nan 
-145.125, 54.125, 2.5594723162077447e-22, nan 
-144.875, 54.125, 4.632167377947617e-23, nan 
-144.625, 54.125, 3.7991399142314125e-23, nan 
-144.375, 54.125, 2.0814817575761848e-23, nan 
-144.125, 54.125, 1.5692708300953806e-23, nan 
-143.875, 54.125, 2.5648234126452887e-23, nan 
-143.625, 54.125, 2.0165355324346142e-23, nan 
-143.375, 54.125, 7.92292364379035e-24, nan 
-143.125, 54.125, 1.2983041328001213e-23, nan 
132.125, 54.125, 1.2655939091070408e-23, nan 
132.375, 54.125, 2.905378796343684e-23, nan 
132.625, 54.125, 2.491612802184665e-23, nan 
132.875, 54.125, 3.0690784311086778e-24, nan 
133.125, 54.125, 4.554801857528711e-24, nan 
133.375, 54.125, 4.361024202305941e-24, nan 
133.625, 54.125, 5.067128987757244e-24, nan 
133.875, 54.125, 9.906950776348528e-24, nan 
134.125, 54.125, 1.2931086874068679e-23, nan 
134.375, 54.125, 1.4028723691519988e-23, nan 
134.625, 54.125, 1.6017617868333767e-23, nan 
134.875, 54.125, 1.3695780614705473e-23, nan 
135.125, 54.125, 1.2758942444846508e-23, nan 
135.375, 54.125, 2.899330731364718e-23, nan 
135.625, 54.125, 2.603086109878451e-23, nan 
135.875, 54.125, 1.1657163611219531e-23, nan 
136.125, 54.125, 1.5959510940297407e-23, nan 
136.375, 54.125, 2.230754607333069e-23, nan 
136.625, 54.125, 2.927481005603359e-23, nan 
136.875, 54.125, 2.59806393912036e-23, nan 
137.125, 54.125, 1.7351321290704053e-23, nan 
137.375, 54.125, 2.1282698512035247e-23, nan 
137.625, 54.125, 2.9099534896265024e-23, nan 
137.875, 54.125, 2.769508135995997e-23, nan 
138.125, 54.125, 1.6823136184062497e-23, nan 
138.375, 54.125, 7.654097627303832e-24, nan 
138.625, 54.125, 1.6244977039361948e-23, nan 
138.875, 54.125, 7.750590086312771e-23, nan 
139.125, 54.125, 9.373627355143131e-23, nan 
139.375, 54.125, 2.673480257721026e-22, nan 
139.625, 54.125, 2.1497460099480532e-22, nan 
139.875, 54.125, 1.2245451024748505e-22, nan 
140.125, 54.125, 7.382514529497139e-23, nan 
140.375, 54.125, 1.3387604810656074e-23, nan 
140.625, 54.125, 4.4712749611733954e-23, nan 
140.875, 54.125, 3.6426065332121675e-23, nan 
141.125, 54.125, 2.474691451220682e-23, nan 
141.375, 54.125, 2.5996510021276392e-23, nan 
141.625, 54.125, 2.3524620599833228e-23, nan 
141.875, 54.125, 1.036445932129381e-23, nan 
142.125, 54.125, 1.0036086881699375e-23, nan 
142.375, 54.125, 9.062929209380964e-24, nan 
142.625, 54.125, 7.298175958449673e-24, nan 
142.875, 54.125, 5.318716158038215e-24, nan 
143.125, 54.125, 1.727236142854418e-23, nan 
143.375, 54.125, 1.4745070159333146e-23, nan 
143.625, 54.125, 5.535932415980612e-24, nan 
143.875, 54.125, 2.275864670032566e-23, nan 
144.125, 54.125, 2.7878089002986524e-23, nan 
144.375, 54.125, 2.208342588477875e-23, nan 
144.625, 54.125, 3.46504344296824e-24, nan 
144.875, 54.125, 3.179473828943223e-23, nan 
145.125, 54.125, 4.0777447574058675e-23, nan 
145.375, 54.125, 3.970213551910647e-23, nan 
145.625, 54.125, 3.4437164247428064e-23, nan 
145.875, 54.125, 2.4177761017371226e-23, nan 
146.125, 54.125, 1.122333706124955e-23, nan 
146.375, 54.125, 5.833189309076603e-24, nan 
146.625, 54.125, 4.508918467874449e-24, nan 
146.875, 54.125, 4.4804434943331555e-24, nan 
147.125, 54.125, 3.0414317586041478e-24, nan 
147.375, 54.125, 1.3667342094268135e-23, nan 
147.625, 54.125, 6.620341541413054e-24, nan 
147.875, 54.125, 7.13824039755247e-24, nan 
148.125, 54.125, 6.639215302646126e-24, nan 
148.375, 54.125, 9.517393763687913e-24, nan 
148.625, 54.125, 7.429101275603579e-24, nan 
148.875, 54.125, 3.754282812236181e-23, nan 
149.125, 54.125, 4.0651723087884997e-23, nan 
149.375, 54.125, 1.4748895331869072e-23, nan 
149.625, 54.125, 9.661801125092986e-24, nan 
149.875, 54.125, 9.705647055726287e-24, nan 
150.125, 54.125, 8.66437558387047e-24, nan 
150.375, 54.125, 5.5726134175500354e-24, nan 
150.625, 54.125, 1.3120244524011571e-23, nan 
150.875, 54.125, 2.8573233725064084e-23, nan 
151.125, 54.125, 3.6327404760351436e-23, nan 
151.375, 54.125, 2.699838876885232e-23, nan 
151.625, 54.125, 2.3593810931252582e-23, nan 
151.875, 54.125, 2.277530465663088e-23, nan 
152.125, 54.125, 1.2479791813218804e-23, nan 
152.375, 54.125, 1.3584212511241885e-23, nan 
152.625, 54.125, 2.92803569634516e-23, nan 
152.875, 54.125, 1.5729270396826716e-23, nan 
153.125, 54.125, 1.2979114541797236e-23, nan 
153.375, 54.125, 1.642470912372857e-23, nan 
153.625, 54.125, 4.08730040752827e-23, nan 
153.875, 54.125, 3.760767142397783e-23, nan 
154.125, 54.125, 2.800265915099942e-23, nan 
154.375, 54.125, 3.276087233697068e-23, nan 
154.625, 54.125, 2.0567974097327352e-23, nan 
154.875, 54.125, 1.8974654266133932e-23, nan 
155.125, 54.125, 1.0527596971225133e-23, nan 
155.375, 54.125, 1.8136920694504916e-23, nan 
155.625, 54.125, 3.4869745057504515e-23, nan 
155.875, 54.125, 4.080461354759317e-23, nan 
156.125, 54.125, 3.188030220755641e-23, nan 
156.375, 54.125, 9.528400678848452e-24, nan 
156.625, 54.125, 1.9212859461702702e-23, nan 
156.875, 54.125, 2.8363111355057675e-23, nan 
157.125, 54.125, 3.0785219042936347e-23, nan 
157.375, 54.125, 2.1195073422613088e-23, nan 
157.625, 54.125, 3.939212201369058e-23, nan 
157.875, 54.125, 4.538209496240986e-23, nan 
158.125, 54.125, 4.438900479686494e-23, nan 
158.375, 54.125, 1.2724962766260996e-23, nan 
158.625, 54.125, 4.036396652471368e-23, nan 
158.875, 54.125, 6.536026829149054e-23, nan 
159.125, 54.125, 5.676545624669362e-23, nan 
159.375, 54.125, 5.2367787398667836e-23, nan 
159.625, 54.125, 5.351931653298991e-23, nan 
159.875, 54.125, 6.935636664792227e-23, nan 
160.125, 54.125, 6.820391674786282e-23, nan 
160.375, 54.125, 3.2038787148400504e-23, nan 
160.625, 54.125, 3.522140209710253e-23, nan 
160.875, 54.125, 2.652909980450955e-23, nan 
161.125, 54.125, 2.0869485347164908e-23, nan 
161.375, 54.125, 5.809712545141481e-23, nan 
161.625, 54.125, 8.095390846478131e-23, nan 
161.875, 54.125, 6.176930324879711e-23, nan 
162.125, 54.125, 4.312132784373473e-23, nan 
162.375, 54.125, 5.320361987810715e-23, nan 
162.625, 54.125, 3.232497194374709e-23, nan 
162.875, 54.125, 2.93683054125675e-23, nan 
163.125, 54.125, 2.798312116518411e-23, nan 
163.375, 54.125, 3.358001945093827e-23, nan 
163.625, 54.125, 3.891018153139688e-23, nan 
163.875, 54.125, 3.1634490269774465e-23, nan 
164.125, 54.125, 1.6559256263127308e-23, nan 
164.375, 54.125, 5.466691664798543e-23, nan 
164.625, 54.125, 7.226533034739921e-23, nan 
164.875, 54.125, 2.3687454021103026e-23, nan 
165.125, 54.125, 1.2107098839399881e-23, nan 
165.375, 54.125, 5.040867810098492e-23, nan 
165.625, 54.125, 5.054918681467621e-23, nan 
165.875, 54.125, 1.2039200429116698e-23, nan 
166.125, 54.125, 1.437178097167637e-23, nan 
166.375, 54.125, 7.202852802981137e-23, nan 
166.625, 54.125, 9.674452402237874e-23, nan 
166.875, 54.125, 7.311611211281688e-23, nan 
167.125, 54.125, 7.09982404959559e-23, nan 
167.375, 54.125, 7.173704915978011e-23, nan 
167.625, 54.125, 4.578257029882221e-23, nan 
167.875, 54.125, 8.727953643571384e-23, nan 
168.125, 54.125, 1.101815874368196e-22, nan 
168.375, 54.125, 1.0368775890060134e-22, nan 
168.625, 54.125, 9.806170656272462e-23, nan 
168.875, 54.125, 4.831527049083761e-23, nan 
169.125, 54.125, 4.1229176576204967e-23, nan 
169.375, 54.125, 5.429651149436324e-23, nan 
169.625, 54.125, 3.621402719601707e-23, nan 
169.875, 54.125, 2.035043477983393e-23, nan 
170.125, 54.125, 6.050804393421147e-23, nan 
170.375, 54.125, 6.49676399456846e-23, nan 
170.625, 54.125, 1.0596431781472003e-22, nan 
170.875, 54.125, 1.3604002946305413e-22, nan 
171.125, 54.125, 3.280940057439321e-22, nan 
171.375, 54.125, 5.085908130430532e-22, nan 
171.625, 54.125, 2.9460352863657342e-22, nan 
171.875, 54.125, 1.3502372678045813e-22, nan 
172.125, 54.125, 1.176891744475255e-22, nan 
172.375, 54.125, 2.5076049622258038e-23, nan 
172.625, 54.125, 2.3597626548343075e-23, nan 
172.875, 54.125, 4.7748285029324957e-23, nan 
173.125, 54.125, 8.069897952261723e-23, nan 
173.375, 54.125, 1.7722680956748412e-22, nan 
173.625, 54.125, 1.6664854223032382e-23, nan 
173.875, 54.125, 2.712741377323351e-23, nan 
174.125, 54.125, 2.5405926600622038e-23, nan 
174.375, 54.125, 2.9715030590306444e-23, nan 
174.625, 54.125, 2.339397619819442e-23, nan 
174.875, 54.125, 1.266712119673223e-23, nan 
175.125, 54.125, 4.85073270300484e-23, nan 
175.375, 54.125, 5.902898880918088e-23, nan 
175.625, 54.125, 4.2100578179259363e-23, nan 
175.875, 54.125, 3.002410909118706e-23, nan 
176.125, 54.125, 2.8354304791745577e-23, nan 
176.375, 54.125, 2.360560656832958e-23, nan 
176.625, 54.125, 5.295104616488922e-23, nan 
176.875, 54.125, 6.847045874662284e-23, nan 
177.125, 54.125, 4.717832607728419e-23, nan 
177.375, 54.125, 4.47628753215852e-23, nan 
177.625, 54.125, 4.3939228216187255e-23, nan 
177.875, 54.125, 3.3172602014786675e-23, nan 
178.125, 54.125, 4.087323424259057e-23, nan 
178.375, 54.125, 3.389787544869619e-23, nan 
178.625, 54.125, 1.3220196278959181e-23, nan 
178.875, 54.125, 1.2285964495929536e-23, nan 
179.125, 54.125, 9.119488128364212e-24, nan 
179.375, 54.125, 1.1486145436558665e-23, nan 
179.625, 54.125, 9.437898506644823e-24, nan 
179.875, 54.125, 5.8276154372613634e-24, nan 
-179.875, 54.375, 8.140267272115392e-24, nan 
-179.625, 54.375, 8.771986124778126e-24, nan 
-179.375, 54.375, 3.464672682708938e-23, nan 
-179.125, 54.375, 3.4052978384859885e-23, nan 
-178.875, 54.375, 1.42126854902968e-23, nan 
-178.625, 54.375, 1.1238365251282008e-23, nan 
-178.375, 54.375, 1.141093367631205e-23, nan 
-178.125, 54.375, 3.613285822162018e-24, nan 
-177.875, 54.375, 2.1714322426096447e-24, nan 
-177.625, 54.375, 3.855482659680665e-24, nan 
-177.375, 54.375, 4.8610669957056214e-24, nan 
-177.125, 54.375, 3.750958214588012e-24, nan 
-176.875, 54.375, 5.625121838136738e-24, nan 
-176.625, 54.375, 8.762134634065874e-24, nan 
-176.375, 54.375, 6.702602396159746e-24, nan 
-176.125, 54.375, 5.080935966767406e-24, nan 
-175.875, 54.375, 4.661817616633921e-24, nan 
-175.625, 54.375, 5.583148632847646e-24, nan 
-175.375, 54.375, 6.412625295007661e-24, nan 
-175.125, 54.375, 5.2826589927967873e-23, nan 
-174.875, 54.375, 5.340501765520012e-23, nan 
-174.625, 54.375, 1.586725758907606e-23, nan 
-174.375, 54.375, 2.0818546894343668e-23, nan 
-174.125, 54.375, 1.892373783053108e-23, nan 
-173.875, 54.375, 3.0097790898009344e-24, nan 
-173.625, 54.375, 1.119388173168494e-24, nan 
-173.375, 54.375, 2.528046514222992e-24, nan 
-173.125, 54.375, 5.4668513662537175e-24, nan 
-172.875, 54.375, 7.436234569973284e-24, nan 
-172.625, 54.375, 5.352768664135603e-24, nan 
-172.375, 54.375, 3.028562534914122e-24, nan 
-172.125, 54.375, 6.032340575789607e-24, nan 
-171.875, 54.375, 1.5928791983830387e-23, nan 
-171.625, 54.375, 3.463211226565067e-23, nan 
-171.375, 54.375, 3.731646470360959e-23, nan 
-171.125, 54.375, 2.1502574259153656e-23, nan 
-170.875, 54.375, 1.0062424623234688e-23, nan 
-170.625, 54.375, 3.257600168827379e-23, nan 
-170.375, 54.375, 3.741106192783367e-23, nan 
-170.125, 54.375, 1.9406540451409155e-23, nan 
-169.875, 54.375, 2.2249404676139822e-23, nan 
-169.625, 54.375, 2.6835587906402546e-23, nan 
-169.375, 54.375, 9.65772079054696e-23, nan 
-169.125, 54.375, 4.100240508088689e-23, nan 
-168.875, 54.375, 3.4738792242730374e-23, nan 
-168.625, 54.375, 1.3944165168167086e-23, nan 
-168.375, 54.375, 6.934102966678875e-24, nan 
-168.125, 54.375, 8.149158756380843e-24, nan 
-167.875, 54.375, 4.82835572092874e-24, nan 
-167.625, 54.375, 1.2006497029280179e-23, nan 
-167.375, 54.375, 1.8050499068979132e-23, nan 
-167.125, 54.375, 1.6566906147721992e-23, nan 
-166.875, 54.375, 2.1364483670405604e-23, nan 
-166.625, 54.375, 1.7637848817626825e-23, nan 
-166.375, 54.375, 1.1838769594828794e-23, nan 
-166.125, 54.375, 2.0571070265343268e-23, nan 
-165.875, 54.375, 2.1877708564552222e-23, nan 
-165.625, 54.375, 1.5456327199780537e-23, nan 
-165.375, 54.375, 1.456881474811033e-23, nan 
-165.125, 54.375, 8.31020976257374e-24, nan 
-164.875, 54.375, 1.0626824232509879e-23, nan 
-164.625, 54.375, 1.535500278357168e-23, nan 
-164.375, 54.375, 1.6472321890023444e-23, nan 
-164.125, 54.375, 9.092157390493053e-24, nan 
-163.875, 54.375, 1.6180156989915596e-23, nan 
-163.625, 54.375, 2.44392813883336e-23, nan 
-163.375, 54.375, 1.7448142550791026e-23, nan 
-163.125, 54.375, 6.161492421310281e-24, nan 
-162.875, 54.375, 4.062400783218778e-24, nan 
-162.625, 54.375, 7.445115585656336e-24, nan 
-162.375, 54.375, 9.98776623884961e-24, nan 
-162.125, 54.375, 2.813702061758718e-23, nan 
-161.875, 54.375, 5.580634729976997e-23, nan 
-161.625, 54.375, 4.20583891179385e-23, nan 
-161.375, 54.375, 8.551462374106967e-24, nan 
-161.125, 54.375, 4.142690125254154e-24, nan 
-160.875, 54.375, 3.917330999151331e-24, nan 
-160.625, 54.375, 8.32777956838094e-24, nan 
-160.375, 54.375, 8.455010229666579e-24, nan 
-160.125, 54.375, 5.573783071547207e-24, nan 
-159.875, 54.375, 2.21893745469638e-24, nan 
-159.625, 54.375, 2.765811521937196e-24, nan 
-159.375, 54.375, 1.984494417421255e-24, nan 
-159.125, 54.375, 2.6797905273426847e-24, nan 
-158.875, 54.375, 1.9897279484497848e-23, nan 
-158.625, 54.375, 2.3518572474667036e-23, nan 
-158.375, 54.375, 1.6167537705473676e-23, nan 
-158.125, 54.375, 1.2231970681630403e-23, nan 
-157.875, 54.375, 2.319593391372244e-23, nan 
-157.625, 54.375, 2.0427069336273197e-23, nan 
-157.375, 54.375, 1.650823017100974e-23, nan 
-157.125, 54.375, 1.7867635314672246e-23, nan 
-156.875, 54.375, 8.23022586338534e-24, nan 
-156.625, 54.375, 9.56042612649252e-24, nan 
-156.375, 54.375, 1.0404826880435211e-23, nan 
-156.125, 54.375, 1.1871107981845413e-23, nan 
-155.875, 54.375, 1.1718797624184372e-23, nan 
-155.625, 54.375, 7.129672097745433e-24, nan 
-155.375, 54.375, 8.652489550033295e-24, nan 
-155.125, 54.375, 7.583632744876339e-24, nan 
-154.875, 54.375, 1.2967481318945887e-23, nan 
-154.625, 54.375, 1.4045139245451805e-23, nan 
-154.375, 54.375, 4.1903596526320985e-24, nan 
-154.125, 54.375, 5.017496704307401e-24, nan 
-153.875, 54.375, 3.421501103763077e-24, nan 
-153.625, 54.375, 1.8383032598550073e-24, nan 
-153.375, 54.375, 2.3169746569282297e-24, nan 
-153.125, 54.375, 1.4297004212651046e-23, nan 
-152.875, 54.375, 1.4689380369727016e-23, nan 
-152.625, 54.375, 7.626693294674686e-24, nan 
-152.375, 54.375, 4.516022575715985e-24, nan 
-152.125, 54.375, 8.245162792940087e-24, nan 
-151.875, 54.375, 7.100058582973747e-24, nan 
-151.625, 54.375, 9.042994475398592e-24, nan 
-151.375, 54.375, 9.726098166350551e-24, nan 
-151.125, 54.375, 1.1403111562880236e-23, nan 
-150.875, 54.375, 6.170748862279308e-24, nan 
-150.625, 54.375, 1.226119134830837e-23, nan 
-150.375, 54.375, 4.7713580115307e-24, nan 
-150.125, 54.375, 8.234701802631233e-24, nan 
-149.875, 54.375, 8.028643931048666e-24, nan 
-149.625, 54.375, 1.1714156237792168e-23, nan 
-149.375, 54.375, 1.0868101698257567e-23, nan 
-149.125, 54.375, 1.2246084493914124e-23, nan 
-148.875, 54.375, 2.6318122127032795e-23, nan 
-148.625, 54.375, 3.2048892040280626e-23, nan 
-148.375, 54.375, 2.9225982925707265e-23, nan 
-148.125, 54.375, 2.328232292965771e-22, nan 
-147.875, 54.375, 2.447006935277101e-22, nan 
-147.625, 54.375, 9.884068505847539e-23, nan 
-147.375, 54.375, 5.849044946531112e-23, nan 
-147.125, 54.375, 2.4074720253942263e-23, nan 
-146.875, 54.375, 9.73928181417168e-23, nan 
-146.625, 54.375, 1.5430166788210218e-22, nan 
-146.375, 54.375, 9.289368560836683e-23, nan 
-146.125, 54.375, 1.811064251404796e-23, nan 
-145.875, 54.375, 2.94760070635649e-23, nan 
-145.625, 54.375, 5.618152477488714e-23, nan 
-145.375, 54.375, 2.5767956759387427e-22, nan 
-145.125, 54.375, 2.769693313358602e-22, nan 
-144.875, 54.375, 1.0521553668353065e-22, nan 
-144.625, 54.375, 6.817840383441192e-23, nan 
-144.375, 54.375, 5.735378658122939e-23, nan 
-144.125, 54.375, 1.2642757865164268e-23, nan 
-143.875, 54.375, 1.1093716967468976e-23, nan 
-143.625, 54.375, 8.389867702091398e-24, nan 
-143.375, 54.375, 8.070237261912463e-24, nan 
-143.125, 54.375, 1.0826778699688144e-23, nan 
-142.875, 54.375, 7.273224047485241e-24, nan 
-142.625, 54.375, 2.757333860740957e-24, nan 
-142.375, 54.375, 1.3211277333997384e-24, nan 
-142.125, 54.375, 5.47583700637931e-24, nan 
-141.875, 54.375, 8.185389157006933e-24, nan 
-141.625, 54.375, 5.831442723194213e-24, nan 
-141.375, 54.375, 4.8562262040809176e-24, nan 
125.375, 54.375, 8.732010088044648e-24, nan 
125.625, 54.375, 9.293433101140217e-24, nan 
125.875, 54.375, 7.520701076308558e-24, nan 
126.125, 54.375, 1.354820086881422e-23, nan 
126.375, 54.375, 1.5606705020322352e-23, nan 
126.625, 54.375, 1.2157238590072969e-23, nan 
126.875, 54.375, 1.6647925180583058e-23, nan 
127.125, 54.375, 1.5302991016181673e-23, nan 
127.375, 54.375, 1.1399393903782802e-23, nan 
127.625, 54.375, 1.3416434933449875e-23, nan 
127.875, 54.375, 1.0295838892887854e-23, nan 
128.125, 54.375, 5.496178680257312e-23, nan 
128.375, 54.375, 5.828011184125762e-23, nan 
128.625, 54.375, 8.750489415560225e-24, nan 
128.875, 54.375, 1.0428999642319191e-23, nan 
129.125, 54.375, 6.814057218864445e-24, nan 
129.375, 54.375, 3.518311885167452e-24, nan 
129.625, 54.375, 4.3991719209032914e-24, nan 
129.875, 54.375, 3.857977884185049e-24, nan 
130.125, 54.375, 6.1234698337117816e-24, nan 
130.375, 54.375, 1.0469077641736596e-23, nan 
130.625, 54.375, 8.638956861329429e-24, nan 
130.875, 54.375, 1.8222603172847516e-23, nan 
131.125, 54.375, 1.7959843093655657e-23, nan 
131.375, 54.375, 8.466060365374443e-24, nan 
131.625, 54.375, 5.359347561709624e-24, nan 
131.875, 54.375, 7.59012141509555e-24, nan 
132.125, 54.375, 9.07379122446443e-24, nan 
132.375, 54.375, 1.883085108869613e-23, nan 
132.625, 54.375, 2.2220942541636543e-23, nan 
132.875, 54.375, 1.98999415977076e-23, nan 
133.125, 54.375, 1.1995427608200836e-23, nan 
133.375, 54.375, 2.0564577813994894e-23, nan 
133.625, 54.375, 1.0666191561786086e-23, nan 
133.875, 54.375, 5.7013600846633666e-24, nan 
134.125, 54.375, 3.861531004782381e-24, nan 
134.375, 54.375, 5.732127877843966e-24, nan 
134.625, 54.375, 1.460893936679238e-23, nan 
134.875, 54.375, 1.578855282237944e-23, nan 
135.125, 54.375, 1.9411875954130044e-23, nan 
135.375, 54.375, 2.2962267608367842e-23, nan 
135.625, 54.375, 1.4587544585817354e-23, nan 
135.875, 54.375, 6.282314639528115e-24, nan 
136.125, 54.375, 2.5411364306223635e-23, nan 
136.375, 54.375, 3.8636154220303545e-23, nan 
136.625, 54.375, 3.588395969349601e-23, nan 
136.875, 54.375, 1.990098727835052e-23, nan 
137.125, 54.375, 1.3938008348548523e-23, nan 
137.375, 54.375, 1.467647933270797e-23, nan 
137.625, 54.375, 1.803945879495053e-23, nan 
137.875, 54.375, 1.8128377383925816e-23, nan 
138.125, 54.375, 1.600131469746749e-23, nan 
138.375, 54.375, 2.0946369607491181e-23, nan 
138.625, 54.375, 1.0279622400914486e-23, nan 
138.875, 54.375, 1.1056104816529495e-22, nan 
139.125, 54.375, 5.381666355234428e-22, nan 
139.375, 54.375, 6.843259047027815e-22, nan 
139.625, 54.375, 4.369963743696955e-22, nan 
139.875, 54.375, 3.142516010588222e-22, nan 
140.125, 54.375, 6.844813597776693e-23, nan 
140.375, 54.375, 2.4526139889087633e-23, nan 
140.625, 54.375, 1.6945080833790204e-23, nan 
140.875, 54.375, 7.049979773754196e-24, nan 
141.125, 54.375, 1.789360584653743e-23, nan 
141.375, 54.375, 1.8502403014089036e-23, nan 
141.625, 54.375, 1.2561595437582709e-23, nan 
141.875, 54.375, 1.057561003973608e-23, nan 
142.125, 54.375, 7.898119439036743e-24, nan 
142.375, 54.375, 1.2109834406904072e-23, nan 
142.625, 54.375, 1.590011891573249e-23, nan 
142.875, 54.375, 2.335571632383948e-23, nan 
143.125, 54.375, 2.2680878309189454e-23, nan 
143.375, 54.375, 5.850788937905146e-24, nan 
143.625, 54.375, 9.582639624273826e-24, nan 
143.875, 54.375, 1.6726773494817915e-23, nan 
144.125, 54.375, 1.5604271409392567e-23, nan 
144.375, 54.375, 7.999752188263045e-24, nan 
144.625, 54.375, 2.536510745889467e-23, nan 
144.875, 54.375, 2.9167752901911833e-23, nan 
145.125, 54.375, 5.449463993100715e-23, nan 
145.375, 54.375, 5.125874253134992e-23, nan 
145.625, 54.375, 2.900756646782463e-23, nan 
145.875, 54.375, 2.7941075541748487e-23, nan 
146.125, 54.375, 1.736674295376424e-23, nan 
146.375, 54.375, 4.10161480262637e-24, nan 
146.625, 54.375, 5.389206815388751e-24, nan 
146.875, 54.375, 8.363224466980404e-24, nan 
147.125, 54.375, 2.2747892272944984e-23, nan 
147.375, 54.375, 3.335912508866152e-23, nan 
147.625, 54.375, 1.9636436764359235e-23, nan 
147.875, 54.375, 1.0156770049031332e-23, nan 
148.125, 54.375, 1.7187143370709817e-23, nan 
148.375, 54.375, 2.3483512752802168e-23, nan 
148.625, 54.375, 3.901219685790591e-23, nan 
148.875, 54.375, 5.705393144332771e-23, nan 
149.125, 54.375, 5.331734233017295e-23, nan 
149.375, 54.375, 3.0440847812588926e-23, nan 
149.625, 54.375, 1.2939425061163108e-23, nan 
149.875, 54.375, 1.3928002113520038e-23, nan 
150.125, 54.375, 7.212741352885828e-24, nan 
150.375, 54.375, 3.2656860096121845e-24, nan 
150.625, 54.375, 1.1166258244942165e-23, nan 
150.875, 54.375, 1.0652431907939202e-23, nan 
151.125, 54.375, 1.6060158715714696e-23, nan 
151.375, 54.375, 8.583210435923995e-24, nan 
151.625, 54.375, 1.3492488531850317e-23, nan 
151.875, 54.375, 6.379139584578174e-24, nan 
152.125, 54.375, 1.2797160741704987e-23, nan 
152.375, 54.375, 3.3172486514299155e-23, nan 
152.625, 54.375, 4.220307374720055e-23, nan 
152.875, 54.375, 2.493576046540928e-23, nan 
153.125, 54.375, 5.2537565308772766e-23, nan 
153.375, 54.375, 4.7346341208195976e-23, nan 
153.625, 54.375, 2.964142505594069e-23, nan 
153.875, 54.375, 1.842621907153409e-23, nan 
154.125, 54.375, 1.8733867500495632e-23, nan 
154.375, 54.375, 4.279566772611837e-23, nan 
154.625, 54.375, 5.802999126804197e-23, nan 
154.875, 54.375, 1.6992417312054437e-23, nan 
155.125, 54.375, 1.1262930871983731e-23, nan 
155.375, 54.375, 3.755913239386338e-23, nan 
155.625, 54.375, 4.741528360131939e-23, nan 
155.875, 54.375, 2.2607847650480938e-23, nan 
156.125, 54.375, 1.331383692024619e-23, nan 
156.375, 54.375, 1.822359867127509e-23, nan 
156.625, 54.375, 2.4566736061968365e-23, nan 
156.875, 54.375, 2.6775518075459254e-23, nan 
157.125, 54.375, 3.6551889903390894e-23, nan 
157.375, 54.375, 3.7278132161837385e-23, nan 
157.625, 54.375, 3.914592699988206e-23, nan 
157.875, 54.375, 1.9614030671718548e-23, nan 
158.125, 54.375, 1.5889132603955653e-23, nan 
158.375, 54.375, 3.094770428707119e-23, nan 
158.625, 54.375, 6.136420579490505e-23, nan 
158.875, 54.375, 7.912221890506691e-23, nan 
159.125, 54.375, 5.223644707852802e-23, nan 
159.375, 54.375, 5.957136246468365e-23, nan 
159.625, 54.375, 6.079658437847911e-23, nan 
159.875, 54.375, 5.581118357834045e-23, nan 
160.125, 54.375, 4.2367218816834736e-23, nan 
160.375, 54.375, 2.589982005387662e-23, nan 
160.625, 54.375, 3.234220860630731e-23, nan 
160.875, 54.375, 3.732258272590187e-23, nan 
161.125, 54.375, 3.078148025666428e-23, nan 
161.375, 54.375, 4.075096199168492e-23, nan 
161.625, 54.375, 6.897423054620919e-23, nan 
161.875, 54.375, 7.572891670190832e-23, nan 
162.125, 54.375, 6.776498825879875e-23, nan 
162.375, 54.375, 6.486381606869306e-23, nan 
162.625, 54.375, 5.759634202785494e-23, nan 
162.875, 54.375, 3.496738957955016e-23, nan 
163.125, 54.375, 2.882484038432904e-23, nan 
163.375, 54.375, 6.34650882576449e-23, nan 
163.625, 54.375, 7.032113248561757e-23, nan 
163.875, 54.375, 1.652868439242703e-23, nan 
164.125, 54.375, 1.2704391118163531e-22, nan 
164.375, 54.375, 1.5433051341457373e-22, nan 
164.625, 54.375, 1.8093613440774102e-22, nan 
164.875, 54.375, 1.4697697684043782e-22, nan 
165.125, 54.375, 4.3415480138481406e-23, nan 
165.375, 54.375, 4.978687740165282e-23, nan 
165.625, 54.375, 3.253077903423215e-23, nan 
165.875, 54.375, 2.438013179449237e-23, nan 
166.125, 54.375, 8.407613823952909e-23, nan 
166.375, 54.375, 2.1101186726421057e-22, nan 
166.625, 54.375, 1.9865205331577005e-22, nan 
166.875, 54.375, 5.208693613720957e-23, nan 
167.125, 54.375, 7.306577652216788e-23, nan 
167.375, 54.375, 6.213844559329557e-23, nan 
167.625, 54.375, 5.67566682196745e-23, nan 
167.875, 54.375, 5.514982178379932e-23, nan 
168.125, 54.375, 8.0508618029025e-23, nan 
168.375, 54.375, 6.000597769677505e-23, nan 
168.625, 54.375, 7.182365299896738e-23, nan 
168.875, 54.375, 6.411324276050147e-23, nan 
169.125, 54.375, 6.341156320012202e-23, nan 
169.375, 54.375, 6.781437443569952e-23, nan 
169.625, 54.375, 4.5446650449682954e-23, nan 
169.875, 54.375, 5.412580926325134e-23, nan 
170.125, 54.375, 4.9407787698339167e-23, nan 
170.375, 54.375, 3.832715361027738e-23, nan 
170.625, 54.375, 1.7278286017409049e-22, nan 
170.875, 54.375, 1.6463909840931096e-22, nan 
171.125, 54.375, 7.658955517041389e-23, nan 
171.375, 54.375, 2.3336197837946805e-22, nan 
171.625, 54.375, 1.5768383310584725e-22, nan 
171.875, 54.375, 1.896816473972838e-22, nan 
172.125, 54.375, 1.3950674107825463e-22, nan 
172.375, 54.375, 9.980664182785165e-23, nan 
172.625, 54.375, 7.500954983415744e-23, nan 
172.875, 54.375, 8.074745270634605e-23, nan 
173.125, 54.375, 5.293965162242835e-23, nan 
173.375, 54.375, 3.1635433235281257e-23, nan 
173.625, 54.375, 2.5421236310663394e-23, nan 
173.875, 54.375, 9.363990126048046e-24, nan 
174.125, 54.375, 1.3118733452694041e-23, nan 
174.375, 54.375, 2.119739609170373e-23, nan 
174.625, 54.375, 1.687255351423952e-23, nan 
174.875, 54.375, 1.1706005481038669e-23, nan 
175.125, 54.375, 4.325864033285384e-23, nan 
175.375, 54.375, 4.632525171741718e-23, nan 
175.625, 54.375, 6.14143883698426e-23, nan 
175.875, 54.375, 3.3662350655980165e-23, nan 
176.125, 54.375, 3.05400788293416e-23, nan 
176.375, 54.375, 3.620866702575766e-23, nan 
176.625, 54.375, 3.742753419872922e-23, nan 
176.875, 54.375, 5.474963581694962e-23, nan 
177.125, 54.375, 5.269207294944741e-23, nan 
177.375, 54.375, 2.96072397408973e-23, nan 
177.625, 54.375, 2.6415186232837058e-23, nan 
177.875, 54.375, 2.768519347793904e-23, nan 
178.125, 54.375, 1.6372594577227096e-23, nan 
178.375, 54.375, 7.23185441912262e-24, nan 
178.625, 54.375, 8.348942729241698e-24, nan 
178.875, 54.375, 9.862242007649098e-24, nan 
179.125, 54.375, 5.030242595491142e-24, nan 
179.375, 54.375, 9.449639324827068e-24, nan 
179.625, 54.375, 9.301769404341835e-24, nan 
179.875, 54.375, 5.3899254676530765e-24, nan 
-179.875, 54.625, 8.012764215941142e-24, nan 
-179.625, 54.625, 2.968182013388632e-23, nan 
-179.375, 54.625, 3.5444705778932815e-23, nan 
-179.125, 54.625, 1.9462805183709564e-23, nan 
-178.875, 54.625, 6.54319449841714e-24, nan 
-178.625, 54.625, 1.476679376151624e-23, nan 
-178.375, 54.625, 1.461641043291754e-23, nan 
-178.125, 54.625, 7.155020269773599e-24, nan 
-177.875, 54.625, 4.279559987248617e-24, nan 
-177.625, 54.625, 3.313997093896243e-24, nan 
-177.375, 54.625, 3.919170000089532e-24, nan 
-177.125, 54.625, 4.546042107750472e-24, nan 
-176.875, 54.625, 4.099863135003423e-24, nan 
-176.625, 54.625, 4.934455536698888e-24, nan 
-176.375, 54.625, 5.872061696461277e-24, nan 
-176.125, 54.625, 5.093326680533179e-24, nan 
-175.875, 54.625, 4.8001955718260986e-24, nan 
-175.625, 54.625, 4.030278701575822e-24, nan 
-175.375, 54.625, 1.5527378888033932e-23, nan 
-175.125, 54.625, 7.260869484896672e-23, nan 
-174.875, 54.625, 6.562415731660289e-23, nan 
-174.625, 54.625, 2.3693777117749564e-23, nan 
-174.375, 54.625, 2.67359005511841e-23, nan 
-174.125, 54.625, 1.8771755614350554e-23, nan 
-173.875, 54.625, 5.027162922655622e-24, nan 
-173.625, 54.625, 6.471810718945147e-24, nan 
-173.375, 54.625, 4.081392334192455e-24, nan 
-173.125, 54.625, 1.2205936739477246e-24, nan 
-172.875, 54.625, 2.6895159052423098e-24, nan 
-172.625, 54.625, 2.6484096585060932e-24, nan 
-172.375, 54.625, 4.9135317131470784e-24, nan 
-172.125, 54.625, 1.620481116293357e-24, nan 
-171.875, 54.625, 9.56549461550229e-24, nan 
-171.625, 54.625, 4.2900963876246535e-23, nan 
-171.375, 54.625, 4.415968619350351e-23, nan 
-171.125, 54.625, 1.6348034066485954e-23, nan 
-170.875, 54.625, 7.328007367129461e-24, nan 
-170.625, 54.625, 2.7292930488127006e-23, nan 
-170.375, 54.625, 2.8151734281606973e-23, nan 
-170.125, 54.625, 1.4551415494029043e-23, nan 
-169.875, 54.625, 2.3018781644904936e-23, nan 
-169.625, 54.625, 1.3855864819302056e-22, nan 
-169.375, 54.625, 2.4940160768677844e-22, nan 
-169.125, 54.625, 1.7880871228462222e-22, nan 
-168.875, 54.625, 4.634152295271477e-23, nan 
-168.625, 54.625, 2.979333973445297e-23, nan 
-168.375, 54.625, 7.765764494273643e-24, nan 
-168.125, 54.625, 8.19472586136921e-24, nan 
-167.875, 54.625, 7.15726470466853e-24, nan 
-167.625, 54.625, 8.270753865101622e-24, nan 
-167.375, 54.625, 1.4257117041007536e-23, nan 
-167.125, 54.625, 1.4544482025243365e-23, nan 
-166.875, 54.625, 1.0702198910635692e-23, nan 
-166.625, 54.625, 1.2472469092964225e-23, nan 
-166.375, 54.625, 1.8545090462812448e-23, nan 
-166.125, 54.625, 2.0882756767802602e-23, nan 
-165.875, 54.625, 1.6956015556386316e-23, nan 
-165.625, 54.625, 7.205294872851207e-24, nan 
-165.375, 54.625, 9.948496603051737e-24, nan 
-165.125, 54.625, 8.550031339700794e-24, nan 
-164.875, 54.625, 5.1088332478228315e-24, nan 
-164.625, 54.625, 6.683715386819846e-24, nan 
-164.375, 54.625, 6.0719410874107194e-24, nan 
-164.125, 54.625, 6.164793209298004e-24, nan 
-163.875, 54.625, 1.178904121699043e-23, nan 
-163.625, 54.625, 1.4608399526572858e-23, nan 
-163.375, 54.625, 1.5022195337181473e-23, nan 
-163.125, 54.625, 6.3866392598977154e-24, nan 
-162.875, 54.625, 2.9002514687197944e-24, nan 
-162.625, 54.625, 8.554159287639409e-24, nan 
-162.375, 54.625, 1.0737155768100153e-23, nan 
-162.125, 54.625, 1.1758216565048973e-23, nan 
-161.875, 54.625, 1.9086254580208335e-23, nan 
-161.625, 54.625, 1.2560643119511912e-23, nan 
-161.375, 54.625, 8.079814732449071e-24, nan 
-161.125, 54.625, 5.5854168521765106e-24, nan 
-160.875, 54.625, 4.910870499041502e-24, nan 
-160.625, 54.625, 4.190152476508842e-24, nan 
-160.375, 54.625, 1.92264025286523e-24, nan 
-160.125, 54.625, 2.332543397450112e-24, nan 
-159.875, 54.625, 1.2048307967803066e-24, nan 
-159.625, 54.625, 2.111852317739423e-24, nan 
-159.375, 54.625, 2.6343873132388012e-24, nan 
-159.125, 54.625, 3.774578451094053e-24, nan 
-158.875, 54.625, 7.811011007911178e-24, nan 
-158.625, 54.625, 2.6044962277020263e-23, nan 
-158.375, 54.625, 2.514037331816534e-23, nan 
-158.125, 54.625, 8.137471267529265e-24, nan 
-157.875, 54.625, 2.435253338905781e-23, nan 
-157.625, 54.625, 3.0942424968354307e-23, nan 
-157.375, 54.625, 3.0331864252189693e-23, nan 
-157.125, 54.625, 1.751916866412888e-23, nan 
-156.875, 54.625, 1.4851323473123973e-23, nan 
-156.625, 54.625, 1.0656850988475165e-23, nan 
-156.375, 54.625, 6.961574542164797e-24, nan 
-156.125, 54.625, 1.0515808486571873e-24, nan 
-155.875, 54.625, 8.837365528539092e-24, nan 
-155.625, 54.625, 8.819466800452179e-24, nan 
-155.375, 54.625, 1.0653769998475619e-23, nan 
-155.125, 54.625, 1.4549820739119997e-23, nan 
-154.875, 54.625, 1.3380220851593917e-23, nan 
-154.625, 54.625, 9.594362411882556e-24, nan 
-154.375, 54.625, 7.96192925018103e-24, nan 
-154.125, 54.625, 8.039044969003869e-24, nan 
-153.875, 54.625, 6.444660054631169e-24, nan 
-153.625, 54.625, 3.269533482719241e-24, nan 
-153.375, 54.625, 4.9851379365529875e-24, nan 
-153.125, 54.625, 7.26196055019691e-24, nan 
-152.875, 54.625, 1.0435909839269844e-23, nan 
-152.625, 54.625, 1.6076337947003598e-23, nan 
-152.375, 54.625, 1.7046332315532048e-23, nan 
-152.125, 54.625, 1.603831285805794e-23, nan 
-151.875, 54.625, 1.079483742231889e-23, nan 
-151.625, 54.625, 6.18390331664629e-24, nan 
-151.375, 54.625, 8.96859798797634e-24, nan 
-151.125, 54.625, 2.0003188802797474e-23, nan 
-150.875, 54.625, 2.505133417534833e-23, nan 
-150.625, 54.625, 1.4952613776892062e-23, nan 
-150.375, 54.625, 6.91681893920504e-24, nan 
-150.125, 54.625, 1.1180251270276606e-23, nan 
-149.875, 54.625, 1.0205752480050237e-23, nan 
-149.625, 54.625, 8.926147741367346e-24, nan 
-149.375, 54.625, 1.5207073117296585e-23, nan 
-149.125, 54.625, 1.339206219855312e-23, nan 
-148.875, 54.625, 1.1496305232657705e-23, nan 
-148.625, 54.625, 1.636564224763687e-23, nan 
-148.375, 54.625, 3.5639485323398636e-23, nan 
-148.125, 54.625, 2.5997341392545767e-22, nan 
-147.875, 54.625, 2.726180153034124e-22, nan 
-147.625, 54.625, 8.660598334579566e-23, nan 
-147.375, 54.625, 2.098949702999227e-23, nan 
-147.125, 54.625, 8.98416111989283e-24, nan 
-146.875, 54.625, 2.231516569435346e-23, nan 
-146.625, 54.625, 5.845080962079116e-23, nan 
-146.375, 54.625, 1.2156440867826034e-23, nan 
-146.125, 54.625, 2.935313204471316e-23, nan 
-145.875, 54.625, 3.498898931839048e-23, nan 
-145.625, 54.625, 7.199469004530874e-23, nan 
-145.375, 54.625, 1.6848812693075673e-22, nan 
-145.125, 54.625, 2.5201203890154873e-22, nan 
-144.875, 54.625, 1.9428528170745928e-22, nan 
-144.625, 54.625, 5.51053587888165e-23, nan 
-144.375, 54.625, 2.4819673536187985e-23, nan 
-144.125, 54.625, 1.7989736279488217e-23, nan 
-143.875, 54.625, 1.0460452331885124e-23, nan 
-143.625, 54.625, 6.787085467879537e-24, nan 
-143.375, 54.625, 6.782094620220086e-24, nan 
-143.125, 54.625, 1.8164618770962248e-23, nan 
-142.875, 54.625, 1.6312640323991012e-23, nan 
-142.625, 54.625, 4.3941226618344746e-24, nan 
-142.375, 54.625, 4.336720433592623e-24, nan 
-142.125, 54.625, 2.9341353628234195e-24, nan 
-141.875, 54.625, 5.180278264579817e-24, nan 
-141.625, 54.625, 5.5429442372713054e-24, nan 
-141.375, 54.625, 3.107304181642805e-24, nan 
-141.125, 54.625, 3.4066273408980216e-24, nan 
-140.875, 54.625, 3.1293847768109575e-24, nan 
119.375, 54.625, 9.822012585577578e-24, nan 
119.625, 54.625, 9.70649395162468e-24, nan 
119.875, 54.625, 6.12199277641956e-24, nan 
120.125, 54.625, 8.845752383089556e-24, nan 
120.375, 54.625, 9.718871755179327e-24, nan 
120.625, 54.625, 6.730983666328119e-24, nan 
120.875, 54.625, 3.576089483355609e-24, nan 
121.125, 54.625, 3.590473637855989e-24, nan 
121.375, 54.625, 4.8833025552825535e-24, nan 
121.625, 54.625, 6.201247044876473e-24, nan 
121.875, 54.625, 7.335441901680732e-24, nan 
122.125, 54.625, 8.020626598994273e-24, nan 
122.375, 54.625, 1.0048870592758971e-23, nan 
122.625, 54.625, 1.1468968806741096e-23, nan 
122.875, 54.625, 9.038971905256103e-24, nan 
123.125, 54.625, 1.095517647737896e-23, nan 
123.375, 54.625, 4.41739148135969e-24, nan 
123.625, 54.625, 8.220654352018019e-24, nan 
123.875, 54.625, 1.129549462468947e-23, nan 
124.125, 54.625, 9.874237306679918e-24, nan 
124.375, 54.625, 7.495765785471122e-24, nan 
124.625, 54.625, 9.078476802859204e-24, nan 
124.875, 54.625, 8.477339539228559e-24, nan 
125.125, 54.625, 8.434362047402323e-24, nan 
125.375, 54.625, 1.15032373250674e-23, nan 
125.625, 54.625, 1.028471778978985e-23, nan 
125.875, 54.625, 7.470560593147724e-24, nan 
126.125, 54.625, 6.396824021856059e-24, nan 
126.375, 54.625, 9.627132992144765e-24, nan 
126.625, 54.625, 1.9063143097409927e-23, nan 
126.875, 54.625, 1.7809561133510454e-23, nan 
127.125, 54.625, 1.2151985013500716e-23, nan 
127.375, 54.625, 1.2579838621507063e-23, nan 
127.625, 54.625, 1.3145326310393135e-23, nan 
127.875, 54.625, 1.308450537713748e-23, nan 
128.125, 54.625, 9.556907082561253e-24, nan 
128.375, 54.625, 5.356692209565576e-23, nan 
128.625, 54.625, 5.36420295959852e-23, nan 
128.875, 54.625, 3.368374580118809e-23, nan 
129.125, 54.625, 4.817342405262461e-24, nan 
129.375, 54.625, 3.4360379821448365e-24, nan 
129.625, 54.625, 3.5459503928280665e-24, nan 
129.875, 54.625, 4.5331918004701096e-24, nan 
130.125, 54.625, 6.972741608010942e-24, nan 
130.375, 54.625, 8.288729968436502e-24, nan 
130.625, 54.625, 7.667650588830553e-24, nan 
130.875, 54.625, 8.884731861130126e-24, nan 
131.125, 54.625, 9.404972034904415e-24, nan 
131.375, 54.625, 1.0834364298801294e-23, nan 
131.625, 54.625, 1.12349330545956e-23, nan 
131.875, 54.625, 7.113333631558242e-24, nan 
132.125, 54.625, 6.770967156226081e-24, nan 
132.375, 54.625, 6.825631109436963e-24, nan 
132.625, 54.625, 1.9152702567981285e-23, nan 
132.875, 54.625, 2.2417657620003403e-23, nan 
133.125, 54.625, 2.0867590227371443e-23, nan 
133.375, 54.625, 3.1085718540636526e-23, nan 
133.625, 54.625, 2.6054042987652066e-23, nan 
133.875, 54.625, 2.5345348488276656e-23, nan 
134.125, 54.625, 7.123745347991669e-24, nan 
134.375, 54.625, 7.437705649834685e-24, nan 
134.625, 54.625, 9.155450630874761e-24, nan 
134.875, 54.625, 7.529586409932047e-24, nan 
135.125, 54.625, 7.080264477699973e-24, nan 
135.375, 54.625, 6.907361620558533e-24, nan 
135.625, 54.625, 2.0733586095141886e-23, nan 
135.875, 54.625, 1.5825798648412525e-23, nan 
136.125, 54.625, 1.9023944823634048e-23, nan 
136.375, 54.625, 2.4163361776690493e-23, nan 
136.625, 54.625, 2.1472641385027806e-23, nan 
136.875, 54.625, 1.9119895762902132e-23, nan 
137.125, 54.625, 1.7230612418049792e-23, nan 
137.375, 54.625, 1.6648470102428254e-23, nan 
137.625, 54.625, 1.2668312363122276e-23, nan 
137.875, 54.625, 2.1517653225855134e-23, nan 
138.125, 54.625, 2.1248329145631183e-23, nan 
138.375, 54.625, 2.8463012554024974e-23, nan 
138.625, 54.625, 4.08015435973459e-23, nan 
138.875, 54.625, 4.1269284269743636e-23, nan 
139.125, 54.625, 8.321575343919345e-23, nan 
139.375, 54.625, 3.2497480673998532e-22, nan 
139.625, 54.625, 2.415869236424977e-22, nan 
139.875, 54.625, 5.166573618972376e-23, nan 
140.125, 54.625, 3.645951111561748e-23, nan 
140.375, 54.625, 4.040354947025739e-23, nan 
140.625, 54.625, 2.105162801363665e-23, nan 
140.875, 54.625, 4.406153197495995e-24, nan 
141.125, 54.625, 1.0667511319034581e-23, nan 
141.375, 54.625, 1.3696198816397035e-23, nan 
141.625, 54.625, 9.501854859321887e-24, nan 
141.875, 54.625, 5.870027755132379e-24, nan 
142.125, 54.625, 4.8279693175109186e-24, nan 
142.375, 54.625, 9.753412963622968e-24, nan 
142.625, 54.625, 1.1597364054776667e-23, nan 
142.875, 54.625, 1.6373372313725783e-23, nan 
143.125, 54.625, 1.8905328602786945e-23, nan 
143.375, 54.625, 2.8538475558601865e-23, nan 
143.625, 54.625, 2.836771748962943e-23, nan 
143.875, 54.625, 1.1252318366611223e-23, nan 
144.125, 54.625, 1.139180075400334e-23, nan 
144.375, 54.625, 1.678001110026326e-23, nan 
144.625, 54.625, 2.2103893993062834e-23, nan 
144.875, 54.625, 4.5101749080662024e-23, nan 
145.125, 54.625, 4.9257491418973905e-23, nan 
145.375, 54.625, 2.678333766939855e-23, nan 
145.625, 54.625, 3.300078538692173e-23, nan 
145.875, 54.625, 1.2711706468991073e-23, nan 
146.125, 54.625, 8.468010345297432e-24, nan 
146.375, 54.625, 1.4268052117892677e-23, nan 
146.625, 54.625, 1.693413842370718e-23, nan 
146.875, 54.625, 1.4758540703749495e-23, nan 
147.125, 54.625, 1.833800860031733e-23, nan 
147.375, 54.625, 2.1299216025180705e-23, nan 
147.625, 54.625, 7.957181024348897e-24, nan 
147.875, 54.625, 8.568676483247753e-24, nan 
148.125, 54.625, 9.176588093100124e-24, nan 
148.375, 54.625, 2.1650518608286974e-23, nan 
148.625, 54.625, 4.451796078715475e-23, nan 
148.875, 54.625, 4.2053725805875214e-23, nan 
149.125, 54.625, 1.3435933852049694e-23, nan 
149.375, 54.625, 1.8669176408173882e-23, nan 
149.625, 54.625, 2.3236697173828117e-23, nan 
149.875, 54.625, 2.0475595750042247e-23, nan 
150.125, 54.625, 8.72002175476509e-24, nan 
150.375, 54.625, 1.575391174996601e-23, nan 
150.625, 54.625, 1.4728508256090265e-23, nan 
150.875, 54.625, 3.354622081347394e-24, nan 
151.125, 54.625, 1.2380195635423565e-23, nan 
151.375, 54.625, 1.4994867447871882e-23, nan 
151.625, 54.625, 1.641885759138175e-23, nan 
151.875, 54.625, 1.411753657809063e-23, nan 
152.125, 54.625, 2.3378766041937645e-23, nan 
152.375, 54.625, 2.993206318890559e-23, nan 
152.625, 54.625, 2.5029308032500363e-23, nan 
152.875, 54.625, 3.021538682307383e-23, nan 
153.125, 54.625, 4.0061545778424826e-23, nan 
153.375, 54.625, 2.4798219096708562e-23, nan 
153.625, 54.625, 2.833277598494246e-23, nan 
153.875, 54.625, 1.5558524027035917e-23, nan 
154.125, 54.625, 1.2805354351619517e-23, nan 
154.375, 54.625, 3.3782091886505786e-23, nan 
154.625, 54.625, 7.506161049339108e-23, nan 
154.875, 54.625, 4.8350395864838006e-23, nan 
155.125, 54.625, 2.5234748326412056e-23, nan 
155.375, 54.625, 2.6114281737424797e-23, nan 
155.625, 54.625, 3.409709919613841e-23, nan 
155.875, 54.625, 3.831026515103314e-23, nan 
156.125, 54.625, 3.0987964927723017e-23, nan 
156.375, 54.625, 1.2531311366817888e-23, nan 
156.625, 54.625, 1.603706827139206e-23, nan 
156.875, 54.625, 6.003217905140725e-23, nan 
157.125, 54.625, 5.607427688838291e-23, nan 
157.375, 54.625, 6.04108262083619e-23, nan 
157.625, 54.625, 5.83612332444311e-23, nan 
157.875, 54.625, 1.8281212296165895e-23, nan 
158.125, 54.625, 3.099639888995941e-23, nan 
158.375, 54.625, 3.639747229580061e-23, nan 
158.625, 54.625, 4.1158437764653645e-23, nan 
158.875, 54.625, 5.2622337108140695e-23, nan 
159.125, 54.625, 3.508773578720358e-23, nan 
159.375, 54.625, 3.707237688160828e-23, nan 
159.625, 54.625, 2.7164540599965135e-23, nan 
159.875, 54.625, 2.95317651204101e-23, nan 
160.125, 54.625, 2.504923841009233e-23, nan 
160.375, 54.625, 2.7266140945311007e-23, nan 
160.625, 54.625, 2.272897109102036e-23, nan 
160.875, 54.625, 2.875951550412652e-23, nan 
161.125, 54.625, 3.8816990900668176e-23, nan 
161.375, 54.625, 5.06175821293572e-23, nan 
161.625, 54.625, 5.725144079071354e-23, nan 
161.875, 54.625, 4.78239823922849e-23, nan 
162.125, 54.625, 7.674465454488609e-23, nan 
162.375, 54.625, 1.2560723258790036e-22, nan 
162.625, 54.625, 1.2483093774488505e-22, nan 
162.875, 54.625, 3.992860423631275e-23, nan 
163.125, 54.625, 3.5327046811008784e-23, nan 
163.375, 54.625, 2.431880671887241e-23, nan 
163.625, 54.625, 5.286043471412175e-23, nan 
163.875, 54.625, 6.112230333324932e-23, nan 
164.125, 54.625, 5.751324408202515e-23, nan 
164.375, 54.625, 1.0694565635400266e-22, nan 
164.625, 54.625, 1.3111599902165361e-22, nan 
164.875, 54.625, 1.1372358937059554e-22, nan 
165.125, 54.625, 6.558041171135677e-23, nan 
165.375, 54.625, 7.621956611481904e-23, nan 
165.625, 54.625, 6.565527545624029e-23, nan 
165.875, 54.625, 4.932829892500708e-23, nan 
166.125, 54.625, 3.6947538189170716e-23, nan 
166.375, 54.625, 2.9818556916254497e-22, nan 
166.625, 54.625, 3.1286233327455325e-22, nan 
166.875, 54.625, 1.2791791399893817e-22, nan 
167.125, 54.625, 1.090980181686308e-22, nan 
167.375, 54.625, 6.612443381746667e-23, nan 
167.625, 54.625, 5.60041024670148e-23, nan 
167.875, 54.625, 3.229243700051682e-23, nan 
168.125, 54.625, 2.884057143780979e-23, nan 
168.375, 54.625, 5.429405174379065e-23, nan 
168.625, 54.625, 5.697093027089834e-23, nan 
168.875, 54.625, 3.15240128529398e-23, nan 
169.125, 54.625, 3.298067661962569e-23, nan 
169.375, 54.625, 2.1592332850942535e-23, nan 
169.625, 54.625, 5.95091869622487e-23, nan 
169.875, 54.625, 5.912968766535205e-23, nan 
170.125, 54.625, 4.4550279037118234e-23, nan 
170.375, 54.625, 4.817155244082062e-23, nan 
170.625, 54.625, 1.184622864696532e-22, nan 
170.875, 54.625, 9.953757099614941e-23, nan 
171.125, 54.625, 7.176355864665822e-23, nan 
171.375, 54.625, 9.481452274870007e-23, nan 
171.625, 54.625, 1.4230227601529506e-22, nan 
171.875, 54.625, 1.6109942849903982e-22, nan 
172.125, 54.625, 1.179237532410616e-22, nan 
172.375, 54.625, 1.0492201309276831e-22, nan 
172.625, 54.625, 1.7766500854562293e-22, nan 
172.875, 54.625, 1.6946298528479803e-22, nan 
173.125, 54.625, 3.4840191217712944e-23, nan 
173.375, 54.625, 2.1947073582254394e-23, nan 
173.625, 54.625, 1.1897571777140374e-23, nan 
173.875, 54.625, 1.1304453629448973e-23, nan 
174.125, 54.625, 6.660113986441304e-24, nan 
174.375, 54.625, 1.7108619600572993e-23, nan 
174.625, 54.625, 2.3238118441248836e-23, nan 
174.875, 54.625, 2.3273184624346076e-23, nan 
175.125, 54.625, 9.640211307431011e-23, nan 
175.375, 54.625, 1.1739826542313826e-22, nan 
175.625, 54.625, 1.6458354660120566e-22, nan 
175.875, 54.625, 1.3273469582882818e-22, nan 
176.125, 54.625, 5.942306086438582e-23, nan 
176.375, 54.625, 1.90932912121212e-23, nan 
176.625, 54.625, 1.3630095805259863e-23, nan 
176.875, 54.625, 1.9221449682015008e-23, nan 
177.125, 54.625, 3.050388527895574e-23, nan 
177.375, 54.625, 2.547096562386344e-23, nan 
177.625, 54.625, 2.3703199628059345e-23, nan 
177.875, 54.625, 3.239315447536142e-23, nan 
178.125, 54.625, 2.4999851532315257e-23, nan 
178.375, 54.625, 8.458335710241067e-24, nan 
178.625, 54.625, 9.032397875911022e-24, nan 
178.875, 54.625, 1.6384780968025504e-23, nan 
179.125, 54.625, 1.97499450299072e-23, nan 
179.375, 54.625, 1.607716358131773e-23, nan 
179.625, 54.625, 9.916956971137082e-24, nan 
179.875, 54.625, 1.2908114902597186e-23, nan 
-179.875, 54.875, 1.1284718080105159e-23, nan 
-179.625, 54.875, 2.66596629550123e-23, nan 
-179.375, 54.875, 3.130179702265252e-23, nan 
-179.125, 54.875, 2.2194791885513413e-23, nan 
-178.875, 54.875, 1.3232036860803708e-23, nan 
-178.625, 54.875, 6.4557226561831445e-24, nan 
-178.375, 54.875, 5.098087593043175e-24, nan 
-178.125, 54.875, 5.128200950245699e-24, nan 
-177.875, 54.875, 1.9390019503460815e-24, nan 
-177.625, 54.875, 2.895632032485027e-24, nan 
-177.375, 54.875, 4.2874629855409696e-24, nan 
-177.125, 54.875, 5.034678913155809e-24, nan 
-176.875, 54.875, 4.607481855058111e-24, nan 
-176.625, 54.875, 3.0554201190951016e-24, nan 
-176.375, 54.875, 3.2045623429545848e-24, nan 
-176.125, 54.875, 2.1958330032499188e-24, nan 
-175.875, 54.875, 5.9966390828330865e-24, nan 
-175.625, 54.875, 2.926484627776953e-23, nan 
-175.375, 54.875, 6.868372900355796e-23, nan 
-175.125, 54.875, 4.857643109702578e-23, nan 
-174.875, 54.875, 2.293445651904763e-23, nan 
-174.625, 54.875, 2.6782849477488186e-23, nan 
-174.375, 54.875, 1.669844150616815e-23, nan 
-174.125, 54.875, 7.690435201412936e-24, nan 
-173.875, 54.875, 5.63747827344702e-24, nan 
-173.625, 54.875, 3.103319324821998e-24, nan 
-173.375, 54.875, 4.219893036407392e-24, nan 
-173.125, 54.875, 1.4118864368798922e-23, nan 
-172.875, 54.875, 5.439568686437119e-24, nan 
-172.625, 54.875, 7.618448188265712e-24, nan 
-172.375, 54.875, 1.1168353406058909e-23, nan 
-172.125, 54.875, 7.445038346203482e-24, nan 
-171.875, 54.875, 8.058676978785531e-24, nan 
-171.625, 54.875, 2.8526699350422276e-23, nan 
-171.375, 54.875, 3.3388987982749405e-23, nan 
-171.125, 54.875, 1.5958777917294917e-23, nan 
-170.875, 54.875, 1.734887082703223e-23, nan 
-170.625, 54.875, 3.8626761131042606e-23, nan 
-170.375, 54.875, 2.480537365415164e-23, nan 
-170.125, 54.875, 7.74863475487919e-24, nan 
-169.875, 54.875, 7.24514892539725e-24, nan 
-169.625, 54.875, 2.0468617111203206e-23, nan 
-169.375, 54.875, 7.074272732483793e-23, nan 
-169.125, 54.875, 3.6727800035276046e-23, nan 
-168.875, 54.875, 2.0911653614247577e-23, nan 
-168.625, 54.875, 1.9442952376927896e-23, nan 
-168.375, 54.875, 1.4323014363210223e-23, nan 
-168.125, 54.875, 1.0790424509598183e-23, nan 
-167.875, 54.875, 8.643765963903995e-24, nan 
-167.625, 54.875, 7.587765994503028e-24, nan 
-167.375, 54.875, 8.135868994916834e-24, nan 
-167.125, 54.875, 7.02444021860634e-24, nan 
-166.875, 54.875, 1.4097258054690627e-23, nan 
-166.625, 54.875, 1.337618994899493e-23, nan 
-166.375, 54.875, 1.1439406806886958e-23, nan 
-166.125, 54.875, 1.4725661530187165e-23, nan 
-165.875, 54.875, 2.3711965294143303e-23, nan 
-165.625, 54.875, 1.9991645894764034e-23, nan 
-165.375, 54.875, 1.106975070822574e-23, nan 
-165.125, 54.875, 9.473884064848604e-24, nan 
-164.875, 54.875, 5.406143730483584e-24, nan 
-164.625, 54.875, 5.418857429168747e-24, nan 
-164.375, 54.875, 2.392610728874323e-24, nan 
-164.125, 54.875, 3.1907677956776376e-24, nan 
-163.875, 54.875, 6.865027891786732e-24, nan 
-163.625, 54.875, 1.0293124827419087e-23, nan 
-163.375, 54.875, 1.335260041279682e-23, nan 
-163.125, 54.875, 1.0368310724253197e-23, nan 
-162.875, 54.875, 5.2745455011527285e-24, nan 
-162.625, 54.875, 9.971092315692912e-24, nan 
-162.375, 54.875, 7.521057147584175e-24, nan 
-162.125, 54.875, 1.6872724615887395e-23, nan 
-161.875, 54.875, 1.976967973038009e-23, nan 
-161.625, 54.875, 7.102308442796357e-24, nan 
-161.375, 54.875, 5.011643423628188e-24, nan 
-161.125, 54.875, 6.016102544707165e-24, nan 
-160.875, 54.875, 7.446949630490358e-24, nan 
-160.625, 54.875, 7.291411297749236e-24, nan 
-160.375, 54.875, 4.61557124297329e-24, nan 
-160.125, 54.875, 2.725815551707311e-24, nan 
-159.875, 54.875, 2.4954873277662634e-24, nan 
-159.625, 54.875, 3.98258744627668e-24, nan 
-159.375, 54.875, 5.801938119738135e-24, nan 
-159.125, 54.875, 7.973455074539728e-24, nan 
-158.875, 54.875, 6.90151437829025e-24, nan 
-158.625, 54.875, 1.790292718341747e-23, nan 
-158.375, 54.875, 1.881511556798356e-23, nan 
-158.125, 54.875, 7.850280947338756e-24, nan 
-157.875, 54.875, 7.822328456712477e-24, nan 
-157.625, 54.875, 1.855657365879638e-23, nan 
-157.375, 54.875, 3.324346012859568e-23, nan 
-157.125, 54.875, 2.1100265214501786e-23, nan 
-156.875, 54.875, 5.9136549110513605e-24, nan 
-156.625, 54.875, 6.691197498148572e-24, nan 
-156.375, 54.875, 6.759554207800946e-24, nan 
-156.125, 54.875, 2.0376310953202363e-24, nan 
-155.875, 54.875, 2.737999332163909e-24, nan 
-155.625, 54.875, 4.063237297187828e-24, nan 
-155.375, 54.875, 9.755725245250084e-24, nan 
-155.125, 54.875, 1.1382130177790197e-23, nan 
-154.875, 54.875, 6.966673839269725e-24, nan 
-154.625, 54.875, 3.9734450124231795e-24, nan 
-154.375, 54.875, 6.591574216630756e-24, nan 
-154.125, 54.875, 1.0847880072995659e-23, nan 
-153.875, 54.875, 1.245237267089517e-23, nan 
-153.625, 54.875, 9.698579440309706e-24, nan 
-153.375, 54.875, 7.875056062019479e-24, nan 
-153.125, 54.875, 6.467438490395678e-24, nan 
-152.875, 54.875, 4.29111548632115e-24, nan 
-152.625, 54.875, 9.235890410587968e-24, nan 
-152.375, 54.875, 1.8074962396944316e-23, nan 
-152.125, 54.875, 1.6134847597645022e-23, nan 
-151.875, 54.875, 8.91192472016977e-24, nan 
-151.625, 54.875, 8.586527526229396e-24, nan 
-151.375, 54.875, 3.343827244042026e-24, nan 
-151.125, 54.875, 4.141705938711582e-24, nan 
-150.875, 54.875, 1.273657797581316e-23, nan 
-150.625, 54.875, 7.521414081317418e-24, nan 
-150.375, 54.875, 7.21838784267307e-24, nan 
-150.125, 54.875, 2.0326149992183858e-23, nan 
-149.875, 54.875, 2.1587363777613526e-23, nan 
-149.625, 54.875, 1.6620409594766637e-23, nan 
-149.375, 54.875, 2.034515722362251e-23, nan 
-149.125, 54.875, 1.46391371921086e-23, nan 
-148.875, 54.875, 9.188593051639823e-24, nan 
-148.625, 54.875, 4.0984188206503915e-23, nan 
-148.375, 54.875, 4.84700720530153e-23, nan 
-148.125, 54.875, 2.7588494002611773e-22, nan 
-147.875, 54.875, 3.1877932529808227e-22, nan 
-147.625, 54.875, 1.3907876118196142e-22, nan 
-147.375, 54.875, 8.272834537229326e-23, nan 
-147.125, 54.875, 4.1284689972134275e-23, nan 
-146.875, 54.875, 3.6525379442535283e-23, nan 
-146.625, 54.875, 4.016445912288803e-23, nan 
-146.375, 54.875, 3.324555699692317e-23, nan 
-146.125, 54.875, 6.310511293467573e-23, nan 
-145.875, 54.875, 9.975461120431382e-23, nan 
-145.625, 54.875, 1.9453656915947217e-22, nan 
-145.375, 54.875, 2.465618502791098e-22, nan 
-145.125, 54.875, 1.6093970739965012e-22, nan 
-144.875, 54.875, 3.6277676475706773e-23, nan 
-144.625, 54.875, 5.369680703186028e-23, nan 
-144.375, 54.875, 4.52875333887834e-23, nan 
-144.125, 54.875, 1.7081855072416614e-23, nan 
-143.875, 54.875, 4.1429943080472004e-24, nan 
-143.625, 54.875, 1.1569608364152827e-23, nan 
-143.375, 54.875, 1.2536261221516093e-23, nan 
-143.125, 54.875, 1.0317952329250202e-23, nan 
-142.875, 54.875, 9.345205142463921e-24, nan 
-142.625, 54.875, 7.408006175254301e-24, nan 
-142.375, 54.875, 4.204583984843224e-24, nan 
-142.125, 54.875, 5.1363431474941976e-24, nan 
-141.875, 54.875, 4.041163003021558e-24, nan 
-141.625, 54.875, 3.0626327709747834e-24, nan 
-141.375, 54.875, 3.093204963689752e-24, nan 
-141.125, 54.875, 3.4320575878689785e-24, nan 
-140.875, 54.875, 3.328768848272688e-24, nan 
-140.625, 54.875, 2.6139837624109566e-24, nan 
-140.375, 54.875, 3.06238069433518e-24, nan 
113.875, 54.875, 2.4897874131450023e-24, nan 
114.125, 54.875, 1.8965049255956068e-24, nan 
114.375, 54.875, 3.547455995035728e-24, nan 
114.625, 54.875, 2.2514230877691187e-24, nan 
114.875, 54.875, 3.865789082928727e-24, nan 
115.125, 54.875, 9.981286978114581e-24, nan 
115.375, 54.875, 1.0705190719896768e-23, nan 
115.625, 54.875, 4.3848709019114305e-24, nan 
115.875, 54.875, 1.2874882321884248e-23, nan 
116.125, 54.875, 1.6707754150251672e-23, nan 
116.375, 54.875, 1.2409214801568757e-23, nan 
116.625, 54.875, 6.601030260727797e-24, nan 
116.875, 54.875, 9.407524030136182e-24, nan 
117.125, 54.875, 9.477944089974155e-24, nan 
117.375, 54.875, 6.22967181343684e-24, nan 
117.625, 54.875, 1.2595180874031039e-23, nan 
117.875, 54.875, 1.2823415788920867e-23, nan 
118.125, 54.875, 7.379366260500117e-24, nan 
118.375, 54.875, 4.580411011681346e-24, nan 
118.625, 54.875, 3.980613430108015e-24, nan 
118.875, 54.875, 4.375437878830681e-24, nan 
119.125, 54.875, 6.619512139146542e-24, nan 
119.375, 54.875, 1.187563039837917e-23, nan 
119.625, 54.875, 1.0512572580106229e-23, nan 
119.875, 54.875, 5.220415287547614e-24, nan 
120.125, 54.875, 6.0988325532868805e-24, nan 
120.375, 54.875, 7.361382936694374e-24, nan 
120.625, 54.875, 6.331737036796866e-24, nan 
120.875, 54.875, 5.2453502608936e-24, nan 
121.125, 54.875, 7.740797600143262e-24, nan 
121.375, 54.875, 7.564195778444442e-24, nan 
121.625, 54.875, 8.028448534545819e-24, nan 
121.875, 54.875, 8.684530445284455e-24, nan 
122.125, 54.875, 1.5081001336099047e-23, nan 
122.375, 54.875, 1.710445043619473e-23, nan 
122.625, 54.875, 1.3821371036331047e-23, nan 
122.875, 54.875, 7.989320587910517e-24, nan 
123.125, 54.875, 7.909512578652084e-24, nan 
123.375, 54.875, 4.48923089450095e-24, nan 
123.625, 54.875, 5.599626557536558e-24, nan 
123.875, 54.875, 8.720107995359313e-24, nan 
124.125, 54.875, 9.8202246964256e-24, nan 
124.375, 54.875, 8.4895360272976e-24, nan 
124.625, 54.875, 7.466764362877859e-24, nan 
124.875, 54.875, 7.334053863260834e-24, nan 
125.125, 54.875, 7.983101422938382e-24, nan 
125.375, 54.875, 7.053745505438548e-24, nan 
125.625, 54.875, 8.521868658911305e-24, nan 
125.875, 54.875, 5.526669551046358e-24, nan 
126.125, 54.875, 5.865277553752183e-24, nan 
126.375, 54.875, 6.3108776478158276e-24, nan 
126.625, 54.875, 1.623994756564857e-23, nan 
126.875, 54.875, 1.8964468049230226e-23, nan 
127.125, 54.875, 7.649424188044295e-24, nan 
127.375, 54.875, 8.226478411835255e-24, nan 
127.625, 54.875, 1.2424850298301765e-23, nan 
127.875, 54.875, 1.9386906652081392e-23, nan 
128.125, 54.875, 1.952963991982856e-23, nan 
128.375, 54.875, 1.333999645762671e-23, nan 
128.625, 54.875, 3.2118233434644455e-23, nan 
128.875, 54.875, 6.385992742311392e-23, nan 
129.125, 54.875, 5.438607925249773e-23, nan 
129.375, 54.875, 3.0562635006484016e-24, nan 
129.625, 54.875, 4.658260117578027e-24, nan 
129.875, 54.875, 8.140995907845256e-24, nan 
130.125, 54.875, 1.3106232434533313e-23, nan 
130.375, 54.875, 4.2156055568491476e-24, nan 
130.625, 54.875, 4.505323511472533e-24, nan 
130.875, 54.875, 1.76805414300847e-24, nan 
131.125, 54.875, 4.7884621378574934e-24, nan 
131.375, 54.875, 7.171456061416397e-24, nan 
131.625, 54.875, 1.2508370347669928e-23, nan 
131.875, 54.875, 1.1115070329830067e-23, nan 
132.125, 54.875, 7.921426383535873e-24, nan 
132.375, 54.875, 3.417127634339304e-23, nan 
132.625, 54.875, 3.8021171376585694e-23, nan 
132.875, 54.875, 2.01856320008041e-23, nan 
133.125, 54.875, 1.9345405976450224e-23, nan 
133.375, 54.875, 1.2645321425728755e-23, nan 
133.625, 54.875, 1.1931459587464334e-23, nan 
133.875, 54.875, 3.465038913662595e-23, nan 
134.125, 54.875, 3.0850921824183835e-23, nan 
134.375, 54.875, 1.1197122556597269e-23, nan 
134.625, 54.875, 1.2280450107028397e-23, nan 
134.875, 54.875, 6.277451473427398e-24, nan 
135.125, 54.875, 1.1887623970680863e-23, nan 
135.375, 54.875, 1.2472053810347156e-23, nan 
135.625, 54.875, 8.171145259964683e-24, nan 
135.875, 54.875, 3.2130719384841366e-24, nan 
136.125, 54.875, 5.563597116195056e-24, nan 
136.375, 54.875, 1.9236936840395444e-23, nan 
136.625, 54.875, 1.7709299965032054e-23, nan 
136.875, 54.875, 5.410036569682933e-24, nan 
137.125, 54.875, 9.338107453212748e-24, nan 
137.375, 54.875, 1.3363223312079127e-23, nan 
137.625, 54.875, 1.3126777915335649e-23, nan 
137.875, 54.875, 1.2656061987708683e-23, nan 
138.125, 54.875, 1.763732919768322e-23, nan 
138.375, 54.875, 1.1775066336584015e-23, nan 
138.625, 54.875, 3.408173138766136e-23, nan 
138.875, 54.875, 3.7492756525190866e-23, nan 
139.125, 54.875, 3.1550966420682e-23, nan 
139.375, 54.875, 6.427505015692856e-23, nan 
139.625, 54.875, 4.012123800318462e-23, nan 
139.875, 54.875, 2.4134815327454357e-23, nan 
140.125, 54.875, 3.588875913135154e-23, nan 
140.375, 54.875, 3.865886511081213e-23, nan 
140.625, 54.875, 2.0393883820505095e-23, nan 
140.875, 54.875, 7.69083967170494e-24, nan 
141.125, 54.875, 1.8432836835628622e-23, nan 
141.375, 54.875, 2.029638534143922e-23, nan 
141.625, 54.875, 1.812647508938854e-23, nan 
141.875, 54.875, 1.2813070437409547e-23, nan 
142.125, 54.875, 8.143695104605135e-24, nan 
142.375, 54.875, 8.391976479717805e-24, nan 
142.625, 54.875, 1.4986238738586493e-23, nan 
142.875, 54.875, 2.5037674596230207e-23, nan 
143.125, 54.875, 2.2783933143202098e-23, nan 
143.375, 54.875, 5.641980057804932e-23, nan 
143.625, 54.875, 4.7845262015581606e-23, nan 
143.875, 54.875, 1.0710189572050624e-23, nan 
144.125, 54.875, 1.2984139602517002e-23, nan 
144.375, 54.875, 1.5567161910824326e-23, nan 
144.625, 54.875, 4.7413189899562447e-23, nan 
144.875, 54.875, 4.67988091090748e-23, nan 
145.125, 54.875, 3.04288474351994e-23, nan 
145.375, 54.875, 3.359279231192159e-23, nan 
145.625, 54.875, 2.570368924598342e-23, nan 
145.875, 54.875, 1.6881132056071713e-23, nan 
146.125, 54.875, 1.5870587195589432e-23, nan 
146.375, 54.875, 2.1526962608555235e-23, nan 
146.625, 54.875, 1.9912410118480867e-23, nan 
146.875, 54.875, 9.247919252445035e-24, nan 
147.125, 54.875, 7.672133851336576e-24, nan 
147.375, 54.875, 8.636424904166721e-24, nan 
147.625, 54.875, 8.673659058690364e-24, nan 
147.875, 54.875, 8.3333677623132e-24, nan 
148.125, 54.875, 3.0916385536977216e-23, nan 
148.375, 54.875, 3.6277484682359817e-23, nan 
148.625, 54.875, 2.583743409952685e-23, nan 
148.875, 54.875, 1.880746468183668e-23, nan 
149.125, 54.875, 1.3027931849249032e-23, nan 
149.375, 54.875, 8.338842758885275e-24, nan 
149.625, 54.875, 1.104188214681431e-23, nan 
149.875, 54.875, 1.571593179261751e-23, nan 
150.125, 54.875, 1.2025117843387823e-23, nan 
150.375, 54.875, 1.647491419692904e-23, nan 
150.625, 54.875, 1.6644273088678268e-23, nan 
150.875, 54.875, 2.3520697513983813e-23, nan 
151.125, 54.875, 2.1787054859419307e-23, nan 
151.375, 54.875, 4.3677582402375415e-23, nan 
151.625, 54.875, 2.0362493115110217e-23, nan 
151.875, 54.875, 1.9797801978624948e-23, nan 
152.125, 54.875, 3.6841347626489296e-23, nan 
152.375, 54.875, 4.8519970869938975e-23, nan 
152.625, 54.875, 4.1582779933743515e-23, nan 
152.875, 54.875, 3.4352816745791804e-23, nan 
153.125, 54.875, 2.2682025290880493e-23, nan 
153.375, 54.875, 1.622293338863098e-23, nan 
153.625, 54.875, 2.662516722229627e-23, nan 
153.875, 54.875, 2.4268678068693424e-23, nan 
154.125, 54.875, 4.035643800057879e-23, nan 
154.375, 54.875, 8.820931316397948e-23, nan 
154.625, 54.875, 1.0716943410635506e-22, nan 
154.875, 54.875, 7.391307576639281e-23, nan 
155.125, 54.875, 4.7896393983345915e-23, nan 
155.375, 54.875, 3.35075980576732e-23, nan 
155.625, 54.875, 2.1732666028547345e-23, nan 
155.875, 54.875, 5.1431643720485184e-23, nan 
156.125, 54.875, 5.053053805823593e-23, nan 
156.375, 54.875, 4.2115014544737805e-23, nan 
156.625, 54.875, 6.545521497012834e-23, nan 
156.875, 54.875, 7.672712796309177e-23, nan 
157.125, 54.875, 8.802390334800488e-23, nan 
157.375, 54.875, 8.431922030702599e-23, nan 
157.625, 54.875, 2.8157189124464914e-23, nan 
157.875, 54.875, 2.6230359632309912e-23, nan 
158.125, 54.875, 4.1544376131480066e-23, nan 
158.375, 54.875, 4.269231897023444e-23, nan 
158.625, 54.875, 3.4590087555688836e-23, nan 
158.875, 54.875, 3.642368523010751e-23, nan 
159.125, 54.875, 3.5657992915859286e-23, nan 
159.375, 54.875, 3.212145267575491e-23, nan 
159.625, 54.875, 4.3413569696012763e-23, nan 
159.875, 54.875, 2.2269372647513386e-23, nan 
160.125, 54.875, 1.5955993273709593e-23, nan 
160.375, 54.875, 6.12803475668445e-24, nan 
160.625, 54.875, 4.11231094271872e-23, nan 
160.875, 54.875, 5.111008021081265e-23, nan 
161.125, 54.875, 7.393118024434476e-23, nan 
161.375, 54.875, 7.596895567557646e-23, nan 
161.625, 54.875, 4.495727490367694e-23, nan 
161.875, 54.875, 4.4549979805855135e-23, nan 
162.125, 54.875, 4.301044863495973e-23, nan 
162.375, 54.875, 7.609689908323586e-23, nan 
162.625, 54.875, 1.0909550716962394e-22, nan 
162.875, 54.875, 6.492362655304812e-23, nan 
163.125, 54.875, 3.94167270152712e-23, nan 
163.375, 54.875, 4.736424029461233e-23, nan 
163.625, 54.875, 4.389818652442722e-23, nan 
163.875, 54.875, 1.010691236951799e-22, nan 
164.125, 54.875, 1.1544743785595928e-22, nan 
164.375, 54.875, 1.0308468654753364e-22, nan 
164.625, 54.875, 9.024944595169756e-23, nan 
164.875, 54.875, 1.2377309751841333e-22, nan 
165.125, 54.875, 1.2597300302687692e-22, nan 
165.375, 54.875, 1.1503343913555958e-22, nan 
165.625, 54.875, 7.106151524563078e-23, nan 
165.875, 54.875, 3.8128334157430405e-23, nan 
166.125, 54.875, 7.247492192916482e-23, nan 
166.375, 54.875, 2.487698208600572e-22, nan 
166.625, 54.875, 2.468784517743032e-22, nan 
166.875, 54.875, 1.467575520534129e-22, nan 
167.125, 54.875, 1.1958716775351377e-22, nan 
167.375, 54.875, 8.145515951989603e-23, nan 
167.625, 54.875, 5.1858464163569486e-23, nan 
167.875, 54.875, 3.9329750576755176e-23, nan 
168.125, 54.875, 4.043499478169804e-23, nan 
168.375, 54.875, 3.3162562171725005e-23, nan 
168.625, 54.875, 2.246048040193122e-23, nan 
168.875, 54.875, 1.8924463735979297e-23, nan 
169.125, 54.875, 1.9109706165722204e-23, nan 
169.375, 54.875, 4.728874902125906e-23, nan 
169.625, 54.875, 5.393133783862588e-23, nan 
169.875, 54.875, 1.218001444033781e-22, nan 
170.125, 54.875, 9.646595987552386e-23, nan 
170.375, 54.875, 1.540598242641122e-22, nan 
170.625, 54.875, 2.1728060159632124e-22, nan 
170.875, 54.875, 3.489094185506314e-22, nan 
171.125, 54.875, 1.0004908102032286e-22, nan 
171.375, 54.875, 1.6879429785488431e-22, nan 
171.625, 54.875, 1.6200102380006501e-22, nan 
171.875, 54.875, 1.729969060011603e-22, nan 
172.125, 54.875, 1.4246067135403376e-22, nan 
172.375, 54.875, 1.375241430971254e-22, nan 
172.625, 54.875, 1.7470538560268175e-22, nan 
172.875, 54.875, 1.356393139013129e-22, nan 
173.125, 54.875, 5.528814125475063e-23, nan 
173.375, 54.875, 3.868895900715562e-23, nan 
173.625, 54.875, 4.091595488885459e-23, nan 
173.875, 54.875, 2.815704220136648e-23, nan 
174.125, 54.875, 6.835983618135998e-24, nan 
174.375, 54.875, 2.3167380976272478e-23, nan 
174.625, 54.875, 2.9397365666115244e-23, nan 
174.875, 54.875, 2.1376581273066054e-23, nan 
175.125, 54.875, 3.118637947080443e-23, nan 
175.375, 54.875, 4.6937761612991894e-23, nan 
175.625, 54.875, 9.269032432383218e-23, nan 
175.875, 54.875, 4.9454099580691277e-23, nan 
176.125, 54.875, 2.189128088176896e-23, nan 
176.375, 54.875, 1.9093108484599664e-24, nan 
176.625, 54.875, 4.9799491944823156e-24, nan 
176.875, 54.875, 1.172090198460314e-23, nan 
177.125, 54.875, 9.95853777215778e-24, nan 
177.375, 54.875, 3.916137669640549e-23, nan 
177.625, 54.875, 7.155922205755339e-23, nan 
177.875, 54.875, 6.100712857382947e-23, nan 
178.125, 54.875, 2.0270908971000243e-23, nan 
178.375, 54.875, 1.556775491260564e-23, nan 
178.625, 54.875, 6.753315934288596e-24, nan 
178.875, 54.875, 1.8514687055920396e-23, nan 
179.125, 54.875, 2.0355889574539967e-23, nan 
179.375, 54.875, 1.084635568068166e-23, nan 
179.625, 54.875, 1.7739524368210493e-23, nan 
179.875, 54.875, 2.0194342969767822e-23, nan 
-179.875, 55.125, 1.2359424309874868e-23, nan 
-179.625, 55.125, 1.6800018471633484e-23, nan 
-179.375, 55.125, 2.4432952701766727e-23, nan 
-179.125, 55.125, 2.910538285480543e-23, nan 
-178.875, 55.125, 2.320543242441818e-23, nan 
-178.625, 55.125, 6.247276945493642e-24, nan 
-178.375, 55.125, 2.6854735640521072e-24, nan 
-178.125, 55.125, 4.346194683114831e-24, nan 
-177.875, 55.125, 3.641246327980875e-24, nan 
-177.625, 55.125, 2.872646203425145e-24, nan 
-177.375, 55.125, 2.826866089388827e-24, nan 
-177.125, 55.125, 4.3910719651448664e-24, nan 
-176.875, 55.125, 6.884764941242388e-24, nan 
-176.625, 55.125, 7.465313269712872e-24, nan 
-176.375, 55.125, 4.7093850627425215e-24, nan 
-176.125, 55.125, 1.1924094450925943e-23, nan 
-175.875, 55.125, 1.8081837643061234e-23, nan 
-175.625, 55.125, 6.070431680798783e-23, nan 
-175.375, 55.125, 1.2713353147496223e-22, nan 
-175.125, 55.125, 1.0252612802999153e-22, nan 
-174.875, 55.125, 4.245245179866076e-23, nan 
-174.625, 55.125, 3.990676794947773e-23, nan 
-174.375, 55.125, 3.066941893936797e-23, nan 
-174.125, 55.125, 3.294962630645872e-23, nan 
-173.875, 55.125, 2.5230800495972966e-23, nan 
-173.625, 55.125, 1.0904454236698393e-23, nan 
-173.375, 55.125, 2.044900193329257e-23, nan 
-173.125, 55.125, 3.488579095232484e-23, nan 
-172.875, 55.125, 2.3030833024663038e-23, nan 
-172.625, 55.125, 8.40474059797529e-24, nan 
-172.375, 55.125, 7.356624563264026e-24, nan 
-172.125, 55.125, 2.3814022222698806e-24, nan 
-171.875, 55.125, 5.020342932365075e-24, nan 
-171.625, 55.125, 1.2693382572120483e-23, nan 
-171.375, 55.125, 2.2887220793907422e-23, nan 
-171.125, 55.125, 4.52188857998939e-23, nan 
-170.875, 55.125, 6.129729397193164e-23, nan 
-170.625, 55.125, 5.678577276025481e-23, nan 
-170.375, 55.125, 2.6175957214653704e-23, nan 
-170.125, 55.125, 2.5981995672730987e-23, nan 
-169.875, 55.125, 1.9518551457324457e-23, nan 
-169.625, 55.125, 9.958428760279763e-24, nan 
-169.375, 55.125, 7.35861790538423e-24, nan 
-169.125, 55.125, 1.6846115707017563e-23, nan 
-168.875, 55.125, 2.0072492327388354e-23, nan 
-168.625, 55.125, 1.530659027291417e-23, nan 
-168.375, 55.125, 1.5405889435496634e-23, nan 
-168.125, 55.125, 1.8348983122219065e-23, nan 
-167.875, 55.125, 1.959514633616782e-23, nan 
-167.625, 55.125, 1.575122825594533e-23, nan 
-167.375, 55.125, 1.0895430001267806e-23, nan 
-167.125, 55.125, 9.368680899318193e-24, nan 
-166.875, 55.125, 6.1748505499504024e-24, nan 
-166.625, 55.125, 6.37903692431565e-24, nan 
-166.375, 55.125, 5.9480516139143146e-24, nan 
-166.125, 55.125, 1.7468383902989388e-23, nan 
-165.875, 55.125, 2.1448614007162033e-23, nan 
-165.625, 55.125, 1.5046014193091692e-23, nan 
-165.375, 55.125, 8.118912509264988e-24, nan 
-165.125, 55.125, 7.368376920726182e-24, nan 
-164.875, 55.125, 7.020602912155842e-24, nan 
-164.625, 55.125, 1.985204871591994e-23, nan 
-164.375, 55.125, 1.3274334394932542e-23, nan 
-164.125, 55.125, 1.0709321750283459e-23, nan 
-163.875, 55.125, 1.1937269908430606e-23, nan 
-163.625, 55.125, 7.345130030017608e-24, nan 
-163.375, 55.125, 5.5522292742117696e-24, nan 
-163.125, 55.125, 1.397189819807019e-23, nan 
-162.875, 55.125, 2.0009661566426216e-23, nan 
-162.625, 55.125, 2.39284033280459e-23, nan 
-162.375, 55.125, 1.710416345658937e-23, nan 
-162.125, 55.125, 4.594792347912928e-24, nan 
-161.875, 55.125, 1.2238796950309246e-23, nan 
-161.625, 55.125, 1.0814573982492517e-23, nan 
-161.375, 55.125, 8.886927143670161e-24, nan 
-161.125, 55.125, 5.1252874844983324e-24, nan 
-160.875, 55.125, 5.107760150792282e-24, nan 
-160.625, 55.125, 7.994983510204546e-24, nan 
-160.375, 55.125, 1.0862368188325628e-23, nan 
-160.125, 55.125, 6.0277449502680675e-24, nan 
-159.875, 55.125, 6.090329489365182e-24, nan 
-159.625, 55.125, 7.530939305508246e-24, nan 
-159.375, 55.125, 7.022340874816711e-24, nan 
-159.125, 55.125, 5.098595330265664e-24, nan 
-158.875, 55.125, 2.0132137894616518e-24, nan 
-158.625, 55.125, 1.7877392120429582e-23, nan 
-158.375, 55.125, 2.0711908362270888e-23, nan 
-158.125, 55.125, 1.366400618369096e-23, nan 
-157.875, 55.125, 9.492921930584881e-24, nan 
-157.625, 55.125, 5.76863282538373e-24, nan 
-157.375, 55.125, 8.422498249915217e-24, nan 
-157.125, 55.125, 4.729085380505478e-24, nan 
-156.875, 55.125, 9.988972394592131e-25, nan 
-156.625, 55.125, 7.505992825215064e-24, nan 
-156.375, 55.125, 7.360863246237247e-24, nan 
-156.125, 55.125, 2.2365789904664006e-24, nan 
-155.875, 55.125, 2.3768146720614137e-24, nan 
-155.625, 55.125, 6.124939189929444e-25, nan 
-155.375, 55.125, 2.8157406751864817e-24, nan 
-155.125, 55.125, 6.198538893551757e-24, nan 
-154.875, 55.125, 4.1341359683484654e-24, nan 
-154.625, 55.125, 2.584097059413363e-24, nan 
-154.375, 55.125, 2.4268796230623128e-24, nan 
-154.125, 55.125, 4.369388654020426e-24, nan 
-153.875, 55.125, 1.7941214619716513e-23, nan 
-153.625, 55.125, 1.8764655103761546e-23, nan 
-153.375, 55.125, 9.26744170989335e-24, nan 
-153.125, 55.125, 9.442534708016347e-24, nan 
-152.875, 55.125, 8.427474981911978e-24, nan 
-152.625, 55.125, 5.090253612721114e-24, nan 
-152.375, 55.125, 1.0241716439368067e-23, nan 
-152.125, 55.125, 1.0879328425794349e-23, nan 
-151.875, 55.125, 6.0773841467697475e-24, nan 
-151.625, 55.125, 6.3451268271346344e-24, nan 
-151.375, 55.125, 4.791455425833418e-24, nan 
-151.125, 55.125, 3.5629352607482726e-24, nan 
-150.875, 55.125, 3.567405992362152e-24, nan 
-150.625, 55.125, 3.881706425255066e-24, nan 
-150.375, 55.125, 2.3918179657433496e-24, nan 
-150.125, 55.125, 8.340075340644863e-24, nan 
-149.875, 55.125, 1.688465368143373e-23, nan 
-149.625, 55.125, 2.7203616673851254e-23, nan 
-149.375, 55.125, 2.7824375987506064e-23, nan 
-149.125, 55.125, 1.7677973599308632e-23, nan 
-148.875, 55.125, 2.4546248538378682e-23, nan 
-148.625, 55.125, 2.655056632371409e-23, nan 
-148.375, 55.125, 2.6942153367127766e-23, nan 
-148.125, 55.125, 2.4740499835342538e-23, nan 
-147.875, 55.125, 1.9902092410237862e-22, nan 
-147.625, 55.125, 2.271908911658081e-22, nan 
-147.375, 55.125, 2.1551866908088605e-22, nan 
-147.125, 55.125, 1.9985898216563194e-22, nan 
-146.875, 55.125, 1.7482763511235095e-22, nan 
-146.625, 55.125, 1.6858003924430462e-22, nan 
-146.375, 55.125, 1.8767029355551536e-22, nan 
-146.125, 55.125, 1.9208998962832999e-22, nan 
-145.875, 55.125, 2.29487984159886e-22, nan 
-145.625, 55.125, 2.573612833544949e-22, nan 
-145.375, 55.125, 2.09626770030523e-22, nan 
-145.125, 55.125, 6.302610534038055e-23, nan 
-144.875, 55.125, 2.651665404753593e-23, nan 
-144.625, 55.125, 2.714441774982683e-23, nan 
-144.375, 55.125, 1.1441810188593612e-23, nan 
-144.125, 55.125, 1.0973464704328773e-23, nan 
-143.875, 55.125, 7.160997089485026e-24, nan 
-143.625, 55.125, 1.3358671133950955e-23, nan 
-143.375, 55.125, 1.716888533605173e-23, nan 
-143.125, 55.125, 1.3797325210117425e-23, nan 
-142.875, 55.125, 6.697356886938249e-24, nan 
-142.625, 55.125, 4.822556231872059e-24, nan 
-142.375, 55.125, 5.563002395238752e-24, nan 
-142.125, 55.125, 2.153589771473752e-24, nan 
-141.875, 55.125, 3.693178771643785e-24, nan 
-141.625, 55.125, 4.8724733022460424e-24, nan 
-141.375, 55.125, 4.0050261499235186e-24, nan 
-141.125, 55.125, 7.167846558195462e-25, nan 
-140.875, 55.125, 1.790204576141542e-24, nan 
-140.625, 55.125, 2.224584487169258e-24, nan 
-140.375, 55.125, 4.820355162206174e-24, nan 
-140.125, 55.125, 4.743410996255245e-24, nan 
112.125, 55.125, 6.2713430856815114e-24, nan 
112.375, 55.125, 6.358871845023292e-24, nan 
112.625, 55.125, 3.765416476087032e-24, nan 
112.875, 55.125, 2.8043393676730993e-24, nan 
113.125, 55.125, 6.158622955660367e-24, nan 
113.375, 55.125, 7.131229705961292e-24, nan 
113.625, 55.125, 5.793854153132803e-24, nan 
113.875, 55.125, 3.738632274956299e-24, nan 
114.125, 55.125, 2.7424537873872366e-24, nan 
114.375, 55.125, 3.0323106887473173e-24, nan 
114.625, 55.125, 5.976718770885965e-24, nan 
114.875, 55.125, 6.588488675081098e-24, nan 
115.125, 55.125, 6.636692160697102e-24, nan 
115.375, 55.125, 4.459010548220754e-24, nan 
115.625, 55.125, 3.514480921180462e-24, nan 
115.875, 55.125, 3.842379998568881e-24, nan 
116.125, 55.125, 1.0062511978525307e-23, nan 
116.375, 55.125, 1.4705485457699914e-23, nan 
116.625, 55.125, 1.0786470461925269e-23, nan 
116.875, 55.125, 4.581918451615382e-24, nan 
117.125, 55.125, 2.7248477325112816e-24, nan 
117.375, 55.125, 5.762948352662455e-24, nan 
117.625, 55.125, 5.746521790923811e-24, nan 
117.875, 55.125, 3.713229447140494e-24, nan 
118.125, 55.125, 7.508090315327256e-24, nan 
118.375, 55.125, 8.101699145831933e-24, nan 
118.625, 55.125, 6.548257049041873e-24, nan 
118.875, 55.125, 8.295726540202894e-24, nan 
119.125, 55.125, 8.90971375054155e-24, nan 
119.375, 55.125, 1.8604860834443837e-23, nan 
119.625, 55.125, 1.955029868003543e-23, nan 
119.875, 55.125, 4.9976123942916396e-24, nan 
120.125, 55.125, 4.4155467339106456e-24, nan 
120.375, 55.125, 6.064312317315468e-24, nan 
120.625, 55.125, 6.975618503929287e-24, nan 
120.875, 55.125, 6.577519645377977e-24, nan 
121.125, 55.125, 6.438881540900127e-24, nan 
121.375, 55.125, 7.639478254325183e-24, nan 
121.625, 55.125, 9.790106363835941e-24, nan 
121.875, 55.125, 9.089584518030846e-24, nan 
122.125, 55.125, 8.39011156925162e-24, nan 
122.375, 55.125, 7.909591442002109e-24, nan 
122.625, 55.125, 1.3098435164542804e-23, nan 
122.875, 55.125, 1.2133780534271742e-23, nan 
123.125, 55.125, 1.2061785128626225e-23, nan 
123.375, 55.125, 7.156284591990006e-24, nan 
123.625, 55.125, 1.9240425378246513e-24, nan 
123.875, 55.125, 3.886613204751393e-24, nan 
124.125, 55.125, 7.69372669664503e-24, nan 
124.375, 55.125, 6.5438402733768984e-24, nan 
124.625, 55.125, 4.494854569509764e-24, nan 
124.875, 55.125, 3.988613533807878e-24, nan 
125.125, 55.125, 2.8076701791202634e-24, nan 
125.375, 55.125, 8.736324175394752e-24, nan 
125.625, 55.125, 1.1549147797011224e-23, nan 
125.875, 55.125, 5.899314159111251e-24, nan 
126.125, 55.125, 5.8801925096938135e-24, nan 
126.375, 55.125, 6.53316869003209e-24, nan 
126.625, 55.125, 2.762611421018428e-24, nan 
126.875, 55.125, 1.3226566541992278e-23, nan 
127.125, 55.125, 1.0318834227769533e-23, nan 
127.375, 55.125, 8.049272806426327e-24, nan 
127.625, 55.125, 1.1980706949064707e-23, nan 
127.875, 55.125, 1.4375207419797165e-23, nan 
128.125, 55.125, 1.7242482547702412e-23, nan 
128.375, 55.125, 1.900153448089708e-23, nan 
128.625, 55.125, 1.7753489493527598e-23, nan 
128.875, 55.125, 3.902500479807248e-23, nan 
129.125, 55.125, 4.377152045676864e-23, nan 
129.375, 55.125, 1.2721413187531066e-23, nan 
129.625, 55.125, 1.4271229369645255e-23, nan 
129.875, 55.125, 2.4289991000278645e-23, nan 
130.125, 55.125, 3.0708596711203184e-23, nan 
130.375, 55.125, 1.8289322270404458e-23, nan 
130.625, 55.125, 7.165562897094353e-24, nan 
130.875, 55.125, 6.619146323375458e-24, nan 
131.125, 55.125, 4.727041587307951e-24, nan 
131.375, 55.125, 4.602258184823524e-24, nan 
131.625, 55.125, 3.796230756910576e-24, nan 
131.875, 55.125, 9.420778351905866e-24, nan 
132.125, 55.125, 2.7412848427412684e-23, nan 
132.375, 55.125, 3.2690094184746e-23, nan 
132.625, 55.125, 1.380479334960775e-23, nan 
132.875, 55.125, 1.3754309718626572e-23, nan 
133.125, 55.125, 2.1164610360058424e-23, nan 
133.375, 55.125, 3.489095939927004e-23, nan 
133.625, 55.125, 3.3200991982861344e-23, nan 
133.875, 55.125, 1.663383030570605e-23, nan 
134.125, 55.125, 2.3189326902790264e-23, nan 
134.375, 55.125, 2.4274680937215273e-23, nan 
134.625, 55.125, 1.7589606641243624e-23, nan 
134.875, 55.125, 1.0547321199891246e-23, nan 
135.125, 55.125, 1.6085200464554702e-23, nan 
135.375, 55.125, 1.3474207766841517e-23, nan 
135.625, 55.125, 3.1840278977074917e-24, nan 
135.875, 55.125, 4.652239237492387e-24, nan 
136.125, 55.125, 3.94095925866046e-24, nan 
136.375, 55.125, 2.196840987686194e-23, nan 
136.625, 55.125, 2.2644301942242336e-23, nan 
136.875, 55.125, 5.753262165007663e-24, nan 
137.125, 55.125, 3.1174425414554754e-24, nan 
137.375, 55.125, 4.17601910454866e-24, nan 
137.625, 55.125, 6.470551401771055e-24, nan 
137.875, 55.125, 9.370538974498074e-24, nan 
138.125, 55.125, 8.152115888674713e-24, nan 
138.375, 55.125, 3.142446899590102e-23, nan 
138.625, 55.125, 3.506511474171081e-23, nan 
138.875, 55.125, 2.7234932272088085e-23, nan 
139.125, 55.125, 4.4731172580814554e-23, nan 
139.375, 55.125, 3.555393030612348e-23, nan 
139.625, 55.125, 1.6254179212468357e-23, nan 
139.875, 55.125, 2.796194218690526e-23, nan 
140.125, 55.125, 2.640322621364029e-23, nan 
140.375, 55.125, 2.724787789819798e-23, nan 
140.625, 55.125, 1.0574604557366881e-23, nan 
140.875, 55.125, 2.6473793015299634e-23, nan 
141.125, 55.125, 2.4636832859203644e-23, nan 
141.375, 55.125, 8.615670360796907e-24, nan 
141.625, 55.125, 8.121464732053683e-24, nan 
141.875, 55.125, 5.987852607408621e-24, nan 
142.125, 55.125, 1.471761315388952e-23, nan 
142.375, 55.125, 2.4849590047874393e-23, nan 
142.625, 55.125, 2.3551671999821646e-23, nan 
142.875, 55.125, 1.891569211870906e-23, nan 
143.125, 55.125, 5.720113532287103e-23, nan 
143.375, 55.125, 6.231022519324476e-23, nan 
143.625, 55.125, 7.834078585142185e-24, nan 
143.875, 55.125, 5.84859898994277e-24, nan 
144.125, 55.125, 1.2451813019724209e-23, nan 
144.375, 55.125, 5.695685528561992e-23, nan 
144.625, 55.125, 5.291775696190588e-23, nan 
144.875, 55.125, 1.3619139925149134e-23, nan 
145.125, 55.125, 2.766542845247205e-23, nan 
145.375, 55.125, 2.867897842129628e-23, nan 
145.625, 55.125, 1.2875350897041371e-23, nan 
145.875, 55.125, 1.735164829423036e-23, nan 
146.125, 55.125, 7.218401623346412e-24, nan 
146.375, 55.125, 2.9873796311187915e-23, nan 
146.625, 55.125, 3.266311599318794e-23, nan 
146.875, 55.125, 1.0679420534496703e-23, nan 
147.125, 55.125, 1.3589021036951147e-23, nan 
147.375, 55.125, 8.649872786627176e-24, nan 
147.625, 55.125, 2.2158712945073013e-23, nan 
147.875, 55.125, 2.3583816179266693e-23, nan 
148.125, 55.125, 1.1613289209612956e-23, nan 
148.375, 55.125, 1.0144611997517587e-23, nan 
148.625, 55.125, 2.34475910519614e-23, nan 
148.875, 55.125, 2.7380234741689026e-23, nan 
149.125, 55.125, 2.0222889928688837e-23, nan 
149.375, 55.125, 8.97170895583762e-24, nan 
149.625, 55.125, 1.550663822792028e-23, nan 
149.875, 55.125, 1.8413002266101006e-23, nan 
150.125, 55.125, 2.22217997954426e-23, nan 
150.375, 55.125, 1.1214799786327804e-23, nan 
150.625, 55.125, 1.08625710798033e-23, nan 
150.875, 55.125, 7.338489118777156e-24, nan 
151.125, 55.125, 7.63875706477499e-23, nan 
151.375, 55.125, 1.0457768369190887e-22, nan 
151.625, 55.125, 5.488942615090482e-23, nan 
151.875, 55.125, 2.3095641575193665e-23, nan 
152.125, 55.125, 2.9991032920988936e-23, nan 
152.375, 55.125, 4.052835510179545e-23, nan 
152.625, 55.125, 4.4228623044023715e-23, nan 
152.875, 55.125, 3.321162241714882e-23, nan 
153.125, 55.125, 2.0698452344385054e-23, nan 
153.375, 55.125, 1.6787621248617202e-23, nan 
153.625, 55.125, 1.502847470491827e-23, nan 
153.875, 55.125, 8.977819331185812e-23, nan 
154.125, 55.125, 1.0311901998751412e-22, nan 
154.375, 55.125, 7.805546739074857e-23, nan 
154.625, 55.125, 9.093646798711153e-23, nan 
154.875, 55.125, 8.54646347456402e-23, nan 
155.125, 55.125, 5.2512293508676506e-23, nan 
155.375, 55.125, 4.3520210743174585e-23, nan 
155.625, 55.125, 4.548854546088534e-23, nan 
155.875, 55.125, 2.982802106443547e-23, nan 
156.125, 55.125, 5.147022850894729e-23, nan 
156.375, 55.125, 1.0137217494828711e-22, nan 
156.625, 55.125, 6.622584742748537e-23, nan 
156.875, 55.125, 5.977893544106741e-23, nan 
157.125, 55.125, 7.379220393103832e-23, nan 
157.375, 55.125, 5.2007716081509795e-23, nan 
157.625, 55.125, 2.5165865364428246e-23, nan 
157.875, 55.125, 2.297879775180061e-23, nan 
158.125, 55.125, 4.4719300982100993e-23, nan 
158.375, 55.125, 4.193795262806091e-23, nan 
158.625, 55.125, 2.693596481098287e-23, nan 
158.875, 55.125, 4.1931532475589367e-23, nan 
159.125, 55.125, 3.791425569265974e-23, nan 
159.375, 55.125, 8.290943367445726e-23, nan 
159.625, 55.125, 1.2222547783960896e-22, nan 
159.875, 55.125, 8.558710499606211e-23, nan 
160.125, 55.125, 5.664755300071384e-23, nan 
160.375, 55.125, 1.8221748397839878e-23, nan 
160.625, 55.125, 4.00490055175282e-23, nan 
160.875, 55.125, 4.0159169047494205e-23, nan 
161.125, 55.125, 8.010125573937673e-23, nan 
161.375, 55.125, 8.902040519141535e-23, nan 
161.625, 55.125, 6.1589984814883e-23, nan 
161.875, 55.125, 4.1919488476044935e-23, nan 
162.125, 55.125, 3.850750983452912e-23, nan 
162.375, 55.125, 7.095124400050667e-23, nan 
162.625, 55.125, 1.2339272263250315e-22, nan 
162.875, 55.125, 1.0376918245592602e-22, nan 
163.125, 55.125, 1.1792033849706384e-22, nan 
163.375, 55.125, 6.126220917945854e-23, nan 
163.625, 55.125, 7.167355294221462e-23, nan 
163.875, 55.125, 1.1090564224109466e-22, nan 
164.125, 55.125, 1.309574547105458e-22, nan 
164.375, 55.125, 1.8551169741654849e-22, nan 
164.625, 55.125, 1.40423188338054e-22, nan 
164.875, 55.125, 7.293048790598014e-23, nan 
165.125, 55.125, 7.02339627848569e-23, nan 
165.375, 55.125, 6.186836848023578e-23, nan 
165.625, 55.125, 5.732437474394076e-23, nan 
165.875, 55.125, 3.832866140970897e-23, nan 
166.125, 55.125, 1.940267459210507e-22, nan 
166.375, 55.125, 2.124473081747597e-22, nan 
166.625, 55.125, 1.430901723616422e-22, nan 
166.875, 55.125, 1.4779320672090206e-22, nan 
167.125, 55.125, 1.020111555605337e-22, nan 
167.375, 55.125, 9.831093221235814e-23, nan 
167.625, 55.125, 7.105645268178578e-23, nan 
167.875, 55.125, 3.927601802066142e-23, nan 
168.125, 55.125, 5.405564164916599e-23, nan 
168.375, 55.125, 5.016216864841637e-23, nan 
168.625, 55.125, 3.50949203999447e-23, nan 
168.875, 55.125, 2.9368322420543556e-23, nan 
169.125, 55.125, 2.022007314401846e-23, nan 
169.375, 55.125, 9.814878246022909e-23, nan 
169.625, 55.125, 1.9561276562616603e-22, nan 
169.875, 55.125, 2.1502615052155424e-22, nan 
170.125, 55.125, 1.8289926118649118e-22, nan 
170.375, 55.125, 3.3352924775355434e-22, nan 
170.625, 55.125, 5.6826172841689875e-22, nan 
170.875, 55.125, 1.703963637043654e-21, nan 
171.125, 55.125, 1.5540595203022573e-21, nan 
171.375, 55.125, 1.6392286604201423e-21, nan 
171.625, 55.125, 1.4593138363883789e-21, nan 
171.875, 55.125, 9.014492846863721e-22, nan 
172.125, 55.125, 3.363891121827889e-22, nan 
172.375, 55.125, 3.626341388984679e-22, nan 
172.625, 55.125, 1.6643468871828887e-22, nan 
172.875, 55.125, 1.5096041255373582e-22, nan 
173.125, 55.125, 1.0313646345571128e-22, nan 
173.375, 55.125, 4.559430150505407e-23, nan 
173.625, 55.125, 5.2433615689214305e-23, nan 
173.875, 55.125, 4.728440041192722e-23, nan 
174.125, 55.125, 2.673700629600149e-23, nan 
174.375, 55.125, 1.678970173381203e-23, nan 
174.625, 55.125, 2.02165952767824e-23, nan 
174.875, 55.125, 3.045542589714286e-23, nan 
175.125, 55.125, 3.166763006528835e-23, nan 
175.375, 55.125, 3.388046149385258e-23, nan 
175.625, 55.125, 2.742863545871123e-23, nan 
175.875, 55.125, 1.5583447671982593e-23, nan 
176.125, 55.125, 2.3776788940207702e-23, nan 
176.375, 55.125, 1.8731412274881347e-23, nan 
176.625, 55.125, 1.014371720333367e-23, nan 
176.875, 55.125, 1.0008373502701458e-23, nan 
177.125, 55.125, 2.872355865694719e-23, nan 
177.375, 55.125, 3.2968613090794826e-23, nan 
177.625, 55.125, 3.8865353824600646e-23, nan 
177.875, 55.125, 4.15461548352103e-23, nan 
178.125, 55.125, 3.934328229291932e-23, nan 
178.375, 55.125, 3.8096672067043026e-23, nan 
178.625, 55.125, 1.4745552288590746e-23, nan 
178.875, 55.125, 2.5782856871884526e-23, nan 
179.125, 55.125, 2.405662704133718e-23, nan 
179.375, 55.125, 1.300304614142015e-23, nan 
179.625, 55.125, 1.3383013562869664e-23, nan 
179.875, 55.125, 1.4238256302626958e-23, nan 
-179.875, 55.375, 1.1440716785943137e-23, nan 
-179.625, 55.375, 2.9625589412607056e-23, nan 
-179.375, 55.375, 3.3906970122703593e-23, nan 
-179.125, 55.375, 2.5135743749559002e-23, nan 
-178.875, 55.375, 1.875515597700905e-23, nan 
-178.625, 55.375, 4.8126117371146335e-24, nan 
-178.375, 55.375, 4.1073338176345165e-24, nan 
-178.125, 55.375, 2.8101119465992838e-24, nan 
-177.875, 55.375, 3.3082067877315475e-24, nan 
-177.625, 55.375, 2.825418161232883e-24, nan 
-177.375, 55.375, 2.431801534814854e-24, nan 
-177.125, 55.375, 1.8598831309410593e-24, nan 
-176.875, 55.375, 7.04489161581475e-24, nan 
-176.625, 55.375, 1.0830447879279038e-23, nan 
-176.375, 55.375, 1.2347300705492521e-23, nan 
-176.125, 55.375, 1.1885943743103012e-23, nan 
-175.875, 55.375, 2.2617497352268148e-23, nan 
-175.625, 55.375, 4.0382677490305904e-23, nan 
-175.375, 55.375, 7.111339320168446e-23, nan 
-175.125, 55.375, 1.428275558541285e-22, nan 
-174.875, 55.375, 1.3998429737710049e-22, nan 
-174.625, 55.375, 4.7322545437837034e-23, nan 
-174.375, 55.375, 3.7018961616298114e-23, nan 
-174.125, 55.375, 4.010207671897234e-23, nan 
-173.875, 55.375, 4.697750543350399e-23, nan 
-173.625, 55.375, 4.030752128425045e-23, nan 
-173.375, 55.375, 2.4238770244505245e-23, nan 
-173.125, 55.375, 2.5131129104294328e-23, nan 
-172.875, 55.375, 1.312562092888957e-23, nan 
-172.625, 55.375, 8.689188920181743e-24, nan 
-172.375, 55.375, 1.1092264490953172e-23, nan 
-172.125, 55.375, 9.314980786168844e-24, nan 
-171.875, 55.375, 9.966296479853794e-24, nan 
-171.625, 55.375, 1.1118691524878086e-23, nan 
-171.375, 55.375, 1.8666565892121708e-23, nan 
-171.125, 55.375, 2.8331929404013984e-23, nan 
-170.875, 55.375, 4.2353708991574675e-23, nan 
-170.625, 55.375, 4.000040008555599e-23, nan 
-170.375, 55.375, 2.7298954051851083e-23, nan 
-170.125, 55.375, 2.632490721782681e-23, nan 
-169.875, 55.375, 1.9607723601549665e-23, nan 
-169.625, 55.375, 3.0564958343887177e-23, nan 
-169.375, 55.375, 2.649232688203278e-23, nan 
-169.125, 55.375, 7.407940799782368e-24, nan 
-168.875, 55.375, 8.995087445482613e-24, nan 
-168.625, 55.375, 8.543645830006079e-24, nan 
-168.375, 55.375, 1.6945318968507e-23, nan 
-168.125, 55.375, 1.6409143016615578e-23, nan 
-167.875, 55.375, 1.723698098873828e-23, nan 
-167.625, 55.375, 1.694766824051039e-23, nan 
-167.375, 55.375, 1.1728650843014821e-23, nan 
-167.125, 55.375, 1.1654890774019284e-23, nan 
-166.875, 55.375, 7.674537475538761e-24, nan 
-166.625, 55.375, 7.69966477514713e-24, nan 
-166.375, 55.375, 3.790552158894031e-24, nan 
-166.125, 55.375, 2.3538635848261167e-23, nan 
-165.875, 55.375, 2.4726037116647556e-23, nan 
-165.625, 55.375, 1.022527953419444e-23, nan 
-165.375, 55.375, 8.551388318183434e-24, nan 
-165.125, 55.375, 8.376996181103757e-24, nan 
-164.875, 55.375, 2.8467343011992537e-23, nan 
-164.625, 55.375, 5.806900307296399e-23, nan 
-164.375, 55.375, 4.665399571545695e-23, nan 
-164.125, 55.375, 1.4999333275288905e-23, nan 
-163.875, 55.375, 1.4797823365045217e-23, nan 
-163.625, 55.375, 1.316356118412868e-23, nan 
-163.375, 55.375, 3.588632261111453e-24, nan 
-163.125, 55.375, 1.1662389352437677e-23, nan 
-162.875, 55.375, 1.6646048776405835e-23, nan 
-162.625, 55.375, 1.5539442985004166e-23, nan 
-162.375, 55.375, 1.8443521979959744e-23, nan 
-162.125, 55.375, 1.5757735474028605e-23, nan 
-161.875, 55.375, 2.4010611723017846e-24, nan 
-161.625, 55.375, 8.816324668237346e-24, nan 
-161.375, 55.375, 1.3962776998067574e-23, nan 
-161.125, 55.375, 1.4161514490545498e-23, nan 
-160.875, 55.375, 6.634342188172794e-24, nan 
-160.625, 55.375, 7.940350535480567e-24, nan 
-160.375, 55.375, 1.5908004741638015e-23, nan 
-160.125, 55.375, 1.224198954186334e-23, nan 
-159.875, 55.375, 7.001528613615025e-24, nan 
-159.625, 55.375, 1.0332590210537107e-23, nan 
-159.375, 55.375, 7.794047795934589e-24, nan 
-159.125, 55.375, 2.3599898714500866e-24, nan 
-158.875, 55.375, 2.075269451434127e-24, nan 
-158.625, 55.375, 1.0706037825909177e-23, nan 
-158.375, 55.375, 2.1723633956569016e-23, nan 
-158.125, 55.375, 1.9823067393397323e-23, nan 
-157.875, 55.375, 1.0056343852082694e-23, nan 
-157.625, 55.375, 5.102830377305304e-24, nan 
-157.375, 55.375, 4.075529622689775e-24, nan 
-157.125, 55.375, 2.9825381784628898e-24, nan 
-156.875, 55.375, 7.045516752733472e-25, nan 
-156.625, 55.375, 8.76213702526531e-24, nan 
-156.375, 55.375, 9.638736674284796e-24, nan 
-156.125, 55.375, 2.7714867414999526e-24, nan 
-155.875, 55.375, 6.141653050236885e-25, nan 
-155.625, 55.375, 3.192792204180085e-25, nan 
-155.375, 55.375, 6.489140627038654e-25, nan 
-155.125, 55.375, 7.023246273424146e-24, nan 
-154.875, 55.375, 7.471355144095798e-24, nan 
-154.625, 55.375, 5.281667534418334e-24, nan 
-154.375, 55.375, 4.673253758800197e-24, nan 
-154.125, 55.375, 4.844556574972412e-24, nan 
-153.875, 55.375, 1.1610288636425889e-23, nan 
-153.625, 55.375, 1.3708574265002385e-23, nan 
-153.375, 55.375, 8.644687513536847e-24, nan 
-153.125, 55.375, 7.767062804029872e-24, nan 
-152.875, 55.375, 5.954594877415382e-24, nan 
-152.625, 55.375, 3.7236755594438986e-24, nan 
-152.375, 55.375, 5.5215883950854e-24, nan 
-152.125, 55.375, 7.041450879458714e-24, nan 
-151.875, 55.375, 5.048535113793695e-24, nan 
-151.625, 55.375, 4.9041232056609284e-24, nan 
-151.375, 55.375, 9.49902137641773e-24, nan 
-151.125, 55.375, 7.3558934950785e-24, nan 
-150.875, 55.375, 3.1970329636773578e-24, nan 
-150.625, 55.375, 7.929044091326613e-24, nan 
-150.375, 55.375, 6.938720476592817e-24, nan 
-150.125, 55.375, 4.9337368122304066e-24, nan 
-149.875, 55.375, 4.992289249417881e-24, nan 
-149.625, 55.375, 1.2464103495566205e-23, nan 
-149.375, 55.375, 1.7735934516925948e-23, nan 
-149.125, 55.375, 1.996287934321427e-23, nan 
-148.875, 55.375, 2.1950491695193288e-23, nan 
-148.625, 55.375, 3.4763763555524264e-23, nan 
-148.375, 55.375, 2.9785418543874496e-23, nan 
-148.125, 55.375, 2.067347417374918e-23, nan 
-147.875, 55.375, 4.036466156046327e-23, nan 
-147.625, 55.375, 1.1371707625623262e-22, nan 
-147.375, 55.375, 1.738536595559214e-22, nan 
-147.125, 55.375, 1.9798037059193497e-22, nan 
-146.875, 55.375, 1.793401527904282e-22, nan 
-146.625, 55.375, 1.7129009981613321e-22, nan 
-146.375, 55.375, 1.8731491824431718e-22, nan 
-146.125, 55.375, 1.7614201924882716e-22, nan 
-145.875, 55.375, 1.5919587700480087e-22, nan 
-145.625, 55.375, 1.0010807400599419e-22, nan 
-145.375, 55.375, 6.119669469404198e-23, nan 
-145.125, 55.375, 3.3565311457193006e-23, nan 
-144.875, 55.375, 1.7624976403527726e-23, nan 
-144.625, 55.375, 1.2128198797360408e-23, nan 
-144.375, 55.375, 1.8640421111141102e-23, nan 
-144.125, 55.375, 1.7663879103871784e-23, nan 
-143.875, 55.375, 1.6538665296032346e-23, nan 
-143.625, 55.375, 1.8157538280984477e-23, nan 
-143.375, 55.375, 1.363854100828383e-23, nan 
-143.125, 55.375, 7.814373170751603e-25, nan 
-142.875, 55.375, 5.09448686370879e-24, nan 
-142.625, 55.375, 4.500938622644572e-24, nan 
-142.375, 55.375, 7.618979182787738e-24, nan 
-142.125, 55.375, 7.086124514044624e-24, nan 
-141.875, 55.375, 2.4381049954463827e-24, nan 
-141.625, 55.375, 4.592927261477043e-24, nan 
-141.375, 55.375, 4.859162154595134e-24, nan 
-141.125, 55.375, 2.5753700896080658e-24, nan 
-140.875, 55.375, 1.5982423925297775e-24, nan 
-140.625, 55.375, 1.0441358262482101e-24, nan 
-140.375, 55.375, 1.315519618040639e-24, nan 
-140.125, 55.375, 2.312560579822466e-24, nan 
-139.875, 55.375, 2.4447102993948425e-24, nan 
-139.625, 55.375, 5.663451180018602e-24, nan 
111.625, 55.375, 3.917449040527262e-24, nan 
111.875, 55.375, 4.1319668439064414e-24, nan 
112.125, 55.375, 4.241259881328248e-24, nan 
112.375, 55.375, 3.703446303289537e-24, nan 
112.625, 55.375, 4.139490920323422e-24, nan 
112.875, 55.375, 5.849363514217527e-24, nan 
113.125, 55.375, 3.6690868847074506e-24, nan 
113.375, 55.375, 5.462503837298391e-24, nan 
113.625, 55.375, 5.850079822334256e-24, nan 
113.875, 55.375, 4.185336001830021e-24, nan 
114.125, 55.375, 4.264027181233154e-24, nan 
114.375, 55.375, 4.2630867175836955e-24, nan 
114.625, 55.375, 3.750050856437897e-24, nan 
114.875, 55.375, 8.924840016980652e-24, nan 
115.125, 55.375, 8.378749797402302e-24, nan 
115.375, 55.375, 2.432839789212537e-24, nan 
115.625, 55.375, 2.8411283215314224e-24, nan 
115.875, 55.375, 4.736335436527287e-24, nan 
116.125, 55.375, 1.5602648253368334e-23, nan 
116.375, 55.375, 1.5444343668907183e-23, nan 
116.625, 55.375, 4.91582012058184e-24, nan 
116.875, 55.375, 2.797844874794625e-24, nan 
117.125, 55.375, 7.603737035262784e-24, nan 
117.375, 55.375, 1.2494615488162823e-23, nan 
117.625, 55.375, 7.355859103989926e-24, nan 
117.875, 55.375, 3.5916259997451226e-24, nan 
118.125, 55.375, 2.7208540896240152e-24, nan 
118.375, 55.375, 5.440603958162667e-24, nan 
118.625, 55.375, 5.4955631885597085e-24, nan 
118.875, 55.375, 5.443218606720245e-24, nan 
119.125, 55.375, 4.845813984483324e-24, nan 
119.375, 55.375, 9.657125620711379e-24, nan 
119.625, 55.375, 1.6770302454064474e-23, nan 
119.875, 55.375, 1.0465319793512189e-23, nan 
120.125, 55.375, 5.3762030746253115e-24, nan 
120.375, 55.375, 5.2147130833394446e-24, nan 
120.625, 55.375, 3.6676040814205116e-24, nan 
120.875, 55.375, 6.353350613062098e-24, nan 
121.125, 55.375, 9.580825927294191e-24, nan 
121.375, 55.375, 9.59511716606643e-24, nan 
121.625, 55.375, 6.1030985479232806e-24, nan 
121.875, 55.375, 3.31947612944394e-24, nan 
122.125, 55.375, 4.259195668916792e-24, nan 
122.375, 55.375, 4.2213160584447445e-24, nan 
122.625, 55.375, 5.5543559620077226e-24, nan 
122.875, 55.375, 5.007927078289101e-24, nan 
123.125, 55.375, 6.460150586910074e-24, nan 
123.375, 55.375, 3.906986424193462e-24, nan 
123.625, 55.375, 2.9800741408846774e-24, nan 
123.875, 55.375, 5.0603584484719986e-24, nan 
124.125, 55.375, 5.111596982357765e-24, nan 
124.375, 55.375, 3.187567143580039e-24, nan 
124.625, 55.375, 3.2383198126939958e-24, nan 
124.875, 55.375, 1.5252664574016741e-24, nan 
125.125, 55.375, 6.954366360473897e-24, nan 
125.375, 55.375, 1.0488514875777443e-23, nan 
125.625, 55.375, 1.144818978655063e-23, nan 
125.875, 55.375, 8.452499442718637e-24, nan 
126.125, 55.375, 4.194678833803054e-24, nan 
126.375, 55.375, 7.643033345939956e-24, nan 
126.625, 55.375, 1.1700137921014467e-23, nan 
126.875, 55.375, 1.5722599623711574e-23, nan 
127.125, 55.375, 1.3324000423857284e-23, nan 
127.375, 55.375, 3.7935727428980854e-24, nan 
127.625, 55.375, 4.8797908277878854e-24, nan 
127.875, 55.375, 6.465388850387169e-24, nan 
128.125, 55.375, 9.233376479217574e-24, nan 
128.375, 55.375, 1.5292928485603036e-23, nan 
128.625, 55.375, 2.0334432974958146e-23, nan 
128.875, 55.375, 1.9648494956694853e-23, nan 
129.125, 55.375, 4.708682994717704e-23, nan 
129.375, 55.375, 4.300715132971007e-23, nan 
129.625, 55.375, 1.0764833851044495e-23, nan 
129.875, 55.375, 1.2633940990235833e-23, nan 
130.125, 55.375, 1.919648616127594e-23, nan 
130.375, 55.375, 1.810697187692544e-23, nan 
130.625, 55.375, 1.0730529440029992e-23, nan 
130.875, 55.375, 7.219929170190355e-24, nan 
131.125, 55.375, 4.713498128631835e-24, nan 
131.375, 55.375, 5.1354591874970855e-24, nan 
131.625, 55.375, 5.876282203636926e-24, nan 
131.875, 55.375, 1.0081270348271184e-23, nan 
132.125, 55.375, 9.654924827281005e-24, nan 
132.375, 55.375, 2.697056745241165e-23, nan 
132.625, 55.375, 2.858326285707346e-23, nan 
132.875, 55.375, 1.929318699492649e-23, nan 
133.125, 55.375, 1.9530426689966355e-23, nan 
133.375, 55.375, 2.013660988129131e-23, nan 
133.625, 55.375, 2.1626780944907502e-23, nan 
133.875, 55.375, 2.5173439609918182e-23, nan 
134.125, 55.375, 1.337362442076306e-23, nan 
134.375, 55.375, 1.0682737947660728e-23, nan 
134.625, 55.375, 8.794374355386552e-24, nan 
134.875, 55.375, 1.2923635637319919e-23, nan 
135.125, 55.375, 1.054212303549366e-23, nan 
135.375, 55.375, 4.220261660407621e-24, nan 
135.625, 55.375, 9.66703062733199e-24, nan 
135.875, 55.375, 1.2777137664984008e-23, nan 
136.125, 55.375, 6.814987438584684e-24, nan 
136.375, 55.375, 3.0603729959887254e-23, nan 
136.625, 55.375, 3.041929935992052e-23, nan 
136.875, 55.375, 1.310432855603649e-23, nan 
137.125, 55.375, 1.1349790627494158e-23, nan 
137.375, 55.375, 3.4569244835594626e-24, nan 
137.625, 55.375, 5.648108092735075e-24, nan 
137.875, 55.375, 8.271649961683905e-24, nan 
138.125, 55.375, 1.8719061264920852e-23, nan 
138.375, 55.375, 1.9120446976623625e-23, nan 
138.625, 55.375, 4.1346376587724294e-23, nan 
138.875, 55.375, 6.528889950186163e-23, nan 
139.125, 55.375, 5.483021824029869e-23, nan 
139.375, 55.375, 1.417410068156647e-23, nan 
139.625, 55.375, 2.2342600985396297e-22, nan 
139.875, 55.375, 1.8994502463922344e-22, nan 
140.125, 55.375, 6.013197614179743e-23, nan 
140.375, 55.375, 5.0290568777045746e-23, nan 
140.625, 55.375, 4.3372768793045147e-23, nan 
140.875, 55.375, 4.6350492143115923e-23, nan 
141.125, 55.375, 2.1237444225798012e-23, nan 
141.375, 55.375, 1.8398185841939752e-23, nan 
141.625, 55.375, 1.488783778440785e-23, nan 
141.875, 55.375, 1.3818896969695398e-23, nan 
142.125, 55.375, 2.0873460627146586e-23, nan 
142.375, 55.375, 2.4899383954034843e-23, nan 
142.625, 55.375, 2.782701862112985e-23, nan 
142.875, 55.375, 2.6213122211833447e-23, nan 
143.125, 55.375, 3.0385211769342475e-23, nan 
143.375, 55.375, 2.0816681139981202e-23, nan 
143.625, 55.375, 1.3319790022548597e-23, nan 
143.875, 55.375, 8.603246654948984e-24, nan 
144.125, 55.375, 6.799038447778877e-23, nan 
144.375, 55.375, 7.074986860185645e-23, nan 
144.625, 55.375, 2.1060412939256096e-23, nan 
144.875, 55.375, 2.3440232050636772e-23, nan 
145.125, 55.375, 2.368084176992325e-23, nan 
145.375, 55.375, 1.8680228292263235e-23, nan 
145.625, 55.375, 1.200063784420285e-23, nan 
145.875, 55.375, 2.3086757512161576e-23, nan 
146.125, 55.375, 2.9031186642553436e-23, nan 
146.375, 55.375, 4.889578096150251e-23, nan 
146.625, 55.375, 4.897824076366169e-23, nan 
146.875, 55.375, 3.0500825325612115e-23, nan 
147.125, 55.375, 1.7199042818345347e-23, nan 
147.375, 55.375, 5.816609261256915e-24, nan 
147.625, 55.375, 1.6989557931925978e-23, nan 
147.875, 55.375, 1.8790557545580883e-23, nan 
148.125, 55.375, 1.3510046484081613e-23, nan 
148.375, 55.375, 1.1176306040094443e-23, nan 
148.625, 55.375, 9.893306584697582e-24, nan 
148.875, 55.375, 2.748510130260859e-23, nan 
149.125, 55.375, 2.695400559530736e-23, nan 
149.375, 55.375, 3.509549066030551e-23, nan 
149.625, 55.375, 3.693467881001329e-23, nan 
149.875, 55.375, 2.8070200970866537e-23, nan 
150.125, 55.375, 3.57327160718721e-23, nan 
150.375, 55.375, 1.7346787057515324e-23, nan 
150.625, 55.375, 2.0256572021948533e-23, nan 
150.875, 55.375, 3.584801476206472e-23, nan 
151.125, 55.375, 4.140450887137777e-23, nan 
151.375, 55.375, 3.3866051543992234e-23, nan 
151.625, 55.375, 1.992728028160923e-23, nan 
151.875, 55.375, 1.72154948812116e-23, nan 
152.125, 55.375, 1.525578911838215e-23, nan 
152.375, 55.375, 1.0028610392262209e-23, nan 
152.625, 55.375, 2.0078281794624662e-23, nan 
152.875, 55.375, 2.6882631531245885e-23, nan 
153.125, 55.375, 2.1438185187648248e-23, nan 
153.375, 55.375, 1.7230834756159114e-23, nan 
153.625, 55.375, 5.219836199521144e-23, nan 
153.875, 55.375, 7.080221543936273e-23, nan 
154.125, 55.375, 6.598027553869902e-23, nan 
154.375, 55.375, 6.0061258579789e-23, nan 
154.625, 55.375, 6.147866928294572e-23, nan 
154.875, 55.375, 3.878235032257742e-23, nan 
155.125, 55.375, 2.7860163785477334e-23, nan 
155.375, 55.375, 3.726221744781896e-23, nan 
155.625, 55.375, 7.369997854054704e-23, nan 
155.875, 55.375, 6.424001326790858e-23, nan 
156.125, 55.375, 8.65317939511926e-23, nan 
156.375, 55.375, 1.3012995643396042e-22, nan 
156.625, 55.375, 1.0238505689674007e-22, nan 
156.875, 55.375, 8.569920842475075e-23, nan 
157.125, 55.375, 4.571073446214823e-23, nan 
157.375, 55.375, 2.3854285905527807e-23, nan 
157.625, 55.375, 5.774280174027059e-23, nan 
157.875, 55.375, 5.760777841152944e-23, nan 
158.125, 55.375, 4.5865818208435555e-23, nan 
158.375, 55.375, 5.381594815446779e-23, nan 
158.625, 55.375, 4.935775341946616e-23, nan 
158.875, 55.375, 4.2815258344894416e-23, nan 
159.125, 55.375, 4.4241837150515365e-23, nan 
159.375, 55.375, 3.0285322706044066e-23, nan 
159.625, 55.375, 6.279233243916376e-23, nan 
159.875, 55.375, 3.1065713001056176e-23, nan 
160.125, 55.375, 1.7927129550957224e-23, nan 
160.375, 55.375, 2.252634011095551e-23, nan 
160.625, 55.375, 2.6208697219560515e-23, nan 
160.875, 55.375, 1.4916634753206063e-23, nan 
161.125, 55.375, 3.658512955136881e-23, nan 
161.375, 55.375, 4.815843929191985e-23, nan 
161.625, 55.375, 5.068830775057291e-23, nan 
161.875, 55.375, 5.444925971124426e-23, nan 
162.125, 55.375, 6.806349168274826e-23, nan 
162.375, 55.375, 9.816533678537645e-23, nan 
162.625, 55.375, 1.1282742540990623e-22, nan 
162.875, 55.375, 2.1060043480357672e-22, nan 
163.125, 55.375, 3.1299032168961526e-22, nan 
163.375, 55.375, 1.8997373176302792e-22, nan 
163.625, 55.375, 1.1552570241982832e-22, nan 
163.875, 55.375, 2.161311594068522e-22, nan 
164.125, 55.375, 2.8443764420052474e-22, nan 
164.375, 55.375, 2.598630292860969e-22, nan 
164.625, 55.375, 3.7107524647555757e-22, nan 
164.875, 55.375, 3.383788182606494e-22, nan 
165.125, 55.375, 6.300264828877156e-23, nan 
165.375, 55.375, 6.376888720828538e-23, nan 
165.625, 55.375, 3.2103317900289896e-23, nan 
165.875, 55.375, 2.0488913626472112e-23, nan 
166.125, 55.375, 1.7717727553286477e-22, nan 
166.375, 55.375, 1.7755647639890378e-22, nan 
166.625, 55.375, 1.1330741633501366e-22, nan 
166.875, 55.375, 1.1459882010334806e-22, nan 
167.125, 55.375, 6.158757383172781e-23, nan 
167.375, 55.375, 9.566615651567228e-23, nan 
167.625, 55.375, 9.329481429360362e-23, nan 
167.875, 55.375, 7.24660136174604e-23, nan 
168.125, 55.375, 7.912181557079958e-23, nan 
168.375, 55.375, 7.156155305131657e-23, nan 
168.625, 55.375, 6.081149044821919e-23, nan 
168.875, 55.375, 3.8863469591648613e-23, nan 
169.125, 55.375, 5.916918758600598e-23, nan 
169.375, 55.375, 1.7033429071528447e-22, nan 
169.625, 55.375, 2.6998041947682437e-22, nan 
169.875, 55.375, 2.387537373811684e-22, nan 
170.125, 55.375, 2.980296479812741e-22, nan 
170.375, 55.375, 1.004732692013318e-21, nan 
170.625, 55.375, 2.5090132345911867e-21, nan 
170.875, 55.375, 2.723909800526714e-21, nan 
171.125, 55.375, 1.6392702690919028e-21, nan 
171.375, 55.375, 1.7494834245603827e-21, nan 
171.625, 55.375, 1.7951724291064052e-21, nan 
171.875, 55.375, 2.2818373245801283e-21, nan 
172.125, 55.375, 1.8922395173693413e-21, nan 
172.375, 55.375, 4.906462319244296e-22, nan 
172.625, 55.375, 4.600176049239022e-22, nan 
172.875, 55.375, 2.3127637851296553e-22, nan 
173.125, 55.375, 7.482595661098365e-23, nan 
173.375, 55.375, 2.4662657786168114e-23, nan 
173.625, 55.375, 2.5249639452542753e-23, nan 
173.875, 55.375, 2.4424884026048017e-23, nan 
174.125, 55.375, 2.7902102508104603e-23, nan 
174.375, 55.375, 2.3268645930629535e-23, nan 
174.625, 55.375, 4.602253323112944e-23, nan 
174.875, 55.375, 5.311037637017842e-23, nan 
175.125, 55.375, 3.880389205422975e-23, nan 
175.375, 55.375, 6.614579588353314e-23, nan 
175.625, 55.375, 6.924780931889111e-23, nan 
175.875, 55.375, 5.097860242194118e-23, nan 
176.125, 55.375, 1.6611346599335397e-23, nan 
176.375, 55.375, 1.9884666021887185e-23, nan 
176.625, 55.375, 2.889025128427262e-23, nan 
176.875, 55.375, 1.9043586796721698e-23, nan 
177.125, 55.375, 1.8546449281965997e-23, nan 
177.375, 55.375, 3.097948098574498e-23, nan 
177.625, 55.375, 2.6099294047041037e-23, nan 
177.875, 55.375, 5.136251493961945e-23, nan 
178.125, 55.375, 5.593179254417574e-23, nan 
178.375, 55.375, 3.630591507788215e-23, nan 
178.625, 55.375, 2.5928912085865286e-23, nan 
178.875, 55.375, 3.5405054554885766e-23, nan 
179.125, 55.375, 2.958771691013564e-23, nan 
179.375, 55.375, 1.5910385769264907e-23, nan 
179.625, 55.375, 8.658570662277838e-24, nan 
179.875, 55.375, 1.1268161323804287e-23, nan 
-179.875, 55.625, 1.281150617349544e-23, nan 
-179.625, 55.625, 2.5017675551911095e-23, nan 
-179.375, 55.625, 2.988706215004402e-23, nan 
-179.125, 55.625, 2.1871802824536495e-23, nan 
-178.875, 55.625, 1.282295896866784e-23, nan 
-178.625, 55.625, 8.965919569983607e-24, nan 
-178.375, 55.625, 8.375275851785587e-24, nan 
-178.125, 55.625, 8.402418051856003e-24, nan 
-177.875, 55.625, 1.1365170252915451e-23, nan 
-177.625, 55.625, 1.5471344086523323e-23, nan 
-177.375, 55.625, 5.783102898015089e-24, nan 
-177.125, 55.625, 1.8320776113514112e-23, nan 
-176.875, 55.625, 1.982727670609579e-23, nan 
-176.625, 55.625, 1.8909839357906667e-23, nan 
-176.375, 55.625, 1.79857633336161e-23, nan 
-176.125, 55.625, 2.414663067625335e-23, nan 
-175.875, 55.625, 3.209241292127108e-23, nan 
-175.625, 55.625, 1.6923328867889385e-23, nan 
-175.375, 55.625, 1.9985203666386498e-23, nan 
-175.125, 55.625, 7.712774340988913e-23, nan 
-174.875, 55.625, 1.0858133539045563e-22, nan 
-174.625, 55.625, 6.164175197584824e-23, nan 
-174.375, 55.625, 1.9277282889230715e-23, nan 
-174.125, 55.625, 3.888335658089887e-23, nan 
-173.875, 55.625, 4.974496142944367e-23, nan 
-173.625, 55.625, 4.122527123350614e-23, nan 
-173.375, 55.625, 2.3145821442460808e-23, nan 
-173.125, 55.625, 2.3035983818879176e-23, nan 
-172.875, 55.625, 2.3191459819483513e-23, nan 
-172.625, 55.625, 1.8004530568672072e-23, nan 
-172.375, 55.625, 5.6338957765181275e-24, nan 
-172.125, 55.625, 5.980103017671027e-24, nan 
-171.875, 55.625, 1.376287438555611e-23, nan 
-171.625, 55.625, 6.28684842501871e-24, nan 
-171.375, 55.625, 6.670006312137023e-24, nan 
-171.125, 55.625, 1.6087789421464675e-23, nan 
-170.875, 55.625, 2.0347747876670398e-23, nan 
-170.625, 55.625, 2.066675717953702e-23, nan 
-170.375, 55.625, 1.8402628991066023e-23, nan 
-170.125, 55.625, 1.0814509135642013e-23, nan 
-169.875, 55.625, 7.827984695257987e-24, nan 
-169.625, 55.625, 3.550919688625091e-23, nan 
-169.375, 55.625, 3.707523824712076e-23, nan 
-169.125, 55.625, 9.392882577546894e-24, nan 
-168.875, 55.625, 2.1509149125738197e-23, nan 
-168.625, 55.625, 1.824451234289102e-23, nan 
-168.375, 55.625, 1.3020079866527045e-23, nan 
-168.125, 55.625, 1.7299894443395377e-23, nan 
-167.875, 55.625, 1.3040657596962338e-23, nan 
-167.625, 55.625, 1.1437035718463637e-23, nan 
-167.375, 55.625, 1.1489232971218652e-23, nan 
-167.125, 55.625, 1.1621977528208147e-23, nan 
-166.875, 55.625, 1.1253384643469911e-23, nan 
-166.625, 55.625, 6.251611040143025e-24, nan 
-166.375, 55.625, 7.408926914880638e-24, nan 
-166.125, 55.625, 1.5753707210627944e-23, nan 
-165.875, 55.625, 1.9607639607019403e-23, nan 
-165.625, 55.625, 1.2572187916590176e-23, nan 
-165.375, 55.625, 1.0804176013139884e-23, nan 
-165.125, 55.625, 1.3029316491180772e-23, nan 
-164.875, 55.625, 1.3475530452787538e-23, nan 
-164.625, 55.625, 2.2216222115604617e-23, nan 
-164.375, 55.625, 1.6741996473286822e-23, nan 
-164.125, 55.625, 2.5845512689643724e-23, nan 
-163.875, 55.625, 3.1918708793061617e-23, nan 
-163.625, 55.625, 3.5812183456213405e-23, nan 
-163.375, 55.625, 1.5792720851080834e-23, nan 
-163.125, 55.625, 1.0966936980217779e-23, nan 
-162.875, 55.625, 1.4315279527714952e-23, nan 
-162.625, 55.625, 1.0534093149902337e-23, nan 
-162.375, 55.625, 7.262199377144163e-24, nan 
-162.125, 55.625, 1.0279952577676543e-23, nan 
-161.875, 55.625, 1.1015916726207764e-23, nan 
-161.625, 55.625, 3.2009458675966916e-24, nan 
-161.375, 55.625, 3.68644369762962e-24, nan 
-161.125, 55.625, 1.737565991000309e-23, nan 
-160.875, 55.625, 1.820703249184252e-23, nan 
-160.625, 55.625, 1.1933892014971932e-23, nan 
-160.375, 55.625, 1.883435560348844e-23, nan 
-160.125, 55.625, 1.712615997842121e-23, nan 
-159.875, 55.625, 3.431697577366907e-24, nan 
-159.625, 55.625, 1.2382049093793962e-23, nan 
-159.375, 55.625, 1.2062380922802726e-23, nan 
-159.125, 55.625, 5.0036584196446445e-24, nan 
-158.875, 55.625, 1.1361749432210918e-23, nan 
-158.625, 55.625, 6.1401851489513354e-24, nan 
-158.375, 55.625, 2.880800334376242e-23, nan 
-158.125, 55.625, 3.0067547884991656e-23, nan 
-157.875, 55.625, 1.2251882052281453e-23, nan 
-157.625, 55.625, 1.1187562232733142e-23, nan 
-157.375, 55.625, 4.11245800314654e-24, nan 
-157.125, 55.625, 2.9016697339758266e-24, nan 
-156.875, 55.625, 3.0650438586238204e-24, nan 
-156.625, 55.625, 3.0246618911922137e-24, nan 
-156.375, 55.625, 6.744073622204128e-24, nan 
-156.125, 55.625, 7.047078226587759e-24, nan 
-155.875, 55.625, 4.223060155065507e-24, nan 
-155.625, 55.625, 1.510213573510489e-24, nan 
-155.375, 55.625, 2.0173914088028838e-24, nan 
-155.125, 55.625, 5.083787755954466e-24, nan 
-154.875, 55.625, 5.057822784286572e-24, nan 
-154.625, 55.625, 2.787795219752827e-24, nan 
-154.375, 55.625, 8.613776353206067e-24, nan 
-154.125, 55.625, 1.2186629906809857e-23, nan 
-153.875, 55.625, 1.6915339716628357e-23, nan 
-153.625, 55.625, 1.775516850406033e-23, nan 
-153.375, 55.625, 7.171314131582524e-24, nan 
-153.125, 55.625, 5.7347170195117524e-24, nan 
-152.875, 55.625, 5.189175781756456e-24, nan 
-152.625, 55.625, 3.2839034514326376e-24, nan 
-152.375, 55.625, 8.396142643675786e-24, nan 
-152.125, 55.625, 1.467299602518351e-23, nan 
-151.875, 55.625, 3.006868184742196e-23, nan 
-151.625, 55.625, 1.5029943872385108e-23, nan 
-151.375, 55.625, 6.799195615142904e-24, nan 
-151.125, 55.625, 7.810535881998814e-24, nan 
-150.875, 55.625, 5.189323953275095e-24, nan 
-150.625, 55.625, 4.616241868585423e-24, nan 
-150.375, 55.625, 6.639501635470516e-24, nan 
-150.125, 55.625, 9.544652539197029e-24, nan 
-149.875, 55.625, 1.1623496190801407e-23, nan 
-149.625, 55.625, 9.068212297817806e-24, nan 
-149.375, 55.625, 7.411671522986481e-24, nan 
-149.125, 55.625, 2.112779596648243e-23, nan 
-148.875, 55.625, 2.147625152666593e-23, nan 
-148.625, 55.625, 1.0239205615478911e-23, nan 
-148.375, 55.625, 1.5233021159980667e-23, nan 
-148.125, 55.625, 1.748471583723093e-23, nan 
-147.875, 55.625, 2.793322334848697e-23, nan 
-147.625, 55.625, 4.4552094186276167e-23, nan 
-147.375, 55.625, 4.248256783686443e-23, nan 
-147.125, 55.625, 1.885884135826931e-23, nan 
-146.875, 55.625, 3.005751647594556e-23, nan 
-146.625, 55.625, 4.228008453040268e-23, nan 
-146.375, 55.625, 3.059404853577694e-23, nan 
-146.125, 55.625, 2.7549408205642747e-23, nan 
-145.875, 55.625, 3.4162651162511943e-23, nan 
-145.625, 55.625, 4.6667187228604806e-23, nan 
-145.375, 55.625, 3.096387741865412e-23, nan 
-145.125, 55.625, 2.1613338316242436e-23, nan 
-144.875, 55.625, 1.589215493896614e-23, nan 
-144.625, 55.625, 2.222022938133154e-23, nan 
-144.375, 55.625, 2.6503288937848704e-23, nan 
-144.125, 55.625, 1.822028019175193e-23, nan 
-143.875, 55.625, 1.5033638090074584e-23, nan 
-143.625, 55.625, 7.632188558602658e-24, nan 
-143.375, 55.625, 5.1720084790977905e-24, nan 
-143.125, 55.625, 1.0592323517696418e-24, nan 
-142.875, 55.625, 6.072618203752409e-24, nan 
-142.625, 55.625, 4.9500487729345735e-24, nan 
-142.375, 55.625, 6.655413798696433e-24, nan 
-142.125, 55.625, 7.557020258304488e-24, nan 
-141.875, 55.625, 3.195110668840647e-24, nan 
-141.625, 55.625, 4.6265600629086584e-24, nan 
-141.375, 55.625, 5.308070578231223e-24, nan 
-141.125, 55.625, 5.600538368086097e-24, nan 
-140.875, 55.625, 3.9269381041892284e-24, nan 
-140.625, 55.625, 3.476911134211433e-24, nan 
-140.375, 55.625, 2.4690111292585547e-24, nan 
-140.125, 55.625, 1.8772388763165798e-24, nan 
-139.875, 55.625, 1.8630536312263074e-24, nan 
-139.625, 55.625, 2.923921491375106e-24, nan 
-139.375, 55.625, 4.269624934777855e-24, nan 
-139.125, 55.625, 5.635138565364904e-24, nan 
111.125, 55.625, 5.662868488800684e-24, nan 
111.375, 55.625, 7.690153765110522e-24, nan 
111.625, 55.625, 6.4543514193214585e-24, nan 
111.875, 55.625, 4.09822011853305e-24, nan 
112.125, 55.625, 4.8157432625683615e-24, nan 
112.375, 55.625, 8.298057740991477e-24, nan 
112.625, 55.625, 9.167823773534089e-24, nan 
112.875, 55.625, 1.2416495453564234e-23, nan 
113.125, 55.625, 1.2070936590168412e-23, nan 
113.375, 55.625, 4.695517384858699e-24, nan 
113.625, 55.625, 5.6519316357776515e-24, nan 
113.875, 55.625, 5.317976616453037e-24, nan 
114.125, 55.625, 4.468751353251089e-24, nan 
114.375, 55.625, 4.0093691193713305e-24, nan 
114.625, 55.625, 4.645333844779519e-24, nan 
114.875, 55.625, 7.650506365922513e-24, nan 
115.125, 55.625, 6.3101107464751194e-24, nan 
115.375, 55.625, 2.7359827561586522e-24, nan 
115.625, 55.625, 3.1343491109502486e-24, nan 
115.875, 55.625, 1.1926600355128538e-23, nan 
116.125, 55.625, 1.5827835554592483e-23, nan 
116.375, 55.625, 1.0542056983890064e-23, nan 
116.625, 55.625, 1.0629128218196772e-23, nan 
116.875, 55.625, 9.818101420190771e-24, nan 
117.125, 55.625, 5.6427375354615355e-24, nan 
117.375, 55.625, 9.862326081248217e-24, nan 
117.625, 55.625, 5.7932566434858804e-24, nan 
117.875, 55.625, 3.31213873636823e-24, nan 
118.125, 55.625, 4.224997111297908e-24, nan 
118.375, 55.625, 4.517355420528098e-24, nan 
118.625, 55.625, 4.5095137582236044e-24, nan 
118.875, 55.625, 3.553194963210631e-24, nan 
119.125, 55.625, 4.517745593805981e-24, nan 
119.375, 55.625, 3.753966466309399e-24, nan 
119.625, 55.625, 2.0526564091903797e-23, nan 
119.875, 55.625, 2.1829475148094026e-23, nan 
120.125, 55.625, 8.507118463716749e-24, nan 
120.375, 55.625, 5.165739229757763e-24, nan 
120.625, 55.625, 3.292484191710347e-24, nan 
120.875, 55.625, 4.2553425145224074e-24, nan 
121.125, 55.625, 3.651261029459303e-24, nan 
121.375, 55.625, 3.540125248350558e-24, nan 
121.625, 55.625, 4.043668926887961e-24, nan 
121.875, 55.625, 4.86292794125731e-24, nan 
122.125, 55.625, 9.188353244193518e-24, nan 
122.375, 55.625, 8.415885546277677e-24, nan 
122.625, 55.625, 4.212437461956353e-24, nan 
122.875, 55.625, 8.989715249551713e-24, nan 
123.125, 55.625, 1.0576060932632306e-23, nan 
123.375, 55.625, 9.637025462090547e-24, nan 
123.625, 55.625, 2.3387237179720756e-24, nan 
123.875, 55.625, 4.974699295383033e-24, nan 
124.125, 55.625, 5.974866681918699e-24, nan 
124.375, 55.625, 5.61146533237255e-24, nan 
124.625, 55.625, 5.418810804579912e-24, nan 
124.875, 55.625, 4.050828084768555e-24, nan 
125.125, 55.625, 3.412245013988853e-24, nan 
125.375, 55.625, 5.637350363491974e-24, nan 
125.625, 55.625, 7.612186537401183e-24, nan 
125.875, 55.625, 3.703922858035856e-24, nan 
126.125, 55.625, 1.7632112853707e-24, nan 
126.375, 55.625, 1.756642502163899e-23, nan 
126.625, 55.625, 2.8789354325146265e-23, nan 
126.875, 55.625, 2.8951685608842914e-23, nan 
127.125, 55.625, 2.78144495261544e-23, nan 
127.375, 55.625, 2.0548440174672402e-23, nan 
127.625, 55.625, 8.037213191125301e-24, nan 
127.875, 55.625, 4.119861240011551e-24, nan 
128.125, 55.625, 7.488109559256577e-24, nan 
128.375, 55.625, 8.084052570617039e-24, nan 
128.625, 55.625, 1.3446395172076708e-23, nan 
128.875, 55.625, 1.7568699156417974e-23, nan 
129.125, 55.625, 2.5412016231482462e-23, nan 
129.375, 55.625, 2.4784730633938466e-23, nan 
129.625, 55.625, 1.3749985566550526e-23, nan 
129.875, 55.625, 9.028893745469332e-24, nan 
130.125, 55.625, 1.5602399199297087e-23, nan 
130.375, 55.625, 2.60732323426361e-23, nan 
130.625, 55.625, 2.1111230768912353e-23, nan 
130.875, 55.625, 1.2523163387262348e-23, nan 
131.125, 55.625, 5.7353472105280425e-24, nan 
131.375, 55.625, 7.563632898475709e-24, nan 
131.625, 55.625, 4.7528985649689364e-24, nan 
131.875, 55.625, 7.121463949911612e-24, nan 
132.125, 55.625, 7.314231662774771e-24, nan 
132.375, 55.625, 3.942054546234796e-24, nan 
132.625, 55.625, 1.731458073031814e-23, nan 
132.875, 55.625, 2.44426545102908e-23, nan 
133.125, 55.625, 2.54032243882707e-23, nan 
133.375, 55.625, 4.1084495307743493e-23, nan 
133.625, 55.625, 4.7404702576300483e-23, nan 
133.875, 55.625, 4.3428831900332726e-23, nan 
134.125, 55.625, 3.29098484373275e-23, nan 
134.375, 55.625, 2.917203400542926e-23, nan 
134.625, 55.625, 2.459013608028268e-23, nan 
134.875, 55.625, 1.1455527926062887e-23, nan 
135.125, 55.625, 1.0253903319769535e-23, nan 
135.375, 55.625, 9.554431462080518e-24, nan 
135.625, 55.625, 3.8600038888042914e-24, nan 
135.875, 55.625, 7.461690050013046e-24, nan 
136.125, 55.625, 1.1733210223841615e-23, nan 
136.375, 55.625, 2.024569886080439e-23, nan 
136.625, 55.625, 1.5799148168358374e-23, nan 
136.875, 55.625, 6.523168702627253e-24, nan 
137.125, 55.625, 7.41337604153678e-24, nan 
137.375, 55.625, 1.1341042734106479e-23, nan 
137.625, 55.625, 7.933642528871198e-24, nan 
137.875, 55.625, 5.9972945435265885e-24, nan 
138.125, 55.625, 2.6257111756825597e-23, nan 
138.375, 55.625, 2.6413026892160682e-23, nan 
138.625, 55.625, 1.826034159333522e-23, nan 
138.875, 55.625, 6.645612350198389e-23, nan 
139.125, 55.625, 7.402563878611211e-23, nan 
139.375, 55.625, 4.399369633999787e-22, nan 
139.625, 55.625, 5.647467185356202e-22, nan 
139.875, 55.625, 4.842044242527231e-22, nan 
140.125, 55.625, 4.254668718610484e-22, nan 
140.375, 55.625, 1.2206380083036382e-22, nan 
140.625, 55.625, 5.458680917308796e-23, nan 
140.875, 55.625, 6.403332403682429e-23, nan 
141.125, 55.625, 3.2536061693367035e-23, nan 
141.375, 55.625, 2.4462598605162872e-23, nan 
141.625, 55.625, 1.4600835284924606e-23, nan 
141.875, 55.625, 8.448568368564835e-24, nan 
142.125, 55.625, 2.3204570789928275e-23, nan 
142.375, 55.625, 2.625952920867976e-23, nan 
142.625, 55.625, 2.967723022060803e-23, nan 
142.875, 55.625, 3.18023353236096e-23, nan 
143.125, 55.625, 3.3520996127655276e-23, nan 
143.375, 55.625, 2.4718973213162385e-23, nan 
143.625, 55.625, 1.3465828978328645e-23, nan 
143.875, 55.625, 5.330381439529644e-23, nan 
144.125, 55.625, 6.147119903811745e-23, nan 
144.375, 55.625, 2.991266486967843e-23, nan 
144.625, 55.625, 3.7618180591974515e-23, nan 
144.875, 55.625, 3.575952390253789e-23, nan 
145.125, 55.625, 2.3012905468007538e-23, nan 
145.375, 55.625, 6.202082372960111e-24, nan 
145.625, 55.625, 2.881322310362141e-23, nan 
145.875, 55.625, 5.531706045615728e-23, nan 
146.125, 55.625, 5.161276526660705e-23, nan 
146.375, 55.625, 3.908464836188201e-23, nan 
146.625, 55.625, 3.008757409158862e-23, nan 
146.875, 55.625, 2.906147782164965e-23, nan 
147.125, 55.625, 1.483770365417917e-23, nan 
147.375, 55.625, 2.5267352841020225e-23, nan 
147.625, 55.625, 2.752778657549657e-23, nan 
147.875, 55.625, 1.4451310822338978e-23, nan 
148.125, 55.625, 1.5247590994311324e-23, nan 
148.375, 55.625, 2.061231190484538e-23, nan 
148.625, 55.625, 3.240992117066737e-23, nan 
148.875, 55.625, 3.737434918451087e-23, nan 
149.125, 55.625, 1.6854252105748783e-23, nan 
149.375, 55.625, 1.361706289733408e-23, nan 
149.625, 55.625, 2.549037987557125e-23, nan 
149.875, 55.625, 3.1945861214882495e-23, nan 
150.125, 55.625, 3.230870902397737e-23, nan 
150.375, 55.625, 1.708783424319918e-23, nan 
150.625, 55.625, 1.9721396128021905e-23, nan 
150.875, 55.625, 1.9442705560196257e-23, nan 
151.125, 55.625, 1.8901276799322528e-23, nan 
151.375, 55.625, 9.848633024224873e-24, nan 
151.625, 55.625, 3.53617422161077e-24, nan 
151.875, 55.625, 1.360188172327117e-23, nan 
152.125, 55.625, 1.6959669959800898e-23, nan 
152.375, 55.625, 2.2428263881471234e-23, nan 
152.625, 55.625, 1.526642556909501e-23, nan 
152.875, 55.625, 2.341865562908236e-23, nan 
153.125, 55.625, 3.215564884524332e-23, nan 
153.375, 55.625, 3.007125003768563e-23, nan 
153.625, 55.625, 2.4386819427528948e-23, nan 
153.875, 55.625, 4.7940111899229086e-23, nan 
154.125, 55.625, 8.063867942225763e-23, nan 
154.375, 55.625, 6.599234518464626e-23, nan 
154.625, 55.625, 4.8977453454925846e-23, nan 
154.875, 55.625, 4.787803431859844e-23, nan 
155.125, 55.625, 6.327818698978404e-23, nan 
155.375, 55.625, 4.9720090133720513e-23, nan 
155.625, 55.625, 6.434714861381805e-23, nan 
155.875, 55.625, 5.730974867988951e-23, nan 
156.125, 55.625, 1.2401688180913844e-22, nan 
156.375, 55.625, 1.1330771126993947e-22, nan 
156.625, 55.625, 1.4125295374542734e-22, nan 
156.875, 55.625, 1.3765016245563502e-22, nan 
157.125, 55.625, 5.404832129967609e-23, nan 
157.375, 55.625, 8.076169711952513e-23, nan 
157.625, 55.625, 1.232522034234161e-22, nan 
157.875, 55.625, 8.139863477327672e-23, nan 
158.125, 55.625, 2.851758891733299e-23, nan 
158.375, 55.625, 3.608316118339803e-23, nan 
158.625, 55.625, 4.799889493428344e-23, nan 
158.875, 55.625, 4.7075828561114045e-23, nan 
159.125, 55.625, 3.178759082288005e-23, nan 
159.375, 55.625, 2.2050918203519674e-23, nan 
159.625, 55.625, 2.936847693718216e-23, nan 
159.875, 55.625, 3.3117749020957275e-23, nan 
160.125, 55.625, 2.0947467463400914e-23, nan 
160.375, 55.625, 1.3143509583634864e-23, nan 
160.625, 55.625, 4.208297312043612e-23, nan 
160.875, 55.625, 5.82958879911982e-23, nan 
161.125, 55.625, 6.142467286269707e-23, nan 
161.375, 55.625, 5.192101119752635e-23, nan 
161.625, 55.625, 5.623253523102822e-23, nan 
161.875, 55.625, 6.065852805078538e-23, nan 
162.125, 55.625, 7.905512427137528e-23, nan 
162.375, 55.625, 9.466289328076767e-23, nan 
162.625, 55.625, 8.018823132629538e-23, nan 
162.875, 55.625, 7.676482963240354e-23, nan 
163.125, 55.625, 1.7061006202964626e-22, nan 
163.375, 55.625, 9.508560749575218e-23, nan 
163.625, 55.625, 5.955156392393775e-23, nan 
163.875, 55.625, 1.9474209829206082e-22, nan 
164.125, 55.625, 3.6932996765973634e-22, nan 
164.375, 55.625, 3.385130915993951e-22, nan 
164.625, 55.625, 4.901295594079096e-22, nan 
164.875, 55.625, 4.1822309854195714e-22, nan 
165.125, 55.625, 5.1701088930776814e-23, nan 
165.375, 55.625, 4.180741277073112e-23, nan 
165.625, 55.625, 4.4962391818415486e-23, nan 
165.875, 55.625, 3.398713460014926e-23, nan 
166.125, 55.625, 2.326491674751028e-22, nan 
166.375, 55.625, 2.4065171930401057e-22, nan 
166.625, 55.625, 7.049521961955731e-23, nan 
166.875, 55.625, 1.27165453600411e-22, nan 
167.125, 55.625, 1.2151758450965868e-22, nan 
167.375, 55.625, 1.2089639908019483e-22, nan 
167.625, 55.625, 1.102789583843614e-22, nan 
167.875, 55.625, 6.772185673005549e-23, nan 
168.125, 55.625, 1.2163995130456664e-22, nan 
168.375, 55.625, 2.126292882013517e-22, nan 
168.625, 55.625, 1.5129463865584253e-22, nan 
168.875, 55.625, 3.724330789873074e-23, nan 
169.125, 55.625, 9.839691764919081e-23, nan 
169.375, 55.625, 2.9589047241546455e-22, nan 
169.625, 55.625, 4.046563837709018e-22, nan 
169.875, 55.625, 2.5483790362045466e-22, nan 
170.125, 55.625, 7.379449653543543e-22, nan 
170.375, 55.625, 3.5711419105918515e-21, nan 
170.625, 55.625, 4.002166441415173e-21, nan 
170.875, 55.625, 6.8501530904267235e-22, nan 
171.125, 55.625, 4.302928369146797e-22, nan 
171.375, 55.625, 5.671680009639858e-22, nan 
171.625, 55.625, 6.534175638443242e-22, nan 
171.875, 55.625, 2.577821002474513e-21, nan 
172.125, 55.625, 2.367691948990422e-21, nan 
172.375, 55.625, 9.36156429777058e-22, nan 
172.625, 55.625, 6.281166657860491e-22, nan 
172.875, 55.625, 1.569306755945914e-22, nan 
173.125, 55.625, 8.64594436326137e-23, nan 
173.375, 55.625, 1.856116498424461e-23, nan 
173.625, 55.625, 2.8832813739188785e-23, nan 
173.875, 55.625, 2.796579160906063e-23, nan 
174.125, 55.625, 2.937183476305696e-23, nan 
174.375, 55.625, 2.2057133610714377e-23, nan 
174.625, 55.625, 2.4781394709743162e-23, nan 
174.875, 55.625, 3.6949075920962824e-23, nan 
175.125, 55.625, 3.1199587920353967e-23, nan 
175.375, 55.625, 4.265014468287646e-23, nan 
175.625, 55.625, 4.074272918916218e-23, nan 
175.875, 55.625, 3.033760717632272e-23, nan 
176.125, 55.625, 2.909017538159998e-23, nan 
176.375, 55.625, 3.819922429276041e-23, nan 
176.625, 55.625, 6.671824930733511e-23, nan 
176.875, 55.625, 5.587315662250692e-23, nan 
177.125, 55.625, 2.350359995303835e-23, nan 
177.375, 55.625, 3.2670758815268945e-23, nan 
177.625, 55.625, 2.6121247828806677e-23, nan 
177.875, 55.625, 4.588792801468597e-23, nan 
178.125, 55.625, 4.429612795748519e-23, nan 
178.375, 55.625, 1.8541412236257894e-23, nan 
178.625, 55.625, 2.2839608195158374e-23, nan 
178.875, 55.625, 2.451822805224216e-23, nan 
179.125, 55.625, 2.5381336652032347e-23, nan 
179.375, 55.625, 1.9686844596738115e-23, nan 
179.625, 55.625, 1.8905215847957533e-23, nan 
179.875, 55.625, 1.2315210598573196e-23, nan 
-179.875, 55.875, 1.0845144914355102e-23, nan 
-179.625, 55.875, 1.1311895862143227e-23, nan 
-179.375, 55.875, 1.9236946092074073e-23, nan 
-179.125, 55.875, 2.6447769282294373e-23, nan 
-178.875, 55.875, 2.4053946003392283e-23, nan 
-178.625, 55.875, 1.4134601907726145e-23, nan 
-178.375, 55.875, 1.3819464583233124e-23, nan 
-178.125, 55.875, 1.1746637349571687e-23, nan 
-177.875, 55.875, 1.1043914233998351e-23, nan 
-177.625, 55.875, 1.914271014367546e-23, nan 
-177.375, 55.875, 2.542248475073676e-23, nan 
-177.125, 55.875, 2.989491169461324e-23, nan 
-176.875, 55.875, 2.239751653910642e-23, nan 
-176.625, 55.875, 2.0241511153501662e-23, nan 
-176.375, 55.875, 3.339683978888359e-23, nan 
-176.125, 55.875, 3.4011544531040326e-23, nan 
-175.875, 55.875, 4.9973378763291776e-23, nan 
-175.625, 55.875, 4.02902201098469e-23, nan 
-175.375, 55.875, 9.461731217898399e-24, nan 
-175.125, 55.875, 1.1879816049260587e-22, nan 
-174.875, 55.875, 1.2503121741432142e-22, nan 
-174.625, 55.875, 3.719673259875557e-23, nan 
-174.375, 55.875, 2.860813760044618e-23, nan 
-174.125, 55.875, 2.933684345270027e-23, nan 
-173.875, 55.875, 2.896233141202816e-23, nan 
-173.625, 55.875, 2.885278850903016e-23, nan 
-173.375, 55.875, 1.1114055266552913e-23, nan 
-173.125, 55.875, 7.710122483267031e-24, nan 
-172.875, 55.875, 1.4989652041357567e-23, nan 
-172.625, 55.875, 1.455139555744753e-23, nan 
-172.375, 55.875, 9.39802876405225e-24, nan 
-172.125, 55.875, 1.866398621017899e-23, nan 
-171.875, 55.875, 4.095817852465595e-23, nan 
-171.625, 55.875, 3.368736141317505e-23, nan 
-171.375, 55.875, 1.931022951982764e-23, nan 
-171.125, 55.875, 2.5067863422727722e-23, nan 
-170.875, 55.875, 1.2600604178316794e-23, nan 
-170.625, 55.875, 1.0857276480474596e-23, nan 
-170.375, 55.875, 9.317579610811208e-24, nan 
-170.125, 55.875, 1.1466136676419786e-23, nan 
-169.875, 55.875, 1.2385245244246407e-23, nan 
-169.625, 55.875, 1.1711458505231358e-23, nan 
-169.375, 55.875, 2.8404020236650727e-23, nan 
-169.125, 55.875, 3.277214047927493e-23, nan 
-168.875, 55.875, 3.561411547222026e-23, nan 
-168.625, 55.875, 2.801626870023359e-23, nan 
-168.375, 55.875, 7.674799571588975e-24, nan 
-168.125, 55.875, 9.387374447026405e-24, nan 
-167.875, 55.875, 2.2864298701264023e-23, nan 
-167.625, 55.875, 2.1843599651828293e-23, nan 
-167.375, 55.875, 2.0620439918764676e-23, nan 
-167.125, 55.875, 2.5859041614763484e-23, nan 
-166.875, 55.875, 1.9620362815088033e-23, nan 
-166.625, 55.875, 6.672413013384375e-24, nan 
-166.375, 55.875, 7.13038636605307e-24, nan 
-166.125, 55.875, 7.353114416559168e-24, nan 
-165.875, 55.875, 1.9749092110806613e-23, nan 
-165.625, 55.875, 1.7673043536944328e-23, nan 
-165.375, 55.875, 8.741997363496486e-24, nan 
-165.125, 55.875, 1.1333377390978865e-23, nan 
-164.875, 55.875, 8.453226178591865e-24, nan 
-164.625, 55.875, 1.691827183211006e-23, nan 
-164.375, 55.875, 2.1459823942842932e-23, nan 
-164.125, 55.875, 2.163910147932813e-23, nan 
-163.875, 55.875, 1.0437556642051578e-23, nan 
-163.625, 55.875, 2.0441720885010124e-23, nan 
-163.375, 55.875, 1.6673126505225147e-23, nan 
-163.125, 55.875, 1.2534464645272652e-23, nan 
-162.875, 55.875, 1.600658749721819e-23, nan 
-162.625, 55.875, 1.9875699134860124e-23, nan 
-162.375, 55.875, 1.8397207024639127e-23, nan 
-162.125, 55.875, 1.2383687261227689e-23, nan 
-161.875, 55.875, 1.5629860478824837e-23, nan 
-161.625, 55.875, 1.3216213106138539e-23, nan 
-161.375, 55.875, 7.235223136932393e-24, nan 
-161.125, 55.875, 1.0169866380022996e-23, nan 
-160.875, 55.875, 1.3347603895770427e-23, nan 
-160.625, 55.875, 1.1897524583923285e-23, nan 
-160.375, 55.875, 6.797521128210017e-24, nan 
-160.125, 55.875, 6.18925664063239e-24, nan 
-159.875, 55.875, 5.074073302062129e-24, nan 
-159.625, 55.875, 5.201321800494344e-24, nan 
-159.375, 55.875, 1.6359547265668685e-23, nan 
-159.125, 55.875, 1.9800605703819755e-23, nan 
-158.875, 55.875, 1.974394039163862e-23, nan 
-158.625, 55.875, 1.0597580711574379e-23, nan 
-158.375, 55.875, 5.749821853845696e-24, nan 
-158.125, 55.875, 2.6697097466083823e-23, nan 
-157.875, 55.875, 2.5384600337895656e-23, nan 
-157.625, 55.875, 1.1634975032335628e-23, nan 
-157.375, 55.875, 1.1112702148292388e-23, nan 
-157.125, 55.875, 4.761184376046561e-24, nan 
-156.875, 55.875, 4.6218372038923554e-24, nan 
-156.625, 55.875, 3.65660197852844e-24, nan 
-156.375, 55.875, 4.741189174726247e-24, nan 
-156.125, 55.875, 9.77384968235968e-24, nan 
-155.875, 55.875, 9.551791804411128e-24, nan 
-155.625, 55.875, 1.68096982618512e-24, nan 
-155.375, 55.875, 1.899315288664965e-24, nan 
-155.125, 55.875, 3.1810879880677727e-24, nan 
-154.875, 55.875, 4.616170990714296e-24, nan 
-154.625, 55.875, 3.854545746962146e-24, nan 
-154.375, 55.875, 4.4159884828816096e-24, nan 
-154.125, 55.875, 4.533727911929312e-24, nan 
-153.875, 55.875, 2.183670910711994e-24, nan 
-153.625, 55.875, 1.2815440881808273e-23, nan 
-153.375, 55.875, 1.3583265581167715e-23, nan 
-153.125, 55.875, 9.063946985759888e-24, nan 
-152.875, 55.875, 8.957935818688917e-24, nan 
-152.625, 55.875, 1.6525825256160967e-23, nan 
-152.375, 55.875, 2.3488293397892447e-23, nan 
-152.125, 55.875, 8.149317846125303e-23, nan 
-151.875, 55.875, 1.2418100866860698e-22, nan 
-151.625, 55.875, 8.801632539136561e-23, nan 
-151.375, 55.875, 3.0173294058190077e-23, nan 
-151.125, 55.875, 5.816633255766122e-24, nan 
-150.875, 55.875, 3.740216841064866e-24, nan 
-150.625, 55.875, 8.510566070936401e-24, nan 
-150.375, 55.875, 9.007280431285039e-24, nan 
-150.125, 55.875, 1.0313922827535796e-23, nan 
-149.875, 55.875, 1.0651833065983802e-23, nan 
-149.625, 55.875, 3.767828196879846e-24, nan 
-149.375, 55.875, 9.113987016220905e-24, nan 
-149.125, 55.875, 2.0107597931999526e-23, nan 
-148.875, 55.875, 2.2188571843802196e-23, nan 
-148.625, 55.875, 1.501581046469942e-23, nan 
-148.375, 55.875, 2.9869529867600478e-24, nan 
-148.125, 55.875, 4.921926731391199e-24, nan 
-147.875, 55.875, 1.826585831094839e-23, nan 
-147.625, 55.875, 2.3061641184216018e-23, nan 
-147.375, 55.875, 3.2349834919804515e-23, nan 
-147.125, 55.875, 2.7508603763335414e-23, nan 
-146.875, 55.875, 2.1930248112268524e-23, nan 
-146.625, 55.875, 2.9013320586728044e-23, nan 
-146.375, 55.875, 2.4301985296887203e-23, nan 
-146.125, 55.875, 1.3354553908180336e-23, nan 
-145.875, 55.875, 2.214969835855333e-23, nan 
-145.625, 55.875, 2.709393807342156e-23, nan 
-145.375, 55.875, 2.2450365073029075e-23, nan 
-145.125, 55.875, 2.2432711226750103e-23, nan 
-144.875, 55.875, 1.8273700685196917e-23, nan 
-144.625, 55.875, 2.2628729614919706e-23, nan 
-144.375, 55.875, 1.7420270274759333e-23, nan 
-144.125, 55.875, 5.48555254134248e-24, nan 
-143.875, 55.875, 6.462299054995046e-24, nan 
-143.625, 55.875, 6.99507801854407e-24, nan 
-143.375, 55.875, 1.0806640250368314e-23, nan 
-143.125, 55.875, 1.1127530599932239e-23, nan 
-142.875, 55.875, 8.6999262539239e-24, nan 
-142.625, 55.875, 7.798905622192085e-24, nan 
-142.375, 55.875, 6.982535028307698e-24, nan 
-142.125, 55.875, 6.815916834856234e-24, nan 
-141.875, 55.875, 4.288589135692675e-24, nan 
-141.625, 55.875, 4.698073674078336e-24, nan 
-141.375, 55.875, 4.49243290398193e-24, nan 
-141.125, 55.875, 3.915069818346888e-24, nan 
-140.875, 55.875, 2.8461181448074214e-24, nan 
-140.625, 55.875, 4.3197012478755855e-24, nan 
-140.375, 55.875, 4.556374660160408e-24, nan 
-140.125, 55.875, 3.1938281089889932e-24, nan 
-139.875, 55.875, 4.043240599251807e-24, nan 
-139.625, 55.875, 4.286243236404146e-24, nan 
-139.375, 55.875, 2.9237242233455323e-24, nan 
-139.125, 55.875, 3.893417640180449e-24, nan 
-138.875, 55.875, 5.055537781446415e-24, nan 
110.875, 55.875, 1.0735646204472472e-23, nan 
111.125, 55.875, 1.4591494912404127e-23, nan 
111.375, 55.875, 1.346054909235283e-23, nan 
111.625, 55.875, 5.209373173298231e-24, nan 
111.875, 55.875, 5.307112453461773e-24, nan 
112.125, 55.875, 2.4832906482631005e-24, nan 
112.375, 55.875, 3.603558192629759e-24, nan 
112.625, 55.875, 4.6744021490716125e-24, nan 
112.875, 55.875, 1.3894453409482343e-23, nan 
113.125, 55.875, 1.4124512348746788e-23, nan 
113.375, 55.875, 7.107499714847121e-24, nan 
113.625, 55.875, 6.984371497625428e-24, nan 
113.875, 55.875, 5.428003185303347e-24, nan 
114.125, 55.875, 7.896701068734431e-24, nan 
114.375, 55.875, 8.739690842238024e-24, nan 
114.625, 55.875, 4.063911483234495e-24, nan 
114.875, 55.875, 2.7397701273905674e-24, nan 
115.125, 55.875, 2.711543608780629e-24, nan 
115.375, 55.875, 1.6762254939252214e-24, nan 
115.625, 55.875, 8.508313306025868e-25, nan 
115.875, 55.875, 4.731315880406887e-24, nan 
116.125, 55.875, 1.140218677076564e-23, nan 
116.375, 55.875, 1.363957087619188e-23, nan 
116.625, 55.875, 1.517510223688201e-23, nan 
116.875, 55.875, 1.157047264151455e-23, nan 
117.125, 55.875, 5.731079624018782e-24, nan 
117.375, 55.875, 4.8056617358111455e-24, nan 
117.625, 55.875, 4.961253848927854e-24, nan 
117.875, 55.875, 8.214087713382194e-24, nan 
118.125, 55.875, 8.46958164119908e-24, nan 
118.375, 55.875, 4.114085929630585e-24, nan 
118.625, 55.875, 6.8149701453996e-24, nan 
118.875, 55.875, 6.2219086957195336e-24, nan 
119.125, 55.875, 5.4868150536275056e-24, nan 
119.375, 55.875, 5.865259791642293e-24, nan 
119.625, 55.875, 8.814740685014545e-24, nan 
119.875, 55.875, 1.9288653004657495e-23, nan 
120.125, 55.875, 1.5779702826325337e-23, nan 
120.375, 55.875, 5.867007151000429e-24, nan 
120.625, 55.875, 4.1196466919656774e-24, nan 
120.875, 55.875, 3.751292561361502e-24, nan 
121.125, 55.875, 2.9159947908744303e-24, nan 
121.375, 55.875, 5.129139167111649e-24, nan 
121.625, 55.875, 6.4838061174484635e-24, nan 
121.875, 55.875, 7.160099942195709e-24, nan 
122.125, 55.875, 6.154247017759038e-24, nan 
122.375, 55.875, 3.137131190838138e-24, nan 
122.625, 55.875, 1.3887763596247674e-23, nan 
122.875, 55.875, 1.6641818371504715e-23, nan 
123.125, 55.875, 1.3497501829898363e-23, nan 
123.375, 55.875, 1.9916704321773723e-23, nan 
123.625, 55.875, 1.741541776420419e-23, nan 
123.875, 55.875, 7.15319796055552e-24, nan 
124.125, 55.875, 8.134866158147866e-24, nan 
124.375, 55.875, 6.482576342048423e-24, nan 
124.625, 55.875, 4.949321443705805e-24, nan 
124.875, 55.875, 4.7372578332024265e-24, nan 
125.125, 55.875, 5.002579235617756e-24, nan 
125.375, 55.875, 6.706410296279202e-24, nan 
125.625, 55.875, 4.418143495091386e-24, nan 
125.875, 55.875, 1.6023093662782762e-24, nan 
126.125, 55.875, 2.148046481806197e-24, nan 
126.375, 55.875, 2.1586558577576223e-24, nan 
126.625, 55.875, 1.1431321488726156e-23, nan 
126.875, 55.875, 1.885799276673811e-23, nan 
127.125, 55.875, 1.7796271365316944e-23, nan 
127.375, 55.875, 1.827649963159315e-23, nan 
127.625, 55.875, 4.621510705016729e-24, nan 
127.875, 55.875, 4.833780515700966e-24, nan 
128.125, 55.875, 5.602714293538268e-24, nan 
128.375, 55.875, 9.841311534319263e-24, nan 
128.625, 55.875, 9.495955129739023e-24, nan 
128.875, 55.875, 1.2847738195191035e-23, nan 
129.125, 55.875, 1.2423691473933357e-23, nan 
129.375, 55.875, 1.1758271376063258e-23, nan 
129.625, 55.875, 2.125855054830984e-23, nan 
129.875, 55.875, 1.8301203354145036e-23, nan 
130.125, 55.875, 7.160179678083237e-24, nan 
130.375, 55.875, 1.571366926656388e-23, nan 
130.625, 55.875, 1.3503398407278442e-23, nan 
130.875, 55.875, 5.985799526952277e-24, nan 
131.125, 55.875, 1.1435273869082934e-23, nan 
131.375, 55.875, 1.6381217300928576e-23, nan 
131.625, 55.875, 1.1573883868397847e-23, nan 
131.875, 55.875, 7.503082230351657e-24, nan 
132.125, 55.875, 8.588525766529745e-24, nan 
132.375, 55.875, 7.53522413587544e-24, nan 
132.625, 55.875, 6.062920382114722e-24, nan 
132.875, 55.875, 9.683002045631672e-24, nan 
133.125, 55.875, 8.550856360590282e-24, nan 
133.375, 55.875, 1.6607895612689663e-23, nan 
133.625, 55.875, 3.0394710941003965e-23, nan 
133.875, 55.875, 2.7939286309032054e-23, nan 
134.125, 55.875, 1.983610350171684e-23, nan 
134.375, 55.875, 2.327657745386327e-23, nan 
134.625, 55.875, 1.715958847359421e-23, nan 
134.875, 55.875, 6.770975235216983e-24, nan 
135.125, 55.875, 9.56164001425881e-24, nan 
135.375, 55.875, 8.970563397390246e-24, nan 
135.625, 55.875, 4.625901703325431e-24, nan 
135.875, 55.875, 4.5529146762526816e-24, nan 
136.125, 55.875, 4.5978576324827395e-24, nan 
136.375, 55.875, 1.8569934193315484e-23, nan 
136.625, 55.875, 1.5095167621088377e-23, nan 
136.875, 55.875, 4.7046558098975734e-24, nan 
137.125, 55.875, 4.130562500808107e-24, nan 
137.375, 55.875, 8.483154413402779e-24, nan 
137.625, 55.875, 1.7333043508542866e-23, nan 
137.875, 55.875, 1.8841670506964754e-23, nan 
138.125, 55.875, 1.5138746962683825e-23, nan 
138.375, 55.875, 2.2110019887261435e-23, nan 
138.625, 55.875, 2.0297496629556075e-23, nan 
138.875, 55.875, 2.5782612975922793e-23, nan 
139.125, 55.875, 5.1895939713605685e-23, nan 
139.375, 55.875, 4.832307697060984e-23, nan 
139.625, 55.875, 2.456852423727272e-22, nan 
139.875, 55.875, 1.9913954263221515e-22, nan 
140.125, 55.875, 7.667501422532186e-23, nan 
140.375, 55.875, 2.749522476552878e-23, nan 
140.625, 55.875, 2.0980331955925325e-23, nan 
140.875, 55.875, 2.5697501583832802e-23, nan 
141.125, 55.875, 1.713714658621335e-23, nan 
141.375, 55.875, 1.466986910964841e-23, nan 
141.625, 55.875, 2.1719440221137704e-23, nan 
141.875, 55.875, 3.4722407056191415e-23, nan 
142.125, 55.875, 4.0653849684389305e-23, nan 
142.375, 55.875, 3.414549067169414e-23, nan 
142.625, 55.875, 1.661745362805327e-23, nan 
142.875, 55.875, 9.241286856004751e-24, nan 
143.125, 55.875, 1.5945731358776143e-23, nan 
143.375, 55.875, 1.5243595671330178e-23, nan 
143.625, 55.875, 4.316120590519915e-23, nan 
143.875, 55.875, 4.8490394551860917e-23, nan 
144.125, 55.875, 2.0833326266914523e-23, nan 
144.375, 55.875, 2.399448943769598e-23, nan 
144.625, 55.875, 2.941324336508453e-23, nan 
144.875, 55.875, 2.340574463913552e-23, nan 
145.125, 55.875, 1.1476493349677676e-23, nan 
145.375, 55.875, 1.730471986137616e-23, nan 
145.625, 55.875, 8.229040399629178e-23, nan 
145.875, 55.875, 9.28417955184065e-23, nan 
146.125, 55.875, 4.8628109441352925e-23, nan 
146.375, 55.875, 5.442643419172652e-23, nan 
146.625, 55.875, 5.705186765860568e-23, nan 
146.875, 55.875, 4.2613969070405285e-23, nan 
147.125, 55.875, 1.6244557857891384e-23, nan 
147.375, 55.875, 4.765230606908845e-23, nan 
147.625, 55.875, 4.946917371037776e-23, nan 
147.875, 55.875, 8.550492313533944e-24, nan 
148.125, 55.875, 7.84108651315145e-24, nan 
148.375, 55.875, 2.312138373673247e-23, nan 
148.625, 55.875, 2.190039441487177e-23, nan 
148.875, 55.875, 4.5419808343838357e-23, nan 
149.125, 55.875, 4.068469924704161e-23, nan 
149.375, 55.875, 2.812893408432721e-23, nan 
149.625, 55.875, 3.089812481830937e-23, nan 
149.875, 55.875, 1.8820375419160217e-23, nan 
150.125, 55.875, 1.3032522374503952e-23, nan 
150.375, 55.875, 1.8343922712323303e-23, nan 
150.625, 55.875, 2.1391729305528635e-23, nan 
150.875, 55.875, 2.465889745110133e-23, nan 
151.125, 55.875, 1.9447747769577205e-23, nan 
151.375, 55.875, 2.1235209546464946e-23, nan 
151.625, 55.875, 1.7212131624335767e-23, nan 
151.875, 55.875, 1.738520435510688e-23, nan 
152.125, 55.875, 2.4250988542997356e-23, nan 
152.375, 55.875, 2.2403941310333923e-23, nan 
152.625, 55.875, 4.115728096253804e-23, nan 
152.875, 55.875, 3.710818058204446e-23, nan 
153.125, 55.875, 3.014739996075177e-23, nan 
153.375, 55.875, 3.59959098259288e-23, nan 
153.625, 55.875, 2.386539178324727e-23, nan 
153.875, 55.875, 2.4671694474010474e-23, nan 
154.125, 55.875, 4.4098137739404765e-23, nan 
154.375, 55.875, 4.613603287267747e-23, nan 
154.625, 55.875, 3.7695390003028154e-23, nan 
154.875, 55.875, 2.7242706196793454e-23, nan 
155.125, 55.875, 5.0859727915864257e-23, nan 
155.375, 55.875, 4.2162299000104963e-23, nan 
155.625, 55.875, 8.582426445219681e-23, nan 
155.875, 55.875, 1.547354248012605e-22, nan 
156.125, 55.875, 2.339361201354731e-22, nan 
156.375, 55.875, 1.5776576541324662e-22, nan 
156.625, 55.875, 6.03060167214974e-23, nan 
156.875, 55.875, 2.5365627228780248e-23, nan 
157.125, 55.875, 4.236211463030014e-23, nan 
157.375, 55.875, 5.1957533306524715e-23, nan 
157.625, 55.875, 5.040913801272211e-23, nan 
157.875, 55.875, 1.2908736490663974e-23, nan 
158.125, 55.875, 1.2802807100692106e-23, nan 
158.375, 55.875, 8.120941125550553e-23, nan 
158.625, 55.875, 1.0807519794415395e-22, nan 
158.875, 55.875, 7.231384853735118e-23, nan 
159.125, 55.875, 3.4968019900483434e-23, nan 
159.375, 55.875, 3.3853051864051346e-23, nan 
159.625, 55.875, 3.2304452221285846e-23, nan 
159.875, 55.875, 2.1493148417993308e-23, nan 
160.125, 55.875, 3.2051706959156985e-23, nan 
160.375, 55.875, 5.1326830450885315e-23, nan 
160.625, 55.875, 6.485328352721064e-23, nan 
160.875, 55.875, 6.491863551002574e-23, nan 
161.125, 55.875, 7.041044551852861e-23, nan 
161.375, 55.875, 7.23507351977452e-23, nan 
161.625, 55.875, 6.988261406152995e-23, nan 
161.875, 55.875, 8.864897960395259e-23, nan 
162.125, 55.875, 6.493855379048169e-23, nan 
162.375, 55.875, 8.412301148520368e-23, nan 
162.625, 55.875, 9.19258854165052e-23, nan 
162.875, 55.875, 5.97278894625838e-23, nan 
163.125, 55.875, 5.455678080730824e-23, nan 
163.375, 55.875, 5.574905668791004e-23, nan 
163.625, 55.875, 1.1682412623225163e-22, nan 
163.875, 55.875, 1.5129892601585724e-22, nan 
164.125, 55.875, 3.3576325433395173e-22, nan 
164.375, 55.875, 3.3652777763760634e-22, nan 
164.625, 55.875, 2.9647305754329134e-22, nan 
164.875, 55.875, 8.286045079918832e-23, nan 
165.125, 55.875, 8.163279779502563e-23, nan 
165.375, 55.875, 7.629446405387371e-23, nan 
165.625, 55.875, 4.9696387757095573e-23, nan 
165.875, 55.875, 4.246560091367643e-23, nan 
166.125, 55.875, 2.2668872325706475e-22, nan 
166.375, 55.875, 3.256852962987992e-22, nan 
166.625, 55.875, 1.3947990861438683e-22, nan 
166.875, 55.875, 8.748593728353534e-23, nan 
167.125, 55.875, 3.114539060894119e-23, nan 
167.375, 55.875, 1.505019655018472e-22, nan 
167.625, 55.875, 1.6489593723144642e-22, nan 
167.875, 55.875, 9.110578814473768e-23, nan 
168.125, 55.875, 1.0837618874459527e-22, nan 
168.375, 55.875, 1.321936420671858e-22, nan 
168.625, 55.875, 3.137636118951674e-23, nan 
168.875, 55.875, 5.2833793812870377e-23, nan 
169.125, 55.875, 7.357267460049079e-23, nan 
169.375, 55.875, 1.3606065830918273e-22, nan 
169.625, 55.875, 6.387342526233882e-22, nan 
169.875, 55.875, 6.1477392372311555e-22, nan 
170.125, 55.875, 3.431331613259182e-22, nan 
170.375, 55.875, 8.252172522548898e-22, nan 
170.625, 55.875, 3.549918753200236e-21, nan 
170.875, 55.875, 3.6349476684279094e-21, nan 
171.125, 55.875, 1.8690572000699292e-21, nan 
171.375, 55.875, 2.161154200475897e-21, nan 
171.625, 55.875, 2.9408530635523037e-21, nan 
171.875, 55.875, 2.6964577203018975e-21, nan 
172.125, 55.875, 1.1299139233209188e-21, nan 
172.375, 55.875, 4.1914995369194925e-22, nan 
172.625, 55.875, 2.137189688770863e-22, nan 
172.875, 55.875, 2.3875439811241285e-22, nan 
173.125, 55.875, 1.950575985663845e-22, nan 
173.375, 55.875, 5.869342976412385e-23, nan 
173.625, 55.875, 3.1197661136067127e-23, nan 
173.875, 55.875, 2.5226230236438148e-23, nan 
174.125, 55.875, 9.584470181893355e-24, nan 
174.375, 55.875, 1.5094380190809158e-23, nan 
174.625, 55.875, 2.661370619947947e-23, nan 
174.875, 55.875, 3.328940148611584e-23, nan 
175.125, 55.875, 2.5831992967071803e-23, nan 
175.375, 55.875, 7.88272077712632e-23, nan 
175.625, 55.875, 1.7519295752355605e-22, nan 
175.875, 55.875, 1.3601872671472572e-22, nan 
176.125, 55.875, 1.089979329805745e-22, nan 
176.375, 55.875, 3.2195086638459315e-23, nan 
176.625, 55.875, 3.879490203888835e-23, nan 
176.875, 55.875, 8.437941382633528e-24, nan 
177.125, 55.875, 2.9065253448161496e-23, nan 
177.375, 55.875, 3.0132112560471966e-23, nan 
177.625, 55.875, 3.6932550538308334e-23, nan 
177.875, 55.875, 6.279792789571011e-23, nan 
178.125, 55.875, 6.016319833362352e-23, nan 
178.375, 55.875, 2.85549997156542e-23, nan 
178.625, 55.875, 2.0032753172614005e-23, nan 
178.875, 55.875, 1.8312872828048956e-23, nan 
179.125, 55.875, 3.863543212711903e-23, nan 
179.375, 55.875, 4.377057662599674e-23, nan 
179.625, 55.875, 3.141204265574866e-23, nan 
179.875, 55.875, 2.2191641144127824e-23, nan 
-179.875, 56.125, 3.0710163577385997e-23, nan 
-179.625, 56.125, 1.0660289597314459e-23, nan 
-179.375, 56.125, 7.190468863788314e-24, nan 
-179.125, 56.125, 1.3520985137953954e-23, nan 
-178.875, 56.125, 2.5669711044271873e-23, nan 
-178.625, 56.125, 2.0191434505390912e-23, nan 
-178.375, 56.125, 1.521250588276255e-23, nan 
-178.125, 56.125, 1.1855611948513485e-23, nan 
-177.875, 56.125, 4.205909101530585e-24, nan 
-177.625, 56.125, 5.3535705949588075e-24, nan 
-177.375, 56.125, 7.010504924680197e-24, nan 
-177.125, 56.125, 1.5829135809127506e-23, nan 
-176.875, 56.125, 2.711602324158642e-23, nan 
-176.625, 56.125, 2.2517021188840344e-23, nan 
-176.375, 56.125, 1.942916539547312e-23, nan 
-176.125, 56.125, 2.4162093780720184e-23, nan 
-175.875, 56.125, 2.1360739535571838e-23, nan 
-175.625, 56.125, 5.6319033033022115e-24, nan 
-175.375, 56.125, 4.5116746735932806e-23, nan 
-175.125, 56.125, 1.568236715214795e-22, nan 
-174.875, 56.125, 1.6284204439726394e-22, nan 
-174.625, 56.125, 4.1621422373563663e-23, nan 
-174.375, 56.125, 4.8877191597374194e-23, nan 
-174.125, 56.125, 3.61859331525944e-23, nan 
-173.875, 56.125, 1.3017383660445445e-23, nan 
-173.625, 56.125, 1.3706738330005145e-23, nan 
-173.375, 56.125, 1.1489533395570296e-23, nan 
-173.125, 56.125, 1.3560732024228277e-23, nan 
-172.875, 56.125, 1.2432491065282602e-23, nan 
-172.625, 56.125, 1.2849349560740248e-23, nan 
-172.375, 56.125, 1.0183235909358451e-23, nan 
-172.125, 56.125, 9.101666611140798e-24, nan 
-171.875, 56.125, 1.3236802634360695e-23, nan 
-171.625, 56.125, 1.4315788326502332e-23, nan 
-171.375, 56.125, 1.028962912887158e-23, nan 
-171.125, 56.125, 3.040692853704055e-23, nan 
-170.875, 56.125, 2.938361230998246e-23, nan 
-170.625, 56.125, 8.51114792793735e-24, nan 
-170.375, 56.125, 1.6729292560499365e-23, nan 
-170.125, 56.125, 1.5560533378607266e-23, nan 
-169.875, 56.125, 8.424959288308838e-24, nan 
-169.625, 56.125, 8.657612206679972e-24, nan 
-169.375, 56.125, 3.692176476820222e-23, nan 
-169.125, 56.125, 6.436784083879301e-23, nan 
-168.875, 56.125, 5.715113258737712e-23, nan 
-168.625, 56.125, 4.1364973586060627e-23, nan 
-168.375, 56.125, 3.3782916565759375e-23, nan 
-168.125, 56.125, 9.166927762937748e-24, nan 
-167.875, 56.125, 1.589027604954321e-23, nan 
-167.625, 56.125, 1.9561281561127365e-23, nan 
-167.375, 56.125, 1.566855969727671e-23, nan 
-167.125, 56.125, 1.4237636547996895e-23, nan 
-166.875, 56.125, 1.5050419068470043e-23, nan 
-166.625, 56.125, 9.986812134631887e-24, nan 
-166.375, 56.125, 7.56040874893171e-24, nan 
-166.125, 56.125, 7.710036941416873e-24, nan 
-165.875, 56.125, 9.1217395264987e-24, nan 
-165.625, 56.125, 8.590558268397934e-24, nan 
-165.375, 56.125, 1.2403966619002612e-23, nan 
-165.125, 56.125, 1.0022649366190249e-23, nan 
-164.875, 56.125, 1.4620979809808462e-23, nan 
-164.625, 56.125, 1.728374098618472e-23, nan 
-164.375, 56.125, 2.0092913137569466e-23, nan 
-164.125, 56.125, 1.74266816939221e-23, nan 
-163.875, 56.125, 1.0516841258210936e-23, nan 
-163.625, 56.125, 1.019473374696368e-23, nan 
-163.375, 56.125, 2.012816917051776e-23, nan 
-163.125, 56.125, 1.7356212811261093e-23, nan 
-162.875, 56.125, 5.8687816901500994e-24, nan 
-162.625, 56.125, 3.176023990020557e-24, nan 
-162.375, 56.125, 1.2329700677929498e-23, nan 
-162.125, 56.125, 1.4755926285091702e-23, nan 
-161.875, 56.125, 9.707299804938071e-24, nan 
-161.625, 56.125, 8.229311855131857e-24, nan 
-161.375, 56.125, 7.374855063459296e-24, nan 
-161.125, 56.125, 1.0355440100531108e-23, nan 
-160.875, 56.125, 1.2220315469967972e-23, nan 
-160.625, 56.125, 8.612519077695743e-24, nan 
-160.375, 56.125, 4.991697889241454e-24, nan 
-160.125, 56.125, 1.3513257875438309e-24, nan 
-159.875, 56.125, 5.429680067353683e-24, nan 
-159.625, 56.125, 6.207279448560018e-24, nan 
-159.375, 56.125, 1.4467026490473164e-23, nan 
-159.125, 56.125, 1.3760310885618294e-23, nan 
-158.875, 56.125, 8.466915989827768e-24, nan 
-158.625, 56.125, 4.587212444305874e-24, nan 
-158.375, 56.125, 4.547270052882284e-24, nan 
-158.125, 56.125, 2.8114143578565455e-23, nan 
-157.875, 56.125, 2.904152652318339e-23, nan 
-157.625, 56.125, 6.199415743938471e-24, nan 
-157.375, 56.125, 1.9402886009243174e-23, nan 
-157.125, 56.125, 1.656882396662946e-23, nan 
-156.875, 56.125, 4.864481101139699e-24, nan 
-156.625, 56.125, 1.8761091052989445e-24, nan 
-156.375, 56.125, 4.330444475057127e-24, nan 
-156.125, 56.125, 4.7455304120906166e-24, nan 
-155.875, 56.125, 7.293881209629524e-24, nan 
-155.625, 56.125, 7.239905256464194e-24, nan 
-155.375, 56.125, 4.5084393369437525e-24, nan 
-155.125, 56.125, 6.794110861776372e-24, nan 
-154.875, 56.125, 7.841230692283671e-24, nan 
-154.625, 56.125, 6.389423818124932e-24, nan 
-154.375, 56.125, 9.967073213852839e-24, nan 
-154.125, 56.125, 1.1297417154634788e-23, nan 
-153.875, 56.125, 6.670764095181571e-24, nan 
-153.625, 56.125, 3.30039254409541e-24, nan 
-153.375, 56.125, 1.556754658835665e-23, nan 
-153.125, 56.125, 1.6861398592932657e-23, nan 
-152.875, 56.125, 8.310887956356472e-24, nan 
-152.625, 56.125, 1.5684990051202478e-23, nan 
-152.375, 56.125, 1.81478169977149e-23, nan 
-152.125, 56.125, 2.3692932905169055e-23, nan 
-151.875, 56.125, 5.038869838203746e-23, nan 
-151.625, 56.125, 4.125569530038117e-23, nan 
-151.375, 56.125, 3.463418167894569e-23, nan 
-151.125, 56.125, 1.0437571072961396e-23, nan 
-150.875, 56.125, 1.1023744481056549e-23, nan 
-150.625, 56.125, 6.669852629485832e-24, nan 
-150.375, 56.125, 4.498367002998923e-24, nan 
-150.125, 56.125, 5.006177450440283e-24, nan 
-149.875, 56.125, 3.008224957021238e-24, nan 
-149.625, 56.125, 6.912748433491304e-24, nan 
-149.375, 56.125, 1.1587802599469812e-23, nan 
-149.125, 56.125, 1.7024672225653305e-23, nan 
-148.875, 56.125, 1.843128349671826e-23, nan 
-148.625, 56.125, 1.4055267084844925e-23, nan 
-148.375, 56.125, 1.3522492978615098e-23, nan 
-148.125, 56.125, 1.0357895892824945e-23, nan 
-147.875, 56.125, 1.5042985929649498e-23, nan 
-147.625, 56.125, 2.0109802376005845e-23, nan 
-147.375, 56.125, 1.4717461778106108e-23, nan 
-147.125, 56.125, 2.256206576027607e-23, nan 
-146.875, 56.125, 1.6095164300527098e-23, nan 
-146.625, 56.125, 1.5578044389770538e-23, nan 
-146.375, 56.125, 1.0306842530762374e-23, nan 
-146.125, 56.125, 1.1126833055744345e-23, nan 
-145.875, 56.125, 1.534298121871858e-23, nan 
-145.625, 56.125, 1.9878816594620228e-23, nan 
-145.375, 56.125, 1.7552658808866424e-23, nan 
-145.125, 56.125, 1.7053167430454037e-23, nan 
-144.875, 56.125, 1.6552509086651868e-23, nan 
-144.625, 56.125, 1.7541068296596064e-23, nan 
-144.375, 56.125, 1.0160765367016785e-23, nan 
-144.125, 56.125, 4.524469831466895e-24, nan 
-143.875, 56.125, 3.0153232919590184e-24, nan 
-143.625, 56.125, 5.578017456506562e-24, nan 
-143.375, 56.125, 9.962380093451268e-24, nan 
-143.125, 56.125, 1.056552300221185e-23, nan 
-142.875, 56.125, 5.325245303649561e-24, nan 
-142.625, 56.125, 5.79880427609579e-24, nan 
-142.375, 56.125, 9.427786014795363e-24, nan 
-142.125, 56.125, 1.1264533198527643e-23, nan 
-141.875, 56.125, 4.174240815216616e-24, nan 
-141.625, 56.125, 1.952821528566208e-24, nan 
-141.375, 56.125, 1.5320372979736448e-24, nan 
-141.125, 56.125, 2.0514523514666155e-24, nan 
-140.875, 56.125, 2.4654662487995886e-24, nan 
-140.625, 56.125, 2.428771880289319e-24, nan 
-140.375, 56.125, 3.706977473320386e-24, nan 
-140.125, 56.125, 3.981316773133471e-24, nan 
-139.875, 56.125, 3.2666487661161264e-24, nan 
-139.625, 56.125, 3.4975527711736034e-24, nan 
-139.375, 56.125, 3.7303694816565355e-24, nan 
-139.125, 56.125, 3.689555581309339e-24, nan 
-138.875, 56.125, 4.0480923580370906e-24, nan 
-138.625, 56.125, 5.5306756288883284e-24, nan 
-138.375, 56.125, 8.826374222497884e-24, nan 
110.375, 56.125, 1.0683985162473207e-23, nan 
110.625, 56.125, 1.2059968457687266e-23, nan 
110.875, 56.125, 1.115132832874035e-23, nan 
111.125, 56.125, 1.655721430595418e-23, nan 
111.375, 56.125, 2.0187264145213229e-23, nan 
111.625, 56.125, 1.6044561391217802e-23, nan 
111.875, 56.125, 8.550757397032068e-24, nan 
112.125, 56.125, 5.461763758520537e-24, nan 
112.375, 56.125, 4.8687619188111025e-24, nan 
112.625, 56.125, 8.223092342939277e-24, nan 
112.875, 56.125, 1.3755715106697386e-23, nan 
113.125, 56.125, 1.2556967635223982e-23, nan 
113.375, 56.125, 7.999767646647678e-24, nan 
113.625, 56.125, 2.0536408506413973e-24, nan 
113.875, 56.125, 3.3046905552233912e-24, nan 
114.125, 56.125, 5.536053708764745e-24, nan 
114.375, 56.125, 1.0039357011432758e-23, nan 
114.625, 56.125, 8.03958881895493e-24, nan 
114.875, 56.125, 3.806391224758744e-24, nan 
115.125, 56.125, 3.789621690990677e-24, nan 
115.375, 56.125, 3.2566952653646132e-24, nan 
115.625, 56.125, 4.6200210417896954e-24, nan 
115.875, 56.125, 5.3645926548851815e-24, nan 
116.125, 56.125, 3.531694645739686e-24, nan 
116.375, 56.125, 4.186401059869346e-24, nan 
116.625, 56.125, 8.817919391959308e-24, nan 
116.875, 56.125, 4.108737924468453e-24, nan 
117.125, 56.125, 2.1631752469388576e-24, nan 
117.375, 56.125, 4.209641916412532e-24, nan 
117.625, 56.125, 9.913443088376482e-24, nan 
117.875, 56.125, 1.2304722170343376e-23, nan 
118.125, 56.125, 8.437714063570963e-24, nan 
118.375, 56.125, 4.593947424535835e-24, nan 
118.625, 56.125, 5.128085327578117e-24, nan 
118.875, 56.125, 4.857524698773303e-24, nan 
119.125, 56.125, 6.720084415833253e-24, nan 
119.375, 56.125, 6.013841537445724e-24, nan 
119.625, 56.125, 4.849892491748299e-24, nan 
119.875, 56.125, 2.0430375030072998e-23, nan 
120.125, 56.125, 2.3891340988457395e-23, nan 
120.375, 56.125, 7.070746436394478e-24, nan 
120.625, 56.125, 3.5493487626610475e-24, nan 
120.875, 56.125, 4.259276925603555e-24, nan 
121.125, 56.125, 5.5844089576126786e-24, nan 
121.375, 56.125, 6.655086723516452e-24, nan 
121.625, 56.125, 4.49367670618893e-24, nan 
121.875, 56.125, 3.5603660797544294e-24, nan 
122.125, 56.125, 3.941837994394818e-24, nan 
122.375, 56.125, 5.7637312596528634e-24, nan 
122.625, 56.125, 1.9347800956215183e-23, nan 
122.875, 56.125, 2.0866842245047595e-23, nan 
123.125, 56.125, 1.7596501322078256e-23, nan 
123.375, 56.125, 2.2552210789290358e-23, nan 
123.625, 56.125, 2.060820724845002e-23, nan 
123.875, 56.125, 8.424198606030646e-24, nan 
124.125, 56.125, 4.708913415851206e-24, nan 
124.375, 56.125, 5.974405829575363e-24, nan 
124.625, 56.125, 5.592656770905979e-24, nan 
124.875, 56.125, 4.6120663416271935e-24, nan 
125.125, 56.125, 3.175635591360094e-24, nan 
125.375, 56.125, 4.295517531337619e-24, nan 
125.625, 56.125, 6.798111589597452e-24, nan 
125.875, 56.125, 3.8584465571549134e-24, nan 
126.125, 56.125, 1.4663163027662592e-24, nan 
126.375, 56.125, 3.335856106998111e-24, nan 
126.625, 56.125, 2.958082475442837e-24, nan 
126.875, 56.125, 4.9204007384207134e-24, nan 
127.125, 56.125, 3.7243160289396375e-23, nan 
127.375, 56.125, 5.829992572414826e-23, nan 
127.625, 56.125, 3.586776220493565e-23, nan 
127.875, 56.125, 8.414827707658796e-24, nan 
128.125, 56.125, 1.0072116143315309e-23, nan 
128.375, 56.125, 7.224661465050363e-24, nan 
128.625, 56.125, 7.307532650697789e-24, nan 
128.875, 56.125, 1.858803261822204e-23, nan 
129.125, 56.125, 1.819546964024934e-23, nan 
129.375, 56.125, 4.03443791705104e-24, nan 
129.625, 56.125, 1.8534790984355087e-23, nan 
129.875, 56.125, 2.4379747821951666e-23, nan 
130.125, 56.125, 1.8815015005318777e-23, nan 
130.375, 56.125, 8.18037528976325e-24, nan 
130.625, 56.125, 2.0978894971752004e-24, nan 
130.875, 56.125, 1.4883471537311574e-24, nan 
131.125, 56.125, 5.579219982264884e-24, nan 
131.375, 56.125, 9.60766011860703e-24, nan 
131.625, 56.125, 8.288503195532504e-24, nan 
131.875, 56.125, 7.903685876290673e-24, nan 
132.125, 56.125, 8.938435800184975e-24, nan 
132.375, 56.125, 9.343312365652645e-24, nan 
132.625, 56.125, 9.743685194004523e-24, nan 
132.875, 56.125, 9.45220833447624e-24, nan 
133.125, 56.125, 7.609032217693389e-24, nan 
133.375, 56.125, 9.87158507120767e-24, nan 
133.625, 56.125, 1.1929416681626624e-23, nan 
133.875, 56.125, 1.338658535410114e-23, nan 
134.125, 56.125, 1.4950808003265987e-23, nan 
134.375, 56.125, 1.2076805972946301e-23, nan 
134.625, 56.125, 1.0332011886430675e-23, nan 
134.875, 56.125, 6.2500911900514906e-24, nan 
135.125, 56.125, 4.155524074911157e-24, nan 
135.375, 56.125, 5.095557927494401e-24, nan 
135.625, 56.125, 7.563727553267706e-24, nan 
135.875, 56.125, 9.134020465082671e-24, nan 
136.125, 56.125, 2.6163555116750292e-23, nan 
136.375, 56.125, 2.91321936200393e-23, nan 
136.625, 56.125, 1.2054021642832185e-23, nan 
136.875, 56.125, 1.167238475598904e-23, nan 
137.125, 56.125, 6.868434360662704e-24, nan 
137.375, 56.125, 1.8562905112623816e-23, nan 
137.625, 56.125, 2.5281831191285258e-23, nan 
137.875, 56.125, 1.483791359948068e-23, nan 
138.125, 56.125, 1.1929197100533392e-23, nan 
138.375, 56.125, 1.1612260755612085e-23, nan 
138.625, 56.125, 2.3105383058860053e-23, nan 
138.875, 56.125, 2.5007974978916554e-23, nan 
139.125, 56.125, 4.491736127128641e-23, nan 
139.375, 56.125, 4.66261221064321e-23, nan 
139.625, 56.125, 4.0852013524344895e-23, nan 
139.875, 56.125, 5.32632061724251e-23, nan 
140.125, 56.125, 4.3974940983972327e-23, nan 
140.375, 56.125, 2.1355491917506178e-23, nan 
140.625, 56.125, 2.0398577050810334e-23, nan 
140.875, 56.125, 2.7984726275170425e-23, nan 
141.125, 56.125, 3.0091208835511583e-23, nan 
141.375, 56.125, 1.4935561395013702e-23, nan 
141.625, 56.125, 2.6585835581633917e-23, nan 
141.875, 56.125, 3.228115865124869e-23, nan 
142.125, 56.125, 3.518632069986951e-23, nan 
142.375, 56.125, 2.8837729976776743e-23, nan 
142.625, 56.125, 1.5050562357777265e-23, nan 
142.875, 56.125, 1.0830976959699705e-23, nan 
143.125, 56.125, 2.0714138542146862e-23, nan 
143.375, 56.125, 2.3544554809552153e-23, nan 
143.625, 56.125, 2.830727790315628e-23, nan 
143.875, 56.125, 2.4735520925318608e-23, nan 
144.125, 56.125, 1.679927282502806e-23, nan 
144.375, 56.125, 2.2669495548131035e-23, nan 
144.625, 56.125, 2.26152682095516e-23, nan 
144.875, 56.125, 1.8388055202379196e-23, nan 
145.125, 56.125, 1.4605816591942877e-23, nan 
145.375, 56.125, 3.09782495598239e-23, nan 
145.625, 56.125, 4.525520199280794e-23, nan 
145.875, 56.125, 4.212895723802903e-23, nan 
146.125, 56.125, 4.863012923749841e-23, nan 
146.375, 56.125, 5.459855104981772e-23, nan 
146.625, 56.125, 3.01795332406459e-23, nan 
146.875, 56.125, 2.0241944534478944e-23, nan 
147.125, 56.125, 2.358800469220442e-23, nan 
147.375, 56.125, 2.755403962829639e-23, nan 
147.625, 56.125, 2.5967010912049682e-23, nan 
147.875, 56.125, 1.9515151965310212e-23, nan 
148.125, 56.125, 4.098455153758157e-23, nan 
148.375, 56.125, 5.296529489891644e-23, nan 
148.625, 56.125, 4.0786686691544396e-23, nan 
148.875, 56.125, 4.4229807646407363e-23, nan 
149.125, 56.125, 3.120663252859246e-23, nan 
149.375, 56.125, 3.312852209648381e-23, nan 
149.625, 56.125, 3.617991182716658e-23, nan 
149.875, 56.125, 1.3189586562052225e-23, nan 
150.125, 56.125, 1.723373698900652e-23, nan 
150.375, 56.125, 1.2930237695976064e-23, nan 
150.625, 56.125, 9.35300499455519e-24, nan 
150.875, 56.125, 8.965638634769047e-24, nan 
151.125, 56.125, 1.9525502254439265e-23, nan 
151.375, 56.125, 3.0692628354009646e-23, nan 
151.625, 56.125, 2.850928886433407e-23, nan 
151.875, 56.125, 6.756041734393883e-23, nan 
152.125, 56.125, 5.0420881921211235e-23, nan 
152.375, 56.125, 3.7364196773880625e-23, nan 
152.625, 56.125, 4.6609992963371316e-23, nan 
152.875, 56.125, 2.6387576731764836e-23, nan 
153.125, 56.125, 1.8772652057524816e-23, nan 
153.375, 56.125, 2.5552853538535536e-23, nan 
153.625, 56.125, 2.9909758805502107e-23, nan 
153.875, 56.125, 3.693037112593414e-23, nan 
154.125, 56.125, 4.496049789219645e-23, nan 
154.375, 56.125, 4.3981393737088365e-23, nan 
154.625, 56.125, 4.2214793314365e-23, nan 
154.875, 56.125, 3.9497628406171875e-23, nan 
155.125, 56.125, 4.738924696669032e-23, nan 
155.375, 56.125, 1.0913858836212638e-22, nan 
155.625, 56.125, 1.207164146322599e-22, nan 
155.875, 56.125, 7.579868539877377e-23, nan 
156.125, 56.125, 1.135804804608518e-22, nan 
156.375, 56.125, 2.9115514386146536e-23, nan 
156.625, 56.125, 2.6363280544422316e-23, nan 
156.875, 56.125, 3.0396860882015313e-23, nan 
157.125, 56.125, 2.63440950325534e-23, nan 
157.375, 56.125, 6.941187967838825e-23, nan 
157.625, 56.125, 6.840298209029322e-23, nan 
157.875, 56.125, 1.2963267013140986e-23, nan 
158.125, 56.125, 1.1219996541947997e-23, nan 
158.375, 56.125, 9.69044743489372e-23, nan 
158.625, 56.125, 1.1642171780130715e-22, nan 
158.875, 56.125, 8.74607625538368e-23, nan 
159.125, 56.125, 5.595045132153832e-23, nan 
159.375, 56.125, 3.6363994492319496e-23, nan 
159.625, 56.125, 5.221462051697019e-23, nan 
159.875, 56.125, 3.891566458199466e-23, nan 
160.125, 56.125, 1.278726856005161e-23, nan 
160.375, 56.125, 2.9043590196920103e-23, nan 
160.625, 56.125, 6.615605675772259e-23, nan 
160.875, 56.125, 7.301281423807179e-23, nan 
161.125, 56.125, 5.56617647898918e-23, nan 
161.375, 56.125, 8.703447606410964e-23, nan 
161.625, 56.125, 1.012721544548195e-22, nan 
161.875, 56.125, 1.2415715661391047e-22, nan 
162.125, 56.125, 1.4452120757098118e-22, nan 
162.375, 56.125, 1.093375195955718e-22, nan 
162.625, 56.125, 5.934877984906358e-23, nan 
162.875, 56.125, 1.0038442813013436e-22, nan 
163.125, 56.125, 9.518108490330041e-23, nan 
163.375, 56.125, 5.082196234271668e-23, nan 
163.625, 56.125, 7.171232199203663e-23, nan 
163.875, 56.125, 1.162031426380562e-22, nan 
164.125, 56.125, 2.023565327367285e-22, nan 
164.375, 56.125, 1.6591804281045173e-22, nan 
164.625, 56.125, 1.3967192726350303e-22, nan 
164.875, 56.125, 1.1445054962386048e-22, nan 
165.125, 56.125, 1.4239826647906295e-22, nan 
165.375, 56.125, 1.665556792015781e-22, nan 
165.625, 56.125, 9.811941605888541e-23, nan 
165.875, 56.125, 1.4914736201821204e-22, nan 
166.125, 56.125, 1.671475566368789e-22, nan 
166.375, 56.125, 3.1740485928654226e-22, nan 
166.625, 56.125, 2.28273256662901e-22, nan 
166.875, 56.125, 1.1634942867130068e-22, nan 
167.125, 56.125, 4.5069101958245566e-23, nan 
167.375, 56.125, 5.892495957801058e-23, nan 
167.625, 56.125, 1.701662567707528e-22, nan 
167.875, 56.125, 1.9947686377079302e-22, nan 
168.125, 56.125, 2.10749146128663e-22, nan 
168.375, 56.125, 1.5476665335626546e-22, nan 
168.625, 56.125, 1.3183803071958243e-22, nan 
168.875, 56.125, 1.509523731836837e-22, nan 
169.125, 56.125, 1.3664813258699606e-22, nan 
169.375, 56.125, 1.1522885032060288e-22, nan 
169.625, 56.125, 5.245465703099769e-22, nan 
169.875, 56.125, 6.161216185819792e-22, nan 
170.125, 56.125, 3.6348843893114813e-22, nan 
170.375, 56.125, 4.948896396534224e-22, nan 
170.625, 56.125, 5.0729031165166075e-22, nan 
170.875, 56.125, 1.9487130861559037e-21, nan 
171.125, 56.125, 2.0315718358391643e-21, nan 
171.375, 56.125, 2.4544126201309254e-21, nan 
171.625, 56.125, 2.263382002050544e-21, nan 
171.875, 56.125, 6.5685994549512785e-22, nan 
172.125, 56.125, 3.2141492424105783e-22, nan 
172.375, 56.125, 2.7155922548809806e-22, nan 
172.625, 56.125, 2.275368719346891e-22, nan 
172.875, 56.125, 2.0477248005263028e-22, nan 
173.125, 56.125, 7.156713452016451e-23, nan 
173.375, 56.125, 8.287213841350612e-23, nan 
173.625, 56.125, 5.40123842951217e-23, nan 
173.875, 56.125, 3.3257201235757953e-23, nan 
174.125, 56.125, 3.3032882533156255e-23, nan 
174.375, 56.125, 1.402098591195993e-23, nan 
174.625, 56.125, 3.477233828992117e-23, nan 
174.875, 56.125, 3.28319205937604e-23, nan 
175.125, 56.125, 1.5760356607315424e-22, nan 
175.375, 56.125, 1.9777545596819455e-22, nan 
175.625, 56.125, 2.185323112092713e-22, nan 
175.875, 56.125, 1.2643925363494024e-22, nan 
176.125, 56.125, 2.310084606967071e-22, nan 
176.375, 56.125, 1.9266014949542217e-22, nan 
176.625, 56.125, 1.3446922822562876e-23, nan 
176.875, 56.125, 4.229879513413632e-23, nan 
177.125, 56.125, 6.763960621689676e-23, nan 
177.375, 56.125, 4.954706446762455e-23, nan 
177.625, 56.125, 6.668434177283305e-23, nan 
177.875, 56.125, 7.896058191114048e-23, nan 
178.125, 56.125, 4.544508702053039e-23, nan 
178.375, 56.125, 3.92615951080863e-23, nan 
178.625, 56.125, 3.8206956418985685e-23, nan 
178.875, 56.125, 2.7633674767184304e-23, nan 
179.125, 56.125, 4.2399669807240447e-23, nan 
179.375, 56.125, 3.579129256829957e-23, nan 
179.625, 56.125, 2.3032763770804388e-23, nan 
179.875, 56.125, 3.801877174632084e-23, nan 
-179.875, 56.375, 3.976548676367526e-23, nan 
-179.625, 56.375, 1.098822595335916e-23, nan 
-179.375, 56.375, 8.144819586624358e-24, nan 
-179.125, 56.375, 1.9494306326700748e-23, nan 
-178.875, 56.375, 2.193918076416517e-23, nan 
-178.625, 56.375, 1.0908256017868737e-23, nan 
-178.375, 56.375, 9.63760201764984e-24, nan 
-178.125, 56.375, 7.208681768140448e-24, nan 
-177.875, 56.375, 4.644650014456616e-24, nan 
-177.625, 56.375, 4.5587041627904184e-24, nan 
-177.375, 56.375, 5.7491608869630086e-24, nan 
-177.125, 56.375, 1.3441517951326973e-23, nan 
-176.875, 56.375, 3.9835457016188936e-23, nan 
-176.625, 56.375, 3.702930408231737e-23, nan 
-176.375, 56.375, 1.9580126539390723e-23, nan 
-176.125, 56.375, 2.1979863373529475e-23, nan 
-175.875, 56.375, 1.3155149578654633e-23, nan 
-175.625, 56.375, 4.292130253169722e-24, nan 
-175.375, 56.375, 3.985630261680712e-23, nan 
-175.125, 56.375, 7.309229270100448e-23, nan 
-174.875, 56.375, 1.402073704894442e-22, nan 
-174.625, 56.375, 1.1877967972050548e-22, nan 
-174.375, 56.375, 6.648952812509653e-23, nan 
-174.125, 56.375, 4.5923524014505836e-23, nan 
-173.875, 56.375, 2.1448707680669077e-23, nan 
-173.625, 56.375, 1.1851355936180118e-23, nan 
-173.375, 56.375, 1.2369279849778082e-23, nan 
-173.125, 56.375, 1.6936462073663643e-23, nan 
-172.875, 56.375, 1.5398180647129987e-23, nan 
-172.625, 56.375, 1.1070583331668948e-23, nan 
-172.375, 56.375, 1.2033055905215146e-23, nan 
-172.125, 56.375, 1.8531115540629243e-23, nan 
-171.875, 56.375, 2.7906718323380723e-23, nan 
-171.625, 56.375, 2.2155428919094198e-23, nan 
-171.375, 56.375, 1.635760377282831e-23, nan 
-171.125, 56.375, 1.8362907702153038e-23, nan 
-170.875, 56.375, 2.3435841496616916e-23, nan 
-170.625, 56.375, 1.9890128468712944e-23, nan 
-170.375, 56.375, 2.3810340196196996e-23, nan 
-170.125, 56.375, 1.954582869154997e-23, nan 
-169.875, 56.375, 1.0521114978103676e-23, nan 
-169.625, 56.375, 5.665587121588438e-24, nan 
-169.375, 56.375, 1.273786014314578e-23, nan 
-169.125, 56.375, 5.944611212804114e-23, nan 
-168.875, 56.375, 6.039307407630793e-23, nan 
-168.625, 56.375, 3.232878312958104e-23, nan 
-168.375, 56.375, 3.027375794587458e-23, nan 
-168.125, 56.375, 1.7194865345753356e-23, nan 
-167.875, 56.375, 2.8726051663820693e-23, nan 
-167.625, 56.375, 2.8638076383503317e-23, nan 
-167.375, 56.375, 1.8412079953907727e-23, nan 
-167.125, 56.375, 9.477865147250216e-24, nan 
-166.875, 56.375, 1.3791769513436185e-23, nan 
-166.625, 56.375, 1.2871099998802634e-23, nan 
-166.375, 56.375, 1.2871028382088898e-23, nan 
-166.125, 56.375, 1.2736328947897733e-23, nan 
-165.875, 56.375, 6.000439391153922e-24, nan 
-165.625, 56.375, 3.5751834723270175e-24, nan 
-165.375, 56.375, 1.2152955728141556e-23, nan 
-165.125, 56.375, 2.434932495246364e-23, nan 
-164.875, 56.375, 2.4723360668456896e-23, nan 
-164.625, 56.375, 1.9511306719306487e-23, nan 
-164.375, 56.375, 5.333031577176983e-23, nan 
-164.125, 56.375, 2.0077092466272896e-23, nan 
-163.875, 56.375, 2.7715570262541584e-23, nan 
-163.625, 56.375, 3.1055460012548556e-23, nan 
-163.375, 56.375, 1.327955227315698e-23, nan 
-163.125, 56.375, 1.053418227595963e-23, nan 
-162.875, 56.375, 3.1421695832896188e-24, nan 
-162.625, 56.375, 1.032884635806322e-23, nan 
-162.375, 56.375, 1.0525103189463409e-23, nan 
-162.125, 56.375, 7.82461006727848e-24, nan 
-161.875, 56.375, 5.0603551432191826e-24, nan 
-161.625, 56.375, 8.313088725523214e-24, nan 
-161.375, 56.375, 7.753370932378391e-24, nan 
-161.125, 56.375, 2.1019949617932867e-23, nan 
-160.875, 56.375, 2.293886713002952e-23, nan 
-160.625, 56.375, 6.073147812466206e-24, nan 
-160.375, 56.375, 8.4926069077677e-24, nan 
-160.125, 56.375, 4.6895140803712404e-24, nan 
-159.875, 56.375, 3.1483278251644832e-24, nan 
-159.625, 56.375, 3.624362862552975e-24, nan 
-159.375, 56.375, 1.3215530459428595e-23, nan 
-159.125, 56.375, 1.6750719176664757e-23, nan 
-158.875, 56.375, 1.3196340972837448e-23, nan 
-158.625, 56.375, 6.532027404460458e-24, nan 
-158.375, 56.375, 5.314019147145186e-24, nan 
-158.125, 56.375, 1.2545785148223074e-23, nan 
-157.875, 56.375, 2.6139974562540934e-23, nan 
-157.625, 56.375, 2.1117745242718972e-23, nan 
-157.375, 56.375, 1.3300564303633976e-23, nan 
-157.125, 56.375, 1.1539057777410134e-23, nan 
-156.875, 56.375, 6.853490183998419e-24, nan 
-156.625, 56.375, 9.797528296247229e-24, nan 
-156.375, 56.375, 8.0418752848448e-24, nan 
-156.125, 56.375, 2.8010387067482354e-24, nan 
-155.875, 56.375, 2.7567108105574452e-24, nan 
-155.625, 56.375, 7.268807576415486e-24, nan 
-155.375, 56.375, 8.934999508101884e-24, nan 
-155.125, 56.375, 9.073058239290129e-24, nan 
-154.875, 56.375, 7.009517200055544e-24, nan 
-154.625, 56.375, 6.397805833834931e-24, nan 
-154.375, 56.375, 1.2799999083490245e-23, nan 
-154.125, 56.375, 1.5723714953880214e-23, nan 
-153.875, 56.375, 1.1107502483212647e-23, nan 
-153.625, 56.375, 8.223223444020823e-24, nan 
-153.375, 56.375, 6.1232114789714795e-24, nan 
-153.125, 56.375, 1.8396076337692602e-23, nan 
-152.875, 56.375, 1.7144321088056195e-23, nan 
-152.625, 56.375, 9.800781123348814e-24, nan 
-152.375, 56.375, 1.0790933571233369e-23, nan 
-152.125, 56.375, 1.525336649325801e-23, nan 
-151.875, 56.375, 2.0593589651690955e-23, nan 
-151.625, 56.375, 2.3610604882561005e-23, nan 
-151.375, 56.375, 9.262287934301782e-24, nan 
-151.125, 56.375, 8.858908797574681e-24, nan 
-150.875, 56.375, 8.182514891760876e-24, nan 
-150.625, 56.375, 3.937229385906085e-24, nan 
-150.375, 56.375, 3.1055554678548275e-24, nan 
-150.125, 56.375, 4.0703882644265546e-24, nan 
-149.875, 56.375, 4.133350542156133e-24, nan 
-149.625, 56.375, 2.9260551894570956e-24, nan 
-149.375, 56.375, 6.871437486019268e-24, nan 
-149.125, 56.375, 8.778024988391047e-24, nan 
-148.875, 56.375, 1.5810009263922934e-23, nan 
-148.625, 56.375, 1.6090123689785633e-23, nan 
-148.375, 56.375, 1.5212786741781937e-23, nan 
-148.125, 56.375, 1.5438244897905895e-23, nan 
-147.875, 56.375, 1.2111334918321885e-23, nan 
-147.625, 56.375, 1.6827107482986743e-23, nan 
-147.375, 56.375, 1.4058346580779978e-23, nan 
-147.125, 56.375, 2.675487760075047e-23, nan 
-146.875, 56.375, 3.8043965932472106e-23, nan 
-146.625, 56.375, 3.9927599470968754e-23, nan 
-146.375, 56.375, 1.9138808445527507e-23, nan 
-146.125, 56.375, 1.0539457975317282e-23, nan 
-145.875, 56.375, 2.5390803342981574e-23, nan 
-145.625, 56.375, 2.8781481074508525e-23, nan 
-145.375, 56.375, 8.366741593838544e-24, nan 
-145.125, 56.375, 2.794318562270261e-24, nan 
-144.875, 56.375, 2.6823440403509018e-24, nan 
-144.625, 56.375, 1.3837359549897524e-23, nan 
-144.375, 56.375, 1.626727378200675e-23, nan 
-144.125, 56.375, 1.0008889528785841e-23, nan 
-143.875, 56.375, 8.405764237583104e-24, nan 
-143.625, 56.375, 9.296143069290413e-24, nan 
-143.375, 56.375, 6.54836911447167e-24, nan 
-143.125, 56.375, 9.796678522031509e-24, nan 
-142.875, 56.375, 1.2254974879021969e-23, nan 
-142.625, 56.375, 1.342985296561039e-23, nan 
-142.375, 56.375, 1.0850197653426051e-23, nan 
-142.125, 56.375, 6.805209161492562e-24, nan 
-141.875, 56.375, 5.887402797273035e-24, nan 
-141.625, 56.375, 6.126879234867048e-24, nan 
-141.375, 56.375, 6.118136928644596e-24, nan 
-141.125, 56.375, 2.847071377603237e-24, nan 
-140.875, 56.375, 2.09264842463738e-24, nan 
-140.625, 56.375, 2.7001312989405194e-24, nan 
-140.375, 56.375, 3.264396814241348e-24, nan 
-140.125, 56.375, 2.9250608978204895e-24, nan 
-139.875, 56.375, 3.443566622930466e-24, nan 
-139.625, 56.375, 3.1053134748295747e-24, nan 
-139.375, 56.375, 2.9684731643145634e-24, nan 
-139.125, 56.375, 4.1923230395869844e-24, nan 
-138.875, 56.375, 4.445715215025147e-24, nan 
-138.625, 56.375, 5.8070306679495114e-24, nan 
-138.375, 56.375, 5.4764312497747865e-24, nan 
-138.125, 56.375, 3.973224338116217e-24, nan 
-137.875, 56.375, 3.86098393717963e-24, nan 
109.875, 56.375, 2.8336073669996324e-24, nan 
110.125, 56.375, 4.3083171890403534e-24, nan 
110.375, 56.375, 5.289873336333625e-24, nan 
110.625, 56.375, 4.30007373448682e-24, nan 
110.875, 56.375, 4.445988442903964e-24, nan 
111.125, 56.375, 5.7606555948283996e-24, nan 
111.375, 56.375, 1.1341317882402556e-23, nan 
111.625, 56.375, 1.3837888384637546e-23, nan 
111.875, 56.375, 9.722109992037279e-24, nan 
112.125, 56.375, 1.1524385203597605e-23, nan 
112.375, 56.375, 1.5479719489624578e-23, nan 
112.625, 56.375, 1.1787037544488941e-23, nan 
112.875, 56.375, 1.2080014981563894e-23, nan 
113.125, 56.375, 7.202354766541725e-24, nan 
113.375, 56.375, 4.471632203147131e-24, nan 
113.625, 56.375, 4.7748732800771545e-24, nan 
113.875, 56.375, 5.36256321637152e-24, nan 
114.125, 56.375, 6.389100550045197e-24, nan 
114.375, 56.375, 6.100115265239945e-24, nan 
114.625, 56.375, 4.6056094185420084e-24, nan 
114.875, 56.375, 4.716272378559704e-24, nan 
115.125, 56.375, 4.1932128872984156e-24, nan 
115.375, 56.375, 4.364701180725899e-24, nan 
115.625, 56.375, 3.567953728013444e-24, nan 
115.875, 56.375, 3.485078171587022e-24, nan 
116.125, 56.375, 4.212877954249202e-24, nan 
116.375, 56.375, 3.545105343622216e-24, nan 
116.625, 56.375, 1.6133740262200067e-24, nan 
116.875, 56.375, 2.4382569009043608e-24, nan 
117.125, 56.375, 5.7601850591814645e-24, nan 
117.375, 56.375, 8.746404962612004e-24, nan 
117.625, 56.375, 1.2828121601979467e-23, nan 
117.875, 56.375, 1.2968193408952349e-23, nan 
118.125, 56.375, 8.251719251729303e-24, nan 
118.375, 56.375, 6.456707536261987e-24, nan 
118.625, 56.375, 3.986954399828156e-24, nan 
118.875, 56.375, 4.105286213438458e-24, nan 
119.125, 56.375, 5.4037682476560245e-24, nan 
119.375, 56.375, 5.774986799362419e-24, nan 
119.625, 56.375, 6.920014576069772e-24, nan 
119.875, 56.375, 7.31265409178941e-24, nan 
120.125, 56.375, 2.7465045525229066e-23, nan 
120.375, 56.375, 2.457369613485991e-23, nan 
120.625, 56.375, 6.247096867452283e-24, nan 
120.875, 56.375, 4.472313265375321e-24, nan 
121.125, 56.375, 2.726152920307462e-24, nan 
121.375, 56.375, 2.529337195186968e-24, nan 
121.625, 56.375, 4.802398812756602e-24, nan 
121.875, 56.375, 4.3549245652785e-24, nan 
122.125, 56.375, 3.428334471022991e-24, nan 
122.375, 56.375, 1.9575693916391182e-23, nan 
122.625, 56.375, 2.3854689823459273e-23, nan 
122.875, 56.375, 1.5797222436278115e-23, nan 
123.125, 56.375, 1.9333982562785254e-23, nan 
123.375, 56.375, 1.7496836357090974e-23, nan 
123.625, 56.375, 1.0215648988397508e-23, nan 
123.875, 56.375, 7.185761991538242e-24, nan 
124.125, 56.375, 7.386593812035268e-24, nan 
124.375, 56.375, 7.525102024073183e-24, nan 
124.625, 56.375, 2.2036838053323224e-24, nan 
124.875, 56.375, 1.8042251811459803e-24, nan 
125.125, 56.375, 1.852198857336986e-24, nan 
125.375, 56.375, 9.706740024194574e-24, nan 
125.625, 56.375, 1.1785567178218258e-23, nan 
125.875, 56.375, 6.2179248672668696e-24, nan 
126.125, 56.375, 6.924373018257402e-24, nan 
126.375, 56.375, 3.989217634358636e-24, nan 
126.625, 56.375, 2.2696614412579974e-24, nan 
126.875, 56.375, 1.7382183600062407e-24, nan 
127.125, 56.375, 3.922269975360079e-24, nan 
127.375, 56.375, 2.23679354902429e-23, nan 
127.625, 56.375, 3.380004663085453e-24, nan 
127.875, 56.375, 6.823622929543944e-24, nan 
128.125, 56.375, 7.375667095800627e-24, nan 
128.375, 56.375, 1.3092278286525272e-23, nan 
128.625, 56.375, 1.469697164280256e-23, nan 
128.875, 56.375, 8.01136421563601e-24, nan 
129.125, 56.375, 6.2775584944694105e-24, nan 
129.375, 56.375, 1.0835394994160882e-23, nan 
129.625, 56.375, 1.0372006851189664e-23, nan 
129.875, 56.375, 1.297211534696778e-23, nan 
130.125, 56.375, 2.4373338243006643e-23, nan 
130.375, 56.375, 2.223340721896789e-23, nan 
130.625, 56.375, 8.658267050966127e-24, nan 
130.875, 56.375, 6.0874809431928186e-24, nan 
131.125, 56.375, 7.544469171686511e-24, nan 
131.375, 56.375, 4.479000963149631e-24, nan 
131.625, 56.375, 6.0405333701084035e-24, nan 
131.875, 56.375, 6.054834179502308e-24, nan 
132.125, 56.375, 9.278394876134531e-24, nan 
132.375, 56.375, 1.3215980284215884e-23, nan 
132.625, 56.375, 1.487132677644535e-23, nan 
132.875, 56.375, 1.2308781601464939e-23, nan 
133.125, 56.375, 4.675558484260246e-24, nan 
133.375, 56.375, 4.696964034687751e-24, nan 
133.625, 56.375, 6.518388084256517e-24, nan 
133.875, 56.375, 1.126130209047816e-23, nan 
134.125, 56.375, 7.901300558350714e-24, nan 
134.375, 56.375, 1.0049748123933125e-23, nan 
134.625, 56.375, 1.3935932788524985e-23, nan 
134.875, 56.375, 9.318704134656954e-24, nan 
135.125, 56.375, 4.389460315490711e-24, nan 
135.375, 56.375, 4.9600647050273526e-24, nan 
135.625, 56.375, 7.117069398014316e-24, nan 
135.875, 56.375, 6.720018919588793e-24, nan 
136.125, 56.375, 1.460963633756013e-23, nan 
136.375, 56.375, 1.5313676578656486e-23, nan 
136.625, 56.375, 8.097190348612592e-24, nan 
136.875, 56.375, 9.631712785387957e-24, nan 
137.125, 56.375, 7.635830992524782e-24, nan 
137.375, 56.375, 1.3493962594278917e-23, nan 
137.625, 56.375, 2.0939927034447676e-23, nan 
137.875, 56.375, 2.4107853075783636e-23, nan 
138.125, 56.375, 2.1372005846762164e-23, nan 
138.375, 56.375, 2.113996025789881e-23, nan 
138.625, 56.375, 2.6111061104221632e-23, nan 
138.875, 56.375, 2.0676433538009378e-23, nan 
139.125, 56.375, 2.4958060412846724e-23, nan 
139.375, 56.375, 3.2044473234996626e-23, nan 
139.625, 56.375, 3.9709121496971867e-23, nan 
139.875, 56.375, 2.5115234911028132e-23, nan 
140.125, 56.375, 1.7838189475651193e-23, nan 
140.375, 56.375, 7.417873838105525e-24, nan 
140.625, 56.375, 5.19657528919861e-24, nan 
140.875, 56.375, 1.3217852969782664e-23, nan 
141.125, 56.375, 3.2330131935212646e-23, nan 
141.375, 56.375, 4.067583342707902e-23, nan 
141.625, 56.375, 4.811967367988801e-23, nan 
141.875, 56.375, 8.877202024335352e-23, nan 
142.125, 56.375, 7.714280547916269e-23, nan 
142.375, 56.375, 1.494093616863592e-23, nan 
142.625, 56.375, 3.3394145738353297e-23, nan 
142.875, 56.375, 1.409374208067492e-23, nan 
143.125, 56.375, 2.606432775601937e-23, nan 
143.375, 56.375, 4.6811999952971876e-23, nan 
143.625, 56.375, 4.532147380811859e-23, nan 
143.875, 56.375, 3.786724139068368e-23, nan 
144.125, 56.375, 3.431961883897854e-23, nan 
144.375, 56.375, 2.2896266490948954e-23, nan 
144.625, 56.375, 1.2278510427834527e-23, nan 
144.875, 56.375, 3.130065457985168e-23, nan 
145.125, 56.375, 3.3227867922331645e-23, nan 
145.375, 56.375, 2.705532748730324e-23, nan 
145.625, 56.375, 3.240419681419722e-23, nan 
145.875, 56.375, 4.593104657521501e-23, nan 
146.125, 56.375, 5.232263592393428e-23, nan 
146.375, 56.375, 4.125571306007946e-23, nan 
146.625, 56.375, 2.433547468893171e-23, nan 
146.875, 56.375, 2.6721952983569456e-23, nan 
147.125, 56.375, 1.3119006362825752e-23, nan 
147.375, 56.375, 3.753835715085201e-23, nan 
147.625, 56.375, 3.453878392034874e-23, nan 
147.875, 56.375, 2.438339981413382e-23, nan 
148.125, 56.375, 7.64901401641971e-23, nan 
148.375, 56.375, 9.000880945532382e-23, nan 
148.625, 56.375, 4.1960953788338164e-23, nan 
148.875, 56.375, 4.6331636728175176e-23, nan 
149.125, 56.375, 8.568368815647578e-23, nan 
149.375, 56.375, 7.118859299409796e-23, nan 
149.625, 56.375, 3.2793192366413115e-23, nan 
149.875, 56.375, 2.5400409390417557e-23, nan 
150.125, 56.375, 3.6910319572420056e-23, nan 
150.375, 56.375, 2.805841429986475e-23, nan 
150.625, 56.375, 9.954311889494003e-24, nan 
150.875, 56.375, 1.8845953581323343e-23, nan 
151.125, 56.375, 3.3972651470990215e-23, nan 
151.375, 56.375, 3.9307801047770586e-23, nan 
151.625, 56.375, 9.39419109248663e-23, nan 
151.875, 56.375, 1.0659351940500143e-22, nan 
152.125, 56.375, 3.7939804615891494e-23, nan 
152.375, 56.375, 2.9604721323789183e-23, nan 
152.625, 56.375, 2.4387651705246532e-23, nan 
152.875, 56.375, 4.569002342382566e-23, nan 
153.125, 56.375, 3.2325069629149746e-23, nan 
153.375, 56.375, 1.621968273065617e-23, nan 
153.625, 56.375, 2.0942329074214024e-23, nan 
153.875, 56.375, 4.36644554443287e-23, nan 
154.125, 56.375, 5.0370842325095094e-23, nan 
154.375, 56.375, 1.8023647874314476e-23, nan 
154.625, 56.375, 2.919921104208569e-23, nan 
154.875, 56.375, 3.459877760258588e-23, nan 
155.125, 56.375, 2.7239953160896534e-23, nan 
155.375, 56.375, 4.825998024051369e-23, nan 
155.625, 56.375, 8.087727107550515e-23, nan 
155.875, 56.375, 7.218805739139564e-23, nan 
156.125, 56.375, 2.3626766151943032e-23, nan 
156.375, 56.375, 1.554598415743395e-23, nan 
156.625, 56.375, 4.7375632182107033e-23, nan 
156.875, 56.375, 4.546946147450483e-23, nan 
157.125, 56.375, 5.39553260928298e-23, nan 
157.375, 56.375, 7.177168677596643e-23, nan 
157.625, 56.375, 7.592357252244506e-23, nan 
157.875, 56.375, 4.9348405251630076e-23, nan 
158.125, 56.375, 5.734745947160148e-23, nan 
158.375, 56.375, 7.706744271669694e-23, nan 
158.625, 56.375, 1.0562863931280555e-22, nan 
158.875, 56.375, 1.1278170039993995e-22, nan 
159.125, 56.375, 3.993596681988427e-23, nan 
159.375, 56.375, 2.3576212577922225e-23, nan 
159.625, 56.375, 2.978572934080988e-23, nan 
159.875, 56.375, 1.1596292698605087e-23, nan 
160.125, 56.375, 1.470163538716242e-23, nan 
160.375, 56.375, 5.548865899335451e-23, nan 
160.625, 56.375, 9.994277889338694e-23, nan 
160.875, 56.375, 1.0595609084590957e-22, nan 
161.125, 56.375, 7.931382533973116e-23, nan 
161.375, 56.375, 9.157821121169006e-23, nan 
161.625, 56.375, 9.913372918477669e-23, nan 
161.875, 56.375, 8.859411947375404e-23, nan 
162.125, 56.375, 8.431589047160848e-23, nan 
162.375, 56.375, 4.8249459084754575e-23, nan 
162.625, 56.375, 3.772074353630117e-23, nan 
162.875, 56.375, 1.0593853496870027e-22, nan 
163.125, 56.375, 1.0707932905495366e-22, nan 
163.375, 56.375, 6.580007726477874e-23, nan 
163.625, 56.375, 8.750921704517569e-23, nan 
163.875, 56.375, 1.2318612364592895e-22, nan 
164.125, 56.375, 2.8127925237789898e-22, nan 
164.375, 56.375, 2.563824517151354e-22, nan 
164.625, 56.375, 1.0596427780296533e-22, nan 
164.875, 56.375, 1.934396035343726e-22, nan 
165.125, 56.375, 2.169403088322843e-22, nan 
165.375, 56.375, 2.673429052273838e-22, nan 
165.625, 56.375, 2.223438351614636e-22, nan 
165.875, 56.375, 1.412265183570731e-22, nan 
166.125, 56.375, 1.300166556975758e-22, nan 
166.375, 56.375, 1.3224654755471396e-22, nan 
166.625, 56.375, 1.7335005341459072e-22, nan 
166.875, 56.375, 1.6866454904673783e-22, nan 
167.125, 56.375, 7.778549273455189e-23, nan 
167.375, 56.375, 2.973039372701496e-22, nan 
167.625, 56.375, 3.105046374375262e-22, nan 
167.875, 56.375, 2.1220174840442354e-22, nan 
168.125, 56.375, 1.709454401157771e-22, nan 
168.375, 56.375, 1.4146164136792458e-22, nan 
168.625, 56.375, 1.499226526421323e-22, nan 
168.875, 56.375, 1.1059840054517926e-22, nan 
169.125, 56.375, 6.251650040051166e-23, nan 
169.375, 56.375, 4.4605259604348586e-23, nan 
169.625, 56.375, 2.170152011199243e-22, nan 
169.875, 56.375, 3.9637930048735716e-22, nan 
170.125, 56.375, 4.287017739457326e-22, nan 
170.375, 56.375, 5.250113834805121e-22, nan 
170.625, 56.375, 5.334676339891788e-22, nan 
170.875, 56.375, 4.602141773022228e-22, nan 
171.125, 56.375, 4.919581368093986e-22, nan 
171.375, 56.375, 7.229139884457468e-22, nan 
171.625, 56.375, 3.932640263081121e-22, nan 
171.875, 56.375, 2.3267705010829e-22, nan 
172.125, 56.375, 3.230304702888879e-22, nan 
172.375, 56.375, 3.7535777870670113e-22, nan 
172.625, 56.375, 2.8731154449617933e-22, nan 
172.875, 56.375, 4.951319187644165e-23, nan 
173.125, 56.375, 4.692750054764154e-23, nan 
173.375, 56.375, 4.849020545761307e-23, nan 
173.625, 56.375, 4.2087493206207343e-23, nan 
173.875, 56.375, 1.5289477528733387e-23, nan 
174.125, 56.375, 2.1134065474750247e-23, nan 
174.375, 56.375, 2.2679387555435287e-23, nan 
174.625, 56.375, 4.0944905639644517e-23, nan 
174.875, 56.375, 1.9733397937063911e-22, nan 
175.125, 56.375, 2.7007853905864185e-22, nan 
175.375, 56.375, 1.4438217242107374e-22, nan 
175.625, 56.375, 2.444505284020884e-22, nan 
175.875, 56.375, 2.7167670868917573e-22, nan 
176.125, 56.375, 2.6451176779438764e-22, nan 
176.375, 56.375, 1.859482454109241e-22, nan 
176.625, 56.375, 3.357216467529553e-23, nan 
176.875, 56.375, 3.462656536207135e-23, nan 
177.125, 56.375, 5.993963187796916e-23, nan 
177.375, 56.375, 4.7787141898109434e-23, nan 
177.625, 56.375, 4.984421461522163e-23, nan 
177.875, 56.375, 5.439700533259254e-23, nan 
178.125, 56.375, 2.0193974320131318e-23, nan 
178.375, 56.375, 5.782339576568609e-24, nan 
178.625, 56.375, 3.479264707201489e-23, nan 
178.875, 56.375, 3.0647694876166674e-23, nan 
179.125, 56.375, 3.493384233047633e-23, nan 
179.375, 56.375, 4.028132076167004e-23, nan 
179.625, 56.375, 2.5391261534468326e-23, nan 
179.875, 56.375, 4.054222303905815e-23, nan 
-179.875, 56.625, 2.741073513033208e-23, nan 
-179.625, 56.625, 1.4627740240165796e-23, nan 
-179.375, 56.625, 1.7818172697433085e-23, nan 
-179.125, 56.625, 2.8097657951261406e-23, nan 
-178.875, 56.625, 2.420951967336693e-23, nan 
-178.625, 56.625, 1.9225617696140394e-23, nan 
-178.375, 56.625, 1.469871418896183e-23, nan 
-178.125, 56.625, 3.98400298322815e-24, nan 
-177.875, 56.625, 2.6908334376742464e-24, nan 
-177.625, 56.625, 4.127720046107048e-24, nan 
-177.375, 56.625, 5.361883364626211e-24, nan 
-177.125, 56.625, 2.5128542816321282e-23, nan 
-176.875, 56.625, 4.3018708560521213e-23, nan 
-176.625, 56.625, 3.588515863207554e-23, nan 
-176.375, 56.625, 2.921974493271326e-23, nan 
-176.125, 56.625, 3.6759518072102496e-23, nan 
-175.875, 56.625, 2.461782239991133e-23, nan 
-175.625, 56.625, 1.4295177125448924e-23, nan 
-175.375, 56.625, 2.75530578765134e-23, nan 
-175.125, 56.625, 7.59317833053893e-23, nan 
-174.875, 56.625, 1.7116462140600463e-22, nan 
-174.625, 56.625, 1.5893911615948538e-22, nan 
-174.375, 56.625, 6.780847627549056e-23, nan 
-174.125, 56.625, 7.124582075252803e-23, nan 
-173.875, 56.625, 4.0078809685141124e-23, nan 
-173.625, 56.625, 2.5511322825691245e-23, nan 
-173.375, 56.625, 1.1076864724983901e-23, nan 
-173.125, 56.625, 2.527444327773309e-23, nan 
-172.875, 56.625, 2.331896812792088e-23, nan 
-172.625, 56.625, 5.898562057833008e-24, nan 
-172.375, 56.625, 1.2881838375580504e-23, nan 
-172.125, 56.625, 1.9061504128410394e-23, nan 
-171.875, 56.625, 2.619885478268367e-23, nan 
-171.625, 56.625, 1.951436543882956e-23, nan 
-171.375, 56.625, 1.706859469047183e-23, nan 
-171.125, 56.625, 3.0721607821548977e-23, nan 
-170.875, 56.625, 4.002529539865032e-23, nan 
-170.625, 56.625, 3.627804236645713e-23, nan 
-170.375, 56.625, 3.207213140285947e-23, nan 
-170.125, 56.625, 2.1837838305577538e-23, nan 
-169.875, 56.625, 1.381753310385548e-23, nan 
-169.625, 56.625, 8.241244285588883e-24, nan 
-169.375, 56.625, 7.836690691597782e-24, nan 
-169.125, 56.625, 4.499158691905591e-23, nan 
-168.875, 56.625, 6.38147079441059e-23, nan 
-168.625, 56.625, 4.963674680696212e-23, nan 
-168.375, 56.625, 2.5935700488446694e-23, nan 
-168.125, 56.625, 1.072956482181587e-23, nan 
-167.875, 56.625, 3.1031629187659554e-23, nan 
-167.625, 56.625, 3.008513363950692e-23, nan 
-167.375, 56.625, 8.660465392153635e-24, nan 
-167.125, 56.625, 2.0333452826937533e-23, nan 
-166.875, 56.625, 3.277099272312849e-23, nan 
-166.625, 56.625, 2.769762272362816e-23, nan 
-166.375, 56.625, 1.8055511948614856e-23, nan 
-166.125, 56.625, 1.9219890691926908e-23, nan 
-165.875, 56.625, 6.835817507049362e-24, nan 
-165.625, 56.625, 1.4531041982134027e-23, nan 
-165.375, 56.625, 2.013626126828665e-23, nan 
-165.125, 56.625, 1.612873741734777e-23, nan 
-164.875, 56.625, 1.471471755336617e-23, nan 
-164.625, 56.625, 8.424922339403671e-23, nan 
-164.375, 56.625, 1.551612778413912e-22, nan 
-164.125, 56.625, 1.0630413222199245e-22, nan 
-163.875, 56.625, 1.007930166646905e-23, nan 
-163.625, 56.625, 2.115671847208843e-23, nan 
-163.375, 56.625, 1.5973839228007825e-23, nan 
-163.125, 56.625, 1.1514955148037107e-23, nan 
-162.875, 56.625, 1.368123008599944e-23, nan 
-162.625, 56.625, 1.8855979801022777e-23, nan 
-162.375, 56.625, 1.7886224672000005e-23, nan 
-162.125, 56.625, 1.3243246280747984e-23, nan 
-161.875, 56.625, 9.23938933556091e-24, nan 
-161.625, 56.625, 7.044257142456352e-24, nan 
-161.375, 56.625, 6.584979407734079e-24, nan 
-161.125, 56.625, 7.095143647201355e-24, nan 
-160.875, 56.625, 2.3071274434199635e-23, nan 
-160.625, 56.625, 2.4179323127621407e-23, nan 
-160.375, 56.625, 1.497989745077418e-23, nan 
-160.125, 56.625, 1.1249900331305171e-23, nan 
-159.875, 56.625, 4.0466576313584586e-24, nan 
-159.625, 56.625, 3.660746023323519e-24, nan 
-159.375, 56.625, 3.3659646718660845e-23, nan 
-159.125, 56.625, 3.707989854350938e-23, nan 
-158.875, 56.625, 2.527888109851221e-23, nan 
-158.625, 56.625, 1.8455345329283066e-23, nan 
-158.375, 56.625, 7.88239274008675e-24, nan 
-158.125, 56.625, 6.728496398926198e-24, nan 
-157.875, 56.625, 2.687628047973816e-23, nan 
-157.625, 56.625, 2.755925221756485e-23, nan 
-157.375, 56.625, 1.0334460356552399e-23, nan 
-157.125, 56.625, 6.53262929712132e-24, nan 
-156.875, 56.625, 2.9428794284449554e-24, nan 
-156.625, 56.625, 4.175137247535195e-24, nan 
-156.375, 56.625, 3.5955783208945586e-24, nan 
-156.125, 56.625, 2.7922923041239786e-24, nan 
-155.875, 56.625, 3.0467402197606616e-24, nan 
-155.625, 56.625, 4.070168465236353e-24, nan 
-155.375, 56.625, 3.954299778220859e-24, nan 
-155.125, 56.625, 6.32803986796802e-24, nan 
-154.875, 56.625, 1.0927023810459448e-23, nan 
-154.625, 56.625, 1.2666375298825712e-23, nan 
-154.375, 56.625, 2.3164927868332677e-23, nan 
-154.125, 56.625, 2.0801175997739598e-23, nan 
-153.875, 56.625, 3.463052737609736e-24, nan 
-153.625, 56.625, 5.301993599498168e-24, nan 
-153.375, 56.625, 1.679851313894353e-23, nan 
-153.125, 56.625, 2.112552565316131e-23, nan 
-152.875, 56.625, 1.2375524958917682e-23, nan 
-152.625, 56.625, 5.334781510692603e-24, nan 
-152.375, 56.625, 4.650012471570227e-24, nan 
-152.125, 56.625, 9.138287323799808e-24, nan 
-151.875, 56.625, 9.51608129082131e-24, nan 
-151.625, 56.625, 9.70908336502608e-24, nan 
-151.375, 56.625, 8.690785443577085e-24, nan 
-151.125, 56.625, 5.331655259509244e-24, nan 
-150.875, 56.625, 6.2568455111923345e-24, nan 
-150.625, 56.625, 5.21089921975915e-24, nan 
-150.375, 56.625, 7.618850031328843e-24, nan 
-150.125, 56.625, 5.287145415960023e-24, nan 
-149.875, 56.625, 7.428994549787607e-24, nan 
-149.625, 56.625, 8.914929921293016e-24, nan 
-149.375, 56.625, 6.234626060078112e-24, nan 
-149.125, 56.625, 5.636942559357888e-24, nan 
-148.875, 56.625, 9.029992940303413e-24, nan 
-148.625, 56.625, 1.3153311740152035e-23, nan 
-148.375, 56.625, 9.987618653552007e-24, nan 
-148.125, 56.625, 9.725073431089101e-24, nan 
-147.875, 56.625, 1.5152197937334875e-23, nan 
-147.625, 56.625, 1.2239606417223982e-23, nan 
-147.375, 56.625, 8.007647669701614e-24, nan 
-147.125, 56.625, 1.4963912650878275e-23, nan 
-146.875, 56.625, 2.513158224887181e-23, nan 
-146.625, 56.625, 3.7550045520857936e-23, nan 
-146.375, 56.625, 2.653887320286459e-23, nan 
-146.125, 56.625, 1.6951887175428782e-23, nan 
-145.875, 56.625, 2.0304268979793904e-23, nan 
-145.625, 56.625, 1.361108417434217e-23, nan 
-145.375, 56.625, 3.7383526098312674e-24, nan 
-145.125, 56.625, 3.4858574811441985e-24, nan 
-144.875, 56.625, 5.845813527796681e-24, nan 
-144.625, 56.625, 9.509846942657386e-24, nan 
-144.375, 56.625, 1.0944656431206905e-23, nan 
-144.125, 56.625, 1.0082577094158283e-23, nan 
-143.875, 56.625, 4.0156333732263304e-24, nan 
-143.625, 56.625, 5.3789143459707544e-24, nan 
-143.375, 56.625, 1.1655688380669853e-23, nan 
-143.125, 56.625, 1.0688031685553234e-23, nan 
-142.875, 56.625, 1.350226912105946e-23, nan 
-142.625, 56.625, 1.2764406050028011e-23, nan 
-142.375, 56.625, 1.0479089201100824e-23, nan 
-142.125, 56.625, 7.827814561875526e-24, nan 
-141.875, 56.625, 7.369934998513894e-24, nan 
-141.625, 56.625, 2.932157116634034e-24, nan 
-141.375, 56.625, 5.884356474573771e-24, nan 
-141.125, 56.625, 5.3526648228556136e-24, nan 
-140.875, 56.625, 4.522324491569102e-24, nan 
-140.625, 56.625, 1.9486762390174638e-24, nan 
-140.375, 56.625, 2.3018020391709307e-24, nan 
-140.125, 56.625, 3.096023769734315e-24, nan 
-139.875, 56.625, 3.331518840702249e-24, nan 
-139.625, 56.625, 3.360240109640613e-24, nan 
-139.375, 56.625, 2.887749664646877e-24, nan 
-139.125, 56.625, 8.023724424589009e-24, nan 
-138.875, 56.625, 8.385937433299126e-24, nan 
-138.625, 56.625, 3.972646163560001e-24, nan 
-138.375, 56.625, 5.324849970217072e-24, nan 
-138.125, 56.625, 5.746386867298288e-24, nan 
-137.875, 56.625, 4.0603747694708876e-24, nan 
-137.625, 56.625, 3.7160164779594434e-24, nan 
109.625, 56.625, 3.617175897836089e-24, nan 
109.875, 56.625, 3.934977832606459e-24, nan 
110.125, 56.625, 3.869170097283309e-24, nan 
110.375, 56.625, 4.23221955732046e-24, nan 
110.625, 56.625, 3.420840025796554e-24, nan 
110.875, 56.625, 2.7243319135841227e-24, nan 
111.125, 56.625, 4.4215026719751e-24, nan 
111.375, 56.625, 3.703225392213642e-24, nan 
111.625, 56.625, 7.217723095599637e-24, nan 
111.875, 56.625, 9.594522747946311e-24, nan 
112.125, 56.625, 1.456382585365924e-23, nan 
112.375, 56.625, 1.9545535074234922e-23, nan 
112.625, 56.625, 1.2379410901901534e-23, nan 
112.875, 56.625, 3.022293568519012e-24, nan 
113.125, 56.625, 3.628003262222313e-24, nan 
113.375, 56.625, 4.31338662779767e-24, nan 
113.625, 56.625, 5.363557721872013e-24, nan 
113.875, 56.625, 6.203519793318852e-24, nan 
114.125, 56.625, 5.97812302898238e-24, nan 
114.375, 56.625, 5.206675467258576e-24, nan 
114.625, 56.625, 4.829827420482915e-24, nan 
114.875, 56.625, 3.460564191942722e-24, nan 
115.125, 56.625, 3.468962016423902e-24, nan 
115.375, 56.625, 5.0623546562439416e-24, nan 
115.625, 56.625, 5.04665852357242e-24, nan 
115.875, 56.625, 3.391694887166386e-24, nan 
116.125, 56.625, 4.287049242943983e-24, nan 
116.375, 56.625, 3.052826960720297e-24, nan 
116.625, 56.625, 2.878359348970548e-24, nan 
116.875, 56.625, 4.481772989679204e-24, nan 
117.125, 56.625, 6.038522242678979e-24, nan 
117.375, 56.625, 7.56671597206825e-24, nan 
117.625, 56.625, 7.603459961627107e-24, nan 
117.875, 56.625, 6.559768104973716e-24, nan 
118.125, 56.625, 4.0145518150642e-24, nan 
118.375, 56.625, 6.5556169278187236e-24, nan 
118.625, 56.625, 5.8491090057408346e-24, nan 
118.875, 56.625, 2.7082695422190123e-24, nan 
119.125, 56.625, 3.1842847089977974e-24, nan 
119.375, 56.625, 3.328496513469595e-24, nan 
119.625, 56.625, 3.432802916244843e-24, nan 
119.875, 56.625, 4.2390160744672e-24, nan 
120.125, 56.625, 2.1565220267121224e-23, nan 
120.375, 56.625, 2.234045867896972e-23, nan 
120.625, 56.625, 5.12910692873698e-24, nan 
120.875, 56.625, 2.8407014028138147e-24, nan 
121.125, 56.625, 2.7889610137965518e-24, nan 
121.375, 56.625, 3.7073367407816726e-24, nan 
121.625, 56.625, 5.743308932670218e-24, nan 
121.875, 56.625, 5.8843702126394235e-24, nan 
122.125, 56.625, 5.825804592440635e-24, nan 
122.375, 56.625, 4.267819182753492e-24, nan 
122.625, 56.625, 7.681367652669387e-24, nan 
122.875, 56.625, 1.347525373488369e-23, nan 
123.125, 56.625, 1.3384985048457534e-23, nan 
123.375, 56.625, 6.391136704550429e-24, nan 
123.625, 56.625, 1.0133193510818693e-23, nan 
123.875, 56.625, 9.974851887754291e-24, nan 
124.125, 56.625, 8.82355946786897e-24, nan 
124.375, 56.625, 1.0920279663966688e-23, nan 
124.625, 56.625, 6.0888070142564034e-24, nan 
124.875, 56.625, 1.7536196927626987e-24, nan 
125.125, 56.625, 9.204713445409113e-25, nan 
125.375, 56.625, 3.1066239141465725e-24, nan 
125.625, 56.625, 7.165083947671175e-24, nan 
125.875, 56.625, 6.628841581519488e-24, nan 
126.125, 56.625, 6.298636225916309e-24, nan 
126.375, 56.625, 5.592439557251045e-24, nan 
126.625, 56.625, 6.187243602789256e-24, nan 
126.875, 56.625, 2.5175152286336934e-24, nan 
127.125, 56.625, 2.762432101869984e-24, nan 
127.375, 56.625, 4.3975971887745745e-24, nan 
127.625, 56.625, 3.917644119526764e-24, nan 
127.875, 56.625, 4.143949301858037e-24, nan 
128.125, 56.625, 6.141876352993097e-24, nan 
128.375, 56.625, 8.28458974887855e-24, nan 
128.625, 56.625, 1.3438462719538267e-23, nan 
128.875, 56.625, 1.4391916818075496e-23, nan 
129.125, 56.625, 9.830681501752022e-24, nan 
129.375, 56.625, 1.1182526864943981e-23, nan 
129.625, 56.625, 1.1496903372272113e-23, nan 
129.875, 56.625, 1.0179860623241246e-23, nan 
130.125, 56.625, 3.663946939854276e-24, nan 
130.375, 56.625, 1.9320164672661634e-23, nan 
130.625, 56.625, 2.072171720898014e-23, nan 
130.875, 56.625, 1.133790380691703e-23, nan 
131.125, 56.625, 4.3171513139489406e-24, nan 
131.375, 56.625, 7.296597597867793e-24, nan 
131.625, 56.625, 9.035035555766016e-24, nan 
131.875, 56.625, 8.465522053754193e-24, nan 
132.125, 56.625, 1.196122204823123e-23, nan 
132.375, 56.625, 1.1415208407156168e-23, nan 
132.625, 56.625, 1.043305561564424e-23, nan 
132.875, 56.625, 1.074408981069132e-23, nan 
133.125, 56.625, 6.5566210678363156e-24, nan 
133.375, 56.625, 1.0056127955097695e-23, nan 
133.625, 56.625, 1.419340213741513e-23, nan 
133.875, 56.625, 1.3152927049527336e-23, nan 
134.125, 56.625, 1.9709581862405447e-23, nan 
134.375, 56.625, 2.8878157341306926e-23, nan 
134.625, 56.625, 1.708518296177181e-23, nan 
134.875, 56.625, 1.2668096683318743e-23, nan 
135.125, 56.625, 9.632659751260098e-24, nan 
135.375, 56.625, 7.590339118925862e-24, nan 
135.625, 56.625, 8.005076985930996e-24, nan 
135.875, 56.625, 7.835876195092164e-24, nan 
136.125, 56.625, 8.550750690995946e-24, nan 
136.375, 56.625, 5.432558058092735e-24, nan 
136.625, 56.625, 6.343853434341656e-24, nan 
136.875, 56.625, 5.93436143446059e-24, nan 
137.125, 56.625, 2.6435006376059395e-23, nan 
137.375, 56.625, 3.366090517335674e-23, nan 
137.625, 56.625, 1.7337039807183767e-23, nan 
137.875, 56.625, 1.4211293769937793e-23, nan 
138.125, 56.625, 1.321717588638724e-23, nan 
138.375, 56.625, 2.5665355340291624e-23, nan 
138.625, 56.625, 3.133063626936554e-23, nan 
138.875, 56.625, 2.622975581197858e-23, nan 
139.125, 56.625, 3.247824397806011e-23, nan 
139.375, 56.625, 5.187968632302458e-23, nan 
139.625, 56.625, 4.648952515998558e-23, nan 
139.875, 56.625, 1.8814544196001475e-23, nan 
140.125, 56.625, 2.446313285018126e-23, nan 
140.375, 56.625, 2.0885967271272674e-23, nan 
140.625, 56.625, 1.0122406859802305e-23, nan 
140.875, 56.625, 2.4957603009878682e-23, nan 
141.125, 56.625, 5.380882488877446e-23, nan 
141.375, 56.625, 5.528432046425859e-23, nan 
141.625, 56.625, 6.663940261969744e-23, nan 
141.875, 56.625, 7.591194706258926e-23, nan 
142.125, 56.625, 5.0268886050927315e-23, nan 
142.375, 56.625, 5.788492456075545e-23, nan 
142.625, 56.625, 7.022502092125876e-23, nan 
142.875, 56.625, 4.1390489019601817e-23, nan 
143.125, 56.625, 8.660748587762476e-24, nan 
143.375, 56.625, 4.530919863285077e-23, nan 
143.625, 56.625, 4.5165285495669415e-23, nan 
143.875, 56.625, 2.6958050555785575e-23, nan 
144.125, 56.625, 2.189724181556795e-23, nan 
144.375, 56.625, 2.968837884603089e-23, nan 
144.625, 56.625, 3.503436732350261e-23, nan 
144.875, 56.625, 2.904118663143864e-23, nan 
145.125, 56.625, 2.1335197862785748e-23, nan 
145.375, 56.625, 3.3047770857021115e-23, nan 
145.625, 56.625, 4.769558784800733e-23, nan 
145.875, 56.625, 9.146802230839416e-23, nan 
146.125, 56.625, 8.637064228925664e-23, nan 
146.375, 56.625, 3.74822140288183e-23, nan 
146.625, 56.625, 1.851794021235333e-23, nan 
146.875, 56.625, 2.2410937786042872e-23, nan 
147.125, 56.625, 5.371076500983987e-23, nan 
147.375, 56.625, 6.203331273420097e-23, nan 
147.625, 56.625, 2.212618093630427e-23, nan 
147.875, 56.625, 2.4273710379944756e-23, nan 
148.125, 56.625, 3.361581117610357e-23, nan 
148.375, 56.625, 6.670858035545689e-23, nan 
148.625, 56.625, 6.561153471656881e-23, nan 
148.875, 56.625, 7.83278669665529e-23, nan 
149.125, 56.625, 8.066697272657824e-23, nan 
149.375, 56.625, 3.099995595490366e-23, nan 
149.625, 56.625, 2.1413419066120408e-23, nan 
149.875, 56.625, 2.0031554100770586e-23, nan 
150.125, 56.625, 5.30386929140798e-23, nan 
150.375, 56.625, 2.6517124516050856e-23, nan 
150.625, 56.625, 1.1176321762640606e-23, nan 
150.875, 56.625, 1.0929539968837272e-23, nan 
151.125, 56.625, 3.551843930401046e-23, nan 
151.375, 56.625, 5.464815727932674e-23, nan 
151.625, 56.625, 5.719784644954107e-23, nan 
151.875, 56.625, 3.36008597532933e-23, nan 
152.125, 56.625, 3.8369264120272124e-23, nan 
152.375, 56.625, 3.944164989604483e-23, nan 
152.625, 56.625, 3.516300474253468e-23, nan 
152.875, 56.625, 4.702889059000888e-23, nan 
153.125, 56.625, 3.096267091159222e-23, nan 
153.375, 56.625, 2.278002588572211e-23, nan 
153.625, 56.625, 1.5574771798128383e-23, nan 
153.875, 56.625, 2.768470960318465e-23, nan 
154.125, 56.625, 5.533480552580484e-23, nan 
154.375, 56.625, 4.926605408113155e-23, nan 
154.625, 56.625, 5.306428208384817e-23, nan 
154.875, 56.625, 5.0617442843589315e-23, nan 
155.125, 56.625, 4.089207354701235e-23, nan 
155.375, 56.625, 4.2751800420824177e-23, nan 
155.625, 56.625, 4.888293577988154e-23, nan 
155.875, 56.625, 9.134535163160496e-23, nan 
156.125, 56.625, 9.131401049584811e-23, nan 
156.375, 56.625, 3.86817426667829e-23, nan 
156.625, 56.625, 5.631636677798683e-23, nan 
156.875, 56.625, 6.711886981053995e-23, nan 
157.125, 56.625, 9.10432049327697e-23, nan 
157.375, 56.625, 9.63595062885833e-23, nan 
157.625, 56.625, 1.1742502078321566e-22, nan 
157.875, 56.625, 1.304078160117307e-22, nan 
158.125, 56.625, 3.825825685998907e-23, nan 
158.375, 56.625, 6.247086375797521e-23, nan 
158.625, 56.625, 1.3536831497491958e-22, nan 
158.875, 56.625, 1.1929934977917432e-22, nan 
159.125, 56.625, 2.4045157990601397e-23, nan 
159.375, 56.625, 1.7816535558145902e-23, nan 
159.625, 56.625, 8.12660161934798e-24, nan 
159.875, 56.625, 1.6919932672989987e-23, nan 
160.125, 56.625, 2.4468133928110143e-23, nan 
160.375, 56.625, 1.7915844965246592e-23, nan 
160.625, 56.625, 6.524695540883086e-23, nan 
160.875, 56.625, 1.0672587463611873e-22, nan 
161.125, 56.625, 5.345311605508942e-23, nan 
161.375, 56.625, 7.329503113901013e-23, nan 
161.625, 56.625, 8.874012206231977e-23, nan 
161.875, 56.625, 8.502002653517358e-23, nan 
162.125, 56.625, 8.475926531044448e-23, nan 
162.375, 56.625, 1.0945318788577043e-22, nan 
162.625, 56.625, 1.162333128437342e-22, nan 
162.875, 56.625, 4.9398456037474084e-23, nan 
163.125, 56.625, 3.670745196285264e-23, nan 
163.375, 56.625, 9.485848807931635e-23, nan 
163.625, 56.625, 1.3355815014872864e-22, nan 
163.875, 56.625, 2.865276836070246e-22, nan 
164.125, 56.625, 3.3699320200592723e-22, nan 
164.375, 56.625, 1.7759260268409122e-22, nan 
164.625, 56.625, 9.509366171908156e-23, nan 
164.875, 56.625, 1.6944734722572365e-22, nan 
165.125, 56.625, 1.4129872676157624e-22, nan 
165.375, 56.625, 1.9565984701729472e-22, nan 
165.625, 56.625, 2.383981876951194e-22, nan 
165.875, 56.625, 2.1638098603034788e-22, nan 
166.125, 56.625, 1.5120719756915623e-22, nan 
166.375, 56.625, 1.6334624727053646e-22, nan 
166.625, 56.625, 1.5064014893018786e-22, nan 
166.875, 56.625, 1.4912372669267795e-22, nan 
167.125, 56.625, 2.087760315406691e-22, nan 
167.375, 56.625, 2.5517552805016733e-22, nan 
167.625, 56.625, 1.3533124722569491e-22, nan 
167.875, 56.625, 1.4305562102130351e-22, nan 
168.125, 56.625, 8.542890973095025e-23, nan 
168.375, 56.625, 1.0087459854310847e-22, nan 
168.625, 56.625, 7.531478635935493e-23, nan 
168.875, 56.625, 3.53088635025122e-23, nan 
169.125, 56.625, 4.3157626161532814e-23, nan 
169.375, 56.625, 8.343973980446228e-23, nan 
169.625, 56.625, 2.4290524906300377e-22, nan 
169.875, 56.625, 2.4079614718390545e-22, nan 
170.125, 56.625, 2.0525024800681037e-22, nan 
170.375, 56.625, 1.2336075861167796e-22, nan 
170.625, 56.625, 1.4614617498111906e-22, nan 
170.875, 56.625, 2.8692037114812155e-22, nan 
171.125, 56.625, 3.209122877708258e-22, nan 
171.375, 56.625, 3.039974835025564e-22, nan 
171.625, 56.625, 2.155765716127551e-22, nan 
171.875, 56.625, 1.999205055365001e-22, nan 
172.125, 56.625, 2.5664850584840076e-22, nan 
172.375, 56.625, 1.7304198913397606e-22, nan 
172.625, 56.625, 5.682542024621878e-23, nan 
172.875, 56.625, 5.2627232914932157e-23, nan 
173.125, 56.625, 3.4837108225861734e-23, nan 
173.375, 56.625, 4.665981128096329e-23, nan 
173.625, 56.625, 4.772577698957096e-23, nan 
173.875, 56.625, 3.851446019288683e-23, nan 
174.125, 56.625, 2.687692633135507e-23, nan 
174.375, 56.625, 2.633783481635457e-23, nan 
174.625, 56.625, 7.098743379187018e-23, nan 
174.875, 56.625, 1.0767983048456394e-22, nan 
175.125, 56.625, 1.7756279466619649e-22, nan 
175.375, 56.625, 2.6956164561237337e-22, nan 
175.625, 56.625, 3.674725871463584e-22, nan 
175.875, 56.625, 3.1405303321424505e-22, nan 
176.125, 56.625, 2.165903590585222e-22, nan 
176.375, 56.625, 2.0565340484178156e-22, nan 
176.625, 56.625, 1.8436445712703526e-22, nan 
176.875, 56.625, 5.0489055060940564e-23, nan 
177.125, 56.625, 3.7434113094329647e-23, nan 
177.375, 56.625, 1.8042701741256357e-23, nan 
177.625, 56.625, 5.973213493546984e-23, nan 
177.875, 56.625, 7.097900417119815e-23, nan 
178.125, 56.625, 5.572114593504456e-23, nan 
178.375, 56.625, 4.265069975554585e-23, nan 
178.625, 56.625, 2.6597847341360755e-23, nan 
178.875, 56.625, 8.34788065489896e-24, nan 
179.125, 56.625, 3.4079959293700264e-23, nan 
179.375, 56.625, 3.8748386702850915e-23, nan 
179.625, 56.625, 2.355577312627588e-23, nan 
179.875, 56.625, 2.83062226735112e-23, nan 
-179.875, 56.875, 1.7705070865111336e-23, nan 
-179.625, 56.875, 8.624103793636944e-24, nan 
-179.375, 56.875, 3.938389400024686e-24, nan 
-179.125, 56.875, 1.2088548844834215e-23, nan 
-178.875, 56.875, 1.2024623987232188e-23, nan 
-178.625, 56.875, 1.9612239661622025e-23, nan 
-178.375, 56.875, 1.5696549556742187e-23, nan 
-178.125, 56.875, 3.985593598247007e-24, nan 
-177.875, 56.875, 5.117504554219379e-24, nan 
-177.625, 56.875, 6.4626686629526546e-24, nan 
-177.375, 56.875, 6.25917314915382e-24, nan 
-177.125, 56.875, 1.8499182857308894e-23, nan 
-176.875, 56.875, 2.390269965801782e-23, nan 
-176.625, 56.875, 2.9352017878546777e-23, nan 
-176.375, 56.875, 2.887217699929301e-23, nan 
-176.125, 56.875, 3.49018171311047e-23, nan 
-175.875, 56.875, 2.8737213249272814e-23, nan 
-175.625, 56.875, 8.230526085559572e-24, nan 
-175.375, 56.875, 7.664448169048095e-23, nan 
-175.125, 56.875, 8.659295333212693e-23, nan 
-174.875, 56.875, 2.1360049850625044e-22, nan 
-174.625, 56.875, 2.2969260055509533e-22, nan 
-174.375, 56.875, 5.1763864394618557e-23, nan 
-174.125, 56.875, 7.602536737603919e-23, nan 
-173.875, 56.875, 6.888693455464315e-23, nan 
-173.625, 56.875, 3.388328527329078e-23, nan 
-173.375, 56.875, 1.448059830464827e-23, nan 
-173.125, 56.875, 3.066231655590519e-23, nan 
-172.875, 56.875, 3.094588706579831e-23, nan 
-172.625, 56.875, 1.3165072774828842e-23, nan 
-172.375, 56.875, 1.5915416851600657e-23, nan 
-172.125, 56.875, 2.886880238622421e-23, nan 
-171.875, 56.875, 2.9920920145517913e-23, nan 
-171.625, 56.875, 2.3136925286379302e-23, nan 
-171.375, 56.875, 2.31119033190333e-23, nan 
-171.125, 56.875, 1.894155611198694e-23, nan 
-170.875, 56.875, 3.80558813762924e-23, nan 
-170.625, 56.875, 4.923934101810703e-23, nan 
-170.375, 56.875, 4.467982746958262e-23, nan 
-170.125, 56.875, 2.3322381321867222e-23, nan 
-169.875, 56.875, 9.35004030626776e-24, nan 
-169.625, 56.875, 7.94206794193885e-24, nan 
-169.375, 56.875, 7.939010892631576e-24, nan 
-169.125, 56.875, 2.9056276982304246e-23, nan 
-168.875, 56.875, 5.104295773904535e-23, nan 
-168.625, 56.875, 4.1829990478887986e-23, nan 
-168.375, 56.875, 8.542051103993783e-24, nan 
-168.125, 56.875, 1.448163956314034e-23, nan 
-167.875, 56.875, 2.558341067779225e-23, nan 
-167.625, 56.875, 2.4981446626552253e-23, nan 
-167.375, 56.875, 8.791336169579798e-24, nan 
-167.125, 56.875, 1.2987601973910635e-23, nan 
-166.875, 56.875, 3.0990483919919363e-23, nan 
-166.625, 56.875, 2.722230980417287e-23, nan 
-166.375, 56.875, 1.1465021043403249e-23, nan 
-166.125, 56.875, 1.8336963775165507e-23, nan 
-165.875, 56.875, 1.374720955143586e-23, nan 
-165.625, 56.875, 6.060268155314803e-24, nan 
-165.375, 56.875, 1.867048511447115e-23, nan 
-165.125, 56.875, 3.9007271786547514e-23, nan 
-164.875, 56.875, 3.9531058353283796e-23, nan 
-164.625, 56.875, 2.5071229033430474e-23, nan 
-164.375, 56.875, 6.545910636310634e-23, nan 
-164.125, 56.875, 3.832264561822516e-23, nan 
-163.875, 56.875, 2.905900114014812e-23, nan 
-163.625, 56.875, 2.902863952767816e-23, nan 
-163.375, 56.875, 2.3434511702681193e-23, nan 
-163.125, 56.875, 1.2779801399566285e-23, nan 
-162.875, 56.875, 7.603708190808497e-24, nan 
-162.625, 56.875, 7.297604255948951e-24, nan 
-162.375, 56.875, 1.1100956545435624e-23, nan 
-162.125, 56.875, 1.0561301640382466e-23, nan 
-161.875, 56.875, 5.949963330619231e-24, nan 
-161.625, 56.875, 5.4302367484033146e-24, nan 
-161.375, 56.875, 1.0743648006113237e-23, nan 
-161.125, 56.875, 9.212933390282567e-24, nan 
-160.875, 56.875, 1.4415453923359032e-23, nan 
-160.625, 56.875, 3.70757591224911e-23, nan 
-160.375, 56.875, 3.375619205053479e-23, nan 
-160.125, 56.875, 1.3415325090867765e-23, nan 
-159.875, 56.875, 1.0995353844435203e-23, nan 
-159.625, 56.875, 5.105210597685971e-24, nan 
-159.375, 56.875, 8.104392199228993e-24, nan 
-159.125, 56.875, 1.5116671632254883e-23, nan 
-158.875, 56.875, 1.6895184201895898e-23, nan 
-158.625, 56.875, 1.1073824955457829e-23, nan 
-158.375, 56.875, 1.393542176220207e-23, nan 
-158.125, 56.875, 1.426777004266679e-23, nan 
-157.875, 56.875, 4.1530674921037013e-23, nan 
-157.625, 56.875, 4.8398981073346095e-23, nan 
-157.375, 56.875, 2.1927251300885468e-23, nan 
-157.125, 56.875, 8.5789751522374e-24, nan 
-156.875, 56.875, 2.5408614120237507e-24, nan 
-156.625, 56.875, 3.2965960846133638e-24, nan 
-156.375, 56.875, 3.2791738140007436e-24, nan 
-156.125, 56.875, 5.139270384460705e-25, nan 
-155.875, 56.875, 1.4404079912781695e-24, nan 
-155.625, 56.875, 3.617109157798681e-24, nan 
-155.375, 56.875, 1.1688296165431595e-23, nan 
-155.125, 56.875, 2.0525373690487602e-23, nan 
-154.875, 56.875, 2.1934216713417266e-23, nan 
-154.625, 56.875, 2.69455191257434e-23, nan 
-154.375, 56.875, 3.3406087351652313e-23, nan 
-154.125, 56.875, 3.6958530922736976e-23, nan 
-153.875, 56.875, 3.176193186883462e-23, nan 
-153.625, 56.875, 1.4681633633306605e-23, nan 
-153.375, 56.875, 2.0152284054414628e-23, nan 
-153.125, 56.875, 2.1292189866288814e-23, nan 
-152.875, 56.875, 8.817835483104986e-24, nan 
-152.625, 56.875, 3.696940890256673e-24, nan 
-152.375, 56.875, 3.316938214204132e-24, nan 
-152.125, 56.875, 3.46319569738572e-24, nan 
-151.875, 56.875, 3.0819894281113637e-24, nan 
-151.625, 56.875, 5.534282864796805e-24, nan 
-151.375, 56.875, 5.960821948651232e-24, nan 
-151.125, 56.875, 5.761016267062339e-24, nan 
-150.875, 56.875, 8.06473715896169e-24, nan 
-150.625, 56.875, 7.754442777293256e-24, nan 
-150.375, 56.875, 9.625093204603517e-24, nan 
-150.125, 56.875, 8.619900786800298e-24, nan 
-149.875, 56.875, 5.274030104902355e-24, nan 
-149.625, 56.875, 6.880250707173946e-24, nan 
-149.375, 56.875, 8.787811608605258e-24, nan 
-149.125, 56.875, 7.092575087042579e-24, nan 
-148.875, 56.875, 8.412502657012086e-24, nan 
-148.625, 56.875, 1.589282790312838e-23, nan 
-148.375, 56.875, 1.871730694530932e-23, nan 
-148.125, 56.875, 1.39387859912216e-23, nan 
-147.875, 56.875, 8.210854030092017e-24, nan 
-147.625, 56.875, 1.2087254102340103e-23, nan 
-147.375, 56.875, 1.381196360888904e-23, nan 
-147.125, 56.875, 1.7881503158618972e-23, nan 
-146.875, 56.875, 1.39711566905257e-23, nan 
-146.625, 56.875, 8.004500019765252e-24, nan 
-146.375, 56.875, 1.296369630121806e-23, nan 
-146.125, 56.875, 8.467030182357525e-24, nan 
-145.875, 56.875, 1.0973219360761394e-23, nan 
-145.625, 56.875, 7.903528552951835e-24, nan 
-145.375, 56.875, 5.7141839794976106e-24, nan 
-145.125, 56.875, 4.39949113976836e-24, nan 
-144.875, 56.875, 7.36537497298277e-24, nan 
-144.625, 56.875, 6.4079433241911844e-24, nan 
-144.375, 56.875, 3.066607450276316e-24, nan 
-144.125, 56.875, 1.39832914745817e-23, nan 
-143.875, 56.875, 1.33136583863631e-23, nan 
-143.625, 56.875, 9.818258380596098e-24, nan 
-143.375, 56.875, 1.3049004566757883e-23, nan 
-143.125, 56.875, 7.205287044958986e-24, nan 
-142.875, 56.875, 6.748383395623815e-24, nan 
-142.625, 56.875, 7.386381733121106e-24, nan 
-142.375, 56.875, 8.253195752340499e-24, nan 
-142.125, 56.875, 1.0218009802179673e-23, nan 
-141.875, 56.875, 1.2494141245681221e-23, nan 
-141.625, 56.875, 1.0898685424768765e-23, nan 
-141.375, 56.875, 5.085274635257297e-24, nan 
-141.125, 56.875, 4.045817573779225e-24, nan 
-140.875, 56.875, 6.936257328827024e-24, nan 
-140.625, 56.875, 5.929280970982407e-24, nan 
-140.375, 56.875, 2.5039824217924167e-24, nan 
-140.125, 56.875, 3.2165984154008664e-24, nan 
-139.875, 56.875, 3.321075598826132e-24, nan 
-139.625, 56.875, 3.999169746360412e-24, nan 
-139.375, 56.875, 3.526075955692191e-24, nan 
-139.125, 56.875, 3.9822149786883874e-24, nan 
-138.875, 56.875, 7.320683105808327e-24, nan 
-138.625, 56.875, 8.112976174025945e-24, nan 
-138.375, 56.875, 7.71704937672202e-24, nan 
-138.125, 56.875, 5.506166411902442e-24, nan 
-137.875, 56.875, 4.322428175366252e-24, nan 
-137.625, 56.875, 4.0357008594875986e-24, nan 
-137.375, 56.875, 3.877716143248909e-24, nan 
-137.125, 56.875, 4.385445433603719e-24, nan 
109.125, 56.875, 6.301766560429061e-24, nan 
109.375, 56.875, 4.568978703214e-24, nan 
109.625, 56.875, 2.7748314834932405e-24, nan 
109.875, 56.875, 2.6465069860352727e-24, nan 
110.125, 56.875, 4.273131839554225e-24, nan 
110.375, 56.875, 3.470887945208053e-24, nan 
110.625, 56.875, 2.117296594194174e-24, nan 
110.875, 56.875, 4.293378394284061e-24, nan 
111.125, 56.875, 5.367327605259472e-24, nan 
111.375, 56.875, 6.1718457529994086e-24, nan 
111.625, 56.875, 5.37636678307094e-24, nan 
111.875, 56.875, 6.893017060448942e-24, nan 
112.125, 56.875, 6.521465422272535e-24, nan 
112.375, 56.875, 8.578001254318433e-24, nan 
112.625, 56.875, 8.65626036854873e-24, nan 
112.875, 56.875, 1.777984484932273e-24, nan 
113.125, 56.875, 4.25292576391407e-24, nan 
113.375, 56.875, 4.185678571489796e-24, nan 
113.625, 56.875, 4.587576815211642e-24, nan 
113.875, 56.875, 6.140833355411293e-24, nan 
114.125, 56.875, 7.139969369672102e-24, nan 
114.375, 56.875, 7.531334899409375e-24, nan 
114.625, 56.875, 7.011222841332172e-24, nan 
114.875, 56.875, 7.11142060318355e-24, nan 
115.125, 56.875, 8.688822987563579e-24, nan 
115.375, 56.875, 5.382291389431199e-24, nan 
115.625, 56.875, 4.664445444267488e-24, nan 
115.875, 56.875, 5.713100529406221e-24, nan 
116.125, 56.875, 4.4239545650625166e-24, nan 
116.375, 56.875, 3.718675368418545e-24, nan 
116.625, 56.875, 5.094533582972612e-24, nan 
116.875, 56.875, 6.317615460506195e-24, nan 
117.125, 56.875, 5.581997050459359e-24, nan 
117.375, 56.875, 4.142926322044001e-24, nan 
117.625, 56.875, 3.682952184634855e-24, nan 
117.875, 56.875, 2.4656193620547808e-24, nan 
118.125, 56.875, 4.603739109637648e-24, nan 
118.375, 56.875, 4.517586623871481e-24, nan 
118.625, 56.875, 2.952247524992941e-24, nan 
118.875, 56.875, 1.7364153359803247e-24, nan 
119.125, 56.875, 2.4321365712175664e-24, nan 
119.375, 56.875, 1.9025263889228597e-24, nan 
119.625, 56.875, 3.915190013656255e-24, nan 
119.875, 56.875, 6.391630585337931e-24, nan 
120.125, 56.875, 1.4639249826106307e-23, nan 
120.375, 56.875, 1.7565641289678232e-23, nan 
120.625, 56.875, 8.09631580700445e-24, nan 
120.875, 56.875, 3.797129919961305e-24, nan 
121.125, 56.875, 4.126454287151556e-24, nan 
121.375, 56.875, 3.911068582220994e-24, nan 
121.625, 56.875, 5.377462380213449e-24, nan 
121.875, 56.875, 4.559470817878814e-24, nan 
122.125, 56.875, 3.177998992080863e-24, nan 
122.375, 56.875, 1.237349523813622e-24, nan 
122.625, 56.875, 2.7048525903477932e-24, nan 
122.875, 56.875, 2.853382978028541e-24, nan 
123.125, 56.875, 3.402765482983574e-24, nan 
123.375, 56.875, 7.976950691200912e-24, nan 
123.625, 56.875, 8.547517247425618e-24, nan 
123.875, 56.875, 1.0118516599339433e-23, nan 
124.125, 56.875, 8.238346155855815e-24, nan 
124.375, 56.875, 8.600591979225616e-24, nan 
124.625, 56.875, 1.2734061756664301e-23, nan 
124.875, 56.875, 1.368581102053653e-23, nan 
125.125, 56.875, 6.403197145271241e-24, nan 
125.375, 56.875, 7.830954225528848e-24, nan 
125.625, 56.875, 8.106465433900773e-24, nan 
125.875, 56.875, 6.959704377552944e-24, nan 
126.125, 56.875, 5.97869878400394e-24, nan 
126.375, 56.875, 2.939792336494594e-24, nan 
126.625, 56.875, 6.531844182921529e-24, nan 
126.875, 56.875, 5.8472707244721314e-24, nan 
127.125, 56.875, 3.3594113263890235e-24, nan 
127.375, 56.875, 6.232692580620451e-24, nan 
127.625, 56.875, 5.901234569860184e-24, nan 
127.875, 56.875, 2.2383718888368064e-24, nan 
128.125, 56.875, 9.614832955071034e-24, nan 
128.375, 56.875, 1.033383416570861e-23, nan 
128.625, 56.875, 1.0026634555372532e-23, nan 
128.875, 56.875, 1.3936282152054728e-23, nan 
129.125, 56.875, 1.5040465354460416e-23, nan 
129.375, 56.875, 1.2653616743134931e-23, nan 
129.625, 56.875, 2.0086959124601466e-23, nan 
129.875, 56.875, 2.2219733432792068e-23, nan 
130.125, 56.875, 1.4864445218367947e-23, nan 
130.375, 56.875, 1.4522098568287123e-23, nan 
130.625, 56.875, 1.7490542492861595e-23, nan 
130.875, 56.875, 1.2218677688052339e-23, nan 
131.125, 56.875, 9.507199230294014e-24, nan 
131.375, 56.875, 1.0224177202644656e-23, nan 
131.625, 56.875, 1.326598051863518e-23, nan 
131.875, 56.875, 1.1126852577140381e-23, nan 
132.125, 56.875, 1.5189517907587247e-23, nan 
132.375, 56.875, 2.66292323918548e-23, nan 
132.625, 56.875, 2.6822936412121456e-23, nan 
132.875, 56.875, 1.886546323692682e-23, nan 
133.125, 56.875, 3.0713130237917445e-23, nan 
133.375, 56.875, 3.181632941514471e-23, nan 
133.625, 56.875, 3.3469248720250186e-23, nan 
133.875, 56.875, 1.1270306669819103e-23, nan 
134.125, 56.875, 1.2435069215763443e-23, nan 
134.375, 56.875, 2.3489848093140526e-23, nan 
134.625, 56.875, 2.6756084289651844e-23, nan 
134.875, 56.875, 2.6173117662541885e-23, nan 
135.125, 56.875, 6.828059379209581e-24, nan 
135.375, 56.875, 8.686748774739479e-24, nan 
135.625, 56.875, 5.979047785210968e-24, nan 
135.875, 56.875, 9.394196082764417e-24, nan 
136.125, 56.875, 9.912352794724885e-24, nan 
136.375, 56.875, 4.369779015345638e-24, nan 
136.625, 56.875, 7.748875068207905e-24, nan 
136.875, 56.875, 8.534605735613901e-24, nan 
137.125, 56.875, 8.106034720680464e-24, nan 
137.375, 56.875, 1.6431106737557852e-23, nan 
137.625, 56.875, 1.5796513415929047e-23, nan 
137.875, 56.875, 1.2256581042191246e-23, nan 
138.125, 56.875, 8.205075899404717e-24, nan 
138.375, 56.875, 2.7782481730840616e-23, nan 
138.625, 56.875, 3.033710547943193e-23, nan 
138.875, 56.875, 3.0164322648512456e-23, nan 
139.125, 56.875, 4.0943913647712815e-23, nan 
139.375, 56.875, 3.5333937954406563e-23, nan 
139.625, 56.875, 1.6783173694325588e-23, nan 
139.875, 56.875, 1.7086812296865155e-23, nan 
140.125, 56.875, 1.367913850023092e-23, nan 
140.375, 56.875, 1.2305697949788363e-23, nan 
140.625, 56.875, 2.785887692602571e-23, nan 
140.875, 56.875, 4.294945784650574e-23, nan 
141.125, 56.875, 4.407786898287788e-23, nan 
141.375, 56.875, 4.55224539674867e-23, nan 
141.625, 56.875, 6.005974046559743e-23, nan 
141.875, 56.875, 4.165793350122375e-23, nan 
142.125, 56.875, 1.5537817295053313e-23, nan 
142.375, 56.875, 2.862195947741497e-23, nan 
142.625, 56.875, 3.7944268928243485e-23, nan 
142.875, 56.875, 1.2348310270332369e-23, nan 
143.125, 56.875, 1.001282444997415e-23, nan 
143.375, 56.875, 4.603404101041061e-23, nan 
143.625, 56.875, 4.6597171851301587e-23, nan 
143.875, 56.875, 1.2022806268799886e-23, nan 
144.125, 56.875, 1.919948402204213e-23, nan 
144.375, 56.875, 1.962387001760554e-23, nan 
144.625, 56.875, 1.6029958195243073e-23, nan 
144.875, 56.875, 1.855799121144507e-23, nan 
145.125, 56.875, 3.643359034075365e-23, nan 
145.375, 56.875, 3.7894678022696884e-23, nan 
145.625, 56.875, 2.4521173774300614e-23, nan 
145.875, 56.875, 6.39060132389659e-23, nan 
146.125, 56.875, 4.5779648177232144e-23, nan 
146.375, 56.875, 2.698650135463526e-23, nan 
146.625, 56.875, 3.013928254972185e-23, nan 
146.875, 56.875, 1.2974098816581917e-23, nan 
147.125, 56.875, 2.650743368951412e-23, nan 
147.375, 56.875, 4.001788998191155e-23, nan 
147.625, 56.875, 2.9395587875949835e-23, nan 
147.875, 56.875, 2.574272007527296e-23, nan 
148.125, 56.875, 3.1579837969972745e-23, nan 
148.375, 56.875, 1.4116419129356514e-23, nan 
148.625, 56.875, 4.24422925231766e-23, nan 
148.875, 56.875, 6.343362614735784e-23, nan 
149.125, 56.875, 4.886281971330835e-23, nan 
149.375, 56.875, 4.916764159480221e-23, nan 
149.625, 56.875, 3.7267785356993695e-23, nan 
149.875, 56.875, 9.908656369431673e-23, nan 
150.125, 56.875, 1.4947010554642608e-22, nan 
150.375, 56.875, 9.318506986213171e-23, nan 
150.625, 56.875, 2.40217713441197e-23, nan 
150.875, 56.875, 2.2364244945461043e-23, nan 
151.125, 56.875, 2.902897230961226e-23, nan 
151.375, 56.875, 7.323726120285991e-23, nan 
151.625, 56.875, 7.922548826948236e-23, nan 
151.875, 56.875, 3.590553825563798e-23, nan 
152.125, 56.875, 3.0662470559872695e-23, nan 
152.375, 56.875, 1.3935242154523924e-23, nan 
152.625, 56.875, 1.2109467670280532e-23, nan 
152.875, 56.875, 1.0649708580843977e-23, nan 
153.125, 56.875, 8.421249178698508e-24, nan 
153.375, 56.875, 2.1066735251136323e-23, nan 
153.625, 56.875, 2.5953931603519338e-23, nan 
153.875, 56.875, 3.842467748836342e-23, nan 
154.125, 56.875, 1.7831529163759826e-23, nan 
154.375, 56.875, 4.343052788762367e-23, nan 
154.625, 56.875, 4.6150101225196685e-23, nan 
154.875, 56.875, 3.597976208932375e-23, nan 
155.125, 56.875, 1.465498262033303e-23, nan 
155.375, 56.875, 2.2119310949865982e-23, nan 
155.625, 56.875, 8.217114630696606e-23, nan 
155.875, 56.875, 8.397475500754265e-23, nan 
156.125, 56.875, 4.836211941410445e-23, nan 
156.375, 56.875, 4.389602341212383e-23, nan 
156.625, 56.875, 5.163197360755016e-23, nan 
156.875, 56.875, 4.131900750713769e-23, nan 
157.125, 56.875, 7.155461902066917e-23, nan 
157.375, 56.875, 7.684090664862103e-23, nan 
157.625, 56.875, 4.286612041322993e-23, nan 
157.875, 56.875, 1.7705371749905486e-22, nan 
158.125, 56.875, 1.6299109560310944e-22, nan 
158.375, 56.875, 5.161316753947834e-23, nan 
158.625, 56.875, 8.92753667740173e-23, nan 
158.875, 56.875, 4.955242614839656e-23, nan 
159.125, 56.875, 2.5413872754824566e-23, nan 
159.375, 56.875, 1.6259466468409756e-23, nan 
159.625, 56.875, 1.2665968728651904e-23, nan 
159.875, 56.875, 1.3982893920231315e-23, nan 
160.125, 56.875, 3.366499010816444e-23, nan 
160.375, 56.875, 5.578398009229481e-23, nan 
160.625, 56.875, 1.5285130535878604e-22, nan 
160.875, 56.875, 1.9884287337504128e-22, nan 
161.125, 56.875, 1.1519832650059041e-22, nan 
161.375, 56.875, 1.081725164362365e-22, nan 
161.625, 56.875, 1.1467038257053427e-22, nan 
161.875, 56.875, 1.2801308586623887e-22, nan 
162.125, 56.875, 9.659202257738842e-23, nan 
162.375, 56.875, 1.1707341024759477e-22, nan 
162.625, 56.875, 1.9214673127415689e-22, nan 
162.875, 56.875, 1.6018323039580873e-22, nan 
163.125, 56.875, 1.3416857221346743e-22, nan 
163.375, 56.875, 1.603456991469572e-22, nan 
163.625, 56.875, 1.6598347732925703e-22, nan 
163.875, 56.875, 2.146741693728958e-22, nan 
164.125, 56.875, 2.1337037106297744e-22, nan 
164.375, 56.875, 1.623309192248564e-22, nan 
164.625, 56.875, 1.2486911265449078e-22, nan 
164.875, 56.875, 1.3210589935740857e-22, nan 
165.125, 56.875, 1.0907881266208045e-22, nan 
165.375, 56.875, 3.2623356642758545e-22, nan 
165.625, 56.875, 3.247146629401312e-22, nan 
165.875, 56.875, 2.5115327202743593e-22, nan 
166.125, 56.875, 3.0511520728104914e-22, nan 
166.375, 56.875, 1.3365922023499353e-22, nan 
166.625, 56.875, 2.403938789521641e-23, nan 
166.875, 56.875, 1.9807194466520193e-22, nan 
167.125, 56.875, 2.647241116068111e-22, nan 
167.375, 56.875, 1.4012227572681906e-22, nan 
167.625, 56.875, 1.208151122787233e-22, nan 
167.875, 56.875, 1.9660242639490715e-22, nan 
168.125, 56.875, 1.9830674871807487e-22, nan 
168.375, 56.875, 1.2468970566028258e-22, nan 
168.625, 56.875, 7.292056761142248e-23, nan 
168.875, 56.875, 8.805545026418937e-23, nan 
169.125, 56.875, 8.720314848205232e-23, nan 
169.375, 56.875, 1.4378600342320362e-22, nan 
169.625, 56.875, 3.1719406612407064e-22, nan 
169.875, 56.875, 3.6498803544265987e-22, nan 
170.125, 56.875, 2.505860230723431e-22, nan 
170.375, 56.875, 1.0117008816040411e-22, nan 
170.625, 56.875, 6.121049786027878e-23, nan 
170.875, 56.875, 7.912559528873082e-23, nan 
171.125, 56.875, 2.610178540226666e-22, nan 
171.375, 56.875, 2.507007898769217e-22, nan 
171.625, 56.875, 3.519600082813345e-23, nan 
171.875, 56.875, 5.678981689011912e-23, nan 
172.125, 56.875, 1.0725336998498025e-22, nan 
172.375, 56.875, 1.0366654174414293e-22, nan 
172.625, 56.875, 7.164146491301282e-23, nan 
172.875, 56.875, 6.865987933917066e-23, nan 
173.125, 56.875, 2.9508787713479265e-23, nan 
173.375, 56.875, 3.346205655467478e-23, nan 
173.625, 56.875, 3.3656786671375015e-23, nan 
173.875, 56.875, 4.6536175484906e-23, nan 
174.125, 56.875, 4.9675876998015296e-23, nan 
174.375, 56.875, 1.119766128916631e-22, nan 
174.625, 56.875, 1.6966595476061396e-22, nan 
174.875, 56.875, 1.5113339101622988e-22, nan 
175.125, 56.875, 8.225822614920688e-23, nan 
175.375, 56.875, 4.1371229494681937e-22, nan 
175.625, 56.875, 4.545022856336817e-22, nan 
175.875, 56.875, 2.6757429504963777e-22, nan 
176.125, 56.875, 2.6358499602914614e-22, nan 
176.375, 56.875, 2.0168335841137615e-22, nan 
176.625, 56.875, 1.5243963079097e-22, nan 
176.875, 56.875, 1.111038245267753e-22, nan 
177.125, 56.875, 6.795501778451741e-23, nan 
177.375, 56.875, 2.7241169670780216e-23, nan 
177.625, 56.875, 7.371987192809437e-23, nan 
177.875, 56.875, 7.142118348048482e-23, nan 
178.125, 56.875, 4.819092604608492e-23, nan 
178.375, 56.875, 4.581289650544829e-23, nan 
178.625, 56.875, 1.383340692275066e-23, nan 
178.875, 56.875, 1.0004530544915816e-23, nan 
179.125, 56.875, 1.9125056415156967e-23, nan 
179.375, 56.875, 2.6887812796530123e-23, nan 
179.625, 56.875, 2.859575823243283e-23, nan 
179.875, 56.875, 2.5569141798217143e-23, nan 
-179.875, 57.125, 1.3451524783721877e-23, nan 
-179.625, 57.125, 5.8504298071972356e-24, nan 
-179.375, 57.125, 6.400414182528486e-24, nan 
-179.125, 57.125, 8.289043139918334e-24, nan 
-178.875, 57.125, 1.2175019769259198e-23, nan 
-178.625, 57.125, 2.99609392602549e-23, nan 
-178.375, 57.125, 3.023246764183553e-23, nan 
-178.125, 57.125, 1.3669224577333488e-23, nan 
-177.875, 57.125, 9.895812323029227e-24, nan 
-177.625, 57.125, 5.059237376503812e-24, nan 
-177.375, 57.125, 4.4463991690113894e-24, nan 
-177.125, 57.125, 2.9648307021902282e-24, nan 
-176.875, 57.125, 2.6535185197208307e-23, nan 
-176.625, 57.125, 4.18400679880556e-23, nan 
-176.375, 57.125, 3.421789703584383e-23, nan 
-176.125, 57.125, 3.753371369960253e-23, nan 
-175.875, 57.125, 4.325504261700404e-23, nan 
-175.625, 57.125, 2.266858642721355e-23, nan 
-175.375, 57.125, 2.3769844167027792e-23, nan 
-175.125, 57.125, 4.433494813425689e-23, nan 
-174.875, 57.125, 1.0039036040413606e-22, nan 
-174.625, 57.125, 1.9616368150502633e-22, nan 
-174.375, 57.125, 1.461882659413872e-22, nan 
-174.125, 57.125, 5.777448789836795e-23, nan 
-173.875, 57.125, 5.757254226583495e-23, nan 
-173.625, 57.125, 4.349127190773059e-23, nan 
-173.375, 57.125, 1.868160299944724e-23, nan 
-173.125, 57.125, 3.6215144410519e-23, nan 
-172.875, 57.125, 3.9587555021931956e-23, nan 
-172.625, 57.125, 1.2913946002389246e-23, nan 
-172.375, 57.125, 1.591505312902277e-23, nan 
-172.125, 57.125, 1.8178968322035194e-23, nan 
-171.875, 57.125, 4.4528164639163854e-23, nan 
-171.625, 57.125, 3.5339159689843295e-23, nan 
-171.375, 57.125, 1.7354983829843686e-23, nan 
-171.125, 57.125, 1.4731606395458744e-23, nan 
-170.875, 57.125, 5.121697385218716e-23, nan 
-170.625, 57.125, 6.094706068457722e-23, nan 
-170.375, 57.125, 4.0572456790990233e-23, nan 
-170.125, 57.125, 2.0251994401848938e-23, nan 
-169.875, 57.125, 1.173978816477058e-23, nan 
-169.625, 57.125, 2.3707425572715378e-23, nan 
-169.375, 57.125, 2.4281769049196628e-23, nan 
-169.125, 57.125, 2.0650633454875262e-23, nan 
-168.875, 57.125, 5.395248009601618e-23, nan 
-168.625, 57.125, 4.971600755115206e-23, nan 
-168.375, 57.125, 8.185151086086123e-24, nan 
-168.125, 57.125, 4.9534635623609376e-24, nan 
-167.875, 57.125, 3.0786434170468136e-23, nan 
-167.625, 57.125, 3.44850470781438e-23, nan 
-167.375, 57.125, 9.160110408969307e-24, nan 
-167.125, 57.125, 8.726387327973195e-24, nan 
-166.875, 57.125, 1.926986540138765e-23, nan 
-166.625, 57.125, 2.086367909702959e-23, nan 
-166.375, 57.125, 1.380696104889241e-23, nan 
-166.125, 57.125, 9.918318306321958e-24, nan 
-165.875, 57.125, 1.2700950765431215e-23, nan 
-165.625, 57.125, 9.570107961735524e-24, nan 
-165.375, 57.125, 2.2501789106301006e-23, nan 
-165.125, 57.125, 3.6104371668147245e-23, nan 
-164.875, 57.125, 3.5215552344506084e-23, nan 
-164.625, 57.125, 3.656466046902033e-23, nan 
-164.375, 57.125, 3.5364874954142415e-23, nan 
-164.125, 57.125, 3.4678889902872447e-23, nan 
-163.875, 57.125, 5.968549035380761e-23, nan 
-163.625, 57.125, 5.2709803735720464e-23, nan 
-163.375, 57.125, 8.86761563928395e-24, nan 
-163.125, 57.125, 1.1509079147601865e-23, nan 
-162.875, 57.125, 9.335829810125216e-24, nan 
-162.625, 57.125, 1.8447605502261958e-23, nan 
-162.375, 57.125, 1.9590095338040834e-23, nan 
-162.125, 57.125, 1.0715843504360999e-23, nan 
-161.875, 57.125, 1.229161876985018e-23, nan 
-161.625, 57.125, 8.793555526378793e-24, nan 
-161.375, 57.125, 1.1442359931573265e-23, nan 
-161.125, 57.125, 8.609341254430911e-24, nan 
-160.875, 57.125, 1.3854663474165228e-23, nan 
-160.625, 57.125, 2.9856328581216497e-23, nan 
-160.375, 57.125, 3.025537566185023e-23, nan 
-160.125, 57.125, 1.4214450819575753e-23, nan 
-159.875, 57.125, 1.012308903045928e-23, nan 
-159.625, 57.125, 3.2762333339553596e-23, nan 
-159.375, 57.125, 3.794791293506346e-23, nan 
-159.125, 57.125, 1.1096942252412203e-23, nan 
-158.875, 57.125, 8.169149932091196e-24, nan 
-158.625, 57.125, 6.492296123332192e-24, nan 
-158.375, 57.125, 1.0187403170937794e-23, nan 
-158.125, 57.125, 1.0292252334682851e-23, nan 
-157.875, 57.125, 1.770186027025199e-23, nan 
-157.625, 57.125, 2.6163669209999227e-23, nan 
-157.375, 57.125, 1.2910535433675544e-23, nan 
-157.125, 57.125, 7.198333696738839e-24, nan 
-156.875, 57.125, 5.7653296311088654e-24, nan 
-156.625, 57.125, 3.761920115857507e-24, nan 
-156.375, 57.125, 6.646313320705281e-24, nan 
-156.125, 57.125, 6.01513315745532e-24, nan 
-155.875, 57.125, 4.986080504422229e-24, nan 
-155.625, 57.125, 3.420918848231845e-24, nan 
-155.375, 57.125, 6.3799716482953754e-24, nan 
-155.125, 57.125, 1.0963541106814315e-23, nan 
-154.875, 57.125, 2.0271025463339158e-23, nan 
-154.625, 57.125, 2.37156054868459e-23, nan 
-154.375, 57.125, 2.0876741089045267e-23, nan 
-154.125, 57.125, 2.59252353035591e-23, nan 
-153.875, 57.125, 2.1270148522871588e-23, nan 
-153.625, 57.125, 1.6414534719676028e-23, nan 
-153.375, 57.125, 1.730288681685699e-23, nan 
-153.125, 57.125, 1.16230135293757e-23, nan 
-152.875, 57.125, 1.091239612831806e-23, nan 
-152.625, 57.125, 9.24119999839541e-24, nan 
-152.375, 57.125, 8.120833139958406e-24, nan 
-152.125, 57.125, 8.862166377131277e-24, nan 
-151.875, 57.125, 6.897409477398662e-24, nan 
-151.625, 57.125, 9.171039587010622e-24, nan 
-151.375, 57.125, 9.115721920094421e-24, nan 
-151.125, 57.125, 1.0675215413920977e-23, nan 
-150.875, 57.125, 1.136631888175518e-23, nan 
-150.625, 57.125, 8.576485410400152e-24, nan 
-150.375, 57.125, 1.0310562820661781e-23, nan 
-150.125, 57.125, 1.1651136269938791e-23, nan 
-149.875, 57.125, 1.155482700981068e-23, nan 
-149.625, 57.125, 8.588533880087904e-24, nan 
-149.375, 57.125, 9.055110427539131e-24, nan 
-149.125, 57.125, 1.001506165866743e-23, nan 
-148.875, 57.125, 5.0016750204185716e-24, nan 
-148.625, 57.125, 5.7421621088533855e-24, nan 
-148.375, 57.125, 1.3056570287448127e-23, nan 
-148.125, 57.125, 3.064507432138484e-23, nan 
-147.875, 57.125, 2.9462146534030253e-23, nan 
-147.625, 57.125, 1.2761496484258758e-23, nan 
-147.375, 57.125, 2.1833711820669843e-23, nan 
-147.125, 57.125, 2.723042999026719e-23, nan 
-146.875, 57.125, 1.868404625560353e-23, nan 
-146.625, 57.125, 1.744613705618067e-23, nan 
-146.375, 57.125, 7.049214560267157e-24, nan 
-146.125, 57.125, 1.4342686544328066e-23, nan 
-145.875, 57.125, 1.9625487961220642e-23, nan 
-145.625, 57.125, 1.8566697505982996e-23, nan 
-145.375, 57.125, 2.23608452654108e-23, nan 
-145.125, 57.125, 5.016366638979694e-24, nan 
-144.875, 57.125, 4.169200368371285e-24, nan 
-144.625, 57.125, 3.5608691518791746e-24, nan 
-144.375, 57.125, 2.572748150343214e-24, nan 
-144.125, 57.125, 1.1042721392250132e-23, nan 
-143.875, 57.125, 1.5288630815554374e-23, nan 
-143.625, 57.125, 1.3141572194090146e-23, nan 
-143.375, 57.125, 8.470780843492748e-24, nan 
-143.125, 57.125, 7.519532369703974e-24, nan 
-142.875, 57.125, 7.171726757003034e-24, nan 
-142.625, 57.125, 1.1490418361964923e-23, nan 
-142.375, 57.125, 8.613661658444065e-24, nan 
-142.125, 57.125, 1.2589835688158591e-23, nan 
-141.875, 57.125, 1.3479204546323908e-23, nan 
-141.625, 57.125, 1.540244642967156e-23, nan 
-141.375, 57.125, 1.325609170566113e-23, nan 
-141.125, 57.125, 2.4778534696022077e-24, nan 
-140.875, 57.125, 5.85567098553233e-24, nan 
-140.625, 57.125, 7.056802223010378e-24, nan 
-140.375, 57.125, 4.231099255028893e-24, nan 
-140.125, 57.125, 2.2359012169176644e-24, nan 
-139.875, 57.125, 3.727340284574501e-24, nan 
-139.625, 57.125, 3.9916096181884824e-24, nan 
-139.375, 57.125, 3.733522559765578e-24, nan 
-139.125, 57.125, 2.9897253011226097e-24, nan 
-138.875, 57.125, 4.862610467399991e-24, nan 
-138.625, 57.125, 6.63692275758582e-24, nan 
-138.375, 57.125, 6.908143281613484e-24, nan 
-138.125, 57.125, 5.514545783165736e-24, nan 
-137.875, 57.125, 5.4325759581376466e-24, nan 
-137.625, 57.125, 4.194399915647371e-24, nan 
-137.375, 57.125, 3.432972608334844e-24, nan 
-137.125, 57.125, 2.9788495968082033e-24, nan 
-136.875, 57.125, 4.097285902569308e-24, nan 
-136.625, 57.125, 4.22059199292916e-24, nan 
108.625, 57.125, 5.119666805777688e-24, nan 
108.875, 57.125, 5.662528671499651e-24, nan 
109.125, 57.125, 5.4231020290010304e-24, nan 
109.375, 57.125, 4.660426287083807e-24, nan 
109.625, 57.125, 4.05069790167809e-24, nan 
109.875, 57.125, 4.172539298411406e-24, nan 
110.125, 57.125, 3.931099116537615e-24, nan 
110.375, 57.125, 2.3863859590603484e-24, nan 
110.625, 57.125, 3.1639138798900723e-24, nan 
110.875, 57.125, 5.747942723280128e-24, nan 
111.125, 57.125, 6.997547132854318e-24, nan 
111.375, 57.125, 6.327360561277365e-24, nan 
111.625, 57.125, 4.260381585577362e-24, nan 
111.875, 57.125, 7.573120758779195e-24, nan 
112.125, 57.125, 6.585365050129941e-24, nan 
112.375, 57.125, 6.786217508463717e-24, nan 
112.625, 57.125, 8.54193899588152e-24, nan 
112.875, 57.125, 5.34877545834457e-24, nan 
113.125, 57.125, 2.6215856352774612e-24, nan 
113.375, 57.125, 5.32539650246518e-24, nan 
113.625, 57.125, 6.38090780354227e-24, nan 
113.875, 57.125, 5.3294633818409964e-24, nan 
114.125, 57.125, 4.433043992355584e-24, nan 
114.375, 57.125, 7.299462852429085e-24, nan 
114.625, 57.125, 1.604423379212256e-23, nan 
114.875, 57.125, 1.935918063870703e-23, nan 
115.125, 57.125, 1.8598132992631546e-23, nan 
115.375, 57.125, 1.7876367613790438e-23, nan 
115.625, 57.125, 1.1830852469825318e-23, nan 
115.875, 57.125, 8.111603929977578e-24, nan 
116.125, 57.125, 5.770112108558019e-24, nan 
116.375, 57.125, 3.849576033205065e-24, nan 
116.625, 57.125, 4.651466436030629e-24, nan 
116.875, 57.125, 3.7198828887008474e-24, nan 
117.125, 57.125, 3.573133406855737e-24, nan 
117.375, 57.125, 3.750384529270322e-24, nan 
117.625, 57.125, 4.2907711268761774e-24, nan 
117.875, 57.125, 5.532739046506284e-24, nan 
118.125, 57.125, 6.779803183411588e-24, nan 
118.375, 57.125, 3.038855793012594e-24, nan 
118.625, 57.125, 3.105358113101544e-24, nan 
118.875, 57.125, 1.6405020035288362e-24, nan 
119.125, 57.125, 2.149942157681396e-24, nan 
119.375, 57.125, 3.0462335876345968e-24, nan 
119.625, 57.125, 1.1570199154384283e-23, nan 
119.875, 57.125, 1.432823805626188e-23, nan 
120.125, 57.125, 9.678772512595562e-24, nan 
120.375, 57.125, 1.5321654312182936e-23, nan 
120.625, 57.125, 1.293655861492644e-23, nan 
120.875, 57.125, 4.6221935193272055e-24, nan 
121.125, 57.125, 3.033380880833918e-24, nan 
121.375, 57.125, 2.9431611863201208e-24, nan 
121.625, 57.125, 3.309812092050812e-24, nan 
121.875, 57.125, 2.906916883904921e-24, nan 
122.125, 57.125, 2.2085329719367082e-24, nan 
122.375, 57.125, 3.743025466482098e-24, nan 
122.625, 57.125, 2.2433327592707624e-24, nan 
122.875, 57.125, 4.391528676663527e-24, nan 
123.125, 57.125, 5.995200984260187e-24, nan 
123.375, 57.125, 6.79813103217061e-24, nan 
123.625, 57.125, 8.330073376000319e-24, nan 
123.875, 57.125, 6.910598588155883e-24, nan 
124.125, 57.125, 3.854237298005184e-24, nan 
124.375, 57.125, 7.20957954836099e-24, nan 
124.625, 57.125, 1.1487718776332741e-23, nan 
124.875, 57.125, 1.8722716295483535e-23, nan 
125.125, 57.125, 1.5594826336004977e-23, nan 
125.375, 57.125, 4.417277497116075e-24, nan 
125.625, 57.125, 2.7376365694447723e-24, nan 
125.875, 57.125, 4.897672342486445e-24, nan 
126.125, 57.125, 5.53815796691724e-24, nan 
126.375, 57.125, 2.296716147210742e-24, nan 
126.625, 57.125, 3.810006831103752e-24, nan 
126.875, 57.125, 4.3511224811574425e-24, nan 
127.125, 57.125, 4.432431099080132e-24, nan 
127.375, 57.125, 5.5952289795716476e-24, nan 
127.625, 57.125, 5.153618683935637e-24, nan 
127.875, 57.125, 5.275270959822068e-24, nan 
128.125, 57.125, 9.577508761637972e-24, nan 
128.375, 57.125, 1.0548275616481406e-23, nan 
128.625, 57.125, 1.3095284343300848e-23, nan 
128.875, 57.125, 1.4963696462215592e-23, nan 
129.125, 57.125, 1.7223090870615085e-23, nan 
129.375, 57.125, 3.8905420176013435e-23, nan 
129.625, 57.125, 3.739034282640032e-23, nan 
129.875, 57.125, 1.1998243781077775e-23, nan 
130.125, 57.125, 1.3495609049565282e-23, nan 
130.375, 57.125, 9.357754574641674e-24, nan 
130.625, 57.125, 5.91521891446725e-24, nan 
130.875, 57.125, 9.262338756037195e-24, nan 
131.125, 57.125, 7.034127483325324e-24, nan 
131.375, 57.125, 1.389143537495067e-23, nan 
131.625, 57.125, 2.7763067342613427e-23, nan 
131.875, 57.125, 2.0361697832539334e-23, nan 
132.125, 57.125, 1.0525263025990099e-23, nan 
132.375, 57.125, 1.2176318240919994e-23, nan 
132.625, 57.125, 9.688666166404429e-24, nan 
132.875, 57.125, 4.551782300597258e-23, nan 
133.125, 57.125, 5.792581420567384e-23, nan 
133.375, 57.125, 3.216288314074592e-23, nan 
133.625, 57.125, 6.194296931530619e-23, nan 
133.875, 57.125, 5.043003840299275e-23, nan 
134.125, 57.125, 9.025548270763967e-24, nan 
134.375, 57.125, 8.211915249138703e-24, nan 
134.625, 57.125, 1.369467657798769e-23, nan 
134.875, 57.125, 1.835727641395691e-23, nan 
135.125, 57.125, 1.8043475506185038e-23, nan 
135.375, 57.125, 9.905527384581558e-24, nan 
135.625, 57.125, 6.411380109825219e-24, nan 
135.875, 57.125, 5.891542740752596e-24, nan 
136.125, 57.125, 5.594431591268029e-24, nan 
136.375, 57.125, 1.3353567566995476e-23, nan 
136.625, 57.125, 1.5307130126577523e-23, nan 
136.875, 57.125, 1.9067625096352162e-23, nan 
137.125, 57.125, 1.8249820737028536e-23, nan 
137.375, 57.125, 5.078715673438058e-24, nan 
137.625, 57.125, 7.815865156909211e-24, nan 
137.875, 57.125, 1.4311436294803692e-23, nan 
138.125, 57.125, 1.6069920033235488e-23, nan 
138.375, 57.125, 2.0778693350201962e-23, nan 
138.625, 57.125, 1.8371624839282136e-23, nan 
138.875, 57.125, 3.1808203312182807e-23, nan 
139.125, 57.125, 3.410170150801288e-23, nan 
139.375, 57.125, 1.0446631495860707e-23, nan 
139.625, 57.125, 2.0984175787674776e-23, nan 
139.875, 57.125, 2.067032414899275e-23, nan 
140.125, 57.125, 1.1372436111496937e-23, nan 
140.375, 57.125, 2.834524445346972e-23, nan 
140.625, 57.125, 4.0301013653067354e-23, nan 
140.875, 57.125, 4.462680661446975e-23, nan 
141.125, 57.125, 3.7122308191981216e-23, nan 
141.375, 57.125, 5.985122361031425e-23, nan 
141.625, 57.125, 5.269465934572163e-23, nan 
141.875, 57.125, 1.3492894798671425e-23, nan 
142.125, 57.125, 2.1772895674245958e-23, nan 
142.375, 57.125, 4.647885262583571e-24, nan 
142.625, 57.125, 1.7706159191301561e-23, nan 
142.875, 57.125, 2.27155421028044e-23, nan 
143.125, 57.125, 1.943480074676874e-23, nan 
143.375, 57.125, 3.4755787323069655e-23, nan 
143.625, 57.125, 3.939518510387734e-23, nan 
143.875, 57.125, 2.4695160522924814e-23, nan 
144.125, 57.125, 1.8454929285175758e-23, nan 
144.375, 57.125, 1.7997984145877e-23, nan 
144.625, 57.125, 1.4189788518099166e-23, nan 
144.875, 57.125, 2.874794048929696e-23, nan 
145.125, 57.125, 3.1773397048966965e-23, nan 
145.375, 57.125, 2.141219918901852e-23, nan 
145.625, 57.125, 4.791790256544306e-23, nan 
145.875, 57.125, 5.413249599206332e-23, nan 
146.125, 57.125, 1.3999816096076862e-23, nan 
146.375, 57.125, 2.2574562808245632e-23, nan 
146.625, 57.125, 3.653395382932805e-23, nan 
146.875, 57.125, 3.362858881655568e-23, nan 
147.125, 57.125, 1.7611989229927094e-23, nan 
147.375, 57.125, 2.676319316817973e-23, nan 
147.625, 57.125, 1.6440107308001402e-23, nan 
147.875, 57.125, 2.967182047948428e-23, nan 
148.125, 57.125, 6.104437283936808e-23, nan 
148.375, 57.125, 4.8990376367708693e-23, nan 
148.625, 57.125, 1.7633025048264082e-23, nan 
148.875, 57.125, 3.05062963958509e-23, nan 
149.125, 57.125, 3.168369763068836e-23, nan 
149.375, 57.125, 4.019478665848943e-23, nan 
149.625, 57.125, 4.5700111184969614e-23, nan 
149.875, 57.125, 2.415773597214859e-23, nan 
150.125, 57.125, 5.324502812274837e-23, nan 
150.375, 57.125, 4.2596786418209555e-23, nan 
150.625, 57.125, 4.3101659764714836e-23, nan 
150.875, 57.125, 2.0619988287854827e-23, nan 
151.125, 57.125, 4.048492443732833e-23, nan 
151.375, 57.125, 5.1022470854427226e-23, nan 
151.625, 57.125, 4.5499127438080337e-23, nan 
151.875, 57.125, 2.3340345121099438e-23, nan 
152.125, 57.125, 1.7874886706527935e-23, nan 
152.375, 57.125, 1.4208078158567798e-23, nan 
152.625, 57.125, 1.591501964175987e-23, nan 
152.875, 57.125, 2.9179922418063606e-23, nan 
153.125, 57.125, 3.422845013399663e-23, nan 
153.375, 57.125, 6.680244389098155e-23, nan 
153.625, 57.125, 8.581488399583189e-23, nan 
153.875, 57.125, 7.777076306867696e-23, nan 
154.125, 57.125, 4.3520774888383386e-23, nan 
154.375, 57.125, 6.043452892497942e-23, nan 
154.625, 57.125, 3.9069598640881385e-23, nan 
154.875, 57.125, 5.241220228435255e-23, nan 
155.125, 57.125, 4.677408129968278e-23, nan 
155.375, 57.125, 2.2654191051835522e-23, nan 
155.625, 57.125, 6.568010395994801e-23, nan 
155.875, 57.125, 6.874615699208211e-23, nan 
156.125, 57.125, 4.9131443177070375e-23, nan 
156.375, 57.125, 5.88986186543579e-23, nan 
156.625, 57.125, 5.2607338943944e-23, nan 
156.875, 57.125, 5.692376779240617e-23, nan 
157.125, 57.125, 1.1792716219471998e-22, nan 
157.375, 57.125, 1.2046604587517486e-22, nan 
157.625, 57.125, 7.186858669438014e-23, nan 
157.875, 57.125, 1.8590736690447042e-22, nan 
158.125, 57.125, 2.0411324000197115e-22, nan 
158.375, 57.125, 1.0237305460562684e-22, nan 
158.625, 57.125, 5.542274223393828e-23, nan 
158.875, 57.125, 2.212624509565033e-23, nan 
159.125, 57.125, 1.8077498874605312e-23, nan 
159.375, 57.125, 1.2359146544808764e-23, nan 
159.625, 57.125, 2.648420972009166e-23, nan 
159.875, 57.125, 3.583579152561413e-23, nan 
160.125, 57.125, 3.913179193560832e-23, nan 
160.375, 57.125, 2.5301048249858397e-23, nan 
160.625, 57.125, 3.517835218289431e-23, nan 
160.875, 57.125, 1.1374757185366442e-22, nan 
161.125, 57.125, 1.17879599348277e-22, nan 
161.375, 57.125, 1.278547915006155e-22, nan 
161.625, 57.125, 1.1042462474991503e-22, nan 
161.875, 57.125, 9.602392908836836e-23, nan 
162.125, 57.125, 7.988907241660285e-23, nan 
162.375, 57.125, 1.6031404706400668e-22, nan 
162.625, 57.125, 1.553210773972354e-22, nan 
162.875, 57.125, 8.921424515129101e-23, nan 
163.125, 57.125, 1.3695356289275648e-22, nan 
163.375, 57.125, 1.7529831783171534e-22, nan 
163.625, 57.125, 1.3645255471289481e-22, nan 
163.875, 57.125, 1.748862476928755e-22, nan 
164.125, 57.125, 1.8054642520669648e-22, nan 
164.375, 57.125, 1.248676477656358e-22, nan 
164.625, 57.125, 7.056959391809761e-23, nan 
164.875, 57.125, 5.319688983352614e-23, nan 
165.125, 57.125, 7.982788565536059e-23, nan 
165.375, 57.125, 3.096489371864128e-22, nan 
165.625, 57.125, 4.342495917189841e-22, nan 
165.875, 57.125, 4.197120259515046e-22, nan 
166.125, 57.125, 4.552237845090516e-22, nan 
166.375, 57.125, 3.40311198506986e-22, nan 
166.625, 57.125, 2.0838539319248933e-22, nan 
166.875, 57.125, 9.355318331887719e-23, nan 
167.125, 57.125, 1.91074132658202e-22, nan 
167.375, 57.125, 1.2731997158307119e-22, nan 
167.625, 57.125, 6.645175614772344e-23, nan 
167.875, 57.125, 4.939509099101376e-23, nan 
168.125, 57.125, 1.6282120670976118e-22, nan 
168.375, 57.125, 1.6495271184320588e-22, nan 
168.625, 57.125, 2.740125921742431e-22, nan 
168.875, 57.125, 2.094294223482583e-22, nan 
169.125, 57.125, 1.1544683253181982e-22, nan 
169.375, 57.125, 1.4043115347088921e-22, nan 
169.625, 57.125, 3.2369171496400984e-22, nan 
169.875, 57.125, 3.259300834194773e-22, nan 
170.125, 57.125, 2.268479873402946e-22, nan 
170.375, 57.125, 1.76347559758958e-22, nan 
170.625, 57.125, 8.471394043088543e-23, nan 
170.875, 57.125, 1.0930320550890742e-22, nan 
171.125, 57.125, 2.626101397428397e-22, nan 
171.375, 57.125, 2.5381341212581886e-22, nan 
171.625, 57.125, 5.902871201872283e-23, nan 
171.875, 57.125, 5.731300306484673e-23, nan 
172.125, 57.125, 8.636170518118727e-23, nan 
172.375, 57.125, 8.019858257677282e-23, nan 
172.625, 57.125, 7.380288686502505e-23, nan 
172.875, 57.125, 8.443683187048973e-23, nan 
173.125, 57.125, 6.800313964878501e-23, nan 
173.375, 57.125, 5.1780167987227265e-23, nan 
173.625, 57.125, 9.681041795990432e-23, nan 
173.875, 57.125, 1.0278822618730277e-22, nan 
174.125, 57.125, 1.0602039217462547e-22, nan 
174.375, 57.125, 8.87428675906307e-23, nan 
174.625, 57.125, 2.583888843209772e-22, nan 
174.875, 57.125, 2.9247025814141258e-22, nan 
175.125, 57.125, 1.7411897485182337e-22, nan 
175.375, 57.125, 2.8905033867553365e-22, nan 
175.625, 57.125, 3.042712641359711e-22, nan 
175.875, 57.125, 2.12662697243191e-22, nan 
176.125, 57.125, 1.565455056473648e-22, nan 
176.375, 57.125, 6.424139261301627e-23, nan 
176.625, 57.125, 8.985461057320875e-23, nan 
176.875, 57.125, 1.3848415530449356e-22, nan 
177.125, 57.125, 1.3235734461881476e-22, nan 
177.375, 57.125, 4.393889285394916e-23, nan 
177.625, 57.125, 1.0924545181778407e-22, nan 
177.875, 57.125, 1.1146908135708588e-22, nan 
178.125, 57.125, 3.415111534997539e-23, nan 
178.375, 57.125, 3.240991802971126e-23, nan 
178.625, 57.125, 2.804924963790935e-23, nan 
178.875, 57.125, 2.2430230507083106e-23, nan 
179.125, 57.125, 3.528128235718384e-23, nan 
179.375, 57.125, 3.0447068487394024e-23, nan 
179.625, 57.125, 2.641014844462498e-23, nan 
179.875, 57.125, 2.466417471593692e-23, nan 
-179.875, 57.375, 3.803502960685032e-23, nan 
-179.625, 57.375, 2.6455313327440145e-23, nan 
-179.375, 57.375, 9.221701475399542e-24, nan 
-179.125, 57.375, 1.4047896599391338e-23, nan 
-178.875, 57.375, 2.957898244476833e-23, nan 
-178.625, 57.375, 2.3265515887184864e-23, nan 
-178.375, 57.375, 2.5972604536697072e-23, nan 
-178.125, 57.375, 1.755216241902962e-23, nan 
-177.875, 57.375, 1.471535100987954e-23, nan 
-177.625, 57.375, 1.0900341733857774e-23, nan 
-177.375, 57.375, 2.5412752006842265e-24, nan 
-177.125, 57.375, 2.4882367091623743e-24, nan 
-176.875, 57.375, 6.1767014962668335e-24, nan 
-176.625, 57.375, 3.83388941188825e-23, nan 
-176.375, 57.375, 3.9339220289104364e-23, nan 
-176.125, 57.375, 6.114311467557523e-23, nan 
-175.875, 57.375, 6.087333008508327e-23, nan 
-175.625, 57.375, 1.4504381801835488e-23, nan 
-175.375, 57.375, 1.723038583666441e-23, nan 
-175.125, 57.375, 2.3124111238343445e-23, nan 
-174.875, 57.375, 2.8919806644212424e-23, nan 
-174.625, 57.375, 1.7846523270346075e-22, nan 
-174.375, 57.375, 1.846879849549631e-22, nan 
-174.125, 57.375, 4.998501197740002e-23, nan 
-173.875, 57.375, 2.7278692305280295e-23, nan 
-173.625, 57.375, 3.882434027051586e-23, nan 
-173.375, 57.375, 3.2725097745479625e-23, nan 
-173.125, 57.375, 4.109194322938687e-23, nan 
-172.875, 57.375, 6.8360743356386e-23, nan 
-172.625, 57.375, 5.385968942454633e-23, nan 
-172.375, 57.375, 3.811521870591043e-23, nan 
-172.125, 57.375, 4.647562143551513e-23, nan 
-171.875, 57.375, 7.913399859830165e-23, nan 
-171.625, 57.375, 6.923013137189788e-23, nan 
-171.375, 57.375, 2.1893100392178094e-23, nan 
-171.125, 57.375, 1.5682846695689568e-23, nan 
-170.875, 57.375, 7.433154580470585e-23, nan 
-170.625, 57.375, 8.115757894733574e-23, nan 
-170.375, 57.375, 2.911318486240522e-23, nan 
-170.125, 57.375, 2.527775478390031e-23, nan 
-169.875, 57.375, 1.3042426349241453e-23, nan 
-169.625, 57.375, 2.730532578461324e-23, nan 
-169.375, 57.375, 2.598326114540022e-23, nan 
-169.125, 57.375, 5.396938516780816e-23, nan 
-168.875, 57.375, 6.747802625031508e-23, nan 
-168.625, 57.375, 3.628565201801331e-23, nan 
-168.375, 57.375, 1.0548937545265496e-23, nan 
-168.125, 57.375, 9.726324568712052e-24, nan 
-167.875, 57.375, 5.812325737138431e-23, nan 
-167.625, 57.375, 6.465193316501613e-23, nan 
-167.375, 57.375, 2.7093860694492413e-23, nan 
-167.125, 57.375, 1.635047789376626e-23, nan 
-166.875, 57.375, 3.9602398001709964e-23, nan 
-166.625, 57.375, 4.0240288447529446e-23, nan 
-166.375, 57.375, 1.7347405035158846e-23, nan 
-166.125, 57.375, 1.7318650774928664e-23, nan 
-165.875, 57.375, 1.0159926555531418e-23, nan 
-165.625, 57.375, 1.180975526321508e-23, nan 
-165.375, 57.375, 1.2957812568483534e-23, nan 
-165.125, 57.375, 2.602075363320002e-23, nan 
-164.875, 57.375, 4.0123834257950686e-23, nan 
-164.625, 57.375, 4.0537021645035687e-23, nan 
-164.375, 57.375, 3.4638451494340344e-23, nan 
-164.125, 57.375, 3.3432947636387495e-23, nan 
-163.875, 57.375, 3.458785989861186e-23, nan 
-163.625, 57.375, 1.7034243199688582e-23, nan 
-163.375, 57.375, 9.576246858949164e-24, nan 
-163.125, 57.375, 9.330150328120802e-24, nan 
-162.875, 57.375, 1.1137255017183813e-23, nan 
-162.625, 57.375, 1.5466662997192902e-23, nan 
-162.375, 57.375, 2.0732342765160485e-23, nan 
-162.125, 57.375, 1.8324263522709807e-23, nan 
-161.875, 57.375, 2.769650119014106e-23, nan 
-161.625, 57.375, 2.1591575273435303e-23, nan 
-161.375, 57.375, 7.023855324765232e-24, nan 
-161.125, 57.375, 8.272211172374369e-24, nan 
-160.875, 57.375, 1.0373068347951337e-23, nan 
-160.625, 57.375, 2.951256367905576e-23, nan 
-160.375, 57.375, 3.0895707791449265e-23, nan 
-160.125, 57.375, 1.588490250310337e-23, nan 
-159.875, 57.375, 6.861420179192675e-23, nan 
-159.625, 57.375, 7.583527715830971e-23, nan 
-159.375, 57.375, 6.594261518632363e-23, nan 
-159.125, 57.375, 5.207878305058565e-23, nan 
-158.875, 57.375, 7.471449625450631e-24, nan 
-158.625, 57.375, 2.3742780654024358e-23, nan 
-158.375, 57.375, 1.8599385111437005e-23, nan 
-158.125, 57.375, 1.2641811642169309e-23, nan 
-157.875, 57.375, 1.2417227842582832e-23, nan 
-157.625, 57.375, 1.2774801827813282e-23, nan 
-157.375, 57.375, 1.6587406964572028e-23, nan 
-157.125, 57.375, 1.3759494804093098e-23, nan 
-156.875, 57.375, 6.61966122048375e-24, nan 
-156.625, 57.375, 7.035368052769107e-24, nan 
-156.375, 57.375, 8.389966218379158e-24, nan 
-156.125, 57.375, 6.027664503920794e-24, nan 
-155.875, 57.375, 6.818553611257814e-24, nan 
-155.625, 57.375, 5.9543584399569115e-24, nan 
-155.375, 57.375, 3.784243847531743e-24, nan 
-155.125, 57.375, 4.691988430376514e-24, nan 
-154.875, 57.375, 6.930603903454077e-24, nan 
-154.625, 57.375, 1.9340193942997098e-23, nan 
-154.375, 57.375, 1.7939624168544814e-23, nan 
-154.125, 57.375, 8.365119476405105e-24, nan 
-153.875, 57.375, 6.2580434952338936e-24, nan 
-153.625, 57.375, 1.56827554417106e-23, nan 
-153.375, 57.375, 1.356710578646205e-23, nan 
-153.125, 57.375, 5.747745090168394e-24, nan 
-152.875, 57.375, 6.057504853573167e-24, nan 
-152.625, 57.375, 8.209071871043704e-24, nan 
-152.375, 57.375, 6.730241969371877e-24, nan 
-152.125, 57.375, 8.496800626787911e-24, nan 
-151.875, 57.375, 7.987500758077892e-24, nan 
-151.625, 57.375, 2.772216134188503e-23, nan 
-151.375, 57.375, 3.0467387859532447e-23, nan 
-151.125, 57.375, 1.9746790749745133e-23, nan 
-150.875, 57.375, 1.1867813671240359e-23, nan 
-150.625, 57.375, 1.842108304979629e-23, nan 
-150.375, 57.375, 1.9041543095617936e-23, nan 
-150.125, 57.375, 7.742805385318276e-24, nan 
-149.875, 57.375, 9.67090657712299e-24, nan 
-149.625, 57.375, 6.33999112925286e-24, nan 
-149.375, 57.375, 5.74568427701679e-24, nan 
-149.125, 57.375, 9.640127461504155e-24, nan 
-148.875, 57.375, 7.132121053053231e-24, nan 
-148.625, 57.375, 2.7844228660626228e-24, nan 
-148.375, 57.375, 8.69008318575675e-24, nan 
-148.125, 57.375, 2.741913428412215e-23, nan 
-147.875, 57.375, 3.443876330326164e-23, nan 
-147.625, 57.375, 2.4568396572213074e-23, nan 
-147.375, 57.375, 8.549344681315188e-24, nan 
-147.125, 57.375, 2.8697330663047466e-23, nan 
-146.875, 57.375, 3.665242223215432e-23, nan 
-146.625, 57.375, 2.4035193630369159e-23, nan 
-146.375, 57.375, 1.336404834191687e-23, nan 
-146.125, 57.375, 1.786196847141075e-23, nan 
-145.875, 57.375, 2.0537799625060052e-23, nan 
-145.625, 57.375, 3.578895207231395e-23, nan 
-145.375, 57.375, 6.064258544094839e-23, nan 
-145.125, 57.375, 4.310441205401792e-23, nan 
-144.875, 57.375, 1.057884526410238e-23, nan 
-144.625, 57.375, 1.1838031503753352e-23, nan 
-144.375, 57.375, 4.261531040732236e-24, nan 
-144.125, 57.375, 3.284504413999621e-24, nan 
-143.875, 57.375, 7.544770930576444e-24, nan 
-143.625, 57.375, 1.582549116125475e-23, nan 
-143.375, 57.375, 1.6074685934899458e-23, nan 
-143.125, 57.375, 1.0772024181960549e-23, nan 
-142.875, 57.375, 8.6059699158026e-24, nan 
-142.625, 57.375, 9.656964776669555e-24, nan 
-142.375, 57.375, 4.113881735795054e-24, nan 
-142.125, 57.375, 5.761057932039857e-24, nan 
-141.875, 57.375, 1.4674729240894042e-23, nan 
-141.625, 57.375, 1.6137379028431914e-23, nan 
-141.375, 57.375, 9.194472728095347e-24, nan 
-141.125, 57.375, 7.239209330889038e-24, nan 
-140.875, 57.375, 2.2948107936293747e-24, nan 
-140.625, 57.375, 5.144610373925269e-24, nan 
-140.375, 57.375, 6.741352976325757e-24, nan 
-140.125, 57.375, 6.755546393829886e-24, nan 
-139.875, 57.375, 5.0180793789981845e-24, nan 
-139.625, 57.375, 3.752103969307484e-24, nan 
-139.375, 57.375, 3.634527769814641e-24, nan 
-139.125, 57.375, 9.104686104082754e-24, nan 
-138.875, 57.375, 1.4221419166435795e-23, nan 
-138.625, 57.375, 1.509892850026508e-23, nan 
-138.375, 57.375, 1.345526609258013e-23, nan 
-138.125, 57.375, 1.0419617422089993e-23, nan 
-137.875, 57.375, 5.3760924218273155e-24, nan 
-137.625, 57.375, 4.992760626331267e-24, nan 
-137.375, 57.375, 3.7812306216939905e-24, nan 
-137.125, 57.375, 3.624986933029665e-24, nan 
-136.875, 57.375, 2.901173697969834e-24, nan 
-136.625, 57.375, 3.74696376475251e-24, nan 
-136.375, 57.375, 4.694888951514738e-24, nan 
108.375, 57.375, 3.858098183427862e-24, nan 
108.625, 57.375, 3.508505121568081e-24, nan 
108.875, 57.375, 5.146703321237234e-24, nan 
109.125, 57.375, 4.931619421030055e-24, nan 
109.375, 57.375, 4.4141639863491996e-24, nan 
109.625, 57.375, 3.4390638966137156e-24, nan 
109.875, 57.375, 4.014869095499367e-24, nan 
110.125, 57.375, 5.09822562854452e-24, nan 
110.375, 57.375, 6.106929473408591e-24, nan 
110.625, 57.375, 7.005259463509776e-24, nan 
110.875, 57.375, 9.568436137033325e-24, nan 
111.125, 57.375, 8.482620339866479e-24, nan 
111.375, 57.375, 3.422288804626304e-24, nan 
111.625, 57.375, 8.59313521887598e-24, nan 
111.875, 57.375, 8.868794000516954e-24, nan 
112.125, 57.375, 5.533218575565983e-24, nan 
112.375, 57.375, 5.874720370169962e-24, nan 
112.625, 57.375, 5.765912093646359e-24, nan 
112.875, 57.375, 4.616933850247874e-24, nan 
113.125, 57.375, 7.971963876127587e-24, nan 
113.375, 57.375, 4.05049244778342e-24, nan 
113.625, 57.375, 4.8722301801843056e-24, nan 
113.875, 57.375, 4.857454128254241e-24, nan 
114.125, 57.375, 5.172608401041539e-24, nan 
114.375, 57.375, 4.222464186993429e-24, nan 
114.625, 57.375, 7.223576513761454e-24, nan 
114.875, 57.375, 1.3501062788843998e-23, nan 
115.125, 57.375, 1.7364861061675487e-23, nan 
115.375, 57.375, 1.3267597243811765e-23, nan 
115.625, 57.375, 5.092422652936006e-24, nan 
115.875, 57.375, 3.611674107696371e-24, nan 
116.125, 57.375, 4.4129747873723966e-24, nan 
116.375, 57.375, 2.7854708790736066e-24, nan 
116.625, 57.375, 1.7351296954065016e-24, nan 
116.875, 57.375, 3.0996244040344847e-24, nan 
117.125, 57.375, 3.65536081695792e-24, nan 
117.375, 57.375, 4.5285155691600276e-24, nan 
117.625, 57.375, 5.6600311450394e-24, nan 
117.875, 57.375, 4.087220819430311e-24, nan 
118.125, 57.375, 7.279661748589821e-24, nan 
118.375, 57.375, 7.429039698397852e-24, nan 
118.625, 57.375, 3.788331613933025e-24, nan 
118.875, 57.375, 2.3499360366786598e-24, nan 
119.125, 57.375, 3.2294904856391717e-24, nan 
119.375, 57.375, 4.9077574458536676e-24, nan 
119.625, 57.375, 3.775369241583296e-24, nan 
119.875, 57.375, 7.351073719037047e-24, nan 
120.125, 57.375, 5.837001450690378e-24, nan 
120.375, 57.375, 8.515447622565745e-24, nan 
120.625, 57.375, 9.736497362072996e-24, nan 
120.875, 57.375, 6.399764110627785e-24, nan 
121.125, 57.375, 4.945403889666176e-24, nan 
121.375, 57.375, 3.798587625680523e-24, nan 
121.625, 57.375, 1.5872798823726388e-24, nan 
121.875, 57.375, 3.7008157620189674e-24, nan 
122.125, 57.375, 3.83829976746826e-24, nan 
122.375, 57.375, 4.352000702235856e-24, nan 
122.625, 57.375, 2.3822899649691568e-24, nan 
122.875, 57.375, 2.0332520192322158e-24, nan 
123.125, 57.375, 1.874864363122568e-24, nan 
123.375, 57.375, 3.619965580878387e-24, nan 
123.625, 57.375, 4.989214006731189e-24, nan 
123.875, 57.375, 4.368431863296061e-24, nan 
124.125, 57.375, 1.701424720460667e-24, nan 
124.375, 57.375, 2.0886154042539667e-24, nan 
124.625, 57.375, 8.626789611750596e-24, nan 
124.875, 57.375, 1.3686162026830294e-23, nan 
125.125, 57.375, 1.3375129914355648e-23, nan 
125.375, 57.375, 8.201688245294541e-24, nan 
125.625, 57.375, 6.175333369041363e-24, nan 
125.875, 57.375, 4.1109247032433605e-24, nan 
126.125, 57.375, 4.651956002485204e-24, nan 
126.375, 57.375, 4.146815585625806e-24, nan 
126.625, 57.375, 4.626593361225868e-24, nan 
126.875, 57.375, 4.125004330869901e-24, nan 
127.125, 57.375, 3.519118050051448e-24, nan 
127.375, 57.375, 9.473518607623782e-24, nan 
127.625, 57.375, 8.232618546283358e-24, nan 
127.875, 57.375, 6.278317624802886e-24, nan 
128.125, 57.375, 1.0483827972678927e-23, nan 
128.375, 57.375, 1.797458416105771e-23, nan 
128.625, 57.375, 1.772455093174221e-23, nan 
128.875, 57.375, 5.800320121076996e-24, nan 
129.125, 57.375, 1.093695709472775e-23, nan 
129.375, 57.375, 1.80587100624369e-23, nan 
129.625, 57.375, 5.911938365905128e-24, nan 
129.875, 57.375, 1.8819972310398046e-23, nan 
130.125, 57.375, 2.128970280628641e-23, nan 
130.375, 57.375, 2.603838382206896e-23, nan 
130.625, 57.375, 2.519408069395597e-23, nan 
130.875, 57.375, 1.2532287221324743e-23, nan 
131.125, 57.375, 9.528332945160559e-24, nan 
131.375, 57.375, 8.417037464065296e-24, nan 
131.625, 57.375, 1.362959886952985e-23, nan 
131.875, 57.375, 9.83117005261215e-24, nan 
132.125, 57.375, 1.1932960988464166e-23, nan 
132.375, 57.375, 1.1174762689981196e-23, nan 
132.625, 57.375, 1.7088656345667398e-23, nan 
132.875, 57.375, 2.221960595820307e-23, nan 
133.125, 57.375, 5.378762254629759e-23, nan 
133.375, 57.375, 6.543650674871695e-23, nan 
133.625, 57.375, 4.2523459845108366e-23, nan 
133.875, 57.375, 1.3535212559833527e-23, nan 
134.125, 57.375, 1.2629418678175644e-23, nan 
134.375, 57.375, 1.909761877543793e-23, nan 
134.625, 57.375, 2.065610276587428e-23, nan 
134.875, 57.375, 2.019867741882219e-23, nan 
135.125, 57.375, 2.2021799584905886e-23, nan 
135.375, 57.375, 1.336843180236718e-23, nan 
135.625, 57.375, 9.678852950968855e-24, nan 
135.875, 57.375, 1.106620743071551e-23, nan 
136.125, 57.375, 4.6944524439725175e-24, nan 
136.375, 57.375, 5.1294394479230116e-24, nan 
136.625, 57.375, 6.640921761753287e-24, nan 
136.875, 57.375, 1.6676094105239804e-23, nan 
137.125, 57.375, 1.5329422337014165e-23, nan 
137.375, 57.375, 8.904542886183226e-24, nan 
137.625, 57.375, 1.5608092880300024e-23, nan 
137.875, 57.375, 2.1130871588333636e-23, nan 
138.125, 57.375, 2.1171612273633486e-23, nan 
138.375, 57.375, 2.0207269554641448e-23, nan 
138.625, 57.375, 3.589964645220219e-23, nan 
138.875, 57.375, 5.0520373277978263e-23, nan 
139.125, 57.375, 5.030221467624828e-23, nan 
139.375, 57.375, 3.93375636386328e-23, nan 
139.625, 57.375, 2.2879300782891794e-23, nan 
139.875, 57.375, 1.545625119531346e-23, nan 
140.125, 57.375, 2.4260236673684242e-23, nan 
140.375, 57.375, 2.957130752787564e-23, nan 
140.625, 57.375, 2.9642983173443535e-23, nan 
140.875, 57.375, 2.5979686378647134e-23, nan 
141.125, 57.375, 5.064607124139338e-23, nan 
141.375, 57.375, 5.452885319945996e-23, nan 
141.625, 57.375, 2.2936900947222618e-23, nan 
141.875, 57.375, 2.4884463400509465e-23, nan 
142.125, 57.375, 4.168368081440215e-23, nan 
142.375, 57.375, 3.089481031269528e-23, nan 
142.625, 57.375, 2.734033104088242e-23, nan 
142.875, 57.375, 3.77669798604159e-23, nan 
143.125, 57.375, 3.5280234411094906e-23, nan 
143.375, 57.375, 4.600187806051084e-23, nan 
143.625, 57.375, 3.290918528179212e-23, nan 
143.875, 57.375, 3.912065313154707e-23, nan 
144.125, 57.375, 3.660398065586036e-23, nan 
144.375, 57.375, 2.0780173525599025e-23, nan 
144.625, 57.375, 2.204827329784234e-23, nan 
144.875, 57.375, 2.855004113052981e-23, nan 
145.125, 57.375, 2.265398637720852e-23, nan 
145.375, 57.375, 3.052441979926577e-23, nan 
145.625, 57.375, 3.5182880422546304e-23, nan 
145.875, 57.375, 9.349502972563584e-24, nan 
146.125, 57.375, 1.0166483623487626e-23, nan 
146.375, 57.375, 7.26593725102233e-24, nan 
146.625, 57.375, 2.2125013298334173e-23, nan 
146.875, 57.375, 2.516566614775428e-23, nan 
147.125, 57.375, 1.5189879585423212e-23, nan 
147.375, 57.375, 1.7453638065690904e-23, nan 
147.625, 57.375, 6.342309907584819e-23, nan 
147.875, 57.375, 7.01422217792446e-23, nan 
148.125, 57.375, 5.521646462467125e-23, nan 
148.375, 57.375, 3.953472397009602e-23, nan 
148.625, 57.375, 2.339055665839521e-23, nan 
148.875, 57.375, 2.3397070574368035e-23, nan 
149.125, 57.375, 2.48221536693733e-23, nan 
149.375, 57.375, 2.0395698121759957e-23, nan 
149.625, 57.375, 3.391404137874281e-23, nan 
149.875, 57.375, 3.9747470119609354e-23, nan 
150.125, 57.375, 4.845857014473775e-23, nan 
150.375, 57.375, 4.2781077329458355e-23, nan 
150.625, 57.375, 2.884051634982997e-23, nan 
150.875, 57.375, 5.789167909384197e-23, nan 
151.125, 57.375, 7.695052971842143e-23, nan 
151.375, 57.375, 7.082473771944865e-23, nan 
151.625, 57.375, 5.90900896369075e-23, nan 
151.875, 57.375, 2.6512057484027434e-23, nan 
152.125, 57.375, 2.8252435228353807e-23, nan 
152.375, 57.375, 1.6790513889518912e-23, nan 
152.625, 57.375, 4.682246699106684e-23, nan 
152.875, 57.375, 5.217572591444513e-23, nan 
153.125, 57.375, 2.2414579958287607e-23, nan 
153.375, 57.375, 4.316633340832212e-23, nan 
153.625, 57.375, 5.463993087070728e-23, nan 
153.875, 57.375, 7.667539317133917e-23, nan 
154.125, 57.375, 9.245502994476781e-23, nan 
154.375, 57.375, 1.1153815058774922e-22, nan 
154.625, 57.375, 7.441638583565286e-23, nan 
154.875, 57.375, 2.838574384861263e-23, nan 
155.125, 57.375, 3.2221748732561505e-23, nan 
155.375, 57.375, 3.6133895497424647e-23, nan 
155.625, 57.375, 5.463931012514215e-23, nan 
155.875, 57.375, 4.917153124155501e-23, nan 
156.125, 57.375, 3.8012106873084574e-23, nan 
156.375, 57.375, 6.4119964091616e-23, nan 
156.625, 57.375, 6.423173520495745e-23, nan 
156.875, 57.375, 6.753756026264791e-23, nan 
157.125, 57.375, 1.6011612313744885e-22, nan 
157.375, 57.375, 1.4408455564675195e-22, nan 
157.625, 57.375, 7.146551664061078e-23, nan 
157.875, 57.375, 2.0130850519763657e-22, nan 
158.125, 57.375, 2.774897260825698e-22, nan 
158.375, 57.375, 1.9202236692454971e-22, nan 
158.625, 57.375, 1.554623335311616e-23, nan 
158.875, 57.375, 6.5721198812439204e-24, nan 
159.125, 57.375, 2.1401440645916903e-23, nan 
159.375, 57.375, 3.6335116584716804e-23, nan 
159.625, 57.375, 3.397141106383565e-23, nan 
159.875, 57.375, 2.384691581711159e-23, nan 
160.125, 57.375, 3.8177310254686576e-23, nan 
160.375, 57.375, 4.272057975781757e-23, nan 
160.625, 57.375, 4.938846886614326e-23, nan 
160.875, 57.375, 3.9408931681620325e-23, nan 
161.125, 57.375, 2.77836508715953e-23, nan 
161.375, 57.375, 7.042378716500997e-23, nan 
161.625, 57.375, 1.117658110778854e-22, nan 
161.875, 57.375, 8.237296252030289e-23, nan 
162.125, 57.375, 1.355680298851449e-22, nan 
162.375, 57.375, 1.6848535432150323e-22, nan 
162.625, 57.375, 8.812299621160131e-23, nan 
162.875, 57.375, 9.119500049147317e-23, nan 
163.125, 57.375, 1.0318990197004954e-22, nan 
163.375, 57.375, 3.014449522020149e-22, nan 
163.625, 57.375, 3.119257029945761e-22, nan 
163.875, 57.375, 1.4505595713983253e-22, nan 
164.125, 57.375, 9.374509204588611e-23, nan 
164.375, 57.375, 6.35244632543782e-23, nan 
164.625, 57.375, 5.482998258007557e-23, nan 
164.875, 57.375, 6.162146620585216e-23, nan 
165.125, 57.375, 4.1921740199428104e-23, nan 
165.375, 57.375, 2.4650030765586644e-22, nan 
165.625, 57.375, 2.629873523182749e-22, nan 
165.875, 57.375, 3.1156365516454157e-22, nan 
166.125, 57.375, 3.816657548943593e-22, nan 
166.375, 57.375, 2.2869551375222203e-22, nan 
166.625, 57.375, 1.964919132989352e-22, nan 
166.875, 57.375, 2.158607663874397e-22, nan 
167.125, 57.375, 1.5089094971113918e-22, nan 
167.375, 57.375, 1.6458162842708848e-22, nan 
167.625, 57.375, 9.142815730928057e-23, nan 
167.875, 57.375, 1.0572016515488623e-22, nan 
168.125, 57.375, 1.3511003132670702e-22, nan 
168.375, 57.375, 4.311466353794295e-22, nan 
168.625, 57.375, 6.671318392110628e-22, nan 
168.875, 57.375, 5.045155108559774e-22, nan 
169.125, 57.375, 3.188047245590354e-22, nan 
169.375, 57.375, 1.7930609129357826e-22, nan 
169.625, 57.375, 2.615498252428846e-22, nan 
169.875, 57.375, 3.0661768821503062e-22, nan 
170.125, 57.375, 2.501524062871509e-22, nan 
170.375, 57.375, 1.7992536853620436e-22, nan 
170.625, 57.375, 9.89054465905248e-23, nan 
170.875, 57.375, 9.168663783585954e-23, nan 
171.125, 57.375, 2.275496851490218e-22, nan 
171.375, 57.375, 2.3054678218051805e-22, nan 
171.625, 57.375, 5.903001800270248e-23, nan 
171.875, 57.375, 5.931735145639879e-23, nan 
172.125, 57.375, 5.661903709766936e-23, nan 
172.375, 57.375, 7.231980575702426e-23, nan 
172.625, 57.375, 1.2809448478345661e-22, nan 
172.875, 57.375, 1.0568610585141902e-22, nan 
173.125, 57.375, 8.773932833343454e-23, nan 
173.375, 57.375, 8.181914284708908e-23, nan 
173.625, 57.375, 5.291437875058238e-23, nan 
173.875, 57.375, 5.785845122422716e-23, nan 
174.125, 57.375, 4.9343952006998884e-23, nan 
174.375, 57.375, 2.4377449698611975e-23, nan 
174.625, 57.375, 6.14339226779435e-23, nan 
174.875, 57.375, 2.0509052234088922e-22, nan 
175.125, 57.375, 1.2052772156785018e-22, nan 
175.375, 57.375, 3.743960488790658e-23, nan 
175.625, 57.375, 1.0793365989391668e-22, nan 
175.875, 57.375, 1.199709680356457e-22, nan 
176.125, 57.375, 1.0499492226940749e-22, nan 
176.375, 57.375, 9.835799015337224e-23, nan 
176.625, 57.375, 1.1169023185603733e-22, nan 
176.875, 57.375, 1.3114098890825348e-22, nan 
177.125, 57.375, 1.6155992130093488e-22, nan 
177.375, 57.375, 1.3507916930035554e-22, nan 
177.625, 57.375, 8.546503888268943e-23, nan 
177.875, 57.375, 8.627017315709196e-23, nan 
178.125, 57.375, 9.465687574585258e-24, nan 
178.375, 57.375, 2.0534543244230905e-23, nan 
178.625, 57.375, 1.9099921315134455e-23, nan 
178.875, 57.375, 2.2031346200966444e-23, nan 
179.125, 57.375, 2.4002265308887666e-23, nan 
179.375, 57.375, 2.322806198601136e-23, nan 
179.625, 57.375, 4.153132754587464e-23, nan 
179.875, 57.375, 5.2341949854706897e-23, nan 
-179.875, 57.625, 1.382993914771882e-22, nan 
-179.625, 57.625, 1.0327673743138766e-22, nan 
-179.375, 57.625, 5.86854217131548e-23, nan 
-179.125, 57.625, 5.663658017310996e-23, nan 
-178.875, 57.625, 5.784531577728399e-23, nan 
-178.625, 57.625, 4.585563902819753e-23, nan 
-178.375, 57.625, 3.3923009439853124e-23, nan 
-178.125, 57.625, 1.9414869675558424e-23, nan 
-177.875, 57.625, 1.8078582903555636e-23, nan 
-177.625, 57.625, 1.4293545651058377e-23, nan 
-177.375, 57.625, 1.136481621101298e-23, nan 
-177.125, 57.625, 7.193770925421134e-24, nan 
-176.875, 57.625, 5.620647761927988e-24, nan 
-176.625, 57.625, 1.7423978254041078e-23, nan 
-176.375, 57.625, 2.386087765940116e-23, nan 
-176.125, 57.625, 3.266621062615517e-23, nan 
-175.875, 57.625, 3.384844538893788e-23, nan 
-175.625, 57.625, 3.835082047712582e-23, nan 
-175.375, 57.625, 3.6086037978942205e-23, nan 
-175.125, 57.625, 1.6189884571088722e-23, nan 
-174.875, 57.625, 2.5327771949909208e-23, nan 
-174.625, 57.625, 6.776107844675777e-23, nan 
-174.375, 57.625, 1.5617002449914817e-22, nan 
-174.125, 57.625, 1.2652151187584079e-22, nan 
-173.875, 57.625, 3.1348296626465316e-23, nan 
-173.625, 57.625, 5.039710352647516e-23, nan 
-173.375, 57.625, 7.117255228672961e-23, nan 
-173.125, 57.625, 7.980504996512201e-23, nan 
-172.875, 57.625, 1.1293519604916626e-22, nan 
-172.625, 57.625, 9.127896229234684e-23, nan 
-172.375, 57.625, 7.960899727243297e-23, nan 
-172.125, 57.625, 6.691622790388207e-23, nan 
-171.875, 57.625, 4.0889857735120665e-23, nan 
-171.625, 57.625, 6.760738170363365e-23, nan 
-171.375, 57.625, 5.98343900634642e-23, nan 
-171.125, 57.625, 2.437692419249892e-23, nan 
-170.875, 57.625, 2.3026335800549737e-23, nan 
-170.625, 57.625, 4.288627885202593e-23, nan 
-170.375, 57.625, 5.497287235861285e-23, nan 
-170.125, 57.625, 5.095394380107677e-23, nan 
-169.875, 57.625, 2.4286094906873958e-23, nan 
-169.625, 57.625, 2.6642161460848344e-23, nan 
-169.375, 57.625, 2.299905632008875e-23, nan 
-169.125, 57.625, 2.41272948410028e-23, nan 
-168.875, 57.625, 8.710546188500983e-23, nan 
-168.625, 57.625, 8.933170427916822e-23, nan 
-168.375, 57.625, 2.1952291976304614e-23, nan 
-168.125, 57.625, 1.0670200134130804e-23, nan 
-167.875, 57.625, 3.3726868007324593e-23, nan 
-167.625, 57.625, 3.8679833159620754e-23, nan 
-167.375, 57.625, 5.797135846997014e-23, nan 
-167.125, 57.625, 5.81025456494675e-23, nan 
-166.875, 57.625, 2.9941366178255626e-23, nan 
-166.625, 57.625, 2.89695104251856e-23, nan 
-166.375, 57.625, 1.429064208789628e-23, nan 
-166.125, 57.625, 7.003316554745809e-24, nan 
-165.875, 57.625, 8.308873208604648e-24, nan 
-165.625, 57.625, 8.682183591068854e-24, nan 
-165.375, 57.625, 1.9118701086297104e-23, nan 
-165.125, 57.625, 2.6661245915125696e-23, nan 
-164.875, 57.625, 2.8368862232862574e-23, nan 
-164.625, 57.625, 4.757306921909623e-23, nan 
-164.375, 57.625, 4.1674639431293403e-23, nan 
-164.125, 57.625, 1.2335244518623421e-23, nan 
-163.875, 57.625, 1.5895567266112696e-23, nan 
-163.625, 57.625, 3.265902662772837e-23, nan 
-163.375, 57.625, 2.863335257251957e-23, nan 
-163.125, 57.625, 5.728978977113014e-24, nan 
-162.875, 57.625, 1.02810003598675e-23, nan 
-162.625, 57.625, 1.372973234918401e-23, nan 
-162.375, 57.625, 2.5706715275684883e-23, nan 
-162.125, 57.625, 3.40903776802901e-23, nan 
-161.875, 57.625, 3.9925218091309965e-23, nan 
-161.625, 57.625, 2.8814156169348086e-23, nan 
-161.375, 57.625, 1.3024396784176385e-23, nan 
-161.125, 57.625, 1.35237182498489e-23, nan 
-160.875, 57.625, 1.2540846777497197e-23, nan 
-160.625, 57.625, 2.858760050239527e-23, nan 
-160.375, 57.625, 2.999342805700467e-23, nan 
-160.125, 57.625, 1.575785635436291e-23, nan 
-159.875, 57.625, 6.090346776303611e-23, nan 
-159.625, 57.625, 6.479431255228163e-23, nan 
-159.375, 57.625, 6.200244468287113e-23, nan 
-159.125, 57.625, 5.453634356401141e-23, nan 
-158.875, 57.625, 4.494111073682371e-23, nan 
-158.625, 57.625, 5.34891080888546e-23, nan 
-158.375, 57.625, 4.32776745569607e-23, nan 
-158.125, 57.625, 3.2234874199018525e-23, nan 
-157.875, 57.625, 8.670683305083887e-24, nan 
-157.625, 57.625, 1.5166364479606168e-23, nan 
-157.375, 57.625, 1.6474672796550025e-23, nan 
-157.125, 57.625, 1.0723851463145975e-23, nan 
-156.875, 57.625, 6.1723983582895666e-24, nan 
-156.625, 57.625, 5.306042285907594e-24, nan 
-156.375, 57.625, 8.298569298105356e-24, nan 
-156.125, 57.625, 8.239297512263086e-24, nan 
-155.875, 57.625, 5.546516750665957e-24, nan 
-155.625, 57.625, 5.350083100008556e-24, nan 
-155.375, 57.625, 7.05095840896701e-24, nan 
-155.125, 57.625, 1.1162167094116308e-23, nan 
-154.875, 57.625, 1.387713600102593e-23, nan 
-154.625, 57.625, 1.2600893233072334e-23, nan 
-154.375, 57.625, 5.852861743593799e-24, nan 
-154.125, 57.625, 9.61229982089007e-24, nan 
-153.875, 57.625, 1.1095952969701896e-23, nan 
-153.625, 57.625, 1.082974367881101e-23, nan 
-153.375, 57.625, 4.8871022750267e-24, nan 
-153.125, 57.625, 4.2775468827121534e-24, nan 
-152.875, 57.625, 2.5838018148052367e-24, nan 
-152.625, 57.625, 6.4190339565595804e-24, nan 
-152.375, 57.625, 5.970465088002503e-24, nan 
-152.125, 57.625, 3.698717187852425e-24, nan 
-151.875, 57.625, 4.60535524181319e-23, nan 
-151.625, 57.625, 5.796431248335815e-23, nan 
-151.375, 57.625, 4.5870555295052595e-23, nan 
-151.125, 57.625, 4.2478639892669104e-23, nan 
-150.875, 57.625, 2.848816871081442e-23, nan 
-150.625, 57.625, 1.336499855423648e-23, nan 
-150.375, 57.625, 1.690009684779848e-23, nan 
-150.125, 57.625, 1.9055000942887798e-23, nan 
-149.875, 57.625, 1.6324159567507376e-23, nan 
-149.625, 57.625, 9.430928336358462e-24, nan 
-149.375, 57.625, 9.997118653280891e-24, nan 
-149.125, 57.625, 9.419661931903728e-24, nan 
-148.875, 57.625, 6.194171534973966e-24, nan 
-148.625, 57.625, 4.568867508112649e-24, nan 
-148.375, 57.625, 1.4355636415353942e-23, nan 
-148.125, 57.625, 1.687652709110621e-23, nan 
-147.875, 57.625, 1.952052393482978e-23, nan 
-147.625, 57.625, 3.3790334270596083e-23, nan 
-147.375, 57.625, 2.716731170240089e-23, nan 
-147.125, 57.625, 1.0529287277321502e-23, nan 
-146.875, 57.625, 2.2129074398511503e-23, nan 
-146.625, 57.625, 1.578998186916106e-23, nan 
-146.375, 57.625, 1.655991710622318e-23, nan 
-146.125, 57.625, 1.2925915958701336e-23, nan 
-145.875, 57.625, 1.6567178176682016e-23, nan 
-145.625, 57.625, 1.8021224597597326e-23, nan 
-145.375, 57.625, 2.3041102130022085e-23, nan 
-145.125, 57.625, 1.1888294671729371e-23, nan 
-144.875, 57.625, 1.8144054837250027e-23, nan 
-144.625, 57.625, 1.7306863920665132e-23, nan 
-144.375, 57.625, 9.798834302754648e-24, nan 
-144.125, 57.625, 8.043038062761622e-24, nan 
-143.875, 57.625, 6.650108813980033e-24, nan 
-143.625, 57.625, 7.35076178911291e-24, nan 
-143.375, 57.625, 1.1012776238198505e-23, nan 
-143.125, 57.625, 1.1276857264329086e-23, nan 
-142.875, 57.625, 1.0344206656035208e-23, nan 
-142.625, 57.625, 9.110349126585907e-24, nan 
-142.375, 57.625, 9.575896687109187e-24, nan 
-142.125, 57.625, 3.458932428229427e-24, nan 
-141.875, 57.625, 7.281895055870185e-24, nan 
-141.625, 57.625, 1.446152322196513e-23, nan 
-141.375, 57.625, 1.2923298374284239e-23, nan 
-141.125, 57.625, 1.0434997954658776e-23, nan 
-140.875, 57.625, 8.846661324215357e-24, nan 
-140.625, 57.625, 2.9988912632663543e-24, nan 
-140.375, 57.625, 3.2794097840253755e-24, nan 
-140.125, 57.625, 6.0209573072807116e-24, nan 
-139.875, 57.625, 9.147545797257987e-24, nan 
-139.625, 57.625, 8.75759613951091e-24, nan 
-139.375, 57.625, 3.9166853309658605e-24, nan 
-139.125, 57.625, 5.3167820272314234e-24, nan 
-138.875, 57.625, 8.418844654016176e-24, nan 
-138.625, 57.625, 1.2898506429778359e-23, nan 
-138.375, 57.625, 1.0456513094177025e-23, nan 
-138.125, 57.625, 4.82929110341958e-24, nan 
-137.875, 57.625, 4.451192202636929e-24, nan 
-137.625, 57.625, 5.309938427112577e-24, nan 
-137.375, 57.625, 4.586229778054301e-24, nan 
-137.125, 57.625, 4.375018065421275e-24, nan 
-136.875, 57.625, 4.7560023775075674e-24, nan 
-136.625, 57.625, 4.67463303560744e-24, nan 
-136.375, 57.625, 4.667245430294904e-24, nan 
-136.125, 57.625, 4.296815553088119e-24, nan 
-135.875, 57.625, 5.1139235543703574e-24, nan 
107.875, 57.625, 3.4113789158016866e-24, nan 
108.125, 57.625, 3.4312659587086764e-24, nan 
108.375, 57.625, 2.742304978715656e-24, nan 
108.625, 57.625, 2.3014241856488405e-24, nan 
108.875, 57.625, 2.0175755640160077e-24, nan 
109.125, 57.625, 2.467986034649703e-24, nan 
109.375, 57.625, 2.4854777676590103e-24, nan 
109.625, 57.625, 3.563907902220136e-24, nan 
109.875, 57.625, 4.5532933441321744e-24, nan 
110.125, 57.625, 6.189065626227268e-24, nan 
110.375, 57.625, 6.62595784134147e-24, nan 
110.625, 57.625, 7.267809781809657e-24, nan 
110.875, 57.625, 5.930522083743941e-24, nan 
111.125, 57.625, 4.722379055829958e-24, nan 
111.375, 57.625, 5.5983652116067466e-24, nan 
111.625, 57.625, 6.529040795222677e-24, nan 
111.875, 57.625, 5.657013598557198e-24, nan 
112.125, 57.625, 1.14282442119461e-23, nan 
112.375, 57.625, 1.109695254220229e-23, nan 
112.625, 57.625, 4.241283608832712e-24, nan 
112.875, 57.625, 1.131623020257116e-23, nan 
113.125, 57.625, 1.7741529119820815e-23, nan 
113.375, 57.625, 1.2158540555834627e-23, nan 
113.625, 57.625, 6.178749289271388e-24, nan 
113.875, 57.625, 8.932301309542166e-24, nan 
114.125, 57.625, 1.1788183219704631e-23, nan 
114.375, 57.625, 8.660474957177499e-24, nan 
114.625, 57.625, 6.486037287418175e-24, nan 
114.875, 57.625, 8.221556926400374e-24, nan 
115.125, 57.625, 1.1903363484791221e-23, nan 
115.375, 57.625, 1.435448417058592e-23, nan 
115.625, 57.625, 1.2886652725371916e-23, nan 
115.875, 57.625, 4.491017728539047e-24, nan 
116.125, 57.625, 4.432510425808511e-24, nan 
116.375, 57.625, 3.55266696119717e-24, nan 
116.625, 57.625, 3.1779159299802443e-24, nan 
116.875, 57.625, 4.410925252102867e-24, nan 
117.125, 57.625, 5.128134001426247e-24, nan 
117.375, 57.625, 2.9142834152643038e-24, nan 
117.625, 57.625, 4.099151906167739e-24, nan 
117.875, 57.625, 4.275220906297742e-24, nan 
118.125, 57.625, 1.715834041501132e-24, nan 
118.375, 57.625, 4.2803981092844244e-24, nan 
118.625, 57.625, 3.836172181967053e-24, nan 
118.875, 57.625, 6.672132598029292e-24, nan 
119.125, 57.625, 8.865504249510043e-24, nan 
119.375, 57.625, 6.596703892034676e-24, nan 
119.625, 57.625, 5.521204815718407e-24, nan 
119.875, 57.625, 3.953179313669197e-24, nan 
120.125, 57.625, 4.8115653128770194e-24, nan 
120.375, 57.625, 7.23792748399006e-24, nan 
120.625, 57.625, 1.0727703741830016e-23, nan 
120.875, 57.625, 1.0982447969896232e-23, nan 
121.125, 57.625, 4.9839892250532676e-24, nan 
121.375, 57.625, 2.85298983871446e-24, nan 
121.625, 57.625, 4.868073917783903e-24, nan 
121.875, 57.625, 5.143043487705969e-24, nan 
122.125, 57.625, 2.7271157585526558e-24, nan 
122.375, 57.625, 1.7367179212432684e-24, nan 
122.625, 57.625, 1.950427710287473e-24, nan 
122.875, 57.625, 1.3833614853301029e-24, nan 
123.125, 57.625, 1.379177414930666e-24, nan 
123.375, 57.625, 2.402736867315311e-24, nan 
123.625, 57.625, 2.7243518447037044e-24, nan 
123.875, 57.625, 2.4964785740860492e-24, nan 
124.125, 57.625, 4.8544142985584115e-24, nan 
124.375, 57.625, 9.926425380319172e-24, nan 
124.625, 57.625, 1.5699188664085938e-23, nan 
124.875, 57.625, 1.8256052861699635e-23, nan 
125.125, 57.625, 1.607902267421571e-23, nan 
125.375, 57.625, 1.2908193603022335e-23, nan 
125.625, 57.625, 5.9960116625487184e-24, nan 
125.875, 57.625, 7.011161693567727e-24, nan 
126.125, 57.625, 6.557778584173664e-24, nan 
126.375, 57.625, 3.5165185323850724e-24, nan 
126.625, 57.625, 3.47737033268693e-24, nan 
126.875, 57.625, 3.2875336530044854e-24, nan 
127.125, 57.625, 4.3555753276720535e-24, nan 
127.375, 57.625, 6.931159315085939e-24, nan 
127.625, 57.625, 5.9619065816240634e-24, nan 
127.875, 57.625, 5.678998376153989e-24, nan 
128.125, 57.625, 1.6792204979957265e-23, nan 
128.375, 57.625, 2.353305722291176e-23, nan 
128.625, 57.625, 1.7959716383544634e-23, nan 
128.875, 57.625, 1.683912112809307e-23, nan 
129.125, 57.625, 1.8156862485602098e-23, nan 
129.375, 57.625, 1.0988033564373952e-23, nan 
129.625, 57.625, 7.72445499400963e-24, nan 
129.875, 57.625, 7.719438643653102e-24, nan 
130.125, 57.625, 8.201013101772338e-24, nan 
130.375, 57.625, 1.7067757019847887e-23, nan 
130.625, 57.625, 1.538879815027609e-23, nan 
130.875, 57.625, 6.3066981782893955e-24, nan 
131.125, 57.625, 7.65629990281169e-24, nan 
131.375, 57.625, 7.963927262433411e-24, nan 
131.625, 57.625, 1.7225030357449028e-23, nan 
131.875, 57.625, 1.8247836921630873e-23, nan 
132.125, 57.625, 1.270682389057694e-23, nan 
132.375, 57.625, 2.4751061018304245e-23, nan 
132.625, 57.625, 2.3997149858257138e-23, nan 
132.875, 57.625, 9.833022680155257e-24, nan 
133.125, 57.625, 9.901494940498257e-24, nan 
133.375, 57.625, 3.5702467784391514e-23, nan 
133.625, 57.625, 2.1970176239905296e-23, nan 
133.875, 57.625, 1.5784633075790702e-23, nan 
134.125, 57.625, 7.94397315253757e-24, nan 
134.375, 57.625, 2.523962337030294e-23, nan 
134.625, 57.625, 2.483105457603884e-23, nan 
134.875, 57.625, 2.72932131013021e-23, nan 
135.125, 57.625, 2.8803238009794455e-23, nan 
135.375, 57.625, 2.244509774124709e-23, nan 
135.625, 57.625, 2.1061536834630525e-23, nan 
135.875, 57.625, 2.520295644484082e-23, nan 
136.125, 57.625, 1.838098064531995e-23, nan 
136.375, 57.625, 6.983280909390704e-24, nan 
136.625, 57.625, 2.2256288123158096e-23, nan 
136.875, 57.625, 2.0180033843053427e-23, nan 
137.125, 57.625, 1.9196926056543454e-23, nan 
137.375, 57.625, 1.896289853292704e-23, nan 
137.625, 57.625, 4.04373051753449e-23, nan 
137.875, 57.625, 4.3235176240603685e-23, nan 
138.125, 57.625, 2.3037231350738726e-23, nan 
138.375, 57.625, 3.7474132995739384e-23, nan 
138.625, 57.625, 5.591146018690367e-23, nan 
138.875, 57.625, 5.406392550941813e-23, nan 
139.125, 57.625, 6.164629675101981e-23, nan 
139.375, 57.625, 5.891054084894045e-23, nan 
139.625, 57.625, 1.6746748729773014e-23, nan 
139.875, 57.625, 2.2806860439296995e-23, nan 
140.125, 57.625, 3.387892490885515e-23, nan 
140.375, 57.625, 3.603558119771739e-23, nan 
140.625, 57.625, 3.6883818766498216e-23, nan 
140.875, 57.625, 4.361853888060444e-23, nan 
141.125, 57.625, 3.561063929449759e-23, nan 
141.375, 57.625, 9.719955280731228e-24, nan 
141.625, 57.625, 1.4772200564117717e-23, nan 
141.875, 57.625, 2.0065361478835626e-23, nan 
142.125, 57.625, 2.2565238901817453e-23, nan 
142.375, 57.625, 8.06624106406433e-24, nan 
142.625, 57.625, 2.9239715943884735e-23, nan 
142.875, 57.625, 5.1730480273789036e-23, nan 
143.125, 57.625, 7.712278393961198e-23, nan 
143.375, 57.625, 6.543507702420726e-23, nan 
143.625, 57.625, 3.078159922744042e-23, nan 
143.875, 57.625, 3.730184788269205e-23, nan 
144.125, 57.625, 2.2607565142708143e-23, nan 
144.375, 57.625, 2.0445687395669257e-23, nan 
144.625, 57.625, 4.8391981687090775e-23, nan 
144.875, 57.625, 4.711404988914666e-23, nan 
145.125, 57.625, 2.3321925717904967e-23, nan 
145.375, 57.625, 3.420953281491106e-23, nan 
145.625, 57.625, 2.618602200351749e-23, nan 
145.875, 57.625, 1.7968558494522418e-23, nan 
146.125, 57.625, 1.1810608591252943e-23, nan 
146.375, 57.625, 8.31516335967191e-24, nan 
146.625, 57.625, 2.5684857814103795e-23, nan 
146.875, 57.625, 3.091709539383925e-23, nan 
147.125, 57.625, 2.2110232981309992e-23, nan 
147.375, 57.625, 3.8277689949330883e-23, nan 
147.625, 57.625, 4.495190047831848e-23, nan 
147.875, 57.625, 3.351975081738648e-23, nan 
148.125, 57.625, 2.5199825495851505e-23, nan 
148.375, 57.625, 1.9899794472091116e-23, nan 
148.625, 57.625, 2.253687931120252e-23, nan 
148.875, 57.625, 2.2665264653275183e-23, nan 
149.125, 57.625, 2.3600704272172833e-23, nan 
149.375, 57.625, 2.6358579312417125e-23, nan 
149.625, 57.625, 6.926252391787937e-23, nan 
149.875, 57.625, 5.927849490534145e-23, nan 
150.125, 57.625, 3.406038082142377e-23, nan 
150.375, 57.625, 7.202604666300103e-23, nan 
150.625, 57.625, 6.373089720682409e-23, nan 
150.875, 57.625, 3.302671431490861e-23, nan 
151.125, 57.625, 3.8990768843280164e-23, nan 
151.375, 57.625, 2.3885807685070924e-23, nan 
151.625, 57.625, 3.992096668743984e-23, nan 
151.875, 57.625, 4.313754455294096e-23, nan 
152.125, 57.625, 3.310057126259208e-23, nan 
152.375, 57.625, 4.0715793291427285e-23, nan 
152.625, 57.625, 4.596973315826398e-23, nan 
152.875, 57.625, 6.32006753038985e-23, nan 
153.125, 57.625, 6.172283877628615e-23, nan 
153.375, 57.625, 4.6582703496857285e-23, nan 
153.625, 57.625, 8.442969697158831e-23, nan 
153.875, 57.625, 8.825807249889081e-23, nan 
154.125, 57.625, 4.563594637628996e-23, nan 
154.375, 57.625, 8.303503631396384e-23, nan 
154.625, 57.625, 1.0383381849659163e-22, nan 
154.875, 57.625, 8.469686391097496e-23, nan 
155.125, 57.625, 4.2034333772450786e-23, nan 
155.375, 57.625, 3.9872444691439574e-23, nan 
155.625, 57.625, 3.0644442545909176e-23, nan 
155.875, 57.625, 3.1873967333566634e-23, nan 
156.125, 57.625, 7.138638775161154e-23, nan 
156.375, 57.625, 7.530332150712716e-23, nan 
156.625, 57.625, 6.751878590783893e-23, nan 
156.875, 57.625, 2.2361776546336107e-22, nan 
157.125, 57.625, 2.311476996972682e-22, nan 
157.375, 57.625, 5.473049866588248e-23, nan 
157.625, 57.625, 2.389814905051502e-22, nan 
157.875, 57.625, 3.1160920632819136e-22, nan 
158.125, 57.625, 2.227602257787786e-22, nan 
158.375, 57.625, 3.5388383771768844e-23, nan 
158.625, 57.625, 1.5298903910659916e-23, nan 
158.875, 57.625, 1.8842903675501155e-23, nan 
159.125, 57.625, 2.9091903649393295e-23, nan 
159.375, 57.625, 3.6456616503356256e-23, nan 
159.625, 57.625, 3.249932285846977e-23, nan 
159.875, 57.625, 2.2858937220936425e-23, nan 
160.125, 57.625, 4.0729395949170233e-23, nan 
160.375, 57.625, 6.334162534906287e-23, nan 
160.625, 57.625, 5.855636696396927e-23, nan 
160.875, 57.625, 5.945283791910826e-23, nan 
161.125, 57.625, 5.2347142116276356e-23, nan 
161.375, 57.625, 5.122553340498109e-23, nan 
161.625, 57.625, 6.775371722241064e-23, nan 
161.875, 57.625, 1.0001632972716699e-22, nan 
162.125, 57.625, 1.490594492229733e-22, nan 
162.375, 57.625, 1.3243793808740314e-22, nan 
162.625, 57.625, 1.5935852684928494e-22, nan 
162.875, 57.625, 1.830374533406503e-22, nan 
163.125, 57.625, 2.1553384076489767e-22, nan 
163.375, 57.625, 4.273314469294729e-22, nan 
163.625, 57.625, 3.971604514557753e-22, nan 
163.875, 57.625, 1.4854116903211264e-22, nan 
164.125, 57.625, 7.444657998952349e-23, nan 
164.375, 57.625, 3.570640515945568e-23, nan 
164.625, 57.625, 3.649128643337182e-23, nan 
164.875, 57.625, 5.55810267562367e-23, nan 
165.125, 57.625, 6.917674374454507e-23, nan 
165.375, 57.625, 2.184946318062581e-22, nan 
165.625, 57.625, 2.9083769861943257e-22, nan 
165.875, 57.625, 2.0076749238998673e-22, nan 
166.125, 57.625, 1.2883355394345088e-22, nan 
166.375, 57.625, 1.9534886042587636e-22, nan 
166.625, 57.625, 2.612551322880571e-22, nan 
166.875, 57.625, 2.4467494749124054e-22, nan 
167.125, 57.625, 1.5684342804829793e-22, nan 
167.375, 57.625, 1.7887705619243543e-22, nan 
167.625, 57.625, 1.5323535937528952e-22, nan 
167.875, 57.625, 1.3081556583755391e-22, nan 
168.125, 57.625, 1.5794268218176244e-22, nan 
168.375, 57.625, 2.0246695331404563e-22, nan 
168.625, 57.625, 4.41543463752757e-22, nan 
168.875, 57.625, 3.000669628835352e-22, nan 
169.125, 57.625, 1.5568928753262543e-22, nan 
169.375, 57.625, 1.0772271898792122e-22, nan 
169.625, 57.625, 1.623664647502844e-22, nan 
169.875, 57.625, 2.4671966706365135e-22, nan 
170.125, 57.625, 1.54708061366944e-22, nan 
170.375, 57.625, 1.1945131038455694e-22, nan 
170.625, 57.625, 1.2387433640791017e-22, nan 
170.875, 57.625, 7.901053637975806e-23, nan 
171.125, 57.625, 2.855487465626053e-22, nan 
171.375, 57.625, 2.6995574135385933e-22, nan 
171.625, 57.625, 3.2661037930818055e-23, nan 
171.875, 57.625, 9.095742019637434e-23, nan 
172.125, 57.625, 1.4448655728244077e-22, nan 
172.375, 57.625, 1.7162152702982804e-22, nan 
172.625, 57.625, 1.7751758825554058e-22, nan 
172.875, 57.625, 1.7702247985607037e-22, nan 
173.125, 57.625, 1.3608874764204438e-22, nan 
173.375, 57.625, 1.0187142384912924e-22, nan 
173.625, 57.625, 1.3405938380159775e-22, nan 
173.875, 57.625, 7.261457302886097e-23, nan 
174.125, 57.625, 6.526576198742883e-23, nan 
174.375, 57.625, 1.1371227805019679e-22, nan 
174.625, 57.625, 1.4001655725903057e-22, nan 
174.875, 57.625, 1.4042409457172147e-22, nan 
175.125, 57.625, 7.244693503965257e-23, nan 
175.375, 57.625, 2.4573517286550737e-23, nan 
175.625, 57.625, 2.5887748344364427e-23, nan 
175.875, 57.625, 1.0170061852173327e-22, nan 
176.125, 57.625, 1.0403804736262779e-22, nan 
176.375, 57.625, 4.995585566523683e-23, nan 
176.625, 57.625, 4.0010584545791414e-23, nan 
176.875, 57.625, 1.4490789984238494e-22, nan 
177.125, 57.625, 1.9518562252455004e-22, nan 
177.375, 57.625, 1.4345143040608181e-22, nan 
177.625, 57.625, 6.794016621410419e-23, nan 
177.875, 57.625, 6.55328275917406e-23, nan 
178.125, 57.625, 3.2875449595897984e-23, nan 
178.375, 57.625, 3.0839180176002887e-23, nan 
178.625, 57.625, 2.701926740333268e-23, nan 
178.875, 57.625, 3.8271664985206726e-23, nan 
179.125, 57.625, 4.23792896681394e-23, nan 
179.375, 57.625, 3.3436452906248996e-23, nan 
179.625, 57.625, 3.851738790467422e-23, nan 
179.875, 57.625, 1.2258838696619513e-22, nan 
-179.875, 57.875, 2.2121053157243777e-22, nan 
-179.625, 57.875, 2.128608068650536e-22, nan 
-179.375, 57.875, 1.323856060035411e-22, nan 
-179.125, 57.875, 6.591940565542055e-23, nan 
-178.875, 57.875, 6.070177066529489e-23, nan 
-178.625, 57.875, 3.27759769933222e-23, nan 
-178.375, 57.875, 3.0975971620504685e-23, nan 
-178.125, 57.875, 3.473514886262682e-23, nan 
-177.875, 57.875, 5.56690045390505e-23, nan 
-177.625, 57.875, 4.0034851891395557e-23, nan 
-177.375, 57.875, 3.448641577234938e-23, nan 
-177.125, 57.875, 2.811322019624112e-23, nan 
-176.875, 57.875, 4.6204038798967975e-24, nan 
-176.625, 57.875, 2.72302492205838e-23, nan 
-176.375, 57.875, 3.114837944282529e-23, nan 
-176.125, 57.875, 3.661573585260306e-23, nan 
-175.875, 57.875, 6.593936942072783e-23, nan 
-175.625, 57.875, 7.128933314006304e-23, nan 
-175.375, 57.875, 4.522947626114918e-23, nan 
-175.125, 57.875, 5.619282970493284e-23, nan 
-174.875, 57.875, 6.66254634932292e-23, nan 
-174.625, 57.875, 3.2739226205551484e-23, nan 
-174.375, 57.875, 1.7390132273189754e-22, nan 
-174.125, 57.875, 1.7327742983695795e-22, nan 
-173.875, 57.875, 4.081233969268465e-23, nan 
-173.625, 57.875, 2.967761310772221e-23, nan 
-173.375, 57.875, 4.950725119071482e-23, nan 
-173.125, 57.875, 5.871398279982855e-23, nan 
-172.875, 57.875, 7.88261550852086e-23, nan 
-172.625, 57.875, 5.788845581357099e-23, nan 
-172.375, 57.875, 4.8393808195509163e-23, nan 
-172.125, 57.875, 2.7833932112980563e-23, nan 
-171.875, 57.875, 3.738692152628416e-23, nan 
-171.625, 57.875, 4.390835204830697e-23, nan 
-171.375, 57.875, 3.8406287580684203e-23, nan 
-171.125, 57.875, 2.6404768713877733e-23, nan 
-170.875, 57.875, 4.2374590399349756e-23, nan 
-170.625, 57.875, 3.4507189150389304e-23, nan 
-170.375, 57.875, 8.144170947345385e-23, nan 
-170.125, 57.875, 8.575196811936589e-23, nan 
-169.875, 57.875, 3.2864544018332344e-23, nan 
-169.625, 57.875, 2.8793879124735195e-23, nan 
-169.375, 57.875, 1.07726453554622e-23, nan 
-169.125, 57.875, 8.663779671425915e-24, nan 
-168.875, 57.875, 1.486371752302979e-23, nan 
-168.625, 57.875, 6.364490441606828e-23, nan 
-168.375, 57.875, 8.164325068683255e-23, nan 
-168.125, 57.875, 6.318102070489709e-23, nan 
-167.875, 57.875, 2.0186838075566673e-23, nan 
-167.625, 57.875, 1.993668897809768e-23, nan 
-167.375, 57.875, 3.329550315040406e-23, nan 
-167.125, 57.875, 4.204638292441444e-23, nan 
-166.875, 57.875, 3.29162563539066e-23, nan 
-166.625, 57.875, 3.5906693707745833e-23, nan 
-166.375, 57.875, 3.27640190998425e-23, nan 
-166.125, 57.875, 1.2021614024852996e-23, nan 
-165.875, 57.875, 9.134728208645913e-24, nan 
-165.625, 57.875, 2.8360042634229245e-23, nan 
-165.375, 57.875, 3.783897057191426e-23, nan 
-165.125, 57.875, 3.0762976459516964e-23, nan 
-164.875, 57.875, 7.969056150064065e-24, nan 
-164.625, 57.875, 4.7761307206625527e-23, nan 
-164.375, 57.875, 4.7781479706030995e-23, nan 
-164.125, 57.875, 1.4289759216483443e-23, nan 
-163.875, 57.875, 1.0746860410254722e-23, nan 
-163.625, 57.875, 1.1401497378211331e-23, nan 
-163.375, 57.875, 1.8188047353975573e-23, nan 
-163.125, 57.875, 2.1360403507876332e-23, nan 
-162.875, 57.875, 1.7933863646513605e-23, nan 
-162.625, 57.875, 2.1972847645681324e-23, nan 
-162.375, 57.875, 2.5283908508370678e-23, nan 
-162.125, 57.875, 2.867734820716878e-23, nan 
-161.875, 57.875, 2.2964550534224968e-23, nan 
-161.625, 57.875, 8.840246115787607e-24, nan 
-161.375, 57.875, 1.0346295339558557e-23, nan 
-161.125, 57.875, 6.5669212963222126e-24, nan 
-160.875, 57.875, 5.815358355919125e-24, nan 
-160.625, 57.875, 1.2288590060362753e-23, nan 
-160.375, 57.875, 2.758570012022835e-23, nan 
-160.125, 57.875, 2.5121491833619712e-23, nan 
-159.875, 57.875, 1.8025717213375458e-23, nan 
-159.625, 57.875, 3.3431710518115334e-23, nan 
-159.375, 57.875, 4.5031988818690697e-23, nan 
-159.125, 57.875, 2.8310466292796885e-23, nan 
-158.875, 57.875, 5.303724963909754e-23, nan 
-158.625, 57.875, 4.867443952944717e-23, nan 
-158.375, 57.875, 4.96487150396674e-23, nan 
-158.125, 57.875, 4.489007065251147e-23, nan 
-157.875, 57.875, 1.3418286700873987e-23, nan 
-157.625, 57.875, 1.9082588761047456e-23, nan 
-157.375, 57.875, 2.361370613891046e-23, nan 
-157.125, 57.875, 1.7851916237170294e-23, nan 
-156.875, 57.875, 9.695684434582767e-24, nan 
-156.625, 57.875, 3.318290589873592e-24, nan 
-156.375, 57.875, 5.23971653338613e-24, nan 
-156.125, 57.875, 8.023806232332488e-24, nan 
-155.875, 57.875, 9.101367383630387e-24, nan 
-155.625, 57.875, 7.47639286471908e-24, nan 
-155.375, 57.875, 8.873497479710368e-24, nan 
-155.125, 57.875, 8.883000743656881e-24, nan 
-154.875, 57.875, 5.087529667774074e-24, nan 
-154.625, 57.875, 3.7944801857164926e-24, nan 
-154.375, 57.875, 4.420367192723805e-24, nan 
-154.125, 57.875, 1.789983515671879e-23, nan 
-153.875, 57.875, 2.5274983888942233e-23, nan 
-153.625, 57.875, 1.5777729347110277e-23, nan 
-153.375, 57.875, 1.356538997618773e-23, nan 
-153.125, 57.875, 9.500413550376306e-24, nan 
-152.875, 57.875, 8.672428645308743e-24, nan 
-152.625, 57.875, 1.0183035239812582e-23, nan 
-152.375, 57.875, 5.990577842086052e-24, nan 
-152.125, 57.875, 7.264161181782952e-24, nan 
-151.875, 57.875, 6.574681490176723e-24, nan 
-151.625, 57.875, 2.4058174256641445e-23, nan 
-151.375, 57.875, 2.63360857142512e-23, nan 
-151.125, 57.875, 1.3709564776745462e-23, nan 
-150.875, 57.875, 8.768583037026233e-24, nan 
-150.625, 57.875, 8.387684737181005e-24, nan 
-150.375, 57.875, 9.269725383097032e-24, nan 
-150.125, 57.875, 1.0354189104614651e-23, nan 
-149.875, 57.875, 7.771497131381937e-24, nan 
-149.625, 57.875, 9.810518508564216e-24, nan 
-149.375, 57.875, 1.0228071390967029e-23, nan 
-149.125, 57.875, 7.129928457494949e-24, nan 
-148.875, 57.875, 7.658270811371741e-24, nan 
-148.625, 57.875, 7.314843708320465e-24, nan 
-148.375, 57.875, 4.828770336517593e-24, nan 
-148.125, 57.875, 9.769488084565208e-24, nan 
-147.875, 57.875, 7.90277181521658e-24, nan 
-147.625, 57.875, 2.849501616383272e-23, nan 
-147.375, 57.875, 3.06506784491438e-23, nan 
-147.125, 57.875, 1.0327136286299371e-23, nan 
-146.875, 57.875, 1.1022534751646118e-23, nan 
-146.625, 57.875, 9.362549915232819e-24, nan 
-146.375, 57.875, 5.971819567434325e-24, nan 
-146.125, 57.875, 9.558258798218785e-24, nan 
-145.875, 57.875, 1.0082659036585961e-23, nan 
-145.625, 57.875, 1.0560209254552428e-23, nan 
-145.375, 57.875, 1.8494161150098274e-23, nan 
-145.125, 57.875, 1.783568122149179e-23, nan 
-144.875, 57.875, 1.0833995619606204e-23, nan 
-144.625, 57.875, 2.9823028845955103e-24, nan 
-144.375, 57.875, 6.637352869097904e-24, nan 
-144.125, 57.875, 9.7079650088239e-24, nan 
-143.875, 57.875, 8.974342794766591e-24, nan 
-143.625, 57.875, 5.576199207335028e-24, nan 
-143.375, 57.875, 6.0802127275433646e-24, nan 
-143.125, 57.875, 4.6327572882076326e-24, nan 
-142.875, 57.875, 9.907454018633403e-24, nan 
-142.625, 57.875, 1.026375079229977e-23, nan 
-142.375, 57.875, 1.0829904601884583e-23, nan 
-142.125, 57.875, 7.582626481849025e-24, nan 
-141.875, 57.875, 4.03269956303447e-24, nan 
-141.625, 57.875, 6.169727664146706e-24, nan 
-141.375, 57.875, 1.1691717546075654e-23, nan 
-141.125, 57.875, 1.0984357010544502e-23, nan 
-140.875, 57.875, 9.473696264088533e-24, nan 
-140.625, 57.875, 5.9248142794720764e-24, nan 
-140.375, 57.875, 5.0354049321815105e-24, nan 
-140.125, 57.875, 5.087765427400706e-24, nan 
-139.875, 57.875, 3.4674535760223684e-24, nan 
-139.625, 57.875, 1.0755588776594073e-23, nan 
-139.375, 57.875, 1.0509655343665455e-23, nan 
-139.125, 57.875, 5.10337151226941e-24, nan 
-138.875, 57.875, 6.152619684125485e-24, nan 
-138.625, 57.875, 5.0358658526924e-24, nan 
-138.375, 57.875, 4.3014833204999405e-24, nan 
-138.125, 57.875, 5.0322834739768166e-24, nan 
-137.875, 57.875, 5.731232742813917e-24, nan 
-137.625, 57.875, 4.4017436966116764e-24, nan 
-137.375, 57.875, 4.38319211524244e-24, nan 
-137.125, 57.875, 3.7391230666096756e-24, nan 
-136.875, 57.875, 4.827147924666704e-24, nan 
-136.625, 57.875, 4.520810226214431e-24, nan 
-136.375, 57.875, 5.283836687826791e-24, nan 
-136.125, 57.875, 4.665438738180193e-24, nan 
-135.875, 57.875, 3.555593866889416e-24, nan 
-135.625, 57.875, 7.389149948616024e-24, nan 
-135.375, 57.875, 7.219066242550295e-24, nan 
107.625, 57.875, 3.4583892268378685e-24, nan 
107.875, 57.875, 2.566588962526577e-24, nan 
108.125, 57.875, 3.0887382629402305e-24, nan 
108.375, 57.875, 2.902289034756268e-24, nan 
108.625, 57.875, 2.4108326607862574e-24, nan 
108.875, 57.875, 4.586239973745267e-24, nan 
109.125, 57.875, 2.9082207956005884e-24, nan 
109.375, 57.875, 3.607932702268727e-24, nan 
109.625, 57.875, 4.472813475526246e-24, nan 
109.875, 57.875, 5.3791839829363596e-24, nan 
110.125, 57.875, 4.730307981857029e-24, nan 
110.375, 57.875, 4.010572708849775e-24, nan 
110.625, 57.875, 5.281116337443695e-24, nan 
110.875, 57.875, 4.698441144475627e-24, nan 
111.125, 57.875, 5.4113104745947364e-24, nan 
111.375, 57.875, 5.115255515198618e-24, nan 
111.625, 57.875, 6.90666488864368e-24, nan 
111.875, 57.875, 7.378072593755141e-24, nan 
112.125, 57.875, 1.490837923109384e-23, nan 
112.375, 57.875, 1.6009343636715882e-23, nan 
112.625, 57.875, 7.407672799677822e-24, nan 
112.875, 57.875, 3.57428689467171e-24, nan 
113.125, 57.875, 4.5760456303082175e-24, nan 
113.375, 57.875, 3.292498376792706e-24, nan 
113.625, 57.875, 1.0039944445631062e-23, nan 
113.875, 57.875, 1.5668394264882633e-23, nan 
114.125, 57.875, 1.9126155857128516e-23, nan 
114.375, 57.875, 1.3484110579294864e-23, nan 
114.625, 57.875, 1.860381319609087e-24, nan 
114.875, 57.875, 1.5576503273047005e-24, nan 
115.125, 57.875, 5.187825227555601e-24, nan 
115.375, 57.875, 6.428434699160748e-24, nan 
115.625, 57.875, 5.508455928616048e-24, nan 
115.875, 57.875, 3.7187394454314915e-24, nan 
116.125, 57.875, 5.379622879509453e-24, nan 
116.375, 57.875, 5.129296380330398e-24, nan 
116.625, 57.875, 8.228925343342325e-24, nan 
116.875, 57.875, 6.859635154685116e-24, nan 
117.125, 57.875, 5.9056094797247195e-24, nan 
117.375, 57.875, 5.280288693244901e-24, nan 
117.625, 57.875, 5.654025375298351e-24, nan 
117.875, 57.875, 3.982420134420168e-24, nan 
118.125, 57.875, 2.0088802990151828e-24, nan 
118.375, 57.875, 2.8351998921442193e-24, nan 
118.625, 57.875, 2.869234927490075e-24, nan 
118.875, 57.875, 1.4046298665351593e-23, nan 
119.125, 57.875, 1.572110711725575e-23, nan 
119.375, 57.875, 7.911459958477402e-24, nan 
119.625, 57.875, 1.3771740925173222e-23, nan 
119.875, 57.875, 1.3077933973045314e-23, nan 
120.125, 57.875, 5.4764892489131854e-24, nan 
120.375, 57.875, 6.96281615583609e-24, nan 
120.625, 57.875, 6.184460996500303e-24, nan 
120.875, 57.875, 1.1357611169353927e-23, nan 
121.125, 57.875, 8.864146979735177e-24, nan 
121.375, 57.875, 3.8930247643439625e-24, nan 
121.625, 57.875, 3.951342761130316e-24, nan 
121.875, 57.875, 2.5294819271693605e-24, nan 
122.125, 57.875, 1.6803184595453456e-24, nan 
122.375, 57.875, 1.2777825587497607e-24, nan 
122.625, 57.875, 9.847836216165627e-25, nan 
122.875, 57.875, 1.5719925458059614e-24, nan 
123.125, 57.875, 2.4878356921013244e-24, nan 
123.375, 57.875, 1.96330341636468e-24, nan 
123.625, 57.875, 2.5541513468681313e-24, nan 
123.875, 57.875, 1.0549011701455508e-23, nan 
124.125, 57.875, 2.6818542670206685e-23, nan 
124.375, 57.875, 3.179063773504295e-23, nan 
124.625, 57.875, 2.182181185020293e-23, nan 
124.875, 57.875, 1.6815219665980486e-23, nan 
125.125, 57.875, 1.568469793963018e-23, nan 
125.375, 57.875, 1.905784111316643e-23, nan 
125.625, 57.875, 2.1948727854910135e-23, nan 
125.875, 57.875, 1.655184913640251e-23, nan 
126.125, 57.875, 5.861862407185567e-24, nan 
126.375, 57.875, 5.333766976701756e-24, nan 
126.625, 57.875, 2.9604148199608153e-24, nan 
126.875, 57.875, 1.8754618339563662e-24, nan 
127.125, 57.875, 4.7141354749324604e-24, nan 
127.375, 57.875, 1.0461903832221776e-23, nan 
127.625, 57.875, 1.0395675909381079e-23, nan 
127.875, 57.875, 7.855481656855974e-24, nan 
128.125, 57.875, 1.9966822217753718e-23, nan 
128.375, 57.875, 2.5007225751496902e-23, nan 
128.625, 57.875, 2.514789738602625e-23, nan 
128.875, 57.875, 2.5965015478014566e-23, nan 
129.125, 57.875, 1.2685099812097328e-23, nan 
129.375, 57.875, 8.516954536268059e-24, nan 
129.625, 57.875, 8.15636924389105e-24, nan 
129.875, 57.875, 1.2253503264016058e-23, nan 
130.125, 57.875, 1.055283557554911e-23, nan 
130.375, 57.875, 1.3114013064962324e-23, nan 
130.625, 57.875, 1.1818033195966298e-23, nan 
130.875, 57.875, 5.451812187678842e-24, nan 
131.125, 57.875, 6.38938089432874e-24, nan 
131.375, 57.875, 1.207032529155273e-23, nan 
131.625, 57.875, 1.39690885678425e-23, nan 
131.875, 57.875, 8.95862367518497e-24, nan 
132.125, 57.875, 1.2789418130300782e-23, nan 
132.375, 57.875, 1.5817369355067694e-23, nan 
132.625, 57.875, 5.531902743101876e-24, nan 
132.875, 57.875, 3.659893343226302e-24, nan 
133.125, 57.875, 2.649081940722177e-24, nan 
133.375, 57.875, 2.9866506439629476e-24, nan 
133.625, 57.875, 1.473216990085691e-23, nan 
133.875, 57.875, 1.5940310371477384e-23, nan 
134.125, 57.875, 1.654289708503777e-23, nan 
134.375, 57.875, 1.7282308008751943e-23, nan 
134.625, 57.875, 6.526212536698166e-24, nan 
134.875, 57.875, 2.1945828448407625e-23, nan 
135.125, 57.875, 2.820901037963262e-23, nan 
135.375, 57.875, 1.9933648261909897e-23, nan 
135.625, 57.875, 1.9031298533167417e-23, nan 
135.875, 57.875, 1.8807253747510923e-23, nan 
136.125, 57.875, 1.3755992765489494e-23, nan 
136.375, 57.875, 2.914654757176626e-23, nan 
136.625, 57.875, 3.590002325608434e-23, nan 
136.875, 57.875, 1.6931978572316773e-23, nan 
137.125, 57.875, 2.2423934065649666e-23, nan 
137.375, 57.875, 2.3372125491820495e-23, nan 
137.625, 57.875, 1.1705215103414159e-23, nan 
137.875, 57.875, 1.5401034711422298e-23, nan 
138.125, 57.875, 2.5369691278813065e-23, nan 
138.375, 57.875, 3.3048058900494066e-23, nan 
138.625, 57.875, 1.9809181521043088e-23, nan 
138.875, 57.875, 1.3534224761062928e-23, nan 
139.125, 57.875, 3.3250209331888756e-23, nan 
139.375, 57.875, 2.9151476712566086e-23, nan 
139.625, 57.875, 2.411257028994452e-23, nan 
139.875, 57.875, 2.1754744241734925e-23, nan 
140.125, 57.875, 1.7588381828738985e-23, nan 
140.375, 57.875, 1.3323102619731316e-23, nan 
140.625, 57.875, 5.32405589046983e-23, nan 
140.875, 57.875, 5.822439583180995e-23, nan 
141.125, 57.875, 3.231885071580894e-23, nan 
141.375, 57.875, 1.9870196465092272e-23, nan 
141.625, 57.875, 1.776932357376192e-23, nan 
141.875, 57.875, 2.059425554204829e-23, nan 
142.125, 57.875, 1.255713634141285e-23, nan 
142.375, 57.875, 5.564269972430438e-23, nan 
142.625, 57.875, 8.148543264356836e-23, nan 
142.875, 57.875, 5.842450389689032e-23, nan 
143.125, 57.875, 5.840950695239062e-23, nan 
143.375, 57.875, 5.429293770540159e-23, nan 
143.625, 57.875, 2.8557971286498366e-23, nan 
143.875, 57.875, 2.0207165961790946e-23, nan 
144.125, 57.875, 3.6315676937082465e-23, nan 
144.375, 57.875, 4.265406468857206e-23, nan 
144.625, 57.875, 3.462428222229566e-23, nan 
144.875, 57.875, 3.2485423516706e-23, nan 
145.125, 57.875, 4.238307622244077e-23, nan 
145.375, 57.875, 3.416953543014194e-23, nan 
145.625, 57.875, 1.508802268870807e-23, nan 
145.875, 57.875, 1.363526334122284e-23, nan 
146.125, 57.875, 2.985182323695004e-23, nan 
146.375, 57.875, 2.4939238359083057e-23, nan 
146.625, 57.875, 3.638123954904377e-23, nan 
146.875, 57.875, 5.228930452697862e-23, nan 
147.125, 57.875, 2.945718481061747e-23, nan 
147.375, 57.875, 4.446101796690497e-23, nan 
147.625, 57.875, 4.893866557384328e-23, nan 
147.875, 57.875, 3.33959507838191e-23, nan 
148.125, 57.875, 3.5092555072890166e-23, nan 
148.375, 57.875, 3.8123079487641084e-23, nan 
148.625, 57.875, 3.0772120822374105e-23, nan 
148.875, 57.875, 2.103631007106289e-23, nan 
149.125, 57.875, 2.2257641237361433e-23, nan 
149.375, 57.875, 2.0687157191123604e-23, nan 
149.625, 57.875, 3.2388879476981094e-23, nan 
149.875, 57.875, 1.885473959675796e-23, nan 
150.125, 57.875, 2.25122338453417e-23, nan 
150.375, 57.875, 7.834541122939623e-23, nan 
150.625, 57.875, 7.793582256506552e-23, nan 
150.875, 57.875, 2.2418457616915112e-23, nan 
151.125, 57.875, 2.554193179689453e-23, nan 
151.375, 57.875, 1.1413836358683039e-23, nan 
151.625, 57.875, 4.383654661394374e-23, nan 
151.875, 57.875, 5.352512082596021e-23, nan 
152.125, 57.875, 6.240691482945777e-23, nan 
152.375, 57.875, 6.106826614914555e-23, nan 
152.625, 57.875, 6.472709328602707e-23, nan 
152.875, 57.875, 6.51220045872845e-23, nan 
153.125, 57.875, 3.8041275822465346e-23, nan 
153.375, 57.875, 7.133366661200525e-23, nan 
153.625, 57.875, 8.637867271261493e-23, nan 
153.875, 57.875, 4.2767964124506825e-23, nan 
154.125, 57.875, 8.092128754117837e-23, nan 
154.375, 57.875, 7.489048468665209e-23, nan 
154.625, 57.875, 1.4709408489422098e-22, nan 
154.875, 57.875, 1.5894696303159593e-22, nan 
155.125, 57.875, 4.881005466372246e-23, nan 
155.375, 57.875, 2.6188641937088043e-23, nan 
155.625, 57.875, 4.982459644631184e-23, nan 
155.875, 57.875, 3.7701572181360036e-23, nan 
156.125, 57.875, 5.243894397290067e-23, nan 
156.375, 57.875, 8.255247624137718e-23, nan 
156.625, 57.875, 2.4478948369649955e-22, nan 
156.875, 57.875, 3.0316585633288873e-22, nan 
157.125, 57.875, 2.873685388666083e-22, nan 
157.375, 57.875, 3.169725561692236e-22, nan 
157.625, 57.875, 3.1784022244538585e-22, nan 
157.875, 57.875, 1.7805310384499939e-22, nan 
158.125, 57.875, 5.959446926627266e-23, nan 
158.375, 57.875, 3.934371076990903e-23, nan 
158.625, 57.875, 7.411213893480299e-24, nan 
158.875, 57.875, 2.3166807464393873e-23, nan 
159.125, 57.875, 2.857310593207277e-23, nan 
159.375, 57.875, 2.6767059365589974e-23, nan 
159.625, 57.875, 4.1493369555663446e-23, nan 
159.875, 57.875, 2.8531066167276455e-23, nan 
160.125, 57.875, 2.7926245693665555e-23, nan 
160.375, 57.875, 4.514573123723988e-23, nan 
160.625, 57.875, 1.106861566975676e-22, nan 
160.875, 57.875, 1.0999812436903505e-22, nan 
161.125, 57.875, 8.125475200514224e-23, nan 
161.375, 57.875, 1.0525351479511989e-22, nan 
161.625, 57.875, 1.7558457878367979e-22, nan 
161.875, 57.875, 2.8536241691337846e-22, nan 
162.125, 57.875, 2.131256858282399e-22, nan 
162.375, 57.875, 1.3410163930814837e-22, nan 
162.625, 57.875, 1.9069172352138553e-22, nan 
162.875, 57.875, 2.7365437433133134e-22, nan 
163.125, 57.875, 4.105828695964382e-22, nan 
163.375, 57.875, 3.8929150313680215e-22, nan 
163.625, 57.875, 2.166312760215329e-22, nan 
163.875, 57.875, 1.8102855198083637e-22, nan 
164.125, 57.875, 1.757188771885529e-22, nan 
164.375, 57.875, 7.540486965270463e-23, nan 
164.625, 57.875, 3.08650974740871e-23, nan 
164.875, 57.875, 4.0843779493123815e-23, nan 
165.125, 57.875, 9.187149897658486e-23, nan 
165.375, 57.875, 9.238002575395252e-23, nan 
165.625, 57.875, 2.881818243728781e-22, nan 
165.875, 57.875, 2.9058402957687033e-22, nan 
166.125, 57.875, 1.9036025679095631e-22, nan 
166.375, 57.875, 1.66381920291648e-22, nan 
166.625, 57.875, 1.9136032746716652e-22, nan 
166.875, 57.875, 2.544802261899042e-22, nan 
167.125, 57.875, 1.4882968410729916e-22, nan 
167.375, 57.875, 8.848508813862505e-23, nan 
167.625, 57.875, 1.0799553369601195e-22, nan 
167.875, 57.875, 1.2525422727565623e-22, nan 
168.125, 57.875, 1.1501821480892505e-22, nan 
168.375, 57.875, 1.215949387838898e-22, nan 
168.625, 57.875, 1.3058715081303258e-22, nan 
168.875, 57.875, 5.965221214035844e-23, nan 
169.125, 57.875, 1.072210190231253e-22, nan 
169.375, 57.875, 8.859564793692078e-23, nan 
169.625, 57.875, 1.1680240629422344e-22, nan 
169.875, 57.875, 1.2762463348430955e-22, nan 
170.125, 57.875, 1.4532907773004117e-22, nan 
170.375, 57.875, 2.2749750609094753e-22, nan 
170.625, 57.875, 1.8324829238950908e-22, nan 
170.875, 57.875, 1.2055422429652092e-22, nan 
171.125, 57.875, 2.1390317809160064e-22, nan 
171.375, 57.875, 1.7188661127165394e-22, nan 
171.625, 57.875, 1.009430604062844e-22, nan 
171.875, 57.875, 1.1746188677111086e-22, nan 
172.125, 57.875, 1.3850572756346949e-22, nan 
172.375, 57.875, 1.418916759832505e-22, nan 
172.625, 57.875, 1.1879239952254922e-22, nan 
172.875, 57.875, 1.4262381364769033e-22, nan 
173.125, 57.875, 1.2540541885194876e-22, nan 
173.375, 57.875, 7.031957849716092e-23, nan 
173.625, 57.875, 1.7626000467495214e-22, nan 
173.875, 57.875, 1.4942847013394648e-22, nan 
174.125, 57.875, 6.776345923434495e-23, nan 
174.375, 57.875, 6.603886231204667e-23, nan 
174.625, 57.875, 1.207322855803203e-22, nan 
174.875, 57.875, 2.2885030120062545e-22, nan 
175.125, 57.875, 4.193565746513859e-23, nan 
175.375, 57.875, 4.0094859128618014e-23, nan 
175.625, 57.875, 3.849263518651779e-23, nan 
175.875, 57.875, 5.66163897627542e-23, nan 
176.125, 57.875, 5.687810566207802e-23, nan 
176.375, 57.875, 6.689337896012306e-23, nan 
176.625, 57.875, 6.243476770750722e-23, nan 
176.875, 57.875, 8.973286712719096e-23, nan 
177.125, 57.875, 1.687755079766086e-22, nan 
177.375, 57.875, 1.9808430553644008e-22, nan 
177.625, 57.875, 7.498648941357487e-23, nan 
177.875, 57.875, 5.433869835186382e-23, nan 
178.125, 57.875, 2.660103286459222e-23, nan 
178.375, 57.875, 2.090611747754587e-22, nan 
178.625, 57.875, 2.684036048524224e-22, nan 
178.875, 57.875, 2.4755035599916057e-22, nan 
179.125, 57.875, 2.1310088300858776e-22, nan 
179.375, 57.875, 2.202852604728215e-22, nan 
179.625, 57.875, 1.901814875372186e-22, nan 
179.875, 57.875, 2.367493635827157e-22, nan 
-179.875, 58.125, 1.1002913907370017e-22, nan 
-179.625, 58.125, 7.116755571371314e-23, nan 
-179.375, 58.125, 5.90601076943899e-23, nan 
-179.125, 58.125, 5.988029038344914e-23, nan 
-178.875, 58.125, 7.9880074067772e-23, nan 
-178.625, 58.125, 6.494948931861232e-23, nan 
-178.375, 58.125, 3.763254812690865e-23, nan 
-178.125, 58.125, 3.2725681708361364e-23, nan 
-177.875, 58.125, 8.615243736023083e-23, nan 
-177.625, 58.125, 1.0041077443189039e-22, nan 
-177.375, 58.125, 8.404620085216545e-23, nan 
-177.125, 58.125, 5.61562213137661e-23, nan 
-176.875, 58.125, 3.074007767737097e-23, nan 
-176.625, 58.125, 3.313500713519026e-23, nan 
-176.375, 58.125, 4.802192046967025e-23, nan 
-176.125, 58.125, 5.296577969430176e-23, nan 
-175.875, 58.125, 4.151596711738708e-23, nan 
-175.625, 58.125, 5.2490532980335917e-23, nan 
-175.375, 58.125, 5.955124572194398e-23, nan 
-175.125, 58.125, 3.050987620444394e-23, nan 
-174.875, 58.125, 4.0130431798113246e-23, nan 
-174.625, 58.125, 1.0074471849631753e-22, nan 
-174.375, 58.125, 1.1855578738583742e-22, nan 
-174.125, 58.125, 1.268149478672114e-22, nan 
-173.875, 58.125, 1.0006527677377901e-22, nan 
-173.625, 58.125, 4.5529963316865734e-23, nan 
-173.375, 58.125, 6.69493928429832e-23, nan 
-173.125, 58.125, 6.651886338391686e-23, nan 
-172.875, 58.125, 1.1705491741027135e-22, nan 
-172.625, 58.125, 9.66100553045606e-23, nan 
-172.375, 58.125, 3.8399183790826736e-23, nan 
-172.125, 58.125, 4.044902620193812e-23, nan 
-171.875, 58.125, 2.7633446211465876e-23, nan 
-171.625, 58.125, 3.572879840022997e-23, nan 
-171.375, 58.125, 3.9783165396498856e-23, nan 
-171.125, 58.125, 5.129544374389411e-23, nan 
-170.875, 58.125, 5.20091461206369e-23, nan 
-170.625, 58.125, 2.7123537268854935e-23, nan 
-170.375, 58.125, 3.8170050005470453e-23, nan 
-170.125, 58.125, 6.146605290251378e-23, nan 
-169.875, 58.125, 3.820951156018664e-23, nan 
-169.625, 58.125, 1.4779343751528026e-23, nan 
-169.375, 58.125, 7.157473447151333e-24, nan 
-169.125, 58.125, 7.436551687854883e-24, nan 
-168.875, 58.125, 1.5690007994756802e-23, nan 
-168.625, 58.125, 1.710054223187964e-23, nan 
-168.375, 58.125, 7.743149801233162e-23, nan 
-168.125, 58.125, 9.480057201093623e-23, nan 
-167.875, 58.125, 6.035389625485043e-23, nan 
-167.625, 58.125, 1.7428431142212822e-23, nan 
-167.375, 58.125, 2.169725009951383e-23, nan 
-167.125, 58.125, 4.527580379257319e-23, nan 
-166.875, 58.125, 4.7679838964954665e-23, nan 
-166.625, 58.125, 3.8353372695739966e-23, nan 
-166.375, 58.125, 3.8963788767741906e-23, nan 
-166.125, 58.125, 3.045881006628164e-23, nan 
-165.875, 58.125, 5.301896689834542e-23, nan 
-165.625, 58.125, 5.575174278588861e-23, nan 
-165.375, 58.125, 2.8564063580547953e-23, nan 
-165.125, 58.125, 8.496535303817252e-24, nan 
-164.875, 58.125, 1.010912774824131e-23, nan 
-164.625, 58.125, 4.605429265330111e-23, nan 
-164.375, 58.125, 4.688112961340642e-23, nan 
-164.125, 58.125, 2.2291346097800034e-23, nan 
-163.875, 58.125, 1.7508991881221832e-23, nan 
-163.625, 58.125, 1.913296393902248e-23, nan 
-163.375, 58.125, 2.066087409288989e-23, nan 
-163.125, 58.125, 2.1761735873368976e-23, nan 
-162.875, 58.125, 1.4199043044178472e-23, nan 
-162.625, 58.125, 1.5446795980991067e-23, nan 
-162.375, 58.125, 2.6436989418427814e-23, nan 
-162.125, 58.125, 2.0894955596356802e-23, nan 
-161.875, 58.125, 7.030659406729292e-24, nan 
-161.625, 58.125, 1.083816076767615e-23, nan 
-161.375, 58.125, 1.0480610414139746e-23, nan 
-161.125, 58.125, 1.4227241049789752e-23, nan 
-160.875, 58.125, 1.015918317341812e-23, nan 
-160.625, 58.125, 7.948482165326866e-24, nan 
-160.375, 58.125, 2.365303347117382e-23, nan 
-160.125, 58.125, 2.2702237039254828e-23, nan 
-159.875, 58.125, 1.3811179787257652e-23, nan 
-159.625, 58.125, 3.282276590301558e-23, nan 
-159.375, 58.125, 4.1991772660793076e-23, nan 
-159.125, 58.125, 2.974485073824538e-23, nan 
-158.875, 58.125, 4.1980922545036294e-23, nan 
-158.625, 58.125, 3.614055181908338e-23, nan 
-158.375, 58.125, 1.9688946312749753e-23, nan 
-158.125, 58.125, 8.18834857632588e-24, nan 
-157.875, 58.125, 1.1747427629305071e-23, nan 
-157.625, 58.125, 1.0815629959446903e-23, nan 
-157.375, 58.125, 2.035229025145258e-23, nan 
-157.125, 58.125, 2.4765085208258672e-23, nan 
-156.875, 58.125, 1.5003419625603137e-23, nan 
-156.625, 58.125, 3.274363673931806e-24, nan 
-156.375, 58.125, 3.0453905735858696e-24, nan 
-156.125, 58.125, 5.83022946990224e-24, nan 
-155.875, 58.125, 7.963235676393801e-24, nan 
-155.625, 58.125, 7.976996574716555e-24, nan 
-155.375, 58.125, 6.4580256409011106e-24, nan 
-155.125, 58.125, 3.726584820677936e-24, nan 
-154.875, 58.125, 2.0159591899397353e-24, nan 
-154.625, 58.125, 3.3651353629769325e-24, nan 
-154.375, 58.125, 1.6622297399207272e-23, nan 
-154.125, 58.125, 2.0049579328069995e-23, nan 
-153.875, 58.125, 2.796167902271586e-23, nan 
-153.625, 58.125, 2.3274230717674073e-23, nan 
-153.375, 58.125, 1.632916411171987e-23, nan 
-153.125, 58.125, 1.3655152420051102e-23, nan 
-152.875, 58.125, 1.1086368861757453e-23, nan 
-152.625, 58.125, 1.3773744504948396e-23, nan 
-152.375, 58.125, 1.0125861086518129e-23, nan 
-152.125, 58.125, 9.98045244267708e-24, nan 
-151.875, 58.125, 1.4237543016343932e-23, nan 
-151.625, 58.125, 1.330581088461015e-23, nan 
-151.375, 58.125, 8.240232023106603e-24, nan 
-151.125, 58.125, 2.025404473401957e-23, nan 
-150.875, 58.125, 2.6728631688260716e-23, nan 
-150.625, 58.125, 1.597950771152972e-23, nan 
-150.375, 58.125, 1.571004604734254e-23, nan 
-150.125, 58.125, 1.887636346446212e-23, nan 
-149.875, 58.125, 5.4928165320612154e-24, nan 
-149.625, 58.125, 5.264173083712699e-24, nan 
-149.375, 58.125, 1.0480324460954308e-23, nan 
-149.125, 58.125, 9.505305200628568e-24, nan 
-148.875, 58.125, 6.423331930397595e-24, nan 
-148.625, 58.125, 5.724491376930474e-24, nan 
-148.375, 58.125, 5.385033257585364e-24, nan 
-148.125, 58.125, 7.749647905888402e-24, nan 
-147.875, 58.125, 7.727040064945039e-24, nan 
-147.625, 58.125, 6.710840428157145e-24, nan 
-147.375, 58.125, 2.862651582829885e-23, nan 
-147.125, 58.125, 2.896427662214662e-23, nan 
-146.875, 58.125, 1.5134933910446406e-23, nan 
-146.625, 58.125, 9.950357804047305e-24, nan 
-146.375, 58.125, 5.259677212382361e-24, nan 
-146.125, 58.125, 8.4450618686757e-24, nan 
-145.875, 58.125, 8.981373577208669e-24, nan 
-145.625, 58.125, 8.46335445008098e-24, nan 
-145.375, 58.125, 5.384135637343883e-24, nan 
-145.125, 58.125, 1.1740465863480838e-23, nan 
-144.875, 58.125, 9.340052949270251e-24, nan 
-144.625, 58.125, 1.0189171619782406e-23, nan 
-144.375, 58.125, 1.040439562541829e-23, nan 
-144.125, 58.125, 2.8785748649660303e-24, nan 
-143.875, 58.125, 4.486297680050943e-24, nan 
-143.625, 58.125, 2.6981687327072218e-24, nan 
-143.375, 58.125, 4.679743066476318e-24, nan 
-143.125, 58.125, 5.492888378500843e-24, nan 
-142.875, 58.125, 5.524661431439991e-24, nan 
-142.625, 58.125, 7.365120066846033e-24, nan 
-142.375, 58.125, 1.4022462121430472e-23, nan 
-142.125, 58.125, 1.4507497193582987e-23, nan 
-141.875, 58.125, 4.965583981895067e-24, nan 
-141.625, 58.125, 3.7768553629684314e-24, nan 
-141.375, 58.125, 4.8368141844430355e-24, nan 
-141.125, 58.125, 8.05678173348672e-24, nan 
-140.875, 58.125, 9.326563212398844e-24, nan 
-140.625, 58.125, 7.303748503165761e-24, nan 
-140.375, 58.125, 4.023326245296309e-24, nan 
-140.125, 58.125, 5.182561924797793e-24, nan 
-139.875, 58.125, 5.153277630051069e-24, nan 
-139.625, 58.125, 5.898448027769997e-24, nan 
-139.375, 58.125, 7.842896289592256e-24, nan 
-139.125, 58.125, 7.579258043418335e-24, nan 
-138.875, 58.125, 8.294661016377258e-24, nan 
-138.625, 58.125, 9.965080121132712e-24, nan 
-138.375, 58.125, 1.0676495013033898e-23, nan 
-138.125, 58.125, 4.1887411276209584e-24, nan 
-137.875, 58.125, 6.675907813004337e-24, nan 
-137.625, 58.125, 6.334304707236963e-24, nan 
-137.375, 58.125, 4.2759855471031724e-24, nan 
-137.125, 58.125, 4.585197611205786e-24, nan 
-136.875, 58.125, 5.21091264890691e-24, nan 
-136.625, 58.125, 5.252407426999805e-24, nan 
-136.375, 58.125, 4.723052350688915e-24, nan 
-136.125, 58.125, 4.756187897419885e-24, nan 
-135.875, 58.125, 3.80627665893883e-24, nan 
-135.625, 58.125, 5.768534366299566e-24, nan 
-135.375, 58.125, 6.4589983121068975e-24, nan 
-135.125, 58.125, 3.8120326755793885e-24, nan 
107.125, 58.125, 3.517315745756629e-24, nan 
107.375, 58.125, 3.0665557264290647e-24, nan 
107.625, 58.125, 3.1240671517935046e-24, nan 
107.875, 58.125, 2.281060563190876e-24, nan 
108.125, 58.125, 3.1693335192111964e-24, nan 
108.375, 58.125, 3.3139996739821084e-24, nan 
108.625, 58.125, 6.285149213183591e-24, nan 
108.875, 58.125, 1.1446660727315997e-23, nan 
109.125, 58.125, 1.068882770701758e-23, nan 
109.375, 58.125, 1.1672606969985501e-23, nan 
109.625, 58.125, 1.0459180594753093e-23, nan 
109.875, 58.125, 3.948281118208888e-24, nan 
110.125, 58.125, 2.4450817060838218e-24, nan 
110.375, 58.125, 2.9885756719025912e-24, nan 
110.625, 58.125, 2.7201710494097128e-24, nan 
110.875, 58.125, 3.493188829223835e-24, nan 
111.125, 58.125, 4.4634848409947274e-24, nan 
111.375, 58.125, 6.929214739779653e-24, nan 
111.625, 58.125, 8.78285729017306e-24, nan 
111.875, 58.125, 7.049616847734698e-24, nan 
112.125, 58.125, 2.0275338130251276e-23, nan 
112.375, 58.125, 2.0685542432792334e-23, nan 
112.625, 58.125, 5.495487200250611e-24, nan 
112.875, 58.125, 4.620068933079377e-24, nan 
113.125, 58.125, 3.8556641217070336e-24, nan 
113.375, 58.125, 2.242804356488335e-24, nan 
113.625, 58.125, 3.412890629630657e-24, nan 
113.875, 58.125, 7.521928370652736e-24, nan 
114.125, 58.125, 8.877447236178211e-24, nan 
114.375, 58.125, 2.748868574277795e-24, nan 
114.625, 58.125, 1.455635655631111e-24, nan 
114.875, 58.125, 2.3507392500269587e-24, nan 
115.125, 58.125, 5.355765148405523e-24, nan 
115.375, 58.125, 6.902225297887373e-24, nan 
115.625, 58.125, 7.143784174772628e-24, nan 
115.875, 58.125, 8.79290130312581e-24, nan 
116.125, 58.125, 8.317866376492903e-24, nan 
116.375, 58.125, 1.1861591279208974e-23, nan 
116.625, 58.125, 1.2480259089350088e-23, nan 
116.875, 58.125, 1.0358070569279592e-23, nan 
117.125, 58.125, 4.983391141810044e-24, nan 
117.375, 58.125, 6.678584724615218e-24, nan 
117.625, 58.125, 4.385942222027331e-24, nan 
117.875, 58.125, 4.092132635620942e-24, nan 
118.125, 58.125, 3.1629044733792872e-24, nan 
118.375, 58.125, 2.678372306605883e-24, nan 
118.625, 58.125, 3.826594530341995e-24, nan 
118.875, 58.125, 6.4306115213046384e-24, nan 
119.125, 58.125, 2.1583841540589967e-23, nan 
119.375, 58.125, 2.1566166575655774e-23, nan 
119.625, 58.125, 1.1414324763156201e-23, nan 
119.875, 58.125, 1.1936649908084416e-23, nan 
120.125, 58.125, 5.6726813053833844e-24, nan 
120.375, 58.125, 1.1440159211786133e-23, nan 
120.625, 58.125, 9.890950588629238e-24, nan 
120.875, 58.125, 4.031241412823199e-24, nan 
121.125, 58.125, 6.148176737243706e-24, nan 
121.375, 58.125, 5.182278382588802e-24, nan 
121.625, 58.125, 4.130912487308572e-24, nan 
121.875, 58.125, 4.0474009327305336e-24, nan 
122.125, 58.125, 2.764956196408696e-24, nan 
122.375, 58.125, 2.5498900992443596e-24, nan 
122.625, 58.125, 2.8609350876650363e-24, nan 
122.875, 58.125, 2.8936677434497405e-24, nan 
123.125, 58.125, 3.1997732536400497e-24, nan 
123.375, 58.125, 2.0091490819581144e-24, nan 
123.625, 58.125, 3.745441727318658e-24, nan 
123.875, 58.125, 8.200968970390063e-24, nan 
124.125, 58.125, 4.2702575302117036e-23, nan 
124.375, 58.125, 4.687744812241685e-23, nan 
124.625, 58.125, 1.1252154003792135e-23, nan 
124.875, 58.125, 3.844290942000578e-24, nan 
125.125, 58.125, 1.502297136985301e-24, nan 
125.375, 58.125, 1.1200040063883564e-23, nan 
125.625, 58.125, 3.17322818232107e-23, nan 
125.875, 58.125, 2.752955365865575e-23, nan 
126.125, 58.125, 6.726649398444697e-24, nan 
126.375, 58.125, 2.9222581323504774e-24, nan 
126.625, 58.125, 3.691365738656114e-24, nan 
126.875, 58.125, 8.1417052253898e-24, nan 
127.125, 58.125, 6.741264431986283e-24, nan 
127.375, 58.125, 9.610715123135841e-24, nan 
127.625, 58.125, 1.0972739469035501e-23, nan 
127.875, 58.125, 1.7387292393824024e-23, nan 
128.125, 58.125, 3.2820344732668763e-23, nan 
128.375, 58.125, 3.572175307034782e-23, nan 
128.625, 58.125, 3.077826224975757e-23, nan 
128.875, 58.125, 2.7027086502462565e-23, nan 
129.125, 58.125, 1.2153733457364057e-23, nan 
129.375, 58.125, 5.503066190902445e-24, nan 
129.625, 58.125, 1.6104977328078684e-23, nan 
129.875, 58.125, 1.8906707314210884e-23, nan 
130.125, 58.125, 1.5572420554562713e-23, nan 
130.375, 58.125, 1.524081726059486e-23, nan 
130.625, 58.125, 7.007994213792207e-24, nan 
130.875, 58.125, 7.141801188956211e-24, nan 
131.125, 58.125, 6.35142479913919e-24, nan 
131.375, 58.125, 1.1315942623255215e-23, nan 
131.625, 58.125, 1.0941847656680387e-23, nan 
131.875, 58.125, 1.0300888427580575e-23, nan 
132.125, 58.125, 1.3745910404179435e-23, nan 
132.375, 58.125, 6.832783006470267e-24, nan 
132.625, 58.125, 5.222541700823929e-24, nan 
132.875, 58.125, 5.707950326907134e-24, nan 
133.125, 58.125, 2.7663585958208733e-24, nan 
133.375, 58.125, 1.534564685070758e-23, nan 
133.625, 58.125, 2.3200613738584774e-23, nan 
133.875, 58.125, 1.8636384978530313e-23, nan 
134.125, 58.125, 1.0705225331769051e-23, nan 
134.375, 58.125, 1.0012859429566142e-23, nan 
134.625, 58.125, 1.3826424266387968e-23, nan 
134.875, 58.125, 2.456676812062345e-23, nan 
135.125, 58.125, 2.287007635652451e-23, nan 
135.375, 58.125, 2.8433991637948213e-23, nan 
135.625, 58.125, 3.022747834477131e-23, nan 
135.875, 58.125, 1.6493630594769928e-23, nan 
136.125, 58.125, 1.1944424028338124e-23, nan 
136.375, 58.125, 2.0365793911393983e-23, nan 
136.625, 58.125, 1.8466176572682993e-23, nan 
136.875, 58.125, 1.044551218920007e-23, nan 
137.125, 58.125, 8.970164679281886e-24, nan 
137.375, 58.125, 1.6170838179540141e-23, nan 
137.625, 58.125, 1.984836404911414e-23, nan 
137.875, 58.125, 2.941362927162192e-23, nan 
138.125, 58.125, 2.814685209357142e-23, nan 
138.375, 58.125, 8.743429762885373e-24, nan 
138.625, 58.125, 7.63468607903086e-24, nan 
138.875, 58.125, 2.5905456273967394e-23, nan 
139.125, 58.125, 2.670429198537875e-23, nan 
139.375, 58.125, 1.9328008177021265e-23, nan 
139.625, 58.125, 2.7551465614670134e-23, nan 
139.875, 58.125, 3.1938417959402764e-23, nan 
140.125, 58.125, 2.64398304394438e-23, nan 
140.375, 58.125, 7.154173031937978e-23, nan 
140.625, 58.125, 7.821682039432814e-23, nan 
140.875, 58.125, 2.5495217030932235e-23, nan 
141.125, 58.125, 2.8233318059748884e-23, nan 
141.375, 58.125, 1.9054669549299783e-23, nan 
141.625, 58.125, 1.1992073184379878e-23, nan 
141.875, 58.125, 2.5267064236300745e-23, nan 
142.125, 58.125, 2.6378789635686035e-23, nan 
142.375, 58.125, 3.9147465966113715e-23, nan 
142.625, 58.125, 4.617773789561566e-23, nan 
142.875, 58.125, 3.963141145491753e-23, nan 
143.125, 58.125, 4.3085822641900876e-23, nan 
143.375, 58.125, 2.2789245887090502e-23, nan 
143.625, 58.125, 1.9305497741596553e-23, nan 
143.875, 58.125, 1.7865419885199907e-23, nan 
144.125, 58.125, 4.276622450862312e-23, nan 
144.375, 58.125, 4.345060410446419e-23, nan 
144.625, 58.125, 3.2298981421991017e-23, nan 
144.875, 58.125, 3.565580389407724e-23, nan 
145.125, 58.125, 3.663576458287341e-23, nan 
145.375, 58.125, 2.2255445746739753e-23, nan 
145.625, 58.125, 1.5540829617000642e-23, nan 
145.875, 58.125, 3.909740933074568e-23, nan 
146.125, 58.125, 4.8362388629423795e-23, nan 
146.375, 58.125, 3.171181247340936e-23, nan 
146.625, 58.125, 1.1642407535125157e-23, nan 
146.875, 58.125, 2.736334721897276e-23, nan 
147.125, 58.125, 2.1179454767053237e-23, nan 
147.375, 58.125, 8.031252288544774e-23, nan 
147.625, 58.125, 8.470290124137277e-23, nan 
147.875, 58.125, 2.623449600355185e-23, nan 
148.125, 58.125, 2.2985756279932792e-23, nan 
148.375, 58.125, 3.428991486565034e-23, nan 
148.625, 58.125, 3.2456130413743894e-23, nan 
148.875, 58.125, 2.3911662084157616e-23, nan 
149.125, 58.125, 1.9202934454678924e-23, nan 
149.375, 58.125, 1.6311948983059263e-23, nan 
149.625, 58.125, 3.8101929556920765e-23, nan 
149.875, 58.125, 3.479114959528382e-23, nan 
150.125, 58.125, 2.8064247380907617e-23, nan 
150.375, 58.125, 7.256148997556815e-23, nan 
150.625, 58.125, 8.933770137597468e-23, nan 
150.875, 58.125, 5.244569135794691e-23, nan 
151.125, 58.125, 4.790452943377281e-23, nan 
151.375, 58.125, 3.6378536780215394e-23, nan 
151.625, 58.125, 3.01448705300107e-23, nan 
151.875, 58.125, 6.593108220429069e-23, nan 
152.125, 58.125, 6.831695157713643e-23, nan 
152.375, 58.125, 4.660847581912402e-23, nan 
152.625, 58.125, 5.534563199772786e-23, nan 
152.875, 58.125, 5.647173331834995e-23, nan 
153.125, 58.125, 7.675189710690412e-23, nan 
153.375, 58.125, 1.070855043905495e-22, nan 
153.625, 58.125, 8.645030644447476e-23, nan 
153.875, 58.125, 1.1115113716361338e-22, nan 
154.125, 58.125, 1.2030807597037548e-22, nan 
154.375, 58.125, 4.1399741602588274e-23, nan 
154.625, 58.125, 1.2558897273534322e-22, nan 
154.875, 58.125, 1.3052076993660467e-22, nan 
155.125, 58.125, 5.49020147044338e-23, nan 
155.375, 58.125, 8.1551461422757e-23, nan 
155.625, 58.125, 1.0753612250465359e-22, nan 
155.875, 58.125, 9.491019942039673e-23, nan 
156.125, 58.125, 8.108886667044843e-23, nan 
156.375, 58.125, 1.4764938765814891e-22, nan 
156.625, 58.125, 2.140629009708008e-22, nan 
156.875, 58.125, 2.108340951311277e-22, nan 
157.125, 58.125, 2.642883559358474e-22, nan 
157.375, 58.125, 2.311025648647833e-22, nan 
157.625, 58.125, 1.4713992680519737e-22, nan 
157.875, 58.125, 8.716855711431005e-23, nan 
158.125, 58.125, 4.9840414619288033e-23, nan 
158.375, 58.125, 2.77777456491211e-23, nan 
158.625, 58.125, 3.213499470801258e-23, nan 
158.875, 58.125, 1.17706697763087e-22, nan 
159.125, 58.125, 8.042476708623105e-23, nan 
159.375, 58.125, 3.743286679019165e-23, nan 
159.625, 58.125, 4.826656179324074e-23, nan 
159.875, 58.125, 3.0491992905530846e-23, nan 
160.125, 58.125, 2.4516161866080902e-23, nan 
160.375, 58.125, 7.446938737256015e-23, nan 
160.625, 58.125, 9.720614117141398e-23, nan 
160.875, 58.125, 4.845074936081605e-23, nan 
161.125, 58.125, 3.283268546271659e-23, nan 
161.375, 58.125, 1.1676781258283231e-22, nan 
161.625, 58.125, 4.82021900290179e-22, nan 
161.875, 58.125, 5.251306838819876e-22, nan 
162.125, 58.125, 2.46948536878916e-22, nan 
162.375, 58.125, 3.3168363483828183e-22, nan 
162.625, 58.125, 2.5155166409977844e-22, nan 
162.875, 58.125, 1.2004084724926902e-22, nan 
163.125, 58.125, 2.4164670553341776e-22, nan 
163.375, 58.125, 1.7250352875033653e-22, nan 
163.625, 58.125, 1.1092037137434385e-22, nan 
163.875, 58.125, 1.2599010130446293e-22, nan 
164.125, 58.125, 8.71495296891335e-23, nan 
164.375, 58.125, 5.596823960507103e-23, nan 
164.625, 58.125, 5.34161931976863e-23, nan 
164.875, 58.125, 9.356436731785675e-23, nan 
165.125, 58.125, 8.987046042758902e-23, nan 
165.375, 58.125, 2.1568472303615177e-22, nan 
165.625, 58.125, 2.5230158920953045e-22, nan 
165.875, 58.125, 1.425467694462988e-22, nan 
166.125, 58.125, 1.2508032441111095e-22, nan 
166.375, 58.125, 1.5114967248624243e-22, nan 
166.625, 58.125, 3.4262419589273755e-22, nan 
166.875, 58.125, 4.2000412700169176e-22, nan 
167.125, 58.125, 4.163120047657802e-22, nan 
167.375, 58.125, 2.7297380244461304e-22, nan 
167.625, 58.125, 5.801352166917043e-23, nan 
167.875, 58.125, 7.081443159780384e-23, nan 
168.125, 58.125, 9.640784075830961e-23, nan 
168.375, 58.125, 8.859521584859445e-23, nan 
168.625, 58.125, 1.90939372598242e-22, nan 
168.875, 58.125, 1.844237748808831e-22, nan 
169.125, 58.125, 4.905216067614086e-23, nan 
169.375, 58.125, 9.439285131858889e-23, nan 
169.625, 58.125, 1.167170033940609e-22, nan 
169.875, 58.125, 8.606145148959876e-23, nan 
170.125, 58.125, 1.0744315417595648e-22, nan 
170.375, 58.125, 1.4226367981704634e-22, nan 
170.625, 58.125, 8.487701620858926e-23, nan 
170.875, 58.125, 9.757407735320448e-23, nan 
171.125, 58.125, 2.518746045550179e-22, nan 
171.375, 58.125, 2.3610538011784306e-22, nan 
171.625, 58.125, 1.5896037530509543e-22, nan 
171.875, 58.125, 1.705462089408059e-22, nan 
172.125, 58.125, 8.04880938890265e-23, nan 
172.375, 58.125, 7.370371144844505e-23, nan 
172.625, 58.125, 1.1004012207977636e-22, nan 
172.875, 58.125, 1.9385310448814134e-22, nan 
173.125, 58.125, 1.718673352339202e-22, nan 
173.375, 58.125, 3.7377609940064286e-23, nan 
173.625, 58.125, 8.261030332689755e-23, nan 
173.875, 58.125, 1.0327229847904023e-22, nan 
174.125, 58.125, 1.378660918966017e-22, nan 
174.375, 58.125, 2.932566148725832e-22, nan 
174.625, 58.125, 3.8746029469489874e-22, nan 
174.875, 58.125, 5.5878752421299585e-22, nan 
175.125, 58.125, 4.333606376594896e-22, nan 
175.375, 58.125, 1.0864035313431665e-22, nan 
175.625, 58.125, 9.306753534178306e-23, nan 
175.875, 58.125, 5.737649355359304e-23, nan 
176.125, 58.125, 6.064455700057501e-23, nan 
176.375, 58.125, 4.822459912794851e-23, nan 
176.625, 58.125, 6.649242490178903e-23, nan 
176.875, 58.125, 7.819535871080353e-23, nan 
177.125, 58.125, 1.5313266554431755e-22, nan 
177.375, 58.125, 2.238984016937056e-22, nan 
177.625, 58.125, 1.646845965470011e-22, nan 
177.875, 58.125, 7.581306945886561e-23, nan 
178.125, 58.125, 4.266316944720254e-22, nan 
178.375, 58.125, 5.031514461211784e-22, nan 
178.625, 58.125, 3.2903866507466305e-22, nan 
178.875, 58.125, 2.6088733484576503e-22, nan 
179.125, 58.125, 2.200801509840406e-22, nan 
179.375, 58.125, 4.345840265869356e-22, nan 
179.625, 58.125, 3.6873523264245263e-22, nan 
179.875, 58.125, 1.09477212979739e-22, nan 
-179.875, 58.375, 3.572478649705279e-23, nan 
-179.625, 58.375, 3.735289666181467e-23, nan 
-179.375, 58.375, 1.0114200265880045e-22, nan 
-179.125, 58.375, 1.1142500447917366e-22, nan 
-178.875, 58.375, 8.722084615905911e-23, nan 
-178.625, 58.375, 7.93864781410084e-23, nan 
-178.375, 58.375, 3.756501331578155e-23, nan 
-178.125, 58.375, 1.8339889604085482e-23, nan 
-177.875, 58.375, 1.3192655381069161e-22, nan 
-177.625, 58.375, 1.325263019418577e-22, nan 
-177.375, 58.375, 4.5987061632504566e-23, nan 
-177.125, 58.375, 4.646059324915855e-23, nan 
-176.875, 58.375, 3.7243558999791885e-23, nan 
-176.625, 58.375, 3.869716426968248e-23, nan 
-176.375, 58.375, 4.988410959840875e-23, nan 
-176.125, 58.375, 3.1099261430960146e-23, nan 
-175.875, 58.375, 2.6499809742901535e-23, nan 
-175.625, 58.375, 2.3697785080778445e-23, nan 
-175.375, 58.375, 5.2287258199362475e-23, nan 
-175.125, 58.375, 4.2327529845276266e-23, nan 
-174.875, 58.375, 1.315528856635313e-23, nan 
-174.625, 58.375, 4.86811437750033e-23, nan 
-174.375, 58.375, 1.2081604099178684e-22, nan 
-174.125, 58.375, 1.7381511883472167e-22, nan 
-173.875, 58.375, 1.3283788750591718e-22, nan 
-173.625, 58.375, 3.298216718030388e-23, nan 
-173.375, 58.375, 3.301122592698785e-23, nan 
-173.125, 58.375, 8.486734878937888e-23, nan 
-172.875, 58.375, 1.0128946304216245e-22, nan 
-172.625, 58.375, 6.033861655637047e-23, nan 
-172.375, 58.375, 5.650429125000786e-23, nan 
-172.125, 58.375, 4.7123899313096097e-23, nan 
-171.875, 58.375, 1.7678519594614263e-23, nan 
-171.625, 58.375, 2.7251294975560586e-23, nan 
-171.375, 58.375, 2.5806328644406332e-23, nan 
-171.125, 58.375, 2.0260273125491805e-23, nan 
-170.875, 58.375, 1.7573042646838094e-23, nan 
-170.625, 58.375, 1.9732006632665896e-23, nan 
-170.375, 58.375, 3.4134537387444337e-23, nan 
-170.125, 58.375, 4.1374458067443625e-23, nan 
-169.875, 58.375, 3.4359591667574124e-23, nan 
-169.625, 58.375, 2.1544372006518246e-23, nan 
-169.375, 58.375, 8.79669872992709e-24, nan 
-169.125, 58.375, 1.0837776511470495e-23, nan 
-168.875, 58.375, 2.0666382265280645e-23, nan 
-168.625, 58.375, 3.423382757832006e-23, nan 
-168.375, 58.375, 3.1263746694507123e-23, nan 
-168.125, 58.375, 6.226140711674012e-23, nan 
-167.875, 58.375, 1.137828632030485e-22, nan 
-167.625, 58.375, 9.442702951437397e-23, nan 
-167.375, 58.375, 9.507402669628456e-24, nan 
-167.125, 58.375, 1.842216157785919e-23, nan 
-166.875, 58.375, 4.067777801705038e-23, nan 
-166.625, 58.375, 6.088417953431573e-23, nan 
-166.375, 58.375, 4.8100970197411e-23, nan 
-166.125, 58.375, 4.726385550378533e-23, nan 
-165.875, 58.375, 4.5186832594468207e-23, nan 
-165.625, 58.375, 2.2223212356243826e-23, nan 
-165.375, 58.375, 2.785246283068904e-23, nan 
-165.125, 58.375, 3.7555250095321377e-23, nan 
-164.875, 58.375, 3.005302940612247e-23, nan 
-164.625, 58.375, 3.221153467617374e-23, nan 
-164.375, 58.375, 1.0472843435287085e-23, nan 
-164.125, 58.375, 1.3798015301968122e-23, nan 
-163.875, 58.375, 2.0692432316642712e-23, nan 
-163.625, 58.375, 2.679644645650753e-23, nan 
-163.375, 58.375, 3.4697748081571665e-23, nan 
-163.125, 58.375, 4.1389118954533255e-23, nan 
-162.875, 58.375, 3.3455298880912326e-23, nan 
-162.625, 58.375, 9.417937591725605e-24, nan 
-162.375, 58.375, 4.036232072852145e-23, nan 
-162.125, 58.375, 4.086952384266778e-23, nan 
-161.875, 58.375, 1.602253180612838e-23, nan 
-161.625, 58.375, 1.4040779038190332e-23, nan 
-161.375, 58.375, 1.719604831540758e-23, nan 
-161.125, 58.375, 2.0646338767036892e-23, nan 
-160.875, 58.375, 9.933508204297297e-24, nan 
-160.625, 58.375, 1.2451163250752851e-23, nan 
-160.375, 58.375, 2.3318593892926015e-23, nan 
-160.125, 58.375, 2.183169297124757e-23, nan 
-159.875, 58.375, 3.539398695925392e-23, nan 
-159.625, 58.375, 3.969055358716684e-23, nan 
-159.375, 58.375, 2.4308899324575504e-23, nan 
-159.125, 58.375, 1.7435529269912242e-23, nan 
-158.875, 58.375, 3.8042395447166636e-23, nan 
-158.625, 58.375, 3.684070120249936e-23, nan 
-158.375, 58.375, 1.0800045669374851e-23, nan 
-158.125, 58.375, 5.1638686081757305e-24, nan 
-157.875, 58.375, 8.28127432375589e-24, nan 
-157.625, 58.375, 7.650163727448377e-24, nan 
-157.375, 58.375, 6.32905060724235e-24, nan 
-157.125, 58.375, 2.40554265771234e-23, nan 
-156.875, 58.375, 2.4539869239405475e-23, nan 
-156.625, 58.375, 1.0420571692111662e-23, nan 
-156.375, 58.375, 1.774392800714333e-24, nan 
-156.125, 58.375, 5.901887687495571e-24, nan 
-155.875, 58.375, 7.494648947120107e-24, nan 
-155.625, 58.375, 8.084337867641636e-24, nan 
-155.375, 58.375, 1.187722423563112e-23, nan 
-155.125, 58.375, 1.2711423221898669e-23, nan 
-154.875, 58.375, 9.669652033745807e-24, nan 
-154.625, 58.375, 1.0615332494819175e-23, nan 
-154.375, 58.375, 1.9537163097066917e-23, nan 
-154.125, 58.375, 2.0799523667862947e-23, nan 
-153.875, 58.375, 2.2490627723465364e-23, nan 
-153.625, 58.375, 2.094986336453963e-23, nan 
-153.375, 58.375, 5.046243294716841e-24, nan 
-153.125, 58.375, 5.771373907172202e-24, nan 
-152.875, 58.375, 7.163434392915949e-24, nan 
-152.625, 58.375, 5.502970641614329e-24, nan 
-152.375, 58.375, 3.9936123180526825e-24, nan 
-152.125, 58.375, 5.8714552199455666e-24, nan 
-151.875, 58.375, 8.178546336170083e-24, nan 
-151.625, 58.375, 1.0465147550520796e-23, nan 
-151.375, 58.375, 1.1071578536748817e-23, nan 
-151.125, 58.375, 8.235025484420982e-24, nan 
-150.875, 58.375, 1.0688096471140106e-23, nan 
-150.625, 58.375, 2.4898365081921015e-23, nan 
-150.375, 58.375, 2.7014048161080554e-23, nan 
-150.125, 58.375, 3.007359429576613e-23, nan 
-149.875, 58.375, 2.731979481669975e-23, nan 
-149.625, 58.375, 1.4455282992118057e-23, nan 
-149.375, 58.375, 9.879288666887147e-24, nan 
-149.125, 58.375, 9.01997405592879e-24, nan 
-148.875, 58.375, 8.992428209744589e-24, nan 
-148.625, 58.375, 1.1674650827968846e-23, nan 
-148.375, 58.375, 8.552511115684784e-24, nan 
-148.125, 58.375, 5.811572660288104e-24, nan 
-147.875, 58.375, 1.0031922241092212e-23, nan 
-147.625, 58.375, 9.625901853133885e-24, nan 
-147.375, 58.375, 8.247831432175559e-24, nan 
-147.125, 58.375, 1.7488900397413917e-23, nan 
-146.875, 58.375, 1.4611070745494223e-23, nan 
-146.625, 58.375, 1.6890849945538064e-23, nan 
-146.375, 58.375, 2.168127122468972e-23, nan 
-146.125, 58.375, 1.95149341049019e-23, nan 
-145.875, 58.375, 9.325870836973845e-24, nan 
-145.625, 58.375, 6.0264584623519335e-24, nan 
-145.375, 58.375, 3.9176020178201546e-24, nan 
-145.125, 58.375, 7.836150893061246e-24, nan 
-144.875, 58.375, 9.486694512222293e-24, nan 
-144.625, 58.375, 7.692279885353458e-24, nan 
-144.375, 58.375, 8.610804783608828e-24, nan 
-144.125, 58.375, 6.592034168204957e-24, nan 
-143.875, 58.375, 3.714479619251421e-24, nan 
-143.625, 58.375, 5.219871643140092e-24, nan 
-143.375, 58.375, 4.489651169426109e-24, nan 
-143.125, 58.375, 4.238538155128959e-24, nan 
-142.875, 58.375, 5.418617270968693e-24, nan 
-142.625, 58.375, 4.527174441678924e-24, nan 
-142.375, 58.375, 5.482759339336622e-24, nan 
-142.125, 58.375, 1.0821443255607106e-23, nan 
-141.875, 58.375, 1.011226055004532e-23, nan 
-141.625, 58.375, 7.648714986524019e-24, nan 
-141.375, 58.375, 3.766853493675812e-24, nan 
-141.125, 58.375, 3.9537524693479974e-24, nan 
-140.875, 58.375, 5.587965398133192e-24, nan 
-140.625, 58.375, 8.382847107688253e-24, nan 
-140.375, 58.375, 7.324475088877473e-24, nan 
-140.125, 58.375, 5.579042179613368e-24, nan 
-139.875, 58.375, 5.947795966746678e-24, nan 
-139.625, 58.375, 5.524644625327694e-24, nan 
-139.375, 58.375, 6.5091206576141986e-24, nan 
-139.125, 58.375, 7.570575796430575e-24, nan 
-138.875, 58.375, 9.672728856832364e-24, nan 
-138.625, 58.375, 8.995122461236226e-24, nan 
-138.375, 58.375, 1.4318163506453272e-23, nan 
-138.125, 58.375, 1.2425573039763675e-23, nan 
-137.875, 58.375, 4.3342376464233276e-24, nan 
-137.625, 58.375, 6.428023377598162e-24, nan 
-137.375, 58.375, 5.771134657776576e-24, nan 
-137.125, 58.375, 5.278086789040996e-24, nan 
-136.875, 58.375, 4.911370895005896e-24, nan 
-136.625, 58.375, 5.7731828745903375e-24, nan 
-136.375, 58.375, 6.579477658309957e-24, nan 
-136.125, 58.375, 6.669090646972998e-24, nan 
-135.875, 58.375, 5.216536300036373e-24, nan 
-135.625, 58.375, 4.2533617553850566e-24, nan 
-135.375, 58.375, 5.921121524462307e-24, nan 
-135.125, 58.375, 6.0254800055276445e-24, nan 
-134.875, 58.375, 4.543308349351385e-24, nan 
-134.625, 58.375, 4.7925876059029525e-24, nan 
106.625, 58.375, 3.1744337200576334e-24, nan 
106.875, 58.375, 3.21077761451647e-24, nan 
107.125, 58.375, 3.61549406302808e-24, nan 
107.375, 58.375, 2.678059258067537e-24, nan 
107.625, 58.375, 4.8174311653291684e-24, nan 
107.875, 58.375, 5.204925466564826e-24, nan 
108.125, 58.375, 3.8649013507662786e-24, nan 
108.375, 58.375, 4.497865851249461e-24, nan 
108.625, 58.375, 4.212674543398892e-24, nan 
108.875, 58.375, 3.847065227472788e-24, nan 
109.125, 58.375, 6.856140769283676e-24, nan 
109.375, 58.375, 7.222806144845174e-24, nan 
109.625, 58.375, 3.4659220137510596e-24, nan 
109.875, 58.375, 3.167830124781137e-24, nan 
110.125, 58.375, 2.167135329866178e-24, nan 
110.375, 58.375, 1.9391089142767484e-24, nan 
110.625, 58.375, 5.680207463460825e-24, nan 
110.875, 58.375, 5.8942272177679615e-24, nan 
111.125, 58.375, 5.923819020942455e-24, nan 
111.375, 58.375, 7.356654845049475e-24, nan 
111.625, 58.375, 7.664694303733623e-24, nan 
111.875, 58.375, 5.595932685718061e-24, nan 
112.125, 58.375, 1.973578386633081e-23, nan 
112.375, 58.375, 2.1258386168800547e-23, nan 
112.625, 58.375, 1.394617345450897e-23, nan 
112.875, 58.375, 5.018542060457641e-24, nan 
113.125, 58.375, 3.8727822143016806e-24, nan 
113.375, 58.375, 3.232989748050744e-24, nan 
113.625, 58.375, 2.3024517434397453e-24, nan 
113.875, 58.375, 1.1551786398489639e-23, nan 
114.125, 58.375, 5.7125701869885454e-24, nan 
114.375, 58.375, 3.732991262224909e-24, nan 
114.625, 58.375, 1.785608460353595e-24, nan 
114.875, 58.375, 1.7667539795985646e-24, nan 
115.125, 58.375, 3.2894323120413963e-24, nan 
115.375, 58.375, 6.443927266599491e-24, nan 
115.625, 58.375, 4.362659480522367e-24, nan 
115.875, 58.375, 7.717959625621325e-24, nan 
116.125, 58.375, 9.077227260129497e-24, nan 
116.375, 58.375, 1.0367493430901359e-23, nan 
116.625, 58.375, 4.9667180886345225e-24, nan 
116.875, 58.375, 1.8303506609928185e-23, nan 
117.125, 58.375, 1.3873439867860116e-23, nan 
117.375, 58.375, 1.0491686610752497e-23, nan 
117.625, 58.375, 9.868857103940164e-24, nan 
117.875, 58.375, 6.217177924495577e-24, nan 
118.125, 58.375, 3.8229443827369385e-24, nan 
118.375, 58.375, 5.301557978810084e-24, nan 
118.625, 58.375, 5.0666004576745075e-24, nan 
118.875, 58.375, 7.40217781601036e-24, nan 
119.125, 58.375, 2.24580245049329e-23, nan 
119.375, 58.375, 2.2458146986487347e-23, nan 
119.625, 58.375, 1.4532452116771058e-23, nan 
119.875, 58.375, 1.484822283895022e-23, nan 
120.125, 58.375, 7.242443601651022e-24, nan 
120.375, 58.375, 5.776066958628008e-24, nan 
120.625, 58.375, 5.840565350984087e-24, nan 
120.875, 58.375, 6.376473792483543e-24, nan 
121.125, 58.375, 7.145333181337235e-24, nan 
121.375, 58.375, 6.335065407140001e-24, nan 
121.625, 58.375, 3.737612334038988e-24, nan 
121.875, 58.375, 4.6129984579805776e-24, nan 
122.125, 58.375, 5.331115445162679e-24, nan 
122.375, 58.375, 4.7613798660813036e-24, nan 
122.625, 58.375, 5.534111924887624e-24, nan 
122.875, 58.375, 5.212570328156794e-24, nan 
123.125, 58.375, 4.908481674315249e-24, nan 
123.375, 58.375, 4.518202148048498e-24, nan 
123.625, 58.375, 6.440271053343742e-24, nan 
123.875, 58.375, 5.3850205820942905e-24, nan 
124.125, 58.375, 6.70155706248248e-24, nan 
124.375, 58.375, 2.911676921580115e-23, nan 
124.625, 58.375, 3.2911408203552794e-23, nan 
124.875, 58.375, 2.8880583929023743e-23, nan 
125.125, 58.375, 2.8458295698658634e-23, nan 
125.375, 58.375, 3.316551829767792e-23, nan 
125.625, 58.375, 2.82490541594387e-23, nan 
125.875, 58.375, 7.495298611489461e-24, nan 
126.125, 58.375, 4.4256408780604446e-24, nan 
126.375, 58.375, 6.5177139664905454e-24, nan 
126.625, 58.375, 9.470116638637106e-24, nan 
126.875, 58.375, 1.1709979026680413e-23, nan 
127.125, 58.375, 1.0574313863016904e-23, nan 
127.375, 58.375, 1.537064829529788e-23, nan 
127.625, 58.375, 1.6759408297971933e-23, nan 
127.875, 58.375, 1.6659957293482588e-23, nan 
128.125, 58.375, 1.2952007688548223e-23, nan 
128.375, 58.375, 1.8809932986182893e-23, nan 
128.625, 58.375, 2.1789114382437844e-23, nan 
128.875, 58.375, 5.576927021996471e-24, nan 
129.125, 58.375, 1.2288440007284697e-23, nan 
129.375, 58.375, 1.0816877001867913e-23, nan 
129.625, 58.375, 1.655643107292995e-23, nan 
129.875, 58.375, 1.5425010275771654e-23, nan 
130.125, 58.375, 2.527152402428761e-23, nan 
130.375, 58.375, 2.5712975422429083e-23, nan 
130.625, 58.375, 8.263200616264292e-24, nan 
130.875, 58.375, 8.556288007681687e-24, nan 
131.125, 58.375, 7.101454793897519e-24, nan 
131.375, 58.375, 9.694115161815827e-24, nan 
131.625, 58.375, 1.0428764287233647e-23, nan 
131.875, 58.375, 7.953127784544165e-24, nan 
132.125, 58.375, 1.1377940022705474e-23, nan 
132.375, 58.375, 1.1787128548536265e-23, nan 
132.625, 58.375, 6.996998309416056e-24, nan 
132.875, 58.375, 8.448657923909986e-24, nan 
133.125, 58.375, 1.2974894671706366e-23, nan 
133.375, 58.375, 2.1167510233252727e-23, nan 
133.625, 58.375, 2.2650162547464282e-23, nan 
133.875, 58.375, 1.6828149681197458e-23, nan 
134.125, 58.375, 1.0879358058000946e-23, nan 
134.375, 58.375, 1.8269925959358357e-23, nan 
134.625, 58.375, 1.9785137642337687e-23, nan 
134.875, 58.375, 1.8851434568068775e-23, nan 
135.125, 58.375, 1.2348458168054878e-23, nan 
135.375, 58.375, 2.391048277795561e-23, nan 
135.625, 58.375, 2.2233034871405346e-23, nan 
135.875, 58.375, 7.656069505108096e-24, nan 
136.125, 58.375, 3.508992242625868e-23, nan 
136.375, 58.375, 4.2681172632805664e-23, nan 
136.625, 58.375, 1.7533890370789073e-23, nan 
136.875, 58.375, 9.871305181840986e-24, nan 
137.125, 58.375, 1.3572896997961196e-23, nan 
137.375, 58.375, 1.4306797487261867e-23, nan 
137.625, 58.375, 1.7478338883504314e-23, nan 
137.875, 58.375, 1.7672987788377203e-23, nan 
138.125, 58.375, 8.627718649371693e-24, nan 
138.375, 58.375, 1.0942817105699614e-23, nan 
138.625, 58.375, 1.3109471244639214e-23, nan 
138.875, 58.375, 1.9751877348975117e-23, nan 
139.125, 58.375, 1.6027341752234988e-23, nan 
139.375, 58.375, 2.817499877520414e-23, nan 
139.625, 58.375, 4.205941684815608e-23, nan 
139.875, 58.375, 3.739243978511503e-23, nan 
140.125, 58.375, 5.313237289597293e-23, nan 
140.375, 58.375, 7.142124225934699e-23, nan 
140.625, 58.375, 5.324491120939902e-23, nan 
140.875, 58.375, 2.120555473217943e-23, nan 
141.125, 58.375, 2.4282704307060944e-23, nan 
141.375, 58.375, 1.597970741289296e-23, nan 
141.625, 58.375, 9.58962558417882e-24, nan 
141.875, 58.375, 3.7873587378069067e-23, nan 
142.125, 58.375, 3.054818223786116e-23, nan 
142.375, 58.375, 1.836666440043264e-23, nan 
142.625, 58.375, 5.445767902956136e-23, nan 
142.875, 58.375, 5.388234050433312e-23, nan 
143.125, 58.375, 2.9791886104199793e-23, nan 
143.375, 58.375, 2.490130113762419e-23, nan 
143.625, 58.375, 2.424532641269435e-23, nan 
143.875, 58.375, 4.890204558331725e-23, nan 
144.125, 58.375, 6.435855776392225e-23, nan 
144.375, 58.375, 5.461601667289962e-23, nan 
144.625, 58.375, 4.3712714520950727e-23, nan 
144.875, 58.375, 2.488440769264652e-23, nan 
145.125, 58.375, 2.1891845620513143e-23, nan 
145.375, 58.375, 2.6069611269154074e-23, nan 
145.625, 58.375, 3.5951241921257044e-23, nan 
145.875, 58.375, 8.712542767258328e-23, nan 
146.125, 58.375, 9.953126667499424e-23, nan 
146.375, 58.375, 1.095446114727904e-22, nan 
146.625, 58.375, 9.803102497665544e-23, nan 
146.875, 58.375, 4.7243712660474554e-23, nan 
147.125, 58.375, 3.566969861930327e-23, nan 
147.375, 58.375, 6.444581870479674e-23, nan 
147.625, 58.375, 6.980861858235092e-23, nan 
147.875, 58.375, 2.9793093052788644e-23, nan 
148.125, 58.375, 2.6145163102786216e-23, nan 
148.375, 58.375, 2.0670170072543193e-23, nan 
148.625, 58.375, 2.275212173114494e-23, nan 
148.875, 58.375, 1.865544696306314e-23, nan 
149.125, 58.375, 2.0516046099792027e-23, nan 
149.375, 58.375, 2.5810974905688088e-23, nan 
149.625, 58.375, 8.821566960054704e-23, nan 
149.875, 58.375, 9.910977316718699e-23, nan 
150.125, 58.375, 5.839728709180623e-23, nan 
150.375, 58.375, 4.0798090803647436e-23, nan 
150.625, 58.375, 6.683615021425821e-23, nan 
150.875, 58.375, 7.438985994103951e-23, nan 
151.125, 58.375, 8.882006714590831e-23, nan 
151.375, 58.375, 1.0396612021315586e-22, nan 
151.625, 58.375, 8.612338095783523e-23, nan 
151.875, 58.375, 9.642241622004634e-23, nan 
152.125, 58.375, 7.678007749914796e-23, nan 
152.375, 58.375, 3.753359084358461e-23, nan 
152.625, 58.375, 1.413851709690582e-23, nan 
152.875, 58.375, 4.2670475130107225e-23, nan 
153.125, 58.375, 8.5268809449613e-23, nan 
153.375, 58.375, 8.140973062941847e-23, nan 
153.625, 58.375, 4.5038714905334416e-23, nan 
153.875, 58.375, 1.3953055083470984e-22, nan 
154.125, 58.375, 1.4353431682295095e-22, nan 
154.375, 58.375, 4.5570442350542634e-23, nan 
154.625, 58.375, 7.160987936318152e-23, nan 
154.875, 58.375, 1.1102604689545226e-22, nan 
155.125, 58.375, 9.065272619228018e-23, nan 
155.375, 58.375, 8.569144715540995e-23, nan 
155.625, 58.375, 1.0621610199314724e-22, nan 
155.875, 58.375, 1.2232066144709613e-22, nan 
156.125, 58.375, 1.2257517840995923e-22, nan 
156.375, 58.375, 9.962533121660996e-23, nan 
156.625, 58.375, 8.543480348972988e-23, nan 
156.875, 58.375, 1.4493371741835376e-22, nan 
157.125, 58.375, 4.33255053154357e-22, nan 
157.375, 58.375, 4.117701372279646e-22, nan 
157.625, 58.375, 1.1223381379023616e-22, nan 
157.875, 58.375, 9.974592735093095e-23, nan 
158.125, 58.375, 4.157542414806554e-23, nan 
158.375, 58.375, 8.783789111341513e-23, nan 
158.625, 58.375, 1.8875231824195127e-22, nan 
158.875, 58.375, 2.254312580806877e-22, nan 
159.125, 58.375, 1.9930155666486462e-22, nan 
159.375, 58.375, 1.664934776114041e-22, nan 
159.625, 58.375, 3.207875752644186e-23, nan 
159.875, 58.375, 5.945117719282862e-23, nan 
160.125, 58.375, 5.379702442735193e-23, nan 
160.375, 58.375, 1.2150821543041563e-22, nan 
160.625, 58.375, 1.257197007054091e-22, nan 
160.875, 58.375, 7.1022227665508e-23, nan 
161.125, 58.375, 4.4130131894005e-23, nan 
161.375, 58.375, 1.906242130876753e-22, nan 
161.625, 58.375, 2.7191361223930093e-22, nan 
161.875, 58.375, 2.1778933059174416e-22, nan 
162.125, 58.375, 3.069644145210848e-22, nan 
162.375, 58.375, 3.1129320161637444e-22, nan 
162.625, 58.375, 1.4382721816097794e-22, nan 
162.875, 58.375, 1.2892133633623629e-22, nan 
163.125, 58.375, 1.4439099533342275e-22, nan 
163.375, 58.375, 1.6511466043426078e-22, nan 
163.625, 58.375, 1.1847390155643315e-22, nan 
163.875, 58.375, 1.0152987075290595e-22, nan 
164.125, 58.375, 1.0632240199330031e-22, nan 
164.375, 58.375, 1.0055790513908983e-22, nan 
164.625, 58.375, 6.591905718930825e-23, nan 
164.875, 58.375, 7.081204606567308e-23, nan 
165.125, 58.375, 1.8979882314396818e-22, nan 
165.375, 58.375, 2.3899580592960015e-22, nan 
165.625, 58.375, 6.443100469111938e-23, nan 
165.875, 58.375, 2.41672647408368e-22, nan 
166.125, 58.375, 2.8912239226148694e-22, nan 
166.375, 58.375, 4.473794790447336e-22, nan 
166.625, 58.375, 4.779719393665244e-22, nan 
166.875, 58.375, 1.5512165254691657e-21, nan 
167.125, 58.375, 6.0576996179310865e-22, nan 
167.375, 58.375, 5.691729512587597e-22, nan 
167.625, 58.375, 3.018324990430402e-22, nan 
167.875, 58.375, 2.0036101784852614e-22, nan 
168.125, 58.375, 9.042695201135073e-23, nan 
168.375, 58.375, 1.5501648826657603e-22, nan 
168.625, 58.375, 2.0347549220922765e-22, nan 
168.875, 58.375, 1.6260025410935528e-22, nan 
169.125, 58.375, 5.518116133813722e-23, nan 
169.375, 58.375, 5.621893350628288e-23, nan 
169.625, 58.375, 9.880655019118602e-23, nan 
169.875, 58.375, 7.225359836427999e-23, nan 
170.125, 58.375, 5.119773719939122e-23, nan 
170.375, 58.375, 8.745618827951513e-23, nan 
170.625, 58.375, 1.151374010169076e-22, nan 
170.875, 58.375, 1.0229240704547976e-22, nan 
171.125, 58.375, 2.392209247079658e-22, nan 
171.375, 58.375, 2.2247315807102785e-22, nan 
171.625, 58.375, 7.637644592619549e-23, nan 
171.875, 58.375, 1.3204752648594788e-22, nan 
172.125, 58.375, 1.2735250672484712e-22, nan 
172.375, 58.375, 2.365048795174617e-22, nan 
172.625, 58.375, 3.321642093064069e-22, nan 
172.875, 58.375, 2.955835936170863e-22, nan 
173.125, 58.375, 2.0632563027208061e-22, nan 
173.375, 58.375, 6.106295358878335e-23, nan 
173.625, 58.375, 4.902577935394854e-23, nan 
173.875, 58.375, 3.556603895520684e-22, nan 
174.125, 58.375, 4.486866506490103e-22, nan 
174.375, 58.375, 3.9002434550751892e-22, nan 
174.625, 58.375, 1.118279187340617e-21, nan 
174.875, 58.375, 6.632965579448948e-22, nan 
175.125, 58.375, 4.107011778154281e-22, nan 
175.375, 58.375, 3.594509425055888e-22, nan 
175.625, 58.375, 1.5120286298658529e-22, nan 
175.875, 58.375, 6.723319722543236e-23, nan 
176.125, 58.375, 6.44250992562244e-23, nan 
176.375, 58.375, 4.678319114003205e-23, nan 
176.625, 58.375, 2.71055955633176e-23, nan 
176.875, 58.375, 2.8666732308616943e-22, nan 
177.125, 58.375, 3.9472537665790903e-22, nan 
177.375, 58.375, 2.6835058174258585e-22, nan 
177.625, 58.375, 1.8752513026331674e-22, nan 
177.875, 58.375, 1.7703702508162225e-22, nan 
178.125, 58.375, 5.740935726028903e-22, nan 
178.375, 58.375, 6.012425916208216e-22, nan 
178.625, 58.375, 2.6236112821209875e-22, nan 
178.875, 58.375, 1.5815507900110764e-22, nan 
179.125, 58.375, 2.410996563557093e-22, nan 
179.375, 58.375, 4.324799263224841e-22, nan 
179.625, 58.375, 3.598926691652654e-22, nan 
179.875, 58.375, 2.015779324954481e-23, nan 
-179.875, 58.625, 3.440824192867103e-23, nan 
-179.625, 58.625, 3.026728991719996e-23, nan 
-179.375, 58.625, 2.4798071577064884e-23, nan 
-179.125, 58.625, 6.946107817143798e-23, nan 
-178.875, 58.625, 5.175079580877241e-23, nan 
-178.625, 58.625, 8.048517581403968e-23, nan 
-178.375, 58.625, 8.325879781834668e-23, nan 
-178.125, 58.625, 2.7096117298623895e-23, nan 
-177.875, 58.625, 1.2470607445180024e-22, nan 
-177.625, 58.625, 1.6462344296475008e-22, nan 
-177.375, 58.625, 1.6611673109800176e-22, nan 
-177.125, 58.625, 8.960118631798806e-23, nan 
-176.875, 58.625, 1.2446125981838023e-23, nan 
-176.625, 58.625, 1.824568038881286e-23, nan 
-176.375, 58.625, 3.6912245652614274e-23, nan 
-176.125, 58.625, 3.620481842412872e-23, nan 
-175.875, 58.625, 5.09366242289599e-23, nan 
-175.625, 58.625, 5.408489065180635e-23, nan 
-175.375, 58.625, 6.393856984974684e-23, nan 
-175.125, 58.625, 5.543718642560759e-23, nan 
-174.875, 58.625, 2.0705129591272584e-23, nan 
-174.625, 58.625, 2.5291327434842438e-23, nan 
-174.375, 58.625, 6.846498352690325e-23, nan 
-174.125, 58.625, 2.0243769307092075e-22, nan 
-173.875, 58.625, 2.1304373768095158e-22, nan 
-173.625, 58.625, 7.11772289559164e-23, nan 
-173.375, 58.625, 4.629695650656793e-23, nan 
-173.125, 58.625, 3.19402201489571e-23, nan 
-172.875, 58.625, 9.713644228720431e-23, nan 
-172.625, 58.625, 1.1574413918346714e-22, nan 
-172.375, 58.625, 6.958459934738514e-23, nan 
-172.125, 58.625, 3.112404794270168e-23, nan 
-171.875, 58.625, 2.0740186433207598e-23, nan 
-171.625, 58.625, 3.133068506864237e-23, nan 
-171.375, 58.625, 2.5061071648050053e-23, nan 
-171.125, 58.625, 3.486190194463762e-23, nan 
-170.875, 58.625, 1.042884538169123e-23, nan 
-170.625, 58.625, 1.7795491813502326e-23, nan 
-170.375, 58.625, 2.6771585382778834e-23, nan 
-170.125, 58.625, 2.7554749508678934e-23, nan 
-169.875, 58.625, 1.623479341981895e-23, nan 
-169.625, 58.625, 1.2151247455914659e-23, nan 
-169.375, 58.625, 1.7812517929570315e-23, nan 
-169.125, 58.625, 2.3098022164674766e-23, nan 
-168.875, 58.625, 2.202023774086928e-23, nan 
-168.625, 58.625, 2.68616579983531e-23, nan 
-168.375, 58.625, 2.6425694136220253e-23, nan 
-168.125, 58.625, 5.434256879827365e-23, nan 
-167.875, 58.625, 1.068112317126527e-22, nan 
-167.625, 58.625, 9.541262307307263e-23, nan 
-167.375, 58.625, 2.1467580534353824e-23, nan 
-167.125, 58.625, 2.4000490473682713e-23, nan 
-166.875, 58.625, 2.2994618208049252e-23, nan 
-166.625, 58.625, 2.3681467980928304e-23, nan 
-166.375, 58.625, 4.4822343049816576e-23, nan 
-166.125, 58.625, 4.6077813912226074e-23, nan 
-165.875, 58.625, 2.4729389889086676e-23, nan 
-165.625, 58.625, 2.11394257711784e-23, nan 
-165.375, 58.625, 2.4835065901466403e-23, nan 
-165.125, 58.625, 4.894598500882299e-23, nan 
-164.875, 58.625, 3.333499721751993e-23, nan 
-164.625, 58.625, 9.838220315586065e-24, nan 
-164.375, 58.625, 1.084336831303906e-23, nan 
-164.125, 58.625, 1.9353637539784835e-23, nan 
-163.875, 58.625, 1.973190393493437e-23, nan 
-163.625, 58.625, 1.9858571679302343e-23, nan 
-163.375, 58.625, 2.4743864095367565e-23, nan 
-163.125, 58.625, 3.7410611503737425e-23, nan 
-162.875, 58.625, 4.4099910041554926e-23, nan 
-162.625, 58.625, 2.1528346950710844e-23, nan 
-162.375, 58.625, 3.2903454354712314e-23, nan 
-162.125, 58.625, 4.025202219596735e-23, nan 
-161.875, 58.625, 2.4057161090956923e-23, nan 
-161.625, 58.625, 1.2922699579098814e-23, nan 
-161.375, 58.625, 2.019378973373783e-23, nan 
-161.125, 58.625, 2.2179459094384527e-23, nan 
-160.875, 58.625, 1.2334469147780505e-23, nan 
-160.625, 58.625, 1.0624750528216624e-23, nan 
-160.375, 58.625, 1.2696440862969794e-23, nan 
-160.125, 58.625, 1.6544396270272172e-23, nan 
-159.875, 58.625, 3.41375264629877e-23, nan 
-159.625, 58.625, 3.285138029868039e-23, nan 
-159.375, 58.625, 1.5550076270312387e-23, nan 
-159.125, 58.625, 2.5334005092710083e-23, nan 
-158.875, 58.625, 2.95303247749835e-23, nan 
-158.625, 58.625, 1.4866886913097222e-23, nan 
-158.375, 58.625, 1.2587692462593548e-23, nan 
-158.125, 58.625, 1.1727566249925881e-23, nan 
-157.875, 58.625, 7.845203287279918e-24, nan 
-157.625, 58.625, 1.2865482574517935e-23, nan 
-157.375, 58.625, 1.0293164215071948e-23, nan 
-157.125, 58.625, 2.0752117307084928e-23, nan 
-156.875, 58.625, 3.0299352246086555e-23, nan 
-156.625, 58.625, 2.000670691794942e-23, nan 
-156.375, 58.625, 1.1896626984029778e-23, nan 
-156.125, 58.625, 8.197139126993355e-24, nan 
-155.875, 58.625, 5.620896051833106e-24, nan 
-155.625, 58.625, 8.624137771186892e-24, nan 
-155.375, 58.625, 1.1136402425615489e-23, nan 
-155.125, 58.625, 1.407718617063901e-23, nan 
-154.875, 58.625, 1.1737646443984385e-23, nan 
-154.625, 58.625, 1.1825795546559592e-23, nan 
-154.375, 58.625, 8.266383936273964e-24, nan 
-154.125, 58.625, 1.0018697327096044e-23, nan 
-153.875, 58.625, 9.409729739294204e-24, nan 
-153.625, 58.625, 8.447333149870741e-24, nan 
-153.375, 58.625, 7.444341376532658e-24, nan 
-153.125, 58.625, 1.9128191902178685e-24, nan 
-152.875, 58.625, 4.835592899372278e-24, nan 
-152.625, 58.625, 1.039930315468765e-23, nan 
-152.375, 58.625, 1.0507994827182254e-23, nan 
-152.125, 58.625, 5.2135803350238595e-24, nan 
-151.875, 58.625, 4.811090970376381e-24, nan 
-151.625, 58.625, 5.901657892173155e-24, nan 
-151.375, 58.625, 1.365516244220476e-23, nan 
-151.125, 58.625, 1.1433870420927526e-23, nan 
-150.875, 58.625, 3.381811141332709e-24, nan 
-150.625, 58.625, 2.728044222125945e-23, nan 
-150.375, 58.625, 3.578586743059279e-23, nan 
-150.125, 58.625, 2.9711838239664495e-23, nan 
-149.875, 58.625, 2.3777635783697856e-23, nan 
-149.625, 58.625, 1.2955712305475821e-23, nan 
-149.375, 58.625, 1.5876625947744282e-23, nan 
-149.125, 58.625, 1.2134520397530868e-23, nan 
-148.875, 58.625, 9.067156466748769e-24, nan 
-148.625, 58.625, 1.0038534170016796e-23, nan 
-148.375, 58.625, 1.0058086348442449e-23, nan 
-148.125, 58.625, 1.3033945257252237e-23, nan 
-147.875, 58.625, 1.5382302993420763e-23, nan 
-147.625, 58.625, 6.510835794912717e-24, nan 
-147.375, 58.625, 5.52090167378169e-24, nan 
-147.125, 58.625, 5.1214165888387924e-24, nan 
-146.875, 58.625, 1.4747789976934032e-23, nan 
-146.625, 58.625, 1.6369178310325664e-23, nan 
-146.375, 58.625, 1.4839178950508256e-23, nan 
-146.125, 58.625, 1.581815348826102e-23, nan 
-145.875, 58.625, 4.7003252355982e-24, nan 
-145.625, 58.625, 6.495916164071921e-24, nan 
-145.375, 58.625, 7.084138396531113e-24, nan 
-145.125, 58.625, 6.924618662240796e-24, nan 
-144.875, 58.625, 6.719221663422119e-24, nan 
-144.625, 58.625, 9.188947376252698e-24, nan 
-144.375, 58.625, 1.0240903608763782e-23, nan 
-144.125, 58.625, 9.191260571716577e-24, nan 
-143.875, 58.625, 7.899192537994103e-24, nan 
-143.625, 58.625, 6.4936954800974136e-24, nan 
-143.375, 58.625, 4.003078792652777e-24, nan 
-143.125, 58.625, 3.677205795366297e-24, nan 
-142.875, 58.625, 4.9260180275449846e-24, nan 
-142.625, 58.625, 5.2130038938935076e-24, nan 
-142.375, 58.625, 5.2361926709393164e-24, nan 
-142.125, 58.625, 6.264533027509828e-24, nan 
-141.875, 58.625, 7.773320692856454e-24, nan 
-141.625, 58.625, 1.0698919941271706e-23, nan 
-141.375, 58.625, 9.705882228535887e-24, nan 
-141.125, 58.625, 2.705114282787325e-24, nan 
-140.875, 58.625, 2.5806361718655538e-24, nan 
-140.625, 58.625, 2.7021703237709592e-24, nan 
-140.375, 58.625, 5.061562003792082e-24, nan 
-140.125, 58.625, 5.589555194488982e-24, nan 
-139.875, 58.625, 6.886870030075742e-24, nan 
-139.625, 58.625, 8.596845893287484e-24, nan 
-139.375, 58.625, 8.071284124008928e-24, nan 
-139.125, 58.625, 5.6319019788123956e-24, nan 
-138.875, 58.625, 8.621809552020713e-24, nan 
-138.625, 58.625, 1.1233629116538942e-23, nan 
-138.375, 58.625, 9.376665375449596e-24, nan 
-138.125, 58.625, 7.882832341236993e-24, nan 
-137.875, 58.625, 7.129207357973703e-24, nan 
-137.625, 58.625, 5.362398994736847e-24, nan 
-137.375, 58.625, 6.619743288001938e-24, nan 
-137.125, 58.625, 6.429156793097424e-24, nan 
-136.875, 58.625, 5.592598302089435e-24, nan 
-136.625, 58.625, 4.9314305750985636e-24, nan 
-136.375, 58.625, 5.875307602007305e-24, nan 
-136.125, 58.625, 7.23619484087446e-24, nan 
-135.875, 58.625, 7.93988364017577e-24, nan 
-135.625, 58.625, 6.4248447353393486e-24, nan 
-135.375, 58.625, 4.3686164178246144e-24, nan 
-135.125, 58.625, 4.9947198398597986e-24, nan 
-134.875, 58.625, 4.839621195732448e-24, nan 
-134.625, 58.625, 5.084185605956671e-24, nan 
-134.375, 58.625, 5.193009330522372e-24, nan 
106.375, 58.625, 5.309296777098805e-24, nan 
106.625, 58.625, 3.3399555323352386e-24, nan 
106.875, 58.625, 3.2153979976156263e-24, nan 
107.125, 58.625, 2.5107913840531297e-24, nan 
107.375, 58.625, 1.9915430034074314e-24, nan 
107.625, 58.625, 1.722882865855428e-24, nan 
107.875, 58.625, 3.874047416212431e-24, nan 
108.125, 58.625, 3.3862382858007544e-24, nan 
108.375, 58.625, 4.166901002691479e-24, nan 
108.625, 58.625, 4.346911998682962e-24, nan 
108.875, 58.625, 3.2730501609127042e-24, nan 
109.125, 58.625, 2.391777733770895e-24, nan 
109.375, 58.625, 2.2580488020325284e-24, nan 
109.625, 58.625, 2.380740919384298e-24, nan 
109.875, 58.625, 3.8275732628095995e-24, nan 
110.125, 58.625, 3.527365530327386e-24, nan 
110.375, 58.625, 8.817532797329374e-24, nan 
110.625, 58.625, 9.397111605516005e-24, nan 
110.875, 58.625, 3.2061424910214883e-24, nan 
111.125, 58.625, 3.5747838713378606e-24, nan 
111.375, 58.625, 4.331686661553322e-24, nan 
111.625, 58.625, 1.0078880123777084e-23, nan 
111.875, 58.625, 1.422993297726773e-23, nan 
112.125, 58.625, 2.3155661601321473e-23, nan 
112.375, 58.625, 2.0788229714994675e-23, nan 
112.625, 58.625, 2.1519981318473128e-23, nan 
112.875, 58.625, 1.7835065021577985e-23, nan 
113.125, 58.625, 6.915017520295425e-24, nan 
113.375, 58.625, 7.190571113894988e-24, nan 
113.625, 58.625, 2.2994262225386518e-23, nan 
113.875, 58.625, 3.0739166016977846e-23, nan 
114.125, 58.625, 1.53525093758302e-23, nan 
114.375, 58.625, 6.1811444810398816e-24, nan 
114.625, 58.625, 3.343063433127525e-24, nan 
114.875, 58.625, 3.917841432809935e-24, nan 
115.125, 58.625, 5.4327702325663775e-24, nan 
115.375, 58.625, 4.168104992463423e-24, nan 
115.625, 58.625, 8.540085879789877e-24, nan 
115.875, 58.625, 1.6104127256461088e-23, nan 
116.125, 58.625, 1.43000651814375e-23, nan 
116.375, 58.625, 4.0902443749516435e-24, nan 
116.625, 58.625, 2.89800021278011e-23, nan 
116.875, 58.625, 5.0505105418408246e-23, nan 
117.125, 58.625, 4.066663249367858e-23, nan 
117.375, 58.625, 1.4753157020747514e-23, nan 
117.625, 58.625, 9.40788762865337e-24, nan 
117.875, 58.625, 6.44946757906162e-24, nan 
118.125, 58.625, 5.802208773648017e-24, nan 
118.375, 58.625, 4.8259436989602176e-24, nan 
118.625, 58.625, 2.861782669008677e-24, nan 
118.875, 58.625, 3.404780518193119e-24, nan 
119.125, 58.625, 2.7513167608597637e-23, nan 
119.375, 58.625, 3.080676042866683e-23, nan 
119.625, 58.625, 1.7420196801723842e-23, nan 
119.875, 58.625, 1.8092760572181448e-23, nan 
120.125, 58.625, 1.5082367549952531e-23, nan 
120.375, 58.625, 8.851450248547164e-24, nan 
120.625, 58.625, 5.463417281539859e-24, nan 
120.875, 58.625, 5.559017670134249e-24, nan 
121.125, 58.625, 8.008123562261528e-24, nan 
121.375, 58.625, 9.104622868699892e-24, nan 
121.625, 58.625, 6.854059118779572e-24, nan 
121.875, 58.625, 5.021034595347152e-24, nan 
122.125, 58.625, 5.0027771497660074e-24, nan 
122.375, 58.625, 5.318401628542196e-24, nan 
122.625, 58.625, 6.242070904565896e-24, nan 
122.875, 58.625, 6.98635422552326e-24, nan 
123.125, 58.625, 7.271305487483532e-24, nan 
123.375, 58.625, 7.598663365452025e-24, nan 
123.625, 58.625, 5.606700417369661e-24, nan 
123.875, 58.625, 5.636587118764783e-24, nan 
124.125, 58.625, 4.8675516399449905e-24, nan 
124.375, 58.625, 7.9075609746573e-24, nan 
124.625, 58.625, 1.958229539751393e-23, nan 
124.875, 58.625, 2.7130498381335084e-23, nan 
125.125, 58.625, 2.63530427382032e-23, nan 
125.375, 58.625, 2.0426589168730008e-23, nan 
125.625, 58.625, 8.057355412459719e-24, nan 
125.875, 58.625, 4.005431200430893e-24, nan 
126.125, 58.625, 6.854600257829649e-24, nan 
126.375, 58.625, 7.742440270772172e-24, nan 
126.625, 58.625, 1.0561348526659844e-23, nan 
126.875, 58.625, 1.115752604953063e-23, nan 
127.125, 58.625, 1.1878825196106584e-23, nan 
127.375, 58.625, 1.469617144240459e-23, nan 
127.625, 58.625, 1.3126746230906857e-23, nan 
127.875, 58.625, 7.514405288093226e-24, nan 
128.125, 58.625, 4.517879190840404e-24, nan 
128.375, 58.625, 8.895848318807508e-24, nan 
128.625, 58.625, 1.5731767926141917e-23, nan 
128.875, 58.625, 1.3868508387496245e-23, nan 
129.125, 58.625, 1.1757852468578886e-23, nan 
129.375, 58.625, 1.4641683957760888e-23, nan 
129.625, 58.625, 1.4421260716522244e-23, nan 
129.875, 58.625, 6.995853893907707e-24, nan 
130.125, 58.625, 2.025528416574937e-23, nan 
130.375, 58.625, 2.1526276808361776e-23, nan 
130.625, 58.625, 1.061110209578766e-23, nan 
130.875, 58.625, 6.544831996876094e-24, nan 
131.125, 58.625, 6.387021665959728e-24, nan 
131.375, 58.625, 1.2037630365615651e-23, nan 
131.625, 58.625, 1.5642246490884146e-23, nan 
131.875, 58.625, 9.194179977571396e-24, nan 
132.125, 58.625, 6.522068096196639e-24, nan 
132.375, 58.625, 1.1020703932147643e-23, nan 
132.625, 58.625, 1.1134804291724043e-23, nan 
132.875, 58.625, 1.6378633025736608e-23, nan 
133.125, 58.625, 2.074154038601009e-23, nan 
133.375, 58.625, 1.9023728485052366e-23, nan 
133.625, 58.625, 1.3082015602246382e-23, nan 
133.875, 58.625, 1.749983143072756e-23, nan 
134.125, 58.625, 1.8961575164679333e-23, nan 
134.375, 58.625, 1.6335760498000886e-23, nan 
134.625, 58.625, 8.746537771632809e-24, nan 
134.875, 58.625, 9.634919149986167e-24, nan 
135.125, 58.625, 2.0769550866180167e-23, nan 
135.375, 58.625, 2.9034806280472124e-23, nan 
135.625, 58.625, 1.6539358284892103e-23, nan 
135.875, 58.625, 2.2629284659414298e-23, nan 
136.125, 58.625, 2.699090862247348e-23, nan 
136.375, 58.625, 1.7287503830057934e-23, nan 
136.625, 58.625, 1.3181639224723013e-23, nan 
136.875, 58.625, 1.4777154401280736e-23, nan 
137.125, 58.625, 1.1365892176432802e-23, nan 
137.375, 58.625, 1.414736556842432e-23, nan 
137.625, 58.625, 1.0245445035890172e-23, nan 
137.875, 58.625, 1.1832395211126843e-23, nan 
138.125, 58.625, 1.8976372936740502e-23, nan 
138.375, 58.625, 1.7012602371830688e-23, nan 
138.625, 58.625, 8.859038076274292e-24, nan 
138.875, 58.625, 1.5733188764421355e-23, nan 
139.125, 58.625, 1.6520868712157163e-23, nan 
139.375, 58.625, 5.880549804395151e-23, nan 
139.625, 58.625, 6.727505433192703e-23, nan 
139.875, 58.625, 8.432731860145706e-23, nan 
140.125, 58.625, 8.465213171223368e-23, nan 
140.375, 58.625, 4.24431356971387e-23, nan 
140.625, 58.625, 1.5798830136396823e-23, nan 
140.875, 58.625, 1.585491616705546e-23, nan 
141.125, 58.625, 2.135079680394645e-23, nan 
141.375, 58.625, 2.0580649197761492e-23, nan 
141.625, 58.625, 4.491116372423768e-23, nan 
141.875, 58.625, 5.84214232380894e-23, nan 
142.125, 58.625, 4.012156702672089e-23, nan 
142.375, 58.625, 3.3920479218375036e-23, nan 
142.625, 58.625, 4.444211085253303e-23, nan 
142.875, 58.625, 4.479808217453115e-23, nan 
143.125, 58.625, 2.3178365290272687e-23, nan 
143.375, 58.625, 2.397602640590436e-23, nan 
143.625, 58.625, 2.74300620966149e-23, nan 
143.875, 58.625, 9.567840862618083e-23, nan 
144.125, 58.625, 9.892123518858303e-23, nan 
144.375, 58.625, 4.4462313220858443e-23, nan 
144.625, 58.625, 4.1846550816052665e-23, nan 
144.875, 58.625, 1.9985831534396928e-23, nan 
145.125, 58.625, 2.336384641865102e-23, nan 
145.375, 58.625, 1.4308473626107929e-23, nan 
145.625, 58.625, 2.5251443985088516e-23, nan 
145.875, 58.625, 4.27879265145533e-23, nan 
146.125, 58.625, 6.047413780576745e-23, nan 
146.375, 58.625, 6.036100445691036e-23, nan 
146.625, 58.625, 4.384317623350766e-23, nan 
146.875, 58.625, 7.056805910874428e-23, nan 
147.125, 58.625, 5.588394828962061e-23, nan 
147.375, 58.625, 1.5960190867164704e-23, nan 
147.625, 58.625, 2.220392856433031e-23, nan 
147.875, 58.625, 2.2706670312269423e-23, nan 
148.125, 58.625, 3.672711309663616e-23, nan 
148.375, 58.625, 3.1467554813150895e-23, nan 
148.625, 58.625, 1.7080326060220287e-23, nan 
148.875, 58.625, 2.302807287620014e-23, nan 
149.125, 58.625, 1.9259760143998864e-23, nan 
149.375, 58.625, 4.0036628766084025e-23, nan 
149.625, 58.625, 1.2775053257209835e-22, nan 
149.875, 58.625, 1.5704863318459193e-22, nan 
150.125, 58.625, 9.319057489924597e-23, nan 
150.375, 58.625, 7.083965545457235e-23, nan 
150.625, 58.625, 1.2065555105504536e-22, nan 
150.875, 58.625, 1.2661916542981013e-22, nan 
151.125, 58.625, 7.058464914883483e-23, nan 
151.375, 58.625, 1.0774573868673873e-22, nan 
151.625, 58.625, 1.7653886960103456e-22, nan 
151.875, 58.625, 1.671067593049099e-22, nan 
152.125, 58.625, 3.408648955187295e-23, nan 
152.375, 58.625, 5.2797022019424297e-23, nan 
152.625, 58.625, 7.267496126912969e-23, nan 
152.875, 58.625, 7.776306811384269e-23, nan 
153.125, 58.625, 6.0746275444777e-23, nan 
153.375, 58.625, 8.638436087251875e-23, nan 
153.625, 58.625, 1.6331018184527904e-22, nan 
153.875, 58.625, 1.3373081208506298e-22, nan 
154.125, 58.625, 6.236957035283531e-23, nan 
154.375, 58.625, 5.2687737072938844e-23, nan 
154.625, 58.625, 6.697467292174077e-23, nan 
154.875, 58.625, 8.601764665667247e-23, nan 
155.125, 58.625, 8.42508441851372e-23, nan 
155.375, 58.625, 7.600232617735788e-23, nan 
155.625, 58.625, 8.865865473612033e-23, nan 
155.875, 58.625, 1.1664545858950391e-22, nan 
156.125, 58.625, 1.0912395722276714e-22, nan 
156.375, 58.625, 8.225025831067027e-23, nan 
156.625, 58.625, 1.1188907230358292e-22, nan 
156.875, 58.625, 1.2600861236747347e-22, nan 
157.125, 58.625, 3.5828351721950315e-22, nan 
157.375, 58.625, 3.1670620191645054e-22, nan 
157.625, 58.625, 8.58961887923721e-23, nan 
157.875, 58.625, 1.0050033843036565e-22, nan 
158.125, 58.625, 6.3650810872567e-23, nan 
158.375, 58.625, 1.134166329657232e-22, nan 
158.625, 58.625, 1.9575766601428045e-22, nan 
158.875, 58.625, 2.2726479942095294e-22, nan 
159.125, 58.625, 1.836784276179464e-22, nan 
159.375, 58.625, 1.5092773918516553e-22, nan 
159.625, 58.625, 1.0856251267502015e-22, nan 
159.875, 58.625, 1.2244024552186156e-22, nan 
160.125, 58.625, 1.1194435829889007e-22, nan 
160.375, 58.625, 1.1368705968043666e-22, nan 
160.625, 58.625, 5.680519907001459e-23, nan 
160.875, 58.625, 4.2546197844416163e-23, nan 
161.125, 58.625, 5.021358585144634e-23, nan 
161.375, 58.625, 6.513105856385042e-23, nan 
161.625, 58.625, 3.169174983806242e-22, nan 
161.875, 58.625, 3.44814098496286e-22, nan 
162.125, 58.625, 2.6264826336307896e-22, nan 
162.375, 58.625, 2.4220311262054563e-22, nan 
162.625, 58.625, 1.9879031437513193e-22, nan 
162.875, 58.625, 2.0888033292565926e-22, nan 
163.125, 58.625, 2.2115535080719605e-22, nan 
163.375, 58.625, 1.5768408725160886e-22, nan 
163.625, 58.625, 7.358052838061929e-23, nan 
163.875, 58.625, 1.2160662787720639e-22, nan 
164.125, 58.625, 1.9161109548307834e-22, nan 
164.375, 58.625, 1.757818788751772e-22, nan 
164.625, 58.625, 8.859753175515607e-23, nan 
164.875, 58.625, 1.675553482474547e-22, nan 
165.125, 58.625, 1.5199676402582788e-22, nan 
165.375, 58.625, 3.3559942840092544e-22, nan 
165.625, 58.625, 2.87072489761795e-22, nan 
165.875, 58.625, 2.0820675456246555e-22, nan 
166.125, 58.625, 7.086626353252282e-22, nan 
166.375, 58.625, 9.002721364196991e-22, nan 
166.625, 58.625, 3.22704750074706e-21, nan 
166.875, 58.625, 4.546608962740512e-21, nan 
167.125, 58.625, 2.4913325138630665e-21, nan 
167.375, 58.625, 7.148603640957944e-22, nan 
167.625, 58.625, 6.300441179429518e-22, nan 
167.875, 58.625, 5.713138980078223e-22, nan 
168.125, 58.625, 4.491197175091937e-22, nan 
168.375, 58.625, 1.7064316418454303e-22, nan 
168.625, 58.625, 1.3118446167783657e-22, nan 
168.875, 58.625, 2.3172755178601263e-22, nan 
169.125, 58.625, 1.7042862571454636e-22, nan 
169.375, 58.625, 2.690015944022786e-22, nan 
169.625, 58.625, 2.642629807908251e-22, nan 
169.875, 58.625, 5.817572729389831e-23, nan 
170.125, 58.625, 5.499058328173693e-23, nan 
170.375, 58.625, 9.167108161483399e-23, nan 
170.625, 58.625, 1.2161852630487502e-22, nan 
170.875, 58.625, 9.618840496270001e-23, nan 
171.125, 58.625, 2.176327081189619e-22, nan 
171.375, 58.625, 2.306931363178022e-22, nan 
171.625, 58.625, 1.7375395561392003e-22, nan 
171.875, 58.625, 1.0494745212551094e-22, nan 
172.125, 58.625, 1.8453064945674777e-22, nan 
172.375, 58.625, 1.5971687185441325e-22, nan 
172.625, 58.625, 2.413939547972164e-22, nan 
172.875, 58.625, 2.637293207311466e-22, nan 
173.125, 58.625, 1.923658907965775e-22, nan 
173.375, 58.625, 2.237120499337239e-22, nan 
173.625, 58.625, 6.537338918721392e-22, nan 
173.875, 58.625, 7.785451944256535e-22, nan 
174.125, 58.625, 5.960863993239369e-22, nan 
174.375, 58.625, 2.531097339992299e-21, nan 
174.625, 58.625, 3.140030729418304e-21, nan 
174.875, 58.625, 1.7457849229417036e-21, nan 
175.125, 58.625, 1.097065294859949e-21, nan 
175.375, 58.625, 4.285656103523736e-22, nan 
175.625, 58.625, 4.244963989140501e-22, nan 
175.875, 58.625, 2.877418179307754e-22, nan 
176.125, 58.625, 2.1023058145170791e-22, nan 
176.375, 58.625, 7.002879872207725e-23, nan 
176.625, 58.625, 5.0919297736221107e-23, nan 
176.875, 58.625, 1.7149424524662933e-23, nan 
177.125, 58.625, 1.7087457353505314e-22, nan 
177.375, 58.625, 1.4637401998817704e-22, nan 
177.625, 58.625, 1.4656382734857231e-22, nan 
177.875, 58.625, 8.527519428812901e-23, nan 
178.125, 58.625, 1.364206547562367e-22, nan 
178.375, 58.625, 3.1581921264158923e-22, nan 
178.625, 58.625, 3.6597271832012843e-22, nan 
178.875, 58.625, 3.627904874201444e-22, nan 
179.125, 58.625, 2.973297876438478e-22, nan 
179.375, 58.625, 2.536206336216409e-22, nan 
179.625, 58.625, 5.442138673741676e-23, nan 
179.875, 58.625, 4.2890483389725015e-23, nan 
-179.875, 58.875, 8.809490213319288e-23, nan 
-179.625, 58.875, 7.176504424252966e-23, nan 
-179.375, 58.875, 3.5421179041738483e-23, nan 
-179.125, 58.875, 9.086446526843639e-23, nan 
-178.875, 58.875, 1.2549645728757423e-22, nan 
-178.625, 58.875, 1.580583483099361e-22, nan 
-178.375, 58.875, 1.4719927488817592e-22, nan 
-178.125, 58.875, 4.733864829589177e-23, nan 
-177.875, 58.875, 1.2199130388886732e-22, nan 
-177.625, 58.875, 2.1019288139371678e-22, nan 
-177.375, 58.875, 2.4869231908389366e-22, nan 
-177.125, 58.875, 2.2449054541126384e-22, nan 
-176.875, 58.875, 1.5376705800010993e-22, nan 
-176.625, 58.875, 9.096987735946016e-24, nan 
-176.375, 58.875, 1.357737381566293e-23, nan 
-176.125, 58.875, 2.3881066834232577e-23, nan 
-175.875, 58.875, 3.780187229354624e-23, nan 
-175.625, 58.875, 6.414932617622556e-23, nan 
-175.375, 58.875, 8.014347049331375e-23, nan 
-175.125, 58.875, 6.562006428867537e-23, nan 
-174.875, 58.875, 5.1148025636421224e-23, nan 
-174.625, 58.875, 2.5347397752276318e-23, nan 
-174.375, 58.875, 1.8614692974241267e-23, nan 
-174.125, 58.875, 5.157242148484975e-23, nan 
-173.875, 58.875, 1.8197420968475967e-22, nan 
-173.625, 58.875, 1.6399768011298174e-22, nan 
-173.375, 58.875, 7.573504464674066e-23, nan 
-173.125, 58.875, 3.406055655856146e-23, nan 
-172.875, 58.875, 2.7406219601788554e-22, nan 
-172.625, 58.875, 2.8275335384560845e-22, nan 
-172.375, 58.875, 1.205396201355044e-22, nan 
-172.125, 58.875, 9.982843865347702e-23, nan 
-171.875, 58.875, 5.553773391090585e-23, nan 
-171.625, 58.875, 2.5296495025721946e-23, nan 
-171.375, 58.875, 6.44858541379397e-23, nan 
-171.125, 58.875, 9.819386574716314e-23, nan 
-170.875, 58.875, 6.116641445800365e-23, nan 
-170.625, 58.875, 2.0356827071405645e-23, nan 
-170.375, 58.875, 4.0254046617623924e-23, nan 
-170.125, 58.875, 3.275923422621413e-23, nan 
-169.875, 58.875, 2.5872617768987668e-23, nan 
-169.625, 58.875, 2.1383255125147128e-23, nan 
-169.375, 58.875, 3.114573320852016e-23, nan 
-169.125, 58.875, 3.832839310319989e-23, nan 
-168.875, 58.875, 2.6311695259504346e-23, nan 
-168.625, 58.875, 2.2823047584983918e-23, nan 
-168.375, 58.875, 1.8761343557547387e-23, nan 
-168.125, 58.875, 8.689933829843886e-23, nan 
-167.875, 58.875, 1.0998147239180522e-22, nan 
-167.625, 58.875, 7.314908690836956e-23, nan 
-167.375, 58.875, 2.133853217972041e-23, nan 
-167.125, 58.875, 1.1402685450662384e-23, nan 
-166.875, 58.875, 2.111383563564921e-23, nan 
-166.625, 58.875, 3.385509563624989e-23, nan 
-166.375, 58.875, 4.3393679877035824e-23, nan 
-166.125, 58.875, 2.603883623226298e-23, nan 
-165.875, 58.875, 2.2526216142494017e-23, nan 
-165.625, 58.875, 2.2500631490336185e-23, nan 
-165.375, 58.875, 2.18416006313887e-23, nan 
-165.125, 58.875, 3.365036574476511e-23, nan 
-164.875, 58.875, 2.756306445944932e-23, nan 
-164.625, 58.875, 1.0321963695806587e-23, nan 
-164.375, 58.875, 1.0960250862088695e-23, nan 
-164.125, 58.875, 1.5106729009225833e-23, nan 
-163.875, 58.875, 2.6747491028656503e-23, nan 
-163.625, 58.875, 2.5800396526589108e-23, nan 
-163.375, 58.875, 3.321878434695377e-23, nan 
-163.125, 58.875, 3.1046271685991487e-23, nan 
-162.875, 58.875, 2.087694673679163e-23, nan 
-162.625, 58.875, 1.766482761273902e-23, nan 
-162.375, 58.875, 1.940469973105353e-23, nan 
-162.125, 58.875, 2.616295621982699e-23, nan 
-161.875, 58.875, 3.0805662788401595e-23, nan 
-161.625, 58.875, 3.171468620254901e-23, nan 
-161.375, 58.875, 2.64540988332867e-23, nan 
-161.125, 58.875, 3.553896717370622e-23, nan 
-160.875, 58.875, 2.946567939641304e-23, nan 
-160.625, 58.875, 1.5437532907708065e-23, nan 
-160.375, 58.875, 1.303652098649558e-23, nan 
-160.125, 58.875, 1.1486611667920074e-23, nan 
-159.875, 58.875, 2.934549641034506e-23, nan 
-159.625, 58.875, 3.929839175968747e-23, nan 
-159.375, 58.875, 3.033332065013643e-23, nan 
-159.125, 58.875, 2.5881684793663554e-23, nan 
-158.875, 58.875, 2.5160920121264755e-23, nan 
-158.625, 58.875, 1.597677667261927e-23, nan 
-158.375, 58.875, 1.2217072912756454e-23, nan 
-158.125, 58.875, 2.041364163618202e-23, nan 
-157.875, 58.875, 1.695912106517876e-23, nan 
-157.625, 58.875, 1.5790918312579083e-23, nan 
-157.375, 58.875, 2.858050792966154e-23, nan 
-157.125, 58.875, 2.983133392134011e-23, nan 
-156.875, 58.875, 4.000102619872835e-23, nan 
-156.625, 58.875, 3.909571153546916e-23, nan 
-156.375, 58.875, 1.7704914665025457e-23, nan 
-156.125, 58.875, 1.2885338496771157e-23, nan 
-155.875, 58.875, 1.3101867970865316e-23, nan 
-155.625, 58.875, 6.588231012332976e-24, nan 
-155.375, 58.875, 4.044944919543293e-24, nan 
-155.125, 58.875, 1.0989446882434531e-23, nan 
-154.875, 58.875, 1.4025546763813651e-23, nan 
-154.625, 58.875, 1.0882323557713098e-23, nan 
-154.375, 58.875, 4.4424293018265755e-24, nan 
-154.125, 58.875, 4.209504772306838e-24, nan 
-153.875, 58.875, 4.7562509489382255e-24, nan 
-153.625, 58.875, 4.093565262119343e-24, nan 
-153.375, 58.875, 7.022425453263267e-24, nan 
-153.125, 58.875, 6.0999331278197375e-24, nan 
-152.875, 58.875, 6.392495599202589e-24, nan 
-152.625, 58.875, 1.4990828770466185e-23, nan 
-152.375, 58.875, 1.720862192652081e-23, nan 
-152.125, 58.875, 9.077075460430553e-24, nan 
-151.875, 58.875, 6.732230158509221e-24, nan 
-151.625, 58.875, 9.125459605599654e-24, nan 
-151.375, 58.875, 9.715720935495517e-24, nan 
-151.125, 58.875, 5.054520180538361e-24, nan 
-150.875, 58.875, 5.9083640256940924e-24, nan 
-150.625, 58.875, 2.1046111404935572e-23, nan 
-150.375, 58.875, 3.045475143806621e-23, nan 
-150.125, 58.875, 1.46080959179734e-23, nan 
-149.875, 58.875, 9.284189602975326e-24, nan 
-149.625, 58.875, 1.0288767814117027e-23, nan 
-149.375, 58.875, 1.1418690475795034e-23, nan 
-149.125, 58.875, 1.443590980262438e-23, nan 
-148.875, 58.875, 1.569309882706097e-23, nan 
-148.625, 58.875, 1.0860217666682143e-23, nan 
-148.375, 58.875, 2.0487752222331145e-23, nan 
-148.125, 58.875, 1.9074042488994454e-23, nan 
-147.875, 58.875, 1.8260100065421605e-23, nan 
-147.625, 58.875, 1.5487834092156036e-23, nan 
-147.375, 58.875, 2.764643168909913e-24, nan 
-147.125, 58.875, 4.27518787161769e-24, nan 
-146.875, 58.875, 4.223463411880502e-24, nan 
-146.625, 58.875, 9.638539356267077e-24, nan 
-146.375, 58.875, 1.2922872142833261e-23, nan 
-146.125, 58.875, 2.2471112667422802e-23, nan 
-145.875, 58.875, 2.0563612230123164e-23, nan 
-145.625, 58.875, 6.422537400038676e-24, nan 
-145.375, 58.875, 4.921759720200919e-24, nan 
-145.125, 58.875, 6.503652420004615e-24, nan 
-144.875, 58.875, 6.4302449378028124e-24, nan 
-144.625, 58.875, 7.081520034674748e-24, nan 
-144.375, 58.875, 8.079968143181088e-24, nan 
-144.125, 58.875, 1.3193698273824145e-23, nan 
-143.875, 58.875, 1.3407384329136683e-23, nan 
-143.625, 58.875, 9.357309612431282e-24, nan 
-143.375, 58.875, 6.355680236395192e-24, nan 
-143.125, 58.875, 4.3758419053674416e-24, nan 
-142.875, 58.875, 5.588590614067718e-24, nan 
-142.625, 58.875, 5.0102904311734716e-24, nan 
-142.375, 58.875, 4.632408682388987e-24, nan 
-142.125, 58.875, 5.087319308656869e-24, nan 
-141.875, 58.875, 6.538203704659706e-24, nan 
-141.625, 58.875, 7.170328062275052e-24, nan 
-141.375, 58.875, 1.356576766662811e-23, nan 
-141.125, 58.875, 1.3876714220905018e-23, nan 
-140.875, 58.875, 3.737104333678139e-24, nan 
-140.625, 58.875, 5.1617263279149725e-24, nan 
-140.375, 58.875, 3.826800383054696e-24, nan 
-140.125, 58.875, 3.8914950678696755e-24, nan 
-139.875, 58.875, 5.549917594871831e-24, nan 
-139.625, 58.875, 5.322423104059785e-24, nan 
-139.375, 58.875, 6.999429960224347e-24, nan 
-139.125, 58.875, 6.66147939034344e-24, nan 
-138.875, 58.875, 6.807812477875248e-24, nan 
-138.625, 58.875, 9.030554107979292e-24, nan 
-138.375, 58.875, 9.22618304223579e-24, nan 
-138.125, 58.875, 5.2207690137049396e-24, nan 
-137.875, 58.875, 6.840314019251319e-24, nan 
-137.625, 58.875, 7.358317606043055e-24, nan 
-137.375, 58.875, 4.928071515200678e-24, nan 
-137.125, 58.875, 5.2147582876255106e-24, nan 
-136.875, 58.875, 5.7836118853257595e-24, nan 
-136.625, 58.875, 5.1000561569515216e-24, nan 
-136.375, 58.875, 5.329709619521817e-24, nan 
-136.125, 58.875, 5.2944019252630186e-24, nan 
-135.875, 58.875, 7.204982361896971e-24, nan 
-135.625, 58.875, 7.839763721791506e-24, nan 
-135.375, 58.875, 5.812465637779174e-24, nan 
-135.125, 58.875, 3.51217323256857e-24, nan 
-134.875, 58.875, 3.0917010227743968e-24, nan 
-134.625, 58.875, 4.0484042956461444e-24, nan 
-134.375, 58.875, 6.5432986997461795e-24, nan 
-134.125, 58.875, 6.80643263360334e-24, nan 
-133.875, 58.875, 4.88741764539995e-24, nan 
105.875, 58.875, 1.1476837038833869e-23, nan 
106.125, 58.875, 9.747209524614593e-24, nan 
106.375, 58.875, 3.028267833760412e-24, nan 
106.625, 58.875, 2.796836850406378e-24, nan 
106.875, 58.875, 4.087283286167547e-24, nan 
107.125, 58.875, 3.659574833663783e-24, nan 
107.375, 58.875, 2.8622294087524244e-24, nan 
107.625, 58.875, 4.215392827211363e-24, nan 
107.875, 58.875, 4.401994077179318e-24, nan 
108.125, 58.875, 3.558461859100155e-24, nan 
108.375, 58.875, 3.459016250231423e-24, nan 
108.625, 58.875, 3.427841028652739e-24, nan 
108.875, 58.875, 3.3642100587379815e-24, nan 
109.125, 58.875, 3.4244294414033395e-24, nan 
109.375, 58.875, 3.583936001446242e-24, nan 
109.625, 58.875, 3.636869481580498e-24, nan 
109.875, 58.875, 4.2848732939458355e-24, nan 
110.125, 58.875, 4.002111475725857e-24, nan 
110.375, 58.875, 5.7242984623285845e-24, nan 
110.625, 58.875, 4.269977066234646e-24, nan 
110.875, 58.875, 4.4271315432869376e-24, nan 
111.125, 58.875, 6.3798867191447644e-24, nan 
111.375, 58.875, 7.060465611955424e-24, nan 
111.625, 58.875, 9.41047190761046e-24, nan 
111.875, 58.875, 1.0809084294253657e-23, nan 
112.125, 58.875, 2.0860014331891575e-23, nan 
112.375, 58.875, 2.2882000154558976e-23, nan 
112.625, 58.875, 1.37976836882099e-23, nan 
112.875, 58.875, 6.489185936088111e-24, nan 
113.125, 58.875, 2.8796571128454372e-24, nan 
113.375, 58.875, 6.859598289702049e-24, nan 
113.625, 58.875, 6.7684899971036e-24, nan 
113.875, 58.875, 1.1118340169330195e-23, nan 
114.125, 58.875, 7.288582832185774e-24, nan 
114.375, 58.875, 5.8391724877159406e-24, nan 
114.625, 58.875, 4.660339329859619e-24, nan 
114.875, 58.875, 5.984842391141972e-24, nan 
115.125, 58.875, 3.779566703815749e-24, nan 
115.375, 58.875, 1.732857542630001e-24, nan 
115.625, 58.875, 1.4790785419408763e-24, nan 
115.875, 58.875, 5.3667851711017406e-24, nan 
116.125, 58.875, 9.754827034877397e-24, nan 
116.375, 58.875, 1.0254521347075859e-23, nan 
116.625, 58.875, 6.107084325051382e-24, nan 
116.875, 58.875, 1.2720529189583654e-23, nan 
117.125, 58.875, 9.088961480247922e-24, nan 
117.375, 58.875, 6.831791960771062e-24, nan 
117.625, 58.875, 4.524992250858316e-24, nan 
117.875, 58.875, 2.229385311227091e-24, nan 
118.125, 58.875, 3.676825490954924e-24, nan 
118.375, 58.875, 4.983466519023232e-24, nan 
118.625, 58.875, 2.822475198027078e-24, nan 
118.875, 58.875, 2.9964038573755095e-24, nan 
119.125, 58.875, 5.272527530566946e-24, nan 
119.375, 58.875, 1.7468667525322274e-23, nan 
119.625, 58.875, 1.8122368996725288e-23, nan 
119.875, 58.875, 1.0386947035628343e-23, nan 
120.125, 58.875, 9.066056214806067e-24, nan 
120.375, 58.875, 9.955767576131435e-24, nan 
120.625, 58.875, 9.556208062153018e-24, nan 
120.875, 58.875, 6.1195765070691435e-24, nan 
121.125, 58.875, 4.3978909267426286e-24, nan 
121.375, 58.875, 4.474796740721739e-24, nan 
121.625, 58.875, 5.303937566657933e-24, nan 
121.875, 58.875, 3.690447446197101e-24, nan 
122.125, 58.875, 3.428830081146281e-24, nan 
122.375, 58.875, 2.8046746434644386e-24, nan 
122.625, 58.875, 3.0644423630169192e-24, nan 
122.875, 58.875, 4.683132505355764e-24, nan 
123.125, 58.875, 4.900341350465886e-24, nan 
123.375, 58.875, 6.4455260487084046e-24, nan 
123.625, 58.875, 6.008037153106421e-24, nan 
123.875, 58.875, 6.302159809886296e-24, nan 
124.125, 58.875, 5.9842023961698396e-24, nan 
124.375, 58.875, 5.103703059562523e-24, nan 
124.625, 58.875, 4.977221783656073e-24, nan 
124.875, 58.875, 6.019292603612018e-24, nan 
125.125, 58.875, 6.769468560667039e-24, nan 
125.375, 58.875, 5.3184459016257196e-24, nan 
125.625, 58.875, 7.286264450012848e-24, nan 
125.875, 58.875, 9.375562279406286e-24, nan 
126.125, 58.875, 7.546375185246572e-24, nan 
126.375, 58.875, 4.628499630990729e-24, nan 
126.625, 58.875, 1.110666963013797e-23, nan 
126.875, 58.875, 1.2237596574586811e-23, nan 
127.125, 58.875, 1.0621607059311025e-23, nan 
127.375, 58.875, 1.2205837093193853e-23, nan 
127.625, 58.875, 1.6394307245927137e-23, nan 
127.875, 58.875, 1.2639989286053894e-23, nan 
128.125, 58.875, 7.743812372431771e-24, nan 
128.375, 58.875, 9.019350957085341e-24, nan 
128.625, 58.875, 1.2694453948000543e-23, nan 
128.875, 58.875, 1.4150329405651718e-23, nan 
129.125, 58.875, 1.792400908685252e-23, nan 
129.375, 58.875, 1.8499053638828698e-23, nan 
129.625, 58.875, 1.2232612156968204e-23, nan 
129.875, 58.875, 2.867418328869282e-23, nan 
130.125, 58.875, 3.022821014285155e-23, nan 
130.375, 58.875, 1.2064905483527652e-23, nan 
130.625, 58.875, 5.436385995763147e-24, nan 
130.875, 58.875, 3.533865011337523e-24, nan 
131.125, 58.875, 4.496507513994185e-24, nan 
131.375, 58.875, 9.54313080362595e-24, nan 
131.625, 58.875, 1.0333615802667086e-23, nan 
131.875, 58.875, 1.0329592390350677e-23, nan 
132.125, 58.875, 1.1767911651505515e-23, nan 
132.375, 58.875, 1.0834831745981148e-23, nan 
132.625, 58.875, 1.106409331542965e-23, nan 
132.875, 58.875, 1.1210504881882906e-23, nan 
133.125, 58.875, 1.9317068412024312e-23, nan 
133.375, 58.875, 1.380328018955272e-23, nan 
133.625, 58.875, 1.6789662419331195e-23, nan 
133.875, 58.875, 2.1232110381283683e-23, nan 
134.125, 58.875, 1.827711912281922e-23, nan 
134.375, 58.875, 1.461129487659113e-23, nan 
134.625, 58.875, 1.2756013392698253e-23, nan 
134.875, 58.875, 1.4257316696339142e-23, nan 
135.125, 58.875, 1.9887002778569246e-23, nan 
135.375, 58.875, 3.5983805357915154e-23, nan 
135.625, 58.875, 3.0626023912485276e-23, nan 
135.875, 58.875, 5.519909700891135e-24, nan 
136.125, 58.875, 1.1003570235289931e-23, nan 
136.375, 58.875, 1.5535712652649902e-23, nan 
136.625, 58.875, 1.1510317362704105e-23, nan 
136.875, 58.875, 1.472670864743123e-23, nan 
137.125, 58.875, 1.4836012303317112e-23, nan 
137.375, 58.875, 1.5081184931512386e-23, nan 
137.625, 58.875, 1.6673389155322884e-23, nan 
137.875, 58.875, 2.0038780255151725e-23, nan 
138.125, 58.875, 2.8318220230049787e-23, nan 
138.375, 58.875, 2.6312970291727214e-23, nan 
138.625, 58.875, 8.53330182579097e-24, nan 
138.875, 58.875, 3.5111225315127685e-23, nan 
139.125, 58.875, 3.3941199149805254e-23, nan 
139.375, 58.875, 2.798775059182798e-23, nan 
139.625, 58.875, 4.017272063956242e-23, nan 
139.875, 58.875, 4.9323960666275606e-23, nan 
140.125, 58.875, 3.106462239675201e-23, nan 
140.375, 58.875, 2.8886636079799685e-23, nan 
140.625, 58.875, 4.328149307542708e-23, nan 
140.875, 58.875, 3.714008573167157e-23, nan 
141.125, 58.875, 4.7387124880510494e-23, nan 
141.375, 58.875, 2.780333110164327e-23, nan 
141.625, 58.875, 2.1437041691680564e-23, nan 
141.875, 58.875, 3.235666256921315e-23, nan 
142.125, 58.875, 2.9640202351178026e-23, nan 
142.375, 58.875, 2.698249337180935e-23, nan 
142.625, 58.875, 3.869826619023175e-23, nan 
142.875, 58.875, 3.143691066834728e-23, nan 
143.125, 58.875, 1.4661505083084879e-23, nan 
143.375, 58.875, 5.338994947599561e-24, nan 
143.625, 58.875, 2.2810538120745737e-23, nan 
143.875, 58.875, 7.481479330709609e-23, nan 
144.125, 58.875, 7.2341331947206e-23, nan 
144.375, 58.875, 3.3058790682179276e-23, nan 
144.625, 58.875, 1.7500894604118496e-23, nan 
144.875, 58.875, 1.6232002653619883e-23, nan 
145.125, 58.875, 1.611978167764877e-23, nan 
145.375, 58.875, 1.2528859653337612e-23, nan 
145.625, 58.875, 1.632872279629214e-23, nan 
145.875, 58.875, 2.1644991639642195e-23, nan 
146.125, 58.875, 2.1281007276339133e-23, nan 
146.375, 58.875, 3.7757137029121845e-23, nan 
146.625, 58.875, 7.60349638033903e-23, nan 
146.875, 58.875, 7.917022579809199e-23, nan 
147.125, 58.875, 2.707844875262407e-23, nan 
147.375, 58.875, 9.882533314386804e-24, nan 
147.625, 58.875, 1.387650374702928e-23, nan 
147.875, 58.875, 2.1013353526600043e-23, nan 
148.125, 58.875, 2.543132717069074e-23, nan 
148.375, 58.875, 3.223795801782737e-23, nan 
148.625, 58.875, 4.9250881047823134e-23, nan 
148.875, 58.875, 5.932254114382306e-23, nan 
149.125, 58.875, 2.951599900296895e-23, nan 
149.375, 58.875, 3.307103988934602e-23, nan 
149.625, 58.875, 5.24320671892242e-23, nan 
149.875, 58.875, 1.0148637038568866e-22, nan 
150.125, 58.875, 7.763497967979674e-23, nan 
150.375, 58.875, 5.665200814296013e-23, nan 
150.625, 58.875, 7.830121955463811e-23, nan 
150.875, 58.875, 4.430774029672931e-23, nan 
151.125, 58.875, 8.52963311930995e-23, nan 
151.375, 58.875, 1.3219366571945155e-22, nan 
151.625, 58.875, 1.0412976936199808e-22, nan 
151.875, 58.875, 9.278340438914507e-23, nan 
152.125, 58.875, 6.832903740581192e-23, nan 
152.375, 58.875, 1.5985381696483777e-22, nan 
152.625, 58.875, 1.609951017257991e-22, nan 
152.875, 58.875, 1.2199830128053705e-22, nan 
153.125, 58.875, 8.845522510970506e-23, nan 
153.375, 58.875, 9.888906360280169e-23, nan 
153.625, 58.875, 1.5629877743126553e-22, nan 
153.875, 58.875, 7.39917780728667e-23, nan 
154.125, 58.875, 5.379858604717318e-23, nan 
154.375, 58.875, 5.647066975283958e-23, nan 
154.625, 58.875, 9.581754188991043e-23, nan 
154.875, 58.875, 1.2356859578947763e-22, nan 
155.125, 58.875, 9.080043597670384e-23, nan 
155.375, 58.875, 7.881181923373388e-23, nan 
155.625, 58.875, 6.513772984282882e-23, nan 
155.875, 58.875, 6.337516088524613e-23, nan 
156.125, 58.875, 2.6304681130374417e-22, nan 
156.375, 58.875, 3.503540354369835e-22, nan 
156.625, 58.875, 5.663204313848729e-22, nan 
156.875, 58.875, 5.140154616483817e-22, nan 
157.125, 58.875, 1.7821862908695777e-22, nan 
157.375, 58.875, 7.622876315840691e-23, nan 
157.625, 58.875, 1.924023372588801e-22, nan 
157.875, 58.875, 2.292680385080515e-22, nan 
158.125, 58.875, 1.5587788070997428e-22, nan 
158.375, 58.875, 6.070941219687769e-23, nan 
158.625, 58.875, 6.11802875044464e-23, nan 
158.875, 58.875, 1.6082036569133408e-22, nan 
159.125, 58.875, 1.292168768722713e-22, nan 
159.375, 58.875, 9.078413706972972e-23, nan 
159.625, 58.875, 8.096828907418256e-23, nan 
159.875, 58.875, 8.013915645783071e-23, nan 
160.125, 58.875, 7.479583633246447e-23, nan 
160.375, 58.875, 9.456151615405163e-23, nan 
160.625, 58.875, 8.087988534894096e-23, nan 
160.875, 58.875, 4.613307644369795e-23, nan 
161.125, 58.875, 4.456255776751057e-23, nan 
161.375, 58.875, 1.724159687295228e-22, nan 
161.625, 58.875, 1.6352543811859777e-22, nan 
161.875, 58.875, 1.524326311804166e-22, nan 
162.125, 58.875, 1.4214805985500877e-22, nan 
162.375, 58.875, 2.6716646546440378e-22, nan 
162.625, 58.875, 2.233956240942814e-22, nan 
162.875, 58.875, 1.4436253611505879e-22, nan 
163.125, 58.875, 1.5868060541848041e-22, nan 
163.375, 58.875, 9.490188112318629e-23, nan 
163.625, 58.875, 1.0099935684831424e-22, nan 
163.875, 58.875, 1.0184729166493221e-22, nan 
164.125, 58.875, 9.531675105251289e-23, nan 
164.375, 58.875, 1.9033023076722872e-22, nan 
164.625, 58.875, 2.54225377582681e-22, nan 
164.875, 58.875, 4.452669494060786e-22, nan 
165.125, 58.875, 4.540471124024018e-22, nan 
165.375, 58.875, 3.502560429610383e-22, nan 
165.625, 58.875, 1.0604190342178915e-22, nan 
165.875, 58.875, 2.2666839035871415e-22, nan 
166.125, 58.875, 3.293433576726742e-22, nan 
166.375, 58.875, 6.20031756476882e-22, nan 
166.625, 58.875, 4.6408955463545e-22, nan 
166.875, 58.875, 1.4443460378303734e-21, nan 
167.125, 58.875, 2.148178314687787e-22, nan 
167.375, 58.875, 4.33837398088355e-22, nan 
167.625, 58.875, 2.681057134281482e-22, nan 
167.875, 58.875, 4.443638007581397e-22, nan 
168.125, 58.875, 2.3959177584798403e-22, nan 
168.375, 58.875, 1.7268973103956878e-22, nan 
168.625, 58.875, 1.8872549316501384e-22, nan 
168.875, 58.875, 4.307162107053776e-22, nan 
169.125, 58.875, 3.4886221610133013e-22, nan 
169.375, 58.875, 8.56673283414747e-23, nan 
169.625, 58.875, 6.611340345224033e-23, nan 
169.875, 58.875, 6.157781143542446e-23, nan 
170.125, 58.875, 8.834254853550427e-23, nan 
170.375, 58.875, 1.5404717623282953e-22, nan 
170.625, 58.875, 1.0700380148305856e-22, nan 
170.875, 58.875, 4.808859922610733e-23, nan 
171.125, 58.875, 1.5721074353250654e-22, nan 
171.375, 58.875, 3.280844933664343e-22, nan 
171.625, 58.875, 3.7259292006048347e-22, nan 
171.875, 58.875, 3.03979793796003e-22, nan 
172.125, 58.875, 8.16728504548782e-23, nan 
172.375, 58.875, 8.705040333016498e-23, nan 
172.625, 58.875, 1.8092153981461616e-22, nan 
172.875, 58.875, 2.3045690550948384e-22, nan 
173.125, 58.875, 1.7142479629661569e-22, nan 
173.375, 58.875, 2.4807868013018925e-22, nan 
173.625, 58.875, 3.062262658277e-22, nan 
173.875, 58.875, 5.240267004581728e-22, nan 
174.125, 58.875, 5.770707512335924e-22, nan 
174.375, 58.875, 2.0195251725609506e-22, nan 
174.625, 58.875, 1.2924901878931332e-21, nan 
174.875, 58.875, 6.552220619471487e-22, nan 
175.125, 58.875, 1.8102818793244665e-22, nan 
175.375, 58.875, 3.1196559321711585e-22, nan 
175.625, 58.875, 3.00168426230842e-22, nan 
175.875, 58.875, 1.6438837720526195e-22, nan 
176.125, 58.875, 6.799655295755837e-23, nan 
176.375, 58.875, 1.274651838977852e-22, nan 
176.625, 58.875, 1.3764381768187549e-22, nan 
176.875, 58.875, 1.5935983661970028e-22, nan 
177.125, 58.875, 2.4939128902926977e-22, nan 
177.375, 58.875, 2.9172225214663113e-22, nan 
177.625, 58.875, 2.3054402035466254e-22, nan 
177.875, 58.875, 1.7035888988188094e-22, nan 
178.125, 58.875, 1.137740243161755e-22, nan 
178.375, 58.875, 9.089869438087671e-23, nan 
178.625, 58.875, 1.088613479753019e-22, nan 
178.875, 58.875, 2.5783645911916822e-22, nan 
179.125, 58.875, 1.6475814664067353e-22, nan 
179.375, 58.875, 9.365969745339417e-23, nan 
179.625, 58.875, 8.749847170208023e-23, nan 
179.875, 58.875, 8.557785463925209e-23, nan 
-179.875, 59.125, 7.528868554234479e-23, nan 
-179.625, 59.125, 8.967643071527158e-23, nan 
-179.375, 59.125, 1.2469855290678072e-22, nan 
-179.125, 59.125, 2.1001484564668185e-22, nan 
-178.875, 59.125, 2.322897628854124e-22, nan 
-178.625, 59.125, 2.1541515326988386e-22, nan 
-178.375, 59.125, 2.279811080603071e-22, nan 
-178.125, 59.125, 1.4937799149109513e-22, nan 
-177.875, 59.125, 7.364948006775601e-23, nan 
-177.625, 59.125, 2.2297547577360873e-22, nan 
-177.375, 59.125, 2.535220042320508e-22, nan 
-177.125, 59.125, 2.5387535692280645e-22, nan 
-176.875, 59.125, 2.0975186845395296e-22, nan 
-176.625, 59.125, 4.762362661582554e-23, nan 
-176.375, 59.125, 1.1816159389436392e-22, nan 
-176.125, 59.125, 1.22894721866169e-22, nan 
-175.875, 59.125, 3.350799979947695e-23, nan 
-175.625, 59.125, 4.917282252628275e-23, nan 
-175.375, 59.125, 4.151474723288472e-23, nan 
-175.125, 59.125, 2.0950433797994406e-23, nan 
-174.875, 59.125, 2.8937441820006685e-23, nan 
-174.625, 59.125, 2.1568668242007492e-23, nan 
-174.375, 59.125, 2.6793618351758e-23, nan 
-174.125, 59.125, 3.878029031985476e-23, nan 
-173.875, 59.125, 1.1067406093299603e-22, nan 
-173.625, 59.125, 1.5599548536309083e-22, nan 
-173.375, 59.125, 1.2079859858681036e-22, nan 
-173.125, 59.125, 7.926080275312352e-23, nan 
-172.875, 59.125, 2.2779762814435643e-22, nan 
-172.625, 59.125, 2.2459931188640934e-22, nan 
-172.375, 59.125, 5.11187877177761e-23, nan 
-172.125, 59.125, 1.0439979052460747e-23, nan 
-171.875, 59.125, 2.802529584604121e-23, nan 
-171.625, 59.125, 2.1118292877450196e-23, nan 
-171.375, 59.125, 3.833365682508739e-23, nan 
-171.125, 59.125, 4.9216126244604807e-23, nan 
-170.875, 59.125, 1.3974714507728425e-23, nan 
-170.625, 59.125, 3.771788365587526e-23, nan 
-170.375, 59.125, 5.54459721353017e-23, nan 
-170.125, 59.125, 2.740967995967699e-23, nan 
-169.875, 59.125, 1.4266870506029176e-23, nan 
-169.625, 59.125, 1.3673552571338465e-23, nan 
-169.375, 59.125, 2.4985399487139847e-23, nan 
-169.125, 59.125, 3.3227200962565455e-23, nan 
-168.875, 59.125, 2.5008468393931526e-23, nan 
-168.625, 59.125, 2.3225114726652034e-23, nan 
-168.375, 59.125, 1.9142334387818104e-23, nan 
-168.125, 59.125, 4.8741609234840037e-23, nan 
-167.875, 59.125, 9.247818669921783e-23, nan 
-167.625, 59.125, 8.191420488160394e-23, nan 
-167.375, 59.125, 2.1942839183367758e-23, nan 
-167.125, 59.125, 5.1307127322262844e-23, nan 
-166.875, 59.125, 6.149998821480866e-23, nan 
-166.625, 59.125, 4.413272843166802e-23, nan 
-166.375, 59.125, 8.420911677895501e-23, nan 
-166.125, 59.125, 7.611447080657514e-23, nan 
-165.875, 59.125, 3.311021003903612e-23, nan 
-165.625, 59.125, 3.268863837617316e-23, nan 
-165.375, 59.125, 2.639771766003434e-23, nan 
-165.125, 59.125, 1.9427680402200677e-23, nan 
-164.875, 59.125, 1.8780457776772085e-23, nan 
-164.625, 59.125, 1.2476179106684916e-23, nan 
-164.375, 59.125, 8.817533423245449e-24, nan 
-164.125, 59.125, 1.2636270136077997e-23, nan 
-163.875, 59.125, 1.747342300549383e-23, nan 
-163.625, 59.125, 2.329436953982377e-23, nan 
-163.375, 59.125, 1.7831023031081355e-23, nan 
-163.125, 59.125, 3.016496585841638e-23, nan 
-162.875, 59.125, 2.6674117255098236e-23, nan 
-162.625, 59.125, 1.2975599363209698e-23, nan 
-162.375, 59.125, 1.3798213895266228e-23, nan 
-162.125, 59.125, 8.658150507362586e-24, nan 
-161.875, 59.125, 2.0493378384596343e-23, nan 
-161.625, 59.125, 3.6881282483372625e-23, nan 
-161.375, 59.125, 1.8149615612432135e-23, nan 
-161.125, 59.125, 1.57116905626587e-23, nan 
-160.875, 59.125, 2.3036474841743243e-23, nan 
-160.625, 59.125, 2.1075405752864123e-23, nan 
-160.375, 59.125, 1.7217419563411458e-23, nan 
-160.125, 59.125, 1.431813430021169e-23, nan 
-159.875, 59.125, 6.430888430473954e-24, nan 
-159.625, 59.125, 2.5923386563462102e-23, nan 
-159.375, 59.125, 3.8422551031502005e-23, nan 
-159.125, 59.125, 3.526154298177895e-23, nan 
-158.875, 59.125, 2.88086360770859e-23, nan 
-158.625, 59.125, 3.009993943352516e-23, nan 
-158.375, 59.125, 2.1651080527100614e-23, nan 
-158.125, 59.125, 8.870453276863153e-24, nan 
-157.875, 59.125, 7.135153975260148e-24, nan 
-157.625, 59.125, 1.7638166391205838e-23, nan 
-157.375, 59.125, 1.585311394548813e-23, nan 
-157.125, 59.125, 2.0074048307593688e-23, nan 
-156.875, 59.125, 2.4725578722534892e-23, nan 
-156.625, 59.125, 4.934315498085442e-23, nan 
-156.375, 59.125, 4.4531253872814666e-23, nan 
-156.125, 59.125, 9.40873226127123e-24, nan 
-155.875, 59.125, 1.2452206387289799e-23, nan 
-155.625, 59.125, 1.3763905040314368e-23, nan 
-155.375, 59.125, 1.3051041897191825e-23, nan 
-155.125, 59.125, 8.9082933394067e-24, nan 
-154.875, 59.125, 5.907848998997471e-24, nan 
-154.625, 59.125, 4.586551860593761e-24, nan 
-154.375, 59.125, 7.239383001358512e-24, nan 
-154.125, 59.125, 1.0147045829253505e-23, nan 
-153.875, 59.125, 3.791110313601173e-24, nan 
-153.625, 59.125, 2.580763105742874e-24, nan 
-153.375, 59.125, 5.425775435563725e-24, nan 
-153.125, 59.125, 8.909293625321186e-24, nan 
-152.875, 59.125, 8.214971479633502e-24, nan 
-152.625, 59.125, 5.786158218138036e-24, nan 
-152.375, 59.125, 3.154110669757283e-23, nan 
-152.125, 59.125, 3.5005744192681203e-23, nan 
-151.875, 59.125, 1.324964723572648e-23, nan 
-151.625, 59.125, 7.292321163686335e-24, nan 
-151.375, 59.125, 1.401486877408928e-23, nan 
-151.125, 59.125, 1.2938185701766105e-23, nan 
-150.875, 59.125, 1.513228095181592e-23, nan 
-150.625, 59.125, 1.764150242416008e-23, nan 
-150.375, 59.125, 1.9759680645574035e-23, nan 
-150.125, 59.125, 1.7823531916537602e-23, nan 
-149.875, 59.125, 1.759443491757712e-23, nan 
-149.625, 59.125, 2.887681107106744e-23, nan 
-149.375, 59.125, 2.3558819095287054e-23, nan 
-149.125, 59.125, 1.7484676055907564e-23, nan 
-148.875, 59.125, 1.9687332734623345e-23, nan 
-148.625, 59.125, 1.2337399390231648e-23, nan 
-148.375, 59.125, 4.784948534257335e-24, nan 
-148.125, 59.125, 1.0915179328213174e-23, nan 
-147.875, 59.125, 9.428393095523424e-24, nan 
-147.625, 59.125, 6.84716301086585e-24, nan 
-147.375, 59.125, 5.528739272291434e-24, nan 
-147.125, 59.125, 4.844766341542584e-24, nan 
-146.875, 59.125, 5.1499396133135085e-24, nan 
-146.625, 59.125, 4.7018312173869775e-24, nan 
-146.375, 59.125, 9.459085733420283e-24, nan 
-146.125, 59.125, 1.4877136840257366e-23, nan 
-145.875, 59.125, 1.9647542998182515e-23, nan 
-145.625, 59.125, 1.4831259412805863e-23, nan 
-145.375, 59.125, 7.106422362757488e-24, nan 
-145.125, 59.125, 7.506432629412539e-24, nan 
-144.875, 59.125, 6.797516880121144e-24, nan 
-144.625, 59.125, 9.616197504293682e-24, nan 
-144.375, 59.125, 1.080846955590621e-23, nan 
-144.125, 59.125, 8.520791760483397e-24, nan 
-143.875, 59.125, 1.0817570302509496e-23, nan 
-143.625, 59.125, 1.1215309285052045e-23, nan 
-143.375, 59.125, 1.027450613773297e-23, nan 
-143.125, 59.125, 9.630664827190733e-24, nan 
-142.875, 59.125, 6.200266642969179e-24, nan 
-142.625, 59.125, 5.271810068194069e-24, nan 
-142.375, 59.125, 4.1612889658687065e-24, nan 
-142.125, 59.125, 6.455112896022181e-24, nan 
-141.875, 59.125, 6.582433877385839e-24, nan 
-141.625, 59.125, 6.272314734537284e-24, nan 
-141.375, 59.125, 7.055088861039572e-24, nan 
-141.125, 59.125, 1.2458883314261773e-23, nan 
-140.875, 59.125, 1.1483485230006458e-23, nan 
-140.625, 59.125, 7.193980181647865e-24, nan 
-140.375, 59.125, 5.496653707359081e-24, nan 
-140.125, 59.125, 4.841664160103663e-24, nan 
-139.875, 59.125, 5.1028590299411426e-24, nan 
-139.625, 59.125, 5.10115357431409e-24, nan 
-139.375, 59.125, 4.353052920969122e-24, nan 
-139.125, 59.125, 5.656082733567552e-24, nan 
-138.875, 59.125, 7.343500512102552e-24, nan 
-138.625, 59.125, 8.315491214740766e-24, nan 
-138.375, 59.125, 9.06784601938092e-24, nan 
-138.125, 59.125, 8.667774210521335e-24, nan 
-137.875, 59.125, 6.976281931632369e-24, nan 
-137.625, 59.125, 7.096930811611205e-24, nan 
-137.375, 59.125, 7.798948117170298e-24, nan 
-137.125, 59.125, 4.5215215843318336e-24, nan 
-136.875, 59.125, 5.339064572073206e-24, nan 
-136.625, 59.125, 4.283338242568378e-24, nan 
-136.375, 59.125, 4.497668236707539e-24, nan 
-136.125, 59.125, 7.846539436673308e-24, nan 
-135.875, 59.125, 7.271839883460238e-24, nan 
-135.625, 59.125, 6.1905506872708745e-24, nan 
-135.375, 59.125, 5.9066102467716324e-24, nan 
-135.125, 59.125, 4.398589575661656e-24, nan 
-134.875, 59.125, 4.278796694535058e-24, nan 
-134.625, 59.125, 3.5829983100049726e-24, nan 
-134.375, 59.125, 4.171314554651229e-24, nan 
-134.125, 59.125, 4.4310668581626776e-24, nan 
-133.875, 59.125, 5.491334499379532e-24, nan 
-133.625, 59.125, 5.574049481389082e-24, nan 
-133.375, 59.125, 3.738352840850363e-24, nan 
105.375, 59.125, 5.2540836893590366e-24, nan 
105.625, 59.125, 4.1661258370338524e-24, nan 
105.875, 59.125, 4.459087514207093e-24, nan 
106.125, 59.125, 3.55399040957462e-24, nan 
106.375, 59.125, 2.7378916418291292e-24, nan 
106.625, 59.125, 2.741730548604281e-24, nan 
106.875, 59.125, 2.5358109692452687e-24, nan 
107.125, 59.125, 3.5729860026275686e-24, nan 
107.375, 59.125, 3.699960109445199e-24, nan 
107.625, 59.125, 3.178538941658239e-24, nan 
107.875, 59.125, 1.98639163705672e-24, nan 
108.125, 59.125, 1.7860687166861877e-24, nan 
108.375, 59.125, 1.8466052436201347e-24, nan 
108.625, 59.125, 3.1966375408677944e-24, nan 
108.875, 59.125, 3.802801841025857e-24, nan 
109.125, 59.125, 3.355583338082596e-24, nan 
109.375, 59.125, 3.3139085759291245e-24, nan 
109.625, 59.125, 3.0978324605291402e-24, nan 
109.875, 59.125, 3.44143616234903e-24, nan 
110.125, 59.125, 4.125100851774293e-24, nan 
110.375, 59.125, 4.344245469131848e-24, nan 
110.625, 59.125, 4.7481009636356706e-24, nan 
110.875, 59.125, 5.7856638305261354e-24, nan 
111.125, 59.125, 4.607057110306817e-24, nan 
111.375, 59.125, 5.037245336386776e-24, nan 
111.625, 59.125, 5.682804472933533e-24, nan 
111.875, 59.125, 9.692098227536864e-24, nan 
112.125, 59.125, 2.6084043853178903e-23, nan 
112.375, 59.125, 2.4690650966516754e-23, nan 
112.625, 59.125, 5.590473723932832e-24, nan 
112.875, 59.125, 3.516450984209338e-24, nan 
113.125, 59.125, 1.8259087437691384e-24, nan 
113.375, 59.125, 4.5421818779360954e-24, nan 
113.625, 59.125, 5.992347410814112e-24, nan 
113.875, 59.125, 7.024547107212238e-24, nan 
114.125, 59.125, 6.3828312622846806e-24, nan 
114.375, 59.125, 1.0556668510446154e-23, nan 
114.625, 59.125, 1.1582295748904565e-23, nan 
114.875, 59.125, 1.2345984507264789e-23, nan 
115.125, 59.125, 1.0148982253124355e-23, nan 
115.375, 59.125, 2.5110433235621994e-24, nan 
115.625, 59.125, 2.0382279278383166e-24, nan 
115.875, 59.125, 4.4108964684326576e-24, nan 
116.125, 59.125, 6.688383863256856e-24, nan 
116.375, 59.125, 6.2418196818620816e-24, nan 
116.625, 59.125, 4.092895807273411e-24, nan 
116.875, 59.125, 2.9555021085466472e-24, nan 
117.125, 59.125, 2.0273160358238324e-24, nan 
117.375, 59.125, 2.90490894616269e-24, nan 
117.625, 59.125, 3.750533261025408e-24, nan 
117.875, 59.125, 3.1642311036372323e-24, nan 
118.125, 59.125, 4.973288662687513e-24, nan 
118.375, 59.125, 8.230616488329064e-24, nan 
118.625, 59.125, 5.978377236911024e-24, nan 
118.875, 59.125, 2.6564952277109134e-24, nan 
119.125, 59.125, 3.40625953880092e-24, nan 
119.375, 59.125, 5.445438964852449e-24, nan 
119.625, 59.125, 1.64067266078015e-23, nan 
119.875, 59.125, 1.7760961389413742e-23, nan 
120.125, 59.125, 8.43447953921099e-24, nan 
120.375, 59.125, 1.0207192051963391e-23, nan 
120.625, 59.125, 8.132541994584924e-24, nan 
120.875, 59.125, 9.969725959057778e-24, nan 
121.125, 59.125, 8.999970059861177e-24, nan 
121.375, 59.125, 6.5342512252451585e-24, nan 
121.625, 59.125, 4.209073539627431e-24, nan 
121.875, 59.125, 4.091892137644278e-24, nan 
122.125, 59.125, 3.93780727322389e-24, nan 
122.375, 59.125, 5.529792735784064e-24, nan 
122.625, 59.125, 5.3539192437325274e-24, nan 
122.875, 59.125, 5.32515536863088e-24, nan 
123.125, 59.125, 5.2478778361394055e-24, nan 
123.375, 59.125, 4.536390225951662e-24, nan 
123.625, 59.125, 5.874510028733786e-24, nan 
123.875, 59.125, 3.9372853009019046e-24, nan 
124.125, 59.125, 5.984200727605597e-24, nan 
124.375, 59.125, 5.1021031584990315e-24, nan 
124.625, 59.125, 2.03958233058467e-24, nan 
124.875, 59.125, 1.9572127192820448e-24, nan 
125.125, 59.125, 4.36318131454326e-24, nan 
125.375, 59.125, 4.974513091409368e-24, nan 
125.625, 59.125, 3.50943138371174e-24, nan 
125.875, 59.125, 6.325703058422701e-24, nan 
126.125, 59.125, 3.119011397002293e-24, nan 
126.375, 59.125, 3.926603555661768e-24, nan 
126.625, 59.125, 7.981499144253968e-24, nan 
126.875, 59.125, 9.07204845971306e-24, nan 
127.125, 59.125, 5.845372514636736e-24, nan 
127.375, 59.125, 6.893424371705192e-24, nan 
127.625, 59.125, 1.3602837142568e-23, nan 
127.875, 59.125, 8.319238477555924e-24, nan 
128.125, 59.125, 1.0665184527814541e-23, nan 
128.375, 59.125, 1.3084105583651513e-23, nan 
128.625, 59.125, 1.2871835546040044e-23, nan 
128.875, 59.125, 1.5092151347162243e-23, nan 
129.125, 59.125, 1.5629031312467003e-23, nan 
129.375, 59.125, 2.3902553681097533e-23, nan 
129.625, 59.125, 3.780363325514023e-23, nan 
129.875, 59.125, 3.7045546664477016e-23, nan 
130.125, 59.125, 1.8151077848734387e-23, nan 
130.375, 59.125, 5.7431486779144e-24, nan 
130.625, 59.125, 4.871706753792806e-24, nan 
130.875, 59.125, 4.32889813224739e-24, nan 
131.125, 59.125, 4.437518347769725e-24, nan 
131.375, 59.125, 6.497187622149535e-24, nan 
131.625, 59.125, 7.898317323745446e-24, nan 
131.875, 59.125, 1.6935400786832295e-23, nan 
132.125, 59.125, 1.7599329644627978e-23, nan 
132.375, 59.125, 9.556949472068578e-24, nan 
132.625, 59.125, 3.0202554139092933e-24, nan 
132.875, 59.125, 3.048289859264971e-23, nan 
133.125, 59.125, 4.1051433028701236e-23, nan 
133.375, 59.125, 4.105538209547182e-23, nan 
133.625, 59.125, 4.124637094797837e-23, nan 
133.875, 59.125, 2.1010952973485098e-23, nan 
134.125, 59.125, 1.9599469738464503e-23, nan 
134.375, 59.125, 3.0558773037880507e-23, nan 
134.625, 59.125, 2.0644497090885187e-23, nan 
134.875, 59.125, 1.2852921161958454e-23, nan 
135.125, 59.125, 2.978488801170504e-23, nan 
135.375, 59.125, 3.5349493713632453e-23, nan 
135.625, 59.125, 2.8734160004884963e-23, nan 
135.875, 59.125, 2.89470486030518e-23, nan 
136.125, 59.125, 3.6158922696968844e-23, nan 
136.375, 59.125, 6.120232261608812e-23, nan 
136.625, 59.125, 2.1350082522995355e-23, nan 
136.875, 59.125, 1.9360369462139705e-23, nan 
137.125, 59.125, 2.7148116221982045e-23, nan 
137.375, 59.125, 3.353875560109297e-23, nan 
137.625, 59.125, 2.2328719594724013e-23, nan 
137.875, 59.125, 5.0926784377624245e-23, nan 
138.125, 59.125, 7.409799497748381e-23, nan 
138.375, 59.125, 4.13948872703074e-23, nan 
138.625, 59.125, 5.749054421887164e-23, nan 
138.875, 59.125, 3.822057091569843e-23, nan 
139.125, 59.125, 3.731606650996516e-23, nan 
139.375, 59.125, 3.485262246954947e-23, nan 
139.625, 59.125, 2.8841396935971605e-23, nan 
139.875, 59.125, 3.1266082362992786e-23, nan 
140.125, 59.125, 1.2446861359113943e-22, nan 
140.375, 59.125, 1.134354727834905e-22, nan 
140.625, 59.125, 1.0527057676544624e-22, nan 
140.875, 59.125, 1.1215386588521284e-22, nan 
141.125, 59.125, 4.0068241070513685e-23, nan 
141.375, 59.125, 1.0438159551207838e-23, nan 
141.625, 59.125, 2.189355910155772e-23, nan 
141.875, 59.125, 4.157668615107072e-23, nan 
142.125, 59.125, 4.6514608527185866e-23, nan 
142.375, 59.125, 4.294747259995019e-23, nan 
142.625, 59.125, 5.305715962964943e-23, nan 
142.875, 59.125, 4.149455618569756e-23, nan 
143.125, 59.125, 1.2703398713404238e-23, nan 
143.375, 59.125, 1.4605663252603527e-23, nan 
143.625, 59.125, 7.669832557307789e-23, nan 
143.875, 59.125, 8.455092740710468e-23, nan 
144.125, 59.125, 3.7580272297958137e-23, nan 
144.375, 59.125, 4.0842438587546977e-23, nan 
144.625, 59.125, 3.0140951138540887e-23, nan 
144.875, 59.125, 1.984754445867452e-23, nan 
145.125, 59.125, 2.4187913655163012e-23, nan 
145.375, 59.125, 2.4955562762057953e-23, nan 
145.625, 59.125, 1.0406586842208629e-23, nan 
145.875, 59.125, 1.9331885490296706e-23, nan 
146.125, 59.125, 1.5473848693034595e-23, nan 
146.375, 59.125, 3.6976028076817385e-23, nan 
146.625, 59.125, 3.984699821620467e-23, nan 
146.875, 59.125, 3.9778315055624527e-23, nan 
147.125, 59.125, 5.920072521304403e-23, nan 
147.375, 59.125, 5.940327794324343e-23, nan 
147.625, 59.125, 3.721151772835195e-23, nan 
147.875, 59.125, 3.924548852071529e-23, nan 
148.125, 59.125, 2.893546245590275e-23, nan 
148.375, 59.125, 2.8474214214674224e-23, nan 
148.625, 59.125, 4.197608020293296e-23, nan 
148.875, 59.125, 5.086174910070787e-23, nan 
149.125, 59.125, 2.81843447123162e-23, nan 
149.375, 59.125, 1.6518604511607877e-23, nan 
149.625, 59.125, 3.622173739878928e-23, nan 
149.875, 59.125, 6.073782881376141e-23, nan 
150.125, 59.125, 8.892361265234177e-23, nan 
150.375, 59.125, 1.0232573435917622e-22, nan 
150.625, 59.125, 1.099076507053744e-22, nan 
150.875, 59.125, 1.0152682376725316e-22, nan 
151.125, 59.125, 1.9593380076359223e-22, nan 
151.375, 59.125, 2.1017837598760383e-22, nan 
151.625, 59.125, 1.2672637791196199e-22, nan 
151.875, 59.125, 9.31719537446162e-23, nan 
152.125, 59.125, 1.7334365288610446e-22, nan 
152.375, 59.125, 1.8061292199880199e-22, nan 
152.625, 59.125, 6.515416978997269e-23, nan 
152.875, 59.125, 9.622648909046038e-23, nan 
153.125, 59.125, 1.2455235037230582e-22, nan 
153.375, 59.125, 2.8382210721639276e-22, nan 
153.625, 59.125, 2.915986598082499e-22, nan 
153.875, 59.125, 8.54229039841403e-23, nan 
154.125, 59.125, 5.832314475054588e-23, nan 
154.375, 59.125, 7.467271256952385e-23, nan 
154.625, 59.125, 9.884723208995754e-23, nan 
154.875, 59.125, 1.2476950612256555e-22, nan 
155.125, 59.125, 1.0787395313141388e-22, nan 
155.375, 59.125, 7.099842809568648e-23, nan 
155.625, 59.125, 1.2587232699263231e-22, nan 
155.875, 59.125, 1.116232771869868e-22, nan 
156.125, 59.125, 1.5568412855358513e-22, nan 
156.375, 59.125, 2.549078829722812e-22, nan 
156.625, 59.125, 2.9950448330030225e-22, nan 
156.875, 59.125, 1.0017501569045149e-22, nan 
157.125, 59.125, 2.08427520873148e-22, nan 
157.375, 59.125, 3.3838626325752105e-22, nan 
157.625, 59.125, 3.821435531517609e-22, nan 
157.875, 59.125, 4.35936044865899e-22, nan 
158.125, 59.125, 4.859335782240566e-22, nan 
158.375, 59.125, 3.5164277889344e-22, nan 
158.625, 59.125, 7.22530913004873e-23, nan 
158.875, 59.125, 8.676315634808155e-23, nan 
159.125, 59.125, 8.765741602533077e-23, nan 
159.375, 59.125, 4.7250406421269215e-23, nan 
159.625, 59.125, 8.121258380882892e-23, nan 
159.875, 59.125, 1.2700810143446016e-22, nan 
160.125, 59.125, 1.5758432312806912e-22, nan 
160.375, 59.125, 1.2707860364860797e-22, nan 
160.625, 59.125, 6.213484028759888e-23, nan 
160.875, 59.125, 7.415266588726548e-23, nan 
161.125, 59.125, 1.8125360300695248e-22, nan 
161.375, 59.125, 2.142161118677658e-22, nan 
161.625, 59.125, 8.195941127925634e-23, nan 
161.875, 59.125, 1.287599764631287e-22, nan 
162.125, 59.125, 4.592693686148455e-22, nan 
162.375, 59.125, 4.815315760957458e-22, nan 
162.625, 59.125, 9.736842955571091e-23, nan 
162.875, 59.125, 8.761511311082084e-23, nan 
163.125, 59.125, 1.149599162639367e-22, nan 
163.375, 59.125, 1.2431579670913921e-22, nan 
163.625, 59.125, 1.6175595640080993e-22, nan 
163.875, 59.125, 1.603278333847917e-22, nan 
164.125, 59.125, 1.3295529708352427e-22, nan 
164.375, 59.125, 3.3190538104654302e-22, nan 
164.625, 59.125, 3.5235865578945425e-22, nan 
164.875, 59.125, 3.686002022918073e-22, nan 
165.125, 59.125, 3.6742096006795815e-22, nan 
165.375, 59.125, 1.944736550333501e-22, nan 
165.625, 59.125, 1.8750163472873837e-22, nan 
165.875, 59.125, 1.9239591226623963e-22, nan 
166.125, 59.125, 6.494476318805244e-22, nan 
166.375, 59.125, 8.461422123950193e-22, nan 
166.625, 59.125, 6.195115493202741e-22, nan 
166.875, 59.125, 3.158648902850621e-22, nan 
167.125, 59.125, 3.540639232619657e-22, nan 
167.375, 59.125, 3.886559537925232e-22, nan 
167.625, 59.125, 3.455478111449339e-22, nan 
167.875, 59.125, 7.843693051896574e-22, nan 
168.125, 59.125, 6.136789969437776e-22, nan 
168.375, 59.125, 1.7917063622397895e-22, nan 
168.625, 59.125, 1.2882085599800549e-22, nan 
168.875, 59.125, 2.3468058660420093e-22, nan 
169.125, 59.125, 1.4265478517994737e-22, nan 
169.375, 59.125, 1.0335573598593401e-22, nan 
169.625, 59.125, 1.4030939672502644e-22, nan 
169.875, 59.125, 1.701093758735294e-22, nan 
170.125, 59.125, 2.5468589707431723e-22, nan 
170.375, 59.125, 4.272637252911075e-22, nan 
170.625, 59.125, 3.368757383996601e-22, nan 
170.875, 59.125, 3.570756898782226e-22, nan 
171.125, 59.125, 4.943935142938822e-22, nan 
171.375, 59.125, 4.831858328693725e-22, nan 
171.625, 59.125, 3.4901107364650457e-22, nan 
171.875, 59.125, 3.2574026888453863e-22, nan 
172.125, 59.125, 1.8271487985890294e-22, nan 
172.375, 59.125, 2.0891188752832946e-22, nan 
172.625, 59.125, 1.8884789384368592e-22, nan 
172.875, 59.125, 3.5072641950982134e-22, nan 
173.125, 59.125, 3.4628315164572847e-22, nan 
173.375, 59.125, 6.726420646680166e-23, nan 
173.625, 59.125, 2.376563721240494e-22, nan 
173.875, 59.125, 2.8226761561415404e-22, nan 
174.125, 59.125, 6.628627708579848e-22, nan 
174.375, 59.125, 5.94249472374261e-22, nan 
174.625, 59.125, 3.3024414229936274e-22, nan 
174.875, 59.125, 4.285238838012009e-22, nan 
175.125, 59.125, 4.302529263157033e-22, nan 
175.375, 59.125, 3.646804941709873e-22, nan 
175.625, 59.125, 2.0184328452098515e-22, nan 
175.875, 59.125, 9.971293660993535e-23, nan 
176.125, 59.125, 1.7364653871980535e-22, nan 
176.375, 59.125, 2.956071280913333e-22, nan 
176.625, 59.125, 2.5016976448542334e-22, nan 
176.875, 59.125, 1.256777203161187e-22, nan 
177.125, 59.125, 2.85251214557399e-22, nan 
177.375, 59.125, 4.2112037202345265e-22, nan 
177.625, 59.125, 3.185662472110158e-22, nan 
177.875, 59.125, 2.7776602247602755e-22, nan 
178.125, 59.125, 2.533259633365079e-22, nan 
178.375, 59.125, 1.2889468034979316e-22, nan 
178.625, 59.125, 1.6504330706275448e-22, nan 
178.875, 59.125, 1.5272971650767121e-22, nan 
179.125, 59.125, 8.191163907579091e-23, nan 
179.375, 59.125, 9.04860619320702e-23, nan 
179.625, 59.125, 9.873405390204881e-23, nan 
179.875, 59.125, 7.56314260613738e-23, nan 
-179.875, 59.375, 9.570152037371292e-23, nan 
-179.625, 59.375, 1.655793911842608e-22, nan 
-179.375, 59.375, 2.2123772610823106e-22, nan 
-179.125, 59.375, 1.5690613383525329e-22, nan 
-178.875, 59.375, 1.203907204320139e-22, nan 
-178.625, 59.375, 1.3820612110070946e-22, nan 
-178.375, 59.375, 1.2739102698583496e-22, nan 
-178.125, 59.375, 7.435027185106283e-23, nan 
-177.875, 59.375, 3.2505451711867606e-23, nan 
-177.625, 59.375, 2.389071984729252e-23, nan 
-177.375, 59.375, 1.5202202769352291e-22, nan 
-177.125, 59.375, 1.577250166333583e-22, nan 
-176.875, 59.375, 9.794140117011298e-23, nan 
-176.625, 59.375, 3.138177105738425e-22, nan 
-176.375, 59.375, 3.9675954534640426e-22, nan 
-176.125, 59.375, 3.5657303085614075e-22, nan 
-175.875, 59.375, 2.734141908811068e-22, nan 
-175.625, 59.375, 8.495554176216168e-23, nan 
-175.375, 59.375, 3.549581146071558e-23, nan 
-175.125, 59.375, 2.7486879184074704e-23, nan 
-174.875, 59.375, 1.0059952032560565e-23, nan 
-174.625, 59.375, 2.6332144621067793e-23, nan 
-174.375, 59.375, 4.924978054264994e-23, nan 
-174.125, 59.375, 6.473338131143658e-23, nan 
-173.875, 59.375, 6.22630232608158e-23, nan 
-173.625, 59.375, 1.3009238052710228e-22, nan 
-173.375, 59.375, 1.4446581219044251e-22, nan 
-173.125, 59.375, 1.0686780854400465e-22, nan 
-172.875, 59.375, 1.5647102117031203e-22, nan 
-172.625, 59.375, 1.5000756160111374e-22, nan 
-172.375, 59.375, 6.636489608095987e-23, nan 
-172.125, 59.375, 3.614522785245105e-23, nan 
-171.875, 59.375, 1.2728942735102149e-23, nan 
-171.625, 59.375, 1.679309546421529e-23, nan 
-171.375, 59.375, 3.6128908338067024e-23, nan 
-171.125, 59.375, 2.907268687904897e-23, nan 
-170.875, 59.375, 4.048056471376428e-23, nan 
-170.625, 59.375, 3.4992174419064004e-23, nan 
-170.375, 59.375, 1.8472227655116622e-23, nan 
-170.125, 59.375, 1.376560976628841e-23, nan 
-169.875, 59.375, 2.4512221672193473e-23, nan 
-169.625, 59.375, 2.4598605701220477e-23, nan 
-169.375, 59.375, 3.2073537675366415e-23, nan 
-169.125, 59.375, 2.8911463442436665e-23, nan 
-168.875, 59.375, 1.5528885808163882e-23, nan 
-168.625, 59.375, 3.0782005873143667e-23, nan 
-168.375, 59.375, 3.4474220383813355e-23, nan 
-168.125, 59.375, 3.4526109063876193e-23, nan 
-167.875, 59.375, 6.741693311604496e-23, nan 
-167.625, 59.375, 8.326024045384479e-23, nan 
-167.375, 59.375, 7.295886480138657e-23, nan 
-167.125, 59.375, 8.610571460334134e-23, nan 
-166.875, 59.375, 9.284384875747296e-23, nan 
-166.625, 59.375, 5.258930354906818e-23, nan 
-166.375, 59.375, 1.1745551678679822e-22, nan 
-166.125, 59.375, 1.0817019430424368e-22, nan 
-165.875, 59.375, 3.8865374615563475e-23, nan 
-165.625, 59.375, 1.032460872323179e-23, nan 
-165.375, 59.375, 1.3312481680488155e-23, nan 
-165.125, 59.375, 2.983387449679549e-23, nan 
-164.875, 59.375, 3.739598547658281e-23, nan 
-164.625, 59.375, 2.4745857688161387e-23, nan 
-164.375, 59.375, 1.2352664662708055e-23, nan 
-164.125, 59.375, 1.3810108701718986e-23, nan 
-163.875, 59.375, 2.096133038270311e-23, nan 
-163.625, 59.375, 2.4276464615756627e-23, nan 
-163.375, 59.375, 2.848735384692358e-23, nan 
-163.125, 59.375, 4.3818368500051017e-23, nan 
-162.875, 59.375, 4.2195298734519727e-23, nan 
-162.625, 59.375, 2.0020668966789536e-23, nan 
-162.375, 59.375, 1.4171648453039306e-23, nan 
-162.125, 59.375, 1.375413715363623e-23, nan 
-161.875, 59.375, 1.5046750181067337e-23, nan 
-161.625, 59.375, 4.0545514760493766e-23, nan 
-161.375, 59.375, 3.432298691226453e-23, nan 
-161.125, 59.375, 1.6887610048127373e-23, nan 
-160.875, 59.375, 2.3025584453152714e-23, nan 
-160.625, 59.375, 1.7298023459841413e-23, nan 
-160.375, 59.375, 8.252477299095057e-24, nan 
-160.125, 59.375, 1.483513228936159e-23, nan 
-159.875, 59.375, 1.1971618552878573e-23, nan 
-159.625, 59.375, 1.2297546053386626e-23, nan 
-159.375, 59.375, 3.383862517322061e-23, nan 
-159.125, 59.375, 3.736741327697286e-23, nan 
-158.875, 59.375, 2.7603910674189414e-23, nan 
-158.625, 59.375, 3.121674629849613e-23, nan 
-158.375, 59.375, 2.30782174461067e-23, nan 
-158.125, 59.375, 9.866060417620552e-24, nan 
-157.875, 59.375, 1.1547825707557374e-23, nan 
-157.625, 59.375, 2.870264041747587e-23, nan 
-157.375, 59.375, 2.5950045182841418e-23, nan 
-157.125, 59.375, 1.3824093805695136e-23, nan 
-156.875, 59.375, 1.8504542848740072e-23, nan 
-156.625, 59.375, 2.4364502634549136e-23, nan 
-156.375, 59.375, 2.2797503444391333e-23, nan 
-156.125, 59.375, 2.5062985114526105e-23, nan 
-155.875, 59.375, 1.9808130516833352e-23, nan 
-155.625, 59.375, 7.444801415810855e-24, nan 
-155.375, 59.375, 1.0839250557501828e-23, nan 
-155.125, 59.375, 1.667548349600097e-23, nan 
-154.875, 59.375, 1.4771127560598842e-23, nan 
-154.625, 59.375, 5.2080132826434356e-24, nan 
-154.375, 59.375, 1.1991836316404235e-23, nan 
-154.125, 59.375, 2.3574385192503387e-23, nan 
-153.875, 59.375, 2.042957456100948e-23, nan 
-153.625, 59.375, 4.494522404053852e-24, nan 
-153.375, 59.375, 3.4552525069511244e-24, nan 
-153.125, 59.375, 6.04258023754459e-24, nan 
-152.875, 59.375, 8.618796615963312e-24, nan 
-152.625, 59.375, 6.631448185361522e-24, nan 
-152.375, 59.375, 1.2146997821838351e-23, nan 
-152.125, 59.375, 1.6239792312487135e-23, nan 
-151.875, 59.375, 8.810860276565242e-24, nan 
-151.625, 59.375, 8.8559930568705e-24, nan 
-151.375, 59.375, 2.3472444934986363e-23, nan 
-151.125, 59.375, 2.2208025140248988e-23, nan 
-150.875, 59.375, 1.0885964200338804e-23, nan 
-150.625, 59.375, 2.6391528317508688e-23, nan 
-150.375, 59.375, 2.3849449899672965e-23, nan 
-150.125, 59.375, 1.0846099478737399e-23, nan 
-149.875, 59.375, 7.824321192251923e-24, nan 
-149.625, 59.375, 1.2149401164676649e-23, nan 
-149.375, 59.375, 6.677261633019511e-24, nan 
-149.125, 59.375, 1.7603261924077315e-23, nan 
-148.875, 59.375, 2.0406402903524177e-23, nan 
-148.625, 59.375, 1.1945729374873849e-23, nan 
-148.375, 59.375, 1.4251307123082132e-23, nan 
-148.125, 59.375, 1.9951515806131055e-23, nan 
-147.875, 59.375, 1.549840919799056e-23, nan 
-147.625, 59.375, 1.1011974223746595e-23, nan 
-147.375, 59.375, 1.2844056655245565e-23, nan 
-147.125, 59.375, 3.20422473193943e-24, nan 
-146.875, 59.375, 1.0686066723233402e-23, nan 
-146.625, 59.375, 2.2119382012406838e-23, nan 
-146.375, 59.375, 2.1564666174611603e-23, nan 
-146.125, 59.375, 9.980827976712792e-24, nan 
-145.875, 59.375, 5.886860252908624e-24, nan 
-145.625, 59.375, 1.092749766886198e-23, nan 
-145.375, 59.375, 1.7283637182268145e-23, nan 
-145.125, 59.375, 1.5418846310053993e-23, nan 
-144.875, 59.375, 8.312892156608986e-24, nan 
-144.625, 59.375, 4.647648536875418e-24, nan 
-144.375, 59.375, 9.079937260940657e-24, nan 
-144.125, 59.375, 6.879426446713482e-24, nan 
-143.875, 59.375, 7.168486198486663e-24, nan 
-143.625, 59.375, 1.5595229951851187e-23, nan 
-143.375, 59.375, 1.6917612940803584e-23, nan 
-143.125, 59.375, 7.731315719545355e-24, nan 
-142.875, 59.375, 4.2744876813196445e-24, nan 
-142.625, 59.375, 6.379538234125332e-24, nan 
-142.375, 59.375, 6.387449661145091e-24, nan 
-142.125, 59.375, 5.358354098724243e-24, nan 
-141.875, 59.375, 6.271149040818391e-24, nan 
-141.625, 59.375, 5.003291158724444e-24, nan 
-141.375, 59.375, 6.841904095724071e-24, nan 
-141.125, 59.375, 7.069264054108567e-24, nan 
-140.875, 59.375, 8.059982822284336e-24, nan 
-140.625, 59.375, 6.730083479795978e-24, nan 
-140.375, 59.375, 5.376495838695583e-24, nan 
-140.125, 59.375, 7.488405150838801e-24, nan 
-139.875, 59.375, 8.021375543019187e-24, nan 
-139.625, 59.375, 6.5020349421800994e-24, nan 
-139.375, 59.375, 2.4735360602291826e-24, nan 
-139.125, 59.375, 3.126586124711404e-24, nan 
-138.875, 59.375, 5.850695203505285e-24, nan 
-138.625, 59.375, 7.203427437001987e-24, nan 
-138.375, 59.375, 8.09886581033846e-24, nan 
-138.125, 59.375, 8.614185359490578e-24, nan 
-137.875, 59.375, 1.2296825452775659e-23, nan 
-137.625, 59.375, 1.1760165863281292e-23, nan 
-137.375, 59.375, 3.585454611536901e-24, nan 
-137.125, 59.375, 3.759906602194183e-24, nan 
-136.875, 59.375, 3.3419645941808766e-24, nan 
-136.625, 59.375, 5.144585393192549e-24, nan 
-136.375, 59.375, 7.971758848851361e-24, nan 
-136.125, 59.375, 7.450002976543851e-24, nan 
-135.875, 59.375, 3.537809070899935e-24, nan 
-135.625, 59.375, 5.832655221507412e-24, nan 
-135.375, 59.375, 6.335743894436708e-24, nan 
-135.125, 59.375, 4.666767284540173e-24, nan 
-134.875, 59.375, 5.6538889409947986e-24, nan 
-134.625, 59.375, 5.6140541211821005e-24, nan 
-134.375, 59.375, 5.9177385192884914e-24, nan 
-134.125, 59.375, 5.719595433385089e-24, nan 
-133.875, 59.375, 5.448351264019031e-24, nan 
-133.625, 59.375, 6.822133259757472e-24, nan 
-133.375, 59.375, 7.838866536924945e-24, nan 
-133.125, 59.375, 8.49807353304229e-24, nan 
105.125, 59.375, 4.472395852219736e-24, nan 
105.375, 59.375, 3.0634605275521543e-24, nan 
105.625, 59.375, 3.6195065864937574e-24, nan 
105.875, 59.375, 3.0321956490170105e-24, nan 
106.125, 59.375, 3.1392320649947893e-24, nan 
106.375, 59.375, 2.5497144915164407e-24, nan 
106.625, 59.375, 2.2829509649254776e-24, nan 
106.875, 59.375, 4.308295630515705e-24, nan 
107.125, 59.375, 3.7197558941123905e-24, nan 
107.375, 59.375, 6.390383571221862e-24, nan 
107.625, 59.375, 2.547505204579397e-24, nan 
107.875, 59.375, 9.943733853937194e-25, nan 
108.125, 59.375, 2.7483378658062315e-24, nan 
108.375, 59.375, 2.7221871505156435e-24, nan 
108.625, 59.375, 5.129799225316237e-24, nan 
108.875, 59.375, 4.580921204684263e-24, nan 
109.125, 59.375, 2.897685774941254e-24, nan 
109.375, 59.375, 2.2018287878370912e-24, nan 
109.625, 59.375, 4.094889623712386e-24, nan 
109.875, 59.375, 4.3469090944891756e-24, nan 
110.125, 59.375, 3.0453204621544608e-24, nan 
110.375, 59.375, 3.442605681017988e-24, nan 
110.625, 59.375, 4.2140809464305374e-24, nan 
110.875, 59.375, 3.155265732476179e-24, nan 
111.125, 59.375, 4.817018937133663e-24, nan 
111.375, 59.375, 4.9159645746499045e-24, nan 
111.625, 59.375, 1.4267031507639223e-23, nan 
111.875, 59.375, 1.6665658232333424e-23, nan 
112.125, 59.375, 1.1937234437982621e-23, nan 
112.375, 59.375, 3.3752256547393904e-24, nan 
112.625, 59.375, 4.44738946546756e-24, nan 
112.875, 59.375, 4.515622012084427e-24, nan 
113.125, 59.375, 5.081587608553935e-24, nan 
113.375, 59.375, 3.0905473362854423e-24, nan 
113.625, 59.375, 3.228103528407989e-24, nan 
113.875, 59.375, 5.376959297524144e-24, nan 
114.125, 59.375, 4.30021885764778e-24, nan 
114.375, 59.375, 3.47027037869082e-24, nan 
114.625, 59.375, 5.730519370820801e-24, nan 
114.875, 59.375, 7.37445988346955e-24, nan 
115.125, 59.375, 5.931919408926584e-24, nan 
115.375, 59.375, 6.1075250301329295e-24, nan 
115.625, 59.375, 6.51079873710528e-24, nan 
115.875, 59.375, 5.477161231564361e-24, nan 
116.125, 59.375, 1.1406669229062409e-23, nan 
116.375, 59.375, 1.05039850307391e-23, nan 
116.625, 59.375, 2.5480139317489338e-24, nan 
116.875, 59.375, 3.358869106144266e-24, nan 
117.125, 59.375, 3.0074585651466156e-24, nan 
117.375, 59.375, 3.2382792033008676e-24, nan 
117.625, 59.375, 4.3725966263434316e-24, nan 
117.875, 59.375, 4.599057007508921e-24, nan 
118.125, 59.375, 3.0408329652724583e-24, nan 
118.375, 59.375, 2.8374167591467747e-24, nan 
118.625, 59.375, 3.51916613394989e-24, nan 
118.875, 59.375, 3.1047038551197612e-24, nan 
119.125, 59.375, 2.6218981729495123e-24, nan 
119.375, 59.375, 3.888017259275122e-24, nan 
119.625, 59.375, 4.16755764297583e-24, nan 
119.875, 59.375, 2.6595198349027345e-23, nan 
120.125, 59.375, 2.5070443265986767e-23, nan 
120.375, 59.375, 1.2392375843565764e-23, nan 
120.625, 59.375, 1.4041136222216718e-23, nan 
120.875, 59.375, 6.959336225956427e-24, nan 
121.125, 59.375, 6.536428939963878e-24, nan 
121.375, 59.375, 8.712185161502498e-24, nan 
121.625, 59.375, 7.391470367875374e-24, nan 
121.875, 59.375, 4.450226044743917e-24, nan 
122.125, 59.375, 4.439199106775171e-24, nan 
122.375, 59.375, 6.302956732536542e-24, nan 
122.625, 59.375, 6.887228367647442e-24, nan 
122.875, 59.375, 8.444347484820338e-24, nan 
123.125, 59.375, 6.567077554726171e-24, nan 
123.375, 59.375, 6.774421047715162e-24, nan 
123.625, 59.375, 7.800824703469571e-24, nan 
123.875, 59.375, 8.399243707481924e-24, nan 
124.125, 59.375, 6.939030119004157e-24, nan 
124.375, 59.375, 9.385651328617183e-24, nan 
124.625, 59.375, 8.904628835764663e-24, nan 
124.875, 59.375, 9.795815395346836e-24, nan 
125.125, 59.375, 1.0673709373606152e-23, nan 
125.375, 59.375, 1.4688002621596928e-23, nan 
125.625, 59.375, 1.2626188521300906e-23, nan 
125.875, 59.375, 4.006655324931133e-24, nan 
126.125, 59.375, 8.353985026398173e-24, nan 
126.375, 59.375, 8.807502567456473e-24, nan 
126.625, 59.375, 6.0388811430046314e-24, nan 
126.875, 59.375, 5.719827867703923e-24, nan 
127.125, 59.375, 1.512489589882239e-23, nan 
127.375, 59.375, 1.6617613974062688e-23, nan 
127.625, 59.375, 2.443310796004736e-23, nan 
127.875, 59.375, 1.999106784447664e-23, nan 
128.125, 59.375, 9.644276379340108e-24, nan 
128.375, 59.375, 1.5751486703763403e-23, nan 
128.625, 59.375, 1.3894625842683613e-23, nan 
128.875, 59.375, 2.1166575168049316e-23, nan 
129.125, 59.375, 2.3668126820602836e-23, nan 
129.375, 59.375, 1.6175150240122605e-23, nan 
129.625, 59.375, 4.265567785290226e-23, nan 
129.875, 59.375, 4.2391440309276074e-23, nan 
130.125, 59.375, 1.8119730333803605e-23, nan 
130.375, 59.375, 8.968204279632243e-24, nan 
130.625, 59.375, 1.6453902468827263e-23, nan 
130.875, 59.375, 1.3012850150280307e-23, nan 
131.125, 59.375, 8.422396645155275e-24, nan 
131.375, 59.375, 1.1739613221722681e-23, nan 
131.625, 59.375, 1.8341902028766586e-23, nan 
131.875, 59.375, 1.824169780569561e-23, nan 
132.125, 59.375, 1.9697530726931816e-23, nan 
132.375, 59.375, 1.8849646924184214e-23, nan 
132.625, 59.375, 2.707462682833764e-23, nan 
132.875, 59.375, 3.409154321080589e-23, nan 
133.125, 59.375, 4.266337376804153e-23, nan 
133.375, 59.375, 6.185674889417755e-23, nan 
133.625, 59.375, 5.824818931276476e-23, nan 
133.875, 59.375, 2.005738699003005e-23, nan 
134.125, 59.375, 2.4949680295423745e-23, nan 
134.375, 59.375, 2.936606288495873e-23, nan 
134.625, 59.375, 1.72447734766387e-23, nan 
134.875, 59.375, 4.357704560491881e-23, nan 
135.125, 59.375, 6.002063503649093e-23, nan 
135.375, 59.375, 4.7703281140336704e-23, nan 
135.625, 59.375, 7.890636181120305e-23, nan 
135.875, 59.375, 1.4912128497154178e-22, nan 
136.125, 59.375, 7.24266391548025e-23, nan 
136.375, 59.375, 1.193039044728318e-22, nan 
136.625, 59.375, 1.0423270261234194e-22, nan 
136.875, 59.375, 6.109157795731598e-23, nan 
137.125, 59.375, 2.734037322878933e-23, nan 
137.375, 59.375, 4.978305727835181e-23, nan 
137.625, 59.375, 1.1619849226096138e-22, nan 
137.875, 59.375, 2.692641046609053e-22, nan 
138.125, 59.375, 3.583271965167499e-22, nan 
138.375, 59.375, 2.1851572293752565e-22, nan 
138.625, 59.375, 8.35377458212211e-23, nan 
138.875, 59.375, 6.368923392500343e-23, nan 
139.125, 59.375, 2.778749295934014e-23, nan 
139.375, 59.375, 1.5051949413820033e-23, nan 
139.625, 59.375, 5.895062073592255e-24, nan 
139.875, 59.375, 1.032608709890234e-22, nan 
140.125, 59.375, 1.411353644545407e-22, nan 
140.375, 59.375, 6.952209385158568e-23, nan 
140.625, 59.375, 5.591658127749083e-23, nan 
140.875, 59.375, 1.3162422344548451e-22, nan 
141.125, 59.375, 1.225363136848827e-22, nan 
141.375, 59.375, 6.386317484888241e-23, nan 
141.625, 59.375, 7.175524830602672e-23, nan 
141.875, 59.375, 9.729949349117034e-23, nan 
142.125, 59.375, 7.383115911443403e-23, nan 
142.375, 59.375, 3.688119238511842e-23, nan 
142.625, 59.375, 7.380278536076488e-23, nan 
142.875, 59.375, 6.682489733159865e-23, nan 
143.125, 59.375, 1.8379520344390422e-23, nan 
143.375, 59.375, 2.480016533817315e-23, nan 
143.625, 59.375, 9.499905157218662e-23, nan 
143.875, 59.375, 9.581323785601284e-23, nan 
144.125, 59.375, 4.232771575245514e-23, nan 
144.375, 59.375, 4.6092054278393745e-23, nan 
144.625, 59.375, 2.1285090143055405e-23, nan 
144.875, 59.375, 4.2747493825412507e-23, nan 
145.125, 59.375, 4.382633774913637e-23, nan 
145.375, 59.375, 1.9837977225092745e-23, nan 
145.625, 59.375, 2.9620254702813787e-23, nan 
145.875, 59.375, 3.591675110315431e-23, nan 
146.125, 59.375, 3.738834705619116e-23, nan 
146.375, 59.375, 4.210191957868229e-23, nan 
146.625, 59.375, 3.4517036776034675e-23, nan 
146.875, 59.375, 4.0093039805316334e-23, nan 
147.125, 59.375, 2.4798524185305933e-23, nan 
147.375, 59.375, 2.969695191812743e-23, nan 
147.625, 59.375, 3.6971997150712376e-23, nan 
147.875, 59.375, 2.7895905456933286e-23, nan 
148.125, 59.375, 2.3994757081459147e-23, nan 
148.375, 59.375, 5.558093415199418e-23, nan 
148.625, 59.375, 7.336290620409849e-23, nan 
148.875, 59.375, 3.5127876449933663e-23, nan 
149.125, 59.375, 3.355877456206603e-23, nan 
149.375, 59.375, 3.945472736877241e-23, nan 
149.625, 59.375, 3.262404781950633e-23, nan 
149.875, 59.375, 5.654718749457775e-23, nan 
150.125, 59.375, 7.533289108253906e-23, nan 
150.375, 59.375, 7.782698615837476e-23, nan 
150.625, 59.375, 1.8928789362694995e-22, nan 
150.875, 59.375, 2.251170406389646e-22, nan 
151.125, 59.375, 2.3310498443797433e-22, nan 
151.375, 59.375, 2.2579311491552773e-22, nan 
151.625, 59.375, 1.5177714531318202e-22, nan 
151.875, 59.375, 9.086402551512894e-23, nan 
152.125, 59.375, 1.0256811273903853e-22, nan 
152.375, 59.375, 1.0432073756161545e-22, nan 
152.625, 59.375, 1.9688267587437725e-22, nan 
152.875, 59.375, 2.7354406885484437e-22, nan 
153.125, 59.375, 2.372986100667839e-22, nan 
153.375, 59.375, 1.173032461483626e-22, nan 
153.625, 59.375, 7.828297547220792e-23, nan 
153.875, 59.375, 3.577968592748632e-23, nan 
154.125, 59.375, 4.302809236511876e-23, nan 
154.375, 59.375, 6.606544241671325e-23, nan 
154.625, 59.375, 1.4732635166212458e-22, nan 
154.875, 59.375, 1.88444180822596e-22, nan 
155.125, 59.375, 1.667116444372536e-22, nan 
155.375, 59.375, 1.304475840219096e-22, nan 
155.625, 59.375, 1.143832456667757e-22, nan 
155.875, 59.375, 2.3768697000972934e-22, nan 
156.125, 59.375, 2.515528130028566e-22, nan 
156.375, 59.375, 9.782216223117032e-23, nan 
156.625, 59.375, 1.0961560106029687e-22, nan 
156.875, 59.375, 9.574081501298217e-23, nan 
157.125, 59.375, 1.0151429091897691e-22, nan 
157.375, 59.375, 1.7132893974899838e-22, nan 
157.625, 59.375, 2.6189766499822176e-22, nan 
157.875, 59.375, 2.9972788895143855e-22, nan 
158.125, 59.375, 2.227425917335823e-22, nan 
158.375, 59.375, 1.5858031925865792e-22, nan 
158.625, 59.375, 1.4100275108947307e-22, nan 
158.875, 59.375, 9.114135655159352e-23, nan 
159.125, 59.375, 7.350633481762687e-23, nan 
159.375, 59.375, 6.777387658298743e-23, nan 
159.625, 59.375, 9.314864144607876e-23, nan 
159.875, 59.375, 8.636137177927217e-23, nan 
160.125, 59.375, 1.43907781024378e-22, nan 
160.375, 59.375, 1.3395957195993672e-22, nan 
160.625, 59.375, 4.834780501467269e-23, nan 
160.875, 59.375, 3.3385209073600754e-23, nan 
161.125, 59.375, 4.2897353105062205e-23, nan 
161.375, 59.375, 1.737182382455688e-22, nan 
161.625, 59.375, 2.830506084388617e-22, nan 
161.875, 59.375, 2.461960740466569e-22, nan 
162.125, 59.375, 7.047460706635334e-22, nan 
162.375, 59.375, 6.489089336752731e-22, nan 
162.625, 59.375, 1.6276963415494328e-22, nan 
162.875, 59.375, 2.429865894798727e-22, nan 
163.125, 59.375, 1.7824249640880606e-22, nan 
163.375, 59.375, 3.923026573824613e-22, nan 
163.625, 59.375, 3.7458176939487463e-22, nan 
163.875, 59.375, 1.826128768670668e-22, nan 
164.125, 59.375, 2.0743707023503844e-22, nan 
164.375, 59.375, 3.2226021339291e-22, nan 
164.625, 59.375, 3.6279298793858373e-22, nan 
164.875, 59.375, 2.17640156550447e-22, nan 
165.125, 59.375, 6.058558353275638e-22, nan 
165.375, 59.375, 6.067177932343061e-22, nan 
165.625, 59.375, 2.6146634978132587e-22, nan 
165.875, 59.375, 1.3513608971595424e-22, nan 
166.125, 59.375, 2.4497299608547093e-22, nan 
166.375, 59.375, 5.1490032507594855e-22, nan 
166.625, 59.375, 4.251150998207665e-22, nan 
166.875, 59.375, 1.4972019093850818e-22, nan 
167.125, 59.375, 2.0893028100204935e-22, nan 
167.375, 59.375, 1.4620656492605073e-22, nan 
167.625, 59.375, 1.609501816492859e-22, nan 
167.875, 59.375, 2.7547364515917916e-22, nan 
168.125, 59.375, 1.6662616447574044e-22, nan 
168.375, 59.375, 2.586254363228486e-22, nan 
168.625, 59.375, 4.380187464616738e-22, nan 
168.875, 59.375, 4.084082218133619e-22, nan 
169.125, 59.375, 1.551371388972284e-22, nan 
169.375, 59.375, 2.1626581167320935e-22, nan 
169.625, 59.375, 1.9692524490599276e-22, nan 
169.875, 59.375, 2.3955820264445625e-22, nan 
170.125, 59.375, 3.016823469028835e-22, nan 
170.375, 59.375, 2.930036554160794e-22, nan 
170.625, 59.375, 2.583937688938712e-22, nan 
170.875, 59.375, 2.6183050247900076e-22, nan 
171.125, 59.375, 3.6660044001807483e-22, nan 
171.375, 59.375, 3.5837839373284043e-22, nan 
171.625, 59.375, 2.5859912081776305e-22, nan 
171.875, 59.375, 2.2254546806962655e-22, nan 
172.125, 59.375, 6.5517565881363e-23, nan 
172.375, 59.375, 1.0093696295475482e-22, nan 
172.625, 59.375, 5.408990488661535e-23, nan 
172.875, 59.375, 2.771438412312087e-22, nan 
173.125, 59.375, 3.6250959960677877e-22, nan 
173.375, 59.375, 2.0563502734411156e-22, nan 
173.625, 59.375, 8.033195410327779e-23, nan 
173.875, 59.375, 1.6923885000389078e-22, nan 
174.125, 59.375, 1.005540385222523e-22, nan 
174.375, 59.375, 3.352166195426496e-22, nan 
174.625, 59.375, 3.4951342116635006e-22, nan 
174.875, 59.375, 2.8740799277140885e-22, nan 
175.125, 59.375, 1.9756204440937826e-22, nan 
175.375, 59.375, 3.685236214145708e-22, nan 
175.625, 59.375, 1.8634191135939556e-22, nan 
175.875, 59.375, 7.784129643331811e-23, nan 
176.125, 59.375, 1.4785456905564556e-22, nan 
176.375, 59.375, 2.547824750110531e-22, nan 
176.625, 59.375, 2.480111331715301e-22, nan 
176.875, 59.375, 1.928018236383543e-22, nan 
177.125, 59.375, 3.7056453085785127e-22, nan 
177.375, 59.375, 3.882595999047403e-22, nan 
177.625, 59.375, 2.8097547194401986e-22, nan 
177.875, 59.375, 2.201027396746422e-22, nan 
178.125, 59.375, 9.606829492719684e-23, nan 
178.375, 59.375, 7.396361915257019e-23, nan 
178.625, 59.375, 1.7685099620608089e-22, nan 
178.875, 59.375, 2.0591713002564174e-22, nan 
179.125, 59.375, 6.65137939919458e-23, nan 
179.375, 59.375, 1.091642197489636e-22, nan 
179.625, 59.375, 1.0559011878221964e-22, nan 
179.875, 59.375, 6.665879520094725e-23, nan 
-179.875, 59.625, 4.5642923096052325e-23, nan 
-179.625, 59.625, 3.9098510968962927e-23, nan 
-179.375, 59.625, 8.845260433656e-23, nan 
-179.125, 59.625, 7.441571225573235e-23, nan 
-178.875, 59.625, 9.946371358024587e-23, nan 
-178.625, 59.625, 1.3015940249955829e-22, nan 
-178.375, 59.625, 1.2105271253755429e-22, nan 
-178.125, 59.625, 3.535288579508898e-23, nan 
-177.875, 59.625, 1.6734312308546165e-23, nan 
-177.625, 59.625, 2.3261856196807306e-23, nan 
-177.375, 59.625, 2.830247648961277e-23, nan 
-177.125, 59.625, 5.987744753264746e-23, nan 
-176.875, 59.625, 9.192273163415916e-23, nan 
-176.625, 59.625, 6.999908861420571e-22, nan 
-176.375, 59.625, 8.032000464912902e-22, nan 
-176.125, 59.625, 7.076002619968832e-22, nan 
-175.875, 59.625, 6.131563372080286e-22, nan 
-175.625, 59.625, 2.0864700974930727e-22, nan 
-175.375, 59.625, 4.040165153951343e-23, nan 
-175.125, 59.625, 8.079432133129325e-23, nan 
-174.875, 59.625, 7.187204220889057e-23, nan 
-174.625, 59.625, 3.456720438932308e-23, nan 
-174.375, 59.625, 4.6645448292429084e-23, nan 
-174.125, 59.625, 6.070976348337136e-23, nan 
-173.875, 59.625, 5.319440737369697e-23, nan 
-173.625, 59.625, 9.747697365907989e-23, nan 
-173.375, 59.625, 1.3532178134774476e-22, nan 
-173.125, 59.625, 1.137848750878392e-22, nan 
-172.875, 59.625, 1.4971559015427895e-22, nan 
-172.625, 59.625, 1.2741287095986077e-22, nan 
-172.375, 59.625, 3.629259797743239e-23, nan 
-172.125, 59.625, 2.9327333923976996e-23, nan 
-171.875, 59.625, 2.2257574199330658e-23, nan 
-171.625, 59.625, 9.858963079721778e-23, nan 
-171.375, 59.625, 1.1754945946184154e-22, nan 
-171.125, 59.625, 7.024133260452964e-23, nan 
-170.875, 59.625, 4.494271182789935e-23, nan 
-170.625, 59.625, 4.1661689495498135e-23, nan 
-170.375, 59.625, 3.2484485669630197e-23, nan 
-170.125, 59.625, 1.0619270487372188e-23, nan 
-169.875, 59.625, 1.3273808846460938e-23, nan 
-169.625, 59.625, 2.341534189801398e-23, nan 
-169.375, 59.625, 2.5595710082808464e-23, nan 
-169.125, 59.625, 1.6596522231366518e-23, nan 
-168.875, 59.625, 1.545657013864679e-23, nan 
-168.625, 59.625, 2.0313447811603954e-23, nan 
-168.375, 59.625, 2.573790694990079e-23, nan 
-168.125, 59.625, 7.081284615651636e-23, nan 
-167.875, 59.625, 1.0271976351282584e-22, nan 
-167.625, 59.625, 6.359684424650034e-23, nan 
-167.375, 59.625, 8.522167643524245e-23, nan 
-167.125, 59.625, 8.335810275573214e-23, nan 
-166.875, 59.625, 5.989602344413001e-23, nan 
-166.625, 59.625, 5.618100342587015e-23, nan 
-166.375, 59.625, 5.699007083791316e-23, nan 
-166.125, 59.625, 2.210291651715998e-23, nan 
-165.875, 59.625, 1.5631459268498083e-23, nan 
-165.625, 59.625, 7.555114441908594e-24, nan 
-165.375, 59.625, 6.86900690147864e-24, nan 
-165.125, 59.625, 2.3102552549621936e-23, nan 
-164.875, 59.625, 3.209289656780921e-23, nan 
-164.625, 59.625, 2.4345350840567654e-23, nan 
-164.375, 59.625, 7.762524216121958e-24, nan 
-164.125, 59.625, 1.2009951003813065e-23, nan 
-163.875, 59.625, 2.4495829779859057e-23, nan 
-163.625, 59.625, 2.0705722930861484e-23, nan 
-163.375, 59.625, 3.9461401019106244e-23, nan 
-163.125, 59.625, 3.5593679864358675e-23, nan 
-162.875, 59.625, 2.7564695620528063e-23, nan 
-162.625, 59.625, 2.513642358277131e-23, nan 
-162.375, 59.625, 2.9910072152713973e-23, nan 
-162.125, 59.625, 4.319142912935353e-23, nan 
-161.875, 59.625, 2.285683958733735e-23, nan 
-161.625, 59.625, 6.601020853189942e-24, nan 
-161.375, 59.625, 1.9552671792257673e-23, nan 
-161.125, 59.625, 1.9313716607682705e-23, nan 
-160.875, 59.625, 2.3185818504082074e-23, nan 
-160.625, 59.625, 2.4525906446138456e-23, nan 
-160.375, 59.625, 6.4914494616975825e-24, nan 
-160.125, 59.625, 1.352963485192437e-23, nan 
-159.875, 59.625, 1.1749407614588658e-23, nan 
-159.625, 59.625, 1.785333400955227e-23, nan 
-159.375, 59.625, 2.774659693534644e-23, nan 
-159.125, 59.625, 3.937631150946097e-23, nan 
-158.875, 59.625, 3.37105310747898e-23, nan 
-158.625, 59.625, 2.38057061378128e-23, nan 
-158.375, 59.625, 1.1128318032173556e-23, nan 
-158.125, 59.625, 2.1559846317420745e-23, nan 
-157.875, 59.625, 2.4653555858063307e-23, nan 
-157.625, 59.625, 2.4021485685039233e-23, nan 
-157.375, 59.625, 1.497503322384569e-23, nan 
-157.125, 59.625, 1.0896781909382668e-23, nan 
-156.875, 59.625, 2.420971190220814e-23, nan 
-156.625, 59.625, 2.5303500873475594e-23, nan 
-156.375, 59.625, 2.744678512418061e-23, nan 
-156.125, 59.625, 3.2288550815814733e-23, nan 
-155.875, 59.625, 1.9659812137928507e-23, nan 
-155.625, 59.625, 6.799699044129736e-24, nan 
-155.375, 59.625, 6.937828462628627e-24, nan 
-155.125, 59.625, 1.582236581850225e-23, nan 
-154.875, 59.625, 1.7371999716119055e-23, nan 
-154.625, 59.625, 1.069541841813856e-23, nan 
-154.375, 59.625, 1.2299585742883946e-23, nan 
-154.125, 59.625, 1.8042978727306072e-23, nan 
-153.875, 59.625, 1.742460532864769e-23, nan 
-153.625, 59.625, 4.639146336494413e-24, nan 
-153.375, 59.625, 1.1885524241927315e-23, nan 
-153.125, 59.625, 1.31024485822748e-23, nan 
-152.875, 59.625, 6.78316843523537e-24, nan 
-152.625, 59.625, 2.5149902369458262e-23, nan 
-152.375, 59.625, 3.121458397663966e-23, nan 
-152.125, 59.625, 1.1809260151571066e-23, nan 
-151.875, 59.625, 8.272789137452848e-24, nan 
-151.625, 59.625, 2.655600973938893e-23, nan 
-151.375, 59.625, 3.1391947134598636e-23, nan 
-151.125, 59.625, 1.7065045350431848e-23, nan 
-150.875, 59.625, 1.4109282244002142e-23, nan 
-150.625, 59.625, 1.428684620089532e-23, nan 
-150.375, 59.625, 1.2418209566380768e-23, nan 
-150.125, 59.625, 9.638713217450603e-24, nan 
-149.875, 59.625, 7.404675318356725e-24, nan 
-149.625, 59.625, 1.0593522797109962e-23, nan 
-149.375, 59.625, 2.704364105576975e-23, nan 
-149.125, 59.625, 4.0621875958450506e-23, nan 
-148.875, 59.625, 3.9856404336196335e-23, nan 
-148.625, 59.625, 6.317183396159601e-23, nan 
-148.375, 59.625, 5.891018246346916e-23, nan 
-148.125, 59.625, 6.240420360112851e-23, nan 
-147.875, 59.625, 5.941471853714456e-23, nan 
-147.625, 59.625, 5.598626595077111e-23, nan 
-147.375, 59.625, 4.3767604750856515e-23, nan 
-147.125, 59.625, 2.2148103392312097e-23, nan 
-146.875, 59.625, 3.5681731062084705e-24, nan 
-146.625, 59.625, 1.8017194668076448e-23, nan 
-146.375, 59.625, 2.6895182028074503e-23, nan 
-146.125, 59.625, 2.4091575176510133e-23, nan 
-145.875, 59.625, 1.666314539875331e-23, nan 
-145.625, 59.625, 1.2867545785755268e-23, nan 
-145.375, 59.625, 2.446117631622096e-23, nan 
-145.125, 59.625, 2.5463668387793693e-23, nan 
-144.875, 59.625, 8.839002330416522e-24, nan 
-144.625, 59.625, 7.163632011141179e-24, nan 
-144.375, 59.625, 4.636910935127685e-24, nan 
-144.125, 59.625, 5.472206856163738e-24, nan 
-143.875, 59.625, 4.256295490390872e-24, nan 
-143.625, 59.625, 7.397317008092608e-24, nan 
-143.375, 59.625, 1.1347988779110163e-23, nan 
-143.125, 59.625, 1.1122379115462709e-23, nan 
-142.875, 59.625, 9.033287401563796e-24, nan 
-142.625, 59.625, 3.2155957890594617e-24, nan 
-142.375, 59.625, 4.298153758307885e-24, nan 
-142.125, 59.625, 6.592782094831721e-24, nan 
-141.875, 59.625, 5.577614353830324e-24, nan 
-141.625, 59.625, 5.1438898363159494e-24, nan 
-141.375, 59.625, 3.715609920606082e-24, nan 
-141.125, 59.625, 4.397140091976056e-24, nan 
-140.875, 59.625, 7.745398272558428e-24, nan 
-140.625, 59.625, 8.856612002364996e-24, nan 
-140.375, 59.625, 1.0641353285556457e-23, nan 
-140.125, 59.625, 1.0911228117201518e-23, nan 
-139.875, 59.625, 2.1545330492384592e-24, nan 
-139.625, 59.625, 2.9116558235068407e-24, nan 
-139.375, 59.625, 2.490387996106632e-24, nan 
-139.125, 59.625, 2.1421848868467163e-24, nan 
-138.875, 59.625, 5.0158506172411304e-24, nan 
-138.625, 59.625, 5.3012311289431285e-24, nan 
-138.375, 59.625, 3.1556161753154223e-24, nan 
-138.125, 59.625, 5.364822969438571e-24, nan 
-137.875, 59.625, 6.69251818760734e-24, nan 
-137.625, 59.625, 1.3334415596878129e-23, nan 
-137.375, 59.625, 1.3461075379306957e-23, nan 
-137.125, 59.625, 9.388206902769632e-24, nan 
-136.875, 59.625, 6.481050670395648e-24, nan 
-136.625, 59.625, 3.818494255594189e-24, nan 
-136.375, 59.625, 5.0155121286157324e-24, nan 
-136.125, 59.625, 7.45125120924867e-24, nan 
-135.875, 59.625, 6.672416930574365e-24, nan 
-135.625, 59.625, 5.401107668093697e-24, nan 
-135.375, 59.625, 6.687863905202106e-24, nan 
-135.125, 59.625, 5.649363269452013e-24, nan 
-134.875, 59.625, 6.4244511351810215e-24, nan 
-134.625, 59.625, 6.988111876577038e-24, nan 
-134.375, 59.625, 6.617636651674055e-24, nan 
-134.125, 59.625, 7.4793609207454e-24, nan 
-133.875, 59.625, 6.274338287175816e-24, nan 
-133.625, 59.625, 6.871717539071124e-24, nan 
-133.375, 59.625, 1.3095835110749015e-23, nan 
-133.125, 59.625, 1.6193144667275283e-23, nan 
-132.875, 59.625, 3.2568121074100974e-23, nan 
-132.625, 59.625, 5.806519856265806e-23, nan 
104.625, 59.625, 4.920706173541739e-24, nan 
104.875, 59.625, 5.361974305695041e-24, nan 
105.125, 59.625, 6.0200927257182916e-24, nan 
105.375, 59.625, 4.826255535433538e-24, nan 
105.625, 59.625, 3.43899171826844e-24, nan 
105.875, 59.625, 3.758093139728767e-24, nan 
106.125, 59.625, 3.4261187622346435e-24, nan 
106.375, 59.625, 2.583280794270354e-24, nan 
106.625, 59.625, 5.635282109252352e-24, nan 
106.875, 59.625, 6.562070763957634e-24, nan 
107.125, 59.625, 6.808686589488118e-24, nan 
107.375, 59.625, 1.4422773703884588e-23, nan 
107.625, 59.625, 1.2072392679631463e-23, nan 
107.875, 59.625, 1.518807677723683e-24, nan 
108.125, 59.625, 2.2580637431147486e-24, nan 
108.375, 59.625, 4.437749303799921e-24, nan 
108.625, 59.625, 5.696253515874581e-24, nan 
108.875, 59.625, 1.7136919375005214e-24, nan 
109.125, 59.625, 2.7623300355323343e-24, nan 
109.375, 59.625, 2.660840103219025e-24, nan 
109.625, 59.625, 2.2329281068145943e-24, nan 
109.875, 59.625, 2.5144063018835742e-24, nan 
110.125, 59.625, 3.5007075291133534e-24, nan 
110.375, 59.625, 5.785096195976751e-24, nan 
110.625, 59.625, 6.057071341153071e-24, nan 
110.875, 59.625, 4.1338602004731664e-24, nan 
111.125, 59.625, 3.2368326191775317e-24, nan 
111.375, 59.625, 1.328242878268337e-23, nan 
111.625, 59.625, 1.4600956628888076e-23, nan 
111.875, 59.625, 1.0622409080265383e-23, nan 
112.125, 59.625, 6.5327121247623e-24, nan 
112.375, 59.625, 3.122592319673487e-24, nan 
112.625, 59.625, 4.068347712200509e-24, nan 
112.875, 59.625, 5.92611916189812e-24, nan 
113.125, 59.625, 6.729488566082047e-24, nan 
113.375, 59.625, 4.3000474783950555e-24, nan 
113.625, 59.625, 5.9310527768133476e-24, nan 
113.875, 59.625, 5.844704073505348e-24, nan 
114.125, 59.625, 3.8258312580861466e-24, nan 
114.375, 59.625, 4.643221345310121e-24, nan 
114.625, 59.625, 6.5603753545329036e-24, nan 
114.875, 59.625, 7.271302319411684e-24, nan 
115.125, 59.625, 8.0393789925556e-24, nan 
115.375, 59.625, 6.4000094872329054e-24, nan 
115.625, 59.625, 5.866271730842885e-24, nan 
115.875, 59.625, 8.732968473388293e-24, nan 
116.125, 59.625, 1.66825115981379e-23, nan 
116.375, 59.625, 1.5705706079135203e-23, nan 
116.625, 59.625, 7.469608753228353e-24, nan 
116.875, 59.625, 8.913217781549016e-24, nan 
117.125, 59.625, 6.912615467636488e-24, nan 
117.375, 59.625, 5.305114340256069e-24, nan 
117.625, 59.625, 4.258803963945525e-24, nan 
117.875, 59.625, 3.4674116356908795e-24, nan 
118.125, 59.625, 3.4353653945405134e-24, nan 
118.375, 59.625, 2.092190974131448e-24, nan 
118.625, 59.625, 2.6731155119201214e-24, nan 
118.875, 59.625, 5.137704802177751e-24, nan 
119.125, 59.625, 5.505171651745825e-24, nan 
119.375, 59.625, 6.552241342243855e-24, nan 
119.625, 59.625, 8.10819543271931e-24, nan 
119.875, 59.625, 2.3179130739871037e-23, nan 
120.125, 59.625, 2.2183153319032003e-23, nan 
120.375, 59.625, 5.838354431806519e-24, nan 
120.625, 59.625, 2.110662672978374e-23, nan 
120.875, 59.625, 1.7792050686838184e-23, nan 
121.125, 59.625, 5.9428088845848934e-24, nan 
121.375, 59.625, 7.155149368748174e-24, nan 
121.625, 59.625, 7.747768491721449e-24, nan 
121.875, 59.625, 4.360874145268101e-24, nan 
122.125, 59.625, 6.714113731917405e-24, nan 
122.375, 59.625, 6.435752407782608e-24, nan 
122.625, 59.625, 4.0233000734365624e-24, nan 
122.875, 59.625, 6.599182171909639e-24, nan 
123.125, 59.625, 5.285720321601121e-24, nan 
123.375, 59.625, 6.165228680302506e-24, nan 
123.625, 59.625, 5.785157356948839e-24, nan 
123.875, 59.625, 8.265824263754717e-24, nan 
124.125, 59.625, 1.060761474223357e-23, nan 
124.375, 59.625, 1.058785938539325e-23, nan 
124.625, 59.625, 5.0428793034094874e-24, nan 
124.875, 59.625, 3.066738522921368e-24, nan 
125.125, 59.625, 3.6313680608354915e-24, nan 
125.375, 59.625, 5.3818907195910846e-24, nan 
125.625, 59.625, 3.2149239740015098e-24, nan 
125.875, 59.625, 6.648177851555494e-24, nan 
126.125, 59.625, 6.961871895368936e-24, nan 
126.375, 59.625, 6.52432496315659e-24, nan 
126.625, 59.625, 7.712234315813151e-24, nan 
126.875, 59.625, 1.4862772078706872e-23, nan 
127.125, 59.625, 1.8390815093023116e-23, nan 
127.375, 59.625, 1.3910488860979907e-23, nan 
127.625, 59.625, 1.4576226943412242e-23, nan 
127.875, 59.625, 1.0564555971359932e-23, nan 
128.125, 59.625, 2.3471387406452665e-23, nan 
128.375, 59.625, 2.687466002329214e-23, nan 
128.625, 59.625, 2.4739981658912303e-23, nan 
128.875, 59.625, 3.0112119094223564e-23, nan 
129.125, 59.625, 3.502249375132368e-23, nan 
129.375, 59.625, 4.124604544062889e-23, nan 
129.625, 59.625, 4.117563878145003e-23, nan 
129.875, 59.625, 1.1921433921863362e-23, nan 
130.125, 59.625, 2.3509989435913104e-23, nan 
130.375, 59.625, 3.549245481723551e-23, nan 
130.625, 59.625, 2.9347233648379645e-23, nan 
130.875, 59.625, 1.7470835871081158e-23, nan 
131.125, 59.625, 1.550444328159347e-23, nan 
131.375, 59.625, 1.5165494524364594e-23, nan 
131.625, 59.625, 1.7058132939785144e-23, nan 
131.875, 59.625, 1.7528170294510985e-23, nan 
132.125, 59.625, 2.3313869348496798e-23, nan 
132.375, 59.625, 2.694293284475377e-23, nan 
132.625, 59.625, 3.358152601756805e-23, nan 
132.875, 59.625, 2.819049655912131e-23, nan 
133.125, 59.625, 3.9029714522056176e-23, nan 
133.375, 59.625, 3.36797397767583e-23, nan 
133.625, 59.625, 1.3421102308628728e-23, nan 
133.875, 59.625, 1.8388920675706347e-23, nan 
134.125, 59.625, 1.9572085257730002e-23, nan 
134.375, 59.625, 1.3831962997624612e-23, nan 
134.625, 59.625, 4.6688747422711557e-23, nan 
134.875, 59.625, 9.198645424809341e-23, nan 
135.125, 59.625, 8.390829855840067e-23, nan 
135.375, 59.625, 9.69518015489785e-23, nan 
135.625, 59.625, 4.889061930394449e-22, nan 
135.875, 59.625, 7.1120119379164315e-22, nan 
136.125, 59.625, 7.004180166028206e-22, nan 
136.375, 59.625, 4.349038923757297e-22, nan 
136.625, 59.625, 7.548640610077404e-23, nan 
136.875, 59.625, 1.4113516548911015e-22, nan 
137.125, 59.625, 1.3108337015084893e-22, nan 
137.375, 59.625, 5.248093817820357e-23, nan 
137.625, 59.625, 6.40674589448832e-23, nan 
137.875, 59.625, 1.1458990204321986e-22, nan 
138.125, 59.625, 1.979676919426307e-22, nan 
138.375, 59.625, 1.0003235605960806e-22, nan 
138.625, 59.625, 7.104772028244815e-23, nan 
138.875, 59.625, 2.711239330551656e-23, nan 
139.125, 59.625, 1.7814127555118468e-23, nan 
139.375, 59.625, 9.312520467743661e-24, nan 
139.625, 59.625, 4.067997170618213e-23, nan 
139.875, 59.625, 8.039106698736348e-23, nan 
140.125, 59.625, 1.0010499227849879e-22, nan 
140.375, 59.625, 9.61086514972157e-23, nan 
140.625, 59.625, 1.0592584483481824e-22, nan 
140.875, 59.625, 1.1524006018732484e-22, nan 
141.125, 59.625, 7.498423450654346e-23, nan 
141.375, 59.625, 3.2422718243540724e-23, nan 
141.625, 59.625, 2.8517367647826e-23, nan 
141.875, 59.625, 6.898791680038448e-23, nan 
142.125, 59.625, 9.288650861623758e-23, nan 
142.375, 59.625, 6.510271217959815e-23, nan 
142.625, 59.625, 4.145122521078857e-23, nan 
142.875, 59.625, 3.2973870364832794e-23, nan 
143.125, 59.625, 3.7656253147201745e-23, nan 
143.375, 59.625, 3.423913151438874e-23, nan 
143.625, 59.625, 1.2576283160795005e-22, nan 
143.875, 59.625, 1.2728223102159033e-22, nan 
144.125, 59.625, 4.6953354960795504e-23, nan 
144.375, 59.625, 4.5066158332207333e-23, nan 
144.625, 59.625, 1.2943430646886005e-23, nan 
144.875, 59.625, 1.8528557788084927e-23, nan 
145.125, 59.625, 2.660358621393431e-23, nan 
145.375, 59.625, 2.7782014566059107e-23, nan 
145.625, 59.625, 1.3103457609878008e-23, nan 
145.875, 59.625, 2.9458872021127523e-23, nan 
146.125, 59.625, 4.1377374307610223e-23, nan 
146.375, 59.625, 4.65626156592889e-23, nan 
146.625, 59.625, 3.568880791036103e-23, nan 
146.875, 59.625, 5.242891807599134e-23, nan 
147.125, 59.625, 6.066719585730776e-23, nan 
147.375, 59.625, 4.594627858355557e-23, nan 
147.625, 59.625, 5.0294043702828435e-23, nan 
147.875, 59.625, 5.397638569478789e-23, nan 
148.125, 59.625, 3.326453553566856e-23, nan 
148.375, 59.625, 2.358858749460243e-23, nan 
148.625, 59.625, 6.915832574542995e-23, nan 
148.875, 59.625, 4.270734567341591e-23, nan 
149.125, 59.625, 2.3913716288182667e-23, nan 
149.375, 59.625, 4.1371944229296593e-23, nan 
149.625, 59.625, 3.1493072371743314e-23, nan 
149.875, 59.625, 1.0201301758596603e-22, nan 
150.125, 59.625, 1.089492632264479e-22, nan 
150.375, 59.625, 1.0437190469487121e-22, nan 
150.625, 59.625, 2.127628375798137e-22, nan 
150.875, 59.625, 2.837078207250736e-22, nan 
151.125, 59.625, 2.698098646257553e-22, nan 
151.375, 59.625, 1.7030280822262152e-22, nan 
151.625, 59.625, 7.731036844938256e-23, nan 
151.875, 59.625, 9.140537898814728e-23, nan 
152.125, 59.625, 1.1880989506601387e-22, nan 
152.375, 59.625, 1.0989026443519417e-22, nan 
152.625, 59.625, 2.9889313694344643e-22, nan 
152.875, 59.625, 4.405593609857501e-22, nan 
153.125, 59.625, 4.4128535709597e-22, nan 
153.375, 59.625, 1.8700979288111754e-22, nan 
153.625, 59.625, 1.2532951563878715e-22, nan 
153.875, 59.625, 1.085805671786108e-22, nan 
154.125, 59.625, 7.291993134412515e-23, nan 
154.375, 59.625, 1.012033152117933e-22, nan 
154.625, 59.625, 1.1078567759180788e-22, nan 
154.875, 59.625, 1.4572649378702943e-22, nan 
155.125, 59.625, 1.3874077943669368e-22, nan 
155.375, 59.625, 1.0251671489546925e-22, nan 
155.625, 59.625, 7.891124481325024e-23, nan 
155.875, 59.625, 1.8450701675800601e-22, nan 
156.125, 59.625, 1.7266586927698324e-22, nan 
156.375, 59.625, 1.068605088424916e-22, nan 
156.625, 59.625, 9.13318766545511e-23, nan 
156.875, 59.625, 9.153588094024952e-23, nan 
157.125, 59.625, 1.5361476344428032e-22, nan 
157.375, 59.625, 1.8734514460285692e-22, nan 
157.625, 59.625, 2.1531834444859685e-22, nan 
157.875, 59.625, 2.954423414009044e-22, nan 
158.125, 59.625, 2.658883913787537e-22, nan 
158.375, 59.625, 1.3545161958750288e-22, nan 
158.625, 59.625, 5.235837843419043e-23, nan 
158.875, 59.625, 5.845062812030766e-23, nan 
159.125, 59.625, 7.457997568768451e-23, nan 
159.375, 59.625, 6.164700624155234e-23, nan 
159.625, 59.625, 1.094434754490762e-22, nan 
159.875, 59.625, 1.2443843033530928e-22, nan 
160.125, 59.625, 1.0825940378650692e-22, nan 
160.375, 59.625, 5.063113127794493e-23, nan 
160.625, 59.625, 6.306849833028336e-23, nan 
160.875, 59.625, 1.086415906806154e-22, nan 
161.125, 59.625, 1.5544285872757019e-22, nan 
161.375, 59.625, 3.0798603520336963e-22, nan 
161.625, 59.625, 2.951839021577519e-22, nan 
161.875, 59.625, 6.273269401008694e-22, nan 
162.125, 59.625, 7.1877378856966e-22, nan 
162.375, 59.625, 2.384055808712088e-22, nan 
162.625, 59.625, 2.2310050657922858e-22, nan 
162.875, 59.625, 3.020618086706348e-22, nan 
163.125, 59.625, 2.4209840287827033e-22, nan 
163.375, 59.625, 2.2378192960405178e-22, nan 
163.625, 59.625, 8.006364704572951e-23, nan 
163.875, 59.625, 1.4084518798875163e-22, nan 
164.125, 59.625, 1.9526638867820304e-22, nan 
164.375, 59.625, 2.407953237051989e-22, nan 
164.625, 59.625, 3.515837160893777e-22, nan 
164.875, 59.625, 3.7445711743700944e-22, nan 
165.125, 59.625, 3.6335042761679105e-22, nan 
165.375, 59.625, 6.069710646799763e-22, nan 
165.625, 59.625, 4.56032081892691e-22, nan 
165.875, 59.625, 2.1235814775387115e-22, nan 
166.125, 59.625, 2.6173840322979406e-22, nan 
166.375, 59.625, 3.6026497197209003e-22, nan 
166.625, 59.625, 2.7584997627859497e-22, nan 
166.875, 59.625, 5.948956227292737e-23, nan 
167.125, 59.625, 2.3302182042515346e-22, nan 
167.375, 59.625, 2.563763954566971e-22, nan 
167.625, 59.625, 1.5126624908142245e-22, nan 
167.875, 59.625, 1.1670010063062006e-22, nan 
168.125, 59.625, 2.2512364945159624e-22, nan 
168.375, 59.625, 3.9895916561699785e-22, nan 
168.625, 59.625, 3.4673989897733513e-22, nan 
168.875, 59.625, 3.856217381748831e-22, nan 
169.125, 59.625, 3.7203608523475056e-22, nan 
169.375, 59.625, 1.4067962802811293e-22, nan 
169.625, 59.625, 7.942363943295438e-23, nan 
169.875, 59.625, 2.8180668006471975e-22, nan 
170.125, 59.625, 3.540781045187117e-22, nan 
170.375, 59.625, 2.9034598048342538e-22, nan 
170.625, 59.625, 3.900374822241798e-22, nan 
170.875, 59.625, 3.2467982212377576e-22, nan 
171.125, 59.625, 3.151739607096282e-22, nan 
171.375, 59.625, 1.3609507736339974e-22, nan 
171.625, 59.625, 1.2783304330541957e-22, nan 
171.875, 59.625, 1.0706369069128963e-22, nan 
172.125, 59.625, 7.707116328934918e-23, nan 
172.375, 59.625, 8.278213633170086e-23, nan 
172.625, 59.625, 1.20267025173668e-22, nan 
172.875, 59.625, 1.7809324348618087e-22, nan 
173.125, 59.625, 4.393294278920106e-22, nan 
173.375, 59.625, 4.1956075643683957e-22, nan 
173.625, 59.625, 1.1571395975406315e-22, nan 
173.875, 59.625, 8.442987311919684e-23, nan 
174.125, 59.625, 1.793847833218104e-22, nan 
174.375, 59.625, 2.5391560055735265e-22, nan 
174.625, 59.625, 2.9206235380875376e-22, nan 
174.875, 59.625, 1.8937453407773314e-22, nan 
175.125, 59.625, 1.3234362718747952e-22, nan 
175.375, 59.625, 1.7877395464067795e-22, nan 
175.625, 59.625, 8.909975641696456e-23, nan 
175.875, 59.625, 9.44207883852828e-23, nan 
176.125, 59.625, 8.354587297702062e-23, nan 
176.375, 59.625, 1.5650280757676408e-22, nan 
176.625, 59.625, 1.3764739198516232e-22, nan 
176.875, 59.625, 2.2166103552074275e-22, nan 
177.125, 59.625, 3.514304927161434e-22, nan 
177.375, 59.625, 2.635843247817594e-22, nan 
177.625, 59.625, 9.78821302121385e-23, nan 
177.875, 59.625, 5.453012426235233e-23, nan 
178.125, 59.625, 1.775060346934744e-22, nan 
178.375, 59.625, 1.700694431150554e-22, nan 
178.625, 59.625, 6.988259471377494e-23, nan 
178.875, 59.625, 1.467612499493928e-22, nan 
179.125, 59.625, 1.138076828168663e-22, nan 
179.375, 59.625, 1.0592149344143368e-22, nan 
179.625, 59.625, 5.231431208151448e-23, nan 
179.875, 59.625, 4.048796596378255e-23, nan 
-179.875, 59.875, 4.730871337050216e-23, nan 
-179.625, 59.875, 1.953037034877926e-23, nan 
-179.375, 59.875, 9.029881015604943e-23, nan 
-179.125, 59.875, 9.566120619893643e-23, nan 
-178.875, 59.875, 6.971577790189666e-23, nan 
-178.625, 59.875, 7.871829688048357e-23, nan 
-178.375, 59.875, 7.487954331686462e-23, nan 
-178.125, 59.875, 3.603424035825529e-23, nan 
-177.875, 59.875, 5.1449766289413044e-23, nan 
-177.625, 59.875, 3.5693846864208707e-23, nan 
-177.375, 59.875, 4.32518090133656e-23, nan 
-177.125, 59.875, 4.8777693143587694e-23, nan 
-176.875, 59.875, 2.7588143819675343e-23, nan 
-176.625, 59.875, 1.1879760036317984e-22, nan 
-176.375, 59.875, 3.9882297727324467e-22, nan 
-176.125, 59.875, 3.6245930621260553e-22, nan 
-175.875, 59.875, 1.0265407850996127e-22, nan 
-175.625, 59.875, 1.186541392265369e-22, nan 
-175.375, 59.875, 8.557906437148637e-23, nan 
-175.125, 59.875, 1.17101978635547e-22, nan 
-174.875, 59.875, 1.044202245833315e-22, nan 
-174.625, 59.875, 4.883549719694494e-23, nan 
-174.375, 59.875, 1.859116469646982e-23, nan 
-174.125, 59.875, 2.0934832113466138e-23, nan 
-173.875, 59.875, 1.072917480469733e-22, nan 
-173.625, 59.875, 1.1133432848512539e-22, nan 
-173.375, 59.875, 9.335409391973485e-23, nan 
-173.125, 59.875, 9.267632901927995e-23, nan 
-172.875, 59.875, 7.756354863901525e-23, nan 
-172.625, 59.875, 5.791945624327404e-23, nan 
-172.375, 59.875, 4.415619076573028e-23, nan 
-172.125, 59.875, 2.0711014412254872e-23, nan 
-171.875, 59.875, 3.059946191019568e-23, nan 
-171.625, 59.875, 7.9920067249997e-23, nan 
-171.375, 59.875, 7.129378137221009e-23, nan 
-171.125, 59.875, 3.685135555217699e-23, nan 
-170.875, 59.875, 4.335341413552215e-23, nan 
-170.625, 59.875, 4.445238412019113e-23, nan 
-170.375, 59.875, 8.326838323249272e-23, nan 
-170.125, 59.875, 7.048225689702941e-23, nan 
-169.875, 59.875, 1.437116177512405e-23, nan 
-169.625, 59.875, 2.6566267607468194e-23, nan 
-169.375, 59.875, 3.310400146942553e-23, nan 
-169.125, 59.875, 2.867707720645984e-23, nan 
-168.875, 59.875, 2.1055551540079863e-23, nan 
-168.625, 59.875, 2.179134171481388e-23, nan 
-168.375, 59.875, 1.246592671407469e-22, nan 
-168.125, 59.875, 1.5270567145945504e-22, nan 
-167.875, 59.875, 1.897550904368451e-22, nan 
-167.625, 59.875, 1.7556540803935425e-22, nan 
-167.375, 59.875, 8.894858163302075e-23, nan 
-167.125, 59.875, 4.8832691603336936e-23, nan 
-166.875, 59.875, 2.7596871902815743e-23, nan 
-166.625, 59.875, 1.0651724009298675e-23, nan 
-166.375, 59.875, 2.4660582552098506e-23, nan 
-166.125, 59.875, 2.427640340378463e-23, nan 
-165.875, 59.875, 1.0381096908016669e-23, nan 
-165.625, 59.875, 1.4449692093265878e-23, nan 
-165.375, 59.875, 1.2118023752089395e-23, nan 
-165.125, 59.875, 2.0867171450531034e-23, nan 
-164.875, 59.875, 2.3557582176866072e-23, nan 
-164.625, 59.875, 1.2032633770227111e-23, nan 
-164.375, 59.875, 6.128758400697163e-24, nan 
-164.125, 59.875, 1.2305362757852266e-23, nan 
-163.875, 59.875, 3.135415408205675e-23, nan 
-163.625, 59.875, 4.087573272221689e-23, nan 
-163.375, 59.875, 4.604383398637666e-23, nan 
-163.125, 59.875, 4.19271441819084e-23, nan 
-162.875, 59.875, 3.5881202529202493e-23, nan 
-162.625, 59.875, 2.1774368431750465e-23, nan 
-162.375, 59.875, 1.3367182680976502e-23, nan 
-162.125, 59.875, 2.2709581451483998e-23, nan 
-161.875, 59.875, 1.5342802090135016e-23, nan 
-161.625, 59.875, 1.4248650884278644e-23, nan 
-161.375, 59.875, 1.6166143827731856e-23, nan 
-161.125, 59.875, 2.8420505204356507e-23, nan 
-160.875, 59.875, 3.0265186295024485e-23, nan 
-160.625, 59.875, 3.378855469072353e-23, nan 
-160.375, 59.875, 3.083364442002641e-23, nan 
-160.125, 59.875, 2.0661053007426655e-23, nan 
-159.875, 59.875, 9.755027698000605e-24, nan 
-159.625, 59.875, 3.5150751145296754e-23, nan 
-159.375, 59.875, 3.647983550033603e-23, nan 
-159.125, 59.875, 4.665806070471731e-23, nan 
-158.875, 59.875, 5.003073848292523e-23, nan 
-158.625, 59.875, 3.389108138249444e-23, nan 
-158.375, 59.875, 2.676398505468247e-23, nan 
-158.125, 59.875, 7.404111271777444e-24, nan 
-157.875, 59.875, 6.533278394043658e-24, nan 
-157.625, 59.875, 1.3768068987000633e-23, nan 
-157.375, 59.875, 1.406718618613638e-23, nan 
-157.125, 59.875, 1.4895377864359564e-23, nan 
-156.875, 59.875, 1.6630291124341575e-23, nan 
-156.625, 59.875, 1.7601580182467824e-23, nan 
-156.375, 59.875, 2.799502892569048e-23, nan 
-156.125, 59.875, 2.8499117374680217e-23, nan 
-155.875, 59.875, 1.5969280648349316e-23, nan 
-155.625, 59.875, 1.3964244933322844e-23, nan 
-155.375, 59.875, 6.339598729538054e-24, nan 
-155.125, 59.875, 1.5092226950374733e-23, nan 
-154.875, 59.875, 1.6689337634395777e-23, nan 
-154.625, 59.875, 1.3202687401913386e-23, nan 
-154.375, 59.875, 7.492617592023288e-24, nan 
-154.125, 59.875, 1.45908441386941e-23, nan 
-153.875, 59.875, 1.5202287235425517e-23, nan 
-153.625, 59.875, 6.016524849288888e-24, nan 
-153.375, 59.875, 8.854161800624548e-24, nan 
-153.125, 59.875, 1.1961332615659935e-23, nan 
-152.875, 59.875, 1.0464621507396064e-23, nan 
-152.625, 59.875, 6.6712169761697e-24, nan 
-152.375, 59.875, 1.619069090233328e-23, nan 
-152.125, 59.875, 1.8595392785091146e-23, nan 
-151.875, 59.875, 1.8065687912420173e-23, nan 
-151.625, 59.875, 1.2820526279700789e-23, nan 
-151.375, 59.875, 1.8895683797222255e-23, nan 
-151.125, 59.875, 2.0793924545203083e-23, nan 
-150.875, 59.875, 1.3282769816259108e-23, nan 
-150.625, 59.875, 1.0983515844106173e-23, nan 
-150.375, 59.875, 9.836543541648502e-24, nan 
-150.125, 59.875, 1.5806335067615097e-23, nan 
-149.875, 59.875, 1.9339522658516803e-23, nan 
-149.625, 59.875, 1.075286706020828e-23, nan 
-149.375, 59.875, 1.7576630861033623e-23, nan 
-149.125, 59.875, 2.031123218551865e-23, nan 
-148.875, 59.875, 8.533737285228852e-23, nan 
-148.625, 59.875, 9.914411171159497e-23, nan 
-148.375, 59.875, 5.705111263965206e-23, nan 
-148.125, 59.875, 6.24275713478957e-23, nan 
-147.875, 59.875, 6.193713415624242e-23, nan 
-147.625, 59.875, 7.272381665126004e-23, nan 
-147.375, 59.875, 8.981279358046966e-23, nan 
-147.125, 59.875, 6.646193923413737e-23, nan 
-146.875, 59.875, 2.0961574885593394e-23, nan 
-146.625, 59.875, 1.4952039167323878e-23, nan 
-146.375, 59.875, 1.289060068045452e-23, nan 
-146.125, 59.875, 5.235307578483742e-23, nan 
-145.875, 59.875, 8.218077525487236e-24, nan 
-145.625, 59.875, 7.008092556708302e-24, nan 
-145.375, 59.875, 5.59326285534002e-24, nan 
-145.125, 59.875, 1.3425324026729313e-23, nan 
-144.875, 59.875, 1.51845282296759e-23, nan 
-144.625, 59.875, 1.3194900439108767e-23, nan 
-144.375, 59.875, 6.181634387238939e-24, nan 
-144.125, 59.875, 4.941140016959284e-24, nan 
-143.875, 59.875, 7.567452742000021e-24, nan 
-143.625, 59.875, 1.1274827428377368e-23, nan 
-143.375, 59.875, 7.80878864805623e-24, nan 
-143.125, 59.875, 6.938249407973846e-24, nan 
-142.875, 59.875, 8.365475021150819e-24, nan 
-142.625, 59.875, 5.283580896463017e-24, nan 
-142.375, 59.875, 1.1677398042659503e-23, nan 
-142.125, 59.875, 1.3181529501633877e-23, nan 
-141.875, 59.875, 3.871208890299371e-24, nan 
-141.625, 59.875, 5.117661343457978e-24, nan 
-141.375, 59.875, 4.0995345790332584e-24, nan 
-141.125, 59.875, 3.5553887898559875e-24, nan 
-140.875, 59.875, 1.6854070893938388e-23, nan 
-140.625, 59.875, 1.8387123209040785e-23, nan 
-140.375, 59.875, 4.687354813422237e-24, nan 
-140.125, 59.875, 7.582921361868599e-24, nan 
-139.875, 59.875, 7.304556396775255e-24, nan 
-139.625, 59.875, 1.7526357346253323e-24, nan 
-139.375, 59.875, 2.1892026500176054e-24, nan 
-139.125, 59.875, 3.0651740209710403e-24, nan 
-138.875, 59.875, 8.051349147769821e-24, nan 
-138.625, 59.875, 6.737641531875737e-24, nan 
-138.375, 59.875, 3.2973722906548202e-24, nan 
-138.125, 59.875, 2.0588709436024586e-24, nan 
-137.875, 59.875, 7.70091657636319e-24, nan 
-137.625, 59.875, 6.805587696983087e-24, nan 
-137.375, 59.875, 7.578016034041585e-24, nan 
-137.125, 59.875, 8.444313722041984e-24, nan 
-136.875, 59.875, 6.932891032289838e-24, nan 
-136.625, 59.875, 5.83407926430855e-24, nan 
-136.375, 59.875, 5.7944144760000856e-24, nan 
-136.125, 59.875, 5.9305765965709134e-24, nan 
-135.875, 59.875, 7.153497634765434e-24, nan 
-135.625, 59.875, 5.7521354550767735e-24, nan 
-135.375, 59.875, 7.00865602846504e-24, nan 
-135.125, 59.875, 6.782670685313498e-24, nan 
-134.875, 59.875, 5.8148289976223256e-24, nan 
-134.625, 59.875, 6.984971106492937e-24, nan 
-134.375, 59.875, 6.331641403120986e-24, nan 
-134.125, 59.875, 7.363023302941928e-24, nan 
-133.875, 59.875, 7.121820359857066e-24, nan 
-133.625, 59.875, 7.21556654828014e-24, nan 
-133.375, 59.875, 7.396395182768863e-24, nan 
-133.125, 59.875, 1.3721863808129634e-23, nan 
-132.875, 59.875, 1.2512114228249566e-23, nan 
-132.625, 59.875, 1.909300137839047e-23, nan 
-132.375, 59.875, 1.3719641817649896e-23, nan 
104.375, 59.875, 4.06442105257678e-24, nan 
104.625, 59.875, 5.374630260299357e-24, nan 
104.875, 59.875, 5.328178060119903e-24, nan 
105.125, 59.875, 5.3848086834069e-24, nan 
105.375, 59.875, 5.1785276891623585e-24, nan 
105.625, 59.875, 3.8580100770282345e-24, nan 
105.875, 59.875, 4.337744949934417e-24, nan 
106.125, 59.875, 3.2730926568016584e-24, nan 
106.375, 59.875, 3.0217591719393006e-24, nan 
106.625, 59.875, 3.320691231612365e-24, nan 
106.875, 59.875, 2.2562389427903282e-24, nan 
107.125, 59.875, 7.588481893895366e-24, nan 
107.375, 59.875, 1.7345794408875066e-23, nan 
107.625, 59.875, 1.555697411334762e-23, nan 
107.875, 59.875, 5.0890984055375185e-24, nan 
108.125, 59.875, 3.633530802870794e-24, nan 
108.375, 59.875, 3.51312091165324e-24, nan 
108.625, 59.875, 5.948562783530817e-24, nan 
108.875, 59.875, 4.3689390291137794e-24, nan 
109.125, 59.875, 2.098592523697186e-24, nan 
109.375, 59.875, 1.289051331556494e-24, nan 
109.625, 59.875, 3.84696712710736e-24, nan 
109.875, 59.875, 4.225903423657708e-24, nan 
110.125, 59.875, 3.3352278358636615e-24, nan 
110.375, 59.875, 5.897750756612486e-24, nan 
110.625, 59.875, 6.2441218725180825e-24, nan 
110.875, 59.875, 5.3279757280831516e-24, nan 
111.125, 59.875, 1.5333349872356208e-23, nan 
111.375, 59.875, 2.1299403319158053e-23, nan 
111.625, 59.875, 1.5695024042788017e-23, nan 
111.875, 59.875, 1.310060818564375e-23, nan 
112.125, 59.875, 9.893018553082402e-24, nan 
112.375, 59.875, 7.212902114334567e-24, nan 
112.625, 59.875, 3.7937072831307964e-24, nan 
112.875, 59.875, 4.540799965145774e-24, nan 
113.125, 59.875, 3.308946191847207e-24, nan 
113.375, 59.875, 4.01639977005975e-24, nan 
113.625, 59.875, 5.6177568080240505e-24, nan 
113.875, 59.875, 4.66125578135264e-24, nan 
114.125, 59.875, 3.534134122209084e-24, nan 
114.375, 59.875, 3.889449116436757e-24, nan 
114.625, 59.875, 2.6384392911539714e-24, nan 
114.875, 59.875, 4.816189778899752e-24, nan 
115.125, 59.875, 6.4259187588935155e-24, nan 
115.375, 59.875, 8.430825506219178e-24, nan 
115.625, 59.875, 1.2913584192471354e-23, nan 
115.875, 59.875, 1.5246078702600433e-23, nan 
116.125, 59.875, 1.431840740713375e-23, nan 
116.375, 59.875, 8.015713966287476e-24, nan 
116.625, 59.875, 9.498854004852752e-24, nan 
116.875, 59.875, 1.1297084456572729e-23, nan 
117.125, 59.875, 8.173593241055061e-24, nan 
117.375, 59.875, 4.172041209708479e-24, nan 
117.625, 59.875, 6.868385805190879e-24, nan 
117.875, 59.875, 6.147181594948971e-24, nan 
118.125, 59.875, 3.985789835478379e-24, nan 
118.375, 59.875, 4.692646881895584e-24, nan 
118.625, 59.875, 3.4003711614039285e-24, nan 
118.875, 59.875, 6.82600472183045e-24, nan 
119.125, 59.875, 7.967669364127494e-24, nan 
119.375, 59.875, 5.972002666264212e-24, nan 
119.625, 59.875, 9.152110407226641e-24, nan 
119.875, 59.875, 1.7662868584803577e-23, nan 
120.125, 59.875, 1.6557074144847222e-23, nan 
120.375, 59.875, 9.456046994326004e-24, nan 
120.625, 59.875, 1.193219816601568e-23, nan 
120.875, 59.875, 3.8671081987294335e-24, nan 
121.125, 59.875, 1.2383075492764368e-23, nan 
121.375, 59.875, 1.1824030593252815e-23, nan 
121.625, 59.875, 4.5829089266188816e-24, nan 
121.875, 59.875, 4.408579029790054e-24, nan 
122.125, 59.875, 4.990730508481925e-24, nan 
122.375, 59.875, 2.113744941809801e-24, nan 
122.625, 59.875, 2.2434310349351653e-24, nan 
122.875, 59.875, 6.03160467595043e-24, nan 
123.125, 59.875, 5.762400548719225e-24, nan 
123.375, 59.875, 4.637029217524171e-24, nan 
123.625, 59.875, 4.154478302310531e-24, nan 
123.875, 59.875, 5.330111966702569e-24, nan 
124.125, 59.875, 5.781599267915436e-24, nan 
124.375, 59.875, 9.883710724850487e-24, nan 
124.625, 59.875, 1.031632523100221e-23, nan 
124.875, 59.875, 5.612557298262105e-24, nan 
125.125, 59.875, 7.21978670748283e-24, nan 
125.375, 59.875, 6.196490570563324e-24, nan 
125.625, 59.875, 5.299387740111741e-24, nan 
125.875, 59.875, 6.627794237936318e-24, nan 
126.125, 59.875, 5.7638202998025335e-24, nan 
126.375, 59.875, 1.2789497897637358e-23, nan 
126.625, 59.875, 1.6480330447858714e-23, nan 
126.875, 59.875, 1.6498750042449198e-23, nan 
127.125, 59.875, 1.19040998277262e-23, nan 
127.375, 59.875, 5.4162916091208565e-24, nan 
127.625, 59.875, 1.4694876876420783e-23, nan 
127.875, 59.875, 1.9086326450647028e-23, nan 
128.125, 59.875, 3.195999650164817e-23, nan 
128.375, 59.875, 3.2451951262345055e-23, nan 
128.625, 59.875, 2.9900141338515584e-23, nan 
128.875, 59.875, 3.828899274032931e-23, nan 
129.125, 59.875, 4.101063106453538e-23, nan 
129.375, 59.875, 1.5499345466895004e-23, nan 
129.625, 59.875, 3.3977094211897854e-23, nan 
129.875, 59.875, 3.1539796961528244e-23, nan 
130.125, 59.875, 3.183797905712385e-23, nan 
130.375, 59.875, 2.700516026043846e-23, nan 
130.625, 59.875, 2.7873377003246795e-23, nan 
130.875, 59.875, 1.8968899572444847e-23, nan 
131.125, 59.875, 2.492280019303173e-23, nan 
131.375, 59.875, 2.219943762746705e-23, nan 
131.625, 59.875, 1.3400504103900195e-23, nan 
131.875, 59.875, 1.816789211700884e-23, nan 
132.125, 59.875, 2.0749540713809254e-23, nan 
132.375, 59.875, 1.8145913508517404e-23, nan 
132.625, 59.875, 1.1792137109676563e-23, nan 
132.875, 59.875, 1.7080128012460082e-23, nan 
133.125, 59.875, 1.6870692720351716e-23, nan 
133.375, 59.875, 1.648310847265795e-23, nan 
133.625, 59.875, 1.6289137848194935e-23, nan 
133.875, 59.875, 2.1443583137278305e-23, nan 
134.125, 59.875, 5.92024913339364e-24, nan 
134.375, 59.875, 7.589270297472939e-24, nan 
134.625, 59.875, 8.370380111542247e-23, nan 
134.875, 59.875, 1.0234149713090294e-22, nan 
135.125, 59.875, 1.0532655697557576e-22, nan 
135.375, 59.875, 3.584238472852508e-22, nan 
135.625, 59.875, 1.0571305733364485e-21, nan 
135.875, 59.875, 1.2505312066525793e-21, nan 
136.125, 59.875, 9.63300547100982e-22, nan 
136.375, 59.875, 1.2108411522173379e-21, nan 
136.625, 59.875, 1.015570764546139e-21, nan 
136.875, 59.875, 1.9588416303957554e-22, nan 
137.125, 59.875, 1.5015445110560092e-22, nan 
137.375, 59.875, 2.9296011274932297e-23, nan 
137.625, 59.875, 4.880158897439846e-23, nan 
137.875, 59.875, 4.465120787987666e-23, nan 
138.125, 59.875, 7.165746307584695e-23, nan 
138.375, 59.875, 5.1592535046876217e-23, nan 
138.625, 59.875, 1.6176246857051896e-23, nan 
138.875, 59.875, 2.1982257441742372e-23, nan 
139.125, 59.875, 2.728565170818994e-23, nan 
139.375, 59.875, 2.915494624613936e-23, nan 
139.625, 59.875, 2.6409714902313115e-23, nan 
139.875, 59.875, 2.794887511189526e-23, nan 
140.125, 59.875, 4.9366093573026883e-23, nan 
140.375, 59.875, 8.793747774740943e-23, nan 
140.625, 59.875, 7.918203357936754e-23, nan 
140.875, 59.875, 4.296156625123978e-23, nan 
141.125, 59.875, 8.00008478746203e-23, nan 
141.375, 59.875, 8.69370371751535e-23, nan 
141.625, 59.875, 3.574182469562134e-23, nan 
141.875, 59.875, 1.0382430151535133e-22, nan 
142.125, 59.875, 1.0556090500624945e-22, nan 
142.375, 59.875, 4.1528783439941046e-23, nan 
142.625, 59.875, 4.285517502169473e-23, nan 
142.875, 59.875, 2.0613275743985674e-23, nan 
143.125, 59.875, 2.3545792705508706e-23, nan 
143.375, 59.875, 3.475459655731783e-23, nan 
143.625, 59.875, 1.104072811314682e-22, nan 
143.875, 59.875, 1.0545480384050964e-22, nan 
144.125, 59.875, 1.8785955010181528e-23, nan 
144.375, 59.875, 1.7961211996943027e-23, nan 
144.625, 59.875, 2.2605695692171872e-23, nan 
144.875, 59.875, 3.255894797449012e-23, nan 
145.125, 59.875, 3.0906932075164416e-23, nan 
145.375, 59.875, 2.1570223541822606e-23, nan 
145.625, 59.875, 2.40202589032696e-23, nan 
145.875, 59.875, 4.512695994722827e-23, nan 
146.125, 59.875, 7.23562190949367e-23, nan 
146.375, 59.875, 5.0075473725142713e-23, nan 
146.625, 59.875, 2.4444385702510494e-23, nan 
146.875, 59.875, 3.3753540008834136e-23, nan 
147.125, 59.875, 7.535530954648696e-23, nan 
147.375, 59.875, 5.373901712583533e-23, nan 
147.625, 59.875, 3.9115280931288627e-23, nan 
147.875, 59.875, 7.649321458786921e-23, nan 
148.125, 59.875, 8.35699616214532e-23, nan 
148.375, 59.875, 7.230243675109242e-23, nan 
148.625, 59.875, 8.71200132698714e-23, nan 
148.875, 59.875, 4.8537672417261365e-23, nan 
149.125, 59.875, 3.7711284799776805e-23, nan 
149.375, 59.875, 5.431165471092466e-23, nan 
149.625, 59.875, 4.6786715345806307e-23, nan 
149.875, 59.875, 8.050997574231508e-23, nan 
150.125, 59.875, 9.030086660478456e-23, nan 
150.375, 59.875, 9.787712430858551e-23, nan 
150.625, 59.875, 2.0523864997410543e-22, nan 
150.875, 59.875, 2.318216556547779e-22, nan 
151.125, 59.875, 2.3324565104255307e-22, nan 
151.375, 59.875, 2.2922191027599273e-22, nan 
151.625, 59.875, 1.64776173197506e-22, nan 
151.875, 59.875, 1.491452962185767e-22, nan 
152.125, 59.875, 1.3716165581737438e-22, nan 
152.375, 59.875, 2.065348308286314e-22, nan 
152.625, 59.875, 4.0574819225507913e-22, nan 
152.875, 59.875, 2.398963009682599e-22, nan 
153.125, 59.875, 4.4682878014790805e-22, nan 
153.375, 59.875, 4.088954507733779e-22, nan 
153.625, 59.875, 2.807601662652439e-22, nan 
153.875, 59.875, 1.033406072336616e-22, nan 
154.125, 59.875, 1.726087444403072e-22, nan 
154.375, 59.875, 2.3073135561878823e-22, nan 
154.625, 59.875, 1.2595980385150566e-22, nan 
154.875, 59.875, 1.2658265716407728e-22, nan 
155.125, 59.875, 1.1528278365809116e-22, nan 
155.375, 59.875, 1.4030531538114367e-22, nan 
155.625, 59.875, 1.3331849927382713e-22, nan 
155.875, 59.875, 2.0667530575690713e-22, nan 
156.125, 59.875, 1.8992820879101453e-22, nan 
156.375, 59.875, 1.253778970727973e-22, nan 
156.625, 59.875, 1.0575862502477003e-22, nan 
156.875, 59.875, 1.85654034401078e-22, nan 
157.125, 59.875, 1.8555876979125977e-22, nan 
157.375, 59.875, 1.6553405860646587e-22, nan 
157.625, 59.875, 2.619078947034593e-22, nan 
157.875, 59.875, 2.344401489181241e-22, nan 
158.125, 59.875, 1.348333820107945e-22, nan 
158.375, 59.875, 9.212126395530016e-23, nan 
158.625, 59.875, 7.685877467583637e-23, nan 
158.875, 59.875, 1.0220733496402356e-22, nan 
159.125, 59.875, 2.290010147528867e-22, nan 
159.375, 59.875, 2.562413298583683e-22, nan 
159.625, 59.875, 1.7735513378660915e-22, nan 
159.875, 59.875, 1.1807208202690075e-22, nan 
160.125, 59.875, 7.774455403501506e-23, nan 
160.375, 59.875, 1.2901776152022567e-22, nan 
160.625, 59.875, 2.201068112204458e-22, nan 
160.875, 59.875, 2.369934999235261e-22, nan 
161.125, 59.875, 2.5853603682319123e-22, nan 
161.375, 59.875, 4.026169126842358e-22, nan 
161.625, 59.875, 6.175958755400691e-22, nan 
161.875, 59.875, 7.077870814319634e-22, nan 
162.125, 59.875, 4.609025071574987e-22, nan 
162.375, 59.875, 2.5472241737457765e-22, nan 
162.625, 59.875, 2.7867455286488647e-22, nan 
162.875, 59.875, 2.5280511188498583e-22, nan 
163.125, 59.875, 2.2097787969475683e-22, nan 
163.375, 59.875, 6.720523583540907e-23, nan 
163.625, 59.875, 6.638857442440624e-23, nan 
163.875, 59.875, 2.736901835065113e-22, nan 
164.125, 59.875, 3.1283383993224127e-22, nan 
164.375, 59.875, 3.5827036193995887e-22, nan 
164.625, 59.875, 4.624604835396911e-22, nan 
164.875, 59.875, 4.719529863971187e-22, nan 
165.125, 59.875, 5.408787851406554e-22, nan 
165.375, 59.875, 7.144297409310627e-22, nan 
165.625, 59.875, 5.111649239700897e-22, nan 
165.875, 59.875, 3.037836107106827e-22, nan 
166.125, 59.875, 1.9146060196261499e-22, nan 
166.375, 59.875, 2.743952833200785e-22, nan 
166.625, 59.875, 2.85223396911769e-22, nan 
166.875, 59.875, 2.3608881736743854e-22, nan 
167.125, 59.875, 2.234928187069868e-22, nan 
167.375, 59.875, 2.0245937207644155e-22, nan 
167.625, 59.875, 3.345644778465236e-22, nan 
167.875, 59.875, 6.532663102355503e-22, nan 
168.125, 59.875, 6.711441885375425e-22, nan 
168.375, 59.875, 4.985617057594995e-22, nan 
168.625, 59.875, 5.621412701589467e-22, nan 
168.875, 59.875, 5.575982098069795e-22, nan 
169.125, 59.875, 3.652357043729758e-22, nan 
169.375, 59.875, 2.7327091078803693e-22, nan 
169.625, 59.875, 2.5606787521523396e-22, nan 
169.875, 59.875, 2.7531673384116486e-22, nan 
170.125, 59.875, 2.7884274473157695e-22, nan 
170.375, 59.875, 3.150584559452263e-22, nan 
170.625, 59.875, 8.639470656561798e-22, nan 
170.875, 59.875, 7.938188857897008e-22, nan 
171.125, 59.875, 3.253892060271712e-22, nan 
171.375, 59.875, 1.504553397365297e-22, nan 
171.625, 59.875, 1.5181251847728753e-22, nan 
171.875, 59.875, 1.7729529048427513e-22, nan 
172.125, 59.875, 1.6276954061367879e-22, nan 
172.375, 59.875, 1.095800867748217e-22, nan 
172.625, 59.875, 1.9388530666451008e-22, nan 
172.875, 59.875, 2.3961088164599463e-22, nan 
173.125, 59.875, 4.1234561587233813e-22, nan 
173.375, 59.875, 5.535326236815242e-22, nan 
173.625, 59.875, 3.5896031461792413e-22, nan 
173.875, 59.875, 2.099888640849588e-22, nan 
174.125, 59.875, 1.2183833487553658e-22, nan 
174.375, 59.875, 8.214845093195135e-23, nan 
174.625, 59.875, 1.1900804416206295e-22, nan 
174.875, 59.875, 1.0304851022386753e-22, nan 
175.125, 59.875, 1.703406622424035e-22, nan 
175.375, 59.875, 2.754763938577971e-22, nan 
175.625, 59.875, 3.025870170886107e-22, nan 
175.875, 59.875, 2.6209560008135954e-22, nan 
176.125, 59.875, 1.5800084071550311e-22, nan 
176.375, 59.875, 1.3880959923326922e-22, nan 
176.625, 59.875, 2.2764997029041497e-22, nan 
176.875, 59.875, 3.5720315630985004e-22, nan 
177.125, 59.875, 3.284065897192929e-22, nan 
177.375, 59.875, 1.4562007618659235e-22, nan 
177.625, 59.875, 3.8793184280648256e-23, nan 
177.875, 59.875, 7.170772919639807e-23, nan 
178.125, 59.875, 1.8489241951536475e-22, nan 
178.375, 59.875, 2.2143124916423624e-22, nan 
178.625, 59.875, 1.5476367195679202e-22, nan 
178.875, 59.875, 1.1041307767561087e-22, nan 
179.125, 59.875, 1.195307095854426e-22, nan 
179.375, 59.875, 5.229377762348076e-23, nan 
179.625, 59.875, 4.613904565430804e-23, nan 
179.875, 59.875, 6.851256926381673e-23, nan 
-179.875, 60.125, 9.1433420049596e-23, nan 
-179.625, 60.125, 6.596935217722581e-23, nan 
-179.375, 60.125, 7.911030554060445e-23, nan 
-179.125, 60.125, 8.052706881969627e-23, nan 
-178.875, 60.125, 8.101254236952877e-23, nan 
-178.625, 60.125, 7.192816758205418e-23, nan 
-178.375, 60.125, 5.379489876283111e-23, nan 
-178.125, 60.125, 7.407804832821936e-23, nan 
-177.875, 60.125, 6.659599544220242e-23, nan 
-177.625, 60.125, 5.538287960617788e-23, nan 
-177.375, 60.125, 5.517659714438049e-23, nan 
-177.125, 60.125, 5.0537412314422385e-23, nan 
-176.875, 60.125, 4.363739413909886e-23, nan 
-176.625, 60.125, 6.492637351275984e-23, nan 
-176.375, 60.125, 1.527295516883022e-22, nan 
-176.125, 60.125, 1.4801400374761984e-22, nan 
-175.875, 60.125, 1.2424685415995072e-22, nan 
-175.625, 60.125, 1.558170405944905e-22, nan 
-175.375, 60.125, 1.773132718619096e-22, nan 
-175.125, 60.125, 1.7185728523999742e-22, nan 
-174.875, 60.125, 5.355585181442236e-23, nan 
-174.625, 60.125, 8.359044876378009e-23, nan 
-174.375, 60.125, 1.0342522124183693e-22, nan 
-174.125, 60.125, 6.745133867721235e-23, nan 
-173.875, 60.125, 8.433719352455784e-23, nan 
-173.625, 60.125, 6.426265353337252e-23, nan 
-173.375, 60.125, 6.220445429100036e-23, nan 
-173.125, 60.125, 8.795055600229505e-23, nan 
-172.875, 60.125, 5.2624530551743565e-23, nan 
-172.625, 60.125, 2.3446815284890587e-23, nan 
-172.375, 60.125, 2.458876120867606e-23, nan 
-172.125, 60.125, 3.8099008088316466e-23, nan 
-171.875, 60.125, 4.470698745628843e-23, nan 
-171.625, 60.125, 3.643654373432299e-23, nan 
-171.375, 60.125, 4.6920096696573663e-23, nan 
-171.125, 60.125, 4.5205613545673195e-23, nan 
-170.875, 60.125, 3.2134363295931306e-23, nan 
-170.625, 60.125, 3.22836243917605e-23, nan 
-170.375, 60.125, 7.763541866434648e-23, nan 
-170.125, 60.125, 3.4427723232487544e-23, nan 
-169.875, 60.125, 5.52015977359739e-23, nan 
-169.625, 60.125, 4.7725350380083496e-23, nan 
-169.375, 60.125, 2.700027478018843e-23, nan 
-169.125, 60.125, 4.395920043843739e-23, nan 
-168.875, 60.125, 3.559404842542732e-23, nan 
-168.625, 60.125, 4.45115255052035e-23, nan 
-168.375, 60.125, 9.910621434706596e-24, nan 
-168.125, 60.125, 6.678346423841389e-23, nan 
-167.875, 60.125, 9.418184400243196e-23, nan 
-167.625, 60.125, 3.9199277382579383e-23, nan 
-167.375, 60.125, 4.5093647845678583e-23, nan 
-167.125, 60.125, 6.464321257556272e-23, nan 
-166.875, 60.125, 3.6857569510597057e-23, nan 
-166.625, 60.125, 2.720468433712059e-23, nan 
-166.375, 60.125, 1.0969864932253936e-23, nan 
-166.125, 60.125, 5.348501430177447e-24, nan 
-165.875, 60.125, 8.450148517182284e-24, nan 
-165.625, 60.125, 1.0075968398078408e-23, nan 
-165.375, 60.125, 1.0086184270015805e-23, nan 
-165.125, 60.125, 1.1748974711989176e-23, nan 
-164.875, 60.125, 1.522858720855607e-23, nan 
-164.625, 60.125, 9.509241979286915e-24, nan 
-164.375, 60.125, 5.225577804797079e-24, nan 
-164.125, 60.125, 1.1633545820129518e-23, nan 
-163.875, 60.125, 3.8732320724561084e-23, nan 
-163.625, 60.125, 3.207646446080419e-23, nan 
-163.375, 60.125, 2.6226351991732186e-23, nan 
-163.125, 60.125, 4.5803026454546414e-23, nan 
-162.875, 60.125, 4.3503202417966065e-23, nan 
-162.625, 60.125, 2.873917996249916e-23, nan 
-162.375, 60.125, 3.6488884839294254e-23, nan 
-162.125, 60.125, 4.0641889899456125e-23, nan 
-161.875, 60.125, 2.8020502825824313e-23, nan 
-161.625, 60.125, 1.6481128395274917e-23, nan 
-161.375, 60.125, 9.454098048108551e-24, nan 
-161.125, 60.125, 2.288535378902184e-23, nan 
-160.875, 60.125, 3.5081423900143105e-23, nan 
-160.625, 60.125, 3.7909588372525675e-23, nan 
-160.375, 60.125, 2.7064201751129906e-23, nan 
-160.125, 60.125, 1.3877565269841566e-23, nan 
-159.875, 60.125, 1.8902137975300178e-23, nan 
-159.625, 60.125, 7.0018283092934e-24, nan 
-159.375, 60.125, 2.318636657615464e-23, nan 
-159.125, 60.125, 2.5218268740212972e-23, nan 
-158.875, 60.125, 2.0369262913195468e-23, nan 
-158.625, 60.125, 1.9371462647467054e-23, nan 
-158.375, 60.125, 1.9198940042006116e-23, nan 
-158.125, 60.125, 8.268418095328202e-24, nan 
-157.875, 60.125, 1.2998812183576671e-23, nan 
-157.625, 60.125, 8.889639112973709e-24, nan 
-157.375, 60.125, 6.109644488526458e-24, nan 
-157.125, 60.125, 1.0019972759828102e-23, nan 
-156.875, 60.125, 1.5489617549006187e-23, nan 
-156.625, 60.125, 1.807579551564862e-23, nan 
-156.375, 60.125, 1.3170190568701894e-23, nan 
-156.125, 60.125, 1.905669417757642e-23, nan 
-155.875, 60.125, 1.5790106350485513e-23, nan 
-155.625, 60.125, 1.2487460071343562e-23, nan 
-155.375, 60.125, 1.4366858132728966e-23, nan 
-155.125, 60.125, 1.6475984896179368e-23, nan 
-154.875, 60.125, 1.725737483605472e-23, nan 
-154.625, 60.125, 1.205311129825231e-23, nan 
-154.375, 60.125, 1.426462566040521e-23, nan 
-154.125, 60.125, 1.0319843385130136e-23, nan 
-153.875, 60.125, 1.2969649132332255e-23, nan 
-153.625, 60.125, 1.0478754037492438e-23, nan 
-153.375, 60.125, 8.921545182498829e-24, nan 
-153.125, 60.125, 6.757390376541576e-24, nan 
-152.875, 60.125, 1.0236481922220395e-23, nan 
-152.625, 60.125, 1.601175972170447e-23, nan 
-152.375, 60.125, 1.672599063138993e-23, nan 
-152.125, 60.125, 1.543844588591792e-23, nan 
-151.875, 60.125, 2.5864031025514825e-23, nan 
-151.625, 60.125, 2.582056734569945e-23, nan 
-151.375, 60.125, 8.600633163055542e-24, nan 
-151.125, 60.125, 1.479517760886848e-23, nan 
-150.875, 60.125, 9.747942547360433e-24, nan 
-150.625, 60.125, 1.1173043627774183e-23, nan 
-150.375, 60.125, 1.2189869875797912e-23, nan 
-150.125, 60.125, 1.1911975811174211e-23, nan 
-149.875, 60.125, 2.3335131307592686e-23, nan 
-149.625, 60.125, 2.520545984393111e-23, nan 
-149.375, 60.125, 2.925303131069854e-23, nan 
-149.125, 60.125, 3.7516746640686797e-23, nan 
-148.875, 60.125, 4.297322343478265e-23, nan 
-148.625, 60.125, 4.841854596523748e-23, nan 
-148.375, 60.125, 3.580354655316599e-23, nan 
-148.125, 60.125, 4.039339174236642e-23, nan 
-147.875, 60.125, 4.6185202902830704e-23, nan 
-147.625, 60.125, 7.210764416108491e-23, nan 
-147.375, 60.125, 4.8377384000374325e-23, nan 
-147.125, 60.125, 4.3866230305475116e-23, nan 
-146.875, 60.125, 4.5110795077614806e-23, nan 
-146.625, 60.125, 6.4369631322909856e-24, nan 
-146.375, 60.125, 6.416593299418653e-24, nan 
-146.125, 60.125, 8.577385633116122e-23, nan 
-145.875, 60.125, 3.506790407193155e-24, nan 
-145.625, 60.125, 1.0702744615500084e-23, nan 
-145.375, 60.125, 2.954944532468213e-23, nan 
-145.125, 60.125, 7.47365346600823e-24, nan 
-144.875, 60.125, 8.288684511655754e-24, nan 
-144.625, 60.125, 1.144609752437038e-23, nan 
-144.375, 60.125, 8.95298361566728e-24, nan 
-144.125, 60.125, 1.0493853714139698e-23, nan 
-143.875, 60.125, 6.048640453565306e-24, nan 
-143.625, 60.125, 9.296025714611284e-24, nan 
-143.375, 60.125, 9.51391398868465e-24, nan 
-143.125, 60.125, 3.155758017730358e-24, nan 
-142.875, 60.125, 7.94779870106189e-24, nan 
-142.625, 60.125, 8.257710779974152e-24, nan 
-142.375, 60.125, 8.498460652803038e-24, nan 
-142.125, 60.125, 8.000878774691647e-24, nan 
-141.875, 60.125, 6.99283193750367e-24, nan 
-141.625, 60.125, 8.760329968131264e-24, nan 
-141.375, 60.125, 5.087437472478358e-24, nan 
-141.125, 60.125, 4.391838029197813e-24, nan 
-140.875, 60.125, 3.387229594508879e-24, nan 
-140.625, 60.125, 8.157369987791426e-24, nan 
-140.375, 60.125, 6.73597806375545e-24, nan 
-140.125, 60.125, 7.680786134876759e-24, nan 
-139.875, 60.125, 7.966845956960206e-24, nan 
-139.625, 60.125, 9.881821235111834e-24, nan 
-139.375, 60.125, 9.757847091302654e-24, nan 
-139.125, 60.125, 6.3469657932004066e-24, nan 
-138.875, 60.125, 1.1126225061724556e-23, nan 
-138.625, 60.125, 8.046483057510839e-24, nan 
-138.375, 60.125, 3.647976754959881e-24, nan 
-138.125, 60.125, 4.440185819663998e-24, nan 
-137.875, 60.125, 5.288523733351117e-24, nan 
-137.625, 60.125, 3.654054021345197e-24, nan 
-137.375, 60.125, 3.326308701376072e-24, nan 
-137.125, 60.125, 5.789776737423869e-24, nan 
-136.875, 60.125, 6.609884779646538e-24, nan 
-136.625, 60.125, 5.300717676035936e-24, nan 
-136.375, 60.125, 6.3252298394476245e-24, nan 
-136.125, 60.125, 5.551231062765163e-24, nan 
-135.875, 60.125, 6.29660298731475e-24, nan 
-135.625, 60.125, 5.947068492277133e-24, nan 
-135.375, 60.125, 5.466415749278422e-24, nan 
-135.125, 60.125, 6.573950402214072e-24, nan 
-134.875, 60.125, 6.123472468380783e-24, nan 
-134.625, 60.125, 6.1588644171845056e-24, nan 
-134.375, 60.125, 5.744110269542589e-24, nan 
-134.125, 60.125, 6.0239166938493006e-24, nan 
-133.875, 60.125, 6.696710012204243e-24, nan 
-133.625, 60.125, 7.169923862005138e-24, nan 
-133.375, 60.125, 7.471737596764657e-24, nan 
-133.125, 60.125, 6.958621612745116e-24, nan 
-132.875, 60.125, 9.664043200380164e-24, nan 
-132.625, 60.125, 1.0616247180431833e-23, nan 
-132.375, 60.125, 1.1535884605651075e-23, nan 
-132.125, 60.125, 1.530671132238938e-23, nan 
-131.875, 60.125, 7.769441840293032e-24, nan 
103.875, 60.125, 7.720928186782348e-24, nan 
104.125, 60.125, 7.772184269598874e-24, nan 
104.375, 60.125, 6.349053440979528e-24, nan 
104.625, 60.125, 5.6572111715749e-24, nan 
104.875, 60.125, 5.3038152336679916e-24, nan 
105.125, 60.125, 5.104520034015611e-24, nan 
105.375, 60.125, 4.854885209936184e-24, nan 
105.625, 60.125, 3.259865751801504e-24, nan 
105.875, 60.125, 3.70439662709243e-24, nan 
106.125, 60.125, 3.679553627694616e-24, nan 
106.375, 60.125, 3.1014780589047463e-24, nan 
106.625, 60.125, 1.6982862252797884e-24, nan 
106.875, 60.125, 2.84003974554009e-24, nan 
107.125, 60.125, 4.389317429787933e-24, nan 
107.375, 60.125, 6.533443220162527e-24, nan 
107.625, 60.125, 3.4409541417536296e-24, nan 
107.875, 60.125, 2.9892670940392073e-24, nan 
108.125, 60.125, 3.177134388509375e-24, nan 
108.375, 60.125, 3.0533824534253463e-24, nan 
108.625, 60.125, 3.500446657442109e-24, nan 
108.875, 60.125, 2.5672202253719732e-24, nan 
109.125, 60.125, 2.45739295021055e-24, nan 
109.375, 60.125, 3.271181691156092e-24, nan 
109.625, 60.125, 4.822445028374852e-24, nan 
109.875, 60.125, 5.8556436239022574e-24, nan 
110.125, 60.125, 4.558737367037148e-24, nan 
110.375, 60.125, 4.951966879669119e-24, nan 
110.625, 60.125, 3.0775242337517794e-24, nan 
110.875, 60.125, 5.0394278836221006e-24, nan 
111.125, 60.125, 7.098940147664535e-24, nan 
111.375, 60.125, 1.3058091484788312e-23, nan 
111.625, 60.125, 1.8878443742866893e-23, nan 
111.875, 60.125, 1.3300263534732786e-23, nan 
112.125, 60.125, 7.647296659295626e-24, nan 
112.375, 60.125, 3.737297242956455e-24, nan 
112.625, 60.125, 1.6734999794275668e-24, nan 
112.875, 60.125, 1.836658744569964e-24, nan 
113.125, 60.125, 4.459385780188896e-24, nan 
113.375, 60.125, 3.997940005700756e-24, nan 
113.625, 60.125, 3.677995434543015e-24, nan 
113.875, 60.125, 3.702043401117389e-24, nan 
114.125, 60.125, 3.1985552020303797e-24, nan 
114.375, 60.125, 3.8377346166665475e-24, nan 
114.625, 60.125, 5.9219295368146e-24, nan 
114.875, 60.125, 1.0856270159532865e-23, nan 
115.125, 60.125, 1.3678249070889208e-23, nan 
115.375, 60.125, 1.2999469213778384e-23, nan 
115.625, 60.125, 1.5066005784219508e-23, nan 
115.875, 60.125, 3.9557768106012857e-23, nan 
116.125, 60.125, 1.6962233814858427e-23, nan 
116.375, 60.125, 1.3284557726907153e-23, nan 
116.625, 60.125, 8.492184702112983e-24, nan 
116.875, 60.125, 8.52970645281922e-24, nan 
117.125, 60.125, 4.696749852298754e-24, nan 
117.375, 60.125, 4.3352083889119084e-24, nan 
117.625, 60.125, 5.010818532813334e-24, nan 
117.875, 60.125, 5.5710491675162446e-24, nan 
118.125, 60.125, 3.773903759661104e-24, nan 
118.375, 60.125, 3.541958947551939e-24, nan 
118.625, 60.125, 4.2012642070777294e-24, nan 
118.875, 60.125, 3.1536609161127078e-24, nan 
119.125, 60.125, 5.095390019401881e-24, nan 
119.375, 60.125, 5.1812513190396e-24, nan 
119.625, 60.125, 6.941946805268197e-24, nan 
119.875, 60.125, 3.1553552710060803e-24, nan 
120.125, 60.125, 6.607393930685922e-24, nan 
120.375, 60.125, 7.679597803151598e-24, nan 
120.625, 60.125, 5.1367957847923706e-24, nan 
120.875, 60.125, 4.325663240459839e-24, nan 
121.125, 60.125, 6.804923698841926e-24, nan 
121.375, 60.125, 6.089749906930969e-24, nan 
121.625, 60.125, 6.92235052028864e-24, nan 
121.875, 60.125, 7.171511202203968e-24, nan 
122.125, 60.125, 4.590622080663459e-24, nan 
122.375, 60.125, 3.416723187730998e-24, nan 
122.625, 60.125, 8.453249961299171e-24, nan 
122.875, 60.125, 7.404520411255e-24, nan 
123.125, 60.125, 5.6553992493368854e-24, nan 
123.375, 60.125, 6.1657122677884054e-24, nan 
123.625, 60.125, 1.1703237756533404e-23, nan 
123.875, 60.125, 8.466706264055032e-24, nan 
124.125, 60.125, 7.937981735109661e-24, nan 
124.375, 60.125, 6.254615150121782e-24, nan 
124.625, 60.125, 8.132968937249077e-24, nan 
124.875, 60.125, 1.5962230343102082e-23, nan 
125.125, 60.125, 9.950925473515971e-24, nan 
125.375, 60.125, 5.64498910775459e-24, nan 
125.625, 60.125, 7.680207506038748e-24, nan 
125.875, 60.125, 9.089478026188601e-24, nan 
126.125, 60.125, 1.0200478031835517e-23, nan 
126.375, 60.125, 1.0567300053372962e-23, nan 
126.625, 60.125, 1.0458586164503277e-23, nan 
126.875, 60.125, 1.10788436755763e-23, nan 
127.125, 60.125, 9.432312088501731e-24, nan 
127.375, 60.125, 1.4394296591517545e-23, nan 
127.625, 60.125, 1.7764589572127047e-23, nan 
127.875, 60.125, 2.6226692704892498e-23, nan 
128.125, 60.125, 1.9621001647470022e-23, nan 
128.375, 60.125, 1.6392546175399018e-23, nan 
128.625, 60.125, 3.9102573173849374e-23, nan 
128.875, 60.125, 1.2738837414951707e-23, nan 
129.125, 60.125, 5.370731301325152e-23, nan 
129.375, 60.125, 6.149492115178659e-23, nan 
129.625, 60.125, 4.743989326892579e-23, nan 
129.875, 60.125, 2.6923587065534525e-23, nan 
130.125, 60.125, 2.949100285263455e-23, nan 
130.375, 60.125, 2.945739828264843e-23, nan 
130.625, 60.125, 1.7071683346477126e-23, nan 
130.875, 60.125, 1.3327323864588058e-23, nan 
131.125, 60.125, 7.005893679989204e-24, nan 
131.375, 60.125, 6.488678043529984e-24, nan 
131.625, 60.125, 1.6174508682884466e-23, nan 
131.875, 60.125, 1.7126893987279898e-23, nan 
132.125, 60.125, 1.0275216182536881e-23, nan 
132.375, 60.125, 1.4716900864663813e-23, nan 
132.625, 60.125, 1.5227035947622196e-23, nan 
132.875, 60.125, 1.0944541849329858e-23, nan 
133.125, 60.125, 1.2553603993559408e-23, nan 
133.375, 60.125, 9.635544583729922e-24, nan 
133.625, 60.125, 1.1061415765218406e-23, nan 
133.875, 60.125, 2.450404421994819e-23, nan 
134.125, 60.125, 9.41239742914365e-24, nan 
134.375, 60.125, 3.529117081244526e-23, nan 
134.625, 60.125, 5.0008624845771144e-23, nan 
134.875, 60.125, 6.300327762278068e-23, nan 
135.125, 60.125, 6.305043104268824e-23, nan 
135.375, 60.125, 9.335224702558035e-23, nan 
135.625, 60.125, 1.7012075413596032e-22, nan 
135.875, 60.125, 6.626685573814559e-22, nan 
136.125, 60.125, 6.817958354030203e-22, nan 
136.375, 60.125, 4.902836037507637e-22, nan 
136.625, 60.125, 9.656084310310123e-23, nan 
136.875, 60.125, 9.29756581497988e-23, nan 
137.125, 60.125, 5.133878416480594e-23, nan 
137.375, 60.125, 5.1024735361503125e-23, nan 
137.625, 60.125, 2.14667781082327e-23, nan 
137.875, 60.125, 2.323465725734531e-23, nan 
138.125, 60.125, 3.30439178078247e-23, nan 
138.375, 60.125, 1.329665263734074e-23, nan 
138.625, 60.125, 6.171070379795502e-24, nan 
138.875, 60.125, 2.3307879108058634e-23, nan 
139.125, 60.125, 1.4682747366935306e-23, nan 
139.375, 60.125, 1.380431566904391e-23, nan 
139.625, 60.125, 2.4058107089861162e-23, nan 
139.875, 60.125, 1.7403318287306692e-23, nan 
140.125, 60.125, 3.963047733034848e-23, nan 
140.375, 60.125, 4.2288800477410184e-23, nan 
140.625, 60.125, 2.457600312548739e-23, nan 
140.875, 60.125, 5.819995371663271e-23, nan 
141.125, 60.125, 3.550950835385659e-23, nan 
141.375, 60.125, 3.369823586756412e-23, nan 
141.625, 60.125, 4.91306898480504e-23, nan 
141.875, 60.125, 2.9318329903258197e-23, nan 
142.125, 60.125, 3.3093378075545194e-23, nan 
142.375, 60.125, 4.5389127511841964e-23, nan 
142.625, 60.125, 3.215380797345042e-23, nan 
142.875, 60.125, 2.518786963834593e-23, nan 
143.125, 60.125, 5.344224778100713e-23, nan 
143.375, 60.125, 3.912113179411786e-23, nan 
143.625, 60.125, 4.304629255966866e-23, nan 
143.875, 60.125, 5.337482641425428e-23, nan 
144.125, 60.125, 4.346181642412474e-23, nan 
144.375, 60.125, 2.8982801871854003e-23, nan 
144.625, 60.125, 2.834454718223696e-23, nan 
144.875, 60.125, 2.2878451645655796e-23, nan 
145.125, 60.125, 2.413366169511356e-23, nan 
145.375, 60.125, 5.364451247013956e-23, nan 
145.625, 60.125, 4.6218034845173047e-23, nan 
145.875, 60.125, 4.360261733846697e-23, nan 
146.125, 60.125, 8.647525653913956e-23, nan 
146.375, 60.125, 7.637202428326677e-23, nan 
146.625, 60.125, 5.924699232111977e-23, nan 
146.875, 60.125, 1.1341740460804652e-22, nan 
147.125, 60.125, 1.1935715126599004e-22, nan 
147.375, 60.125, 8.647351042420633e-23, nan 
147.625, 60.125, 5.810786486264686e-22, nan 
147.875, 60.125, 3.4527102221210636e-22, nan 
148.125, 60.125, 1.9858828609456896e-22, nan 
148.375, 60.125, 5.502450820748634e-23, nan 
148.625, 60.125, 9.265239174821797e-23, nan 
148.875, 60.125, 4.994957158397215e-23, nan 
149.125, 60.125, 3.058608470513493e-23, nan 
149.375, 60.125, 3.718831971745511e-23, nan 
149.625, 60.125, 5.230876355100021e-23, nan 
149.875, 60.125, 6.871876086849988e-23, nan 
150.125, 60.125, 1.069811260178324e-22, nan 
150.375, 60.125, 1.2685969612887862e-22, nan 
150.625, 60.125, 1.596032099666147e-22, nan 
150.875, 60.125, 1.8372949279284145e-22, nan 
151.125, 60.125, 1.764934994251925e-22, nan 
151.375, 60.125, 2.250181041869454e-22, nan 
151.625, 60.125, 2.3377781322821787e-22, nan 
151.875, 60.125, 2.989703561920778e-22, nan 
152.125, 60.125, 1.7532684982672566e-22, nan 
152.375, 60.125, 3.0744823481970934e-22, nan 
152.625, 60.125, 7.826810342674635e-22, nan 
152.875, 60.125, 4.706573419651217e-22, nan 
153.125, 60.125, 4.497020422553301e-22, nan 
153.375, 60.125, 4.788507034913403e-22, nan 
153.625, 60.125, 2.925098590331064e-22, nan 
153.875, 60.125, 1.9066651639129148e-22, nan 
154.125, 60.125, 2.1052403604426634e-22, nan 
154.375, 60.125, 1.959730663669901e-22, nan 
154.625, 60.125, 1.2301206938977996e-22, nan 
154.875, 60.125, 1.7233095247643754e-22, nan 
155.125, 60.125, 1.5137914643577554e-22, nan 
155.375, 60.125, 1.0110974532025871e-22, nan 
155.625, 60.125, 1.379826086522655e-22, nan 
155.875, 60.125, 1.3268685687862622e-22, nan 
156.125, 60.125, 9.508302378838772e-23, nan 
156.375, 60.125, 1.936213010040884e-22, nan 
156.625, 60.125, 1.1862030077763906e-22, nan 
156.875, 60.125, 4.715726235038331e-23, nan 
157.125, 60.125, 1.7062504971841814e-22, nan 
157.375, 60.125, 1.5197433253382669e-22, nan 
157.625, 60.125, 1.3969785788889296e-22, nan 
157.875, 60.125, 1.7117148486625725e-22, nan 
158.125, 60.125, 1.3966981710372106e-22, nan 
158.375, 60.125, 9.689772687928881e-23, nan 
158.625, 60.125, 1.3069680977346714e-22, nan 
158.875, 60.125, 1.328580296954315e-22, nan 
159.125, 60.125, 2.3264775771931677e-22, nan 
159.375, 60.125, 1.91587696169938e-22, nan 
159.625, 60.125, 9.306043613538155e-23, nan 
159.875, 60.125, 1.4727337197664572e-22, nan 
160.125, 60.125, 1.3919414059159533e-22, nan 
160.375, 60.125, 1.1108636349890751e-22, nan 
160.625, 60.125, 2.484880126564556e-22, nan 
160.875, 60.125, 2.8246299309185183e-22, nan 
161.125, 60.125, 1.658686745869541e-22, nan 
161.375, 60.125, 4.655638027000825e-22, nan 
161.625, 60.125, 5.4079992571744205e-22, nan 
161.875, 60.125, 3.487208617550294e-22, nan 
162.125, 60.125, 2.4378651326625053e-22, nan 
162.375, 60.125, 4.000798375432676e-22, nan 
162.625, 60.125, 3.2221266914322224e-22, nan 
162.875, 60.125, 6.279240581527653e-23, nan 
163.125, 60.125, 7.138918142827923e-23, nan 
163.375, 60.125, 1.0962090057540326e-22, nan 
163.625, 60.125, 2.9450758518855945e-22, nan 
163.875, 60.125, 2.0095446190757753e-22, nan 
164.125, 60.125, 1.8918478064909943e-22, nan 
164.375, 60.125, 2.872168412719557e-22, nan 
164.625, 60.125, 4.423576804635752e-22, nan 
164.875, 60.125, 3.496447100220883e-22, nan 
165.125, 60.125, 4.774270266213711e-22, nan 
165.375, 60.125, 4.137376654619498e-22, nan 
165.625, 60.125, 2.621530694106481e-22, nan 
165.875, 60.125, 4.749918708727937e-22, nan 
166.125, 60.125, 3.9016225139030185e-22, nan 
166.375, 60.125, 2.425718339981049e-22, nan 
166.625, 60.125, 3.608380851483533e-22, nan 
166.875, 60.125, 2.0780833121753917e-22, nan 
167.125, 60.125, 1.8392448820856667e-22, nan 
167.375, 60.125, 2.632044790419271e-22, nan 
167.625, 60.125, 2.7466568556473276e-22, nan 
167.875, 60.125, 3.3339945701037027e-22, nan 
168.125, 60.125, 3.2654043351574487e-22, nan 
168.375, 60.125, 3.0595875650543367e-22, nan 
168.625, 60.125, 3.7626383613962694e-22, nan 
168.875, 60.125, 3.859309965335837e-22, nan 
169.125, 60.125, 4.051623435821951e-22, nan 
169.375, 60.125, 1.9515158930779555e-22, nan 
169.625, 60.125, 2.85916230710439e-22, nan 
169.875, 60.125, 3.264936629362179e-22, nan 
170.125, 60.125, 2.975882410508709e-22, nan 
170.375, 60.125, 3.52505269489291e-22, nan 
170.625, 60.125, 1.000057111710024e-22, nan 
170.875, 60.125, 3.2402857102947176e-22, nan 
171.125, 60.125, 4.444200909682393e-22, nan 
171.375, 60.125, 1.0532056018172567e-22, nan 
171.625, 60.125, 2.0612225343795022e-22, nan 
171.875, 60.125, 2.888385242970112e-22, nan 
172.125, 60.125, 2.183612240942188e-22, nan 
172.375, 60.125, 2.7261340458455476e-22, nan 
172.625, 60.125, 2.4204719464245946e-22, nan 
172.875, 60.125, 2.0797492923743912e-22, nan 
173.125, 60.125, 3.9666828159499884e-22, nan 
173.375, 60.125, 5.608456575678341e-22, nan 
173.625, 60.125, 3.717477418740673e-22, nan 
173.875, 60.125, 3.287629206630593e-22, nan 
174.125, 60.125, 3.522978571758531e-22, nan 
174.375, 60.125, 2.3746991414490646e-22, nan 
174.625, 60.125, 1.2596074234869138e-22, nan 
174.875, 60.125, 9.43656068293479e-23, nan 
175.125, 60.125, 1.3124558824921132e-22, nan 
175.375, 60.125, 1.1299055525432324e-22, nan 
175.625, 60.125, 2.1909823804023153e-22, nan 
175.875, 60.125, 2.696344560655035e-22, nan 
176.125, 60.125, 1.402056849046279e-22, nan 
176.375, 60.125, 2.61133237234552e-22, nan 
176.625, 60.125, 3.1718731901384943e-22, nan 
176.875, 60.125, 1.2258537042918925e-22, nan 
177.125, 60.125, 2.6692260968124774e-22, nan 
177.375, 60.125, 2.9782475271831536e-22, nan 
177.625, 60.125, 1.332232264027066e-22, nan 
177.875, 60.125, 1.0694455607090567e-22, nan 
178.125, 60.125, 1.246355305453662e-22, nan 
178.375, 60.125, 1.1814517034632023e-22, nan 
178.625, 60.125, 7.110512959708123e-23, nan 
178.875, 60.125, 6.782130434881709e-23, nan 
179.125, 60.125, 1.3224608805920493e-22, nan 
179.375, 60.125, 5.724813493737448e-23, nan 
179.625, 60.125, 9.087011596025799e-23, nan 
179.875, 60.125, 1.159403081672771e-22, nan 
-179.875, 60.375, 1.5554090223792487e-22, nan 
-179.625, 60.375, 7.574056309359223e-23, nan 
-179.375, 60.375, 8.541325642485515e-23, nan 
-179.125, 60.375, 1.232816271437419e-22, nan 
-178.875, 60.375, 9.912224451156168e-23, nan 
-178.625, 60.375, 8.710584201377491e-23, nan 
-178.375, 60.375, 9.295326974821931e-23, nan 
-178.125, 60.375, 9.579101584821955e-23, nan 
-177.875, 60.375, 1.0375460943546965e-22, nan 
-177.625, 60.375, 1.7743558574267212e-22, nan 
-177.375, 60.375, 1.0081750324872649e-22, nan 
-177.125, 60.375, 1.067951297190705e-22, nan 
-176.875, 60.375, 9.896092594602022e-23, nan 
-176.625, 60.375, 8.788304520291322e-23, nan 
-176.375, 60.375, 1.3234147518809763e-22, nan 
-176.125, 60.375, 1.4359530562207232e-22, nan 
-175.875, 60.375, 8.814529844043604e-23, nan 
-175.625, 60.375, 1.089633086416844e-22, nan 
-175.375, 60.375, 1.350313730377041e-22, nan 
-175.125, 60.375, 1.1856931478993938e-22, nan 
-174.875, 60.375, 3.015434789423376e-23, nan 
-174.625, 60.375, 4.742573368064626e-23, nan 
-174.375, 60.375, 7.17358960734063e-23, nan 
-174.125, 60.375, 4.5506798845916355e-23, nan 
-173.875, 60.375, 6.848970777949044e-23, nan 
-173.625, 60.375, 6.43228032081583e-23, nan 
-173.375, 60.375, 5.017702425273097e-23, nan 
-173.125, 60.375, 8.039823769420869e-23, nan 
-172.875, 60.375, 6.576756748880934e-23, nan 
-172.625, 60.375, 5.0079915434548794e-23, nan 
-172.375, 60.375, 1.7833080428996795e-23, nan 
-172.125, 60.375, 1.9844573281222087e-23, nan 
-171.875, 60.375, 3.4400904865941756e-23, nan 
-171.625, 60.375, 5.348279784249534e-23, nan 
-171.375, 60.375, 6.055781353658209e-23, nan 
-171.125, 60.375, 7.888024971178369e-23, nan 
-170.875, 60.375, 5.551093314408402e-23, nan 
-170.625, 60.375, 4.4526493849029865e-23, nan 
-170.375, 60.375, 4.517579967776895e-22, nan 
-170.125, 60.375, 4.65914024785755e-23, nan 
-169.875, 60.375, 8.076198766618968e-23, nan 
-169.625, 60.375, 7.230129793706574e-23, nan 
-169.375, 60.375, 5.205317606695395e-23, nan 
-169.125, 60.375, 7.923418883561686e-23, nan 
-168.875, 60.375, 4.8293839434261286e-23, nan 
-168.625, 60.375, 1.4449355970347163e-23, nan 
-168.375, 60.375, 3.4535161114609265e-23, nan 
-168.125, 60.375, 5.62541574923163e-23, nan 
-167.875, 60.375, 5.029067972339861e-23, nan 
-167.625, 60.375, 3.247818441408562e-23, nan 
-167.375, 60.375, 3.9412585304090775e-23, nan 
-167.125, 60.375, 4.621033354309336e-23, nan 
-166.875, 60.375, 5.2386772240495896e-23, nan 
-166.625, 60.375, 3.410901838474873e-23, nan 
-166.375, 60.375, 2.1056272445601362e-23, nan 
-166.125, 60.375, 1.6463374984687675e-23, nan 
-165.875, 60.375, 1.0607928747986219e-23, nan 
-165.625, 60.375, 1.2475760878544433e-23, nan 
-165.375, 60.375, 1.6217776256179302e-23, nan 
-165.125, 60.375, 1.635847729757885e-23, nan 
-164.875, 60.375, 1.4215463387281873e-23, nan 
-164.625, 60.375, 2.862014274539947e-23, nan 
-164.375, 60.375, 9.782920378932364e-24, nan 
-164.125, 60.375, 8.408564396900479e-24, nan 
-163.875, 60.375, 2.4871470574427854e-23, nan 
-163.625, 60.375, 3.147287874282241e-23, nan 
-163.375, 60.375, 2.3892732404610064e-23, nan 
-163.125, 60.375, 4.55450738933803e-23, nan 
-162.875, 60.375, 5.221167530737042e-23, nan 
-162.625, 60.375, 2.62606740546e-23, nan 
-162.375, 60.375, 4.665787402603871e-23, nan 
-162.125, 60.375, 4.3732752635797237e-23, nan 
-161.875, 60.375, 2.340937349547654e-23, nan 
-161.625, 60.375, 3.265300166452369e-23, nan 
-161.375, 60.375, 3.103093886356466e-23, nan 
-161.125, 60.375, 2.3126381633916562e-23, nan 
-160.875, 60.375, 3.867459417302506e-23, nan 
-160.625, 60.375, 4.262029822651969e-23, nan 
-160.375, 60.375, 3.127947219570198e-23, nan 
-160.125, 60.375, 1.654298576577828e-23, nan 
-159.875, 60.375, 2.2165821849549853e-23, nan 
-159.625, 60.375, 2.242632716448969e-23, nan 
-159.375, 60.375, 1.5016470377351787e-23, nan 
-159.125, 60.375, 2.240619420658811e-23, nan 
-158.875, 60.375, 1.3245792862702703e-23, nan 
-158.625, 60.375, 1.819346078459379e-23, nan 
-158.375, 60.375, 1.6025660548929614e-23, nan 
-158.125, 60.375, 7.144219581142306e-24, nan 
-157.875, 60.375, 1.0782465663503892e-23, nan 
-157.625, 60.375, 3.02312921497362e-23, nan 
-157.375, 60.375, 2.5846278395465192e-23, nan 
-157.125, 60.375, 7.381988715507954e-23, nan 
-156.875, 60.375, 1.4976501285323098e-23, nan 
-156.625, 60.375, 1.473667649465926e-23, nan 
-156.375, 60.375, 9.282223196872948e-24, nan 
-156.125, 60.375, 1.608933564041385e-23, nan 
-155.875, 60.375, 1.9578610238530573e-23, nan 
-155.625, 60.375, 1.4362888666014096e-23, nan 
-155.375, 60.375, 1.657743324271575e-23, nan 
-155.125, 60.375, 2.3530122237237687e-23, nan 
-154.875, 60.375, 2.3159753459222422e-23, nan 
-154.625, 60.375, 2.3989595061253078e-23, nan 
-154.375, 60.375, 2.2489580334352758e-23, nan 
-154.125, 60.375, 1.8359943331791046e-23, nan 
-153.875, 60.375, 2.2867881822766535e-23, nan 
-153.625, 60.375, 8.224920085922799e-24, nan 
-153.375, 60.375, 1.6359323983768634e-23, nan 
-153.125, 60.375, 1.0322497095063904e-24, nan 
-152.875, 60.375, 8.571644174812453e-24, nan 
-152.625, 60.375, 6.249379316555493e-24, nan 
-152.375, 60.375, 6.593609019121266e-24, nan 
-152.125, 60.375, 1.0978506644150548e-23, nan 
-151.875, 60.375, 1.6928537779732493e-23, nan 
-151.625, 60.375, 1.7859097867421272e-23, nan 
-151.375, 60.375, 8.423861866771229e-24, nan 
-151.125, 60.375, 2.498985162003289e-24, nan 
-150.875, 60.375, 7.418450053028365e-24, nan 
-150.625, 60.375, 1.1363294792589592e-23, nan 
-150.375, 60.375, 1.1585853151342836e-23, nan 
-150.125, 60.375, 1.8267319222480847e-23, nan 
-149.875, 60.375, 1.8687759725085993e-23, nan 
-149.625, 60.375, 1.5046894699748352e-23, nan 
-149.375, 60.375, 1.1013249120448684e-23, nan 
-149.125, 60.375, 2.3008621150787646e-23, nan 
-148.875, 60.375, 3.87943575985063e-23, nan 
-148.625, 60.375, 4.525673913818304e-23, nan 
-148.375, 60.375, 5.2238261061117126e-23, nan 
-148.125, 60.375, 6.768030650985761e-23, nan 
-147.875, 60.375, 6.469515879073255e-23, nan 
-147.625, 60.375, 7.377961473307627e-23, nan 
-147.375, 60.375, 5.1563713092386284e-23, nan 
-147.125, 60.375, 3.997276753667917e-23, nan 
-146.875, 60.375, 1.3644042242188126e-23, nan 
-146.625, 60.375, 1.4364637162302628e-23, nan 
-146.375, 60.375, 1.7385482884706577e-23, nan 
-146.125, 60.375, 5.873380688878299e-23, nan 
-145.875, 60.375, 1.1334853018140872e-23, nan 
-145.625, 60.375, 1.5243701148813293e-23, nan 
-145.375, 60.375, 1.014661845810708e-23, nan 
-145.125, 60.375, 8.839603424103026e-24, nan 
-144.875, 60.375, 9.355715598125548e-24, nan 
-144.625, 60.375, 8.569191118786854e-24, nan 
-144.375, 60.375, 8.268019621192318e-24, nan 
-144.125, 60.375, 1.021063452502856e-23, nan 
-143.875, 60.375, 6.665439502422639e-24, nan 
-143.625, 60.375, 8.500591452111833e-24, nan 
-143.375, 60.375, 8.638461468474448e-24, nan 
-143.125, 60.375, 4.7134527456853056e-24, nan 
-142.875, 60.375, 7.789177159702926e-24, nan 
-142.625, 60.375, 4.100214666814526e-24, nan 
-142.375, 60.375, 6.912645159560246e-24, nan 
-142.125, 60.375, 9.758614846196768e-24, nan 
-141.875, 60.375, 7.701170540138659e-24, nan 
-141.625, 60.375, 6.87622952901743e-24, nan 
-141.375, 60.375, 8.958176641647405e-24, nan 
-141.125, 60.375, 5.915092796962011e-24, nan 
-140.875, 60.375, 4.056053227626258e-24, nan 
-140.625, 60.375, 4.0660591869457605e-24, nan 
-140.375, 60.375, 3.8560286337058476e-24, nan 
-140.125, 60.375, 5.6407845699036606e-24, nan 
-139.875, 60.375, 6.954918816927612e-24, nan 
-139.625, 60.375, 9.829127302532947e-24, nan 
-139.375, 60.375, 9.777354214756932e-24, nan 
-139.125, 60.375, 9.939944931817645e-24, nan 
-138.875, 60.375, 1.3850750953637964e-23, nan 
-138.625, 60.375, 9.855003099322032e-24, nan 
-138.375, 60.375, 6.585218328722173e-24, nan 
-138.125, 60.375, 1.1794869105569708e-23, nan 
-137.875, 60.375, 1.0713112726882888e-23, nan 
-137.625, 60.375, 3.650060903885116e-24, nan 
-137.375, 60.375, 5.123185647283205e-24, nan 
-137.125, 60.375, 7.136645250700353e-24, nan 
-136.875, 60.375, 6.928985572793942e-24, nan 
-136.625, 60.375, 6.097841826719229e-24, nan 
-136.375, 60.375, 6.421930252470733e-24, nan 
-136.125, 60.375, 8.749466846943323e-24, nan 
-135.875, 60.375, 5.728502090327446e-24, nan 
-135.625, 60.375, 6.3828633552449325e-24, nan 
-135.375, 60.375, 1.3429757876462656e-23, nan 
-135.125, 60.375, 6.683130736302804e-24, nan 
-134.875, 60.375, 6.65388777238445e-24, nan 
-134.625, 60.375, 7.220877976560831e-24, nan 
-134.375, 60.375, 5.8206748614384535e-24, nan 
-134.125, 60.375, 5.7530423336613115e-24, nan 
-133.875, 60.375, 6.211488832461024e-24, nan 
-133.625, 60.375, 7.091577542204818e-24, nan 
-133.375, 60.375, 7.109340614715537e-24, nan 
-133.125, 60.375, 6.889388920891564e-24, nan 
-132.875, 60.375, 7.480057566232287e-24, nan 
-132.625, 60.375, 5.351331808565794e-24, nan 
-132.375, 60.375, 4.287842062120813e-24, nan 
-132.125, 60.375, 4.228508859558154e-24, nan 
-131.875, 60.375, 4.985532975315668e-24, nan 
-131.625, 60.375, 6.160516021631143e-24, nan 
-131.375, 60.375, 4.483196595979586e-24, nan 
103.375, 60.375, 7.462314795908615e-24, nan 
103.625, 60.375, 7.430382732464783e-24, nan 
103.875, 60.375, 8.687453633094938e-24, nan 
104.125, 60.375, 9.131000841294064e-24, nan 
104.375, 60.375, 6.641213138930036e-24, nan 
104.625, 60.375, 7.510795493482378e-24, nan 
104.875, 60.375, 7.624396114722352e-24, nan 
105.125, 60.375, 5.086957962670439e-24, nan 
105.375, 60.375, 3.86904837194961e-24, nan 
105.625, 60.375, 3.3791483507241845e-24, nan 
105.875, 60.375, 3.783770094100509e-24, nan 
106.125, 60.375, 3.468137888144988e-24, nan 
106.375, 60.375, 2.886076674281821e-24, nan 
106.625, 60.375, 2.3902084543791067e-24, nan 
106.875, 60.375, 2.299747818116912e-24, nan 
107.125, 60.375, 3.0108886443383176e-24, nan 
107.375, 60.375, 2.7445780050775925e-24, nan 
107.625, 60.375, 3.216710097255489e-24, nan 
107.875, 60.375, 2.067099611497494e-24, nan 
108.125, 60.375, 1.9728617558014374e-24, nan 
108.375, 60.375, 1.6530545191169604e-24, nan 
108.625, 60.375, 3.472895281841266e-24, nan 
108.875, 60.375, 3.1464292090326492e-24, nan 
109.125, 60.375, 5.3540126012807004e-24, nan 
109.375, 60.375, 4.1613110428346906e-24, nan 
109.625, 60.375, 4.292135003102625e-24, nan 
109.875, 60.375, 6.678960966333008e-24, nan 
110.125, 60.375, 4.528465266090867e-24, nan 
110.375, 60.375, 3.8189918508659446e-24, nan 
110.625, 60.375, 5.732119485454003e-24, nan 
110.875, 60.375, 7.69625623596177e-24, nan 
111.125, 60.375, 5.587759897389801e-24, nan 
111.375, 60.375, 1.3625861792119536e-23, nan 
111.625, 60.375, 2.1001321620449257e-23, nan 
111.875, 60.375, 1.0575545505383915e-23, nan 
112.125, 60.375, 9.928889840652067e-24, nan 
112.375, 60.375, 1.222347530304579e-23, nan 
112.625, 60.375, 6.842468865884103e-24, nan 
112.875, 60.375, 5.208326569711136e-24, nan 
113.125, 60.375, 4.5253415982548626e-24, nan 
113.375, 60.375, 4.022149558314871e-24, nan 
113.625, 60.375, 4.0452257106679576e-24, nan 
113.875, 60.375, 4.0939818738002805e-24, nan 
114.125, 60.375, 5.949678017377063e-24, nan 
114.375, 60.375, 8.307715310113669e-24, nan 
114.625, 60.375, 9.448251176463172e-24, nan 
114.875, 60.375, 1.1091041418819844e-23, nan 
115.125, 60.375, 2.876879458458577e-23, nan 
115.375, 60.375, 1.2762344327971029e-23, nan 
115.625, 60.375, 7.79552057852111e-24, nan 
115.875, 60.375, 6.711424616551771e-23, nan 
116.125, 60.375, 1.2233806854461219e-23, nan 
116.375, 60.375, 1.6915806982510336e-23, nan 
116.625, 60.375, 2.1781941961032647e-23, nan 
116.875, 60.375, 1.0495709460603715e-23, nan 
117.125, 60.375, 1.289379538610932e-23, nan 
117.375, 60.375, 5.588595716119794e-24, nan 
117.625, 60.375, 6.340691839250671e-24, nan 
117.875, 60.375, 5.159322754758639e-24, nan 
118.125, 60.375, 3.9526123807505235e-24, nan 
118.375, 60.375, 5.1255363791879055e-24, nan 
118.625, 60.375, 4.9048297840813895e-24, nan 
118.875, 60.375, 5.25479943570485e-24, nan 
119.125, 60.375, 5.089004965388378e-24, nan 
119.375, 60.375, 6.308926513990898e-24, nan 
119.625, 60.375, 5.96010148400799e-24, nan 
119.875, 60.375, 4.049627363969988e-24, nan 
120.125, 60.375, 5.63860205886691e-24, nan 
120.375, 60.375, 5.1667012462286595e-24, nan 
120.625, 60.375, 5.783370953164667e-24, nan 
120.875, 60.375, 3.799034623785746e-24, nan 
121.125, 60.375, 5.865156305971299e-24, nan 
121.375, 60.375, 6.1417450418165535e-24, nan 
121.625, 60.375, 7.09307171542103e-24, nan 
121.875, 60.375, 7.062446040790614e-24, nan 
122.125, 60.375, 5.7087463394957885e-24, nan 
122.375, 60.375, 7.45515806997716e-24, nan 
122.625, 60.375, 7.963306212532796e-24, nan 
122.875, 60.375, 7.170000780712188e-24, nan 
123.125, 60.375, 6.1153771090362114e-24, nan 
123.375, 60.375, 6.911982122004573e-24, nan 
123.625, 60.375, 1.671853645814131e-23, nan 
123.875, 60.375, 1.072120938911989e-23, nan 
124.125, 60.375, 7.646194710180548e-24, nan 
124.375, 60.375, 9.683090272362927e-24, nan 
124.625, 60.375, 9.38147799157209e-24, nan 
124.875, 60.375, 1.6819776752815497e-23, nan 
125.125, 60.375, 1.11862110501451e-23, nan 
125.375, 60.375, 8.657208018482685e-24, nan 
125.625, 60.375, 7.685329200666696e-24, nan 
125.875, 60.375, 7.90061114679175e-24, nan 
126.125, 60.375, 8.360734553910903e-24, nan 
126.375, 60.375, 8.498419001197948e-24, nan 
126.625, 60.375, 1.2654222320950595e-23, nan 
126.875, 60.375, 1.492459980097687e-23, nan 
127.125, 60.375, 9.88369157292516e-24, nan 
127.375, 60.375, 1.963060576136619e-23, nan 
127.625, 60.375, 1.9985552105826058e-23, nan 
127.875, 60.375, 2.986666820076646e-23, nan 
128.125, 60.375, 1.9257229493903644e-23, nan 
128.375, 60.375, 5.558444504041417e-23, nan 
128.625, 60.375, 8.814224031490247e-23, nan 
128.875, 60.375, 1.7931532676340633e-23, nan 
129.125, 60.375, 1.0276223670048987e-22, nan 
129.375, 60.375, 1.274935685791889e-22, nan 
129.625, 60.375, 5.822947887504351e-23, nan 
129.875, 60.375, 3.618245502856186e-23, nan 
130.125, 60.375, 6.526621137498806e-23, nan 
130.375, 60.375, 4.410501383063636e-23, nan 
130.625, 60.375, 1.3714936560336407e-23, nan 
130.875, 60.375, 2.263630912367308e-23, nan 
131.125, 60.375, 7.535471473317285e-24, nan 
131.375, 60.375, 1.4450277368126466e-23, nan 
131.625, 60.375, 1.748368285197208e-23, nan 
131.875, 60.375, 1.656491403195841e-23, nan 
132.125, 60.375, 2.2565288567826632e-23, nan 
132.375, 60.375, 1.8333464029718663e-23, nan 
132.625, 60.375, 1.5765591151985812e-23, nan 
132.875, 60.375, 1.0582045021659864e-23, nan 
133.125, 60.375, 9.458141320425494e-24, nan 
133.375, 60.375, 1.1461331149410301e-23, nan 
133.625, 60.375, 1.2756381893625185e-23, nan 
133.875, 60.375, 1.302951715863445e-23, nan 
134.125, 60.375, 1.0192584868257994e-23, nan 
134.375, 60.375, 1.786153347192796e-23, nan 
134.625, 60.375, 2.1046932301427866e-23, nan 
134.875, 60.375, 1.0862297882043856e-23, nan 
135.125, 60.375, 4.472943602052014e-23, nan 
135.375, 60.375, 7.097677837798888e-23, nan 
135.625, 60.375, 8.2557321751033e-23, nan 
135.875, 60.375, 9.344029842062095e-23, nan 
136.125, 60.375, 6.647367291273949e-23, nan 
136.375, 60.375, 5.699061956672091e-23, nan 
136.625, 60.375, 6.165058173257148e-23, nan 
136.875, 60.375, 3.658284548573147e-23, nan 
137.125, 60.375, 1.6813396685731274e-23, nan 
137.375, 60.375, 1.7221181038861282e-23, nan 
137.625, 60.375, 3.993681153011827e-23, nan 
137.875, 60.375, 1.442738149191908e-23, nan 
138.125, 60.375, 1.2562143052194148e-23, nan 
138.375, 60.375, 1.966284746249997e-23, nan 
138.625, 60.375, 1.389428561292408e-23, nan 
138.875, 60.375, 1.8067054252852444e-23, nan 
139.125, 60.375, 1.3427229442583187e-23, nan 
139.375, 60.375, 5.9939269919150625e-24, nan 
139.625, 60.375, 1.4290186502865354e-23, nan 
139.875, 60.375, 2.3512683680866922e-23, nan 
140.125, 60.375, 5.714026729061083e-23, nan 
140.375, 60.375, 3.3434708578480146e-23, nan 
140.625, 60.375, 3.4452498784482816e-23, nan 
140.875, 60.375, 7.819796862006163e-23, nan 
141.125, 60.375, 3.651186180053868e-23, nan 
141.375, 60.375, 3.382061846454718e-23, nan 
141.625, 60.375, 6.433370383016463e-23, nan 
141.875, 60.375, 2.754808048808801e-23, nan 
142.125, 60.375, 3.2092048684145466e-23, nan 
142.375, 60.375, 3.695489784429462e-23, nan 
142.625, 60.375, 2.3138358034497724e-23, nan 
142.875, 60.375, 2.343674872463323e-23, nan 
143.125, 60.375, 4.5828246899492396e-23, nan 
143.375, 60.375, 2.9739081154087944e-23, nan 
143.625, 60.375, 2.723991837632167e-23, nan 
143.875, 60.375, 5.116945364270943e-23, nan 
144.125, 60.375, 3.448994673627514e-23, nan 
144.375, 60.375, 2.82143423490932e-23, nan 
144.625, 60.375, 1.782672412529667e-23, nan 
144.875, 60.375, 9.928681168926487e-24, nan 
145.125, 60.375, 1.9568574033213882e-23, nan 
145.375, 60.375, 3.4785588656317505e-23, nan 
145.625, 60.375, 5.479226280397113e-23, nan 
145.875, 60.375, 4.73170234545319e-23, nan 
146.125, 60.375, 1.147409632512525e-22, nan 
146.375, 60.375, 6.922255290600793e-23, nan 
146.625, 60.375, 1.0311688595152782e-22, nan 
146.875, 60.375, 4.464207719325756e-22, nan 
147.125, 60.375, 2.127195163992568e-22, nan 
147.375, 60.375, 1.526552309337419e-22, nan 
147.625, 60.375, 1.0350189949338318e-21, nan 
147.875, 60.375, 5.963365214363068e-22, nan 
148.125, 60.375, 3.678849230189432e-22, nan 
148.375, 60.375, 4.2117783201324434e-22, nan 
148.625, 60.375, 3.0757665061232057e-22, nan 
148.875, 60.375, 2.1104299164092517e-22, nan 
149.125, 60.375, 4.11009133858326e-23, nan 
149.375, 60.375, 9.426006683499707e-23, nan 
149.625, 60.375, 5.534081207459833e-23, nan 
149.875, 60.375, 7.552593368914017e-23, nan 
150.125, 60.375, 1.2362725874859617e-22, nan 
150.375, 60.375, 1.5658910932753482e-22, nan 
150.625, 60.375, 2.1978759888393514e-22, nan 
150.875, 60.375, 2.3179875533143195e-22, nan 
151.125, 60.375, 2.6464217607525e-22, nan 
151.375, 60.375, 2.7452423268826176e-22, nan 
151.625, 60.375, 2.162437122614118e-22, nan 
151.875, 60.375, 3.051256719754381e-22, nan 
152.125, 60.375, 2.707812893477851e-22, nan 
152.375, 60.375, 4.038639419375635e-22, nan 
152.625, 60.375, 6.762151125130369e-22, nan 
152.875, 60.375, 5.226879934794706e-22, nan 
153.125, 60.375, 4.954857840213995e-22, nan 
153.375, 60.375, 3.730458286701484e-22, nan 
153.625, 60.375, 1.8579735715744625e-22, nan 
153.875, 60.375, 1.5808061745973227e-22, nan 
154.125, 60.375, 1.2580457435042024e-22, nan 
154.375, 60.375, 1.5245314054132655e-22, nan 
154.625, 60.375, 1.667336547086691e-22, nan 
154.875, 60.375, 1.9358903675578365e-22, nan 
155.125, 60.375, 2.0259395994483973e-22, nan 
155.375, 60.375, 1.977495731869954e-22, nan 
155.625, 60.375, 2.4953686528766905e-22, nan 
155.875, 60.375, 1.3137962561309442e-22, nan 
156.125, 60.375, 6.310977029355523e-23, nan 
156.375, 60.375, 2.2305443466947118e-22, nan 
156.625, 60.375, 1.3050587787149482e-22, nan 
156.875, 60.375, 5.930343681986467e-23, nan 
157.125, 60.375, 1.9995913401852342e-22, nan 
157.375, 60.375, 1.0869417265373088e-22, nan 
157.625, 60.375, 8.076297033708565e-23, nan 
157.875, 60.375, 1.5613000225064948e-22, nan 
158.125, 60.375, 1.2880292096248125e-22, nan 
158.375, 60.375, 1.2749122441214032e-22, nan 
158.625, 60.375, 1.5581712119396406e-22, nan 
158.875, 60.375, 1.6283212823460323e-22, nan 
159.125, 60.375, 2.3584450196024745e-22, nan 
159.375, 60.375, 2.34447304812926e-22, nan 
159.625, 60.375, 1.6085104795583191e-22, nan 
159.875, 60.375, 1.7240655975110087e-22, nan 
160.125, 60.375, 1.9192766078561958e-22, nan 
160.375, 60.375, 2.7216845005002065e-22, nan 
160.625, 60.375, 5.399085252930399e-22, nan 
160.875, 60.375, 5.006265459541251e-22, nan 
161.125, 60.375, 1.6709276954368477e-22, nan 
161.375, 60.375, 1.1453858310080807e-21, nan 
161.625, 60.375, 1.2042475400972421e-21, nan 
161.875, 60.375, 4.810858780273191e-22, nan 
162.125, 60.375, 5.975461239535771e-22, nan 
162.375, 60.375, 6.4839712954112985e-22, nan 
162.625, 60.375, 3.022618579153605e-22, nan 
162.875, 60.375, 2.5672807040383335e-22, nan 
163.125, 60.375, 2.6552599977544855e-22, nan 
163.375, 60.375, 1.5404062858676836e-22, nan 
163.625, 60.375, 4.0944265170333864e-22, nan 
163.875, 60.375, 4.242991641691432e-22, nan 
164.125, 60.375, 4.0005880197825924e-22, nan 
164.375, 60.375, 4.790016654980573e-22, nan 
164.625, 60.375, 5.648761819920301e-22, nan 
164.875, 60.375, 4.626800650570841e-22, nan 
165.125, 60.375, 4.7720983171839055e-22, nan 
165.375, 60.375, 4.265219952150668e-22, nan 
165.625, 60.375, 2.5839247938058273e-22, nan 
165.875, 60.375, 4.785613758263732e-22, nan 
166.125, 60.375, 3.9324475029287965e-22, nan 
166.375, 60.375, 2.364190114725018e-22, nan 
166.625, 60.375, 5.376031361049758e-22, nan 
166.875, 60.375, 2.293857267715715e-22, nan 
167.125, 60.375, 2.3316603783469613e-22, nan 
167.375, 60.375, 3.5174000238433795e-22, nan 
167.625, 60.375, 3.3729202952860224e-22, nan 
167.875, 60.375, 3.262816266864531e-22, nan 
168.125, 60.375, 3.0678565319478597e-22, nan 
168.375, 60.375, 3.069251267136437e-22, nan 
168.625, 60.375, 4.4218009434094935e-22, nan 
168.875, 60.375, 3.1658933275211555e-22, nan 
169.125, 60.375, 3.430745424827934e-22, nan 
169.375, 60.375, 3.4360554584448316e-22, nan 
169.625, 60.375, 1.7505692839643053e-22, nan 
169.875, 60.375, 2.2056752080831263e-22, nan 
170.125, 60.375, 3.434191869998565e-22, nan 
170.375, 60.375, 1.6409763535399328e-22, nan 
170.625, 60.375, 1.4117172902645374e-22, nan 
170.875, 60.375, 3.1621676937712565e-22, nan 
171.125, 60.375, 4.423570166834512e-22, nan 
171.375, 60.375, 2.0146058088471867e-22, nan 
171.625, 60.375, 1.0118792243107684e-22, nan 
171.875, 60.375, 2.33664869772882e-22, nan 
172.125, 60.375, 1.802595023245565e-22, nan 
172.375, 60.375, 2.7929017824159176e-22, nan 
172.625, 60.375, 3.179089910772289e-22, nan 
172.875, 60.375, 2.0803228832449785e-22, nan 
173.125, 60.375, 4.614672813160809e-22, nan 
173.375, 60.375, 6.120638071065176e-22, nan 
173.625, 60.375, 3.5538715593886076e-22, nan 
173.875, 60.375, 3.069529816091441e-22, nan 
174.125, 60.375, 4.298121081095562e-22, nan 
174.375, 60.375, 3.179687695476166e-22, nan 
174.625, 60.375, 1.7292673168786544e-22, nan 
174.875, 60.375, 1.540133610729676e-22, nan 
175.125, 60.375, 8.808988461448745e-23, nan 
175.375, 60.375, 1.0489889783974255e-22, nan 
175.625, 60.375, 1.7842521863626687e-22, nan 
175.875, 60.375, 3.562233002297461e-22, nan 
176.125, 60.375, 1.1257248146047234e-22, nan 
176.375, 60.375, 2.1138235594350013e-22, nan 
176.625, 60.375, 2.4539360135316114e-22, nan 
176.875, 60.375, 1.1542076181836903e-22, nan 
177.125, 60.375, 2.2630305759144913e-22, nan 
177.375, 60.375, 1.7723603470366628e-22, nan 
177.625, 60.375, 1.082425036326452e-22, nan 
177.875, 60.375, 1.019812699792434e-22, nan 
178.125, 60.375, 1.3819744466783213e-22, nan 
178.375, 60.375, 1.4994288333337482e-22, nan 
178.625, 60.375, 2.355340474489913e-22, nan 
178.875, 60.375, 5.758432486766201e-23, nan 
179.125, 60.375, 1.5278791498835279e-22, nan 
179.375, 60.375, 8.367481599691178e-23, nan 
179.625, 60.375, 6.995562924124563e-23, nan 
179.875, 60.375, 6.574631777353927e-23, nan 
-179.875, 60.625, 1.0075429951610559e-22, nan 
-179.625, 60.625, 8.151867658921916e-23, nan 
-179.375, 60.625, 9.098982741779771e-23, nan 
-179.125, 60.625, 7.472262929839246e-23, nan 
-178.875, 60.625, 7.708165617229632e-23, nan 
-178.625, 60.625, 1.1300398193120603e-22, nan 
-178.375, 60.625, 1.0534472630231783e-22, nan 
-178.125, 60.625, 1.0900340875772032e-22, nan 
-177.875, 60.625, 1.2307601134488524e-22, nan 
-177.625, 60.625, 1.6972384130445242e-22, nan 
-177.375, 60.625, 1.0029084203736763e-22, nan 
-177.125, 60.625, 1.1608469196472994e-22, nan 
-176.875, 60.625, 8.725398115816485e-23, nan 
-176.625, 60.625, 6.106174088666712e-23, nan 
-176.375, 60.625, 1.4198227018477445e-22, nan 
-176.125, 60.625, 1.4304354058402205e-22, nan 
-175.875, 60.625, 9.205173834537607e-23, nan 
-175.625, 60.625, 5.759614686876911e-23, nan 
-175.375, 60.625, 1.296803754818416e-22, nan 
-175.125, 60.625, 7.387786602821905e-23, nan 
-174.875, 60.625, 3.210290124811713e-23, nan 
-174.625, 60.625, 8.51832916832187e-23, nan 
-174.375, 60.625, 5.582629510592318e-23, nan 
-174.125, 60.625, 7.87131890560866e-23, nan 
-173.875, 60.625, 7.793827642925672e-23, nan 
-173.625, 60.625, 4.6717781766888584e-23, nan 
-173.375, 60.625, 3.95316413750861e-23, nan 
-173.125, 60.625, 5.2027908125989015e-23, nan 
-172.875, 60.625, 5.0748253200603994e-23, nan 
-172.625, 60.625, 5.1262841963543257e-23, nan 
-172.375, 60.625, 3.33501616660713e-23, nan 
-172.125, 60.625, 2.981421853533384e-23, nan 
-171.875, 60.625, 5.910521760399049e-23, nan 
-171.625, 60.625, 5.408095357573267e-23, nan 
-171.375, 60.625, 6.606057967025427e-23, nan 
-171.125, 60.625, 3.0350589839057456e-22, nan 
-170.875, 60.625, 7.657284750837178e-23, nan 
-170.625, 60.625, 5.500025262769062e-23, nan 
-170.375, 60.625, 7.569451294085914e-22, nan 
-170.125, 60.625, 9.883752310424563e-23, nan 
-169.875, 60.625, 5.973442988815353e-23, nan 
-169.625, 60.625, 3.0692956594369143e-22, nan 
-169.375, 60.625, 9.15767455208381e-23, nan 
-169.125, 60.625, 6.571584007401184e-23, nan 
-168.875, 60.625, 7.353533902796446e-23, nan 
-168.625, 60.625, 6.040845073664558e-23, nan 
-168.375, 60.625, 5.1585535882604307e-23, nan 
-168.125, 60.625, 3.621740563510287e-23, nan 
-167.875, 60.625, 5.769483026388784e-24, nan 
-167.625, 60.625, 2.4919228193040712e-23, nan 
-167.375, 60.625, 4.3239991541117645e-23, nan 
-167.125, 60.625, 5.085118336487911e-23, nan 
-166.875, 60.625, 5.901580536280791e-23, nan 
-166.625, 60.625, 4.460536122244108e-23, nan 
-166.375, 60.625, 4.619628329798083e-23, nan 
-166.125, 60.625, 3.9527872604686385e-23, nan 
-165.875, 60.625, 3.258602244977471e-23, nan 
-165.625, 60.625, 3.5177370888277526e-23, nan 
-165.375, 60.625, 2.9490103530136197e-23, nan 
-165.125, 60.625, 2.4971835696739116e-23, nan 
-164.875, 60.625, 2.396038155349493e-23, nan 
-164.625, 60.625, 2.712546009420776e-23, nan 
-164.375, 60.625, 1.5259255900526342e-23, nan 
-164.125, 60.625, 1.230107606943716e-23, nan 
-163.875, 60.625, 1.2527292708616406e-23, nan 
-163.625, 60.625, 1.437105574040455e-23, nan 
-163.375, 60.625, 2.069600540116754e-23, nan 
-163.125, 60.625, 4.1529717669234255e-23, nan 
-162.875, 60.625, 4.9601157924706624e-23, nan 
-162.625, 60.625, 3.999844215769686e-23, nan 
-162.375, 60.625, 4.7869216196199775e-23, nan 
-162.125, 60.625, 3.596213094888848e-23, nan 
-161.875, 60.625, 1.0294010021710193e-23, nan 
-161.625, 60.625, 2.4542334648462545e-23, nan 
-161.375, 60.625, 3.680578533248319e-23, nan 
-161.125, 60.625, 3.8932468587737615e-23, nan 
-160.875, 60.625, 5.745900050245485e-23, nan 
-160.625, 60.625, 6.32202001730669e-23, nan 
-160.375, 60.625, 3.285764644652526e-23, nan 
-160.125, 60.625, 1.8787769502586248e-23, nan 
-159.875, 60.625, 1.4848551827244382e-23, nan 
-159.625, 60.625, 2.322392071040349e-23, nan 
-159.375, 60.625, 1.0335798288190618e-23, nan 
-159.125, 60.625, 1.655883094607502e-23, nan 
-158.875, 60.625, 9.386948240532327e-24, nan 
-158.625, 60.625, 1.3621112802234743e-23, nan 
-158.375, 60.625, 2.5301302180711744e-23, nan 
-158.125, 60.625, 2.307879195034941e-23, nan 
-157.875, 60.625, 4.956920982920541e-23, nan 
-157.625, 60.625, 3.437003316283195e-23, nan 
-157.375, 60.625, 4.4821693899735475e-23, nan 
-157.125, 60.625, 1.2689461266490697e-22, nan 
-156.875, 60.625, 2.3880401970771052e-23, nan 
-156.625, 60.625, 2.303796313439344e-23, nan 
-156.375, 60.625, 5.1132831297712456e-23, nan 
-156.125, 60.625, 3.899677977768071e-24, nan 
-155.875, 60.625, 1.5379540512314034e-23, nan 
-155.625, 60.625, 8.993873890822876e-24, nan 
-155.375, 60.625, 6.3035613718380374e-24, nan 
-155.125, 60.625, 1.471170040558452e-23, nan 
-154.875, 60.625, 1.8052993900342052e-23, nan 
-154.625, 60.625, 2.0481559296964743e-23, nan 
-154.375, 60.625, 2.1443877385182203e-23, nan 
-154.125, 60.625, 1.916314587326615e-23, nan 
-153.875, 60.625, 2.325209331511128e-23, nan 
-153.625, 60.625, 1.0702836127999073e-23, nan 
-153.375, 60.625, 1.4211513781066596e-23, nan 
-153.125, 60.625, 1.1965724959189202e-23, nan 
-152.875, 60.625, 8.89369241632507e-24, nan 
-152.625, 60.625, 1.4582646711942536e-23, nan 
-152.375, 60.625, 5.283926730140586e-24, nan 
-152.125, 60.625, 9.19438440931998e-24, nan 
-151.875, 60.625, 6.937853538762882e-24, nan 
-151.625, 60.625, 4.459789844542761e-24, nan 
-151.375, 60.625, 8.270927644738864e-24, nan 
-151.125, 60.625, 9.264792161212832e-24, nan 
-150.875, 60.625, 1.3494101855959138e-23, nan 
-150.625, 60.625, 2.3427239294953492e-23, nan 
-150.375, 60.625, 1.40268386531732e-23, nan 
-150.125, 60.625, 2.4338683816119854e-23, nan 
-149.875, 60.625, 1.014849700948067e-23, nan 
-149.625, 60.625, 8.182176706038459e-24, nan 
-149.375, 60.625, 1.2499915360077737e-23, nan 
-149.125, 60.625, 7.199424584959993e-24, nan 
-148.875, 60.625, 1.412337614086303e-23, nan 
-148.625, 60.625, 2.1046392667932973e-23, nan 
-148.375, 60.625, 3.6231805412851416e-23, nan 
-148.125, 60.625, 4.6106211554955717e-23, nan 
-147.875, 60.625, 5.448390768648498e-23, nan 
-147.625, 60.625, 1.5906520952989483e-23, nan 
-147.375, 60.625, 2.647867733343744e-23, nan 
-147.125, 60.625, 1.640940398869823e-23, nan 
-146.875, 60.625, 1.2435549086192146e-23, nan 
-146.625, 60.625, 1.620476329333853e-23, nan 
-146.375, 60.625, 1.6560007646985977e-23, nan 
-146.125, 60.625, 1.6687313085337656e-23, nan 
-145.875, 60.625, 1.1467376832030875e-23, nan 
-145.625, 60.625, 9.401378061023999e-24, nan 
-145.375, 60.625, 1.0258319123301026e-23, nan 
-145.125, 60.625, 8.021830055174327e-24, nan 
-144.875, 60.625, 9.911937383082473e-24, nan 
-144.625, 60.625, 1.1659345684091728e-23, nan 
-144.375, 60.625, 1.12567838364589e-23, nan 
-144.125, 60.625, 1.2183321477018616e-23, nan 
-143.875, 60.625, 1.2211541037971787e-23, nan 
-143.625, 60.625, 1.1672040005438289e-23, nan 
-143.375, 60.625, 5.7910852220911776e-24, nan 
-143.125, 60.625, 2.44822926746019e-24, nan 
-142.875, 60.625, 4.5906921222651214e-24, nan 
-142.625, 60.625, 4.2709874917488836e-24, nan 
-142.375, 60.625, 6.291314211722154e-24, nan 
-142.125, 60.625, 7.034627800978364e-24, nan 
-141.875, 60.625, 7.270025336640026e-24, nan 
-141.625, 60.625, 6.5911524466880865e-24, nan 
-141.375, 60.625, 9.194175000062939e-24, nan 
-141.125, 60.625, 9.960779365814568e-24, nan 
-140.875, 60.625, 5.353781015754981e-24, nan 
-140.625, 60.625, 6.722944803543464e-24, nan 
-140.375, 60.625, 6.4314795486644505e-24, nan 
-140.125, 60.625, 6.700294790745292e-24, nan 
-139.875, 60.625, 5.4621012621916385e-24, nan 
-139.625, 60.625, 4.688177530101181e-24, nan 
-139.375, 60.625, 6.899299900833931e-24, nan 
-139.125, 60.625, 1.1488853205615335e-23, nan 
-138.875, 60.625, 1.1219483776019047e-23, nan 
-138.625, 60.625, 9.233368174263588e-24, nan 
-138.375, 60.625, 1.641000810057916e-23, nan 
-138.125, 60.625, 1.26725167344365e-23, nan 
-137.875, 60.625, 1.0773804920503424e-23, nan 
-137.625, 60.625, 7.65770524547357e-24, nan 
-137.375, 60.625, 6.72731622591204e-24, nan 
-137.125, 60.625, 5.4859288503976125e-24, nan 
-136.875, 60.625, 5.737021103589949e-24, nan 
-136.625, 60.625, 7.249019849334662e-24, nan 
-136.375, 60.625, 6.85257876920541e-24, nan 
-136.125, 60.625, 7.514308289459269e-24, nan 
-135.875, 60.625, 6.981300367416784e-24, nan 
-135.625, 60.625, 7.878946515101694e-24, nan 
-135.375, 60.625, 1.2728413681762342e-23, nan 
-135.125, 60.625, 7.158212667615083e-24, nan 
-134.875, 60.625, 5.0981761287809e-24, nan 
-134.625, 60.625, 5.310471928438136e-24, nan 
-134.375, 60.625, 7.291117837727278e-24, nan 
-134.125, 60.625, 6.496778835412859e-24, nan 
-133.875, 60.625, 6.267484548278634e-24, nan 
-133.625, 60.625, 5.194941301541588e-24, nan 
-133.375, 60.625, 5.644102103603824e-24, nan 
-133.125, 60.625, 6.475587190629533e-24, nan 
-132.875, 60.625, 7.235535287151604e-24, nan 
-132.625, 60.625, 5.5950813894968366e-24, nan 
-132.375, 60.625, 5.9018436462902854e-24, nan 
-132.125, 60.625, 5.417725451210699e-24, nan 
-131.875, 60.625, 5.012438427427278e-24, nan 
-131.625, 60.625, 4.268450357242937e-24, nan 
-131.375, 60.625, 4.273566603440971e-24, nan 
-131.125, 60.625, 4.545660758114013e-24, nan 
103.125, 60.625, 1.3949989200220658e-23, nan 
103.375, 60.625, 8.79933905578057e-24, nan 
103.625, 60.625, 7.963195781068506e-24, nan 
103.875, 60.625, 8.912879589890088e-24, nan 
104.125, 60.625, 8.229980081577615e-24, nan 
104.375, 60.625, 7.320491287486347e-24, nan 
104.625, 60.625, 6.06220599940616e-24, nan 
104.875, 60.625, 5.6985456495896576e-24, nan 
105.125, 60.625, 4.677818604199527e-24, nan 
105.375, 60.625, 4.175272756730002e-24, nan 
105.625, 60.625, 3.923176747843379e-24, nan 
105.875, 60.625, 3.1743638431354175e-24, nan 
106.125, 60.625, 3.544010568657324e-24, nan 
106.375, 60.625, 4.760033117841519e-24, nan 
106.625, 60.625, 5.334916052873438e-24, nan 
106.875, 60.625, 6.520235134533829e-24, nan 
107.125, 60.625, 6.900531534074571e-24, nan 
107.375, 60.625, 4.955465853318344e-24, nan 
107.625, 60.625, 2.2375517868554493e-24, nan 
107.875, 60.625, 1.7904495761463676e-24, nan 
108.125, 60.625, 2.7057004141747858e-24, nan 
108.375, 60.625, 2.4019326523931436e-24, nan 
108.625, 60.625, 3.5319127665872816e-24, nan 
108.875, 60.625, 3.823871655570805e-24, nan 
109.125, 60.625, 4.0221580319794435e-24, nan 
109.375, 60.625, 3.478575651264381e-24, nan 
109.625, 60.625, 4.699502580888501e-24, nan 
109.875, 60.625, 4.684103463914722e-24, nan 
110.125, 60.625, 6.132261584568424e-24, nan 
110.375, 60.625, 5.672575133775744e-24, nan 
110.625, 60.625, 7.062150900521056e-24, nan 
110.875, 60.625, 7.04858963603355e-24, nan 
111.125, 60.625, 8.12443798410428e-24, nan 
111.375, 60.625, 1.1815718556834167e-23, nan 
111.625, 60.625, 1.2190419756911141e-23, nan 
111.875, 60.625, 6.877193980931251e-24, nan 
112.125, 60.625, 1.0694261042290873e-23, nan 
112.375, 60.625, 1.2365911021357554e-23, nan 
112.625, 60.625, 4.9369585026388284e-24, nan 
112.875, 60.625, 5.591513851537988e-24, nan 
113.125, 60.625, 4.421058453757525e-24, nan 
113.375, 60.625, 5.026832482509568e-24, nan 
113.625, 60.625, 5.772259174306787e-24, nan 
113.875, 60.625, 9.22233217797094e-24, nan 
114.125, 60.625, 1.2819524860633275e-23, nan 
114.375, 60.625, 1.4952968116466536e-23, nan 
114.625, 60.625, 1.3422427452582472e-23, nan 
114.875, 60.625, 6.15205257745794e-24, nan 
115.125, 60.625, 7.641591077692531e-24, nan 
115.375, 60.625, 1.0329298626053082e-23, nan 
115.625, 60.625, 1.2055557088968161e-23, nan 
115.875, 60.625, 4.849296052038938e-23, nan 
116.125, 60.625, 1.166043370788233e-23, nan 
116.375, 60.625, 1.0927797575595485e-23, nan 
116.625, 60.625, 1.0266737457057957e-23, nan 
116.875, 60.625, 6.604846567190613e-24, nan 
117.125, 60.625, 7.670421406584179e-24, nan 
117.375, 60.625, 5.4117077637157744e-24, nan 
117.625, 60.625, 4.36683620913701e-24, nan 
117.875, 60.625, 3.499180723253228e-24, nan 
118.125, 60.625, 2.7384104028461797e-24, nan 
118.375, 60.625, 5.44715215912025e-24, nan 
118.625, 60.625, 3.674622704299562e-24, nan 
118.875, 60.625, 4.870879433427408e-24, nan 
119.125, 60.625, 4.764307533574494e-24, nan 
119.375, 60.625, 6.131859121230388e-24, nan 
119.625, 60.625, 5.47615438755539e-24, nan 
119.875, 60.625, 4.239385544510787e-24, nan 
120.125, 60.625, 4.6569015112210664e-24, nan 
120.375, 60.625, 5.3720707718270895e-24, nan 
120.625, 60.625, 4.081116816673194e-24, nan 
120.875, 60.625, 2.79101675831948e-24, nan 
121.125, 60.625, 5.9146084217697674e-24, nan 
121.375, 60.625, 6.939525186810851e-24, nan 
121.625, 60.625, 3.908893092534609e-24, nan 
121.875, 60.625, 5.333483316366099e-24, nan 
122.125, 60.625, 4.742457135370504e-24, nan 
122.375, 60.625, 7.040711572263486e-24, nan 
122.625, 60.625, 5.171254559451126e-24, nan 
122.875, 60.625, 5.671210604121958e-24, nan 
123.125, 60.625, 6.634762600765906e-24, nan 
123.375, 60.625, 7.717155992460345e-24, nan 
123.625, 60.625, 1.099311033881503e-23, nan 
123.875, 60.625, 9.381865420226005e-24, nan 
124.125, 60.625, 1.5051977876768403e-23, nan 
124.375, 60.625, 1.2482727840612273e-23, nan 
124.625, 60.625, 1.138566711820577e-23, nan 
124.875, 60.625, 1.541904581059391e-23, nan 
125.125, 60.625, 1.2267840274825452e-23, nan 
125.375, 60.625, 8.570775522446459e-24, nan 
125.625, 60.625, 8.706206824003298e-24, nan 
125.875, 60.625, 8.636266919747144e-24, nan 
126.125, 60.625, 7.743810750361461e-24, nan 
126.375, 60.625, 5.880008861713521e-24, nan 
126.625, 60.625, 1.6906753941696676e-23, nan 
126.875, 60.625, 1.5646754801655919e-23, nan 
127.125, 60.625, 1.502124890738033e-23, nan 
127.375, 60.625, 2.211876481478287e-23, nan 
127.625, 60.625, 1.680853883254985e-23, nan 
127.875, 60.625, 1.7607457772931442e-23, nan 
128.125, 60.625, 1.771865329787842e-23, nan 
128.375, 60.625, 4.3697787906043325e-23, nan 
128.625, 60.625, 5.676375287920731e-23, nan 
128.875, 60.625, 3.2163598424182824e-23, nan 
129.125, 60.625, 9.099744285920953e-23, nan 
129.375, 60.625, 8.920590422211303e-23, nan 
129.625, 60.625, 4.9144392819951594e-23, nan 
129.875, 60.625, 3.284917164887907e-23, nan 
130.125, 60.625, 4.158903027308168e-23, nan 
130.375, 60.625, 2.9320743824391897e-23, nan 
130.625, 60.625, 1.357312570690113e-23, nan 
130.875, 60.625, 6.635644674755591e-24, nan 
131.125, 60.625, 1.4006107159054899e-23, nan 
131.375, 60.625, 2.2530571385032918e-23, nan 
131.625, 60.625, 2.0809750329283142e-23, nan 
131.875, 60.625, 1.90540941143221e-23, nan 
132.125, 60.625, 2.759843480999155e-23, nan 
132.375, 60.625, 2.1267854198821372e-23, nan 
132.625, 60.625, 1.5554312186370415e-23, nan 
132.875, 60.625, 1.2393089306518006e-23, nan 
133.125, 60.625, 1.182064211202181e-23, nan 
133.375, 60.625, 1.0512996415528042e-23, nan 
133.625, 60.625, 1.5319848189652445e-23, nan 
133.875, 60.625, 1.9320020308634892e-23, nan 
134.125, 60.625, 1.1345705119412194e-23, nan 
134.375, 60.625, 2.3949686580514764e-23, nan 
134.625, 60.625, 2.830727492876394e-23, nan 
134.875, 60.625, 1.1563554450745518e-23, nan 
135.125, 60.625, 1.1140753196609089e-23, nan 
135.375, 60.625, 1.73848448142727e-23, nan 
135.625, 60.625, 1.2728639923635671e-23, nan 
135.875, 60.625, 4.412282909956334e-24, nan 
136.125, 60.625, 4.3088520182246066e-23, nan 
136.375, 60.625, 2.5385271615462313e-23, nan 
136.625, 60.625, 1.5244406255548975e-23, nan 
136.875, 60.625, 9.93742472508511e-24, nan 
137.125, 60.625, 1.3536694465629833e-23, nan 
137.375, 60.625, 1.031727540686121e-23, nan 
137.625, 60.625, 2.7511275469021025e-23, nan 
137.875, 60.625, 1.1054578997330698e-23, nan 
138.125, 60.625, 1.337498169190864e-23, nan 
138.375, 60.625, 1.5941290476891537e-23, nan 
138.625, 60.625, 1.7588830598472206e-23, nan 
138.875, 60.625, 1.6773591089434704e-23, nan 
139.125, 60.625, 1.4005691160856276e-23, nan 
139.375, 60.625, 2.61922714469542e-23, nan 
139.625, 60.625, 1.607252304141534e-23, nan 
139.875, 60.625, 2.3652181338184746e-23, nan 
140.125, 60.625, 4.875062767443323e-23, nan 
140.375, 60.625, 2.78824351758074e-23, nan 
140.625, 60.625, 3.9651948159467264e-23, nan 
140.875, 60.625, 4.705711962329694e-23, nan 
141.125, 60.625, 1.883554710574626e-23, nan 
141.375, 60.625, 3.5511065378872533e-23, nan 
141.625, 60.625, 4.855661922035787e-23, nan 
141.875, 60.625, 1.6118107328170614e-23, nan 
142.125, 60.625, 3.189450782621497e-23, nan 
142.375, 60.625, 2.8776837201712685e-23, nan 
142.625, 60.625, 1.4576942319600238e-23, nan 
142.875, 60.625, 3.7640199126415986e-23, nan 
143.125, 60.625, 4.489726155187866e-23, nan 
143.375, 60.625, 3.0104532584157676e-23, nan 
143.625, 60.625, 3.9225056973935606e-23, nan 
143.875, 60.625, 4.957259153641986e-23, nan 
144.125, 60.625, 3.532730815047138e-23, nan 
144.375, 60.625, 9.170877594344821e-24, nan 
144.625, 60.625, 9.268660521798605e-24, nan 
144.875, 60.625, 1.7331854145417373e-23, nan 
145.125, 60.625, 1.337249076301336e-23, nan 
145.375, 60.625, 3.362301942113751e-23, nan 
145.625, 60.625, 2.8974048410579825e-23, nan 
145.875, 60.625, 4.2011171379674574e-23, nan 
146.125, 60.625, 5.449119294808717e-23, nan 
146.375, 60.625, 8.780040825556698e-23, nan 
146.625, 60.625, 8.296219601077438e-23, nan 
146.875, 60.625, 1.5507309844644234e-22, nan 
147.125, 60.625, 1.3687733469792864e-22, nan 
147.375, 60.625, 1.473485517484003e-22, nan 
147.625, 60.625, 6.406915587083501e-22, nan 
147.875, 60.625, 3.793172266301356e-22, nan 
148.125, 60.625, 2.566449331124366e-22, nan 
148.375, 60.625, 1.7444626077609629e-22, nan 
148.625, 60.625, 1.387809474194828e-22, nan 
148.875, 60.625, 5.755383030719038e-23, nan 
149.125, 60.625, 8.848329742645694e-23, nan 
149.375, 60.625, 7.363506263189035e-23, nan 
149.625, 60.625, 6.169759395366147e-23, nan 
149.875, 60.625, 1.0882231418239348e-22, nan 
150.125, 60.625, 1.7419806232826466e-22, nan 
150.375, 60.625, 2.626490303213528e-22, nan 
150.625, 60.625, 3.0785542232272126e-22, nan 
150.875, 60.625, 2.8184778170094854e-22, nan 
151.125, 60.625, 3.3914873658899707e-22, nan 
151.375, 60.625, 4.174020963414691e-22, nan 
151.625, 60.625, 4.23937721186811e-22, nan 
151.875, 60.625, 3.7384358417785265e-22, nan 
152.125, 60.625, 4.1065445414617903e-22, nan 
152.375, 60.625, 4.114341733297491e-22, nan 
152.625, 60.625, 2.737148841649151e-22, nan 
152.875, 60.625, 2.909160377242077e-22, nan 
153.125, 60.625, 1.8084496269564245e-22, nan 
153.375, 60.625, 1.2104160012601043e-22, nan 
153.625, 60.625, 1.544840000505341e-22, nan 
153.875, 60.625, 1.5315092837648795e-22, nan 
154.125, 60.625, 1.2748051941892869e-22, nan 
154.375, 60.625, 1.494794011542982e-22, nan 
154.625, 60.625, 1.3058765311134217e-22, nan 
154.875, 60.625, 1.64629126077012e-22, nan 
155.125, 60.625, 2.513229348327341e-22, nan 
155.375, 60.625, 2.4013066100290554e-22, nan 
155.625, 60.625, 2.4193218740884654e-22, nan 
155.875, 60.625, 2.3438330823463797e-22, nan 
156.125, 60.625, 1.5639318472385486e-22, nan 
156.375, 60.625, 1.175275809079148e-22, nan 
156.625, 60.625, 1.6812865609088814e-22, nan 
156.875, 60.625, 1.653110880037411e-22, nan 
157.125, 60.625, 2.1397266819813154e-22, nan 
157.375, 60.625, 1.126420678049586e-22, nan 
157.625, 60.625, 1.3047547979682955e-22, nan 
157.875, 60.625, 2.0630466034311949e-22, nan 
158.125, 60.625, 1.6101167114941731e-22, nan 
158.375, 60.625, 1.5126437429359735e-22, nan 
158.625, 60.625, 1.4999963402627882e-22, nan 
158.875, 60.625, 1.8192057212436414e-22, nan 
159.125, 60.625, 1.9529208008639786e-22, nan 
159.375, 60.625, 1.549916342153659e-22, nan 
159.625, 60.625, 1.9722968208805563e-22, nan 
159.875, 60.625, 2.625042491542742e-22, nan 
160.125, 60.625, 1.854425494773553e-22, nan 
160.375, 60.625, 6.264582995087273e-22, nan 
160.625, 60.625, 4.579920609793521e-22, nan 
160.875, 60.625, 1.358052867582926e-22, nan 
161.125, 60.625, 2.272220733961528e-22, nan 
161.375, 60.625, 8.570953846882363e-22, nan 
161.625, 60.625, 9.709854791237481e-22, nan 
161.875, 60.625, 4.756477113036773e-22, nan 
162.125, 60.625, 2.4421713658979584e-22, nan 
162.375, 60.625, 2.2149041410695596e-22, nan 
162.625, 60.625, 2.702130255113393e-22, nan 
162.875, 60.625, 6.453702783399036e-22, nan 
163.125, 60.625, 9.105773974001297e-22, nan 
163.375, 60.625, 3.4644245355247644e-22, nan 
163.625, 60.625, 7.21717527114952e-22, nan 
163.875, 60.625, 9.49625252395029e-22, nan 
164.125, 60.625, 5.546396582815387e-22, nan 
164.375, 60.625, 5.614685126779073e-22, nan 
164.625, 60.625, 7.226812443447829e-22, nan 
164.875, 60.625, 5.606366175958694e-22, nan 
165.125, 60.625, 3.0136020469007583e-22, nan 
165.375, 60.625, 3.2669621491369607e-22, nan 
165.625, 60.625, 2.8632765018270084e-22, nan 
165.875, 60.625, 3.02526908846957e-22, nan 
166.125, 60.625, 3.59714093599817e-22, nan 
166.375, 60.625, 1.3685502263824192e-22, nan 
166.625, 60.625, 5.560768660155329e-22, nan 
166.875, 60.625, 3.5999910081334927e-22, nan 
167.125, 60.625, 2.962886547674794e-22, nan 
167.375, 60.625, 4.924101179190768e-22, nan 
167.625, 60.625, 3.9897559407361426e-22, nan 
167.875, 60.625, 3.147617820074959e-22, nan 
168.125, 60.625, 2.6462766250181575e-22, nan 
168.375, 60.625, 3.1782793342726434e-22, nan 
168.625, 60.625, 2.249117621117839e-22, nan 
168.875, 60.625, 2.0752022192268953e-22, nan 
169.125, 60.625, 2.3195987195686956e-22, nan 
169.375, 60.625, 2.8985049221578824e-22, nan 
169.625, 60.625, 2.5245213917207667e-22, nan 
169.875, 60.625, 2.28528821807733e-22, nan 
170.125, 60.625, 1.8518714483001267e-22, nan 
170.375, 60.625, 1.51493851483357e-22, nan 
170.625, 60.625, 1.8643622994093697e-22, nan 
170.875, 60.625, 1.9316901746994708e-22, nan 
171.125, 60.625, 3.6743111614169263e-22, nan 
171.375, 60.625, 2.694754205231982e-22, nan 
171.625, 60.625, 1.093247608875413e-22, nan 
171.875, 60.625, 1.9202438979214614e-22, nan 
172.125, 60.625, 1.8303139084724417e-22, nan 
172.375, 60.625, 1.5070285171827812e-22, nan 
172.625, 60.625, 1.4851787300625985e-22, nan 
172.875, 60.625, 2.0229870148042156e-22, nan 
173.125, 60.625, 3.5310238117173257e-22, nan 
173.375, 60.625, 4.869569966380544e-22, nan 
173.625, 60.625, 3.6815913566848796e-22, nan 
173.875, 60.625, 2.4209682143376007e-22, nan 
174.125, 60.625, 3.089687068585923e-22, nan 
174.375, 60.625, 3.2336428370098864e-22, nan 
174.625, 60.625, 2.733114725027839e-22, nan 
174.875, 60.625, 2.159698215867086e-22, nan 
175.125, 60.625, 3.5870344563128684e-22, nan 
175.375, 60.625, 2.0112695347095323e-22, nan 
175.625, 60.625, 2.6629111197720213e-22, nan 
175.875, 60.625, 5.588663286676984e-22, nan 
176.125, 60.625, 8.833618218677694e-23, nan 
176.375, 60.625, 1.5615703470315996e-22, nan 
176.625, 60.625, 2.52896869240512e-22, nan 
176.875, 60.625, 1.705825784735728e-22, nan 
177.125, 60.625, 2.6576874550137923e-22, nan 
177.375, 60.625, 1.5452354326616795e-22, nan 
177.625, 60.625, 1.7500514239147368e-22, nan 
177.875, 60.625, 2.9972576763598453e-22, nan 
178.125, 60.625, 1.4965685401323191e-22, nan 
178.375, 60.625, 1.1497129048182409e-22, nan 
178.625, 60.625, 3.702672908137814e-22, nan 
178.875, 60.625, 1.2413948521777048e-22, nan 
179.125, 60.625, 8.206092455448845e-23, nan 
179.375, 60.625, 8.830210592205018e-23, nan 
179.625, 60.625, 1.0622996339200622e-22, nan 
179.875, 60.625, 6.9312783718114e-23, nan 
-179.875, 60.875, 8.346281444206806e-23, nan 
-179.625, 60.875, 1.01261802611972e-22, nan 
-179.375, 60.875, 1.2037953193961155e-22, nan 
-179.125, 60.875, 6.722285636231648e-23, nan 
-178.875, 60.875, 8.037145531695117e-23, nan 
-178.625, 60.875, 1.9752846239991608e-22, nan 
-178.375, 60.875, 8.561024856567247e-23, nan 
-178.125, 60.875, 1.0192250123690153e-22, nan 
-177.875, 60.875, 9.797073959843556e-23, nan 
-177.625, 60.875, 3.475930273146389e-23, nan 
-177.375, 60.875, 6.848421356893496e-23, nan 
-177.125, 60.875, 6.141542250514717e-23, nan 
-176.875, 60.875, 4.670873021973278e-23, nan 
-176.625, 60.875, 4.843926139781929e-23, nan 
-176.375, 60.875, 1.1789028460819229e-22, nan 
-176.125, 60.875, 1.1950266403215725e-22, nan 
-175.875, 60.875, 1.2390491037585435e-22, nan 
-175.625, 60.875, 8.353136351055168e-23, nan 
-175.375, 60.875, 1.28313669007993e-22, nan 
-175.125, 60.875, 8.092566325433828e-23, nan 
-174.875, 60.875, 7.405660075218162e-23, nan 
-174.625, 60.875, 5.38613334967003e-23, nan 
-174.375, 60.875, 5.202247435294458e-23, nan 
-174.125, 60.875, 8.134363005155858e-23, nan 
-173.875, 60.875, 8.599630923396685e-23, nan 
-173.625, 60.875, 2.5554478599687228e-23, nan 
-173.375, 60.875, 7.162843452834634e-23, nan 
-173.125, 60.875, 4.7375221148111074e-23, nan 
-172.875, 60.875, 3.273008537398199e-23, nan 
-172.625, 60.875, 5.1530564590236254e-23, nan 
-172.375, 60.875, 8.867393953065865e-23, nan 
-172.125, 60.875, 2.9545195680469134e-23, nan 
-171.875, 60.875, 2.223812029508734e-23, nan 
-171.625, 60.875, 5.483461492066081e-23, nan 
-171.375, 60.875, 8.171045740708744e-23, nan 
-171.125, 60.875, 1.320250210795638e-22, nan 
-170.875, 60.875, 9.933492948600714e-23, nan 
-170.625, 60.875, 1.1778300415856407e-22, nan 
-170.375, 60.875, 5.036460578216238e-22, nan 
-170.125, 60.875, 1.2489826119302291e-22, nan 
-169.875, 60.875, 9.718272975038869e-23, nan 
-169.625, 60.875, 1.439286946825484e-22, nan 
-169.375, 60.875, 6.866089189928134e-23, nan 
-169.125, 60.875, 6.400293768552894e-23, nan 
-168.875, 60.875, 5.521468726228205e-23, nan 
-168.625, 60.875, 6.610198284440219e-23, nan 
-168.375, 60.875, 5.643442864238696e-23, nan 
-168.125, 60.875, 6.763017301187837e-23, nan 
-167.875, 60.875, 3.8588366359797425e-23, nan 
-167.625, 60.875, 4.295949662655404e-23, nan 
-167.375, 60.875, 4.678603999858111e-23, nan 
-167.125, 60.875, 4.301342892486241e-23, nan 
-166.875, 60.875, 1.950020525456118e-23, nan 
-166.625, 60.875, 3.044980297493189e-23, nan 
-166.375, 60.875, 4.906090058035275e-23, nan 
-166.125, 60.875, 2.4228958944742925e-23, nan 
-165.875, 60.875, 4.5766956064188157e-23, nan 
-165.625, 60.875, 4.329797748958044e-23, nan 
-165.375, 60.875, 4.2393653147259327e-23, nan 
-165.125, 60.875, 3.2952838571520193e-23, nan 
-164.875, 60.875, 2.986330700868458e-23, nan 
-164.625, 60.875, 1.6578021687394813e-23, nan 
-164.375, 60.875, 1.8166557730456962e-23, nan 
-164.125, 60.875, 8.430711149185459e-24, nan 
-163.875, 60.875, 1.532651937116438e-23, nan 
-163.625, 60.875, 2.0009113213547313e-23, nan 
-163.375, 60.875, 1.6854925948436168e-23, nan 
-163.125, 60.875, 1.3736968050935927e-23, nan 
-162.875, 60.875, 2.895304859251058e-23, nan 
-162.625, 60.875, 5.117231921407202e-23, nan 
-162.375, 60.875, 4.916606417632823e-23, nan 
-162.125, 60.875, 3.193181831948335e-23, nan 
-161.875, 60.875, 4.1470056114128254e-23, nan 
-161.625, 60.875, 3.1772142975087723e-23, nan 
-161.375, 60.875, 1.4964607986668016e-23, nan 
-161.125, 60.875, 5.221521053867079e-23, nan 
-160.875, 60.875, 5.512129244023823e-23, nan 
-160.625, 60.875, 6.004644335657797e-23, nan 
-160.375, 60.875, 4.0589742615069206e-23, nan 
-160.125, 60.875, 2.7697454111304684e-23, nan 
-159.875, 60.875, 2.4652082713860782e-23, nan 
-159.625, 60.875, 2.6514823351253733e-23, nan 
-159.375, 60.875, 1.220186123067856e-23, nan 
-159.125, 60.875, 4.750452941090624e-24, nan 
-158.875, 60.875, 1.3488432774651794e-23, nan 
-158.625, 60.875, 1.3176578467465739e-23, nan 
-158.375, 60.875, 2.3279122513833396e-23, nan 
-158.125, 60.875, 1.3297689310609935e-23, nan 
-157.875, 60.875, 2.2827893683853887e-23, nan 
-157.625, 60.875, 2.5571050299346194e-23, nan 
-157.375, 60.875, 3.341180148146182e-23, nan 
-157.125, 60.875, 7.841646290570563e-23, nan 
-156.875, 60.875, 2.6087141570479703e-23, nan 
-156.625, 60.875, 2.2598209806325037e-23, nan 
-156.375, 60.875, 1.4919512393008476e-23, nan 
-156.125, 60.875, 2.1666879857987243e-23, nan 
-155.875, 60.875, 1.8001866816174554e-23, nan 
-155.625, 60.875, 1.404209723343226e-23, nan 
-155.375, 60.875, 1.0197758494546604e-23, nan 
-155.125, 60.875, 7.244439070393564e-24, nan 
-154.875, 60.875, 1.0047866864065583e-23, nan 
-154.625, 60.875, 1.5081565338445597e-23, nan 
-154.375, 60.875, 1.7365352602204185e-23, nan 
-154.125, 60.875, 1.46815437864511e-23, nan 
-153.875, 60.875, 1.5880733518559347e-23, nan 
-153.625, 60.875, 1.4190373227948828e-23, nan 
-153.375, 60.875, 2.0249639687983006e-23, nan 
-153.125, 60.875, 1.438568269218429e-23, nan 
-152.875, 60.875, 1.1123248297182455e-23, nan 
-152.625, 60.875, 3.003069506514034e-23, nan 
-152.375, 60.875, 1.5838584667076986e-23, nan 
-152.125, 60.875, 1.061817492382324e-23, nan 
-151.875, 60.875, 1.0690421770152825e-23, nan 
-151.625, 60.875, 1.1308925032766927e-23, nan 
-151.375, 60.875, 1.6797647963900824e-23, nan 
-151.125, 60.875, 1.3734072905546466e-23, nan 
-150.875, 60.875, 1.886514079848137e-23, nan 
-150.625, 60.875, 3.242040671767201e-23, nan 
-150.375, 60.875, 1.8366164936641893e-23, nan 
-150.125, 60.875, 2.5196152507780306e-23, nan 
-149.875, 60.875, 2.606201879486554e-23, nan 
-149.625, 60.875, 2.0917530804028632e-23, nan 
-149.375, 60.875, 1.68409904815691e-23, nan 
-149.125, 60.875, 2.005911634209323e-23, nan 
-148.875, 60.875, 1.1569808649518903e-23, nan 
-148.625, 60.875, 1.8732143900528625e-23, nan 
-148.375, 60.875, 3.0476173731958645e-23, nan 
-148.125, 60.875, 2.4152517157074974e-23, nan 
-147.875, 60.875, 3.3489528793442017e-23, nan 
-147.625, 60.875, 2.3694051079813172e-23, nan 
-147.375, 60.875, 9.397743027620047e-24, nan 
-147.125, 60.875, 1.255299273308384e-23, nan 
-146.875, 60.875, 1.612659770612982e-23, nan 
-146.625, 60.875, 9.911574401388869e-24, nan 
-146.375, 60.875, 1.0430929759827233e-23, nan 
-146.125, 60.875, 1.0442767587193686e-23, nan 
-145.875, 60.875, 5.368325573090519e-24, nan 
-145.625, 60.875, 5.944980057441454e-24, nan 
-145.375, 60.875, 9.335769757239322e-24, nan 
-145.125, 60.875, 6.3437038598143045e-24, nan 
-144.875, 60.875, 2.9756677295507307e-24, nan 
-144.625, 60.875, 9.66117772441109e-24, nan 
-144.375, 60.875, 1.1880446712027251e-23, nan 
-144.125, 60.875, 1.366102598348192e-23, nan 
-143.875, 60.875, 1.5162684240014227e-23, nan 
-143.625, 60.875, 1.3884487424641691e-23, nan 
-143.375, 60.875, 1.3813249561962294e-23, nan 
-143.125, 60.875, 1.5200842545864068e-23, nan 
-142.875, 60.875, 1.0828112536706925e-23, nan 
-142.625, 60.875, 9.689072101252763e-24, nan 
-142.375, 60.875, 8.752175058708915e-24, nan 
-142.125, 60.875, 5.15628924084547e-24, nan 
-141.875, 60.875, 4.3874733997495296e-24, nan 
-141.625, 60.875, 3.853835958574869e-24, nan 
-141.375, 60.875, 5.5035644312843825e-24, nan 
-141.125, 60.875, 8.580138578083163e-24, nan 
-140.875, 60.875, 5.641028039363455e-24, nan 
-140.625, 60.875, 6.89343709925396e-24, nan 
-140.375, 60.875, 7.587509229872189e-24, nan 
-140.125, 60.875, 6.5752953721068735e-24, nan 
-139.875, 60.875, 7.483772935265923e-24, nan 
-139.625, 60.875, 7.737443378467673e-24, nan 
-139.375, 60.875, 7.71895614869002e-24, nan 
-139.125, 60.875, 7.668875145122338e-24, nan 
-138.875, 60.875, 3.711984879187369e-24, nan 
-138.625, 60.875, 6.721194883603496e-24, nan 
-138.375, 60.875, 1.3691106602659059e-23, nan 
-138.125, 60.875, 8.118849470615792e-24, nan 
-137.875, 60.875, 5.928193976491244e-24, nan 
-137.625, 60.875, 7.448312494781195e-24, nan 
-137.375, 60.875, 7.807019074963457e-24, nan 
-137.125, 60.875, 6.4817302409387284e-24, nan 
-136.875, 60.875, 5.122923677221175e-24, nan 
-136.625, 60.875, 5.661595893847178e-24, nan 
-136.375, 60.875, 5.26136278986627e-24, nan 
-136.125, 60.875, 6.949818604355344e-24, nan 
-135.875, 60.875, 6.756819810504864e-24, nan 
-135.625, 60.875, 7.360481375750457e-24, nan 
-135.375, 60.875, 7.328990943221013e-24, nan 
-135.125, 60.875, 5.988398216970748e-24, nan 
-134.875, 60.875, 6.373022912018989e-24, nan 
-134.625, 60.875, 5.796958215846104e-24, nan 
-134.375, 60.875, 6.059992981388736e-24, nan 
-134.125, 60.875, 4.9046894164818825e-24, nan 
-133.875, 60.875, 4.9160111000892485e-24, nan 
-133.625, 60.875, 5.077620577957817e-24, nan 
-133.375, 60.875, 4.800322758118257e-24, nan 
-133.125, 60.875, 4.843928066394214e-24, nan 
-132.875, 60.875, 4.79056983061608e-24, nan 
-132.625, 60.875, 5.89878039431639e-24, nan 
-132.375, 60.875, 6.3925376051922626e-24, nan 
-132.125, 60.875, 5.7027514373125556e-24, nan 
-131.875, 60.875, 5.983100934717577e-24, nan 
-131.625, 60.875, 4.796690069406342e-24, nan 
-131.375, 60.875, 4.0891352101770845e-24, nan 
-131.125, 60.875, 4.099741777961404e-24, nan 
-130.875, 60.875, 2.9670063776905408e-24, nan 
-130.625, 60.875, 4.806631881192021e-24, nan 
102.625, 60.875, 6.937539603813391e-24, nan 
102.875, 60.875, 1.356701397631604e-23, nan 
103.125, 60.875, 1.2113095766160969e-23, nan 
103.375, 60.875, 8.750601780359511e-24, nan 
103.625, 60.875, 8.289934325980276e-24, nan 
103.875, 60.875, 7.415097472956017e-24, nan 
104.125, 60.875, 7.07979451477661e-24, nan 
104.375, 60.875, 5.969508072357802e-24, nan 
104.625, 60.875, 5.845234866718127e-24, nan 
104.875, 60.875, 4.741644713228393e-24, nan 
105.125, 60.875, 4.6212287884992655e-24, nan 
105.375, 60.875, 4.018215732692224e-24, nan 
105.625, 60.875, 3.877600997810195e-24, nan 
105.875, 60.875, 3.1618586723795275e-24, nan 
106.125, 60.875, 3.417558182106333e-24, nan 
106.375, 60.875, 4.6117705385094694e-24, nan 
106.625, 60.875, 5.7090012826856215e-24, nan 
106.875, 60.875, 8.214694722968747e-24, nan 
107.125, 60.875, 7.863705216101612e-24, nan 
107.375, 60.875, 5.122585151564204e-24, nan 
107.625, 60.875, 5.4040429187077586e-24, nan 
107.875, 60.875, 5.3959188717275024e-24, nan 
108.125, 60.875, 2.9609929992440143e-24, nan 
108.375, 60.875, 3.824474358791507e-24, nan 
108.625, 60.875, 1.9609903980101705e-24, nan 
108.875, 60.875, 3.716515202299382e-24, nan 
109.125, 60.875, 3.2379007496771844e-24, nan 
109.375, 60.875, 4.90371659468543e-24, nan 
109.625, 60.875, 4.690959680884645e-24, nan 
109.875, 60.875, 5.272599408186996e-24, nan 
110.125, 60.875, 5.879507759106985e-24, nan 
110.375, 60.875, 6.179822993496483e-24, nan 
110.625, 60.875, 7.207989445025562e-24, nan 
110.875, 60.875, 5.0664150133352724e-24, nan 
111.125, 60.875, 1.0786652683575102e-23, nan 
111.375, 60.875, 1.2545032957184213e-23, nan 
111.625, 60.875, 1.372817827426158e-23, nan 
111.875, 60.875, 1.0194231303205901e-23, nan 
112.125, 60.875, 1.263142306832478e-23, nan 
112.375, 60.875, 1.2579385960598354e-23, nan 
112.625, 60.875, 4.296441448623302e-24, nan 
112.875, 60.875, 5.035638672105598e-24, nan 
113.125, 60.875, 6.3738600359579135e-24, nan 
113.375, 60.875, 9.199315065409275e-24, nan 
113.625, 60.875, 1.316571352882962e-23, nan 
113.875, 60.875, 1.291142731668446e-23, nan 
114.125, 60.875, 1.5025828183171184e-23, nan 
114.375, 60.875, 1.7725567122196095e-23, nan 
114.625, 60.875, 1.3795233569835802e-23, nan 
114.875, 60.875, 8.262109800551977e-24, nan 
115.125, 60.875, 9.281651895076885e-24, nan 
115.375, 60.875, 1.0425946524676114e-23, nan 
115.625, 60.875, 1.0182658841005135e-23, nan 
115.875, 60.875, 1.1335197439404873e-23, nan 
116.125, 60.875, 1.010441666832587e-23, nan 
116.375, 60.875, 5.81771883279294e-24, nan 
116.625, 60.875, 3.1096931145571484e-24, nan 
116.875, 60.875, 4.36874891086962e-24, nan 
117.125, 60.875, 4.391970597297734e-24, nan 
117.375, 60.875, 5.141325201590566e-24, nan 
117.625, 60.875, 5.330570671913663e-24, nan 
117.875, 60.875, 4.4328526271416435e-24, nan 
118.125, 60.875, 3.0039519648062676e-24, nan 
118.375, 60.875, 4.025555485808277e-24, nan 
118.625, 60.875, 4.486931382422908e-24, nan 
118.875, 60.875, 2.2632532323404236e-24, nan 
119.125, 60.875, 3.615821453422425e-24, nan 
119.375, 60.875, 6.850036042245928e-24, nan 
119.625, 60.875, 4.085416106183616e-24, nan 
119.875, 60.875, 3.0068683697461677e-24, nan 
120.125, 60.875, 1.7690885183016836e-24, nan 
120.375, 60.875, 4.7944919909859006e-24, nan 
120.625, 60.875, 6.285207610348055e-24, nan 
120.875, 60.875, 5.658093139931424e-24, nan 
121.125, 60.875, 1.1232307008657203e-23, nan 
121.375, 60.875, 1.2022615899301384e-23, nan 
121.625, 60.875, 7.599048431611533e-24, nan 
121.875, 60.875, 3.868039838755491e-24, nan 
122.125, 60.875, 8.163982340538036e-24, nan 
122.375, 60.875, 5.338781141386938e-24, nan 
122.625, 60.875, 4.310506372167084e-24, nan 
122.875, 60.875, 4.172941520756348e-24, nan 
123.125, 60.875, 4.100275481589431e-24, nan 
123.375, 60.875, 4.703478179091129e-24, nan 
123.625, 60.875, 4.742591554813046e-24, nan 
123.875, 60.875, 8.219814169651007e-24, nan 
124.125, 60.875, 1.2788429865544784e-23, nan 
124.375, 60.875, 1.2863050719674098e-23, nan 
124.625, 60.875, 1.4414127834355246e-23, nan 
124.875, 60.875, 1.3769680734387954e-23, nan 
125.125, 60.875, 1.2176728774268794e-23, nan 
125.375, 60.875, 8.188628940461824e-24, nan 
125.625, 60.875, 9.887809106110892e-24, nan 
125.875, 60.875, 1.2968320052241092e-23, nan 
126.125, 60.875, 1.2719744956691102e-23, nan 
126.375, 60.875, 1.0829021192868902e-23, nan 
126.625, 60.875, 1.8457957962486835e-23, nan 
126.875, 60.875, 1.9067781253270188e-23, nan 
127.125, 60.875, 1.6586932792057557e-23, nan 
127.375, 60.875, 1.9061549939913012e-23, nan 
127.625, 60.875, 2.282728122759421e-23, nan 
127.875, 60.875, 2.5496784920809514e-23, nan 
128.125, 60.875, 3.7001462397717e-23, nan 
128.375, 60.875, 1.7287633049618433e-23, nan 
128.625, 60.875, 2.9285792792959154e-23, nan 
128.875, 60.875, 4.125790882234018e-23, nan 
129.125, 60.875, 4.3405626017027945e-23, nan 
129.375, 60.875, 3.4066052340493895e-23, nan 
129.625, 60.875, 2.6867300284385074e-23, nan 
129.875, 60.875, 1.9067162326423908e-23, nan 
130.125, 60.875, 1.7873155420861596e-23, nan 
130.375, 60.875, 1.2487185304064467e-23, nan 
130.625, 60.875, 1.487591254324625e-23, nan 
130.875, 60.875, 1.4734125475880355e-23, nan 
131.125, 60.875, 1.496725467321547e-23, nan 
131.375, 60.875, 2.0555958555274575e-23, nan 
131.625, 60.875, 1.9893991802079061e-23, nan 
131.875, 60.875, 1.8232854388694712e-23, nan 
132.125, 60.875, 2.2946852174512758e-23, nan 
132.375, 60.875, 1.1365685150104873e-23, nan 
132.625, 60.875, 1.2314582877314312e-23, nan 
132.875, 60.875, 1.348520017503787e-23, nan 
133.125, 60.875, 1.0773945161368493e-23, nan 
133.375, 60.875, 1.2739451029091386e-23, nan 
133.625, 60.875, 1.993216687590627e-23, nan 
133.875, 60.875, 1.7943538499416573e-23, nan 
134.125, 60.875, 1.4267275982250373e-23, nan 
134.375, 60.875, 2.7430150444596213e-23, nan 
134.625, 60.875, 2.4521039392040344e-23, nan 
134.875, 60.875, 1.0428341156814348e-23, nan 
135.125, 60.875, 1.7805409881275388e-23, nan 
135.375, 60.875, 1.8246211446519174e-23, nan 
135.625, 60.875, 9.813394944852688e-24, nan 
135.875, 60.875, 9.558196139039047e-24, nan 
136.125, 60.875, 8.498503283502591e-24, nan 
136.375, 60.875, 1.1740186789202363e-23, nan 
136.625, 60.875, 1.3340478009691195e-23, nan 
136.875, 60.875, 6.4422803359457385e-24, nan 
137.125, 60.875, 7.740608617165526e-24, nan 
137.375, 60.875, 6.109728291571909e-24, nan 
137.625, 60.875, 1.0227777009297726e-23, nan 
137.875, 60.875, 6.004634030695595e-24, nan 
138.125, 60.875, 1.9440728840874393e-23, nan 
138.375, 60.875, 1.5699563920997904e-23, nan 
138.625, 60.875, 1.9459802693815466e-23, nan 
138.875, 60.875, 2.594588006978197e-23, nan 
139.125, 60.875, 1.6832138473161986e-23, nan 
139.375, 60.875, 1.406041227574581e-23, nan 
139.625, 60.875, 1.6492863976698053e-23, nan 
139.875, 60.875, 3.804887837192146e-23, nan 
140.125, 60.875, 4.050047497902975e-23, nan 
140.375, 60.875, 2.3366717849020915e-23, nan 
140.625, 60.875, 6.373634921682183e-23, nan 
140.875, 60.875, 5.578835576653827e-23, nan 
141.125, 60.875, 2.7277980811318575e-23, nan 
141.375, 60.875, 5.632620207119092e-23, nan 
141.625, 60.875, 5.09627255396798e-23, nan 
141.875, 60.875, 1.6911886566462084e-23, nan 
142.125, 60.875, 4.4579344237061744e-23, nan 
142.375, 60.875, 3.1090993497745347e-23, nan 
142.625, 60.875, 2.8555945580668936e-23, nan 
142.875, 60.875, 5.1037192312079864e-23, nan 
143.125, 60.875, 5.698730681382158e-23, nan 
143.375, 60.875, 4.309618340478703e-23, nan 
143.625, 60.875, 5.51800809178957e-23, nan 
143.875, 60.875, 6.481548100344201e-23, nan 
144.125, 60.875, 3.7125219731569884e-23, nan 
144.375, 60.875, 1.1613513815397307e-23, nan 
144.625, 60.875, 1.588119566928865e-23, nan 
144.875, 60.875, 2.6094042067044174e-23, nan 
145.125, 60.875, 2.354842800872776e-23, nan 
145.375, 60.875, 1.4060037401017403e-23, nan 
145.625, 60.875, 1.6477690404161008e-23, nan 
145.875, 60.875, 4.12218407611845e-23, nan 
146.125, 60.875, 4.705164151389401e-23, nan 
146.375, 60.875, 6.204865461934386e-23, nan 
146.625, 60.875, 7.741254361764716e-23, nan 
146.875, 60.875, 6.956139747300948e-23, nan 
147.125, 60.875, 1.334072937674184e-22, nan 
147.375, 60.875, 1.2780894675602673e-22, nan 
147.625, 60.875, 1.086701783307039e-22, nan 
147.875, 60.875, 1.2463374022189876e-22, nan 
148.125, 60.875, 9.477922778446217e-23, nan 
148.375, 60.875, 1.6654530659026431e-22, nan 
148.625, 60.875, 1.2034353225478804e-22, nan 
148.875, 60.875, 4.9280674836272183e-23, nan 
149.125, 60.875, 4.606689807092248e-23, nan 
149.375, 60.875, 9.91634074567986e-23, nan 
149.625, 60.875, 6.462107461741224e-23, nan 
149.875, 60.875, 1.3894058894943751e-22, nan 
150.125, 60.875, 2.149833423514738e-22, nan 
150.375, 60.875, 3.026148801027212e-22, nan 
150.625, 60.875, 2.7328332387741316e-22, nan 
150.875, 60.875, 2.346745960979684e-22, nan 
151.125, 60.875, 4.872057605799313e-22, nan 
151.375, 60.875, 5.2414305383584565e-22, nan 
151.625, 60.875, 3.8530955269220724e-22, nan 
151.875, 60.875, 3.9587971411252024e-22, nan 
152.125, 60.875, 4.090573267881821e-22, nan 
152.375, 60.875, 2.621493318659228e-22, nan 
152.625, 60.875, 1.6500912806238862e-22, nan 
152.875, 60.875, 9.844218112751497e-23, nan 
153.125, 60.875, 5.448631724862183e-23, nan 
153.375, 60.875, 1.5061950558517045e-22, nan 
153.625, 60.875, 1.9077577473488677e-22, nan 
153.875, 60.875, 1.2728087023022204e-22, nan 
154.125, 60.875, 1.5939684939936236e-22, nan 
154.375, 60.875, 1.0113197320248751e-22, nan 
154.625, 60.875, 1.9439997441241796e-22, nan 
154.875, 60.875, 1.899038559123624e-22, nan 
155.125, 60.875, 1.8912430372848587e-22, nan 
155.375, 60.875, 1.9118178881700598e-22, nan 
155.625, 60.875, 1.6998637242414651e-22, nan 
155.875, 60.875, 2.5578502642726415e-22, nan 
156.125, 60.875, 1.7345845748255575e-22, nan 
156.375, 60.875, 1.5484749987407396e-22, nan 
156.625, 60.875, 2.078517381297811e-22, nan 
156.875, 60.875, 1.7900183045501867e-22, nan 
157.125, 60.875, 1.4572588106674798e-22, nan 
157.375, 60.875, 1.330336775758699e-22, nan 
157.625, 60.875, 1.3908160298507167e-22, nan 
157.875, 60.875, 1.8001980519630821e-22, nan 
158.125, 60.875, 2.191379943091846e-22, nan 
158.375, 60.875, 2.6414079756829316e-22, nan 
158.625, 60.875, 1.877110050237441e-22, nan 
158.875, 60.875, 3.365943016795918e-22, nan 
159.125, 60.875, 2.5514730979532344e-22, nan 
159.375, 60.875, 1.6377824433695154e-22, nan 
159.625, 60.875, 7.110523497168502e-22, nan 
159.875, 60.875, 4.813726950921379e-22, nan 
160.125, 60.875, 2.340061827695427e-22, nan 
160.375, 60.875, 1.2235542607802037e-21, nan 
160.625, 60.875, 1.0380909303476605e-21, nan 
160.875, 60.875, 6.090936765754321e-22, nan 
161.125, 60.875, 8.391700973623167e-22, nan 
161.375, 60.875, 5.3858469399950435e-22, nan 
161.625, 60.875, 3.130214116768535e-22, nan 
161.875, 60.875, 6.91156534707798e-22, nan 
162.125, 60.875, 5.140835384088718e-22, nan 
162.375, 60.875, 6.023951994005377e-22, nan 
162.625, 60.875, 4.2129453543016753e-22, nan 
162.875, 60.875, 8.922405592927083e-22, nan 
163.125, 60.875, 1.3255711489628797e-21, nan 
163.375, 60.875, 7.203284533052286e-22, nan 
163.625, 60.875, 6.074185177031237e-22, nan 
163.875, 60.875, 7.987666928022679e-22, nan 
164.125, 60.875, 7.083207915849076e-22, nan 
164.375, 60.875, 2.913104284529839e-22, nan 
164.625, 60.875, 4.337744923615455e-22, nan 
164.875, 60.875, 5.661899146495328e-22, nan 
165.125, 60.875, 3.765505514958598e-22, nan 
165.375, 60.875, 5.719173866057017e-22, nan 
165.625, 60.875, 5.210096536816989e-22, nan 
165.875, 60.875, 2.8475320917518245e-22, nan 
166.125, 60.875, 3.8783074501127917e-22, nan 
166.375, 60.875, 4.337183001200946e-22, nan 
166.625, 60.875, 2.593835651519482e-22, nan 
166.875, 60.875, 3.051103123255139e-22, nan 
167.125, 60.875, 5.636976348568689e-22, nan 
167.375, 60.875, 7.923838816849161e-22, nan 
167.625, 60.875, 4.848983093807888e-22, nan 
167.875, 60.875, 4.450735870679335e-22, nan 
168.125, 60.875, 5.386339457239694e-22, nan 
168.375, 60.875, 4.2164846359933834e-22, nan 
168.625, 60.875, 2.9636479135505466e-22, nan 
168.875, 60.875, 3.4619392217001363e-22, nan 
169.125, 60.875, 2.402303001420836e-22, nan 
169.375, 60.875, 2.8040734223076466e-22, nan 
169.625, 60.875, 2.2171509039115266e-22, nan 
169.875, 60.875, 3.0179618065503227e-22, nan 
170.125, 60.875, 2.3786154763211066e-22, nan 
170.375, 60.875, 2.3577859002333692e-22, nan 
170.625, 60.875, 3.851820579137599e-22, nan 
170.875, 60.875, 1.202098736345547e-22, nan 
171.125, 60.875, 2.2360195200858645e-22, nan 
171.375, 60.875, 3.351752674065292e-22, nan 
171.625, 60.875, 1.4627337967782761e-22, nan 
171.875, 60.875, 3.4216157271489443e-22, nan 
172.125, 60.875, 2.890965876150742e-22, nan 
172.375, 60.875, 2.654776329136697e-22, nan 
172.625, 60.875, 1.1600425209616178e-22, nan 
172.875, 60.875, 3.468633585979775e-22, nan 
173.125, 60.875, 3.964355364341735e-22, nan 
173.375, 60.875, 4.368410160903177e-22, nan 
173.625, 60.875, 4.5109623705348045e-22, nan 
173.875, 60.875, 3.563110970569641e-22, nan 
174.125, 60.875, 3.6642022215050277e-22, nan 
174.375, 60.875, 3.2593974760702934e-22, nan 
174.625, 60.875, 3.8720110301008346e-22, nan 
174.875, 60.875, 2.974716850946601e-22, nan 
175.125, 60.875, 2.691551464346591e-22, nan 
175.375, 60.875, 3.1314107233130727e-22, nan 
175.625, 60.875, 3.735324792852389e-22, nan 
175.875, 60.875, 3.198372824255481e-22, nan 
176.125, 60.875, 3.611949584746722e-23, nan 
176.375, 60.875, 8.41234181776877e-23, nan 
176.625, 60.875, 2.2414594509535357e-22, nan 
176.875, 60.875, 2.472329026407638e-22, nan 
177.125, 60.875, 2.4036798562830866e-22, nan 
177.375, 60.875, 1.9003928382618669e-22, nan 
177.625, 60.875, 2.5765942633145196e-22, nan 
177.875, 60.875, 2.512200680970018e-22, nan 
178.125, 60.875, 1.4405404116913074e-22, nan 
178.375, 60.875, 1.4393384049768554e-22, nan 
178.625, 60.875, 2.272507625659278e-22, nan 
178.875, 60.875, 1.3794711158392632e-22, nan 
179.125, 60.875, 7.605736930225891e-23, nan 
179.375, 60.875, 6.855544206198081e-23, nan 
179.625, 60.875, 6.628421961317858e-23, nan 
179.875, 60.875, 9.699000914982715e-23, nan 
-179.875, 61.125, 9.172397306022839e-23, nan 
-179.625, 61.125, 1.561062846896667e-22, nan 
-179.375, 61.125, 2.09179327181844e-22, nan 
-179.125, 61.125, 9.220510471826477e-23, nan 
-178.875, 61.125, 1.753255839662567e-22, nan 
-178.625, 61.125, 3.0561243143550945e-22, nan 
-178.375, 61.125, 8.693881888031228e-23, nan 
-178.125, 61.125, 8.847717954332372e-23, nan 
-177.875, 61.125, 1.255282173638373e-22, nan 
-177.625, 61.125, 5.1734223091117875e-23, nan 
-177.375, 61.125, 1.0299071935614895e-22, nan 
-177.125, 61.125, 1.0644506064281477e-22, nan 
-176.875, 61.125, 7.008368338056757e-23, nan 
-176.625, 61.125, 6.989492689310711e-23, nan 
-176.375, 61.125, 8.641776936604762e-23, nan 
-176.125, 61.125, 1.0733655728176888e-22, nan 
-175.875, 61.125, 8.025120875727224e-23, nan 
-175.625, 61.125, 9.933012385520409e-23, nan 
-175.375, 61.125, 1.3119719931738501e-22, nan 
-175.125, 61.125, 8.470868844935391e-23, nan 
-174.875, 61.125, 1.1058149830730895e-22, nan 
-174.625, 61.125, 7.815137534468124e-23, nan 
-174.375, 61.125, 5.05164976121724e-23, nan 
-174.125, 61.125, 5.629767613749249e-23, nan 
-173.875, 61.125, 4.595012033205134e-23, nan 
-173.625, 61.125, 2.6679955717986146e-23, nan 
-173.375, 61.125, 7.464652037569552e-23, nan 
-173.125, 61.125, 1.8246324611177002e-22, nan 
-172.875, 61.125, 1.418101946139005e-22, nan 
-172.625, 61.125, 1.2610385975825084e-22, nan 
-172.375, 61.125, 1.3656749482981908e-22, nan 
-172.125, 61.125, 1.3662599692712615e-22, nan 
-171.875, 61.125, 5.746349971864622e-23, nan 
-171.625, 61.125, 7.998610381606751e-23, nan 
-171.375, 61.125, 3.7551368142912744e-23, nan 
-171.125, 61.125, 2.8027790998763566e-23, nan 
-170.875, 61.125, 8.967447363979764e-23, nan 
-170.625, 61.125, 9.979213900982959e-23, nan 
-170.375, 61.125, 1.3798513173377395e-22, nan 
-170.125, 61.125, 1.0036581063912751e-22, nan 
-169.875, 61.125, 7.987766190569907e-23, nan 
-169.625, 61.125, 6.6497651049102e-23, nan 
-169.375, 61.125, 1.7208091073483e-23, nan 
-169.125, 61.125, 2.21112119767384e-23, nan 
-168.875, 61.125, 3.609107537812211e-23, nan 
-168.625, 61.125, 5.278274872056411e-23, nan 
-168.375, 61.125, 7.317141556779513e-23, nan 
-168.125, 61.125, 7.568866639096987e-23, nan 
-167.875, 61.125, 7.21512452345068e-23, nan 
-167.625, 61.125, 9.588769595392148e-23, nan 
-167.375, 61.125, 8.106789696796542e-23, nan 
-167.125, 61.125, 4.1976882878720844e-23, nan 
-166.875, 61.125, 1.6788553355140347e-23, nan 
-166.625, 61.125, 3.738050165647951e-23, nan 
-166.375, 61.125, 4.099233735988045e-23, nan 
-166.125, 61.125, 3.402544614035587e-23, nan 
-165.875, 61.125, 4.574572839265972e-23, nan 
-165.625, 61.125, 3.729754027488858e-23, nan 
-165.375, 61.125, 4.717613422184107e-23, nan 
-165.125, 61.125, 3.636341145146675e-23, nan 
-164.875, 61.125, 3.2274877601906805e-23, nan 
-164.625, 61.125, 3.75850104556576e-23, nan 
-164.375, 61.125, 1.5082946308982945e-23, nan 
-164.125, 61.125, 5.727024501951922e-24, nan 
-163.875, 61.125, 1.7702484889165957e-23, nan 
-163.625, 61.125, 1.6511212477595652e-23, nan 
-163.375, 61.125, 2.4456425938807674e-23, nan 
-163.125, 61.125, 1.982173666918981e-23, nan 
-162.875, 61.125, 3.0553542788685557e-23, nan 
-162.625, 61.125, 3.812932363313354e-23, nan 
-162.375, 61.125, 3.668085747776663e-23, nan 
-162.125, 61.125, 3.677542356337882e-23, nan 
-161.875, 61.125, 3.69590507588119e-23, nan 
-161.625, 61.125, 4.0803292294514846e-23, nan 
-161.375, 61.125, 3.204529282750099e-23, nan 
-161.125, 61.125, 4.1905426089771285e-23, nan 
-160.875, 61.125, 4.046020936107217e-24, nan 
-160.625, 61.125, 2.1988929158123646e-23, nan 
-160.375, 61.125, 2.6351532930475747e-23, nan 
-160.125, 61.125, 3.362902717694253e-23, nan 
-159.875, 61.125, 2.7802735482554766e-23, nan 
-159.625, 61.125, 2.653322841698319e-23, nan 
-159.375, 61.125, 2.429111250045117e-23, nan 
-159.125, 61.125, 1.73797036508576e-23, nan 
-158.875, 61.125, 1.8069092581962703e-23, nan 
-158.625, 61.125, 2.1531493632385177e-23, nan 
-158.375, 61.125, 1.2825773769114182e-23, nan 
-158.125, 61.125, 1.2663970674770954e-23, nan 
-157.875, 61.125, 1.2913031048894369e-23, nan 
-157.625, 61.125, 1.8238046376069877e-23, nan 
-157.375, 61.125, 2.6140079275154213e-23, nan 
-157.125, 61.125, 9.358663502357781e-24, nan 
-156.875, 61.125, 8.529968886217413e-24, nan 
-156.625, 61.125, 1.9893536445434117e-23, nan 
-156.375, 61.125, 4.711377654701594e-24, nan 
-156.125, 61.125, 1.9754698575012157e-23, nan 
-155.875, 61.125, 1.9545869480187513e-23, nan 
-155.625, 61.125, 2.4537203681202561e-23, nan 
-155.375, 61.125, 2.2257213210170915e-23, nan 
-155.125, 61.125, 7.224503398774876e-24, nan 
-154.875, 61.125, 1.2318669787331432e-23, nan 
-154.625, 61.125, 1.607040353616266e-23, nan 
-154.375, 61.125, 1.2780262239137495e-23, nan 
-154.125, 61.125, 8.31946300695692e-24, nan 
-153.875, 61.125, 9.51182232640309e-24, nan 
-153.625, 61.125, 1.3750699862536328e-23, nan 
-153.375, 61.125, 1.1232563038442094e-23, nan 
-153.125, 61.125, 2.6745838091133435e-23, nan 
-152.875, 61.125, 1.1681708556157511e-23, nan 
-152.625, 61.125, 2.319681909284217e-23, nan 
-152.375, 61.125, 3.665179685640649e-23, nan 
-152.125, 61.125, 1.0437595308891606e-23, nan 
-151.875, 61.125, 9.377496686622486e-24, nan 
-151.625, 61.125, 1.4127475492280618e-23, nan 
-151.375, 61.125, 1.5454573522165412e-23, nan 
-151.125, 61.125, 1.353325268360535e-23, nan 
-150.875, 61.125, 1.956904659624482e-23, nan 
-150.625, 61.125, 2.3586565291413322e-23, nan 
-150.375, 61.125, 1.3606603036605693e-23, nan 
-150.125, 61.125, 1.6369017014447697e-23, nan 
-149.875, 61.125, 1.3670332158594052e-23, nan 
-149.625, 61.125, 2.0535223262035474e-23, nan 
-149.375, 61.125, 1.4407501844930423e-23, nan 
-149.125, 61.125, 9.701317266225213e-24, nan 
-148.875, 61.125, 2.8233710103368284e-23, nan 
-148.625, 61.125, 2.852729834187092e-23, nan 
-148.375, 61.125, 1.313865525600243e-23, nan 
-148.125, 61.125, 4.568884919394591e-23, nan 
-147.875, 61.125, 6.126858304663713e-23, nan 
-147.625, 61.125, 1.7237308724396883e-23, nan 
-147.375, 61.125, 2.416399455964725e-23, nan 
-147.125, 61.125, 2.7086279750371346e-23, nan 
-146.875, 61.125, 1.9167161409191527e-23, nan 
-146.625, 61.125, 9.796221106927444e-24, nan 
-146.375, 61.125, 1.8820692876701513e-23, nan 
-146.125, 61.125, 1.592156278123912e-23, nan 
-145.875, 61.125, 1.0744138061858629e-23, nan 
-145.625, 61.125, 1.0912572272873621e-23, nan 
-145.375, 61.125, 1.1516956541595362e-23, nan 
-145.125, 61.125, 1.1027083144173458e-23, nan 
-144.875, 61.125, 6.528599995258897e-24, nan 
-144.625, 61.125, 3.065111054844706e-24, nan 
-144.375, 61.125, 1.4954166088532135e-23, nan 
-144.125, 61.125, 1.026816511037007e-23, nan 
-143.875, 61.125, 6.671878517023568e-24, nan 
-143.625, 61.125, 1.0397571266384079e-23, nan 
-143.375, 61.125, 1.2875297298460513e-23, nan 
-143.125, 61.125, 1.4504074047752493e-23, nan 
-142.875, 61.125, 1.117862342735528e-23, nan 
-142.625, 61.125, 1.2363403093470606e-23, nan 
-142.375, 61.125, 1.3127098185601176e-23, nan 
-142.125, 61.125, 1.1735221728504723e-23, nan 
-141.875, 61.125, 1.1005756801183374e-23, nan 
-141.625, 61.125, 9.940032958120539e-24, nan 
-141.375, 61.125, 1.1078750233563297e-23, nan 
-141.125, 61.125, 1.12640849181425e-23, nan 
-140.875, 61.125, 5.050877930892577e-24, nan 
-140.625, 61.125, 6.397715207273692e-24, nan 
-140.375, 61.125, 6.357292671571581e-24, nan 
-140.125, 61.125, 4.6940961931092655e-24, nan 
-139.875, 61.125, 5.599181122330689e-24, nan 
-139.625, 61.125, 8.828316091146272e-24, nan 
-139.375, 61.125, 8.833903824404307e-24, nan 
-139.125, 61.125, 9.468862748865021e-24, nan 
-138.875, 61.125, 1.1221135670147526e-23, nan 
-138.625, 61.125, 9.714114553809748e-24, nan 
-138.375, 61.125, 7.838796233949428e-24, nan 
-138.125, 61.125, 9.825167472255294e-24, nan 
-137.875, 61.125, 3.098425044011496e-24, nan 
-137.625, 61.125, 5.2530296862961455e-24, nan 
-137.375, 61.125, 6.639747761380544e-24, nan 
-137.125, 61.125, 5.417100652816752e-24, nan 
-136.875, 61.125, 5.863369716946456e-24, nan 
-136.625, 61.125, 4.900039767372518e-24, nan 
-136.375, 61.125, 4.5314867753072195e-24, nan 
-136.125, 61.125, 5.120265356774552e-24, nan 
-135.875, 61.125, 5.9340124664610145e-24, nan 
-135.625, 61.125, 4.5563658311939656e-24, nan 
-135.375, 61.125, 4.521339218232535e-24, nan 
-135.125, 61.125, 5.4791840287202164e-24, nan 
-134.875, 61.125, 8.023981404993327e-24, nan 
-134.625, 61.125, 6.82363096966051e-24, nan 
-134.375, 61.125, 6.277323363696786e-24, nan 
-134.125, 61.125, 7.213228956571984e-24, nan 
-133.875, 61.125, 4.569693904759077e-24, nan 
-133.625, 61.125, 5.151271770208463e-24, nan 
-133.375, 61.125, 4.908602372681845e-24, nan 
-133.125, 61.125, 4.316366614564321e-24, nan 
-132.875, 61.125, 4.138518727280926e-24, nan 
-132.625, 61.125, 5.035274463063647e-24, nan 
-132.375, 61.125, 5.837849929152627e-24, nan 
-132.125, 61.125, 7.10431310524304e-24, nan 
-131.875, 61.125, 7.055299720149316e-24, nan 
-131.625, 61.125, 5.2237981386931556e-24, nan 
-131.375, 61.125, 4.137437140294437e-24, nan 
-131.125, 61.125, 4.627494788741368e-24, nan 
-130.875, 61.125, 3.3007575150074286e-24, nan 
-130.625, 61.125, 4.888111035100629e-24, nan 
-130.375, 61.125, 3.1853064522355653e-24, nan 
102.375, 61.125, 1.1865164877952187e-23, nan 
102.625, 61.125, 1.1144944223452654e-23, nan 
102.875, 61.125, 1.5235720939887856e-23, nan 
103.125, 61.125, 1.352000831531186e-23, nan 
103.375, 61.125, 9.205449013757244e-24, nan 
103.625, 61.125, 9.0606661881363e-24, nan 
103.875, 61.125, 8.357185986638663e-24, nan 
104.125, 61.125, 7.713051373428864e-24, nan 
104.375, 61.125, 7.055981425913098e-24, nan 
104.625, 61.125, 6.445814491736133e-24, nan 
104.875, 61.125, 5.257460297579483e-24, nan 
105.125, 61.125, 4.251519686261901e-24, nan 
105.375, 61.125, 3.776058017710561e-24, nan 
105.625, 61.125, 3.615068687269045e-24, nan 
105.875, 61.125, 4.310621430485983e-24, nan 
106.125, 61.125, 2.8977043459308665e-24, nan 
106.375, 61.125, 1.7912251831566415e-24, nan 
106.625, 61.125, 4.15660314654552e-24, nan 
106.875, 61.125, 4.370509965127396e-24, nan 
107.125, 61.125, 3.504053241521232e-24, nan 
107.375, 61.125, 3.2607552170296597e-24, nan 
107.625, 61.125, 4.373532855237671e-24, nan 
107.875, 61.125, 4.091111015469992e-24, nan 
108.125, 61.125, 1.217390177067795e-24, nan 
108.375, 61.125, 3.2714654312590772e-24, nan 
108.625, 61.125, 2.6798485571305736e-24, nan 
108.875, 61.125, 3.881160678329491e-24, nan 
109.125, 61.125, 6.794039119803281e-24, nan 
109.375, 61.125, 4.404165315204461e-24, nan 
109.625, 61.125, 4.626695714382825e-24, nan 
109.875, 61.125, 5.860182903380569e-24, nan 
110.125, 61.125, 5.792957998310849e-24, nan 
110.375, 61.125, 6.6081466285168186e-24, nan 
110.625, 61.125, 6.279603346994941e-24, nan 
110.875, 61.125, 7.758508997971638e-24, nan 
111.125, 61.125, 9.634278007023173e-24, nan 
111.375, 61.125, 1.0793732367798938e-23, nan 
111.625, 61.125, 9.708721608979505e-24, nan 
111.875, 61.125, 1.00477764906761e-23, nan 
112.125, 61.125, 1.0612572901711173e-23, nan 
112.375, 61.125, 5.648722331404369e-24, nan 
112.625, 61.125, 4.995814522711899e-24, nan 
112.875, 61.125, 5.666802593815264e-24, nan 
113.125, 61.125, 8.849085942462547e-24, nan 
113.375, 61.125, 9.986262288764063e-24, nan 
113.625, 61.125, 1.0959722678157396e-23, nan 
113.875, 61.125, 1.1246710129936952e-23, nan 
114.125, 61.125, 9.06368931836356e-24, nan 
114.375, 61.125, 1.0193946770859219e-23, nan 
114.625, 61.125, 1.032723677570606e-23, nan 
114.875, 61.125, 1.197869013085598e-23, nan 
115.125, 61.125, 8.238640642755154e-24, nan 
115.375, 61.125, 8.753119913345663e-24, nan 
115.625, 61.125, 8.099871614233715e-24, nan 
115.875, 61.125, 4.883819116106503e-24, nan 
116.125, 61.125, 6.124066257434854e-24, nan 
116.375, 61.125, 5.2040003609457466e-24, nan 
116.625, 61.125, 2.8440096237206967e-24, nan 
116.875, 61.125, 4.22084692495566e-24, nan 
117.125, 61.125, 4.350383470069657e-24, nan 
117.375, 61.125, 5.033078403525041e-24, nan 
117.625, 61.125, 4.7847079976205515e-24, nan 
117.875, 61.125, 3.526271564747196e-24, nan 
118.125, 61.125, 4.210983119807709e-24, nan 
118.375, 61.125, 4.1502180020225515e-24, nan 
118.625, 61.125, 5.6006907847633124e-24, nan 
118.875, 61.125, 3.790349911392427e-24, nan 
119.125, 61.125, 6.517562360881424e-24, nan 
119.375, 61.125, 1.4039034472771684e-23, nan 
119.625, 61.125, 3.1986425782675343e-24, nan 
119.875, 61.125, 5.988569828301271e-24, nan 
120.125, 61.125, 6.54122255581514e-24, nan 
120.375, 61.125, 5.280619317761703e-24, nan 
120.625, 61.125, 7.456298195689308e-24, nan 
120.875, 61.125, 6.953280387854936e-24, nan 
121.125, 61.125, 1.1152250031803612e-23, nan 
121.375, 61.125, 9.0150934405599e-24, nan 
121.625, 61.125, 7.239118440847469e-24, nan 
121.875, 61.125, 6.659888749036758e-24, nan 
122.125, 61.125, 8.935971493364721e-24, nan 
122.375, 61.125, 7.897555504716444e-24, nan 
122.625, 61.125, 1.0747240856278428e-23, nan 
122.875, 61.125, 1.0652259607593442e-23, nan 
123.125, 61.125, 8.670458129709505e-24, nan 
123.375, 61.125, 6.902082518859966e-24, nan 
123.625, 61.125, 7.35028796244468e-24, nan 
123.875, 61.125, 1.1431324226145416e-23, nan 
124.125, 61.125, 1.0937698072727868e-23, nan 
124.375, 61.125, 7.808488473321094e-24, nan 
124.625, 61.125, 1.4416523411848588e-23, nan 
124.875, 61.125, 1.2688803776913904e-23, nan 
125.125, 61.125, 7.543643001024656e-24, nan 
125.375, 61.125, 9.833679024989427e-24, nan 
125.625, 61.125, 1.1817445526166757e-23, nan 
125.875, 61.125, 1.2196687901856049e-23, nan 
126.125, 61.125, 1.5613403349462074e-23, nan 
126.375, 61.125, 1.1866560343920411e-23, nan 
126.625, 61.125, 1.5552204558051694e-23, nan 
126.875, 61.125, 2.273473114198029e-23, nan 
127.125, 61.125, 1.8879559975263808e-23, nan 
127.375, 61.125, 2.6704530317939134e-23, nan 
127.625, 61.125, 4.1525161662163115e-23, nan 
127.875, 61.125, 2.1017284839374741e-23, nan 
128.125, 61.125, 3.4214190900127066e-23, nan 
128.375, 61.125, 2.6439729837554788e-23, nan 
128.625, 61.125, 1.82722494089231e-23, nan 
128.875, 61.125, 9.169204361186352e-24, nan 
129.125, 61.125, 6.96813046583386e-24, nan 
129.375, 61.125, 6.5146751996025744e-24, nan 
129.625, 61.125, 7.324833841470248e-24, nan 
129.875, 61.125, 1.3719894917568567e-23, nan 
130.125, 61.125, 1.405967330992228e-23, nan 
130.375, 61.125, 9.410912398314254e-24, nan 
130.625, 61.125, 1.1794326986590844e-23, nan 
130.875, 61.125, 2.896055145259308e-23, nan 
131.125, 61.125, 2.033318568378005e-23, nan 
131.375, 61.125, 1.918254157768962e-23, nan 
131.625, 61.125, 2.1320261989760197e-23, nan 
131.875, 61.125, 1.6300266150946905e-23, nan 
132.125, 61.125, 1.3877092939152317e-23, nan 
132.375, 61.125, 9.718150187556599e-24, nan 
132.625, 61.125, 8.035612871645377e-24, nan 
132.875, 61.125, 8.164446229130426e-24, nan 
133.125, 61.125, 8.921388803931543e-24, nan 
133.375, 61.125, 1.5985542483930948e-23, nan 
133.625, 61.125, 1.6819713923995975e-23, nan 
133.875, 61.125, 2.945490973327943e-23, nan 
134.125, 61.125, 2.4203767405497447e-23, nan 
134.375, 61.125, 2.047810675282871e-23, nan 
134.625, 61.125, 1.4970938514531737e-23, nan 
134.875, 61.125, 1.682874400154592e-23, nan 
135.125, 61.125, 2.239310212986312e-23, nan 
135.375, 61.125, 1.831674812111524e-23, nan 
135.625, 61.125, 1.1320071529824327e-23, nan 
135.875, 61.125, 1.25616696495754e-23, nan 
136.125, 61.125, 9.998487428726568e-24, nan 
136.375, 61.125, 2.0445782185456824e-23, nan 
136.625, 61.125, 9.857477843066257e-24, nan 
136.875, 61.125, 1.0790194124259333e-23, nan 
137.125, 61.125, 1.2143176287411905e-23, nan 
137.375, 61.125, 4.963011178440119e-24, nan 
137.625, 61.125, 9.88185545396618e-24, nan 
137.875, 61.125, 1.4664839819885136e-23, nan 
138.125, 61.125, 2.8413069228375095e-23, nan 
138.375, 61.125, 2.1195713184142685e-23, nan 
138.625, 61.125, 3.3455909856213536e-23, nan 
138.875, 61.125, 3.336301383183801e-23, nan 
139.125, 61.125, 1.9834216123948875e-23, nan 
139.375, 61.125, 5.727587544448148e-24, nan 
139.625, 61.125, 2.119115219466648e-23, nan 
139.875, 61.125, 2.912070747502126e-23, nan 
140.125, 61.125, 4.2451760980794263e-23, nan 
140.375, 61.125, 2.985114610163702e-23, nan 
140.625, 61.125, 4.259967863319655e-23, nan 
140.875, 61.125, 7.200581256669966e-23, nan 
141.125, 61.125, 6.841509641229946e-23, nan 
141.375, 61.125, 4.825880878271769e-23, nan 
141.625, 61.125, 6.328013166331754e-23, nan 
141.875, 61.125, 3.839501359530094e-23, nan 
142.125, 61.125, 4.686631156305304e-23, nan 
142.375, 61.125, 4.366122293389963e-23, nan 
142.625, 61.125, 3.660999169283814e-23, nan 
142.875, 61.125, 7.500109539450028e-23, nan 
143.125, 61.125, 5.558820722177742e-23, nan 
143.375, 61.125, 5.314234997769777e-23, nan 
143.625, 61.125, 8.152044165347838e-23, nan 
143.875, 61.125, 5.729292884272395e-23, nan 
144.125, 61.125, 3.1866178503339766e-23, nan 
144.375, 61.125, 2.402680668687383e-23, nan 
144.625, 61.125, 1.2392543448807797e-23, nan 
144.875, 61.125, 3.557163982740515e-23, nan 
145.125, 61.125, 2.7867960228360953e-23, nan 
145.375, 61.125, 2.3137539503763154e-23, nan 
145.625, 61.125, 2.5362358569965176e-23, nan 
145.875, 61.125, 2.556247087737085e-23, nan 
146.125, 61.125, 3.5985507065324315e-23, nan 
146.375, 61.125, 4.690120619386722e-23, nan 
146.625, 61.125, 7.02576342738415e-23, nan 
146.875, 61.125, 6.064210848886487e-23, nan 
147.125, 61.125, 7.11102382943775e-23, nan 
147.375, 61.125, 7.581583842910137e-23, nan 
147.625, 61.125, 8.557227898286069e-23, nan 
147.875, 61.125, 6.11148177747464e-23, nan 
148.125, 61.125, 7.257013881229394e-23, nan 
148.375, 61.125, 3.104009369990196e-23, nan 
148.625, 61.125, 2.5944060308195262e-23, nan 
148.875, 61.125, 4.7453561712173554e-23, nan 
149.125, 61.125, 6.124059917820516e-23, nan 
149.375, 61.125, 6.065623614135733e-23, nan 
149.625, 61.125, 5.55544573156642e-23, nan 
149.875, 61.125, 1.199472423750604e-22, nan 
150.125, 61.125, 2.241128191612741e-22, nan 
150.375, 61.125, 1.868183049108764e-22, nan 
150.625, 61.125, 1.4131054981373682e-22, nan 
150.875, 61.125, 2.504751974727263e-22, nan 
151.125, 61.125, 3.666454608367554e-22, nan 
151.375, 61.125, 4.0715468544051425e-22, nan 
151.625, 61.125, 2.5110415404880333e-22, nan 
151.875, 61.125, 1.5893528035215397e-22, nan 
152.125, 61.125, 1.8528391113586528e-22, nan 
152.375, 61.125, 1.4660740381544436e-22, nan 
152.625, 61.125, 9.282149853596408e-23, nan 
152.875, 61.125, 1.8080767809908212e-22, nan 
153.125, 61.125, 9.275383767644736e-23, nan 
153.375, 61.125, 1.239529986381258e-22, nan 
153.625, 61.125, 3.897627937847338e-22, nan 
153.875, 61.125, 1.3393247599070539e-22, nan 
154.125, 61.125, 1.6102965541937774e-22, nan 
154.375, 61.125, 2.140286852596522e-22, nan 
154.625, 61.125, 2.1091028803918258e-22, nan 
154.875, 61.125, 2.6272849386896723e-22, nan 
155.125, 61.125, 2.396216049847533e-22, nan 
155.375, 61.125, 2.0156551117475963e-22, nan 
155.625, 61.125, 1.6165870078712307e-22, nan 
155.875, 61.125, 1.8411293684047636e-22, nan 
156.125, 61.125, 3.452488647856861e-22, nan 
156.375, 61.125, 2.7474425311655197e-22, nan 
156.625, 61.125, 1.8052966041408381e-22, nan 
156.875, 61.125, 1.7337025948651798e-22, nan 
157.125, 61.125, 1.1069174342434033e-22, nan 
157.375, 61.125, 1.9428985195122386e-22, nan 
157.625, 61.125, 7.007836802719098e-23, nan 
157.875, 61.125, 1.5199970424785555e-22, nan 
158.125, 61.125, 2.97376976437202e-22, nan 
158.375, 61.125, 3.810368690470614e-22, nan 
158.625, 61.125, 2.0934113528824722e-22, nan 
158.875, 61.125, 2.9666683522551246e-22, nan 
159.125, 61.125, 3.593003418238485e-22, nan 
159.375, 61.125, 2.0028448641857073e-22, nan 
159.625, 61.125, 4.938672174889948e-22, nan 
159.875, 61.125, 4.38441090843306e-22, nan 
160.125, 61.125, 5.915068790101225e-22, nan 
160.375, 61.125, 9.645311012586727e-22, nan 
160.625, 61.125, 9.60351838489363e-22, nan 
160.875, 61.125, 9.954190290218822e-22, nan 
161.125, 61.125, 1.4835443453686768e-21, nan 
161.375, 61.125, 5.076700459360705e-22, nan 
161.625, 61.125, 6.723032350065685e-22, nan 
161.875, 61.125, 1.5821754182233458e-21, nan 
162.125, 61.125, 5.288284987055414e-22, nan 
162.375, 61.125, 4.246382511729411e-22, nan 
162.625, 61.125, 4.437058041003293e-22, nan 
162.875, 61.125, 6.012973043302761e-22, nan 
163.125, 61.125, 8.991432235913476e-22, nan 
163.375, 61.125, 5.872482609639579e-22, nan 
163.625, 61.125, 2.811683006921399e-22, nan 
163.875, 61.125, 5.16091716866612e-22, nan 
164.125, 61.125, 5.856533773604454e-22, nan 
164.375, 61.125, 3.4005663080965925e-22, nan 
164.625, 61.125, 5.050114147887672e-22, nan 
164.875, 61.125, 3.8478585913990053e-22, nan 
165.125, 61.125, 3.9849404224512154e-22, nan 
165.375, 61.125, 8.903015596191146e-22, nan 
165.625, 61.125, 6.267900799652899e-22, nan 
165.875, 61.125, 2.8067411982164057e-22, nan 
166.125, 61.125, 3.8681848728424377e-22, nan 
166.375, 61.125, 6.4847782612462325e-22, nan 
166.625, 61.125, 4.786544355711309e-22, nan 
166.875, 61.125, 4.027324319324801e-22, nan 
167.125, 61.125, 6.1767147499270515e-22, nan 
167.375, 61.125, 7.118996560709777e-22, nan 
167.625, 61.125, 4.965552192183626e-22, nan 
167.875, 61.125, 3.889653522418735e-22, nan 
168.125, 61.125, 3.502985358806688e-22, nan 
168.375, 61.125, 3.7890423502548865e-22, nan 
168.625, 61.125, 3.3138340349004097e-22, nan 
168.875, 61.125, 7.802177925162131e-22, nan 
169.125, 61.125, 3.4256428485569737e-22, nan 
169.375, 61.125, 3.7376705520984837e-22, nan 
169.625, 61.125, 4.7102130277486945e-22, nan 
169.875, 61.125, 3.3034305174225857e-22, nan 
170.125, 61.125, 4.470272775724931e-22, nan 
170.375, 61.125, 8.006699444418303e-22, nan 
170.625, 61.125, 1.0029729853320915e-21, nan 
170.875, 61.125, 7.28148565906489e-22, nan 
171.125, 61.125, 8.57446224045891e-22, nan 
171.375, 61.125, 6.767322038170365e-22, nan 
171.625, 61.125, 5.479332886531342e-22, nan 
171.875, 61.125, 5.017724706757304e-22, nan 
172.125, 61.125, 4.822798828782492e-22, nan 
172.375, 61.125, 4.1805258594955856e-22, nan 
172.625, 61.125, 4.174784640401129e-22, nan 
172.875, 61.125, 6.033109747276805e-22, nan 
173.125, 61.125, 5.890067161366002e-22, nan 
173.375, 61.125, 6.911846267140774e-22, nan 
173.625, 61.125, 7.216184564380469e-22, nan 
173.875, 61.125, 5.48355289765027e-22, nan 
174.125, 61.125, 5.935253240922468e-22, nan 
174.375, 61.125, 6.10558121643318e-22, nan 
174.625, 61.125, 3.866184804393788e-22, nan 
174.875, 61.125, 1.6510689091991223e-22, nan 
175.125, 61.125, 1.8603754346350054e-22, nan 
175.375, 61.125, 2.889203443242241e-22, nan 
175.625, 61.125, 2.4422983189243534e-22, nan 
175.875, 61.125, 2.2693395252175314e-22, nan 
176.125, 61.125, 6.45169682726847e-23, nan 
176.375, 61.125, 2.036708850188462e-22, nan 
176.625, 61.125, 3.16830689277611e-22, nan 
176.875, 61.125, 3.2099651531754334e-22, nan 
177.125, 61.125, 2.735349482628768e-22, nan 
177.375, 61.125, 3.2716419971851274e-22, nan 
177.625, 61.125, 3.642153181924994e-22, nan 
177.875, 61.125, 2.450174792836769e-22, nan 
178.125, 61.125, 1.6060265298476687e-22, nan 
178.375, 61.125, 2.325729734767736e-22, nan 
178.625, 61.125, 2.4882514850444177e-22, nan 
178.875, 61.125, 2.3225258306948534e-22, nan 
179.125, 61.125, 9.521477889970062e-23, nan 
179.375, 61.125, 7.14560745338437e-23, nan 
179.625, 61.125, 8.110738389412455e-23, nan 
179.875, 61.125, 9.678162532561557e-23, nan 
-179.875, 61.375, 3.7179134737289433e-23, nan 
-179.625, 61.375, 9.592341457203998e-23, nan 
-179.375, 61.375, 1.4208290146949626e-22, nan 
-179.125, 61.375, 6.958517888258694e-23, nan 
-178.875, 61.375, 1.409613111220557e-22, nan 
-178.625, 61.375, 1.6588586852864907e-22, nan 
-178.375, 61.375, 8.714624343857381e-23, nan 
-178.125, 61.375, 7.560288044298173e-23, nan 
-177.875, 61.375, 4.305860996791775e-23, nan 
-177.625, 61.375, 3.6339866990242776e-23, nan 
-177.375, 61.375, 1.06293476471467e-22, nan 
-177.125, 61.375, 1.156630483918245e-22, nan 
-176.875, 61.375, 7.466381684469176e-23, nan 
-176.625, 61.375, 9.597531994736205e-23, nan 
-176.375, 61.375, 8.819395629746233e-23, nan 
-176.125, 61.375, 9.538159126483746e-23, nan 
-175.875, 61.375, 9.141931049071746e-23, nan 
-175.625, 61.375, 1.215152880542196e-22, nan 
-175.375, 61.375, 1.5752067239368056e-22, nan 
-175.125, 61.375, 8.366840890407708e-23, nan 
-174.875, 61.375, 1.4827222109388122e-22, nan 
-174.625, 61.375, 9.794597143521804e-23, nan 
-174.375, 61.375, 7.698382681492885e-23, nan 
-174.125, 61.375, 2.1310210629769925e-22, nan 
-173.875, 61.375, 2.541081852464289e-22, nan 
-173.625, 61.375, 3.1061280633701205e-22, nan 
-173.375, 61.375, 1.7378242498491874e-22, nan 
-173.125, 61.375, 2.459773094718937e-22, nan 
-172.875, 61.375, 2.308704883046467e-22, nan 
-172.625, 61.375, 2.315337296765388e-22, nan 
-172.375, 61.375, 1.204800571007276e-22, nan 
-172.125, 61.375, 1.6342984401818321e-22, nan 
-171.875, 61.375, 2.1537222353749557e-22, nan 
-171.625, 61.375, 1.454119637123256e-22, nan 
-171.375, 61.375, 7.491552764772786e-23, nan 
-171.125, 61.375, 4.406728419404335e-23, nan 
-170.875, 61.375, 4.3557277347087407e-23, nan 
-170.625, 61.375, 1.8095762019269126e-23, nan 
-170.375, 61.375, 4.2041799225018166e-23, nan 
-170.125, 61.375, 3.92024867033478e-23, nan 
-169.875, 61.375, 1.9977489863331808e-23, nan 
-169.625, 61.375, 5.41598950267951e-23, nan 
-169.375, 61.375, 3.5909097986926224e-23, nan 
-169.125, 61.375, 2.1127648916051334e-23, nan 
-168.875, 61.375, 1.3040315543292366e-23, nan 
-168.625, 61.375, 3.3941133643863786e-23, nan 
-168.375, 61.375, 4.574913563051966e-23, nan 
-168.125, 61.375, 4.233101563120468e-23, nan 
-167.875, 61.375, 7.229309768267728e-23, nan 
-167.625, 61.375, 7.843874336778847e-23, nan 
-167.375, 61.375, 6.301259588445581e-23, nan 
-167.125, 61.375, 7.397758912417742e-23, nan 
-166.875, 61.375, 4.9084352096144036e-23, nan 
-166.625, 61.375, 3.879038465865706e-23, nan 
-166.375, 61.375, 4.447634241432517e-23, nan 
-166.125, 61.375, 5.703611600123222e-23, nan 
-165.875, 61.375, 4.374052555139695e-23, nan 
-165.625, 61.375, 4.5706289047930613e-23, nan 
-165.375, 61.375, 6.281758864279044e-23, nan 
-165.125, 61.375, 4.480159739742778e-23, nan 
-164.875, 61.375, 4.110026651703228e-23, nan 
-164.625, 61.375, 5.92651810600753e-23, nan 
-164.375, 61.375, 2.995114686457042e-23, nan 
-164.125, 61.375, 1.6420535471040645e-23, nan 
-163.875, 61.375, 3.25448538494194e-23, nan 
-163.625, 61.375, 2.3774851202115854e-23, nan 
-163.375, 61.375, 2.660028522047456e-23, nan 
-163.125, 61.375, 1.1895102281655829e-23, nan 
-162.875, 61.375, 1.8134818875166684e-23, nan 
-162.625, 61.375, 4.323772178564088e-23, nan 
-162.375, 61.375, 4.929303600210029e-23, nan 
-162.125, 61.375, 3.935002495716324e-23, nan 
-161.875, 61.375, 3.8041108482088255e-23, nan 
-161.625, 61.375, 5.39758899042732e-23, nan 
-161.375, 61.375, 5.1202596215831736e-23, nan 
-161.125, 61.375, 2.819247738941696e-23, nan 
-160.875, 61.375, 1.893459259087912e-23, nan 
-160.625, 61.375, 2.4213359102771518e-23, nan 
-160.375, 61.375, 1.8233717861598011e-23, nan 
-160.125, 61.375, 3.846628667328339e-23, nan 
-159.875, 61.375, 2.434508899270721e-23, nan 
-159.625, 61.375, 2.769874222677951e-23, nan 
-159.375, 61.375, 3.6784500715273604e-23, nan 
-159.125, 61.375, 1.9756063554745985e-23, nan 
-158.875, 61.375, 2.6160756247073213e-23, nan 
-158.625, 61.375, 3.693246098948003e-23, nan 
-158.375, 61.375, 2.0743222688311602e-23, nan 
-158.125, 61.375, 2.1044014879765228e-23, nan 
-157.875, 61.375, 2.6900113472682674e-23, nan 
-157.625, 61.375, 1.94599582744266e-23, nan 
-157.375, 61.375, 3.528008319697959e-23, nan 
-157.125, 61.375, 1.5776112438253298e-23, nan 
-156.875, 61.375, 1.9073546470106666e-23, nan 
-156.625, 61.375, 2.7652346437986236e-23, nan 
-156.375, 61.375, 2.0672792716168986e-23, nan 
-156.125, 61.375, 1.336527429375354e-23, nan 
-155.875, 61.375, 2.0600184956960368e-23, nan 
-155.625, 61.375, 2.653685529025939e-23, nan 
-155.375, 61.375, 1.8332048718580246e-23, nan 
-155.125, 61.375, 7.457757854469839e-24, nan 
-154.875, 61.375, 5.685862595646267e-24, nan 
-154.625, 61.375, 1.0053256807554846e-23, nan 
-154.375, 61.375, 8.823337994566811e-24, nan 
-154.125, 61.375, 6.322178291861862e-24, nan 
-153.875, 61.375, 1.3101042231065902e-23, nan 
-153.625, 61.375, 1.3842743702118017e-23, nan 
-153.375, 61.375, 8.787765345633655e-24, nan 
-153.125, 61.375, 1.61121096415918e-23, nan 
-152.875, 61.375, 1.6104706502542278e-23, nan 
-152.625, 61.375, 1.0208197324156258e-23, nan 
-152.375, 61.375, 2.4478735221276483e-23, nan 
-152.125, 61.375, 6.078811105758794e-24, nan 
-151.875, 61.375, 1.1030076458313143e-23, nan 
-151.625, 61.375, 7.82640444796265e-24, nan 
-151.375, 61.375, 1.3205690519597174e-23, nan 
-151.125, 61.375, 1.9213037782016766e-23, nan 
-150.875, 61.375, 2.0915596754794838e-23, nan 
-150.625, 61.375, 2.3528329419429285e-23, nan 
-150.375, 61.375, 1.5386104397705353e-23, nan 
-150.125, 61.375, 1.548882910730889e-23, nan 
-149.875, 61.375, 1.0229812445251288e-23, nan 
-149.625, 61.375, 1.0188589115829563e-23, nan 
-149.375, 61.375, 1.1543284110570032e-23, nan 
-149.125, 61.375, 4.047762561519589e-24, nan 
-148.875, 61.375, 1.3846675674840582e-23, nan 
-148.625, 61.375, 1.660901438295195e-23, nan 
-148.375, 61.375, 6.826268179121802e-24, nan 
-148.125, 61.375, 3.3453963406710045e-23, nan 
-147.875, 61.375, 4.5062458989165663e-23, nan 
-147.625, 61.375, 9.618013418736327e-24, nan 
-147.375, 61.375, 1.8943925546639658e-23, nan 
-147.125, 61.375, 5.745784409712351e-24, nan 
-146.875, 61.375, 7.70983671885606e-24, nan 
-146.625, 61.375, 1.1432242314488554e-23, nan 
-146.375, 61.375, 1.920288307634393e-23, nan 
-146.125, 61.375, 1.8439773531489584e-23, nan 
-145.875, 61.375, 1.533376720361231e-23, nan 
-145.625, 61.375, 2.205971108862982e-23, nan 
-145.375, 61.375, 2.70720953352568e-23, nan 
-145.125, 61.375, 1.459629759727043e-23, nan 
-144.875, 61.375, 1.4973634136273016e-23, nan 
-144.625, 61.375, 1.1577285996615261e-23, nan 
-144.375, 61.375, 1.8572576427009215e-23, nan 
-144.125, 61.375, 1.0536329143673458e-23, nan 
-143.875, 61.375, 1.0933929292469384e-23, nan 
-143.625, 61.375, 1.1225542548191832e-23, nan 
-143.375, 61.375, 7.0901769706371e-24, nan 
-143.125, 61.375, 1.1927133405090401e-23, nan 
-142.875, 61.375, 8.498311940983586e-24, nan 
-142.625, 61.375, 8.01285996628484e-24, nan 
-142.375, 61.375, 7.74939851560605e-24, nan 
-142.125, 61.375, 9.947621646901727e-24, nan 
-141.875, 61.375, 8.060865990995829e-24, nan 
-141.625, 61.375, 1.2081510321946853e-23, nan 
-141.375, 61.375, 1.2232263160757306e-23, nan 
-141.125, 61.375, 1.1967395534434134e-23, nan 
-140.875, 61.375, 6.172434886142323e-24, nan 
-140.625, 61.375, 7.706616875237658e-24, nan 
-140.375, 61.375, 8.376807626019649e-24, nan 
-140.125, 61.375, 5.950935561767105e-24, nan 
-139.875, 61.375, 6.5962190636779e-24, nan 
-139.625, 61.375, 6.584719674563274e-24, nan 
-139.375, 61.375, 6.629531569081456e-24, nan 
-139.125, 61.375, 7.779503416660167e-24, nan 
-138.875, 61.375, 1.1301162902699855e-23, nan 
-138.625, 61.375, 1.1925435249786371e-23, nan 
-138.375, 61.375, 1.0967218242040827e-23, nan 
-138.125, 61.375, 1.1275168686771098e-23, nan 
-137.875, 61.375, 1.1878564219002679e-23, nan 
-137.625, 61.375, 1.1386372938877891e-23, nan 
-137.375, 61.375, 2.4534746412116514e-24, nan 
-137.125, 61.375, 5.3731656066831726e-24, nan 
-136.875, 61.375, 8.378962446947729e-24, nan 
-136.625, 61.375, 4.197624316744278e-24, nan 
-136.375, 61.375, 4.43499905644891e-24, nan 
-136.125, 61.375, 4.276784235484059e-24, nan 
-135.875, 61.375, 4.634268193213636e-24, nan 
-135.625, 61.375, 4.567916236164498e-24, nan 
-135.375, 61.375, 5.4807653738584454e-24, nan 
-135.125, 61.375, 6.530481710996551e-24, nan 
-134.875, 61.375, 6.163046992692663e-24, nan 
-134.625, 61.375, 7.317177653743628e-24, nan 
-134.375, 61.375, 7.281040948440556e-24, nan 
-134.125, 61.375, 8.057209486944382e-24, nan 
-133.875, 61.375, 6.635159024344233e-24, nan 
-133.625, 61.375, 6.02134217449371e-24, nan 
-133.375, 61.375, 5.786767552391652e-24, nan 
-133.125, 61.375, 5.351717253801656e-24, nan 
-132.875, 61.375, 6.1408148320329084e-24, nan 
-132.625, 61.375, 5.4756389480200055e-24, nan 
-132.375, 61.375, 6.6085074954322156e-24, nan 
-132.125, 61.375, 8.66342658528094e-24, nan 
-131.875, 61.375, 7.572953438665085e-24, nan 
-131.625, 61.375, 6.452697370268356e-24, nan 
-131.375, 61.375, 8.351169743752703e-24, nan 
-131.125, 61.375, 8.046750421314117e-23, nan 
-130.875, 61.375, 8.255369016607289e-23, nan 
-130.625, 61.375, 4.0086901323172454e-24, nan 
-130.375, 61.375, 2.3828401785547865e-24, nan 
-130.125, 61.375, 5.220377965096702e-24, nan 
-129.875, 61.375, 5.195497000380614e-24, nan 
101.875, 61.375, 6.819795024736602e-24, nan 
102.125, 61.375, 1.0539325074310594e-23, nan 
102.375, 61.375, 9.508784145798035e-24, nan 
102.625, 61.375, 1.1951408093927787e-23, nan 
102.875, 61.375, 1.060794074510197e-23, nan 
103.125, 61.375, 9.906333436287072e-24, nan 
103.375, 61.375, 4.453273553879591e-24, nan 
103.625, 61.375, 7.677671047116965e-24, nan 
103.875, 61.375, 6.5380098472812635e-24, nan 
104.125, 61.375, 6.0761279086920334e-24, nan 
104.375, 61.375, 6.589169878665897e-24, nan 
104.625, 61.375, 6.107123490354716e-24, nan 
104.875, 61.375, 5.513090157213287e-24, nan 
105.125, 61.375, 3.4241510778794994e-24, nan 
105.375, 61.375, 4.7370489025970566e-24, nan 
105.625, 61.375, 4.341428289403465e-24, nan 
105.875, 61.375, 4.9702624311974145e-24, nan 
106.125, 61.375, 3.0944899776756755e-24, nan 
106.375, 61.375, 3.113045726461984e-24, nan 
106.625, 61.375, 4.080191368528898e-24, nan 
106.875, 61.375, 2.750482099590782e-24, nan 
107.125, 61.375, 2.676400597492235e-24, nan 
107.375, 61.375, 3.2482225400018368e-24, nan 
107.625, 61.375, 3.054511676933689e-24, nan 
107.875, 61.375, 3.567709317722219e-24, nan 
108.125, 61.375, 3.413960573288617e-24, nan 
108.375, 61.375, 4.534338088498754e-24, nan 
108.625, 61.375, 3.3006329053593805e-24, nan 
108.875, 61.375, 4.2834848012058296e-24, nan 
109.125, 61.375, 8.790006503569575e-24, nan 
109.375, 61.375, 4.587133456762041e-24, nan 
109.625, 61.375, 5.02427457727867e-24, nan 
109.875, 61.375, 5.079714098496614e-24, nan 
110.125, 61.375, 7.003370096478357e-24, nan 
110.375, 61.375, 6.0048178305018744e-24, nan 
110.625, 61.375, 5.874830651171876e-24, nan 
110.875, 61.375, 9.97063664619799e-24, nan 
111.125, 61.375, 8.21500904269152e-24, nan 
111.375, 61.375, 7.934383322717483e-24, nan 
111.625, 61.375, 8.238689989077321e-24, nan 
111.875, 61.375, 7.734313270735096e-24, nan 
112.125, 61.375, 5.023759878832435e-24, nan 
112.375, 61.375, 3.6193921044766785e-24, nan 
112.625, 61.375, 4.711458697421281e-24, nan 
112.875, 61.375, 6.929115552318891e-24, nan 
113.125, 61.375, 6.909341937286889e-24, nan 
113.375, 61.375, 7.430261532520968e-24, nan 
113.625, 61.375, 7.292692762787813e-24, nan 
113.875, 61.375, 9.726270565638392e-24, nan 
114.125, 61.375, 8.81258619018501e-24, nan 
114.375, 61.375, 7.940834792418748e-24, nan 
114.625, 61.375, 9.087711587323571e-24, nan 
114.875, 61.375, 9.830583855097417e-24, nan 
115.125, 61.375, 4.6836868074938944e-24, nan 
115.375, 61.375, 3.9694740350221555e-24, nan 
115.625, 61.375, 2.8102452735933906e-24, nan 
115.875, 61.375, 3.789080100041146e-24, nan 
116.125, 61.375, 4.262256443933756e-24, nan 
116.375, 61.375, 4.421943053697659e-24, nan 
116.625, 61.375, 5.529574106962819e-24, nan 
116.875, 61.375, 7.054222733534147e-24, nan 
117.125, 61.375, 6.1298498109498915e-24, nan 
117.375, 61.375, 6.690452467922994e-24, nan 
117.625, 61.375, 7.454977251458423e-24, nan 
117.875, 61.375, 6.4019129490242344e-24, nan 
118.125, 61.375, 5.6442977375251495e-24, nan 
118.375, 61.375, 4.130617002970966e-24, nan 
118.625, 61.375, 4.552307758144489e-24, nan 
118.875, 61.375, 4.507476399076146e-24, nan 
119.125, 61.375, 7.648309273320603e-24, nan 
119.375, 61.375, 1.4705517385892695e-23, nan 
119.625, 61.375, 7.532989770392614e-24, nan 
119.875, 61.375, 6.996028494594768e-24, nan 
120.125, 61.375, 7.717774735468546e-24, nan 
120.375, 61.375, 8.341543665448562e-24, nan 
120.625, 61.375, 9.714321836803249e-24, nan 
120.875, 61.375, 4.8083051887276354e-24, nan 
121.125, 61.375, 2.0048794679935505e-24, nan 
121.375, 61.375, 7.179741572917813e-24, nan 
121.625, 61.375, 1.0376883392986263e-23, nan 
121.875, 61.375, 5.5764269600072956e-24, nan 
122.125, 61.375, 2.1858901179675586e-24, nan 
122.375, 61.375, 9.208646076485147e-24, nan 
122.625, 61.375, 1.0832904605582954e-23, nan 
122.875, 61.375, 9.226373581257948e-24, nan 
123.125, 61.375, 1.1395165797351975e-23, nan 
123.375, 61.375, 1.4057528374359503e-23, nan 
123.625, 61.375, 1.2454361746002503e-23, nan 
123.875, 61.375, 1.093356539930436e-23, nan 
124.125, 61.375, 6.757228040884638e-24, nan 
124.375, 61.375, 9.894309761173258e-24, nan 
124.625, 61.375, 1.6287157373821044e-23, nan 
124.875, 61.375, 8.170134142315853e-24, nan 
125.125, 61.375, 9.246878630129415e-24, nan 
125.375, 61.375, 1.6083802365717255e-23, nan 
125.625, 61.375, 8.009273497527255e-24, nan 
125.875, 61.375, 1.272094842557066e-23, nan 
126.125, 61.375, 2.0425264833125073e-23, nan 
126.375, 61.375, 1.8320984817787506e-23, nan 
126.625, 61.375, 1.611256890223164e-23, nan 
126.875, 61.375, 2.789593673489612e-23, nan 
127.125, 61.375, 3.878355414834209e-23, nan 
127.375, 61.375, 2.927917096905433e-23, nan 
127.625, 61.375, 3.7953219663193015e-23, nan 
127.875, 61.375, 2.7943097632938466e-23, nan 
128.125, 61.375, 1.528743587320177e-23, nan 
128.375, 61.375, 1.3992269119290693e-23, nan 
128.625, 61.375, 1.1999898423786443e-23, nan 
128.875, 61.375, 3.4998927001769295e-24, nan 
129.125, 61.375, 5.057348705154445e-24, nan 
129.375, 61.375, 5.7369582982897796e-24, nan 
129.625, 61.375, 4.8222994496146965e-24, nan 
129.875, 61.375, 5.582438797362592e-24, nan 
130.125, 61.375, 1.5831826004247e-23, nan 
130.375, 61.375, 1.4058853740077212e-23, nan 
130.625, 61.375, 2.0124063750075937e-23, nan 
130.875, 61.375, 3.0146303740843295e-23, nan 
131.125, 61.375, 2.5939144062005072e-23, nan 
131.375, 61.375, 2.801627037176591e-23, nan 
131.625, 61.375, 8.866924444951565e-24, nan 
131.875, 61.375, 6.476294776120154e-24, nan 
132.125, 61.375, 8.678533482157053e-24, nan 
132.375, 61.375, 1.1737557455479112e-23, nan 
132.625, 61.375, 1.37989867579876e-23, nan 
132.875, 61.375, 1.3022605849070285e-23, nan 
133.125, 61.375, 2.516331453425089e-23, nan 
133.375, 61.375, 2.694517302480808e-23, nan 
133.625, 61.375, 1.6561352881593856e-23, nan 
133.875, 61.375, 4.269667838555047e-23, nan 
134.125, 61.375, 3.7769221978815737e-23, nan 
134.375, 61.375, 3.6150932708053e-23, nan 
134.625, 61.375, 3.2370363392309337e-23, nan 
134.875, 61.375, 3.2012843284820675e-23, nan 
135.125, 61.375, 3.2420366022153184e-23, nan 
135.375, 61.375, 2.4687688204114754e-23, nan 
135.625, 61.375, 1.9685154961065046e-23, nan 
135.875, 61.375, 9.52730409695798e-24, nan 
136.125, 61.375, 1.095344797187626e-23, nan 
136.375, 61.375, 2.4989912218738107e-23, nan 
136.625, 61.375, 1.004025353861362e-23, nan 
136.875, 61.375, 9.070866053930248e-24, nan 
137.125, 61.375, 9.455218674179774e-24, nan 
137.375, 61.375, 8.869874467974125e-24, nan 
137.625, 61.375, 8.973103471356714e-24, nan 
137.875, 61.375, 3.069026525243798e-23, nan 
138.125, 61.375, 2.559465076383391e-23, nan 
138.375, 61.375, 1.920605843854011e-23, nan 
138.625, 61.375, 4.4933069917650907e-23, nan 
138.875, 61.375, 2.854570329866372e-23, nan 
139.125, 61.375, 1.6619002247562927e-23, nan 
139.375, 61.375, 2.023217142861456e-23, nan 
139.625, 61.375, 1.8089690532336278e-23, nan 
139.875, 61.375, 3.028737479117012e-23, nan 
140.125, 61.375, 2.652438080926584e-23, nan 
140.375, 61.375, 1.486689046636276e-23, nan 
140.625, 61.375, 5.322643237834874e-23, nan 
140.875, 61.375, 6.087348954380472e-23, nan 
141.125, 61.375, 5.708934017406076e-23, nan 
141.375, 61.375, 6.643651971333494e-23, nan 
141.625, 61.375, 5.964118083881583e-23, nan 
141.875, 61.375, 2.019918992802842e-23, nan 
142.125, 61.375, 6.021876448059829e-23, nan 
142.375, 61.375, 5.150032862867774e-23, nan 
142.625, 61.375, 3.1243895532861826e-23, nan 
142.875, 61.375, 7.948874724307774e-23, nan 
143.125, 61.375, 7.336202860076856e-23, nan 
143.375, 61.375, 6.468788469831625e-23, nan 
143.625, 61.375, 8.704533572804665e-23, nan 
143.875, 61.375, 7.498617562206159e-23, nan 
144.125, 61.375, 5.375409628725645e-23, nan 
144.375, 61.375, 2.0772785379979972e-23, nan 
144.625, 61.375, 4.5572602354746986e-23, nan 
144.875, 61.375, 7.707400202498015e-23, nan 
145.125, 61.375, 5.680695221107296e-23, nan 
145.375, 61.375, 4.550104954805703e-23, nan 
145.625, 61.375, 4.284900631719758e-23, nan 
145.875, 61.375, 3.472367084239141e-23, nan 
146.125, 61.375, 5.1364122405261024e-23, nan 
146.375, 61.375, 4.284641966833463e-23, nan 
146.625, 61.375, 4.9075662503166846e-23, nan 
146.875, 61.375, 5.829729375080157e-23, nan 
147.125, 61.375, 5.512683053095182e-23, nan 
147.375, 61.375, 5.3466469088212e-23, nan 
147.625, 61.375, 8.249962332987531e-23, nan 
147.875, 61.375, 6.0340433188478e-23, nan 
148.125, 61.375, 3.9377419858404104e-23, nan 
148.375, 61.375, 7.43667350564007e-23, nan 
148.625, 61.375, 3.392593462089186e-23, nan 
148.875, 61.375, 6.399806849089954e-23, nan 
149.125, 61.375, 8.922002340179717e-23, nan 
149.375, 61.375, 1.262085573301401e-22, nan 
149.625, 61.375, 9.800849905750275e-23, nan 
149.875, 61.375, 1.5804518408172754e-22, nan 
150.125, 61.375, 2.0203866623265627e-22, nan 
150.375, 61.375, 1.6857687975717153e-22, nan 
150.625, 61.375, 1.6670348646631748e-22, nan 
150.875, 61.375, 2.207034673800883e-22, nan 
151.125, 61.375, 2.5481415433370773e-22, nan 
151.375, 61.375, 2.0644333877567092e-22, nan 
151.625, 61.375, 2.1184980568006984e-22, nan 
151.875, 61.375, 1.529460572668721e-22, nan 
152.125, 61.375, 1.206780157943691e-22, nan 
152.375, 61.375, 1.1310460019770917e-22, nan 
152.625, 61.375, 9.145755576575911e-23, nan 
152.875, 61.375, 9.716597833898755e-23, nan 
153.125, 61.375, 1.327094765549519e-22, nan 
153.375, 61.375, 1.3017799298738295e-22, nan 
153.625, 61.375, 3.2974008675248477e-22, nan 
153.875, 61.375, 1.2635328432105316e-22, nan 
154.125, 61.375, 6.413085558024573e-23, nan 
154.375, 61.375, 1.9352656484738428e-22, nan 
154.625, 61.375, 9.688239608323052e-23, nan 
154.875, 61.375, 2.702581551570101e-22, nan 
155.125, 61.375, 3.018572119384167e-22, nan 
155.375, 61.375, 1.247989887823623e-22, nan 
155.625, 61.375, 3.2504943372933642e-22, nan 
155.875, 61.375, 2.7548018464300182e-22, nan 
156.125, 61.375, 4.6991361720011385e-22, nan 
156.375, 61.375, 4.007585767203842e-22, nan 
156.625, 61.375, 2.5538507539431926e-22, nan 
156.875, 61.375, 3.790316840495248e-22, nan 
157.125, 61.375, 3.263622877738381e-22, nan 
157.375, 61.375, 2.4464191170393016e-22, nan 
157.625, 61.375, 1.7967479186402087e-22, nan 
157.875, 61.375, 2.406743330630244e-22, nan 
158.125, 61.375, 5.48053015543544e-22, nan 
158.375, 61.375, 4.605732674110348e-22, nan 
158.625, 61.375, 2.999991175082297e-22, nan 
158.875, 61.375, 5.310681043538438e-22, nan 
159.125, 61.375, 4.888310867692072e-22, nan 
159.375, 61.375, 1.639340816691311e-22, nan 
159.625, 61.375, 4.503711535800153e-22, nan 
159.875, 61.375, 5.663836990437409e-22, nan 
160.125, 61.375, 5.577565008181797e-22, nan 
160.375, 61.375, 7.853754530600878e-22, nan 
160.625, 61.375, 9.600675175661904e-22, nan 
160.875, 61.375, 9.486074720857997e-22, nan 
161.125, 61.375, 8.136420250975743e-22, nan 
161.375, 61.375, 5.741483320969271e-22, nan 
161.625, 61.375, 8.3993598625939885e-22, nan 
161.875, 61.375, 9.9502756056873e-22, nan 
162.125, 61.375, 5.28520001516274e-22, nan 
162.375, 61.375, 2.748507888203456e-22, nan 
162.625, 61.375, 2.430674565471857e-22, nan 
162.875, 61.375, 1.5953112167907742e-22, nan 
163.125, 61.375, 2.127212873689915e-22, nan 
163.375, 61.375, 3.912997066712782e-22, nan 
163.625, 61.375, 3.6223661016690325e-22, nan 
163.875, 61.375, 4.306779435159938e-22, nan 
164.125, 61.375, 4.676585711973506e-22, nan 
164.375, 61.375, 5.315858281180302e-22, nan 
164.625, 61.375, 3.3747667578780857e-22, nan 
164.875, 61.375, 4.2212845831001573e-22, nan 
165.125, 61.375, 5.652790136684758e-22, nan 
165.375, 61.375, 9.229247356425473e-22, nan 
165.625, 61.375, 6.513041129362226e-22, nan 
165.875, 61.375, 9.204305909281744e-22, nan 
166.125, 61.375, 7.045868337145897e-22, nan 
166.375, 61.375, 7.829813367796493e-22, nan 
166.625, 61.375, 6.012346985956499e-22, nan 
166.875, 61.375, 5.634623648139331e-22, nan 
167.125, 61.375, 5.625387861519269e-22, nan 
167.375, 61.375, 5.304658848078164e-22, nan 
167.625, 61.375, 6.082169313522276e-22, nan 
167.875, 61.375, 5.664505181061721e-22, nan 
168.125, 61.375, 4.999716974084788e-22, nan 
168.375, 61.375, 3.85262315816649e-22, nan 
168.625, 61.375, 3.705104908938682e-22, nan 
168.875, 61.375, 6.401071419282653e-22, nan 
169.125, 61.375, 2.6799047593835935e-22, nan 
169.375, 61.375, 2.0851625328891052e-22, nan 
169.625, 61.375, 6.48207515568741e-22, nan 
169.875, 61.375, 1.2796233173361125e-21, nan 
170.125, 61.375, 9.650761392728731e-22, nan 
170.375, 61.375, 1.66223480484941e-21, nan 
170.625, 61.375, 1.7081132544897843e-21, nan 
170.875, 61.375, 1.0255787133347342e-21, nan 
171.125, 61.375, 1.116716379237581e-21, nan 
171.375, 61.375, 1.4267495023134341e-21, nan 
171.625, 61.375, 1.2542700323462948e-21, nan 
171.875, 61.375, 6.880994523392746e-22, nan 
172.125, 61.375, 8.571228031603118e-22, nan 
172.375, 61.375, 4.864379244926971e-22, nan 
172.625, 61.375, 4.761935693519111e-22, nan 
172.875, 61.375, 6.0618477507036825e-22, nan 
173.125, 61.375, 8.665059927169973e-22, nan 
173.375, 61.375, 9.888582896531693e-22, nan 
173.625, 61.375, 6.367784469320714e-22, nan 
173.875, 61.375, 6.271500978580652e-22, nan 
174.125, 61.375, 6.947448588097467e-22, nan 
174.375, 61.375, 5.037775774115563e-22, nan 
174.625, 61.375, 2.352666967534099e-22, nan 
174.875, 61.375, 1.5727254042128287e-22, nan 
175.125, 61.375, 1.744681978061697e-22, nan 
175.375, 61.375, 2.794416333423797e-22, nan 
175.625, 61.375, 2.030943239535003e-22, nan 
175.875, 61.375, 1.3605008160937482e-22, nan 
176.125, 61.375, 1.4544650193306798e-22, nan 
176.375, 61.375, 1.4380297651571691e-22, nan 
176.625, 61.375, 1.952173570771524e-22, nan 
176.875, 61.375, 2.5749032092776253e-22, nan 
177.125, 61.375, 3.0425027169861904e-22, nan 
177.375, 61.375, 3.034912133470074e-22, nan 
177.625, 61.375, 2.472455942654238e-22, nan 
177.875, 61.375, 3.3054443950898933e-22, nan 
178.125, 61.375, 4.468916796858326e-22, nan 
178.375, 61.375, 1.9026400796481197e-22, nan 
178.625, 61.375, 2.523782352716641e-22, nan 
178.875, 61.375, 5.802814003554714e-22, nan 
179.125, 61.375, 1.570529501069589e-22, nan 
179.375, 61.375, 1.3730273070137509e-22, nan 
179.625, 61.375, 1.8224496719989003e-22, nan 
179.875, 61.375, 4.095786618757123e-23, nan 
-179.875, 61.625, 1.078716237355702e-22, nan 
-179.625, 61.625, 1.0745132477209725e-22, nan 
-179.375, 61.625, 2.402975422337679e-22, nan 
-179.125, 61.625, 1.6018605624142168e-22, nan 
-178.875, 61.625, 1.1421121252563903e-22, nan 
-178.625, 61.625, 2.228335535848343e-22, nan 
-178.375, 61.625, 2.207123677224309e-22, nan 
-178.125, 61.625, 8.980171827470246e-23, nan 
-177.875, 61.625, 1.1377858165731933e-22, nan 
-177.625, 61.625, 9.964299667762746e-23, nan 
-177.375, 61.625, 7.533868998535257e-23, nan 
-177.125, 61.625, 5.928952174944972e-23, nan 
-176.875, 61.625, 8.393221900997096e-23, nan 
-176.625, 61.625, 8.376019849377671e-23, nan 
-176.375, 61.625, 4.5557919642526176e-23, nan 
-176.125, 61.625, 1.4985188611643607e-22, nan 
-175.875, 61.625, 8.112357617068913e-23, nan 
-175.625, 61.625, 9.244862769024688e-23, nan 
-175.375, 61.625, 1.7726144736470876e-22, nan 
-175.125, 61.625, 1.8231665233697755e-22, nan 
-174.875, 61.625, 1.6714224282196065e-22, nan 
-174.625, 61.625, 1.4218114560674177e-22, nan 
-174.375, 61.625, 2.2199273130376803e-22, nan 
-174.125, 61.625, 2.0577287843308947e-22, nan 
-173.875, 61.625, 3.3955889628410377e-22, nan 
-173.625, 61.625, 5.495868042814112e-22, nan 
-173.375, 61.625, 3.2212711604415036e-22, nan 
-173.125, 61.625, 2.0338317685612688e-22, nan 
-172.875, 61.625, 3.0510465550067204e-22, nan 
-172.625, 61.625, 2.1236480119782296e-22, nan 
-172.375, 61.625, 6.684049256260582e-23, nan 
-172.125, 61.625, 1.6240213134333829e-22, nan 
-171.875, 61.625, 2.267731087304168e-22, nan 
-171.625, 61.625, 1.303787091868246e-22, nan 
-171.375, 61.625, 8.397025169353412e-23, nan 
-171.125, 61.625, 1.2133543068755267e-22, nan 
-170.875, 61.625, 6.056322133868292e-23, nan 
-170.625, 61.625, 3.8793997668250183e-23, nan 
-170.375, 61.625, 5.682131296526372e-23, nan 
-170.125, 61.625, 5.30818668502125e-23, nan 
-169.875, 61.625, 3.676630244036918e-23, nan 
-169.625, 61.625, 5.435294266316002e-23, nan 
-169.375, 61.625, 5.934174519911684e-23, nan 
-169.125, 61.625, 5.650612580811405e-23, nan 
-168.875, 61.625, 3.8191569172920923e-23, nan 
-168.625, 61.625, 6.881390481707916e-23, nan 
-168.375, 61.625, 8.606723110647999e-23, nan 
-168.125, 61.625, 5.925725920234326e-23, nan 
-167.875, 61.625, 2.739988408311781e-23, nan 
-167.625, 61.625, 4.6691464936233075e-23, nan 
-167.375, 61.625, 5.539242738835101e-23, nan 
-167.125, 61.625, 6.479167237029913e-23, nan 
-166.875, 61.625, 5.535645974850403e-23, nan 
-166.625, 61.625, 5.085166063408046e-23, nan 
-166.375, 61.625, 3.929355185950319e-23, nan 
-166.125, 61.625, 4.6908605374172316e-23, nan 
-165.875, 61.625, 4.921151829555337e-23, nan 
-165.625, 61.625, 5.493519559504294e-23, nan 
-165.375, 61.625, 8.656940718335695e-23, nan 
-165.125, 61.625, 7.97108928057165e-23, nan 
-164.875, 61.625, 8.816687534158955e-23, nan 
-164.625, 61.625, 5.59069685447659e-23, nan 
-164.375, 61.625, 4.15877081662517e-23, nan 
-164.125, 61.625, 4.765712556464269e-23, nan 
-163.875, 61.625, 3.3391611519350093e-23, nan 
-163.625, 61.625, 8.739627314018726e-23, nan 
-163.375, 61.625, 9.270665174521429e-23, nan 
-163.125, 61.625, 2.2625525701522876e-23, nan 
-162.875, 61.625, 1.9705546457483898e-23, nan 
-162.625, 61.625, 3.363027181593463e-23, nan 
-162.375, 61.625, 3.8264935178958946e-23, nan 
-162.125, 61.625, 2.1910405487539818e-23, nan 
-161.875, 61.625, 3.479812756160137e-23, nan 
-161.625, 61.625, 4.186078567422303e-23, nan 
-161.375, 61.625, 3.2249033990160413e-23, nan 
-161.125, 61.625, 1.697903450464103e-23, nan 
-160.875, 61.625, 2.679026545391796e-23, nan 
-160.625, 61.625, 2.6890014767773947e-23, nan 
-160.375, 61.625, 1.583397210729508e-23, nan 
-160.125, 61.625, 3.586543738719999e-23, nan 
-159.875, 61.625, 2.9899752996608985e-23, nan 
-159.625, 61.625, 3.92684750380934e-23, nan 
-159.375, 61.625, 3.787081693072806e-23, nan 
-159.125, 61.625, 2.890936499560914e-23, nan 
-158.875, 61.625, 4.4090324771389135e-23, nan 
-158.625, 61.625, 4.10448259415888e-23, nan 
-158.375, 61.625, 2.982477149854007e-23, nan 
-158.125, 61.625, 2.885305859585939e-23, nan 
-157.875, 61.625, 2.7312501663738175e-23, nan 
-157.625, 61.625, 2.2138551630454945e-23, nan 
-157.375, 61.625, 2.967076340087634e-23, nan 
-157.125, 61.625, 2.047570212844491e-23, nan 
-156.875, 61.625, 1.4875984186203998e-23, nan 
-156.625, 61.625, 2.9106194931242765e-23, nan 
-156.375, 61.625, 1.7657007722086067e-23, nan 
-156.125, 61.625, 2.0231302663911248e-23, nan 
-155.875, 61.625, 2.5547126331886178e-23, nan 
-155.625, 61.625, 9.988058967287552e-24, nan 
-155.375, 61.625, 2.03431285529852e-23, nan 
-155.125, 61.625, 1.2612932412569927e-23, nan 
-154.875, 61.625, 1.2341640272753409e-23, nan 
-154.625, 61.625, 1.465335465849516e-23, nan 
-154.375, 61.625, 1.3935409408305488e-23, nan 
-154.125, 61.625, 7.429026884989485e-24, nan 
-153.875, 61.625, 1.0284141679528004e-23, nan 
-153.625, 61.625, 1.1121364637699051e-23, nan 
-153.375, 61.625, 1.1501845429804684e-23, nan 
-153.125, 61.625, 1.5564663102190826e-23, nan 
-152.875, 61.625, 1.9024299931115677e-23, nan 
-152.625, 61.625, 1.770810805771153e-23, nan 
-152.375, 61.625, 1.4743295064203146e-23, nan 
-152.125, 61.625, 2.0792911340270163e-23, nan 
-151.875, 61.625, 2.6955183733479044e-23, nan 
-151.625, 61.625, 5.306737704357199e-24, nan 
-151.375, 61.625, 1.3646780324776495e-23, nan 
-151.125, 61.625, 2.1708063026535456e-23, nan 
-150.875, 61.625, 1.822498016151425e-23, nan 
-150.625, 61.625, 1.896490899311426e-23, nan 
-150.375, 61.625, 1.809265720997133e-23, nan 
-150.125, 61.625, 1.837173947002143e-23, nan 
-149.875, 61.625, 1.464442223608738e-23, nan 
-149.625, 61.625, 1.0011074871200836e-23, nan 
-149.375, 61.625, 1.2175298063844655e-23, nan 
-149.125, 61.625, 9.379341294942998e-24, nan 
-148.875, 61.625, 1.0950509484393463e-23, nan 
-148.625, 61.625, 1.866312262450376e-23, nan 
-148.375, 61.625, 6.899392402568121e-24, nan 
-148.125, 61.625, 2.0786153194156658e-23, nan 
-147.875, 61.625, 5.553927221246935e-24, nan 
-147.625, 61.625, 3.871108729002771e-24, nan 
-147.375, 61.625, 1.238851864969732e-23, nan 
-147.125, 61.625, 9.23398759725457e-24, nan 
-146.875, 61.625, 5.51442074477618e-24, nan 
-146.625, 61.625, 7.506913389867508e-24, nan 
-146.375, 61.625, 6.697357432999741e-24, nan 
-146.125, 61.625, 1.063213348693479e-23, nan 
-145.875, 61.625, 1.4236746813025628e-23, nan 
-145.625, 61.625, 2.036769391311165e-23, nan 
-145.375, 61.625, 2.6476244200476026e-23, nan 
-145.125, 61.625, 2.3410954447830243e-23, nan 
-144.875, 61.625, 1.929127023426762e-23, nan 
-144.625, 61.625, 1.6020406688582859e-23, nan 
-144.375, 61.625, 1.8892212500737325e-23, nan 
-144.125, 61.625, 1.2718837430739211e-23, nan 
-143.875, 61.625, 1.358367421899227e-23, nan 
-143.625, 61.625, 1.9825779660983537e-23, nan 
-143.375, 61.625, 1.1329360179902832e-23, nan 
-143.125, 61.625, 1.5803308860166192e-23, nan 
-142.875, 61.625, 2.0735080826483822e-23, nan 
-142.625, 61.625, 1.0545125301994525e-23, nan 
-142.375, 61.625, 5.4832596580698316e-24, nan 
-142.125, 61.625, 6.692354614939862e-24, nan 
-141.875, 61.625, 4.5047927495997554e-24, nan 
-141.625, 61.625, 1.1174209099920467e-23, nan 
-141.375, 61.625, 1.2204859126690731e-23, nan 
-141.125, 61.625, 9.902935427173846e-24, nan 
-140.875, 61.625, 1.036806052365065e-23, nan 
-140.625, 61.625, 7.58014751665448e-24, nan 
-140.375, 61.625, 6.585315139343209e-24, nan 
-140.125, 61.625, 7.423070298985993e-24, nan 
-139.875, 61.625, 7.644585746587584e-24, nan 
-139.625, 61.625, 7.0550659517416e-24, nan 
-139.375, 61.625, 7.384854443781205e-24, nan 
-139.125, 61.625, 6.743269823907557e-24, nan 
-138.875, 61.625, 6.939605029104124e-24, nan 
-138.625, 61.625, 8.544485348850175e-24, nan 
-138.375, 61.625, 9.415108567382329e-24, nan 
-138.125, 61.625, 9.996355111377588e-24, nan 
-137.875, 61.625, 1.1841914276889418e-23, nan 
-137.625, 61.625, 1.1889434560248967e-23, nan 
-137.375, 61.625, 8.224351599340198e-24, nan 
-137.125, 61.625, 6.73912430544724e-24, nan 
-136.875, 61.625, 4.965313511907343e-24, nan 
-136.625, 61.625, 3.7338979178610824e-24, nan 
-136.375, 61.625, 3.5867676595118176e-24, nan 
-136.125, 61.625, 4.842653963895971e-24, nan 
-135.875, 61.625, 2.2957841135265348e-24, nan 
-135.625, 61.625, 3.868167829713123e-24, nan 
-135.375, 61.625, 4.81205603005934e-24, nan 
-135.125, 61.625, 5.1286736854246846e-24, nan 
-134.875, 61.625, 3.799829110868794e-24, nan 
-134.625, 61.625, 4.751365443629e-24, nan 
-134.375, 61.625, 4.719299619544534e-24, nan 
-134.125, 61.625, 5.562098711621827e-24, nan 
-133.875, 61.625, 6.0438860479889894e-24, nan 
-133.625, 61.625, 5.157212436635567e-24, nan 
-133.375, 61.625, 5.64867538563982e-24, nan 
-133.125, 61.625, 5.9233564907040134e-24, nan 
-132.875, 61.625, 6.215782638933769e-24, nan 
-132.625, 61.625, 6.3358531548437185e-24, nan 
-132.375, 61.625, 5.950507831419347e-24, nan 
-132.125, 61.625, 5.621388569430033e-24, nan 
-131.875, 61.625, 5.2625804768564094e-23, nan 
-131.625, 61.625, 5.633622309425778e-23, nan 
-131.375, 61.625, 7.14132022081308e-24, nan 
-131.125, 61.625, 1.333262531190244e-22, nan 
-130.875, 61.625, 1.3695003640605265e-22, nan 
-130.625, 61.625, 7.315131353226945e-24, nan 
-130.375, 61.625, 5.543098366928766e-23, nan 
-130.125, 61.625, 5.39947360046568e-23, nan 
-129.875, 61.625, 7.238624372289231e-24, nan 
-129.625, 61.625, 6.955782146844258e-24, nan 
101.625, 61.625, 3.180711389389744e-24, nan 
101.875, 61.625, 1.1725123355279483e-23, nan 
102.125, 61.625, 1.02403249221542e-23, nan 
102.375, 61.625, 1.218583694731143e-23, nan 
102.625, 61.625, 1.330451813124227e-23, nan 
102.875, 61.625, 1.1344150313286213e-23, nan 
103.125, 61.625, 8.682376105815997e-24, nan 
103.375, 61.625, 6.2466644788173366e-24, nan 
103.625, 61.625, 6.858277187961285e-24, nan 
103.875, 61.625, 6.466553213911516e-24, nan 
104.125, 61.625, 5.236868859034659e-24, nan 
104.375, 61.625, 5.8958036296481065e-24, nan 
104.625, 61.625, 4.245712921310925e-24, nan 
104.875, 61.625, 4.2221000006567684e-24, nan 
105.125, 61.625, 3.428843355295514e-24, nan 
105.375, 61.625, 4.265764247605161e-24, nan 
105.625, 61.625, 4.2240644632850334e-24, nan 
105.875, 61.625, 4.1884459877891116e-24, nan 
106.125, 61.625, 3.0275842479170353e-24, nan 
106.375, 61.625, 3.446023341472386e-24, nan 
106.625, 61.625, 3.853220148212135e-24, nan 
106.875, 61.625, 2.301606156427021e-24, nan 
107.125, 61.625, 1.8469164639743342e-24, nan 
107.375, 61.625, 3.413488332037583e-24, nan 
107.625, 61.625, 2.8090432706093937e-24, nan 
107.875, 61.625, 3.034825071879011e-24, nan 
108.125, 61.625, 3.5026934320986564e-24, nan 
108.375, 61.625, 3.5868212684277756e-24, nan 
108.625, 61.625, 3.141095519681701e-24, nan 
108.875, 61.625, 3.62620626777492e-24, nan 
109.125, 61.625, 8.487981485343996e-24, nan 
109.375, 61.625, 7.840497304822338e-24, nan 
109.625, 61.625, 8.308874358906522e-24, nan 
109.875, 61.625, 7.889190980536369e-24, nan 
110.125, 61.625, 5.601614714921322e-24, nan 
110.375, 61.625, 4.544825841978737e-24, nan 
110.625, 61.625, 6.732087835378091e-24, nan 
110.875, 61.625, 7.636176972029535e-24, nan 
111.125, 61.625, 6.02418696175577e-24, nan 
111.375, 61.625, 6.041350685099856e-24, nan 
111.625, 61.625, 6.3617642391193594e-24, nan 
111.875, 61.625, 3.581205126943509e-24, nan 
112.125, 61.625, 3.964906137051461e-24, nan 
112.375, 61.625, 3.513176236935926e-24, nan 
112.625, 61.625, 1.5193024957163168e-24, nan 
112.875, 61.625, 4.735998070038137e-24, nan 
113.125, 61.625, 2.585211214129098e-24, nan 
113.375, 61.625, 4.7769957890732746e-24, nan 
113.625, 61.625, 4.340608262880724e-24, nan 
113.875, 61.625, 6.77325560308101e-24, nan 
114.125, 61.625, 6.235237681683741e-24, nan 
114.375, 61.625, 3.948887727393421e-24, nan 
114.625, 61.625, 2.8967250792714776e-24, nan 
114.875, 61.625, 6.010405821766359e-24, nan 
115.125, 61.625, 5.2420650133090645e-24, nan 
115.375, 61.625, 2.769927393530489e-24, nan 
115.625, 61.625, 5.710362678931005e-24, nan 
115.875, 61.625, 1.0627639135550482e-23, nan 
116.125, 61.625, 3.746170255888495e-24, nan 
116.375, 61.625, 2.6083604597275797e-24, nan 
116.625, 61.625, 5.479931724896576e-24, nan 
116.875, 61.625, 6.487936444031621e-24, nan 
117.125, 61.625, 5.0624783891942234e-24, nan 
117.375, 61.625, 7.205291968610895e-24, nan 
117.625, 61.625, 9.310018224816439e-24, nan 
117.875, 61.625, 7.39594825983937e-24, nan 
118.125, 61.625, 7.588012828892452e-24, nan 
118.375, 61.625, 6.507146518490781e-24, nan 
118.625, 61.625, 4.0764039925132905e-24, nan 
118.875, 61.625, 3.397768919609369e-24, nan 
119.125, 61.625, 5.4258953272014404e-24, nan 
119.375, 61.625, 9.30904209406877e-24, nan 
119.625, 61.625, 1.2094022241641057e-23, nan 
119.875, 61.625, 9.550349919207205e-24, nan 
120.125, 61.625, 4.6450870405075925e-24, nan 
120.375, 61.625, 8.309821919783917e-24, nan 
120.625, 61.625, 1.4761731371379414e-23, nan 
120.875, 61.625, 5.36247068645535e-24, nan 
121.125, 61.625, 3.096198947228675e-24, nan 
121.375, 61.625, 7.16476743298608e-24, nan 
121.625, 61.625, 1.0519426956114084e-23, nan 
121.875, 61.625, 6.6117098736900646e-24, nan 
122.125, 61.625, 1.3386938612418706e-23, nan 
122.375, 61.625, 7.853073773892826e-24, nan 
122.625, 61.625, 9.295457660283697e-24, nan 
122.875, 61.625, 9.8025545917941e-24, nan 
123.125, 61.625, 1.0242031365692867e-23, nan 
123.375, 61.625, 1.7219299380502567e-23, nan 
123.625, 61.625, 1.421586498964077e-23, nan 
123.875, 61.625, 8.3664447939283e-24, nan 
124.125, 61.625, 8.60574544125199e-24, nan 
124.375, 61.625, 1.1495204435841958e-23, nan 
124.625, 61.625, 9.025353685388032e-24, nan 
124.875, 61.625, 8.134069519341794e-24, nan 
125.125, 61.625, 1.3639077058071908e-23, nan 
125.375, 61.625, 1.3142470344053003e-23, nan 
125.625, 61.625, 7.14933961392323e-24, nan 
125.875, 61.625, 1.524336459399594e-23, nan 
126.125, 61.625, 2.0993912346535787e-23, nan 
126.375, 61.625, 1.3397799999657222e-23, nan 
126.625, 61.625, 3.110068299716282e-23, nan 
126.875, 61.625, 3.678232767869547e-23, nan 
127.125, 61.625, 2.64009664480992e-23, nan 
127.375, 61.625, 3.7323634225743204e-23, nan 
127.625, 61.625, 2.916268546246121e-23, nan 
127.875, 61.625, 9.6339030669366e-24, nan 
128.125, 61.625, 1.405163836059394e-23, nan 
128.375, 61.625, 9.5163454975986e-24, nan 
128.625, 61.625, 6.097959139435971e-24, nan 
128.875, 61.625, 8.07923157466216e-24, nan 
129.125, 61.625, 3.5062036981488505e-24, nan 
129.375, 61.625, 4.70399918078513e-24, nan 
129.625, 61.625, 2.9481928178080174e-24, nan 
129.875, 61.625, 3.4465958965016535e-24, nan 
130.125, 61.625, 1.15372446973111e-23, nan 
130.375, 61.625, 2.4560479314790726e-23, nan 
130.625, 61.625, 3.15229875040164e-23, nan 
130.875, 61.625, 2.448847255410149e-23, nan 
131.125, 61.625, 3.147455115934554e-23, nan 
131.375, 61.625, 3.0056527820993073e-23, nan 
131.625, 61.625, 1.0873009609201848e-23, nan 
131.875, 61.625, 9.086932811246261e-24, nan 
132.125, 61.625, 1.3170130075617832e-23, nan 
132.375, 61.625, 8.093275041235626e-24, nan 
132.625, 61.625, 9.170023262443235e-24, nan 
132.875, 61.625, 8.287883764976765e-24, nan 
133.125, 61.625, 3.056412420511276e-23, nan 
133.375, 61.625, 4.325209405756096e-23, nan 
133.625, 61.625, 2.285376013676422e-23, nan 
133.875, 61.625, 4.38340748886437e-23, nan 
134.125, 61.625, 3.585630502266121e-23, nan 
134.375, 61.625, 2.8379054221398377e-23, nan 
134.625, 61.625, 3.8640843705197973e-23, nan 
134.875, 61.625, 2.731722359825716e-23, nan 
135.125, 61.625, 2.092306084421902e-23, nan 
135.375, 61.625, 1.9457890679563472e-23, nan 
135.625, 61.625, 1.1040939448149172e-23, nan 
135.875, 61.625, 9.423613604300454e-24, nan 
136.125, 61.625, 9.609562257253714e-24, nan 
136.375, 61.625, 1.3211365523581152e-23, nan 
136.625, 61.625, 1.5830535935819805e-23, nan 
136.875, 61.625, 1.165814180745048e-23, nan 
137.125, 61.625, 1.5816953101621882e-23, nan 
137.375, 61.625, 1.2062671583680348e-23, nan 
137.625, 61.625, 1.0371787364642714e-23, nan 
137.875, 61.625, 3.6095982261724475e-23, nan 
138.125, 61.625, 2.2219199591999415e-23, nan 
138.375, 61.625, 2.130942677623336e-23, nan 
138.625, 61.625, 4.3821052748573956e-23, nan 
138.875, 61.625, 2.9785831316720885e-23, nan 
139.125, 61.625, 1.6684549639034902e-23, nan 
139.375, 61.625, 2.6479238031672664e-23, nan 
139.625, 61.625, 2.6191252459358089e-23, nan 
139.875, 61.625, 3.189319156437686e-23, nan 
140.125, 61.625, 1.9807429033693438e-23, nan 
140.375, 61.625, 2.9115395739469233e-23, nan 
140.625, 61.625, 5.9536940988102e-23, nan 
140.875, 61.625, 3.1735256388876436e-23, nan 
141.125, 61.625, 2.774689436376331e-23, nan 
141.375, 61.625, 5.079328770030056e-23, nan 
141.625, 61.625, 9.803012470318914e-23, nan 
141.875, 61.625, 1.136418500461242e-22, nan 
142.125, 61.625, 1.4171421003438345e-22, nan 
142.375, 61.625, 1.22801573793396e-22, nan 
142.625, 61.625, 8.797690508579615e-23, nan 
142.875, 61.625, 7.016450784559638e-23, nan 
143.125, 61.625, 6.902985953094602e-23, nan 
143.375, 61.625, 5.531634437321575e-23, nan 
143.625, 61.625, 9.025028282300161e-23, nan 
143.875, 61.625, 8.391915453065113e-23, nan 
144.125, 61.625, 4.330550718638829e-23, nan 
144.375, 61.625, 6.996762806341074e-23, nan 
144.625, 61.625, 5.648505125764874e-23, nan 
144.875, 61.625, 7.711710740793333e-23, nan 
145.125, 61.625, 7.074389826064175e-23, nan 
145.375, 61.625, 4.293982717687332e-23, nan 
145.625, 61.625, 3.891046431216787e-23, nan 
145.875, 61.625, 3.1355639848523056e-23, nan 
146.125, 61.625, 5.995230001241246e-23, nan 
146.375, 61.625, 5.2181416836662245e-23, nan 
146.625, 61.625, 5.679923377216987e-23, nan 
146.875, 61.625, 6.291711209088934e-23, nan 
147.125, 61.625, 5.977643028726206e-23, nan 
147.375, 61.625, 6.641371624742135e-23, nan 
147.625, 61.625, 5.843281665108333e-23, nan 
147.875, 61.625, 4.8646347209762124e-23, nan 
148.125, 61.625, 5.620037132603031e-23, nan 
148.375, 61.625, 6.165974844463372e-23, nan 
148.625, 61.625, 7.50929818140327e-23, nan 
148.875, 61.625, 7.802693905982055e-23, nan 
149.125, 61.625, 1.1137042409303115e-22, nan 
149.375, 61.625, 1.4188087293738252e-22, nan 
149.625, 61.625, 1.6545400196939375e-22, nan 
149.875, 61.625, 2.068547537258609e-22, nan 
150.125, 61.625, 1.7928456738213937e-22, nan 
150.375, 61.625, 2.4172503293938157e-22, nan 
150.625, 61.625, 3.3058743455704244e-22, nan 
150.875, 61.625, 3.018494695500443e-22, nan 
151.125, 61.625, 2.4221574049573425e-22, nan 
151.375, 61.625, 3.000356435409419e-22, nan 
151.625, 61.625, 2.1121701197064897e-22, nan 
151.875, 61.625, 9.253271733270064e-23, nan 
152.125, 61.625, 1.0147428550655607e-22, nan 
152.375, 61.625, 1.2167269806588068e-22, nan 
152.625, 61.625, 8.42633350375679e-23, nan 
152.875, 61.625, 1.3319647365600263e-22, nan 
153.125, 61.625, 1.7975395361492345e-22, nan 
153.375, 61.625, 1.5141908604253503e-22, nan 
153.625, 61.625, 1.808484905634075e-22, nan 
153.875, 61.625, 2.3127473365167673e-22, nan 
154.125, 61.625, 2.3788397475092377e-22, nan 
154.375, 61.625, 1.3360334661920378e-22, nan 
154.625, 61.625, 1.7373350391010601e-22, nan 
154.875, 61.625, 8.135219963126607e-23, nan 
155.125, 61.625, 3.248973067580301e-22, nan 
155.375, 61.625, 1.7999857675403922e-22, nan 
155.625, 61.625, 3.820985119652368e-22, nan 
155.875, 61.625, 3.1290305300572005e-22, nan 
156.125, 61.625, 3.9904266676543732e-22, nan 
156.375, 61.625, 3.6942446520335517e-22, nan 
156.625, 61.625, 3.1591797635957604e-22, nan 
156.875, 61.625, 5.954299728825911e-22, nan 
157.125, 61.625, 3.220704632103655e-22, nan 
157.375, 61.625, 4.1126818405903243e-22, nan 
157.625, 61.625, 2.3265017863343348e-22, nan 
157.875, 61.625, 4.526875729260742e-22, nan 
158.125, 61.625, 6.345312160030184e-22, nan 
158.375, 61.625, 3.990920398080557e-22, nan 
158.625, 61.625, 4.133740989249394e-22, nan 
158.875, 61.625, 6.981493658405121e-22, nan 
159.125, 61.625, 4.982748201809333e-22, nan 
159.375, 61.625, 4.352240093742577e-22, nan 
159.625, 61.625, 2.931081007878296e-22, nan 
159.875, 61.625, 3.8864344401374905e-22, nan 
160.125, 61.625, 4.833192584096244e-22, nan 
160.375, 61.625, 8.48992011891823e-22, nan 
160.625, 61.625, 8.680907877606061e-22, nan 
160.875, 61.625, 9.203414501200856e-22, nan 
161.125, 61.625, 1.1153103139402056e-21, nan 
161.375, 61.625, 7.749309442304113e-22, nan 
161.625, 61.625, 8.579195787548718e-22, nan 
161.875, 61.625, 1.0830052543567106e-21, nan 
162.125, 61.625, 7.535786791674779e-22, nan 
162.375, 61.625, 2.6827442011614006e-22, nan 
162.625, 61.625, 4.837773449218011e-22, nan 
162.875, 61.625, 2.372041916729464e-22, nan 
163.125, 61.625, 5.146329223216277e-22, nan 
163.375, 61.625, 9.283614129865367e-22, nan 
163.625, 61.625, 7.990405400344253e-22, nan 
163.875, 61.625, 6.956133344440684e-22, nan 
164.125, 61.625, 7.684580223920149e-22, nan 
164.375, 61.625, 7.797986772487188e-22, nan 
164.625, 61.625, 4.014854575061824e-22, nan 
164.875, 61.625, 7.008834611335314e-22, nan 
165.125, 61.625, 6.502373295608411e-22, nan 
165.375, 61.625, 9.976076691679512e-22, nan 
165.625, 61.625, 1.0523711160576015e-21, nan 
165.875, 61.625, 2.0102652188668058e-21, nan 
166.125, 61.625, 2.621344525426412e-21, nan 
166.375, 61.625, 2.2595674489511343e-21, nan 
166.625, 61.625, 2.529344838567517e-21, nan 
166.875, 61.625, 2.138990905166029e-21, nan 
167.125, 61.625, 1.002776108569479e-21, nan 
167.375, 61.625, 5.132591872388114e-22, nan 
167.625, 61.625, 6.223674747097274e-22, nan 
167.875, 61.625, 5.586449954559905e-22, nan 
168.125, 61.625, 4.76222400331695e-22, nan 
168.375, 61.625, 2.936087742357629e-22, nan 
168.625, 61.625, 3.607443529283521e-22, nan 
168.875, 61.625, 4.943329916769842e-22, nan 
169.125, 61.625, 8.074704446469245e-22, nan 
169.375, 61.625, 6.59763241616075e-22, nan 
169.625, 61.625, 1.5085505384620174e-21, nan 
169.875, 61.625, 1.6960213495458098e-21, nan 
170.125, 61.625, 1.0375377207016635e-21, nan 
170.375, 61.625, 2.269311653187426e-21, nan 
170.625, 61.625, 1.6465953241490514e-21, nan 
170.875, 61.625, 8.765811652521698e-22, nan 
171.125, 61.625, 8.733130215033893e-22, nan 
171.375, 61.625, 2.01367011671886e-21, nan 
171.625, 61.625, 1.705399504835979e-21, nan 
171.875, 61.625, 8.440201951498766e-22, nan 
172.125, 61.625, 1.1930727448009533e-21, nan 
172.375, 61.625, 1.054140505364351e-21, nan 
172.625, 61.625, 6.563280489250718e-22, nan 
172.875, 61.625, 6.851155487056761e-22, nan 
173.125, 61.625, 6.570298706336392e-22, nan 
173.375, 61.625, 7.056488232524012e-22, nan 
173.625, 61.625, 4.91053168688487e-22, nan 
173.875, 61.625, 2.4275258359653766e-22, nan 
174.125, 61.625, 3.319019314249943e-22, nan 
174.375, 61.625, 3.7913040367069954e-22, nan 
174.625, 61.625, 2.826455087516712e-22, nan 
174.875, 61.625, 1.4307979969039133e-22, nan 
175.125, 61.625, 3.122809388263633e-22, nan 
175.375, 61.625, 3.655972760840683e-22, nan 
175.625, 61.625, 3.230944693942903e-22, nan 
175.875, 61.625, 3.6053302903701113e-22, nan 
176.125, 61.625, 2.648888589819135e-22, nan 
176.375, 61.625, 2.32055942890352e-22, nan 
176.625, 61.625, 4.0934245010009625e-22, nan 
176.875, 61.625, 3.494495226273234e-22, nan 
177.125, 61.625, 2.211236912713725e-22, nan 
177.375, 61.625, 4.207257600944054e-22, nan 
177.625, 61.625, 3.835479025831364e-22, nan 
177.875, 61.625, 2.744632015145616e-22, nan 
178.125, 61.625, 2.0281092623022127e-22, nan 
178.375, 61.625, 1.2767861941044195e-22, nan 
178.625, 61.625, 9.397518296174848e-23, nan 
178.875, 61.625, 4.176309950300888e-22, nan 
179.125, 61.625, 1.6019274379430952e-22, nan 
179.375, 61.625, 2.270166027747039e-22, nan 
179.625, 61.625, 1.7587328269855985e-22, nan 
179.875, 61.625, 1.4079578726673215e-22, nan 
-179.875, 61.875, 1.517414326474481e-22, nan 
-179.625, 61.875, 7.721249728317936e-23, nan 
-179.375, 61.875, 1.389056160685355e-22, nan 
-179.125, 61.875, 1.8165980693605042e-22, nan 
-178.875, 61.875, 1.0062201642104516e-22, nan 
-178.625, 61.875, 2.0932916641253677e-22, nan 
-178.375, 61.875, 1.8773038712560498e-22, nan 
-178.125, 61.875, 8.248893727798634e-23, nan 
-177.875, 61.875, 1.2366659115994126e-22, nan 
-177.625, 61.875, 8.335515393428144e-23, nan 
-177.375, 61.875, 2.6186493999641852e-23, nan 
-177.125, 61.875, 8.227228296854166e-23, nan 
-176.875, 61.875, 6.361803054470549e-23, nan 
-176.625, 61.875, 6.459438395268013e-23, nan 
-176.375, 61.875, 1.1925911395771562e-22, nan 
-176.125, 61.875, 1.7172321317654367e-22, nan 
-175.875, 61.875, 2.004260760794104e-22, nan 
-175.625, 61.875, 3.2007468433929754e-22, nan 
-175.375, 61.875, 1.5084617723270024e-22, nan 
-175.125, 61.875, 2.663337548629855e-22, nan 
-174.875, 61.875, 2.4775774146456988e-22, nan 
-174.625, 61.875, 9.346441551405651e-23, nan 
-174.375, 61.875, 8.752051055198169e-23, nan 
-174.125, 61.875, 1.3866973239282228e-22, nan 
-173.875, 61.875, 2.1147427015756305e-22, nan 
-173.625, 61.875, 3.8713255810789834e-22, nan 
-173.375, 61.875, 3.6833939689723644e-22, nan 
-173.125, 61.875, 1.897175173461077e-22, nan 
-172.875, 61.875, 1.71124718022809e-22, nan 
-172.625, 61.875, 1.0018624450609434e-22, nan 
-172.375, 61.875, 1.075067690057521e-22, nan 
-172.125, 61.875, 1.1323364492013437e-22, nan 
-171.875, 61.875, 1.2572837040564154e-22, nan 
-171.625, 61.875, 1.6435281838552365e-22, nan 
-171.375, 61.875, 3.162370530599146e-23, nan 
-171.125, 61.875, 9.646624709441141e-23, nan 
-170.875, 61.875, 7.686249000842204e-23, nan 
-170.625, 61.875, 4.6404639676023807e-23, nan 
-170.375, 61.875, 3.495690485449663e-23, nan 
-170.125, 61.875, 7.010624537623022e-23, nan 
-169.875, 61.875, 6.119933335182015e-23, nan 
-169.625, 61.875, 6.316801789939765e-23, nan 
-169.375, 61.875, 3.310928445964947e-23, nan 
-169.125, 61.875, 2.686311397170658e-23, nan 
-168.875, 61.875, 2.679255065785235e-23, nan 
-168.625, 61.875, 5.1841229891903906e-23, nan 
-168.375, 61.875, 6.269336487717443e-23, nan 
-168.125, 61.875, 4.7868343033804595e-23, nan 
-167.875, 61.875, 3.0523751949836e-23, nan 
-167.625, 61.875, 3.474605743157533e-23, nan 
-167.375, 61.875, 4.3051521920122254e-23, nan 
-167.125, 61.875, 5.567371520548066e-23, nan 
-166.875, 61.875, 6.374305378586126e-23, nan 
-166.625, 61.875, 5.383878135003192e-23, nan 
-166.375, 61.875, 5.0347378107411875e-23, nan 
-166.125, 61.875, 4.1217726485352386e-23, nan 
-165.875, 61.875, 2.909865436052081e-23, nan 
-165.625, 61.875, 5.48776073954843e-23, nan 
-165.375, 61.875, 7.469435765592454e-23, nan 
-165.125, 61.875, 7.269150471332443e-23, nan 
-164.875, 61.875, 8.157768055919507e-23, nan 
-164.625, 61.875, 5.881208788723533e-23, nan 
-164.375, 61.875, 5.992043019426834e-23, nan 
-164.125, 61.875, 7.081660989338786e-23, nan 
-163.875, 61.875, 3.093939080759517e-23, nan 
-163.625, 61.875, 1.2613537388269013e-22, nan 
-163.375, 61.875, 1.4476903334960135e-22, nan 
-163.125, 61.875, 2.5310959390484378e-23, nan 
-162.875, 61.875, 5.360897131989315e-23, nan 
-162.625, 61.875, 7.046620445424189e-23, nan 
-162.375, 61.875, 2.939072795705065e-23, nan 
-162.125, 61.875, 3.003065072545213e-23, nan 
-161.875, 61.875, 3.082360275910008e-23, nan 
-161.625, 61.875, 4.2249768230629816e-23, nan 
-161.375, 61.875, 4.0343683600710717e-23, nan 
-161.125, 61.875, 1.2879336328028958e-23, nan 
-160.875, 61.875, 1.6937330656820644e-23, nan 
-160.625, 61.875, 4.280885561335523e-23, nan 
-160.375, 61.875, 2.890606695862826e-23, nan 
-160.125, 61.875, 4.146882266959259e-23, nan 
-159.875, 61.875, 5.1022197062429965e-23, nan 
-159.625, 61.875, 5.853739111905044e-23, nan 
-159.375, 61.875, 5.748870712895337e-23, nan 
-159.125, 61.875, 5.704840675637105e-23, nan 
-158.875, 61.875, 6.892287344910592e-23, nan 
-158.625, 61.875, 5.616227771885066e-23, nan 
-158.375, 61.875, 3.158464186055189e-23, nan 
-158.125, 61.875, 3.4412795527820983e-23, nan 
-157.875, 61.875, 3.7316204222073407e-23, nan 
-157.625, 61.875, 2.054062111467955e-23, nan 
-157.375, 61.875, 2.7203136864365645e-23, nan 
-157.125, 61.875, 2.903188577209456e-23, nan 
-156.875, 61.875, 2.1686992780606416e-23, nan 
-156.625, 61.875, 3.133990245584505e-23, nan 
-156.375, 61.875, 3.2945392240726577e-23, nan 
-156.125, 61.875, 2.4270002730135772e-23, nan 
-155.875, 61.875, 3.567054864671668e-23, nan 
-155.625, 61.875, 2.0276243937864744e-23, nan 
-155.375, 61.875, 1.889957061031732e-23, nan 
-155.125, 61.875, 1.0128979088334269e-23, nan 
-154.875, 61.875, 2.3587880164234687e-23, nan 
-154.625, 61.875, 2.0389429439146574e-23, nan 
-154.375, 61.875, 1.0152013912981393e-23, nan 
-154.125, 61.875, 1.7009818168954706e-23, nan 
-153.875, 61.875, 2.0046035493268255e-23, nan 
-153.625, 61.875, 2.1105107769574326e-23, nan 
-153.375, 61.875, 1.9869774231446427e-23, nan 
-153.125, 61.875, 2.097157660727999e-23, nan 
-152.875, 61.875, 7.853076180003073e-24, nan 
-152.625, 61.875, 1.529483608924975e-23, nan 
-152.375, 61.875, 1.49393265111434e-23, nan 
-152.125, 61.875, 1.7644472450409345e-23, nan 
-151.875, 61.875, 2.1720980321038475e-23, nan 
-151.625, 61.875, 9.340211737405894e-24, nan 
-151.375, 61.875, 4.281410109210177e-24, nan 
-151.125, 61.875, 1.55070269280302e-23, nan 
-150.875, 61.875, 1.6838893035023142e-23, nan 
-150.625, 61.875, 2.250758555075469e-23, nan 
-150.375, 61.875, 2.9470262109259056e-23, nan 
-150.125, 61.875, 2.7913919851084054e-23, nan 
-149.875, 61.875, 3.6647922962943135e-23, nan 
-149.625, 61.875, 1.2141524497966764e-23, nan 
-149.375, 61.875, 1.6008867318363613e-23, nan 
-149.125, 61.875, 1.1525803750108726e-23, nan 
-148.875, 61.875, 1.3504437760608197e-23, nan 
-148.625, 61.875, 1.5673440886872094e-23, nan 
-148.375, 61.875, 6.332013155448325e-24, nan 
-148.125, 61.875, 2.019597056833993e-23, nan 
-147.875, 61.875, 1.4035058543763948e-23, nan 
-147.625, 61.875, 7.097374874179923e-24, nan 
-147.375, 61.875, 3.123786915663017e-23, nan 
-147.125, 61.875, 1.6788376681122325e-23, nan 
-146.875, 61.875, 1.3306410681447385e-23, nan 
-146.625, 61.875, 9.186629887487663e-24, nan 
-146.375, 61.875, 8.464318605432914e-24, nan 
-146.125, 61.875, 2.2381326698406703e-23, nan 
-145.875, 61.875, 1.0930079402188672e-23, nan 
-145.625, 61.875, 1.1635905746212658e-23, nan 
-145.375, 61.875, 2.052521508445657e-23, nan 
-145.125, 61.875, 1.9329365657983155e-23, nan 
-144.875, 61.875, 2.162242400720849e-23, nan 
-144.625, 61.875, 1.496141309200782e-23, nan 
-144.375, 61.875, 1.0857839099660465e-23, nan 
-144.125, 61.875, 1.1252205216095085e-23, nan 
-143.875, 61.875, 1.4940582385132105e-23, nan 
-143.625, 61.875, 1.2785705582188449e-23, nan 
-143.375, 61.875, 6.790720077022677e-24, nan 
-143.125, 61.875, 1.1513492034549376e-23, nan 
-142.875, 61.875, 1.3454087658452616e-23, nan 
-142.625, 61.875, 9.304907963773307e-24, nan 
-142.375, 61.875, 1.0318868481562793e-23, nan 
-142.125, 61.875, 1.2968451026219139e-23, nan 
-141.875, 61.875, 1.7893314693695686e-23, nan 
-141.625, 61.875, 1.3491316228204355e-23, nan 
-141.375, 61.875, 1.1705778793534285e-23, nan 
-141.125, 61.875, 1.2886259147344094e-23, nan 
-140.875, 61.875, 9.044680498139809e-24, nan 
-140.625, 61.875, 8.108603046820365e-24, nan 
-140.375, 61.875, 1.1464118904284867e-23, nan 
-140.125, 61.875, 1.0463752482685146e-23, nan 
-139.875, 61.875, 6.821803486005738e-24, nan 
-139.625, 61.875, 6.0604177382450174e-24, nan 
-139.375, 61.875, 5.561648060278713e-24, nan 
-139.125, 61.875, 6.044500224309986e-24, nan 
-138.875, 61.875, 5.420084727990494e-24, nan 
-138.625, 61.875, 7.689853743679306e-24, nan 
-138.375, 61.875, 7.914342273826427e-24, nan 
-138.125, 61.875, 5.999631036908606e-24, nan 
-137.875, 61.875, 8.356699034336482e-24, nan 
-137.625, 61.875, 9.373422534531536e-24, nan 
-137.375, 61.875, 1.015416199789841e-23, nan 
-137.125, 61.875, 8.260701322773142e-24, nan 
-136.875, 61.875, 5.748571461577737e-24, nan 
-136.625, 61.875, 6.619200627620112e-24, nan 
-136.375, 61.875, 7.034462155751385e-24, nan 
-136.125, 61.875, 5.2407188334680696e-24, nan 
-135.875, 61.875, 7.998079233349326e-24, nan 
-135.625, 61.875, 5.727901079520807e-24, nan 
-135.375, 61.875, 1.995010026594011e-24, nan 
-135.125, 61.875, 2.166074515048182e-24, nan 
-134.875, 61.875, 2.920809523508228e-24, nan 
-134.625, 61.875, 3.0730347145282302e-24, nan 
-134.375, 61.875, 3.0165176247728317e-24, nan 
-134.125, 61.875, 3.698364168818482e-24, nan 
-133.875, 61.875, 4.4120178599554974e-24, nan 
-133.625, 61.875, 4.6615702692166544e-24, nan 
-133.375, 61.875, 5.48237556398732e-24, nan 
-133.125, 61.875, 4.858140657028874e-24, nan 
-132.875, 61.875, 4.499719813172025e-24, nan 
-132.625, 61.875, 5.4366065689962616e-24, nan 
-132.375, 61.875, 8.262193519342722e-24, nan 
-132.125, 61.875, 8.356620792443154e-24, nan 
-131.875, 61.875, 8.514995689533803e-24, nan 
-131.625, 61.875, 1.223138396820633e-23, nan 
-131.375, 61.875, 1.016158526323519e-23, nan 
-131.125, 61.875, 7.441337555301298e-23, nan 
-130.875, 61.875, 7.687320164204079e-23, nan 
-130.625, 61.875, 8.517274150292753e-24, nan 
-130.375, 61.875, 9.935999767599296e-24, nan 
-130.125, 61.875, 7.184769705554278e-24, nan 
-129.875, 61.875, 7.153860910304477e-24, nan 
-129.625, 61.875, 7.949158889498862e-24, nan 
-129.375, 61.875, 9.008590545270782e-24, nan 
-129.125, 61.875, 1.0793435784416106e-23, nan 
101.125, 61.875, 9.282983351670132e-24, nan 
101.375, 61.875, 2.3610449296895436e-24, nan 
101.625, 61.875, 7.419552559121799e-24, nan 
101.875, 61.875, 1.2309189823705026e-23, nan 
102.125, 61.875, 1.2064895338870973e-23, nan 
102.375, 61.875, 1.2580530100603836e-23, nan 
102.625, 61.875, 1.397698816362744e-23, nan 
102.875, 61.875, 1.1654830756436812e-23, nan 
103.125, 61.875, 7.250185699743053e-24, nan 
103.375, 61.875, 9.27701316395683e-24, nan 
103.625, 61.875, 8.27147717887461e-24, nan 
103.875, 61.875, 8.325384257055024e-24, nan 
104.125, 61.875, 6.011044479482646e-24, nan 
104.375, 61.875, 6.118485666468634e-24, nan 
104.625, 61.875, 5.2876512157708045e-24, nan 
104.875, 61.875, 3.536226566471005e-24, nan 
105.125, 61.875, 2.7493064323650912e-24, nan 
105.375, 61.875, 2.8776371985447123e-24, nan 
105.625, 61.875, 3.2231331393090925e-24, nan 
105.875, 61.875, 3.1266193559223624e-24, nan 
106.125, 61.875, 2.43484121671288e-24, nan 
106.375, 61.875, 3.478253503551743e-24, nan 
106.625, 61.875, 3.111162086672675e-24, nan 
106.875, 61.875, 2.6149002686396193e-24, nan 
107.125, 61.875, 3.9292817188921746e-24, nan 
107.375, 61.875, 2.8762476296933432e-24, nan 
107.625, 61.875, 3.5733581305543836e-24, nan 
107.875, 61.875, 6.328540491156979e-24, nan 
108.125, 61.875, 8.695934904959736e-24, nan 
108.375, 61.875, 6.951319097907744e-24, nan 
108.625, 61.875, 6.204785602573148e-24, nan 
108.875, 61.875, 5.859028946168035e-24, nan 
109.125, 61.875, 8.547180379796474e-24, nan 
109.375, 61.875, 9.142263169465348e-24, nan 
109.625, 61.875, 1.1191909537911565e-23, nan 
109.875, 61.875, 8.442423756890356e-24, nan 
110.125, 61.875, 3.556101633079638e-24, nan 
110.375, 61.875, 3.1859474997620734e-24, nan 
110.625, 61.875, 4.648165551475919e-24, nan 
110.875, 61.875, 4.931293315518654e-24, nan 
111.125, 61.875, 5.377722265698127e-24, nan 
111.375, 61.875, 3.965585599077105e-24, nan 
111.625, 61.875, 3.495606425795813e-24, nan 
111.875, 61.875, 2.4203620800531817e-24, nan 
112.125, 61.875, 2.7847780335209974e-24, nan 
112.375, 61.875, 3.84272263281837e-24, nan 
112.625, 61.875, 3.1775777592078065e-24, nan 
112.875, 61.875, 2.5491648920231202e-24, nan 
113.125, 61.875, 2.1314202920993468e-24, nan 
113.375, 61.875, 4.740134717290324e-24, nan 
113.625, 61.875, 7.149343737004746e-24, nan 
113.875, 61.875, 1.6483856773355107e-24, nan 
114.125, 61.875, 2.2315932441548222e-24, nan 
114.375, 61.875, 4.9304708470451515e-24, nan 
114.625, 61.875, 2.7885840402540983e-24, nan 
114.875, 61.875, 3.4447139887017864e-24, nan 
115.125, 61.875, 4.950329882391606e-24, nan 
115.375, 61.875, 5.157743049060689e-24, nan 
115.625, 61.875, 6.597490742962607e-24, nan 
115.875, 61.875, 1.422466408868673e-23, nan 
116.125, 61.875, 3.0104214357154015e-24, nan 
116.375, 61.875, 3.951282612572245e-24, nan 
116.625, 61.875, 6.875535995333108e-24, nan 
116.875, 61.875, 3.1317308148852133e-24, nan 
117.125, 61.875, 4.2231174185564276e-24, nan 
117.375, 61.875, 3.512471141982669e-24, nan 
117.625, 61.875, 7.500858995509401e-24, nan 
117.875, 61.875, 8.033263416196058e-24, nan 
118.125, 61.875, 6.783906895635456e-24, nan 
118.375, 61.875, 8.381887914000006e-24, nan 
118.625, 61.875, 8.487948333803055e-24, nan 
118.875, 61.875, 7.680531443497547e-24, nan 
119.125, 61.875, 4.7286773989124104e-24, nan 
119.375, 61.875, 8.172574149797517e-24, nan 
119.625, 61.875, 1.0721066555648311e-23, nan 
119.875, 61.875, 7.857438753971308e-24, nan 
120.125, 61.875, 6.4551460835455765e-24, nan 
120.375, 61.875, 2.907159464123154e-24, nan 
120.625, 61.875, 1.2119864847871921e-23, nan 
120.875, 61.875, 1.0120899593482738e-23, nan 
121.125, 61.875, 7.019404232952432e-24, nan 
121.375, 61.875, 9.928938161010828e-24, nan 
121.625, 61.875, 9.61024298962245e-24, nan 
121.875, 61.875, 9.087855342722626e-24, nan 
122.125, 61.875, 1.5795268658623478e-23, nan 
122.375, 61.875, 1.2624903044501403e-23, nan 
122.625, 61.875, 9.782829401455352e-24, nan 
122.875, 61.875, 1.17577294368184e-23, nan 
123.125, 61.875, 1.2706561494366748e-23, nan 
123.375, 61.875, 1.7304673142327454e-23, nan 
123.625, 61.875, 1.411356440263461e-23, nan 
123.875, 61.875, 9.776797266029931e-24, nan 
124.125, 61.875, 1.5258544795701618e-23, nan 
124.375, 61.875, 1.2553497770962572e-23, nan 
124.625, 61.875, 9.429427813678092e-24, nan 
124.875, 61.875, 5.586532028512852e-24, nan 
125.125, 61.875, 1.151761302963976e-23, nan 
125.375, 61.875, 9.977846266442975e-24, nan 
125.625, 61.875, 9.996642439608133e-24, nan 
125.875, 61.875, 1.4217490585303615e-23, nan 
126.125, 61.875, 1.593107795449056e-23, nan 
126.375, 61.875, 2.875076482457905e-23, nan 
126.625, 61.875, 4.608032729993806e-23, nan 
126.875, 61.875, 3.067797564496217e-23, nan 
127.125, 61.875, 2.0483610378926146e-23, nan 
127.375, 61.875, 3.592607837026654e-23, nan 
127.625, 61.875, 3.043772749005142e-23, nan 
127.875, 61.875, 9.28470120125936e-24, nan 
128.125, 61.875, 1.143488201691084e-23, nan 
128.375, 61.875, 1.6414646347763221e-23, nan 
128.625, 61.875, 7.906126952544291e-24, nan 
128.875, 61.875, 7.838550664937127e-24, nan 
129.125, 61.875, 6.5559013279753756e-24, nan 
129.375, 61.875, 8.904130582975693e-24, nan 
129.625, 61.875, 1.2773130402910702e-23, nan 
129.875, 61.875, 1.482133383141006e-23, nan 
130.125, 61.875, 2.164592935616015e-23, nan 
130.375, 61.875, 3.837445155698507e-23, nan 
130.625, 61.875, 2.7936993954913396e-23, nan 
130.875, 61.875, 2.940896714062101e-23, nan 
131.125, 61.875, 2.4813742847622718e-23, nan 
131.375, 61.875, 1.6386039856430784e-23, nan 
131.625, 61.875, 1.3193913745830703e-23, nan 
131.875, 61.875, 1.1782687017038983e-23, nan 
132.125, 61.875, 1.0485065917266741e-23, nan 
132.375, 61.875, 7.718087166659263e-24, nan 
132.625, 61.875, 1.9855771724393118e-23, nan 
132.875, 61.875, 2.6718401721700454e-23, nan 
133.125, 61.875, 3.139459885349018e-23, nan 
133.375, 61.875, 4.4011784719315836e-23, nan 
133.625, 61.875, 4.115365463347008e-23, nan 
133.875, 61.875, 3.6287874143911974e-23, nan 
134.125, 61.875, 2.8507289309105694e-23, nan 
134.375, 61.875, 2.6975369741269503e-23, nan 
134.625, 61.875, 2.4297174381257645e-23, nan 
134.875, 61.875, 1.546907260838396e-23, nan 
135.125, 61.875, 1.2052480605126858e-23, nan 
135.375, 61.875, 1.9215409280444672e-23, nan 
135.625, 61.875, 1.0722203628678288e-23, nan 
135.875, 61.875, 8.749837699657526e-24, nan 
136.125, 61.875, 6.5093731992846666e-24, nan 
136.375, 61.875, 1.8399477459643458e-23, nan 
136.625, 61.875, 2.596101467408021e-23, nan 
136.875, 61.875, 2.0361493793204442e-23, nan 
137.125, 61.875, 1.8015551121411966e-23, nan 
137.375, 61.875, 2.1293640432922697e-23, nan 
137.625, 61.875, 2.2823508463607715e-23, nan 
137.875, 61.875, 3.094882341853846e-23, nan 
138.125, 61.875, 1.9436807212839e-23, nan 
138.375, 61.875, 3.305886420565719e-23, nan 
138.625, 61.875, 4.052800328710588e-23, nan 
138.875, 61.875, 3.1013280085505046e-23, nan 
139.125, 61.875, 1.0092706672026076e-23, nan 
139.375, 61.875, 2.908932526930902e-23, nan 
139.625, 61.875, 2.404676558997587e-23, nan 
139.875, 61.875, 2.0309087271300142e-23, nan 
140.125, 61.875, 2.7253165899560565e-23, nan 
140.375, 61.875, 3.24650821653731e-23, nan 
140.625, 61.875, 4.9572013311417854e-23, nan 
140.875, 61.875, 8.913376477918949e-23, nan 
141.125, 61.875, 1.0097393782375021e-22, nan 
141.375, 61.875, 1.045361548272015e-22, nan 
141.625, 61.875, 1.347577351824016e-22, nan 
141.875, 61.875, 1.6561311324137374e-22, nan 
142.125, 61.875, 1.9277485213050738e-22, nan 
142.375, 61.875, 1.658686944909148e-22, nan 
142.625, 61.875, 1.5374773882733864e-22, nan 
142.875, 61.875, 1.3173944575373231e-22, nan 
143.125, 61.875, 1.1608905727217407e-22, nan 
143.375, 61.875, 1.1601551733763266e-22, nan 
143.625, 61.875, 8.303983837412186e-23, nan 
143.875, 61.875, 5.567174707429324e-23, nan 
144.125, 61.875, 3.423579851252687e-23, nan 
144.375, 61.875, 6.618739224965303e-23, nan 
144.625, 61.875, 3.2819364523286067e-23, nan 
144.875, 61.875, 2.2067681790624108e-23, nan 
145.125, 61.875, 8.261230050461558e-23, nan 
145.375, 61.875, 6.324160351213639e-23, nan 
145.625, 61.875, 3.01656476954984e-23, nan 
145.875, 61.875, 3.034096005426568e-23, nan 
146.125, 61.875, 2.2335288549405454e-23, nan 
146.375, 61.875, 4.027384660654898e-23, nan 
146.625, 61.875, 7.050510328897295e-23, nan 
146.875, 61.875, 6.756188130523102e-23, nan 
147.125, 61.875, 6.429471025856274e-23, nan 
147.375, 61.875, 1.4276401197024914e-22, nan 
147.625, 61.875, 1.089576588869205e-22, nan 
147.875, 61.875, 8.676099184731614e-23, nan 
148.125, 61.875, 4.580187988127287e-23, nan 
148.375, 61.875, 7.315427843137342e-23, nan 
148.625, 61.875, 6.217665989854356e-23, nan 
148.875, 61.875, 2.0500218989101134e-22, nan 
149.125, 61.875, 3.955838756079638e-22, nan 
149.375, 61.875, 4.562510976095105e-22, nan 
149.625, 61.875, 4.440194853970829e-22, nan 
149.875, 61.875, 4.801822940447802e-22, nan 
150.125, 61.875, 2.973566896238229e-22, nan 
150.375, 61.875, 3.51759927953869e-22, nan 
150.625, 61.875, 2.581653060393768e-22, nan 
150.875, 61.875, 3.0264724855706723e-22, nan 
151.125, 61.875, 2.5660306490199777e-22, nan 
151.375, 61.875, 1.8098024651273775e-22, nan 
151.625, 61.875, 1.5063995670252385e-22, nan 
151.875, 61.875, 1.1007409427524184e-22, nan 
152.125, 61.875, 8.212943010754972e-23, nan 
152.375, 61.875, 7.354400698598408e-23, nan 
152.625, 61.875, 9.605571858158448e-23, nan 
152.875, 61.875, 1.4932110050504076e-22, nan 
153.125, 61.875, 1.765014367342254e-22, nan 
153.375, 61.875, 1.4993179549023844e-22, nan 
153.625, 61.875, 1.8785948386589904e-22, nan 
153.875, 61.875, 2.709523273793053e-22, nan 
154.125, 61.875, 2.990505521661996e-22, nan 
154.375, 61.875, 2.7268460959267297e-22, nan 
154.625, 61.875, 3.4570162973978793e-22, nan 
154.875, 61.875, 1.9666405287575267e-22, nan 
155.125, 61.875, 4.781110070340566e-22, nan 
155.375, 61.875, 4.1892888711153857e-22, nan 
155.625, 61.875, 2.634508076772068e-22, nan 
155.875, 61.875, 3.545008582639053e-22, nan 
156.125, 61.875, 2.9811343859611644e-22, nan 
156.375, 61.875, 3.2197212414888503e-22, nan 
156.625, 61.875, 2.840515215133401e-22, nan 
156.875, 61.875, 5.390958453882511e-22, nan 
157.125, 61.875, 3.897927340229433e-22, nan 
157.375, 61.875, 5.016808816481812e-22, nan 
157.625, 61.875, 3.758950368547939e-22, nan 
157.875, 61.875, 3.9399594914236164e-22, nan 
158.125, 61.875, 7.419742931188054e-22, nan 
158.375, 61.875, 6.378143682891648e-22, nan 
158.625, 61.875, 5.714722792873187e-22, nan 
158.875, 61.875, 8.206498070315524e-22, nan 
159.125, 61.875, 7.4338060747477515e-22, nan 
159.375, 61.875, 7.01250712445389e-22, nan 
159.625, 61.875, 5.181381210568633e-22, nan 
159.875, 61.875, 6.562256047244789e-22, nan 
160.125, 61.875, 5.79753651187026e-22, nan 
160.375, 61.875, 4.021662322452874e-22, nan 
160.625, 61.875, 6.22039354537211e-22, nan 
160.875, 61.875, 8.092222672820279e-22, nan 
161.125, 61.875, 7.855044305631869e-22, nan 
161.375, 61.875, 9.532238900943906e-22, nan 
161.625, 61.875, 6.909959901871062e-22, nan 
161.875, 61.875, 6.367231521144153e-22, nan 
162.125, 61.875, 6.751378809734364e-22, nan 
162.375, 61.875, 2.807487490761983e-22, nan 
162.625, 61.875, 2.1468635125897577e-22, nan 
162.875, 61.875, 4.02228842628888e-22, nan 
163.125, 61.875, 8.062743461835362e-22, nan 
163.375, 61.875, 7.40571395475873e-22, nan 
163.625, 61.875, 7.536600230863224e-22, nan 
163.875, 61.875, 1.0360482056816745e-21, nan 
164.125, 61.875, 5.311389463890212e-22, nan 
164.375, 61.875, 1.0229444402249914e-21, nan 
164.625, 61.875, 1.0397779764453125e-21, nan 
164.875, 61.875, 7.789947212770554e-22, nan 
165.125, 61.875, 2.051146777361806e-21, nan 
165.375, 61.875, 2.64951324927126e-21, nan 
165.625, 61.875, 2.165003825122472e-21, nan 
165.875, 61.875, 2.8650472403045976e-21, nan 
166.125, 61.875, 3.620531915688523e-21, nan 
166.375, 61.875, 2.8719402416407018e-21, nan 
166.625, 61.875, 3.387488083364908e-21, nan 
166.875, 61.875, 2.767779966365873e-21, nan 
167.125, 61.875, 2.1344340126695314e-21, nan 
167.375, 61.875, 1.817155151973777e-21, nan 
167.625, 61.875, 1.3881305431434034e-21, nan 
167.875, 61.875, 4.345408726872516e-22, nan 
168.125, 61.875, 5.094017244050567e-22, nan 
168.375, 61.875, 5.734260101785014e-22, nan 
168.625, 61.875, 5.537978202469296e-22, nan 
168.875, 61.875, 3.370976048895383e-22, nan 
169.125, 61.875, 7.26116373770639e-22, nan 
169.375, 61.875, 6.348339786457773e-22, nan 
169.625, 61.875, 1.2798140286120175e-21, nan 
169.875, 61.875, 1.3339081121578758e-21, nan 
170.125, 61.875, 1.1032981192106146e-21, nan 
170.375, 61.875, 2.8270733142992744e-21, nan 
170.625, 61.875, 2.4504730107205035e-21, nan 
170.875, 61.875, 1.0435050541252152e-21, nan 
171.125, 61.875, 8.393993952706227e-22, nan 
171.375, 61.875, 1.805550324075039e-21, nan 
171.625, 61.875, 2.242709323858425e-21, nan 
171.875, 61.875, 1.0755221168388378e-21, nan 
172.125, 61.875, 1.3917985590827415e-21, nan 
172.375, 61.875, 1.1718756443535367e-21, nan 
172.625, 61.875, 9.873435752367184e-22, nan 
172.875, 61.875, 8.319925278476974e-22, nan 
173.125, 61.875, 3.0059182765460174e-22, nan 
173.375, 61.875, 5.164323645405779e-22, nan 
173.625, 61.875, 6.152234870742217e-22, nan 
173.875, 61.875, 3.3916153131286375e-22, nan 
174.125, 61.875, 4.276136959129724e-22, nan 
174.375, 61.875, 5.657343823885157e-22, nan 
174.625, 61.875, 3.345731048991584e-22, nan 
174.875, 61.875, 1.2851348335728348e-22, nan 
175.125, 61.875, 2.909502909718811e-22, nan 
175.375, 61.875, 4.242091204600204e-22, nan 
175.625, 61.875, 3.6841427073381614e-22, nan 
175.875, 61.875, 3.8755882439079407e-22, nan 
176.125, 61.875, 4.1160627848869995e-22, nan 
176.375, 61.875, 3.0016902397356605e-22, nan 
176.625, 61.875, 5.173843342199008e-22, nan 
176.875, 61.875, 6.590258377993337e-22, nan 
177.125, 61.875, 2.35820276221958e-22, nan 
177.375, 61.875, 5.973977860436519e-22, nan 
177.625, 61.875, 8.431521643602061e-22, nan 
177.875, 61.875, 1.6242059846282592e-22, nan 
178.125, 61.875, 3.636465992299904e-22, nan 
178.375, 61.875, 3.374337648502868e-22, nan 
178.625, 61.875, 9.013120554700825e-23, nan 
178.875, 61.875, 1.3319220320867343e-22, nan 
179.125, 61.875, 1.8530541857074388e-22, nan 
179.375, 61.875, 2.898468077618056e-22, nan 
179.625, 61.875, 1.7442208226721222e-22, nan 
179.875, 61.875, 1.478716998637571e-22, nan 
-179.875, 62.125, 2.6979250798870895e-22, nan 
-179.625, 62.125, 1.1565378159130291e-22, nan 
-179.375, 62.125, 1.2056125489396963e-22, nan 
-179.125, 62.125, 3.0920452811522777e-22, nan 
-178.875, 62.125, 1.3490329722267977e-22, nan 
-178.625, 62.125, 1.9330238357079057e-22, nan 
-178.375, 62.125, 1.0271760516995783e-22, nan 
-178.125, 62.125, 6.675574531299899e-23, nan 
-177.875, 62.125, 1.0197868728098344e-22, nan 
-177.625, 62.125, 1.1133534415848607e-22, nan 
-177.375, 62.125, 1.1055755188006855e-22, nan 
-177.125, 62.125, 1.4345939717472535e-22, nan 
-176.875, 62.125, 9.134659753912319e-23, nan 
-176.625, 62.125, 6.567488481294746e-23, nan 
-176.375, 62.125, 2.302100842206267e-22, nan 
-176.125, 62.125, 1.7014608360299488e-22, nan 
-175.875, 62.125, 3.008618071252005e-22, nan 
-175.625, 62.125, 2.7756859455963794e-22, nan 
-175.375, 62.125, 1.4965704927646032e-22, nan 
-175.125, 62.125, 3.4526509318267937e-22, nan 
-174.875, 62.125, 1.1482296166688435e-22, nan 
-174.625, 62.125, 1.2473341834040537e-22, nan 
-174.375, 62.125, 1.8965074519331522e-22, nan 
-174.125, 62.125, 1.7001507490919464e-22, nan 
-173.875, 62.125, 6.930067333574299e-23, nan 
-173.625, 62.125, 1.716293367201082e-22, nan 
-173.375, 62.125, 2.9939037238778626e-22, nan 
-173.125, 62.125, 2.259314660275163e-22, nan 
-172.875, 62.125, 1.941897083610383e-22, nan 
-172.625, 62.125, 1.5184005079757315e-22, nan 
-172.375, 62.125, 7.559729400651175e-23, nan 
-172.125, 62.125, 4.6933409760161494e-23, nan 
-171.875, 62.125, 1.326153147133777e-22, nan 
-171.625, 62.125, 1.4127541698036246e-22, nan 
-171.375, 62.125, 6.378451901965395e-23, nan 
-171.125, 62.125, 6.811759683621544e-23, nan 
-170.875, 62.125, 6.907473141318557e-23, nan 
-170.625, 62.125, 1.5294328529242437e-22, nan 
-170.375, 62.125, 8.11834640039827e-23, nan 
-170.125, 62.125, 7.47704814493157e-23, nan 
-169.875, 62.125, 9.794579709596246e-23, nan 
-169.625, 62.125, 9.829202446067556e-23, nan 
-169.375, 62.125, 5.293217509700692e-23, nan 
-169.125, 62.125, 4.244446830574376e-23, nan 
-168.875, 62.125, 4.069694773644093e-23, nan 
-168.625, 62.125, 1.7300127005178536e-23, nan 
-168.375, 62.125, 1.756396177270825e-23, nan 
-168.125, 62.125, 4.411114155829403e-23, nan 
-167.875, 62.125, 2.9282964640757857e-23, nan 
-167.625, 62.125, 3.5751337492645835e-23, nan 
-167.375, 62.125, 2.674933589097551e-23, nan 
-167.125, 62.125, 6.258072436616457e-23, nan 
-166.875, 62.125, 6.56757587365381e-23, nan 
-166.625, 62.125, 7.18471516937798e-23, nan 
-166.375, 62.125, 8.022124085018964e-23, nan 
-166.125, 62.125, 8.37683511015278e-23, nan 
-165.875, 62.125, 8.8708832716966e-23, nan 
-165.625, 62.125, 6.519267023136644e-23, nan 
-165.375, 62.125, 4.1917332014351054e-23, nan 
-165.125, 62.125, 6.260658675851386e-23, nan 
-164.875, 62.125, 4.320728889591475e-23, nan 
-164.625, 62.125, 3.67000660472221e-23, nan 
-164.375, 62.125, 2.4329938405422766e-23, nan 
-164.125, 62.125, 1.4740247716792436e-23, nan 
-163.875, 62.125, 2.1078724022127994e-23, nan 
-163.625, 62.125, 5.6437920861584e-23, nan 
-163.375, 62.125, 7.879232895567394e-23, nan 
-163.125, 62.125, 2.3954578565259374e-23, nan 
-162.875, 62.125, 2.0732997919803954e-23, nan 
-162.625, 62.125, 2.919652273603419e-23, nan 
-162.375, 62.125, 1.9309726107253255e-23, nan 
-162.125, 62.125, 2.0326913895695298e-23, nan 
-161.875, 62.125, 1.432620177631432e-23, nan 
-161.625, 62.125, 2.9617902411606397e-23, nan 
-161.375, 62.125, 2.817918333794103e-23, nan 
-161.125, 62.125, 1.6875311047073053e-23, nan 
-160.875, 62.125, 1.1789196822749255e-23, nan 
-160.625, 62.125, 1.816883439243257e-23, nan 
-160.375, 62.125, 3.030507818605142e-23, nan 
-160.125, 62.125, 2.712891336278662e-23, nan 
-159.875, 62.125, 3.390333549935758e-23, nan 
-159.625, 62.125, 4.727323520789157e-23, nan 
-159.375, 62.125, 5.1508486449390485e-23, nan 
-159.125, 62.125, 5.425330508660863e-23, nan 
-158.875, 62.125, 6.110571181552331e-23, nan 
-158.625, 62.125, 5.20621934447624e-23, nan 
-158.375, 62.125, 3.1048032471030834e-23, nan 
-158.125, 62.125, 3.5823376662800107e-23, nan 
-157.875, 62.125, 5.028145256422635e-23, nan 
-157.625, 62.125, 9.086345970412519e-24, nan 
-157.375, 62.125, 2.938505276644007e-23, nan 
-157.125, 62.125, 3.885330042566693e-23, nan 
-156.875, 62.125, 2.321747840435775e-23, nan 
-156.625, 62.125, 2.341075962200361e-23, nan 
-156.375, 62.125, 3.131839887691214e-23, nan 
-156.125, 62.125, 2.5175951275589847e-23, nan 
-155.875, 62.125, 3.180640202436228e-23, nan 
-155.625, 62.125, 2.764153227988378e-23, nan 
-155.375, 62.125, 1.8926724307361462e-23, nan 
-155.125, 62.125, 1.9921578821824504e-23, nan 
-154.875, 62.125, 2.5213860823938743e-23, nan 
-154.625, 62.125, 2.477795096974212e-23, nan 
-154.375, 62.125, 1.5634222419728442e-23, nan 
-154.125, 62.125, 1.35975588506882e-23, nan 
-153.875, 62.125, 2.1351401719608955e-23, nan 
-153.625, 62.125, 2.648795089153017e-23, nan 
-153.375, 62.125, 1.8542844066011263e-23, nan 
-153.125, 62.125, 2.2915621482723868e-23, nan 
-152.875, 62.125, 1.4190850360820184e-23, nan 
-152.625, 62.125, 1.1881832907155414e-23, nan 
-152.375, 62.125, 1.9184014310592675e-23, nan 
-152.125, 62.125, 1.1084947832273113e-23, nan 
-151.875, 62.125, 9.130281065531849e-24, nan 
-151.625, 62.125, 9.766402026419721e-24, nan 
-151.375, 62.125, 7.874029378257733e-24, nan 
-151.125, 62.125, 7.46682878293763e-24, nan 
-150.875, 62.125, 3.6756088362102804e-24, nan 
-150.625, 62.125, 1.0012919766141855e-23, nan 
-150.375, 62.125, 2.85774182558147e-23, nan 
-150.125, 62.125, 2.4197817960389104e-23, nan 
-149.875, 62.125, 3.554442232368395e-23, nan 
-149.625, 62.125, 2.1864140631172507e-23, nan 
-149.375, 62.125, 2.213799482564473e-23, nan 
-149.125, 62.125, 2.2967057032757874e-23, nan 
-148.875, 62.125, 2.374094705165372e-23, nan 
-148.625, 62.125, 1.9010304134315534e-23, nan 
-148.375, 62.125, 1.496237469233156e-23, nan 
-148.125, 62.125, 1.1529224372241914e-23, nan 
-147.875, 62.125, 1.6480517371966227e-23, nan 
-147.625, 62.125, 1.9629822118380874e-23, nan 
-147.375, 62.125, 2.738768936055195e-23, nan 
-147.125, 62.125, 1.8166148881005335e-23, nan 
-146.875, 62.125, 2.445593242927023e-23, nan 
-146.625, 62.125, 1.626893189907886e-23, nan 
-146.375, 62.125, 1.5715573979963806e-23, nan 
-146.125, 62.125, 2.014606856486775e-23, nan 
-145.875, 62.125, 1.7714382723935065e-23, nan 
-145.625, 62.125, 1.0594655090933117e-23, nan 
-145.375, 62.125, 1.6359621078646752e-23, nan 
-145.125, 62.125, 1.1502044867454896e-23, nan 
-144.875, 62.125, 2.401922628461362e-23, nan 
-144.625, 62.125, 2.1047510293330587e-23, nan 
-144.375, 62.125, 1.1570625290703104e-23, nan 
-144.125, 62.125, 2.046957984646207e-23, nan 
-143.875, 62.125, 2.648226137010294e-23, nan 
-143.625, 62.125, 1.7288016642017807e-23, nan 
-143.375, 62.125, 6.161009762457801e-24, nan 
-143.125, 62.125, 1.1287634004040513e-23, nan 
-142.875, 62.125, 1.729898347335906e-23, nan 
-142.625, 62.125, 1.3330731432019533e-23, nan 
-142.375, 62.125, 1.0767759588488153e-23, nan 
-142.125, 62.125, 1.800236140326964e-23, nan 
-141.875, 62.125, 2.097410182834207e-23, nan 
-141.625, 62.125, 1.5057211273716632e-23, nan 
-141.375, 62.125, 1.1695346150780752e-23, nan 
-141.125, 62.125, 1.1231180697282563e-23, nan 
-140.875, 62.125, 8.016098983247494e-24, nan 
-140.625, 62.125, 9.944417483944659e-24, nan 
-140.375, 62.125, 1.0999907849707564e-23, nan 
-140.125, 62.125, 1.0334243626033144e-23, nan 
-139.875, 62.125, 6.638373434014011e-24, nan 
-139.625, 62.125, 7.588326692779183e-24, nan 
-139.375, 62.125, 1.0839778836774014e-23, nan 
-139.125, 62.125, 1.2794275546957147e-23, nan 
-138.875, 62.125, 4.8622509744945726e-24, nan 
-138.625, 62.125, 9.157517733320343e-24, nan 
-138.375, 62.125, 9.58657187555381e-24, nan 
-138.125, 62.125, 3.636348518919201e-24, nan 
-137.875, 62.125, 5.389643251597858e-24, nan 
-137.625, 62.125, 5.598043057768715e-24, nan 
-137.375, 62.125, 7.649136669281118e-24, nan 
-137.125, 62.125, 4.0370902016838814e-24, nan 
-136.875, 62.125, 6.3398280265081265e-24, nan 
-136.625, 62.125, 7.153046959046414e-24, nan 
-136.375, 62.125, 7.879735390584455e-24, nan 
-136.125, 62.125, 8.350178451956291e-24, nan 
-135.875, 62.125, 1.0617172281923904e-23, nan 
-135.625, 62.125, 9.209292944512562e-24, nan 
-135.375, 62.125, 9.395504492323503e-24, nan 
-135.125, 62.125, 8.080137350802299e-24, nan 
-134.875, 62.125, 6.433133065213113e-24, nan 
-134.625, 62.125, 5.499578023156066e-24, nan 
-134.375, 62.125, 5.156128276740183e-24, nan 
-134.125, 62.125, 4.5760083445530246e-24, nan 
-133.875, 62.125, 4.628348882218425e-24, nan 
-133.625, 62.125, 5.084710479669821e-24, nan 
-133.375, 62.125, 5.24413555785898e-24, nan 
-133.125, 62.125, 4.872197953913931e-24, nan 
-132.875, 62.125, 3.595574068517002e-24, nan 
-132.625, 62.125, 3.930601869620196e-24, nan 
-132.375, 62.125, 4.880305410667856e-24, nan 
-132.125, 62.125, 5.939510380997089e-24, nan 
-131.875, 62.125, 9.094239963252767e-24, nan 
-131.625, 62.125, 1.2034652229241122e-23, nan 
-131.375, 62.125, 1.0108628774785633e-23, nan 
-131.125, 62.125, 8.791867120906003e-24, nan 
-130.875, 62.125, 9.275775789905081e-24, nan 
-130.625, 62.125, 8.180710907030643e-24, nan 
-130.375, 62.125, 8.40870580647227e-24, nan 
-130.125, 62.125, 4.637753179885039e-24, nan 
-129.875, 62.125, 6.176590044141746e-24, nan 
-129.625, 62.125, 6.597054028391651e-24, nan 
-129.375, 62.125, 7.867145656883087e-24, nan 
-129.125, 62.125, 8.143230831052643e-24, nan 
-128.875, 62.125, 1.0789946033460218e-23, nan 
-128.625, 62.125, 9.129459119679744e-24, nan 
100.625, 62.125, 8.254602341911045e-24, nan 
100.875, 62.125, 1.0978219490222029e-23, nan 
101.125, 62.125, 1.2596679683265255e-23, nan 
101.375, 62.125, 4.83319291224671e-24, nan 
101.625, 62.125, 7.685226131307789e-24, nan 
101.875, 62.125, 1.2712743383787196e-23, nan 
102.125, 62.125, 9.928120141397356e-24, nan 
102.375, 62.125, 7.684369099130478e-24, nan 
102.625, 62.125, 1.416853261988788e-23, nan 
102.875, 62.125, 1.3901559801361802e-23, nan 
103.125, 62.125, 1.049866408990312e-23, nan 
103.375, 62.125, 2.8359769109003955e-23, nan 
103.625, 62.125, 1.0907259480620981e-23, nan 
103.875, 62.125, 1.1698659127078101e-23, nan 
104.125, 62.125, 1.0240207592596445e-23, nan 
104.375, 62.125, 9.268398450100191e-24, nan 
104.625, 62.125, 5.276614553511172e-24, nan 
104.875, 62.125, 4.7379594778148565e-24, nan 
105.125, 62.125, 3.668096074561364e-24, nan 
105.375, 62.125, 3.6310953870382144e-24, nan 
105.625, 62.125, 2.28819443914494e-24, nan 
105.875, 62.125, 3.99007293714194e-24, nan 
106.125, 62.125, 5.999302850825563e-24, nan 
106.375, 62.125, 3.732811465959572e-24, nan 
106.625, 62.125, 3.803964200483339e-24, nan 
106.875, 62.125, 3.784386425271088e-24, nan 
107.125, 62.125, 4.9993856469230005e-24, nan 
107.375, 62.125, 5.3601021668677624e-24, nan 
107.625, 62.125, 4.9348474984187254e-24, nan 
107.875, 62.125, 6.614275809806947e-24, nan 
108.125, 62.125, 8.926891520316978e-24, nan 
108.375, 62.125, 6.462233576503494e-24, nan 
108.625, 62.125, 6.381235854545628e-24, nan 
108.875, 62.125, 9.257765273400364e-24, nan 
109.125, 62.125, 1.1059766801726596e-23, nan 
109.375, 62.125, 8.738846315894526e-24, nan 
109.625, 62.125, 1.2525388123751196e-23, nan 
109.875, 62.125, 9.326704121340343e-24, nan 
110.125, 62.125, 5.057088079463799e-24, nan 
110.375, 62.125, 5.790668716310909e-24, nan 
110.625, 62.125, 7.633809646304884e-24, nan 
110.875, 62.125, 4.912877612594038e-24, nan 
111.125, 62.125, 6.879421311046698e-24, nan 
111.375, 62.125, 4.915910929005812e-24, nan 
111.625, 62.125, 4.0323893380115466e-24, nan 
111.875, 62.125, 4.700044119543919e-24, nan 
112.125, 62.125, 1.9452434291626586e-24, nan 
112.375, 62.125, 4.525683707024883e-24, nan 
112.625, 62.125, 4.493692040975645e-24, nan 
112.875, 62.125, 2.046503124090531e-24, nan 
113.125, 62.125, 2.7192661755716198e-24, nan 
113.375, 62.125, 3.852063466675759e-24, nan 
113.625, 62.125, 5.254758398501754e-24, nan 
113.875, 62.125, 2.9124996331599668e-24, nan 
114.125, 62.125, 6.003610786477206e-24, nan 
114.375, 62.125, 5.227477676653912e-24, nan 
114.625, 62.125, 6.3414379303762846e-24, nan 
114.875, 62.125, 4.9782833989599386e-24, nan 
115.125, 62.125, 5.741486477505059e-24, nan 
115.375, 62.125, 1.2937463889171765e-23, nan 
115.625, 62.125, 9.141345793379928e-24, nan 
115.875, 62.125, 7.604230681787097e-24, nan 
116.125, 62.125, 3.716337105105974e-24, nan 
116.375, 62.125, 4.213323889941477e-24, nan 
116.625, 62.125, 3.368307186668463e-24, nan 
116.875, 62.125, 6.3091132131338176e-24, nan 
117.125, 62.125, 5.366082624173663e-24, nan 
117.375, 62.125, 3.803718827699053e-24, nan 
117.625, 62.125, 5.9927264526499485e-24, nan 
117.875, 62.125, 6.3320016244806604e-24, nan 
118.125, 62.125, 4.0279618324328545e-24, nan 
118.375, 62.125, 8.48636165609968e-24, nan 
118.625, 62.125, 7.563675307564136e-24, nan 
118.875, 62.125, 6.45457663039599e-24, nan 
119.125, 62.125, 7.148972962590053e-24, nan 
119.375, 62.125, 6.907116066052893e-24, nan 
119.625, 62.125, 4.376707389823206e-24, nan 
119.875, 62.125, 8.200763445903878e-24, nan 
120.125, 62.125, 6.483640601449178e-24, nan 
120.375, 62.125, 4.218932880320295e-24, nan 
120.625, 62.125, 5.319689505546815e-24, nan 
120.875, 62.125, 1.0017764086729705e-23, nan 
121.125, 62.125, 9.049612981624945e-24, nan 
121.375, 62.125, 1.4942961224720876e-23, nan 
121.625, 62.125, 1.0228638903763131e-23, nan 
121.875, 62.125, 8.292755362861585e-24, nan 
122.125, 62.125, 1.3611828264101507e-23, nan 
122.375, 62.125, 1.5242080810323543e-23, nan 
122.625, 62.125, 1.114538778038263e-23, nan 
122.875, 62.125, 7.582283210998034e-24, nan 
123.125, 62.125, 1.627000021502936e-23, nan 
123.375, 62.125, 1.9239983470215425e-23, nan 
123.625, 62.125, 1.2446169869762521e-23, nan 
123.875, 62.125, 1.567886522619429e-23, nan 
124.125, 62.125, 1.8131160159431092e-23, nan 
124.375, 62.125, 1.2930990069700729e-23, nan 
124.625, 62.125, 1.525767677179468e-23, nan 
124.875, 62.125, 1.2497248371056183e-23, nan 
125.125, 62.125, 1.5332970958854342e-23, nan 
125.375, 62.125, 1.2734003464701238e-23, nan 
125.625, 62.125, 1.4256601710765747e-23, nan 
125.875, 62.125, 2.1728683074987344e-23, nan 
126.125, 62.125, 2.803471160729818e-23, nan 
126.375, 62.125, 2.268509460549722e-23, nan 
126.625, 62.125, 3.7849663256629106e-23, nan 
126.875, 62.125, 2.258401945909673e-23, nan 
127.125, 62.125, 5.097108165184885e-24, nan 
127.375, 62.125, 1.3771142701537296e-23, nan 
127.625, 62.125, 1.7616558674215e-23, nan 
127.875, 62.125, 5.999950375150834e-24, nan 
128.125, 62.125, 4.288471535991498e-24, nan 
128.375, 62.125, 3.945293176727684e-24, nan 
128.625, 62.125, 9.930812539334628e-24, nan 
128.875, 62.125, 1.1698723984790793e-23, nan 
129.125, 62.125, 1.0904829656165516e-23, nan 
129.375, 62.125, 1.044183741231054e-23, nan 
129.625, 62.125, 2.3971904199506734e-23, nan 
129.875, 62.125, 2.290595768680486e-23, nan 
130.125, 62.125, 3.2265168949238066e-23, nan 
130.375, 62.125, 3.966523998717995e-23, nan 
130.625, 62.125, 2.6774852707137343e-23, nan 
130.875, 62.125, 2.6131083911742608e-23, nan 
131.125, 62.125, 1.5893969203583525e-23, nan 
131.375, 62.125, 1.3151776034736057e-23, nan 
131.625, 62.125, 2.0432438976989028e-23, nan 
131.875, 62.125, 8.096388257515725e-24, nan 
132.125, 62.125, 1.6583579445896214e-23, nan 
132.375, 62.125, 2.352877151961576e-23, nan 
132.625, 62.125, 3.263980694769618e-23, nan 
132.875, 62.125, 3.073371431041421e-23, nan 
133.125, 62.125, 4.263175699993444e-23, nan 
133.375, 62.125, 3.05691730352572e-23, nan 
133.625, 62.125, 2.753374398309168e-23, nan 
133.875, 62.125, 3.6028144754211624e-23, nan 
134.125, 62.125, 2.713681732440426e-23, nan 
134.375, 62.125, 1.7624541664881352e-23, nan 
134.625, 62.125, 9.275305633768757e-24, nan 
134.875, 62.125, 6.302837283722046e-24, nan 
135.125, 62.125, 2.846849548060998e-23, nan 
135.375, 62.125, 1.8121419031603013e-23, nan 
135.625, 62.125, 1.4941319985059484e-23, nan 
135.875, 62.125, 1.3337911693243484e-23, nan 
136.125, 62.125, 9.614863448316275e-24, nan 
136.375, 62.125, 1.3545964412730765e-23, nan 
136.625, 62.125, 1.4170205237342155e-23, nan 
136.875, 62.125, 1.3648396337304096e-23, nan 
137.125, 62.125, 6.340518251795427e-24, nan 
137.375, 62.125, 1.757225182481579e-23, nan 
137.625, 62.125, 3.928818438624586e-23, nan 
137.875, 62.125, 3.1569471109626186e-23, nan 
138.125, 62.125, 1.4300621743506445e-23, nan 
138.375, 62.125, 5.435799271192361e-23, nan 
138.625, 62.125, 4.400136460762162e-23, nan 
138.875, 62.125, 2.507451371828751e-23, nan 
139.125, 62.125, 3.143379644176011e-23, nan 
139.375, 62.125, 3.060422976712321e-23, nan 
139.625, 62.125, 1.431019321083928e-23, nan 
139.875, 62.125, 1.0815204314282614e-23, nan 
140.125, 62.125, 1.5579605312834766e-23, nan 
140.375, 62.125, 2.945962502428267e-23, nan 
140.625, 62.125, 6.722853726287576e-23, nan 
140.875, 62.125, 8.473252971673913e-23, nan 
141.125, 62.125, 1.055018187609672e-22, nan 
141.375, 62.125, 1.109226414638315e-22, nan 
141.625, 62.125, 9.174445275947212e-23, nan 
141.875, 62.125, 1.0922780686163949e-22, nan 
142.125, 62.125, 9.414350131995313e-23, nan 
142.375, 62.125, 1.4144947515540444e-22, nan 
142.625, 62.125, 1.5771946116040106e-22, nan 
142.875, 62.125, 1.1572689405417717e-22, nan 
143.125, 62.125, 1.4417905326393278e-22, nan 
143.375, 62.125, 1.5599592407991547e-22, nan 
143.625, 62.125, 9.063010474808687e-23, nan 
143.875, 62.125, 7.126748812612381e-23, nan 
144.125, 62.125, 3.762575508157493e-23, nan 
144.375, 62.125, 7.903178336942779e-23, nan 
144.625, 62.125, 7.302801109414204e-23, nan 
144.875, 62.125, 1.9198676150848386e-23, nan 
145.125, 62.125, 1.913602187954793e-22, nan 
145.375, 62.125, 1.5310630032253087e-22, nan 
145.625, 62.125, 3.7100107361968e-23, nan 
145.875, 62.125, 6.27773795500742e-23, nan 
146.125, 62.125, 4.3885415673580125e-23, nan 
146.375, 62.125, 6.624903250825981e-23, nan 
146.625, 62.125, 1.2327662600781857e-22, nan 
146.875, 62.125, 1.197190463530374e-22, nan 
147.125, 62.125, 8.836840022218214e-23, nan 
147.375, 62.125, 2.0678439986238052e-22, nan 
147.625, 62.125, 2.2268935143427076e-22, nan 
147.875, 62.125, 1.7623542701398252e-22, nan 
148.125, 62.125, 1.637786936468193e-22, nan 
148.375, 62.125, 2.3315529235821478e-22, nan 
148.625, 62.125, 2.7720028707125144e-22, nan 
148.875, 62.125, 2.752256331633941e-22, nan 
149.125, 62.125, 4.58828496441545e-22, nan 
149.375, 62.125, 7.49550927719457e-22, nan 
149.625, 62.125, 6.281678485158644e-22, nan 
149.875, 62.125, 6.075547470991998e-22, nan 
150.125, 62.125, 8.91805894520972e-22, nan 
150.375, 62.125, 6.394878417276075e-22, nan 
150.625, 62.125, 3.8453943233649254e-22, nan 
150.875, 62.125, 2.9013134988348626e-22, nan 
151.125, 62.125, 2.4058268006535597e-22, nan 
151.375, 62.125, 1.6626074682973684e-22, nan 
151.625, 62.125, 1.8781149926243051e-22, nan 
151.875, 62.125, 1.0311865237871356e-22, nan 
152.125, 62.125, 1.3733544054574772e-22, nan 
152.375, 62.125, 1.1936465373476919e-22, nan 
152.625, 62.125, 7.925510991753542e-23, nan 
152.875, 62.125, 2.1236130627319454e-22, nan 
153.125, 62.125, 1.530951921100972e-22, nan 
153.375, 62.125, 1.4429304931686654e-22, nan 
153.625, 62.125, 1.4942429173124761e-22, nan 
153.875, 62.125, 9.017923580616315e-23, nan 
154.125, 62.125, 2.834823073277891e-22, nan 
154.375, 62.125, 2.4261472381511094e-22, nan 
154.625, 62.125, 2.3759608484293058e-22, nan 
154.875, 62.125, 3.441838581973137e-22, nan 
155.125, 62.125, 4.348019165309456e-22, nan 
155.375, 62.125, 5.592268367048427e-22, nan 
155.625, 62.125, 2.1022962112092661e-22, nan 
155.875, 62.125, 4.0190324706254768e-22, nan 
156.125, 62.125, 5.073458952735619e-22, nan 
156.375, 62.125, 3.276215593608241e-22, nan 
156.625, 62.125, 2.1575307745553537e-22, nan 
156.875, 62.125, 1.469803015943942e-22, nan 
157.125, 62.125, 3.872964521509882e-22, nan 
157.375, 62.125, 3.656373399885773e-22, nan 
157.625, 62.125, 4.779850767360124e-22, nan 
157.875, 62.125, 4.922512080665282e-22, nan 
158.125, 62.125, 8.276060604570209e-22, nan 
158.375, 62.125, 1.0330015154919e-21, nan 
158.625, 62.125, 9.584013467800143e-22, nan 
158.875, 62.125, 8.61441386584022e-22, nan 
159.125, 62.125, 1.0336825788462452e-21, nan 
159.375, 62.125, 9.750343708886898e-22, nan 
159.625, 62.125, 3.861873228384296e-22, nan 
159.875, 62.125, 5.234413887126444e-22, nan 
160.125, 62.125, 5.746722682696324e-22, nan 
160.375, 62.125, 5.170128977031836e-22, nan 
160.625, 62.125, 7.902225030401306e-22, nan 
160.875, 62.125, 1.0398895739101042e-21, nan 
161.125, 62.125, 5.61868644863498e-22, nan 
161.375, 62.125, 1.0282884221432553e-21, nan 
161.625, 62.125, 9.413997159078189e-22, nan 
161.875, 62.125, 4.636200038247055e-22, nan 
162.125, 62.125, 5.741178885349348e-22, nan 
162.375, 62.125, 3.7068854134955775e-22, nan 
162.625, 62.125, 3.4866242164696994e-22, nan 
162.875, 62.125, 7.494378032637692e-22, nan 
163.125, 62.125, 1.2725278405301415e-21, nan 
163.375, 62.125, 5.062868014994277e-22, nan 
163.625, 62.125, 6.87631438415629e-22, nan 
163.875, 62.125, 1.366751467382499e-21, nan 
164.125, 62.125, 1.1115988291364595e-21, nan 
164.375, 62.125, 9.303699297850066e-22, nan 
164.625, 62.125, 5.563058241731361e-22, nan 
164.875, 62.125, 1.8053066451350046e-21, nan 
165.125, 62.125, 2.4558788811652046e-21, nan 
165.375, 62.125, 2.1680373745129334e-21, nan 
165.625, 62.125, 2.536892198932079e-21, nan 
165.875, 62.125, 2.3337530499764664e-21, nan 
166.125, 62.125, 1.9854186349169417e-21, nan 
166.375, 62.125, 4.78480828327954e-22, nan 
166.625, 62.125, 1.879704887815162e-21, nan 
166.875, 62.125, 2.2842252380767995e-21, nan 
167.125, 62.125, 2.9393593692069844e-21, nan 
167.375, 62.125, 1.9075065327818177e-21, nan 
167.625, 62.125, 2.123054508417292e-21, nan 
167.875, 62.125, 1.3075005411257456e-21, nan 
168.125, 62.125, 6.03190645754667e-22, nan 
168.375, 62.125, 8.558879367855563e-22, nan 
168.625, 62.125, 7.173813499516921e-22, nan 
168.875, 62.125, 7.401101831435572e-22, nan 
169.125, 62.125, 1.3449005461313544e-21, nan 
169.375, 62.125, 8.381753986767964e-22, nan 
169.625, 62.125, 9.779272718644566e-22, nan 
169.875, 62.125, 1.2570644229914902e-21, nan 
170.125, 62.125, 1.576505365105393e-21, nan 
170.375, 62.125, 3.0393239002250467e-21, nan 
170.625, 62.125, 2.2084599306835444e-21, nan 
170.875, 62.125, 8.222081557985638e-22, nan 
171.125, 62.125, 1.5050407279101774e-21, nan 
171.375, 62.125, 8.87955580065131e-22, nan 
171.625, 62.125, 2.1144441890762248e-21, nan 
171.875, 62.125, 1.2997232890544999e-21, nan 
172.125, 62.125, 1.4221663641013834e-21, nan 
172.375, 62.125, 4.885292601153121e-22, nan 
172.625, 62.125, 6.60280052167186e-22, nan 
172.875, 62.125, 4.515467770745926e-22, nan 
173.125, 62.125, 2.718455522923435e-22, nan 
173.375, 62.125, 5.599004326286635e-22, nan 
173.625, 62.125, 7.286246166811881e-22, nan 
173.875, 62.125, 5.161941518330735e-22, nan 
174.125, 62.125, 3.8049893183487634e-22, nan 
174.375, 62.125, 5.6256064403984705e-22, nan 
174.625, 62.125, 3.995902694494104e-22, nan 
174.875, 62.125, 3.671473309443504e-22, nan 
175.125, 62.125, 3.032101421490964e-22, nan 
175.375, 62.125, 2.9812914991445656e-22, nan 
175.625, 62.125, 2.1177344406230704e-22, nan 
175.875, 62.125, 2.884019762552401e-22, nan 
176.125, 62.125, 4.330505544818872e-22, nan 
176.375, 62.125, 2.8974760518105657e-22, nan 
176.625, 62.125, 5.150514194156783e-22, nan 
176.875, 62.125, 3.1968758150000855e-22, nan 
177.125, 62.125, 2.986006277089047e-22, nan 
177.375, 62.125, 5.821210345007054e-22, nan 
177.625, 62.125, 7.464711405449858e-22, nan 
177.875, 62.125, 2.1007292357003002e-22, nan 
178.125, 62.125, 4.331718768863918e-22, nan 
178.375, 62.125, 1.6991246349904344e-22, nan 
178.625, 62.125, 1.316947764463713e-22, nan 
178.875, 62.125, 1.0023102009753957e-22, nan 
179.125, 62.125, 2.256720003755814e-22, nan 
179.375, 62.125, 2.302086926542634e-22, nan 
179.625, 62.125, 1.4815557067421596e-22, nan 
179.875, 62.125, 1.8854557218097933e-22, nan 
-179.875, 62.375, 1.6915162864870777e-22, nan 
-179.625, 62.375, 1.1907973923620903e-22, nan 
-179.375, 62.375, 1.4452149338414194e-22, nan 
-179.125, 62.375, 2.6784859739136255e-22, nan 
-178.875, 62.375, 2.0972453834172266e-22, nan 
-178.625, 62.375, 2.295542041970086e-22, nan 
-178.375, 62.375, 2.1585777847869323e-22, nan 
-178.125, 62.375, 1.819542334492196e-22, nan 
-177.875, 62.375, 1.6510626353900622e-22, nan 
-177.625, 62.375, 1.8347376506731827e-22, nan 
-177.375, 62.375, 1.7484464139823531e-22, nan 
-177.125, 62.375, 1.180484750120543e-22, nan 
-176.875, 62.375, 1.482789534521543e-22, nan 
-176.625, 62.375, 4.1159087732842963e-22, nan 
-176.375, 62.375, 4.932629798285911e-22, nan 
-176.125, 62.375, 1.476070344973186e-22, nan 
-175.875, 62.375, 2.818910606187042e-22, nan 
-175.625, 62.375, 3.1481935748779316e-22, nan 
-175.375, 62.375, 2.7879830382541816e-22, nan 
-175.125, 62.375, 2.7827060296629745e-22, nan 
-174.875, 62.375, 1.135575558549597e-22, nan 
-174.625, 62.375, 2.0202980783859478e-22, nan 
-174.375, 62.375, 2.2026829757147516e-22, nan 
-174.125, 62.375, 2.3736014215142894e-22, nan 
-173.875, 62.375, 2.3143181707220217e-22, nan 
-173.625, 62.375, 3.113414836162244e-22, nan 
-173.375, 62.375, 1.6779925933858309e-22, nan 
-173.125, 62.375, 2.7455974487257687e-22, nan 
-172.875, 62.375, 2.515197943118357e-22, nan 
-172.625, 62.375, 2.738554943470761e-22, nan 
-172.375, 62.375, 1.5726222844808748e-22, nan 
-172.125, 62.375, 1.191549672575379e-22, nan 
-171.875, 62.375, 2.109482628891636e-22, nan 
-171.625, 62.375, 1.1416743449754862e-22, nan 
-171.375, 62.375, 9.85177109479095e-23, nan 
-171.125, 62.375, 1.0798674915567555e-22, nan 
-170.875, 62.375, 6.31317027692948e-23, nan 
-170.625, 62.375, 1.4730448048986324e-22, nan 
-170.375, 62.375, 9.276259460351228e-23, nan 
-170.125, 62.375, 4.232398200436284e-23, nan 
-169.875, 62.375, 3.7187999833119265e-23, nan 
-169.625, 62.375, 8.916249953920854e-23, nan 
-169.375, 62.375, 5.465557588136923e-23, nan 
-169.125, 62.375, 5.114666332079622e-23, nan 
-168.875, 62.375, 4.287383396818086e-23, nan 
-168.625, 62.375, 2.5047176453570138e-23, nan 
-168.375, 62.375, 3.3206232201340646e-23, nan 
-168.125, 62.375, 4.2915379972384945e-23, nan 
-167.875, 62.375, 3.533560477422613e-23, nan 
-167.625, 62.375, 3.744002233827927e-23, nan 
-167.375, 62.375, 1.9785802705475744e-23, nan 
-167.125, 62.375, 2.776869590638578e-23, nan 
-166.875, 62.375, 3.670578791101533e-23, nan 
-166.625, 62.375, 4.988263048495831e-23, nan 
-166.375, 62.375, 6.948077735647813e-23, nan 
-166.125, 62.375, 6.709229726643184e-23, nan 
-165.875, 62.375, 6.814680164770232e-23, nan 
-165.625, 62.375, 4.645565991649404e-23, nan 
-165.375, 62.375, 2.0357624399328388e-23, nan 
-165.125, 62.375, 3.218829024134396e-23, nan 
-164.875, 62.375, 2.84149306945807e-23, nan 
-164.625, 62.375, 2.1448299487029986e-23, nan 
-164.375, 62.375, 2.4669780190746198e-23, nan 
-164.125, 62.375, 2.5242403888158176e-23, nan 
-163.875, 62.375, 2.135678390421327e-23, nan 
-163.625, 62.375, 1.812148380939797e-23, nan 
-163.375, 62.375, 3.8501753835689146e-23, nan 
-163.125, 62.375, 2.261330350068065e-23, nan 
-162.875, 62.375, 1.972123982899066e-23, nan 
-162.625, 62.375, 1.3380625051672915e-23, nan 
-162.375, 62.375, 1.7443452783914713e-23, nan 
-162.125, 62.375, 2.4262719777706577e-23, nan 
-161.875, 62.375, 2.1140808932123097e-23, nan 
-161.625, 62.375, 8.801090594023732e-24, nan 
-161.375, 62.375, 4.31904087474855e-23, nan 
-161.125, 62.375, 3.955326527127963e-23, nan 
-160.875, 62.375, 1.5523247472907636e-23, nan 
-160.625, 62.375, 2.041444700791835e-23, nan 
-160.375, 62.375, 3.4889527900073534e-23, nan 
-160.125, 62.375, 2.7875020951826646e-23, nan 
-159.875, 62.375, 2.2049087874141406e-23, nan 
-159.625, 62.375, 3.3882239128607295e-23, nan 
-159.375, 62.375, 3.7865802980927885e-23, nan 
-159.125, 62.375, 3.2961301941405125e-23, nan 
-158.875, 62.375, 3.431446783866383e-23, nan 
-158.625, 62.375, 3.026891837111359e-23, nan 
-158.375, 62.375, 2.734377221386218e-23, nan 
-158.125, 62.375, 2.988577614931881e-23, nan 
-157.875, 62.375, 3.2029931571682783e-23, nan 
-157.625, 62.375, 2.1804141975866692e-23, nan 
-157.375, 62.375, 1.8942995493510283e-23, nan 
-157.125, 62.375, 2.3098198539156518e-23, nan 
-156.875, 62.375, 2.811197771706902e-23, nan 
-156.625, 62.375, 2.3096871909036054e-23, nan 
-156.375, 62.375, 1.451878685385053e-23, nan 
-156.125, 62.375, 2.086890757472499e-23, nan 
-155.875, 62.375, 2.012789502470442e-23, nan 
-155.625, 62.375, 2.0338758189552803e-23, nan 
-155.375, 62.375, 2.0240833027356402e-23, nan 
-155.125, 62.375, 1.778165929046027e-23, nan 
-154.875, 62.375, 2.309126397259292e-23, nan 
-154.625, 62.375, 2.6390283663147842e-23, nan 
-154.375, 62.375, 1.639410237375892e-23, nan 
-154.125, 62.375, 1.4328917666443196e-23, nan 
-153.875, 62.375, 1.3559666619634205e-23, nan 
-153.625, 62.375, 1.7057446348531436e-23, nan 
-153.375, 62.375, 1.527297358325575e-23, nan 
-153.125, 62.375, 1.052814104417875e-23, nan 
-152.875, 62.375, 1.5376498930004415e-23, nan 
-152.625, 62.375, 1.7354464602431505e-23, nan 
-152.375, 62.375, 1.482217285726991e-23, nan 
-152.125, 62.375, 6.09733977459692e-24, nan 
-151.875, 62.375, 2.1544092876555518e-24, nan 
-151.625, 62.375, 3.281586949319097e-24, nan 
-151.375, 62.375, 5.903872015511232e-24, nan 
-151.125, 62.375, 5.65027570536682e-24, nan 
-150.875, 62.375, 2.6019156439793884e-24, nan 
-150.625, 62.375, 5.538516322685202e-24, nan 
-150.375, 62.375, 3.1070665301509127e-24, nan 
-150.125, 62.375, 4.224001733655043e-24, nan 
-149.875, 62.375, 5.113099313083968e-24, nan 
-149.625, 62.375, 1.6402129068609187e-23, nan 
-149.375, 62.375, 1.2149090292559822e-23, nan 
-149.125, 62.375, 1.9074539786432438e-23, nan 
-148.875, 62.375, 2.14207892270952e-23, nan 
-148.625, 62.375, 1.8047241781295984e-23, nan 
-148.375, 62.375, 1.6065504965862326e-23, nan 
-148.125, 62.375, 5.335450242071042e-24, nan 
-147.875, 62.375, 1.0625566906291032e-23, nan 
-147.625, 62.375, 1.5910526627596574e-23, nan 
-147.375, 62.375, 9.602381989317497e-24, nan 
-147.125, 62.375, 1.3615294156678562e-23, nan 
-146.875, 62.375, 2.2696306193191659e-23, nan 
-146.625, 62.375, 1.3804573268973413e-23, nan 
-146.375, 62.375, 1.6421797426119572e-23, nan 
-146.125, 62.375, 1.595267805645575e-23, nan 
-145.875, 62.375, 1.7135986603645755e-23, nan 
-145.625, 62.375, 1.0008016420838761e-23, nan 
-145.375, 62.375, 1.7033302206941058e-23, nan 
-145.125, 62.375, 1.4981070975286126e-23, nan 
-144.875, 62.375, 1.1109188495819269e-23, nan 
-144.625, 62.375, 1.3954648649001113e-23, nan 
-144.375, 62.375, 1.111833016907157e-23, nan 
-144.125, 62.375, 1.8308942351717487e-23, nan 
-143.875, 62.375, 2.8548446834701705e-23, nan 
-143.625, 62.375, 2.6518729095528066e-23, nan 
-143.375, 62.375, 1.6557000054015852e-23, nan 
-143.125, 62.375, 2.3710218461181073e-23, nan 
-142.875, 62.375, 3.5716177324533956e-23, nan 
-142.625, 62.375, 2.151061987595256e-23, nan 
-142.375, 62.375, 1.1956389011267924e-23, nan 
-142.125, 62.375, 1.9761298183866326e-23, nan 
-141.875, 62.375, 1.5465675493414397e-23, nan 
-141.625, 62.375, 5.629005698260935e-24, nan 
-141.375, 62.375, 1.5005631185705706e-23, nan 
-141.125, 62.375, 7.56613131639478e-24, nan 
-140.875, 62.375, 7.057569284752033e-24, nan 
-140.625, 62.375, 9.441066447064052e-24, nan 
-140.375, 62.375, 1.2953115071955417e-23, nan 
-140.125, 62.375, 1.476003976969228e-23, nan 
-139.875, 62.375, 1.7275912843707262e-23, nan 
-139.625, 62.375, 1.225236190812022e-23, nan 
-139.375, 62.375, 2.129745385314837e-23, nan 
-139.125, 62.375, 1.8830809473484727e-23, nan 
-138.875, 62.375, 2.727705556353268e-23, nan 
-138.625, 62.375, 2.5612796963823336e-23, nan 
-138.375, 62.375, 1.5343414853645358e-23, nan 
-138.125, 62.375, 9.886502230533659e-24, nan 
-137.875, 62.375, 6.794027300655174e-24, nan 
-137.625, 62.375, 4.553123218286388e-24, nan 
-137.375, 62.375, 4.40139200829001e-24, nan 
-137.125, 62.375, 2.114445802716608e-24, nan 
-136.875, 62.375, 3.361230658339183e-24, nan 
-136.625, 62.375, 3.8124985844704995e-24, nan 
-136.375, 62.375, 4.440661040698927e-24, nan 
-136.125, 62.375, 6.585564982348807e-24, nan 
-135.875, 62.375, 7.552774925415211e-24, nan 
-135.625, 62.375, 7.61622612650858e-24, nan 
-135.375, 62.375, 9.690833121234493e-24, nan 
-135.125, 62.375, 8.727474431054507e-24, nan 
-134.875, 62.375, 7.603790248086672e-24, nan 
-134.625, 62.375, 7.139797785680909e-24, nan 
-134.375, 62.375, 6.126504305140269e-24, nan 
-134.125, 62.375, 4.968072974643734e-24, nan 
-133.875, 62.375, 7.178653080689413e-24, nan 
-133.625, 62.375, 8.596770777605677e-24, nan 
-133.375, 62.375, 7.353129257785061e-24, nan 
-133.125, 62.375, 4.60389300492018e-24, nan 
-132.875, 62.375, 6.241064776986653e-24, nan 
-132.625, 62.375, 6.653147745036525e-24, nan 
-132.375, 62.375, 4.18882082814087e-24, nan 
-132.125, 62.375, 4.00380977181599e-24, nan 
-131.875, 62.375, 5.440672439223358e-24, nan 
-131.625, 62.375, 6.041054401056811e-24, nan 
-131.375, 62.375, 6.098973047398203e-24, nan 
-131.125, 62.375, 7.121292473450566e-24, nan 
-130.875, 62.375, 9.148388382626247e-24, nan 
-130.625, 62.375, 7.335828134448297e-24, nan 
-130.375, 62.375, 6.116696832306802e-24, nan 
-130.125, 62.375, 7.095355972026115e-24, nan 
-129.875, 62.375, 5.251001108806951e-24, nan 
-129.625, 62.375, 3.1241058533037266e-24, nan 
-129.375, 62.375, 3.2472858014217613e-24, nan 
-129.125, 62.375, 3.2907612399849748e-24, nan 
-128.875, 62.375, 4.310800452235398e-24, nan 
-128.625, 62.375, 4.882583142544465e-24, nan 
-128.375, 62.375, 4.6072247448146315e-24, nan 
100.375, 62.375, 1.549869640885306e-23, nan 
100.625, 62.375, 1.0933219981335822e-23, nan 
100.875, 62.375, 1.1940788791110591e-23, nan 
101.125, 62.375, 9.803969591116447e-24, nan 
101.375, 62.375, 2.6217456133980382e-24, nan 
101.625, 62.375, 4.79860776161191e-24, nan 
101.875, 62.375, 1.3885515925194555e-23, nan 
102.125, 62.375, 1.6161219389527118e-23, nan 
102.375, 62.375, 1.0096693530019456e-23, nan 
102.625, 62.375, 2.931184638391186e-23, nan 
102.875, 62.375, 2.2376798157636067e-23, nan 
103.125, 62.375, 1.4010764202336736e-23, nan 
103.375, 62.375, 5.437616201921306e-23, nan 
103.625, 62.375, 1.352576765787408e-23, nan 
103.875, 62.375, 1.4602954470428296e-23, nan 
104.125, 62.375, 1.7699553023142166e-23, nan 
104.375, 62.375, 1.1373808411115594e-23, nan 
104.625, 62.375, 9.78149957068824e-24, nan 
104.875, 62.375, 7.023653952340895e-24, nan 
105.125, 62.375, 6.88479275398741e-24, nan 
105.375, 62.375, 3.838460632724732e-24, nan 
105.625, 62.375, 3.929943934923949e-24, nan 
105.875, 62.375, 3.903318312614149e-24, nan 
106.125, 62.375, 5.581252766455696e-24, nan 
106.375, 62.375, 3.1576475247506186e-24, nan 
106.625, 62.375, 3.806893035787649e-24, nan 
106.875, 62.375, 3.773161596979646e-24, nan 
107.125, 62.375, 4.0027721692781324e-24, nan 
107.375, 62.375, 5.4147664004378546e-24, nan 
107.625, 62.375, 7.190576090651726e-24, nan 
107.875, 62.375, 3.588900882970146e-24, nan 
108.125, 62.375, 2.4213938950505497e-24, nan 
108.375, 62.375, 7.337302438858815e-24, nan 
108.625, 62.375, 7.071722678104323e-24, nan 
108.875, 62.375, 1.0388500207968453e-23, nan 
109.125, 62.375, 1.2088970877009596e-23, nan 
109.375, 62.375, 9.326072440444353e-24, nan 
109.625, 62.375, 8.015263584668814e-24, nan 
109.875, 62.375, 5.1407175554372555e-24, nan 
110.125, 62.375, 7.720287738345323e-24, nan 
110.375, 62.375, 6.88183731909231e-24, nan 
110.625, 62.375, 9.668765657472651e-24, nan 
110.875, 62.375, 7.778665468364018e-24, nan 
111.125, 62.375, 6.821528792803703e-24, nan 
111.375, 62.375, 1.029774617073351e-23, nan 
111.625, 62.375, 7.017486668089435e-24, nan 
111.875, 62.375, 4.495589769188904e-24, nan 
112.125, 62.375, 1.299017802538305e-24, nan 
112.375, 62.375, 3.1447623401426715e-24, nan 
112.625, 62.375, 5.98104381079422e-24, nan 
112.875, 62.375, 3.4995746434442414e-24, nan 
113.125, 62.375, 7.937903998756313e-24, nan 
113.375, 62.375, 7.654123468643328e-24, nan 
113.625, 62.375, 2.0635326145441605e-24, nan 
113.875, 62.375, 3.264665483392169e-24, nan 
114.125, 62.375, 4.8607169887080786e-24, nan 
114.375, 62.375, 2.1729468329652566e-24, nan 
114.625, 62.375, 2.4047142960695857e-24, nan 
114.875, 62.375, 3.515389543506322e-24, nan 
115.125, 62.375, 3.4070962916083616e-24, nan 
115.375, 62.375, 1.0976209713748817e-23, nan 
115.625, 62.375, 9.252003028302197e-24, nan 
115.875, 62.375, 2.9825754418283034e-24, nan 
116.125, 62.375, 4.7313355080011585e-24, nan 
116.375, 62.375, 4.3365211686558895e-24, nan 
116.625, 62.375, 4.845017789492584e-24, nan 
116.875, 62.375, 9.419499220849516e-24, nan 
117.125, 62.375, 7.082563816506475e-24, nan 
117.375, 62.375, 4.687185374727417e-24, nan 
117.625, 62.375, 5.544338295028816e-24, nan 
117.875, 62.375, 8.057087605604704e-24, nan 
118.125, 62.375, 6.55547176251342e-24, nan 
118.375, 62.375, 1.2458693350302702e-23, nan 
118.625, 62.375, 1.0904655309277452e-23, nan 
118.875, 62.375, 4.356196588140782e-24, nan 
119.125, 62.375, 1.095828510908801e-23, nan 
119.375, 62.375, 1.1274932710310264e-23, nan 
119.625, 62.375, 3.90703496934947e-24, nan 
119.875, 62.375, 8.894314220088682e-24, nan 
120.125, 62.375, 8.914693805470973e-24, nan 
120.375, 62.375, 6.006979242540642e-24, nan 
120.625, 62.375, 7.777469761752952e-24, nan 
120.875, 62.375, 1.006328313645968e-23, nan 
121.125, 62.375, 7.853557431853763e-24, nan 
121.375, 62.375, 1.0516074932647073e-23, nan 
121.625, 62.375, 1.0516310475280032e-23, nan 
121.875, 62.375, 7.337089655646503e-24, nan 
122.125, 62.375, 5.7829100427329834e-24, nan 
122.375, 62.375, 1.2418634156314263e-23, nan 
122.625, 62.375, 1.3211169995289994e-23, nan 
122.875, 62.375, 7.881267310325332e-24, nan 
123.125, 62.375, 2.317430576732531e-23, nan 
123.375, 62.375, 1.275609821293759e-23, nan 
123.625, 62.375, 1.2407839537099124e-23, nan 
123.875, 62.375, 1.920664943172885e-23, nan 
124.125, 62.375, 1.2382773011059847e-23, nan 
124.375, 62.375, 2.0169928655590457e-23, nan 
124.625, 62.375, 1.4639963115771094e-23, nan 
124.875, 62.375, 1.1797995149195386e-23, nan 
125.125, 62.375, 1.2638720641381891e-23, nan 
125.375, 62.375, 1.3921158277649832e-23, nan 
125.625, 62.375, 2.4503760093311932e-23, nan 
125.875, 62.375, 2.784258236642674e-23, nan 
126.125, 62.375, 1.9798372181450118e-23, nan 
126.375, 62.375, 1.820425279285247e-23, nan 
126.625, 62.375, 1.9824954259007248e-23, nan 
126.875, 62.375, 8.112637765322548e-24, nan 
127.125, 62.375, 4.820945176340907e-24, nan 
127.375, 62.375, 3.711664761953617e-24, nan 
127.625, 62.375, 6.571357432878986e-24, nan 
127.875, 62.375, 5.2584074337784604e-24, nan 
128.125, 62.375, 6.380442928709325e-24, nan 
128.375, 62.375, 1.0084449948136633e-23, nan 
128.625, 62.375, 1.1970170340368825e-23, nan 
128.875, 62.375, 1.356819456882532e-23, nan 
129.125, 62.375, 1.2092723094362303e-23, nan 
129.375, 62.375, 2.0516016537437116e-23, nan 
129.625, 62.375, 4.689317540078102e-23, nan 
129.875, 62.375, 3.7837155003119535e-23, nan 
130.125, 62.375, 2.942339906703576e-23, nan 
130.375, 62.375, 3.1972561721187574e-23, nan 
130.625, 62.375, 2.0244656733614612e-23, nan 
130.875, 62.375, 1.2454962042236837e-23, nan 
131.125, 62.375, 1.5147009883949246e-23, nan 
131.375, 62.375, 8.664187005814906e-24, nan 
131.625, 62.375, 1.3221754660931787e-23, nan 
131.875, 62.375, 2.0751691704631908e-23, nan 
132.125, 62.375, 2.405130929274465e-23, nan 
132.375, 62.375, 2.784551780069039e-23, nan 
132.625, 62.375, 3.751923011815747e-23, nan 
132.875, 62.375, 4.817879119306013e-23, nan 
133.125, 62.375, 2.8068737540493103e-23, nan 
133.375, 62.375, 2.6334947109452613e-23, nan 
133.625, 62.375, 3.622397666992582e-23, nan 
133.875, 62.375, 2.401264480377469e-23, nan 
134.125, 62.375, 1.700870792624462e-23, nan 
134.375, 62.375, 2.092377795148359e-23, nan 
134.625, 62.375, 1.7861383025073304e-23, nan 
134.875, 62.375, 4.2709453567615195e-23, nan 
135.125, 62.375, 3.8721785444673076e-23, nan 
135.375, 62.375, 2.950103233507651e-23, nan 
135.625, 62.375, 2.434442818162344e-23, nan 
135.875, 62.375, 2.1120389524408787e-23, nan 
136.125, 62.375, 1.7055056311133644e-23, nan 
136.375, 62.375, 1.0552121939798304e-23, nan 
136.625, 62.375, 1.0047846362371335e-23, nan 
136.875, 62.375, 5.541558969425084e-24, nan 
137.125, 62.375, 6.96956602674839e-24, nan 
137.375, 62.375, 2.4313719120545015e-23, nan 
137.625, 62.375, 5.821098552106649e-23, nan 
137.875, 62.375, 2.686936899147859e-23, nan 
138.125, 62.375, 2.722938144026106e-23, nan 
138.375, 62.375, 8.353002379049854e-23, nan 
138.625, 62.375, 3.4628337476981714e-23, nan 
138.875, 62.375, 1.8302882302061793e-23, nan 
139.125, 62.375, 5.1877698782307255e-23, nan 
139.375, 62.375, 1.8984793450745895e-23, nan 
139.625, 62.375, 9.649342241687439e-24, nan 
139.875, 62.375, 1.1069236576443142e-23, nan 
140.125, 62.375, 1.4910257357421273e-23, nan 
140.375, 62.375, 1.9046933984498277e-23, nan 
140.625, 62.375, 2.9543360184789797e-23, nan 
140.875, 62.375, 7.026859172306045e-23, nan 
141.125, 62.375, 7.744576039892202e-23, nan 
141.375, 62.375, 8.854335839915699e-23, nan 
141.625, 62.375, 1.233639381100868e-22, nan 
141.875, 62.375, 1.4300871129939785e-22, nan 
142.125, 62.375, 1.5317449996768053e-22, nan 
142.375, 62.375, 2.124018516892608e-22, nan 
142.625, 62.375, 1.9757893844578888e-22, nan 
142.875, 62.375, 1.0745437858008306e-22, nan 
143.125, 62.375, 1.2030607394035436e-22, nan 
143.375, 62.375, 9.546861579665897e-23, nan 
143.625, 62.375, 8.421186107002447e-23, nan 
143.875, 62.375, 8.801908620259835e-23, nan 
144.125, 62.375, 8.03368477505157e-23, nan 
144.375, 62.375, 7.006715647360674e-23, nan 
144.625, 62.375, 6.152685703845749e-23, nan 
144.875, 62.375, 2.9384116204580784e-23, nan 
145.125, 62.375, 1.5680237237788455e-22, nan 
145.375, 62.375, 1.2694645620099636e-22, nan 
145.625, 62.375, 6.164705193572486e-23, nan 
145.875, 62.375, 7.487254380228604e-23, nan 
146.125, 62.375, 6.513297133301218e-23, nan 
146.375, 62.375, 1.0310995214996166e-22, nan 
146.625, 62.375, 9.077415202066611e-23, nan 
146.875, 62.375, 6.660649115160403e-23, nan 
147.125, 62.375, 7.929159634441812e-23, nan 
147.375, 62.375, 1.8888418275783806e-22, nan 
147.625, 62.375, 2.0178418175004541e-22, nan 
147.875, 62.375, 1.7195784193109855e-22, nan 
148.125, 62.375, 1.9018825760943714e-22, nan 
148.375, 62.375, 2.9495580447462956e-22, nan 
148.625, 62.375, 2.9060517530444834e-22, nan 
148.875, 62.375, 2.0085874025713997e-22, nan 
149.125, 62.375, 2.835853592002437e-22, nan 
149.375, 62.375, 2.208561390194292e-22, nan 
149.625, 62.375, 4.1529697724577965e-22, nan 
149.875, 62.375, 4.582914539346148e-22, nan 
150.125, 62.375, 7.142311909682406e-22, nan 
150.375, 62.375, 5.363790161621809e-22, nan 
150.625, 62.375, 4.407113263266207e-22, nan 
150.875, 62.375, 2.0957837763231707e-22, nan 
151.125, 62.375, 7.63553022913979e-23, nan 
151.375, 62.375, 1.6421044243409696e-22, nan 
151.625, 62.375, 1.5145728595733387e-22, nan 
151.875, 62.375, 1.1114195165138516e-22, nan 
152.125, 62.375, 1.1830952715551136e-22, nan 
152.375, 62.375, 1.8551908509318968e-22, nan 
152.625, 62.375, 1.4012420944955838e-22, nan 
152.875, 62.375, 2.5012832074703952e-22, nan 
153.125, 62.375, 2.134020849057654e-22, nan 
153.375, 62.375, 3.067926054086721e-22, nan 
153.625, 62.375, 2.0454064909145417e-22, nan 
153.875, 62.375, 1.6086707658017408e-22, nan 
154.125, 62.375, 2.407393521626987e-22, nan 
154.375, 62.375, 3.854399723684107e-22, nan 
154.625, 62.375, 5.141347810146757e-22, nan 
154.875, 62.375, 6.440228180700003e-22, nan 
155.125, 62.375, 6.684602375324755e-22, nan 
155.375, 62.375, 5.50832779029881e-22, nan 
155.625, 62.375, 6.197546000372847e-22, nan 
155.875, 62.375, 6.51362483989981e-22, nan 
156.125, 62.375, 4.1744828222882705e-22, nan 
156.375, 62.375, 4.576696078097039e-22, nan 
156.625, 62.375, 3.1005290120462093e-22, nan 
156.875, 62.375, 2.5863288573640376e-22, nan 
157.125, 62.375, 5.953026292450093e-22, nan 
157.375, 62.375, 5.577079363731176e-22, nan 
157.625, 62.375, 4.6859340971608305e-22, nan 
157.875, 62.375, 6.101507495442239e-22, nan 
158.125, 62.375, 1.250976521234073e-21, nan 
158.375, 62.375, 1.972761895906749e-21, nan 
158.625, 62.375, 1.622005088590487e-21, nan 
158.875, 62.375, 1.05967899150948e-21, nan 
159.125, 62.375, 1.248185583322397e-21, nan 
159.375, 62.375, 1.0429775741547048e-21, nan 
159.625, 62.375, 5.52427708109446e-22, nan 
159.875, 62.375, 7.691823333766393e-22, nan 
160.125, 62.375, 9.832248348443978e-22, nan 
160.375, 62.375, 7.250180157362274e-22, nan 
160.625, 62.375, 9.927236579710729e-22, nan 
160.875, 62.375, 1.4665234730694844e-21, nan 
161.125, 62.375, 7.443777277085581e-22, nan 
161.375, 62.375, 8.963748817995147e-22, nan 
161.625, 62.375, 1.190727166871684e-21, nan 
161.875, 62.375, 7.602053094843135e-22, nan 
162.125, 62.375, 5.231676465296521e-22, nan 
162.375, 62.375, 3.566767041573994e-22, nan 
162.625, 62.375, 7.160058367167653e-22, nan 
162.875, 62.375, 6.263718303109121e-22, nan 
163.125, 62.375, 1.339959148690318e-21, nan 
163.375, 62.375, 1.4494673193999342e-21, nan 
163.625, 62.375, 1.9432048408842188e-21, nan 
163.875, 62.375, 1.4232128756693398e-21, nan 
164.125, 62.375, 1.920429265372623e-21, nan 
164.375, 62.375, 1.57844585724394e-21, nan 
164.625, 62.375, 5.657410890343613e-22, nan 
164.875, 62.375, 1.6417371282405888e-21, nan 
165.125, 62.375, 1.9647609923186593e-21, nan 
165.375, 62.375, 2.1820676389266226e-21, nan 
165.625, 62.375, 3.5791653157822705e-21, nan 
165.875, 62.375, 3.4917288278884336e-21, nan 
166.125, 62.375, 3.4903537475554816e-21, nan 
166.375, 62.375, 4.1601550108506414e-21, nan 
166.625, 62.375, 4.531207344252106e-21, nan 
166.875, 62.375, 4.2359518657945044e-21, nan 
167.125, 62.375, 2.935455319416215e-21, nan 
167.375, 62.375, 2.475500179772486e-21, nan 
167.625, 62.375, 2.8267560603465125e-21, nan 
167.875, 62.375, 7.574947789300605e-22, nan 
168.125, 62.375, 1.06969569472749e-21, nan 
168.375, 62.375, 1.2981841582252155e-21, nan 
168.625, 62.375, 7.184319933486683e-22, nan 
168.875, 62.375, 9.743038566443183e-22, nan 
169.125, 62.375, 1.5178528993160828e-21, nan 
169.375, 62.375, 1.0878823924036086e-21, nan 
169.625, 62.375, 8.927522813974053e-22, nan 
169.875, 62.375, 1.584244749677373e-21, nan 
170.125, 62.375, 1.75642542258389e-21, nan 
170.375, 62.375, 1.2881121535631717e-21, nan 
170.625, 62.375, 1.9222382083325963e-21, nan 
170.875, 62.375, 2.0309408688501736e-21, nan 
171.125, 62.375, 1.8274089180208774e-21, nan 
171.375, 62.375, 1.4509582618756984e-21, nan 
171.625, 62.375, 1.0976528216120855e-21, nan 
171.875, 62.375, 1.3267108982169705e-21, nan 
172.125, 62.375, 7.450791482168915e-22, nan 
172.375, 62.375, 4.778127433342208e-22, nan 
172.625, 62.375, 5.787857323447208e-22, nan 
172.875, 62.375, 6.028319173858336e-22, nan 
173.125, 62.375, 4.749938059570076e-22, nan 
173.375, 62.375, 5.378101161998699e-22, nan 
173.625, 62.375, 6.169140762878174e-22, nan 
173.875, 62.375, 7.792240338710981e-22, nan 
174.125, 62.375, 6.100570946956822e-22, nan 
174.375, 62.375, 4.739573652683481e-22, nan 
174.625, 62.375, 7.2378921349188875e-22, nan 
174.875, 62.375, 6.0697710584260305e-22, nan 
175.125, 62.375, 6.1046171013478695e-22, nan 
175.375, 62.375, 5.409730886985093e-22, nan 
175.625, 62.375, 5.181845492803493e-22, nan 
175.875, 62.375, 4.7367293117459975e-22, nan 
176.125, 62.375, 7.220838285747268e-22, nan 
176.375, 62.375, 4.600040581534776e-22, nan 
176.625, 62.375, 4.904408191189172e-22, nan 
176.875, 62.375, 6.474106023313352e-22, nan 
177.125, 62.375, 5.660696405936593e-22, nan 
177.375, 62.375, 5.585126479296189e-22, nan 
177.625, 62.375, 8.277352589624182e-22, nan 
177.875, 62.375, 3.804054749845979e-22, nan 
178.125, 62.375, 3.692650455544461e-22, nan 
178.375, 62.375, 3.1623040977539583e-22, nan 
178.625, 62.375, 1.481962725856275e-22, nan 
178.875, 62.375, 1.2700709328038144e-22, nan 
179.125, 62.375, 2.360604499557288e-22, nan 
179.375, 62.375, 2.714066309855832e-22, nan 
179.625, 62.375, 2.274335577334413e-22, nan 
179.875, 62.375, 2.117800119152324e-22, nan 
-179.875, 62.625, 1.84706029281846e-22, nan 
-179.625, 62.625, 1.777440312151019e-22, nan 
-179.375, 62.625, 1.7219008224465373e-22, nan 
-179.125, 62.625, 1.1746461421985164e-22, nan 
-178.875, 62.625, 1.6776739344935095e-22, nan 
-178.625, 62.625, 3.1079535840155575e-22, nan 
-178.375, 62.625, 2.682595749848246e-22, nan 
-178.125, 62.625, 1.7494082867010141e-22, nan 
-177.875, 62.625, 3.12959199079186e-22, nan 
-177.625, 62.625, 2.183675346514566e-22, nan 
-177.375, 62.625, 4.4316623362994485e-22, nan 
-177.125, 62.625, 3.8899696806200517e-22, nan 
-176.875, 62.625, 2.233331024777085e-22, nan 
-176.625, 62.625, 6.598538852657082e-22, nan 
-176.375, 62.625, 6.953838803535335e-22, nan 
-176.125, 62.625, 2.331331794308047e-22, nan 
-175.875, 62.625, 3.5183308894865846e-22, nan 
-175.625, 62.625, 3.941358313016377e-22, nan 
-175.375, 62.625, 2.689924245221037e-22, nan 
-175.125, 62.625, 2.0927753291242443e-22, nan 
-174.875, 62.625, 1.237606008770769e-22, nan 
-174.625, 62.625, 2.392916518093155e-22, nan 
-174.375, 62.625, 3.6737963935905505e-22, nan 
-174.125, 62.625, 2.4868102883932813e-22, nan 
-173.875, 62.625, 3.948587321050745e-22, nan 
-173.625, 62.625, 3.555038227611807e-21, nan 
-173.375, 62.625, 3.8457727907441845e-21, nan 
-173.125, 62.625, 3.6424278054487895e-21, nan 
-172.875, 62.625, 4.650711072790707e-21, nan 
-172.625, 62.625, 4.0051443268683305e-22, nan 
-172.375, 62.625, 1.6948233312876467e-22, nan 
-172.125, 62.625, 2.8400806472934756e-22, nan 
-171.875, 62.625, 2.575466480619403e-22, nan 
-171.625, 62.625, 1.16577509181721e-22, nan 
-171.375, 62.625, 1.124081810196502e-22, nan 
-171.125, 62.625, 1.6371635682509523e-22, nan 
-170.875, 62.625, 9.524492583172756e-23, nan 
-170.625, 62.625, 9.694437902814715e-23, nan 
-170.375, 62.625, 9.410530270143886e-23, nan 
-170.125, 62.625, 4.048363114921789e-23, nan 
-169.875, 62.625, 3.634517267304604e-23, nan 
-169.625, 62.625, 6.052122168110599e-23, nan 
-169.375, 62.625, 4.092356381728329e-23, nan 
-169.125, 62.625, 4.4439443177308405e-23, nan 
-168.875, 62.625, 3.291422355819483e-23, nan 
-168.625, 62.625, 3.5682514454792624e-23, nan 
-168.375, 62.625, 3.346647221285711e-23, nan 
-168.125, 62.625, 3.0905497825508014e-23, nan 
-167.875, 62.625, 3.891921488222565e-23, nan 
-167.625, 62.625, 3.3225515824001895e-23, nan 
-167.375, 62.625, 2.5525873611154767e-23, nan 
-167.125, 62.625, 2.849005531818928e-23, nan 
-166.875, 62.625, 3.7226430223757574e-23, nan 
-166.625, 62.625, 4.6770169703642027e-23, nan 
-166.375, 62.625, 3.984637506883156e-23, nan 
-166.125, 62.625, 3.4517462799101364e-23, nan 
-165.875, 62.625, 6.276240054459535e-23, nan 
-165.625, 62.625, 4.4436138447501393e-23, nan 
-165.375, 62.625, 3.1186454170254784e-23, nan 
-165.125, 62.625, 4.306682943631382e-23, nan 
-164.875, 62.625, 5.018028114123663e-23, nan 
-164.625, 62.625, 3.160916171496266e-23, nan 
-164.375, 62.625, 3.401780404414795e-23, nan 
-164.125, 62.625, 4.0539310304984666e-23, nan 
-163.875, 62.625, 1.0105641278219359e-23, nan 
-163.625, 62.625, 2.5052328729099753e-23, nan 
-163.375, 62.625, 3.6815452942719874e-23, nan 
-163.125, 62.625, 2.571094592874012e-23, nan 
-162.875, 62.625, 3.6888941427974434e-23, nan 
-162.625, 62.625, 2.7435693026620995e-23, nan 
-162.375, 62.625, 3.246716768533997e-23, nan 
-162.125, 62.625, 2.835186345053225e-23, nan 
-161.875, 62.625, 1.9744846114822158e-23, nan 
-161.625, 62.625, 3.109478113742249e-23, nan 
-161.375, 62.625, 4.436471135469659e-23, nan 
-161.125, 62.625, 3.157567046585258e-23, nan 
-160.875, 62.625, 3.6099718091045585e-23, nan 
-160.625, 62.625, 1.5933606730222952e-23, nan 
-160.375, 62.625, 2.597948233372525e-23, nan 
-160.125, 62.625, 2.0099567737774384e-23, nan 
-159.875, 62.625, 2.1595269553262456e-23, nan 
-159.625, 62.625, 3.047646041717339e-23, nan 
-159.375, 62.625, 3.82797842365312e-23, nan 
-159.125, 62.625, 4.630632479245458e-23, nan 
-158.875, 62.625, 4.2494946535301e-23, nan 
-158.625, 62.625, 3.542636757647217e-23, nan 
-158.375, 62.625, 4.38223924865181e-23, nan 
-158.125, 62.625, 3.5053193335689314e-23, nan 
-157.875, 62.625, 1.8544085024250513e-23, nan 
-157.625, 62.625, 1.5589722290524444e-23, nan 
-157.375, 62.625, 1.9985246933557704e-23, nan 
-157.125, 62.625, 1.686771775311831e-23, nan 
-156.875, 62.625, 1.744305994235371e-23, nan 
-156.625, 62.625, 1.7740188216593708e-23, nan 
-156.375, 62.625, 1.1048593747488548e-23, nan 
-156.125, 62.625, 1.4633661235087235e-23, nan 
-155.875, 62.625, 1.1577667138274454e-23, nan 
-155.625, 62.625, 1.4744047347652346e-23, nan 
-155.375, 62.625, 3.3881586917843493e-23, nan 
-155.125, 62.625, 2.11940152339168e-23, nan 
-154.875, 62.625, 1.8629801522307695e-23, nan 
-154.625, 62.625, 4.2211675819510483e-23, nan 
-154.375, 62.625, 3.253312553508274e-23, nan 
-154.125, 62.625, 2.573158794305585e-23, nan 
-153.875, 62.625, 1.4495640434092506e-23, nan 
-153.625, 62.625, 2.532840552293919e-23, nan 
-153.375, 62.625, 1.5338876946855722e-23, nan 
-153.125, 62.625, 1.2799635329578308e-23, nan 
-152.875, 62.625, 1.9715039520158928e-23, nan 
-152.625, 62.625, 2.0971130000963193e-23, nan 
-152.375, 62.625, 2.0609723949539332e-23, nan 
-152.125, 62.625, 1.2311417043337078e-23, nan 
-151.875, 62.625, 1.2985087962573863e-23, nan 
-151.625, 62.625, 1.062928060331253e-23, nan 
-151.375, 62.625, 5.7313818833993486e-24, nan 
-151.125, 62.625, 3.6198058431298334e-24, nan 
-150.875, 62.625, 5.619012787397168e-24, nan 
-150.625, 62.625, 3.588479062853831e-24, nan 
-150.375, 62.625, 6.455942755287542e-24, nan 
-150.125, 62.625, 3.612194090143796e-24, nan 
-149.875, 62.625, 3.576366746316214e-24, nan 
-149.625, 62.625, 6.699520067166518e-24, nan 
-149.375, 62.625, 7.410981255320472e-24, nan 
-149.125, 62.625, 1.1804098835640002e-23, nan 
-148.875, 62.625, 1.2594903676922589e-23, nan 
-148.625, 62.625, 1.1046511566486655e-23, nan 
-148.375, 62.625, 1.6168012607468485e-23, nan 
-148.125, 62.625, 1.1750391092598656e-23, nan 
-147.875, 62.625, 5.915671030135849e-24, nan 
-147.625, 62.625, 8.250288260005719e-24, nan 
-147.375, 62.625, 1.1640170428551585e-23, nan 
-147.125, 62.625, 8.019563730848011e-24, nan 
-146.875, 62.625, 1.1163543823972272e-23, nan 
-146.625, 62.625, 1.072267726100294e-23, nan 
-146.375, 62.625, 9.273279265438256e-24, nan 
-146.125, 62.625, 8.761465879129325e-24, nan 
-145.875, 62.625, 7.523629694259656e-24, nan 
-145.625, 62.625, 9.718733837514625e-24, nan 
-145.375, 62.625, 1.5461665851220246e-23, nan 
-145.125, 62.625, 1.1595744410019184e-23, nan 
-144.875, 62.625, 8.551968911773502e-24, nan 
-144.625, 62.625, 1.1508964530994809e-23, nan 
-144.375, 62.625, 1.5111264985334764e-23, nan 
-144.125, 62.625, 2.3709719851511924e-23, nan 
-143.875, 62.625, 2.2919068511359673e-23, nan 
-143.625, 62.625, 1.4589588770242222e-23, nan 
-143.375, 62.625, 2.9041740343059153e-23, nan 
-143.125, 62.625, 3.229157753155403e-23, nan 
-142.875, 62.625, 2.660994822424152e-23, nan 
-142.625, 62.625, 3.252020363819113e-23, nan 
-142.375, 62.625, 9.170689409493322e-24, nan 
-142.125, 62.625, 1.6338208154098942e-23, nan 
-141.875, 62.625, 1.5055633296100205e-23, nan 
-141.625, 62.625, 6.096454260027213e-24, nan 
-141.375, 62.625, 2.2384268356817204e-23, nan 
-141.125, 62.625, 8.266781685785607e-24, nan 
-140.875, 62.625, 6.555649467898316e-24, nan 
-140.625, 62.625, 1.87901312822932e-23, nan 
-140.375, 62.625, 1.307667936533152e-23, nan 
-140.125, 62.625, 8.695364918202729e-24, nan 
-139.875, 62.625, 2.164680063408332e-23, nan 
-139.625, 62.625, 2.6141846683202487e-23, nan 
-139.375, 62.625, 1.8754615794901764e-23, nan 
-139.125, 62.625, 1.8334043265250296e-23, nan 
-138.875, 62.625, 4.4561258368458773e-23, nan 
-138.625, 62.625, 4.265102734260647e-23, nan 
-138.375, 62.625, 2.1751653990896302e-23, nan 
-138.125, 62.625, 2.4192341321706607e-23, nan 
-137.875, 62.625, 2.9935741166529354e-23, nan 
-137.625, 62.625, 9.639318108750704e-24, nan 
-137.375, 62.625, 1.374789073269852e-23, nan 
-137.125, 62.625, 1.1643820657720579e-23, nan 
-136.875, 62.625, 7.268095024924613e-24, nan 
-136.625, 62.625, 7.331799964570797e-24, nan 
-136.375, 62.625, 3.878958143659086e-24, nan 
-136.125, 62.625, 1.776582406271007e-24, nan 
-135.875, 62.625, 2.2249927998408157e-24, nan 
-135.625, 62.625, 3.773158259063461e-24, nan 
-135.375, 62.625, 4.597302512537959e-24, nan 
-135.125, 62.625, 5.249329994158541e-24, nan 
-134.875, 62.625, 5.666482869557986e-24, nan 
-134.625, 62.625, 9.791069885405593e-24, nan 
-134.375, 62.625, 1.0279051400102401e-23, nan 
-134.125, 62.625, 7.199269916712935e-24, nan 
-133.875, 62.625, 1.2128994907342019e-23, nan 
-133.625, 62.625, 3.6776557323743146e-23, nan 
-133.375, 62.625, 9.107427468239548e-24, nan 
-133.125, 62.625, 2.816331723649533e-24, nan 
-132.875, 62.625, 8.232786233272811e-24, nan 
-132.625, 62.625, 7.725088370386537e-24, nan 
-132.375, 62.625, 6.877549243579679e-24, nan 
-132.125, 62.625, 5.226492183797706e-24, nan 
-131.875, 62.625, 5.056800052760623e-24, nan 
-131.625, 62.625, 3.670573585492763e-24, nan 
-131.375, 62.625, 5.652413452621909e-24, nan 
-131.125, 62.625, 8.527892220446269e-24, nan 
-130.875, 62.625, 5.557286943696642e-24, nan 
-130.625, 62.625, 6.676573244387621e-24, nan 
-130.375, 62.625, 7.801577244358407e-24, nan 
-130.125, 62.625, 7.641298673583114e-24, nan 
-129.875, 62.625, 6.797620750065527e-24, nan 
-129.625, 62.625, 6.842023989384466e-24, nan 
-129.375, 62.625, 5.813036570758995e-24, nan 
-129.125, 62.625, 2.0445235984735316e-24, nan 
-128.875, 62.625, 1.9309771031543276e-24, nan 
-128.625, 62.625, 1.6842640712138164e-24, nan 
-128.375, 62.625, 1.5553896391582887e-24, nan 
-128.125, 62.625, 2.0317998521062e-24, nan 
-127.875, 62.625, 3.1221430784428236e-24, nan 
99.875, 62.625, 1.1694014946191566e-23, nan 
100.125, 62.625, 1.6913098347300522e-23, nan 
100.375, 62.625, 1.4192084403574588e-23, nan 
100.625, 62.625, 1.1334562686757106e-23, nan 
100.875, 62.625, 1.242622953464037e-23, nan 
101.125, 62.625, 2.2589101202284448e-24, nan 
101.375, 62.625, 2.802692250862889e-24, nan 
101.625, 62.625, 3.1985397799751878e-24, nan 
101.875, 62.625, 1.33277285049208e-23, nan 
102.125, 62.625, 1.2554012420102055e-23, nan 
102.375, 62.625, 1.1647088127744945e-23, nan 
102.625, 62.625, 1.4922813914092494e-23, nan 
102.875, 62.625, 1.497241359991437e-23, nan 
103.125, 62.625, 1.933260353554989e-23, nan 
103.375, 62.625, 4.020847103890252e-23, nan 
103.625, 62.625, 1.1443991105850308e-23, nan 
103.875, 62.625, 1.40744257051769e-23, nan 
104.125, 62.625, 1.3932935629437256e-23, nan 
104.375, 62.625, 9.923174208861676e-24, nan 
104.625, 62.625, 6.47011643505223e-24, nan 
104.875, 62.625, 4.579648767217234e-24, nan 
105.125, 62.625, 5.621053913038134e-24, nan 
105.375, 62.625, 3.9245015532428055e-24, nan 
105.625, 62.625, 3.858425523256491e-24, nan 
105.875, 62.625, 3.8419241658899355e-24, nan 
106.125, 62.625, 2.86615392404879e-24, nan 
106.375, 62.625, 3.9565782226548986e-24, nan 
106.625, 62.625, 6.149150421501405e-24, nan 
106.875, 62.625, 6.901023114081434e-24, nan 
107.125, 62.625, 3.635842105210398e-24, nan 
107.375, 62.625, 4.5554003941641654e-24, nan 
107.625, 62.625, 8.646840824770199e-24, nan 
107.875, 62.625, 4.281133454798417e-24, nan 
108.125, 62.625, 5.2588602502783404e-24, nan 
108.375, 62.625, 8.272982509064546e-24, nan 
108.625, 62.625, 7.934753116867443e-24, nan 
108.875, 62.625, 9.036801533007024e-24, nan 
109.125, 62.625, 7.72871435907165e-24, nan 
109.375, 62.625, 8.154189126935577e-24, nan 
109.625, 62.625, 7.467718813381169e-24, nan 
109.875, 62.625, 5.875214440516746e-24, nan 
110.125, 62.625, 7.879244628242705e-24, nan 
110.375, 62.625, 4.926496357960034e-24, nan 
110.625, 62.625, 6.542371303390099e-24, nan 
110.875, 62.625, 6.937429393922493e-24, nan 
111.125, 62.625, 5.5143305205435856e-24, nan 
111.375, 62.625, 7.00236798422782e-24, nan 
111.625, 62.625, 6.4607407405989144e-24, nan 
111.875, 62.625, 4.777336693177496e-24, nan 
112.125, 62.625, 5.372427875189242e-24, nan 
112.375, 62.625, 6.754106618254719e-24, nan 
112.625, 62.625, 4.1974070781165446e-24, nan 
112.875, 62.625, 3.965582570439943e-24, nan 
113.125, 62.625, 1.0875882384271195e-23, nan 
113.375, 62.625, 7.602729411356792e-24, nan 
113.625, 62.625, 4.000378036198442e-24, nan 
113.875, 62.625, 5.479416604239819e-24, nan 
114.125, 62.625, 4.847612758586385e-24, nan 
114.375, 62.625, 4.720193554538435e-24, nan 
114.625, 62.625, 1.223296890130745e-23, nan 
114.875, 62.625, 2.1551771252668012e-23, nan 
115.125, 62.625, 2.0450287247444518e-23, nan 
115.375, 62.625, 1.6436359939350598e-23, nan 
115.625, 62.625, 9.538484279789187e-24, nan 
115.875, 62.625, 5.425609934982391e-24, nan 
116.125, 62.625, 2.497868730951494e-24, nan 
116.375, 62.625, 3.361895788844861e-24, nan 
116.625, 62.625, 3.486691157247905e-24, nan 
116.875, 62.625, 5.020242277520964e-24, nan 
117.125, 62.625, 3.1270254305735523e-24, nan 
117.375, 62.625, 1.0886678165565965e-24, nan 
117.625, 62.625, 5.325175613743844e-24, nan 
117.875, 62.625, 7.172852565470619e-24, nan 
118.125, 62.625, 7.731020139645997e-24, nan 
118.375, 62.625, 1.709000365429807e-23, nan 
118.625, 62.625, 1.6595884287566003e-23, nan 
118.875, 62.625, 7.172242102845858e-24, nan 
119.125, 62.625, 2.2588739148100928e-23, nan 
119.375, 62.625, 2.4638726543292296e-23, nan 
119.625, 62.625, 6.679664648240626e-24, nan 
119.875, 62.625, 1.2439977245503765e-23, nan 
120.125, 62.625, 1.1341013517387166e-23, nan 
120.375, 62.625, 1.0968546587343274e-23, nan 
120.625, 62.625, 7.225349337937815e-24, nan 
120.875, 62.625, 1.0861601277812577e-23, nan 
121.125, 62.625, 1.3629985601519198e-23, nan 
121.375, 62.625, 1.6187834581110355e-23, nan 
121.625, 62.625, 1.1535275491450671e-23, nan 
121.875, 62.625, 1.1264652462485339e-23, nan 
122.125, 62.625, 1.1397943134912487e-23, nan 
122.375, 62.625, 1.5242856941259853e-23, nan 
122.625, 62.625, 2.1220258285525833e-23, nan 
122.875, 62.625, 1.3382641498250584e-23, nan 
123.125, 62.625, 1.690343843156231e-23, nan 
123.375, 62.625, 1.2850108988035843e-23, nan 
123.625, 62.625, 1.2085524154469142e-23, nan 
123.875, 62.625, 1.1269065575073898e-23, nan 
124.125, 62.625, 1.2412648161904318e-23, nan 
124.375, 62.625, 2.0681470435021847e-23, nan 
124.625, 62.625, 8.666426456050695e-24, nan 
124.875, 62.625, 1.0073005961527298e-23, nan 
125.125, 62.625, 1.1362153869293491e-23, nan 
125.375, 62.625, 9.946492877493946e-24, nan 
125.625, 62.625, 1.5196670081962055e-23, nan 
125.875, 62.625, 1.9397289019058785e-23, nan 
126.125, 62.625, 1.0801356079870385e-23, nan 
126.375, 62.625, 8.008022130166375e-24, nan 
126.625, 62.625, 6.48621924582564e-24, nan 
126.875, 62.625, 5.345196200533832e-24, nan 
127.125, 62.625, 7.121334718893467e-24, nan 
127.375, 62.625, 9.001209761552179e-24, nan 
127.625, 62.625, 8.734835486217868e-24, nan 
127.875, 62.625, 8.904718526129339e-24, nan 
128.125, 62.625, 7.655527108467337e-24, nan 
128.375, 62.625, 1.2325758542484739e-23, nan 
128.625, 62.625, 1.5744259702505465e-23, nan 
128.875, 62.625, 1.8333073427421933e-23, nan 
129.125, 62.625, 1.7237308880106935e-23, nan 
129.375, 62.625, 2.797581833043142e-23, nan 
129.625, 62.625, 6.343783709084832e-23, nan 
129.875, 62.625, 4.7518971198386706e-23, nan 
130.125, 62.625, 2.0715378585672583e-23, nan 
130.375, 62.625, 2.9391601952141456e-23, nan 
130.625, 62.625, 2.421293236590773e-23, nan 
130.875, 62.625, 1.9135492303849192e-23, nan 
131.125, 62.625, 7.273899902634274e-24, nan 
131.375, 62.625, 1.11911048698529e-23, nan 
131.625, 62.625, 2.829069668475692e-23, nan 
131.875, 62.625, 3.2913481538786535e-23, nan 
132.125, 62.625, 2.2113895120900166e-23, nan 
132.375, 62.625, 4.2423053999264646e-23, nan 
132.625, 62.625, 3.4018091897544455e-23, nan 
132.875, 62.625, 3.047210068976771e-23, nan 
133.125, 62.625, 2.7887901146008163e-23, nan 
133.375, 62.625, 2.2903021004742056e-23, nan 
133.625, 62.625, 1.5539717655715178e-23, nan 
133.875, 62.625, 1.4372883938649658e-23, nan 
134.125, 62.625, 2.797437007071799e-23, nan 
134.375, 62.625, 2.31999077240513e-23, nan 
134.625, 62.625, 3.680823647540821e-23, nan 
134.875, 62.625, 5.2681609295886034e-23, nan 
135.125, 62.625, 3.4801419865254234e-23, nan 
135.375, 62.625, 2.4417699005357056e-23, nan 
135.625, 62.625, 1.8341122929408897e-23, nan 
135.875, 62.625, 2.669950757979704e-23, nan 
136.125, 62.625, 1.896379076104497e-23, nan 
136.375, 62.625, 1.5071076844899305e-23, nan 
136.625, 62.625, 6.436791037365264e-24, nan 
136.875, 62.625, 1.2135275441131525e-23, nan 
137.125, 62.625, 8.549814397428524e-24, nan 
137.375, 62.625, 2.876167976516809e-23, nan 
137.625, 62.625, 3.013845899087942e-23, nan 
137.875, 62.625, 2.534648022934978e-23, nan 
138.125, 62.625, 4.020992637085355e-23, nan 
138.375, 62.625, 5.431558728641482e-23, nan 
138.625, 62.625, 2.5743064319859637e-23, nan 
138.875, 62.625, 2.521496228841653e-23, nan 
139.125, 62.625, 3.133681369797399e-23, nan 
139.375, 62.625, 2.358401718414219e-23, nan 
139.625, 62.625, 1.32447150552751e-23, nan 
139.875, 62.625, 9.921848170358037e-24, nan 
140.125, 62.625, 2.2492991425989677e-23, nan 
140.375, 62.625, 2.917780402051809e-23, nan 
140.625, 62.625, 2.942933036056734e-23, nan 
140.875, 62.625, 1.5702858132973796e-23, nan 
141.125, 62.625, 6.878028685802435e-23, nan 
141.375, 62.625, 8.177066690063095e-23, nan 
141.625, 62.625, 1.1287495206677594e-22, nan 
141.875, 62.625, 1.4150263181895995e-22, nan 
142.125, 62.625, 1.3353283881460314e-22, nan 
142.375, 62.625, 1.9946188082188948e-22, nan 
142.625, 62.625, 2.2351268037294383e-22, nan 
142.875, 62.625, 8.641238638847549e-23, nan 
143.125, 62.625, 3.3143128816597396e-23, nan 
143.375, 62.625, 1.0770759609827183e-22, nan 
143.625, 62.625, 8.038835405709703e-23, nan 
143.875, 62.625, 5.420425788441259e-23, nan 
144.125, 62.625, 5.891991638786234e-23, nan 
144.375, 62.625, 6.132911714397693e-23, nan 
144.625, 62.625, 6.631751389086945e-23, nan 
144.875, 62.625, 6.080322789847328e-23, nan 
145.125, 62.625, 7.810293892521201e-23, nan 
145.375, 62.625, 3.9821534488368114e-23, nan 
145.625, 62.625, 5.723320359291703e-23, nan 
145.875, 62.625, 1.0855236212773784e-22, nan 
146.125, 62.625, 5.6853909679315e-23, nan 
146.375, 62.625, 9.040908365923211e-23, nan 
146.625, 62.625, 8.224289936724414e-23, nan 
146.875, 62.625, 3.434309896601356e-23, nan 
147.125, 62.625, 7.43412404410807e-23, nan 
147.375, 62.625, 1.505148116462876e-22, nan 
147.625, 62.625, 1.6113197097704965e-22, nan 
147.875, 62.625, 1.7141651339288883e-22, nan 
148.125, 62.625, 1.0727975911745842e-22, nan 
148.375, 62.625, 2.8055276111077407e-22, nan 
148.625, 62.625, 3.8102694955443725e-22, nan 
148.875, 62.625, 3.8199821415453047e-22, nan 
149.125, 62.625, 6.858010041464615e-22, nan 
149.375, 62.625, 8.061935120455981e-22, nan 
149.625, 62.625, 6.735229388062178e-22, nan 
149.875, 62.625, 5.571551445560566e-22, nan 
150.125, 62.625, 4.332742607416686e-22, nan 
150.375, 62.625, 3.591835320795481e-22, nan 
150.625, 62.625, 4.565413305414513e-22, nan 
150.875, 62.625, 1.727494558486137e-22, nan 
151.125, 62.625, 1.830041879137906e-22, nan 
151.375, 62.625, 2.2290895863167066e-22, nan 
151.625, 62.625, 1.5882676469776923e-22, nan 
151.875, 62.625, 1.4261920709616937e-22, nan 
152.125, 62.625, 1.9387534514710648e-22, nan 
152.375, 62.625, 1.767001811309628e-22, nan 
152.625, 62.625, 2.560253209172618e-22, nan 
152.875, 62.625, 2.235867887229991e-22, nan 
153.125, 62.625, 2.072842109241877e-22, nan 
153.375, 62.625, 3.6087959890642185e-22, nan 
153.625, 62.625, 2.6209076692896526e-22, nan 
153.875, 62.625, 4.144891843651277e-22, nan 
154.125, 62.625, 3.9928843025646053e-22, nan 
154.375, 62.625, 3.339752992839464e-22, nan 
154.625, 62.625, 6.732481243144646e-22, nan 
154.875, 62.625, 6.8753791568084795e-22, nan 
155.125, 62.625, 7.261598127490038e-22, nan 
155.375, 62.625, 7.473284661910128e-22, nan 
155.625, 62.625, 8.098024979098179e-22, nan 
155.875, 62.625, 8.004905979244406e-22, nan 
156.125, 62.625, 7.251765042518065e-22, nan 
156.375, 62.625, 6.443736493015623e-22, nan 
156.625, 62.625, 9.776425479133691e-22, nan 
156.875, 62.625, 7.162102816566542e-22, nan 
157.125, 62.625, 7.223334690479654e-22, nan 
157.375, 62.625, 3.4338386235214716e-22, nan 
157.625, 62.625, 6.271258274405156e-22, nan 
157.875, 62.625, 1.4753775995033205e-21, nan 
158.125, 62.625, 1.481675944781213e-21, nan 
158.375, 62.625, 1.8918032625309025e-21, nan 
158.625, 62.625, 1.9286495518469477e-21, nan 
158.875, 62.625, 8.89924652478415e-22, nan 
159.125, 62.625, 5.22879138751177e-22, nan 
159.375, 62.625, 6.706068976547496e-22, nan 
159.625, 62.625, 1.7479169524032724e-21, nan 
159.875, 62.625, 8.165704194007023e-22, nan 
160.125, 62.625, 9.62620998973041e-22, nan 
160.375, 62.625, 1.2014336061781982e-21, nan 
160.625, 62.625, 1.4543610464536322e-21, nan 
160.875, 62.625, 2.0184832844378954e-21, nan 
161.125, 62.625, 2.1294561709073194e-21, nan 
161.375, 62.625, 1.2378815221247694e-21, nan 
161.625, 62.625, 1.4123451490819405e-21, nan 
161.875, 62.625, 1.1787043905839082e-21, nan 
162.125, 62.625, 4.1735658253823346e-22, nan 
162.375, 62.625, 5.66532696550536e-22, nan 
162.625, 62.625, 6.950619866099973e-22, nan 
162.875, 62.625, 6.211684988073391e-22, nan 
163.125, 62.625, 1.2325789207665924e-21, nan 
163.375, 62.625, 1.4383176524629094e-21, nan 
163.625, 62.625, 1.8493303229547086e-21, nan 
163.875, 62.625, 1.271284309927992e-21, nan 
164.125, 62.625, 1.1549781357271286e-21, nan 
164.375, 62.625, 6.482670460800807e-22, nan 
164.625, 62.625, 1.6387407232831379e-21, nan 
164.875, 62.625, 1.7504956126743736e-21, nan 
165.125, 62.625, 2.3767347211102616e-21, nan 
165.375, 62.625, 7.236917305921744e-22, nan 
165.625, 62.625, 3.8891771300051976e-21, nan 
165.875, 62.625, 3.780091740466984e-21, nan 
166.125, 62.625, 3.1431771925574e-21, nan 
166.375, 62.625, 4.3748767138765745e-21, nan 
166.625, 62.625, 4.949341306478609e-21, nan 
166.875, 62.625, 4.563452632189707e-21, nan 
167.125, 62.625, 1.2590567371958762e-21, nan 
167.375, 62.625, 1.569715056747196e-21, nan 
167.625, 62.625, 1.8617918573579825e-21, nan 
167.875, 62.625, 1.1589683455520432e-21, nan 
168.125, 62.625, 1.2107832134174539e-21, nan 
168.375, 62.625, 1.8638200669784603e-21, nan 
168.625, 62.625, 1.834610788619836e-21, nan 
168.875, 62.625, 1.3912922235567632e-21, nan 
169.125, 62.625, 1.4881731532528216e-21, nan 
169.375, 62.625, 8.842542636004892e-22, nan 
169.625, 62.625, 7.24849102779807e-22, nan 
169.875, 62.625, 9.983007335844248e-22, nan 
170.125, 62.625, 7.22688918679049e-22, nan 
170.375, 62.625, 4.253975093929754e-22, nan 
170.625, 62.625, 2.0317962300229318e-21, nan 
170.875, 62.625, 1.7865182940325173e-21, nan 
171.125, 62.625, 1.4254163064425307e-21, nan 
171.375, 62.625, 1.3597420632966093e-21, nan 
171.625, 62.625, 3.158734259101223e-22, nan 
171.875, 62.625, 4.1185056797425624e-22, nan 
172.125, 62.625, 4.7343557218203415e-22, nan 
172.375, 62.625, 5.728179955102125e-22, nan 
172.625, 62.625, 1.969008814788911e-22, nan 
172.875, 62.625, 5.97044069644935e-22, nan 
173.125, 62.625, 6.754971725411901e-22, nan 
173.375, 62.625, 6.44017874158928e-22, nan 
173.625, 62.625, 5.439759750019371e-22, nan 
173.875, 62.625, 7.539999953048856e-22, nan 
174.125, 62.625, 1.0944392712529418e-21, nan 
174.375, 62.625, 9.524879918679564e-22, nan 
174.625, 62.625, 7.122446278262001e-22, nan 
174.875, 62.625, 7.844935551537105e-22, nan 
175.125, 62.625, 8.46626951041059e-22, nan 
175.375, 62.625, 4.393707522065001e-22, nan 
175.625, 62.625, 5.903024940167152e-22, nan 
175.875, 62.625, 5.4938369209032525e-22, nan 
176.125, 62.625, 6.167686846852023e-22, nan 
176.375, 62.625, 7.616937703014179e-22, nan 
176.625, 62.625, 8.3407231859671205e-22, nan 
176.875, 62.625, 7.637545804262845e-22, nan 
177.125, 62.625, 5.530166091743891e-22, nan 
177.375, 62.625, 6.985160586443617e-22, nan 
177.625, 62.625, 6.847825621263076e-22, nan 
177.875, 62.625, 1.2477867213188055e-22, nan 
178.125, 62.625, 2.451289806192848e-22, nan 
178.375, 62.625, 3.826816129130623e-22, nan 
178.625, 62.625, 1.5297670964203154e-22, nan 
178.875, 62.625, 1.8370750505531248e-22, nan 
179.125, 62.625, 2.845969385809472e-22, nan 
179.375, 62.625, 3.4279027916271225e-22, nan 
179.625, 62.625, 2.8124304860021577e-22, nan 
179.875, 62.625, 2.6095447800859626e-22, nan 
-179.875, 62.875, 1.644322490745984e-22, nan 
-179.625, 62.875, 2.212683983283632e-22, nan 
-179.375, 62.875, 1.918809689534607e-22, nan 
-179.125, 62.875, 2.312794750402458e-22, nan 
-178.875, 62.875, 1.9474497054331095e-22, nan 
-178.625, 62.875, 3.2032443257897276e-22, nan 
-178.375, 62.875, 3.210821199492751e-22, nan 
-178.125, 62.875, 3.090294621208455e-22, nan 
-177.875, 62.875, 4.148100232433551e-22, nan 
-177.625, 62.875, 3.9850770051278796e-22, nan 
-177.375, 62.875, 3.773823545289447e-22, nan 
-177.125, 62.875, 3.422945008199726e-22, nan 
-176.875, 62.875, 4.471614296599513e-22, nan 
-176.625, 62.875, 4.791708182440435e-22, nan 
-176.375, 62.875, 5.014219077629072e-22, nan 
-176.125, 62.875, 3.86190566410245e-22, nan 
-175.875, 62.875, 3.214776693983345e-22, nan 
-175.625, 62.875, 4.260308803923335e-22, nan 
-175.375, 62.875, 3.0670639099539234e-22, nan 
-175.125, 62.875, 2.3759162854205657e-22, nan 
-174.875, 62.875, 3.308950711009474e-22, nan 
-174.625, 62.875, 4.593184978222877e-22, nan 
-174.375, 62.875, 2.79573926943643e-21, nan 
-174.125, 62.875, 3.3139454933644706e-21, nan 
-173.875, 62.875, 3.3364342737249092e-21, nan 
-173.625, 62.875, 6.094196255995861e-21, nan 
-173.375, 62.875, 6.319402849673295e-21, nan 
-173.125, 62.875, 5.7831813480455e-21, nan 
-172.875, 62.875, 6.865326526163596e-21, nan 
-172.625, 62.875, 2.8621233619961333e-21, nan 
-172.375, 62.875, 2.203783650291308e-21, nan 
-172.125, 62.875, 2.707335640478523e-21, nan 
-171.875, 62.875, 4.387682363358094e-22, nan 
-171.625, 62.875, 1.0504963410202282e-22, nan 
-171.375, 62.875, 1.122570519529228e-22, nan 
-171.125, 62.875, 1.349389002151709e-22, nan 
-170.875, 62.875, 1.0682069226286281e-22, nan 
-170.625, 62.875, 8.843609128922173e-23, nan 
-170.375, 62.875, 2.559025619946124e-23, nan 
-170.125, 62.875, 4.2630082367411797e-23, nan 
-169.875, 62.875, 2.2605087575689313e-23, nan 
-169.625, 62.875, 3.75604993369767e-23, nan 
-169.375, 62.875, 4.7831354570631456e-23, nan 
-169.125, 62.875, 4.7539613291696137e-23, nan 
-168.875, 62.875, 4.862901715378059e-23, nan 
-168.625, 62.875, 5.2078997196667254e-23, nan 
-168.375, 62.875, 3.619288080411636e-23, nan 
-168.125, 62.875, 3.490914124703963e-23, nan 
-167.875, 62.875, 3.0034327544546544e-23, nan 
-167.625, 62.875, 3.872682120285315e-23, nan 
-167.375, 62.875, 3.682606606365953e-23, nan 
-167.125, 62.875, 3.104176830713484e-23, nan 
-166.875, 62.875, 4.122238942191506e-23, nan 
-166.625, 62.875, 3.1489685661431034e-23, nan 
-166.375, 62.875, 3.4030675171120593e-23, nan 
-166.125, 62.875, 3.351563705130556e-23, nan 
-165.875, 62.875, 4.4151682673642957e-23, nan 
-165.625, 62.875, 3.966995395062141e-23, nan 
-165.375, 62.875, 3.05977470493876e-23, nan 
-165.125, 62.875, 3.130774624931403e-23, nan 
-164.875, 62.875, 3.912153649152916e-23, nan 
-164.625, 62.875, 3.721458483688078e-23, nan 
-164.375, 62.875, 5.162469484798231e-23, nan 
-164.125, 62.875, 4.045923698248761e-23, nan 
-163.875, 62.875, 2.7500059195545924e-23, nan 
-163.625, 62.875, 2.79780736445607e-23, nan 
-163.375, 62.875, 3.659107717046666e-23, nan 
-163.125, 62.875, 2.68701310477679e-23, nan 
-162.875, 62.875, 3.8829511179783456e-23, nan 
-162.625, 62.875, 3.428660496854463e-23, nan 
-162.375, 62.875, 2.841436599582845e-23, nan 
-162.125, 62.875, 3.056837758998312e-23, nan 
-161.875, 62.875, 2.367215057924931e-23, nan 
-161.625, 62.875, 3.737725157858297e-23, nan 
-161.375, 62.875, 2.0961669854232908e-23, nan 
-161.125, 62.875, 2.0137966699596182e-23, nan 
-160.875, 62.875, 3.4684419378052573e-23, nan 
-160.625, 62.875, 2.4703466785387002e-23, nan 
-160.375, 62.875, 2.7383812531138724e-23, nan 
-160.125, 62.875, 2.426569964445162e-23, nan 
-159.875, 62.875, 1.9440581198129506e-23, nan 
-159.625, 62.875, 1.867801207962555e-23, nan 
-159.375, 62.875, 3.345701041080076e-23, nan 
-159.125, 62.875, 4.3636644202937633e-23, nan 
-158.875, 62.875, 5.876202612847243e-23, nan 
-158.625, 62.875, 5.168611871076953e-23, nan 
-158.375, 62.875, 5.998973564217096e-23, nan 
-158.125, 62.875, 7.445214727978117e-23, nan 
-157.875, 62.875, 2.535960228583735e-23, nan 
-157.625, 62.875, 1.963707277972925e-23, nan 
-157.375, 62.875, 3.416524508932058e-23, nan 
-157.125, 62.875, 1.591189722372827e-23, nan 
-156.875, 62.875, 1.1655150793582067e-23, nan 
-156.625, 62.875, 1.739662894050587e-23, nan 
-156.375, 62.875, 1.0154929673993507e-23, nan 
-156.125, 62.875, 1.4899798393030486e-23, nan 
-155.875, 62.875, 1.620884697258045e-23, nan 
-155.625, 62.875, 2.3297651374428738e-23, nan 
-155.375, 62.875, 2.0828486437117534e-23, nan 
-155.125, 62.875, 1.7628605661578705e-23, nan 
-154.875, 62.875, 1.800734222054845e-23, nan 
-154.625, 62.875, 3.608475794759636e-23, nan 
-154.375, 62.875, 3.2376530600126336e-23, nan 
-154.125, 62.875, 2.761621155827863e-23, nan 
-153.875, 62.875, 2.1448457123150037e-23, nan 
-153.625, 62.875, 2.4163065724033018e-23, nan 
-153.375, 62.875, 2.418683756027173e-23, nan 
-153.125, 62.875, 1.0405457935544521e-23, nan 
-152.875, 62.875, 1.023741132518532e-23, nan 
-152.625, 62.875, 1.6633163176260095e-23, nan 
-152.375, 62.875, 2.454327479484816e-23, nan 
-152.125, 62.875, 1.7351518691338152e-23, nan 
-151.875, 62.875, 1.8662813679568576e-23, nan 
-151.625, 62.875, 2.1506794098175993e-23, nan 
-151.375, 62.875, 1.187276348791767e-23, nan 
-151.125, 62.875, 9.412051542144002e-24, nan 
-150.875, 62.875, 8.48245579238394e-24, nan 
-150.625, 62.875, 7.679482019685765e-24, nan 
-150.375, 62.875, 7.527061224605798e-24, nan 
-150.125, 62.875, 4.07861052003936e-24, nan 
-149.875, 62.875, 4.287071648915105e-24, nan 
-149.625, 62.875, 5.617082131591018e-24, nan 
-149.375, 62.875, 5.383493220479788e-24, nan 
-149.125, 62.875, 6.862663140282203e-24, nan 
-148.875, 62.875, 1.4095324099011022e-23, nan 
-148.625, 62.875, 1.437813676366554e-23, nan 
-148.375, 62.875, 1.694857858226891e-23, nan 
-148.125, 62.875, 1.8026281766493765e-23, nan 
-147.875, 62.875, 2.0829033438107962e-23, nan 
-147.625, 62.875, 1.6293848083292828e-23, nan 
-147.375, 62.875, 5.6563649488410375e-24, nan 
-147.125, 62.875, 6.870714823640504e-24, nan 
-146.875, 62.875, 1.4303635089283746e-23, nan 
-146.625, 62.875, 9.976813937859652e-24, nan 
-146.375, 62.875, 7.991267758660972e-24, nan 
-146.125, 62.875, 1.1973063997654887e-23, nan 
-145.875, 62.875, 1.0564236576632374e-23, nan 
-145.625, 62.875, 1.0211798297174449e-23, nan 
-145.375, 62.875, 5.618108928908754e-24, nan 
-145.125, 62.875, 1.7343467206443195e-23, nan 
-144.875, 62.875, 2.050051131116126e-23, nan 
-144.625, 62.875, 1.832681132433323e-23, nan 
-144.375, 62.875, 2.3145244206591632e-23, nan 
-144.125, 62.875, 3.591949734067629e-23, nan 
-143.875, 62.875, 1.1571056530881223e-23, nan 
-143.625, 62.875, 1.0277983566885996e-23, nan 
-143.375, 62.875, 2.3686677378320376e-23, nan 
-143.125, 62.875, 3.3093765051009034e-23, nan 
-142.875, 62.875, 1.8912670721344738e-23, nan 
-142.625, 62.875, 3.2819491426650337e-23, nan 
-142.375, 62.875, 2.6665788166092774e-23, nan 
-142.125, 62.875, 1.2219513222436629e-23, nan 
-141.875, 62.875, 2.1828448221261855e-23, nan 
-141.625, 62.875, 1.3613020229170048e-23, nan 
-141.375, 62.875, 2.1774950466725777e-23, nan 
-141.125, 62.875, 2.0976899037699914e-23, nan 
-140.875, 62.875, 5.1886102963018526e-24, nan 
-140.625, 62.875, 1.3171932477140125e-23, nan 
-140.375, 62.875, 1.7142630914649494e-23, nan 
-140.125, 62.875, 1.5868280255481774e-23, nan 
-139.875, 62.875, 2.2627205325053703e-23, nan 
-139.625, 62.875, 2.245805861240833e-23, nan 
-139.375, 62.875, 1.865531229434198e-23, nan 
-139.125, 62.875, 2.3294352578091113e-23, nan 
-138.875, 62.875, 3.4365719117020843e-23, nan 
-138.625, 62.875, 3.076966469020181e-23, nan 
-138.375, 62.875, 1.6930027762058782e-23, nan 
-138.125, 62.875, 1.988323532654979e-23, nan 
-137.875, 62.875, 1.930584789334425e-23, nan 
-137.625, 62.875, 9.456821896216894e-24, nan 
-137.375, 62.875, 9.408845937363868e-24, nan 
-137.125, 62.875, 1.0925433499545511e-23, nan 
-136.875, 62.875, 9.433941771578674e-24, nan 
-136.625, 62.875, 9.745012224207743e-24, nan 
-136.375, 62.875, 8.73103689704748e-24, nan 
-136.125, 62.875, 7.06861520972864e-24, nan 
-135.875, 62.875, 4.320308299668586e-24, nan 
-135.625, 62.875, 3.406741346284035e-24, nan 
-135.375, 62.875, 5.4463124597910015e-24, nan 
-135.125, 62.875, 4.714811182242832e-24, nan 
-134.875, 62.875, 6.879130695366104e-24, nan 
-134.625, 62.875, 9.909341817811138e-24, nan 
-134.375, 62.875, 1.6253989148301103e-23, nan 
-134.125, 62.875, 1.2401489341331992e-23, nan 
-133.875, 62.875, 1.3630633335525137e-23, nan 
-133.625, 62.875, 4.714562012797823e-23, nan 
-133.375, 62.875, 1.4723077706817988e-23, nan 
-133.125, 62.875, 1.6704665498488062e-23, nan 
-132.875, 62.875, 1.8830064288243304e-23, nan 
-132.625, 62.875, 9.176751063478107e-24, nan 
-132.375, 62.875, 1.0488303222296709e-23, nan 
-132.125, 62.875, 6.808117371180544e-24, nan 
-131.875, 62.875, 7.385160841665753e-24, nan 
-131.625, 62.875, 7.047111656137794e-24, nan 
-131.375, 62.875, 5.851691743929889e-24, nan 
-131.125, 62.875, 7.039942465710535e-24, nan 
-130.875, 62.875, 4.9882026385036e-24, nan 
-130.625, 62.875, 4.106650716926453e-24, nan 
-130.375, 62.875, 4.580739391849297e-24, nan 
-130.125, 62.875, 4.184582833641477e-24, nan 
-129.875, 62.875, 7.070452217646046e-24, nan 
-129.625, 62.875, 8.376046807765827e-24, nan 
-129.375, 62.875, 7.737956619905078e-24, nan 
-129.125, 62.875, 8.712132504522528e-24, nan 
-128.875, 62.875, 8.470544059831369e-24, nan 
-128.625, 62.875, 8.088068589182713e-24, nan 
-128.375, 62.875, 1.4756960530409025e-24, nan 
-128.125, 62.875, 3.260448427227053e-24, nan 
-127.875, 62.875, 2.8297364259762858e-24, nan 
-127.625, 62.875, 1.9165926343296706e-24, nan 
99.625, 62.875, 2.132388239774541e-23, nan 
99.875, 62.875, 1.471665344451461e-23, nan 
100.125, 62.875, 2.0369321577815696e-23, nan 
100.375, 62.875, 1.8426963148363192e-23, nan 
100.625, 62.875, 1.5543517242708352e-23, nan 
100.875, 62.875, 4.8130516704502845e-24, nan 
101.125, 62.875, 3.691665645181366e-24, nan 
101.375, 62.875, 3.346240977320973e-24, nan 
101.625, 62.875, 3.418203696973378e-24, nan 
101.875, 62.875, 8.585979517030801e-24, nan 
102.125, 62.875, 1.0874827187525599e-23, nan 
102.375, 62.875, 5.660639602022623e-24, nan 
102.625, 62.875, 1.1892860981955743e-23, nan 
102.875, 62.875, 1.3759261470552082e-23, nan 
103.125, 62.875, 1.1963101960992095e-23, nan 
103.375, 62.875, 1.0986101263396527e-23, nan 
103.625, 62.875, 9.691271751260035e-24, nan 
103.875, 62.875, 6.869269917278998e-24, nan 
104.125, 62.875, 7.670598531263002e-24, nan 
104.375, 62.875, 6.138186367455711e-24, nan 
104.625, 62.875, 5.881279278131613e-24, nan 
104.875, 62.875, 6.60375781244031e-24, nan 
105.125, 62.875, 5.7592049931809664e-24, nan 
105.375, 62.875, 3.472572846599196e-24, nan 
105.625, 62.875, 1.4705203531719441e-24, nan 
105.875, 62.875, 4.3084004107612576e-24, nan 
106.125, 62.875, 4.724473689149292e-24, nan 
106.375, 62.875, 4.4026026247078034e-24, nan 
106.625, 62.875, 6.452971104196372e-24, nan 
106.875, 62.875, 5.259971020097459e-24, nan 
107.125, 62.875, 3.740949355242638e-24, nan 
107.375, 62.875, 2.7527705336508423e-24, nan 
107.625, 62.875, 2.79784811243193e-24, nan 
107.875, 62.875, 4.110352296404492e-24, nan 
108.125, 62.875, 5.174900551297094e-24, nan 
108.375, 62.875, 8.388265471634637e-24, nan 
108.625, 62.875, 8.688789750863497e-24, nan 
108.875, 62.875, 6.10187079751841e-24, nan 
109.125, 62.875, 1.105735629932462e-23, nan 
109.375, 62.875, 1.0512808787342968e-23, nan 
109.625, 62.875, 1.0785009949449227e-23, nan 
109.875, 62.875, 7.217715182624601e-24, nan 
110.125, 62.875, 9.074439956640879e-24, nan 
110.375, 62.875, 1.0206163225621692e-23, nan 
110.625, 62.875, 8.89321199738437e-24, nan 
110.875, 62.875, 5.734237365040056e-24, nan 
111.125, 62.875, 9.146646236529432e-24, nan 
111.375, 62.875, 5.992622151826847e-24, nan 
111.625, 62.875, 2.1415183805294023e-24, nan 
111.875, 62.875, 5.9512534725816016e-24, nan 
112.125, 62.875, 5.4374891776585576e-24, nan 
112.375, 62.875, 3.83136216091074e-24, nan 
112.625, 62.875, 3.81048060883326e-24, nan 
112.875, 62.875, 4.5134652152815304e-24, nan 
113.125, 62.875, 4.270769615671122e-24, nan 
113.375, 62.875, 3.677110155434925e-24, nan 
113.625, 62.875, 3.507476617257034e-24, nan 
113.875, 62.875, 7.283833606831676e-24, nan 
114.125, 62.875, 1.206653202579531e-23, nan 
114.375, 62.875, 1.2572986837351435e-23, nan 
114.625, 62.875, 1.5750074431034083e-23, nan 
114.875, 62.875, 2.937194977202269e-23, nan 
115.125, 62.875, 3.110055414018195e-23, nan 
115.375, 62.875, 2.4346811948510786e-23, nan 
115.625, 62.875, 1.499968123306379e-23, nan 
115.875, 62.875, 1.5596335020525593e-23, nan 
116.125, 62.875, 1.3818592612095043e-23, nan 
116.375, 62.875, 7.644835105334185e-24, nan 
116.625, 62.875, 5.3636082054331e-24, nan 
116.875, 62.875, 4.1470541723940605e-24, nan 
117.125, 62.875, 6.880152101985131e-24, nan 
117.375, 62.875, 9.93802591202503e-24, nan 
117.625, 62.875, 3.0874366546646276e-23, nan 
117.875, 62.875, 1.439598979453048e-23, nan 
118.125, 62.875, 8.056141664315005e-24, nan 
118.375, 62.875, 8.082307921103254e-24, nan 
118.625, 62.875, 8.677025408705676e-24, nan 
118.875, 62.875, 7.57614571687403e-24, nan 
119.125, 62.875, 1.6421558952591377e-23, nan 
119.375, 62.875, 1.8387331908677718e-23, nan 
119.625, 62.875, 7.715794794363056e-24, nan 
119.875, 62.875, 2.9107414370643203e-24, nan 
120.125, 62.875, 5.597658805380951e-24, nan 
120.375, 62.875, 1.0730292569374395e-23, nan 
120.625, 62.875, 1.5494155950888627e-23, nan 
120.875, 62.875, 1.1076821906772701e-23, nan 
121.125, 62.875, 1.425809883820606e-23, nan 
121.375, 62.875, 2.0552394208683134e-23, nan 
121.625, 62.875, 1.472763100711533e-23, nan 
121.875, 62.875, 1.8558040862094265e-23, nan 
122.125, 62.875, 2.022436173524528e-23, nan 
122.375, 62.875, 2.5640640277703333e-23, nan 
122.625, 62.875, 3.8453812311441655e-23, nan 
122.875, 62.875, 1.6193958110097854e-23, nan 
123.125, 62.875, 2.0783510589402563e-23, nan 
123.375, 62.875, 2.7130198338497043e-23, nan 
123.625, 62.875, 1.6430522703688914e-23, nan 
123.875, 62.875, 6.632821922041419e-24, nan 
124.125, 62.875, 8.409521041505002e-24, nan 
124.375, 62.875, 1.2007635571326229e-23, nan 
124.625, 62.875, 7.298730979245195e-24, nan 
124.875, 62.875, 6.366789446507824e-24, nan 
125.125, 62.875, 8.299102482641856e-24, nan 
125.375, 62.875, 1.1611981940347406e-23, nan 
125.625, 62.875, 6.662272013487693e-24, nan 
125.875, 62.875, 3.395269973252487e-24, nan 
126.125, 62.875, 1.1965099028120035e-23, nan 
126.375, 62.875, 1.1417758168701423e-23, nan 
126.625, 62.875, 2.2899446983039542e-24, nan 
126.875, 62.875, 6.97519333434641e-24, nan 
127.125, 62.875, 8.887668220781642e-24, nan 
127.375, 62.875, 7.734739299429135e-24, nan 
127.625, 62.875, 1.0442334318098235e-23, nan 
127.875, 62.875, 1.2123055763871266e-23, nan 
128.125, 62.875, 4.9518703214079786e-24, nan 
128.375, 62.875, 1.589688777817928e-23, nan 
128.625, 62.875, 1.480882900167604e-23, nan 
128.875, 62.875, 9.966849097724728e-24, nan 
129.125, 62.875, 8.040915984703222e-24, nan 
129.375, 62.875, 2.4518376332279103e-23, nan 
129.625, 62.875, 5.1993070277494696e-23, nan 
129.875, 62.875, 2.2568369739020556e-23, nan 
130.125, 62.875, 1.6985087789131598e-23, nan 
130.375, 62.875, 1.3885385606140494e-23, nan 
130.625, 62.875, 1.2400282792148358e-23, nan 
130.875, 62.875, 1.966194864826184e-23, nan 
131.125, 62.875, 1.83832310450001e-23, nan 
131.375, 62.875, 3.724450578243625e-23, nan 
131.625, 62.875, 3.187050029604601e-23, nan 
131.875, 62.875, 6.252783323268417e-23, nan 
132.125, 62.875, 3.9086306466698744e-23, nan 
132.375, 62.875, 3.756425875286213e-23, nan 
132.625, 62.875, 1.8180769450401368e-23, nan 
132.875, 62.875, 1.5571612335778426e-23, nan 
133.125, 62.875, 2.001546659437984e-23, nan 
133.375, 62.875, 1.0770189825716802e-23, nan 
133.625, 62.875, 1.5696970057698704e-23, nan 
133.875, 62.875, 2.2165612774918673e-23, nan 
134.125, 62.875, 3.3382869489903486e-23, nan 
134.375, 62.875, 4.45935951220245e-23, nan 
134.625, 62.875, 4.3282319835665986e-23, nan 
134.875, 62.875, 4.9624833452051e-23, nan 
135.125, 62.875, 3.93961318880257e-23, nan 
135.375, 62.875, 2.4616975564689836e-23, nan 
135.625, 62.875, 3.355118329851837e-23, nan 
135.875, 62.875, 2.915067329552618e-23, nan 
136.125, 62.875, 2.669250032864079e-23, nan 
136.375, 62.875, 1.7291429830073852e-23, nan 
136.625, 62.875, 2.6068910464863512e-23, nan 
136.875, 62.875, 1.8555214277202603e-23, nan 
137.125, 62.875, 2.3560991097059208e-23, nan 
137.375, 62.875, 3.156088970867777e-23, nan 
137.625, 62.875, 1.9195595410257494e-23, nan 
137.875, 62.875, 2.9465517059385446e-23, nan 
138.125, 62.875, 4.0506042773983684e-23, nan 
138.375, 62.875, 3.5194882307477277e-23, nan 
138.625, 62.875, 2.0134616148747028e-23, nan 
138.875, 62.875, 3.148025669185744e-23, nan 
139.125, 62.875, 3.201358624766562e-23, nan 
139.375, 62.875, 2.0107768114109757e-23, nan 
139.625, 62.875, 1.430219570158539e-23, nan 
139.875, 62.875, 1.5095181681078915e-23, nan 
140.125, 62.875, 3.2332835604129484e-23, nan 
140.375, 62.875, 7.063680728624256e-23, nan 
140.625, 62.875, 2.530690152005585e-23, nan 
140.875, 62.875, 2.870791692717455e-23, nan 
141.125, 62.875, 1.277738077590754e-22, nan 
141.375, 62.875, 2.5227211109716153e-23, nan 
141.625, 62.875, 5.69313410914723e-23, nan 
141.875, 62.875, 1.0183378829806387e-22, nan 
142.125, 62.875, 5.364712963734513e-23, nan 
142.375, 62.875, 7.490587376890329e-23, nan 
142.625, 62.875, 1.123678101503159e-22, nan 
142.875, 62.875, 9.99690881874771e-23, nan 
143.125, 62.875, 3.927853598624029e-23, nan 
143.375, 62.875, 8.534030869941777e-23, nan 
143.625, 62.875, 9.214148931904858e-23, nan 
143.875, 62.875, 7.145784085040203e-23, nan 
144.125, 62.875, 3.821397134858356e-23, nan 
144.375, 62.875, 7.587825023502008e-23, nan 
144.625, 62.875, 1.2818895214027028e-22, nan 
144.875, 62.875, 6.269757253504996e-23, nan 
145.125, 62.875, 1.0574341526144994e-22, nan 
145.375, 62.875, 5.464172306036013e-23, nan 
145.625, 62.875, 8.422159863968215e-23, nan 
145.875, 62.875, 1.2608121732462203e-22, nan 
146.125, 62.875, 6.026178596041962e-23, nan 
146.375, 62.875, 6.506865793249023e-23, nan 
146.625, 62.875, 8.21459585743714e-23, nan 
146.875, 62.875, 4.124905916286403e-23, nan 
147.125, 62.875, 3.8644053525264135e-23, nan 
147.375, 62.875, 7.116915983254543e-23, nan 
147.625, 62.875, 1.0777162480942643e-22, nan 
147.875, 62.875, 1.4773946477815177e-22, nan 
148.125, 62.875, 1.8473406617435866e-22, nan 
148.375, 62.875, 3.0605952304026586e-22, nan 
148.625, 62.875, 2.7574691023610076e-22, nan 
148.875, 62.875, 4.703677147766955e-22, nan 
149.125, 62.875, 7.436919183738621e-22, nan 
149.375, 62.875, 7.892441361864802e-22, nan 
149.625, 62.875, 7.135595651378141e-22, nan 
149.875, 62.875, 6.012333065785987e-22, nan 
150.125, 62.875, 2.7026726946273464e-22, nan 
150.375, 62.875, 7.552514605513436e-22, nan 
150.625, 62.875, 8.293162867567983e-22, nan 
150.875, 62.875, 6.70257270981563e-22, nan 
151.125, 62.875, 2.0077939308992172e-22, nan 
151.375, 62.875, 4.418542971120978e-22, nan 
151.625, 62.875, 3.023679037455612e-22, nan 
151.875, 62.875, 2.189129922034751e-22, nan 
152.125, 62.875, 2.2052813500818945e-22, nan 
152.375, 62.875, 2.522992679135161e-22, nan 
152.625, 62.875, 3.0448598393520274e-22, nan 
152.875, 62.875, 1.047748999310833e-22, nan 
153.125, 62.875, 1.7642347457313482e-22, nan 
153.375, 62.875, 2.04059356191913e-22, nan 
153.625, 62.875, 1.9214379409622447e-22, nan 
153.875, 62.875, 4.487893078993401e-22, nan 
154.125, 62.875, 5.020489792180757e-22, nan 
154.375, 62.875, 2.730556897477642e-22, nan 
154.625, 62.875, 3.4079318195886724e-22, nan 
154.875, 62.875, 5.285289094408625e-22, nan 
155.125, 62.875, 6.665981527150918e-22, nan 
155.375, 62.875, 9.127750201121322e-22, nan 
155.625, 62.875, 8.49944286652053e-22, nan 
155.875, 62.875, 1.0462524778196976e-21, nan 
156.125, 62.875, 1.169550917088964e-21, nan 
156.375, 62.875, 9.604583270905137e-22, nan 
156.625, 62.875, 1.3841284825980417e-21, nan 
156.875, 62.875, 1.1134445090488554e-21, nan 
157.125, 62.875, 8.639419823044857e-22, nan 
157.375, 62.875, 1.215257100303291e-21, nan 
157.625, 62.875, 1.1853375698166024e-21, nan 
157.875, 62.875, 1.4470631052513237e-21, nan 
158.125, 62.875, 1.5783604668303836e-21, nan 
158.375, 62.875, 9.65612775324832e-22, nan 
158.625, 62.875, 8.74758166466313e-22, nan 
158.875, 62.875, 1.2003542911781591e-21, nan 
159.125, 62.875, 5.27401884328312e-22, nan 
159.375, 62.875, 8.137420798760512e-22, nan 
159.625, 62.875, 2.5846383226794978e-21, nan 
159.875, 62.875, 6.037890943792632e-22, nan 
160.125, 62.875, 1.0500710437539693e-21, nan 
160.375, 62.875, 1.7354755643165518e-21, nan 
160.625, 62.875, 1.678404609636031e-21, nan 
160.875, 62.875, 1.9349677424515304e-21, nan 
161.125, 62.875, 2.2000474849166315e-21, nan 
161.375, 62.875, 1.1063626225069736e-21, nan 
161.625, 62.875, 8.096370660550945e-22, nan 
161.875, 62.875, 6.006988575153396e-22, nan 
162.125, 62.875, 5.752054665580276e-22, nan 
162.375, 62.875, 5.95982518169513e-22, nan 
162.625, 62.875, 6.66380836478277e-22, nan 
162.875, 62.875, 1.5116145687426283e-21, nan 
163.125, 62.875, 2.08231016951333e-21, nan 
163.375, 62.875, 2.504603026063405e-21, nan 
163.625, 62.875, 1.7495574174059384e-21, nan 
163.875, 62.875, 2.3890449053949915e-21, nan 
164.125, 62.875, 1.6463350128116242e-21, nan 
164.375, 62.875, 1.3794160586008437e-21, nan 
164.625, 62.875, 2.6287538049262857e-21, nan 
164.875, 62.875, 4.286834502975128e-21, nan 
165.125, 62.875, 2.5493948605183624e-21, nan 
165.375, 62.875, 5.038644297580189e-21, nan 
165.625, 62.875, 3.9068937819807166e-21, nan 
165.875, 62.875, 1.434057983425285e-21, nan 
166.125, 62.875, 1.5474091591380482e-21, nan 
166.375, 62.875, 1.904988437764741e-21, nan 
166.625, 62.875, 2.558150723330762e-21, nan 
166.875, 62.875, 2.3128113023389085e-21, nan 
167.125, 62.875, 1.8251923222139164e-21, nan 
167.375, 62.875, 1.7502031454993444e-21, nan 
167.625, 62.875, 1.985518225355555e-21, nan 
167.875, 62.875, 1.9741961474020257e-21, nan 
168.125, 62.875, 1.6147269254868383e-21, nan 
168.375, 62.875, 3.9505723035907524e-21, nan 
168.625, 62.875, 3.0889164006109057e-21, nan 
168.875, 62.875, 1.889629410028326e-21, nan 
169.125, 62.875, 2.1545012024128207e-21, nan 
169.375, 62.875, 1.7067613985645806e-21, nan 
169.625, 62.875, 1.2068924707360963e-21, nan 
169.875, 62.875, 1.085953074461885e-21, nan 
170.125, 62.875, 7.4955272445821e-22, nan 
170.375, 62.875, 5.294654929917483e-22, nan 
170.625, 62.875, 4.478453602381503e-22, nan 
170.875, 62.875, 1.2162649386929062e-21, nan 
171.125, 62.875, 8.937111045574903e-22, nan 
171.375, 62.875, 4.246653793568954e-22, nan 
171.625, 62.875, 4.922870066949607e-22, nan 
171.875, 62.875, 5.250552292429331e-22, nan 
172.125, 62.875, 6.123181824596102e-22, nan 
172.375, 62.875, 1.159407417889567e-21, nan 
172.625, 62.875, 4.0864685078068697e-22, nan 
172.875, 62.875, 5.486971614652439e-22, nan 
173.125, 62.875, 9.839581639110906e-22, nan 
173.375, 62.875, 6.998907089011901e-22, nan 
173.625, 62.875, 9.798576685156006e-22, nan 
173.875, 62.875, 6.515281899851759e-22, nan 
174.125, 62.875, 9.127411230674122e-22, nan 
174.375, 62.875, 1.5087933532538603e-21, nan 
174.625, 62.875, 7.6570217215526875e-22, nan 
174.875, 62.875, 7.425604499101999e-22, nan 
175.125, 62.875, 1.1265726884690861e-21, nan 
175.375, 62.875, 7.554872234088681e-22, nan 
175.625, 62.875, 1.941440490948155e-22, nan 
175.875, 62.875, 2.8106543505788723e-22, nan 
176.125, 62.875, 3.1499880671938465e-22, nan 
176.375, 62.875, 5.6753208339883205e-22, nan 
176.625, 62.875, 7.220184831542458e-22, nan 
176.875, 62.875, 6.125230526604805e-22, nan 
177.125, 62.875, 2.8730007413486906e-22, nan 
177.375, 62.875, 6.959003259070806e-22, nan 
177.625, 62.875, 6.031865958276763e-22, nan 
177.875, 62.875, 1.9910744105074982e-22, nan 
178.125, 62.875, 5.167918631148524e-22, nan 
178.375, 62.875, 3.895435721527808e-22, nan 
178.625, 62.875, 2.753159117678656e-22, nan 
178.875, 62.875, 3.291165146098659e-22, nan 
179.125, 62.875, 2.675044826869778e-22, nan 
179.375, 62.875, 3.392193692149765e-22, nan 
179.625, 62.875, 3.408570775638242e-22, nan 
179.875, 62.875, 2.308519705221098e-22, nan 
-179.875, 63.125, 1.5797698077993096e-22, nan 
-179.625, 63.125, 2.0241356468869989e-22, nan 
-179.375, 63.125, 2.079422534922175e-22, nan 
-179.125, 63.125, 2.771454354206437e-22, nan 
-178.875, 63.125, 2.319161758386606e-22, nan 
-178.625, 63.125, 2.74025245670672e-22, nan 
-178.375, 63.125, 3.8293106983017707e-22, nan 
-178.125, 63.125, 3.2364182598015316e-22, nan 
-177.875, 63.125, 3.7892043533352137e-22, nan 
-177.625, 63.125, 4.299483770117698e-22, nan 
-177.375, 63.125, 3.6392018762125117e-22, nan 
-177.125, 63.125, 4.399435152311528e-22, nan 
-176.875, 63.125, 5.017556806898054e-22, nan 
-176.625, 63.125, 4.70784463762081e-22, nan 
-176.375, 63.125, 5.41742767715013e-22, nan 
-176.125, 63.125, 6.922087041542635e-22, nan 
-175.875, 63.125, 5.267518461848904e-22, nan 
-175.625, 63.125, 4.1710528185277717e-22, nan 
-175.375, 63.125, 5.531128462804375e-22, nan 
-175.125, 63.125, 3.984299978251452e-22, nan 
-174.875, 63.125, 3.1662000606472767e-22, nan 
-174.625, 63.125, 3.129233358213777e-22, nan 
-174.375, 63.125, 3.466983242645131e-22, nan 
-174.125, 63.125, 1.4286184747839921e-21, nan 
-173.875, 63.125, 1.5957074045819724e-21, nan 
-173.625, 63.125, 3.7838618306959445e-21, nan 
-173.375, 63.125, 3.3851783953760876e-21, nan 
-173.125, 63.125, 3.1786493886780662e-21, nan 
-172.875, 63.125, 4.1974875518442586e-21, nan 
-172.625, 63.125, 1.3142901158600629e-21, nan 
-172.375, 63.125, 1.1071339849402098e-21, nan 
-172.125, 63.125, 1.9716520359861395e-22, nan 
-171.875, 63.125, 1.9999530316394048e-22, nan 
-171.625, 63.125, 1.0326063001068663e-22, nan 
-171.375, 63.125, 9.623609050710442e-23, nan 
-171.125, 63.125, 8.758793536367513e-23, nan 
-170.875, 63.125, 9.185445007344089e-23, nan 
-170.625, 63.125, 6.609251857239424e-23, nan 
-170.375, 63.125, 4.422597582391688e-23, nan 
-170.125, 63.125, 3.361478720594872e-23, nan 
-169.875, 63.125, 5.732251132084075e-24, nan 
-169.625, 63.125, 2.223277727922455e-23, nan 
-169.375, 63.125, 3.7798227109483054e-23, nan 
-169.125, 63.125, 4.470848105067189e-23, nan 
-168.875, 63.125, 4.753095275191307e-23, nan 
-168.625, 63.125, 6.014207151799079e-23, nan 
-168.375, 63.125, 4.6214391996531295e-23, nan 
-168.125, 63.125, 4.8369034347930735e-23, nan 
-167.875, 63.125, 5.753207670439209e-23, nan 
-167.625, 63.125, 3.065669549463654e-23, nan 
-167.375, 63.125, 2.9688344002204887e-23, nan 
-167.125, 63.125, 3.4026153335657066e-23, nan 
-166.875, 63.125, 2.8781165284913494e-23, nan 
-166.625, 63.125, 9.408814391952453e-24, nan 
-166.375, 63.125, 3.765583823246734e-23, nan 
-166.125, 63.125, 2.8444270253137477e-23, nan 
-165.875, 63.125, 4.2059370149829287e-23, nan 
-165.625, 63.125, 6.031511527800496e-23, nan 
-165.375, 63.125, 4.1145191394971935e-23, nan 
-165.125, 63.125, 4.1732934641756186e-23, nan 
-164.875, 63.125, 4.63378070899795e-23, nan 
-164.625, 63.125, 4.624528406154568e-23, nan 
-164.375, 63.125, 5.61450054569399e-23, nan 
-164.125, 63.125, 4.001811542855689e-23, nan 
-163.875, 63.125, 3.524293175834311e-23, nan 
-163.625, 63.125, 2.4410188823851067e-23, nan 
-163.375, 63.125, 1.443590742637256e-23, nan 
-163.125, 63.125, 2.444498659472211e-23, nan 
-162.875, 63.125, 1.1471101556326326e-23, nan 
-162.625, 63.125, 2.642927858198302e-23, nan 
-162.375, 63.125, 3.717924992595504e-23, nan 
-162.125, 63.125, 2.598689369323139e-23, nan 
-161.875, 63.125, 2.831990295205491e-23, nan 
-161.625, 63.125, 6.765359603278713e-23, nan 
-161.375, 63.125, 2.354499380192236e-23, nan 
-161.125, 63.125, 1.817960369620528e-23, nan 
-160.875, 63.125, 1.9767809375406136e-23, nan 
-160.625, 63.125, 2.3937610012679753e-23, nan 
-160.375, 63.125, 2.433195297280803e-23, nan 
-160.125, 63.125, 2.409163478763116e-23, nan 
-159.875, 63.125, 2.1782720882834286e-23, nan 
-159.625, 63.125, 1.8376798286112712e-23, nan 
-159.375, 63.125, 1.405687949414542e-23, nan 
-159.125, 63.125, 1.4003601382166944e-23, nan 
-158.875, 63.125, 3.1024114883497716e-23, nan 
-158.625, 63.125, 6.062793511221392e-23, nan 
-158.375, 63.125, 6.951970593315495e-23, nan 
-158.125, 63.125, 7.163031766926224e-23, nan 
-157.875, 63.125, 6.973174926038404e-23, nan 
-157.625, 63.125, 6.452301456592304e-23, nan 
-157.375, 63.125, 4.753767357341135e-23, nan 
-157.125, 63.125, 2.737392204186814e-23, nan 
-156.875, 63.125, 2.086055083157178e-23, nan 
-156.625, 63.125, 2.7643656294000635e-23, nan 
-156.375, 63.125, 2.0464546754182803e-23, nan 
-156.125, 63.125, 1.698688245799286e-23, nan 
-155.875, 63.125, 1.39512910867368e-23, nan 
-155.625, 63.125, 3.1587293084584797e-23, nan 
-155.375, 63.125, 1.6139452133316182e-23, nan 
-155.125, 63.125, 1.7221608496385215e-23, nan 
-154.875, 63.125, 1.1464150861137951e-23, nan 
-154.625, 63.125, 1.5735516694404324e-23, nan 
-154.375, 63.125, 2.3191872740195718e-23, nan 
-154.125, 63.125, 1.5344226942921166e-23, nan 
-153.875, 63.125, 2.114581906976532e-23, nan 
-153.625, 63.125, 2.9520095395498316e-23, nan 
-153.375, 63.125, 2.4871261452344494e-23, nan 
-153.125, 63.125, 1.3121925500861845e-23, nan 
-152.875, 63.125, 4.7850925484161725e-24, nan 
-152.625, 63.125, 9.02501302039111e-24, nan 
-152.375, 63.125, 1.6755727827538288e-23, nan 
-152.125, 63.125, 1.8411736906085925e-23, nan 
-151.875, 63.125, 1.803654942269563e-23, nan 
-151.625, 63.125, 1.5695095493552393e-23, nan 
-151.375, 63.125, 1.429656117347737e-23, nan 
-151.125, 63.125, 1.2556910428669975e-23, nan 
-150.875, 63.125, 8.96071439673044e-24, nan 
-150.625, 63.125, 8.9245672862854e-24, nan 
-150.375, 63.125, 2.0580606681598706e-24, nan 
-150.125, 63.125, 6.789673965262411e-24, nan 
-149.875, 63.125, 7.53451219329936e-24, nan 
-149.625, 63.125, 6.414560764578678e-24, nan 
-149.375, 63.125, 4.959410070256368e-24, nan 
-149.125, 63.125, 4.906621655566413e-24, nan 
-148.875, 63.125, 9.293879792013403e-24, nan 
-148.625, 63.125, 7.132780169325603e-24, nan 
-148.375, 63.125, 9.87948102330843e-24, nan 
-148.125, 63.125, 1.7699345687584762e-23, nan 
-147.875, 63.125, 1.9790582448931487e-23, nan 
-147.625, 63.125, 1.401481885528024e-23, nan 
-147.375, 63.125, 8.181741525542971e-24, nan 
-147.125, 63.125, 1.2162923227819082e-23, nan 
-146.875, 63.125, 9.860355687250725e-24, nan 
-146.625, 63.125, 1.3959246148197795e-23, nan 
-146.375, 63.125, 1.2279553910692376e-23, nan 
-146.125, 63.125, 1.3255075914472714e-23, nan 
-145.875, 63.125, 1.9765445678782223e-23, nan 
-145.625, 63.125, 1.3557222883749783e-23, nan 
-145.375, 63.125, 1.7867348705350783e-23, nan 
-145.125, 63.125, 7.383522458955496e-24, nan 
-144.875, 63.125, 3.5308082547344684e-24, nan 
-144.625, 63.125, 2.873666139387307e-23, nan 
-144.375, 63.125, 1.4316387765370683e-23, nan 
-144.125, 63.125, 2.6329047325976467e-23, nan 
-143.875, 63.125, 1.3995467210195282e-23, nan 
-143.625, 63.125, 8.70792485211316e-24, nan 
-143.375, 63.125, 1.2351087814066707e-23, nan 
-143.125, 63.125, 1.6196430579556136e-23, nan 
-142.875, 63.125, 1.660540390240821e-23, nan 
-142.625, 63.125, 1.9970211062138505e-23, nan 
-142.375, 63.125, 2.812088428926806e-23, nan 
-142.125, 63.125, 1.8251013869353945e-23, nan 
-141.875, 63.125, 2.261072992106132e-23, nan 
-141.625, 63.125, 1.5421732927770386e-23, nan 
-141.375, 63.125, 1.661808682288153e-23, nan 
-141.125, 63.125, 1.9350062596518093e-23, nan 
-140.875, 63.125, 1.1509376051457859e-23, nan 
-140.625, 63.125, 4.2941204353019466e-24, nan 
-140.375, 63.125, 1.5094100024257645e-23, nan 
-140.125, 63.125, 1.1488810313330593e-23, nan 
-139.875, 63.125, 1.418842009114817e-23, nan 
-139.625, 63.125, 1.723381114577506e-23, nan 
-139.375, 63.125, 1.7040955598051374e-23, nan 
-139.125, 63.125, 2.0060671522214078e-23, nan 
-138.875, 63.125, 2.2418081140694387e-23, nan 
-138.625, 63.125, 1.9169974609695332e-23, nan 
-138.375, 63.125, 1.8495476826680214e-23, nan 
-138.125, 63.125, 1.447982539939939e-23, nan 
-137.875, 63.125, 1.0111584450784731e-23, nan 
-137.625, 63.125, 1.4750599427319112e-23, nan 
-137.375, 63.125, 7.312388373898813e-24, nan 
-137.125, 63.125, 5.233333175247398e-24, nan 
-136.875, 63.125, 9.947739722619379e-24, nan 
-136.625, 63.125, 9.156717737555542e-24, nan 
-136.375, 63.125, 1.03008475867674e-23, nan 
-136.125, 63.125, 1.2805443532954223e-23, nan 
-135.875, 63.125, 1.1187976567595359e-23, nan 
-135.625, 63.125, 7.346751309302672e-24, nan 
-135.375, 63.125, 5.406731471038956e-24, nan 
-135.125, 63.125, 3.6729475609296114e-24, nan 
-134.875, 63.125, 3.886270097060968e-24, nan 
-134.625, 63.125, 8.567145530019645e-24, nan 
-134.375, 63.125, 8.767589327165968e-24, nan 
-134.125, 63.125, 1.1817402532284199e-23, nan 
-133.875, 63.125, 1.3001356008907305e-23, nan 
-133.625, 63.125, 2.3932150797922093e-23, nan 
-133.375, 63.125, 1.6333756066198751e-23, nan 
-133.125, 63.125, 1.6168580390343834e-23, nan 
-132.875, 63.125, 7.997141617602352e-24, nan 
-132.625, 63.125, 6.3714074090152944e-24, nan 
-132.375, 63.125, 5.733251850014707e-24, nan 
-132.125, 63.125, 6.99359498442402e-24, nan 
-131.875, 63.125, 8.431707965425297e-24, nan 
-131.625, 63.125, 6.893496172612886e-24, nan 
-131.375, 63.125, 5.329777192684566e-24, nan 
-131.125, 63.125, 7.426889687351722e-24, nan 
-130.875, 63.125, 6.456441631533568e-24, nan 
-130.625, 63.125, 2.8131226843614076e-24, nan 
-130.375, 63.125, 4.238264791575504e-24, nan 
-130.125, 63.125, 3.2241090088065774e-24, nan 
-129.875, 63.125, 3.992606846251199e-24, nan 
-129.625, 63.125, 4.9001698110678784e-24, nan 
-129.375, 63.125, 5.1694398318569666e-24, nan 
-129.125, 63.125, 1.0765740249622865e-23, nan 
-128.875, 63.125, 1.0646523664589126e-23, nan 
-128.625, 63.125, 9.31244057327269e-24, nan 
-128.375, 63.125, 1.2516558696972621e-23, nan 
-128.125, 63.125, 1.198057771128134e-23, nan 
-127.875, 63.125, 9.874829371615077e-24, nan 
-127.625, 63.125, 1.0751367650964346e-23, nan 
-127.375, 63.125, 6.241618534070739e-24, nan 
-127.125, 63.125, 9.533335371066421e-24, nan 
99.125, 63.125, 6.643321440026946e-24, nan 
99.375, 63.125, 1.3841934131824096e-23, nan 
99.625, 63.125, 1.4064545772959472e-23, nan 
99.875, 63.125, 1.5573189621422577e-23, nan 
100.125, 63.125, 1.1723211314609264e-23, nan 
100.375, 63.125, 1.4315117291477114e-23, nan 
100.625, 63.125, 1.3042072528723358e-23, nan 
100.875, 63.125, 3.878346542188094e-24, nan 
101.125, 63.125, 5.063786527557649e-24, nan 
101.375, 63.125, 4.820016401909006e-24, nan 
101.625, 63.125, 2.640111707046439e-24, nan 
101.875, 63.125, 5.96646408135764e-24, nan 
102.125, 63.125, 1.0187362878456304e-23, nan 
102.375, 63.125, 7.065608254726647e-24, nan 
102.625, 63.125, 7.572470192744053e-24, nan 
102.875, 63.125, 1.2350850232234517e-23, nan 
103.125, 63.125, 8.882812820018304e-24, nan 
103.375, 63.125, 4.676033662407449e-24, nan 
103.625, 63.125, 7.922402614985035e-24, nan 
103.875, 63.125, 7.442462283406357e-24, nan 
104.125, 63.125, 6.3428393305768305e-24, nan 
104.375, 63.125, 6.102658906305727e-24, nan 
104.625, 63.125, 7.310964944761981e-24, nan 
104.875, 63.125, 5.584369627545201e-24, nan 
105.125, 63.125, 4.3902085344764026e-24, nan 
105.375, 63.125, 2.808785361563784e-24, nan 
105.625, 63.125, 2.6623355267686133e-24, nan 
105.875, 63.125, 3.688009100555946e-24, nan 
106.125, 63.125, 5.231271227190526e-24, nan 
106.375, 63.125, 4.924687313445393e-24, nan 
106.625, 63.125, 3.426553976962718e-24, nan 
106.875, 63.125, 3.3967155048051874e-24, nan 
107.125, 63.125, 6.198072028048289e-24, nan 
107.375, 63.125, 7.824228764465846e-24, nan 
107.625, 63.125, 4.923376338378734e-24, nan 
107.875, 63.125, 5.786222811340282e-24, nan 
108.125, 63.125, 7.539511146374568e-24, nan 
108.375, 63.125, 1.1914877610335954e-23, nan 
108.625, 63.125, 1.0676757907945665e-23, nan 
108.875, 63.125, 1.0861973108239776e-23, nan 
109.125, 63.125, 1.6253046735756807e-23, nan 
109.375, 63.125, 1.3550683416998427e-23, nan 
109.625, 63.125, 9.286459381921072e-24, nan 
109.875, 63.125, 1.0048453625293152e-23, nan 
110.125, 63.125, 1.1226678686398164e-23, nan 
110.375, 63.125, 9.585416325539558e-24, nan 
110.625, 63.125, 7.102849796603282e-24, nan 
110.875, 63.125, 5.2767748957779105e-24, nan 
111.125, 63.125, 7.067283205366978e-24, nan 
111.375, 63.125, 6.994944812509617e-24, nan 
111.625, 63.125, 5.501981587049451e-24, nan 
111.875, 63.125, 6.361929774752657e-24, nan 
112.125, 63.125, 5.349819676848957e-24, nan 
112.375, 63.125, 3.7041057826662174e-24, nan 
112.625, 63.125, 2.3104011584950947e-24, nan 
112.875, 63.125, 6.0996634047119095e-24, nan 
113.125, 63.125, 5.3579607177348484e-24, nan 
113.375, 63.125, 2.1990793714393485e-24, nan 
113.625, 63.125, 2.0709948005214127e-24, nan 
113.875, 63.125, 5.834302490372748e-24, nan 
114.125, 63.125, 4.127108406329813e-24, nan 
114.375, 63.125, 2.783939942094131e-24, nan 
114.625, 63.125, 7.16263893766453e-24, nan 
114.875, 63.125, 1.3224852176864678e-23, nan 
115.125, 63.125, 1.467282643450214e-23, nan 
115.375, 63.125, 1.2497205135623508e-23, nan 
115.625, 63.125, 5.153256281251721e-24, nan 
115.875, 63.125, 5.215631333230978e-24, nan 
116.125, 63.125, 6.955853601023873e-24, nan 
116.375, 63.125, 9.031853274125548e-24, nan 
116.625, 63.125, 8.605382737913294e-24, nan 
116.875, 63.125, 1.9382932076353846e-23, nan 
117.125, 63.125, 9.874006861875861e-24, nan 
117.375, 63.125, 9.994068435855257e-24, nan 
117.625, 63.125, 4.5064869823946005e-23, nan 
117.875, 63.125, 1.7780603138233083e-23, nan 
118.125, 63.125, 6.138138767773253e-24, nan 
118.375, 63.125, 1.776738280770436e-23, nan 
118.625, 63.125, 1.2210730872062282e-23, nan 
118.875, 63.125, 6.525162879012947e-24, nan 
119.125, 63.125, 9.922163515017262e-24, nan 
119.375, 63.125, 9.959551542882051e-24, nan 
119.625, 63.125, 9.955339629022874e-24, nan 
119.875, 63.125, 1.273238226452513e-23, nan 
120.125, 63.125, 2.0000459746834114e-23, nan 
120.375, 63.125, 1.0938973004419134e-23, nan 
120.625, 63.125, 1.3402315541142265e-23, nan 
120.875, 63.125, 1.250105732165561e-23, nan 
121.125, 63.125, 1.265869709497175e-23, nan 
121.375, 63.125, 1.3307065084445257e-23, nan 
121.625, 63.125, 1.6160085326835217e-23, nan 
121.875, 63.125, 1.5198700765227052e-23, nan 
122.125, 63.125, 3.3883536145682155e-23, nan 
122.375, 63.125, 2.3853934836119962e-23, nan 
122.625, 63.125, 2.836947260434853e-23, nan 
122.875, 63.125, 2.5166394459185876e-23, nan 
123.125, 63.125, 1.8835757164348222e-23, nan 
123.375, 63.125, 1.4905472884501302e-23, nan 
123.625, 63.125, 6.890674851998491e-24, nan 
123.875, 63.125, 4.15584642468737e-24, nan 
124.125, 63.125, 9.730512546490193e-24, nan 
124.375, 63.125, 1.0502748630752568e-23, nan 
124.625, 63.125, 4.637028046330405e-24, nan 
124.875, 63.125, 8.59485178898419e-24, nan 
125.125, 63.125, 9.19789953079496e-24, nan 
125.375, 63.125, 1.3073110726176803e-23, nan 
125.625, 63.125, 8.362961783031982e-24, nan 
125.875, 63.125, 2.0415763759321036e-24, nan 
126.125, 63.125, 1.7768875214119918e-23, nan 
126.375, 63.125, 1.817650211856912e-23, nan 
126.625, 63.125, 3.885639067839068e-24, nan 
126.875, 63.125, 1.3596551103447292e-23, nan 
127.125, 63.125, 1.0998471916739609e-23, nan 
127.375, 63.125, 4.223825734320008e-24, nan 
127.625, 63.125, 4.571013645696111e-24, nan 
127.875, 63.125, 9.2950372541264e-24, nan 
128.125, 63.125, 1.1623467275181703e-23, nan 
128.375, 63.125, 1.7647675759158362e-23, nan 
128.625, 63.125, 1.3449969041967206e-23, nan 
128.875, 63.125, 1.712204840802518e-23, nan 
129.125, 63.125, 3.428015766244066e-23, nan 
129.375, 63.125, 2.6718413571130604e-23, nan 
129.625, 63.125, 3.063125060854583e-23, nan 
129.875, 63.125, 1.8610654638476665e-23, nan 
130.125, 63.125, 8.186239032473315e-24, nan 
130.375, 63.125, 9.561234125441e-24, nan 
130.625, 63.125, 2.3901506047086154e-23, nan 
130.875, 63.125, 4.025157314127682e-23, nan 
131.125, 63.125, 9.203553731125543e-23, nan 
131.375, 63.125, 5.807844725444158e-23, nan 
131.625, 63.125, 3.9666796167787565e-23, nan 
131.875, 63.125, 9.153747560986134e-23, nan 
132.125, 63.125, 4.921721030521426e-23, nan 
132.375, 63.125, 6.172319854998274e-23, nan 
132.625, 63.125, 4.713995608685951e-23, nan 
132.875, 63.125, 4.227423862764838e-23, nan 
133.125, 63.125, 4.8108852644027546e-23, nan 
133.375, 63.125, 2.342512760417603e-23, nan 
133.625, 63.125, 1.750804839285283e-23, nan 
133.875, 63.125, 3.06976710005093e-23, nan 
134.125, 63.125, 3.4431011253982016e-23, nan 
134.375, 63.125, 4.3915415585382854e-23, nan 
134.625, 63.125, 4.518477552890099e-23, nan 
134.875, 63.125, 4.1112093632435334e-23, nan 
135.125, 63.125, 2.8659322678772033e-23, nan 
135.375, 63.125, 3.14773623463236e-23, nan 
135.625, 63.125, 2.4871884742991903e-23, nan 
135.875, 63.125, 2.411454781230385e-23, nan 
136.125, 63.125, 1.9206346226433488e-23, nan 
136.375, 63.125, 2.0446597433174083e-23, nan 
136.625, 63.125, 3.32381919343423e-23, nan 
136.875, 63.125, 2.1494311259006645e-23, nan 
137.125, 63.125, 2.5385589445221338e-23, nan 
137.375, 63.125, 2.720149506132879e-23, nan 
137.625, 63.125, 2.402455001577303e-23, nan 
137.875, 63.125, 3.773123408741027e-23, nan 
138.125, 63.125, 3.901997018719043e-23, nan 
138.375, 63.125, 2.800385390324405e-23, nan 
138.625, 63.125, 2.940893367647894e-23, nan 
138.875, 63.125, 3.4276424167808615e-23, nan 
139.125, 63.125, 2.648460689290016e-23, nan 
139.375, 63.125, 2.1588411888503103e-23, nan 
139.625, 63.125, 1.0016676770333392e-23, nan 
139.875, 63.125, 2.05310588597307e-23, nan 
140.125, 63.125, 3.1260883577075475e-23, nan 
140.375, 63.125, 4.259572202519224e-23, nan 
140.625, 63.125, 3.0533352080039216e-23, nan 
140.875, 63.125, 3.4771041198669815e-23, nan 
141.125, 63.125, 7.551304652879587e-23, nan 
141.375, 63.125, 2.7639471641438286e-23, nan 
141.625, 63.125, 4.318516370716355e-23, nan 
141.875, 63.125, 8.547660927987749e-23, nan 
142.125, 63.125, 8.261628170002005e-23, nan 
142.375, 63.125, 5.674665185241691e-23, nan 
142.625, 63.125, 1.1373727892089632e-22, nan 
142.875, 63.125, 1.4670696041260566e-22, nan 
143.125, 63.125, 6.081296587360946e-23, nan 
143.375, 63.125, 8.869365078372174e-23, nan 
143.625, 63.125, 1.34356114118064e-22, nan 
143.875, 63.125, 6.363117648021397e-23, nan 
144.125, 63.125, 3.860909476858697e-23, nan 
144.375, 63.125, 6.168034488689242e-23, nan 
144.625, 63.125, 1.0817536780029166e-22, nan 
144.875, 63.125, 9.470325341234265e-23, nan 
145.125, 63.125, 7.985853275983198e-23, nan 
145.375, 63.125, 7.34152414067906e-23, nan 
145.625, 63.125, 1.3079176784493753e-22, nan 
145.875, 63.125, 1.2167059933930948e-22, nan 
146.125, 63.125, 4.3490148879687504e-23, nan 
146.375, 63.125, 8.703719202242695e-23, nan 
146.625, 63.125, 9.9005251014658e-23, nan 
146.875, 63.125, 5.629377833858283e-23, nan 
147.125, 63.125, 6.141922088670702e-23, nan 
147.375, 63.125, 1.0266513088501471e-22, nan 
147.625, 63.125, 1.3661935443952832e-22, nan 
147.875, 63.125, 1.6346749813833129e-22, nan 
148.125, 63.125, 1.9624491278046256e-22, nan 
148.375, 63.125, 3.2293411925797407e-22, nan 
148.625, 63.125, 3.1670806992507726e-22, nan 
148.875, 63.125, 2.667721196603906e-22, nan 
149.125, 63.125, 3.4972230236818433e-22, nan 
149.375, 63.125, 4.512296645960428e-22, nan 
149.625, 63.125, 7.606920733707619e-22, nan 
149.875, 63.125, 6.878816592908422e-22, nan 
150.125, 63.125, 5.484637718649787e-22, nan 
150.375, 63.125, 1.4013862448938169e-21, nan 
150.625, 63.125, 1.4545648943307084e-21, nan 
150.875, 63.125, 1.1364219744768525e-21, nan 
151.125, 63.125, 6.554644178518081e-22, nan 
151.375, 63.125, 8.307053554422064e-22, nan 
151.625, 63.125, 6.901902907784127e-22, nan 
151.875, 63.125, 1.7259619587647923e-22, nan 
152.125, 63.125, 1.4460509787095982e-22, nan 
152.375, 63.125, 1.261469857325295e-22, nan 
152.625, 63.125, 1.5569795030840953e-22, nan 
152.875, 63.125, 1.4395124229586347e-22, nan 
153.125, 63.125, 2.307414692348048e-22, nan 
153.375, 63.125, 2.144298635395201e-22, nan 
153.625, 63.125, 1.440393446288536e-22, nan 
153.875, 63.125, 2.1349892333352756e-22, nan 
154.125, 63.125, 2.0414687183331454e-22, nan 
154.375, 63.125, 2.8937165753997236e-22, nan 
154.625, 63.125, 4.1667440980953724e-22, nan 
154.875, 63.125, 6.696737769171976e-22, nan 
155.125, 63.125, 8.289756987455265e-22, nan 
155.375, 63.125, 1.139180509367962e-21, nan 
155.625, 63.125, 1.2624802939814749e-21, nan 
155.875, 63.125, 1.2173907004920698e-21, nan 
156.125, 63.125, 1.2672034310265888e-21, nan 
156.375, 63.125, 1.2313520832906207e-21, nan 
156.625, 63.125, 1.21175611896627e-21, nan 
156.875, 63.125, 1.1138592027852616e-21, nan 
157.125, 63.125, 1.1589787541551158e-21, nan 
157.375, 63.125, 1.1829292224983283e-21, nan 
157.625, 63.125, 1.1472913004309053e-21, nan 
157.875, 63.125, 1.2236802576175095e-21, nan 
158.125, 63.125, 8.936814934725028e-22, nan 
158.375, 63.125, 6.573876612050373e-22, nan 
158.625, 63.125, 1.0002713383550184e-21, nan 
158.875, 63.125, 8.102257446259252e-22, nan 
159.125, 63.125, 4.849390209722422e-22, nan 
159.375, 63.125, 1.5649933999026501e-21, nan 
159.625, 63.125, 1.7191759564364137e-21, nan 
159.875, 63.125, 7.508057392146971e-22, nan 
160.125, 63.125, 1.727070054113494e-21, nan 
160.375, 63.125, 1.5867315809630367e-21, nan 
160.625, 63.125, 1.381833144156891e-21, nan 
160.875, 63.125, 8.52998114503731e-22, nan 
161.125, 63.125, 8.045027834823212e-22, nan 
161.375, 63.125, 5.667069384314289e-22, nan 
161.625, 63.125, 3.475709613746452e-22, nan 
161.875, 63.125, 5.820178939573601e-22, nan 
162.125, 63.125, 1.2185455504905317e-21, nan 
162.375, 63.125, 1.026565778462002e-21, nan 
162.625, 63.125, 1.89001378272389e-21, nan 
162.875, 63.125, 2.2649408179783495e-21, nan 
163.125, 63.125, 2.36648328361266e-21, nan 
163.375, 63.125, 3.043225278311346e-21, nan 
163.625, 63.125, 1.3642348590892136e-21, nan 
163.875, 63.125, 3.3000514530326686e-21, nan 
164.125, 63.125, 5.227490499916393e-21, nan 
164.375, 63.125, 1.6545885684960436e-21, nan 
164.625, 63.125, 4.569296960202708e-21, nan 
164.875, 63.125, 7.028256518994678e-21, nan 
165.125, 63.125, 4.146503087095897e-21, nan 
165.375, 63.125, 7.927926926296483e-21, nan 
165.625, 63.125, 5.366970677009237e-21, nan 
165.875, 63.125, 2.3208071189512418e-21, nan 
166.125, 63.125, 4.709825566455385e-21, nan 
166.375, 63.125, 4.4700844424027225e-21, nan 
166.625, 63.125, 3.3149694442704443e-21, nan 
166.875, 63.125, 2.7380066903171996e-21, nan 
167.125, 63.125, 3.2819100456407294e-21, nan 
167.375, 63.125, 3.234594414213576e-21, nan 
167.625, 63.125, 2.363712964982778e-21, nan 
167.875, 63.125, 1.7293225177755915e-21, nan 
168.125, 63.125, 1.6096372582207992e-21, nan 
168.375, 63.125, 3.572345762218891e-21, nan 
168.625, 63.125, 3.0129944571726356e-21, nan 
168.875, 63.125, 2.0697639085409155e-21, nan 
169.125, 63.125, 1.3530567825244382e-21, nan 
169.375, 63.125, 1.0953436141878607e-21, nan 
169.625, 63.125, 1.9177311221948206e-21, nan 
169.875, 63.125, 2.3970812329252108e-21, nan 
170.125, 63.125, 2.86344135199523e-21, nan 
170.375, 63.125, 2.914023801669083e-21, nan 
170.625, 63.125, 2.236474451809762e-21, nan 
170.875, 63.125, 9.099989305070408e-22, nan 
171.125, 63.125, 9.470089055652999e-22, nan 
171.375, 63.125, 4.944978241765133e-22, nan 
171.625, 63.125, 3.7832511893085264e-22, nan 
171.875, 63.125, 5.574291340539157e-22, nan 
172.125, 63.125, 6.581145850287206e-22, nan 
172.375, 63.125, 8.337218435328856e-22, nan 
172.625, 63.125, 6.986529627810279e-22, nan 
172.875, 63.125, 6.224904378956639e-22, nan 
173.125, 63.125, 4.351952094871973e-22, nan 
173.375, 63.125, 8.422189327677443e-22, nan 
173.625, 63.125, 1.153059287597228e-21, nan 
173.875, 63.125, 6.432408194889419e-22, nan 
174.125, 63.125, 7.652941350077553e-22, nan 
174.375, 63.125, 2.0355606266078752e-21, nan 
174.625, 63.125, 1.4936683983280253e-21, nan 
174.875, 63.125, 7.199432188516283e-22, nan 
175.125, 63.125, 1.632925352498061e-21, nan 
175.375, 63.125, 1.4015346628087898e-21, nan 
175.625, 63.125, 6.32489557963445e-22, nan 
175.875, 63.125, 4.963187266780103e-22, nan 
176.125, 63.125, 5.403866138061824e-22, nan 
176.375, 63.125, 4.683226703939261e-22, nan 
176.625, 63.125, 4.1234576946891573e-22, nan 
176.875, 63.125, 1.1560798012390857e-21, nan 
177.125, 63.125, 7.76197270126652e-22, nan 
177.375, 63.125, 8.59013576962769e-22, nan 
177.625, 63.125, 8.389064401319684e-22, nan 
177.875, 63.125, 6.646317495464231e-22, nan 
178.125, 63.125, 1.1061977688585203e-21, nan 
178.375, 63.125, 5.137653770913486e-22, nan 
178.625, 63.125, 2.9843125575730022e-22, nan 
178.875, 63.125, 4.6224558643416745e-22, nan 
179.125, 63.125, 3.718125299142568e-22, nan 
179.375, 63.125, 2.4137488316735795e-22, nan 
179.625, 63.125, 2.561105468697014e-22, nan 
179.875, 63.125, 2.0495604516039404e-22, nan 
-179.875, 63.375, 3.6494678331726984e-22, nan 
-179.625, 63.375, 2.3928478906816707e-22, nan 
-179.375, 63.375, 2.1997196073513024e-22, nan 
-179.125, 63.375, 1.996086629551408e-22, nan 
-178.875, 63.375, 2.4405072768288593e-22, nan 
-178.625, 63.375, 2.8179272133227597e-22, nan 
-178.375, 63.375, 3.4731876535567036e-22, nan 
-178.125, 63.375, 2.7846987324863323e-22, nan 
-177.875, 63.375, 2.222404734346764e-22, nan 
-177.625, 63.375, 2.901905932670912e-22, nan 
-177.375, 63.375, 2.3956310745458047e-22, nan 
-177.125, 63.375, 3.065469367813366e-22, nan 
-176.875, 63.375, 4.1531659017029442e-22, nan 
-176.625, 63.375, 3.66536057585664e-22, nan 
-176.375, 63.375, 3.9202492613674717e-22, nan 
-176.125, 63.375, 7.948858843698781e-22, nan 
-175.875, 63.375, 6.147031626706505e-22, nan 
-175.625, 63.375, 3.6288069939648544e-22, nan 
-175.375, 63.375, 7.841196112170922e-22, nan 
-175.125, 63.375, 4.1325994359678695e-22, nan 
-174.875, 63.375, 2.203809956050773e-22, nan 
-174.625, 63.375, 1.0416309949897151e-22, nan 
-174.375, 63.375, 1.6090117537522482e-22, nan 
-174.125, 63.375, 2.042535711186065e-22, nan 
-173.875, 63.375, 3.26241065489706e-22, nan 
-173.625, 63.375, 3.445661053394324e-22, nan 
-173.375, 63.375, 1.884861336198707e-21, nan 
-173.125, 63.375, 1.911306148086134e-21, nan 
-172.875, 63.375, 5.270077210433802e-22, nan 
-172.625, 63.375, 2.0924619050452028e-22, nan 
-172.375, 63.375, 1.454341279264646e-22, nan 
-172.125, 63.375, 2.521526937150776e-22, nan 
-171.875, 63.375, 2.616163844253223e-22, nan 
-171.625, 63.375, 1.8619484986946412e-22, nan 
-171.375, 63.375, 1.0881521104098612e-22, nan 
-171.125, 63.375, 1.212969321214635e-22, nan 
-170.875, 63.375, 9.276719459962352e-23, nan 
-170.625, 63.375, 6.024737292613196e-23, nan 
-170.375, 63.375, 6.94699969558777e-23, nan 
-170.125, 63.375, 6.307655498713414e-23, nan 
-169.875, 63.375, 5.461149792046771e-23, nan 
-169.625, 63.375, 5.2699352321453647e-23, nan 
-169.375, 63.375, 3.946744201148759e-23, nan 
-169.125, 63.375, 5.364717961464275e-23, nan 
-168.875, 63.375, 9.296133011295862e-23, nan 
-168.625, 63.375, 9.436667805952318e-23, nan 
-168.375, 63.375, 1.0697048040330542e-22, nan 
-168.125, 63.375, 7.083358026834857e-23, nan 
-167.875, 63.375, 5.361172307470464e-23, nan 
-167.625, 63.375, 6.8449022950879e-23, nan 
-167.375, 63.375, 3.4741153874460033e-23, nan 
-167.125, 63.375, 2.7695411900634874e-23, nan 
-166.875, 63.375, 4.5437738565915787e-23, nan 
-166.625, 63.375, 3.658229402367385e-23, nan 
-166.375, 63.375, 6.085902595163761e-23, nan 
-166.125, 63.375, 5.0580779411960227e-23, nan 
-165.875, 63.375, 6.089532615885592e-23, nan 
-165.625, 63.375, 9.658059201165922e-23, nan 
-165.375, 63.375, 7.754946535110735e-23, nan 
-165.125, 63.375, 5.359358970224821e-23, nan 
-164.875, 63.375, 5.28441370648274e-23, nan 
-164.625, 63.375, 5.973635126697069e-23, nan 
-164.375, 63.375, 5.976132869753516e-23, nan 
-164.125, 63.375, 4.7387204161610405e-23, nan 
-163.875, 63.375, 4.93882079376884e-23, nan 
-163.625, 63.375, 4.271172978657292e-23, nan 
-163.375, 63.375, 3.803507716395379e-23, nan 
-163.125, 63.375, 4.880206694017578e-23, nan 
-162.875, 63.375, 1.537034083779806e-23, nan 
-162.625, 63.375, 1.9519058442131754e-23, nan 
-162.375, 63.375, 1.9808985428893287e-23, nan 
-162.125, 63.375, 6.807198043888232e-24, nan 
-161.875, 63.375, 2.0775291285344925e-23, nan 
-161.625, 63.375, 5.782700821394525e-23, nan 
-161.375, 63.375, 2.4518858876927183e-23, nan 
-161.125, 63.375, 2.185477374215812e-23, nan 
-160.875, 63.375, 3.004370431369433e-23, nan 
-160.625, 63.375, 2.5980652370799235e-23, nan 
-160.375, 63.375, 2.4826056996073077e-23, nan 
-160.125, 63.375, 1.867800752678415e-23, nan 
-159.875, 63.375, 2.0954624115286476e-23, nan 
-159.625, 63.375, 2.2139902148186864e-23, nan 
-159.375, 63.375, 1.515082012147161e-23, nan 
-159.125, 63.375, 1.3279088203324456e-23, nan 
-158.875, 63.375, 1.7746168134840837e-23, nan 
-158.625, 63.375, 2.124312931128398e-23, nan 
-158.375, 63.375, 3.9783282156816675e-23, nan 
-158.125, 63.375, 6.318918672772786e-23, nan 
-157.875, 63.375, 7.266184007940767e-23, nan 
-157.625, 63.375, 5.752914274633218e-23, nan 
-157.375, 63.375, 6.26624884841883e-23, nan 
-157.125, 63.375, 5.483159860520986e-23, nan 
-156.875, 63.375, 6.2105316708843025e-24, nan 
-156.625, 63.375, 2.1500142636393934e-23, nan 
-156.375, 63.375, 2.359668397589249e-23, nan 
-156.125, 63.375, 1.0351150378627883e-23, nan 
-155.875, 63.375, 7.543907954358193e-24, nan 
-155.625, 63.375, 2.6451555641362294e-23, nan 
-155.375, 63.375, 1.3422218774808153e-23, nan 
-155.125, 63.375, 6.970031399488131e-24, nan 
-154.875, 63.375, 1.50353457760621e-23, nan 
-154.625, 63.375, 1.3770035823861173e-23, nan 
-154.375, 63.375, 1.852253880333833e-23, nan 
-154.125, 63.375, 6.913983985344607e-24, nan 
-153.875, 63.375, 1.8043045836583192e-23, nan 
-153.625, 63.375, 3.180607452856431e-23, nan 
-153.375, 63.375, 2.3249374463027452e-23, nan 
-153.125, 63.375, 1.7976341141752732e-23, nan 
-152.875, 63.375, 2.860719638573378e-23, nan 
-152.625, 63.375, 1.605779609963212e-23, nan 
-152.375, 63.375, 2.4116012675616192e-23, nan 
-152.125, 63.375, 1.9755415520981425e-23, nan 
-151.875, 63.375, 1.734360755657685e-23, nan 
-151.625, 63.375, 2.4632906118668883e-23, nan 
-151.375, 63.375, 1.664558547823223e-23, nan 
-151.125, 63.375, 1.5706231931328874e-23, nan 
-150.875, 63.375, 1.1857212011548086e-23, nan 
-150.625, 63.375, 1.2043895508754391e-23, nan 
-150.375, 63.375, 1.183552841235267e-23, nan 
-150.125, 63.375, 1.0579160638206487e-23, nan 
-149.875, 63.375, 9.468826735635333e-24, nan 
-149.625, 63.375, 7.352032763405285e-24, nan 
-149.375, 63.375, 4.727252341896861e-24, nan 
-149.125, 63.375, 5.111819558666321e-24, nan 
-148.875, 63.375, 4.5251031798391565e-24, nan 
-148.625, 63.375, 4.8973586597343184e-24, nan 
-148.375, 63.375, 9.712505550800389e-24, nan 
-148.125, 63.375, 1.3645555429060788e-23, nan 
-147.875, 63.375, 1.9528646143985735e-23, nan 
-147.625, 63.375, 1.121809613648994e-23, nan 
-147.375, 63.375, 1.3510347826370947e-23, nan 
-147.125, 63.375, 2.5438355679174917e-23, nan 
-146.875, 63.375, 8.14593068344089e-24, nan 
-146.625, 63.375, 1.0554714157444248e-23, nan 
-146.375, 63.375, 1.5702807951041354e-23, nan 
-146.125, 63.375, 1.798767066733331e-23, nan 
-145.875, 63.375, 1.865884352050772e-23, nan 
-145.625, 63.375, 1.4606592131742012e-23, nan 
-145.375, 63.375, 1.8937743576819087e-23, nan 
-145.125, 63.375, 1.4356202125686023e-23, nan 
-144.875, 63.375, 1.0651698333029054e-23, nan 
-144.625, 63.375, 1.9664020435469578e-23, nan 
-144.375, 63.375, 1.4645667006050975e-23, nan 
-144.125, 63.375, 1.0330881754357548e-23, nan 
-143.875, 63.375, 5.15773693379659e-24, nan 
-143.625, 63.375, 8.593923593049173e-24, nan 
-143.375, 63.375, 1.0710072143421435e-23, nan 
-143.125, 63.375, 9.106105444939667e-24, nan 
-142.875, 63.375, 1.1873074397842845e-23, nan 
-142.625, 63.375, 1.4389727026188024e-23, nan 
-142.375, 63.375, 1.9027990227571678e-23, nan 
-142.125, 63.375, 1.9377190847102546e-23, nan 
-141.875, 63.375, 1.6220725528701684e-23, nan 
-141.625, 63.375, 1.1025488810477867e-23, nan 
-141.375, 63.375, 1.662589925380877e-23, nan 
-141.125, 63.375, 1.7059627595116262e-23, nan 
-140.875, 63.375, 1.6753647438136147e-23, nan 
-140.625, 63.375, 9.763490315915848e-24, nan 
-140.375, 63.375, 1.595179487079055e-23, nan 
-140.125, 63.375, 1.4406725322581895e-23, nan 
-139.875, 63.375, 8.472449068725309e-24, nan 
-139.625, 63.375, 9.90801428349049e-24, nan 
-139.375, 63.375, 1.4612352320056658e-23, nan 
-139.125, 63.375, 1.3428060029455235e-23, nan 
-138.875, 63.375, 1.681267487034227e-23, nan 
-138.625, 63.375, 1.3974292599682252e-23, nan 
-138.375, 63.375, 1.4309419390765795e-23, nan 
-138.125, 63.375, 1.3311820292180103e-23, nan 
-137.875, 63.375, 1.1834940469741854e-23, nan 
-137.625, 63.375, 1.66190996796651e-23, nan 
-137.375, 63.375, 1.0522706150400684e-23, nan 
-137.125, 63.375, 9.496846336514192e-24, nan 
-136.875, 63.375, 9.712686203409026e-24, nan 
-136.625, 63.375, 7.177232824109269e-24, nan 
-136.375, 63.375, 9.212988256566605e-24, nan 
-136.125, 63.375, 1.3677526017064205e-23, nan 
-135.875, 63.375, 1.2447643537614167e-23, nan 
-135.625, 63.375, 1.0205040811627575e-23, nan 
-135.375, 63.375, 1.0466506204271873e-23, nan 
-135.125, 63.375, 7.527899926837817e-24, nan 
-134.875, 63.375, 6.721346929671472e-24, nan 
-134.625, 63.375, 5.6689481869375794e-24, nan 
-134.375, 63.375, 7.114323788739122e-24, nan 
-134.125, 63.375, 7.045961553300542e-24, nan 
-133.875, 63.375, 8.525302242461874e-24, nan 
-133.625, 63.375, 1.0664185612046284e-23, nan 
-133.375, 63.375, 1.1106251377718646e-23, nan 
-133.125, 63.375, 7.28305926953973e-24, nan 
-132.875, 63.375, 6.4520406768393086e-24, nan 
-132.625, 63.375, 6.666316650354167e-24, nan 
-132.375, 63.375, 9.41085287927883e-24, nan 
-132.125, 63.375, 5.930144554174817e-24, nan 
-131.875, 63.375, 5.747118906054341e-24, nan 
-131.625, 63.375, 1.0652924644301588e-23, nan 
-131.375, 63.375, 4.606802052153892e-24, nan 
-131.125, 63.375, 6.3802979033443376e-24, nan 
-130.875, 63.375, 6.165511658694992e-24, nan 
-130.625, 63.375, 4.556870096366282e-24, nan 
-130.375, 63.375, 4.855958929264188e-24, nan 
-130.125, 63.375, 3.949252373370417e-24, nan 
-129.875, 63.375, 3.565812745795983e-24, nan 
-129.625, 63.375, 3.099255503628084e-24, nan 
-129.375, 63.375, 4.546732349850946e-24, nan 
-129.125, 63.375, 4.699619592623932e-24, nan 
-128.875, 63.375, 5.604128473667597e-24, nan 
-128.625, 63.375, 6.522377032312262e-24, nan 
-128.375, 63.375, 1.1811426790262355e-23, nan 
-128.125, 63.375, 1.2248584779737106e-23, nan 
-127.875, 63.375, 1.1299781114864375e-23, nan 
-127.625, 63.375, 1.3560692853608804e-23, nan 
-127.375, 63.375, 1.2115552054431246e-23, nan 
-127.125, 63.375, 1.4338574581663977e-23, nan 
-126.875, 63.375, 1.2381162500538379e-23, nan 
98.875, 63.375, 7.917608513982362e-24, nan 
99.125, 63.375, 1.0223926160018262e-23, nan 
99.375, 63.375, 1.567518761615595e-23, nan 
99.625, 63.375, 1.6803136920800885e-23, nan 
99.875, 63.375, 1.468670486542307e-23, nan 
100.125, 63.375, 1.4661004420073387e-23, nan 
100.375, 63.375, 1.35012608044637e-23, nan 
100.625, 63.375, 4.694355007552299e-24, nan 
100.875, 63.375, 2.5782211024054462e-24, nan 
101.125, 63.375, 3.362088550892184e-24, nan 
101.375, 63.375, 3.677226022657967e-24, nan 
101.625, 63.375, 2.875328484144473e-24, nan 
101.875, 63.375, 4.3282393540764904e-24, nan 
102.125, 63.375, 1.2367610689331843e-23, nan 
102.375, 63.375, 1.1254335107970038e-23, nan 
102.625, 63.375, 1.3021167970779609e-23, nan 
102.875, 63.375, 1.4770025567364923e-23, nan 
103.125, 63.375, 1.3373968327103033e-23, nan 
103.375, 63.375, 6.702362693706007e-24, nan 
103.625, 63.375, 8.8064666488295e-24, nan 
103.875, 63.375, 7.908494067819318e-24, nan 
104.125, 63.375, 6.927738992964724e-24, nan 
104.375, 63.375, 5.6592928638950865e-24, nan 
104.625, 63.375, 6.704495999269387e-24, nan 
104.875, 63.375, 4.872480124551368e-24, nan 
105.125, 63.375, 4.490393979694679e-24, nan 
105.375, 63.375, 5.090939658148527e-24, nan 
105.625, 63.375, 2.828673558656524e-24, nan 
105.875, 63.375, 2.68670191377378e-24, nan 
106.125, 63.375, 2.0319176963511645e-24, nan 
106.375, 63.375, 2.8695119357845378e-24, nan 
106.625, 63.375, 2.0431819067300462e-24, nan 
106.875, 63.375, 2.168912616994695e-24, nan 
107.125, 63.375, 5.251142053325467e-24, nan 
107.375, 63.375, 6.811808496809296e-24, nan 
107.625, 63.375, 4.3064965295433424e-24, nan 
107.875, 63.375, 7.462170460694883e-24, nan 
108.125, 63.375, 9.568123497694118e-24, nan 
108.375, 63.375, 1.1073045327381508e-23, nan 
108.625, 63.375, 1.1844339609525914e-23, nan 
108.875, 63.375, 1.5671580577397683e-23, nan 
109.125, 63.375, 1.4525636973892865e-23, nan 
109.375, 63.375, 8.034051185797214e-24, nan 
109.625, 63.375, 1.1313523997326703e-23, nan 
109.875, 63.375, 1.431351316808781e-23, nan 
110.125, 63.375, 1.1263579438664496e-23, nan 
110.375, 63.375, 7.68558362750287e-24, nan 
110.625, 63.375, 5.735577874768164e-24, nan 
110.875, 63.375, 5.900105360804899e-24, nan 
111.125, 63.375, 5.612735631629337e-24, nan 
111.375, 63.375, 4.5654698557232215e-24, nan 
111.625, 63.375, 4.9835710247835205e-24, nan 
111.875, 63.375, 5.497098203900673e-24, nan 
112.125, 63.375, 4.40150234734298e-24, nan 
112.375, 63.375, 5.109486252954761e-24, nan 
112.625, 63.375, 1.6774326234616093e-24, nan 
112.875, 63.375, 2.4226306167280107e-24, nan 
113.125, 63.375, 3.891161424995219e-24, nan 
113.375, 63.375, 8.824979268316587e-25, nan 
113.625, 63.375, 3.748699471919634e-24, nan 
113.875, 63.375, 4.930920370362657e-24, nan 
114.125, 63.375, 4.716640642128881e-24, nan 
114.375, 63.375, 3.1037012247230567e-24, nan 
114.625, 63.375, 3.886520632018207e-24, nan 
114.875, 63.375, 3.770920464455715e-24, nan 
115.125, 63.375, 5.816927800555851e-24, nan 
115.375, 63.375, 1.4784090413151992e-23, nan 
115.625, 63.375, 2.1206323217537512e-23, nan 
115.875, 63.375, 2.4658875232036738e-23, nan 
116.125, 63.375, 1.4297499164772556e-23, nan 
116.375, 63.375, 8.551733491695743e-24, nan 
116.625, 63.375, 8.265016135209796e-24, nan 
116.875, 63.375, 7.476750346718717e-24, nan 
117.125, 63.375, 6.853303622495553e-24, nan 
117.375, 63.375, 5.866648085793554e-24, nan 
117.625, 63.375, 2.2384725889037376e-23, nan 
117.875, 63.375, 9.785272992599006e-24, nan 
118.125, 63.375, 7.420120135846732e-24, nan 
118.375, 63.375, 1.1429886240826664e-23, nan 
118.625, 63.375, 8.945080350860798e-24, nan 
118.875, 63.375, 7.612117252849905e-24, nan 
119.125, 63.375, 8.929038753558638e-24, nan 
119.375, 63.375, 1.2445197229087794e-23, nan 
119.625, 63.375, 1.1035208145366854e-23, nan 
119.875, 63.375, 1.4006139963278926e-23, nan 
120.125, 63.375, 2.2259248547201067e-23, nan 
120.375, 63.375, 1.4501970075610494e-23, nan 
120.625, 63.375, 1.763220568881602e-23, nan 
120.875, 63.375, 1.8856899801169546e-23, nan 
121.125, 63.375, 1.216359652781137e-23, nan 
121.375, 63.375, 1.7554454700896148e-23, nan 
121.625, 63.375, 2.550065466275136e-23, nan 
121.875, 63.375, 1.3635833927023442e-23, nan 
122.125, 63.375, 2.3379073093811803e-23, nan 
122.375, 63.375, 2.6882231819018505e-23, nan 
122.625, 63.375, 1.585495150754619e-23, nan 
122.875, 63.375, 1.276431803075897e-23, nan 
123.125, 63.375, 9.274970881398938e-24, nan 
123.375, 63.375, 7.041384854192791e-24, nan 
123.625, 63.375, 6.2490992738489206e-24, nan 
123.875, 63.375, 9.648222979708049e-24, nan 
124.125, 63.375, 1.4408903138010836e-23, nan 
124.375, 63.375, 1.756764479048705e-23, nan 
124.625, 63.375, 6.935838725102919e-24, nan 
124.875, 63.375, 1.4815288125164865e-23, nan 
125.125, 63.375, 1.7459053913460986e-23, nan 
125.375, 63.375, 1.1674176134683374e-23, nan 
125.625, 63.375, 2.509787326574322e-24, nan 
125.875, 63.375, 5.715955349668631e-24, nan 
126.125, 63.375, 1.0481991810597168e-23, nan 
126.375, 63.375, 9.811731244687213e-24, nan 
126.625, 63.375, 5.843203571050784e-24, nan 
126.875, 63.375, 6.445649871699933e-24, nan 
127.125, 63.375, 5.707675818581328e-24, nan 
127.375, 63.375, 3.45881213966051e-24, nan 
127.625, 63.375, 1.0986315091332093e-23, nan 
127.875, 63.375, 1.4686194687075564e-23, nan 
128.125, 63.375, 1.2902064263800165e-23, nan 
128.375, 63.375, 2.3886731894786837e-23, nan 
128.625, 63.375, 4.1197662053738854e-23, nan 
128.875, 63.375, 2.951588994200137e-23, nan 
129.125, 63.375, 3.9691351551156323e-23, nan 
129.375, 63.375, 3.032080469790746e-23, nan 
129.625, 63.375, 4.731550488970947e-24, nan 
129.875, 63.375, 2.0150784906654805e-23, nan 
130.125, 63.375, 2.411769240890938e-23, nan 
130.375, 63.375, 5.0434984180497714e-23, nan 
130.625, 63.375, 4.689809417462348e-23, nan 
130.875, 63.375, 3.868348728496148e-23, nan 
131.125, 63.375, 9.74445160302053e-23, nan 
131.375, 63.375, 6.782870111147009e-23, nan 
131.625, 63.375, 7.979096325344762e-23, nan 
131.875, 63.375, 1.6338657243673834e-22, nan 
132.125, 63.375, 6.769581541684585e-23, nan 
132.375, 63.375, 3.247045896272819e-23, nan 
132.625, 63.375, 3.5171488494202604e-23, nan 
132.875, 63.375, 4.6335524054553464e-23, nan 
133.125, 63.375, 2.5013547379960947e-23, nan 
133.375, 63.375, 1.9725348934546595e-23, nan 
133.625, 63.375, 2.8031669263437135e-23, nan 
133.875, 63.375, 2.0863899327034424e-23, nan 
134.125, 63.375, 2.5422935976518826e-23, nan 
134.375, 63.375, 6.008089066381277e-23, nan 
134.625, 63.375, 3.6507551539874986e-23, nan 
134.875, 63.375, 1.722702617054188e-23, nan 
135.125, 63.375, 4.065844122835476e-23, nan 
135.375, 63.375, 2.695685176001113e-23, nan 
135.625, 63.375, 1.3767458514140242e-23, nan 
135.875, 63.375, 2.097358949909475e-23, nan 
136.125, 63.375, 3.121514846886741e-23, nan 
136.375, 63.375, 4.117588609296269e-23, nan 
136.625, 63.375, 3.30816276808804e-23, nan 
136.875, 63.375, 2.5961645967547647e-23, nan 
137.125, 63.375, 3.0415526016832774e-23, nan 
137.375, 63.375, 2.652849403931435e-23, nan 
137.625, 63.375, 3.3970816372638706e-23, nan 
137.875, 63.375, 5.832671840231828e-23, nan 
138.125, 63.375, 5.108674558070467e-23, nan 
138.375, 63.375, 2.2260031743169285e-23, nan 
138.625, 63.375, 4.8201681200191484e-23, nan 
138.875, 63.375, 4.888768321224035e-23, nan 
139.125, 63.375, 2.4612356502912376e-23, nan 
139.375, 63.375, 1.4382036530339457e-23, nan 
139.625, 63.375, 1.2134781585105053e-23, nan 
139.875, 63.375, 3.0777007688046697e-23, nan 
140.125, 63.375, 5.871395281975355e-23, nan 
140.375, 63.375, 4.5814424726971976e-23, nan 
140.625, 63.375, 3.3007725863579636e-23, nan 
140.875, 63.375, 4.405628587233779e-23, nan 
141.125, 63.375, 4.503254501942473e-23, nan 
141.375, 63.375, 1.8965722289295522e-23, nan 
141.625, 63.375, 2.5653809604817015e-23, nan 
141.875, 63.375, 6.506885883636908e-23, nan 
142.125, 63.375, 7.532149378705972e-23, nan 
142.375, 63.375, 4.101170112647752e-23, nan 
142.625, 63.375, 1.1683071316420584e-22, nan 
142.875, 63.375, 1.693107876007915e-22, nan 
143.125, 63.375, 6.975390402461091e-23, nan 
143.375, 63.375, 1.1775611220073443e-22, nan 
143.625, 63.375, 1.8652384468401688e-22, nan 
143.875, 63.375, 9.2261392251334e-23, nan 
144.125, 63.375, 3.64700262417713e-23, nan 
144.375, 63.375, 8.667775662629297e-23, nan 
144.625, 63.375, 1.0189225278295681e-22, nan 
144.875, 63.375, 9.598795450540041e-23, nan 
145.125, 63.375, 4.7657005289928743e-23, nan 
145.375, 63.375, 1.2495750790913071e-22, nan 
145.625, 63.375, 1.5710364262813912e-22, nan 
145.875, 63.375, 1.405944469239712e-22, nan 
146.125, 63.375, 6.881578516703859e-23, nan 
146.375, 63.375, 8.620477885031749e-23, nan 
146.625, 63.375, 1.0337472558833067e-22, nan 
146.875, 63.375, 6.785323589548162e-23, nan 
147.125, 63.375, 6.764870740349827e-23, nan 
147.375, 63.375, 1.0460980151228016e-22, nan 
147.625, 63.375, 1.3868297964244614e-22, nan 
147.875, 63.375, 1.8807869420497042e-22, nan 
148.125, 63.375, 2.68881292100963e-22, nan 
148.375, 63.375, 3.553074402137171e-22, nan 
148.625, 63.375, 3.840697076176518e-22, nan 
148.875, 63.375, 3.2379772161866165e-22, nan 
149.125, 63.375, 4.119502588593246e-22, nan 
149.375, 63.375, 4.818334663733137e-22, nan 
149.625, 63.375, 4.1356162257723856e-22, nan 
149.875, 63.375, 2.5101443207157934e-22, nan 
150.125, 63.375, 4.533244077326377e-22, nan 
150.375, 63.375, 8.29351425953425e-22, nan 
150.625, 63.375, 9.289528473925056e-22, nan 
150.875, 63.375, 7.086716314153824e-22, nan 
151.125, 63.375, 1.946783151089506e-22, nan 
151.375, 63.375, 3.080104495168054e-22, nan 
151.625, 63.375, 6.014299270240867e-22, nan 
151.875, 63.375, 1.6003169072831754e-22, nan 
152.125, 63.375, 2.0529832534107003e-22, nan 
152.375, 63.375, 3.1949183342086334e-22, nan 
152.625, 63.375, 1.3776847754027858e-22, nan 
152.875, 63.375, 1.841305789051264e-22, nan 
153.125, 63.375, 2.430672162393675e-22, nan 
153.375, 63.375, 2.0365797176126969e-22, nan 
153.625, 63.375, 1.9599972074722748e-22, nan 
153.875, 63.375, 1.2870309685963625e-22, nan 
154.125, 63.375, 3.2459427245058173e-22, nan 
154.375, 63.375, 1.9165170960289211e-22, nan 
154.625, 63.375, 3.4786339453311384e-22, nan 
154.875, 63.375, 6.955260776731503e-22, nan 
155.125, 63.375, 7.550424209041347e-22, nan 
155.375, 63.375, 1.2221226970120007e-21, nan 
155.625, 63.375, 1.5248614832607566e-21, nan 
155.875, 63.375, 1.3364425306133127e-21, nan 
156.125, 63.375, 1.4227637310568646e-21, nan 
156.375, 63.375, 1.6672909988285154e-21, nan 
156.625, 63.375, 1.3691244249787932e-21, nan 
156.875, 63.375, 1.0129998348185989e-21, nan 
157.125, 63.375, 1.2621015417324642e-21, nan 
157.375, 63.375, 1.064256036344186e-21, nan 
157.625, 63.375, 6.737241069962797e-22, nan 
157.875, 63.375, 6.065732366695555e-22, nan 
158.125, 63.375, 1.7764688742767744e-21, nan 
158.375, 63.375, 8.122182168682326e-22, nan 
158.625, 63.375, 8.925583844978416e-22, nan 
158.875, 63.375, 9.17008212530984e-22, nan 
159.125, 63.375, 9.02486379843852e-22, nan 
159.375, 63.375, 1.8931837315612244e-21, nan 
159.625, 63.375, 1.822881758875374e-21, nan 
159.875, 63.375, 7.5321712733925655e-22, nan 
160.125, 63.375, 1.9608967503695057e-21, nan 
160.375, 63.375, 1.8157994747547663e-21, nan 
160.625, 63.375, 7.219572861786355e-22, nan 
160.875, 63.375, 1.3466990043224882e-21, nan 
161.125, 63.375, 8.434051391745037e-22, nan 
161.375, 63.375, 1.935553410847976e-21, nan 
161.625, 63.375, 1.8167156377570306e-21, nan 
161.875, 63.375, 1.1102327739653098e-21, nan 
162.125, 63.375, 3.3593639607337686e-21, nan 
162.375, 63.375, 2.8754742614557652e-21, nan 
162.625, 63.375, 1.6971015092548006e-21, nan 
162.875, 63.375, 3.392008479284452e-21, nan 
163.125, 63.375, 2.8457697550569003e-21, nan 
163.375, 63.375, 1.8646112441837775e-21, nan 
163.625, 63.375, 8.454707316338306e-22, nan 
163.875, 63.375, 3.077562328439508e-21, nan 
164.125, 63.375, 5.433239692262787e-21, nan 
164.375, 63.375, 5.0526717812751986e-21, nan 
164.625, 63.375, 6.3361620618025675e-21, nan 
164.875, 63.375, 8.898539970393494e-21, nan 
165.125, 63.375, 8.818669186259759e-21, nan 
165.375, 63.375, 7.7475016464055e-21, nan 
165.625, 63.375, 6.0428914297025625e-21, nan 
165.875, 63.375, 3.2647140594711475e-21, nan 
166.125, 63.375, 4.977531288387787e-21, nan 
166.375, 63.375, 4.897904705356499e-21, nan 
166.625, 63.375, 3.536960661774234e-21, nan 
166.875, 63.375, 2.6150082719820583e-21, nan 
167.125, 63.375, 3.070424429229449e-21, nan 
167.375, 63.375, 2.8629501099061384e-21, nan 
167.625, 63.375, 1.530434024554419e-21, nan 
167.875, 63.375, 9.310717526945932e-22, nan 
168.125, 63.375, 4.1232815740079575e-22, nan 
168.375, 63.375, 1.6177307863028262e-21, nan 
168.625, 63.375, 2.519305524881106e-21, nan 
168.875, 63.375, 2.2018762055314543e-21, nan 
169.125, 63.375, 2.2138067115779186e-21, nan 
169.375, 63.375, 2.593485919977966e-21, nan 
169.625, 63.375, 2.655918306553977e-21, nan 
169.875, 63.375, 3.1592586288367473e-21, nan 
170.125, 63.375, 5.5522426604487e-21, nan 
170.375, 63.375, 4.641445173293755e-21, nan 
170.625, 63.375, 5.4869552259501394e-21, nan 
170.875, 63.375, 4.165151343008195e-21, nan 
171.125, 63.375, 3.621671815521812e-21, nan 
171.375, 63.375, 1.8547243891975465e-21, nan 
171.625, 63.375, 6.872061366806612e-22, nan 
171.875, 63.375, 6.87600621343551e-22, nan 
172.125, 63.375, 8.617336757950929e-22, nan 
172.375, 63.375, 6.061476839470038e-22, nan 
172.625, 63.375, 7.256721956970354e-22, nan 
172.875, 63.375, 3.712241456237378e-22, nan 
173.125, 63.375, 5.284385720513236e-22, nan 
173.375, 63.375, 6.2189641698421045e-22, nan 
173.625, 63.375, 1.169905830632058e-21, nan 
173.875, 63.375, 1.4396508316933877e-21, nan 
174.125, 63.375, 1.0975812602902247e-21, nan 
174.375, 63.375, 1.492098830519148e-21, nan 
174.625, 63.375, 2.3343400707726344e-21, nan 
174.875, 63.375, 1.3932734657361968e-21, nan 
175.125, 63.375, 1.2307396072122412e-21, nan 
175.375, 63.375, 2.036619877866439e-21, nan 
175.625, 63.375, 1.4291363245464033e-21, nan 
175.875, 63.375, 1.1960282202123207e-21, nan 
176.125, 63.375, 2.1392811927074194e-21, nan 
176.375, 63.375, 2.585893883382744e-21, nan 
176.625, 63.375, 1.800893325824205e-21, nan 
176.875, 63.375, 1.3808213372990855e-21, nan 
177.125, 63.375, 1.265500313561612e-21, nan 
177.375, 63.375, 8.779133054064199e-22, nan 
177.625, 63.375, 9.102914891770693e-22, nan 
177.875, 63.375, 9.864251929594988e-22, nan 
178.125, 63.375, 9.800053805458874e-22, nan 
178.375, 63.375, 7.486872858931156e-22, nan 
178.625, 63.375, 7.940573276508622e-22, nan 
178.875, 63.375, 4.711065182590175e-22, nan 
179.125, 63.375, 7.725799928136647e-22, nan 
179.375, 63.375, 1.0154641316319621e-21, nan 
179.625, 63.375, 4.5560889626386525e-22, nan 
179.875, 63.375, 1.2359710539868246e-22, nan 
-179.875, 63.625, 7.892709909315878e-22, nan 
-179.625, 63.625, 6.418811633392948e-22, nan 
-179.375, 63.625, 5.859515851037773e-22, nan 
-179.125, 63.625, 6.712181842205545e-22, nan 
-178.875, 63.625, 3.8144210070260673e-22, nan 
-178.625, 63.625, 2.7324983912381327e-22, nan 
-178.375, 63.625, 1.9075046518119717e-22, nan 
-178.125, 63.625, 1.5085719449401216e-22, nan 
-177.875, 63.625, 1.3538129168636565e-22, nan 
-177.625, 63.625, 1.8868944901707497e-22, nan 
-177.375, 63.625, 2.688978861954277e-22, nan 
-177.125, 63.625, 3.130846448656605e-22, nan 
-176.875, 63.625, 2.430365466690476e-22, nan 
-176.625, 63.625, 1.987931034405878e-22, nan 
-176.375, 63.625, 3.4580976774654354e-22, nan 
-176.125, 63.625, 2.124767680444988e-22, nan 
-175.875, 63.625, 3.8654348115362605e-22, nan 
-175.625, 63.625, 5.375403248970671e-22, nan 
-175.375, 63.625, 5.843792711370452e-22, nan 
-175.125, 63.625, 3.451025190837086e-22, nan 
-174.875, 63.625, 4.265942327799097e-22, nan 
-174.625, 63.625, 3.0130246624734493e-22, nan 
-174.375, 63.625, 7.805196574271808e-23, nan 
-174.125, 63.625, 1.744472264243671e-22, nan 
-173.875, 63.625, 2.8659845395175966e-22, nan 
-173.625, 63.625, 2.5474320122481016e-22, nan 
-173.375, 63.625, 3.536420578514908e-22, nan 
-173.125, 63.625, 2.946646476520307e-22, nan 
-172.875, 63.625, 4.280749004927166e-22, nan 
-172.625, 63.625, 3.31663197459926e-22, nan 
-172.375, 63.625, 2.0539874522442378e-22, nan 
-172.125, 63.625, 3.3030496935218787e-22, nan 
-171.875, 63.625, 2.954442820698938e-22, nan 
-171.625, 63.625, 1.923174351181275e-22, nan 
-171.375, 63.625, 8.32524200317621e-23, nan 
-171.125, 63.625, 1.214108449043206e-22, nan 
-170.875, 63.625, 7.007561254222723e-23, nan 
-170.625, 63.625, 5.631657373972351e-23, nan 
-170.375, 63.625, 1.0711203030606017e-22, nan 
-170.125, 63.625, 7.360864537851109e-23, nan 
-169.875, 63.625, 6.057077947565866e-23, nan 
-169.625, 63.625, 6.268577546496783e-23, nan 
-169.375, 63.625, 5.281106906714257e-23, nan 
-169.125, 63.625, 5.940165834338459e-23, nan 
-168.875, 63.625, 1.0435865918856027e-22, nan 
-168.625, 63.625, 1.2328391120395243e-22, nan 
-168.375, 63.625, 1.2330719042835028e-22, nan 
-168.125, 63.625, 7.833118934582847e-23, nan 
-167.875, 63.625, 7.432479940194826e-23, nan 
-167.625, 63.625, 8.791603813574875e-23, nan 
-167.375, 63.625, 6.370401452701907e-23, nan 
-167.125, 63.625, 6.037201697821948e-23, nan 
-166.875, 63.625, 8.4338678538483e-23, nan 
-166.625, 63.625, 3.3483637925661696e-23, nan 
-166.375, 63.625, 2.0886281116479725e-23, nan 
-166.125, 63.625, 3.360230080770277e-23, nan 
-165.875, 63.625, 5.419092445380771e-23, nan 
-165.625, 63.625, 7.208689106019752e-23, nan 
-165.375, 63.625, 4.6217774832060776e-23, nan 
-165.125, 63.625, 5.219295820617165e-23, nan 
-164.875, 63.625, 4.1835639413978303e-23, nan 
-164.625, 63.625, 3.367558997720863e-23, nan 
-164.375, 63.625, 5.232323095315228e-23, nan 
-164.125, 63.625, 4.2825124035299326e-23, nan 
-163.875, 63.625, 2.5508021494868023e-23, nan 
-163.625, 63.625, 5.0478375028978407e-23, nan 
-163.375, 63.625, 4.002528598737194e-23, nan 
-163.125, 63.625, 2.420792049346078e-23, nan 
-162.875, 63.625, 2.612188060167584e-23, nan 
-162.625, 63.625, 2.3553058855489612e-23, nan 
-162.375, 63.625, 1.4935754202013928e-23, nan 
-162.125, 63.625, 1.7635373146961843e-23, nan 
-161.875, 63.625, 8.872533743323537e-24, nan 
-161.625, 63.625, 1.6839716371444985e-23, nan 
-161.375, 63.625, 2.6403788501120415e-23, nan 
-161.125, 63.625, 1.1986619113507533e-23, nan 
-160.875, 63.625, 2.8101197056877584e-23, nan 
-160.625, 63.625, 3.808891522929832e-23, nan 
-160.375, 63.625, 2.4507033003118624e-23, nan 
-160.125, 63.625, 2.4279304527071164e-23, nan 
-159.875, 63.625, 3.604086441478814e-23, nan 
-159.625, 63.625, 2.1699083596767075e-23, nan 
-159.375, 63.625, 1.4764947134436738e-23, nan 
-159.125, 63.625, 1.2849603482977255e-23, nan 
-158.875, 63.625, 1.0249849699228191e-23, nan 
-158.625, 63.625, 2.265461145463312e-23, nan 
-158.375, 63.625, 2.250605732689752e-23, nan 
-158.125, 63.625, 3.4889352224541837e-23, nan 
-157.875, 63.625, 5.499567852233181e-23, nan 
-157.625, 63.625, 4.1870937654698113e-23, nan 
-157.375, 63.625, 5.804675330145372e-23, nan 
-157.125, 63.625, 6.674087151032493e-23, nan 
-156.875, 63.625, 2.5258049844130807e-23, nan 
-156.625, 63.625, 1.3289002883496934e-23, nan 
-156.375, 63.625, 2.269134094642745e-23, nan 
-156.125, 63.625, 3.029340077343329e-23, nan 
-155.875, 63.625, 7.667556980172485e-24, nan 
-155.625, 63.625, 6.545003319439825e-24, nan 
-155.375, 63.625, 1.8755885441197986e-23, nan 
-155.125, 63.625, 2.2449416656604497e-23, nan 
-154.875, 63.625, 2.732742497867826e-23, nan 
-154.625, 63.625, 1.6002823382833927e-23, nan 
-154.375, 63.625, 1.8970940374589817e-23, nan 
-154.125, 63.625, 9.308564530713143e-24, nan 
-153.875, 63.625, 1.0924911509416435e-23, nan 
-153.625, 63.625, 1.8708539598075635e-23, nan 
-153.375, 63.625, 1.5996024640473937e-23, nan 
-153.125, 63.625, 1.8640098754793932e-23, nan 
-152.875, 63.625, 2.7223521574705325e-23, nan 
-152.625, 63.625, 1.447798514336707e-23, nan 
-152.375, 63.625, 1.1307644978460464e-23, nan 
-152.125, 63.625, 1.696335348996083e-23, nan 
-151.875, 63.625, 1.383966350440143e-23, nan 
-151.625, 63.625, 2.162848719296623e-23, nan 
-151.375, 63.625, 2.1810031885225233e-23, nan 
-151.125, 63.625, 1.411400779295904e-23, nan 
-150.875, 63.625, 1.2467251560823895e-23, nan 
-150.625, 63.625, 1.3130323902525813e-23, nan 
-150.375, 63.625, 1.371470231031474e-23, nan 
-150.125, 63.625, 1.2831105267652431e-23, nan 
-149.875, 63.625, 9.912259955813029e-24, nan 
-149.625, 63.625, 8.10415081713158e-24, nan 
-149.375, 63.625, 9.155994007714273e-24, nan 
-149.125, 63.625, 7.070623042248424e-24, nan 
-148.875, 63.625, 7.700466133036077e-24, nan 
-148.625, 63.625, 1.095949467482411e-23, nan 
-148.375, 63.625, 9.142242211977661e-24, nan 
-148.125, 63.625, 1.1362379854735187e-23, nan 
-147.875, 63.625, 1.066047926471208e-23, nan 
-147.625, 63.625, 1.0486351084247676e-23, nan 
-147.375, 63.625, 8.92828639561897e-24, nan 
-147.125, 63.625, 1.6768954998689101e-23, nan 
-146.875, 63.625, 1.0521835184267516e-23, nan 
-146.625, 63.625, 1.0013998772320546e-23, nan 
-146.375, 63.625, 9.666763127099829e-24, nan 
-146.125, 63.625, 4.9029197982729564e-24, nan 
-145.875, 63.625, 9.294038153757457e-24, nan 
-145.625, 63.625, 1.4045901186587472e-23, nan 
-145.375, 63.625, 1.6577832956905275e-23, nan 
-145.125, 63.625, 1.568109787334972e-23, nan 
-144.875, 63.625, 1.0373845913535958e-23, nan 
-144.625, 63.625, 1.5533813531810745e-23, nan 
-144.375, 63.625, 1.392931973471083e-23, nan 
-144.125, 63.625, 1.071949082156613e-23, nan 
-143.875, 63.625, 9.166058545807355e-24, nan 
-143.625, 63.625, 8.507212053031507e-24, nan 
-143.375, 63.625, 5.790969742279581e-24, nan 
-143.125, 63.625, 1.0653416388750174e-23, nan 
-142.875, 63.625, 1.3289863157938533e-23, nan 
-142.625, 63.625, 1.0624096336719973e-23, nan 
-142.375, 63.625, 1.2901683178396186e-23, nan 
-142.125, 63.625, 1.3550682055531848e-23, nan 
-141.875, 63.625, 1.6739879991825167e-23, nan 
-141.625, 63.625, 1.2372535090595444e-23, nan 
-141.375, 63.625, 1.7572069087955806e-23, nan 
-141.125, 63.625, 2.389032647755382e-23, nan 
-140.875, 63.625, 1.357241956993973e-23, nan 
-140.625, 63.625, 2.497332019997603e-23, nan 
-140.375, 63.625, 3.9532094219967884e-23, nan 
-140.125, 63.625, 2.7095711063552895e-23, nan 
-139.875, 63.625, 1.1176724998746031e-23, nan 
-139.625, 63.625, 1.023676227348685e-23, nan 
-139.375, 63.625, 1.2137996595694119e-23, nan 
-139.125, 63.625, 1.282811995504053e-23, nan 
-138.875, 63.625, 1.5178410491444702e-23, nan 
-138.625, 63.625, 1.3961176395834296e-23, nan 
-138.375, 63.625, 8.887763748550175e-24, nan 
-138.125, 63.625, 7.158958649461025e-24, nan 
-137.875, 63.625, 9.176674363081681e-24, nan 
-137.625, 63.625, 1.3303838770247734e-23, nan 
-137.375, 63.625, 9.528966910240473e-24, nan 
-137.125, 63.625, 9.954922844124312e-24, nan 
-136.875, 63.625, 1.0056407661063316e-23, nan 
-136.625, 63.625, 8.014648827885222e-24, nan 
-136.375, 63.625, 8.263502501425728e-24, nan 
-136.125, 63.625, 8.731330573539492e-24, nan 
-135.875, 63.625, 9.848613952867705e-24, nan 
-135.625, 63.625, 1.3093620631825403e-23, nan 
-135.375, 63.625, 1.3149795172840568e-23, nan 
-135.125, 63.625, 1.3181407308212476e-23, nan 
-134.875, 63.625, 1.0846364158686723e-23, nan 
-134.625, 63.625, 5.577877407481152e-24, nan 
-134.375, 63.625, 6.537644935673595e-24, nan 
-134.125, 63.625, 5.944585909371098e-24, nan 
-133.875, 63.625, 5.592414572894689e-24, nan 
-133.625, 63.625, 6.730141033018398e-24, nan 
-133.375, 63.625, 7.099342249903536e-24, nan 
-133.125, 63.625, 7.311940381761151e-24, nan 
-132.875, 63.625, 8.344148551924927e-24, nan 
-132.625, 63.625, 7.139333195254872e-24, nan 
-132.375, 63.625, 7.34732903691747e-24, nan 
-132.125, 63.625, 8.734646785344805e-24, nan 
-131.875, 63.625, 9.62009139862778e-24, nan 
-131.625, 63.625, 1.1715978697748139e-23, nan 
-131.375, 63.625, 1.2231071612120224e-23, nan 
-131.125, 63.625, 1.0401342634332352e-23, nan 
-130.875, 63.625, 4.7912774837934234e-24, nan 
-130.625, 63.625, 4.7641404638719306e-24, nan 
-130.375, 63.625, 3.9994203559485704e-24, nan 
-130.125, 63.625, 3.268110694583655e-24, nan 
-129.875, 63.625, 4.333271429037741e-24, nan 
-129.625, 63.625, 4.3855712190021596e-24, nan 
-129.375, 63.625, 2.538636200397524e-24, nan 
-129.125, 63.625, 3.1742086804327876e-24, nan 
-128.875, 63.625, 5.189960223096104e-24, nan 
-128.625, 63.625, 4.6588736323722306e-24, nan 
-128.375, 63.625, 5.461819133639674e-24, nan 
-128.125, 63.625, 5.9383248109037474e-24, nan 
-127.875, 63.625, 6.378916581454825e-24, nan 
-127.625, 63.625, 7.869763401829412e-24, nan 
-127.375, 63.625, 1.0656801248005206e-23, nan 
-127.125, 63.625, 1.2665445844733117e-23, nan 
-126.875, 63.625, 1.3694878262677052e-23, nan 
-126.625, 63.625, 1.3441734136588585e-23, nan 
-126.375, 63.625, 1.1024758576350704e-23, nan 
98.375, 63.625, 7.354889184429615e-24, nan 
98.625, 63.625, 8.07830557525891e-24, nan 
98.875, 63.625, 1.1075437991449341e-23, nan 
99.125, 63.625, 1.6186870038745066e-23, nan 
99.375, 63.625, 2.0003237430842685e-23, nan 
99.625, 63.625, 1.6355281585221542e-23, nan 
99.875, 63.625, 1.4723089701949094e-23, nan 
100.125, 63.625, 1.7755514629097952e-23, nan 
100.375, 63.625, 6.737962808596809e-24, nan 
100.625, 63.625, 2.6439239067589272e-24, nan 
100.875, 63.625, 3.714783033483956e-24, nan 
101.125, 63.625, 3.2432425039737546e-24, nan 
101.375, 63.625, 3.43621092700271e-24, nan 
101.625, 63.625, 2.562316741672993e-24, nan 
101.875, 63.625, 1.1429427710412046e-23, nan 
102.125, 63.625, 1.143961418336131e-23, nan 
102.375, 63.625, 1.0762840038852543e-23, nan 
102.625, 63.625, 1.8136239649477897e-23, nan 
102.875, 63.625, 1.3143253618840233e-23, nan 
103.125, 63.625, 1.0494830147590479e-23, nan 
103.375, 63.625, 6.626537885136225e-24, nan 
103.625, 63.625, 8.792533487723687e-24, nan 
103.875, 63.625, 7.441492765114142e-24, nan 
104.125, 63.625, 7.010038147886844e-24, nan 
104.375, 63.625, 6.149381301044934e-24, nan 
104.625, 63.625, 5.6769063379607426e-24, nan 
104.875, 63.625, 5.618215698255793e-24, nan 
105.125, 63.625, 4.6186747371085504e-24, nan 
105.375, 63.625, 6.3197558718020264e-24, nan 
105.625, 63.625, 4.777487406901369e-24, nan 
105.875, 63.625, 1.0065223256925007e-23, nan 
106.125, 63.625, 6.39774194009117e-24, nan 
106.375, 63.625, 4.707955589467917e-24, nan 
106.625, 63.625, 3.058595724522982e-24, nan 
106.875, 63.625, 4.0284301489111876e-24, nan 
107.125, 63.625, 4.164981083647851e-24, nan 
107.375, 63.625, 2.9148096005041225e-24, nan 
107.625, 63.625, 9.182265692641006e-24, nan 
107.875, 63.625, 1.4562410274569312e-23, nan 
108.125, 63.625, 6.144978406520623e-24, nan 
108.375, 63.625, 9.046735839658138e-24, nan 
108.625, 63.625, 1.677641867397332e-23, nan 
108.875, 63.625, 7.607748707565089e-24, nan 
109.125, 63.625, 6.1424582116746544e-24, nan 
109.375, 63.625, 7.358894469184923e-24, nan 
109.625, 63.625, 9.024469141195882e-24, nan 
109.875, 63.625, 1.1958237922784533e-23, nan 
110.125, 63.625, 1.2986877216902801e-23, nan 
110.375, 63.625, 8.983683271732958e-24, nan 
110.625, 63.625, 1.0017786663616055e-23, nan 
110.875, 63.625, 1.1154117903635287e-23, nan 
111.125, 63.625, 7.790044577580653e-24, nan 
111.375, 63.625, 6.496701816568807e-24, nan 
111.625, 63.625, 4.8913738347832266e-24, nan 
111.875, 63.625, 5.4005868083757215e-24, nan 
112.125, 63.625, 6.766285356112735e-24, nan 
112.375, 63.625, 5.46976605253206e-24, nan 
112.625, 63.625, 5.065895279621057e-24, nan 
112.875, 63.625, 1.8761642717081592e-24, nan 
113.125, 63.625, 3.594709460830234e-24, nan 
113.375, 63.625, 6.305126517108441e-24, nan 
113.625, 63.625, 4.168179351935482e-24, nan 
113.875, 63.625, 3.132757268903199e-24, nan 
114.125, 63.625, 4.581346046125952e-24, nan 
114.375, 63.625, 3.1380716257278555e-24, nan 
114.625, 63.625, 9.841563796037119e-24, nan 
114.875, 63.625, 1.2918114523088208e-23, nan 
115.125, 63.625, 1.2838556905617303e-23, nan 
115.375, 63.625, 1.998784857472378e-23, nan 
115.625, 63.625, 2.922979229131443e-23, nan 
115.875, 63.625, 3.644758020902973e-23, nan 
116.125, 63.625, 3.434236410113825e-23, nan 
116.375, 63.625, 3.6399436630791767e-23, nan 
116.625, 63.625, 2.810794996998917e-23, nan 
116.875, 63.625, 1.1611846351059355e-23, nan 
117.125, 63.625, 1.74994556559168e-23, nan 
117.375, 63.625, 1.2855876986678094e-23, nan 
117.625, 63.625, 9.764652973700987e-24, nan 
117.875, 63.625, 8.95896905539906e-24, nan 
118.125, 63.625, 1.1516827272685058e-23, nan 
118.375, 63.625, 1.4017452308147875e-23, nan 
118.625, 63.625, 1.6890401526149232e-23, nan 
118.875, 63.625, 1.6638486130620433e-23, nan 
119.125, 63.625, 2.0607448163123394e-23, nan 
119.375, 63.625, 1.707284642290999e-23, nan 
119.625, 63.625, 1.1137170251209906e-23, nan 
119.875, 63.625, 1.3624495367990433e-23, nan 
120.125, 63.625, 3.450502809492391e-24, nan 
120.375, 63.625, 1.1584958075656205e-23, nan 
120.625, 63.625, 1.7397423282384917e-23, nan 
120.875, 63.625, 1.675685051088707e-23, nan 
121.125, 63.625, 1.6870269708335567e-23, nan 
121.375, 63.625, 2.145686526842789e-23, nan 
121.625, 63.625, 1.7915048604174043e-23, nan 
121.875, 63.625, 1.6983793494608687e-23, nan 
122.125, 63.625, 2.1524246993445494e-23, nan 
122.375, 63.625, 1.850376514156015e-23, nan 
122.625, 63.625, 1.2961313685828106e-23, nan 
122.875, 63.625, 9.707643491521383e-24, nan 
123.125, 63.625, 1.403933907597946e-23, nan 
123.375, 63.625, 1.8075674931875743e-23, nan 
123.625, 63.625, 9.519086774781672e-24, nan 
123.875, 63.625, 1.5232030908492734e-23, nan 
124.125, 63.625, 1.3697873388006102e-23, nan 
124.375, 63.625, 1.1537126364375066e-23, nan 
124.625, 63.625, 1.3381681524317745e-23, nan 
124.875, 63.625, 1.718351245715121e-23, nan 
125.125, 63.625, 1.5004979471897607e-23, nan 
125.375, 63.625, 8.500811484440558e-24, nan 
125.625, 63.625, 3.663557375457437e-24, nan 
125.875, 63.625, 6.662539536332384e-24, nan 
126.125, 63.625, 8.26908102201791e-24, nan 
126.375, 63.625, 5.922761576725916e-24, nan 
126.625, 63.625, 4.465081929222888e-24, nan 
126.875, 63.625, 6.512356279874874e-24, nan 
127.125, 63.625, 4.471879313329721e-24, nan 
127.375, 63.625, 5.913831299291191e-24, nan 
127.625, 63.625, 7.440397701309943e-24, nan 
127.875, 63.625, 3.3816394539388084e-23, nan 
128.125, 63.625, 2.696523400738439e-23, nan 
128.375, 63.625, 2.6219325219509567e-23, nan 
128.625, 63.625, 5.592323425831923e-23, nan 
128.875, 63.625, 4.151197361444087e-23, nan 
129.125, 63.625, 2.6658782134085027e-23, nan 
129.375, 63.625, 2.350205047858004e-23, nan 
129.625, 63.625, 2.0239188678785617e-23, nan 
129.875, 63.625, 1.637214377266656e-23, nan 
130.125, 63.625, 2.3077381372727992e-23, nan 
130.375, 63.625, 3.875550853212894e-23, nan 
130.625, 63.625, 6.358817056564686e-23, nan 
130.875, 63.625, 7.011260401852785e-23, nan 
131.125, 63.625, 1.2734724212860587e-22, nan 
131.375, 63.625, 1.2088929305236228e-22, nan 
131.625, 63.625, 1.4617992651818502e-22, nan 
131.875, 63.625, 2.662175845450777e-22, nan 
132.125, 63.625, 8.766185184910928e-23, nan 
132.375, 63.625, 7.000871873553572e-23, nan 
132.625, 63.625, 1.244885620317911e-22, nan 
132.875, 63.625, 4.07601492524321e-23, nan 
133.125, 63.625, 2.9152504422340555e-23, nan 
133.375, 63.625, 3.325851077393885e-23, nan 
133.625, 63.625, 3.067915143662039e-23, nan 
133.875, 63.625, 1.8275969651352153e-23, nan 
134.125, 63.625, 2.096351559541813e-23, nan 
134.375, 63.625, 3.9905480385441596e-23, nan 
134.625, 63.625, 1.8840389678934916e-23, nan 
134.875, 63.625, 2.0851514492477948e-23, nan 
135.125, 63.625, 9.976558176763918e-24, nan 
135.375, 63.625, 1.901193124523025e-23, nan 
135.625, 63.625, 3.9893743107884067e-23, nan 
135.875, 63.625, 3.376068169850912e-23, nan 
136.125, 63.625, 4.387026703248779e-23, nan 
136.375, 63.625, 6.371203735815885e-23, nan 
136.625, 63.625, 3.8718378371777914e-23, nan 
136.875, 63.625, 1.789267280131057e-23, nan 
137.125, 63.625, 4.4392357720804375e-23, nan 
137.375, 63.625, 3.2392008145117587e-23, nan 
137.625, 63.625, 3.98528068242428e-23, nan 
137.875, 63.625, 5.151747680272431e-23, nan 
138.125, 63.625, 3.943284840688163e-23, nan 
138.375, 63.625, 3.2217301558400196e-23, nan 
138.625, 63.625, 4.511356642998739e-23, nan 
138.875, 63.625, 3.7467564519687566e-23, nan 
139.125, 63.625, 2.350545602530622e-23, nan 
139.375, 63.625, 3.2085139233769184e-23, nan 
139.625, 63.625, 2.5692709441996103e-23, nan 
139.875, 63.625, 2.6272642361996234e-23, nan 
140.125, 63.625, 5.587801344975989e-23, nan 
140.375, 63.625, 4.769820619964972e-23, nan 
140.625, 63.625, 2.5149972548231882e-23, nan 
140.875, 63.625, 1.3802202071478818e-23, nan 
141.125, 63.625, 2.3775918326286462e-23, nan 
141.375, 63.625, 1.391775715320552e-23, nan 
141.625, 63.625, 4.18404812374483e-23, nan 
141.875, 63.625, 5.583601569476462e-23, nan 
142.125, 63.625, 5.0229390840573155e-23, nan 
142.375, 63.625, 6.22360564610904e-23, nan 
142.625, 63.625, 1.1034046043434366e-22, nan 
142.875, 63.625, 9.86712945137406e-23, nan 
143.125, 63.625, 5.805370078544844e-23, nan 
143.375, 63.625, 1.1766389441066739e-22, nan 
143.625, 63.625, 8.83263519830769e-23, nan 
143.875, 63.625, 5.4969802067133e-23, nan 
144.125, 63.625, 5.455344468242617e-23, nan 
144.375, 63.625, 5.409385776565496e-23, nan 
144.625, 63.625, 6.527730796276223e-23, nan 
144.875, 63.625, 4.1142072838805654e-23, nan 
145.125, 63.625, 7.217755358072076e-23, nan 
145.375, 63.625, 1.081337468214183e-22, nan 
145.625, 63.625, 1.0591208086582547e-22, nan 
145.875, 63.625, 1.253684664231985e-22, nan 
146.125, 63.625, 1.0379682567497129e-22, nan 
146.375, 63.625, 9.745553119258392e-23, nan 
146.625, 63.625, 1.260930451840212e-22, nan 
146.875, 63.625, 1.3653204400875507e-22, nan 
147.125, 63.625, 6.807025265061656e-23, nan 
147.375, 63.625, 8.946971817398354e-23, nan 
147.625, 63.625, 1.7796774138344297e-22, nan 
147.875, 63.625, 2.341463166498589e-22, nan 
148.125, 63.625, 3.0618301206254596e-22, nan 
148.375, 63.625, 3.206735889589166e-22, nan 
148.625, 63.625, 4.822194491889881e-22, nan 
148.875, 63.625, 3.362159232830205e-22, nan 
149.125, 63.625, 4.2122943869924255e-22, nan 
149.375, 63.625, 7.485683117753005e-22, nan 
149.625, 63.625, 5.334746276051351e-22, nan 
149.875, 63.625, 3.5468738585838583e-22, nan 
150.125, 63.625, 7.4873370597009415e-22, nan 
150.375, 63.625, 5.736309523226781e-22, nan 
150.625, 63.625, 3.0679090327721775e-22, nan 
150.875, 63.625, 3.3726937172737566e-22, nan 
151.125, 63.625, 3.3480058533553344e-22, nan 
151.375, 63.625, 3.400757241199355e-22, nan 
151.625, 63.625, 4.543931738851195e-22, nan 
151.875, 63.625, 2.0822053383754452e-22, nan 
152.125, 63.625, 2.6903578139493376e-22, nan 
152.375, 63.625, 2.0204205841873518e-22, nan 
152.625, 63.625, 2.7623712198239562e-22, nan 
152.875, 63.625, 3.932522361639555e-22, nan 
153.125, 63.625, 2.4756778218247605e-22, nan 
153.375, 63.625, 3.4020199794364754e-22, nan 
153.625, 63.625, 3.1476861778945445e-22, nan 
153.875, 63.625, 2.1655215159932347e-22, nan 
154.125, 63.625, 3.2036913637588034e-22, nan 
154.375, 63.625, 3.225537676559948e-22, nan 
154.625, 63.625, 3.1629389400083874e-22, nan 
154.875, 63.625, 4.383722945759622e-22, nan 
155.125, 63.625, 7.611866067510386e-22, nan 
155.375, 63.625, 1.1668808177117141e-21, nan 
155.625, 63.625, 1.3755486752095272e-21, nan 
155.875, 63.625, 1.0509525380417773e-21, nan 
156.125, 63.625, 1.3591896052342208e-21, nan 
156.375, 63.625, 1.6399398334672982e-21, nan 
156.625, 63.625, 1.2295708225462454e-21, nan 
156.875, 63.625, 9.946392183167446e-22, nan 
157.125, 63.625, 1.1045411549534609e-21, nan 
157.375, 63.625, 7.484965499042188e-22, nan 
157.625, 63.625, 4.3992561868154325e-22, nan 
157.875, 63.625, 6.157946831837013e-22, nan 
158.125, 63.625, 1.735513618403125e-21, nan 
158.375, 63.625, 4.220591898536519e-22, nan 
158.625, 63.625, 1.0018521841499895e-21, nan 
158.875, 63.625, 9.785225382833726e-22, nan 
159.125, 63.625, 8.5732475555635e-22, nan 
159.375, 63.625, 1.5545542129747972e-21, nan 
159.625, 63.625, 1.7399070220360803e-21, nan 
159.875, 63.625, 1.5425944316333118e-21, nan 
160.125, 63.625, 1.915226728870234e-21, nan 
160.375, 63.625, 2.026636485327191e-21, nan 
160.625, 63.625, 2.712014074404554e-21, nan 
160.875, 63.625, 2.3650066663430243e-21, nan 
161.125, 63.625, 6.133555760715193e-22, nan 
161.375, 63.625, 3.1356374270937996e-21, nan 
161.625, 63.625, 2.420637339678253e-21, nan 
161.875, 63.625, 1.2541416108437071e-21, nan 
162.125, 63.625, 4.4589137727315304e-21, nan 
162.375, 63.625, 3.76653225733373e-21, nan 
162.625, 63.625, 2.314169093898837e-21, nan 
162.875, 63.625, 2.725744314135072e-21, nan 
163.125, 63.625, 2.4939693905931705e-21, nan 
163.375, 63.625, 2.69622791027391e-21, nan 
163.625, 63.625, 1.5645217491161654e-21, nan 
163.875, 63.625, 1.130126105495542e-21, nan 
164.125, 63.625, 2.030441601727155e-21, nan 
164.375, 63.625, 2.2817039487584396e-21, nan 
164.625, 63.625, 6.1276682822741714e-21, nan 
164.875, 63.625, 8.107061635785831e-21, nan 
165.125, 63.625, 6.657779339376297e-21, nan 
165.375, 63.625, 6.97335773586247e-21, nan 
165.625, 63.625, 5.900517435450253e-21, nan 
165.875, 63.625, 1.875211601374721e-21, nan 
166.125, 63.625, 2.1172653775929853e-21, nan 
166.375, 63.625, 2.7979652395743754e-21, nan 
166.625, 63.625, 3.2058895937932284e-21, nan 
166.875, 63.625, 1.9223724427104643e-21, nan 
167.125, 63.625, 2.246111167188899e-21, nan 
167.375, 63.625, 1.8073051334303127e-21, nan 
167.625, 63.625, 1.5108661659100997e-21, nan 
167.875, 63.625, 1.2225254122750974e-21, nan 
168.125, 63.625, 1.357361417009362e-21, nan 
168.375, 63.625, 6.14946371638558e-22, nan 
168.625, 63.625, 7.872151871738398e-22, nan 
168.875, 63.625, 2.5039825036842667e-21, nan 
169.125, 63.625, 3.809879712150614e-21, nan 
169.375, 63.625, 7.276313816467506e-22, nan 
169.625, 63.625, 2.326383020922244e-21, nan 
169.875, 63.625, 5.201569325199783e-21, nan 
170.125, 63.625, 6.311151020129966e-21, nan 
170.375, 63.625, 1.830579629680962e-21, nan 
170.625, 63.625, 9.536012505951084e-21, nan 
170.875, 63.625, 7.67434373966551e-21, nan 
171.125, 63.625, 3.6010702825183815e-21, nan 
171.375, 63.625, 5.293921436264027e-21, nan 
171.625, 63.625, 3.710322159563994e-21, nan 
171.875, 63.625, 1.8262061950338943e-21, nan 
172.125, 63.625, 1.3039501021145414e-21, nan 
172.375, 63.625, 9.250518018363655e-22, nan 
172.625, 63.625, 6.218836779922762e-22, nan 
172.875, 63.625, 1.0858403747382989e-21, nan 
173.125, 63.625, 1.3329342099702183e-21, nan 
173.375, 63.625, 9.757469418883378e-22, nan 
173.625, 63.625, 1.952420012509568e-21, nan 
173.875, 63.625, 1.7264482780078216e-21, nan 
174.125, 63.625, 2.1314288382397233e-21, nan 
174.375, 63.625, 9.933721672350039e-22, nan 
174.625, 63.625, 1.7627423521519633e-21, nan 
174.875, 63.625, 2.7058392232611373e-21, nan 
175.125, 63.625, 2.1771668136701633e-21, nan 
175.375, 63.625, 1.803314424626663e-21, nan 
175.625, 63.625, 2.0380419068879264e-21, nan 
175.875, 63.625, 2.1335996198476036e-21, nan 
176.125, 63.625, 2.4797732578139562e-21, nan 
176.375, 63.625, 2.786293724656708e-21, nan 
176.625, 63.625, 2.197286436421541e-21, nan 
176.875, 63.625, 1.1230422489777753e-21, nan 
177.125, 63.625, 6.834587408529787e-22, nan 
177.375, 63.625, 6.737517654836507e-22, nan 
177.625, 63.625, 6.398822196464783e-22, nan 
177.875, 63.625, 7.378880125840285e-22, nan 
178.125, 63.625, 7.823335520639851e-22, nan 
178.375, 63.625, 1.1852015757067821e-21, nan 
178.625, 63.625, 9.610938868139063e-22, nan 
178.875, 63.625, 7.200936376735405e-22, nan 
179.125, 63.625, 1.0778626713281193e-21, nan 
179.375, 63.625, 1.4529912008811706e-21, nan 
179.625, 63.625, 1.0633197950801545e-21, nan 
179.875, 63.625, 9.206846191785633e-22, nan 
-179.875, 63.875, 1.0966685805257821e-21, nan 
-179.625, 63.875, 1.0762227685495462e-21, nan 
-179.375, 63.875, 9.146243218536355e-22, nan 
-179.125, 63.875, 1.3044735289467397e-21, nan 
-178.875, 63.875, 7.9851007239585525e-22, nan 
-178.625, 63.875, 7.05230138621553e-22, nan 
-178.375, 63.875, 7.861039209547936e-22, nan 
-178.125, 63.875, 4.326391430425592e-22, nan 
-177.875, 63.875, 3.472900954394358e-22, nan 
-177.625, 63.875, 2.2071133021048384e-22, nan 
-177.375, 63.875, 2.82218800792417e-22, nan 
-177.125, 63.875, 2.604810085350802e-22, nan 
-176.875, 63.875, 1.7626908633041397e-22, nan 
-176.625, 63.875, 1.628374183055583e-22, nan 
-176.375, 63.875, 2.655456089891394e-22, nan 
-176.125, 63.875, 3.265333225774892e-22, nan 
-175.875, 63.875, 5.540270564012009e-22, nan 
-175.625, 63.875, 5.120357317503592e-22, nan 
-175.375, 63.875, 3.755889404557045e-22, nan 
-175.125, 63.875, 6.181163166700157e-22, nan 
-174.875, 63.875, 4.966144202880803e-22, nan 
-174.625, 63.875, 2.8864409122432913e-22, nan 
-174.375, 63.875, 1.47598177645573e-22, nan 
-174.125, 63.875, 2.591026210734871e-22, nan 
-173.875, 63.875, 1.105285980617964e-22, nan 
-173.625, 63.875, 2.331190190040337e-22, nan 
-173.375, 63.875, 3.2748125853472903e-22, nan 
-173.125, 63.875, 2.4772534452115813e-22, nan 
-172.875, 63.875, 3.3268200962519163e-22, nan 
-172.625, 63.875, 2.742281548773318e-22, nan 
-172.375, 63.875, 1.9593037695893175e-22, nan 
-172.125, 63.875, 9.48818144185393e-23, nan 
-171.875, 63.875, 1.0358675546695311e-22, nan 
-171.625, 63.875, 9.900779815005328e-23, nan 
-171.375, 63.875, 1.1711908543357765e-22, nan 
-171.125, 63.875, 2.1994792080351376e-22, nan 
-170.875, 63.875, 2.049204884873834e-22, nan 
-170.625, 63.875, 8.215249804557299e-23, nan 
-170.375, 63.875, 1.224210258688936e-22, nan 
-170.125, 63.875, 9.326944218746084e-23, nan 
-169.875, 63.875, 5.721602535890168e-23, nan 
-169.625, 63.875, 5.455681360290255e-23, nan 
-169.375, 63.875, 5.675604446562563e-23, nan 
-169.125, 63.875, 6.245162959215254e-23, nan 
-168.875, 63.875, 5.6324532236235e-23, nan 
-168.625, 63.875, 7.687894282709438e-23, nan 
-168.375, 63.875, 1.0711269676950284e-22, nan 
-168.125, 63.875, 4.607830117963841e-23, nan 
-167.875, 63.875, 8.022269265266086e-23, nan 
-167.625, 63.875, 8.204764151544539e-23, nan 
-167.375, 63.875, 5.430501530436012e-23, nan 
-167.125, 63.875, 8.762496208488725e-23, nan 
-166.875, 63.875, 8.738483379806745e-23, nan 
-166.625, 63.875, 5.434445926384616e-23, nan 
-166.375, 63.875, 5.269784546510267e-23, nan 
-166.125, 63.875, 4.7436880845799596e-23, nan 
-165.875, 63.875, 3.03789917869518e-23, nan 
-165.625, 63.875, 4.0733834940564116e-23, nan 
-165.375, 63.875, 2.885478974748223e-23, nan 
-165.125, 63.875, 4.4103183364848756e-23, nan 
-164.875, 63.875, 4.4196278265409925e-23, nan 
-164.625, 63.875, 2.0900461618489563e-23, nan 
-164.375, 63.875, 4.331554398144694e-23, nan 
-164.125, 63.875, 3.35013517856268e-23, nan 
-163.875, 63.875, 1.795564470886606e-23, nan 
-163.625, 63.875, 4.835593484710172e-23, nan 
-163.375, 63.875, 3.788560490437899e-23, nan 
-163.125, 63.875, 1.6736600276584958e-23, nan 
-162.875, 63.875, 2.9977142082107166e-23, nan 
-162.625, 63.875, 2.671882373378171e-23, nan 
-162.375, 63.875, 2.0457792490516138e-23, nan 
-162.125, 63.875, 1.9836427419953257e-23, nan 
-161.875, 63.875, 3.4763543156718394e-23, nan 
-161.625, 63.875, 2.006417727829594e-23, nan 
-161.375, 63.875, 2.0081183714967565e-23, nan 
-161.125, 63.875, 3.3635020505445786e-23, nan 
-160.875, 63.875, 1.9272693965335464e-23, nan 
-160.625, 63.875, 2.446445969424052e-23, nan 
-160.375, 63.875, 2.6970090426743684e-23, nan 
-160.125, 63.875, 2.207673572442674e-23, nan 
-159.875, 63.875, 2.6517344468910204e-23, nan 
-159.625, 63.875, 2.1694818723529282e-23, nan 
-159.375, 63.875, 1.2655191394614831e-23, nan 
-159.125, 63.875, 9.673780589570474e-24, nan 
-158.875, 63.875, 1.3448956461961516e-23, nan 
-158.625, 63.875, 1.5197932450143424e-23, nan 
-158.375, 63.875, 1.811287537656738e-23, nan 
-158.125, 63.875, 1.6319142265336095e-23, nan 
-157.875, 63.875, 2.691125021788069e-23, nan 
-157.625, 63.875, 4.600050229526484e-23, nan 
-157.375, 63.875, 4.6540600515533746e-23, nan 
-157.125, 63.875, 5.888938978925294e-23, nan 
-156.875, 63.875, 6.234617030188458e-23, nan 
-156.625, 63.875, 3.325943179743163e-23, nan 
-156.375, 63.875, 1.620757666958271e-23, nan 
-156.125, 63.875, 3.667738640386449e-23, nan 
-155.875, 63.875, 4.4260838961470607e-23, nan 
-155.625, 63.875, 1.5713349433421687e-23, nan 
-155.375, 63.875, 2.7439610098206387e-23, nan 
-155.125, 63.875, 3.718818976960604e-23, nan 
-154.875, 63.875, 4.455022750651061e-23, nan 
-154.625, 63.875, 3.5684463500196225e-23, nan 
-154.375, 63.875, 3.097124139792064e-23, nan 
-154.125, 63.875, 4.9516093413217284e-23, nan 
-153.875, 63.875, 2.87405479474991e-23, nan 
-153.625, 63.875, 1.3561480369625257e-23, nan 
-153.375, 63.875, 2.213437080286314e-23, nan 
-153.125, 63.875, 2.33626270928318e-23, nan 
-152.875, 63.875, 2.0415407404982696e-23, nan 
-152.625, 63.875, 2.3571013642000923e-23, nan 
-152.375, 63.875, 2.7501281666243016e-23, nan 
-152.125, 63.875, 1.298683322554458e-23, nan 
-151.875, 63.875, 1.674859091157465e-23, nan 
-151.625, 63.875, 1.9202621626421333e-23, nan 
-151.375, 63.875, 1.7914351147161396e-23, nan 
-151.125, 63.875, 2.3365709781313085e-23, nan 
-150.875, 63.875, 1.7965355506402842e-23, nan 
-150.625, 63.875, 9.93909550981904e-24, nan 
-150.375, 63.875, 1.0094805856817154e-23, nan 
-150.125, 63.875, 9.611871978671066e-24, nan 
-149.875, 63.875, 8.284463076482823e-24, nan 
-149.625, 63.875, 8.667547034894891e-24, nan 
-149.375, 63.875, 9.392507988999563e-24, nan 
-149.125, 63.875, 4.493850543359705e-24, nan 
-148.875, 63.875, 7.846254517169141e-24, nan 
-148.625, 63.875, 1.3982044614195072e-23, nan 
-148.375, 63.875, 1.392114365555433e-23, nan 
-148.125, 63.875, 1.468802987261151e-23, nan 
-147.875, 63.875, 1.4163300826919992e-23, nan 
-147.625, 63.875, 1.183052589348938e-23, nan 
-147.375, 63.875, 1.0876230844225418e-23, nan 
-147.125, 63.875, 1.0001316259929547e-23, nan 
-146.875, 63.875, 7.80073336544012e-24, nan 
-146.625, 63.875, 5.748818332516208e-24, nan 
-146.375, 63.875, 4.5503777902657085e-24, nan 
-146.125, 63.875, 2.9748890584505035e-24, nan 
-145.875, 63.875, 5.335964770448152e-24, nan 
-145.625, 63.875, 1.3843311033305062e-23, nan 
-145.375, 63.875, 1.4016507731056378e-23, nan 
-145.125, 63.875, 1.6201878455379292e-23, nan 
-144.875, 63.875, 1.4609959188914593e-23, nan 
-144.625, 63.875, 1.2098036935188482e-23, nan 
-144.375, 63.875, 1.0233241608714406e-23, nan 
-144.125, 63.875, 3.8545096778134134e-24, nan 
-143.875, 63.875, 7.773785450557616e-24, nan 
-143.625, 63.875, 7.408102266960264e-24, nan 
-143.375, 63.875, 4.67729429640907e-24, nan 
-143.125, 63.875, 4.968648183900482e-24, nan 
-142.875, 63.875, 7.163092082735213e-24, nan 
-142.625, 63.875, 5.940369143052894e-24, nan 
-142.375, 63.875, 1.3024032772937331e-23, nan 
-142.125, 63.875, 1.1209915454334478e-23, nan 
-141.875, 63.875, 1.5001107270307908e-23, nan 
-141.625, 63.875, 1.917821606047034e-23, nan 
-141.375, 63.875, 3.018426698821457e-23, nan 
-141.125, 63.875, 1.5094709628787524e-23, nan 
-140.875, 63.875, 2.5471752024882964e-23, nan 
-140.625, 63.875, 4.653476133285535e-23, nan 
-140.375, 63.875, 4.652131254396824e-23, nan 
-140.125, 63.875, 3.512058653371854e-23, nan 
-139.875, 63.875, 1.060519044129369e-23, nan 
-139.625, 63.875, 1.7493605412781948e-23, nan 
-139.375, 63.875, 1.5843355683995933e-23, nan 
-139.125, 63.875, 8.94336177852147e-24, nan 
-138.875, 63.875, 4.157125082817548e-24, nan 
-138.625, 63.875, 6.904455281411344e-24, nan 
-138.375, 63.875, 7.336647526819224e-24, nan 
-138.125, 63.875, 8.701129072868595e-24, nan 
-137.875, 63.875, 7.304282780741245e-24, nan 
-137.625, 63.875, 6.562005256948689e-24, nan 
-137.375, 63.875, 7.261362107365228e-24, nan 
-137.125, 63.875, 6.774436095874313e-24, nan 
-136.875, 63.875, 6.985552121592333e-24, nan 
-136.625, 63.875, 8.12320645098408e-24, nan 
-136.375, 63.875, 8.018313635048243e-24, nan 
-136.125, 63.875, 7.310535078222061e-24, nan 
-135.875, 63.875, 7.35230894330808e-24, nan 
-135.625, 63.875, 1.2101621091346619e-23, nan 
-135.375, 63.875, 1.3657111999360964e-23, nan 
-135.125, 63.875, 1.3622596867277097e-23, nan 
-134.875, 63.875, 1.2350876228814011e-23, nan 
-134.625, 63.875, 1.3445575556298378e-23, nan 
-134.375, 63.875, 9.650563499449294e-24, nan 
-134.125, 63.875, 5.3177946114015416e-24, nan 
-133.875, 63.875, 2.5929054915659036e-24, nan 
-133.625, 63.875, 2.2495637767881992e-24, nan 
-133.375, 63.875, 6.717994298937304e-24, nan 
-133.125, 63.875, 7.155972535756135e-24, nan 
-132.875, 63.875, 7.65971508179698e-24, nan 
-132.625, 63.875, 7.130779789045916e-24, nan 
-132.375, 63.875, 8.392927616070827e-24, nan 
-132.125, 63.875, 1.0399980463113303e-23, nan 
-131.875, 63.875, 9.91147377208553e-24, nan 
-131.625, 63.875, 1.1710715338099366e-23, nan 
-131.375, 63.875, 1.462889983603467e-23, nan 
-131.125, 63.875, 1.44418545648118e-23, nan 
-130.875, 63.875, 1.5867607040870717e-23, nan 
-130.625, 63.875, 1.3637371203406136e-23, nan 
-130.375, 63.875, 1.0957579015113087e-23, nan 
-130.125, 63.875, 9.165003865256572e-24, nan 
-129.875, 63.875, 6.578704817655528e-24, nan 
-129.625, 63.875, 3.1220015272813813e-24, nan 
-129.375, 63.875, 3.0806015738287567e-24, nan 
-129.125, 63.875, 2.8053645449197634e-24, nan 
-128.875, 63.875, 1.8471585055281136e-24, nan 
-128.625, 63.875, 3.383274144767324e-24, nan 
-128.375, 63.875, 6.007998480171311e-24, nan 
-128.125, 63.875, 5.400871955369495e-24, nan 
-127.875, 63.875, 6.651412609741653e-24, nan 
-127.625, 63.875, 7.943116194059985e-24, nan 
-127.375, 63.875, 6.236774798748735e-24, nan 
-127.125, 63.875, 5.492522343732644e-24, nan 
-126.875, 63.875, 5.5298880613989226e-24, nan 
-126.625, 63.875, 4.298760896733405e-24, nan 
-126.375, 63.875, 6.6082943639251124e-24, nan 
-126.125, 63.875, 1.1503543413419748e-23, nan 
-125.875, 63.875, 1.4750385919135878e-23, nan 
98.125, 63.875, 8.904445608804228e-24, nan 
98.375, 63.875, 9.014969278548819e-24, nan 
98.625, 63.875, 9.2673949878365e-24, nan 
98.875, 63.875, 1.678609853323036e-23, nan 
99.125, 63.875, 2.2514104791121973e-23, nan 
99.375, 63.875, 1.4432816015303102e-23, nan 
99.625, 63.875, 1.7747045301619527e-23, nan 
99.875, 63.875, 2.0022365156782326e-23, nan 
100.125, 63.875, 1.1367846391375332e-23, nan 
100.375, 63.875, 2.5607726849079764e-24, nan 
100.625, 63.875, 1.8017302750076676e-24, nan 
100.875, 63.875, 3.8776827909301786e-24, nan 
101.125, 63.875, 4.24536130093174e-24, nan 
101.375, 63.875, 2.8279200508626266e-24, nan 
101.625, 63.875, 3.498306548068888e-24, nan 
101.875, 63.875, 1.529936690093905e-23, nan 
102.125, 63.875, 1.1608697417609621e-23, nan 
102.375, 63.875, 8.671703972110408e-24, nan 
102.625, 63.875, 1.9176819357088573e-23, nan 
102.875, 63.875, 1.328947711902503e-23, nan 
103.125, 63.875, 7.680468260229769e-24, nan 
103.375, 63.875, 1.175782355938501e-23, nan 
103.625, 63.875, 1.0709395403484841e-23, nan 
103.875, 63.875, 7.615509518661647e-24, nan 
104.125, 63.875, 8.826119795560793e-24, nan 
104.375, 63.875, 1.0025938748004949e-23, nan 
104.625, 63.875, 5.554509532852547e-24, nan 
104.875, 63.875, 4.3839075520180494e-24, nan 
105.125, 63.875, 9.557683577323333e-24, nan 
105.375, 63.875, 5.014786573658155e-24, nan 
105.625, 63.875, 4.2382533007631624e-24, nan 
105.875, 63.875, 1.4877382620956406e-23, nan 
106.125, 63.875, 7.095051253654816e-24, nan 
106.375, 63.875, 4.896539515195932e-24, nan 
106.625, 63.875, 7.32552498241466e-24, nan 
106.875, 63.875, 4.855875010604773e-24, nan 
107.125, 63.875, 3.37299001817493e-24, nan 
107.375, 63.875, 2.150257901534944e-24, nan 
107.625, 63.875, 7.011675726030717e-24, nan 
107.875, 63.875, 1.0332635877266381e-23, nan 
108.125, 63.875, 5.081410219074026e-24, nan 
108.375, 63.875, 4.0578295560696295e-24, nan 
108.625, 63.875, 1.1377125504655607e-23, nan 
108.875, 63.875, 1.0422194895310327e-23, nan 
109.125, 63.875, 7.550564835951442e-24, nan 
109.375, 63.875, 7.959337254118144e-24, nan 
109.625, 63.875, 9.135890062648637e-24, nan 
109.875, 63.875, 7.355075088264339e-24, nan 
110.125, 63.875, 6.363487835565616e-24, nan 
110.375, 63.875, 6.1089524042784016e-24, nan 
110.625, 63.875, 7.615219086504993e-24, nan 
110.875, 63.875, 7.320541872347211e-24, nan 
111.125, 63.875, 7.461193708541129e-24, nan 
111.375, 63.875, 6.793341571026043e-24, nan 
111.625, 63.875, 5.932420478085809e-24, nan 
111.875, 63.875, 3.0827334090115835e-24, nan 
112.125, 63.875, 7.837462521445911e-24, nan 
112.375, 63.875, 6.800329883467181e-24, nan 
112.625, 63.875, 4.859752009312543e-24, nan 
112.875, 63.875, 6.14273300284046e-24, nan 
113.125, 63.875, 4.218483514398015e-24, nan 
113.375, 63.875, 6.644883972460382e-24, nan 
113.625, 63.875, 3.385433663053763e-24, nan 
113.875, 63.875, 3.775835778728902e-24, nan 
114.125, 63.875, 2.964174788644787e-24, nan 
114.375, 63.875, 3.172429468722614e-24, nan 
114.625, 63.875, 1.674783083071061e-23, nan 
114.875, 63.875, 1.8644941187902033e-23, nan 
115.125, 63.875, 2.836177686336967e-23, nan 
115.375, 63.875, 2.85399996635982e-23, nan 
115.625, 63.875, 2.834800533702323e-23, nan 
115.875, 63.875, 4.484211566791258e-23, nan 
116.125, 63.875, 4.2064150841579206e-23, nan 
116.375, 63.875, 3.799064036589e-23, nan 
116.625, 63.875, 2.964055483292532e-23, nan 
116.875, 63.875, 2.720106948468542e-23, nan 
117.125, 63.875, 2.28826968050951e-23, nan 
117.375, 63.875, 1.7385685949173902e-23, nan 
117.625, 63.875, 1.264235635337997e-23, nan 
117.875, 63.875, 1.3646145205813586e-23, nan 
118.125, 63.875, 1.3793979551798516e-23, nan 
118.375, 63.875, 1.6871350451726915e-23, nan 
118.625, 63.875, 2.3350621236832228e-23, nan 
118.875, 63.875, 2.3400817510347598e-23, nan 
119.125, 63.875, 2.7029776584926047e-23, nan 
119.375, 63.875, 2.686566727597113e-23, nan 
119.625, 63.875, 1.839350250234473e-23, nan 
119.875, 63.875, 1.6923390596710124e-23, nan 
120.125, 63.875, 1.9283952328892716e-23, nan 
120.375, 63.875, 1.9534260638349482e-23, nan 
120.625, 63.875, 1.2181936958677017e-23, nan 
120.875, 63.875, 2.3455248589063132e-23, nan 
121.125, 63.875, 2.8252818669149164e-23, nan 
121.375, 63.875, 1.8476159824170086e-23, nan 
121.625, 63.875, 1.9895251717348984e-23, nan 
121.875, 63.875, 2.2196978234681362e-23, nan 
122.125, 63.875, 1.6506151023573345e-23, nan 
122.375, 63.875, 1.3545215901331668e-23, nan 
122.625, 63.875, 9.93925197457647e-24, nan 
122.875, 63.875, 9.383440339218303e-24, nan 
123.125, 63.875, 1.0271823476063241e-23, nan 
123.375, 63.875, 1.889190941260628e-23, nan 
123.625, 63.875, 1.2953262687550781e-23, nan 
123.875, 63.875, 7.522406826039248e-24, nan 
124.125, 63.875, 1.0013152521102252e-23, nan 
124.375, 63.875, 1.4290845995266126e-23, nan 
124.625, 63.875, 1.4641345171352867e-23, nan 
124.875, 63.875, 1.6804957313011805e-23, nan 
125.125, 63.875, 1.5178724928259346e-23, nan 
125.375, 63.875, 9.451840445796817e-24, nan 
125.625, 63.875, 1.238210180097072e-23, nan 
125.875, 63.875, 8.52728973267328e-24, nan 
126.125, 63.875, 8.090099308963315e-24, nan 
126.375, 63.875, 6.535418368774017e-24, nan 
126.625, 63.875, 7.526420787624872e-24, nan 
126.875, 63.875, 5.765426051696898e-24, nan 
127.125, 63.875, 6.479843116800817e-24, nan 
127.375, 63.875, 7.53143503310973e-24, nan 
127.625, 63.875, 1.0529860666306385e-23, nan 
127.875, 63.875, 3.5359058330364833e-23, nan 
128.125, 63.875, 2.5573458679838503e-23, nan 
128.375, 63.875, 2.3795505240928338e-23, nan 
128.625, 63.875, 4.745659012684448e-23, nan 
128.875, 63.875, 3.2412078736781376e-23, nan 
129.125, 63.875, 1.4220642168623968e-23, nan 
129.375, 63.875, 3.134208867019197e-23, nan 
129.625, 63.875, 2.545726049127798e-23, nan 
129.875, 63.875, 1.415398809573103e-23, nan 
130.125, 63.875, 1.5635470805363216e-23, nan 
130.375, 63.875, 1.0646176520922582e-23, nan 
130.625, 63.875, 1.2179187729140253e-23, nan 
130.875, 63.875, 2.4233834332934416e-23, nan 
131.125, 63.875, 4.4249921522736283e-23, nan 
131.375, 63.875, 8.431001291804938e-23, nan 
131.625, 63.875, 8.348277534106216e-23, nan 
131.875, 63.875, 1.3612682162702604e-22, nan 
132.125, 63.875, 3.0398791280607776e-23, nan 
132.375, 63.875, 2.2223552013465858e-23, nan 
132.625, 63.875, 3.432728376171194e-23, nan 
132.875, 63.875, 3.1870188723313236e-23, nan 
133.125, 63.875, 3.448723921690667e-23, nan 
133.375, 63.875, 3.5942919183928965e-23, nan 
133.625, 63.875, 2.8546633636841314e-23, nan 
133.875, 63.875, 1.9807111174579392e-23, nan 
134.125, 63.875, 2.242373573688181e-23, nan 
134.375, 63.875, 1.4635267368324253e-23, nan 
134.625, 63.875, 1.3894734355533803e-23, nan 
134.875, 63.875, 2.099277368729544e-23, nan 
135.125, 63.875, 2.2225344684777804e-23, nan 
135.375, 63.875, 3.714468744922835e-23, nan 
135.625, 63.875, 4.781649480651797e-23, nan 
135.875, 63.875, 4.025454883573245e-23, nan 
136.125, 63.875, 5.122335468659071e-23, nan 
136.375, 63.875, 5.452862816473994e-23, nan 
136.625, 63.875, 2.242329747718164e-23, nan 
136.875, 63.875, 3.4637047208311644e-23, nan 
137.125, 63.875, 5.173050448872082e-23, nan 
137.375, 63.875, 3.376496144191777e-23, nan 
137.625, 63.875, 2.3412687104735985e-23, nan 
137.875, 63.875, 5.656904307981552e-23, nan 
138.125, 63.875, 3.99569320684183e-23, nan 
138.375, 63.875, 3.053864005292705e-23, nan 
138.625, 63.875, 4.834423623307389e-23, nan 
138.875, 63.875, 4.3521256863201523e-23, nan 
139.125, 63.875, 2.434379172173935e-23, nan 
139.375, 63.875, 4.0003412023139316e-23, nan 
139.625, 63.875, 5.1976903857977395e-23, nan 
139.875, 63.875, 3.376091982574483e-23, nan 
140.125, 63.875, 4.1778771692882664e-23, nan 
140.375, 63.875, 6.185902226669211e-23, nan 
140.625, 63.875, 4.4615918217332263e-23, nan 
140.875, 63.875, 3.602243866731771e-23, nan 
141.125, 63.875, 2.3089836667006607e-23, nan 
141.375, 63.875, 3.0958799983375895e-23, nan 
141.625, 63.875, 8.561974087886747e-23, nan 
141.875, 63.875, 8.227723374684886e-23, nan 
142.125, 63.875, 5.27821855814246e-23, nan 
142.375, 63.875, 1.0121544233620663e-22, nan 
142.625, 63.875, 1.0630007213254227e-22, nan 
142.875, 63.875, 4.8966518215899927e-23, nan 
143.125, 63.875, 6.771098053074691e-23, nan 
143.375, 63.875, 9.052617654123304e-23, nan 
143.625, 63.875, 2.965004254291587e-23, nan 
143.875, 63.875, 4.2030390813386047e-23, nan 
144.125, 63.875, 4.1008834176014085e-23, nan 
144.375, 63.875, 5.553559791551469e-23, nan 
144.625, 63.875, 2.431075315520524e-23, nan 
144.875, 63.875, 5.739462979962064e-23, nan 
145.125, 63.875, 9.832631874463033e-23, nan 
145.375, 63.875, 8.576587091506138e-23, nan 
145.625, 63.875, 8.455867260776123e-23, nan 
145.875, 63.875, 1.0884029275753583e-22, nan 
146.125, 63.875, 1.2050160580923535e-22, nan 
146.375, 63.875, 1.3202814283740043e-22, nan 
146.625, 63.875, 1.9126281600593285e-22, nan 
146.875, 63.875, 2.0885697769144076e-22, nan 
147.125, 63.875, 1.3512644997211907e-22, nan 
147.375, 63.875, 2.151858631161466e-22, nan 
147.625, 63.875, 2.315819211509134e-22, nan 
147.875, 63.875, 1.3744525967184518e-22, nan 
148.125, 63.875, 2.8907748826544265e-22, nan 
148.375, 63.875, 5.183962190286687e-22, nan 
148.625, 63.875, 4.909662615798739e-22, nan 
148.875, 63.875, 3.3765395588215515e-22, nan 
149.125, 63.875, 8.57310107877929e-22, nan 
149.375, 63.875, 7.873945852050659e-22, nan 
149.625, 63.875, 4.1743182804438513e-22, nan 
149.875, 63.875, 6.890787044772588e-22, nan 
150.125, 63.875, 6.435579304659254e-22, nan 
150.375, 63.875, 3.3232143324174854e-22, nan 
150.625, 63.875, 2.439357953435945e-22, nan 
150.875, 63.875, 3.4957771542163396e-22, nan 
151.125, 63.875, 3.137682887306242e-22, nan 
151.375, 63.875, 3.07256238857368e-22, nan 
151.625, 63.875, 3.5531542298099834e-22, nan 
151.875, 63.875, 4.494708340802444e-22, nan 
152.125, 63.875, 2.4224350607010846e-22, nan 
152.375, 63.875, 2.1359954240802437e-22, nan 
152.625, 63.875, 3.151721539553839e-22, nan 
152.875, 63.875, 3.844346435978648e-22, nan 
153.125, 63.875, 3.1554724855722223e-22, nan 
153.375, 63.875, 3.045303714782044e-22, nan 
153.625, 63.875, 2.2993515714412833e-22, nan 
153.875, 63.875, 2.767979557660423e-22, nan 
154.125, 63.875, 2.1803243995971196e-22, nan 
154.375, 63.875, 4.43400221307208e-22, nan 
154.625, 63.875, 5.811407718690882e-22, nan 
154.875, 63.875, 3.9076777933378957e-22, nan 
155.125, 63.875, 1.0275211921311876e-21, nan 
155.375, 63.875, 1.296941477574452e-21, nan 
155.625, 63.875, 1.5816416943011728e-21, nan 
155.875, 63.875, 1.2666396920502907e-21, nan 
156.125, 63.875, 1.6975023610255323e-21, nan 
156.375, 63.875, 2.6227971517066073e-21, nan 
156.625, 63.875, 1.2050835533461425e-21, nan 
156.875, 63.875, 1.3686949330392401e-21, nan 
157.125, 63.875, 1.454738414312198e-21, nan 
157.375, 63.875, 7.251569929392626e-22, nan 
157.625, 63.875, 5.820569738300226e-22, nan 
157.875, 63.875, 9.08131173824917e-22, nan 
158.125, 63.875, 9.100459084409942e-22, nan 
158.375, 63.875, 8.58889910855327e-22, nan 
158.625, 63.875, 1.6301993952708996e-21, nan 
158.875, 63.875, 8.859885328236715e-22, nan 
159.125, 63.875, 1.3823860269001034e-21, nan 
159.375, 63.875, 2.6445867534852532e-21, nan 
159.625, 63.875, 2.2381040175408464e-21, nan 
159.875, 63.875, 2.3780383753895395e-21, nan 
160.125, 63.875, 2.9100177096065227e-21, nan 
160.375, 63.875, 2.8527355567304453e-21, nan 
160.625, 63.875, 3.629225823985071e-21, nan 
160.875, 63.875, 2.389857792680243e-21, nan 
161.125, 63.875, 2.3686657877815763e-21, nan 
161.375, 63.875, 4.25728810381032e-21, nan 
161.625, 63.875, 2.4033536818598378e-21, nan 
161.875, 63.875, 1.983933762927614e-21, nan 
162.125, 63.875, 4.515325336816351e-21, nan 
162.375, 63.875, 4.046983018668812e-21, nan 
162.625, 63.875, 2.9551516468668955e-21, nan 
162.875, 63.875, 1.6370938571181638e-21, nan 
163.125, 63.875, 1.800225468486488e-21, nan 
163.375, 63.875, 1.6737876825175122e-21, nan 
163.625, 63.875, 1.4539909501925339e-21, nan 
163.875, 63.875, 2.4434537353504377e-21, nan 
164.125, 63.875, 2.271691507325107e-21, nan 
164.375, 63.875, 2.0390442333845262e-21, nan 
164.625, 63.875, 3.2336664645537926e-21, nan 
164.875, 63.875, 3.564473289568163e-21, nan 
165.125, 63.875, 3.1913696303788353e-21, nan 
165.375, 63.875, 3.0647644779460737e-21, nan 
165.625, 63.875, 3.162811760089158e-21, nan 
165.875, 63.875, 3.081572045893269e-21, nan 
166.125, 63.875, 2.0701754354708388e-21, nan 
166.375, 63.875, 2.7636230469535574e-21, nan 
166.625, 63.875, 3.0879496500483604e-21, nan 
166.875, 63.875, 2.4911792327545745e-21, nan 
167.125, 63.875, 2.4887980654268453e-21, nan 
167.375, 63.875, 1.7556833738594753e-21, nan 
167.625, 63.875, 1.5490501687851336e-21, nan 
167.875, 63.875, 7.14190501573326e-22, nan 
168.125, 63.875, 1.1820240618236195e-21, nan 
168.375, 63.875, 6.89677246635116e-22, nan 
168.625, 63.875, 1.3483483286165546e-21, nan 
168.875, 63.875, 3.095937270442587e-21, nan 
169.125, 63.875, 2.6183028802223636e-21, nan 
169.375, 63.875, 2.3173491457792185e-21, nan 
169.625, 63.875, 3.8434057553275575e-21, nan 
169.875, 63.875, 3.6590198901106926e-21, nan 
170.125, 63.875, 4.044885526582732e-21, nan 
170.375, 63.875, 2.460540678923974e-21, nan 
170.625, 63.875, 6.862412184943152e-21, nan 
170.875, 63.875, 5.4185905199255025e-21, nan 
171.125, 63.875, 3.060061778154826e-21, nan 
171.375, 63.875, 3.4073052953358735e-21, nan 
171.625, 63.875, 2.2974270823848865e-21, nan 
171.875, 63.875, 1.7183349537821836e-21, nan 
172.125, 63.875, 1.9574236063635615e-21, nan 
172.375, 63.875, 1.078346459110351e-21, nan 
172.625, 63.875, 1.1541493145953047e-21, nan 
172.875, 63.875, 1.1146372382750943e-21, nan 
173.125, 63.875, 1.1266803559839377e-21, nan 
173.375, 63.875, 1.0143138045026273e-21, nan 
173.625, 63.875, 2.5428418885258703e-21, nan 
173.875, 63.875, 7.269687813183838e-22, nan 
174.125, 63.875, 1.4094133976050155e-21, nan 
174.375, 63.875, 1.43690487075288e-21, nan 
174.625, 63.875, 1.235233781392385e-21, nan 
174.875, 63.875, 2.5827618514660626e-21, nan 
175.125, 63.875, 2.339238279364525e-21, nan 
175.375, 63.875, 1.044223899565114e-21, nan 
175.625, 63.875, 2.1820757154527494e-21, nan 
175.875, 63.875, 2.012075572299147e-21, nan 
176.125, 63.875, 1.3234973088665158e-21, nan 
176.375, 63.875, 2.2885553407702326e-21, nan 
176.625, 63.875, 2.3844946795631657e-21, nan 
176.875, 63.875, 2.359173283800989e-21, nan 
177.125, 63.875, 1.3083681490931769e-21, nan 
177.375, 63.875, 1.1480229293878061e-21, nan 
177.625, 63.875, 1.1189403626305608e-21, nan 
177.875, 63.875, 9.05840457424218e-22, nan 
178.125, 63.875, 9.21164501245815e-22, nan 
178.375, 63.875, 1.6381615207380926e-21, nan 
178.625, 63.875, 1.722622442354878e-21, nan 
178.875, 63.875, 1.4492253974649906e-21, nan 
179.125, 63.875, 1.794491127447474e-21, nan 
179.375, 63.875, 2.3828969660646166e-21, nan 
179.625, 63.875, 1.9917211728553666e-21, nan 
179.875, 63.875, 1.0093028050515101e-21, nan 
-179.875, 64.125, 1.05480293979922e-21, nan 
-179.625, 64.125, 9.477511370091175e-22, nan 
-179.375, 64.125, 8.245550023935293e-22, nan 
-179.125, 64.125, 1.0700061068173724e-21, nan 
-178.875, 64.125, 7.289781351940205e-22, nan 
-178.625, 64.125, 7.840544092503549e-22, nan 
-178.375, 64.125, 7.339378475505303e-22, nan 
-178.125, 64.125, 4.36161356381944e-22, nan 
-177.875, 64.125, 3.7832387071021836e-22, nan 
-177.625, 64.125, 4.496585355797228e-22, nan 
-177.375, 64.125, 2.4496348456927104e-22, nan 
-177.125, 64.125, 2.690725142812863e-22, nan 
-176.875, 64.125, 1.9229571208757514e-22, nan 
-176.625, 64.125, 2.180269019432009e-22, nan 
-176.375, 64.125, 2.2610359841117843e-22, nan 
-176.125, 64.125, 2.981011016706836e-22, nan 
-175.875, 64.125, 3.6112877401539054e-22, nan 
-175.625, 64.125, 3.7668992523410824e-22, nan 
-175.375, 64.125, 3.884356320535775e-22, nan 
-175.125, 64.125, 5.278764324462285e-22, nan 
-174.875, 64.125, 4.164855972859396e-22, nan 
-174.625, 64.125, 2.7325191031933365e-22, nan 
-174.375, 64.125, 2.238303761080514e-22, nan 
-174.125, 64.125, 2.7838250522022167e-22, nan 
-173.875, 64.125, 2.766673866808821e-22, nan 
-173.625, 64.125, 2.3958034145851985e-22, nan 
-173.375, 64.125, 1.94740014887765e-22, nan 
-173.125, 64.125, 2.257777963933508e-22, nan 
-172.875, 64.125, 1.2155022587060844e-22, nan 
-172.625, 64.125, 1.6860454086159665e-22, nan 
-172.375, 64.125, 2.0260763748747884e-22, nan 
-172.125, 64.125, 9.568418030603652e-23, nan 
-171.875, 64.125, 1.9047685063764273e-22, nan 
-171.625, 64.125, 4.0279261685893307e-22, nan 
-171.375, 64.125, 2.0828503364598476e-22, nan 
-171.125, 64.125, 2.665839758367422e-22, nan 
-170.875, 64.125, 2.512568773773315e-22, nan 
-170.625, 64.125, 1.0312206312104006e-22, nan 
-170.375, 64.125, 9.32175933047159e-23, nan 
-170.125, 64.125, 1.5762042468342793e-22, nan 
-169.875, 64.125, 7.39449477043112e-23, nan 
-169.625, 64.125, 6.387265404709899e-23, nan 
-169.375, 64.125, 9.1106270657805e-23, nan 
-169.125, 64.125, 6.229743036854489e-23, nan 
-168.875, 64.125, 7.072162386497241e-23, nan 
-168.625, 64.125, 7.719859492170534e-23, nan 
-168.375, 64.125, 8.04393039890299e-23, nan 
-168.125, 64.125, 1.0378370058686843e-22, nan 
-167.875, 64.125, 7.176703178604176e-23, nan 
-167.625, 64.125, 4.0947396017902573e-23, nan 
-167.375, 64.125, 2.784326453153867e-23, nan 
-167.125, 64.125, 6.080407196146414e-23, nan 
-166.875, 64.125, 4.608571339902295e-23, nan 
-166.625, 64.125, 4.533017470437756e-23, nan 
-166.375, 64.125, 7.105234240621137e-23, nan 
-166.125, 64.125, 5.72157426444658e-23, nan 
-165.875, 64.125, 4.004783621231519e-23, nan 
-165.625, 64.125, 1.9258237632688446e-23, nan 
-165.375, 64.125, 4.2950632972339084e-23, nan 
-165.125, 64.125, 2.4814015765879926e-23, nan 
-164.875, 64.125, 3.566978994538358e-23, nan 
-164.625, 64.125, 3.0270895445392066e-23, nan 
-164.375, 64.125, 6.451582758725394e-23, nan 
-164.125, 64.125, 6.284881189070533e-23, nan 
-163.875, 64.125, 2.9408670925222025e-23, nan 
-163.625, 64.125, 8.136365048897017e-23, nan 
-163.375, 64.125, 7.839481451820789e-23, nan 
-163.125, 64.125, 7.225173731033917e-23, nan 
-162.875, 64.125, 3.374811282656844e-23, nan 
-162.625, 64.125, 9.996769577492185e-23, nan 
-162.375, 64.125, 6.750672182808545e-23, nan 
-162.125, 64.125, 2.88692790545069e-23, nan 
-161.875, 64.125, 6.667268525837093e-23, nan 
-161.625, 64.125, 3.092420222046217e-23, nan 
-161.375, 64.125, 3.6216235279136574e-23, nan 
-161.125, 64.125, 7.9987012006882e-23, nan 
-160.875, 64.125, 2.1941992195046467e-23, nan 
-160.625, 64.125, 3.148537740326083e-23, nan 
-160.375, 64.125, 3.619856187684006e-23, nan 
-160.125, 64.125, 2.96866333688307e-23, nan 
-159.875, 64.125, 3.151200860774847e-23, nan 
-159.625, 64.125, 2.931306547483107e-23, nan 
-159.375, 64.125, 3.0459932448649574e-23, nan 
-159.125, 64.125, 2.4498191415746637e-23, nan 
-158.875, 64.125, 1.0095265077293338e-23, nan 
-158.625, 64.125, 2.2916238160585397e-23, nan 
-158.375, 64.125, 2.84625501140669e-23, nan 
-158.125, 64.125, 3.073301348255818e-23, nan 
-157.875, 64.125, 1.7117616003623564e-23, nan 
-157.625, 64.125, 1.8546935186231534e-23, nan 
-157.375, 64.125, 2.1669635515148952e-23, nan 
-157.125, 64.125, 3.995638431307252e-23, nan 
-156.875, 64.125, 5.059805703703778e-23, nan 
-156.625, 64.125, 3.0536446756535775e-23, nan 
-156.375, 64.125, 2.4257388733591516e-23, nan 
-156.125, 64.125, 2.6634793194878845e-23, nan 
-155.875, 64.125, 4.0308201065203353e-23, nan 
-155.625, 64.125, 3.1967899501452655e-23, nan 
-155.375, 64.125, 2.618370747864065e-23, nan 
-155.125, 64.125, 2.2310638948182294e-23, nan 
-154.875, 64.125, 3.5603250936876814e-23, nan 
-154.625, 64.125, 3.8391525683949656e-23, nan 
-154.375, 64.125, 4.054347947258263e-23, nan 
-154.125, 64.125, 5.625220771742421e-23, nan 
-153.875, 64.125, 5.381386560963732e-23, nan 
-153.625, 64.125, 4.2476469843910745e-23, nan 
-153.375, 64.125, 2.4921502198119244e-23, nan 
-153.125, 64.125, 1.8049627346997593e-23, nan 
-152.875, 64.125, 2.2325496566301774e-23, nan 
-152.625, 64.125, 3.101015291191572e-23, nan 
-152.375, 64.125, 3.0029607396831605e-23, nan 
-152.125, 64.125, 3.0467575698344127e-23, nan 
-151.875, 64.125, 1.732012653892959e-23, nan 
-151.625, 64.125, 1.899806518055089e-23, nan 
-151.375, 64.125, 1.4155750776788844e-23, nan 
-151.125, 64.125, 2.274926786232363e-23, nan 
-150.875, 64.125, 2.5665921374959776e-23, nan 
-150.625, 64.125, 1.6287715782795398e-23, nan 
-150.375, 64.125, 1.0739603540724308e-23, nan 
-150.125, 64.125, 1.60987445282496e-23, nan 
-149.875, 64.125, 1.2436776905724293e-23, nan 
-149.625, 64.125, 4.2459883511961064e-24, nan 
-149.375, 64.125, 7.699770343706264e-24, nan 
-149.125, 64.125, 1.1324341202094941e-23, nan 
-148.875, 64.125, 7.008162215760598e-24, nan 
-148.625, 64.125, 5.552727058400352e-24, nan 
-148.375, 64.125, 1.2200041391121925e-23, nan 
-148.125, 64.125, 1.6374898858677152e-23, nan 
-147.875, 64.125, 1.761745784304011e-23, nan 
-147.625, 64.125, 1.6227105747119427e-23, nan 
-147.375, 64.125, 2.035435328316015e-23, nan 
-147.125, 64.125, 1.4338339411372988e-23, nan 
-146.875, 64.125, 7.324099653450136e-24, nan 
-146.625, 64.125, 4.700185704124702e-24, nan 
-146.375, 64.125, 3.550452818119368e-24, nan 
-146.125, 64.125, 6.166683756028897e-24, nan 
-145.875, 64.125, 1.0542952706844335e-23, nan 
-145.625, 64.125, 8.89532858183177e-24, nan 
-145.375, 64.125, 1.2963973303118451e-23, nan 
-145.125, 64.125, 1.744715548214386e-23, nan 
-144.875, 64.125, 1.5173411453412528e-23, nan 
-144.625, 64.125, 1.2845516914908776e-23, nan 
-144.375, 64.125, 1.1322389251494427e-23, nan 
-144.125, 64.125, 8.556383563521964e-24, nan 
-143.875, 64.125, 4.461666051403946e-24, nan 
-143.625, 64.125, 4.666444506061813e-24, nan 
-143.375, 64.125, 5.2356520556520886e-24, nan 
-143.125, 64.125, 4.365707613943874e-24, nan 
-142.875, 64.125, 2.457432291005336e-24, nan 
-142.625, 64.125, 6.115375591205305e-24, nan 
-142.375, 64.125, 7.500577443874808e-24, nan 
-142.125, 64.125, 6.563938388044674e-24, nan 
-141.875, 64.125, 5.918012463703618e-24, nan 
-141.625, 64.125, 8.65982575798184e-24, nan 
-141.375, 64.125, 1.3181909682079047e-23, nan 
-141.125, 64.125, 2.5854566961133287e-23, nan 
-140.875, 64.125, 2.694427852617799e-23, nan 
-140.625, 64.125, 3.7614872199876544e-23, nan 
-140.375, 64.125, 5.183417950755227e-23, nan 
-140.125, 64.125, 2.688706607564774e-23, nan 
-139.875, 64.125, 1.2979682231954295e-23, nan 
-139.625, 64.125, 1.13954315901211e-23, nan 
-139.375, 64.125, 1.0722298995105941e-23, nan 
-139.125, 64.125, 9.75373309987035e-24, nan 
-138.875, 64.125, 1.2190353605072828e-23, nan 
-138.625, 64.125, 1.1982730758288775e-23, nan 
-138.375, 64.125, 1.3031189063813559e-23, nan 
-138.125, 64.125, 1.1786426160961186e-23, nan 
-137.875, 64.125, 5.337617069746014e-24, nan 
-137.625, 64.125, 1.5897809791806862e-23, nan 
-137.375, 64.125, 7.598546379271923e-24, nan 
-137.125, 64.125, 4.614434365983912e-24, nan 
-136.875, 64.125, 7.317822044442449e-24, nan 
-136.625, 64.125, 7.969205503210522e-24, nan 
-136.375, 64.125, 8.309125546931344e-24, nan 
-136.125, 64.125, 8.455281767413579e-24, nan 
-135.875, 64.125, 1.0377294350762134e-23, nan 
-135.625, 64.125, 9.257436466405295e-24, nan 
-135.375, 64.125, 7.553493480880665e-24, nan 
-135.125, 64.125, 9.892362097895541e-24, nan 
-134.875, 64.125, 1.1576457247619226e-23, nan 
-134.625, 64.125, 1.587230659057734e-23, nan 
-134.375, 64.125, 1.3743223988261844e-23, nan 
-134.125, 64.125, 1.5286580626429842e-23, nan 
-133.875, 64.125, 1.8904425335680505e-23, nan 
-133.625, 64.125, 1.3769091289901967e-23, nan 
-133.375, 64.125, 7.066473907042701e-24, nan 
-133.125, 64.125, 4.063934324534964e-24, nan 
-132.875, 64.125, 4.470858251253103e-24, nan 
-132.625, 64.125, 6.30680842981992e-24, nan 
-132.375, 64.125, 7.369421316642357e-24, nan 
-132.125, 64.125, 8.840185402316129e-24, nan 
-131.875, 64.125, 7.787653730029483e-24, nan 
-131.625, 64.125, 8.912529251413923e-24, nan 
-131.375, 64.125, 9.021695629406546e-24, nan 
-131.125, 64.125, 1.145877820488183e-23, nan 
-130.875, 64.125, 1.6471880101048986e-23, nan 
-130.625, 64.125, 1.5055612206016396e-23, nan 
-130.375, 64.125, 1.540140314190709e-23, nan 
-130.125, 64.125, 1.6872537718105313e-23, nan 
-129.875, 64.125, 1.5685247042851614e-23, nan 
-129.625, 64.125, 1.743138320364407e-23, nan 
-129.375, 64.125, 1.614089887636378e-23, nan 
-129.125, 64.125, 1.2713395118001714e-23, nan 
-128.875, 64.125, 5.992382072838816e-24, nan 
-128.625, 64.125, 3.350088051310087e-24, nan 
-128.375, 64.125, 3.385153779073943e-24, nan 
-128.125, 64.125, 2.9488799750041937e-24, nan 
-127.875, 64.125, 6.771041178722015e-24, nan 
-127.625, 64.125, 7.507033372254194e-24, nan 
-127.375, 64.125, 5.567225385057725e-24, nan 
-127.125, 64.125, 4.092553454836689e-24, nan 
-126.875, 64.125, 4.0627424161226775e-24, nan 
-126.625, 64.125, 3.0197227002935923e-24, nan 
-126.375, 64.125, 8.011070315004431e-24, nan 
-126.125, 64.125, 3.77713137883501e-24, nan 
-125.875, 64.125, 3.704727846709199e-24, nan 
-125.625, 64.125, 5.678726824268607e-24, nan 
97.625, 64.125, 8.36369181152664e-24, nan 
97.875, 64.125, 1.2878896725885329e-23, nan 
98.125, 64.125, 8.139517807144817e-24, nan 
98.375, 64.125, 6.580780900632619e-24, nan 
98.625, 64.125, 8.243994999959585e-24, nan 
98.875, 64.125, 1.2265541974431699e-23, nan 
99.125, 64.125, 1.4651377189205882e-23, nan 
99.375, 64.125, 1.017174213377416e-23, nan 
99.625, 64.125, 1.3340645314997635e-23, nan 
99.875, 64.125, 1.490760544202302e-23, nan 
100.125, 64.125, 1.0741061723713954e-23, nan 
100.375, 64.125, 6.0494960712784846e-24, nan 
100.625, 64.125, 5.139756916516851e-24, nan 
100.875, 64.125, 4.429094300161987e-24, nan 
101.125, 64.125, 4.119749262220883e-24, nan 
101.375, 64.125, 1.2187685898965998e-24, nan 
101.625, 64.125, 4.688054831621585e-24, nan 
101.875, 64.125, 1.1178765555802084e-23, nan 
102.125, 64.125, 1.4438621004019364e-23, nan 
102.375, 64.125, 7.720977390135422e-24, nan 
102.625, 64.125, 1.3329856007820558e-23, nan 
102.875, 64.125, 1.4056410121806175e-23, nan 
103.125, 64.125, 8.861561807985279e-24, nan 
103.375, 64.125, 8.488355299824354e-24, nan 
103.625, 64.125, 8.179721137982184e-24, nan 
103.875, 64.125, 9.204960744602489e-24, nan 
104.125, 64.125, 1.3079756981844734e-23, nan 
104.375, 64.125, 8.25778168932174e-24, nan 
104.625, 64.125, 5.905544488824321e-24, nan 
104.875, 64.125, 6.032024666356484e-24, nan 
105.125, 64.125, 9.386230923253616e-24, nan 
105.375, 64.125, 3.42795352863116e-24, nan 
105.625, 64.125, 3.007011879740557e-24, nan 
105.875, 64.125, 8.637683165720305e-24, nan 
106.125, 64.125, 3.82188682509031e-24, nan 
106.375, 64.125, 2.8824316281084775e-24, nan 
106.625, 64.125, 4.120563014891824e-24, nan 
106.875, 64.125, 6.0156898261670915e-24, nan 
107.125, 64.125, 3.507070656560221e-24, nan 
107.375, 64.125, 3.0132457708850224e-24, nan 
107.625, 64.125, 4.0221733214529155e-24, nan 
107.875, 64.125, 7.6431388590418e-24, nan 
108.125, 64.125, 9.405862161694947e-24, nan 
108.375, 64.125, 8.745043590224277e-24, nan 
108.625, 64.125, 1.0050641398000936e-23, nan 
108.875, 64.125, 1.5555175465037144e-23, nan 
109.125, 64.125, 1.4550534224631224e-23, nan 
109.375, 64.125, 1.00352084445077e-23, nan 
109.625, 64.125, 1.0953257364053468e-23, nan 
109.875, 64.125, 1.2688364801297514e-23, nan 
110.125, 64.125, 8.818186302583582e-24, nan 
110.375, 64.125, 5.239876702644003e-24, nan 
110.625, 64.125, 1.2371439649882855e-23, nan 
110.875, 64.125, 8.300307527339183e-24, nan 
111.125, 64.125, 6.343712192291124e-24, nan 
111.375, 64.125, 9.028631500874509e-24, nan 
111.625, 64.125, 7.780497124495077e-24, nan 
111.875, 64.125, 3.719858184811247e-24, nan 
112.125, 64.125, 4.3265935493343235e-24, nan 
112.375, 64.125, 6.778443288024992e-24, nan 
112.625, 64.125, 2.378136190048871e-24, nan 
112.875, 64.125, 5.803775873310135e-24, nan 
113.125, 64.125, 3.780703502620823e-24, nan 
113.375, 64.125, 3.573924177989891e-24, nan 
113.625, 64.125, 1.3151788037003444e-24, nan 
113.875, 64.125, 2.389212262149271e-24, nan 
114.125, 64.125, 3.0366755935159285e-24, nan 
114.375, 64.125, 3.7617431667980755e-24, nan 
114.625, 64.125, 5.667923461589012e-24, nan 
114.875, 64.125, 7.285397212041866e-24, nan 
115.125, 64.125, 1.0762918390479385e-23, nan 
115.375, 64.125, 2.7688465161930276e-23, nan 
115.625, 64.125, 2.807489077724328e-23, nan 
115.875, 64.125, 3.0332574967840564e-23, nan 
116.125, 64.125, 2.819479057874571e-23, nan 
116.375, 64.125, 2.5909684483285596e-23, nan 
116.625, 64.125, 1.782691714427334e-23, nan 
116.875, 64.125, 1.4652461846629835e-23, nan 
117.125, 64.125, 1.3076175111162279e-23, nan 
117.375, 64.125, 1.3772424972587892e-23, nan 
117.625, 64.125, 1.1730102892191384e-23, nan 
117.875, 64.125, 2.7185595611622177e-23, nan 
118.125, 64.125, 3.1329462066031965e-23, nan 
118.375, 64.125, 3.8285108710375315e-23, nan 
118.625, 64.125, 2.402530771210963e-23, nan 
118.875, 64.125, 2.74758903652177e-23, nan 
119.125, 64.125, 3.0866353324700904e-23, nan 
119.375, 64.125, 3.675177267389603e-23, nan 
119.625, 64.125, 3.200704358820704e-23, nan 
119.875, 64.125, 1.803099301760381e-23, nan 
120.125, 64.125, 2.235037913720906e-23, nan 
120.375, 64.125, 2.663365283296297e-23, nan 
120.625, 64.125, 2.4006797206220154e-23, nan 
120.875, 64.125, 1.676504169460466e-23, nan 
121.125, 64.125, 2.2920876811078276e-23, nan 
121.375, 64.125, 2.097456480449422e-23, nan 
121.625, 64.125, 1.4516349970936766e-23, nan 
121.875, 64.125, 1.2622118864777168e-23, nan 
122.125, 64.125, 1.093923116862446e-23, nan 
122.375, 64.125, 1.050759677509193e-23, nan 
122.625, 64.125, 6.97269067977895e-24, nan 
122.875, 64.125, 7.963160045463577e-24, nan 
123.125, 64.125, 4.959383206826049e-24, nan 
123.375, 64.125, 6.496862766721714e-24, nan 
123.625, 64.125, 5.829990477183923e-24, nan 
123.875, 64.125, 2.1198694755158527e-24, nan 
124.125, 64.125, 5.383226257321808e-24, nan 
124.375, 64.125, 1.535781125423187e-23, nan 
124.625, 64.125, 1.2867008452369928e-23, nan 
124.875, 64.125, 9.566279515375163e-24, nan 
125.125, 64.125, 1.5544365172265037e-23, nan 
125.375, 64.125, 1.4246584679704056e-23, nan 
125.625, 64.125, 1.3755459607524567e-23, nan 
125.875, 64.125, 1.0847379563460601e-23, nan 
126.125, 64.125, 6.002427634903015e-24, nan 
126.375, 64.125, 8.896968463043855e-24, nan 
126.625, 64.125, 7.599853977574197e-24, nan 
126.875, 64.125, 9.820941222885952e-24, nan 
127.125, 64.125, 1.4626633213903793e-23, nan 
127.375, 64.125, 8.196922035272287e-24, nan 
127.625, 64.125, 2.0166396489180896e-23, nan 
127.875, 64.125, 3.317689734455356e-23, nan 
128.125, 64.125, 2.387106564868385e-23, nan 
128.375, 64.125, 2.8682927041185076e-23, nan 
128.625, 64.125, 4.5350209353303315e-23, nan 
128.875, 64.125, 4.054424952494632e-23, nan 
129.125, 64.125, 1.9133577800306294e-23, nan 
129.375, 64.125, 3.194305625892139e-23, nan 
129.625, 64.125, 3.8790091155086276e-23, nan 
129.875, 64.125, 2.759908958772389e-23, nan 
130.125, 64.125, 1.9316863737858685e-23, nan 
130.375, 64.125, 1.5520178756112206e-23, nan 
130.625, 64.125, 2.5997973677082268e-23, nan 
130.875, 64.125, 2.0740072769941215e-23, nan 
131.125, 64.125, 2.63786529791214e-23, nan 
131.375, 64.125, 3.035240283991365e-23, nan 
131.625, 64.125, 3.370565022165418e-23, nan 
131.875, 64.125, 4.492331510511149e-23, nan 
132.125, 64.125, 3.800835283832444e-23, nan 
132.375, 64.125, 3.822910109965226e-23, nan 
132.625, 64.125, 4.218694002360344e-23, nan 
132.875, 64.125, 2.5923873932453783e-23, nan 
133.125, 64.125, 2.5995351643773397e-23, nan 
133.375, 64.125, 3.3571170242832566e-23, nan 
133.625, 64.125, 3.3380094315459553e-23, nan 
133.875, 64.125, 2.490101335247196e-23, nan 
134.125, 64.125, 1.6000891291983825e-23, nan 
134.375, 64.125, 1.6002413073820182e-23, nan 
134.625, 64.125, 2.97205177629728e-23, nan 
134.875, 64.125, 4.0104883465236233e-23, nan 
135.125, 64.125, 5.631823111358383e-23, nan 
135.375, 64.125, 4.641587746986417e-23, nan 
135.625, 64.125, 5.0579173790072106e-23, nan 
135.875, 64.125, 6.970778380516775e-23, nan 
136.125, 64.125, 6.136377507972471e-23, nan 
136.375, 64.125, 4.164352335972263e-23, nan 
136.625, 64.125, 3.957268126333951e-23, nan 
136.875, 64.125, 5.659012911682926e-23, nan 
137.125, 64.125, 4.4396970590665336e-23, nan 
137.375, 64.125, 3.5699522392566686e-23, nan 
137.625, 64.125, 5.140419980102371e-23, nan 
137.875, 64.125, 6.025985141368786e-23, nan 
138.125, 64.125, 4.816743009073313e-23, nan 
138.375, 64.125, 4.3801842392797235e-23, nan 
138.625, 64.125, 5.0647877023898864e-23, nan 
138.875, 64.125, 4.9151532771185654e-23, nan 
139.125, 64.125, 2.9589396685123896e-23, nan 
139.375, 64.125, 4.9846768807366537e-23, nan 
139.625, 64.125, 4.6801603807940394e-23, nan 
139.875, 64.125, 4.221310832436256e-23, nan 
140.125, 64.125, 5.982150136060106e-23, nan 
140.375, 64.125, 6.486069524398809e-23, nan 
140.625, 64.125, 3.4191509527276884e-23, nan 
140.875, 64.125, 4.731904023459212e-23, nan 
141.125, 64.125, 5.788518012013647e-23, nan 
141.375, 64.125, 5.985195336361741e-23, nan 
141.625, 64.125, 8.219046329089508e-23, nan 
141.875, 64.125, 7.09978807404783e-23, nan 
142.125, 64.125, 8.378370239352408e-23, nan 
142.375, 64.125, 1.682234895904931e-22, nan 
142.625, 64.125, 1.0024749484806893e-22, nan 
142.875, 64.125, 6.903873417973372e-23, nan 
143.125, 64.125, 1.0970391350451691e-22, nan 
143.375, 64.125, 6.17217059836219e-23, nan 
143.625, 64.125, 5.77718801797149e-23, nan 
143.875, 64.125, 5.341036731713693e-23, nan 
144.125, 64.125, 8.141968533515964e-23, nan 
144.375, 64.125, 5.66776106848786e-23, nan 
144.625, 64.125, 4.2747337870844534e-23, nan 
144.875, 64.125, 1.4173878244787344e-22, nan 
145.125, 64.125, 9.270648414613546e-23, nan 
145.375, 64.125, 5.846579671880284e-23, nan 
145.625, 64.125, 1.1667633213798714e-22, nan 
145.875, 64.125, 8.437541377121197e-23, nan 
146.125, 64.125, 6.246833755399786e-23, nan 
146.375, 64.125, 6.707293073786206e-23, nan 
146.625, 64.125, 1.0237828779063503e-22, nan 
146.875, 64.125, 1.1572900961877927e-22, nan 
147.125, 64.125, 1.5415484777544254e-22, nan 
147.375, 64.125, 1.9165381391537784e-22, nan 
147.625, 64.125, 3.1683462026153824e-22, nan 
147.875, 64.125, 3.0110007600050426e-22, nan 
148.125, 64.125, 5.079839336474568e-22, nan 
148.375, 64.125, 5.028367398728053e-22, nan 
148.625, 64.125, 5.199299536857632e-22, nan 
148.875, 64.125, 8.586630576349274e-22, nan 
149.125, 64.125, 8.212145817171477e-22, nan 
149.375, 64.125, 6.993508855220233e-22, nan 
149.625, 64.125, 4.762109526233123e-22, nan 
149.875, 64.125, 4.891022185457152e-22, nan 
150.125, 64.125, 6.827805427189712e-22, nan 
150.375, 64.125, 3.5532771283490743e-22, nan 
150.625, 64.125, 3.3228476739773674e-22, nan 
150.875, 64.125, 3.543212563575094e-22, nan 
151.125, 64.125, 5.283676779386423e-22, nan 
151.375, 64.125, 3.201176170578115e-22, nan 
151.625, 64.125, 4.827391854402749e-22, nan 
151.875, 64.125, 4.707968454037814e-22, nan 
152.125, 64.125, 3.349971456235684e-22, nan 
152.375, 64.125, 4.323224729433899e-22, nan 
152.625, 64.125, 4.679785371362446e-22, nan 
152.875, 64.125, 2.2530093165814387e-22, nan 
153.125, 64.125, 5.205562496587459e-22, nan 
153.375, 64.125, 7.196588535916284e-22, nan 
153.625, 64.125, 2.3975264064025617e-22, nan 
153.875, 64.125, 3.648880451689376e-22, nan 
154.125, 64.125, 2.47099688177005e-22, nan 
154.375, 64.125, 2.9912295851736976e-22, nan 
154.625, 64.125, 6.588481265786032e-22, nan 
154.875, 64.125, 2.4395692684557326e-22, nan 
155.125, 64.125, 6.286351391759189e-22, nan 
155.375, 64.125, 6.996001608499795e-22, nan 
155.625, 64.125, 6.086345120718927e-22, nan 
155.875, 64.125, 8.228167021966324e-22, nan 
156.125, 64.125, 1.186172157096668e-21, nan 
156.375, 64.125, 2.4948067336149805e-21, nan 
156.625, 64.125, 1.8921240572610775e-21, nan 
156.875, 64.125, 1.930351429481541e-21, nan 
157.125, 64.125, 1.9580051321158965e-21, nan 
157.375, 64.125, 1.2078259052052276e-21, nan 
157.625, 64.125, 1.33873834141359e-21, nan 
157.875, 64.125, 1.9939088758479645e-21, nan 
158.125, 64.125, 1.4950310079680807e-21, nan 
158.375, 64.125, 1.2310496038908172e-21, nan 
158.625, 64.125, 1.6269589943474248e-21, nan 
158.875, 64.125, 1.3975355573533607e-21, nan 
159.125, 64.125, 1.352682490536317e-21, nan 
159.375, 64.125, 2.0087363992708098e-21, nan 
159.625, 64.125, 2.4891968829039403e-21, nan 
159.875, 64.125, 3.6543416977625785e-21, nan 
160.125, 64.125, 2.4234891299352106e-21, nan 
160.375, 64.125, 2.5403732757221437e-21, nan 
160.625, 64.125, 3.023793008129925e-21, nan 
160.875, 64.125, 1.8947726801783507e-21, nan 
161.125, 64.125, 2.3606722173612777e-21, nan 
161.375, 64.125, 3.66732306334945e-21, nan 
161.625, 64.125, 3.0994436667305833e-21, nan 
161.875, 64.125, 2.39757515103781e-21, nan 
162.125, 64.125, 2.8117606642936974e-21, nan 
162.375, 64.125, 3.589453288673765e-21, nan 
162.625, 64.125, 2.702855696933689e-21, nan 
162.875, 64.125, 1.0926863465280545e-21, nan 
163.125, 64.125, 2.9146244677637755e-21, nan 
163.375, 64.125, 1.407484823028649e-21, nan 
163.625, 64.125, 2.701413056337192e-21, nan 
163.875, 64.125, 3.0450423409016118e-21, nan 
164.125, 64.125, 1.6032536451068932e-21, nan 
164.375, 64.125, 2.4205337625863316e-21, nan 
164.625, 64.125, 4.063935522793591e-21, nan 
164.875, 64.125, 4.333234086304816e-21, nan 
165.125, 64.125, 3.771769011940071e-21, nan 
165.375, 64.125, 3.910924757702137e-21, nan 
165.625, 64.125, 4.460701815896904e-21, nan 
165.875, 64.125, 3.3400402112572384e-21, nan 
166.125, 64.125, 2.2865382249408604e-21, nan 
166.375, 64.125, 2.867510848526783e-21, nan 
166.625, 64.125, 2.691540664860818e-21, nan 
166.875, 64.125, 2.45637056387514e-21, nan 
167.125, 64.125, 2.0736787910351814e-21, nan 
167.375, 64.125, 1.5656702208314386e-21, nan 
167.625, 64.125, 1.546147011440167e-21, nan 
167.875, 64.125, 2.208015628193092e-21, nan 
168.125, 64.125, 2.804330496372872e-21, nan 
168.375, 64.125, 1.7139512688950446e-21, nan 
168.625, 64.125, 2.2052199586207977e-21, nan 
168.875, 64.125, 1.822270502490803e-21, nan 
169.125, 64.125, 1.739441549024939e-21, nan 
169.375, 64.125, 1.7630583332020498e-21, nan 
169.625, 64.125, 3.4299469248141634e-21, nan 
169.875, 64.125, 3.582872396632996e-21, nan 
170.125, 64.125, 3.4409370762744204e-21, nan 
170.375, 64.125, 3.3145797288889276e-21, nan 
170.625, 64.125, 4.753534333078823e-21, nan 
170.875, 64.125, 4.2115444339169376e-21, nan 
171.125, 64.125, 2.7239360828402706e-21, nan 
171.375, 64.125, 2.926403804721955e-21, nan 
171.625, 64.125, 8.088816400599574e-22, nan 
171.875, 64.125, 1.2211456896394996e-21, nan 
172.125, 64.125, 1.635025174375333e-21, nan 
172.375, 64.125, 1.9017396374687533e-21, nan 
172.625, 64.125, 1.279417501842072e-21, nan 
172.875, 64.125, 1.4880051380730276e-21, nan 
173.125, 64.125, 1.8943433813458024e-21, nan 
173.375, 64.125, 1.0385954389956875e-21, nan 
173.625, 64.125, 2.3369771687901804e-21, nan 
173.875, 64.125, 1.3638673392883048e-21, nan 
174.125, 64.125, 1.5998018030550753e-21, nan 
174.375, 64.125, 1.3488672101464651e-21, nan 
174.625, 64.125, 1.8523859558841163e-21, nan 
174.875, 64.125, 3.1847749033181464e-21, nan 
175.125, 64.125, 2.6364080096471196e-21, nan 
175.375, 64.125, 1.719489603942637e-21, nan 
175.625, 64.125, 2.7640932150266756e-21, nan 
175.875, 64.125, 2.615680311296855e-21, nan 
176.125, 64.125, 1.837578342401002e-21, nan 
176.375, 64.125, 2.187076930172532e-21, nan 
176.625, 64.125, 2.0377723640869444e-21, nan 
176.875, 64.125, 2.084677748385917e-21, nan 
177.125, 64.125, 1.554073782463052e-21, nan 
177.375, 64.125, 1.6280037212107988e-21, nan 
177.625, 64.125, 2.025050830964053e-21, nan 
177.875, 64.125, 1.6630833445516158e-21, nan 
178.125, 64.125, 1.70782295062336e-21, nan 
178.375, 64.125, 1.6585306653262591e-21, nan 
178.625, 64.125, 9.76601320319707e-22, nan 
178.875, 64.125, 1.0991682382440492e-21, nan 
179.125, 64.125, 1.7540595265285587e-21, nan 
179.375, 64.125, 2.017471585167938e-21, nan 
179.625, 64.125, 1.5131419512726928e-21, nan 
179.875, 64.125, 1.1334414057568355e-21, nan 
-179.875, 64.375, 5.171656382837727e-22, nan 
-179.625, 64.375, 4.849899719309027e-22, nan 
-179.375, 64.375, 5.701965025105609e-22, nan 
-179.125, 64.375, 6.081230435478101e-22, nan 
-178.875, 64.375, 6.229432776314744e-22, nan 
-178.625, 64.375, 8.279461023203695e-22, nan 
-178.375, 64.375, 1.0525177412685866e-21, nan 
-178.125, 64.375, 5.784278200816242e-22, nan 
-177.875, 64.375, 3.7281783640392984e-22, nan 
-177.625, 64.375, 3.892875221111117e-22, nan 
-177.375, 64.375, 1.132143011189534e-22, nan 
-177.125, 64.375, 2.6445679180499696e-22, nan 
-176.875, 64.375, 2.3877568470173037e-22, nan 
-176.625, 64.375, 2.694605289507515e-22, nan 
-176.375, 64.375, 2.720630962752901e-22, nan 
-176.125, 64.375, 3.065371974826496e-22, nan 
-175.875, 64.375, 4.0581205633909487e-22, nan 
-175.625, 64.375, 3.627533395668156e-22, nan 
-175.375, 64.375, 4.334293975907147e-22, nan 
-175.125, 64.375, 3.7459172034299735e-22, nan 
-174.875, 64.375, 3.4394065931748217e-22, nan 
-174.625, 64.375, 5.76993497039552e-22, nan 
-174.375, 64.375, 4.634506497380767e-22, nan 
-174.125, 64.375, 2.524009126065225e-22, nan 
-173.875, 64.375, 4.191930660529039e-22, nan 
-173.625, 64.375, 2.2207295708385046e-22, nan 
-173.375, 64.375, 2.0947553670923986e-22, nan 
-173.125, 64.375, 1.194535084242684e-22, nan 
-172.875, 64.375, 1.1034689507354058e-22, nan 
-172.625, 64.375, 4.196813600678787e-22, nan 
-172.375, 64.375, 4.667567547298622e-22, nan 
-172.125, 64.375, 3.449995474058148e-22, nan 
-171.875, 64.375, 3.206332378720515e-22, nan 
-171.625, 64.375, 4.462453252612304e-22, nan 
-171.375, 64.375, 2.705940519144766e-22, nan 
-171.125, 64.375, 2.4964784697340067e-22, nan 
-170.875, 64.375, 1.369590098512104e-22, nan 
-170.625, 64.375, 1.349669756337483e-22, nan 
-170.375, 64.375, 1.0334038762232195e-22, nan 
-170.125, 64.375, 1.385887583451026e-22, nan 
-169.875, 64.375, 5.545812688618616e-23, nan 
-169.625, 64.375, 4.0619499771997554e-23, nan 
-169.375, 64.375, 8.064116371560318e-23, nan 
-169.125, 64.375, 6.390908635427702e-23, nan 
-168.875, 64.375, 6.3657210516111e-23, nan 
-168.625, 64.375, 8.953645648938445e-23, nan 
-168.375, 64.375, 9.073579333963468e-23, nan 
-168.125, 64.375, 1.9581626001994342e-22, nan 
-167.875, 64.375, 8.436906496208737e-23, nan 
-167.625, 64.375, 1.0913340507114542e-22, nan 
-167.375, 64.375, 9.464206586491152e-23, nan 
-167.125, 64.375, 5.129033746219791e-23, nan 
-166.875, 64.375, 3.438208403669368e-23, nan 
-166.625, 64.375, 4.301214402539157e-23, nan 
-166.375, 64.375, 7.090248643890545e-23, nan 
-166.125, 64.375, 3.995089797904001e-23, nan 
-165.875, 64.375, 4.767616796989481e-23, nan 
-165.625, 64.375, 6.191121864741095e-23, nan 
-165.375, 64.375, 5.470559670943414e-23, nan 
-165.125, 64.375, 9.046264136635415e-23, nan 
-164.875, 64.375, 5.066264748009171e-23, nan 
-164.625, 64.375, 3.0731235189881434e-23, nan 
-164.375, 64.375, 3.883195940085069e-23, nan 
-164.125, 64.375, 6.105267683477908e-23, nan 
-163.875, 64.375, 8.93927504277307e-23, nan 
-163.625, 64.375, 5.363167685170868e-23, nan 
-163.375, 64.375, 6.709735596004699e-23, nan 
-163.125, 64.375, 1.1438703702660782e-22, nan 
-162.875, 64.375, 1.5810889753448533e-22, nan 
-162.625, 64.375, 1.2427471936361688e-22, nan 
-162.375, 64.375, 1.1259115019720346e-22, nan 
-162.125, 64.375, 1.0144912433603628e-23, nan 
-161.875, 64.375, 7.420127976013478e-23, nan 
-161.625, 64.375, 8.489675627399242e-23, nan 
-161.375, 64.375, 2.463062460633433e-23, nan 
-161.125, 64.375, 6.11765436619941e-23, nan 
-160.875, 64.375, 3.288311497328132e-23, nan 
-160.625, 64.375, 2.228864542490304e-23, nan 
-160.375, 64.375, 3.498573731145811e-23, nan 
-160.125, 64.375, 2.5699418738543333e-23, nan 
-159.875, 64.375, 2.5491545441422987e-23, nan 
-159.625, 64.375, 4.089425053667314e-23, nan 
-159.375, 64.375, 4.6911885033650027e-23, nan 
-159.125, 64.375, 4.6474961337942656e-23, nan 
-158.875, 64.375, 3.1942036421195097e-23, nan 
-158.625, 64.375, 5.171416495973767e-23, nan 
-158.375, 64.375, 4.6566801631317913e-23, nan 
-158.125, 64.375, 3.388972667831036e-23, nan 
-157.875, 64.375, 2.065575277875291e-23, nan 
-157.625, 64.375, 4.222122411232373e-23, nan 
-157.375, 64.375, 4.397085503153328e-23, nan 
-157.125, 64.375, 2.4693307160840443e-23, nan 
-156.875, 64.375, 3.226756564531668e-23, nan 
-156.625, 64.375, 3.2167922578146423e-23, nan 
-156.375, 64.375, 4.029749754151149e-23, nan 
-156.125, 64.375, 2.2083835997340497e-23, nan 
-155.875, 64.375, 2.3197218724716085e-23, nan 
-155.625, 64.375, 2.877424702051967e-23, nan 
-155.375, 64.375, 2.1451518778026277e-23, nan 
-155.125, 64.375, 1.2695255881887385e-23, nan 
-154.875, 64.375, 2.707572324329307e-23, nan 
-154.625, 64.375, 3.571126546725132e-23, nan 
-154.375, 64.375, 2.0311829234366344e-23, nan 
-154.125, 64.375, 5.430241757166775e-23, nan 
-153.875, 64.375, 6.610052481118522e-23, nan 
-153.625, 64.375, 4.246513427726092e-23, nan 
-153.375, 64.375, 3.0184527275724896e-23, nan 
-153.125, 64.375, 3.432678079941445e-23, nan 
-152.875, 64.375, 2.4788092596164305e-23, nan 
-152.625, 64.375, 3.088288142770132e-23, nan 
-152.375, 64.375, 3.5210408767334503e-23, nan 
-152.125, 64.375, 3.9494081582304083e-23, nan 
-151.875, 64.375, 3.619212094866969e-23, nan 
-151.625, 64.375, 3.5349622050905933e-23, nan 
-151.375, 64.375, 3.58177408422364e-23, nan 
-151.125, 64.375, 2.8805101872658296e-23, nan 
-150.875, 64.375, 1.79603781623631e-23, nan 
-150.625, 64.375, 1.8601734080229378e-23, nan 
-150.375, 64.375, 2.665984532144157e-23, nan 
-150.125, 64.375, 1.8140073267322344e-23, nan 
-149.875, 64.375, 2.0798657370167676e-23, nan 
-149.625, 64.375, 4.977719370398266e-24, nan 
-149.375, 64.375, 1.703030607231046e-23, nan 
-149.125, 64.375, 2.1927865468364524e-23, nan 
-148.875, 64.375, 2.1880422694066877e-23, nan 
-148.625, 64.375, 2.5249706120370127e-23, nan 
-148.375, 64.375, 8.049709732784369e-24, nan 
-148.125, 64.375, 8.28597131317497e-24, nan 
-147.875, 64.375, 1.8375913915846653e-23, nan 
-147.625, 64.375, 2.0653386241447258e-23, nan 
-147.375, 64.375, 1.911535953767298e-23, nan 
-147.125, 64.375, 2.243799212759054e-23, nan 
-146.875, 64.375, 1.6958756319426426e-23, nan 
-146.625, 64.375, 8.171610968923127e-24, nan 
-146.375, 64.375, 8.724961719782759e-24, nan 
-146.125, 64.375, 9.146766798329359e-24, nan 
-145.875, 64.375, 2.0215977131050758e-23, nan 
-145.625, 64.375, 1.8270991263233915e-23, nan 
-145.375, 64.375, 1.436850063221614e-23, nan 
-145.125, 64.375, 2.6658516076651345e-23, nan 
-144.875, 64.375, 2.0294872394334285e-23, nan 
-144.625, 64.375, 1.7931266586557515e-23, nan 
-144.375, 64.375, 9.581837742032823e-24, nan 
-144.125, 64.375, 6.933921527692294e-24, nan 
-143.875, 64.375, 1.621409523998915e-23, nan 
-143.625, 64.375, 9.964921027679362e-24, nan 
-143.375, 64.375, 1.0091819603510095e-23, nan 
-143.125, 64.375, 8.2265515740564e-24, nan 
-142.875, 64.375, 8.801719414616181e-24, nan 
-142.625, 64.375, 1.2467398442453498e-23, nan 
-142.375, 64.375, 9.158921017050137e-24, nan 
-142.125, 64.375, 4.147100072934158e-24, nan 
-141.875, 64.375, 1.1679054708998884e-23, nan 
-141.625, 64.375, 5.989659845576469e-24, nan 
-141.375, 64.375, 1.1014900142845496e-23, nan 
-141.125, 64.375, 8.090125981716063e-24, nan 
-140.875, 64.375, 1.954422181276386e-23, nan 
-140.625, 64.375, 3.263656333855356e-23, nan 
-140.375, 64.375, 4.575318359079566e-23, nan 
-140.125, 64.375, 3.4111097094540634e-23, nan 
-139.875, 64.375, 4.679589392509944e-23, nan 
-139.625, 64.375, 2.6640657863572806e-23, nan 
-139.375, 64.375, 3.0739677340607496e-23, nan 
-139.125, 64.375, 2.9408738405584724e-23, nan 
-138.875, 64.375, 2.035235128006052e-23, nan 
-138.625, 64.375, 1.5907185057039913e-23, nan 
-138.375, 64.375, 1.520191089186216e-23, nan 
-138.125, 64.375, 9.465243849456014e-24, nan 
-137.875, 64.375, 4.782802262309416e-24, nan 
-137.625, 64.375, 1.6070086439860243e-23, nan 
-137.375, 64.375, 1.0467633868464399e-23, nan 
-137.125, 64.375, 1.328639456143862e-23, nan 
-136.875, 64.375, 1.0747524831109206e-23, nan 
-136.625, 64.375, 7.715422834758861e-24, nan 
-136.375, 64.375, 1.5049284703450645e-23, nan 
-136.125, 64.375, 1.434415202046236e-23, nan 
-135.875, 64.375, 1.7331802865759383e-23, nan 
-135.625, 64.375, 1.3312620534490244e-23, nan 
-135.375, 64.375, 2.0539766306971503e-23, nan 
-135.125, 64.375, 9.12244624050093e-24, nan 
-134.875, 64.375, 1.0633097563014029e-23, nan 
-134.625, 64.375, 9.732778645630011e-24, nan 
-134.375, 64.375, 1.0917810580777601e-23, nan 
-134.125, 64.375, 1.5968560350064568e-23, nan 
-133.875, 64.375, 2.0554820270662454e-23, nan 
-133.625, 64.375, 1.731917890231671e-23, nan 
-133.375, 64.375, 1.5517701516812845e-23, nan 
-133.125, 64.375, 1.7415170971196157e-23, nan 
-132.875, 64.375, 7.792173017681394e-24, nan 
-132.625, 64.375, 7.5110630204947e-24, nan 
-132.375, 64.375, 4.898112491454128e-24, nan 
-132.125, 64.375, 4.323337208612502e-24, nan 
-131.875, 64.375, 4.930560957279069e-24, nan 
-131.625, 64.375, 6.462171725009557e-24, nan 
-131.375, 64.375, 6.102130666939687e-24, nan 
-131.125, 64.375, 6.2360907541249645e-24, nan 
-130.875, 64.375, 7.594400038646284e-24, nan 
-130.625, 64.375, 1.00063894330716e-23, nan 
-130.375, 64.375, 1.264018036973665e-23, nan 
-130.125, 64.375, 1.534859270912168e-23, nan 
-129.875, 64.375, 1.5698339517039573e-23, nan 
-129.625, 64.375, 1.9729764056010097e-23, nan 
-129.375, 64.375, 1.9411369149549867e-23, nan 
-129.125, 64.375, 1.594814563567922e-23, nan 
-128.875, 64.375, 1.558652209718775e-23, nan 
-128.625, 64.375, 1.6347803584718774e-23, nan 
-128.375, 64.375, 1.4497038552854662e-23, nan 
-128.125, 64.375, 9.098027432296255e-24, nan 
-127.875, 64.375, 5.632231288179281e-24, nan 
-127.625, 64.375, 8.979853756443739e-24, nan 
-127.375, 64.375, 7.488839983483276e-24, nan 
-127.125, 64.375, 6.848305181957301e-24, nan 
-126.875, 64.375, 8.211999374360966e-24, nan 
-126.625, 64.375, 6.850816036250556e-24, nan 
-126.375, 64.375, 1.027911793615266e-23, nan 
-126.125, 64.375, 6.798240463559638e-24, nan 
-125.875, 64.375, 6.027995164028011e-24, nan 
-125.625, 64.375, 3.903617690593762e-24, nan 
-125.375, 64.375, 6.174658365539056e-24, nan 
-125.125, 64.375, 6.700315450177504e-24, nan 
97.125, 64.375, 1.192908853992068e-23, nan 
97.375, 64.375, 1.2299106718500641e-23, nan 
97.625, 64.375, 1.436106306946043e-23, nan 
97.875, 64.375, 1.3314585226253544e-23, nan 
98.125, 64.375, 7.182442332537461e-24, nan 
98.375, 64.375, 5.958415464220869e-24, nan 
98.625, 64.375, 1.1274091497585195e-23, nan 
98.875, 64.375, 1.8651054181086835e-23, nan 
99.125, 64.375, 1.151494074061535e-23, nan 
99.375, 64.375, 1.0793456019628477e-23, nan 
99.625, 64.375, 1.6388723398784377e-23, nan 
99.875, 64.375, 1.2245538536102353e-23, nan 
100.125, 64.375, 8.133151993389491e-24, nan 
100.375, 64.375, 9.508451073112825e-24, nan 
100.625, 64.375, 9.980740586978921e-24, nan 
100.875, 64.375, 7.745265462380522e-24, nan 
101.125, 64.375, 3.92556449788362e-24, nan 
101.375, 64.375, 4.421812820972462e-24, nan 
101.625, 64.375, 4.147433731780187e-24, nan 
101.875, 64.375, 5.475025557489915e-24, nan 
102.125, 64.375, 1.1655662189522925e-23, nan 
102.375, 64.375, 9.593286564365442e-24, nan 
102.625, 64.375, 7.833065429292468e-24, nan 
102.875, 64.375, 1.2243586111243592e-23, nan 
103.125, 64.375, 1.1791608267161152e-23, nan 
103.375, 64.375, 4.3061512781809884e-24, nan 
103.625, 64.375, 9.343711858429172e-24, nan 
103.875, 64.375, 1.1149101987336517e-23, nan 
104.125, 64.375, 1.8523181358744422e-23, nan 
104.375, 64.375, 8.048438267003184e-24, nan 
104.625, 64.375, 8.25382341747482e-24, nan 
104.875, 64.375, 1.304477025724082e-23, nan 
105.125, 64.375, 5.220247513076457e-24, nan 
105.375, 64.375, 3.944972792412839e-24, nan 
105.625, 64.375, 5.464642147697852e-24, nan 
105.875, 64.375, 2.6698014259704892e-24, nan 
106.125, 64.375, 3.0756733864346774e-24, nan 
106.375, 64.375, 3.086629207632417e-24, nan 
106.625, 64.375, 3.475229487958185e-24, nan 
106.875, 64.375, 7.465539312386297e-24, nan 
107.125, 64.375, 5.638373246557252e-24, nan 
107.375, 64.375, 3.563947549093589e-24, nan 
107.625, 64.375, 4.961263942200132e-24, nan 
107.875, 64.375, 5.469604315856461e-24, nan 
108.125, 64.375, 1.290084016151647e-23, nan 
108.375, 64.375, 8.497427310641446e-24, nan 
108.625, 64.375, 6.823809063056286e-24, nan 
108.875, 64.375, 1.798832915684017e-23, nan 
109.125, 64.375, 1.3653373282812626e-23, nan 
109.375, 64.375, 1.0768701530748223e-23, nan 
109.625, 64.375, 1.3346285953695646e-23, nan 
109.875, 64.375, 1.2414337978575227e-23, nan 
110.125, 64.375, 1.0290154537342295e-23, nan 
110.375, 64.375, 7.03015782739187e-24, nan 
110.625, 64.375, 8.978223929562395e-24, nan 
110.875, 64.375, 5.9157739055959236e-24, nan 
111.125, 64.375, 5.06172851893286e-24, nan 
111.375, 64.375, 2.5122165048012514e-24, nan 
111.625, 64.375, 3.956822450533805e-24, nan 
111.875, 64.375, 2.451349292439621e-24, nan 
112.125, 64.375, 6.4306430240005274e-24, nan 
112.375, 64.375, 5.309058619486834e-24, nan 
112.625, 64.375, 3.5263671070477125e-24, nan 
112.875, 64.375, 3.622653726870953e-24, nan 
113.125, 64.375, 4.6815228086907046e-24, nan 
113.375, 64.375, 2.1621720036966403e-24, nan 
113.625, 64.375, 3.310046331396114e-24, nan 
113.875, 64.375, 3.937428226801928e-24, nan 
114.125, 64.375, 3.9993529671441776e-24, nan 
114.375, 64.375, 4.606322354755809e-24, nan 
114.625, 64.375, 2.8850958641280375e-24, nan 
114.875, 64.375, 7.474031902618767e-24, nan 
115.125, 64.375, 6.526331849253895e-24, nan 
115.375, 64.375, 7.593875247612003e-24, nan 
115.625, 64.375, 1.0158653725683002e-23, nan 
115.875, 64.375, 1.3135615959732061e-23, nan 
116.125, 64.375, 1.906947439821021e-23, nan 
116.375, 64.375, 1.7231627502344725e-23, nan 
116.625, 64.375, 1.5271311928335353e-23, nan 
116.875, 64.375, 1.600121365118729e-23, nan 
117.125, 64.375, 3.2247550455851416e-23, nan 
117.375, 64.375, 3.2325723167488445e-23, nan 
117.625, 64.375, 2.823396783978701e-23, nan 
117.875, 64.375, 3.737736093710711e-23, nan 
118.125, 64.375, 3.9143273232420836e-23, nan 
118.375, 64.375, 4.82068046010882e-23, nan 
118.625, 64.375, 3.0628779921121256e-23, nan 
118.875, 64.375, 1.7998325560346032e-23, nan 
119.125, 64.375, 2.760866174891988e-23, nan 
119.375, 64.375, 3.8815621932936286e-23, nan 
119.625, 64.375, 3.146593447845399e-23, nan 
119.875, 64.375, 1.4376688936626602e-23, nan 
120.125, 64.375, 1.6330168302229455e-23, nan 
120.375, 64.375, 1.8305194224351122e-23, nan 
120.625, 64.375, 1.8173730451615155e-23, nan 
120.875, 64.375, 1.3022325677745181e-23, nan 
121.125, 64.375, 1.6396797453084955e-23, nan 
121.375, 64.375, 1.6395596350646092e-23, nan 
121.625, 64.375, 1.4883459313870975e-23, nan 
121.875, 64.375, 1.1964831812055272e-23, nan 
122.125, 64.375, 9.007892322709029e-24, nan 
122.375, 64.375, 6.24716214350631e-24, nan 
122.625, 64.375, 3.134329118253769e-24, nan 
122.875, 64.375, 5.6491360709207454e-24, nan 
123.125, 64.375, 3.400413552422919e-24, nan 
123.375, 64.375, 5.115767690865373e-24, nan 
123.625, 64.375, 1.2383201319355676e-23, nan 
123.875, 64.375, 1.0598233557822419e-23, nan 
124.125, 64.375, 3.3556857603327986e-24, nan 
124.375, 64.375, 1.3911609086463155e-23, nan 
124.625, 64.375, 1.2706336399128868e-23, nan 
124.875, 64.375, 1.4610871041237214e-23, nan 
125.125, 64.375, 1.2525346920835229e-23, nan 
125.375, 64.375, 1.4289260966834282e-23, nan 
125.625, 64.375, 8.512936671305623e-24, nan 
125.875, 64.375, 1.2654396426276029e-23, nan 
126.125, 64.375, 1.2678385863578224e-23, nan 
126.375, 64.375, 1.0910351772193721e-23, nan 
126.625, 64.375, 8.015426802987457e-24, nan 
126.875, 64.375, 1.2451077667179267e-23, nan 
127.125, 64.375, 1.671280463102439e-23, nan 
127.375, 64.375, 6.480926234624861e-24, nan 
127.625, 64.375, 2.342254888767882e-23, nan 
127.875, 64.375, 2.668310321585128e-23, nan 
128.125, 64.375, 3.2347476937408377e-23, nan 
128.375, 64.375, 3.205358007762615e-23, nan 
128.625, 64.375, 3.6791963611199093e-23, nan 
128.875, 64.375, 2.345402803169359e-23, nan 
129.125, 64.375, 2.2450205338094227e-23, nan 
129.375, 64.375, 2.62042105783772e-23, nan 
129.625, 64.375, 2.1702363763942394e-23, nan 
129.875, 64.375, 1.4265734121762727e-23, nan 
130.125, 64.375, 1.7052068664824477e-23, nan 
130.375, 64.375, 1.8756077188163877e-23, nan 
130.625, 64.375, 1.389909121479386e-23, nan 
130.875, 64.375, 1.3296019883275188e-23, nan 
131.125, 64.375, 1.7948216407700977e-23, nan 
131.375, 64.375, 1.4482902516719424e-23, nan 
131.625, 64.375, 3.8130106331258037e-23, nan 
131.875, 64.375, 5.979156375605647e-23, nan 
132.125, 64.375, 4.361503568128439e-23, nan 
132.375, 64.375, 5.383591158885465e-23, nan 
132.625, 64.375, 5.030416842085637e-23, nan 
132.875, 64.375, 1.748429944594592e-23, nan 
133.125, 64.375, 3.179585562063376e-23, nan 
133.375, 64.375, 4.3475852304847884e-23, nan 
133.625, 64.375, 4.2010902608077404e-23, nan 
133.875, 64.375, 3.407095064584445e-23, nan 
134.125, 64.375, 3.2957181844254173e-23, nan 
134.375, 64.375, 4.052417135786351e-23, nan 
134.625, 64.375, 4.058400995703321e-23, nan 
134.875, 64.375, 5.843625148078577e-23, nan 
135.125, 64.375, 5.27133285965665e-23, nan 
135.375, 64.375, 3.608403106370368e-23, nan 
135.625, 64.375, 6.544069265164409e-23, nan 
135.875, 64.375, 7.413734205005959e-23, nan 
136.125, 64.375, 3.733226991616088e-23, nan 
136.375, 64.375, 4.850479319382872e-23, nan 
136.625, 64.375, 4.0527505738699375e-23, nan 
136.875, 64.375, 6.07738837031109e-23, nan 
137.125, 64.375, 6.365804498024522e-23, nan 
137.375, 64.375, 2.4479804923589111e-23, nan 
137.625, 64.375, 9.97789040254549e-23, nan 
137.875, 64.375, 9.317066376464351e-23, nan 
138.125, 64.375, 3.8877061374805754e-23, nan 
138.375, 64.375, 6.86578648568555e-23, nan 
138.625, 64.375, 6.673441581120582e-23, nan 
138.875, 64.375, 3.3309844075483774e-23, nan 
139.125, 64.375, 3.4553472240793907e-23, nan 
139.375, 64.375, 6.073160285022748e-23, nan 
139.625, 64.375, 2.8769934566067237e-23, nan 
139.875, 64.375, 4.755512596101139e-23, nan 
140.125, 64.375, 6.430530926338984e-23, nan 
140.375, 64.375, 4.680587047861092e-23, nan 
140.625, 64.375, 1.979066862531735e-23, nan 
140.875, 64.375, 4.807575370592009e-23, nan 
141.125, 64.375, 5.277056832831675e-23, nan 
141.375, 64.375, 7.483716377114153e-23, nan 
141.625, 64.375, 3.496744761165897e-23, nan 
141.875, 64.375, 7.95984838022461e-23, nan 
142.125, 64.375, 1.0640836735691998e-22, nan 
142.375, 64.375, 1.2054701237595146e-22, nan 
142.625, 64.375, 1.0496987846177521e-22, nan 
142.875, 64.375, 7.953922139292802e-23, nan 
143.125, 64.375, 5.581215032231376e-23, nan 
143.375, 64.375, 5.669388865079623e-23, nan 
143.625, 64.375, 5.546886714829626e-23, nan 
143.875, 64.375, 6.408558771147963e-23, nan 
144.125, 64.375, 8.462801313203688e-23, nan 
144.375, 64.375, 7.276309855729684e-23, nan 
144.625, 64.375, 7.36953078310406e-23, nan 
144.875, 64.375, 9.870299809143297e-23, nan 
145.125, 64.375, 1.3538473985246733e-22, nan 
145.375, 64.375, 5.960985840585004e-23, nan 
145.625, 64.375, 1.4073017756747648e-22, nan 
145.875, 64.375, 1.3476566746086347e-22, nan 
146.125, 64.375, 1.5650664366530115e-22, nan 
146.375, 64.375, 1.2311295880505405e-22, nan 
146.625, 64.375, 1.5549388751651582e-22, nan 
146.875, 64.375, 1.7124137682020717e-22, nan 
147.125, 64.375, 8.745829881242942e-23, nan 
147.375, 64.375, 1.555176328657814e-22, nan 
147.625, 64.375, 2.0162576237944496e-22, nan 
147.875, 64.375, 1.8176512503530622e-22, nan 
148.125, 64.375, 2.492481684774228e-22, nan 
148.375, 64.375, 3.2672875593971896e-22, nan 
148.625, 64.375, 5.29035545994901e-22, nan 
148.875, 64.375, 6.34038539310615e-22, nan 
149.125, 64.375, 6.494384476009749e-22, nan 
149.375, 64.375, 4.777322916351583e-22, nan 
149.625, 64.375, 4.79537321407189e-22, nan 
149.875, 64.375, 4.360459421836886e-22, nan 
150.125, 64.375, 2.3394561838132554e-22, nan 
150.375, 64.375, 7.542924961882963e-22, nan 
150.625, 64.375, 7.111091322141926e-22, nan 
150.875, 64.375, 2.5273404182922794e-22, nan 
151.125, 64.375, 1.5784642613867968e-21, nan 
151.375, 64.375, 1.1209588697190122e-21, nan 
151.625, 64.375, 6.168360553186895e-22, nan 
151.875, 64.375, 7.410323627948774e-22, nan 
152.125, 64.375, 7.278924987805577e-22, nan 
152.375, 64.375, 7.6073232353176e-22, nan 
152.625, 64.375, 8.858690174025338e-22, nan 
152.875, 64.375, 4.487801220073034e-22, nan 
153.125, 64.375, 7.433278019926987e-22, nan 
153.375, 64.375, 1.5922052755716746e-21, nan 
153.625, 64.375, 7.274444941491197e-22, nan 
153.875, 64.375, 4.0965301729242613e-22, nan 
154.125, 64.375, 7.448156224660601e-22, nan 
154.375, 64.375, 4.819595741324931e-22, nan 
154.625, 64.375, 3.935553768901353e-22, nan 
154.875, 64.375, 3.1343688873044907e-22, nan 
155.125, 64.375, 7.645528796245802e-22, nan 
155.375, 64.375, 5.27144942867121e-22, nan 
155.625, 64.375, 7.661135796190952e-22, nan 
155.875, 64.375, 6.854931750644026e-22, nan 
156.125, 64.375, 1.4073471226137023e-21, nan 
156.375, 64.375, 1.6763092736780863e-21, nan 
156.625, 64.375, 2.4218436696124907e-21, nan 
156.875, 64.375, 2.683448015465011e-21, nan 
157.125, 64.375, 2.413609311177697e-21, nan 
157.375, 64.375, 2.7940835549439744e-21, nan 
157.625, 64.375, 3.0883727164823445e-21, nan 
157.875, 64.375, 3.119528068947483e-21, nan 
158.125, 64.375, 2.308971686616419e-21, nan 
158.375, 64.375, 1.1476274006151441e-21, nan 
158.625, 64.375, 1.7902724569625967e-21, nan 
158.875, 64.375, 1.7778448276657315e-21, nan 
159.125, 64.375, 1.506361795583518e-21, nan 
159.375, 64.375, 2.08381141015516e-21, nan 
159.625, 64.375, 3.0877338748926403e-21, nan 
159.875, 64.375, 3.079685388507258e-21, nan 
160.125, 64.375, 2.4370253199077207e-21, nan 
160.375, 64.375, 2.3948891318980842e-21, nan 
160.625, 64.375, 1.935350490718685e-21, nan 
160.875, 64.375, 1.620470016876309e-21, nan 
161.125, 64.375, 1.8357237953920033e-21, nan 
161.375, 64.375, 2.2751164087721595e-21, nan 
161.625, 64.375, 2.5017084511939194e-21, nan 
161.875, 64.375, 2.097663093407003e-21, nan 
162.125, 64.375, 1.1779779425283758e-21, nan 
162.375, 64.375, 9.298273177545416e-22, nan 
162.625, 64.375, 6.211003764075916e-22, nan 
162.875, 64.375, 1.705411475628404e-21, nan 
163.125, 64.375, 2.182230369953721e-21, nan 
163.375, 64.375, 1.3833038264225848e-21, nan 
163.625, 64.375, 2.9491781159166948e-21, nan 
163.875, 64.375, 1.408675810423222e-21, nan 
164.125, 64.375, 1.454974400763386e-21, nan 
164.375, 64.375, 3.981583354769258e-21, nan 
164.625, 64.375, 4.552785161025116e-21, nan 
164.875, 64.375, 4.1670954307319285e-21, nan 
165.125, 64.375, 4.7874297997610375e-21, nan 
165.375, 64.375, 4.829991687433244e-21, nan 
165.625, 64.375, 4.875226823473407e-21, nan 
165.875, 64.375, 2.8643817338590407e-21, nan 
166.125, 64.375, 2.861499684673576e-21, nan 
166.375, 64.375, 3.812174161950687e-21, nan 
166.625, 64.375, 3.5547023916546474e-21, nan 
166.875, 64.375, 2.864121357230877e-21, nan 
167.125, 64.375, 2.5862109097071267e-21, nan 
167.375, 64.375, 2.5077229631575548e-21, nan 
167.625, 64.375, 2.3563714693016627e-21, nan 
167.875, 64.375, 2.360162053720352e-21, nan 
168.125, 64.375, 3.0948735358436106e-21, nan 
168.375, 64.375, 2.3161536103783157e-21, nan 
168.625, 64.375, 1.1612823466855626e-21, nan 
168.875, 64.375, 1.1744532545789105e-21, nan 
169.125, 64.375, 1.5553425769527694e-21, nan 
169.375, 64.375, 1.7908323975346816e-21, nan 
169.625, 64.375, 2.3332769138314115e-21, nan 
169.875, 64.375, 3.092645088740718e-21, nan 
170.125, 64.375, 2.5534298605084686e-21, nan 
170.375, 64.375, 2.7279467551287045e-21, nan 
170.625, 64.375, 2.2547872298360852e-21, nan 
170.875, 64.375, 2.1681623326563014e-21, nan 
171.125, 64.375, 1.8185219205911728e-21, nan 
171.375, 64.375, 1.4480844092683933e-21, nan 
171.625, 64.375, 1.6409115052784921e-21, nan 
171.875, 64.375, 1.4174961552056658e-21, nan 
172.125, 64.375, 1.7696925811782953e-21, nan 
172.375, 64.375, 2.3789469060435394e-21, nan 
172.625, 64.375, 1.7450666959476045e-21, nan 
172.875, 64.375, 1.673633953506974e-21, nan 
173.125, 64.375, 2.0180590111353135e-21, nan 
173.375, 64.375, 1.1359450051851366e-21, nan 
173.625, 64.375, 1.2247045024478109e-21, nan 
173.875, 64.375, 1.3694895409649736e-21, nan 
174.125, 64.375, 1.7417602699894567e-21, nan 
174.375, 64.375, 1.0088736792147624e-21, nan 
174.625, 64.375, 2.5120293281070425e-21, nan 
174.875, 64.375, 5.102107148346867e-21, nan 
175.125, 64.375, 4.2603084975690925e-21, nan 
175.375, 64.375, 3.4334507294363365e-21, nan 
175.625, 64.375, 4.632747237662757e-21, nan 
175.875, 64.375, 3.821632348555541e-21, nan 
176.125, 64.375, 2.5623450240251024e-21, nan 
176.375, 64.375, 1.8042477227204997e-21, nan 
176.625, 64.375, 2.0499526524975865e-21, nan 
176.875, 64.375, 1.942899400868246e-21, nan 
177.125, 64.375, 2.5217532836225363e-21, nan 
177.375, 64.375, 2.368043661857684e-21, nan 
177.625, 64.375, 2.593606153448492e-21, nan 
177.875, 64.375, 2.2843823529076015e-21, nan 
178.125, 64.375, 3.338135464097903e-21, nan 
178.375, 64.375, 1.8819784509915026e-21, nan 
178.625, 64.375, 1.9430062284517022e-21, nan 
178.875, 64.375, 1.0276727006634147e-21, nan 
179.125, 64.375, 1.6549183447850217e-21, nan 
179.375, 64.375, 1.3176471479147348e-21, nan 
179.625, 64.375, 4.496322401900164e-22, nan 
179.875, 64.375, 8.023791473493053e-22, nan 
-179.875, 64.625, 1.550724680020239e-21, nan 
-179.625, 64.625, 9.675932912785924e-22, nan 
-179.375, 64.625, 5.3391172233309105e-22, nan 
-179.125, 64.625, 7.415467749609641e-22, nan 
-178.875, 64.625, 9.384419943159159e-22, nan 
-178.625, 64.625, 8.349262800513993e-22, nan 
-178.375, 64.625, 1.2170318457992023e-21, nan 
-178.125, 64.625, 1.0599910762648974e-21, nan 
-177.875, 64.625, 9.69964236173484e-22, nan 
-177.625, 64.625, 6.672611506143054e-22, nan 
-177.375, 64.625, 5.231696542698154e-22, nan 
-177.125, 64.625, 6.549304984921158e-22, nan 
-176.875, 64.625, 6.774867793271097e-22, nan 
-176.625, 64.625, 6.682755029479016e-22, nan 
-176.375, 64.625, 3.0916600488900397e-22, nan 
-176.125, 64.625, 4.7459282381093795e-22, nan 
-175.875, 64.625, 4.942313332692503e-22, nan 
-175.625, 64.625, 3.8812577561418403e-22, nan 
-175.375, 64.625, 4.306763309039617e-22, nan 
-175.125, 64.625, 4.678840941411798e-22, nan 
-174.875, 64.625, 4.384573163565854e-22, nan 
-174.625, 64.625, 4.853050188817849e-22, nan 
-174.375, 64.625, 5.20488657772892e-22, nan 
-174.125, 64.625, 2.9305640846789e-22, nan 
-173.875, 64.625, 3.7746880769816683e-22, nan 
-173.625, 64.625, 2.9511160616084674e-22, nan 
-173.375, 64.625, 2.9502314008466055e-22, nan 
-173.125, 64.625, 3.9655993113395687e-22, nan 
-172.875, 64.625, 3.0724374594279263e-22, nan 
-172.625, 64.625, 4.021392688963315e-22, nan 
-172.375, 64.625, 4.206408660192341e-22, nan 
-172.125, 64.625, 3.4106708326829606e-22, nan 
-171.875, 64.625, 2.2635422448573296e-22, nan 
-171.625, 64.625, 7.24626544362969e-23, nan 
-171.375, 64.625, 1.0869881114589583e-22, nan 
-171.125, 64.625, 1.0052416407661479e-22, nan 
-170.875, 64.625, 1.0753445985500342e-22, nan 
-170.625, 64.625, 1.546334329276774e-22, nan 
-170.375, 64.625, 8.459402532520416e-23, nan 
-170.125, 64.625, 7.042658366032386e-23, nan 
-169.875, 64.625, 1.050104371370654e-22, nan 
-169.625, 64.625, 3.128595145022029e-23, nan 
-169.375, 64.625, 6.526433147317488e-23, nan 
-169.125, 64.625, 1.5698492087915433e-22, nan 
-168.875, 64.625, 1.758296598811044e-22, nan 
-168.625, 64.625, 6.917597633615375e-23, nan 
-168.375, 64.625, 2.0117806465960655e-22, nan 
-168.125, 64.625, 3.0011399930143127e-22, nan 
-167.875, 64.625, 8.709837139161661e-23, nan 
-167.625, 64.625, 1.541573928425345e-22, nan 
-167.375, 64.625, 1.5145180698875796e-22, nan 
-167.125, 64.625, 8.881618100436243e-23, nan 
-166.875, 64.625, 7.310239798900577e-23, nan 
-166.625, 64.625, 7.272907335471475e-23, nan 
-166.375, 64.625, 7.091710422183893e-23, nan 
-166.125, 64.625, 2.803351117805293e-23, nan 
-165.875, 64.625, 6.320165449220359e-23, nan 
-165.625, 64.625, 7.006618890775277e-23, nan 
-165.375, 64.625, 7.397900887357399e-23, nan 
-165.125, 64.625, 1.1554737165236413e-22, nan 
-164.875, 64.625, 6.075993260081827e-23, nan 
-164.625, 64.625, 6.894697531786119e-23, nan 
-164.375, 64.625, 8.602425868129133e-23, nan 
-164.125, 64.625, 9.241507160906294e-23, nan 
-163.875, 64.625, 1.5312693447728353e-22, nan 
-163.625, 64.625, 1.5786384883373152e-22, nan 
-163.375, 64.625, 1.1358566841180383e-22, nan 
-163.125, 64.625, 1.7293597759380718e-22, nan 
-162.875, 64.625, 2.936578777544498e-22, nan 
-162.625, 64.625, 9.855902387301635e-23, nan 
-162.375, 64.625, 9.700461717110588e-23, nan 
-162.125, 64.625, 1.2485017048597396e-22, nan 
-161.875, 64.625, 5.666812495806763e-23, nan 
-161.625, 64.625, 5.533598516387908e-23, nan 
-161.375, 64.625, 2.862567057503204e-23, nan 
-161.125, 64.625, 5.350412172314169e-23, nan 
-160.875, 64.625, 4.989574153349622e-23, nan 
-160.625, 64.625, 1.623927885265337e-23, nan 
-160.375, 64.625, 1.5153007870094474e-23, nan 
-160.125, 64.625, 2.5730145855868726e-23, nan 
-159.875, 64.625, 2.5550201241199266e-23, nan 
-159.625, 64.625, 3.703041166685188e-23, nan 
-159.375, 64.625, 3.512097760980895e-23, nan 
-159.125, 64.625, 5.566026343744439e-23, nan 
-158.875, 64.625, 4.240383713395527e-23, nan 
-158.625, 64.625, 4.2076510394504695e-23, nan 
-158.375, 64.625, 7.738027975235475e-23, nan 
-158.125, 64.625, 4.2895785492891775e-23, nan 
-157.875, 64.625, 2.1460959626019224e-23, nan 
-157.625, 64.625, 4.228861691836183e-23, nan 
-157.375, 64.625, 4.547643655157072e-23, nan 
-157.125, 64.625, 2.383894435150677e-23, nan 
-156.875, 64.625, 2.305481174150517e-23, nan 
-156.625, 64.625, 3.580884930590506e-23, nan 
-156.375, 64.625, 3.921692806861059e-23, nan 
-156.125, 64.625, 2.5624455109661415e-23, nan 
-155.875, 64.625, 3.376397474443912e-23, nan 
-155.625, 64.625, 2.8429375382816636e-23, nan 
-155.375, 64.625, 2.272337763568373e-23, nan 
-155.125, 64.625, 2.3170735821357605e-23, nan 
-154.875, 64.625, 2.5458775864724595e-23, nan 
-154.625, 64.625, 3.6134235598874755e-23, nan 
-154.375, 64.625, 2.3497370203456773e-23, nan 
-154.125, 64.625, 2.736179203545225e-23, nan 
-153.875, 64.625, 2.813195299353864e-23, nan 
-153.625, 64.625, 1.0758282243915157e-23, nan 
-153.375, 64.625, 1.4269319478443055e-23, nan 
-153.125, 64.625, 1.9899234570315975e-23, nan 
-152.875, 64.625, 1.652657403272054e-23, nan 
-152.625, 64.625, 1.4441818724201873e-23, nan 
-152.375, 64.625, 2.9421238272622484e-23, nan 
-152.125, 64.625, 6.070004090210546e-23, nan 
-151.875, 64.625, 5.882285453079075e-23, nan 
-151.625, 64.625, 4.4132596450630963e-23, nan 
-151.375, 64.625, 6.761653931163288e-23, nan 
-151.125, 64.625, 5.697007464405739e-23, nan 
-150.875, 64.625, 1.3875920938042655e-22, nan 
-150.625, 64.625, 3.8733765229288583e-22, nan 
-150.375, 64.625, 2.7764631640899305e-22, nan 
-150.125, 64.625, 4.5188407346978396e-23, nan 
-149.875, 64.625, 2.2574955865823226e-23, nan 
-149.625, 64.625, 2.851433470870019e-23, nan 
-149.375, 64.625, 3.423524570567601e-23, nan 
-149.125, 64.625, 2.599149299014672e-23, nan 
-148.875, 64.625, 3.504197149110788e-23, nan 
-148.625, 64.625, 3.0230524545487353e-23, nan 
-148.375, 64.625, 3.1091015007319663e-23, nan 
-148.125, 64.625, 3.271611027147296e-23, nan 
-147.875, 64.625, 1.8561743367344285e-23, nan 
-147.625, 64.625, 2.0423832599710254e-23, nan 
-147.375, 64.625, 1.8391202680276227e-23, nan 
-147.125, 64.625, 2.1974701303986294e-23, nan 
-146.875, 64.625, 2.989351302871196e-23, nan 
-146.625, 64.625, 2.859123193890789e-23, nan 
-146.375, 64.625, 1.3843548419252292e-23, nan 
-146.125, 64.625, 9.168151462199934e-24, nan 
-145.875, 64.625, 1.6669199165858513e-23, nan 
-145.625, 64.625, 9.629655767561279e-24, nan 
-145.375, 64.625, 1.3639013046517945e-23, nan 
-145.125, 64.625, 2.0926296762733307e-23, nan 
-144.875, 64.625, 2.214957907995652e-23, nan 
-144.625, 64.625, 2.8622671149403796e-23, nan 
-144.375, 64.625, 1.9872767598348035e-23, nan 
-144.125, 64.625, 2.0152459214891068e-23, nan 
-143.875, 64.625, 4.1592616572228705e-23, nan 
-143.625, 64.625, 3.9080173761421404e-23, nan 
-143.375, 64.625, 1.6727844477681978e-23, nan 
-143.125, 64.625, 1.2017152716566248e-23, nan 
-142.875, 64.625, 1.1001102990997447e-23, nan 
-142.625, 64.625, 1.010366874167223e-23, nan 
-142.375, 64.625, 8.899785210681943e-24, nan 
-142.125, 64.625, 1.1574932943718723e-23, nan 
-141.875, 64.625, 1.1786758603434167e-23, nan 
-141.625, 64.625, 5.833818019428475e-24, nan 
-141.375, 64.625, 9.687555286476281e-24, nan 
-141.125, 64.625, 1.201344759503455e-23, nan 
-140.875, 64.625, 9.736080993910501e-24, nan 
-140.625, 64.625, 1.37511422682403e-23, nan 
-140.375, 64.625, 2.761841889649925e-23, nan 
-140.125, 64.625, 3.044317202893967e-23, nan 
-139.875, 64.625, 4.2516172682648455e-23, nan 
-139.625, 64.625, 2.960283117763158e-23, nan 
-139.375, 64.625, 3.512456829367287e-23, nan 
-139.125, 64.625, 3.3622412046944006e-23, nan 
-138.875, 64.625, 2.889833877132081e-23, nan 
-138.625, 64.625, 2.1769842419262592e-23, nan 
-138.375, 64.625, 9.82235800994922e-24, nan 
-138.125, 64.625, 1.1301815387162022e-23, nan 
-137.875, 64.625, 1.2445965808231624e-23, nan 
-137.625, 64.625, 9.157269504855756e-24, nan 
-137.375, 64.625, 1.2419522377342084e-23, nan 
-137.125, 64.625, 1.6208187414565696e-23, nan 
-136.875, 64.625, 1.1424939051274056e-23, nan 
-136.625, 64.625, 1.2429054227180147e-23, nan 
-136.375, 64.625, 1.6986228275677165e-23, nan 
-136.125, 64.625, 1.4365275605256765e-23, nan 
-135.875, 64.625, 2.0553333199523418e-23, nan 
-135.625, 64.625, 1.2387890374158844e-23, nan 
-135.375, 64.625, 2.462932111428662e-23, nan 
-135.125, 64.625, 1.2184332575827529e-23, nan 
-134.875, 64.625, 1.4302192972384568e-23, nan 
-134.625, 64.625, 1.6136284089103075e-23, nan 
-134.375, 64.625, 9.048916817375722e-24, nan 
-134.125, 64.625, 8.259368522557126e-24, nan 
-133.875, 64.625, 7.703689830415819e-24, nan 
-133.625, 64.625, 1.4852585005190696e-23, nan 
-133.375, 64.625, 1.620569858135733e-23, nan 
-133.125, 64.625, 1.916992880854921e-23, nan 
-132.875, 64.625, 1.6919061096372114e-23, nan 
-132.625, 64.625, 1.5691891014634176e-23, nan 
-132.375, 64.625, 1.7059394541158952e-23, nan 
-132.125, 64.625, 1.2019047356452344e-23, nan 
-131.875, 64.625, 1.2195695037062434e-23, nan 
-131.625, 64.625, 4.636994048035852e-24, nan 
-131.375, 64.625, 5.891150614516237e-24, nan 
-131.125, 64.625, 7.052173635856088e-24, nan 
-130.875, 64.625, 8.490475952224895e-24, nan 
-130.625, 64.625, 9.886186389597506e-24, nan 
-130.375, 64.625, 9.415795879438585e-24, nan 
-130.125, 64.625, 9.985044485698902e-24, nan 
-129.875, 64.625, 8.162676201327401e-24, nan 
-129.625, 64.625, 8.947216641077231e-24, nan 
-129.375, 64.625, 1.0036013285107233e-23, nan 
-129.125, 64.625, 1.0923179524849933e-23, nan 
-128.875, 64.625, 1.5261395765419312e-23, nan 
-128.625, 64.625, 1.6846722675424742e-23, nan 
-128.375, 64.625, 1.566753951067668e-23, nan 
-128.125, 64.625, 1.374736680841482e-23, nan 
-127.875, 64.625, 1.3595973944446403e-23, nan 
-127.625, 64.625, 1.1871907062038352e-23, nan 
-127.375, 64.625, 1.0050105445414426e-23, nan 
-127.125, 64.625, 8.58809211854046e-24, nan 
-126.875, 64.625, 1.1718647091087051e-23, nan 
-126.625, 64.625, 1.5341046428489871e-23, nan 
-126.375, 64.625, 1.445449551468324e-23, nan 
-126.125, 64.625, 1.518026450012726e-23, nan 
-125.875, 64.625, 1.4205223156846366e-23, nan 
-125.625, 64.625, 8.492450616924851e-24, nan 
-125.375, 64.625, 8.332900533196003e-24, nan 
-125.125, 64.625, 6.084730403935111e-24, nan 
-124.875, 64.625, 3.631173633455816e-24, nan 
96.875, 64.625, 1.8273656678891655e-23, nan 
97.125, 64.625, 9.585085760469477e-24, nan 
97.375, 64.625, 1.1686401879030887e-23, nan 
97.625, 64.625, 2.2287725993425407e-23, nan 
97.875, 64.625, 1.6841116714892246e-23, nan 
98.125, 64.625, 6.162822793479908e-24, nan 
98.375, 64.625, 1.2734389323750897e-23, nan 
98.625, 64.625, 1.279572586599917e-23, nan 
98.875, 64.625, 1.4133903454267485e-23, nan 
99.125, 64.625, 1.0175715224155574e-23, nan 
99.375, 64.625, 7.901420183611275e-24, nan 
99.625, 64.625, 7.721823411019269e-24, nan 
99.875, 64.625, 6.035425592085631e-24, nan 
100.125, 64.625, 5.168258596067066e-24, nan 
100.375, 64.625, 7.857379993228206e-24, nan 
100.625, 64.625, 8.419750601456153e-24, nan 
100.875, 64.625, 6.1477866177703816e-24, nan 
101.125, 64.625, 4.188718550605609e-24, nan 
101.375, 64.625, 7.299793536460615e-24, nan 
101.625, 64.625, 5.3668330673260784e-24, nan 
101.875, 64.625, 3.537334203197633e-24, nan 
102.125, 64.625, 4.735560613231478e-24, nan 
102.375, 64.625, 5.525729965284029e-24, nan 
102.625, 64.625, 2.821693096362198e-24, nan 
102.875, 64.625, 9.801824808539065e-24, nan 
103.125, 64.625, 1.1317183588982083e-23, nan 
103.375, 64.625, 8.054807005862569e-24, nan 
103.625, 64.625, 7.586243491772847e-24, nan 
103.875, 64.625, 8.929261588693643e-24, nan 
104.125, 64.625, 1.373855510461417e-23, nan 
104.375, 64.625, 7.513694726835222e-24, nan 
104.625, 64.625, 5.68035209516795e-24, nan 
104.875, 64.625, 5.0854198333640665e-24, nan 
105.125, 64.625, 2.8856228929096928e-24, nan 
105.375, 64.625, 4.342547411567433e-24, nan 
105.625, 64.625, 6.5660040446922875e-24, nan 
105.875, 64.625, 2.4749256749911256e-24, nan 
106.125, 64.625, 3.524880371718261e-24, nan 
106.375, 64.625, 4.4285693571124404e-24, nan 
106.625, 64.625, 2.3888455597611485e-24, nan 
106.875, 64.625, 3.882387754110917e-24, nan 
107.125, 64.625, 4.459796800121537e-24, nan 
107.375, 64.625, 6.475256262510309e-25, nan 
107.625, 64.625, 4.335810788745058e-24, nan 
107.875, 64.625, 4.110652298367138e-24, nan 
108.125, 64.625, 8.530678016363277e-24, nan 
108.375, 64.625, 8.060217438473742e-24, nan 
108.625, 64.625, 6.767465450272788e-24, nan 
108.875, 64.625, 1.1125010301791948e-23, nan 
109.125, 64.625, 1.2219245625115536e-23, nan 
109.375, 64.625, 1.293862099509875e-23, nan 
109.625, 64.625, 1.1680420106787383e-23, nan 
109.875, 64.625, 1.3098479103661867e-23, nan 
110.125, 64.625, 1.243439056358959e-23, nan 
110.375, 64.625, 1.0202926526849813e-23, nan 
110.625, 64.625, 9.402490173849432e-24, nan 
110.875, 64.625, 7.167686067731891e-24, nan 
111.125, 64.625, 2.8210876465012468e-24, nan 
111.375, 64.625, 4.944861229622633e-24, nan 
111.625, 64.625, 3.256945023063275e-24, nan 
111.875, 64.625, 2.8547815466688112e-24, nan 
112.125, 64.625, 8.857011540355738e-24, nan 
112.375, 64.625, 6.54120227055284e-24, nan 
112.625, 64.625, 5.4880456992503804e-24, nan 
112.875, 64.625, 6.4217356668937265e-24, nan 
113.125, 64.625, 7.484113546794942e-24, nan 
113.375, 64.625, 5.1670421337459914e-24, nan 
113.625, 64.625, 6.290896593282077e-24, nan 
113.875, 64.625, 5.174983218092648e-24, nan 
114.125, 64.625, 4.3819099634494785e-24, nan 
114.375, 64.625, 5.9053174614544785e-24, nan 
114.625, 64.625, 3.590184140664577e-24, nan 
114.875, 64.625, 5.559482880226914e-24, nan 
115.125, 64.625, 5.267657160147243e-24, nan 
115.375, 64.625, 5.0668285629496694e-24, nan 
115.625, 64.625, 3.5686887508464405e-24, nan 
115.875, 64.625, 1.1807240870077994e-23, nan 
116.125, 64.625, 9.569191363484081e-24, nan 
116.375, 64.625, 1.2165952695239936e-23, nan 
116.625, 64.625, 2.165676145462673e-23, nan 
116.875, 64.625, 2.3083363978791314e-23, nan 
117.125, 64.625, 2.790369279976836e-23, nan 
117.375, 64.625, 3.528937794324345e-23, nan 
117.625, 64.625, 3.1774625824631756e-23, nan 
117.875, 64.625, 2.5627243305584345e-23, nan 
118.125, 64.625, 2.7505101166315413e-23, nan 
118.375, 64.625, 2.9931482183116597e-23, nan 
118.625, 64.625, 2.8842421964298644e-23, nan 
118.875, 64.625, 1.3772540672368084e-23, nan 
119.125, 64.625, 1.6746530732732897e-23, nan 
119.375, 64.625, 2.095721336277786e-23, nan 
119.625, 64.625, 1.765956008942883e-23, nan 
119.875, 64.625, 1.2219100120875716e-23, nan 
120.125, 64.625, 8.335557456454561e-24, nan 
120.375, 64.625, 1.3439569599104816e-23, nan 
120.625, 64.625, 1.1788187619555155e-23, nan 
120.875, 64.625, 1.5686306810388825e-23, nan 
121.125, 64.625, 1.0975323863096022e-23, nan 
121.375, 64.625, 1.3579595115190537e-23, nan 
121.625, 64.625, 1.2345861257141241e-23, nan 
121.875, 64.625, 6.934994461685337e-24, nan 
122.125, 64.625, 9.668508478063411e-24, nan 
122.375, 64.625, 6.033318780655381e-24, nan 
122.625, 64.625, 3.432573175624921e-24, nan 
122.875, 64.625, 8.741715636405202e-24, nan 
123.125, 64.625, 1.0010747237059736e-23, nan 
123.375, 64.625, 3.939560604464127e-24, nan 
123.625, 64.625, 1.714031111784995e-23, nan 
123.875, 64.625, 3.1156047807527256e-23, nan 
124.125, 64.625, 2.8709812776693004e-23, nan 
124.375, 64.625, 2.5313828354757116e-23, nan 
124.625, 64.625, 2.39536372852691e-23, nan 
124.875, 64.625, 2.1616263728418928e-23, nan 
125.125, 64.625, 7.562817481580271e-24, nan 
125.375, 64.625, 1.2029324099193074e-23, nan 
125.625, 64.625, 1.4814019202420416e-23, nan 
125.875, 64.625, 1.3385289513221467e-23, nan 
126.125, 64.625, 1.1772958223514728e-23, nan 
126.375, 64.625, 6.683676174566074e-24, nan 
126.625, 64.625, 1.0206382719319521e-23, nan 
126.875, 64.625, 1.692438475903996e-23, nan 
127.125, 64.625, 1.0223886077006524e-23, nan 
127.375, 64.625, 2.5097108649473345e-23, nan 
127.625, 64.625, 2.986389192690955e-23, nan 
127.875, 64.625, 2.673837258161423e-23, nan 
128.125, 64.625, 4.303991851286847e-23, nan 
128.375, 64.625, 3.4552597504448885e-23, nan 
128.625, 64.625, 3.375105759955771e-23, nan 
128.875, 64.625, 2.3111365255562508e-23, nan 
129.125, 64.625, 2.3879185429149598e-23, nan 
129.375, 64.625, 2.767352986482165e-23, nan 
129.625, 64.625, 1.7798362811013875e-23, nan 
129.875, 64.625, 1.2821219512739253e-23, nan 
130.125, 64.625, 2.6097823365896864e-23, nan 
130.375, 64.625, 1.4958298888801203e-23, nan 
130.625, 64.625, 1.4940186596977049e-23, nan 
130.875, 64.625, 2.5421528456542155e-23, nan 
131.125, 64.625, 3.607979062428408e-23, nan 
131.375, 64.625, 3.8455501819028704e-23, nan 
131.625, 64.625, 5.214687750468275e-23, nan 
131.875, 64.625, 5.857705837785172e-23, nan 
132.125, 64.625, 5.696327229047946e-23, nan 
132.375, 64.625, 3.211678453529123e-23, nan 
132.625, 64.625, 2.1655445155122037e-23, nan 
132.875, 64.625, 2.266029131574009e-23, nan 
133.125, 64.625, 3.6960458422507936e-23, nan 
133.375, 64.625, 6.11967311338249e-23, nan 
133.625, 64.625, 4.089909577148388e-23, nan 
133.875, 64.625, 4.1497381937472513e-23, nan 
134.125, 64.625, 5.619141767607349e-23, nan 
134.375, 64.625, 4.567596269035965e-23, nan 
134.625, 64.625, 3.78345101986283e-23, nan 
134.875, 64.625, 4.3205902779979067e-23, nan 
135.125, 64.625, 2.0887721349289904e-23, nan 
135.375, 64.625, 5.766017139280282e-23, nan 
135.625, 64.625, 5.805858211063369e-23, nan 
135.875, 64.625, 4.688427042374765e-23, nan 
136.125, 64.625, 3.541103985495808e-23, nan 
136.375, 64.625, 2.86054152041528e-23, nan 
136.625, 64.625, 1.3487230175913412e-23, nan 
136.875, 64.625, 3.441721822978885e-23, nan 
137.125, 64.625, 4.322582882493416e-23, nan 
137.375, 64.625, 2.954048897377982e-23, nan 
137.625, 64.625, 7.061922916128558e-23, nan 
137.875, 64.625, 7.341530744283123e-23, nan 
138.125, 64.625, 4.466064596686351e-23, nan 
138.375, 64.625, 3.912566642517698e-23, nan 
138.625, 64.625, 4.2426213551836336e-23, nan 
138.875, 64.625, 3.800193089273238e-23, nan 
139.125, 64.625, 5.843249764536039e-23, nan 
139.375, 64.625, 5.882600849514345e-23, nan 
139.625, 64.625, 3.898836927838279e-23, nan 
139.875, 64.625, 5.62811718245563e-23, nan 
140.125, 64.625, 6.703833368625281e-23, nan 
140.375, 64.625, 3.6132868969541446e-23, nan 
140.625, 64.625, 9.970551633458428e-24, nan 
140.875, 64.625, 3.878089099515608e-23, nan 
141.125, 64.625, 3.574206875775509e-23, nan 
141.375, 64.625, 4.733025283871237e-23, nan 
141.625, 64.625, 1.9450518199070955e-23, nan 
141.875, 64.625, 7.197834191560455e-23, nan 
142.125, 64.625, 6.276804280717783e-23, nan 
142.375, 64.625, 4.342353844744414e-23, nan 
142.625, 64.625, 6.753939719500477e-23, nan 
142.875, 64.625, 2.727816830337348e-23, nan 
143.125, 64.625, 8.88402172491977e-23, nan 
143.375, 64.625, 4.2589467298853304e-23, nan 
143.625, 64.625, 5.654885509932823e-23, nan 
143.875, 64.625, 6.178293933555324e-23, nan 
144.125, 64.625, 1.3844141041081997e-22, nan 
144.375, 64.625, 1.9216639256319343e-22, nan 
144.625, 64.625, 1.111197159952894e-22, nan 
144.875, 64.625, 2.511193881925088e-22, nan 
145.125, 64.625, 3.684699736471277e-22, nan 
145.375, 64.625, 1.0108928357292334e-22, nan 
145.625, 64.625, 1.9133783632751152e-22, nan 
145.875, 64.625, 2.582496297094826e-22, nan 
146.125, 64.625, 1.7497392400043865e-22, nan 
146.375, 64.625, 1.267433898594222e-22, nan 
146.625, 64.625, 1.335168007231321e-22, nan 
146.875, 64.625, 1.8860490787451016e-22, nan 
147.125, 64.625, 1.9592373611642768e-22, nan 
147.375, 64.625, 2.4045058987461465e-22, nan 
147.625, 64.625, 2.9384013780018634e-22, nan 
147.875, 64.625, 3.5536243147677767e-22, nan 
148.125, 64.625, 3.6278709841198727e-22, nan 
148.375, 64.625, 3.235892416137496e-22, nan 
148.625, 64.625, 4.62578634398353e-22, nan 
148.875, 64.625, 4.141874610387913e-22, nan 
149.125, 64.625, 4.881636168371017e-22, nan 
149.375, 64.625, 5.40984964824959e-22, nan 
149.625, 64.625, 4.551842020913943e-22, nan 
149.875, 64.625, 4.1053962000609595e-22, nan 
150.125, 64.625, 1.6415317803156234e-22, nan 
150.375, 64.625, 2.175047875509694e-22, nan 
150.625, 64.625, 3.3505565277601055e-22, nan 
150.875, 64.625, 3.4701733976912626e-22, nan 
151.125, 64.625, 1.2523074383432844e-21, nan 
151.375, 64.625, 9.56315214877243e-22, nan 
151.625, 64.625, 4.72392405712339e-22, nan 
151.875, 64.625, 4.693300370972733e-22, nan 
152.125, 64.625, 6.538513263740473e-22, nan 
152.375, 64.625, 7.535474653488785e-22, nan 
152.625, 64.625, 6.836866289658788e-22, nan 
152.875, 64.625, 6.33673920763215e-22, nan 
153.125, 64.625, 8.434334860848929e-22, nan 
153.375, 64.625, 1.3200655707145856e-21, nan 
153.625, 64.625, 9.081710513778645e-22, nan 
153.875, 64.625, 6.038983490974849e-22, nan 
154.125, 64.625, 6.69760646586705e-22, nan 
154.375, 64.625, 3.803800488503971e-22, nan 
154.625, 64.625, 4.523286293215523e-22, nan 
154.875, 64.625, 1.0504451454867526e-21, nan 
155.125, 64.625, 1.5433707155971819e-21, nan 
155.375, 64.625, 2.0967721144975812e-21, nan 
155.625, 64.625, 4.371294730609059e-21, nan 
155.875, 64.625, 1.9865852314752446e-21, nan 
156.125, 64.625, 1.817212242605138e-21, nan 
156.375, 64.625, 1.6837489130520146e-21, nan 
156.625, 64.625, 1.3796913666524053e-21, nan 
156.875, 64.625, 1.5207407707263244e-21, nan 
157.125, 64.625, 1.7824476596223073e-21, nan 
157.375, 64.625, 2.953831161520048e-21, nan 
157.625, 64.625, 3.506932934829134e-21, nan 
157.875, 64.625, 2.9706200519638794e-21, nan 
158.125, 64.625, 2.7200506883579792e-21, nan 
158.375, 64.625, 2.912388435151422e-21, nan 
158.625, 64.625, 3.677988890215844e-21, nan 
158.875, 64.625, 2.366554387879845e-21, nan 
159.125, 64.625, 2.467829089055237e-21, nan 
159.375, 64.625, 3.395916309555838e-21, nan 
159.625, 64.625, 3.511022747872995e-21, nan 
159.875, 64.625, 2.347960617676274e-21, nan 
160.125, 64.625, 2.0394986120892422e-21, nan 
160.375, 64.625, 1.8378095305756355e-21, nan 
160.625, 64.625, 2.0646386753860645e-21, nan 
160.875, 64.625, 1.882093667987779e-21, nan 
161.125, 64.625, 2.1376188211051393e-21, nan 
161.375, 64.625, 1.9653373549648012e-21, nan 
161.625, 64.625, 1.969130289573036e-21, nan 
161.875, 64.625, 1.924113598140449e-21, nan 
162.125, 64.625, 1.2276171111857662e-21, nan 
162.375, 64.625, 1.1631748456433193e-21, nan 
162.625, 64.625, 1.0151481410006854e-21, nan 
162.875, 64.625, 1.4639063675863364e-21, nan 
163.125, 64.625, 1.436711731934448e-21, nan 
163.375, 64.625, 1.0208411775051197e-21, nan 
163.625, 64.625, 1.1680752310955924e-21, nan 
163.875, 64.625, 8.715920637517334e-22, nan 
164.125, 64.625, 8.365302141023371e-22, nan 
164.375, 64.625, 4.426789881526816e-21, nan 
164.625, 64.625, 4.916983595693242e-21, nan 
164.875, 64.625, 3.80567523752751e-21, nan 
165.125, 64.625, 5.43745681770826e-21, nan 
165.375, 64.625, 5.6222914199779416e-21, nan 
165.625, 64.625, 4.971330025633393e-21, nan 
165.875, 64.625, 4.000224838181926e-21, nan 
166.125, 64.625, 3.771164218759949e-21, nan 
166.375, 64.625, 3.876581666657148e-21, nan 
166.625, 64.625, 4.321224790943859e-21, nan 
166.875, 64.625, 3.591273048657758e-21, nan 
167.125, 64.625, 3.1306092389707137e-21, nan 
167.375, 64.625, 2.953814857885477e-21, nan 
167.625, 64.625, 2.989681177003676e-21, nan 
167.875, 64.625, 2.233808358769814e-21, nan 
168.125, 64.625, 8.46001843889542e-22, nan 
168.375, 64.625, 4.782111942488431e-22, nan 
168.625, 64.625, 1.1402334255083824e-21, nan 
168.875, 64.625, 6.71891588908778e-22, nan 
169.125, 64.625, 1.086170214440928e-21, nan 
169.375, 64.625, 2.4360705080006125e-21, nan 
169.625, 64.625, 2.100439849942058e-21, nan 
169.875, 64.625, 2.199268340648793e-21, nan 
170.125, 64.625, 3.375523851808759e-21, nan 
170.375, 64.625, 2.31164375219988e-21, nan 
170.625, 64.625, 1.1204903476688847e-21, nan 
170.875, 64.625, 2.1300580267876664e-21, nan 
171.125, 64.625, 2.184515512545144e-21, nan 
171.375, 64.625, 1.722832260847291e-21, nan 
171.625, 64.625, 2.3222894853209183e-21, nan 
171.875, 64.625, 1.4708680230331156e-21, nan 
172.125, 64.625, 1.9089417147845245e-21, nan 
172.375, 64.625, 2.7130656836373407e-21, nan 
172.625, 64.625, 2.1137851308174566e-21, nan 
172.875, 64.625, 1.715115309911638e-21, nan 
173.125, 64.625, 2.2332643759930894e-21, nan 
173.375, 64.625, 1.705594094647642e-21, nan 
173.625, 64.625, 1.0392570482579291e-21, nan 
173.875, 64.625, 1.9254157809315618e-21, nan 
174.125, 64.625, 6.926164763743901e-22, nan 
174.375, 64.625, 7.433430170048132e-22, nan 
174.625, 64.625, 2.5414746161463472e-21, nan 
174.875, 64.625, 2.5014141681253725e-21, nan 
175.125, 64.625, 3.906394719841635e-21, nan 
175.375, 64.625, 4.0918166068003046e-21, nan 
175.625, 64.625, 3.319041135534084e-21, nan 
175.875, 64.625, 3.878309787979067e-21, nan 
176.125, 64.625, 3.3640872652427803e-21, nan 
176.375, 64.625, 2.638720159392758e-21, nan 
176.625, 64.625, 2.3606914375235663e-21, nan 
176.875, 64.625, 3.318385569858081e-21, nan 
177.125, 64.625, 4.4661658542626944e-21, nan 
177.375, 64.625, 6.282022520986714e-21, nan 
177.625, 64.625, 1.507697107713174e-20, nan 
177.875, 64.625, 2.808068650947149e-20, nan 
178.125, 64.625, 2.6558206350689373e-20, nan 
178.375, 64.625, 4.589857012522977e-21, nan 
178.625, 64.625, 4.078931060324146e-21, nan 
178.875, 64.625, 3.7677035500467786e-21, nan 
179.125, 64.625, 2.505185307893694e-21, nan 
179.375, 64.625, 1.6812108505598503e-21, nan 
179.625, 64.625, 7.350076872712966e-22, nan 
179.875, 64.625, 1.9113725604953767e-21, nan 
-179.875, 64.875, 1.0467222302246787e-21, nan 
-179.625, 64.875, 1.4093382830431223e-21, nan 
-179.375, 64.875, 1.224226010616458e-21, nan 
-179.125, 64.875, 4.416871936869894e-22, nan 
-178.875, 64.875, 9.65646409613092e-22, nan 
-178.625, 64.875, 1.4156847717051267e-21, nan 
-178.375, 64.875, 7.225035306662216e-22, nan 
-178.125, 64.875, 9.917308943947672e-22, nan 
-177.875, 64.875, 1.2747292922654648e-21, nan 
-177.625, 64.875, 9.280604669933515e-22, nan 
-177.375, 64.875, 5.844190108621899e-22, nan 
-177.125, 64.875, 7.302380730936422e-22, nan 
-176.875, 64.875, 1.3186663428629329e-21, nan 
-176.625, 64.875, 1.048094743500036e-21, nan 
-176.375, 64.875, 4.629010721213603e-22, nan 
-176.125, 64.875, 6.813679417691803e-22, nan 
-175.875, 64.875, 7.4452480895526065e-22, nan 
-175.625, 64.875, 3.3514340471279567e-22, nan 
-175.375, 64.875, 3.561430003615033e-22, nan 
-175.125, 64.875, 4.961706908030443e-22, nan 
-174.875, 64.875, 4.1532987681555544e-22, nan 
-174.625, 64.875, 9.431651594935333e-23, nan 
-174.375, 64.875, 3.401084840576678e-22, nan 
-174.125, 64.875, 1.4157201851415566e-22, nan 
-173.875, 64.875, 1.493148577542851e-22, nan 
-173.625, 64.875, 3.898688398539815e-22, nan 
-173.375, 64.875, 2.5164218601867652e-22, nan 
-173.125, 64.875, 3.518909524823856e-22, nan 
-172.875, 64.875, 2.6787026221787774e-22, nan 
-172.625, 64.875, 6.389289499631273e-23, nan 
-172.375, 64.875, 1.0068011028694884e-22, nan 
-172.125, 64.875, 1.4726929014258503e-22, nan 
-171.875, 64.875, 9.413790090045189e-23, nan 
-171.625, 64.875, 9.605260788440342e-23, nan 
-171.375, 64.875, 1.4796369388757284e-22, nan 
-171.125, 64.875, 1.0889842561946727e-22, nan 
-170.875, 64.875, 7.954670818559375e-23, nan 
-170.625, 64.875, 1.456747583804154e-22, nan 
-170.375, 64.875, 8.553886038296679e-23, nan 
-170.125, 64.875, 5.575500137159959e-23, nan 
-169.875, 64.875, 6.408259795458867e-23, nan 
-169.625, 64.875, 4.059865385102096e-23, nan 
-169.375, 64.875, 5.829488034849038e-23, nan 
-169.125, 64.875, 5.789722427283435e-23, nan 
-168.875, 64.875, 4.3656917320115335e-23, nan 
-168.625, 64.875, 2.3190491579652498e-23, nan 
-168.375, 64.875, 1.1058338247552337e-22, nan 
-168.125, 64.875, 1.661638238513499e-22, nan 
-167.875, 64.875, 1.445017344980576e-22, nan 
-167.625, 64.875, 6.020374600073919e-23, nan 
-167.375, 64.875, 5.2218605114685755e-23, nan 
-167.125, 64.875, 9.244500522524805e-23, nan 
-166.875, 64.875, 7.304693744519021e-23, nan 
-166.625, 64.875, 5.913323472774417e-23, nan 
-166.375, 64.875, 1.3555103274968013e-22, nan 
-166.125, 64.875, 9.342026713112332e-23, nan 
-165.875, 64.875, 8.160609471354751e-23, nan 
-165.625, 64.875, 1.2119123524058838e-22, nan 
-165.375, 64.875, 9.494413046122227e-23, nan 
-165.125, 64.875, 1.3809533611274854e-22, nan 
-164.875, 64.875, 1.0048797720593997e-22, nan 
-164.625, 64.875, 1.104682825827639e-22, nan 
-164.375, 64.875, 1.7328378549442869e-22, nan 
-164.125, 64.875, 5.013351429390459e-23, nan 
-163.875, 64.875, 1.2745367222518615e-22, nan 
-163.625, 64.875, 1.2095130265479376e-22, nan 
-163.375, 64.875, 9.686558097920967e-23, nan 
-163.125, 64.875, 1.6231085641182512e-22, nan 
-162.875, 64.875, 1.8383565120152035e-22, nan 
-162.625, 64.875, 8.631080452437205e-23, nan 
-162.375, 64.875, 7.338236121939811e-23, nan 
-162.125, 64.875, 4.4667451670902064e-23, nan 
-161.875, 64.875, 2.5655453788789728e-23, nan 
-161.625, 64.875, 2.2445749246919416e-23, nan 
-161.375, 64.875, 3.46638158774093e-23, nan 
-161.125, 64.875, 5.274997563192516e-23, nan 
-160.875, 64.875, 6.029149341115596e-23, nan 
-160.625, 64.875, 5.391466571107775e-23, nan 
-160.375, 64.875, 4.8361974746452396e-23, nan 
-160.125, 64.875, 1.744734706287346e-23, nan 
-159.875, 64.875, 2.2131324816249728e-23, nan 
-159.625, 64.875, 3.86306746810918e-23, nan 
-159.375, 64.875, 3.504444378695052e-23, nan 
-159.125, 64.875, 3.041655189364888e-23, nan 
-158.875, 64.875, 3.467964859106941e-23, nan 
-158.625, 64.875, 3.2389734826777957e-23, nan 
-158.375, 64.875, 6.392715142959371e-23, nan 
-158.125, 64.875, 5.661116542039771e-23, nan 
-157.875, 64.875, 4.3796493076682525e-23, nan 
-157.625, 64.875, 2.4199393749724614e-23, nan 
-157.375, 64.875, 2.731226973556175e-23, nan 
-157.125, 64.875, 2.347255349415064e-23, nan 
-156.875, 64.875, 2.3329639896258187e-23, nan 
-156.625, 64.875, 3.785413929068961e-23, nan 
-156.375, 64.875, 1.0571078388991001e-23, nan 
-156.125, 64.875, 1.9372248450430106e-23, nan 
-155.875, 64.875, 2.5055150564618818e-23, nan 
-155.625, 64.875, 1.7807431666034523e-23, nan 
-155.375, 64.875, 2.397948875193133e-23, nan 
-155.125, 64.875, 2.5451300407346955e-23, nan 
-154.875, 64.875, 2.79002102305166e-23, nan 
-154.625, 64.875, 4.4505368841269794e-23, nan 
-154.375, 64.875, 3.000486183164744e-23, nan 
-154.125, 64.875, 2.3661307181907173e-23, nan 
-153.875, 64.875, 3.781835737519741e-23, nan 
-153.625, 64.875, 2.670042222912137e-23, nan 
-153.375, 64.875, 2.251814210235543e-23, nan 
-153.125, 64.875, 2.0393565865780482e-23, nan 
-152.875, 64.875, 1.7043710968087015e-23, nan 
-152.625, 64.875, 1.456041452443026e-23, nan 
-152.375, 64.875, 2.86439756741973e-23, nan 
-152.125, 64.875, 4.2547329562229456e-23, nan 
-151.875, 64.875, 5.444387427868166e-23, nan 
-151.625, 64.875, 8.49303166336493e-23, nan 
-151.375, 64.875, 3.3513712682744335e-22, nan 
-151.125, 64.875, 2.222304253324954e-22, nan 
-150.875, 64.875, 2.373100920080103e-22, nan 
-150.625, 64.875, 7.098969960870725e-22, nan 
-150.375, 64.875, 4.673533006550574e-22, nan 
-150.125, 64.875, 1.5966499805440352e-22, nan 
-149.875, 64.875, 3.0101256123712017e-22, nan 
-149.625, 64.875, 1.911612005698805e-22, nan 
-149.375, 64.875, 5.418542339838459e-23, nan 
-149.125, 64.875, 2.0882385757120293e-23, nan 
-148.875, 64.875, 1.7038333186803334e-23, nan 
-148.625, 64.875, 1.8475682865707558e-23, nan 
-148.375, 64.875, 3.315205829597373e-23, nan 
-148.125, 64.875, 3.418323378391127e-23, nan 
-147.875, 64.875, 2.4656219613203927e-23, nan 
-147.625, 64.875, 2.862138258246384e-23, nan 
-147.375, 64.875, 3.06101951362855e-23, nan 
-147.125, 64.875, 2.0472027689997736e-23, nan 
-146.875, 64.875, 3.036160890441475e-23, nan 
-146.625, 64.875, 3.5006639485767474e-23, nan 
-146.375, 64.875, 2.356162440341529e-23, nan 
-146.125, 64.875, 2.3080704466325903e-23, nan 
-145.875, 64.875, 4.464525062609827e-23, nan 
-145.625, 64.875, 1.5541223794545458e-23, nan 
-145.375, 64.875, 1.8532497102791864e-23, nan 
-145.125, 64.875, 2.3027010635137388e-23, nan 
-144.875, 64.875, 2.5710000686526058e-23, nan 
-144.625, 64.875, 1.615131429363096e-23, nan 
-144.375, 64.875, 2.3029467919259884e-23, nan 
-144.125, 64.875, 2.9951967158459123e-23, nan 
-143.875, 64.875, 3.680116961687387e-23, nan 
-143.625, 64.875, 4.487077771994352e-23, nan 
-143.375, 64.875, 2.8555771326459273e-23, nan 
-143.125, 64.875, 3.105220996045435e-23, nan 
-142.875, 64.875, 3.731524893575078e-23, nan 
-142.625, 64.875, 3.477131707827076e-23, nan 
-142.375, 64.875, 2.4519411857961813e-23, nan 
-142.125, 64.875, 2.859910871036765e-23, nan 
-141.875, 64.875, 2.929246874981353e-23, nan 
-141.625, 64.875, 3.2388240555328293e-23, nan 
-141.375, 64.875, 2.481546292105688e-23, nan 
-141.125, 64.875, 2.5168565430984813e-23, nan 
-140.875, 64.875, 1.0594796740402574e-23, nan 
-140.625, 64.875, 1.2515287611575443e-23, nan 
-140.375, 64.875, 3.762745788153182e-23, nan 
-140.125, 64.875, 7.116926634273468e-24, nan 
-139.875, 64.875, 9.376295632159119e-24, nan 
-139.625, 64.875, 2.469239633793911e-23, nan 
-139.375, 64.875, 2.0477449133395947e-23, nan 
-139.125, 64.875, 2.2671446761340042e-23, nan 
-138.875, 64.875, 2.773897349902952e-23, nan 
-138.625, 64.875, 2.9643951728387114e-23, nan 
-138.375, 64.875, 2.5500758672367546e-23, nan 
-138.125, 64.875, 1.964929140857186e-23, nan 
-137.875, 64.875, 2.8113009841592373e-23, nan 
-137.625, 64.875, 1.6906750285334993e-23, nan 
-137.375, 64.875, 1.096963691370698e-23, nan 
-137.125, 64.875, 1.5935502701236327e-23, nan 
-136.875, 64.875, 1.0080437992239324e-23, nan 
-136.625, 64.875, 7.957654748897064e-24, nan 
-136.375, 64.875, 1.2898114970363164e-23, nan 
-136.125, 64.875, 3.2913459305658336e-24, nan 
-135.875, 64.875, 1.3452051482510896e-23, nan 
-135.625, 64.875, 1.8487995968110717e-23, nan 
-135.375, 64.875, 1.6580364838388738e-23, nan 
-135.125, 64.875, 1.9307650811403773e-23, nan 
-134.875, 64.875, 2.837431021550466e-23, nan 
-134.625, 64.875, 2.6328258473627585e-23, nan 
-134.375, 64.875, 1.0041247438771463e-23, nan 
-134.125, 64.875, 1.1442539753565189e-23, nan 
-133.875, 64.875, 1.2265436216635549e-23, nan 
-133.625, 64.875, 6.3074811362849905e-24, nan 
-133.375, 64.875, 5.169454233470481e-24, nan 
-133.125, 64.875, 9.169785186871285e-24, nan 
-132.875, 64.875, 1.4597009111357307e-23, nan 
-132.625, 64.875, 1.3477730566939397e-23, nan 
-132.375, 64.875, 1.7347945928228827e-23, nan 
-132.125, 64.875, 1.3803189121005313e-23, nan 
-131.875, 64.875, 1.4858051860580702e-23, nan 
-131.625, 64.875, 1.7761083847945508e-23, nan 
-131.375, 64.875, 1.0434313096106446e-23, nan 
-131.125, 64.875, 9.210784262567902e-24, nan 
-130.875, 64.875, 6.466636345249798e-24, nan 
-130.625, 64.875, 9.235414947806344e-24, nan 
-130.375, 64.875, 2.4998863282705995e-24, nan 
-130.125, 64.875, 3.890590095403763e-24, nan 
-129.875, 64.875, 7.025340180744892e-24, nan 
-129.625, 64.875, 5.6230811874558885e-24, nan 
-129.375, 64.875, 7.669677395194459e-24, nan 
-129.125, 64.875, 8.7969118523991e-24, nan 
-128.875, 64.875, 8.465111047518453e-24, nan 
-128.625, 64.875, 9.193353719343254e-24, nan 
-128.375, 64.875, 7.730536378953794e-24, nan 
-128.125, 64.875, 1.2372552172739599e-23, nan 
-127.875, 64.875, 1.4059766919055323e-23, nan 
-127.625, 64.875, 1.0736425235358445e-23, nan 
-127.375, 64.875, 8.875646925504354e-24, nan 
-127.125, 64.875, 1.0292320096240249e-23, nan 
-126.875, 64.875, 1.1309147226491463e-23, nan 
-126.625, 64.875, 1.4267689606373525e-23, nan 
-126.375, 64.875, 1.3665949290120493e-23, nan 
-126.125, 64.875, 1.5241340475063628e-23, nan 
-125.875, 64.875, 1.4903405974088135e-23, nan 
-125.625, 64.875, 1.1607983216100031e-23, nan 
-125.375, 64.875, 9.943735976893953e-24, nan 
-125.125, 64.875, 9.557406292788514e-24, nan 
-124.875, 64.875, 9.415612777239588e-24, nan 
-124.625, 64.875, 9.277706958212675e-24, nan 
-124.375, 64.875, 8.84210773169229e-24, nan 
96.375, 64.875, 9.657589926977632e-24, nan 
96.625, 64.875, 1.1906713726458511e-23, nan 
96.875, 64.875, 1.2042433126145415e-23, nan 
97.125, 64.875, 1.3305789408877425e-23, nan 
97.375, 64.875, 1.2312298769322998e-23, nan 
97.625, 64.875, 1.8251542640167153e-23, nan 
97.875, 64.875, 1.3134215812491659e-23, nan 
98.125, 64.875, 7.689486555663875e-24, nan 
98.375, 64.875, 6.2913522358061415e-24, nan 
98.625, 64.875, 1.0297300623394128e-23, nan 
98.875, 64.875, 9.769600816966779e-24, nan 
99.125, 64.875, 7.665849718548751e-24, nan 
99.375, 64.875, 7.99959290661136e-24, nan 
99.625, 64.875, 6.4043960021534076e-24, nan 
99.875, 64.875, 3.288264166909959e-24, nan 
100.125, 64.875, 4.684105120253927e-24, nan 
100.375, 64.875, 5.142905797247207e-24, nan 
100.625, 64.875, 3.436590588940651e-24, nan 
100.875, 64.875, 4.061208550308218e-24, nan 
101.125, 64.875, 7.523417739222544e-24, nan 
101.375, 64.875, 7.921127667236247e-24, nan 
101.625, 64.875, 3.1345553194855414e-24, nan 
101.875, 64.875, 4.753874193369521e-24, nan 
102.125, 64.875, 2.91450768724917e-24, nan 
102.375, 64.875, 3.8174783035437014e-24, nan 
102.625, 64.875, 2.2507362018584794e-24, nan 
102.875, 64.875, 6.80652524741691e-24, nan 
103.125, 64.875, 8.381845652302112e-24, nan 
103.375, 64.875, 5.729253934079626e-24, nan 
103.625, 64.875, 6.636192087496752e-24, nan 
103.875, 64.875, 6.016863669394785e-24, nan 
104.125, 64.875, 6.773432284010197e-24, nan 
104.375, 64.875, 7.278468589563061e-24, nan 
104.625, 64.875, 5.7097265714340555e-24, nan 
104.875, 64.875, 6.534111275160279e-24, nan 
105.125, 64.875, 3.915062104246416e-24, nan 
105.375, 64.875, 3.801275664080486e-24, nan 
105.625, 64.875, 3.3449868308191585e-24, nan 
105.875, 64.875, 2.9302483072520055e-24, nan 
106.125, 64.875, 3.0985290696048654e-24, nan 
106.375, 64.875, 3.506149631195269e-24, nan 
106.625, 64.875, 3.521702426472533e-24, nan 
106.875, 64.875, 2.4060392753114894e-24, nan 
107.125, 64.875, 3.654210803455126e-24, nan 
107.375, 64.875, 2.243380543907085e-24, nan 
107.625, 64.875, 3.637842299607431e-24, nan 
107.875, 64.875, 3.919173578061491e-24, nan 
108.125, 64.875, 9.303060468565596e-24, nan 
108.375, 64.875, 7.427036094558273e-24, nan 
108.625, 64.875, 7.25272672228418e-24, nan 
108.875, 64.875, 1.1488843489018805e-23, nan 
109.125, 64.875, 1.1998315669977127e-23, nan 
109.375, 64.875, 7.96086287447408e-24, nan 
109.625, 64.875, 9.834673894320598e-24, nan 
109.875, 64.875, 1.1363047366834318e-23, nan 
110.125, 64.875, 8.60864151974643e-24, nan 
110.375, 64.875, 8.187457639999574e-24, nan 
110.625, 64.875, 7.181987779563344e-24, nan 
110.875, 64.875, 7.651102255627193e-24, nan 
111.125, 64.875, 4.240222167417923e-24, nan 
111.375, 64.875, 3.631716015192867e-24, nan 
111.625, 64.875, 2.5603187781584448e-24, nan 
111.875, 64.875, 2.5182139679903495e-24, nan 
112.125, 64.875, 3.981680878282577e-24, nan 
112.375, 64.875, 1.3380258535642985e-24, nan 
112.625, 64.875, 7.713899414837576e-24, nan 
112.875, 64.875, 1.339489630345108e-23, nan 
113.125, 64.875, 5.8974540097039844e-24, nan 
113.375, 64.875, 6.076331559427686e-24, nan 
113.625, 64.875, 6.3207520400129016e-24, nan 
113.875, 64.875, 5.948814645145612e-24, nan 
114.125, 64.875, 5.71472372460866e-24, nan 
114.375, 64.875, 7.123342889265642e-24, nan 
114.625, 64.875, 3.712835256567472e-24, nan 
114.875, 64.875, 5.0977804619434515e-24, nan 
115.125, 64.875, 7.503373517590562e-24, nan 
115.375, 64.875, 1.699513191340805e-23, nan 
115.625, 64.875, 9.405931218344596e-24, nan 
115.875, 64.875, 1.1863121300193081e-23, nan 
116.125, 64.875, 1.9304797857601728e-23, nan 
116.375, 64.875, 1.625109921044129e-23, nan 
116.625, 64.875, 1.3604887729364264e-23, nan 
116.875, 64.875, 2.5582871954498668e-23, nan 
117.125, 64.875, 1.5079090496298546e-23, nan 
117.375, 64.875, 1.6709377859468804e-23, nan 
117.625, 64.875, 2.2490688112264126e-23, nan 
117.875, 64.875, 1.0746857731396463e-23, nan 
118.125, 64.875, 6.970266107370199e-24, nan 
118.375, 64.875, 1.2789788050934305e-23, nan 
118.625, 64.875, 1.7654679261770496e-23, nan 
118.875, 64.875, 1.5745076255429056e-23, nan 
119.125, 64.875, 1.773167540119283e-23, nan 
119.375, 64.875, 1.5780630747750614e-23, nan 
119.625, 64.875, 1.4133339697410946e-23, nan 
119.875, 64.875, 1.0054578469703148e-23, nan 
120.125, 64.875, 1.000865114219304e-23, nan 
120.375, 64.875, 9.668395077451028e-24, nan 
120.625, 64.875, 1.1649415401152642e-23, nan 
120.875, 64.875, 1.3285941660439605e-23, nan 
121.125, 64.875, 8.987126204508114e-24, nan 
121.375, 64.875, 8.809894755026848e-24, nan 
121.625, 64.875, 6.2214749419399224e-24, nan 
121.875, 64.875, 6.388782429427885e-24, nan 
122.125, 64.875, 8.907321972445888e-24, nan 
122.375, 64.875, 7.98629371570065e-24, nan 
122.625, 64.875, 5.506901608369957e-24, nan 
122.875, 64.875, 5.946971239974958e-24, nan 
123.125, 64.875, 9.182150021993991e-24, nan 
123.375, 64.875, 2.3930264213271652e-23, nan 
123.625, 64.875, 3.3022635427537144e-23, nan 
123.875, 64.875, 2.9785100187695443e-23, nan 
124.125, 64.875, 3.774282524695352e-23, nan 
124.375, 64.875, 3.99225788612869e-23, nan 
124.625, 64.875, 2.654630890264062e-23, nan 
124.875, 64.875, 1.367940474011468e-23, nan 
125.125, 64.875, 2.2054422208177136e-23, nan 
125.375, 64.875, 2.1954572213126695e-23, nan 
125.625, 64.875, 1.390720313521197e-23, nan 
125.875, 64.875, 1.503507563048079e-23, nan 
126.125, 64.875, 1.4748522572816754e-23, nan 
126.375, 64.875, 1.1586802307289177e-23, nan 
126.625, 64.875, 1.3516346020642257e-23, nan 
126.875, 64.875, 1.765694990820304e-23, nan 
127.125, 64.875, 1.3692456846007524e-23, nan 
127.375, 64.875, 3.1512836353976606e-23, nan 
127.625, 64.875, 5.427730164872828e-23, nan 
127.875, 64.875, 7.677942693192719e-23, nan 
128.125, 64.875, 1.105023694101792e-22, nan 
128.375, 64.875, 1.1147751941026572e-22, nan 
128.625, 64.875, 9.321583904646208e-23, nan 
128.875, 64.875, 5.417011578509346e-23, nan 
129.125, 64.875, 6.746118255334239e-23, nan 
129.375, 64.875, 4.538457760391411e-23, nan 
129.625, 64.875, 2.4677524333224924e-23, nan 
129.875, 64.875, 2.63413155235405e-23, nan 
130.125, 64.875, 2.3291899273657064e-23, nan 
130.375, 64.875, 8.40673709860387e-24, nan 
130.625, 64.875, 6.823202876643891e-24, nan 
130.875, 64.875, 5.350542115852921e-23, nan 
131.125, 64.875, 5.65030328419968e-23, nan 
131.375, 64.875, 5.0761583952540676e-23, nan 
131.625, 64.875, 6.520501223176383e-23, nan 
131.875, 64.875, 5.368347514885824e-23, nan 
132.125, 64.875, 4.773367154215046e-23, nan 
132.375, 64.875, 2.7866607058259944e-23, nan 
132.625, 64.875, 2.28578755560411e-23, nan 
132.875, 64.875, 2.7695625962570134e-23, nan 
133.125, 64.875, 3.8606679852413103e-23, nan 
133.375, 64.875, 4.8561840342975584e-23, nan 
133.625, 64.875, 3.9489299442402335e-23, nan 
133.875, 64.875, 4.4691194485407475e-23, nan 
134.125, 64.875, 4.9680766078879626e-23, nan 
134.375, 64.875, 4.330969983684854e-23, nan 
134.625, 64.875, 3.379287080230063e-23, nan 
134.875, 64.875, 2.92505104150589e-23, nan 
135.125, 64.875, 1.1607959172742063e-23, nan 
135.375, 64.875, 4.6041272266700824e-23, nan 
135.625, 64.875, 4.250267477704816e-23, nan 
135.875, 64.875, 2.4297973580318345e-23, nan 
136.125, 64.875, 3.005928756330316e-23, nan 
136.375, 64.875, 1.861330240562063e-23, nan 
136.625, 64.875, 2.1689505592863666e-23, nan 
136.875, 64.875, 1.8935621912051342e-23, nan 
137.125, 64.875, 2.971301483247385e-23, nan 
137.375, 64.875, 2.7646791014760626e-23, nan 
137.625, 64.875, 4.0958915372398214e-23, nan 
137.875, 64.875, 4.896318575202992e-23, nan 
138.125, 64.875, 2.4627909853036888e-23, nan 
138.375, 64.875, 2.1642781414170493e-23, nan 
138.625, 64.875, 4.9557112167898055e-23, nan 
138.875, 64.875, 4.506299820365915e-23, nan 
139.125, 64.875, 3.1805422706354824e-23, nan 
139.375, 64.875, 5.566398659327216e-23, nan 
139.625, 64.875, 7.751243495432761e-23, nan 
139.875, 64.875, 4.735643732763034e-23, nan 
140.125, 64.875, 6.980794175588621e-23, nan 
140.375, 64.875, 7.07369969149531e-23, nan 
140.625, 64.875, 4.9012001348886656e-23, nan 
140.875, 64.875, 4.047110264221121e-23, nan 
141.125, 64.875, 1.4834743418250618e-22, nan 
141.375, 64.875, 6.207962539595287e-23, nan 
141.625, 64.875, 5.2200974382604854e-23, nan 
141.875, 64.875, 5.875100734487638e-23, nan 
142.125, 64.875, 3.5709796910693534e-23, nan 
142.375, 64.875, 2.473976166554113e-23, nan 
142.625, 64.875, 7.879854774569009e-23, nan 
142.875, 64.875, 1.5147146716741222e-22, nan 
143.125, 64.875, 3.00432580767233e-22, nan 
143.375, 64.875, 3.2640042980826396e-22, nan 
143.625, 64.875, 1.7851580834015028e-22, nan 
143.875, 64.875, 5.612455863552466e-23, nan 
144.125, 64.875, 8.14798308793703e-23, nan 
144.375, 64.875, 1.4456668712402152e-22, nan 
144.625, 64.875, 1.1151839926067485e-22, nan 
144.875, 64.875, 1.9443926042406993e-22, nan 
145.125, 64.875, 2.5220988889238473e-22, nan 
145.375, 64.875, 1.0414041815455119e-22, nan 
145.625, 64.875, 2.739600570392005e-23, nan 
145.875, 64.875, 9.019723336608744e-23, nan 
146.125, 64.875, 1.6147543551318908e-22, nan 
146.375, 64.875, 9.020112376947459e-23, nan 
146.625, 64.875, 7.784256605075108e-23, nan 
146.875, 64.875, 2.003975976677802e-22, nan 
147.125, 64.875, 1.4504566077256832e-22, nan 
147.375, 64.875, 1.2449742593108276e-22, nan 
147.625, 64.875, 2.718064608754278e-22, nan 
147.875, 64.875, 5.3320976206677645e-22, nan 
148.125, 64.875, 6.168399824965118e-22, nan 
148.375, 64.875, 4.290118148584821e-22, nan 
148.625, 64.875, 6.215485565023389e-22, nan 
148.875, 64.875, 9.250373519029719e-22, nan 
149.125, 64.875, 9.782420912345463e-22, nan 
149.375, 64.875, 6.899433066441611e-22, nan 
149.625, 64.875, 6.603653235868169e-22, nan 
149.875, 64.875, 7.008500411090237e-22, nan 
150.125, 64.875, 4.809222379564331e-22, nan 
150.375, 64.875, 3.352487227342693e-22, nan 
150.625, 64.875, 2.4007564015256804e-22, nan 
150.875, 64.875, 3.209741084041408e-22, nan 
151.125, 64.875, 2.5713716642599354e-22, nan 
151.375, 64.875, 2.0139069169879054e-22, nan 
151.625, 64.875, 1.5501281059636978e-22, nan 
151.875, 64.875, 4.0214613628781794e-22, nan 
152.125, 64.875, 2.1729925770863273e-22, nan 
152.375, 64.875, 3.5949748857663807e-22, nan 
152.625, 64.875, 3.9723621700433264e-22, nan 
152.875, 64.875, 6.135934602520446e-22, nan 
153.125, 64.875, 7.352506236630522e-22, nan 
153.375, 64.875, 8.321355677067885e-22, nan 
153.625, 64.875, 9.660989522796558e-22, nan 
153.875, 64.875, 1.0520306918431604e-21, nan 
154.125, 64.875, 1.5486012275113566e-21, nan 
154.375, 64.875, 1.6061619129088722e-21, nan 
154.625, 64.875, 1.961947504775758e-21, nan 
154.875, 64.875, 3.858203209016918e-21, nan 
155.125, 64.875, 2.692358115458405e-21, nan 
155.375, 64.875, 4.8048791405242124e-21, nan 
155.625, 64.875, 7.464552461698045e-21, nan 
155.875, 64.875, 3.4313388711710196e-21, nan 
156.125, 64.875, 4.4097342188622905e-21, nan 
156.375, 64.875, 2.4853140593811892e-21, nan 
156.625, 64.875, 3.0747389576901426e-21, nan 
156.875, 64.875, 2.7021174468151723e-21, nan 
157.125, 64.875, 1.8140767514101547e-21, nan 
157.375, 64.875, 2.087034302674006e-21, nan 
157.625, 64.875, 3.311750948519685e-21, nan 
157.875, 64.875, 2.3810671593147104e-21, nan 
158.125, 64.875, 2.671018622203092e-21, nan 
158.375, 64.875, 2.3352495000201238e-21, nan 
158.625, 64.875, 3.310460444150305e-21, nan 
158.875, 64.875, 2.89228424890124e-21, nan 
159.125, 64.875, 2.8376326281728844e-21, nan 
159.375, 64.875, 2.6162649658782007e-21, nan 
159.625, 64.875, 2.1279284940816136e-21, nan 
159.875, 64.875, 2.450568119556965e-21, nan 
160.125, 64.875, 1.8401619219663762e-21, nan 
160.375, 64.875, 2.2350581057088723e-21, nan 
160.625, 64.875, 1.9983494685562805e-21, nan 
160.875, 64.875, 2.046404906152886e-21, nan 
161.125, 64.875, 2.0462269855672235e-21, nan 
161.375, 64.875, 1.8847905745890527e-21, nan 
161.625, 64.875, 1.161241366792945e-21, nan 
161.875, 64.875, 1.3565342670427854e-21, nan 
162.125, 64.875, 1.6558345927240886e-21, nan 
162.375, 64.875, 1.8532511768860336e-21, nan 
162.625, 64.875, 8.1332600112946125e-22, nan 
162.875, 64.875, 1.2528375329028591e-21, nan 
163.125, 64.875, 1.6652832249993238e-21, nan 
163.375, 64.875, 1.433684774982394e-21, nan 
163.625, 64.875, 1.6621128292925462e-21, nan 
163.875, 64.875, 9.859643418449927e-22, nan 
164.125, 64.875, 1.2091070680141592e-21, nan 
164.375, 64.875, 3.1136584252620583e-21, nan 
164.625, 64.875, 4.999389021033398e-21, nan 
164.875, 64.875, 5.0899025916235564e-21, nan 
165.125, 64.875, 6.08669211453942e-21, nan 
165.375, 64.875, 6.382822825444632e-21, nan 
165.625, 64.875, 6.1716879034452334e-21, nan 
165.875, 64.875, 3.749503189847274e-21, nan 
166.125, 64.875, 4.089594253705954e-21, nan 
166.375, 64.875, 4.723372666275916e-21, nan 
166.625, 64.875, 4.427188153143831e-21, nan 
166.875, 64.875, 4.163794439418449e-21, nan 
167.125, 64.875, 4.199598497068843e-21, nan 
167.375, 64.875, 4.267989897476266e-21, nan 
167.625, 64.875, 3.632469338962082e-21, nan 
167.875, 64.875, 6.549719620064216e-22, nan 
168.125, 64.875, 1.1000028620772269e-21, nan 
168.375, 64.875, 1.9322344559043462e-21, nan 
168.625, 64.875, 2.1678554853980737e-21, nan 
168.875, 64.875, 1.778044797318937e-21, nan 
169.125, 64.875, 2.1343518358586037e-21, nan 
169.375, 64.875, 3.574130880735668e-21, nan 
169.625, 64.875, 1.0087824275392126e-21, nan 
169.875, 64.875, 2.2260022722494074e-21, nan 
170.125, 64.875, 3.026663394761812e-21, nan 
170.375, 64.875, 1.9611835678696685e-21, nan 
170.625, 64.875, 1.0635043501757974e-21, nan 
170.875, 64.875, 1.8161341918687252e-21, nan 
171.125, 64.875, 1.866489131851532e-21, nan 
171.375, 64.875, 1.359416188041249e-21, nan 
171.625, 64.875, 2.407953138881107e-21, nan 
171.875, 64.875, 2.369256246141857e-21, nan 
172.125, 64.875, 2.226959767225362e-21, nan 
172.375, 64.875, 1.812203073707445e-21, nan 
172.625, 64.875, 2.1156159133948887e-21, nan 
172.875, 64.875, 1.1983732579827589e-21, nan 
173.125, 64.875, 1.9142039651393995e-21, nan 
173.375, 64.875, 2.0073600306494393e-21, nan 
173.625, 64.875, 1.9886697376525857e-21, nan 
173.875, 64.875, 1.8837538585599754e-21, nan 
174.125, 64.875, 6.887949234749751e-22, nan 
174.375, 64.875, 1.9448866889964378e-21, nan 
174.625, 64.875, 2.5566124231761522e-21, nan 
174.875, 64.875, 6.451939815144667e-22, nan 
175.125, 64.875, 2.1052180038405887e-21, nan 
175.375, 64.875, 2.0282614391657327e-21, nan 
175.625, 64.875, 3.3456934329663295e-21, nan 
175.875, 64.875, 2.9583972552871233e-21, nan 
176.125, 64.875, 2.5565384245876554e-21, nan 
176.375, 64.875, 6.3082661281693866e-21, nan 
176.625, 64.875, 6.497485981430256e-21, nan 
176.875, 64.875, 1.4796551640998217e-20, nan 
177.125, 64.875, 3.2379367667764097e-20, nan 
177.375, 64.875, 4.6073884476958754e-20, nan 
177.625, 64.875, 2.795266543913355e-20, nan 
177.875, 64.875, 4.86918928623214e-20, nan 
178.125, 64.875, 4.420540974030687e-20, nan 
178.375, 64.875, 2.3933650093002188e-20, nan 
178.625, 64.875, 2.7782631965515474e-20, nan 
178.875, 64.875, 1.8413078960074528e-20, nan 
179.125, 64.875, 4.8803402623803116e-21, nan 
179.375, 64.875, 3.707851781960823e-21, nan 
179.625, 64.875, 2.713558652075728e-21, nan 
179.875, 64.875, 2.2437280756929354e-21, nan 
-179.875, 65.125, 1.2840564419619446e-21, nan 
-179.625, 65.125, 7.713435540190151e-22, nan 
-179.375, 65.125, 5.186395075279617e-22, nan 
-179.125, 65.125, 2.7716652801990223e-22, nan 
-178.875, 65.125, 6.379710041472329e-22, nan 
-178.625, 65.125, 1.0679397747425329e-21, nan 
-178.375, 65.125, 8.382008866130264e-22, nan 
-178.125, 65.125, 7.774977525550117e-22, nan 
-177.875, 65.125, 5.682432725142374e-22, nan 
-177.625, 65.125, 7.66291259337456e-22, nan 
-177.375, 65.125, 1.3279838410025962e-22, nan 
-177.125, 65.125, 3.978695483724503e-22, nan 
-176.875, 65.125, 7.521119246106894e-22, nan 
-176.625, 65.125, 5.259404627866739e-22, nan 
-176.375, 65.125, 2.666524632459056e-22, nan 
-176.125, 65.125, 4.0592018121160654e-22, nan 
-175.875, 65.125, 5.599926452240038e-22, nan 
-175.625, 65.125, 5.589073687800527e-22, nan 
-175.375, 65.125, 3.662920951324417e-22, nan 
-175.125, 65.125, 5.219537721409415e-22, nan 
-174.875, 65.125, 6.551401740832747e-22, nan 
-174.625, 65.125, 2.1332993365720026e-22, nan 
-174.375, 65.125, 1.977901569998577e-22, nan 
-174.125, 65.125, 2.5091556093481833e-22, nan 
-173.875, 65.125, 1.2236920174983652e-22, nan 
-173.625, 65.125, 3.7554364132138395e-22, nan 
-173.375, 65.125, 1.073933153601662e-22, nan 
-173.125, 65.125, 1.0262816397394056e-22, nan 
-172.875, 65.125, 2.0602945042181982e-22, nan 
-172.625, 65.125, 7.038878827233473e-23, nan 
-172.375, 65.125, 6.221269326612035e-23, nan 
-172.125, 65.125, 9.22724688600423e-23, nan 
-171.875, 65.125, 7.716049120514643e-23, nan 
-171.625, 65.125, 1.590566268934563e-22, nan 
-171.375, 65.125, 1.378932471242651e-22, nan 
-171.125, 65.125, 8.812543817177471e-23, nan 
-170.875, 65.125, 5.000430562057885e-23, nan 
-170.625, 65.125, 7.766246849043324e-23, nan 
-170.375, 65.125, 6.463487381628787e-23, nan 
-170.125, 65.125, 6.450707843120353e-23, nan 
-169.875, 65.125, 5.642622625804643e-23, nan 
-169.625, 65.125, 5.2370717417592236e-23, nan 
-169.375, 65.125, 7.837380380714101e-23, nan 
-169.125, 65.125, 5.640451576670239e-23, nan 
-168.875, 65.125, 7.178666058603361e-23, nan 
-168.625, 65.125, 1.3349245372615445e-22, nan 
-168.375, 65.125, 7.486037416849426e-23, nan 
-168.125, 65.125, 6.275551880361963e-23, nan 
-167.875, 65.125, 2.524707163901416e-22, nan 
-167.625, 65.125, 1.0226025162448044e-22, nan 
-167.375, 65.125, 3.770771679898525e-23, nan 
-167.125, 65.125, 6.66353219371679e-23, nan 
-166.875, 65.125, 8.433257457542444e-23, nan 
-166.625, 65.125, 6.980509166770768e-23, nan 
-166.375, 65.125, 1.2144631382767621e-22, nan 
-166.125, 65.125, 1.0077273425276848e-22, nan 
-165.875, 65.125, 7.323687639841165e-23, nan 
-165.625, 65.125, 1.2113871303695657e-22, nan 
-165.375, 65.125, 7.396099438088625e-23, nan 
-165.125, 65.125, 7.276437961091464e-23, nan 
-164.875, 65.125, 1.4974315021401523e-22, nan 
-164.625, 65.125, 1.1489598408956834e-22, nan 
-164.375, 65.125, 1.3162145376408442e-22, nan 
-164.125, 65.125, 1.1437709930129227e-22, nan 
-163.875, 65.125, 1.0450679924701221e-22, nan 
-163.625, 65.125, 1.0789653203199512e-22, nan 
-163.375, 65.125, 6.581807956366503e-23, nan 
-163.125, 65.125, 1.2665326917720255e-22, nan 
-162.875, 65.125, 9.39143802128501e-23, nan 
-162.625, 65.125, 5.488021975553927e-23, nan 
-162.375, 65.125, 3.08788962523569e-23, nan 
-162.125, 65.125, 5.0302529313214414e-23, nan 
-161.875, 65.125, 4.347565752316701e-23, nan 
-161.625, 65.125, 4.8236386905253727e-23, nan 
-161.375, 65.125, 4.427185507521448e-23, nan 
-161.125, 65.125, 3.7334951617096177e-23, nan 
-160.875, 65.125, 7.664994929511216e-23, nan 
-160.625, 65.125, 7.542388622172423e-23, nan 
-160.375, 65.125, 6.259159314913965e-23, nan 
-160.125, 65.125, 8.015793309152513e-23, nan 
-159.875, 65.125, 4.649582351948895e-23, nan 
-159.625, 65.125, 3.5009124531528744e-23, nan 
-159.375, 65.125, 2.5393219554604232e-23, nan 
-159.125, 65.125, 2.4342414360362674e-23, nan 
-158.875, 65.125, 6.227922002475184e-23, nan 
-158.625, 65.125, 5.921738871093905e-23, nan 
-158.375, 65.125, 3.656352279244251e-23, nan 
-158.125, 65.125, 5.628559448597797e-23, nan 
-157.875, 65.125, 3.627027159168949e-23, nan 
-157.625, 65.125, 2.3743437015599206e-23, nan 
-157.375, 65.125, 6.833128413912018e-23, nan 
-157.125, 65.125, 8.118167129541278e-23, nan 
-156.875, 65.125, 8.415698571372202e-23, nan 
-156.625, 65.125, 8.102360088933344e-23, nan 
-156.375, 65.125, 7.861485487325328e-23, nan 
-156.125, 65.125, 6.191328613500666e-23, nan 
-155.875, 65.125, 1.1130144592252712e-23, nan 
-155.625, 65.125, 2.9713696284627574e-23, nan 
-155.375, 65.125, 2.800799612612502e-23, nan 
-155.125, 65.125, 1.5849387446772107e-23, nan 
-154.875, 65.125, 1.6333622121927462e-23, nan 
-154.625, 65.125, 2.0905108910825456e-23, nan 
-154.375, 65.125, 2.5256218975285438e-23, nan 
-154.125, 65.125, 2.4933685237057216e-23, nan 
-153.875, 65.125, 4.204664612874558e-23, nan 
-153.625, 65.125, 3.105341917136337e-23, nan 
-153.375, 65.125, 2.1200744880799584e-23, nan 
-153.125, 65.125, 2.0434537117091712e-23, nan 
-152.875, 65.125, 2.1514990028753324e-23, nan 
-152.625, 65.125, 1.5814346668182223e-23, nan 
-152.375, 65.125, 2.0959000903557647e-23, nan 
-152.125, 65.125, 2.474612079392335e-23, nan 
-151.875, 65.125, 2.880334226203408e-23, nan 
-151.625, 65.125, 3.4197617053267677e-23, nan 
-151.375, 65.125, 4.471441895911732e-23, nan 
-151.125, 65.125, 5.674223571610648e-23, nan 
-150.875, 65.125, 1.131684114024599e-22, nan 
-150.625, 65.125, 3.975563777603514e-22, nan 
-150.375, 65.125, 2.528948918067868e-22, nan 
-150.125, 65.125, 8.238627820462887e-23, nan 
-149.875, 65.125, 5.251378469029186e-23, nan 
-149.625, 65.125, 3.4194217607026506e-23, nan 
-149.375, 65.125, 3.7107784071412394e-23, nan 
-149.125, 65.125, 3.304070747219487e-23, nan 
-148.875, 65.125, 1.7668297662598852e-23, nan 
-148.625, 65.125, 1.1945656366187382e-23, nan 
-148.375, 65.125, 2.1676648560909817e-23, nan 
-148.125, 65.125, 1.7105758165375312e-23, nan 
-147.875, 65.125, 2.2926222858244883e-23, nan 
-147.625, 65.125, 3.106598102219551e-23, nan 
-147.375, 65.125, 3.027740590614138e-23, nan 
-147.125, 65.125, 1.8838141699191006e-23, nan 
-146.875, 65.125, 2.2910855440433904e-23, nan 
-146.625, 65.125, 1.78269970463562e-23, nan 
-146.375, 65.125, 2.2625854052376566e-23, nan 
-146.125, 65.125, 2.0890695566612973e-23, nan 
-145.875, 65.125, 3.703599119874739e-23, nan 
-145.625, 65.125, 2.0203585070597677e-23, nan 
-145.375, 65.125, 2.017712902315208e-23, nan 
-145.125, 65.125, 2.3405851922013578e-23, nan 
-144.875, 65.125, 2.4995449753545313e-23, nan 
-144.625, 65.125, 2.5455650224622796e-23, nan 
-144.375, 65.125, 2.6077109804211887e-23, nan 
-144.125, 65.125, 2.7187050964705744e-23, nan 
-143.875, 65.125, 1.9670164676107033e-23, nan 
-143.625, 65.125, 1.229598999392575e-23, nan 
-143.375, 65.125, 2.249597944647491e-23, nan 
-143.125, 65.125, 3.030005228495367e-23, nan 
-142.875, 65.125, 3.3440317465748435e-23, nan 
-142.625, 65.125, 3.4734905012594775e-23, nan 
-142.375, 65.125, 3.2980933759219276e-23, nan 
-142.125, 65.125, 2.8330932369595363e-23, nan 
-141.875, 65.125, 3.441809068201899e-23, nan 
-141.625, 65.125, 3.764554895477942e-23, nan 
-141.375, 65.125, 3.519799983819233e-23, nan 
-141.125, 65.125, 2.164245227105554e-23, nan 
-140.875, 65.125, 1.5503981900840056e-23, nan 
-140.625, 65.125, 3.147102633557989e-23, nan 
-140.375, 65.125, 2.6461156857162087e-23, nan 
-140.125, 65.125, 5.979552934121196e-24, nan 
-139.875, 65.125, 1.2239093965919319e-23, nan 
-139.625, 65.125, 6.266195268982488e-24, nan 
-139.375, 65.125, 4.423506129659016e-24, nan 
-139.125, 65.125, 9.21371522996308e-24, nan 
-138.875, 65.125, 1.9288735651772262e-23, nan 
-138.625, 65.125, 1.782881395948212e-23, nan 
-138.375, 65.125, 2.3436368311722162e-23, nan 
-138.125, 65.125, 2.0575385695645178e-23, nan 
-137.875, 65.125, 2.8974276102047606e-23, nan 
-137.625, 65.125, 2.0520847500890975e-23, nan 
-137.375, 65.125, 1.276562818608664e-23, nan 
-137.125, 65.125, 1.926215820945768e-23, nan 
-136.875, 65.125, 1.5140043993517167e-23, nan 
-136.625, 65.125, 1.162765409852359e-23, nan 
-136.375, 65.125, 1.3084574894584954e-23, nan 
-136.125, 65.125, 1.3613978472685903e-23, nan 
-135.875, 65.125, 1.1056390008241607e-23, nan 
-135.625, 65.125, 5.613663904031305e-24, nan 
-135.375, 65.125, 4.387147148762344e-24, nan 
-135.125, 65.125, 1.4062761105366205e-23, nan 
-134.875, 65.125, 2.0443771657850993e-23, nan 
-134.625, 65.125, 1.8802192330881227e-23, nan 
-134.375, 65.125, 4.401472761207771e-24, nan 
-134.125, 65.125, 8.534865398180309e-24, nan 
-133.875, 65.125, 1.3460925013488082e-23, nan 
-133.625, 65.125, 5.0039809235334024e-24, nan 
-133.375, 65.125, 7.154849569063185e-24, nan 
-133.125, 65.125, 1.4978808364543217e-23, nan 
-132.875, 65.125, 6.656945789748626e-24, nan 
-132.625, 65.125, 4.091163598772002e-24, nan 
-132.375, 65.125, 7.045249741294984e-24, nan 
-132.125, 65.125, 8.391124175747536e-24, nan 
-131.875, 65.125, 9.012815173068414e-24, nan 
-131.625, 65.125, 1.7684789365148784e-23, nan 
-131.375, 65.125, 1.2494646507026965e-23, nan 
-131.125, 65.125, 1.3128898288037806e-23, nan 
-130.875, 65.125, 1.45515032921177e-23, nan 
-130.625, 65.125, 1.602868011713565e-23, nan 
-130.375, 65.125, 1.3134018967260762e-23, nan 
-130.125, 65.125, 4.8755662109155556e-24, nan 
-129.875, 65.125, 6.780931025046546e-24, nan 
-129.625, 65.125, 7.977203100476418e-24, nan 
-129.375, 65.125, 1.747194242475752e-24, nan 
-129.125, 65.125, 5.002966929662025e-24, nan 
-128.875, 65.125, 3.40671307534254e-24, nan 
-128.625, 65.125, 6.593954123058457e-24, nan 
-128.375, 65.125, 4.538950520709046e-24, nan 
-128.125, 65.125, 8.369909386172025e-24, nan 
-127.875, 65.125, 6.1532698678045385e-24, nan 
-127.625, 65.125, 6.232388101093986e-24, nan 
-127.375, 65.125, 9.993723161954772e-24, nan 
-127.125, 65.125, 8.056586972109462e-24, nan 
-126.875, 65.125, 6.634375374362263e-24, nan 
-126.625, 65.125, 4.025210964435499e-24, nan 
-126.375, 65.125, 5.302965148775516e-24, nan 
-126.125, 65.125, 6.228004061750989e-24, nan 
-125.875, 65.125, 5.944389522356115e-24, nan 
-125.625, 65.125, 8.890621278780692e-24, nan 
-125.375, 65.125, 7.638965576580014e-24, nan 
-125.125, 65.125, 8.292941137163072e-24, nan 
-124.875, 65.125, 9.844286896749754e-24, nan 
-124.625, 65.125, 1.0405779151905275e-23, nan 
-124.375, 65.125, 9.982991698362634e-24, nan 
-124.125, 65.125, 1.0658575620177205e-23, nan 
96.125, 65.125, 6.0849425149772e-24, nan 
96.375, 65.125, 8.603520001829522e-24, nan 
96.625, 65.125, 1.1525570408261786e-23, nan 
96.875, 65.125, 1.4211951677670015e-23, nan 
97.125, 65.125, 1.485366080891599e-23, nan 
97.375, 65.125, 1.482256860316918e-23, nan 
97.625, 65.125, 1.1275091702351357e-23, nan 
97.875, 65.125, 6.489824358740574e-24, nan 
98.125, 65.125, 1.0963822262472776e-23, nan 
98.375, 65.125, 1.0055248262764316e-23, nan 
98.625, 65.125, 8.578943441468297e-24, nan 
98.875, 65.125, 7.38806542551425e-24, nan 
99.125, 65.125, 1.197618684503703e-23, nan 
99.375, 65.125, 5.1484680943079826e-24, nan 
99.625, 65.125, 4.218809062508047e-24, nan 
99.875, 65.125, 5.762394418320554e-24, nan 
100.125, 65.125, 3.4178578125744474e-24, nan 
100.375, 65.125, 2.5021448642972824e-24, nan 
100.625, 65.125, 7.651048031514391e-24, nan 
100.875, 65.125, 3.816306928419488e-24, nan 
101.125, 65.125, 5.50171903502898e-24, nan 
101.375, 65.125, 1.1653062131640816e-23, nan 
101.625, 65.125, 4.338199660877929e-24, nan 
101.875, 65.125, 2.578944938079582e-24, nan 
102.125, 65.125, 7.898430571172661e-24, nan 
102.375, 65.125, 7.893182163984063e-24, nan 
102.625, 65.125, 5.51836695840106e-24, nan 
102.875, 65.125, 4.601797354013777e-24, nan 
103.125, 65.125, 5.831880479132494e-24, nan 
103.375, 65.125, 8.20646384205973e-24, nan 
103.625, 65.125, 7.073215174879995e-24, nan 
103.875, 65.125, 9.184238578167011e-24, nan 
104.125, 65.125, 7.364297514175428e-24, nan 
104.375, 65.125, 1.0429145255487209e-23, nan 
104.625, 65.125, 8.306381508019088e-24, nan 
104.875, 65.125, 6.421916628315992e-24, nan 
105.125, 65.125, 8.496242984802471e-24, nan 
105.375, 65.125, 6.37376439780121e-24, nan 
105.625, 65.125, 4.4386418729306464e-24, nan 
105.875, 65.125, 2.0926782999937475e-24, nan 
106.125, 65.125, 1.6613874094801303e-24, nan 
106.375, 65.125, 2.140421489271402e-24, nan 
106.625, 65.125, 4.120369226203143e-24, nan 
106.875, 65.125, 2.7140219886399348e-24, nan 
107.125, 65.125, 1.6425179033791934e-24, nan 
107.375, 65.125, 2.671704289272461e-24, nan 
107.625, 65.125, 2.8816161416941695e-24, nan 
107.875, 65.125, 8.34347100415416e-24, nan 
108.125, 65.125, 8.24764947767215e-24, nan 
108.375, 65.125, 5.526775027181399e-24, nan 
108.625, 65.125, 1.1952252964338002e-23, nan 
108.875, 65.125, 1.150141132246221e-23, nan 
109.125, 65.125, 8.447322508459481e-24, nan 
109.375, 65.125, 7.033687704327714e-24, nan 
109.625, 65.125, 1.016983891526396e-23, nan 
109.875, 65.125, 9.018368069075125e-24, nan 
110.125, 65.125, 6.613193443673179e-24, nan 
110.375, 65.125, 7.681429425271644e-24, nan 
110.625, 65.125, 8.11229783692454e-24, nan 
110.875, 65.125, 7.715273120391648e-24, nan 
111.125, 65.125, 4.1210207961041036e-24, nan 
111.375, 65.125, 5.0377315130945796e-24, nan 
111.625, 65.125, 6.493108205255478e-24, nan 
111.875, 65.125, 7.208767419361758e-24, nan 
112.125, 65.125, 1.2887631682886338e-23, nan 
112.375, 65.125, 4.2084196673148946e-24, nan 
112.625, 65.125, 1.354251685552206e-23, nan 
112.875, 65.125, 2.5330378118925673e-23, nan 
113.125, 65.125, 7.530723934231908e-24, nan 
113.375, 65.125, 6.476018813583635e-24, nan 
113.625, 65.125, 8.948311827355422e-24, nan 
113.875, 65.125, 3.395731502392495e-24, nan 
114.125, 65.125, 4.896722577904694e-24, nan 
114.375, 65.125, 5.6445200895657765e-24, nan 
114.625, 65.125, 1.1966537000607771e-23, nan 
114.875, 65.125, 8.925761672071215e-24, nan 
115.125, 65.125, 1.2969145140108792e-23, nan 
115.375, 65.125, 1.7207169422458244e-23, nan 
115.625, 65.125, 1.38779041363298e-23, nan 
115.875, 65.125, 1.9657036408130832e-23, nan 
116.125, 65.125, 9.25232829250864e-24, nan 
116.375, 65.125, 1.5363268781936343e-23, nan 
116.625, 65.125, 2.001162087891292e-23, nan 
116.875, 65.125, 1.548235013070236e-23, nan 
117.125, 65.125, 1.1367641536496896e-23, nan 
117.375, 65.125, 1.2493056724487821e-23, nan 
117.625, 65.125, 1.734983035763305e-23, nan 
117.875, 65.125, 2.0377589134006175e-23, nan 
118.125, 65.125, 1.9359524167751615e-23, nan 
118.375, 65.125, 1.7310775826449287e-23, nan 
118.625, 65.125, 1.9355714885956508e-23, nan 
118.875, 65.125, 2.007083804643163e-23, nan 
119.125, 65.125, 1.4798983212549583e-23, nan 
119.375, 65.125, 7.758957587742722e-24, nan 
119.625, 65.125, 9.248223921638296e-24, nan 
119.875, 65.125, 9.352767903969115e-24, nan 
120.125, 65.125, 8.387257915141066e-24, nan 
120.375, 65.125, 5.752849405348449e-24, nan 
120.625, 65.125, 4.444223260387804e-24, nan 
120.875, 65.125, 1.7134626217162266e-23, nan 
121.125, 65.125, 1.6583974499920613e-23, nan 
121.375, 65.125, 5.904436685059841e-24, nan 
121.625, 65.125, 5.524678351583509e-24, nan 
121.875, 65.125, 8.889843670152495e-24, nan 
122.125, 65.125, 9.837339584228577e-24, nan 
122.375, 65.125, 5.284523751243989e-24, nan 
122.625, 65.125, 5.657311301327209e-24, nan 
122.875, 65.125, 1.8793989324880233e-23, nan 
123.125, 65.125, 3.259269133660628e-23, nan 
123.375, 65.125, 3.387009916291409e-23, nan 
123.625, 65.125, 3.144632356860785e-23, nan 
123.875, 65.125, 2.870256955829084e-23, nan 
124.125, 65.125, 1.6932265699970692e-23, nan 
124.375, 65.125, 1.597966394223441e-23, nan 
124.625, 65.125, 2.2245736792334944e-23, nan 
124.875, 65.125, 1.1863529678140679e-23, nan 
125.125, 65.125, 9.432939279558776e-24, nan 
125.375, 65.125, 1.4357774631010768e-23, nan 
125.625, 65.125, 1.0312256037165697e-23, nan 
125.875, 65.125, 1.251905754181152e-23, nan 
126.125, 65.125, 8.023154145237079e-24, nan 
126.375, 65.125, 9.784187767255351e-24, nan 
126.625, 65.125, 1.5440334492640465e-23, nan 
126.875, 65.125, 3.4505186264126213e-23, nan 
127.125, 65.125, 8.234009510148795e-23, nan 
127.375, 65.125, 1.0707011554570908e-22, nan 
127.625, 65.125, 1.1000602171444598e-22, nan 
127.875, 65.125, 1.2846833113803723e-22, nan 
128.125, 65.125, 3.1432608231581147e-22, nan 
128.375, 65.125, 3.3831535611530584e-22, nan 
128.625, 65.125, 1.9457784752386206e-22, nan 
128.875, 65.125, 1.9218321590713142e-22, nan 
129.125, 65.125, 1.0717703157745985e-22, nan 
129.375, 65.125, 8.933361005272987e-23, nan 
129.625, 65.125, 5.949888328532921e-23, nan 
129.875, 65.125, 6.716644431151906e-23, nan 
130.125, 65.125, 5.2507315532470253e-23, nan 
130.375, 65.125, 2.848652967500943e-23, nan 
130.625, 65.125, 3.446230895542603e-23, nan 
130.875, 65.125, 3.4890760344988917e-23, nan 
131.125, 65.125, 4.603307601556296e-23, nan 
131.375, 65.125, 5.0958880167960044e-23, nan 
131.625, 65.125, 2.8612594511966245e-23, nan 
131.875, 65.125, 2.8807338316710776e-23, nan 
132.125, 65.125, 3.5727261527835165e-23, nan 
132.375, 65.125, 3.2740461904691404e-23, nan 
132.625, 65.125, 1.9736316672089176e-23, nan 
132.875, 65.125, 1.4401398940731007e-23, nan 
133.125, 65.125, 3.1046767297505066e-23, nan 
133.375, 65.125, 6.01882080034865e-23, nan 
133.625, 65.125, 4.3662719429237565e-23, nan 
133.875, 65.125, 3.596465812122441e-23, nan 
134.125, 65.125, 5.537419464136442e-23, nan 
134.375, 65.125, 3.793387680418053e-23, nan 
134.625, 65.125, 2.2320115907196442e-23, nan 
134.875, 65.125, 1.2407230667510203e-23, nan 
135.125, 65.125, 1.693942393399676e-23, nan 
135.375, 65.125, 1.6133674338107496e-23, nan 
135.625, 65.125, 1.9334809313172738e-23, nan 
135.875, 65.125, 1.703981951389661e-23, nan 
136.125, 65.125, 1.6327438486878709e-23, nan 
136.375, 65.125, 2.6463787160188126e-23, nan 
136.625, 65.125, 2.6185383032718165e-23, nan 
136.875, 65.125, 2.4105031266450432e-23, nan 
137.125, 65.125, 2.7118186252864285e-23, nan 
137.375, 65.125, 3.555566571552931e-23, nan 
137.625, 65.125, 3.1820428515666455e-23, nan 
137.875, 65.125, 2.786962407217089e-23, nan 
138.125, 65.125, 2.6082719795055425e-23, nan 
138.375, 65.125, 3.7600441472491863e-23, nan 
138.625, 65.125, 6.293990030539117e-23, nan 
138.875, 65.125, 6.046232288722701e-23, nan 
139.125, 65.125, 6.567407156554986e-23, nan 
139.375, 65.125, 4.854471051835902e-23, nan 
139.625, 65.125, 4.8887199442145867e-23, nan 
139.875, 65.125, 3.5808869324693954e-23, nan 
140.125, 65.125, 4.292029894562159e-23, nan 
140.375, 65.125, 1.3018528216071865e-22, nan 
140.625, 65.125, 9.452152736684657e-23, nan 
140.875, 65.125, 8.021604712361839e-23, nan 
141.125, 65.125, 2.813712554268654e-22, nan 
141.375, 65.125, 1.283902478719512e-22, nan 
141.625, 65.125, 9.851619074896277e-23, nan 
141.875, 65.125, 1.8117715213293746e-22, nan 
142.125, 65.125, 1.5923019979469063e-22, nan 
142.375, 65.125, 2.438426991170434e-22, nan 
142.625, 65.125, 1.8774394564433222e-22, nan 
142.875, 65.125, 2.3299434892786957e-22, nan 
143.125, 65.125, 5.642506337729697e-22, nan 
143.375, 65.125, 5.33409639105666e-22, nan 
143.625, 65.125, 2.448861715289989e-22, nan 
143.875, 65.125, 3.2711812618558088e-22, nan 
144.125, 65.125, 3.2365789674977116e-22, nan 
144.375, 65.125, 1.6286757726735623e-22, nan 
144.625, 65.125, 4.8357164233059075e-23, nan 
144.875, 65.125, 8.755108513321707e-23, nan 
145.125, 65.125, 1.1916174028909883e-22, nan 
145.375, 65.125, 1.2077786717310402e-22, nan 
145.625, 65.125, 7.759709776984894e-23, nan 
145.875, 65.125, 1.849186344719128e-22, nan 
146.125, 65.125, 1.7096821878574123e-22, nan 
146.375, 65.125, 5.46528127546457e-23, nan 
146.625, 65.125, 1.6695797736655552e-22, nan 
146.875, 65.125, 1.572287002559223e-22, nan 
147.125, 65.125, 1.326094447790552e-22, nan 
147.375, 65.125, 1.513421404850536e-22, nan 
147.625, 65.125, 4.634117126749239e-22, nan 
147.875, 65.125, 3.9532434064331357e-22, nan 
148.125, 65.125, 4.3872822472481085e-22, nan 
148.375, 65.125, 6.137770641947175e-22, nan 
148.625, 65.125, 6.438134878954496e-22, nan 
148.875, 65.125, 7.045872147512932e-22, nan 
149.125, 65.125, 7.3926617570206945e-22, nan 
149.375, 65.125, 6.003502310677713e-22, nan 
149.625, 65.125, 6.020356995094572e-22, nan 
149.875, 65.125, 4.3728181420963e-22, nan 
150.125, 65.125, 2.5709940090882145e-22, nan 
150.375, 65.125, 7.605567934773659e-23, nan 
150.625, 65.125, 1.7972591037373467e-22, nan 
150.875, 65.125, 2.4226887953060316e-22, nan 
151.125, 65.125, 2.5214906564048744e-22, nan 
151.375, 65.125, 3.7656366283739176e-22, nan 
151.625, 65.125, 5.185180148331323e-22, nan 
151.875, 65.125, 6.5594923166480135e-22, nan 
152.125, 65.125, 1.0808303015982615e-21, nan 
152.375, 65.125, 1.250520068779876e-21, nan 
152.625, 65.125, 1.4663276831097053e-21, nan 
152.875, 65.125, 6.835936481082489e-22, nan 
153.125, 65.125, 8.336318698857664e-22, nan 
153.375, 65.125, 1.100073660963182e-21, nan 
153.625, 65.125, 1.1151694523900665e-21, nan 
153.875, 65.125, 1.2192364878841885e-21, nan 
154.125, 65.125, 1.4391433110181742e-21, nan 
154.375, 65.125, 1.764214386895459e-21, nan 
154.625, 65.125, 2.002668189982998e-21, nan 
154.875, 65.125, 1.9859284758437477e-21, nan 
155.125, 65.125, 2.3056884860094483e-21, nan 
155.375, 65.125, 3.491755616725325e-21, nan 
155.625, 65.125, 5.144130457698367e-21, nan 
155.875, 65.125, 3.2574493187794178e-21, nan 
156.125, 65.125, 2.840345882231766e-21, nan 
156.375, 65.125, 1.829252877485432e-21, nan 
156.625, 65.125, 2.4138985303141514e-21, nan 
156.875, 65.125, 1.4217809251263312e-21, nan 
157.125, 65.125, 1.4407884945761487e-21, nan 
157.375, 65.125, 2.3885009920498196e-21, nan 
157.625, 65.125, 3.00903345936248e-21, nan 
157.875, 65.125, 1.87458492671852e-21, nan 
158.125, 65.125, 2.845841564018294e-21, nan 
158.375, 65.125, 4.329994827092905e-21, nan 
158.625, 65.125, 2.4252169304994203e-21, nan 
158.875, 65.125, 3.107810065666053e-21, nan 
159.125, 65.125, 2.7257399604535544e-21, nan 
159.375, 65.125, 2.1127435064801397e-21, nan 
159.625, 65.125, 3.5688694224857074e-21, nan 
159.875, 65.125, 3.341813595609001e-21, nan 
160.125, 65.125, 2.5525433645806656e-21, nan 
160.375, 65.125, 2.864823404761334e-21, nan 
160.625, 65.125, 2.647586868742152e-21, nan 
160.875, 65.125, 1.8059821391347178e-21, nan 
161.125, 65.125, 6.677795829330302e-22, nan 
161.375, 65.125, 1.0802080836038273e-21, nan 
161.625, 65.125, 1.348960218856422e-21, nan 
161.875, 65.125, 2.1352502977687997e-21, nan 
162.125, 65.125, 2.1412050255384726e-21, nan 
162.375, 65.125, 2.2696222783114e-21, nan 
162.625, 65.125, 2.766855438299414e-21, nan 
162.875, 65.125, 1.544715582579857e-21, nan 
163.125, 65.125, 1.1776423599311334e-21, nan 
163.375, 65.125, 1.6330893894089712e-21, nan 
163.625, 65.125, 3.134881930998594e-22, nan 
163.875, 65.125, 1.1309641535915656e-21, nan 
164.125, 65.125, 1.925912259518358e-21, nan 
164.375, 65.125, 2.0540999247911227e-21, nan 
164.625, 65.125, 4.607784195625629e-21, nan 
164.875, 65.125, 5.9444884523921554e-21, nan 
165.125, 65.125, 6.2094171332732245e-21, nan 
165.375, 65.125, 5.551842788080013e-21, nan 
165.625, 65.125, 6.441923923012108e-21, nan 
165.875, 65.125, 5.46047314091784e-21, nan 
166.125, 65.125, 2.5522303340530575e-21, nan 
166.375, 65.125, 2.9032679478419618e-21, nan 
166.625, 65.125, 3.335750744835272e-21, nan 
166.875, 65.125, 4.713344104742888e-21, nan 
167.125, 65.125, 7.411293635155918e-21, nan 
167.375, 65.125, 3.666811798799708e-21, nan 
167.625, 65.125, 3.045015558756685e-21, nan 
167.875, 65.125, 2.3362553525321133e-21, nan 
168.125, 65.125, 1.671587355994722e-21, nan 
168.375, 65.125, 2.211338396822789e-21, nan 
168.625, 65.125, 2.3900376625783002e-21, nan 
168.875, 65.125, 3.1698578883923403e-21, nan 
169.125, 65.125, 3.9889944163706295e-21, nan 
169.375, 65.125, 4.7903816862953796e-21, nan 
169.625, 65.125, 2.8783908092392275e-21, nan 
169.875, 65.125, 3.646448780826987e-21, nan 
170.125, 65.125, 3.535068168725023e-21, nan 
170.375, 65.125, 2.54976967458735e-21, nan 
170.625, 65.125, 1.6637258228048285e-21, nan 
170.875, 65.125, 2.049286574280911e-21, nan 
171.125, 65.125, 2.982699780948393e-21, nan 
171.375, 65.125, 2.824058599741694e-21, nan 
171.625, 65.125, 2.514892392759001e-21, nan 
171.875, 65.125, 3.2979791912848836e-21, nan 
172.125, 65.125, 2.8587978157414197e-21, nan 
172.375, 65.125, 2.402547892210723e-21, nan 
172.625, 65.125, 2.4986659103576335e-21, nan 
172.875, 65.125, 1.5482358897738022e-21, nan 
173.125, 65.125, 1.8048756633477058e-21, nan 
173.375, 65.125, 2.539108402015374e-21, nan 
173.625, 65.125, 2.770282897671896e-21, nan 
173.875, 65.125, 1.3557074030541485e-21, nan 
174.125, 65.125, 9.50712017596771e-22, nan 
174.375, 65.125, 2.8208604278526713e-21, nan 
174.625, 65.125, 2.735309789894005e-21, nan 
174.875, 65.125, 2.0993868248470816e-21, nan 
175.125, 65.125, 3.200986896537654e-21, nan 
175.375, 65.125, 1.2044613436514895e-21, nan 
175.625, 65.125, 3.049723149449992e-21, nan 
175.875, 65.125, 3.1353788929416156e-21, nan 
176.125, 65.125, 3.189884116278144e-21, nan 
176.375, 65.125, 4.383140336930273e-21, nan 
176.625, 65.125, 2.7853014052789184e-20, nan 
176.875, 65.125, 3.411802489032457e-20, nan 
177.125, 65.125, 3.071191507106305e-20, nan 
177.375, 65.125, 5.657399939505454e-20, nan 
177.625, 65.125, 3.622508243131591e-20, nan 
177.875, 65.125, 2.6182066121791057e-20, nan 
178.125, 65.125, 3.056482324053997e-20, nan 
178.375, 65.125, 3.3207206592763747e-20, nan 
178.625, 65.125, 2.6093062440015348e-20, nan 
178.875, 65.125, 2.4487831502414465e-20, nan 
179.125, 65.125, 2.0013664696210098e-20, nan 
179.375, 65.125, 8.717615972737644e-21, nan 
179.625, 65.125, 4.7861149232838836e-21, nan 
179.875, 65.125, 2.1093676352421496e-21, nan 
-179.875, 65.375, 4.32030903616121e-22, nan 
-179.625, 65.375, 5.525050192817034e-22, nan 
-179.375, 65.375, 6.832269392644162e-22, nan 
-179.125, 65.375, 7.195991570455665e-22, nan 
-178.875, 65.375, 5.007037872649437e-22, nan 
-178.625, 65.375, 1.0722071359576027e-21, nan 
-178.375, 65.375, 9.875067766535184e-22, nan 
-178.125, 65.375, 9.655796491369893e-22, nan 
-177.875, 65.375, 6.6783979616389235e-22, nan 
-177.625, 65.375, 8.009044944066402e-22, nan 
-177.375, 65.375, 5.878092129867088e-22, nan 
-177.125, 65.375, 1.7431516853292085e-22, nan 
-176.875, 65.375, 2.690597632522503e-22, nan 
-176.625, 65.375, 4.258981110177712e-22, nan 
-176.375, 65.375, 1.3693968474735606e-22, nan 
-176.125, 65.375, 3.182805684146757e-22, nan 
-175.875, 65.375, 5.77898928325645e-22, nan 
-175.625, 65.375, 4.620469661630552e-22, nan 
-175.375, 65.375, 3.718296050257192e-22, nan 
-175.125, 65.375, 4.0427881108601417e-22, nan 
-174.875, 65.375, 5.62832948887572e-22, nan 
-174.625, 65.375, 3.0834131029121387e-22, nan 
-174.375, 65.375, 1.5230309638416534e-22, nan 
-174.125, 65.375, 1.8728772459317766e-22, nan 
-173.875, 65.375, 1.4373522704658071e-22, nan 
-173.625, 65.375, 2.528971556466805e-22, nan 
-173.375, 65.375, 1.429130387099244e-22, nan 
-173.125, 65.375, 5.672616902017414e-23, nan 
-172.875, 65.375, 8.865966944744979e-23, nan 
-172.625, 65.375, 1.3900425234689552e-22, nan 
-172.375, 65.375, 1.6504040173239504e-22, nan 
-172.125, 65.375, 1.162135904365798e-22, nan 
-171.875, 65.375, 1.5763793858553519e-22, nan 
-171.625, 65.375, 2.4964937304582527e-22, nan 
-171.375, 65.375, 1.798978509269128e-22, nan 
-171.125, 65.375, 2.6222511300299335e-22, nan 
-170.875, 65.375, 1.1708386910185185e-22, nan 
-170.625, 65.375, 9.32057509381218e-23, nan 
-170.375, 65.375, 9.938003039124915e-23, nan 
-170.125, 65.375, 8.11117627046036e-23, nan 
-169.875, 65.375, 7.007313394414473e-23, nan 
-169.625, 65.375, 6.087670524003265e-23, nan 
-169.375, 65.375, 7.936249516640492e-23, nan 
-169.125, 65.375, 7.42322616944135e-23, nan 
-168.875, 65.375, 8.89104278571742e-23, nan 
-168.625, 65.375, 9.696115589555104e-23, nan 
-168.375, 65.375, 7.370284536647405e-23, nan 
-168.125, 65.375, 8.410271669460796e-23, nan 
-167.875, 65.375, 1.752280823629083e-22, nan 
-167.625, 65.375, 9.774997098716679e-23, nan 
-167.375, 65.375, 5.001069177872817e-23, nan 
-167.125, 65.375, 6.890878910033111e-23, nan 
-166.875, 65.375, 1.005476390975958e-22, nan 
-166.625, 65.375, 6.632984065584063e-23, nan 
-166.375, 65.375, 6.536174990498816e-23, nan 
-166.125, 65.375, 1.0720309138149664e-22, nan 
-165.875, 65.375, 9.337040307952035e-23, nan 
-165.625, 65.375, 7.189004621381109e-23, nan 
-165.375, 65.375, 6.026930617976077e-23, nan 
-165.125, 65.375, 6.868717145884861e-23, nan 
-164.875, 65.375, 8.414344194001821e-23, nan 
-164.625, 65.375, 8.892288267598166e-23, nan 
-164.375, 65.375, 8.021977101126234e-23, nan 
-164.125, 65.375, 1.0041460595378022e-22, nan 
-163.875, 65.375, 8.258100452515088e-23, nan 
-163.625, 65.375, 4.8902999321047535e-23, nan 
-163.375, 65.375, 1.200422096694673e-22, nan 
-163.125, 65.375, 7.930035634431225e-23, nan 
-162.875, 65.375, 5.26333814075379e-23, nan 
-162.625, 65.375, 1.7687079797632348e-22, nan 
-162.375, 65.375, 7.136262419467445e-23, nan 
-162.125, 65.375, 5.778771222812993e-23, nan 
-161.875, 65.375, 7.745166447337605e-23, nan 
-161.625, 65.375, 4.53826113404358e-23, nan 
-161.375, 65.375, 4.81611242557926e-23, nan 
-161.125, 65.375, 3.1175768580181964e-23, nan 
-160.875, 65.375, 2.3180033960067388e-23, nan 
-160.625, 65.375, 5.786473208851115e-23, nan 
-160.375, 65.375, 6.476409798604459e-23, nan 
-160.125, 65.375, 8.78922202649402e-23, nan 
-159.875, 65.375, 6.690949990478847e-23, nan 
-159.625, 65.375, 6.723742582151858e-23, nan 
-159.375, 65.375, 6.727861842060467e-23, nan 
-159.125, 65.375, 3.504049918099915e-23, nan 
-158.875, 65.375, 7.888508925960644e-23, nan 
-158.625, 65.375, 8.320036344561457e-23, nan 
-158.375, 65.375, 5.50208874124529e-23, nan 
-158.125, 65.375, 8.056531765626273e-23, nan 
-157.875, 65.375, 9.893613672132218e-23, nan 
-157.625, 65.375, 1.2164368412901567e-22, nan 
-157.375, 65.375, 1.0033144077719674e-22, nan 
-157.125, 65.375, 1.1947402885292663e-22, nan 
-156.875, 65.375, 1.2998736697618467e-22, nan 
-156.625, 65.375, 1.0950906450181345e-22, nan 
-156.375, 65.375, 9.573762771075656e-23, nan 
-156.125, 65.375, 7.637472694448595e-23, nan 
-155.875, 65.375, 5.911349825742837e-23, nan 
-155.625, 65.375, 5.08029386588741e-23, nan 
-155.375, 65.375, 3.2405046702007715e-23, nan 
-155.125, 65.375, 2.9916357070154173e-23, nan 
-154.875, 65.375, 2.3600604745251575e-23, nan 
-154.625, 65.375, 2.21110390997569e-23, nan 
-154.375, 65.375, 2.5086846888064672e-23, nan 
-154.125, 65.375, 2.769907139759077e-23, nan 
-153.875, 65.375, 3.762546232124866e-23, nan 
-153.625, 65.375, 2.759575757932941e-23, nan 
-153.375, 65.375, 2.2862436466546794e-23, nan 
-153.125, 65.375, 2.7569453480572366e-23, nan 
-152.875, 65.375, 2.420622650272543e-23, nan 
-152.625, 65.375, 1.7588782422476872e-23, nan 
-152.375, 65.375, 3.0775451659759615e-23, nan 
-152.125, 65.375, 2.765224049134553e-23, nan 
-151.875, 65.375, 2.996735039917524e-23, nan 
-151.625, 65.375, 3.6670267052672276e-23, nan 
-151.375, 65.375, 3.3596150230996005e-23, nan 
-151.125, 65.375, 3.161298584555866e-23, nan 
-150.875, 65.375, 2.9287818340864086e-23, nan 
-150.625, 65.375, 3.203660008177844e-23, nan 
-150.375, 65.375, 5.307374981185448e-23, nan 
-150.125, 65.375, 4.814683792423238e-23, nan 
-149.875, 65.375, 4.625027202815204e-23, nan 
-149.625, 65.375, 2.0727989087972874e-23, nan 
-149.375, 65.375, 1.2602899197459744e-23, nan 
-149.125, 65.375, 2.1271441469898673e-23, nan 
-148.875, 65.375, 2.5418760324477845e-23, nan 
-148.625, 65.375, 2.638808157875726e-23, nan 
-148.375, 65.375, 3.917872335954229e-23, nan 
-148.125, 65.375, 3.1178884435941174e-23, nan 
-147.875, 65.375, 2.140761182564971e-23, nan 
-147.625, 65.375, 2.00715605744318e-23, nan 
-147.375, 65.375, 1.9713535513466146e-23, nan 
-147.125, 65.375, 1.405118465806297e-23, nan 
-146.875, 65.375, 2.6638738751287056e-23, nan 
-146.625, 65.375, 1.753596674166035e-23, nan 
-146.375, 65.375, 1.9241818571755876e-23, nan 
-146.125, 65.375, 1.755464444318291e-23, nan 
-145.875, 65.375, 1.1478880034318227e-23, nan 
-145.625, 65.375, 1.9075412911828186e-23, nan 
-145.375, 65.375, 1.6749189897094194e-23, nan 
-145.125, 65.375, 1.3426564299473998e-23, nan 
-144.875, 65.375, 1.9960150705675893e-23, nan 
-144.625, 65.375, 2.6992568207386855e-23, nan 
-144.375, 65.375, 2.2961878330636813e-23, nan 
-144.125, 65.375, 2.3926263701150754e-23, nan 
-143.875, 65.375, 2.1451965616481912e-23, nan 
-143.625, 65.375, 1.129868267645696e-23, nan 
-143.375, 65.375, 6.763643605772722e-24, nan 
-143.125, 65.375, 1.7496164844424253e-23, nan 
-142.875, 65.375, 1.961716659298584e-23, nan 
-142.625, 65.375, 1.9161150060701564e-23, nan 
-142.375, 65.375, 3.2745148127261075e-23, nan 
-142.125, 65.375, 1.8543241567012816e-23, nan 
-141.875, 65.375, 2.1843587975081814e-23, nan 
-141.625, 65.375, 2.3724966280256606e-23, nan 
-141.375, 65.375, 1.7109462598769655e-23, nan 
-141.125, 65.375, 7.805289560808607e-24, nan 
-140.875, 65.375, 1.3573642114362755e-23, nan 
-140.625, 65.375, 2.088053357249357e-23, nan 
-140.375, 65.375, 1.7763462854626436e-23, nan 
-140.125, 65.375, 2.3449894434243775e-23, nan 
-139.875, 65.375, 1.7282586799351075e-23, nan 
-139.625, 65.375, 1.244629776842209e-23, nan 
-139.375, 65.375, 1.4572389078186683e-23, nan 
-139.125, 65.375, 2.1380011051306695e-23, nan 
-138.875, 65.375, 2.7487651147773937e-23, nan 
-138.625, 65.375, 2.1469147661432544e-23, nan 
-138.375, 65.375, 1.5138824528651985e-23, nan 
-138.125, 65.375, 1.6876997966933948e-23, nan 
-137.875, 65.375, 1.9512380970195252e-23, nan 
-137.625, 65.375, 1.0807654333415924e-23, nan 
-137.375, 65.375, 1.8438547996940896e-23, nan 
-137.125, 65.375, 1.9191115651955113e-23, nan 
-136.875, 65.375, 1.9632112839466392e-23, nan 
-136.625, 65.375, 1.6390677621799037e-23, nan 
-136.375, 65.375, 1.7515390649896357e-23, nan 
-136.125, 65.375, 1.688529017103595e-23, nan 
-135.875, 65.375, 1.4027017531572844e-23, nan 
-135.625, 65.375, 1.6736774579215147e-23, nan 
-135.375, 65.375, 1.633196534288304e-23, nan 
-135.125, 65.375, 1.2638172628127197e-23, nan 
-134.875, 65.375, 8.894184951011496e-24, nan 
-134.625, 65.375, 1.006081981727561e-23, nan 
-134.375, 65.375, 1.3097963635408432e-23, nan 
-134.125, 65.375, 7.986093392384816e-24, nan 
-133.875, 65.375, 4.3186933622559394e-24, nan 
-133.625, 65.375, 4.974249986444607e-24, nan 
-133.375, 65.375, 8.69409788292211e-24, nan 
-133.125, 65.375, 1.3068868709095287e-23, nan 
-132.875, 65.375, 9.196106500631648e-24, nan 
-132.625, 65.375, 8.795834034289678e-24, nan 
-132.375, 65.375, 7.621058516488518e-24, nan 
-132.125, 65.375, 9.035869593937642e-24, nan 
-131.875, 65.375, 5.285019169168412e-24, nan 
-131.625, 65.375, 5.2177368900791245e-24, nan 
-131.375, 65.375, 8.798341566493338e-24, nan 
-131.125, 65.375, 9.548542641683107e-24, nan 
-130.875, 65.375, 1.434349678592156e-23, nan 
-130.625, 65.375, 1.6169288137791412e-23, nan 
-130.375, 65.375, 2.0319262246415252e-23, nan 
-130.125, 65.375, 1.0211926292745462e-23, nan 
-129.875, 65.375, 1.07456541125474e-23, nan 
-129.625, 65.375, 2.739086142564128e-23, nan 
-129.375, 65.375, 9.747592674728591e-24, nan 
-129.125, 65.375, 7.793339524764556e-24, nan 
-128.875, 65.375, 1.2167139744003464e-23, nan 
-128.625, 65.375, 1.2856952633285575e-23, nan 
-128.375, 65.375, 8.949896703241113e-24, nan 
-128.125, 65.375, 2.5019939402036827e-24, nan 
-127.875, 65.375, 4.207709286530748e-24, nan 
-127.625, 65.375, 5.695165764657666e-24, nan 
-127.375, 65.375, 8.723455819746187e-24, nan 
-127.125, 65.375, 5.560444765928738e-24, nan 
-126.875, 65.375, 6.32766907154072e-24, nan 
-126.625, 65.375, 8.790190073477072e-24, nan 
-126.375, 65.375, 4.897613803595702e-24, nan 
-126.125, 65.375, 4.230095031976281e-24, nan 
-125.875, 65.375, 4.596197632988827e-24, nan 
-125.625, 65.375, 4.092198965168337e-24, nan 
-125.375, 65.375, 3.0258318773665825e-24, nan 
-125.125, 65.375, 3.1119497508304802e-24, nan 
-124.875, 65.375, 5.773982983229295e-24, nan 
-124.625, 65.375, 6.398265295970223e-24, nan 
-124.375, 65.375, 5.587739179141454e-24, nan 
-124.125, 65.375, 5.3425797879714836e-24, nan 
-123.875, 65.375, 7.207339627869061e-24, nan 
-123.625, 65.375, 7.756127973254845e-24, nan 
95.625, 65.375, 1.2851233651869751e-23, nan 
95.875, 65.375, 1.5359971877061946e-23, nan 
96.125, 65.375, 1.1627183856179908e-23, nan 
96.375, 65.375, 1.0211803207824045e-23, nan 
96.625, 65.375, 1.2320091876282957e-23, nan 
96.875, 65.375, 1.0863530923090331e-23, nan 
97.125, 65.375, 8.141525659866108e-24, nan 
97.375, 65.375, 5.489551244745869e-24, nan 
97.625, 65.375, 2.970295403735056e-24, nan 
97.875, 65.375, 5.1214929572915046e-24, nan 
98.125, 65.375, 1.2022911532104959e-23, nan 
98.375, 65.375, 9.66327316659862e-24, nan 
98.625, 65.375, 5.670195212156274e-24, nan 
98.875, 65.375, 3.586115121042369e-24, nan 
99.125, 65.375, 7.14072129838727e-24, nan 
99.375, 65.375, 6.744758070377343e-24, nan 
99.625, 65.375, 3.8668815628284064e-24, nan 
99.875, 65.375, 6.279009713018272e-24, nan 
100.125, 65.375, 4.686284955864273e-24, nan 
100.375, 65.375, 6.009335973397278e-24, nan 
100.625, 65.375, 4.8208760730472096e-24, nan 
100.875, 65.375, 6.391570819367541e-24, nan 
101.125, 65.375, 4.0048070094241056e-24, nan 
101.375, 65.375, 6.122834558441758e-24, nan 
101.625, 65.375, 3.557635964934528e-24, nan 
101.875, 65.375, 3.641755907582872e-24, nan 
102.125, 65.375, 5.122049945528313e-24, nan 
102.375, 65.375, 4.302531658690325e-24, nan 
102.625, 65.375, 3.427784842309016e-24, nan 
102.875, 65.375, 3.661712710248956e-24, nan 
103.125, 65.375, 5.480979143222558e-24, nan 
103.375, 65.375, 6.776719424744209e-24, nan 
103.625, 65.375, 5.913510107167054e-24, nan 
103.875, 65.375, 8.210111388887911e-24, nan 
104.125, 65.375, 7.044029200439748e-24, nan 
104.375, 65.375, 7.005874684332914e-24, nan 
104.625, 65.375, 3.2782344425999654e-24, nan 
104.875, 65.375, 3.306271469636568e-24, nan 
105.125, 65.375, 6.776602093190586e-24, nan 
105.375, 65.375, 6.577205232044216e-24, nan 
105.625, 65.375, 4.671954529161612e-24, nan 
105.875, 65.375, 6.256545357144852e-24, nan 
106.125, 65.375, 8.282069546040454e-24, nan 
106.375, 65.375, 4.788422213006106e-24, nan 
106.625, 65.375, 4.589964632807857e-24, nan 
106.875, 65.375, 4.8649497471905594e-24, nan 
107.125, 65.375, 2.4754248272197697e-24, nan 
107.375, 65.375, 1.241218254660962e-24, nan 
107.625, 65.375, 4.145851421051546e-24, nan 
107.875, 65.375, 1.0573877530931792e-23, nan 
108.125, 65.375, 1.3276042644451604e-23, nan 
108.375, 65.375, 9.877611123211468e-24, nan 
108.625, 65.375, 1.1645896838770789e-23, nan 
108.875, 65.375, 1.796109717765247e-23, nan 
109.125, 65.375, 7.944269568945758e-24, nan 
109.375, 65.375, 7.152419812548077e-24, nan 
109.625, 65.375, 1.2307462911758713e-23, nan 
109.875, 65.375, 7.339709667921686e-24, nan 
110.125, 65.375, 4.283298742950064e-24, nan 
110.375, 65.375, 6.704291116241685e-24, nan 
110.625, 65.375, 6.4767289684326e-24, nan 
110.875, 65.375, 5.043534781295409e-24, nan 
111.125, 65.375, 5.8141483463401455e-24, nan 
111.375, 65.375, 1.0501139967989244e-23, nan 
111.625, 65.375, 6.5794141335439976e-24, nan 
111.875, 65.375, 4.995920867049483e-24, nan 
112.125, 65.375, 2.9037951779612382e-24, nan 
112.375, 65.375, 5.3151935993254974e-24, nan 
112.625, 65.375, 9.591292506188672e-24, nan 
112.875, 65.375, 1.6494869417609293e-23, nan 
113.125, 65.375, 1.2382211324621364e-23, nan 
113.375, 65.375, 5.911450254539844e-24, nan 
113.625, 65.375, 3.7842747310694314e-24, nan 
113.875, 65.375, 9.229118252482506e-24, nan 
114.125, 65.375, 1.0283149781956385e-23, nan 
114.375, 65.375, 1.0592369653597788e-23, nan 
114.625, 65.375, 1.3700993720435772e-23, nan 
114.875, 65.375, 1.585274393932508e-23, nan 
115.125, 65.375, 2.066650766938773e-23, nan 
115.375, 65.375, 1.6158355717965946e-23, nan 
115.625, 65.375, 1.4867774833444265e-23, nan 
115.875, 65.375, 1.4630034242142262e-23, nan 
116.125, 65.375, 1.0541786735073539e-23, nan 
116.375, 65.375, 1.2995811268248538e-23, nan 
116.625, 65.375, 1.7903194673544525e-23, nan 
116.875, 65.375, 1.91836107713113e-23, nan 
117.125, 65.375, 2.00711476706618e-23, nan 
117.375, 65.375, 1.908367688311132e-23, nan 
117.625, 65.375, 3.5613010395802905e-23, nan 
117.875, 65.375, 5.1830813622100395e-23, nan 
118.125, 65.375, 2.2464702836889174e-23, nan 
118.375, 65.375, 2.8915967986718374e-23, nan 
118.625, 65.375, 3.393464456702975e-23, nan 
118.875, 65.375, 8.719266789622163e-24, nan 
119.125, 65.375, 8.080203513427214e-24, nan 
119.375, 65.375, 4.3057906133371654e-24, nan 
119.625, 65.375, 6.893318289907888e-24, nan 
119.875, 65.375, 8.229879373855146e-24, nan 
120.125, 65.375, 1.3557104008762207e-23, nan 
120.375, 65.375, 2.1238632551942278e-23, nan 
120.625, 65.375, 1.960149334214776e-23, nan 
120.875, 65.375, 2.43484810137712e-23, nan 
121.125, 65.375, 2.460379580231923e-23, nan 
121.375, 65.375, 1.3527380151846647e-23, nan 
121.625, 65.375, 1.50691717226199e-23, nan 
121.875, 65.375, 1.461571060699698e-23, nan 
122.125, 65.375, 9.800416768661144e-24, nan 
122.375, 65.375, 2.2278021561255563e-23, nan 
122.625, 65.375, 4.22115337631667e-23, nan 
122.875, 65.375, 3.5687430137512424e-23, nan 
123.125, 65.375, 3.671553856343613e-23, nan 
123.375, 65.375, 4.153183221962269e-23, nan 
123.625, 65.375, 2.840924605373909e-23, nan 
123.875, 65.375, 1.8839452027435215e-23, nan 
124.125, 65.375, 1.6699269190425141e-23, nan 
124.375, 65.375, 2.1927324755514728e-23, nan 
124.625, 65.375, 1.93950182341853e-23, nan 
124.875, 65.375, 1.333014803631756e-23, nan 
125.125, 65.375, 8.794691869532669e-24, nan 
125.375, 65.375, 1.7802871470945814e-23, nan 
125.625, 65.375, 1.6114293507663463e-23, nan 
125.875, 65.375, 1.9226515634932547e-23, nan 
126.125, 65.375, 1.0586687564731867e-23, nan 
126.375, 65.375, 4.0768197954836756e-23, nan 
126.625, 65.375, 5.067345713047468e-23, nan 
126.875, 65.375, 8.446705976316322e-23, nan 
127.125, 65.375, 1.046293883989164e-22, nan 
127.375, 65.375, 1.575297092103681e-22, nan 
127.625, 65.375, 2.304686557939162e-22, nan 
127.875, 65.375, 2.028560229893012e-22, nan 
128.125, 65.375, 4.911954985112529e-22, nan 
128.375, 65.375, 4.779439225786579e-22, nan 
128.625, 65.375, 2.971841801593286e-22, nan 
128.875, 65.375, 3.864885477812457e-22, nan 
129.125, 65.375, 2.13435111651041e-22, nan 
129.375, 65.375, 8.053934523718588e-23, nan 
129.625, 65.375, 1.806888957911588e-22, nan 
129.875, 65.375, 6.893503241238852e-23, nan 
130.125, 65.375, 4.584355684679971e-23, nan 
130.375, 65.375, 4.535986740062394e-23, nan 
130.625, 65.375, 2.994582041205324e-23, nan 
130.875, 65.375, 2.5625510817196373e-23, nan 
131.125, 65.375, 4.446155731987927e-23, nan 
131.375, 65.375, 3.157974868209441e-23, nan 
131.625, 65.375, 1.86595586075599e-23, nan 
131.875, 65.375, 3.750307280569413e-23, nan 
132.125, 65.375, 6.249934800387096e-23, nan 
132.375, 65.375, 5.037482672951046e-23, nan 
132.625, 65.375, 2.729760381035137e-23, nan 
132.875, 65.375, 3.728086775797153e-23, nan 
133.125, 65.375, 3.8146466332090156e-23, nan 
133.375, 65.375, 4.4014108448810364e-23, nan 
133.625, 65.375, 4.458149229811456e-23, nan 
133.875, 65.375, 4.10817622653437e-23, nan 
134.125, 65.375, 3.476677654302207e-23, nan 
134.375, 65.375, 2.0517566803125233e-23, nan 
134.625, 65.375, 2.7803822396009996e-23, nan 
134.875, 65.375, 9.937384383254757e-24, nan 
135.125, 65.375, 3.2217468991159505e-23, nan 
135.375, 65.375, 1.1450265456163384e-23, nan 
135.625, 65.375, 1.2548711826038485e-23, nan 
135.875, 65.375, 2.387269887774811e-23, nan 
136.125, 65.375, 2.3158835849610163e-23, nan 
136.375, 65.375, 3.4848687163867756e-23, nan 
136.625, 65.375, 2.8227992205824013e-23, nan 
136.875, 65.375, 3.062537504227494e-23, nan 
137.125, 65.375, 3.957257801596484e-23, nan 
137.375, 65.375, 4.740731182247308e-23, nan 
137.625, 65.375, 5.392056659053392e-23, nan 
137.875, 65.375, 3.575726253577656e-23, nan 
138.125, 65.375, 6.088092645560698e-23, nan 
138.375, 65.375, 9.721440095057632e-23, nan 
138.625, 65.375, 1.5984000801181766e-22, nan 
138.875, 65.375, 1.8831572443571308e-22, nan 
139.125, 65.375, 1.8660287277820636e-22, nan 
139.375, 65.375, 1.2526053048005676e-22, nan 
139.625, 65.375, 4.04114185558821e-23, nan 
139.875, 65.375, 6.276626261856119e-23, nan 
140.125, 65.375, 5.310544223801368e-23, nan 
140.375, 65.375, 5.484844447246994e-23, nan 
140.625, 65.375, 7.294852267388157e-23, nan 
140.875, 65.375, 6.009370840950636e-23, nan 
141.125, 65.375, 1.4132839067715014e-22, nan 
141.375, 65.375, 6.656434125021681e-23, nan 
141.625, 65.375, 6.097998785143029e-23, nan 
141.875, 65.375, 9.353662662870445e-23, nan 
142.125, 65.375, 7.043064581319667e-23, nan 
142.375, 65.375, 1.4101811618683938e-22, nan 
142.625, 65.375, 1.5968523257968298e-22, nan 
142.875, 65.375, 1.313980280897054e-22, nan 
143.125, 65.375, 3.0852859340570065e-22, nan 
143.375, 65.375, 2.9812675701417546e-22, nan 
143.625, 65.375, 1.7115520953328686e-22, nan 
143.875, 65.375, 8.94165633748576e-23, nan 
144.125, 65.375, 9.776063136377605e-23, nan 
144.375, 65.375, 9.909920622080243e-23, nan 
144.625, 65.375, 6.952027547395791e-23, nan 
144.875, 65.375, 9.738207589758817e-23, nan 
145.125, 65.375, 1.4971396619469294e-22, nan 
145.375, 65.375, 1.438398577294864e-22, nan 
145.625, 65.375, 1.418185785328122e-22, nan 
145.875, 65.375, 1.7547825093053247e-22, nan 
146.125, 65.375, 1.5675636207793702e-22, nan 
146.375, 65.375, 1.4003887707961938e-22, nan 
146.625, 65.375, 1.5804136271729583e-22, nan 
146.875, 65.375, 1.214967620160689e-22, nan 
147.125, 65.375, 8.627487677568243e-23, nan 
147.375, 65.375, 3.4611027671181646e-22, nan 
147.625, 65.375, 3.0872054283315635e-22, nan 
147.875, 65.375, 1.923877795218011e-22, nan 
148.125, 65.375, 4.6864127083886465e-22, nan 
148.375, 65.375, 4.647883635064133e-22, nan 
148.625, 65.375, 4.98491909589856e-22, nan 
148.875, 65.375, 5.96611498949282e-22, nan 
149.125, 65.375, 3.4237459820615433e-22, nan 
149.375, 65.375, 3.596359272427409e-22, nan 
149.625, 65.375, 4.826603010169143e-22, nan 
149.875, 65.375, 1.8589179863527973e-22, nan 
150.125, 65.375, 2.0614066490918981e-22, nan 
150.375, 65.375, 1.3496322529687987e-22, nan 
150.625, 65.375, 1.910592799636092e-22, nan 
150.875, 65.375, 1.7930139218641625e-22, nan 
151.125, 65.375, 2.1721690477197405e-22, nan 
151.375, 65.375, 7.6092596819623945e-22, nan 
151.625, 65.375, 1.257381632635856e-21, nan 
151.875, 65.375, 1.5011494806210773e-21, nan 
152.125, 65.375, 1.4740215374787855e-21, nan 
152.375, 65.375, 1.8205301340738005e-21, nan 
152.625, 65.375, 2.256970004996082e-21, nan 
152.875, 65.375, 1.7634186291812615e-21, nan 
153.125, 65.375, 1.2566071620724023e-21, nan 
153.375, 65.375, 1.479989995215114e-21, nan 
153.625, 65.375, 6.354003565958519e-22, nan 
153.875, 65.375, 7.7676883780196635e-22, nan 
154.125, 65.375, 1.0192659200973092e-21, nan 
154.375, 65.375, 1.4686457231529668e-21, nan 
154.625, 65.375, 1.9328391550412342e-21, nan 
154.875, 65.375, 1.922978199618658e-21, nan 
155.125, 65.375, 2.0588681627438912e-21, nan 
155.375, 65.375, 2.175817820074216e-21, nan 
155.625, 65.375, 2.4458135325735527e-21, nan 
155.875, 65.375, 2.8434402317963595e-21, nan 
156.125, 65.375, 1.7808948184513567e-21, nan 
156.375, 65.375, 8.440718548508695e-22, nan 
156.625, 65.375, 1.6493770881551992e-21, nan 
156.875, 65.375, 1.5592332811302e-21, nan 
157.125, 65.375, 1.8968404736506658e-21, nan 
157.375, 65.375, 2.6147754604016813e-21, nan 
157.625, 65.375, 1.758029653486281e-21, nan 
157.875, 65.375, 2.081441425936185e-21, nan 
158.125, 65.375, 3.709772902329743e-21, nan 
158.375, 65.375, 3.82836796481474e-21, nan 
158.625, 65.375, 2.0549143214076846e-21, nan 
158.875, 65.375, 4.022850328265237e-21, nan 
159.125, 65.375, 3.115642186313833e-21, nan 
159.375, 65.375, 2.3565318260309134e-21, nan 
159.625, 65.375, 4.124518068126116e-21, nan 
159.875, 65.375, 4.1071991767384994e-21, nan 
160.125, 65.375, 2.8679430334042607e-21, nan 
160.375, 65.375, 2.7755121111884485e-21, nan 
160.625, 65.375, 1.9100159895232433e-21, nan 
160.875, 65.375, 1.7208573211125555e-21, nan 
161.125, 65.375, 1.2476166640585881e-21, nan 
161.375, 65.375, 1.0726049142047526e-21, nan 
161.625, 65.375, 1.388213226680404e-21, nan 
161.875, 65.375, 1.6413049474642811e-21, nan 
162.125, 65.375, 2.118723072662432e-21, nan 
162.375, 65.375, 1.944680696791462e-21, nan 
162.625, 65.375, 3.021309830010496e-21, nan 
162.875, 65.375, 1.7692550736487593e-21, nan 
163.125, 65.375, 1.4047299129966142e-21, nan 
163.375, 65.375, 1.4702687774615949e-21, nan 
163.625, 65.375, 1.940069175324666e-21, nan 
163.875, 65.375, 1.0021804070195393e-21, nan 
164.125, 65.375, 2.134494481773089e-21, nan 
164.375, 65.375, 3.1603024005243796e-21, nan 
164.625, 65.375, 5.132249169706961e-21, nan 
164.875, 65.375, 6.115917584817142e-21, nan 
165.125, 65.375, 4.044005288336997e-21, nan 
165.375, 65.375, 6.559608750325257e-21, nan 
165.625, 65.375, 9.291745117200727e-21, nan 
165.875, 65.375, 5.303210138297205e-21, nan 
166.125, 65.375, 5.6735099134814115e-21, nan 
166.375, 65.375, 7.63609884749926e-21, nan 
166.625, 65.375, 3.143030187152968e-21, nan 
166.875, 65.375, 9.646308318070846e-21, nan 
167.125, 65.375, 1.5207504487107677e-20, nan 
167.375, 65.375, 5.0006417425592424e-21, nan 
167.625, 65.375, 5.4767662945187144e-21, nan 
167.875, 65.375, 8.827730266531081e-21, nan 
168.125, 65.375, 3.565152280726752e-21, nan 
168.375, 65.375, 1.9156963182326e-21, nan 
168.625, 65.375, 3.434594431994812e-21, nan 
168.875, 65.375, 3.1572802910654433e-21, nan 
169.125, 65.375, 3.737919409446867e-21, nan 
169.375, 65.375, 4.4177461928918e-21, nan 
169.625, 65.375, 3.996821537128804e-21, nan 
169.875, 65.375, 3.670155912821629e-21, nan 
170.125, 65.375, 4.015752531608484e-21, nan 
170.375, 65.375, 2.049542764422857e-21, nan 
170.625, 65.375, 1.892497339422513e-21, nan 
170.875, 65.375, 2.7222963945104548e-21, nan 
171.125, 65.375, 2.336352115122936e-21, nan 
171.375, 65.375, 3.929664107832057e-21, nan 
171.625, 65.375, 3.977200673487903e-21, nan 
171.875, 65.375, 3.813090038584207e-21, nan 
172.125, 65.375, 3.7150648396552554e-21, nan 
172.375, 65.375, 3.479893294390734e-21, nan 
172.625, 65.375, 4.4197402221605645e-21, nan 
172.875, 65.375, 3.130815148570097e-21, nan 
173.125, 65.375, 5.242380715408256e-21, nan 
173.375, 65.375, 4.497369785675248e-21, nan 
173.625, 65.375, 2.873683684820811e-21, nan 
173.875, 65.375, 3.0051007050204324e-21, nan 
174.125, 65.375, 2.809192091131843e-21, nan 
174.375, 65.375, 3.680027766435974e-21, nan 
174.625, 65.375, 3.3498893655481185e-21, nan 
174.875, 65.375, 3.259080398502214e-21, nan 
175.125, 65.375, 4.0763684839628394e-21, nan 
175.375, 65.375, 1.419563557097983e-21, nan 
175.625, 65.375, 2.5458017075360614e-21, nan 
175.875, 65.375, 3.6897039719975126e-21, nan 
176.125, 65.375, 2.8365595605740217e-21, nan 
176.375, 65.375, 7.02217262758354e-21, nan 
176.625, 65.375, 4.2445943123326894e-21, nan 
176.875, 65.375, 2.583079323309056e-20, nan 
177.125, 65.375, 3.846120926940607e-20, nan 
177.375, 65.375, 3.927338355893045e-20, nan 
177.625, 65.375, 3.49412597292892e-20, nan 
177.875, 65.375, 4.6375791904173304e-20, nan 
178.125, 65.375, 3.1885432375545327e-20, nan 
178.375, 65.375, 2.491805124560955e-20, nan 
178.625, 65.375, 2.6039713664491825e-20, nan 
178.875, 65.375, 1.6865100621660514e-20, nan 
179.125, 65.375, 1.3123182369164265e-20, nan 
179.375, 65.375, 3.199033890752049e-21, nan 
179.625, 65.375, 3.948891404176322e-21, nan 
179.875, 65.375, 6.82884847858435e-22, nan 
-179.875, 65.625, 8.18758612892408e-22, nan 
-179.625, 65.625, 9.397533673979844e-22, nan 
-179.375, 65.625, 1.4393911470971886e-21, nan 
-179.125, 65.625, 1.5943866711500647e-21, nan 
-178.875, 65.625, 5.72702896285936e-22, nan 
-178.625, 65.625, 1.2792926938428002e-21, nan 
-178.375, 65.625, 1.1816040896968478e-21, nan 
-178.125, 65.625, 5.247495428908378e-22, nan 
-177.875, 65.625, 2.632403314969935e-22, nan 
-177.625, 65.625, 4.1857110253463667e-22, nan 
-177.375, 65.625, 3.837921098307186e-22, nan 
-177.125, 65.625, 3.5799836367952613e-22, nan 
-176.875, 65.625, 2.9765232021226833e-22, nan 
-176.625, 65.625, 2.9922467770585727e-22, nan 
-176.375, 65.625, 2.3363004839951164e-22, nan 
-176.125, 65.625, 2.7712656660552914e-22, nan 
-175.875, 65.625, 4.960198282098048e-22, nan 
-175.625, 65.625, 3.7252971480785244e-22, nan 
-175.375, 65.625, 5.7823425943313425e-22, nan 
-175.125, 65.625, 4.519066435468498e-22, nan 
-174.875, 65.625, 4.799677573858804e-22, nan 
-174.625, 65.625, 6.332614623801335e-22, nan 
-174.375, 65.625, 2.922370109162638e-22, nan 
-174.125, 65.625, 9.179578510068223e-23, nan 
-173.875, 65.625, 2.4800047464864915e-22, nan 
-173.625, 65.625, 2.1261698976211093e-22, nan 
-173.375, 65.625, 1.6282085294871494e-22, nan 
-173.125, 65.625, 1.0511910246818987e-22, nan 
-172.875, 65.625, 9.396736872640519e-23, nan 
-172.625, 65.625, 7.034288629498867e-23, nan 
-172.375, 65.625, 7.97474749565735e-23, nan 
-172.125, 65.625, 1.8220517212965632e-22, nan 
-171.875, 65.625, 3.152944169361941e-22, nan 
-171.625, 65.625, 2.1120271165173065e-22, nan 
-171.375, 65.625, 1.9748090152958516e-22, nan 
-171.125, 65.625, 4.529244183950926e-22, nan 
-170.875, 65.625, 2.3567206254180167e-22, nan 
-170.625, 65.625, 1.2882007484652185e-22, nan 
-170.375, 65.625, 2.555444693245057e-22, nan 
-170.125, 65.625, 1.6604017262411517e-22, nan 
-169.875, 65.625, 1.228943324978291e-22, nan 
-169.625, 65.625, 9.379046463240915e-23, nan 
-169.375, 65.625, 7.757352659283366e-23, nan 
-169.125, 65.625, 7.941657648200571e-23, nan 
-168.875, 65.625, 8.874302197803173e-23, nan 
-168.625, 65.625, 1.211721352404596e-22, nan 
-168.375, 65.625, 9.401719114214214e-23, nan 
-168.125, 65.625, 1.1256531576517603e-22, nan 
-167.875, 65.625, 1.7398563057184124e-22, nan 
-167.625, 65.625, 1.2861904139087824e-22, nan 
-167.375, 65.625, 1.4310503585441167e-22, nan 
-167.125, 65.625, 1.5012179767394011e-22, nan 
-166.875, 65.625, 1.8184081560176985e-22, nan 
-166.625, 65.625, 9.58013269535669e-23, nan 
-166.375, 65.625, 7.990506304070447e-23, nan 
-166.125, 65.625, 2.017448901239276e-22, nan 
-165.875, 65.625, 1.3598168052968827e-22, nan 
-165.625, 65.625, 6.62975300157616e-23, nan 
-165.375, 65.625, 1.0568993941746565e-22, nan 
-165.125, 65.625, 6.906458451075838e-23, nan 
-164.875, 65.625, 3.512087558561385e-23, nan 
-164.625, 65.625, 6.97534579462061e-23, nan 
-164.375, 65.625, 1.0941621357232475e-22, nan 
-164.125, 65.625, 1.0083556174400919e-22, nan 
-163.875, 65.625, 5.790093456359668e-23, nan 
-163.625, 65.625, 8.211972241796524e-23, nan 
-163.375, 65.625, 8.85810997937735e-23, nan 
-163.125, 65.625, 3.099473126196e-23, nan 
-162.875, 65.625, 5.151450421071103e-23, nan 
-162.625, 65.625, 1.3186961831075014e-22, nan 
-162.375, 65.625, 8.211934642449749e-23, nan 
-162.125, 65.625, 9.732715620145755e-23, nan 
-161.875, 65.625, 6.022072500487659e-23, nan 
-161.625, 65.625, 5.739944718107906e-23, nan 
-161.375, 65.625, 9.67855984400601e-23, nan 
-161.125, 65.625, 6.486440679124799e-23, nan 
-160.875, 65.625, 4.083642764629769e-23, nan 
-160.625, 65.625, 5.66610472035369e-23, nan 
-160.375, 65.625, 4.909054855521226e-23, nan 
-160.125, 65.625, 4.8430684602248956e-23, nan 
-159.875, 65.625, 6.818804650549208e-23, nan 
-159.625, 65.625, 5.852031827139373e-23, nan 
-159.375, 65.625, 5.2067587660650796e-23, nan 
-159.125, 65.625, 4.940739913255541e-23, nan 
-158.875, 65.625, 2.768189033178219e-23, nan 
-158.625, 65.625, 5.303067286988281e-23, nan 
-158.375, 65.625, 3.373965689660886e-23, nan 
-158.125, 65.625, 8.410939092486118e-23, nan 
-157.875, 65.625, 1.1076686076739954e-22, nan 
-157.625, 65.625, 1.0190435346566139e-22, nan 
-157.375, 65.625, 8.039175675500456e-23, nan 
-157.125, 65.625, 9.583417628577223e-23, nan 
-156.875, 65.625, 8.255677368582799e-23, nan 
-156.625, 65.625, 8.412475397867903e-23, nan 
-156.375, 65.625, 7.424109774919882e-23, nan 
-156.125, 65.625, 6.684669096100275e-23, nan 
-155.875, 65.625, 7.418971609919827e-23, nan 
-155.625, 65.625, 6.344270697639028e-23, nan 
-155.375, 65.625, 4.0008061860201475e-23, nan 
-155.125, 65.625, 4.060671753723185e-23, nan 
-154.875, 65.625, 2.078805802445702e-23, nan 
-154.625, 65.625, 2.4058936466648322e-23, nan 
-154.375, 65.625, 1.7847122991380585e-23, nan 
-154.125, 65.625, 2.7754034234309457e-23, nan 
-153.875, 65.625, 5.852809605225238e-23, nan 
-153.625, 65.625, 3.2440880977015826e-23, nan 
-153.375, 65.625, 4.097450568454734e-23, nan 
-153.125, 65.625, 4.204365828764744e-23, nan 
-152.875, 65.625, 2.4857055491567202e-23, nan 
-152.625, 65.625, 2.4411684482615634e-23, nan 
-152.375, 65.625, 2.1550476680372988e-23, nan 
-152.125, 65.625, 1.6898183544834644e-23, nan 
-151.875, 65.625, 3.1814786239486326e-23, nan 
-151.625, 65.625, 4.4720457197419137e-23, nan 
-151.375, 65.625, 3.7694140155189877e-23, nan 
-151.125, 65.625, 2.598170084745277e-23, nan 
-150.875, 65.625, 3.280537281957474e-23, nan 
-150.625, 65.625, 2.862821788544097e-23, nan 
-150.375, 65.625, 2.108848613919002e-23, nan 
-150.125, 65.625, 1.9363031425297012e-23, nan 
-149.875, 65.625, 1.1837346157123329e-23, nan 
-149.625, 65.625, 2.643645496680321e-23, nan 
-149.375, 65.625, 3.232810801395261e-23, nan 
-149.125, 65.625, 1.216795869242246e-23, nan 
-148.875, 65.625, 2.4855702227865848e-23, nan 
-148.625, 65.625, 3.327598816577374e-23, nan 
-148.375, 65.625, 3.919289960860445e-23, nan 
-148.125, 65.625, 4.432688705449233e-23, nan 
-147.875, 65.625, 2.7799469210025387e-23, nan 
-147.625, 65.625, 1.840158294195349e-23, nan 
-147.375, 65.625, 5.610817281713357e-23, nan 
-147.125, 65.625, 3.6842628099423644e-23, nan 
-146.875, 65.625, 2.730155240555146e-23, nan 
-146.625, 65.625, 2.5971660617452697e-23, nan 
-146.375, 65.625, 2.658112532779713e-23, nan 
-146.125, 65.625, 3.5146190679086765e-23, nan 
-145.875, 65.625, 1.473877228127686e-23, nan 
-145.625, 65.625, 1.3492145620011244e-23, nan 
-145.375, 65.625, 3.0709935279354427e-23, nan 
-145.125, 65.625, 1.2167729291559005e-23, nan 
-144.875, 65.625, 1.1093411364311092e-23, nan 
-144.625, 65.625, 1.3067432088121361e-23, nan 
-144.375, 65.625, 2.3556971665458855e-23, nan 
-144.125, 65.625, 3.3442584822087476e-23, nan 
-143.875, 65.625, 2.680902035118543e-23, nan 
-143.625, 65.625, 2.5734039443025165e-23, nan 
-143.375, 65.625, 3.988224220083286e-23, nan 
-143.125, 65.625, 2.4276528409387527e-23, nan 
-142.875, 65.625, 1.7695121197820866e-23, nan 
-142.625, 65.625, 3.2354528266130295e-23, nan 
-142.375, 65.625, 4.4096376559799284e-23, nan 
-142.125, 65.625, 3.6864956558451946e-23, nan 
-141.875, 65.625, 4.007190835968568e-23, nan 
-141.625, 65.625, 4.402021308223499e-23, nan 
-141.375, 65.625, 3.547332874685531e-23, nan 
-141.125, 65.625, 1.1951502492649293e-23, nan 
-140.875, 65.625, 1.818062227611421e-23, nan 
-140.625, 65.625, 1.1745167154033424e-23, nan 
-140.375, 65.625, 1.998555930626912e-23, nan 
-140.125, 65.625, 3.056119110901645e-23, nan 
-139.875, 65.625, 1.827896006098809e-23, nan 
-139.625, 65.625, 1.8625801736358083e-23, nan 
-139.375, 65.625, 1.8780912980317596e-23, nan 
-139.125, 65.625, 2.44038980291591e-23, nan 
-138.875, 65.625, 2.6137894471344432e-23, nan 
-138.625, 65.625, 2.3639101489463563e-23, nan 
-138.375, 65.625, 1.9986962179446932e-23, nan 
-138.125, 65.625, 1.7020015462356774e-23, nan 
-137.875, 65.625, 1.6143004034836988e-23, nan 
-137.625, 65.625, 1.463572322350507e-23, nan 
-137.375, 65.625, 2.046996346259197e-23, nan 
-137.125, 65.625, 1.968174851860433e-23, nan 
-136.875, 65.625, 2.3751407363328767e-23, nan 
-136.625, 65.625, 1.9776744276344195e-23, nan 
-136.375, 65.625, 1.7652292152933817e-23, nan 
-136.125, 65.625, 1.9546676885471325e-23, nan 
-135.875, 65.625, 1.9816436199050452e-23, nan 
-135.625, 65.625, 2.4655439210050925e-23, nan 
-135.375, 65.625, 2.5227925605350425e-23, nan 
-135.125, 65.625, 1.6164342078485103e-23, nan 
-134.875, 65.625, 2.0516501525441467e-23, nan 
-134.625, 65.625, 2.1496532256091585e-23, nan 
-134.375, 65.625, 1.689798878114673e-23, nan 
-134.125, 65.625, 1.2646048126892557e-23, nan 
-133.875, 65.625, 1.3507807945152265e-23, nan 
-133.625, 65.625, 1.4836590386197418e-23, nan 
-133.375, 65.625, 6.872703121135482e-24, nan 
-133.125, 65.625, 1.0170903835305015e-23, nan 
-132.875, 65.625, 1.0037526358642409e-23, nan 
-132.625, 65.625, 9.844734271108104e-24, nan 
-132.375, 65.625, 1.1931807868183273e-23, nan 
-132.125, 65.625, 9.762836656148727e-24, nan 
-131.875, 65.625, 9.488604735411152e-24, nan 
-131.625, 65.625, 8.629726932927114e-24, nan 
-131.375, 65.625, 1.1234411824713897e-23, nan 
-131.125, 65.625, 6.294103588296219e-24, nan 
-130.875, 65.625, 6.643760177686656e-24, nan 
-130.625, 65.625, 5.3695742225600975e-24, nan 
-130.375, 65.625, 2.6936984133358093e-24, nan 
-130.125, 65.625, 9.099702249794584e-24, nan 
-129.875, 65.625, 1.0324873719071557e-23, nan 
-129.625, 65.625, 2.0977811631512182e-23, nan 
-129.375, 65.625, 9.562703682093028e-24, nan 
-129.125, 65.625, 9.250552313775077e-24, nan 
-128.875, 65.625, 1.3692536997065373e-23, nan 
-128.625, 65.625, 1.4806043181600563e-23, nan 
-128.375, 65.625, 1.1999770023611571e-23, nan 
-128.125, 65.625, 1.6627974194609068e-23, nan 
-127.875, 65.625, 1.645499060650674e-23, nan 
-127.625, 65.625, 1.4455135535439402e-23, nan 
-127.375, 65.625, 6.058840411417098e-24, nan 
-127.125, 65.625, 4.785299886711031e-24, nan 
-126.875, 65.625, 9.464345475950021e-24, nan 
-126.625, 65.625, 1.0123853932167403e-23, nan 
-126.375, 65.625, 5.716983077757947e-24, nan 
-126.125, 65.625, 5.837163229774852e-24, nan 
-125.875, 65.625, 4.912861485632612e-24, nan 
-125.625, 65.625, 6.116842969873694e-24, nan 
-125.375, 65.625, 6.87276242548277e-24, nan 
-125.125, 65.625, 4.0252087368875844e-24, nan 
-124.875, 65.625, 7.051481350975386e-24, nan 
-124.625, 65.625, 5.395862130501812e-24, nan 
-124.375, 65.625, 4.0381772707660584e-24, nan 
-124.125, 65.625, 4.482495724016475e-24, nan 
-123.875, 65.625, 4.748940523840326e-24, nan 
-123.625, 65.625, 6.606264373714698e-24, nan 
-123.375, 65.625, 4.466922711210114e-24, nan 
-123.125, 65.625, 6.2879940978519825e-24, nan 
95.375, 65.625, 8.427071149219672e-24, nan 
95.625, 65.625, 8.396502846356864e-24, nan 
95.875, 65.625, 1.1529798089198981e-23, nan 
96.125, 65.625, 8.117663786969996e-24, nan 
96.375, 65.625, 3.682747779677362e-24, nan 
96.625, 65.625, 3.3912130440474624e-24, nan 
96.875, 65.625, 4.55314947806158e-24, nan 
97.125, 65.625, 4.786439793481314e-24, nan 
97.375, 65.625, 8.421586262903351e-24, nan 
97.625, 65.625, 8.460573141744087e-24, nan 
97.875, 65.625, 1.5290216522421328e-24, nan 
98.125, 65.625, 1.779949163816566e-23, nan 
98.375, 65.625, 1.6864619156651263e-23, nan 
98.625, 65.625, 4.543232423968993e-24, nan 
98.875, 65.625, 9.250706506354483e-24, nan 
99.125, 65.625, 9.426512652051848e-24, nan 
99.375, 65.625, 3.812633133293359e-24, nan 
99.625, 65.625, 4.0611875721151935e-24, nan 
99.875, 65.625, 6.625236047627369e-24, nan 
100.125, 65.625, 3.2062348683033923e-24, nan 
100.375, 65.625, 5.9949493616013775e-24, nan 
100.625, 65.625, 1.5013949950871089e-24, nan 
100.875, 65.625, 1.2672185252602417e-23, nan 
101.125, 65.625, 1.1192872161231479e-23, nan 
101.375, 65.625, 8.006671224802874e-24, nan 
101.625, 65.625, 8.874958973298356e-24, nan 
101.875, 65.625, 7.587097234383647e-24, nan 
102.125, 65.625, 6.075493654840787e-24, nan 
102.375, 65.625, 6.5613181162575415e-24, nan 
102.625, 65.625, 6.936043229684963e-24, nan 
102.875, 65.625, 6.0203994528267785e-24, nan 
103.125, 65.625, 2.830698433407323e-24, nan 
103.375, 65.625, 3.923860803737545e-24, nan 
103.625, 65.625, 4.6866716891232906e-24, nan 
103.875, 65.625, 6.234227516983024e-24, nan 
104.125, 65.625, 4.40941630194662e-24, nan 
104.375, 65.625, 7.821256804108115e-24, nan 
104.625, 65.625, 1.3150982996930138e-23, nan 
104.875, 65.625, 1.455556626311565e-23, nan 
105.125, 65.625, 7.346472918220003e-24, nan 
105.375, 65.625, 3.017769916915995e-24, nan 
105.625, 65.625, 3.676002824083442e-24, nan 
105.875, 65.625, 6.1425028237032576e-24, nan 
106.125, 65.625, 7.797447836971572e-24, nan 
106.375, 65.625, 5.286146964177982e-24, nan 
106.625, 65.625, 4.5866622541625344e-24, nan 
106.875, 65.625, 5.738491769205013e-24, nan 
107.125, 65.625, 3.4621243444211286e-24, nan 
107.375, 65.625, 4.012383369818574e-24, nan 
107.625, 65.625, 7.318107661522017e-24, nan 
107.875, 65.625, 1.1605125708333413e-23, nan 
108.125, 65.625, 9.819684495731015e-24, nan 
108.375, 65.625, 1.094882147791214e-23, nan 
108.625, 65.625, 1.2205821737372253e-23, nan 
108.875, 65.625, 1.2126940683009014e-23, nan 
109.125, 65.625, 1.0163922805882318e-23, nan 
109.375, 65.625, 8.634436570865489e-24, nan 
109.625, 65.625, 9.514673692421778e-24, nan 
109.875, 65.625, 8.555821280213892e-24, nan 
110.125, 65.625, 5.571528277120158e-24, nan 
110.375, 65.625, 6.963666333670126e-24, nan 
110.625, 65.625, 1.0108873297096477e-23, nan 
110.875, 65.625, 1.1041585884951096e-23, nan 
111.125, 65.625, 6.949436411965621e-24, nan 
111.375, 65.625, 1.1749178430402377e-23, nan 
111.625, 65.625, 5.218140064860571e-24, nan 
111.875, 65.625, 5.121451470412902e-24, nan 
112.125, 65.625, 7.228665924637151e-24, nan 
112.375, 65.625, 7.022929064720439e-24, nan 
112.625, 65.625, 5.839358934771108e-24, nan 
112.875, 65.625, 6.5770883003128324e-24, nan 
113.125, 65.625, 1.1921292776335064e-23, nan 
113.375, 65.625, 9.197659202106503e-24, nan 
113.625, 65.625, 9.021661266975216e-24, nan 
113.875, 65.625, 9.789456130280474e-24, nan 
114.125, 65.625, 1.1547193076832178e-23, nan 
114.375, 65.625, 1.586240245120669e-23, nan 
114.625, 65.625, 1.727135312876509e-23, nan 
114.875, 65.625, 1.4986427814597975e-23, nan 
115.125, 65.625, 2.2402621973786284e-23, nan 
115.375, 65.625, 1.9283450045088473e-23, nan 
115.625, 65.625, 8.903877676665639e-24, nan 
115.875, 65.625, 1.0390319282938264e-23, nan 
116.125, 65.625, 1.4682362020613205e-23, nan 
116.375, 65.625, 2.0286845248108452e-23, nan 
116.625, 65.625, 1.9729048832539436e-23, nan 
116.875, 65.625, 2.2689829202713477e-23, nan 
117.125, 65.625, 3.113506220768217e-23, nan 
117.375, 65.625, 4.127977102137503e-23, nan 
117.625, 65.625, 2.85834558480043e-23, nan 
117.875, 65.625, 4.6286259116259165e-23, nan 
118.125, 65.625, 3.1295563844325655e-23, nan 
118.375, 65.625, 1.8744811117605837e-23, nan 
118.625, 65.625, 4.450343799625927e-24, nan 
118.875, 65.625, 4.632616574407888e-24, nan 
119.125, 65.625, 5.175316541493604e-24, nan 
119.375, 65.625, 9.802681269727285e-24, nan 
119.625, 65.625, 1.337126278069208e-23, nan 
119.875, 65.625, 1.953424768209064e-23, nan 
120.125, 65.625, 1.94775315615881e-23, nan 
120.375, 65.625, 2.2243767979808896e-23, nan 
120.625, 65.625, 3.2187419497469955e-23, nan 
120.875, 65.625, 1.4783638281494986e-23, nan 
121.125, 65.625, 1.3830373747705892e-23, nan 
121.375, 65.625, 2.967413865406703e-23, nan 
121.625, 65.625, 1.2728843881963985e-23, nan 
121.875, 65.625, 1.4557265890053918e-23, nan 
122.125, 65.625, 3.316035090003027e-23, nan 
122.375, 65.625, 3.385672098237569e-23, nan 
122.625, 65.625, 3.8626877231656445e-23, nan 
122.875, 65.625, 4.8461535773310956e-23, nan 
123.125, 65.625, 2.947730891490748e-23, nan 
123.375, 65.625, 1.7788790667675546e-23, nan 
123.625, 65.625, 2.5462649382697782e-23, nan 
123.875, 65.625, 2.720209286476864e-23, nan 
124.125, 65.625, 2.5267371220385255e-23, nan 
124.375, 65.625, 1.973541279877084e-23, nan 
124.625, 65.625, 1.6259705007200583e-23, nan 
124.875, 65.625, 1.6171245439758606e-23, nan 
125.125, 65.625, 1.3407453145102226e-23, nan 
125.375, 65.625, 1.3395944265061833e-23, nan 
125.625, 65.625, 2.1855577940765816e-23, nan 
125.875, 65.625, 2.3387693458487648e-23, nan 
126.125, 65.625, 3.018986674646216e-23, nan 
126.375, 65.625, 4.4873655247256206e-23, nan 
126.625, 65.625, 5.883963316028288e-23, nan 
126.875, 65.625, 7.002554160066675e-23, nan 
127.125, 65.625, 1.228508945698314e-22, nan 
127.375, 65.625, 7.276195790270099e-23, nan 
127.625, 65.625, 7.468777781478428e-23, nan 
127.875, 65.625, 2.0042331408947294e-22, nan 
128.125, 65.625, 2.7069800623491633e-22, nan 
128.375, 65.625, 2.254808377026533e-22, nan 
128.625, 65.625, 2.128234037606996e-22, nan 
128.875, 65.625, 1.3770688203717045e-22, nan 
129.125, 65.625, 4.020366026375492e-23, nan 
129.375, 65.625, 8.181843640303626e-23, nan 
129.625, 65.625, 1.244509978263481e-22, nan 
129.875, 65.625, 5.965339761875566e-23, nan 
130.125, 65.625, 4.4219420115989493e-23, nan 
130.375, 65.625, 9.271549401588517e-23, nan 
130.625, 65.625, 7.613360895934086e-23, nan 
130.875, 65.625, 5.228605646326258e-23, nan 
131.125, 65.625, 3.517194130610114e-23, nan 
131.375, 65.625, 3.9177421153030757e-23, nan 
131.625, 65.625, 5.551446130499374e-23, nan 
131.875, 65.625, 5.526697972574887e-23, nan 
132.125, 65.625, 5.673764678421064e-23, nan 
132.375, 65.625, 7.064203637509747e-23, nan 
132.625, 65.625, 5.986323776594169e-23, nan 
132.875, 65.625, 4.4961845213367405e-23, nan 
133.125, 65.625, 4.639203427089315e-23, nan 
133.375, 65.625, 4.714743800235429e-23, nan 
133.625, 65.625, 3.7166377575582736e-23, nan 
133.875, 65.625, 2.989618351444691e-23, nan 
134.125, 65.625, 3.1523963044955106e-23, nan 
134.375, 65.625, 1.456713248185814e-23, nan 
134.625, 65.625, 2.754349121291791e-23, nan 
134.875, 65.625, 1.670383884585899e-23, nan 
135.125, 65.625, 2.2083959967485056e-23, nan 
135.375, 65.625, 2.5537315707130662e-23, nan 
135.625, 65.625, 2.159277487195687e-23, nan 
135.875, 65.625, 2.747326419492316e-23, nan 
136.125, 65.625, 2.924522073471306e-23, nan 
136.375, 65.625, 2.614288471826669e-23, nan 
136.625, 65.625, 3.4829777154044193e-23, nan 
136.875, 65.625, 2.791701742438064e-23, nan 
137.125, 65.625, 4.373541551055423e-23, nan 
137.375, 65.625, 7.41812030847048e-23, nan 
137.625, 65.625, 9.20064972587092e-23, nan 
137.875, 65.625, 1.526411567542028e-22, nan 
138.125, 65.625, 2.0562536744524298e-22, nan 
138.375, 65.625, 1.861080693784754e-22, nan 
138.625, 65.625, 2.2975473606104326e-22, nan 
138.875, 65.625, 3.534364316009815e-22, nan 
139.125, 65.625, 3.326165504254866e-22, nan 
139.375, 65.625, 2.0574770475421676e-22, nan 
139.625, 65.625, 1.9822145530514189e-22, nan 
139.875, 65.625, 1.9633412452610576e-22, nan 
140.125, 65.625, 1.3568309945094177e-22, nan 
140.375, 65.625, 4.178945963285262e-23, nan 
140.625, 65.625, 7.353833962386497e-23, nan 
140.875, 65.625, 5.758258999826062e-23, nan 
141.125, 65.625, 4.2676131426046847e-23, nan 
141.375, 65.625, 2.958200424718687e-23, nan 
141.625, 65.625, 1.4250817478071697e-22, nan 
141.875, 65.625, 1.283305655428049e-22, nan 
142.125, 65.625, 6.087598276356484e-23, nan 
142.375, 65.625, 2.71378423266956e-22, nan 
142.625, 65.625, 2.867940370631692e-22, nan 
142.875, 65.625, 1.8263787709929364e-22, nan 
143.125, 65.625, 2.392566660406199e-22, nan 
143.375, 65.625, 3.421026257876646e-22, nan 
143.625, 65.625, 2.2199825020014563e-22, nan 
143.875, 65.625, 1.6762625879873057e-22, nan 
144.125, 65.625, 2.4748428416548846e-22, nan 
144.375, 65.625, 2.0449291766646696e-22, nan 
144.625, 65.625, 1.7950734562573424e-22, nan 
144.875, 65.625, 1.6999920422573578e-22, nan 
145.125, 65.625, 9.882566840347791e-23, nan 
145.375, 65.625, 1.5958925285953327e-22, nan 
145.625, 65.625, 1.550698559190143e-22, nan 
145.875, 65.625, 1.2568044926360974e-22, nan 
146.125, 65.625, 1.357137852642236e-22, nan 
146.375, 65.625, 1.5748623979995637e-22, nan 
146.625, 65.625, 1.9888456018537802e-22, nan 
146.875, 65.625, 1.8421481137268892e-22, nan 
147.125, 65.625, 1.4240925075591591e-22, nan 
147.375, 65.625, 4.289624862449192e-22, nan 
147.625, 65.625, 3.621586877412511e-22, nan 
147.875, 65.625, 1.2027821390144668e-22, nan 
148.125, 65.625, 5.226481124427237e-22, nan 
148.375, 65.625, 3.9528458714709345e-22, nan 
148.625, 65.625, 2.565995873681699e-22, nan 
148.875, 65.625, 5.450178238293962e-22, nan 
149.125, 65.625, 2.0750314536408278e-22, nan 
149.375, 65.625, 1.0576757798090537e-22, nan 
149.625, 65.625, 1.4329144568851833e-22, nan 
149.875, 65.625, 3.1890534601920663e-22, nan 
150.125, 65.625, 5.0174555482707075e-22, nan 
150.375, 65.625, 5.23004914352573e-22, nan 
150.625, 65.625, 6.618882926172922e-22, nan 
150.875, 65.625, 9.145966233623695e-22, nan 
151.125, 65.625, 8.550525694247285e-22, nan 
151.375, 65.625, 9.201295609876047e-22, nan 
151.625, 65.625, 1.4163359345945512e-21, nan 
151.875, 65.625, 1.5656651992687308e-21, nan 
152.125, 65.625, 1.084813062762012e-21, nan 
152.375, 65.625, 8.877180497412534e-22, nan 
152.625, 65.625, 1.784999777966373e-21, nan 
152.875, 65.625, 2.496012405617839e-21, nan 
153.125, 65.625, 1.3045112129277334e-21, nan 
153.375, 65.625, 1.9637605892353976e-21, nan 
153.625, 65.625, 1.9960003570588627e-21, nan 
153.875, 65.625, 9.673537994845015e-22, nan 
154.125, 65.625, 5.861645630894137e-22, nan 
154.375, 65.625, 5.897269454043057e-22, nan 
154.625, 65.625, 7.111299399859139e-22, nan 
154.875, 65.625, 1.0167313494749487e-21, nan 
155.125, 65.625, 1.2843955482099388e-21, nan 
155.375, 65.625, 1.6498741604967947e-21, nan 
155.625, 65.625, 1.5909585215418346e-21, nan 
155.875, 65.625, 1.699460271373679e-21, nan 
156.125, 65.625, 1.2807142673667767e-21, nan 
156.375, 65.625, 1.2116318131698623e-21, nan 
156.625, 65.625, 1.4133171437694486e-21, nan 
156.875, 65.625, 1.8285473291042168e-21, nan 
157.125, 65.625, 2.487550527421138e-21, nan 
157.375, 65.625, 2.1335881638068218e-21, nan 
157.625, 65.625, 2.036179482167015e-21, nan 
157.875, 65.625, 3.1906884196135385e-21, nan 
158.125, 65.625, 3.347541965592215e-21, nan 
158.375, 65.625, 1.5836277314976047e-21, nan 
158.625, 65.625, 2.712664563004656e-21, nan 
158.875, 65.625, 3.4750462529679576e-21, nan 
159.125, 65.625, 3.910450614790115e-21, nan 
159.375, 65.625, 4.13205401281595e-21, nan 
159.625, 65.625, 3.70025877744189e-21, nan 
159.875, 65.625, 4.126740230144309e-21, nan 
160.125, 65.625, 3.6682809514316045e-21, nan 
160.375, 65.625, 2.9770726765533022e-21, nan 
160.625, 65.625, 2.4869725990296106e-21, nan 
160.875, 65.625, 1.6741855541336956e-21, nan 
161.125, 65.625, 2.5009526783599168e-21, nan 
161.375, 65.625, 2.3372229758866534e-21, nan 
161.625, 65.625, 9.368459350243665e-22, nan 
161.875, 65.625, 7.191023611587853e-22, nan 
162.125, 65.625, 2.868146552543759e-21, nan 
162.375, 65.625, 2.16343908099691e-21, nan 
162.625, 65.625, 2.5827390188588784e-21, nan 
162.875, 65.625, 1.3989096082047186e-21, nan 
163.125, 65.625, 3.0936438190906612e-21, nan 
163.375, 65.625, 6.4927585903093056e-21, nan 
163.625, 65.625, 3.638424166688224e-21, nan 
163.875, 65.625, 3.502329158282945e-21, nan 
164.125, 65.625, 1.2494503055755297e-21, nan 
164.375, 65.625, 2.851843215956912e-21, nan 
164.625, 65.625, 5.458480206340084e-21, nan 
164.875, 65.625, 4.659652947989609e-21, nan 
165.125, 65.625, 5.6655285382977694e-21, nan 
165.375, 65.625, 7.612294688124915e-21, nan 
165.625, 65.625, 8.004751628650696e-21, nan 
165.875, 65.625, 6.643125457761424e-21, nan 
166.125, 65.625, 5.62368259092067e-21, nan 
166.375, 65.625, 7.055477810815268e-21, nan 
166.625, 65.625, 4.610103687304083e-21, nan 
166.875, 65.625, 7.797715748544527e-21, nan 
167.125, 65.625, 1.0646136953607659e-20, nan 
167.375, 65.625, 4.2255830127915376e-21, nan 
167.625, 65.625, 2.0736534886743643e-21, nan 
167.875, 65.625, 2.429092028236471e-21, nan 
168.125, 65.625, 2.3122145840316067e-21, nan 
168.375, 65.625, 2.5084969741579957e-21, nan 
168.625, 65.625, 4.0313847562237396e-21, nan 
168.875, 65.625, 3.2510311223828235e-21, nan 
169.125, 65.625, 2.748623125529913e-21, nan 
169.375, 65.625, 6.523505928646889e-21, nan 
169.625, 65.625, 8.737056730626012e-21, nan 
169.875, 65.625, 4.178357091911362e-21, nan 
170.125, 65.625, 5.003871765417151e-21, nan 
170.375, 65.625, 5.3463438367600284e-21, nan 
170.625, 65.625, 4.800519489510789e-21, nan 
170.875, 65.625, 4.172230574826263e-21, nan 
171.125, 65.625, 3.496002013650979e-21, nan 
171.375, 65.625, 6.619358966624245e-21, nan 
171.625, 65.625, 5.225013463771464e-21, nan 
171.875, 65.625, 4.2460405751269656e-21, nan 
172.125, 65.625, 6.5482394026391755e-21, nan 
172.375, 65.625, 8.569924415235054e-21, nan 
172.625, 65.625, 8.622633311498484e-21, nan 
172.875, 65.625, 6.371339960136635e-21, nan 
173.125, 65.625, 8.12787380388786e-21, nan 
173.375, 65.625, 6.978735898953405e-21, nan 
173.625, 65.625, 2.755893775244446e-21, nan 
173.875, 65.625, 2.0803617521061788e-21, nan 
174.125, 65.625, 4.042044703387009e-21, nan 
174.375, 65.625, 4.389636938969974e-21, nan 
174.625, 65.625, 3.783752392880089e-21, nan 
174.875, 65.625, 3.555231234744102e-21, nan 
175.125, 65.625, 3.882293908750292e-21, nan 
175.375, 65.625, 2.802143203370536e-21, nan 
175.625, 65.625, 3.021438824824981e-21, nan 
175.875, 65.625, 2.5556539995701205e-21, nan 
176.125, 65.625, 3.1870592780265297e-21, nan 
176.375, 65.625, 4.3745288355392634e-21, nan 
176.625, 65.625, 3.083186494683159e-21, nan 
176.875, 65.625, 2.1799662173854865e-21, nan 
177.125, 65.625, 8.225802661746208e-21, nan 
177.375, 65.625, 4.049647374305102e-21, nan 
177.625, 65.625, 2.7384249757553946e-20, nan 
177.875, 65.625, 3.09243109320469e-20, nan 
178.125, 65.625, 1.8795117436239493e-20, nan 
178.375, 65.625, 2.122584422786183e-20, nan 
178.625, 65.625, 4.4240508902053385e-21, nan 
178.875, 65.625, 6.195630247219758e-21, nan 
179.125, 65.625, 1.6172617216611435e-21, nan 
179.375, 65.625, 8.47116874938554e-22, nan 
179.625, 65.625, 9.271780866185968e-22, nan 
179.875, 65.625, 8.544641436624889e-22, nan 
-179.875, 65.875, 3.2395010637728724e-22, nan 
-179.625, 65.875, 1.5825762244241873e-21, nan 
-179.375, 65.875, 2.3227949094642476e-21, nan 
-179.125, 65.875, 1.5746537314781113e-21, nan 
-178.875, 65.875, 1.0781019991525638e-21, nan 
-178.625, 65.875, 1.5464640069642594e-21, nan 
-178.375, 65.875, 8.97795009563219e-22, nan 
-178.125, 65.875, 8.267574959699635e-22, nan 
-177.875, 65.875, 7.748131390266162e-22, nan 
-177.625, 65.875, 5.830388411151904e-22, nan 
-177.375, 65.875, 7.582955671440375e-22, nan 
-177.125, 65.875, 6.363140135273202e-22, nan 
-176.875, 65.875, 3.370381775873188e-22, nan 
-176.625, 65.875, 2.5764042245575655e-22, nan 
-176.375, 65.875, 2.7110152447138197e-22, nan 
-176.125, 65.875, 2.8960130711797872e-22, nan 
-175.875, 65.875, 2.859553321410581e-22, nan 
-175.625, 65.875, 2.825015970913358e-22, nan 
-175.375, 65.875, 4.326955646046583e-22, nan 
-175.125, 65.875, 4.767298968095589e-22, nan 
-174.875, 65.875, 3.796216836044882e-22, nan 
-174.625, 65.875, 5.122422839784234e-22, nan 
-174.375, 65.875, 4.942251973551901e-22, nan 
-174.125, 65.875, 2.2579202249666028e-22, nan 
-173.875, 65.875, 8.878440034777484e-23, nan 
-173.625, 65.875, 2.2104914909117046e-22, nan 
-173.375, 65.875, 2.0180777307839348e-22, nan 
-173.125, 65.875, 1.264851067506161e-22, nan 
-172.875, 65.875, 1.3456330177376688e-22, nan 
-172.625, 65.875, 2.0272368313205396e-22, nan 
-172.375, 65.875, 1.6828933701386232e-22, nan 
-172.125, 65.875, 1.5546620133626797e-22, nan 
-171.875, 65.875, 3.2487174097764485e-22, nan 
-171.625, 65.875, 3.4892693092060875e-22, nan 
-171.375, 65.875, 2.2183692810651173e-22, nan 
-171.125, 65.875, 3.9870206502826354e-22, nan 
-170.875, 65.875, 4.700858183766178e-22, nan 
-170.625, 65.875, 1.9696400229465665e-22, nan 
-170.375, 65.875, 2.1953012786888e-22, nan 
-170.125, 65.875, 3.085798517262383e-22, nan 
-169.875, 65.875, 1.5984143500575995e-22, nan 
-169.625, 65.875, 1.1198810791367095e-22, nan 
-169.375, 65.875, 9.445045962803593e-23, nan 
-169.125, 65.875, 6.124180474244427e-23, nan 
-168.875, 65.875, 6.398105234498027e-23, nan 
-168.625, 65.875, 7.714388101406319e-23, nan 
-168.375, 65.875, 8.137874775211423e-23, nan 
-168.125, 65.875, 1.0230607647742601e-22, nan 
-167.875, 65.875, 1.7525999543979753e-22, nan 
-167.625, 65.875, 1.3158369288535043e-22, nan 
-167.375, 65.875, 1.6160345495245358e-22, nan 
-167.125, 65.875, 2.0218265674310782e-22, nan 
-166.875, 65.875, 1.9201952129746778e-22, nan 
-166.625, 65.875, 1.0840056188882768e-22, nan 
-166.375, 65.875, 1.5939723811459743e-22, nan 
-166.125, 65.875, 1.831557430288465e-22, nan 
-165.875, 65.875, 9.811925484756481e-23, nan 
-165.625, 65.875, 1.175609648941173e-22, nan 
-165.375, 65.875, 1.353922453814761e-22, nan 
-165.125, 65.875, 3.108257037177862e-23, nan 
-164.875, 65.875, 2.868057232694758e-23, nan 
-164.625, 65.875, 8.010026386828946e-23, nan 
-164.375, 65.875, 8.867402451659863e-23, nan 
-164.125, 65.875, 9.764525124404935e-23, nan 
-163.875, 65.875, 9.317836510742253e-23, nan 
-163.625, 65.875, 1.2757185039703115e-22, nan 
-163.375, 65.875, 1.0250632752009999e-22, nan 
-163.125, 65.875, 6.768502311099527e-23, nan 
-162.875, 65.875, 5.857638329356491e-23, nan 
-162.625, 65.875, 4.67506903647469e-23, nan 
-162.375, 65.875, 6.514966387521849e-23, nan 
-162.125, 65.875, 7.335676579364746e-23, nan 
-161.875, 65.875, 7.845368643118809e-23, nan 
-161.625, 65.875, 9.090597857835595e-23, nan 
-161.375, 65.875, 8.006323113611622e-23, nan 
-161.125, 65.875, 6.121152509634048e-23, nan 
-160.875, 65.875, 1.1627478008440497e-22, nan 
-160.625, 65.875, 9.511584219065372e-23, nan 
-160.375, 65.875, 2.923795010655758e-23, nan 
-160.125, 65.875, 9.279242184910938e-23, nan 
-159.875, 65.875, 8.380655827803315e-23, nan 
-159.625, 65.875, 4.124317138039676e-23, nan 
-159.375, 65.875, 5.261267185118778e-23, nan 
-159.125, 65.875, 7.420280595020282e-23, nan 
-158.875, 65.875, 3.262948358249431e-23, nan 
-158.625, 65.875, 5.333471931758823e-23, nan 
-158.375, 65.875, 4.1896194599698866e-23, nan 
-158.125, 65.875, 6.196721016940658e-23, nan 
-157.875, 65.875, 8.955901145728975e-23, nan 
-157.625, 65.875, 6.607218036378332e-23, nan 
-157.375, 65.875, 2.6275435874250705e-23, nan 
-157.125, 65.875, 4.9219844257753016e-23, nan 
-156.875, 65.875, 8.341373150232474e-23, nan 
-156.625, 65.875, 1.109230886390771e-22, nan 
-156.375, 65.875, 9.032253228006313e-23, nan 
-156.125, 65.875, 5.860585296940787e-23, nan 
-155.875, 65.875, 8.896352741653512e-23, nan 
-155.625, 65.875, 6.266521656147951e-23, nan 
-155.375, 65.875, 1.41005303960466e-23, nan 
-155.125, 65.875, 4.753593926700619e-23, nan 
-154.875, 65.875, 2.854212940855692e-23, nan 
-154.625, 65.875, 5.503500079280473e-23, nan 
-154.375, 65.875, 3.9571379892286056e-23, nan 
-154.125, 65.875, 7.136826199429587e-23, nan 
-153.875, 65.875, 1.1096370528957345e-22, nan 
-153.625, 65.875, 5.284273034318083e-23, nan 
-153.375, 65.875, 7.257817731917838e-23, nan 
-153.125, 65.875, 2.9128258660233696e-23, nan 
-152.875, 65.875, 1.1124403173828773e-23, nan 
-152.625, 65.875, 2.4695614711701042e-23, nan 
-152.375, 65.875, 1.8229741290607924e-23, nan 
-152.125, 65.875, 1.1354817862484981e-23, nan 
-151.875, 65.875, 1.580685128150676e-23, nan 
-151.625, 65.875, 2.9535038815623995e-23, nan 
-151.375, 65.875, 2.93298549931318e-23, nan 
-151.125, 65.875, 2.697748738746982e-23, nan 
-150.875, 65.875, 3.253937626501236e-23, nan 
-150.625, 65.875, 3.294006046220336e-23, nan 
-150.375, 65.875, 2.878158817234087e-23, nan 
-150.125, 65.875, 1.7065585021457446e-23, nan 
-149.875, 65.875, 2.284390077108563e-23, nan 
-149.625, 65.875, 4.216535516783915e-23, nan 
-149.375, 65.875, 4.383880516786823e-23, nan 
-149.125, 65.875, 3.877001374935599e-23, nan 
-148.875, 65.875, 1.9873086358352946e-23, nan 
-148.625, 65.875, 1.8630284675132267e-23, nan 
-148.375, 65.875, 2.067057414581266e-23, nan 
-148.125, 65.875, 8.951104292877181e-24, nan 
-147.875, 65.875, 1.3170838156300112e-23, nan 
-147.625, 65.875, 2.0315285828327063e-23, nan 
-147.375, 65.875, 4.369954854149941e-23, nan 
-147.125, 65.875, 3.302979461340985e-23, nan 
-146.875, 65.875, 1.9388460289900718e-23, nan 
-146.625, 65.875, 3.015325960904661e-23, nan 
-146.375, 65.875, 2.6448638135850095e-23, nan 
-146.125, 65.875, 3.181292869648318e-23, nan 
-145.875, 65.875, 2.2899977112035927e-23, nan 
-145.625, 65.875, 1.8751575338219095e-23, nan 
-145.375, 65.875, 3.4873456458678034e-23, nan 
-145.125, 65.875, 1.0027426642459088e-23, nan 
-144.875, 65.875, 1.6314623333600116e-23, nan 
-144.625, 65.875, 1.6050099566104366e-23, nan 
-144.375, 65.875, 1.0382744860422592e-23, nan 
-144.125, 65.875, 2.238155346954614e-23, nan 
-143.875, 65.875, 2.327469965028235e-23, nan 
-143.625, 65.875, 2.2456652674670593e-23, nan 
-143.375, 65.875, 3.367561221677523e-23, nan 
-143.125, 65.875, 1.7089009327649867e-23, nan 
-142.875, 65.875, 9.060411123813421e-24, nan 
-142.625, 65.875, 1.4458779795118818e-23, nan 
-142.375, 65.875, 1.601893027278701e-23, nan 
-142.125, 65.875, 1.5120427471263914e-23, nan 
-141.875, 65.875, 3.7814093999511836e-23, nan 
-141.625, 65.875, 2.8243751391184094e-23, nan 
-141.375, 65.875, 2.128137286916818e-23, nan 
-141.125, 65.875, 2.219518940659579e-23, nan 
-140.875, 65.875, 1.1819886382475047e-23, nan 
-140.625, 65.875, 1.4752110345880327e-23, nan 
-140.375, 65.875, 1.2963359242333625e-23, nan 
-140.125, 65.875, 1.1981023345740682e-23, nan 
-139.875, 65.875, 6.058879957547994e-24, nan 
-139.625, 65.875, 1.2363721722600996e-23, nan 
-139.375, 65.875, 6.266357655872599e-24, nan 
-139.125, 65.875, 6.862436847288556e-24, nan 
-138.875, 65.875, 7.2001569600759e-24, nan 
-138.625, 65.875, 7.22056593113879e-24, nan 
-138.375, 65.875, 1.5183622551235188e-23, nan 
-138.125, 65.875, 1.964605584863815e-23, nan 
-137.875, 65.875, 1.364817990659332e-23, nan 
-137.625, 65.875, 2.1427560394408053e-23, nan 
-137.375, 65.875, 1.9925442841596247e-23, nan 
-137.125, 65.875, 9.256226992787925e-24, nan 
-136.875, 65.875, 1.403230332253695e-23, nan 
-136.625, 65.875, 1.6799892915022042e-23, nan 
-136.375, 65.875, 9.102079905793546e-24, nan 
-136.125, 65.875, 1.446456458365775e-23, nan 
-135.875, 65.875, 1.7994440472622198e-23, nan 
-135.625, 65.875, 2.0046002722228877e-23, nan 
-135.375, 65.875, 2.298972165609e-23, nan 
-135.125, 65.875, 1.3159247307948156e-23, nan 
-134.875, 65.875, 2.1736256458630155e-23, nan 
-134.625, 65.875, 2.3618026862036732e-23, nan 
-134.375, 65.875, 1.6973340124778435e-23, nan 
-134.125, 65.875, 1.632771757735615e-23, nan 
-133.875, 65.875, 2.2054075419636375e-23, nan 
-133.625, 65.875, 1.7176548256756152e-23, nan 
-133.375, 65.875, 9.546290533370262e-24, nan 
-133.125, 65.875, 1.8596520318454807e-23, nan 
-132.875, 65.875, 1.2463778473314797e-23, nan 
-132.625, 65.875, 8.795767495611722e-24, nan 
-132.375, 65.875, 1.5371798489325017e-23, nan 
-132.125, 65.875, 1.2223278296407316e-23, nan 
-131.875, 65.875, 1.3414918996270104e-23, nan 
-131.625, 65.875, 1.0286726220094009e-23, nan 
-131.375, 65.875, 1.2001162243171194e-23, nan 
-131.125, 65.875, 1.0307946848393642e-23, nan 
-130.875, 65.875, 7.58718978472322e-24, nan 
-130.625, 65.875, 8.491935010972465e-24, nan 
-130.375, 65.875, 8.93994309963532e-24, nan 
-130.125, 65.875, 7.303027213315304e-24, nan 
-129.875, 65.875, 6.2821693938838284e-24, nan 
-129.625, 65.875, 8.680922690014189e-24, nan 
-129.375, 65.875, 1.057600135485325e-23, nan 
-129.125, 65.875, 1.5064907339715175e-23, nan 
-128.875, 65.875, 1.1728354551053335e-23, nan 
-128.625, 65.875, 5.483288644802261e-24, nan 
-128.375, 65.875, 6.2799607488275585e-24, nan 
-128.125, 65.875, 1.6614815657759016e-23, nan 
-127.875, 65.875, 1.743047839970189e-23, nan 
-127.625, 65.875, 1.5195706965532592e-23, nan 
-127.375, 65.875, 1.0584824618035437e-23, nan 
-127.125, 65.875, 1.4002233029012162e-23, nan 
-126.875, 65.875, 1.5321244846610398e-23, nan 
-126.625, 65.875, 1.2101591049475671e-23, nan 
-126.375, 65.875, 1.371150677487247e-23, nan 
-126.125, 65.875, 1.4021761795793947e-23, nan 
-125.875, 65.875, 1.365644809135733e-23, nan 
-125.625, 65.875, 1.380506461954831e-23, nan 
-125.375, 65.875, 1.5177029162162397e-23, nan 
-125.125, 65.875, 1.6898129707255587e-23, nan 
-124.875, 65.875, 1.6575884031072444e-23, nan 
-124.625, 65.875, 9.43814560407558e-24, nan 
-124.375, 65.875, 1.3321092816515527e-23, nan 
-124.125, 65.875, 1.5481110519263837e-23, nan 
-123.875, 65.875, 1.0842856084904847e-23, nan 
-123.625, 65.875, 9.33595155277896e-24, nan 
-123.375, 65.875, 9.73022365154578e-24, nan 
-123.125, 65.875, 8.892349345518488e-24, nan 
-122.875, 65.875, 2.4307893217362603e-24, nan 
94.875, 65.875, 7.044264956703163e-24, nan 
95.125, 65.875, 5.2235999671137664e-24, nan 
95.375, 65.875, 4.748198291055272e-24, nan 
95.625, 65.875, 2.8136980646219774e-24, nan 
95.875, 65.875, 6.338053007994193e-24, nan 
96.125, 65.875, 1.8375793162396407e-24, nan 
96.375, 65.875, 4.940179053924886e-24, nan 
96.625, 65.875, 4.943636083393961e-24, nan 
96.875, 65.875, 4.9808187203897805e-24, nan 
97.125, 65.875, 4.37169403977125e-24, nan 
97.375, 65.875, 4.856496736802377e-24, nan 
97.625, 65.875, 3.586543854474035e-24, nan 
97.875, 65.875, 3.065491145672978e-24, nan 
98.125, 65.875, 9.814040244152822e-24, nan 
98.375, 65.875, 9.123808202690022e-24, nan 
98.625, 65.875, 5.2910833026019055e-24, nan 
98.875, 65.875, 6.352668142176404e-24, nan 
99.125, 65.875, 3.530401852903666e-24, nan 
99.375, 65.875, 7.501536048374819e-24, nan 
99.625, 65.875, 1.081663704652207e-23, nan 
99.875, 65.875, 1.048513471822242e-23, nan 
100.125, 65.875, 9.956990377978836e-24, nan 
100.375, 65.875, 7.166125157388115e-24, nan 
100.625, 65.875, 5.130927994964088e-24, nan 
100.875, 65.875, 1.4915831572696673e-23, nan 
101.125, 65.875, 1.147447244243417e-23, nan 
101.375, 65.875, 8.815802772693793e-24, nan 
101.625, 65.875, 9.761078767351305e-24, nan 
101.875, 65.875, 7.827721740261186e-24, nan 
102.125, 65.875, 9.77845622636069e-24, nan 
102.375, 65.875, 8.825496549111516e-24, nan 
102.625, 65.875, 1.1739294744195112e-23, nan 
102.875, 65.875, 1.0695901793074262e-23, nan 
103.125, 65.875, 5.055600756495561e-24, nan 
103.375, 65.875, 6.698378275418507e-24, nan 
103.625, 65.875, 6.584297517301124e-24, nan 
103.875, 65.875, 6.902409722911695e-24, nan 
104.125, 65.875, 7.617692030258569e-24, nan 
104.375, 65.875, 1.1130292234416853e-23, nan 
104.625, 65.875, 2.0600878462624304e-23, nan 
104.875, 65.875, 2.274523501917558e-23, nan 
105.125, 65.875, 8.832593823567405e-24, nan 
105.375, 65.875, 1.1989457507229103e-23, nan 
105.625, 65.875, 1.3201935292453537e-23, nan 
105.875, 65.875, 7.180617407788033e-24, nan 
106.125, 65.875, 2.8698550445018736e-24, nan 
106.375, 65.875, 5.737831606159349e-24, nan 
106.625, 65.875, 6.557817736296383e-24, nan 
106.875, 65.875, 5.499072841595335e-24, nan 
107.125, 65.875, 1.0892615049998732e-23, nan 
107.375, 65.875, 1.379392558420745e-23, nan 
107.625, 65.875, 1.2153644385463738e-23, nan 
107.875, 65.875, 1.1981426500643992e-23, nan 
108.125, 65.875, 1.3824124448755934e-23, nan 
108.375, 65.875, 6.083499349912828e-24, nan 
108.625, 65.875, 9.290042292726382e-24, nan 
108.875, 65.875, 1.0049529087371103e-23, nan 
109.125, 65.875, 8.61351144916438e-24, nan 
109.375, 65.875, 7.229074828616388e-24, nan 
109.625, 65.875, 7.246130526705037e-24, nan 
109.875, 65.875, 1.2341018374932059e-23, nan 
110.125, 65.875, 1.6815444359986857e-23, nan 
110.375, 65.875, 8.267251566581999e-24, nan 
110.625, 65.875, 1.3116995653437828e-23, nan 
110.875, 65.875, 1.680123732839577e-23, nan 
111.125, 65.875, 8.779021517306697e-24, nan 
111.375, 65.875, 9.07575275604007e-24, nan 
111.625, 65.875, 1.1024985362321668e-23, nan 
111.875, 65.875, 8.258128766863298e-24, nan 
112.125, 65.875, 7.496406000576198e-24, nan 
112.375, 65.875, 1.025641648785651e-23, nan 
112.625, 65.875, 8.655657509277566e-24, nan 
112.875, 65.875, 5.816417057065158e-24, nan 
113.125, 65.875, 1.018044165008539e-23, nan 
113.375, 65.875, 8.48424797858578e-24, nan 
113.625, 65.875, 1.0902226162197688e-23, nan 
113.875, 65.875, 2.6133520331550907e-23, nan 
114.125, 65.875, 2.3392186762840847e-23, nan 
114.375, 65.875, 2.2096402489964335e-23, nan 
114.625, 65.875, 1.4860799187940428e-23, nan 
114.875, 65.875, 1.0907364227727899e-23, nan 
115.125, 65.875, 1.528836087346054e-23, nan 
115.375, 65.875, 6.641176764091122e-24, nan 
115.625, 65.875, 1.0055714683553345e-23, nan 
115.875, 65.875, 1.7863609498478167e-23, nan 
116.125, 65.875, 1.6575204641038812e-23, nan 
116.375, 65.875, 1.7470471678262052e-23, nan 
116.625, 65.875, 3.520507342450302e-23, nan 
116.875, 65.875, 4.980056015025881e-23, nan 
117.125, 65.875, 3.1146203733885866e-23, nan 
117.375, 65.875, 4.298790542586141e-23, nan 
117.625, 65.875, 3.8623268537696386e-23, nan 
117.875, 65.875, 3.0144722574939165e-23, nan 
118.125, 65.875, 8.003785829511202e-24, nan 
118.375, 65.875, 7.188355978378192e-24, nan 
118.625, 65.875, 7.582807112617506e-24, nan 
118.875, 65.875, 1.7458126437812936e-23, nan 
119.125, 65.875, 2.5237752275423797e-23, nan 
119.375, 65.875, 1.6415925797303115e-23, nan 
119.625, 65.875, 1.5074717901372122e-23, nan 
119.875, 65.875, 2.1734822937101353e-23, nan 
120.125, 65.875, 2.5208449754538256e-23, nan 
120.375, 65.875, 1.9803401562845766e-23, nan 
120.625, 65.875, 1.6241056063407143e-23, nan 
120.875, 65.875, 1.7177586884800203e-23, nan 
121.125, 65.875, 1.542121951681874e-23, nan 
121.375, 65.875, 2.1691620889543618e-23, nan 
121.625, 65.875, 2.5422276040532965e-23, nan 
121.875, 65.875, 2.5463708095612768e-23, nan 
122.125, 65.875, 2.111493896261701e-23, nan 
122.375, 65.875, 3.380918051474814e-23, nan 
122.625, 65.875, 1.2540686712312725e-23, nan 
122.875, 65.875, 1.9916143823550572e-23, nan 
123.125, 65.875, 2.954348363975924e-23, nan 
123.375, 65.875, 3.35511023301438e-23, nan 
123.625, 65.875, 1.6764241185467873e-23, nan 
123.875, 65.875, 3.089045173457701e-23, nan 
124.125, 65.875, 2.951475562696263e-23, nan 
124.375, 65.875, 1.6902984163956177e-23, nan 
124.625, 65.875, 1.0090550540524465e-23, nan 
124.875, 65.875, 5.3472541375634926e-24, nan 
125.125, 65.875, 1.2036526652007354e-23, nan 
125.375, 65.875, 1.1202338503387555e-23, nan 
125.625, 65.875, 1.269558694431089e-23, nan 
125.875, 65.875, 1.8249671349009906e-23, nan 
126.125, 65.875, 2.48628761600416e-23, nan 
126.375, 65.875, 2.625195861313148e-23, nan 
126.625, 65.875, 3.9794605059028993e-23, nan 
126.875, 65.875, 4.552412759044407e-23, nan 
127.125, 65.875, 5.069026406738463e-23, nan 
127.375, 65.875, 5.484935252728699e-23, nan 
127.625, 65.875, 7.45065616021291e-23, nan 
127.875, 65.875, 1.6002325033699575e-22, nan 
128.125, 65.875, 6.540472062510732e-23, nan 
128.375, 65.875, 7.627329921738551e-23, nan 
128.625, 65.875, 1.0275670450090641e-22, nan 
128.875, 65.875, 1.130236597159672e-22, nan 
129.125, 65.875, 7.249998278237614e-23, nan 
129.375, 65.875, 6.135172272533398e-23, nan 
129.625, 65.875, 7.835036985176568e-23, nan 
129.875, 65.875, 6.048485277760715e-23, nan 
130.125, 65.875, 1.5356522716539783e-23, nan 
130.375, 65.875, 4.103572204606056e-23, nan 
130.625, 65.875, 4.68384151117374e-23, nan 
130.875, 65.875, 3.667774503191084e-23, nan 
131.125, 65.875, 3.1308609018663394e-23, nan 
131.375, 65.875, 3.131789109709357e-23, nan 
131.625, 65.875, 5.294651962569934e-23, nan 
131.875, 65.875, 7.263883306645075e-23, nan 
132.125, 65.875, 6.047113796918085e-23, nan 
132.375, 65.875, 4.7084339382206743e-23, nan 
132.625, 65.875, 5.616321836244364e-23, nan 
132.875, 65.875, 4.915611466605909e-23, nan 
133.125, 65.875, 4.407126017100727e-23, nan 
133.375, 65.875, 3.9424605769628533e-23, nan 
133.625, 65.875, 2.7226274200875525e-23, nan 
133.875, 65.875, 3.9543226846549067e-23, nan 
134.125, 65.875, 3.3649671045317863e-23, nan 
134.375, 65.875, 2.4201707087924324e-23, nan 
134.625, 65.875, 1.930992027942833e-23, nan 
134.875, 65.875, 1.5989656924974525e-23, nan 
135.125, 65.875, 1.3806782870551008e-23, nan 
135.375, 65.875, 2.769714130512825e-23, nan 
135.625, 65.875, 4.538387745590712e-23, nan 
135.875, 65.875, 2.756112108951936e-23, nan 
136.125, 65.875, 1.7122423116111274e-23, nan 
136.375, 65.875, 4.7057082455190795e-23, nan 
136.625, 65.875, 7.82917478510424e-23, nan 
136.875, 65.875, 1.0533535473127399e-22, nan 
137.125, 65.875, 1.1148999207583094e-22, nan 
137.375, 65.875, 9.282359527009564e-23, nan 
137.625, 65.875, 1.5346507129918635e-22, nan 
137.875, 65.875, 1.9565951720419513e-22, nan 
138.125, 65.875, 1.0371490061227579e-22, nan 
138.375, 65.875, 1.0296245850030402e-22, nan 
138.625, 65.875, 1.7501266187597192e-22, nan 
138.875, 65.875, 1.723080110192561e-22, nan 
139.125, 65.875, 1.7553966444298985e-22, nan 
139.375, 65.875, 1.362554223948155e-22, nan 
139.625, 65.875, 8.490299109091504e-23, nan 
139.875, 65.875, 9.345329234333862e-23, nan 
140.125, 65.875, 7.803023973060389e-23, nan 
140.375, 65.875, 6.250370346694668e-23, nan 
140.625, 65.875, 5.822607405034266e-23, nan 
140.875, 65.875, 6.915464816756588e-23, nan 
141.125, 65.875, 5.725220249070509e-23, nan 
141.375, 65.875, 3.818867564230774e-23, nan 
141.625, 65.875, 1.4294367345096422e-22, nan 
141.875, 65.875, 1.694573793176695e-22, nan 
142.125, 65.875, 1.1136487805805566e-22, nan 
142.375, 65.875, 2.4842891710825426e-22, nan 
142.625, 65.875, 2.302483919428968e-22, nan 
142.875, 65.875, 2.2119724099910553e-22, nan 
143.125, 65.875, 3.6752091945223687e-22, nan 
143.375, 65.875, 4.520026751731024e-22, nan 
143.625, 65.875, 5.747611457778666e-22, nan 
143.875, 65.875, 3.2139298081064466e-22, nan 
144.125, 65.875, 4.665019607535292e-22, nan 
144.375, 65.875, 6.010644564836719e-22, nan 
144.625, 65.875, 4.968543447974371e-22, nan 
144.875, 65.875, 5.65773947370702e-22, nan 
145.125, 65.875, 5.414279649078331e-22, nan 
145.375, 65.875, 3.456855655761247e-22, nan 
145.625, 65.875, 3.220437580908541e-22, nan 
145.875, 65.875, 2.5159379496110553e-22, nan 
146.125, 65.875, 1.6965881730314283e-22, nan 
146.375, 65.875, 2.4381270373941853e-22, nan 
146.625, 65.875, 3.355867221728263e-22, nan 
146.875, 65.875, 3.039703330803534e-22, nan 
147.125, 65.875, 1.3151193264359603e-22, nan 
147.375, 65.875, 4.832054261541819e-22, nan 
147.625, 65.875, 5.217782377384807e-22, nan 
147.875, 65.875, 9.728362696454309e-23, nan 
148.125, 65.875, 4.506206569625427e-22, nan 
148.375, 65.875, 4.769604286639275e-22, nan 
148.625, 65.875, 2.0849399531682888e-22, nan 
148.875, 65.875, 2.41528728649563e-22, nan 
149.125, 65.875, 2.811070067284852e-22, nan 
149.375, 65.875, 4.9920551732246095e-22, nan 
149.625, 65.875, 5.660804987385252e-22, nan 
149.875, 65.875, 5.279593134025913e-22, nan 
150.125, 65.875, 6.729307107171448e-22, nan 
150.375, 65.875, 1.0553597933317548e-21, nan 
150.625, 65.875, 1.0280911018670647e-21, nan 
150.875, 65.875, 1.2742230738398651e-21, nan 
151.125, 65.875, 1.3343918447482196e-21, nan 
151.375, 65.875, 1.4760547545160787e-21, nan 
151.625, 65.875, 1.4877166605734892e-21, nan 
151.875, 65.875, 1.8721566850469915e-21, nan 
152.125, 65.875, 1.9927686435619743e-21, nan 
152.375, 65.875, 2.028320705466081e-21, nan 
152.625, 65.875, 1.5530010354183026e-21, nan 
152.875, 65.875, 1.6672497168959996e-21, nan 
153.125, 65.875, 1.3615715118514098e-21, nan 
153.375, 65.875, 1.5111774225360662e-21, nan 
153.625, 65.875, 1.6407599755096246e-21, nan 
153.875, 65.875, 1.2259763944195122e-21, nan 
154.125, 65.875, 1.0108253436129839e-21, nan 
154.375, 65.875, 1.0917898293111934e-21, nan 
154.625, 65.875, 1.2441884054681874e-21, nan 
154.875, 65.875, 1.2969854206901204e-21, nan 
155.125, 65.875, 1.007230009331718e-21, nan 
155.375, 65.875, 1.8036527685827402e-21, nan 
155.625, 65.875, 1.419035467745248e-21, nan 
155.875, 65.875, 1.2614613521147136e-21, nan 
156.125, 65.875, 1.1623050119740224e-21, nan 
156.375, 65.875, 1.6000141286102722e-21, nan 
156.625, 65.875, 1.82976142877521e-21, nan 
156.875, 65.875, 2.960254352030062e-21, nan 
157.125, 65.875, 3.557530704469015e-21, nan 
157.375, 65.875, 2.8237098068753148e-21, nan 
157.625, 65.875, 3.6067136600877934e-21, nan 
157.875, 65.875, 5.775264659664467e-21, nan 
158.125, 65.875, 2.3561346953155087e-21, nan 
158.375, 65.875, 1.9286202274153057e-21, nan 
158.625, 65.875, 4.266493333782155e-21, nan 
158.875, 65.875, 3.947121875188149e-21, nan 
159.125, 65.875, 4.542462911980414e-21, nan 
159.375, 65.875, 4.6151024549387194e-21, nan 
159.625, 65.875, 3.72701084170659e-21, nan 
159.875, 65.875, 3.8968415230791255e-21, nan 
160.125, 65.875, 2.3112191112448794e-21, nan 
160.375, 65.875, 1.5557157273999941e-21, nan 
160.625, 65.875, 2.190039180031761e-21, nan 
160.875, 65.875, 2.5851202584176525e-21, nan 
161.125, 65.875, 2.4547381137564125e-21, nan 
161.375, 65.875, 2.4928023915138477e-21, nan 
161.625, 65.875, 2.2676713065463407e-21, nan 
161.875, 65.875, 1.5668161390262529e-21, nan 
162.125, 65.875, 2.213562412669196e-21, nan 
162.375, 65.875, 4.669754257457997e-21, nan 
162.625, 65.875, 7.819444054901597e-21, nan 
162.875, 65.875, 3.1724914039280764e-21, nan 
163.125, 65.875, 5.987786045657904e-21, nan 
163.375, 65.875, 1.389039984642301e-20, nan 
163.625, 65.875, 6.964173285211413e-21, nan 
163.875, 65.875, 8.311715960738927e-21, nan 
164.125, 65.875, 8.905208518818678e-21, nan 
164.375, 65.875, 6.884840308351334e-21, nan 
164.625, 65.875, 9.344468375330908e-21, nan 
164.875, 65.875, 7.3363311653557e-21, nan 
165.125, 65.875, 6.98856701131557e-21, nan 
165.375, 65.875, 6.788353979077897e-21, nan 
165.625, 65.875, 6.252963959749908e-21, nan 
165.875, 65.875, 5.953602154598973e-21, nan 
166.125, 65.875, 2.7139798060825804e-21, nan 
166.375, 65.875, 4.356152870111381e-21, nan 
166.625, 65.875, 3.8918203508984404e-21, nan 
166.875, 65.875, 4.8039691385983654e-21, nan 
167.125, 65.875, 4.553532968812803e-21, nan 
167.375, 65.875, 3.2448948544918647e-21, nan 
167.625, 65.875, 2.6488721899114483e-21, nan 
167.875, 65.875, 1.0993906299184796e-21, nan 
168.125, 65.875, 2.4744028099440924e-21, nan 
168.375, 65.875, 3.689243215541488e-21, nan 
168.625, 65.875, 2.4560135298800523e-21, nan 
168.875, 65.875, 3.625226257749092e-21, nan 
169.125, 65.875, 4.9148694802849386e-21, nan 
169.375, 65.875, 6.453002361878237e-21, nan 
169.625, 65.875, 7.897995668905413e-21, nan 
169.875, 65.875, 5.438751451866999e-21, nan 
170.125, 65.875, 4.713684888433085e-21, nan 
170.375, 65.875, 4.828153480081461e-21, nan 
170.625, 65.875, 4.131890774511928e-21, nan 
170.875, 65.875, 5.7914869817458644e-21, nan 
171.125, 65.875, 6.643006157576422e-21, nan 
171.375, 65.875, 8.276976423655153e-21, nan 
171.625, 65.875, 6.223187101151427e-21, nan 
171.875, 65.875, 7.838286476726463e-21, nan 
172.125, 65.875, 1.0934496246632556e-20, nan 
172.375, 65.875, 9.265623525269188e-21, nan 
172.625, 65.875, 8.780962816022313e-21, nan 
172.875, 65.875, 8.637601267014144e-21, nan 
173.125, 65.875, 6.830679947171199e-21, nan 
173.375, 65.875, 4.222363170258768e-21, nan 
173.625, 65.875, 2.8970004037438607e-21, nan 
173.875, 65.875, 3.5568511539015465e-21, nan 
174.125, 65.875, 3.832398727823397e-21, nan 
174.375, 65.875, 4.603276932393729e-21, nan 
174.625, 65.875, 4.613868165792353e-21, nan 
174.875, 65.875, 2.943293747723388e-21, nan 
175.125, 65.875, 2.0199980408978585e-21, nan 
175.375, 65.875, 3.672328193906749e-21, nan 
175.625, 65.875, 2.2328312827904018e-21, nan 
175.875, 65.875, 3.0775519035303328e-21, nan 
176.125, 65.875, 3.778703146026915e-21, nan 
176.375, 65.875, 5.110933022870091e-21, nan 
176.625, 65.875, 3.6207328458693366e-21, nan 
176.875, 65.875, 4.4565969998068746e-21, nan 
177.125, 65.875, 3.1205462315668383e-21, nan 
177.375, 65.875, 3.289441767470714e-21, nan 
177.625, 65.875, 2.856464166970185e-21, nan 
177.875, 65.875, 3.674213908176635e-21, nan 
178.125, 65.875, 2.8935759701717103e-21, nan 
178.375, 65.875, 2.3426585074340935e-21, nan 
178.625, 65.875, 1.693129332071147e-21, nan 
178.875, 65.875, 1.5496607768577584e-21, nan 
179.125, 65.875, 1.6507381762889956e-21, nan 
179.375, 65.875, 1.5649155919183433e-21, nan 
179.625, 65.875, 1.809426079868097e-21, nan 
179.875, 65.875, 1.743721552697218e-21, nan 
-179.875, 66.125, 1.17699859106593e-21, nan 
-179.625, 66.125, 2.2578114302307825e-21, nan 
-179.375, 66.125, 1.874578105818472e-21, nan 
-179.125, 66.125, 1.53618441417604e-21, nan 
-178.875, 66.125, 1.8474028999725236e-21, nan 
-178.625, 66.125, 1.4833824995463707e-21, nan 
-178.375, 66.125, 3.5100039833965e-22, nan 
-178.125, 66.125, 1.1400354189112904e-21, nan 
-177.875, 66.125, 1.3279285092731899e-21, nan 
-177.625, 66.125, 8.616184427509408e-22, nan 
-177.375, 66.125, 8.240999906966801e-22, nan 
-177.125, 66.125, 8.76963074988071e-22, nan 
-176.875, 66.125, 6.084704325844453e-22, nan 
-176.625, 66.125, 3.6399937138279304e-22, nan 
-176.375, 66.125, 1.8345743415606128e-22, nan 
-176.125, 66.125, 2.0639796585506033e-22, nan 
-175.875, 66.125, 2.54664703264729e-22, nan 
-175.625, 66.125, 2.372736028480947e-22, nan 
-175.375, 66.125, 3.6094233464822997e-22, nan 
-175.125, 66.125, 3.4593986636000545e-22, nan 
-174.875, 66.125, 3.382758716920696e-22, nan 
-174.625, 66.125, 3.376630361464373e-22, nan 
-174.375, 66.125, 3.709217027883904e-22, nan 
-174.125, 66.125, 2.4735275333715287e-22, nan 
-173.875, 66.125, 2.5937184676086215e-22, nan 
-173.625, 66.125, 5.221534985162506e-23, nan 
-173.375, 66.125, 5.395256792909148e-23, nan 
-173.125, 66.125, 6.256470090456738e-23, nan 
-172.875, 66.125, 1.0546981783805771e-22, nan 
-172.625, 66.125, 1.4474750547620066e-22, nan 
-172.375, 66.125, 1.799024930298721e-22, nan 
-172.125, 66.125, 1.6188225355208813e-22, nan 
-171.875, 66.125, 2.5352183933653002e-22, nan 
-171.625, 66.125, 3.426452226760286e-22, nan 
-171.375, 66.125, 2.4395053486151917e-22, nan 
-171.125, 66.125, 2.7587173872535973e-22, nan 
-170.875, 66.125, 4.082886372125442e-22, nan 
-170.625, 66.125, 2.9363942064005313e-22, nan 
-170.375, 66.125, 1.5852939132655978e-22, nan 
-170.125, 66.125, 2.509567860589434e-22, nan 
-169.875, 66.125, 2.183651806726359e-22, nan 
-169.625, 66.125, 1.1670155005311519e-22, nan 
-169.375, 66.125, 7.809937512354149e-23, nan 
-169.125, 66.125, 9.023015748943871e-23, nan 
-168.875, 66.125, 7.48824004054084e-23, nan 
-168.625, 66.125, 6.01729307165784e-23, nan 
-168.375, 66.125, 6.748488878395774e-23, nan 
-168.125, 66.125, 8.423593182723306e-23, nan 
-167.875, 66.125, 7.370420588684097e-23, nan 
-167.625, 66.125, 1.0694264769951372e-22, nan 
-167.375, 66.125, 1.2442176261210497e-22, nan 
-167.125, 66.125, 1.2221355537314642e-22, nan 
-166.875, 66.125, 1.3964423177606595e-22, nan 
-166.625, 66.125, 1.2528063297722132e-22, nan 
-166.375, 66.125, 1.6571610183002702e-22, nan 
-166.125, 66.125, 1.5916078110305558e-22, nan 
-165.875, 66.125, 6.873028986420819e-23, nan 
-165.625, 66.125, 1.7561528355027237e-22, nan 
-165.375, 66.125, 1.9522272515511809e-22, nan 
-165.125, 66.125, 1.6893559654851025e-22, nan 
-164.875, 66.125, 1.7141477240493754e-22, nan 
-164.625, 66.125, 1.493122838580638e-22, nan 
-164.375, 66.125, 8.428834029634686e-23, nan 
-164.125, 66.125, 8.769703238949366e-23, nan 
-163.875, 66.125, 1.1609029239978248e-22, nan 
-163.625, 66.125, 1.2179976989570755e-22, nan 
-163.375, 66.125, 1.1313452309597768e-22, nan 
-163.125, 66.125, 9.258540022905361e-23, nan 
-162.875, 66.125, 7.870364575480596e-23, nan 
-162.625, 66.125, 7.058435580646627e-23, nan 
-162.375, 66.125, 3.93405955721711e-23, nan 
-162.125, 66.125, 6.585582698318653e-23, nan 
-161.875, 66.125, 6.484608610958931e-23, nan 
-161.625, 66.125, 8.401919878361886e-23, nan 
-161.375, 66.125, 1.0060400185109565e-22, nan 
-161.125, 66.125, 2.9302318777624644e-23, nan 
-160.875, 66.125, 6.053926090415801e-23, nan 
-160.625, 66.125, 5.932732634676681e-23, nan 
-160.375, 66.125, 2.3402757776862452e-23, nan 
-160.125, 66.125, 6.81637923324178e-23, nan 
-159.875, 66.125, 8.848122644813699e-23, nan 
-159.625, 66.125, 3.805420271298655e-23, nan 
-159.375, 66.125, 6.138717421492391e-23, nan 
-159.125, 66.125, 1.915597786754872e-22, nan 
-158.875, 66.125, 6.980543280097987e-23, nan 
-158.625, 66.125, 6.37741699813145e-23, nan 
-158.375, 66.125, 9.980508453376213e-23, nan 
-158.125, 66.125, 7.646138522376884e-23, nan 
-157.875, 66.125, 8.400269964885864e-23, nan 
-157.625, 66.125, 7.235083573268795e-23, nan 
-157.375, 66.125, 7.163755802822945e-23, nan 
-157.125, 66.125, 5.854121680467007e-23, nan 
-156.875, 66.125, 7.952586779358248e-23, nan 
-156.625, 66.125, 1.2673332638070466e-22, nan 
-156.375, 66.125, 8.964412994955826e-23, nan 
-156.125, 66.125, 1.2965284706444955e-23, nan 
-155.875, 66.125, 6.2115347646081e-23, nan 
-155.625, 66.125, 3.133639565950788e-23, nan 
-155.375, 66.125, 1.4286203842053888e-23, nan 
-155.125, 66.125, 4.0471757560792456e-23, nan 
-154.875, 66.125, 3.539397325222825e-23, nan 
-154.625, 66.125, 2.6662232756711914e-23, nan 
-154.375, 66.125, 2.5281714186318647e-23, nan 
-154.125, 66.125, 7.511390257935227e-23, nan 
-153.875, 66.125, 1.0668433412129995e-22, nan 
-153.625, 66.125, 6.526004140134681e-23, nan 
-153.375, 66.125, 9.278310684448289e-23, nan 
-153.125, 66.125, 8.392331419671673e-23, nan 
-152.875, 66.125, 7.504034319602744e-23, nan 
-152.625, 66.125, 4.964956815535946e-23, nan 
-152.375, 66.125, 2.873796221110018e-23, nan 
-152.125, 66.125, 1.0958842946180735e-23, nan 
-151.875, 66.125, 8.118649636826583e-24, nan 
-151.625, 66.125, 2.5961951681756986e-23, nan 
-151.375, 66.125, 1.5796730729372027e-23, nan 
-151.125, 66.125, 1.8056304477324778e-23, nan 
-150.875, 66.125, 3.016280704067887e-23, nan 
-150.625, 66.125, 3.179562675025454e-23, nan 
-150.375, 66.125, 2.9617963667184523e-23, nan 
-150.125, 66.125, 2.3999795666763593e-23, nan 
-149.875, 66.125, 2.022544261131345e-23, nan 
-149.625, 66.125, 3.997663515018973e-23, nan 
-149.375, 66.125, 4.9400003009765235e-23, nan 
-149.125, 66.125, 4.476585041721863e-23, nan 
-148.875, 66.125, 2.756433390476025e-23, nan 
-148.625, 66.125, 3.830309823750939e-23, nan 
-148.375, 66.125, 3.634813690223449e-23, nan 
-148.125, 66.125, 8.38243908829818e-24, nan 
-147.875, 66.125, 1.2808908838774492e-23, nan 
-147.625, 66.125, 1.9612299933994742e-23, nan 
-147.375, 66.125, 4.442322197403112e-24, nan 
-147.125, 66.125, 1.2881623331552328e-23, nan 
-146.875, 66.125, 1.2797754395869693e-23, nan 
-146.625, 66.125, 1.6277672417901812e-23, nan 
-146.375, 66.125, 2.1376157473668648e-23, nan 
-146.125, 66.125, 2.126277260305793e-23, nan 
-145.875, 66.125, 1.9905835931146946e-23, nan 
-145.625, 66.125, 2.2118834984284428e-23, nan 
-145.375, 66.125, 2.8565567844333173e-23, nan 
-145.125, 66.125, 2.1030670784225667e-23, nan 
-144.875, 66.125, 1.7193515755226064e-23, nan 
-144.625, 66.125, 1.5588309673959687e-23, nan 
-144.375, 66.125, 1.1398705430035109e-23, nan 
-144.125, 66.125, 8.377049792378491e-24, nan 
-143.875, 66.125, 1.6478468510817624e-23, nan 
-143.625, 66.125, 1.767496948127512e-23, nan 
-143.375, 66.125, 1.3933894898524498e-23, nan 
-143.125, 66.125, 1.6961628240343066e-23, nan 
-142.875, 66.125, 2.9560328706150633e-23, nan 
-142.625, 66.125, 1.7171297833176696e-23, nan 
-142.375, 66.125, 1.349049206622235e-23, nan 
-142.125, 66.125, 9.868180328860115e-24, nan 
-141.875, 66.125, 2.129658689970681e-23, nan 
-141.625, 66.125, 2.5390584369353548e-23, nan 
-141.375, 66.125, 2.608647769942815e-23, nan 
-141.125, 66.125, 3.038643368669864e-23, nan 
-140.875, 66.125, 2.948927575475167e-23, nan 
-140.625, 66.125, 3.0972743044655895e-23, nan 
-140.375, 66.125, 1.8296378140122978e-23, nan 
-140.125, 66.125, 8.915562126989889e-24, nan 
-139.875, 66.125, 1.2502407819518737e-23, nan 
-139.625, 66.125, 1.45122429599923e-23, nan 
-139.375, 66.125, 6.698234804151082e-24, nan 
-139.125, 66.125, 7.068145599519407e-24, nan 
-138.875, 66.125, 1.05550473703886e-23, nan 
-138.625, 66.125, 9.105494192859442e-24, nan 
-138.375, 66.125, 1.221430737913992e-23, nan 
-138.125, 66.125, 1.5223028413490562e-23, nan 
-137.875, 66.125, 1.0631260195082993e-23, nan 
-137.625, 66.125, 1.9716621337068795e-23, nan 
-137.375, 66.125, 1.5782521152693517e-23, nan 
-137.125, 66.125, 3.1716953987444037e-23, nan 
-136.875, 66.125, 1.9203653393421965e-23, nan 
-136.625, 66.125, 1.4369200349363404e-23, nan 
-136.375, 66.125, 5.16464267242109e-24, nan 
-136.125, 66.125, 8.970922966261957e-24, nan 
-135.875, 66.125, 4.458274053903654e-24, nan 
-135.625, 66.125, 3.8141344849629906e-24, nan 
-135.375, 66.125, 1.278831924961642e-23, nan 
-135.125, 66.125, 6.916768383098939e-24, nan 
-134.875, 66.125, 8.835275399067244e-24, nan 
-134.625, 66.125, 1.6330272757038188e-23, nan 
-134.375, 66.125, 1.4750866004029666e-23, nan 
-134.125, 66.125, 1.558793114983236e-23, nan 
-133.875, 66.125, 1.8439535143102205e-23, nan 
-133.625, 66.125, 9.540529729258798e-24, nan 
-133.375, 66.125, 1.2790214002485525e-23, nan 
-133.125, 66.125, 1.9630606554702495e-23, nan 
-132.875, 66.125, 1.3257153680697716e-23, nan 
-132.625, 66.125, 8.673977802872451e-24, nan 
-132.375, 66.125, 8.824007073629554e-24, nan 
-132.125, 66.125, 1.3628560607066592e-23, nan 
-131.875, 66.125, 1.3382043593488898e-23, nan 
-131.625, 66.125, 1.326859228313605e-23, nan 
-131.375, 66.125, 1.382305008032466e-23, nan 
-131.125, 66.125, 1.0548744318411391e-23, nan 
-130.875, 66.125, 1.3991956600543282e-23, nan 
-130.625, 66.125, 1.2749204542794747e-23, nan 
-130.375, 66.125, 1.1512690793935752e-23, nan 
-130.125, 66.125, 1.5286486253869364e-23, nan 
-129.875, 66.125, 2.0889982762159828e-23, nan 
-129.625, 66.125, 1.4479562453839016e-23, nan 
-129.375, 66.125, 1.2276489788882873e-23, nan 
-129.125, 66.125, 2.0014879279647526e-23, nan 
-128.875, 66.125, 1.4154629320691562e-23, nan 
-128.625, 66.125, 1.0449183602655296e-23, nan 
-128.375, 66.125, 1.329120013393431e-23, nan 
-128.125, 66.125, 9.274675385910672e-24, nan 
-127.875, 66.125, 1.727919558241512e-24, nan 
-127.625, 66.125, 2.6165701569027956e-24, nan 
-127.375, 66.125, 6.846714940495513e-24, nan 
-127.125, 66.125, 1.071184839618524e-23, nan 
-126.875, 66.125, 1.0769255024657663e-23, nan 
-126.625, 66.125, 9.677788752599894e-24, nan 
-126.375, 66.125, 1.4092136677190552e-23, nan 
-126.125, 66.125, 1.4774954302399497e-23, nan 
-125.875, 66.125, 1.3254649237176042e-23, nan 
-125.625, 66.125, 1.341174641856216e-23, nan 
-125.375, 66.125, 1.5871554449259633e-23, nan 
-125.125, 66.125, 1.72770409271066e-23, nan 
-124.875, 66.125, 1.696725004293612e-23, nan 
-124.625, 66.125, 1.3934782350195505e-23, nan 
-124.375, 66.125, 1.4811978807335256e-23, nan 
-124.125, 66.125, 1.5615914349869067e-23, nan 
-123.875, 66.125, 1.1562783955986467e-23, nan 
-123.625, 66.125, 1.2030962243331943e-23, nan 
-123.375, 66.125, 1.2422057927926913e-23, nan 
-123.125, 66.125, 1.1298955755075679e-23, nan 
-122.875, 66.125, 1.1780744862109601e-23, nan 
-122.625, 66.125, 8.792401624993825e-24, nan 
-122.375, 66.125, 1.1195638610630878e-23, nan 
94.375, 66.125, 5.813598573333264e-24, nan 
94.625, 66.125, 6.019223763414966e-24, nan 
94.875, 66.125, 1.0392862411806323e-23, nan 
95.125, 66.125, 4.798129698610221e-24, nan 
95.375, 66.125, 6.526172718644592e-24, nan 
95.625, 66.125, 7.480643234012539e-24, nan 
95.875, 66.125, 5.978408359305866e-24, nan 
96.125, 66.125, 2.6760700536045226e-24, nan 
96.375, 66.125, 6.111519714666078e-24, nan 
96.625, 66.125, 8.289915263956621e-24, nan 
96.875, 66.125, 9.393018402069526e-24, nan 
97.125, 66.125, 9.538470311509982e-24, nan 
97.375, 66.125, 9.097672132210577e-24, nan 
97.625, 66.125, 1.0320925453354466e-23, nan 
97.875, 66.125, 1.1584765993530862e-23, nan 
98.125, 66.125, 9.256840115469129e-24, nan 
98.375, 66.125, 9.736722793810636e-24, nan 
98.625, 66.125, 8.999353327265699e-24, nan 
98.875, 66.125, 7.818800966497601e-24, nan 
99.125, 66.125, 1.5748471159991365e-23, nan 
99.375, 66.125, 1.2698445142625358e-23, nan 
99.625, 66.125, 1.508208520360959e-23, nan 
99.875, 66.125, 1.4547083272606364e-23, nan 
100.125, 66.125, 1.7309508878668513e-23, nan 
100.375, 66.125, 9.390934334993975e-24, nan 
100.625, 66.125, 1.1044065708314617e-23, nan 
100.875, 66.125, 1.0558302077180954e-23, nan 
101.125, 66.125, 7.290204051935044e-24, nan 
101.375, 66.125, 5.204881066334156e-24, nan 
101.625, 66.125, 4.981775003375379e-24, nan 
101.875, 66.125, 5.2018959316765865e-24, nan 
102.125, 66.125, 5.517142310792323e-24, nan 
102.375, 66.125, 2.37814352197258e-24, nan 
102.625, 66.125, 5.037892431072385e-24, nan 
102.875, 66.125, 3.839114804126982e-24, nan 
103.125, 66.125, 6.4144298864946584e-24, nan 
103.375, 66.125, 4.654183613587649e-24, nan 
103.625, 66.125, 6.3378261953984484e-24, nan 
103.875, 66.125, 8.558633365089302e-24, nan 
104.125, 66.125, 7.251027712967009e-24, nan 
104.375, 66.125, 9.106922762369209e-24, nan 
104.625, 66.125, 1.0619401643469919e-23, nan 
104.875, 66.125, 1.1020447499357053e-23, nan 
105.125, 66.125, 3.1092837303675917e-24, nan 
105.375, 66.125, 7.932726495015406e-24, nan 
105.625, 66.125, 5.745181099060541e-24, nan 
105.875, 66.125, 4.658330076530158e-24, nan 
106.125, 66.125, 2.7475130692717534e-24, nan 
106.375, 66.125, 3.9073236918808175e-24, nan 
106.625, 66.125, 4.845175365441458e-24, nan 
106.875, 66.125, 7.773058505750202e-24, nan 
107.125, 66.125, 1.3189791192568583e-23, nan 
107.375, 66.125, 1.3320504918279975e-23, nan 
107.625, 66.125, 1.5195374248334424e-23, nan 
107.875, 66.125, 9.509155083319144e-24, nan 
108.125, 66.125, 8.799723857130555e-24, nan 
108.375, 66.125, 1.0411417748380142e-23, nan 
108.625, 66.125, 9.611400791256855e-24, nan 
108.875, 66.125, 1.2776380854630557e-23, nan 
109.125, 66.125, 1.171131795298126e-23, nan 
109.375, 66.125, 6.746417505019489e-24, nan 
109.625, 66.125, 1.0327078636465448e-23, nan 
109.875, 66.125, 1.37690578375388e-23, nan 
110.125, 66.125, 1.6571478755352976e-23, nan 
110.375, 66.125, 7.365757592144912e-24, nan 
110.625, 66.125, 9.570269340648211e-24, nan 
110.875, 66.125, 1.1263021952402104e-23, nan 
111.125, 66.125, 9.063989492717247e-24, nan 
111.375, 66.125, 1.0609436669212567e-23, nan 
111.625, 66.125, 5.114010128876518e-24, nan 
111.875, 66.125, 3.501832451296555e-24, nan 
112.125, 66.125, 3.335921379087782e-24, nan 
112.375, 66.125, 6.018017589921186e-24, nan 
112.625, 66.125, 9.971087210145826e-24, nan 
112.875, 66.125, 2.3026248510523434e-23, nan 
113.125, 66.125, 3.1531088890249374e-23, nan 
113.375, 66.125, 2.944054022934328e-23, nan 
113.625, 66.125, 2.3669431388343806e-23, nan 
113.875, 66.125, 3.329364008085488e-23, nan 
114.125, 66.125, 2.939721833463232e-23, nan 
114.375, 66.125, 2.3464499449977887e-23, nan 
114.625, 66.125, 1.3158356935569537e-23, nan 
114.875, 66.125, 9.347442350499267e-24, nan 
115.125, 66.125, 7.586146975483775e-24, nan 
115.375, 66.125, 5.8514645286492204e-24, nan 
115.625, 66.125, 8.584834657883755e-24, nan 
115.875, 66.125, 2.1180856086738882e-23, nan 
116.125, 66.125, 3.725687470035834e-23, nan 
116.375, 66.125, 3.5556732945988206e-23, nan 
116.625, 66.125, 2.726787402402843e-23, nan 
116.875, 66.125, 3.8468064119934085e-23, nan 
117.125, 66.125, 2.532960270438538e-23, nan 
117.375, 66.125, 2.2431276832995003e-23, nan 
117.625, 66.125, 1.1274368072896498e-23, nan 
117.875, 66.125, 1.4683689823187724e-23, nan 
118.125, 66.125, 1.7995399766129468e-23, nan 
118.375, 66.125, 2.104295606059821e-23, nan 
118.625, 66.125, 1.810114174794676e-23, nan 
118.875, 66.125, 1.9558939090869277e-23, nan 
119.125, 66.125, 2.701892186305042e-23, nan 
119.375, 66.125, 1.6542658047682044e-23, nan 
119.625, 66.125, 8.73887232830082e-24, nan 
119.875, 66.125, 1.6362526916042063e-23, nan 
120.125, 66.125, 1.6159547026647562e-23, nan 
120.375, 66.125, 1.303496590602457e-23, nan 
120.625, 66.125, 1.1725673275018938e-23, nan 
120.875, 66.125, 1.511828439315344e-23, nan 
121.125, 66.125, 2.7484756774515404e-23, nan 
121.375, 66.125, 1.812475825334646e-23, nan 
121.625, 66.125, 2.2011484925919067e-23, nan 
121.875, 66.125, 3.7065045417233446e-23, nan 
122.125, 66.125, 2.07574842143329e-23, nan 
122.375, 66.125, 1.7336950115545784e-23, nan 
122.625, 66.125, 2.064667719378793e-23, nan 
122.875, 66.125, 1.4468608860046737e-23, nan 
123.125, 66.125, 2.089870951441597e-23, nan 
123.375, 66.125, 2.971450585683082e-23, nan 
123.625, 66.125, 2.2671895216814516e-23, nan 
123.875, 66.125, 1.541470625145693e-23, nan 
124.125, 66.125, 1.1451200281634561e-23, nan 
124.375, 66.125, 1.2459458424482293e-23, nan 
124.625, 66.125, 1.3334578216827977e-23, nan 
124.875, 66.125, 7.786726334228684e-24, nan 
125.125, 66.125, 8.168099427143912e-24, nan 
125.375, 66.125, 1.4437919022390843e-23, nan 
125.625, 66.125, 2.4859806282556823e-23, nan 
125.875, 66.125, 3.0234870216875056e-23, nan 
126.125, 66.125, 3.007873320798982e-23, nan 
126.375, 66.125, 3.592081076295151e-23, nan 
126.625, 66.125, 5.0240322056320194e-23, nan 
126.875, 66.125, 3.684391015720757e-23, nan 
127.125, 66.125, 2.156614505007635e-23, nan 
127.375, 66.125, 5.0522794771020344e-23, nan 
127.625, 66.125, 6.867467887888951e-23, nan 
127.875, 66.125, 7.089149757720891e-23, nan 
128.125, 66.125, 5.312125688781042e-23, nan 
128.375, 66.125, 7.14220339891188e-23, nan 
128.625, 66.125, 7.348493573241172e-23, nan 
128.875, 66.125, 7.08843005896298e-23, nan 
129.125, 66.125, 6.861580670750922e-23, nan 
129.375, 66.125, 1.8286373273284815e-23, nan 
129.625, 66.125, 4.03344028451117e-23, nan 
129.875, 66.125, 5.321352177388914e-23, nan 
130.125, 66.125, 1.3820550027747206e-23, nan 
130.375, 66.125, 1.9095733857375672e-23, nan 
130.625, 66.125, 3.341778264849181e-23, nan 
130.875, 66.125, 5.448363334035211e-23, nan 
131.125, 66.125, 2.767028663773242e-23, nan 
131.375, 66.125, 5.781707721684668e-23, nan 
131.625, 66.125, 5.760162338121265e-23, nan 
131.875, 66.125, 3.478309060378991e-23, nan 
132.125, 66.125, 6.933768597689264e-23, nan 
132.375, 66.125, 5.676578031549035e-23, nan 
132.625, 66.125, 3.5034519346475484e-23, nan 
132.875, 66.125, 1.187667664393736e-23, nan 
133.125, 66.125, 3.451530219086007e-23, nan 
133.375, 66.125, 3.425144494069726e-23, nan 
133.625, 66.125, 3.5702995059033616e-23, nan 
133.875, 66.125, 2.21893849048168e-23, nan 
134.125, 66.125, 3.015539964511126e-23, nan 
134.375, 66.125, 3.352078117197139e-23, nan 
134.625, 66.125, 2.6053639038316484e-23, nan 
134.875, 66.125, 1.8293347597559647e-23, nan 
135.125, 66.125, 1.427983007558572e-23, nan 
135.375, 66.125, 1.816363476899646e-23, nan 
135.625, 66.125, 6.208472026223923e-23, nan 
135.875, 66.125, 4.6678278106365965e-23, nan 
136.125, 66.125, 3.7140445542654494e-23, nan 
136.375, 66.125, 8.080671351692641e-23, nan 
136.625, 66.125, 9.008525073495924e-23, nan 
136.875, 66.125, 8.339988150826548e-23, nan 
137.125, 66.125, 1.0895417714016455e-22, nan 
137.375, 66.125, 1.1973162065062459e-22, nan 
137.625, 66.125, 8.515427748617705e-23, nan 
137.875, 66.125, 1.2832696708865413e-22, nan 
138.125, 66.125, 1.1616321282493174e-22, nan 
138.375, 66.125, 8.256223240294447e-23, nan 
138.625, 66.125, 6.335978460917245e-23, nan 
138.875, 66.125, 5.692896204666187e-23, nan 
139.125, 66.125, 6.481288079590912e-23, nan 
139.375, 66.125, 7.348083341519104e-23, nan 
139.625, 66.125, 6.949820599587506e-23, nan 
139.875, 66.125, 8.82477119994753e-23, nan 
140.125, 66.125, 1.0261418419122152e-22, nan 
140.375, 66.125, 8.74370904795385e-23, nan 
140.625, 66.125, 8.297705282209677e-23, nan 
140.875, 66.125, 5.2915956085331453e-23, nan 
141.125, 66.125, 7.422365257989286e-23, nan 
141.375, 66.125, 1.1148503969649331e-22, nan 
141.625, 66.125, 1.5376292825353478e-22, nan 
141.875, 66.125, 1.7992780063918874e-22, nan 
142.125, 66.125, 1.71308763062288e-22, nan 
142.375, 66.125, 1.736021705248237e-22, nan 
142.625, 66.125, 2.3508423319414145e-22, nan 
142.875, 66.125, 3.166411992885551e-22, nan 
143.125, 66.125, 4.582587618058674e-22, nan 
143.375, 66.125, 7.918556752935209e-22, nan 
143.625, 66.125, 2.8035376060992534e-21, nan 
143.875, 66.125, 5.0745986938500065e-21, nan 
144.125, 66.125, 5.633655133908123e-21, nan 
144.375, 66.125, 4.032964250125039e-21, nan 
144.625, 66.125, 1.6626001185147579e-21, nan 
144.875, 66.125, 6.21281232839064e-22, nan 
145.125, 66.125, 7.1578862669908005e-22, nan 
145.375, 66.125, 5.7857156247506085e-22, nan 
145.625, 66.125, 4.216090258021189e-22, nan 
145.875, 66.125, 4.804008687116455e-22, nan 
146.125, 66.125, 1.4466090636281893e-22, nan 
146.375, 66.125, 9.89280442239878e-23, nan 
146.625, 66.125, 2.0926457775714124e-22, nan 
146.875, 66.125, 3.004510709982082e-22, nan 
147.125, 66.125, 3.532517380144424e-22, nan 
147.375, 66.125, 4.263753814562641e-22, nan 
147.625, 66.125, 4.408550718489796e-22, nan 
147.875, 66.125, 1.592212951264194e-22, nan 
148.125, 66.125, 3.389790840044767e-22, nan 
148.375, 66.125, 3.767793510692236e-22, nan 
148.625, 66.125, 2.280699755325915e-22, nan 
148.875, 66.125, 2.199586886934941e-22, nan 
149.125, 66.125, 2.995183356815449e-22, nan 
149.375, 66.125, 4.951790014470394e-22, nan 
149.625, 66.125, 7.003516841949387e-22, nan 
149.875, 66.125, 5.309622186181988e-22, nan 
150.125, 66.125, 6.471762983241405e-22, nan 
150.375, 66.125, 1.2101657916263118e-21, nan 
150.625, 66.125, 1.3978232970996492e-21, nan 
150.875, 66.125, 1.904779475745477e-21, nan 
151.125, 66.125, 1.1397151592328269e-21, nan 
151.375, 66.125, 1.639185427768725e-21, nan 
151.625, 66.125, 1.7600652384079e-21, nan 
151.875, 66.125, 1.6253864375321033e-21, nan 
152.125, 66.125, 1.4325024562589195e-21, nan 
152.375, 66.125, 1.5476459744286772e-21, nan 
152.625, 66.125, 1.3690793123647301e-21, nan 
152.875, 66.125, 8.919135342596645e-22, nan 
153.125, 66.125, 5.627454036931529e-22, nan 
153.375, 66.125, 2.486453179079029e-22, nan 
153.625, 66.125, 8.747876975211578e-22, nan 
153.875, 66.125, 1.003399670490982e-21, nan 
154.125, 66.125, 8.669059270232168e-22, nan 
154.375, 66.125, 1.2064156036457658e-21, nan 
154.625, 66.125, 1.1984479410139488e-21, nan 
154.875, 66.125, 1.3637207800360996e-21, nan 
155.125, 66.125, 7.816643332530729e-22, nan 
155.375, 66.125, 5.13124058823053e-22, nan 
155.625, 66.125, 1.080025499158273e-21, nan 
155.875, 66.125, 1.3133867842821689e-21, nan 
156.125, 66.125, 8.253768359402073e-22, nan 
156.375, 66.125, 1.5733226978787533e-21, nan 
156.625, 66.125, 1.4882426905595029e-21, nan 
156.875, 66.125, 3.051180114193786e-21, nan 
157.125, 66.125, 2.670927500805164e-21, nan 
157.375, 66.125, 2.879368224887762e-21, nan 
157.625, 66.125, 4.1070768005946325e-21, nan 
157.875, 66.125, 4.277320063021115e-21, nan 
158.125, 66.125, 3.468396576983096e-21, nan 
158.375, 66.125, 3.455793453337303e-21, nan 
158.625, 66.125, 3.2761272735061645e-21, nan 
158.875, 66.125, 3.598638732936207e-21, nan 
159.125, 66.125, 4.352889039487553e-21, nan 
159.375, 66.125, 3.2444958040594968e-21, nan 
159.625, 66.125, 2.359859781769934e-21, nan 
159.875, 66.125, 1.8329120050240352e-21, nan 
160.125, 66.125, 1.6763399214530703e-21, nan 
160.375, 66.125, 2.0367921504536323e-21, nan 
160.625, 66.125, 1.9052471522670174e-21, nan 
160.875, 66.125, 2.1515915899941233e-21, nan 
161.125, 66.125, 2.1902027245082982e-21, nan 
161.375, 66.125, 3.067575560558273e-21, nan 
161.625, 66.125, 3.2138562930615445e-21, nan 
161.875, 66.125, 2.961439187807802e-21, nan 
162.125, 66.125, 2.8147840369853607e-21, nan 
162.375, 66.125, 6.1249268309307236e-21, nan 
162.625, 66.125, 3.726088115740099e-21, nan 
162.875, 66.125, 1.2389991722596125e-20, nan 
163.125, 66.125, 4.87977981351794e-20, nan 
163.375, 66.125, 8.95654287305968e-20, nan 
163.625, 66.125, 7.103521973394795e-20, nan 
163.875, 66.125, 1.4413643411566894e-20, nan 
164.125, 66.125, 9.721291820795449e-21, nan 
164.375, 66.125, 9.818368209322431e-21, nan 
164.625, 66.125, 1.1938230252391023e-20, nan 
164.875, 66.125, 1.0950220601711074e-20, nan 
165.125, 66.125, 1.0709557225306894e-20, nan 
165.375, 66.125, 5.935834714074985e-21, nan 
165.625, 66.125, 6.6225705187060044e-21, nan 
165.875, 66.125, 5.875860682110688e-21, nan 
166.125, 66.125, 6.076075097712792e-21, nan 
166.375, 66.125, 2.8675840050850816e-21, nan 
166.625, 66.125, 5.2199032800107494e-21, nan 
166.875, 66.125, 9.961729929221176e-21, nan 
167.125, 66.125, 5.051606939189493e-21, nan 
167.375, 66.125, 4.099921075581121e-21, nan 
167.625, 66.125, 3.0718195897989066e-21, nan 
167.875, 66.125, 1.644064712897047e-21, nan 
168.125, 66.125, 3.309648033571275e-21, nan 
168.375, 66.125, 4.098406119691954e-21, nan 
168.625, 66.125, 2.813256726371131e-21, nan 
168.875, 66.125, 6.165246005859268e-21, nan 
169.125, 66.125, 7.925701466310614e-21, nan 
169.375, 66.125, 3.871250697961943e-21, nan 
169.625, 66.125, 3.796670664297135e-21, nan 
169.875, 66.125, 5.010910707633865e-21, nan 
170.125, 66.125, 1.6796202683545272e-21, nan 
170.375, 66.125, 3.719418702221235e-21, nan 
170.625, 66.125, 6.044138220247634e-21, nan 
170.875, 66.125, 2.6916867193757606e-21, nan 
171.125, 66.125, 4.614492620811934e-21, nan 
171.375, 66.125, 7.445823196839831e-21, nan 
171.625, 66.125, 4.8576993893448946e-21, nan 
171.875, 66.125, 6.811792683012617e-21, nan 
172.125, 66.125, 1.0757838491062783e-20, nan 
172.375, 66.125, 8.013289645321894e-21, nan 
172.625, 66.125, 6.795429304426785e-21, nan 
172.875, 66.125, 8.302315130053031e-21, nan 
173.125, 66.125, 4.770701490697974e-21, nan 
173.375, 66.125, 3.5006637781251616e-21, nan 
173.625, 66.125, 5.194072141001188e-21, nan 
173.875, 66.125, 4.150431604982193e-21, nan 
174.125, 66.125, 4.3650528843209e-21, nan 
174.375, 66.125, 4.7180289939026315e-21, nan 
174.625, 66.125, 4.586185450686344e-21, nan 
174.875, 66.125, 4.8122319741139e-21, nan 
175.125, 66.125, 4.417601522244404e-21, nan 
175.375, 66.125, 5.04177705454731e-21, nan 
175.625, 66.125, 4.198244472375912e-21, nan 
175.875, 66.125, 5.642641087737343e-21, nan 
176.125, 66.125, 3.550012659436637e-21, nan 
176.375, 66.125, 1.3909133525167756e-21, nan 
176.625, 66.125, 4.850561824870718e-21, nan 
176.875, 66.125, 5.129997841033403e-21, nan 
177.125, 66.125, 2.264879896034495e-21, nan 
177.375, 66.125, 2.7064859241730643e-21, nan 
177.625, 66.125, 2.4372597808960348e-21, nan 
177.875, 66.125, 1.855850445536714e-21, nan 
178.125, 66.125, 1.7683023378894337e-21, nan 
178.375, 66.125, 1.7421592060647414e-21, nan 
178.625, 66.125, 1.2510011748131398e-21, nan 
178.875, 66.125, 1.2910738356915022e-21, nan 
179.125, 66.125, 3.3021865131074315e-21, nan 
179.375, 66.125, 1.5197502155610076e-21, nan 
179.625, 66.125, 1.076806665965643e-21, nan 
179.875, 66.125, 2.169449833735124e-21, nan 
-179.875, 66.375, 2.089859481189676e-21, nan 
-179.625, 66.375, 2.0604379946914314e-21, nan 
-179.375, 66.375, 1.900884548761549e-21, nan 
-179.125, 66.375, 1.4997783262490548e-21, nan 
-178.875, 66.375, 1.2316960780124928e-21, nan 
-178.625, 66.375, 1.1124384917286194e-21, nan 
-178.375, 66.375, 5.859821724340457e-22, nan 
-178.125, 66.375, 1.1358139631821148e-21, nan 
-177.875, 66.375, 1.0373162356113556e-21, nan 
-177.625, 66.375, 6.280520684598618e-22, nan 
-177.375, 66.375, 5.964546619529352e-22, nan 
-177.125, 66.375, 7.38171715744496e-22, nan 
-176.875, 66.375, 4.717110911231514e-22, nan 
-176.625, 66.375, 3.327419844445464e-22, nan 
-176.375, 66.375, 1.9133818631552553e-22, nan 
-176.125, 66.375, 2.693160101045829e-22, nan 
-175.875, 66.375, 2.172204119310362e-22, nan 
-175.625, 66.375, 2.283295145745695e-22, nan 
-175.375, 66.375, 3.841690969805801e-22, nan 
-175.125, 66.375, 3.4262087840808877e-22, nan 
-174.875, 66.375, 3.3637071191950744e-22, nan 
-174.625, 66.375, 5.566628599407802e-22, nan 
-174.375, 66.375, 2.985005677066582e-22, nan 
-174.125, 66.375, 2.1777653456850417e-22, nan 
-173.875, 66.375, 5.366186571168669e-22, nan 
-173.625, 66.375, 7.908232373203138e-23, nan 
-173.375, 66.375, 4.441308231507936e-23, nan 
-173.125, 66.375, 2.4858292076712774e-22, nan 
-172.875, 66.375, 1.4911108110844984e-22, nan 
-172.625, 66.375, 1.6808436784589225e-22, nan 
-172.375, 66.375, 1.434674746827595e-22, nan 
-172.125, 66.375, 2.079243596772776e-22, nan 
-171.875, 66.375, 3.5586828582679007e-22, nan 
-171.625, 66.375, 3.993602038627659e-22, nan 
-171.375, 66.375, 2.751527954768697e-22, nan 
-171.125, 66.375, 2.508375933170381e-22, nan 
-170.875, 66.375, 3.592277225463145e-22, nan 
-170.625, 66.375, 3.8139200329077687e-22, nan 
-170.375, 66.375, 2.2394168301958903e-22, nan 
-170.125, 66.375, 1.6439107841853707e-22, nan 
-169.875, 66.375, 2.537129301201393e-22, nan 
-169.625, 66.375, 1.843690260069523e-22, nan 
-169.375, 66.375, 9.972562672158681e-23, nan 
-169.125, 66.375, 1.0728522397074599e-22, nan 
-168.875, 66.375, 1.1567717508484106e-22, nan 
-168.625, 66.375, 6.206415725739885e-23, nan 
-168.375, 66.375, 7.15336208811437e-23, nan 
-168.125, 66.375, 1.16423155044411e-22, nan 
-167.875, 66.375, 9.000181787260225e-23, nan 
-167.625, 66.375, 1.1357105057897206e-22, nan 
-167.375, 66.375, 2.1175436028917568e-22, nan 
-167.125, 66.375, 1.6567493149851097e-22, nan 
-166.875, 66.375, 1.4744917270857455e-22, nan 
-166.625, 66.375, 1.2590058196235828e-22, nan 
-166.375, 66.375, 1.1403703777250556e-22, nan 
-166.125, 66.375, 2.27587942468077e-22, nan 
-165.875, 66.375, 1.7072314452190194e-22, nan 
-165.625, 66.375, 1.069388712087998e-22, nan 
-165.375, 66.375, 1.5042685326878583e-22, nan 
-165.125, 66.375, 2.0931395495760469e-22, nan 
-164.875, 66.375, 1.516901306321874e-22, nan 
-164.625, 66.375, 1.2697159857720104e-22, nan 
-164.375, 66.375, 6.442733705722503e-23, nan 
-164.125, 66.375, 6.754314665919393e-23, nan 
-163.875, 66.375, 1.007942089017338e-22, nan 
-163.625, 66.375, 6.568547862534179e-23, nan 
-163.375, 66.375, 8.365589517503119e-23, nan 
-163.125, 66.375, 1.037801013450937e-22, nan 
-162.875, 66.375, 1.077289653396631e-22, nan 
-162.625, 66.375, 1.2571226013176274e-22, nan 
-162.375, 66.375, 9.908439363045575e-23, nan 
-162.125, 66.375, 1.4481110163728242e-22, nan 
-161.875, 66.375, 2.118885978172733e-22, nan 
-161.625, 66.375, 1.2571223073314847e-22, nan 
-161.375, 66.375, 1.2746999740908833e-22, nan 
-161.125, 66.375, 7.624660409280684e-23, nan 
-160.875, 66.375, 6.841292162077939e-23, nan 
-160.625, 66.375, 5.452288648565655e-23, nan 
-160.375, 66.375, 3.44932787560013e-23, nan 
-160.125, 66.375, 1.1947953380686203e-22, nan 
-159.875, 66.375, 6.457616171521027e-23, nan 
-159.625, 66.375, 2.776939226924185e-23, nan 
-159.375, 66.375, 7.33165659389291e-23, nan 
-159.125, 66.375, 1.486307639227567e-22, nan 
-158.875, 66.375, 7.497057486928472e-23, nan 
-158.625, 66.375, 2.2148455847902242e-23, nan 
-158.375, 66.375, 4.9464707702345375e-23, nan 
-158.125, 66.375, 9.256153058949795e-23, nan 
-157.875, 66.375, 3.778987279284333e-23, nan 
-157.625, 66.375, 2.193936016423066e-23, nan 
-157.375, 66.375, 4.7926303995502803e-23, nan 
-157.125, 66.375, 2.145657575880471e-23, nan 
-156.875, 66.375, 5.1518769146026474e-23, nan 
-156.625, 66.375, 6.91328264382741e-23, nan 
-156.375, 66.375, 4.1230394194706564e-23, nan 
-156.125, 66.375, 5.357010629923808e-23, nan 
-155.875, 66.375, 2.0834360908755224e-23, nan 
-155.625, 66.375, 1.989743125588224e-23, nan 
-155.375, 66.375, 1.5201074031999934e-23, nan 
-155.125, 66.375, 1.6149094340652506e-23, nan 
-154.875, 66.375, 2.3582865349363473e-23, nan 
-154.625, 66.375, 2.770964566946002e-23, nan 
-154.375, 66.375, 1.5983597390105311e-23, nan 
-154.125, 66.375, 2.1165305773306757e-23, nan 
-153.875, 66.375, 2.4811353498329068e-23, nan 
-153.625, 66.375, 3.838245917624022e-23, nan 
-153.375, 66.375, 6.819329651466155e-23, nan 
-153.125, 66.375, 7.770186865121853e-23, nan 
-152.875, 66.375, 8.789771007479942e-23, nan 
-152.625, 66.375, 6.385122902126311e-23, nan 
-152.375, 66.375, 6.161049080543589e-23, nan 
-152.125, 66.375, 6.618394000076774e-23, nan 
-151.875, 66.375, 4.625756723445173e-23, nan 
-151.625, 66.375, 3.388613799467094e-23, nan 
-151.375, 66.375, 1.202899327653764e-23, nan 
-151.125, 66.375, 1.669158513990245e-23, nan 
-150.875, 66.375, 3.926495347516629e-23, nan 
-150.625, 66.375, 3.693027897273288e-23, nan 
-150.375, 66.375, 2.1600838597382395e-23, nan 
-150.125, 66.375, 5.497943219713421e-23, nan 
-149.875, 66.375, 4.966285064475733e-23, nan 
-149.625, 66.375, 1.8934516610431945e-23, nan 
-149.375, 66.375, 2.2670201594140498e-23, nan 
-149.125, 66.375, 2.7714485017325325e-23, nan 
-148.875, 66.375, 3.5466598594683696e-23, nan 
-148.625, 66.375, 3.374945355956147e-23, nan 
-148.375, 66.375, 3.384561629001093e-23, nan 
-148.125, 66.375, 3.053886705025981e-23, nan 
-147.875, 66.375, 1.3034039753409304e-23, nan 
-147.625, 66.375, 8.544164650772273e-24, nan 
-147.375, 66.375, 1.0544529891487716e-23, nan 
-147.125, 66.375, 2.1064074328259686e-23, nan 
-146.875, 66.375, 2.58839854104758e-23, nan 
-146.625, 66.375, 2.4205838935022242e-23, nan 
-146.375, 66.375, 3.240799861718855e-23, nan 
-146.125, 66.375, 3.8694661562905014e-23, nan 
-145.875, 66.375, 2.609050673589642e-23, nan 
-145.625, 66.375, 2.4400282209294838e-23, nan 
-145.375, 66.375, 2.981792537105108e-23, nan 
-145.125, 66.375, 2.537333800454673e-23, nan 
-144.875, 66.375, 2.5535012570725057e-23, nan 
-144.625, 66.375, 2.6345073647419897e-23, nan 
-144.375, 66.375, 1.4133638885540373e-23, nan 
-144.125, 66.375, 5.4017439982630614e-24, nan 
-143.875, 66.375, 1.6807396464058573e-23, nan 
-143.625, 66.375, 1.6276227914155248e-23, nan 
-143.375, 66.375, 1.479376282041002e-23, nan 
-143.125, 66.375, 2.2042785903119842e-23, nan 
-142.875, 66.375, 3.5310014470705354e-23, nan 
-142.625, 66.375, 1.0506708765330919e-23, nan 
-142.375, 66.375, 1.6248750136823605e-23, nan 
-142.125, 66.375, 2.4353477285412883e-23, nan 
-141.875, 66.375, 1.2906381312045841e-23, nan 
-141.625, 66.375, 2.015764230919974e-23, nan 
-141.375, 66.375, 3.5532347712954624e-23, nan 
-141.125, 66.375, 3.7896184543919193e-23, nan 
-140.875, 66.375, 4.6839960949088935e-23, nan 
-140.625, 66.375, 4.5338293916469904e-23, nan 
-140.375, 66.375, 4.9412061634573106e-23, nan 
-140.125, 66.375, 2.799639870765904e-23, nan 
-139.875, 66.375, 5.308709276647211e-24, nan 
-139.625, 66.375, 1.2751928890830219e-23, nan 
-139.375, 66.375, 1.2598754023606002e-23, nan 
-139.125, 66.375, 1.0162104510655611e-23, nan 
-138.875, 66.375, 1.7604539875859562e-23, nan 
-138.625, 66.375, 1.0755940082062698e-23, nan 
-138.375, 66.375, 1.3978380350942334e-23, nan 
-138.125, 66.375, 2.2347950279001216e-23, nan 
-137.875, 66.375, 4.0132192549438734e-23, nan 
-137.625, 66.375, 3.3883382251973574e-23, nan 
-137.375, 66.375, 4.5339074890350433e-23, nan 
-137.125, 66.375, 6.212658517411244e-23, nan 
-136.875, 66.375, 5.527209427060909e-23, nan 
-136.625, 66.375, 4.49659512479827e-23, nan 
-136.375, 66.375, 2.4394266538727536e-23, nan 
-136.125, 66.375, 2.0016854561496542e-23, nan 
-135.875, 66.375, 1.1535874665434946e-23, nan 
-135.625, 66.375, 1.2696722097176207e-23, nan 
-135.375, 66.375, 9.076975089710241e-24, nan 
-135.125, 66.375, 7.804337015240745e-24, nan 
-134.875, 66.375, 7.927568433171463e-24, nan 
-134.625, 66.375, 6.996505681955101e-24, nan 
-134.375, 66.375, 1.1345038460091875e-23, nan 
-134.125, 66.375, 1.4869418323814075e-23, nan 
-133.875, 66.375, 9.35772790497576e-24, nan 
-133.625, 66.375, 9.629640402283481e-24, nan 
-133.375, 66.375, 1.1833231026026929e-23, nan 
-133.125, 66.375, 1.1502472782648665e-23, nan 
-132.875, 66.375, 8.582299988138442e-24, nan 
-132.625, 66.375, 8.863293962092742e-24, nan 
-132.375, 66.375, 6.109784167769452e-24, nan 
-132.125, 66.375, 5.286066656755108e-24, nan 
-131.875, 66.375, 1.0291369136834359e-23, nan 
-131.625, 66.375, 1.1096370229101748e-23, nan 
-131.375, 66.375, 1.2237240440814521e-23, nan 
-131.125, 66.375, 8.198530871998191e-24, nan 
-130.875, 66.375, 1.3590351901785223e-23, nan 
-130.625, 66.375, 1.240495275516103e-23, nan 
-130.375, 66.375, 1.2249537234751924e-23, nan 
-130.125, 66.375, 1.9835078112867984e-23, nan 
-129.875, 66.375, 2.1696364205120658e-23, nan 
-129.625, 66.375, 2.0430803547417538e-23, nan 
-129.375, 66.375, 1.7440462896034022e-23, nan 
-129.125, 66.375, 1.2473154053854143e-23, nan 
-128.875, 66.375, 2.08762372978704e-23, nan 
-128.625, 66.375, 1.3142633564167958e-23, nan 
-128.375, 66.375, 1.3153076654954902e-23, nan 
-128.125, 66.375, 1.2307066243983514e-23, nan 
-127.875, 66.375, 1.390421625745907e-23, nan 
-127.625, 66.375, 1.1825598650667945e-23, nan 
-127.375, 66.375, 1.2025305812827654e-23, nan 
-127.125, 66.375, 5.4983529294577126e-24, nan 
-126.875, 66.375, 4.6928712435660804e-24, nan 
-126.625, 66.375, 7.996526405392699e-24, nan 
-126.375, 66.375, 5.6129872409790555e-24, nan 
-126.125, 66.375, 6.021023786661214e-24, nan 
-125.875, 66.375, 6.5381646174442124e-24, nan 
-125.625, 66.375, 5.1367399434314556e-24, nan 
-125.375, 66.375, 5.210697666029195e-24, nan 
-125.125, 66.375, 8.163608831325187e-24, nan 
-124.875, 66.375, 7.47048544502103e-24, nan 
-124.625, 66.375, 9.586550232396993e-24, nan 
-124.375, 66.375, 4.665301810100656e-24, nan 
-124.125, 66.375, 5.7355385336908355e-24, nan 
-123.875, 66.375, 6.4157369444863265e-24, nan 
-123.625, 66.375, 7.475533745891995e-24, nan 
-123.375, 66.375, 7.337067545724892e-24, nan 
-123.125, 66.375, 7.183717342466751e-24, nan 
-122.875, 66.375, 1.156888762234626e-23, nan 
-122.625, 66.375, 1.2343294319851879e-23, nan 
-122.375, 66.375, 1.1249007115505369e-23, nan 
-122.125, 66.375, 1.0634366664962278e-23, nan 
94.125, 66.375, 4.421156578649133e-24, nan 
94.375, 66.375, 8.351866500477804e-24, nan 
94.625, 66.375, 8.828930278740539e-24, nan 
94.875, 66.375, 7.179789827670974e-24, nan 
95.125, 66.375, 1.0805494535824516e-23, nan 
95.375, 66.375, 1.1935135970252254e-23, nan 
95.625, 66.375, 6.946255352299316e-24, nan 
95.875, 66.375, 6.356127777023082e-24, nan 
96.125, 66.375, 8.574560258292208e-24, nan 
96.375, 66.375, 6.831014252208468e-24, nan 
96.625, 66.375, 8.945502775089722e-24, nan 
96.875, 66.375, 1.0510416064437408e-23, nan 
97.125, 66.375, 1.2435013371803633e-23, nan 
97.375, 66.375, 1.6748455324494062e-23, nan 
97.625, 66.375, 2.171038146400432e-23, nan 
97.875, 66.375, 1.0556005917172402e-23, nan 
98.125, 66.375, 9.168193236978565e-24, nan 
98.375, 66.375, 1.1529429684721292e-23, nan 
98.625, 66.375, 1.1023806276867316e-23, nan 
98.875, 66.375, 7.476199197392674e-24, nan 
99.125, 66.375, 2.1620980724372477e-23, nan 
99.375, 66.375, 1.479626323396469e-23, nan 
99.625, 66.375, 1.7510126253621938e-23, nan 
99.875, 66.375, 1.862980738953916e-23, nan 
100.125, 66.375, 2.4171073540825905e-23, nan 
100.375, 66.375, 1.0005862572631508e-23, nan 
100.625, 66.375, 1.0474372090945194e-23, nan 
100.875, 66.375, 1.9751357993400145e-23, nan 
101.125, 66.375, 7.159413339906998e-24, nan 
101.375, 66.375, 8.700355927331993e-24, nan 
101.625, 66.375, 3.9849347219222465e-24, nan 
101.875, 66.375, 3.982342759984443e-24, nan 
102.125, 66.375, 2.0011386569516173e-24, nan 
102.375, 66.375, 2.3193590434472673e-24, nan 
102.625, 66.375, 3.0937492021689896e-24, nan 
102.875, 66.375, 3.643593881942934e-24, nan 
103.125, 66.375, 7.344916789752294e-24, nan 
103.375, 66.375, 5.514613961414881e-24, nan 
103.625, 66.375, 7.59504540366809e-24, nan 
103.875, 66.375, 1.0692458037566856e-23, nan 
104.125, 66.375, 1.0100460179857765e-23, nan 
104.375, 66.375, 8.508249724801595e-24, nan 
104.625, 66.375, 5.474020972255445e-24, nan 
104.875, 66.375, 8.019324879398046e-24, nan 
105.125, 66.375, 6.73015214275902e-24, nan 
105.375, 66.375, 1.0607635343895912e-23, nan 
105.625, 66.375, 7.591684463967349e-24, nan 
105.875, 66.375, 5.646405517968502e-24, nan 
106.125, 66.375, 7.23570114409822e-24, nan 
106.375, 66.375, 1.1061534458971698e-23, nan 
106.625, 66.375, 1.2363809136326605e-23, nan 
106.875, 66.375, 6.2343836443041124e-24, nan 
107.125, 66.375, 1.5584403524641607e-23, nan 
107.375, 66.375, 1.4378960908732002e-23, nan 
107.625, 66.375, 8.42486661670511e-24, nan 
107.875, 66.375, 9.703362795321809e-24, nan 
108.125, 66.375, 9.161239899898358e-24, nan 
108.375, 66.375, 1.0726063743119293e-23, nan 
108.625, 66.375, 8.84308054406826e-24, nan 
108.875, 66.375, 9.896385718665809e-24, nan 
109.125, 66.375, 9.262708282557797e-24, nan 
109.375, 66.375, 5.926678403732707e-24, nan 
109.625, 66.375, 1.2090274630278708e-23, nan 
109.875, 66.375, 1.3312840004283262e-23, nan 
110.125, 66.375, 1.3420536282748395e-23, nan 
110.375, 66.375, 9.367597809764344e-24, nan 
110.625, 66.375, 1.1107589856190618e-23, nan 
110.875, 66.375, 1.1167610152012849e-23, nan 
111.125, 66.375, 6.214108560351849e-24, nan 
111.375, 66.375, 5.590472084098668e-24, nan 
111.625, 66.375, 3.599065356052753e-24, nan 
111.875, 66.375, 9.249763374901158e-24, nan 
112.125, 66.375, 2.2806916293090537e-23, nan 
112.375, 66.375, 2.3389350516040357e-23, nan 
112.625, 66.375, 2.0523773714468505e-23, nan 
112.875, 66.375, 2.77631679193349e-23, nan 
113.125, 66.375, 3.045409268162615e-23, nan 
113.375, 66.375, 2.87251234447626e-23, nan 
113.625, 66.375, 1.8120655989617916e-23, nan 
113.875, 66.375, 8.734672103833178e-24, nan 
114.125, 66.375, 9.151915698736367e-24, nan 
114.375, 66.375, 1.7774293361542895e-23, nan 
114.625, 66.375, 1.4601263559587045e-23, nan 
114.875, 66.375, 1.750709071920397e-23, nan 
115.125, 66.375, 2.458894293725351e-23, nan 
115.375, 66.375, 3.2195191509118806e-23, nan 
115.625, 66.375, 3.404197631357117e-23, nan 
115.875, 66.375, 2.689387576494375e-23, nan 
116.125, 66.375, 3.874907536765669e-23, nan 
116.375, 66.375, 4.2306498018263793e-23, nan 
116.625, 66.375, 2.894315839662966e-23, nan 
116.875, 66.375, 1.2136528266878551e-23, nan 
117.125, 66.375, 1.3843639235564905e-23, nan 
117.375, 66.375, 2.357204365790068e-23, nan 
117.625, 66.375, 1.9083702250040922e-23, nan 
117.875, 66.375, 2.1413280324526078e-23, nan 
118.125, 66.375, 2.790770944267715e-23, nan 
118.375, 66.375, 1.9159882105120703e-23, nan 
118.625, 66.375, 2.3763997046687312e-23, nan 
118.875, 66.375, 1.8871941266892694e-23, nan 
119.125, 66.375, 1.74127458605605e-23, nan 
119.375, 66.375, 1.7531138034313094e-23, nan 
119.625, 66.375, 1.5174254589289835e-23, nan 
119.875, 66.375, 1.8611076520140082e-23, nan 
120.125, 66.375, 1.0832259253829543e-23, nan 
120.375, 66.375, 1.2486779723882772e-23, nan 
120.625, 66.375, 1.2098355264941427e-23, nan 
120.875, 66.375, 1.1965088653379484e-23, nan 
121.125, 66.375, 2.4537011700268324e-23, nan 
121.375, 66.375, 2.5043498804791274e-23, nan 
121.625, 66.375, 1.7339279219008007e-23, nan 
121.875, 66.375, 2.1359389638337828e-23, nan 
122.125, 66.375, 2.3070443360062562e-23, nan 
122.375, 66.375, 1.9387691556028246e-23, nan 
122.625, 66.375, 2.773801551268835e-23, nan 
122.875, 66.375, 2.83002929175172e-23, nan 
123.125, 66.375, 1.4746938844702778e-23, nan 
123.375, 66.375, 2.4019902096266268e-23, nan 
123.625, 66.375, 2.965006075676917e-23, nan 
123.875, 66.375, 1.4440628982388988e-23, nan 
124.125, 66.375, 1.3947540510964634e-23, nan 
124.375, 66.375, 2.0579569053049335e-23, nan 
124.625, 66.375, 1.0599459624421215e-23, nan 
124.875, 66.375, 1.0313200772941288e-23, nan 
125.125, 66.375, 7.179275550093307e-24, nan 
125.375, 66.375, 2.335196691178351e-23, nan 
125.625, 66.375, 2.655335310092187e-23, nan 
125.875, 66.375, 1.8505599748089824e-23, nan 
126.125, 66.375, 2.850691981574184e-23, nan 
126.375, 66.375, 3.246554825342057e-23, nan 
126.625, 66.375, 3.59282370495446e-23, nan 
126.875, 66.375, 3.517616916838244e-23, nan 
127.125, 66.375, 2.6492762007645705e-23, nan 
127.375, 66.375, 2.473034507917515e-23, nan 
127.625, 66.375, 2.8411628002004973e-23, nan 
127.875, 66.375, 2.4979092545987258e-23, nan 
128.125, 66.375, 3.814769266202505e-23, nan 
128.375, 66.375, 1.7445728445330628e-23, nan 
128.625, 66.375, 2.3713759784204203e-23, nan 
128.875, 66.375, 3.240725246767933e-23, nan 
129.125, 66.375, 3.154171824201351e-23, nan 
129.375, 66.375, 1.7388390792631685e-23, nan 
129.625, 66.375, 3.201727662080297e-23, nan 
129.875, 66.375, 3.7502474091608335e-23, nan 
130.125, 66.375, 5.31679898609013e-23, nan 
130.375, 66.375, 7.815876292018764e-23, nan 
130.625, 66.375, 7.940859520206592e-23, nan 
130.875, 66.375, 8.618587358380117e-23, nan 
131.125, 66.375, 6.890829845933927e-23, nan 
131.375, 66.375, 6.822862733249424e-23, nan 
131.625, 66.375, 5.538856351730783e-23, nan 
131.875, 66.375, 2.650999768433207e-23, nan 
132.125, 66.375, 3.6847564677923165e-23, nan 
132.375, 66.375, 2.0988149055463956e-23, nan 
132.625, 66.375, 4.1504974507518243e-23, nan 
132.875, 66.375, 2.6182377878486105e-23, nan 
133.125, 66.375, 4.3447770403411504e-23, nan 
133.375, 66.375, 4.179670565634284e-23, nan 
133.625, 66.375, 3.86193773991616e-23, nan 
133.875, 66.375, 4.0123110385932007e-23, nan 
134.125, 66.375, 4.659565595971326e-23, nan 
134.375, 66.375, 4.200555149421186e-23, nan 
134.625, 66.375, 3.485885989558945e-23, nan 
134.875, 66.375, 2.224645402650498e-23, nan 
135.125, 66.375, 2.1092209509176317e-23, nan 
135.375, 66.375, 4.000133292406198e-23, nan 
135.625, 66.375, 4.5826660809878886e-23, nan 
135.875, 66.375, 6.510473860820948e-23, nan 
136.125, 66.375, 6.261787430025108e-23, nan 
136.375, 66.375, 5.741272962658566e-23, nan 
136.625, 66.375, 8.142966527651394e-23, nan 
136.875, 66.375, 7.919707244349195e-23, nan 
137.125, 66.375, 1.135434609660803e-22, nan 
137.375, 66.375, 1.3622284306791862e-22, nan 
137.625, 66.375, 1.1023404581258508e-22, nan 
137.875, 66.375, 1.1514183633831926e-22, nan 
138.125, 66.375, 1.0634295438762095e-22, nan 
138.375, 66.375, 7.834123282334804e-23, nan 
138.625, 66.375, 3.2683126437863235e-23, nan 
138.875, 66.375, 2.7937289598373715e-23, nan 
139.125, 66.375, 6.995737172790496e-23, nan 
139.375, 66.375, 9.024691202436114e-23, nan 
139.625, 66.375, 1.0255966113719113e-22, nan 
139.875, 66.375, 1.0935472103924372e-22, nan 
140.125, 66.375, 1.1398183985839338e-22, nan 
140.375, 66.375, 1.2566447235780403e-22, nan 
140.625, 66.375, 1.0379780668275135e-22, nan 
140.875, 66.375, 1.2584655565528097e-22, nan 
141.125, 66.375, 1.5967011471607335e-22, nan 
141.375, 66.375, 1.310601384197305e-22, nan 
141.625, 66.375, 1.9414243742289546e-22, nan 
141.875, 66.375, 2.9263874666585746e-22, nan 
142.125, 66.375, 3.0276938614080913e-22, nan 
142.375, 66.375, 3.7131695147354353e-22, nan 
142.625, 66.375, 6.376730803702342e-22, nan 
142.875, 66.375, 2.203712049390816e-21, nan 
143.125, 66.375, 4.627179417328542e-21, nan 
143.375, 66.375, 5.588499637554978e-21, nan 
143.625, 66.375, 5.2003005525366546e-21, nan 
143.875, 66.375, 1.0861449465684216e-20, nan 
144.125, 66.375, 1.1704584169745451e-20, nan 
144.375, 66.375, 6.99345104897011e-21, nan 
144.625, 66.375, 6.811945016371898e-21, nan 
144.875, 66.375, 5.461832855348863e-21, nan 
145.125, 66.375, 3.576807937299261e-21, nan 
145.375, 66.375, 1.848713184136608e-21, nan 
145.625, 66.375, 4.767744340311027e-22, nan 
145.875, 66.375, 5.047803508759801e-22, nan 
146.125, 66.375, 4.397622074692267e-22, nan 
146.375, 66.375, 2.4637684214722492e-22, nan 
146.625, 66.375, 2.323903210152362e-22, nan 
146.875, 66.375, 2.321001534856417e-22, nan 
147.125, 66.375, 7.109249321734716e-22, nan 
147.375, 66.375, 2.6564291878548935e-22, nan 
147.625, 66.375, 2.911544737037186e-22, nan 
147.875, 66.375, 4.242010502089262e-22, nan 
148.125, 66.375, 1.627312587798338e-22, nan 
148.375, 66.375, 3.757298665997557e-22, nan 
148.625, 66.375, 2.0611773492894466e-22, nan 
148.875, 66.375, 2.482087037387955e-22, nan 
149.125, 66.375, 2.673411896292458e-22, nan 
149.375, 66.375, 3.1665312306792904e-22, nan 
149.625, 66.375, 4.739683852235985e-22, nan 
149.875, 66.375, 3.711654213435796e-22, nan 
150.125, 66.375, 3.497488664597217e-22, nan 
150.375, 66.375, 7.141492014793054e-22, nan 
150.625, 66.375, 7.398988966554048e-22, nan 
150.875, 66.375, 1.1958169970901279e-21, nan 
151.125, 66.375, 1.1198032063038536e-21, nan 
151.375, 66.375, 1.4286062968330499e-21, nan 
151.625, 66.375, 1.2010675189556189e-21, nan 
151.875, 66.375, 1.1041693188524898e-21, nan 
152.125, 66.375, 9.35751187539931e-22, nan 
152.375, 66.375, 5.73225014738835e-22, nan 
152.625, 66.375, 5.569500499679912e-22, nan 
152.875, 66.375, 3.189331417455843e-22, nan 
153.125, 66.375, 6.706467632177207e-22, nan 
153.375, 66.375, 5.262316579387609e-22, nan 
153.625, 66.375, 5.304038046758608e-22, nan 
153.875, 66.375, 7.678585263601648e-22, nan 
154.125, 66.375, 7.4578810015940885e-22, nan 
154.375, 66.375, 1.160780475513555e-21, nan 
154.625, 66.375, 9.015011393543306e-22, nan 
154.875, 66.375, 3.8515814225471296e-22, nan 
155.125, 66.375, 8.889371650726463e-22, nan 
155.375, 66.375, 8.067571474820555e-22, nan 
155.625, 66.375, 7.732792282428541e-22, nan 
155.875, 66.375, 6.543780235320714e-22, nan 
156.125, 66.375, 1.1857648049759521e-21, nan 
156.375, 66.375, 1.0508097408053091e-21, nan 
156.625, 66.375, 1.1367155087298567e-21, nan 
156.875, 66.375, 2.3279049361498175e-21, nan 
157.125, 66.375, 3.633297351386967e-21, nan 
157.375, 66.375, 1.781308443300362e-21, nan 
157.625, 66.375, 3.5465431803485135e-21, nan 
157.875, 66.375, 5.0218096160300054e-21, nan 
158.125, 66.375, 2.687257789603715e-21, nan 
158.375, 66.375, 3.304197326183096e-21, nan 
158.625, 66.375, 3.582972759869093e-21, nan 
158.875, 66.375, 2.629528732018203e-21, nan 
159.125, 66.375, 3.23051506901758e-21, nan 
159.375, 66.375, 2.5041150598653832e-21, nan 
159.625, 66.375, 2.4657463533823346e-21, nan 
159.875, 66.375, 2.1469426533125584e-21, nan 
160.125, 66.375, 2.0256912905467687e-21, nan 
160.375, 66.375, 2.1602661447478725e-21, nan 
160.625, 66.375, 2.416316259742746e-21, nan 
160.875, 66.375, 1.6049280508268982e-21, nan 
161.125, 66.375, 2.426650865150172e-21, nan 
161.375, 66.375, 4.495335592610132e-21, nan 
161.625, 66.375, 3.792414280802692e-21, nan 
161.875, 66.375, 4.035682200655102e-21, nan 
162.125, 66.375, 1.1291494404922781e-20, nan 
162.375, 66.375, 3.5623089592818604e-20, nan 
162.625, 66.375, 7.8722888283252e-20, nan 
162.875, 66.375, 7.689414746681902e-20, nan 
163.125, 66.375, 9.519648135512492e-20, nan 
163.375, 66.375, 1.810022303369558e-19, nan 
163.625, 66.375, 1.4703990873160634e-19, nan 
163.875, 66.375, 6.000433986319929e-20, nan 
164.125, 66.375, 8.612896940979132e-20, nan 
164.375, 66.375, 6.34757244737855e-20, nan 
164.625, 66.375, 1.9685397486186495e-20, nan 
164.875, 66.375, 1.3224276068676996e-20, nan 
165.125, 66.375, 9.259701500520187e-21, nan 
165.375, 66.375, 8.151031056313645e-21, nan 
165.625, 66.375, 6.2372599849891904e-21, nan 
165.875, 66.375, 5.248330160068952e-21, nan 
166.125, 66.375, 6.461817496269226e-21, nan 
166.375, 66.375, 6.5564928602787716e-21, nan 
166.625, 66.375, 7.19633301033775e-21, nan 
166.875, 66.375, 1.0856156301246378e-20, nan 
167.125, 66.375, 7.329064467851033e-21, nan 
167.375, 66.375, 6.4460269638704526e-21, nan 
167.625, 66.375, 4.489797635675588e-21, nan 
167.875, 66.375, 4.899608906110414e-21, nan 
168.125, 66.375, 4.132191212061814e-21, nan 
168.375, 66.375, 4.1318134300121975e-21, nan 
168.625, 66.375, 4.4755158938555e-21, nan 
168.875, 66.375, 5.050169884751152e-21, nan 
169.125, 66.375, 5.956060178118227e-21, nan 
169.375, 66.375, 3.5688263777443105e-21, nan 
169.625, 66.375, 1.566558620773386e-21, nan 
169.875, 66.375, 2.491082422529005e-21, nan 
170.125, 66.375, 6.641203829343269e-22, nan 
170.375, 66.375, 6.764928293532018e-22, nan 
170.625, 66.375, 2.5710983774185226e-21, nan 
170.875, 66.375, 2.3593637128515966e-21, nan 
171.125, 66.375, 4.757903652969513e-21, nan 
171.375, 66.375, 5.495354026057373e-21, nan 
171.625, 66.375, 2.7483274915554048e-21, nan 
171.875, 66.375, 7.190932925735273e-21, nan 
172.125, 66.375, 9.21341824458558e-21, nan 
172.375, 66.375, 4.346376247747809e-21, nan 
172.625, 66.375, 6.881517400300774e-21, nan 
172.875, 66.375, 7.070672335985804e-21, nan 
173.125, 66.375, 2.8592505884809057e-21, nan 
173.375, 66.375, 7.088193862933587e-21, nan 
173.625, 66.375, 4.518095729913499e-21, nan 
173.875, 66.375, 3.265985525547624e-21, nan 
174.125, 66.375, 5.593385473271455e-21, nan 
174.375, 66.375, 3.1788949491424475e-21, nan 
174.625, 66.375, 1.5704860215719318e-21, nan 
174.875, 66.375, 2.4538794769298197e-21, nan 
175.125, 66.375, 3.5180971365753094e-21, nan 
175.375, 66.375, 5.610651223559285e-21, nan 
175.625, 66.375, 4.3702397075397554e-21, nan 
175.875, 66.375, 3.5152953789302405e-21, nan 
176.125, 66.375, 3.4524254801531564e-21, nan 
176.375, 66.375, 2.532218139231399e-21, nan 
176.625, 66.375, 2.34132839546443e-21, nan 
176.875, 66.375, 2.1357347400967728e-21, nan 
177.125, 66.375, 2.7194407602314886e-21, nan 
177.375, 66.375, 2.5603337220528187e-21, nan 
177.625, 66.375, 3.3859556256901196e-21, nan 
177.875, 66.375, 2.7900385018208863e-21, nan 
178.125, 66.375, 2.6358789578910184e-21, nan 
178.375, 66.375, 1.0638869265198393e-21, nan 
178.625, 66.375, 1.7318366094375547e-21, nan 
178.875, 66.375, 1.4165836292941493e-21, nan 
179.125, 66.375, 2.016802433886524e-21, nan 
179.375, 66.375, 2.145730337956747e-21, nan 
179.625, 66.375, 1.132338365680689e-21, nan 
179.875, 66.375, 1.5748530323180771e-21, nan 
-179.875, 66.625, 1.644443664899476e-21, nan 
-179.625, 66.625, 1.8327054163994954e-21, nan 
-179.375, 66.625, 1.6944841632195348e-21, nan 
-179.125, 66.625, 7.789506701679127e-22, nan 
-178.875, 66.625, 7.984370929729557e-22, nan 
-178.625, 66.625, 9.7078696167167e-22, nan 
-178.375, 66.625, 1.0940379507456783e-21, nan 
-178.125, 66.625, 9.12920905643916e-22, nan 
-177.875, 66.625, 8.160121691545897e-22, nan 
-177.625, 66.625, 1.1105385638790958e-21, nan 
-177.375, 66.625, 7.658466649770753e-22, nan 
-177.125, 66.625, 6.7685648572006065e-22, nan 
-176.875, 66.625, 7.692384121014014e-22, nan 
-176.625, 66.625, 6.222250389239526e-22, nan 
-176.375, 66.625, 4.911673875610352e-22, nan 
-176.125, 66.625, 5.03954341550282e-22, nan 
-175.875, 66.625, 3.273637319724802e-22, nan 
-175.625, 66.625, 5.214758394011191e-22, nan 
-175.375, 66.625, 8.288935298745525e-22, nan 
-175.125, 66.625, 6.016278408611339e-22, nan 
-174.875, 66.625, 6.359630746379987e-22, nan 
-174.625, 66.625, 9.217252560693372e-22, nan 
-174.375, 66.625, 3.924544125856036e-22, nan 
-174.125, 66.625, 1.0088390919135875e-22, nan 
-173.875, 66.625, 3.8077558436623025e-22, nan 
-173.625, 66.625, 1.1360147688042209e-22, nan 
-173.375, 66.625, 3.730940134912164e-23, nan 
-173.125, 66.625, 1.130483415113555e-22, nan 
-172.875, 66.625, 1.5691639705043555e-22, nan 
-172.625, 66.625, 1.5978232117605265e-22, nan 
-172.375, 66.625, 1.538944402619919e-22, nan 
-172.125, 66.625, 1.2773633393096981e-22, nan 
-171.875, 66.625, 2.382807792150778e-22, nan 
-171.625, 66.625, 3.8134546592105044e-22, nan 
-171.375, 66.625, 2.4346840817446157e-22, nan 
-171.125, 66.625, 2.181355139672534e-22, nan 
-170.875, 66.625, 4.049840038903655e-22, nan 
-170.625, 66.625, 2.638911751501716e-22, nan 
-170.375, 66.625, 1.7607573158961028e-22, nan 
-170.125, 66.625, 2.4193558502977168e-22, nan 
-169.875, 66.625, 1.6644619731196654e-22, nan 
-169.625, 66.625, 1.4235207526700731e-22, nan 
-169.375, 66.625, 1.1217994201763328e-22, nan 
-169.125, 66.625, 1.459444185999503e-22, nan 
-168.875, 66.625, 1.8517113303552553e-22, nan 
-168.625, 66.625, 1.5982973904106142e-22, nan 
-168.375, 66.625, 1.3124751956951473e-22, nan 
-168.125, 66.625, 1.5689015161453716e-22, nan 
-167.875, 66.625, 1.5280340063400995e-22, nan 
-167.625, 66.625, 1.2110080872770816e-22, nan 
-167.375, 66.625, 2.4925320130048082e-22, nan 
-167.125, 66.625, 1.9342050507287187e-22, nan 
-166.875, 66.625, 1.6758598304266959e-22, nan 
-166.625, 66.625, 2.6898725773239395e-22, nan 
-166.375, 66.625, 1.8721461915987802e-22, nan 
-166.125, 66.625, 1.8624844988242377e-22, nan 
-165.875, 66.625, 1.9739766513671134e-22, nan 
-165.625, 66.625, 1.535747785330668e-22, nan 
-165.375, 66.625, 4.944474693198385e-23, nan 
-165.125, 66.625, 1.2958006357175908e-22, nan 
-164.875, 66.625, 1.070594899892818e-22, nan 
-164.625, 66.625, 4.3747348450534384e-23, nan 
-164.375, 66.625, 3.852467428148089e-23, nan 
-164.125, 66.625, 6.532753738591635e-23, nan 
-163.875, 66.625, 6.230580970227501e-23, nan 
-163.625, 66.625, 3.563330604248765e-23, nan 
-163.375, 66.625, 8.669316170496686e-23, nan 
-163.125, 66.625, 9.56507943528261e-23, nan 
-162.875, 66.625, 7.127208313102711e-23, nan 
-162.625, 66.625, 8.861036656814183e-23, nan 
-162.375, 66.625, 1.1280031705872484e-22, nan 
-162.125, 66.625, 1.3307581527343706e-22, nan 
-161.875, 66.625, 2.0487732848316299e-22, nan 
-161.625, 66.625, 1.41420003901302e-22, nan 
-161.375, 66.625, 1.1460083877523576e-22, nan 
-161.125, 66.625, 1.2903593920444291e-22, nan 
-160.875, 66.625, 1.3431394015587198e-22, nan 
-160.625, 66.625, 1.427786001980137e-22, nan 
-160.375, 66.625, 6.93314737e-23, nan 
-160.125, 66.625, 8.068094163413265e-23, nan 
-159.875, 66.625, 5.808126773928984e-23, nan 
-159.625, 66.625, 2.619456694637659e-23, nan 
-159.375, 66.625, 7.219647033682098e-23, nan 
-159.125, 66.625, 1.1002376920599432e-22, nan 
-158.875, 66.625, 7.313089338504082e-23, nan 
-158.625, 66.625, 4.211401331394111e-23, nan 
-158.375, 66.625, 7.433734704022736e-23, nan 
-158.125, 66.625, 9.699026933189656e-23, nan 
-157.875, 66.625, 1.0173819542654945e-22, nan 
-157.625, 66.625, 8.274647124966928e-23, nan 
-157.375, 66.625, 1.3527419302563746e-23, nan 
-157.125, 66.625, 2.6149603783681753e-23, nan 
-156.875, 66.625, 2.5119902999814258e-23, nan 
-156.625, 66.625, 4.0450569511142204e-23, nan 
-156.375, 66.625, 2.5199090251346852e-23, nan 
-156.125, 66.625, 4.879776204207065e-23, nan 
-155.875, 66.625, 3.60363475591405e-23, nan 
-155.625, 66.625, 3.2484251108387443e-23, nan 
-155.375, 66.625, 4.225999948177296e-23, nan 
-155.125, 66.625, 3.5817943856640434e-23, nan 
-154.875, 66.625, 2.28856361674556e-23, nan 
-154.625, 66.625, 2.984134261584389e-23, nan 
-154.375, 66.625, 3.492210643232026e-23, nan 
-154.125, 66.625, 1.8061306385777855e-23, nan 
-153.875, 66.625, 2.8321841919406386e-23, nan 
-153.625, 66.625, 4.468797663349811e-23, nan 
-153.375, 66.625, 2.1767245546881458e-23, nan 
-153.125, 66.625, 1.980296625456998e-23, nan 
-152.875, 66.625, 3.166135999731719e-23, nan 
-152.625, 66.625, 2.4470207638207446e-23, nan 
-152.375, 66.625, 5.713186644098445e-23, nan 
-152.125, 66.625, 5.807203688982668e-23, nan 
-151.875, 66.625, 4.9139044102834674e-23, nan 
-151.625, 66.625, 6.168596857675775e-23, nan 
-151.375, 66.625, 3.8508029762476496e-23, nan 
-151.125, 66.625, 2.658205484542055e-23, nan 
-150.875, 66.625, 1.787812489109823e-23, nan 
-150.625, 66.625, 8.804884140228294e-24, nan 
-150.375, 66.625, 1.8174075529226518e-23, nan 
-150.125, 66.625, 4.336133024214396e-23, nan 
-149.875, 66.625, 3.9151328068847835e-23, nan 
-149.625, 66.625, 1.7294183597838605e-23, nan 
-149.375, 66.625, 1.1616043044467508e-23, nan 
-149.125, 66.625, 8.135173384604434e-24, nan 
-148.875, 66.625, 1.6719204043271393e-23, nan 
-148.625, 66.625, 2.7928802299554946e-23, nan 
-148.375, 66.625, 3.1813694698761037e-23, nan 
-148.125, 66.625, 3.072408165849419e-23, nan 
-147.875, 66.625, 2.9053274255735033e-23, nan 
-147.625, 66.625, 3.106955193211182e-23, nan 
-147.375, 66.625, 1.3967930073563947e-23, nan 
-147.125, 66.625, 7.777062667051318e-24, nan 
-146.875, 66.625, 1.766017094362901e-23, nan 
-146.625, 66.625, 2.3955120400533213e-23, nan 
-146.375, 66.625, 2.921880821393129e-23, nan 
-146.125, 66.625, 2.9756928235215104e-23, nan 
-145.875, 66.625, 2.6126505983763525e-23, nan 
-145.625, 66.625, 2.3400040308532376e-23, nan 
-145.375, 66.625, 1.407951268105805e-23, nan 
-145.125, 66.625, 2.5590543225273588e-23, nan 
-144.875, 66.625, 2.956000856506507e-23, nan 
-144.625, 66.625, 2.317872312005435e-23, nan 
-144.375, 66.625, 3.1990698309127525e-23, nan 
-144.125, 66.625, 3.060615823658649e-23, nan 
-143.875, 66.625, 2.1692725820966307e-23, nan 
-143.625, 66.625, 1.7401365894887227e-23, nan 
-143.375, 66.625, 1.865557918119267e-23, nan 
-143.125, 66.625, 2.790401466975948e-23, nan 
-142.875, 66.625, 1.8387735971794985e-23, nan 
-142.625, 66.625, 3.2405264514145136e-23, nan 
-142.375, 66.625, 5.057505692683639e-23, nan 
-142.125, 66.625, 2.926531682517486e-23, nan 
-141.875, 66.625, 1.5560972494946664e-23, nan 
-141.625, 66.625, 2.4125769383116503e-23, nan 
-141.375, 66.625, 3.4997125803847604e-23, nan 
-141.125, 66.625, 2.5327681792661858e-23, nan 
-140.875, 66.625, 5.028260429135462e-23, nan 
-140.625, 66.625, 5.487409766626331e-23, nan 
-140.375, 66.625, 5.0918721936973244e-23, nan 
-140.125, 66.625, 3.6051579161691664e-23, nan 
-139.875, 66.625, 4.133679046985276e-23, nan 
-139.625, 66.625, 3.689543860713934e-23, nan 
-139.375, 66.625, 1.7521438902861305e-23, nan 
-139.125, 66.625, 1.9931156042141507e-23, nan 
-138.875, 66.625, 4.6160677258178194e-23, nan 
-138.625, 66.625, 4.8105561842323636e-23, nan 
-138.375, 66.625, 4.44290093002733e-23, nan 
-138.125, 66.625, 1.8996693701201655e-23, nan 
-137.875, 66.625, 2.65628344747848e-23, nan 
-137.625, 66.625, 1.7526789501108883e-23, nan 
-137.375, 66.625, 4.3228950351068774e-23, nan 
-137.125, 66.625, 5.0533362314327234e-23, nan 
-136.875, 66.625, 4.8377335570657126e-23, nan 
-136.625, 66.625, 5.077149310748604e-23, nan 
-136.375, 66.625, 2.7846249519240935e-23, nan 
-136.125, 66.625, 3.354512957297041e-23, nan 
-135.875, 66.625, 3.5563712915350144e-23, nan 
-135.625, 66.625, 2.0608116649123104e-23, nan 
-135.375, 66.625, 1.4379542890494064e-23, nan 
-135.125, 66.625, 1.368146429788807e-23, nan 
-134.875, 66.625, 1.20113494220189e-23, nan 
-134.625, 66.625, 5.654179793957116e-24, nan 
-134.375, 66.625, 1.093735577032663e-23, nan 
-134.125, 66.625, 8.037864218214176e-24, nan 
-133.875, 66.625, 1.1568059531652695e-23, nan 
-133.625, 66.625, 2.1684824567974968e-23, nan 
-133.375, 66.625, 1.2890471652602953e-23, nan 
-133.125, 66.625, 2.856743589762851e-24, nan 
-132.875, 66.625, 1.0725867228692535e-23, nan 
-132.625, 66.625, 7.925680527455103e-24, nan 
-132.375, 66.625, 5.464499137951e-24, nan 
-132.125, 66.625, 6.591733502202765e-24, nan 
-131.875, 66.625, 1.1690224180798553e-23, nan 
-131.625, 66.625, 4.382628423144531e-24, nan 
-131.375, 66.625, 4.001143433045045e-24, nan 
-131.125, 66.625, 1.707854908505148e-23, nan 
-130.875, 66.625, 1.222033770653912e-23, nan 
-130.625, 66.625, 6.662111312759642e-24, nan 
-130.375, 66.625, 1.558578115092613e-23, nan 
-130.125, 66.625, 1.288247767192666e-23, nan 
-129.875, 66.625, 4.0727443523913154e-24, nan 
-129.625, 66.625, 1.1830857182267808e-23, nan 
-129.375, 66.625, 1.7346125515452646e-23, nan 
-129.125, 66.625, 1.1877316848131134e-23, nan 
-128.875, 66.625, 1.8948468478417767e-23, nan 
-128.625, 66.625, 1.0827632099237542e-23, nan 
-128.375, 66.625, 1.0994865227256536e-23, nan 
-128.125, 66.625, 1.1760487738942958e-23, nan 
-127.875, 66.625, 1.8406424325224263e-23, nan 
-127.625, 66.625, 1.6060466506684724e-23, nan 
-127.375, 66.625, 1.5561142344378555e-23, nan 
-127.125, 66.625, 1.9711296127459603e-23, nan 
-126.875, 66.625, 1.7751402690589105e-23, nan 
-126.625, 66.625, 1.5076598566685873e-23, nan 
-126.375, 66.625, 1.353518923317415e-23, nan 
-126.125, 66.625, 1.5497595182859506e-23, nan 
-125.875, 66.625, 1.440759125935455e-23, nan 
-125.625, 66.625, 5.5952674411732285e-24, nan 
-125.375, 66.625, 8.923943426918775e-24, nan 
-125.125, 66.625, 1.0111891325613423e-23, nan 
-124.875, 66.625, 6.76279946909101e-24, nan 
-124.625, 66.625, 4.271547240955749e-24, nan 
-124.375, 66.625, 6.671929294897484e-24, nan 
-124.125, 66.625, 7.287123523106492e-24, nan 
-123.875, 66.625, 5.861205110226669e-24, nan 
-123.625, 66.625, 4.8334005636296475e-24, nan 
-123.375, 66.625, 4.5992982651515325e-24, nan 
-123.125, 66.625, 3.6614028605419426e-24, nan 
-122.875, 66.625, 3.2186020424898578e-24, nan 
-122.625, 66.625, 1.0028000042416268e-23, nan 
-122.375, 66.625, 4.145681212232589e-24, nan 
-122.125, 66.625, 4.874693667639625e-24, nan 
-121.875, 66.625, 1.2277076080122277e-23, nan 
-121.625, 66.625, 7.213882571765904e-24, nan 
93.625, 66.625, 9.450622448980895e-24, nan 
93.875, 66.625, 5.712379687125025e-24, nan 
94.125, 66.625, 5.714750157676308e-24, nan 
94.375, 66.625, 6.694544593647468e-24, nan 
94.625, 66.625, 3.78022641148521e-24, nan 
94.875, 66.625, 4.141448236406412e-24, nan 
95.125, 66.625, 7.083584750086426e-24, nan 
95.375, 66.625, 5.844490396269717e-24, nan 
95.625, 66.625, 6.948129561455386e-24, nan 
95.875, 66.625, 8.805596852594171e-24, nan 
96.125, 66.625, 6.64829424497448e-24, nan 
96.375, 66.625, 8.534903974875995e-24, nan 
96.625, 66.625, 1.0966810617697205e-23, nan 
96.875, 66.625, 1.3097087560601715e-23, nan 
97.125, 66.625, 1.3063189804024376e-23, nan 
97.375, 66.625, 2.1171149880816036e-23, nan 
97.625, 66.625, 2.4836717084255168e-23, nan 
97.875, 66.625, 9.307776656935715e-24, nan 
98.125, 66.625, 1.6431106378335215e-23, nan 
98.375, 66.625, 1.2947042259470694e-23, nan 
98.625, 66.625, 6.015111847137711e-24, nan 
98.875, 66.625, 6.3404922986065094e-24, nan 
99.125, 66.625, 1.031982676238903e-23, nan 
99.375, 66.625, 6.839722533956783e-24, nan 
99.625, 66.625, 1.7278049898357696e-23, nan 
99.875, 66.625, 2.0866034436074326e-23, nan 
100.125, 66.625, 1.4257219526679564e-23, nan 
100.375, 66.625, 1.539557636192116e-23, nan 
100.625, 66.625, 1.6014416737258197e-23, nan 
100.875, 66.625, 1.3496025390930575e-23, nan 
101.125, 66.625, 1.2988058208553571e-23, nan 
101.375, 66.625, 1.2501904598550578e-23, nan 
101.625, 66.625, 7.128908367300193e-24, nan 
101.875, 66.625, 1.9262160859323853e-24, nan 
102.125, 66.625, 2.466897010589729e-24, nan 
102.375, 66.625, 2.2467020320472996e-24, nan 
102.625, 66.625, 3.4605715983810046e-24, nan 
102.875, 66.625, 3.3226787544055694e-24, nan 
103.125, 66.625, 9.087185059559484e-24, nan 
103.375, 66.625, 7.989271823486283e-24, nan 
103.625, 66.625, 6.468211971686425e-24, nan 
103.875, 66.625, 1.5687859343987895e-23, nan 
104.125, 66.625, 1.6543513192374163e-23, nan 
104.375, 66.625, 8.605664080450535e-24, nan 
104.625, 66.625, 1.01257495850792e-23, nan 
104.875, 66.625, 1.4395935837406235e-23, nan 
105.125, 66.625, 8.64032685619666e-24, nan 
105.375, 66.625, 8.10344076921732e-24, nan 
105.625, 66.625, 7.164920695650942e-24, nan 
105.875, 66.625, 7.753804779136925e-24, nan 
106.125, 66.625, 8.562280276003407e-24, nan 
106.375, 66.625, 1.1205210283755858e-23, nan 
106.625, 66.625, 1.0811431885551432e-23, nan 
106.875, 66.625, 6.581151398133857e-24, nan 
107.125, 66.625, 1.1805806602709137e-23, nan 
107.375, 66.625, 9.463509635747729e-24, nan 
107.625, 66.625, 5.306379535205816e-24, nan 
107.875, 66.625, 1.3842974117133577e-23, nan 
108.125, 66.625, 1.2295111518549633e-23, nan 
108.375, 66.625, 9.767243368598483e-24, nan 
108.625, 66.625, 8.889612314950696e-24, nan 
108.875, 66.625, 3.207932767955095e-24, nan 
109.125, 66.625, 4.966241600225809e-24, nan 
109.375, 66.625, 5.665309841410858e-24, nan 
109.625, 66.625, 6.1789955741960166e-24, nan 
109.875, 66.625, 8.497521445992246e-24, nan 
110.125, 66.625, 8.43783950641767e-24, nan 
110.375, 66.625, 6.337063934841032e-24, nan 
110.625, 66.625, 8.917734329872957e-24, nan 
110.875, 66.625, 1.2981222353215726e-23, nan 
111.125, 66.625, 1.9185610002551804e-23, nan 
111.375, 66.625, 2.002748645623288e-23, nan 
111.625, 66.625, 2.0454923846217217e-23, nan 
111.875, 66.625, 1.4348624327969787e-23, nan 
112.125, 66.625, 2.1185729268443067e-23, nan 
112.375, 66.625, 2.1402865593646977e-23, nan 
112.625, 66.625, 1.501244473957412e-23, nan 
112.875, 66.625, 1.63341460447658e-23, nan 
113.125, 66.625, 2.8053005870319316e-23, nan 
113.375, 66.625, 1.8129586143508732e-23, nan 
113.625, 66.625, 1.783012149936576e-23, nan 
113.875, 66.625, 2.78371413556657e-23, nan 
114.125, 66.625, 2.4058795781380292e-23, nan 
114.375, 66.625, 2.5726153521753095e-23, nan 
114.625, 66.625, 1.8047033001163728e-23, nan 
114.875, 66.625, 2.1537648107912693e-23, nan 
115.125, 66.625, 2.0535907541008807e-23, nan 
115.375, 66.625, 2.4715042094307123e-23, nan 
115.625, 66.625, 2.4614129011418252e-23, nan 
115.875, 66.625, 9.772858157431486e-24, nan 
116.125, 66.625, 4.501424452642135e-24, nan 
116.375, 66.625, 1.1762121382754766e-23, nan 
116.625, 66.625, 2.175275447500271e-23, nan 
116.875, 66.625, 1.706424126156753e-23, nan 
117.125, 66.625, 1.5972990446542848e-23, nan 
117.375, 66.625, 3.058633438237319e-23, nan 
117.625, 66.625, 2.5114019322427747e-23, nan 
117.875, 66.625, 2.0907424426520485e-23, nan 
118.125, 66.625, 3.0049013963753253e-23, nan 
118.375, 66.625, 2.037241839184239e-23, nan 
118.625, 66.625, 1.7730694203773356e-23, nan 
118.875, 66.625, 1.970305093845325e-23, nan 
119.125, 66.625, 1.9080817133145805e-23, nan 
119.375, 66.625, 1.5963613224061668e-23, nan 
119.625, 66.625, 2.4369726466413295e-23, nan 
119.875, 66.625, 1.9751863815030153e-23, nan 
120.125, 66.625, 1.716908895359985e-23, nan 
120.375, 66.625, 1.7561947301487813e-23, nan 
120.625, 66.625, 1.8505445860390747e-23, nan 
120.875, 66.625, 1.0325813189592825e-23, nan 
121.125, 66.625, 2.787234136661531e-23, nan 
121.375, 66.625, 2.4076589109038577e-23, nan 
121.625, 66.625, 1.616426707403236e-23, nan 
121.875, 66.625, 2.3885281094875927e-23, nan 
122.125, 66.625, 2.4024111943001587e-23, nan 
122.375, 66.625, 2.252068262687743e-23, nan 
122.625, 66.625, 2.3766321896581464e-23, nan 
122.875, 66.625, 2.6898555477667754e-23, nan 
123.125, 66.625, 2.452723727327216e-23, nan 
123.375, 66.625, 1.4299244611288666e-23, nan 
123.625, 66.625, 2.5300443415049058e-23, nan 
123.875, 66.625, 2.0684322911420192e-23, nan 
124.125, 66.625, 9.352566674791365e-24, nan 
124.375, 66.625, 3.040733341300085e-23, nan 
124.625, 66.625, 1.7341010845953334e-23, nan 
124.875, 66.625, 1.162776947340266e-23, nan 
125.125, 66.625, 2.148706398787129e-23, nan 
125.375, 66.625, 1.9076093336245608e-23, nan 
125.625, 66.625, 1.5045700758472775e-23, nan 
125.875, 66.625, 1.7257695050565893e-23, nan 
126.125, 66.625, 2.569956400124638e-23, nan 
126.375, 66.625, 3.724422454898251e-23, nan 
126.625, 66.625, 2.768870998957644e-23, nan 
126.875, 66.625, 3.082695973476263e-23, nan 
127.125, 66.625, 3.032430432126599e-23, nan 
127.375, 66.625, 2.456629218583581e-23, nan 
127.625, 66.625, 1.9243371764327152e-23, nan 
127.875, 66.625, 2.8045283682061737e-23, nan 
128.125, 66.625, 4.6243233910516425e-23, nan 
128.375, 66.625, 2.4838026822034063e-23, nan 
128.625, 66.625, 1.470945495168537e-23, nan 
128.875, 66.625, 2.361863019912408e-23, nan 
129.125, 66.625, 3.440996302461979e-23, nan 
129.375, 66.625, 4.3105273439905457e-23, nan 
129.625, 66.625, 7.37118866374316e-23, nan 
129.875, 66.625, 1.2001177756081005e-22, nan 
130.125, 66.625, 6.564585534065837e-23, nan 
130.375, 66.625, 1.0661047115814493e-22, nan 
130.625, 66.625, 1.3488782073498843e-22, nan 
130.875, 66.625, 8.098531084239118e-23, nan 
131.125, 66.625, 1.0507897275201432e-22, nan 
131.375, 66.625, 1.2979138848802401e-22, nan 
131.625, 66.625, 6.903509972982981e-23, nan 
131.875, 66.625, 9.009448409145645e-23, nan 
132.125, 66.625, 7.786898078302148e-23, nan 
132.375, 66.625, 3.6474710899553695e-23, nan 
132.625, 66.625, 4.7370624864411156e-23, nan 
132.875, 66.625, 2.648192225079948e-23, nan 
133.125, 66.625, 4.2756411891201796e-23, nan 
133.375, 66.625, 2.0156997308244656e-23, nan 
133.625, 66.625, 2.086395471905208e-23, nan 
133.875, 66.625, 3.4702752710674723e-23, nan 
134.125, 66.625, 3.1466560698210544e-23, nan 
134.375, 66.625, 2.570408586881028e-23, nan 
134.625, 66.625, 4.27629734196521e-23, nan 
134.875, 66.625, 1.6513714189080446e-23, nan 
135.125, 66.625, 1.9677968873228842e-23, nan 
135.375, 66.625, 5.178910774036998e-23, nan 
135.625, 66.625, 7.791713963853605e-23, nan 
135.875, 66.625, 8.003052088932612e-23, nan 
136.125, 66.625, 5.5930848129927e-23, nan 
136.375, 66.625, 4.403328234501617e-23, nan 
136.625, 66.625, 1.4264588620078986e-22, nan 
136.875, 66.625, 1.138082997437141e-22, nan 
137.125, 66.625, 9.598135854323504e-23, nan 
137.375, 66.625, 1.5204577882122924e-22, nan 
137.625, 66.625, 1.2349528072507768e-22, nan 
137.875, 66.625, 8.046400866626591e-23, nan 
138.125, 66.625, 3.119327224095581e-23, nan 
138.375, 66.625, 2.781188518525019e-23, nan 
138.625, 66.625, 8.337547785177878e-24, nan 
138.875, 66.625, 1.4720676576738533e-23, nan 
139.125, 66.625, 5.020213178553041e-23, nan 
139.375, 66.625, 7.127199740120965e-23, nan 
139.625, 66.625, 1.0028545629549291e-22, nan 
139.875, 66.625, 1.2069355754072874e-22, nan 
140.125, 66.625, 1.9428661933921554e-22, nan 
140.375, 66.625, 1.6407642762999534e-22, nan 
140.625, 66.625, 1.3421238751407387e-22, nan 
140.875, 66.625, 2.6815472632396656e-22, nan 
141.125, 66.625, 2.4057424516688027e-22, nan 
141.375, 66.625, 6.175751806866094e-23, nan 
141.625, 66.625, 1.0878543328031563e-22, nan 
141.875, 66.625, 1.9958855813165436e-22, nan 
142.125, 66.625, 2.919007357917452e-22, nan 
142.375, 66.625, 3.8526010058456684e-22, nan 
142.625, 66.625, 4.064773855669734e-22, nan 
142.875, 66.625, 6.430575551220116e-22, nan 
143.125, 66.625, 5.675069876592725e-22, nan 
143.375, 66.625, 8.016918876499523e-22, nan 
143.625, 66.625, 3.554180152822068e-21, nan 
143.875, 66.625, 6.090946125176527e-21, nan 
144.125, 66.625, 6.785169841477205e-21, nan 
144.375, 66.625, 5.104188970212289e-21, nan 
144.625, 66.625, 1.6627472294824742e-21, nan 
144.875, 66.625, 1.0327057362874876e-21, nan 
145.125, 66.625, 9.207688302888134e-22, nan 
145.375, 66.625, 8.041586093138886e-22, nan 
145.625, 66.625, 9.072558253109748e-22, nan 
145.875, 66.625, 5.990094828366446e-22, nan 
146.125, 66.625, 4.454191876587799e-22, nan 
146.375, 66.625, 4.33543354427715e-22, nan 
146.625, 66.625, 3.5198657725858697e-22, nan 
146.875, 66.625, 3.4730898609213047e-22, nan 
147.125, 66.625, 5.133237408262629e-22, nan 
147.375, 66.625, 2.5796532423764314e-22, nan 
147.625, 66.625, 2.476004199481979e-22, nan 
147.875, 66.625, 2.630973316153938e-22, nan 
148.125, 66.625, 2.669095506453022e-22, nan 
148.375, 66.625, 3.071233233657295e-22, nan 
148.625, 66.625, 1.3314380349754775e-22, nan 
148.875, 66.625, 9.92849332443728e-23, nan 
149.125, 66.625, 3.1088556531133946e-22, nan 
149.375, 66.625, 3.183254404431783e-22, nan 
149.625, 66.625, 5.421792169888589e-22, nan 
149.875, 66.625, 4.181386310515401e-22, nan 
150.125, 66.625, 4.250468193084953e-22, nan 
150.375, 66.625, 8.952435541740765e-22, nan 
150.625, 66.625, 1.103313655802214e-21, nan 
150.875, 66.625, 1.0857626778945384e-21, nan 
151.125, 66.625, 1.08479809638396e-21, nan 
151.375, 66.625, 1.2651607251437764e-21, nan 
151.625, 66.625, 1.2679610273030072e-21, nan 
151.875, 66.625, 8.350783731136246e-22, nan 
152.125, 66.625, 4.673478356445555e-22, nan 
152.375, 66.625, 4.0453883671155723e-22, nan 
152.625, 66.625, 5.991514130469162e-22, nan 
152.875, 66.625, 7.752416430818274e-22, nan 
153.125, 66.625, 5.49959552352973e-22, nan 
153.375, 66.625, 7.910680083783557e-22, nan 
153.625, 66.625, 8.46195008495234e-22, nan 
153.875, 66.625, 6.924305932226882e-22, nan 
154.125, 66.625, 1.0046007671265579e-21, nan 
154.375, 66.625, 1.940472444266493e-21, nan 
154.625, 66.625, 1.2267185067988183e-21, nan 
154.875, 66.625, 8.179396287701159e-22, nan 
155.125, 66.625, 2.3859708036241545e-21, nan 
155.375, 66.625, 1.0508514254797517e-21, nan 
155.625, 66.625, 5.791447291892663e-22, nan 
155.875, 66.625, 1.6985033155018213e-21, nan 
156.125, 66.625, 1.4955557888756184e-21, nan 
156.375, 66.625, 1.042148823080404e-21, nan 
156.625, 66.625, 1.5683454509614735e-21, nan 
156.875, 66.625, 2.2565328257051132e-21, nan 
157.125, 66.625, 2.3023222223718176e-21, nan 
157.375, 66.625, 1.7640693185176287e-21, nan 
157.625, 66.625, 2.689880863222905e-21, nan 
157.875, 66.625, 3.817974218091181e-21, nan 
158.125, 66.625, 1.896812255772334e-21, nan 
158.375, 66.625, 2.351419695556813e-21, nan 
158.625, 66.625, 2.1846912248619272e-21, nan 
158.875, 66.625, 2.569130112600247e-21, nan 
159.125, 66.625, 2.7372571620222037e-21, nan 
159.375, 66.625, 2.517589189546983e-21, nan 
159.625, 66.625, 2.8878490363707322e-21, nan 
159.875, 66.625, 3.2998038299776677e-21, nan 
160.125, 66.625, 3.0566350220222417e-21, nan 
160.375, 66.625, 2.5904739386369295e-21, nan 
160.625, 66.625, 3.7096056378204325e-21, nan 
160.875, 66.625, 3.0923741930299436e-21, nan 
161.125, 66.625, 3.2578647071265034e-21, nan 
161.375, 66.625, 4.896518734363083e-21, nan 
161.625, 66.625, 4.2699841717560325e-21, nan 
161.875, 66.625, 4.07641330436413e-21, nan 
162.125, 66.625, 7.83001066785493e-21, nan 
162.375, 66.625, 6.2863144539335714e-21, nan 
162.625, 66.625, 4.641609629758122e-21, nan 
162.875, 66.625, 1.8736774416690196e-20, nan 
163.125, 66.625, 5.3870349340302274e-20, nan 
163.375, 66.625, 1.084142609558944e-19, nan 
163.625, 66.625, 8.309778945837986e-20, nan 
163.875, 66.625, 2.3209932472634695e-20, nan 
164.125, 66.625, 1.319435176171743e-20, nan 
164.375, 66.625, 9.397141266020667e-21, nan 
164.625, 66.625, 8.709923134694307e-21, nan 
164.875, 66.625, 7.89738956079405e-21, nan 
165.125, 66.625, 1.00274480248643e-20, nan 
165.375, 66.625, 6.548709126688493e-21, nan 
165.625, 66.625, 5.6816502486951545e-21, nan 
165.875, 66.625, 4.8039552185825444e-21, nan 
166.125, 66.625, 5.262837836843834e-21, nan 
166.375, 66.625, 7.601137039154276e-21, nan 
166.625, 66.625, 6.2535457209188065e-21, nan 
166.875, 66.625, 8.87452139371326e-21, nan 
167.125, 66.625, 9.250576638091159e-21, nan 
167.375, 66.625, 9.307399506787436e-21, nan 
167.625, 66.625, 9.015931530477412e-21, nan 
167.875, 66.625, 7.771701973814166e-21, nan 
168.125, 66.625, 8.12242029363366e-21, nan 
168.375, 66.625, 9.26455550082728e-21, nan 
168.625, 66.625, 7.528039087993879e-21, nan 
168.875, 66.625, 3.211785444201283e-21, nan 
169.125, 66.625, 6.2177697732589155e-21, nan 
169.375, 66.625, 6.946411666574332e-21, nan 
169.625, 66.625, 1.8063000376545575e-21, nan 
169.875, 66.625, 2.4347437778432514e-21, nan 
170.125, 66.625, 2.679058374796994e-21, nan 
170.375, 66.625, 1.5157877731404298e-21, nan 
170.625, 66.625, 2.0663984814370055e-21, nan 
170.875, 66.625, 4.42659895798598e-21, nan 
171.125, 66.625, 6.701266047520838e-21, nan 
171.375, 66.625, 4.379600079256531e-21, nan 
171.625, 66.625, 2.0768361089366056e-21, nan 
171.875, 66.625, 1.259021707674201e-20, nan 
172.125, 66.625, 9.702987545538947e-21, nan 
172.375, 66.625, 2.6254455487999326e-21, nan 
172.625, 66.625, 9.083916167332956e-21, nan 
172.875, 66.625, 8.026219967449384e-21, nan 
173.125, 66.625, 4.939091062150161e-21, nan 
173.375, 66.625, 6.4034719731436714e-21, nan 
173.625, 66.625, 4.338024430431477e-21, nan 
173.875, 66.625, 3.8627937232736186e-21, nan 
174.125, 66.625, 4.802011397293622e-21, nan 
174.375, 66.625, 3.463496019249419e-21, nan 
174.625, 66.625, 1.9876708997792685e-21, nan 
174.875, 66.625, 1.3963733378031787e-21, nan 
175.125, 66.625, 3.314202610054666e-21, nan 
175.375, 66.625, 4.968527504906702e-21, nan 
175.625, 66.625, 4.265072018356143e-21, nan 
175.875, 66.625, 3.820240775607082e-21, nan 
176.125, 66.625, 4.795852092441458e-21, nan 
176.375, 66.625, 4.755941991379793e-21, nan 
176.625, 66.625, 4.9692463309823554e-21, nan 
176.875, 66.625, 2.954164784424269e-21, nan 
177.125, 66.625, 3.464768656811218e-21, nan 
177.375, 66.625, 4.1272990744388305e-21, nan 
177.625, 66.625, 5.3598232279120714e-21, nan 
177.875, 66.625, 3.594410642598233e-21, nan 
178.125, 66.625, 3.6732805334325146e-21, nan 
178.375, 66.625, 3.1394279106403674e-21, nan 
178.625, 66.625, 2.770823557337319e-21, nan 
178.875, 66.625, 1.8688277146198655e-21, nan 
179.125, 66.625, 2.5457958581795653e-21, nan 
179.375, 66.625, 2.1843173193605384e-21, nan 
179.625, 66.625, 2.102476496271864e-21, nan 
179.875, 66.625, 1.9885458667805133e-21, nan 
-179.875, 66.875, 1.5726093638621787e-21, nan 
-179.625, 66.875, 9.974308390739003e-22, nan 
-179.375, 66.875, 9.004392221069343e-22, nan 
-179.125, 66.875, 9.116884699169748e-22, nan 
-178.875, 66.875, 8.878737158563444e-22, nan 
-178.625, 66.875, 1.0575140092729639e-21, nan 
-178.375, 66.875, 1.0399522698753854e-21, nan 
-178.125, 66.875, 4.581012676411633e-22, nan 
-177.875, 66.875, 9.703034816906143e-22, nan 
-177.625, 66.875, 1.2073137021025124e-21, nan 
-177.375, 66.875, 7.503724164141875e-22, nan 
-177.125, 66.875, 5.656730543891845e-22, nan 
-176.875, 66.875, 7.934991483714853e-22, nan 
-176.625, 66.875, 5.916896165899475e-22, nan 
-176.375, 66.875, 4.503389832092443e-22, nan 
-176.125, 66.875, 4.265453169754526e-22, nan 
-175.875, 66.875, 3.620078771362831e-22, nan 
-175.625, 66.875, 4.1636061952318285e-22, nan 
-175.375, 66.875, 6.3022075583719855e-22, nan 
-175.125, 66.875, 8.260881630750724e-22, nan 
-174.875, 66.875, 7.298789604197313e-22, nan 
-174.625, 66.875, 7.849001596229234e-22, nan 
-174.375, 66.875, 6.854934250413657e-22, nan 
-174.125, 66.875, 4.573354506617821e-22, nan 
-173.875, 66.875, 3.106103275356951e-22, nan 
-173.625, 66.875, 2.518564816817834e-22, nan 
-173.375, 66.875, 1.7821606601816752e-22, nan 
-173.125, 66.875, 3.2889706433148836e-22, nan 
-172.875, 66.875, 2.619097975966293e-22, nan 
-172.625, 66.875, 1.6571309764160117e-22, nan 
-172.375, 66.875, 2.583221504165886e-22, nan 
-172.125, 66.875, 2.168325851588991e-22, nan 
-171.875, 66.875, 1.7705788131562377e-22, nan 
-171.625, 66.875, 3.7968110747815847e-22, nan 
-171.375, 66.875, 3.603756682058054e-22, nan 
-171.125, 66.875, 2.7595586167017635e-22, nan 
-170.875, 66.875, 4.399695683689878e-22, nan 
-170.625, 66.875, 3.2656100910244856e-22, nan 
-170.375, 66.875, 1.9694052408234543e-22, nan 
-170.125, 66.875, 2.73323995025005e-22, nan 
-169.875, 66.875, 2.3499968162095404e-22, nan 
-169.625, 66.875, 2.0159297929344248e-22, nan 
-169.375, 66.875, 1.530717327714271e-22, nan 
-169.125, 66.875, 1.431570209134844e-22, nan 
-168.875, 66.875, 1.7690042699493206e-22, nan 
-168.625, 66.875, 1.7573624723188284e-22, nan 
-168.375, 66.875, 1.4722207424735544e-22, nan 
-168.125, 66.875, 1.509749855329687e-22, nan 
-167.875, 66.875, 1.512258543568062e-22, nan 
-167.625, 66.875, 8.834489975788866e-23, nan 
-167.375, 66.875, 1.850140385512088e-22, nan 
-167.125, 66.875, 1.164023446588723e-22, nan 
-166.875, 66.875, 2.1147724270186517e-22, nan 
-166.625, 66.875, 3.364455801614558e-22, nan 
-166.375, 66.875, 2.1578700364683095e-22, nan 
-166.125, 66.875, 1.4556915345695528e-22, nan 
-165.875, 66.875, 2.2395681815390457e-22, nan 
-165.625, 66.875, 1.8926877139351242e-22, nan 
-165.375, 66.875, 6.351478641818998e-23, nan 
-165.125, 66.875, 8.50104644238998e-23, nan 
-164.875, 66.875, 1.206226229872417e-22, nan 
-164.625, 66.875, 5.308456533364497e-23, nan 
-164.375, 66.875, 6.956245341694371e-23, nan 
-164.125, 66.875, 8.043132138200414e-23, nan 
-163.875, 66.875, 6.485252381161444e-23, nan 
-163.625, 66.875, 7.996667583121086e-23, nan 
-163.375, 66.875, 1.3980366973000097e-22, nan 
-163.125, 66.875, 1.0648894184107848e-22, nan 
-162.875, 66.875, 1.0326076506900932e-22, nan 
-162.625, 66.875, 1.0046003855635055e-22, nan 
-162.375, 66.875, 8.322034488139396e-23, nan 
-162.125, 66.875, 4.898300775970531e-23, nan 
-161.875, 66.875, 5.438966306666594e-23, nan 
-161.625, 66.875, 3.9352933086821967e-23, nan 
-161.375, 66.875, 6.961055841502434e-23, nan 
-161.125, 66.875, 1.0697103260191705e-22, nan 
-160.875, 66.875, 1.2357168001025186e-22, nan 
-160.625, 66.875, 1.3635294343670577e-22, nan 
-160.375, 66.875, 9.066732718062839e-23, nan 
-160.125, 66.875, 1.1420038168318363e-22, nan 
-159.875, 66.875, 1.1574698002845186e-22, nan 
-159.625, 66.875, 8.50500656003265e-23, nan 
-159.375, 66.875, 1.276805764210495e-22, nan 
-159.125, 66.875, 1.2284732063410224e-22, nan 
-158.875, 66.875, 9.304073600542731e-23, nan 
-158.625, 66.875, 8.084569447880474e-23, nan 
-158.375, 66.875, 4.367753477145955e-23, nan 
-158.125, 66.875, 2.1324203128671123e-22, nan 
-157.875, 66.875, 5.082182242780114e-22, nan 
-157.625, 66.875, 1.8955413410472004e-22, nan 
-157.375, 66.875, 1.1610597829806248e-22, nan 
-157.125, 66.875, 1.0566856246163193e-22, nan 
-156.875, 66.875, 8.063652732261932e-23, nan 
-156.625, 66.875, 5.351255971515009e-23, nan 
-156.375, 66.875, 5.323266530419943e-23, nan 
-156.125, 66.875, 1.6191053184633506e-23, nan 
-155.875, 66.875, 3.725458417401946e-23, nan 
-155.625, 66.875, 3.8632827188473426e-23, nan 
-155.375, 66.875, 4.5559631447261863e-23, nan 
-155.125, 66.875, 4.7295226478232054e-23, nan 
-154.875, 66.875, 2.9974094778302444e-23, nan 
-154.625, 66.875, 2.427261001654863e-23, nan 
-154.375, 66.875, 2.6063063479609447e-23, nan 
-154.125, 66.875, 2.0858463848193093e-23, nan 
-153.875, 66.875, 3.354229068381666e-23, nan 
-153.625, 66.875, 3.743647763141171e-23, nan 
-153.375, 66.875, 4.2035270688244634e-23, nan 
-153.125, 66.875, 2.864111287435358e-23, nan 
-152.875, 66.875, 2.3145310497393427e-23, nan 
-152.625, 66.875, 3.991423259198389e-23, nan 
-152.375, 66.875, 2.1727326019762734e-23, nan 
-152.125, 66.875, 3.772527045951409e-23, nan 
-151.875, 66.875, 4.892784119843132e-23, nan 
-151.625, 66.875, 5.415608785047754e-23, nan 
-151.375, 66.875, 4.873709711765473e-23, nan 
-151.125, 66.875, 4.498146477680263e-23, nan 
-150.875, 66.875, 4.208487358555018e-23, nan 
-150.625, 66.875, 5.0017932915626177e-23, nan 
-150.375, 66.875, 4.508425782958571e-23, nan 
-150.125, 66.875, 2.921595147800516e-23, nan 
-149.875, 66.875, 9.199175888104655e-24, nan 
-149.625, 66.875, 5.223175891011747e-24, nan 
-149.375, 66.875, 1.1597379885420481e-23, nan 
-149.125, 66.875, 1.1047083310700295e-23, nan 
-148.875, 66.875, 8.320253664515934e-24, nan 
-148.625, 66.875, 1.9327473541248535e-23, nan 
-148.375, 66.875, 2.4333061739189575e-23, nan 
-148.125, 66.875, 2.8846740921703e-23, nan 
-147.875, 66.875, 3.205860924773057e-23, nan 
-147.625, 66.875, 3.5137325664073105e-23, nan 
-147.375, 66.875, 4.393826667429451e-23, nan 
-147.125, 66.875, 3.305272046798981e-23, nan 
-146.875, 66.875, 1.6272491884094242e-23, nan 
-146.625, 66.875, 2.005607620769901e-23, nan 
-146.375, 66.875, 1.0490893482929134e-23, nan 
-146.125, 66.875, 1.0619069107797613e-23, nan 
-145.875, 66.875, 8.955078021427864e-24, nan 
-145.625, 66.875, 9.708953942069864e-24, nan 
-145.375, 66.875, 9.433039855424569e-24, nan 
-145.125, 66.875, 1.4164848136009985e-23, nan 
-144.875, 66.875, 1.8820508187585048e-23, nan 
-144.625, 66.875, 8.962241871089474e-24, nan 
-144.375, 66.875, 2.691048863774956e-23, nan 
-144.125, 66.875, 3.6127988774056325e-23, nan 
-143.875, 66.875, 2.599264889832912e-23, nan 
-143.625, 66.875, 1.7332690583413948e-23, nan 
-143.375, 66.875, 4.9275737681055044e-23, nan 
-143.125, 66.875, 2.946382593414441e-23, nan 
-142.875, 66.875, 1.7945132279510004e-23, nan 
-142.625, 66.875, 4.607259837425109e-23, nan 
-142.375, 66.875, 5.2109793705402585e-23, nan 
-142.125, 66.875, 2.450790510187709e-23, nan 
-141.875, 66.875, 3.118615413733355e-23, nan 
-141.625, 66.875, 2.4557622476291836e-23, nan 
-141.375, 66.875, 5.634517031116302e-24, nan 
-141.125, 66.875, 2.3760498280368288e-23, nan 
-140.875, 66.875, 2.707854309237078e-23, nan 
-140.625, 66.875, 2.852142213224077e-23, nan 
-140.375, 66.875, 2.689956238569226e-23, nan 
-140.125, 66.875, 2.9886130040280205e-23, nan 
-139.875, 66.875, 3.74731267665439e-23, nan 
-139.625, 66.875, 4.1929366269433327e-23, nan 
-139.375, 66.875, 4.7341026017910456e-23, nan 
-139.125, 66.875, 3.7107797087249224e-23, nan 
-138.875, 66.875, 6.364181858869944e-23, nan 
-138.625, 66.875, 9.020019179034771e-23, nan 
-138.375, 66.875, 7.177809890845172e-23, nan 
-138.125, 66.875, 3.472031647957309e-23, nan 
-137.875, 66.875, 5.09874489793642e-23, nan 
-137.625, 66.875, 3.843852445155589e-23, nan 
-137.375, 66.875, 1.0930197444936689e-23, nan 
-137.125, 66.875, 3.1709437346197956e-23, nan 
-136.875, 66.875, 1.8164812472398883e-23, nan 
-136.625, 66.875, 2.112890959257821e-23, nan 
-136.375, 66.875, 2.693072722753796e-23, nan 
-136.125, 66.875, 3.3955671546418106e-23, nan 
-135.875, 66.875, 3.3031786038628466e-23, nan 
-135.625, 66.875, 2.3135219229111272e-23, nan 
-135.375, 66.875, 2.7615175887650747e-23, nan 
-135.125, 66.875, 2.495703236907338e-23, nan 
-134.875, 66.875, 2.4296190340991434e-23, nan 
-134.625, 66.875, 2.379054622353484e-23, nan 
-134.375, 66.875, 2.4926997261165004e-23, nan 
-134.125, 66.875, 2.0504847510568315e-23, nan 
-133.875, 66.875, 1.2524096550022364e-23, nan 
-133.625, 66.875, 1.9403241792677245e-23, nan 
-133.375, 66.875, 1.3354101756593702e-23, nan 
-133.125, 66.875, 1.6842678404655966e-23, nan 
-132.875, 66.875, 1.525116161691891e-23, nan 
-132.625, 66.875, 1.7892728445074233e-23, nan 
-132.375, 66.875, 1.641441200389179e-23, nan 
-132.125, 66.875, 1.7640004396149833e-23, nan 
-131.875, 66.875, 9.171757455875895e-24, nan 
-131.625, 66.875, 6.2747765434260556e-24, nan 
-131.375, 66.875, 1.18276090391099e-23, nan 
-131.125, 66.875, 1.6559489605114363e-23, nan 
-130.875, 66.875, 1.3043150376348443e-23, nan 
-130.625, 66.875, 1.2342157397828676e-23, nan 
-130.375, 66.875, 1.5088263331809465e-23, nan 
-130.125, 66.875, 1.0868338769810059e-23, nan 
-129.875, 66.875, 1.0398385661356136e-23, nan 
-129.625, 66.875, 2.5078236902836864e-23, nan 
-129.375, 66.875, 1.2179676838773615e-23, nan 
-129.125, 66.875, 8.371940590534806e-24, nan 
-128.875, 66.875, 2.247812385923095e-23, nan 
-128.625, 66.875, 4.186379599587623e-24, nan 
-128.375, 66.875, 1.0899743864566637e-23, nan 
-128.125, 66.875, 8.706916439080298e-24, nan 
-127.875, 66.875, 1.0436315975236186e-23, nan 
-127.625, 66.875, 9.595902091439777e-24, nan 
-127.375, 66.875, 1.1648530423932838e-23, nan 
-127.125, 66.875, 1.675877565188387e-23, nan 
-126.875, 66.875, 1.89470407047426e-23, nan 
-126.625, 66.875, 2.291686144530879e-23, nan 
-126.375, 66.875, 1.6291013177487656e-23, nan 
-126.125, 66.875, 2.020255137761208e-23, nan 
-125.875, 66.875, 4.3257439532979514e-23, nan 
-125.625, 66.875, 1.4708631888501096e-23, nan 
-125.375, 66.875, 1.1224485194211126e-23, nan 
-125.125, 66.875, 1.8946390438616494e-23, nan 
-124.875, 66.875, 7.217227663294564e-24, nan 
-124.625, 66.875, 7.107694162570805e-24, nan 
-124.375, 66.875, 1.0852390498055235e-23, nan 
-124.125, 66.875, 5.9424944081976285e-24, nan 
-123.875, 66.875, 6.775859411258524e-24, nan 
-123.625, 66.875, 6.664653332456036e-24, nan 
-123.375, 66.875, 9.911047625238763e-24, nan 
-123.125, 66.875, 8.618501081967024e-24, nan 
-122.875, 66.875, 5.083611726154829e-24, nan 
-122.625, 66.875, 2.6825337053043116e-24, nan 
-122.375, 66.875, 9.20169466157795e-24, nan 
-122.125, 66.875, 1.1722501551242092e-23, nan 
-121.875, 66.875, 1.1119262537576199e-23, nan 
-121.625, 66.875, 7.422323203737049e-24, nan 
-121.375, 66.875, 4.527990440835479e-24, nan 
-121.125, 66.875, 4.9064522023925145e-24, nan 
93.375, 66.875, 7.605941561802904e-24, nan 
93.625, 66.875, 9.197174887426771e-24, nan 
93.875, 66.875, 7.349195618044137e-24, nan 
94.125, 66.875, 6.1486641306102436e-24, nan 
94.375, 66.875, 6.637028119499763e-24, nan 
94.625, 66.875, 3.36244292196589e-24, nan 
94.875, 66.875, 2.7237682273611276e-24, nan 
95.125, 66.875, 2.5343898162568717e-24, nan 
95.375, 66.875, 4.082177833925078e-24, nan 
95.625, 66.875, 3.0473516449035032e-24, nan 
95.875, 66.875, 7.90476439086413e-24, nan 
96.125, 66.875, 1.1959809929863639e-23, nan 
96.375, 66.875, 1.537645159762697e-23, nan 
96.625, 66.875, 1.2817072031943721e-23, nan 
96.875, 66.875, 1.4239071768295137e-23, nan 
97.125, 66.875, 3.8254108176214416e-23, nan 
97.375, 66.875, 1.6196164290513574e-23, nan 
97.625, 66.875, 1.411103936546288e-23, nan 
97.875, 66.875, 2.6301129178971365e-23, nan 
98.125, 66.875, 1.719147601333259e-23, nan 
98.375, 66.875, 1.7307307432873177e-23, nan 
98.625, 66.875, 5.2755598741446956e-24, nan 
98.875, 66.875, 1.0954475301097255e-23, nan 
99.125, 66.875, 8.301080759629194e-24, nan 
99.375, 66.875, 1.3118075629609367e-23, nan 
99.625, 66.875, 1.3461883047121158e-23, nan 
99.875, 66.875, 1.4392174302482325e-23, nan 
100.125, 66.875, 1.3004467463492042e-23, nan 
100.375, 66.875, 9.857810376526798e-24, nan 
100.625, 66.875, 7.743671430811531e-24, nan 
100.875, 66.875, 7.809578478374156e-24, nan 
101.125, 66.875, 9.189847469433838e-24, nan 
101.375, 66.875, 9.418889941598699e-24, nan 
101.625, 66.875, 1.0436692764979332e-23, nan 
101.875, 66.875, 8.31747880260128e-24, nan 
102.125, 66.875, 6.150606649352336e-24, nan 
102.375, 66.875, 5.478192395760199e-24, nan 
102.625, 66.875, 4.262522488635228e-24, nan 
102.875, 66.875, 4.57662308275549e-24, nan 
103.125, 66.875, 4.480379525406359e-24, nan 
103.375, 66.875, 5.330017075202465e-24, nan 
103.625, 66.875, 5.838965303205048e-24, nan 
103.875, 66.875, 1.0771308541015817e-23, nan 
104.125, 66.875, 1.077399089313753e-23, nan 
104.375, 66.875, 6.405570252621469e-24, nan 
104.625, 66.875, 5.70515285299451e-24, nan 
104.875, 66.875, 5.9366309190672005e-24, nan 
105.125, 66.875, 4.1797788912246854e-24, nan 
105.375, 66.875, 1.2873362302353925e-24, nan 
105.625, 66.875, 7.043234171003606e-24, nan 
105.875, 66.875, 6.408721100704955e-24, nan 
106.125, 66.875, 5.968693122709149e-24, nan 
106.375, 66.875, 8.731989694913185e-24, nan 
106.625, 66.875, 7.512362478175344e-24, nan 
106.875, 66.875, 8.846190494112538e-24, nan 
107.125, 66.875, 1.3833772729768061e-23, nan 
107.375, 66.875, 8.970658373340077e-24, nan 
107.625, 66.875, 5.458103440988655e-24, nan 
107.875, 66.875, 1.5865074003030786e-23, nan 
108.125, 66.875, 1.0342032347767561e-23, nan 
108.375, 66.875, 8.029423971438391e-24, nan 
108.625, 66.875, 1.0349273099237599e-23, nan 
108.875, 66.875, 6.783090426550956e-24, nan 
109.125, 66.875, 7.520872984159699e-24, nan 
109.375, 66.875, 6.41436861217843e-24, nan 
109.625, 66.875, 4.619904795023408e-24, nan 
109.875, 66.875, 5.462908487794406e-24, nan 
110.125, 66.875, 7.227490288768001e-24, nan 
110.375, 66.875, 1.2006380214219012e-23, nan 
110.625, 66.875, 1.0646064317900121e-23, nan 
110.875, 66.875, 1.4251611090256332e-23, nan 
111.125, 66.875, 2.1810512332898885e-23, nan 
111.375, 66.875, 2.0771360234500925e-23, nan 
111.625, 66.875, 2.1111117538930815e-23, nan 
111.875, 66.875, 1.1608465352939674e-23, nan 
112.125, 66.875, 1.9369979020608832e-23, nan 
112.375, 66.875, 2.2904913929364858e-23, nan 
112.625, 66.875, 1.7926255171240055e-23, nan 
112.875, 66.875, 2.4704094815988595e-23, nan 
113.125, 66.875, 4.033039089807386e-23, nan 
113.375, 66.875, 8.812222619591768e-23, nan 
113.625, 66.875, 1.1028436810724913e-22, nan 
113.875, 66.875, 5.253824704238148e-23, nan 
114.125, 66.875, 3.579694781976256e-23, nan 
114.375, 66.875, 2.565438902401919e-23, nan 
114.625, 66.875, 3.2860634042897933e-23, nan 
114.875, 66.875, 2.998073008617608e-23, nan 
115.125, 66.875, 1.7934510178615538e-23, nan 
115.375, 66.875, 9.717968710505035e-24, nan 
115.625, 66.875, 5.473361339533244e-24, nan 
115.875, 66.875, 6.280494069193708e-24, nan 
116.125, 66.875, 6.497293975842929e-24, nan 
116.375, 66.875, 6.411253801021724e-24, nan 
116.625, 66.875, 1.538878450757733e-23, nan 
116.875, 66.875, 2.2020406161680138e-23, nan 
117.125, 66.875, 1.8061247686683454e-23, nan 
117.375, 66.875, 1.891317415161251e-23, nan 
117.625, 66.875, 2.3895683224103982e-23, nan 
117.875, 66.875, 1.3466474490461294e-23, nan 
118.125, 66.875, 1.333503520731256e-23, nan 
118.375, 66.875, 2.28384051404645e-23, nan 
118.625, 66.875, 1.5240721422450203e-23, nan 
118.875, 66.875, 1.8868005093334444e-23, nan 
119.125, 66.875, 1.8841397511347624e-23, nan 
119.375, 66.875, 1.726280657719739e-23, nan 
119.625, 66.875, 2.8267603418031714e-23, nan 
119.875, 66.875, 2.5218895214159635e-23, nan 
120.125, 66.875, 1.9612410923657935e-23, nan 
120.375, 66.875, 2.2273263671501793e-23, nan 
120.625, 66.875, 1.9339865965757848e-23, nan 
120.875, 66.875, 2.1488873075264727e-23, nan 
121.125, 66.875, 3.411201170613562e-23, nan 
121.375, 66.875, 2.3474598496335377e-23, nan 
121.625, 66.875, 1.239149968221153e-23, nan 
121.875, 66.875, 1.4954723261011322e-23, nan 
122.125, 66.875, 1.135260887239226e-23, nan 
122.375, 66.875, 1.500321675111401e-23, nan 
122.625, 66.875, 2.0330123237595617e-23, nan 
122.875, 66.875, 2.3947251573486644e-23, nan 
123.125, 66.875, 3.074242439525542e-23, nan 
123.375, 66.875, 1.8732923750421228e-23, nan 
123.625, 66.875, 2.225151647628664e-23, nan 
123.875, 66.875, 2.8619859389969366e-23, nan 
124.125, 66.875, 2.888062107712608e-23, nan 
124.375, 66.875, 2.2230800153380217e-23, nan 
124.625, 66.875, 1.7052805143414225e-23, nan 
124.875, 66.875, 1.6177945242430614e-23, nan 
125.125, 66.875, 2.0187100048526858e-23, nan 
125.375, 66.875, 2.3004114782883988e-23, nan 
125.625, 66.875, 2.0357722416576478e-23, nan 
125.875, 66.875, 2.1204025417038585e-23, nan 
126.125, 66.875, 2.5425873992633208e-23, nan 
126.375, 66.875, 3.5782380388608194e-23, nan 
126.625, 66.875, 2.0918401279717735e-23, nan 
126.875, 66.875, 1.7151078820447063e-23, nan 
127.125, 66.875, 1.8569560262332103e-23, nan 
127.375, 66.875, 2.4051395521477468e-23, nan 
127.625, 66.875, 1.1348636400461212e-23, nan 
127.875, 66.875, 3.222992853108047e-23, nan 
128.125, 66.875, 5.545923778710356e-23, nan 
128.375, 66.875, 3.4050683233260386e-23, nan 
128.625, 66.875, 3.779227874006605e-23, nan 
128.875, 66.875, 4.6016593983743926e-23, nan 
129.125, 66.875, 8.54070790883772e-23, nan 
129.375, 66.875, 1.0814899440019866e-22, nan 
129.625, 66.875, 8.512457023154239e-23, nan 
129.875, 66.875, 9.486597196176135e-23, nan 
130.125, 66.875, 8.999885945695927e-23, nan 
130.375, 66.875, 7.537057035269672e-23, nan 
130.625, 66.875, 8.665824756279107e-23, nan 
130.875, 66.875, 7.737762618772775e-23, nan 
131.125, 66.875, 8.089147117960287e-23, nan 
131.375, 66.875, 1.091168117748021e-22, nan 
131.625, 66.875, 1.2062582535737132e-22, nan 
131.875, 66.875, 1.0102513638685521e-22, nan 
132.125, 66.875, 3.042201311759142e-23, nan 
132.375, 66.875, 8.558169038714895e-23, nan 
132.625, 66.875, 5.795871400008e-23, nan 
132.875, 66.875, 2.695951772332951e-23, nan 
133.125, 66.875, 4.28482799341091e-23, nan 
133.375, 66.875, 2.3746110597920568e-23, nan 
133.625, 66.875, 3.105402484883729e-23, nan 
133.875, 66.875, 4.440459972722855e-23, nan 
134.125, 66.875, 1.6737822994697066e-23, nan 
134.375, 66.875, 1.9867142676271462e-23, nan 
134.625, 66.875, 3.4733568103243443e-23, nan 
134.875, 66.875, 5.021625041124559e-23, nan 
135.125, 66.875, 2.2358627443495967e-23, nan 
135.375, 66.875, 4.349158976835865e-23, nan 
135.625, 66.875, 1.019106558744812e-22, nan 
135.875, 66.875, 4.482810931192559e-23, nan 
136.125, 66.875, 5.2721162050909656e-23, nan 
136.375, 66.875, 9.246406398794295e-23, nan 
136.625, 66.875, 1.0083731503194489e-22, nan 
136.875, 66.875, 8.784403189816712e-23, nan 
137.125, 66.875, 9.984442947004325e-23, nan 
137.375, 66.875, 9.628428089804979e-23, nan 
137.625, 66.875, 6.852897057833881e-23, nan 
137.875, 66.875, 7.37061112834317e-23, nan 
138.125, 66.875, 4.4403966912465775e-23, nan 
138.375, 66.875, 2.796559063480975e-23, nan 
138.625, 66.875, 2.5210705842366872e-23, nan 
138.875, 66.875, 5.630934257218313e-23, nan 
139.125, 66.875, 7.051181547156853e-23, nan 
139.375, 66.875, 6.598584912068246e-23, nan 
139.625, 66.875, 1.0079457202239476e-22, nan 
139.875, 66.875, 1.5310298770740392e-22, nan 
140.125, 66.875, 1.1937448248958015e-22, nan 
140.375, 66.875, 6.572164600000866e-23, nan 
140.625, 66.875, 2.173683401868685e-22, nan 
140.875, 66.875, 1.9169981211858504e-22, nan 
141.125, 66.875, 1.6537764706875467e-22, nan 
141.375, 66.875, 9.073044498659963e-23, nan 
141.625, 66.875, 4.8249323566992326e-23, nan 
141.875, 66.875, 2.061061478495984e-22, nan 
142.125, 66.875, 2.088668081228025e-22, nan 
142.375, 66.875, 1.0784521090454463e-22, nan 
142.625, 66.875, 4.236404967225472e-22, nan 
142.875, 66.875, 5.259796607256656e-22, nan 
143.125, 66.875, 4.80062496000977e-22, nan 
143.375, 66.875, 5.295059688334028e-22, nan 
143.625, 66.875, 8.676165231493153e-22, nan 
143.875, 66.875, 4.405291416658377e-22, nan 
144.125, 66.875, 4.5644781720615045e-22, nan 
144.375, 66.875, 9.279131375735235e-22, nan 
144.625, 66.875, 7.48140277571238e-22, nan 
144.875, 66.875, 8.25173984177508e-22, nan 
145.125, 66.875, 4.9723892807613915e-22, nan 
145.375, 66.875, 4.0441508681610645e-22, nan 
145.625, 66.875, 5.680478068224244e-22, nan 
145.875, 66.875, 2.3643297292477584e-22, nan 
146.125, 66.875, 5.028086090503616e-22, nan 
146.375, 66.875, 6.792805359347387e-22, nan 
146.625, 66.875, 4.350782622464128e-22, nan 
146.875, 66.875, 4.1929558542894314e-22, nan 
147.125, 66.875, 4.287769236586729e-22, nan 
147.375, 66.875, 3.9195861473094616e-22, nan 
147.625, 66.875, 3.294010987037024e-22, nan 
147.875, 66.875, 2.87291325791436e-22, nan 
148.125, 66.875, 2.930832679762134e-22, nan 
148.375, 66.875, 2.546237547540742e-22, nan 
148.625, 66.875, 2.6416435269324227e-22, nan 
148.875, 66.875, 3.3485643602586938e-22, nan 
149.125, 66.875, 3.0195588486713093e-22, nan 
149.375, 66.875, 3.6186147312836647e-22, nan 
149.625, 66.875, 4.392085364343317e-22, nan 
149.875, 66.875, 3.134459988615372e-22, nan 
150.125, 66.875, 7.004174414580462e-22, nan 
150.375, 66.875, 7.231441034865233e-22, nan 
150.625, 66.875, 8.731305822305356e-22, nan 
150.875, 66.875, 9.266481412556983e-22, nan 
151.125, 66.875, 1.0612361921154304e-21, nan 
151.375, 66.875, 8.785000374043808e-22, nan 
151.625, 66.875, 1.262926982648205e-21, nan 
151.875, 66.875, 1.0257836059023991e-21, nan 
152.125, 66.875, 9.332690837735384e-22, nan 
152.375, 66.875, 6.439364201285325e-22, nan 
152.625, 66.875, 6.209647982839237e-22, nan 
152.875, 66.875, 6.681543948085167e-22, nan 
153.125, 66.875, 5.231137217029492e-22, nan 
153.375, 66.875, 6.131584524570155e-22, nan 
153.625, 66.875, 3.1019232967370516e-22, nan 
153.875, 66.875, 8.877664904804973e-22, nan 
154.125, 66.875, 1.2229176487785395e-21, nan 
154.375, 66.875, 1.2477946119812049e-21, nan 
154.625, 66.875, 9.73071318624157e-22, nan 
154.875, 66.875, 1.3350638621403476e-21, nan 
155.125, 66.875, 1.4710366452235233e-21, nan 
155.375, 66.875, 1.31720750311203e-21, nan 
155.625, 66.875, 1.2572696609637528e-21, nan 
155.875, 66.875, 1.134731796408488e-21, nan 
156.125, 66.875, 1.2425309649558902e-21, nan 
156.375, 66.875, 1.1386369711911001e-21, nan 
156.625, 66.875, 1.7181569733449353e-21, nan 
156.875, 66.875, 2.4877884916360495e-21, nan 
157.125, 66.875, 2.3564239416172434e-21, nan 
157.375, 66.875, 1.9370897005422178e-21, nan 
157.625, 66.875, 2.7685712444282897e-21, nan 
157.875, 66.875, 2.4264811611167706e-21, nan 
158.125, 66.875, 2.0253376034199354e-21, nan 
158.375, 66.875, 2.0004221135848195e-21, nan 
158.625, 66.875, 2.9229418443366208e-21, nan 
158.875, 66.875, 4.827577089550267e-21, nan 
159.125, 66.875, 3.1692032434057485e-21, nan 
159.375, 66.875, 3.2502089927901548e-21, nan 
159.625, 66.875, 4.999943382339946e-21, nan 
159.875, 66.875, 3.882567316799691e-21, nan 
160.125, 66.875, 5.022707944318573e-21, nan 
160.375, 66.875, 3.973978609767427e-21, nan 
160.625, 66.875, 4.04113410002281e-21, nan 
160.875, 66.875, 9.146294979963765e-21, nan 
161.125, 66.875, 5.617643150269914e-21, nan 
161.375, 66.875, 5.400006563484414e-21, nan 
161.625, 66.875, 5.895364045756491e-21, nan 
161.875, 66.875, 4.713417894715867e-21, nan 
162.125, 66.875, 8.819602892578652e-21, nan 
162.375, 66.875, 9.379615341589643e-21, nan 
162.625, 66.875, 9.699001540843306e-21, nan 
162.875, 66.875, 9.449954204737365e-21, nan 
163.125, 66.875, 1.2720434883682841e-20, nan 
163.375, 66.875, 9.44001380085734e-21, nan 
163.625, 66.875, 1.1236508271133503e-20, nan 
163.875, 66.875, 1.1766581664957792e-20, nan 
164.125, 66.875, 1.1334361640963777e-20, nan 
164.375, 66.875, 1.1688486996305352e-20, nan 
164.625, 66.875, 1.1852185261729475e-20, nan 
164.875, 66.875, 1.0146205911563776e-20, nan 
165.125, 66.875, 1.3159897093888601e-20, nan 
165.375, 66.875, 1.1848470857400968e-20, nan 
165.625, 66.875, 1.0184279100950783e-20, nan 
165.875, 66.875, 9.92057083809782e-21, nan 
166.125, 66.875, 6.253720380657715e-21, nan 
166.375, 66.875, 3.23735878359686e-21, nan 
166.625, 66.875, 4.598167148439699e-21, nan 
166.875, 66.875, 9.077020322958284e-21, nan 
167.125, 66.875, 1.3545499330393055e-20, nan 
167.375, 66.875, 1.2808391682721007e-20, nan 
167.625, 66.875, 9.686577306631543e-21, nan 
167.875, 66.875, 1.1876604682189051e-20, nan 
168.125, 66.875, 1.0804538765899764e-20, nan 
168.375, 66.875, 7.61232390415006e-21, nan 
168.625, 66.875, 9.732031880667005e-21, nan 
168.875, 66.875, 3.8862859980587645e-21, nan 
169.125, 66.875, 4.968811622308914e-21, nan 
169.375, 66.875, 7.367194525121883e-21, nan 
169.625, 66.875, 3.511118551129626e-21, nan 
169.875, 66.875, 2.4714974800928598e-21, nan 
170.125, 66.875, 4.771827498339147e-21, nan 
170.375, 66.875, 3.0955738556957096e-21, nan 
170.625, 66.875, 3.03979794793352e-21, nan 
170.875, 66.875, 9.708191174340887e-21, nan 
171.125, 66.875, 3.3530636873776324e-21, nan 
171.375, 66.875, 3.0832855505758515e-21, nan 
171.625, 66.875, 3.4059644361369266e-21, nan 
171.875, 66.875, 8.06085448770018e-21, nan 
172.125, 66.875, 4.627506661698885e-21, nan 
172.375, 66.875, 3.823789443374745e-21, nan 
172.625, 66.875, 5.450794054491345e-21, nan 
172.875, 66.875, 5.2886573629154116e-21, nan 
173.125, 66.875, 7.90604524421428e-21, nan 
173.375, 66.875, 6.626255983367121e-21, nan 
173.625, 66.875, 5.033482125919581e-21, nan 
173.875, 66.875, 6.86025779785118e-21, nan 
174.125, 66.875, 5.285871092165992e-21, nan 
174.375, 66.875, 3.2422382203425495e-21, nan 
174.625, 66.875, 1.869992671739236e-21, nan 
174.875, 66.875, 1.6552282876487602e-21, nan 
175.125, 66.875, 1.89902151125446e-21, nan 
175.375, 66.875, 2.2824896669521256e-21, nan 
175.625, 66.875, 1.1996995795226242e-21, nan 
175.875, 66.875, 3.2945553418144795e-21, nan 
176.125, 66.875, 3.558947818583855e-21, nan 
176.375, 66.875, 4.185955990548834e-21, nan 
176.625, 66.875, 5.226228486448813e-21, nan 
176.875, 66.875, 3.572025455649089e-21, nan 
177.125, 66.875, 3.470730691709121e-21, nan 
177.375, 66.875, 4.147954021917086e-21, nan 
177.625, 66.875, 4.7682482372163974e-21, nan 
177.875, 66.875, 3.196814886816092e-21, nan 
178.125, 66.875, 3.170570101348982e-21, nan 
178.375, 66.875, 3.112804033178225e-21, nan 
178.625, 66.875, 2.720900411932529e-21, nan 
178.875, 66.875, 2.0010978367953423e-21, nan 
179.125, 66.875, 2.8849508126331e-21, nan 
179.375, 66.875, 1.385942601609036e-21, nan 
179.625, 66.875, 1.861972223270747e-21, nan 
179.875, 66.875, 1.796035289249927e-21, nan 
-179.875, 67.125, 1.8074093536235397e-21, nan 
-179.625, 67.125, 7.280815092395233e-22, nan 
-179.375, 67.125, 6.864316541043751e-22, nan 
-179.125, 67.125, 1.0284196981848088e-21, nan 
-178.875, 67.125, 5.615675019180991e-22, nan 
-178.625, 67.125, 6.697050995512127e-22, nan 
-178.375, 67.125, 6.273925877725995e-22, nan 
-178.125, 67.125, 4.922706104255856e-22, nan 
-177.875, 67.125, 9.325752290095913e-22, nan 
-177.625, 67.125, 1.1418559102071211e-21, nan 
-177.375, 67.125, 6.0847212774000375e-22, nan 
-177.125, 67.125, 6.96729098420121e-22, nan 
-176.875, 67.125, 7.858602660428523e-22, nan 
-176.625, 67.125, 6.604785779291344e-22, nan 
-176.375, 67.125, 4.856451595863456e-22, nan 
-176.125, 67.125, 4.993395162772886e-22, nan 
-175.875, 67.125, 4.675199045862477e-22, nan 
-175.625, 67.125, 3.934398934418131e-22, nan 
-175.375, 67.125, 3.6538389537751785e-22, nan 
-175.125, 67.125, 5.985705452560492e-22, nan 
-174.875, 67.125, 4.711437189286804e-22, nan 
-174.625, 67.125, 6.3161719181207445e-22, nan 
-174.375, 67.125, 6.259642441715151e-22, nan 
-174.125, 67.125, 5.117901964307562e-22, nan 
-173.875, 67.125, 4.263817527829664e-22, nan 
-173.625, 67.125, 5.065747601863614e-22, nan 
-173.375, 67.125, 5.31607159275404e-22, nan 
-173.125, 67.125, 5.902916058453419e-22, nan 
-172.875, 67.125, 4.0223563981930757e-22, nan 
-172.625, 67.125, 2.483126813812916e-22, nan 
-172.375, 67.125, 7.383504121651407e-22, nan 
-172.125, 67.125, 6.444978127321322e-22, nan 
-171.875, 67.125, 3.439478290722879e-22, nan 
-171.625, 67.125, 4.863069064511251e-22, nan 
-171.375, 67.125, 4.759613630165515e-22, nan 
-171.125, 67.125, 2.823464740801669e-22, nan 
-170.875, 67.125, 3.9105777552484543e-22, nan 
-170.625, 67.125, 3.695846715637805e-22, nan 
-170.375, 67.125, 2.0073886138927412e-22, nan 
-170.125, 67.125, 2.541539762157409e-22, nan 
-169.875, 67.125, 2.235910582645084e-22, nan 
-169.625, 67.125, 1.6569531148315154e-22, nan 
-169.375, 67.125, 1.4432562179209124e-22, nan 
-169.125, 67.125, 4.1913578138886415e-23, nan 
-168.875, 67.125, 1.283557508975361e-22, nan 
-168.625, 67.125, 1.4457747192192949e-22, nan 
-168.375, 67.125, 1.8364377738476695e-22, nan 
-168.125, 67.125, 2.882122022734674e-22, nan 
-167.875, 67.125, 3.7735643419239593e-22, nan 
-167.625, 67.125, 2.413537815941986e-22, nan 
-167.375, 67.125, 2.7539496579439815e-22, nan 
-167.125, 67.125, 2.956609944860296e-22, nan 
-166.875, 67.125, 1.8342440863299926e-22, nan 
-166.625, 67.125, 1.9203676352215928e-22, nan 
-166.375, 67.125, 1.2374308528449691e-22, nan 
-166.125, 67.125, 9.276772549848199e-23, nan 
-165.875, 67.125, 1.2936188845905884e-22, nan 
-165.625, 67.125, 1.43773839142135e-22, nan 
-165.375, 67.125, 8.366127201891275e-23, nan 
-165.125, 67.125, 6.076368662489804e-23, nan 
-164.875, 67.125, 1.0522476340800118e-22, nan 
-164.625, 67.125, 7.925746161650058e-23, nan 
-164.375, 67.125, 1.184144727343437e-22, nan 
-164.125, 67.125, 1.3774963103093476e-22, nan 
-163.875, 67.125, 1.1686539606023314e-22, nan 
-163.625, 67.125, 2.542946001187466e-22, nan 
-163.375, 67.125, 2.957694333817096e-22, nan 
-163.125, 67.125, 8.756437334185335e-23, nan 
-162.875, 67.125, 1.9614157671096265e-22, nan 
-162.625, 67.125, 1.961065680939313e-22, nan 
-162.375, 67.125, 8.077366050634217e-23, nan 
-162.125, 67.125, 6.483586287070538e-23, nan 
-161.875, 67.125, 7.208876332372991e-23, nan 
-161.625, 67.125, 5.48313571518673e-23, nan 
-161.375, 67.125, 6.416611843888233e-23, nan 
-161.125, 67.125, 1.0080396076294777e-22, nan 
-160.875, 67.125, 6.707090867700935e-23, nan 
-160.625, 67.125, 5.040329407797425e-23, nan 
-160.375, 67.125, 1.0278573564902772e-22, nan 
-160.125, 67.125, 1.0134990003408162e-22, nan 
-159.875, 67.125, 1.1527259007444529e-22, nan 
-159.625, 67.125, 8.732704835312066e-23, nan 
-159.375, 67.125, 1.2934418559085485e-22, nan 
-159.125, 67.125, 1.122493614772947e-22, nan 
-158.875, 67.125, 1.4602668707937762e-22, nan 
-158.625, 67.125, 4.073236256630417e-22, nan 
-158.375, 67.125, 1.2336344141798005e-22, nan 
-158.125, 67.125, 2.8816605639655987e-22, nan 
-157.875, 67.125, 8.144912064439555e-22, nan 
-157.625, 67.125, 2.0154124554075556e-22, nan 
-157.375, 67.125, 2.319075455461501e-22, nan 
-157.125, 67.125, 2.9665448493023097e-22, nan 
-156.875, 67.125, 5.115916055258295e-23, nan 
-156.625, 67.125, 9.228758319833056e-23, nan 
-156.375, 67.125, 6.436755354996538e-23, nan 
-156.125, 67.125, 4.840247187620368e-23, nan 
-155.875, 67.125, 5.731178777878203e-23, nan 
-155.625, 67.125, 4.480347581499641e-23, nan 
-155.375, 67.125, 4.4457081260009053e-23, nan 
-155.125, 67.125, 5.145327845940966e-23, nan 
-154.875, 67.125, 4.105176928101012e-23, nan 
-154.625, 67.125, 4.717551564944695e-23, nan 
-154.375, 67.125, 5.115063206519398e-23, nan 
-154.125, 67.125, 4.988106230186163e-23, nan 
-153.875, 67.125, 5.281407370855515e-23, nan 
-153.625, 67.125, 5.965864855955722e-23, nan 
-153.375, 67.125, 6.214787690062058e-23, nan 
-153.125, 67.125, 9.08146816222077e-24, nan 
-152.875, 67.125, 3.479931642216099e-23, nan 
-152.625, 67.125, 5.895686651336209e-23, nan 
-152.375, 67.125, 1.914145801660042e-23, nan 
-152.125, 67.125, 2.760284008401486e-23, nan 
-151.875, 67.125, 3.367548440564765e-23, nan 
-151.625, 67.125, 1.6340527286398323e-23, nan 
-151.375, 67.125, 2.925101155327767e-23, nan 
-151.125, 67.125, 2.889834982390184e-23, nan 
-150.875, 67.125, 3.412264592357108e-23, nan 
-150.625, 67.125, 6.191085281148532e-23, nan 
-150.375, 67.125, 6.257327351237676e-23, nan 
-150.125, 67.125, 4.681619338648931e-23, nan 
-149.875, 67.125, 4.860200885988138e-23, nan 
-149.625, 67.125, 4.5936142616613884e-23, nan 
-149.375, 67.125, 3.450391345774951e-23, nan 
-149.125, 67.125, 2.6999299883653337e-23, nan 
-148.875, 67.125, 2.1724124743383793e-23, nan 
-148.625, 67.125, 1.727536923281642e-23, nan 
-148.375, 67.125, 8.828321603528115e-24, nan 
-148.125, 67.125, 1.6098562403827167e-23, nan 
-147.875, 67.125, 2.2153766382871337e-23, nan 
-147.625, 67.125, 2.840099665319315e-23, nan 
-147.375, 67.125, 4.765948185556002e-23, nan 
-147.125, 67.125, 5.1389388553712964e-23, nan 
-146.875, 67.125, 2.7289514091930226e-23, nan 
-146.625, 67.125, 3.5249915183729154e-23, nan 
-146.375, 67.125, 3.132321193098256e-23, nan 
-146.125, 67.125, 2.0420832759932278e-23, nan 
-145.875, 67.125, 2.17369282494432e-23, nan 
-145.625, 67.125, 2.8626374781985777e-23, nan 
-145.375, 67.125, 1.4368867394266908e-23, nan 
-145.125, 67.125, 1.4517664818536354e-23, nan 
-144.875, 67.125, 2.859960541830967e-23, nan 
-144.625, 67.125, 1.3732806157600537e-23, nan 
-144.375, 67.125, 1.5068814824010421e-23, nan 
-144.125, 67.125, 1.5629399265141315e-23, nan 
-143.875, 67.125, 2.4753803952123102e-23, nan 
-143.625, 67.125, 3.6353666093777556e-23, nan 
-143.375, 67.125, 4.233233259659725e-23, nan 
-143.125, 67.125, 2.6885587135636575e-23, nan 
-142.875, 67.125, 2.0978440779229383e-23, nan 
-142.625, 67.125, 2.2266258824336404e-23, nan 
-142.375, 67.125, 2.4047304504082872e-23, nan 
-142.125, 67.125, 1.9068571172809123e-23, nan 
-141.875, 67.125, 1.7801550890644287e-23, nan 
-141.625, 67.125, 3.6213548805673545e-23, nan 
-141.375, 67.125, 2.989025554698075e-23, nan 
-141.125, 67.125, 1.3747517932543592e-23, nan 
-140.875, 67.125, 2.9763861757915257e-23, nan 
-140.625, 67.125, 2.620222554019024e-23, nan 
-140.375, 67.125, 1.8465911138181648e-23, nan 
-140.125, 67.125, 3.53185381719878e-23, nan 
-139.875, 67.125, 3.794768870252532e-23, nan 
-139.625, 67.125, 3.291778593940445e-23, nan 
-139.375, 67.125, 2.865577782966448e-23, nan 
-139.125, 67.125, 4.1415652275382794e-23, nan 
-138.875, 67.125, 4.3248860022718595e-23, nan 
-138.625, 67.125, 5.110111601970775e-23, nan 
-138.375, 67.125, 5.2816781549784247e-23, nan 
-138.125, 67.125, 2.9107700233168395e-23, nan 
-137.875, 67.125, 1.977713395427083e-23, nan 
-137.625, 67.125, 2.4052156176632962e-23, nan 
-137.375, 67.125, 1.3202205316396837e-23, nan 
-137.125, 67.125, 8.745613577532233e-24, nan 
-136.875, 67.125, 1.3041274214436954e-23, nan 
-136.625, 67.125, 1.078443880449442e-23, nan 
-136.375, 67.125, 6.673868852285253e-24, nan 
-136.125, 67.125, 1.1591946891895928e-23, nan 
-135.875, 67.125, 1.2100563984920375e-23, nan 
-135.625, 67.125, 1.1533503251035519e-23, nan 
-135.375, 67.125, 1.8078312721358284e-23, nan 
-135.125, 67.125, 1.6488935777270994e-23, nan 
-134.875, 67.125, 1.9776813584698814e-23, nan 
-134.625, 67.125, 2.8914233062388677e-23, nan 
-134.375, 67.125, 2.9779897899359894e-23, nan 
-134.125, 67.125, 2.710215109994569e-23, nan 
-133.875, 67.125, 2.5848043570074873e-23, nan 
-133.625, 67.125, 2.2438711298471513e-23, nan 
-133.375, 67.125, 2.8779004892185796e-23, nan 
-133.125, 67.125, 1.6537433676275735e-23, nan 
-132.875, 67.125, 1.4925857195253106e-23, nan 
-132.625, 67.125, 2.0571684573198866e-23, nan 
-132.375, 67.125, 2.0366422597301795e-23, nan 
-132.125, 67.125, 2.33254052844837e-23, nan 
-131.875, 67.125, 2.06094614095198e-23, nan 
-131.625, 67.125, 2.270022274181261e-23, nan 
-131.375, 67.125, 1.4802976845806407e-23, nan 
-131.125, 67.125, 1.416330023081748e-23, nan 
-130.875, 67.125, 1.3290363759048228e-23, nan 
-130.625, 67.125, 1.1121848491564645e-23, nan 
-130.375, 67.125, 5.423187470505073e-24, nan 
-130.125, 67.125, 1.0524286543282407e-23, nan 
-129.875, 67.125, 1.2402704447457771e-23, nan 
-129.625, 67.125, 2.128233786318454e-23, nan 
-129.375, 67.125, 1.4546247397932508e-23, nan 
-129.125, 67.125, 1.3232140469295116e-23, nan 
-128.875, 67.125, 2.070172216460613e-23, nan 
-128.625, 67.125, 1.093828196108345e-23, nan 
-128.375, 67.125, 1.2135828773426608e-23, nan 
-128.125, 67.125, 1.3316888025445787e-23, nan 
-127.875, 67.125, 1.1521205356714881e-23, nan 
-127.625, 67.125, 6.3070580304291794e-24, nan 
-127.375, 67.125, 6.949075179638255e-24, nan 
-127.125, 67.125, 1.675796771982534e-23, nan 
-126.875, 67.125, 1.478623705349954e-23, nan 
-126.625, 67.125, 1.435580502449751e-23, nan 
-126.375, 67.125, 1.3600603085576337e-23, nan 
-126.125, 67.125, 1.7827283412702215e-23, nan 
-125.875, 67.125, 3.9684882253526994e-23, nan 
-125.625, 67.125, 2.5229844163788914e-23, nan 
-125.375, 67.125, 1.5112527888072995e-23, nan 
-125.125, 67.125, 1.7693773803568e-23, nan 
-124.875, 67.125, 2.7759083663060084e-23, nan 
-124.625, 67.125, 1.1262731293625521e-23, nan 
-124.375, 67.125, 8.258398413706371e-24, nan 
-124.125, 67.125, 9.423557465120905e-24, nan 
-123.875, 67.125, 4.7768946609729175e-24, nan 
-123.625, 67.125, 6.746669840201667e-24, nan 
-123.375, 67.125, 1.258322233652774e-23, nan 
-123.125, 67.125, 9.013206178428012e-24, nan 
-122.875, 67.125, 1.0092207189635105e-23, nan 
-122.625, 67.125, 2.0149074045968978e-23, nan 
-122.375, 67.125, 1.2819152631397381e-23, nan 
-122.125, 67.125, 1.6586419036730163e-23, nan 
-121.875, 67.125, 1.5362839424371054e-23, nan 
-121.625, 67.125, 8.57025573274524e-24, nan 
-121.375, 67.125, 1.6973466630837763e-23, nan 
-121.125, 67.125, 1.5764907986916198e-23, nan 
-120.875, 67.125, 1.0185944190807057e-23, nan 
92.875, 67.125, 5.02498377113157e-24, nan 
93.125, 67.125, 5.255882897773126e-24, nan 
93.375, 67.125, 2.911788538165961e-24, nan 
93.625, 67.125, 4.494635236060716e-24, nan 
93.875, 67.125, 8.16240640438039e-24, nan 
94.125, 67.125, 5.0794481407095015e-24, nan 
94.375, 67.125, 4.013383317925048e-24, nan 
94.625, 67.125, 7.104970432270434e-24, nan 
94.875, 67.125, 7.927657916871093e-24, nan 
95.125, 67.125, 4.768252707400613e-24, nan 
95.375, 67.125, 5.904923040418299e-24, nan 
95.625, 67.125, 2.048235031719052e-24, nan 
95.875, 67.125, 9.62213194382834e-24, nan 
96.125, 67.125, 1.2531922930569147e-23, nan 
96.375, 67.125, 4.1751925467844425e-23, nan 
96.625, 67.125, 1.687845561519057e-23, nan 
96.875, 67.125, 1.3946584002960575e-23, nan 
97.125, 67.125, 6.585263724432411e-23, nan 
97.375, 67.125, 2.307467035672636e-23, nan 
97.625, 67.125, 1.326665206810856e-23, nan 
97.875, 67.125, 4.692117405956965e-23, nan 
98.125, 67.125, 2.3361856315435473e-23, nan 
98.375, 67.125, 2.0673371201936548e-23, nan 
98.625, 67.125, 2.9125016164267226e-23, nan 
98.875, 67.125, 2.0424794805124715e-23, nan 
99.125, 67.125, 1.8430085831500857e-23, nan 
99.375, 67.125, 1.597999078113615e-23, nan 
99.625, 67.125, 1.2323994435163902e-23, nan 
99.875, 67.125, 1.1227056594367031e-23, nan 
100.125, 67.125, 1.0220253574845907e-23, nan 
100.375, 67.125, 7.713914457369441e-24, nan 
100.625, 67.125, 8.44634942914805e-24, nan 
100.875, 67.125, 4.604159786128375e-24, nan 
101.125, 67.125, 6.95685787174334e-24, nan 
101.375, 67.125, 5.59502672077305e-24, nan 
101.625, 67.125, 1.0631978838206163e-23, nan 
101.875, 67.125, 1.0993425643611653e-23, nan 
102.125, 67.125, 8.134547133383499e-24, nan 
102.375, 67.125, 1.070747704652246e-23, nan 
102.625, 67.125, 1.1184559748905327e-23, nan 
102.875, 67.125, 7.2671737590088e-24, nan 
103.125, 67.125, 4.873157332029404e-24, nan 
103.375, 67.125, 2.9272662473420252e-24, nan 
103.625, 67.125, 4.4859123077551896e-24, nan 
103.875, 67.125, 4.538124887100379e-24, nan 
104.125, 67.125, 5.433607333459977e-24, nan 
104.375, 67.125, 5.931744844683814e-24, nan 
104.625, 67.125, 4.992601308412624e-24, nan 
104.875, 67.125, 3.615261026342327e-24, nan 
105.125, 67.125, 5.725944320482012e-24, nan 
105.375, 67.125, 2.5194154627365348e-24, nan 
105.625, 67.125, 5.8029138664982986e-24, nan 
105.875, 67.125, 1.0821135455052345e-23, nan 
106.125, 67.125, 1.2568087580614294e-23, nan 
106.375, 67.125, 1.700415887193225e-23, nan 
106.625, 67.125, 1.0677652362118668e-23, nan 
106.875, 67.125, 1.1851166591914671e-23, nan 
107.125, 67.125, 1.5062706489443003e-23, nan 
107.375, 67.125, 1.1650832590884187e-23, nan 
107.625, 67.125, 8.379131020091041e-24, nan 
107.875, 67.125, 8.382883123946439e-24, nan 
108.125, 67.125, 8.040144721483934e-24, nan 
108.375, 67.125, 9.504479813330962e-24, nan 
108.625, 67.125, 8.965098328389378e-24, nan 
108.875, 67.125, 7.874983320715576e-24, nan 
109.125, 67.125, 1.21604460412675e-23, nan 
109.375, 67.125, 1.1255319780021165e-23, nan 
109.625, 67.125, 1.3107850113591474e-23, nan 
109.875, 67.125, 1.0454288656301872e-23, nan 
110.125, 67.125, 6.64275944557175e-24, nan 
110.375, 67.125, 1.3362904583332867e-23, nan 
110.625, 67.125, 1.318694187567641e-23, nan 
110.875, 67.125, 1.2774648376444006e-23, nan 
111.125, 67.125, 1.0405541702618567e-23, nan 
111.375, 67.125, 1.2610657292163126e-23, nan 
111.625, 67.125, 1.480671474497119e-23, nan 
111.875, 67.125, 2.0812904169034448e-23, nan 
112.125, 67.125, 2.2512764303261878e-23, nan 
112.375, 67.125, 3.792224772101755e-23, nan 
112.625, 67.125, 7.5905466511644e-23, nan 
112.875, 67.125, 1.0314343297743932e-22, nan 
113.125, 67.125, 7.444999208003442e-23, nan 
113.375, 67.125, 1.6281639582220356e-22, nan 
113.625, 67.125, 2.209451266048375e-22, nan 
113.875, 67.125, 7.51116813834767e-23, nan 
114.125, 67.125, 8.615290223243635e-23, nan 
114.375, 67.125, 9.825721159625929e-23, nan 
114.625, 67.125, 3.3873308091551696e-23, nan 
114.875, 67.125, 3.7781238414268344e-23, nan 
115.125, 67.125, 2.621136588202841e-23, nan 
115.375, 67.125, 2.2344155942539172e-23, nan 
115.625, 67.125, 9.150374049118912e-24, nan 
115.875, 67.125, 1.156632807343639e-23, nan 
116.125, 67.125, 1.2868324796928642e-23, nan 
116.375, 67.125, 1.632296568209382e-23, nan 
116.625, 67.125, 2.071997871972289e-23, nan 
116.875, 67.125, 2.2032775333468355e-23, nan 
117.125, 67.125, 2.381250932617908e-23, nan 
117.375, 67.125, 1.7152328415842698e-23, nan 
117.625, 67.125, 6.849222564120885e-24, nan 
117.875, 67.125, 1.2720727220144975e-23, nan 
118.125, 67.125, 1.137818005345817e-23, nan 
118.375, 67.125, 1.355244986285837e-23, nan 
118.625, 67.125, 1.6868407266171136e-23, nan 
118.875, 67.125, 1.6608436671232067e-23, nan 
119.125, 67.125, 1.8022428309127654e-23, nan 
119.375, 67.125, 1.5523711306374728e-23, nan 
119.625, 67.125, 1.8356084698329885e-23, nan 
119.875, 67.125, 2.3504567751878246e-23, nan 
120.125, 67.125, 3.081963295666074e-23, nan 
120.375, 67.125, 3.033299527320239e-23, nan 
120.625, 67.125, 2.541194721639474e-23, nan 
120.875, 67.125, 2.4278540758048294e-23, nan 
121.125, 67.125, 3.5192028569266664e-23, nan 
121.375, 67.125, 2.6826289364699975e-23, nan 
121.625, 67.125, 2.74296122569891e-23, nan 
121.875, 67.125, 3.2421704376024984e-23, nan 
122.125, 67.125, 2.29238041465567e-23, nan 
122.375, 67.125, 2.148249055502131e-23, nan 
122.625, 67.125, 2.4864836946228875e-23, nan 
122.875, 67.125, 1.9401148785404075e-23, nan 
123.125, 67.125, 1.9617141492557178e-23, nan 
123.375, 67.125, 9.65808771600195e-24, nan 
123.625, 67.125, 1.362291677916862e-23, nan 
123.875, 67.125, 2.1371377452206082e-23, nan 
124.125, 67.125, 2.8156073289659104e-23, nan 
124.375, 67.125, 2.150052220325573e-23, nan 
124.625, 67.125, 1.8896511290511636e-23, nan 
124.875, 67.125, 2.21260944842496e-23, nan 
125.125, 67.125, 2.2125483127562227e-23, nan 
125.375, 67.125, 2.1202387881103147e-23, nan 
125.625, 67.125, 2.33439297121142e-23, nan 
125.875, 67.125, 2.79349098383839e-23, nan 
126.125, 67.125, 2.5454369691599476e-23, nan 
126.375, 67.125, 1.287535145506432e-23, nan 
126.625, 67.125, 1.86771031704488e-23, nan 
126.875, 67.125, 1.822824250993284e-23, nan 
127.125, 67.125, 1.7403674582812145e-23, nan 
127.375, 67.125, 2.4974978983087587e-23, nan 
127.625, 67.125, 2.620559885352305e-23, nan 
127.875, 67.125, 2.571521903290819e-23, nan 
128.125, 67.125, 2.698226373022024e-23, nan 
128.375, 67.125, 2.4258307115139155e-23, nan 
128.625, 67.125, 4.95870299596222e-23, nan 
128.875, 67.125, 5.252699902439546e-23, nan 
129.125, 67.125, 5.074134222188391e-23, nan 
129.375, 67.125, 8.22429725389333e-23, nan 
129.625, 67.125, 6.993120256380869e-23, nan 
129.875, 67.125, 3.162147141244952e-23, nan 
130.125, 67.125, 3.945803429809237e-23, nan 
130.375, 67.125, 6.133829698781251e-23, nan 
130.625, 67.125, 7.349630822568725e-23, nan 
130.875, 67.125, 9.552118221398898e-23, nan 
131.125, 67.125, 7.223495401932679e-23, nan 
131.375, 67.125, 4.7305348153614993e-23, nan 
131.625, 67.125, 9.89361568307621e-23, nan 
131.875, 67.125, 8.507845812758218e-23, nan 
132.125, 67.125, 2.1197984206085396e-23, nan 
132.375, 67.125, 4.1728161048351367e-23, nan 
132.625, 67.125, 2.461447480828429e-23, nan 
132.875, 67.125, 2.2652524929791103e-23, nan 
133.125, 67.125, 5.900456662767561e-23, nan 
133.375, 67.125, 3.563202937391387e-23, nan 
133.625, 67.125, 6.240527511874699e-23, nan 
133.875, 67.125, 8.967274433582318e-23, nan 
134.125, 67.125, 2.4893458916823907e-23, nan 
134.375, 67.125, 5.03190702699825e-23, nan 
134.625, 67.125, 6.231634619697634e-23, nan 
134.875, 67.125, 4.3402689989984633e-23, nan 
135.125, 67.125, 4.156596406241651e-23, nan 
135.375, 67.125, 3.349096423209909e-23, nan 
135.625, 67.125, 5.881991715945085e-23, nan 
135.875, 67.125, 7.392962863778754e-23, nan 
136.125, 67.125, 3.817885067149431e-23, nan 
136.375, 67.125, 6.481107692338703e-23, nan 
136.625, 67.125, 6.199911267625707e-23, nan 
136.875, 67.125, 5.339598011756045e-23, nan 
137.125, 67.125, 4.427670014539322e-23, nan 
137.375, 67.125, 6.046862710867838e-23, nan 
137.625, 67.125, 1.4108672680998175e-22, nan 
137.875, 67.125, 1.0890865833457463e-22, nan 
138.125, 67.125, 5.386652101630982e-23, nan 
138.375, 67.125, 4.138007800511131e-23, nan 
138.625, 67.125, 5.001842728737405e-23, nan 
138.875, 67.125, 4.443321824650768e-23, nan 
139.125, 67.125, 8.674999159901545e-23, nan 
139.375, 67.125, 1.1229987737343417e-22, nan 
139.625, 67.125, 1.3429542509773465e-22, nan 
139.875, 67.125, 8.769827560183717e-23, nan 
140.125, 67.125, 1.1394770591657691e-22, nan 
140.375, 67.125, 1.1833937496597152e-22, nan 
140.625, 67.125, 1.8174203825320709e-22, nan 
140.875, 67.125, 1.9537572339116118e-22, nan 
141.125, 67.125, 1.6002904736496847e-22, nan 
141.375, 67.125, 2.070465329396194e-22, nan 
141.625, 67.125, 1.3936671928711335e-22, nan 
141.875, 67.125, 1.1618330574665607e-22, nan 
142.125, 67.125, 3.5814799215426434e-22, nan 
142.375, 67.125, 2.944873690088875e-22, nan 
142.625, 67.125, 2.3650757432283415e-22, nan 
142.875, 67.125, 2.8948265988718763e-22, nan 
143.125, 67.125, 3.9413590515266093e-22, nan 
143.375, 67.125, 4.756606270938968e-22, nan 
143.625, 67.125, 4.535255550313651e-22, nan 
143.875, 67.125, 4.4199067810810985e-22, nan 
144.125, 67.125, 3.0707928172736967e-22, nan 
144.375, 67.125, 3.468714894756902e-22, nan 
144.625, 67.125, 4.49243357070005e-22, nan 
144.875, 67.125, 5.680530519550243e-22, nan 
145.125, 67.125, 2.9566538595378396e-22, nan 
145.375, 67.125, 2.4677716783174643e-22, nan 
145.625, 67.125, 3.277797137340073e-22, nan 
145.875, 67.125, 2.291006161214637e-22, nan 
146.125, 67.125, 2.236248771937137e-22, nan 
146.375, 67.125, 3.989256915854198e-22, nan 
146.625, 67.125, 5.234482213972196e-22, nan 
146.875, 67.125, 4.129640351495704e-22, nan 
147.125, 67.125, 4.533315549364714e-22, nan 
147.375, 67.125, 5.51940278498423e-22, nan 
147.625, 67.125, 3.9006008410092043e-22, nan 
147.875, 67.125, 1.675161625594577e-22, nan 
148.125, 67.125, 2.139683811425065e-22, nan 
148.375, 67.125, 1.9442147288181342e-22, nan 
148.625, 67.125, 2.281493767311958e-22, nan 
148.875, 67.125, 3.1025758992864465e-22, nan 
149.125, 67.125, 3.3910146630085256e-22, nan 
149.375, 67.125, 2.7817798502666895e-22, nan 
149.625, 67.125, 4.0112518150896024e-22, nan 
149.875, 67.125, 9.14369945320256e-22, nan 
150.125, 67.125, 7.61633561563638e-22, nan 
150.375, 67.125, 6.330047074571145e-22, nan 
150.625, 67.125, 7.630828519292037e-22, nan 
150.875, 67.125, 7.089702348937309e-22, nan 
151.125, 67.125, 8.421920494678807e-22, nan 
151.375, 67.125, 1.4919514767777114e-21, nan 
151.625, 67.125, 2.0729693322496815e-21, nan 
151.875, 67.125, 6.875269787756298e-22, nan 
152.125, 67.125, 1.5527952326775157e-21, nan 
152.375, 67.125, 1.712792387972088e-21, nan 
152.625, 67.125, 5.76496459079588e-22, nan 
152.875, 67.125, 1.2945855523785842e-22, nan 
153.125, 67.125, 6.392279818041763e-22, nan 
153.375, 67.125, 1.4021860834217424e-21, nan 
153.625, 67.125, 7.325162825838306e-22, nan 
153.875, 67.125, 8.773611577342802e-22, nan 
154.125, 67.125, 1.984997287805618e-21, nan 
154.375, 67.125, 1.418099090682926e-21, nan 
154.625, 67.125, 7.228370882440688e-22, nan 
154.875, 67.125, 1.4693414169369714e-21, nan 
155.125, 67.125, 1.333572237284697e-21, nan 
155.375, 67.125, 1.4122982526474113e-21, nan 
155.625, 67.125, 1.25372625068817e-21, nan 
155.875, 67.125, 1.4865780822706367e-21, nan 
156.125, 67.125, 1.0652024398507422e-21, nan 
156.375, 67.125, 8.464491005893149e-22, nan 
156.625, 67.125, 2.5316761302014747e-21, nan 
156.875, 67.125, 3.2214734545225214e-21, nan 
157.125, 67.125, 2.9764051478244493e-21, nan 
157.375, 67.125, 2.6657969446033174e-21, nan 
157.625, 67.125, 3.317982706023104e-21, nan 
157.875, 67.125, 3.2120373414173073e-21, nan 
158.125, 67.125, 1.1926774092023448e-21, nan 
158.375, 67.125, 1.0567229252286553e-21, nan 
158.625, 67.125, 2.6953531081441544e-21, nan 
158.875, 67.125, 3.915072931106744e-21, nan 
159.125, 67.125, 3.874401318035505e-21, nan 
159.375, 67.125, 3.043567140339076e-21, nan 
159.625, 67.125, 3.841831009972084e-21, nan 
159.875, 67.125, 4.600926268953457e-21, nan 
160.125, 67.125, 2.9692542562410745e-21, nan 
160.375, 67.125, 5.235837648564845e-21, nan 
160.625, 67.125, 3.595362354298179e-21, nan 
160.875, 67.125, 8.07044466812367e-21, nan 
161.125, 67.125, 6.022099707144642e-21, nan 
161.375, 67.125, 4.748076425498377e-21, nan 
161.625, 67.125, 5.2360522793895245e-21, nan 
161.875, 67.125, 8.019214344303991e-21, nan 
162.125, 67.125, 5.040517152404259e-21, nan 
162.375, 67.125, 9.465644399800654e-21, nan 
162.625, 67.125, 1.161201107525473e-20, nan 
162.875, 67.125, 1.3987659335721656e-20, nan 
163.125, 67.125, 1.7274821469312005e-20, nan 
163.375, 67.125, 1.2074542872017431e-20, nan 
163.625, 67.125, 1.8314018213164838e-20, nan 
163.875, 67.125, 1.3098814122594955e-20, nan 
164.125, 67.125, 9.563967011587944e-21, nan 
164.375, 67.125, 9.9170716650404e-21, nan 
164.625, 67.125, 1.4210149919387134e-20, nan 
164.875, 67.125, 1.0673241210620483e-20, nan 
165.125, 67.125, 7.875214570139932e-21, nan 
165.375, 67.125, 1.3056364714107345e-20, nan 
165.625, 67.125, 1.3461931215389425e-20, nan 
165.875, 67.125, 1.3149191155297202e-20, nan 
166.125, 67.125, 1.0840307125249527e-20, nan 
166.375, 67.125, 1.13577799542293e-20, nan 
166.625, 67.125, 8.462577305039514e-21, nan 
166.875, 67.125, 1.5446785147752938e-20, nan 
167.125, 67.125, 2.0856189995024757e-20, nan 
167.375, 67.125, 2.0109847405639326e-20, nan 
167.625, 67.125, 1.744844149423518e-20, nan 
167.875, 67.125, 2.152072526765398e-20, nan 
168.125, 67.125, 1.8968663671877792e-20, nan 
168.375, 67.125, 1.6410430207362996e-20, nan 
168.625, 67.125, 8.076387705855821e-21, nan 
168.875, 67.125, 9.151355330545875e-21, nan 
169.125, 67.125, 9.26077676326788e-21, nan 
169.375, 67.125, 8.448742304897435e-21, nan 
169.625, 67.125, 8.009689492348519e-21, nan 
169.875, 67.125, 5.391653311779409e-21, nan 
170.125, 67.125, 5.241470851620026e-21, nan 
170.375, 67.125, 5.939665813159137e-21, nan 
170.625, 67.125, 7.59874445216537e-21, nan 
170.875, 67.125, 1.0265813648991351e-20, nan 
171.125, 67.125, 5.769526190566135e-21, nan 
171.375, 67.125, 5.940527170551768e-21, nan 
171.625, 67.125, 5.675604956091013e-21, nan 
171.875, 67.125, 3.621469468270534e-21, nan 
172.125, 67.125, 4.301338554887042e-21, nan 
172.375, 67.125, 6.4906482965018226e-21, nan 
172.625, 67.125, 8.142510605644193e-21, nan 
172.875, 67.125, 5.754181522088436e-21, nan 
173.125, 67.125, 1.2718634799594802e-20, nan 
173.375, 67.125, 6.386011640745365e-21, nan 
173.625, 67.125, 5.584563963810527e-21, nan 
173.875, 67.125, 9.557501603335922e-21, nan 
174.125, 67.125, 6.871103798704594e-21, nan 
174.375, 67.125, 4.748961892918026e-21, nan 
174.625, 67.125, 3.5480930587238606e-21, nan 
174.875, 67.125, 2.0441324685461447e-21, nan 
175.125, 67.125, 1.8968754780321545e-21, nan 
175.375, 67.125, 1.5442181398607832e-21, nan 
175.625, 67.125, 1.6677653022661585e-21, nan 
175.875, 67.125, 2.707470986261932e-21, nan 
176.125, 67.125, 2.4526524320801423e-21, nan 
176.375, 67.125, 1.2768028867563791e-21, nan 
176.625, 67.125, 2.064205423386006e-21, nan 
176.875, 67.125, 2.592809250378185e-21, nan 
177.125, 67.125, 1.201829300353031e-21, nan 
177.375, 67.125, 1.5376385992672567e-21, nan 
177.625, 67.125, 1.7944199648166094e-21, nan 
177.875, 67.125, 1.3748860904949317e-21, nan 
178.125, 67.125, 1.1464921645993807e-21, nan 
178.375, 67.125, 1.2969253048220811e-21, nan 
178.625, 67.125, 7.8057477771153405e-22, nan 
178.875, 67.125, 6.119979489830982e-22, nan 
179.125, 67.125, 1.0244731327065328e-21, nan 
179.375, 67.125, 4.505679417828627e-22, nan 
179.625, 67.125, 9.260737555648016e-22, nan 
179.875, 67.125, 1.2219789641548449e-21, nan 
-179.875, 67.375, 1.243272050460705e-21, nan 
-179.625, 67.375, 8.015441587793152e-22, nan 
-179.375, 67.375, 6.348916084865057e-22, nan 
-179.125, 67.375, 8.728201965522747e-22, nan 
-178.875, 67.375, 6.912007744639594e-22, nan 
-178.625, 67.375, 2.665889280435709e-22, nan 
-178.375, 67.375, 7.775598219340423e-22, nan 
-178.125, 67.375, 6.105760210154232e-22, nan 
-177.875, 67.375, 6.688986292266626e-22, nan 
-177.625, 67.375, 9.107273428467737e-22, nan 
-177.375, 67.375, 5.578343339929131e-22, nan 
-177.125, 67.375, 5.811296836740847e-22, nan 
-176.875, 67.375, 5.698556334652146e-22, nan 
-176.625, 67.375, 5.895320133658949e-22, nan 
-176.375, 67.375, 4.814446233763028e-22, nan 
-176.125, 67.375, 3.8178268900433477e-22, nan 
-175.875, 67.375, 3.995770257697428e-22, nan 
-175.625, 67.375, 5.872630813864152e-22, nan 
-175.375, 67.375, 2.494022429367589e-22, nan 
-175.125, 67.375, 3.517241933472511e-22, nan 
-174.875, 67.375, 3.59150015027779e-22, nan 
-174.625, 67.375, 5.401484132325718e-22, nan 
-174.375, 67.375, 5.314646056330292e-22, nan 
-174.125, 67.375, 3.7544102811882406e-22, nan 
-173.875, 67.375, 3.9656837667779856e-22, nan 
-173.625, 67.375, 5.568174840218112e-22, nan 
-173.375, 67.375, 6.000721341199799e-22, nan 
-173.125, 67.375, 3.9366391587855405e-22, nan 
-172.875, 67.375, 2.5011213873429193e-22, nan 
-172.625, 67.375, 4.601428841206673e-22, nan 
-172.375, 67.375, 5.469510095658841e-22, nan 
-172.125, 67.375, 4.886767314215869e-22, nan 
-171.875, 67.375, 4.0581931970435852e-22, nan 
-171.625, 67.375, 4.535735342349535e-22, nan 
-171.375, 67.375, 3.982019697812818e-22, nan 
-171.125, 67.375, 2.7697648642726046e-22, nan 
-170.875, 67.375, 4.943140005211437e-22, nan 
-170.625, 67.375, 4.377396217755413e-22, nan 
-170.375, 67.375, 3.0029415859936765e-22, nan 
-170.125, 67.375, 2.467479219746441e-22, nan 
-169.875, 67.375, 3.749824222034989e-22, nan 
-169.625, 67.375, 3.2220712986539774e-22, nan 
-169.375, 67.375, 3.391147147760403e-22, nan 
-169.125, 67.375, 1.7814938813711288e-22, nan 
-168.875, 67.375, 2.7949854444528427e-22, nan 
-168.625, 67.375, 4.840410041782299e-22, nan 
-168.375, 67.375, 3.523625371528108e-22, nan 
-168.125, 67.375, 2.775142764319598e-22, nan 
-167.875, 67.375, 6.715063260185593e-22, nan 
-167.625, 67.375, 3.1387351553812473e-22, nan 
-167.375, 67.375, 1.0965054560979406e-22, nan 
-167.125, 67.375, 5.869882521864496e-22, nan 
-166.875, 67.375, 1.5019801534976756e-22, nan 
-166.625, 67.375, 1.986626838009447e-22, nan 
-166.375, 67.375, 2.2760810150618017e-22, nan 
-166.125, 67.375, 1.4908068469576977e-22, nan 
-165.875, 67.375, 1.8622828937497313e-22, nan 
-165.625, 67.375, 1.1721400398515993e-22, nan 
-165.375, 67.375, 1.1463270546431617e-22, nan 
-165.125, 67.375, 1.0438699401764706e-22, nan 
-164.875, 67.375, 1.628949020565164e-22, nan 
-164.625, 67.375, 9.581666705691179e-23, nan 
-164.375, 67.375, 9.385125594315822e-23, nan 
-164.125, 67.375, 7.771908743783375e-23, nan 
-163.875, 67.375, 8.483999729225268e-23, nan 
-163.625, 67.375, 1.5224153790791745e-22, nan 
-163.375, 67.375, 1.8640222783678076e-22, nan 
-163.125, 67.375, 3.02193149832262e-23, nan 
-162.875, 67.375, 5.522549120969743e-23, nan 
-162.625, 67.375, 7.972773373097915e-23, nan 
-162.375, 67.375, 8.414660740362598e-23, nan 
-162.125, 67.375, 6.421986211900446e-23, nan 
-161.875, 67.375, 5.2594516071921056e-23, nan 
-161.625, 67.375, 6.639819434124846e-23, nan 
-161.375, 67.375, 5.988695962826977e-23, nan 
-161.125, 67.375, 3.7463100592779685e-23, nan 
-160.875, 67.375, 3.843982904171596e-23, nan 
-160.625, 67.375, 3.1813946947213193e-23, nan 
-160.375, 67.375, 8.156280977933478e-23, nan 
-160.125, 67.375, 5.886947594761409e-23, nan 
-159.875, 67.375, 3.465665168231255e-23, nan 
-159.625, 67.375, 4.9858496132215747e-23, nan 
-159.375, 67.375, 7.176542714713871e-23, nan 
-159.125, 67.375, 7.996572159340441e-23, nan 
-158.875, 67.375, 8.04704499517355e-23, nan 
-158.625, 67.375, 1.3510853585234545e-22, nan 
-158.375, 67.375, 8.870817888616662e-23, nan 
-158.125, 67.375, 1.2097982886060156e-22, nan 
-157.875, 67.375, 4.69426960767456e-22, nan 
-157.625, 67.375, 1.2732514229875997e-22, nan 
-157.375, 67.375, 1.1730966042817383e-22, nan 
-157.125, 67.375, 8.951715542876344e-23, nan 
-156.875, 67.375, 5.97752496572004e-23, nan 
-156.625, 67.375, 8.805455927955808e-23, nan 
-156.375, 67.375, 8.339140656776253e-23, nan 
-156.125, 67.375, 8.636440231733077e-23, nan 
-155.875, 67.375, 7.776045714410947e-23, nan 
-155.625, 67.375, 5.01573752205071e-23, nan 
-155.375, 67.375, 3.2040795314999294e-23, nan 
-155.125, 67.375, 3.426324918241765e-23, nan 
-154.875, 67.375, 6.111044151739495e-23, nan 
-154.625, 67.375, 9.675693375199956e-23, nan 
-154.375, 67.375, 9.930265966777636e-23, nan 
-154.125, 67.375, 6.598743859143004e-23, nan 
-153.875, 67.375, 1.2483535113392396e-22, nan 
-153.625, 67.375, 1.1361533774357975e-22, nan 
-153.375, 67.375, 4.0758847048822853e-23, nan 
-153.125, 67.375, 4.038590370739175e-23, nan 
-152.875, 67.375, 6.428431886088172e-23, nan 
-152.625, 67.375, 5.130975579606733e-23, nan 
-152.375, 67.375, 4.957864967094226e-23, nan 
-152.125, 67.375, 6.066647095407501e-23, nan 
-151.875, 67.375, 3.104400918453643e-23, nan 
-151.625, 67.375, 1.7825388484230326e-23, nan 
-151.375, 67.375, 3.682757620886213e-23, nan 
-151.125, 67.375, 2.0512491690902562e-23, nan 
-150.875, 67.375, 1.6543037802821335e-23, nan 
-150.625, 67.375, 3.3427367227552243e-23, nan 
-150.375, 67.375, 5.0945724847279575e-23, nan 
-150.125, 67.375, 4.55351990276145e-23, nan 
-149.875, 67.375, 5.983108608345154e-23, nan 
-149.625, 67.375, 7.038145017983033e-23, nan 
-149.375, 67.375, 5.985512905690974e-23, nan 
-149.125, 67.375, 3.780771264773632e-23, nan 
-148.875, 67.375, 5.609768535693388e-23, nan 
-148.625, 67.375, 5.694238321920018e-23, nan 
-148.375, 67.375, 4.4134137286231674e-23, nan 
-148.125, 67.375, 3.9462387098930974e-23, nan 
-147.875, 67.375, 2.8367502711121415e-23, nan 
-147.625, 67.375, 2.0517086161551278e-23, nan 
-147.375, 67.375, 3.637363626517391e-23, nan 
-147.125, 67.375, 5.916538728284888e-23, nan 
-146.875, 67.375, 3.4502354538869195e-23, nan 
-146.625, 67.375, 3.5968163771540946e-23, nan 
-146.375, 67.375, 5.1612306685500604e-23, nan 
-146.125, 67.375, 5.361802169933849e-23, nan 
-145.875, 67.375, 3.58609272062454e-23, nan 
-145.625, 67.375, 2.3360420870467128e-23, nan 
-145.375, 67.375, 2.706412962088717e-23, nan 
-145.125, 67.375, 1.4908300333185584e-23, nan 
-144.875, 67.375, 1.4110409704241944e-23, nan 
-144.625, 67.375, 4.835912082532953e-23, nan 
-144.375, 67.375, 5.758383369433818e-23, nan 
-144.125, 67.375, 2.0277890672654717e-23, nan 
-143.875, 67.375, 4.322605614275588e-23, nan 
-143.625, 67.375, 5.692447633536035e-23, nan 
-143.375, 67.375, 2.867291082573422e-23, nan 
-143.125, 67.375, 2.126236673018467e-23, nan 
-142.875, 67.375, 3.508878919666599e-23, nan 
-142.625, 67.375, 3.204547951118112e-23, nan 
-142.375, 67.375, 9.182406249393778e-24, nan 
-142.125, 67.375, 3.122448034652291e-23, nan 
-141.875, 67.375, 2.66652341367507e-23, nan 
-141.625, 67.375, 2.7672697500022186e-23, nan 
-141.375, 67.375, 2.841786163484161e-23, nan 
-141.125, 67.375, 1.66610951657479e-23, nan 
-140.875, 67.375, 1.7471867637158815e-23, nan 
-140.625, 67.375, 1.3872319866468884e-23, nan 
-140.375, 67.375, 1.5268059398066325e-23, nan 
-140.125, 67.375, 3.173832637639362e-23, nan 
-139.875, 67.375, 2.3289875439179793e-23, nan 
-139.625, 67.375, 2.2301678498955096e-23, nan 
-139.375, 67.375, 2.9367763590155856e-23, nan 
-139.125, 67.375, 4.082238720552433e-23, nan 
-138.875, 67.375, 4.453916119975159e-23, nan 
-138.625, 67.375, 4.58480311438611e-23, nan 
-138.375, 67.375, 4.666422308789266e-23, nan 
-138.125, 67.375, 3.4780153717526005e-23, nan 
-137.875, 67.375, 2.3454637042589826e-23, nan 
-137.625, 67.375, 2.02953475328472e-23, nan 
-137.375, 67.375, 9.840724788355496e-24, nan 
-137.125, 67.375, 5.716896540840117e-24, nan 
-136.875, 67.375, 2.1218511075050568e-23, nan 
-136.625, 67.375, 1.1796836036314695e-23, nan 
-136.375, 67.375, 6.727531089412016e-24, nan 
-136.125, 67.375, 1.3481116218984693e-23, nan 
-135.875, 67.375, 1.433182263888174e-23, nan 
-135.625, 67.375, 2.091206838791374e-23, nan 
-135.375, 67.375, 2.6118074339026292e-23, nan 
-135.125, 67.375, 3.1280359832888906e-23, nan 
-134.875, 67.375, 3.639857762806492e-23, nan 
-134.625, 67.375, 2.5228205483465788e-23, nan 
-134.375, 67.375, 2.134667455749266e-23, nan 
-134.125, 67.375, 1.9785181578506596e-23, nan 
-133.875, 67.375, 3.348914880724121e-23, nan 
-133.625, 67.375, 3.076024892754054e-23, nan 
-133.375, 67.375, 3.365405668413842e-23, nan 
-133.125, 67.375, 4.181257736991128e-23, nan 
-132.875, 67.375, 4.201427380865777e-23, nan 
-132.625, 67.375, 3.3624646662200955e-23, nan 
-132.375, 67.375, 2.0297724477815647e-23, nan 
-132.125, 67.375, 2.405513597291055e-23, nan 
-131.875, 67.375, 2.516823231797812e-23, nan 
-131.625, 67.375, 2.1626708178436248e-23, nan 
-131.375, 67.375, 1.3732430475920373e-23, nan 
-131.125, 67.375, 2.1101910140703337e-23, nan 
-130.875, 67.375, 2.71864291324683e-23, nan 
-130.625, 67.375, 2.7922417096114196e-23, nan 
-130.375, 67.375, 2.9634993807326626e-23, nan 
-130.125, 67.375, 2.3697723771668993e-23, nan 
-129.875, 67.375, 2.4035664513130184e-23, nan 
-129.625, 67.375, 2.1110382383832693e-23, nan 
-129.375, 67.375, 1.66985203898861e-23, nan 
-129.125, 67.375, 1.430107394697448e-23, nan 
-128.875, 67.375, 8.86553474122475e-24, nan 
-128.625, 67.375, 1.1155973040523433e-23, nan 
-128.375, 67.375, 8.318271361577471e-24, nan 
-128.125, 67.375, 1.339311323548885e-23, nan 
-127.875, 67.375, 1.275592275293925e-23, nan 
-127.625, 67.375, 2.1905155396520144e-23, nan 
-127.375, 67.375, 9.49227320346041e-24, nan 
-127.125, 67.375, 1.4793897858052393e-23, nan 
-126.875, 67.375, 1.1544120308808491e-23, nan 
-126.625, 67.375, 1.290305669570368e-23, nan 
-126.375, 67.375, 1.760587084578184e-23, nan 
-126.125, 67.375, 6.66834365413635e-24, nan 
-125.875, 67.375, 1.0436282303142513e-23, nan 
-125.625, 67.375, 1.4674178575788072e-23, nan 
-125.375, 67.375, 1.2633438328325778e-23, nan 
-125.125, 67.375, 1.503995309463357e-23, nan 
-124.875, 67.375, 2.2466522222405176e-23, nan 
-124.625, 67.375, 1.3889234010106807e-23, nan 
-124.375, 67.375, 9.901137777565022e-24, nan 
-124.125, 67.375, 8.751008946468557e-24, nan 
-123.875, 67.375, 8.894884477726456e-24, nan 
-123.625, 67.375, 1.1063206215612899e-23, nan 
-123.375, 67.375, 7.424116256406297e-24, nan 
-123.125, 67.375, 7.788291412269662e-24, nan 
-122.875, 67.375, 8.458080850587735e-24, nan 
-122.625, 67.375, 1.9178127070007883e-23, nan 
-122.375, 67.375, 1.3005608379670338e-23, nan 
-122.125, 67.375, 8.15058687081044e-24, nan 
-121.875, 67.375, 7.895413012725836e-24, nan 
-121.625, 67.375, 7.953048954039551e-24, nan 
-121.375, 67.375, 1.7886339579462654e-23, nan 
-121.125, 67.375, 1.6335988815643884e-23, nan 
-120.875, 67.375, 1.0995207880081102e-23, nan 
-120.625, 67.375, 8.64363467220485e-24, nan 
-120.375, 67.375, 1.497756614526117e-23, nan 
92.375, 67.375, 2.1876370282341402e-23, nan 
92.625, 67.375, 1.4805276316927083e-23, nan 
92.875, 67.375, 1.3250550282076044e-23, nan 
93.125, 67.375, 1.3673634007175466e-23, nan 
93.375, 67.375, 5.400387795370035e-24, nan 
93.625, 67.375, 4.353002549445982e-24, nan 
93.875, 67.375, 4.721353471431579e-24, nan 
94.125, 67.375, 4.4951737843479526e-24, nan 
94.375, 67.375, 8.278212790756276e-24, nan 
94.625, 67.375, 8.639495800341934e-24, nan 
94.875, 67.375, 9.499469775978572e-24, nan 
95.125, 67.375, 7.219418412374773e-24, nan 
95.375, 67.375, 3.7781858363443445e-24, nan 
95.625, 67.375, 6.923861077359405e-24, nan 
95.875, 67.375, 1.2463521615573716e-23, nan 
96.125, 67.375, 1.3889091741344546e-23, nan 
96.375, 67.375, 1.5931188755539996e-23, nan 
96.625, 67.375, 1.8207481244931914e-23, nan 
96.875, 67.375, 2.169691981174739e-23, nan 
97.125, 67.375, 4.3794148025153524e-23, nan 
97.375, 67.375, 1.9734894855275766e-23, nan 
97.625, 67.375, 2.047863182410315e-23, nan 
97.875, 67.375, 3.21287644555588e-23, nan 
98.125, 67.375, 2.208879324178474e-23, nan 
98.375, 67.375, 2.0379316314579512e-23, nan 
98.625, 67.375, 1.1942186704018048e-23, nan 
98.875, 67.375, 1.3664745554473714e-23, nan 
99.125, 67.375, 1.4400500523476983e-23, nan 
99.375, 67.375, 7.489845381428633e-24, nan 
99.625, 67.375, 6.5563313571653645e-24, nan 
99.875, 67.375, 5.422940768164852e-24, nan 
100.125, 67.375, 8.020434206260836e-24, nan 
100.375, 67.375, 1.0546398878701828e-23, nan 
100.625, 67.375, 1.126556251631265e-23, nan 
100.875, 67.375, 6.261344466837986e-24, nan 
101.125, 67.375, 9.147692546868447e-24, nan 
101.375, 67.375, 3.82836479886224e-24, nan 
101.625, 67.375, 4.401756195145625e-24, nan 
101.875, 67.375, 8.294631992710536e-24, nan 
102.125, 67.375, 8.569763730017971e-24, nan 
102.375, 67.375, 1.1173813699337691e-23, nan 
102.625, 67.375, 1.0517945789793275e-23, nan 
102.875, 67.375, 8.241645728875277e-24, nan 
103.125, 67.375, 8.817506508098466e-24, nan 
103.375, 67.375, 6.638993856132844e-24, nan 
103.625, 67.375, 5.0608773178868015e-24, nan 
103.875, 67.375, 4.41212489180104e-24, nan 
104.125, 67.375, 6.369368725952117e-24, nan 
104.375, 67.375, 5.996394980773927e-24, nan 
104.625, 67.375, 6.071736383543951e-24, nan 
104.875, 67.375, 3.64273384389361e-24, nan 
105.125, 67.375, 4.402756435777658e-24, nan 
105.375, 67.375, 9.759593223099525e-24, nan 
105.625, 67.375, 1.2666409029274497e-23, nan 
105.875, 67.375, 1.1870463893844805e-23, nan 
106.125, 67.375, 1.1138197164319716e-23, nan 
106.375, 67.375, 1.7550497700168808e-23, nan 
106.625, 67.375, 1.1328292803051834e-23, nan 
106.875, 67.375, 3.647829450035587e-24, nan 
107.125, 67.375, 9.754204244152383e-24, nan 
107.375, 67.375, 9.789263140852392e-24, nan 
107.625, 67.375, 5.471063480224475e-24, nan 
107.875, 67.375, 4.565359557195861e-24, nan 
108.125, 67.375, 4.721097273644481e-24, nan 
108.375, 67.375, 5.9572653931728464e-24, nan 
108.625, 67.375, 3.9751103798456646e-24, nan 
108.875, 67.375, 7.700890386971082e-24, nan 
109.125, 67.375, 1.1270963472090648e-23, nan 
109.375, 67.375, 1.2952383316680311e-23, nan 
109.625, 67.375, 1.3656749568087548e-23, nan 
109.875, 67.375, 1.0953005137482863e-23, nan 
110.125, 67.375, 7.535830892344283e-24, nan 
110.375, 67.375, 1.0896170248356815e-23, nan 
110.625, 67.375, 1.209488018044658e-23, nan 
110.875, 67.375, 1.1623143774702636e-23, nan 
111.125, 67.375, 6.761652425573038e-24, nan 
111.375, 67.375, 9.383466590996704e-24, nan 
111.625, 67.375, 4.395449325021586e-24, nan 
111.875, 67.375, 7.347994467509625e-24, nan 
112.125, 67.375, 1.2599876637901582e-23, nan 
112.375, 67.375, 2.0789236061208996e-23, nan 
112.625, 67.375, 3.1756799935311557e-23, nan 
112.875, 67.375, 3.1002515817985334e-23, nan 
113.125, 67.375, 4.592047370948845e-23, nan 
113.375, 67.375, 1.0514852059089943e-22, nan 
113.625, 67.375, 1.5129695830109343e-22, nan 
113.875, 67.375, 6.016845466905299e-23, nan 
114.125, 67.375, 3.896372519194613e-23, nan 
114.375, 67.375, 4.513075349708162e-23, nan 
114.625, 67.375, 3.8395469594893246e-23, nan 
114.875, 67.375, 2.747547740910131e-23, nan 
115.125, 67.375, 1.1350470748688164e-23, nan 
115.375, 67.375, 5.6405041996051626e-24, nan 
115.625, 67.375, 8.501933644327807e-24, nan 
115.875, 67.375, 1.4161923130478563e-23, nan 
116.125, 67.375, 1.804934143257369e-23, nan 
116.375, 67.375, 1.7800146223331942e-23, nan 
116.625, 67.375, 2.353919597409025e-23, nan 
116.875, 67.375, 2.27328096502706e-23, nan 
117.125, 67.375, 1.0838765811532961e-23, nan 
117.375, 67.375, 1.048598994963056e-23, nan 
117.625, 67.375, 1.4432629841608445e-23, nan 
117.875, 67.375, 1.341202255610446e-23, nan 
118.125, 67.375, 2.4163649963404046e-23, nan 
118.375, 67.375, 2.2390347801121773e-23, nan 
118.625, 67.375, 2.4659125892192987e-23, nan 
118.875, 67.375, 1.0403939704881483e-23, nan 
119.125, 67.375, 1.4809883990594374e-23, nan 
119.375, 67.375, 2.9170094285994556e-23, nan 
119.625, 67.375, 2.309829214926374e-23, nan 
119.875, 67.375, 2.4101346230948374e-23, nan 
120.125, 67.375, 5.011060792049784e-23, nan 
120.375, 67.375, 4.200325346815018e-23, nan 
120.625, 67.375, 3.1776701909432024e-23, nan 
120.875, 67.375, 3.554971902487501e-23, nan 
121.125, 67.375, 3.969956828632061e-23, nan 
121.375, 67.375, 2.630087900717824e-23, nan 
121.625, 67.375, 2.831053544077463e-23, nan 
121.875, 67.375, 3.186393359433349e-23, nan 
122.125, 67.375, 2.3391108849275008e-23, nan 
122.375, 67.375, 1.3316760993202282e-23, nan 
122.625, 67.375, 9.025187775237385e-24, nan 
122.875, 67.375, 2.6344130966735324e-23, nan 
123.125, 67.375, 2.4826081548043964e-23, nan 
123.375, 67.375, 1.83475811769218e-23, nan 
123.625, 67.375, 2.3955683322740476e-23, nan 
123.875, 67.375, 2.6173532452987103e-23, nan 
124.125, 67.375, 3.482879066878766e-23, nan 
124.375, 67.375, 3.225153505979673e-23, nan 
124.625, 67.375, 4.6943404700208335e-23, nan 
124.875, 67.375, 2.8752618299631265e-23, nan 
125.125, 67.375, 3.454604952287346e-23, nan 
125.375, 67.375, 2.7752353400783296e-23, nan 
125.625, 67.375, 3.819408030254281e-23, nan 
125.875, 67.375, 2.0507694920220518e-23, nan 
126.125, 67.375, 3.670745660178114e-23, nan 
126.375, 67.375, 2.297073454947671e-23, nan 
126.625, 67.375, 2.0604855746122868e-23, nan 
126.875, 67.375, 3.279596866458621e-23, nan 
127.125, 67.375, 2.471568495158427e-23, nan 
127.375, 67.375, 1.6149274079677542e-23, nan 
127.625, 67.375, 2.5169306030840117e-23, nan 
127.875, 67.375, 3.173666912003151e-23, nan 
128.125, 67.375, 3.598661658744218e-23, nan 
128.375, 67.375, 4.002364867718761e-23, nan 
128.625, 67.375, 4.333242747187464e-23, nan 
128.875, 67.375, 4.9723459625450516e-23, nan 
129.125, 67.375, 2.4050644150851225e-23, nan 
129.375, 67.375, 2.920494979371129e-23, nan 
129.625, 67.375, 4.0018495147291895e-23, nan 
129.875, 67.375, 4.1431129192117753e-23, nan 
130.125, 67.375, 4.1593960437411147e-23, nan 
130.375, 67.375, 5.66010121659389e-23, nan 
130.625, 67.375, 4.2873280982138006e-23, nan 
130.875, 67.375, 6.520879105078572e-23, nan 
131.125, 67.375, 2.8234847643283404e-23, nan 
131.375, 67.375, 1.4829117403716801e-23, nan 
131.625, 67.375, 1.4404877468507534e-23, nan 
131.875, 67.375, 1.707255024014598e-23, nan 
132.125, 67.375, 1.906212004324789e-23, nan 
132.375, 67.375, 2.6022150067693814e-23, nan 
132.625, 67.375, 2.345219145001202e-23, nan 
132.875, 67.375, 1.3751275761517943e-23, nan 
133.125, 67.375, 2.9166995317992194e-23, nan 
133.375, 67.375, 2.689325121004547e-23, nan 
133.625, 67.375, 4.623794118283065e-23, nan 
133.875, 67.375, 6.42699512388008e-23, nan 
134.125, 67.375, 3.344071717258379e-23, nan 
134.375, 67.375, 3.61811771332672e-23, nan 
134.625, 67.375, 5.339703148439945e-23, nan 
134.875, 67.375, 5.67844540646707e-23, nan 
135.125, 67.375, 3.717856135735095e-23, nan 
135.375, 67.375, 4.0462235535261457e-23, nan 
135.625, 67.375, 5.171496895513695e-23, nan 
135.875, 67.375, 5.442952323566793e-23, nan 
136.125, 67.375, 3.2728402716126386e-23, nan 
136.375, 67.375, 2.0621989926251407e-23, nan 
136.625, 67.375, 5.343244199767286e-23, nan 
136.875, 67.375, 9.236869999598065e-23, nan 
137.125, 67.375, 8.726712174486966e-23, nan 
137.375, 67.375, 6.88025479723467e-23, nan 
137.625, 67.375, 2.0509865906276623e-22, nan 
137.875, 67.375, 1.5354317025680823e-22, nan 
138.125, 67.375, 1.072565433371287e-22, nan 
138.375, 67.375, 1.677000654245427e-22, nan 
138.625, 67.375, 1.2463950952480915e-22, nan 
138.875, 67.375, 8.619614964985111e-23, nan 
139.125, 67.375, 7.385968934741506e-23, nan 
139.375, 67.375, 1.0394686023905472e-22, nan 
139.625, 67.375, 1.384671113973843e-22, nan 
139.875, 67.375, 8.060494637031906e-23, nan 
140.125, 67.375, 1.7364169354791017e-22, nan 
140.375, 67.375, 1.4591260206226546e-22, nan 
140.625, 67.375, 1.7221452346677408e-22, nan 
140.875, 67.375, 2.0835279471476672e-22, nan 
141.125, 67.375, 2.1400802385045047e-22, nan 
141.375, 67.375, 1.6553111584300313e-22, nan 
141.625, 67.375, 7.416062248045806e-23, nan 
141.875, 67.375, 1.4022446261707618e-22, nan 
142.125, 67.375, 2.3590381593913685e-22, nan 
142.375, 67.375, 2.574272378747375e-22, nan 
142.625, 67.375, 2.1182574803648732e-22, nan 
142.875, 67.375, 1.930323767350934e-22, nan 
143.125, 67.375, 2.6870234468086846e-22, nan 
143.375, 67.375, 1.937161162840526e-22, nan 
143.625, 67.375, 1.8899528874321007e-22, nan 
143.875, 67.375, 1.2807579298191748e-22, nan 
144.125, 67.375, 8.795117791484656e-23, nan 
144.375, 67.375, 1.762699651519623e-22, nan 
144.625, 67.375, 2.30558956750039e-22, nan 
144.875, 67.375, 3.2919675314717825e-22, nan 
145.125, 67.375, 2.943918466537153e-22, nan 
145.375, 67.375, 3.531294102021577e-22, nan 
145.625, 67.375, 2.8832232775752325e-22, nan 
145.875, 67.375, 1.9569453227685314e-22, nan 
146.125, 67.375, 3.9238919946201304e-22, nan 
146.375, 67.375, 5.911293839098537e-22, nan 
146.625, 67.375, 5.886435788238273e-22, nan 
146.875, 67.375, 3.8645430607237898e-22, nan 
147.125, 67.375, 4.675078010124e-22, nan 
147.375, 67.375, 5.3782121322845e-22, nan 
147.625, 67.375, 2.2940915997995183e-22, nan 
147.875, 67.375, 1.854475939059705e-22, nan 
148.125, 67.375, 3.461066180838712e-22, nan 
148.375, 67.375, 2.2367487148575843e-22, nan 
148.625, 67.375, 2.289620377671987e-22, nan 
148.875, 67.375, 1.3496777247902552e-22, nan 
149.125, 67.375, 1.9087619588582948e-22, nan 
149.375, 67.375, 4.375917173662763e-22, nan 
149.625, 67.375, 3.247544980654055e-22, nan 
149.875, 67.375, 7.996853573872073e-22, nan 
150.125, 67.375, 5.861372494739495e-22, nan 
150.375, 67.375, 6.065118965134577e-22, nan 
150.625, 67.375, 7.342976331029751e-22, nan 
150.875, 67.375, 8.376850260178e-22, nan 
151.125, 67.375, 6.528992757044352e-22, nan 
151.375, 67.375, 1.1124930368150419e-21, nan 
151.625, 67.375, 1.5511628445614004e-21, nan 
151.875, 67.375, 4.2304166904004503e-22, nan 
152.125, 67.375, 7.9819368381853115e-22, nan 
152.375, 67.375, 1.0467582774058558e-21, nan 
152.625, 67.375, 1.0484945066554587e-21, nan 
152.875, 67.375, 8.613730971714135e-22, nan 
153.125, 67.375, 1.4856474759780057e-21, nan 
153.375, 67.375, 8.253960759794712e-22, nan 
153.625, 67.375, 7.549376550217768e-22, nan 
153.875, 67.375, 1.2067581964743382e-21, nan 
154.125, 67.375, 1.6584974474663254e-21, nan 
154.375, 67.375, 1.765391532818167e-21, nan 
154.625, 67.375, 1.6626405014396966e-21, nan 
154.875, 67.375, 1.608056317165555e-21, nan 
155.125, 67.375, 1.7495146805922182e-21, nan 
155.375, 67.375, 1.7392642556197482e-21, nan 
155.625, 67.375, 1.5706266290056936e-21, nan 
155.875, 67.375, 1.5485737648128214e-21, nan 
156.125, 67.375, 1.294622849845473e-21, nan 
156.375, 67.375, 1.6794924071908059e-21, nan 
156.625, 67.375, 2.7755155280265304e-21, nan 
156.875, 67.375, 4.0147625199895915e-21, nan 
157.125, 67.375, 3.506252166554326e-21, nan 
157.375, 67.375, 4.303959194112418e-21, nan 
157.625, 67.375, 4.6143444344656906e-21, nan 
157.875, 67.375, 4.045827268521793e-21, nan 
158.125, 67.375, 3.1783002483715807e-21, nan 
158.375, 67.375, 1.2435760132138256e-21, nan 
158.625, 67.375, 2.39155112985179e-21, nan 
158.875, 67.375, 3.830944714106041e-21, nan 
159.125, 67.375, 5.026205773410008e-21, nan 
159.375, 67.375, 3.5176361983638574e-21, nan 
159.625, 67.375, 5.161020717686931e-21, nan 
159.875, 67.375, 5.78106485495122e-21, nan 
160.125, 67.375, 2.3965334881081122e-21, nan 
160.375, 67.375, 5.8518066854947605e-21, nan 
160.625, 67.375, 2.7784808309834155e-21, nan 
160.875, 67.375, 1.4990496622860363e-21, nan 
161.125, 67.375, 3.86186154753339e-21, nan 
161.375, 67.375, 2.3273790363445985e-21, nan 
161.625, 67.375, 3.583691069422955e-21, nan 
161.875, 67.375, 7.513174350293983e-21, nan 
162.125, 67.375, 1.2642637517689372e-20, nan 
162.375, 67.375, 1.3600864469944912e-20, nan 
162.625, 67.375, 1.3101552935174373e-20, nan 
162.875, 67.375, 1.95195108453779e-20, nan 
163.125, 67.375, 2.2637268370111137e-20, nan 
163.375, 67.375, 2.0991264819509943e-20, nan 
163.625, 67.375, 3.319774443757216e-20, nan 
163.875, 67.375, 3.225042355129858e-20, nan 
164.125, 67.375, 2.482298315980031e-20, nan 
164.375, 67.375, 2.6927129398794214e-20, nan 
164.625, 67.375, 2.339412284778497e-20, nan 
164.875, 67.375, 1.609277026283282e-20, nan 
165.125, 67.375, 8.247917419053115e-21, nan 
165.375, 67.375, 7.154655289187134e-21, nan 
165.625, 67.375, 8.646924683020704e-21, nan 
165.875, 67.375, 1.2208992074937166e-20, nan 
166.125, 67.375, 9.526903095516843e-21, nan 
166.375, 67.375, 1.4060739944850474e-20, nan 
166.625, 67.375, 1.102626018984981e-20, nan 
166.875, 67.375, 1.5232145979251762e-20, nan 
167.125, 67.375, 1.9360376940237342e-20, nan 
167.375, 67.375, 2.22089785945318e-20, nan 
167.625, 67.375, 2.2736096494135775e-20, nan 
167.875, 67.375, 2.8024164504879334e-20, nan 
168.125, 67.375, 2.5726683682555998e-20, nan 
168.375, 67.375, 1.808183098529718e-20, nan 
168.625, 67.375, 2.0460557960744887e-20, nan 
168.875, 67.375, 1.2446057886059456e-20, nan 
169.125, 67.375, 1.1761062530871133e-20, nan 
169.375, 67.375, 1.355435201802519e-20, nan 
169.625, 67.375, 9.415890228371391e-21, nan 
169.875, 67.375, 7.323751946733097e-21, nan 
170.125, 67.375, 8.673763996386417e-21, nan 
170.375, 67.375, 6.600989352245638e-21, nan 
170.625, 67.375, 8.486340985057759e-21, nan 
170.875, 67.375, 8.176003354822875e-21, nan 
171.125, 67.375, 7.544223516838934e-21, nan 
171.375, 67.375, 8.683302362736236e-21, nan 
171.625, 67.375, 1.38915232872398e-20, nan 
171.875, 67.375, 9.833860264523509e-21, nan 
172.125, 67.375, 7.288467706826892e-21, nan 
172.375, 67.375, 2.0552710650046614e-20, nan 
172.625, 67.375, 1.7419759890551542e-20, nan 
172.875, 67.375, 8.304673469363553e-21, nan 
173.125, 67.375, 1.5231100577896528e-20, nan 
173.375, 67.375, 1.0552999465046794e-20, nan 
173.625, 67.375, 6.348873226778454e-21, nan 
173.875, 67.375, 6.438321535344651e-21, nan 
174.125, 67.375, 6.78294688955198e-21, nan 
174.375, 67.375, 5.4868885209935916e-21, nan 
174.625, 67.375, 4.492203114578203e-21, nan 
174.875, 67.375, 3.1948455451583767e-21, nan 
175.125, 67.375, 2.84004655500644e-21, nan 
175.375, 67.375, 1.988448915761869e-21, nan 
175.625, 67.375, 1.329195413472324e-21, nan 
175.875, 67.375, 2.2366555802518868e-21, nan 
176.125, 67.375, 1.2273934007176203e-21, nan 
176.375, 67.375, 1.7447012255864814e-21, nan 
176.625, 67.375, 2.049469752322915e-21, nan 
176.875, 67.375, 1.4584600021688065e-21, nan 
177.125, 67.375, 1.929088832043527e-21, nan 
177.375, 67.375, 1.2618365064451928e-21, nan 
177.625, 67.375, 1.2697007736797104e-21, nan 
177.875, 67.375, 1.1447701970917438e-21, nan 
178.125, 67.375, 1.3415825016955141e-21, nan 
178.375, 67.375, 6.901581803960275e-22, nan 
178.625, 67.375, 8.472779311953292e-22, nan 
178.875, 67.375, 5.939182239963037e-22, nan 
179.125, 67.375, 4.492090788860391e-22, nan 
179.375, 67.375, 3.7421112534698957e-22, nan 
179.625, 67.375, 4.70052431908205e-22, nan 
179.875, 67.375, 5.918220034066359e-22, nan 
-179.875, 67.625, 8.029545560551492e-22, nan 
-179.625, 67.625, 5.995628042864737e-22, nan 
-179.375, 67.625, 5.330137757407725e-22, nan 
-179.125, 67.625, 5.255574247529106e-22, nan 
-178.875, 67.625, 2.4333814411212077e-22, nan 
-178.625, 67.625, 3.4651417413577634e-22, nan 
-178.375, 67.625, 6.87492895315401e-22, nan 
-178.125, 67.625, 5.041594721915186e-22, nan 
-177.875, 67.625, 3.563120548486705e-22, nan 
-177.625, 67.625, 6.537122952598141e-22, nan 
-177.375, 67.625, 4.911535456687667e-22, nan 
-177.125, 67.625, 4.0996126763336744e-22, nan 
-176.875, 67.625, 4.796333519653634e-22, nan 
-176.625, 67.625, 5.658730190865625e-22, nan 
-176.375, 67.625, 5.485256426904808e-22, nan 
-176.125, 67.625, 4.542975141212236e-22, nan 
-175.875, 67.625, 5.499273441994626e-22, nan 
-175.625, 67.625, 4.752114336917143e-22, nan 
-175.375, 67.625, 3.379137709838317e-22, nan 
-175.125, 67.625, 3.719796335367302e-22, nan 
-174.875, 67.625, 4.460720357926052e-22, nan 
-174.625, 67.625, 4.175726823198837e-22, nan 
-174.375, 67.625, 4.594175548049738e-22, nan 
-174.125, 67.625, 3.5151273876223e-22, nan 
-173.875, 67.625, 3.359506551754421e-22, nan 
-173.625, 67.625, 4.0544808229727e-22, nan 
-173.375, 67.625, 1.416255242145441e-22, nan 
-173.125, 67.625, 2.259331816813582e-22, nan 
-172.875, 67.625, 2.3923686644005417e-22, nan 
-172.625, 67.625, 2.887317965335897e-22, nan 
-172.375, 67.625, 2.751730283636307e-22, nan 
-172.125, 67.625, 1.7305851282087373e-22, nan 
-171.875, 67.625, 2.342590772365119e-22, nan 
-171.625, 67.625, 3.9638043883490814e-22, nan 
-171.375, 67.625, 3.076901620632263e-22, nan 
-171.125, 67.625, 4.166087785700762e-22, nan 
-170.875, 67.625, 4.1547012165031203e-22, nan 
-170.625, 67.625, 2.795625251648524e-22, nan 
-170.375, 67.625, 3.5364656089115694e-22, nan 
-170.125, 67.625, 3.1404835801666056e-22, nan 
-169.875, 67.625, 3.6720827603798095e-22, nan 
-169.625, 67.625, 3.071294860547594e-22, nan 
-169.375, 67.625, 3.9157548575752494e-22, nan 
-169.125, 67.625, 2.3476776668987883e-22, nan 
-168.875, 67.625, 2.577546967499385e-22, nan 
-168.625, 67.625, 4.1279593106756507e-22, nan 
-168.375, 67.625, 2.549556216560583e-22, nan 
-168.125, 67.625, 2.405333644621562e-22, nan 
-167.875, 67.625, 5.009099275126337e-22, nan 
-167.625, 67.625, 1.0808566081878137e-22, nan 
-167.375, 67.625, 2.228892284178738e-22, nan 
-167.125, 67.625, 3.765746183738716e-22, nan 
-166.875, 67.625, 2.0073092528775327e-22, nan 
-166.625, 67.625, 1.9279931886367419e-22, nan 
-166.375, 67.625, 8.96024459903358e-23, nan 
-166.125, 67.625, 2.1054584272199639e-22, nan 
-165.875, 67.625, 1.768921740072391e-22, nan 
-165.625, 67.625, 1.4885812903693223e-22, nan 
-165.375, 67.625, 1.747222853634941e-22, nan 
-165.125, 67.625, 1.661285123915352e-22, nan 
-164.875, 67.625, 2.0436582945984926e-22, nan 
-164.625, 67.625, 1.2191267271679808e-22, nan 
-164.375, 67.625, 2.0351081347380807e-22, nan 
-164.125, 67.625, 1.2964847615163406e-22, nan 
-163.875, 67.625, 8.496750286379879e-23, nan 
-163.625, 67.625, 9.873983038164711e-23, nan 
-163.375, 67.625, 6.215602899423444e-23, nan 
-163.125, 67.625, 4.998146061203732e-23, nan 
-162.875, 67.625, 5.513026857240177e-23, nan 
-162.625, 67.625, 1.1630089458952242e-22, nan 
-162.375, 67.625, 9.394272069715417e-23, nan 
-162.125, 67.625, 7.16778798426068e-23, nan 
-161.875, 67.625, 8.745492823845999e-23, nan 
-161.625, 67.625, 9.536674221714786e-23, nan 
-161.375, 67.625, 5.940140711713095e-23, nan 
-161.125, 67.625, 8.231237214254441e-23, nan 
-160.875, 67.625, 9.894584926190348e-23, nan 
-160.625, 67.625, 1.3198903012833856e-22, nan 
-160.375, 67.625, 1.1401272405663647e-22, nan 
-160.125, 67.625, 5.999475270764845e-23, nan 
-159.875, 67.625, 4.571754736608196e-23, nan 
-159.625, 67.625, 7.175645887413681e-23, nan 
-159.375, 67.625, 7.779866105270835e-23, nan 
-159.125, 67.625, 5.905624851644575e-23, nan 
-158.875, 67.625, 4.945359766006126e-23, nan 
-158.625, 67.625, 4.9673581414625165e-23, nan 
-158.375, 67.625, 5.915640698933407e-23, nan 
-158.125, 67.625, 9.869042728661567e-23, nan 
-157.875, 67.625, 1.3508680499724252e-22, nan 
-157.625, 67.625, 8.953451368290276e-23, nan 
-157.375, 67.625, 9.925958575203471e-23, nan 
-157.125, 67.625, 9.188645261802443e-23, nan 
-156.875, 67.625, 6.792023597864512e-23, nan 
-156.625, 67.625, 9.753987778452891e-23, nan 
-156.375, 67.625, 9.842928800632246e-23, nan 
-156.125, 67.625, 1.2916729218012276e-22, nan 
-155.875, 67.625, 7.59721199212417e-23, nan 
-155.625, 67.625, 4.339694647041366e-23, nan 
-155.375, 67.625, 6.978664441640395e-23, nan 
-155.125, 67.625, 8.163707982689948e-23, nan 
-154.875, 67.625, 4.031434448545423e-23, nan 
-154.625, 67.625, 4.156881635786048e-23, nan 
-154.375, 67.625, 8.861284545463464e-23, nan 
-154.125, 67.625, 1.0437774406193019e-22, nan 
-153.875, 67.625, 9.847150712966842e-23, nan 
-153.625, 67.625, 1.510251964273282e-22, nan 
-153.375, 67.625, 1.501048973828208e-22, nan 
-153.125, 67.625, 4.1835367197608404e-23, nan 
-152.875, 67.625, 6.386577619712808e-23, nan 
-152.625, 67.625, 7.935708590134017e-23, nan 
-152.375, 67.625, 5.327498389555143e-23, nan 
-152.125, 67.625, 5.703331661387107e-23, nan 
-151.875, 67.625, 3.189011825579809e-23, nan 
-151.625, 67.625, 3.7557493839113307e-23, nan 
-151.375, 67.625, 5.755948212593473e-23, nan 
-151.125, 67.625, 2.8071642518332045e-23, nan 
-150.875, 67.625, 2.741449778672744e-23, nan 
-150.625, 67.625, 3.202221160418778e-23, nan 
-150.375, 67.625, 3.039854272066262e-23, nan 
-150.125, 67.625, 3.053793378875944e-23, nan 
-149.875, 67.625, 5.750419056928407e-23, nan 
-149.625, 67.625, 5.406822983377764e-23, nan 
-149.375, 67.625, 4.867414948990367e-23, nan 
-149.125, 67.625, 6.310147403611905e-23, nan 
-148.875, 67.625, 6.22210061847992e-23, nan 
-148.625, 67.625, 6.379441319305088e-23, nan 
-148.375, 67.625, 6.661308159709922e-23, nan 
-148.125, 67.625, 5.0817856837596977e-23, nan 
-147.875, 67.625, 5.1821558924621434e-23, nan 
-147.625, 67.625, 4.510953658607318e-23, nan 
-147.375, 67.625, 2.167660602464845e-23, nan 
-147.125, 67.625, 1.5566011742244354e-23, nan 
-146.875, 67.625, 3.041841715234067e-23, nan 
-146.625, 67.625, 4.140028947526976e-23, nan 
-146.375, 67.625, 4.3431902472938996e-23, nan 
-146.125, 67.625, 6.02086167660045e-23, nan 
-145.875, 67.625, 4.3713562703073267e-23, nan 
-145.625, 67.625, 4.299114830091176e-23, nan 
-145.375, 67.625, 3.0720364110068087e-23, nan 
-145.125, 67.625, 2.8593855359985544e-23, nan 
-144.875, 67.625, 3.4709476665384764e-23, nan 
-144.625, 67.625, 3.920737964189372e-23, nan 
-144.375, 67.625, 4.2008654212347044e-23, nan 
-144.125, 67.625, 1.6220613171413336e-23, nan 
-143.875, 67.625, 2.029567429051183e-23, nan 
-143.625, 67.625, 1.2988177813122932e-23, nan 
-143.375, 67.625, 8.985523943190274e-24, nan 
-143.125, 67.625, 2.671996568141638e-23, nan 
-142.875, 67.625, 1.8154608801504256e-23, nan 
-142.625, 67.625, 1.5353997515030644e-23, nan 
-142.375, 67.625, 8.321808292385882e-24, nan 
-142.125, 67.625, 2.3710941656340034e-23, nan 
-141.875, 67.625, 2.1856562382743095e-23, nan 
-141.625, 67.625, 6.755623478990577e-24, nan 
-141.375, 67.625, 4.794326395884993e-24, nan 
-141.125, 67.625, 1.0560506745804533e-23, nan 
-140.875, 67.625, 1.0146969746534883e-23, nan 
-140.625, 67.625, 1.373750687466233e-23, nan 
-140.375, 67.625, 2.6939915123096064e-23, nan 
-140.125, 67.625, 3.3886051659387544e-23, nan 
-139.875, 67.625, 3.112574005677952e-23, nan 
-139.625, 67.625, 4.185986996027901e-23, nan 
-139.375, 67.625, 3.7056643293812216e-23, nan 
-139.125, 67.625, 2.8148125553545653e-23, nan 
-138.875, 67.625, 4.1849371289249206e-23, nan 
-138.625, 67.625, 4.645574950237839e-23, nan 
-138.375, 67.625, 4.176988695345902e-23, nan 
-138.125, 67.625, 3.9468793301674834e-23, nan 
-137.875, 67.625, 3.5193960794791634e-23, nan 
-137.625, 67.625, 3.6837711351831016e-23, nan 
-137.375, 67.625, 5.0328609006994356e-23, nan 
-137.125, 67.625, 4.259195337481548e-23, nan 
-136.875, 67.625, 2.6749893810923167e-23, nan 
-136.625, 67.625, 2.686264213257679e-23, nan 
-136.375, 67.625, 2.6427984798765885e-23, nan 
-136.125, 67.625, 2.648405977725463e-23, nan 
-135.875, 67.625, 2.426696505766872e-23, nan 
-135.625, 67.625, 2.461635711746979e-23, nan 
-135.375, 67.625, 2.9540679334212423e-23, nan 
-135.125, 67.625, 3.35588078780954e-23, nan 
-134.875, 67.625, 3.987569186488369e-23, nan 
-134.625, 67.625, 2.373243440979685e-23, nan 
-134.375, 67.625, 2.030481026557332e-23, nan 
-134.125, 67.625, 2.8624355117169834e-23, nan 
-133.875, 67.625, 2.4959060541184865e-23, nan 
-133.625, 67.625, 2.1805888724469652e-23, nan 
-133.375, 67.625, 1.8859166646492158e-23, nan 
-133.125, 67.625, 4.144541541771483e-23, nan 
-132.875, 67.625, 3.9427222359929414e-23, nan 
-132.625, 67.625, 3.3144768827557575e-23, nan 
-132.375, 67.625, 2.922943213877395e-23, nan 
-132.125, 67.625, 2.3379719801480503e-23, nan 
-131.875, 67.625, 2.1157628799153917e-23, nan 
-131.625, 67.625, 2.364163818812781e-23, nan 
-131.375, 67.625, 3.055516729226714e-23, nan 
-131.125, 67.625, 2.4368745625797673e-23, nan 
-130.875, 67.625, 3.0456451357555685e-23, nan 
-130.625, 67.625, 3.4134883642692965e-23, nan 
-130.375, 67.625, 3.1925384838199377e-23, nan 
-130.125, 67.625, 3.1814448432162943e-23, nan 
-129.875, 67.625, 3.266474578234948e-23, nan 
-129.625, 67.625, 3.493492912978177e-23, nan 
-129.375, 67.625, 2.579504935097434e-23, nan 
-129.125, 67.625, 2.2345051542659712e-23, nan 
-128.875, 67.625, 2.1748570823009576e-23, nan 
-128.625, 67.625, 2.0907131770628476e-23, nan 
-128.375, 67.625, 2.14821916005676e-23, nan 
-128.125, 67.625, 4.748299576208584e-24, nan 
-127.875, 67.625, 1.8332199571569375e-23, nan 
-127.625, 67.625, 3.413358223007685e-23, nan 
-127.375, 67.625, 2.3642879779650297e-23, nan 
-127.125, 67.625, 2.169906891168169e-23, nan 
-126.875, 67.625, 4.8704179368746783e-23, nan 
-126.625, 67.625, 5.320047637574572e-23, nan 
-126.375, 67.625, 4.241273341355322e-23, nan 
-126.125, 67.625, 1.3016761424361365e-23, nan 
-125.875, 67.625, 2.137540255723633e-23, nan 
-125.625, 67.625, 2.0984489468840082e-23, nan 
-125.375, 67.625, 1.0649338608044901e-23, nan 
-125.125, 67.625, 1.3133428771750831e-23, nan 
-124.875, 67.625, 1.5402777727324358e-23, nan 
-124.625, 67.625, 1.2759593901158627e-23, nan 
-124.375, 67.625, 1.0301064873058822e-23, nan 
-124.125, 67.625, 1.0159687622711545e-23, nan 
-123.875, 67.625, 1.1131278234728588e-23, nan 
-123.625, 67.625, 1.3425377888752628e-23, nan 
-123.375, 67.625, 5.62862240472325e-24, nan 
-123.125, 67.625, 1.0043892193295258e-23, nan 
-122.875, 67.625, 7.864477018487222e-24, nan 
-122.625, 67.625, 1.5307187648682054e-23, nan 
-122.375, 67.625, 1.5506513153228553e-23, nan 
-122.125, 67.625, 7.571084722900694e-24, nan 
-121.875, 67.625, 1.0826964190700727e-23, nan 
-121.625, 67.625, 1.5971895413259943e-23, nan 
-121.375, 67.625, 1.6742666463472995e-23, nan 
-121.125, 67.625, 1.912581358601758e-23, nan 
-120.875, 67.625, 1.8378699477461738e-23, nan 
-120.625, 67.625, 6.912011129981817e-24, nan 
-120.375, 67.625, 1.0443764440854526e-23, nan 
-120.125, 67.625, 1.2833804221112844e-23, nan 
92.125, 67.625, 4.402917223044567e-23, nan 
92.375, 67.625, 4.631339104008839e-23, nan 
92.625, 67.625, 1.9179165015088815e-22, nan 
92.875, 67.625, 2.132944909520402e-22, nan 
93.125, 67.625, 1.5005399930612255e-22, nan 
93.375, 67.625, 3.7994198220356877e-23, nan 
93.625, 67.625, 1.6087538778360257e-23, nan 
93.875, 67.625, 1.1430176681320107e-23, nan 
94.125, 67.625, 1.725955686101551e-23, nan 
94.375, 67.625, 1.6300197315715682e-23, nan 
94.625, 67.625, 1.3656952990327135e-23, nan 
94.875, 67.625, 1.188218077792599e-23, nan 
95.125, 67.625, 8.442016378734068e-24, nan 
95.375, 67.625, 7.773557872926042e-24, nan 
95.625, 67.625, 8.406276712424629e-24, nan 
95.875, 67.625, 7.274971260024868e-24, nan 
96.125, 67.625, 5.068553101466152e-24, nan 
96.375, 67.625, 7.720964687015392e-24, nan 
96.625, 67.625, 1.6099303462443755e-23, nan 
96.875, 67.625, 1.802391768457924e-23, nan 
97.125, 67.625, 2.4408514269173755e-23, nan 
97.375, 67.625, 1.635652008125472e-23, nan 
97.625, 67.625, 1.8923190960446236e-23, nan 
97.875, 67.625, 1.6661749916711895e-23, nan 
98.125, 67.625, 1.8128236511165806e-23, nan 
98.375, 67.625, 1.4182270647277645e-23, nan 
98.625, 67.625, 4.2209915524537834e-24, nan 
98.875, 67.625, 6.168351950858895e-24, nan 
99.125, 67.625, 2.456330224233855e-24, nan 
99.375, 67.625, 3.379848432707146e-24, nan 
99.625, 67.625, 3.494474446955216e-24, nan 
99.875, 67.625, 3.3620264381869476e-24, nan 
100.125, 67.625, 7.429405599137884e-24, nan 
100.375, 67.625, 8.689958201175734e-24, nan 
100.625, 67.625, 7.965145497205086e-24, nan 
100.875, 67.625, 6.36210583987078e-24, nan 
101.125, 67.625, 1.0504466850488675e-23, nan 
101.375, 67.625, 7.822810289374951e-24, nan 
101.625, 67.625, 3.438112399359722e-24, nan 
101.875, 67.625, 7.851250671525489e-24, nan 
102.125, 67.625, 1.3599537698075796e-23, nan 
102.375, 67.625, 1.1934057904103351e-23, nan 
102.625, 67.625, 8.802774403704957e-24, nan 
102.875, 67.625, 1.2180973561171329e-23, nan 
103.125, 67.625, 1.448358047067791e-23, nan 
103.375, 67.625, 8.796474551735622e-24, nan 
103.625, 67.625, 1.3731961282233052e-23, nan 
103.875, 67.625, 1.424155318746925e-23, nan 
104.125, 67.625, 1.0699903544343042e-23, nan 
104.375, 67.625, 8.854758410379145e-24, nan 
104.625, 67.625, 5.94746755328499e-24, nan 
104.875, 67.625, 6.467157407313283e-24, nan 
105.125, 67.625, 8.094435514138223e-24, nan 
105.375, 67.625, 9.766337351147834e-24, nan 
105.625, 67.625, 1.1574277914310121e-23, nan 
105.875, 67.625, 1.2314302314594384e-23, nan 
106.125, 67.625, 7.062206358811335e-24, nan 
106.375, 67.625, 9.587542339993313e-24, nan 
106.625, 67.625, 1.0676094354950033e-23, nan 
106.875, 67.625, 6.1455814350317706e-24, nan 
107.125, 67.625, 1.0488853820099068e-23, nan 
107.375, 67.625, 8.614870312175347e-24, nan 
107.625, 67.625, 3.92274475680833e-24, nan 
107.875, 67.625, 5.774638826038169e-24, nan 
108.125, 67.625, 4.346074466982415e-24, nan 
108.375, 67.625, 8.123594082398147e-24, nan 
108.625, 67.625, 6.796995384614144e-24, nan 
108.875, 67.625, 7.029672339907338e-24, nan 
109.125, 67.625, 9.890517086322846e-24, nan 
109.375, 67.625, 1.5905274054376806e-23, nan 
109.625, 67.625, 1.0042527743145344e-23, nan 
109.875, 67.625, 8.526876241827116e-24, nan 
110.125, 67.625, 1.3784107795736673e-23, nan 
110.375, 67.625, 1.3430167484252734e-23, nan 
110.625, 67.625, 1.0917820783489414e-23, nan 
110.875, 67.625, 9.914360245599e-24, nan 
111.125, 67.625, 1.163354980778189e-23, nan 
111.375, 67.625, 1.1703347424149438e-23, nan 
111.625, 67.625, 5.3790928361209776e-24, nan 
111.875, 67.625, 9.401172113505838e-24, nan 
112.125, 67.625, 9.510977188863539e-24, nan 
112.375, 67.625, 1.0199784953626621e-24, nan 
112.625, 67.625, 1.1751699178446976e-23, nan 
112.875, 67.625, 1.5923189683115878e-23, nan 
113.125, 67.625, 2.360682655810788e-23, nan 
113.375, 67.625, 4.329848809007156e-23, nan 
113.625, 67.625, 4.976821896358618e-23, nan 
113.875, 67.625, 3.688739621766535e-23, nan 
114.125, 67.625, 2.2668672047502632e-23, nan 
114.375, 67.625, 4.782627150509567e-24, nan 
114.625, 67.625, 6.275298966680027e-24, nan 
114.875, 67.625, 8.467405157639413e-24, nan 
115.125, 67.625, 1.0163927001075676e-23, nan 
115.375, 67.625, 1.976452428755695e-23, nan 
115.625, 67.625, 2.30931078479492e-23, nan 
115.875, 67.625, 2.980243366438025e-23, nan 
116.125, 67.625, 2.28243569006892e-23, nan 
116.375, 67.625, 1.8341326975826086e-23, nan 
116.625, 67.625, 2.787490476073107e-23, nan 
116.875, 67.625, 1.1637358374279417e-23, nan 
117.125, 67.625, 1.6043344794146323e-23, nan 
117.375, 67.625, 2.2627463116475433e-23, nan 
117.625, 67.625, 1.893416823320408e-23, nan 
117.875, 67.625, 1.5991598362595422e-23, nan 
118.125, 67.625, 4.658285901712807e-23, nan 
118.375, 67.625, 4.179064677009541e-23, nan 
118.625, 67.625, 3.618133001059278e-23, nan 
118.875, 67.625, 2.3130120094506574e-23, nan 
119.125, 67.625, 2.8277376414528975e-23, nan 
119.375, 67.625, 2.2651934740237815e-23, nan 
119.625, 67.625, 1.8475549601304946e-23, nan 
119.875, 67.625, 2.0810150905878692e-23, nan 
120.125, 67.625, 3.100304879482032e-23, nan 
120.375, 67.625, 3.2982552835088817e-23, nan 
120.625, 67.625, 2.1708435495096254e-23, nan 
120.875, 67.625, 2.5197076723298206e-23, nan 
121.125, 67.625, 3.0746845358904527e-23, nan 
121.375, 67.625, 2.7482863201539454e-23, nan 
121.625, 67.625, 1.674985580769861e-23, nan 
121.875, 67.625, 1.240193954748037e-23, nan 
122.125, 67.625, 2.1503324100875882e-23, nan 
122.375, 67.625, 8.944310736846864e-24, nan 
122.625, 67.625, 5.919283740148399e-24, nan 
122.875, 67.625, 1.6478466601170744e-23, nan 
123.125, 67.625, 2.454914767003776e-23, nan 
123.375, 67.625, 3.582464214921972e-23, nan 
123.625, 67.625, 2.5333335155642668e-23, nan 
123.875, 67.625, 3.3162989568849487e-23, nan 
124.125, 67.625, 5.49004603771066e-23, nan 
124.375, 67.625, 3.9144023415023443e-23, nan 
124.625, 67.625, 6.782713217678971e-23, nan 
124.875, 67.625, 3.162042969135963e-23, nan 
125.125, 67.625, 3.9756790796580955e-23, nan 
125.375, 67.625, 5.2068099350489936e-23, nan 
125.625, 67.625, 4.3153460181097444e-23, nan 
125.875, 67.625, 4.1510820202414847e-23, nan 
126.125, 67.625, 3.566877261776385e-23, nan 
126.375, 67.625, 3.452136592831805e-23, nan 
126.625, 67.625, 3.3907401139987354e-23, nan 
126.875, 67.625, 2.527282916659674e-23, nan 
127.125, 67.625, 1.7585497950445662e-23, nan 
127.375, 67.625, 1.9842986087534603e-23, nan 
127.625, 67.625, 3.910112905287526e-23, nan 
127.875, 67.625, 4.322939096693659e-23, nan 
128.125, 67.625, 4.776458905737802e-23, nan 
128.375, 67.625, 5.436510687994093e-23, nan 
128.625, 67.625, 5.1784730932061944e-23, nan 
128.875, 67.625, 3.808686137814836e-23, nan 
129.125, 67.625, 4.2171948399572797e-23, nan 
129.375, 67.625, 5.008104559432912e-23, nan 
129.625, 67.625, 4.902099937881058e-23, nan 
129.875, 67.625, 4.735290069095851e-23, nan 
130.125, 67.625, 2.854080871437188e-23, nan 
130.375, 67.625, 3.973786819002214e-23, nan 
130.625, 67.625, 3.056487081969655e-23, nan 
130.875, 67.625, 2.9646322648595647e-23, nan 
131.125, 67.625, 3.048124409250573e-23, nan 
131.375, 67.625, 2.129998374822638e-23, nan 
131.625, 67.625, 1.3733949258394195e-23, nan 
131.875, 67.625, 2.847579156530106e-23, nan 
132.125, 67.625, 2.550212710778146e-23, nan 
132.375, 67.625, 1.1356748108519844e-23, nan 
132.625, 67.625, 2.5912090850081922e-23, nan 
132.875, 67.625, 2.0369350867000682e-23, nan 
133.125, 67.625, 2.2355380766648502e-23, nan 
133.375, 67.625, 2.0514480063103027e-23, nan 
133.625, 67.625, 3.248926651282471e-23, nan 
133.875, 67.625, 3.6025437266741125e-23, nan 
134.125, 67.625, 3.23067628146415e-23, nan 
134.375, 67.625, 1.8205246509502074e-23, nan 
134.625, 67.625, 4.4054029241993845e-23, nan 
134.875, 67.625, 6.86989336916183e-23, nan 
135.125, 67.625, 4.6129186726733596e-23, nan 
135.375, 67.625, 4.7368462827822376e-23, nan 
135.625, 67.625, 8.228768519086136e-23, nan 
135.875, 67.625, 7.148403607317184e-23, nan 
136.125, 67.625, 6.661400206235186e-23, nan 
136.375, 67.625, 4.4562765362950613e-23, nan 
136.625, 67.625, 8.14282910133838e-23, nan 
136.875, 67.625, 1.0752846863897229e-22, nan 
137.125, 67.625, 7.978188928602225e-23, nan 
137.375, 67.625, 5.1620740230932404e-23, nan 
137.625, 67.625, 7.566200716203442e-23, nan 
137.875, 67.625, 1.0969254690137297e-22, nan 
138.125, 67.625, 1.6231813112465724e-22, nan 
138.375, 67.625, 1.6703061364757318e-22, nan 
138.625, 67.625, 1.2164667679448389e-22, nan 
138.875, 67.625, 1.9639382003223493e-22, nan 
139.125, 67.625, 1.5510811494220725e-22, nan 
139.375, 67.625, 1.7517411095304414e-22, nan 
139.625, 67.625, 1.7072622738967984e-22, nan 
139.875, 67.625, 1.650569342285159e-22, nan 
140.125, 67.625, 2.130280185438836e-22, nan 
140.375, 67.625, 7.388151888603519e-23, nan 
140.625, 67.625, 1.8332828171550674e-22, nan 
140.875, 67.625, 6.959138365291441e-23, nan 
141.125, 67.625, 1.161266977762207e-22, nan 
141.375, 67.625, 9.173442981714091e-23, nan 
141.625, 67.625, 7.401687036355478e-23, nan 
141.875, 67.625, 1.3410306820511048e-22, nan 
142.125, 67.625, 1.7244288409503424e-22, nan 
142.375, 67.625, 2.8163345834485273e-22, nan 
142.625, 67.625, 2.1699180617645047e-22, nan 
142.875, 67.625, 2.4419754278041197e-22, nan 
143.125, 67.625, 2.5921899843106573e-22, nan 
143.375, 67.625, 2.168824600181679e-22, nan 
143.625, 67.625, 3.0109612752506916e-22, nan 
143.875, 67.625, 2.096626638182171e-22, nan 
144.125, 67.625, 2.6366878659986825e-22, nan 
144.375, 67.625, 3.6003436581771338e-22, nan 
144.625, 67.625, 2.1806659036986207e-22, nan 
144.875, 67.625, 3.881961140884268e-22, nan 
145.125, 67.625, 5.692904963557989e-22, nan 
145.375, 67.625, 4.506720304886187e-22, nan 
145.625, 67.625, 6.167008374198149e-22, nan 
145.875, 67.625, 5.696333873641017e-22, nan 
146.125, 67.625, 5.174854371090016e-22, nan 
146.375, 67.625, 6.512879887338929e-22, nan 
146.625, 67.625, 5.217450399711542e-22, nan 
146.875, 67.625, 4.1767396866088204e-22, nan 
147.125, 67.625, 2.342133525803864e-22, nan 
147.375, 67.625, 2.2523483060781503e-22, nan 
147.625, 67.625, 1.2653531767535652e-22, nan 
147.875, 67.625, 2.770098609830985e-22, nan 
148.125, 67.625, 2.94293520574509e-22, nan 
148.375, 67.625, 2.350952933005513e-22, nan 
148.625, 67.625, 1.1487439558637602e-22, nan 
148.875, 67.625, 2.1255946589782084e-22, nan 
149.125, 67.625, 3.940164244475771e-22, nan 
149.375, 67.625, 4.169812299222723e-22, nan 
149.625, 67.625, 4.25562712010751e-22, nan 
149.875, 67.625, 3.8145022738245154e-22, nan 
150.125, 67.625, 4.67313338370069e-22, nan 
150.375, 67.625, 6.514397389289067e-22, nan 
150.625, 67.625, 6.226641647408507e-22, nan 
150.875, 67.625, 7.309123669895907e-22, nan 
151.125, 67.625, 5.713751907999157e-22, nan 
151.375, 67.625, 5.208184663981801e-22, nan 
151.625, 67.625, 8.679412670400172e-22, nan 
151.875, 67.625, 1.1753605264786412e-21, nan 
152.125, 67.625, 4.935991906854915e-22, nan 
152.375, 67.625, 6.451334699115697e-22, nan 
152.625, 67.625, 1.9267514304085543e-21, nan 
152.875, 67.625, 1.1013284337183737e-21, nan 
153.125, 67.625, 2.165442501508799e-21, nan 
153.375, 67.625, 1.4640499293159897e-21, nan 
153.625, 67.625, 9.542434561055913e-22, nan 
153.875, 67.625, 2.3474027031382715e-21, nan 
154.125, 67.625, 1.3756163603167321e-21, nan 
154.375, 67.625, 1.5145973230903967e-21, nan 
154.625, 67.625, 1.4410834648084836e-21, nan 
154.875, 67.625, 1.2467718929219008e-21, nan 
155.125, 67.625, 1.564209924223703e-21, nan 
155.375, 67.625, 1.6910399522005487e-21, nan 
155.625, 67.625, 1.785727871006395e-21, nan 
155.875, 67.625, 1.3635310928258858e-21, nan 
156.125, 67.625, 1.4297004046034755e-21, nan 
156.375, 67.625, 2.1311771063768317e-21, nan 
156.625, 67.625, 1.4959934059969874e-21, nan 
156.875, 67.625, 3.81586242259393e-21, nan 
157.125, 67.625, 4.357888262996448e-21, nan 
157.375, 67.625, 4.050565270627041e-21, nan 
157.625, 67.625, 5.181022609729811e-21, nan 
157.875, 67.625, 5.352386758083844e-21, nan 
158.125, 67.625, 4.187375340589678e-21, nan 
158.375, 67.625, 2.5566515997672996e-21, nan 
158.625, 67.625, 1.4308405588973802e-21, nan 
158.875, 67.625, 2.6958969350471758e-21, nan 
159.125, 67.625, 7.184533444904595e-21, nan 
159.375, 67.625, 3.2271891286056908e-21, nan 
159.625, 67.625, 2.5728179524047237e-21, nan 
159.875, 67.625, 7.009579688767765e-21, nan 
160.125, 67.625, 3.589277451693638e-21, nan 
160.375, 67.625, 4.609528554766233e-21, nan 
160.625, 67.625, 6.919958628443931e-21, nan 
160.875, 67.625, 6.312316964855888e-21, nan 
161.125, 67.625, 5.527005386789519e-21, nan 
161.375, 67.625, 4.5084716537325954e-21, nan 
161.625, 67.625, 4.1835211657246e-21, nan 
161.875, 67.625, 9.91624336396936e-21, nan 
162.125, 67.625, 1.3364297649501055e-20, nan 
162.375, 67.625, 1.552975072197951e-20, nan 
162.625, 67.625, 1.8365470221819765e-20, nan 
162.875, 67.625, 2.372592387484914e-20, nan 
163.125, 67.625, 3.309312358153756e-20, nan 
163.375, 67.625, 2.6131492272145942e-20, nan 
163.625, 67.625, 2.8756723123114324e-20, nan 
163.875, 67.625, 3.0637520561642173e-20, nan 
164.125, 67.625, 2.414142181559785e-20, nan 
164.375, 67.625, 1.6736072107435736e-20, nan 
164.625, 67.625, 1.0480699245622654e-20, nan 
164.875, 67.625, 1.0896948840516154e-20, nan 
165.125, 67.625, 9.030039293771443e-21, nan 
165.375, 67.625, 8.8607434514358e-21, nan 
165.625, 67.625, 1.1263852351856253e-20, nan 
165.875, 67.625, 9.564907427921562e-21, nan 
166.125, 67.625, 5.233122791069572e-21, nan 
166.375, 67.625, 9.258347105626738e-21, nan 
166.625, 67.625, 8.989718758356764e-21, nan 
166.875, 67.625, 3.648596225586136e-21, nan 
167.125, 67.625, 8.128276579020824e-21, nan 
167.375, 67.625, 1.6326267240420856e-20, nan 
167.625, 67.625, 2.1114951002138067e-20, nan 
167.875, 67.625, 2.2258798348246775e-20, nan 
168.125, 67.625, 2.1738964786768688e-20, nan 
168.375, 67.625, 1.638874250579467e-20, nan 
168.625, 67.625, 2.071358852921765e-20, nan 
168.875, 67.625, 1.1423438344626619e-20, nan 
169.125, 67.625, 1.2328108598904475e-20, nan 
169.375, 67.625, 9.916778322305915e-21, nan 
169.625, 67.625, 7.733745854038714e-21, nan 
169.875, 67.625, 7.239114444958012e-21, nan 
170.125, 67.625, 7.442799958015711e-21, nan 
170.375, 67.625, 5.821883934895662e-21, nan 
170.625, 67.625, 4.520847867111685e-21, nan 
170.875, 67.625, 5.595787032728025e-21, nan 
171.125, 67.625, 7.996761130878052e-21, nan 
171.375, 67.625, 8.079864628999053e-21, nan 
171.625, 67.625, 9.233988532209293e-21, nan 
171.875, 67.625, 6.6768377784806835e-21, nan 
172.125, 67.625, 7.93487893988605e-21, nan 
172.375, 67.625, 1.5868503995006834e-20, nan 
172.625, 67.625, 1.3045968956644546e-20, nan 
172.875, 67.625, 8.905077479582272e-21, nan 
173.125, 67.625, 1.1854641531815027e-20, nan 
173.375, 67.625, 9.290105732539916e-21, nan 
173.625, 67.625, 8.115266160682712e-21, nan 
173.875, 67.625, 6.072280448098445e-21, nan 
174.125, 67.625, 4.557419942784767e-21, nan 
174.375, 67.625, 9.325569269232503e-21, nan 
174.625, 67.625, 3.505042870052516e-21, nan 
174.875, 67.625, 2.7962365278910783e-21, nan 
175.125, 67.625, 4.222832175254978e-21, nan 
175.375, 67.625, 1.0760976528420716e-21, nan 
175.625, 67.625, 1.831550390500793e-21, nan 
175.875, 67.625, 2.313612977338312e-21, nan 
176.125, 67.625, 8.873771065027216e-22, nan 
176.375, 67.625, 2.3074164249833504e-21, nan 
176.625, 67.625, 2.0154393050939667e-21, nan 
176.875, 67.625, 1.6733910184044268e-21, nan 
177.125, 67.625, 3.519177938025471e-21, nan 
177.375, 67.625, 8.816105366419368e-22, nan 
177.625, 67.625, 1.553131051620033e-21, nan 
177.875, 67.625, 2.4493737987672537e-21, nan 
178.125, 67.625, 1.3782867224921642e-21, nan 
178.375, 67.625, 7.980312447764922e-22, nan 
178.625, 67.625, 1.1899871754135476e-21, nan 
178.875, 67.625, 9.512073684755567e-22, nan 
179.125, 67.625, 7.711505986664612e-22, nan 
179.375, 67.625, 6.374100612268292e-22, nan 
179.625, 67.625, 5.616899988368669e-22, nan 
179.875, 67.625, 4.770559068109091e-22, nan 
-179.875, 67.875, 1.1706356524279828e-21, nan 
-179.625, 67.875, 4.873061103317609e-22, nan 
-179.375, 67.875, 3.4495701442017064e-22, nan 
-179.125, 67.875, 4.993714825000035e-22, nan 
-178.875, 67.875, 2.8357544712444436e-22, nan 
-178.625, 67.875, 2.4071790365050975e-22, nan 
-178.375, 67.875, 7.532472429772919e-22, nan 
-178.125, 67.875, 6.387422266880549e-22, nan 
-177.875, 67.875, 5.9231075844872065e-22, nan 
-177.625, 67.875, 7.240100818232544e-22, nan 
-177.375, 67.875, 6.3615763846717575e-22, nan 
-177.125, 67.875, 5.566422522408367e-22, nan 
-176.875, 67.875, 5.997849058139225e-22, nan 
-176.625, 67.875, 5.865328490289516e-22, nan 
-176.375, 67.875, 5.234344112393447e-22, nan 
-176.125, 67.875, 6.185591025040968e-22, nan 
-175.875, 67.875, 4.0977282122020416e-22, nan 
-175.625, 67.875, 3.364097958644303e-22, nan 
-175.375, 67.875, 2.532671648705508e-22, nan 
-175.125, 67.875, 3.962077978231361e-22, nan 
-174.875, 67.875, 3.8597454642153377e-22, nan 
-174.625, 67.875, 4.703638827601418e-22, nan 
-174.375, 67.875, 4.050923549617782e-22, nan 
-174.125, 67.875, 3.6853805955252047e-22, nan 
-173.875, 67.875, 4.521011389235028e-22, nan 
-173.625, 67.875, 3.892098997032024e-22, nan 
-173.375, 67.875, 1.7016914108024267e-22, nan 
-173.125, 67.875, 3.1454270478950843e-22, nan 
-172.875, 67.875, 4.086677051068127e-22, nan 
-172.625, 67.875, 2.477858986570962e-22, nan 
-172.375, 67.875, 2.563182639652906e-22, nan 
-172.125, 67.875, 2.7308598802182934e-22, nan 
-171.875, 67.875, 2.40811804006015e-22, nan 
-171.625, 67.875, 3.3178484588835256e-22, nan 
-171.375, 67.875, 2.824427262104554e-22, nan 
-171.125, 67.875, 3.352043597710601e-22, nan 
-170.875, 67.875, 3.2938765020373967e-22, nan 
-170.625, 67.875, 3.2088487795407744e-22, nan 
-170.375, 67.875, 2.5212864223903405e-22, nan 
-170.125, 67.875, 2.9873986944057147e-22, nan 
-169.875, 67.875, 3.92132440359843e-22, nan 
-169.625, 67.875, 1.70281564863199e-22, nan 
-169.375, 67.875, 1.4473778673885536e-22, nan 
-169.125, 67.875, 1.9292296861871422e-22, nan 
-168.875, 67.875, 1.2191004515747254e-22, nan 
-168.625, 67.875, 1.1975213452653136e-22, nan 
-168.375, 67.875, 1.5570399492576622e-22, nan 
-168.125, 67.875, 1.950542277902508e-22, nan 
-167.875, 67.875, 3.613744034213215e-22, nan 
-167.625, 67.875, 1.9311577029815563e-22, nan 
-167.375, 67.875, 1.9821556451696807e-22, nan 
-167.125, 67.875, 1.613462699895075e-22, nan 
-166.875, 67.875, 2.3716504734245287e-22, nan 
-166.625, 67.875, 1.1893093652760004e-22, nan 
-166.375, 67.875, 1.3481590522641627e-22, nan 
-166.125, 67.875, 2.1765856890467257e-22, nan 
-165.875, 67.875, 9.833244213259135e-23, nan 
-165.625, 67.875, 2.011420644636814e-22, nan 
-165.375, 67.875, 1.2328281873103228e-22, nan 
-165.125, 67.875, 1.594316641509031e-22, nan 
-164.875, 67.875, 2.180289795152823e-22, nan 
-164.625, 67.875, 8.484599538310796e-23, nan 
-164.375, 67.875, 1.9769526462376859e-22, nan 
-164.125, 67.875, 1.556084294379418e-22, nan 
-163.875, 67.875, 9.086439032799167e-23, nan 
-163.625, 67.875, 3.9762108558991996e-23, nan 
-163.375, 67.875, 4.5573252477526e-23, nan 
-163.125, 67.875, 6.621242650351457e-23, nan 
-162.875, 67.875, 6.008006460175671e-23, nan 
-162.625, 67.875, 1.08042503981425e-22, nan 
-162.375, 67.875, 8.416484182225553e-23, nan 
-162.125, 67.875, 5.342777046277236e-23, nan 
-161.875, 67.875, 1.0914985533065272e-22, nan 
-161.625, 67.875, 1.870064337182821e-22, nan 
-161.375, 67.875, 1.5421713898525902e-22, nan 
-161.125, 67.875, 2.50701205521532e-22, nan 
-160.875, 67.875, 4.571962929416272e-22, nan 
-160.625, 67.875, 9.8514099550418e-22, nan 
-160.375, 67.875, 1.414325708813192e-22, nan 
-160.125, 67.875, 1.1669945897300123e-22, nan 
-159.875, 67.875, 1.1400468778654732e-22, nan 
-159.625, 67.875, 1.0842366247411464e-22, nan 
-159.375, 67.875, 8.720437199034295e-23, nan 
-159.125, 67.875, 3.1745244176790235e-23, nan 
-158.875, 67.875, 1.3157268075005032e-22, nan 
-158.625, 67.875, 9.309964266467487e-23, nan 
-158.375, 67.875, 2.1806046705440387e-22, nan 
-158.125, 67.875, 9.294215358063371e-23, nan 
-157.875, 67.875, 2.3781646408208461e-23, nan 
-157.625, 67.875, 2.899620877973909e-23, nan 
-157.375, 67.875, 6.623337785902286e-23, nan 
-157.125, 67.875, 3.1154856632160605e-23, nan 
-156.875, 67.875, 3.989896936970935e-23, nan 
-156.625, 67.875, 5.751537518257987e-23, nan 
-156.375, 67.875, 7.493215408716585e-23, nan 
-156.125, 67.875, 8.850629628804026e-23, nan 
-155.875, 67.875, 1.0150938366951968e-22, nan 
-155.625, 67.875, 9.500902574347372e-23, nan 
-155.375, 67.875, 6.972431350686871e-23, nan 
-155.125, 67.875, 1.2056181770728516e-22, nan 
-154.875, 67.875, 6.028191664536852e-23, nan 
-154.625, 67.875, 4.2275253515808595e-23, nan 
-154.375, 67.875, 6.894548456228954e-23, nan 
-154.125, 67.875, 5.482006830914829e-23, nan 
-153.875, 67.875, 7.80259766598038e-23, nan 
-153.625, 67.875, 1.323271322554447e-22, nan 
-153.375, 67.875, 1.189033290978103e-22, nan 
-153.125, 67.875, 9.951579867681482e-23, nan 
-152.875, 67.875, 6.032405941985855e-23, nan 
-152.625, 67.875, 6.488794526800114e-23, nan 
-152.375, 67.875, 2.1927301264551457e-23, nan 
-152.125, 67.875, 3.5902864127046494e-23, nan 
-151.875, 67.875, 3.9465399168972323e-23, nan 
-151.625, 67.875, 3.643682562212513e-23, nan 
-151.375, 67.875, 4.6233231870071006e-23, nan 
-151.125, 67.875, 2.5223214073633874e-23, nan 
-150.875, 67.875, 2.537585450903066e-23, nan 
-150.625, 67.875, 4.70581642836561e-23, nan 
-150.375, 67.875, 6.351484725798847e-23, nan 
-150.125, 67.875, 2.6371027510765758e-23, nan 
-149.875, 67.875, 1.6280687579658135e-23, nan 
-149.625, 67.875, 2.5234586753013606e-23, nan 
-149.375, 67.875, 1.4378966587114827e-23, nan 
-149.125, 67.875, 4.9535570579997354e-23, nan 
-148.875, 67.875, 2.9017663778469277e-23, nan 
-148.625, 67.875, 1.7233272706744352e-23, nan 
-148.375, 67.875, 5.506724060720202e-23, nan 
-148.125, 67.875, 5.834462710435445e-23, nan 
-147.875, 67.875, 5.754323868154021e-23, nan 
-147.625, 67.875, 5.382837930251114e-23, nan 
-147.375, 67.875, 5.097849827109638e-23, nan 
-147.125, 67.875, 5.859368797960271e-23, nan 
-146.875, 67.875, 4.3842998145488035e-23, nan 
-146.625, 67.875, 4.570007337429799e-23, nan 
-146.375, 67.875, 3.744041726779713e-23, nan 
-146.125, 67.875, 3.263567285926263e-23, nan 
-145.875, 67.875, 4.918047803501149e-23, nan 
-145.625, 67.875, 4.0227024646632343e-23, nan 
-145.375, 67.875, 4.0717549669136885e-23, nan 
-145.125, 67.875, 4.4479292944563805e-23, nan 
-144.875, 67.875, 3.709204398669625e-23, nan 
-144.625, 67.875, 3.9149919712369354e-23, nan 
-144.375, 67.875, 3.036107815625236e-23, nan 
-144.125, 67.875, 1.2999798408197709e-23, nan 
-143.875, 67.875, 1.1372940571884952e-23, nan 
-143.625, 67.875, 1.4221313336404383e-23, nan 
-143.375, 67.875, 1.679615164327637e-23, nan 
-143.125, 67.875, 3.2269811081505287e-23, nan 
-142.875, 67.875, 2.87506915815314e-23, nan 
-142.625, 67.875, 3.1102226889684e-23, nan 
-142.375, 67.875, 1.9808116699178025e-23, nan 
-142.125, 67.875, 1.835562714612873e-23, nan 
-141.875, 67.875, 4.090156041486537e-23, nan 
-141.625, 67.875, 2.0048145168939292e-23, nan 
-141.375, 67.875, 1.473756042042997e-23, nan 
-141.125, 67.875, 2.7144266113001175e-23, nan 
-140.875, 67.875, 3.2380433304549544e-23, nan 
-140.625, 67.875, 3.3665271728728107e-23, nan 
-140.375, 67.875, 4.3563546724033817e-23, nan 
-140.125, 67.875, 4.3289974568532015e-23, nan 
-139.875, 67.875, 4.02322493524025e-23, nan 
-139.625, 67.875, 4.3326756124079494e-23, nan 
-139.375, 67.875, 3.2415418490631085e-23, nan 
-139.125, 67.875, 2.616229132228251e-23, nan 
-138.875, 67.875, 2.2832613386530976e-23, nan 
-138.625, 67.875, 2.3096381111412536e-23, nan 
-138.375, 67.875, 3.589650298967271e-23, nan 
-138.125, 67.875, 2.0650730567918706e-23, nan 
-137.875, 67.875, 2.3584901107255045e-23, nan 
-137.625, 67.875, 4.335744141387042e-23, nan 
-137.375, 67.875, 4.36217652540498e-23, nan 
-137.125, 67.875, 4.2185290905923544e-23, nan 
-136.875, 67.875, 2.472236000857732e-23, nan 
-136.625, 67.875, 2.5718235774369162e-23, nan 
-136.375, 67.875, 3.253425893493555e-23, nan 
-136.125, 67.875, 2.991298516434788e-23, nan 
-135.875, 67.875, 2.4798272850991205e-23, nan 
-135.625, 67.875, 1.8310071915275646e-23, nan 
-135.375, 67.875, 1.2849955534870833e-23, nan 
-135.125, 67.875, 1.8915355530924084e-23, nan 
-134.875, 67.875, 1.743827935268536e-23, nan 
-134.625, 67.875, 1.2582471996319933e-23, nan 
-134.375, 67.875, 1.9315336052159203e-23, nan 
-134.125, 67.875, 2.4828168689922696e-23, nan 
-133.875, 67.875, 1.6462940399233556e-23, nan 
-133.625, 67.875, 2.522975801381097e-23, nan 
-133.375, 67.875, 1.2984366467619318e-23, nan 
-133.125, 67.875, 1.1473900758569286e-23, nan 
-132.875, 67.875, 1.3141067827638684e-23, nan 
-132.625, 67.875, 1.1159258749740446e-23, nan 
-132.375, 67.875, 2.4625513444070735e-23, nan 
-132.125, 67.875, 1.559871946480396e-23, nan 
-131.875, 67.875, 1.5323902243134168e-23, nan 
-131.625, 67.875, 2.1915480340204953e-23, nan 
-131.375, 67.875, 2.2425467692760994e-23, nan 
-131.125, 67.875, 1.5972091014459298e-23, nan 
-130.875, 67.875, 9.549103551238135e-24, nan 
-130.625, 67.875, 1.2457249645126357e-23, nan 
-130.375, 67.875, 1.1459557661934285e-23, nan 
-130.125, 67.875, 2.3352600418859572e-23, nan 
-129.875, 67.875, 2.4622307403344886e-23, nan 
-129.625, 67.875, 3.571674292760682e-23, nan 
-129.375, 67.875, 2.614016599244522e-23, nan 
-129.125, 67.875, 2.6790465158498705e-23, nan 
-128.875, 67.875, 4.0607067791201356e-23, nan 
-128.625, 67.875, 3.940950802205042e-23, nan 
-128.375, 67.875, 3.8317097620446476e-23, nan 
-128.125, 67.875, 4.720676790933298e-23, nan 
-127.875, 67.875, 5.041111644970059e-23, nan 
-127.625, 67.875, 2.54834888476773e-23, nan 
-127.375, 67.875, 3.7678477962106465e-23, nan 
-127.125, 67.875, 3.3169117597812223e-23, nan 
-126.875, 67.875, 5.12277477100793e-23, nan 
-126.625, 67.875, 5.428906099681426e-23, nan 
-126.375, 67.875, 3.8483957968608244e-23, nan 
-126.125, 67.875, 3.3460802384963146e-23, nan 
-125.875, 67.875, 3.355377897192098e-23, nan 
-125.625, 67.875, 2.0788778818265264e-23, nan 
-125.375, 67.875, 8.000311786474606e-24, nan 
-125.125, 67.875, 1.4702596266152753e-23, nan 
-124.875, 67.875, 2.0497899140336656e-23, nan 
-124.625, 67.875, 1.832851260612266e-23, nan 
-124.375, 67.875, 7.702817524444357e-24, nan 
-124.125, 67.875, 8.704753011341033e-24, nan 
-123.875, 67.875, 8.283960284189522e-24, nan 
-123.625, 67.875, 1.2549437768339806e-23, nan 
-123.375, 67.875, 1.4421586039437244e-23, nan 
-123.125, 67.875, 1.4276686592113002e-23, nan 
-122.875, 67.875, 1.0035529000868903e-23, nan 
-122.625, 67.875, 2.2177711305861155e-23, nan 
-122.375, 67.875, 6.259363150652416e-24, nan 
-122.125, 67.875, 6.79974898625779e-24, nan 
-121.875, 67.875, 1.270917280068599e-23, nan 
-121.625, 67.875, 1.1590516772285112e-23, nan 
-121.375, 67.875, 1.4426179231202353e-23, nan 
-121.125, 67.875, 1.9001115163715137e-23, nan 
-120.875, 67.875, 1.432634686272716e-23, nan 
-120.625, 67.875, 7.955128101361491e-24, nan 
-120.375, 67.875, 1.3959726730449284e-23, nan 
-120.125, 67.875, 9.324892299217102e-24, nan 
-119.875, 67.875, 9.182283120778527e-24, nan 
-119.625, 67.875, 1.2700126010079852e-23, nan 
91.625, 67.875, 3.580479689854878e-23, nan 
91.875, 67.875, 1.603502616095892e-22, nan 
92.125, 67.875, 2.3335067462318746e-22, nan 
92.375, 67.875, 1.239116966727595e-22, nan 
92.625, 67.875, 3.7094194290186813e-22, nan 
92.875, 67.875, 4.270049047345129e-22, nan 
93.125, 67.875, 2.6899247033706864e-22, nan 
93.375, 67.875, 2.0078183257614368e-22, nan 
93.625, 67.875, 1.9312651915617201e-22, nan 
93.875, 67.875, 1.3066974706048457e-22, nan 
94.125, 67.875, 3.268003438208758e-23, nan 
94.375, 67.875, 2.6221365936627564e-23, nan 
94.625, 67.875, 2.3285636550220962e-23, nan 
94.875, 67.875, 2.5746545697809862e-23, nan 
95.125, 67.875, 2.08565130313713e-23, nan 
95.375, 67.875, 1.7718704126447492e-23, nan 
95.625, 67.875, 1.89918840936819e-23, nan 
95.875, 67.875, 1.2798543047265483e-23, nan 
96.125, 67.875, 7.254366917341488e-24, nan 
96.375, 67.875, 7.138561929886247e-24, nan 
96.625, 67.875, 7.546563283316013e-24, nan 
96.875, 67.875, 8.18693433535068e-24, nan 
97.125, 67.875, 1.1916448477871093e-23, nan 
97.375, 67.875, 5.7382899501456926e-24, nan 
97.625, 67.875, 1.0834451500575402e-24, nan 
97.875, 67.875, 5.416297208192787e-24, nan 
98.125, 67.875, 3.8619611410625534e-24, nan 
98.375, 67.875, 2.432940692773944e-24, nan 
98.625, 67.875, 7.165868919353053e-24, nan 
98.875, 67.875, 8.517070403722255e-24, nan 
99.125, 67.875, 4.350307126228112e-24, nan 
99.375, 67.875, 1.3138382084333858e-24, nan 
99.625, 67.875, 7.873327910978414e-24, nan 
99.875, 67.875, 6.397801397346396e-24, nan 
100.125, 67.875, 4.689958802202725e-24, nan 
100.375, 67.875, 5.670034304835032e-24, nan 
100.625, 67.875, 3.557929920651374e-24, nan 
100.875, 67.875, 8.323139903988457e-24, nan 
101.125, 67.875, 1.1472098489135384e-23, nan 
101.375, 67.875, 1.1688223864336804e-23, nan 
101.625, 67.875, 7.8919301306565e-24, nan 
101.875, 67.875, 6.800437848787688e-24, nan 
102.125, 67.875, 1.6976527943583516e-23, nan 
102.375, 67.875, 1.0226465862455346e-23, nan 
102.625, 67.875, 7.604702714996463e-24, nan 
102.875, 67.875, 1.2554013512038965e-23, nan 
103.125, 67.875, 1.4931258378235662e-23, nan 
103.375, 67.875, 2.1541391791870772e-23, nan 
103.625, 67.875, 1.8163000508143643e-23, nan 
103.875, 67.875, 1.870453715297935e-23, nan 
104.125, 67.875, 1.4105441603376192e-23, nan 
104.375, 67.875, 1.5851037784186036e-23, nan 
104.625, 67.875, 1.5993356768202865e-23, nan 
104.875, 67.875, 1.3041051742201175e-23, nan 
105.125, 67.875, 1.2550657778825005e-23, nan 
105.375, 67.875, 1.0577424604434521e-23, nan 
105.625, 67.875, 7.928440626459692e-24, nan 
105.875, 67.875, 8.025333089241117e-24, nan 
106.125, 67.875, 9.243737748623804e-24, nan 
106.375, 67.875, 7.942900059887104e-24, nan 
106.625, 67.875, 6.366029007253963e-24, nan 
106.875, 67.875, 3.6809754023359814e-24, nan 
107.125, 67.875, 6.027433046499915e-24, nan 
107.375, 67.875, 9.170580719763792e-24, nan 
107.625, 67.875, 8.327707727515252e-24, nan 
107.875, 67.875, 5.176637340548039e-24, nan 
108.125, 67.875, 5.525854928227469e-24, nan 
108.375, 67.875, 8.680644338121633e-24, nan 
108.625, 67.875, 3.768658128927581e-24, nan 
108.875, 67.875, 3.790184738261906e-24, nan 
109.125, 67.875, 1.1473578910585394e-23, nan 
109.375, 67.875, 9.195671725397008e-24, nan 
109.625, 67.875, 9.36427306500517e-24, nan 
109.875, 67.875, 1.0651649695912806e-23, nan 
110.125, 67.875, 9.020132604184618e-24, nan 
110.375, 67.875, 1.1149437284413161e-23, nan 
110.625, 67.875, 8.036705406356381e-24, nan 
110.875, 67.875, 8.972404524383562e-24, nan 
111.125, 67.875, 1.1234118288998083e-23, nan 
111.375, 67.875, 1.2133041312444886e-23, nan 
111.625, 67.875, 7.646879288652083e-24, nan 
111.875, 67.875, 7.018908106758134e-24, nan 
112.125, 67.875, 1.1417981720129242e-23, nan 
112.375, 67.875, 5.717619473737731e-24, nan 
112.625, 67.875, 6.551240245438883e-24, nan 
112.875, 67.875, 7.956450914608964e-24, nan 
113.125, 67.875, 6.640981301149294e-24, nan 
113.375, 67.875, 1.1971630982810419e-23, nan 
113.625, 67.875, 2.5552030642734167e-23, nan 
113.875, 67.875, 2.988701362197314e-23, nan 
114.125, 67.875, 3.678944698415543e-23, nan 
114.375, 67.875, 3.55243314747588e-23, nan 
114.625, 67.875, 3.6834571082289015e-23, nan 
114.875, 67.875, 4.314486440507141e-23, nan 
115.125, 67.875, 3.650970096557749e-23, nan 
115.375, 67.875, 2.7631888407361465e-23, nan 
115.625, 67.875, 2.682706947268786e-23, nan 
115.875, 67.875, 3.143798251709406e-23, nan 
116.125, 67.875, 2.94531865845608e-23, nan 
116.375, 67.875, 2.5378658151569184e-23, nan 
116.625, 67.875, 2.3722742844037254e-23, nan 
116.875, 67.875, 2.3053464257747473e-23, nan 
117.125, 67.875, 2.8452281510699633e-23, nan 
117.375, 67.875, 1.6624262325837036e-23, nan 
117.625, 67.875, 9.628493823759212e-24, nan 
117.875, 67.875, 1.3396729891990304e-23, nan 
118.125, 67.875, 3.337211036327037e-23, nan 
118.375, 67.875, 2.2892508735238967e-23, nan 
118.625, 67.875, 2.9407636125399154e-23, nan 
118.875, 67.875, 1.2930417170624607e-23, nan 
119.125, 67.875, 1.346939941021156e-23, nan 
119.375, 67.875, 1.0224000347586254e-23, nan 
119.625, 67.875, 1.435131258153407e-23, nan 
119.875, 67.875, 1.4966138891119307e-23, nan 
120.125, 67.875, 1.8857915417941723e-23, nan 
120.375, 67.875, 2.0570384391382822e-23, nan 
120.625, 67.875, 1.988309902647767e-23, nan 
120.875, 67.875, 2.0467406759722735e-23, nan 
121.125, 67.875, 1.8869871561737905e-23, nan 
121.375, 67.875, 2.4306481214874774e-23, nan 
121.625, 67.875, 2.0212684867024485e-23, nan 
121.875, 67.875, 1.8544124925592283e-23, nan 
122.125, 67.875, 1.8683528094048463e-23, nan 
122.375, 67.875, 1.2162498088120115e-23, nan 
122.625, 67.875, 1.651305331699332e-23, nan 
122.875, 67.875, 1.9758440800331008e-23, nan 
123.125, 67.875, 2.5540402914289948e-23, nan 
123.375, 67.875, 3.2638634499572076e-23, nan 
123.625, 67.875, 2.1257750128111567e-23, nan 
123.875, 67.875, 2.08910359952737e-23, nan 
124.125, 67.875, 2.8088333670170535e-23, nan 
124.375, 67.875, 2.884032180373214e-23, nan 
124.625, 67.875, 3.986585467524173e-23, nan 
124.875, 67.875, 3.704394170134004e-23, nan 
125.125, 67.875, 3.6783664495750675e-23, nan 
125.375, 67.875, 4.163117844776001e-23, nan 
125.625, 67.875, 4.3590489427488e-23, nan 
125.875, 67.875, 3.8477242543886607e-23, nan 
126.125, 67.875, 3.784599879702115e-23, nan 
126.375, 67.875, 4.1795525897881034e-23, nan 
126.625, 67.875, 3.333831560843024e-23, nan 
126.875, 67.875, 1.2782465191037055e-23, nan 
127.125, 67.875, 3.1774694688890765e-23, nan 
127.375, 67.875, 4.4593419716740334e-23, nan 
127.625, 67.875, 5.715443021965696e-23, nan 
127.875, 67.875, 4.886992476424779e-23, nan 
128.125, 67.875, 6.545876006146196e-23, nan 
128.375, 67.875, 2.739112385482533e-23, nan 
128.625, 67.875, 2.8755201705602096e-23, nan 
128.875, 67.875, 4.899723450851413e-23, nan 
129.125, 67.875, 4.17697846687028e-23, nan 
129.375, 67.875, 4.274888323868309e-23, nan 
129.625, 67.875, 3.8945203790819216e-23, nan 
129.875, 67.875, 4.2768893527633233e-23, nan 
130.125, 67.875, 4.0394611628684404e-23, nan 
130.375, 67.875, 2.0842476299755785e-23, nan 
130.625, 67.875, 2.155281625704922e-23, nan 
130.875, 67.875, 2.1483571362735552e-23, nan 
131.125, 67.875, 2.811452507995866e-23, nan 
131.375, 67.875, 4.4976198982482855e-23, nan 
131.625, 67.875, 2.6407280336322135e-23, nan 
131.875, 67.875, 4.7336646768885295e-23, nan 
132.125, 67.875, 4.245751743404496e-23, nan 
132.375, 67.875, 2.5008838136408603e-23, nan 
132.625, 67.875, 3.039279693412035e-23, nan 
132.875, 67.875, 4.566992153467962e-23, nan 
133.125, 67.875, 1.576599149853166e-23, nan 
133.375, 67.875, 3.9250838297100706e-23, nan 
133.625, 67.875, 5.950178707779916e-23, nan 
133.875, 67.875, 3.4197600394326106e-23, nan 
134.125, 67.875, 4.734047610211394e-23, nan 
134.375, 67.875, 6.584212683600304e-24, nan 
134.625, 67.875, 2.5262193847765526e-23, nan 
134.875, 67.875, 5.648397497393872e-23, nan 
135.125, 67.875, 3.460360770467539e-23, nan 
135.375, 67.875, 3.993657632611218e-23, nan 
135.625, 67.875, 7.336694704383909e-23, nan 
135.875, 67.875, 6.07909983582845e-23, nan 
136.125, 67.875, 1.3645734802428556e-22, nan 
136.375, 67.875, 7.657222610093339e-23, nan 
136.625, 67.875, 6.376701182117609e-23, nan 
136.875, 67.875, 2.4192403936642025e-22, nan 
137.125, 67.875, 2.2793688379486097e-22, nan 
137.375, 67.875, 2.4646248996252684e-22, nan 
137.625, 67.875, 3.2728143555847137e-22, nan 
137.875, 67.875, 4.0070583326330832e-22, nan 
138.125, 67.875, 3.7730718397005834e-22, nan 
138.375, 67.875, 2.6444438111462476e-22, nan 
138.625, 67.875, 1.4034191645359352e-22, nan 
138.875, 67.875, 2.3262724721560196e-22, nan 
139.125, 67.875, 1.5879772176403503e-22, nan 
139.375, 67.875, 1.387246387672269e-22, nan 
139.625, 67.875, 2.5988115923777868e-22, nan 
139.875, 67.875, 2.0992074857019736e-22, nan 
140.125, 67.875, 1.51382634740794e-22, nan 
140.375, 67.875, 3.826392834561057e-23, nan 
140.625, 67.875, 1.9824236158125878e-22, nan 
140.875, 67.875, 1.0244814892462781e-22, nan 
141.125, 67.875, 4.707280989631255e-23, nan 
141.375, 67.875, 1.1656322000510646e-22, nan 
141.625, 67.875, 1.4381599900924583e-22, nan 
141.875, 67.875, 2.3780291831358324e-22, nan 
142.125, 67.875, 2.550065547396841e-22, nan 
142.375, 67.875, 2.663774489799474e-22, nan 
142.625, 67.875, 2.1896351109401133e-22, nan 
142.875, 67.875, 2.1985237877469936e-22, nan 
143.125, 67.875, 1.7924283584527316e-22, nan 
143.375, 67.875, 2.3061281373216797e-22, nan 
143.625, 67.875, 4.406397078412031e-22, nan 
143.875, 67.875, 2.9421261184840926e-22, nan 
144.125, 67.875, 2.478358331342247e-22, nan 
144.375, 67.875, 2.884058216717458e-22, nan 
144.625, 67.875, 2.91646841525478e-22, nan 
144.875, 67.875, 4.820385771630994e-22, nan 
145.125, 67.875, 5.226944995070738e-22, nan 
145.375, 67.875, 4.790522186928105e-22, nan 
145.625, 67.875, 6.9770779167988405e-22, nan 
145.875, 67.875, 5.802844354408209e-22, nan 
146.125, 67.875, 3.958300345317772e-22, nan 
146.375, 67.875, 3.551798864640321e-22, nan 
146.625, 67.875, 3.980548165847997e-22, nan 
146.875, 67.875, 5.573847659909465e-22, nan 
147.125, 67.875, 3.0494955254499403e-22, nan 
147.375, 67.875, 3.469628000982762e-22, nan 
147.625, 67.875, 4.277151159683382e-22, nan 
147.875, 67.875, 2.1794689188871175e-22, nan 
148.125, 67.875, 2.870338626595419e-22, nan 
148.375, 67.875, 2.3236637537799733e-22, nan 
148.625, 67.875, 1.7348119079250468e-22, nan 
148.875, 67.875, 2.9125453309118036e-22, nan 
149.125, 67.875, 3.651291461841417e-22, nan 
149.375, 67.875, 3.7087169810145497e-22, nan 
149.625, 67.875, 4.0229860701377583e-22, nan 
149.875, 67.875, 3.305680558824006e-22, nan 
150.125, 67.875, 4.219939033685036e-22, nan 
150.375, 67.875, 5.068033683644501e-22, nan 
150.625, 67.875, 3.4082424270896644e-22, nan 
150.875, 67.875, 5.805583202231059e-22, nan 
151.125, 67.875, 5.676224235937521e-22, nan 
151.375, 67.875, 7.561998531157619e-22, nan 
151.625, 67.875, 1.0022124097061794e-21, nan 
151.875, 67.875, 9.280408078154732e-22, nan 
152.125, 67.875, 2.23793636590266e-22, nan 
152.375, 67.875, 7.843117967414797e-22, nan 
152.625, 67.875, 9.066775416898278e-22, nan 
152.875, 67.875, 1.9399156471066643e-21, nan 
153.125, 67.875, 3.0563224501556157e-21, nan 
153.375, 67.875, 1.6726964895545167e-21, nan 
153.625, 67.875, 1.6678796886669871e-21, nan 
153.875, 67.875, 2.3120953035193595e-21, nan 
154.125, 67.875, 1.2201785167338467e-21, nan 
154.375, 67.875, 1.9757968096579487e-21, nan 
154.625, 67.875, 1.6247675176608091e-21, nan 
154.875, 67.875, 1.6163899176011111e-21, nan 
155.125, 67.875, 2.2923737945024822e-21, nan 
155.375, 67.875, 2.2471533191261716e-21, nan 
155.625, 67.875, 2.2867795077415895e-21, nan 
155.875, 67.875, 1.4591647179743511e-21, nan 
156.125, 67.875, 9.21381840378398e-22, nan 
156.375, 67.875, 1.0813305074792805e-21, nan 
156.625, 67.875, 1.6837080906860777e-21, nan 
156.875, 67.875, 3.1296370002374786e-21, nan 
157.125, 67.875, 3.999794443491621e-21, nan 
157.375, 67.875, 3.3925036285097276e-21, nan 
157.625, 67.875, 5.116936495041044e-21, nan 
157.875, 67.875, 5.350575132919828e-21, nan 
158.125, 67.875, 4.039618020059171e-21, nan 
158.375, 67.875, 4.32368147318819e-21, nan 
158.625, 67.875, 2.915768462557971e-21, nan 
158.875, 67.875, 2.0404324560675523e-21, nan 
159.125, 67.875, 4.426186266698816e-21, nan 
159.375, 67.875, 1.933450267186441e-21, nan 
159.625, 67.875, 3.3740707499892483e-21, nan 
159.875, 67.875, 7.086128379047159e-21, nan 
160.125, 67.875, 5.487515786991694e-21, nan 
160.375, 67.875, 6.94815677373289e-21, nan 
160.625, 67.875, 1.3294551261386829e-20, nan 
160.875, 67.875, 1.2865950892124341e-20, nan 
161.125, 67.875, 9.590083334719422e-21, nan 
161.375, 67.875, 1.3017189463459973e-20, nan 
161.625, 67.875, 1.4377474262237073e-20, nan 
161.875, 67.875, 1.0249502962798166e-20, nan 
162.125, 67.875, 9.185901762656667e-21, nan 
162.375, 67.875, 1.3448359957170232e-20, nan 
162.625, 67.875, 1.762688239118929e-20, nan 
162.875, 67.875, 2.2099822583232474e-20, nan 
163.125, 67.875, 2.8757719362230575e-20, nan 
163.375, 67.875, 2.2129628859723656e-20, nan 
163.625, 67.875, 2.273851638937391e-20, nan 
163.875, 67.875, 1.158538181734959e-20, nan 
164.125, 67.875, 7.501787730886455e-21, nan 
164.375, 67.875, 5.163943000190254e-21, nan 
164.625, 67.875, 1.1680352802494064e-20, nan 
164.875, 67.875, 1.4556003721232108e-20, nan 
165.125, 67.875, 1.3803870228267553e-20, nan 
165.375, 67.875, 9.912588881922769e-21, nan 
165.625, 67.875, 1.3233284789814926e-20, nan 
165.875, 67.875, 1.1626539319054226e-20, nan 
166.125, 67.875, 1.1568969762679353e-20, nan 
166.375, 67.875, 6.54373515088519e-21, nan 
166.625, 67.875, 7.145752438778819e-21, nan 
166.875, 67.875, 6.877196129500552e-21, nan 
167.125, 67.875, 4.5543168902279946e-21, nan 
167.375, 67.875, 1.1941026423009987e-20, nan 
167.625, 67.875, 1.0953021528539198e-20, nan 
167.875, 67.875, 1.3952629844894697e-20, nan 
168.125, 67.875, 1.4766418506544948e-20, nan 
168.375, 67.875, 1.4090842427898264e-20, nan 
168.625, 67.875, 2.3222267022235473e-20, nan 
168.875, 67.875, 1.4904027613269596e-20, nan 
169.125, 67.875, 1.4346638400134318e-20, nan 
169.375, 67.875, 1.2963388626741064e-20, nan 
169.625, 67.875, 8.54676173184596e-21, nan 
169.875, 67.875, 8.167482862941218e-21, nan 
170.125, 67.875, 4.3136003006970634e-21, nan 
170.375, 67.875, 6.255793390191642e-21, nan 
170.625, 67.875, 4.294163887570798e-21, nan 
170.875, 67.875, 3.943223460316057e-21, nan 
171.125, 67.875, 8.533168707928229e-21, nan 
171.375, 67.875, 1.2221030946353265e-20, nan 
171.625, 67.875, 1.444821121385254e-20, nan 
171.875, 67.875, 8.454053205632303e-21, nan 
172.125, 67.875, 1.2383571022788778e-20, nan 
172.375, 67.875, 1.520109001155982e-20, nan 
172.625, 67.875, 7.247122441276286e-21, nan 
172.875, 67.875, 9.726845886623723e-21, nan 
173.125, 67.875, 1.3111864393938809e-20, nan 
173.375, 67.875, 5.73873076997946e-21, nan 
173.625, 67.875, 7.36266835004416e-21, nan 
173.875, 67.875, 7.151340304871802e-21, nan 
174.125, 67.875, 4.313030670147941e-21, nan 
174.375, 67.875, 7.050521702767722e-21, nan 
174.625, 67.875, 3.0811281522822807e-21, nan 
174.875, 67.875, 2.852496328047482e-21, nan 
175.125, 67.875, 1.4505294661993382e-21, nan 
175.375, 67.875, 2.621240300526907e-21, nan 
175.625, 67.875, 2.7603222456011523e-21, nan 
175.875, 67.875, 1.5271930342211706e-21, nan 
176.125, 67.875, 1.1649446766933687e-21, nan 
176.375, 67.875, 1.3361180848358174e-21, nan 
176.625, 67.875, 1.3646554351848479e-21, nan 
176.875, 67.875, 1.772844857965903e-21, nan 
177.125, 67.875, 2.3401733547674786e-21, nan 
177.375, 67.875, 9.282871010740204e-22, nan 
177.625, 67.875, 1.5609925152398007e-21, nan 
177.875, 67.875, 2.2698722527398087e-21, nan 
178.125, 67.875, 1.636892115753928e-21, nan 
178.375, 67.875, 1.2840478485340231e-21, nan 
178.625, 67.875, 1.6533167580430248e-21, nan 
178.875, 67.875, 1.3405255995773746e-21, nan 
179.125, 67.875, 1.2818042857862533e-21, nan 
179.375, 67.875, 1.0879841108085002e-21, nan 
179.625, 67.875, 4.54912489909323e-22, nan 
179.875, 67.875, 7.864821661104304e-22, nan 
-179.875, 68.125, 7.709050681953358e-22, nan 
-179.625, 68.125, 7.562419021435774e-22, nan 
-179.375, 68.125, 8.825372468688e-22, nan 
-179.125, 68.125, 6.280404098064694e-22, nan 
-178.875, 68.125, 7.681724833209932e-22, nan 
-178.625, 68.125, 6.698227559859118e-22, nan 
-178.375, 68.125, 9.0213545458293e-22, nan 
-178.125, 68.125, 4.640371843778618e-22, nan 
-177.875, 68.125, 7.163711125430746e-22, nan 
-177.625, 68.125, 7.823342057692707e-22, nan 
-177.375, 68.125, 8.287630657331478e-22, nan 
-177.125, 68.125, 6.165918799621641e-22, nan 
-176.875, 68.125, 8.145816922893149e-22, nan 
-176.625, 68.125, 6.011957582620675e-22, nan 
-176.375, 68.125, 4.737839842027344e-22, nan 
-176.125, 68.125, 5.270365310229331e-22, nan 
-175.875, 68.125, 2.8596730276422893e-22, nan 
-175.625, 68.125, 3.749350294341155e-22, nan 
-175.375, 68.125, 2.9252515508935987e-22, nan 
-175.125, 68.125, 2.7665249647585623e-22, nan 
-174.875, 68.125, 3.908195575641082e-22, nan 
-174.625, 68.125, 3.7466071159660484e-22, nan 
-174.375, 68.125, 4.348098112956434e-22, nan 
-174.125, 68.125, 3.350044950663595e-22, nan 
-173.875, 68.125, 2.8885926657343303e-22, nan 
-173.625, 68.125, 4.172820953011061e-22, nan 
-173.375, 68.125, 3.0569621215348533e-22, nan 
-173.125, 68.125, 2.0435556023337306e-22, nan 
-172.875, 68.125, 3.204108916937002e-22, nan 
-172.625, 68.125, 2.4875513298427057e-22, nan 
-172.375, 68.125, 1.63126646820162e-22, nan 
-172.125, 68.125, 2.303606676551591e-22, nan 
-171.875, 68.125, 1.4858042914426203e-22, nan 
-171.625, 68.125, 3.798302077426075e-22, nan 
-171.375, 68.125, 2.6398078862417813e-22, nan 
-171.125, 68.125, 3.047077504694063e-22, nan 
-170.875, 68.125, 3.5450139120973584e-22, nan 
-170.625, 68.125, 2.1609818920768766e-21, nan 
-170.375, 68.125, 3.7245646145672973e-22, nan 
-170.125, 68.125, 2.64867535474203e-22, nan 
-169.875, 68.125, 2.3920905464255087e-22, nan 
-169.625, 68.125, 2.363038053897329e-22, nan 
-169.375, 68.125, 9.013787351888354e-23, nan 
-169.125, 68.125, 2.095115083852495e-22, nan 
-168.875, 68.125, 4.1208822489302872e-22, nan 
-168.625, 68.125, 3.2447682445585886e-22, nan 
-168.375, 68.125, 3.0651768637274434e-22, nan 
-168.125, 68.125, 3.191174984784535e-22, nan 
-167.875, 68.125, 2.726058192737283e-22, nan 
-167.625, 68.125, 2.574204579192561e-22, nan 
-167.375, 68.125, 3.4364587308345564e-22, nan 
-167.125, 68.125, 3.8967828293324494e-22, nan 
-166.875, 68.125, 1.3203492934913289e-22, nan 
-166.625, 68.125, 1.3860716268377131e-22, nan 
-166.375, 68.125, 2.0291306242408185e-22, nan 
-166.125, 68.125, 2.4824315998326006e-22, nan 
-165.875, 68.125, 2.7289395954774167e-22, nan 
-165.625, 68.125, 2.1221308622660913e-22, nan 
-165.375, 68.125, 1.8537995196726044e-22, nan 
-165.125, 68.125, 3.3638890243216144e-22, nan 
-164.875, 68.125, 2.034988364967367e-22, nan 
-164.625, 68.125, 1.4775133172524765e-22, nan 
-164.375, 68.125, 1.742686151700715e-22, nan 
-164.125, 68.125, 1.4375617553388637e-22, nan 
-163.875, 68.125, 1.0686891809506682e-22, nan 
-163.625, 68.125, 8.54264233638736e-23, nan 
-163.375, 68.125, 2.7388250019933813e-23, nan 
-163.125, 68.125, 6.531403569200087e-23, nan 
-162.875, 68.125, 8.55277230280618e-23, nan 
-162.625, 68.125, 1.0567427184279238e-22, nan 
-162.375, 68.125, 2.560488339856005e-22, nan 
-162.125, 68.125, 2.0509626500520947e-22, nan 
-161.875, 68.125, 3.478500852434874e-22, nan 
-161.625, 68.125, 6.099564892827919e-22, nan 
-161.375, 68.125, 9.40629449916979e-22, nan 
-161.125, 68.125, 4.901226498165033e-22, nan 
-160.875, 68.125, 8.979473268379938e-22, nan 
-160.625, 68.125, 1.8540772252104823e-21, nan 
-160.375, 68.125, 2.0440350173303006e-22, nan 
-160.125, 68.125, 4.337418039471037e-22, nan 
-159.875, 68.125, 7.017551774255737e-22, nan 
-159.625, 68.125, 2.0672638440241404e-22, nan 
-159.375, 68.125, 2.1554098263523037e-22, nan 
-159.125, 68.125, 1.97415552088523e-22, nan 
-158.875, 68.125, 1.9591639962029112e-22, nan 
-158.625, 68.125, 1.8955668992272426e-22, nan 
-158.375, 68.125, 4.316032166044244e-22, nan 
-158.125, 68.125, 1.9030057699535774e-22, nan 
-157.875, 68.125, 9.15333100702212e-23, nan 
-157.625, 68.125, 1.696302069712136e-22, nan 
-157.375, 68.125, 1.6514007425167754e-22, nan 
-157.125, 68.125, 8.361214195246732e-23, nan 
-156.875, 68.125, 6.71742047775874e-23, nan 
-156.625, 68.125, 1.1607094487630244e-22, nan 
-156.375, 68.125, 8.187935615609663e-23, nan 
-156.125, 68.125, 4.2065773074679e-23, nan 
-155.875, 68.125, 5.6026174349742e-23, nan 
-155.625, 68.125, 7.142436868675508e-23, nan 
-155.375, 68.125, 5.545457830216492e-23, nan 
-155.125, 68.125, 9.297946376754077e-23, nan 
-154.875, 68.125, 4.157289182098356e-23, nan 
-154.625, 68.125, 5.864779785065251e-23, nan 
-154.375, 68.125, 7.730142184276225e-23, nan 
-154.125, 68.125, 4.347219321328856e-23, nan 
-153.875, 68.125, 6.085763638076221e-23, nan 
-153.625, 68.125, 7.515653632238999e-23, nan 
-153.375, 68.125, 1.2047919797538399e-22, nan 
-153.125, 68.125, 1.0449265365429849e-22, nan 
-152.875, 68.125, 7.889623210759273e-23, nan 
-152.625, 68.125, 1.652931113224906e-22, nan 
-152.375, 68.125, 5.079416124346199e-23, nan 
-152.125, 68.125, 3.812336395646731e-23, nan 
-151.875, 68.125, 8.998150436356493e-23, nan 
-151.625, 68.125, 2.809626952611545e-23, nan 
-151.375, 68.125, 2.9139799135616955e-23, nan 
-151.125, 68.125, 4.242920633514567e-23, nan 
-150.875, 68.125, 3.963169846347395e-23, nan 
-150.625, 68.125, 5.991504161403949e-23, nan 
-150.375, 68.125, 6.80788365982926e-23, nan 
-150.125, 68.125, 3.7357819833295595e-23, nan 
-149.875, 68.125, 3.301249591044008e-23, nan 
-149.625, 68.125, 3.286050800675078e-23, nan 
-149.375, 68.125, 2.429991829775194e-23, nan 
-149.125, 68.125, 1.537342356833355e-23, nan 
-148.875, 68.125, 3.814906375092656e-23, nan 
-148.625, 68.125, 2.8680486210966175e-23, nan 
-148.375, 68.125, 3.1221853679917566e-23, nan 
-148.125, 68.125, 5.401271016197358e-23, nan 
-147.875, 68.125, 5.862378702707279e-24, nan 
-147.625, 68.125, 2.7018250411755765e-23, nan 
-147.375, 68.125, 4.3691153853064986e-23, nan 
-147.125, 68.125, 4.673477246952313e-23, nan 
-146.875, 68.125, 4.3039535495755276e-23, nan 
-146.625, 68.125, 1.9761070120509772e-23, nan 
-146.375, 68.125, 2.4887105529642586e-23, nan 
-146.125, 68.125, 2.4016099395848406e-23, nan 
-145.875, 68.125, 3.757142294997736e-23, nan 
-145.625, 68.125, 2.304746258270201e-23, nan 
-145.375, 68.125, 4.162939612948798e-23, nan 
-145.125, 68.125, 6.620506198574885e-23, nan 
-144.875, 68.125, 4.6141949314619454e-23, nan 
-144.625, 68.125, 4.705963866649316e-23, nan 
-144.375, 68.125, 3.753434570284979e-23, nan 
-144.125, 68.125, 3.2408258901244403e-23, nan 
-143.875, 68.125, 5.383104993802843e-23, nan 
-143.625, 68.125, 5.555272081432686e-23, nan 
-143.375, 68.125, 2.6234773787586397e-23, nan 
-143.125, 68.125, 4.021667590238211e-23, nan 
-142.875, 68.125, 5.506486896622745e-23, nan 
-142.625, 68.125, 3.2312694526713426e-23, nan 
-142.375, 68.125, 2.791710613122188e-23, nan 
-142.125, 68.125, 3.225866008174864e-23, nan 
-141.875, 68.125, 3.3601718164797195e-23, nan 
-141.625, 68.125, 2.612533363413896e-23, nan 
-141.375, 68.125, 2.8544393457789623e-23, nan 
-141.125, 68.125, 3.378930964747086e-23, nan 
-140.875, 68.125, 3.732502362359823e-23, nan 
-140.625, 68.125, 3.921712445870509e-23, nan 
-140.375, 68.125, 3.7688922595807006e-23, nan 
-140.125, 68.125, 2.9282785506253264e-23, nan 
-139.875, 68.125, 2.968262313456717e-23, nan 
-139.625, 68.125, 1.6212734258479367e-23, nan 
-139.375, 68.125, 2.6153535494303505e-23, nan 
-139.125, 68.125, 1.7747138566303296e-23, nan 
-138.875, 68.125, 1.972030933938052e-23, nan 
-138.625, 68.125, 2.2202556756710283e-23, nan 
-138.375, 68.125, 1.8327044390818744e-23, nan 
-138.125, 68.125, 1.45091933667692e-23, nan 
-137.875, 68.125, 1.4130413857080153e-23, nan 
-137.625, 68.125, 2.690837869817274e-23, nan 
-137.375, 68.125, 1.9868484547882174e-23, nan 
-137.125, 68.125, 1.7696664262559783e-23, nan 
-136.875, 68.125, 2.405700130540288e-23, nan 
-136.625, 68.125, 1.7370376480448608e-23, nan 
-136.375, 68.125, 2.6821809232667667e-23, nan 
-136.125, 68.125, 2.617926133792832e-23, nan 
-135.875, 68.125, 1.4309135828857254e-23, nan 
-135.625, 68.125, 1.7712039646101345e-23, nan 
-135.375, 68.125, 1.8890812657677172e-23, nan 
-135.125, 68.125, 2.280569389490584e-23, nan 
-134.875, 68.125, 9.584677974854192e-24, nan 
-134.625, 68.125, 1.4228760782649413e-23, nan 
-134.375, 68.125, 2.5184549993922683e-23, nan 
-134.125, 68.125, 1.4623827306911975e-23, nan 
-133.875, 68.125, 1.0400467199185663e-23, nan 
-133.625, 68.125, 3.269563026040149e-23, nan 
-133.375, 68.125, 1.6849295904879724e-23, nan 
-133.125, 68.125, 1.055951878165566e-23, nan 
-132.875, 68.125, 2.6274630093698677e-23, nan 
-132.625, 68.125, 2.5130841936869844e-23, nan 
-132.375, 68.125, 1.0460028261141242e-23, nan 
-132.125, 68.125, 1.2745551940414694e-23, nan 
-131.875, 68.125, 8.114999334030888e-24, nan 
-131.625, 68.125, 1.0061266582016347e-23, nan 
-131.375, 68.125, 9.697545957259852e-24, nan 
-131.125, 68.125, 6.709284387984497e-24, nan 
-130.875, 68.125, 5.812546550688024e-24, nan 
-130.625, 68.125, 1.0836455899993282e-23, nan 
-130.375, 68.125, 4.566313393527499e-24, nan 
-130.125, 68.125, 4.884552013382741e-24, nan 
-129.875, 68.125, 5.960509925709694e-24, nan 
-129.625, 68.125, 1.2077635301959391e-23, nan 
-129.375, 68.125, 1.4589850802858213e-23, nan 
-129.125, 68.125, 1.332926359827694e-23, nan 
-128.875, 68.125, 2.7240654216896675e-23, nan 
-128.625, 68.125, 3.177998832440824e-23, nan 
-128.375, 68.125, 3.138633070762493e-23, nan 
-128.125, 68.125, 4.1411863995284186e-23, nan 
-127.875, 68.125, 4.4756475390001e-23, nan 
-127.625, 68.125, 1.4794761263638126e-23, nan 
-127.375, 68.125, 2.3085959566378626e-23, nan 
-127.125, 68.125, 1.834367100620203e-23, nan 
-126.875, 68.125, 4.9334224033264776e-24, nan 
-126.625, 68.125, 1.2593522111088406e-23, nan 
-126.375, 68.125, 1.0284994085100833e-23, nan 
-126.125, 68.125, 3.404326435434397e-23, nan 
-125.875, 68.125, 5.1411340068812157e-23, nan 
-125.625, 68.125, 4.2656603236841034e-23, nan 
-125.375, 68.125, 3.9576611220555415e-23, nan 
-125.125, 68.125, 6.183018674193948e-23, nan 
-124.875, 68.125, 6.155618827725285e-23, nan 
-124.625, 68.125, 5.57370203563616e-23, nan 
-124.375, 68.125, 1.0606128857167718e-23, nan 
-124.125, 68.125, 1.9021915365607007e-23, nan 
-123.875, 68.125, 2.2970620667382085e-23, nan 
-123.625, 68.125, 2.4477584755634733e-23, nan 
-123.375, 68.125, 1.5014346626884658e-23, nan 
-123.125, 68.125, 2.58568398218971e-23, nan 
-122.875, 68.125, 2.4710369156785335e-23, nan 
-122.625, 68.125, 1.7062807195339192e-23, nan 
-122.375, 68.125, 1.2786506888278445e-23, nan 
-122.125, 68.125, 1.7133921743876603e-23, nan 
-121.875, 68.125, 8.737774060028967e-24, nan 
-121.625, 68.125, 2.3246536351963756e-24, nan 
-121.375, 68.125, 1.5446028769784244e-23, nan 
-121.125, 68.125, 3.6812709195269386e-24, nan 
-120.875, 68.125, 1.3856636767336172e-23, nan 
-120.625, 68.125, 8.599388083596794e-24, nan 
-120.375, 68.125, 1.4423337957317945e-23, nan 
-120.125, 68.125, 1.5419446516752445e-23, nan 
-119.875, 68.125, 1.465555640454717e-23, nan 
-119.625, 68.125, 9.669115690143858e-24, nan 
-119.375, 68.125, 1.6260371110653606e-23, nan 
-119.125, 68.125, 1.5209889181919324e-23, nan 
91.375, 68.125, 7.079140758869885e-24, nan 
91.625, 68.125, 1.7148124109126592e-23, nan 
91.875, 68.125, 1.271640789415532e-23, nan 
92.125, 68.125, 4.843685811417848e-23, nan 
92.375, 68.125, 6.905137390058584e-23, nan 
92.625, 68.125, 1.9716702305025581e-22, nan 
92.875, 68.125, 2.2490233360075525e-22, nan 
93.125, 68.125, 1.6221592272967698e-22, nan 
93.375, 68.125, 3.087917292796488e-23, nan 
93.625, 68.125, 1.804170960654768e-23, nan 
93.875, 68.125, 2.249956578225956e-23, nan 
94.125, 68.125, 2.489687621289972e-23, nan 
94.375, 68.125, 2.3371789747913172e-23, nan 
94.625, 68.125, 2.1170876497196195e-23, nan 
94.875, 68.125, 1.741900590011912e-23, nan 
95.125, 68.125, 1.2901573907483347e-23, nan 
95.375, 68.125, 1.1814491829220767e-23, nan 
95.625, 68.125, 1.0697266901655148e-23, nan 
95.875, 68.125, 7.427132017435802e-24, nan 
96.125, 68.125, 3.8568499201408054e-24, nan 
96.375, 68.125, 1.2856646629717291e-23, nan 
96.625, 68.125, 1.5263187051843815e-23, nan 
96.875, 68.125, 1.0418208325690363e-23, nan 
97.125, 68.125, 1.2025381165549084e-23, nan 
97.375, 68.125, 7.433328597613459e-24, nan 
97.625, 68.125, 6.5524717424935744e-24, nan 
97.875, 68.125, 9.336749312440704e-24, nan 
98.125, 68.125, 5.1098898974158335e-24, nan 
98.375, 68.125, 3.0804839062420417e-24, nan 
98.625, 68.125, 1.0699965422311176e-23, nan 
98.875, 68.125, 1.2971046769774263e-23, nan 
99.125, 68.125, 9.290490095670467e-24, nan 
99.375, 68.125, 7.018785475859231e-24, nan 
99.625, 68.125, 1.3674489000577262e-23, nan 
99.875, 68.125, 1.0787063829644327e-23, nan 
100.125, 68.125, 6.35871041131852e-24, nan 
100.375, 68.125, 6.78354351780858e-24, nan 
100.625, 68.125, 7.187678145663326e-24, nan 
100.875, 68.125, 7.602810664993302e-24, nan 
101.125, 68.125, 1.0749028908493058e-23, nan 
101.375, 68.125, 1.0921253254459643e-23, nan 
101.625, 68.125, 7.885026554399496e-24, nan 
101.875, 68.125, 9.629310348352874e-24, nan 
102.125, 68.125, 1.2805442469252665e-23, nan 
102.375, 68.125, 1.1029002262732833e-23, nan 
102.625, 68.125, 1.4208169689183503e-23, nan 
102.875, 68.125, 8.487865165231424e-24, nan 
103.125, 68.125, 1.2441817327227939e-23, nan 
103.375, 68.125, 3.046035280841121e-23, nan 
103.625, 68.125, 2.1658704261815178e-23, nan 
103.875, 68.125, 1.6811940080930634e-23, nan 
104.125, 68.125, 2.127624428763087e-23, nan 
104.375, 68.125, 2.2798681282345235e-23, nan 
104.625, 68.125, 1.557403136234932e-23, nan 
104.875, 68.125, 1.5356273377342205e-23, nan 
105.125, 68.125, 1.5987693043895435e-23, nan 
105.375, 68.125, 1.1911001671482804e-23, nan 
105.625, 68.125, 1.1004847668232792e-23, nan 
105.875, 68.125, 1.126314174195182e-23, nan 
106.125, 68.125, 1.0055273011934807e-23, nan 
106.375, 68.125, 9.220911859901659e-24, nan 
106.625, 68.125, 1.0183525303125663e-23, nan 
106.875, 68.125, 7.090735853070687e-24, nan 
107.125, 68.125, 7.437969514019877e-24, nan 
107.375, 68.125, 1.1139545124018968e-23, nan 
107.625, 68.125, 8.227934642306759e-24, nan 
107.875, 68.125, 4.4196541263211426e-24, nan 
108.125, 68.125, 6.276971648239815e-24, nan 
108.375, 68.125, 9.790604363046523e-24, nan 
108.625, 68.125, 6.4246922776402466e-24, nan 
108.875, 68.125, 7.186476137573697e-24, nan 
109.125, 68.125, 1.1696209697226209e-23, nan 
109.375, 68.125, 9.919524604283267e-24, nan 
109.625, 68.125, 1.0047061168621797e-23, nan 
109.875, 68.125, 9.723531368959514e-24, nan 
110.125, 68.125, 7.348650851515993e-24, nan 
110.375, 68.125, 7.658970483163384e-24, nan 
110.625, 68.125, 5.104265054171953e-24, nan 
110.875, 68.125, 5.705770042297218e-24, nan 
111.125, 68.125, 9.13371344963941e-24, nan 
111.375, 68.125, 6.218114982902721e-24, nan 
111.625, 68.125, 7.11790259216677e-24, nan 
111.875, 68.125, 9.40002847231989e-24, nan 
112.125, 68.125, 1.2961003696655968e-23, nan 
112.375, 68.125, 1.563985462098397e-23, nan 
112.625, 68.125, 1.5158076052715596e-23, nan 
112.875, 68.125, 2.3036360977647646e-23, nan 
113.125, 68.125, 5.496679131358924e-23, nan 
113.375, 68.125, 6.010417933756475e-23, nan 
113.625, 68.125, 5.412193636306825e-23, nan 
113.875, 68.125, 4.338929682650309e-23, nan 
114.125, 68.125, 4.5535137158918164e-23, nan 
114.375, 68.125, 3.83172917243427e-23, nan 
114.625, 68.125, 3.8049616110434606e-23, nan 
114.875, 68.125, 5.164582883094929e-23, nan 
115.125, 68.125, 4.696400765863346e-23, nan 
115.375, 68.125, 3.28544898391816e-23, nan 
115.625, 68.125, 2.8265179213333057e-23, nan 
115.875, 68.125, 3.04732123155216e-23, nan 
116.125, 68.125, 3.1458536373090106e-23, nan 
116.375, 68.125, 2.7638349780868705e-23, nan 
116.625, 68.125, 3.122844590555102e-23, nan 
116.875, 68.125, 3.630918072721353e-23, nan 
117.125, 68.125, 3.017789942586181e-23, nan 
117.375, 68.125, 2.0191621454848628e-23, nan 
117.625, 68.125, 2.315400071049876e-23, nan 
117.875, 68.125, 3.324450653336826e-23, nan 
118.125, 68.125, 2.5775885369754755e-23, nan 
118.375, 68.125, 1.329290850300246e-23, nan 
118.625, 68.125, 2.5796205402251997e-23, nan 
118.875, 68.125, 1.7120187365453533e-23, nan 
119.125, 68.125, 1.7384546089817084e-23, nan 
119.375, 68.125, 1.8356426251969692e-23, nan 
119.625, 68.125, 1.6401104775829556e-23, nan 
119.875, 68.125, 2.164458894063419e-23, nan 
120.125, 68.125, 1.1065347706010864e-23, nan 
120.375, 68.125, 1.3371271596793737e-23, nan 
120.625, 68.125, 1.8530645887988452e-23, nan 
120.875, 68.125, 2.6128254509374254e-23, nan 
121.125, 68.125, 2.7919849685046343e-23, nan 
121.375, 68.125, 3.0260576193910505e-23, nan 
121.625, 68.125, 2.724968680644173e-23, nan 
121.875, 68.125, 2.2434539145614686e-23, nan 
122.125, 68.125, 2.321775376457078e-23, nan 
122.375, 68.125, 2.0546867229335962e-23, nan 
122.625, 68.125, 3.3238995496087765e-23, nan 
122.875, 68.125, 2.3541944441678617e-23, nan 
123.125, 68.125, 2.0526547102836508e-23, nan 
123.375, 68.125, 4.3754326490539994e-23, nan 
123.625, 68.125, 2.504689160331751e-23, nan 
123.875, 68.125, 1.4759560694771385e-23, nan 
124.125, 68.125, 3.513808805639284e-23, nan 
124.375, 68.125, 2.9498159170313664e-23, nan 
124.625, 68.125, 2.9167625203867984e-23, nan 
124.875, 68.125, 3.660772547967405e-23, nan 
125.125, 68.125, 2.529330937804739e-23, nan 
125.375, 68.125, 2.4987278431276774e-23, nan 
125.625, 68.125, 2.0006406062950465e-23, nan 
125.875, 68.125, 2.1936145555607448e-23, nan 
126.125, 68.125, 3.8664606592968466e-23, nan 
126.375, 68.125, 4.1919042070325583e-23, nan 
126.625, 68.125, 4.955904944255421e-23, nan 
126.875, 68.125, 1.0548139182511129e-22, nan 
127.125, 68.125, 7.456670926451597e-23, nan 
127.375, 68.125, 3.8634850139182177e-23, nan 
127.625, 68.125, 8.250608592666642e-23, nan 
127.875, 68.125, 6.462494263801364e-23, nan 
128.125, 68.125, 2.943443795706855e-23, nan 
128.375, 68.125, 4.2231170557408986e-23, nan 
128.625, 68.125, 4.570839541864733e-23, nan 
128.875, 68.125, 3.670524533329133e-23, nan 
129.125, 68.125, 3.9061394409498785e-23, nan 
129.375, 68.125, 3.403412131835013e-23, nan 
129.625, 68.125, 4.0057312264165673e-23, nan 
129.875, 68.125, 4.446597290215302e-23, nan 
130.125, 68.125, 4.36513618614969e-23, nan 
130.375, 68.125, 3.3583355761789825e-23, nan 
130.625, 68.125, 3.790482606645037e-23, nan 
130.875, 68.125, 3.863241534358831e-23, nan 
131.125, 68.125, 2.5463835768746278e-23, nan 
131.375, 68.125, 4.655446396362178e-23, nan 
131.625, 68.125, 6.933147130007641e-23, nan 
131.875, 68.125, 3.51026249822453e-23, nan 
132.125, 68.125, 3.9149235909301873e-23, nan 
132.375, 68.125, 6.89554407388204e-23, nan 
132.625, 68.125, 5.270563352174648e-23, nan 
132.875, 68.125, 2.8560715417194045e-23, nan 
133.125, 68.125, 2.519032550435804e-23, nan 
133.375, 68.125, 3.43787674846573e-23, nan 
133.625, 68.125, 6.59467089881605e-23, nan 
133.875, 68.125, 4.647824081437333e-23, nan 
134.125, 68.125, 4.113585673444144e-23, nan 
134.375, 68.125, 7.161062479232614e-23, nan 
134.625, 68.125, 7.992008191248114e-23, nan 
134.875, 68.125, 6.550616630962723e-23, nan 
135.125, 68.125, 7.970545594123539e-23, nan 
135.375, 68.125, 1.0900796492259287e-22, nan 
135.625, 68.125, 1.489299804865031e-22, nan 
135.875, 68.125, 1.027573040949643e-22, nan 
136.125, 68.125, 6.36017868210461e-23, nan 
136.375, 68.125, 1.4433535198583324e-22, nan 
136.625, 68.125, 3.35793629139021e-22, nan 
136.875, 68.125, 3.7686631442088907e-22, nan 
137.125, 68.125, 3.6837864531287835e-22, nan 
137.375, 68.125, 3.773631897538393e-22, nan 
137.625, 68.125, 4.175010981061964e-22, nan 
137.875, 68.125, 4.933973952626877e-22, nan 
138.125, 68.125, 4.384209404634039e-22, nan 
138.375, 68.125, 3.687027466674206e-22, nan 
138.625, 68.125, 3.9785183051105825e-22, nan 
138.875, 68.125, 3.8304974064156028e-22, nan 
139.125, 68.125, 3.1652371029090777e-22, nan 
139.375, 68.125, 1.0404058257306628e-22, nan 
139.625, 68.125, 2.4285070456063836e-22, nan 
139.875, 68.125, 1.7202695185967239e-22, nan 
140.125, 68.125, 1.7499802082966015e-22, nan 
140.375, 68.125, 1.970333905296086e-22, nan 
140.625, 68.125, 2.4159757812681275e-22, nan 
140.875, 68.125, 2.6470418185949675e-22, nan 
141.125, 68.125, 2.545790913620192e-22, nan 
141.375, 68.125, 2.316094336831992e-22, nan 
141.625, 68.125, 2.383130889998603e-22, nan 
141.875, 68.125, 3.0861976029828776e-22, nan 
142.125, 68.125, 2.7287051774254746e-22, nan 
142.375, 68.125, 2.1711863137252e-22, nan 
142.625, 68.125, 7.265075776033723e-23, nan 
142.875, 68.125, 2.7843022558078605e-22, nan 
143.125, 68.125, 2.9320360954415265e-22, nan 
143.375, 68.125, 2.5702323983510025e-22, nan 
143.625, 68.125, 7.003054957027192e-22, nan 
143.875, 68.125, 5.227607301391267e-22, nan 
144.125, 68.125, 1.4969708130527556e-22, nan 
144.375, 68.125, 2.981454094979567e-22, nan 
144.625, 68.125, 2.7591706167851335e-22, nan 
144.875, 68.125, 3.7810405319989965e-22, nan 
145.125, 68.125, 3.3371022425293444e-22, nan 
145.375, 68.125, 3.071439543135329e-22, nan 
145.625, 68.125, 3.525277851941211e-22, nan 
145.875, 68.125, 2.6744787380020657e-22, nan 
146.125, 68.125, 2.604963155385545e-22, nan 
146.375, 68.125, 1.2525399857514445e-22, nan 
146.625, 68.125, 2.9330752117150613e-22, nan 
146.875, 68.125, 2.5323983811181846e-22, nan 
147.125, 68.125, 3.355439278623121e-22, nan 
147.375, 68.125, 3.8400425931084308e-22, nan 
147.625, 68.125, 3.6244994582714117e-22, nan 
147.875, 68.125, 4.428808897001886e-22, nan 
148.125, 68.125, 2.168331010432567e-22, nan 
148.375, 68.125, 1.4320153071446213e-22, nan 
148.625, 68.125, 2.276945634778932e-22, nan 
148.875, 68.125, 2.2521417922866287e-22, nan 
149.125, 68.125, 2.3321214914366813e-22, nan 
149.375, 68.125, 6.034301687386704e-22, nan 
149.625, 68.125, 4.309223508074568e-22, nan 
149.875, 68.125, 3.00013081114111e-22, nan 
150.125, 68.125, 6.575966823311564e-22, nan 
150.375, 68.125, 9.594003979379562e-22, nan 
150.625, 68.125, 1.0247785593927053e-21, nan 
150.875, 68.125, 1.0626260120000365e-21, nan 
151.125, 68.125, 1.7932990585030686e-21, nan 
151.375, 68.125, 1.9411477940635367e-21, nan 
151.625, 68.125, 1.1551009549314237e-21, nan 
151.875, 68.125, 1.6250222699594218e-21, nan 
152.125, 68.125, 1.3393282063206095e-21, nan 
152.375, 68.125, 1.2311593694507786e-21, nan 
152.625, 68.125, 1.9363020704330116e-21, nan 
152.875, 68.125, 2.0360982958603593e-21, nan 
153.125, 68.125, 2.6294950372994063e-21, nan 
153.375, 68.125, 2.134483201829631e-21, nan 
153.625, 68.125, 9.965182383871866e-22, nan 
153.875, 68.125, 7.358169355218485e-22, nan 
154.125, 68.125, 9.902165443548267e-22, nan 
154.375, 68.125, 1.6633045402993016e-21, nan 
154.625, 68.125, 1.8844132287774285e-21, nan 
154.875, 68.125, 1.9487606036982014e-21, nan 
155.125, 68.125, 1.708951903840043e-21, nan 
155.375, 68.125, 2.278149426905399e-21, nan 
155.625, 68.125, 2.5986268900480087e-21, nan 
155.875, 68.125, 1.802775623403053e-21, nan 
156.125, 68.125, 1.848456485986222e-21, nan 
156.375, 68.125, 2.1375436243990675e-21, nan 
156.625, 68.125, 2.2890549469433654e-21, nan 
156.875, 68.125, 2.9417651362841563e-21, nan 
157.125, 68.125, 3.475469843668542e-21, nan 
157.375, 68.125, 3.2794698565983393e-21, nan 
157.625, 68.125, 4.341148590456348e-21, nan 
157.875, 68.125, 3.3674560749978357e-21, nan 
158.125, 68.125, 4.1105886024392984e-21, nan 
158.375, 68.125, 4.5326346002896856e-21, nan 
158.625, 68.125, 4.0337689236119615e-21, nan 
158.875, 68.125, 2.6871912420231064e-21, nan 
159.125, 68.125, 5.546788136463242e-21, nan 
159.375, 68.125, 7.576852353633372e-21, nan 
159.625, 68.125, 7.130198454587358e-21, nan 
159.875, 68.125, 9.492690976547415e-21, nan 
160.125, 68.125, 1.048228687225237e-20, nan 
160.375, 68.125, 9.163289305142237e-21, nan 
160.625, 68.125, 1.6455500945906756e-20, nan 
160.875, 68.125, 1.9195426905493952e-20, nan 
161.125, 68.125, 1.3734809981136304e-20, nan 
161.375, 68.125, 1.7206453433763412e-20, nan 
161.625, 68.125, 2.045508701174524e-20, nan 
161.875, 68.125, 1.5066174564943893e-20, nan 
162.125, 68.125, 8.64255030185055e-21, nan 
162.375, 68.125, 5.5596731721550706e-21, nan 
162.625, 68.125, 7.96766736352848e-21, nan 
162.875, 68.125, 8.603278829082734e-21, nan 
163.125, 68.125, 8.595405341405138e-21, nan 
163.375, 68.125, 7.83179253955725e-21, nan 
163.625, 68.125, 1.3127266694070115e-20, nan 
163.875, 68.125, 7.190721239444177e-21, nan 
164.125, 68.125, 1.0132303136089642e-20, nan 
164.375, 68.125, 1.1486717046717348e-20, nan 
164.625, 68.125, 9.606852088647516e-21, nan 
164.875, 68.125, 1.5945836700353498e-20, nan 
165.125, 68.125, 1.3366330047813082e-20, nan 
165.375, 68.125, 8.192140334706347e-21, nan 
165.625, 68.125, 1.0232282162046516e-20, nan 
165.875, 68.125, 1.1299456463266148e-20, nan 
166.125, 68.125, 1.9532653320556378e-20, nan 
166.375, 68.125, 2.6138575822305317e-20, nan 
166.625, 68.125, 2.3855456664805635e-20, nan 
166.875, 68.125, 2.3407333443477122e-20, nan 
167.125, 68.125, 1.5282287692319638e-20, nan 
167.375, 68.125, 7.372416849673196e-21, nan 
167.625, 68.125, 1.130551360497873e-20, nan 
167.875, 68.125, 1.195660014119082e-20, nan 
168.125, 68.125, 1.8149463989490096e-20, nan 
168.375, 68.125, 2.3099540979494663e-20, nan 
168.625, 68.125, 2.2180286674324617e-20, nan 
168.875, 68.125, 1.967731985386547e-20, nan 
169.125, 68.125, 1.931682041314747e-20, nan 
169.375, 68.125, 1.6729246484534395e-20, nan 
169.625, 68.125, 1.274137345367918e-20, nan 
169.875, 68.125, 1.0873865041591984e-20, nan 
170.125, 68.125, 1.1688659163875218e-20, nan 
170.375, 68.125, 8.307034793356598e-21, nan 
170.625, 68.125, 5.7611614958330876e-21, nan 
170.875, 68.125, 6.1960712320738666e-21, nan 
171.125, 68.125, 5.347601043464874e-21, nan 
171.375, 68.125, 6.595158856652946e-21, nan 
171.625, 68.125, 1.0786146946169467e-20, nan 
171.875, 68.125, 7.113841456357993e-21, nan 
172.125, 68.125, 1.0200756597106762e-20, nan 
172.375, 68.125, 2.00771252654487e-20, nan 
172.625, 68.125, 1.2142837211899382e-20, nan 
172.875, 68.125, 1.1447772267258528e-20, nan 
173.125, 68.125, 1.1397483711306949e-20, nan 
173.375, 68.125, 8.409445503009783e-21, nan 
173.625, 68.125, 5.6814926986272466e-21, nan 
173.875, 68.125, 4.400296123888037e-21, nan 
174.125, 68.125, 5.0159151803171634e-21, nan 
174.375, 68.125, 1.7427503671117452e-21, nan 
174.625, 68.125, 2.305040442070121e-21, nan 
174.875, 68.125, 1.225960067004774e-21, nan 
175.125, 68.125, 1.6555223620829886e-21, nan 
175.375, 68.125, 2.1801522802841975e-21, nan 
175.625, 68.125, 2.0720412852974883e-21, nan 
175.875, 68.125, 1.6239011835282654e-21, nan 
176.125, 68.125, 2.3044870338161055e-21, nan 
176.375, 68.125, 1.7360253023446235e-21, nan 
176.625, 68.125, 1.5231800685013033e-21, nan 
176.875, 68.125, 1.9746413643715713e-21, nan 
177.125, 68.125, 2.0719815894418623e-21, nan 
177.375, 68.125, 1.859249791480853e-21, nan 
177.625, 68.125, 2.099372954977171e-21, nan 
177.875, 68.125, 2.7934847074641676e-21, nan 
178.125, 68.125, 2.2831189339236808e-21, nan 
178.375, 68.125, 1.6686412387811225e-21, nan 
178.625, 68.125, 1.991971836727878e-21, nan 
178.875, 68.125, 1.7728319979911227e-21, nan 
179.125, 68.125, 1.100555827137586e-21, nan 
179.375, 68.125, 6.66186265017358e-22, nan 
179.625, 68.125, 3.417284518905446e-22, nan 
179.875, 68.125, 6.158375919749197e-22, nan 
-179.875, 68.375, 1.5018517664272172e-21, nan 
-179.625, 68.375, 1.816371292509514e-21, nan 
-179.375, 68.375, 1.4068566095125522e-21, nan 
-179.125, 68.375, 1.1565559561346995e-21, nan 
-178.875, 68.375, 1.7221634838817227e-21, nan 
-178.625, 68.375, 1.1573084128584135e-21, nan 
-178.375, 68.375, 9.435097815431607e-22, nan 
-178.125, 68.375, 1.1924142324512742e-21, nan 
-177.875, 68.375, 1.1571856322220677e-21, nan 
-177.625, 68.375, 1.0976428038500007e-21, nan 
-177.375, 68.375, 1.0929717753618032e-21, nan 
-177.125, 68.375, 1.008454244593567e-21, nan 
-176.875, 68.375, 9.12424160053429e-22, nan 
-176.625, 68.375, 5.927633646165517e-22, nan 
-176.375, 68.375, 5.984055499496556e-22, nan 
-176.125, 68.375, 5.454096681581319e-22, nan 
-175.875, 68.375, 2.747043623802753e-22, nan 
-175.625, 68.375, 3.6911736262739955e-22, nan 
-175.375, 68.375, 3.5532375854894004e-22, nan 
-175.125, 68.375, 1.9672843069210905e-22, nan 
-174.875, 68.375, 4.368906521289144e-22, nan 
-174.625, 68.375, 4.842833081357359e-22, nan 
-174.375, 68.375, 3.015346609799613e-22, nan 
-174.125, 68.375, 4.175164311442969e-22, nan 
-173.875, 68.375, 4.066728632341339e-22, nan 
-173.625, 68.375, 3.8290146091428173e-22, nan 
-173.375, 68.375, 3.545363627721518e-22, nan 
-173.125, 68.375, 1.654279809895419e-22, nan 
-172.875, 68.375, 3.5184008030758157e-22, nan 
-172.625, 68.375, 2.466176814278436e-22, nan 
-172.375, 68.375, 4.1495041991993185e-22, nan 
-172.125, 68.375, 4.517098949998635e-22, nan 
-171.875, 68.375, 1.4703284538468755e-22, nan 
-171.625, 68.375, 4.484022269478534e-22, nan 
-171.375, 68.375, 2.183190885955479e-21, nan 
-171.125, 68.375, 6.024024609108262e-22, nan 
-170.875, 68.375, 4.360046640670449e-22, nan 
-170.625, 68.375, 4.161704641230475e-21, nan 
-170.375, 68.375, 7.242499739878134e-22, nan 
-170.125, 68.375, 7.49654706003635e-22, nan 
-169.875, 68.375, 1.8725665278479124e-21, nan 
-169.625, 68.375, 4.97818264356625e-22, nan 
-169.375, 68.375, 5.730352504110778e-22, nan 
-169.125, 68.375, 5.710583326754739e-22, nan 
-168.875, 68.375, 4.630647352826862e-22, nan 
-168.625, 68.375, 4.986784469796692e-22, nan 
-168.375, 68.375, 4.1689290230351027e-22, nan 
-168.125, 68.375, 2.1023254621377274e-22, nan 
-167.875, 68.375, 1.8651489404124546e-22, nan 
-167.625, 68.375, 2.691164973956058e-22, nan 
-167.375, 68.375, 3.084123234671376e-22, nan 
-167.125, 68.375, 2.917895292977441e-22, nan 
-166.875, 68.375, 1.7849516361457946e-22, nan 
-166.625, 68.375, 2.212767712850174e-22, nan 
-166.375, 68.375, 1.8008966626172445e-22, nan 
-166.125, 68.375, 2.4939355434176384e-22, nan 
-165.875, 68.375, 3.1913802788844583e-22, nan 
-165.625, 68.375, 2.7731609132983997e-22, nan 
-165.375, 68.375, 1.964651293969416e-22, nan 
-165.125, 68.375, 3.310856699449923e-22, nan 
-164.875, 68.375, 2.631784071326273e-22, nan 
-164.625, 68.375, 2.0763072564663256e-22, nan 
-164.375, 68.375, 7.467374732329774e-23, nan 
-164.125, 68.375, 7.342816885223543e-23, nan 
-163.875, 68.375, 6.213319348792815e-23, nan 
-163.625, 68.375, 8.707036096113118e-23, nan 
-163.375, 68.375, 4.854338018582407e-23, nan 
-163.125, 68.375, 6.692622974253859e-23, nan 
-162.875, 68.375, 7.75786414305294e-23, nan 
-162.625, 68.375, 8.554130642438109e-23, nan 
-162.375, 68.375, 8.701719925312287e-23, nan 
-162.125, 68.375, 2.3831363889713934e-22, nan 
-161.875, 68.375, 2.239487168427241e-22, nan 
-161.625, 68.375, 3.8273935236987593e-22, nan 
-161.375, 68.375, 3.1071104202870905e-22, nan 
-161.125, 68.375, 3.671274885121744e-22, nan 
-160.875, 68.375, 6.214099423180069e-22, nan 
-160.625, 68.375, 1.2015742245276835e-21, nan 
-160.375, 68.375, 2.5105661545794157e-22, nan 
-160.125, 68.375, 1.4286770146190842e-22, nan 
-159.875, 68.375, 1.8611697777015058e-22, nan 
-159.625, 68.375, 1.581935750570549e-22, nan 
-159.375, 68.375, 1.5223275412019495e-22, nan 
-159.125, 68.375, 1.1081795328363804e-22, nan 
-158.875, 68.375, 2.0526380555116428e-22, nan 
-158.625, 68.375, 2.1116980068569398e-22, nan 
-158.375, 68.375, 3.2798393384657716e-22, nan 
-158.125, 68.375, 1.637010545787096e-22, nan 
-157.875, 68.375, 1.0865895104624072e-22, nan 
-157.625, 68.375, 1.1596749293205623e-22, nan 
-157.375, 68.375, 8.607221093795326e-23, nan 
-157.125, 68.375, 1.0230215264003011e-22, nan 
-156.875, 68.375, 8.487303891120761e-23, nan 
-156.625, 68.375, 1.0520315918584497e-22, nan 
-156.375, 68.375, 8.915711950539985e-23, nan 
-156.125, 68.375, 7.396073276245868e-23, nan 
-155.875, 68.375, 1.0024472535796649e-22, nan 
-155.625, 68.375, 5.0535205598151593e-23, nan 
-155.375, 68.375, 4.7279404783856603e-23, nan 
-155.125, 68.375, 7.629813625023863e-23, nan 
-154.875, 68.375, 4.684025034342582e-23, nan 
-154.625, 68.375, 4.1633114597498265e-23, nan 
-154.375, 68.375, 3.5019212943418713e-23, nan 
-154.125, 68.375, 3.589938320967033e-23, nan 
-153.875, 68.375, 2.8847082225407274e-23, nan 
-153.625, 68.375, 2.0751833054931488e-23, nan 
-153.375, 68.375, 5.14126107890813e-23, nan 
-153.125, 68.375, 5.91572683803311e-23, nan 
-152.875, 68.375, 6.135073163453813e-23, nan 
-152.625, 68.375, 1.0461152314265979e-22, nan 
-152.375, 68.375, 5.592767842626343e-23, nan 
-152.125, 68.375, 2.980114011444522e-23, nan 
-151.875, 68.375, 1.4185289206573424e-23, nan 
-151.625, 68.375, 5.078710885998953e-23, nan 
-151.375, 68.375, 4.270845263944217e-23, nan 
-151.125, 68.375, 3.990361223325333e-23, nan 
-150.875, 68.375, 5.686368943302014e-23, nan 
-150.625, 68.375, 5.458185930193954e-23, nan 
-150.375, 68.375, 4.083736747134906e-23, nan 
-150.125, 68.375, 2.755280521578067e-23, nan 
-149.875, 68.375, 2.1891340318945234e-23, nan 
-149.625, 68.375, 2.828904251268785e-23, nan 
-149.375, 68.375, 4.505209821621628e-23, nan 
-149.125, 68.375, 4.197659651181848e-23, nan 
-148.875, 68.375, 2.2237627400865755e-23, nan 
-148.625, 68.375, 3.1456560876870743e-23, nan 
-148.375, 68.375, 3.176800480282512e-23, nan 
-148.125, 68.375, 4.2492390408176306e-23, nan 
-147.875, 68.375, 4.012962395776678e-23, nan 
-147.625, 68.375, 3.846708863730401e-23, nan 
-147.375, 68.375, 4.652164034695822e-23, nan 
-147.125, 68.375, 5.407853268260952e-23, nan 
-146.875, 68.375, 4.3158135315314403e-23, nan 
-146.625, 68.375, 2.798064593581312e-23, nan 
-146.375, 68.375, 1.7610860770888042e-23, nan 
-146.125, 68.375, 3.7490684112389876e-23, nan 
-145.875, 68.375, 3.252447270441577e-23, nan 
-145.625, 68.375, 2.7439955748814563e-23, nan 
-145.375, 68.375, 3.4122928051449675e-23, nan 
-145.125, 68.375, 5.737806182717004e-23, nan 
-144.875, 68.375, 5.482289487442336e-23, nan 
-144.625, 68.375, 3.559898200403337e-23, nan 
-144.375, 68.375, 3.679411926191881e-23, nan 
-144.125, 68.375, 5.2443246714933506e-23, nan 
-143.875, 68.375, 4.490888231872725e-23, nan 
-143.625, 68.375, 6.415046382629569e-23, nan 
-143.375, 68.375, 5.391144194486761e-23, nan 
-143.125, 68.375, 5.627749374130381e-23, nan 
-142.875, 68.375, 8.255104158404729e-23, nan 
-142.625, 68.375, 7.455728271858803e-23, nan 
-142.375, 68.375, 4.151358241955444e-23, nan 
-142.125, 68.375, 2.016852034189515e-23, nan 
-141.875, 68.375, 2.7498491899420187e-23, nan 
-141.625, 68.375, 2.5402544123493946e-23, nan 
-141.375, 68.375, 3.194110543222266e-23, nan 
-141.125, 68.375, 3.728066839425361e-23, nan 
-140.875, 68.375, 2.9209613283796844e-23, nan 
-140.625, 68.375, 2.968292931648632e-23, nan 
-140.375, 68.375, 3.3905717215762673e-23, nan 
-140.125, 68.375, 2.163645637340595e-23, nan 
-139.875, 68.375, 1.480855447408429e-23, nan 
-139.625, 68.375, 2.6019911382329938e-23, nan 
-139.375, 68.375, 5.212518979753876e-23, nan 
-139.125, 68.375, 3.9322610516732323e-23, nan 
-138.875, 68.375, 4.8402235968039693e-23, nan 
-138.625, 68.375, 5.868099932279796e-23, nan 
-138.375, 68.375, 2.761406771757949e-23, nan 
-138.125, 68.375, 1.5114275672181153e-23, nan 
-137.875, 68.375, 2.78821108745693e-23, nan 
-137.625, 68.375, 2.8571361437800765e-23, nan 
-137.375, 68.375, 4.448167313388071e-23, nan 
-137.125, 68.375, 1.915103478952566e-23, nan 
-136.875, 68.375, 2.1822518469770448e-23, nan 
-136.625, 68.375, 1.9485573334931202e-23, nan 
-136.375, 68.375, 1.5723470288618736e-23, nan 
-136.125, 68.375, 1.7299182221011455e-23, nan 
-135.875, 68.375, 1.6223624734992333e-23, nan 
-135.625, 68.375, 1.4567447373418343e-23, nan 
-135.375, 68.375, 1.7578238362709198e-23, nan 
-135.125, 68.375, 2.308135133481464e-23, nan 
-134.875, 68.375, 1.3091686075425644e-23, nan 
-134.625, 68.375, 1.421558681161964e-23, nan 
-134.375, 68.375, 2.67385062850698e-23, nan 
-134.125, 68.375, 2.5658644637622042e-23, nan 
-133.875, 68.375, 2.018670770483966e-23, nan 
-133.625, 68.375, 3.492986417796347e-23, nan 
-133.375, 68.375, 2.259442367851467e-23, nan 
-133.125, 68.375, 1.8475225945955483e-23, nan 
-132.875, 68.375, 2.93302819126829e-23, nan 
-132.625, 68.375, 3.387340391407172e-23, nan 
-132.375, 68.375, 2.1107659112719896e-23, nan 
-132.125, 68.375, 1.8462817178136285e-23, nan 
-131.875, 68.375, 2.3393734586073006e-23, nan 
-131.625, 68.375, 2.5339712041049837e-23, nan 
-131.375, 68.375, 2.1139964841698862e-23, nan 
-131.125, 68.375, 9.868382115427291e-24, nan 
-130.875, 68.375, 1.4168364965085213e-23, nan 
-130.625, 68.375, 1.7125239693920475e-23, nan 
-130.375, 68.375, 1.3270371336472936e-23, nan 
-130.125, 68.375, 8.83396150526252e-24, nan 
-129.875, 68.375, 8.392685938635278e-24, nan 
-129.625, 68.375, 1.7571819184851006e-23, nan 
-129.375, 68.375, 1.6436346639122073e-23, nan 
-129.125, 68.375, 8.653145226212102e-24, nan 
-128.875, 68.375, 1.874690722037009e-23, nan 
-128.625, 68.375, 1.2564065033759042e-23, nan 
-128.375, 68.375, 1.1289279695467702e-23, nan 
-128.125, 68.375, 6.5995500383279376e-24, nan 
-127.875, 68.375, 8.318342121224812e-24, nan 
-127.625, 68.375, 1.3356891331126586e-23, nan 
-127.375, 68.375, 1.92335396037084e-23, nan 
-127.125, 68.375, 2.403710477933081e-23, nan 
-126.875, 68.375, 1.177930703149291e-23, nan 
-126.625, 68.375, 1.3845971135850882e-23, nan 
-126.375, 68.375, 7.52419074538228e-24, nan 
-126.125, 68.375, 1.2633546114656544e-23, nan 
-125.875, 68.375, 6.771306098248079e-24, nan 
-125.625, 68.375, 4.391508655683892e-24, nan 
-125.375, 68.375, 2.2668681103943696e-23, nan 
-125.125, 68.375, 5.687763823566569e-23, nan 
-124.875, 68.375, 6.770008736630548e-23, nan 
-124.625, 68.375, 5.833072839198117e-23, nan 
-124.375, 68.375, 4.2232321298462457e-23, nan 
-124.125, 68.375, 6.681561172232477e-23, nan 
-123.875, 68.375, 3.708968734045568e-23, nan 
-123.625, 68.375, 1.4193488735157887e-23, nan 
-123.375, 68.375, 3.252170316401824e-23, nan 
-123.125, 68.375, 4.102724761069356e-23, nan 
-122.875, 68.375, 2.981701560491576e-23, nan 
-122.625, 68.375, 1.0033138666236559e-23, nan 
-122.375, 68.375, 1.1047003949832864e-23, nan 
-122.125, 68.375, 1.5595912059124036e-23, nan 
-121.875, 68.375, 1.0230531429387642e-23, nan 
-121.625, 68.375, 1.4961824722786017e-23, nan 
-121.375, 68.375, 8.115255913518212e-24, nan 
-121.125, 68.375, 1.5297351321584824e-23, nan 
-120.875, 68.375, 1.9265412070756467e-23, nan 
-120.625, 68.375, 1.1584091692824569e-23, nan 
-120.375, 68.375, 1.4159883065398755e-23, nan 
-120.125, 68.375, 1.3820234640401787e-23, nan 
-119.875, 68.375, 1.973693690100696e-23, nan 
-119.625, 68.375, 3.339013518135981e-23, nan 
-119.375, 68.375, 3.0323428099775105e-23, nan 
-119.125, 68.375, 2.7066939047401007e-23, nan 
-118.875, 68.375, 2.0764307882558913e-23, nan 
90.875, 68.375, 5.353471710528866e-24, nan 
91.125, 68.375, 2.717022519350724e-24, nan 
91.375, 68.375, 6.721923383473119e-24, nan 
91.625, 68.375, 7.003978217785814e-24, nan 
91.875, 68.375, 6.191427056590507e-24, nan 
92.125, 68.375, 4.781142199863307e-24, nan 
92.375, 68.375, 2.331352147307795e-23, nan 
92.625, 68.375, 9.83807672994343e-24, nan 
92.875, 68.375, 8.962604293552684e-24, nan 
93.125, 68.375, 1.2431084993415053e-23, nan 
93.375, 68.375, 1.679800597965711e-23, nan 
93.625, 68.375, 1.459127374062845e-23, nan 
93.875, 68.375, 1.8480261309808877e-23, nan 
94.125, 68.375, 1.0543220142829854e-23, nan 
94.375, 68.375, 8.977758032248713e-24, nan 
94.625, 68.375, 1.1321237495493141e-23, nan 
94.875, 68.375, 9.574119682821661e-24, nan 
95.125, 68.375, 7.655470737899839e-24, nan 
95.375, 68.375, 5.343350805526592e-24, nan 
95.625, 68.375, 5.3891350743062226e-24, nan 
95.875, 68.375, 4.34550815025509e-24, nan 
96.125, 68.375, 4.557209555713358e-24, nan 
96.375, 68.375, 1.1984132031500324e-23, nan 
96.625, 68.375, 1.0689210767571309e-23, nan 
96.875, 68.375, 6.501245271042919e-24, nan 
97.125, 68.375, 9.250886256113579e-24, nan 
97.375, 68.375, 7.174730420332384e-24, nan 
97.625, 68.375, 4.027040027813151e-24, nan 
97.875, 68.375, 7.99419953921489e-24, nan 
98.125, 68.375, 9.660274529718171e-24, nan 
98.375, 68.375, 4.5199022845270254e-24, nan 
98.625, 68.375, 7.588099131024377e-24, nan 
98.875, 68.375, 1.1397884723748422e-23, nan 
99.125, 68.375, 1.052537157889699e-23, nan 
99.375, 68.375, 5.009107146524236e-24, nan 
99.625, 68.375, 1.0220777022231453e-23, nan 
99.875, 68.375, 1.0660829236537089e-23, nan 
100.125, 68.375, 3.9830243466559686e-24, nan 
100.375, 68.375, 3.9223231253623895e-24, nan 
100.625, 68.375, 5.034896088650452e-24, nan 
100.875, 68.375, 2.4380675449285673e-24, nan 
101.125, 68.375, 4.158187602283042e-24, nan 
101.375, 68.375, 3.280872612070409e-24, nan 
101.625, 68.375, 3.4886328796033844e-24, nan 
101.875, 68.375, 1.1380687968666248e-23, nan 
102.125, 68.375, 1.3440283526654772e-23, nan 
102.375, 68.375, 1.3188105960425215e-23, nan 
102.625, 68.375, 1.1350453282272273e-23, nan 
102.875, 68.375, 1.2816672920248665e-23, nan 
103.125, 68.375, 1.461060541384749e-23, nan 
103.375, 68.375, 1.986376027261886e-23, nan 
103.625, 68.375, 2.0840474180322302e-23, nan 
103.875, 68.375, 1.9545104681730067e-23, nan 
104.125, 68.375, 2.0270076377425285e-23, nan 
104.375, 68.375, 2.1241814556567936e-23, nan 
104.625, 68.375, 9.832404264252307e-24, nan 
104.875, 68.375, 9.84594811076965e-24, nan 
105.125, 68.375, 1.3026447793993742e-23, nan 
105.375, 68.375, 1.1974093158777985e-23, nan 
105.625, 68.375, 9.825180529997137e-24, nan 
105.875, 68.375, 9.796672918398552e-24, nan 
106.125, 68.375, 8.082903073530487e-24, nan 
106.375, 68.375, 7.00274539372484e-24, nan 
106.625, 68.375, 1.1813755498964305e-23, nan 
106.875, 68.375, 1.0079658700621413e-23, nan 
107.125, 68.375, 7.195220903166655e-24, nan 
107.375, 68.375, 7.452563005201266e-24, nan 
107.625, 68.375, 8.861095829711239e-24, nan 
107.875, 68.375, 5.051997678545913e-24, nan 
108.125, 68.375, 6.717322448030843e-24, nan 
108.375, 68.375, 9.385223090961875e-24, nan 
108.625, 68.375, 8.540471398065731e-24, nan 
108.875, 68.375, 8.584541445785082e-24, nan 
109.125, 68.375, 6.955636117195402e-24, nan 
109.375, 68.375, 7.828409869721773e-24, nan 
109.625, 68.375, 8.284845739836608e-24, nan 
109.875, 68.375, 7.377919616460161e-24, nan 
110.125, 68.375, 6.055454114559518e-24, nan 
110.375, 68.375, 9.412928450745886e-24, nan 
110.625, 68.375, 9.283823415080382e-24, nan 
110.875, 68.375, 1.0333745927471293e-23, nan 
111.125, 68.375, 1.1150913680466522e-23, nan 
111.375, 68.375, 1.4846673847365514e-23, nan 
111.625, 68.375, 2.128289713875234e-23, nan 
111.875, 68.375, 2.0424283643202815e-23, nan 
112.125, 68.375, 2.1611477265527974e-23, nan 
112.375, 68.375, 4.414446120521401e-23, nan 
112.625, 68.375, 4.2879226390501044e-23, nan 
112.875, 68.375, 4.360170026242453e-23, nan 
113.125, 68.375, 6.732087021335282e-23, nan 
113.375, 68.375, 7.589903467039212e-23, nan 
113.625, 68.375, 7.825437679124555e-23, nan 
113.875, 68.375, 4.51883410975884e-23, nan 
114.125, 68.375, 3.92371243534771e-23, nan 
114.375, 68.375, 4.4035936191272964e-23, nan 
114.625, 68.375, 4.0016592709197404e-23, nan 
114.875, 68.375, 3.0616783392388616e-23, nan 
115.125, 68.375, 2.8676966616293935e-23, nan 
115.375, 68.375, 3.3638610345726736e-23, nan 
115.625, 68.375, 1.2254392849328066e-23, nan 
115.875, 68.375, 6.53690148799833e-24, nan 
116.125, 68.375, 1.0530347311285011e-23, nan 
116.375, 68.375, 1.8597625474921523e-23, nan 
116.625, 68.375, 2.398373544005714e-23, nan 
116.875, 68.375, 3.246315724832095e-23, nan 
117.125, 68.375, 2.9557913530961286e-23, nan 
117.375, 68.375, 2.1307468491991453e-23, nan 
117.625, 68.375, 2.787633663586219e-23, nan 
117.875, 68.375, 3.029960196269315e-23, nan 
118.125, 68.375, 2.7816284990147057e-23, nan 
118.375, 68.375, 1.656809102106224e-23, nan 
118.625, 68.375, 1.7308697997692567e-23, nan 
118.875, 68.375, 1.8686132986836595e-23, nan 
119.125, 68.375, 2.0074440715800058e-23, nan 
119.375, 68.375, 3.686655529956418e-23, nan 
119.625, 68.375, 4.2380759278082346e-23, nan 
119.875, 68.375, 3.3695319534348736e-23, nan 
120.125, 68.375, 4.728763354687974e-23, nan 
120.375, 68.375, 3.057246209015273e-23, nan 
120.625, 68.375, 2.3465204565364356e-23, nan 
120.875, 68.375, 3.046710642466264e-23, nan 
121.125, 68.375, 3.053279916482675e-23, nan 
121.375, 68.375, 2.865113079040858e-23, nan 
121.625, 68.375, 2.687680266568006e-23, nan 
121.875, 68.375, 2.0838471355837282e-23, nan 
122.125, 68.375, 1.7740844972976723e-23, nan 
122.375, 68.375, 2.0800289573131202e-23, nan 
122.625, 68.375, 2.846914868453823e-23, nan 
122.875, 68.375, 2.493414494901525e-23, nan 
123.125, 68.375, 1.6837335979955972e-23, nan 
123.375, 68.375, 3.299799982483034e-23, nan 
123.625, 68.375, 2.6693288884627743e-23, nan 
123.875, 68.375, 1.870036956319291e-23, nan 
124.125, 68.375, 2.7729844150028573e-23, nan 
124.375, 68.375, 2.0945480456428784e-23, nan 
124.625, 68.375, 2.150811212540075e-23, nan 
124.875, 68.375, 1.1207736088600274e-23, nan 
125.125, 68.375, 1.766209551033075e-23, nan 
125.375, 68.375, 2.3945275485608205e-23, nan 
125.625, 68.375, 4.0127523722890507e-23, nan 
125.875, 68.375, 3.777268674883207e-23, nan 
126.125, 68.375, 6.07777821396012e-23, nan 
126.375, 68.375, 4.4731416369802196e-23, nan 
126.625, 68.375, 4.8781050515463244e-23, nan 
126.875, 68.375, 1.3385179955255327e-22, nan 
127.125, 68.375, 8.813331533989734e-23, nan 
127.375, 68.375, 5.268010236018444e-23, nan 
127.625, 68.375, 6.879082704911584e-23, nan 
127.875, 68.375, 6.264338687072522e-23, nan 
128.125, 68.375, 4.9616360989543345e-23, nan 
128.375, 68.375, 4.51972193443015e-23, nan 
128.625, 68.375, 3.877193667950567e-23, nan 
128.875, 68.375, 3.9635672408141616e-23, nan 
129.125, 68.375, 3.8116281169594226e-23, nan 
129.375, 68.375, 3.8104056869937076e-23, nan 
129.625, 68.375, 2.676520272443261e-23, nan 
129.875, 68.375, 5.1772757840630666e-23, nan 
130.125, 68.375, 3.325694452487234e-23, nan 
130.375, 68.375, 3.9700874236043374e-23, nan 
130.625, 68.375, 5.0674087089645345e-23, nan 
130.875, 68.375, 1.6958079291978702e-23, nan 
131.125, 68.375, 3.052644642608388e-23, nan 
131.375, 68.375, 2.276122549420625e-23, nan 
131.625, 68.375, 4.154525021028108e-23, nan 
131.875, 68.375, 3.017833720621237e-23, nan 
132.125, 68.375, 2.2255070964350213e-23, nan 
132.375, 68.375, 4.0199430081197556e-23, nan 
132.625, 68.375, 3.886334316540229e-23, nan 
132.875, 68.375, 1.1853309350215375e-23, nan 
133.125, 68.375, 5.155883823919067e-23, nan 
133.375, 68.375, 5.890011383065527e-23, nan 
133.625, 68.375, 4.768775654932953e-23, nan 
133.875, 68.375, 3.928699094817912e-23, nan 
134.125, 68.375, 7.455723326986671e-23, nan 
134.375, 68.375, 8.25701734801775e-23, nan 
134.625, 68.375, 1.089132953838533e-22, nan 
134.875, 68.375, 1.1662148368111165e-22, nan 
135.125, 68.375, 8.775887705462421e-23, nan 
135.375, 68.375, 1.2239439484647916e-22, nan 
135.625, 68.375, 2.2506913718395083e-22, nan 
135.875, 68.375, 2.9462608733444215e-22, nan 
136.125, 68.375, 2.894786959954636e-22, nan 
136.375, 68.375, 3.1853176488982044e-22, nan 
136.625, 68.375, 4.252951249158114e-22, nan 
136.875, 68.375, 4.295626780569201e-22, nan 
137.125, 68.375, 3.595946308472198e-22, nan 
137.375, 68.375, 2.2712541884575647e-22, nan 
137.625, 68.375, 1.7748407919908347e-22, nan 
137.875, 68.375, 8.330261637378383e-23, nan 
138.125, 68.375, 1.3555110298808638e-22, nan 
138.375, 68.375, 3.0446118338557447e-22, nan 
138.625, 68.375, 4.76508565866836e-22, nan 
138.875, 68.375, 4.399514402767212e-22, nan 
139.125, 68.375, 3.5722307917229974e-22, nan 
139.375, 68.375, 3.8959192899927016e-22, nan 
139.625, 68.375, 3.4809802800671243e-22, nan 
139.875, 68.375, 1.3399554548344993e-22, nan 
140.125, 68.375, 8.524544401006899e-23, nan 
140.375, 68.375, 1.176437328398333e-22, nan 
140.625, 68.375, 1.6665821144131277e-22, nan 
140.875, 68.375, 2.09983069865453e-22, nan 
141.125, 68.375, 2.274856180801109e-22, nan 
141.375, 68.375, 1.6099779680413154e-22, nan 
141.625, 68.375, 1.4974381565035332e-22, nan 
141.875, 68.375, 1.8500588739868765e-22, nan 
142.125, 68.375, 9.25900290921659e-23, nan 
142.375, 68.375, 8.007958477532712e-23, nan 
142.625, 68.375, 1.4041039105995323e-22, nan 
142.875, 68.375, 1.126908510195608e-22, nan 
143.125, 68.375, 5.782424224618895e-23, nan 
143.375, 68.375, 3.235560577032673e-22, nan 
143.625, 68.375, 4.905343929180605e-22, nan 
143.875, 68.375, 3.64216566620078e-22, nan 
144.125, 68.375, 2.0068480638886613e-22, nan 
144.375, 68.375, 2.4105659374422353e-22, nan 
144.625, 68.375, 2.530226191314787e-22, nan 
144.875, 68.375, 1.9326821979103615e-22, nan 
145.125, 68.375, 2.3869098200538386e-22, nan 
145.375, 68.375, 2.773794734121209e-22, nan 
145.625, 68.375, 2.663347624566908e-22, nan 
145.875, 68.375, 3.2593106638846157e-22, nan 
146.125, 68.375, 2.5103659124006155e-22, nan 
146.375, 68.375, 2.246329694485288e-22, nan 
146.625, 68.375, 2.459301380629558e-22, nan 
146.875, 68.375, 1.8832352575973759e-22, nan 
147.125, 68.375, 1.816232221801795e-22, nan 
147.375, 68.375, 3.4689847831660367e-22, nan 
147.625, 68.375, 4.317224332545529e-22, nan 
147.875, 68.375, 6.158757548068123e-22, nan 
148.125, 68.375, 3.1306014375089805e-22, nan 
148.375, 68.375, 3.075593569923762e-22, nan 
148.625, 68.375, 6.862000718076655e-22, nan 
148.875, 68.375, 5.355205948466013e-22, nan 
149.125, 68.375, 4.241533774933454e-22, nan 
149.375, 68.375, 1.2984231784976933e-21, nan 
149.625, 68.375, 9.443491558988408e-22, nan 
149.875, 68.375, 5.636146269279096e-22, nan 
150.125, 68.375, 1.3019025189264866e-21, nan 
150.375, 68.375, 1.0502725902531175e-21, nan 
150.625, 68.375, 9.187483240881899e-22, nan 
150.875, 68.375, 1.1467900206883284e-21, nan 
151.125, 68.375, 1.719142418146263e-21, nan 
151.375, 68.375, 1.6543974039388965e-21, nan 
151.625, 68.375, 1.668806371360678e-21, nan 
151.875, 68.375, 1.756823206730924e-21, nan 
152.125, 68.375, 1.506188529283222e-21, nan 
152.375, 68.375, 1.363169984051134e-21, nan 
152.625, 68.375, 1.5972963542822108e-21, nan 
152.875, 68.375, 1.5378480703012066e-21, nan 
153.125, 68.375, 1.6248754228669283e-21, nan 
153.375, 68.375, 1.5367872609375176e-21, nan 
153.625, 68.375, 1.317540719017655e-21, nan 
153.875, 68.375, 1.2581727397314177e-21, nan 
154.125, 68.375, 1.1016821055127348e-21, nan 
154.375, 68.375, 1.3356522845769699e-21, nan 
154.625, 68.375, 2.1957292745328052e-21, nan 
154.875, 68.375, 2.2314017676337157e-21, nan 
155.125, 68.375, 1.7136789167118435e-21, nan 
155.375, 68.375, 2.6278504335129783e-21, nan 
155.625, 68.375, 2.670452617664508e-21, nan 
155.875, 68.375, 2.219901152110536e-21, nan 
156.125, 68.375, 2.411004185221722e-21, nan 
156.375, 68.375, 2.135475261952314e-21, nan 
156.625, 68.375, 2.595285605056352e-21, nan 
156.875, 68.375, 2.3901461018000414e-21, nan 
157.125, 68.375, 2.9942370612263518e-21, nan 
157.375, 68.375, 3.567776599245562e-21, nan 
157.625, 68.375, 4.544723522460365e-21, nan 
157.875, 68.375, 4.395470434724166e-21, nan 
158.125, 68.375, 4.193910238619334e-21, nan 
158.375, 68.375, 3.977519015614527e-21, nan 
158.625, 68.375, 4.1770060285668364e-21, nan 
158.875, 68.375, 4.3637027839326145e-21, nan 
159.125, 68.375, 5.756907549739211e-21, nan 
159.375, 68.375, 6.3777198000983025e-21, nan 
159.625, 68.375, 9.253237857240127e-21, nan 
159.875, 68.375, 1.103177102811889e-20, nan 
160.125, 68.375, 9.60583219684752e-21, nan 
160.375, 68.375, 1.0628946267747806e-20, nan 
160.625, 68.375, 1.7847702096639205e-20, nan 
160.875, 68.375, 2.13049184458396e-20, nan 
161.125, 68.375, 1.4873398981406534e-20, nan 
161.375, 68.375, 1.8637299875075237e-20, nan 
161.625, 68.375, 2.2151785438894437e-20, nan 
161.875, 68.375, 1.8012980797556667e-20, nan 
162.125, 68.375, 1.514959770167969e-20, nan 
162.375, 68.375, 9.41949729567544e-21, nan 
162.625, 68.375, 7.263612077458403e-21, nan 
162.875, 68.375, 9.980895661418988e-21, nan 
163.125, 68.375, 1.7042871245471582e-20, nan 
163.375, 68.375, 1.2595166423601758e-20, nan 
163.625, 68.375, 7.072205762346124e-21, nan 
163.875, 68.375, 1.124419361364589e-20, nan 
164.125, 68.375, 1.1305960983430544e-20, nan 
164.375, 68.375, 1.0874923452319407e-20, nan 
164.625, 68.375, 1.0293746310618028e-20, nan 
164.875, 68.375, 1.2236438144566568e-20, nan 
165.125, 68.375, 1.1608188193558613e-20, nan 
165.375, 68.375, 1.8689890268486583e-20, nan 
165.625, 68.375, 2.1418824564443788e-20, nan 
165.875, 68.375, 1.7126537990737152e-20, nan 
166.125, 68.375, 2.5950170275511415e-20, nan 
166.375, 68.375, 3.96661162220054e-20, nan 
166.625, 68.375, 3.762149178622808e-20, nan 
166.875, 68.375, 3.3392572772807656e-20, nan 
167.125, 68.375, 2.2575330448127214e-20, nan 
167.375, 68.375, 2.892208941382778e-20, nan 
167.625, 68.375, 2.4559123717969787e-20, nan 
167.875, 68.375, 1.5536345433487287e-20, nan 
168.125, 68.375, 1.862430008163136e-20, nan 
168.375, 68.375, 2.2666140833109163e-20, nan 
168.625, 68.375, 1.2967359695218471e-20, nan 
168.875, 68.375, 1.5550495860479027e-20, nan 
169.125, 68.375, 1.3942478863014488e-20, nan 
169.375, 68.375, 1.4894783420243703e-20, nan 
169.625, 68.375, 1.6177084681761393e-20, nan 
169.875, 68.375, 1.2920071927908815e-20, nan 
170.125, 68.375, 1.4387173293282767e-20, nan 
170.375, 68.375, 1.3687339038711497e-20, nan 
170.625, 68.375, 1.1029258083551591e-20, nan 
170.875, 68.375, 1.08272813056391e-20, nan 
171.125, 68.375, 4.6462672279063556e-21, nan 
171.375, 68.375, 4.749510516877244e-21, nan 
171.625, 68.375, 1.2999597068166422e-20, nan 
171.875, 68.375, 6.898049084320697e-21, nan 
172.125, 68.375, 1.0150454131078888e-20, nan 
172.375, 68.375, 1.7377369655727426e-20, nan 
172.625, 68.375, 1.3066485219461671e-20, nan 
172.875, 68.375, 1.2130798119652486e-20, nan 
173.125, 68.375, 7.734773982352485e-21, nan 
173.375, 68.375, 6.798889162457422e-21, nan 
173.625, 68.375, 4.713826272957428e-21, nan 
173.875, 68.375, 5.576417006486426e-21, nan 
174.125, 68.375, 3.985412126420653e-21, nan 
174.375, 68.375, 3.2738169352116468e-21, nan 
174.625, 68.375, 6.250530858429408e-21, nan 
174.875, 68.375, 3.8484293601772995e-21, nan 
175.125, 68.375, 2.7943764227942375e-21, nan 
175.375, 68.375, 2.5620688843742517e-21, nan 
175.625, 68.375, 2.5344917699971044e-21, nan 
175.875, 68.375, 2.9257925242791445e-21, nan 
176.125, 68.375, 2.6695263274059838e-21, nan 
176.375, 68.375, 2.1379437101445155e-21, nan 
176.625, 68.375, 2.082019663089845e-21, nan 
176.875, 68.375, 1.971050425511405e-21, nan 
177.125, 68.375, 1.9547620371867113e-21, nan 
177.375, 68.375, 2.1223263443181814e-21, nan 
177.625, 68.375, 2.6305285214485984e-21, nan 
177.875, 68.375, 3.773217337054607e-21, nan 
178.125, 68.375, 2.6497422507794995e-21, nan 
178.375, 68.375, 2.482264802764704e-21, nan 
178.625, 68.375, 3.0523765172245528e-21, nan 
178.875, 68.375, 2.769509478276777e-21, nan 
179.125, 68.375, 2.0572228177892083e-21, nan 
179.375, 68.375, 1.0859653234318326e-21, nan 
179.625, 68.375, 8.404588464454847e-22, nan 
179.875, 68.375, 9.461438429408906e-22, nan 
-179.875, 68.625, 1.3778723466343506e-21, nan 
-179.625, 68.625, 2.1933835299058676e-21, nan 
-179.375, 68.625, 1.4964282235619829e-21, nan 
-179.125, 68.625, 1.0606146540409711e-21, nan 
-178.875, 68.625, 2.2488642476994812e-21, nan 
-178.625, 68.625, 1.5996913995549799e-21, nan 
-178.375, 68.625, 1.2068857267476909e-21, nan 
-178.125, 68.625, 1.636577422972086e-21, nan 
-177.875, 68.625, 1.6415757134117629e-21, nan 
-177.625, 68.625, 1.4220042644341284e-21, nan 
-177.375, 68.625, 1.2724951379066776e-21, nan 
-177.125, 68.625, 1.1431594595507816e-21, nan 
-176.875, 68.625, 6.575124703548243e-22, nan 
-176.625, 68.625, 6.965681450629723e-22, nan 
-176.375, 68.625, 5.686662984090375e-22, nan 
-176.125, 68.625, 4.554964414212332e-22, nan 
-175.875, 68.625, 1.5712367606364207e-22, nan 
-175.625, 68.625, 9.582007453633446e-23, nan 
-175.375, 68.625, 1.6460789875946603e-22, nan 
-175.125, 68.625, 1.8142263572622846e-22, nan 
-174.875, 68.625, 3.607891384211892e-22, nan 
-174.625, 68.625, 5.6377406871484915e-22, nan 
-174.375, 68.625, 4.706234834714087e-22, nan 
-174.125, 68.625, 4.774440314096109e-22, nan 
-173.875, 68.625, 6.237911664089339e-22, nan 
-173.625, 68.625, 4.1625180177024186e-22, nan 
-173.375, 68.625, 1.4373554155326334e-22, nan 
-173.125, 68.625, 1.9637002104823e-22, nan 
-172.875, 68.625, 2.954026572100705e-22, nan 
-172.625, 68.625, 2.627503793637737e-22, nan 
-172.375, 68.625, 1.6676408492723008e-22, nan 
-172.125, 68.625, 2.664047895452991e-22, nan 
-171.875, 68.625, 2.8706947159763654e-22, nan 
-171.625, 68.625, 4.84746851322271e-22, nan 
-171.375, 68.625, 5.2158747852639745e-22, nan 
-171.125, 68.625, 6.704665968932807e-22, nan 
-170.875, 68.625, 6.641675153134395e-22, nan 
-170.625, 68.625, 2.353373927148499e-21, nan 
-170.375, 68.625, 7.311308015344e-22, nan 
-170.125, 68.625, 6.39177402898652e-22, nan 
-169.875, 68.625, 6.149832064746123e-22, nan 
-169.625, 68.625, 5.234443351152546e-22, nan 
-169.375, 68.625, 5.1475216717498235e-22, nan 
-169.125, 68.625, 5.049310394365616e-22, nan 
-168.875, 68.625, 3.0460715953545507e-22, nan 
-168.625, 68.625, 3.263999073205993e-22, nan 
-168.375, 68.625, 3.059496910228527e-22, nan 
-168.125, 68.625, 2.5926889679013497e-22, nan 
-167.875, 68.625, 2.2423990112996246e-22, nan 
-167.625, 68.625, 1.8280214588667495e-22, nan 
-167.375, 68.625, 1.3454086525685443e-22, nan 
-167.125, 68.625, 2.110037797819744e-22, nan 
-166.875, 68.625, 2.990043396415152e-22, nan 
-166.625, 68.625, 2.0274735359835918e-22, nan 
-166.375, 68.625, 1.728598595217575e-22, nan 
-166.125, 68.625, 2.647373546571066e-22, nan 
-165.875, 68.625, 1.7297638295868639e-22, nan 
-165.625, 68.625, 1.62900000799546e-22, nan 
-165.375, 68.625, 1.0940480534863833e-22, nan 
-165.125, 68.625, 2.2030741893590494e-22, nan 
-164.875, 68.625, 2.105119515381433e-22, nan 
-164.625, 68.625, 1.83149870196241e-22, nan 
-164.375, 68.625, 1.447692551100551e-22, nan 
-164.125, 68.625, 1.2471944287746737e-22, nan 
-163.875, 68.625, 1.5016544745334237e-22, nan 
-163.625, 68.625, 1.2005921788718519e-22, nan 
-163.375, 68.625, 8.889461827746292e-23, nan 
-163.125, 68.625, 1.952592526375476e-22, nan 
-162.875, 68.625, 1.6889368547198738e-22, nan 
-162.625, 68.625, 1.8349364135375824e-22, nan 
-162.375, 68.625, 1.7794269670246545e-22, nan 
-162.125, 68.625, 1.844105657486339e-22, nan 
-161.875, 68.625, 1.5287850951950387e-22, nan 
-161.625, 68.625, 2.1371540667264794e-22, nan 
-161.375, 68.625, 2.186864483411607e-22, nan 
-161.125, 68.625, 1.9175354559972585e-22, nan 
-160.875, 68.625, 3.3296698703131083e-22, nan 
-160.625, 68.625, 4.159018893292318e-22, nan 
-160.375, 68.625, 2.4165367650284217e-22, nan 
-160.125, 68.625, 2.1692161695963643e-22, nan 
-159.875, 68.625, 1.4742298847597082e-22, nan 
-159.625, 68.625, 1.0395846652944998e-22, nan 
-159.375, 68.625, 9.02775107873861e-23, nan 
-159.125, 68.625, 1.0410286109508575e-22, nan 
-158.875, 68.625, 1.923532993628717e-22, nan 
-158.625, 68.625, 1.6572442697201124e-22, nan 
-158.375, 68.625, 1.4056885073947486e-22, nan 
-158.125, 68.625, 9.500308915434117e-23, nan 
-157.875, 68.625, 3.85745339787932e-23, nan 
-157.625, 68.625, 6.932166361951606e-23, nan 
-157.375, 68.625, 1.8723253449356152e-23, nan 
-157.125, 68.625, 5.167857159903102e-23, nan 
-156.875, 68.625, 6.973202472032155e-23, nan 
-156.625, 68.625, 7.387811053670501e-23, nan 
-156.375, 68.625, 7.067249466303655e-23, nan 
-156.125, 68.625, 6.552589814905639e-23, nan 
-155.875, 68.625, 7.721674460522135e-23, nan 
-155.625, 68.625, 4.6649415727738436e-23, nan 
-155.375, 68.625, 6.957330926843661e-23, nan 
-155.125, 68.625, 5.735205405370008e-23, nan 
-154.875, 68.625, 3.9178347324015935e-23, nan 
-154.625, 68.625, 5.16772425948577e-23, nan 
-154.375, 68.625, 5.2389595281305064e-23, nan 
-154.125, 68.625, 4.2183924258586834e-23, nan 
-153.875, 68.625, 2.913648732651282e-23, nan 
-153.625, 68.625, 3.1536174082723576e-23, nan 
-153.375, 68.625, 3.441905713488593e-23, nan 
-153.125, 68.625, 6.284717021766895e-23, nan 
-152.875, 68.625, 6.740224449282446e-23, nan 
-152.625, 68.625, 6.455358150777584e-23, nan 
-152.375, 68.625, 6.871255825074471e-23, nan 
-152.125, 68.625, 8.231701910322626e-23, nan 
-151.875, 68.625, 6.12472714575326e-23, nan 
-151.625, 68.625, 4.88265970783726e-23, nan 
-151.375, 68.625, 1.715298106738945e-23, nan 
-151.125, 68.625, 6.521910250733338e-23, nan 
-150.875, 68.625, 5.119016017679125e-23, nan 
-150.625, 68.625, 4.7469114522432945e-23, nan 
-150.375, 68.625, 5.911342467645861e-23, nan 
-150.125, 68.625, 5.358066482569005e-23, nan 
-149.875, 68.625, 5.974686526550658e-23, nan 
-149.625, 68.625, 4.8488285909228404e-23, nan 
-149.375, 68.625, 6.81618257043641e-23, nan 
-149.125, 68.625, 6.701383378776327e-23, nan 
-148.875, 68.625, 7.643206902544518e-23, nan 
-148.625, 68.625, 6.874150708986995e-23, nan 
-148.375, 68.625, 6.451834624822374e-23, nan 
-148.125, 68.625, 4.9339181101607494e-23, nan 
-147.875, 68.625, 5.055253937075369e-23, nan 
-147.625, 68.625, 1.025725697054617e-22, nan 
-147.375, 68.625, 8.091786215714325e-23, nan 
-147.125, 68.625, 6.318996515002625e-23, nan 
-146.875, 68.625, 4.814869603997332e-23, nan 
-146.625, 68.625, 5.819580535332458e-23, nan 
-146.375, 68.625, 6.865549157685951e-23, nan 
-146.125, 68.625, 2.9259254676678723e-23, nan 
-145.875, 68.625, 2.8379787509031544e-23, nan 
-145.625, 68.625, 3.358096242351404e-23, nan 
-145.375, 68.625, 1.7505920090674357e-23, nan 
-145.125, 68.625, 2.196871888529754e-23, nan 
-144.875, 68.625, 2.6052847580455678e-23, nan 
-144.625, 68.625, 2.8644406258744047e-23, nan 
-144.375, 68.625, 4.2711895470515574e-23, nan 
-144.125, 68.625, 3.9387905879217533e-23, nan 
-143.875, 68.625, 3.7473361746774206e-23, nan 
-143.625, 68.625, 3.036377980345079e-23, nan 
-143.375, 68.625, 3.6344822271123345e-23, nan 
-143.125, 68.625, 7.792325624571347e-23, nan 
-142.875, 68.625, 9.240175804742616e-23, nan 
-142.625, 68.625, 6.978601137001223e-23, nan 
-142.375, 68.625, 7.757439597416881e-23, nan 
-142.125, 68.625, 6.948111626666478e-23, nan 
-141.875, 68.625, 4.3721847325372826e-23, nan 
-141.625, 68.625, 2.9106026963631716e-23, nan 
-141.375, 68.625, 2.6099623058758185e-23, nan 
-141.125, 68.625, 2.542297930199263e-23, nan 
-140.875, 68.625, 2.7624805963129854e-23, nan 
-140.625, 68.625, 2.4300908272356496e-23, nan 
-140.375, 68.625, 2.2115692586824247e-23, nan 
-140.125, 68.625, 2.661283144364162e-23, nan 
-139.875, 68.625, 4.0020572949096284e-23, nan 
-139.625, 68.625, 6.429180906526998e-23, nan 
-139.375, 68.625, 6.016913863273013e-23, nan 
-139.125, 68.625, 7.117925598615591e-23, nan 
-138.875, 68.625, 1.1306040615621549e-22, nan 
-138.625, 68.625, 1.0694059673536297e-22, nan 
-138.375, 68.625, 6.063552093908307e-23, nan 
-138.125, 68.625, 4.93923629510314e-23, nan 
-137.875, 68.625, 5.571371817684583e-23, nan 
-137.625, 68.625, 5.0266243455051035e-23, nan 
-137.375, 68.625, 5.1989000994878105e-23, nan 
-137.125, 68.625, 2.791227195698286e-23, nan 
-136.875, 68.625, 3.397279751702962e-23, nan 
-136.625, 68.625, 3.9799370872827264e-23, nan 
-136.375, 68.625, 2.5162186516914575e-23, nan 
-136.125, 68.625, 8.185020653567564e-24, nan 
-135.875, 68.625, 1.3231763259893001e-23, nan 
-135.625, 68.625, 8.175349555735045e-24, nan 
-135.375, 68.625, 1.876020831600867e-23, nan 
-135.125, 68.625, 9.380426465763774e-24, nan 
-134.875, 68.625, 2.0753873430714707e-23, nan 
-134.625, 68.625, 3.465482711936636e-23, nan 
-134.375, 68.625, 1.8812815230951917e-23, nan 
-134.125, 68.625, 2.974697340610924e-23, nan 
-133.875, 68.625, 1.8146586605089673e-23, nan 
-133.625, 68.625, 2.773244642953193e-23, nan 
-133.375, 68.625, 2.5982222333928735e-23, nan 
-133.125, 68.625, 2.5309721698007157e-23, nan 
-132.875, 68.625, 1.6782935760993274e-23, nan 
-132.625, 68.625, 1.6441495013694535e-23, nan 
-132.375, 68.625, 2.2776934494448554e-23, nan 
-132.125, 68.625, 2.369952861985071e-23, nan 
-131.875, 68.625, 2.7481700597300787e-23, nan 
-131.625, 68.625, 3.354230407326141e-23, nan 
-131.375, 68.625, 3.272027794657105e-23, nan 
-131.125, 68.625, 2.881139343911344e-23, nan 
-130.875, 68.625, 3.718561206850709e-23, nan 
-130.625, 68.625, 3.8256229333120315e-23, nan 
-130.375, 68.625, 2.1586923544565218e-23, nan 
-130.125, 68.625, 2.4852012544982454e-23, nan 
-129.875, 68.625, 2.9220826038974084e-23, nan 
-129.625, 68.625, 1.8855348099432648e-23, nan 
-129.375, 68.625, 3.710674492433944e-23, nan 
-129.125, 68.625, 3.675890859657875e-23, nan 
-128.875, 68.625, 2.94206273663703e-23, nan 
-128.625, 68.625, 2.958063176977283e-23, nan 
-128.375, 68.625, 1.1200942552746522e-23, nan 
-128.125, 68.625, 2.0328538188579044e-23, nan 
-127.875, 68.625, 2.765556358457833e-23, nan 
-127.625, 68.625, 1.8158798892514015e-23, nan 
-127.375, 68.625, 3.738766067808517e-23, nan 
-127.125, 68.625, 4.542052516115369e-23, nan 
-126.875, 68.625, 2.16331888613944e-23, nan 
-126.625, 68.625, 4.625272856965352e-23, nan 
-126.375, 68.625, 4.3615725694919556e-23, nan 
-126.125, 68.625, 1.693348261818165e-23, nan 
-125.875, 68.625, 1.0561380239867623e-23, nan 
-125.625, 68.625, 1.0557788054657266e-23, nan 
-125.375, 68.625, 1.3371991658677904e-23, nan 
-125.125, 68.625, 1.5077617577838727e-23, nan 
-124.875, 68.625, 1.6669279706178022e-23, nan 
-124.625, 68.625, 2.4491969380099906e-23, nan 
-124.375, 68.625, 3.5168363392332753e-23, nan 
-124.125, 68.625, 4.533430043598721e-23, nan 
-123.875, 68.625, 4.205029577432897e-23, nan 
-123.625, 68.625, 3.2722656638933347e-23, nan 
-123.375, 68.625, 3.730803907274192e-23, nan 
-123.125, 68.625, 5.1130322265827203e-23, nan 
-122.875, 68.625, 3.210425529382437e-23, nan 
-122.625, 68.625, 4.66471485404425e-23, nan 
-122.375, 68.625, 4.7053946350669076e-23, nan 
-122.125, 68.625, 1.507963102550646e-23, nan 
-121.875, 68.625, 1.5028498474075126e-23, nan 
-121.625, 68.625, 1.2432549690888642e-23, nan 
-121.375, 68.625, 1.380049312791591e-23, nan 
-121.125, 68.625, 2.4045100992768822e-23, nan 
-120.875, 68.625, 1.3714108819680032e-23, nan 
-120.625, 68.625, 2.2227226219726988e-23, nan 
-120.375, 68.625, 2.4052048230292285e-23, nan 
-120.125, 68.625, 2.838125587785521e-23, nan 
-119.875, 68.625, 2.1051280414650374e-23, nan 
-119.625, 68.625, 4.2324972493300675e-23, nan 
-119.375, 68.625, 3.606107127946359e-23, nan 
-119.125, 68.625, 3.2678179747790726e-23, nan 
-118.875, 68.625, 3.055516095317335e-23, nan 
-118.625, 68.625, 2.872830945857189e-23, nan 
-118.375, 68.625, 3.229577475931538e-23, nan 
90.375, 68.625, 5.021869312961414e-24, nan 
90.625, 68.625, 3.617409361077664e-24, nan 
90.875, 68.625, 3.816550427147847e-24, nan 
91.125, 68.625, 6.760162457950398e-24, nan 
91.375, 68.625, 8.808544929235906e-24, nan 
91.625, 68.625, 8.313087390314957e-24, nan 
91.875, 68.625, 8.80987131563073e-24, nan 
92.125, 68.625, 9.595064570219128e-24, nan 
92.375, 68.625, 9.796560598263605e-24, nan 
92.625, 68.625, 5.292524104674816e-24, nan 
92.875, 68.625, 7.370380202093668e-24, nan 
93.125, 68.625, 7.437632781370296e-24, nan 
93.375, 68.625, 8.414058552471486e-24, nan 
93.625, 68.625, 1.0210090421186098e-23, nan 
93.875, 68.625, 5.400723730956071e-24, nan 
94.125, 68.625, 6.262919668304168e-24, nan 
94.375, 68.625, 6.2175050307881535e-24, nan 
94.625, 68.625, 8.038382781366439e-24, nan 
94.875, 68.625, 7.47939741083197e-24, nan 
95.125, 68.625, 6.83348763979947e-24, nan 
95.375, 68.625, 8.618118903303517e-24, nan 
95.625, 68.625, 4.5851138890051976e-24, nan 
95.875, 68.625, 5.3624442513223036e-24, nan 
96.125, 68.625, 3.2423026790106672e-24, nan 
96.375, 68.625, 2.9473597811219735e-24, nan 
96.625, 68.625, 3.267200070840855e-24, nan 
96.875, 68.625, 1.0950188035639502e-24, nan 
97.125, 68.625, 4.913430523811319e-24, nan 
97.375, 68.625, 5.51870725965381e-24, nan 
97.625, 68.625, 3.7649930999052065e-24, nan 
97.875, 68.625, 7.046418820328932e-24, nan 
98.125, 68.625, 9.684951040136022e-24, nan 
98.375, 68.625, 1.232653827401023e-23, nan 
98.625, 68.625, 9.675821681806274e-24, nan 
98.875, 68.625, 7.84405322223065e-24, nan 
99.125, 68.625, 1.3535437956499743e-23, nan 
99.375, 68.625, 1.636672851381128e-23, nan 
99.625, 68.625, 1.0484857979786612e-23, nan 
99.875, 68.625, 9.727271207989199e-24, nan 
100.125, 68.625, 5.085536373474053e-24, nan 
100.375, 68.625, 4.766687484558417e-24, nan 
100.625, 68.625, 9.054942504550642e-24, nan 
100.875, 68.625, 6.3154766445327625e-24, nan 
101.125, 68.625, 3.1562641618456176e-24, nan 
101.375, 68.625, 1.3098109176244666e-23, nan 
101.625, 68.625, 1.71837678285127e-23, nan 
101.875, 68.625, 1.748616205104688e-23, nan 
102.125, 68.625, 1.675935644435427e-23, nan 
102.375, 68.625, 2.0209309456082416e-23, nan 
102.625, 68.625, 1.2643531858056717e-23, nan 
102.875, 68.625, 1.1114933880081211e-23, nan 
103.125, 68.625, 1.2947021748184846e-23, nan 
103.375, 68.625, 1.0500640734323959e-23, nan 
103.625, 68.625, 1.0659095740942902e-23, nan 
103.875, 68.625, 8.909332879220614e-24, nan 
104.125, 68.625, 7.042949811077816e-24, nan 
104.375, 68.625, 7.394410854780506e-24, nan 
104.625, 68.625, 8.250419009017366e-24, nan 
104.875, 68.625, 7.411300269775052e-24, nan 
105.125, 68.625, 1.1900977861731987e-23, nan 
105.375, 68.625, 1.485578745970738e-23, nan 
105.625, 68.625, 1.0330585499169876e-23, nan 
105.875, 68.625, 1.1185355686957554e-23, nan 
106.125, 68.625, 1.4836621302314022e-23, nan 
106.375, 68.625, 1.7548519686672057e-23, nan 
106.625, 68.625, 1.467552984132969e-23, nan 
106.875, 68.625, 1.8556397959244645e-23, nan 
107.125, 68.625, 1.446416798448648e-23, nan 
107.375, 68.625, 1.5931601764078178e-23, nan 
107.625, 68.625, 2.226995376396304e-23, nan 
107.875, 68.625, 1.8673852473546543e-23, nan 
108.125, 68.625, 1.4622967772213484e-23, nan 
108.375, 68.625, 1.3345799221150893e-23, nan 
108.625, 68.625, 1.779775523231776e-23, nan 
108.875, 68.625, 2.1005577801527093e-23, nan 
109.125, 68.625, 1.7178122253187932e-23, nan 
109.375, 68.625, 1.994153825816079e-23, nan 
109.625, 68.625, 1.49077312275857e-23, nan 
109.875, 68.625, 1.3503896197388705e-23, nan 
110.125, 68.625, 1.336311007392479e-23, nan 
110.375, 68.625, 1.2531484456786497e-23, nan 
110.625, 68.625, 1.6214943960627538e-23, nan 
110.875, 68.625, 1.3543101281614023e-23, nan 
111.125, 68.625, 1.1592805446883394e-23, nan 
111.375, 68.625, 1.6299396069864112e-23, nan 
111.625, 68.625, 2.2235821463986094e-23, nan 
111.875, 68.625, 1.939653283530191e-23, nan 
112.125, 68.625, 1.9458289834446107e-23, nan 
112.375, 68.625, 2.8530651298186635e-23, nan 
112.625, 68.625, 2.676051535786599e-23, nan 
112.875, 68.625, 2.0720105040314976e-23, nan 
113.125, 68.625, 4.1648398828681706e-23, nan 
113.375, 68.625, 4.033727386751391e-23, nan 
113.625, 68.625, 4.245722644825495e-23, nan 
113.875, 68.625, 4.634675642156997e-23, nan 
114.125, 68.625, 3.6231823740176145e-23, nan 
114.375, 68.625, 2.726685139878337e-23, nan 
114.625, 68.625, 3.19684578711069e-23, nan 
114.875, 68.625, 1.069701188500537e-23, nan 
115.125, 68.625, 1.1678795726307642e-23, nan 
115.375, 68.625, 1.2487731429465848e-23, nan 
115.625, 68.625, 9.45399851369059e-24, nan 
115.875, 68.625, 1.0032383394974002e-23, nan 
116.125, 68.625, 9.827895051882497e-24, nan 
116.375, 68.625, 1.2798695792554771e-23, nan 
116.625, 68.625, 1.4087064890049172e-23, nan 
116.875, 68.625, 1.4430686357992385e-23, nan 
117.125, 68.625, 1.6463116404465184e-23, nan 
117.375, 68.625, 1.436069251802525e-23, nan 
117.625, 68.625, 1.520175221808455e-23, nan 
117.875, 68.625, 1.1234844228850712e-23, nan 
118.125, 68.625, 1.4731273155628376e-23, nan 
118.375, 68.625, 2.471661297567578e-23, nan 
118.625, 68.625, 2.752841303331684e-23, nan 
118.875, 68.625, 2.559975583140239e-23, nan 
119.125, 68.625, 2.0013937905578515e-23, nan 
119.375, 68.625, 4.034545523835875e-23, nan 
119.625, 68.625, 4.963028555077596e-23, nan 
119.875, 68.625, 3.9735915039416646e-23, nan 
120.125, 68.625, 5.791603911628477e-23, nan 
120.375, 68.625, 4.625222405074031e-23, nan 
120.625, 68.625, 4.267327057804383e-23, nan 
120.875, 68.625, 3.99418670017223e-23, nan 
121.125, 68.625, 3.926003332212296e-23, nan 
121.375, 68.625, 2.861411110050969e-23, nan 
121.625, 68.625, 2.4898484485188924e-23, nan 
121.875, 68.625, 2.6054893872352436e-23, nan 
122.125, 68.625, 1.688617448242874e-23, nan 
122.375, 68.625, 2.045853204363401e-23, nan 
122.625, 68.625, 1.7833673675369067e-23, nan 
122.875, 68.625, 2.726231378811832e-23, nan 
123.125, 68.625, 3.553895933712671e-23, nan 
123.375, 68.625, 3.179980430356368e-23, nan 
123.625, 68.625, 2.688921545873877e-23, nan 
123.875, 68.625, 3.1998405258180783e-23, nan 
124.125, 68.625, 3.3475384617526054e-23, nan 
124.375, 68.625, 2.8110497312854e-23, nan 
124.625, 68.625, 2.3326450563960213e-23, nan 
124.875, 68.625, 4.7249475658115415e-23, nan 
125.125, 68.625, 6.01274361260706e-23, nan 
125.375, 68.625, 5.72304759241123e-23, nan 
125.625, 68.625, 5.429062233249477e-23, nan 
125.875, 68.625, 4.089781214542699e-23, nan 
126.125, 68.625, 4.333212816750494e-23, nan 
126.375, 68.625, 2.3679466697859795e-23, nan 
126.625, 68.625, 3.1755495441993015e-23, nan 
126.875, 68.625, 6.690920179255849e-23, nan 
127.125, 68.625, 4.436181655502604e-23, nan 
127.375, 68.625, 4.0703485340418835e-23, nan 
127.625, 68.625, 3.0867372363381227e-23, nan 
127.875, 68.625, 3.275996186223671e-23, nan 
128.125, 68.625, 3.7913503035132884e-23, nan 
128.375, 68.625, 3.790934039378085e-23, nan 
128.625, 68.625, 3.0041256656755394e-23, nan 
128.875, 68.625, 3.353138426714242e-23, nan 
129.125, 68.625, 3.463223657278541e-23, nan 
129.375, 68.625, 3.722652287029734e-23, nan 
129.625, 68.625, 3.6159575865908514e-23, nan 
129.875, 68.625, 4.2315253873826724e-23, nan 
130.125, 68.625, 4.556749172268714e-23, nan 
130.375, 68.625, 4.514998729594991e-23, nan 
130.625, 68.625, 3.9078814199490117e-23, nan 
130.875, 68.625, 3.1498733370428296e-23, nan 
131.125, 68.625, 1.4938771143021975e-23, nan 
131.375, 68.625, 3.522960930737707e-23, nan 
131.625, 68.625, 3.9383122194105756e-23, nan 
131.875, 68.625, 3.006191414474432e-23, nan 
132.125, 68.625, 3.291082819963893e-23, nan 
132.375, 68.625, 5.563587919037089e-23, nan 
132.625, 68.625, 7.98374494042196e-23, nan 
132.875, 68.625, 6.93964329391234e-23, nan 
133.125, 68.625, 7.2118850542585e-23, nan 
133.375, 68.625, 9.061779284968041e-23, nan 
133.625, 68.625, 7.29722915421754e-23, nan 
133.875, 68.625, 9.86319467364141e-23, nan 
134.125, 68.625, 1.2817290203800667e-22, nan 
134.375, 68.625, 1.105257521757579e-22, nan 
134.625, 68.625, 1.2408320912857737e-22, nan 
134.875, 68.625, 1.2315265616819445e-22, nan 
135.125, 68.625, 1.2359026541337478e-22, nan 
135.375, 68.625, 1.6202958563993916e-22, nan 
135.625, 68.625, 2.421747261261704e-22, nan 
135.875, 68.625, 3.366587325777666e-22, nan 
136.125, 68.625, 3.463990630270441e-22, nan 
136.375, 68.625, 3.639811241002262e-22, nan 
136.625, 68.625, 4.406179592424553e-22, nan 
136.875, 68.625, 4.004159462103683e-22, nan 
137.125, 68.625, 3.128288386555413e-22, nan 
137.375, 68.625, 1.8447647890644224e-22, nan 
137.625, 68.625, 4.9990003989084725e-23, nan 
137.875, 68.625, 1.1925462828890226e-22, nan 
138.125, 68.625, 1.716246507916615e-22, nan 
138.375, 68.625, 3.2238889918364815e-22, nan 
138.625, 68.625, 4.5861319426192e-22, nan 
138.875, 68.625, 4.0883499177718708e-22, nan 
139.125, 68.625, 4.415783079425597e-22, nan 
139.375, 68.625, 4.967127724633027e-22, nan 
139.625, 68.625, 3.7803278746588523e-22, nan 
139.875, 68.625, 2.299999137898563e-22, nan 
140.125, 68.625, 8.273639714396197e-23, nan 
140.375, 68.625, 1.4466932368301948e-22, nan 
140.625, 68.625, 1.1117922260570047e-22, nan 
140.875, 68.625, 1.1362662761626113e-22, nan 
141.125, 68.625, 1.7302182156068765e-22, nan 
141.375, 68.625, 1.540038081868999e-22, nan 
141.625, 68.625, 1.0473340640170697e-22, nan 
141.875, 68.625, 1.4820645121406744e-22, nan 
142.125, 68.625, 1.5728293448881968e-22, nan 
142.375, 68.625, 1.026259904745167e-22, nan 
142.625, 68.625, 1.5635680300190046e-22, nan 
142.875, 68.625, 1.6294134621115606e-22, nan 
143.125, 68.625, 1.24152910974814e-22, nan 
143.375, 68.625, 2.756159127979628e-22, nan 
143.625, 68.625, 2.165304655841539e-22, nan 
143.875, 68.625, 1.8441903698414574e-22, nan 
144.125, 68.625, 1.8468827370436636e-22, nan 
144.375, 68.625, 1.7914118971249338e-22, nan 
144.625, 68.625, 1.9646258179614513e-22, nan 
144.875, 68.625, 2.7473432714647105e-22, nan 
145.125, 68.625, 2.647509517575691e-22, nan 
145.375, 68.625, 2.517022810201442e-22, nan 
145.625, 68.625, 3.336089565635745e-22, nan 
145.875, 68.625, 3.396301880003623e-22, nan 
146.125, 68.625, 2.4506517989291278e-22, nan 
146.375, 68.625, 1.8177511117433847e-22, nan 
146.625, 68.625, 1.706565353838997e-22, nan 
146.875, 68.625, 2.219546279609497e-22, nan 
147.125, 68.625, 1.9086724674168376e-22, nan 
147.375, 68.625, 2.217270184395642e-22, nan 
147.625, 68.625, 5.105195116309041e-22, nan 
147.875, 68.625, 4.884305489259608e-22, nan 
148.125, 68.625, 3.7337395683328604e-22, nan 
148.375, 68.625, 7.9853577270287e-22, nan 
148.625, 68.625, 9.486028406081983e-22, nan 
148.875, 68.625, 6.501154792487011e-22, nan 
149.125, 68.625, 6.592669648774934e-22, nan 
149.375, 68.625, 1.3945398005074986e-21, nan 
149.625, 68.625, 1.0070349776532575e-21, nan 
149.875, 68.625, 1.3927920322432612e-21, nan 
150.125, 68.625, 1.0331324072446413e-21, nan 
150.375, 68.625, 7.853541189754435e-22, nan 
150.625, 68.625, 1.2230609275553091e-21, nan 
150.875, 68.625, 5.005752378687721e-22, nan 
151.125, 68.625, 6.264103388641061e-22, nan 
151.375, 68.625, 7.332061689792554e-22, nan 
151.625, 68.625, 1.4386682916618301e-21, nan 
151.875, 68.625, 1.218351257838669e-21, nan 
152.125, 68.625, 1.2994808272840196e-21, nan 
152.375, 68.625, 1.475020159471454e-21, nan 
152.625, 68.625, 1.093308119753752e-21, nan 
152.875, 68.625, 1.4024213420525886e-21, nan 
153.125, 68.625, 1.6388327330003315e-21, nan 
153.375, 68.625, 1.3011569638706893e-21, nan 
153.625, 68.625, 1.447338772830726e-21, nan 
153.875, 68.625, 1.1967610711011326e-21, nan 
154.125, 68.625, 9.964325003190444e-22, nan 
154.375, 68.625, 1.2955321959498133e-21, nan 
154.625, 68.625, 1.9956265805138956e-21, nan 
154.875, 68.625, 2.4155503172976956e-21, nan 
155.125, 68.625, 3.223364918856325e-21, nan 
155.375, 68.625, 3.681746669812896e-21, nan 
155.625, 68.625, 2.3155904312237453e-21, nan 
155.875, 68.625, 3.356051543779276e-21, nan 
156.125, 68.625, 3.7423110717202226e-21, nan 
156.375, 68.625, 3.0537116179650044e-21, nan 
156.625, 68.625, 2.727525761075926e-21, nan 
156.875, 68.625, 3.2067538048412034e-21, nan 
157.125, 68.625, 3.4175110501376495e-21, nan 
157.375, 68.625, 3.3833775218671265e-21, nan 
157.625, 68.625, 3.737611211158218e-21, nan 
157.875, 68.625, 3.5045564809991524e-21, nan 
158.125, 68.625, 3.473396948677126e-21, nan 
158.375, 68.625, 3.499637519968088e-21, nan 
158.625, 68.625, 4.6095974571703064e-21, nan 
158.875, 68.625, 6.541754112415797e-21, nan 
159.125, 68.625, 4.130277446136805e-21, nan 
159.375, 68.625, 4.7271642148548705e-21, nan 
159.625, 68.625, 5.853228154716707e-21, nan 
159.875, 68.625, 5.970569297455511e-21, nan 
160.125, 68.625, 1.0068750487372979e-20, nan 
160.375, 68.625, 8.423993719637e-21, nan 
160.625, 68.625, 1.3710360712282437e-20, nan 
160.875, 68.625, 2.42519320033588e-20, nan 
161.125, 68.625, 1.945975877878411e-20, nan 
161.375, 68.625, 1.5949688667879497e-20, nan 
161.625, 68.625, 2.679890989628293e-20, nan 
161.875, 68.625, 2.256800368601296e-20, nan 
162.125, 68.625, 1.297458793658475e-20, nan 
162.375, 68.625, 1.025347872490118e-20, nan 
162.625, 68.625, 7.577352192508275e-21, nan 
162.875, 68.625, 1.1888736241917028e-20, nan 
163.125, 68.625, 1.580894328080421e-20, nan 
163.375, 68.625, 1.2969642721158446e-20, nan 
163.625, 68.625, 8.703086732966927e-21, nan 
163.875, 68.625, 9.18631934762321e-21, nan 
164.125, 68.625, 6.7524086357168796e-21, nan 
164.375, 68.625, 8.560349727393678e-21, nan 
164.625, 68.625, 1.1683661733689688e-20, nan 
164.875, 68.625, 5.330214700165324e-21, nan 
165.125, 68.625, 1.2078788244603606e-20, nan 
165.375, 68.625, 1.0183695582048839e-20, nan 
165.625, 68.625, 1.3274567435947854e-20, nan 
165.875, 68.625, 1.4129285973489094e-20, nan 
166.125, 68.625, 1.8866355717458462e-20, nan 
166.375, 68.625, 2.1429194676880895e-20, nan 
166.625, 68.625, 2.1545597190961013e-20, nan 
166.875, 68.625, 1.8355131116232503e-20, nan 
167.125, 68.625, 1.257675068658657e-20, nan 
167.375, 68.625, 1.9938411030509165e-20, nan 
167.625, 68.625, 2.1978541165473436e-20, nan 
167.875, 68.625, 7.641539481345157e-21, nan 
168.125, 68.625, 8.187519556818868e-21, nan 
168.375, 68.625, 1.649534219554784e-20, nan 
168.625, 68.625, 2.1096696212673992e-20, nan 
168.875, 68.625, 2.480124256223507e-20, nan 
169.125, 68.625, 1.7035511486286496e-20, nan 
169.375, 68.625, 1.5633629201745454e-20, nan 
169.625, 68.625, 1.1656543585035408e-20, nan 
169.875, 68.625, 8.838795297536431e-21, nan 
170.125, 68.625, 1.3021346801360698e-20, nan 
170.375, 68.625, 1.3024625196451063e-20, nan 
170.625, 68.625, 1.3490560502214977e-20, nan 
170.875, 68.625, 7.409402820149073e-21, nan 
171.125, 68.625, 1.6632625862590326e-20, nan 
171.375, 68.625, 1.4982945651481107e-20, nan 
171.625, 68.625, 1.381536178295748e-20, nan 
171.875, 68.625, 2.6792148827274344e-20, nan 
172.125, 68.625, 1.5150067298161017e-20, nan 
172.375, 68.625, 7.210570467996724e-21, nan 
172.625, 68.625, 1.3988845686184207e-20, nan 
172.875, 68.625, 9.814976562633759e-21, nan 
173.125, 68.625, 5.967034814712375e-21, nan 
173.375, 68.625, 5.6420983987950836e-21, nan 
173.625, 68.625, 7.396917549630029e-21, nan 
173.875, 68.625, 4.882767275235386e-21, nan 
174.125, 68.625, 4.990468737278684e-21, nan 
174.375, 68.625, 4.426619783261852e-21, nan 
174.625, 68.625, 6.4588226247430514e-21, nan 
174.875, 68.625, 5.9776894927969815e-21, nan 
175.125, 68.625, 6.6062865702852435e-21, nan 
175.375, 68.625, 9.413677157518397e-21, nan 
175.625, 68.625, 4.0636445694703766e-21, nan 
175.875, 68.625, 3.2418608446269306e-21, nan 
176.125, 68.625, 4.054058278564469e-21, nan 
176.375, 68.625, 1.7110922934417003e-21, nan 
176.625, 68.625, 2.7676494112364625e-21, nan 
176.875, 68.625, 1.4661438847388144e-21, nan 
177.125, 68.625, 2.0757275958309977e-21, nan 
177.375, 68.625, 1.922173596642666e-21, nan 
177.625, 68.625, 2.3503235428721145e-21, nan 
177.875, 68.625, 3.0927684234401232e-21, nan 
178.125, 68.625, 1.748770751640603e-21, nan 
178.375, 68.625, 1.858837798632369e-21, nan 
178.625, 68.625, 2.2756839804592714e-21, nan 
178.875, 68.625, 2.5441499617576244e-21, nan 
179.125, 68.625, 1.6817658617752333e-21, nan 
179.375, 68.625, 1.6351663821265436e-21, nan 
179.625, 68.625, 1.0645701968820433e-21, nan 
179.875, 68.625, 5.932227773818867e-22, nan 
-179.875, 68.875, 1.0278565409170577e-21, nan 
-179.625, 68.875, 1.364988155230249e-21, nan 
-179.375, 68.875, 6.893924897655811e-22, nan 
-179.125, 68.875, 8.55452562815585e-22, nan 
-178.875, 68.875, 1.752724766099326e-21, nan 
-178.625, 68.875, 1.4863203560986628e-21, nan 
-178.375, 68.875, 1.785554303044587e-21, nan 
-178.125, 68.875, 1.7228402005328246e-21, nan 
-177.875, 68.875, 1.4583621511449749e-21, nan 
-177.625, 68.875, 1.6626358003433621e-21, nan 
-177.375, 68.875, 1.3417358240817062e-21, nan 
-177.125, 68.875, 9.739593188886098e-22, nan 
-176.875, 68.875, 4.765324845462237e-22, nan 
-176.625, 68.875, 3.6194794756625536e-22, nan 
-176.375, 68.875, 5.12087650246523e-22, nan 
-176.125, 68.875, 3.139226734039601e-22, nan 
-175.875, 68.875, 5.631090137883711e-23, nan 
-175.625, 68.875, 2.144450501681948e-22, nan 
-175.375, 68.875, 1.262065167210364e-22, nan 
-175.125, 68.875, 1.990962538567384e-22, nan 
-174.875, 68.875, 2.907791218027253e-22, nan 
-174.625, 68.875, 3.5534744949406847e-22, nan 
-174.375, 68.875, 7.261131558430084e-22, nan 
-174.125, 68.875, 6.37541635735932e-22, nan 
-173.875, 68.875, 5.734540325979254e-22, nan 
-173.625, 68.875, 8.23514290743714e-22, nan 
-173.375, 68.875, 6.0747307743078605e-22, nan 
-173.125, 68.875, 3.1694947667019396e-22, nan 
-172.875, 68.875, 3.6043570277712157e-22, nan 
-172.625, 68.875, 3.535713678884841e-22, nan 
-172.375, 68.875, 3.2519125365007884e-22, nan 
-172.125, 68.875, 2.581293725911223e-22, nan 
-171.875, 68.875, 3.1074911148493286e-22, nan 
-171.625, 68.875, 3.95906367765586e-22, nan 
-171.375, 68.875, 3.364485384648332e-22, nan 
-171.125, 68.875, 7.292315197362967e-22, nan 
-170.875, 68.875, 6.9945153791639805e-22, nan 
-170.625, 68.875, 5.821386650048471e-22, nan 
-170.375, 68.875, 6.845115125867359e-22, nan 
-170.125, 68.875, 3.90854041888649e-22, nan 
-169.875, 68.875, 2.719991836372449e-22, nan 
-169.625, 68.875, 2.799817653440377e-22, nan 
-169.375, 68.875, 2.983747745325673e-22, nan 
-169.125, 68.875, 2.9523870375403926e-22, nan 
-168.875, 68.875, 2.279753046599669e-22, nan 
-168.625, 68.875, 2.6983158501195305e-22, nan 
-168.375, 68.875, 4.1383203494735537e-22, nan 
-168.125, 68.875, 2.8429360064683735e-22, nan 
-167.875, 68.875, 2.8467255423466183e-22, nan 
-167.625, 68.875, 2.848473335492168e-22, nan 
-167.375, 68.875, 2.4196414217932465e-22, nan 
-167.125, 68.875, 2.3575719561309227e-22, nan 
-166.875, 68.875, 2.83256080645448e-22, nan 
-166.625, 68.875, 3.770266565983192e-22, nan 
-166.375, 68.875, 2.9313506178207107e-22, nan 
-166.125, 68.875, 1.8611352170157104e-22, nan 
-165.875, 68.875, 1.9344712279908516e-22, nan 
-165.625, 68.875, 2.5121675509671818e-22, nan 
-165.375, 68.875, 1.2811906869655786e-22, nan 
-165.125, 68.875, 7.334387878307611e-23, nan 
-164.875, 68.875, 1.9892760369821458e-22, nan 
-164.625, 68.875, 1.304542927789396e-22, nan 
-164.375, 68.875, 1.1916101341721417e-22, nan 
-164.125, 68.875, 1.09016535846064e-22, nan 
-163.875, 68.875, 9.712123563321731e-23, nan 
-163.625, 68.875, 1.2141880402820987e-22, nan 
-163.375, 68.875, 7.3760303337142e-23, nan 
-163.125, 68.875, 1.214254436731157e-22, nan 
-162.875, 68.875, 1.2438128770149137e-22, nan 
-162.625, 68.875, 1.479089269896011e-22, nan 
-162.375, 68.875, 1.3119663799551478e-22, nan 
-162.125, 68.875, 7.592336692070748e-23, nan 
-161.875, 68.875, 1.496112753040365e-22, nan 
-161.625, 68.875, 2.653521862827701e-22, nan 
-161.375, 68.875, 2.4466517185906766e-22, nan 
-161.125, 68.875, 2.2201028019303155e-22, nan 
-160.875, 68.875, 2.3195342885931267e-22, nan 
-160.625, 68.875, 1.5845307919033353e-22, nan 
-160.375, 68.875, 2.0707456025880544e-22, nan 
-160.125, 68.875, 2.986502103573023e-22, nan 
-159.875, 68.875, 1.1930099829507517e-22, nan 
-159.625, 68.875, 9.386905616307096e-23, nan 
-159.375, 68.875, 2.5827673882711233e-22, nan 
-159.125, 68.875, 5.16044169279591e-23, nan 
-158.875, 68.875, 8.964174077278307e-23, nan 
-158.625, 68.875, 1.3761361385918955e-22, nan 
-158.375, 68.875, 6.14513725646308e-23, nan 
-158.125, 68.875, 6.538298891050433e-23, nan 
-157.875, 68.875, 5.774166975168087e-23, nan 
-157.625, 68.875, 6.196968996370999e-23, nan 
-157.375, 68.875, 4.441557065692164e-23, nan 
-157.125, 68.875, 4.434328337105881e-23, nan 
-156.875, 68.875, 7.319696333344061e-23, nan 
-156.625, 68.875, 9.334827486472518e-23, nan 
-156.375, 68.875, 7.154197373950124e-23, nan 
-156.125, 68.875, 6.81774151798231e-23, nan 
-155.875, 68.875, 8.474739064772148e-23, nan 
-155.625, 68.875, 9.229922786285018e-23, nan 
-155.375, 68.875, 7.45056478604045e-23, nan 
-155.125, 68.875, 6.588386287185109e-23, nan 
-154.875, 68.875, 7.109430661722247e-23, nan 
-154.625, 68.875, 3.4541249984023487e-23, nan 
-154.375, 68.875, 2.708395879658857e-23, nan 
-154.125, 68.875, 5.886159673575021e-23, nan 
-153.875, 68.875, 2.034709392613952e-23, nan 
-153.625, 68.875, 3.2414264722427735e-23, nan 
-153.375, 68.875, 2.759635957546763e-23, nan 
-153.125, 68.875, 2.968830514079356e-23, nan 
-152.875, 68.875, 2.804733306494963e-23, nan 
-152.625, 68.875, 4.024947910574861e-23, nan 
-152.375, 68.875, 5.641992357850934e-23, nan 
-152.125, 68.875, 7.429443879446291e-23, nan 
-151.875, 68.875, 7.004056990251826e-23, nan 
-151.625, 68.875, 3.90514188737497e-23, nan 
-151.375, 68.875, 6.39089766202474e-23, nan 
-151.125, 68.875, 9.656998704026607e-23, nan 
-150.875, 68.875, 5.103112367003769e-23, nan 
-150.625, 68.875, 3.084840344227977e-23, nan 
-150.375, 68.875, 7.609880974876666e-23, nan 
-150.125, 68.875, 1.0169447213736586e-22, nan 
-149.875, 68.875, 1.2850261272329927e-22, nan 
-149.625, 68.875, 9.788499185349936e-23, nan 
-149.375, 68.875, 9.196807309619536e-23, nan 
-149.125, 68.875, 1.4594512104111808e-22, nan 
-148.875, 68.875, 1.1444918202358394e-22, nan 
-148.625, 68.875, 1.0624284571956735e-22, nan 
-148.375, 68.875, 6.157611963415404e-23, nan 
-148.125, 68.875, 2.8017173414938585e-23, nan 
-147.875, 68.875, 2.1078147357844004e-23, nan 
-147.625, 68.875, 9.424504804404975e-23, nan 
-147.375, 68.875, 6.864473118707786e-23, nan 
-147.125, 68.875, 5.739829954738484e-23, nan 
-146.875, 68.875, 4.7015208638248e-23, nan 
-146.625, 68.875, 4.2486526529364644e-23, nan 
-146.375, 68.875, 1.1407404113273207e-22, nan 
-146.125, 68.875, 4.853981765301793e-23, nan 
-145.875, 68.875, 2.6212402625125203e-23, nan 
-145.625, 68.875, 6.649659338042952e-23, nan 
-145.375, 68.875, 4.2927195817568455e-23, nan 
-145.125, 68.875, 1.71687357770057e-23, nan 
-144.875, 68.875, 1.8363260752523344e-23, nan 
-144.625, 68.875, 2.947135367535734e-23, nan 
-144.375, 68.875, 8.861469198656241e-24, nan 
-144.125, 68.875, 2.9075557563285177e-23, nan 
-143.875, 68.875, 2.7365164667273523e-23, nan 
-143.625, 68.875, 2.898178627291425e-23, nan 
-143.375, 68.875, 3.293278239202013e-23, nan 
-143.125, 68.875, 2.028688765898794e-23, nan 
-142.875, 68.875, 4.6237473103325544e-23, nan 
-142.625, 68.875, 4.173357884433211e-23, nan 
-142.375, 68.875, 5.569835072135948e-23, nan 
-142.125, 68.875, 5.864772689084017e-23, nan 
-141.875, 68.875, 3.412256684182242e-23, nan 
-141.625, 68.875, 3.7306872280382564e-23, nan 
-141.375, 68.875, 3.7986060983553774e-23, nan 
-141.125, 68.875, 3.3376440258131867e-23, nan 
-140.875, 68.875, 4.43111070160916e-23, nan 
-140.625, 68.875, 2.9734869754134255e-23, nan 
-140.375, 68.875, 3.027407261285611e-23, nan 
-140.125, 68.875, 2.8729687716073097e-23, nan 
-139.875, 68.875, 2.015663827310642e-23, nan 
-139.625, 68.875, 2.2261855021179186e-23, nan 
-139.375, 68.875, 1.966975637923398e-23, nan 
-139.125, 68.875, 5.513303581700041e-23, nan 
-138.875, 68.875, 7.895511611607149e-23, nan 
-138.625, 68.875, 7.66152538623763e-23, nan 
-138.375, 68.875, 4.8479717428707486e-23, nan 
-138.125, 68.875, 2.738940988571039e-23, nan 
-137.875, 68.875, 3.306058323694096e-23, nan 
-137.625, 68.875, 1.2936302759145259e-23, nan 
-137.375, 68.875, 1.5924255721634048e-23, nan 
-137.125, 68.875, 2.6258332353945843e-23, nan 
-136.875, 68.875, 4.360588770933985e-23, nan 
-136.625, 68.875, 4.0220074243516805e-23, nan 
-136.375, 68.875, 3.4184790227180394e-23, nan 
-136.125, 68.875, 4.1662347686507956e-23, nan 
-135.875, 68.875, 2.768000025002365e-23, nan 
-135.625, 68.875, 3.815676843355487e-23, nan 
-135.375, 68.875, 3.4697111748154535e-23, nan 
-135.125, 68.875, 1.1819913019005778e-23, nan 
-134.875, 68.875, 4.454141142057921e-23, nan 
-134.625, 68.875, 6.490053964354312e-23, nan 
-134.375, 68.875, 1.9297545148917148e-23, nan 
-134.125, 68.875, 2.6176423535749075e-23, nan 
-133.875, 68.875, 4.090970623767197e-23, nan 
-133.625, 68.875, 3.427665588873406e-23, nan 
-133.375, 68.875, 2.836954031283054e-23, nan 
-133.125, 68.875, 2.9083185839210144e-23, nan 
-132.875, 68.875, 1.8906391987434563e-23, nan 
-132.625, 68.875, 1.8960343461554997e-23, nan 
-132.375, 68.875, 1.6506520137782e-23, nan 
-132.125, 68.875, 2.2481619401763073e-23, nan 
-131.875, 68.875, 2.723507652283448e-23, nan 
-131.625, 68.875, 2.041106303415022e-23, nan 
-131.375, 68.875, 2.98170699368718e-23, nan 
-131.125, 68.875, 5.209312740945306e-23, nan 
-130.875, 68.875, 4.5767532857319e-23, nan 
-130.625, 68.875, 3.3629731501903624e-23, nan 
-130.375, 68.875, 5.742633315695102e-23, nan 
-130.125, 68.875, 7.079388740981247e-23, nan 
-129.875, 68.875, 5.561504378689659e-23, nan 
-129.625, 68.875, 3.9226087796583726e-23, nan 
-129.375, 68.875, 9.91376685979216e-23, nan 
-129.125, 68.875, 7.52451122911306e-23, nan 
-128.875, 68.875, 6.056213111873602e-23, nan 
-128.625, 68.875, 8.057316196095872e-23, nan 
-128.375, 68.875, 5.339162581793917e-23, nan 
-128.125, 68.875, 6.473496377645849e-23, nan 
-127.875, 68.875, 7.66711962977552e-23, nan 
-127.625, 68.875, 5.549877708545182e-23, nan 
-127.375, 68.875, 4.4400273407440844e-23, nan 
-127.125, 68.875, 4.599575548415134e-23, nan 
-126.875, 68.875, 5.796746435402411e-23, nan 
-126.625, 68.875, 6.116529850830837e-23, nan 
-126.375, 68.875, 5.990654958744081e-23, nan 
-126.125, 68.875, 6.463943930446845e-23, nan 
-125.875, 68.875, 6.690710362351543e-23, nan 
-125.625, 68.875, 3.302198645718579e-23, nan 
-125.375, 68.875, 1.2500418324340676e-23, nan 
-125.125, 68.875, 1.4064146278060406e-23, nan 
-124.875, 68.875, 1.5610061286123514e-23, nan 
-124.625, 68.875, 1.148782503898395e-23, nan 
-124.375, 68.875, 1.2622958344451452e-23, nan 
-124.125, 68.875, 1.988593195731666e-23, nan 
-123.875, 68.875, 3.065416773154798e-23, nan 
-123.625, 68.875, 2.539153092942387e-23, nan 
-123.375, 68.875, 1.4601948472162248e-23, nan 
-123.125, 68.875, 1.3104777101539082e-23, nan 
-122.875, 68.875, 3.15065362160044e-23, nan 
-122.625, 68.875, 6.467599825720597e-23, nan 
-122.375, 68.875, 5.661488195844432e-23, nan 
-122.125, 68.875, 4.187482823849362e-23, nan 
-121.875, 68.875, 6.315773603549505e-23, nan 
-121.625, 68.875, 5.72911835847333e-23, nan 
-121.375, 68.875, 4.4832188268125423e-23, nan 
-121.125, 68.875, 4.7421936640525523e-23, nan 
-120.875, 68.875, 5.557077154796156e-23, nan 
-120.625, 68.875, 4.691988367738946e-23, nan 
-120.375, 68.875, 3.469419536306406e-23, nan 
-120.125, 68.875, 3.9449405102239255e-23, nan 
-119.875, 68.875, 4.465048639237828e-23, nan 
-119.625, 68.875, 2.775504109178717e-23, nan 
-119.375, 68.875, 5.813837151534615e-24, nan 
-119.125, 68.875, 9.54823539712665e-24, nan 
-118.875, 68.875, 2.0325383519326354e-23, nan 
-118.625, 68.875, 2.0987723588584082e-23, nan 
-118.375, 68.875, 2.4425658664456122e-23, nan 
-118.125, 68.875, 1.7477764256349927e-23, nan 
90.125, 68.875, 2.4083099935217917e-24, nan 
90.375, 68.875, 5.7498455417043616e-24, nan 
90.625, 68.875, 5.539790474038642e-24, nan 
90.875, 68.875, 6.4421050214060746e-24, nan 
91.125, 68.875, 5.649365168457758e-24, nan 
91.375, 68.875, 7.0356888119993e-24, nan 
91.625, 68.875, 8.096684992040804e-24, nan 
91.875, 68.875, 1.1367977584135755e-23, nan 
92.125, 68.875, 1.1037793747558543e-23, nan 
92.375, 68.875, 1.0542370159957179e-23, nan 
92.625, 68.875, 1.0619563883571295e-23, nan 
92.875, 68.875, 1.1042796596150401e-23, nan 
93.125, 68.875, 6.489746767954983e-24, nan 
93.375, 68.875, 5.033477920878301e-24, nan 
93.625, 68.875, 8.462714038549923e-24, nan 
93.875, 68.875, 3.711697448606123e-24, nan 
94.125, 68.875, 4.4980790575248564e-24, nan 
94.375, 68.875, 5.304591589825742e-24, nan 
94.625, 68.875, 4.94613334991654e-24, nan 
94.875, 68.875, 5.670821806280253e-24, nan 
95.125, 68.875, 6.3693235620481916e-24, nan 
95.375, 68.875, 7.006649874918422e-24, nan 
95.625, 68.875, 5.835176760681717e-24, nan 
95.875, 68.875, 6.6019664203898835e-24, nan 
96.125, 68.875, 4.897199030271151e-24, nan 
96.375, 68.875, 3.3367148681986174e-24, nan 
96.625, 68.875, 5.3915524173761975e-24, nan 
96.875, 68.875, 3.925717186250915e-24, nan 
97.125, 68.875, 3.272639524782608e-24, nan 
97.375, 68.875, 8.87367072322925e-24, nan 
97.625, 68.875, 6.908647089961123e-24, nan 
97.875, 68.875, 8.320237453533028e-24, nan 
98.125, 68.875, 1.3573946597574443e-23, nan 
98.375, 68.875, 1.5262164572566945e-23, nan 
98.625, 68.875, 1.1814057170215637e-23, nan 
98.875, 68.875, 1.3221148428437169e-23, nan 
99.125, 68.875, 2.3306086422596866e-23, nan 
99.375, 68.875, 2.7396439225190086e-23, nan 
99.625, 68.875, 1.421127452173671e-23, nan 
99.875, 68.875, 1.4173135007709547e-23, nan 
100.125, 68.875, 1.8330014421891026e-23, nan 
100.375, 68.875, 1.0758410528863782e-23, nan 
100.625, 68.875, 1.1286600986555761e-23, nan 
100.875, 68.875, 1.24948387689122e-23, nan 
101.125, 68.875, 2.0180374900714298e-23, nan 
101.375, 68.875, 1.770145779071069e-23, nan 
101.625, 68.875, 1.2684324709235546e-23, nan 
101.875, 68.875, 2.173110490540796e-23, nan 
102.125, 68.875, 1.692993933484795e-23, nan 
102.375, 68.875, 1.2538913545343921e-23, nan 
102.625, 68.875, 9.870578441661797e-24, nan 
102.875, 68.875, 1.137949758085903e-23, nan 
103.125, 68.875, 1.1091857880146753e-23, nan 
103.375, 68.875, 5.998570923027038e-24, nan 
103.625, 68.875, 6.832059292466176e-24, nan 
103.875, 68.875, 8.888928000890453e-24, nan 
104.125, 68.875, 8.201669981930119e-24, nan 
104.375, 68.875, 8.283933462172582e-24, nan 
104.625, 68.875, 7.145722021674425e-24, nan 
104.875, 68.875, 7.842213485951051e-24, nan 
105.125, 68.875, 1.0039781541532408e-23, nan 
105.375, 68.875, 1.672094754369207e-23, nan 
105.625, 68.875, 1.3697063230503504e-23, nan 
105.875, 68.875, 1.212306327995319e-23, nan 
106.125, 68.875, 1.671923105159259e-23, nan 
106.375, 68.875, 2.20373338650824e-23, nan 
106.625, 68.875, 1.403560294809519e-23, nan 
106.875, 68.875, 1.8536664891286683e-23, nan 
107.125, 68.875, 1.521776276535563e-23, nan 
107.375, 68.875, 1.646507855721247e-23, nan 
107.625, 68.875, 2.4014041214190966e-23, nan 
107.875, 68.875, 1.8236431364808786e-23, nan 
108.125, 68.875, 1.4848263083242657e-23, nan 
108.375, 68.875, 1.6790509037137092e-23, nan 
108.625, 68.875, 1.887004860590217e-23, nan 
108.875, 68.875, 1.9865678774826284e-23, nan 
109.125, 68.875, 1.735876614072669e-23, nan 
109.375, 68.875, 2.339986662303773e-23, nan 
109.625, 68.875, 1.3062979531594469e-23, nan 
109.875, 68.875, 1.343011091133811e-23, nan 
110.125, 68.875, 1.876445755716213e-23, nan 
110.375, 68.875, 1.8348635915695495e-23, nan 
110.625, 68.875, 2.2460658169236087e-23, nan 
110.875, 68.875, 1.6345215705750583e-23, nan 
111.125, 68.875, 1.6782770672545568e-23, nan 
111.375, 68.875, 1.839689688056984e-23, nan 
111.625, 68.875, 1.2624712411758024e-23, nan 
111.875, 68.875, 1.0432730555111416e-23, nan 
112.125, 68.875, 1.611138096492031e-23, nan 
112.375, 68.875, 2.085857899558421e-23, nan 
112.625, 68.875, 2.2694885099169233e-23, nan 
112.875, 68.875, 2.2271794734823354e-23, nan 
113.125, 68.875, 3.141690011152697e-23, nan 
113.375, 68.875, 2.732597230902386e-23, nan 
113.625, 68.875, 2.4859729227641917e-23, nan 
113.875, 68.875, 1.6586909961480357e-23, nan 
114.125, 68.875, 1.624687646465452e-23, nan 
114.375, 68.875, 1.9260080726979114e-23, nan 
114.625, 68.875, 1.5420796728339826e-23, nan 
114.875, 68.875, 1.1936516536805912e-23, nan 
115.125, 68.875, 1.0622805986118327e-23, nan 
115.375, 68.875, 6.65520403221385e-24, nan 
115.625, 68.875, 9.87620953158278e-24, nan 
115.875, 68.875, 9.763020584598327e-24, nan 
116.125, 68.875, 7.521222888723875e-24, nan 
116.375, 68.875, 9.56589349421076e-24, nan 
116.625, 68.875, 1.8614697991001563e-23, nan 
116.875, 68.875, 1.637702881359855e-23, nan 
117.125, 68.875, 2.1489178794844763e-23, nan 
117.375, 68.875, 2.2141717310981122e-23, nan 
117.625, 68.875, 2.139174751721225e-23, nan 
117.875, 68.875, 1.0813821379389778e-23, nan 
118.125, 68.875, 2.0076360140802085e-23, nan 
118.375, 68.875, 3.199114611314761e-23, nan 
118.625, 68.875, 1.6022921021479217e-23, nan 
118.875, 68.875, 2.013497488583587e-23, nan 
119.125, 68.875, 2.995188531786195e-23, nan 
119.375, 68.875, 3.9221835350593646e-23, nan 
119.625, 68.875, 3.9704207504756847e-23, nan 
119.875, 68.875, 4.13430948590855e-23, nan 
120.125, 68.875, 4.565677432736394e-23, nan 
120.375, 68.875, 4.2893469390431064e-23, nan 
120.625, 68.875, 3.5547250603016466e-23, nan 
120.875, 68.875, 3.0696308578012476e-23, nan 
121.125, 68.875, 2.968292833154096e-23, nan 
121.375, 68.875, 2.026209756614699e-23, nan 
121.625, 68.875, 1.3130762557118332e-23, nan 
121.875, 68.875, 6.292721695194737e-24, nan 
122.125, 68.875, 2.025517127237206e-23, nan 
122.375, 68.875, 3.159875053283636e-23, nan 
122.625, 68.875, 2.1614124434425113e-23, nan 
122.875, 68.875, 5.1699640450291134e-23, nan 
123.125, 68.875, 4.8769718207202946e-23, nan 
123.375, 68.875, 2.7517975483334714e-23, nan 
123.625, 68.875, 7.638373853616534e-23, nan 
123.875, 68.875, 4.8699371691718987e-23, nan 
124.125, 68.875, 4.4200614293375273e-23, nan 
124.375, 68.875, 8.903388592782469e-23, nan 
124.625, 68.875, 8.064593546326847e-23, nan 
124.875, 68.875, 3.754782121273237e-23, nan 
125.125, 68.875, 1.0422014645022693e-22, nan 
125.375, 68.875, 9.537424645367294e-23, nan 
125.625, 68.875, 2.1843884756933923e-23, nan 
125.875, 68.875, 6.056138229748896e-23, nan 
126.125, 68.875, 5.380206386331206e-23, nan 
126.375, 68.875, 3.646440934895082e-23, nan 
126.625, 68.875, 3.1632629614390634e-23, nan 
126.875, 68.875, 2.4109918236247302e-23, nan 
127.125, 68.875, 2.875107697409388e-23, nan 
127.375, 68.875, 1.539627507160462e-23, nan 
127.625, 68.875, 3.653403450264141e-23, nan 
127.875, 68.875, 3.237184156148214e-23, nan 
128.125, 68.875, 2.8665766137243014e-23, nan 
128.375, 68.875, 4.1870980497738315e-23, nan 
128.625, 68.875, 3.358335875508332e-23, nan 
128.875, 68.875, 4.0421759466036794e-23, nan 
129.125, 68.875, 2.3795789384467255e-23, nan 
129.375, 68.875, 3.4326573630475727e-23, nan 
129.625, 68.875, 4.0244371566175193e-23, nan 
129.875, 68.875, 3.129454803067855e-23, nan 
130.125, 68.875, 3.2129199368066603e-23, nan 
130.375, 68.875, 2.9709554056133855e-23, nan 
130.625, 68.875, 4.18874295057463e-23, nan 
130.875, 68.875, 3.4562908641053495e-23, nan 
131.125, 68.875, 1.8347325158078425e-23, nan 
131.375, 68.875, 5.155619536085505e-23, nan 
131.625, 68.875, 3.706802036488155e-23, nan 
131.875, 68.875, 4.287459507723013e-23, nan 
132.125, 68.875, 5.644430534567974e-23, nan 
132.375, 68.875, 4.595323365241188e-23, nan 
132.625, 68.875, 7.555691643423158e-23, nan 
132.875, 68.875, 7.692007666209759e-23, nan 
133.125, 68.875, 9.684700320259418e-23, nan 
133.375, 68.875, 1.2504903683645892e-22, nan 
133.625, 68.875, 5.69239999346854e-23, nan 
133.875, 68.875, 1.3279365051259209e-22, nan 
134.125, 68.875, 1.5382659633996254e-22, nan 
134.375, 68.875, 1.08040383283428e-22, nan 
134.625, 68.875, 1.1876001117246449e-22, nan 
134.875, 68.875, 1.1437596846300523e-22, nan 
135.125, 68.875, 1.2704177692125965e-22, nan 
135.375, 68.875, 1.5020165252707846e-22, nan 
135.625, 68.875, 1.4525534381060244e-22, nan 
135.875, 68.875, 1.1160929519552045e-22, nan 
136.125, 68.875, 2.143393644543945e-22, nan 
136.375, 68.875, 3.1127622943860745e-22, nan 
136.625, 68.875, 4.1307125163482324e-22, nan 
136.875, 68.875, 3.752764757880413e-22, nan 
137.125, 68.875, 4.406087547061133e-22, nan 
137.375, 68.875, 4.942330114658236e-22, nan 
137.625, 68.875, 3.637076793194767e-22, nan 
137.875, 68.875, 2.6324441421280555e-22, nan 
138.125, 68.875, 4.1037343655018213e-22, nan 
138.375, 68.875, 4.707309009173556e-22, nan 
138.625, 68.875, 5.88910767480771e-22, nan 
138.875, 68.875, 4.028119189769068e-22, nan 
139.125, 68.875, 4.357277918279608e-22, nan 
139.375, 68.875, 4.73272411081773e-22, nan 
139.625, 68.875, 2.4985137584694984e-22, nan 
139.875, 68.875, 7.541645268254842e-23, nan 
140.125, 68.875, 1.1116767376667836e-22, nan 
140.375, 68.875, 1.9295411907467894e-22, nan 
140.625, 68.875, 1.3062406939531022e-22, nan 
140.875, 68.875, 7.22011682775554e-23, nan 
141.125, 68.875, 1.07671012330461e-22, nan 
141.375, 68.875, 1.5171753035426364e-22, nan 
141.625, 68.875, 8.385213026687383e-23, nan 
141.875, 68.875, 1.1793777555558769e-22, nan 
142.125, 68.875, 2.0753610258712e-22, nan 
142.375, 68.875, 1.37828970120916e-22, nan 
142.625, 68.875, 2.5070063894450545e-22, nan 
142.875, 68.875, 2.7919647190221e-22, nan 
143.125, 68.875, 1.8647995976086883e-22, nan 
143.375, 68.875, 3.5951633695551293e-22, nan 
143.625, 68.875, 3.46247585576693e-22, nan 
143.875, 68.875, 2.70073266168957e-22, nan 
144.125, 68.875, 1.9293682760869318e-22, nan 
144.375, 68.875, 2.307450294194199e-22, nan 
144.625, 68.875, 2.8672850560555936e-22, nan 
144.875, 68.875, 3.6945250099029023e-22, nan 
145.125, 68.875, 3.295304686461409e-22, nan 
145.375, 68.875, 2.754532456213233e-22, nan 
145.625, 68.875, 4.251349673710835e-22, nan 
145.875, 68.875, 4.1289671677455116e-22, nan 
146.125, 68.875, 2.64314162704613e-22, nan 
146.375, 68.875, 2.184390079694345e-22, nan 
146.625, 68.875, 1.271674770187315e-22, nan 
146.875, 68.875, 1.2471835908870748e-22, nan 
147.125, 68.875, 1.7332180704524931e-22, nan 
147.375, 68.875, 1.5644414840447357e-22, nan 
147.625, 68.875, 1.826276525502939e-22, nan 
147.875, 68.875, 1.4929278017051315e-22, nan 
148.125, 68.875, 3.487500542100689e-22, nan 
148.375, 68.875, 6.521149547437739e-22, nan 
148.625, 68.875, 7.641276839194469e-22, nan 
148.875, 68.875, 4.3225333752088265e-22, nan 
149.125, 68.875, 4.778247108177356e-22, nan 
149.375, 68.875, 1.001144172099494e-21, nan 
149.625, 68.875, 6.777020891164357e-22, nan 
149.875, 68.875, 9.965580768626638e-22, nan 
150.125, 68.875, 4.98078878242729e-22, nan 
150.375, 68.875, 4.825596346131138e-22, nan 
150.625, 68.875, 5.02461549523227e-22, nan 
150.875, 68.875, 4.430244365023982e-22, nan 
151.125, 68.875, 6.065435031778648e-22, nan 
151.375, 68.875, 8.134934077061934e-22, nan 
151.625, 68.875, 1.1487805838936985e-21, nan 
151.875, 68.875, 1.4075517157982458e-21, nan 
152.125, 68.875, 7.03539696018012e-22, nan 
152.375, 68.875, 2.279948374164185e-21, nan 
152.625, 68.875, 2.6613397501578013e-21, nan 
152.875, 68.875, 8.37500664083504e-22, nan 
153.125, 68.875, 2.040248254244605e-21, nan 
153.375, 68.875, 2.205189184264809e-21, nan 
153.625, 68.875, 6.995190426926064e-22, nan 
153.875, 68.875, 1.3480153445746077e-21, nan 
154.125, 68.875, 9.185870062705572e-22, nan 
154.375, 68.875, 8.899096780579307e-22, nan 
154.625, 68.875, 2.123911091251756e-21, nan 
154.875, 68.875, 1.776179879593863e-21, nan 
155.125, 68.875, 2.311506426602715e-21, nan 
155.375, 68.875, 2.327834763272953e-21, nan 
155.625, 68.875, 1.5794814726991493e-21, nan 
155.875, 68.875, 2.212093201459987e-21, nan 
156.125, 68.875, 1.519239104522215e-21, nan 
156.375, 68.875, 1.5946472295371187e-21, nan 
156.625, 68.875, 2.3357869138882666e-21, nan 
156.875, 68.875, 3.000503358826805e-21, nan 
157.125, 68.875, 2.9874443363956836e-21, nan 
157.375, 68.875, 2.620053884929709e-21, nan 
157.625, 68.875, 4.318079094734858e-21, nan 
157.875, 68.875, 5.051813927369995e-21, nan 
158.125, 68.875, 4.05177543032484e-21, nan 
158.375, 68.875, 2.9665873087008004e-21, nan 
158.625, 68.875, 3.7395650019171505e-21, nan 
158.875, 68.875, 4.45413131128869e-21, nan 
159.125, 68.875, 1.886436460593698e-21, nan 
159.375, 68.875, 1.4106661017832725e-21, nan 
159.625, 68.875, 2.937448967561296e-21, nan 
159.875, 68.875, 4.444731253391336e-21, nan 
160.125, 68.875, 9.00655890966874e-21, nan 
160.375, 68.875, 4.524219599732963e-21, nan 
160.625, 68.875, 1.2132324674961749e-20, nan 
160.875, 68.875, 2.7566116904430245e-20, nan 
161.125, 68.875, 2.265648964646942e-20, nan 
161.375, 68.875, 1.6900741831774516e-20, nan 
161.625, 68.875, 2.861820008494405e-20, nan 
161.875, 68.875, 2.3450997898383456e-20, nan 
162.125, 68.875, 1.0756480183268912e-20, nan 
162.375, 68.875, 1.0756512001845845e-20, nan 
162.625, 68.875, 8.541522098205587e-21, nan 
162.875, 68.875, 1.6129420373735184e-20, nan 
163.125, 68.875, 9.799823025972368e-21, nan 
163.375, 68.875, 6.26832337429071e-21, nan 
163.625, 68.875, 8.887296834739899e-21, nan 
163.875, 68.875, 7.382145985627971e-21, nan 
164.125, 68.875, 7.348482025827235e-21, nan 
164.375, 68.875, 8.40020612087943e-21, nan 
164.625, 68.875, 8.048861365712616e-21, nan 
164.875, 68.875, 5.970364081932212e-21, nan 
165.125, 68.875, 1.2703135828485461e-20, nan 
165.375, 68.875, 1.5510875868813533e-20, nan 
165.625, 68.875, 2.025059787130681e-20, nan 
165.875, 68.875, 1.9953140218827795e-20, nan 
166.125, 68.875, 2.2855669921457167e-20, nan 
166.375, 68.875, 2.6456508817179595e-20, nan 
166.625, 68.875, 2.86542195138924e-20, nan 
166.875, 68.875, 1.6882289528585524e-20, nan 
167.125, 68.875, 2.4184434394507234e-20, nan 
167.375, 68.875, 2.712884495740882e-20, nan 
167.625, 68.875, 2.7212959957492153e-20, nan 
167.875, 68.875, 3.900788292431886e-20, nan 
168.125, 68.875, 2.8068079698372894e-20, nan 
168.375, 68.875, 2.8200974236344993e-20, nan 
168.625, 68.875, 3.970005928840507e-20, nan 
168.875, 68.875, 4.094853980594583e-20, nan 
169.125, 68.875, 4.342797517724991e-20, nan 
169.375, 68.875, 4.058122913059886e-20, nan 
169.625, 68.875, 4.5352782606044123e-20, nan 
169.875, 68.875, 5.4172067001553326e-20, nan 
170.125, 68.875, 4.532288766194929e-20, nan 
170.375, 68.875, 3.563047717091795e-20, nan 
170.625, 68.875, 3.068324820151888e-20, nan 
170.875, 68.875, 2.1939437472851188e-20, nan 
171.125, 68.875, 1.895483350754143e-20, nan 
171.375, 68.875, 1.776490665828102e-20, nan 
171.625, 68.875, 1.4404233712209813e-20, nan 
171.875, 68.875, 2.5285787236736386e-20, nan 
172.125, 68.875, 1.6701887790107872e-20, nan 
172.375, 68.875, 1.1741613600954239e-20, nan 
172.625, 68.875, 5.7337552721401286e-21, nan 
172.875, 68.875, 5.5987744982911814e-21, nan 
173.125, 68.875, 1.2239829433655497e-20, nan 
173.375, 68.875, 1.0358636642342044e-20, nan 
173.625, 68.875, 1.0280740555459744e-20, nan 
173.875, 68.875, 1.0551674141736498e-20, nan 
174.125, 68.875, 6.519661958744881e-21, nan 
174.375, 68.875, 7.399163313271812e-21, nan 
174.625, 68.875, 4.495094569944765e-21, nan 
174.875, 68.875, 5.053322583697334e-21, nan 
175.125, 68.875, 7.757486782816434e-21, nan 
175.375, 68.875, 1.0157520993337549e-20, nan 
175.625, 68.875, 5.689870097169334e-21, nan 
175.875, 68.875, 5.040638927524088e-21, nan 
176.125, 68.875, 3.790530171302894e-21, nan 
176.375, 68.875, 2.1378186250508866e-21, nan 
176.625, 68.875, 2.078071695637217e-21, nan 
176.875, 68.875, 3.501162310591412e-21, nan 
177.125, 68.875, 2.8335426214358173e-21, nan 
177.375, 68.875, 3.099283104614387e-21, nan 
177.625, 68.875, 4.071128250559031e-21, nan 
177.875, 68.875, 4.904980487680634e-21, nan 
178.125, 68.875, 3.774331704636028e-21, nan 
178.375, 68.875, 2.542369721499538e-21, nan 
178.625, 68.875, 3.641909636294944e-21, nan 
178.875, 68.875, 3.427920657828446e-21, nan 
179.125, 68.875, 1.4147353602122182e-21, nan 
179.375, 68.875, 1.741270229784774e-21, nan 
179.625, 68.875, 9.266676987048727e-22, nan 
179.875, 68.875, 3.7681342828558597e-22, nan 
-179.875, 69.125, 5.011561739523567e-22, nan 
-179.625, 69.125, 6.78989981818202e-22, nan 
-179.375, 69.125, 2.004737727061603e-22, nan 
-179.125, 69.125, 6.336263625770096e-22, nan 
-178.875, 69.125, 1.2592635259852034e-21, nan 
-178.625, 69.125, 1.1731752944843376e-21, nan 
-178.375, 69.125, 1.6995850449183864e-21, nan 
-178.125, 69.125, 1.8437628660078114e-21, nan 
-177.875, 69.125, 1.80758806679628e-21, nan 
-177.625, 69.125, 1.5713590393089058e-21, nan 
-177.375, 69.125, 1.4392497352316719e-21, nan 
-177.125, 69.125, 1.3084289553516102e-21, nan 
-176.875, 69.125, 5.922947510399036e-22, nan 
-176.625, 69.125, 3.104741430602365e-22, nan 
-176.375, 69.125, 2.406674056580204e-22, nan 
-176.125, 69.125, 2.9960790201668775e-22, nan 
-175.875, 69.125, 2.779233753540263e-22, nan 
-175.625, 69.125, 3.3740868828869817e-22, nan 
-175.375, 69.125, 7.995098627521548e-23, nan 
-175.125, 69.125, 2.885948489123505e-22, nan 
-174.875, 69.125, 3.5802664116217838e-22, nan 
-174.625, 69.125, 1.318428453295597e-22, nan 
-174.375, 69.125, 5.27966296622054e-22, nan 
-174.125, 69.125, 3.756906854337687e-22, nan 
-173.875, 69.125, 3.082448087596094e-22, nan 
-173.625, 69.125, 5.944322097915195e-22, nan 
-173.375, 69.125, 3.9428900027235324e-22, nan 
-173.125, 69.125, 3.0309139513427943e-22, nan 
-172.875, 69.125, 3.3648789394135113e-22, nan 
-172.625, 69.125, 3.385113558264363e-22, nan 
-172.375, 69.125, 3.113959626911137e-22, nan 
-172.125, 69.125, 6.360532081566168e-22, nan 
-171.875, 69.125, 5.226191721393606e-22, nan 
-171.625, 69.125, 2.650874425333272e-22, nan 
-171.375, 69.125, 4.2330935110418075e-22, nan 
-171.125, 69.125, 3.876872327049949e-22, nan 
-170.875, 69.125, 3.6582830094411103e-22, nan 
-170.625, 69.125, 4.0903200803922997e-22, nan 
-170.375, 69.125, 4.472194041338439e-22, nan 
-170.125, 69.125, 3.9862633715359826e-22, nan 
-169.875, 69.125, 3.251478575860797e-22, nan 
-169.625, 69.125, 2.1078409755490677e-22, nan 
-169.375, 69.125, 2.0258805566757665e-22, nan 
-169.125, 69.125, 2.607838719880072e-22, nan 
-168.875, 69.125, 1.87515944796813e-22, nan 
-168.625, 69.125, 1.221683121950908e-22, nan 
-168.375, 69.125, 2.143827528089111e-22, nan 
-168.125, 69.125, 2.1981179164732763e-22, nan 
-167.875, 69.125, 2.3680304388220207e-22, nan 
-167.625, 69.125, 2.3786815429317593e-22, nan 
-167.375, 69.125, 2.4575984802665165e-22, nan 
-167.125, 69.125, 2.0324547677066312e-22, nan 
-166.875, 69.125, 2.718742752777076e-22, nan 
-166.625, 69.125, 2.9149127528681615e-22, nan 
-166.375, 69.125, 2.0835773098090761e-22, nan 
-166.125, 69.125, 1.9615855976575636e-22, nan 
-165.875, 69.125, 5.985887401253728e-23, nan 
-165.625, 69.125, 1.8858183486876935e-22, nan 
-165.375, 69.125, 8.848957213803171e-23, nan 
-165.125, 69.125, 9.895986840999733e-23, nan 
-164.875, 69.125, 2.823161288234367e-22, nan 
-164.625, 69.125, 2.0246454555629934e-22, nan 
-164.375, 69.125, 1.2234092169417864e-22, nan 
-164.125, 69.125, 2.0316179158898862e-22, nan 
-163.875, 69.125, 1.9962194137441846e-22, nan 
-163.625, 69.125, 1.717398530418249e-22, nan 
-163.375, 69.125, 2.3116562841836733e-22, nan 
-163.125, 69.125, 8.957826259745971e-23, nan 
-162.875, 69.125, 1.6099397834184784e-22, nan 
-162.625, 69.125, 1.9321167484042941e-22, nan 
-162.375, 69.125, 1.7452738378729407e-22, nan 
-162.125, 69.125, 1.8097506416693515e-22, nan 
-161.875, 69.125, 1.841294222332728e-22, nan 
-161.625, 69.125, 1.7515212677278452e-22, nan 
-161.375, 69.125, 2.539356583586138e-22, nan 
-161.125, 69.125, 4.647444065916884e-22, nan 
-160.875, 69.125, 3.982412800373812e-22, nan 
-160.625, 69.125, 3.577315149817451e-22, nan 
-160.375, 69.125, 6.0216872436044255e-22, nan 
-160.125, 69.125, 4.772654793748116e-22, nan 
-159.875, 69.125, 3.752417794132909e-22, nan 
-159.625, 69.125, 2.166682468403982e-22, nan 
-159.375, 69.125, 2.179475894512581e-22, nan 
-159.125, 69.125, 1.4117122206919045e-22, nan 
-158.875, 69.125, 2.861300529668122e-23, nan 
-158.625, 69.125, 3.9909769854359106e-23, nan 
-158.375, 69.125, 3.1414417398203246e-23, nan 
-158.125, 69.125, 3.6970727440439606e-23, nan 
-157.875, 69.125, 4.600194997700949e-23, nan 
-157.625, 69.125, 5.0734467046356054e-23, nan 
-157.375, 69.125, 4.7916387161755123e-23, nan 
-157.125, 69.125, 2.713836268664442e-23, nan 
-156.875, 69.125, 3.7069405473126223e-23, nan 
-156.625, 69.125, 4.8036202982678077e-23, nan 
-156.375, 69.125, 4.2077053998570024e-23, nan 
-156.125, 69.125, 8.168372196734177e-23, nan 
-155.875, 69.125, 8.851950321796086e-23, nan 
-155.625, 69.125, 9.539069809408341e-23, nan 
-155.375, 69.125, 8.760641354029333e-23, nan 
-155.125, 69.125, 8.345024353501169e-23, nan 
-154.875, 69.125, 8.405703681093045e-23, nan 
-154.625, 69.125, 2.0550468700649192e-23, nan 
-154.375, 69.125, 5.441799391962314e-23, nan 
-154.125, 69.125, 1.0559483913462085e-22, nan 
-153.875, 69.125, 7.654154732744804e-23, nan 
-153.625, 69.125, 1.4561836180714454e-23, nan 
-153.375, 69.125, 4.973034017749489e-23, nan 
-153.125, 69.125, 3.575486428857545e-23, nan 
-152.875, 69.125, 3.7078972596791395e-23, nan 
-152.625, 69.125, 5.498242198213439e-23, nan 
-152.375, 69.125, 6.134511417576523e-23, nan 
-152.125, 69.125, 4.4426106988748865e-23, nan 
-151.875, 69.125, 5.322878536011669e-23, nan 
-151.625, 69.125, 6.55576244363404e-23, nan 
-151.375, 69.125, 7.369468720430526e-23, nan 
-151.125, 69.125, 8.020904411247729e-23, nan 
-150.875, 69.125, 2.916817861248889e-23, nan 
-150.625, 69.125, 3.294695688842637e-23, nan 
-150.375, 69.125, 4.163836896259226e-23, nan 
-150.125, 69.125, 1.1951291283763394e-22, nan 
-149.875, 69.125, 7.017684742975415e-23, nan 
-149.625, 69.125, 7.979497236514334e-23, nan 
-149.375, 69.125, 2.0424343277027798e-22, nan 
-149.125, 69.125, 1.2699626094036439e-22, nan 
-148.875, 69.125, 1.0748783634134705e-22, nan 
-148.625, 69.125, 1.5868601753502499e-22, nan 
-148.375, 69.125, 8.887417730702909e-23, nan 
-148.125, 69.125, 1.0409128009570171e-22, nan 
-147.875, 69.125, 1.2507752104519705e-22, nan 
-147.625, 69.125, 7.716962292383634e-23, nan 
-147.375, 69.125, 7.670152966552396e-23, nan 
-147.125, 69.125, 8.044321189098204e-23, nan 
-146.875, 69.125, 6.742094845107817e-23, nan 
-146.625, 69.125, 6.361248055003225e-23, nan 
-146.375, 69.125, 7.911092917075308e-23, nan 
-146.125, 69.125, 6.645043198589739e-23, nan 
-145.875, 69.125, 4.865656982479591e-23, nan 
-145.625, 69.125, 5.167723482971937e-23, nan 
-145.375, 69.125, 6.818299781432308e-23, nan 
-145.125, 69.125, 4.3852263840068655e-23, nan 
-144.875, 69.125, 6.469785390718764e-23, nan 
-144.625, 69.125, 1.0527410178638194e-22, nan 
-144.375, 69.125, 5.492632291084599e-23, nan 
-144.125, 69.125, 2.851174670182606e-23, nan 
-143.875, 69.125, 4.954016569930184e-23, nan 
-143.625, 69.125, 4.1427342203303686e-23, nan 
-143.375, 69.125, 2.367503238790892e-23, nan 
-143.125, 69.125, 2.7514406910565834e-23, nan 
-142.875, 69.125, 4.865308263832472e-23, nan 
-142.625, 69.125, 4.186164867175467e-23, nan 
-142.375, 69.125, 3.422809319195075e-23, nan 
-142.125, 69.125, 5.1017905369516934e-23, nan 
-141.875, 69.125, 4.5721864675142544e-23, nan 
-141.625, 69.125, 3.992371918006515e-23, nan 
-141.375, 69.125, 3.824946470125822e-23, nan 
-141.125, 69.125, 3.8370149015379004e-23, nan 
-140.875, 69.125, 4.4768517537569673e-23, nan 
-140.625, 69.125, 2.073333146930802e-23, nan 
-140.375, 69.125, 3.119285091671137e-23, nan 
-140.125, 69.125, 2.9994908369594254e-23, nan 
-139.875, 69.125, 3.4552828220877057e-23, nan 
-139.625, 69.125, 3.403921769872607e-23, nan 
-139.375, 69.125, 3.0569875834434375e-23, nan 
-139.125, 69.125, 4.4879768848522614e-23, nan 
-138.875, 69.125, 2.749149305192113e-23, nan 
-138.625, 69.125, 1.651558837736909e-23, nan 
-138.375, 69.125, 1.9705148810897114e-23, nan 
-138.125, 69.125, 1.9746300988792766e-23, nan 
-137.875, 69.125, 2.5425437361228112e-23, nan 
-137.625, 69.125, 1.6169278856538132e-23, nan 
-137.375, 69.125, 2.874823128522208e-23, nan 
-137.125, 69.125, 1.8984577751761542e-23, nan 
-136.875, 69.125, 1.6151687992039488e-23, nan 
-136.625, 69.125, 2.179422966342179e-23, nan 
-136.375, 69.125, 2.4715824811388708e-23, nan 
-136.125, 69.125, 3.462978565936352e-23, nan 
-135.875, 69.125, 3.6176159152807594e-23, nan 
-135.625, 69.125, 5.0452940188063477e-23, nan 
-135.375, 69.125, 4.5376830704886604e-23, nan 
-135.125, 69.125, 6.190067951535852e-23, nan 
-134.875, 69.125, 1.0116194586366591e-22, nan 
-134.625, 69.125, 7.74903258626586e-23, nan 
-134.375, 69.125, 3.40325638442415e-23, nan 
-134.125, 69.125, 4.6310620884001065e-23, nan 
-133.875, 69.125, 4.8328078132690343e-23, nan 
-133.625, 69.125, 5.254920239569335e-23, nan 
-133.375, 69.125, 3.0065800998332013e-23, nan 
-133.125, 69.125, 2.980697226461266e-23, nan 
-132.875, 69.125, 3.5185174488932587e-23, nan 
-132.625, 69.125, 3.2862032122113376e-23, nan 
-132.375, 69.125, 3.3787731473198045e-23, nan 
-132.125, 69.125, 3.34081691517996e-23, nan 
-131.875, 69.125, 2.775445028683444e-23, nan 
-131.625, 69.125, 3.009670064575907e-23, nan 
-131.375, 69.125, 3.1027936188126775e-23, nan 
-131.125, 69.125, 4.240844267652788e-23, nan 
-130.875, 69.125, 4.4902320154122204e-23, nan 
-130.625, 69.125, 3.895456829474391e-23, nan 
-130.375, 69.125, 4.861318642439866e-23, nan 
-130.125, 69.125, 6.780554286183578e-23, nan 
-129.875, 69.125, 5.858882943540164e-23, nan 
-129.625, 69.125, 3.467399835444941e-23, nan 
-129.375, 69.125, 6.344141952755258e-23, nan 
-129.125, 69.125, 6.755274152434683e-23, nan 
-128.875, 69.125, 8.525742671813394e-23, nan 
-128.625, 69.125, 9.284146309088705e-23, nan 
-128.375, 69.125, 9.875132282598475e-23, nan 
-128.125, 69.125, 8.283392536150505e-23, nan 
-127.875, 69.125, 7.968256983820907e-23, nan 
-127.625, 69.125, 6.225679257330619e-23, nan 
-127.375, 69.125, 3.7544604651850527e-23, nan 
-127.125, 69.125, 3.772797792464745e-23, nan 
-126.875, 69.125, 5.627511015530595e-23, nan 
-126.625, 69.125, 4.38836547341122e-23, nan 
-126.375, 69.125, 7.977002315913638e-23, nan 
-126.125, 69.125, 8.902754189798569e-23, nan 
-125.875, 69.125, 8.843441418782182e-23, nan 
-125.625, 69.125, 8.80118979706153e-23, nan 
-125.375, 69.125, 6.02022418489102e-23, nan 
-125.125, 69.125, 6.020656479323926e-23, nan 
-124.875, 69.125, 7.872207417640406e-24, nan 
-124.625, 69.125, 9.408642490418107e-24, nan 
-124.375, 69.125, 1.1760089722817262e-23, nan 
-124.125, 69.125, 1.2525704767906519e-23, nan 
-123.875, 69.125, 1.2866890622933827e-23, nan 
-123.625, 69.125, 1.473407261115454e-23, nan 
-123.375, 69.125, 1.2561856841285144e-23, nan 
-123.125, 69.125, 1.44087178073416e-23, nan 
-122.875, 69.125, 1.7378605743550477e-23, nan 
-122.625, 69.125, 1.8315312089460485e-23, nan 
-122.375, 69.125, 1.0092780452299914e-23, nan 
-122.125, 69.125, 3.245059051676517e-23, nan 
-121.875, 69.125, 4.4905495758414445e-23, nan 
-121.625, 69.125, 4.550826175307353e-23, nan 
-121.375, 69.125, 5.585008604266286e-23, nan 
-121.125, 69.125, 6.417548157916053e-23, nan 
-120.875, 69.125, 4.7477249151153055e-23, nan 
-120.625, 69.125, 5.143483916939553e-23, nan 
-120.375, 69.125, 7.439626846805357e-23, nan 
-120.125, 69.125, 1.3199489664589742e-23, nan 
-119.875, 69.125, 3.2388403569937725e-23, nan 
-119.625, 69.125, 4.2492566018033463e-23, nan 
-119.375, 69.125, 5.8317801566096194e-24, nan 
-119.125, 69.125, 1.3433664038987527e-23, nan 
-118.875, 69.125, 1.6666050379085433e-23, nan 
-118.625, 69.125, 5.656961174923461e-24, nan 
-118.375, 69.125, 7.521438652253481e-24, nan 
-118.125, 69.125, 1.0705212435370802e-23, nan 
-117.875, 69.125, 1.188201733376019e-23, nan 
-117.625, 69.125, 1.7474592862397167e-23, nan 
89.625, 69.125, 1.5945215745220663e-23, nan 
89.875, 69.125, 7.805939424143043e-24, nan 
90.125, 69.125, 7.75800086544052e-24, nan 
90.375, 69.125, 3.5724354710903805e-24, nan 
90.625, 69.125, 8.714187421593372e-24, nan 
90.875, 69.125, 1.2305221019938154e-23, nan 
91.125, 69.125, 9.862313523946247e-24, nan 
91.375, 69.125, 1.4796001307523154e-23, nan 
91.625, 69.125, 1.3393980359833046e-23, nan 
91.875, 69.125, 6.961563080277307e-24, nan 
92.125, 69.125, 5.547247513197786e-24, nan 
92.375, 69.125, 1.1467583209030159e-23, nan 
92.625, 69.125, 1.1940259151442645e-23, nan 
92.875, 69.125, 9.739757885015607e-24, nan 
93.125, 69.125, 1.1336948567756829e-23, nan 
93.375, 69.125, 1.1536926831359069e-23, nan 
93.625, 69.125, 8.636020663839171e-24, nan 
93.875, 69.125, 3.973136567077676e-24, nan 
94.125, 69.125, 4.2701435087097515e-24, nan 
94.375, 69.125, 3.62807241404242e-24, nan 
94.625, 69.125, 4.368294583210283e-24, nan 
94.875, 69.125, 5.560835892300708e-24, nan 
95.125, 69.125, 4.646729297067799e-24, nan 
95.375, 69.125, 6.674145556474932e-24, nan 
95.625, 69.125, 7.099737723146623e-24, nan 
95.875, 69.125, 5.535311684357009e-24, nan 
96.125, 69.125, 6.384660464683072e-24, nan 
96.375, 69.125, 6.514342851479746e-24, nan 
96.625, 69.125, 5.455829112997646e-24, nan 
96.875, 69.125, 2.860920602648734e-24, nan 
97.125, 69.125, 3.0621306595380345e-24, nan 
97.375, 69.125, 5.279088636904202e-24, nan 
97.625, 69.125, 3.484729861589435e-24, nan 
97.875, 69.125, 5.905760541236274e-24, nan 
98.125, 69.125, 1.117976857404167e-23, nan 
98.375, 69.125, 7.89384735121075e-24, nan 
98.625, 69.125, 9.39196210953743e-24, nan 
98.875, 69.125, 1.4190013801794847e-23, nan 
99.125, 69.125, 1.619584534270352e-23, nan 
99.375, 69.125, 1.4277872176006092e-23, nan 
99.625, 69.125, 6.870354477679364e-24, nan 
99.875, 69.125, 7.21605604439571e-24, nan 
100.125, 69.125, 8.740758225872451e-24, nan 
100.375, 69.125, 1.0508404085861772e-23, nan 
100.625, 69.125, 9.568015676629966e-24, nan 
100.875, 69.125, 1.4077225153239133e-23, nan 
101.125, 69.125, 1.9036286306852042e-23, nan 
101.375, 69.125, 1.3316506050796453e-23, nan 
101.625, 69.125, 5.939360237457691e-24, nan 
101.875, 69.125, 8.883923736261924e-24, nan 
102.125, 69.125, 9.94955816005888e-24, nan 
102.375, 69.125, 9.805837007502681e-24, nan 
102.625, 69.125, 8.058284891284932e-24, nan 
102.875, 69.125, 5.914848532586349e-24, nan 
103.125, 69.125, 6.479206907290617e-24, nan 
103.375, 69.125, 5.8912272621492674e-24, nan 
103.625, 69.125, 4.7163993723661004e-24, nan 
103.875, 69.125, 8.453354354864292e-24, nan 
104.125, 69.125, 9.042357617339309e-24, nan 
104.375, 69.125, 8.757487127220043e-24, nan 
104.625, 69.125, 6.643522142968933e-24, nan 
104.875, 69.125, 7.514316482087038e-24, nan 
105.125, 69.125, 7.652756460439414e-24, nan 
105.375, 69.125, 1.1278989557309376e-23, nan 
105.625, 69.125, 1.6077381596726993e-23, nan 
105.875, 69.125, 1.596976095225899e-23, nan 
106.125, 69.125, 1.0695559152820066e-23, nan 
106.375, 69.125, 7.925938684983107e-24, nan 
106.625, 69.125, 5.488228298286786e-24, nan 
106.875, 69.125, 6.214265174988566e-24, nan 
107.125, 69.125, 1.0202467105034904e-23, nan 
107.375, 69.125, 9.876777810534255e-24, nan 
107.625, 69.125, 1.0083645747267667e-23, nan 
107.875, 69.125, 1.1663542840565264e-23, nan 
108.125, 69.125, 9.329464452157741e-24, nan 
108.375, 69.125, 9.486930408904431e-24, nan 
108.625, 69.125, 1.0888663625641707e-23, nan 
108.875, 69.125, 6.062678205173556e-24, nan 
109.125, 69.125, 6.395193221159089e-24, nan 
109.375, 69.125, 1.2448111082648513e-23, nan 
109.625, 69.125, 1.2966822831314292e-23, nan 
109.875, 69.125, 1.4842149911074782e-23, nan 
110.125, 69.125, 1.6493888210463936e-23, nan 
110.375, 69.125, 1.8844132684947117e-23, nan 
110.625, 69.125, 2.1782126969901298e-23, nan 
110.875, 69.125, 1.719051417416534e-23, nan 
111.125, 69.125, 1.5596470927772458e-23, nan 
111.375, 69.125, 1.67700525700254e-23, nan 
111.625, 69.125, 9.211781379836329e-24, nan 
111.875, 69.125, 9.057684853693308e-24, nan 
112.125, 69.125, 1.0749285799954377e-23, nan 
112.375, 69.125, 6.037001512835505e-24, nan 
112.625, 69.125, 9.488586461235863e-24, nan 
112.875, 69.125, 9.010653035853242e-24, nan 
113.125, 69.125, 7.57385235005346e-24, nan 
113.375, 69.125, 1.4192426035938994e-23, nan 
113.625, 69.125, 1.531543206161377e-23, nan 
113.875, 69.125, 1.0993996181611624e-23, nan 
114.125, 69.125, 1.0659489044697482e-23, nan 
114.375, 69.125, 1.0348609896402493e-23, nan 
114.625, 69.125, 1.1370357803695088e-23, nan 
114.875, 69.125, 1.2219588943476269e-23, nan 
115.125, 69.125, 1.2501843888699716e-23, nan 
115.375, 69.125, 8.163069978704572e-24, nan 
115.625, 69.125, 2.2422468174420656e-23, nan 
115.875, 69.125, 4.843345920973312e-23, nan 
116.125, 69.125, 3.4062484322031433e-23, nan 
116.375, 69.125, 9.953277485040031e-24, nan 
116.625, 69.125, 1.96278469815634e-23, nan 
116.875, 69.125, 2.9176143524768125e-23, nan 
117.125, 69.125, 1.9196902664033055e-23, nan 
117.375, 69.125, 1.727050748338011e-23, nan 
117.625, 69.125, 1.7617451571778037e-23, nan 
117.875, 69.125, 1.0493040501239369e-23, nan 
118.125, 69.125, 2.939652117841262e-23, nan 
118.375, 69.125, 2.529945754380894e-23, nan 
118.625, 69.125, 2.2239672360590787e-23, nan 
118.875, 69.125, 2.7730339773326425e-23, nan 
119.125, 69.125, 3.513056672720701e-23, nan 
119.375, 69.125, 3.455560776492623e-23, nan 
119.625, 69.125, 3.211644876575657e-23, nan 
119.875, 69.125, 2.7079059165716777e-23, nan 
120.125, 69.125, 2.091111490581034e-23, nan 
120.375, 69.125, 1.685535473828831e-23, nan 
120.625, 69.125, 5.0143826224641646e-24, nan 
120.875, 69.125, 2.842108645834132e-23, nan 
121.125, 69.125, 1.3164804641763516e-23, nan 
121.375, 69.125, 1.8369028129185288e-23, nan 
121.625, 69.125, 1.8085041037760573e-23, nan 
121.875, 69.125, 2.0114411906961545e-23, nan 
122.125, 69.125, 5.154315183876852e-23, nan 
122.375, 69.125, 3.811725652445081e-23, nan 
122.625, 69.125, 5.532445487846183e-23, nan 
122.875, 69.125, 8.511970431240189e-23, nan 
123.125, 69.125, 5.647404644862037e-23, nan 
123.375, 69.125, 5.329166254328036e-23, nan 
123.625, 69.125, 8.639995833731253e-23, nan 
123.875, 69.125, 3.4864200495776954e-23, nan 
124.125, 69.125, 4.5290766042677244e-23, nan 
124.375, 69.125, 9.17885235666122e-23, nan 
124.625, 69.125, 7.717854716282365e-23, nan 
124.875, 69.125, 4.361673292747009e-23, nan 
125.125, 69.125, 7.176587449427978e-23, nan 
125.375, 69.125, 7.048941742875211e-23, nan 
125.625, 69.125, 4.439348433412086e-23, nan 
125.875, 69.125, 3.459715272745214e-23, nan 
126.125, 69.125, 2.389224848379332e-23, nan 
126.375, 69.125, 4.299652985144564e-23, nan 
126.625, 69.125, 3.5358886955997276e-23, nan 
126.875, 69.125, 2.1626130353996195e-23, nan 
127.125, 69.125, 2.0267465818616335e-23, nan 
127.375, 69.125, 1.0528801780813793e-23, nan 
127.625, 69.125, 1.9626201405191776e-23, nan 
127.875, 69.125, 2.582447812034683e-23, nan 
128.125, 69.125, 2.9456180189900586e-23, nan 
128.375, 69.125, 3.085753962146093e-23, nan 
128.625, 69.125, 4.765850022649735e-23, nan 
128.875, 69.125, 4.892169751824328e-23, nan 
129.125, 69.125, 4.153725146845943e-23, nan 
129.375, 69.125, 3.562596134134754e-23, nan 
129.625, 69.125, 3.6021644751424356e-23, nan 
129.875, 69.125, 3.0724524345033206e-23, nan 
130.125, 69.125, 2.530748520044891e-23, nan 
130.375, 69.125, 3.532907416627167e-23, nan 
130.625, 69.125, 2.9981615047003945e-23, nan 
130.875, 69.125, 1.376203388811057e-23, nan 
131.125, 69.125, 2.275029080496761e-23, nan 
131.375, 69.125, 3.914165265237741e-23, nan 
131.625, 69.125, 2.4192953354985893e-23, nan 
131.875, 69.125, 4.862573817438813e-23, nan 
132.125, 69.125, 5.1911854035177165e-23, nan 
132.375, 69.125, 4.238741590721457e-23, nan 
132.625, 69.125, 6.177499548674807e-23, nan 
132.875, 69.125, 6.097894013462468e-23, nan 
133.125, 69.125, 5.905275618241867e-23, nan 
133.375, 69.125, 9.190265863313831e-23, nan 
133.625, 69.125, 6.885012673264161e-23, nan 
133.875, 69.125, 5.634205882186552e-23, nan 
134.125, 69.125, 5.0836983201694033e-23, nan 
134.375, 69.125, 5.116201143061782e-23, nan 
134.625, 69.125, 4.3608838815021e-23, nan 
134.875, 69.125, 3.481845841107584e-23, nan 
135.125, 69.125, 5.533892857627781e-23, nan 
135.375, 69.125, 3.0749921427470416e-23, nan 
135.625, 69.125, 4.1870972226843436e-23, nan 
135.875, 69.125, 5.864452130414315e-23, nan 
136.125, 69.125, 4.618073360676653e-23, nan 
136.375, 69.125, 1.2265673954399631e-22, nan 
136.625, 69.125, 1.865419673444774e-22, nan 
136.875, 69.125, 2.381328983431243e-22, nan 
137.125, 69.125, 3.1804657940277173e-22, nan 
137.375, 69.125, 3.8947174074188648e-22, nan 
137.625, 69.125, 3.3820509429198084e-22, nan 
137.875, 69.125, 2.900401178175488e-22, nan 
138.125, 69.125, 3.295441143154827e-22, nan 
138.375, 69.125, 3.0174899537889255e-22, nan 
138.625, 69.125, 4.654945422526612e-22, nan 
138.875, 69.125, 1.84315966100239e-22, nan 
139.125, 69.125, 1.453120658954661e-22, nan 
139.375, 69.125, 1.7933885449006614e-22, nan 
139.625, 69.125, 1.6616358636795143e-22, nan 
139.875, 69.125, 6.8499945275873e-23, nan 
140.125, 69.125, 1.0615822791124177e-22, nan 
140.375, 69.125, 1.2710835708863992e-22, nan 
140.625, 69.125, 7.689286900938159e-23, nan 
140.875, 69.125, 6.790244329638277e-23, nan 
141.125, 69.125, 6.776630641734178e-23, nan 
141.375, 69.125, 6.938953398012344e-23, nan 
141.625, 69.125, 1.0958391404157651e-22, nan 
141.875, 69.125, 1.7530496453873744e-22, nan 
142.125, 69.125, 1.212667960899279e-22, nan 
142.375, 69.125, 3.645191109111488e-23, nan 
142.625, 69.125, 1.340079542667174e-22, nan 
142.875, 69.125, 2.558522355559896e-22, nan 
143.125, 69.125, 2.1243763199433825e-22, nan 
143.375, 69.125, 2.08393109369033e-22, nan 
143.625, 69.125, 2.8600961543245804e-22, nan 
143.875, 69.125, 3.726178841833838e-22, nan 
144.125, 69.125, 3.3051286576651614e-22, nan 
144.375, 69.125, 1.740411617880458e-22, nan 
144.625, 69.125, 3.4788518611610396e-22, nan 
144.875, 69.125, 5.657630587898909e-22, nan 
145.125, 69.125, 3.8920703789557837e-22, nan 
145.375, 69.125, 3.2597090804841005e-22, nan 
145.625, 69.125, 5.697027919849492e-22, nan 
145.875, 69.125, 4.687183148790232e-22, nan 
146.125, 69.125, 2.972542338506478e-22, nan 
146.375, 69.125, 2.0148103451885136e-22, nan 
146.625, 69.125, 8.841369069657046e-23, nan 
146.875, 69.125, 1.5598508236555424e-22, nan 
147.125, 69.125, 7.048913242968016e-23, nan 
147.375, 69.125, 1.4915439551413032e-22, nan 
147.625, 69.125, 1.9642291479787153e-22, nan 
147.875, 69.125, 1.7555870374568743e-22, nan 
148.125, 69.125, 2.723616227430648e-22, nan 
148.375, 69.125, 1.434419411582665e-22, nan 
148.625, 69.125, 1.9440018609731686e-22, nan 
148.875, 69.125, 3.5130828576571945e-22, nan 
149.125, 69.125, 3.498132812346634e-22, nan 
149.375, 69.125, 2.657483599028908e-22, nan 
149.625, 69.125, 2.865372006417381e-22, nan 
149.875, 69.125, 4.11301162040887e-22, nan 
150.125, 69.125, 5.173236562220297e-22, nan 
150.375, 69.125, 6.3916301740452655e-22, nan 
150.625, 69.125, 7.314428988577129e-22, nan 
150.875, 69.125, 6.705350635676123e-22, nan 
151.125, 69.125, 7.503497599844771e-22, nan 
151.375, 69.125, 8.82119160954408e-22, nan 
151.625, 69.125, 7.402637467639354e-22, nan 
151.875, 69.125, 3.2876159717042635e-22, nan 
152.125, 69.125, 1.1133441677531615e-21, nan 
152.375, 69.125, 1.7053158125114846e-21, nan 
152.625, 69.125, 1.6274571119380102e-21, nan 
152.875, 69.125, 1.3395695524832174e-21, nan 
153.125, 69.125, 1.4238811715306431e-21, nan 
153.375, 69.125, 8.013321567985189e-22, nan 
153.625, 69.125, 6.421127056550088e-22, nan 
153.875, 69.125, 1.0443879426274163e-21, nan 
154.125, 69.125, 9.59178206898698e-22, nan 
154.375, 69.125, 1.4022125715615667e-21, nan 
154.625, 69.125, 1.1292796682560823e-21, nan 
154.875, 69.125, 1.8456443272137076e-21, nan 
155.125, 69.125, 1.770543253863803e-21, nan 
155.375, 69.125, 1.0169405722964955e-21, nan 
155.625, 69.125, 2.6759633569377614e-21, nan 
155.875, 69.125, 2.667127997027152e-21, nan 
156.125, 69.125, 9.282454947691723e-22, nan 
156.375, 69.125, 2.030622849695333e-21, nan 
156.625, 69.125, 2.4093507098669404e-21, nan 
156.875, 69.125, 1.892118265864647e-21, nan 
157.125, 69.125, 1.9886369148566287e-21, nan 
157.375, 69.125, 1.4743284407694398e-21, nan 
157.625, 69.125, 4.489990446548385e-21, nan 
157.875, 69.125, 4.792992364130713e-21, nan 
158.125, 69.125, 5.059050376670056e-21, nan 
158.375, 69.125, 3.787208010912667e-21, nan 
158.625, 69.125, 4.707556688281807e-21, nan 
158.875, 69.125, 4.944893732930352e-21, nan 
159.125, 69.125, 3.681133185711678e-21, nan 
159.375, 69.125, 2.922824770705324e-21, nan 
159.625, 69.125, 2.3871811151668696e-21, nan 
159.875, 69.125, 6.03707105559749e-21, nan 
160.125, 69.125, 4.474097866643223e-21, nan 
160.375, 69.125, 9.641476938149066e-21, nan 
160.625, 69.125, 2.1971870426024936e-20, nan 
160.875, 69.125, 2.188864426044399e-20, nan 
161.125, 69.125, 1.7020665796917154e-20, nan 
161.375, 69.125, 2.209166326431328e-20, nan 
161.625, 69.125, 1.9083085731614158e-20, nan 
161.875, 69.125, 9.433015777208847e-21, nan 
162.125, 69.125, 7.297727260408166e-21, nan 
162.375, 69.125, 1.5077470661254075e-20, nan 
162.625, 69.125, 4.066116880478514e-20, nan 
162.875, 69.125, 2.4445213369012087e-20, nan 
163.125, 69.125, 1.5011708230855968e-20, nan 
163.375, 69.125, 1.6820131637773714e-20, nan 
163.625, 69.125, 2.171425858729051e-20, nan 
163.875, 69.125, 1.266898444342194e-20, nan 
164.125, 69.125, 4.61958216980846e-21, nan 
164.375, 69.125, 5.6805361957537615e-21, nan 
164.625, 69.125, 1.1753148337516639e-20, nan 
164.875, 69.125, 1.5841779453056373e-20, nan 
165.125, 69.125, 1.3601044483614488e-20, nan 
165.375, 69.125, 1.620292262598592e-20, nan 
165.625, 69.125, 2.4339956653553576e-20, nan 
165.875, 69.125, 1.3924228852978114e-20, nan 
166.125, 69.125, 1.6154541389683656e-20, nan 
166.375, 69.125, 2.5411892719682126e-20, nan 
166.625, 69.125, 9.701965264133632e-21, nan 
166.875, 69.125, 1.3564203578489204e-20, nan 
167.125, 69.125, 2.0393537902562794e-20, nan 
167.375, 69.125, 2.572479633298192e-20, nan 
167.625, 69.125, 2.83567807059679e-20, nan 
167.875, 69.125, 4.4488970930723255e-20, nan 
168.125, 69.125, 4.195598211584664e-20, nan 
168.375, 69.125, 4.4454795739729485e-20, nan 
168.625, 69.125, 4.9250481296098615e-20, nan 
168.875, 69.125, 4.235644176666047e-20, nan 
169.125, 69.125, 4.312601947648037e-20, nan 
169.375, 69.125, 4.190340907752164e-20, nan 
169.625, 69.125, 4.9520706624650604e-20, nan 
169.875, 69.125, 5.72171123179655e-20, nan 
170.125, 69.125, 5.0876658557368713e-20, nan 
170.375, 69.125, 4.446253137601366e-20, nan 
170.625, 69.125, 4.2193088850440926e-20, nan 
170.875, 69.125, 3.6413952241044065e-20, nan 
171.125, 69.125, 2.5115976780048244e-20, nan 
171.375, 69.125, 1.7163194592213848e-20, nan 
171.625, 69.125, 1.4204114192326554e-20, nan 
171.875, 69.125, 1.6006500907079408e-20, nan 
172.125, 69.125, 1.4675307292198538e-20, nan 
172.375, 69.125, 1.3111409823137419e-20, nan 
172.625, 69.125, 1.2766243788510836e-20, nan 
172.875, 69.125, 1.3129740574891819e-20, nan 
173.125, 69.125, 1.4286786048334237e-20, nan 
173.375, 69.125, 1.3152513457627938e-20, nan 
173.625, 69.125, 1.325039809617823e-20, nan 
173.875, 69.125, 1.556933754589261e-20, nan 
174.125, 69.125, 8.412688971441092e-21, nan 
174.375, 69.125, 8.493074255680513e-21, nan 
174.625, 69.125, 1.6154458888452957e-20, nan 
174.875, 69.125, 1.1168680053254086e-20, nan 
175.125, 69.125, 5.322511694686137e-21, nan 
175.375, 69.125, 9.682965172161908e-21, nan 
175.625, 69.125, 7.958940199471247e-21, nan 
175.875, 69.125, 6.587840354610888e-21, nan 
176.125, 69.125, 4.294160746786791e-21, nan 
176.375, 69.125, 6.007195580509278e-21, nan 
176.625, 69.125, 7.527679068576663e-21, nan 
176.875, 69.125, 4.535564514886816e-21, nan 
177.125, 69.125, 4.6761472642909095e-21, nan 
177.375, 69.125, 5.6431327491216535e-21, nan 
177.625, 69.125, 5.36027717822217e-21, nan 
177.875, 69.125, 5.797124450602527e-21, nan 
178.125, 69.125, 3.82545530495247e-21, nan 
178.375, 69.125, 3.990838610883419e-21, nan 
178.625, 69.125, 4.7053542972320965e-21, nan 
178.875, 69.125, 2.9216652890483886e-21, nan 
179.125, 69.125, 1.351486500131696e-21, nan 
179.375, 69.125, 7.307537402569266e-22, nan 
179.625, 69.125, 6.089975844872303e-22, nan 
179.875, 69.125, 5.890395505003691e-22, nan 
-179.875, 69.375, 1.1022334840916958e-21, nan 
-179.625, 69.375, 8.412783000501985e-22, nan 
-179.375, 69.375, 8.607546137052384e-22, nan 
-179.125, 69.375, 7.3807072159697485e-22, nan 
-178.875, 69.375, 1.4189029824604123e-21, nan 
-178.625, 69.375, 2.6686379203309822e-21, nan 
-178.375, 69.375, 2.786196688578951e-21, nan 
-178.125, 69.375, 1.880756676278946e-21, nan 
-177.875, 69.375, 2.1413891656390228e-21, nan 
-177.625, 69.375, 2.061192786921554e-21, nan 
-177.375, 69.375, 1.144459604365818e-21, nan 
-177.125, 69.375, 4.957752348566539e-22, nan 
-176.875, 69.375, 2.768162467783238e-22, nan 
-176.625, 69.375, 2.84275609032222e-22, nan 
-176.375, 69.375, 2.400646094711929e-22, nan 
-176.125, 69.375, 4.323087609859886e-22, nan 
-175.875, 69.375, 5.523650120588276e-22, nan 
-175.625, 69.375, 4.378982146244507e-22, nan 
-175.375, 69.375, 3.3453348441500905e-22, nan 
-175.125, 69.375, 4.901843251399825e-22, nan 
-174.875, 69.375, 1.638681246975846e-22, nan 
-174.625, 69.375, 3.17921222971849e-22, nan 
-174.375, 69.375, 5.151988519725473e-22, nan 
-174.125, 69.375, 4.068294263136379e-22, nan 
-173.875, 69.375, 2.7263513865671313e-22, nan 
-173.625, 69.375, 5.619097851687073e-22, nan 
-173.375, 69.375, 5.466404844211498e-22, nan 
-173.125, 69.375, 1.8377168521204264e-22, nan 
-172.875, 69.375, 4.265983030247372e-22, nan 
-172.625, 69.375, 5.312952986368549e-22, nan 
-172.375, 69.375, 5.8413724486513695e-22, nan 
-172.125, 69.375, 5.865374424326117e-22, nan 
-171.875, 69.375, 6.026972498094541e-22, nan 
-171.625, 69.375, 5.350773864923039e-22, nan 
-171.375, 69.375, 2.849501303683084e-22, nan 
-171.125, 69.375, 2.8472378073856174e-22, nan 
-170.875, 69.375, 3.9708565876599327e-22, nan 
-170.625, 69.375, 3.74892260850007e-22, nan 
-170.375, 69.375, 3.770121923936844e-22, nan 
-170.125, 69.375, 4.266247633717361e-22, nan 
-169.875, 69.375, 3.79661912950479e-22, nan 
-169.625, 69.375, 2.8524569889165064e-22, nan 
-169.375, 69.375, 3.901890396153871e-22, nan 
-169.125, 69.375, 5.87064633859896e-22, nan 
-168.875, 69.375, 3.883635235074331e-22, nan 
-168.625, 69.375, 2.151036107492634e-22, nan 
-168.375, 69.375, 3.538748631340926e-22, nan 
-168.125, 69.375, 2.73938368653637e-22, nan 
-167.875, 69.375, 7.351862373813391e-23, nan 
-167.625, 69.375, 1.7203489750306186e-22, nan 
-167.375, 69.375, 2.274598803392431e-22, nan 
-167.125, 69.375, 2.557689966691142e-22, nan 
-166.875, 69.375, 2.7807412201430746e-22, nan 
-166.625, 69.375, 1.160914612449556e-22, nan 
-166.375, 69.375, 1.9845384300742836e-22, nan 
-166.125, 69.375, 3.623935745324365e-22, nan 
-165.875, 69.375, 2.041508549322277e-22, nan 
-165.625, 69.375, 2.9990510652564322e-22, nan 
-165.375, 69.375, 2.0554333671726971e-22, nan 
-165.125, 69.375, 1.7129714744395914e-22, nan 
-164.875, 69.375, 1.86627486153839e-22, nan 
-164.625, 69.375, 1.492538931978569e-22, nan 
-164.375, 69.375, 8.643516961761159e-23, nan 
-164.125, 69.375, 1.3962472033456462e-22, nan 
-163.875, 69.375, 2.0433348908941955e-22, nan 
-163.625, 69.375, 1.970863548644934e-22, nan 
-163.375, 69.375, 2.7008179812889714e-22, nan 
-163.125, 69.375, 1.860051475145349e-22, nan 
-162.875, 69.375, 1.9638690577582233e-22, nan 
-162.625, 69.375, 2.0604414145716812e-22, nan 
-162.375, 69.375, 3.190786368724053e-22, nan 
-162.125, 69.375, 2.5239276213085545e-22, nan 
-161.875, 69.375, 1.950775613642777e-22, nan 
-161.625, 69.375, 3.0375047440962103e-22, nan 
-161.375, 69.375, 2.766020826294563e-22, nan 
-161.125, 69.375, 2.1086909109825289e-22, nan 
-160.875, 69.375, 2.3216856489228322e-22, nan 
-160.625, 69.375, 2.8468187624586033e-22, nan 
-160.375, 69.375, 4.352441494287332e-22, nan 
-160.125, 69.375, 3.416188214679317e-22, nan 
-159.875, 69.375, 3.5252321078895874e-22, nan 
-159.625, 69.375, 2.334260699966857e-22, nan 
-159.375, 69.375, 1.6172091863193718e-22, nan 
-159.125, 69.375, 1.667731719027802e-22, nan 
-158.875, 69.375, 1.5058762322567992e-22, nan 
-158.625, 69.375, 5.52287903476583e-23, nan 
-158.375, 69.375, 6.541918399106482e-23, nan 
-158.125, 69.375, 3.575729151231191e-23, nan 
-157.875, 69.375, 4.6456991315509143e-23, nan 
-157.625, 69.375, 7.065283210807183e-23, nan 
-157.375, 69.375, 6.760940428263819e-23, nan 
-157.125, 69.375, 6.432289655247402e-23, nan 
-156.875, 69.375, 4.05188679138034e-23, nan 
-156.625, 69.375, 3.062182635582585e-23, nan 
-156.375, 69.375, 9.387000553992962e-23, nan 
-156.125, 69.375, 8.760710560407529e-23, nan 
-155.875, 69.375, 8.95497086815636e-23, nan 
-155.625, 69.375, 6.395014706288895e-23, nan 
-155.375, 69.375, 1.0725324738063096e-22, nan 
-155.125, 69.375, 1.57958096878386e-22, nan 
-154.875, 69.375, 1.8497781750281975e-22, nan 
-154.625, 69.375, 1.0925735835389874e-22, nan 
-154.375, 69.375, 1.4331978667257951e-22, nan 
-154.125, 69.375, 2.0357202590025662e-22, nan 
-153.875, 69.375, 1.2451318899964733e-22, nan 
-153.625, 69.375, 4.37736100558624e-23, nan 
-153.375, 69.375, 1.0107824119759494e-22, nan 
-153.125, 69.375, 8.187234688950075e-23, nan 
-152.875, 69.375, 6.979612252765121e-23, nan 
-152.625, 69.375, 7.405397434956925e-23, nan 
-152.375, 69.375, 8.363228398231087e-23, nan 
-152.125, 69.375, 9.257873735264227e-23, nan 
-151.875, 69.375, 1.0069089221900828e-22, nan 
-151.625, 69.375, 1.1777980695699446e-22, nan 
-151.375, 69.375, 8.685591785897693e-23, nan 
-151.125, 69.375, 5.240701144009944e-23, nan 
-150.875, 69.375, 6.159054986673216e-23, nan 
-150.625, 69.375, 5.89771636023522e-23, nan 
-150.375, 69.375, 5.435799508554543e-23, nan 
-150.125, 69.375, 4.659308673496347e-23, nan 
-149.875, 69.375, 2.3597534424421296e-23, nan 
-149.625, 69.375, 4.712270961357408e-23, nan 
-149.375, 69.375, 1.4968209804469969e-22, nan 
-149.125, 69.375, 8.868663661619898e-23, nan 
-148.875, 69.375, 8.215387753184229e-23, nan 
-148.625, 69.375, 6.814155101057048e-23, nan 
-148.375, 69.375, 9.941457558845176e-23, nan 
-148.125, 69.375, 1.1912743178803652e-22, nan 
-147.875, 69.375, 1.031405788346997e-22, nan 
-147.625, 69.375, 7.462460278143384e-23, nan 
-147.375, 69.375, 4.458156976920644e-23, nan 
-147.125, 69.375, 5.922042967285459e-23, nan 
-146.875, 69.375, 6.270515706182066e-23, nan 
-146.625, 69.375, 6.865111922498466e-23, nan 
-146.375, 69.375, 9.440663600768037e-23, nan 
-146.125, 69.375, 3.788710680003936e-23, nan 
-145.875, 69.375, 3.767768732518887e-23, nan 
-145.625, 69.375, 6.1134877090369e-23, nan 
-145.375, 69.375, 4.532148260619741e-23, nan 
-145.125, 69.375, 5.422478772713327e-23, nan 
-144.875, 69.375, 7.13356561997034e-23, nan 
-144.625, 69.375, 8.541479214467156e-23, nan 
-144.375, 69.375, 5.465704059530347e-23, nan 
-144.125, 69.375, 5.1817315894611544e-23, nan 
-143.875, 69.375, 3.4679389807307835e-23, nan 
-143.625, 69.375, 3.168986254753145e-23, nan 
-143.375, 69.375, 2.905672083785701e-23, nan 
-143.125, 69.375, 2.6018492236981827e-23, nan 
-142.875, 69.375, 5.226502968936802e-23, nan 
-142.625, 69.375, 2.541876735633374e-23, nan 
-142.375, 69.375, 3.490804689693376e-23, nan 
-142.125, 69.375, 5.281595558586016e-23, nan 
-141.875, 69.375, 4.073924292587472e-23, nan 
-141.625, 69.375, 3.449605759750977e-23, nan 
-141.375, 69.375, 3.790999977904335e-23, nan 
-141.125, 69.375, 3.870813799842619e-23, nan 
-140.875, 69.375, 2.6130474454330358e-23, nan 
-140.625, 69.375, 2.1346946284865776e-23, nan 
-140.375, 69.375, 1.5667252856304448e-22, nan 
-140.125, 69.375, 2.240655884956822e-23, nan 
-139.875, 69.375, 2.741348730598596e-23, nan 
-139.625, 69.375, 4.4401102552627346e-23, nan 
-139.375, 69.375, 3.961611827998499e-23, nan 
-139.125, 69.375, 5.292814974907647e-23, nan 
-138.875, 69.375, 3.416174721587382e-23, nan 
-138.625, 69.375, 2.1297641412202403e-23, nan 
-138.375, 69.375, 3.36176773749544e-23, nan 
-138.125, 69.375, 3.5622131034696166e-23, nan 
-137.875, 69.375, 2.578764211414653e-23, nan 
-137.625, 69.375, 4.00265340897007e-23, nan 
-137.375, 69.375, 4.328350533708372e-23, nan 
-137.125, 69.375, 3.360399613438931e-23, nan 
-136.875, 69.375, 3.5438031104505133e-23, nan 
-136.625, 69.375, 2.7704769888728045e-23, nan 
-136.375, 69.375, 2.4469178511089635e-23, nan 
-136.125, 69.375, 3.176664739734287e-23, nan 
-135.875, 69.375, 3.3881236342020615e-23, nan 
-135.625, 69.375, 3.138705097466317e-23, nan 
-135.375, 69.375, 4.2756556314910913e-23, nan 
-135.125, 69.375, 7.402555881807206e-23, nan 
-134.875, 69.375, 8.948731252881148e-23, nan 
-134.625, 69.375, 6.283354157746506e-23, nan 
-134.375, 69.375, 7.30957862820686e-23, nan 
-134.125, 69.375, 3.727830636155524e-23, nan 
-133.875, 69.375, 1.248521182248301e-23, nan 
-133.625, 69.375, 6.37487156326476e-23, nan 
-133.375, 69.375, 1.44659511038494e-23, nan 
-133.125, 69.375, 2.031743867669112e-23, nan 
-132.875, 69.375, 3.9228852414580875e-23, nan 
-132.625, 69.375, 2.962856101735113e-23, nan 
-132.375, 69.375, 2.9433446447507594e-23, nan 
-132.125, 69.375, 3.481431917912753e-23, nan 
-131.875, 69.375, 2.5307136091665038e-23, nan 
-131.625, 69.375, 3.219443042367662e-23, nan 
-131.375, 69.375, 3.2636497202667794e-23, nan 
-131.125, 69.375, 3.115015480066573e-23, nan 
-130.875, 69.375, 3.053961296279323e-23, nan 
-130.625, 69.375, 3.45340718619063e-23, nan 
-130.375, 69.375, 4.679154783923868e-23, nan 
-130.125, 69.375, 5.75780640246475e-23, nan 
-129.875, 69.375, 5.561649982864127e-23, nan 
-129.625, 69.375, 3.7332302433373884e-23, nan 
-129.375, 69.375, 2.4121003898992006e-23, nan 
-129.125, 69.375, 3.1231996264404825e-23, nan 
-128.875, 69.375, 7.551773073122581e-23, nan 
-128.625, 69.375, 1.0081635735530442e-22, nan 
-128.375, 69.375, 1.1109707632917744e-22, nan 
-128.125, 69.375, 1.0451699308029052e-22, nan 
-127.875, 69.375, 9.77167470285384e-23, nan 
-127.625, 69.375, 1.1009552853762206e-22, nan 
-127.375, 69.375, 1.0435099083961327e-22, nan 
-127.125, 69.375, 8.33065690661671e-23, nan 
-126.875, 69.375, 7.452556996893172e-23, nan 
-126.625, 69.375, 7.064491085063537e-23, nan 
-126.375, 69.375, 7.083484545216907e-23, nan 
-126.125, 69.375, 8.86840964013487e-23, nan 
-125.875, 69.375, 9.814047759685874e-23, nan 
-125.625, 69.375, 1.0604105974235248e-22, nan 
-125.375, 69.375, 6.278246250784476e-23, nan 
-125.125, 69.375, 6.712364500631969e-23, nan 
-124.875, 69.375, 6.334952289437359e-23, nan 
-124.625, 69.375, 4.135734822751399e-23, nan 
-124.375, 69.375, 5.991074379574148e-23, nan 
-124.125, 69.375, 6.632627809043097e-23, nan 
-123.875, 69.375, 6.194006500988818e-23, nan 
-123.625, 69.375, 6.39287255743334e-23, nan 
-123.375, 69.375, 1.0466994685195568e-23, nan 
-123.125, 69.375, 1.2779847234136873e-23, nan 
-122.875, 69.375, 1.8806538772668473e-23, nan 
-122.625, 69.375, 1.4535892680536003e-23, nan 
-122.375, 69.375, 1.673575094609386e-23, nan 
-122.125, 69.375, 2.0679399102146592e-23, nan 
-121.875, 69.375, 1.689134862922101e-23, nan 
-121.625, 69.375, 1.4914323700077352e-23, nan 
-121.375, 69.375, 1.124946623562115e-23, nan 
-121.125, 69.375, 9.788371366215037e-24, nan 
-120.875, 69.375, 2.061593129949981e-23, nan 
-120.625, 69.375, 3.786635584778917e-23, nan 
-120.375, 69.375, 4.8422861292853214e-23, nan 
-120.125, 69.375, 1.1025040630501614e-23, nan 
-119.875, 69.375, 2.131271128454799e-23, nan 
-119.625, 69.375, 2.417033810186848e-23, nan 
-119.375, 69.375, 6.4285544046040406e-24, nan 
-119.125, 69.375, 6.348294922808966e-24, nan 
-118.875, 69.375, 7.759224887919322e-24, nan 
-118.625, 69.375, 7.777414097249796e-24, nan 
-118.375, 69.375, 9.256705044865003e-24, nan 
-118.125, 69.375, 9.464060557611367e-24, nan 
-117.875, 69.375, 1.0406015702122338e-23, nan 
-117.625, 69.375, 8.485343308992009e-24, nan 
-117.375, 69.375, 9.785303367214551e-24, nan 
-117.125, 69.375, 1.3592895807305235e-23, nan 
89.125, 69.375, 2.3071167002423425e-23, nan 
89.375, 69.375, 1.946468550034607e-23, nan 
89.625, 69.375, 1.7431429934387704e-23, nan 
89.875, 69.375, 2.4564346225046997e-23, nan 
90.125, 69.375, 1.8374476046241924e-23, nan 
90.375, 69.375, 1.3110702762754079e-23, nan 
90.625, 69.375, 9.552358872949043e-24, nan 
90.875, 69.375, 1.0621151842531882e-23, nan 
91.125, 69.375, 1.690888664120678e-23, nan 
91.375, 69.375, 2.0746209536511377e-23, nan 
91.625, 69.375, 1.576847179561232e-23, nan 
91.875, 69.375, 1.4674903087244957e-23, nan 
92.125, 69.375, 1.8396656771767654e-23, nan 
92.375, 69.375, 1.5384980928273642e-23, nan 
92.625, 69.375, 1.0661067289776306e-23, nan 
92.875, 69.375, 1.0152998738068804e-23, nan 
93.125, 69.375, 1.0632120906387395e-23, nan 
93.375, 69.375, 1.0420484391046976e-23, nan 
93.625, 69.375, 6.664987100933895e-24, nan 
93.875, 69.375, 5.002427413421735e-24, nan 
94.125, 69.375, 3.9529061929589694e-24, nan 
94.375, 69.375, 5.190307387198035e-24, nan 
94.625, 69.375, 7.292718442896965e-24, nan 
94.875, 69.375, 8.512307353904198e-24, nan 
95.125, 69.375, 7.587220636798661e-24, nan 
95.375, 69.375, 1.3015746854892496e-23, nan 
95.625, 69.375, 1.0482014686192654e-23, nan 
95.875, 69.375, 6.065071682833583e-24, nan 
96.125, 69.375, 6.041145904216568e-24, nan 
96.375, 69.375, 4.3511969909629576e-24, nan 
96.625, 69.375, 5.1597437477507364e-24, nan 
96.875, 69.375, 5.4536745983466986e-24, nan 
97.125, 69.375, 3.889405774531607e-24, nan 
97.375, 69.375, 4.4141646403346765e-24, nan 
97.625, 69.375, 5.300108688170899e-24, nan 
97.875, 69.375, 6.152593050093727e-24, nan 
98.125, 69.375, 5.8097032318877276e-24, nan 
98.375, 69.375, 3.8994116384113645e-24, nan 
98.625, 69.375, 6.455239506576728e-24, nan 
98.875, 69.375, 6.225680768137832e-24, nan 
99.125, 69.375, 5.440010283244279e-24, nan 
99.375, 69.375, 3.4891161079439304e-24, nan 
99.625, 69.375, 3.6293399979163435e-24, nan 
99.875, 69.375, 7.126967319743985e-24, nan 
100.125, 69.375, 8.26490165096008e-24, nan 
100.375, 69.375, 6.69140274783414e-24, nan 
100.625, 69.375, 1.318759763950245e-23, nan 
100.875, 69.375, 1.1579594215098352e-23, nan 
101.125, 69.375, 8.867851546347385e-24, nan 
101.375, 69.375, 1.1285674730521082e-23, nan 
101.625, 69.375, 9.006721492326118e-24, nan 
101.875, 69.375, 8.921548616681134e-24, nan 
102.125, 69.375, 1.3752599308196248e-23, nan 
102.375, 69.375, 3.591762781244988e-23, nan 
102.625, 69.375, 1.9397469821687475e-23, nan 
102.875, 69.375, 4.0065166607734375e-24, nan 
103.125, 69.375, 3.7917706482295546e-23, nan 
103.375, 69.375, 3.234802960737698e-23, nan 
103.625, 69.375, 2.3449901934127596e-23, nan 
103.875, 69.375, 2.866809035131251e-23, nan 
104.125, 69.375, 1.3161635726844232e-23, nan 
104.375, 69.375, 8.432563150643346e-24, nan 
104.625, 69.375, 5.220309238523899e-24, nan 
104.875, 69.375, 9.043833234361563e-24, nan 
105.125, 69.375, 1.0658105261196595e-23, nan 
105.375, 69.375, 6.065549740219679e-24, nan 
105.625, 69.375, 1.5731692487995826e-23, nan 
105.875, 69.375, 2.2174199404933966e-23, nan 
106.125, 69.375, 1.953440285840089e-23, nan 
106.375, 69.375, 1.1958599994856295e-23, nan 
106.625, 69.375, 1.3354226732811608e-23, nan 
106.875, 69.375, 1.5262188133024066e-23, nan 
107.125, 69.375, 1.4428207919302752e-23, nan 
107.375, 69.375, 1.1577545260960733e-23, nan 
107.625, 69.375, 8.406773599882794e-24, nan 
107.875, 69.375, 8.645067636423232e-24, nan 
108.125, 69.375, 7.236582569417555e-24, nan 
108.375, 69.375, 7.560763566658096e-24, nan 
108.625, 69.375, 4.938782205360045e-24, nan 
108.875, 69.375, 1.1370504438475637e-23, nan 
109.125, 69.375, 1.3916468344445962e-23, nan 
109.375, 69.375, 1.2654893326482748e-23, nan 
109.625, 69.375, 1.2156579208207802e-23, nan 
109.875, 69.375, 2.065989513107104e-23, nan 
110.125, 69.375, 1.6691053314710983e-23, nan 
110.375, 69.375, 1.01014130644249e-23, nan 
110.625, 69.375, 1.653035899524275e-23, nan 
110.875, 69.375, 1.775813326092956e-23, nan 
111.125, 69.375, 5.791230173497859e-24, nan 
111.375, 69.375, 8.42388244643883e-24, nan 
111.625, 69.375, 8.495013903195175e-24, nan 
111.875, 69.375, 8.631552739732539e-24, nan 
112.125, 69.375, 6.305241968995448e-24, nan 
112.375, 69.375, 5.549515823251314e-24, nan 
112.625, 69.375, 7.733697909016818e-24, nan 
112.875, 69.375, 5.9319246606314575e-24, nan 
113.125, 69.375, 7.232747172080144e-24, nan 
113.375, 69.375, 8.989706095421486e-24, nan 
113.625, 69.375, 7.245433978093971e-24, nan 
113.875, 69.375, 6.2113051447100536e-24, nan 
114.125, 69.375, 6.852886369582303e-24, nan 
114.375, 69.375, 5.784694204823721e-24, nan 
114.625, 69.375, 1.0015747899242787e-23, nan 
114.875, 69.375, 3.135011682809897e-23, nan 
115.125, 69.375, 6.103254994686775e-23, nan 
115.375, 69.375, 3.867042345515928e-23, nan 
115.625, 69.375, 4.266187808238274e-23, nan 
115.875, 69.375, 9.877144600112253e-23, nan 
116.125, 69.375, 5.451919244549766e-23, nan 
116.375, 69.375, 2.143897409049931e-23, nan 
116.625, 69.375, 5.425175478720365e-23, nan 
116.875, 69.375, 3.4821793496547843e-23, nan 
117.125, 69.375, 1.470419884195327e-23, nan 
117.375, 69.375, 1.4330167817442633e-23, nan 
117.625, 69.375, 1.2644478670208146e-23, nan 
117.875, 69.375, 1.10626595603048e-23, nan 
118.125, 69.375, 2.526285369251424e-23, nan 
118.375, 69.375, 2.0556033512358152e-23, nan 
118.625, 69.375, 1.707646237726295e-23, nan 
118.875, 69.375, 1.4986250028793737e-23, nan 
119.125, 69.375, 2.1459204900144996e-23, nan 
119.375, 69.375, 2.0538316084739013e-23, nan 
119.625, 69.375, 1.4791833417484783e-23, nan 
119.875, 69.375, 1.6076063038732128e-23, nan 
120.125, 69.375, 1.7979837700894976e-23, nan 
120.375, 69.375, 2.674494153762394e-23, nan 
120.625, 69.375, 1.4048871412579766e-23, nan 
120.875, 69.375, 4.0487121593577395e-23, nan 
121.125, 69.375, 4.376844486133221e-23, nan 
121.375, 69.375, 3.580674484785538e-23, nan 
121.625, 69.375, 1.94091612046349e-23, nan 
121.875, 69.375, 1.4990346972678796e-23, nan 
122.125, 69.375, 1.0158696494893475e-23, nan 
122.375, 69.375, 2.4257370326540543e-23, nan 
122.625, 69.375, 4.2340629262802974e-23, nan 
122.875, 69.375, 6.561205602282833e-23, nan 
123.125, 69.375, 5.525724010133083e-23, nan 
123.375, 69.375, 5.970489632924501e-23, nan 
123.625, 69.375, 6.769333336821927e-23, nan 
123.875, 69.375, 3.0431995672785773e-23, nan 
124.125, 69.375, 2.945461411708393e-23, nan 
124.375, 69.375, 5.0866354248085597e-23, nan 
124.625, 69.375, 5.12330173810092e-23, nan 
124.875, 69.375, 4.2780706573279556e-23, nan 
125.125, 69.375, 5.192469237211314e-23, nan 
125.375, 69.375, 4.87870583292088e-23, nan 
125.625, 69.375, 2.989929360930422e-23, nan 
125.875, 69.375, 3.224948979246456e-23, nan 
126.125, 69.375, 3.340278405992293e-23, nan 
126.375, 69.375, 2.6238909804058038e-23, nan 
126.625, 69.375, 2.4339331981592734e-23, nan 
126.875, 69.375, 2.0620038948106958e-23, nan 
127.125, 69.375, 2.982598033291567e-23, nan 
127.375, 69.375, 1.453894053415168e-23, nan 
127.625, 69.375, 1.5958395842788364e-23, nan 
127.875, 69.375, 1.6506924547365044e-23, nan 
128.125, 69.375, 1.3946383590695966e-23, nan 
128.375, 69.375, 1.7056650714431324e-23, nan 
128.625, 69.375, 6.129160472797853e-23, nan 
128.875, 69.375, 6.175009024224913e-23, nan 
129.125, 69.375, 5.585038436162702e-23, nan 
129.375, 69.375, 5.1527948153076556e-23, nan 
129.625, 69.375, 4.71635539690105e-23, nan 
129.875, 69.375, 4.0345999559989644e-23, nan 
130.125, 69.375, 3.609284306904286e-23, nan 
130.375, 69.375, 2.2652743101532342e-23, nan 
130.625, 69.375, 3.09709009477029e-23, nan 
130.875, 69.375, 1.7727949052768585e-23, nan 
131.125, 69.375, 2.8634734906732967e-23, nan 
131.375, 69.375, 3.6665465171439406e-23, nan 
131.625, 69.375, 3.8623349465926253e-23, nan 
131.875, 69.375, 4.5691749215738716e-23, nan 
132.125, 69.375, 5.488052597206692e-23, nan 
132.375, 69.375, 8.224037881996522e-23, nan 
132.625, 69.375, 9.327966842924847e-23, nan 
132.875, 69.375, 9.695453176061158e-23, nan 
133.125, 69.375, 7.24951697648574e-23, nan 
133.375, 69.375, 9.607676996770431e-23, nan 
133.625, 69.375, 1.0210874520818754e-22, nan 
133.875, 69.375, 2.1955463197495078e-23, nan 
134.125, 69.375, 5.521679422399122e-23, nan 
134.375, 69.375, 4.93618953284686e-23, nan 
134.625, 69.375, 2.906677076806148e-23, nan 
134.875, 69.375, 5.0785898324526434e-23, nan 
135.125, 69.375, 7.324359618785506e-23, nan 
135.375, 69.375, 3.573320296515594e-23, nan 
135.625, 69.375, 5.671109609451541e-23, nan 
135.875, 69.375, 7.631217405956538e-23, nan 
136.125, 69.375, 5.71879987401461e-23, nan 
136.375, 69.375, 1.0146640994434698e-22, nan 
136.625, 69.375, 1.1298944377535154e-22, nan 
136.875, 69.375, 8.301445583429049e-23, nan 
137.125, 69.375, 3.39792761683936e-23, nan 
137.375, 69.375, 9.51458773753658e-23, nan 
137.625, 69.375, 7.72142171097651e-23, nan 
137.875, 69.375, 7.930177849512776e-23, nan 
138.125, 69.375, 7.748233805235667e-23, nan 
138.375, 69.375, 1.0630663821806374e-22, nan 
138.625, 69.375, 1.674956676527716e-22, nan 
138.875, 69.375, 9.951006232959e-23, nan 
139.125, 69.375, 1.4224011202175467e-22, nan 
139.375, 69.375, 1.5728998869042593e-22, nan 
139.625, 69.375, 1.407625783809936e-22, nan 
139.875, 69.375, 1.0298094160891828e-22, nan 
140.125, 69.375, 6.861878273490353e-23, nan 
140.375, 69.375, 1.3826085288167201e-22, nan 
140.625, 69.375, 1.1433502576433052e-22, nan 
140.875, 69.375, 1.157514120686614e-22, nan 
141.125, 69.375, 2.3580590889217486e-22, nan 
141.375, 69.375, 1.139121246333712e-22, nan 
141.625, 69.375, 1.294009208976546e-22, nan 
141.875, 69.375, 2.1001202862978708e-22, nan 
142.125, 69.375, 1.1015483683172857e-22, nan 
142.375, 69.375, 1.4999042151439244e-22, nan 
142.625, 69.375, 2.1643890436942233e-22, nan 
142.875, 69.375, 1.9276777587438995e-22, nan 
143.125, 69.375, 2.80920985927823e-22, nan 
143.375, 69.375, 4.336631908803337e-22, nan 
143.625, 69.375, 1.7219382007470118e-22, nan 
143.875, 69.375, 4.008958373061185e-22, nan 
144.125, 69.375, 5.273839531048836e-22, nan 
144.375, 69.375, 2.1382595927099285e-22, nan 
144.625, 69.375, 3.117789246267393e-22, nan 
144.875, 69.375, 5.011409664996285e-22, nan 
145.125, 69.375, 5.365214157363921e-22, nan 
145.375, 69.375, 3.6983203113159175e-22, nan 
145.625, 69.375, 5.08699001907844e-22, nan 
145.875, 69.375, 6.1523039912660235e-22, nan 
146.125, 69.375, 3.8576127275891615e-22, nan 
146.375, 69.375, 2.9123345665214e-22, nan 
146.625, 69.375, 3.8937351754418754e-22, nan 
146.875, 69.375, 2.810756100704332e-22, nan 
147.125, 69.375, 3.340171372994676e-22, nan 
147.375, 69.375, 1.6761653983589086e-22, nan 
147.625, 69.375, 2.1555490741391794e-22, nan 
147.875, 69.375, 3.939375067744687e-22, nan 
148.125, 69.375, 3.508658056523058e-22, nan 
148.375, 69.375, 2.8596727772450974e-22, nan 
148.625, 69.375, 2.7757624561855823e-22, nan 
148.875, 69.375, 1.711024709870877e-22, nan 
149.125, 69.375, 3.16972878894953e-22, nan 
149.375, 69.375, 5.530140822345689e-22, nan 
149.625, 69.375, 3.991651607642799e-22, nan 
149.875, 69.375, 4.957380495335781e-22, nan 
150.125, 69.375, 7.73288609135658e-22, nan 
150.375, 69.375, 8.020532128070084e-22, nan 
150.625, 69.375, 7.215308463628263e-22, nan 
150.875, 69.375, 8.983270620657823e-22, nan 
151.125, 69.375, 9.628584770958395e-22, nan 
151.375, 69.375, 6.4292464150415595e-22, nan 
151.625, 69.375, 1.004047149335201e-21, nan 
151.875, 69.375, 1.4814720278484297e-21, nan 
152.125, 69.375, 1.3672230475348352e-21, nan 
152.375, 69.375, 1.3719217365352413e-21, nan 
152.625, 69.375, 9.753628899157597e-22, nan 
152.875, 69.375, 1.4569162316181012e-21, nan 
153.125, 69.375, 1.4557800665205327e-21, nan 
153.375, 69.375, 9.322489790129285e-22, nan 
153.625, 69.375, 1.2217930520736333e-21, nan 
153.875, 69.375, 1.1071959295694817e-21, nan 
154.125, 69.375, 1.2473574953517779e-21, nan 
154.375, 69.375, 1.9326310158439074e-21, nan 
154.625, 69.375, 1.2963476680984639e-21, nan 
154.875, 69.375, 1.424857819099588e-21, nan 
155.125, 69.375, 1.681643604331741e-21, nan 
155.375, 69.375, 9.793479430919114e-22, nan 
155.625, 69.375, 2.0586670225715834e-21, nan 
155.875, 69.375, 3.1919195450391467e-21, nan 
156.125, 69.375, 2.668092050839868e-21, nan 
156.375, 69.375, 3.3125684759862618e-21, nan 
156.625, 69.375, 3.375642605269758e-21, nan 
156.875, 69.375, 4.054747868761286e-21, nan 
157.125, 69.375, 4.587664423017845e-21, nan 
157.375, 69.375, 1.1599942053836484e-21, nan 
157.625, 69.375, 5.29277554878207e-21, nan 
157.875, 69.375, 4.835590057648044e-21, nan 
158.125, 69.375, 2.3729166579052693e-21, nan 
158.375, 69.375, 4.405083891382402e-21, nan 
158.625, 69.375, 5.412450199427055e-21, nan 
158.875, 69.375, 4.681991647891178e-21, nan 
159.125, 69.375, 4.012416684818285e-21, nan 
159.375, 69.375, 7.193866534275168e-21, nan 
159.625, 69.375, 4.338894465059809e-21, nan 
159.875, 69.375, 1.3026361593312356e-20, nan 
160.125, 69.375, 1.9624582421955287e-20, nan 
160.375, 69.375, 2.733228750835167e-20, nan 
160.625, 69.375, 3.3007775122579065e-20, nan 
160.875, 69.375, 3.6208810135369244e-20, nan 
161.125, 69.375, 2.782249382182196e-20, nan 
161.375, 69.375, 2.6092536458251966e-20, nan 
161.625, 69.375, 2.060466569908822e-20, nan 
161.875, 69.375, 3.963442488955286e-20, nan 
162.125, 69.375, 1.293948465751947e-20, nan 
162.375, 69.375, 1.5549425879709776e-20, nan 
162.625, 69.375, 8.269622610999174e-20, nan 
162.875, 69.375, 1.7731900398300788e-20, nan 
163.125, 69.375, 1.8523028434967015e-20, nan 
163.375, 69.375, 4.9021075463322877e-20, nan 
163.625, 69.375, 1.9677588065668323e-20, nan 
163.875, 69.375, 1.5884703901379137e-20, nan 
164.125, 69.375, 1.6770562301620182e-20, nan 
164.375, 69.375, 7.034020572137659e-21, nan 
164.625, 69.375, 1.5076595277680402e-20, nan 
164.875, 69.375, 2.2585458481079914e-20, nan 
165.125, 69.375, 1.1536313109077988e-20, nan 
165.375, 69.375, 2.0287970922452795e-20, nan 
165.625, 69.375, 2.3069709531415732e-20, nan 
165.875, 69.375, 1.391858472896924e-20, nan 
166.125, 69.375, 2.307571896104015e-20, nan 
166.375, 69.375, 2.2185886867489953e-20, nan 
166.625, 69.375, 2.09693519560862e-20, nan 
166.875, 69.375, 1.8240866823099622e-20, nan 
167.125, 69.375, 2.1446675685832825e-20, nan 
167.375, 69.375, 2.70105033729355e-20, nan 
167.625, 69.375, 3.7828246253760096e-20, nan 
167.875, 69.375, 5.594429061961394e-20, nan 
168.125, 69.375, 4.4636668611018174e-20, nan 
168.375, 69.375, 4.730457891349941e-20, nan 
168.625, 69.375, 5.75376735979375e-20, nan 
168.875, 69.375, 3.488650300509783e-20, nan 
169.125, 69.375, 1.5419986247948457e-20, nan 
169.375, 69.375, 1.2170596141056848e-20, nan 
169.625, 69.375, 8.279297165456567e-21, nan 
169.875, 69.375, 1.2146923001389163e-20, nan 
170.125, 69.375, 7.400866461328838e-21, nan 
170.375, 69.375, 2.4042893260534098e-20, nan 
170.625, 69.375, 4.282627210402144e-20, nan 
170.875, 69.375, 3.258268663191342e-20, nan 
171.125, 69.375, 2.3254289121673315e-20, nan 
171.375, 69.375, 3.091700841518926e-20, nan 
171.625, 69.375, 1.8589330537702974e-20, nan 
171.875, 69.375, 9.937398013101464e-21, nan 
172.125, 69.375, 5.4288322331904606e-21, nan 
172.375, 69.375, 7.536495874710891e-21, nan 
172.625, 69.375, 1.3754401362754284e-20, nan 
172.875, 69.375, 1.6314937287966577e-20, nan 
173.125, 69.375, 1.886549851451007e-20, nan 
173.375, 69.375, 1.6059017704563243e-20, nan 
173.625, 69.375, 1.1221051770263309e-20, nan 
173.875, 69.375, 8.68726210983019e-21, nan 
174.125, 69.375, 6.982464493599016e-21, nan 
174.375, 69.375, 8.281699242672976e-21, nan 
174.625, 69.375, 1.0032109989263173e-20, nan 
174.875, 69.375, 9.844167268775803e-21, nan 
175.125, 69.375, 5.9189758339331605e-21, nan 
175.375, 69.375, 2.5194382443411177e-21, nan 
175.625, 69.375, 3.10666260532881e-21, nan 
175.875, 69.375, 1.8590468085539676e-21, nan 
176.125, 69.375, 2.3363748572790696e-21, nan 
176.375, 69.375, 5.488282176608537e-21, nan 
176.625, 69.375, 5.7071304524084506e-21, nan 
176.875, 69.375, 3.637913451728255e-21, nan 
177.125, 69.375, 4.800647618477146e-21, nan 
177.375, 69.375, 4.420681861606964e-21, nan 
177.625, 69.375, 4.676983717985044e-21, nan 
177.875, 69.375, 5.464771253829817e-21, nan 
178.125, 69.375, 4.712090534242941e-21, nan 
178.375, 69.375, 4.264941994290447e-21, nan 
178.625, 69.375, 4.711882178576813e-21, nan 
178.875, 69.375, 3.00301805617303e-21, nan 
179.125, 69.375, 1.669835394087365e-21, nan 
179.375, 69.375, 1.2363959421488399e-21, nan 
179.625, 69.375, 9.721568814691473e-22, nan 
179.875, 69.375, 1.1671800019574083e-21, nan 
-179.875, 69.625, 1.6350429912106714e-21, nan 
-179.625, 69.625, 1.3974876367915086e-21, nan 
-179.375, 69.625, 1.4550613463402116e-21, nan 
-179.125, 69.625, 1.3336288437839075e-21, nan 
-178.875, 69.625, 1.8413079853601234e-21, nan 
-178.625, 69.625, 2.2084552905061693e-21, nan 
-178.375, 69.625, 2.347663341800162e-21, nan 
-178.125, 69.625, 1.868437797416592e-21, nan 
-177.875, 69.625, 1.3065371463298937e-21, nan 
-177.625, 69.625, 1.1758456644131822e-21, nan 
-177.375, 69.625, 6.494325722285489e-22, nan 
-177.125, 69.625, 4.990832081091919e-22, nan 
-176.875, 69.625, 6.126685369248869e-22, nan 
-176.625, 69.625, 3.786428326615379e-22, nan 
-176.375, 69.625, 4.938193803065059e-22, nan 
-176.125, 69.625, 5.286913391901967e-22, nan 
-175.875, 69.625, 7.9793201387443e-22, nan 
-175.625, 69.625, 6.614910851771191e-22, nan 
-175.375, 69.625, 4.913631720305215e-22, nan 
-175.125, 69.625, 7.483467301532327e-22, nan 
-174.875, 69.625, 4.958309331891368e-22, nan 
-174.625, 69.625, 3.2073554491160174e-22, nan 
-174.375, 69.625, 4.991902444378726e-22, nan 
-174.125, 69.625, 5.186573159638583e-22, nan 
-173.875, 69.625, 3.5435109323055543e-22, nan 
-173.625, 69.625, 5.98246676583673e-22, nan 
-173.375, 69.625, 8.662333979309333e-22, nan 
-173.125, 69.625, 5.945687818240355e-22, nan 
-172.875, 69.625, 4.732717349090159e-22, nan 
-172.625, 69.625, 6.8608348944232075e-22, nan 
-172.375, 69.625, 7.73093318430383e-22, nan 
-172.125, 69.625, 4.259485408465107e-22, nan 
-171.875, 69.625, 4.794472390281536e-22, nan 
-171.625, 69.625, 4.242843547489005e-22, nan 
-171.375, 69.625, 2.591086831100663e-22, nan 
-171.125, 69.625, 2.193546391864426e-22, nan 
-170.875, 69.625, 1.9276512733139222e-22, nan 
-170.625, 69.625, 2.2504867738644413e-22, nan 
-170.375, 69.625, 3.1501248514674025e-22, nan 
-170.125, 69.625, 3.241750357964599e-22, nan 
-169.875, 69.625, 2.950355641435588e-22, nan 
-169.625, 69.625, 2.4476461768279945e-22, nan 
-169.375, 69.625, 2.6858079541239136e-22, nan 
-169.125, 69.625, 3.951609639431224e-22, nan 
-168.875, 69.625, 2.7316699672615237e-22, nan 
-168.625, 69.625, 2.3497554457269196e-22, nan 
-168.375, 69.625, 1.443505669023222e-22, nan 
-168.125, 69.625, 1.4788716890145465e-22, nan 
-167.875, 69.625, 1.5276226531171603e-22, nan 
-167.625, 69.625, 1.5355012910725365e-22, nan 
-167.375, 69.625, 1.5849991523384794e-22, nan 
-167.125, 69.625, 1.5812019641279698e-22, nan 
-166.875, 69.625, 9.292810739143777e-23, nan 
-166.625, 69.625, 1.0089017994738779e-22, nan 
-166.375, 69.625, 1.7271639978582197e-22, nan 
-166.125, 69.625, 2.0907238902714383e-22, nan 
-165.875, 69.625, 1.9834129287154914e-22, nan 
-165.625, 69.625, 2.744852363080436e-22, nan 
-165.375, 69.625, 1.6241566296388493e-22, nan 
-165.125, 69.625, 1.4046893722620445e-22, nan 
-164.875, 69.625, 1.20499276212173e-22, nan 
-164.625, 69.625, 2.0575814059736293e-22, nan 
-164.375, 69.625, 1.3096183171084013e-22, nan 
-164.125, 69.625, 1.7480614328994046e-22, nan 
-163.875, 69.625, 2.0380736313668337e-22, nan 
-163.625, 69.625, 1.0462274956787654e-22, nan 
-163.375, 69.625, 1.0579005165407294e-22, nan 
-163.125, 69.625, 1.266273354814227e-22, nan 
-162.875, 69.625, 1.5401659359835866e-22, nan 
-162.625, 69.625, 1.4166993491505222e-22, nan 
-162.375, 69.625, 1.7525880221334207e-22, nan 
-162.125, 69.625, 1.309635356172089e-22, nan 
-161.875, 69.625, 1.6655876218971722e-22, nan 
-161.625, 69.625, 2.3299177498740077e-22, nan 
-161.375, 69.625, 2.1215865877576554e-22, nan 
-161.125, 69.625, 1.7643026108459684e-22, nan 
-160.875, 69.625, 2.784936853122898e-22, nan 
-160.625, 69.625, 3.5037754978795204e-22, nan 
-160.375, 69.625, 1.17748016695228e-22, nan 
-160.125, 69.625, 2.121597002266923e-22, nan 
-159.875, 69.625, 3.516629825550852e-22, nan 
-159.625, 69.625, 1.4583744704257385e-22, nan 
-159.375, 69.625, 2.590023802008041e-22, nan 
-159.125, 69.625, 2.833810643921911e-22, nan 
-158.875, 69.625, 1.4358688987087771e-22, nan 
-158.625, 69.625, 1.9042123953911197e-22, nan 
-158.375, 69.625, 1.5956122905056613e-22, nan 
-158.125, 69.625, 1.0164096487716625e-22, nan 
-157.875, 69.625, 9.638854532979209e-23, nan 
-157.625, 69.625, 3.845872044927672e-23, nan 
-157.375, 69.625, 9.420863844627727e-23, nan 
-157.125, 69.625, 1.0206441937539804e-22, nan 
-156.875, 69.625, 8.444348504653003e-23, nan 
-156.625, 69.625, 7.826571501712792e-23, nan 
-156.375, 69.625, 7.288190944746828e-23, nan 
-156.125, 69.625, 5.11333684480832e-23, nan 
-155.875, 69.625, 5.441506407266519e-23, nan 
-155.625, 69.625, 6.286683926042093e-23, nan 
-155.375, 69.625, 1.3506314494007677e-22, nan 
-155.125, 69.625, 1.8436929688188443e-22, nan 
-154.875, 69.625, 1.1530240968527931e-22, nan 
-154.625, 69.625, 1.3289319941117855e-22, nan 
-154.375, 69.625, 1.7493377523944572e-22, nan 
-154.125, 69.625, 1.0784713282192786e-22, nan 
-153.875, 69.625, 8.269082748912132e-23, nan 
-153.625, 69.625, 6.034725016815822e-23, nan 
-153.375, 69.625, 1.0334468592416117e-22, nan 
-153.125, 69.625, 9.045585695480094e-23, nan 
-152.875, 69.625, 1.5890973555148069e-23, nan 
-152.625, 69.625, 3.969746146404496e-23, nan 
-152.375, 69.625, 1.363264712648408e-22, nan 
-152.125, 69.625, 1.233398952711847e-22, nan 
-151.875, 69.625, 1.2925357847018703e-22, nan 
-151.625, 69.625, 1.0489491625867145e-22, nan 
-151.375, 69.625, 6.895463557081685e-23, nan 
-151.125, 69.625, 8.917620020828809e-23, nan 
-150.875, 69.625, 7.541165124925772e-23, nan 
-150.625, 69.625, 4.994162422284159e-23, nan 
-150.375, 69.625, 6.461227724807863e-23, nan 
-150.125, 69.625, 6.704787604548648e-23, nan 
-149.875, 69.625, 5.513030233654952e-23, nan 
-149.625, 69.625, 5.2018483493353175e-23, nan 
-149.375, 69.625, 5.679354673438523e-23, nan 
-149.125, 69.625, 5.2079565690958264e-23, nan 
-148.875, 69.625, 6.118565330077265e-23, nan 
-148.625, 69.625, 7.47128284993032e-23, nan 
-148.375, 69.625, 8.703974497892667e-23, nan 
-148.125, 69.625, 9.792220038616467e-23, nan 
-147.875, 69.625, 6.360342519208252e-23, nan 
-147.625, 69.625, 6.618475691546885e-23, nan 
-147.375, 69.625, 7.991971925132777e-23, nan 
-147.125, 69.625, 5.0630618102617896e-23, nan 
-146.875, 69.625, 4.0708848760141433e-23, nan 
-146.625, 69.625, 5.334242732918059e-23, nan 
-146.375, 69.625, 7.905267586523521e-23, nan 
-146.125, 69.625, 3.437957371634011e-23, nan 
-145.875, 69.625, 7.241166581205563e-23, nan 
-145.625, 69.625, 3.220936847039127e-23, nan 
-145.375, 69.625, 4.8321322215016313e-23, nan 
-145.125, 69.625, 6.039771145992295e-23, nan 
-144.875, 69.625, 3.014066238179886e-23, nan 
-144.625, 69.625, 3.01888349581591e-23, nan 
-144.375, 69.625, 4.5115575939387393e-23, nan 
-144.125, 69.625, 5.2592120227301916e-23, nan 
-143.875, 69.625, 3.63787404039646e-23, nan 
-143.625, 69.625, 3.613943439517772e-23, nan 
-143.375, 69.625, 2.4433812291981015e-23, nan 
-143.125, 69.625, 2.1529012263721678e-23, nan 
-142.875, 69.625, 3.3795227415488204e-23, nan 
-142.625, 69.625, 1.3059288807521272e-23, nan 
-142.375, 69.625, 2.4557344612192542e-23, nan 
-142.125, 69.625, 3.8907791474256566e-23, nan 
-141.875, 69.625, 5.1586846918775975e-23, nan 
-141.625, 69.625, 7.244878192565576e-23, nan 
-141.375, 69.625, 7.79002066366711e-23, nan 
-141.125, 69.625, 1.4549243484964643e-22, nan 
-140.875, 69.625, 4.276636412569318e-23, nan 
-140.625, 69.625, 4.0462030009916777e-23, nan 
-140.375, 69.625, 3.034412080825603e-22, nan 
-140.125, 69.625, 5.2880532313534166e-23, nan 
-139.875, 69.625, 2.1374428641385873e-23, nan 
-139.625, 69.625, 1.8068885961756055e-22, nan 
-139.375, 69.625, 2.682958241039564e-23, nan 
-139.125, 69.625, 5.227717687302873e-23, nan 
-138.875, 69.625, 4.8931114759685285e-23, nan 
-138.625, 69.625, 5.247985408152201e-23, nan 
-138.375, 69.625, 7.833731921265813e-23, nan 
-138.125, 69.625, 4.6551589284018035e-23, nan 
-137.875, 69.625, 3.9558985093457294e-23, nan 
-137.625, 69.625, 5.32295850271974e-23, nan 
-137.375, 69.625, 6.5056938058491e-23, nan 
-137.125, 69.625, 4.4214046342632883e-23, nan 
-136.875, 69.625, 3.037604667221815e-23, nan 
-136.625, 69.625, 3.2292195212925196e-23, nan 
-136.375, 69.625, 2.5680107639696937e-23, nan 
-136.125, 69.625, 9.057686875327177e-24, nan 
-135.875, 69.625, 5.568954076103773e-24, nan 
-135.625, 69.625, 1.8524456947541772e-23, nan 
-135.375, 69.625, 4.0646916880349747e-23, nan 
-135.125, 69.625, 4.7190914656922044e-23, nan 
-134.875, 69.625, 2.3095252296048382e-23, nan 
-134.625, 69.625, 7.144945520292488e-23, nan 
-134.375, 69.625, 9.81933791031108e-23, nan 
-134.125, 69.625, 4.620129242480696e-23, nan 
-133.875, 69.625, 4.915923981155476e-23, nan 
-133.625, 69.625, 8.353239576196188e-23, nan 
-133.375, 69.625, 3.5721133885683056e-23, nan 
-133.125, 69.625, 2.0115109165614025e-23, nan 
-132.875, 69.625, 3.96603725550812e-23, nan 
-132.625, 69.625, 3.8860326093607163e-23, nan 
-132.375, 69.625, 1.874295025863723e-23, nan 
-132.125, 69.625, 1.9466813574598687e-23, nan 
-131.875, 69.625, 2.2351246307545533e-23, nan 
-131.625, 69.625, 1.4815535722266352e-23, nan 
-131.375, 69.625, 1.9114776282338725e-23, nan 
-131.125, 69.625, 1.2238570286103006e-23, nan 
-130.875, 69.625, 1.7738552185058708e-23, nan 
-130.625, 69.625, 2.1601093360892643e-23, nan 
-130.375, 69.625, 3.395664415090881e-23, nan 
-130.125, 69.625, 3.5986552082314615e-23, nan 
-129.875, 69.625, 3.6844952105000447e-23, nan 
-129.625, 69.625, 2.79363911068898e-23, nan 
-129.375, 69.625, 1.9174745555573836e-23, nan 
-129.125, 69.625, 2.989807620296059e-23, nan 
-128.875, 69.625, 2.4774435834179777e-23, nan 
-128.625, 69.625, 3.3170337615836426e-23, nan 
-128.375, 69.625, 3.33313536920194e-23, nan 
-128.125, 69.625, 5.864766375877293e-23, nan 
-127.875, 69.625, 5.870028214083415e-23, nan 
-127.625, 69.625, 8.130213395990939e-23, nan 
-127.375, 69.625, 9.266138949985007e-23, nan 
-127.125, 69.625, 7.840313496167323e-23, nan 
-126.875, 69.625, 7.96057207673358e-23, nan 
-126.625, 69.625, 7.753301997626686e-23, nan 
-126.375, 69.625, 7.417624428853543e-23, nan 
-126.125, 69.625, 7.793242001934746e-23, nan 
-125.875, 69.625, 7.830478270669514e-23, nan 
-125.625, 69.625, 7.393148219673195e-23, nan 
-125.375, 69.625, 6.387304160787806e-23, nan 
-125.125, 69.625, 7.754931025133718e-23, nan 
-124.875, 69.625, 1.0118306641704997e-22, nan 
-124.625, 69.625, 6.857814610418882e-23, nan 
-124.375, 69.625, 9.448116241806139e-23, nan 
-124.125, 69.625, 1.2731951366157672e-22, nan 
-123.875, 69.625, 9.512412522340172e-23, nan 
-123.625, 69.625, 9.29278892517921e-23, nan 
-123.375, 69.625, 7.794927654135796e-23, nan 
-123.125, 69.625, 8.450997202563031e-23, nan 
-122.875, 69.625, 6.41466619465395e-23, nan 
-122.625, 69.625, 1.8423931596715105e-23, nan 
-122.375, 69.625, 1.7293698111773897e-23, nan 
-122.125, 69.625, 2.3964140552371965e-23, nan 
-121.875, 69.625, 3.164171236102305e-23, nan 
-121.625, 69.625, 3.456612776099622e-23, nan 
-121.375, 69.625, 2.70893846884075e-23, nan 
-121.125, 69.625, 2.944554060772774e-23, nan 
-120.875, 69.625, 3.606509815123049e-23, nan 
-120.625, 69.625, 3.472589820773739e-23, nan 
-120.375, 69.625, 1.6435743140286914e-23, nan 
-120.125, 69.625, 1.8591252679116482e-23, nan 
-119.875, 69.625, 1.9855907773761188e-23, nan 
-119.625, 69.625, 1.4320778128360144e-23, nan 
-119.375, 69.625, 1.0328795507439045e-23, nan 
-119.125, 69.625, 4.64180120972543e-24, nan 
-118.875, 69.625, 7.799274617374761e-24, nan 
-118.625, 69.625, 5.963400227673381e-24, nan 
-118.375, 69.625, 9.23932824447648e-24, nan 
-118.125, 69.625, 9.729627539432267e-24, nan 
-117.875, 69.625, 9.681508222843749e-24, nan 
-117.625, 69.625, 1.0506853732712061e-23, nan 
-117.375, 69.625, 1.1096450769133506e-23, nan 
-117.125, 69.625, 1.6878635159022024e-23, nan 
-116.875, 69.625, 1.226639696926001e-23, nan 
88.875, 69.625, 8.742867027961935e-24, nan 
89.125, 69.625, 4.783140429733464e-24, nan 
89.375, 69.625, 1.1104894379397143e-23, nan 
89.625, 69.625, 1.6879342295804078e-23, nan 
89.875, 69.625, 2.380648482290906e-23, nan 
90.125, 69.625, 2.278474672536688e-23, nan 
90.375, 69.625, 2.4629715663299492e-23, nan 
90.625, 69.625, 2.6184269102679953e-23, nan 
90.875, 69.625, 2.863568229910029e-23, nan 
91.125, 69.625, 3.376174477785475e-23, nan 
91.375, 69.625, 2.5115897792556367e-23, nan 
91.625, 69.625, 2.15313778582911e-23, nan 
91.875, 69.625, 2.2860933879723464e-23, nan 
92.125, 69.625, 2.4119971969357925e-23, nan 
92.375, 69.625, 1.7561967518624558e-23, nan 
92.625, 69.625, 1.394175219712088e-23, nan 
92.875, 69.625, 1.5692958669427615e-23, nan 
93.125, 69.625, 1.3292456624793603e-23, nan 
93.375, 69.625, 1.335046585261256e-23, nan 
93.625, 69.625, 8.465487950832865e-24, nan 
93.875, 69.625, 7.234814724126857e-24, nan 
94.125, 69.625, 4.499533891261284e-24, nan 
94.375, 69.625, 1.2060200851836759e-23, nan 
94.625, 69.625, 1.2265445802503929e-23, nan 
94.875, 69.625, 8.633922181557308e-24, nan 
95.125, 69.625, 1.1511706709618041e-23, nan 
95.375, 69.625, 1.8221321632628865e-23, nan 
95.625, 69.625, 1.1740718942893195e-23, nan 
95.875, 69.625, 1.1337504479759593e-23, nan 
96.125, 69.625, 1.50159305609444e-23, nan 
96.375, 69.625, 1.1074346415233918e-23, nan 
96.625, 69.625, 8.350048995615742e-24, nan 
96.875, 69.625, 6.3839149767443926e-24, nan 
97.125, 69.625, 6.624702765403584e-24, nan 
97.375, 69.625, 5.44876174339913e-24, nan 
97.625, 69.625, 6.367872886540885e-24, nan 
97.875, 69.625, 8.046295389924775e-24, nan 
98.125, 69.625, 1.2948806650621e-23, nan 
98.375, 69.625, 1.1004221235558693e-23, nan 
98.625, 69.625, 8.612483157691779e-24, nan 
98.875, 69.625, 9.093338701262087e-24, nan 
99.125, 69.625, 8.184521795060441e-24, nan 
99.375, 69.625, 6.492271414386093e-24, nan 
99.625, 69.625, 5.294893618636198e-24, nan 
99.875, 69.625, 4.7357486758769036e-24, nan 
100.125, 69.625, 1.1484863576171877e-23, nan 
100.375, 69.625, 1.3131537074220118e-23, nan 
100.625, 69.625, 1.3679905928906755e-23, nan 
100.875, 69.625, 1.3855217884341277e-23, nan 
101.125, 69.625, 1.0373107262132518e-23, nan 
101.375, 69.625, 1.4518488963841906e-23, nan 
101.625, 69.625, 3.125654244931768e-23, nan 
101.875, 69.625, 4.4986823523706985e-23, nan 
102.125, 69.625, 4.4512645721163096e-23, nan 
102.375, 69.625, 5.096146974853346e-23, nan 
102.625, 69.625, 6.365177932297568e-23, nan 
102.875, 69.625, 8.005856493873924e-23, nan 
103.125, 69.625, 4.635332925005551e-23, nan 
103.375, 69.625, 4.7851383064203165e-23, nan 
103.625, 69.625, 5.721378066442504e-23, nan 
103.875, 69.625, 6.528006004498239e-23, nan 
104.125, 69.625, 4.2269827048398054e-23, nan 
104.375, 69.625, 4.788012862550937e-23, nan 
104.625, 69.625, 5.763345162001351e-23, nan 
104.875, 69.625, 1.8693168910898638e-23, nan 
105.125, 69.625, 8.575749299056429e-24, nan 
105.375, 69.625, 3.1692344377858232e-24, nan 
105.625, 69.625, 9.350051670261537e-24, nan 
105.875, 69.625, 1.0964481233416422e-23, nan 
106.125, 69.625, 8.920189076392868e-24, nan 
106.375, 69.625, 8.405144402935469e-24, nan 
106.625, 69.625, 1.0423831982526497e-23, nan 
106.875, 69.625, 1.3991674109385172e-23, nan 
107.125, 69.625, 1.3881334761756626e-23, nan 
107.375, 69.625, 1.5303990053935398e-23, nan 
107.625, 69.625, 1.5528750838497032e-23, nan 
107.875, 69.625, 1.7009119053290046e-23, nan 
108.125, 69.625, 1.3381468312445086e-23, nan 
108.375, 69.625, 5.762788044812273e-24, nan 
108.625, 69.625, 7.003204537158931e-24, nan 
108.875, 69.625, 1.9354551667896076e-23, nan 
109.125, 69.625, 7.275117239951267e-24, nan 
109.375, 69.625, 8.526024359854437e-24, nan 
109.625, 69.625, 1.554951494251435e-23, nan 
109.875, 69.625, 1.3396036762992142e-23, nan 
110.125, 69.625, 9.117613387122037e-24, nan 
110.375, 69.625, 1.0014067721630879e-23, nan 
110.625, 69.625, 1.2379991832523093e-23, nan 
110.875, 69.625, 1.3084298903562778e-23, nan 
111.125, 69.625, 4.361306728277491e-24, nan 
111.375, 69.625, 7.902336349198142e-24, nan 
111.625, 69.625, 6.0784405862993376e-24, nan 
111.875, 69.625, 7.729016038052796e-24, nan 
112.125, 69.625, 8.753789411608854e-24, nan 
112.375, 69.625, 5.370285736205929e-24, nan 
112.625, 69.625, 9.713588704393787e-24, nan 
112.875, 69.625, 1.048890081931199e-23, nan 
113.125, 69.625, 6.952546586593469e-24, nan 
113.375, 69.625, 8.834687532113114e-24, nan 
113.625, 69.625, 8.852606175613321e-24, nan 
113.875, 69.625, 8.558570671981839e-24, nan 
114.125, 69.625, 1.797671184894819e-23, nan 
114.375, 69.625, 2.5556786263292573e-23, nan 
114.625, 69.625, 1.447515211330323e-23, nan 
114.875, 69.625, 3.7302281631818424e-23, nan 
115.125, 69.625, 7.038853668034871e-23, nan 
115.375, 69.625, 5.470042872233465e-23, nan 
115.625, 69.625, 3.44219290462454e-23, nan 
115.875, 69.625, 6.509630518446118e-23, nan 
116.125, 69.625, 5.028931068169196e-23, nan 
116.375, 69.625, 2.5926848416014705e-23, nan 
116.625, 69.625, 2.7340911585745965e-23, nan 
116.875, 69.625, 1.9302072971553982e-23, nan 
117.125, 69.625, 1.955835012238306e-23, nan 
117.375, 69.625, 1.5834584440144345e-23, nan 
117.625, 69.625, 9.404006373831015e-24, nan 
117.875, 69.625, 1.0354918698377052e-23, nan 
118.125, 69.625, 2.0003833149446938e-23, nan 
118.375, 69.625, 2.3085076230685854e-23, nan 
118.625, 69.625, 1.505928505805431e-23, nan 
118.875, 69.625, 1.7785513596626475e-23, nan 
119.125, 69.625, 1.7089005088683305e-23, nan 
119.375, 69.625, 1.7045182322919995e-23, nan 
119.625, 69.625, 1.6000747478739422e-23, nan 
119.875, 69.625, 1.6689489302066268e-23, nan 
120.125, 69.625, 3.1758546997721447e-23, nan 
120.375, 69.625, 4.237177000180856e-23, nan 
120.625, 69.625, 3.182871551383507e-23, nan 
120.875, 69.625, 5.71083133142582e-23, nan 
121.125, 69.625, 7.135759594359304e-23, nan 
121.375, 69.625, 5.689126747052725e-23, nan 
121.625, 69.625, 3.723709008560291e-23, nan 
121.875, 69.625, 4.9217462221803254e-23, nan 
122.125, 69.625, 3.360221250187459e-23, nan 
122.375, 69.625, 2.442000335307083e-23, nan 
122.625, 69.625, 2.8344236863115904e-23, nan 
122.875, 69.625, 3.616752164512928e-23, nan 
123.125, 69.625, 5.615453540631316e-23, nan 
123.375, 69.625, 6.136472636457188e-23, nan 
123.625, 69.625, 5.9392100835536e-23, nan 
123.875, 69.625, 4.1994349024350056e-23, nan 
124.125, 69.625, 5.0612613030053094e-23, nan 
124.375, 69.625, 4.706150370836933e-23, nan 
124.625, 69.625, 3.9896056623865355e-23, nan 
124.875, 69.625, 4.0867701089867026e-23, nan 
125.125, 69.625, 3.698593675853023e-23, nan 
125.375, 69.625, 2.3853821438800588e-23, nan 
125.625, 69.625, 3.768103947235118e-23, nan 
125.875, 69.625, 3.9862781829805653e-23, nan 
126.125, 69.625, 5.847626421512688e-23, nan 
126.375, 69.625, 3.4703121469508075e-23, nan 
126.625, 69.625, 3.0269270595956984e-23, nan 
126.875, 69.625, 3.316130064543592e-23, nan 
127.125, 69.625, 3.298754513490425e-23, nan 
127.375, 69.625, 2.864407265010413e-23, nan 
127.625, 69.625, 2.710823727579126e-23, nan 
127.875, 69.625, 3.09498467743336e-23, nan 
128.125, 69.625, 2.2856033083928234e-23, nan 
128.375, 69.625, 3.28289921835196e-23, nan 
128.625, 69.625, 4.372346610374848e-23, nan 
128.875, 69.625, 3.472730509565266e-23, nan 
129.125, 69.625, 4.883324865810609e-23, nan 
129.375, 69.625, 3.582201825400455e-23, nan 
129.625, 69.625, 3.2680240050186744e-23, nan 
129.875, 69.625, 3.590229874659392e-23, nan 
130.125, 69.625, 3.0223530352102355e-23, nan 
130.375, 69.625, 3.4084455697291795e-23, nan 
130.625, 69.625, 3.7509929668498176e-23, nan 
130.875, 69.625, 3.2104192150780915e-23, nan 
131.125, 69.625, 6.817184122636613e-23, nan 
131.375, 69.625, 6.297664885360302e-23, nan 
131.625, 69.625, 7.914588352502685e-23, nan 
131.875, 69.625, 5.401688569793596e-23, nan 
132.125, 69.625, 7.599060943583979e-23, nan 
132.375, 69.625, 1.2968604363474928e-22, nan 
132.625, 69.625, 1.1889123763890657e-22, nan 
132.875, 69.625, 7.826365807614417e-23, nan 
133.125, 69.625, 1.0765543846924955e-22, nan 
133.375, 69.625, 1.0077465259581452e-22, nan 
133.625, 69.625, 5.654193001329174e-23, nan 
133.875, 69.625, 3.655434095795434e-23, nan 
134.125, 69.625, 7.44381480202683e-23, nan 
134.375, 69.625, 8.182956540163459e-23, nan 
134.625, 69.625, 7.874340718683595e-23, nan 
134.875, 69.625, 5.050459978967129e-23, nan 
135.125, 69.625, 7.67371090596361e-23, nan 
135.375, 69.625, 8.070630284569619e-23, nan 
135.625, 69.625, 9.883558001258178e-23, nan 
135.875, 69.625, 8.617259629652129e-23, nan 
136.125, 69.625, 9.541635784038069e-23, nan 
136.375, 69.625, 1.2120077449723902e-22, nan 
136.625, 69.625, 1.0957370756276855e-22, nan 
136.875, 69.625, 9.38716694165941e-23, nan 
137.125, 69.625, 1.2428858917914758e-22, nan 
137.375, 69.625, 7.08408935812663e-23, nan 
137.625, 69.625, 9.222098834233845e-23, nan 
137.875, 69.625, 1.115720131686362e-22, nan 
138.125, 69.625, 7.2389106354335e-23, nan 
138.375, 69.625, 1.3913783975854385e-22, nan 
138.625, 69.625, 9.912687540234779e-23, nan 
138.875, 69.625, 6.4586600325995e-23, nan 
139.125, 69.625, 1.2958564497966443e-22, nan 
139.375, 69.625, 1.6588474466051439e-22, nan 
139.625, 69.625, 9.638552702883061e-23, nan 
139.875, 69.625, 9.221958047625723e-23, nan 
140.125, 69.625, 5.0893150027860147e-23, nan 
140.375, 69.625, 5.561760293613516e-23, nan 
140.625, 69.625, 9.453494284781632e-23, nan 
140.875, 69.625, 1.268309388827744e-22, nan 
141.125, 69.625, 2.2745372568293924e-22, nan 
141.375, 69.625, 1.3811495214720275e-22, nan 
141.625, 69.625, 1.0380982055411588e-22, nan 
141.875, 69.625, 5.658233960819936e-23, nan 
142.125, 69.625, 1.0940110033150607e-22, nan 
142.375, 69.625, 1.1950243273170053e-22, nan 
142.625, 69.625, 1.159484722584892e-22, nan 
142.875, 69.625, 1.9513242926822976e-22, nan 
143.125, 69.625, 1.3907765608773362e-22, nan 
143.375, 69.625, 1.1687542132320115e-22, nan 
143.625, 69.625, 1.68184585221695e-22, nan 
143.875, 69.625, 3.4944599089267765e-22, nan 
144.125, 69.625, 3.078312932014571e-22, nan 
144.375, 69.625, 1.9995195185413508e-22, nan 
144.625, 69.625, 2.882307904028332e-22, nan 
144.875, 69.625, 3.8600206186146943e-22, nan 
145.125, 69.625, 4.282993825753092e-22, nan 
145.375, 69.625, 4.748109375682157e-22, nan 
145.625, 69.625, 4.938119936781908e-22, nan 
145.875, 69.625, 4.523147350917029e-22, nan 
146.125, 69.625, 3.303371222397504e-22, nan 
146.375, 69.625, 3.590649440794446e-22, nan 
146.625, 69.625, 4.536398058015983e-22, nan 
146.875, 69.625, 2.6318890901078837e-22, nan 
147.125, 69.625, 4.4197758914143245e-22, nan 
147.375, 69.625, 3.978487570887976e-22, nan 
147.625, 69.625, 2.348854913120245e-22, nan 
147.875, 69.625, 4.413201291671248e-22, nan 
148.125, 69.625, 5.118694643257433e-22, nan 
148.375, 69.625, 3.603756756707465e-22, nan 
148.625, 69.625, 2.7372571141709254e-22, nan 
148.875, 69.625, 3.592257340743396e-22, nan 
149.125, 69.625, 5.230645512988608e-22, nan 
149.375, 69.625, 8.339904814951743e-22, nan 
149.625, 69.625, 9.417696169191615e-22, nan 
149.875, 69.625, 5.678833121488946e-22, nan 
150.125, 69.625, 8.181202309325264e-22, nan 
150.375, 69.625, 9.59352947167282e-22, nan 
150.625, 69.625, 4.81680955953953e-22, nan 
150.875, 69.625, 2.7305625190398046e-22, nan 
151.125, 69.625, 1.8645782579149924e-22, nan 
151.375, 69.625, 3.590905370423921e-22, nan 
151.625, 69.625, 1.0221631154841641e-21, nan 
151.875, 69.625, 1.1860666812367388e-21, nan 
152.125, 69.625, 8.972716773123022e-22, nan 
152.375, 69.625, 7.796415578715998e-22, nan 
152.625, 69.625, 8.88711403240358e-22, nan 
152.875, 69.625, 5.85840047864531e-22, nan 
153.125, 69.625, 4.634683134073532e-22, nan 
153.375, 69.625, 1.0834724634605341e-21, nan 
153.625, 69.625, 1.2876261749278945e-21, nan 
153.875, 69.625, 1.4188788073786025e-21, nan 
154.125, 69.625, 1.8125413954716975e-21, nan 
154.375, 69.625, 2.0844585537411303e-21, nan 
154.625, 69.625, 1.745384261730845e-21, nan 
154.875, 69.625, 1.4395197948396387e-21, nan 
155.125, 69.625, 1.6504186834921344e-21, nan 
155.375, 69.625, 1.0949387460453908e-21, nan 
155.625, 69.625, 2.0823012585805742e-21, nan 
155.875, 69.625, 3.516654889990214e-21, nan 
156.125, 69.625, 4.484669963605189e-21, nan 
156.375, 69.625, 4.0705521858267445e-21, nan 
156.625, 69.625, 4.051586399341813e-21, nan 
156.875, 69.625, 6.650853350199176e-21, nan 
157.125, 69.625, 4.824854927896596e-21, nan 
157.375, 69.625, 9.38695317527258e-22, nan 
157.625, 69.625, 5.1549818642194674e-21, nan 
157.875, 69.625, 2.9870438305039587e-21, nan 
158.125, 69.625, 4.04853855816498e-21, nan 
158.375, 69.625, 6.080749866329116e-21, nan 
158.625, 69.625, 3.3895242786632684e-21, nan 
158.875, 69.625, 4.636141650484245e-21, nan 
159.125, 69.625, 1.1072958455419994e-20, nan 
159.375, 69.625, 2.3932667869899732e-20, nan 
159.625, 69.625, 3.6374440023158444e-20, nan 
159.875, 69.625, 2.9721942954001873e-20, nan 
160.125, 69.625, 3.3499657272282006e-20, nan 
160.375, 69.625, 3.960297949211959e-20, nan 
160.625, 69.625, 3.53569675798667e-20, nan 
160.875, 69.625, 4.404754131238924e-20, nan 
161.125, 69.625, 4.052449437667546e-20, nan 
161.375, 69.625, 4.071283100129464e-20, nan 
161.625, 69.625, 4.8501353962564586e-20, nan 
161.875, 69.625, 5.509327745855054e-20, nan 
162.125, 69.625, 4.5623455845103637e-20, nan 
162.375, 69.625, 4.387463781703737e-20, nan 
162.625, 69.625, 4.382967977015708e-20, nan 
162.875, 69.625, 1.719617250062097e-20, nan 
163.125, 69.625, 2.098953974157994e-20, nan 
163.375, 69.625, 2.359902515944284e-20, nan 
163.625, 69.625, 3.218046797429059e-20, nan 
163.875, 69.625, 1.8593286261791297e-20, nan 
164.125, 69.625, 2.0731453964412798e-20, nan 
164.375, 69.625, 1.9934406847397056e-20, nan 
164.625, 69.625, 1.4164709849902244e-20, nan 
164.875, 69.625, 2.4027890683420852e-20, nan 
165.125, 69.625, 1.912298635136726e-20, nan 
165.375, 69.625, 2.824655736093873e-20, nan 
165.625, 69.625, 2.806941366895926e-20, nan 
165.875, 69.625, 2.7220617724258726e-20, nan 
166.125, 69.625, 3.542019041902255e-20, nan 
166.375, 69.625, 3.163590705223703e-20, nan 
166.625, 69.625, 2.5395106473814002e-20, nan 
166.875, 69.625, 3.033322273255837e-20, nan 
167.125, 69.625, 3.207261141334225e-20, nan 
167.375, 69.625, 3.2904325658895633e-20, nan 
167.625, 69.625, 5.826997739292936e-20, nan 
167.875, 69.625, 4.8949281108334987e-20, nan 
168.125, 69.625, 4.383239005216301e-20, nan 
168.375, 69.625, 6.61710997067723e-20, nan 
168.625, 69.625, 5.0803414567194807e-20, nan 
168.875, 69.625, 2.9626425082031617e-20, nan 
169.125, 69.625, 1.175926482752093e-20, nan 
169.375, 69.625, 1.14353391897159e-20, nan 
169.625, 69.625, 1.1290313709787854e-20, nan 
169.875, 69.625, 9.377137848413147e-21, nan 
170.125, 69.625, 8.576754300269228e-21, nan 
170.375, 69.625, 1.6970979319753843e-20, nan 
170.625, 69.625, 2.936534837945799e-20, nan 
170.875, 69.625, 3.785774842845993e-20, nan 
171.125, 69.625, 1.64829175010631e-20, nan 
171.375, 69.625, 2.2004959930437548e-20, nan 
171.625, 69.625, 2.0045341397865095e-20, nan 
171.875, 69.625, 1.2007627722462612e-20, nan 
172.125, 69.625, 9.011930496317531e-21, nan 
172.375, 69.625, 9.536431766348872e-21, nan 
172.625, 69.625, 1.4569570784849527e-20, nan 
172.875, 69.625, 1.417140560182061e-20, nan 
173.125, 69.625, 1.765179235904353e-20, nan 
173.375, 69.625, 1.5782121310381206e-20, nan 
173.625, 69.625, 8.433503814874753e-21, nan 
173.875, 69.625, 6.523096452445618e-21, nan 
174.125, 69.625, 6.0831042164195744e-21, nan 
174.375, 69.625, 9.212180914502952e-21, nan 
174.625, 69.625, 4.626432886517114e-21, nan 
174.875, 69.625, 1.716388054765149e-21, nan 
175.125, 69.625, 6.531396443118158e-21, nan 
175.375, 69.625, 5.729003771574071e-21, nan 
175.625, 69.625, 4.034019438068302e-21, nan 
175.875, 69.625, 4.977716757183069e-21, nan 
176.125, 69.625, 5.2174702107848705e-21, nan 
176.375, 69.625, 4.308314788704483e-21, nan 
176.625, 69.625, 3.0761612318700245e-21, nan 
176.875, 69.625, 3.8617960462639135e-21, nan 
177.125, 69.625, 4.015915181260445e-21, nan 
177.375, 69.625, 2.6156773450376004e-21, nan 
177.625, 69.625, 4.063933108918432e-21, nan 
177.875, 69.625, 4.9996113784983e-21, nan 
178.125, 69.625, 5.233397125607018e-21, nan 
178.375, 69.625, 4.322231151477368e-21, nan 
178.625, 69.625, 4.088542062051255e-21, nan 
178.875, 69.625, 4.1964429143098535e-21, nan 
179.125, 69.625, 2.3596039818404185e-21, nan 
179.375, 69.625, 1.3662035947774617e-21, nan 
179.625, 69.625, 9.876040334281602e-22, nan 
179.875, 69.625, 1.4519763998016098e-21, nan 
-179.875, 69.875, 1.5363949949640095e-21, nan 
-179.625, 69.875, 1.2957058805709557e-21, nan 
-179.375, 69.875, 1.473295324674225e-21, nan 
-179.125, 69.875, 1.6896509571669461e-21, nan 
-178.875, 69.875, 2.2320070988461447e-21, nan 
-178.625, 69.875, 2.151789016032281e-21, nan 
-178.375, 69.875, 1.8625931801717324e-21, nan 
-178.125, 69.875, 1.6884989778238577e-21, nan 
-177.875, 69.875, 1.4838489657634657e-21, nan 
-177.625, 69.875, 9.952214124351022e-22, nan 
-177.375, 69.875, 4.3643454731677905e-22, nan 
-177.125, 69.875, 4.766274059926058e-22, nan 
-176.875, 69.875, 5.551321780250432e-22, nan 
-176.625, 69.875, 5.78593189665666e-22, nan 
-176.375, 69.875, 9.353329706164786e-22, nan 
-176.125, 69.875, 9.250479166533716e-22, nan 
-175.875, 69.875, 1.184035959913795e-21, nan 
-175.625, 69.875, 8.868178855925106e-22, nan 
-175.375, 69.875, 5.443753178158927e-22, nan 
-175.125, 69.875, 5.780243761171882e-22, nan 
-174.875, 69.875, 3.4854888710500334e-22, nan 
-174.625, 69.875, 2.593050621386249e-22, nan 
-174.375, 69.875, 2.7835258484381982e-22, nan 
-174.125, 69.875, 3.562869867294118e-22, nan 
-173.875, 69.875, 4.937519438440689e-22, nan 
-173.625, 69.875, 6.769912139103407e-22, nan 
-173.375, 69.875, 5.819279076495757e-22, nan 
-173.125, 69.875, 5.255934627343361e-22, nan 
-172.875, 69.875, 4.60834678834591e-22, nan 
-172.625, 69.875, 3.6633601756623338e-22, nan 
-172.375, 69.875, 4.561954756748708e-22, nan 
-172.125, 69.875, 2.6827506395448356e-22, nan 
-171.875, 69.875, 2.26305008536119e-22, nan 
-171.625, 69.875, 2.5151761528720536e-22, nan 
-171.375, 69.875, 2.2147954120644913e-22, nan 
-171.125, 69.875, 2.420493042090175e-22, nan 
-170.875, 69.875, 2.7805059544799413e-22, nan 
-170.625, 69.875, 2.033445769633079e-22, nan 
-170.375, 69.875, 3.3691527151526527e-22, nan 
-170.125, 69.875, 3.8699067453868735e-22, nan 
-169.875, 69.875, 3.6971465174518093e-22, nan 
-169.625, 69.875, 3.2098964295137363e-22, nan 
-169.375, 69.875, 2.5258598501643693e-22, nan 
-169.125, 69.875, 2.1459574997607494e-22, nan 
-168.875, 69.875, 1.9281365241413335e-22, nan 
-168.625, 69.875, 1.6097397047138545e-22, nan 
-168.375, 69.875, 9.010531737051619e-23, nan 
-168.125, 69.875, 2.656804691144337e-22, nan 
-167.875, 69.875, 1.5173392487786617e-22, nan 
-167.625, 69.875, 1.762270558840429e-22, nan 
-167.375, 69.875, 2.0641008552655656e-22, nan 
-167.125, 69.875, 3.359942895326011e-22, nan 
-166.875, 69.875, 3.362060798595146e-22, nan 
-166.625, 69.875, 1.9099901425748645e-22, nan 
-166.375, 69.875, 1.8051125788313608e-22, nan 
-166.125, 69.875, 1.268217385158254e-22, nan 
-165.875, 69.875, 2.0891553249267106e-22, nan 
-165.625, 69.875, 1.4885568225602918e-22, nan 
-165.375, 69.875, 8.860304882583902e-23, nan 
-165.125, 69.875, 2.096948772064735e-22, nan 
-164.875, 69.875, 2.5253482385041117e-22, nan 
-164.625, 69.875, 2.6842668186256062e-22, nan 
-164.375, 69.875, 2.367534188517218e-22, nan 
-164.125, 69.875, 3.166652377703452e-22, nan 
-163.875, 69.875, 3.4546514712490537e-22, nan 
-163.625, 69.875, 1.8565979055806508e-22, nan 
-163.375, 69.875, 1.4999652412689642e-22, nan 
-163.125, 69.875, 2.260288648311183e-22, nan 
-162.875, 69.875, 1.6701270926194772e-22, nan 
-162.625, 69.875, 1.4252714368669236e-22, nan 
-162.375, 69.875, 1.6981046510983148e-22, nan 
-162.125, 69.875, 1.354173529016493e-22, nan 
-161.875, 69.875, 9.281129916124696e-23, nan 
-161.625, 69.875, 7.310555126625167e-23, nan 
-161.375, 69.875, 6.908490604902683e-23, nan 
-161.125, 69.875, 1.2188936114063953e-22, nan 
-160.875, 69.875, 1.8444351994932847e-22, nan 
-160.625, 69.875, 2.2737428482600816e-22, nan 
-160.375, 69.875, 1.3174501979572029e-22, nan 
-160.125, 69.875, 1.715850284059975e-22, nan 
-159.875, 69.875, 2.141587953967811e-22, nan 
-159.625, 69.875, 1.1537471179821934e-22, nan 
-159.375, 69.875, 1.7121850893823415e-22, nan 
-159.125, 69.875, 1.5238062251321184e-22, nan 
-158.875, 69.875, 1.3381135824745064e-22, nan 
-158.625, 69.875, 1.8032598607836154e-22, nan 
-158.375, 69.875, 1.9951405505834032e-22, nan 
-158.125, 69.875, 2.51904263121391e-22, nan 
-157.875, 69.875, 1.3819804512965454e-22, nan 
-157.625, 69.875, 1.073526476744899e-22, nan 
-157.375, 69.875, 1.345450478407803e-22, nan 
-157.125, 69.875, 1.2192279504523433e-22, nan 
-156.875, 69.875, 1.248825833196138e-22, nan 
-156.625, 69.875, 8.443302889426343e-23, nan 
-156.375, 69.875, 8.669987410769997e-23, nan 
-156.125, 69.875, 8.644790427098469e-23, nan 
-155.875, 69.875, 8.262114116011814e-23, nan 
-155.625, 69.875, 1.1142104654507056e-22, nan 
-155.375, 69.875, 1.1678355402744686e-22, nan 
-155.125, 69.875, 1.6689176005486178e-22, nan 
-154.875, 69.875, 1.8266351812640972e-22, nan 
-154.625, 69.875, 1.135273378412456e-22, nan 
-154.375, 69.875, 8.248318731135524e-23, nan 
-154.125, 69.875, 1.113674469379548e-22, nan 
-153.875, 69.875, 8.431537506632793e-23, nan 
-153.625, 69.875, 5.755727039552638e-23, nan 
-153.375, 69.875, 1.7148712396475757e-22, nan 
-153.125, 69.875, 1.4445781775452023e-22, nan 
-152.875, 69.875, 1.0975140870624846e-22, nan 
-152.625, 69.875, 1.288721025523191e-22, nan 
-152.375, 69.875, 1.7826711984542522e-22, nan 
-152.125, 69.875, 1.7663410377740295e-22, nan 
-151.875, 69.875, 1.451397608995299e-22, nan 
-151.625, 69.875, 7.797136779553193e-23, nan 
-151.375, 69.875, 1.6293563469738085e-22, nan 
-151.125, 69.875, 1.575599155867405e-22, nan 
-150.875, 69.875, 7.383295305056745e-23, nan 
-150.625, 69.875, 6.022823989765813e-23, nan 
-150.375, 69.875, 8.97856290157077e-23, nan 
-150.125, 69.875, 8.898746652489222e-23, nan 
-149.875, 69.875, 7.1791078132361e-23, nan 
-149.625, 69.875, 5.890689976571948e-23, nan 
-149.375, 69.875, 4.567711268898988e-23, nan 
-149.125, 69.875, 5.30657375021046e-23, nan 
-148.875, 69.875, 4.31069095792753e-23, nan 
-148.625, 69.875, 2.3299258452713018e-23, nan 
-148.375, 69.875, 4.289361784716878e-23, nan 
-148.125, 69.875, 3.216389334800495e-23, nan 
-147.875, 69.875, 4.0796918953960054e-23, nan 
-147.625, 69.875, 5.809410871282651e-23, nan 
-147.375, 69.875, 6.530869341052528e-23, nan 
-147.125, 69.875, 6.397809183017084e-23, nan 
-146.875, 69.875, 5.504494007840733e-23, nan 
-146.625, 69.875, 3.7295360188189335e-23, nan 
-146.375, 69.875, 2.0287783877259874e-23, nan 
-146.125, 69.875, 2.5940176217698213e-23, nan 
-145.875, 69.875, 5.191634450279624e-23, nan 
-145.625, 69.875, 2.5959812991537742e-23, nan 
-145.375, 69.875, 1.7724845683747112e-23, nan 
-145.125, 69.875, 1.500578898391899e-23, nan 
-144.875, 69.875, 1.5643038595035997e-23, nan 
-144.625, 69.875, 2.7738574770513114e-23, nan 
-144.375, 69.875, 4.7378267545833383e-23, nan 
-144.125, 69.875, 4.0480882120672867e-23, nan 
-143.875, 69.875, 4.5508641716229684e-23, nan 
-143.625, 69.875, 4.0219534607346734e-23, nan 
-143.375, 69.875, 4.069111185834274e-23, nan 
-143.125, 69.875, 4.578541802422224e-23, nan 
-142.875, 69.875, 6.847855178269145e-23, nan 
-142.625, 69.875, 7.988093902882676e-23, nan 
-142.375, 69.875, 7.474308306775146e-23, nan 
-142.125, 69.875, 7.171120929698559e-23, nan 
-141.875, 69.875, 7.615240475937915e-23, nan 
-141.625, 69.875, 1.0345228069150566e-22, nan 
-141.375, 69.875, 1.1622616012655516e-22, nan 
-141.125, 69.875, 6.212837310997639e-23, nan 
-140.875, 69.875, 5.1890012470809627e-23, nan 
-140.625, 69.875, 9.064426989078012e-23, nan 
-140.375, 69.875, 1.5365284681250845e-22, nan 
-140.125, 69.875, 8.367724516177849e-23, nan 
-139.875, 69.875, 2.2423518752954613e-23, nan 
-139.625, 69.875, 7.752036399267782e-23, nan 
-139.375, 69.875, 9.384281961394106e-23, nan 
-139.125, 69.875, 6.169474395144065e-23, nan 
-138.875, 69.875, 4.7709321859623094e-23, nan 
-138.625, 69.875, 7.948848632755439e-23, nan 
-138.375, 69.875, 8.207242816718524e-23, nan 
-138.125, 69.875, 3.753441153268529e-23, nan 
-137.875, 69.875, 3.8361809644570815e-23, nan 
-137.625, 69.875, 3.3296700637795864e-23, nan 
-137.375, 69.875, 5.643798501564608e-23, nan 
-137.125, 69.875, 3.7917888602474705e-23, nan 
-136.875, 69.875, 2.714430344097982e-23, nan 
-136.625, 69.875, 3.060153127433885e-23, nan 
-136.375, 69.875, 1.8733484159299007e-23, nan 
-136.125, 69.875, 1.3029397116497084e-23, nan 
-135.875, 69.875, 2.1891179356723242e-23, nan 
-135.625, 69.875, 2.5176659253730994e-23, nan 
-135.375, 69.875, 1.444343570762615e-23, nan 
-135.125, 69.875, 2.7910549958805526e-23, nan 
-134.875, 69.875, 4.5478790335279627e-23, nan 
-134.625, 69.875, 5.1404978089224296e-23, nan 
-134.375, 69.875, 4.472437212362e-23, nan 
-134.125, 69.875, 7.296031169828731e-23, nan 
-133.875, 69.875, 6.257493294167952e-23, nan 
-133.625, 69.875, 6.514834815458526e-23, nan 
-133.375, 69.875, 6.882480336748777e-23, nan 
-133.125, 69.875, 4.5024342255314774e-23, nan 
-132.875, 69.875, 2.4153512916940362e-23, nan 
-132.625, 69.875, 2.7408421674901656e-23, nan 
-132.375, 69.875, 2.023783440528919e-23, nan 
-132.125, 69.875, 1.7773410922045803e-23, nan 
-131.875, 69.875, 1.6916821226449115e-23, nan 
-131.625, 69.875, 1.3802073647471578e-23, nan 
-131.375, 69.875, 2.3653514610477005e-23, nan 
-131.125, 69.875, 1.1432501598896703e-23, nan 
-130.875, 69.875, 1.2056753827876897e-23, nan 
-130.625, 69.875, 9.764530458656178e-24, nan 
-130.375, 69.875, 1.4116659137541799e-23, nan 
-130.125, 69.875, 2.5248963431119852e-23, nan 
-129.875, 69.875, 1.7622318035288307e-23, nan 
-129.625, 69.875, 9.655047512006703e-24, nan 
-129.375, 69.875, 1.4017201247097986e-23, nan 
-129.125, 69.875, 1.1754865104881599e-23, nan 
-128.875, 69.875, 1.6806785505478303e-23, nan 
-128.625, 69.875, 1.7774546366260947e-23, nan 
-128.375, 69.875, 1.9387478253817577e-23, nan 
-128.125, 69.875, 1.559988320709489e-23, nan 
-127.875, 69.875, 1.721561600382764e-23, nan 
-127.625, 69.875, 1.8731559672365794e-23, nan 
-127.375, 69.875, 1.7867305438176726e-23, nan 
-127.125, 69.875, 2.473758080898456e-23, nan 
-126.875, 69.875, 2.487363338667694e-23, nan 
-126.625, 69.875, 2.3516409934377974e-23, nan 
-126.375, 69.875, 2.1918191386944322e-23, nan 
-126.125, 69.875, 2.9514651291019436e-23, nan 
-125.875, 69.875, 2.2122566704243568e-23, nan 
-125.625, 69.875, 3.8932236912231237e-23, nan 
-125.375, 69.875, 7.242121639709776e-23, nan 
-125.125, 69.875, 7.747773621187208e-23, nan 
-124.875, 69.875, 7.434076286380469e-23, nan 
-124.625, 69.875, 8.026844013286158e-23, nan 
-124.375, 69.875, 6.818175447281085e-23, nan 
-124.125, 69.875, 6.276967431252889e-23, nan 
-123.875, 69.875, 1.4719235477784405e-23, nan 
-123.625, 69.875, 7.015699970358193e-23, nan 
-123.375, 69.875, 9.099857295856399e-23, nan 
-123.125, 69.875, 8.559343167043147e-23, nan 
-122.875, 69.875, 7.054342061788685e-23, nan 
-122.625, 69.875, 7.303626667562613e-23, nan 
-122.375, 69.875, 6.247219866379444e-23, nan 
-122.125, 69.875, 2.5845548880033616e-23, nan 
-121.875, 69.875, 4.881819893670571e-23, nan 
-121.625, 69.875, 4.727891896905842e-23, nan 
-121.375, 69.875, 2.679991642480409e-23, nan 
-121.125, 69.875, 5.723753478416616e-23, nan 
-120.875, 69.875, 5.189088900613772e-23, nan 
-120.625, 69.875, 2.2500779710487576e-23, nan 
-120.375, 69.875, 2.9148589984126366e-23, nan 
-120.125, 69.875, 2.7216069052328586e-23, nan 
-119.875, 69.875, 1.6675553328889854e-23, nan 
-119.625, 69.875, 1.762207901789384e-23, nan 
-119.375, 69.875, 1.4431713447631356e-23, nan 
-119.125, 69.875, 7.343103552049454e-24, nan 
-118.875, 69.875, 1.0953426556470867e-23, nan 
-118.625, 69.875, 1.0053892947247047e-23, nan 
-118.375, 69.875, 1.9699403242987246e-23, nan 
-118.125, 69.875, 1.7987710365477518e-23, nan 
-117.875, 69.875, 1.9203652010583502e-23, nan 
-117.625, 69.875, 1.3939469429514512e-23, nan 
-117.375, 69.875, 1.466983021723346e-23, nan 
-117.125, 69.875, 2.3946390475103385e-23, nan 
-116.875, 69.875, 9.501798633277442e-24, nan 
-116.625, 69.875, 1.454502961586584e-23, nan 
-116.375, 69.875, 2.289303219258939e-23, nan 
88.375, 69.875, 4.0398731582086336e-24, nan 
88.625, 69.875, 5.137913221170008e-24, nan 
88.875, 69.875, 1.1374654528827795e-23, nan 
89.125, 69.875, 6.948054891426203e-24, nan 
89.375, 69.875, 6.0759405190682175e-24, nan 
89.625, 69.875, 7.496397842310832e-24, nan 
89.875, 69.875, 3.1900844990365115e-24, nan 
90.125, 69.875, 9.220597221138491e-24, nan 
90.375, 69.875, 1.1431801681932957e-23, nan 
90.625, 69.875, 1.8002619188371376e-23, nan 
90.875, 69.875, 2.3654849363647978e-23, nan 
91.125, 69.875, 2.872390762388453e-23, nan 
91.375, 69.875, 2.434711267250755e-23, nan 
91.625, 69.875, 2.245504811575335e-23, nan 
91.875, 69.875, 2.0192145699108332e-23, nan 
92.125, 69.875, 2.239102918521987e-23, nan 
92.375, 69.875, 1.653636935900926e-23, nan 
92.625, 69.875, 1.772580996005655e-23, nan 
92.875, 69.875, 2.665576593665651e-23, nan 
93.125, 69.875, 1.555816303639695e-23, nan 
93.375, 69.875, 2.097869767132693e-23, nan 
93.625, 69.875, 1.9684538106858998e-23, nan 
93.875, 69.875, 1.515574917935277e-23, nan 
94.125, 69.875, 1.2178165086785306e-23, nan 
94.375, 69.875, 1.7049755548172488e-23, nan 
94.625, 69.875, 2.0148876943078996e-23, nan 
94.875, 69.875, 1.64432111683545e-23, nan 
95.125, 69.875, 1.5686916097236536e-23, nan 
95.375, 69.875, 1.4795929362070092e-23, nan 
95.625, 69.875, 1.037932793806347e-23, nan 
95.875, 69.875, 1.2534198557340504e-23, nan 
96.125, 69.875, 1.219449294528752e-23, nan 
96.375, 69.875, 1.0363803793122095e-23, nan 
96.625, 69.875, 8.599277871815004e-24, nan 
96.875, 69.875, 1.0425455721651473e-23, nan 
97.125, 69.875, 7.070924468961285e-24, nan 
97.375, 69.875, 8.257039659199748e-24, nan 
97.625, 69.875, 5.9448458135669785e-24, nan 
97.875, 69.875, 1.2842976498939514e-23, nan 
98.125, 69.875, 1.1954934830513176e-23, nan 
98.375, 69.875, 9.726493971562341e-24, nan 
98.625, 69.875, 1.0008101887213165e-23, nan 
98.875, 69.875, 1.1448433381866576e-23, nan 
99.125, 69.875, 8.979289264418257e-24, nan 
99.375, 69.875, 1.130086867278088e-23, nan 
99.625, 69.875, 1.2806502284643861e-23, nan 
99.875, 69.875, 1.1900978277861833e-23, nan 
100.125, 69.875, 6.998042909225915e-24, nan 
100.375, 69.875, 2.09610438374244e-23, nan 
100.625, 69.875, 1.0488851207609018e-23, nan 
100.875, 69.875, 1.2167493190377213e-23, nan 
101.125, 69.875, 5.022846286639692e-23, nan 
101.375, 69.875, 6.828733794126042e-23, nan 
101.625, 69.875, 7.289666602086476e-23, nan 
101.875, 69.875, 7.105607119073911e-23, nan 
102.125, 69.875, 6.757681270345657e-23, nan 
102.375, 69.875, 8.466051898633948e-23, nan 
102.625, 69.875, 9.800874231446947e-23, nan 
102.875, 69.875, 3.55351539277771e-22, nan 
103.125, 69.875, 3.24665880566402e-22, nan 
103.375, 69.875, 3.1641564614905875e-22, nan 
103.625, 69.875, 3.1584210187369367e-22, nan 
103.875, 69.875, 1.5057139532246587e-22, nan 
104.125, 69.875, 1.1037794831523594e-22, nan 
104.375, 69.875, 7.22860413620465e-23, nan 
104.625, 69.875, 7.945684945074052e-23, nan 
104.875, 69.875, 4.952648699360866e-23, nan 
105.125, 69.875, 5.791859769048861e-23, nan 
105.375, 69.875, 5.0975598167716e-23, nan 
105.625, 69.875, 1.8940433361795922e-23, nan 
105.875, 69.875, 6.1467889567833545e-24, nan 
106.125, 69.875, 5.437724703426984e-24, nan 
106.375, 69.875, 7.885579101097705e-24, nan 
106.625, 69.875, 1.0399000242951382e-23, nan 
106.875, 69.875, 1.3882865869707074e-23, nan 
107.125, 69.875, 1.5755448046152982e-23, nan 
107.375, 69.875, 1.6811124305970695e-23, nan 
107.625, 69.875, 2.0225056576119303e-23, nan 
107.875, 69.875, 1.6206975629765348e-23, nan 
108.125, 69.875, 1.55761352095577e-23, nan 
108.375, 69.875, 1.7953601789407108e-23, nan 
108.625, 69.875, 1.3575996511600347e-23, nan 
108.875, 69.875, 1.3707283587824023e-23, nan 
109.125, 69.875, 8.128960518004849e-24, nan 
109.375, 69.875, 8.273709966187604e-24, nan 
109.625, 69.875, 9.773083480132936e-24, nan 
109.875, 69.875, 5.890696115112367e-24, nan 
110.125, 69.875, 4.359932835284673e-24, nan 
110.375, 69.875, 9.516057047097857e-24, nan 
110.625, 69.875, 8.15997669628214e-24, nan 
110.875, 69.875, 9.651241537967404e-24, nan 
111.125, 69.875, 6.679363967985375e-24, nan 
111.375, 69.875, 8.619346419124642e-24, nan 
111.625, 69.875, 1.6533014746856855e-23, nan 
111.875, 69.875, 1.194090007470759e-23, nan 
112.125, 69.875, 6.1266155763880535e-24, nan 
112.375, 69.875, 6.0156356648466284e-24, nan 
112.625, 69.875, 1.231906372454406e-23, nan 
112.875, 69.875, 1.0285161206969204e-23, nan 
113.125, 69.875, 7.147983201358277e-24, nan 
113.375, 69.875, 5.911138677547262e-24, nan 
113.625, 69.875, 1.0447176459513523e-23, nan 
113.875, 69.875, 7.787182902055778e-24, nan 
114.125, 69.875, 8.621582818445826e-24, nan 
114.375, 69.875, 9.604447795358848e-24, nan 
114.625, 69.875, 6.720871534322162e-24, nan 
114.875, 69.875, 2.7930852158598744e-23, nan 
115.125, 69.875, 3.99900673951316e-23, nan 
115.375, 69.875, 3.080066462707583e-23, nan 
115.625, 69.875, 2.282049090076969e-23, nan 
115.875, 69.875, 1.5077936121061997e-23, nan 
116.125, 69.875, 2.201805800603435e-23, nan 
116.375, 69.875, 1.785154554672012e-23, nan 
116.625, 69.875, 2.2594434865297577e-23, nan 
116.875, 69.875, 9.818255441514627e-24, nan 
117.125, 69.875, 1.1306815091874e-23, nan 
117.375, 69.875, 1.0144491071476147e-23, nan 
117.625, 69.875, 1.2262433903209066e-23, nan 
117.875, 69.875, 9.86372166060536e-24, nan 
118.125, 69.875, 1.9613011729244727e-23, nan 
118.375, 69.875, 2.2012578960125837e-23, nan 
118.625, 69.875, 7.630082185190038e-24, nan 
118.875, 69.875, 1.0494080874548071e-23, nan 
119.125, 69.875, 1.0103333378522176e-23, nan 
119.375, 69.875, 1.0317917042394387e-23, nan 
119.625, 69.875, 1.094425722180089e-23, nan 
119.875, 69.875, 2.0969746514541256e-23, nan 
120.125, 69.875, 6.119805112706507e-23, nan 
120.375, 69.875, 6.597482128110047e-23, nan 
120.625, 69.875, 5.808878229205186e-23, nan 
120.875, 69.875, 1.0913181424838593e-22, nan 
121.125, 69.875, 1.240564288362396e-22, nan 
121.375, 69.875, 1.01319671971234e-22, nan 
121.625, 69.875, 4.056059849200117e-23, nan 
121.875, 69.875, 7.645473558460991e-23, nan 
122.125, 69.875, 5.2103857587804716e-23, nan 
122.375, 69.875, 1.5569300328784473e-23, nan 
122.625, 69.875, 3.052326778114416e-23, nan 
122.875, 69.875, 2.9284856106507763e-23, nan 
123.125, 69.875, 2.7835443797879386e-23, nan 
123.375, 69.875, 2.1403966233831398e-23, nan 
123.625, 69.875, 4.1222726380622297e-23, nan 
123.875, 69.875, 2.899112354533204e-23, nan 
124.125, 69.875, 2.209670410323021e-23, nan 
124.375, 69.875, 2.960573115433565e-23, nan 
124.625, 69.875, 2.665508873019273e-23, nan 
124.875, 69.875, 3.312919643069204e-23, nan 
125.125, 69.875, 2.6022268850590035e-23, nan 
125.375, 69.875, 2.9865353310415367e-23, nan 
125.625, 69.875, 5.072330124303778e-23, nan 
125.875, 69.875, 6.064565467605027e-23, nan 
126.125, 69.875, 8.189494057620268e-23, nan 
126.375, 69.875, 4.054403021700102e-23, nan 
126.625, 69.875, 4.8981620231092704e-23, nan 
126.875, 69.875, 5.28003234009884e-23, nan 
127.125, 69.875, 3.360876215581611e-23, nan 
127.375, 69.875, 3.373673791126954e-23, nan 
127.625, 69.875, 4.0154634077780725e-23, nan 
127.875, 69.875, 4.39151248022653e-23, nan 
128.125, 69.875, 3.519929348223604e-23, nan 
128.375, 69.875, 6.865722496823819e-23, nan 
128.625, 69.875, 5.019530349639794e-23, nan 
128.875, 69.875, 4.7290248986075784e-23, nan 
129.125, 69.875, 6.739937293295316e-23, nan 
129.375, 69.875, 5.2818661992700417e-23, nan 
129.625, 69.875, 5.340333521193162e-23, nan 
129.875, 69.875, 7.278222247545157e-23, nan 
130.125, 69.875, 4.776423157356696e-23, nan 
130.375, 69.875, 2.5582882218919842e-23, nan 
130.625, 69.875, 3.331408020381191e-23, nan 
130.875, 69.875, 2.1449978009529895e-23, nan 
131.125, 69.875, 6.009955369102941e-23, nan 
131.375, 69.875, 3.527218572950981e-23, nan 
131.625, 69.875, 3.4131215750634256e-23, nan 
131.875, 69.875, 2.281012354898854e-23, nan 
132.125, 69.875, 5.879034293047944e-23, nan 
132.375, 69.875, 8.0122991643701e-23, nan 
132.625, 69.875, 7.745059332523776e-23, nan 
132.875, 69.875, 5.370309975422646e-23, nan 
133.125, 69.875, 4.9522002348275565e-23, nan 
133.375, 69.875, 4.397426738160398e-23, nan 
133.625, 69.875, 6.93646997235005e-23, nan 
133.875, 69.875, 6.753946082206456e-23, nan 
134.125, 69.875, 8.949092043286335e-23, nan 
134.375, 69.875, 1.2403222528268096e-22, nan 
134.625, 69.875, 1.1345811682571103e-22, nan 
134.875, 69.875, 7.252607099587985e-23, nan 
135.125, 69.875, 1.057292707503432e-22, nan 
135.375, 69.875, 1.5211215156949898e-22, nan 
135.625, 69.875, 1.5563541269639585e-22, nan 
135.875, 69.875, 1.7190170892326378e-22, nan 
136.125, 69.875, 1.492930480072065e-22, nan 
136.375, 69.875, 1.4324159447219452e-22, nan 
136.625, 69.875, 1.529809588358433e-22, nan 
136.875, 69.875, 9.974518847536039e-23, nan 
137.125, 69.875, 1.2462668227007564e-22, nan 
137.375, 69.875, 7.987744966694586e-23, nan 
137.625, 69.875, 7.628908530629183e-23, nan 
137.875, 69.875, 1.0419148213008541e-22, nan 
138.125, 69.875, 1.1053297977134714e-22, nan 
138.375, 69.875, 8.907649095458429e-23, nan 
138.625, 69.875, 8.371361829432087e-23, nan 
138.875, 69.875, 2.0277398116878344e-22, nan 
139.125, 69.875, 3.052351737831272e-22, nan 
139.375, 69.875, 4.655190482927951e-22, nan 
139.625, 69.875, 5.270340867087457e-22, nan 
139.875, 69.875, 5.504571095813013e-22, nan 
140.125, 69.875, 5.342562548707198e-22, nan 
140.375, 69.875, 4.884859462545145e-22, nan 
140.625, 69.875, 3.6781308469242135e-22, nan 
140.875, 69.875, 2.0036045972741232e-22, nan 
141.125, 69.875, 2.653214434768652e-22, nan 
141.375, 69.875, 1.5415986792785067e-22, nan 
141.625, 69.875, 1.6185682896815837e-22, nan 
141.875, 69.875, 2.2668798367145505e-22, nan 
142.125, 69.875, 1.1735822934247952e-22, nan 
142.375, 69.875, 1.3551953736667868e-22, nan 
142.625, 69.875, 1.0054249411103579e-22, nan 
142.875, 69.875, 1.3416793348579958e-22, nan 
143.125, 69.875, 2.4038116571547603e-22, nan 
143.375, 69.875, 1.6041904536542395e-22, nan 
143.625, 69.875, 2.0749600382540153e-22, nan 
143.875, 69.875, 3.7644918560577045e-22, nan 
144.125, 69.875, 2.3245027004348916e-22, nan 
144.375, 69.875, 2.9273878810749087e-22, nan 
144.625, 69.875, 4.940283577989068e-22, nan 
144.875, 69.875, 4.659161483958651e-22, nan 
145.125, 69.875, 4.616146723197454e-22, nan 
145.375, 69.875, 5.16568469813648e-22, nan 
145.625, 69.875, 4.771303521071035e-22, nan 
145.875, 69.875, 3.6583232840991123e-22, nan 
146.125, 69.875, 1.5397663674219395e-22, nan 
146.375, 69.875, 1.2295994287133742e-22, nan 
146.625, 69.875, 1.9338813655887998e-22, nan 
146.875, 69.875, 2.242327682118901e-22, nan 
147.125, 69.875, 3.556203184804902e-22, nan 
147.375, 69.875, 5.091659985394559e-22, nan 
147.625, 69.875, 3.5271595781918715e-22, nan 
147.875, 69.875, 3.172009325374823e-22, nan 
148.125, 69.875, 4.265689524747552e-22, nan 
148.375, 69.875, 1.8882741151351766e-22, nan 
148.625, 69.875, 3.6998105355699103e-22, nan 
148.875, 69.875, 3.7336899897118096e-22, nan 
149.125, 69.875, 3.966715341642891e-22, nan 
149.375, 69.875, 6.957099802431077e-22, nan 
149.625, 69.875, 7.260968982968297e-22, nan 
149.875, 69.875, 5.120874292145274e-22, nan 
150.125, 69.875, 5.0266775073726355e-22, nan 
150.375, 69.875, 5.11213641878129e-22, nan 
150.625, 69.875, 4.486011890199376e-22, nan 
150.875, 69.875, 4.660558730132861e-22, nan 
151.125, 69.875, 3.402349152419508e-22, nan 
151.375, 69.875, 6.876564367074568e-22, nan 
151.625, 69.875, 9.195504388210952e-22, nan 
151.875, 69.875, 8.11400960410341e-22, nan 
152.125, 69.875, 5.205193286684439e-22, nan 
152.375, 69.875, 7.604374158410232e-22, nan 
152.625, 69.875, 2.3823147622337873e-21, nan 
152.875, 69.875, 2.643912742118529e-21, nan 
153.125, 69.875, 5.22326919446448e-21, nan 
153.375, 69.875, 2.2865445906928434e-21, nan 
153.625, 69.875, 2.043764206855905e-21, nan 
153.875, 69.875, 2.0628551450946184e-21, nan 
154.125, 69.875, 2.820235019995632e-21, nan 
154.375, 69.875, 3.012798498439737e-21, nan 
154.625, 69.875, 2.08864808577824e-21, nan 
154.875, 69.875, 1.2375862273832592e-21, nan 
155.125, 69.875, 1.7658593955766143e-21, nan 
155.375, 69.875, 1.721975135669309e-21, nan 
155.625, 69.875, 2.2042530698793564e-21, nan 
155.875, 69.875, 2.1156635692467394e-21, nan 
156.125, 69.875, 2.149176890038748e-21, nan 
156.375, 69.875, 3.661374463308044e-21, nan 
156.625, 69.875, 3.59488358615292e-21, nan 
156.875, 69.875, 4.849230587759901e-21, nan 
157.125, 69.875, 3.9322068810599565e-21, nan 
157.375, 69.875, 4.615918068636924e-21, nan 
157.625, 69.875, 7.462501595882016e-21, nan 
157.875, 69.875, 3.2876383057862888e-21, nan 
158.125, 69.875, 6.3002249347552046e-21, nan 
158.375, 69.875, 9.074024077723579e-21, nan 
158.625, 69.875, 1.3433804116393281e-20, nan 
158.875, 69.875, 1.9492793974078168e-20, nan 
159.125, 69.875, 2.4360697840979485e-20, nan 
159.375, 69.875, 2.898453425923225e-20, nan 
159.625, 69.875, 3.875309585187471e-20, nan 
159.875, 69.875, 3.1711717273845766e-20, nan 
160.125, 69.875, 2.1324743982028713e-20, nan 
160.375, 69.875, 1.3319285131438618e-20, nan 
160.625, 69.875, 1.63408047981993e-20, nan 
160.875, 69.875, 6.82776376191607e-21, nan 
161.125, 69.875, 1.8643964371882204e-20, nan 
161.375, 69.875, 3.580232189263247e-20, nan 
161.625, 69.875, 4.700716725366105e-20, nan 
161.875, 69.875, 5.679833704932901e-20, nan 
162.125, 69.875, 5.01546175613814e-20, nan 
162.375, 69.875, 5.723408502393027e-20, nan 
162.625, 69.875, 4.580162712317932e-20, nan 
162.875, 69.875, 2.975318792922225e-20, nan 
163.125, 69.875, 5.1645259932176863e-20, nan 
163.375, 69.875, 3.083372155310822e-20, nan 
163.625, 69.875, 3.600409386117033e-20, nan 
163.875, 69.875, 3.9172832754771246e-20, nan 
164.125, 69.875, 2.933652390420573e-20, nan 
164.375, 69.875, 2.4874026584925038e-20, nan 
164.625, 69.875, 2.2156439092217096e-20, nan 
164.875, 69.875, 3.722644793892995e-20, nan 
165.125, 69.875, 1.870185257691362e-20, nan 
165.375, 69.875, 3.6832745898138705e-20, nan 
165.625, 69.875, 4.3979173069248913e-20, nan 
165.875, 69.875, 5.264081977508776e-20, nan 
166.125, 69.875, 3.725289737074846e-20, nan 
166.375, 69.875, 4.850817617862803e-20, nan 
166.625, 69.875, 4.4289740820210684e-20, nan 
166.875, 69.875, 4.393856419574144e-20, nan 
167.125, 69.875, 5.107893975821455e-20, nan 
167.375, 69.875, 3.669391442005292e-20, nan 
167.625, 69.875, 3.822837935846994e-20, nan 
167.875, 69.875, 3.767620679823261e-20, nan 
168.125, 69.875, 3.150664268868065e-20, nan 
168.375, 69.875, 4.8074015126467906e-20, nan 
168.625, 69.875, 4.3022811896877414e-20, nan 
168.875, 69.875, 3.713583193499939e-20, nan 
169.125, 69.875, 4.0058775000062974e-20, nan 
169.375, 69.875, 4.605294662927087e-20, nan 
169.625, 69.875, 4.222189996326977e-20, nan 
169.875, 69.875, 3.6525859705654653e-20, nan 
170.125, 69.875, 4.005868438207546e-20, nan 
170.375, 69.875, 3.515110427777129e-20, nan 
170.625, 69.875, 3.777009278377075e-20, nan 
170.875, 69.875, 3.8924062037914335e-20, nan 
171.125, 69.875, 1.366540670409953e-20, nan 
171.375, 69.875, 5.519846280126695e-21, nan 
171.625, 69.875, 8.587786347535571e-21, nan 
171.875, 69.875, 1.2190752713011398e-20, nan 
172.125, 69.875, 1.2438427462125264e-20, nan 
172.375, 69.875, 2.0789839584459932e-20, nan 
172.625, 69.875, 1.0454075704042896e-20, nan 
172.875, 69.875, 9.05237095844177e-21, nan 
173.125, 69.875, 1.3081510779567792e-20, nan 
173.375, 69.875, 8.875955872738279e-21, nan 
173.625, 69.875, 6.82781711296322e-21, nan 
173.875, 69.875, 1.0575518636020915e-20, nan 
174.125, 69.875, 7.553379823366975e-21, nan 
174.375, 69.875, 6.144458880118553e-21, nan 
174.625, 69.875, 7.163447541793435e-21, nan 
174.875, 69.875, 6.513882410076648e-21, nan 
175.125, 69.875, 7.588172243555189e-21, nan 
175.375, 69.875, 7.22979880021478e-21, nan 
175.625, 69.875, 5.8584501639035314e-21, nan 
175.875, 69.875, 7.434130490630575e-21, nan 
176.125, 69.875, 5.504008143621807e-21, nan 
176.375, 69.875, 3.934269145785072e-21, nan 
176.625, 69.875, 3.4826772219801445e-21, nan 
176.875, 69.875, 5.178634579664623e-21, nan 
177.125, 69.875, 3.566154485408337e-21, nan 
177.375, 69.875, 2.231437726034637e-21, nan 
177.625, 69.875, 2.8237848910195334e-21, nan 
177.875, 69.875, 4.431995774000297e-21, nan 
178.125, 69.875, 3.480307259360452e-21, nan 
178.375, 69.875, 3.4463419127519365e-21, nan 
178.625, 69.875, 4.093810672591476e-21, nan 
178.875, 69.875, 3.2379352861644572e-21, nan 
179.125, 69.875, 2.7878156901391493e-21, nan 
179.375, 69.875, 1.8801789059785558e-21, nan 
179.625, 69.875, 1.4216634260490933e-21, nan 
179.875, 69.875, 1.3620687496119406e-21, nan 
-179.875, 70.125, 1.1496528601890306e-21, nan 
-179.625, 70.125, 1.4708661605675948e-21, nan 
-179.375, 70.125, 2.4695123304373333e-21, nan 
-179.125, 70.125, 2.3580667688237844e-21, nan 
-178.875, 70.125, 2.0165924042088488e-21, nan 
-178.625, 70.125, 2.0039501080670094e-21, nan 
-178.375, 70.125, 1.5636571233660657e-21, nan 
-178.125, 70.125, 8.125958790665861e-22, nan 
-177.875, 70.125, 7.418957829139602e-22, nan 
-177.625, 70.125, 1.0133776962743568e-21, nan 
-177.375, 70.125, 5.403293881209694e-22, nan 
-177.125, 70.125, 1.1268488484433308e-21, nan 
-176.875, 70.125, 1.43458268931991e-21, nan 
-176.625, 70.125, 9.033126826733602e-22, nan 
-176.375, 70.125, 1.3075835438895219e-21, nan 
-176.125, 70.125, 1.6233098849789327e-21, nan 
-175.875, 70.125, 1.5288046819206113e-21, nan 
-175.625, 70.125, 1.2224612567929464e-21, nan 
-175.375, 70.125, 9.84747112831425e-22, nan 
-175.125, 70.125, 1.0701474476572434e-21, nan 
-174.875, 70.125, 1.095883168670249e-21, nan 
-174.625, 70.125, 1.029377826206091e-21, nan 
-174.375, 70.125, 8.430905502509959e-22, nan 
-174.125, 70.125, 4.1013408731273655e-22, nan 
-173.875, 70.125, 1.2271489230983768e-21, nan 
-173.625, 70.125, 1.166385706579167e-21, nan 
-173.375, 70.125, 5.319486522780267e-22, nan 
-173.125, 70.125, 1.5221411113291227e-21, nan 
-172.875, 70.125, 1.1576574216375266e-21, nan 
-172.625, 70.125, 3.100486775249321e-22, nan 
-172.375, 70.125, 7.400992234651338e-22, nan 
-172.125, 70.125, 6.175269106329032e-22, nan 
-171.875, 70.125, 3.313546590661071e-22, nan 
-171.625, 70.125, 3.216843958209672e-22, nan 
-171.375, 70.125, 2.0959679709634063e-22, nan 
-171.125, 70.125, 2.76948227333602e-22, nan 
-170.875, 70.125, 3.7881257285506173e-22, nan 
-170.625, 70.125, 1.9662249891647595e-22, nan 
-170.375, 70.125, 1.8272294255341341e-22, nan 
-170.125, 70.125, 3.2089910857914833e-22, nan 
-169.875, 70.125, 3.8431685879099665e-22, nan 
-169.625, 70.125, 3.7884056101445084e-22, nan 
-169.375, 70.125, 2.709021200825133e-22, nan 
-169.125, 70.125, 3.316045470766047e-22, nan 
-168.875, 70.125, 2.598850942505497e-22, nan 
-168.625, 70.125, 9.673543756823161e-23, nan 
-168.375, 70.125, 1.1844424188389137e-22, nan 
-168.125, 70.125, 1.9764860355369368e-22, nan 
-167.875, 70.125, 5.51968123692999e-22, nan 
-167.625, 70.125, 5.5514675958411e-22, nan 
-167.375, 70.125, 1.6913032777234502e-22, nan 
-167.125, 70.125, 6.036043988931982e-22, nan 
-166.875, 70.125, 5.857109518998745e-22, nan 
-166.625, 70.125, 2.040864456157524e-22, nan 
-166.375, 70.125, 1.8040987167170352e-22, nan 
-166.125, 70.125, 2.4433931759185254e-22, nan 
-165.875, 70.125, 2.4822034587265927e-22, nan 
-165.625, 70.125, 3.231078852320528e-22, nan 
-165.375, 70.125, 2.376837294854874e-22, nan 
-165.125, 70.125, 2.5326947959526265e-22, nan 
-164.875, 70.125, 3.412743147176863e-22, nan 
-164.625, 70.125, 4.558321211210369e-22, nan 
-164.375, 70.125, 4.0874814190347982e-22, nan 
-164.125, 70.125, 2.225846098641725e-22, nan 
-163.875, 70.125, 5.67030651481026e-22, nan 
-163.625, 70.125, 5.908008033847075e-22, nan 
-163.375, 70.125, 2.1948988622518148e-22, nan 
-163.125, 70.125, 3.213117343670576e-22, nan 
-162.875, 70.125, 4.4137458712417265e-22, nan 
-162.625, 70.125, 2.560761596937051e-22, nan 
-162.375, 70.125, 2.0142518224811246e-22, nan 
-162.125, 70.125, 1.2438337769459253e-22, nan 
-161.875, 70.125, 1.2575088710168899e-22, nan 
-161.625, 70.125, 1.5025424300842911e-22, nan 
-161.375, 70.125, 1.2338621082176114e-22, nan 
-161.125, 70.125, 1.0335430406228752e-22, nan 
-160.875, 70.125, 1.300773103823581e-22, nan 
-160.625, 70.125, 8.482299806591263e-23, nan 
-160.375, 70.125, 1.57693285375814e-22, nan 
-160.125, 70.125, 1.6523876298905105e-22, nan 
-159.875, 70.125, 1.5499809893082895e-22, nan 
-159.625, 70.125, 1.2525401303949145e-22, nan 
-159.375, 70.125, 1.1653515542053664e-22, nan 
-159.125, 70.125, 1.1610910914022616e-22, nan 
-158.875, 70.125, 1.0208102091711468e-22, nan 
-158.625, 70.125, 1.6069861140476954e-22, nan 
-158.375, 70.125, 2.2184224123556175e-22, nan 
-158.125, 70.125, 2.1004861999968037e-22, nan 
-157.875, 70.125, 1.7806196806115198e-22, nan 
-157.625, 70.125, 1.3768570745006382e-22, nan 
-157.375, 70.125, 4.818626197798911e-23, nan 
-157.125, 70.125, 9.763705156346233e-23, nan 
-156.875, 70.125, 8.955823092194859e-23, nan 
-156.625, 70.125, 6.967970820919698e-23, nan 
-156.375, 70.125, 9.06306879207353e-23, nan 
-156.125, 70.125, 8.176839453690379e-23, nan 
-155.875, 70.125, 6.335591736466424e-23, nan 
-155.625, 70.125, 5.396199295427445e-23, nan 
-155.375, 70.125, 1.1774919051463709e-22, nan 
-155.125, 70.125, 1.9361480296541105e-22, nan 
-154.875, 70.125, 1.9434125739507418e-22, nan 
-154.625, 70.125, 1.61613593299288e-22, nan 
-154.375, 70.125, 1.8225238451618007e-22, nan 
-154.125, 70.125, 1.6231817030766737e-22, nan 
-153.875, 70.125, 1.4245280940349395e-22, nan 
-153.625, 70.125, 2.0704667465591308e-22, nan 
-153.375, 70.125, 1.609349412798051e-22, nan 
-153.125, 70.125, 2.0391913903055816e-22, nan 
-152.875, 70.125, 1.4460505591182972e-22, nan 
-152.625, 70.125, 1.1905251165911715e-22, nan 
-152.375, 70.125, 1.1632176537118077e-22, nan 
-152.125, 70.125, 9.596816092598885e-23, nan 
-151.875, 70.125, 7.15527845995844e-23, nan 
-151.625, 70.125, 5.201870351477671e-23, nan 
-151.375, 70.125, 1.4401936146914278e-22, nan 
-151.125, 70.125, 1.1916776310681495e-22, nan 
-150.875, 70.125, 7.240070644215289e-23, nan 
-150.625, 70.125, 8.629156727746772e-23, nan 
-150.375, 70.125, 7.002921517046775e-23, nan 
-150.125, 70.125, 1.1515733627977416e-22, nan 
-149.875, 70.125, 9.69570175790254e-23, nan 
-149.625, 70.125, 7.021033407569477e-23, nan 
-149.375, 70.125, 8.983701807541092e-23, nan 
-149.125, 70.125, 1.120448361227009e-22, nan 
-148.875, 70.125, 6.815818704226324e-23, nan 
-148.625, 70.125, 2.0902289033293838e-23, nan 
-148.375, 70.125, 4.8723025151072225e-23, nan 
-148.125, 70.125, 2.5401477657879445e-23, nan 
-147.875, 70.125, 3.020016240587946e-23, nan 
-147.625, 70.125, 4.920021679404815e-23, nan 
-147.375, 70.125, 4.24909571099179e-23, nan 
-147.125, 70.125, 6.904757704722794e-23, nan 
-146.875, 70.125, 5.439678339008781e-23, nan 
-146.625, 70.125, 5.900465279238916e-23, nan 
-146.375, 70.125, 6.291117723902089e-23, nan 
-146.125, 70.125, 3.1816913169906004e-23, nan 
-145.875, 70.125, 1.780236467112685e-23, nan 
-145.625, 70.125, 1.5056992142069357e-23, nan 
-145.375, 70.125, 1.2287410852103508e-23, nan 
-145.125, 70.125, 1.3570867343473183e-23, nan 
-144.875, 70.125, 1.202655342849587e-23, nan 
-144.625, 70.125, 1.1679409816099478e-23, nan 
-144.375, 70.125, 2.3839312845315152e-23, nan 
-144.125, 70.125, 3.137053708393618e-23, nan 
-143.875, 70.125, 1.2856929016859474e-23, nan 
-143.625, 70.125, 4.210355541165689e-23, nan 
-143.375, 70.125, 5.751490831729927e-23, nan 
-143.125, 70.125, 4.70523845989207e-23, nan 
-142.875, 70.125, 7.230729342988942e-23, nan 
-142.625, 70.125, 8.094224018521195e-23, nan 
-142.375, 70.125, 6.487902414122772e-23, nan 
-142.125, 70.125, 7.886197805382892e-23, nan 
-141.875, 70.125, 9.259558918611754e-23, nan 
-141.625, 70.125, 8.805640933053049e-23, nan 
-141.375, 70.125, 5.633370180183106e-23, nan 
-141.125, 70.125, 6.861583631172809e-23, nan 
-140.875, 70.125, 7.632884884647794e-23, nan 
-140.625, 70.125, 6.658424669165684e-23, nan 
-140.375, 70.125, 4.424866702562177e-23, nan 
-140.125, 70.125, 4.933095012031872e-23, nan 
-139.875, 70.125, 4.919037614831566e-23, nan 
-139.625, 70.125, 5.172155656256519e-23, nan 
-139.375, 70.125, 7.787877335871119e-23, nan 
-139.125, 70.125, 6.026962612732883e-23, nan 
-138.875, 70.125, 5.815607446518568e-23, nan 
-138.625, 70.125, 4.5053808367681465e-23, nan 
-138.375, 70.125, 2.4830507885180883e-23, nan 
-138.125, 70.125, 2.166778142004023e-23, nan 
-137.875, 70.125, 3.22707965998993e-23, nan 
-137.625, 70.125, 2.3926686488174365e-23, nan 
-137.375, 70.125, 5.961685325160782e-24, nan 
-137.125, 70.125, 9.563407742110531e-24, nan 
-136.875, 70.125, 1.4151072665234316e-23, nan 
-136.625, 70.125, 3.0149630795042454e-23, nan 
-136.375, 70.125, 4.184970402170516e-23, nan 
-136.125, 70.125, 3.6161911899389657e-23, nan 
-135.875, 70.125, 2.3264888967980483e-23, nan 
-135.625, 70.125, 2.7312536387958154e-23, nan 
-135.375, 70.125, 3.8151117737131945e-23, nan 
-135.125, 70.125, 6.523965870106917e-23, nan 
-134.875, 70.125, 8.709776027756413e-23, nan 
-134.625, 70.125, 6.318220975021601e-23, nan 
-134.375, 70.125, 4.151142419014363e-23, nan 
-134.125, 70.125, 3.719923722576747e-23, nan 
-133.875, 70.125, 4.4364596457719395e-23, nan 
-133.625, 70.125, 8.464086970810333e-23, nan 
-133.375, 70.125, 6.414207070035757e-23, nan 
-133.125, 70.125, 6.504997353947718e-23, nan 
-132.875, 70.125, 8.203537620295114e-23, nan 
-132.625, 70.125, 5.2614462854162403e-23, nan 
-132.375, 70.125, 2.220735443639702e-23, nan 
-132.125, 70.125, 1.9418494773143235e-23, nan 
-131.875, 70.125, 1.839289393907383e-23, nan 
-131.625, 70.125, 1.5478395172467205e-23, nan 
-131.375, 70.125, 2.4954020374093525e-23, nan 
-131.125, 70.125, 2.6253665525034132e-23, nan 
-130.875, 70.125, 1.6915780878834596e-23, nan 
-130.625, 70.125, 2.1023009480228634e-23, nan 
-130.375, 70.125, 1.1184588757099704e-23, nan 
-130.125, 70.125, 2.4934600391113803e-23, nan 
-129.875, 70.125, 2.5006909715884055e-23, nan 
-129.625, 70.125, 1.9650705820182578e-23, nan 
-129.375, 70.125, 1.973970134981632e-23, nan 
-129.125, 70.125, 1.7970599105137003e-23, nan 
-128.875, 70.125, 2.3186845630898687e-23, nan 
-128.625, 70.125, 3.603529172074896e-23, nan 
-128.375, 70.125, 2.8244305927761277e-23, nan 
-128.125, 70.125, 1.9544323655848242e-23, nan 
-127.875, 70.125, 1.6937473020438622e-23, nan 
-127.625, 70.125, 1.8545072175915142e-23, nan 
-127.375, 70.125, 1.5603763989546715e-23, nan 
-127.125, 70.125, 1.5711363072181523e-23, nan 
-126.875, 70.125, 1.448684263400434e-23, nan 
-126.625, 70.125, 9.526680618926483e-24, nan 
-126.375, 70.125, 1.4706362183289725e-23, nan 
-126.125, 70.125, 2.4760227634623805e-23, nan 
-125.875, 70.125, 2.2828515538957302e-23, nan 
-125.625, 70.125, 3.902712727384904e-23, nan 
-125.375, 70.125, 5.561122826577707e-23, nan 
-125.125, 70.125, 1.173616248593541e-22, nan 
-124.875, 70.125, 8.336125023035234e-23, nan 
-124.625, 70.125, 7.823606936469515e-23, nan 
-124.375, 70.125, 1.138249508755174e-22, nan 
-124.125, 70.125, 8.561068681360969e-23, nan 
-123.875, 70.125, 5.299466275538595e-23, nan 
-123.625, 70.125, 6.578375746103972e-23, nan 
-123.375, 70.125, 7.959751291728233e-23, nan 
-123.125, 70.125, 6.879601591778693e-23, nan 
-122.875, 70.125, 7.280974062058047e-23, nan 
-122.625, 70.125, 9.59781640480443e-23, nan 
-122.375, 70.125, 7.728819188180751e-23, nan 
-122.125, 70.125, 3.053055596420624e-23, nan 
-121.875, 70.125, 1.8268773646987028e-23, nan 
-121.625, 70.125, 2.2047785764805835e-23, nan 
-121.375, 70.125, 1.978485299765089e-23, nan 
-121.125, 70.125, 3.905257563651772e-23, nan 
-120.875, 70.125, 3.9904284573933994e-23, nan 
-120.625, 70.125, 2.3181722814076078e-23, nan 
-120.375, 70.125, 2.436890056701683e-23, nan 
-120.125, 70.125, 2.3531952414236343e-23, nan 
-119.875, 70.125, 1.513861089382719e-23, nan 
-119.625, 70.125, 1.193583027653383e-23, nan 
-119.375, 70.125, 1.4341323707388617e-23, nan 
-119.125, 70.125, 1.3521487872963278e-23, nan 
-118.875, 70.125, 1.3137757839060328e-23, nan 
-118.625, 70.125, 1.4113585208283574e-23, nan 
-118.375, 70.125, 2.3193380626273616e-23, nan 
-118.125, 70.125, 2.3560139773026584e-23, nan 
-117.875, 70.125, 2.311997020316216e-23, nan 
-117.625, 70.125, 1.6060741815132536e-23, nan 
-117.375, 70.125, 1.3695600543150207e-23, nan 
-117.125, 70.125, 8.482588990888898e-24, nan 
-116.875, 70.125, 9.204375508756252e-24, nan 
-116.625, 70.125, 1.361543772734979e-23, nan 
-116.375, 70.125, 1.9918759967516112e-23, nan 
-116.125, 70.125, 1.7223240669476737e-23, nan 
-115.875, 70.125, 1.1183986107018368e-23, nan 
87.875, 70.125, 6.264058774570413e-24, nan 
88.125, 70.125, 7.210142502703389e-24, nan 
88.375, 70.125, 8.372348965245486e-24, nan 
88.625, 70.125, 3.0628309195292835e-24, nan 
88.875, 70.125, 8.648077989813324e-24, nan 
89.125, 70.125, 6.413854023851629e-24, nan 
89.375, 70.125, 4.9386597213004686e-24, nan 
89.625, 70.125, 3.419616568754908e-24, nan 
89.875, 70.125, 4.8953680101999116e-24, nan 
90.125, 70.125, 6.322302300431479e-24, nan 
90.375, 70.125, 7.38674615439189e-24, nan 
90.625, 70.125, 9.090394976079522e-24, nan 
90.875, 70.125, 9.252543228131819e-24, nan 
91.125, 70.125, 6.745892285721674e-24, nan 
91.375, 70.125, 1.082031551747853e-23, nan 
91.625, 70.125, 1.1676945964694588e-23, nan 
91.875, 70.125, 8.377019911810666e-24, nan 
92.125, 70.125, 8.342120069569393e-24, nan 
92.375, 70.125, 1.3147131450932335e-23, nan 
92.625, 70.125, 1.826220140489438e-23, nan 
92.875, 70.125, 2.2364854740371125e-23, nan 
93.125, 70.125, 1.4682603404259076e-23, nan 
93.375, 70.125, 1.6412035378291913e-23, nan 
93.625, 70.125, 2.868988342163149e-23, nan 
93.875, 70.125, 3.214580430225781e-23, nan 
94.125, 70.125, 1.6079662649658605e-23, nan 
94.375, 70.125, 2.3993613157375413e-23, nan 
94.625, 70.125, 4.6088175835046845e-23, nan 
94.875, 70.125, 3.614497652760601e-23, nan 
95.125, 70.125, 1.8505650057638556e-23, nan 
95.375, 70.125, 2.2511896323750384e-23, nan 
95.625, 70.125, 2.081568576020954e-23, nan 
95.875, 70.125, 1.4218348342670117e-23, nan 
96.125, 70.125, 9.51367856540945e-24, nan 
96.375, 70.125, 9.25466559392798e-24, nan 
96.625, 70.125, 7.683523994174636e-24, nan 
96.875, 70.125, 1.1899325752167379e-23, nan 
97.125, 70.125, 1.5847582454263677e-23, nan 
97.375, 70.125, 7.634600776732264e-24, nan 
97.625, 70.125, 8.320748586108813e-24, nan 
97.875, 70.125, 1.3920059986686246e-23, nan 
98.125, 70.125, 7.859863193386607e-24, nan 
98.375, 70.125, 8.35439147803333e-24, nan 
98.625, 70.125, 1.2229458998864384e-23, nan 
98.875, 70.125, 1.6753669115224104e-23, nan 
99.125, 70.125, 1.878242842859528e-23, nan 
99.375, 70.125, 1.5420447288123117e-23, nan 
99.625, 70.125, 1.4500697954089856e-23, nan 
99.875, 70.125, 1.5923630488327427e-23, nan 
100.125, 70.125, 9.904621339806066e-24, nan 
100.375, 70.125, 1.273525445691587e-23, nan 
100.625, 70.125, 5.0555623395872244e-23, nan 
100.875, 70.125, 6.042945683099709e-23, nan 
101.125, 70.125, 5.100865284361563e-23, nan 
101.375, 70.125, 8.505384699183139e-23, nan 
101.625, 70.125, 1.0261911477643603e-22, nan 
101.875, 70.125, 8.655139774060727e-23, nan 
102.125, 70.125, 3.43590318176227e-22, nan 
102.375, 70.125, 4.091410673029759e-22, nan 
102.625, 70.125, 2.947755117218722e-22, nan 
102.875, 70.125, 5.259212171144939e-22, nan 
103.125, 70.125, 5.788730647505638e-22, nan 
103.375, 70.125, 5.957353985759694e-22, nan 
103.625, 70.125, 4.619907229611894e-22, nan 
103.875, 70.125, 3.2188631422464046e-22, nan 
104.125, 70.125, 4.455573364370157e-22, nan 
104.375, 70.125, 3.184820958062702e-22, nan 
104.625, 70.125, 1.2757680404374037e-22, nan 
104.875, 70.125, 1.2148882775552939e-22, nan 
105.125, 70.125, 5.536584288591343e-23, nan 
105.375, 70.125, 5.710793459132132e-23, nan 
105.625, 70.125, 4.847771328092803e-23, nan 
105.875, 70.125, 2.661377139800525e-23, nan 
106.125, 70.125, 1.402697732817769e-23, nan 
106.375, 70.125, 1.635936998282081e-23, nan 
106.625, 70.125, 7.985377219945242e-24, nan 
106.875, 70.125, 1.708274064399438e-23, nan 
107.125, 70.125, 2.4464849690983314e-23, nan 
107.375, 70.125, 1.1794257352135577e-23, nan 
107.625, 70.125, 1.5394234167268308e-23, nan 
107.875, 70.125, 1.928322881315714e-23, nan 
108.125, 70.125, 1.3195159302592323e-23, nan 
108.375, 70.125, 1.4801512357628908e-23, nan 
108.625, 70.125, 1.733507395545001e-23, nan 
108.875, 70.125, 1.5768280922616415e-23, nan 
109.125, 70.125, 1.456089617268323e-23, nan 
109.375, 70.125, 2.5981207774907967e-23, nan 
109.625, 70.125, 1.7037397768363084e-23, nan 
109.875, 70.125, 2.0183642751886223e-23, nan 
110.125, 70.125, 1.213540143511189e-23, nan 
110.375, 70.125, 1.2498785707746972e-23, nan 
110.625, 70.125, 1.0974462236830567e-23, nan 
110.875, 70.125, 1.3335528947350373e-23, nan 
111.125, 70.125, 1.4209998750053388e-23, nan 
111.375, 70.125, 1.3462569920452982e-23, nan 
111.625, 70.125, 2.155814319110348e-23, nan 
111.875, 70.125, 1.6386844531758615e-23, nan 
112.125, 70.125, 1.471256419373409e-23, nan 
112.375, 70.125, 1.6485551648288784e-23, nan 
112.625, 70.125, 1.4809855193824874e-23, nan 
112.875, 70.125, 1.6454430250647703e-23, nan 
113.125, 70.125, 1.0055065465213263e-23, nan 
113.375, 70.125, 9.21403021102923e-24, nan 
113.625, 70.125, 8.020625734994723e-24, nan 
113.875, 70.125, 1.0505081880974583e-23, nan 
114.125, 70.125, 1.5313739867702683e-23, nan 
114.375, 70.125, 1.747327818685539e-23, nan 
114.625, 70.125, 1.9648880420448893e-23, nan 
114.875, 70.125, 2.4822087635837773e-23, nan 
115.125, 70.125, 2.1422304944341175e-23, nan 
115.375, 70.125, 2.309719390793848e-23, nan 
115.625, 70.125, 1.2892134080380362e-23, nan 
115.875, 70.125, 2.172205926138067e-23, nan 
116.125, 70.125, 1.9409151690196852e-23, nan 
116.375, 70.125, 1.630354464055136e-23, nan 
116.625, 70.125, 6.005491970750234e-24, nan 
116.875, 70.125, 5.604898096339268e-24, nan 
117.125, 70.125, 6.32156960364172e-24, nan 
117.375, 70.125, 1.487984040162546e-23, nan 
117.625, 70.125, 1.7392112101203258e-23, nan 
117.875, 70.125, 1.2693215516493916e-23, nan 
118.125, 70.125, 1.990260451905729e-23, nan 
118.375, 70.125, 5.982105546369725e-24, nan 
118.625, 70.125, 8.140737686268292e-24, nan 
118.875, 70.125, 1.2641646574193877e-23, nan 
119.125, 70.125, 1.6684120087256755e-23, nan 
119.375, 70.125, 9.441374348815418e-24, nan 
119.625, 70.125, 1.009059477871865e-23, nan 
119.875, 70.125, 9.145128372577758e-24, nan 
120.125, 70.125, 1.8928997380771898e-23, nan 
120.375, 70.125, 1.609100837102017e-23, nan 
120.625, 70.125, 3.5906567236551227e-23, nan 
120.875, 70.125, 9.360952885779136e-23, nan 
121.125, 70.125, 8.561732850599008e-23, nan 
121.375, 70.125, 7.033524912259657e-23, nan 
121.625, 70.125, 4.313103604198962e-23, nan 
121.875, 70.125, 3.8403402499018905e-23, nan 
122.125, 70.125, 3.1436767725393303e-23, nan 
122.375, 70.125, 3.288770214500363e-23, nan 
122.625, 70.125, 4.135089296245967e-23, nan 
122.875, 70.125, 4.4957241220405554e-23, nan 
123.125, 70.125, 3.519328472084167e-23, nan 
123.375, 70.125, 1.808357143231556e-23, nan 
123.625, 70.125, 3.84333143716239e-23, nan 
123.875, 70.125, 3.333100820226062e-23, nan 
124.125, 70.125, 1.2267893526687605e-23, nan 
124.375, 70.125, 2.365186516079563e-23, nan 
124.625, 70.125, 2.4352501071568484e-23, nan 
124.875, 70.125, 1.5038481898993425e-23, nan 
125.125, 70.125, 1.788146281040592e-23, nan 
125.375, 70.125, 1.8954115741999572e-23, nan 
125.625, 70.125, 1.5928882947042137e-23, nan 
125.875, 70.125, 3.641487448490929e-23, nan 
126.125, 70.125, 3.410449685121556e-23, nan 
126.375, 70.125, 2.470638896366758e-23, nan 
126.625, 70.125, 4.262972745679115e-23, nan 
126.875, 70.125, 4.9586753988748976e-23, nan 
127.125, 70.125, 5.250734035277355e-23, nan 
127.375, 70.125, 3.984528873546167e-23, nan 
127.625, 70.125, 7.280834603702387e-23, nan 
127.875, 70.125, 7.808791239093483e-23, nan 
128.125, 70.125, 3.9000747136813924e-23, nan 
128.375, 70.125, 1.0188343294693309e-22, nan 
128.625, 70.125, 9.385807569542004e-23, nan 
128.875, 70.125, 5.420991285864227e-23, nan 
129.125, 70.125, 6.776879005029961e-23, nan 
129.375, 70.125, 6.710557002455149e-23, nan 
129.625, 70.125, 5.280309375914314e-23, nan 
129.875, 70.125, 5.957013278712562e-23, nan 
130.125, 70.125, 2.674565173397925e-23, nan 
130.375, 70.125, 2.9433535426503327e-23, nan 
130.625, 70.125, 5.152862655343775e-23, nan 
130.875, 70.125, 2.8187704412829494e-23, nan 
131.125, 70.125, 3.658992304538245e-23, nan 
131.375, 70.125, 2.214081225418354e-23, nan 
131.625, 70.125, 6.297574359395921e-23, nan 
131.875, 70.125, 5.770434330874262e-23, nan 
132.125, 70.125, 5.242156018479763e-23, nan 
132.375, 70.125, 8.487568093170871e-23, nan 
132.625, 70.125, 6.003409079189253e-23, nan 
132.875, 70.125, 3.3866957349412753e-23, nan 
133.125, 70.125, 6.454303954884702e-23, nan 
133.375, 70.125, 4.9000894357483825e-23, nan 
133.625, 70.125, 8.521025226745968e-23, nan 
133.875, 70.125, 1.0238857959932461e-22, nan 
134.125, 70.125, 4.3745082367697064e-23, nan 
134.375, 70.125, 1.0306998213381471e-22, nan 
134.625, 70.125, 8.263483329121123e-23, nan 
134.875, 70.125, 1.3817017507674968e-22, nan 
135.125, 70.125, 1.9858006218732723e-22, nan 
135.375, 70.125, 1.7124483958908625e-22, nan 
135.625, 70.125, 1.7598947008431627e-22, nan 
135.875, 70.125, 2.153090687199028e-22, nan 
136.125, 70.125, 1.7717216154929093e-22, nan 
136.375, 70.125, 1.2464545937574052e-22, nan 
136.625, 70.125, 7.551348315571476e-23, nan 
136.875, 70.125, 1.1169532383460477e-22, nan 
137.125, 70.125, 1.3506581535820665e-22, nan 
137.375, 70.125, 7.569074874929108e-23, nan 
137.625, 70.125, 7.53951208390722e-23, nan 
137.875, 70.125, 1.2477725242664771e-22, nan 
138.125, 70.125, 1.4182697972296435e-22, nan 
138.375, 70.125, 2.0915517139464396e-22, nan 
138.625, 70.125, 4.388424705397269e-22, nan 
138.875, 70.125, 4.475289869561126e-22, nan 
139.125, 70.125, 4.783388794339309e-22, nan 
139.375, 70.125, 6.381437514357759e-22, nan 
139.625, 70.125, 6.639192616715316e-22, nan 
139.875, 70.125, 6.580235950399901e-22, nan 
140.125, 70.125, 6.412909497999497e-22, nan 
140.375, 70.125, 6.813121030558877e-22, nan 
140.625, 70.125, 6.219868498079164e-22, nan 
140.875, 70.125, 4.009001553693219e-22, nan 
141.125, 70.125, 4.518986798994319e-22, nan 
141.375, 70.125, 2.7856726426755376e-22, nan 
141.625, 70.125, 2.338721799826974e-22, nan 
141.875, 70.125, 2.3868648098224677e-22, nan 
142.125, 70.125, 1.545531900978314e-22, nan 
142.375, 70.125, 2.004246535870996e-22, nan 
142.625, 70.125, 3.13626069191397e-22, nan 
142.875, 70.125, 3.0901369761191203e-22, nan 
143.125, 70.125, 2.2284397567210543e-22, nan 
143.375, 70.125, 2.422103267212569e-22, nan 
143.625, 70.125, 2.634305502606427e-22, nan 
143.875, 70.125, 1.4734789825358576e-22, nan 
144.125, 70.125, 1.4271517800947887e-22, nan 
144.375, 70.125, 2.8168249543062306e-22, nan 
144.625, 70.125, 3.5151365200491455e-22, nan 
144.875, 70.125, 3.814260194375714e-22, nan 
145.125, 70.125, 3.458712226300637e-22, nan 
145.375, 70.125, 3.296063962199677e-22, nan 
145.625, 70.125, 3.2136452162567638e-22, nan 
145.875, 70.125, 2.891170992966375e-22, nan 
146.125, 70.125, 4.643864816466877e-22, nan 
146.375, 70.125, 2.9174803727791025e-22, nan 
146.625, 70.125, 2.7727531116641126e-22, nan 
146.875, 70.125, 3.90832716229077e-22, nan 
147.125, 70.125, 3.1781150178341984e-22, nan 
147.375, 70.125, 4.444251539639628e-22, nan 
147.625, 70.125, 4.493411899654168e-22, nan 
147.875, 70.125, 3.0698439468042055e-22, nan 
148.125, 70.125, 3.380160884311245e-22, nan 
148.375, 70.125, 5.511928484452448e-22, nan 
148.625, 70.125, 4.398287439208439e-22, nan 
148.875, 70.125, 3.558542014686851e-22, nan 
149.125, 70.125, 5.4089560436051695e-22, nan 
149.375, 70.125, 5.3677162846009945e-22, nan 
149.625, 70.125, 5.488197757296905e-22, nan 
149.875, 70.125, 6.00796283183841e-22, nan 
150.125, 70.125, 4.758223374826757e-22, nan 
150.375, 70.125, 5.536360401780006e-22, nan 
150.625, 70.125, 5.8242170306832225e-22, nan 
150.875, 70.125, 6.689388563246788e-22, nan 
151.125, 70.125, 9.823139788843658e-22, nan 
151.375, 70.125, 9.62782629443798e-22, nan 
151.625, 70.125, 1.4197827879484305e-21, nan 
151.875, 70.125, 2.7534655363504808e-21, nan 
152.125, 70.125, 2.5256354008101614e-21, nan 
152.375, 70.125, 4.2809936730670814e-21, nan 
152.625, 70.125, 5.066348644433386e-21, nan 
152.875, 70.125, 5.635544770223294e-21, nan 
153.125, 70.125, 1.1115029231870172e-20, nan 
153.375, 70.125, 4.2896714480733275e-21, nan 
153.625, 70.125, 4.495249689051474e-21, nan 
153.875, 70.125, 8.232149824908702e-21, nan 
154.125, 70.125, 4.16524360966835e-21, nan 
154.375, 70.125, 2.6392650552702917e-21, nan 
154.625, 70.125, 1.344193993898324e-21, nan 
154.875, 70.125, 1.345364160665094e-21, nan 
155.125, 70.125, 1.3003609327540051e-21, nan 
155.375, 70.125, 1.5933287694161792e-21, nan 
155.625, 70.125, 1.890313509812319e-21, nan 
155.875, 70.125, 2.6958281603837374e-21, nan 
156.125, 70.125, 3.1481932346523135e-21, nan 
156.375, 70.125, 3.8810303863491776e-21, nan 
156.625, 70.125, 4.269638245454071e-21, nan 
156.875, 70.125, 3.837260727454214e-21, nan 
157.125, 70.125, 3.75946297256831e-21, nan 
157.375, 70.125, 5.799406693201994e-21, nan 
157.625, 70.125, 5.325495545936427e-21, nan 
157.875, 70.125, 5.867766597497486e-21, nan 
158.125, 70.125, 6.073153170872127e-21, nan 
158.375, 70.125, 1.450605452464235e-20, nan 
158.625, 70.125, 2.090978142082119e-20, nan 
158.875, 70.125, 2.3707228761363444e-20, nan 
159.125, 70.125, 2.5416869641492114e-20, nan 
159.375, 70.125, 2.7319178395653353e-20, nan 
159.625, 70.125, 3.0354683934417086e-20, nan 
159.875, 70.125, 1.4531454881432546e-20, nan 
160.125, 70.125, 9.855587214325807e-21, nan 
160.375, 70.125, 9.955078219043162e-21, nan 
160.625, 70.125, 1.3120314179888848e-20, nan 
160.875, 70.125, 9.918826514839656e-21, nan 
161.125, 70.125, 1.1778501339954808e-20, nan 
161.375, 70.125, 2.123270869266735e-20, nan 
161.625, 70.125, 2.304899878858459e-20, nan 
161.875, 70.125, 5.0961412268736187e-20, nan 
162.125, 70.125, 4.406378516610483e-20, nan 
162.375, 70.125, 3.944880483118673e-20, nan 
162.625, 70.125, 7.213830874672029e-20, nan 
162.875, 70.125, 4.175288784188939e-20, nan 
163.125, 70.125, 3.998492400430385e-20, nan 
163.375, 70.125, 5.605686536351095e-20, nan 
163.625, 70.125, 4.433436959186769e-20, nan 
163.875, 70.125, 3.315086344885435e-20, nan 
164.125, 70.125, 5.225172287837455e-20, nan 
164.375, 70.125, 5.156001799195744e-20, nan 
164.625, 70.125, 2.6723018286112747e-20, nan 
164.875, 70.125, 4.0276122891135124e-20, nan 
165.125, 70.125, 4.3279582222980954e-20, nan 
165.375, 70.125, 4.214741315243241e-20, nan 
165.625, 70.125, 4.941703112128469e-20, nan 
165.875, 70.125, 6.548628889219661e-20, nan 
166.125, 70.125, 3.725331582198665e-20, nan 
166.375, 70.125, 6.672250472217034e-20, nan 
166.625, 70.125, 5.258389641973666e-20, nan 
166.875, 70.125, 4.8924775767793316e-20, nan 
167.125, 70.125, 5.836972051821232e-20, nan 
167.375, 70.125, 5.720681964647242e-20, nan 
167.625, 70.125, 5.3963564292544324e-20, nan 
167.875, 70.125, 1.7123695427623277e-20, nan 
168.125, 70.125, 1.972492251838715e-20, nan 
168.375, 70.125, 2.5001450189205015e-20, nan 
168.625, 70.125, 3.038741704421622e-20, nan 
168.875, 70.125, 3.8170208000141945e-20, nan 
169.125, 70.125, 4.1605511437748614e-20, nan 
169.375, 70.125, 5.313628148207338e-20, nan 
169.625, 70.125, 4.902446338222078e-20, nan 
169.875, 70.125, 4.0920403875567106e-20, nan 
170.125, 70.125, 3.3939715595321047e-20, nan 
170.375, 70.125, 3.8854460031058113e-20, nan 
170.625, 70.125, 4.4231521139856656e-20, nan 
170.875, 70.125, 2.2789715907320527e-20, nan 
171.125, 70.125, 1.4680802729421046e-20, nan 
171.375, 70.125, 2.32133837022274e-20, nan 
171.625, 70.125, 2.4105128264070717e-20, nan 
171.875, 70.125, 1.5923540865323427e-20, nan 
172.125, 70.125, 1.805455545093018e-20, nan 
172.375, 70.125, 2.1338500338694657e-20, nan 
172.625, 70.125, 1.1664190197669895e-20, nan 
172.875, 70.125, 1.095172594925476e-20, nan 
173.125, 70.125, 1.9644381232162443e-20, nan 
173.375, 70.125, 1.4272141744196326e-20, nan 
173.625, 70.125, 8.347080446012477e-21, nan 
173.875, 70.125, 2.0153483030859216e-20, nan 
174.125, 70.125, 1.1959574000941428e-20, nan 
174.375, 70.125, 3.0558728073863923e-21, nan 
174.625, 70.125, 6.3830270665087736e-21, nan 
174.875, 70.125, 3.9878206523415024e-21, nan 
175.125, 70.125, 4.3718787494568086e-21, nan 
175.375, 70.125, 4.586436959545574e-21, nan 
175.625, 70.125, 2.8285174246506637e-21, nan 
175.875, 70.125, 5.177858167953618e-21, nan 
176.125, 70.125, 3.946507040549641e-21, nan 
176.375, 70.125, 4.211875475791105e-21, nan 
176.625, 70.125, 3.85430764283979e-21, nan 
176.875, 70.125, 3.0221246058589865e-21, nan 
177.125, 70.125, 1.7428117302564004e-21, nan 
177.375, 70.125, 3.383883416837945e-21, nan 
177.625, 70.125, 2.890992440595632e-21, nan 
177.875, 70.125, 5.7786777451561544e-21, nan 
178.125, 70.125, 5.845564952388528e-21, nan 
178.375, 70.125, 4.186478749956602e-21, nan 
178.625, 70.125, 2.5370746648499724e-21, nan 
178.875, 70.125, 3.0876161672267695e-21, nan 
179.125, 70.125, 3.405004652398452e-21, nan 
179.375, 70.125, 1.8722374835489126e-21, nan 
179.625, 70.125, 1.8174774169457465e-21, nan 
179.875, 70.125, 1.40216825270081e-21, nan 
-179.875, 70.375, 1.894196007883475e-21, nan 
-179.625, 70.375, 2.7410981961460844e-21, nan 
-179.375, 70.375, 1.93511212598991e-21, nan 
-179.125, 70.375, 2.018733622411605e-21, nan 
-178.875, 70.375, 1.6992805344323065e-21, nan 
-178.625, 70.375, 8.017837729030963e-22, nan 
-178.375, 70.375, 8.898398477261452e-22, nan 
-178.125, 70.375, 8.858957297662685e-22, nan 
-177.875, 70.375, 8.96145375559672e-22, nan 
-177.625, 70.375, 1.1922187136965797e-21, nan 
-177.375, 70.375, 1.1053075780545888e-21, nan 
-177.125, 70.375, 9.905419275349197e-22, nan 
-176.875, 70.375, 1.1720041854635243e-21, nan 
-176.625, 70.375, 1.0123954718372358e-21, nan 
-176.375, 70.375, 1.0927725638571513e-21, nan 
-176.125, 70.375, 1.018904845719779e-21, nan 
-175.875, 70.375, 8.273417467961585e-22, nan 
-175.625, 70.375, 4.282160863764566e-22, nan 
-175.375, 70.375, 8.104558147430591e-22, nan 
-175.125, 70.375, 9.193721156540522e-22, nan 
-174.875, 70.375, 9.978900623733103e-22, nan 
-174.625, 70.375, 1.0684891535973107e-21, nan 
-174.375, 70.375, 1.0141497814428117e-21, nan 
-174.125, 70.375, 7.284063186936562e-22, nan 
-173.875, 70.375, 7.699823889052034e-22, nan 
-173.625, 70.375, 8.38975093052935e-22, nan 
-173.375, 70.375, 8.20181403135585e-22, nan 
-173.125, 70.375, 1.0518553634162787e-21, nan 
-172.875, 70.375, 9.683246888579806e-22, nan 
-172.625, 70.375, 7.529333973220146e-22, nan 
-172.375, 70.375, 3.1549305680666863e-22, nan 
-172.125, 70.375, 4.590959669490674e-22, nan 
-171.875, 70.375, 4.402269635832464e-22, nan 
-171.625, 70.375, 3.341896652315811e-22, nan 
-171.375, 70.375, 2.910211332543761e-22, nan 
-171.125, 70.375, 3.406606625238455e-22, nan 
-170.875, 70.375, 2.9211620771443214e-22, nan 
-170.625, 70.375, 3.324766097905489e-22, nan 
-170.375, 70.375, 5.9212897054889985e-22, nan 
-170.125, 70.375, 3.948778536207496e-22, nan 
-169.875, 70.375, 3.606175213678171e-22, nan 
-169.625, 70.375, 5.773241689975316e-22, nan 
-169.375, 70.375, 3.8581357765199673e-22, nan 
-169.125, 70.375, 3.053919445491832e-22, nan 
-168.875, 70.375, 1.4087136305510383e-22, nan 
-168.625, 70.375, 3.104368812243849e-22, nan 
-168.375, 70.375, 1.869528325834426e-22, nan 
-168.125, 70.375, 2.204965142862251e-22, nan 
-167.875, 70.375, 2.8150456897292625e-22, nan 
-167.625, 70.375, 3.917825379746539e-22, nan 
-167.375, 70.375, 3.418011962843624e-22, nan 
-167.125, 70.375, 8.66069503452005e-22, nan 
-166.875, 70.375, 4.4352981966514e-22, nan 
-166.625, 70.375, 2.9677070929138956e-21, nan 
-166.375, 70.375, 1.4777812198085341e-21, nan 
-166.125, 70.375, 1.9253929610601833e-21, nan 
-165.875, 70.375, 8.890085252929057e-22, nan 
-165.625, 70.375, 1.0130272865407389e-21, nan 
-165.375, 70.375, 1.2705845642258125e-22, nan 
-165.125, 70.375, 1.5499368623882193e-22, nan 
-164.875, 70.375, 1.4138368385284865e-22, nan 
-164.625, 70.375, 1.9117439197535434e-22, nan 
-164.375, 70.375, 2.3982039790405834e-22, nan 
-164.125, 70.375, 9.656042503333587e-23, nan 
-163.875, 70.375, 3.0999786963559833e-22, nan 
-163.625, 70.375, 4.290253847446538e-22, nan 
-163.375, 70.375, 1.7100905392016975e-22, nan 
-163.125, 70.375, 3.0005489469374803e-22, nan 
-162.875, 70.375, 4.854946333743429e-22, nan 
-162.625, 70.375, 1.8005257788153564e-22, nan 
-162.375, 70.375, 2.353687716563481e-22, nan 
-162.125, 70.375, 2.4298778701552054e-22, nan 
-161.875, 70.375, 1.4115996175676828e-22, nan 
-161.625, 70.375, 2.364362598423871e-22, nan 
-161.375, 70.375, 2.8549628116229117e-22, nan 
-161.125, 70.375, 1.7794161433996684e-22, nan 
-160.875, 70.375, 1.2891439437916827e-22, nan 
-160.625, 70.375, 1.278623195722539e-22, nan 
-160.375, 70.375, 1.749940586680005e-22, nan 
-160.125, 70.375, 2.197871880108357e-22, nan 
-159.875, 70.375, 1.4595247420974128e-22, nan 
-159.625, 70.375, 1.5205703269368312e-22, nan 
-159.375, 70.375, 2.417205227980194e-22, nan 
-159.125, 70.375, 2.2464171684340406e-22, nan 
-158.875, 70.375, 2.17322721763595e-22, nan 
-158.625, 70.375, 1.541300335741954e-22, nan 
-158.375, 70.375, 1.8550576492844148e-22, nan 
-158.125, 70.375, 2.0463889451398737e-22, nan 
-157.875, 70.375, 1.4312864640570055e-22, nan 
-157.625, 70.375, 9.007369017897774e-23, nan 
-157.375, 70.375, 7.558560109121518e-23, nan 
-157.125, 70.375, 8.717406668755066e-23, nan 
-156.875, 70.375, 7.636500067339892e-23, nan 
-156.625, 70.375, 6.080846083247822e-23, nan 
-156.375, 70.375, 6.615601682391099e-23, nan 
-156.125, 70.375, 7.354065456024371e-23, nan 
-155.875, 70.375, 5.470706907092681e-23, nan 
-155.625, 70.375, 2.7720231267217717e-23, nan 
-155.375, 70.375, 5.793139880351904e-23, nan 
-155.125, 70.375, 6.849341167151897e-23, nan 
-154.875, 70.375, 3.724474828759191e-23, nan 
-154.625, 70.375, 1.270474634244757e-22, nan 
-154.375, 70.375, 1.1196095293949274e-22, nan 
-154.125, 70.375, 1.2260533005519477e-22, nan 
-153.875, 70.375, 1.3802898273643662e-22, nan 
-153.625, 70.375, 1.878755828101032e-22, nan 
-153.375, 70.375, 1.4125023762687389e-22, nan 
-153.125, 70.375, 1.6878382309780248e-22, nan 
-152.875, 70.375, 1.2057229949721014e-22, nan 
-152.625, 70.375, 1.2362087613423543e-22, nan 
-152.375, 70.375, 6.66003804019015e-23, nan 
-152.125, 70.375, 6.655201706418313e-23, nan 
-151.875, 70.375, 7.775995392815831e-23, nan 
-151.625, 70.375, 5.806121315948488e-23, nan 
-151.375, 70.375, 3.1134144925470356e-23, nan 
-151.125, 70.375, 6.423871570783621e-23, nan 
-150.875, 70.375, 1.1341835953824618e-22, nan 
-150.625, 70.375, 6.50020103497725e-23, nan 
-150.375, 70.375, 5.2159307343602277e-23, nan 
-150.125, 70.375, 1.509590736689263e-22, nan 
-149.875, 70.375, 7.082788753790023e-23, nan 
-149.625, 70.375, 6.478647200247601e-23, nan 
-149.375, 70.375, 1.0496903185823687e-22, nan 
-149.125, 70.375, 1.0256028492433815e-22, nan 
-148.875, 70.375, 7.023163233365026e-23, nan 
-148.625, 70.375, 5.779257180358414e-23, nan 
-148.375, 70.375, 5.911373734036672e-23, nan 
-148.125, 70.375, 4.285751417009934e-23, nan 
-147.875, 70.375, 2.4784535236448477e-23, nan 
-147.625, 70.375, 3.584323373805307e-23, nan 
-147.375, 70.375, 2.507389745635531e-23, nan 
-147.125, 70.375, 2.7894504364708114e-23, nan 
-146.875, 70.375, 3.9779404335447663e-23, nan 
-146.625, 70.375, 8.710926568856429e-23, nan 
-146.375, 70.375, 8.74962725531851e-23, nan 
-146.125, 70.375, 4.3362203886339995e-23, nan 
-145.875, 70.375, 9.50117229851197e-23, nan 
-145.625, 70.375, 9.139901304660141e-23, nan 
-145.375, 70.375, 2.812143229386807e-23, nan 
-145.125, 70.375, 4.1168469346636726e-23, nan 
-144.875, 70.375, 4.0378509728065836e-23, nan 
-144.625, 70.375, 2.0506602935651678e-23, nan 
-144.375, 70.375, 5.052229225250246e-23, nan 
-144.125, 70.375, 3.522232858852609e-23, nan 
-143.875, 70.375, 3.0050113949923024e-23, nan 
-143.625, 70.375, 4.753724854819287e-23, nan 
-143.375, 70.375, 5.986484183730982e-23, nan 
-143.125, 70.375, 4.7022425330062463e-23, nan 
-142.875, 70.375, 5.515672337223025e-23, nan 
-142.625, 70.375, 8.270597154683216e-23, nan 
-142.375, 70.375, 7.434704959844034e-23, nan 
-142.125, 70.375, 7.863018402303463e-23, nan 
-141.875, 70.375, 1.0128926122427719e-22, nan 
-141.625, 70.375, 8.817442566126182e-23, nan 
-141.375, 70.375, 2.747410512773399e-23, nan 
-141.125, 70.375, 5.1352476007857556e-23, nan 
-140.875, 70.375, 6.718146050991724e-23, nan 
-140.625, 70.375, 8.18831600109168e-23, nan 
-140.375, 70.375, 5.038485795004522e-23, nan 
-140.125, 70.375, 7.109938674955772e-23, nan 
-139.875, 70.375, 1.0448548171727097e-22, nan 
-139.625, 70.375, 7.535882440081778e-23, nan 
-139.375, 70.375, 7.891844642182073e-23, nan 
-139.125, 70.375, 9.097951214472852e-23, nan 
-138.875, 70.375, 8.689993492382193e-23, nan 
-138.625, 70.375, 4.702514128887267e-23, nan 
-138.375, 70.375, 2.902709272378474e-23, nan 
-138.125, 70.375, 4.4053729073254976e-23, nan 
-137.875, 70.375, 4.1327440829240643e-23, nan 
-137.625, 70.375, 2.188116288758278e-23, nan 
-137.375, 70.375, 3.2897663902735924e-23, nan 
-137.125, 70.375, 6.920331252310089e-23, nan 
-136.875, 70.375, 4.2494554182905424e-23, nan 
-136.625, 70.375, 3.4025698302360886e-23, nan 
-136.375, 70.375, 7.073800822846416e-23, nan 
-136.125, 70.375, 4.939432882947798e-23, nan 
-135.875, 70.375, 7.625247711058643e-23, nan 
-135.625, 70.375, 9.031513660934121e-23, nan 
-135.375, 70.375, 5.185473201748203e-23, nan 
-135.125, 70.375, 7.721603856197687e-23, nan 
-134.875, 70.375, 1.1454937912074085e-22, nan 
-134.625, 70.375, 7.054849091777467e-23, nan 
-134.375, 70.375, 2.4722157312132385e-23, nan 
-134.125, 70.375, 5.2000954924588306e-23, nan 
-133.875, 70.375, 5.477834792309526e-23, nan 
-133.625, 70.375, 3.1100412542435143e-23, nan 
-133.375, 70.375, 4.1254854777272277e-23, nan 
-133.125, 70.375, 8.217447665231688e-23, nan 
-132.875, 70.375, 9.13365345699086e-23, nan 
-132.625, 70.375, 6.298190211748716e-23, nan 
-132.375, 70.375, 6.911976167690332e-23, nan 
-132.125, 70.375, 7.106501707043345e-23, nan 
-131.875, 70.375, 5.550983819104737e-23, nan 
-131.625, 70.375, 3.5518285045281586e-23, nan 
-131.375, 70.375, 2.9296717619285267e-23, nan 
-131.125, 70.375, 3.081784694967998e-23, nan 
-130.875, 70.375, 1.9822297108280798e-23, nan 
-130.625, 70.375, 1.963381701531942e-23, nan 
-130.375, 70.375, 1.6610737120237307e-23, nan 
-130.125, 70.375, 1.6381711106015717e-23, nan 
-129.875, 70.375, 1.6183312474479404e-23, nan 
-129.625, 70.375, 1.4584593926267482e-23, nan 
-129.375, 70.375, 2.7980359724866385e-23, nan 
-129.125, 70.375, 1.4620890069800473e-23, nan 
-128.875, 70.375, 2.1857457514466696e-23, nan 
-128.625, 70.375, 4.8852979518650256e-23, nan 
-128.375, 70.375, 3.402687116481788e-23, nan 
-128.125, 70.375, 2.7061185289889326e-23, nan 
-127.875, 70.375, 3.0735176848452704e-23, nan 
-127.625, 70.375, 2.4640285683397118e-23, nan 
-127.375, 70.375, 2.0899205501721687e-23, nan 
-127.125, 70.375, 2.0088949536644405e-23, nan 
-126.875, 70.375, 1.7131787245554982e-23, nan 
-126.625, 70.375, 1.6098567227398226e-23, nan 
-126.375, 70.375, 2.2534010351913064e-23, nan 
-126.125, 70.375, 2.96561629006158e-23, nan 
-125.875, 70.375, 3.0783388419265033e-23, nan 
-125.625, 70.375, 4.364253708229595e-23, nan 
-125.375, 70.375, 4.854625618699522e-23, nan 
-125.125, 70.375, 5.161508321419213e-23, nan 
-124.875, 70.375, 3.918941105982361e-23, nan 
-124.625, 70.375, 5.346538887532469e-23, nan 
-124.375, 70.375, 7.318973246187674e-23, nan 
-124.125, 70.375, 6.646965236121476e-23, nan 
-123.875, 70.375, 7.284647157253615e-23, nan 
-123.625, 70.375, 8.131724884413799e-23, nan 
-123.375, 70.375, 6.355576910720541e-23, nan 
-123.125, 70.375, 5.146920426266269e-23, nan 
-122.875, 70.375, 5.92711208381414e-23, nan 
-122.625, 70.375, 8.311808113598784e-23, nan 
-122.375, 70.375, 5.854451932746175e-23, nan 
-122.125, 70.375, 4.562343181194142e-23, nan 
-121.875, 70.375, 5.751511330255833e-23, nan 
-121.625, 70.375, 3.8862066731103915e-23, nan 
-121.375, 70.375, 1.7787950491099207e-23, nan 
-121.125, 70.375, 2.282419658841353e-23, nan 
-120.875, 70.375, 2.948626627190441e-23, nan 
-120.625, 70.375, 2.228196287550934e-23, nan 
-120.375, 70.375, 1.0859611447674362e-23, nan 
-120.125, 70.375, 9.492807441492815e-24, nan 
-119.875, 70.375, 9.690080977419314e-24, nan 
-119.625, 70.375, 7.188261964906824e-24, nan 
-119.375, 70.375, 1.989399805276109e-23, nan 
-119.125, 70.375, 3.027844831903675e-23, nan 
-118.875, 70.375, 2.8652728576702726e-23, nan 
-118.625, 70.375, 2.5847440548885636e-23, nan 
-118.375, 70.375, 2.896236854085433e-23, nan 
-118.125, 70.375, 3.1896679649239123e-23, nan 
-117.875, 70.375, 2.6285099010476644e-23, nan 
-117.625, 70.375, 1.7436062391285103e-23, nan 
-117.375, 70.375, 1.541867116891653e-23, nan 
-117.125, 70.375, 1.363170870951333e-23, nan 
-116.875, 70.375, 1.1458104916999866e-23, nan 
-116.625, 70.375, 1.1511617306327933e-23, nan 
-116.375, 70.375, 1.343706131626977e-23, nan 
-116.125, 70.375, 1.6633995125276856e-23, nan 
-115.875, 70.375, 1.4507650799608345e-23, nan 
-115.625, 70.375, 1.9226302694959886e-23, nan 
87.625, 70.375, 7.199151148307454e-24, nan 
87.875, 70.375, 1.0140013185016278e-23, nan 
88.125, 70.375, 1.0562859148193766e-23, nan 
88.375, 70.375, 1.1093045321511905e-23, nan 
88.625, 70.375, 1.0892882886450186e-23, nan 
88.875, 70.375, 1.5188371305176847e-23, nan 
89.125, 70.375, 1.2261888226332509e-23, nan 
89.375, 70.375, 5.862236031843307e-24, nan 
89.625, 70.375, 5.516505615737291e-24, nan 
89.875, 70.375, 9.148550175474317e-24, nan 
90.125, 70.375, 8.497894461434546e-24, nan 
90.375, 70.375, 5.8706680680735355e-24, nan 
90.625, 70.375, 1.1868271903527315e-23, nan 
90.875, 70.375, 1.1850143426412573e-23, nan 
91.125, 70.375, 1.0864946479786692e-23, nan 
91.375, 70.375, 1.7803569010613158e-23, nan 
91.625, 70.375, 1.2624499359096e-23, nan 
91.875, 70.375, 9.468163904712806e-24, nan 
92.125, 70.375, 5.7445115907591824e-24, nan 
92.375, 70.375, 5.7722198524029055e-24, nan 
92.625, 70.375, 7.75243127382377e-24, nan 
92.875, 70.375, 9.765198730828489e-24, nan 
93.125, 70.375, 6.821631762751666e-24, nan 
93.375, 70.375, 7.613774815074472e-24, nan 
93.625, 70.375, 2.0658923195404407e-23, nan 
93.875, 70.375, 1.20193267892817e-23, nan 
94.125, 70.375, 5.158688307929367e-24, nan 
94.375, 70.375, 1.7166577788611962e-23, nan 
94.625, 70.375, 2.861228541876379e-23, nan 
94.875, 70.375, 2.3683729915666377e-23, nan 
95.125, 70.375, 1.444993691111924e-23, nan 
95.375, 70.375, 5.777304494876958e-24, nan 
95.625, 70.375, 4.738398984900738e-24, nan 
95.875, 70.375, 8.136801219718407e-24, nan 
96.125, 70.375, 9.44275401374264e-24, nan 
96.375, 70.375, 1.1139065457784986e-23, nan 
96.625, 70.375, 8.946779724943624e-24, nan 
96.875, 70.375, 9.864972310315475e-24, nan 
97.125, 70.375, 1.622054926261376e-23, nan 
97.375, 70.375, 6.81502591684474e-24, nan 
97.625, 70.375, 8.009524699394852e-24, nan 
97.875, 70.375, 1.071117983508163e-23, nan 
98.125, 70.375, 1.3626227644711495e-23, nan 
98.375, 70.375, 1.5552970612466698e-23, nan 
98.625, 70.375, 1.3180710716009937e-23, nan 
98.875, 70.375, 1.775242160189699e-23, nan 
99.125, 70.375, 2.383324749626305e-23, nan 
99.375, 70.375, 1.4724214734035255e-23, nan 
99.625, 70.375, 1.6567432523998347e-23, nan 
99.875, 70.375, 1.4086571045358098e-23, nan 
100.125, 70.375, 1.2315367432457636e-23, nan 
100.375, 70.375, 1.3080517838008636e-23, nan 
100.625, 70.375, 1.4411004954100138e-23, nan 
100.875, 70.375, 3.4890093563054287e-23, nan 
101.125, 70.375, 3.270857631990632e-23, nan 
101.375, 70.375, 4.831857887070747e-23, nan 
101.625, 70.375, 6.465582924397094e-23, nan 
101.875, 70.375, 4.758851954572668e-23, nan 
102.125, 70.375, 1.979367900045588e-22, nan 
102.375, 70.375, 2.9132538051378214e-22, nan 
102.625, 70.375, 2.400645308394562e-22, nan 
102.875, 70.375, 3.3005354749965833e-22, nan 
103.125, 70.375, 4.877292679598032e-22, nan 
103.375, 70.375, 4.1758593237023325e-22, nan 
103.625, 70.375, 3.0715099975971174e-22, nan 
103.875, 70.375, 3.2651694174115953e-22, nan 
104.125, 70.375, 2.505064658163337e-22, nan 
104.375, 70.375, 2.0333949374161427e-22, nan 
104.625, 70.375, 8.31961987563053e-23, nan 
104.875, 70.375, 7.222118682021771e-23, nan 
105.125, 70.375, 6.867110692232589e-23, nan 
105.375, 70.375, 7.715538087988252e-23, nan 
105.625, 70.375, 5.385080289854329e-23, nan 
105.875, 70.375, 2.2686042450789228e-23, nan 
106.125, 70.375, 1.4447996996757892e-23, nan 
106.375, 70.375, 9.766593652764125e-24, nan 
106.625, 70.375, 1.2464715178139325e-23, nan 
106.875, 70.375, 1.3134757514893881e-23, nan 
107.125, 70.375, 9.881577257360192e-24, nan 
107.375, 70.375, 9.982867663572276e-24, nan 
107.625, 70.375, 1.312870106417189e-23, nan 
107.875, 70.375, 1.7980683031417013e-23, nan 
108.125, 70.375, 1.6576701201607262e-23, nan 
108.375, 70.375, 1.394844871664016e-23, nan 
108.625, 70.375, 1.2252077897258388e-23, nan 
108.875, 70.375, 1.2697771885270232e-23, nan 
109.125, 70.375, 1.4279216788113002e-23, nan 
109.375, 70.375, 2.457071192699227e-23, nan 
109.625, 70.375, 1.0820639593636751e-23, nan 
109.875, 70.375, 2.111128185205056e-23, nan 
110.125, 70.375, 1.5198930489692767e-23, nan 
110.375, 70.375, 1.399271091574371e-23, nan 
110.625, 70.375, 1.3632469677370226e-23, nan 
110.875, 70.375, 1.7914638557977578e-23, nan 
111.125, 70.375, 1.5859401998232032e-23, nan 
111.375, 70.375, 1.33809687860994e-23, nan 
111.625, 70.375, 1.5128921446500185e-23, nan 
111.875, 70.375, 1.6764373743249124e-23, nan 
112.125, 70.375, 1.4693284852871782e-23, nan 
112.375, 70.375, 1.3136165839345078e-23, nan 
112.625, 70.375, 1.745550323495483e-23, nan 
112.875, 70.375, 1.7912842077191084e-23, nan 
113.125, 70.375, 1.56806436057354e-23, nan 
113.375, 70.375, 1.1129634164754798e-23, nan 
113.625, 70.375, 1.6614851338557574e-23, nan 
113.875, 70.375, 1.8407295974542184e-23, nan 
114.125, 70.375, 2.2065987977390715e-23, nan 
114.375, 70.375, 1.9821489947684417e-23, nan 
114.625, 70.375, 1.8039309304320842e-23, nan 
114.875, 70.375, 2.6728012494761804e-23, nan 
115.125, 70.375, 2.0594606408413917e-23, nan 
115.375, 70.375, 1.71402989442056e-23, nan 
115.625, 70.375, 1.502180222054462e-23, nan 
115.875, 70.375, 2.153293719128435e-23, nan 
116.125, 70.375, 2.4662403977749525e-23, nan 
116.375, 70.375, 2.3258863181105668e-23, nan 
116.625, 70.375, 1.6524430234699584e-23, nan 
116.875, 70.375, 2.2066255830445814e-23, nan 
117.125, 70.375, 1.7197005977371777e-23, nan 
117.375, 70.375, 1.1050515176305619e-23, nan 
117.625, 70.375, 2.4232486096141366e-23, nan 
117.875, 70.375, 1.9331123952942876e-23, nan 
118.125, 70.375, 2.374205123741465e-23, nan 
118.375, 70.375, 2.2857155056497917e-23, nan 
118.625, 70.375, 2.3708280514105126e-23, nan 
118.875, 70.375, 2.2719277061147215e-23, nan 
119.125, 70.375, 2.7014025122679285e-23, nan 
119.375, 70.375, 2.1753889171923084e-23, nan 
119.625, 70.375, 2.7786067425341905e-23, nan 
119.875, 70.375, 3.72374216130863e-23, nan 
120.125, 70.375, 3.31642444488198e-23, nan 
120.375, 70.375, 1.967612416249234e-23, nan 
120.625, 70.375, 6.915717322897836e-23, nan 
120.875, 70.375, 6.142148817910811e-23, nan 
121.125, 70.375, 2.6831842181533516e-23, nan 
121.375, 70.375, 4.3630861518936246e-23, nan 
121.625, 70.375, 4.567571745144691e-23, nan 
121.875, 70.375, 2.764708475173961e-23, nan 
122.125, 70.375, 2.0815818494976152e-23, nan 
122.375, 70.375, 2.551650762319677e-23, nan 
122.625, 70.375, 4.1083120269097836e-23, nan 
122.875, 70.375, 3.4511746595387964e-23, nan 
123.125, 70.375, 2.841237059541273e-23, nan 
123.375, 70.375, 1.8433501366167075e-23, nan 
123.625, 70.375, 1.7062628819815494e-23, nan 
123.875, 70.375, 1.9588507023330232e-23, nan 
124.125, 70.375, 4.481546065658975e-23, nan 
124.375, 70.375, 2.908758223918393e-23, nan 
124.625, 70.375, 2.4608616015185935e-23, nan 
124.875, 70.375, 2.0411377405280288e-23, nan 
125.125, 70.375, 3.463359799684612e-23, nan 
125.375, 70.375, 3.673106903168485e-23, nan 
125.625, 70.375, 2.2812957826527157e-23, nan 
125.875, 70.375, 4.3094588774109487e-23, nan 
126.125, 70.375, 3.1305901313894853e-23, nan 
126.375, 70.375, 2.6015277608578507e-23, nan 
126.625, 70.375, 3.430138966505314e-23, nan 
126.875, 70.375, 3.029930428495019e-23, nan 
127.125, 70.375, 2.813390495149819e-23, nan 
127.375, 70.375, 4.140304639614596e-23, nan 
127.625, 70.375, 4.4697224365306173e-23, nan 
127.875, 70.375, 5.855251817706939e-23, nan 
128.125, 70.375, 6.515617485698062e-23, nan 
128.375, 70.375, 5.2062344824834497e-23, nan 
128.625, 70.375, 6.184199012567583e-23, nan 
128.875, 70.375, 6.259918928611672e-23, nan 
129.125, 70.375, 5.695428546284897e-23, nan 
129.375, 70.375, 3.7006327831962263e-23, nan 
129.625, 70.375, 4.42657750001409e-23, nan 
129.875, 70.375, 5.56404600259889e-23, nan 
130.125, 70.375, 3.6995058781697584e-23, nan 
130.375, 70.375, 6.575724301235353e-23, nan 
130.625, 70.375, 3.7023197101945147e-23, nan 
130.875, 70.375, 3.2721160512864815e-23, nan 
131.125, 70.375, 6.57692324376039e-23, nan 
131.375, 70.375, 4.6969995420093325e-23, nan 
131.625, 70.375, 3.7521068856283715e-23, nan 
131.875, 70.375, 5.850309537810182e-23, nan 
132.125, 70.375, 5.457261266673143e-23, nan 
132.375, 70.375, 3.9945035709084444e-23, nan 
132.625, 70.375, 2.652044842459063e-23, nan 
132.875, 70.375, 4.3301574232764665e-23, nan 
133.125, 70.375, 6.128478864463292e-23, nan 
133.375, 70.375, 7.493260998133134e-23, nan 
133.625, 70.375, 1.6126604198361328e-22, nan 
133.875, 70.375, 1.3648718883160974e-22, nan 
134.125, 70.375, 1.142791175888555e-22, nan 
134.375, 70.375, 2.795386652470908e-22, nan 
134.625, 70.375, 2.672008616175568e-22, nan 
134.875, 70.375, 1.7593649669462367e-22, nan 
135.125, 70.375, 2.3885784650500924e-22, nan 
135.375, 70.375, 2.4557849433887143e-22, nan 
135.625, 70.375, 1.7249576635745387e-22, nan 
135.875, 70.375, 1.2070279738160501e-22, nan 
136.125, 70.375, 1.4129292158938098e-22, nan 
136.375, 70.375, 1.1367034046956905e-22, nan 
136.625, 70.375, 8.562007309591663e-23, nan 
136.875, 70.375, 7.263826387594372e-23, nan 
137.125, 70.375, 9.57494360005905e-23, nan 
137.375, 70.375, 1.141801642948694e-22, nan 
137.625, 70.375, 8.862987366871422e-23, nan 
137.875, 70.375, 7.057226766418394e-23, nan 
138.125, 70.375, 2.768524271123348e-22, nan 
138.375, 70.375, 4.237483193312355e-22, nan 
138.625, 70.375, 4.2609799962270885e-22, nan 
138.875, 70.375, 5.634575866346165e-22, nan 
139.125, 70.375, 7.417113868310796e-22, nan 
139.375, 70.375, 7.152402201649201e-22, nan 
139.625, 70.375, 4.533086193890666e-22, nan 
139.875, 70.375, 1.9603254907356928e-22, nan 
140.125, 70.375, 4.5833574649640015e-22, nan 
140.375, 70.375, 6.665709529789004e-22, nan 
140.625, 70.375, 8.421165336567877e-22, nan 
140.875, 70.375, 5.51717068519301e-22, nan 
141.125, 70.375, 6.614146830933968e-22, nan 
141.375, 70.375, 7.574251040202949e-22, nan 
141.625, 70.375, 3.4037525678137303e-22, nan 
141.875, 70.375, 1.390336946348345e-22, nan 
142.125, 70.375, 2.0621611083285416e-22, nan 
142.375, 70.375, 3.3807407947109657e-22, nan 
142.625, 70.375, 2.6844400407756354e-22, nan 
142.875, 70.375, 2.720534526198493e-22, nan 
143.125, 70.375, 2.505617778956189e-22, nan 
143.375, 70.375, 9.771005871272358e-23, nan 
143.625, 70.375, 1.2215264033534204e-22, nan 
143.875, 70.375, 3.1341757565484017e-22, nan 
144.125, 70.375, 3.1434427074789656e-22, nan 
144.375, 70.375, 3.1437731041554712e-22, nan 
144.625, 70.375, 4.267124998190518e-22, nan 
144.875, 70.375, 4.54353649773387e-22, nan 
145.125, 70.375, 4.329300119074152e-22, nan 
145.375, 70.375, 4.27117531701934e-22, nan 
145.625, 70.375, 3.5062884767684435e-22, nan 
145.875, 70.375, 3.317017077008023e-22, nan 
146.125, 70.375, 4.111011353263931e-22, nan 
146.375, 70.375, 2.3721959981542153e-22, nan 
146.625, 70.375, 1.8742235281357145e-22, nan 
146.875, 70.375, 2.159850306835597e-22, nan 
147.125, 70.375, 2.559271371032746e-22, nan 
147.375, 70.375, 2.1937758092777976e-22, nan 
147.625, 70.375, 1.54854478980597e-22, nan 
147.875, 70.375, 3.3610588932397323e-22, nan 
148.125, 70.375, 1.4473771245619103e-22, nan 
148.375, 70.375, 4.430544953256144e-22, nan 
148.625, 70.375, 3.2585990390513603e-22, nan 
148.875, 70.375, 2.807262721707742e-22, nan 
149.125, 70.375, 4.69136359601386e-22, nan 
149.375, 70.375, 3.533030940150179e-22, nan 
149.625, 70.375, 4.1557066484360687e-22, nan 
149.875, 70.375, 3.1892985260775966e-22, nan 
150.125, 70.375, 9.951388076478331e-23, nan 
150.375, 70.375, 3.5802452796562215e-22, nan 
150.625, 70.375, 1.2048853189678528e-21, nan 
150.875, 70.375, 1.211608287298487e-21, nan 
151.125, 70.375, 1.256714255410451e-21, nan 
151.375, 70.375, 1.3562505151842545e-21, nan 
151.625, 70.375, 1.230516700902703e-21, nan 
151.875, 70.375, 6.033433704256111e-22, nan 
152.125, 70.375, 1.2825758906169388e-21, nan 
152.375, 70.375, 1.8426385645973227e-21, nan 
152.625, 70.375, 3.2948141389520265e-21, nan 
152.875, 70.375, 3.606512086609103e-21, nan 
153.125, 70.375, 6.013431504609417e-21, nan 
153.375, 70.375, 2.84377852001971e-21, nan 
153.625, 70.375, 2.9349327039495416e-21, nan 
153.875, 70.375, 2.6872913644986787e-21, nan 
154.125, 70.375, 2.3924551339382383e-21, nan 
154.375, 70.375, 1.5413446024692966e-21, nan 
154.625, 70.375, 1.4704943925740314e-21, nan 
154.875, 70.375, 1.639200780848918e-21, nan 
155.125, 70.375, 1.5175411222535297e-21, nan 
155.375, 70.375, 2.1910263516583347e-21, nan 
155.625, 70.375, 2.7733187942972214e-21, nan 
155.875, 70.375, 3.512107242317248e-21, nan 
156.125, 70.375, 3.4794932124853784e-21, nan 
156.375, 70.375, 4.0185824433533405e-21, nan 
156.625, 70.375, 4.329776584579068e-21, nan 
156.875, 70.375, 3.498941960876418e-21, nan 
157.125, 70.375, 3.9523456317953236e-21, nan 
157.375, 70.375, 4.536046352838627e-21, nan 
157.625, 70.375, 3.1828701158240654e-21, nan 
157.875, 70.375, 4.3351344848543926e-21, nan 
158.125, 70.375, 6.366006101599184e-21, nan 
158.375, 70.375, 8.885827740315189e-21, nan 
158.625, 70.375, 1.786903241304141e-20, nan 
158.875, 70.375, 2.708634233299806e-20, nan 
159.125, 70.375, 3.102562783160454e-20, nan 
159.375, 70.375, 3.1670399647572376e-20, nan 
159.625, 70.375, 4.0711549528078185e-20, nan 
159.875, 70.375, 4.242927918078999e-20, nan 
160.125, 70.375, 2.104816325957079e-20, nan 
160.375, 70.375, 1.5798021114776342e-20, nan 
160.625, 70.375, 8.295619796905316e-21, nan 
160.875, 70.375, 1.68728783166093e-20, nan 
161.125, 70.375, 2.3471545393036634e-20, nan 
161.375, 70.375, 4.034028701773195e-20, nan 
161.625, 70.375, 5.1298398100306505e-20, nan 
161.875, 70.375, 4.942095063681536e-20, nan 
162.125, 70.375, 4.852671281040739e-20, nan 
162.375, 70.375, 6.24225555149897e-20, nan 
162.625, 70.375, 5.444309436108595e-20, nan 
162.875, 70.375, 2.7397394403723914e-20, nan 
163.125, 70.375, 1.773347379617524e-20, nan 
163.375, 70.375, 5.221429216922996e-20, nan 
163.625, 70.375, 2.6723220924515548e-20, nan 
163.875, 70.375, 2.0708148753445848e-20, nan 
164.125, 70.375, 3.8113767619431845e-20, nan 
164.375, 70.375, 2.6008016031866605e-20, nan 
164.625, 70.375, 4.711560728723856e-20, nan 
164.875, 70.375, 4.669075114624175e-20, nan 
165.125, 70.375, 1.7511687459901663e-20, nan 
165.375, 70.375, 9.050507897844459e-20, nan 
165.625, 70.375, 1.1808872480659522e-19, nan 
165.875, 70.375, 7.269029042026595e-20, nan 
166.125, 70.375, 7.379086339438136e-20, nan 
166.375, 70.375, 1.2590122872117196e-19, nan 
166.625, 70.375, 8.229021307279054e-20, nan 
166.875, 70.375, 5.204583225368405e-20, nan 
167.125, 70.375, 1.1452261821675887e-19, nan 
167.375, 70.375, 7.781276351631865e-20, nan 
167.625, 70.375, 5.487782596322656e-20, nan 
167.875, 70.375, 7.109732314583972e-20, nan 
168.125, 70.375, 6.055566778233919e-20, nan 
168.375, 70.375, 3.44071915895002e-20, nan 
168.625, 70.375, 3.903844955207796e-20, nan 
168.875, 70.375, 1.5888068429774417e-20, nan 
169.125, 70.375, 1.242660751639517e-20, nan 
169.375, 70.375, 3.255177936103044e-20, nan 
169.625, 70.375, 1.8929533510912656e-20, nan 
169.875, 70.375, 1.1711416983759806e-20, nan 
170.125, 70.375, 1.6039217275467025e-20, nan 
170.375, 70.375, 1.605217629892163e-20, nan 
170.625, 70.375, 2.614086354928122e-20, nan 
170.875, 70.375, 2.649729909738797e-20, nan 
171.125, 70.375, 1.9540836857150767e-20, nan 
171.375, 70.375, 3.0946709764315895e-20, nan 
171.625, 70.375, 2.5323326992494225e-20, nan 
171.875, 70.375, 1.8677204983580275e-20, nan 
172.125, 70.375, 2.2406933057757068e-20, nan 
172.375, 70.375, 1.4226120092382527e-20, nan 
172.625, 70.375, 1.4789320445317497e-20, nan 
172.875, 70.375, 1.0561531695082525e-20, nan 
173.125, 70.375, 1.6718371071911053e-20, nan 
173.375, 70.375, 1.6829616471548325e-20, nan 
173.625, 70.375, 1.0010058759885354e-20, nan 
173.875, 70.375, 1.4093051672989385e-20, nan 
174.125, 70.375, 1.4653731305696036e-20, nan 
174.375, 70.375, 5.200912704808195e-21, nan 
174.625, 70.375, 1.8943632876118244e-21, nan 
174.875, 70.375, 4.599041049469921e-21, nan 
175.125, 70.375, 1.2590682096270321e-21, nan 
175.375, 70.375, 7.35390343069257e-21, nan 
175.625, 70.375, 3.782111960164915e-21, nan 
175.875, 70.375, 3.0643563565489456e-21, nan 
176.125, 70.375, 7.345091881553099e-21, nan 
176.375, 70.375, 6.953181247233116e-21, nan 
176.625, 70.375, 5.498703712313778e-21, nan 
176.875, 70.375, 6.44351133532049e-21, nan 
177.125, 70.375, 8.96927116332793e-21, nan 
177.375, 70.375, 7.40768933458822e-21, nan 
177.625, 70.375, 6.589012380292934e-21, nan 
177.875, 70.375, 1.1423106914572578e-20, nan 
178.125, 70.375, 8.000863987286072e-21, nan 
178.375, 70.375, 5.814768590425812e-21, nan 
178.625, 70.375, 3.801640787107546e-21, nan 
178.875, 70.375, 4.665854047025113e-21, nan 
179.125, 70.375, 5.334099335481874e-21, nan 
179.375, 70.375, 1.2684142426968035e-21, nan 
179.625, 70.375, 2.548780257223052e-21, nan 
179.875, 70.375, 2.8610861391169858e-21, nan 
-179.875, 70.625, 2.4217152746037306e-21, nan 
-179.625, 70.625, 4.0567471003912574e-21, nan 
-179.375, 70.625, 3.933413593864673e-21, nan 
-179.125, 70.625, 1.799086861455071e-21, nan 
-178.875, 70.625, 5.166709251253145e-22, nan 
-178.625, 70.625, 1.1306418726737067e-21, nan 
-178.375, 70.625, 1.0642815687237978e-21, nan 
-178.125, 70.625, 1.4065894792811788e-21, nan 
-177.875, 70.625, 1.3467438644631648e-21, nan 
-177.625, 70.625, 1.2820722364655109e-21, nan 
-177.375, 70.625, 1.2923961403933324e-21, nan 
-177.125, 70.625, 1.4143920443290742e-21, nan 
-176.875, 70.625, 1.2701504188581979e-21, nan 
-176.625, 70.625, 1.0011351458260738e-21, nan 
-176.375, 70.625, 1.1445247634461363e-21, nan 
-176.125, 70.625, 1.068302933039945e-21, nan 
-175.875, 70.625, 8.906583956267063e-22, nan 
-175.625, 70.625, 7.46642423202234e-22, nan 
-175.375, 70.625, 7.883733841108109e-22, nan 
-175.125, 70.625, 7.2405699377963545e-22, nan 
-174.875, 70.625, 7.279741125534076e-22, nan 
-174.625, 70.625, 9.715428366784252e-22, nan 
-174.375, 70.625, 8.369278849901672e-22, nan 
-174.125, 70.625, 7.864763004463424e-22, nan 
-173.875, 70.625, 6.435751379322358e-22, nan 
-173.625, 70.625, 6.142011472346305e-22, nan 
-173.375, 70.625, 8.219099988699986e-22, nan 
-173.125, 70.625, 8.97484908616763e-22, nan 
-172.875, 70.625, 9.273588605015754e-22, nan 
-172.625, 70.625, 1.026367341113216e-21, nan 
-172.375, 70.625, 1.0631426600650376e-21, nan 
-172.125, 70.625, 7.732743128125286e-22, nan 
-171.875, 70.625, 2.902621328290707e-22, nan 
-171.625, 70.625, 3.7513454387579584e-22, nan 
-171.375, 70.625, 4.1200329770225734e-22, nan 
-171.125, 70.625, 1.8035031170499426e-22, nan 
-170.875, 70.625, 1.6513160123904124e-22, nan 
-170.625, 70.625, 2.0809341382122997e-22, nan 
-170.375, 70.625, 3.1534360672691316e-22, nan 
-170.125, 70.625, 4.578536099074768e-22, nan 
-169.875, 70.625, 4.923055681409624e-22, nan 
-169.625, 70.625, 1.0241967839760612e-21, nan 
-169.375, 70.625, 1.1056105569891091e-21, nan 
-169.125, 70.625, 6.645735360781089e-22, nan 
-168.875, 70.625, 5.115458580113442e-22, nan 
-168.625, 70.625, 7.343851570389605e-22, nan 
-168.375, 70.625, 3.254413943477351e-22, nan 
-168.125, 70.625, 6.43625064531172e-22, nan 
-167.875, 70.625, 1.2664839685380918e-21, nan 
-167.625, 70.625, 6.604524735106946e-22, nan 
-167.375, 70.625, 3.8877258828873705e-21, nan 
-167.125, 70.625, 7.087733079310095e-21, nan 
-166.875, 70.625, 9.217010822310115e-21, nan 
-166.625, 70.625, 7.349919736335425e-21, nan 
-166.375, 70.625, 5.78429830762271e-21, nan 
-166.125, 70.625, 6.445730390947556e-21, nan 
-165.875, 70.625, 7.028920266244817e-21, nan 
-165.625, 70.625, 3.2011477829081664e-21, nan 
-165.375, 70.625, 1.947815490744747e-21, nan 
-165.125, 70.625, 9.541492192175642e-22, nan 
-164.875, 70.625, 9.952380939693104e-22, nan 
-164.625, 70.625, 2.0477615604747683e-22, nan 
-164.375, 70.625, 1.6791976433364441e-22, nan 
-164.125, 70.625, 2.1365152173200573e-22, nan 
-163.875, 70.625, 1.9751807682252835e-22, nan 
-163.625, 70.625, 1.6264213483828313e-22, nan 
-163.375, 70.625, 1.8353899646648094e-22, nan 
-163.125, 70.625, 3.0549003041020045e-22, nan 
-162.875, 70.625, 3.592835498273742e-22, nan 
-162.625, 70.625, 2.279060603822943e-22, nan 
-162.375, 70.625, 1.09215443198635e-22, nan 
-162.125, 70.625, 1.2471981290669895e-22, nan 
-161.875, 70.625, 3.0112591413102676e-22, nan 
-161.625, 70.625, 2.271673025591196e-22, nan 
-161.375, 70.625, 2.4043325265025814e-22, nan 
-161.125, 70.625, 2.2162724714146397e-22, nan 
-160.875, 70.625, 1.6743606764222561e-22, nan 
-160.625, 70.625, 1.753328900862708e-22, nan 
-160.375, 70.625, 1.6155672482995473e-22, nan 
-160.125, 70.625, 1.840485266199825e-22, nan 
-159.875, 70.625, 1.8120652328232872e-22, nan 
-159.625, 70.625, 1.464014699098019e-22, nan 
-159.375, 70.625, 2.1861857844166427e-22, nan 
-159.125, 70.625, 2.232069001286261e-22, nan 
-158.875, 70.625, 1.2306483326681063e-22, nan 
-158.625, 70.625, 1.221595535403144e-22, nan 
-158.375, 70.625, 1.7045710956840551e-22, nan 
-158.125, 70.625, 1.0074276759119569e-22, nan 
-157.875, 70.625, 1.1115772477980593e-22, nan 
-157.625, 70.625, 2.971410229496593e-23, nan 
-157.375, 70.625, 1.209257296117633e-22, nan 
-157.125, 70.625, 1.907487104752562e-22, nan 
-156.875, 70.625, 4.733268433778901e-23, nan 
-156.625, 70.625, 9.487789496468635e-23, nan 
-156.375, 70.625, 1.4738634358976535e-22, nan 
-156.125, 70.625, 6.34199287165113e-23, nan 
-155.875, 70.625, 7.66864963754683e-23, nan 
-155.625, 70.625, 1.232689759544072e-22, nan 
-155.375, 70.625, 1.1795976185889855e-22, nan 
-155.125, 70.625, 9.199165481405665e-23, nan 
-154.875, 70.625, 1.2092593079171108e-22, nan 
-154.625, 70.625, 8.63933142225491e-23, nan 
-154.375, 70.625, 6.885567214365299e-23, nan 
-154.125, 70.625, 8.848019783072682e-23, nan 
-153.875, 70.625, 8.093272349090493e-23, nan 
-153.625, 70.625, 1.2349967358263012e-22, nan 
-153.375, 70.625, 1.2357954029325662e-22, nan 
-153.125, 70.625, 1.0835452504374221e-22, nan 
-152.875, 70.625, 1.9236461231425651e-22, nan 
-152.625, 70.625, 1.9312001784902872e-22, nan 
-152.375, 70.625, 1.3932024381912783e-22, nan 
-152.125, 70.625, 1.3277739007261378e-22, nan 
-151.875, 70.625, 1.5523520045927763e-22, nan 
-151.625, 70.625, 1.004497224437285e-22, nan 
-151.375, 70.625, 8.701706266047552e-23, nan 
-151.125, 70.625, 1.157853075975018e-22, nan 
-150.875, 70.625, 7.012057918784272e-23, nan 
-150.625, 70.625, 2.4928628482131337e-23, nan 
-150.375, 70.625, 5.495492207030215e-23, nan 
-150.125, 70.625, 8.926360206092723e-23, nan 
-149.875, 70.625, 3.8343903763494645e-23, nan 
-149.625, 70.625, 2.1922173040727575e-23, nan 
-149.375, 70.625, 2.3830418011137866e-23, nan 
-149.125, 70.625, 3.8328558649543627e-23, nan 
-148.875, 70.625, 4.825924555602095e-23, nan 
-148.625, 70.625, 6.408110625182571e-23, nan 
-148.375, 70.625, 6.347969652596477e-23, nan 
-148.125, 70.625, 4.742796829112884e-23, nan 
-147.875, 70.625, 3.917203390970076e-23, nan 
-147.625, 70.625, 3.3695632103788224e-23, nan 
-147.375, 70.625, 3.925453577080524e-23, nan 
-147.125, 70.625, 5.002660417628471e-23, nan 
-146.875, 70.625, 3.022533651912072e-23, nan 
-146.625, 70.625, 2.6864488908359897e-23, nan 
-146.375, 70.625, 3.2283073367743817e-23, nan 
-146.125, 70.625, 3.566613771965474e-23, nan 
-145.875, 70.625, 6.750188539586152e-23, nan 
-145.625, 70.625, 6.856672799899221e-23, nan 
-145.375, 70.625, 5.378561142212513e-23, nan 
-145.125, 70.625, 3.713214011686366e-23, nan 
-144.875, 70.625, 2.7906498847339265e-23, nan 
-144.625, 70.625, 2.304027895826761e-23, nan 
-144.375, 70.625, 4.0223819613031306e-23, nan 
-144.125, 70.625, 6.045554733166555e-23, nan 
-143.875, 70.625, 4.7877874966365255e-23, nan 
-143.625, 70.625, 3.255667473330977e-23, nan 
-143.375, 70.625, 5.030618306851261e-23, nan 
-143.125, 70.625, 4.282601230223765e-23, nan 
-142.875, 70.625, 2.064483348138293e-23, nan 
-142.625, 70.625, 4.974378429726403e-23, nan 
-142.375, 70.625, 8.829300062515833e-23, nan 
-142.125, 70.625, 8.00948001387309e-23, nan 
-141.875, 70.625, 7.642794174080849e-23, nan 
-141.625, 70.625, 8.607462940925306e-23, nan 
-141.375, 70.625, 5.886143982964924e-23, nan 
-141.125, 70.625, 3.799568910178619e-23, nan 
-140.875, 70.625, 4.7333715520242623e-23, nan 
-140.625, 70.625, 4.846312407823119e-23, nan 
-140.375, 70.625, 3.333410234049815e-23, nan 
-140.125, 70.625, 5.970645552134538e-23, nan 
-139.875, 70.625, 8.619692937554454e-23, nan 
-139.625, 70.625, 4.4981439228690195e-23, nan 
-139.375, 70.625, 7.158751472517242e-23, nan 
-139.125, 70.625, 7.696360100669405e-23, nan 
-138.875, 70.625, 5.63036174163489e-23, nan 
-138.625, 70.625, 5.953845983508946e-23, nan 
-138.375, 70.625, 4.012440559694725e-23, nan 
-138.125, 70.625, 4.9552037267200655e-23, nan 
-137.875, 70.625, 2.2816366764238948e-23, nan 
-137.625, 70.625, 1.9857307854893596e-23, nan 
-137.375, 70.625, 3.243681526331858e-23, nan 
-137.125, 70.625, 4.7174613877288527e-23, nan 
-136.875, 70.625, 3.8466727768378344e-23, nan 
-136.625, 70.625, 4.7983127539678645e-23, nan 
-136.375, 70.625, 1.581673034417881e-23, nan 
-136.125, 70.625, 2.9079510884806584e-23, nan 
-135.875, 70.625, 7.122215595765637e-23, nan 
-135.625, 70.625, 7.433841780289197e-23, nan 
-135.375, 70.625, 4.528823381112872e-23, nan 
-135.125, 70.625, 2.8940083350544607e-23, nan 
-134.875, 70.625, 8.878427533165777e-23, nan 
-134.625, 70.625, 9.588447113842583e-23, nan 
-134.375, 70.625, 4.7279009364800766e-23, nan 
-134.125, 70.625, 8.858360743850847e-23, nan 
-133.875, 70.625, 1.2738740932441598e-22, nan 
-133.625, 70.625, 7.525234779067548e-23, nan 
-133.375, 70.625, 3.345219818366738e-23, nan 
-133.125, 70.625, 8.847763412728538e-23, nan 
-132.875, 70.625, 6.653338320941608e-23, nan 
-132.625, 70.625, 4.137382265956632e-23, nan 
-132.375, 70.625, 5.078637885332169e-23, nan 
-132.125, 70.625, 5.364444205986719e-23, nan 
-131.875, 70.625, 4.8355237610449264e-23, nan 
-131.625, 70.625, 4.38079302190073e-23, nan 
-131.375, 70.625, 2.978823157408511e-23, nan 
-131.125, 70.625, 2.8977716044446525e-23, nan 
-130.875, 70.625, 3.4906066071253804e-23, nan 
-130.625, 70.625, 2.9198829292510353e-23, nan 
-130.375, 70.625, 2.738769766959095e-23, nan 
-130.125, 70.625, 1.908291725804767e-23, nan 
-129.875, 70.625, 1.7775257365380864e-23, nan 
-129.625, 70.625, 1.899506021114528e-23, nan 
-129.375, 70.625, 2.1189744217222686e-23, nan 
-129.125, 70.625, 1.714134557509903e-23, nan 
-128.875, 70.625, 1.8297256136662104e-23, nan 
-128.625, 70.625, 2.8635797491591876e-23, nan 
-128.375, 70.625, 3.470440922703489e-23, nan 
-128.125, 70.625, 3.0838193955721094e-23, nan 
-127.875, 70.625, 2.4394856870696326e-23, nan 
-127.625, 70.625, 2.966530630456296e-23, nan 
-127.375, 70.625, 3.272491421598935e-23, nan 
-127.125, 70.625, 3.0939216274509505e-23, nan 
-126.875, 70.625, 2.410722738475931e-23, nan 
-126.625, 70.625, 2.3574461321783136e-23, nan 
-126.375, 70.625, 2.5330606053576745e-23, nan 
-126.125, 70.625, 2.777782031250543e-23, nan 
-125.875, 70.625, 2.888471326122359e-23, nan 
-125.625, 70.625, 3.921250174153876e-23, nan 
-125.375, 70.625, 3.0134027962131915e-23, nan 
-125.125, 70.625, 3.489454433524861e-23, nan 
-124.875, 70.625, 4.0604547551511707e-23, nan 
-124.625, 70.625, 3.524763482114068e-23, nan 
-124.375, 70.625, 3.013387396349905e-23, nan 
-124.125, 70.625, 5.2782368399725976e-23, nan 
-123.875, 70.625, 6.551460565818541e-23, nan 
-123.625, 70.625, 7.533420417140461e-23, nan 
-123.375, 70.625, 7.606815239169782e-23, nan 
-123.125, 70.625, 6.554504210525577e-23, nan 
-122.875, 70.625, 6.356516994278973e-23, nan 
-122.625, 70.625, 6.527322262515994e-23, nan 
-122.375, 70.625, 2.9241677647574216e-23, nan 
-122.125, 70.625, 3.6265316091388654e-23, nan 
-121.875, 70.625, 4.6527182932535004e-23, nan 
-121.625, 70.625, 4.8249241166108414e-23, nan 
-121.375, 70.625, 3.8313089474912403e-23, nan 
-121.125, 70.625, 4.012558074714725e-23, nan 
-120.875, 70.625, 5.692912432093464e-23, nan 
-120.625, 70.625, 4.1433867206268914e-23, nan 
-120.375, 70.625, 1.245263694986199e-23, nan 
-120.125, 70.625, 2.4911895769403705e-23, nan 
-119.875, 70.625, 2.5286582244972738e-23, nan 
-119.625, 70.625, 1.3932692883942388e-23, nan 
-119.375, 70.625, 2.228928051274351e-23, nan 
-119.125, 70.625, 2.99745710565341e-23, nan 
-118.875, 70.625, 2.76444422641288e-23, nan 
-118.625, 70.625, 2.5200617976164106e-23, nan 
-118.375, 70.625, 2.564218046431808e-23, nan 
-118.125, 70.625, 2.92046745195384e-23, nan 
-117.875, 70.625, 2.089190769303743e-23, nan 
-117.625, 70.625, 9.766935280791605e-24, nan 
-117.375, 70.625, 1.7296271804482322e-23, nan 
-117.125, 70.625, 1.9027698332804494e-23, nan 
-116.875, 70.625, 1.2777520243806544e-23, nan 
-116.625, 70.625, 7.808396541163575e-24, nan 
-116.375, 70.625, 1.0253681701964498e-23, nan 
-116.125, 70.625, 1.8119999638710048e-23, nan 
-115.875, 70.625, 1.7664482174429803e-23, nan 
-115.625, 70.625, 1.596093842570324e-23, nan 
-115.375, 70.625, 1.8006941641112484e-23, nan 
-115.125, 70.625, 1.43994505239784e-23, nan 
87.125, 70.625, 7.071751079464023e-24, nan 
87.375, 70.625, 1.2844032087632848e-23, nan 
87.625, 70.625, 1.0094779297414079e-23, nan 
87.875, 70.625, 9.598835254381548e-24, nan 
88.125, 70.625, 1.3106292297699378e-23, nan 
88.375, 70.625, 6.913958253650696e-24, nan 
88.625, 70.625, 1.2378428638823729e-23, nan 
88.875, 70.625, 1.5465719271106973e-23, nan 
89.125, 70.625, 1.143052828264198e-23, nan 
89.375, 70.625, 1.1474293919868186e-23, nan 
89.625, 70.625, 1.2704520368716657e-23, nan 
89.875, 70.625, 1.0403169734959179e-23, nan 
90.125, 70.625, 1.0634375794809965e-23, nan 
90.375, 70.625, 1.1289109887336588e-23, nan 
90.625, 70.625, 1.1289570579568191e-23, nan 
90.875, 70.625, 1.3084823899908325e-23, nan 
91.125, 70.625, 1.2050543678674526e-23, nan 
91.375, 70.625, 2.0371288854057308e-23, nan 
91.625, 70.625, 1.5228992285610596e-23, nan 
91.875, 70.625, 1.5086422053402725e-23, nan 
92.125, 70.625, 2.1366804369376475e-23, nan 
92.375, 70.625, 1.466293458696375e-23, nan 
92.625, 70.625, 1.6619652362486524e-23, nan 
92.875, 70.625, 5.569919218204198e-24, nan 
93.125, 70.625, 7.42030256994721e-24, nan 
93.375, 70.625, 7.025865329217935e-24, nan 
93.625, 70.625, 5.4154527499964346e-24, nan 
93.875, 70.625, 8.906765538392912e-24, nan 
94.125, 70.625, 8.342513099381707e-24, nan 
94.375, 70.625, 5.1418882472455246e-24, nan 
94.625, 70.625, 1.0305869030786245e-23, nan 
94.875, 70.625, 1.0004783654711686e-23, nan 
95.125, 70.625, 7.966226673506104e-24, nan 
95.375, 70.625, 7.950342296642248e-24, nan 
95.625, 70.625, 9.466303647823289e-24, nan 
95.875, 70.625, 5.7403247145144774e-24, nan 
96.125, 70.625, 1.0145250094302427e-23, nan 
96.375, 70.625, 1.103035008712356e-23, nan 
96.625, 70.625, 5.1879028974890905e-24, nan 
96.875, 70.625, 6.870461905845556e-24, nan 
97.125, 70.625, 8.928768651104111e-24, nan 
97.375, 70.625, 3.1062547215629513e-24, nan 
97.625, 70.625, 4.7291246106072434e-24, nan 
97.875, 70.625, 7.928369932363779e-24, nan 
98.125, 70.625, 9.927840182688299e-24, nan 
98.375, 70.625, 8.874743552815884e-24, nan 
98.625, 70.625, 9.087272068741319e-24, nan 
98.875, 70.625, 1.372382259734672e-23, nan 
99.125, 70.625, 9.61347569435392e-24, nan 
99.375, 70.625, 9.03002005091176e-24, nan 
99.625, 70.625, 1.078613187677585e-23, nan 
99.875, 70.625, 6.87350176355622e-24, nan 
100.125, 70.625, 1.1067690532564241e-23, nan 
100.375, 70.625, 6.187792022127024e-24, nan 
100.625, 70.625, 2.0014940296355323e-23, nan 
100.875, 70.625, 1.973936893222913e-23, nan 
101.125, 70.625, 1.270515223284431e-23, nan 
101.375, 70.625, 3.078440575466553e-23, nan 
101.625, 70.625, 2.3310699522242058e-23, nan 
101.875, 70.625, 2.686663229974616e-23, nan 
102.125, 70.625, 3.735315266594785e-23, nan 
102.375, 70.625, 7.314993178096865e-23, nan 
102.625, 70.625, 3.629877769043918e-23, nan 
102.875, 70.625, 2.140072897240372e-22, nan 
103.125, 70.625, 2.609808259239878e-22, nan 
103.375, 70.625, 2.2450730418294218e-22, nan 
103.625, 70.625, 2.01167792961555e-22, nan 
103.875, 70.625, 4.8797294067502214e-23, nan 
104.125, 70.625, 5.694222682521935e-23, nan 
104.375, 70.625, 6.121717891063122e-23, nan 
104.625, 70.625, 7.245087689188052e-23, nan 
104.875, 70.625, 4.7562708014455045e-23, nan 
105.125, 70.625, 5.584647861214648e-23, nan 
105.375, 70.625, 6.258850502419528e-23, nan 
105.625, 70.625, 3.083148375004748e-23, nan 
105.875, 70.625, 2.5708117483065258e-23, nan 
106.125, 70.625, 3.295845896051805e-23, nan 
106.375, 70.625, 3.335846904082665e-23, nan 
106.625, 70.625, 3.9914160042502134e-23, nan 
106.875, 70.625, 2.6691777865348236e-23, nan 
107.125, 70.625, 2.6105327902795138e-23, nan 
107.375, 70.625, 2.6137872525498212e-23, nan 
107.625, 70.625, 2.1352672433225296e-23, nan 
107.875, 70.625, 3.403965837993159e-23, nan 
108.125, 70.625, 2.1420044774318317e-23, nan 
108.375, 70.625, 1.2554646940124122e-23, nan 
108.625, 70.625, 1.1484085773577255e-23, nan 
108.875, 70.625, 1.3506264120911364e-23, nan 
109.125, 70.625, 1.640548015135388e-23, nan 
109.375, 70.625, 9.806082296053193e-24, nan 
109.625, 70.625, 1.1313686718422671e-23, nan 
109.875, 70.625, 1.6773469705737322e-23, nan 
110.125, 70.625, 1.3662933763822815e-23, nan 
110.375, 70.625, 1.3772495128354525e-23, nan 
110.625, 70.625, 1.876784512904717e-23, nan 
110.875, 70.625, 2.6359155396698602e-23, nan 
111.125, 70.625, 2.2169629245125343e-23, nan 
111.375, 70.625, 9.205904979900885e-24, nan 
111.625, 70.625, 2.943038452260006e-23, nan 
111.875, 70.625, 3.544377809851558e-23, nan 
112.125, 70.625, 2.5282227678065301e-23, nan 
112.375, 70.625, 2.6137876221856164e-23, nan 
112.625, 70.625, 2.384085611176074e-23, nan 
112.875, 70.625, 2.0894167992286148e-23, nan 
113.125, 70.625, 2.4898050862510437e-23, nan 
113.375, 70.625, 2.821060589915518e-23, nan 
113.625, 70.625, 2.7688062756460245e-23, nan 
113.875, 70.625, 2.2487864289109694e-23, nan 
114.125, 70.625, 2.319053088549946e-23, nan 
114.375, 70.625, 2.771164817111095e-23, nan 
114.625, 70.625, 2.1953547025750062e-23, nan 
114.875, 70.625, 3.110884974093721e-23, nan 
115.125, 70.625, 3.064787132391197e-23, nan 
115.375, 70.625, 2.4462966499550018e-23, nan 
115.625, 70.625, 3.206271248082869e-23, nan 
115.875, 70.625, 2.4372339844015693e-23, nan 
116.125, 70.625, 3.615665676484433e-23, nan 
116.375, 70.625, 3.4350646315356343e-23, nan 
116.625, 70.625, 3.942741753555475e-23, nan 
116.875, 70.625, 3.911283935144998e-23, nan 
117.125, 70.625, 3.3859679628678186e-23, nan 
117.375, 70.625, 2.2855288915736075e-23, nan 
117.625, 70.625, 2.219494142945538e-23, nan 
117.875, 70.625, 2.658232124633315e-23, nan 
118.125, 70.625, 3.171902673836126e-23, nan 
118.375, 70.625, 3.7996611642695787e-23, nan 
118.625, 70.625, 2.360833205620208e-23, nan 
118.875, 70.625, 2.4556244106826374e-23, nan 
119.125, 70.625, 2.516480876990832e-23, nan 
119.375, 70.625, 2.640861850601497e-23, nan 
119.625, 70.625, 5.0549970265198685e-23, nan 
119.875, 70.625, 4.821281338578195e-23, nan 
120.125, 70.625, 4.484630789829765e-23, nan 
120.375, 70.625, 3.735313454837385e-23, nan 
120.625, 70.625, 5.451690359373518e-23, nan 
120.875, 70.625, 5.523505185091423e-23, nan 
121.125, 70.625, 3.425829850072942e-23, nan 
121.375, 70.625, 2.1101541254280682e-23, nan 
121.625, 70.625, 2.913207419343857e-23, nan 
121.875, 70.625, 3.0968418280123474e-23, nan 
122.125, 70.625, 1.2154720704441356e-23, nan 
122.375, 70.625, 1.9633195592393736e-23, nan 
122.625, 70.625, 3.2712804292450083e-23, nan 
122.875, 70.625, 3.4630434056805774e-23, nan 
123.125, 70.625, 3.708868664237331e-23, nan 
123.375, 70.625, 4.5472960886617014e-23, nan 
123.625, 70.625, 4.2070250864364155e-23, nan 
123.875, 70.625, 4.030827295782398e-23, nan 
124.125, 70.625, 6.184863201201035e-23, nan 
124.375, 70.625, 4.6074194055144093e-23, nan 
124.625, 70.625, 3.178707190984216e-23, nan 
124.875, 70.625, 3.563684763496135e-23, nan 
125.125, 70.625, 2.7143982192062197e-23, nan 
125.375, 70.625, 4.779181003684703e-23, nan 
125.625, 70.625, 5.980654696116597e-23, nan 
125.875, 70.625, 1.6459262651726478e-23, nan 
126.125, 70.625, 3.7141175313250023e-23, nan 
126.375, 70.625, 5.613597029986115e-23, nan 
126.625, 70.625, 4.0208925874307867e-23, nan 
126.875, 70.625, 2.318249700465575e-23, nan 
127.125, 70.625, 3.7478004822757004e-23, nan 
127.375, 70.625, 7.168705130795908e-23, nan 
127.625, 70.625, 5.620755374405851e-23, nan 
127.875, 70.625, 5.020794843139251e-23, nan 
128.125, 70.625, 7.582177504008951e-23, nan 
128.375, 70.625, 6.27808687272321e-23, nan 
128.625, 70.625, 5.909673653280002e-23, nan 
128.875, 70.625, 4.680252919540806e-23, nan 
129.125, 70.625, 6.996126999835015e-23, nan 
129.375, 70.625, 5.495706363209938e-23, nan 
129.625, 70.625, 6.088202464329499e-23, nan 
129.875, 70.625, 2.390960251728913e-23, nan 
130.125, 70.625, 2.4590246871455625e-23, nan 
130.375, 70.625, 4.1911373407195224e-23, nan 
130.625, 70.625, 3.172421301329397e-23, nan 
130.875, 70.625, 4.8306026860182587e-23, nan 
131.125, 70.625, 5.2346506540090216e-23, nan 
131.375, 70.625, 3.7810960645781357e-23, nan 
131.625, 70.625, 5.896646534848395e-23, nan 
131.875, 70.625, 5.840911489353161e-23, nan 
132.125, 70.625, 4.150517656423346e-23, nan 
132.375, 70.625, 4.90970677182971e-23, nan 
132.625, 70.625, 5.394209290880817e-23, nan 
132.875, 70.625, 4.81411234625163e-23, nan 
133.125, 70.625, 3.7440803923404434e-23, nan 
133.375, 70.625, 3.205545277833975e-23, nan 
133.625, 70.625, 8.488279514950522e-23, nan 
133.875, 70.625, 5.336516947552823e-23, nan 
134.125, 70.625, 1.0601458150716636e-22, nan 
134.375, 70.625, 2.0211598418276349e-22, nan 
134.625, 70.625, 2.08780863449389e-22, nan 
134.875, 70.625, 1.6856420406967095e-22, nan 
135.125, 70.625, 1.3819183858937606e-22, nan 
135.375, 70.625, 1.3408832584127136e-22, nan 
135.625, 70.625, 1.1377133750209227e-22, nan 
135.875, 70.625, 3.8740283617378624e-23, nan 
136.125, 70.625, 9.309062834417045e-23, nan 
136.375, 70.625, 7.285512233344834e-23, nan 
136.625, 70.625, 6.746437834738574e-23, nan 
136.875, 70.625, 1.0624481187357848e-22, nan 
137.125, 70.625, 9.004928347820722e-23, nan 
137.375, 70.625, 1.1762795247789461e-22, nan 
137.625, 70.625, 1.1910258637317238e-22, nan 
137.875, 70.625, 1.2065797670349581e-22, nan 
138.125, 70.625, 1.1904617156748396e-22, nan 
138.375, 70.625, 8.582934793310561e-23, nan 
138.625, 70.625, 1.0389502243046172e-22, nan 
138.875, 70.625, 4.580756376067988e-22, nan 
139.125, 70.625, 7.128578153239669e-22, nan 
139.375, 70.625, 7.439491194703528e-22, nan 
139.625, 70.625, 5.150054297275699e-22, nan 
139.875, 70.625, 7.949235603247792e-22, nan 
140.125, 70.625, 8.005925535046393e-22, nan 
140.375, 70.625, 4.960492854429257e-22, nan 
140.625, 70.625, 5.848156078133923e-22, nan 
140.875, 70.625, 5.041134499901742e-22, nan 
141.125, 70.625, 3.7614416999518476e-22, nan 
141.375, 70.625, 3.1112027723938205e-22, nan 
141.625, 70.625, 1.4207283484085432e-22, nan 
141.875, 70.625, 1.0418504662181734e-22, nan 
142.125, 70.625, 1.5739635017176945e-22, nan 
142.375, 70.625, 2.917347251193375e-22, nan 
142.625, 70.625, 2.127922283086983e-22, nan 
142.875, 70.625, 1.2630998629281082e-22, nan 
143.125, 70.625, 1.7676987324167173e-22, nan 
143.375, 70.625, 1.6393002169659947e-22, nan 
143.625, 70.625, 2.4125705585904532e-22, nan 
143.875, 70.625, 3.917419762952647e-22, nan 
144.125, 70.625, 4.839273587694057e-22, nan 
144.375, 70.625, 4.817200638916769e-22, nan 
144.625, 70.625, 5.374269174767504e-22, nan 
144.875, 70.625, 5.855796312885052e-22, nan 
145.125, 70.625, 5.478319303845562e-22, nan 
145.375, 70.625, 4.587137636728417e-22, nan 
145.625, 70.625, 6.060264943534471e-22, nan 
145.875, 70.625, 2.4222356541156156e-22, nan 
146.125, 70.625, 1.6516970730412591e-22, nan 
146.375, 70.625, 2.075945722465339e-22, nan 
146.625, 70.625, 2.224327437615827e-22, nan 
146.875, 70.625, 1.8114230342704387e-22, nan 
147.125, 70.625, 2.7985440123224785e-22, nan 
147.375, 70.625, 3.003473126942565e-22, nan 
147.625, 70.625, 2.570791295172702e-22, nan 
147.875, 70.625, 3.4585535535541714e-22, nan 
148.125, 70.625, 2.385536129193438e-22, nan 
148.375, 70.625, 3.239399710979875e-22, nan 
148.625, 70.625, 3.8722000889110534e-22, nan 
148.875, 70.625, 3.0075325808110646e-22, nan 
149.125, 70.625, 3.822423336353011e-22, nan 
149.375, 70.625, 3.8686040439185745e-22, nan 
149.625, 70.625, 3.3757941997242946e-22, nan 
149.875, 70.625, 2.1666648023847024e-22, nan 
150.125, 70.625, 8.211497722369098e-22, nan 
150.375, 70.625, 1.031137363492917e-21, nan 
150.625, 70.625, 1.2831754815364993e-21, nan 
150.875, 70.625, 1.2765180721401604e-21, nan 
151.125, 70.625, 1.581078487946936e-21, nan 
151.375, 70.625, 1.281318379580563e-21, nan 
151.625, 70.625, 5.450020493323107e-22, nan 
151.875, 70.625, 5.814702238010081e-22, nan 
152.125, 70.625, 7.214116937059089e-22, nan 
152.375, 70.625, 8.539791736260377e-22, nan 
152.625, 70.625, 5.710557553106641e-22, nan 
152.875, 70.625, 1.249386834702598e-21, nan 
153.125, 70.625, 1.879718341156763e-21, nan 
153.375, 70.625, 2.1135886614920762e-21, nan 
153.625, 70.625, 1.494131836983033e-21, nan 
153.875, 70.625, 2.0399615461203695e-21, nan 
154.125, 70.625, 2.531238844390451e-21, nan 
154.375, 70.625, 1.767446083560829e-21, nan 
154.625, 70.625, 1.3032459261001305e-21, nan 
154.875, 70.625, 1.5267630956659082e-21, nan 
155.125, 70.625, 2.3379704107239153e-21, nan 
155.375, 70.625, 2.3424618620077025e-21, nan 
155.625, 70.625, 2.2727075536071288e-21, nan 
155.875, 70.625, 3.175178606388604e-21, nan 
156.125, 70.625, 3.0875587969569856e-21, nan 
156.375, 70.625, 4.254836220005866e-21, nan 
156.625, 70.625, 3.471777477399138e-21, nan 
156.875, 70.625, 2.1864409174779755e-21, nan 
157.125, 70.625, 6.4060666614357025e-21, nan 
157.375, 70.625, 8.280573862927424e-21, nan 
157.625, 70.625, 6.336562260683776e-21, nan 
157.875, 70.625, 6.2015535088608025e-21, nan 
158.125, 70.625, 9.150470574606514e-21, nan 
158.375, 70.625, 8.991776340460044e-21, nan 
158.625, 70.625, 7.190142982381681e-21, nan 
158.875, 70.625, 1.3698395022787368e-20, nan 
159.125, 70.625, 1.408039691211562e-20, nan 
159.375, 70.625, 3.089664995769538e-20, nan 
159.625, 70.625, 2.996212157173408e-20, nan 
159.875, 70.625, 3.220819086704729e-20, nan 
160.125, 70.625, 3.6036971465976463e-20, nan 
160.375, 70.625, 2.726368618337751e-20, nan 
160.625, 70.625, 3.875786726096102e-20, nan 
160.875, 70.625, 3.8867124165865274e-20, nan 
161.125, 70.625, 3.756041576077963e-20, nan 
161.375, 70.625, 3.7118026400327285e-20, nan 
161.625, 70.625, 4.134293167131492e-20, nan 
161.875, 70.625, 3.904940282558091e-20, nan 
162.125, 70.625, 2.1589980908247944e-20, nan 
162.375, 70.625, 2.4232303006550924e-20, nan 
162.625, 70.625, 2.76153540135057e-20, nan 
162.875, 70.625, 2.284264230636486e-20, nan 
163.125, 70.625, 2.981186309540432e-20, nan 
163.375, 70.625, 4.721795136540458e-20, nan 
163.625, 70.625, 4.055186627148481e-20, nan 
163.875, 70.625, 5.702098975138174e-20, nan 
164.125, 70.625, 3.697112784768249e-20, nan 
164.375, 70.625, 2.634150061744115e-20, nan 
164.625, 70.625, 6.498833550025597e-20, nan 
164.875, 70.625, 6.186551367057813e-20, nan 
165.125, 70.625, 3.302859508714711e-20, nan 
165.375, 70.625, 9.196587806707741e-20, nan 
165.625, 70.625, 1.0588667401128957e-19, nan 
165.875, 70.625, 5.261408516818579e-20, nan 
166.125, 70.625, 1.2506826681858678e-19, nan 
166.375, 70.625, 1.0656174875705687e-19, nan 
166.625, 70.625, 6.949748530386773e-20, nan 
166.875, 70.625, 1.7230404657182732e-19, nan 
167.125, 70.625, 2.139710594353003e-19, nan 
167.375, 70.625, 1.569565730375256e-19, nan 
167.625, 70.625, 1.4836313689557215e-19, nan 
167.875, 70.625, 1.2701859378562973e-19, nan 
168.125, 70.625, 1.3386732402455574e-19, nan 
168.375, 70.625, 9.154121240914036e-20, nan 
168.625, 70.625, 5.042339678912184e-20, nan 
168.875, 70.625, 5.803947264375413e-20, nan 
169.125, 70.625, 4.4831173959821395e-20, nan 
169.375, 70.625, 3.7414133755455884e-20, nan 
169.625, 70.625, 3.6902305140563666e-20, nan 
169.875, 70.625, 2.9217106984098966e-20, nan 
170.125, 70.625, 2.6213138283892346e-20, nan 
170.375, 70.625, 3.353432197234248e-20, nan 
170.625, 70.625, 3.97025628838618e-20, nan 
170.875, 70.625, 3.375295301379183e-20, nan 
171.125, 70.625, 2.88417138532702e-20, nan 
171.375, 70.625, 3.1360889876535286e-20, nan 
171.625, 70.625, 1.873348775092648e-20, nan 
171.875, 70.625, 1.1088931754120118e-20, nan 
172.125, 70.625, 1.0207559781714938e-20, nan 
172.375, 70.625, 9.194222717949995e-21, nan 
172.625, 70.625, 1.2395008758021356e-20, nan 
172.875, 70.625, 8.115674310701828e-21, nan 
173.125, 70.625, 1.1642566155246215e-20, nan 
173.375, 70.625, 1.2281007231126367e-20, nan 
173.625, 70.625, 1.0421060778989883e-20, nan 
173.875, 70.625, 1.2149382071809152e-20, nan 
174.125, 70.625, 1.1991115204689812e-20, nan 
174.375, 70.625, 5.767810179695561e-21, nan 
174.625, 70.625, 4.319049642078734e-21, nan 
174.875, 70.625, 4.900622047861215e-21, nan 
175.125, 70.625, 2.320864213659416e-21, nan 
175.375, 70.625, 5.732006525612071e-21, nan 
175.625, 70.625, 4.185773802154489e-21, nan 
175.875, 70.625, 2.809490527494333e-21, nan 
176.125, 70.625, 3.423110158989911e-21, nan 
176.375, 70.625, 3.852904225811789e-21, nan 
176.625, 70.625, 2.617795614447593e-21, nan 
176.875, 70.625, 2.6000495460209893e-21, nan 
177.125, 70.625, 2.678163135597308e-21, nan 
177.375, 70.625, 5.540302354542105e-21, nan 
177.625, 70.625, 4.514080862152565e-21, nan 
177.875, 70.625, 7.085193705434232e-21, nan 
178.125, 70.625, 6.410048340700798e-21, nan 
178.375, 70.625, 4.7825367738372234e-21, nan 
178.625, 70.625, 3.776718185170901e-21, nan 
178.875, 70.625, 4.193978462580828e-21, nan 
179.125, 70.625, 4.249977510608364e-21, nan 
179.375, 70.625, 4.398588454657737e-21, nan 
179.625, 70.625, 2.4490172872339466e-21, nan 
179.875, 70.625, 1.762188114226093e-21, nan 
-179.875, 70.875, 2.4791796042900493e-21, nan 
-179.625, 70.875, 7.430593813586092e-21, nan 
-179.375, 70.875, 9.706842806245909e-21, nan 
-179.125, 70.875, 3.672863967435151e-21, nan 
-178.875, 70.875, 3.7392435152486255e-21, nan 
-178.625, 70.875, 4.803152764953701e-21, nan 
-178.375, 70.875, 2.7147819790935494e-21, nan 
-178.125, 70.875, 1.729195785545499e-21, nan 
-177.875, 70.875, 1.6174135199351176e-21, nan 
-177.625, 70.875, 1.4270598283392697e-21, nan 
-177.375, 70.875, 1.3194637294151428e-21, nan 
-177.125, 70.875, 8.92949528133757e-22, nan 
-176.875, 70.875, 1.118593327984763e-21, nan 
-176.625, 70.875, 1.1755980093429974e-21, nan 
-176.375, 70.875, 8.827768563616727e-22, nan 
-176.125, 70.875, 1.1484171093423927e-21, nan 
-175.875, 70.875, 9.994192690405294e-22, nan 
-175.625, 70.875, 1.112905965211583e-21, nan 
-175.375, 70.875, 8.724319854377922e-22, nan 
-175.125, 70.875, 7.478986464826625e-22, nan 
-174.875, 70.875, 3.9524536161476695e-22, nan 
-174.625, 70.875, 8.998070960246967e-22, nan 
-174.375, 70.875, 5.82558564902429e-22, nan 
-174.125, 70.875, 5.619083207889673e-22, nan 
-173.875, 70.875, 5.652525632751787e-22, nan 
-173.625, 70.875, 3.534236765725554e-22, nan 
-173.375, 70.875, 4.532575001387966e-22, nan 
-173.125, 70.875, 4.503046202303626e-22, nan 
-172.875, 70.875, 6.443410327627655e-22, nan 
-172.625, 70.875, 1.0400467987677727e-21, nan 
-172.375, 70.875, 1.0494773063221856e-21, nan 
-172.125, 70.875, 8.470975505444724e-22, nan 
-171.875, 70.875, 5.789655264632541e-22, nan 
-171.625, 70.875, 3.336214683560165e-22, nan 
-171.375, 70.875, 2.795264075881502e-22, nan 
-171.125, 70.875, 3.4088856655220294e-22, nan 
-170.875, 70.875, 3.4526871130201053e-22, nan 
-170.625, 70.875, 3.9008225833952906e-22, nan 
-170.375, 70.875, 1.0424542549274612e-21, nan 
-170.125, 70.875, 9.451433923005582e-22, nan 
-169.875, 70.875, 5.010429931708e-22, nan 
-169.625, 70.875, 1.7148339213228643e-21, nan 
-169.375, 70.875, 1.773949585303232e-21, nan 
-169.125, 70.875, 9.548477732049874e-22, nan 
-168.875, 70.875, 1.0509091229183818e-21, nan 
-168.625, 70.875, 1.2191040670082141e-21, nan 
-168.375, 70.875, 1.024424804546667e-21, nan 
-168.125, 70.875, 2.4096011479198452e-21, nan 
-167.875, 70.875, 6.280615658384617e-21, nan 
-167.625, 70.875, 9.696255427167442e-21, nan 
-167.375, 70.875, 1.0731603142394333e-20, nan 
-167.125, 70.875, 1.1136234247534258e-20, nan 
-166.875, 70.875, 1.5299314354284792e-20, nan 
-166.625, 70.875, 1.111632418507013e-20, nan 
-166.375, 70.875, 8.028663427587436e-21, nan 
-166.125, 70.875, 9.651787039041946e-21, nan 
-165.875, 70.875, 9.345438227542617e-21, nan 
-165.625, 70.875, 4.836355333923012e-21, nan 
-165.375, 70.875, 6.999394585647044e-21, nan 
-165.125, 70.875, 4.548386414240289e-21, nan 
-164.875, 70.875, 8.311629237160646e-22, nan 
-164.625, 70.875, 9.847869993644277e-22, nan 
-164.375, 70.875, 3.7034445422462246e-22, nan 
-164.125, 70.875, 2.290727350264094e-22, nan 
-163.875, 70.875, 1.4752617116065655e-22, nan 
-163.625, 70.875, 3.991778985648597e-22, nan 
-163.375, 70.875, 2.361932990689541e-22, nan 
-163.125, 70.875, 2.0121324504954462e-22, nan 
-162.875, 70.875, 1.481877333801283e-22, nan 
-162.625, 70.875, 1.1760174460021096e-22, nan 
-162.375, 70.875, 1.4899991405577988e-22, nan 
-162.125, 70.875, 1.8614076606262196e-22, nan 
-161.875, 70.875, 2.4343348487460917e-22, nan 
-161.625, 70.875, 2.1541877325371245e-22, nan 
-161.375, 70.875, 1.1157156134620052e-22, nan 
-161.125, 70.875, 1.21995648898449e-22, nan 
-160.875, 70.875, 1.4660940641695133e-22, nan 
-160.625, 70.875, 1.996559867830978e-22, nan 
-160.375, 70.875, 2.2692504515238556e-22, nan 
-160.125, 70.875, 1.7697375455796126e-22, nan 
-159.875, 70.875, 2.0955266626308887e-22, nan 
-159.625, 70.875, 2.5299742318496717e-22, nan 
-159.375, 70.875, 2.180561135437967e-22, nan 
-159.125, 70.875, 2.3856668301973393e-22, nan 
-158.875, 70.875, 1.155183053012044e-22, nan 
-158.625, 70.875, 9.719449329372942e-23, nan 
-158.375, 70.875, 1.252258878581867e-22, nan 
-158.125, 70.875, 9.541776814430445e-23, nan 
-157.875, 70.875, 1.0215063849626884e-22, nan 
-157.625, 70.875, 7.228568222833977e-23, nan 
-157.375, 70.875, 9.397784298758344e-23, nan 
-157.125, 70.875, 1.3717808299147134e-22, nan 
-156.875, 70.875, 5.038105341702643e-23, nan 
-156.625, 70.875, 4.8818756871875056e-23, nan 
-156.375, 70.875, 6.73495068160462e-23, nan 
-156.125, 70.875, 7.976191438277293e-23, nan 
-155.875, 70.875, 6.40819050896382e-23, nan 
-155.625, 70.875, 1.1230186579956987e-22, nan 
-155.375, 70.875, 1.2974474645827787e-22, nan 
-155.125, 70.875, 1.1016187789532412e-22, nan 
-154.875, 70.875, 1.2289398576315786e-22, nan 
-154.625, 70.875, 8.929993182092126e-23, nan 
-154.375, 70.875, 6.628385312429335e-23, nan 
-154.125, 70.875, 5.768343370258891e-23, nan 
-153.875, 70.875, 3.58965492365206e-23, nan 
-153.625, 70.875, 4.47476719141015e-23, nan 
-153.375, 70.875, 5.364949880138239e-23, nan 
-153.125, 70.875, 7.549471734297396e-23, nan 
-152.875, 70.875, 1.4249291743610566e-22, nan 
-152.625, 70.875, 1.412383830936822e-22, nan 
-152.375, 70.875, 1.087624903341096e-22, nan 
-152.125, 70.875, 9.506246971166092e-23, nan 
-151.875, 70.875, 1.0368617679167527e-22, nan 
-151.625, 70.875, 6.460665975110105e-23, nan 
-151.375, 70.875, 6.520209373553981e-23, nan 
-151.125, 70.875, 6.347195438755213e-23, nan 
-150.875, 70.875, 3.715329675911767e-23, nan 
-150.625, 70.875, 3.2053702622714526e-23, nan 
-150.375, 70.875, 5.528912978283904e-23, nan 
-150.125, 70.875, 6.56100959533496e-23, nan 
-149.875, 70.875, 4.4464480502025767e-23, nan 
-149.625, 70.875, 7.383392118232971e-23, nan 
-149.375, 70.875, 5.350391240362278e-23, nan 
-149.125, 70.875, 3.1623869644813825e-23, nan 
-148.875, 70.875, 6.662672670997373e-23, nan 
-148.625, 70.875, 7.617891235025683e-23, nan 
-148.375, 70.875, 7.268469010070373e-23, nan 
-148.125, 70.875, 4.7086275869847894e-23, nan 
-147.875, 70.875, 7.832274149520452e-23, nan 
-147.625, 70.875, 9.176652971213434e-23, nan 
-147.375, 70.875, 5.046791451181769e-23, nan 
-147.125, 70.875, 6.483118721628854e-23, nan 
-146.875, 70.875, 6.13196229923067e-23, nan 
-146.625, 70.875, 2.8669381610181974e-23, nan 
-146.375, 70.875, 4.058520453134066e-23, nan 
-146.125, 70.875, 6.748489079253137e-23, nan 
-145.875, 70.875, 3.20087654305016e-23, nan 
-145.625, 70.875, 5.1424297462671776e-23, nan 
-145.375, 70.875, 6.896288868290738e-23, nan 
-145.125, 70.875, 3.6942363994188585e-23, nan 
-144.875, 70.875, 4.9950673988694275e-23, nan 
-144.625, 70.875, 4.629958704443027e-23, nan 
-144.375, 70.875, 2.752494597584984e-23, nan 
-144.125, 70.875, 5.1296610892673134e-23, nan 
-143.875, 70.875, 5.936797914636571e-23, nan 
-143.625, 70.875, 6.082333585920229e-23, nan 
-143.375, 70.875, 5.683595667447443e-23, nan 
-143.125, 70.875, 1.2354359826666148e-22, nan 
-142.875, 70.875, 1.1243375199643487e-22, nan 
-142.625, 70.875, 1.1177867396218937e-22, nan 
-142.375, 70.875, 9.473840708832406e-23, nan 
-142.125, 70.875, 6.645671967104384e-23, nan 
-141.875, 70.875, 6.777029769176868e-23, nan 
-141.625, 70.875, 8.911892061233897e-23, nan 
-141.375, 70.875, 5.958436630000531e-23, nan 
-141.125, 70.875, 5.313624572536034e-23, nan 
-140.875, 70.875, 6.853261288136933e-23, nan 
-140.625, 70.875, 5.135898734975097e-23, nan 
-140.375, 70.875, 8.105234035882013e-23, nan 
-140.125, 70.875, 2.01019651141823e-23, nan 
-139.875, 70.875, 5.84964059655296e-23, nan 
-139.625, 70.875, 4.270839512700355e-23, nan 
-139.375, 70.875, 3.5648888467044094e-23, nan 
-139.125, 70.875, 4.9460713602782703e-23, nan 
-138.875, 70.875, 3.4613005357432774e-23, nan 
-138.625, 70.875, 1.820291123471389e-23, nan 
-138.375, 70.875, 2.8957440772978083e-23, nan 
-138.125, 70.875, 2.6629055362075514e-23, nan 
-137.875, 70.875, 2.0650778084884687e-23, nan 
-137.625, 70.875, 3.376968704410959e-23, nan 
-137.375, 70.875, 3.5797851814243925e-23, nan 
-137.125, 70.875, 1.834058590295352e-23, nan 
-136.875, 70.875, 2.247872201127545e-23, nan 
-136.625, 70.875, 4.6396592336992454e-23, nan 
-136.375, 70.875, 6.168479249122003e-23, nan 
-136.125, 70.875, 4.962517548156712e-23, nan 
-135.875, 70.875, 6.397663737606829e-23, nan 
-135.625, 70.875, 1.159444278279632e-22, nan 
-135.375, 70.875, 1.1191966392827633e-22, nan 
-135.125, 70.875, 7.54599835461565e-23, nan 
-134.875, 70.875, 6.608625219247759e-23, nan 
-134.625, 70.875, 8.452380756540068e-23, nan 
-134.375, 70.875, 6.969927828418429e-23, nan 
-134.125, 70.875, 3.831270451396556e-23, nan 
-133.875, 70.875, 8.73980126462472e-23, nan 
-133.625, 70.875, 9.307841272129407e-23, nan 
-133.375, 70.875, 3.080817507032775e-23, nan 
-133.125, 70.875, 6.530861642822192e-23, nan 
-132.875, 70.875, 5.251221649275616e-23, nan 
-132.625, 70.875, 2.94130448770824e-23, nan 
-132.375, 70.875, 1.7216437420312934e-23, nan 
-132.125, 70.875, 2.4178408868626276e-23, nan 
-131.875, 70.875, 1.4333525580163807e-23, nan 
-131.625, 70.875, 2.4217125849711205e-23, nan 
-131.375, 70.875, 2.144504059421512e-23, nan 
-131.125, 70.875, 2.153130795421164e-23, nan 
-130.875, 70.875, 2.47835069909491e-23, nan 
-130.625, 70.875, 2.5692259357487708e-23, nan 
-130.375, 70.875, 2.5148193924690582e-23, nan 
-130.125, 70.875, 2.3897378012763157e-23, nan 
-129.875, 70.875, 2.6211629528969448e-23, nan 
-129.625, 70.875, 2.935582436120563e-23, nan 
-129.375, 70.875, 1.7865174852105123e-23, nan 
-129.125, 70.875, 1.9912034476457295e-23, nan 
-128.875, 70.875, 2.947126830036117e-23, nan 
-128.625, 70.875, 2.5711869950176722e-23, nan 
-128.375, 70.875, 1.858936769107251e-23, nan 
-128.125, 70.875, 2.0217103084936074e-23, nan 
-127.875, 70.875, 3.3625617401270966e-23, nan 
-127.625, 70.875, 2.5935727755492336e-23, nan 
-127.375, 70.875, 2.5997313340699604e-23, nan 
-127.125, 70.875, 3.721874782017143e-23, nan 
-126.875, 70.875, 2.6062100035696556e-23, nan 
-126.625, 70.875, 2.5654700458166197e-23, nan 
-126.375, 70.875, 3.1505892594655186e-23, nan 
-126.125, 70.875, 3.190078236225e-23, nan 
-125.875, 70.875, 3.415925160973424e-23, nan 
-125.625, 70.875, 5.065807957243732e-23, nan 
-125.375, 70.875, 2.1636972865492693e-23, nan 
-125.125, 70.875, 2.6346984386893057e-23, nan 
-124.875, 70.875, 3.345915419359208e-23, nan 
-124.625, 70.875, 2.946370250895078e-23, nan 
-124.375, 70.875, 2.791061688079343e-23, nan 
-124.125, 70.875, 3.5802581240290876e-23, nan 
-123.875, 70.875, 3.6214734652376327e-23, nan 
-123.625, 70.875, 2.067359387860752e-23, nan 
-123.375, 70.875, 3.323547180939582e-23, nan 
-123.125, 70.875, 7.160160905329484e-23, nan 
-122.875, 70.875, 8.301553033001516e-23, nan 
-122.625, 70.875, 7.70939182933333e-23, nan 
-122.375, 70.875, 7.272747382889501e-23, nan 
-122.125, 70.875, 7.330924098843127e-23, nan 
-121.875, 70.875, 6.035376311223215e-23, nan 
-121.625, 70.875, 3.2360679491916873e-23, nan 
-121.375, 70.875, 4.2235695414177535e-23, nan 
-121.125, 70.875, 3.4915372581923045e-23, nan 
-120.875, 70.875, 3.652695930612268e-23, nan 
-120.625, 70.875, 3.2049745958820406e-23, nan 
-120.375, 70.875, 2.1094603585459145e-23, nan 
-120.125, 70.875, 1.835583277534414e-23, nan 
-119.875, 70.875, 2.0836856973387475e-23, nan 
-119.625, 70.875, 1.8308576494521702e-23, nan 
-119.375, 70.875, 2.2538003430672563e-23, nan 
-119.125, 70.875, 2.9361099352440656e-23, nan 
-118.875, 70.875, 2.958722525954965e-23, nan 
-118.625, 70.875, 1.878416784160089e-23, nan 
-118.375, 70.875, 2.4716185449925672e-23, nan 
-118.125, 70.875, 3.1271818164420826e-23, nan 
-117.875, 70.875, 2.1503427980559933e-23, nan 
-117.625, 70.875, 1.6193785282661906e-23, nan 
-117.375, 70.875, 2.109356624524206e-23, nan 
-117.125, 70.875, 1.310211223436067e-23, nan 
-116.875, 70.875, 1.2632621620753008e-23, nan 
-116.625, 70.875, 1.1365192490501437e-23, nan 
-116.375, 70.875, 9.637548856907203e-24, nan 
-116.125, 70.875, 1.1041661301079294e-23, nan 
-115.875, 70.875, 1.5432310020089067e-23, nan 
-115.625, 70.875, 1.7458887811272373e-23, nan 
-115.375, 70.875, 1.6208154415634204e-23, nan 
-115.125, 70.875, 1.5905725445402262e-23, nan 
-114.875, 70.875, 1.4930055295690244e-23, nan 
-114.625, 70.875, 1.3315089743087065e-23, nan 
86.625, 70.875, 5.2569710159549994e-24, nan 
86.875, 70.875, 5.4798158941796745e-24, nan 
87.125, 70.875, 4.166249376047413e-24, nan 
87.375, 70.875, 5.8151824916461474e-24, nan 
87.625, 70.875, 1.3839410292868437e-23, nan 
87.875, 70.875, 1.000215692075127e-23, nan 
88.125, 70.875, 9.63750309293699e-24, nan 
88.375, 70.875, 1.0888395826009424e-23, nan 
88.625, 70.875, 8.88992361782911e-24, nan 
88.875, 70.875, 6.628617519903099e-24, nan 
89.125, 70.875, 8.99829785633323e-24, nan 
89.375, 70.875, 9.198627360278933e-24, nan 
89.625, 70.875, 1.0044817463811136e-23, nan 
89.875, 70.875, 5.7434719101879865e-24, nan 
90.125, 70.875, 6.426215250763862e-24, nan 
90.375, 70.875, 1.1656234045248697e-23, nan 
90.625, 70.875, 5.1358955147379486e-24, nan 
90.875, 70.875, 5.3852758076641154e-24, nan 
91.125, 70.875, 7.210639140125535e-24, nan 
91.375, 70.875, 4.633510259872755e-24, nan 
91.625, 70.875, 8.758317655036094e-24, nan 
91.875, 70.875, 1.1257721151813525e-23, nan 
92.125, 70.875, 2.4293355126773536e-23, nan 
92.375, 70.875, 2.4997253276523885e-23, nan 
92.625, 70.875, 2.908393415062742e-23, nan 
92.875, 70.875, 2.2015944490102132e-23, nan 
93.125, 70.875, 3.054895435271346e-23, nan 
93.375, 70.875, 3.56991695280131e-23, nan 
93.625, 70.875, 1.5095868322563125e-23, nan 
93.875, 70.875, 1.134305692700025e-23, nan 
94.125, 70.875, 1.72900277834871e-23, nan 
94.375, 70.875, 1.6514451274268172e-23, nan 
94.625, 70.875, 2.3331324587763977e-23, nan 
94.875, 70.875, 2.1315062417708325e-23, nan 
95.125, 70.875, 1.8086051796784804e-23, nan 
95.375, 70.875, 1.2459032327539348e-23, nan 
95.625, 70.875, 1.2601301779895453e-23, nan 
95.875, 70.875, 1.0289818254668097e-23, nan 
96.125, 70.875, 8.561408761906541e-24, nan 
96.375, 70.875, 1.046641965233635e-23, nan 
96.625, 70.875, 6.109705902645733e-24, nan 
96.875, 70.875, 5.557000737854247e-24, nan 
97.125, 70.875, 6.473268131365935e-24, nan 
97.375, 70.875, 6.903901697338617e-24, nan 
97.625, 70.875, 5.098032979607819e-24, nan 
97.875, 70.875, 7.380563863456456e-24, nan 
98.125, 70.875, 7.763313578318479e-24, nan 
98.375, 70.875, 1.1773636190313155e-23, nan 
98.625, 70.875, 1.245162722931584e-23, nan 
98.875, 70.875, 1.6697189761281164e-23, nan 
99.125, 70.875, 1.483918704671238e-23, nan 
99.375, 70.875, 1.4576983473644154e-23, nan 
99.625, 70.875, 1.4187547852102285e-23, nan 
99.875, 70.875, 9.581575937423493e-24, nan 
100.125, 70.875, 1.803325409101332e-23, nan 
100.375, 70.875, 7.211661470144855e-24, nan 
100.625, 70.875, 7.548062253644687e-24, nan 
100.875, 70.875, 2.2687681389927392e-23, nan 
101.125, 70.875, 1.5181886645952214e-23, nan 
101.375, 70.875, 2.816711925321857e-23, nan 
101.625, 70.875, 2.784904779395945e-23, nan 
101.875, 70.875, 2.670366763135295e-23, nan 
102.125, 70.875, 4.172562665046275e-23, nan 
102.375, 70.875, 3.4890687142854885e-23, nan 
102.625, 70.875, 2.804077641185655e-23, nan 
102.875, 70.875, 3.0941654641363273e-23, nan 
103.125, 70.875, 3.9369278655241844e-23, nan 
103.375, 70.875, 3.4756406252480996e-23, nan 
103.625, 70.875, 4.390677927153479e-23, nan 
103.875, 70.875, 4.1445739354968116e-23, nan 
104.125, 70.875, 3.708639403535902e-23, nan 
104.375, 70.875, 4.275329926339263e-23, nan 
104.625, 70.875, 4.6728128460863873e-23, nan 
104.875, 70.875, 2.670105013640354e-23, nan 
105.125, 70.875, 3.3345285376468266e-23, nan 
105.375, 70.875, 3.0551381335816855e-23, nan 
105.625, 70.875, 2.701360101155753e-23, nan 
105.875, 70.875, 2.624163262750991e-23, nan 
106.125, 70.875, 4.065827021437677e-23, nan 
106.375, 70.875, 4.387375280785774e-23, nan 
106.625, 70.875, 5.628642267673128e-23, nan 
106.875, 70.875, 3.3682987664114276e-23, nan 
107.125, 70.875, 2.802254248949109e-23, nan 
107.375, 70.875, 4.350840821486657e-23, nan 
107.625, 70.875, 3.2481474725755206e-23, nan 
107.875, 70.875, 3.062277627988213e-23, nan 
108.125, 70.875, 3.106476602063146e-23, nan 
108.375, 70.875, 1.840245138521012e-23, nan 
108.625, 70.875, 2.359411913610991e-23, nan 
108.875, 70.875, 1.9879512863020683e-23, nan 
109.125, 70.875, 2.1064416674380895e-23, nan 
109.375, 70.875, 1.9150498820451825e-23, nan 
109.625, 70.875, 1.890828083144195e-23, nan 
109.875, 70.875, 2.373262206817136e-23, nan 
110.125, 70.875, 2.216235438776717e-23, nan 
110.375, 70.875, 2.1980399415765502e-23, nan 
110.625, 70.875, 2.890736566092136e-23, nan 
110.875, 70.875, 2.968785305145273e-23, nan 
111.125, 70.875, 2.676805803757506e-23, nan 
111.375, 70.875, 2.6461319877180873e-23, nan 
111.625, 70.875, 2.925680577510867e-23, nan 
111.875, 70.875, 4.7684155027536824e-23, nan 
112.125, 70.875, 3.3704259108722235e-23, nan 
112.375, 70.875, 2.479561118110646e-23, nan 
112.625, 70.875, 3.4010771793405945e-23, nan 
112.875, 70.875, 2.761791718489718e-23, nan 
113.125, 70.875, 4.539210314003108e-23, nan 
113.375, 70.875, 3.2897738263515716e-23, nan 
113.625, 70.875, 2.985876190262523e-23, nan 
113.875, 70.875, 3.818429642350911e-23, nan 
114.125, 70.875, 4.1853569585135534e-23, nan 
114.375, 70.875, 4.1037661694491994e-23, nan 
114.625, 70.875, 3.7429761433656715e-23, nan 
114.875, 70.875, 4.032565545498402e-23, nan 
115.125, 70.875, 4.958423253702363e-23, nan 
115.375, 70.875, 4.071048558046061e-23, nan 
115.625, 70.875, 3.987392413032535e-23, nan 
115.875, 70.875, 2.5204757633047706e-23, nan 
116.125, 70.875, 3.9042447595698386e-23, nan 
116.375, 70.875, 3.3530549121100044e-23, nan 
116.625, 70.875, 5.150031686343986e-23, nan 
116.875, 70.875, 6.203843184561526e-23, nan 
117.125, 70.875, 4.171040853475214e-23, nan 
117.375, 70.875, 4.1017657984445104e-23, nan 
117.625, 70.875, 4.612213637753362e-23, nan 
117.875, 70.875, 4.3344475098348534e-23, nan 
118.125, 70.875, 5.1896074627914603e-23, nan 
118.375, 70.875, 6.379183359944281e-23, nan 
118.625, 70.875, 5.130780924946083e-23, nan 
118.875, 70.875, 8.023408023937525e-23, nan 
119.125, 70.875, 5.1599003038144725e-23, nan 
119.375, 70.875, 3.375769951662898e-23, nan 
119.625, 70.875, 7.164754469439212e-23, nan 
119.875, 70.875, 4.9209589768838894e-23, nan 
120.125, 70.875, 4.009915019730886e-23, nan 
120.375, 70.875, 3.165623100831109e-23, nan 
120.625, 70.875, 3.7598536865585886e-23, nan 
120.875, 70.875, 4.321108940350616e-23, nan 
121.125, 70.875, 2.839968671517394e-23, nan 
121.375, 70.875, 1.3807057839931286e-23, nan 
121.625, 70.875, 2.539482381763352e-23, nan 
121.875, 70.875, 1.732868836450507e-23, nan 
122.125, 70.875, 1.4634269907090487e-23, nan 
122.375, 70.875, 2.0422950130040922e-23, nan 
122.625, 70.875, 2.739141189138411e-23, nan 
122.875, 70.875, 3.2824690526580587e-23, nan 
123.125, 70.875, 3.145260008600518e-23, nan 
123.375, 70.875, 5.1478350692944855e-23, nan 
123.625, 70.875, 4.409971052038975e-23, nan 
123.875, 70.875, 4.9960587016312476e-23, nan 
124.125, 70.875, 5.034311590142997e-23, nan 
124.375, 70.875, 3.6818926652595775e-23, nan 
124.625, 70.875, 7.326417246497955e-23, nan 
124.875, 70.875, 4.703559139085737e-23, nan 
125.125, 70.875, 2.985855213549695e-23, nan 
125.375, 70.875, 1.0670863966170116e-22, nan 
125.625, 70.875, 9.404894730887867e-23, nan 
125.875, 70.875, 3.1463333882395356e-23, nan 
126.125, 70.875, 7.506028046484465e-23, nan 
126.375, 70.875, 8.143352887275495e-23, nan 
126.625, 70.875, 4.261322417561171e-23, nan 
126.875, 70.875, 5.343480379760231e-23, nan 
127.125, 70.875, 5.229785715543092e-23, nan 
127.375, 70.875, 7.748257871192948e-23, nan 
127.625, 70.875, 5.280408066256695e-23, nan 
127.875, 70.875, 4.42798774265043e-23, nan 
128.125, 70.875, 7.237741328803228e-23, nan 
128.375, 70.875, 6.336746002846467e-23, nan 
128.625, 70.875, 3.959811304124538e-23, nan 
128.875, 70.875, 3.5266605573769434e-23, nan 
129.125, 70.875, 1.1552624210712502e-22, nan 
129.375, 70.875, 5.961574497761693e-23, nan 
129.625, 70.875, 5.070780975887427e-23, nan 
129.875, 70.875, 8.363612124568473e-23, nan 
130.125, 70.875, 3.486536627371227e-23, nan 
130.375, 70.875, 2.835334130510837e-23, nan 
130.625, 70.875, 2.6032728116128834e-23, nan 
130.875, 70.875, 4.9168144270922587e-23, nan 
131.125, 70.875, 1.2452378980096123e-22, nan 
131.375, 70.875, 6.090454683468559e-23, nan 
131.625, 70.875, 9.150925770844891e-23, nan 
131.875, 70.875, 1.145479794989268e-22, nan 
132.125, 70.875, 6.702152623373009e-23, nan 
132.375, 70.875, 9.876741514792988e-23, nan 
132.625, 70.875, 1.1167725595087433e-22, nan 
132.875, 70.875, 1.1262447963287624e-22, nan 
133.125, 70.875, 6.51334260876797e-23, nan 
133.375, 70.875, 3.6628441116331805e-23, nan 
133.625, 70.875, 1.6146413085665976e-22, nan 
133.875, 70.875, 1.8741972445327661e-22, nan 
134.125, 70.875, 1.5229640525002196e-22, nan 
134.375, 70.875, 1.7962088136545677e-22, nan 
134.625, 70.875, 1.926390658727271e-22, nan 
134.875, 70.875, 1.6359359686469335e-22, nan 
135.125, 70.875, 1.3199672350926923e-22, nan 
135.375, 70.875, 7.849564950906257e-23, nan 
135.625, 70.875, 2.5655063670788277e-23, nan 
135.875, 70.875, 4.04450901956242e-23, nan 
136.125, 70.875, 6.57126243891681e-23, nan 
136.375, 70.875, 5.89323591035819e-23, nan 
136.625, 70.875, 7.380018836849077e-23, nan 
136.875, 70.875, 1.1425829552160155e-22, nan 
137.125, 70.875, 1.2921749181596752e-22, nan 
137.375, 70.875, 1.1034236135326623e-22, nan 
137.625, 70.875, 1.3950537061004454e-22, nan 
137.875, 70.875, 1.5787438100359813e-22, nan 
138.125, 70.875, 1.0535824708322119e-22, nan 
138.375, 70.875, 3.225571478797366e-23, nan 
138.625, 70.875, 5.508796658513703e-23, nan 
138.875, 70.875, 1.1109542699410025e-22, nan 
139.125, 70.875, 1.2706975471894383e-22, nan 
139.375, 70.875, 1.171101708125527e-22, nan 
139.625, 70.875, 2.0196222174954941e-22, nan 
139.875, 70.875, 5.2892345816650755e-22, nan 
140.125, 70.875, 4.458558750304454e-22, nan 
140.375, 70.875, 3.141171595353586e-22, nan 
140.625, 70.875, 2.5069432567250957e-22, nan 
140.875, 70.875, 1.1465046856331043e-22, nan 
141.125, 70.875, 1.6302888340623727e-22, nan 
141.375, 70.875, 1.8681396437284335e-22, nan 
141.625, 70.875, 1.2858512272388511e-22, nan 
141.875, 70.875, 2.0346198479968952e-22, nan 
142.125, 70.875, 2.039279858411704e-22, nan 
142.375, 70.875, 1.459417618294449e-22, nan 
142.625, 70.875, 3.4857435972074134e-22, nan 
142.875, 70.875, 4.498706710411904e-22, nan 
143.125, 70.875, 5.288971146254871e-22, nan 
143.375, 70.875, 2.0424522698659135e-22, nan 
143.625, 70.875, 1.8200621907413276e-22, nan 
143.875, 70.875, 3.615324618237448e-22, nan 
144.125, 70.875, 4.850778132539536e-22, nan 
144.375, 70.875, 4.213411598881236e-22, nan 
144.625, 70.875, 3.9500536829755847e-22, nan 
144.875, 70.875, 5.99553974936476e-22, nan 
145.125, 70.875, 4.581837449659085e-22, nan 
145.375, 70.875, 2.5362916923070053e-22, nan 
145.625, 70.875, 8.94981249529516e-22, nan 
145.875, 70.875, 2.517020969909087e-22, nan 
146.125, 70.875, 2.289163611197332e-22, nan 
146.375, 70.875, 5.600833667604608e-22, nan 
146.625, 70.875, 2.799603866988927e-22, nan 
146.875, 70.875, 2.3161628232108726e-22, nan 
147.125, 70.875, 3.969493934653902e-22, nan 
147.375, 70.875, 3.003135957091534e-22, nan 
147.625, 70.875, 2.254088959385053e-22, nan 
147.875, 70.875, 1.1038225888718986e-22, nan 
148.125, 70.875, 2.1644953402740984e-22, nan 
148.375, 70.875, 2.3793354971506214e-22, nan 
148.625, 70.875, 4.366979977558192e-22, nan 
148.875, 70.875, 4.528968752493118e-22, nan 
149.125, 70.875, 9.579108308963178e-23, nan 
149.375, 70.875, 3.038701615173027e-22, nan 
149.625, 70.875, 3.435688376519872e-22, nan 
149.875, 70.875, 8.112603747142401e-22, nan 
150.125, 70.875, 9.953937713343418e-22, nan 
150.375, 70.875, 8.127806589246446e-22, nan 
150.625, 70.875, 9.85042802093893e-22, nan 
150.875, 70.875, 1.1284600950398242e-21, nan 
151.125, 70.875, 9.009341307469976e-22, nan 
151.375, 70.875, 7.80224263586588e-22, nan 
151.625, 70.875, 3.783854215588515e-22, nan 
151.875, 70.875, 4.462301615414228e-22, nan 
152.125, 70.875, 1.1086513220755093e-21, nan 
152.375, 70.875, 1.6177338545647192e-21, nan 
152.625, 70.875, 9.361609054786404e-22, nan 
152.875, 70.875, 3.8986398239374325e-22, nan 
153.125, 70.875, 3.2971137740966064e-21, nan 
153.375, 70.875, 3.180323740143969e-21, nan 
153.625, 70.875, 2.6056139769002207e-21, nan 
153.875, 70.875, 2.963963773251911e-21, nan 
154.125, 70.875, 3.0066485205699236e-21, nan 
154.375, 70.875, 2.7245300502948744e-21, nan 
154.625, 70.875, 1.2098127814748248e-21, nan 
154.875, 70.875, 1.4557602665809853e-21, nan 
155.125, 70.875, 2.1239897597025526e-21, nan 
155.375, 70.875, 2.0634245183111193e-21, nan 
155.625, 70.875, 2.1753617001849206e-21, nan 
155.875, 70.875, 2.747863449816171e-21, nan 
156.125, 70.875, 4.105863133637884e-21, nan 
156.375, 70.875, 6.3897291506978426e-21, nan 
156.625, 70.875, 8.028493194419531e-21, nan 
156.875, 70.875, 6.3078906639629054e-21, nan 
157.125, 70.875, 8.505454999696632e-21, nan 
157.375, 70.875, 5.695531220677809e-20, nan 
157.625, 70.875, 6.343598313376446e-20, nan 
157.875, 70.875, 1.0519151234152768e-20, nan 
158.125, 70.875, 1.5415430340503974e-20, nan 
158.375, 70.875, 2.1308347561541115e-20, nan 
158.625, 70.875, 1.4900378590702758e-20, nan 
158.875, 70.875, 1.3295371176153838e-20, nan 
159.125, 70.875, 9.974414002797097e-21, nan 
159.375, 70.875, 1.2919060994387126e-20, nan 
159.625, 70.875, 4.136113575352187e-21, nan 
159.875, 70.875, 5.12277319449326e-21, nan 
160.125, 70.875, 1.9184290569766983e-20, nan 
160.375, 70.875, 1.7302297603226092e-20, nan 
160.625, 70.875, 2.728306218185154e-20, nan 
160.875, 70.875, 3.0878706804137435e-20, nan 
161.125, 70.875, 2.7870224661496355e-20, nan 
161.375, 70.875, 9.778506291050078e-21, nan 
161.625, 70.875, 1.2766173112107909e-20, nan 
161.875, 70.875, 2.9493231185629766e-20, nan 
162.125, 70.875, 2.585931510629113e-20, nan 
162.375, 70.875, 1.8053391625524852e-20, nan 
162.625, 70.875, 4.9445635772647054e-20, nan 
162.875, 70.875, 4.966007017626823e-20, nan 
163.125, 70.875, 3.5319319743133657e-20, nan 
163.375, 70.875, 7.403706129726927e-20, nan 
163.625, 70.875, 7.736772412595463e-20, nan 
163.875, 70.875, 5.425807966644718e-20, nan 
164.125, 70.875, 1.494840984817164e-19, nan 
164.375, 70.875, 8.031001553801895e-20, nan 
164.625, 70.875, 6.174691126922007e-20, nan 
164.875, 70.875, 7.008019659771769e-20, nan 
165.125, 70.875, 5.182208943527929e-20, nan 
165.375, 70.875, 1.7701842590415588e-19, nan 
165.625, 70.875, 2.0954020730831507e-19, nan 
165.875, 70.875, 6.710517793278146e-20, nan 
166.125, 70.875, 1.4334720552218395e-19, nan 
166.375, 70.875, 1.6685659108299423e-19, nan 
166.625, 70.875, 8.028356250505057e-20, nan 
166.875, 70.875, 1.5459952039885554e-19, nan 
167.125, 70.875, 1.550215460593005e-19, nan 
167.375, 70.875, 1.1699715375696207e-19, nan 
167.625, 70.875, 1.3534674657720994e-19, nan 
167.875, 70.875, 5.0172203065256784e-20, nan 
168.125, 70.875, 4.9130321192161866e-20, nan 
168.375, 70.875, 1.9892000616597893e-20, nan 
168.625, 70.875, 7.182320485359589e-20, nan 
168.875, 70.875, 5.550343923227102e-20, nan 
169.125, 70.875, 4.6644987392165204e-20, nan 
169.375, 70.875, 6.71632000387844e-20, nan 
169.625, 70.875, 4.781742519625245e-20, nan 
169.875, 70.875, 3.115386510274502e-20, nan 
170.125, 70.875, 3.7219605582462627e-20, nan 
170.375, 70.875, 3.977336570065577e-20, nan 
170.625, 70.875, 4.227959871112895e-20, nan 
170.875, 70.875, 3.29507746832618e-20, nan 
171.125, 70.875, 3.0743069439721276e-20, nan 
171.375, 70.875, 3.125808618826611e-20, nan 
171.625, 70.875, 1.8070440629571215e-20, nan 
171.875, 70.875, 2.0713390830914757e-20, nan 
172.125, 70.875, 1.653795014515646e-20, nan 
172.375, 70.875, 9.871539555982851e-21, nan 
172.625, 70.875, 9.275586007252928e-21, nan 
172.875, 70.875, 8.517368437130723e-21, nan 
173.125, 70.875, 8.011667696040656e-21, nan 
173.375, 70.875, 9.45982365701107e-21, nan 
173.625, 70.875, 1.3505093573945886e-20, nan 
173.875, 70.875, 1.3766539028555426e-20, nan 
174.125, 70.875, 1.2108580902666085e-20, nan 
174.375, 70.875, 1.0327885732946967e-20, nan 
174.625, 70.875, 6.519141499815344e-21, nan 
174.875, 70.875, 4.238023923950873e-21, nan 
175.125, 70.875, 4.052533175203768e-21, nan 
175.375, 70.875, 4.615948422392288e-21, nan 
175.625, 70.875, 3.914865995510373e-21, nan 
175.875, 70.875, 4.14046345837768e-21, nan 
176.125, 70.875, 5.462634596046095e-21, nan 
176.375, 70.875, 4.3986398994013685e-21, nan 
176.625, 70.875, 4.106626929364969e-21, nan 
176.875, 70.875, 4.744296248422459e-21, nan 
177.125, 70.875, 4.9642570248114936e-21, nan 
177.375, 70.875, 4.184195269421765e-21, nan 
177.625, 70.875, 2.990398067421817e-21, nan 
177.875, 70.875, 1.84602786929049e-21, nan 
178.125, 70.875, 2.2730294499780086e-21, nan 
178.375, 70.875, 2.3747807248354545e-21, nan 
178.625, 70.875, 1.5272243924711953e-21, nan 
178.875, 70.875, 1.6144872875080381e-21, nan 
179.125, 70.875, 1.4724974365220725e-21, nan 
179.375, 70.875, 7.201659923400573e-21, nan 
179.625, 70.875, 6.02465450265344e-21, nan 
179.875, 70.875, 5.623104605744671e-21, nan 
-179.875, 71.125, 4.211002102615344e-21, nan 
-179.625, 71.125, 5.29322359199891e-21, nan 
-179.375, 71.125, 5.858042181513375e-21, nan 
-179.125, 71.125, 5.2380967327127125e-21, nan 
-178.875, 71.125, 2.8562646517918836e-21, nan 
-178.625, 71.125, 2.4771886029083775e-21, nan 
-178.375, 71.125, 3.598780114766249e-21, nan 
-178.125, 71.125, 2.116720500498547e-21, nan 
-177.875, 71.125, 1.949575349161314e-21, nan 
-177.625, 71.125, 1.974954838088071e-21, nan 
-177.375, 71.125, 1.5070653576375097e-21, nan 
-177.125, 71.125, 1.1250562402025749e-21, nan 
-176.875, 71.125, 1.3871740758488867e-21, nan 
-176.625, 71.125, 1.3110411294453966e-21, nan 
-176.375, 71.125, 1.4015649517205586e-21, nan 
-176.125, 71.125, 1.5522366671043024e-21, nan 
-175.875, 71.125, 1.5592995272443783e-21, nan 
-175.625, 71.125, 1.3300078168590094e-21, nan 
-175.375, 71.125, 8.87788072035178e-22, nan 
-175.125, 71.125, 7.660694594922494e-22, nan 
-174.875, 71.125, 6.007472438658609e-22, nan 
-174.625, 71.125, 7.974172554614989e-22, nan 
-174.375, 71.125, 9.30766633550289e-22, nan 
-174.125, 71.125, 6.288111595685242e-22, nan 
-173.875, 71.125, 7.867723292252254e-22, nan 
-173.625, 71.125, 8.564833082693336e-22, nan 
-173.375, 71.125, 1.0100808524307468e-21, nan 
-173.125, 71.125, 1.0194475028092124e-21, nan 
-172.875, 71.125, 3.6542243626388174e-22, nan 
-172.625, 71.125, 8.850829128958555e-22, nan 
-172.375, 71.125, 1.1540667465943762e-21, nan 
-172.125, 71.125, 1.0742650777678881e-21, nan 
-171.875, 71.125, 1.0315632230636084e-21, nan 
-171.625, 71.125, 9.880106117288965e-22, nan 
-171.375, 71.125, 1.1165023508419935e-21, nan 
-171.125, 71.125, 1.2704955850333671e-21, nan 
-170.875, 71.125, 9.44342093988355e-22, nan 
-170.625, 71.125, 4.782113429055538e-22, nan 
-170.375, 71.125, 5.87468992850756e-22, nan 
-170.125, 71.125, 6.249281220104736e-22, nan 
-169.875, 71.125, 2.989407430024386e-22, nan 
-169.625, 71.125, 7.9895891286264125e-22, nan 
-169.375, 71.125, 7.401438870638975e-22, nan 
-169.125, 71.125, 4.892890316052817e-22, nan 
-168.875, 71.125, 6.580614751145287e-22, nan 
-168.625, 71.125, 8.807158244126967e-22, nan 
-168.375, 71.125, 1.2042642328371108e-21, nan 
-168.125, 71.125, 9.14115750617486e-22, nan 
-167.875, 71.125, 1.3970952162896688e-21, nan 
-167.625, 71.125, 1.1787777366638296e-21, nan 
-167.375, 71.125, 4.7609352155276096e-21, nan 
-167.125, 71.125, 6.724253282739158e-21, nan 
-166.875, 71.125, 9.026804024473796e-21, nan 
-166.625, 71.125, 7.055452790052667e-21, nan 
-166.375, 71.125, 5.49841349559715e-21, nan 
-166.125, 71.125, 6.47161248967242e-21, nan 
-165.875, 71.125, 6.787898481645747e-21, nan 
-165.625, 71.125, 1.9681302214855574e-21, nan 
-165.375, 71.125, 2.915497099137282e-21, nan 
-165.125, 71.125, 1.0291858057303779e-21, nan 
-164.875, 71.125, 7.329517670939748e-22, nan 
-164.625, 71.125, 5.95065758099723e-22, nan 
-164.375, 71.125, 3.42710778905649e-22, nan 
-164.125, 71.125, 2.7485912279171506e-22, nan 
-163.875, 71.125, 2.5027838636722675e-22, nan 
-163.625, 71.125, 4.695976177265818e-22, nan 
-163.375, 71.125, 3.974313318467883e-22, nan 
-163.125, 71.125, 2.670278483381931e-22, nan 
-162.875, 71.125, 2.1641555666566065e-22, nan 
-162.625, 71.125, 2.5321879913331665e-22, nan 
-162.375, 71.125, 1.8226834328429577e-22, nan 
-162.125, 71.125, 2.0597599512733704e-22, nan 
-161.875, 71.125, 1.970265701408575e-22, nan 
-161.625, 71.125, 1.6121761011788758e-22, nan 
-161.375, 71.125, 1.0862475518579188e-22, nan 
-161.125, 71.125, 1.5994300407250235e-22, nan 
-160.875, 71.125, 1.8685714874253324e-22, nan 
-160.625, 71.125, 1.8764398757363243e-22, nan 
-160.375, 71.125, 1.3401561499114382e-22, nan 
-160.125, 71.125, 1.2920653749501157e-22, nan 
-159.875, 71.125, 2.020060659415058e-22, nan 
-159.625, 71.125, 2.2505960152346134e-22, nan 
-159.375, 71.125, 2.047516669444548e-22, nan 
-159.125, 71.125, 2.0293056210547406e-22, nan 
-158.875, 71.125, 1.2149362289480527e-22, nan 
-158.625, 71.125, 1.6132146838283013e-22, nan 
-158.375, 71.125, 1.3446772776650336e-22, nan 
-158.125, 71.125, 7.975141452036185e-23, nan 
-157.875, 71.125, 1.3253424793495668e-22, nan 
-157.625, 71.125, 1.3720484295349254e-22, nan 
-157.375, 71.125, 9.595158317028436e-23, nan 
-157.125, 71.125, 8.166848172579009e-23, nan 
-156.875, 71.125, 4.791500333074821e-23, nan 
-156.625, 71.125, 4.490697397368422e-23, nan 
-156.375, 71.125, 6.500758399085553e-23, nan 
-156.125, 71.125, 8.648657901102628e-23, nan 
-155.875, 71.125, 1.2095434425420132e-22, nan 
-155.625, 71.125, 9.133061636651655e-23, nan 
-155.375, 71.125, 5.53288752669092e-23, nan 
-155.125, 71.125, 1.0102567820215506e-22, nan 
-154.875, 71.125, 8.413005437444837e-23, nan 
-154.625, 71.125, 7.685613314845217e-23, nan 
-154.375, 71.125, 5.824796164608681e-23, nan 
-154.125, 71.125, 7.411751714666445e-23, nan 
-153.875, 71.125, 5.2686839454447713e-23, nan 
-153.625, 71.125, 4.047582679359063e-23, nan 
-153.375, 71.125, 7.013328180823084e-23, nan 
-153.125, 71.125, 3.862719139191035e-23, nan 
-152.875, 71.125, 4.662694860164654e-23, nan 
-152.625, 71.125, 6.394070622971425e-23, nan 
-152.375, 71.125, 6.869120710765065e-23, nan 
-152.125, 71.125, 9.494940219170452e-23, nan 
-151.875, 71.125, 7.56705767613322e-23, nan 
-151.625, 71.125, 5.067168992907293e-23, nan 
-151.375, 71.125, 7.59986818532406e-23, nan 
-151.125, 71.125, 6.261436888706142e-23, nan 
-150.875, 71.125, 4.416652742194157e-23, nan 
-150.625, 71.125, 4.936671475171416e-23, nan 
-150.375, 71.125, 4.8331814858095076e-23, nan 
-150.125, 71.125, 4.403105651304659e-23, nan 
-149.875, 71.125, 4.3960917908470837e-23, nan 
-149.625, 71.125, 5.831983337392919e-23, nan 
-149.375, 71.125, 4.280410567999744e-23, nan 
-149.125, 71.125, 3.939783883189868e-23, nan 
-148.875, 71.125, 2.674984732599865e-23, nan 
-148.625, 71.125, 2.906912194599166e-23, nan 
-148.375, 71.125, 2.5990667343716203e-23, nan 
-148.125, 71.125, 3.3372049421860103e-23, nan 
-147.875, 71.125, 6.790665407712244e-23, nan 
-147.625, 71.125, 9.334667749065245e-23, nan 
-147.375, 71.125, 5.842617403941012e-23, nan 
-147.125, 71.125, 7.132380459915632e-23, nan 
-146.875, 71.125, 1.0205731384283358e-22, nan 
-146.625, 71.125, 5.898514889828416e-23, nan 
-146.375, 71.125, 4.066674964695485e-23, nan 
-146.125, 71.125, 6.805622755393786e-23, nan 
-145.875, 71.125, 3.9111416315498436e-23, nan 
-145.625, 71.125, 3.012053996599213e-23, nan 
-145.375, 71.125, 2.797957186743002e-23, nan 
-145.125, 71.125, 3.53273496179086e-23, nan 
-144.875, 71.125, 4.0950437737522216e-23, nan 
-144.625, 71.125, 5.680559235754053e-23, nan 
-144.375, 71.125, 8.627153646021487e-23, nan 
-144.125, 71.125, 7.763367744053038e-23, nan 
-143.875, 71.125, 8.189533423929766e-23, nan 
-143.625, 71.125, 1.2093859472084344e-22, nan 
-143.375, 71.125, 9.068642870066287e-23, nan 
-143.125, 71.125, 1.5033869186258841e-22, nan 
-142.875, 71.125, 2.23121934787559e-22, nan 
-142.625, 71.125, 1.7930319874589e-22, nan 
-142.375, 71.125, 1.0321418345873121e-22, nan 
-142.125, 71.125, 1.7203367357065135e-22, nan 
-141.875, 71.125, 1.474357586971643e-22, nan 
-141.625, 71.125, 8.823691026553623e-23, nan 
-141.375, 71.125, 1.5966471665640805e-23, nan 
-141.125, 71.125, 3.482306272244968e-23, nan 
-140.875, 71.125, 6.833305278338812e-23, nan 
-140.625, 71.125, 4.9978343564290243e-23, nan 
-140.375, 71.125, 7.795676802790414e-23, nan 
-140.125, 71.125, 7.502329699911602e-23, nan 
-139.875, 71.125, 5.2893320101565066e-23, nan 
-139.625, 71.125, 6.84460551575474e-23, nan 
-139.375, 71.125, 6.847716429117967e-23, nan 
-139.125, 71.125, 1.9103506217176873e-23, nan 
-138.875, 71.125, 1.4254387431957515e-23, nan 
-138.625, 71.125, 2.1086773148033567e-23, nan 
-138.375, 71.125, 1.2165275023097663e-23, nan 
-138.125, 71.125, 1.8729486393412183e-23, nan 
-137.875, 71.125, 2.611442670119278e-23, nan 
-137.625, 71.125, 3.398613576429983e-23, nan 
-137.375, 71.125, 3.445000523139556e-23, nan 
-137.125, 71.125, 2.0660171963695342e-23, nan 
-136.875, 71.125, 2.866984613121942e-23, nan 
-136.625, 71.125, 4.1374062246861657e-23, nan 
-136.375, 71.125, 3.81639736145694e-23, nan 
-136.125, 71.125, 2.691384265307401e-23, nan 
-135.875, 71.125, 6.004911634418571e-23, nan 
-135.625, 71.125, 7.755585135562607e-23, nan 
-135.375, 71.125, 7.013943432549922e-23, nan 
-135.125, 71.125, 5.0851863957296925e-23, nan 
-134.875, 71.125, 2.2239812536200304e-23, nan 
-134.625, 71.125, 2.778386189765758e-23, nan 
-134.375, 71.125, 3.674020899437799e-23, nan 
-134.125, 71.125, 3.789378142689694e-23, nan 
-133.875, 71.125, 6.410421316371149e-23, nan 
-133.625, 71.125, 8.524086201691085e-23, nan 
-133.375, 71.125, 6.619480320867506e-23, nan 
-133.125, 71.125, 3.685757440915616e-23, nan 
-132.875, 71.125, 4.63792864187785e-23, nan 
-132.625, 71.125, 2.4260413289220495e-23, nan 
-132.375, 71.125, 2.860731848148575e-23, nan 
-132.125, 71.125, 3.0519028761134177e-23, nan 
-131.875, 71.125, 2.3862303790590464e-23, nan 
-131.625, 71.125, 2.797731420056043e-23, nan 
-131.375, 71.125, 2.606075595827834e-23, nan 
-131.125, 71.125, 2.2925379543156892e-23, nan 
-130.875, 71.125, 2.4569170730576514e-23, nan 
-130.625, 71.125, 2.0680013731769782e-23, nan 
-130.375, 71.125, 2.0407798436522348e-23, nan 
-130.125, 71.125, 2.218392647376903e-23, nan 
-129.875, 71.125, 2.0541560439487907e-23, nan 
-129.625, 71.125, 2.5816024981743578e-23, nan 
-129.375, 71.125, 2.4089296007354427e-23, nan 
-129.125, 71.125, 2.774106994642464e-23, nan 
-128.875, 71.125, 2.971972906318132e-23, nan 
-128.625, 71.125, 2.749068880284527e-23, nan 
-128.375, 71.125, 3.330932726040634e-23, nan 
-128.125, 71.125, 2.4383548888037883e-23, nan 
-127.875, 71.125, 5.349939625337096e-23, nan 
-127.625, 71.125, 3.2163545793808644e-23, nan 
-127.375, 71.125, 1.7976752856703767e-23, nan 
-127.125, 71.125, 6.172066299891909e-23, nan 
-126.875, 71.125, 5.490906609031435e-23, nan 
-126.625, 71.125, 6.165604922708676e-23, nan 
-126.375, 71.125, 8.808484263648999e-23, nan 
-126.125, 71.125, 4.9193211925415627e-23, nan 
-125.875, 71.125, 6.728266185332566e-23, nan 
-125.625, 71.125, 1.1687549080622138e-22, nan 
-125.375, 71.125, 3.7107936586876035e-23, nan 
-125.125, 71.125, 3.699728151475493e-23, nan 
-124.875, 71.125, 5.666143156372753e-23, nan 
-124.625, 71.125, 2.2322902201834622e-23, nan 
-124.375, 71.125, 2.0225745773982304e-23, nan 
-124.125, 71.125, 1.5964509123718948e-23, nan 
-123.875, 71.125, 2.3026445908888056e-23, nan 
-123.625, 71.125, 2.38192906284089e-23, nan 
-123.375, 71.125, 2.2974253579342608e-23, nan 
-123.125, 71.125, 4.2769674025727305e-23, nan 
-122.875, 71.125, 6.378508593543286e-23, nan 
-122.625, 71.125, 5.390508390424458e-23, nan 
-122.375, 71.125, 6.999953985543593e-23, nan 
-122.125, 71.125, 8.86120570501427e-23, nan 
-121.875, 71.125, 6.909997371429548e-23, nan 
-121.625, 71.125, 3.8384344984159033e-23, nan 
-121.375, 71.125, 4.5796372440505575e-23, nan 
-121.125, 71.125, 3.4130088274067293e-23, nan 
-120.875, 71.125, 3.23384056648159e-23, nan 
-120.625, 71.125, 3.001569685252898e-23, nan 
-120.375, 71.125, 2.5015481845015523e-23, nan 
-120.125, 71.125, 2.5414421172681666e-23, nan 
-119.875, 71.125, 3.22168178289126e-23, nan 
-119.625, 71.125, 2.966792743131056e-23, nan 
-119.375, 71.125, 3.316296823179435e-23, nan 
-119.125, 71.125, 2.6022623626458313e-23, nan 
-118.875, 71.125, 2.3334267682865757e-23, nan 
-118.625, 71.125, 2.870370357024529e-23, nan 
-118.375, 71.125, 2.0485668547893974e-23, nan 
-118.125, 71.125, 2.2419472051847253e-23, nan 
-117.875, 71.125, 3.4807462004042964e-23, nan 
-117.625, 71.125, 1.903764962886448e-23, nan 
-117.375, 71.125, 2.9893376053295163e-23, nan 
-117.125, 71.125, 2.1477912254858265e-23, nan 
-116.875, 71.125, 1.2393230623613481e-23, nan 
-116.625, 71.125, 1.282496858786723e-23, nan 
-116.375, 71.125, 1.1969324860218137e-23, nan 
-116.125, 71.125, 1.1493764372173317e-23, nan 
-115.875, 71.125, 1.8395201189904045e-23, nan 
-115.625, 71.125, 2.3308286432967836e-23, nan 
-115.375, 71.125, 1.6267662406887805e-23, nan 
-115.125, 71.125, 1.5292741638778414e-23, nan 
-114.875, 71.125, 1.514162211125807e-23, nan 
-114.625, 71.125, 1.567159055863788e-23, nan 
-114.375, 71.125, 1.5632260847859853e-23, nan 
-114.125, 71.125, 1.548392283063377e-23, nan 
86.375, 71.125, 7.195879765732189e-24, nan 
86.625, 71.125, 4.831055250713617e-24, nan 
86.875, 71.125, 1.051879112980445e-23, nan 
87.125, 71.125, 6.2208739978180205e-24, nan 
87.375, 71.125, 5.911778797772604e-24, nan 
87.625, 71.125, 1.8802943791810866e-23, nan 
87.875, 71.125, 1.1001924821356581e-23, nan 
88.125, 71.125, 7.10812414568184e-24, nan 
88.375, 71.125, 1.0875186504025457e-23, nan 
88.625, 71.125, 7.560635179633674e-24, nan 
88.875, 71.125, 8.26172519368523e-24, nan 
89.125, 71.125, 7.347255883743103e-24, nan 
89.375, 71.125, 8.319819668725674e-24, nan 
89.625, 71.125, 4.334015257978229e-24, nan 
89.875, 71.125, 3.352258019173673e-24, nan 
90.125, 71.125, 4.0207408163994586e-24, nan 
90.375, 71.125, 4.962202743915166e-24, nan 
90.625, 71.125, 7.00875157222901e-24, nan 
90.875, 71.125, 6.866809647908904e-24, nan 
91.125, 71.125, 1.1015115732661349e-23, nan 
91.375, 71.125, 1.2789743139408932e-23, nan 
91.625, 71.125, 1.0327413277531829e-23, nan 
91.875, 71.125, 7.981467255489066e-24, nan 
92.125, 71.125, 5.6379226076316146e-24, nan 
92.375, 71.125, 9.255456242057618e-24, nan 
92.625, 71.125, 1.34249902072387e-23, nan 
92.875, 71.125, 2.0264478613596898e-23, nan 
93.125, 71.125, 2.7430537459747153e-23, nan 
93.375, 71.125, 2.6910093224166844e-23, nan 
93.625, 71.125, 1.9704515357605824e-23, nan 
93.875, 71.125, 1.9189847550699495e-23, nan 
94.125, 71.125, 9.546032998540869e-24, nan 
94.375, 71.125, 1.7162189245460212e-23, nan 
94.625, 71.125, 2.7166982787888135e-23, nan 
94.875, 71.125, 2.3645414368325156e-23, nan 
95.125, 71.125, 1.923413708399135e-23, nan 
95.375, 71.125, 2.1141379221651605e-23, nan 
95.625, 71.125, 2.5729298349387048e-23, nan 
95.875, 71.125, 2.373597934352087e-23, nan 
96.125, 71.125, 3.148643298522438e-23, nan 
96.375, 71.125, 3.500653838699264e-23, nan 
96.625, 71.125, 3.0000905926046164e-23, nan 
96.875, 71.125, 2.5772372828491467e-23, nan 
97.125, 71.125, 2.9444985712815515e-23, nan 
97.375, 71.125, 2.596746339384698e-23, nan 
97.625, 71.125, 1.3760815322877992e-23, nan 
97.875, 71.125, 1.716151926196724e-23, nan 
98.125, 71.125, 1.6853190410589718e-23, nan 
98.375, 71.125, 1.4795334809421597e-23, nan 
98.625, 71.125, 1.8119987405455805e-23, nan 
98.875, 71.125, 2.2678705870729747e-23, nan 
99.125, 71.125, 2.056620568047882e-23, nan 
99.375, 71.125, 2.2535642230619806e-23, nan 
99.625, 71.125, 2.1549018591437268e-23, nan 
99.875, 71.125, 1.6900064279508433e-23, nan 
100.125, 71.125, 2.0563434398628407e-23, nan 
100.375, 71.125, 2.0461966874447678e-23, nan 
100.625, 71.125, 1.1280230159235967e-23, nan 
100.875, 71.125, 1.3529904604821266e-23, nan 
101.125, 71.125, 1.2245250521276847e-23, nan 
101.375, 71.125, 1.0185007955683376e-23, nan 
101.625, 71.125, 2.832235708969036e-23, nan 
101.875, 71.125, 2.550061742358828e-23, nan 
102.125, 71.125, 3.486423283145247e-23, nan 
102.375, 71.125, 3.743747596591608e-23, nan 
102.625, 71.125, 2.7667229478656506e-23, nan 
102.875, 71.125, 2.769163034121051e-23, nan 
103.125, 71.125, 3.0884731443781106e-23, nan 
103.375, 71.125, 2.429274493156849e-23, nan 
103.625, 71.125, 3.125330877146712e-23, nan 
103.875, 71.125, 2.8099309784451254e-23, nan 
104.125, 71.125, 2.649242499903931e-23, nan 
104.375, 71.125, 3.707000839545684e-23, nan 
104.625, 71.125, 2.8970351026476475e-23, nan 
104.875, 71.125, 1.9194157212553845e-23, nan 
105.125, 71.125, 2.384807540285785e-23, nan 
105.375, 71.125, 2.5675251708787443e-23, nan 
105.625, 71.125, 1.882618741337722e-23, nan 
105.875, 71.125, 1.545610824399499e-23, nan 
106.125, 71.125, 4.229186839787009e-23, nan 
106.375, 71.125, 4.294392063601734e-23, nan 
106.625, 71.125, 3.876175797934566e-23, nan 
106.875, 71.125, 3.5589028234090776e-23, nan 
107.125, 71.125, 3.209129052247281e-23, nan 
107.375, 71.125, 2.8710460797335224e-23, nan 
107.625, 71.125, 2.792331898437727e-23, nan 
107.875, 71.125, 1.5044965837862354e-23, nan 
108.125, 71.125, 2.2855185545873445e-23, nan 
108.375, 71.125, 2.1999445408400315e-23, nan 
108.625, 71.125, 1.757561059165921e-23, nan 
108.875, 71.125, 3.1954740017119855e-23, nan 
109.125, 71.125, 3.262746856328561e-23, nan 
109.375, 71.125, 2.585237036472177e-23, nan 
109.625, 71.125, 2.186984413079342e-23, nan 
109.875, 71.125, 3.971400732488591e-23, nan 
110.125, 71.125, 3.9765273696477607e-23, nan 
110.375, 71.125, 4.733054516026144e-23, nan 
110.625, 71.125, 4.0322889368415724e-23, nan 
110.875, 71.125, 5.096934211796702e-23, nan 
111.125, 71.125, 4.0963204135041937e-23, nan 
111.375, 71.125, 3.9705342371913275e-23, nan 
111.625, 71.125, 3.378430449087484e-23, nan 
111.875, 71.125, 3.567117755845894e-23, nan 
112.125, 71.125, 3.440194056835787e-23, nan 
112.375, 71.125, 4.418792999478287e-23, nan 
112.625, 71.125, 2.5824675449188457e-23, nan 
112.875, 71.125, 3.851773853549344e-23, nan 
113.125, 71.125, 8.481018594548742e-23, nan 
113.375, 71.125, 4.6593677993485574e-23, nan 
113.625, 71.125, 4.970659732378357e-23, nan 
113.875, 71.125, 6.492990285039508e-23, nan 
114.125, 71.125, 7.529438737380876e-23, nan 
114.375, 71.125, 5.877319549988527e-23, nan 
114.625, 71.125, 6.907828195775808e-23, nan 
114.875, 71.125, 6.350949999303522e-23, nan 
115.125, 71.125, 1.0428864529671718e-22, nan 
115.375, 71.125, 8.966324881851692e-23, nan 
115.625, 71.125, 6.610754768544029e-23, nan 
115.875, 71.125, 6.644295024824786e-23, nan 
116.125, 71.125, 7.862071234445565e-23, nan 
116.375, 71.125, 7.288552906917676e-23, nan 
116.625, 71.125, 4.98127878517763e-23, nan 
116.875, 71.125, 6.69841950050833e-23, nan 
117.125, 71.125, 4.882297031041798e-23, nan 
117.375, 71.125, 3.8116692843437616e-23, nan 
117.625, 71.125, 4.1208625335929115e-23, nan 
117.875, 71.125, 4.7094462494294524e-23, nan 
118.125, 71.125, 5.062212953576301e-23, nan 
118.375, 71.125, 5.219937394134039e-23, nan 
118.625, 71.125, 5.454713434247903e-23, nan 
118.875, 71.125, 6.691283252537877e-23, nan 
119.125, 71.125, 3.926328785422752e-23, nan 
119.375, 71.125, 1.6298527309668804e-23, nan 
119.625, 71.125, 2.931456910685062e-23, nan 
119.875, 71.125, 2.1293740433988893e-23, nan 
120.125, 71.125, 1.4048717383738154e-23, nan 
120.375, 71.125, 2.473750907523835e-23, nan 
120.625, 71.125, 2.64482259578494e-23, nan 
120.875, 71.125, 2.7672624527156637e-23, nan 
121.125, 71.125, 1.8354335555225355e-23, nan 
121.375, 71.125, 2.057608721489457e-23, nan 
121.625, 71.125, 2.2743491240673283e-23, nan 
121.875, 71.125, 1.9134937979911723e-23, nan 
122.125, 71.125, 3.8618782003238993e-23, nan 
122.375, 71.125, 3.149985400566967e-23, nan 
122.625, 71.125, 4.1045331314110675e-23, nan 
122.875, 71.125, 4.0639794643414305e-23, nan 
123.125, 71.125, 5.573433224855255e-23, nan 
123.375, 71.125, 5.362194138258868e-23, nan 
123.625, 71.125, 5.19099839005841e-23, nan 
123.875, 71.125, 6.525592304007785e-23, nan 
124.125, 71.125, 4.2996774139226835e-23, nan 
124.375, 71.125, 5.735590400849923e-23, nan 
124.625, 71.125, 4.330472774335756e-23, nan 
124.875, 71.125, 2.2700651107048325e-23, nan 
125.125, 71.125, 7.35584779269399e-23, nan 
125.375, 71.125, 8.326809897484066e-23, nan 
125.625, 71.125, 6.996072370192418e-23, nan 
125.875, 71.125, 7.787082439097014e-23, nan 
126.125, 71.125, 1.07345434760476e-22, nan 
126.375, 71.125, 6.322096229830774e-23, nan 
126.625, 71.125, 6.139200553292017e-23, nan 
126.875, 71.125, 1.0340232594559166e-22, nan 
127.125, 71.125, 8.113171911802736e-23, nan 
127.375, 71.125, 1.1491784655271635e-22, nan 
127.625, 71.125, 9.322531634812114e-23, nan 
127.875, 71.125, 7.683565839834664e-23, nan 
128.125, 71.125, 1.0420602763118455e-22, nan 
128.375, 71.125, 7.749377208772314e-23, nan 
128.625, 71.125, 5.2205747575839064e-23, nan 
128.875, 71.125, 4.277948902717511e-23, nan 
129.125, 71.125, 1.0220119645680377e-22, nan 
129.375, 71.125, 5.808634731382647e-23, nan 
129.625, 71.125, 3.943074769578846e-23, nan 
129.875, 71.125, 7.157119238550039e-23, nan 
130.125, 71.125, 3.490237188891048e-23, nan 
130.375, 71.125, 9.695384709385748e-23, nan 
130.625, 71.125, 4.192766625815703e-23, nan 
130.875, 71.125, 9.081559173534933e-23, nan 
131.125, 71.125, 1.742527348001228e-22, nan 
131.375, 71.125, 8.22272107056423e-23, nan 
131.625, 71.125, 1.0071640350758701e-22, nan 
131.875, 71.125, 2.208795966256374e-22, nan 
132.125, 71.125, 1.0175422461857854e-22, nan 
132.375, 71.125, 1.1132921834259037e-22, nan 
132.625, 71.125, 1.9802182466987484e-22, nan 
132.875, 71.125, 7.705202728129163e-23, nan 
133.125, 71.125, 5.694824174146997e-23, nan 
133.375, 71.125, 9.966532971782335e-23, nan 
133.625, 71.125, 1.5107130228103897e-22, nan 
133.875, 71.125, 1.6020890671512242e-22, nan 
134.125, 71.125, 1.5524735475561365e-22, nan 
134.375, 71.125, 1.6084887228307519e-22, nan 
134.625, 71.125, 1.351109393913612e-22, nan 
134.875, 71.125, 8.192363174622224e-23, nan 
135.125, 71.125, 4.562823731733726e-23, nan 
135.375, 71.125, 6.576911529376588e-23, nan 
135.625, 71.125, 6.959520029711455e-23, nan 
135.875, 71.125, 5.477191049263961e-23, nan 
136.125, 71.125, 6.916950652066236e-23, nan 
136.375, 71.125, 5.718555501895152e-23, nan 
136.625, 71.125, 6.174366082077637e-23, nan 
136.875, 71.125, 1.0256918588121327e-22, nan 
137.125, 71.125, 1.3000459449181775e-22, nan 
137.375, 71.125, 1.5093719141730206e-22, nan 
137.625, 71.125, 1.2361344537495663e-22, nan 
137.875, 71.125, 1.3964876286947617e-22, nan 
138.125, 71.125, 1.6023490633503812e-22, nan 
138.375, 71.125, 1.453333310774042e-22, nan 
138.625, 71.125, 2.8694716773705467e-22, nan 
138.875, 71.125, 2.695292706224314e-22, nan 
139.125, 71.125, 2.795062527651505e-22, nan 
139.375, 71.125, 2.89459406026777e-22, nan 
139.625, 71.125, 1.4669146334616384e-22, nan 
139.875, 71.125, 1.0557834245854394e-22, nan 
140.125, 71.125, 1.0835624422696264e-22, nan 
140.375, 71.125, 1.5557689588130407e-22, nan 
140.625, 71.125, 3.325571829015161e-23, nan 
140.875, 71.125, 2.189947143601212e-22, nan 
141.125, 71.125, 3.3812557907348514e-22, nan 
141.375, 71.125, 1.991623514751261e-22, nan 
141.625, 71.125, 2.124870660733511e-22, nan 
141.875, 71.125, 4.201472006992155e-22, nan 
142.125, 71.125, 5.840965723195751e-22, nan 
142.375, 71.125, 6.940766584265741e-22, nan 
142.625, 71.125, 5.3899234578580985e-22, nan 
142.875, 71.125, 9.62748186686015e-22, nan 
143.125, 71.125, 1.3371762232014638e-21, nan 
143.375, 71.125, 4.201312830210974e-22, nan 
143.625, 71.125, 5.374433179098927e-22, nan 
143.875, 71.125, 7.708254618911647e-22, nan 
144.125, 71.125, 4.663852611982979e-22, nan 
144.375, 71.125, 4.743940276162444e-22, nan 
144.625, 71.125, 3.885240802517038e-22, nan 
144.875, 71.125, 4.511937087441559e-22, nan 
145.125, 71.125, 5.011571286775823e-22, nan 
145.375, 71.125, 3.6458600600155052e-22, nan 
145.625, 71.125, 5.874558589620067e-22, nan 
145.875, 71.125, 3.3664804169650523e-22, nan 
146.125, 71.125, 3.658214771859234e-22, nan 
146.375, 71.125, 4.34936158589091e-22, nan 
146.625, 71.125, 3.4260903514489903e-22, nan 
146.875, 71.125, 6.055096806984369e-22, nan 
147.125, 71.125, 7.15281816840713e-22, nan 
147.375, 71.125, 3.794650700274738e-22, nan 
147.625, 71.125, 2.5575903361254778e-22, nan 
147.875, 71.125, 3.414168539054319e-22, nan 
148.125, 71.125, 2.5641845146449897e-22, nan 
148.375, 71.125, 3.2475951214297644e-22, nan 
148.625, 71.125, 5.0006496208752995e-22, nan 
148.875, 71.125, 4.62788729775514e-22, nan 
149.125, 71.125, 6.626440629924397e-22, nan 
149.375, 71.125, 5.479053309013992e-22, nan 
149.625, 71.125, 4.896483240975576e-22, nan 
149.875, 71.125, 9.836417953460536e-22, nan 
150.125, 71.125, 8.81260890941577e-22, nan 
150.375, 71.125, 8.303809446162159e-22, nan 
150.625, 71.125, 7.521680447533473e-22, nan 
150.875, 71.125, 5.354091750117024e-22, nan 
151.125, 71.125, 9.145663389078394e-22, nan 
151.375, 71.125, 9.216266276489263e-22, nan 
151.625, 71.125, 5.313258525258492e-22, nan 
151.875, 71.125, 8.388799933154016e-22, nan 
152.125, 71.125, 1.5529473832421096e-21, nan 
152.375, 71.125, 1.4176592090307241e-21, nan 
152.625, 71.125, 1.1068660641030567e-21, nan 
152.875, 71.125, 1.927142059795696e-21, nan 
153.125, 71.125, 2.5365608407167862e-21, nan 
153.375, 71.125, 2.4229345727268573e-21, nan 
153.625, 71.125, 2.3957038585730686e-21, nan 
153.875, 71.125, 1.7327700603051324e-21, nan 
154.125, 71.125, 1.2533203252336169e-21, nan 
154.375, 71.125, 1.751231142584338e-21, nan 
154.625, 71.125, 1.2693550169963984e-21, nan 
154.875, 71.125, 1.3133823266121747e-21, nan 
155.125, 71.125, 1.930010453105203e-21, nan 
155.375, 71.125, 1.781186375014513e-21, nan 
155.625, 71.125, 1.8256443732726087e-21, nan 
155.875, 71.125, 4.8675925346757614e-21, nan 
156.125, 71.125, 6.1513469306291786e-21, nan 
156.375, 71.125, 8.27794352276745e-21, nan 
156.625, 71.125, 4.8172474135335493e-20, nan 
156.875, 71.125, 5.600612037592583e-20, nan 
157.125, 71.125, 1.1502362878562418e-20, nan 
157.375, 71.125, 1.1241363378145235e-19, nan 
157.625, 71.125, 1.2424724368751973e-19, nan 
157.875, 71.125, 1.658602483712334e-20, nan 
158.125, 71.125, 6.862930261506983e-20, nan 
158.375, 71.125, 7.704702247807838e-20, nan 
158.625, 71.125, 1.8976909633516253e-20, nan 
158.875, 71.125, 1.807114486669572e-20, nan 
159.125, 71.125, 1.8712703678005796e-20, nan 
159.375, 71.125, 9.066797606259452e-21, nan 
159.625, 71.125, 1.0546060294033162e-20, nan 
159.875, 71.125, 2.5504847488470878e-21, nan 
160.125, 71.125, 1.2056191340322144e-20, nan 
160.375, 71.125, 1.4547237707145657e-20, nan 
160.625, 71.125, 5.8958333705734356e-21, nan 
160.875, 71.125, 1.0941856503393586e-20, nan 
161.125, 71.125, 1.5006037699119082e-20, nan 
161.375, 71.125, 9.43528905960129e-21, nan 
161.625, 71.125, 8.809334126648392e-21, nan 
161.875, 71.125, 2.911469956489854e-20, nan 
162.125, 71.125, 5.751203288071807e-20, nan 
162.375, 71.125, 3.369027396970619e-20, nan 
162.625, 71.125, 3.5505489656445595e-20, nan 
162.875, 71.125, 8.795120396282966e-20, nan 
163.125, 71.125, 6.641088467991816e-20, nan 
163.375, 71.125, 1.710516099025361e-19, nan 
163.625, 71.125, 1.7176406655880693e-19, nan 
163.875, 71.125, 8.566280753090337e-20, nan 
164.125, 71.125, 3.248576404755069e-19, nan 
164.375, 71.125, 1.9083053240039679e-19, nan 
164.625, 71.125, 1.1323704245606867e-19, nan 
164.875, 71.125, 3.315301541383783e-19, nan 
165.125, 71.125, 2.9532675014293214e-19, nan 
165.375, 71.125, 1.5234975942334336e-19, nan 
165.625, 71.125, 1.798827291896736e-19, nan 
165.875, 71.125, 9.658465057879728e-20, nan 
166.125, 71.125, 1.0179747676337457e-19, nan 
166.375, 71.125, 1.687330655349385e-19, nan 
166.625, 71.125, 7.414610428429785e-20, nan 
166.875, 71.125, 1.0485200951385931e-19, nan 
167.125, 71.125, 8.141112385155551e-20, nan 
167.375, 71.125, 6.39921232392188e-20, nan 
167.625, 71.125, 1.1366785531049529e-19, nan 
167.875, 71.125, 9.364292749683591e-20, nan 
168.125, 71.125, 7.971920023041512e-20, nan 
168.375, 71.125, 5.025164937857003e-20, nan 
168.625, 71.125, 5.653873257978178e-20, nan 
168.875, 71.125, 8.273837551431622e-20, nan 
169.125, 71.125, 5.001716331423874e-20, nan 
169.375, 71.125, 1.0091638434061567e-19, nan 
169.625, 71.125, 8.649714852931189e-20, nan 
169.875, 71.125, 7.880791511407315e-20, nan 
170.125, 71.125, 6.397748249000224e-20, nan 
170.375, 71.125, 1.2245587025883032e-19, nan 
170.625, 71.125, 4.137157865108854e-20, nan 
170.875, 71.125, 3.816699673070549e-20, nan 
171.125, 71.125, 3.721708574348037e-20, nan 
171.375, 71.125, 3.245270676838461e-20, nan 
171.625, 71.125, 2.792736622902464e-20, nan 
171.875, 71.125, 2.896714457180179e-20, nan 
172.125, 71.125, 2.1913462541578772e-20, nan 
172.375, 71.125, 9.854143612796243e-21, nan 
172.625, 71.125, 1.0177222464841707e-20, nan 
172.875, 71.125, 9.621173677547631e-21, nan 
173.125, 71.125, 1.0675335108476267e-20, nan 
173.375, 71.125, 7.855228082002717e-21, nan 
173.625, 71.125, 1.1632436898226802e-20, nan 
173.875, 71.125, 1.4455635427466607e-20, nan 
174.125, 71.125, 1.4721101626630238e-20, nan 
174.375, 71.125, 1.3723922673281972e-20, nan 
174.625, 71.125, 1.3500930089954661e-20, nan 
174.875, 71.125, 1.3224790179753232e-20, nan 
175.125, 71.125, 1.0784274977976761e-20, nan 
175.375, 71.125, 2.7971205344692636e-21, nan 
175.625, 71.125, 5.2705432236019224e-21, nan 
175.875, 71.125, 5.008247828268322e-21, nan 
176.125, 71.125, 6.783508626394317e-21, nan 
176.375, 71.125, 8.472311115131327e-21, nan 
176.625, 71.125, 6.025292505826104e-21, nan 
176.875, 71.125, 5.8781624636545975e-21, nan 
177.125, 71.125, 7.92013360784996e-21, nan 
177.375, 71.125, 5.958237585147213e-21, nan 
177.625, 71.125, 3.1213579359219508e-21, nan 
177.875, 71.125, 2.9177883184253553e-21, nan 
178.125, 71.125, 4.249303893110494e-21, nan 
178.375, 71.125, 3.652579203766459e-21, nan 
178.625, 71.125, 1.5439065602070288e-21, nan 
178.875, 71.125, 2.914360779531243e-21, nan 
179.125, 71.125, 3.320049693177347e-21, nan 
179.375, 71.125, 1.6502372032428416e-21, nan 
179.625, 71.125, 2.051465420491599e-21, nan 
179.875, 71.125, 3.1222512371255128e-21, nan 
-179.875, 71.375, 4.572625668241044e-21, nan 
-179.625, 71.375, 3.730305139147478e-21, nan 
-179.375, 71.375, 2.7635833430785473e-21, nan 
-179.125, 71.375, 4.3735268733695466e-21, nan 
-178.875, 71.375, 2.655664165098901e-21, nan 
-178.625, 71.375, 2.588862339266906e-21, nan 
-178.375, 71.375, 2.7575398187442518e-21, nan 
-178.125, 71.375, 2.1320651255072293e-21, nan 
-177.875, 71.375, 1.9711621856717463e-21, nan 
-177.625, 71.375, 2.26039786216299e-21, nan 
-177.375, 71.375, 1.413232934995851e-21, nan 
-177.125, 71.375, 1.353209115204033e-21, nan 
-176.875, 71.375, 1.9079282556463922e-21, nan 
-176.625, 71.375, 1.7646687573009726e-21, nan 
-176.375, 71.375, 1.1761895883715806e-21, nan 
-176.125, 71.375, 1.5536768358456146e-21, nan 
-175.875, 71.375, 1.924513879130252e-21, nan 
-175.625, 71.375, 1.0466984721238212e-21, nan 
-175.375, 71.375, 7.379028825262467e-22, nan 
-175.125, 71.375, 9.10985538763342e-22, nan 
-174.875, 71.375, 1.1861428091840457e-21, nan 
-174.625, 71.375, 8.798542580322994e-22, nan 
-174.375, 71.375, 6.311489910725266e-22, nan 
-174.125, 71.375, 3.35758041084772e-22, nan 
-173.875, 71.375, 7.053555641073407e-22, nan 
-173.625, 71.375, 7.994193040277538e-22, nan 
-173.375, 71.375, 7.686217412849285e-22, nan 
-173.125, 71.375, 1.0554240222881728e-21, nan 
-172.875, 71.375, 1.0571876789098757e-21, nan 
-172.625, 71.375, 7.218681630478081e-22, nan 
-172.375, 71.375, 7.115749412537236e-22, nan 
-172.125, 71.375, 7.186501941841615e-22, nan 
-171.875, 71.375, 6.40245360517959e-22, nan 
-171.625, 71.375, 8.316202811397721e-22, nan 
-171.375, 71.375, 9.516476022822922e-22, nan 
-171.125, 71.375, 9.918373231228119e-22, nan 
-170.875, 71.375, 7.480607399816152e-22, nan 
-170.625, 71.375, 4.197200495517282e-22, nan 
-170.375, 71.375, 3.789103758395622e-22, nan 
-170.125, 71.375, 3.495875927472157e-22, nan 
-169.875, 71.375, 3.3159474415678715e-22, nan 
-169.625, 71.375, 3.6611444064490007e-22, nan 
-169.375, 71.375, 3.5704461109440405e-22, nan 
-169.125, 71.375, 7.497167646244809e-22, nan 
-168.875, 71.375, 4.464139064838803e-22, nan 
-168.625, 71.375, 3.405103446936807e-22, nan 
-168.375, 71.375, 8.059499721253235e-22, nan 
-168.125, 71.375, 5.978599368244121e-22, nan 
-167.875, 71.375, 6.8437783331981535e-22, nan 
-167.625, 71.375, 7.818573041323439e-22, nan 
-167.375, 71.375, 7.4238648380694065e-22, nan 
-167.125, 71.375, 1.174546518521459e-21, nan 
-166.875, 71.375, 7.438252880225516e-22, nan 
-166.625, 71.375, 3.147865607748613e-21, nan 
-166.375, 71.375, 4.648989308092585e-22, nan 
-166.125, 71.375, 2.637445050434336e-21, nan 
-165.875, 71.375, 9.170909036184457e-22, nan 
-165.625, 71.375, 5.843877931179818e-22, nan 
-165.375, 71.375, 4.1269981369489226e-22, nan 
-165.125, 71.375, 2.764596633619365e-22, nan 
-164.875, 71.375, 3.188452192180264e-22, nan 
-164.625, 71.375, 5.0605702325535145e-22, nan 
-164.375, 71.375, 4.253730523986294e-22, nan 
-164.125, 71.375, 3.842940916370942e-22, nan 
-163.875, 71.375, 4.477960793830326e-22, nan 
-163.625, 71.375, 3.7653248048864883e-22, nan 
-163.375, 71.375, 3.5829356418002203e-22, nan 
-163.125, 71.375, 2.4988446035009534e-22, nan 
-162.875, 71.375, 1.406274562273059e-22, nan 
-162.625, 71.375, 2.6763341411246033e-22, nan 
-162.375, 71.375, 1.885209451176794e-22, nan 
-162.125, 71.375, 1.833463060234778e-22, nan 
-161.875, 71.375, 1.9193004108190214e-22, nan 
-161.625, 71.375, 1.7792455891707693e-22, nan 
-161.375, 71.375, 1.7372098947943662e-22, nan 
-161.125, 71.375, 2.287572517231378e-22, nan 
-160.875, 71.375, 2.5317082144076468e-22, nan 
-160.625, 71.375, 1.5205259114131945e-22, nan 
-160.375, 71.375, 1.887217388125105e-22, nan 
-160.125, 71.375, 2.1087695269795725e-22, nan 
-159.875, 71.375, 1.5687168153316e-22, nan 
-159.625, 71.375, 1.778820260519214e-22, nan 
-159.375, 71.375, 1.109979285065229e-22, nan 
-159.125, 71.375, 1.077536577554426e-22, nan 
-158.875, 71.375, 2.2351875752189527e-22, nan 
-158.625, 71.375, 2.0663559906265862e-22, nan 
-158.375, 71.375, 2.2167348426221875e-22, nan 
-158.125, 71.375, 1.513831844182223e-22, nan 
-157.875, 71.375, 1.6524208747603759e-22, nan 
-157.625, 71.375, 1.740663918288508e-22, nan 
-157.375, 71.375, 1.3732924116863397e-22, nan 
-157.125, 71.375, 1.1654307782445078e-22, nan 
-156.875, 71.375, 1.3878192992133522e-22, nan 
-156.625, 71.375, 1.67644611359066e-22, nan 
-156.375, 71.375, 1.231620471978587e-22, nan 
-156.125, 71.375, 1.0348534605368804e-22, nan 
-155.875, 71.375, 1.4120243814544347e-22, nan 
-155.625, 71.375, 1.0627501236811534e-22, nan 
-155.375, 71.375, 7.047108674146632e-23, nan 
-155.125, 71.375, 9.288359087746806e-23, nan 
-154.875, 71.375, 1.3052552888780853e-22, nan 
-154.625, 71.375, 1.2329204950116382e-22, nan 
-154.375, 71.375, 1.0059389559703152e-22, nan 
-154.125, 71.375, 1.0332594754853152e-22, nan 
-153.875, 71.375, 1.1529935353765567e-22, nan 
-153.625, 71.375, 6.449773673639928e-23, nan 
-153.375, 71.375, 7.90133108719609e-23, nan 
-153.125, 71.375, 1.4936948553679968e-22, nan 
-152.875, 71.375, 5.89950121508513e-23, nan 
-152.625, 71.375, 6.171481236393867e-23, nan 
-152.375, 71.375, 1.1016055352276415e-22, nan 
-152.125, 71.375, 7.666344569350333e-23, nan 
-151.875, 71.375, 3.7828179457146347e-23, nan 
-151.625, 71.375, 4.7597452501497046e-23, nan 
-151.375, 71.375, 4.5363772034030125e-23, nan 
-151.125, 71.375, 3.651557253422769e-23, nan 
-150.875, 71.375, 5.360809614405521e-23, nan 
-150.625, 71.375, 6.129812484856915e-23, nan 
-150.375, 71.375, 5.015444496850189e-23, nan 
-150.125, 71.375, 5.446562459606985e-23, nan 
-149.875, 71.375, 5.763783716221344e-23, nan 
-149.625, 71.375, 5.0962417922669614e-23, nan 
-149.375, 71.375, 5.453129811543445e-23, nan 
-149.125, 71.375, 4.4051196253490276e-23, nan 
-148.875, 71.375, 4.351751019693148e-23, nan 
-148.625, 71.375, 3.518512789482347e-23, nan 
-148.375, 71.375, 5.731958237701321e-23, nan 
-148.125, 71.375, 3.571332613439832e-23, nan 
-147.875, 71.375, 2.5406002876459434e-23, nan 
-147.625, 71.375, 4.096069792856083e-23, nan 
-147.375, 71.375, 3.879062502995259e-23, nan 
-147.125, 71.375, 6.626692596191621e-23, nan 
-146.875, 71.375, 7.435392016234213e-23, nan 
-146.625, 71.375, 5.30766472357029e-23, nan 
-146.375, 71.375, 4.8354323837530515e-23, nan 
-146.125, 71.375, 4.0242655681151966e-23, nan 
-145.875, 71.375, 3.5049989495289105e-23, nan 
-145.625, 71.375, 4.4554072017121597e-23, nan 
-145.375, 71.375, 4.815680590080479e-23, nan 
-145.125, 71.375, 4.3849475733132287e-23, nan 
-144.875, 71.375, 5.0600376582265256e-23, nan 
-144.625, 71.375, 4.885310805117134e-23, nan 
-144.375, 71.375, 5.949105024506338e-23, nan 
-144.125, 71.375, 6.406291147008059e-23, nan 
-143.875, 71.375, 3.0393419027552475e-23, nan 
-143.625, 71.375, 9.857355916929451e-23, nan 
-143.375, 71.375, 6.956137290645091e-23, nan 
-143.125, 71.375, 6.939289444206333e-23, nan 
-142.875, 71.375, 1.7326378454474363e-22, nan 
-142.625, 71.375, 1.2263329881436665e-22, nan 
-142.375, 71.375, 6.126777012121775e-23, nan 
-142.125, 71.375, 1.87745457832052e-22, nan 
-141.875, 71.375, 1.7044150554070796e-22, nan 
-141.625, 71.375, 1.358873667916617e-22, nan 
-141.375, 71.375, 1.4106607704556301e-22, nan 
-141.125, 71.375, 1.102322769987384e-22, nan 
-140.875, 71.375, 1.172465952820738e-22, nan 
-140.625, 71.375, 1.25096263432992e-22, nan 
-140.375, 71.375, 5.869659096314551e-23, nan 
-140.125, 71.375, 7.04056328554252e-23, nan 
-139.875, 71.375, 8.435799632777371e-23, nan 
-139.625, 71.375, 9.351747630938462e-23, nan 
-139.375, 71.375, 7.79441030126219e-23, nan 
-139.125, 71.375, 1.30980791663897e-22, nan 
-138.875, 71.375, 9.621859430123047e-23, nan 
-138.625, 71.375, 7.991518458645439e-23, nan 
-138.375, 71.375, 4.932052377352134e-23, nan 
-138.125, 71.375, 4.853610648453239e-23, nan 
-137.875, 71.375, 5.390508483204456e-23, nan 
-137.625, 71.375, 5.217561811927555e-23, nan 
-137.375, 71.375, 4.1886757249326355e-23, nan 
-137.125, 71.375, 2.95524958001347e-23, nan 
-136.875, 71.375, 3.382310426908091e-23, nan 
-136.625, 71.375, 3.7373855620278615e-23, nan 
-136.375, 71.375, 5.432598166198998e-23, nan 
-136.125, 71.375, 4.727228275870639e-23, nan 
-135.875, 71.375, 1.5786428416655407e-23, nan 
-135.625, 71.375, 4.7958675494795517e-23, nan 
-135.375, 71.375, 2.804706094330901e-23, nan 
-135.125, 71.375, 2.1383991156985055e-23, nan 
-134.875, 71.375, 2.3766956923444235e-23, nan 
-134.625, 71.375, 2.252705586987371e-23, nan 
-134.375, 71.375, 2.8999222830492116e-23, nan 
-134.125, 71.375, 2.772363689654217e-23, nan 
-133.875, 71.375, 4.8503424937017766e-23, nan 
-133.625, 71.375, 5.555444447339363e-23, nan 
-133.375, 71.375, 5.65561167626748e-23, nan 
-133.125, 71.375, 3.701607259091115e-23, nan 
-132.875, 71.375, 4.1721514038549406e-23, nan 
-132.625, 71.375, 2.752861590744858e-23, nan 
-132.375, 71.375, 2.7376801877929196e-23, nan 
-132.125, 71.375, 3.3986417062409756e-23, nan 
-131.875, 71.375, 3.634401860338401e-23, nan 
-131.625, 71.375, 2.3395200145083073e-23, nan 
-131.375, 71.375, 2.4169605138662772e-23, nan 
-131.125, 71.375, 2.9824916685215434e-23, nan 
-130.875, 71.375, 2.2210164363574057e-23, nan 
-130.625, 71.375, 1.621854674806149e-23, nan 
-130.375, 71.375, 1.287605014111111e-23, nan 
-130.125, 71.375, 1.9593410024202462e-23, nan 
-129.875, 71.375, 3.409955332561441e-23, nan 
-129.625, 71.375, 3.210160668178034e-23, nan 
-129.375, 71.375, 3.1196936986832314e-23, nan 
-129.125, 71.375, 3.9655830623059116e-23, nan 
-128.875, 71.375, 3.668259252416475e-23, nan 
-128.625, 71.375, 3.569193943120647e-23, nan 
-128.375, 71.375, 5.437407884283401e-23, nan 
-128.125, 71.375, 4.2307525387467285e-23, nan 
-127.875, 71.375, 4.038974743387374e-23, nan 
-127.625, 71.375, 5.864115816834617e-23, nan 
-127.375, 71.375, 5.46708861212859e-23, nan 
-127.125, 71.375, 3.629618513152895e-23, nan 
-126.875, 71.375, 9.5911955602036e-23, nan 
-126.625, 71.375, 1.3098181301600011e-22, nan 
-126.375, 71.375, 4.8034966834484e-23, nan 
-126.125, 71.375, 9.503421904321944e-23, nan 
-125.875, 71.375, 1.6479634459891427e-22, nan 
-125.625, 71.375, 7.915037426161056e-23, nan 
-125.375, 71.375, 3.9486213095527065e-23, nan 
-125.125, 71.375, 8.5657773037399e-23, nan 
-124.875, 71.375, 3.857064599963843e-23, nan 
-124.625, 71.375, 3.4745477386427346e-23, nan 
-124.375, 71.375, 8.455648501342914e-23, nan 
-124.125, 71.375, 1.3234046987878323e-22, nan 
-123.875, 71.375, 2.6336780212651934e-23, nan 
-123.625, 71.375, 9.722798269088502e-24, nan 
-123.375, 71.375, 1.2483786404022502e-23, nan 
-123.125, 71.375, 2.6263479531185305e-23, nan 
-122.875, 71.375, 1.8630427906618018e-23, nan 
-122.625, 71.375, 1.6750225801931784e-23, nan 
-122.375, 71.375, 4.9418898631211026e-23, nan 
-122.125, 71.375, 6.454446984226308e-23, nan 
-121.875, 71.375, 4.4612799973823476e-23, nan 
-121.625, 71.375, 3.371279464911854e-23, nan 
-121.375, 71.375, 2.9696689555332345e-23, nan 
-121.125, 71.375, 2.0664336753855892e-23, nan 
-120.875, 71.375, 2.4704503313020983e-23, nan 
-120.625, 71.375, 2.386761967994067e-23, nan 
-120.375, 71.375, 2.136619109630371e-23, nan 
-120.125, 71.375, 2.3437475162742443e-23, nan 
-119.875, 71.375, 3.0772650456828817e-23, nan 
-119.625, 71.375, 3.104898388502256e-23, nan 
-119.375, 71.375, 3.2858782724166885e-23, nan 
-119.125, 71.375, 1.8580143071120508e-23, nan 
-118.875, 71.375, 2.6734237567483554e-23, nan 
-118.625, 71.375, 2.029431458118578e-23, nan 
-118.375, 71.375, 2.702026181941878e-23, nan 
-118.125, 71.375, 2.676921948460798e-23, nan 
-117.875, 71.375, 2.2180835694741635e-23, nan 
-117.625, 71.375, 2.6272358003989378e-23, nan 
-117.375, 71.375, 3.5060396099832733e-23, nan 
-117.125, 71.375, 3.439314895933457e-23, nan 
-116.875, 71.375, 4.582233825712239e-23, nan 
-116.625, 71.375, 2.8075823171982284e-23, nan 
-116.375, 71.375, 1.0054531404537026e-23, nan 
-116.125, 71.375, 1.2929740237411663e-23, nan 
-115.875, 71.375, 9.19592276949591e-24, nan 
-115.625, 71.375, 1.0003173748768369e-23, nan 
-115.375, 71.375, 7.478322513581648e-24, nan 
-115.125, 71.375, 6.41829969241468e-24, nan 
-114.875, 71.375, 5.67899439084982e-24, nan 
-114.625, 71.375, 7.448163309137399e-24, nan 
-114.375, 71.375, 1.0348054527479232e-23, nan 
-114.125, 71.375, 1.469199087771358e-23, nan 
-113.875, 71.375, 1.3990828801549233e-23, nan 
85.875, 71.375, 9.12917630031371e-24, nan 
86.125, 71.375, 1.1435719991755728e-23, nan 
86.375, 71.375, 1.4368035026862502e-23, nan 
86.625, 71.375, 6.978550513896425e-24, nan 
86.875, 71.375, 9.189358516602338e-24, nan 
87.125, 71.375, 7.27136988965662e-24, nan 
87.375, 71.375, 8.271431307714862e-24, nan 
87.625, 71.375, 1.307667063806968e-23, nan 
87.875, 71.375, 1.1474397456640626e-23, nan 
88.125, 71.375, 7.926105479211283e-24, nan 
88.375, 71.375, 1.0639131286304095e-23, nan 
88.625, 71.375, 1.1232419717296174e-23, nan 
88.875, 71.375, 1.0076874450474231e-23, nan 
89.125, 71.375, 1.3337206868176364e-23, nan 
89.375, 71.375, 1.0017235177950755e-23, nan 
89.625, 71.375, 8.478297633474942e-24, nan 
89.875, 71.375, 1.4817291449205403e-23, nan 
90.125, 71.375, 1.098643056503824e-23, nan 
90.375, 71.375, 7.815275333985724e-24, nan 
90.625, 71.375, 1.0811694509627077e-23, nan 
90.875, 71.375, 1.0918121360724035e-23, nan 
91.125, 71.375, 1.2149718164840729e-23, nan 
91.375, 71.375, 1.3772595240100383e-23, nan 
91.625, 71.375, 1.1327245344409756e-23, nan 
91.875, 71.375, 6.859813543581996e-24, nan 
92.125, 71.375, 1.3842422088422743e-23, nan 
92.375, 71.375, 1.520266785833096e-23, nan 
92.625, 71.375, 1.3146298803355103e-23, nan 
92.875, 71.375, 1.7976815704769227e-23, nan 
93.125, 71.375, 2.2283060033298264e-23, nan 
93.375, 71.375, 2.268205867384045e-23, nan 
93.625, 71.375, 2.1474640527224086e-23, nan 
93.875, 71.375, 2.2591838848527213e-23, nan 
94.125, 71.375, 2.4719443040574095e-23, nan 
94.375, 71.375, 2.0988573253149082e-23, nan 
94.625, 71.375, 7.230324927029043e-24, nan 
94.875, 71.375, 1.0854762364070777e-23, nan 
95.125, 71.375, 1.437426319722657e-23, nan 
95.375, 71.375, 1.9542672761818342e-23, nan 
95.625, 71.375, 2.4772053034806886e-23, nan 
95.875, 71.375, 2.3465139422174573e-23, nan 
96.125, 71.375, 3.242953328874437e-23, nan 
96.375, 71.375, 3.720576971022916e-23, nan 
96.625, 71.375, 3.1341064340982284e-23, nan 
96.875, 71.375, 3.007870043385164e-23, nan 
97.125, 71.375, 4.564173028274916e-23, nan 
97.375, 71.375, 4.0309807114609295e-23, nan 
97.625, 71.375, 3.450637176776946e-23, nan 
97.875, 71.375, 5.515055495116897e-23, nan 
98.125, 71.375, 5.305183939683883e-23, nan 
98.375, 71.375, 4.734728083406346e-23, nan 
98.625, 71.375, 4.447779077304452e-23, nan 
98.875, 71.375, 5.0212344629295714e-23, nan 
99.125, 71.375, 4.286964251125304e-23, nan 
99.375, 71.375, 3.0406074384564467e-23, nan 
99.625, 71.375, 1.579464817634676e-23, nan 
99.875, 71.375, 1.3991898322260562e-23, nan 
100.125, 71.375, 2.413241232228613e-23, nan 
100.375, 71.375, 3.6357981360393417e-23, nan 
100.625, 71.375, 4.117223018394248e-23, nan 
100.875, 71.375, 3.894484409228087e-23, nan 
101.125, 71.375, 3.8497472142872755e-23, nan 
101.375, 71.375, 3.457197828500658e-23, nan 
101.625, 71.375, 3.6256353191302125e-23, nan 
101.875, 71.375, 3.11160030908654e-23, nan 
102.125, 71.375, 3.608286131435517e-23, nan 
102.375, 71.375, 4.526580376185782e-23, nan 
102.625, 71.375, 4.1064869139180667e-23, nan 
102.875, 71.375, 1.3456880851552345e-23, nan 
103.125, 71.375, 1.1598818736781935e-23, nan 
103.375, 71.375, 2.1112233400436587e-23, nan 
103.625, 71.375, 7.616294060843067e-24, nan 
103.875, 71.375, 1.0555435809228002e-23, nan 
104.125, 71.375, 1.2338496992663566e-23, nan 
104.375, 71.375, 3.395023347263209e-23, nan 
104.625, 71.375, 3.33941659669181e-23, nan 
104.875, 71.375, 3.330902888415164e-23, nan 
105.125, 71.375, 6.180612279113677e-23, nan 
105.375, 71.375, 4.912682063204425e-23, nan 
105.625, 71.375, 4.1377014401336794e-23, nan 
105.875, 71.375, 4.321335730225772e-23, nan 
106.125, 71.375, 4.723510345548205e-23, nan 
106.375, 71.375, 5.2574465350730854e-23, nan 
106.625, 71.375, 4.085792928385627e-23, nan 
106.875, 71.375, 3.683573780746629e-23, nan 
107.125, 71.375, 3.529071719328992e-23, nan 
107.375, 71.375, 3.2711083198319384e-23, nan 
107.625, 71.375, 3.761371950893559e-23, nan 
107.875, 71.375, 3.9472338210473626e-23, nan 
108.125, 71.375, 3.6770626115800523e-23, nan 
108.375, 71.375, 3.857857042883509e-23, nan 
108.625, 71.375, 3.581957748818802e-23, nan 
108.875, 71.375, 3.7122557925746386e-23, nan 
109.125, 71.375, 4.0362713885129964e-23, nan 
109.375, 71.375, 4.4855814561851375e-23, nan 
109.625, 71.375, 4.289043503130158e-23, nan 
109.875, 71.375, 4.083420687787418e-23, nan 
110.125, 71.375, 4.456942017369556e-23, nan 
110.375, 71.375, 5.333749565699893e-23, nan 
110.625, 71.375, 3.824456812138235e-23, nan 
110.875, 71.375, 4.708316731655547e-23, nan 
111.125, 71.375, 3.749505330617803e-23, nan 
111.375, 71.375, 3.6562594636050233e-23, nan 
111.625, 71.375, 3.2697894278297176e-23, nan 
111.875, 71.375, 2.876173289111666e-23, nan 
112.125, 71.375, 3.5622147730759607e-23, nan 
112.375, 71.375, 4.846344562584284e-23, nan 
112.625, 71.375, 2.960068070304279e-23, nan 
112.875, 71.375, 4.0480927318283696e-23, nan 
113.125, 71.375, 7.385527175392597e-23, nan 
113.375, 71.375, 4.6976492128139386e-23, nan 
113.625, 71.375, 4.9385282889621737e-23, nan 
113.875, 71.375, 5.596914751118317e-23, nan 
114.125, 71.375, 6.385366004734407e-23, nan 
114.375, 71.375, 5.315107779068151e-23, nan 
114.625, 71.375, 6.610757938688215e-23, nan 
114.875, 71.375, 5.57849993032291e-23, nan 
115.125, 71.375, 8.465900593298513e-23, nan 
115.375, 71.375, 7.024403105317841e-23, nan 
115.625, 71.375, 6.660024175025133e-23, nan 
115.875, 71.375, 3.9479418655662365e-23, nan 
116.125, 71.375, 4.56436339259464e-23, nan 
116.375, 71.375, 6.706815793972195e-23, nan 
116.625, 71.375, 3.8843850676973516e-23, nan 
116.875, 71.375, 1.950382648322597e-23, nan 
117.125, 71.375, 2.2961295492488858e-23, nan 
117.375, 71.375, 2.2876322638263913e-23, nan 
117.625, 71.375, 1.6911902448732758e-23, nan 
117.875, 71.375, 3.001507061859527e-23, nan 
118.125, 71.375, 1.0242161811105904e-23, nan 
118.375, 71.375, 9.689190505745346e-24, nan 
118.625, 71.375, 2.568886239452805e-23, nan 
118.875, 71.375, 2.1105911017601678e-23, nan 
119.125, 71.375, 2.033338078446429e-23, nan 
119.375, 71.375, 9.321762452404376e-24, nan 
119.625, 71.375, 1.9308724958411044e-23, nan 
119.875, 71.375, 4.0409980735670436e-23, nan 
120.125, 71.375, 2.1673066803570741e-23, nan 
120.375, 71.375, 3.529478002287788e-23, nan 
120.625, 71.375, 3.879263796639778e-23, nan 
120.875, 71.375, 2.954241362889141e-23, nan 
121.125, 71.375, 2.790950423498404e-23, nan 
121.375, 71.375, 3.7625089249177785e-23, nan 
121.625, 71.375, 2.0861214901367025e-23, nan 
121.875, 71.375, 3.31166347395359e-23, nan 
122.125, 71.375, 5.2548903258565875e-23, nan 
122.375, 71.375, 3.467135993765505e-23, nan 
122.625, 71.375, 1.1301201681040294e-22, nan 
122.875, 71.375, 9.153588712765998e-23, nan 
123.125, 71.375, 6.401165759531815e-23, nan 
123.375, 71.375, 9.90613710849075e-23, nan 
123.625, 71.375, 8.551445152151551e-23, nan 
123.875, 71.375, 4.832619030046278e-23, nan 
124.125, 71.375, 3.2827967974519096e-23, nan 
124.375, 71.375, 4.672654858745214e-23, nan 
124.625, 71.375, 7.760212829587642e-23, nan 
124.875, 71.375, 5.544561398812897e-23, nan 
125.125, 71.375, 5.0055373072823843e-23, nan 
125.375, 71.375, 1.0469528648392143e-22, nan 
125.625, 71.375, 8.445860572450681e-23, nan 
125.875, 71.375, 5.965887882664937e-23, nan 
126.125, 71.375, 7.527306279877804e-23, nan 
126.375, 71.375, 5.589977781056263e-23, nan 
126.625, 71.375, 7.730202144630834e-23, nan 
126.875, 71.375, 1.0008545175079578e-22, nan 
127.125, 71.375, 6.728261647172983e-23, nan 
127.375, 71.375, 1.0199571827474948e-22, nan 
127.625, 71.375, 1.0707457986473611e-22, nan 
127.875, 71.375, 7.384179377152636e-23, nan 
128.125, 71.375, 7.847649311245837e-23, nan 
128.375, 71.375, 6.551303882850087e-23, nan 
128.625, 71.375, 3.9706478422856537e-23, nan 
128.875, 71.375, 4.509182007506421e-23, nan 
129.125, 71.375, 8.514685544672681e-23, nan 
129.375, 71.375, 5.312127028362806e-23, nan 
129.625, 71.375, 6.170567662476863e-23, nan 
129.875, 71.375, 7.362990100004312e-23, nan 
130.125, 71.375, 5.2841937870683287e-23, nan 
130.375, 71.375, 8.83081888702995e-23, nan 
130.625, 71.375, 6.749274194012053e-23, nan 
130.875, 71.375, 1.7839418233671849e-22, nan 
131.125, 71.375, 2.6231442016483485e-22, nan 
131.375, 71.375, 9.378344415227489e-23, nan 
131.625, 71.375, 1.317895121161935e-22, nan 
131.875, 71.375, 1.9318722464276202e-22, nan 
132.125, 71.375, 1.5049283074686778e-22, nan 
132.375, 71.375, 2.1575923330778096e-22, nan 
132.625, 71.375, 1.0517403507244786e-22, nan 
132.875, 71.375, 1.1723554845570647e-22, nan 
133.125, 71.375, 1.715256636868489e-22, nan 
133.375, 71.375, 1.530087603898295e-22, nan 
133.625, 71.375, 1.5539960332270115e-22, nan 
133.875, 71.375, 1.6582768604141332e-22, nan 
134.125, 71.375, 1.9026378075739818e-22, nan 
134.375, 71.375, 1.499567776124123e-22, nan 
134.625, 71.375, 1.1820732047563608e-22, nan 
134.875, 71.375, 8.49031757208521e-23, nan 
135.125, 71.375, 4.5153551742969406e-23, nan 
135.375, 71.375, 1.148067339939956e-22, nan 
135.625, 71.375, 1.3189736769873747e-22, nan 
135.875, 71.375, 9.363935418253079e-23, nan 
136.125, 71.375, 1.1045126845157688e-22, nan 
136.375, 71.375, 1.210929022627969e-22, nan 
136.625, 71.375, 1.1427718563579918e-22, nan 
136.875, 71.375, 1.0131875433084594e-22, nan 
137.125, 71.375, 8.294526074085281e-23, nan 
137.375, 71.375, 1.0990169367385515e-22, nan 
137.625, 71.375, 8.33949405364557e-23, nan 
137.875, 71.375, 2.007932996101304e-22, nan 
138.125, 71.375, 3.4498616761430086e-22, nan 
138.375, 71.375, 3.5788538099803057e-22, nan 
138.625, 71.375, 3.46707405837682e-22, nan 
138.875, 71.375, 4.299642867599102e-22, nan 
139.125, 71.375, 4.907214081087115e-22, nan 
139.375, 71.375, 4.270335177021807e-22, nan 
139.625, 71.375, 2.661368018452777e-22, nan 
139.875, 71.375, 2.99386906728198e-22, nan 
140.125, 71.375, 3.4265357783652224e-22, nan 
140.375, 71.375, 2.400247433276425e-22, nan 
140.625, 71.375, 1.8769684966203144e-22, nan 
140.875, 71.375, 2.0388906815047765e-22, nan 
141.125, 71.375, 2.3349939960125223e-22, nan 
141.375, 71.375, 2.848708328571056e-22, nan 
141.625, 71.375, 1.8801658543113348e-22, nan 
141.875, 71.375, 2.649237762636323e-22, nan 
142.125, 71.375, 2.0919444018915524e-22, nan 
142.375, 71.375, 2.1968961057908764e-22, nan 
142.625, 71.375, 3.585802739102542e-22, nan 
142.875, 71.375, 4.658250090457704e-22, nan 
143.125, 71.375, 7.636929275619772e-22, nan 
143.375, 71.375, 3.819942807586623e-22, nan 
143.625, 71.375, 3.2935988868521635e-22, nan 
143.875, 71.375, 4.2037636622280094e-22, nan 
144.125, 71.375, 5.517138367448363e-22, nan 
144.375, 71.375, 3.701548244903922e-22, nan 
144.625, 71.375, 4.939187453608682e-22, nan 
144.875, 71.375, 6.90985912659935e-22, nan 
145.125, 71.375, 2.2539483302813127e-22, nan 
145.375, 71.375, 3.9381306548212836e-22, nan 
145.625, 71.375, 5.97222261164764e-22, nan 
145.875, 71.375, 2.6059546784936633e-22, nan 
146.125, 71.375, 4.129251294536404e-22, nan 
146.375, 71.375, 4.231461505714799e-22, nan 
146.625, 71.375, 4.691239498782402e-22, nan 
146.875, 71.375, 9.98619707265913e-22, nan 
147.125, 71.375, 1.0050906720037768e-21, nan 
147.375, 71.375, 5.702566314993664e-22, nan 
147.625, 71.375, 1.0229156857902662e-21, nan 
147.875, 71.375, 9.344593746030755e-22, nan 
148.125, 71.375, 5.342115750107104e-22, nan 
148.375, 71.375, 4.528744348563585e-22, nan 
148.625, 71.375, 3.0575932511566725e-22, nan 
148.875, 71.375, 4.390071286102101e-22, nan 
149.125, 71.375, 7.281028961535774e-22, nan 
149.375, 71.375, 7.368390725510041e-22, nan 
149.625, 71.375, 6.083514310599541e-22, nan 
149.875, 71.375, 1.0105795573051003e-21, nan 
150.125, 71.375, 7.8395529701976685e-22, nan 
150.375, 71.375, 7.241381529774929e-22, nan 
150.625, 71.375, 1.3685779054613255e-21, nan 
150.875, 71.375, 4.338789536271075e-22, nan 
151.125, 71.375, 8.126113407672715e-22, nan 
151.375, 71.375, 1.51173456235238e-21, nan 
151.625, 71.375, 1.4211031836532269e-21, nan 
151.875, 71.375, 1.1914909046033167e-21, nan 
152.125, 71.375, 1.0062290292515643e-21, nan 
152.375, 71.375, 2.631284738118647e-21, nan 
152.625, 71.375, 2.302142192587631e-21, nan 
152.875, 71.375, 1.5682802198674109e-21, nan 
153.125, 71.375, 2.649619408307013e-21, nan 
153.375, 71.375, 2.4956015130003234e-21, nan 
153.625, 71.375, 1.7423378427339227e-21, nan 
153.875, 71.375, 9.738030584326551e-22, nan 
154.125, 71.375, 1.0210494034240611e-21, nan 
154.375, 71.375, 1.77589119023816e-21, nan 
154.625, 71.375, 2.069180806961479e-21, nan 
154.875, 71.375, 2.3561851561623726e-21, nan 
155.125, 71.375, 2.793994654927392e-21, nan 
155.375, 71.375, 2.3523901260268444e-21, nan 
155.625, 71.375, 2.5273691760848697e-21, nan 
155.875, 71.375, 2.1025529397940745e-21, nan 
156.125, 71.375, 3.675394103135738e-21, nan 
156.375, 71.375, 5.923693426186797e-21, nan 
156.625, 71.375, 7.183141188504343e-21, nan 
156.875, 71.375, 8.67489241815038e-21, nan 
157.125, 71.375, 1.5831468879704377e-20, nan 
157.375, 71.375, 6.160862536387366e-20, nan 
157.625, 71.375, 6.302250683572542e-20, nan 
157.875, 71.375, 1.9583219649332667e-20, nan 
158.125, 71.375, 2.0448879460092158e-20, nan 
158.375, 71.375, 2.062350556747706e-20, nan 
158.625, 71.375, 1.4517964980511783e-20, nan 
158.875, 71.375, 8.053436836266952e-21, nan 
159.125, 71.375, 2.5401514047801516e-21, nan 
159.375, 71.375, 5.726542922770775e-21, nan 
159.625, 71.375, 7.494072309823291e-21, nan 
159.875, 71.375, 3.386880780386646e-21, nan 
160.125, 71.375, 5.610442321079781e-21, nan 
160.375, 71.375, 1.3420212148251515e-20, nan 
160.625, 71.375, 1.1768352064172619e-20, nan 
160.875, 71.375, 6.0914223747505535e-21, nan 
161.125, 71.375, 1.6804858038287182e-20, nan 
161.375, 71.375, 1.6796544389107352e-20, nan 
161.625, 71.375, 1.7989857904781946e-20, nan 
161.875, 71.375, 4.8780362058859333e-20, nan 
162.125, 71.375, 6.507330624550206e-20, nan 
162.375, 71.375, 1.126267687803303e-19, nan 
162.625, 71.375, 7.12520447011273e-20, nan 
162.875, 71.375, 1.5136593541515198e-19, nan 
163.125, 71.375, 1.467191819411043e-19, nan 
163.375, 71.375, 1.471425955318438e-19, nan 
163.625, 71.375, 1.8854486581851528e-19, nan 
163.875, 71.375, 8.682922700932008e-20, nan 
164.125, 71.375, 1.2922551141413468e-19, nan 
164.375, 71.375, 1.2966078327784108e-19, nan 
164.625, 71.375, 2.218670320329776e-19, nan 
164.875, 71.375, 3.596946153751049e-19, nan 
165.125, 71.375, 5.188226277082676e-19, nan 
165.375, 71.375, 1.8768441105322877e-19, nan 
165.625, 71.375, 3.133299953720349e-19, nan 
165.875, 71.375, 4.355153251158633e-19, nan 
166.125, 71.375, 2.7287977197717075e-19, nan 
166.375, 71.375, 3.9850497718571473e-19, nan 
166.625, 71.375, 7.512793490643025e-19, nan 
166.875, 71.375, 6.330122619733005e-19, nan 
167.125, 71.375, 1.3587601032064568e-19, nan 
167.375, 71.375, 8.321621555701083e-20, nan 
167.625, 71.375, 1.906584744671352e-19, nan 
167.875, 71.375, 1.5818468401333472e-19, nan 
168.125, 71.375, 1.0962320367049902e-19, nan 
168.375, 71.375, 5.64480489204837e-20, nan 
168.625, 71.375, 1.2706907662062202e-19, nan 
168.875, 71.375, 1.1285768331894242e-19, nan 
169.125, 71.375, 2.184866411382488e-19, nan 
169.375, 71.375, 1.866673836561695e-19, nan 
169.625, 71.375, 2.854493030729444e-19, nan 
169.875, 71.375, 1.9152855551815468e-19, nan 
170.125, 71.375, 1.3819055038130122e-19, nan 
170.375, 71.375, 2.641407174778104e-19, nan 
170.625, 71.375, 9.45830929177562e-20, nan 
170.875, 71.375, 5.326804035156605e-20, nan 
171.125, 71.375, 7.400377660356124e-20, nan 
171.375, 71.375, 5.067432797802059e-20, nan 
171.625, 71.375, 3.067120026090777e-20, nan 
171.875, 71.375, 2.2945828426547856e-20, nan 
172.125, 71.375, 1.497432358672069e-20, nan 
172.375, 71.375, 1.6622844612400934e-20, nan 
172.625, 71.375, 1.4641554652240062e-20, nan 
172.875, 71.375, 9.542553482968047e-21, nan 
173.125, 71.375, 1.336543796870758e-20, nan 
173.375, 71.375, 7.911093856671966e-21, nan 
173.625, 71.375, 1.2120791434004696e-20, nan 
173.875, 71.375, 1.133396232314356e-20, nan 
174.125, 71.375, 8.367056658373578e-21, nan 
174.375, 71.375, 1.0777195624369415e-20, nan 
174.625, 71.375, 1.6528058634998027e-20, nan 
174.875, 71.375, 2.035164116340025e-20, nan 
175.125, 71.375, 1.6469180308619575e-20, nan 
175.375, 71.375, 1.5280412527141454e-20, nan 
175.625, 71.375, 2.0141430918748273e-20, nan 
175.875, 71.375, 1.858303289025295e-20, nan 
176.125, 71.375, 1.4546385291584572e-20, nan 
176.375, 71.375, 1.1079830212784894e-20, nan 
176.625, 71.375, 9.035803761549432e-21, nan 
176.875, 71.375, 8.175363081399746e-21, nan 
177.125, 71.375, 8.289021738803514e-21, nan 
177.375, 71.375, 6.158712043455962e-21, nan 
177.625, 71.375, 2.398473887119486e-21, nan 
177.875, 71.375, 3.437494855800074e-21, nan 
178.125, 71.375, 5.724054002030743e-21, nan 
178.375, 71.375, 3.703060329174822e-21, nan 
178.625, 71.375, 2.781001064971002e-21, nan 
178.875, 71.375, 4.879325163583136e-21, nan 
179.125, 71.375, 4.87871920295146e-21, nan 
179.375, 71.375, 2.4992399741357816e-21, nan 
179.625, 71.375, 2.90440529403752e-21, nan 
179.875, 71.375, 4.2552275875873366e-21, nan 
-179.875, 71.625, 2.807733857074424e-21, nan 
-179.625, 71.625, 2.1408101832188233e-21, nan 
-179.375, 71.625, 2.4191578069130312e-21, nan 
-179.125, 71.625, 2.5110223038574144e-21, nan 
-178.875, 71.625, 1.9290465800720205e-21, nan 
-178.625, 71.625, 2.040097836483782e-21, nan 
-178.375, 71.625, 2.0177108404630304e-21, nan 
-178.125, 71.625, 1.5390318347766746e-21, nan 
-177.875, 71.625, 1.9012180141156975e-21, nan 
-177.625, 71.625, 2.2046454538809275e-21, nan 
-177.375, 71.625, 1.6969870473593843e-21, nan 
-177.125, 71.625, 1.3329800293399341e-21, nan 
-176.875, 71.625, 2.2382671087175324e-21, nan 
-176.625, 71.625, 1.9884095456787124e-21, nan 
-176.375, 71.625, 7.609878588266632e-22, nan 
-176.125, 71.625, 1.3017079175829655e-21, nan 
-175.875, 71.625, 1.1241920479991198e-21, nan 
-175.625, 71.625, 5.507098104020596e-22, nan 
-175.375, 71.625, 7.571885930959295e-22, nan 
-175.125, 71.625, 1.0845937420642752e-21, nan 
-174.875, 71.625, 1.4765880237103247e-21, nan 
-174.625, 71.625, 9.724023178163314e-22, nan 
-174.375, 71.625, 9.729174642507361e-22, nan 
-174.125, 71.625, 9.805990844970328e-22, nan 
-173.875, 71.625, 1.0538802365134538e-21, nan 
-173.625, 71.625, 1.3312669668099466e-21, nan 
-173.375, 71.625, 5.183448468904414e-22, nan 
-173.125, 71.625, 1.0998723190102929e-21, nan 
-172.875, 71.625, 1.929670774765836e-21, nan 
-172.625, 71.625, 1.2900825172109945e-21, nan 
-172.375, 71.625, 8.845013929965956e-22, nan 
-172.125, 71.625, 7.806348159612836e-22, nan 
-171.875, 71.625, 6.729012595152301e-22, nan 
-171.625, 71.625, 7.209176578194723e-22, nan 
-171.375, 71.625, 7.047019292072082e-22, nan 
-171.125, 71.625, 5.975299855164249e-22, nan 
-170.875, 71.625, 5.0947792563608835e-22, nan 
-170.625, 71.625, 6.202654528357631e-22, nan 
-170.375, 71.625, 6.534692257853056e-22, nan 
-170.125, 71.625, 5.553814586692439e-22, nan 
-169.875, 71.625, 7.259936906297918e-22, nan 
-169.625, 71.625, 7.654696157651715e-22, nan 
-169.375, 71.625, 5.9194322680754045e-22, nan 
-169.125, 71.625, 7.527645868999181e-22, nan 
-168.875, 71.625, 8.849822119804384e-22, nan 
-168.625, 71.625, 6.151117271853651e-22, nan 
-168.375, 71.625, 5.856137361411257e-22, nan 
-168.125, 71.625, 5.19398254000855e-22, nan 
-167.875, 71.625, 5.515601990811409e-22, nan 
-167.625, 71.625, 6.062643051573385e-22, nan 
-167.375, 71.625, 5.60282953541567e-22, nan 
-167.125, 71.625, 7.19955163313973e-22, nan 
-166.875, 71.625, 5.805177444599511e-22, nan 
-166.625, 71.625, 4.453406459504482e-22, nan 
-166.375, 71.625, 5.1603437744162105e-22, nan 
-166.125, 71.625, 4.903822555346222e-22, nan 
-165.875, 71.625, 6.24070953729924e-22, nan 
-165.625, 71.625, 5.687341154522784e-22, nan 
-165.375, 71.625, 5.717749850143762e-22, nan 
-165.125, 71.625, 4.376863016358585e-22, nan 
-164.875, 71.625, 7.993420607710564e-22, nan 
-164.625, 71.625, 5.530329131682843e-22, nan 
-164.375, 71.625, 2.810699915958906e-22, nan 
-164.125, 71.625, 4.649450220710981e-22, nan 
-163.875, 71.625, 4.082304619368164e-22, nan 
-163.625, 71.625, 2.692775753375407e-22, nan 
-163.375, 71.625, 3.34765306045638e-22, nan 
-163.125, 71.625, 3.870436690733922e-22, nan 
-162.875, 71.625, 3.0479045629179407e-22, nan 
-162.625, 71.625, 3.0795588534428036e-22, nan 
-162.375, 71.625, 3.482343781380444e-22, nan 
-162.125, 71.625, 2.684063438688075e-22, nan 
-161.875, 71.625, 1.8027659831827544e-22, nan 
-161.625, 71.625, 2.203807267943218e-22, nan 
-161.375, 71.625, 2.0546199225839645e-22, nan 
-161.125, 71.625, 1.8077065158534355e-22, nan 
-160.875, 71.625, 1.938931877346406e-22, nan 
-160.625, 71.625, 2.2801511776900146e-22, nan 
-160.375, 71.625, 2.175849317807428e-22, nan 
-160.125, 71.625, 1.8919421230949595e-22, nan 
-159.875, 71.625, 1.616203160492632e-22, nan 
-159.625, 71.625, 1.0768883409987726e-22, nan 
-159.375, 71.625, 1.259274219410498e-22, nan 
-159.125, 71.625, 1.5989433127809422e-22, nan 
-158.875, 71.625, 2.1291558343675547e-22, nan 
-158.625, 71.625, 1.8245349483971927e-22, nan 
-158.375, 71.625, 2.0100836022612646e-22, nan 
-158.125, 71.625, 1.5492881189126621e-22, nan 
-157.875, 71.625, 8.290518530512303e-23, nan 
-157.625, 71.625, 7.47757429741477e-23, nan 
-157.375, 71.625, 1.1351686590769443e-22, nan 
-157.125, 71.625, 1.395852860006878e-22, nan 
-156.875, 71.625, 1.1720209155246362e-22, nan 
-156.625, 71.625, 1.5863804958622073e-22, nan 
-156.375, 71.625, 1.2375498140833333e-22, nan 
-156.125, 71.625, 6.083716924562794e-23, nan 
-155.875, 71.625, 5.626797793565372e-23, nan 
-155.625, 71.625, 7.287865066767635e-23, nan 
-155.375, 71.625, 8.994674318347851e-23, nan 
-155.125, 71.625, 8.683681730153277e-23, nan 
-154.875, 71.625, 1.608422593126702e-22, nan 
-154.625, 71.625, 1.8761371512881974e-22, nan 
-154.375, 71.625, 1.5892481023657972e-22, nan 
-154.125, 71.625, 1.9093553944092848e-22, nan 
-153.875, 71.625, 1.9338429327864226e-22, nan 
-153.625, 71.625, 1.341101444105769e-22, nan 
-153.375, 71.625, 1.414023892428997e-22, nan 
-153.125, 71.625, 1.6536871954110753e-22, nan 
-152.875, 71.625, 1.4470615121541604e-22, nan 
-152.625, 71.625, 1.0014340418881814e-22, nan 
-152.375, 71.625, 1.178469190593749e-22, nan 
-152.125, 71.625, 1.0950870630311424e-22, nan 
-151.875, 71.625, 9.471418558558085e-23, nan 
-151.625, 71.625, 1.0800406609062197e-22, nan 
-151.375, 71.625, 1.184139783261244e-22, nan 
-151.125, 71.625, 1.121283167938691e-22, nan 
-150.875, 71.625, 6.52798821559809e-23, nan 
-150.625, 71.625, 7.563352281769916e-23, nan 
-150.375, 71.625, 7.951897946226141e-23, nan 
-150.125, 71.625, 6.260523069748928e-23, nan 
-149.875, 71.625, 8.957938258487454e-23, nan 
-149.625, 71.625, 5.366634259829307e-23, nan 
-149.375, 71.625, 6.1034718494867e-23, nan 
-149.125, 71.625, 7.742517484452732e-23, nan 
-148.875, 71.625, 5.017287155751814e-23, nan 
-148.625, 71.625, 5.654310178573876e-23, nan 
-148.375, 71.625, 4.71994769524817e-23, nan 
-148.125, 71.625, 5.149995998956402e-23, nan 
-147.875, 71.625, 5.0716220888787724e-23, nan 
-147.625, 71.625, 1.6527072977871036e-23, nan 
-147.375, 71.625, 4.006112657527096e-23, nan 
-147.125, 71.625, 6.712523654352074e-23, nan 
-146.875, 71.625, 4.324680435150202e-23, nan 
-146.625, 71.625, 3.7728573291983146e-23, nan 
-146.375, 71.625, 9.453901705087624e-23, nan 
-146.125, 71.625, 4.452667303431836e-23, nan 
-145.875, 71.625, 3.072690968256844e-23, nan 
-145.625, 71.625, 5.893465543963235e-23, nan 
-145.375, 71.625, 4.802435054518561e-23, nan 
-145.125, 71.625, 4.4713634141975857e-23, nan 
-144.875, 71.625, 4.399278651969483e-23, nan 
-144.625, 71.625, 4.681000611543206e-23, nan 
-144.375, 71.625, 4.0935271362518186e-23, nan 
-144.125, 71.625, 3.2612417790596237e-23, nan 
-143.875, 71.625, 3.416918274651483e-23, nan 
-143.625, 71.625, 6.469698533685921e-23, nan 
-143.375, 71.625, 8.337635844488399e-23, nan 
-143.125, 71.625, 4.7661691442772286e-23, nan 
-142.875, 71.625, 6.506522922699019e-23, nan 
-142.625, 71.625, 7.313140950943729e-23, nan 
-142.375, 71.625, 9.619022326661762e-23, nan 
-142.125, 71.625, 1.3661857248519972e-22, nan 
-141.875, 71.625, 1.4455042692781674e-22, nan 
-141.625, 71.625, 1.6046173585312348e-22, nan 
-141.375, 71.625, 1.6008321621700404e-22, nan 
-141.125, 71.625, 1.2608125937256272e-22, nan 
-140.875, 71.625, 1.529493637474154e-22, nan 
-140.625, 71.625, 1.7650167516633621e-22, nan 
-140.375, 71.625, 9.398274732171841e-23, nan 
-140.125, 71.625, 8.5061567382265e-23, nan 
-139.875, 71.625, 1.230612166095527e-22, nan 
-139.625, 71.625, 6.623558350976489e-23, nan 
-139.375, 71.625, 6.181072820452781e-23, nan 
-139.125, 71.625, 1.3138109643039059e-22, nan 
-138.875, 71.625, 1.0522256269129828e-22, nan 
-138.625, 71.625, 9.26770394206271e-23, nan 
-138.375, 71.625, 8.874223204486539e-23, nan 
-138.125, 71.625, 1.1419341990943178e-22, nan 
-137.875, 71.625, 1.0313224372907019e-22, nan 
-137.625, 71.625, 6.208395471233717e-23, nan 
-137.375, 71.625, 5.595696012999564e-23, nan 
-137.125, 71.625, 7.349894503620641e-23, nan 
-136.875, 71.625, 5.408515922692062e-23, nan 
-136.625, 71.625, 4.2928565445067744e-23, nan 
-136.375, 71.625, 5.951946952658507e-23, nan 
-136.125, 71.625, 9.140324013532572e-23, nan 
-135.875, 71.625, 5.478675127855581e-23, nan 
-135.625, 71.625, 5.328423495854179e-23, nan 
-135.375, 71.625, 6.359889237994355e-23, nan 
-135.125, 71.625, 4.095811863767399e-23, nan 
-134.875, 71.625, 3.440611966941885e-23, nan 
-134.625, 71.625, 3.232012199349408e-23, nan 
-134.375, 71.625, 3.26511631805404e-23, nan 
-134.125, 71.625, 1.427122763256402e-23, nan 
-133.875, 71.625, 1.4109582919057626e-23, nan 
-133.625, 71.625, 2.894812814826283e-23, nan 
-133.375, 71.625, 1.9904733445662037e-23, nan 
-133.125, 71.625, 2.0085719531761456e-23, nan 
-132.875, 71.625, 3.2169052881077275e-23, nan 
-132.625, 71.625, 1.982968235741312e-23, nan 
-132.375, 71.625, 3.1641590066970713e-23, nan 
-132.125, 71.625, 5.368217147551738e-23, nan 
-131.875, 71.625, 1.940607536471203e-23, nan 
-131.625, 71.625, 2.9424504864360746e-23, nan 
-131.375, 71.625, 6.409576018483052e-23, nan 
-131.125, 71.625, 3.96422028121223e-23, nan 
-130.875, 71.625, 2.181856800170034e-23, nan 
-130.625, 71.625, 3.3855463961481833e-23, nan 
-130.375, 71.625, 3.7621563537728655e-23, nan 
-130.125, 71.625, 3.098779603303435e-23, nan 
-129.875, 71.625, 4.644217559200398e-23, nan 
-129.625, 71.625, 5.231350177935582e-23, nan 
-129.375, 71.625, 4.898875107350041e-23, nan 
-129.125, 71.625, 3.973998290760506e-23, nan 
-128.875, 71.625, 4.8763202416145747e-23, nan 
-128.625, 71.625, 3.2499621623450786e-23, nan 
-128.375, 71.625, 2.609763252534841e-23, nan 
-128.125, 71.625, 3.390668165490236e-23, nan 
-127.875, 71.625, 3.698111484607301e-23, nan 
-127.625, 71.625, 3.2780247070093505e-23, nan 
-127.375, 71.625, 3.146294659271968e-23, nan 
-127.125, 71.625, 2.623064956942982e-23, nan 
-126.875, 71.625, 3.530676934298013e-23, nan 
-126.625, 71.625, 5.2495202799579243e-23, nan 
-126.375, 71.625, 5.43300323269451e-23, nan 
-126.125, 71.625, 5.78122606945719e-23, nan 
-125.875, 71.625, 8.772673742210459e-23, nan 
-125.625, 71.625, 3.886107562597262e-23, nan 
-125.375, 71.625, 6.4102350962656e-23, nan 
-125.125, 71.625, 8.606119754803351e-23, nan 
-124.875, 71.625, 1.323148922135597e-22, nan 
-124.625, 71.625, 7.528566692049593e-23, nan 
-124.375, 71.625, 1.6614722400440305e-22, nan 
-124.125, 71.625, 2.619485245373021e-22, nan 
-123.875, 71.625, 4.995302813417888e-23, nan 
-123.625, 71.625, 9.216042473165852e-23, nan 
-123.375, 71.625, 1.3964805555544256e-22, nan 
-123.125, 71.625, 4.76072863656576e-23, nan 
-122.875, 71.625, 3.2238708662616767e-23, nan 
-122.625, 71.625, 2.6073806085311723e-23, nan 
-122.375, 71.625, 3.236645018229247e-23, nan 
-122.125, 71.625, 3.6397872501547004e-23, nan 
-121.875, 71.625, 3.057895365879171e-23, nan 
-121.625, 71.625, 2.462333411942939e-23, nan 
-121.375, 71.625, 2.845911135873188e-23, nan 
-121.125, 71.625, 3.33677427700929e-23, nan 
-120.875, 71.625, 2.549154708743953e-23, nan 
-120.625, 71.625, 1.6398000989311445e-23, nan 
-120.375, 71.625, 2.5399876375649066e-23, nan 
-120.125, 71.625, 2.6082776684067492e-23, nan 
-119.875, 71.625, 2.948539108585723e-23, nan 
-119.625, 71.625, 2.4729300557664052e-23, nan 
-119.375, 71.625, 4.048767600462364e-23, nan 
-119.125, 71.625, 3.261774717511421e-23, nan 
-118.875, 71.625, 3.0321639722996036e-23, nan 
-118.625, 71.625, 2.967925033717964e-23, nan 
-118.375, 71.625, 4.0565870387725874e-23, nan 
-118.125, 71.625, 2.3891606646516025e-23, nan 
-117.875, 71.625, 2.1914073442378865e-23, nan 
-117.625, 71.625, 2.7194941366006526e-23, nan 
-117.375, 71.625, 1.1845246758319797e-23, nan 
-117.125, 71.625, 4.227952382590357e-23, nan 
-116.875, 71.625, 6.447733671751474e-23, nan 
-116.625, 71.625, 2.70307966386811e-23, nan 
-116.375, 71.625, 2.7410664861458934e-23, nan 
-116.125, 71.625, 4.120187993493447e-23, nan 
-115.875, 71.625, 1.796994429917016e-23, nan 
-115.625, 71.625, 1.3877943506678686e-23, nan 
-115.375, 71.625, 1.1093280297090405e-23, nan 
-115.125, 71.625, 1.0000499278682734e-23, nan 
-114.875, 71.625, 1.467539086387664e-23, nan 
-114.625, 71.625, 1.0561648382000546e-23, nan 
-114.375, 71.625, 1.0652302100836255e-23, nan 
-114.125, 71.625, 1.4247128690129433e-23, nan 
-113.875, 71.625, 1.1505242985412699e-23, nan 
-113.625, 71.625, 1.414277360562334e-23, nan 
-113.375, 71.625, 2.449919362153408e-23, nan 
85.375, 71.625, 8.490332603910948e-24, nan 
85.625, 71.625, 8.788223923677882e-24, nan 
85.875, 71.625, 1.3925598926715548e-23, nan 
86.125, 71.625, 1.1060232918993812e-23, nan 
86.375, 71.625, 1.0881530833651827e-23, nan 
86.625, 71.625, 7.798340345247016e-24, nan 
86.875, 71.625, 9.807719088613247e-24, nan 
87.125, 71.625, 7.271469511801909e-24, nan 
87.375, 71.625, 6.607170163806532e-24, nan 
87.625, 71.625, 7.485655721060142e-24, nan 
87.875, 71.625, 5.964864719612839e-24, nan 
88.125, 71.625, 8.769871263540197e-24, nan 
88.375, 71.625, 9.670276323092435e-24, nan 
88.625, 71.625, 1.069517765867357e-23, nan 
88.875, 71.625, 1.1249579660505293e-23, nan 
89.125, 71.625, 1.123894476246624e-23, nan 
89.375, 71.625, 1.1431578150054602e-23, nan 
89.625, 71.625, 1.329957029683279e-23, nan 
89.875, 71.625, 1.3042797439569747e-23, nan 
90.125, 71.625, 1.1128393676709412e-23, nan 
90.375, 71.625, 8.672059006224912e-24, nan 
90.625, 71.625, 3.8932119862955096e-24, nan 
90.875, 71.625, 5.162302146766272e-24, nan 
91.125, 71.625, 4.1257945141058166e-24, nan 
91.375, 71.625, 4.147501689068508e-24, nan 
91.625, 71.625, 7.408109116385029e-24, nan 
91.875, 71.625, 5.219618012851697e-24, nan 
92.125, 71.625, 1.04168897885093e-23, nan 
92.375, 71.625, 1.1850553403778568e-23, nan 
92.625, 71.625, 6.837535661129501e-24, nan 
92.875, 71.625, 3.581918828600996e-24, nan 
93.125, 71.625, 1.0574393354437807e-23, nan 
93.375, 71.625, 1.454342587543792e-23, nan 
93.625, 71.625, 1.405062775758258e-23, nan 
93.875, 71.625, 1.9585408007202493e-23, nan 
94.125, 71.625, 2.2544759272555602e-23, nan 
94.375, 71.625, 1.859351336748942e-23, nan 
94.625, 71.625, 1.7649082898114464e-23, nan 
94.875, 71.625, 1.77231404553988e-23, nan 
95.125, 71.625, 1.522055464734493e-23, nan 
95.375, 71.625, 1.5252608541267367e-23, nan 
95.625, 71.625, 1.3849246983353565e-23, nan 
95.875, 71.625, 1.0218926901508782e-23, nan 
96.125, 71.625, 9.293695356073778e-24, nan 
96.375, 71.625, 8.483852539084486e-24, nan 
96.625, 71.625, 1.0559970379308394e-23, nan 
96.875, 71.625, 1.3453283135205284e-23, nan 
97.125, 71.625, 1.0241792646458792e-23, nan 
97.375, 71.625, 1.4307174290974875e-23, nan 
97.625, 71.625, 2.4765107464728792e-23, nan 
97.875, 71.625, 4.34525998000457e-23, nan 
98.125, 71.625, 4.433709609301128e-23, nan 
98.375, 71.625, 4.535510483293247e-23, nan 
98.625, 71.625, 5.211690654768566e-23, nan 
98.875, 71.625, 6.072508596259142e-23, nan 
99.125, 71.625, 5.798690004409682e-23, nan 
99.375, 71.625, 4.1791833731029056e-23, nan 
99.625, 71.625, 4.691624531008543e-23, nan 
99.875, 71.625, 6.61526481129553e-23, nan 
100.125, 71.625, 3.2802552787651146e-23, nan 
100.375, 71.625, 5.1898090125075146e-23, nan 
100.625, 71.625, 6.26019701156563e-23, nan 
100.875, 71.625, 4.6698056308812887e-23, nan 
101.125, 71.625, 4.2453045716683994e-23, nan 
101.375, 71.625, 3.940430589603215e-23, nan 
101.625, 71.625, 3.906285850766839e-23, nan 
101.875, 71.625, 3.786712976869381e-23, nan 
102.125, 71.625, 4.1883541521161886e-23, nan 
102.375, 71.625, 6.07354853228474e-23, nan 
102.625, 71.625, 4.4447313117676905e-23, nan 
102.875, 71.625, 3.4202034954691006e-23, nan 
103.125, 71.625, 6.243260372874513e-23, nan 
103.375, 71.625, 3.018966392929539e-23, nan 
103.625, 71.625, 3.7044634000559717e-23, nan 
103.875, 71.625, 4.109565143797287e-23, nan 
104.125, 71.625, 3.9982306720791885e-23, nan 
104.375, 71.625, 3.862462497138573e-23, nan 
104.625, 71.625, 4.12770734258737e-23, nan 
104.875, 71.625, 3.8553088232101196e-23, nan 
105.125, 71.625, 4.928217754009512e-23, nan 
105.375, 71.625, 4.3415662368242886e-23, nan 
105.625, 71.625, 4.016133090299719e-23, nan 
105.875, 71.625, 3.7871188322321804e-23, nan 
106.125, 71.625, 3.614438559600883e-23, nan 
106.375, 71.625, 3.157043158324549e-23, nan 
106.625, 71.625, 2.643389317093541e-23, nan 
106.875, 71.625, 2.740328316970194e-23, nan 
107.125, 71.625, 2.2411167597978247e-23, nan 
107.375, 71.625, 2.5492723793436957e-23, nan 
107.625, 71.625, 3.391196927335826e-23, nan 
107.875, 71.625, 3.928002863808129e-23, nan 
108.125, 71.625, 3.689920852681642e-23, nan 
108.375, 71.625, 3.8090039229470274e-23, nan 
108.625, 71.625, 3.653164827813905e-23, nan 
108.875, 71.625, 1.8396742833222468e-23, nan 
109.125, 71.625, 2.7286737345588146e-23, nan 
109.375, 71.625, 3.7172010550466684e-23, nan 
109.625, 71.625, 3.56866059971858e-23, nan 
109.875, 71.625, 2.339955587911827e-23, nan 
110.125, 71.625, 2.441494569788848e-23, nan 
110.375, 71.625, 1.5375162068705834e-23, nan 
110.625, 71.625, 1.6770450315296806e-23, nan 
110.875, 71.625, 2.0725995968976976e-23, nan 
111.125, 71.625, 1.912775346563227e-23, nan 
111.375, 71.625, 2.773681632791346e-23, nan 
111.625, 71.625, 2.511188653353032e-23, nan 
111.875, 71.625, 1.9998183029092236e-23, nan 
112.125, 71.625, 1.777099036760745e-23, nan 
112.375, 71.625, 3.310580809158115e-23, nan 
112.625, 71.625, 2.58436062845165e-23, nan 
112.875, 71.625, 2.870711667511109e-23, nan 
113.125, 71.625, 3.834927834987523e-23, nan 
113.375, 71.625, 3.9197741218109005e-23, nan 
113.625, 71.625, 4.364280268797037e-23, nan 
113.875, 71.625, 3.6040504787184467e-23, nan 
114.125, 71.625, 2.2757352897280118e-23, nan 
114.375, 71.625, 7.457441431632243e-24, nan 
114.625, 71.625, 2.1708144185432e-23, nan 
114.875, 71.625, 1.3236821687646138e-23, nan 
115.125, 71.625, 1.8940001575615973e-23, nan 
115.375, 71.625, 2.6877508979634514e-23, nan 
115.625, 71.625, 3.6567127923386924e-23, nan 
115.875, 71.625, 3.5689828854975235e-23, nan 
116.125, 71.625, 2.1755457571397212e-23, nan 
116.375, 71.625, 3.9746747345283504e-23, nan 
116.625, 71.625, 3.149004836953738e-23, nan 
116.875, 71.625, 1.615283028745957e-23, nan 
117.125, 71.625, 1.2080249579591859e-23, nan 
117.375, 71.625, 1.830128865532326e-23, nan 
117.625, 71.625, 2.1859688000562431e-23, nan 
117.875, 71.625, 1.8902852035433374e-23, nan 
118.125, 71.625, 1.3907748125630864e-23, nan 
118.375, 71.625, 1.8955115861551182e-23, nan 
118.625, 71.625, 9.963332381313215e-24, nan 
118.875, 71.625, 1.6825241726143998e-23, nan 
119.125, 71.625, 1.857933194921355e-23, nan 
119.375, 71.625, 3.1505339975433716e-23, nan 
119.625, 71.625, 5.035570960318075e-23, nan 
119.875, 71.625, 3.445183901019955e-23, nan 
120.125, 71.625, 4.1099839659768296e-23, nan 
120.375, 71.625, 5.0973066193652347e-23, nan 
120.625, 71.625, 3.5566277623959106e-23, nan 
120.875, 71.625, 3.068024844956319e-23, nan 
121.125, 71.625, 1.6419497076711297e-23, nan 
121.375, 71.625, 3.2672190631466436e-23, nan 
121.625, 71.625, 3.199050862012004e-23, nan 
121.875, 71.625, 3.8477739963898544e-23, nan 
122.125, 71.625, 7.888474532708156e-23, nan 
122.375, 71.625, 1.0150610302162694e-22, nan 
122.625, 71.625, 8.158026967579588e-23, nan 
122.875, 71.625, 7.895492255181794e-23, nan 
123.125, 71.625, 8.806395587828312e-23, nan 
123.375, 71.625, 5.008975205932202e-23, nan 
123.625, 71.625, 3.813117309906638e-23, nan 
123.875, 71.625, 1.1013515312367609e-23, nan 
124.125, 71.625, 2.7281910682529376e-23, nan 
124.375, 71.625, 4.3212787018057463e-23, nan 
124.625, 71.625, 5.461398597653408e-23, nan 
124.875, 71.625, 5.1415650078720877e-23, nan 
125.125, 71.625, 4.8248044663347245e-23, nan 
125.375, 71.625, 7.030025981995938e-23, nan 
125.625, 71.625, 4.998498804876481e-23, nan 
125.875, 71.625, 5.538516793452165e-23, nan 
126.125, 71.625, 4.4304648030716336e-23, nan 
126.375, 71.625, 3.9838232337946285e-23, nan 
126.625, 71.625, 7.749132878240862e-23, nan 
126.875, 71.625, 7.408022967350611e-23, nan 
127.125, 71.625, 6.629302333889864e-23, nan 
127.375, 71.625, 6.098164990864352e-23, nan 
127.625, 71.625, 5.00706930892974e-23, nan 
127.875, 71.625, 9.336120384903541e-23, nan 
128.125, 71.625, 6.900096414240861e-23, nan 
128.375, 71.625, 8.775803214333333e-23, nan 
128.625, 71.625, 7.15225259039595e-23, nan 
128.875, 71.625, 8.280553507037479e-23, nan 
129.125, 71.625, 1.5138078873965719e-22, nan 
129.375, 71.625, 1.1065546362262164e-22, nan 
129.625, 71.625, 1.1482176074591375e-22, nan 
129.875, 71.625, 1.2921289943716787e-22, nan 
130.125, 71.625, 1.1950264030449563e-22, nan 
130.375, 71.625, 1.4966649877089764e-22, nan 
130.625, 71.625, 9.705738205281991e-23, nan 
130.875, 71.625, 1.6036431032361258e-22, nan 
131.125, 71.625, 2.5211754418160986e-22, nan 
131.375, 71.625, 1.392754016517007e-22, nan 
131.625, 71.625, 1.340832479938196e-22, nan 
131.875, 71.625, 1.2150453689337582e-22, nan 
132.125, 71.625, 1.5995266654103442e-22, nan 
132.375, 71.625, 2.1082356299567504e-22, nan 
132.625, 71.625, 1.29390991627941e-22, nan 
132.875, 71.625, 7.193725457814366e-23, nan 
133.125, 71.625, 1.0220369647958436e-22, nan 
133.375, 71.625, 9.555306937258937e-23, nan 
133.625, 71.625, 9.55177630492088e-23, nan 
133.875, 71.625, 1.205960040527585e-22, nan 
134.125, 71.625, 1.144369621385844e-22, nan 
134.375, 71.625, 1.0967733311530457e-22, nan 
134.625, 71.625, 9.664113151002259e-23, nan 
134.875, 71.625, 9.165867741559843e-23, nan 
135.125, 71.625, 1.1412259709912782e-22, nan 
135.375, 71.625, 6.798123403046285e-23, nan 
135.625, 71.625, 1.5641276394044348e-22, nan 
135.875, 71.625, 1.9821959775457498e-22, nan 
136.125, 71.625, 1.5260425554772502e-22, nan 
136.375, 71.625, 1.5582113400589266e-22, nan 
136.625, 71.625, 1.8503702252147028e-22, nan 
136.875, 71.625, 1.2687311464734035e-22, nan 
137.125, 71.625, 8.478677472402175e-23, nan 
137.375, 71.625, 1.0130514608533109e-22, nan 
137.625, 71.625, 1.2176821136819119e-22, nan 
137.875, 71.625, 2.31032979195345e-22, nan 
138.125, 71.625, 2.3187356928957756e-22, nan 
138.375, 71.625, 1.8381864676352465e-22, nan 
138.625, 71.625, 3.5244361972943205e-22, nan 
138.875, 71.625, 2.3643554941251716e-22, nan 
139.125, 71.625, 2.1672991046389248e-22, nan 
139.375, 71.625, 3.494241868886869e-22, nan 
139.625, 71.625, 4.465955781972133e-22, nan 
139.875, 71.625, 4.713750926774601e-22, nan 
140.125, 71.625, 2.6668124157045047e-22, nan 
140.375, 71.625, 3.7721601542853943e-22, nan 
140.625, 71.625, 3.5351738521212056e-22, nan 
140.875, 71.625, 1.1641439089207649e-22, nan 
141.125, 71.625, 7.769698975907489e-23, nan 
141.375, 71.625, 2.169440598518966e-22, nan 
141.625, 71.625, 1.444815440228962e-22, nan 
141.875, 71.625, 1.6420664837782642e-22, nan 
142.125, 71.625, 1.5811675435885958e-22, nan 
142.375, 71.625, 1.5325129266648164e-22, nan 
142.625, 71.625, 3.1947108794903617e-22, nan 
142.875, 71.625, 2.61929526052474e-22, nan 
143.125, 71.625, 9.225359971355757e-23, nan 
143.375, 71.625, 5.964940181490747e-22, nan 
143.625, 71.625, 4.135250706743344e-22, nan 
143.875, 71.625, 3.141731279802195e-22, nan 
144.125, 71.625, 4.989920058203702e-22, nan 
144.375, 71.625, 4.1011841161020616e-22, nan 
144.625, 71.625, 3.5729506480382603e-22, nan 
144.875, 71.625, 9.014352877643947e-22, nan 
145.125, 71.625, 9.354171796324286e-22, nan 
145.375, 71.625, 6.377375861784068e-22, nan 
145.625, 71.625, 7.034818083296098e-22, nan 
145.875, 71.625, 5.027704994391374e-22, nan 
146.125, 71.625, 2.887068627774417e-22, nan 
146.375, 71.625, 5.838485001078828e-22, nan 
146.625, 71.625, 6.888642153696135e-22, nan 
146.875, 71.625, 8.80898955922856e-22, nan 
147.125, 71.625, 8.344857059690254e-22, nan 
147.375, 71.625, 1.4602299078440999e-21, nan 
147.625, 71.625, 1.0541618074564931e-21, nan 
147.875, 71.625, 1.0313187011665768e-21, nan 
148.125, 71.625, 8.629080771045192e-22, nan 
148.375, 71.625, 8.09793080475069e-22, nan 
148.625, 71.625, 8.131519837286232e-22, nan 
148.875, 71.625, 6.797308169881367e-22, nan 
149.125, 71.625, 6.265480324146699e-22, nan 
149.375, 71.625, 7.280891795220269e-22, nan 
149.625, 71.625, 9.996559806559063e-22, nan 
149.875, 71.625, 1.6263392961700323e-21, nan 
150.125, 71.625, 9.819394454448184e-22, nan 
150.375, 71.625, 9.07697385445399e-22, nan 
150.625, 71.625, 1.680205779638046e-21, nan 
150.875, 71.625, 1.1747575435695642e-21, nan 
151.125, 71.625, 1.0556919726261279e-21, nan 
151.375, 71.625, 1.824834982590769e-21, nan 
151.625, 71.625, 1.8610945601611925e-21, nan 
151.875, 71.625, 8.112183086283422e-22, nan 
152.125, 71.625, 1.433608021233132e-21, nan 
152.375, 71.625, 2.834511152930759e-21, nan 
152.625, 71.625, 1.9434463800355642e-21, nan 
152.875, 71.625, 1.4133737097949688e-21, nan 
153.125, 71.625, 2.5287257621596113e-21, nan 
153.375, 71.625, 2.0115456477102936e-21, nan 
153.625, 71.625, 1.4066544413862703e-21, nan 
153.875, 71.625, 1.309515429807041e-21, nan 
154.125, 71.625, 7.782062219231416e-22, nan 
154.375, 71.625, 1.359387353949528e-21, nan 
154.625, 71.625, 2.66479261942786e-21, nan 
154.875, 71.625, 2.70337664165105e-21, nan 
155.125, 71.625, 3.0780472104054763e-21, nan 
155.375, 71.625, 3.4962918519416144e-21, nan 
155.625, 71.625, 3.743393664434934e-21, nan 
155.875, 71.625, 3.902893929834108e-21, nan 
156.125, 71.625, 3.395133681362178e-21, nan 
156.375, 71.625, 5.3384405196703906e-21, nan 
156.625, 71.625, 7.408711605264819e-21, nan 
156.875, 71.625, 9.165965085216165e-21, nan 
157.125, 71.625, 1.464955347065683e-20, nan 
157.375, 71.625, 1.6699108004786274e-20, nan 
157.625, 71.625, 1.2923512388230875e-20, nan 
157.875, 71.625, 1.4467458206441325e-20, nan 
158.125, 71.625, 8.024252381541024e-21, nan 
158.375, 71.625, 4.445443170578303e-21, nan 
158.625, 71.625, 4.11653898344436e-21, nan 
158.875, 71.625, 6.667678709405835e-21, nan 
159.125, 71.625, 8.826984212941332e-21, nan 
159.375, 71.625, 8.428279828155005e-21, nan 
159.625, 71.625, 1.0811045122528255e-20, nan 
159.875, 71.625, 8.805741510355616e-21, nan 
160.125, 71.625, 9.296522245517383e-21, nan 
160.375, 71.625, 1.9067969022800848e-20, nan 
160.625, 71.625, 1.414601368854463e-20, nan 
160.875, 71.625, 1.806372828102785e-20, nan 
161.125, 71.625, 3.997427602419767e-20, nan 
161.375, 71.625, 3.2844008579018765e-20, nan 
161.625, 71.625, 7.512574161023309e-20, nan 
161.875, 71.625, 6.852860597088774e-20, nan 
162.125, 71.625, 1.2614629590307474e-19, nan 
162.375, 71.625, 1.5300712609120192e-19, nan 
162.625, 71.625, 1.9101393423064614e-19, nan 
162.875, 71.625, 2.1127450248346373e-19, nan 
163.125, 71.625, 2.256500604502369e-19, nan 
163.375, 71.625, 2.7959007787415316e-19, nan 
163.625, 71.625, 2.1094147527716436e-19, nan 
163.875, 71.625, 2.4609658172161745e-19, nan 
164.125, 71.625, 2.247267129123243e-19, nan 
164.375, 71.625, 3.526734977023799e-19, nan 
164.625, 71.625, 5.194433699501636e-19, nan 
164.875, 71.625, 5.304335109279628e-19, nan 
165.125, 71.625, 6.9894290773593e-19, nan 
165.375, 71.625, 7.99857999846147e-19, nan 
165.625, 71.625, 7.179693288566073e-19, nan 
165.875, 71.625, 8.863294374653753e-19, nan 
166.125, 71.625, 9.803411440490132e-19, nan 
166.375, 71.625, 9.502778606484938e-19, nan 
166.625, 71.625, 1.6478724002616372e-18, nan 
166.875, 71.625, 1.5205316492342306e-18, nan 
167.125, 71.625, 5.141255159676992e-19, nan 
167.375, 71.625, 1.0990564687693186e-18, nan 
167.625, 71.625, 9.043663574227308e-19, nan 
167.875, 71.625, 1.3919044850293342e-19, nan 
168.125, 71.625, 8.431585265148339e-20, nan 
168.375, 71.625, 2.0391799361357088e-19, nan 
168.625, 71.625, 2.332668606534028e-19, nan 
168.875, 71.625, 4.421507784277806e-20, nan 
169.125, 71.625, 2.335313190678872e-19, nan 
169.375, 71.625, 2.5808565484453805e-19, nan 
169.625, 71.625, 1.1516795988211066e-19, nan 
169.875, 71.625, 1.5813280374114517e-19, nan 
170.125, 71.625, 1.371168418912014e-19, nan 
170.375, 71.625, 1.3458074339555472e-19, nan 
170.625, 71.625, 9.06161825860697e-20, nan 
170.875, 71.625, 6.289697366451042e-20, nan 
171.125, 71.625, 4.5868902205872974e-20, nan 
171.375, 71.625, 3.864550790745449e-20, nan 
171.625, 71.625, 3.1061522575843346e-20, nan 
171.875, 71.625, 1.7201695966564538e-20, nan 
172.125, 71.625, 1.5620355107294666e-20, nan 
172.375, 71.625, 1.9539858770440087e-20, nan 
172.625, 71.625, 1.8681890880915763e-20, nan 
172.875, 71.625, 1.1578265561259261e-20, nan 
173.125, 71.625, 9.233809593313566e-21, nan 
173.375, 71.625, 1.0794391985367862e-20, nan 
173.625, 71.625, 1.1843022132849987e-20, nan 
173.875, 71.625, 1.1133779919360673e-20, nan 
174.125, 71.625, 1.2048533845855842e-20, nan 
174.375, 71.625, 1.3601760561498943e-20, nan 
174.625, 71.625, 1.1435822452030299e-20, nan 
174.875, 71.625, 9.987583963964952e-21, nan 
175.125, 71.625, 9.286793497530115e-21, nan 
175.375, 71.625, 1.363534811402764e-20, nan 
175.625, 71.625, 1.6870307973219396e-20, nan 
175.875, 71.625, 1.498491784820522e-20, nan 
176.125, 71.625, 1.1212573235667315e-20, nan 
176.375, 71.625, 1.0650327088339822e-20, nan 
176.625, 71.625, 8.03561421550585e-21, nan 
176.875, 71.625, 3.93408239312213e-21, nan 
177.125, 71.625, 6.375165518884601e-21, nan 
177.375, 71.625, 5.696684675157766e-21, nan 
177.625, 71.625, 5.106647168870035e-21, nan 
177.875, 71.625, 4.559297265483851e-21, nan 
178.125, 71.625, 5.032208565246536e-21, nan 
178.375, 71.625, 4.3079099017965516e-21, nan 
178.625, 71.625, 4.468031051774391e-21, nan 
178.875, 71.625, 6.0891013560339825e-21, nan 
179.125, 71.625, 4.3528955691826895e-21, nan 
179.375, 71.625, 2.8073585456741966e-21, nan 
179.625, 71.625, 3.1810676065566683e-21, nan 
179.875, 71.625, 2.2429211048863796e-21, nan 
-179.875, 71.875, 2.753564581604374e-21, nan 
-179.625, 71.875, 2.5603993814290365e-21, nan 
-179.375, 71.875, 2.6471314676607657e-21, nan 
-179.125, 71.875, 2.318864674385137e-21, nan 
-178.875, 71.875, 1.4040860495464264e-21, nan 
-178.625, 71.875, 1.1489560836522286e-21, nan 
-178.375, 71.875, 1.0205206413187074e-21, nan 
-178.125, 71.875, 3.531492988477228e-22, nan 
-177.875, 71.875, 1.6828862778243687e-21, nan 
-177.625, 71.875, 1.7923747541566946e-21, nan 
-177.375, 71.875, 4.761626519787e-22, nan 
-177.125, 71.875, 2.4561184013439235e-21, nan 
-176.875, 71.875, 2.422592003738679e-21, nan 
-176.625, 71.875, 1.06550984742208e-21, nan 
-176.375, 71.875, 1.290050494717935e-21, nan 
-176.125, 71.875, 1.2491721474067182e-21, nan 
-175.875, 71.875, 4.450441974193522e-22, nan 
-175.625, 71.875, 4.801859141313954e-22, nan 
-175.375, 71.875, 6.138410548966256e-22, nan 
-175.125, 71.875, 9.427434935326096e-22, nan 
-174.875, 71.875, 8.52469801320696e-22, nan 
-174.625, 71.875, 5.983667133085684e-22, nan 
-174.375, 71.875, 1.1196160479755443e-21, nan 
-174.125, 71.875, 1.1572023937709121e-21, nan 
-173.875, 71.875, 8.477102715784908e-22, nan 
-173.625, 71.875, 1.6903880102560064e-21, nan 
-173.375, 71.875, 9.800121382091201e-22, nan 
-173.125, 71.875, 6.629658284154555e-22, nan 
-172.875, 71.875, 2.6100647641349878e-21, nan 
-172.625, 71.875, 1.6845528065074995e-21, nan 
-172.375, 71.875, 1.2551127701001799e-21, nan 
-172.125, 71.875, 2.6976583499658365e-21, nan 
-171.875, 71.875, 1.0753568357474224e-21, nan 
-171.625, 71.875, 7.695276576511193e-22, nan 
-171.375, 71.875, 4.3932670349937465e-22, nan 
-171.125, 71.875, 3.88879555925751e-22, nan 
-170.875, 71.875, 7.49335495330283e-22, nan 
-170.625, 71.875, 6.05821660442263e-22, nan 
-170.375, 71.875, 5.918390960656458e-22, nan 
-170.125, 71.875, 5.434970186663149e-22, nan 
-169.875, 71.875, 4.023850941822535e-22, nan 
-169.625, 71.875, 4.354912963252225e-22, nan 
-169.375, 71.875, 5.462896279900687e-22, nan 
-169.125, 71.875, 6.9234866830023405e-22, nan 
-168.875, 71.875, 8.290012590018986e-22, nan 
-168.625, 71.875, 6.5085400078786295e-22, nan 
-168.375, 71.875, 6.747476282323127e-22, nan 
-168.125, 71.875, 5.82150032792694e-22, nan 
-167.875, 71.875, 4.379331292328785e-22, nan 
-167.625, 71.875, 6.315276252959969e-22, nan 
-167.375, 71.875, 6.128259130314287e-22, nan 
-167.125, 71.875, 7.763280607795433e-22, nan 
-166.875, 71.875, 7.206025307802808e-22, nan 
-166.625, 71.875, 6.8223796716485165e-22, nan 
-166.375, 71.875, 5.010718729619381e-22, nan 
-166.125, 71.875, 5.411686875748823e-22, nan 
-165.875, 71.875, 6.210862137934178e-22, nan 
-165.625, 71.875, 5.162032221677289e-22, nan 
-165.375, 71.875, 6.332565825863753e-22, nan 
-165.125, 71.875, 4.360632123315827e-22, nan 
-164.875, 71.875, 6.471728161604011e-22, nan 
-164.625, 71.875, 5.823731552150582e-22, nan 
-164.375, 71.875, 3.3430275764654653e-22, nan 
-164.125, 71.875, 2.1926616799482235e-22, nan 
-163.875, 71.875, 2.1145516427767908e-22, nan 
-163.625, 71.875, 2.5459051823918396e-22, nan 
-163.375, 71.875, 2.873388391592824e-22, nan 
-163.125, 71.875, 3.858733305036224e-22, nan 
-162.875, 71.875, 2.957039645418313e-22, nan 
-162.625, 71.875, 2.5989185818862597e-22, nan 
-162.375, 71.875, 3.2238350362270785e-22, nan 
-162.125, 71.875, 9.835742258394156e-23, nan 
-161.875, 71.875, 1.028778440973805e-22, nan 
-161.625, 71.875, 1.337807795251281e-22, nan 
-161.375, 71.875, 1.0033446467385232e-22, nan 
-161.125, 71.875, 1.2988656436884855e-22, nan 
-160.875, 71.875, 2.410015752668753e-22, nan 
-160.625, 71.875, 2.9186898439153597e-22, nan 
-160.375, 71.875, 2.296176440195894e-22, nan 
-160.125, 71.875, 2.0903267834001036e-22, nan 
-159.875, 71.875, 2.953770747505514e-22, nan 
-159.625, 71.875, 2.668607577274594e-22, nan 
-159.375, 71.875, 1.7172749841085743e-22, nan 
-159.125, 71.875, 2.2787332870045785e-22, nan 
-158.875, 71.875, 1.8840509743942961e-22, nan 
-158.625, 71.875, 1.556869310757705e-22, nan 
-158.375, 71.875, 1.4096121330607124e-22, nan 
-158.125, 71.875, 1.2243927267952006e-22, nan 
-157.875, 71.875, 1.0178975125522157e-22, nan 
-157.625, 71.875, 7.624284815653552e-23, nan 
-157.375, 71.875, 7.960853897154845e-23, nan 
-157.125, 71.875, 8.0635792118682e-23, nan 
-156.875, 71.875, 5.399869869226674e-23, nan 
-156.625, 71.875, 5.937054356514596e-23, nan 
-156.375, 71.875, 7.036813072857096e-23, nan 
-156.125, 71.875, 7.588096990169918e-23, nan 
-155.875, 71.875, 4.192304153287576e-23, nan 
-155.625, 71.875, 5.605880519515624e-23, nan 
-155.375, 71.875, 7.028991477402432e-23, nan 
-155.125, 71.875, 8.047810235812974e-23, nan 
-154.875, 71.875, 5.533410854006314e-23, nan 
-154.625, 71.875, 7.500497249349432e-23, nan 
-154.375, 71.875, 1.6522296671536283e-22, nan 
-154.125, 71.875, 1.6451933642833223e-22, nan 
-153.875, 71.875, 1.664062120895878e-22, nan 
-153.625, 71.875, 1.6706678286141181e-22, nan 
-153.375, 71.875, 1.6922603723316362e-22, nan 
-153.125, 71.875, 1.7131491303127842e-22, nan 
-152.875, 71.875, 1.6063538282852243e-22, nan 
-152.625, 71.875, 1.2969199968157074e-22, nan 
-152.375, 71.875, 1.2629396454095368e-22, nan 
-152.125, 71.875, 1.1950920805977224e-22, nan 
-151.875, 71.875, 1.0674246357073633e-22, nan 
-151.625, 71.875, 1.1417520764578336e-22, nan 
-151.375, 71.875, 1.0865926698588444e-22, nan 
-151.125, 71.875, 9.210575313292431e-23, nan 
-150.875, 71.875, 9.699453411795698e-23, nan 
-150.625, 71.875, 7.120488759268046e-23, nan 
-150.375, 71.875, 6.027023205218283e-23, nan 
-150.125, 71.875, 6.648569337549413e-23, nan 
-149.875, 71.875, 3.1316312516051576e-23, nan 
-149.625, 71.875, 2.7096773783199547e-23, nan 
-149.375, 71.875, 7.387683838620201e-23, nan 
-149.125, 71.875, 1.2188365589682173e-22, nan 
-148.875, 71.875, 8.97077441519788e-23, nan 
-148.625, 71.875, 4.73169828451457e-23, nan 
-148.375, 71.875, 4.1300144421752464e-23, nan 
-148.125, 71.875, 6.436870995609552e-23, nan 
-147.875, 71.875, 8.238031144076406e-23, nan 
-147.625, 71.875, 9.092259924858556e-23, nan 
-147.375, 71.875, 5.957048259091349e-23, nan 
-147.125, 71.875, 2.7102252325323086e-23, nan 
-146.875, 71.875, 5.2374386570121823e-23, nan 
-146.625, 71.875, 4.2680947946647236e-23, nan 
-146.375, 71.875, 6.749504380347934e-23, nan 
-146.125, 71.875, 4.3732283813249987e-23, nan 
-145.875, 71.875, 2.970010789784351e-23, nan 
-145.625, 71.875, 2.2413295049042916e-23, nan 
-145.375, 71.875, 6.380445169991093e-23, nan 
-145.125, 71.875, 6.829741900429389e-23, nan 
-144.875, 71.875, 4.7092859224380086e-23, nan 
-144.625, 71.875, 7.110691138061311e-23, nan 
-144.375, 71.875, 7.815221782581138e-23, nan 
-144.125, 71.875, 4.272918346749524e-23, nan 
-143.875, 71.875, 4.5192068287071526e-23, nan 
-143.625, 71.875, 9.455003174908811e-23, nan 
-143.375, 71.875, 6.153395554687137e-23, nan 
-143.125, 71.875, 7.790593649065886e-23, nan 
-142.875, 71.875, 8.972852212807351e-23, nan 
-142.625, 71.875, 6.940092050147507e-23, nan 
-142.375, 71.875, 7.737053784668556e-23, nan 
-142.125, 71.875, 1.0023100247760441e-22, nan 
-141.875, 71.875, 9.357728991032439e-23, nan 
-141.625, 71.875, 8.198131080935574e-23, nan 
-141.375, 71.875, 1.4323992681609078e-22, nan 
-141.125, 71.875, 6.387573778066074e-23, nan 
-140.875, 71.875, 1.4745705686085546e-22, nan 
-140.625, 71.875, 2.5659714784414276e-22, nan 
-140.375, 71.875, 9.439458792583121e-23, nan 
-140.125, 71.875, 1.216024198899783e-22, nan 
-139.875, 71.875, 2.629096013217656e-22, nan 
-139.625, 71.875, 7.350147156693844e-23, nan 
-139.375, 71.875, 5.649471332288058e-23, nan 
-139.125, 71.875, 7.694089432828028e-23, nan 
-138.875, 71.875, 3.410442115090834e-23, nan 
-138.625, 71.875, 2.985216646523653e-23, nan 
-138.375, 71.875, 6.454413575420839e-23, nan 
-138.125, 71.875, 1.410180430694095e-22, nan 
-137.875, 71.875, 9.254968490488444e-23, nan 
-137.625, 71.875, 6.103142637713292e-23, nan 
-137.375, 71.875, 9.787768539473918e-23, nan 
-137.125, 71.875, 9.077914866526936e-23, nan 
-136.875, 71.875, 5.1124058234258417e-23, nan 
-136.625, 71.875, 6.427833815609983e-23, nan 
-136.375, 71.875, 5.941298267306834e-23, nan 
-136.125, 71.875, 6.18738347983321e-23, nan 
-135.875, 71.875, 6.356284532030473e-23, nan 
-135.625, 71.875, 2.704263895907489e-23, nan 
-135.375, 71.875, 4.344420411781075e-23, nan 
-135.125, 71.875, 2.4508539379049038e-23, nan 
-134.875, 71.875, 3.466434952745693e-23, nan 
-134.625, 71.875, 5.925798545915486e-24, nan 
-134.375, 71.875, 1.1019393783191094e-23, nan 
-134.125, 71.875, 1.7975528040757445e-23, nan 
-133.875, 71.875, 4.690805317080753e-24, nan 
-133.625, 71.875, 2.2768839953125122e-23, nan 
-133.375, 71.875, 2.1625429080418647e-23, nan 
-133.125, 71.875, 2.277110927570639e-23, nan 
-132.875, 71.875, 3.6264770401668337e-23, nan 
-132.625, 71.875, 3.1430620935154883e-23, nan 
-132.375, 71.875, 1.7832947068745285e-23, nan 
-132.125, 71.875, 1.6122012506323738e-23, nan 
-131.875, 71.875, 1.4543425431883417e-23, nan 
-131.625, 71.875, 2.25560453185158e-23, nan 
-131.375, 71.875, 5.376571294459785e-23, nan 
-131.125, 71.875, 4.205400450134968e-23, nan 
-130.875, 71.875, 2.844588614242568e-23, nan 
-130.625, 71.875, 4.4588373853971115e-23, nan 
-130.375, 71.875, 5.827491505234245e-23, nan 
-130.125, 71.875, 5.1271174087726467e-23, nan 
-129.875, 71.875, 3.6078387806389676e-23, nan 
-129.625, 71.875, 6.066101596134092e-23, nan 
-129.375, 71.875, 7.706756418630475e-23, nan 
-129.125, 71.875, 3.767675339588182e-23, nan 
-128.875, 71.875, 5.540178979679762e-23, nan 
-128.625, 71.875, 7.238562435530794e-23, nan 
-128.375, 71.875, 3.056416801135505e-23, nan 
-128.125, 71.875, 2.6691688018235396e-23, nan 
-127.875, 71.875, 4.2867243527882995e-23, nan 
-127.625, 71.875, 4.918128795169809e-23, nan 
-127.375, 71.875, 6.72049017970158e-23, nan 
-127.125, 71.875, 7.440309799268312e-23, nan 
-126.875, 71.875, 5.915136055992312e-23, nan 
-126.625, 71.875, 7.151544335500706e-23, nan 
-126.375, 71.875, 8.028969489494925e-23, nan 
-126.125, 71.875, 4.9316977432802323e-23, nan 
-125.875, 71.875, 7.40860194470893e-23, nan 
-125.625, 71.875, 7.664026198228961e-23, nan 
-125.375, 71.875, 6.370201837691418e-23, nan 
-125.125, 71.875, 5.577038653763243e-23, nan 
-124.875, 71.875, 3.8530349930639635e-23, nan 
-124.625, 71.875, 5.542713425601334e-23, nan 
-124.375, 71.875, 9.049774317516618e-23, nan 
-124.125, 71.875, 1.421567698188147e-22, nan 
-123.875, 71.875, 8.353384725804223e-23, nan 
-123.625, 71.875, 6.662811010447093e-23, nan 
-123.375, 71.875, 4.768808605935331e-23, nan 
-123.125, 71.875, 6.159054888989398e-23, nan 
-122.875, 71.875, 7.510722898888928e-23, nan 
-122.625, 71.875, 4.179117359500881e-23, nan 
-122.375, 71.875, 3.4084731592805704e-23, nan 
-122.125, 71.875, 2.3506095480743144e-23, nan 
-121.875, 71.875, 2.3056866239078316e-23, nan 
-121.625, 71.875, 2.282451437480337e-23, nan 
-121.375, 71.875, 2.346284978341799e-23, nan 
-121.125, 71.875, 2.74032292261116e-23, nan 
-120.875, 71.875, 2.5200297781733284e-23, nan 
-120.625, 71.875, 2.0014306126153894e-23, nan 
-120.375, 71.875, 3.137749604079485e-23, nan 
-120.125, 71.875, 3.661457992041706e-23, nan 
-119.875, 71.875, 3.793053241353737e-23, nan 
-119.625, 71.875, 3.1560515419218254e-23, nan 
-119.375, 71.875, 4.704554037100008e-23, nan 
-119.125, 71.875, 2.8714180011004506e-23, nan 
-118.875, 71.875, 3.51241184085236e-23, nan 
-118.625, 71.875, 4.716504463449581e-23, nan 
-118.375, 71.875, 5.0448307816297283e-23, nan 
-118.125, 71.875, 3.1487655056573074e-23, nan 
-117.875, 71.875, 3.140447596231503e-23, nan 
-117.625, 71.875, 2.3917770446788865e-23, nan 
-117.375, 71.875, 1.070297847929558e-23, nan 
-117.125, 71.875, 2.588658465178768e-23, nan 
-116.875, 71.875, 2.939890776834649e-23, nan 
-116.625, 71.875, 1.63551274761069e-23, nan 
-116.375, 71.875, 2.615066962297237e-23, nan 
-116.125, 71.875, 2.7499140058571505e-23, nan 
-115.875, 71.875, 1.7209865477253693e-23, nan 
-115.625, 71.875, 1.4093622691530106e-23, nan 
-115.375, 71.875, 1.2568010842086545e-23, nan 
-115.125, 71.875, 1.0072822530562322e-23, nan 
-114.875, 71.875, 1.253842462994568e-23, nan 
-114.625, 71.875, 9.884259713398275e-24, nan 
-114.375, 71.875, 8.36953944213851e-24, nan 
-114.125, 71.875, 9.269808397452219e-24, nan 
-113.875, 71.875, 1.218805671448267e-23, nan 
-113.625, 71.875, 1.3647980786906923e-23, nan 
-113.375, 71.875, 1.1833050967377445e-23, nan 
-113.125, 71.875, 2.1921592234734578e-23, nan 
-112.875, 71.875, 3.127956241431577e-23, nan 
84.875, 71.875, 7.94244989647335e-24, nan 
85.125, 71.875, 5.1956168664103765e-24, nan 
85.375, 71.875, 9.349260084060091e-24, nan 
85.625, 71.875, 9.217241624479789e-24, nan 
85.875, 71.875, 1.2179707229169172e-23, nan 
86.125, 71.875, 9.542992978215392e-24, nan 
86.375, 71.875, 7.610889127653738e-24, nan 
86.625, 71.875, 1.0412443509253939e-23, nan 
86.875, 71.875, 6.819008267506585e-24, nan 
87.125, 71.875, 6.317282404264248e-24, nan 
87.375, 71.875, 8.42683239190464e-24, nan 
87.625, 71.875, 3.05483077870017e-24, nan 
87.875, 71.875, 6.390896806523423e-24, nan 
88.125, 71.875, 8.416227856018368e-24, nan 
88.375, 71.875, 9.312276756192456e-24, nan 
88.625, 71.875, 7.146605031386002e-24, nan 
88.875, 71.875, 9.48419840038733e-24, nan 
89.125, 71.875, 9.508355657250871e-24, nan 
89.375, 71.875, 9.305290902318758e-24, nan 
89.625, 71.875, 1.2395525444046171e-23, nan 
89.875, 71.875, 8.755875208332586e-24, nan 
90.125, 71.875, 1.0462326175073575e-23, nan 
90.375, 71.875, 1.0025207010048918e-23, nan 
90.625, 71.875, 7.124066765967556e-24, nan 
90.875, 71.875, 1.017363572276799e-23, nan 
91.125, 71.875, 7.902755283488473e-24, nan 
91.375, 71.875, 5.259506528395699e-24, nan 
91.625, 71.875, 4.947992572434619e-24, nan 
91.875, 71.875, 4.0385974330450414e-24, nan 
92.125, 71.875, 4.31727311756783e-24, nan 
92.375, 71.875, 6.92179762658626e-24, nan 
92.625, 71.875, 9.894164075852584e-24, nan 
92.875, 71.875, 9.98110957884753e-24, nan 
93.125, 71.875, 9.179330562605792e-24, nan 
93.375, 71.875, 1.3561664670113494e-23, nan 
93.625, 71.875, 1.6594263322273628e-23, nan 
93.875, 71.875, 1.7367150350432174e-23, nan 
94.125, 71.875, 1.5172868162523553e-23, nan 
94.375, 71.875, 1.3345297524974692e-23, nan 
94.625, 71.875, 1.6853556824298557e-23, nan 
94.875, 71.875, 1.711022006267873e-23, nan 
95.125, 71.875, 1.4361524017416357e-23, nan 
95.375, 71.875, 1.2616923638545839e-23, nan 
95.625, 71.875, 1.126609677240916e-23, nan 
95.875, 71.875, 7.583750145126325e-24, nan 
96.125, 71.875, 1.0153513290967254e-23, nan 
96.375, 71.875, 6.119370706566458e-24, nan 
96.625, 71.875, 6.755220435914726e-24, nan 
96.875, 71.875, 1.0875916942378421e-23, nan 
97.125, 71.875, 1.2148168130427163e-23, nan 
97.375, 71.875, 1.4604850391445176e-23, nan 
97.625, 71.875, 1.6220194505834422e-23, nan 
97.875, 71.875, 7.917253204143958e-24, nan 
98.125, 71.875, 1.703997867359314e-23, nan 
98.375, 71.875, 2.0968035254763804e-23, nan 
98.625, 71.875, 2.0394952116557753e-23, nan 
98.875, 71.875, 4.0926388338740535e-23, nan 
99.125, 71.875, 2.2605501091039727e-23, nan 
99.375, 71.875, 3.037059801557079e-23, nan 
99.625, 71.875, 6.289979128588226e-23, nan 
99.875, 71.875, 4.971336979188058e-23, nan 
100.125, 71.875, 3.3534678100164377e-23, nan 
100.375, 71.875, 4.658487879182993e-23, nan 
100.625, 71.875, 3.3150497657420866e-23, nan 
100.875, 71.875, 2.6889009872722275e-23, nan 
101.125, 71.875, 1.746804608882489e-23, nan 
101.375, 71.875, 2.0092960015645554e-23, nan 
101.625, 71.875, 1.7412086714368092e-23, nan 
101.875, 71.875, 2.4672555305258057e-23, nan 
102.125, 71.875, 1.5037817619353744e-23, nan 
102.375, 71.875, 1.379563706569168e-23, nan 
102.625, 71.875, 1.499973334836375e-23, nan 
102.875, 71.875, 2.6788591743003555e-23, nan 
103.125, 71.875, 4.5945501183314873e-23, nan 
103.375, 71.875, 2.758034088347329e-23, nan 
103.625, 71.875, 3.851059358173095e-23, nan 
103.875, 71.875, 3.5911038030861734e-23, nan 
104.125, 71.875, 4.011039695958502e-23, nan 
104.375, 71.875, 3.054306425529247e-23, nan 
104.625, 71.875, 2.589931141126712e-23, nan 
104.875, 71.875, 2.0146791712137074e-23, nan 
105.125, 71.875, 2.607180911339981e-23, nan 
105.375, 71.875, 3.099960786970452e-23, nan 
105.625, 71.875, 2.4034056192542917e-23, nan 
105.875, 71.875, 3.5226981999898923e-23, nan 
106.125, 71.875, 3.544945664923965e-23, nan 
106.375, 71.875, 1.3929428626418004e-23, nan 
106.625, 71.875, 3.079908035757738e-23, nan 
106.875, 71.875, 2.099302357759103e-23, nan 
107.125, 71.875, 1.2720806182438989e-23, nan 
107.375, 71.875, 1.5904958373940335e-23, nan 
107.625, 71.875, 9.381222036060344e-24, nan 
107.875, 71.875, 8.993053463883111e-24, nan 
108.125, 71.875, 1.6662162263654923e-23, nan 
108.375, 71.875, 1.5498699423230596e-23, nan 
108.625, 71.875, 1.3480009437851704e-23, nan 
108.875, 71.875, 1.1275536035482155e-23, nan 
109.125, 71.875, 1.9032298597644816e-23, nan 
109.375, 71.875, 1.6229318433640068e-23, nan 
109.625, 71.875, 2.896231681854467e-23, nan 
109.875, 71.875, 2.1721332040039062e-23, nan 
110.125, 71.875, 2.736586586899008e-23, nan 
110.375, 71.875, 2.6524589467107224e-23, nan 
110.625, 71.875, 2.303229580989222e-23, nan 
110.875, 71.875, 3.252680021318761e-23, nan 
111.125, 71.875, 3.358627934949193e-23, nan 
111.375, 71.875, 3.356597221619868e-23, nan 
111.625, 71.875, 3.892212083160742e-23, nan 
111.875, 71.875, 3.8369950337615617e-23, nan 
112.125, 71.875, 2.050247610245481e-23, nan 
112.375, 71.875, 4.2583835917605144e-23, nan 
112.625, 71.875, 4.616758000979855e-23, nan 
112.875, 71.875, 5.484008742798647e-23, nan 
113.125, 71.875, 6.267767450159477e-23, nan 
113.375, 71.875, 6.137980575091386e-23, nan 
113.625, 71.875, 8.322635929232136e-23, nan 
113.875, 71.875, 6.490760750292025e-23, nan 
114.125, 71.875, 4.56958443780725e-23, nan 
114.375, 71.875, 3.9192278748278425e-23, nan 
114.625, 71.875, 3.790090932410644e-23, nan 
114.875, 71.875, 3.196257188646488e-23, nan 
115.125, 71.875, 3.438352804012903e-23, nan 
115.375, 71.875, 4.321730159575872e-23, nan 
115.625, 71.875, 3.262767329330826e-23, nan 
115.875, 71.875, 5.2457250245296856e-23, nan 
116.125, 71.875, 3.040783338355575e-23, nan 
116.375, 71.875, 2.964291438463696e-23, nan 
116.625, 71.875, 1.583523933482365e-23, nan 
116.875, 71.875, 1.671101184657195e-23, nan 
117.125, 71.875, 3.429785460905123e-23, nan 
117.375, 71.875, 2.2234857910673414e-23, nan 
117.625, 71.875, 2.4712164758973417e-23, nan 
117.875, 71.875, 5.738372278957124e-23, nan 
118.125, 71.875, 2.653948312507426e-23, nan 
118.375, 71.875, 5.954108840113491e-23, nan 
118.625, 71.875, 1.065058662262086e-22, nan 
118.875, 71.875, 1.2647571620298385e-22, nan 
119.125, 71.875, 1.3325993035149228e-22, nan 
119.375, 71.875, 1.4468205850185438e-22, nan 
119.625, 71.875, 1.3607599868941937e-22, nan 
119.875, 71.875, 1.058865425974193e-22, nan 
120.125, 71.875, 8.348206697407141e-23, nan 
120.375, 71.875, 3.7413105886110754e-23, nan 
120.625, 71.875, 5.192750803348104e-23, nan 
120.875, 71.875, 3.1231151878531234e-23, nan 
121.125, 71.875, 2.5469693058759072e-23, nan 
121.375, 71.875, 2.8378444541765784e-23, nan 
121.625, 71.875, 3.5363968388422847e-23, nan 
121.875, 71.875, 5.0076811790294687e-23, nan 
122.125, 71.875, 6.247675697325379e-23, nan 
122.375, 71.875, 7.216370304048223e-23, nan 
122.625, 71.875, 3.919505998324886e-23, nan 
122.875, 71.875, 3.373422570105458e-23, nan 
123.125, 71.875, 2.528887908570474e-23, nan 
123.375, 71.875, 2.824513148500818e-23, nan 
123.625, 71.875, 3.942407263773498e-23, nan 
123.875, 71.875, 5.677147671973939e-23, nan 
124.125, 71.875, 6.135696094664762e-23, nan 
124.375, 71.875, 7.513590828679669e-23, nan 
124.625, 71.875, 8.901181501232853e-23, nan 
124.875, 71.875, 7.502868170505733e-23, nan 
125.125, 71.875, 6.68913730708745e-23, nan 
125.375, 71.875, 9.000448791314777e-23, nan 
125.625, 71.875, 8.172484988603467e-23, nan 
125.875, 71.875, 7.150874664293493e-23, nan 
126.125, 71.875, 7.053718956338018e-23, nan 
126.375, 71.875, 7.14803947959423e-23, nan 
126.625, 71.875, 7.063792402353419e-23, nan 
126.875, 71.875, 5.853503584840142e-23, nan 
127.125, 71.875, 2.6847088462086153e-23, nan 
127.375, 71.875, 6.461054732941593e-23, nan 
127.625, 71.875, 5.840673480782718e-23, nan 
127.875, 71.875, 1.0171420486669812e-22, nan 
128.125, 71.875, 9.899584729445384e-23, nan 
128.375, 71.875, 2.2261225815501956e-22, nan 
128.625, 71.875, 2.388736620990397e-22, nan 
128.875, 71.875, 1.4704585598998258e-22, nan 
129.125, 71.875, 2.0880933714816553e-22, nan 
129.375, 71.875, 2.297450525222013e-22, nan 
129.625, 71.875, 1.6473384416937358e-22, nan 
129.875, 71.875, 8.1044665287655e-23, nan 
130.125, 71.875, 8.516424906310622e-23, nan 
130.375, 71.875, 1.1084278338543237e-22, nan 
130.625, 71.875, 9.402661740525242e-23, nan 
130.875, 71.875, 6.433922025218905e-23, nan 
131.125, 71.875, 3.3083543638583e-23, nan 
131.375, 71.875, 6.6616232911311e-23, nan 
131.625, 71.875, 9.963048653466665e-23, nan 
131.875, 71.875, 7.902775780145524e-23, nan 
132.125, 71.875, 6.713072193104061e-23, nan 
132.375, 71.875, 3.042873746086508e-23, nan 
132.625, 71.875, 7.781667521984019e-23, nan 
132.875, 71.875, 9.04937756194172e-23, nan 
133.125, 71.875, 3.964981138903298e-23, nan 
133.375, 71.875, 5.1290513261082185e-23, nan 
133.625, 71.875, 9.217630679685631e-23, nan 
133.875, 71.875, 1.069051733703835e-22, nan 
134.125, 71.875, 9.166830370817276e-23, nan 
134.375, 71.875, 1.2501823644490811e-22, nan 
134.625, 71.875, 1.0743725328608662e-22, nan 
134.875, 71.875, 7.643743663672879e-23, nan 
135.125, 71.875, 1.6323456457072187e-22, nan 
135.375, 71.875, 1.953791457281943e-22, nan 
135.625, 71.875, 1.5080743650452977e-22, nan 
135.875, 71.875, 1.3883571635593555e-22, nan 
136.125, 71.875, 2.1788679086492284e-22, nan 
136.375, 71.875, 1.783442828947855e-22, nan 
136.625, 71.875, 1.702240706590026e-22, nan 
136.875, 71.875, 1.100322713422482e-22, nan 
137.125, 71.875, 1.0948080125895852e-22, nan 
137.375, 71.875, 1.8021812503708691e-22, nan 
137.625, 71.875, 1.9539492006588864e-22, nan 
137.875, 71.875, 1.6514626776083294e-22, nan 
138.125, 71.875, 1.4176026288296167e-22, nan 
138.375, 71.875, 1.4285726363975768e-22, nan 
138.625, 71.875, 2.7539551382861293e-22, nan 
138.875, 71.875, 2.801190727859211e-22, nan 
139.125, 71.875, 2.788731669874855e-22, nan 
139.375, 71.875, 3.136471804127081e-22, nan 
139.625, 71.875, 3.415549279171005e-22, nan 
139.875, 71.875, 4.175130020141333e-22, nan 
140.125, 71.875, 3.263270996161454e-22, nan 
140.375, 71.875, 1.4009315078800012e-22, nan 
140.625, 71.875, 1.0877649763648072e-22, nan 
140.875, 71.875, 1.8325351552981269e-22, nan 
141.125, 71.875, 1.2186177647001933e-22, nan 
141.375, 71.875, 1.157448163496468e-22, nan 
141.625, 71.875, 1.8957564182770897e-22, nan 
141.875, 71.875, 6.062884521631644e-23, nan 
142.125, 71.875, 1.5980540194336237e-22, nan 
142.375, 71.875, 2.944900214861648e-22, nan 
142.625, 71.875, 1.2547312494252714e-22, nan 
142.875, 71.875, 1.8899615901979793e-22, nan 
143.125, 71.875, 3.756621817944702e-22, nan 
143.375, 71.875, 4.01322458622884e-22, nan 
143.625, 71.875, 4.544464663189581e-22, nan 
143.875, 71.875, 3.6454506124985977e-22, nan 
144.125, 71.875, 6.813560614424143e-22, nan 
144.375, 71.875, 9.522313407321293e-22, nan 
144.625, 71.875, 6.606800896281699e-22, nan 
144.875, 71.875, 1.04210563450571e-21, nan 
145.125, 71.875, 1.3936214000950581e-21, nan 
145.375, 71.875, 2.2785807209759578e-21, nan 
145.625, 71.875, 5.439386002202148e-21, nan 
145.875, 71.875, 7.984052723016358e-21, nan 
146.125, 71.875, 6.002577776513834e-21, nan 
146.375, 71.875, 1.899929924360968e-21, nan 
146.625, 71.875, 1.3494547246214069e-21, nan 
146.875, 71.875, 9.174236508401601e-22, nan 
147.125, 71.875, 1.3413316887994694e-21, nan 
147.375, 71.875, 2.7809910821972847e-21, nan 
147.625, 71.875, 8.447194760589442e-22, nan 
147.875, 71.875, 1.4857532463215625e-21, nan 
148.125, 71.875, 2.5930222915676536e-21, nan 
148.375, 71.875, 8.994114213004508e-22, nan 
148.625, 71.875, 9.314660732624893e-22, nan 
148.875, 71.875, 5.821178572082525e-22, nan 
149.125, 71.875, 8.64324233991825e-22, nan 
149.375, 71.875, 1.3410105501335934e-21, nan 
149.625, 71.875, 1.4343765371368973e-21, nan 
149.875, 71.875, 2.275502137766122e-21, nan 
150.125, 71.875, 2.028679524706117e-21, nan 
150.375, 71.875, 1.866092513848311e-21, nan 
150.625, 71.875, 2.0874953154781056e-21, nan 
150.875, 71.875, 1.9828577982229425e-21, nan 
151.125, 71.875, 2.0365416199035055e-21, nan 
151.375, 71.875, 1.9305214000625164e-21, nan 
151.625, 71.875, 1.7258508876597594e-21, nan 
151.875, 71.875, 1.0251606290888102e-21, nan 
152.125, 71.875, 2.384940213646473e-21, nan 
152.375, 71.875, 2.7998972570544466e-21, nan 
152.625, 71.875, 1.8406041390879505e-21, nan 
152.875, 71.875, 1.7983296060722326e-21, nan 
153.125, 71.875, 2.2644536967018862e-21, nan 
153.375, 71.875, 1.736049576868835e-21, nan 
153.625, 71.875, 1.2141620514371266e-21, nan 
153.875, 71.875, 1.3305739931835538e-21, nan 
154.125, 71.875, 1.1419891814993156e-21, nan 
154.375, 71.875, 5.766024884014153e-22, nan 
154.625, 71.875, 2.8298219950302095e-22, nan 
154.875, 71.875, 1.656788587010128e-21, nan 
155.125, 71.875, 1.3037120408373202e-21, nan 
155.375, 71.875, 2.7063218130579995e-21, nan 
155.625, 71.875, 3.0408460846716324e-21, nan 
155.875, 71.875, 3.128791089744442e-21, nan 
156.125, 71.875, 4.430829679602461e-21, nan 
156.375, 71.875, 6.919877722863997e-21, nan 
156.625, 71.875, 8.023280701408179e-21, nan 
156.875, 71.875, 7.613257255908225e-21, nan 
157.125, 71.875, 6.56495985308206e-21, nan 
157.375, 71.875, 7.767780052102576e-21, nan 
157.625, 71.875, 7.468723687425303e-21, nan 
157.875, 71.875, 5.187142123311807e-21, nan 
158.125, 71.875, 2.4523755463113516e-21, nan 
158.375, 71.875, 4.7941417151061975e-21, nan 
158.625, 71.875, 4.596479512697219e-21, nan 
158.875, 71.875, 5.7957579543981765e-21, nan 
159.125, 71.875, 8.812018948030435e-21, nan 
159.375, 71.875, 9.086728276261102e-21, nan 
159.625, 71.875, 1.0286425407603155e-20, nan 
159.875, 71.875, 9.604448572965928e-21, nan 
160.125, 71.875, 8.42764983122879e-21, nan 
160.375, 71.875, 1.383749333011048e-20, nan 
160.625, 71.875, 2.1152190804628732e-20, nan 
160.875, 71.875, 5.429420572739542e-20, nan 
161.125, 71.875, 5.234059990944415e-20, nan 
161.375, 71.875, 6.717721002213806e-20, nan 
161.625, 71.875, 1.1095414608577437e-19, nan 
161.875, 71.875, 1.4704688542224874e-19, nan 
162.125, 71.875, 1.6536484290001184e-19, nan 
162.375, 71.875, 2.0386119608661653e-19, nan 
162.625, 71.875, 2.714714028905463e-19, nan 
162.875, 71.875, 1.8265862946838497e-19, nan 
163.125, 71.875, 2.739257934117944e-19, nan 
163.375, 71.875, 3.9915507928100527e-19, nan 
163.625, 71.875, 4.6730801171308275e-19, nan 
163.875, 71.875, 3.7461359086858176e-19, nan 
164.125, 71.875, 3.709783268827122e-19, nan 
164.375, 71.875, 7.275645536905598e-19, nan 
164.625, 71.875, 9.39724788030021e-19, nan 
164.875, 71.875, 1.2315478603214256e-18, nan 
165.125, 71.875, 7.051278180579294e-19, nan 
165.375, 71.875, 1.7727296187015533e-18, nan 
165.625, 71.875, 2.5483227430902605e-18, nan 
165.875, 71.875, 2.334070833722205e-18, nan 
166.125, 71.875, 2.549752016770311e-18, nan 
166.375, 71.875, 1.8112297552622174e-18, nan 
166.625, 71.875, 1.2758656756478435e-18, nan 
166.875, 71.875, 2.4250264100273376e-18, nan 
167.125, 71.875, 1.5705136333424578e-18, nan 
167.375, 71.875, 6.552252101935429e-19, nan 
167.625, 71.875, 2.2908101007870714e-19, nan 
167.875, 71.875, 4.929291098722113e-19, nan 
168.125, 71.875, 4.092048781941551e-19, nan 
168.375, 71.875, 2.582150294502411e-19, nan 
168.625, 71.875, 2.737248238850115e-19, nan 
168.875, 71.875, 1.9048425012105772e-19, nan 
169.125, 71.875, 1.8793628301921838e-19, nan 
169.375, 71.875, 2.5066524005508326e-19, nan 
169.625, 71.875, 1.5968316051859573e-19, nan 
169.875, 71.875, 1.5056791394733735e-19, nan 
170.125, 71.875, 1.0257671916158032e-19, nan 
170.375, 71.875, 8.441242272838708e-20, nan 
170.625, 71.875, 5.897850522199702e-20, nan 
170.875, 71.875, 4.810508458550391e-20, nan 
171.125, 71.875, 2.5273851105862017e-20, nan 
171.375, 71.875, 2.0793804283787063e-20, nan 
171.625, 71.875, 2.207857296012335e-20, nan 
171.875, 71.875, 2.084492255482369e-20, nan 
172.125, 71.875, 1.8606719202595503e-20, nan 
172.375, 71.875, 2.0329847012617242e-20, nan 
172.625, 71.875, 1.5741444341921482e-20, nan 
172.875, 71.875, 1.1427646951274285e-20, nan 
173.125, 71.875, 9.691797917013684e-21, nan 
173.375, 71.875, 9.029529783626977e-21, nan 
173.625, 71.875, 6.63615004636073e-21, nan 
173.875, 71.875, 7.502410606145653e-21, nan 
174.125, 71.875, 5.5961780575356224e-21, nan 
174.375, 71.875, 9.970538217262417e-21, nan 
174.625, 71.875, 1.0276430965315322e-20, nan 
174.875, 71.875, 9.827470928326947e-21, nan 
175.125, 71.875, 9.719242162446344e-21, nan 
175.375, 71.875, 8.925213653508715e-21, nan 
175.625, 71.875, 8.885807074381411e-21, nan 
175.875, 71.875, 6.953706167056882e-21, nan 
176.125, 71.875, 6.3008285870353036e-21, nan 
176.375, 71.875, 1.001784051335178e-20, nan 
176.625, 71.875, 1.0038038143683702e-20, nan 
176.875, 71.875, 8.187289013266278e-21, nan 
177.125, 71.875, 6.488032737742099e-21, nan 
177.375, 71.875, 6.82573630407307e-21, nan 
177.625, 71.875, 7.263657834662688e-21, nan 
177.875, 71.875, 4.093134737968587e-21, nan 
178.125, 71.875, 3.692815491083014e-21, nan 
178.375, 71.875, 4.4882353869064274e-21, nan 
178.625, 71.875, 4.941138689997796e-21, nan 
178.875, 71.875, 4.640248722885209e-21, nan 
179.125, 71.875, 3.7388490265268496e-21, nan 
179.375, 71.875, 3.984668384490348e-21, nan 
179.625, 71.875, 3.219370698150253e-21, nan 
179.875, 71.875, 2.8669386247006375e-21, nan 
-179.875, 72.125, 2.3526668924853455e-21, nan 
-179.625, 72.125, 2.438735582142805e-21, nan 
-179.375, 72.125, 1.862732251557421e-21, nan 
-179.125, 72.125, 1.5227328098250045e-21, nan 
-178.875, 72.125, 1.1135478813720062e-21, nan 
-178.625, 72.125, 1.4177099468629736e-21, nan 
-178.375, 72.125, 9.850044050091406e-22, nan 
-178.125, 72.125, 9.66890362647446e-22, nan 
-177.875, 72.125, 1.2122259863276018e-21, nan 
-177.625, 72.125, 8.742374331720919e-22, nan 
-177.375, 72.125, 1.0579080419240231e-21, nan 
-177.125, 72.125, 1.5025697308400078e-21, nan 
-176.875, 72.125, 1.3442000440049924e-21, nan 
-176.625, 72.125, 4.261953184415331e-22, nan 
-176.375, 72.125, 4.585404524260168e-22, nan 
-176.125, 72.125, 7.198863874781841e-22, nan 
-175.875, 72.125, 5.664406365781742e-22, nan 
-175.625, 72.125, 6.745941428443983e-22, nan 
-175.375, 72.125, 3.756713061835253e-22, nan 
-175.125, 72.125, 5.672617649957097e-22, nan 
-174.875, 72.125, 7.465898403399484e-22, nan 
-174.625, 72.125, 5.654090629900584e-22, nan 
-174.375, 72.125, 9.919184672391772e-22, nan 
-174.125, 72.125, 1.2122868235124397e-21, nan 
-173.875, 72.125, 9.742759372646123e-22, nan 
-173.625, 72.125, 1.2711865414208932e-21, nan 
-173.375, 72.125, 1.6449408906375603e-21, nan 
-173.125, 72.125, 1.9199388749042985e-21, nan 
-172.875, 72.125, 2.7637935797778417e-21, nan 
-172.625, 72.125, 2.169833778310334e-21, nan 
-172.375, 72.125, 3.304572047704557e-21, nan 
-172.125, 72.125, 5.017181540355873e-21, nan 
-171.875, 72.125, 1.1466589825742605e-21, nan 
-171.625, 72.125, 1.714850061221225e-21, nan 
-171.375, 72.125, 2.4605013490833496e-21, nan 
-171.125, 72.125, 3.7670521257711655e-22, nan 
-170.875, 72.125, 5.305624981577846e-22, nan 
-170.625, 72.125, 5.645654323515707e-22, nan 
-170.375, 72.125, 4.64183817617642e-22, nan 
-170.125, 72.125, 2.614295212450127e-22, nan 
-169.875, 72.125, 4.602500462050966e-22, nan 
-169.625, 72.125, 4.2281095891963583e-22, nan 
-169.375, 72.125, 5.522238506464661e-22, nan 
-169.125, 72.125, 6.218253951422109e-22, nan 
-168.875, 72.125, 7.092312200909191e-22, nan 
-168.625, 72.125, 8.053663516631483e-22, nan 
-168.375, 72.125, 8.031938531646039e-22, nan 
-168.125, 72.125, 1.0831619759602678e-21, nan 
-167.875, 72.125, 1.0646498507922356e-21, nan 
-167.625, 72.125, 7.935681676403054e-22, nan 
-167.375, 72.125, 6.124618252007291e-22, nan 
-167.125, 72.125, 7.805028422715564e-22, nan 
-166.875, 72.125, 7.776401216270589e-22, nan 
-166.625, 72.125, 5.410099475604677e-22, nan 
-166.375, 72.125, 3.920592736421579e-22, nan 
-166.125, 72.125, 5.872441288561024e-22, nan 
-165.875, 72.125, 4.69244120310872e-22, nan 
-165.625, 72.125, 2.705009991852782e-22, nan 
-165.375, 72.125, 2.9848209779203528e-22, nan 
-165.125, 72.125, 3.4571644435838487e-22, nan 
-164.875, 72.125, 3.1345286733832515e-22, nan 
-164.625, 72.125, 4.1176858913928554e-22, nan 
-164.375, 72.125, 3.1323551175752747e-22, nan 
-164.125, 72.125, 2.49902746286611e-22, nan 
-163.875, 72.125, 3.2570338624736086e-22, nan 
-163.625, 72.125, 3.9025142883097904e-22, nan 
-163.375, 72.125, 4.1179577845206144e-22, nan 
-163.125, 72.125, 3.915281103593572e-22, nan 
-162.875, 72.125, 3.670568147562713e-22, nan 
-162.625, 72.125, 3.7105364429500344e-22, nan 
-162.375, 72.125, 2.2716587474038034e-22, nan 
-162.125, 72.125, 1.4323072953169616e-22, nan 
-161.875, 72.125, 1.4708590982681053e-22, nan 
-161.625, 72.125, 1.2629708044004213e-22, nan 
-161.375, 72.125, 8.039109831209471e-23, nan 
-161.125, 72.125, 8.299705778830446e-23, nan 
-160.875, 72.125, 2.5127588920219557e-22, nan 
-160.625, 72.125, 3.0271188821892568e-22, nan 
-160.375, 72.125, 1.6888400997087898e-22, nan 
-160.125, 72.125, 2.1441723997773676e-22, nan 
-159.875, 72.125, 3.14273430776299e-22, nan 
-159.625, 72.125, 2.2129013501490403e-22, nan 
-159.375, 72.125, 1.5510397138386768e-22, nan 
-159.125, 72.125, 2.0057479496919352e-22, nan 
-158.875, 72.125, 1.5337650268645782e-22, nan 
-158.625, 72.125, 1.639443885356263e-22, nan 
-158.375, 72.125, 1.136773968395602e-22, nan 
-158.125, 72.125, 6.882041536667689e-23, nan 
-157.875, 72.125, 1.27906657645494e-22, nan 
-157.625, 72.125, 1.1155262580107392e-22, nan 
-157.375, 72.125, 1.4017559460754324e-22, nan 
-157.125, 72.125, 1.4823455947914639e-22, nan 
-156.875, 72.125, 1.0893468748013384e-22, nan 
-156.625, 72.125, 1.2630210767775227e-22, nan 
-156.375, 72.125, 1.4852318776512387e-22, nan 
-156.125, 72.125, 1.1209862562257003e-22, nan 
-155.875, 72.125, 8.629943368199657e-23, nan 
-155.625, 72.125, 7.891605166334858e-23, nan 
-155.375, 72.125, 7.92645503483324e-23, nan 
-155.125, 72.125, 1.1821030970799848e-22, nan 
-154.875, 72.125, 8.68181979129156e-23, nan 
-154.625, 72.125, 7.763819417319222e-23, nan 
-154.375, 72.125, 9.436158990878839e-23, nan 
-154.125, 72.125, 9.04912494426224e-23, nan 
-153.875, 72.125, 1.0691616464115851e-22, nan 
-153.625, 72.125, 1.2079819934241415e-22, nan 
-153.375, 72.125, 1.1014739210275301e-22, nan 
-153.125, 72.125, 1.0773256263356703e-22, nan 
-152.875, 72.125, 9.063538203483072e-23, nan 
-152.625, 72.125, 1.0236400164576924e-22, nan 
-152.375, 72.125, 8.037686266609727e-23, nan 
-152.125, 72.125, 9.948785718012162e-23, nan 
-151.875, 72.125, 1.0772813703287921e-22, nan 
-151.625, 72.125, 1.201917838375302e-22, nan 
-151.375, 72.125, 1.7577752855245362e-22, nan 
-151.125, 72.125, 1.5175672845640212e-22, nan 
-150.875, 72.125, 1.2105705365845121e-22, nan 
-150.625, 72.125, 7.862417424463489e-23, nan 
-150.375, 72.125, 9.49544530010116e-23, nan 
-150.125, 72.125, 6.647243227656159e-23, nan 
-149.875, 72.125, 1.4032368219100591e-22, nan 
-149.625, 72.125, 1.0849326153990167e-22, nan 
-149.375, 72.125, 2.2487921657733404e-22, nan 
-149.125, 72.125, 2.763061436316647e-22, nan 
-148.875, 72.125, 1.803546898870042e-22, nan 
-148.625, 72.125, 7.487275968903158e-23, nan 
-148.375, 72.125, 1.4785247772950653e-22, nan 
-148.125, 72.125, 7.781007353416047e-23, nan 
-147.875, 72.125, 9.32640386915609e-23, nan 
-147.625, 72.125, 1.446700493953214e-22, nan 
-147.375, 72.125, 6.809707245495943e-23, nan 
-147.125, 72.125, 4.760076125103006e-23, nan 
-146.875, 72.125, 7.236813418270756e-23, nan 
-146.625, 72.125, 1.2565440372501687e-22, nan 
-146.375, 72.125, 7.913071844079862e-23, nan 
-146.125, 72.125, 7.519206424961611e-23, nan 
-145.875, 72.125, 4.124975917990796e-23, nan 
-145.625, 72.125, 6.496429425237177e-23, nan 
-145.375, 72.125, 4.6580741609448905e-23, nan 
-145.125, 72.125, 4.2777135254695063e-23, nan 
-144.875, 72.125, 5.313791739719204e-23, nan 
-144.625, 72.125, 3.6339408289039007e-23, nan 
-144.375, 72.125, 5.519530993777113e-23, nan 
-144.125, 72.125, 5.686570215027796e-23, nan 
-143.875, 72.125, 5.508322514111127e-23, nan 
-143.625, 72.125, 5.489493971255034e-23, nan 
-143.375, 72.125, 5.50838911962579e-23, nan 
-143.125, 72.125, 7.933746026208835e-23, nan 
-142.875, 72.125, 4.36648936201072e-23, nan 
-142.625, 72.125, 3.6827389942610515e-23, nan 
-142.375, 72.125, 9.102900526989246e-23, nan 
-142.125, 72.125, 5.747074515761523e-23, nan 
-141.875, 72.125, 3.752253355425009e-23, nan 
-141.625, 72.125, 6.089490602518442e-23, nan 
-141.375, 72.125, 6.781809445568594e-23, nan 
-141.125, 72.125, 3.9416821372134444e-23, nan 
-140.875, 72.125, 1.0403230069897429e-22, nan 
-140.625, 72.125, 1.4058102330853035e-22, nan 
-140.375, 72.125, 1.3091224764318667e-22, nan 
-140.125, 72.125, 9.361988175268789e-23, nan 
-139.875, 72.125, 1.4421620355688188e-22, nan 
-139.625, 72.125, 1.2485639910973983e-22, nan 
-139.375, 72.125, 5.0333498570865606e-23, nan 
-139.125, 72.125, 3.536364425440052e-23, nan 
-138.875, 72.125, 4.548074217351908e-23, nan 
-138.625, 72.125, 5.53454564217473e-23, nan 
-138.375, 72.125, 6.095864830612387e-23, nan 
-138.125, 72.125, 8.799906679994013e-23, nan 
-137.875, 72.125, 6.210551901920387e-23, nan 
-137.625, 72.125, 5.906722770653661e-23, nan 
-137.375, 72.125, 5.96232637990615e-23, nan 
-137.125, 72.125, 5.471628561326449e-23, nan 
-136.875, 72.125, 4.421252082742805e-23, nan 
-136.625, 72.125, 7.488696792622725e-23, nan 
-136.375, 72.125, 6.229898476084576e-23, nan 
-136.125, 72.125, 5.905789132514452e-23, nan 
-135.875, 72.125, 5.857425157657171e-23, nan 
-135.625, 72.125, 5.1144900056619714e-23, nan 
-135.375, 72.125, 8.129310603448032e-23, nan 
-135.125, 72.125, 4.4530140029662234e-23, nan 
-134.875, 72.125, 3.8748803770754204e-23, nan 
-134.625, 72.125, 3.277569327011637e-23, nan 
-134.375, 72.125, 3.488121455433758e-23, nan 
-134.125, 72.125, 3.150315104133104e-23, nan 
-133.875, 72.125, 2.181612742547081e-23, nan 
-133.625, 72.125, 2.7029161849532536e-23, nan 
-133.375, 72.125, 4.6454339885645857e-23, nan 
-133.125, 72.125, 3.90475224384368e-23, nan 
-132.875, 72.125, 5.642659932607233e-23, nan 
-132.625, 72.125, 3.5332171742379504e-23, nan 
-132.375, 72.125, 2.9649540174628356e-23, nan 
-132.125, 72.125, 2.4676275829616e-23, nan 
-131.875, 72.125, 2.925558193801064e-23, nan 
-131.625, 72.125, 5.1103426913886553e-23, nan 
-131.375, 72.125, 3.488888481195115e-23, nan 
-131.125, 72.125, 2.5323747212751287e-23, nan 
-130.875, 72.125, 3.0199588846431646e-23, nan 
-130.625, 72.125, 4.28866974348731e-23, nan 
-130.375, 72.125, 5.681265098615337e-23, nan 
-130.125, 72.125, 5.869858240644154e-23, nan 
-129.875, 72.125, 4.901139001428386e-23, nan 
-129.625, 72.125, 4.1361736493390333e-23, nan 
-129.375, 72.125, 5.2692918788052803e-23, nan 
-129.125, 72.125, 8.268814909483823e-23, nan 
-128.875, 72.125, 7.572397735494451e-23, nan 
-128.625, 72.125, 5.861737398037909e-23, nan 
-128.375, 72.125, 3.92485060499841e-23, nan 
-128.125, 72.125, 6.160763094678008e-23, nan 
-127.875, 72.125, 6.41927181155314e-23, nan 
-127.625, 72.125, 5.402272699020434e-23, nan 
-127.375, 72.125, 7.56618638164389e-23, nan 
-127.125, 72.125, 8.584582566351239e-23, nan 
-126.875, 72.125, 6.31419348186462e-23, nan 
-126.625, 72.125, 2.481570728188034e-23, nan 
-126.375, 72.125, 3.770261983693984e-23, nan 
-126.125, 72.125, 4.900928588603982e-23, nan 
-125.875, 72.125, 5.908729405367441e-23, nan 
-125.625, 72.125, 7.22239260555231e-23, nan 
-125.375, 72.125, 8.67550603561452e-23, nan 
-125.125, 72.125, 7.429292626726185e-23, nan 
-124.875, 72.125, 1.119993179835919e-22, nan 
-124.625, 72.125, 1.1192757186770366e-22, nan 
-124.375, 72.125, 6.716396573557699e-23, nan 
-124.125, 72.125, 9.087286570855874e-23, nan 
-123.875, 72.125, 9.661880507321116e-23, nan 
-123.625, 72.125, 7.13324815970344e-23, nan 
-123.375, 72.125, 5.1439969717576453e-23, nan 
-123.125, 72.125, 6.162675784898071e-23, nan 
-122.875, 72.125, 9.93043643352053e-23, nan 
-122.625, 72.125, 4.7753700963317476e-23, nan 
-122.375, 72.125, 4.337606139635905e-23, nan 
-122.125, 72.125, 6.156623888369095e-23, nan 
-121.875, 72.125, 3.356856960165073e-23, nan 
-121.625, 72.125, 2.894221084293913e-23, nan 
-121.375, 72.125, 2.711038387016288e-23, nan 
-121.125, 72.125, 3.392631012432882e-23, nan 
-120.875, 72.125, 3.3122135443981254e-23, nan 
-120.625, 72.125, 4.924839773902432e-23, nan 
-120.375, 72.125, 4.687849350397663e-23, nan 
-120.125, 72.125, 4.923359485843829e-23, nan 
-119.875, 72.125, 5.272395792155969e-23, nan 
-119.625, 72.125, 4.6924180473498575e-23, nan 
-119.375, 72.125, 4.222385520360323e-23, nan 
-119.125, 72.125, 3.65658473720332e-23, nan 
-118.875, 72.125, 4.283081303238766e-23, nan 
-118.625, 72.125, 4.515246365504188e-23, nan 
-118.375, 72.125, 4.5259583752976134e-23, nan 
-118.125, 72.125, 4.1178985176864424e-23, nan 
-117.875, 72.125, 3.507880687881161e-23, nan 
-117.625, 72.125, 1.513921462660389e-23, nan 
-117.375, 72.125, 2.970113341546784e-23, nan 
-117.125, 72.125, 2.2636193111449913e-23, nan 
-116.875, 72.125, 8.775790487051017e-24, nan 
-116.625, 72.125, 1.7639008788340488e-23, nan 
-116.375, 72.125, 1.4001003202619e-23, nan 
-116.125, 72.125, 1.5446457270523132e-23, nan 
-115.875, 72.125, 2.0889042670603405e-23, nan 
-115.625, 72.125, 1.9537089485052863e-23, nan 
-115.375, 72.125, 1.9293486507231066e-23, nan 
-115.125, 72.125, 1.780024270642489e-23, nan 
-114.875, 72.125, 2.1701618183380957e-23, nan 
-114.625, 72.125, 2.063793222031501e-23, nan 
-114.375, 72.125, 1.6717314114685662e-23, nan 
-114.125, 72.125, 1.4171823556615087e-23, nan 
-113.875, 72.125, 1.0781353444034681e-23, nan 
-113.625, 72.125, 7.118842368499695e-24, nan 
-113.375, 72.125, 9.790329941771025e-24, nan 
-113.125, 72.125, 1.221330406364311e-23, nan 
-112.875, 72.125, 1.1411936231987453e-23, nan 
-112.625, 72.125, 1.2489741559912613e-23, nan 
-112.375, 72.125, 4.067680953454836e-23, nan 
84.625, 72.125, 4.643320240477125e-24, nan 
84.875, 72.125, 6.11845132527388e-24, nan 
85.125, 72.125, 3.791277856308179e-24, nan 
85.375, 72.125, 5.7080480008475646e-24, nan 
85.625, 72.125, 6.778584092994121e-24, nan 
85.875, 72.125, 5.0982341225750304e-24, nan 
86.125, 72.125, 3.875131352596401e-24, nan 
86.375, 72.125, 6.0362574382577875e-24, nan 
86.625, 72.125, 6.5719741203199125e-24, nan 
86.875, 72.125, 8.097504953146756e-24, nan 
87.125, 72.125, 5.60450481083127e-24, nan 
87.375, 72.125, 9.012302732108978e-24, nan 
87.625, 72.125, 7.6160425804429e-24, nan 
87.875, 72.125, 7.489083217983756e-24, nan 
88.125, 72.125, 7.858083264072448e-24, nan 
88.375, 72.125, 6.979973483497174e-24, nan 
88.625, 72.125, 9.904840443894261e-24, nan 
88.875, 72.125, 7.408874415061167e-24, nan 
89.125, 72.125, 9.502794611137443e-24, nan 
89.375, 72.125, 1.0765062179971967e-23, nan 
89.625, 72.125, 1.3927176371099887e-23, nan 
89.875, 72.125, 1.3363840417773692e-23, nan 
90.125, 72.125, 1.0080086426377727e-23, nan 
90.375, 72.125, 1.0906279968862169e-23, nan 
90.625, 72.125, 1.0784843058956479e-23, nan 
90.875, 72.125, 9.993221193028145e-24, nan 
91.125, 72.125, 9.622403356002364e-24, nan 
91.375, 72.125, 1.0420868983751406e-23, nan 
91.625, 72.125, 1.0824081208588593e-23, nan 
91.875, 72.125, 1.3769221895656056e-23, nan 
92.125, 72.125, 1.3973484289910356e-23, nan 
92.375, 72.125, 1.8806020171305426e-23, nan 
92.625, 72.125, 1.5588606539537264e-23, nan 
92.875, 72.125, 1.3229883814764398e-23, nan 
93.125, 72.125, 1.169907155134608e-23, nan 
93.375, 72.125, 1.8542892988920615e-23, nan 
93.625, 72.125, 1.7617306377119236e-23, nan 
93.875, 72.125, 1.6215888608793905e-23, nan 
94.125, 72.125, 1.496513894309887e-23, nan 
94.375, 72.125, 1.3631148161741336e-23, nan 
94.625, 72.125, 1.0452994550500089e-23, nan 
94.875, 72.125, 5.490578857460682e-24, nan 
95.125, 72.125, 9.585886811755394e-24, nan 
95.375, 72.125, 1.4347178144850708e-23, nan 
95.625, 72.125, 5.307608510084998e-24, nan 
95.875, 72.125, 6.234511101668917e-24, nan 
96.125, 72.125, 7.579760158188568e-24, nan 
96.375, 72.125, 5.78436162423082e-24, nan 
96.625, 72.125, 6.145776622541558e-24, nan 
96.875, 72.125, 5.416620726308098e-24, nan 
97.125, 72.125, 1.2090051845248789e-23, nan 
97.375, 72.125, 8.433844036483394e-24, nan 
97.625, 72.125, 8.858580976116162e-24, nan 
97.875, 72.125, 1.0804308703002308e-23, nan 
98.125, 72.125, 1.2952340399880476e-23, nan 
98.375, 72.125, 1.6954482872770162e-23, nan 
98.625, 72.125, 1.603033861568605e-23, nan 
98.875, 72.125, 1.3651953679876017e-23, nan 
99.125, 72.125, 1.909560570067605e-23, nan 
99.375, 72.125, 2.3949693028899233e-23, nan 
99.625, 72.125, 3.739130421445373e-23, nan 
99.875, 72.125, 2.9101934769142316e-23, nan 
100.125, 72.125, 2.468198487607494e-23, nan 
100.375, 72.125, 1.6538985497569134e-23, nan 
100.625, 72.125, 2.088307446395437e-23, nan 
100.875, 72.125, 1.0953210647921976e-23, nan 
101.125, 72.125, 1.024082551467501e-23, nan 
101.375, 72.125, 1.1336316821639086e-23, nan 
101.625, 72.125, 6.625073115886755e-24, nan 
101.875, 72.125, 7.915556550604199e-24, nan 
102.125, 72.125, 1.3119130388322856e-23, nan 
102.375, 72.125, 1.4295404872973067e-23, nan 
102.625, 72.125, 2.182513753079271e-23, nan 
102.875, 72.125, 2.262685787715173e-23, nan 
103.125, 72.125, 2.3488503507623095e-23, nan 
103.375, 72.125, 2.3189906016520446e-23, nan 
103.625, 72.125, 2.6794194712772767e-23, nan 
103.875, 72.125, 2.0627692822249914e-23, nan 
104.125, 72.125, 1.9925251451676716e-23, nan 
104.375, 72.125, 2.095092766791945e-23, nan 
104.625, 72.125, 1.5118729771690377e-23, nan 
104.875, 72.125, 2.3691564408420835e-23, nan 
105.125, 72.125, 2.481828024948822e-23, nan 
105.375, 72.125, 2.51907184556432e-23, nan 
105.625, 72.125, 2.370772053323742e-23, nan 
105.875, 72.125, 1.952894551567449e-23, nan 
106.125, 72.125, 1.7128233185365383e-23, nan 
106.375, 72.125, 2.065114194351836e-23, nan 
106.625, 72.125, 3.180652426666402e-23, nan 
106.875, 72.125, 2.939038520663709e-23, nan 
107.125, 72.125, 2.4175354360005618e-23, nan 
107.375, 72.125, 2.82678702844916e-23, nan 
107.625, 72.125, 3.1558597533662546e-23, nan 
107.875, 72.125, 2.1630574375430654e-23, nan 
108.125, 72.125, 1.7102364132549857e-23, nan 
108.375, 72.125, 3.0685989077224373e-23, nan 
108.625, 72.125, 3.231853324661793e-23, nan 
108.875, 72.125, 3.57695247837871e-23, nan 
109.125, 72.125, 2.96465553340338e-23, nan 
109.375, 72.125, 3.330612397181281e-23, nan 
109.625, 72.125, 3.5828401399443676e-23, nan 
109.875, 72.125, 1.944848282333687e-23, nan 
110.125, 72.125, 2.3272810751788044e-23, nan 
110.375, 72.125, 2.668486905570422e-23, nan 
110.625, 72.125, 2.4667452734402778e-23, nan 
110.875, 72.125, 3.0899461429819956e-23, nan 
111.125, 72.125, 3.260213088182275e-23, nan 
111.375, 72.125, 3.1015554309100105e-23, nan 
111.625, 72.125, 4.011016369595111e-23, nan 
111.875, 72.125, 4.535322236307408e-23, nan 
112.125, 72.125, 4.6686750543113514e-23, nan 
112.375, 72.125, 5.347467774086226e-23, nan 
112.625, 72.125, 5.335977892060187e-23, nan 
112.875, 72.125, 6.487173332908439e-23, nan 
113.125, 72.125, 6.426696326666903e-23, nan 
113.375, 72.125, 5.729410207237256e-23, nan 
113.625, 72.125, 7.301827431334601e-23, nan 
113.875, 72.125, 5.96692290910036e-23, nan 
114.125, 72.125, 3.83824953277546e-23, nan 
114.375, 72.125, 6.026300382049331e-23, nan 
114.625, 72.125, 6.210981246466048e-23, nan 
114.875, 72.125, 3.01567685335797e-23, nan 
115.125, 72.125, 3.9154237126207425e-23, nan 
115.375, 72.125, 6.601914102891627e-23, nan 
115.625, 72.125, 4.49640761907536e-23, nan 
115.875, 72.125, 8.355483614478529e-23, nan 
116.125, 72.125, 5.713062052993651e-23, nan 
116.375, 72.125, 2.837194249061919e-23, nan 
116.625, 72.125, 6.176346891701381e-23, nan 
116.875, 72.125, 5.30545359404681e-23, nan 
117.125, 72.125, 7.596695375136641e-23, nan 
117.375, 72.125, 6.37123833439642e-23, nan 
117.625, 72.125, 1.107058130527273e-22, nan 
117.875, 72.125, 2.1123948445887002e-22, nan 
118.125, 72.125, 1.8340651813992396e-22, nan 
118.375, 72.125, 1.446715834085197e-22, nan 
118.625, 72.125, 2.2305384009733047e-22, nan 
118.875, 72.125, 2.1740866686527796e-22, nan 
119.125, 72.125, 1.699529198853831e-22, nan 
119.375, 72.125, 1.6257741903905448e-22, nan 
119.625, 72.125, 1.9586122805200596e-22, nan 
119.875, 72.125, 1.721762019168557e-22, nan 
120.125, 72.125, 1.1599551139974737e-22, nan 
120.375, 72.125, 1.5897266440764164e-22, nan 
120.625, 72.125, 1.6086472720514601e-22, nan 
120.875, 72.125, 8.133237885068455e-23, nan 
121.125, 72.125, 5.440875950506547e-23, nan 
121.375, 72.125, 8.203345473444765e-23, nan 
121.625, 72.125, 3.82982978812148e-23, nan 
121.875, 72.125, 5.2527429860783016e-23, nan 
122.125, 72.125, 2.6738017183331985e-23, nan 
122.375, 72.125, 4.0700960702860035e-23, nan 
122.625, 72.125, 5.480249677917714e-23, nan 
122.875, 72.125, 3.503526695123249e-23, nan 
123.125, 72.125, 4.662919761735956e-23, nan 
123.375, 72.125, 4.741536114161671e-23, nan 
123.625, 72.125, 6.295832610238972e-23, nan 
123.875, 72.125, 7.63642911876305e-23, nan 
124.125, 72.125, 7.866266250413296e-23, nan 
124.375, 72.125, 6.756912599570899e-23, nan 
124.625, 72.125, 1.0346161875308643e-22, nan 
124.875, 72.125, 1.2681183691284252e-22, nan 
125.125, 72.125, 9.516771373285204e-23, nan 
125.375, 72.125, 8.875552579142413e-23, nan 
125.625, 72.125, 1.0103119756218117e-22, nan 
125.875, 72.125, 7.12938841013818e-23, nan 
126.125, 72.125, 3.734172687141591e-23, nan 
126.375, 72.125, 5.434763406815979e-23, nan 
126.625, 72.125, 6.068274575292515e-23, nan 
126.875, 72.125, 7.43035231262949e-23, nan 
127.125, 72.125, 8.109476667382923e-23, nan 
127.375, 72.125, 1.0140000989382348e-22, nan 
127.625, 72.125, 1.3997816307155473e-22, nan 
127.875, 72.125, 1.4967887195156505e-22, nan 
128.125, 72.125, 1.0934695642368439e-22, nan 
128.375, 72.125, 1.687176395849181e-22, nan 
128.625, 72.125, 1.6269756401301137e-22, nan 
128.875, 72.125, 1.5275824365542372e-22, nan 
129.125, 72.125, 9.698248812159838e-23, nan 
129.375, 72.125, 1.0040325546790296e-22, nan 
129.625, 72.125, 1.2484389663465313e-22, nan 
129.875, 72.125, 7.797035821183769e-23, nan 
130.125, 72.125, 8.868725363739506e-23, nan 
130.375, 72.125, 1.2756776111841396e-22, nan 
130.625, 72.125, 6.351470936518234e-23, nan 
130.875, 72.125, 3.683433943888163e-23, nan 
131.125, 72.125, 6.16082596893984e-23, nan 
131.375, 72.125, 5.6984073210413e-23, nan 
131.625, 72.125, 5.798698479252016e-23, nan 
131.875, 72.125, 7.196710540256089e-23, nan 
132.125, 72.125, 8.463920312825249e-23, nan 
132.375, 72.125, 9.241887624744351e-23, nan 
132.625, 72.125, 4.7439918423795103e-23, nan 
132.875, 72.125, 9.159762675853351e-23, nan 
133.125, 72.125, 4.643847369175286e-23, nan 
133.375, 72.125, 1.1937770815272976e-22, nan 
133.625, 72.125, 1.3503100877663148e-22, nan 
133.875, 72.125, 8.221908039249678e-23, nan 
134.125, 72.125, 1.366878240822051e-22, nan 
134.375, 72.125, 1.67743510736272e-22, nan 
134.625, 72.125, 9.603016371559788e-23, nan 
134.875, 72.125, 5.21417899426102e-23, nan 
135.125, 72.125, 1.2567417376214506e-22, nan 
135.375, 72.125, 1.1926484935215434e-22, nan 
135.625, 72.125, 1.857741674837296e-22, nan 
135.875, 72.125, 1.4119146601344089e-22, nan 
136.125, 72.125, 1.100661046291045e-22, nan 
136.375, 72.125, 1.9717713085584055e-22, nan 
136.625, 72.125, 1.783135956352676e-22, nan 
136.875, 72.125, 8.161468030806729e-23, nan 
137.125, 72.125, 8.1615334425775e-23, nan 
137.375, 72.125, 1.4723498841921936e-22, nan 
137.625, 72.125, 1.0973088702407686e-22, nan 
137.875, 72.125, 1.2340363641773187e-22, nan 
138.125, 72.125, 2.6475730125092543e-22, nan 
138.375, 72.125, 1.7539889777992824e-22, nan 
138.625, 72.125, 2.4093388914019866e-22, nan 
138.875, 72.125, 3.5612500061267167e-22, nan 
139.125, 72.125, 2.499754121745267e-22, nan 
139.375, 72.125, 2.643433229756376e-22, nan 
139.625, 72.125, 8.525231195209967e-23, nan 
139.875, 72.125, 1.1835862610365176e-22, nan 
140.125, 72.125, 1.6789509559225852e-22, nan 
140.375, 72.125, 2.0213890425543726e-22, nan 
140.625, 72.125, 2.1523235495285016e-22, nan 
140.875, 72.125, 2.4603588909502243e-22, nan 
141.125, 72.125, 2.239508554772689e-22, nan 
141.375, 72.125, 2.242040530560004e-22, nan 
141.625, 72.125, 3.7166119726427767e-22, nan 
141.875, 72.125, 1.1839458482823073e-22, nan 
142.125, 72.125, 1.5605752037946499e-22, nan 
142.375, 72.125, 5.215910094240813e-22, nan 
142.625, 72.125, 4.641337678394176e-22, nan 
142.875, 72.125, 2.7808228438515376e-22, nan 
143.125, 72.125, 5.678670891180639e-22, nan 
143.375, 72.125, 6.058534542158856e-22, nan 
143.625, 72.125, 6.771268067429442e-22, nan 
143.875, 72.125, 4.1504640414833904e-21, nan 
144.125, 72.125, 5.224120833774348e-21, nan 
144.375, 72.125, 5.7532421035199616e-21, nan 
144.625, 72.125, 3.1332295987351424e-21, nan 
144.875, 72.125, 6.187525890497356e-21, nan 
145.125, 72.125, 9.453148276002783e-21, nan 
145.375, 72.125, 9.781159250129016e-21, nan 
145.625, 72.125, 1.3356885469699984e-20, nan 
145.875, 72.125, 1.8409210809572022e-20, nan 
146.125, 72.125, 1.4546111748695905e-20, nan 
146.375, 72.125, 1.0007350233591848e-20, nan 
146.625, 72.125, 1.049735765692308e-20, nan 
146.875, 72.125, 6.805759262147246e-21, nan 
147.125, 72.125, 3.552354348824368e-21, nan 
147.375, 72.125, 2.795679796896186e-21, nan 
147.625, 72.125, 1.0574095913529995e-21, nan 
147.875, 72.125, 1.3477859978264693e-21, nan 
148.125, 72.125, 2.6885644902071387e-21, nan 
148.375, 72.125, 1.2166291314688521e-21, nan 
148.625, 72.125, 1.5235218522225506e-21, nan 
148.875, 72.125, 1.6158545277340223e-21, nan 
149.125, 72.125, 1.068743600371948e-21, nan 
149.375, 72.125, 2.2386735827323446e-21, nan 
149.625, 72.125, 3.3510261891944932e-21, nan 
149.875, 72.125, 2.9280431894340545e-21, nan 
150.125, 72.125, 3.577947803055453e-21, nan 
150.375, 72.125, 2.803874745810705e-21, nan 
150.625, 72.125, 2.463179092216782e-21, nan 
150.875, 72.125, 2.9650424410434702e-21, nan 
151.125, 72.125, 1.5058373362516006e-21, nan 
151.375, 72.125, 1.3157457434468259e-21, nan 
151.625, 72.125, 1.0246828445466633e-21, nan 
151.875, 72.125, 1.2297621243784795e-21, nan 
152.125, 72.125, 1.7012008328501537e-21, nan 
152.375, 72.125, 1.7518378131728498e-21, nan 
152.625, 72.125, 1.560448988509018e-21, nan 
152.875, 72.125, 1.3336985899257116e-21, nan 
153.125, 72.125, 1.1371500868415575e-21, nan 
153.375, 72.125, 9.097354705398288e-22, nan 
153.625, 72.125, 7.607031677784731e-22, nan 
153.875, 72.125, 1.2139964072210462e-21, nan 
154.125, 72.125, 1.1028508435451003e-21, nan 
154.375, 72.125, 1.1865484229464196e-21, nan 
154.625, 72.125, 1.2009625181265393e-21, nan 
154.875, 72.125, 1.1042495581972188e-21, nan 
155.125, 72.125, 1.3645443634915318e-21, nan 
155.375, 72.125, 1.4716335880878114e-21, nan 
155.625, 72.125, 2.3440289204808784e-21, nan 
155.875, 72.125, 2.5276130001786127e-21, nan 
156.125, 72.125, 4.7154663497156894e-21, nan 
156.375, 72.125, 6.93203343497526e-21, nan 
156.625, 72.125, 7.229313329759964e-21, nan 
156.875, 72.125, 6.2359651233761714e-21, nan 
157.125, 72.125, 5.4122462648487245e-21, nan 
157.375, 72.125, 4.3866424476626944e-21, nan 
157.625, 72.125, 3.752550841980418e-21, nan 
157.875, 72.125, 5.3474973899169e-21, nan 
158.125, 72.125, 5.175644335848308e-21, nan 
158.375, 72.125, 4.316034123284956e-21, nan 
158.625, 72.125, 6.014841651948065e-21, nan 
158.875, 72.125, 6.080738567517434e-21, nan 
159.125, 72.125, 4.4260075214834446e-21, nan 
159.375, 72.125, 7.900567276387682e-21, nan 
159.625, 72.125, 7.67359426233648e-21, nan 
159.875, 72.125, 6.2936881319169796e-21, nan 
160.125, 72.125, 1.0019839696203939e-20, nan 
160.375, 72.125, 1.64865113686464e-20, nan 
160.625, 72.125, 3.029760700635261e-20, nan 
160.875, 72.125, 4.30747843588046e-20, nan 
161.125, 72.125, 8.669150878205733e-20, nan 
161.375, 72.125, 1.364615368921671e-19, nan 
161.625, 72.125, 2.3700503350348173e-19, nan 
161.875, 72.125, 2.1369345749770372e-19, nan 
162.125, 72.125, 2.3479619233726337e-19, nan 
162.375, 72.125, 3.4151408525125878e-19, nan 
162.625, 72.125, 2.841974698579486e-19, nan 
162.875, 72.125, 7.392252688686501e-19, nan 
163.125, 72.125, 1.474824345387992e-18, nan 
163.375, 72.125, 1.767983134150112e-18, nan 
163.625, 72.125, 2.1662806950723023e-18, nan 
163.875, 72.125, 1.8410415521977072e-18, nan 
164.125, 72.125, 2.1200397856913273e-18, nan 
164.375, 72.125, 2.1442445146987936e-18, nan 
164.625, 72.125, 1.886836552086225e-18, nan 
164.875, 72.125, 2.3072293785169677e-18, nan 
165.125, 72.125, 2.426966508076603e-18, nan 
165.375, 72.125, 3.596427960791264e-18, nan 
165.625, 72.125, 4.808482157818066e-18, nan 
165.875, 72.125, 6.362399028348985e-18, nan 
166.125, 72.125, 5.640686404510529e-18, nan 
166.375, 72.125, 6.598923744201675e-18, nan 
166.625, 72.125, 6.9347510067576555e-18, nan 
166.875, 72.125, 4.087981808605889e-18, nan 
167.125, 72.125, 2.255156449124209e-18, nan 
167.375, 72.125, 1.3135893946617245e-18, nan 
167.625, 72.125, 5.777515933587319e-19, nan 
167.875, 72.125, 1.1231221091253699e-18, nan 
168.125, 72.125, 8.553133280508815e-19, nan 
168.375, 72.125, 6.055800969784308e-19, nan 
168.625, 72.125, 6.211527932840848e-19, nan 
168.875, 72.125, 4.732344646874519e-19, nan 
169.125, 72.125, 3.9877336053028716e-19, nan 
169.375, 72.125, 1.7464546229651668e-19, nan 
169.625, 72.125, 1.736940090014971e-19, nan 
169.875, 72.125, 1.757984445917979e-19, nan 
170.125, 72.125, 2.0147832858099014e-19, nan 
170.375, 72.125, 8.15322813663321e-20, nan 
170.625, 72.125, 6.320482516298005e-20, nan 
170.875, 72.125, 4.542734663538993e-20, nan 
171.125, 72.125, 2.841368459817712e-20, nan 
171.375, 72.125, 2.6316926310306718e-20, nan 
171.625, 72.125, 2.4970611353918683e-20, nan 
171.875, 72.125, 2.3324594006940246e-20, nan 
172.125, 72.125, 2.523021641328544e-20, nan 
172.375, 72.125, 2.0598907915690203e-20, nan 
172.625, 72.125, 1.4233251904378348e-20, nan 
172.875, 72.125, 1.1213042369987813e-20, nan 
173.125, 72.125, 8.465009393386964e-21, nan 
173.375, 72.125, 6.09458867550837e-21, nan 
173.625, 72.125, 7.551314182566571e-21, nan 
173.875, 72.125, 6.961142416979095e-21, nan 
174.125, 72.125, 4.050221535862843e-21, nan 
174.375, 72.125, 6.709480099149962e-21, nan 
174.625, 72.125, 6.510519604729052e-21, nan 
174.875, 72.125, 7.513492877854603e-21, nan 
175.125, 72.125, 8.059911527917898e-21, nan 
175.375, 72.125, 7.693237476232367e-21, nan 
175.625, 72.125, 7.25504912439207e-21, nan 
175.875, 72.125, 6.863832356437271e-21, nan 
176.125, 72.125, 6.355870767004437e-21, nan 
176.375, 72.125, 6.184102864833625e-21, nan 
176.625, 72.125, 7.693623554963194e-21, nan 
176.875, 72.125, 6.2783740545550875e-21, nan 
177.125, 72.125, 4.486503743809277e-21, nan 
177.375, 72.125, 4.0137997081220486e-21, nan 
177.625, 72.125, 4.139428851296755e-21, nan 
177.875, 72.125, 3.103412401029979e-21, nan 
178.125, 72.125, 2.3897414633577474e-21, nan 
178.375, 72.125, 4.15235163946425e-21, nan 
178.625, 72.125, 3.607510120730162e-21, nan 
178.875, 72.125, 2.5197438672159234e-21, nan 
179.125, 72.125, 3.422227995724522e-21, nan 
179.375, 72.125, 3.8670484918834065e-21, nan 
179.625, 72.125, 2.6715995217449822e-21, nan 
179.875, 72.125, 2.3651846731484658e-21, nan 
-179.875, 72.375, 1.7286716884614645e-21, nan 
-179.625, 72.375, 1.5589928119119288e-21, nan 
-179.375, 72.375, 1.5381681914571728e-21, nan 
-179.125, 72.375, 1.5417400490943185e-21, nan 
-178.875, 72.375, 1.014313712477307e-21, nan 
-178.625, 72.375, 1.3643810412584447e-21, nan 
-178.375, 72.375, 1.2236217420046167e-21, nan 
-178.125, 72.375, 9.893347485968315e-22, nan 
-177.875, 72.375, 1.9072350075698943e-21, nan 
-177.625, 72.375, 1.5997176853496846e-21, nan 
-177.375, 72.375, 1.0054162499567644e-21, nan 
-177.125, 72.375, 1.416136451885042e-21, nan 
-176.875, 72.375, 1.23597473153964e-21, nan 
-176.625, 72.375, 1.0915780304232154e-21, nan 
-176.375, 72.375, 7.744599146879046e-22, nan 
-176.125, 72.375, 1.023136914675273e-21, nan 
-175.875, 72.375, 1.0491631606750634e-21, nan 
-175.625, 72.375, 9.086562974617432e-22, nan 
-175.375, 72.375, 1.0982470893922244e-21, nan 
-175.125, 72.375, 1.2239502723033418e-21, nan 
-174.875, 72.375, 8.270528358384944e-22, nan 
-174.625, 72.375, 5.373508204204091e-22, nan 
-174.375, 72.375, 8.3916063978647235e-22, nan 
-174.125, 72.375, 7.010238538768932e-22, nan 
-173.875, 72.375, 6.222804010131323e-22, nan 
-173.625, 72.375, 6.715194281194622e-22, nan 
-173.375, 72.375, 5.529785086154318e-22, nan 
-173.125, 72.375, 7.668000305389265e-22, nan 
-172.875, 72.375, 9.967976415590982e-22, nan 
-172.625, 72.375, 1.4520724643938102e-21, nan 
-172.375, 72.375, 1.9700367251215473e-21, nan 
-172.125, 72.375, 2.90478492389102e-21, nan 
-171.875, 72.375, 9.594947892382358e-22, nan 
-171.625, 72.375, 4.0010551995199205e-22, nan 
-171.375, 72.375, 2.5032204643777534e-22, nan 
-171.125, 72.375, 6.765069773153098e-22, nan 
-170.875, 72.375, 4.1941132966172487e-22, nan 
-170.625, 72.375, 1.776483285411981e-22, nan 
-170.375, 72.375, 3.3183320340563234e-22, nan 
-170.125, 72.375, 2.924208877349832e-22, nan 
-169.875, 72.375, 4.496883918387619e-22, nan 
-169.625, 72.375, 3.388150230641658e-22, nan 
-169.375, 72.375, 2.9625252424277273e-22, nan 
-169.125, 72.375, 3.5948397412986505e-22, nan 
-168.875, 72.375, 3.530707178072647e-22, nan 
-168.625, 72.375, 6.935092046251443e-22, nan 
-168.375, 72.375, 7.165617518675527e-22, nan 
-168.125, 72.375, 1.0169992410163018e-21, nan 
-167.875, 72.375, 1.0691088526697634e-21, nan 
-167.625, 72.375, 6.714516510818295e-22, nan 
-167.375, 72.375, 6.209775712902651e-22, nan 
-167.125, 72.375, 7.21914374460031e-22, nan 
-166.875, 72.375, 4.7635259022869825e-22, nan 
-166.625, 72.375, 4.633851855798271e-22, nan 
-166.375, 72.375, 7.509602100979418e-22, nan 
-166.125, 72.375, 5.280072905776593e-22, nan 
-165.875, 72.375, 4.725225862462371e-22, nan 
-165.625, 72.375, 3.915088548807025e-22, nan 
-165.375, 72.375, 2.8893466190352716e-22, nan 
-165.125, 72.375, 3.082616374922227e-22, nan 
-164.875, 72.375, 2.5192484850103292e-22, nan 
-164.625, 72.375, 2.75006553215178e-22, nan 
-164.375, 72.375, 2.0653572141774664e-22, nan 
-164.125, 72.375, 3.004932240746924e-22, nan 
-163.875, 72.375, 3.5679858913494003e-22, nan 
-163.625, 72.375, 3.8945739384197213e-22, nan 
-163.375, 72.375, 3.641818471688326e-22, nan 
-163.125, 72.375, 3.0257104065883605e-22, nan 
-162.875, 72.375, 2.54122588918475e-22, nan 
-162.625, 72.375, 2.259501075343767e-22, nan 
-162.375, 72.375, 1.628728884546879e-22, nan 
-162.125, 72.375, 1.9800929428897482e-22, nan 
-161.875, 72.375, 1.5797063741632946e-22, nan 
-161.625, 72.375, 1.2657961412529576e-22, nan 
-161.375, 72.375, 1.6956591237138982e-22, nan 
-161.125, 72.375, 1.3684387009550714e-22, nan 
-160.875, 72.375, 1.6087982637411556e-22, nan 
-160.625, 72.375, 9.521147984720924e-23, nan 
-160.375, 72.375, 1.6414793783722128e-22, nan 
-160.125, 72.375, 2.4502939891445765e-22, nan 
-159.875, 72.375, 2.260770049901259e-22, nan 
-159.625, 72.375, 1.337538808509231e-22, nan 
-159.375, 72.375, 1.4834211760570111e-22, nan 
-159.125, 72.375, 2.139479823264231e-22, nan 
-158.875, 72.375, 2.3710439202302645e-22, nan 
-158.625, 72.375, 1.775878016708379e-22, nan 
-158.375, 72.375, 1.5825850246005778e-22, nan 
-158.125, 72.375, 2.1920379548321484e-22, nan 
-157.875, 72.375, 2.166571277973829e-22, nan 
-157.625, 72.375, 1.8053451401270411e-22, nan 
-157.375, 72.375, 1.7736524312585239e-22, nan 
-157.125, 72.375, 1.5593207902905555e-22, nan 
-156.875, 72.375, 1.0912235806522664e-22, nan 
-156.625, 72.375, 1.549672078291163e-22, nan 
-156.375, 72.375, 1.9362318930556994e-22, nan 
-156.125, 72.375, 1.064334820628449e-22, nan 
-155.875, 72.375, 1.6195796589060047e-22, nan 
-155.625, 72.375, 1.827901870581139e-22, nan 
-155.375, 72.375, 6.646687361723909e-23, nan 
-155.125, 72.375, 1.0700238266733455e-22, nan 
-154.875, 72.375, 9.479409840195284e-23, nan 
-154.625, 72.375, 7.331283579749916e-23, nan 
-154.375, 72.375, 1.6116397763210188e-23, nan 
-154.125, 72.375, 3.258834430872142e-22, nan 
-153.875, 72.375, 3.370264285157018e-22, nan 
-153.625, 72.375, 2.251759998344468e-22, nan 
-153.375, 72.375, 1.554969612841912e-22, nan 
-153.125, 72.375, 1.770947655906903e-22, nan 
-152.875, 72.375, 1.8182291244972958e-22, nan 
-152.625, 72.375, 1.9011203250030628e-22, nan 
-152.375, 72.375, 1.9077081500235539e-22, nan 
-152.125, 72.375, 2.220110600324425e-22, nan 
-151.875, 72.375, 2.0086057994366024e-22, nan 
-151.625, 72.375, 1.4231236490577056e-22, nan 
-151.375, 72.375, 2.3606821309625192e-22, nan 
-151.125, 72.375, 2.3545283352919754e-22, nan 
-150.875, 72.375, 1.1406136832407388e-22, nan 
-150.625, 72.375, 1.676728057636148e-22, nan 
-150.375, 72.375, 1.962324884759127e-22, nan 
-150.125, 72.375, 2.4092527350743903e-22, nan 
-149.875, 72.375, 2.7573287654989905e-22, nan 
-149.625, 72.375, 1.6214566658482828e-22, nan 
-149.375, 72.375, 4.294137607594725e-22, nan 
-149.125, 72.375, 3.8289803332168083e-22, nan 
-148.875, 72.375, 2.327909839227269e-22, nan 
-148.625, 72.375, 1.7206347872556326e-22, nan 
-148.375, 72.375, 1.6633161760278775e-22, nan 
-148.125, 72.375, 1.1353357436856735e-22, nan 
-147.875, 72.375, 8.303346300558272e-23, nan 
-147.625, 72.375, 9.085899163143337e-23, nan 
-147.375, 72.375, 1.593923727894651e-22, nan 
-147.125, 72.375, 7.681698647205584e-23, nan 
-146.875, 72.375, 6.97299057165232e-23, nan 
-146.625, 72.375, 2.597501809307173e-22, nan 
-146.375, 72.375, 1.3055675590333583e-22, nan 
-146.125, 72.375, 1.1121420079304582e-22, nan 
-145.875, 72.375, 7.919646111515486e-23, nan 
-145.625, 72.375, 9.164294512788357e-23, nan 
-145.375, 72.375, 6.09772490806395e-23, nan 
-145.125, 72.375, 5.006333130161754e-23, nan 
-144.875, 72.375, 4.10619126101247e-23, nan 
-144.625, 72.375, 4.052968222874152e-23, nan 
-144.375, 72.375, 6.955172686990775e-23, nan 
-144.125, 72.375, 6.313291401719612e-23, nan 
-143.875, 72.375, 5.609092026316436e-23, nan 
-143.625, 72.375, 7.06443024064537e-23, nan 
-143.375, 72.375, 6.998818622683561e-23, nan 
-143.125, 72.375, 6.388360058790127e-23, nan 
-142.875, 72.375, 5.2578175101893174e-23, nan 
-142.625, 72.375, 5.998111544858369e-23, nan 
-142.375, 72.375, 7.18668736697002e-23, nan 
-142.125, 72.375, 6.086796491625042e-23, nan 
-141.875, 72.375, 6.193597516715828e-23, nan 
-141.625, 72.375, 6.071345729977444e-23, nan 
-141.375, 72.375, 8.264604690586469e-23, nan 
-141.125, 72.375, 6.558404594666428e-23, nan 
-140.875, 72.375, 7.364492697911532e-23, nan 
-140.625, 72.375, 1.1260543708339132e-22, nan 
-140.375, 72.375, 6.715773163195417e-23, nan 
-140.125, 72.375, 5.368423083562444e-23, nan 
-139.875, 72.375, 3.342486030501616e-23, nan 
-139.625, 72.375, 4.8664183332190366e-23, nan 
-139.375, 72.375, 4.1775808538142635e-23, nan 
-139.125, 72.375, 2.3626237788508796e-23, nan 
-138.875, 72.375, 4.197479472697265e-23, nan 
-138.625, 72.375, 9.173046518232892e-23, nan 
-138.375, 72.375, 1.0799890942810163e-22, nan 
-138.125, 72.375, 1.0022866023348902e-22, nan 
-137.875, 72.375, 9.750137390190111e-23, nan 
-137.625, 72.375, 1.1293565075015675e-22, nan 
-137.375, 72.375, 9.349334457980444e-23, nan 
-137.125, 72.375, 3.968284138331869e-23, nan 
-136.875, 72.375, 4.0839641123602866e-23, nan 
-136.625, 72.375, 6.109156303564317e-23, nan 
-136.375, 72.375, 5.148362295638333e-23, nan 
-136.125, 72.375, 4.42549952110113e-23, nan 
-135.875, 72.375, 2.986697166163082e-23, nan 
-135.625, 72.375, 3.032959026854799e-23, nan 
-135.375, 72.375, 4.3792377724813354e-23, nan 
-135.125, 72.375, 2.1233282798642952e-23, nan 
-134.875, 72.375, 2.836477214468116e-23, nan 
-134.625, 72.375, 5.107250774647722e-23, nan 
-134.375, 72.375, 6.000576369164014e-23, nan 
-134.125, 72.375, 6.455966863499413e-23, nan 
-133.875, 72.375, 5.780499854983888e-23, nan 
-133.625, 72.375, 6.989260214724692e-23, nan 
-133.375, 72.375, 9.576412614903376e-23, nan 
-133.125, 72.375, 6.168783708702579e-23, nan 
-132.875, 72.375, 9.705764660136008e-23, nan 
-132.625, 72.375, 4.5315395983565075e-23, nan 
-132.375, 72.375, 4.6238168709148325e-23, nan 
-132.125, 72.375, 7.31529090038904e-23, nan 
-131.875, 72.375, 2.267177640148633e-23, nan 
-131.625, 72.375, 9.192946759411576e-23, nan 
-131.375, 72.375, 4.635867129814613e-23, nan 
-131.125, 72.375, 2.54443517250724e-23, nan 
-130.875, 72.375, 5.363516932985246e-23, nan 
-130.625, 72.375, 5.533437470227844e-23, nan 
-130.375, 72.375, 5.983449787953424e-23, nan 
-130.125, 72.375, 7.460312214312244e-23, nan 
-129.875, 72.375, 7.444947984142274e-23, nan 
-129.625, 72.375, 3.8222817279503074e-23, nan 
-129.375, 72.375, 7.527399304968793e-23, nan 
-129.125, 72.375, 1.37871509448263e-22, nan 
-128.875, 72.375, 1.0952025826485583e-22, nan 
-128.625, 72.375, 7.379641963012082e-23, nan 
-128.375, 72.375, 1.0583695678953358e-22, nan 
-128.125, 72.375, 9.829603209354523e-23, nan 
-127.875, 72.375, 9.687512807849788e-23, nan 
-127.625, 72.375, 5.145531893177267e-23, nan 
-127.375, 72.375, 5.725619555951304e-23, nan 
-127.125, 72.375, 1.1571903841489076e-22, nan 
-126.875, 72.375, 7.38736711205897e-23, nan 
-126.625, 72.375, 3.819504539133223e-23, nan 
-126.375, 72.375, 8.182769504170965e-23, nan 
-126.125, 72.375, 8.420914215482137e-23, nan 
-125.875, 72.375, 8.171431655975798e-23, nan 
-125.625, 72.375, 5.719631353933092e-23, nan 
-125.375, 72.375, 3.9036188257991414e-23, nan 
-125.125, 72.375, 7.70824932292947e-23, nan 
-124.875, 72.375, 1.137499832467191e-22, nan 
-124.625, 72.375, 8.441939573394327e-23, nan 
-124.375, 72.375, 6.116865864302194e-23, nan 
-124.125, 72.375, 5.746823662089837e-23, nan 
-123.875, 72.375, 4.8059611931233753e-23, nan 
-123.625, 72.375, 5.304014851467634e-23, nan 
-123.375, 72.375, 7.476408682118204e-23, nan 
-123.125, 72.375, 5.374252324980664e-23, nan 
-122.875, 72.375, 4.204430180597018e-23, nan 
-122.625, 72.375, 4.1921789625405653e-23, nan 
-122.375, 72.375, 2.427817811331174e-23, nan 
-122.125, 72.375, 2.209073956322157e-23, nan 
-121.875, 72.375, 2.874592804188986e-23, nan 
-121.625, 72.375, 2.859962959705154e-23, nan 
-121.375, 72.375, 3.0636381097856344e-23, nan 
-121.125, 72.375, 4.1157076282797756e-23, nan 
-120.875, 72.375, 4.531017234335398e-23, nan 
-120.625, 72.375, 4.970414976650071e-23, nan 
-120.375, 72.375, 5.1137916017753057e-23, nan 
-120.125, 72.375, 5.511184705328218e-23, nan 
-119.875, 72.375, 4.6040010081290636e-23, nan 
-119.625, 72.375, 4.341061631571608e-23, nan 
-119.375, 72.375, 4.541793935992786e-23, nan 
-119.125, 72.375, 3.8724054440855665e-23, nan 
-118.875, 72.375, 3.5897217715823504e-23, nan 
-118.625, 72.375, 4.598484703550869e-23, nan 
-118.375, 72.375, 5.075590093559767e-23, nan 
-118.125, 72.375, 4.1306244360283444e-23, nan 
-117.875, 72.375, 3.6930698823095226e-23, nan 
-117.625, 72.375, 4.8233002362290725e-23, nan 
-117.375, 72.375, 5.008358545248224e-23, nan 
-117.125, 72.375, 2.066361671201047e-23, nan 
-116.875, 72.375, 1.2584185020116848e-23, nan 
-116.625, 72.375, 1.952618097201397e-23, nan 
-116.375, 72.375, 6.349408538633098e-24, nan 
-116.125, 72.375, 1.57880621584124e-23, nan 
-115.875, 72.375, 1.3769367783488562e-23, nan 
-115.625, 72.375, 2.019386930301958e-23, nan 
-115.375, 72.375, 2.4216397425944923e-23, nan 
-115.125, 72.375, 4.048799718314628e-23, nan 
-114.875, 72.375, 3.0610204871573536e-23, nan 
-114.625, 72.375, 2.781735538128623e-23, nan 
-114.375, 72.375, 2.5956489297735615e-23, nan 
-114.125, 72.375, 1.9827551091632152e-23, nan 
-113.875, 72.375, 2.2329538517130967e-23, nan 
-113.625, 72.375, 2.4257981331167407e-23, nan 
-113.375, 72.375, 1.9703868280693093e-23, nan 
-113.125, 72.375, 5.665248023987943e-23, nan 
-112.875, 72.375, 2.0607111022729558e-23, nan 
-112.625, 72.375, 1.817745304153412e-23, nan 
-112.375, 72.375, 8.168302699192753e-23, nan 
-112.125, 72.375, 2.2963348880441056e-23, nan 
84.125, 72.375, 8.314284032259628e-24, nan 
84.375, 72.375, 7.58766955718105e-24, nan 
84.625, 72.375, 9.110648472192047e-24, nan 
84.875, 72.375, 1.0036469809341958e-23, nan 
85.125, 72.375, 4.009660102392978e-24, nan 
85.375, 72.375, 7.775088094412375e-24, nan 
85.625, 72.375, 9.812978067599022e-24, nan 
85.875, 72.375, 8.061119981155934e-24, nan 
86.125, 72.375, 8.745566082239406e-24, nan 
86.375, 72.375, 1.1084793176221073e-23, nan 
86.625, 72.375, 8.929321724149272e-24, nan 
86.875, 72.375, 5.932079086094221e-24, nan 
87.125, 72.375, 6.766204584710943e-24, nan 
87.375, 72.375, 6.44458839084686e-24, nan 
87.625, 72.375, 8.06922407960185e-24, nan 
87.875, 72.375, 3.66691334681368e-24, nan 
88.125, 72.375, 4.976676292728792e-24, nan 
88.375, 72.375, 7.227675017590406e-24, nan 
88.625, 72.375, 9.469060418866883e-24, nan 
88.875, 72.375, 7.493963907900279e-24, nan 
89.125, 72.375, 8.014302939235797e-24, nan 
89.375, 72.375, 1.0873011879933476e-23, nan 
89.625, 72.375, 1.5973744205210436e-23, nan 
89.875, 72.375, 1.529792126053468e-23, nan 
90.125, 72.375, 1.3050948040223705e-23, nan 
90.375, 72.375, 1.5891655375948327e-23, nan 
90.625, 72.375, 1.6521607931957076e-23, nan 
90.875, 72.375, 1.4957966485528513e-23, nan 
91.125, 72.375, 1.5384482156634965e-23, nan 
91.375, 72.375, 1.2198334095471854e-23, nan 
91.625, 72.375, 8.278701836875244e-24, nan 
91.875, 72.375, 1.2986216182870403e-23, nan 
92.125, 72.375, 1.2892519794222652e-23, nan 
92.375, 72.375, 1.8175541826969275e-23, nan 
92.625, 72.375, 1.5573650308192348e-23, nan 
92.875, 72.375, 1.383941505490033e-23, nan 
93.125, 72.375, 1.1909956981188665e-23, nan 
93.375, 72.375, 1.9903299088510647e-23, nan 
93.625, 72.375, 1.5682246459618275e-23, nan 
93.875, 72.375, 5.5531855299878355e-24, nan 
94.125, 72.375, 1.2846650692955649e-23, nan 
94.375, 72.375, 7.302537924059315e-24, nan 
94.625, 72.375, 9.920675442837605e-24, nan 
94.875, 72.375, 1.376926550537836e-23, nan 
95.125, 72.375, 5.206503039488337e-24, nan 
95.375, 72.375, 9.522840597034491e-24, nan 
95.625, 72.375, 1.4728605534787435e-23, nan 
95.875, 72.375, 9.218579095560259e-24, nan 
96.125, 72.375, 4.836745959266592e-24, nan 
96.375, 72.375, 8.122977517128127e-24, nan 
96.625, 72.375, 1.921879647466447e-23, nan 
96.875, 72.375, 1.012020626190272e-23, nan 
97.125, 72.375, 5.2759874930472865e-24, nan 
97.375, 72.375, 1.2331825526663999e-23, nan 
97.625, 72.375, 9.89890461039883e-24, nan 
97.875, 72.375, 4.698027233543275e-24, nan 
98.125, 72.375, 7.921280664184604e-24, nan 
98.375, 72.375, 7.177777283744228e-24, nan 
98.625, 72.375, 5.052913099987744e-24, nan 
98.875, 72.375, 1.097864079170775e-23, nan 
99.125, 72.375, 9.960180759736121e-24, nan 
99.375, 72.375, 1.1653104213958541e-23, nan 
99.625, 72.375, 1.6306146169640885e-23, nan 
99.875, 72.375, 1.7517031174090465e-23, nan 
100.125, 72.375, 1.3021686641977344e-23, nan 
100.375, 72.375, 1.2353223011548578e-23, nan 
100.625, 72.375, 1.2708852760230542e-23, nan 
100.875, 72.375, 1.0819346662990147e-23, nan 
101.125, 72.375, 1.1418099165753687e-23, nan 
101.375, 72.375, 8.623062721630641e-24, nan 
101.625, 72.375, 1.4979170999014452e-23, nan 
101.875, 72.375, 1.4239270922555816e-23, nan 
102.125, 72.375, 1.358891747189895e-23, nan 
102.375, 72.375, 1.8760656164159447e-23, nan 
102.625, 72.375, 2.2434834898048442e-23, nan 
102.875, 72.375, 2.067540214262884e-23, nan 
103.125, 72.375, 1.9926674579409378e-23, nan 
103.375, 72.375, 1.451157616158248e-23, nan 
103.625, 72.375, 1.7735379271083513e-23, nan 
103.875, 72.375, 1.2071627039036554e-23, nan 
104.125, 72.375, 1.3769941447422292e-23, nan 
104.375, 72.375, 1.630984156890257e-23, nan 
104.625, 72.375, 1.5548381659050173e-23, nan 
104.875, 72.375, 1.8396749153697362e-23, nan 
105.125, 72.375, 1.7811890035597103e-23, nan 
105.375, 72.375, 1.3173471687676072e-23, nan 
105.625, 72.375, 1.0989546995643173e-23, nan 
105.875, 72.375, 1.3510043664255723e-23, nan 
106.125, 72.375, 1.546169047244753e-23, nan 
106.375, 72.375, 1.777414775172791e-23, nan 
106.625, 72.375, 1.6618878857894835e-23, nan 
106.875, 72.375, 2.0446922298300212e-23, nan 
107.125, 72.375, 2.4803768673767325e-23, nan 
107.375, 72.375, 3.729451356112755e-23, nan 
107.625, 72.375, 4.241047853644022e-23, nan 
107.875, 72.375, 2.4867718740898905e-23, nan 
108.125, 72.375, 4.0030094259076624e-23, nan 
108.375, 72.375, 4.926023179297367e-23, nan 
108.625, 72.375, 4.201521979029516e-23, nan 
108.875, 72.375, 3.8040451310178533e-23, nan 
109.125, 72.375, 4.0852758446856095e-23, nan 
109.375, 72.375, 4.220187387939891e-23, nan 
109.625, 72.375, 2.3544655042220027e-23, nan 
109.875, 72.375, 2.824962919339806e-23, nan 
110.125, 72.375, 2.362695344643796e-23, nan 
110.375, 72.375, 2.347246411587994e-23, nan 
110.625, 72.375, 2.827247274436585e-23, nan 
110.875, 72.375, 2.704190586605615e-23, nan 
111.125, 72.375, 2.722933433042904e-23, nan 
111.375, 72.375, 3.069350290311349e-23, nan 
111.625, 72.375, 3.0169869356014266e-23, nan 
111.875, 72.375, 3.272702312136832e-23, nan 
112.125, 72.375, 3.973575288849286e-23, nan 
112.375, 72.375, 3.0217783265815364e-23, nan 
112.625, 72.375, 2.947880934286108e-23, nan 
112.875, 72.375, 3.298751416276888e-23, nan 
113.125, 72.375, 1.8285185629143037e-23, nan 
113.375, 72.375, 3.1358249067498914e-23, nan 
113.625, 72.375, 2.5994434655242e-23, nan 
113.875, 72.375, 2.703701194968824e-23, nan 
114.125, 72.375, 2.6084385184930157e-23, nan 
114.375, 72.375, 5.809478754649972e-23, nan 
114.625, 72.375, 6.694776297557862e-23, nan 
114.875, 72.375, 3.081031308443478e-23, nan 
115.125, 72.375, 3.7839710013130353e-23, nan 
115.375, 72.375, 7.513071512141028e-23, nan 
115.625, 72.375, 3.75987869056736e-23, nan 
115.875, 72.375, 5.185404000549482e-23, nan 
116.125, 72.375, 6.612081782151376e-23, nan 
116.375, 72.375, 7.063149024059977e-23, nan 
116.625, 72.375, 5.384354788508998e-23, nan 
116.875, 72.375, 7.359538867176512e-23, nan 
117.125, 72.375, 8.830223237873663e-23, nan 
117.375, 72.375, 7.469587233662107e-23, nan 
117.625, 72.375, 9.268790468307461e-23, nan 
117.875, 72.375, 1.564934315299261e-22, nan 
118.125, 72.375, 1.450151785200558e-22, nan 
118.375, 72.375, 1.2754576968302094e-22, nan 
118.625, 72.375, 1.832418381556405e-22, nan 
118.875, 72.375, 1.6875382398500935e-22, nan 
119.125, 72.375, 1.2876210816929044e-22, nan 
119.375, 72.375, 1.3228845802322594e-22, nan 
119.625, 72.375, 1.2990581063563725e-22, nan 
119.875, 72.375, 1.618416805339354e-22, nan 
120.125, 72.375, 1.4502870969200174e-22, nan 
120.375, 72.375, 1.2612880228199762e-22, nan 
120.625, 72.375, 1.3984969691167372e-22, nan 
120.875, 72.375, 1.2307689810514758e-22, nan 
121.125, 72.375, 7.950085600333057e-23, nan 
121.375, 72.375, 6.79671696466638e-23, nan 
121.625, 72.375, 8.576892684483385e-23, nan 
121.875, 72.375, 8.027172159924059e-23, nan 
122.125, 72.375, 5.644891881823134e-23, nan 
122.375, 72.375, 5.866790559398083e-23, nan 
122.625, 72.375, 4.2594914834385055e-23, nan 
122.875, 72.375, 3.778473556391168e-23, nan 
123.125, 72.375, 4.2402411686611154e-23, nan 
123.375, 72.375, 5.97608848827255e-23, nan 
123.625, 72.375, 6.667176641415714e-23, nan 
123.875, 72.375, 9.541808973954726e-23, nan 
124.125, 72.375, 1.5335793320432306e-22, nan 
124.375, 72.375, 1.1201506223754082e-22, nan 
124.625, 72.375, 1.1303711050677289e-22, nan 
124.875, 72.375, 1.2561591044251438e-22, nan 
125.125, 72.375, 1.1243133373370661e-22, nan 
125.375, 72.375, 1.1376635602711018e-22, nan 
125.625, 72.375, 6.876052149303764e-23, nan 
125.875, 72.375, 6.713972855348065e-23, nan 
126.125, 72.375, 1.3374371208032978e-22, nan 
126.375, 72.375, 1.0274186677975567e-22, nan 
126.625, 72.375, 1.4878936752533252e-22, nan 
126.875, 72.375, 1.6343941163404284e-22, nan 
127.125, 72.375, 1.5480309001213572e-22, nan 
127.375, 72.375, 1.498407735540776e-22, nan 
127.625, 72.375, 1.632523300449051e-22, nan 
127.875, 72.375, 1.592348772717458e-22, nan 
128.125, 72.375, 1.1190078933633671e-22, nan 
128.375, 72.375, 8.476434050861736e-23, nan 
128.625, 72.375, 7.342518754873784e-23, nan 
128.875, 72.375, 1.4391322696330136e-22, nan 
129.125, 72.375, 1.2902512421084283e-22, nan 
129.375, 72.375, 6.949207220853423e-23, nan 
129.625, 72.375, 6.459459184382555e-23, nan 
129.875, 72.375, 8.932133140088792e-23, nan 
130.125, 72.375, 7.08641952196338e-23, nan 
130.375, 72.375, 8.162522492728754e-23, nan 
130.625, 72.375, 6.225336374551881e-23, nan 
130.875, 72.375, 6.456658820576316e-23, nan 
131.125, 72.375, 4.3892791011759036e-23, nan 
131.375, 72.375, 5.706766212860764e-23, nan 
131.625, 72.375, 4.7787646624907775e-23, nan 
131.875, 72.375, 8.317912199923432e-23, nan 
132.125, 72.375, 8.06794150123616e-23, nan 
132.375, 72.375, 8.253339303792748e-23, nan 
132.625, 72.375, 4.9018443959973546e-23, nan 
132.875, 72.375, 6.204346423487354e-23, nan 
133.125, 72.375, 6.7193574492356e-23, nan 
133.375, 72.375, 8.001430858229338e-23, nan 
133.625, 72.375, 7.862610875391673e-23, nan 
133.875, 72.375, 9.084855020709523e-23, nan 
134.125, 72.375, 9.022601586779213e-23, nan 
134.375, 72.375, 1.0327199948679198e-22, nan 
134.625, 72.375, 9.278698773935434e-23, nan 
134.875, 72.375, 9.062374150712174e-23, nan 
135.125, 72.375, 9.712697965393062e-23, nan 
135.375, 72.375, 7.653905159881206e-23, nan 
135.625, 72.375, 1.1797598966215947e-22, nan 
135.875, 72.375, 1.4730226279672347e-22, nan 
136.125, 72.375, 1.2292851011104322e-22, nan 
136.375, 72.375, 1.0854659467013875e-22, nan 
136.625, 72.375, 1.5672979519368258e-22, nan 
136.875, 72.375, 1.3518575351717532e-22, nan 
137.125, 72.375, 6.711171607494907e-23, nan 
137.375, 72.375, 7.486437017046062e-23, nan 
137.625, 72.375, 1.5630093175573245e-22, nan 
137.875, 72.375, 2.0417273622648062e-22, nan 
138.125, 72.375, 1.226862817353449e-22, nan 
138.375, 72.375, 1.7589559236726896e-22, nan 
138.625, 72.375, 3.41156401937531e-22, nan 
138.875, 72.375, 3.297658319667106e-22, nan 
139.125, 72.375, 2.1926559202709217e-22, nan 
139.375, 72.375, 2.9388501485104027e-22, nan 
139.625, 72.375, 2.4511960641905937e-22, nan 
139.875, 72.375, 1.8872997355683828e-22, nan 
140.125, 72.375, 4.6318344996897e-22, nan 
140.375, 72.375, 6.67065300956591e-22, nan 
140.625, 72.375, 8.365338791941578e-22, nan 
140.875, 72.375, 8.39502099436133e-22, nan 
141.125, 72.375, 7.026030331424836e-22, nan 
141.375, 72.375, 2.865321297109701e-22, nan 
141.625, 72.375, 2.9488374767702277e-22, nan 
141.875, 72.375, 2.7847009762210105e-22, nan 
142.125, 72.375, 2.6864374073583513e-22, nan 
142.375, 72.375, 4.1732898927133658e-22, nan 
142.625, 72.375, 6.788683594246433e-22, nan 
142.875, 72.375, 1.0477065833031112e-21, nan 
143.125, 72.375, 4.492343857709677e-21, nan 
143.375, 72.375, 5.9420408646863225e-21, nan 
143.625, 72.375, 7.257443705639523e-21, nan 
143.875, 72.375, 9.856080015670878e-21, nan 
144.125, 72.375, 1.2397297095607454e-20, nan 
144.375, 72.375, 1.3636320244074284e-20, nan 
144.625, 72.375, 7.284415110854543e-21, nan 
144.875, 72.375, 8.278980934488964e-21, nan 
145.125, 72.375, 8.1740066562471e-21, nan 
145.375, 72.375, 2.5226640009911693e-21, nan 
145.625, 72.375, 6.589594246156004e-21, nan 
145.875, 72.375, 9.201239776344227e-21, nan 
146.125, 72.375, 6.457998945787429e-21, nan 
146.375, 72.375, 3.119635120193042e-21, nan 
146.625, 72.375, 1.4320076769914462e-21, nan 
146.875, 72.375, 1.2448164049563168e-21, nan 
147.125, 72.375, 1.2289190067196762e-21, nan 
147.375, 72.375, 1.8630204347063125e-21, nan 
147.625, 72.375, 1.4379209572842385e-21, nan 
147.875, 72.375, 1.2066854269849122e-21, nan 
148.125, 72.375, 9.12463981378726e-22, nan 
148.375, 72.375, 1.1226633390587735e-21, nan 
148.625, 72.375, 1.1155914625687204e-21, nan 
148.875, 72.375, 3.3356613890756187e-22, nan 
149.125, 72.375, 1.5880531356653678e-21, nan 
149.375, 72.375, 2.4964751501206413e-21, nan 
149.625, 72.375, 2.3226420123173902e-21, nan 
149.875, 72.375, 2.2893596938857312e-21, nan 
150.125, 72.375, 3.1221386575195558e-21, nan 
150.375, 72.375, 1.7899225092153735e-21, nan 
150.625, 72.375, 9.78194921493462e-22, nan 
150.875, 72.375, 5.850382806391743e-22, nan 
151.125, 72.375, 2.2264839718229813e-21, nan 
151.375, 72.375, 1.7738527432144937e-21, nan 
151.625, 72.375, 8.395536588106352e-22, nan 
151.875, 72.375, 3.1905367346276487e-21, nan 
152.125, 72.375, 1.9904162283451e-21, nan 
152.375, 72.375, 1.1258683270368998e-21, nan 
152.625, 72.375, 2.4497845333619694e-21, nan 
152.875, 72.375, 1.3825612459357967e-21, nan 
153.125, 72.375, 8.395985920098417e-22, nan 
153.375, 72.375, 9.593536859847624e-22, nan 
153.625, 72.375, 8.733447815794867e-22, nan 
153.875, 72.375, 1.2453741096396746e-21, nan 
154.125, 72.375, 1.2776421207870819e-21, nan 
154.375, 72.375, 1.2530670907210469e-21, nan 
154.625, 72.375, 5.069487982481175e-22, nan 
154.875, 72.375, 7.352442819358609e-22, nan 
155.125, 72.375, 1.403774938661552e-21, nan 
155.375, 72.375, 4.7809504860339434e-21, nan 
155.625, 72.375, 6.467048546021017e-21, nan 
155.875, 72.375, 6.66141206467701e-21, nan 
156.125, 72.375, 6.2049239532830805e-21, nan 
156.375, 72.375, 8.894563169138884e-21, nan 
156.625, 72.375, 8.911902841904652e-21, nan 
156.875, 72.375, 4.369472286792964e-21, nan 
157.125, 72.375, 4.750628711077859e-21, nan 
157.375, 72.375, 3.797282827423402e-21, nan 
157.625, 72.375, 4.4246789682297635e-21, nan 
157.875, 72.375, 4.369149860239576e-21, nan 
158.125, 72.375, 5.5912096295793415e-21, nan 
158.375, 72.375, 5.095692859070983e-21, nan 
158.625, 72.375, 5.658139207321651e-21, nan 
158.875, 72.375, 7.479873908315058e-21, nan 
159.125, 72.375, 8.0173016152092e-21, nan 
159.375, 72.375, 1.1697232502530852e-20, nan 
159.625, 72.375, 1.5055368017173456e-20, nan 
159.875, 72.375, 1.6915555323393877e-20, nan 
160.125, 72.375, 2.951984444734736e-20, nan 
160.375, 72.375, 3.631309955674661e-20, nan 
160.625, 72.375, 6.552381549787866e-20, nan 
160.875, 72.375, 9.999292266496233e-20, nan 
161.125, 72.375, 1.6758128052673747e-19, nan 
161.375, 72.375, 2.307542345579071e-19, nan 
161.625, 72.375, 2.595982561859602e-19, nan 
161.875, 72.375, 2.667220732317926e-19, nan 
162.125, 72.375, 1.0851592587186395e-18, nan 
162.375, 72.375, 2.39008536155345e-18, nan 
162.625, 72.375, 2.4300730575438828e-18, nan 
162.875, 72.375, 1.838828330196833e-18, nan 
163.125, 72.375, 2.5657656227065224e-18, nan 
163.375, 72.375, 3.932539539992245e-18, nan 
163.625, 72.375, 3.2407889016551196e-18, nan 
163.875, 72.375, 1.892798623956477e-18, nan 
164.125, 72.375, 2.4275347105614055e-18, nan 
164.375, 72.375, 2.7335827575084276e-18, nan 
164.625, 72.375, 4.144766632898549e-18, nan 
164.875, 72.375, 6.561750450340163e-18, nan 
165.125, 72.375, 5.694964707488843e-18, nan 
165.375, 72.375, 5.384427807014293e-18, nan 
165.625, 72.375, 4.140249259477323e-18, nan 
165.875, 72.375, 3.715909695686729e-18, nan 
166.125, 72.375, 2.9271506363302167e-18, nan 
166.375, 72.375, 3.6889416844551225e-18, nan 
166.625, 72.375, 4.077906408933986e-18, nan 
166.875, 72.375, 3.969997504197698e-18, nan 
167.125, 72.375, 2.9496251292681222e-18, nan 
167.375, 72.375, 3.246118901863549e-18, nan 
167.625, 72.375, 1.905895481063357e-18, nan 
167.875, 72.375, 1.1510584267491615e-18, nan 
168.125, 72.375, 1.0674944801853743e-18, nan 
168.375, 72.375, 8.68240896629549e-19, nan 
168.625, 72.375, 5.140139326812356e-19, nan 
168.875, 72.375, 2.3266621684037546e-19, nan 
169.125, 72.375, 1.7754545085062672e-19, nan 
169.375, 72.375, 2.647450558813895e-19, nan 
169.625, 72.375, 2.1428284245727794e-19, nan 
169.875, 72.375, 2.75705640235504e-19, nan 
170.125, 72.375, 3.231650844167126e-19, nan 
170.375, 72.375, 1.2223444583365774e-19, nan 
170.625, 72.375, 1.3213846480848035e-19, nan 
170.875, 72.375, 1.4510897399997111e-19, nan 
171.125, 72.375, 9.250664496178874e-20, nan 
171.375, 72.375, 7.619297764008894e-20, nan 
171.625, 72.375, 6.505656161596401e-20, nan 
171.875, 72.375, 5.122285838655771e-20, nan 
172.125, 72.375, 4.180661744389794e-20, nan 
172.375, 72.375, 3.008555995644398e-20, nan 
172.625, 72.375, 1.5910438544998613e-20, nan 
172.875, 72.375, 6.976388053464834e-21, nan 
173.125, 72.375, 9.102037966293599e-21, nan 
173.375, 72.375, 7.517505227644701e-21, nan 
173.625, 72.375, 5.966603990131196e-21, nan 
173.875, 72.375, 2.398282045266892e-21, nan 
174.125, 72.375, 2.9030128850354044e-21, nan 
174.375, 72.375, 2.189106763334998e-21, nan 
174.625, 72.375, 3.811274167753711e-21, nan 
174.875, 72.375, 4.048957623641231e-21, nan 
175.125, 72.375, 4.670906598112037e-21, nan 
175.375, 72.375, 6.31378906556275e-21, nan 
175.625, 72.375, 6.405420845742882e-21, nan 
175.875, 72.375, 5.9800211142451326e-21, nan 
176.125, 72.375, 4.718693129356843e-21, nan 
176.375, 72.375, 4.617280182778686e-21, nan 
176.625, 72.375, 5.68727454226232e-21, nan 
176.875, 72.375, 4.515913596846188e-21, nan 
177.125, 72.375, 4.59964688630908e-21, nan 
177.375, 72.375, 3.536699816787411e-21, nan 
177.625, 72.375, 5.029335277439442e-21, nan 
177.875, 72.375, 1.739874083127377e-21, nan 
178.125, 72.375, 3.215943768927559e-21, nan 
178.375, 72.375, 6.364967328985508e-21, nan 
178.625, 72.375, 2.9635702053145444e-21, nan 
178.875, 72.375, 3.32222108744366e-21, nan 
179.125, 72.375, 5.464572161158457e-21, nan 
179.375, 72.375, 3.3734466530870027e-21, nan 
179.625, 72.375, 1.729425449701697e-21, nan 
179.875, 72.375, 2.3832020126239524e-21, nan 
-179.875, 72.625, 2.6545611215936175e-21, nan 
-179.625, 72.625, 2.4895621934400845e-21, nan 
-179.375, 72.625, 2.3922396052938997e-21, nan 
-179.125, 72.625, 2.5025110683953778e-21, nan 
-178.875, 72.625, 1.97177466312912e-21, nan 
-178.625, 72.625, 1.5005822885123288e-21, nan 
-178.375, 72.625, 1.585245547976372e-21, nan 
-178.125, 72.625, 1.3747348058248023e-21, nan 
-177.875, 72.625, 2.3037228829490037e-21, nan 
-177.625, 72.625, 1.4754814889273414e-21, nan 
-177.375, 72.625, 1.1414344797986648e-21, nan 
-177.125, 72.625, 1.6932519740520007e-21, nan 
-176.875, 72.625, 1.4379107440248881e-21, nan 
-176.625, 72.625, 1.1583067597670164e-21, nan 
-176.375, 72.625, 1.053421574425473e-21, nan 
-176.125, 72.625, 9.670024081881641e-22, nan 
-175.875, 72.625, 9.172549796304743e-22, nan 
-175.625, 72.625, 1.1839906917971709e-21, nan 
-175.375, 72.625, 1.4208266547330041e-21, nan 
-175.125, 72.625, 1.2354351525171617e-21, nan 
-174.875, 72.625, 9.869280399730116e-22, nan 
-174.625, 72.625, 9.61768922544713e-22, nan 
-174.375, 72.625, 1.0208098071975725e-21, nan 
-174.125, 72.625, 6.006336817520695e-22, nan 
-173.875, 72.625, 9.971518670679419e-22, nan 
-173.625, 72.625, 8.443607984718327e-22, nan 
-173.375, 72.625, 2.200336028120026e-22, nan 
-173.125, 72.625, 9.611624002955933e-22, nan 
-172.875, 72.625, 1.0967059586058032e-21, nan 
-172.625, 72.625, 3.4579639358608626e-22, nan 
-172.375, 72.625, 4.795831261578659e-22, nan 
-172.125, 72.625, 6.051859509757496e-22, nan 
-171.875, 72.625, 4.810619332173873e-22, nan 
-171.625, 72.625, 7.38847707784015e-22, nan 
-171.375, 72.625, 6.18747708523637e-22, nan 
-171.125, 72.625, 2.9890500609834496e-22, nan 
-170.875, 72.625, 5.642394635849633e-22, nan 
-170.625, 72.625, 4.1668787503520437e-22, nan 
-170.375, 72.625, 2.1342125686966917e-22, nan 
-170.125, 72.625, 4.918228009487266e-22, nan 
-169.875, 72.625, 4.934469793628409e-22, nan 
-169.625, 72.625, 3.49804325375788e-22, nan 
-169.375, 72.625, 4.0577987860398095e-22, nan 
-169.125, 72.625, 5.057404577340039e-22, nan 
-168.875, 72.625, 4.549852724779008e-22, nan 
-168.625, 72.625, 3.3980841494512717e-22, nan 
-168.375, 72.625, 3.4066011350873546e-22, nan 
-168.125, 72.625, 4.646022828339445e-22, nan 
-167.875, 72.625, 4.528154635889633e-22, nan 
-167.625, 72.625, 4.80326318444057e-22, nan 
-167.375, 72.625, 4.3694502346506e-22, nan 
-167.125, 72.625, 5.294575715853897e-22, nan 
-166.875, 72.625, 4.751759767289782e-22, nan 
-166.625, 72.625, 5.656133165395673e-22, nan 
-166.375, 72.625, 5.976133206986829e-22, nan 
-166.125, 72.625, 4.938596201700571e-22, nan 
-165.875, 72.625, 4.875962202566433e-22, nan 
-165.625, 72.625, 3.5395052950991587e-22, nan 
-165.375, 72.625, 3.4701246977631076e-22, nan 
-165.125, 72.625, 3.371777270493192e-22, nan 
-164.875, 72.625, 1.0040564316831219e-22, nan 
-164.625, 72.625, 1.73413356474767e-22, nan 
-164.375, 72.625, 2.83106734487545e-22, nan 
-164.125, 72.625, 2.3496905363779644e-22, nan 
-163.875, 72.625, 2.0364859416186338e-22, nan 
-163.625, 72.625, 2.7614764053770796e-22, nan 
-163.375, 72.625, 2.172525705746228e-22, nan 
-163.125, 72.625, 6.140256885848513e-23, nan 
-162.875, 72.625, 9.560797347853305e-23, nan 
-162.625, 72.625, 1.120454552416918e-22, nan 
-162.375, 72.625, 8.685910529771832e-23, nan 
-162.125, 72.625, 5.2358926452682484e-23, nan 
-161.875, 72.625, 4.214250705432674e-23, nan 
-161.625, 72.625, 8.289960193288091e-23, nan 
-161.375, 72.625, 1.4849722335710047e-22, nan 
-161.125, 72.625, 1.653657629834579e-22, nan 
-160.875, 72.625, 1.5156383409609765e-22, nan 
-160.625, 72.625, 1.8095060239830644e-22, nan 
-160.375, 72.625, 1.949163349947658e-22, nan 
-160.125, 72.625, 2.3413245232330903e-22, nan 
-159.875, 72.625, 1.9486948041180207e-22, nan 
-159.625, 72.625, 2.1524889925966456e-22, nan 
-159.375, 72.625, 1.2913617234176432e-22, nan 
-159.125, 72.625, 2.228676836395224e-22, nan 
-158.875, 72.625, 2.1240291030418635e-22, nan 
-158.625, 72.625, 1.9061802049419787e-22, nan 
-158.375, 72.625, 2.228747548030464e-22, nan 
-158.125, 72.625, 2.325409842824494e-22, nan 
-157.875, 72.625, 2.143697909906815e-22, nan 
-157.625, 72.625, 2.2159844349348778e-22, nan 
-157.375, 72.625, 1.3884879554600632e-22, nan 
-157.125, 72.625, 1.5481666717460682e-22, nan 
-156.875, 72.625, 1.2072177308804828e-22, nan 
-156.625, 72.625, 1.7313185328001828e-22, nan 
-156.375, 72.625, 1.6440324852515412e-22, nan 
-156.125, 72.625, 1.0380945827089808e-22, nan 
-155.875, 72.625, 1.7757125578577384e-22, nan 
-155.625, 72.625, 1.9899868864114548e-22, nan 
-155.375, 72.625, 1.685214279833493e-22, nan 
-155.125, 72.625, 1.7160812230671587e-22, nan 
-154.875, 72.625, 3.5291333137424868e-22, nan 
-154.625, 72.625, 3.8386197468459325e-22, nan 
-154.375, 72.625, 2.8671359524676235e-22, nan 
-154.125, 72.625, 5.507401809359258e-22, nan 
-153.875, 72.625, 5.778350064951832e-22, nan 
-153.625, 72.625, 3.559797567972155e-22, nan 
-153.375, 72.625, 2.2791934856345284e-22, nan 
-153.125, 72.625, 1.642435775615998e-22, nan 
-152.875, 72.625, 1.9626747393443813e-22, nan 
-152.625, 72.625, 2.0122461405819775e-22, nan 
-152.375, 72.625, 2.4524631933463587e-22, nan 
-152.125, 72.625, 3.339792282274196e-22, nan 
-151.875, 72.625, 3.3840871059813934e-22, nan 
-151.625, 72.625, 2.1106714314088712e-22, nan 
-151.375, 72.625, 3.4295768411596655e-22, nan 
-151.125, 72.625, 3.9082228518257787e-22, nan 
-150.875, 72.625, 1.8162740948197478e-22, nan 
-150.625, 72.625, 3.7245731928110795e-22, nan 
-150.375, 72.625, 3.974943326285675e-22, nan 
-150.125, 72.625, 2.0865939488770427e-22, nan 
-149.875, 72.625, 1.4672743092067334e-22, nan 
-149.625, 72.625, 1.6838591632281148e-22, nan 
-149.375, 72.625, 3.0732489360454877e-22, nan 
-149.125, 72.625, 2.669783138100348e-22, nan 
-148.875, 72.625, 1.5063980391106793e-22, nan 
-148.625, 72.625, 1.2587184958617704e-22, nan 
-148.375, 72.625, 1.892237134145812e-22, nan 
-148.125, 72.625, 1.409086637212794e-22, nan 
-147.875, 72.625, 1.2488017940936122e-22, nan 
-147.625, 72.625, 1.452598543050786e-22, nan 
-147.375, 72.625, 1.1089166164589824e-22, nan 
-147.125, 72.625, 9.291437244859206e-23, nan 
-146.875, 72.625, 8.507585370116013e-23, nan 
-146.625, 72.625, 1.9791270888816885e-22, nan 
-146.375, 72.625, 1.0893696894624826e-22, nan 
-146.125, 72.625, 7.035229837353135e-23, nan 
-145.875, 72.625, 9.821534576495482e-23, nan 
-145.625, 72.625, 1.2767769359034488e-22, nan 
-145.375, 72.625, 1.2171120459949955e-22, nan 
-145.125, 72.625, 5.893312299122753e-23, nan 
-144.875, 72.625, 1.1028994210040044e-22, nan 
-144.625, 72.625, 1.1665430579288795e-22, nan 
-144.375, 72.625, 5.998182476579097e-23, nan 
-144.125, 72.625, 7.119568961526703e-23, nan 
-143.875, 72.625, 5.490296021332903e-23, nan 
-143.625, 72.625, 7.773675742313451e-23, nan 
-143.375, 72.625, 5.594459078262361e-23, nan 
-143.125, 72.625, 5.51551798855358e-23, nan 
-142.875, 72.625, 7.792471060226577e-23, nan 
-142.625, 72.625, 6.816633376015201e-23, nan 
-142.375, 72.625, 4.72164514215784e-23, nan 
-142.125, 72.625, 9.23903043792606e-23, nan 
-141.875, 72.625, 7.973206891097737e-23, nan 
-141.625, 72.625, 5.859614180795291e-23, nan 
-141.375, 72.625, 5.757242387058475e-23, nan 
-141.125, 72.625, 4.997104161332813e-23, nan 
-140.875, 72.625, 6.639920263842687e-23, nan 
-140.625, 72.625, 5.635414364078546e-23, nan 
-140.375, 72.625, 3.6378301459841874e-23, nan 
-140.125, 72.625, 5.666451794364306e-23, nan 
-139.875, 72.625, 4.3205211347771295e-23, nan 
-139.625, 72.625, 4.692332438957117e-23, nan 
-139.375, 72.625, 6.15163891187015e-23, nan 
-139.125, 72.625, 3.161543487222117e-23, nan 
-138.875, 72.625, 2.795582645218046e-23, nan 
-138.625, 72.625, 4.829898638170767e-23, nan 
-138.375, 72.625, 6.153973377921769e-23, nan 
-138.125, 72.625, 8.076268690128938e-23, nan 
-137.875, 72.625, 9.535601460700165e-23, nan 
-137.625, 72.625, 8.497818744067867e-23, nan 
-137.375, 72.625, 8.503367055722387e-23, nan 
-137.125, 72.625, 9.022274306968556e-23, nan 
-136.875, 72.625, 6.898552372134524e-23, nan 
-136.625, 72.625, 5.0807339902260467e-23, nan 
-136.375, 72.625, 5.032748493010756e-23, nan 
-136.125, 72.625, 4.112290889752538e-23, nan 
-135.875, 72.625, 1.7300317954742982e-23, nan 
-135.625, 72.625, 3.68866636666597e-23, nan 
-135.375, 72.625, 4.992923677158094e-23, nan 
-135.125, 72.625, 5.080552763607145e-23, nan 
-134.875, 72.625, 3.720553953316793e-23, nan 
-134.625, 72.625, 9.758264617027482e-23, nan 
-134.375, 72.625, 1.1096238576518674e-22, nan 
-134.125, 72.625, 4.308543722207216e-23, nan 
-133.875, 72.625, 9.809499527712851e-23, nan 
-133.625, 72.625, 1.533863473822835e-22, nan 
-133.375, 72.625, 1.1002434937371795e-22, nan 
-133.125, 72.625, 6.387778807923489e-23, nan 
-132.875, 72.625, 1.2747857796983467e-22, nan 
-132.625, 72.625, 1.1746544362978608e-22, nan 
-132.375, 72.625, 7.155320347198699e-23, nan 
-132.125, 72.625, 7.19508312208507e-23, nan 
-131.875, 72.625, 4.4361532065336694e-23, nan 
-131.625, 72.625, 9.528899096861035e-23, nan 
-131.375, 72.625, 8.75646843846947e-23, nan 
-131.125, 72.625, 7.839953641266108e-23, nan 
-130.875, 72.625, 8.450623440187243e-23, nan 
-130.625, 72.625, 8.022396087272962e-23, nan 
-130.375, 72.625, 8.729195493605326e-23, nan 
-130.125, 72.625, 9.731432362795727e-23, nan 
-129.875, 72.625, 4.5381475496962284e-23, nan 
-129.625, 72.625, 2.425240890427346e-23, nan 
-129.375, 72.625, 4.2805091097414996e-23, nan 
-129.125, 72.625, 5.686558527708726e-23, nan 
-128.875, 72.625, 6.919923607492879e-23, nan 
-128.625, 72.625, 5.201837508579903e-23, nan 
-128.375, 72.625, 7.171317731377798e-23, nan 
-128.125, 72.625, 7.253208902835836e-23, nan 
-127.875, 72.625, 5.882159962540653e-23, nan 
-127.625, 72.625, 7.122716927632587e-23, nan 
-127.375, 72.625, 6.596459550288696e-23, nan 
-127.125, 72.625, 8.363283170663251e-23, nan 
-126.875, 72.625, 8.264459319397041e-23, nan 
-126.625, 72.625, 6.545250148923801e-23, nan 
-126.375, 72.625, 9.294333072010892e-23, nan 
-126.125, 72.625, 1.515447805616128e-22, nan 
-125.875, 72.625, 1.8201992218128702e-22, nan 
-125.625, 72.625, 1.2469309816580719e-22, nan 
-125.375, 72.625, 1.305399562352691e-22, nan 
-125.125, 72.625, 1.6294875488315158e-22, nan 
-124.875, 72.625, 1.2676403166719284e-22, nan 
-124.625, 72.625, 6.744078952474299e-23, nan 
-124.375, 72.625, 7.307270602747621e-23, nan 
-124.125, 72.625, 9.619510833683495e-23, nan 
-123.875, 72.625, 7.736944770853445e-23, nan 
-123.625, 72.625, 6.820188767260027e-23, nan 
-123.375, 72.625, 7.610786343074429e-23, nan 
-123.125, 72.625, 6.690515303693247e-23, nan 
-122.875, 72.625, 4.7399224697053255e-23, nan 
-122.625, 72.625, 4.5650237592591384e-23, nan 
-122.375, 72.625, 4.191919094162232e-23, nan 
-122.125, 72.625, 3.425142852244424e-23, nan 
-121.875, 72.625, 3.1429230859212794e-23, nan 
-121.625, 72.625, 1.812196507448832e-23, nan 
-121.375, 72.625, 1.9962559147425904e-23, nan 
-121.125, 72.625, 1.988528687147326e-23, nan 
-120.875, 72.625, 3.376019218168443e-23, nan 
-120.625, 72.625, 2.402823927215324e-23, nan 
-120.375, 72.625, 2.8926050072094244e-23, nan 
-120.125, 72.625, 3.08577323776602e-23, nan 
-119.875, 72.625, 4.809538300645933e-23, nan 
-119.625, 72.625, 2.720088387765628e-23, nan 
-119.375, 72.625, 3.31897184242439e-23, nan 
-119.125, 72.625, 3.761302033879526e-23, nan 
-118.875, 72.625, 3.023396055960716e-23, nan 
-118.625, 72.625, 3.474263215864856e-23, nan 
-118.375, 72.625, 3.185640693303209e-23, nan 
-118.125, 72.625, 2.4622995707064553e-23, nan 
-117.875, 72.625, 1.7287040255566554e-23, nan 
-117.625, 72.625, 2.696287921740153e-23, nan 
-117.375, 72.625, 3.788130969028593e-23, nan 
-117.125, 72.625, 2.8943279168766315e-23, nan 
-116.875, 72.625, 4.066405258362984e-23, nan 
-116.625, 72.625, 3.7369569405956206e-23, nan 
-116.375, 72.625, 5.393577091735482e-23, nan 
-116.125, 72.625, 4.2610162468118946e-23, nan 
-115.875, 72.625, 4.7669021942150003e-23, nan 
-115.625, 72.625, 3.619776356089868e-23, nan 
-115.375, 72.625, 3.139313521382993e-23, nan 
-115.125, 72.625, 6.417360099333083e-23, nan 
-114.875, 72.625, 4.781156643461455e-23, nan 
-114.625, 72.625, 3.7460695299484314e-23, nan 
-114.375, 72.625, 4.3442015291080947e-23, nan 
-114.125, 72.625, 3.975865290915947e-23, nan 
-113.875, 72.625, 4.540762784283799e-23, nan 
-113.625, 72.625, 4.2838030431312124e-23, nan 
-113.375, 72.625, 3.49903539003171e-23, nan 
-113.125, 72.625, 3.783964908929201e-23, nan 
-112.875, 72.625, 2.885912116891789e-23, nan 
-112.625, 72.625, 2.6438310864776562e-23, nan 
-112.375, 72.625, 4.7004791933559276e-23, nan 
-112.125, 72.625, 3.143352734051666e-23, nan 
-111.875, 72.625, 2.91268882432746e-23, nan 
-111.625, 72.625, 1.4634874615872887e-23, nan 
83.625, 72.625, 3.5315457999053355e-24, nan 
83.875, 72.625, 5.800451557708171e-24, nan 
84.125, 72.625, 4.738092090112366e-24, nan 
84.375, 72.625, 9.732478126558523e-24, nan 
84.625, 72.625, 1.1800393131589875e-23, nan 
84.875, 72.625, 1.372824660538769e-23, nan 
85.125, 72.625, 1.1338386789975618e-23, nan 
85.375, 72.625, 1.1436937889451142e-23, nan 
85.625, 72.625, 1.3796191610207522e-23, nan 
85.875, 72.625, 9.073662647859963e-24, nan 
86.125, 72.625, 1.36890740233972e-23, nan 
86.375, 72.625, 1.433147531228392e-23, nan 
86.625, 72.625, 7.266398605302257e-24, nan 
86.875, 72.625, 6.550895675718617e-24, nan 
87.125, 72.625, 8.472081376383099e-24, nan 
87.375, 72.625, 1.0385803339858492e-23, nan 
87.625, 72.625, 9.36335068126014e-24, nan 
87.875, 72.625, 5.905161875509966e-24, nan 
88.125, 72.625, 7.74615145210955e-24, nan 
88.375, 72.625, 7.605363223369853e-24, nan 
88.625, 72.625, 5.135520376075187e-24, nan 
88.875, 72.625, 5.4672646362112714e-24, nan 
89.125, 72.625, 4.2889852232968525e-24, nan 
89.375, 72.625, 4.816475277363023e-24, nan 
89.625, 72.625, 6.898601526767952e-24, nan 
89.875, 72.625, 5.045230796930495e-24, nan 
90.125, 72.625, 4.474478372966904e-24, nan 
90.375, 72.625, 6.461201107881295e-24, nan 
90.625, 72.625, 1.1034797626633526e-23, nan 
90.875, 72.625, 1.6274955211130766e-23, nan 
91.125, 72.625, 1.7319803448876563e-23, nan 
91.375, 72.625, 1.772010773693594e-23, nan 
91.625, 72.625, 1.695278672002012e-23, nan 
91.875, 72.625, 1.4058844379070984e-23, nan 
92.125, 72.625, 1.5239702878958378e-23, nan 
92.375, 72.625, 1.9525248105625547e-23, nan 
92.625, 72.625, 1.3338488774636164e-23, nan 
92.875, 72.625, 1.5271837032866713e-23, nan 
93.125, 72.625, 2.1283139275830498e-23, nan 
93.375, 72.625, 2.4234460153512984e-23, nan 
93.625, 72.625, 2.690256151207605e-23, nan 
93.875, 72.625, 2.0202744434973247e-23, nan 
94.125, 72.625, 1.6948557564385947e-23, nan 
94.375, 72.625, 1.0910258840122407e-23, nan 
94.625, 72.625, 1.4390694188653808e-23, nan 
94.875, 72.625, 4.7340237796304016e-24, nan 
95.125, 72.625, 9.432504715317778e-24, nan 
95.375, 72.625, 6.744777298715869e-24, nan 
95.625, 72.625, 9.611978101603136e-24, nan 
95.875, 72.625, 1.0898091763176371e-23, nan 
96.125, 72.625, 5.3754957501465135e-24, nan 
96.375, 72.625, 1.509591285338765e-23, nan 
96.625, 72.625, 2.4085600774800704e-23, nan 
96.875, 72.625, 1.0968047519901658e-23, nan 
97.125, 72.625, 1.0234244806058264e-23, nan 
97.375, 72.625, 1.2753795718849142e-23, nan 
97.625, 72.625, 1.8673696254505495e-23, nan 
97.875, 72.625, 1.5582549609146043e-23, nan 
98.125, 72.625, 1.650857256939143e-23, nan 
98.375, 72.625, 9.71640594928608e-24, nan 
98.625, 72.625, 6.936296431779205e-24, nan 
98.875, 72.625, 1.2698069290608724e-23, nan 
99.125, 72.625, 8.217905221230493e-24, nan 
99.375, 72.625, 8.483035619284372e-24, nan 
99.625, 72.625, 6.569168504841157e-24, nan 
99.875, 72.625, 1.128448735653671e-23, nan 
100.125, 72.625, 2.9869630555601306e-24, nan 
100.375, 72.625, 3.149030329127721e-24, nan 
100.625, 72.625, 7.522895703876968e-24, nan 
100.875, 72.625, 5.9299177209029734e-24, nan 
101.125, 72.625, 9.982932612811202e-24, nan 
101.375, 72.625, 9.221298776748372e-24, nan 
101.625, 72.625, 1.4087421534806284e-23, nan 
101.875, 72.625, 1.3214087469028764e-23, nan 
102.125, 72.625, 1.3690886632389378e-23, nan 
102.375, 72.625, 1.4177586903654334e-23, nan 
102.625, 72.625, 8.30829380840218e-24, nan 
102.875, 72.625, 1.3879743841740803e-23, nan 
103.125, 72.625, 4.129308001232404e-24, nan 
103.375, 72.625, 7.219571417776428e-24, nan 
103.625, 72.625, 2.7295940318234324e-23, nan 
103.875, 72.625, 1.1388081929351553e-23, nan 
104.125, 72.625, 1.014853876220903e-23, nan 
104.375, 72.625, 2.1605001676281012e-23, nan 
104.625, 72.625, 1.3116598437603784e-23, nan 
104.875, 72.625, 6.822579892289859e-24, nan 
105.125, 72.625, 1.2721655739974639e-23, nan 
105.375, 72.625, 9.091623361684748e-24, nan 
105.625, 72.625, 7.93809896743005e-24, nan 
105.875, 72.625, 1.0135515866573077e-23, nan 
106.125, 72.625, 5.972114857132135e-24, nan 
106.375, 72.625, 1.0048607107072246e-23, nan 
106.625, 72.625, 1.1308393951549682e-23, nan 
106.875, 72.625, 1.896693922485757e-23, nan 
107.125, 72.625, 2.3772097614494898e-23, nan 
107.375, 72.625, 3.520922015936997e-23, nan 
107.625, 72.625, 3.734595992280276e-23, nan 
107.875, 72.625, 1.821365048314416e-23, nan 
108.125, 72.625, 4.304693151662007e-23, nan 
108.375, 72.625, 5.153887760633172e-23, nan 
108.625, 72.625, 3.664858918454318e-23, nan 
108.875, 72.625, 4.2387517707405904e-23, nan 
109.125, 72.625, 5.1947259312353344e-23, nan 
109.375, 72.625, 3.428545678051211e-23, nan 
109.625, 72.625, 2.8566431423388976e-23, nan 
109.875, 72.625, 2.8728906198422516e-23, nan 
110.125, 72.625, 2.0646322912456986e-23, nan 
110.375, 72.625, 2.238872770451519e-23, nan 
110.625, 72.625, 2.568245020452651e-23, nan 
110.875, 72.625, 2.0408176220446894e-23, nan 
111.125, 72.625, 2.309060421195723e-23, nan 
111.375, 72.625, 2.4292211661694758e-23, nan 
111.625, 72.625, 2.0169153138775972e-23, nan 
111.875, 72.625, 2.052590849527221e-23, nan 
112.125, 72.625, 3.6310943495343686e-23, nan 
112.375, 72.625, 1.3005160957473763e-23, nan 
112.625, 72.625, 2.4102839015969242e-23, nan 
112.875, 72.625, 4.25902420455689e-23, nan 
113.125, 72.625, 2.2305789073249232e-23, nan 
113.375, 72.625, 2.7818917805716246e-23, nan 
113.625, 72.625, 3.210447833328212e-23, nan 
113.875, 72.625, 2.302217615062186e-23, nan 
114.125, 72.625, 2.3258699442257228e-23, nan 
114.375, 72.625, 4.319085377334462e-23, nan 
114.625, 72.625, 2.8373009907590856e-23, nan 
114.875, 72.625, 4.4798889184856966e-23, nan 
115.125, 72.625, 6.050988788662241e-23, nan 
115.375, 72.625, 4.837899713893314e-23, nan 
115.625, 72.625, 9.210421908648248e-23, nan 
115.875, 72.625, 8.051581251980702e-23, nan 
116.125, 72.625, 6.834121021809243e-23, nan 
116.375, 72.625, 9.502047367987272e-23, nan 
116.625, 72.625, 8.114041004833266e-23, nan 
116.875, 72.625, 6.529743766257214e-23, nan 
117.125, 72.625, 4.717218303623402e-23, nan 
117.375, 72.625, 3.5485565707553596e-23, nan 
117.625, 72.625, 4.372858780648128e-23, nan 
117.875, 72.625, 6.08587365887369e-23, nan 
118.125, 72.625, 3.8507062750567306e-23, nan 
118.375, 72.625, 1.1625427263006046e-22, nan 
118.625, 72.625, 1.6520488883093143e-22, nan 
118.875, 72.625, 1.280501539408295e-22, nan 
119.125, 72.625, 1.200709645634282e-22, nan 
119.375, 72.625, 1.2838362904220364e-22, nan 
119.625, 72.625, 8.660243465175547e-23, nan 
119.875, 72.625, 1.0113445265102833e-22, nan 
120.125, 72.625, 8.615885331853859e-23, nan 
120.375, 72.625, 7.993915136967479e-23, nan 
120.625, 72.625, 8.920839416012393e-23, nan 
120.875, 72.625, 9.94538831392561e-23, nan 
121.125, 72.625, 1.3322500899758755e-22, nan 
121.375, 72.625, 1.3954245364759575e-22, nan 
121.625, 72.625, 1.534262267486624e-22, nan 
121.875, 72.625, 1.3460949923713343e-22, nan 
122.125, 72.625, 1.2684137740702076e-22, nan 
122.375, 72.625, 1.2446643276419458e-22, nan 
122.625, 72.625, 1.1476494557152876e-22, nan 
122.875, 72.625, 1.0829640777692373e-22, nan 
123.125, 72.625, 1.218785635727648e-22, nan 
123.375, 72.625, 9.620424307576393e-23, nan 
123.625, 72.625, 9.693788468773281e-23, nan 
123.875, 72.625, 1.2022316443543097e-22, nan 
124.125, 72.625, 1.3677303027179617e-22, nan 
124.375, 72.625, 1.0448447273834792e-22, nan 
124.625, 72.625, 8.954138935984307e-23, nan 
124.875, 72.625, 6.637066774202832e-23, nan 
125.125, 72.625, 4.6232014257636106e-23, nan 
125.375, 72.625, 3.3815944279661e-23, nan 
125.625, 72.625, 7.2651206545261e-23, nan 
125.875, 72.625, 7.434606740205395e-23, nan 
126.125, 72.625, 1.090798306019826e-22, nan 
126.375, 72.625, 1.0120807012811527e-22, nan 
126.625, 72.625, 1.112609049605242e-22, nan 
126.875, 72.625, 1.1836277062130665e-22, nan 
127.125, 72.625, 9.86374089601914e-23, nan 
127.375, 72.625, 6.242364420099187e-23, nan 
127.625, 72.625, 7.235939873815672e-23, nan 
127.875, 72.625, 6.566457092833287e-23, nan 
128.125, 72.625, 8.072024625808371e-23, nan 
128.375, 72.625, 5.246101134291673e-23, nan 
128.625, 72.625, 5.618695827834483e-23, nan 
128.875, 72.625, 7.911914419128384e-23, nan 
129.125, 72.625, 5.508217137927975e-23, nan 
129.375, 72.625, 4.753235883753184e-23, nan 
129.625, 72.625, 4.0418600863752346e-23, nan 
129.875, 72.625, 6.375154894285452e-23, nan 
130.125, 72.625, 9.682382330255897e-23, nan 
130.375, 72.625, 3.5917872469421644e-23, nan 
130.625, 72.625, 8.232921544450554e-23, nan 
130.875, 72.625, 1.6069964852825115e-22, nan 
131.125, 72.625, 1.3163517270963158e-22, nan 
131.375, 72.625, 1.3093150790577163e-22, nan 
131.625, 72.625, 1.088694813758337e-22, nan 
131.875, 72.625, 1.7906832983488702e-22, nan 
132.125, 72.625, 1.6597137616755304e-22, nan 
132.375, 72.625, 1.1849693993798476e-22, nan 
132.625, 72.625, 1.7668789930279135e-22, nan 
132.875, 72.625, 1.350214584604444e-22, nan 
133.125, 72.625, 9.471042830085685e-23, nan 
133.375, 72.625, 8.930378248511066e-23, nan 
133.625, 72.625, 5.294914808883418e-23, nan 
133.875, 72.625, 1.1677017177415994e-22, nan 
134.125, 72.625, 8.738170946452979e-23, nan 
134.375, 72.625, 1.3289888314377488e-22, nan 
134.625, 72.625, 1.1189333767129688e-22, nan 
134.875, 72.625, 1.0387766764365185e-22, nan 
135.125, 72.625, 1.142068489930682e-22, nan 
135.375, 72.625, 8.136218817860623e-23, nan 
135.625, 72.625, 8.207293843954278e-23, nan 
135.875, 72.625, 1.0744350853512604e-22, nan 
136.125, 72.625, 1.066138682614277e-22, nan 
136.375, 72.625, 1.1648456454835024e-22, nan 
136.625, 72.625, 1.0324481245692057e-22, nan 
136.875, 72.625, 1.1957694767198142e-22, nan 
137.125, 72.625, 1.0798342676529747e-22, nan 
137.375, 72.625, 7.850506489885806e-23, nan 
137.625, 72.625, 1.5357025187989984e-22, nan 
137.875, 72.625, 1.3710746518436707e-22, nan 
138.125, 72.625, 2.545148753764328e-22, nan 
138.375, 72.625, 3.7927001822039003e-22, nan 
138.625, 72.625, 3.6042942799897557e-22, nan 
138.875, 72.625, 3.0025353079867737e-22, nan 
139.125, 72.625, 4.014868302381938e-22, nan 
139.375, 72.625, 6.247942642926199e-22, nan 
139.625, 72.625, 8.287399106917477e-22, nan 
139.875, 72.625, 6.952408737393476e-22, nan 
140.125, 72.625, 7.9333839264680895e-22, nan 
140.375, 72.625, 1.1318177395630934e-21, nan 
140.625, 72.625, 1.2638357353428018e-21, nan 
140.875, 72.625, 1.079696927787088e-21, nan 
141.125, 72.625, 8.74832437688405e-22, nan 
141.375, 72.625, 7.600797935744569e-22, nan 
141.625, 72.625, 7.47871210433364e-22, nan 
141.875, 72.625, 5.850131894126241e-22, nan 
142.125, 72.625, 2.1551706243557754e-22, nan 
142.375, 72.625, 2.448383142029431e-22, nan 
142.625, 72.625, 6.432766803863637e-22, nan 
142.875, 72.625, 5.301380816759275e-22, nan 
143.125, 72.625, 5.211154588480281e-22, nan 
143.375, 72.625, 8.90728105502858e-22, nan 
143.625, 72.625, 1.137114971247673e-21, nan 
143.875, 72.625, 4.328935012258216e-21, nan 
144.125, 72.625, 5.708709913870331e-21, nan 
144.375, 72.625, 6.28231308375929e-21, nan 
144.625, 72.625, 1.5364999992699924e-21, nan 
144.875, 72.625, 1.4862740550068842e-21, nan 
145.125, 72.625, 1.0517264218067494e-21, nan 
145.375, 72.625, 1.3501309394254385e-21, nan 
145.625, 72.625, 1.5853300925995796e-21, nan 
145.875, 72.625, 1.325176092814807e-21, nan 
146.125, 72.625, 1.151544049184272e-21, nan 
146.375, 72.625, 1.5341251745113103e-21, nan 
146.625, 72.625, 1.684758085481248e-21, nan 
146.875, 72.625, 1.4215784558725322e-21, nan 
147.125, 72.625, 1.245391315364891e-21, nan 
147.375, 72.625, 1.34215558784868e-21, nan 
147.625, 72.625, 9.680335707588385e-22, nan 
147.875, 72.625, 8.68450055741711e-22, nan 
148.125, 72.625, 4.435312311404123e-22, nan 
148.375, 72.625, 8.383388801074664e-22, nan 
148.625, 72.625, 1.194324279845531e-21, nan 
148.875, 72.625, 1.6525967559497948e-21, nan 
149.125, 72.625, 1.4154555229449939e-21, nan 
149.375, 72.625, 1.857686939967183e-21, nan 
149.625, 72.625, 1.8198552231531027e-21, nan 
149.875, 72.625, 9.154717927809203e-22, nan 
150.125, 72.625, 6.419696341398651e-22, nan 
150.375, 72.625, 5.37129163343384e-22, nan 
150.625, 72.625, 6.429339923934852e-22, nan 
150.875, 72.625, 8.447146224185673e-22, nan 
151.125, 72.625, 1.210403202969087e-21, nan 
151.375, 72.625, 1.077995468306812e-21, nan 
151.625, 72.625, 6.95389254519272e-22, nan 
151.875, 72.625, 1.6769174345196963e-21, nan 
152.125, 72.625, 1.0253014357581711e-21, nan 
152.375, 72.625, 6.809524526020875e-22, nan 
152.625, 72.625, 1.0386041986167644e-21, nan 
152.875, 72.625, 5.648880069665206e-22, nan 
153.125, 72.625, 8.92664101753754e-22, nan 
153.375, 72.625, 9.156835319309194e-22, nan 
153.625, 72.625, 1.0542040844249298e-21, nan 
153.875, 72.625, 9.914823162058741e-22, nan 
154.125, 72.625, 8.772661458346105e-22, nan 
154.375, 72.625, 1.1070787522845536e-21, nan 
154.625, 72.625, 2.2015853492785293e-21, nan 
154.875, 72.625, 2.254412703643104e-21, nan 
155.125, 72.625, 3.7294220888087934e-21, nan 
155.375, 72.625, 4.19880659824103e-21, nan 
155.625, 72.625, 5.060331889467341e-21, nan 
155.875, 72.625, 5.1731102790534055e-21, nan 
156.125, 72.625, 3.331375154558366e-21, nan 
156.375, 72.625, 5.373786412294557e-21, nan 
156.625, 72.625, 4.683170258462581e-21, nan 
156.875, 72.625, 4.228073924421643e-21, nan 
157.125, 72.625, 3.403278121873345e-21, nan 
157.375, 72.625, 2.6677655351957228e-21, nan 
157.625, 72.625, 4.958630678484635e-21, nan 
157.875, 72.625, 5.276397087904397e-21, nan 
158.125, 72.625, 4.874855433176622e-21, nan 
158.375, 72.625, 7.167692649393979e-21, nan 
158.625, 72.625, 7.686309978026409e-21, nan 
158.875, 72.625, 7.4062459286653e-21, nan 
159.125, 72.625, 1.2679519639496774e-20, nan 
159.375, 72.625, 3.0839320175906364e-20, nan 
159.625, 72.625, 3.8325965957033414e-20, nan 
159.875, 72.625, 3.76748501009097e-20, nan 
160.125, 72.625, 4.8301554958225404e-20, nan 
160.375, 72.625, 6.208205621331507e-20, nan 
160.625, 72.625, 1.4631269429592315e-19, nan 
160.875, 72.625, 1.608322699826234e-19, nan 
161.125, 72.625, 1.8701063343381537e-19, nan 
161.375, 72.625, 2.4006794958483444e-19, nan 
161.625, 72.625, 2.3918194555777075e-19, nan 
161.875, 72.625, 1.778505949511011e-18, nan 
162.125, 72.625, 3.029657315962072e-18, nan 
162.375, 72.625, 2.181396197841826e-18, nan 
162.625, 72.625, 1.9461517369889875e-18, nan 
162.875, 72.625, 3.026095380015057e-18, nan 
163.125, 72.625, 4.556099364388056e-18, nan 
163.375, 72.625, 2.3030836113599715e-18, nan 
163.625, 72.625, 2.5611337840522663e-18, nan 
163.875, 72.625, 2.205481978992649e-18, nan 
164.125, 72.625, 2.206922500725987e-18, nan 
164.375, 72.625, 3.1263281237394477e-18, nan 
164.625, 72.625, 3.1611201140186622e-18, nan 
164.875, 72.625, 6.365187636193625e-18, nan 
165.125, 72.625, 7.70245969814869e-18, nan 
165.375, 72.625, 1.904685536840013e-17, nan 
165.625, 72.625, 1.1290613601953412e-17, nan 
165.875, 72.625, 5.65833310133853e-18, nan 
166.125, 72.625, 6.139050141969385e-18, nan 
166.375, 72.625, 4.996739017607739e-18, nan 
166.625, 72.625, 4.269214524807166e-18, nan 
166.875, 72.625, 6.455192087845976e-18, nan 
167.125, 72.625, 5.863132302185251e-18, nan 
167.375, 72.625, 3.4321389055099406e-18, nan 
167.625, 72.625, 1.5428941271034115e-17, nan 
167.875, 72.625, 5.447338337036574e-18, nan 
168.125, 72.625, 2.1273276303591975e-18, nan 
168.375, 72.625, 6.899290493936038e-19, nan 
168.625, 72.625, 3.6869280915689387e-19, nan 
168.875, 72.625, 4.515756534069652e-19, nan 
169.125, 72.625, 5.477428486381697e-19, nan 
169.375, 72.625, 5.2015494661222185e-19, nan 
169.625, 72.625, 4.444641575759763e-19, nan 
169.875, 72.625, 3.38318511969311e-19, nan 
170.125, 72.625, 2.9942257588467417e-19, nan 
170.375, 72.625, 2.1467020443946123e-19, nan 
170.625, 72.625, 1.1035210725476867e-19, nan 
170.875, 72.625, 1.2602128810622875e-19, nan 
171.125, 72.625, 1.2735495634854554e-19, nan 
171.375, 72.625, 6.989959422617983e-20, nan 
171.625, 72.625, 7.654785233244747e-20, nan 
171.875, 72.625, 8.404435639553935e-20, nan 
172.125, 72.625, 4.677696908142446e-20, nan 
172.375, 72.625, 2.681347892450094e-20, nan 
172.625, 72.625, 2.6205809686303045e-20, nan 
172.875, 72.625, 2.4914061923324822e-20, nan 
173.125, 72.625, 1.3846023331493915e-20, nan 
173.375, 72.625, 1.2805905580873607e-20, nan 
173.625, 72.625, 1.2567096940387107e-20, nan 
173.875, 72.625, 9.979381847096984e-21, nan 
174.125, 72.625, 7.45242474574843e-21, nan 
174.375, 72.625, 7.142769226955155e-21, nan 
174.625, 72.625, 1.0283534948755945e-20, nan 
174.875, 72.625, 9.834896344924967e-21, nan 
175.125, 72.625, 6.978480220259356e-21, nan 
175.375, 72.625, 8.350437435681876e-21, nan 
175.625, 72.625, 7.99973355888897e-21, nan 
175.875, 72.625, 7.428121412977288e-21, nan 
176.125, 72.625, 2.4813754882140106e-21, nan 
176.375, 72.625, 2.8490815384637657e-21, nan 
176.625, 72.625, 6.9516390128757e-21, nan 
176.875, 72.625, 3.0535349050500757e-21, nan 
177.125, 72.625, 7.998524749757658e-21, nan 
177.375, 72.625, 7.30286626222954e-21, nan 
177.625, 72.625, 5.0424350399184075e-21, nan 
177.875, 72.625, 5.3165346110822234e-21, nan 
178.125, 72.625, 4.8034177047253464e-21, nan 
178.375, 72.625, 4.364603714214133e-21, nan 
178.625, 72.625, 2.518814795257289e-21, nan 
178.875, 72.625, 3.0519811738645465e-21, nan 
179.125, 72.625, 4.271206291624565e-21, nan 
179.375, 72.625, 2.3543493018806916e-21, nan 
179.625, 72.625, 1.5304345596074612e-21, nan 
179.875, 72.625, 2.376584411085068e-21, nan 
-179.875, 72.875, 2.5157622102019348e-21, nan 
-179.625, 72.875, 2.2392726122917847e-21, nan 
-179.375, 72.875, 2.008400464827476e-21, nan 
-179.125, 72.875, 1.85694267760979e-21, nan 
-178.875, 72.875, 1.6093347977787795e-21, nan 
-178.625, 72.875, 1.553334073765778e-21, nan 
-178.375, 72.875, 1.274452016251804e-21, nan 
-178.125, 72.875, 1.4156062730499324e-21, nan 
-177.875, 72.875, 2.143969065824641e-21, nan 
-177.625, 72.875, 1.7512907038227092e-21, nan 
-177.375, 72.875, 8.582462107092779e-22, nan 
-177.125, 72.875, 8.510940092413971e-22, nan 
-176.875, 72.875, 1.385811819451619e-21, nan 
-176.625, 72.875, 9.402904108930742e-22, nan 
-176.375, 72.875, 8.483395777592723e-22, nan 
-176.125, 72.875, 8.054189967220779e-22, nan 
-175.875, 72.875, 8.102836346709306e-22, nan 
-175.625, 72.875, 8.806360400612856e-22, nan 
-175.375, 72.875, 1.4784444563589448e-21, nan 
-175.125, 72.875, 1.3571279538261662e-21, nan 
-174.875, 72.875, 1.705756976646753e-21, nan 
-174.625, 72.875, 1.1905926268842616e-21, nan 
-174.375, 72.875, 1.2694356567921236e-21, nan 
-174.125, 72.875, 1.233710824860973e-21, nan 
-173.875, 72.875, 9.00035952752923e-22, nan 
-173.625, 72.875, 2.420116147356894e-22, nan 
-173.375, 72.875, 3.3194966163675485e-22, nan 
-173.125, 72.875, 8.213519547313636e-22, nan 
-172.875, 72.875, 4.1263159526824067e-22, nan 
-172.625, 72.875, 5.415957269002687e-22, nan 
-172.375, 72.875, 1.196977991407664e-21, nan 
-172.125, 72.875, 8.678209098416537e-22, nan 
-171.875, 72.875, 5.941755581572203e-22, nan 
-171.625, 72.875, 1.5914410791741261e-21, nan 
-171.375, 72.875, 1.2272867544380062e-21, nan 
-171.125, 72.875, 4.77570070284703e-22, nan 
-170.875, 72.875, 1.0650240645355235e-21, nan 
-170.625, 72.875, 9.521948858514262e-22, nan 
-170.375, 72.875, 5.267629926116826e-22, nan 
-170.125, 72.875, 4.7432083378698695e-22, nan 
-169.875, 72.875, 6.865239362515675e-22, nan 
-169.625, 72.875, 4.820493440080427e-22, nan 
-169.375, 72.875, 5.772876978648128e-22, nan 
-169.125, 72.875, 4.731616802974776e-22, nan 
-168.875, 72.875, 4.951369738194478e-22, nan 
-168.625, 72.875, 4.119089135005111e-22, nan 
-168.375, 72.875, 3.3265854590159683e-22, nan 
-168.125, 72.875, 4.9689745016601605e-22, nan 
-167.875, 72.875, 4.678444341133097e-22, nan 
-167.625, 72.875, 4.897083962956824e-22, nan 
-167.375, 72.875, 4.695942597562795e-22, nan 
-167.125, 72.875, 6.022401833829323e-22, nan 
-166.875, 72.875, 5.309635727490662e-22, nan 
-166.625, 72.875, 5.437256278588467e-22, nan 
-166.375, 72.875, 5.621273008816809e-22, nan 
-166.125, 72.875, 5.312038012697593e-22, nan 
-165.875, 72.875, 4.970722783943092e-22, nan 
-165.625, 72.875, 4.771275604074271e-22, nan 
-165.375, 72.875, 4.23404014933015e-22, nan 
-165.125, 72.875, 4.61894216004709e-22, nan 
-164.875, 72.875, 4.64928340661359e-22, nan 
-164.625, 72.875, 3.373401765141938e-22, nan 
-164.375, 72.875, 2.1381093935868205e-22, nan 
-164.125, 72.875, 2.7751905678205097e-22, nan 
-163.875, 72.875, 1.8223499262312423e-22, nan 
-163.625, 72.875, 1.0452585341040172e-22, nan 
-163.375, 72.875, 1.4871810522838272e-22, nan 
-163.125, 72.875, 1.7961039456752264e-22, nan 
-162.875, 72.875, 1.7073913896360408e-22, nan 
-162.625, 72.875, 1.2649753777935612e-22, nan 
-162.375, 72.875, 2.0763980875814524e-22, nan 
-162.125, 72.875, 2.0649533460073682e-22, nan 
-161.875, 72.875, 1.804859342770742e-22, nan 
-161.625, 72.875, 1.6867404604914306e-22, nan 
-161.375, 72.875, 2.0676395424322484e-22, nan 
-161.125, 72.875, 2.181317949376227e-22, nan 
-160.875, 72.875, 1.9047549810927482e-22, nan 
-160.625, 72.875, 2.0982175803272345e-22, nan 
-160.375, 72.875, 1.6732590303194745e-22, nan 
-160.125, 72.875, 2.0941176517339958e-22, nan 
-159.875, 72.875, 1.6632620609931527e-22, nan 
-159.625, 72.875, 1.9661768325823726e-22, nan 
-159.375, 72.875, 3.0230957524420743e-22, nan 
-159.125, 72.875, 2.3890231735749006e-22, nan 
-158.875, 72.875, 1.4296808942476798e-22, nan 
-158.625, 72.875, 2.503190748353227e-22, nan 
-158.375, 72.875, 1.9315487348677927e-22, nan 
-158.125, 72.875, 1.91341945217951e-22, nan 
-157.875, 72.875, 1.628633568625954e-22, nan 
-157.625, 72.875, 1.876934469159107e-22, nan 
-157.375, 72.875, 1.840892053697583e-22, nan 
-157.125, 72.875, 1.51395570017976e-22, nan 
-156.875, 72.875, 1.6436500761493854e-22, nan 
-156.625, 72.875, 1.59665439168788e-22, nan 
-156.375, 72.875, 1.6658424352840253e-22, nan 
-156.125, 72.875, 1.4228178628208475e-22, nan 
-155.875, 72.875, 1.1580012998212716e-22, nan 
-155.625, 72.875, 1.7348215038570794e-22, nan 
-155.375, 72.875, 2.1912097994613207e-22, nan 
-155.125, 72.875, 1.5288604499431367e-22, nan 
-154.875, 72.875, 2.132021688111018e-22, nan 
-154.625, 72.875, 2.287706086922486e-22, nan 
-154.375, 72.875, 2.7242496825516675e-22, nan 
-154.125, 72.875, 3.4142100808999375e-22, nan 
-153.875, 72.875, 3.3074433537039e-22, nan 
-153.625, 72.875, 3.189109237914637e-22, nan 
-153.375, 72.875, 1.9814802659969173e-22, nan 
-153.125, 72.875, 1.892684821325088e-22, nan 
-152.875, 72.875, 2.139657904893822e-22, nan 
-152.625, 72.875, 2.5010228815792785e-22, nan 
-152.375, 72.875, 3.452986882444548e-22, nan 
-152.125, 72.875, 3.540729029578448e-22, nan 
-151.875, 72.875, 3.5834968099446544e-22, nan 
-151.625, 72.875, 2.6902985305182634e-22, nan 
-151.375, 72.875, 2.3172185361230573e-22, nan 
-151.125, 72.875, 2.526670671257661e-22, nan 
-150.875, 72.875, 2.232852658073181e-22, nan 
-150.625, 72.875, 3.0012259030026425e-22, nan 
-150.375, 72.875, 2.886667851559772e-22, nan 
-150.125, 72.875, 2.41878393702597e-22, nan 
-149.875, 72.875, 2.158818455603835e-22, nan 
-149.625, 72.875, 1.424932860837436e-22, nan 
-149.375, 72.875, 1.9009502100686771e-22, nan 
-149.125, 72.875, 2.192161586118574e-22, nan 
-148.875, 72.875, 1.3996789129922013e-22, nan 
-148.625, 72.875, 1.288124526861365e-22, nan 
-148.375, 72.875, 2.269050568934856e-22, nan 
-148.125, 72.875, 1.5545924979685927e-22, nan 
-147.875, 72.875, 8.497795537015006e-23, nan 
-147.625, 72.875, 2.9665000049143414e-22, nan 
-147.375, 72.875, 1.9564338696340013e-22, nan 
-147.125, 72.875, 6.950631867564692e-23, nan 
-146.875, 72.875, 1.909864384100602e-22, nan 
-146.625, 72.875, 1.6025799009780452e-22, nan 
-146.375, 72.875, 1.4791926650967559e-22, nan 
-146.125, 72.875, 8.319315357485932e-23, nan 
-145.875, 72.875, 8.636722730012661e-23, nan 
-145.625, 72.875, 1.0389789613607221e-22, nan 
-145.375, 72.875, 1.0866262257173652e-22, nan 
-145.125, 72.875, 1.3926697515957424e-22, nan 
-144.875, 72.875, 1.0664072992160266e-22, nan 
-144.625, 72.875, 1.184252929025365e-22, nan 
-144.375, 72.875, 1.4116401669529848e-22, nan 
-144.125, 72.875, 1.17557389668259e-22, nan 
-143.875, 72.875, 7.217389178763313e-23, nan 
-143.625, 72.875, 8.503913668365426e-23, nan 
-143.375, 72.875, 3.6837550644923595e-23, nan 
-143.125, 72.875, 3.790914326861731e-23, nan 
-142.875, 72.875, 5.132305699366797e-23, nan 
-142.625, 72.875, 9.243034834156011e-23, nan 
-142.375, 72.875, 8.804353500666751e-23, nan 
-142.125, 72.875, 1.0633783379804998e-22, nan 
-141.875, 72.875, 6.349808129636148e-23, nan 
-141.625, 72.875, 5.100873657197257e-23, nan 
-141.375, 72.875, 5.456012043230356e-23, nan 
-141.125, 72.875, 3.5174390824541277e-23, nan 
-140.875, 72.875, 4.53710838820752e-23, nan 
-140.625, 72.875, 4.456166665475247e-23, nan 
-140.375, 72.875, 4.3841737786667445e-23, nan 
-140.125, 72.875, 5.370944031331322e-23, nan 
-139.875, 72.875, 3.012183880378537e-23, nan 
-139.625, 72.875, 3.4749017660851215e-23, nan 
-139.375, 72.875, 4.602578474267579e-23, nan 
-139.125, 72.875, 3.644277034379911e-23, nan 
-138.875, 72.875, 7.092933211662165e-23, nan 
-138.625, 72.875, 7.373855036279119e-23, nan 
-138.375, 72.875, 6.719006942034261e-23, nan 
-138.125, 72.875, 7.214727565027697e-23, nan 
-137.875, 72.875, 8.170751791350617e-23, nan 
-137.625, 72.875, 7.060781428837801e-23, nan 
-137.375, 72.875, 4.6454521442381373e-23, nan 
-137.125, 72.875, 7.595784334375445e-23, nan 
-136.875, 72.875, 8.577210771974035e-23, nan 
-136.625, 72.875, 3.7865649510706855e-23, nan 
-136.375, 72.875, 4.8531173961239876e-23, nan 
-136.125, 72.875, 6.052251855650102e-23, nan 
-135.875, 72.875, 5.2282976672722405e-23, nan 
-135.625, 72.875, 3.7048429990343525e-23, nan 
-135.375, 72.875, 3.195565120640705e-23, nan 
-135.125, 72.875, 7.225144737683711e-23, nan 
-134.875, 72.875, 6.831387898297535e-23, nan 
-134.625, 72.875, 8.13015945702277e-23, nan 
-134.375, 72.875, 7.370148026536136e-23, nan 
-134.125, 72.875, 6.337978268890242e-23, nan 
-133.875, 72.875, 1.1451466729576622e-22, nan 
-133.625, 72.875, 1.2517587670716436e-22, nan 
-133.375, 72.875, 5.1065878418508147e-23, nan 
-133.125, 72.875, 7.774791498794926e-23, nan 
-132.875, 72.875, 1.0647534578850904e-22, nan 
-132.625, 72.875, 7.010788898511961e-23, nan 
-132.375, 72.875, 4.918277198553532e-23, nan 
-132.125, 72.875, 4.41888383925224e-23, nan 
-131.875, 72.875, 4.142854970193534e-23, nan 
-131.625, 72.875, 2.685039476286223e-23, nan 
-131.375, 72.875, 7.888035146853941e-23, nan 
-131.125, 72.875, 9.859707861573068e-23, nan 
-130.875, 72.875, 4.40745682360834e-23, nan 
-130.625, 72.875, 7.230648799130363e-23, nan 
-130.375, 72.875, 9.208991354700315e-23, nan 
-130.125, 72.875, 7.298353927782163e-23, nan 
-129.875, 72.875, 5.585156035883313e-23, nan 
-129.625, 72.875, 6.887273472944472e-23, nan 
-129.375, 72.875, 6.75124486031039e-23, nan 
-129.125, 72.875, 7.821907346516247e-23, nan 
-128.875, 72.875, 6.637619282197652e-23, nan 
-128.625, 72.875, 6.639709071115372e-23, nan 
-128.375, 72.875, 7.009166766998232e-23, nan 
-128.125, 72.875, 6.54523455130635e-23, nan 
-127.875, 72.875, 7.016052329921462e-23, nan 
-127.625, 72.875, 4.628725676439192e-23, nan 
-127.375, 72.875, 5.152991363784891e-23, nan 
-127.125, 72.875, 3.7488639663734805e-23, nan 
-126.875, 72.875, 6.547801969646896e-23, nan 
-126.625, 72.875, 6.766332512493491e-23, nan 
-126.375, 72.875, 1.1854168571506837e-22, nan 
-126.125, 72.875, 1.8260369550235962e-22, nan 
-125.875, 72.875, 2.3121080184429114e-22, nan 
-125.625, 72.875, 1.696143465739298e-22, nan 
-125.375, 72.875, 1.731278308770312e-22, nan 
-125.125, 72.875, 1.9108429121297824e-22, nan 
-124.875, 72.875, 1.354783148660043e-22, nan 
-124.625, 72.875, 6.026643353873474e-23, nan 
-124.375, 72.875, 7.600205496877322e-23, nan 
-124.125, 72.875, 1.1682240094975857e-22, nan 
-123.875, 72.875, 9.160089731823164e-23, nan 
-123.625, 72.875, 8.256969210104778e-23, nan 
-123.375, 72.875, 8.666671744870893e-23, nan 
-123.125, 72.875, 8.50780022477899e-23, nan 
-122.875, 72.875, 8.465973889939684e-23, nan 
-122.625, 72.875, 8.308195041121649e-23, nan 
-122.375, 72.875, 7.843725123916953e-23, nan 
-122.125, 72.875, 5.231683512211837e-23, nan 
-121.875, 72.875, 2.6730935526425155e-23, nan 
-121.625, 72.875, 2.6165233595059052e-23, nan 
-121.375, 72.875, 3.8127968950032623e-23, nan 
-121.125, 72.875, 4.688574262115996e-23, nan 
-120.875, 72.875, 6.23837082991104e-23, nan 
-120.625, 72.875, 6.74715487977504e-23, nan 
-120.375, 72.875, 4.134992242565615e-23, nan 
-120.125, 72.875, 4.135903601940994e-23, nan 
-119.875, 72.875, 8.999830419908028e-23, nan 
-119.625, 72.875, 5.0734391536221966e-23, nan 
-119.375, 72.875, 4.3285732017170947e-23, nan 
-119.125, 72.875, 8.742650418510175e-23, nan 
-118.875, 72.875, 6.111571639268108e-23, nan 
-118.625, 72.875, 2.88815792807886e-23, nan 
-118.375, 72.875, 6.668428607822108e-24, nan 
-118.125, 72.875, 2.1151562003132372e-23, nan 
-117.875, 72.875, 2.812403284102732e-23, nan 
-117.625, 72.875, 3.140368102035293e-23, nan 
-117.375, 72.875, 3.187086386482219e-23, nan 
-117.125, 72.875, 3.767758946325166e-23, nan 
-116.875, 72.875, 5.001300622329877e-23, nan 
-116.625, 72.875, 4.244640214387882e-23, nan 
-116.375, 72.875, 5.881936096171661e-23, nan 
-116.125, 72.875, 4.341299891616083e-23, nan 
-115.875, 72.875, 4.816006965414097e-23, nan 
-115.625, 72.875, 5.225970974239387e-23, nan 
-115.375, 72.875, 6.99488227585928e-23, nan 
-115.125, 72.875, 5.733305047419306e-23, nan 
-114.875, 72.875, 4.7476243187752614e-23, nan 
-114.625, 72.875, 4.604430902955029e-23, nan 
-114.375, 72.875, 4.6330874735842337e-23, nan 
-114.125, 72.875, 4.168936236115071e-23, nan 
-113.875, 72.875, 4.1831658185106627e-23, nan 
-113.625, 72.875, 5.288467167442722e-23, nan 
-113.375, 72.875, 4.2757969886285947e-23, nan 
-113.125, 72.875, 3.190542748404973e-23, nan 
-112.875, 72.875, 3.788042656708172e-23, nan 
-112.625, 72.875, 3.476665717286858e-23, nan 
-112.375, 72.875, 3.673470098869048e-23, nan 
-112.125, 72.875, 3.574701828652895e-23, nan 
-111.875, 72.875, 2.2813506118962532e-23, nan 
-111.625, 72.875, 2.5404594302696637e-23, nan 
-111.375, 72.875, 2.7789284102047525e-23, nan 
-111.125, 72.875, 2.246099643190848e-23, nan 
83.125, 72.875, 5.598421413332154e-24, nan 
83.375, 72.875, 3.851052355357884e-24, nan 
83.625, 72.875, 2.087133005882112e-24, nan 
83.875, 72.875, 4.417970551229296e-24, nan 
84.125, 72.875, 5.07937005960541e-24, nan 
84.375, 72.875, 5.0275409713145924e-24, nan 
84.625, 72.875, 1.0543014918627225e-23, nan 
84.875, 72.875, 1.3333015830564455e-23, nan 
85.125, 72.875, 9.641831261704754e-24, nan 
85.375, 72.875, 1.0317572331822563e-23, nan 
85.625, 72.875, 1.3910694452886937e-23, nan 
85.875, 72.875, 1.8919310422935808e-23, nan 
86.125, 72.875, 1.7046756571529767e-23, nan 
86.375, 72.875, 1.6136225294346465e-23, nan 
86.625, 72.875, 2.656582962588401e-23, nan 
86.875, 72.875, 1.9987463394135232e-23, nan 
87.125, 72.875, 1.6345038976367852e-23, nan 
87.375, 72.875, 1.4931699898963625e-23, nan 
87.625, 72.875, 1.1327837410779546e-23, nan 
87.875, 72.875, 1.0574254802077418e-23, nan 
88.125, 72.875, 1.1433310987585234e-23, nan 
88.375, 72.875, 1.2236653787979881e-23, nan 
88.625, 72.875, 7.68559503083757e-24, nan 
88.875, 72.875, 1.1056646534036067e-23, nan 
89.125, 72.875, 1.1269278988893543e-23, nan 
89.375, 72.875, 6.220264370091797e-24, nan 
89.625, 72.875, 1.6022875683608108e-23, nan 
89.875, 72.875, 1.0514179181457922e-23, nan 
90.125, 72.875, 8.567403860729885e-24, nan 
90.375, 72.875, 1.079181247503697e-23, nan 
90.625, 72.875, 1.388218121128703e-23, nan 
90.875, 72.875, 1.8085959420835464e-23, nan 
91.125, 72.875, 2.3518946911861122e-23, nan 
91.375, 72.875, 1.3919297014463938e-23, nan 
91.625, 72.875, 2.956799149584398e-23, nan 
91.875, 72.875, 2.4391563389263242e-23, nan 
92.125, 72.875, 1.8207945057177956e-23, nan 
92.375, 72.875, 3.821025300527678e-23, nan 
92.625, 72.875, 2.898284910576082e-23, nan 
92.875, 72.875, 3.291334054467995e-23, nan 
93.125, 72.875, 2.711019402726249e-23, nan 
93.375, 72.875, 3.6666045189394024e-23, nan 
93.625, 72.875, 4.7804571315666724e-23, nan 
93.875, 72.875, 3.0069970581575566e-23, nan 
94.125, 72.875, 2.9809826479811535e-23, nan 
94.375, 72.875, 2.341303512591369e-23, nan 
94.625, 72.875, 2.1877402244207688e-23, nan 
94.875, 72.875, 2.9901562186809243e-23, nan 
95.125, 72.875, 1.7681275193525925e-23, nan 
95.375, 72.875, 1.9645946342354447e-23, nan 
95.625, 72.875, 1.5823962753688083e-23, nan 
95.875, 72.875, 1.844291058676177e-23, nan 
96.125, 72.875, 9.643340772442628e-24, nan 
96.375, 72.875, 1.8622730687349414e-23, nan 
96.625, 72.875, 2.5564126974133297e-23, nan 
96.875, 72.875, 2.306075972702826e-23, nan 
97.125, 72.875, 2.4228412538343104e-23, nan 
97.375, 72.875, 1.561361952233969e-23, nan 
97.625, 72.875, 2.7704024106774756e-23, nan 
97.875, 72.875, 2.692865004269461e-23, nan 
98.125, 72.875, 2.3536217790982163e-23, nan 
98.375, 72.875, 1.8919896516094244e-23, nan 
98.625, 72.875, 2.3566317563430083e-23, nan 
98.875, 72.875, 2.5251236399151172e-23, nan 
99.125, 72.875, 1.7269725105727635e-23, nan 
99.375, 72.875, 1.5294011649004475e-23, nan 
99.625, 72.875, 1.004600017297739e-23, nan 
99.875, 72.875, 7.099376461061274e-24, nan 
100.125, 72.875, 8.518712384043389e-24, nan 
100.375, 72.875, 1.2796842686112929e-23, nan 
100.625, 72.875, 6.824785030642452e-24, nan 
100.875, 72.875, 7.099595487371366e-24, nan 
101.125, 72.875, 1.1833751176721383e-23, nan 
101.375, 72.875, 9.613291484834704e-24, nan 
101.625, 72.875, 1.3212560221202775e-23, nan 
101.875, 72.875, 1.9502533012007252e-23, nan 
102.125, 72.875, 1.378786480352372e-23, nan 
102.375, 72.875, 1.3573429899657352e-23, nan 
102.625, 72.875, 1.8770929911656614e-23, nan 
102.875, 72.875, 8.043720142074421e-24, nan 
103.125, 72.875, 6.699923958076268e-24, nan 
103.375, 72.875, 1.0748450715437305e-23, nan 
103.625, 72.875, 1.5289504827555004e-23, nan 
103.875, 72.875, 9.936413005037747e-24, nan 
104.125, 72.875, 1.4081523348209256e-23, nan 
104.375, 72.875, 1.6311263753506415e-23, nan 
104.625, 72.875, 1.2830613357229796e-23, nan 
104.875, 72.875, 1.2266468041504373e-23, nan 
105.125, 72.875, 2.262013201623135e-23, nan 
105.375, 72.875, 1.552968196455654e-23, nan 
105.625, 72.875, 1.1806832244431902e-23, nan 
105.875, 72.875, 9.970719616672277e-24, nan 
106.125, 72.875, 7.823544731593846e-24, nan 
106.375, 72.875, 2.023104141830109e-23, nan 
106.625, 72.875, 3.226250470715242e-23, nan 
106.875, 72.875, 4.152574108055253e-23, nan 
107.125, 72.875, 4.2193576078266944e-23, nan 
107.375, 72.875, 5.1872738275294936e-23, nan 
107.625, 72.875, 6.493930998243455e-23, nan 
107.875, 72.875, 6.080903623578103e-23, nan 
108.125, 72.875, 7.071510835637419e-23, nan 
108.375, 72.875, 7.464276695992788e-23, nan 
108.625, 72.875, 5.1010002535746224e-23, nan 
108.875, 72.875, 5.474413094321845e-23, nan 
109.125, 72.875, 5.711931785946678e-23, nan 
109.375, 72.875, 3.0303639000859596e-23, nan 
109.625, 72.875, 2.418507951332793e-23, nan 
109.875, 72.875, 1.6360590702392667e-23, nan 
110.125, 72.875, 1.278274603652056e-23, nan 
110.375, 72.875, 2.8103807035423626e-23, nan 
110.625, 72.875, 3.247317056719351e-23, nan 
110.875, 72.875, 3.3383558054449043e-23, nan 
111.125, 72.875, 2.803146055457094e-23, nan 
111.375, 72.875, 3.0841839467231616e-23, nan 
111.625, 72.875, 3.2170453882952476e-23, nan 
111.875, 72.875, 3.019389341232961e-23, nan 
112.125, 72.875, 3.821500171362015e-23, nan 
112.375, 72.875, 3.836548914655147e-23, nan 
112.625, 72.875, 3.8913930102820224e-23, nan 
112.875, 72.875, 3.6032678973851657e-23, nan 
113.125, 72.875, 3.3778637016085465e-23, nan 
113.375, 72.875, 3.134672210708314e-23, nan 
113.625, 72.875, 2.672629895414236e-23, nan 
113.875, 72.875, 3.324780661828198e-23, nan 
114.125, 72.875, 2.953829425757935e-23, nan 
114.375, 72.875, 1.6363417507622494e-23, nan 
114.625, 72.875, 3.145459745386755e-23, nan 
114.875, 72.875, 4.1446965392921987e-23, nan 
115.125, 72.875, 5.705397987457188e-23, nan 
115.375, 72.875, 3.526405594011747e-23, nan 
115.625, 72.875, 7.166228703359911e-23, nan 
115.875, 72.875, 6.132198088216542e-23, nan 
116.125, 72.875, 5.2602009032882094e-23, nan 
116.375, 72.875, 4.3471655634085835e-23, nan 
116.625, 72.875, 3.456700671104108e-23, nan 
116.875, 72.875, 3.2031111821808e-23, nan 
117.125, 72.875, 2.774075563515409e-23, nan 
117.375, 72.875, 1.72467251880389e-23, nan 
117.625, 72.875, 2.470351529707446e-23, nan 
117.875, 72.875, 3.0132625001961884e-23, nan 
118.125, 72.875, 5.463192451951724e-23, nan 
118.375, 72.875, 5.822995331682975e-23, nan 
118.625, 72.875, 6.981391837368388e-23, nan 
118.875, 72.875, 5.80453551081485e-23, nan 
119.125, 72.875, 3.365624556357797e-23, nan 
119.375, 72.875, 3.033712859967991e-23, nan 
119.625, 72.875, 3.669560228617799e-23, nan 
119.875, 72.875, 5.1311509880690547e-23, nan 
120.125, 72.875, 6.967416119623551e-23, nan 
120.375, 72.875, 4.9756885662628895e-23, nan 
120.625, 72.875, 7.065021942824831e-23, nan 
120.875, 72.875, 9.773365896501843e-23, nan 
121.125, 72.875, 1.177279401346187e-22, nan 
121.375, 72.875, 1.2546733823099278e-22, nan 
121.625, 72.875, 1.3701968823089035e-22, nan 
121.875, 72.875, 1.176705963775751e-22, nan 
122.125, 72.875, 1.1099900701328069e-22, nan 
122.375, 72.875, 1.1070734916270768e-22, nan 
122.625, 72.875, 9.136756067074924e-23, nan 
122.875, 72.875, 9.192801743639526e-23, nan 
123.125, 72.875, 1.0371378100350155e-22, nan 
123.375, 72.875, 6.68648454786587e-23, nan 
123.625, 72.875, 6.471982516575872e-23, nan 
123.875, 72.875, 5.47431061573226e-23, nan 
124.125, 72.875, 2.9751844157400976e-23, nan 
124.375, 72.875, 6.022306027056558e-23, nan 
124.625, 72.875, 4.426832661719225e-23, nan 
124.875, 72.875, 2.795103858316465e-23, nan 
125.125, 72.875, 4.2665278514264744e-23, nan 
125.375, 72.875, 3.4399904315628736e-23, nan 
125.625, 72.875, 2.0431372068138076e-23, nan 
125.875, 72.875, 6.269055528929228e-23, nan 
126.125, 72.875, 7.996984760117119e-23, nan 
126.375, 72.875, 8.146423906272206e-23, nan 
126.625, 72.875, 7.239670043299765e-23, nan 
126.875, 72.875, 8.57661074545331e-23, nan 
127.125, 72.875, 7.26561577452696e-23, nan 
127.375, 72.875, 6.184518950826086e-23, nan 
127.625, 72.875, 5.483612206047899e-23, nan 
127.875, 72.875, 5.410543550311754e-23, nan 
128.125, 72.875, 6.469195225810476e-23, nan 
128.375, 72.875, 6.052716028820194e-23, nan 
128.625, 72.875, 4.3770902709472216e-23, nan 
128.875, 72.875, 5.32538151506008e-23, nan 
129.125, 72.875, 6.177858884450352e-23, nan 
129.375, 72.875, 4.1776194071987186e-23, nan 
129.625, 72.875, 7.210297947486081e-23, nan 
129.875, 72.875, 4.9691041533803455e-23, nan 
130.125, 72.875, 6.628701994233927e-23, nan 
130.375, 72.875, 1.5530243186286312e-22, nan 
130.625, 72.875, 1.4750173362108899e-22, nan 
130.875, 72.875, 1.2673003138372404e-22, nan 
131.125, 72.875, 1.8905420566782623e-22, nan 
131.375, 72.875, 1.8501317608718478e-22, nan 
131.625, 72.875, 1.0686084373811898e-22, nan 
131.875, 72.875, 1.82268197440444e-22, nan 
132.125, 72.875, 2.7882108754399534e-22, nan 
132.375, 72.875, 1.6246654239686357e-22, nan 
132.625, 72.875, 1.996680104317473e-22, nan 
132.875, 72.875, 2.2645416562967093e-22, nan 
133.125, 72.875, 2.1095116129892933e-22, nan 
133.375, 72.875, 2.108590902562663e-22, nan 
133.625, 72.875, 2.158428142418955e-22, nan 
133.875, 72.875, 2.600317667692419e-22, nan 
134.125, 72.875, 1.6892399194767585e-22, nan 
134.375, 72.875, 1.9323839134300146e-22, nan 
134.625, 72.875, 2.3959474714465997e-22, nan 
134.875, 72.875, 1.1284004025750234e-22, nan 
135.125, 72.875, 7.437705079199604e-23, nan 
135.375, 72.875, 1.0466660995865145e-22, nan 
135.625, 72.875, 1.312300529105901e-22, nan 
135.875, 72.875, 1.857054410617091e-22, nan 
136.125, 72.875, 1.4773458748813505e-22, nan 
136.375, 72.875, 1.8904309032300266e-22, nan 
136.625, 72.875, 1.5118259972411992e-22, nan 
136.875, 72.875, 1.3673545411398548e-22, nan 
137.125, 72.875, 1.644167486442077e-22, nan 
137.375, 72.875, 3.097288739268089e-22, nan 
137.625, 72.875, 5.329182411414193e-22, nan 
137.875, 72.875, 3.879705374274252e-22, nan 
138.125, 72.875, 4.9002407043065105e-22, nan 
138.375, 72.875, 8.197674350897816e-22, nan 
138.625, 72.875, 7.538441349796998e-22, nan 
138.875, 72.875, 6.491439100142036e-22, nan 
139.125, 72.875, 7.17265017047264e-22, nan 
139.375, 72.875, 8.264227904087838e-22, nan 
139.625, 72.875, 8.485453181231212e-22, nan 
139.875, 72.875, 7.238754267695899e-22, nan 
140.125, 72.875, 7.643641369902961e-22, nan 
140.375, 72.875, 9.685496632637612e-22, nan 
140.625, 72.875, 8.348023692348585e-22, nan 
140.875, 72.875, 6.375661199422944e-22, nan 
141.125, 72.875, 5.104863849278427e-22, nan 
141.375, 72.875, 5.316198501001367e-22, nan 
141.625, 72.875, 4.98270029765678e-22, nan 
141.875, 72.875, 1.6890764059617522e-22, nan 
142.125, 72.875, 2.567368251921793e-22, nan 
142.375, 72.875, 2.8509614611162183e-22, nan 
142.625, 72.875, 2.0704255107116858e-22, nan 
142.875, 72.875, 3.163545469017335e-22, nan 
143.125, 72.875, 4.3275308018513915e-22, nan 
143.375, 72.875, 7.293100361862832e-22, nan 
143.625, 72.875, 7.413145802840491e-22, nan 
143.875, 72.875, 1.321604545485483e-21, nan 
144.125, 72.875, 1.2939690973935125e-21, nan 
144.375, 72.875, 9.416662858060294e-22, nan 
144.625, 72.875, 2.3972582221084412e-21, nan 
144.875, 72.875, 3.080510439018319e-21, nan 
145.125, 72.875, 1.1131877881728168e-21, nan 
145.375, 72.875, 1.840482702536626e-21, nan 
145.625, 72.875, 2.5984539677829207e-21, nan 
145.875, 72.875, 1.4994819716104904e-21, nan 
146.125, 72.875, 1.1094512598391658e-21, nan 
146.375, 72.875, 1.0732507669799796e-21, nan 
146.625, 72.875, 1.2851929765867714e-21, nan 
146.875, 72.875, 1.241088089547456e-21, nan 
147.125, 72.875, 7.200621032051119e-22, nan 
147.375, 72.875, 5.430778211464413e-22, nan 
147.625, 72.875, 7.238716101696647e-22, nan 
147.875, 72.875, 1.4242949000211755e-21, nan 
148.125, 72.875, 1.6428086493117205e-21, nan 
148.375, 72.875, 1.1342089771352146e-21, nan 
148.625, 72.875, 1.6433290188951371e-21, nan 
148.875, 72.875, 1.8512632620299037e-21, nan 
149.125, 72.875, 1.072132180641596e-21, nan 
149.375, 72.875, 9.999982411989026e-22, nan 
149.625, 72.875, 6.211628539810727e-22, nan 
149.875, 72.875, 5.7703746989535315e-22, nan 
150.125, 72.875, 7.454924574274003e-22, nan 
150.375, 72.875, 7.6424558778969255e-22, nan 
150.625, 72.875, 6.043000088624534e-22, nan 
150.875, 72.875, 9.10114861631061e-22, nan 
151.125, 72.875, 1.8669713122455938e-21, nan 
151.375, 72.875, 1.94585961442964e-21, nan 
151.625, 72.875, 1.4470760721028032e-21, nan 
151.875, 72.875, 2.0652490787080426e-21, nan 
152.125, 72.875, 2.2927052127104213e-21, nan 
152.375, 72.875, 1.9770183591633698e-21, nan 
152.625, 72.875, 8.05626260918866e-22, nan 
152.875, 72.875, 1.2732681470726802e-21, nan 
153.125, 72.875, 1.5871733295426128e-21, nan 
153.375, 72.875, 7.044611833882427e-22, nan 
153.625, 72.875, 1.335912005347717e-21, nan 
153.875, 72.875, 1.7486277944408444e-21, nan 
154.125, 72.875, 2.2433644896221115e-21, nan 
154.375, 72.875, 3.0881192167979356e-21, nan 
154.625, 72.875, 3.48404223116053e-21, nan 
154.875, 72.875, 3.455604832902762e-21, nan 
155.125, 72.875, 4.5435475979831905e-21, nan 
155.375, 72.875, 3.722313840645495e-21, nan 
155.625, 72.875, 3.1806577208347254e-21, nan 
155.875, 72.875, 4.4328452643031645e-21, nan 
156.125, 72.875, 5.071481005159173e-21, nan 
156.375, 72.875, 4.5297327138921114e-21, nan 
156.625, 72.875, 5.76049896577531e-21, nan 
156.875, 72.875, 6.711721508562707e-21, nan 
157.125, 72.875, 5.789217760158705e-21, nan 
157.375, 72.875, 3.3216505250426284e-21, nan 
157.625, 72.875, 3.34191191697703e-21, nan 
157.875, 72.875, 5.882556136687306e-21, nan 
158.125, 72.875, 5.497358270303097e-21, nan 
158.375, 72.875, 6.2274773825750436e-21, nan 
158.625, 72.875, 1.0086331023140623e-20, nan 
158.875, 72.875, 1.1686331404202119e-20, nan 
159.125, 72.875, 3.4003130195248056e-20, nan 
159.375, 72.875, 4.6022903059324444e-20, nan 
159.625, 72.875, 4.281549369068211e-20, nan 
159.875, 72.875, 5.965385378003843e-20, nan 
160.125, 72.875, 7.298665949669342e-20, nan 
160.375, 72.875, 1.2511935938740154e-19, nan 
160.625, 72.875, 1.2039424728919914e-19, nan 
160.875, 72.875, 1.3033600819942734e-19, nan 
161.125, 72.875, 2.1675559608577187e-19, nan 
161.375, 72.875, 2.029034709195651e-19, nan 
161.625, 72.875, 5.126589429054439e-19, nan 
161.875, 72.875, 1.967852186784752e-18, nan 
162.125, 72.875, 2.8607061542305175e-18, nan 
162.375, 72.875, 1.9051550186949223e-18, nan 
162.625, 72.875, 4.1198427266450924e-18, nan 
162.875, 72.875, 5.955209025487564e-18, nan 
163.125, 72.875, 2.5990213501141505e-18, nan 
163.375, 72.875, 1.5688018129075835e-18, nan 
163.625, 72.875, 2.1656994844466002e-18, nan 
163.875, 72.875, 2.0617113860025928e-18, nan 
164.125, 72.875, 1.8588339963128387e-18, nan 
164.375, 72.875, 2.4549399677857133e-18, nan 
164.625, 72.875, 2.0499459093117003e-18, nan 
164.875, 72.875, 2.127019880969025e-18, nan 
165.125, 72.875, 3.342831883669051e-18, nan 
165.375, 72.875, 4.796265101698829e-18, nan 
165.625, 72.875, 2.0511298320833302e-17, nan 
165.875, 72.875, 6.160922059479994e-18, nan 
166.125, 72.875, 6.788192503897949e-18, nan 
166.375, 72.875, 9.203744514055235e-18, nan 
166.625, 72.875, 6.4018385969185986e-18, nan 
166.875, 72.875, 1.1251389790408298e-17, nan 
167.125, 72.875, 8.14097047088329e-18, nan 
167.375, 72.875, 7.207486721965878e-18, nan 
167.625, 72.875, 2.142216256569656e-17, nan 
167.875, 72.875, 1.0250153821702156e-17, nan 
168.125, 72.875, 4.224671658851334e-18, nan 
168.375, 72.875, 2.0469273527661227e-18, nan 
168.625, 72.875, 1.1526198956808334e-18, nan 
168.875, 72.875, 1.047104556882883e-18, nan 
169.125, 72.875, 1.1893483659619395e-18, nan 
169.375, 72.875, 5.563852771829217e-19, nan 
169.625, 72.875, 4.466155287975268e-19, nan 
169.875, 72.875, 1.8849759512165953e-19, nan 
170.125, 72.875, 1.2221663946993035e-19, nan 
170.375, 72.875, 1.9469574759910602e-19, nan 
170.625, 72.875, 1.4530028747989887e-19, nan 
170.875, 72.875, 9.777097040109953e-20, nan 
171.125, 72.875, 1.5504183589977055e-19, nan 
171.375, 72.875, 1.390894959817787e-19, nan 
171.625, 72.875, 9.540084452026954e-20, nan 
171.875, 72.875, 7.174723790630071e-20, nan 
172.125, 72.875, 5.978996723485709e-20, nan 
172.375, 72.875, 4.086519826174547e-20, nan 
172.625, 72.875, 2.4465857280043754e-20, nan 
172.875, 72.875, 2.9150811474318226e-20, nan 
173.125, 72.875, 2.2994622570760138e-20, nan 
173.375, 72.875, 1.743905928374457e-20, nan 
173.625, 72.875, 1.2217746099994184e-20, nan 
173.875, 72.875, 1.382563493512061e-20, nan 
174.125, 72.875, 1.3174179439599427e-20, nan 
174.375, 72.875, 8.11422234993266e-21, nan 
174.625, 72.875, 1.0310309107940784e-20, nan 
174.875, 72.875, 8.394466489465299e-21, nan 
175.125, 72.875, 6.6728089879292975e-21, nan 
175.375, 72.875, 5.959016931860099e-21, nan 
175.625, 72.875, 5.314003519908329e-21, nan 
175.875, 72.875, 2.9280594238010468e-21, nan 
176.125, 72.875, 6.798638112005577e-22, nan 
176.375, 72.875, 4.535170140362494e-21, nan 
176.625, 72.875, 4.445162896507908e-21, nan 
176.875, 72.875, 4.1594073022539886e-21, nan 
177.125, 72.875, 6.247769899867621e-21, nan 
177.375, 72.875, 1.105462301908952e-20, nan 
177.625, 72.875, 9.518808395930864e-21, nan 
177.875, 72.875, 1.0680056608155025e-20, nan 
178.125, 72.875, 9.095950267426912e-21, nan 
178.375, 72.875, 8.985792141825796e-21, nan 
178.625, 72.875, 6.7188246658491126e-21, nan 
178.875, 72.875, 7.706436264586382e-21, nan 
179.125, 72.875, 6.616709277787571e-21, nan 
179.375, 72.875, 3.2808898676390783e-21, nan 
179.625, 72.875, 2.919929267729102e-21, nan 
179.875, 72.875, 3.1442173939629494e-21, nan 
-179.875, 73.125, 4.4773452854145354e-21, nan 
-179.625, 73.125, 3.394274512439049e-21, nan 
-179.375, 73.125, 1.955337056286122e-21, nan 
-179.125, 73.125, 1.5587794048484407e-21, nan 
-178.875, 73.125, 1.4230121121377333e-21, nan 
-178.625, 73.125, 2.6928757038583182e-21, nan 
-178.375, 73.125, 1.6253073717373143e-21, nan 
-178.125, 73.125, 1.3487199739531996e-21, nan 
-177.875, 73.125, 2.3147423652150164e-21, nan 
-177.625, 73.125, 1.915196986753584e-21, nan 
-177.375, 73.125, 1.4098447727999574e-21, nan 
-177.125, 73.125, 7.823264676830816e-22, nan 
-176.875, 73.125, 1.2354702025223431e-21, nan 
-176.625, 73.125, 1.1760144965745696e-21, nan 
-176.375, 73.125, 2.168653124033154e-22, nan 
-176.125, 73.125, 6.703472173803981e-22, nan 
-175.875, 73.125, 6.970424997548074e-22, nan 
-175.625, 73.125, 9.76085939171338e-22, nan 
-175.375, 73.125, 1.1464602983510572e-21, nan 
-175.125, 73.125, 9.848287729098749e-22, nan 
-174.875, 73.125, 1.3309504789163631e-21, nan 
-174.625, 73.125, 6.823996133263151e-22, nan 
-174.375, 73.125, 7.604101070734668e-22, nan 
-174.125, 73.125, 1.579202553630595e-21, nan 
-173.875, 73.125, 1.0437402685072772e-21, nan 
-173.625, 73.125, 1.4643689409262267e-21, nan 
-173.375, 73.125, 1.5850135474022662e-21, nan 
-173.125, 73.125, 1.7147170776234158e-21, nan 
-172.875, 73.125, 1.1936453546050347e-21, nan 
-172.625, 73.125, 1.1179634718533864e-21, nan 
-172.375, 73.125, 7.315871431156206e-22, nan 
-172.125, 73.125, 5.740779602076827e-22, nan 
-171.875, 73.125, 6.463353561909973e-22, nan 
-171.625, 73.125, 8.800930192022e-22, nan 
-171.375, 73.125, 8.501466155946818e-22, nan 
-171.125, 73.125, 1.0684549603869568e-21, nan 
-170.875, 73.125, 8.877321995842276e-22, nan 
-170.625, 73.125, 9.36261145790453e-22, nan 
-170.375, 73.125, 9.168822449981142e-22, nan 
-170.125, 73.125, 9.00950063123139e-22, nan 
-169.875, 73.125, 8.056794456619682e-22, nan 
-169.625, 73.125, 5.206871110511763e-22, nan 
-169.375, 73.125, 9.53580072484569e-22, nan 
-169.125, 73.125, 6.257607346586956e-22, nan 
-168.875, 73.125, 3.119428243098804e-22, nan 
-168.625, 73.125, 6.306425077708625e-22, nan 
-168.375, 73.125, 4.0322248816567814e-22, nan 
-168.125, 73.125, 1.401031156838196e-22, nan 
-167.875, 73.125, 2.5522785418198374e-22, nan 
-167.625, 73.125, 1.9732424257765492e-22, nan 
-167.375, 73.125, 1.9652286246245633e-22, nan 
-167.125, 73.125, 2.6465500124041486e-22, nan 
-166.875, 73.125, 3.098548615836809e-22, nan 
-166.625, 73.125, 2.793617650474594e-22, nan 
-166.375, 73.125, 4.199044601109309e-22, nan 
-166.125, 73.125, 3.784656662640087e-22, nan 
-165.875, 73.125, 3.656127245469964e-22, nan 
-165.625, 73.125, 3.014243354544347e-22, nan 
-165.375, 73.125, 3.617885260996097e-22, nan 
-165.125, 73.125, 3.8217506948052037e-22, nan 
-164.875, 73.125, 4.1215931421663434e-22, nan 
-164.625, 73.125, 3.6593186132377037e-22, nan 
-164.375, 73.125, 4.5281200162092305e-22, nan 
-164.125, 73.125, 3.700019086081429e-22, nan 
-163.875, 73.125, 3.130388094145383e-22, nan 
-163.625, 73.125, 3.089185274955683e-22, nan 
-163.375, 73.125, 2.9369924133892536e-22, nan 
-163.125, 73.125, 2.0828341267349961e-22, nan 
-162.875, 73.125, 2.6248550223127294e-22, nan 
-162.625, 73.125, 2.1001199847920921e-22, nan 
-162.375, 73.125, 1.805062411531484e-22, nan 
-162.125, 73.125, 3.524872798632133e-22, nan 
-161.875, 73.125, 2.648549349261482e-22, nan 
-161.625, 73.125, 1.6397688078576893e-22, nan 
-161.375, 73.125, 2.268644120364284e-22, nan 
-161.125, 73.125, 2.263062395774596e-22, nan 
-160.875, 73.125, 1.996956322295027e-22, nan 
-160.625, 73.125, 1.7814756381242216e-22, nan 
-160.375, 73.125, 1.7226094694269334e-22, nan 
-160.125, 73.125, 1.6278080236799979e-22, nan 
-159.875, 73.125, 1.539805396496115e-22, nan 
-159.625, 73.125, 1.3319418852221858e-22, nan 
-159.375, 73.125, 2.4909153379042033e-22, nan 
-159.125, 73.125, 1.8214369847884344e-22, nan 
-158.875, 73.125, 2.0126344736946146e-22, nan 
-158.625, 73.125, 3.040668253854244e-22, nan 
-158.375, 73.125, 2.889960150430183e-22, nan 
-158.125, 73.125, 6.683694031210996e-22, nan 
-157.875, 73.125, 7.369650861358017e-22, nan 
-157.625, 73.125, 7.621744521934619e-22, nan 
-157.375, 73.125, 6.013317255690543e-22, nan 
-157.125, 73.125, 3.8149840979845027e-22, nan 
-156.875, 73.125, 2.896756023099902e-22, nan 
-156.625, 73.125, 1.7970196078613233e-22, nan 
-156.375, 73.125, 1.2249088068054727e-22, nan 
-156.125, 73.125, 1.5845848340843625e-22, nan 
-155.875, 73.125, 1.602668555608907e-22, nan 
-155.625, 73.125, 1.7684722442289944e-22, nan 
-155.375, 73.125, 1.7849235938630438e-22, nan 
-155.125, 73.125, 1.535038339091408e-22, nan 
-154.875, 73.125, 1.3765628288202064e-22, nan 
-154.625, 73.125, 3.101575291103958e-22, nan 
-154.375, 73.125, 1.9677355539562473e-22, nan 
-154.125, 73.125, 1.687349787394071e-22, nan 
-153.875, 73.125, 2.3333187959020006e-22, nan 
-153.625, 73.125, 2.552253921556708e-22, nan 
-153.375, 73.125, 1.7726187423881578e-22, nan 
-153.125, 73.125, 2.6399423610164945e-22, nan 
-152.875, 73.125, 2.87897994731656e-22, nan 
-152.625, 73.125, 2.607951553750577e-22, nan 
-152.375, 73.125, 3.0494239652308284e-22, nan 
-152.125, 73.125, 2.9082779621376595e-22, nan 
-151.875, 73.125, 2.616181499929849e-22, nan 
-151.625, 73.125, 4.498960898441279e-23, nan 
-151.375, 73.125, 5.415749752937358e-23, nan 
-151.125, 73.125, 9.065611990888362e-23, nan 
-150.875, 73.125, 1.0817205258285116e-22, nan 
-150.625, 73.125, 7.448956624509683e-23, nan 
-150.375, 73.125, 1.163855752478532e-22, nan 
-150.125, 73.125, 1.8281120023012366e-22, nan 
-149.875, 73.125, 2.1191567385376744e-22, nan 
-149.625, 73.125, 2.2054471482938595e-22, nan 
-149.375, 73.125, 2.1373230161624314e-22, nan 
-149.125, 73.125, 2.652655002793341e-22, nan 
-148.875, 73.125, 2.929029448278455e-22, nan 
-148.625, 73.125, 1.7652578604384808e-22, nan 
-148.375, 73.125, 1.3888451352487675e-22, nan 
-148.125, 73.125, 1.8094125200363854e-22, nan 
-147.875, 73.125, 1.0165311227384635e-22, nan 
-147.625, 73.125, 1.9343576302965595e-22, nan 
-147.375, 73.125, 1.40839782751541e-22, nan 
-147.125, 73.125, 1.3211652352880171e-22, nan 
-146.875, 73.125, 1.38202415923593e-22, nan 
-146.625, 73.125, 1.2490053773332671e-22, nan 
-146.375, 73.125, 1.7660874449728383e-22, nan 
-146.125, 73.125, 1.1844543339340918e-22, nan 
-145.875, 73.125, 1.0354976257116868e-22, nan 
-145.625, 73.125, 1.2779885775655517e-22, nan 
-145.375, 73.125, 1.2410128870681306e-22, nan 
-145.125, 73.125, 1.7105846539891607e-22, nan 
-144.875, 73.125, 1.4669177332888722e-22, nan 
-144.625, 73.125, 1.865270333244377e-22, nan 
-144.375, 73.125, 1.716484464342345e-22, nan 
-144.125, 73.125, 1.491543601201732e-22, nan 
-143.875, 73.125, 7.848113533475489e-23, nan 
-143.625, 73.125, 1.0041031167921412e-22, nan 
-143.375, 73.125, 1.363813299389088e-22, nan 
-143.125, 73.125, 1.6421455936320502e-22, nan 
-142.875, 73.125, 8.038495057613929e-23, nan 
-142.625, 73.125, 1.9759974346519515e-22, nan 
-142.375, 73.125, 1.63745625088678e-22, nan 
-142.125, 73.125, 1.368218938853516e-22, nan 
-141.875, 73.125, 1.6796704757359158e-22, nan 
-141.625, 73.125, 1.1765116772804633e-22, nan 
-141.375, 73.125, 4.587180298607023e-23, nan 
-141.125, 73.125, 6.980692104909898e-23, nan 
-140.875, 73.125, 6.499570515113468e-23, nan 
-140.625, 73.125, 5.964041609607959e-23, nan 
-140.375, 73.125, 5.626239250049914e-23, nan 
-140.125, 73.125, 5.889933926966186e-23, nan 
-139.875, 73.125, 2.780498001722105e-23, nan 
-139.625, 73.125, 3.0451312254317625e-23, nan 
-139.375, 73.125, 4.081878743703355e-23, nan 
-139.125, 73.125, 9.349756530318774e-23, nan 
-138.875, 73.125, 8.484004851171257e-23, nan 
-138.625, 73.125, 4.406898795913079e-23, nan 
-138.375, 73.125, 9.347584828523628e-23, nan 
-138.125, 73.125, 9.108510671230178e-23, nan 
-137.875, 73.125, 6.178316838691111e-23, nan 
-137.625, 73.125, 6.995940488913826e-23, nan 
-137.375, 73.125, 8.031348242365671e-23, nan 
-137.125, 73.125, 4.89665176099507e-23, nan 
-136.875, 73.125, 5.630548736382998e-23, nan 
-136.625, 73.125, 6.363302683614193e-23, nan 
-136.375, 73.125, 3.547563971726499e-23, nan 
-136.125, 73.125, 2.297878176798146e-23, nan 
-135.875, 73.125, 3.3949459462572124e-23, nan 
-135.625, 73.125, 3.219758155407477e-23, nan 
-135.375, 73.125, 3.910175711019893e-23, nan 
-135.125, 73.125, 5.012468233943992e-23, nan 
-134.875, 73.125, 3.2955176300860035e-23, nan 
-134.625, 73.125, 2.688106223735339e-23, nan 
-134.375, 73.125, 2.2133085143404353e-23, nan 
-134.125, 73.125, 2.4472474004526036e-23, nan 
-133.875, 73.125, 5.081275923714206e-23, nan 
-133.625, 73.125, 5.676383294748818e-23, nan 
-133.375, 73.125, 5.793602453910282e-23, nan 
-133.125, 73.125, 6.887881498478702e-23, nan 
-132.875, 73.125, 5.695705028665943e-23, nan 
-132.625, 73.125, 4.5426086724133156e-23, nan 
-132.375, 73.125, 2.831202521805351e-23, nan 
-132.125, 73.125, 2.1021609842203598e-23, nan 
-131.875, 73.125, 1.5950157846776368e-23, nan 
-131.625, 73.125, 2.8005744736866707e-23, nan 
-131.375, 73.125, 5.527715373831073e-23, nan 
-131.125, 73.125, 3.699503370108994e-23, nan 
-130.875, 73.125, 4.390571247521015e-23, nan 
-130.625, 73.125, 7.690080544619136e-23, nan 
-130.375, 73.125, 3.840337596166132e-23, nan 
-130.125, 73.125, 4.67173113668797e-23, nan 
-129.875, 73.125, 6.951052899034942e-23, nan 
-129.625, 73.125, 8.578509355259802e-23, nan 
-129.375, 73.125, 8.579757648903678e-23, nan 
-129.125, 73.125, 7.43199639651604e-23, nan 
-128.875, 73.125, 7.254085471761806e-23, nan 
-128.625, 73.125, 5.176672772255855e-23, nan 
-128.375, 73.125, 5.792055021811901e-23, nan 
-128.125, 73.125, 3.2446950273992045e-23, nan 
-127.875, 73.125, 4.7802736822215545e-23, nan 
-127.625, 73.125, 3.044621264517778e-23, nan 
-127.375, 73.125, 1.7053811408447927e-23, nan 
-127.125, 73.125, 4.818237216509428e-23, nan 
-126.875, 73.125, 4.96982124600552e-23, nan 
-126.625, 73.125, 6.8447464940753e-23, nan 
-126.375, 73.125, 1.2336401857554618e-22, nan 
-126.125, 73.125, 1.6763338518734832e-22, nan 
-125.875, 73.125, 1.5758101835536015e-22, nan 
-125.625, 73.125, 1.2128372466268083e-22, nan 
-125.375, 73.125, 1.7044585964256559e-22, nan 
-125.125, 73.125, 1.2227232722118028e-22, nan 
-124.875, 73.125, 1.0044822643929885e-22, nan 
-124.625, 73.125, 1.2123528964100478e-22, nan 
-124.375, 73.125, 9.757440429900751e-23, nan 
-124.125, 73.125, 1.2190285111678576e-22, nan 
-123.875, 73.125, 1.1113033116006905e-22, nan 
-123.625, 73.125, 8.631457483238243e-23, nan 
-123.375, 73.125, 9.853915455409881e-23, nan 
-123.125, 73.125, 5.308834520372157e-23, nan 
-122.875, 73.125, 1.0870827696908553e-22, nan 
-122.625, 73.125, 1.427659391738933e-22, nan 
-122.375, 73.125, 8.323962172878236e-23, nan 
-122.125, 73.125, 8.356455982958655e-23, nan 
-121.875, 73.125, 1.0160088818351321e-22, nan 
-121.625, 73.125, 8.605957746593332e-23, nan 
-121.375, 73.125, 7.023086603176479e-23, nan 
-121.125, 73.125, 6.725026652766387e-23, nan 
-120.875, 73.125, 9.311716159709353e-23, nan 
-120.625, 73.125, 8.987802516037459e-23, nan 
-120.375, 73.125, 2.6435972883914663e-23, nan 
-120.125, 73.125, 1.8437580544408346e-23, nan 
-119.875, 73.125, 1.1669790884264431e-23, nan 
-119.625, 73.125, 1.3023522337918758e-23, nan 
-119.375, 73.125, 5.525568516107188e-23, nan 
-119.125, 73.125, 8.533957696013944e-23, nan 
-118.875, 73.125, 8.103677371697782e-23, nan 
-118.625, 73.125, 4.5329704424901894e-23, nan 
-118.375, 73.125, 6.168071669361659e-23, nan 
-118.125, 73.125, 7.239939863932302e-23, nan 
-117.875, 73.125, 3.341275813359139e-23, nan 
-117.625, 73.125, 5.0522521130113657e-23, nan 
-117.375, 73.125, 5.2001096571960335e-23, nan 
-117.125, 73.125, 2.622311938596482e-23, nan 
-116.875, 73.125, 5.016365830977109e-23, nan 
-116.625, 73.125, 6.256495966496118e-23, nan 
-116.375, 73.125, 4.334893400744677e-23, nan 
-116.125, 73.125, 8.446889782265046e-23, nan 
-115.875, 73.125, 8.063923388668525e-23, nan 
-115.625, 73.125, 6.039361006018155e-23, nan 
-115.375, 73.125, 1.0946218064335124e-22, nan 
-115.125, 73.125, 1.145466852954368e-22, nan 
-114.875, 73.125, 8.815080833963211e-23, nan 
-114.625, 73.125, 4.98948460256302e-23, nan 
-114.375, 73.125, 6.17614890284454e-23, nan 
-114.125, 73.125, 6.821953716603557e-23, nan 
-113.875, 73.125, 3.496155307380146e-23, nan 
-113.625, 73.125, 1.1330629278435152e-23, nan 
-113.375, 73.125, 2.184376803423379e-23, nan 
-113.125, 73.125, 1.7875608944207206e-23, nan 
-112.875, 73.125, 2.244839816507799e-23, nan 
-112.625, 73.125, 2.0692041512734898e-23, nan 
-112.375, 73.125, 1.8979264742777086e-23, nan 
-112.125, 73.125, 1.4058094990519525e-23, nan 
-111.875, 73.125, 2.019118923714273e-23, nan 
-111.625, 73.125, 2.461236089938731e-23, nan 
-111.375, 73.125, 2.4919546460343053e-23, nan 
-111.125, 73.125, 2.190947813960508e-23, nan 
-110.875, 73.125, 2.515466231569893e-23, nan 
-110.625, 73.125, 2.3639315273721246e-23, nan 
82.625, 73.125, 3.859648115993695e-24, nan 
82.875, 73.125, 6.352602457561945e-24, nan 
83.125, 73.125, 1.4702011832744027e-23, nan 
83.375, 73.125, 2.50427620073302e-24, nan 
83.625, 73.125, 3.328455764488753e-24, nan 
83.875, 73.125, 6.731781243017849e-24, nan 
84.125, 73.125, 3.312583461445386e-24, nan 
84.375, 73.125, 3.26977602738417e-24, nan 
84.625, 73.125, 6.98372953732843e-24, nan 
84.875, 73.125, 1.1958672223423746e-23, nan 
85.125, 73.125, 8.847243776258178e-24, nan 
85.375, 73.125, 7.018774288695027e-24, nan 
85.625, 73.125, 8.585995809500107e-24, nan 
85.875, 73.125, 1.2552752028107702e-23, nan 
86.125, 73.125, 1.109755938027614e-23, nan 
86.375, 73.125, 1.0670693388910169e-23, nan 
86.625, 73.125, 2.2234817851082166e-23, nan 
86.875, 73.125, 1.790290946556628e-23, nan 
87.125, 73.125, 1.6988139884826693e-23, nan 
87.375, 73.125, 1.4805375385953145e-23, nan 
87.625, 73.125, 1.2291369168368627e-23, nan 
87.875, 73.125, 1.377599651659285e-23, nan 
88.125, 73.125, 1.4875556613647e-23, nan 
88.375, 73.125, 1.2549898322081021e-23, nan 
88.625, 73.125, 1.0013248005126305e-23, nan 
88.875, 73.125, 7.459976450087572e-24, nan 
89.125, 73.125, 1.152636708752899e-23, nan 
89.375, 73.125, 1.0150074495284553e-23, nan 
89.625, 73.125, 1.3852477674798527e-23, nan 
89.875, 73.125, 1.1255204867544145e-23, nan 
90.125, 73.125, 1.1616225284636545e-23, nan 
90.375, 73.125, 1.001893800737571e-23, nan 
90.625, 73.125, 1.4013823983660298e-23, nan 
90.875, 73.125, 1.7757435224951374e-23, nan 
91.125, 73.125, 1.9782813528110655e-23, nan 
91.375, 73.125, 1.47917708167638e-23, nan 
91.625, 73.125, 1.3075903473819024e-23, nan 
91.875, 73.125, 1.4649063490246244e-23, nan 
92.125, 73.125, 1.4467788913556498e-23, nan 
92.375, 73.125, 2.7454249440926386e-23, nan 
92.625, 73.125, 2.5283606749948624e-23, nan 
92.875, 73.125, 2.2713657852995406e-23, nan 
93.125, 73.125, 2.445164185169135e-23, nan 
93.375, 73.125, 3.202834573190644e-23, nan 
93.625, 73.125, 3.959785623136431e-23, nan 
93.875, 73.125, 3.367109395601398e-23, nan 
94.125, 73.125, 3.310914078506181e-23, nan 
94.375, 73.125, 3.1018568735405534e-23, nan 
94.625, 73.125, 3.482458777411171e-23, nan 
94.875, 73.125, 4.042705632075677e-23, nan 
95.125, 73.125, 2.2599615949485268e-23, nan 
95.375, 73.125, 1.6011923378572165e-23, nan 
95.625, 73.125, 2.034606669990699e-23, nan 
95.875, 73.125, 1.8308544779374274e-23, nan 
96.125, 73.125, 1.485359532998743e-23, nan 
96.375, 73.125, 1.640144279262463e-23, nan 
96.625, 73.125, 2.9194282017633393e-23, nan 
96.875, 73.125, 3.3472968907014204e-23, nan 
97.125, 73.125, 4.004009946738472e-23, nan 
97.375, 73.125, 3.501099818773982e-23, nan 
97.625, 73.125, 3.932549137570386e-23, nan 
97.875, 73.125, 4.483818621566427e-23, nan 
98.125, 73.125, 3.388073951839166e-23, nan 
98.375, 73.125, 1.8948064106391716e-23, nan 
98.625, 73.125, 2.0490498002693182e-23, nan 
98.875, 73.125, 1.9762138875183533e-23, nan 
99.125, 73.125, 2.0339863733660413e-23, nan 
99.375, 73.125, 2.1798700876436233e-23, nan 
99.625, 73.125, 1.9940524582829446e-23, nan 
99.875, 73.125, 2.1678754258778236e-23, nan 
100.125, 73.125, 2.1795621511667328e-23, nan 
100.375, 73.125, 1.7889691617010947e-23, nan 
100.625, 73.125, 7.423894204700123e-24, nan 
100.875, 73.125, 1.6938682881798692e-23, nan 
101.125, 73.125, 1.61989948565454e-23, nan 
101.375, 73.125, 4.9961241191353555e-24, nan 
101.625, 73.125, 5.68387262427509e-24, nan 
101.875, 73.125, 9.344094493076181e-24, nan 
102.125, 73.125, 1.3541294001750612e-23, nan 
102.375, 73.125, 1.5574712848222717e-23, nan 
102.625, 73.125, 1.880520603213897e-23, nan 
102.875, 73.125, 1.657458120585117e-23, nan 
103.125, 73.125, 1.4833708307914782e-23, nan 
103.375, 73.125, 1.5515502769187765e-23, nan 
103.625, 73.125, 1.2225790657056745e-23, nan 
103.875, 73.125, 1.0410559958834111e-23, nan 
104.125, 73.125, 1.1952326566300242e-23, nan 
104.375, 73.125, 1.4686662430810325e-23, nan 
104.625, 73.125, 9.009299146461737e-24, nan 
104.875, 73.125, 1.234647396525522e-23, nan 
105.125, 73.125, 2.046652306808212e-23, nan 
105.375, 73.125, 1.2325699587998711e-23, nan 
105.625, 73.125, 1.1662793492069922e-23, nan 
105.875, 73.125, 2.256241466209214e-23, nan 
106.125, 73.125, 2.4583879958970517e-23, nan 
106.375, 73.125, 2.1936521219992557e-23, nan 
106.625, 73.125, 2.353476332369565e-23, nan 
106.875, 73.125, 3.575636904796128e-23, nan 
107.125, 73.125, 4.2604873324787883e-23, nan 
107.375, 73.125, 4.4265937913753595e-23, nan 
107.625, 73.125, 5.996415634178815e-23, nan 
107.875, 73.125, 5.974790289444122e-23, nan 
108.125, 73.125, 5.84202248849946e-23, nan 
108.375, 73.125, 5.602681177836393e-23, nan 
108.625, 73.125, 3.254741866103473e-23, nan 
108.875, 73.125, 1.924463517039351e-23, nan 
109.125, 73.125, 1.6580438840694293e-23, nan 
109.375, 73.125, 1.3433176677963826e-23, nan 
109.625, 73.125, 1.8686688437768594e-23, nan 
109.875, 73.125, 1.5443184229285157e-23, nan 
110.125, 73.125, 2.7011599383181746e-23, nan 
110.375, 73.125, 3.41665575125722e-23, nan 
110.625, 73.125, 3.13120322723607e-23, nan 
110.875, 73.125, 3.35537548666145e-23, nan 
111.125, 73.125, 3.6052589795090796e-23, nan 
111.375, 73.125, 3.07941374604735e-23, nan 
111.625, 73.125, 2.1289248778424178e-23, nan 
111.875, 73.125, 2.5681542302535104e-23, nan 
112.125, 73.125, 2.4655974352285472e-23, nan 
112.375, 73.125, 2.9459121567116616e-23, nan 
112.625, 73.125, 3.037806476548083e-23, nan 
112.875, 73.125, 2.2795113270358892e-23, nan 
113.125, 73.125, 2.2190701582263603e-23, nan 
113.375, 73.125, 1.505356808501619e-23, nan 
113.625, 73.125, 2.670174398143951e-23, nan 
113.875, 73.125, 3.67246434852557e-23, nan 
114.125, 73.125, 2.7684655613941446e-23, nan 
114.375, 73.125, 3.159366545479689e-23, nan 
114.625, 73.125, 2.49460152121388e-23, nan 
114.875, 73.125, 2.4375820603974098e-23, nan 
115.125, 73.125, 4.742254843272344e-23, nan 
115.375, 73.125, 3.793907971797493e-23, nan 
115.625, 73.125, 4.658062978481524e-23, nan 
115.875, 73.125, 3.011822166416865e-23, nan 
116.125, 73.125, 3.786182888549949e-23, nan 
116.375, 73.125, 2.864845457548421e-23, nan 
116.625, 73.125, 2.1751143523545632e-23, nan 
116.875, 73.125, 2.283544751819858e-23, nan 
117.125, 73.125, 2.646336388243804e-23, nan 
117.375, 73.125, 1.792071631453684e-23, nan 
117.625, 73.125, 2.801335669433502e-23, nan 
117.875, 73.125, 2.97145156326865e-23, nan 
118.125, 73.125, 4.322229547466367e-23, nan 
118.375, 73.125, 3.192588915599792e-23, nan 
118.625, 73.125, 3.376896944489554e-23, nan 
118.875, 73.125, 3.575849868392305e-23, nan 
119.125, 73.125, 3.093348549691297e-23, nan 
119.375, 73.125, 4.0532808630082475e-23, nan 
119.625, 73.125, 3.2593927636671e-23, nan 
119.875, 73.125, 5.11517682142042e-23, nan 
120.125, 73.125, 6.201184382782073e-23, nan 
120.375, 73.125, 4.184056152859085e-23, nan 
120.625, 73.125, 4.046041301135216e-23, nan 
120.875, 73.125, 5.499734067586672e-23, nan 
121.125, 73.125, 4.10043395273773e-23, nan 
121.375, 73.125, 3.3296496210990745e-23, nan 
121.625, 73.125, 4.545927649865588e-23, nan 
121.875, 73.125, 4.1265023763398367e-23, nan 
122.125, 73.125, 2.9169635564360766e-23, nan 
122.375, 73.125, 3.467869478367654e-23, nan 
122.625, 73.125, 3.9146162289351983e-23, nan 
122.875, 73.125, 3.415146074462705e-23, nan 
123.125, 73.125, 3.5905371329656e-23, nan 
123.375, 73.125, 4.8738706060005786e-23, nan 
123.625, 73.125, 2.682474480023661e-23, nan 
123.875, 73.125, 3.159923086548072e-23, nan 
124.125, 73.125, 4.133410592792631e-23, nan 
124.375, 73.125, 3.256736914229565e-23, nan 
124.625, 73.125, 3.2270036700249745e-23, nan 
124.875, 73.125, 5.1928911507706444e-23, nan 
125.125, 73.125, 5.718594222355813e-23, nan 
125.375, 73.125, 7.085096404276842e-23, nan 
125.625, 73.125, 8.249320825702324e-23, nan 
125.875, 73.125, 8.098751019716773e-23, nan 
126.125, 73.125, 8.816660910204783e-23, nan 
126.375, 73.125, 1.0282217435969254e-22, nan 
126.625, 73.125, 6.298209245368963e-23, nan 
126.875, 73.125, 7.102014434417885e-23, nan 
127.125, 73.125, 6.169989731128172e-23, nan 
127.375, 73.125, 5.835884214194291e-23, nan 
127.625, 73.125, 6.320866345823695e-23, nan 
127.875, 73.125, 4.247653324744595e-23, nan 
128.125, 73.125, 3.7909524073283325e-23, nan 
128.375, 73.125, 8.692305183403762e-23, nan 
128.625, 73.125, 4.152879657592836e-23, nan 
128.875, 73.125, 3.265611603216964e-23, nan 
129.125, 73.125, 9.658329292134846e-23, nan 
129.375, 73.125, 1.0344818012668298e-22, nan 
129.625, 73.125, 9.004088242509776e-23, nan 
129.875, 73.125, 1.0635750888347572e-22, nan 
130.125, 73.125, 1.0154335620921863e-22, nan 
130.375, 73.125, 1.5428219784914139e-22, nan 
130.625, 73.125, 2.2192013022114e-22, nan 
130.875, 73.125, 1.1755951727973016e-22, nan 
131.125, 73.125, 1.367653847161195e-22, nan 
131.375, 73.125, 2.0099228992584808e-22, nan 
131.625, 73.125, 1.4970522026393655e-22, nan 
131.875, 73.125, 1.7473388631001432e-22, nan 
132.125, 73.125, 2.237467920683451e-22, nan 
132.375, 73.125, 2.1408645941311084e-22, nan 
132.625, 73.125, 1.9353543583369975e-22, nan 
132.875, 73.125, 1.666431915573486e-22, nan 
133.125, 73.125, 2.4405789576880443e-22, nan 
133.375, 73.125, 1.7270882819751095e-22, nan 
133.625, 73.125, 1.6990772857011301e-22, nan 
133.875, 73.125, 1.6245429379635337e-22, nan 
134.125, 73.125, 1.30497116237434e-22, nan 
134.375, 73.125, 9.830272194157265e-23, nan 
134.625, 73.125, 1.3624890472601735e-22, nan 
134.875, 73.125, 1.3571386728353892e-22, nan 
135.125, 73.125, 1.1960247114929047e-22, nan 
135.375, 73.125, 1.1689742098780598e-22, nan 
135.625, 73.125, 1.514095261658882e-22, nan 
135.875, 73.125, 1.4920883403454087e-22, nan 
136.125, 73.125, 1.018231492765736e-22, nan 
136.375, 73.125, 1.5229207755254856e-22, nan 
136.625, 73.125, 5.207786992863592e-23, nan 
136.875, 73.125, 6.604771906922172e-23, nan 
137.125, 73.125, 7.154370573352103e-23, nan 
137.375, 73.125, 1.0973068758153862e-22, nan 
137.625, 73.125, 1.91236599680696e-22, nan 
137.875, 73.125, 2.41866504561873e-22, nan 
138.125, 73.125, 3.268651979467663e-22, nan 
138.375, 73.125, 5.071549182966012e-22, nan 
138.625, 73.125, 4.975110556383917e-22, nan 
138.875, 73.125, 4.832695488690061e-22, nan 
139.125, 73.125, 4.619858014644298e-22, nan 
139.375, 73.125, 3.665638454687051e-22, nan 
139.625, 73.125, 3.0949457048192614e-22, nan 
139.875, 73.125, 3.142153509145418e-22, nan 
140.125, 73.125, 4.383452348650766e-22, nan 
140.375, 73.125, 5.34001074765312e-22, nan 
140.625, 73.125, 5.612411928322127e-22, nan 
140.875, 73.125, 5.613195723100265e-22, nan 
141.125, 73.125, 2.3921071138386216e-22, nan 
141.375, 73.125, 2.4628798201965864e-22, nan 
141.625, 73.125, 3.337268516026246e-22, nan 
141.875, 73.125, 2.642950291987539e-22, nan 
142.125, 73.125, 3.321813048352365e-22, nan 
142.375, 73.125, 2.6056275194916103e-22, nan 
142.625, 73.125, 4.280003439799825e-22, nan 
142.875, 73.125, 3.7092080557314826e-22, nan 
143.125, 73.125, 3.0649156764805675e-22, nan 
143.375, 73.125, 4.770123502068218e-22, nan 
143.625, 73.125, 3.481371055057609e-22, nan 
143.875, 73.125, 2.840265287337691e-22, nan 
144.125, 73.125, 6.542441300193267e-22, nan 
144.375, 73.125, 8.31701795240683e-22, nan 
144.625, 73.125, 1.6003995917507654e-21, nan 
144.875, 73.125, 2.0952205447944073e-21, nan 
145.125, 73.125, 9.331160442320053e-22, nan 
145.375, 73.125, 7.687189770421588e-22, nan 
145.625, 73.125, 5.742597255502099e-22, nan 
145.875, 73.125, 6.329650623492867e-22, nan 
146.125, 73.125, 4.2169576756264243e-22, nan 
146.375, 73.125, 3.8909818591403264e-22, nan 
146.625, 73.125, 6.572285260399088e-22, nan 
146.875, 73.125, 7.5688132592397925e-22, nan 
147.125, 73.125, 7.210460604875551e-22, nan 
147.375, 73.125, 9.616634837158702e-22, nan 
147.625, 73.125, 1.4820391621698189e-21, nan 
147.875, 73.125, 1.5327371150938461e-21, nan 
148.125, 73.125, 1.3836974093400316e-21, nan 
148.375, 73.125, 1.3042885140287543e-21, nan 
148.625, 73.125, 1.4606518215608626e-21, nan 
148.875, 73.125, 9.563872694458707e-22, nan 
149.125, 73.125, 5.950985794394789e-22, nan 
149.375, 73.125, 9.308220274342061e-22, nan 
149.625, 73.125, 5.7548271372307445e-22, nan 
149.875, 73.125, 6.40817803904341e-22, nan 
150.125, 73.125, 9.586216813602138e-22, nan 
150.375, 73.125, 5.828759108071345e-22, nan 
150.625, 73.125, 5.773771455216467e-22, nan 
150.875, 73.125, 7.938407866100136e-22, nan 
151.125, 73.125, 1.4307256779005487e-21, nan 
151.375, 73.125, 1.7167289612350646e-21, nan 
151.625, 73.125, 1.1890074491344962e-21, nan 
151.875, 73.125, 1.690815999102166e-21, nan 
152.125, 73.125, 2.07669651675008e-21, nan 
152.375, 73.125, 1.1953027450196532e-21, nan 
152.625, 73.125, 8.49280523279992e-22, nan 
152.875, 73.125, 1.152405107616185e-21, nan 
153.125, 73.125, 1.5967443554620248e-21, nan 
153.375, 73.125, 1.7242018628766607e-21, nan 
153.625, 73.125, 2.290596533564142e-21, nan 
153.875, 73.125, 2.2670408653097674e-21, nan 
154.125, 73.125, 2.1997427952902587e-21, nan 
154.375, 73.125, 3.2603572486361686e-21, nan 
154.625, 73.125, 3.0701647418176687e-21, nan 
154.875, 73.125, 3.1709157370683954e-21, nan 
155.125, 73.125, 3.0521700881800584e-21, nan 
155.375, 73.125, 2.9349329523560343e-21, nan 
155.625, 73.125, 3.667317630293924e-21, nan 
155.875, 73.125, 3.6796529697169205e-21, nan 
156.125, 73.125, 3.782912140374299e-21, nan 
156.375, 73.125, 4.945507464432309e-21, nan 
156.625, 73.125, 4.7853063161163244e-21, nan 
156.875, 73.125, 4.581130592888525e-21, nan 
157.125, 73.125, 4.936873114754925e-21, nan 
157.375, 73.125, 5.802695526294602e-21, nan 
157.625, 73.125, 3.692395608821177e-21, nan 
157.875, 73.125, 3.993425436357592e-21, nan 
158.125, 73.125, 5.915558704739842e-21, nan 
158.375, 73.125, 4.2821006197329874e-21, nan 
158.625, 73.125, 6.021293707067389e-21, nan 
158.875, 73.125, 1.2482933347275527e-20, nan 
159.125, 73.125, 2.298049376731848e-20, nan 
159.375, 73.125, 2.715585916786384e-20, nan 
159.625, 73.125, 4.2934290513307874e-20, nan 
159.875, 73.125, 7.581878686343272e-20, nan 
160.125, 73.125, 9.989146430415499e-20, nan 
160.375, 73.125, 1.6205433258273498e-19, nan 
160.625, 73.125, 2.0375515510018387e-19, nan 
160.875, 73.125, 2.090252673695008e-19, nan 
161.125, 73.125, 2.433673977509035e-19, nan 
161.375, 73.125, 3.368085561419818e-19, nan 
161.625, 73.125, 2.903652494389718e-19, nan 
161.875, 73.125, 1.0254391952901505e-18, nan 
162.125, 73.125, 1.9475759011467196e-18, nan 
162.375, 73.125, 3.1064071132523994e-18, nan 
162.625, 73.125, 5.227006160894984e-18, nan 
162.875, 73.125, 1.0479155135366437e-17, nan 
163.125, 73.125, 8.889798451348853e-18, nan 
163.375, 73.125, 3.953855727907375e-18, nan 
163.625, 73.125, 3.317814621713958e-18, nan 
163.875, 73.125, 2.4402001954553997e-18, nan 
164.125, 73.125, 4.119103573279496e-18, nan 
164.375, 73.125, 1.4184110059732062e-18, nan 
164.625, 73.125, 1.548480719918571e-18, nan 
164.875, 73.125, 5.107165899666137e-18, nan 
165.125, 73.125, 1.079916661538577e-17, nan 
165.375, 73.125, 9.41840604296803e-18, nan 
165.625, 73.125, 9.3923143762047e-18, nan 
165.875, 73.125, 1.1114817647111902e-17, nan 
166.125, 73.125, 1.129913302771889e-17, nan 
166.375, 73.125, 1.3054050367555664e-17, nan 
166.625, 73.125, 1.2502870895196031e-17, nan 
166.875, 73.125, 1.1922321703347214e-17, nan 
167.125, 73.125, 1.5495289269949427e-17, nan 
167.375, 73.125, 1.8568373438104695e-17, nan 
167.625, 73.125, 8.422826000646518e-18, nan 
167.875, 73.125, 1.0700170318349071e-17, nan 
168.125, 73.125, 1.1902435404856275e-17, nan 
168.375, 73.125, 5.0897278420329936e-18, nan 
168.625, 73.125, 4.9525103298148244e-18, nan 
168.875, 73.125, 5.0623752620515285e-18, nan 
169.125, 73.125, 1.8603423999056195e-18, nan 
169.375, 73.125, 6.676143913111943e-19, nan 
169.625, 73.125, 2.885775452916922e-19, nan 
169.875, 73.125, 2.0558605414254324e-19, nan 
170.125, 73.125, 1.3950737433646323e-19, nan 
170.375, 73.125, 1.2347660341630556e-19, nan 
170.625, 73.125, 1.2307707866849265e-19, nan 
170.875, 73.125, 1.5128253014626322e-19, nan 
171.125, 73.125, 1.3233191625931656e-19, nan 
171.375, 73.125, 1.363529187858127e-19, nan 
171.625, 73.125, 1.1254522411569107e-19, nan 
171.875, 73.125, 4.698423089690041e-20, nan 
172.125, 73.125, 3.9073556818595005e-20, nan 
172.375, 73.125, 2.938317980959541e-20, nan 
172.625, 73.125, 1.9639388093608697e-20, nan 
172.875, 73.125, 2.907836368599235e-20, nan 
173.125, 73.125, 2.087062357417738e-20, nan 
173.375, 73.125, 2.0412820315371905e-20, nan 
173.625, 73.125, 1.0923532636552254e-20, nan 
173.875, 73.125, 9.042601481971651e-21, nan 
174.125, 73.125, 1.4544872943371565e-20, nan 
174.375, 73.125, 9.905963470180537e-21, nan 
174.625, 73.125, 1.4551607452031514e-20, nan 
174.875, 73.125, 8.042917158957293e-21, nan 
175.125, 73.125, 7.472562181873816e-21, nan 
175.375, 73.125, 1.1216902535599134e-20, nan 
175.625, 73.125, 6.207785451282041e-21, nan 
175.875, 73.125, 2.985236025309742e-21, nan 
176.125, 73.125, 2.3422404962034277e-21, nan 
176.375, 73.125, 1.924297617204063e-21, nan 
176.625, 73.125, 1.1805275125504026e-20, nan 
176.875, 73.125, 1.3513809509002218e-20, nan 
177.125, 73.125, 1.206188555240532e-20, nan 
177.375, 73.125, 1.3956473942765596e-20, nan 
177.625, 73.125, 1.4313658198682716e-20, nan 
177.875, 73.125, 5.119015193080897e-20, nan 
178.125, 73.125, 1.0699813583204149e-19, nan 
178.375, 73.125, 1.0320665330440522e-19, nan 
178.625, 73.125, 5.538727959387962e-20, nan 
178.875, 73.125, 9.74391240436605e-21, nan 
179.125, 73.125, 8.218640826808572e-21, nan 
179.375, 73.125, 6.5686762453649825e-21, nan 
179.625, 73.125, 6.516629014590607e-21, nan 
179.875, 73.125, 5.331061326937796e-21, nan 
-179.875, 73.375, 7.28220263498569e-21, nan 
-179.625, 73.375, 8.302099448544919e-21, nan 
-179.375, 73.375, 4.6168805969973e-21, nan 
-179.125, 73.375, 2.753864463921626e-21, nan 
-178.875, 73.375, 2.084607213793099e-21, nan 
-178.625, 73.375, 2.4611070546776593e-21, nan 
-178.375, 73.375, 1.8548945884750583e-21, nan 
-178.125, 73.375, 1.6350441190147712e-21, nan 
-177.875, 73.375, 1.9853332946273155e-21, nan 
-177.625, 73.375, 1.7666984267793674e-21, nan 
-177.375, 73.375, 1.8732535403512003e-21, nan 
-177.125, 73.375, 1.2036655057204749e-21, nan 
-176.875, 73.375, 6.375797998097015e-22, nan 
-176.625, 73.375, 1.3630706350187495e-21, nan 
-176.375, 73.375, 9.272915361500458e-22, nan 
-176.125, 73.375, 7.859299142227993e-22, nan 
-175.875, 73.375, 1.3923857433498335e-21, nan 
-175.625, 73.375, 7.21921381115661e-22, nan 
-175.375, 73.375, 7.126229937637446e-22, nan 
-175.125, 73.375, 1.6348889072792286e-21, nan 
-174.875, 73.375, 3.495675244232911e-21, nan 
-174.625, 73.375, 2.5154027870403417e-21, nan 
-174.375, 73.375, 2.8772195229210428e-21, nan 
-174.125, 73.375, 3.752800320785102e-21, nan 
-173.875, 73.375, 2.851945027086967e-21, nan 
-173.625, 73.375, 2.5452469868053074e-21, nan 
-173.375, 73.375, 2.1457397817566928e-21, nan 
-173.125, 73.375, 2.2545252439925055e-21, nan 
-172.875, 73.375, 1.777871635644172e-21, nan 
-172.625, 73.375, 1.872497949431294e-21, nan 
-172.375, 73.375, 1.7482275263221258e-21, nan 
-172.125, 73.375, 1.244029635939924e-21, nan 
-171.875, 73.375, 1.5470867477808567e-21, nan 
-171.625, 73.375, 1.3493565449091223e-21, nan 
-171.375, 73.375, 8.337798108585249e-22, nan 
-171.125, 73.375, 9.100791792079866e-22, nan 
-170.875, 73.375, 8.582405846879745e-22, nan 
-170.625, 73.375, 1.3510141548620416e-21, nan 
-170.375, 73.375, 1.7264075617227365e-21, nan 
-170.125, 73.375, 1.8728035959936758e-21, nan 
-169.875, 73.375, 2.270435845547993e-21, nan 
-169.625, 73.375, 1.396370105932128e-21, nan 
-169.375, 73.375, 1.3753186459997615e-21, nan 
-169.125, 73.375, 2.005966794941774e-21, nan 
-168.875, 73.375, 7.20059632276922e-22, nan 
-168.625, 73.375, 1.1680899599974756e-21, nan 
-168.375, 73.375, 1.6834868739540865e-21, nan 
-168.125, 73.375, 8.862872105463362e-22, nan 
-167.875, 73.375, 3.7408698614937937e-22, nan 
-167.625, 73.375, 4.353693910901825e-22, nan 
-167.375, 73.375, 2.379039103842713e-22, nan 
-167.125, 73.375, 1.1246337563273858e-22, nan 
-166.875, 73.375, 1.4140720641525557e-22, nan 
-166.625, 73.375, 1.4060543313959796e-22, nan 
-166.375, 73.375, 1.952260331892385e-22, nan 
-166.125, 73.375, 2.0816002594334262e-22, nan 
-165.875, 73.375, 3.3732242052359692e-22, nan 
-165.625, 73.375, 3.2687870755644907e-22, nan 
-165.375, 73.375, 3.14165842653736e-22, nan 
-165.125, 73.375, 2.793887052342726e-22, nan 
-164.875, 73.375, 2.2209650452319444e-22, nan 
-164.625, 73.375, 2.6599266410901296e-22, nan 
-164.375, 73.375, 4.482866360725104e-22, nan 
-164.125, 73.375, 3.184588479394287e-22, nan 
-163.875, 73.375, 3.170173961336369e-22, nan 
-163.625, 73.375, 3.574170431592816e-22, nan 
-163.375, 73.375, 3.2934408350643538e-22, nan 
-163.125, 73.375, 2.8509927723847484e-22, nan 
-162.875, 73.375, 2.282190453513325e-22, nan 
-162.625, 73.375, 2.6882448222234386e-22, nan 
-162.375, 73.375, 3.097046805943938e-22, nan 
-162.125, 73.375, 2.5537697492236885e-22, nan 
-161.875, 73.375, 2.243975628055361e-22, nan 
-161.625, 73.375, 3.9068051844557367e-22, nan 
-161.375, 73.375, 3.589939870945616e-22, nan 
-161.125, 73.375, 4.582096600296996e-22, nan 
-160.875, 73.375, 5.5449640764432485e-22, nan 
-160.625, 73.375, 4.1358369187733076e-22, nan 
-160.375, 73.375, 2.361473831651103e-22, nan 
-160.125, 73.375, 1.1807139929680048e-22, nan 
-159.875, 73.375, 1.6872860840132632e-22, nan 
-159.625, 73.375, 2.165644953494489e-22, nan 
-159.375, 73.375, 4.507366089598094e-22, nan 
-159.125, 73.375, 6.616076745062255e-22, nan 
-158.875, 73.375, 1.2081499904498349e-21, nan 
-158.625, 73.375, 7.812025398338559e-22, nan 
-158.375, 73.375, 8.075827937646902e-22, nan 
-158.125, 73.375, 1.3467908197123e-21, nan 
-157.875, 73.375, 1.2085174314311186e-21, nan 
-157.625, 73.375, 1.1699890049322158e-21, nan 
-157.375, 73.375, 7.972855476291447e-22, nan 
-157.125, 73.375, 7.5393846381019005e-22, nan 
-156.875, 73.375, 6.863849508241775e-22, nan 
-156.625, 73.375, 5.503755813349211e-22, nan 
-156.375, 73.375, 5.466221848550653e-22, nan 
-156.125, 73.375, 4.822152265389822e-22, nan 
-155.875, 73.375, 3.5962874929433866e-22, nan 
-155.625, 73.375, 2.0284830576720128e-22, nan 
-155.375, 73.375, 1.6136174061101705e-22, nan 
-155.125, 73.375, 1.610188128337818e-22, nan 
-154.875, 73.375, 1.3844518544999342e-22, nan 
-154.625, 73.375, 1.2403586925983188e-22, nan 
-154.375, 73.375, 9.595196708341914e-23, nan 
-154.125, 73.375, 2.3075471901778626e-22, nan 
-153.875, 73.375, 3.2860070653246245e-22, nan 
-153.625, 73.375, 2.877251580384568e-22, nan 
-153.375, 73.375, 2.488452202221979e-22, nan 
-153.125, 73.375, 4.1691219227783394e-22, nan 
-152.875, 73.375, 4.818231258834314e-22, nan 
-152.625, 73.375, 1.9537368155762424e-22, nan 
-152.375, 73.375, 3.870012850662736e-22, nan 
-152.125, 73.375, 4.252858498605851e-22, nan 
-151.875, 73.375, 2.977351437187472e-22, nan 
-151.625, 73.375, 1.2032553806722397e-22, nan 
-151.375, 73.375, 1.7466697727781022e-22, nan 
-151.125, 73.375, 1.1384163757724816e-22, nan 
-150.875, 73.375, 7.753311617087742e-23, nan 
-150.625, 73.375, 4.010284345931965e-23, nan 
-150.375, 73.375, 6.324706801920791e-23, nan 
-150.125, 73.375, 8.848093217974729e-23, nan 
-149.875, 73.375, 6.758739662163501e-23, nan 
-149.625, 73.375, 1.9785643771082453e-22, nan 
-149.375, 73.375, 1.4651949404118932e-22, nan 
-149.125, 73.375, 1.887217001566892e-22, nan 
-148.875, 73.375, 2.541242322182467e-22, nan 
-148.625, 73.375, 1.6611796047435268e-22, nan 
-148.375, 73.375, 1.479651627812495e-22, nan 
-148.125, 73.375, 3.1390209656109613e-22, nan 
-147.875, 73.375, 1.9999554511088312e-22, nan 
-147.625, 73.375, 1.5253659343171632e-22, nan 
-147.375, 73.375, 2.372098657442845e-22, nan 
-147.125, 73.375, 1.7525975672676816e-22, nan 
-146.875, 73.375, 9.474376676788788e-23, nan 
-146.625, 73.375, 1.1127985250180787e-22, nan 
-146.375, 73.375, 7.829139047110175e-23, nan 
-146.125, 73.375, 1.230135656567879e-22, nan 
-145.875, 73.375, 1.1213813819033278e-22, nan 
-145.625, 73.375, 6.668108820869423e-23, nan 
-145.375, 73.375, 1.0456446092586825e-22, nan 
-145.125, 73.375, 2.222912464980342e-22, nan 
-144.875, 73.375, 2.0199761413268233e-22, nan 
-144.625, 73.375, 1.863538244902857e-22, nan 
-144.375, 73.375, 3.091003456873758e-22, nan 
-144.125, 73.375, 1.7095785432892193e-22, nan 
-143.875, 73.375, 1.0123485979252173e-22, nan 
-143.625, 73.375, 1.8983617794289328e-22, nan 
-143.375, 73.375, 1.0794917286586018e-22, nan 
-143.125, 73.375, 1.4464479123298845e-22, nan 
-142.875, 73.375, 1.477546622199641e-22, nan 
-142.625, 73.375, 1.999456891854859e-22, nan 
-142.375, 73.375, 1.2597255249586402e-22, nan 
-142.125, 73.375, 2.224801248792612e-22, nan 
-141.875, 73.375, 1.5891938510913465e-22, nan 
-141.625, 73.375, 1.6470827006080315e-22, nan 
-141.375, 73.375, 1.6779715918208973e-22, nan 
-141.125, 73.375, 4.3857140319024844e-23, nan 
-140.875, 73.375, 2.659869174400545e-23, nan 
-140.625, 73.375, 5.519115057583296e-23, nan 
-140.375, 73.375, 3.775695721195882e-23, nan 
-140.125, 73.375, 3.4476032183887854e-23, nan 
-139.875, 73.375, 5.340212505810663e-23, nan 
-139.625, 73.375, 3.853659988060057e-23, nan 
-139.375, 73.375, 7.672453156041824e-23, nan 
-139.125, 73.375, 1.36001213744505e-22, nan 
-138.875, 73.375, 3.85083192559109e-23, nan 
-138.625, 73.375, 7.913365257300809e-23, nan 
-138.375, 73.375, 1.086837317302836e-22, nan 
-138.125, 73.375, 4.683361389381919e-23, nan 
-137.875, 73.375, 8.184204143816975e-23, nan 
-137.625, 73.375, 7.574057886816179e-23, nan 
-137.375, 73.375, 5.2022360960343883e-23, nan 
-137.125, 73.375, 9.182385088021653e-23, nan 
-136.875, 73.375, 8.567712701477562e-23, nan 
-136.625, 73.375, 5.562254198054379e-23, nan 
-136.375, 73.375, 3.272251073085406e-23, nan 
-136.125, 73.375, 2.7131570738009254e-23, nan 
-135.875, 73.375, 3.190024293350174e-23, nan 
-135.625, 73.375, 6.114656879791503e-23, nan 
-135.375, 73.375, 7.116747182182672e-23, nan 
-135.125, 73.375, 6.005195214933474e-23, nan 
-134.875, 73.375, 4.846325972183176e-23, nan 
-134.625, 73.375, 7.699060705831597e-23, nan 
-134.375, 73.375, 9.211808327916147e-23, nan 
-134.125, 73.375, 5.623099257493691e-23, nan 
-133.875, 73.375, 8.870030320655511e-23, nan 
-133.625, 73.375, 9.509811560290766e-23, nan 
-133.375, 73.375, 5.900166184161661e-23, nan 
-133.125, 73.375, 1.2593533527340776e-22, nan 
-132.875, 73.375, 1.0029642688258424e-22, nan 
-132.625, 73.375, 1.0811466378962558e-22, nan 
-132.375, 73.375, 1.3580456831081027e-22, nan 
-132.125, 73.375, 1.2456051953658583e-22, nan 
-131.875, 73.375, 1.2643816282186772e-22, nan 
-131.625, 73.375, 1.0074411318708638e-22, nan 
-131.375, 73.375, 9.009381472608482e-23, nan 
-131.125, 73.375, 5.253024370343578e-23, nan 
-130.875, 73.375, 5.751141968479345e-23, nan 
-130.625, 73.375, 6.130999484596656e-23, nan 
-130.375, 73.375, 7.654057889417723e-23, nan 
-130.125, 73.375, 8.994992109356854e-23, nan 
-129.875, 73.375, 7.003598824513704e-23, nan 
-129.625, 73.375, 5.127749878534715e-23, nan 
-129.375, 73.375, 1.0931945372243868e-22, nan 
-129.125, 73.375, 8.161592651494795e-23, nan 
-128.875, 73.375, 6.022516713697232e-23, nan 
-128.625, 73.375, 1.0862535004452523e-22, nan 
-128.375, 73.375, 7.473453229480964e-23, nan 
-128.125, 73.375, 4.646339441293869e-23, nan 
-127.875, 73.375, 7.57285233275585e-23, nan 
-127.625, 73.375, 4.2551575111314865e-23, nan 
-127.375, 73.375, 4.205765445480483e-23, nan 
-127.125, 73.375, 6.882052863160845e-23, nan 
-126.875, 73.375, 4.551620690881823e-23, nan 
-126.625, 73.375, 4.036114845972343e-23, nan 
-126.375, 73.375, 5.764467275575286e-23, nan 
-126.125, 73.375, 7.205558815259665e-23, nan 
-125.875, 73.375, 1.9393634339553323e-23, nan 
-125.625, 73.375, 6.217797463041253e-23, nan 
-125.375, 73.375, 9.990313884741652e-23, nan 
-125.125, 73.375, 9.563416259552758e-23, nan 
-124.875, 73.375, 1.3565094432922549e-22, nan 
-124.625, 73.375, 1.205576805284089e-22, nan 
-124.375, 73.375, 1.1497453584296298e-22, nan 
-124.125, 73.375, 1.3912312357616297e-22, nan 
-123.875, 73.375, 1.1139074095499857e-22, nan 
-123.625, 73.375, 1.0687681262721943e-22, nan 
-123.375, 73.375, 5.499798864343555e-23, nan 
-123.125, 73.375, 4.952126953312088e-23, nan 
-122.875, 73.375, 7.331828156184409e-23, nan 
-122.625, 73.375, 6.425189078044743e-23, nan 
-122.375, 73.375, 5.3504578586834e-23, nan 
-122.125, 73.375, 2.4667450096891746e-23, nan 
-121.875, 73.375, 2.173537515263667e-23, nan 
-121.625, 73.375, 3.237149177074976e-23, nan 
-121.375, 73.375, 3.2970854607757376e-23, nan 
-121.125, 73.375, 4.319036316613141e-23, nan 
-120.875, 73.375, 5.0387699027832755e-23, nan 
-120.625, 73.375, 6.71328177407224e-23, nan 
-120.375, 73.375, 3.8987928394116036e-23, nan 
-120.125, 73.375, 3.8300032749541246e-23, nan 
-119.875, 73.375, 6.222913698031488e-23, nan 
-119.625, 73.375, 5.977665990906984e-23, nan 
-119.375, 73.375, 4.328089729822264e-23, nan 
-119.125, 73.375, 5.503058873258156e-23, nan 
-118.875, 73.375, 4.867018876250574e-23, nan 
-118.625, 73.375, 3.0926546275225235e-23, nan 
-118.375, 73.375, 4.2195366833805375e-23, nan 
-118.125, 73.375, 3.4178706513822296e-23, nan 
-117.875, 73.375, 4.4309069092092765e-23, nan 
-117.625, 73.375, 3.393935074220393e-23, nan 
-117.375, 73.375, 2.2411263158773255e-23, nan 
-117.125, 73.375, 2.73215703103482e-23, nan 
-116.875, 73.375, 3.485591604585226e-23, nan 
-116.625, 73.375, 3.2469486684057407e-23, nan 
-116.375, 73.375, 3.724699137982437e-23, nan 
-116.125, 73.375, 4.80563679868896e-23, nan 
-115.875, 73.375, 1.925742986311321e-23, nan 
-115.625, 73.375, 3.4621757105981725e-23, nan 
-115.375, 73.375, 5.860368738490982e-23, nan 
-115.125, 73.375, 5.642774074697524e-23, nan 
-114.875, 73.375, 5.237727912677456e-23, nan 
-114.625, 73.375, 4.347707591473715e-23, nan 
-114.375, 73.375, 2.4105461709574213e-23, nan 
-114.125, 73.375, 2.2059432245752336e-23, nan 
-113.875, 73.375, 3.828586230894708e-23, nan 
-113.625, 73.375, 3.888166855906446e-23, nan 
-113.375, 73.375, 3.275108809377351e-23, nan 
-113.125, 73.375, 2.0707771217642642e-23, nan 
-112.875, 73.375, 1.2646012401126241e-23, nan 
-112.625, 73.375, 1.564097956595345e-23, nan 
-112.375, 73.375, 1.4298628757540924e-23, nan 
-112.125, 73.375, 1.1547566752811561e-23, nan 
-111.875, 73.375, 9.260590585366868e-24, nan 
-111.625, 73.375, 8.349889387788678e-24, nan 
-111.375, 73.375, 4.934984987370797e-24, nan 
-111.125, 73.375, 6.082537168755558e-24, nan 
-110.875, 73.375, 1.2657858392959797e-23, nan 
-110.625, 73.375, 2.2149613037680584e-23, nan 
-110.375, 73.375, 1.6121074783680378e-23, nan 
-110.125, 73.375, 1.1901614625230961e-23, nan 
82.125, 73.375, 1.7262631308142738e-23, nan 
82.375, 73.375, 1.4723313484539664e-23, nan 
82.625, 73.375, 1.455987668387389e-23, nan 
82.875, 73.375, 1.7434006281291485e-23, nan 
83.125, 73.375, 1.8091062340000345e-23, nan 
83.375, 73.375, 1.576461289355856e-23, nan 
83.625, 73.375, 1.5005453705331085e-23, nan 
83.875, 73.375, 1.6340187334425472e-23, nan 
84.125, 73.375, 1.1005101657483186e-23, nan 
84.375, 73.375, 5.988471848972232e-24, nan 
84.625, 73.375, 9.288030519456903e-24, nan 
84.875, 73.375, 9.981115495996355e-24, nan 
85.125, 73.375, 8.378333801180554e-24, nan 
85.375, 73.375, 5.678157702859411e-24, nan 
85.625, 73.375, 5.2545896999283625e-24, nan 
85.875, 73.375, 3.4138499944789954e-24, nan 
86.125, 73.375, 2.3572507306910098e-24, nan 
86.375, 73.375, 4.827219273374756e-24, nan 
86.625, 73.375, 4.126097895179542e-24, nan 
86.875, 73.375, 2.31939903620119e-24, nan 
87.125, 73.375, 4.5069931537121186e-24, nan 
87.375, 73.375, 6.333355867388271e-24, nan 
87.625, 73.375, 7.870181784397808e-24, nan 
87.875, 73.375, 9.158344944634687e-24, nan 
88.125, 73.375, 1.3626238101209926e-23, nan 
88.375, 73.375, 1.187756930138788e-23, nan 
88.625, 73.375, 1.3798229156288078e-23, nan 
88.875, 73.375, 1.426863626477814e-23, nan 
89.125, 73.375, 1.4839027812269216e-23, nan 
89.375, 73.375, 1.5989523597566936e-23, nan 
89.625, 73.375, 1.7714163696079888e-23, nan 
89.875, 73.375, 1.6229164617733224e-23, nan 
90.125, 73.375, 1.25349164713856e-23, nan 
90.375, 73.375, 1.5013583305340946e-23, nan 
90.625, 73.375, 2.0324104377637316e-23, nan 
90.875, 73.375, 2.196816502529702e-23, nan 
91.125, 73.375, 1.8220654598529338e-23, nan 
91.375, 73.375, 2.193215208769204e-23, nan 
91.625, 73.375, 2.416321406835772e-23, nan 
91.875, 73.375, 1.8708346952825418e-23, nan 
92.125, 73.375, 1.6419254215313812e-23, nan 
92.375, 73.375, 1.5251168247838348e-23, nan 
92.625, 73.375, 1.463628818594165e-23, nan 
92.875, 73.375, 1.4155357316390765e-23, nan 
93.125, 73.375, 1.583420413531968e-23, nan 
93.375, 73.375, 1.421200222258373e-23, nan 
93.625, 73.375, 1.925595548312953e-23, nan 
93.875, 73.375, 2.180411539993819e-23, nan 
94.125, 73.375, 2.9488870348898935e-23, nan 
94.375, 73.375, 3.344667396553219e-23, nan 
94.625, 73.375, 3.25871276545455e-23, nan 
94.875, 73.375, 3.5106569192852456e-23, nan 
95.125, 73.375, 2.3966595896718407e-23, nan 
95.375, 73.375, 2.2033884500409834e-23, nan 
95.625, 73.375, 3.9414093279924407e-23, nan 
95.875, 73.375, 1.8804719825269327e-23, nan 
96.125, 73.375, 2.928181458155145e-23, nan 
96.375, 73.375, 3.314433291119347e-23, nan 
96.625, 73.375, 3.3577762248598957e-23, nan 
96.875, 73.375, 3.687176177266767e-23, nan 
97.125, 73.375, 4.34014637112929e-23, nan 
97.375, 73.375, 3.7185372137713544e-23, nan 
97.625, 73.375, 4.725143601818407e-23, nan 
97.875, 73.375, 6.10490873021202e-23, nan 
98.125, 73.375, 4.915483362753964e-23, nan 
98.375, 73.375, 5.393960614865395e-23, nan 
98.625, 73.375, 6.247771389392633e-23, nan 
98.875, 73.375, 5.0609074367835625e-23, nan 
99.125, 73.375, 5.517077762507908e-23, nan 
99.375, 73.375, 5.858852831973098e-23, nan 
99.625, 73.375, 6.337673128374483e-23, nan 
99.875, 73.375, 5.784007225110727e-23, nan 
100.125, 73.375, 4.7009279007163777e-23, nan 
100.375, 73.375, 4.0144714244109536e-23, nan 
100.625, 73.375, 2.4010177579323173e-23, nan 
100.875, 73.375, 2.5103343664659873e-23, nan 
101.125, 73.375, 2.070980568420224e-23, nan 
101.375, 73.375, 1.8346499304341384e-23, nan 
101.625, 73.375, 2.247970248221949e-23, nan 
101.875, 73.375, 1.6905776662701934e-23, nan 
102.125, 73.375, 6.989150767029114e-24, nan 
102.375, 73.375, 1.6199813348020978e-23, nan 
102.625, 73.375, 2.1711012098973982e-23, nan 
102.875, 73.375, 2.1877250849075274e-23, nan 
103.125, 73.375, 2.1326705797616663e-23, nan 
103.375, 73.375, 2.1836773557557338e-23, nan 
103.625, 73.375, 1.9906660433315768e-23, nan 
103.875, 73.375, 2.366979402186008e-23, nan 
104.125, 73.375, 2.81488428982717e-23, nan 
104.375, 73.375, 1.1558539223805389e-23, nan 
104.625, 73.375, 1.428593378507549e-23, nan 
104.875, 73.375, 1.3182766326291569e-23, nan 
105.125, 73.375, 1.7399931174045602e-23, nan 
105.375, 73.375, 1.7150753192193126e-23, nan 
105.625, 73.375, 2.312618531698394e-23, nan 
105.875, 73.375, 2.4859318039715607e-23, nan 
106.125, 73.375, 2.694245765622923e-23, nan 
106.375, 73.375, 2.760233440678472e-23, nan 
106.625, 73.375, 2.1645216725980824e-23, nan 
106.875, 73.375, 2.6507292010938566e-23, nan 
107.125, 73.375, 2.799739626079248e-23, nan 
107.375, 73.375, 2.600150627863724e-23, nan 
107.625, 73.375, 3.217998714828885e-23, nan 
107.875, 73.375, 2.478244907192674e-23, nan 
108.125, 73.375, 1.661285138280317e-23, nan 
108.375, 73.375, 1.340525800690772e-23, nan 
108.625, 73.375, 1.3556736051742365e-23, nan 
108.875, 73.375, 9.42287701572096e-24, nan 
109.125, 73.375, 1.4359379052004988e-23, nan 
109.375, 73.375, 1.8511071367363557e-23, nan 
109.625, 73.375, 2.6420139883662526e-23, nan 
109.875, 73.375, 2.952225676691534e-23, nan 
110.125, 73.375, 2.569356892420121e-23, nan 
110.375, 73.375, 3.05029881441313e-23, nan 
110.625, 73.375, 2.4154808072759954e-23, nan 
110.875, 73.375, 2.4763625211353147e-23, nan 
111.125, 73.375, 2.4355566709320126e-23, nan 
111.375, 73.375, 2.2532157571710884e-23, nan 
111.625, 73.375, 1.9643736267052612e-23, nan 
111.875, 73.375, 1.9769580821926296e-23, nan 
112.125, 73.375, 1.6985990090514215e-23, nan 
112.375, 73.375, 2.2982342945836254e-23, nan 
112.625, 73.375, 2.7062988795419645e-23, nan 
112.875, 73.375, 2.678138655418156e-23, nan 
113.125, 73.375, 2.0722689461547955e-23, nan 
113.375, 73.375, 2.1519379115234173e-23, nan 
113.625, 73.375, 2.2430385529109717e-23, nan 
113.875, 73.375, 2.141191805629401e-23, nan 
114.125, 73.375, 1.9763952182265264e-23, nan 
114.375, 73.375, 3.330962809303715e-23, nan 
114.625, 73.375, 4.1316750833506715e-23, nan 
114.875, 73.375, 2.4830211523124572e-23, nan 
115.125, 73.375, 2.6326405677680384e-23, nan 
115.375, 73.375, 4.373814969985904e-23, nan 
115.625, 73.375, 3.072184847202188e-23, nan 
115.875, 73.375, 3.0420710231331593e-23, nan 
116.125, 73.375, 3.219071828101592e-23, nan 
116.375, 73.375, 2.6161262669578914e-23, nan 
116.625, 73.375, 2.450717602158689e-23, nan 
116.875, 73.375, 2.5218685023659657e-23, nan 
117.125, 73.375, 3.0746319767005304e-23, nan 
117.375, 73.375, 3.0922347046433065e-23, nan 
117.625, 73.375, 2.576070469449986e-23, nan 
117.875, 73.375, 2.860409018302482e-23, nan 
118.125, 73.375, 3.7894512212254825e-23, nan 
118.375, 73.375, 2.8899535208133026e-23, nan 
118.625, 73.375, 3.2650339279512265e-23, nan 
118.875, 73.375, 3.961181812035602e-23, nan 
119.125, 73.375, 3.666755208403363e-23, nan 
119.375, 73.375, 2.443555285567598e-23, nan 
119.625, 73.375, 1.1503961871433939e-23, nan 
119.875, 73.375, 2.0694711888070676e-23, nan 
120.125, 73.375, 1.7625703962714786e-23, nan 
120.375, 73.375, 4.0304907229490865e-23, nan 
120.625, 73.375, 3.3348293129622233e-23, nan 
120.875, 73.375, 3.56331173298301e-23, nan 
121.125, 73.375, 6.371441878414034e-23, nan 
121.375, 73.375, 2.707574878497728e-23, nan 
121.625, 73.375, 3.605700102707165e-23, nan 
121.875, 73.375, 3.961833503189919e-23, nan 
122.125, 73.375, 2.4838832078037477e-23, nan 
122.375, 73.375, 3.94510764027716e-23, nan 
122.625, 73.375, 1.9077944940850002e-23, nan 
122.875, 73.375, 3.106518511424202e-23, nan 
123.125, 73.375, 4.4800246768648986e-23, nan 
123.375, 73.375, 3.99048968594819e-23, nan 
123.625, 73.375, 2.8183575001750005e-23, nan 
123.875, 73.375, 2.5287215273060408e-23, nan 
124.125, 73.375, 4.275548759039717e-23, nan 
124.375, 73.375, 3.207267938099684e-23, nan 
124.625, 73.375, 2.5267322473203292e-23, nan 
124.875, 73.375, 5.308202706606533e-23, nan 
125.125, 73.375, 7.194072481487032e-23, nan 
125.375, 73.375, 6.479941006611093e-23, nan 
125.625, 73.375, 7.280898806430292e-23, nan 
125.875, 73.375, 7.56441494863002e-23, nan 
126.125, 73.375, 8.546377169817437e-23, nan 
126.375, 73.375, 8.083353521268534e-23, nan 
126.625, 73.375, 6.727425989813698e-23, nan 
126.875, 73.375, 1.2638137402308767e-22, nan 
127.125, 73.375, 5.731294290730046e-23, nan 
127.375, 73.375, 1.3602121585798935e-22, nan 
127.625, 73.375, 1.588373734776904e-22, nan 
127.875, 73.375, 4.143735911643732e-23, nan 
128.125, 73.375, 1.3420650157326253e-22, nan 
128.375, 73.375, 1.4719256826906315e-22, nan 
128.625, 73.375, 9.968867769661304e-23, nan 
128.875, 73.375, 9.325715723773228e-23, nan 
129.125, 73.375, 1.2045864419637374e-22, nan 
129.375, 73.375, 1.3463338207225258e-22, nan 
129.625, 73.375, 8.095914043691707e-23, nan 
129.875, 73.375, 1.1568671079533066e-22, nan 
130.125, 73.375, 2.0356023423829599e-22, nan 
130.375, 73.375, 1.5775808790979655e-22, nan 
130.625, 73.375, 1.5846922480303237e-22, nan 
130.875, 73.375, 2.262911894381361e-22, nan 
131.125, 73.375, 1.6571585901003722e-22, nan 
131.375, 73.375, 1.6867116701644881e-22, nan 
131.625, 73.375, 1.4718281410809557e-22, nan 
131.875, 73.375, 1.7042303088271435e-22, nan 
132.125, 73.375, 1.7599367689752245e-22, nan 
132.375, 73.375, 1.6370227571513142e-22, nan 
132.625, 73.375, 1.8249981725262297e-22, nan 
132.875, 73.375, 1.2602304475889202e-22, nan 
133.125, 73.375, 9.127535977300175e-23, nan 
133.375, 73.375, 8.382431786889967e-23, nan 
133.625, 73.375, 9.829160904887669e-23, nan 
133.875, 73.375, 1.1949058529770442e-22, nan 
134.125, 73.375, 1.1446306868619684e-22, nan 
134.375, 73.375, 1.1108768216908434e-22, nan 
134.625, 73.375, 1.2879932419713437e-22, nan 
134.875, 73.375, 6.403072907763549e-23, nan 
135.125, 73.375, 8.392649526372653e-23, nan 
135.375, 73.375, 3.1314434735298745e-23, nan 
135.625, 73.375, 1.2360312159930552e-22, nan 
135.875, 73.375, 1.067174516457703e-22, nan 
136.125, 73.375, 9.479371243231576e-23, nan 
136.375, 73.375, 1.1359955385772368e-22, nan 
136.625, 73.375, 1.1597073404193294e-22, nan 
136.875, 73.375, 1.9310972481026831e-22, nan 
137.125, 73.375, 1.455551567312826e-22, nan 
137.375, 73.375, 1.4959125255949668e-22, nan 
137.625, 73.375, 2.3308082713892757e-22, nan 
137.875, 73.375, 2.6715038696924026e-22, nan 
138.125, 73.375, 1.8206928702126055e-22, nan 
138.375, 73.375, 2.747489657086133e-22, nan 
138.625, 73.375, 2.482749130138827e-22, nan 
138.875, 73.375, 1.894892485938005e-22, nan 
139.125, 73.375, 3.412110516558489e-22, nan 
139.375, 73.375, 2.6985779503442416e-22, nan 
139.625, 73.375, 1.3465259231443825e-22, nan 
139.875, 73.375, 4.032791150531257e-22, nan 
140.125, 73.375, 6.235641756558705e-22, nan 
140.375, 73.375, 3.1888764407693526e-22, nan 
140.625, 73.375, 3.182649723767323e-22, nan 
140.875, 73.375, 5.774577604915813e-22, nan 
141.125, 73.375, 2.8795829673780543e-22, nan 
141.375, 73.375, 1.0317677215363453e-22, nan 
141.625, 73.375, 6.175605627693226e-22, nan 
141.875, 73.375, 6.442157230817559e-22, nan 
142.125, 73.375, 5.750663859083242e-22, nan 
142.375, 73.375, 6.011390710750159e-22, nan 
142.625, 73.375, 7.240755810775986e-22, nan 
142.875, 73.375, 6.497370296147774e-22, nan 
143.125, 73.375, 4.470631285933049e-22, nan 
143.375, 73.375, 3.5064253659690713e-22, nan 
143.625, 73.375, 3.6401166202559444e-22, nan 
143.875, 73.375, 3.721139922455031e-22, nan 
144.125, 73.375, 4.781169609581521e-22, nan 
144.375, 73.375, 5.605878112303736e-22, nan 
144.625, 73.375, 5.33220030973627e-22, nan 
144.875, 73.375, 5.219678382054397e-22, nan 
145.125, 73.375, 5.797917120310926e-22, nan 
145.375, 73.375, 4.732828683707725e-22, nan 
145.625, 73.375, 3.2215119706531664e-22, nan 
145.875, 73.375, 3.1158023368780043e-22, nan 
146.125, 73.375, 3.1254396891679597e-22, nan 
146.375, 73.375, 3.2861081246496394e-22, nan 
146.625, 73.375, 1.4710357585462465e-22, nan 
146.875, 73.375, 4.778708283480468e-22, nan 
147.125, 73.375, 8.126826841800285e-22, nan 
147.375, 73.375, 8.149574279785306e-22, nan 
147.625, 73.375, 1.0005043365135964e-21, nan 
147.875, 73.375, 1.135065797459246e-21, nan 
148.125, 73.375, 8.759383601264024e-22, nan 
148.375, 73.375, 5.893519097590689e-22, nan 
148.625, 73.375, 6.153879714366228e-22, nan 
148.875, 73.375, 4.093564152468918e-22, nan 
149.125, 73.375, 4.923089194501853e-22, nan 
149.375, 73.375, 9.335712501655714e-22, nan 
149.625, 73.375, 7.058159196483987e-22, nan 
149.875, 73.375, 5.4514586023223e-22, nan 
150.125, 73.375, 3.2727708979291125e-22, nan 
150.375, 73.375, 5.275666039147355e-22, nan 
150.625, 73.375, 8.091193170707674e-22, nan 
150.875, 73.375, 8.788711036226854e-22, nan 
151.125, 73.375, 1.3676854958223963e-21, nan 
151.375, 73.375, 1.70706904494569e-21, nan 
151.625, 73.375, 1.5990598862093991e-21, nan 
151.875, 73.375, 1.860076745070877e-21, nan 
152.125, 73.375, 2.1693260436340543e-21, nan 
152.375, 73.375, 1.8205001139735107e-21, nan 
152.625, 73.375, 1.776141182382713e-21, nan 
152.875, 73.375, 1.9120320458062773e-21, nan 
153.125, 73.375, 2.870430931670309e-21, nan 
153.375, 73.375, 3.70640732124274e-21, nan 
153.625, 73.375, 4.850958034146634e-21, nan 
153.875, 73.375, 4.190892918643673e-21, nan 
154.125, 73.375, 4.1101629917003816e-21, nan 
154.375, 73.375, 5.3209948940458154e-21, nan 
154.625, 73.375, 4.91978934449276e-21, nan 
154.875, 73.375, 4.775782290345597e-21, nan 
155.125, 73.375, 3.6252516069383405e-21, nan 
155.375, 73.375, 3.2362059979744517e-21, nan 
155.625, 73.375, 5.04237845711724e-21, nan 
155.875, 73.375, 4.115863984724014e-21, nan 
156.125, 73.375, 2.6229695612360595e-21, nan 
156.375, 73.375, 3.547844535772789e-21, nan 
156.625, 73.375, 1.8114166934024466e-21, nan 
156.875, 73.375, 3.1191585272196076e-21, nan 
157.125, 73.375, 3.853262945442765e-21, nan 
157.375, 73.375, 3.3129762274149743e-21, nan 
157.625, 73.375, 4.42911853977006e-21, nan 
157.875, 73.375, 5.599793001801348e-21, nan 
158.125, 73.375, 5.883930883568201e-21, nan 
158.375, 73.375, 5.126840455086625e-21, nan 
158.625, 73.375, 6.316383489518894e-21, nan 
158.875, 73.375, 7.742300967623347e-21, nan 
159.125, 73.375, 2.506944148408834e-20, nan 
159.375, 73.375, 7.192909967911051e-20, nan 
159.625, 73.375, 8.581029415104393e-20, nan 
159.875, 73.375, 8.813648231534671e-20, nan 
160.125, 73.375, 1.1674149412127874e-19, nan 
160.375, 73.375, 1.3732015876997655e-19, nan 
160.625, 73.375, 1.5141820503210708e-19, nan 
160.875, 73.375, 2.0600823329872046e-19, nan 
161.125, 73.375, 2.7109184655073406e-19, nan 
161.375, 73.375, 3.189599996094374e-19, nan 
161.625, 73.375, 2.739257186595903e-19, nan 
161.875, 73.375, 4.044599205884679e-19, nan 
162.125, 73.375, 4.573680916233215e-19, nan 
162.375, 73.375, 4.651775226684131e-19, nan 
162.625, 73.375, 1.9615570463205725e-18, nan 
162.875, 73.375, 4.273189631489344e-18, nan 
163.125, 73.375, 5.907114109862515e-18, nan 
163.375, 73.375, 3.9517069901743545e-18, nan 
163.625, 73.375, 5.53128161432296e-18, nan 
163.875, 73.375, 5.017424556557376e-18, nan 
164.125, 73.375, 5.8671955007215756e-18, nan 
164.375, 73.375, 9.251118858170941e-18, nan 
164.625, 73.375, 7.159061062230095e-18, nan 
164.875, 73.375, 7.032257236866725e-18, nan 
165.125, 73.375, 8.054226028986979e-18, nan 
165.375, 73.375, 8.063980385578637e-18, nan 
165.625, 73.375, 2.649809292207486e-17, nan 
165.875, 73.375, 4.451713230189832e-17, nan 
166.125, 73.375, 4.523429035810788e-17, nan 
166.375, 73.375, 3.8625725608110634e-17, nan 
166.625, 73.375, 6.095874327099019e-17, nan 
166.875, 73.375, 8.743874050592825e-17, nan 
167.125, 73.375, 2.6418055012628417e-17, nan 
167.375, 73.375, 1.958523127376189e-17, nan 
167.625, 73.375, 1.16022729372702e-17, nan 
167.875, 73.375, 1.3301488905221168e-17, nan 
168.125, 73.375, 1.048890648850767e-17, nan 
168.375, 73.375, 4.17475091520948e-18, nan 
168.625, 73.375, 3.773849424717663e-18, nan 
168.875, 73.375, 1.6017849945963781e-18, nan 
169.125, 73.375, 7.285989803424447e-19, nan 
169.375, 73.375, 2.7419016789871426e-19, nan 
169.625, 73.375, 1.6770844961910822e-19, nan 
169.875, 73.375, 1.5737850231593916e-19, nan 
170.125, 73.375, 1.732556538486503e-19, nan 
170.375, 73.375, 8.5739512911698e-20, nan 
170.625, 73.375, 8.842286906936819e-20, nan 
170.875, 73.375, 1.2300028728252563e-19, nan 
171.125, 73.375, 3.7905755181213115e-20, nan 
171.375, 73.375, 4.4367526333843253e-20, nan 
171.625, 73.375, 5.021282042124942e-20, nan 
171.875, 73.375, 2.754688909237249e-20, nan 
172.125, 73.375, 3.582636787505328e-20, nan 
172.375, 73.375, 3.4379257698657295e-20, nan 
172.625, 73.375, 1.676096585793988e-20, nan 
172.875, 73.375, 3.86815889964399e-20, nan 
173.125, 73.375, 2.6755712656481133e-20, nan 
173.375, 73.375, 1.2566534236987798e-20, nan 
173.625, 73.375, 2.0484469027884128e-20, nan 
173.875, 73.375, 1.666539229653736e-20, nan 
174.125, 73.375, 1.2514691831222882e-20, nan 
174.375, 73.375, 1.1770793930770439e-20, nan 
174.625, 73.375, 1.5176069337409793e-20, nan 
174.875, 73.375, 1.0284179536387183e-20, nan 
175.125, 73.375, 1.0377759573223614e-20, nan 
175.375, 73.375, 1.2060349709799078e-20, nan 
175.625, 73.375, 7.898745982011219e-21, nan 
175.875, 73.375, 9.04578243021747e-21, nan 
176.125, 73.375, 1.5154376903677197e-20, nan 
176.375, 73.375, 1.2461801348214248e-20, nan 
176.625, 73.375, 9.62665285951453e-21, nan 
176.875, 73.375, 1.8803251127925055e-20, nan 
177.125, 73.375, 7.087760435626096e-20, nan 
177.375, 73.375, 1.4273960648020017e-19, nan 
177.625, 73.375, 1.4595726933189767e-19, nan 
177.875, 73.375, 9.293167479648065e-20, nan 
178.125, 73.375, 2.015110771624775e-19, nan 
178.375, 73.375, 1.9579024468097182e-19, nan 
178.625, 73.375, 9.224510073671952e-20, nan 
178.875, 73.375, 9.061476960801512e-20, nan 
179.125, 73.375, 8.108308020327579e-20, nan 
179.375, 73.375, 5.1076234769707573e-20, nan 
179.625, 73.375, 1.2183515445067847e-20, nan 
179.875, 73.375, 6.929447413168365e-21, nan 
-179.875, 73.625, 4.539103525795453e-21, nan 
-179.625, 73.625, 5.879498363051355e-21, nan 
-179.375, 73.625, 4.59460969722462e-21, nan 
-179.125, 73.625, 3.2257589688249653e-21, nan 
-178.875, 73.625, 3.319590266574211e-21, nan 
-178.625, 73.625, 2.660293459489285e-21, nan 
-178.375, 73.625, 2.3683426563325935e-21, nan 
-178.125, 73.625, 2.5351585458096884e-21, nan 
-177.875, 73.625, 2.1450777150681095e-21, nan 
-177.625, 73.625, 1.826433782790391e-21, nan 
-177.375, 73.625, 1.789827108188073e-21, nan 
-177.125, 73.625, 1.5258328639014893e-21, nan 
-176.875, 73.625, 1.2195899565703397e-21, nan 
-176.625, 73.625, 1.1500012952622565e-21, nan 
-176.375, 73.625, 1.3366539272511477e-21, nan 
-176.125, 73.625, 1.0169042312795556e-21, nan 
-175.875, 73.625, 2.2843494862721416e-21, nan 
-175.625, 73.625, 2.932132565691261e-21, nan 
-175.375, 73.625, 3.0711752920228717e-21, nan 
-175.125, 73.625, 2.9311859694436485e-21, nan 
-174.875, 73.625, 5.03190877701806e-21, nan 
-174.625, 73.625, 4.48035460244888e-21, nan 
-174.375, 73.625, 6.6383602414687464e-21, nan 
-174.125, 73.625, 2.1862423122305594e-20, nan 
-173.875, 73.625, 2.447606310169744e-20, nan 
-173.625, 73.625, 2.613028502602094e-20, nan 
-173.375, 73.625, 2.5104502214400296e-20, nan 
-173.125, 73.625, 1.5976093993879404e-20, nan 
-172.875, 73.625, 2.3712428045860062e-21, nan 
-172.625, 73.625, 2.5791819985759487e-21, nan 
-172.375, 73.625, 3.161023390938428e-21, nan 
-172.125, 73.625, 1.7563854217412884e-21, nan 
-171.875, 73.625, 1.434513792441188e-21, nan 
-171.625, 73.625, 1.0772607551093226e-21, nan 
-171.375, 73.625, 7.857088789588295e-22, nan 
-171.125, 73.625, 1.4657742699233477e-21, nan 
-170.875, 73.625, 1.0610789768647822e-21, nan 
-170.625, 73.625, 1.3547184721913909e-21, nan 
-170.375, 73.625, 2.4006270940761586e-21, nan 
-170.125, 73.625, 2.3757731005326257e-21, nan 
-169.875, 73.625, 1.6807109318382646e-21, nan 
-169.625, 73.625, 1.4561991355926057e-21, nan 
-169.375, 73.625, 1.2419848697260443e-21, nan 
-169.125, 73.625, 1.0567729765437624e-21, nan 
-168.875, 73.625, 7.732047840604268e-22, nan 
-168.625, 73.625, 1.1444019056418634e-21, nan 
-168.375, 73.625, 1.4356074431900774e-21, nan 
-168.125, 73.625, 1.1296343808657365e-21, nan 
-167.875, 73.625, 7.554914509868723e-22, nan 
-167.625, 73.625, 8.114847576670014e-22, nan 
-167.375, 73.625, 7.989912741569015e-22, nan 
-167.125, 73.625, 4.960690416137502e-22, nan 
-166.875, 73.625, 4.792563272011159e-22, nan 
-166.625, 73.625, 4.844296862837033e-22, nan 
-166.375, 73.625, 3.122403146538479e-22, nan 
-166.125, 73.625, 2.8776613832342334e-22, nan 
-165.875, 73.625, 2.4085002478303867e-22, nan 
-165.625, 73.625, 3.76335493813561e-22, nan 
-165.375, 73.625, 2.0947076856841175e-22, nan 
-165.125, 73.625, 2.459666387978598e-22, nan 
-164.875, 73.625, 2.9163472534822724e-22, nan 
-164.625, 73.625, 2.1222643527606637e-22, nan 
-164.375, 73.625, 1.7280370014686218e-22, nan 
-164.125, 73.625, 1.707657610148026e-22, nan 
-163.875, 73.625, 8.284980194422881e-23, nan 
-163.625, 73.625, 7.457493906458356e-23, nan 
-163.375, 73.625, 1.3824887035319798e-22, nan 
-163.125, 73.625, 1.2758343167191858e-22, nan 
-162.875, 73.625, 2.5052243271557767e-22, nan 
-162.625, 73.625, 3.848324920741858e-22, nan 
-162.375, 73.625, 7.527227642405323e-22, nan 
-162.125, 73.625, 4.558153416746273e-22, nan 
-161.875, 73.625, 4.887321337978795e-22, nan 
-161.625, 73.625, 7.265171994283646e-22, nan 
-161.375, 73.625, 5.264906485028498e-22, nan 
-161.125, 73.625, 6.980712605757789e-22, nan 
-160.875, 73.625, 8.317448638397362e-22, nan 
-160.625, 73.625, 5.8080026714495885e-22, nan 
-160.375, 73.625, 4.848012232054358e-22, nan 
-160.125, 73.625, 6.561017879239994e-22, nan 
-159.875, 73.625, 5.411575062236757e-22, nan 
-159.625, 73.625, 5.840114976462239e-22, nan 
-159.375, 73.625, 5.396761517530166e-22, nan 
-159.125, 73.625, 4.553530287088914e-22, nan 
-158.875, 73.625, 5.864392327272817e-22, nan 
-158.625, 73.625, 4.37493104891891e-22, nan 
-158.375, 73.625, 1.8829635412789713e-22, nan 
-158.125, 73.625, 5.799530627764479e-22, nan 
-157.875, 73.625, 8.567098112335524e-22, nan 
-157.625, 73.625, 6.261381701942183e-22, nan 
-157.375, 73.625, 4.427199138434083e-22, nan 
-157.125, 73.625, 5.830893032064101e-22, nan 
-156.875, 73.625, 4.786721080143042e-22, nan 
-156.625, 73.625, 3.8071661363479685e-22, nan 
-156.375, 73.625, 4.752509027187031e-22, nan 
-156.125, 73.625, 4.561473552382258e-22, nan 
-155.875, 73.625, 2.768284747265411e-22, nan 
-155.625, 73.625, 1.7318906672689833e-22, nan 
-155.375, 73.625, 1.5232521568730506e-22, nan 
-155.125, 73.625, 1.4435511275628993e-22, nan 
-154.875, 73.625, 1.260774819525931e-22, nan 
-154.625, 73.625, 1.0130500333933627e-22, nan 
-154.375, 73.625, 1.6137456563646469e-22, nan 
-154.125, 73.625, 1.8480595985173672e-22, nan 
-153.875, 73.625, 2.841932088129279e-22, nan 
-153.625, 73.625, 2.0052515879264805e-22, nan 
-153.375, 73.625, 2.586332474497343e-22, nan 
-153.125, 73.625, 4.530330081453989e-22, nan 
-152.875, 73.625, 3.229442710512169e-22, nan 
-152.625, 73.625, 2.487161569662253e-22, nan 
-152.375, 73.625, 6.210596597526948e-22, nan 
-152.125, 73.625, 4.512962419641259e-22, nan 
-151.875, 73.625, 3.6261219233021857e-22, nan 
-151.625, 73.625, 3.1315356547338074e-22, nan 
-151.375, 73.625, 3.320117912828001e-22, nan 
-151.125, 73.625, 2.2953431213905614e-22, nan 
-150.875, 73.625, 1.5187918436883555e-22, nan 
-150.625, 73.625, 2.1666847561743126e-22, nan 
-150.375, 73.625, 1.0418612591942101e-22, nan 
-150.125, 73.625, 6.578659778099019e-23, nan 
-149.875, 73.625, 9.051401022504211e-23, nan 
-149.625, 73.625, 7.319743378802066e-23, nan 
-149.375, 73.625, 3.3815284525957175e-23, nan 
-149.125, 73.625, 6.611956996085062e-23, nan 
-148.875, 73.625, 4.9205169343867425e-23, nan 
-148.625, 73.625, 6.241546521895008e-23, nan 
-148.375, 73.625, 7.841030790623326e-23, nan 
-148.125, 73.625, 2.0496268922901816e-22, nan 
-147.875, 73.625, 1.5350698652844985e-22, nan 
-147.625, 73.625, 7.641084525045967e-23, nan 
-147.375, 73.625, 5.0833857022526803e-23, nan 
-147.125, 73.625, 5.042997031565977e-23, nan 
-146.875, 73.625, 5.614551788017519e-23, nan 
-146.625, 73.625, 6.233185724291006e-23, nan 
-146.375, 73.625, 9.495568292265574e-23, nan 
-146.125, 73.625, 1.147103294115385e-22, nan 
-145.875, 73.625, 1.2050641581372608e-22, nan 
-145.625, 73.625, 1.1824024906240662e-22, nan 
-145.375, 73.625, 1.332370515116778e-22, nan 
-145.125, 73.625, 1.3732887940530137e-22, nan 
-144.875, 73.625, 1.583357608522804e-22, nan 
-144.625, 73.625, 1.2741501107254438e-22, nan 
-144.375, 73.625, 1.7790315270631518e-22, nan 
-144.125, 73.625, 1.3985350898426078e-22, nan 
-143.875, 73.625, 8.237984931588635e-23, nan 
-143.625, 73.625, 1.4113267373161405e-22, nan 
-143.375, 73.625, 1.857299764062881e-22, nan 
-143.125, 73.625, 2.0001486001120405e-22, nan 
-142.875, 73.625, 2.438734416102551e-22, nan 
-142.625, 73.625, 2.7368889086531426e-22, nan 
-142.375, 73.625, 1.964724594433914e-22, nan 
-142.125, 73.625, 1.9667441683451183e-22, nan 
-141.875, 73.625, 2.4085238739661204e-22, nan 
-141.625, 73.625, 2.842100876821581e-22, nan 
-141.375, 73.625, 1.5253168408658736e-22, nan 
-141.125, 73.625, 1.055517303257409e-22, nan 
-140.875, 73.625, 1.481307949977378e-22, nan 
-140.625, 73.625, 1.1324804020102156e-22, nan 
-140.375, 73.625, 6.211828733168073e-23, nan 
-140.125, 73.625, 2.896520913077993e-23, nan 
-139.875, 73.625, 3.503326257278295e-23, nan 
-139.625, 73.625, 3.123998131681983e-23, nan 
-139.375, 73.625, 3.139725098173082e-23, nan 
-139.125, 73.625, 7.860097702965874e-23, nan 
-138.875, 73.625, 2.5057721219474796e-23, nan 
-138.625, 73.625, 3.848813294487208e-23, nan 
-138.375, 73.625, 5.106891131745042e-23, nan 
-138.125, 73.625, 7.121482212854387e-23, nan 
-137.875, 73.625, 5.959282461003647e-23, nan 
-137.625, 73.625, 4.516686776119295e-23, nan 
-137.375, 73.625, 3.506752584454746e-23, nan 
-137.125, 73.625, 6.816489631324584e-23, nan 
-136.875, 73.625, 6.915916233075697e-23, nan 
-136.625, 73.625, 4.638583216838292e-23, nan 
-136.375, 73.625, 4.8954717402195034e-23, nan 
-136.125, 73.625, 8.450814666907999e-23, nan 
-135.875, 73.625, 6.121297240780833e-23, nan 
-135.625, 73.625, 7.534874629136475e-23, nan 
-135.375, 73.625, 1.4000177604917336e-22, nan 
-135.125, 73.625, 1.2642843315810736e-22, nan 
-134.875, 73.625, 9.384176056037918e-23, nan 
-134.625, 73.625, 1.2190235283015735e-22, nan 
-134.375, 73.625, 1.5872640603808113e-22, nan 
-134.125, 73.625, 7.535942061076107e-23, nan 
-133.875, 73.625, 5.649484642002458e-23, nan 
-133.625, 73.625, 1.0123066085318546e-22, nan 
-133.375, 73.625, 9.637884016679578e-23, nan 
-133.125, 73.625, 8.042720252119884e-23, nan 
-132.875, 73.625, 4.620381587758303e-23, nan 
-132.625, 73.625, 1.1343843813606634e-22, nan 
-132.375, 73.625, 1.191908580271749e-22, nan 
-132.125, 73.625, 1.1948241221483992e-22, nan 
-131.875, 73.625, 1.5376650972884843e-22, nan 
-131.625, 73.625, 1.6350981622661227e-22, nan 
-131.375, 73.625, 1.772618422077984e-22, nan 
-131.125, 73.625, 2.153258107736504e-22, nan 
-130.875, 73.625, 1.245379077357275e-22, nan 
-130.625, 73.625, 1.0054375229613517e-22, nan 
-130.375, 73.625, 1.3526885754587646e-22, nan 
-130.125, 73.625, 1.3395630436937183e-22, nan 
-129.875, 73.625, 1.035156764190536e-22, nan 
-129.625, 73.625, 1.1761089730932723e-22, nan 
-129.375, 73.625, 9.626286951737191e-23, nan 
-129.125, 73.625, 8.687471703134657e-23, nan 
-128.875, 73.625, 9.071545376582742e-23, nan 
-128.625, 73.625, 9.439719182218777e-23, nan 
-128.375, 73.625, 5.232915938224111e-23, nan 
-128.125, 73.625, 9.608051336977198e-23, nan 
-127.875, 73.625, 8.222285923745671e-23, nan 
-127.625, 73.625, 4.9136994532061146e-23, nan 
-127.375, 73.625, 2.4289436683272628e-23, nan 
-127.125, 73.625, 2.2307439603544154e-23, nan 
-126.875, 73.625, 5.1016001099168084e-23, nan 
-126.625, 73.625, 4.841219856933079e-23, nan 
-126.375, 73.625, 3.891915755680938e-23, nan 
-126.125, 73.625, 3.8388180131105737e-23, nan 
-125.875, 73.625, 4.730975459770495e-23, nan 
-125.625, 73.625, 6.266860413175112e-23, nan 
-125.375, 73.625, 3.6996920082607493e-23, nan 
-125.125, 73.625, 7.0616296582768e-23, nan 
-124.875, 73.625, 8.207350829418244e-23, nan 
-124.625, 73.625, 6.794082433661028e-23, nan 
-124.375, 73.625, 9.891245093525115e-23, nan 
-124.125, 73.625, 6.951719969021971e-23, nan 
-123.875, 73.625, 4.803853360582545e-23, nan 
-123.625, 73.625, 6.461445946559547e-23, nan 
-123.375, 73.625, 4.914265726386666e-23, nan 
-123.125, 73.625, 3.032252791011066e-23, nan 
-122.875, 73.625, 2.892345542498992e-23, nan 
-122.625, 73.625, 2.653544468808541e-23, nan 
-122.375, 73.625, 3.213848954671996e-23, nan 
-122.125, 73.625, 3.292793340042806e-23, nan 
-121.875, 73.625, 2.914724199536063e-23, nan 
-121.625, 73.625, 2.841030530371008e-23, nan 
-121.375, 73.625, 3.3660368737908704e-23, nan 
-121.125, 73.625, 2.5290156457858037e-23, nan 
-120.875, 73.625, 1.860934382232841e-23, nan 
-120.625, 73.625, 1.837738577694665e-23, nan 
-120.375, 73.625, 3.041460387310586e-23, nan 
-120.125, 73.625, 3.7103645515210294e-23, nan 
-119.875, 73.625, 4.649069926694448e-23, nan 
-119.625, 73.625, 6.168106279401961e-23, nan 
-119.375, 73.625, 4.854815443458223e-23, nan 
-119.125, 73.625, 4.369493527232946e-23, nan 
-118.875, 73.625, 3.137721734768795e-23, nan 
-118.625, 73.625, 2.647057799939942e-23, nan 
-118.375, 73.625, 3.0886716615143926e-23, nan 
-118.125, 73.625, 6.379612386599631e-23, nan 
-117.875, 73.625, 6.1368733587463e-23, nan 
-117.625, 73.625, 2.661862153197e-23, nan 
-117.375, 73.625, 3.0923940192756624e-23, nan 
-117.125, 73.625, 4.6131783823647846e-23, nan 
-116.875, 73.625, 3.073697511713847e-23, nan 
-116.625, 73.625, 2.5814549013301215e-23, nan 
-116.375, 73.625, 3.9913753198179683e-23, nan 
-116.125, 73.625, 4.255939137922517e-23, nan 
-115.875, 73.625, 2.618695938707556e-23, nan 
-115.625, 73.625, 2.8892611242134883e-23, nan 
-115.375, 73.625, 3.031622045671527e-23, nan 
-115.125, 73.625, 1.8507859928422547e-23, nan 
-114.875, 73.625, 1.6428666887291508e-23, nan 
-114.625, 73.625, 1.3295271635770318e-23, nan 
-114.375, 73.625, 1.3041465273680266e-23, nan 
-114.125, 73.625, 9.849655443570316e-24, nan 
-113.875, 73.625, 6.335364908724784e-23, nan 
-113.625, 73.625, 5.008115049508816e-23, nan 
-113.375, 73.625, 3.6869613232787235e-23, nan 
-113.125, 73.625, 1.1978508604336873e-22, nan 
-112.875, 73.625, 9.118015773792024e-23, nan 
-112.625, 73.625, 6.27012057281197e-23, nan 
-112.375, 73.625, 4.090805025775192e-23, nan 
-112.125, 73.625, 4.801354186373454e-23, nan 
-111.875, 73.625, 2.1245556254071338e-23, nan 
-111.625, 73.625, 1.699617728622321e-23, nan 
-111.375, 73.625, 1.6203292700182614e-23, nan 
-111.125, 73.625, 2.68065752589711e-23, nan 
-110.875, 73.625, 2.8727665518730735e-23, nan 
-110.625, 73.625, 2.3175872312654802e-23, nan 
-110.375, 73.625, 2.6046239780826324e-23, nan 
-110.125, 73.625, 2.188356212468977e-23, nan 
-109.875, 73.625, 1.7040525360534512e-23, nan 
-109.625, 73.625, 2.3116656640424975e-23, nan 
81.875, 73.625, 1.514653807585225e-23, nan 
82.125, 73.625, 1.56565803506885e-23, nan 
82.375, 73.625, 1.3577517881098157e-23, nan 
82.625, 73.625, 1.4554696632936034e-23, nan 
82.875, 73.625, 1.7824677101070486e-23, nan 
83.125, 73.625, 1.429824808140557e-23, nan 
83.375, 73.625, 1.9541508321153496e-23, nan 
83.625, 73.625, 2.070789211990706e-23, nan 
83.875, 73.625, 1.856636695008885e-23, nan 
84.125, 73.625, 1.7240606661329224e-23, nan 
84.375, 73.625, 1.4541132991269455e-23, nan 
84.625, 73.625, 1.2548476833945118e-23, nan 
84.875, 73.625, 6.152763146811044e-24, nan 
85.125, 73.625, 1.0322708631342037e-23, nan 
85.375, 73.625, 6.778377551974915e-24, nan 
85.625, 73.625, 7.389391135053144e-24, nan 
85.875, 73.625, 9.430396554193959e-24, nan 
86.125, 73.625, 8.86302348703262e-24, nan 
86.375, 73.625, 1.4854820755367477e-23, nan 
86.625, 73.625, 1.9032417900407594e-23, nan 
86.875, 73.625, 1.1824485740709289e-23, nan 
87.125, 73.625, 1.1569844045545333e-23, nan 
87.375, 73.625, 1.3194151596458364e-23, nan 
87.625, 73.625, 1.0418740998895068e-23, nan 
87.875, 73.625, 1.0745259588941984e-23, nan 
88.125, 73.625, 7.242663255417374e-24, nan 
88.375, 73.625, 1.1316626537783008e-23, nan 
88.625, 73.625, 1.1413923340716013e-23, nan 
88.875, 73.625, 1.398224634422172e-23, nan 
89.125, 73.625, 1.462854342550118e-23, nan 
89.375, 73.625, 2.1545979228642033e-23, nan 
89.625, 73.625, 2.190354686789443e-23, nan 
89.875, 73.625, 1.5630567775108828e-23, nan 
90.125, 73.625, 2.5241316178554222e-23, nan 
90.375, 73.625, 2.7291512902242757e-23, nan 
90.625, 73.625, 2.128793294756068e-23, nan 
90.875, 73.625, 2.4621932007025612e-23, nan 
91.125, 73.625, 2.0407998793015857e-23, nan 
91.375, 73.625, 1.959828794203417e-23, nan 
91.625, 73.625, 2.275890386086323e-23, nan 
91.875, 73.625, 1.6792894506645344e-23, nan 
92.125, 73.625, 1.4578948329206312e-23, nan 
92.375, 73.625, 1.3977713886961967e-23, nan 
92.625, 73.625, 1.5800534202861765e-23, nan 
92.875, 73.625, 1.128842394145218e-23, nan 
93.125, 73.625, 1.3726317376984558e-23, nan 
93.375, 73.625, 1.8483890950049733e-23, nan 
93.625, 73.625, 1.5081194767878852e-23, nan 
93.875, 73.625, 1.796194331638558e-23, nan 
94.125, 73.625, 2.2426499400494465e-23, nan 
94.375, 73.625, 2.5592612094464134e-23, nan 
94.625, 73.625, 1.9278683169233107e-23, nan 
94.875, 73.625, 2.6232342620577752e-23, nan 
95.125, 73.625, 2.7690146857536863e-23, nan 
95.375, 73.625, 2.4577689103638006e-23, nan 
95.625, 73.625, 3.752337444776987e-23, nan 
95.875, 73.625, 2.35365958879164e-23, nan 
96.125, 73.625, 2.8609015700585704e-23, nan 
96.375, 73.625, 2.9481963899829724e-23, nan 
96.625, 73.625, 4.8451668381075083e-23, nan 
96.875, 73.625, 7.962146118832426e-23, nan 
97.125, 73.625, 7.341548550343239e-23, nan 
97.375, 73.625, 3.924232650382371e-23, nan 
97.625, 73.625, 2.0808002516445898e-23, nan 
97.875, 73.625, 2.2067013300802166e-23, nan 
98.125, 73.625, 3.1380850050236486e-23, nan 
98.375, 73.625, 4.931296465933726e-23, nan 
98.625, 73.625, 5.133183332100028e-23, nan 
98.875, 73.625, 4.458026591345645e-23, nan 
99.125, 73.625, 5.562670116597074e-23, nan 
99.375, 73.625, 5.976063248175697e-23, nan 
99.625, 73.625, 6.503566173684399e-23, nan 
99.875, 73.625, 8.127154547548779e-23, nan 
100.125, 73.625, 7.512494928724954e-23, nan 
100.375, 73.625, 6.724002630236146e-23, nan 
100.625, 73.625, 8.856175567844044e-23, nan 
100.875, 73.625, 8.972638621383084e-23, nan 
101.125, 73.625, 8.304433789894374e-23, nan 
101.375, 73.625, 5.683004600016217e-23, nan 
101.625, 73.625, 5.597781284009344e-23, nan 
101.875, 73.625, 5.1860309309241827e-23, nan 
102.125, 73.625, 3.8642690908078544e-23, nan 
102.375, 73.625, 3.5855219320790245e-23, nan 
102.625, 73.625, 3.601334769479897e-23, nan 
102.875, 73.625, 3.4941884362466084e-23, nan 
103.125, 73.625, 3.0475381930600284e-23, nan 
103.375, 73.625, 2.680526301460465e-23, nan 
103.625, 73.625, 2.3035008611173803e-23, nan 
103.875, 73.625, 3.276239972611535e-23, nan 
104.125, 73.625, 3.779230522873038e-23, nan 
104.375, 73.625, 2.814101781915284e-23, nan 
104.625, 73.625, 4.6474336695595886e-23, nan 
104.875, 73.625, 4.283635277655176e-23, nan 
105.125, 73.625, 6.440397395978451e-23, nan 
105.375, 73.625, 4.6783010121993693e-23, nan 
105.625, 73.625, 3.830207697063081e-23, nan 
105.875, 73.625, 1.9652173082054945e-23, nan 
106.125, 73.625, 2.141340227623657e-23, nan 
106.375, 73.625, 1.863396281344893e-23, nan 
106.625, 73.625, 2.4759561530566275e-23, nan 
106.875, 73.625, 2.036569696926237e-23, nan 
107.125, 73.625, 1.71562267747184e-23, nan 
107.375, 73.625, 2.8283112743305716e-23, nan 
107.625, 73.625, 1.6863863058998946e-23, nan 
107.875, 73.625, 8.73189518795556e-24, nan 
108.125, 73.625, 1.0953591433257066e-23, nan 
108.375, 73.625, 1.1824687555792717e-23, nan 
108.625, 73.625, 1.0729667680421736e-23, nan 
108.875, 73.625, 2.4308728957229078e-23, nan 
109.125, 73.625, 1.9217870381820447e-23, nan 
109.375, 73.625, 2.3959190631906705e-23, nan 
109.625, 73.625, 3.0727138024111513e-23, nan 
109.875, 73.625, 3.005468125936296e-23, nan 
110.125, 73.625, 2.718124932223589e-23, nan 
110.375, 73.625, 2.9267123631483714e-23, nan 
110.625, 73.625, 2.4736334605853458e-23, nan 
110.875, 73.625, 2.0836234325361533e-23, nan 
111.125, 73.625, 2.2203725291423075e-23, nan 
111.375, 73.625, 1.8880838548405178e-23, nan 
111.625, 73.625, 2.2259267769854886e-23, nan 
111.875, 73.625, 2.3458297557973905e-23, nan 
112.125, 73.625, 2.3305825353613652e-23, nan 
112.375, 73.625, 3.0272596443887197e-23, nan 
112.625, 73.625, 2.85777930604969e-23, nan 
112.875, 73.625, 2.7121454959047854e-23, nan 
113.125, 73.625, 1.1169680166100088e-23, nan 
113.375, 73.625, 1.432436008677787e-23, nan 
113.625, 73.625, 1.8246728477954943e-23, nan 
113.875, 73.625, 2.0314883086524698e-23, nan 
114.125, 73.625, 4.030900540863749e-23, nan 
114.375, 73.625, 2.777303101674377e-23, nan 
114.625, 73.625, 3.628783450910905e-23, nan 
114.875, 73.625, 4.313553729391568e-23, nan 
115.125, 73.625, 2.9945202959879933e-23, nan 
115.375, 73.625, 3.4839098709222863e-23, nan 
115.625, 73.625, 3.4245210490697553e-23, nan 
115.875, 73.625, 3.8114909248106086e-23, nan 
116.125, 73.625, 3.0674892548427283e-23, nan 
116.375, 73.625, 2.565881031167122e-23, nan 
116.625, 73.625, 3.03828486282949e-23, nan 
116.875, 73.625, 2.4566705095047885e-23, nan 
117.125, 73.625, 2.697056767250541e-23, nan 
117.375, 73.625, 3.518070494086127e-23, nan 
117.625, 73.625, 3.2967621047683534e-23, nan 
117.875, 73.625, 2.148057873132003e-23, nan 
118.125, 73.625, 1.7389775524672406e-23, nan 
118.375, 73.625, 3.035901883656051e-23, nan 
118.625, 73.625, 2.5247001000377036e-23, nan 
118.875, 73.625, 2.983877168204761e-23, nan 
119.125, 73.625, 2.8227348173586907e-23, nan 
119.375, 73.625, 2.5092730521183288e-23, nan 
119.625, 73.625, 3.069395234992007e-23, nan 
119.875, 73.625, 1.1790292573180096e-23, nan 
120.125, 73.625, 1.5383473773708933e-23, nan 
120.375, 73.625, 1.814990187784425e-23, nan 
120.625, 73.625, 1.9616433471184754e-23, nan 
120.875, 73.625, 2.4659391055474027e-23, nan 
121.125, 73.625, 7.358857694460716e-23, nan 
121.375, 73.625, 9.644904658400955e-23, nan 
121.625, 73.625, 4.2244346850491824e-23, nan 
121.875, 73.625, 2.3165894668535544e-23, nan 
122.125, 73.625, 7.041284882795271e-23, nan 
122.375, 73.625, 6.571179560441088e-23, nan 
122.625, 73.625, 3.733854824515274e-23, nan 
122.875, 73.625, 2.912549435888477e-23, nan 
123.125, 73.625, 4.699141468207958e-23, nan 
123.375, 73.625, 4.5796451565214373e-23, nan 
123.625, 73.625, 3.0330747048295586e-23, nan 
123.875, 73.625, 4.4992318718793507e-23, nan 
124.125, 73.625, 5.624660223114335e-23, nan 
124.375, 73.625, 5.713713058072967e-23, nan 
124.625, 73.625, 4.7224546133810316e-23, nan 
124.875, 73.625, 7.242810109651895e-23, nan 
125.125, 73.625, 6.885952054315216e-23, nan 
125.375, 73.625, 4.983713907433133e-23, nan 
125.625, 73.625, 9.92257931855151e-23, nan 
125.875, 73.625, 7.19787209682136e-23, nan 
126.125, 73.625, 8.970676158530733e-23, nan 
126.375, 73.625, 9.239586364441036e-23, nan 
126.625, 73.625, 5.17841050065737e-23, nan 
126.875, 73.625, 8.069284859764965e-23, nan 
127.125, 73.625, 5.611953074467933e-23, nan 
127.375, 73.625, 6.673276340544316e-23, nan 
127.625, 73.625, 7.127220555797015e-23, nan 
127.875, 73.625, 4.0260947213631855e-23, nan 
128.125, 73.625, 1.0427174070025401e-22, nan 
128.375, 73.625, 1.13646360297667e-22, nan 
128.625, 73.625, 1.0651462253866709e-22, nan 
128.875, 73.625, 1.1700953937415138e-22, nan 
129.125, 73.625, 1.539985713474222e-22, nan 
129.375, 73.625, 1.6124710208794708e-22, nan 
129.625, 73.625, 1.8091017710339697e-22, nan 
129.875, 73.625, 1.471849716865518e-22, nan 
130.125, 73.625, 2.1590185049052003e-22, nan 
130.375, 73.625, 2.083873637575131e-22, nan 
130.625, 73.625, 1.7632442144457663e-22, nan 
130.875, 73.625, 2.067869736238365e-22, nan 
131.125, 73.625, 1.569256148505378e-22, nan 
131.375, 73.625, 1.4348572741199591e-22, nan 
131.625, 73.625, 9.129615335705987e-23, nan 
131.875, 73.625, 1.3051196668982528e-22, nan 
132.125, 73.625, 8.787821865700468e-23, nan 
132.375, 73.625, 1.022238071604979e-22, nan 
132.625, 73.625, 1.2359673171229327e-22, nan 
132.875, 73.625, 8.891481828956676e-23, nan 
133.125, 73.625, 8.10034275290037e-23, nan 
133.375, 73.625, 1.2734055623587143e-22, nan 
133.625, 73.625, 1.4674395859758315e-22, nan 
133.875, 73.625, 1.360470732841678e-22, nan 
134.125, 73.625, 1.324583347992392e-22, nan 
134.375, 73.625, 1.3146990861211997e-22, nan 
134.625, 73.625, 1.141526180673295e-22, nan 
134.875, 73.625, 1.0632716936184586e-22, nan 
135.125, 73.625, 1.0151902757500348e-22, nan 
135.375, 73.625, 7.347363289760808e-23, nan 
135.625, 73.625, 1.3213059531145525e-22, nan 
135.875, 73.625, 1.1654779290596048e-22, nan 
136.125, 73.625, 1.2777900608752052e-22, nan 
136.375, 73.625, 5.168518389091514e-23, nan 
136.625, 73.625, 1.0709215059795715e-22, nan 
136.875, 73.625, 1.4463083947304098e-22, nan 
137.125, 73.625, 1.3175490584566491e-22, nan 
137.375, 73.625, 1.4225988525416775e-22, nan 
137.625, 73.625, 1.2747328710116008e-22, nan 
137.875, 73.625, 1.3320064913285045e-22, nan 
138.125, 73.625, 6.971288004363257e-23, nan 
138.375, 73.625, 8.062894851203021e-23, nan 
138.625, 73.625, 2.0217855560435517e-22, nan 
138.875, 73.625, 1.7054840749768113e-22, nan 
139.125, 73.625, 1.6396047754068705e-22, nan 
139.375, 73.625, 1.9589916801554277e-22, nan 
139.625, 73.625, 1.977039600792392e-22, nan 
139.875, 73.625, 4.205552614026727e-22, nan 
140.125, 73.625, 3.8628336564547354e-22, nan 
140.375, 73.625, 3.064627982547347e-22, nan 
140.625, 73.625, 4.25494576245133e-22, nan 
140.875, 73.625, 3.5103873688470605e-22, nan 
141.125, 73.625, 2.246760710821488e-22, nan 
141.375, 73.625, 2.511961576264395e-22, nan 
141.625, 73.625, 3.869531957834992e-22, nan 
141.875, 73.625, 5.642579249008263e-22, nan 
142.125, 73.625, 5.877228379533291e-22, nan 
142.375, 73.625, 7.729557458196543e-22, nan 
142.625, 73.625, 6.373077519465013e-22, nan 
142.875, 73.625, 6.218141070188937e-22, nan 
143.125, 73.625, 6.934059824091236e-22, nan 
143.375, 73.625, 4.0177110973538294e-22, nan 
143.625, 73.625, 3.5712276130895108e-22, nan 
143.875, 73.625, 4.067431676217823e-22, nan 
144.125, 73.625, 4.1744410752251234e-22, nan 
144.375, 73.625, 4.444686047408246e-22, nan 
144.625, 73.625, 5.096551985629788e-22, nan 
144.875, 73.625, 4.593053373488725e-22, nan 
145.125, 73.625, 4.294331380316662e-22, nan 
145.375, 73.625, 3.706070087176053e-22, nan 
145.625, 73.625, 3.431920247539362e-22, nan 
145.875, 73.625, 4.278524092603364e-22, nan 
146.125, 73.625, 2.2297109127079885e-22, nan 
146.375, 73.625, 2.914034536419652e-22, nan 
146.625, 73.625, 4.257262953592746e-22, nan 
146.875, 73.625, 4.259721395587249e-22, nan 
147.125, 73.625, 7.086138836981684e-22, nan 
147.375, 73.625, 5.752453954924456e-22, nan 
147.625, 73.625, 6.560432920425021e-22, nan 
147.875, 73.625, 8.148944489971734e-22, nan 
148.125, 73.625, 5.898678208724717e-22, nan 
148.375, 73.625, 5.316120387212776e-22, nan 
148.625, 73.625, 7.121162852075548e-22, nan 
148.875, 73.625, 7.561494079141137e-22, nan 
149.125, 73.625, 6.151492769146491e-22, nan 
149.375, 73.625, 1.02687826447493e-21, nan 
149.625, 73.625, 1.0896231590202368e-21, nan 
149.875, 73.625, 4.618323951022617e-22, nan 
150.125, 73.625, 6.223814371323763e-22, nan 
150.375, 73.625, 5.588653812967142e-22, nan 
150.625, 73.625, 1.4076322644122851e-21, nan 
150.875, 73.625, 1.6286698269750382e-21, nan 
151.125, 73.625, 1.6863817406509556e-21, nan 
151.375, 73.625, 1.8445391048408588e-21, nan 
151.625, 73.625, 2.209645027401841e-21, nan 
151.875, 73.625, 2.3335069154930636e-21, nan 
152.125, 73.625, 2.1690040881700492e-21, nan 
152.375, 73.625, 2.530857876430937e-21, nan 
152.625, 73.625, 2.416358109720282e-21, nan 
152.875, 73.625, 2.4789730344286337e-21, nan 
153.125, 73.625, 3.789760071801519e-21, nan 
153.375, 73.625, 5.239245254422112e-21, nan 
153.625, 73.625, 6.58167675964959e-21, nan 
153.875, 73.625, 5.1759153897292434e-21, nan 
154.125, 73.625, 5.7609725565042694e-21, nan 
154.375, 73.625, 7.469502835543247e-21, nan 
154.625, 73.625, 5.8002489736527205e-21, nan 
154.875, 73.625, 5.0102980637277456e-21, nan 
155.125, 73.625, 4.7734454740474894e-21, nan 
155.375, 73.625, 5.333138745738155e-21, nan 
155.625, 73.625, 5.688836928519766e-21, nan 
155.875, 73.625, 4.770298882586127e-21, nan 
156.125, 73.625, 4.425541567034429e-21, nan 
156.375, 73.625, 2.4120354798042965e-21, nan 
156.625, 73.625, 2.0491791913739405e-21, nan 
156.875, 73.625, 5.511673523803411e-21, nan 
157.125, 73.625, 5.900063873341422e-21, nan 
157.375, 73.625, 5.38176218584097e-21, nan 
157.625, 73.625, 7.69079977410699e-21, nan 
157.875, 73.625, 8.26812223839099e-21, nan 
158.125, 73.625, 7.246200764325443e-21, nan 
158.375, 73.625, 7.193109463598186e-21, nan 
158.625, 73.625, 5.9302704639285585e-21, nan 
158.875, 73.625, 1.6780399519261713e-20, nan 
159.125, 73.625, 1.9485036512762828e-20, nan 
159.375, 73.625, 3.650131184281662e-20, nan 
159.625, 73.625, 3.0772291736612896e-20, nan 
159.875, 73.625, 3.0034992260892845e-20, nan 
160.125, 73.625, 7.081862264954448e-20, nan 
160.375, 73.625, 8.990251132801539e-20, nan 
160.625, 73.625, 2.5424552427825053e-19, nan 
160.875, 73.625, 3.0927936485368964e-19, nan 
161.125, 73.625, 3.3835972557786494e-19, nan 
161.375, 73.625, 4.249383535265947e-19, nan 
161.625, 73.625, 5.189336732692431e-19, nan 
161.875, 73.625, 7.020206368483366e-19, nan 
162.125, 73.625, 5.017812111655406e-19, nan 
162.375, 73.625, 5.056465390036238e-19, nan 
162.625, 73.625, 7.820962329829245e-19, nan 
162.875, 73.625, 1.0616954619682394e-18, nan 
163.125, 73.625, 1.1947610999193575e-18, nan 
163.375, 73.625, 1.4243274185516787e-18, nan 
163.625, 73.625, 1.7888436394243403e-18, nan 
163.875, 73.625, 1.897743216094322e-18, nan 
164.125, 73.625, 2.2135089279478216e-18, nan 
164.375, 73.625, 5.8334096954910245e-18, nan 
164.625, 73.625, 8.313436249418738e-18, nan 
164.875, 73.625, 5.152107859406458e-18, nan 
165.125, 73.625, 1.1364722325584569e-17, nan 
165.375, 73.625, 1.3555017849883718e-17, nan 
165.625, 73.625, 2.2005354403238124e-17, nan 
165.875, 73.625, 3.362880484499652e-17, nan 
166.125, 73.625, 3.892177340146011e-17, nan 
166.375, 73.625, 7.321523753580259e-17, nan 
166.625, 73.625, 4.018813651036251e-17, nan 
166.875, 73.625, 2.5789708900329127e-17, nan 
167.125, 73.625, 1.3006181406139741e-17, nan 
167.375, 73.625, 6.35657044843831e-18, nan 
167.625, 73.625, 4.261359287713359e-18, nan 
167.875, 73.625, 6.267476860595173e-18, nan 
168.125, 73.625, 5.149044792510125e-18, nan 
168.375, 73.625, 2.585835321781514e-18, nan 
168.625, 73.625, 1.6049460155960706e-18, nan 
168.875, 73.625, 2.000677370952966e-18, nan 
169.125, 73.625, 1.2250969309901474e-18, nan 
169.375, 73.625, 7.971387343342718e-19, nan 
169.625, 73.625, 3.251130395639393e-19, nan 
169.875, 73.625, 2.2594430183278886e-19, nan 
170.125, 73.625, 2.824608560217151e-19, nan 
170.375, 73.625, 9.255469196492535e-20, nan 
170.625, 73.625, 7.866150920609233e-20, nan 
170.875, 73.625, 4.578648360078659e-20, nan 
171.125, 73.625, 6.491592780872646e-20, nan 
171.375, 73.625, 6.425913691284744e-20, nan 
171.625, 73.625, 3.876490246759955e-20, nan 
171.875, 73.625, 2.396495973940652e-20, nan 
172.125, 73.625, 3.710005375095124e-20, nan 
172.375, 73.625, 3.0209376695913544e-20, nan 
172.625, 73.625, 1.2790440918400099e-20, nan 
172.875, 73.625, 2.6313561275051833e-20, nan 
173.125, 73.625, 2.9587506351878435e-20, nan 
173.375, 73.625, 1.939384752242625e-20, nan 
173.625, 73.625, 1.7083426867558942e-20, nan 
173.875, 73.625, 1.4770831607810448e-20, nan 
174.125, 73.625, 3.3261802426835874e-21, nan 
174.375, 73.625, 4.9887447883732685e-21, nan 
174.625, 73.625, 3.467414968049885e-21, nan 
174.875, 73.625, 7.394155478618473e-21, nan 
175.125, 73.625, 9.171531178929535e-21, nan 
175.375, 73.625, 8.338179844397924e-21, nan 
175.625, 73.625, 7.068196331880478e-21, nan 
175.875, 73.625, 8.73040137915227e-21, nan 
176.125, 73.625, 1.7434887439143558e-20, nan 
176.375, 73.625, 1.3544736772878189e-20, nan 
176.625, 73.625, 1.5262603976513034e-20, nan 
176.875, 73.625, 1.5841712306407895e-20, nan 
177.125, 73.625, 1.2817950613139302e-20, nan 
177.375, 73.625, 1.5223567855629718e-20, nan 
177.625, 73.625, 1.518612549568096e-20, nan 
177.875, 73.625, 4.443729389806605e-20, nan 
178.125, 73.625, 8.122912058682462e-20, nan 
178.375, 73.625, 7.76436801325735e-20, nan 
178.625, 73.625, 4.669063479918436e-20, nan 
178.875, 73.625, 1.2673937089373422e-20, nan 
179.125, 73.625, 8.779262988437194e-21, nan 
179.375, 73.625, 8.714851708524289e-21, nan 
179.625, 73.625, 7.245509214256237e-21, nan 
179.875, 73.625, 3.638615131828547e-21, nan 
-179.875, 73.875, 7.66365351304222e-21, nan 
-179.625, 73.875, 7.703801434070576e-21, nan 
-179.375, 73.875, 9.206008035339797e-21, nan 
-179.125, 73.875, 5.746925872721319e-21, nan 
-178.875, 73.875, 5.401640996306235e-21, nan 
-178.625, 73.875, 5.8998117630459356e-21, nan 
-178.375, 73.875, 4.2511194467309326e-21, nan 
-178.125, 73.875, 3.8852919735258455e-21, nan 
-177.875, 73.875, 2.9777681600882274e-21, nan 
-177.625, 73.875, 2.2807224095783927e-21, nan 
-177.375, 73.875, 2.635229134249616e-21, nan 
-177.125, 73.875, 1.8980539367935516e-21, nan 
-176.875, 73.875, 1.2703867575242145e-21, nan 
-176.625, 73.875, 1.836442595319251e-21, nan 
-176.375, 73.875, 1.6989058816944593e-21, nan 
-176.125, 73.875, 3.109699280456736e-21, nan 
-175.875, 73.875, 3.640739345342878e-21, nan 
-175.625, 73.875, 5.2963952336461265e-21, nan 
-175.375, 73.875, 6.055072958982213e-21, nan 
-175.125, 73.875, 7.370531129159949e-21, nan 
-174.875, 73.875, 2.6966070648502788e-20, nan 
-174.625, 73.875, 3.3692520610612254e-20, nan 
-174.375, 73.875, 2.730534836057864e-20, nan 
-174.125, 73.875, 3.8814959746976784e-20, nan 
-173.875, 73.875, 4.284568750389245e-20, nan 
-173.625, 73.875, 4.6254729003406415e-20, nan 
-173.375, 73.875, 3.844830379272902e-20, nan 
-173.125, 73.875, 2.4937208339008958e-20, nan 
-172.875, 73.875, 2.2090087158580595e-20, nan 
-172.625, 73.875, 2.1817021176352246e-20, nan 
-172.375, 73.875, 1.3082993863735446e-20, nan 
-172.125, 73.875, 1.604795337906891e-21, nan 
-171.875, 73.875, 2.45230566904442e-21, nan 
-171.625, 73.875, 1.0153643455670832e-21, nan 
-171.375, 73.875, 1.4492389832071561e-21, nan 
-171.125, 73.875, 3.296132311991686e-21, nan 
-170.875, 73.875, 3.479626866643459e-21, nan 
-170.625, 73.875, 1.8532365167716895e-21, nan 
-170.375, 73.875, 5.040976737750784e-21, nan 
-170.125, 73.875, 4.905443011617341e-21, nan 
-169.875, 73.875, 1.9517538891775936e-21, nan 
-169.625, 73.875, 2.1787462321421593e-21, nan 
-169.375, 73.875, 2.3802877182618644e-21, nan 
-169.125, 73.875, 2.3500110632195566e-21, nan 
-168.875, 73.875, 1.3760421793769562e-21, nan 
-168.625, 73.875, 1.6830572909073756e-21, nan 
-168.375, 73.875, 1.7308824903548596e-21, nan 
-168.125, 73.875, 1.047700058235976e-21, nan 
-167.875, 73.875, 1.1120447249113864e-21, nan 
-167.625, 73.875, 8.1473928558252375e-22, nan 
-167.375, 73.875, 4.671230798199243e-22, nan 
-167.125, 73.875, 9.184390744208625e-22, nan 
-166.875, 73.875, 5.565270806852996e-22, nan 
-166.625, 73.875, 4.535846498986047e-22, nan 
-166.375, 73.875, 6.062995851739517e-22, nan 
-166.125, 73.875, 3.951080172347987e-22, nan 
-165.875, 73.875, 2.902614261188515e-22, nan 
-165.625, 73.875, 2.31206229438738e-22, nan 
-165.375, 73.875, 1.09307054465993e-22, nan 
-165.125, 73.875, 1.9069450870059161e-22, nan 
-164.875, 73.875, 2.0275589042900763e-22, nan 
-164.625, 73.875, 3.2755267037706694e-22, nan 
-164.375, 73.875, 3.662288712395779e-22, nan 
-164.125, 73.875, 7.019290501619717e-22, nan 
-163.875, 73.875, 6.916431986013564e-22, nan 
-163.625, 73.875, 5.59799154164703e-22, nan 
-163.375, 73.875, 7.212782114371542e-22, nan 
-163.125, 73.875, 6.557615862501213e-22, nan 
-162.875, 73.875, 4.817768285971118e-22, nan 
-162.625, 73.875, 7.451624154183676e-22, nan 
-162.375, 73.875, 8.537710946318858e-22, nan 
-162.125, 73.875, 8.719969387665139e-22, nan 
-161.875, 73.875, 7.271641842214954e-22, nan 
-161.625, 73.875, 9.73576908872493e-22, nan 
-161.375, 73.875, 1.1754183977026262e-21, nan 
-161.125, 73.875, 1.1030437745180746e-21, nan 
-160.875, 73.875, 9.596501885454847e-22, nan 
-160.625, 73.875, 7.198974954375e-22, nan 
-160.375, 73.875, 6.1328825833915305e-22, nan 
-160.125, 73.875, 7.641467498554854e-22, nan 
-159.875, 73.875, 5.39705756222451e-22, nan 
-159.625, 73.875, 8.542377394949752e-22, nan 
-159.375, 73.875, 8.66399397281273e-22, nan 
-159.125, 73.875, 6.036227579715107e-22, nan 
-158.875, 73.875, 7.78677000282242e-22, nan 
-158.625, 73.875, 7.255260805554565e-22, nan 
-158.375, 73.875, 3.395098779412992e-22, nan 
-158.125, 73.875, 5.212003165723506e-22, nan 
-157.875, 73.875, 4.623190639738668e-22, nan 
-157.625, 73.875, 4.696784266346261e-22, nan 
-157.375, 73.875, 5.145697771952281e-22, nan 
-157.125, 73.875, 5.292934689725211e-22, nan 
-156.875, 73.875, 4.179026238044126e-22, nan 
-156.625, 73.875, 1.8205275829824713e-22, nan 
-156.375, 73.875, 3.3860371893995375e-22, nan 
-156.125, 73.875, 2.705054653076116e-22, nan 
-155.875, 73.875, 2.671240619889174e-22, nan 
-155.625, 73.875, 2.951510364263705e-22, nan 
-155.375, 73.875, 2.462637603645437e-22, nan 
-155.125, 73.875, 1.9542343980010476e-22, nan 
-154.875, 73.875, 2.1679482950451687e-22, nan 
-154.625, 73.875, 1.7947141822841973e-22, nan 
-154.375, 73.875, 1.8651872111330772e-22, nan 
-154.125, 73.875, 1.895445271414318e-22, nan 
-153.875, 73.875, 1.1301169787096636e-22, nan 
-153.625, 73.875, 1.5961789217359917e-22, nan 
-153.375, 73.875, 1.9193687097028808e-22, nan 
-153.125, 73.875, 2.9777276657924803e-22, nan 
-152.875, 73.875, 2.1475646940371255e-22, nan 
-152.625, 73.875, 2.384867933215685e-22, nan 
-152.375, 73.875, 4.811137436457374e-22, nan 
-152.125, 73.875, 3.1370695477337115e-22, nan 
-151.875, 73.875, 2.576698611884026e-22, nan 
-151.625, 73.875, 4.811745142970992e-22, nan 
-151.375, 73.875, 2.659893676103319e-22, nan 
-151.125, 73.875, 1.637861190634499e-22, nan 
-150.875, 73.875, 3.0774933704394696e-22, nan 
-150.625, 73.875, 1.4443400884844015e-22, nan 
-150.375, 73.875, 6.071684334408541e-23, nan 
-150.125, 73.875, 8.189374871713438e-23, nan 
-149.875, 73.875, 8.733404067987577e-23, nan 
-149.625, 73.875, 5.35715645312774e-23, nan 
-149.375, 73.875, 5.996073305387345e-23, nan 
-149.125, 73.875, 5.811448176978781e-23, nan 
-148.875, 73.875, 7.123016118323624e-23, nan 
-148.625, 73.875, 5.1263058679799004e-23, nan 
-148.375, 73.875, 8.06868725551829e-23, nan 
-148.125, 73.875, 1.273174803879582e-22, nan 
-147.875, 73.875, 1.3487614915874654e-22, nan 
-147.625, 73.875, 2.0632754960714227e-22, nan 
-147.375, 73.875, 1.3875936684709738e-22, nan 
-147.125, 73.875, 1.1206572677097296e-22, nan 
-146.875, 73.875, 1.0469076288222333e-22, nan 
-146.625, 73.875, 7.501795838575264e-23, nan 
-146.375, 73.875, 5.364055526496649e-23, nan 
-146.125, 73.875, 5.10765569243354e-23, nan 
-145.875, 73.875, 3.535273850147125e-23, nan 
-145.625, 73.875, 5.03928439291371e-23, nan 
-145.375, 73.875, 5.795506118075368e-23, nan 
-145.125, 73.875, 9.304908756806415e-23, nan 
-144.875, 73.875, 9.876446999720438e-23, nan 
-144.625, 73.875, 9.611826204051622e-23, nan 
-144.375, 73.875, 8.878849238276945e-23, nan 
-144.125, 73.875, 1.4514968935773702e-22, nan 
-143.875, 73.875, 1.3130297191470626e-22, nan 
-143.625, 73.875, 6.92493260726573e-23, nan 
-143.375, 73.875, 2.8953614224865628e-22, nan 
-143.125, 73.875, 3.7599822290974795e-22, nan 
-142.875, 73.875, 2.765184260647146e-22, nan 
-142.625, 73.875, 2.638042553642557e-22, nan 
-142.375, 73.875, 3.0814311223220815e-22, nan 
-142.125, 73.875, 1.9462789604238778e-22, nan 
-141.875, 73.875, 1.2294223990456254e-22, nan 
-141.625, 73.875, 1.442862261801018e-22, nan 
-141.375, 73.875, 1.0571256646322179e-22, nan 
-141.125, 73.875, 8.816679520492606e-23, nan 
-140.875, 73.875, 5.90680583866235e-23, nan 
-140.625, 73.875, 6.848244051143476e-23, nan 
-140.375, 73.875, 2.5737985617273706e-23, nan 
-140.125, 73.875, 3.377389768432194e-23, nan 
-139.875, 73.875, 3.669395594337164e-23, nan 
-139.625, 73.875, 3.142026258958929e-23, nan 
-139.375, 73.875, 2.2098333235991376e-23, nan 
-139.125, 73.875, 5.009206212749551e-23, nan 
-138.875, 73.875, 6.855742582945183e-23, nan 
-138.625, 73.875, 8.384150023702734e-23, nan 
-138.375, 73.875, 5.663122968214841e-23, nan 
-138.125, 73.875, 1.1531555597190869e-22, nan 
-137.875, 73.875, 8.94610514296319e-23, nan 
-137.625, 73.875, 5.62915023531209e-23, nan 
-137.375, 73.875, 8.431372878835137e-23, nan 
-137.125, 73.875, 9.845994646666825e-23, nan 
-136.875, 73.875, 8.163079297994444e-23, nan 
-136.625, 73.875, 6.947415000027822e-23, nan 
-136.375, 73.875, 9.84464412841922e-23, nan 
-136.125, 73.875, 1.2202209383678368e-22, nan 
-135.875, 73.875, 7.289544692709473e-23, nan 
-135.625, 73.875, 6.796746477351045e-23, nan 
-135.375, 73.875, 7.681001357938987e-23, nan 
-135.125, 73.875, 1.0155365359122015e-22, nan 
-134.875, 73.875, 1.3142000117408675e-22, nan 
-134.625, 73.875, 9.344043386687179e-23, nan 
-134.375, 73.875, 1.1414374003440096e-22, nan 
-134.125, 73.875, 1.475126985380807e-22, nan 
-133.875, 73.875, 1.5348560409655084e-22, nan 
-133.625, 73.875, 1.555913741965288e-22, nan 
-133.375, 73.875, 1.2594888137326025e-22, nan 
-133.125, 73.875, 1.3180913817135958e-22, nan 
-132.875, 73.875, 1.260603695757971e-22, nan 
-132.625, 73.875, 1.346551691862102e-22, nan 
-132.375, 73.875, 1.4770711757071237e-22, nan 
-132.125, 73.875, 1.4609211845281294e-22, nan 
-131.875, 73.875, 1.3399584493350443e-22, nan 
-131.625, 73.875, 1.63534865698614e-22, nan 
-131.375, 73.875, 2.2551889418513875e-22, nan 
-131.125, 73.875, 2.6172031010713376e-22, nan 
-130.875, 73.875, 1.5065838651030755e-22, nan 
-130.625, 73.875, 1.9634218061940932e-22, nan 
-130.375, 73.875, 1.7545992101453617e-22, nan 
-130.125, 73.875, 1.4674737756305383e-22, nan 
-129.875, 73.875, 1.1236241135917624e-22, nan 
-129.625, 73.875, 1.538273042378107e-22, nan 
-129.375, 73.875, 1.540576310591851e-22, nan 
-129.125, 73.875, 1.0789840319275888e-22, nan 
-128.875, 73.875, 1.2034608235076597e-22, nan 
-128.625, 73.875, 1.122277904787694e-22, nan 
-128.375, 73.875, 9.514118867422772e-23, nan 
-128.125, 73.875, 7.407118600573889e-23, nan 
-127.875, 73.875, 7.593183880780593e-23, nan 
-127.625, 73.875, 8.702431486605941e-23, nan 
-127.375, 73.875, 1.0529340379838354e-22, nan 
-127.125, 73.875, 7.83446121992278e-23, nan 
-126.875, 73.875, 7.7593557477274e-23, nan 
-126.625, 73.875, 1.1126560586757806e-22, nan 
-126.375, 73.875, 5.934979993031656e-23, nan 
-126.125, 73.875, 3.505466256404904e-23, nan 
-125.875, 73.875, 5.523471328617728e-23, nan 
-125.625, 73.875, 7.013552234702039e-23, nan 
-125.375, 73.875, 6.395009826618665e-23, nan 
-125.125, 73.875, 6.858805163127741e-23, nan 
-124.875, 73.875, 8.406550046257635e-23, nan 
-124.625, 73.875, 1.3649445698948463e-22, nan 
-124.375, 73.875, 1.72562675953652e-22, nan 
-124.125, 73.875, 9.608566854465237e-23, nan 
-123.875, 73.875, 1.2585146538606539e-22, nan 
-123.625, 73.875, 1.337971171180369e-22, nan 
-123.375, 73.875, 5.490138988349677e-23, nan 
-123.125, 73.875, 6.656730032243145e-23, nan 
-122.875, 73.875, 6.543074631527735e-23, nan 
-122.625, 73.875, 3.032417763583287e-23, nan 
-122.375, 73.875, 3.219291949470508e-23, nan 
-122.125, 73.875, 2.904414499920569e-23, nan 
-121.875, 73.875, 3.192240105474195e-23, nan 
-121.625, 73.875, 1.9978804134534658e-23, nan 
-121.375, 73.875, 1.498378261703971e-23, nan 
-121.125, 73.875, 3.005279526827269e-23, nan 
-120.875, 73.875, 2.802368817355974e-23, nan 
-120.625, 73.875, 2.4095032194897813e-23, nan 
-120.375, 73.875, 2.8836188883365295e-23, nan 
-120.125, 73.875, 2.73452643851789e-23, nan 
-119.875, 73.875, 3.3610321833041745e-23, nan 
-119.625, 73.875, 6.822811636685722e-23, nan 
-119.375, 73.875, 6.079726289262294e-23, nan 
-119.125, 73.875, 4.6854625622351095e-23, nan 
-118.875, 73.875, 6.433001458609552e-23, nan 
-118.625, 73.875, 6.311535210983518e-23, nan 
-118.375, 73.875, 3.7020948365615486e-23, nan 
-118.125, 73.875, 5.636292707769439e-23, nan 
-117.875, 73.875, 5.71452856350936e-23, nan 
-117.625, 73.875, 3.4800748904279053e-23, nan 
-117.375, 73.875, 5.34118267169476e-23, nan 
-117.125, 73.875, 5.2414550224482096e-23, nan 
-116.875, 73.875, 3.852485665840231e-23, nan 
-116.625, 73.875, 7.24430217855663e-23, nan 
-116.375, 73.875, 7.311384582693316e-23, nan 
-116.125, 73.875, 3.1475054483148127e-23, nan 
-115.875, 73.875, 2.775370498118228e-23, nan 
-115.625, 73.875, 4.1141984333727573e-23, nan 
-115.375, 73.875, 3.3080592489904364e-23, nan 
-115.125, 73.875, 2.831277863436653e-23, nan 
-114.875, 73.875, 1.0407391730123068e-23, nan 
-114.625, 73.875, 1.562922710184871e-23, nan 
-114.375, 73.875, 3.396840784930649e-23, nan 
-114.125, 73.875, 2.9341542216123515e-23, nan 
-113.875, 73.875, 5.81231655465337e-23, nan 
-113.625, 73.875, 6.769540240963838e-23, nan 
-113.375, 73.875, 7.76539134470651e-23, nan 
-113.125, 73.875, 1.4575005074954523e-22, nan 
-112.875, 73.875, 1.9926077716743191e-22, nan 
-112.625, 73.875, 1.3010406990332888e-22, nan 
-112.375, 73.875, 1.3003248932299418e-22, nan 
-112.125, 73.875, 2.30588770715987e-22, nan 
-111.875, 73.875, 1.2858234567612676e-22, nan 
-111.625, 73.875, 6.561088744792838e-23, nan 
-111.375, 73.875, 7.993064714628773e-23, nan 
-111.125, 73.875, 5.703869124187648e-23, nan 
-110.875, 73.875, 5.05228237786958e-23, nan 
-110.625, 73.875, 4.0043044417448274e-23, nan 
-110.375, 73.875, 3.2945864616808054e-23, nan 
-110.125, 73.875, 4.3228650018721574e-23, nan 
-109.875, 73.875, 3.091529578524635e-23, nan 
-109.625, 73.875, 2.975204446842234e-23, nan 
-109.375, 73.875, 3.5418094326791564e-23, nan 
81.375, 73.875, 7.355344541243034e-24, nan 
81.625, 73.875, 7.315907138670789e-24, nan 
81.875, 73.875, 8.444923286913276e-24, nan 
82.125, 73.875, 6.62761832025973e-24, nan 
82.375, 73.875, 9.136585013029867e-24, nan 
82.625, 73.875, 1.0552711894835544e-23, nan 
82.875, 73.875, 6.19857850997528e-24, nan 
83.125, 73.875, 6.654628061314706e-24, nan 
83.375, 73.875, 1.0970481610223417e-23, nan 
83.625, 73.875, 1.4580864728923763e-23, nan 
83.875, 73.875, 1.2131064080706962e-23, nan 
84.125, 73.875, 2.1145938161036738e-23, nan 
84.375, 73.875, 1.8953492312194664e-23, nan 
84.625, 73.875, 1.45050745639371e-23, nan 
84.875, 73.875, 1.7826100030716604e-23, nan 
85.125, 73.875, 1.2231871188181654e-23, nan 
85.375, 73.875, 1.1869439215529107e-23, nan 
85.625, 73.875, 8.480268686304695e-24, nan 
85.875, 73.875, 1.118578999251917e-23, nan 
86.125, 73.875, 1.1160738576557216e-23, nan 
86.375, 73.875, 1.5972606529333363e-23, nan 
86.625, 73.875, 1.8503192708006918e-23, nan 
86.875, 73.875, 1.21007783876141e-23, nan 
87.125, 73.875, 1.0612401275413387e-23, nan 
87.375, 73.875, 8.379268291979785e-24, nan 
87.625, 73.875, 8.340960985796779e-24, nan 
87.875, 73.875, 1.460579090192611e-23, nan 
88.125, 73.875, 6.703092900307739e-24, nan 
88.375, 73.875, 6.756988009320004e-24, nan 
88.625, 73.875, 9.618552534161106e-24, nan 
88.875, 73.875, 1.9282930135055344e-23, nan 
89.125, 73.875, 1.4260857211079604e-23, nan 
89.375, 73.875, 9.514238193668623e-24, nan 
89.625, 73.875, 1.381837766263881e-23, nan 
89.875, 73.875, 1.2598786581725968e-23, nan 
90.125, 73.875, 1.896646012058896e-23, nan 
90.375, 73.875, 1.5471794814605215e-23, nan 
90.625, 73.875, 1.2319349989126803e-23, nan 
90.875, 73.875, 1.5743843134845507e-23, nan 
91.125, 73.875, 5.5697996909691935e-24, nan 
91.375, 73.875, 1.5957883342878524e-23, nan 
91.625, 73.875, 1.8301157575805068e-23, nan 
91.875, 73.875, 9.783509606635372e-24, nan 
92.125, 73.875, 2.4270167713964875e-23, nan 
92.375, 73.875, 2.9946076595960944e-23, nan 
92.625, 73.875, 2.6531113196029645e-23, nan 
92.875, 73.875, 1.6309617999113476e-23, nan 
93.125, 73.875, 2.0476079602644833e-23, nan 
93.375, 73.875, 2.730406489079003e-23, nan 
93.625, 73.875, 2.4378532753962342e-23, nan 
93.875, 73.875, 2.4854724527922508e-23, nan 
94.125, 73.875, 2.2581812596621026e-23, nan 
94.375, 73.875, 2.4091222738133428e-23, nan 
94.625, 73.875, 2.895187467472928e-23, nan 
94.875, 73.875, 2.6443336118685512e-23, nan 
95.125, 73.875, 7.014077676306105e-23, nan 
95.375, 73.875, 6.953849245933586e-23, nan 
95.625, 73.875, 2.8463610030575345e-23, nan 
95.875, 73.875, 5.90353446122223e-23, nan 
96.125, 73.875, 9.980984884700562e-23, nan 
96.375, 73.875, 8.57150978114949e-23, nan 
96.625, 73.875, 9.316554505077935e-23, nan 
96.875, 73.875, 1.7910824922116164e-22, nan 
97.125, 73.875, 1.4818020183112974e-22, nan 
97.375, 73.875, 7.457105089354748e-23, nan 
97.625, 73.875, 1.083742835661955e-22, nan 
97.875, 73.875, 1.0163090392956328e-22, nan 
98.125, 73.875, 5.733287212162009e-23, nan 
98.375, 73.875, 2.022716517914852e-23, nan 
98.625, 73.875, 1.1096357156903255e-23, nan 
98.875, 73.875, 1.912310241028299e-23, nan 
99.125, 73.875, 1.7407419306452668e-23, nan 
99.375, 73.875, 1.6430691067166776e-23, nan 
99.625, 73.875, 1.629124673559392e-23, nan 
99.875, 73.875, 2.0680893445917238e-23, nan 
100.125, 73.875, 2.162948336462972e-23, nan 
100.375, 73.875, 2.731302549212401e-23, nan 
100.625, 73.875, 6.965712568518125e-23, nan 
100.875, 73.875, 7.204223891075318e-23, nan 
101.125, 73.875, 7.507780607920469e-23, nan 
101.375, 73.875, 6.350194329657332e-23, nan 
101.625, 73.875, 6.200307282662743e-23, nan 
101.875, 73.875, 6.122791129245093e-23, nan 
102.125, 73.875, 4.9275110196241423e-23, nan 
102.375, 73.875, 4.049560427486534e-23, nan 
102.625, 73.875, 2.178831577715868e-23, nan 
102.875, 73.875, 1.9948322098717063e-23, nan 
103.125, 73.875, 2.3296249019511517e-23, nan 
103.375, 73.875, 1.475303681599001e-23, nan 
103.625, 73.875, 1.1073477616112388e-23, nan 
103.875, 73.875, 1.6529664974175138e-23, nan 
104.125, 73.875, 1.1873144657995633e-23, nan 
104.375, 73.875, 9.060985507314067e-23, nan 
104.625, 73.875, 3.875083058830177e-23, nan 
104.875, 73.875, 1.9868887934308902e-23, nan 
105.125, 73.875, 1.638649223029664e-22, nan 
105.375, 73.875, 7.989406396043622e-23, nan 
105.625, 73.875, 3.500596285771481e-23, nan 
105.875, 73.875, 9.799591428381791e-23, nan 
106.125, 73.875, 5.461725938542607e-23, nan 
106.375, 73.875, 3.004559415531237e-23, nan 
106.625, 73.875, 1.4879777419908964e-23, nan 
106.875, 73.875, 1.3589264384158833e-23, nan 
107.125, 73.875, 1.2627499343525604e-23, nan 
107.375, 73.875, 2.310979902349841e-23, nan 
107.625, 73.875, 1.342612300064652e-23, nan 
107.875, 73.875, 1.2140419473411885e-23, nan 
108.125, 73.875, 2.1088148358931332e-23, nan 
108.375, 73.875, 1.728556087038686e-23, nan 
108.625, 73.875, 3.9205726462831314e-23, nan 
108.875, 73.875, 1.8603911552510583e-23, nan 
109.125, 73.875, 1.7257477905399955e-23, nan 
109.375, 73.875, 3.567183943306956e-23, nan 
109.625, 73.875, 1.2446848076244485e-23, nan 
109.875, 73.875, 9.689152697032242e-24, nan 
110.125, 73.875, 2.0609251250450938e-23, nan 
110.375, 73.875, 2.4983310619274448e-23, nan 
110.625, 73.875, 1.6121232704219944e-23, nan 
110.875, 73.875, 1.9566664026468866e-23, nan 
111.125, 73.875, 1.8633626283991636e-23, nan 
111.375, 73.875, 1.9698825522020083e-23, nan 
111.625, 73.875, 2.8309008422359845e-23, nan 
111.875, 73.875, 2.3107796428380234e-23, nan 
112.125, 73.875, 2.6758751106589176e-23, nan 
112.375, 73.875, 3.3794982050797376e-23, nan 
112.625, 73.875, 2.3330883900323253e-23, nan 
112.875, 73.875, 1.9260050100159193e-23, nan 
113.125, 73.875, 2.2666388353502227e-23, nan 
113.375, 73.875, 2.2494957390750682e-23, nan 
113.625, 73.875, 1.6631380002341492e-23, nan 
113.875, 73.875, 1.1842037610359402e-23, nan 
114.125, 73.875, 2.735824779343811e-23, nan 
114.375, 73.875, 3.160923530167995e-23, nan 
114.625, 73.875, 3.724407407530144e-23, nan 
114.875, 73.875, 2.7935407535883575e-23, nan 
115.125, 73.875, 3.6880915207201935e-23, nan 
115.375, 73.875, 3.613075005565497e-23, nan 
115.625, 73.875, 2.748269994361713e-23, nan 
115.875, 73.875, 3.0338094850356023e-23, nan 
116.125, 73.875, 1.96710350672285e-23, nan 
116.375, 73.875, 2.3600080616843918e-23, nan 
116.625, 73.875, 2.5021990968958706e-23, nan 
116.875, 73.875, 1.75150067658713e-23, nan 
117.125, 73.875, 1.9594088789150905e-23, nan 
117.375, 73.875, 2.85520454611238e-23, nan 
117.625, 73.875, 1.7707546566141906e-23, nan 
117.875, 73.875, 1.5405995163716798e-23, nan 
118.125, 73.875, 1.0968889078997833e-23, nan 
118.375, 73.875, 2.322517450549542e-23, nan 
118.625, 73.875, 2.5820064322053217e-23, nan 
118.875, 73.875, 2.2648459723973764e-23, nan 
119.125, 73.875, 2.44871332335024e-23, nan 
119.375, 73.875, 2.8575030770517715e-23, nan 
119.625, 73.875, 2.0944491762073448e-23, nan 
119.875, 73.875, 1.9049652717862277e-23, nan 
120.125, 73.875, 2.798571564688071e-23, nan 
120.375, 73.875, 9.721499407764432e-23, nan 
120.625, 73.875, 1.4075843745761995e-22, nan 
120.875, 73.875, 1.1866989870250277e-22, nan 
121.125, 73.875, 1.31543193673488e-22, nan 
121.375, 73.875, 2.4633984122380333e-22, nan 
121.625, 73.875, 1.3301841289327954e-22, nan 
121.875, 73.875, 9.325758224971377e-23, nan 
122.125, 73.875, 2.134564197115256e-22, nan 
122.375, 73.875, 2.0129387771903473e-22, nan 
122.625, 73.875, 9.461267936429237e-23, nan 
122.875, 73.875, 8.036330529926209e-23, nan 
123.125, 73.875, 1.8135985069802058e-22, nan 
123.375, 73.875, 7.728179674058792e-23, nan 
123.625, 73.875, 4.859287147212794e-23, nan 
123.875, 73.875, 8.348184988594362e-23, nan 
124.125, 73.875, 4.3574616041985943e-23, nan 
124.375, 73.875, 3.215011528677515e-23, nan 
124.625, 73.875, 8.48842784955497e-23, nan 
124.875, 73.875, 1.458169349143345e-22, nan 
125.125, 73.875, 1.3001899167175782e-22, nan 
125.375, 73.875, 1.2905329795166311e-22, nan 
125.625, 73.875, 1.3975310774765563e-22, nan 
125.875, 73.875, 1.1084475936167033e-22, nan 
126.125, 73.875, 1.073769845570313e-22, nan 
126.375, 73.875, 7.193968199040711e-23, nan 
126.625, 73.875, 1.1887851232896562e-23, nan 
126.875, 73.875, 7.993227058093351e-23, nan 
127.125, 73.875, 7.702216525427714e-23, nan 
127.375, 73.875, 4.6114446007296126e-23, nan 
127.625, 73.875, 6.445035420790798e-23, nan 
127.875, 73.875, 5.30675184739637e-23, nan 
128.125, 73.875, 9.429191811470702e-23, nan 
128.375, 73.875, 5.5349775212697e-23, nan 
128.625, 73.875, 1.0346766161388157e-22, nan 
128.875, 73.875, 1.5344070050361417e-22, nan 
129.125, 73.875, 1.2491540101292747e-22, nan 
129.375, 73.875, 1.547445216182623e-22, nan 
129.625, 73.875, 2.0269719616469874e-22, nan 
129.875, 73.875, 1.8588472435919983e-22, nan 
130.125, 73.875, 1.745546519736438e-22, nan 
130.375, 73.875, 1.622535953742946e-22, nan 
130.625, 73.875, 1.905957499923222e-22, nan 
130.875, 73.875, 1.6225580201391584e-22, nan 
131.125, 73.875, 1.2731545269546557e-22, nan 
131.375, 73.875, 5.2488371857351984e-23, nan 
131.625, 73.875, 7.880831920526278e-23, nan 
131.875, 73.875, 1.2433031105884245e-22, nan 
132.125, 73.875, 9.15473042849798e-23, nan 
132.375, 73.875, 1.185411814082372e-22, nan 
132.625, 73.875, 1.395440004423827e-22, nan 
132.875, 73.875, 1.1834070315314624e-22, nan 
133.125, 73.875, 1.3446492270779034e-22, nan 
133.375, 73.875, 1.2081014700862796e-22, nan 
133.625, 73.875, 1.239781231279376e-22, nan 
133.875, 73.875, 1.289005584671047e-22, nan 
134.125, 73.875, 1.0659529340969888e-22, nan 
134.375, 73.875, 7.97788324632944e-23, nan 
134.625, 73.875, 6.037647503267291e-23, nan 
134.875, 73.875, 1.1413343255105324e-22, nan 
135.125, 73.875, 1.162175194930448e-22, nan 
135.375, 73.875, 1.52816117655841e-22, nan 
135.625, 73.875, 1.5069397872719747e-22, nan 
135.875, 73.875, 1.2894476630825104e-22, nan 
136.125, 73.875, 1.6751374031814445e-22, nan 
136.375, 73.875, 1.203723317791156e-22, nan 
136.625, 73.875, 1.5515213228206444e-22, nan 
136.875, 73.875, 1.0976142542278336e-22, nan 
137.125, 73.875, 1.1442694979748908e-22, nan 
137.375, 73.875, 1.7731623343519725e-22, nan 
137.625, 73.875, 1.3826594516480123e-22, nan 
137.875, 73.875, 1.456984811773841e-22, nan 
138.125, 73.875, 2.0505904978926795e-22, nan 
138.375, 73.875, 1.5912817417087363e-22, nan 
138.625, 73.875, 1.9497822351187585e-22, nan 
138.875, 73.875, 2.4653194743193513e-22, nan 
139.125, 73.875, 1.7881140178699215e-22, nan 
139.375, 73.875, 1.2767646935357572e-22, nan 
139.625, 73.875, 1.4266814424920892e-22, nan 
139.875, 73.875, 2.946351552431482e-22, nan 
140.125, 73.875, 1.923007011315414e-22, nan 
140.375, 73.875, 2.527600675784974e-22, nan 
140.625, 73.875, 4.390282502726815e-22, nan 
140.875, 73.875, 4.2335409495064405e-22, nan 
141.125, 73.875, 2.5739244492865878e-22, nan 
141.375, 73.875, 6.837896592772976e-22, nan 
141.625, 73.875, 8.587633238749695e-22, nan 
141.875, 73.875, 5.369674412993515e-22, nan 
142.125, 73.875, 7.007943796396258e-22, nan 
142.375, 73.875, 8.509394362532611e-22, nan 
142.625, 73.875, 4.827858835117936e-22, nan 
142.875, 73.875, 3.8808892961291163e-22, nan 
143.125, 73.875, 2.0567649973542751e-22, nan 
143.375, 73.875, 1.6270781815827337e-22, nan 
143.625, 73.875, 1.8802528398778413e-22, nan 
143.875, 73.875, 3.443679350879708e-22, nan 
144.125, 73.875, 4.923898580262351e-22, nan 
144.375, 73.875, 2.6676707450007413e-22, nan 
144.625, 73.875, 4.006983077537578e-22, nan 
144.875, 73.875, 4.750970680861591e-22, nan 
145.125, 73.875, 4.575456975115582e-22, nan 
145.375, 73.875, 5.8659264446057145e-22, nan 
145.625, 73.875, 4.22912729394052e-22, nan 
145.875, 73.875, 4.637530580442824e-22, nan 
146.125, 73.875, 4.624178697455067e-22, nan 
146.375, 73.875, 3.957086856046364e-22, nan 
146.625, 73.875, 3.714871363088352e-22, nan 
146.875, 73.875, 7.637293356200406e-22, nan 
147.125, 73.875, 9.300993011209215e-22, nan 
147.375, 73.875, 7.233471138286415e-22, nan 
147.625, 73.875, 8.618933971110123e-22, nan 
147.875, 73.875, 1.080441485326276e-21, nan 
148.125, 73.875, 9.774963743643267e-22, nan 
148.375, 73.875, 9.73474081020194e-22, nan 
148.625, 73.875, 6.28076524817318e-22, nan 
148.875, 73.875, 1.0154603760726624e-21, nan 
149.125, 73.875, 1.6307001197868153e-21, nan 
149.375, 73.875, 7.870647654318237e-22, nan 
149.625, 73.875, 9.538145640418293e-22, nan 
149.875, 73.875, 1.453441184976655e-21, nan 
150.125, 73.875, 4.645238241316645e-22, nan 
150.375, 73.875, 1.2529308158285964e-21, nan 
150.625, 73.875, 2.4200826974973076e-21, nan 
150.875, 73.875, 1.4203764636837578e-21, nan 
151.125, 73.875, 2.12250505775366e-21, nan 
151.375, 73.875, 3.1499115347113212e-21, nan 
151.625, 73.875, 2.6390486728773496e-21, nan 
151.875, 73.875, 2.550109351028853e-21, nan 
152.125, 73.875, 2.7622495819361632e-21, nan 
152.375, 73.875, 2.892652874577403e-21, nan 
152.625, 73.875, 2.459568794193848e-21, nan 
152.875, 73.875, 2.5339301356933834e-21, nan 
153.125, 73.875, 2.9305520748781236e-21, nan 
153.375, 73.875, 5.0543567275444076e-21, nan 
153.625, 73.875, 7.032855249854909e-21, nan 
153.875, 73.875, 6.55175588246999e-21, nan 
154.125, 73.875, 6.257798946088847e-21, nan 
154.375, 73.875, 8.246766462298538e-21, nan 
154.625, 73.875, 7.430002942335978e-21, nan 
154.875, 73.875, 4.653245235829822e-21, nan 
155.125, 73.875, 4.85950432954863e-21, nan 
155.375, 73.875, 6.096984989019475e-21, nan 
155.625, 73.875, 5.175746658021499e-21, nan 
155.875, 73.875, 5.621168966584109e-21, nan 
156.125, 73.875, 6.853368520170674e-21, nan 
156.375, 73.875, 4.507705729225868e-21, nan 
156.625, 73.875, 3.3816165399102232e-21, nan 
156.875, 73.875, 4.500100192703998e-21, nan 
157.125, 73.875, 5.4075179247449595e-21, nan 
157.375, 73.875, 4.263127763583733e-21, nan 
157.625, 73.875, 5.457019153063405e-21, nan 
157.875, 73.875, 6.65842023441452e-21, nan 
158.125, 73.875, 4.478606941109692e-21, nan 
158.375, 73.875, 9.022399228547573e-21, nan 
158.625, 73.875, 4.4214468198272406e-21, nan 
158.875, 73.875, 6.997585435917804e-21, nan 
159.125, 73.875, 1.3927593211182116e-20, nan 
159.375, 73.875, 1.2640726325260453e-20, nan 
159.625, 73.875, 1.4302398012445578e-20, nan 
159.875, 73.875, 2.2421632952660878e-20, nan 
160.125, 73.875, 3.284776470968472e-20, nan 
160.375, 73.875, 4.734000620613472e-20, nan 
160.625, 73.875, 7.615735834390395e-20, nan 
160.875, 73.875, 1.000563005013646e-19, nan 
161.125, 73.875, 1.3842724584304455e-19, nan 
161.375, 73.875, 2.594770021010358e-19, nan 
161.625, 73.875, 3.247320565971395e-19, nan 
161.875, 73.875, 4.446481813510067e-19, nan 
162.125, 73.875, 3.97662521987233e-19, nan 
162.375, 73.875, 3.5129461625892687e-19, nan 
162.625, 73.875, 4.950253353128774e-19, nan 
162.875, 73.875, 6.078769969276351e-19, nan 
163.125, 73.875, 8.380620261801569e-19, nan 
163.375, 73.875, 7.042791697631297e-19, nan 
163.625, 73.875, 8.210667459063986e-19, nan 
163.875, 73.875, 1.3932059236497677e-18, nan 
164.125, 73.875, 2.1145852454248477e-18, nan 
164.375, 73.875, 3.2625173855234433e-18, nan 
164.625, 73.875, 3.673482724024252e-18, nan 
164.875, 73.875, 4.639747594239585e-18, nan 
165.125, 73.875, 6.812525135339717e-18, nan 
165.375, 73.875, 8.190935866684942e-18, nan 
165.625, 73.875, 1.5177773454528562e-17, nan 
165.875, 73.875, 2.0225122962618804e-17, nan 
166.125, 73.875, 4.705093315077118e-17, nan 
166.375, 73.875, 9.442417302268837e-17, nan 
166.625, 73.875, 6.269867425103042e-17, nan 
166.875, 73.875, 4.9426561049396024e-17, nan 
167.125, 73.875, 1.5485316679442644e-17, nan 
167.375, 73.875, 1.090319417807512e-17, nan 
167.625, 73.875, 8.84072715892992e-18, nan 
167.875, 73.875, 8.061627475602945e-18, nan 
168.125, 73.875, 6.4041390484042485e-18, nan 
168.375, 73.875, 3.814338517136447e-18, nan 
168.625, 73.875, 2.5520171725903517e-18, nan 
168.875, 73.875, 2.038166606321785e-18, nan 
169.125, 73.875, 1.3733185888196031e-18, nan 
169.375, 73.875, 6.697115807030592e-19, nan 
169.625, 73.875, 3.6429910232577404e-19, nan 
169.875, 73.875, 3.8403399850146155e-19, nan 
170.125, 73.875, 2.5917278515471043e-19, nan 
170.375, 73.875, 2.7604829383370437e-19, nan 
170.625, 73.875, 1.9845471182431186e-19, nan 
170.875, 73.875, 1.1737177094037033e-19, nan 
171.125, 73.875, 9.013179442430134e-20, nan 
171.375, 73.875, 8.155114453732858e-20, nan 
171.625, 73.875, 4.363406721238267e-20, nan 
171.875, 73.875, 1.1927467652239214e-20, nan 
172.125, 73.875, 1.1987820420276506e-20, nan 
172.375, 73.875, 1.8730002102085925e-20, nan 
172.625, 73.875, 2.1683145732681664e-20, nan 
172.875, 73.875, 1.478404028068239e-20, nan 
173.125, 73.875, 2.1250499581560307e-20, nan 
173.375, 73.875, 2.4624582112907496e-20, nan 
173.625, 73.875, 2.747713269896221e-20, nan 
173.875, 73.875, 2.215338891247505e-20, nan 
174.125, 73.875, 1.7259207570080254e-20, nan 
174.375, 73.875, 2.1437360451941986e-20, nan 
174.625, 73.875, 1.724615515251687e-20, nan 
174.875, 73.875, 1.079810872072347e-20, nan 
175.125, 73.875, 1.664654216813626e-20, nan 
175.375, 73.875, 1.4175873478678556e-20, nan 
175.625, 73.875, 7.73280098017082e-21, nan 
175.875, 73.875, 9.274615452209132e-21, nan 
176.125, 73.875, 1.496313571609921e-20, nan 
176.375, 73.875, 1.0022586346037115e-20, nan 
176.625, 73.875, 8.84989411074885e-21, nan 
176.875, 73.875, 1.5097428789293738e-20, nan 
177.125, 73.875, 1.1547431922787392e-20, nan 
177.375, 73.875, 1.3396275705441713e-20, nan 
177.625, 73.875, 1.3986716118090243e-20, nan 
177.875, 73.875, 1.0719859044819852e-20, nan 
178.125, 73.875, 9.867774203439227e-21, nan 
178.375, 73.875, 9.727007098032433e-21, nan 
178.625, 73.875, 7.165646609782497e-21, nan 
178.875, 73.875, 8.482752096209678e-21, nan 
179.125, 73.875, 9.222536929646319e-21, nan 
179.375, 73.875, 1.167006082641983e-20, nan 
179.625, 73.875, 8.638421263326084e-21, nan 
179.875, 73.875, 7.481102885692474e-21, nan 
-179.875, 74.125, 5.550351945026531e-21, nan 
-179.625, 74.125, 5.77857100428138e-21, nan 
-179.375, 74.125, 6.062244016812993e-21, nan 
-179.125, 74.125, 4.664925481214506e-21, nan 
-178.875, 74.125, 4.280748179305295e-21, nan 
-178.625, 74.125, 3.754952250359023e-21, nan 
-178.375, 74.125, 3.0269076015522466e-21, nan 
-178.125, 74.125, 2.5381514522624004e-21, nan 
-177.875, 74.125, 2.119623677181099e-21, nan 
-177.625, 74.125, 2.0145375674905726e-21, nan 
-177.375, 74.125, 1.5990324957583383e-21, nan 
-177.125, 74.125, 1.679656879708269e-21, nan 
-176.875, 74.125, 1.601819049127234e-21, nan 
-176.625, 74.125, 1.663242448433219e-21, nan 
-176.375, 74.125, 1.4006236617442249e-21, nan 
-176.125, 74.125, 3.079258243369453e-21, nan 
-175.875, 74.125, 2.3696558309142985e-21, nan 
-175.625, 74.125, 3.204916422942598e-21, nan 
-175.375, 74.125, 4.092563541851094e-21, nan 
-175.125, 74.125, 5.141107132394353e-21, nan 
-174.875, 74.125, 5.795177307224697e-21, nan 
-174.625, 74.125, 1.0108067650559062e-20, nan 
-174.375, 74.125, 8.076970252301239e-21, nan 
-174.125, 74.125, 1.9141156225049797e-20, nan 
-173.875, 74.125, 1.81497073354986e-20, nan 
-173.625, 74.125, 2.0180088060533525e-20, nan 
-173.375, 74.125, 1.837520753504377e-20, nan 
-173.125, 74.125, 1.6187837203188642e-20, nan 
-172.875, 74.125, 2.613740048995271e-21, nan 
-172.625, 74.125, 1.957735512627863e-21, nan 
-172.375, 74.125, 2.4245766029028736e-21, nan 
-172.125, 74.125, 1.6925192215866532e-21, nan 
-171.875, 74.125, 1.2815234643258713e-21, nan 
-171.625, 74.125, 1.0856895816633421e-21, nan 
-171.375, 74.125, 1.3877638092331729e-21, nan 
-171.125, 74.125, 1.0714990847352215e-21, nan 
-170.875, 74.125, 1.1546980802581397e-21, nan 
-170.625, 74.125, 9.27599118686813e-22, nan 
-170.375, 74.125, 3.4185777962587645e-21, nan 
-170.125, 74.125, 3.028482355162141e-21, nan 
-169.875, 74.125, 1.5797349734842712e-21, nan 
-169.625, 74.125, 1.4831712559526623e-21, nan 
-169.375, 74.125, 1.4264878778029263e-21, nan 
-169.125, 74.125, 1.983755742211926e-21, nan 
-168.875, 74.125, 1.2309176434172269e-21, nan 
-168.625, 74.125, 1.3706465475957932e-21, nan 
-168.375, 74.125, 9.68710220538694e-22, nan 
-168.125, 74.125, 6.952096918436541e-22, nan 
-167.875, 74.125, 3.7378431464744354e-22, nan 
-167.625, 74.125, 2.0059936505398292e-22, nan 
-167.375, 74.125, 3.7043925679010543e-22, nan 
-167.125, 74.125, 6.330267384683021e-22, nan 
-166.875, 74.125, 3.7326544462322073e-22, nan 
-166.625, 74.125, 3.9995329458622757e-22, nan 
-166.375, 74.125, 3.200420848495187e-22, nan 
-166.125, 74.125, 3.4491943482642805e-22, nan 
-165.875, 74.125, 2.428325395737118e-22, nan 
-165.625, 74.125, 2.3830395784082634e-22, nan 
-165.375, 74.125, 2.6100494360512924e-22, nan 
-165.125, 74.125, 3.34394365344259e-22, nan 
-164.875, 74.125, 1.0752990494216332e-21, nan 
-164.625, 74.125, 1.4619630393471537e-21, nan 
-164.375, 74.125, 7.502750425905539e-22, nan 
-164.125, 74.125, 1.4521358961149332e-21, nan 
-163.875, 74.125, 1.7429082081994347e-21, nan 
-163.625, 74.125, 1.0602977760124135e-21, nan 
-163.375, 74.125, 1.142892243348305e-21, nan 
-163.125, 74.125, 1.1136286370550582e-21, nan 
-162.875, 74.125, 9.07483833563643e-22, nan 
-162.625, 74.125, 1.1376701464760883e-21, nan 
-162.375, 74.125, 8.888532874670462e-22, nan 
-162.125, 74.125, 6.342252229694059e-22, nan 
-161.875, 74.125, 7.259605666254943e-22, nan 
-161.625, 74.125, 8.491765418150914e-22, nan 
-161.375, 74.125, 9.307342980539946e-22, nan 
-161.125, 74.125, 9.784288365005263e-22, nan 
-160.875, 74.125, 8.375725011695983e-22, nan 
-160.625, 74.125, 6.909866014013792e-22, nan 
-160.375, 74.125, 4.686682630413841e-22, nan 
-160.125, 74.125, 2.6953139405585935e-22, nan 
-159.875, 74.125, 4.2060564466718397e-22, nan 
-159.625, 74.125, 6.960572792039716e-22, nan 
-159.375, 74.125, 6.493785007038953e-22, nan 
-159.125, 74.125, 5.143057479394025e-22, nan 
-158.875, 74.125, 6.179853910224221e-22, nan 
-158.625, 74.125, 6.470078755884424e-22, nan 
-158.375, 74.125, 9.836077014131097e-22, nan 
-158.125, 74.125, 9.27275349917067e-22, nan 
-157.875, 74.125, 7.39697512347196e-22, nan 
-157.625, 74.125, 1.3472781917918032e-21, nan 
-157.375, 74.125, 1.5135634804391688e-21, nan 
-157.125, 74.125, 1.302577514468433e-21, nan 
-156.875, 74.125, 8.860854414532525e-22, nan 
-156.625, 74.125, 7.660663910580161e-22, nan 
-156.375, 74.125, 6.229608637934056e-22, nan 
-156.125, 74.125, 4.481608178390685e-22, nan 
-155.875, 74.125, 3.7058843672534523e-22, nan 
-155.625, 74.125, 3.800137198234625e-22, nan 
-155.375, 74.125, 3.5147205535647066e-22, nan 
-155.125, 74.125, 3.117080019036779e-22, nan 
-154.875, 74.125, 2.715701909760301e-22, nan 
-154.625, 74.125, 2.473121817089503e-22, nan 
-154.375, 74.125, 1.9341250898259262e-22, nan 
-154.125, 74.125, 6.131392023419866e-23, nan 
-153.875, 74.125, 5.303778523652553e-23, nan 
-153.625, 74.125, 4.714114836829237e-23, nan 
-153.375, 74.125, 7.66049027684673e-23, nan 
-153.125, 74.125, 8.291868275628155e-23, nan 
-152.875, 74.125, 1.284702452900958e-22, nan 
-152.625, 74.125, 1.4931244293299652e-22, nan 
-152.375, 74.125, 1.690710375539698e-22, nan 
-152.125, 74.125, 1.6589292292571764e-22, nan 
-151.875, 74.125, 1.4764958752416604e-22, nan 
-151.625, 74.125, 3.4275878902951996e-22, nan 
-151.375, 74.125, 2.6257191773648645e-22, nan 
-151.125, 74.125, 2.378831691001845e-22, nan 
-150.875, 74.125, 1.5127458912057254e-22, nan 
-150.625, 74.125, 1.743200444474276e-22, nan 
-150.375, 74.125, 2.164025384202115e-22, nan 
-150.125, 74.125, 1.5944587846892469e-22, nan 
-149.875, 74.125, 1.1946016785802918e-22, nan 
-149.625, 74.125, 1.3253951701358375e-22, nan 
-149.375, 74.125, 1.2232592935240713e-22, nan 
-149.125, 74.125, 1.0697897022027122e-22, nan 
-148.875, 74.125, 7.838580764004184e-23, nan 
-148.625, 74.125, 1.6700302611410323e-22, nan 
-148.375, 74.125, 2.9656514457023064e-22, nan 
-148.125, 74.125, 1.2123981755097566e-22, nan 
-147.875, 74.125, 2.0402457400141915e-22, nan 
-147.625, 74.125, 3.887599204981061e-22, nan 
-147.375, 74.125, 1.8537689393894427e-22, nan 
-147.125, 74.125, 1.7138356352578114e-22, nan 
-146.875, 74.125, 2.1080217452175663e-22, nan 
-146.625, 74.125, 1.4802370606411313e-22, nan 
-146.375, 74.125, 1.3686003961737968e-22, nan 
-146.125, 74.125, 1.1639146377642996e-22, nan 
-145.875, 74.125, 1.185260528911466e-22, nan 
-145.625, 74.125, 9.923426498740755e-23, nan 
-145.375, 74.125, 1.0125533764554248e-22, nan 
-145.125, 74.125, 1.231014694864234e-22, nan 
-144.875, 74.125, 9.400937780808116e-23, nan 
-144.625, 74.125, 8.178586335105421e-23, nan 
-144.375, 74.125, 6.031087214151976e-23, nan 
-144.125, 74.125, 5.917647387445602e-23, nan 
-143.875, 74.125, 1.4742099133897075e-22, nan 
-143.625, 74.125, 1.9906244258542069e-22, nan 
-143.375, 74.125, 7.164781963792548e-23, nan 
-143.125, 74.125, 4.38868483841473e-22, nan 
-142.875, 74.125, 4.788942200320099e-22, nan 
-142.625, 74.125, 2.7336322148825515e-22, nan 
-142.375, 74.125, 4.259248501902717e-22, nan 
-142.125, 74.125, 3.861422632244088e-22, nan 
-141.875, 74.125, 3.0703414417445944e-22, nan 
-141.625, 74.125, 1.7198843309950606e-22, nan 
-141.375, 74.125, 9.590365583820026e-23, nan 
-141.125, 74.125, 1.574877099157473e-22, nan 
-140.875, 74.125, 1.2591140053763615e-22, nan 
-140.625, 74.125, 9.846027162282696e-23, nan 
-140.375, 74.125, 9.014142235564891e-23, nan 
-140.125, 74.125, 9.864800816846743e-23, nan 
-139.875, 74.125, 1.0025799569694163e-22, nan 
-139.625, 74.125, 1.1842336386523576e-22, nan 
-139.375, 74.125, 1.399659496649689e-22, nan 
-139.125, 74.125, 7.779045457416229e-23, nan 
-138.875, 74.125, 5.550150179225066e-23, nan 
-138.625, 74.125, 1.321230157924992e-22, nan 
-138.375, 74.125, 8.19137024391832e-23, nan 
-138.125, 74.125, 8.070313987689998e-23, nan 
-137.875, 74.125, 8.192180738547095e-23, nan 
-137.625, 74.125, 7.157253776181743e-23, nan 
-137.375, 74.125, 8.734942422439008e-23, nan 
-137.125, 74.125, 1.0494663897429063e-22, nan 
-136.875, 74.125, 8.459353570394554e-23, nan 
-136.625, 74.125, 8.338072117346899e-23, nan 
-136.375, 74.125, 9.610344744500846e-23, nan 
-136.125, 74.125, 1.174251745028966e-22, nan 
-135.875, 74.125, 9.358558997245132e-23, nan 
-135.625, 74.125, 8.764378657148255e-23, nan 
-135.375, 74.125, 8.16666677056792e-23, nan 
-135.125, 74.125, 1.1843990468931988e-22, nan 
-134.875, 74.125, 9.818685559987115e-23, nan 
-134.625, 74.125, 1.3743884879626475e-22, nan 
-134.375, 74.125, 1.890518304708964e-22, nan 
-134.125, 74.125, 1.730175601914565e-22, nan 
-133.875, 74.125, 1.8124446179060515e-22, nan 
-133.625, 74.125, 1.8729350247815085e-22, nan 
-133.375, 74.125, 1.8782462939767065e-22, nan 
-133.125, 74.125, 1.267830796730112e-22, nan 
-132.875, 74.125, 1.160527883494852e-22, nan 
-132.625, 74.125, 1.4326736996924424e-22, nan 
-132.375, 74.125, 1.1012500357910663e-22, nan 
-132.125, 74.125, 7.852609452394082e-23, nan 
-131.875, 74.125, 1.0840562150615985e-22, nan 
-131.625, 74.125, 7.153486286363802e-23, nan 
-131.375, 74.125, 6.012417281216021e-23, nan 
-131.125, 74.125, 1.177747129750383e-22, nan 
-130.875, 74.125, 1.693906600983036e-22, nan 
-130.625, 74.125, 2.196121645291499e-22, nan 
-130.375, 74.125, 2.1025665359288823e-22, nan 
-130.125, 74.125, 1.7071776014293015e-22, nan 
-129.875, 74.125, 1.8943047200159623e-22, nan 
-129.625, 74.125, 1.5183419187942958e-22, nan 
-129.375, 74.125, 1.1461251694799413e-22, nan 
-129.125, 74.125, 7.245723008085077e-23, nan 
-128.875, 74.125, 9.086331489250214e-23, nan 
-128.625, 74.125, 9.161818330385718e-23, nan 
-128.375, 74.125, 8.492547487075669e-23, nan 
-128.125, 74.125, 7.199009745642071e-23, nan 
-127.875, 74.125, 6.830618161002651e-23, nan 
-127.625, 74.125, 1.0159220167751577e-22, nan 
-127.375, 74.125, 9.823282841516691e-23, nan 
-127.125, 74.125, 1.0226617601969555e-22, nan 
-126.875, 74.125, 6.793103569198644e-23, nan 
-126.625, 74.125, 7.252502268489305e-23, nan 
-126.375, 74.125, 7.395925698454034e-23, nan 
-126.125, 74.125, 4.7284911559856323e-23, nan 
-125.875, 74.125, 5.950648441884005e-23, nan 
-125.625, 74.125, 1.0981247276827026e-22, nan 
-125.375, 74.125, 1.1966703337093833e-22, nan 
-125.125, 74.125, 1.969678137450821e-22, nan 
-124.875, 74.125, 2.3269957367507025e-22, nan 
-124.625, 74.125, 1.275695309685723e-22, nan 
-124.375, 74.125, 1.7170192043257779e-22, nan 
-124.125, 74.125, 1.9562140828551122e-22, nan 
-123.875, 74.125, 9.932692949561381e-23, nan 
-123.625, 74.125, 8.63351576247012e-23, nan 
-123.375, 74.125, 8.171605876194388e-23, nan 
-123.125, 74.125, 7.108322036444045e-23, nan 
-122.875, 74.125, 7.285363838316098e-23, nan 
-122.625, 74.125, 1.5898910705001227e-23, nan 
-122.375, 74.125, 4.0615940802557385e-23, nan 
-122.125, 74.125, 6.225498793509315e-23, nan 
-121.875, 74.125, 1.7077270091989986e-23, nan 
-121.625, 74.125, 2.0920069256510608e-23, nan 
-121.375, 74.125, 3.0531002477271906e-23, nan 
-121.125, 74.125, 1.9716032209791696e-23, nan 
-120.875, 74.125, 2.446357669535938e-23, nan 
-120.625, 74.125, 2.4536874777555238e-23, nan 
-120.375, 74.125, 2.1466025325905194e-23, nan 
-120.125, 74.125, 2.257264279190625e-23, nan 
-119.875, 74.125, 2.6766713235893394e-23, nan 
-119.625, 74.125, 2.5633857676273247e-23, nan 
-119.375, 74.125, 4.6365786396217716e-23, nan 
-119.125, 74.125, 4.704172282236025e-23, nan 
-118.875, 74.125, 5.2150578919125953e-23, nan 
-118.625, 74.125, 5.012409676874787e-23, nan 
-118.375, 74.125, 3.907178188402848e-23, nan 
-118.125, 74.125, 3.016154253397437e-23, nan 
-117.875, 74.125, 1.0829834413314354e-23, nan 
-117.625, 74.125, 9.282214135542253e-24, nan 
-117.375, 74.125, 1.5135087507024827e-23, nan 
-117.125, 74.125, 1.5725910706269072e-23, nan 
-116.875, 74.125, 5.405351497629617e-23, nan 
-116.625, 74.125, 8.946825854483247e-23, nan 
-116.375, 74.125, 6.702814412982067e-23, nan 
-116.125, 74.125, 7.163697717030593e-23, nan 
-115.875, 74.125, 1.0310157141338214e-22, nan 
-115.625, 74.125, 6.057848980382621e-23, nan 
-115.375, 74.125, 3.6616858558626686e-23, nan 
-115.125, 74.125, 4.476553534212798e-23, nan 
-114.875, 74.125, 1.9210081667495758e-23, nan 
-114.625, 74.125, 3.2448462498781935e-23, nan 
-114.375, 74.125, 5.297382351543248e-23, nan 
-114.125, 74.125, 9.685105820723537e-23, nan 
-113.875, 74.125, 9.037062713208408e-23, nan 
-113.625, 74.125, 8.633162704087113e-23, nan 
-113.375, 74.125, 1.117429229818523e-22, nan 
-113.125, 74.125, 7.88048518236104e-23, nan 
-112.875, 74.125, 6.409398552283128e-23, nan 
-112.625, 74.125, 8.382912243573432e-23, nan 
-112.375, 74.125, 1.3134505398022737e-22, nan 
-112.125, 74.125, 1.655966382259211e-22, nan 
-111.875, 74.125, 1.187635082689396e-22, nan 
-111.625, 74.125, 1.1861224690711982e-22, nan 
-111.375, 74.125, 1.075497561812354e-22, nan 
-111.125, 74.125, 6.289096934603253e-23, nan 
-110.875, 74.125, 3.9472008061207954e-23, nan 
-110.625, 74.125, 3.5148787451676217e-23, nan 
-110.375, 74.125, 2.5926136267474715e-23, nan 
-110.125, 74.125, 4.760456970836665e-23, nan 
-109.875, 74.125, 3.120556414662005e-23, nan 
-109.625, 74.125, 2.8076219519515735e-23, nan 
-109.375, 74.125, 3.7034224330126376e-23, nan 
-109.125, 74.125, 2.6445481677254342e-23, nan 
-108.875, 74.125, 2.8066235527558505e-23, nan 
80.875, 74.125, 2.658515674810952e-23, nan 
81.125, 74.125, 4.911663381602839e-23, nan 
81.375, 74.125, 6.1527439045272044e-24, nan 
81.625, 74.125, 1.457658172156046e-23, nan 
81.875, 74.125, 2.6343658321001115e-23, nan 
82.125, 74.125, 6.889778734022069e-24, nan 
82.375, 74.125, 9.83562839719028e-24, nan 
82.625, 74.125, 9.170670757496153e-24, nan 
82.875, 74.125, 6.613945895050332e-24, nan 
83.125, 74.125, 5.924125900499154e-24, nan 
83.375, 74.125, 4.279536598013907e-24, nan 
83.625, 74.125, 8.429616901709535e-24, nan 
83.875, 74.125, 1.553320345116629e-23, nan 
84.125, 74.125, 1.7698717913660233e-23, nan 
84.375, 74.125, 1.882004894158039e-23, nan 
84.625, 74.125, 1.7355542441366804e-23, nan 
84.875, 74.125, 1.8851698084954403e-23, nan 
85.125, 74.125, 1.7293790568258254e-23, nan 
85.375, 74.125, 1.537820143331635e-23, nan 
85.625, 74.125, 1.005079432785031e-23, nan 
85.875, 74.125, 6.814762950048501e-24, nan 
86.125, 74.125, 4.6967395432393326e-24, nan 
86.375, 74.125, 6.2838732557889436e-24, nan 
86.625, 74.125, 7.01620541792496e-24, nan 
86.875, 74.125, 1.0184954194917957e-23, nan 
87.125, 74.125, 1.5503326493998077e-23, nan 
87.375, 74.125, 6.859982978136857e-24, nan 
87.625, 74.125, 1.234510719543948e-23, nan 
87.875, 74.125, 2.881606381717314e-23, nan 
88.125, 74.125, 1.8823762150192204e-23, nan 
88.375, 74.125, 1.8604423695530384e-23, nan 
88.625, 74.125, 2.1539969673490472e-23, nan 
88.875, 74.125, 2.5415985686509944e-23, nan 
89.125, 74.125, 2.172218842672557e-23, nan 
89.375, 74.125, 1.0560898368207066e-23, nan 
89.625, 74.125, 1.5189968364028284e-23, nan 
89.875, 74.125, 1.7511781096222436e-23, nan 
90.125, 74.125, 9.874929074779385e-24, nan 
90.375, 74.125, 1.6003683491932906e-23, nan 
90.625, 74.125, 2.1230122124804392e-23, nan 
90.875, 74.125, 1.4462578124508784e-23, nan 
91.125, 74.125, 1.2966940304732236e-23, nan 
91.375, 74.125, 1.4375710631746295e-23, nan 
91.625, 74.125, 1.1428118461199302e-23, nan 
91.875, 74.125, 1.3013959848292335e-23, nan 
92.125, 74.125, 1.6694871136640475e-23, nan 
92.375, 74.125, 1.7680129629627686e-23, nan 
92.625, 74.125, 1.7862988741504532e-23, nan 
92.875, 74.125, 1.1382571124145407e-23, nan 
93.125, 74.125, 8.206133624646121e-24, nan 
93.375, 74.125, 6.3156381343562185e-24, nan 
93.625, 74.125, 6.393459621774618e-24, nan 
93.875, 74.125, 1.458341897130124e-23, nan 
94.125, 74.125, 1.3043782021569514e-23, nan 
94.375, 74.125, 1.0340975905215561e-22, nan 
94.625, 74.125, 9.736506777896928e-23, nan 
94.875, 74.125, 4.7720070431261965e-23, nan 
95.125, 74.125, 1.7497801257470338e-22, nan 
95.375, 74.125, 1.7520115720405996e-22, nan 
95.625, 74.125, 7.553455983948434e-23, nan 
95.875, 74.125, 8.726218638916735e-23, nan 
96.125, 74.125, 9.193383081742121e-23, nan 
96.375, 74.125, 5.841809393884002e-23, nan 
96.625, 74.125, 1.2153826573329715e-22, nan 
96.875, 74.125, 1.2365471416464312e-22, nan 
97.125, 74.125, 7.769055077850774e-23, nan 
97.375, 74.125, 1.3698830360643168e-22, nan 
97.625, 74.125, 1.336392654471186e-22, nan 
97.875, 74.125, 9.26326270577676e-23, nan 
98.125, 74.125, 9.805888209218532e-23, nan 
98.375, 74.125, 9.514974284129699e-23, nan 
98.625, 74.125, 9.20030817161116e-23, nan 
98.875, 74.125, 6.047052317739038e-23, nan 
99.125, 74.125, 3.402932132646688e-23, nan 
99.375, 74.125, 1.8637122578848993e-23, nan 
99.625, 74.125, 2.3101137040910334e-23, nan 
99.875, 74.125, 3.0616759184695115e-23, nan 
100.125, 74.125, 2.439293611470147e-23, nan 
100.375, 74.125, 1.9667041528825484e-23, nan 
100.625, 74.125, 4.8131884919596186e-23, nan 
100.875, 74.125, 3.8064159412720333e-23, nan 
101.125, 74.125, 1.7531229805899316e-23, nan 
101.375, 74.125, 3.6703511848765035e-23, nan 
101.625, 74.125, 4.628859956457297e-23, nan 
101.875, 74.125, 5.43993595252578e-23, nan 
102.125, 74.125, 4.516621733866636e-23, nan 
102.375, 74.125, 4.1561738663268546e-23, nan 
102.625, 74.125, 4.978443150734114e-23, nan 
102.875, 74.125, 3.8426470886671856e-23, nan 
103.125, 74.125, 2.917763779325744e-23, nan 
103.375, 74.125, 3.167385778210569e-23, nan 
103.625, 74.125, 3.209572947767915e-23, nan 
103.875, 74.125, 2.0345372611450665e-23, nan 
104.125, 74.125, 1.7147173670797626e-23, nan 
104.375, 74.125, 1.57126092514139e-23, nan 
104.625, 74.125, 2.1368664271322817e-23, nan 
104.875, 74.125, 2.2310522661036536e-23, nan 
105.125, 74.125, 8.197833968001088e-23, nan 
105.375, 74.125, 4.8550211220757067e-23, nan 
105.625, 74.125, 2.4510559794129452e-23, nan 
105.875, 74.125, 1.2955953778739968e-23, nan 
106.125, 74.125, 9.066211854342988e-24, nan 
106.375, 74.125, 1.3132844555504545e-23, nan 
106.625, 74.125, 2.2233124685582256e-23, nan 
106.875, 74.125, 3.997703608707443e-23, nan 
107.125, 74.125, 1.531860997751426e-23, nan 
107.375, 74.125, 2.391117861262025e-23, nan 
107.625, 74.125, 3.383130054864916e-23, nan 
107.875, 74.125, 1.7009155347212834e-23, nan 
108.125, 74.125, 1.0973156683091671e-23, nan 
108.375, 74.125, 1.7961128303964905e-23, nan 
108.625, 74.125, 3.170689428692423e-23, nan 
108.875, 74.125, 1.0082748624025168e-23, nan 
109.125, 74.125, 9.794371463814934e-24, nan 
109.375, 74.125, 2.839960785204847e-23, nan 
109.625, 74.125, 2.9197062842633996e-23, nan 
109.875, 74.125, 1.2923298766631269e-23, nan 
110.125, 74.125, 2.290038156966195e-23, nan 
110.375, 74.125, 2.9177170824804295e-23, nan 
110.625, 74.125, 2.4349632220197276e-23, nan 
110.875, 74.125, 1.731484749930993e-23, nan 
111.125, 74.125, 2.7695954308822645e-23, nan 
111.375, 74.125, 3.2535404245902025e-23, nan 
111.625, 74.125, 2.305822924381619e-23, nan 
111.875, 74.125, 2.9388773949955937e-23, nan 
112.125, 74.125, 3.475949478550938e-23, nan 
112.375, 74.125, 2.282797482011499e-23, nan 
112.625, 74.125, 1.370795853357471e-23, nan 
112.875, 74.125, 2.554343902892037e-23, nan 
113.125, 74.125, 4.61256991713222e-23, nan 
113.375, 74.125, 5.297326204943525e-23, nan 
113.625, 74.125, 2.3297105844258554e-23, nan 
113.875, 74.125, 3.4239943469194437e-23, nan 
114.125, 74.125, 2.971784754893607e-23, nan 
114.375, 74.125, 4.0767055529936396e-23, nan 
114.625, 74.125, 4.2116243342659806e-23, nan 
114.875, 74.125, 4.073391333523785e-23, nan 
115.125, 74.125, 4.9107890375747954e-23, nan 
115.375, 74.125, 3.051680336562381e-23, nan 
115.625, 74.125, 2.4433524174521973e-23, nan 
115.875, 74.125, 3.301823617482633e-23, nan 
116.125, 74.125, 1.6541581489073384e-23, nan 
116.375, 74.125, 2.110643111330479e-23, nan 
116.625, 74.125, 2.1223508629361783e-23, nan 
116.875, 74.125, 4.861680636244215e-24, nan 
117.125, 74.125, 2.016692310407464e-23, nan 
117.375, 74.125, 3.362806132773497e-23, nan 
117.625, 74.125, 6.092890667982936e-24, nan 
117.875, 74.125, 2.65411820918574e-23, nan 
118.125, 74.125, 3.971119886936442e-23, nan 
118.375, 74.125, 2.5993766601965182e-23, nan 
118.625, 74.125, 2.804773698634448e-23, nan 
118.875, 74.125, 3.4037483013582016e-23, nan 
119.125, 74.125, 2.9398259679411133e-23, nan 
119.375, 74.125, 2.5409244273257585e-23, nan 
119.625, 74.125, 4.127102801896537e-23, nan 
119.875, 74.125, 4.2294836163156514e-23, nan 
120.125, 74.125, 1.2651243437035663e-22, nan 
120.375, 74.125, 1.1207227755316539e-22, nan 
120.625, 74.125, 8.276490738333192e-23, nan 
120.875, 74.125, 2.221298056675845e-22, nan 
121.125, 74.125, 1.801728043380987e-22, nan 
121.375, 74.125, 1.1817593095226872e-22, nan 
121.625, 74.125, 1.277717444282791e-22, nan 
121.875, 74.125, 1.375583208034569e-22, nan 
122.125, 74.125, 1.179223817669782e-22, nan 
122.375, 74.125, 1.1131889858145237e-22, nan 
122.625, 74.125, 6.311985466580563e-23, nan 
122.875, 74.125, 5.560881131753971e-23, nan 
123.125, 74.125, 1.0845526024205844e-22, nan 
123.375, 74.125, 7.936620628630264e-23, nan 
123.625, 74.125, 7.515410509263849e-23, nan 
123.875, 74.125, 6.611331273790608e-23, nan 
124.125, 74.125, 6.360241155848017e-23, nan 
124.375, 74.125, 1.385030385876518e-22, nan 
124.625, 74.125, 1.2562112711636879e-22, nan 
124.875, 74.125, 1.1436239214117342e-22, nan 
125.125, 74.125, 1.583105888017386e-22, nan 
125.375, 74.125, 1.3927443174935015e-22, nan 
125.625, 74.125, 6.606954665939276e-23, nan 
125.875, 74.125, 1.499142648088156e-23, nan 
126.125, 74.125, 1.8475571865472133e-23, nan 
126.375, 74.125, 2.5455692215245785e-23, nan 
126.625, 74.125, 1.4895253876410883e-23, nan 
126.875, 74.125, 3.443023527567639e-23, nan 
127.125, 74.125, 3.9091432928681294e-23, nan 
127.375, 74.125, 5.568251343608916e-23, nan 
127.625, 74.125, 8.593362511623319e-23, nan 
127.875, 74.125, 3.827495201915085e-23, nan 
128.125, 74.125, 3.60275002857709e-23, nan 
128.375, 74.125, 9.953828536200787e-23, nan 
128.625, 74.125, 1.1421640405552236e-22, nan 
128.875, 74.125, 1.6766967437595453e-22, nan 
129.125, 74.125, 1.409189232645028e-22, nan 
129.375, 74.125, 1.4162887301825554e-22, nan 
129.625, 74.125, 1.7488208731175842e-22, nan 
129.875, 74.125, 1.2818143622096938e-22, nan 
130.125, 74.125, 1.2402211556816005e-22, nan 
130.375, 74.125, 8.961029054084204e-23, nan 
130.625, 74.125, 1.0219628516891809e-22, nan 
130.875, 74.125, 1.1381260141410063e-22, nan 
131.125, 74.125, 8.750946895784402e-23, nan 
131.375, 74.125, 4.885562386868953e-23, nan 
131.625, 74.125, 7.153551300335611e-23, nan 
131.875, 74.125, 1.308960569373687e-22, nan 
132.125, 74.125, 1.9054760413738065e-22, nan 
132.375, 74.125, 1.0265254676586891e-22, nan 
132.625, 74.125, 1.3782161566651107e-22, nan 
132.875, 74.125, 1.9325712698697944e-22, nan 
133.125, 74.125, 9.25110660299062e-23, nan 
133.375, 74.125, 7.411228171610193e-23, nan 
133.625, 74.125, 5.303111640685182e-23, nan 
133.875, 74.125, 7.891179347318309e-23, nan 
134.125, 74.125, 7.795863044310517e-23, nan 
134.375, 74.125, 6.728884899597232e-23, nan 
134.625, 74.125, 7.193717667441037e-23, nan 
134.875, 74.125, 8.051928307551338e-23, nan 
135.125, 74.125, 1.4106353818229867e-22, nan 
135.375, 74.125, 1.3661645830857483e-22, nan 
135.625, 74.125, 1.244165538553898e-22, nan 
135.875, 74.125, 1.402399859639088e-22, nan 
136.125, 74.125, 1.340680976246496e-22, nan 
136.375, 74.125, 1.3087225781850618e-22, nan 
136.625, 74.125, 1.512814355697705e-22, nan 
136.875, 74.125, 1.6370157911093292e-22, nan 
137.125, 74.125, 1.8930761362462917e-22, nan 
137.375, 74.125, 1.8407354059277887e-22, nan 
137.625, 74.125, 1.7887751893738232e-22, nan 
137.875, 74.125, 1.7621559818255277e-22, nan 
138.125, 74.125, 2.0543589506108462e-22, nan 
138.375, 74.125, 1.6477922122056687e-22, nan 
138.625, 74.125, 1.0352360531549259e-22, nan 
138.875, 74.125, 1.371518578985155e-22, nan 
139.125, 74.125, 1.0150922940187883e-22, nan 
139.375, 74.125, 1.7348632923473703e-22, nan 
139.625, 74.125, 1.4839769324557827e-22, nan 
139.875, 74.125, 9.614521416828418e-23, nan 
140.125, 74.125, 3.942971818801823e-22, nan 
140.375, 74.125, 3.7455182463607223e-22, nan 
140.625, 74.125, 1.4175385844643707e-22, nan 
140.875, 74.125, 5.496697812223961e-22, nan 
141.125, 74.125, 5.789951018225308e-22, nan 
141.375, 74.125, 5.363660774108812e-22, nan 
141.625, 74.125, 6.468073162153893e-22, nan 
141.875, 74.125, 5.607527579189573e-22, nan 
142.125, 74.125, 5.705582491656153e-22, nan 
142.375, 74.125, 3.5903964030848783e-22, nan 
142.625, 74.125, 2.4112442709715964e-22, nan 
142.875, 74.125, 2.6827606196081187e-22, nan 
143.125, 74.125, 1.1911471615036923e-22, nan 
143.375, 74.125, 2.0343627475399925e-22, nan 
143.625, 74.125, 3.269638307180814e-22, nan 
143.875, 74.125, 3.189846403737391e-22, nan 
144.125, 74.125, 3.713804796932074e-22, nan 
144.375, 74.125, 4.033930220647624e-22, nan 
144.625, 74.125, 5.31643982375973e-22, nan 
144.875, 74.125, 4.6494474334958315e-22, nan 
145.125, 74.125, 5.2418735046805e-22, nan 
145.375, 74.125, 6.726818288310279e-22, nan 
145.625, 74.125, 5.833034604636539e-22, nan 
145.875, 74.125, 4.7298500351497445e-22, nan 
146.125, 74.125, 3.7583467227626215e-22, nan 
146.375, 74.125, 4.153343967057116e-22, nan 
146.625, 74.125, 4.782006935479737e-22, nan 
146.875, 74.125, 4.873170384553568e-22, nan 
147.125, 74.125, 6.4473162862736175e-22, nan 
147.375, 74.125, 5.828401356323047e-22, nan 
147.625, 74.125, 2.8300457548178583e-22, nan 
147.875, 74.125, 5.832604515647087e-22, nan 
148.125, 74.125, 4.455263731435044e-22, nan 
148.375, 74.125, 6.336913542288186e-22, nan 
148.625, 74.125, 9.054559121290601e-22, nan 
148.875, 74.125, 7.495721793088794e-22, nan 
149.125, 74.125, 9.852366544637465e-22, nan 
149.375, 74.125, 1.0603386751181674e-21, nan 
149.625, 74.125, 5.984473384271254e-22, nan 
149.875, 74.125, 6.404944517543961e-22, nan 
150.125, 74.125, 3.153746514396218e-22, nan 
150.375, 74.125, 2.172844529475303e-22, nan 
150.625, 74.125, 5.198759421763026e-22, nan 
150.875, 74.125, 6.814117210925091e-22, nan 
151.125, 74.125, 1.5637293625289225e-21, nan 
151.375, 74.125, 2.6651327956966867e-21, nan 
151.625, 74.125, 3.250665445788761e-21, nan 
151.875, 74.125, 3.739847645644256e-21, nan 
152.125, 74.125, 3.556691605530861e-21, nan 
152.375, 74.125, 3.9828958858916696e-21, nan 
152.625, 74.125, 4.04983551151313e-21, nan 
152.875, 74.125, 2.838365844251509e-21, nan 
153.125, 74.125, 3.055622014019855e-21, nan 
153.375, 74.125, 4.757391426443681e-21, nan 
153.625, 74.125, 6.269408592329758e-21, nan 
153.875, 74.125, 5.712514698167264e-21, nan 
154.125, 74.125, 6.0161404479250415e-21, nan 
154.375, 74.125, 7.044414783150335e-21, nan 
154.625, 74.125, 6.474070894290585e-21, nan 
154.875, 74.125, 5.289950179809284e-21, nan 
155.125, 74.125, 4.797923825746506e-21, nan 
155.375, 74.125, 4.832884662182818e-21, nan 
155.625, 74.125, 6.111292611997497e-21, nan 
155.875, 74.125, 5.107821244750487e-21, nan 
156.125, 74.125, 5.3251197978073566e-21, nan 
156.375, 74.125, 5.917184322748817e-21, nan 
156.625, 74.125, 4.2915261673834405e-21, nan 
156.875, 74.125, 5.032746861048657e-21, nan 
157.125, 74.125, 4.62153357475668e-21, nan 
157.375, 74.125, 3.732188990985487e-21, nan 
157.625, 74.125, 4.603221875583685e-21, nan 
157.875, 74.125, 5.0102738682478904e-21, nan 
158.125, 74.125, 4.9645129997022655e-21, nan 
158.375, 74.125, 5.6610867112751016e-21, nan 
158.625, 74.125, 2.674208950065105e-21, nan 
158.875, 74.125, 4.227135435402238e-21, nan 
159.125, 74.125, 1.0149691030358879e-20, nan 
159.375, 74.125, 1.1775718391971961e-20, nan 
159.625, 74.125, 1.3251109754196239e-20, nan 
159.875, 74.125, 1.6443335531175334e-20, nan 
160.125, 74.125, 2.102620888289631e-20, nan 
160.375, 74.125, 3.279232754668038e-20, nan 
160.625, 74.125, 4.139267350100083e-20, nan 
160.875, 74.125, 7.851714986501691e-20, nan 
161.125, 74.125, 1.5345721548902257e-19, nan 
161.375, 74.125, 2.0893321056256107e-19, nan 
161.625, 74.125, 1.4618352739084167e-19, nan 
161.875, 74.125, 3.189184239515782e-19, nan 
162.125, 74.125, 3.5067388974047074e-19, nan 
162.375, 74.125, 1.9838234272799024e-19, nan 
162.625, 74.125, 8.029472529063853e-19, nan 
162.875, 74.125, 7.565466071236414e-19, nan 
163.125, 74.125, 4.634788506681783e-19, nan 
163.375, 74.125, 1.0988063313613376e-18, nan 
163.625, 74.125, 1.255753367423019e-18, nan 
163.875, 74.125, 7.836398652179208e-19, nan 
164.125, 74.125, 1.4275628291091715e-18, nan 
164.375, 74.125, 2.946410132551895e-18, nan 
164.625, 74.125, 2.7890917096271352e-18, nan 
164.875, 74.125, 4.817499307932144e-18, nan 
165.125, 74.125, 8.252088201968379e-18, nan 
165.375, 74.125, 1.1113920736700208e-17, nan 
165.625, 74.125, 1.6537932546006987e-17, nan 
165.875, 74.125, 2.037183714073328e-17, nan 
166.125, 74.125, 4.8348862693375126e-17, nan 
166.375, 74.125, 9.933775793084173e-17, nan 
166.625, 74.125, 1.5249000729506605e-16, nan 
166.875, 74.125, 1.3436705681713874e-16, nan 
167.125, 74.125, 1.1176321292362967e-16, nan 
167.375, 74.125, 3.4305955380736645e-17, nan 
167.625, 74.125, 2.229343728227397e-17, nan 
167.875, 74.125, 1.3716816917762719e-17, nan 
168.125, 74.125, 1.1321053875552855e-17, nan 
168.375, 74.125, 6.112020273559071e-18, nan 
168.625, 74.125, 2.57043768617643e-18, nan 
168.875, 74.125, 2.255711563032754e-18, nan 
169.125, 74.125, 1.6073043066158777e-18, nan 
169.375, 74.125, 8.738144006494659e-19, nan 
169.625, 74.125, 4.583240523104016e-19, nan 
169.875, 74.125, 5.351573553292839e-19, nan 
170.125, 74.125, 3.902872512451588e-19, nan 
170.375, 74.125, 2.2832029974802194e-19, nan 
170.625, 74.125, 1.838415687232705e-19, nan 
170.875, 74.125, 1.1545915793703664e-19, nan 
171.125, 74.125, 5.571480187927993e-20, nan 
171.375, 74.125, 6.709716759495023e-20, nan 
171.625, 74.125, 6.278540032841352e-20, nan 
171.875, 74.125, 4.736873866091105e-20, nan 
172.125, 74.125, 4.66143871509023e-20, nan 
172.375, 74.125, 5.543683074996542e-20, nan 
172.625, 74.125, 6.6592257864665e-20, nan 
172.875, 74.125, 3.1159382056388695e-20, nan 
173.125, 74.125, 2.744173501765506e-20, nan 
173.375, 74.125, 3.044684395018064e-20, nan 
173.625, 74.125, 2.251730006496946e-20, nan 
173.875, 74.125, 1.7103017495242036e-20, nan 
174.125, 74.125, 1.532381490381727e-20, nan 
174.375, 74.125, 1.697556890851337e-20, nan 
174.625, 74.125, 1.4089994663839983e-20, nan 
174.875, 74.125, 1.0786761597240163e-20, nan 
175.125, 74.125, 1.3446323698735032e-20, nan 
175.375, 74.125, 1.4248884302619197e-20, nan 
175.625, 74.125, 8.747814570332107e-21, nan 
175.875, 74.125, 8.340434072525828e-21, nan 
176.125, 74.125, 1.0656748241915866e-20, nan 
176.375, 74.125, 8.978056715538593e-21, nan 
176.625, 74.125, 9.454026678819591e-21, nan 
176.875, 74.125, 1.0672070067456813e-20, nan 
177.125, 74.125, 7.919389914268353e-21, nan 
177.375, 74.125, 7.669936041872482e-21, nan 
177.625, 74.125, 5.6840944695202256e-21, nan 
177.875, 74.125, 8.363385622390737e-21, nan 
178.125, 74.125, 3.2349352720241233e-21, nan 
178.375, 74.125, 2.9944276006909437e-21, nan 
178.625, 74.125, 3.4341799109109786e-21, nan 
178.875, 74.125, 9.947158312551509e-22, nan 
179.125, 74.125, 2.8056506499903094e-21, nan 
179.375, 74.125, 2.6023371510950176e-21, nan 
179.625, 74.125, 4.934527900606651e-21, nan 
179.875, 74.125, 4.496264954013055e-21, nan 
-179.875, 74.375, 2.9292654068837093e-21, nan 
-179.625, 74.375, 4.617800525734584e-21, nan 
-179.375, 74.375, 4.1227716117078095e-21, nan 
-179.125, 74.375, 3.148759176440468e-21, nan 
-178.875, 74.375, 3.3111897500879562e-21, nan 
-178.625, 74.375, 3.442502412484814e-21, nan 
-178.375, 74.375, 2.8708828086361494e-21, nan 
-178.125, 74.375, 2.6954419380847127e-21, nan 
-177.875, 74.375, 2.5641455460081628e-21, nan 
-177.625, 74.375, 2.5047450449699838e-21, nan 
-177.375, 74.375, 2.356909167755506e-21, nan 
-177.125, 74.375, 2.203541581529475e-21, nan 
-176.875, 74.375, 2.2577632590020674e-21, nan 
-176.625, 74.375, 1.4101163492280723e-21, nan 
-176.375, 74.375, 1.001498369988792e-21, nan 
-176.125, 74.375, 9.654064635838691e-22, nan 
-175.875, 74.375, 9.848238931792908e-22, nan 
-175.625, 74.375, 2.144454380408552e-21, nan 
-175.375, 74.375, 3.528049220503594e-21, nan 
-175.125, 74.375, 1.786004391512087e-21, nan 
-174.875, 74.375, 4.1324151861891584e-21, nan 
-174.625, 74.375, 4.19586404804816e-21, nan 
-174.375, 74.375, 4.551525834769346e-21, nan 
-174.125, 74.375, 4.793216235798516e-21, nan 
-173.875, 74.375, 7.651147467961397e-21, nan 
-173.625, 74.375, 3.8718686268536624e-21, nan 
-173.375, 74.375, 2.2013674391194836e-21, nan 
-173.125, 74.375, 3.914492214929819e-21, nan 
-172.875, 74.375, 2.8669750673046577e-21, nan 
-172.625, 74.375, 1.6850555048604853e-21, nan 
-172.375, 74.375, 1.6393669038935393e-21, nan 
-172.125, 74.375, 1.4611910188292126e-21, nan 
-171.875, 74.375, 1.693372181935465e-21, nan 
-171.625, 74.375, 2.0378544878453197e-21, nan 
-171.375, 74.375, 1.4109769252419498e-21, nan 
-171.125, 74.375, 1.1998013386881288e-21, nan 
-170.875, 74.375, 1.70724661712391e-21, nan 
-170.625, 74.375, 8.302465614801391e-22, nan 
-170.375, 74.375, 8.947260876345514e-22, nan 
-170.125, 74.375, 9.052805283122198e-22, nan 
-169.875, 74.375, 9.011401417558353e-22, nan 
-169.625, 74.375, 1.074865140931487e-21, nan 
-169.375, 74.375, 7.292955646408258e-22, nan 
-169.125, 74.375, 8.335221338196732e-22, nan 
-168.875, 74.375, 9.090999783394266e-22, nan 
-168.625, 74.375, 8.429347556604095e-22, nan 
-168.375, 74.375, 8.075339268866481e-22, nan 
-168.125, 74.375, 5.090058857387866e-22, nan 
-167.875, 74.375, 4.844066950576263e-22, nan 
-167.625, 74.375, 6.413107224304773e-22, nan 
-167.375, 74.375, 8.503181424800175e-22, nan 
-167.125, 74.375, 9.836219925732032e-22, nan 
-166.875, 74.375, 7.890068067772501e-22, nan 
-166.625, 74.375, 7.867022599962276e-22, nan 
-166.375, 74.375, 9.086142583413263e-22, nan 
-166.125, 74.375, 7.913973898852478e-22, nan 
-165.875, 74.375, 7.356507349374754e-22, nan 
-165.625, 74.375, 5.385811922653312e-22, nan 
-165.375, 74.375, 5.582759398575016e-22, nan 
-165.125, 74.375, 4.193594847847176e-22, nan 
-164.875, 74.375, 9.950064424722417e-23, nan 
-164.625, 74.375, 4.0694663789769678e-22, nan 
-164.375, 74.375, 5.229948997120732e-22, nan 
-164.125, 74.375, 8.273559579644376e-22, nan 
-163.875, 74.375, 1.0043629406182565e-21, nan 
-163.625, 74.375, 7.557644475474961e-22, nan 
-163.375, 74.375, 8.89022220636425e-22, nan 
-163.125, 74.375, 8.812754798532852e-22, nan 
-162.875, 74.375, 7.363928113667965e-22, nan 
-162.625, 74.375, 7.778290795725888e-22, nan 
-162.375, 74.375, 6.029142444470333e-22, nan 
-162.125, 74.375, 4.893876081897965e-22, nan 
-161.875, 74.375, 2.948522237233737e-22, nan 
-161.625, 74.375, 2.28050362096208e-22, nan 
-161.375, 74.375, 3.739720747841801e-22, nan 
-161.125, 74.375, 2.2943803476369907e-22, nan 
-160.875, 74.375, 2.3045471222812236e-22, nan 
-160.625, 74.375, 2.5107447969550906e-22, nan 
-160.375, 74.375, 2.600450595180302e-22, nan 
-160.125, 74.375, 3.3663083872473453e-22, nan 
-159.875, 74.375, 1.8145269818321489e-22, nan 
-159.625, 74.375, 1.4470679944157846e-22, nan 
-159.375, 74.375, 2.0344945058838943e-22, nan 
-159.125, 74.375, 1.1297506049025196e-22, nan 
-158.875, 74.375, 2.091446559013371e-22, nan 
-158.625, 74.375, 1.4504931596611633e-22, nan 
-158.375, 74.375, 1.5458631583463657e-22, nan 
-158.125, 74.375, 2.9015013604118207e-22, nan 
-157.875, 74.375, 3.7215457496761614e-22, nan 
-157.625, 74.375, 9.157211596599184e-22, nan 
-157.375, 74.375, 1.0603455906915844e-21, nan 
-157.125, 74.375, 9.857864885934721e-22, nan 
-156.875, 74.375, 7.309505315784799e-22, nan 
-156.625, 74.375, 5.399380247090066e-22, nan 
-156.375, 74.375, 3.878258822386368e-22, nan 
-156.125, 74.375, 3.2706695470877126e-22, nan 
-155.875, 74.375, 3.454701643739355e-22, nan 
-155.625, 74.375, 3.1221066794401016e-22, nan 
-155.375, 74.375, 2.734592353536241e-22, nan 
-155.125, 74.375, 2.203294401667021e-22, nan 
-154.875, 74.375, 1.2807902975370888e-22, nan 
-154.625, 74.375, 1.0986497485118983e-22, nan 
-154.375, 74.375, 5.796384661391127e-23, nan 
-154.125, 74.375, 1.7716439703885316e-22, nan 
-153.875, 74.375, 1.0608535828343794e-22, nan 
-153.625, 74.375, 6.252987295508784e-23, nan 
-153.375, 74.375, 8.087386111067217e-23, nan 
-153.125, 74.375, 8.32400291547034e-23, nan 
-152.875, 74.375, 9.954970295144732e-23, nan 
-152.625, 74.375, 2.016781664727743e-22, nan 
-152.375, 74.375, 3.017364810643015e-22, nan 
-152.125, 74.375, 3.816761185217351e-22, nan 
-151.875, 74.375, 2.600075826906528e-22, nan 
-151.625, 74.375, 2.899514446595283e-22, nan 
-151.375, 74.375, 3.8074760712084825e-22, nan 
-151.125, 74.375, 4.338016474005011e-22, nan 
-150.875, 74.375, 3.3706917737480887e-22, nan 
-150.625, 74.375, 3.6952954182563914e-22, nan 
-150.375, 74.375, 3.0226752839843804e-22, nan 
-150.125, 74.375, 2.149578343967278e-22, nan 
-149.875, 74.375, 1.3924397058244815e-22, nan 
-149.625, 74.375, 2.140649860673677e-22, nan 
-149.375, 74.375, 2.5720395759949864e-22, nan 
-149.125, 74.375, 1.5887980645661328e-22, nan 
-148.875, 74.375, 2.1124567547836576e-22, nan 
-148.625, 74.375, 2.2595705803339966e-22, nan 
-148.375, 74.375, 2.2784819048617316e-22, nan 
-148.125, 74.375, 1.9746759000163502e-22, nan 
-147.875, 74.375, 2.0600083715027279e-22, nan 
-147.625, 74.375, 2.4687982375389534e-22, nan 
-147.375, 74.375, 2.6185941657961597e-22, nan 
-147.125, 74.375, 1.9785669551354037e-22, nan 
-146.875, 74.375, 1.6595881846963036e-22, nan 
-146.625, 74.375, 1.6611276464564774e-22, nan 
-146.375, 74.375, 1.6456927434151912e-22, nan 
-146.125, 74.375, 1.2796816944315895e-22, nan 
-145.875, 74.375, 1.6867704528191505e-22, nan 
-145.625, 74.375, 1.7368820799210263e-22, nan 
-145.375, 74.375, 9.074354751962706e-23, nan 
-145.125, 74.375, 1.2579754590471783e-22, nan 
-144.875, 74.375, 9.527679335169605e-23, nan 
-144.625, 74.375, 1.002293837935375e-22, nan 
-144.375, 74.375, 1.143737315192564e-22, nan 
-144.125, 74.375, 7.809910884053836e-23, nan 
-143.875, 74.375, 7.224075757717448e-23, nan 
-143.625, 74.375, 7.682732680839592e-23, nan 
-143.375, 74.375, 1.0199901723262562e-22, nan 
-143.125, 74.375, 1.551961626059583e-22, nan 
-142.875, 74.375, 1.7681462272045821e-22, nan 
-142.625, 74.375, 2.0429182542600523e-22, nan 
-142.375, 74.375, 2.389105998255548e-22, nan 
-142.125, 74.375, 1.7140397881013336e-22, nan 
-141.875, 74.375, 2.4269288893782275e-22, nan 
-141.625, 74.375, 1.5999049372127897e-22, nan 
-141.375, 74.375, 9.941245521584501e-23, nan 
-141.125, 74.375, 1.2373454590547682e-22, nan 
-140.875, 74.375, 1.5991945219066996e-22, nan 
-140.625, 74.375, 1.4306033187715865e-22, nan 
-140.375, 74.375, 1.6019476254148049e-22, nan 
-140.125, 74.375, 1.5868399101122705e-22, nan 
-139.875, 74.375, 1.444640009682682e-22, nan 
-139.625, 74.375, 1.59951549028181e-22, nan 
-139.375, 74.375, 1.3184733705653326e-22, nan 
-139.125, 74.375, 1.2294311415457502e-22, nan 
-138.875, 74.375, 1.9333792727476736e-22, nan 
-138.625, 74.375, 1.2619471038390854e-22, nan 
-138.375, 74.375, 8.984515959525864e-23, nan 
-138.125, 74.375, 1.149116185373272e-22, nan 
-137.875, 74.375, 7.746144913224805e-23, nan 
-137.625, 74.375, 8.259900674585013e-23, nan 
-137.375, 74.375, 1.059770799172198e-22, nan 
-137.125, 74.375, 1.2873448487482182e-22, nan 
-136.875, 74.375, 1.086814057576022e-22, nan 
-136.625, 74.375, 1.5856111331439647e-22, nan 
-136.375, 74.375, 1.8221876489686694e-22, nan 
-136.125, 74.375, 1.7870838679346292e-22, nan 
-135.875, 74.375, 2.3494067726874855e-22, nan 
-135.625, 74.375, 2.748546765642674e-22, nan 
-135.375, 74.375, 2.4034592632077566e-22, nan 
-135.125, 74.375, 2.0017031460045196e-22, nan 
-134.875, 74.375, 2.1285513310935665e-22, nan 
-134.625, 74.375, 2.1257309524707733e-22, nan 
-134.375, 74.375, 1.772711377664296e-22, nan 
-134.125, 74.375, 1.6830382750858413e-22, nan 
-133.875, 74.375, 1.1485177099823627e-22, nan 
-133.625, 74.375, 9.253840166319077e-23, nan 
-133.375, 74.375, 1.629924806664852e-22, nan 
-133.125, 74.375, 1.3046805992477744e-22, nan 
-132.875, 74.375, 1.666014770563761e-22, nan 
-132.625, 74.375, 1.5793512439984108e-22, nan 
-132.375, 74.375, 2.3782689955491596e-22, nan 
-132.125, 74.375, 2.5136528341541867e-22, nan 
-131.875, 74.375, 1.8342319761474733e-22, nan 
-131.625, 74.375, 1.3325940735191507e-22, nan 
-131.375, 74.375, 9.310965478739713e-23, nan 
-131.125, 74.375, 2.1005861628585469e-22, nan 
-130.875, 74.375, 1.682279911707026e-22, nan 
-130.625, 74.375, 2.0124917890143384e-22, nan 
-130.375, 74.375, 2.628512312598159e-22, nan 
-130.125, 74.375, 1.4753097164854425e-22, nan 
-129.875, 74.375, 1.8680461281324202e-22, nan 
-129.625, 74.375, 1.1881890999576282e-22, nan 
-129.375, 74.375, 1.466852218433792e-22, nan 
-129.125, 74.375, 6.537303622863258e-23, nan 
-128.875, 74.375, 9.852348168510138e-23, nan 
-128.625, 74.375, 1.2273937834485167e-22, nan 
-128.375, 74.375, 5.91830351573224e-23, nan 
-128.125, 74.375, 6.41022241353426e-23, nan 
-127.875, 74.375, 8.243881249932236e-23, nan 
-127.625, 74.375, 8.910236673524057e-23, nan 
-127.375, 74.375, 9.405075182983637e-23, nan 
-127.125, 74.375, 1.065533150276225e-22, nan 
-126.875, 74.375, 7.808046233720555e-23, nan 
-126.625, 74.375, 8.535110138245436e-23, nan 
-126.375, 74.375, 1.249664954544906e-22, nan 
-126.125, 74.375, 1.210029554093001e-22, nan 
-125.875, 74.375, 1.8634048657368703e-22, nan 
-125.625, 74.375, 9.674556521044615e-23, nan 
-125.375, 74.375, 1.9470342273145796e-22, nan 
-125.125, 74.375, 3.367265151062733e-22, nan 
-124.875, 74.375, 2.0693691858670765e-22, nan 
-124.625, 74.375, 1.4215596656676814e-22, nan 
-124.375, 74.375, 1.8335349917075724e-22, nan 
-124.125, 74.375, 1.2659337875086034e-22, nan 
-123.875, 74.375, 7.510884296172671e-23, nan 
-123.625, 74.375, 3.770771403387497e-23, nan 
-123.375, 74.375, 1.0739568092811106e-23, nan 
-123.125, 74.375, 2.3046639470455857e-23, nan 
-122.875, 74.375, 2.3531853599350722e-23, nan 
-122.625, 74.375, 3.671810602290146e-23, nan 
-122.375, 74.375, 2.493089057007419e-23, nan 
-122.125, 74.375, 3.6637166318007094e-23, nan 
-121.875, 74.375, 2.7822992901917e-23, nan 
-121.625, 74.375, 4.973121409424509e-23, nan 
-121.375, 74.375, 3.074186164824544e-23, nan 
-121.125, 74.375, 1.4688361186032482e-23, nan 
-120.875, 74.375, 1.923415129051739e-23, nan 
-120.625, 74.375, 2.4968962327534058e-23, nan 
-120.375, 74.375, 1.4993609993900286e-23, nan 
-120.125, 74.375, 2.0503497649767447e-23, nan 
-119.875, 74.375, 3.223290069817236e-23, nan 
-119.625, 74.375, 1.1811734333082309e-23, nan 
-119.375, 74.375, 2.703125650193994e-23, nan 
-119.125, 74.375, 3.965798755643227e-23, nan 
-118.875, 74.375, 2.812535256342844e-23, nan 
-118.625, 74.375, 2.922926186569555e-23, nan 
-118.375, 74.375, 3.5504664487460895e-23, nan 
-118.125, 74.375, 4.8800883801508366e-23, nan 
-117.875, 74.375, 4.4618665316123384e-23, nan 
-117.625, 74.375, 2.0900895621063377e-23, nan 
-117.375, 74.375, 2.2562358704358315e-23, nan 
-117.125, 74.375, 2.5165658966021618e-23, nan 
-116.875, 74.375, 1.4048329450581885e-23, nan 
-116.625, 74.375, 1.2871777108197427e-23, nan 
-116.375, 74.375, 2.5020790375417725e-23, nan 
-116.125, 74.375, 5.91077339978033e-23, nan 
-115.875, 74.375, 6.680503726214658e-23, nan 
-115.625, 74.375, 4.847709927719515e-23, nan 
-115.375, 74.375, 3.8043264786464475e-23, nan 
-115.125, 74.375, 2.5424607761927742e-23, nan 
-114.875, 74.375, 4.5442430075166905e-23, nan 
-114.625, 74.375, 6.924988207431703e-23, nan 
-114.375, 74.375, 7.919770106648307e-23, nan 
-114.125, 74.375, 7.677319606535717e-23, nan 
-113.875, 74.375, 7.420104676562241e-23, nan 
-113.625, 74.375, 8.659825895072377e-23, nan 
-113.375, 74.375, 9.03542775330452e-23, nan 
-113.125, 74.375, 6.937077898286502e-23, nan 
-112.875, 74.375, 6.648679053486763e-23, nan 
-112.625, 74.375, 1.0051586364532268e-22, nan 
-112.375, 74.375, 1.0898100697908035e-22, nan 
-112.125, 74.375, 1.0922711821754396e-22, nan 
-111.875, 74.375, 1.2306535776886064e-22, nan 
-111.625, 74.375, 1.2127166292084478e-22, nan 
-111.375, 74.375, 1.1068131827449376e-22, nan 
-111.125, 74.375, 8.635702263371547e-23, nan 
-110.875, 74.375, 8.292088341815211e-23, nan 
-110.625, 74.375, 7.524719163906369e-23, nan 
-110.375, 74.375, 6.167898879221658e-23, nan 
-110.125, 74.375, 5.692830221876298e-23, nan 
-109.875, 74.375, 2.8933976285286356e-23, nan 
-109.625, 74.375, 4.1926285523242874e-23, nan 
-109.375, 74.375, 4.1466763529372664e-23, nan 
-109.125, 74.375, 2.45527483078854e-23, nan 
-108.875, 74.375, 1.998639397593076e-23, nan 
-108.625, 74.375, 2.7126620263560763e-23, nan 
-108.375, 74.375, 2.7787993962267206e-23, nan 
80.375, 74.375, 1.0404071161081705e-23, nan 
80.625, 74.375, 8.14941314997997e-24, nan 
80.875, 74.375, 2.0332185948933766e-23, nan 
81.125, 74.375, 2.6164597161714008e-23, nan 
81.375, 74.375, 8.247400696220809e-24, nan 
81.625, 74.375, 6.1558254689730405e-24, nan 
81.875, 74.375, 5.049415544652197e-24, nan 
82.125, 74.375, 5.5213207884532006e-24, nan 
82.375, 74.375, 8.822321520292047e-24, nan 
82.625, 74.375, 7.128727707060627e-24, nan 
82.875, 74.375, 7.536805037305475e-24, nan 
83.125, 74.375, 9.199641025221463e-24, nan 
83.375, 74.375, 7.620731036652872e-24, nan 
83.625, 74.375, 1.1606413910665978e-23, nan 
83.875, 74.375, 1.7999667039073765e-23, nan 
84.125, 74.375, 1.6036892195357176e-23, nan 
84.375, 74.375, 2.1784555131561717e-23, nan 
84.625, 74.375, 2.9786956369427037e-23, nan 
84.875, 74.375, 2.618765336205892e-23, nan 
85.125, 74.375, 2.7184781394589366e-23, nan 
85.375, 74.375, 4.0823430842665007e-23, nan 
85.625, 74.375, 3.9331717409473504e-23, nan 
85.875, 74.375, 1.8846798114858846e-23, nan 
86.125, 74.375, 2.808205535905999e-23, nan 
86.375, 74.375, 2.376883094999333e-23, nan 
86.625, 74.375, 1.034246558351059e-23, nan 
86.875, 74.375, 9.00855166628425e-24, nan 
87.125, 74.375, 6.618113578773426e-24, nan 
87.375, 74.375, 8.476602899260684e-24, nan 
87.625, 74.375, 1.1304824879953543e-23, nan 
87.875, 74.375, 1.8187118608185438e-23, nan 
88.125, 74.375, 1.1769190982033177e-23, nan 
88.375, 74.375, 2.019005740307292e-23, nan 
88.625, 74.375, 2.2243948618400303e-23, nan 
88.875, 74.375, 1.2054634194221812e-23, nan 
89.125, 74.375, 1.433775653022823e-23, nan 
89.375, 74.375, 1.3700876514786e-23, nan 
89.625, 74.375, 9.758272590486665e-24, nan 
89.875, 74.375, 1.3394044958454253e-23, nan 
90.125, 74.375, 8.092390444438324e-24, nan 
90.375, 74.375, 1.419120631409356e-23, nan 
90.625, 74.375, 2.0583192723600988e-23, nan 
90.875, 74.375, 1.3422326576944458e-23, nan 
91.125, 74.375, 1.3219315232501349e-23, nan 
91.375, 74.375, 1.3351261466475523e-23, nan 
91.625, 74.375, 1.1351402876158167e-23, nan 
91.875, 74.375, 1.3808121741197002e-23, nan 
92.125, 74.375, 1.047642840852046e-23, nan 
92.375, 74.375, 9.31821152492029e-24, nan 
92.625, 74.375, 1.1973173034952507e-23, nan 
92.875, 74.375, 1.100402792193494e-23, nan 
93.125, 74.375, 8.220613711052812e-24, nan 
93.375, 74.375, 1.0245057602073322e-23, nan 
93.625, 74.375, 5.909223595722453e-24, nan 
93.875, 74.375, 1.4510111191830347e-23, nan 
94.125, 74.375, 1.1337495301743773e-23, nan 
94.375, 74.375, 6.903461188648085e-24, nan 
94.625, 74.375, 1.2065194488715346e-23, nan 
94.875, 74.375, 1.6756444303323825e-23, nan 
95.125, 74.375, 9.758027607778668e-23, nan 
95.375, 74.375, 9.507613572103326e-23, nan 
95.625, 74.375, 4.4611964868726643e-23, nan 
95.875, 74.375, 3.475200966312113e-23, nan 
96.125, 74.375, 3.097280654294437e-23, nan 
96.375, 74.375, 1.1077651487246828e-22, nan 
96.625, 74.375, 1.0560227687992514e-22, nan 
96.875, 74.375, 7.012227360017508e-23, nan 
97.125, 74.375, 1.646885326221677e-22, nan 
97.375, 74.375, 1.4921158323168871e-22, nan 
97.625, 74.375, 1.0048357558753912e-22, nan 
97.875, 74.375, 8.783881378340921e-23, nan 
98.125, 74.375, 1.0084968648456914e-22, nan 
98.375, 74.375, 9.778780561193242e-23, nan 
98.625, 74.375, 9.202058438286132e-23, nan 
98.875, 74.375, 6.75294422086015e-23, nan 
99.125, 74.375, 7.029326243206335e-23, nan 
99.375, 74.375, 5.960412140113722e-23, nan 
99.625, 74.375, 3.5587653338340404e-23, nan 
99.875, 74.375, 1.6488539221544316e-23, nan 
100.125, 74.375, 3.492239042955197e-23, nan 
100.375, 74.375, 3.98864990676573e-23, nan 
100.625, 74.375, 2.4097516039454767e-23, nan 
100.875, 74.375, 3.5070371982446747e-23, nan 
101.125, 74.375, 3.449686219054619e-23, nan 
101.375, 74.375, 1.2570173804093486e-23, nan 
101.625, 74.375, 2.3624181763692278e-23, nan 
101.875, 74.375, 1.829681759749843e-23, nan 
102.125, 74.375, 1.0431359030675139e-23, nan 
102.375, 74.375, 1.9300916560498388e-23, nan 
102.625, 74.375, 3.2538569832421994e-23, nan 
102.875, 74.375, 3.0651960252835743e-23, nan 
103.125, 74.375, 3.214422229671424e-23, nan 
103.375, 74.375, 3.754105137217879e-23, nan 
103.625, 74.375, 4.250988785461753e-23, nan 
103.875, 74.375, 3.167064990365787e-23, nan 
104.125, 74.375, 3.522495480049496e-23, nan 
104.375, 74.375, 4.583106890952419e-23, nan 
104.625, 74.375, 3.262457741612615e-23, nan 
104.875, 74.375, 3.456107468016256e-23, nan 
105.125, 74.375, 3.3461674087969064e-23, nan 
105.375, 74.375, 3.095135649707709e-23, nan 
105.625, 74.375, 3.476721282229334e-23, nan 
105.875, 74.375, 3.158571322719254e-23, nan 
106.125, 74.375, 2.4093277540919964e-23, nan 
106.375, 74.375, 1.4788094733056102e-23, nan 
106.625, 74.375, 4.3743635304253044e-23, nan 
106.875, 74.375, 5.476239359325955e-23, nan 
107.125, 74.375, 4.5071091693526676e-23, nan 
107.375, 74.375, 5.912629976026415e-23, nan 
107.625, 74.375, 2.1064200626873452e-23, nan 
107.875, 74.375, 1.8568852092383873e-23, nan 
108.125, 74.375, 5.028453847109886e-24, nan 
108.375, 74.375, 1.1378869176279942e-23, nan 
108.625, 74.375, 2.006803503525486e-23, nan 
108.875, 74.375, 1.8400758293287525e-23, nan 
109.125, 74.375, 2.4112250060979044e-23, nan 
109.375, 74.375, 3.27221074389214e-23, nan 
109.625, 74.375, 3.969348633025569e-23, nan 
109.875, 74.375, 2.570185885602629e-23, nan 
110.125, 74.375, 3.737428486830707e-23, nan 
110.375, 74.375, 5.673037614414273e-23, nan 
110.625, 74.375, 4.757925321775478e-23, nan 
110.875, 74.375, 2.910999517632201e-23, nan 
111.125, 74.375, 4.79929024366232e-23, nan 
111.375, 74.375, 6.723984571251218e-23, nan 
111.625, 74.375, 4.360245067032054e-23, nan 
111.875, 74.375, 2.869415992450651e-23, nan 
112.125, 74.375, 4.918462156791952e-23, nan 
112.375, 74.375, 6.647302596092243e-23, nan 
112.625, 74.375, 8.75387084195335e-23, nan 
112.875, 74.375, 4.2184805782088584e-23, nan 
113.125, 74.375, 1.160096316018253e-22, nan 
113.375, 74.375, 1.528600716564105e-22, nan 
113.625, 74.375, 1.522082169607825e-23, nan 
113.875, 74.375, 6.434471119148921e-23, nan 
114.125, 74.375, 8.724819330740575e-23, nan 
114.375, 74.375, 5.916730469785772e-23, nan 
114.625, 74.375, 3.895622578462588e-23, nan 
114.875, 74.375, 4.8054146632216434e-23, nan 
115.125, 74.375, 5.702279410683565e-23, nan 
115.375, 74.375, 2.6861030298418226e-23, nan 
115.625, 74.375, 1.5834729856844857e-23, nan 
115.875, 74.375, 1.309206676999762e-23, nan 
116.125, 74.375, 1.4536069448629488e-23, nan 
116.375, 74.375, 1.7407973441465805e-23, nan 
116.625, 74.375, 2.0118159066452202e-23, nan 
116.875, 74.375, 1.2991432259033682e-23, nan 
117.125, 74.375, 3.4650793243473456e-23, nan 
117.375, 74.375, 4.2989406895723364e-23, nan 
117.625, 74.375, 1.905191038288068e-23, nan 
117.875, 74.375, 3.5557817779068187e-23, nan 
118.125, 74.375, 4.733753196736893e-23, nan 
118.375, 74.375, 2.5045814896585587e-23, nan 
118.625, 74.375, 1.7154395393185856e-23, nan 
118.875, 74.375, 1.5549657281915577e-23, nan 
119.125, 74.375, 2.66344111727132e-23, nan 
119.375, 74.375, 1.204838350050672e-23, nan 
119.625, 74.375, 1.552929782563593e-23, nan 
119.875, 74.375, 1.1296245410033788e-23, nan 
120.125, 74.375, 3.3571616273989024e-23, nan 
120.375, 74.375, 5.396883825342979e-23, nan 
120.625, 74.375, 4.7629694293235114e-23, nan 
120.875, 74.375, 1.1296433745459803e-22, nan 
121.125, 74.375, 1.220351195298875e-22, nan 
121.375, 74.375, 1.0865170364908925e-22, nan 
121.625, 74.375, 1.0386169274011706e-22, nan 
121.875, 74.375, 9.577790065880522e-23, nan 
122.125, 74.375, 1.0861984932984354e-22, nan 
122.375, 74.375, 1.0267242060716486e-22, nan 
122.625, 74.375, 6.284018782930855e-23, nan 
122.875, 74.375, 5.559417306569066e-23, nan 
123.125, 74.375, 3.4866400047216414e-23, nan 
123.375, 74.375, 5.2793593763228656e-23, nan 
123.625, 74.375, 6.671971786409876e-23, nan 
123.875, 74.375, 6.6382081836316e-23, nan 
124.125, 74.375, 6.071174908464203e-23, nan 
124.375, 74.375, 1.144397087610956e-22, nan 
124.625, 74.375, 7.938377780095095e-23, nan 
124.875, 74.375, 6.37449338472983e-23, nan 
125.125, 74.375, 1.098386252057133e-22, nan 
125.375, 74.375, 7.44418413094654e-23, nan 
125.625, 74.375, 4.2253874235266314e-23, nan 
125.875, 74.375, 2.957213722602312e-23, nan 
126.125, 74.375, 5.0581672448063683e-23, nan 
126.375, 74.375, 6.264387685648597e-23, nan 
126.625, 74.375, 8.793838344766327e-23, nan 
126.875, 74.375, 1.0778578184721208e-22, nan 
127.125, 74.375, 7.51087648706875e-23, nan 
127.375, 74.375, 1.294686781772211e-22, nan 
127.625, 74.375, 1.967730062889129e-22, nan 
127.875, 74.375, 7.536843601719667e-23, nan 
128.125, 74.375, 1.3352522467847112e-22, nan 
128.375, 74.375, 1.9001612656406683e-22, nan 
128.625, 74.375, 1.1379017854791333e-22, nan 
128.875, 74.375, 1.2370786987134702e-22, nan 
129.125, 74.375, 1.0095551076262503e-22, nan 
129.375, 74.375, 1.0928840422986407e-22, nan 
129.625, 74.375, 8.410590973566572e-23, nan 
129.875, 74.375, 7.917283180306049e-23, nan 
130.125, 74.375, 1.315970234901073e-22, nan 
130.375, 74.375, 1.241375285889016e-22, nan 
130.625, 74.375, 1.0118111773771029e-22, nan 
130.875, 74.375, 1.0122103561352247e-22, nan 
131.125, 74.375, 1.6331866664011092e-22, nan 
131.375, 74.375, 9.572139293016125e-23, nan 
131.625, 74.375, 1.5264264569851788e-22, nan 
131.875, 74.375, 2.4668802538903867e-22, nan 
132.125, 74.375, 1.1878924756534805e-22, nan 
132.375, 74.375, 1.7281939601525068e-22, nan 
132.625, 74.375, 2.310739691780041e-22, nan 
132.875, 74.375, 1.2054316218431289e-22, nan 
133.125, 74.375, 3.3644898499575664e-23, nan 
133.375, 74.375, 6.521265934018649e-23, nan 
133.625, 74.375, 1.095511777870481e-22, nan 
133.875, 74.375, 1.3832534381857822e-22, nan 
134.125, 74.375, 1.1173020330978378e-22, nan 
134.375, 74.375, 5.165551634232222e-23, nan 
134.625, 74.375, 1.1957067942141969e-22, nan 
134.875, 74.375, 1.5735175751714712e-22, nan 
135.125, 74.375, 2.924363044434892e-22, nan 
135.375, 74.375, 1.8910827806847026e-22, nan 
135.625, 74.375, 1.9336854826007722e-22, nan 
135.875, 74.375, 2.727714033234108e-22, nan 
136.125, 74.375, 2.560907450264857e-22, nan 
136.375, 74.375, 2.73002432997198e-22, nan 
136.625, 74.375, 1.9833820416661555e-22, nan 
136.875, 74.375, 2.0918443573803847e-22, nan 
137.125, 74.375, 2.3481645441343085e-22, nan 
137.375, 74.375, 1.6621481326803412e-22, nan 
137.625, 74.375, 1.482377196441829e-22, nan 
137.875, 74.375, 8.648307399491282e-23, nan 
138.125, 74.375, 1.122311152394838e-22, nan 
138.375, 74.375, 1.733722058684558e-22, nan 
138.625, 74.375, 1.5551305456801066e-22, nan 
138.875, 74.375, 1.1812947730715044e-22, nan 
139.125, 74.375, 1.0096004790506641e-22, nan 
139.375, 74.375, 1.309119639084572e-22, nan 
139.625, 74.375, 9.455509878476444e-23, nan 
139.875, 74.375, 1.2194398883961084e-22, nan 
140.125, 74.375, 1.558001370488092e-22, nan 
140.375, 74.375, 1.425629053221961e-22, nan 
140.625, 74.375, 3.060322221378274e-22, nan 
140.875, 74.375, 4.1627127286653113e-22, nan 
141.125, 74.375, 3.8335967954655305e-22, nan 
141.375, 74.375, 3.915814204998852e-22, nan 
141.625, 74.375, 3.789964056705673e-22, nan 
141.875, 74.375, 3.3477765551798373e-22, nan 
142.125, 74.375, 2.7730616450848683e-22, nan 
142.375, 74.375, 2.18268150606101e-22, nan 
142.625, 74.375, 2.0689155438421752e-22, nan 
142.875, 74.375, 2.321342069740493e-22, nan 
143.125, 74.375, 4.71418104041983e-22, nan 
143.375, 74.375, 5.041506818967615e-22, nan 
143.625, 74.375, 3.0155215641138354e-22, nan 
143.875, 74.375, 4.693034822592983e-22, nan 
144.125, 74.375, 4.773953893250054e-22, nan 
144.375, 74.375, 4.476256752647161e-22, nan 
144.625, 74.375, 5.918467703401247e-22, nan 
144.875, 74.375, 4.427728928822418e-22, nan 
145.125, 74.375, 5.718669631111923e-22, nan 
145.375, 74.375, 6.733263745103793e-22, nan 
145.625, 74.375, 4.810442988133027e-22, nan 
145.875, 74.375, 5.806673985282554e-22, nan 
146.125, 74.375, 4.254070615859626e-22, nan 
146.375, 74.375, 3.87546763624734e-22, nan 
146.625, 74.375, 7.241902488087307e-22, nan 
146.875, 74.375, 4.846149975922426e-22, nan 
147.125, 74.375, 2.5989223993501065e-22, nan 
147.375, 74.375, 2.9437620197152653e-22, nan 
147.625, 74.375, 3.127346662099263e-22, nan 
147.875, 74.375, 3.405807262321422e-22, nan 
148.125, 74.375, 6.86832761474054e-22, nan 
148.375, 74.375, 5.558170434418497e-22, nan 
148.625, 74.375, 6.597039669684869e-22, nan 
148.875, 74.375, 7.314033095707004e-22, nan 
149.125, 74.375, 6.297511119745873e-22, nan 
149.375, 74.375, 6.657691316299717e-22, nan 
149.625, 74.375, 2.801274224224566e-22, nan 
149.875, 74.375, 1.4686516828027075e-22, nan 
150.125, 74.375, 3.955625013632245e-22, nan 
150.375, 74.375, 4.645890982356636e-22, nan 
150.625, 74.375, 3.0752095170757636e-22, nan 
150.875, 74.375, 1.1157761142633722e-21, nan 
151.125, 74.375, 1.9501781339904417e-21, nan 
151.375, 74.375, 1.736652140526649e-21, nan 
151.625, 74.375, 2.110533978602364e-21, nan 
151.875, 74.375, 3.189208820265213e-21, nan 
152.125, 74.375, 3.457789756772736e-21, nan 
152.375, 74.375, 3.2989125906346914e-21, nan 
152.625, 74.375, 2.8590026563265912e-21, nan 
152.875, 74.375, 3.9742472297856315e-21, nan 
153.125, 74.375, 3.9535776728042145e-21, nan 
153.375, 74.375, 4.30126624286471e-21, nan 
153.625, 74.375, 4.75952855674741e-21, nan 
153.875, 74.375, 5.677513840693756e-21, nan 
154.125, 74.375, 5.5165431010972025e-21, nan 
154.375, 74.375, 4.418221032022761e-21, nan 
154.625, 74.375, 4.6908555164203896e-21, nan 
154.875, 74.375, 4.589172850595522e-21, nan 
155.125, 74.375, 5.5248809169452456e-21, nan 
155.375, 74.375, 5.549475898370395e-21, nan 
155.625, 74.375, 4.9114451276641806e-21, nan 
155.875, 74.375, 6.006683732482623e-21, nan 
156.125, 74.375, 6.6338198293459524e-21, nan 
156.375, 74.375, 5.249083122576018e-21, nan 
156.625, 74.375, 4.073920137717319e-21, nan 
156.875, 74.375, 3.837803455149588e-21, nan 
157.125, 74.375, 3.9306937005578265e-21, nan 
157.375, 74.375, 4.144141309503011e-21, nan 
157.625, 74.375, 2.808253812038486e-21, nan 
157.875, 74.375, 3.1354755599454366e-21, nan 
158.125, 74.375, 6.368625529834576e-21, nan 
158.375, 74.375, 8.387741376726235e-21, nan 
158.625, 74.375, 6.468205549519177e-21, nan 
158.875, 74.375, 6.2997340503345506e-21, nan 
159.125, 74.375, 2.4372848031846032e-20, nan 
159.375, 74.375, 2.1465458995533458e-20, nan 
159.625, 74.375, 2.7245894386194646e-20, nan 
159.875, 74.375, 3.1148345669854184e-20, nan 
160.125, 74.375, 3.461035576760351e-20, nan 
160.375, 74.375, 3.105465373014711e-20, nan 
160.625, 74.375, 4.155479498545521e-20, nan 
160.875, 74.375, 1.5417344344430928e-19, nan 
161.125, 74.375, 1.9288204989474888e-19, nan 
161.375, 74.375, 1.5724873215032865e-19, nan 
161.625, 74.375, 2.449408315785373e-19, nan 
161.875, 74.375, 2.9811567928476933e-19, nan 
162.125, 74.375, 2.430049116464357e-19, nan 
162.375, 74.375, 3.208080553473394e-19, nan 
162.625, 74.375, 5.479357735912217e-19, nan 
162.875, 74.375, 5.216096441852286e-19, nan 
163.125, 74.375, 7.409372388303577e-19, nan 
163.375, 74.375, 5.701643022210067e-19, nan 
163.625, 74.375, 8.027430148402394e-19, nan 
163.875, 74.375, 1.1579774023854666e-18, nan 
164.125, 74.375, 2.346840845644715e-18, nan 
164.375, 74.375, 4.05475918318857e-18, nan 
164.625, 74.375, 2.576973685303356e-18, nan 
164.875, 74.375, 6.010684884343001e-18, nan 
165.125, 74.375, 1.1670065673923096e-17, nan 
165.375, 74.375, 6.568112415320899e-18, nan 
165.625, 74.375, 1.2515473091145723e-17, nan 
165.875, 74.375, 2.942688457907116e-17, nan 
166.125, 74.375, 6.218876044665729e-17, nan 
166.375, 74.375, 2.6763520350900775e-16, nan 
166.625, 74.375, 1.6368225541372092e-15, nan 
166.875, 74.375, 3.506146012278919e-15, nan 
167.125, 74.375, 6.590005100253485e-16, nan 
167.375, 74.375, 4.6685212740732596e-17, nan 
167.625, 74.375, 2.2414909126412538e-17, nan 
167.875, 74.375, 1.2788715261292523e-17, nan 
168.125, 74.375, 1.0779926702757587e-17, nan 
168.375, 74.375, 5.665338283727284e-18, nan 
168.625, 74.375, 2.366066569771162e-18, nan 
168.875, 74.375, 8.313159809127653e-19, nan 
169.125, 74.375, 6.336575067403653e-19, nan 
169.375, 74.375, 4.8318058364459305e-19, nan 
169.625, 74.375, 1.8438121385575607e-19, nan 
169.875, 74.375, 1.3943052903140659e-19, nan 
170.125, 74.375, 1.0521719765084198e-19, nan 
170.375, 74.375, 6.409912424287553e-20, nan 
170.625, 74.375, 6.995635493356837e-20, nan 
170.875, 74.375, 4.2706546807102546e-20, nan 
171.125, 74.375, 6.919092574604905e-20, nan 
171.375, 74.375, 6.228835477892585e-20, nan 
171.625, 74.375, 4.900395171265282e-20, nan 
171.875, 74.375, 7.143552228919146e-20, nan 
172.125, 74.375, 5.1709003376091704e-20, nan 
172.375, 74.375, 5.2267256702436635e-20, nan 
172.625, 74.375, 5.043283922181012e-20, nan 
172.875, 74.375, 3.7378521217869106e-20, nan 
173.125, 74.375, 2.513412833321632e-20, nan 
173.375, 74.375, 1.738912615014673e-20, nan 
173.625, 74.375, 2.4417362935074202e-20, nan 
173.875, 74.375, 1.8160939689024887e-20, nan 
174.125, 74.375, 1.8164634898146398e-20, nan 
174.375, 74.375, 2.3036518866018234e-20, nan 
174.625, 74.375, 1.9899234142484954e-20, nan 
174.875, 74.375, 2.1233244328480705e-20, nan 
175.125, 74.375, 2.0860391013678026e-20, nan 
175.375, 74.375, 7.937542734702407e-21, nan 
175.625, 74.375, 9.621696858413483e-21, nan 
175.875, 74.375, 1.1098959901283381e-20, nan 
176.125, 74.375, 4.313753098656863e-21, nan 
176.375, 74.375, 9.252949186373178e-21, nan 
176.625, 74.375, 9.191015490947518e-21, nan 
176.875, 74.375, 5.5025402938047395e-21, nan 
177.125, 74.375, 5.871830821095932e-21, nan 
177.375, 74.375, 6.934461854730514e-21, nan 
177.625, 74.375, 5.733953594770564e-21, nan 
177.875, 74.375, 6.261484424306309e-21, nan 
178.125, 74.375, 3.8846926697308275e-21, nan 
178.375, 74.375, 4.663105986919372e-21, nan 
178.625, 74.375, 6.470421801883613e-21, nan 
178.875, 74.375, 3.3878342857703694e-21, nan 
179.125, 74.375, 2.8520542819591343e-21, nan 
179.375, 74.375, 3.593174839009309e-21, nan 
179.625, 74.375, 3.564173010151642e-21, nan 
179.875, 74.375, 3.3059199520176514e-21, nan 
-179.875, 74.625, 2.713505711047471e-21, nan 
-179.625, 74.625, 2.5447454643112997e-21, nan 
-179.375, 74.625, 2.7363196628799337e-21, nan 
-179.125, 74.625, 2.6138631083393085e-21, nan 
-178.875, 74.625, 3.2451761601034996e-21, nan 
-178.625, 74.625, 3.612651864538991e-21, nan 
-178.375, 74.625, 3.783719950606206e-21, nan 
-178.125, 74.625, 4.1452044036194605e-21, nan 
-177.875, 74.625, 3.330475411470922e-21, nan 
-177.625, 74.625, 3.196053926159002e-21, nan 
-177.375, 74.625, 3.3376013614501466e-21, nan 
-177.125, 74.625, 2.3776539031830418e-21, nan 
-176.875, 74.625, 1.532277183471393e-21, nan 
-176.625, 74.625, 1.504372281939409e-21, nan 
-176.375, 74.625, 1.2548596395834256e-21, nan 
-176.125, 74.625, 1.2282043706625214e-21, nan 
-175.875, 74.625, 9.48159274026223e-22, nan 
-175.625, 74.625, 7.766577485159164e-22, nan 
-175.375, 74.625, 1.3998601293732525e-21, nan 
-175.125, 74.625, 1.040984967953993e-21, nan 
-174.875, 74.625, 2.094792527168374e-21, nan 
-174.625, 74.625, 2.5411019956707233e-21, nan 
-174.375, 74.625, 9.992704115644892e-22, nan 
-174.125, 74.625, 3.1215593459114518e-21, nan 
-173.875, 74.625, 3.0113758409249993e-21, nan 
-173.625, 74.625, 2.4069392974371057e-21, nan 
-173.375, 74.625, 1.8791000274923912e-21, nan 
-173.125, 74.625, 9.616985412794754e-22, nan 
-172.875, 74.625, 6.309284305538149e-22, nan 
-172.625, 74.625, 1.4853511599776587e-21, nan 
-172.375, 74.625, 1.5591333306669015e-21, nan 
-172.125, 74.625, 1.4364053999023665e-21, nan 
-171.875, 74.625, 1.3066805886663775e-21, nan 
-171.625, 74.625, 1.423537053622151e-21, nan 
-171.375, 74.625, 1.3833248680700459e-21, nan 
-171.125, 74.625, 7.660842583354024e-22, nan 
-170.875, 74.625, 4.872890232604961e-22, nan 
-170.625, 74.625, 7.165379071153677e-22, nan 
-170.375, 74.625, 9.887218277276546e-22, nan 
-170.125, 74.625, 6.708537465813172e-22, nan 
-169.875, 74.625, 6.348488962165601e-22, nan 
-169.625, 74.625, 5.536006810673371e-22, nan 
-169.375, 74.625, 6.78611452360412e-22, nan 
-169.125, 74.625, 5.867262680369209e-22, nan 
-168.875, 74.625, 9.10716751366309e-22, nan 
-168.625, 74.625, 1.1937781785066066e-21, nan 
-168.375, 74.625, 1.8339390651593895e-21, nan 
-168.125, 74.625, 1.616781465337434e-21, nan 
-167.875, 74.625, 1.7978326506771467e-21, nan 
-167.625, 74.625, 1.7603507252469703e-21, nan 
-167.375, 74.625, 1.6500691236360806e-21, nan 
-167.125, 74.625, 1.670385013869618e-21, nan 
-166.875, 74.625, 8.999415105118715e-22, nan 
-166.625, 74.625, 7.869587070883622e-22, nan 
-166.375, 74.625, 1.199962033721784e-21, nan 
-166.125, 74.625, 1.0318969194669134e-21, nan 
-165.875, 74.625, 1.1994756767617989e-21, nan 
-165.625, 74.625, 1.1404428834060516e-21, nan 
-165.375, 74.625, 1.0043747082900429e-21, nan 
-165.125, 74.625, 9.798026528798264e-22, nan 
-164.875, 74.625, 7.6514910944990155e-22, nan 
-164.625, 74.625, 5.885675360310546e-22, nan 
-164.375, 74.625, 4.725395886386394e-22, nan 
-164.125, 74.625, 3.0970121951110015e-22, nan 
-163.875, 74.625, 2.305605931760915e-22, nan 
-163.625, 74.625, 1.736052281967838e-22, nan 
-163.375, 74.625, 2.183902099751227e-22, nan 
-163.125, 74.625, 1.6535904461697928e-22, nan 
-162.875, 74.625, 1.518538408266493e-22, nan 
-162.625, 74.625, 2.531435573349977e-22, nan 
-162.375, 74.625, 1.3544587747963206e-22, nan 
-162.125, 74.625, 1.9145323012991338e-22, nan 
-161.875, 74.625, 2.532708003385797e-22, nan 
-161.625, 74.625, 2.3024719421157604e-22, nan 
-161.375, 74.625, 2.4846616878956563e-22, nan 
-161.125, 74.625, 2.5183710620263667e-22, nan 
-160.875, 74.625, 2.7470376688895955e-22, nan 
-160.625, 74.625, 1.8462165460018601e-22, nan 
-160.375, 74.625, 1.9930633162107433e-22, nan 
-160.125, 74.625, 3.8662808963952807e-22, nan 
-159.875, 74.625, 2.319965102382681e-22, nan 
-159.625, 74.625, 1.5141109730975354e-22, nan 
-159.375, 74.625, 2.1989970386262647e-22, nan 
-159.125, 74.625, 2.2014739636149577e-22, nan 
-158.875, 74.625, 1.7880079730321056e-22, nan 
-158.625, 74.625, 1.2735443208379386e-22, nan 
-158.375, 74.625, 2.0389085686879352e-22, nan 
-158.125, 74.625, 1.3887795947021236e-22, nan 
-157.875, 74.625, 2.2145611441826715e-22, nan 
-157.625, 74.625, 3.038333349747986e-22, nan 
-157.375, 74.625, 2.9651528718225307e-22, nan 
-157.125, 74.625, 1.5221923438778567e-22, nan 
-156.875, 74.625, 1.3462199608857426e-22, nan 
-156.625, 74.625, 7.15826810583251e-23, nan 
-156.375, 74.625, 8.101055349888606e-23, nan 
-156.125, 74.625, 1.3215145525902321e-22, nan 
-155.875, 74.625, 8.253807191923849e-23, nan 
-155.625, 74.625, 2.301399776522941e-22, nan 
-155.375, 74.625, 2.1772112497020614e-22, nan 
-155.125, 74.625, 1.3931999580278257e-22, nan 
-154.875, 74.625, 3.1745731209624414e-22, nan 
-154.625, 74.625, 2.5575959558977243e-22, nan 
-154.375, 74.625, 1.003756604165764e-22, nan 
-154.125, 74.625, 4.662404144705282e-22, nan 
-153.875, 74.625, 3.4192686597882573e-22, nan 
-153.625, 74.625, 1.2929264730956668e-22, nan 
-153.375, 74.625, 2.5757734682690794e-22, nan 
-153.125, 74.625, 2.3552603378248666e-22, nan 
-152.875, 74.625, 1.6072745297185068e-22, nan 
-152.625, 74.625, 2.150428566312132e-22, nan 
-152.375, 74.625, 4.424882799235109e-22, nan 
-152.125, 74.625, 3.957079957919677e-22, nan 
-151.875, 74.625, 6.815214317874644e-22, nan 
-151.625, 74.625, 5.776498799782592e-22, nan 
-151.375, 74.625, 5.678241052270859e-22, nan 
-151.125, 74.625, 8.7087457901504e-22, nan 
-150.875, 74.625, 6.531130639892901e-22, nan 
-150.625, 74.625, 8.525879096739905e-22, nan 
-150.375, 74.625, 5.532127606493378e-22, nan 
-150.125, 74.625, 4.772696851928638e-22, nan 
-149.875, 74.625, 4.991817602959671e-22, nan 
-149.625, 74.625, 4.951984787415396e-22, nan 
-149.375, 74.625, 4.228891712750084e-22, nan 
-149.125, 74.625, 3.256898558149893e-22, nan 
-148.875, 74.625, 2.4693445812170613e-22, nan 
-148.625, 74.625, 1.3944337875705126e-22, nan 
-148.375, 74.625, 2.2226328789191646e-22, nan 
-148.125, 74.625, 1.1368643277236707e-22, nan 
-147.875, 74.625, 1.3889136407122349e-22, nan 
-147.625, 74.625, 2.087083951588961e-22, nan 
-147.375, 74.625, 2.5355262253433916e-22, nan 
-147.125, 74.625, 2.0871457246673556e-22, nan 
-146.875, 74.625, 1.7588610894498463e-22, nan 
-146.625, 74.625, 1.540690850567602e-22, nan 
-146.375, 74.625, 1.2273506400773094e-22, nan 
-146.125, 74.625, 4.048455198651578e-23, nan 
-145.875, 74.625, 1.1297913638600343e-22, nan 
-145.625, 74.625, 9.384734335244207e-23, nan 
-145.375, 74.625, 5.065303114945186e-23, nan 
-145.125, 74.625, 7.309667166393446e-23, nan 
-144.875, 74.625, 5.0240706500373825e-23, nan 
-144.625, 74.625, 8.464953768686881e-23, nan 
-144.375, 74.625, 8.482600291797594e-23, nan 
-144.125, 74.625, 4.1538129459509403e-23, nan 
-143.875, 74.625, 7.285639791686054e-23, nan 
-143.625, 74.625, 1.277588742571371e-22, nan 
-143.375, 74.625, 2.1416113142664012e-22, nan 
-143.125, 74.625, 1.56628271789801e-22, nan 
-142.875, 74.625, 2.2796732812865177e-22, nan 
-142.625, 74.625, 3.19419980174495e-22, nan 
-142.375, 74.625, 2.3227887300470583e-22, nan 
-142.125, 74.625, 1.6752245915638394e-22, nan 
-141.875, 74.625, 1.8407398110833782e-22, nan 
-141.625, 74.625, 2.1332670916394396e-22, nan 
-141.375, 74.625, 1.7757534450483943e-22, nan 
-141.125, 74.625, 1.597906979851966e-22, nan 
-140.875, 74.625, 2.153836152906638e-22, nan 
-140.625, 74.625, 2.0747356854317846e-22, nan 
-140.375, 74.625, 1.490690874230564e-22, nan 
-140.125, 74.625, 1.4713575227549032e-22, nan 
-139.875, 74.625, 1.2075933207403801e-22, nan 
-139.625, 74.625, 9.750484030012262e-23, nan 
-139.375, 74.625, 1.1325912612671497e-22, nan 
-139.125, 74.625, 1.2777017011725494e-22, nan 
-138.875, 74.625, 2.0313100817575193e-22, nan 
-138.625, 74.625, 2.123922587012189e-22, nan 
-138.375, 74.625, 1.629114623679402e-22, nan 
-138.125, 74.625, 1.8811856464515884e-22, nan 
-137.875, 74.625, 2.455637377726977e-22, nan 
-137.625, 74.625, 9.058688349360408e-23, nan 
-137.375, 74.625, 1.0636693930260913e-22, nan 
-137.125, 74.625, 1.3521892714196335e-22, nan 
-136.875, 74.625, 1.3286471352922632e-22, nan 
-136.625, 74.625, 1.1353962486980051e-22, nan 
-136.375, 74.625, 1.600282594208221e-22, nan 
-136.125, 74.625, 2.128176334445791e-22, nan 
-135.875, 74.625, 2.12352548311288e-22, nan 
-135.625, 74.625, 2.2937311475451158e-22, nan 
-135.375, 74.625, 2.0614700619450978e-22, nan 
-135.125, 74.625, 1.6290017918129037e-22, nan 
-134.875, 74.625, 1.3801289136810642e-22, nan 
-134.625, 74.625, 1.1842196971804061e-22, nan 
-134.375, 74.625, 7.233406612519131e-23, nan 
-134.125, 74.625, 9.772253112468046e-23, nan 
-133.875, 74.625, 1.114813894948997e-22, nan 
-133.625, 74.625, 1.825869167727588e-22, nan 
-133.375, 74.625, 1.2080135390962312e-22, nan 
-133.125, 74.625, 2.311063259653402e-22, nan 
-132.875, 74.625, 2.564988480826046e-22, nan 
-132.625, 74.625, 2.0100229211485942e-22, nan 
-132.375, 74.625, 4.482103450934534e-22, nan 
-132.125, 74.625, 3.945793506467576e-22, nan 
-131.875, 74.625, 3.204800522063945e-22, nan 
-131.625, 74.625, 2.8159942044223494e-22, nan 
-131.375, 74.625, 2.5191508014372083e-22, nan 
-131.125, 74.625, 2.4548022586323687e-22, nan 
-130.875, 74.625, 1.4267949959825974e-22, nan 
-130.625, 74.625, 2.159664088279659e-22, nan 
-130.375, 74.625, 1.8265292201987746e-22, nan 
-130.125, 74.625, 1.4165900224812745e-22, nan 
-129.875, 74.625, 2.4824299726405195e-22, nan 
-129.625, 74.625, 1.752567394621314e-22, nan 
-129.375, 74.625, 1.7021586809287751e-22, nan 
-129.125, 74.625, 7.745791551732274e-23, nan 
-128.875, 74.625, 1.156162374133018e-22, nan 
-128.625, 74.625, 9.03332155055861e-23, nan 
-128.375, 74.625, 6.982551353346524e-23, nan 
-128.125, 74.625, 9.905059563338635e-23, nan 
-127.875, 74.625, 6.112430538761541e-23, nan 
-127.625, 74.625, 6.44480702743141e-23, nan 
-127.375, 74.625, 5.590317544160494e-23, nan 
-127.125, 74.625, 5.489991684973094e-23, nan 
-126.875, 74.625, 7.978381467516353e-23, nan 
-126.625, 74.625, 7.366316589614656e-23, nan 
-126.375, 74.625, 9.435425275560731e-23, nan 
-126.125, 74.625, 9.393963844595796e-23, nan 
-125.875, 74.625, 5.663451880289296e-23, nan 
-125.625, 74.625, 6.030011173000807e-23, nan 
-125.375, 74.625, 1.380504694627512e-22, nan 
-125.125, 74.625, 1.690781813136049e-22, nan 
-124.875, 74.625, 9.801686116257101e-23, nan 
-124.625, 74.625, 7.258047529810945e-23, nan 
-124.375, 74.625, 7.143149034343235e-23, nan 
-124.125, 74.625, 6.064510234885866e-23, nan 
-123.875, 74.625, 2.4390754060364046e-23, nan 
-123.625, 74.625, 3.738123125752942e-23, nan 
-123.375, 74.625, 5.849465704396171e-23, nan 
-123.125, 74.625, 7.2552466405822e-23, nan 
-122.875, 74.625, 6.941884476819356e-23, nan 
-122.625, 74.625, 7.462247745833867e-23, nan 
-122.375, 74.625, 9.995770414060834e-23, nan 
-122.125, 74.625, 9.857531636172265e-23, nan 
-121.875, 74.625, 9.099206944460226e-23, nan 
-121.625, 74.625, 1.0493938126758749e-22, nan 
-121.375, 74.625, 6.960049001774646e-23, nan 
-121.125, 74.625, 4.851080159397236e-23, nan 
-120.875, 74.625, 7.627791558957815e-23, nan 
-120.625, 74.625, 4.727800891425563e-23, nan 
-120.375, 74.625, 1.1821157767241944e-23, nan 
-120.125, 74.625, 2.7701046782708777e-23, nan 
-119.875, 74.625, 4.720385937695961e-23, nan 
-119.625, 74.625, 1.581352223353745e-23, nan 
-119.375, 74.625, 2.8964621068936215e-23, nan 
-119.125, 74.625, 5.753176770401268e-23, nan 
-118.875, 74.625, 2.994603073167077e-23, nan 
-118.625, 74.625, 2.004550258717502e-23, nan 
-118.375, 74.625, 3.910864502812988e-23, nan 
-118.125, 74.625, 5.055893562133829e-23, nan 
-117.875, 74.625, 4.171493816163126e-23, nan 
-117.625, 74.625, 2.331919480712241e-23, nan 
-117.375, 74.625, 2.5259392604555632e-23, nan 
-117.125, 74.625, 2.9583057212695955e-23, nan 
-116.875, 74.625, 9.936597788486105e-24, nan 
-116.625, 74.625, 1.5117529757703934e-23, nan 
-116.375, 74.625, 2.2473948458844904e-23, nan 
-116.125, 74.625, 7.848932839935389e-24, nan 
-115.875, 74.625, 1.2482077883615329e-23, nan 
-115.625, 74.625, 2.4725751721728793e-23, nan 
-115.375, 74.625, 3.887312815294667e-23, nan 
-115.125, 74.625, 3.4967508156448556e-23, nan 
-114.875, 74.625, 3.996264809613475e-23, nan 
-114.625, 74.625, 4.615533427711988e-23, nan 
-114.375, 74.625, 4.921021010606409e-23, nan 
-114.125, 74.625, 3.654635046014003e-23, nan 
-113.875, 74.625, 2.476852028139026e-23, nan 
-113.625, 74.625, 4.7801258448395955e-23, nan 
-113.375, 74.625, 4.0003624984249014e-23, nan 
-113.125, 74.625, 4.5673144907487754e-23, nan 
-112.875, 74.625, 8.423193811793606e-23, nan 
-112.625, 74.625, 1.0555227327176635e-22, nan 
-112.375, 74.625, 9.792441032741255e-23, nan 
-112.125, 74.625, 1.473241786136736e-22, nan 
-111.875, 74.625, 1.8692524511837908e-22, nan 
-111.625, 74.625, 1.0772337180926855e-22, nan 
-111.375, 74.625, 1.0755190218005437e-22, nan 
-111.125, 74.625, 2.0212152176347295e-22, nan 
-110.875, 74.625, 1.7771656408407943e-22, nan 
-110.625, 74.625, 7.404025378665233e-23, nan 
-110.375, 74.625, 1.409841103301045e-22, nan 
-110.125, 74.625, 1.6890394925337878e-22, nan 
-109.875, 74.625, 7.743866512820669e-23, nan 
-109.625, 74.625, 6.088887062580777e-23, nan 
-109.375, 74.625, 6.857465888624e-23, nan 
-109.125, 74.625, 4.289007780754485e-23, nan 
-108.875, 74.625, 5.126375774292743e-23, nan 
-108.625, 74.625, 4.473068609241825e-23, nan 
-108.375, 74.625, 2.5487798814409433e-23, nan 
-108.125, 74.625, 1.0022211677371688e-23, nan 
-107.875, 74.625, 1.8465729108054444e-23, nan 
79.875, 74.625, 9.322882984576668e-24, nan 
80.125, 74.625, 8.196806150281265e-24, nan 
80.375, 74.625, 5.452819911395031e-24, nan 
80.625, 74.625, 8.544544505236029e-24, nan 
80.875, 74.625, 1.4978588994853252e-23, nan 
81.125, 74.625, 1.2364347881933688e-23, nan 
81.375, 74.625, 1.0951342089899411e-23, nan 
81.625, 74.625, 1.0382818533647082e-23, nan 
81.875, 74.625, 8.833934633775868e-24, nan 
82.125, 74.625, 8.069217202382928e-24, nan 
82.375, 74.625, 1.1909458462239694e-23, nan 
82.625, 74.625, 1.1187169635681717e-23, nan 
82.875, 74.625, 8.921760874411282e-24, nan 
83.125, 74.625, 1.4860305940720124e-23, nan 
83.375, 74.625, 1.2630763732964937e-23, nan 
83.625, 74.625, 1.6091665366727732e-23, nan 
83.875, 74.625, 1.53997034935877e-23, nan 
84.125, 74.625, 1.584349816161256e-23, nan 
84.375, 74.625, 1.8613932145208285e-23, nan 
84.625, 74.625, 2.0365695684494866e-23, nan 
84.875, 74.625, 1.9507014645037128e-23, nan 
85.125, 74.625, 2.4931552156255316e-23, nan 
85.375, 74.625, 3.3823124308609356e-23, nan 
85.625, 74.625, 2.9917779238571664e-23, nan 
85.875, 74.625, 2.0126927061618746e-23, nan 
86.125, 74.625, 2.5868205967728334e-23, nan 
86.375, 74.625, 1.7422332753591403e-23, nan 
86.625, 74.625, 1.7537704567098512e-23, nan 
86.875, 74.625, 1.933552041554974e-23, nan 
87.125, 74.625, 1.468816467188698e-23, nan 
87.375, 74.625, 1.418217811913892e-23, nan 
87.625, 74.625, 1.2930316636187401e-23, nan 
87.875, 74.625, 6.642324137483684e-24, nan 
88.125, 74.625, 8.985269239859526e-24, nan 
88.375, 74.625, 1.569710272708666e-23, nan 
88.625, 74.625, 1.6098007472347508e-23, nan 
88.875, 74.625, 1.0600878786600479e-23, nan 
89.125, 74.625, 5.091936130106677e-24, nan 
89.375, 74.625, 3.9186957188809995e-24, nan 
89.625, 74.625, 5.508608052936017e-24, nan 
89.875, 74.625, 1.0051108238198668e-23, nan 
90.125, 74.625, 6.779260476648401e-24, nan 
90.375, 74.625, 1.0476227002408566e-23, nan 
90.625, 74.625, 1.2993646141185584e-23, nan 
90.875, 74.625, 9.198604412318969e-24, nan 
91.125, 74.625, 8.869868671693492e-24, nan 
91.375, 74.625, 5.916287531578702e-24, nan 
91.625, 74.625, 7.173901193927404e-24, nan 
91.875, 74.625, 7.662631970172398e-24, nan 
92.125, 74.625, 7.029056136881905e-24, nan 
92.375, 74.625, 8.459915484710284e-24, nan 
92.625, 74.625, 1.1312225305896094e-23, nan 
92.875, 74.625, 1.4757121260880664e-23, nan 
93.125, 74.625, 1.0670838151959413e-23, nan 
93.375, 74.625, 1.1977155567205433e-23, nan 
93.625, 74.625, 1.1926337191737777e-23, nan 
93.875, 74.625, 1.1433344193246267e-23, nan 
94.125, 74.625, 1.5189938079851616e-23, nan 
94.375, 74.625, 1.5985547032482127e-23, nan 
94.625, 74.625, 1.0809350897669725e-23, nan 
94.875, 74.625, 1.1420176840216054e-23, nan 
95.125, 74.625, 1.0767315094514602e-23, nan 
95.375, 74.625, 1.1000739250738718e-23, nan 
95.625, 74.625, 1.5812208824601272e-23, nan 
95.875, 74.625, 1.723243436601203e-23, nan 
96.125, 74.625, 2.3584798407512718e-23, nan 
96.375, 74.625, 1.839397888450186e-23, nan 
96.625, 74.625, 2.0637869726061115e-23, nan 
96.875, 74.625, 3.282757117982311e-23, nan 
97.125, 74.625, 1.0968595998774335e-22, nan 
97.375, 74.625, 1.0169381578912955e-22, nan 
97.625, 74.625, 7.86152069466336e-23, nan 
97.875, 74.625, 7.98628307350591e-23, nan 
98.125, 74.625, 7.44845617879885e-23, nan 
98.375, 74.625, 6.184631756888186e-23, nan 
98.625, 74.625, 5.39839187930571e-23, nan 
98.875, 74.625, 2.4581246677554248e-23, nan 
99.125, 74.625, 2.3444649919275723e-23, nan 
99.375, 74.625, 9.062860690796168e-24, nan 
99.625, 74.625, 1.7666701259721823e-23, nan 
99.875, 74.625, 1.1580859084143858e-23, nan 
100.125, 74.625, 2.6584573691855015e-23, nan 
100.375, 74.625, 1.9576973385395475e-23, nan 
100.625, 74.625, 2.581800955434187e-23, nan 
100.875, 74.625, 2.5471414359116484e-23, nan 
101.125, 74.625, 2.479690518930196e-23, nan 
101.375, 74.625, 3.737604963682476e-23, nan 
101.625, 74.625, 2.5673500503440034e-23, nan 
101.875, 74.625, 2.1117974135040948e-23, nan 
102.125, 74.625, 5.136318678114179e-23, nan 
102.375, 74.625, 2.4072095637528303e-23, nan 
102.625, 74.625, 3.2006812490149076e-23, nan 
102.875, 74.625, 1.412716623967833e-23, nan 
103.125, 74.625, 2.471580429064028e-23, nan 
103.375, 74.625, 2.2190904478993662e-23, nan 
103.625, 74.625, 1.577000400313505e-23, nan 
103.875, 74.625, 2.2385878905004684e-23, nan 
104.125, 74.625, 3.2690199201709965e-23, nan 
104.375, 74.625, 3.7353838927412245e-23, nan 
104.625, 74.625, 3.019576005639408e-23, nan 
104.875, 74.625, 3.195519993895194e-23, nan 
105.125, 74.625, 3.3479446470175725e-23, nan 
105.375, 74.625, 4.133739078339007e-23, nan 
105.625, 74.625, 4.1959640315485326e-23, nan 
105.875, 74.625, 6.671989991735476e-23, nan 
106.125, 74.625, 6.516230296131522e-23, nan 
106.375, 74.625, 7.460737545489613e-23, nan 
106.625, 74.625, 1.0283490230381707e-22, nan 
106.875, 74.625, 1.1023004612681737e-22, nan 
107.125, 74.625, 1.218959701057364e-22, nan 
107.375, 74.625, 1.177368414830964e-22, nan 
107.625, 74.625, 6.188183506396128e-23, nan 
107.875, 74.625, 6.845209152054992e-23, nan 
108.125, 74.625, 8.239408305361035e-23, nan 
108.375, 74.625, 4.9901455120493416e-23, nan 
108.625, 74.625, 5.760553504320094e-23, nan 
108.875, 74.625, 4.953800300909148e-23, nan 
109.125, 74.625, 6.06874906537888e-23, nan 
109.375, 74.625, 8.47826476771284e-23, nan 
109.625, 74.625, 9.126153822969918e-23, nan 
109.875, 74.625, 1.6730507907278486e-23, nan 
110.125, 74.625, 1.151909417731954e-22, nan 
110.375, 74.625, 1.2742690271254035e-22, nan 
110.625, 74.625, 5.626326857758325e-23, nan 
110.875, 74.625, 9.666856694857942e-23, nan 
111.125, 74.625, 9.43613373719945e-23, nan 
111.375, 74.625, 4.10885079562674e-23, nan 
111.625, 74.625, 3.6963476883877516e-23, nan 
111.875, 74.625, 1.93990843235797e-23, nan 
112.125, 74.625, 2.2432261495630195e-23, nan 
112.375, 74.625, 1.988052389446512e-23, nan 
112.625, 74.625, 1.801616122935881e-23, nan 
112.875, 74.625, 5.284967817844639e-23, nan 
113.125, 74.625, 7.93142202871592e-23, nan 
113.375, 74.625, 9.098951273433543e-23, nan 
113.625, 74.625, 5.503978322891891e-23, nan 
113.875, 74.625, 4.599627708504728e-23, nan 
114.125, 74.625, 5.619297721516638e-23, nan 
114.375, 74.625, 5.532726678592775e-23, nan 
114.625, 74.625, 3.655537611258237e-23, nan 
114.875, 74.625, 4.941261353293367e-23, nan 
115.125, 74.625, 4.071480989258607e-23, nan 
115.375, 74.625, 2.0572570198076364e-23, nan 
115.625, 74.625, 1.2735801027627124e-23, nan 
115.875, 74.625, 1.3337242508479888e-23, nan 
116.125, 74.625, 1.2843042049546012e-23, nan 
116.375, 74.625, 1.2992463574882094e-23, nan 
116.625, 74.625, 1.3726812886995584e-23, nan 
116.875, 74.625, 1.5376361589769727e-23, nan 
117.125, 74.625, 3.460012317142286e-23, nan 
117.375, 74.625, 2.5374877670867603e-23, nan 
117.625, 74.625, 2.891984830899377e-23, nan 
117.875, 74.625, 3.212099605863205e-23, nan 
118.125, 74.625, 3.4444011725642723e-23, nan 
118.375, 74.625, 4.0001943220566005e-23, nan 
118.625, 74.625, 2.705316781848676e-23, nan 
118.875, 74.625, 3.0752316984795834e-23, nan 
119.125, 74.625, 3.7345366252804037e-23, nan 
119.375, 74.625, 3.026482421228745e-23, nan 
119.625, 74.625, 4.639694707305386e-23, nan 
119.875, 74.625, 4.947223790123731e-23, nan 
120.125, 74.625, 3.4757369002383473e-23, nan 
120.375, 74.625, 6.210041663653818e-23, nan 
120.625, 74.625, 8.50997106843191e-23, nan 
120.875, 74.625, 8.9021654452947e-23, nan 
121.125, 74.625, 1.0658082733818923e-22, nan 
121.375, 74.625, 1.23815766659847e-22, nan 
121.625, 74.625, 1.113938860189341e-22, nan 
121.875, 74.625, 1.039157126522542e-22, nan 
122.125, 74.625, 9.1454234315698e-23, nan 
122.375, 74.625, 6.078675225956614e-23, nan 
122.625, 74.625, 5.2403723321037904e-23, nan 
122.875, 74.625, 6.333582845951826e-23, nan 
123.125, 74.625, 3.9373542204718856e-23, nan 
123.375, 74.625, 3.0266131375463334e-23, nan 
123.625, 74.625, 1.7099489240032552e-23, nan 
123.875, 74.625, 1.9590046331619905e-23, nan 
124.125, 74.625, 2.8140375512963436e-23, nan 
124.375, 74.625, 4.0956683430528395e-23, nan 
124.625, 74.625, 2.10733857910267e-23, nan 
124.875, 74.625, 3.8985845405084275e-23, nan 
125.125, 74.625, 1.12633472678802e-22, nan 
125.375, 74.625, 1.2668019934924486e-22, nan 
125.625, 74.625, 7.031864520498266e-23, nan 
125.875, 74.625, 1.0048449021419375e-22, nan 
126.125, 74.625, 1.2377890002324884e-22, nan 
126.375, 74.625, 8.336414924922209e-23, nan 
126.625, 74.625, 1.634462989917044e-22, nan 
126.875, 74.625, 2.314414939173183e-22, nan 
127.125, 74.625, 7.267142638495171e-23, nan 
127.375, 74.625, 2.958575761208493e-22, nan 
127.625, 74.625, 4.240788608387236e-22, nan 
127.875, 74.625, 1.5989937244647062e-22, nan 
128.125, 74.625, 2.4756263313180147e-22, nan 
128.375, 74.625, 3.2151654100014615e-22, nan 
128.625, 74.625, 1.6251491818737309e-22, nan 
128.875, 74.625, 9.596132263752127e-23, nan 
129.125, 74.625, 8.505392317444347e-23, nan 
129.375, 74.625, 6.867591960974161e-23, nan 
129.625, 74.625, 7.634174211548435e-23, nan 
129.875, 74.625, 1.7383048393265644e-22, nan 
130.125, 74.625, 9.201771169080806e-23, nan 
130.375, 74.625, 7.149349517416357e-23, nan 
130.625, 74.625, 1.4379962215921848e-22, nan 
130.875, 74.625, 2.564444355837565e-23, nan 
131.125, 74.625, 6.982245103785377e-23, nan 
131.375, 74.625, 1.080411292113778e-22, nan 
131.625, 74.625, 6.087363402025578e-23, nan 
131.875, 74.625, 1.496048301674634e-22, nan 
132.125, 74.625, 1.5049421461824464e-22, nan 
132.375, 74.625, 9.228969287370697e-23, nan 
132.625, 74.625, 1.3853847388677388e-22, nan 
132.875, 74.625, 1.7549566085781037e-22, nan 
133.125, 74.625, 1.5866946913668625e-22, nan 
133.375, 74.625, 1.3006988052262109e-22, nan 
133.625, 74.625, 1.4817954444072877e-22, nan 
133.875, 74.625, 1.8152935557232707e-22, nan 
134.125, 74.625, 1.6400978342241488e-22, nan 
134.375, 74.625, 1.5898953735664329e-22, nan 
134.625, 74.625, 3.4180055855219074e-23, nan 
134.875, 74.625, 2.1910576070901458e-22, nan 
135.125, 74.625, 2.5767275743143876e-22, nan 
135.375, 74.625, 2.171416655557631e-22, nan 
135.625, 74.625, 5.007020169461508e-22, nan 
135.875, 74.625, 2.911704886326439e-22, nan 
136.125, 74.625, 2.559003082700416e-22, nan 
136.375, 74.625, 4.519581103826616e-22, nan 
136.625, 74.625, 2.7550680584325567e-22, nan 
136.875, 74.625, 1.3158552753300318e-22, nan 
137.125, 74.625, 8.189099204487213e-23, nan 
137.375, 74.625, 1.9988365657260703e-22, nan 
137.625, 74.625, 2.2641418022438706e-22, nan 
137.875, 74.625, 1.9346597427706502e-22, nan 
138.125, 74.625, 2.469494708037792e-22, nan 
138.375, 74.625, 2.439832590314665e-22, nan 
138.625, 74.625, 2.217050726876458e-22, nan 
138.875, 74.625, 1.4974203410141518e-22, nan 
139.125, 74.625, 1.3259900373149818e-22, nan 
139.375, 74.625, 1.2804233916760282e-22, nan 
139.625, 74.625, 1.4942701164988358e-22, nan 
139.875, 74.625, 1.7714428817608678e-22, nan 
140.125, 74.625, 2.4946161704960583e-22, nan 
140.375, 74.625, 2.401976531207896e-22, nan 
140.625, 74.625, 2.222658970369628e-22, nan 
140.875, 74.625, 2.5786779893272e-22, nan 
141.125, 74.625, 2.957426204136882e-22, nan 
141.375, 74.625, 3.196905636284177e-22, nan 
141.625, 74.625, 3.265749941780886e-22, nan 
141.875, 74.625, 3.119361524719804e-22, nan 
142.125, 74.625, 3.5325866851104744e-22, nan 
142.375, 74.625, 3.911883676044079e-22, nan 
142.625, 74.625, 3.6416493094880553e-22, nan 
142.875, 74.625, 3.315375279656758e-22, nan 
143.125, 74.625, 3.2000320438601687e-22, nan 
143.375, 74.625, 4.337626179596772e-22, nan 
143.625, 74.625, 4.912008023950739e-22, nan 
143.875, 74.625, 4.9482025380158765e-22, nan 
144.125, 74.625, 1.237163928761685e-22, nan 
144.375, 74.625, 5.570027304418881e-22, nan 
144.625, 74.625, 9.304254149248416e-22, nan 
144.875, 74.625, 5.491817022837407e-22, nan 
145.125, 74.625, 6.945262821636546e-22, nan 
145.375, 74.625, 1.0297803522593709e-21, nan 
145.625, 74.625, 7.7399389556224e-22, nan 
145.875, 74.625, 6.373210843214368e-22, nan 
146.125, 74.625, 8.615711720562123e-22, nan 
146.375, 74.625, 6.5476098006458005e-22, nan 
146.625, 74.625, 3.6947546448893637e-22, nan 
146.875, 74.625, 2.4082346911877016e-22, nan 
147.125, 74.625, 1.538614112847765e-22, nan 
147.375, 74.625, 2.8298178670472332e-22, nan 
147.625, 74.625, 3.6636767452940547e-22, nan 
147.875, 74.625, 1.1846758618455513e-22, nan 
148.125, 74.625, 4.630799791361558e-22, nan 
148.375, 74.625, 6.188461682679228e-22, nan 
148.625, 74.625, 5.639381249462271e-22, nan 
148.875, 74.625, 4.366943457520948e-22, nan 
149.125, 74.625, 5.726916643879325e-22, nan 
149.375, 74.625, 5.379375084417832e-22, nan 
149.625, 74.625, 3.39541288746158e-22, nan 
149.875, 74.625, 5.062512132861922e-22, nan 
150.125, 74.625, 6.439190822829903e-22, nan 
150.375, 74.625, 2.1261248684727024e-22, nan 
150.625, 74.625, 6.996913185778034e-22, nan 
150.875, 74.625, 5.529104898206508e-22, nan 
151.125, 74.625, 6.979711427557943e-22, nan 
151.375, 74.625, 1.0212762941592684e-21, nan 
151.625, 74.625, 9.527926517642829e-22, nan 
151.875, 74.625, 2.5705730636157384e-21, nan 
152.125, 74.625, 2.7222639098900478e-21, nan 
152.375, 74.625, 3.690713946063912e-21, nan 
152.625, 74.625, 3.3641632000665265e-21, nan 
152.875, 74.625, 3.8076784482435654e-21, nan 
153.125, 74.625, 5.399516120190481e-21, nan 
153.375, 74.625, 4.7684029379562434e-21, nan 
153.625, 74.625, 3.3382957963523885e-21, nan 
153.875, 74.625, 4.5425807137182845e-21, nan 
154.125, 74.625, 4.7679795356321834e-21, nan 
154.375, 74.625, 4.7619512901756405e-21, nan 
154.625, 74.625, 3.765165569501194e-21, nan 
154.875, 74.625, 3.4889741165052665e-21, nan 
155.125, 74.625, 4.519532975865874e-21, nan 
155.375, 74.625, 3.9245992427385136e-21, nan 
155.625, 74.625, 3.284848692907101e-21, nan 
155.875, 74.625, 2.478915833951893e-21, nan 
156.125, 74.625, 4.179365711250301e-21, nan 
156.375, 74.625, 6.477132835666131e-21, nan 
156.625, 74.625, 6.11736643364714e-21, nan 
156.875, 74.625, 5.4594005881383516e-21, nan 
157.125, 74.625, 5.8072648198338696e-21, nan 
157.375, 74.625, 3.0337646475717298e-21, nan 
157.625, 74.625, 1.9019546373597764e-21, nan 
157.875, 74.625, 2.976326611418996e-21, nan 
158.125, 74.625, 4.805451964734251e-21, nan 
158.375, 74.625, 4.946765029864904e-21, nan 
158.625, 74.625, 9.152145789039062e-21, nan 
158.875, 74.625, 1.7735137415268842e-20, nan 
159.125, 74.625, 8.414645000435124e-21, nan 
159.375, 74.625, 3.2274429319108874e-20, nan 
159.625, 74.625, 7.32614638081485e-20, nan 
159.875, 74.625, 5.2456285378695574e-20, nan 
160.125, 74.625, 4.511615163474216e-20, nan 
160.375, 74.625, 9.865058097927041e-20, nan 
160.625, 74.625, 1.3514870323584829e-19, nan 
160.875, 74.625, 1.7599973493552463e-19, nan 
161.125, 74.625, 1.9612750279690212e-19, nan 
161.375, 74.625, 1.7956230229305104e-19, nan 
161.625, 74.625, 3.093888678871566e-19, nan 
161.875, 74.625, 4.05060511958425e-19, nan 
162.125, 74.625, 2.1201217651567268e-19, nan 
162.375, 74.625, 3.616588281895942e-19, nan 
162.625, 74.625, 4.899732127245554e-19, nan 
162.875, 74.625, 4.806379327803519e-19, nan 
163.125, 74.625, 6.477071449852818e-19, nan 
163.375, 74.625, 5.976804893307527e-19, nan 
163.625, 74.625, 5.89642957446928e-19, nan 
163.875, 74.625, 8.862277681640218e-19, nan 
164.125, 74.625, 1.214247963369708e-18, nan 
164.375, 74.625, 2.0662504634421128e-18, nan 
164.625, 74.625, 2.914996957323932e-18, nan 
164.875, 74.625, 1.893890389453361e-18, nan 
165.125, 74.625, 5.290045527627925e-18, nan 
165.375, 74.625, 1.069703532335976e-17, nan 
165.625, 74.625, 9.347473867857271e-18, nan 
165.875, 74.625, 2.4258428113872212e-17, nan 
166.125, 74.625, 6.763196961590012e-17, nan 
166.375, 74.625, 1.6210717041516034e-16, nan 
166.625, 74.625, 6.612087555364054e-16, nan 
166.875, 74.625, 5.913200147007335e-16, nan 
167.125, 74.625, 7.390991664723026e-17, nan 
167.375, 74.625, 3.0221043296261534e-17, nan 
167.625, 74.625, 9.39122517815712e-18, nan 
167.875, 74.625, 4.9522022784984374e-18, nan 
168.125, 74.625, 3.571931462373471e-18, nan 
168.375, 74.625, 1.9081572257403028e-18, nan 
168.625, 74.625, 1.0028175665974105e-18, nan 
168.875, 74.625, 1.0552997720051983e-18, nan 
169.125, 74.625, 5.167422188882743e-19, nan 
169.375, 74.625, 3.3095431968672625e-19, nan 
169.625, 74.625, 2.711061427862533e-19, nan 
169.875, 74.625, 1.8780077459191013e-19, nan 
170.125, 74.625, 1.0842318423955122e-19, nan 
170.375, 74.625, 6.140810505606632e-20, nan 
170.625, 74.625, 3.984473799434014e-20, nan 
170.875, 74.625, 5.516372245859589e-20, nan 
171.125, 74.625, 6.075127105663565e-20, nan 
171.375, 74.625, 4.901256956606225e-20, nan 
171.625, 74.625, 6.100824661396993e-20, nan 
171.875, 74.625, 7.465042159690877e-20, nan 
172.125, 74.625, 4.515216454243196e-20, nan 
172.375, 74.625, 4.1816582647907524e-20, nan 
172.625, 74.625, 3.096043286998291e-20, nan 
172.875, 74.625, 3.91344073501084e-20, nan 
173.125, 74.625, 2.9532232151801234e-20, nan 
173.375, 74.625, 1.8843047148653403e-20, nan 
173.625, 74.625, 1.8365773574764116e-20, nan 
173.875, 74.625, 1.8277568166143247e-20, nan 
174.125, 74.625, 1.3130075717677783e-20, nan 
174.375, 74.625, 1.2539313640798605e-20, nan 
174.625, 74.625, 2.5713910411872575e-20, nan 
174.875, 74.625, 2.7548571126545045e-20, nan 
175.125, 74.625, 1.9206545740044767e-20, nan 
175.375, 74.625, 1.4866611951378442e-20, nan 
175.625, 74.625, 1.661495485968122e-20, nan 
175.875, 74.625, 1.1029181677200466e-20, nan 
176.125, 74.625, 3.881982041274274e-21, nan 
176.375, 74.625, 5.155328042078488e-21, nan 
176.625, 74.625, 1.7026949427616943e-21, nan 
176.875, 74.625, 4.862982783116475e-21, nan 
177.125, 74.625, 4.6104817870264985e-21, nan 
177.375, 74.625, 7.579211837124488e-21, nan 
177.625, 74.625, 1.0547918428189582e-20, nan 
177.875, 74.625, 1.1546873009596073e-20, nan 
178.125, 74.625, 8.277068009053604e-21, nan 
178.375, 74.625, 8.955997476768399e-21, nan 
178.625, 74.625, 1.1508471067555936e-20, nan 
178.875, 74.625, 7.491756697133022e-21, nan 
179.125, 74.625, 3.784255104712892e-21, nan 
179.375, 74.625, 4.629250107532134e-21, nan 
179.625, 74.625, 4.298310971638903e-21, nan 
179.875, 74.625, 3.0018537205557414e-21, nan 
-179.875, 74.875, 4.925997451086543e-21, nan 
-179.625, 74.875, 3.0928106001907125e-21, nan 
-179.375, 74.875, 1.7847493591622466e-21, nan 
-179.125, 74.875, 2.1512023511435603e-21, nan 
-178.875, 74.875, 3.962658066979347e-21, nan 
-178.625, 74.875, 3.861445408020232e-21, nan 
-178.375, 74.875, 4.306288400895906e-21, nan 
-178.125, 74.875, 4.521322482236391e-21, nan 
-177.875, 74.875, 4.048873229262549e-21, nan 
-177.625, 74.875, 4.262926110721396e-21, nan 
-177.375, 74.875, 3.0685088718306156e-21, nan 
-177.125, 74.875, 1.9916718067631665e-21, nan 
-176.875, 74.875, 1.5906304900837647e-21, nan 
-176.625, 74.875, 1.581742354026677e-21, nan 
-176.375, 74.875, 1.5700318665851819e-21, nan 
-176.125, 74.875, 2.1044783903339826e-21, nan 
-175.875, 74.875, 2.0675441619381777e-21, nan 
-175.625, 74.875, 1.5534107027146363e-21, nan 
-175.375, 74.875, 2.5753748818841247e-21, nan 
-175.125, 74.875, 2.352635689857602e-21, nan 
-174.875, 74.875, 1.4471101175642739e-21, nan 
-174.625, 74.875, 1.1753898273984802e-21, nan 
-174.375, 74.875, 1.260937024512131e-21, nan 
-174.125, 74.875, 1.2538624466390655e-21, nan 
-173.875, 74.875, 1.0841419027347111e-21, nan 
-173.625, 74.875, 1.2544645449509592e-21, nan 
-173.375, 74.875, 9.578379628293128e-22, nan 
-173.125, 74.875, 7.8413644972081575e-22, nan 
-172.875, 74.875, 6.868510396601046e-22, nan 
-172.625, 74.875, 5.803296094584846e-22, nan 
-172.375, 74.875, 4.57009005484063e-22, nan 
-172.125, 74.875, 6.6027072986488345e-22, nan 
-171.875, 74.875, 6.423179363100998e-22, nan 
-171.625, 74.875, 8.507755365481834e-22, nan 
-171.375, 74.875, 1.1181667115646605e-21, nan 
-171.125, 74.875, 6.2930404409923165e-22, nan 
-170.875, 74.875, 1.0729027816590594e-21, nan 
-170.625, 74.875, 8.937053838267051e-22, nan 
-170.375, 74.875, 8.517857063188506e-22, nan 
-170.125, 74.875, 1.1575688529748078e-21, nan 
-169.875, 74.875, 6.627517976019955e-22, nan 
-169.625, 74.875, 5.725989129833755e-22, nan 
-169.375, 74.875, 4.733859281216369e-22, nan 
-169.125, 74.875, 5.301593479360952e-22, nan 
-168.875, 74.875, 5.52681352070055e-22, nan 
-168.625, 74.875, 9.3814385894494e-22, nan 
-168.375, 74.875, 1.5819524595918241e-21, nan 
-168.125, 74.875, 1.605728247453623e-21, nan 
-167.875, 74.875, 2.143483767273822e-21, nan 
-167.625, 74.875, 1.8375340480025406e-21, nan 
-167.375, 74.875, 1.6994435385922344e-21, nan 
-167.125, 74.875, 2.3113265160417496e-21, nan 
-166.875, 74.875, 1.6069684061676797e-21, nan 
-166.625, 74.875, 1.4947499447847145e-21, nan 
-166.375, 74.875, 1.6214302801806218e-21, nan 
-166.125, 74.875, 1.3670546104542014e-21, nan 
-165.875, 74.875, 1.5888315730438166e-21, nan 
-165.625, 74.875, 1.2571443529361153e-21, nan 
-165.375, 74.875, 8.240990562139732e-22, nan 
-165.125, 74.875, 1.0480842875184878e-21, nan 
-164.875, 74.875, 6.911034240110067e-22, nan 
-164.625, 74.875, 3.844364984296854e-22, nan 
-164.375, 74.875, 2.38883251681122e-22, nan 
-164.125, 74.875, 1.412839696871502e-22, nan 
-163.875, 74.875, 3.8167527334193194e-22, nan 
-163.625, 74.875, 5.653007471249095e-22, nan 
-163.375, 74.875, 2.4687045138679437e-22, nan 
-163.125, 74.875, 1.8991740495867317e-22, nan 
-162.875, 74.875, 2.799537818874742e-22, nan 
-162.625, 74.875, 1.7579076104860792e-22, nan 
-162.375, 74.875, 1.391654668598902e-22, nan 
-162.125, 74.875, 2.5044343221878805e-22, nan 
-161.875, 74.875, 2.689972224785723e-22, nan 
-161.625, 74.875, 2.1457976165769416e-22, nan 
-161.375, 74.875, 1.8852574220041235e-22, nan 
-161.125, 74.875, 2.4113349384978628e-22, nan 
-160.875, 74.875, 2.3699790733184656e-22, nan 
-160.625, 74.875, 2.846493160148943e-22, nan 
-160.375, 74.875, 2.793366253655342e-22, nan 
-160.125, 74.875, 3.2986433146208525e-22, nan 
-159.875, 74.875, 3.15150328364313e-22, nan 
-159.625, 74.875, 1.4594857417205275e-22, nan 
-159.375, 74.875, 2.210313359647362e-22, nan 
-159.125, 74.875, 3.8917533017935388e-22, nan 
-158.875, 74.875, 1.6119446429078994e-22, nan 
-158.625, 74.875, 1.2296466642239185e-22, nan 
-158.375, 74.875, 2.7706847106616926e-22, nan 
-158.125, 74.875, 3.7543791595393127e-22, nan 
-157.875, 74.875, 2.0147681436468154e-22, nan 
-157.625, 74.875, 4.352609877677476e-22, nan 
-157.375, 74.875, 6.06299508430008e-22, nan 
-157.125, 74.875, 3.237495218296848e-22, nan 
-156.875, 74.875, 2.5505552035600536e-22, nan 
-156.625, 74.875, 3.7402841012188317e-22, nan 
-156.375, 74.875, 3.799463408362443e-22, nan 
-156.125, 74.875, 3.9463990490896607e-22, nan 
-155.875, 74.875, 1.1741353741874863e-22, nan 
-155.625, 74.875, 4.1282954985914087e-22, nan 
-155.375, 74.875, 4.903064096200267e-22, nan 
-155.125, 74.875, 1.9057329514180282e-22, nan 
-154.875, 74.875, 1.9199329147206323e-22, nan 
-154.625, 74.875, 2.615999551413158e-22, nan 
-154.375, 74.875, 2.240107634030592e-22, nan 
-154.125, 74.875, 3.3461012961913915e-22, nan 
-153.875, 74.875, 2.4955941469113124e-22, nan 
-153.625, 74.875, 1.7635688664122224e-22, nan 
-153.375, 74.875, 2.011226378916602e-22, nan 
-153.125, 74.875, 1.9602400979192803e-22, nan 
-152.875, 74.875, 1.5997365202261876e-22, nan 
-152.625, 74.875, 1.6022894884355245e-22, nan 
-152.375, 74.875, 2.781290762413482e-22, nan 
-152.125, 74.875, 2.8841287567257933e-22, nan 
-151.875, 74.875, 2.436574095092621e-22, nan 
-151.625, 74.875, 3.2049613526666577e-22, nan 
-151.375, 74.875, 3.6625884779086854e-22, nan 
-151.125, 74.875, 6.390360680974148e-22, nan 
-150.875, 74.875, 5.154826510172457e-22, nan 
-150.625, 74.875, 6.086101717332895e-22, nan 
-150.375, 74.875, 6.288524017655166e-22, nan 
-150.125, 74.875, 4.434072178428953e-22, nan 
-149.875, 74.875, 3.1730602591838696e-22, nan 
-149.625, 74.875, 3.6918628749536386e-22, nan 
-149.375, 74.875, 2.4276994002701434e-22, nan 
-149.125, 74.875, 2.3477474510651642e-22, nan 
-148.875, 74.875, 9.756551265144855e-23, nan 
-148.625, 74.875, 6.329931860809167e-23, nan 
-148.375, 74.875, 2.0983215065538936e-22, nan 
-148.125, 74.875, 9.183052650568091e-23, nan 
-147.875, 74.875, 8.989933294949681e-23, nan 
-147.625, 74.875, 1.378537737833558e-22, nan 
-147.375, 74.875, 1.417530071472301e-22, nan 
-147.125, 74.875, 1.9713545546050682e-22, nan 
-146.875, 74.875, 2.196683027819247e-22, nan 
-146.625, 74.875, 1.924499842566122e-22, nan 
-146.375, 74.875, 2.420586729828666e-22, nan 
-146.125, 74.875, 2.4724417760288995e-22, nan 
-145.875, 74.875, 1.7993563301708096e-22, nan 
-145.625, 74.875, 2.0284067852226174e-22, nan 
-145.375, 74.875, 1.3909030945872003e-22, nan 
-145.125, 74.875, 1.11871501808249e-22, nan 
-144.875, 74.875, 6.9030086431244e-23, nan 
-144.625, 74.875, 1.0340921478822324e-22, nan 
-144.375, 74.875, 1.5574301847922673e-22, nan 
-144.125, 74.875, 1.4897769152608815e-22, nan 
-143.875, 74.875, 1.6731603730135666e-22, nan 
-143.625, 74.875, 1.6099595414059885e-22, nan 
-143.375, 74.875, 2.773402431891783e-22, nan 
-143.125, 74.875, 3.161045968787501e-22, nan 
-142.875, 74.875, 2.993741268319042e-22, nan 
-142.625, 74.875, 3.173356650940994e-22, nan 
-142.375, 74.875, 2.9726020452888036e-22, nan 
-142.125, 74.875, 3.290169636007429e-22, nan 
-141.875, 74.875, 1.585698758985212e-22, nan 
-141.625, 74.875, 1.9716439092473352e-22, nan 
-141.375, 74.875, 2.6082252299542582e-22, nan 
-141.125, 74.875, 1.9412893781737681e-22, nan 
-140.875, 74.875, 2.474924705176191e-22, nan 
-140.625, 74.875, 3.312713580221089e-22, nan 
-140.375, 74.875, 1.899023915125051e-22, nan 
-140.125, 74.875, 1.6760583420662393e-22, nan 
-139.875, 74.875, 1.6638496897378108e-22, nan 
-139.625, 74.875, 1.1997419161909692e-22, nan 
-139.375, 74.875, 1.5260074320819825e-22, nan 
-139.125, 74.875, 1.6383935992151793e-22, nan 
-138.875, 74.875, 1.0369383946583111e-22, nan 
-138.625, 74.875, 1.5932839369826604e-22, nan 
-138.375, 74.875, 2.555070842404568e-22, nan 
-138.125, 74.875, 1.9259140633567199e-22, nan 
-137.875, 74.875, 1.9449758414375211e-22, nan 
-137.625, 74.875, 1.953200728405634e-22, nan 
-137.375, 74.875, 9.780494210614306e-23, nan 
-137.125, 74.875, 1.028071635149402e-22, nan 
-136.875, 74.875, 1.5214616097859782e-22, nan 
-136.625, 74.875, 7.990879127467039e-23, nan 
-136.375, 74.875, 1.2651498364002175e-22, nan 
-136.125, 74.875, 1.6406480310905896e-22, nan 
-135.875, 74.875, 9.803953791366207e-23, nan 
-135.625, 74.875, 1.1912233375862707e-22, nan 
-135.375, 74.875, 1.1845871594329463e-22, nan 
-135.125, 74.875, 7.803290702010162e-23, nan 
-134.875, 74.875, 8.437525664419553e-23, nan 
-134.625, 74.875, 6.497044111201749e-23, nan 
-134.375, 74.875, 9.842142469886638e-23, nan 
-134.125, 74.875, 8.140520314235897e-23, nan 
-133.875, 74.875, 3.896990139157178e-23, nan 
-133.625, 74.875, 4.540895595292862e-23, nan 
-133.375, 74.875, 4.7122786080304825e-23, nan 
-133.125, 74.875, 7.118254884487819e-23, nan 
-132.875, 74.875, 1.3180234667656587e-22, nan 
-132.625, 74.875, 1.8037637606937422e-22, nan 
-132.375, 74.875, 2.599928456690689e-22, nan 
-132.125, 74.875, 2.3120566680296413e-22, nan 
-131.875, 74.875, 1.95471510909846e-22, nan 
-131.625, 74.875, 1.9420326510609166e-22, nan 
-131.375, 74.875, 1.2246678188088975e-22, nan 
-131.125, 74.875, 1.1004448070312855e-22, nan 
-130.875, 74.875, 1.9723836491919985e-22, nan 
-130.625, 74.875, 1.3764829862518166e-22, nan 
-130.375, 74.875, 1.3694442801636307e-22, nan 
-130.125, 74.875, 2.4360944627176117e-22, nan 
-129.875, 74.875, 2.3617938112425565e-22, nan 
-129.625, 74.875, 1.6602584826186006e-22, nan 
-129.375, 74.875, 1.7803711056062971e-22, nan 
-129.125, 74.875, 1.4982127914103973e-22, nan 
-128.875, 74.875, 1.2892437100952586e-22, nan 
-128.625, 74.875, 7.256686075602356e-23, nan 
-128.375, 74.875, 8.389913732693673e-23, nan 
-128.125, 74.875, 1.1306903495512656e-22, nan 
-127.875, 74.875, 5.725988983228166e-23, nan 
-127.625, 74.875, 7.147030000742564e-23, nan 
-127.375, 74.875, 4.981789266680819e-23, nan 
-127.125, 74.875, 6.632887719343515e-23, nan 
-126.875, 74.875, 7.453448704979078e-23, nan 
-126.625, 74.875, 4.743382319032399e-23, nan 
-126.375, 74.875, 7.407757932478488e-23, nan 
-126.125, 74.875, 9.574745640240568e-23, nan 
-125.875, 74.875, 4.630837794442086e-23, nan 
-125.625, 74.875, 4.323686108432813e-23, nan 
-125.375, 74.875, 4.429204840064769e-23, nan 
-125.125, 74.875, 5.303692479403593e-23, nan 
-124.875, 74.875, 8.16193575336449e-23, nan 
-124.625, 74.875, 9.757215071086805e-23, nan 
-124.375, 74.875, 1.0051266967116914e-22, nan 
-124.125, 74.875, 7.928201759728667e-23, nan 
-123.875, 74.875, 1.108692090344304e-22, nan 
-123.625, 74.875, 1.0385617000255078e-22, nan 
-123.375, 74.875, 9.262135740143804e-23, nan 
-123.125, 74.875, 1.1595861709753313e-22, nan 
-122.875, 74.875, 1.0722530510719076e-22, nan 
-122.625, 74.875, 9.37962774140741e-23, nan 
-122.375, 74.875, 1.2201034479046538e-22, nan 
-122.125, 74.875, 1.2005300906854928e-22, nan 
-121.875, 74.875, 1.4054526267772516e-22, nan 
-121.625, 74.875, 1.172884131370657e-22, nan 
-121.375, 74.875, 1.1832823441322493e-22, nan 
-121.125, 74.875, 1.0986729319155518e-22, nan 
-120.875, 74.875, 1.0443167060437705e-22, nan 
-120.625, 74.875, 8.497306346689604e-23, nan 
-120.375, 74.875, 2.5573653504425245e-23, nan 
-120.125, 74.875, 3.102752595864832e-23, nan 
-119.875, 74.875, 2.4470811077337307e-23, nan 
-119.625, 74.875, 2.0300658757261984e-23, nan 
-119.375, 74.875, 1.2883594412541947e-23, nan 
-119.125, 74.875, 2.777295207799886e-23, nan 
-118.875, 74.875, 2.3924954815367305e-23, nan 
-118.625, 74.875, 2.9443220173621486e-23, nan 
-118.375, 74.875, 1.9927148580671584e-23, nan 
-118.125, 74.875, 1.4984478863098742e-23, nan 
-117.875, 74.875, 1.366746359399605e-23, nan 
-117.625, 74.875, 2.9486166785358554e-23, nan 
-117.375, 74.875, 2.457588359713625e-23, nan 
-117.125, 74.875, 2.2599356088941546e-23, nan 
-116.875, 74.875, 1.4854575784830983e-23, nan 
-116.625, 74.875, 1.4524678454773028e-23, nan 
-116.375, 74.875, 1.9120693596095902e-23, nan 
-116.125, 74.875, 2.1354047513763632e-23, nan 
-115.875, 74.875, 2.842922459893006e-23, nan 
-115.625, 74.875, 2.879841793290396e-23, nan 
-115.375, 74.875, 2.943575339760661e-23, nan 
-115.125, 74.875, 4.301383086406429e-23, nan 
-114.875, 74.875, 3.1900281620414146e-23, nan 
-114.625, 74.875, 2.779218665341639e-23, nan 
-114.375, 74.875, 2.8184627382807385e-23, nan 
-114.125, 74.875, 3.7900262325243873e-23, nan 
-113.875, 74.875, 2.8187866043761656e-23, nan 
-113.625, 74.875, 4.2841197465555054e-23, nan 
-113.375, 74.875, 4.802126969275693e-23, nan 
-113.125, 74.875, 5.442961767829592e-23, nan 
-112.875, 74.875, 6.826847156490295e-23, nan 
-112.625, 74.875, 8.81947943890631e-23, nan 
-112.375, 74.875, 5.323409501622919e-23, nan 
-112.125, 74.875, 5.876909707291461e-23, nan 
-111.875, 74.875, 1.3089596756272622e-22, nan 
-111.625, 74.875, 1.0427503202350631e-22, nan 
-111.375, 74.875, 3.57031337979299e-23, nan 
-111.125, 74.875, 1.5354937534515232e-22, nan 
-110.875, 74.875, 1.6881082334272448e-22, nan 
-110.625, 74.875, 6.138597613502669e-23, nan 
-110.375, 74.875, 1.1665443592467403e-22, nan 
-110.125, 74.875, 1.4198379472906857e-22, nan 
-109.875, 74.875, 8.442427930045444e-23, nan 
-109.625, 74.875, 6.80446970280716e-23, nan 
-109.375, 74.875, 5.691331607431522e-23, nan 
-109.125, 74.875, 4.2561912571079095e-23, nan 
-108.875, 74.875, 6.324631286958686e-23, nan 
-108.625, 74.875, 6.670476691662511e-23, nan 
-108.375, 74.875, 2.4811708709295383e-23, nan 
-108.125, 74.875, 3.3591157158023056e-23, nan 
-107.875, 74.875, 4.0447136808228035e-23, nan 
-107.625, 74.875, 1.8371217763601076e-23, nan 
-107.375, 74.875, 1.4728117328205066e-23, nan 
79.375, 74.875, 8.990938903817439e-24, nan 
79.625, 74.875, 1.0148249683614092e-23, nan 
79.875, 74.875, 8.141564873840376e-24, nan 
80.125, 74.875, 1.0606005650386235e-23, nan 
80.375, 74.875, 9.931268196116861e-24, nan 
80.625, 74.875, 9.009594764526552e-24, nan 
80.875, 74.875, 6.274027668537222e-24, nan 
81.125, 74.875, 5.4904719381459755e-24, nan 
81.375, 74.875, 8.534766270539087e-24, nan 
81.625, 74.875, 1.2331660854735955e-23, nan 
81.875, 74.875, 9.722576675274681e-24, nan 
82.125, 74.875, 1.1205780364958385e-23, nan 
82.375, 74.875, 1.3917251519365343e-23, nan 
82.625, 74.875, 1.4634544438769687e-23, nan 
82.875, 74.875, 1.225797233370999e-23, nan 
83.125, 74.875, 1.6292395217553732e-23, nan 
83.375, 74.875, 2.4653041202031066e-23, nan 
83.625, 74.875, 1.40893977098032e-23, nan 
83.875, 74.875, 1.7727434166797835e-23, nan 
84.125, 74.875, 2.017136087409317e-23, nan 
84.375, 74.875, 1.8371332247236571e-23, nan 
84.625, 74.875, 1.9371394896854245e-23, nan 
84.875, 74.875, 1.9075794632491708e-23, nan 
85.125, 74.875, 1.7924172644997035e-23, nan 
85.375, 74.875, 2.1381318809678728e-23, nan 
85.625, 74.875, 1.348759954097075e-23, nan 
85.875, 74.875, 1.0368448598713628e-23, nan 
86.125, 74.875, 8.553737063429263e-24, nan 
86.375, 74.875, 1.37551489122699e-23, nan 
86.625, 74.875, 1.7953658364359805e-23, nan 
86.875, 74.875, 2.1694425479388906e-23, nan 
87.125, 74.875, 2.2442080338155345e-23, nan 
87.375, 74.875, 1.9361731744655412e-23, nan 
87.625, 74.875, 1.9822415804424517e-23, nan 
87.875, 74.875, 2.5185961568464104e-23, nan 
88.125, 74.875, 1.5774722293018e-23, nan 
88.375, 74.875, 1.7746438635975313e-23, nan 
88.625, 74.875, 2.2869123292748484e-23, nan 
88.875, 74.875, 1.1248929775159802e-23, nan 
89.125, 74.875, 1.550800300980541e-23, nan 
89.375, 74.875, 1.5435441260218734e-23, nan 
89.625, 74.875, 5.816838339687114e-24, nan 
89.875, 74.875, 1.0884374431991473e-23, nan 
90.125, 74.875, 1.0868137577999708e-23, nan 
90.375, 74.875, 1.067591402691179e-23, nan 
90.625, 74.875, 4.94288333510603e-24, nan 
90.875, 74.875, 6.164070624201164e-24, nan 
91.125, 74.875, 6.703236415532378e-24, nan 
91.375, 74.875, 6.756762610882986e-24, nan 
91.625, 74.875, 5.828498272172786e-24, nan 
91.875, 74.875, 8.1509315533791e-24, nan 
92.125, 74.875, 8.502754921863186e-24, nan 
92.375, 74.875, 1.2061257856279606e-23, nan 
92.625, 74.875, 1.2912029454871927e-23, nan 
92.875, 74.875, 1.1856902550358511e-23, nan 
93.125, 74.875, 6.460323638145022e-24, nan 
93.375, 74.875, 1.249310350607972e-23, nan 
93.625, 74.875, 1.1999454466315039e-23, nan 
93.875, 74.875, 1.2904828551114509e-23, nan 
94.125, 74.875, 1.7515975532487042e-23, nan 
94.375, 74.875, 1.977295585561059e-23, nan 
94.625, 74.875, 1.1774907764866959e-23, nan 
94.875, 74.875, 1.219445040702026e-23, nan 
95.125, 74.875, 1.3818250843576976e-23, nan 
95.375, 74.875, 6.5156269802088415e-24, nan 
95.625, 74.875, 7.357693848090432e-24, nan 
95.875, 74.875, 3.4009699347330526e-24, nan 
96.125, 74.875, 4.6604295324108705e-24, nan 
96.375, 74.875, 1.0873560664284132e-23, nan 
96.625, 74.875, 1.6117814407583794e-23, nan 
96.875, 74.875, 1.8037136619442035e-23, nan 
97.125, 74.875, 8.673531156693906e-24, nan 
97.375, 74.875, 1.4893326481495403e-23, nan 
97.625, 74.875, 1.611529802220692e-23, nan 
97.875, 74.875, 1.9647821072038966e-23, nan 
98.125, 74.875, 2.888273980526447e-23, nan 
98.375, 74.875, 5.1162498070440934e-23, nan 
98.625, 74.875, 2.842838553144302e-23, nan 
98.875, 74.875, 3.491204065766087e-23, nan 
99.125, 74.875, 8.245362005471472e-23, nan 
99.375, 74.875, 5.306715761375933e-23, nan 
99.625, 74.875, 3.2944757105148664e-23, nan 
99.875, 74.875, 4.9514531232249354e-23, nan 
100.125, 74.875, 4.408322253416535e-23, nan 
100.375, 74.875, 4.58334829666344e-23, nan 
100.625, 74.875, 4.2490541214156693e-23, nan 
100.875, 74.875, 4.106772336896785e-23, nan 
101.125, 74.875, 4.8857848315326414e-23, nan 
101.375, 74.875, 4.97578456610372e-23, nan 
101.625, 74.875, 4.084273694306707e-23, nan 
101.875, 74.875, 2.0717334435218265e-23, nan 
102.125, 74.875, 8.645362352473268e-23, nan 
102.375, 74.875, 4.7572341613829836e-23, nan 
102.625, 74.875, 4.953435930541411e-23, nan 
102.875, 74.875, 7.067083313497117e-23, nan 
103.125, 74.875, 4.8995974269610077e-23, nan 
103.375, 74.875, 5.214608962606263e-23, nan 
103.625, 74.875, 2.6409941670980596e-23, nan 
103.875, 74.875, 1.7038683373161474e-23, nan 
104.125, 74.875, 2.123992172383944e-23, nan 
104.375, 74.875, 1.510731311465886e-23, nan 
104.625, 74.875, 1.7553857523184218e-23, nan 
104.875, 74.875, 2.1120859809697702e-23, nan 
105.125, 74.875, 2.3820018749218652e-23, nan 
105.375, 74.875, 2.024945501685632e-23, nan 
105.625, 74.875, 3.490620896050979e-23, nan 
105.875, 74.875, 2.3428928136941598e-23, nan 
106.125, 74.875, 3.801719621812512e-23, nan 
106.375, 74.875, 5.549916504080605e-23, nan 
106.625, 74.875, 8.271363068064016e-23, nan 
106.875, 74.875, 8.40932242427158e-23, nan 
107.125, 74.875, 8.607562921184177e-23, nan 
107.375, 74.875, 8.062530651007638e-23, nan 
107.625, 74.875, 5.412181723988023e-23, nan 
107.875, 74.875, 5.2892561021124186e-23, nan 
108.125, 74.875, 3.0836926049019286e-23, nan 
108.375, 74.875, 5.735856396402008e-23, nan 
108.625, 74.875, 8.163868761555046e-23, nan 
108.875, 74.875, 4.6444273586109714e-23, nan 
109.125, 74.875, 6.75667451009853e-23, nan 
109.375, 74.875, 7.248457328299715e-23, nan 
109.625, 74.875, 6.112886015117414e-23, nan 
109.875, 74.875, 6.923201604720809e-23, nan 
110.125, 74.875, 8.226802290186573e-23, nan 
110.375, 74.875, 6.284425275428726e-23, nan 
110.625, 74.875, 1.2009396561897356e-22, nan 
110.875, 74.875, 9.659801813342523e-23, nan 
111.125, 74.875, 4.030254612470804e-23, nan 
111.375, 74.875, 7.379244259199275e-23, nan 
111.625, 74.875, 5.537367804339351e-23, nan 
111.875, 74.875, 5.24721846153901e-23, nan 
112.125, 74.875, 4.692572027056326e-23, nan 
112.375, 74.875, 4.199768413710265e-23, nan 
112.625, 74.875, 4.5178780322968154e-23, nan 
112.875, 74.875, 4.181328794707977e-23, nan 
113.125, 74.875, 3.304761476721813e-23, nan 
113.375, 74.875, 2.2287807545482694e-23, nan 
113.625, 74.875, 4.2294192108095245e-23, nan 
113.875, 74.875, 3.49900736256037e-23, nan 
114.125, 74.875, 3.704669298982352e-23, nan 
114.375, 74.875, 4.8739088475168075e-23, nan 
114.625, 74.875, 1.6769798984145482e-23, nan 
114.875, 74.875, 1.6949928526631853e-23, nan 
115.125, 74.875, 4.149510570178372e-23, nan 
115.375, 74.875, 2.0792678538322596e-23, nan 
115.625, 74.875, 1.3927943095400046e-23, nan 
115.875, 74.875, 7.18598964171519e-24, nan 
116.125, 74.875, 1.4318788243232208e-23, nan 
116.375, 74.875, 3.018226836748762e-23, nan 
116.625, 74.875, 3.213323069769618e-23, nan 
116.875, 74.875, 1.3394192450971717e-23, nan 
117.125, 74.875, 2.814602278767117e-23, nan 
117.375, 74.875, 2.0327257537377942e-23, nan 
117.625, 74.875, 1.9455998009634878e-23, nan 
117.875, 74.875, 2.504584417008107e-23, nan 
118.125, 74.875, 2.844918459592837e-23, nan 
118.375, 74.875, 3.0942642577165824e-23, nan 
118.625, 74.875, 2.5375620387630913e-23, nan 
118.875, 74.875, 3.003567995406826e-23, nan 
119.125, 74.875, 6.066873146473946e-23, nan 
119.375, 74.875, 5.939905643253644e-23, nan 
119.625, 74.875, 7.216857159581865e-23, nan 
119.875, 74.875, 8.830109235409253e-23, nan 
120.125, 74.875, 8.436473734357778e-23, nan 
120.375, 74.875, 9.554509546041184e-23, nan 
120.625, 74.875, 1.4518835334166803e-22, nan 
120.875, 74.875, 1.2699118958412758e-22, nan 
121.125, 74.875, 1.4540891513932551e-22, nan 
121.375, 74.875, 1.5661666669313113e-22, nan 
121.625, 74.875, 1.0280381334006065e-22, nan 
121.875, 74.875, 1.0126324488635469e-22, nan 
122.125, 74.875, 4.687808648473425e-23, nan 
122.375, 74.875, 4.844026770814567e-23, nan 
122.625, 74.875, 4.391592177703017e-23, nan 
122.875, 74.875, 7.07242416098962e-23, nan 
123.125, 74.875, 8.115093789739515e-23, nan 
123.375, 74.875, 3.6906017663188226e-23, nan 
123.625, 74.875, 5.711263768594197e-23, nan 
123.875, 74.875, 1.0560385817329783e-22, nan 
124.125, 74.875, 5.457995067166082e-23, nan 
124.375, 74.875, 2.336824287748746e-23, nan 
124.625, 74.875, 7.670461060002795e-23, nan 
124.875, 74.875, 7.250240933935738e-23, nan 
125.125, 74.875, 8.404027618004583e-23, nan 
125.375, 74.875, 8.828011206794702e-23, nan 
125.625, 74.875, 7.765057010957583e-23, nan 
125.875, 74.875, 6.684261167629734e-23, nan 
126.125, 74.875, 3.332760398748576e-23, nan 
126.375, 74.875, 5.501875990851514e-23, nan 
126.625, 74.875, 5.2922315266681437e-23, nan 
126.875, 74.875, 5.750807223374537e-23, nan 
127.125, 74.875, 1.0928966672519525e-22, nan 
127.375, 74.875, 1.818620089827818e-22, nan 
127.625, 74.875, 2.1575749465319286e-22, nan 
127.875, 74.875, 1.226362501975096e-22, nan 
128.125, 74.875, 1.042208566305374e-22, nan 
128.375, 74.875, 9.285576095435345e-23, nan 
128.625, 74.875, 9.728865006910787e-23, nan 
128.875, 74.875, 8.9258909144374e-23, nan 
129.125, 74.875, 7.465046021180317e-23, nan 
129.375, 74.875, 8.816689813702974e-23, nan 
129.625, 74.875, 6.385765015793139e-23, nan 
129.875, 74.875, 1.427375495841499e-22, nan 
130.125, 74.875, 1.0489163252560895e-22, nan 
130.375, 74.875, 3.126097029585732e-23, nan 
130.625, 74.875, 7.610272295155692e-23, nan 
130.875, 74.875, 6.950552807687977e-23, nan 
131.125, 74.875, 5.483512020235089e-23, nan 
131.375, 74.875, 1.139221496430274e-22, nan 
131.625, 74.875, 8.87155231226384e-23, nan 
131.875, 74.875, 1.226042281179626e-22, nan 
132.125, 74.875, 1.261627701626743e-22, nan 
132.375, 74.875, 9.976591816275012e-23, nan 
132.625, 74.875, 1.4964454545805e-22, nan 
132.875, 74.875, 1.634516435745368e-22, nan 
133.125, 74.875, 1.2380811781387098e-22, nan 
133.375, 74.875, 1.4468878015869325e-22, nan 
133.625, 74.875, 1.7817577966588867e-22, nan 
133.875, 74.875, 1.4521735157447956e-22, nan 
134.125, 74.875, 1.4880306184296765e-22, nan 
134.375, 74.875, 1.9920263707918939e-22, nan 
134.625, 74.875, 1.4871836597784185e-22, nan 
134.875, 74.875, 1.826980741475781e-22, nan 
135.125, 74.875, 2.024860388100595e-22, nan 
135.375, 74.875, 2.2484884975799054e-22, nan 
135.625, 74.875, 3.127742196053029e-22, nan 
135.875, 74.875, 1.9213312533539682e-22, nan 
136.125, 74.875, 2.1333575584791823e-22, nan 
136.375, 74.875, 1.9318245589988173e-22, nan 
136.625, 74.875, 1.3512557281483162e-22, nan 
136.875, 74.875, 1.2222470738878605e-22, nan 
137.125, 74.875, 1.0131423038762998e-22, nan 
137.375, 74.875, 1.002930290107077e-22, nan 
137.625, 74.875, 1.666366295492041e-22, nan 
137.875, 74.875, 1.8800466965953699e-22, nan 
138.125, 74.875, 2.941366304867556e-22, nan 
138.375, 74.875, 2.81692217016573e-22, nan 
138.625, 74.875, 1.816123555329714e-22, nan 
138.875, 74.875, 2.9398473552082596e-22, nan 
139.125, 74.875, 4.513868510778032e-22, nan 
139.375, 74.875, 4.019794852234171e-22, nan 
139.625, 74.875, 2.210358000150643e-22, nan 
139.875, 74.875, 4.86994353226814e-22, nan 
140.125, 74.875, 5.873564882708949e-22, nan 
140.375, 74.875, 3.867079853862459e-22, nan 
140.625, 74.875, 3.573705359653618e-22, nan 
140.875, 74.875, 4.46437795713486e-22, nan 
141.125, 74.875, 3.6455457437184983e-22, nan 
141.375, 74.875, 3.82128937446789e-22, nan 
141.625, 74.875, 2.796117534572239e-22, nan 
141.875, 74.875, 3.834154031219923e-22, nan 
142.125, 74.875, 4.676071664370385e-22, nan 
142.375, 74.875, 3.196132911659249e-22, nan 
142.625, 74.875, 4.94981990879254e-22, nan 
142.875, 74.875, 3.6801368740558573e-22, nan 
143.125, 74.875, 1.3460436997057605e-22, nan 
143.375, 74.875, 5.868106861693435e-22, nan 
143.625, 74.875, 6.4231061307729695e-22, nan 
143.875, 74.875, 4.767647332671137e-22, nan 
144.125, 74.875, 4.931753823522363e-22, nan 
144.375, 74.875, 5.731805692248233e-22, nan 
144.625, 74.875, 6.575685536366091e-22, nan 
144.875, 74.875, 4.870648105303684e-22, nan 
145.125, 74.875, 4.412290215083868e-22, nan 
145.375, 74.875, 7.652841166244238e-22, nan 
145.625, 74.875, 5.282104455981136e-22, nan 
145.875, 74.875, 5.575034949554752e-22, nan 
146.125, 74.875, 8.370034101316449e-22, nan 
146.375, 74.875, 6.36799898486568e-22, nan 
146.625, 74.875, 4.702622045416634e-22, nan 
146.875, 74.875, 2.5076452461521867e-22, nan 
147.125, 74.875, 4.303889508820095e-22, nan 
147.375, 74.875, 4.074390007890516e-22, nan 
147.625, 74.875, 4.3018180621279805e-22, nan 
147.875, 74.875, 3.9860267106904293e-22, nan 
148.125, 74.875, 5.234557788005197e-22, nan 
148.375, 74.875, 7.161337132783433e-22, nan 
148.625, 74.875, 7.073700968903098e-22, nan 
148.875, 74.875, 7.22228009344551e-22, nan 
149.125, 74.875, 5.065569121204443e-22, nan 
149.375, 74.875, 3.964949998022718e-22, nan 
149.625, 74.875, 6.251065476141714e-22, nan 
149.875, 74.875, 5.8161316507929155e-22, nan 
150.125, 74.875, 7.21490713020402e-22, nan 
150.375, 74.875, 1.2350391377181545e-21, nan 
150.625, 74.875, 9.827377480997397e-22, nan 
150.875, 74.875, 8.575714103876238e-22, nan 
151.125, 74.875, 1.2969367275188519e-21, nan 
151.375, 74.875, 1.4379503587250744e-21, nan 
151.625, 74.875, 1.0548402196823803e-21, nan 
151.875, 74.875, 1.4857096890054288e-21, nan 
152.125, 74.875, 1.308362944826026e-21, nan 
152.375, 74.875, 2.0948187950223438e-21, nan 
152.625, 74.875, 2.0272820494002808e-21, nan 
152.875, 74.875, 2.7265542222837127e-21, nan 
153.125, 74.875, 3.8028634876129216e-21, nan 
153.375, 74.875, 3.612108785774065e-21, nan 
153.625, 74.875, 4.484925260718692e-21, nan 
153.875, 74.875, 2.7796499735144983e-21, nan 
154.125, 74.875, 2.746734920306708e-21, nan 
154.375, 74.875, 3.724081215861058e-21, nan 
154.625, 74.875, 3.3357524963781615e-21, nan 
154.875, 74.875, 2.8979741257785668e-21, nan 
155.125, 74.875, 2.3224012995258724e-21, nan 
155.375, 74.875, 2.344791913353336e-21, nan 
155.625, 74.875, 2.7303790367688544e-21, nan 
155.875, 74.875, 3.901175336519343e-21, nan 
156.125, 74.875, 5.038413060348504e-21, nan 
156.375, 74.875, 9.022691971755446e-21, nan 
156.625, 74.875, 1.0462251425094929e-20, nan 
156.875, 74.875, 8.319759242769094e-21, nan 
157.125, 74.875, 1.031219468855607e-20, nan 
157.375, 74.875, 1.0505591643507527e-20, nan 
157.625, 74.875, 8.286699515006635e-21, nan 
157.875, 74.875, 7.91983688619014e-21, nan 
158.125, 74.875, 5.3267453093831424e-21, nan 
158.375, 74.875, 4.215843460029819e-21, nan 
158.625, 74.875, 1.064636602364977e-20, nan 
158.875, 74.875, 2.1138880116474172e-20, nan 
159.125, 74.875, 1.6848088229866928e-20, nan 
159.375, 74.875, 4.423405745390139e-20, nan 
159.625, 74.875, 5.8694048462302e-20, nan 
159.875, 74.875, 3.143322555470688e-20, nan 
160.125, 74.875, 4.386475988716136e-20, nan 
160.375, 74.875, 6.122500675062647e-20, nan 
160.625, 74.875, 8.08477229840532e-20, nan 
160.875, 74.875, 5.545949264355647e-20, nan 
161.125, 74.875, 7.009222686418143e-20, nan 
161.375, 74.875, 1.472092409356793e-19, nan 
161.625, 74.875, 1.7767474494810356e-19, nan 
161.875, 74.875, 2.2951696306382893e-19, nan 
162.125, 74.875, 2.0997921415782282e-19, nan 
162.375, 74.875, 1.9525468665043412e-19, nan 
162.625, 74.875, 1.4492230208754903e-19, nan 
162.875, 74.875, 1.9569726548871603e-19, nan 
163.125, 74.875, 1.3344544588542212e-19, nan 
163.375, 74.875, 2.877787207880842e-19, nan 
163.625, 74.875, 4.377242157903176e-19, nan 
163.875, 74.875, 4.168724597643447e-19, nan 
164.125, 74.875, 5.817299370727791e-19, nan 
164.375, 74.875, 1.1357154630201999e-18, nan 
164.625, 74.875, 1.53980298777301e-18, nan 
164.875, 74.875, 1.3221581173901268e-18, nan 
165.125, 74.875, 2.2667796542471108e-18, nan 
165.375, 74.875, 4.895656287868336e-18, nan 
165.625, 74.875, 5.33263522345133e-18, nan 
165.875, 74.875, 1.2058770197363637e-17, nan 
166.125, 74.875, 3.7147514002249055e-17, nan 
166.375, 74.875, 2.9713232783837993e-17, nan 
166.625, 74.875, 5.240597084324997e-17, nan 
166.875, 74.875, 7.111977463630452e-17, nan 
167.125, 74.875, 4.353057172415927e-17, nan 
167.375, 74.875, 2.2279940104027242e-17, nan 
167.625, 74.875, 1.157951738336297e-17, nan 
167.875, 74.875, 6.684362593437495e-18, nan 
168.125, 74.875, 4.039636931635893e-18, nan 
168.375, 74.875, 2.3750219408114956e-18, nan 
168.625, 74.875, 1.4435749097285676e-18, nan 
168.875, 74.875, 8.99961975946313e-19, nan 
169.125, 74.875, 4.4580559792094005e-19, nan 
169.375, 74.875, 2.4682952331499764e-19, nan 
169.625, 74.875, 1.7583462187061128e-19, nan 
169.875, 74.875, 1.0186097593664318e-19, nan 
170.125, 74.875, 9.171804258610416e-20, nan 
170.375, 74.875, 7.91168970044005e-20, nan 
170.625, 74.875, 1.1665609774587944e-19, nan 
170.875, 74.875, 1.1215387883319618e-19, nan 
171.125, 74.875, 6.483942877690934e-20, nan 
171.375, 74.875, 7.185854997160392e-20, nan 
171.625, 74.875, 7.514047372085966e-20, nan 
171.875, 74.875, 4.243675771784992e-20, nan 
172.125, 74.875, 4.658928309896091e-20, nan 
172.375, 74.875, 4.10419256780224e-20, nan 
172.625, 74.875, 2.961063091824521e-20, nan 
172.875, 74.875, 2.973817232146882e-20, nan 
173.125, 74.875, 2.311564644765165e-20, nan 
173.375, 74.875, 1.900459554403033e-20, nan 
173.625, 74.875, 1.1083337478136007e-20, nan 
173.875, 74.875, 7.421553487423007e-21, nan 
174.125, 74.875, 1.0732765608614131e-20, nan 
174.375, 74.875, 1.576197812781297e-20, nan 
174.625, 74.875, 1.3054953127048196e-20, nan 
174.875, 74.875, 1.4672798989523177e-20, nan 
175.125, 74.875, 1.0537557530000692e-20, nan 
175.375, 74.875, 1.0930709960937072e-20, nan 
175.625, 74.875, 1.2171747479708136e-20, nan 
175.875, 74.875, 6.707444442102265e-21, nan 
176.125, 74.875, 3.64420067460937e-21, nan 
176.375, 74.875, 1.9319782787611343e-21, nan 
176.625, 74.875, 5.676820309926181e-21, nan 
176.875, 74.875, 6.162287796250197e-21, nan 
177.125, 74.875, 2.5971240674937125e-21, nan 
177.375, 74.875, 6.353628541529899e-21, nan 
177.625, 74.875, 8.223915116597253e-21, nan 
177.875, 74.875, 9.002377801444626e-21, nan 
178.125, 74.875, 8.427503260050764e-21, nan 
178.375, 74.875, 7.979360059698675e-21, nan 
178.625, 74.875, 8.349233173262237e-21, nan 
178.875, 74.875, 6.455405493619501e-21, nan 
179.125, 74.875, 4.934054231765799e-21, nan 
179.375, 74.875, 3.33663065082316e-21, nan 
179.625, 74.875, 3.392433319978633e-21, nan 
179.875, 74.875, 3.3206238520343887e-21, nan 
-179.875, 75.125, 2.5353720553887166e-21, nan 
-179.625, 75.125, 2.3299121815444847e-21, nan 
-179.375, 75.125, 2.4737027208829735e-21, nan 
-179.125, 75.125, 2.7762129361109825e-21, nan 
-178.875, 75.125, 2.777957075204126e-21, nan 
-178.625, 75.125, 3.615063915005313e-21, nan 
-178.375, 75.125, 2.8143980132497957e-21, nan 
-178.125, 75.125, 4.33860133267133e-21, nan 
-177.875, 75.125, 3.731689934018706e-21, nan 
-177.625, 75.125, 3.3354259205137082e-21, nan 
-177.375, 75.125, 3.1175069656059037e-21, nan 
-177.125, 75.125, 2.577684998684854e-21, nan 
-176.875, 75.125, 1.7758661280908923e-21, nan 
-176.625, 75.125, 1.0435264216073848e-21, nan 
-176.375, 75.125, 8.910615121505932e-22, nan 
-176.125, 75.125, 6.1908180563238165e-22, nan 
-175.875, 75.125, 1.2448962752795226e-21, nan 
-175.625, 75.125, 4.3851090240522015e-22, nan 
-175.375, 75.125, 1.1461821685385348e-21, nan 
-175.125, 75.125, 1.5557515675743819e-21, nan 
-174.875, 75.125, 1.336653629198818e-21, nan 
-174.625, 75.125, 1.388894668158179e-21, nan 
-174.375, 75.125, 1.6323906883252522e-21, nan 
-174.125, 75.125, 2.005801052812786e-21, nan 
-173.875, 75.125, 1.2000708192510562e-21, nan 
-173.625, 75.125, 1.7268101742629057e-21, nan 
-173.375, 75.125, 1.1349772322264866e-21, nan 
-173.125, 75.125, 1.0732285749574243e-21, nan 
-172.875, 75.125, 9.771048524751882e-22, nan 
-172.625, 75.125, 7.472911515910927e-22, nan 
-172.375, 75.125, 9.171313794533544e-22, nan 
-172.125, 75.125, 5.59942818405055e-22, nan 
-171.875, 75.125, 5.696832989226224e-22, nan 
-171.625, 75.125, 6.201863400048527e-22, nan 
-171.375, 75.125, 6.554233851072523e-22, nan 
-171.125, 75.125, 3.2005078429454445e-22, nan 
-170.875, 75.125, 2.6578905871438223e-22, nan 
-170.625, 75.125, 5.2101127417241745e-22, nan 
-170.375, 75.125, 1.1738491673061367e-21, nan 
-170.125, 75.125, 1.3908217127084744e-21, nan 
-169.875, 75.125, 9.438480449659618e-22, nan 
-169.625, 75.125, 9.687006195712943e-22, nan 
-169.375, 75.125, 1.0130501872863736e-21, nan 
-169.125, 75.125, 7.7247407268379e-22, nan 
-168.875, 75.125, 4.168416476835386e-22, nan 
-168.625, 75.125, 4.5590798087659265e-22, nan 
-168.375, 75.125, 4.429756409966625e-22, nan 
-168.125, 75.125, 6.463663631028746e-22, nan 
-167.875, 75.125, 1.122502154279243e-21, nan 
-167.625, 75.125, 8.664954485551026e-22, nan 
-167.375, 75.125, 1.4537007367776007e-21, nan 
-167.125, 75.125, 1.8930197735249213e-21, nan 
-166.875, 75.125, 1.3416277809745837e-21, nan 
-166.625, 75.125, 1.7643086982290345e-21, nan 
-166.375, 75.125, 1.6091055399597582e-21, nan 
-166.125, 75.125, 1.0235611761041858e-21, nan 
-165.875, 75.125, 1.29323567246747e-21, nan 
-165.625, 75.125, 1.4811499947599925e-21, nan 
-165.375, 75.125, 1.3732413178808229e-21, nan 
-165.125, 75.125, 1.098134749162002e-21, nan 
-164.875, 75.125, 8.802218156830429e-22, nan 
-164.625, 75.125, 7.317230280543283e-22, nan 
-164.375, 75.125, 5.014969243051946e-22, nan 
-164.125, 75.125, 2.902037144575474e-22, nan 
-163.875, 75.125, 7.861266232386828e-22, nan 
-163.625, 75.125, 8.758636908722342e-22, nan 
-163.375, 75.125, 3.964779490098936e-22, nan 
-163.125, 75.125, 4.246347421396957e-22, nan 
-162.875, 75.125, 5.313567229975778e-22, nan 
-162.625, 75.125, 3.1450615063253643e-22, nan 
-162.375, 75.125, 1.3240287812536066e-22, nan 
-162.125, 75.125, 1.7373751862535011e-22, nan 
-161.875, 75.125, 1.590265551716656e-22, nan 
-161.625, 75.125, 8.666890970314398e-23, nan 
-161.375, 75.125, 3.085650776041248e-22, nan 
-161.125, 75.125, 4.155150687922095e-22, nan 
-160.875, 75.125, 4.787693096714817e-22, nan 
-160.625, 75.125, 4.900476622191725e-22, nan 
-160.375, 75.125, 6.105839977194926e-22, nan 
-160.125, 75.125, 6.502326701347813e-22, nan 
-159.875, 75.125, 1.2846221265027235e-22, nan 
-159.625, 75.125, 2.3269934325152513e-22, nan 
-159.375, 75.125, 4.1481738151953223e-22, nan 
-159.125, 75.125, 4.319071985384157e-22, nan 
-158.875, 75.125, 2.6152791441532616e-22, nan 
-158.625, 75.125, 2.0497181867058592e-22, nan 
-158.375, 75.125, 3.548734188845153e-22, nan 
-158.125, 75.125, 3.1751562341041845e-22, nan 
-157.875, 75.125, 2.908508017696161e-22, nan 
-157.625, 75.125, 5.337546275894607e-22, nan 
-157.375, 75.125, 8.641256835758429e-22, nan 
-157.125, 75.125, 6.641346064085939e-22, nan 
-156.875, 75.125, 6.873350725790594e-22, nan 
-156.625, 75.125, 6.075466631874757e-22, nan 
-156.375, 75.125, 5.161710440806489e-22, nan 
-156.125, 75.125, 5.816837303241144e-22, nan 
-155.875, 75.125, 7.101961595102953e-22, nan 
-155.625, 75.125, 3.4908019949982323e-22, nan 
-155.375, 75.125, 4.461467687839212e-22, nan 
-155.125, 75.125, 4.406060052964748e-22, nan 
-154.875, 75.125, 3.357915304324597e-22, nan 
-154.625, 75.125, 1.971378889351696e-22, nan 
-154.375, 75.125, 3.215531625414597e-22, nan 
-154.125, 75.125, 3.5437604877580383e-22, nan 
-153.875, 75.125, 2.0746948901019446e-22, nan 
-153.625, 75.125, 1.773923519333985e-22, nan 
-153.375, 75.125, 1.3681612430695562e-22, nan 
-153.125, 75.125, 1.3534960683473568e-22, nan 
-152.875, 75.125, 1.7430914452240814e-22, nan 
-152.625, 75.125, 1.3054586150836936e-22, nan 
-152.375, 75.125, 2.1044184776574356e-22, nan 
-152.125, 75.125, 1.6467891893679447e-22, nan 
-151.875, 75.125, 1.6749104236692317e-22, nan 
-151.625, 75.125, 2.7916758610942464e-22, nan 
-151.375, 75.125, 2.2188665082840794e-22, nan 
-151.125, 75.125, 1.8274130944068396e-22, nan 
-150.875, 75.125, 2.0527812785406559e-22, nan 
-150.625, 75.125, 1.6235312354527932e-22, nan 
-150.375, 75.125, 3.993853700070207e-22, nan 
-150.125, 75.125, 2.7117240794114324e-22, nan 
-149.875, 75.125, 1.9375341557245308e-22, nan 
-149.625, 75.125, 1.3662354249854674e-22, nan 
-149.375, 75.125, 1.13987566244434e-22, nan 
-149.125, 75.125, 9.61419891383127e-23, nan 
-148.875, 75.125, 7.584221048707993e-23, nan 
-148.625, 75.125, 8.275920952161497e-23, nan 
-148.375, 75.125, 1.2790583888130004e-22, nan 
-148.125, 75.125, 7.734582237811416e-23, nan 
-147.875, 75.125, 6.552823281034092e-23, nan 
-147.625, 75.125, 5.827749064386016e-23, nan 
-147.375, 75.125, 6.973805195372018e-23, nan 
-147.125, 75.125, 8.771920954230382e-23, nan 
-146.875, 75.125, 7.337388710596648e-23, nan 
-146.625, 75.125, 1.4804998871684436e-22, nan 
-146.375, 75.125, 2.3647368151786814e-22, nan 
-146.125, 75.125, 2.559407195000681e-22, nan 
-145.875, 75.125, 2.341152329903229e-22, nan 
-145.625, 75.125, 2.5209485470631865e-22, nan 
-145.375, 75.125, 1.9865204542115815e-22, nan 
-145.125, 75.125, 2.7729304488281413e-22, nan 
-144.875, 75.125, 3.298047866515928e-22, nan 
-144.625, 75.125, 1.8145912848373235e-22, nan 
-144.375, 75.125, 2.395109903788851e-22, nan 
-144.125, 75.125, 2.6932886079574445e-22, nan 
-143.875, 75.125, 3.02531847395178e-22, nan 
-143.625, 75.125, 2.3932877799499413e-22, nan 
-143.375, 75.125, 1.7533755365806727e-22, nan 
-143.125, 75.125, 5.637171777712149e-22, nan 
-142.875, 75.125, 7.782550776456078e-22, nan 
-142.625, 75.125, 3.7153213121693795e-22, nan 
-142.375, 75.125, 4.701808254920872e-22, nan 
-142.125, 75.125, 6.034989643061236e-22, nan 
-141.875, 75.125, 1.9523674577122345e-22, nan 
-141.625, 75.125, 2.119451091654055e-22, nan 
-141.375, 75.125, 4.838007010498582e-22, nan 
-141.125, 75.125, 2.572035640547784e-22, nan 
-140.875, 75.125, 1.86676763927775e-22, nan 
-140.625, 75.125, 4.182943585843786e-22, nan 
-140.375, 75.125, 3.38278447092667e-22, nan 
-140.125, 75.125, 1.344241550960672e-22, nan 
-139.875, 75.125, 1.2087166636066211e-22, nan 
-139.625, 75.125, 1.658830496039163e-22, nan 
-139.375, 75.125, 1.4666209168491092e-22, nan 
-139.125, 75.125, 1.4302878877060922e-22, nan 
-138.875, 75.125, 1.3627450420937802e-22, nan 
-138.625, 75.125, 2.3775159191353084e-22, nan 
-138.375, 75.125, 2.095922264256758e-22, nan 
-138.125, 75.125, 1.6004614061580167e-22, nan 
-137.875, 75.125, 2.086653790492602e-22, nan 
-137.625, 75.125, 1.824360813463845e-22, nan 
-137.375, 75.125, 1.1648867332238388e-22, nan 
-137.125, 75.125, 7.745932690329448e-23, nan 
-136.875, 75.125, 8.274073787080501e-23, nan 
-136.625, 75.125, 6.223033873209747e-23, nan 
-136.375, 75.125, 8.92899512812652e-23, nan 
-136.125, 75.125, 9.534530708637678e-23, nan 
-135.875, 75.125, 3.333108879921549e-23, nan 
-135.625, 75.125, 6.416476898167039e-23, nan 
-135.375, 75.125, 7.758921710067659e-23, nan 
-135.125, 75.125, 7.473491829822625e-23, nan 
-134.875, 75.125, 7.178263741807193e-23, nan 
-134.625, 75.125, 8.612690822981324e-23, nan 
-134.375, 75.125, 1.0229294558004526e-22, nan 
-134.125, 75.125, 5.510827665438426e-23, nan 
-133.875, 75.125, 4.671421297539667e-23, nan 
-133.625, 75.125, 7.468582701039153e-23, nan 
-133.375, 75.125, 1.3273172218479152e-22, nan 
-133.125, 75.125, 6.057567770456933e-23, nan 
-132.875, 75.125, 9.424151218386369e-23, nan 
-132.625, 75.125, 1.8706221298410466e-22, nan 
-132.375, 75.125, 6.683161830787182e-23, nan 
-132.125, 75.125, 1.5041276862081388e-22, nan 
-131.875, 75.125, 1.3926753246945729e-22, nan 
-131.625, 75.125, 1.9902321354221625e-22, nan 
-131.375, 75.125, 1.0826019451730888e-22, nan 
-131.125, 75.125, 6.044739263134848e-23, nan 
-130.875, 75.125, 6.297935859020504e-23, nan 
-130.625, 75.125, 1.6826839658056357e-22, nan 
-130.375, 75.125, 1.491624870888667e-22, nan 
-130.125, 75.125, 1.7749752101904116e-22, nan 
-129.875, 75.125, 1.448723267836516e-22, nan 
-129.625, 75.125, 1.262692984604755e-22, nan 
-129.375, 75.125, 1.3298467490287779e-22, nan 
-129.125, 75.125, 1.5001327452412585e-22, nan 
-128.875, 75.125, 1.423554821338837e-22, nan 
-128.625, 75.125, 1.3688963976578732e-22, nan 
-128.375, 75.125, 1.349041907847577e-22, nan 
-128.125, 75.125, 1.2522385453300783e-22, nan 
-127.875, 75.125, 1.0370317998269905e-22, nan 
-127.625, 75.125, 1.7018234699949094e-22, nan 
-127.375, 75.125, 1.0614971291104914e-22, nan 
-127.125, 75.125, 1.3062644749661759e-23, nan 
-126.875, 75.125, 4.313192775539823e-23, nan 
-126.625, 75.125, 1.0003812067963733e-22, nan 
-126.375, 75.125, 9.052282471704884e-23, nan 
-126.125, 75.125, 1.0349720111258086e-22, nan 
-125.875, 75.125, 6.121978204649372e-23, nan 
-125.625, 75.125, 3.7370878392833123e-23, nan 
-125.375, 75.125, 3.9801418540294124e-23, nan 
-125.125, 75.125, 8.873110637491183e-23, nan 
-124.875, 75.125, 7.119634176121372e-23, nan 
-124.625, 75.125, 5.782915562489455e-23, nan 
-124.375, 75.125, 1.0759065208384678e-22, nan 
-124.125, 75.125, 1.1154355039383968e-22, nan 
-123.875, 75.125, 9.863340883213867e-23, nan 
-123.625, 75.125, 8.71624521854063e-23, nan 
-123.375, 75.125, 1.244781519452252e-22, nan 
-123.125, 75.125, 1.128789911704064e-22, nan 
-122.875, 75.125, 1.2077711463790856e-22, nan 
-122.625, 75.125, 1.2856037043781957e-22, nan 
-122.375, 75.125, 1.1286565109310056e-22, nan 
-122.125, 75.125, 1.5565324318381352e-22, nan 
-121.875, 75.125, 1.0473648022112299e-22, nan 
-121.625, 75.125, 9.569316859320287e-23, nan 
-121.375, 75.125, 1.0699931307782056e-22, nan 
-121.125, 75.125, 1.1431737871648068e-22, nan 
-120.875, 75.125, 1.1535181324290098e-22, nan 
-120.625, 75.125, 6.615937660419955e-23, nan 
-120.375, 75.125, 1.666458527018917e-23, nan 
-120.125, 75.125, 4.957754221055147e-23, nan 
-119.875, 75.125, 5.320918352466289e-23, nan 
-119.625, 75.125, 4.6014380406274556e-23, nan 
-119.375, 75.125, 5.517188411060893e-23, nan 
-119.125, 75.125, 4.8774807992374025e-23, nan 
-118.875, 75.125, 4.3952323146351137e-23, nan 
-118.625, 75.125, 5.607814704566373e-23, nan 
-118.375, 75.125, 2.0510116935712726e-23, nan 
-118.125, 75.125, 4.20732794842205e-23, nan 
-117.875, 75.125, 4.1204550790473375e-23, nan 
-117.625, 75.125, 3.55244962352631e-23, nan 
-117.375, 75.125, 4.5225283110110223e-23, nan 
-117.125, 75.125, 4.16975578809404e-23, nan 
-116.875, 75.125, 3.897585802901458e-23, nan 
-116.625, 75.125, 4.884076510164985e-23, nan 
-116.375, 75.125, 4.6621599917438124e-23, nan 
-116.125, 75.125, 2.761357506160094e-23, nan 
-115.875, 75.125, 5.0157563434147724e-23, nan 
-115.625, 75.125, 5.69798328071668e-23, nan 
-115.375, 75.125, 5.679958785007498e-23, nan 
-115.125, 75.125, 4.683961268727195e-23, nan 
-114.875, 75.125, 4.0142512673664536e-23, nan 
-114.625, 75.125, 5.939359876679177e-23, nan 
-114.375, 75.125, 6.145192425366484e-23, nan 
-114.125, 75.125, 7.194108323139594e-23, nan 
-113.875, 75.125, 9.295008641071475e-23, nan 
-113.625, 75.125, 4.0253963658265014e-23, nan 
-113.375, 75.125, 9.454477132602829e-23, nan 
-113.125, 75.125, 1.1697138977888244e-22, nan 
-112.875, 75.125, 4.608301725251558e-23, nan 
-112.625, 75.125, 6.057184969118232e-23, nan 
-112.375, 75.125, 7.025761369442772e-23, nan 
-112.125, 75.125, 5.2005363576216895e-23, nan 
-111.875, 75.125, 3.5544093070807335e-23, nan 
-111.625, 75.125, 3.0636274134957645e-23, nan 
-111.375, 75.125, 2.2341669285973783e-23, nan 
-111.125, 75.125, 5.888522050727166e-23, nan 
-110.875, 75.125, 6.397249633681247e-23, nan 
-110.625, 75.125, 2.884846507214512e-23, nan 
-110.375, 75.125, 5.893612547106728e-23, nan 
-110.125, 75.125, 5.224960662676257e-23, nan 
-109.875, 75.125, 5.51178926835368e-23, nan 
-109.625, 75.125, 4.9473503477934433e-23, nan 
-109.375, 75.125, 3.668185037695117e-23, nan 
-109.125, 75.125, 4.2266624503176276e-23, nan 
-108.875, 75.125, 4.7041955658362537e-23, nan 
-108.625, 75.125, 4.050709046919724e-23, nan 
-108.375, 75.125, 4.0884195620141044e-23, nan 
-108.125, 75.125, 5.689573453398631e-23, nan 
-107.875, 75.125, 4.430054426649548e-23, nan 
-107.625, 75.125, 2.1402267839410907e-23, nan 
-107.375, 75.125, 2.819143170577612e-23, nan 
-107.125, 75.125, 3.0088383791698004e-23, nan 
-106.875, 75.125, 2.0448935868275626e-23, nan 
78.875, 75.125, 7.428225076238265e-24, nan 
79.125, 75.125, 5.408567664155555e-24, nan 
79.375, 75.125, 1.1832228024838478e-23, nan 
79.625, 75.125, 8.235199113953095e-24, nan 
79.875, 75.125, 6.743375498452493e-24, nan 
80.125, 75.125, 1.2015801290522251e-23, nan 
80.375, 75.125, 1.482860132181719e-23, nan 
80.625, 75.125, 1.3928319067735676e-23, nan 
80.875, 75.125, 1.0698513140377901e-23, nan 
81.125, 75.125, 1.6703043628114387e-23, nan 
81.375, 75.125, 1.768322378174151e-23, nan 
81.625, 75.125, 5.6124398636275234e-24, nan 
81.875, 75.125, 6.341328514877041e-24, nan 
82.125, 75.125, 2.100158955601456e-23, nan 
82.375, 75.125, 2.579736455185452e-23, nan 
82.625, 75.125, 2.3170717354516332e-23, nan 
82.875, 75.125, 3.118026836548999e-23, nan 
83.125, 75.125, 2.1227328968949652e-23, nan 
83.375, 75.125, 2.311231088448593e-23, nan 
83.625, 75.125, 1.307059378695438e-23, nan 
83.875, 75.125, 1.207343865644205e-23, nan 
84.125, 75.125, 8.041727894433085e-24, nan 
84.375, 75.125, 8.254965253914104e-24, nan 
84.625, 75.125, 8.825452801788579e-24, nan 
84.875, 75.125, 9.832394522527865e-24, nan 
85.125, 75.125, 8.976711529944414e-24, nan 
85.375, 75.125, 9.538884963525192e-24, nan 
85.625, 75.125, 1.0731822510774215e-23, nan 
85.875, 75.125, 8.151334442251905e-24, nan 
86.125, 75.125, 1.0028240245558595e-23, nan 
86.375, 75.125, 1.2438237241186271e-23, nan 
86.625, 75.125, 1.5943150537613734e-23, nan 
86.875, 75.125, 2.712770455862571e-23, nan 
87.125, 75.125, 1.771685202822737e-23, nan 
87.375, 75.125, 1.8457700105052887e-23, nan 
87.625, 75.125, 3.581529802821595e-23, nan 
87.875, 75.125, 2.1165078855721838e-23, nan 
88.125, 75.125, 1.832623925918519e-23, nan 
88.375, 75.125, 2.673853433318111e-23, nan 
88.625, 75.125, 2.8197843292292095e-23, nan 
88.875, 75.125, 1.9013919841998186e-23, nan 
89.125, 75.125, 1.9367083702853405e-23, nan 
89.375, 75.125, 2.882614952699847e-23, nan 
89.625, 75.125, 1.7581262144561636e-23, nan 
89.875, 75.125, 4.707627310578891e-24, nan 
90.125, 75.125, 1.472244493436781e-23, nan 
90.375, 75.125, 1.4669141803404685e-23, nan 
90.625, 75.125, 6.226836438078187e-24, nan 
90.875, 75.125, 9.539524139693568e-24, nan 
91.125, 75.125, 8.285780476434899e-24, nan 
91.375, 75.125, 6.3803017830402896e-24, nan 
91.625, 75.125, 6.1544332297809475e-24, nan 
91.875, 75.125, 6.988471950011551e-24, nan 
92.125, 75.125, 7.670569002338211e-24, nan 
92.375, 75.125, 1.5939467449784022e-23, nan 
92.625, 75.125, 1.4274595895376896e-23, nan 
92.875, 75.125, 1.0479670926195779e-23, nan 
93.125, 75.125, 1.5937311284189828e-23, nan 
93.375, 75.125, 1.554229582159432e-23, nan 
93.625, 75.125, 1.7912830659850174e-23, nan 
93.875, 75.125, 1.7850775074927954e-23, nan 
94.125, 75.125, 1.4903960908997468e-23, nan 
94.375, 75.125, 1.847242011613998e-23, nan 
94.625, 75.125, 1.4689930703672813e-23, nan 
94.875, 75.125, 1.719821909084678e-23, nan 
95.125, 75.125, 3.4584740643676246e-23, nan 
95.375, 75.125, 3.099898983653117e-23, nan 
95.625, 75.125, 2.3769803919215903e-23, nan 
95.875, 75.125, 2.981752378354992e-23, nan 
96.125, 75.125, 2.070412115167919e-23, nan 
96.375, 75.125, 1.7009673664995468e-23, nan 
96.625, 75.125, 2.1120496720721864e-23, nan 
96.875, 75.125, 2.1729473171745163e-23, nan 
97.125, 75.125, 1.382045225216187e-23, nan 
97.375, 75.125, 2.6870942010588624e-23, nan 
97.625, 75.125, 2.826439041979728e-23, nan 
97.875, 75.125, 1.334863495587414e-23, nan 
98.125, 75.125, 1.978131342937425e-23, nan 
98.375, 75.125, 3.030409660573492e-23, nan 
98.625, 75.125, 2.4096450807789004e-23, nan 
98.875, 75.125, 2.927365822415797e-23, nan 
99.125, 75.125, 4.7031779744614815e-23, nan 
99.375, 75.125, 4.066077719571214e-23, nan 
99.625, 75.125, 3.603405273146042e-23, nan 
99.875, 75.125, 2.909165761267791e-23, nan 
100.125, 75.125, 1.0306816740202587e-23, nan 
100.375, 75.125, 5.050474647973275e-23, nan 
100.625, 75.125, 3.530880845435609e-23, nan 
100.875, 75.125, 5.0108495460507105e-23, nan 
101.125, 75.125, 5.53379966825562e-23, nan 
101.375, 75.125, 3.9168043272169997e-23, nan 
101.625, 75.125, 5.467586381417798e-23, nan 
101.875, 75.125, 2.681925077268616e-23, nan 
102.125, 75.125, 7.28517537630909e-23, nan 
102.375, 75.125, 5.834664882066038e-23, nan 
102.625, 75.125, 7.123839940734892e-23, nan 
102.875, 75.125, 5.837610647071438e-23, nan 
103.125, 75.125, 5.724005506475044e-23, nan 
103.375, 75.125, 7.032346895056088e-23, nan 
103.625, 75.125, 2.801830622234901e-23, nan 
103.875, 75.125, 3.0101029046539434e-23, nan 
104.125, 75.125, 4.133971604442372e-23, nan 
104.375, 75.125, 3.3077623982311766e-23, nan 
104.625, 75.125, 1.9818584979461947e-23, nan 
104.875, 75.125, 2.479528248477553e-23, nan 
105.125, 75.125, 2.6433225400197776e-23, nan 
105.375, 75.125, 1.879076543318281e-23, nan 
105.625, 75.125, 2.33348647253023e-23, nan 
105.875, 75.125, 1.7821136540416872e-23, nan 
106.125, 75.125, 1.5769090601632078e-23, nan 
106.375, 75.125, 2.7511689191157123e-24, nan 
106.625, 75.125, 1.0520312099508464e-23, nan 
106.875, 75.125, 2.2504623769051004e-23, nan 
107.125, 75.125, 1.5892829080808073e-23, nan 
107.375, 75.125, 3.762216274335136e-23, nan 
107.625, 75.125, 3.254546790024287e-23, nan 
107.875, 75.125, 3.4770109726615444e-23, nan 
108.125, 75.125, 4.3203525081136235e-23, nan 
108.375, 75.125, 6.531524529186918e-23, nan 
108.625, 75.125, 6.449095829527395e-23, nan 
108.875, 75.125, 5.492155557525601e-23, nan 
109.125, 75.125, 8.51016960730753e-23, nan 
109.375, 75.125, 6.479959213504727e-23, nan 
109.625, 75.125, 5.910703823872876e-23, nan 
109.875, 75.125, 5.694239452261726e-23, nan 
110.125, 75.125, 4.172176082038952e-23, nan 
110.375, 75.125, 3.985721594524328e-23, nan 
110.625, 75.125, 7.256906765770691e-23, nan 
110.875, 75.125, 5.496936095200526e-23, nan 
111.125, 75.125, 4.090383113575308e-23, nan 
111.375, 75.125, 4.189620441840927e-23, nan 
111.625, 75.125, 4.394368225755364e-23, nan 
111.875, 75.125, 4.8371632057866124e-23, nan 
112.125, 75.125, 4.371009673798636e-23, nan 
112.375, 75.125, 4.267926870160744e-23, nan 
112.625, 75.125, 3.549785624342101e-23, nan 
112.875, 75.125, 2.8720863613640326e-23, nan 
113.125, 75.125, 2.3133946520811625e-23, nan 
113.375, 75.125, 2.441661775989931e-23, nan 
113.625, 75.125, 2.2012627887895203e-23, nan 
113.875, 75.125, 3.51689526549352e-23, nan 
114.125, 75.125, 3.223440132102918e-23, nan 
114.375, 75.125, 4.647450616734065e-23, nan 
114.625, 75.125, 3.445604186860608e-23, nan 
114.875, 75.125, 4.2211133025600633e-23, nan 
115.125, 75.125, 6.196045007854359e-23, nan 
115.375, 75.125, 3.343681652562108e-23, nan 
115.625, 75.125, 5.770060100402371e-23, nan 
115.875, 75.125, 5.530100082630115e-23, nan 
116.125, 75.125, 3.09360991821402e-23, nan 
116.375, 75.125, 6.410093452796359e-23, nan 
116.625, 75.125, 5.613028747999584e-23, nan 
116.875, 75.125, 2.2844062593498542e-23, nan 
117.125, 75.125, 3.255093716246789e-23, nan 
117.375, 75.125, 2.681473333646862e-23, nan 
117.625, 75.125, 1.3637276195467898e-23, nan 
117.875, 75.125, 3.7929583906791236e-23, nan 
118.125, 75.125, 5.599859587300994e-23, nan 
118.375, 75.125, 2.048871728890729e-23, nan 
118.625, 75.125, 6.608310458996127e-23, nan 
118.875, 75.125, 1.1689138227678943e-22, nan 
119.125, 75.125, 1.1057061624180928e-22, nan 
119.375, 75.125, 9.105708976816638e-23, nan 
119.625, 75.125, 1.8953964439806e-22, nan 
119.875, 75.125, 2.317186068801603e-22, nan 
120.125, 75.125, 1.4571346211380643e-22, nan 
120.375, 75.125, 1.9261351192405401e-22, nan 
120.625, 75.125, 2.135030303379241e-22, nan 
120.875, 75.125, 1.6660790007050766e-22, nan 
121.125, 75.125, 1.5057366316855992e-22, nan 
121.375, 75.125, 1.165964430666394e-22, nan 
121.625, 75.125, 7.694643572568211e-23, nan 
121.875, 75.125, 2.5106096348803118e-23, nan 
122.125, 75.125, 3.2002334715872914e-23, nan 
122.375, 75.125, 8.165499665380106e-23, nan 
122.625, 75.125, 3.803924017978322e-23, nan 
122.875, 75.125, 4.637117926911446e-23, nan 
123.125, 75.125, 6.868431799650424e-23, nan 
123.375, 75.125, 3.09838499460975e-23, nan 
123.625, 75.125, 5.353771365039519e-23, nan 
123.875, 75.125, 7.151457456753905e-23, nan 
124.125, 75.125, 5.416030764959839e-23, nan 
124.375, 75.125, 7.591279263471877e-23, nan 
124.625, 75.125, 5.95935631240781e-23, nan 
124.875, 75.125, 4.945599365283955e-23, nan 
125.125, 75.125, 8.168485281876589e-23, nan 
125.375, 75.125, 5.460919169383464e-23, nan 
125.625, 75.125, 8.322374722341694e-23, nan 
125.875, 75.125, 4.952961193958555e-23, nan 
126.125, 75.125, 8.230177538500865e-23, nan 
126.375, 75.125, 9.909025750970172e-23, nan 
126.625, 75.125, 7.830312207066366e-23, nan 
126.875, 75.125, 1.31640761505893e-22, nan 
127.125, 75.125, 1.4654744776900883e-22, nan 
127.375, 75.125, 1.2378331715644753e-22, nan 
127.625, 75.125, 1.46549143118118e-22, nan 
127.875, 75.125, 1.8441540593776372e-22, nan 
128.125, 75.125, 8.759873150676968e-23, nan 
128.375, 75.125, 1.355367683149523e-22, nan 
128.625, 75.125, 1.7226768938611095e-22, nan 
128.875, 75.125, 1.2961052639700534e-22, nan 
129.125, 75.125, 1.4442384914210087e-22, nan 
129.375, 75.125, 1.9174953909120463e-22, nan 
129.625, 75.125, 1.5964733035004272e-22, nan 
129.875, 75.125, 1.212836897730346e-22, nan 
130.125, 75.125, 1.8160409137220206e-22, nan 
130.375, 75.125, 8.326548767383896e-23, nan 
130.625, 75.125, 5.597551560887339e-23, nan 
130.875, 75.125, 8.789893042420322e-23, nan 
131.125, 75.125, 4.398361803594944e-23, nan 
131.375, 75.125, 1.0294781609664325e-22, nan 
131.625, 75.125, 9.262887808325983e-23, nan 
131.875, 75.125, 9.600476943598168e-23, nan 
132.125, 75.125, 2.2740521099775963e-22, nan 
132.375, 75.125, 2.6301998333616565e-22, nan 
132.625, 75.125, 3.524010025508756e-22, nan 
132.875, 75.125, 2.8929609354447356e-22, nan 
133.125, 75.125, 2.721636115318809e-22, nan 
133.375, 75.125, 3.2108353456551725e-22, nan 
133.625, 75.125, 1.9959078967197214e-22, nan 
133.875, 75.125, 1.784613803946078e-22, nan 
134.125, 75.125, 2.179594242987806e-22, nan 
134.375, 75.125, 1.8370717241042103e-22, nan 
134.625, 75.125, 1.7935981816258415e-22, nan 
134.875, 75.125, 2.0285655034169443e-22, nan 
135.125, 75.125, 1.3098671384356668e-22, nan 
135.375, 75.125, 1.7775640289033273e-22, nan 
135.625, 75.125, 1.740307115660628e-22, nan 
135.875, 75.125, 2.0940602338276022e-22, nan 
136.125, 75.125, 2.04829037041028e-22, nan 
136.375, 75.125, 1.6662978847285684e-22, nan 
136.625, 75.125, 1.794468541122452e-22, nan 
136.875, 75.125, 2.3551575689841973e-22, nan 
137.125, 75.125, 2.7318966432803805e-22, nan 
137.375, 75.125, 2.0086499539561218e-22, nan 
137.625, 75.125, 2.101973246068137e-22, nan 
137.875, 75.125, 2.315744130765493e-22, nan 
138.125, 75.125, 2.12913216011734e-22, nan 
138.375, 75.125, 1.566620772674084e-22, nan 
138.625, 75.125, 1.3327917140521087e-22, nan 
138.875, 75.125, 2.990921854111957e-22, nan 
139.125, 75.125, 2.518665246647402e-22, nan 
139.375, 75.125, 2.2047435500560176e-22, nan 
139.625, 75.125, 3.6701740720796117e-22, nan 
139.875, 75.125, 2.6224468487323537e-22, nan 
140.125, 75.125, 2.810026789310152e-22, nan 
140.375, 75.125, 6.129005666959692e-22, nan 
140.625, 75.125, 5.064980674124828e-22, nan 
140.875, 75.125, 3.9141751308288e-22, nan 
141.125, 75.125, 5.648460103447524e-22, nan 
141.375, 75.125, 5.113556286141424e-22, nan 
141.625, 75.125, 5.090310848834182e-22, nan 
141.875, 75.125, 5.504188824483156e-22, nan 
142.125, 75.125, 4.957199730694348e-22, nan 
142.375, 75.125, 4.1981222587077384e-22, nan 
142.625, 75.125, 5.664402891201135e-22, nan 
142.875, 75.125, 4.962546795123434e-22, nan 
143.125, 75.125, 2.3958616658077436e-22, nan 
143.375, 75.125, 3.3689410561958873e-22, nan 
143.625, 75.125, 2.862491712106036e-22, nan 
143.875, 75.125, 3.462885149876813e-22, nan 
144.125, 75.125, 2.8495569878488505e-22, nan 
144.375, 75.125, 1.6415130931350598e-22, nan 
144.625, 75.125, 2.2585587385605565e-22, nan 
144.875, 75.125, 3.045451379969414e-22, nan 
145.125, 75.125, 6.02731281692187e-22, nan 
145.375, 75.125, 6.601197321825717e-22, nan 
145.625, 75.125, 6.118553426467977e-22, nan 
145.875, 75.125, 7.814390206855942e-22, nan 
146.125, 75.125, 6.1576661795370205e-22, nan 
146.375, 75.125, 6.148118181527782e-22, nan 
146.625, 75.125, 6.333031679842734e-22, nan 
146.875, 75.125, 3.106833998913349e-22, nan 
147.125, 75.125, 3.7370399437986153e-22, nan 
147.375, 75.125, 8.4997645655549e-22, nan 
147.625, 75.125, 1.3345524856264903e-21, nan 
147.875, 75.125, 9.373073601441798e-22, nan 
148.125, 75.125, 1.0019984336663958e-21, nan 
148.375, 75.125, 1.4539117504736831e-21, nan 
148.625, 75.125, 1.0519303750558354e-21, nan 
148.875, 75.125, 8.645470227531215e-22, nan 
149.125, 75.125, 1.0190106707644642e-21, nan 
149.375, 75.125, 7.386903780877443e-22, nan 
149.625, 75.125, 6.30865893399079e-22, nan 
149.875, 75.125, 1.0597847593280947e-21, nan 
150.125, 75.125, 8.90702243977739e-22, nan 
150.375, 75.125, 1.2954623462609891e-21, nan 
150.625, 75.125, 1.2377562442688047e-21, nan 
150.875, 75.125, 8.623879609687349e-22, nan 
151.125, 75.125, 1.114907866526817e-21, nan 
151.375, 75.125, 1.2522356349446427e-21, nan 
151.625, 75.125, 1.176465252839769e-21, nan 
151.875, 75.125, 9.927949342609341e-22, nan 
152.125, 75.125, 8.698241045975719e-22, nan 
152.375, 75.125, 1.7103057600108734e-21, nan 
152.625, 75.125, 1.8233370052175743e-21, nan 
152.875, 75.125, 1.515963098296156e-21, nan 
153.125, 75.125, 2.2181791467944188e-21, nan 
153.375, 75.125, 3.1268719080131224e-21, nan 
153.625, 75.125, 3.56662717652347e-21, nan 
153.875, 75.125, 2.7469242228609375e-21, nan 
154.125, 75.125, 3.211368656967012e-21, nan 
154.375, 75.125, 2.5969326510894618e-21, nan 
154.625, 75.125, 3.175725642075373e-21, nan 
154.875, 75.125, 3.0572059843388297e-21, nan 
155.125, 75.125, 2.335936197694881e-21, nan 
155.375, 75.125, 4.276909097085309e-21, nan 
155.625, 75.125, 6.020078243166459e-21, nan 
155.875, 75.125, 4.7978405787745426e-21, nan 
156.125, 75.125, 8.324410059486824e-21, nan 
156.375, 75.125, 1.4012262284578682e-20, nan 
156.625, 75.125, 1.7015324862481664e-20, nan 
156.875, 75.125, 1.381363225420108e-20, nan 
157.125, 75.125, 1.6173563772531698e-20, nan 
157.375, 75.125, 1.9452036670177967e-20, nan 
157.625, 75.125, 1.5815903219451627e-20, nan 
157.875, 75.125, 1.4351431411598112e-20, nan 
158.125, 75.125, 1.199405609120077e-20, nan 
158.375, 75.125, 8.826336520592325e-21, nan 
158.625, 75.125, 1.8686319644217697e-20, nan 
158.875, 75.125, 2.0914670203770247e-20, nan 
159.125, 75.125, 1.8563461849314978e-20, nan 
159.375, 75.125, 3.836888478899591e-20, nan 
159.625, 75.125, 4.69496604478201e-20, nan 
159.875, 75.125, 3.223132551143279e-20, nan 
160.125, 75.125, 1.5444561693311482e-20, nan 
160.375, 75.125, 1.5243496493700966e-20, nan 
160.625, 75.125, 6.092432480525312e-20, nan 
160.875, 75.125, 5.4163401463697326e-20, nan 
161.125, 75.125, 5.488350054189208e-20, nan 
161.375, 75.125, 9.935940737727847e-20, nan 
161.625, 75.125, 1.2256308274353822e-19, nan 
161.875, 75.125, 8.897367192925264e-20, nan 
162.125, 75.125, 9.847231292674253e-20, nan 
162.375, 75.125, 6.91179093151878e-20, nan 
162.625, 75.125, 1.22170295368562e-19, nan 
162.875, 75.125, 6.55696317125138e-20, nan 
163.125, 75.125, 1.01161971545904e-19, nan 
163.375, 75.125, 1.5721582811178737e-19, nan 
163.625, 75.125, 1.9931642571299292e-19, nan 
163.875, 75.125, 3.007257306596432e-19, nan 
164.125, 75.125, 6.717605013804877e-19, nan 
164.375, 75.125, 1.063387200385358e-18, nan 
164.625, 75.125, 1.1287802299634595e-18, nan 
164.875, 75.125, 1.8660685824795234e-18, nan 
165.125, 75.125, 1.9482311499326328e-18, nan 
165.375, 75.125, 2.203947054943351e-18, nan 
165.625, 75.125, 4.0738189654826914e-18, nan 
165.875, 75.125, 6.043892305897244e-18, nan 
166.125, 75.125, 1.3824760027510782e-17, nan 
166.375, 75.125, 1.824504482538518e-17, nan 
166.625, 75.125, 1.7215285594300992e-17, nan 
166.875, 75.125, 2.0112101323342758e-17, nan 
167.125, 75.125, 2.0255891753415015e-17, nan 
167.375, 75.125, 1.2535948697130208e-17, nan 
167.625, 75.125, 5.859673171765843e-18, nan 
167.875, 75.125, 3.227018859573036e-18, nan 
168.125, 75.125, 2.8620679846352912e-18, nan 
168.375, 75.125, 2.475296786937008e-18, nan 
168.625, 75.125, 1.3553226219316457e-18, nan 
168.875, 75.125, 8.495386907933257e-19, nan 
169.125, 75.125, 7.97277138494138e-19, nan 
169.375, 75.125, 3.2666143978311273e-19, nan 
169.625, 75.125, 1.5377441400251654e-19, nan 
169.875, 75.125, 1.6780687372161494e-19, nan 
170.125, 75.125, 1.432265388179949e-19, nan 
170.375, 75.125, 1.0549580688334001e-19, nan 
170.625, 75.125, 1.2222752155767053e-19, nan 
170.875, 75.125, 8.41735101000851e-20, nan 
171.125, 75.125, 6.354855268749046e-20, nan 
171.375, 75.125, 3.547572086014905e-20, nan 
171.625, 75.125, 2.536666933585016e-20, nan 
171.875, 75.125, 3.422121068812369e-20, nan 
172.125, 75.125, 3.312168460418807e-20, nan 
172.375, 75.125, 5.338339438703301e-20, nan 
172.625, 75.125, 2.904815458068123e-20, nan 
172.875, 75.125, 3.308148894470409e-20, nan 
173.125, 75.125, 4.693654654163896e-20, nan 
173.375, 75.125, 2.2111338114411374e-20, nan 
173.625, 75.125, 2.0879781602937317e-20, nan 
173.875, 75.125, 1.2536201768037665e-20, nan 
174.125, 75.125, 1.2826146590014966e-20, nan 
174.375, 75.125, 1.6975058182738102e-20, nan 
174.625, 75.125, 1.983509317693546e-20, nan 
174.875, 75.125, 2.1875278049246686e-20, nan 
175.125, 75.125, 1.7597579311071895e-20, nan 
175.375, 75.125, 1.5170139342340752e-20, nan 
175.625, 75.125, 1.553507861406251e-20, nan 
175.875, 75.125, 6.354659697491561e-21, nan 
176.125, 75.125, 1.5648504777391218e-21, nan 
176.375, 75.125, 5.685128968065743e-21, nan 
176.625, 75.125, 4.042259707097444e-21, nan 
176.875, 75.125, 3.3356226546649962e-21, nan 
177.125, 75.125, 2.4549993356928185e-21, nan 
177.375, 75.125, 1.9201800860002724e-21, nan 
177.625, 75.125, 5.014436383743919e-21, nan 
177.875, 75.125, 8.562814804975445e-21, nan 
178.125, 75.125, 7.679813279400233e-21, nan 
178.375, 75.125, 5.1905333911700776e-21, nan 
178.625, 75.125, 8.591399072869927e-21, nan 
178.875, 75.125, 5.872462410307413e-21, nan 
179.125, 75.125, 2.6183995962485786e-21, nan 
179.375, 75.125, 2.9921758005994902e-21, nan 
179.625, 75.125, 3.030333549904057e-21, nan 
179.875, 75.125, 1.6456836045708156e-21, nan 
-179.875, 75.375, 5.200692785048537e-21, nan 
-179.625, 75.375, 4.175877928144904e-21, nan 
-179.375, 75.375, 4.914627747614956e-21, nan 
-179.125, 75.375, 4.357624226459266e-21, nan 
-178.875, 75.375, 3.1842145363556705e-21, nan 
-178.625, 75.375, 4.235900751027723e-21, nan 
-178.375, 75.375, 4.325007236394396e-21, nan 
-178.125, 75.375, 2.6576873904503587e-21, nan 
-177.875, 75.375, 2.772577765460315e-21, nan 
-177.625, 75.375, 2.0635491229938206e-21, nan 
-177.375, 75.375, 2.078521675268424e-21, nan 
-177.125, 75.375, 2.1570653565247715e-21, nan 
-176.875, 75.375, 3.527325041833502e-21, nan 
-176.625, 75.375, 3.131579123244979e-21, nan 
-176.375, 75.375, 2.343263235333667e-21, nan 
-176.125, 75.375, 1.411870070701922e-21, nan 
-175.875, 75.375, 1.9278148373384677e-21, nan 
-175.625, 75.375, 1.3021132157289325e-21, nan 
-175.375, 75.375, 1.0800544242476317e-21, nan 
-175.125, 75.375, 5.964773906266403e-22, nan 
-174.875, 75.375, 5.363587380856563e-22, nan 
-174.625, 75.375, 2.0104496185505453e-21, nan 
-174.375, 75.375, 1.6324042873360886e-21, nan 
-174.125, 75.375, 1.820072599916178e-21, nan 
-173.875, 75.375, 1.3356192502941525e-21, nan 
-173.625, 75.375, 1.4468867310243849e-21, nan 
-173.375, 75.375, 1.2528019104332355e-21, nan 
-173.125, 75.375, 8.227586354230707e-22, nan 
-172.875, 75.375, 7.243878007758779e-22, nan 
-172.625, 75.375, 6.181393599203067e-22, nan 
-172.375, 75.375, 7.3654512624506785e-22, nan 
-172.125, 75.375, 6.405759233414013e-22, nan 
-171.875, 75.375, 5.61814655780261e-22, nan 
-171.625, 75.375, 5.763568592736937e-22, nan 
-171.375, 75.375, 6.187329582830887e-22, nan 
-171.125, 75.375, 5.300472715398546e-22, nan 
-170.875, 75.375, 3.504640482733103e-22, nan 
-170.625, 75.375, 6.727514388804793e-22, nan 
-170.375, 75.375, 1.2902180804678973e-21, nan 
-170.125, 75.375, 1.640195589536596e-21, nan 
-169.875, 75.375, 1.1602334732629283e-21, nan 
-169.625, 75.375, 1.168065974258709e-21, nan 
-169.375, 75.375, 1.3741703170252848e-21, nan 
-169.125, 75.375, 1.0573767969979672e-21, nan 
-168.875, 75.375, 1.0796359029457764e-21, nan 
-168.625, 75.375, 1.1319099359577231e-21, nan 
-168.375, 75.375, 9.322427532951996e-22, nan 
-168.125, 75.375, 8.458088971298035e-22, nan 
-167.875, 75.375, 1.430591036086072e-21, nan 
-167.625, 75.375, 9.985478402305883e-22, nan 
-167.375, 75.375, 4.520861712741268e-22, nan 
-167.125, 75.375, 9.746591944452818e-22, nan 
-166.875, 75.375, 9.587984642462288e-22, nan 
-166.625, 75.375, 1.3567925377447185e-21, nan 
-166.375, 75.375, 1.6718580688929058e-21, nan 
-166.125, 75.375, 2.1512145984907634e-21, nan 
-165.875, 75.375, 1.6420658997660626e-21, nan 
-165.625, 75.375, 1.464723167933881e-21, nan 
-165.375, 75.375, 2.371474237731261e-21, nan 
-165.125, 75.375, 2.1802007450173594e-21, nan 
-164.875, 75.375, 1.6771859556047515e-21, nan 
-164.625, 75.375, 1.5957915176927164e-21, nan 
-164.375, 75.375, 1.5981071978469303e-21, nan 
-164.125, 75.375, 1.4945378202532262e-21, nan 
-163.875, 75.375, 1.0941632607982058e-21, nan 
-163.625, 75.375, 7.640793008639604e-22, nan 
-163.375, 75.375, 3.8832511398956097e-22, nan 
-163.125, 75.375, 4.788880080331493e-22, nan 
-162.875, 75.375, 5.733437923397485e-22, nan 
-162.625, 75.375, 6.326284675687265e-22, nan 
-162.375, 75.375, 4.748578418823915e-22, nan 
-162.125, 75.375, 2.3652579935088503e-22, nan 
-161.875, 75.375, 3.0063514240736877e-22, nan 
-161.625, 75.375, 2.619977426984937e-22, nan 
-161.375, 75.375, 2.596286041170589e-22, nan 
-161.125, 75.375, 2.552891898046786e-22, nan 
-160.875, 75.375, 3.390329391918778e-22, nan 
-160.625, 75.375, 5.152937270023378e-22, nan 
-160.375, 75.375, 6.205652298686913e-22, nan 
-160.125, 75.375, 3.7915623986742352e-22, nan 
-159.875, 75.375, 4.1383096654740277e-22, nan 
-159.625, 75.375, 4.0013277202440584e-22, nan 
-159.375, 75.375, 2.26738004416759e-22, nan 
-159.125, 75.375, 1.227605716545253e-22, nan 
-158.875, 75.375, 7.822881617889479e-23, nan 
-158.625, 75.375, 3.9989768702099665e-22, nan 
-158.375, 75.375, 8.686133011346884e-22, nan 
-158.125, 75.375, 1.3629526298192178e-21, nan 
-157.875, 75.375, 1.0926430627421587e-21, nan 
-157.625, 75.375, 1.1718021734581853e-21, nan 
-157.375, 75.375, 1.7208178084710206e-21, nan 
-157.125, 75.375, 1.4127750296491237e-21, nan 
-156.875, 75.375, 1.0119535014025037e-21, nan 
-156.625, 75.375, 4.469124750005565e-22, nan 
-156.375, 75.375, 6.037295502026851e-22, nan 
-156.125, 75.375, 6.8236565901147445e-22, nan 
-155.875, 75.375, 7.769079319032575e-22, nan 
-155.625, 75.375, 6.153228165726539e-22, nan 
-155.375, 75.375, 8.826747584888442e-22, nan 
-155.125, 75.375, 9.354020896912102e-22, nan 
-154.875, 75.375, 6.6979410981806565e-22, nan 
-154.625, 75.375, 7.907349857490195e-22, nan 
-154.375, 75.375, 8.14646478525803e-22, nan 
-154.125, 75.375, 5.682321936007871e-22, nan 
-153.875, 75.375, 3.7441782753529846e-22, nan 
-153.625, 75.375, 2.243217002471634e-22, nan 
-153.375, 75.375, 1.5346756243494572e-22, nan 
-153.125, 75.375, 1.7886637301357374e-22, nan 
-152.875, 75.375, 2.79589172221182e-22, nan 
-152.625, 75.375, 2.2183662399829885e-22, nan 
-152.375, 75.375, 1.687266893970366e-22, nan 
-152.125, 75.375, 2.1170260815437562e-22, nan 
-151.875, 75.375, 2.2189402752396217e-22, nan 
-151.625, 75.375, 2.349318937507843e-22, nan 
-151.375, 75.375, 2.1473959502457913e-22, nan 
-151.125, 75.375, 1.970399810721628e-22, nan 
-150.875, 75.375, 1.4225628381965426e-22, nan 
-150.625, 75.375, 1.525425778707243e-22, nan 
-150.375, 75.375, 8.191402108879191e-23, nan 
-150.125, 75.375, 1.4256568881611222e-22, nan 
-149.875, 75.375, 1.5675398173527e-22, nan 
-149.625, 75.375, 1.0710923865110626e-22, nan 
-149.375, 75.375, 1.1274703609918228e-22, nan 
-149.125, 75.375, 1.7613029942503656e-22, nan 
-148.875, 75.375, 1.8660465615199136e-22, nan 
-148.625, 75.375, 1.1027951481708842e-22, nan 
-148.375, 75.375, 1.9814246001904323e-22, nan 
-148.125, 75.375, 1.6935993044180634e-22, nan 
-147.875, 75.375, 1.053417892714568e-22, nan 
-147.625, 75.375, 7.975446997035014e-23, nan 
-147.375, 75.375, 1.1119571530209428e-22, nan 
-147.125, 75.375, 1.6174354547364085e-22, nan 
-146.875, 75.375, 2.417717385206175e-22, nan 
-146.625, 75.375, 1.4163457793666098e-22, nan 
-146.375, 75.375, 2.1840632194767594e-22, nan 
-146.125, 75.375, 6.051405468234165e-22, nan 
-145.875, 75.375, 7.940223057958615e-22, nan 
-145.625, 75.375, 7.043809873033696e-22, nan 
-145.375, 75.375, 4.1763206678008738e-22, nan 
-145.125, 75.375, 7.320081287654092e-22, nan 
-144.875, 75.375, 8.296793514780933e-22, nan 
-144.625, 75.375, 3.3168934008822055e-22, nan 
-144.375, 75.375, 3.3382914906396543e-22, nan 
-144.125, 75.375, 3.542264050983093e-22, nan 
-143.875, 75.375, 2.759056128514293e-22, nan 
-143.625, 75.375, 5.421273955172601e-22, nan 
-143.375, 75.375, 4.823462094970912e-22, nan 
-143.125, 75.375, 4.624797420086478e-22, nan 
-142.875, 75.375, 7.716456375552058e-22, nan 
-142.625, 75.375, 5.074059939281862e-22, nan 
-142.375, 75.375, 4.534224605570119e-22, nan 
-142.125, 75.375, 4.1696837988409756e-22, nan 
-141.875, 75.375, 3.2094431761456325e-22, nan 
-141.625, 75.375, 3.711726588325486e-22, nan 
-141.375, 75.375, 2.105434696355075e-22, nan 
-141.125, 75.375, 1.2945730142847285e-22, nan 
-140.875, 75.375, 1.1857440397470797e-22, nan 
-140.625, 75.375, 2.2238232067157986e-22, nan 
-140.375, 75.375, 2.246753241982359e-22, nan 
-140.125, 75.375, 1.325147832786992e-22, nan 
-139.875, 75.375, 1.8317744845386943e-22, nan 
-139.625, 75.375, 1.314865175620168e-22, nan 
-139.375, 75.375, 1.8224779215900557e-22, nan 
-139.125, 75.375, 1.4078496386368723e-22, nan 
-138.875, 75.375, 6.468368515659878e-23, nan 
-138.625, 75.375, 1.3352284289622027e-22, nan 
-138.375, 75.375, 1.9888522354100348e-22, nan 
-138.125, 75.375, 2.2107388495799406e-22, nan 
-137.875, 75.375, 2.052633380506519e-22, nan 
-137.625, 75.375, 1.8328085644812206e-22, nan 
-137.375, 75.375, 2.437869884868816e-22, nan 
-137.125, 75.375, 2.6113035811661115e-22, nan 
-136.875, 75.375, 1.0195632120162451e-22, nan 
-136.625, 75.375, 1.2752185689079082e-22, nan 
-136.375, 75.375, 1.6096679162166141e-22, nan 
-136.125, 75.375, 5.244656014571013e-23, nan 
-135.875, 75.375, 5.0849896822707975e-23, nan 
-135.625, 75.375, 4.881064318445176e-23, nan 
-135.375, 75.375, 6.29591380350539e-23, nan 
-135.125, 75.375, 4.807155698337308e-23, nan 
-134.875, 75.375, 4.9051337437017446e-23, nan 
-134.625, 75.375, 6.198090562238298e-23, nan 
-134.375, 75.375, 5.0678554667154235e-23, nan 
-134.125, 75.375, 3.4464402010731037e-23, nan 
-133.875, 75.375, 2.668116790593654e-23, nan 
-133.625, 75.375, 2.6910406810052006e-23, nan 
-133.375, 75.375, 3.5744206308433783e-23, nan 
-133.125, 75.375, 5.2834186776928856e-23, nan 
-132.875, 75.375, 7.455268704751618e-23, nan 
-132.625, 75.375, 1.4633682675122026e-22, nan 
-132.375, 75.375, 1.9438767725574599e-22, nan 
-132.125, 75.375, 1.4529286134731975e-22, nan 
-131.875, 75.375, 1.9947965622908391e-22, nan 
-131.625, 75.375, 3.4263177216244386e-22, nan 
-131.375, 75.375, 6.625606410773708e-23, nan 
-131.125, 75.375, 9.67538272914131e-23, nan 
-130.875, 75.375, 2.183223858534174e-22, nan 
-130.625, 75.375, 2.0053323053663945e-22, nan 
-130.375, 75.375, 1.7890798819056047e-22, nan 
-130.125, 75.375, 1.5220306758373148e-22, nan 
-129.875, 75.375, 1.6938557501950675e-22, nan 
-129.625, 75.375, 1.6194560029225297e-22, nan 
-129.375, 75.375, 1.566789762867221e-22, nan 
-129.125, 75.375, 1.8361854522677326e-22, nan 
-128.875, 75.375, 1.4688548417791447e-22, nan 
-128.625, 75.375, 1.6623129713096152e-22, nan 
-128.375, 75.375, 3.500192912862584e-22, nan 
-128.125, 75.375, 3.022627107680589e-22, nan 
-127.875, 75.375, 1.8871232404678029e-22, nan 
-127.625, 75.375, 3.2509587004988483e-22, nan 
-127.375, 75.375, 2.5799361369170026e-22, nan 
-127.125, 75.375, 1.3580767764389083e-22, nan 
-126.875, 75.375, 1.376612893482791e-22, nan 
-126.625, 75.375, 1.3204247820715057e-22, nan 
-126.375, 75.375, 1.707562138492704e-22, nan 
-126.125, 75.375, 1.2671972755806911e-22, nan 
-125.875, 75.375, 9.688719585546628e-23, nan 
-125.625, 75.375, 1.0000689879455158e-22, nan 
-125.375, 75.375, 8.999748912633205e-23, nan 
-125.125, 75.375, 6.619148337517496e-23, nan 
-124.875, 75.375, 1.0138155138573775e-22, nan 
-124.625, 75.375, 1.0274002039414517e-22, nan 
-124.375, 75.375, 8.721831466220439e-23, nan 
-124.125, 75.375, 1.1203837915793012e-22, nan 
-123.875, 75.375, 1.0841373809993587e-22, nan 
-123.625, 75.375, 1.084688210845592e-22, nan 
-123.375, 75.375, 9.437120034773227e-23, nan 
-123.125, 75.375, 9.955573360838536e-23, nan 
-122.875, 75.375, 1.2978146239302668e-22, nan 
-122.625, 75.375, 1.4534834808306166e-22, nan 
-122.375, 75.375, 2.0036009589878496e-22, nan 
-122.125, 75.375, 2.350036237548714e-22, nan 
-121.875, 75.375, 1.7756770349640566e-22, nan 
-121.625, 75.375, 2.5105502140997413e-22, nan 
-121.375, 75.375, 2.302064170986088e-22, nan 
-121.125, 75.375, 1.827215514464447e-22, nan 
-120.875, 75.375, 1.3134225334092925e-22, nan 
-120.625, 75.375, 1.191968580244748e-22, nan 
-120.375, 75.375, 1.2168688170169647e-22, nan 
-120.125, 75.375, 1.111195685967979e-22, nan 
-119.875, 75.375, 9.346851901037534e-23, nan 
-119.625, 75.375, 7.070585379556569e-23, nan 
-119.375, 75.375, 6.263821592029854e-23, nan 
-119.125, 75.375, 6.995617063937756e-23, nan 
-118.875, 75.375, 2.777827503971445e-23, nan 
-118.625, 75.375, 2.489515506871933e-23, nan 
-118.375, 75.375, 2.9201539893679565e-23, nan 
-118.125, 75.375, 4.149040080768656e-23, nan 
-117.875, 75.375, 3.779795527009472e-23, nan 
-117.625, 75.375, 3.218759124491443e-23, nan 
-117.375, 75.375, 3.5380187370606406e-23, nan 
-117.125, 75.375, 3.008782643163478e-23, nan 
-116.875, 75.375, 4.822471230398296e-23, nan 
-116.625, 75.375, 4.549266855571062e-23, nan 
-116.375, 75.375, 5.0668302719454617e-23, nan 
-116.125, 75.375, 6.465448838877482e-23, nan 
-115.875, 75.375, 4.227222697259696e-23, nan 
-115.625, 75.375, 5.446447988031233e-23, nan 
-115.375, 75.375, 9.856190391999697e-23, nan 
-115.125, 75.375, 1.2441004142201205e-22, nan 
-114.875, 75.375, 3.772681873787162e-23, nan 
-114.625, 75.375, 1.019679621235618e-22, nan 
-114.375, 75.375, 1.922167857617672e-22, nan 
-114.125, 75.375, 7.988285066272982e-23, nan 
-113.875, 75.375, 6.616225703862889e-23, nan 
-113.625, 75.375, 1.1212124252450208e-22, nan 
-113.375, 75.375, 7.31345600949581e-23, nan 
-113.125, 75.375, 4.304488267709634e-23, nan 
-112.875, 75.375, 1.5291333167034154e-23, nan 
-112.625, 75.375, 3.6399136559400187e-23, nan 
-112.375, 75.375, 3.5552991189531564e-23, nan 
-112.125, 75.375, 2.7553048455764093e-23, nan 
-111.875, 75.375, 1.9559093455978255e-23, nan 
-111.625, 75.375, 2.4536226691108114e-23, nan 
-111.375, 75.375, 1.0562764698737108e-23, nan 
-111.125, 75.375, 3.012391889694866e-23, nan 
-110.875, 75.375, 3.9328149146634295e-23, nan 
-110.625, 75.375, 7.361424380805727e-24, nan 
-110.375, 75.375, 3.318344528978726e-23, nan 
-110.125, 75.375, 2.44941366715252e-23, nan 
-109.875, 75.375, 2.1640241276692238e-23, nan 
-109.625, 75.375, 2.6856671880985205e-23, nan 
-109.375, 75.375, 4.3701902325513786e-23, nan 
-109.125, 75.375, 5.636622334689856e-23, nan 
-108.875, 75.375, 4.4232250032310736e-23, nan 
-108.625, 75.375, 4.4909891042003875e-23, nan 
-108.375, 75.375, 5.554216507845638e-23, nan 
-108.125, 75.375, 4.7782284857597035e-23, nan 
-107.875, 75.375, 4.3150278957971476e-23, nan 
-107.625, 75.375, 3.7590203303382585e-23, nan 
-107.375, 75.375, 2.933437549761096e-23, nan 
-107.125, 75.375, 3.370081149290415e-23, nan 
-106.875, 75.375, 3.483057387494896e-23, nan 
-106.625, 75.375, 3.2154101509652913e-23, nan 
-106.375, 75.375, 3.6058287679383903e-23, nan 
78.375, 75.375, 2.415847209158747e-23, nan 
78.625, 75.375, 1.7500449271940157e-23, nan 
78.875, 75.375, 1.687908968992575e-23, nan 
79.125, 75.375, 1.546643633149551e-23, nan 
79.375, 75.375, 1.878117894453451e-23, nan 
79.625, 75.375, 1.7512748645409266e-23, nan 
79.875, 75.375, 1.247582168066069e-23, nan 
80.125, 75.375, 9.078090601373912e-24, nan 
80.375, 75.375, 7.23807544431821e-24, nan 
80.625, 75.375, 8.704548537778528e-24, nan 
80.875, 75.375, 1.2349567136723865e-23, nan 
81.125, 75.375, 1.2485515804648209e-23, nan 
81.375, 75.375, 2.0854678467170122e-23, nan 
81.625, 75.375, 3.03723480502515e-23, nan 
81.875, 75.375, 2.3578509206314e-23, nan 
82.125, 75.375, 3.704072226864745e-23, nan 
82.375, 75.375, 4.889996484751222e-23, nan 
82.625, 75.375, 4.1915972665664504e-23, nan 
82.875, 75.375, 4.9559140603349664e-23, nan 
83.125, 75.375, 2.4746743367185287e-23, nan 
83.375, 75.375, 2.3499928725385322e-23, nan 
83.625, 75.375, 3.140954610261073e-23, nan 
83.875, 75.375, 2.0687317442543604e-23, nan 
84.125, 75.375, 1.2364777195052345e-23, nan 
84.375, 75.375, 1.4814243237520758e-23, nan 
84.625, 75.375, 1.2186628530768387e-23, nan 
84.875, 75.375, 8.729120163136668e-24, nan 
85.125, 75.375, 9.219307780680511e-24, nan 
85.375, 75.375, 8.71606237764794e-24, nan 
85.625, 75.375, 9.858738052826945e-24, nan 
85.875, 75.375, 7.727655177861431e-24, nan 
86.125, 75.375, 9.22810111640813e-24, nan 
86.375, 75.375, 1.1419143525882752e-23, nan 
86.625, 75.375, 1.475691274874291e-23, nan 
86.875, 75.375, 1.4091689123961864e-23, nan 
87.125, 75.375, 1.7596212836944086e-23, nan 
87.375, 75.375, 1.6361696701385382e-23, nan 
87.625, 75.375, 2.498926099986819e-23, nan 
87.875, 75.375, 1.7117139861223527e-23, nan 
88.125, 75.375, 1.223155565846443e-23, nan 
88.375, 75.375, 3.8937467077341607e-23, nan 
88.625, 75.375, 3.0996670653143977e-23, nan 
88.875, 75.375, 3.321335368482893e-23, nan 
89.125, 75.375, 4.449874025748385e-23, nan 
89.375, 75.375, 3.383837638896248e-23, nan 
89.625, 75.375, 3.708259694372356e-23, nan 
89.875, 75.375, 9.577906725038731e-24, nan 
90.125, 75.375, 1.7423170912996293e-23, nan 
90.375, 75.375, 1.5643857561189362e-23, nan 
90.625, 75.375, 5.3926282753282885e-24, nan 
90.875, 75.375, 2.7614197523395166e-23, nan 
91.125, 75.375, 5.634727513256962e-24, nan 
91.375, 75.375, 3.785581772493122e-24, nan 
91.625, 75.375, 1.423976773805837e-23, nan 
91.875, 75.375, 7.67540191131067e-24, nan 
92.125, 75.375, 8.188877675361238e-24, nan 
92.375, 75.375, 1.3184074458269485e-23, nan 
92.625, 75.375, 1.6555820323154375e-23, nan 
92.875, 75.375, 2.267078790854377e-23, nan 
93.125, 75.375, 2.1336692563394593e-23, nan 
93.375, 75.375, 3.2421765649143473e-23, nan 
93.625, 75.375, 3.8088588554638914e-23, nan 
93.875, 75.375, 1.8823432653389697e-23, nan 
94.125, 75.375, 2.2526852252364777e-23, nan 
94.375, 75.375, 3.4028692739970516e-23, nan 
94.625, 75.375, 3.781950596202111e-23, nan 
94.875, 75.375, 3.0943738944940305e-23, nan 
95.125, 75.375, 5.1580449623683086e-23, nan 
95.375, 75.375, 5.61669042507149e-23, nan 
95.625, 75.375, 4.4713201400725776e-23, nan 
95.875, 75.375, 4.4208733873621316e-23, nan 
96.125, 75.375, 4.841663849334238e-23, nan 
96.375, 75.375, 3.8859995425344625e-23, nan 
96.625, 75.375, 3.5812641916644574e-23, nan 
96.875, 75.375, 3.24108149261715e-23, nan 
97.125, 75.375, 2.3508843411471683e-23, nan 
97.375, 75.375, 2.698858826043555e-23, nan 
97.625, 75.375, 1.7704301122531525e-23, nan 
97.875, 75.375, 1.98351220203727e-23, nan 
98.125, 75.375, 2.2078573884944244e-23, nan 
98.375, 75.375, 1.5296700636000165e-23, nan 
98.625, 75.375, 1.2640066193733037e-23, nan 
98.875, 75.375, 1.0894260922973429e-23, nan 
99.125, 75.375, 1.2954492189410565e-23, nan 
99.375, 75.375, 1.0007313251230373e-23, nan 
99.625, 75.375, 1.3183886293065997e-23, nan 
99.875, 75.375, 2.1454120699557793e-23, nan 
100.125, 75.375, 1.7173951888775747e-23, nan 
100.375, 75.375, 1.4751145098026135e-23, nan 
100.625, 75.375, 1.9689618431104602e-23, nan 
100.875, 75.375, 2.0719504697519586e-23, nan 
101.125, 75.375, 2.6619574374793327e-23, nan 
101.375, 75.375, 4.189210437503675e-23, nan 
101.625, 75.375, 3.066523415202291e-23, nan 
101.875, 75.375, 3.7935430080285005e-23, nan 
102.125, 75.375, 5.445595266684464e-23, nan 
102.375, 75.375, 3.867094883768055e-23, nan 
102.625, 75.375, 5.077268413891662e-23, nan 
102.875, 75.375, 2.714537303795404e-23, nan 
103.125, 75.375, 1.902983261893641e-23, nan 
103.375, 75.375, 1.239912145506825e-23, nan 
103.625, 75.375, 1.6685951971715017e-23, nan 
103.875, 75.375, 1.76174766269778e-23, nan 
104.125, 75.375, 2.385563472319822e-23, nan 
104.375, 75.375, 2.1758821836881192e-23, nan 
104.625, 75.375, 1.4283290669724881e-23, nan 
104.875, 75.375, 2.999368502717417e-23, nan 
105.125, 75.375, 3.0737884410267125e-23, nan 
105.375, 75.375, 1.3251147859372287e-23, nan 
105.625, 75.375, 1.9635427793437616e-23, nan 
105.875, 75.375, 1.642818356098254e-23, nan 
106.125, 75.375, 1.40306529775592e-23, nan 
106.375, 75.375, 2.47415304767587e-23, nan 
106.625, 75.375, 2.2434770661485828e-23, nan 
106.875, 75.375, 2.6147647755280985e-23, nan 
107.125, 75.375, 2.4755239657028392e-23, nan 
107.375, 75.375, 2.5407172892939166e-23, nan 
107.625, 75.375, 1.6610940879167273e-23, nan 
107.875, 75.375, 3.727668030058538e-23, nan 
108.125, 75.375, 2.260506962940913e-23, nan 
108.375, 75.375, 2.882509812576923e-23, nan 
108.625, 75.375, 4.6732985400233365e-23, nan 
108.875, 75.375, 4.736354747648626e-23, nan 
109.125, 75.375, 6.529684870703464e-23, nan 
109.375, 75.375, 5.799502239192192e-23, nan 
109.625, 75.375, 5.618167220976749e-23, nan 
109.875, 75.375, 3.285439057687088e-23, nan 
110.125, 75.375, 4.9269276909746237e-23, nan 
110.375, 75.375, 6.457462660071016e-23, nan 
110.625, 75.375, 5.0303298371686665e-23, nan 
110.875, 75.375, 4.4208707337922304e-23, nan 
111.125, 75.375, 4.9996159028760527e-23, nan 
111.375, 75.375, 5.332590317435647e-23, nan 
111.625, 75.375, 3.613720814197504e-23, nan 
111.875, 75.375, 2.95049862194506e-23, nan 
112.125, 75.375, 2.123898280090868e-23, nan 
112.375, 75.375, 1.7371495179232385e-23, nan 
112.625, 75.375, 3.4113320545003654e-23, nan 
112.875, 75.375, 2.0317421357552748e-23, nan 
113.125, 75.375, 1.8271936136341453e-23, nan 
113.375, 75.375, 2.6309398862560317e-23, nan 
113.625, 75.375, 8.305651643243501e-24, nan 
113.875, 75.375, 2.157932788731496e-23, nan 
114.125, 75.375, 1.9186218717966506e-23, nan 
114.375, 75.375, 1.7941052628971484e-23, nan 
114.625, 75.375, 3.422902987101951e-23, nan 
114.875, 75.375, 5.03330854414888e-23, nan 
115.125, 75.375, 5.888686806755563e-23, nan 
115.375, 75.375, 3.4993714919634066e-23, nan 
115.625, 75.375, 5.2334608497686824e-23, nan 
115.875, 75.375, 5.679473982425686e-23, nan 
116.125, 75.375, 3.7399546812260206e-23, nan 
116.375, 75.375, 2.8473642561084024e-23, nan 
116.625, 75.375, 5.168388862484314e-23, nan 
116.875, 75.375, 5.316096817962257e-23, nan 
117.125, 75.375, 1.488821699116024e-23, nan 
117.375, 75.375, 2.4224317902389702e-23, nan 
117.625, 75.375, 2.94777636625244e-23, nan 
117.875, 75.375, 5.672823358295739e-24, nan 
118.125, 75.375, 3.7330675500994974e-23, nan 
118.375, 75.375, 4.4465127720999594e-23, nan 
118.625, 75.375, 1.1514425251412168e-22, nan 
118.875, 75.375, 9.779083691566703e-23, nan 
119.125, 75.375, 8.827415096327037e-23, nan 
119.375, 75.375, 1.3451331210655505e-22, nan 
119.625, 75.375, 1.8859609046820185e-22, nan 
119.875, 75.375, 1.7745370702271602e-22, nan 
120.125, 75.375, 2.1228241104094494e-22, nan 
120.375, 75.375, 1.6627796959779782e-22, nan 
120.625, 75.375, 1.3307408658873485e-22, nan 
120.875, 75.375, 1.4797684158269353e-22, nan 
121.125, 75.375, 1.2372865047670075e-22, nan 
121.375, 75.375, 1.2897902686299692e-22, nan 
121.625, 75.375, 1.3935401590575065e-22, nan 
121.875, 75.375, 1.0524317359040485e-22, nan 
122.125, 75.375, 1.0272514148682636e-22, nan 
122.375, 75.375, 1.0814898946917872e-22, nan 
122.625, 75.375, 6.6229915018627e-23, nan 
122.875, 75.375, 5.704442803749661e-23, nan 
123.125, 75.375, 5.278120070436296e-23, nan 
123.375, 75.375, 5.777488110023559e-23, nan 
123.625, 75.375, 5.711635144921903e-23, nan 
123.875, 75.375, 6.465728560023608e-23, nan 
124.125, 75.375, 6.752113402621291e-23, nan 
124.375, 75.375, 7.741601095856857e-23, nan 
124.625, 75.375, 7.66844304264538e-23, nan 
124.875, 75.375, 1.0287037128513264e-22, nan 
125.125, 75.375, 7.6096752007682e-23, nan 
125.375, 75.375, 6.25796271134743e-23, nan 
125.625, 75.375, 9.385044378928713e-23, nan 
125.875, 75.375, 8.65919948048119e-23, nan 
126.125, 75.375, 8.914403717835518e-23, nan 
126.375, 75.375, 7.204182617743177e-23, nan 
126.625, 75.375, 1.587610965377968e-22, nan 
126.875, 75.375, 1.748926915341666e-22, nan 
127.125, 75.375, 1.0145040444007173e-22, nan 
127.375, 75.375, 1.8400757520648501e-22, nan 
127.625, 75.375, 1.6761511084667116e-22, nan 
127.875, 75.375, 1.54258663574085e-22, nan 
128.125, 75.375, 1.0690774047489811e-22, nan 
128.375, 75.375, 1.2801869018902486e-22, nan 
128.625, 75.375, 2.364137725581132e-22, nan 
128.875, 75.375, 1.4141300669803302e-22, nan 
129.125, 75.375, 1.152864611160073e-22, nan 
129.375, 75.375, 2.3583975203520786e-22, nan 
129.625, 75.375, 2.822840757852107e-22, nan 
129.875, 75.375, 2.3416403603064527e-22, nan 
130.125, 75.375, 1.2818776313547061e-22, nan 
130.375, 75.375, 1.3105790084660033e-22, nan 
130.625, 75.375, 8.904794322018118e-23, nan 
130.875, 75.375, 8.126767502979929e-23, nan 
131.125, 75.375, 1.2824529733114404e-22, nan 
131.375, 75.375, 1.0204248591827407e-22, nan 
131.625, 75.375, 2.9545213012728424e-22, nan 
131.875, 75.375, 3.487873828101633e-22, nan 
132.125, 75.375, 3.596408757638174e-22, nan 
132.375, 75.375, 3.4933713282398954e-22, nan 
132.625, 75.375, 3.9647610595553835e-22, nan 
132.875, 75.375, 3.6324153567995963e-22, nan 
133.125, 75.375, 2.6957211937894447e-22, nan 
133.375, 75.375, 2.0655625910317126e-22, nan 
133.625, 75.375, 1.793438968605967e-22, nan 
133.875, 75.375, 1.5909768866241677e-22, nan 
134.125, 75.375, 1.698564751823499e-22, nan 
134.375, 75.375, 1.8307961591154197e-22, nan 
134.625, 75.375, 1.829227463775002e-22, nan 
134.875, 75.375, 1.2973232989595455e-22, nan 
135.125, 75.375, 1.8365919117846826e-22, nan 
135.375, 75.375, 2.149074750820786e-22, nan 
135.625, 75.375, 1.7358503164499952e-22, nan 
135.875, 75.375, 2.188674502883257e-22, nan 
136.125, 75.375, 1.975075098070065e-22, nan 
136.375, 75.375, 1.5664567872845034e-22, nan 
136.625, 75.375, 1.8523464094172743e-22, nan 
136.875, 75.375, 2.2370939488192525e-22, nan 
137.125, 75.375, 2.8764845803376063e-22, nan 
137.375, 75.375, 2.5590487916689065e-22, nan 
137.625, 75.375, 2.1407236170254013e-22, nan 
137.875, 75.375, 2.755144437397861e-22, nan 
138.125, 75.375, 1.0514514919124799e-22, nan 
138.375, 75.375, 1.7194070805073198e-22, nan 
138.625, 75.375, 2.687847802418524e-22, nan 
138.875, 75.375, 1.640062916532015e-22, nan 
139.125, 75.375, 2.378877201122284e-22, nan 
139.375, 75.375, 1.159351794486478e-22, nan 
139.625, 75.375, 1.1219812907697684e-22, nan 
139.875, 75.375, 2.5960673513862895e-22, nan 
140.125, 75.375, 3.1691614452114547e-22, nan 
140.375, 75.375, 3.201399907294965e-22, nan 
140.625, 75.375, 5.070418491813756e-22, nan 
140.875, 75.375, 5.845876386927575e-22, nan 
141.125, 75.375, 4.332980244437205e-22, nan 
141.375, 75.375, 5.771352803735905e-22, nan 
141.625, 75.375, 6.683628933542794e-22, nan 
141.875, 75.375, 6.544655565518132e-22, nan 
142.125, 75.375, 5.6162466347358e-22, nan 
142.375, 75.375, 3.699684011190429e-22, nan 
142.625, 75.375, 5.188840450479193e-22, nan 
142.875, 75.375, 4.813041647075386e-22, nan 
143.125, 75.375, 3.6030141449936854e-22, nan 
143.375, 75.375, 1.3315235348188335e-22, nan 
143.625, 75.375, 2.1511180544761925e-22, nan 
143.875, 75.375, 1.9549831920158662e-22, nan 
144.125, 75.375, 1.473917654418812e-22, nan 
144.375, 75.375, 1.677249072978952e-22, nan 
144.625, 75.375, 1.9943990265136432e-22, nan 
144.875, 75.375, 4.918312653706719e-22, nan 
145.125, 75.375, 9.876278848493909e-22, nan 
145.375, 75.375, 1.0866640848946727e-21, nan 
145.625, 75.375, 8.84286539573008e-22, nan 
145.875, 75.375, 1.124876811444226e-21, nan 
146.125, 75.375, 1.1790394032812953e-21, nan 
146.375, 75.375, 8.512994690802264e-22, nan 
146.625, 75.375, 3.864756839966762e-22, nan 
146.875, 75.375, 3.5897093646141657e-22, nan 
147.125, 75.375, 3.851674907102624e-22, nan 
147.375, 75.375, 7.185232075600548e-22, nan 
147.625, 75.375, 1.0578149437050006e-21, nan 
147.875, 75.375, 7.559071023228664e-22, nan 
148.125, 75.375, 9.01898840732355e-22, nan 
148.375, 75.375, 1.3635060563135972e-21, nan 
148.625, 75.375, 9.92691698035815e-22, nan 
148.875, 75.375, 8.546879888429171e-22, nan 
149.125, 75.375, 2.671305179392414e-21, nan 
149.375, 75.375, 2.1164936690791075e-21, nan 
149.625, 75.375, 8.182985572083571e-22, nan 
149.875, 75.375, 2.2872996855586913e-21, nan 
150.125, 75.375, 1.962685566951254e-21, nan 
150.375, 75.375, 9.961400185118794e-22, nan 
150.625, 75.375, 4.406544587065458e-22, nan 
150.875, 75.375, 3.3989967253424833e-22, nan 
151.125, 75.375, 1.023573374896033e-21, nan 
151.375, 75.375, 8.608119557525218e-22, nan 
151.625, 75.375, 2.7240280047068606e-22, nan 
151.875, 75.375, 1.2066816660404327e-21, nan 
152.125, 75.375, 7.971126644829766e-22, nan 
152.375, 75.375, 1.1740512630639981e-21, nan 
152.625, 75.375, 1.4938906100459785e-21, nan 
152.875, 75.375, 8.960952273546521e-22, nan 
153.125, 75.375, 1.7354320122154754e-21, nan 
153.375, 75.375, 2.4644673450270553e-21, nan 
153.625, 75.375, 2.565015953001752e-21, nan 
153.875, 75.375, 2.8765130629100806e-21, nan 
154.125, 75.375, 3.4073024702070544e-21, nan 
154.375, 75.375, 4.1153772120246295e-21, nan 
154.625, 75.375, 5.2615341484070025e-21, nan 
154.875, 75.375, 4.807262755140338e-21, nan 
155.125, 75.375, 3.838705010385041e-21, nan 
155.375, 75.375, 5.635459610572922e-21, nan 
155.625, 75.375, 5.292782090047987e-21, nan 
155.875, 75.375, 3.5577785533908035e-21, nan 
156.125, 75.375, 7.553704280867072e-21, nan 
156.375, 75.375, 1.3365222200320758e-20, nan 
156.625, 75.375, 1.0960535784313354e-20, nan 
156.875, 75.375, 9.203656250608553e-21, nan 
157.125, 75.375, 1.8264701745733113e-20, nan 
157.375, 75.375, 1.3919325228253214e-20, nan 
157.625, 75.375, 6.111672262048137e-21, nan 
157.875, 75.375, 1.8602348105651417e-20, nan 
158.125, 75.375, 2.281905976810766e-20, nan 
158.375, 75.375, 1.7781835109246082e-20, nan 
158.625, 75.375, 2.5944988340267867e-20, nan 
158.875, 75.375, 3.6726905867195465e-20, nan 
159.125, 75.375, 3.8021901062081424e-20, nan 
159.375, 75.375, 4.435722837646914e-20, nan 
159.625, 75.375, 3.442436873290704e-20, nan 
159.875, 75.375, 2.5559156314629305e-20, nan 
160.125, 75.375, 2.7861690014984986e-20, nan 
160.375, 75.375, 2.234908925229253e-20, nan 
160.625, 75.375, 4.726574796803881e-20, nan 
160.875, 75.375, 8.009492797885048e-20, nan 
161.125, 75.375, 6.055805454867628e-20, nan 
161.375, 75.375, 7.879619307792053e-20, nan 
161.625, 75.375, 1.195083030517542e-19, nan 
161.875, 75.375, 1.053592038812352e-19, nan 
162.125, 75.375, 7.581897787525202e-20, nan 
162.375, 75.375, 8.00124030338669e-20, nan 
162.625, 75.375, 1.1640868843904498e-19, nan 
162.875, 75.375, 8.827650001378379e-20, nan 
163.125, 75.375, 5.879682793856808e-20, nan 
163.375, 75.375, 2.609700913454224e-19, nan 
163.625, 75.375, 4.367816793215424e-19, nan 
163.875, 75.375, 6.129018054393729e-19, nan 
164.125, 75.375, 7.079062271451689e-19, nan 
164.375, 75.375, 1.1696982051285037e-18, nan 
164.625, 75.375, 1.5366492905787621e-18, nan 
164.875, 75.375, 1.848750091511125e-18, nan 
165.125, 75.375, 1.7516240115641514e-18, nan 
165.375, 75.375, 2.329338506800512e-18, nan 
165.625, 75.375, 2.7808981773982455e-18, nan 
165.875, 75.375, 3.651881660062634e-18, nan 
166.125, 75.375, 5.420314383455318e-18, nan 
166.375, 75.375, 7.89067195269966e-18, nan 
166.625, 75.375, 8.243709320143083e-18, nan 
166.875, 75.375, 6.974025221067314e-18, nan 
167.125, 75.375, 8.321030575326305e-18, nan 
167.375, 75.375, 6.720208277967079e-18, nan 
167.625, 75.375, 2.5791623958415077e-18, nan 
167.875, 75.375, 1.5330020447072751e-18, nan 
168.125, 75.375, 9.281059020893043e-19, nan 
168.375, 75.375, 6.428930377823352e-19, nan 
168.625, 75.375, 8.084619417425149e-19, nan 
168.875, 75.375, 3.904485048385323e-19, nan 
169.125, 75.375, 2.217731484616436e-19, nan 
169.375, 75.375, 2.082938742042276e-19, nan 
169.625, 75.375, 1.1812675214232207e-19, nan 
169.875, 75.375, 1.255874185692796e-19, nan 
170.125, 75.375, 1.161779795601622e-19, nan 
170.375, 75.375, 1.0467012708243762e-19, nan 
170.625, 75.375, 8.383910631423339e-20, nan 
170.875, 75.375, 6.3910819390185e-20, nan 
171.125, 75.375, 6.843577391011296e-20, nan 
171.375, 75.375, 4.76399842180152e-20, nan 
171.625, 75.375, 6.460780993437677e-20, nan 
171.875, 75.375, 5.625545516003673e-20, nan 
172.125, 75.375, 2.3814623829820283e-20, nan 
172.375, 75.375, 3.2738633108600755e-20, nan 
172.625, 75.375, 3.613517591936455e-20, nan 
172.875, 75.375, 3.038174894347046e-20, nan 
173.125, 75.375, 4.4169851843913033e-20, nan 
173.375, 75.375, 2.7988289578757465e-20, nan 
173.625, 75.375, 2.5349720468912395e-20, nan 
173.875, 75.375, 1.6369594251772627e-20, nan 
174.125, 75.375, 1.1910307472178952e-20, nan 
174.375, 75.375, 1.9107580038580224e-20, nan 
174.625, 75.375, 2.120758577775306e-20, nan 
174.875, 75.375, 3.026986058580266e-20, nan 
175.125, 75.375, 3.2714350161149114e-20, nan 
175.375, 75.375, 2.0362689207772918e-20, nan 
175.625, 75.375, 2.333065639068388e-20, nan 
175.875, 75.375, 2.4754088534927448e-20, nan 
176.125, 75.375, 7.404739036460026e-21, nan 
176.375, 75.375, 9.794461349035072e-21, nan 
176.625, 75.375, 1.0888840941019266e-20, nan 
176.875, 75.375, 3.2886839850490083e-21, nan 
177.125, 75.375, 4.1271850823619276e-21, nan 
177.375, 75.375, 5.3232469934126695e-21, nan 
177.625, 75.375, 3.791411431182643e-21, nan 
177.875, 75.375, 2.4345762597954138e-21, nan 
178.125, 75.375, 1.185369323205654e-20, nan 
178.375, 75.375, 6.718960588169313e-21, nan 
178.625, 75.375, 7.510340920483129e-21, nan 
178.875, 75.375, 9.40651156307304e-21, nan 
179.125, 75.375, 6.857731136107575e-21, nan 
179.375, 75.375, 6.1237209333964895e-21, nan 
179.625, 75.375, 5.004484523299773e-21, nan 
179.875, 75.375, 6.209294758579548e-21, nan 
-179.875, 75.625, 4.772349307278857e-21, nan 
-179.625, 75.625, 7.509563754133397e-21, nan 
-179.375, 75.625, 5.498225207305693e-21, nan 
-179.125, 75.625, 8.080775029876812e-21, nan 
-178.875, 75.625, 8.712753827429421e-21, nan 
-178.625, 75.625, 7.815582243687809e-21, nan 
-178.375, 75.625, 7.122284496998533e-21, nan 
-178.125, 75.625, 6.84170755008667e-21, nan 
-177.875, 75.625, 4.946094580262442e-21, nan 
-177.625, 75.625, 4.084616326085642e-21, nan 
-177.375, 75.625, 2.9920724246436255e-21, nan 
-177.125, 75.625, 4.263803832753192e-21, nan 
-176.875, 75.625, 3.979056489295948e-21, nan 
-176.625, 75.625, 2.8445938435002053e-21, nan 
-176.375, 75.625, 2.1024164898540216e-21, nan 
-176.125, 75.625, 1.0713659144435172e-21, nan 
-175.875, 75.625, 5.445583872911677e-22, nan 
-175.625, 75.625, 1.0484726433037764e-21, nan 
-175.375, 75.625, 5.703404486757979e-22, nan 
-175.125, 75.625, 7.510321317135937e-22, nan 
-174.875, 75.625, 8.551615250979838e-22, nan 
-174.625, 75.625, 1.104495300954702e-21, nan 
-174.375, 75.625, 6.017537476220456e-22, nan 
-174.125, 75.625, 5.815260291074236e-22, nan 
-173.875, 75.625, 6.038038595883489e-22, nan 
-173.625, 75.625, 7.490888473280632e-22, nan 
-173.375, 75.625, 5.529662590542624e-22, nan 
-173.125, 75.625, 6.232502311576796e-22, nan 
-172.875, 75.625, 5.458167998789259e-22, nan 
-172.625, 75.625, 5.174685518349869e-22, nan 
-172.375, 75.625, 5.911196670601718e-22, nan 
-172.125, 75.625, 5.267477005371942e-22, nan 
-171.875, 75.625, 5.974237676444048e-22, nan 
-171.625, 75.625, 7.583548587742836e-22, nan 
-171.375, 75.625, 6.98249269712494e-22, nan 
-171.125, 75.625, 7.582578576472762e-22, nan 
-170.875, 75.625, 7.930424423502919e-22, nan 
-170.625, 75.625, 1.1275982624775772e-21, nan 
-170.375, 75.625, 1.541053518258789e-21, nan 
-170.125, 75.625, 1.7047965494985103e-21, nan 
-169.875, 75.625, 1.629850393850064e-21, nan 
-169.625, 75.625, 1.389648582129331e-21, nan 
-169.375, 75.625, 1.4113269286228548e-21, nan 
-169.125, 75.625, 1.807724821169967e-21, nan 
-168.875, 75.625, 1.9080360411185932e-21, nan 
-168.625, 75.625, 2.2792707871201255e-21, nan 
-168.375, 75.625, 2.449607379944509e-21, nan 
-168.125, 75.625, 2.502621133951549e-21, nan 
-167.875, 75.625, 3.638463809410147e-21, nan 
-167.625, 75.625, 2.3992276550010265e-21, nan 
-167.375, 75.625, 1.5492595806146406e-21, nan 
-167.125, 75.625, 1.5153104713651746e-21, nan 
-166.875, 75.625, 1.832373490194969e-21, nan 
-166.625, 75.625, 2.611562961286037e-21, nan 
-166.375, 75.625, 2.447678093003451e-21, nan 
-166.125, 75.625, 2.031082246291511e-21, nan 
-165.875, 75.625, 1.4598518921290497e-21, nan 
-165.625, 75.625, 1.4314315356779895e-21, nan 
-165.375, 75.625, 1.5769352495221057e-21, nan 
-165.125, 75.625, 1.2990199709408134e-21, nan 
-164.875, 75.625, 1.1058345588674885e-21, nan 
-164.625, 75.625, 1.1114265576193486e-21, nan 
-164.375, 75.625, 1.5748659372460866e-21, nan 
-164.125, 75.625, 1.7366244360044075e-21, nan 
-163.875, 75.625, 1.2792140223112645e-21, nan 
-163.625, 75.625, 1.054833385840456e-21, nan 
-163.375, 75.625, 7.015753985278206e-22, nan 
-163.125, 75.625, 4.129015187204594e-22, nan 
-162.875, 75.625, 5.993974807602978e-22, nan 
-162.625, 75.625, 8.260384979367317e-22, nan 
-162.375, 75.625, 5.901321180326397e-22, nan 
-162.125, 75.625, 3.8594561076074597e-22, nan 
-161.875, 75.625, 4.231072659489515e-22, nan 
-161.625, 75.625, 3.7724481415851377e-22, nan 
-161.375, 75.625, 5.618269258253035e-22, nan 
-161.125, 75.625, 5.582597158449831e-22, nan 
-160.875, 75.625, 3.7436160891447775e-22, nan 
-160.625, 75.625, 3.0584808517954404e-22, nan 
-160.375, 75.625, 3.361389946135819e-22, nan 
-160.125, 75.625, 4.026271634953744e-22, nan 
-159.875, 75.625, 4.967549458306263e-22, nan 
-159.625, 75.625, 4.1726849359759706e-22, nan 
-159.375, 75.625, 3.1233108467521673e-22, nan 
-159.125, 75.625, 3.1846943878837715e-22, nan 
-158.875, 75.625, 3.9113788149787335e-22, nan 
-158.625, 75.625, 4.894414670793486e-22, nan 
-158.375, 75.625, 3.022139169177499e-22, nan 
-158.125, 75.625, 4.262646623986102e-22, nan 
-157.875, 75.625, 6.712640959327361e-22, nan 
-157.625, 75.625, 1.048604094217991e-21, nan 
-157.375, 75.625, 1.1968463607416289e-21, nan 
-157.125, 75.625, 1.2586689234366686e-21, nan 
-156.875, 75.625, 8.279112341045268e-22, nan 
-156.625, 75.625, 6.32788249911225e-22, nan 
-156.375, 75.625, 1.1098267216236648e-21, nan 
-156.125, 75.625, 1.1833128873711257e-21, nan 
-155.875, 75.625, 1.1173784745681021e-21, nan 
-155.625, 75.625, 7.713917793151392e-22, nan 
-155.375, 75.625, 6.383580424859585e-22, nan 
-155.125, 75.625, 6.79070890450203e-22, nan 
-154.875, 75.625, 7.682985217025311e-22, nan 
-154.625, 75.625, 7.485039251487854e-22, nan 
-154.375, 75.625, 7.193557599419625e-22, nan 
-154.125, 75.625, 7.154399715899778e-22, nan 
-153.875, 75.625, 5.367807511789874e-22, nan 
-153.625, 75.625, 5.614477639476036e-22, nan 
-153.375, 75.625, 4.316878191116992e-22, nan 
-153.125, 75.625, 5.33823456631088e-22, nan 
-152.875, 75.625, 4.61241253233027e-22, nan 
-152.625, 75.625, 4.0635238749005005e-22, nan 
-152.375, 75.625, 4.354720099973057e-22, nan 
-152.125, 75.625, 4.351750625280447e-22, nan 
-151.875, 75.625, 2.8884407711858793e-22, nan 
-151.625, 75.625, 2.384011425934506e-22, nan 
-151.375, 75.625, 2.121049498637482e-22, nan 
-151.125, 75.625, 2.467874677851061e-22, nan 
-150.875, 75.625, 1.818831474372198e-22, nan 
-150.625, 75.625, 1.6050696286421882e-22, nan 
-150.375, 75.625, 8.896076771136072e-23, nan 
-150.125, 75.625, 1.4922131335881588e-22, nan 
-149.875, 75.625, 1.3744496340477625e-22, nan 
-149.625, 75.625, 1.8377318316051447e-22, nan 
-149.375, 75.625, 1.8833075739540267e-22, nan 
-149.125, 75.625, 1.5535401497664558e-22, nan 
-148.875, 75.625, 2.6225649559236927e-22, nan 
-148.625, 75.625, 1.967708476453457e-22, nan 
-148.375, 75.625, 3.531146170206468e-22, nan 
-148.125, 75.625, 3.6344391073485134e-22, nan 
-147.875, 75.625, 2.0830891476975788e-22, nan 
-147.625, 75.625, 2.0458234979666501e-22, nan 
-147.375, 75.625, 3.8720606678736776e-22, nan 
-147.125, 75.625, 5.155299153774402e-22, nan 
-146.875, 75.625, 5.930297746753514e-22, nan 
-146.625, 75.625, 5.072145463695921e-22, nan 
-146.375, 75.625, 3.5411102041099e-22, nan 
-146.125, 75.625, 5.801589689468221e-22, nan 
-145.875, 75.625, 6.962499127709996e-22, nan 
-145.625, 75.625, 4.797961992921851e-22, nan 
-145.375, 75.625, 2.984700857725265e-22, nan 
-145.125, 75.625, 5.904805795953979e-22, nan 
-144.875, 75.625, 8.001778260511903e-22, nan 
-144.625, 75.625, 6.320956838442534e-22, nan 
-144.375, 75.625, 4.651877122363016e-22, nan 
-144.125, 75.625, 3.2289548248459134e-22, nan 
-143.875, 75.625, 3.5399872847793224e-22, nan 
-143.625, 75.625, 4.68660096980412e-22, nan 
-143.375, 75.625, 4.617131937907516e-22, nan 
-143.125, 75.625, 3.6929176984604033e-22, nan 
-142.875, 75.625, 2.6561171110677407e-22, nan 
-142.625, 75.625, 2.6199596660976426e-22, nan 
-142.375, 75.625, 3.048878478450342e-22, nan 
-142.125, 75.625, 4.770789564230382e-22, nan 
-141.875, 75.625, 2.714912474384678e-22, nan 
-141.625, 75.625, 1.8608846320379186e-22, nan 
-141.375, 75.625, 2.0089718896860649e-22, nan 
-141.125, 75.625, 2.440253520693773e-22, nan 
-140.875, 75.625, 2.7552515972841466e-22, nan 
-140.625, 75.625, 1.8793470254971818e-22, nan 
-140.375, 75.625, 1.0046515329803235e-22, nan 
-140.125, 75.625, 4.298298948325195e-23, nan 
-139.875, 75.625, 9.584839715800161e-23, nan 
-139.625, 75.625, 4.49397760020522e-23, nan 
-139.375, 75.625, 1.4162159902699827e-22, nan 
-139.125, 75.625, 1.3087757590795314e-22, nan 
-138.875, 75.625, 1.046749856924375e-22, nan 
-138.625, 75.625, 1.2362178231575165e-22, nan 
-138.375, 75.625, 1.007989859704305e-22, nan 
-138.125, 75.625, 5.67258404596855e-23, nan 
-137.875, 75.625, 8.686720657395803e-23, nan 
-137.625, 75.625, 8.103366744851217e-23, nan 
-137.375, 75.625, 1.081446465615789e-22, nan 
-137.125, 75.625, 1.5812315741647878e-22, nan 
-136.875, 75.625, 3.704251570300336e-23, nan 
-136.625, 75.625, 8.917019894095051e-23, nan 
-136.375, 75.625, 5.780235130489283e-23, nan 
-136.125, 75.625, 7.898086083118882e-23, nan 
-135.875, 75.625, 6.587330520004126e-23, nan 
-135.625, 75.625, 5.858145172785776e-23, nan 
-135.375, 75.625, 5.806416597945618e-23, nan 
-135.125, 75.625, 6.825336047020844e-23, nan 
-134.875, 75.625, 6.687049286599795e-23, nan 
-134.625, 75.625, 5.2890844089755434e-23, nan 
-134.375, 75.625, 6.652914534001366e-23, nan 
-134.125, 75.625, 5.946695545437709e-23, nan 
-133.875, 75.625, 1.8987512610420263e-23, nan 
-133.625, 75.625, 1.0716722813916302e-22, nan 
-133.375, 75.625, 8.222768832604443e-23, nan 
-133.125, 75.625, 7.766437848976438e-23, nan 
-132.875, 75.625, 1.0216708447775926e-22, nan 
-132.625, 75.625, 1.4844345913279901e-22, nan 
-132.375, 75.625, 1.6130203744255176e-22, nan 
-132.125, 75.625, 2.1204550339611273e-22, nan 
-131.875, 75.625, 1.26359237659671e-22, nan 
-131.625, 75.625, 1.4498768849875696e-22, nan 
-131.375, 75.625, 1.3858489616639907e-22, nan 
-131.125, 75.625, 1.6667372570958532e-22, nan 
-130.875, 75.625, 2.1127645242419622e-22, nan 
-130.625, 75.625, 2.3001614722421485e-22, nan 
-130.375, 75.625, 2.6383219104996275e-22, nan 
-130.125, 75.625, 2.6453928109817824e-22, nan 
-129.875, 75.625, 1.3397852145982482e-22, nan 
-129.625, 75.625, 1.4864986135378873e-22, nan 
-129.375, 75.625, 1.401492139885612e-22, nan 
-129.125, 75.625, 1.3908275206256374e-22, nan 
-128.875, 75.625, 1.0840762597692435e-22, nan 
-128.625, 75.625, 1.4802082016739777e-22, nan 
-128.375, 75.625, 1.789245424526652e-22, nan 
-128.125, 75.625, 1.8590896040848645e-22, nan 
-127.875, 75.625, 1.837315213453572e-22, nan 
-127.625, 75.625, 7.51068139820293e-23, nan 
-127.375, 75.625, 8.741539458008311e-23, nan 
-127.125, 75.625, 8.894510973000807e-23, nan 
-126.875, 75.625, 6.080726170958008e-23, nan 
-126.625, 75.625, 7.247169590254431e-23, nan 
-126.375, 75.625, 8.695694114717433e-23, nan 
-126.125, 75.625, 8.437517184466468e-23, nan 
-125.875, 75.625, 5.889007576831471e-23, nan 
-125.625, 75.625, 3.8566965149552976e-23, nan 
-125.375, 75.625, 2.711827253717984e-23, nan 
-125.125, 75.625, 4.4277477593725024e-23, nan 
-124.875, 75.625, 6.746934305704209e-23, nan 
-124.625, 75.625, 3.681135713028984e-23, nan 
-124.375, 75.625, 3.473284958417882e-23, nan 
-124.125, 75.625, 5.411418668518721e-23, nan 
-123.875, 75.625, 5.06852285356448e-23, nan 
-123.625, 75.625, 7.648419103939366e-23, nan 
-123.375, 75.625, 5.19576422502184e-23, nan 
-123.125, 75.625, 5.641067520678747e-23, nan 
-122.875, 75.625, 5.824641746711209e-23, nan 
-122.625, 75.625, 5.865896392837796e-23, nan 
-122.375, 75.625, 6.15806627576111e-23, nan 
-122.125, 75.625, 8.879796134949892e-23, nan 
-121.875, 75.625, 1.4823844329032141e-22, nan 
-121.625, 75.625, 1.993277852205119e-22, nan 
-121.375, 75.625, 1.3560457131085721e-22, nan 
-121.125, 75.625, 1.2533689080762107e-22, nan 
-120.875, 75.625, 1.2769716924679793e-22, nan 
-120.625, 75.625, 1.0678328675189363e-22, nan 
-120.375, 75.625, 8.67849947475183e-23, nan 
-120.125, 75.625, 6.316230320505033e-23, nan 
-119.875, 75.625, 5.260747781324064e-23, nan 
-119.625, 75.625, 4.872777548518686e-23, nan 
-119.375, 75.625, 3.074973109596279e-23, nan 
-119.125, 75.625, 8.582970207485425e-23, nan 
-118.875, 75.625, 5.648912681885295e-23, nan 
-118.625, 75.625, 2.4377277886469733e-23, nan 
-118.375, 75.625, 2.0757430172362453e-23, nan 
-118.125, 75.625, 1.67514355312861e-23, nan 
-117.875, 75.625, 5.054743054245236e-23, nan 
-117.625, 75.625, 2.9474865242059064e-23, nan 
-117.375, 75.625, 4.717471336767146e-23, nan 
-117.125, 75.625, 1.2633034098243907e-23, nan 
-116.875, 75.625, 1.9251166107986462e-23, nan 
-116.625, 75.625, 3.8983069804395234e-23, nan 
-116.375, 75.625, 3.7652938313412576e-23, nan 
-116.125, 75.625, 3.1132610951956614e-23, nan 
-115.875, 75.625, 2.2934109461774115e-23, nan 
-115.625, 75.625, 3.1616858341227206e-23, nan 
-115.375, 75.625, 3.943154952042168e-23, nan 
-115.125, 75.625, 5.204070381818732e-23, nan 
-114.875, 75.625, 4.443147122079919e-23, nan 
-114.625, 75.625, 5.064337314059623e-23, nan 
-114.375, 75.625, 8.847682265489644e-23, nan 
-114.125, 75.625, 6.52500566393982e-23, nan 
-113.875, 75.625, 1.1247970553884472e-22, nan 
-113.625, 75.625, 7.549160622267584e-23, nan 
-113.375, 75.625, 2.814212368798643e-23, nan 
-113.125, 75.625, 1.6392846449418523e-23, nan 
-112.875, 75.625, 2.280263976383312e-23, nan 
-112.625, 75.625, 3.35268086217841e-23, nan 
-112.375, 75.625, 4.6692127588869574e-23, nan 
-112.125, 75.625, 2.7504504080962803e-23, nan 
-111.875, 75.625, 3.6993337707438746e-23, nan 
-111.625, 75.625, 4.559118215258952e-23, nan 
-111.375, 75.625, 4.1901354233617076e-23, nan 
-111.125, 75.625, 1.9230165469062934e-23, nan 
-110.875, 75.625, 1.9309456806391903e-23, nan 
-110.625, 75.625, 9.283744392469064e-24, nan 
-110.375, 75.625, 2.485478291765478e-23, nan 
-110.125, 75.625, 2.3294937177056752e-23, nan 
-109.875, 75.625, 1.6776367946317375e-23, nan 
-109.625, 75.625, 1.8574833237231002e-23, nan 
-109.375, 75.625, 1.4701780631250944e-23, nan 
-109.125, 75.625, 2.4195991984812846e-23, nan 
-108.875, 75.625, 2.6565210868754855e-23, nan 
-108.625, 75.625, 1.8080974162819426e-23, nan 
-108.375, 75.625, 2.3954068510784364e-23, nan 
-108.125, 75.625, 2.6828543025761384e-23, nan 
-107.875, 75.625, 3.391614310276338e-23, nan 
-107.625, 75.625, 4.097735320435736e-23, nan 
-107.375, 75.625, 3.3630769579562894e-23, nan 
-107.125, 75.625, 3.7184307425856393e-23, nan 
-106.875, 75.625, 3.799739517552867e-23, nan 
-106.625, 75.625, 3.4052830006194794e-23, nan 
-106.375, 75.625, 4.2787754269601056e-23, nan 
-106.125, 75.625, 3.147103128149404e-23, nan 
-105.875, 75.625, 3.125054040368345e-23, nan 
77.875, 75.625, 1.0597407932598405e-23, nan 
78.125, 75.625, 1.0309563921613947e-23, nan 
78.375, 75.625, 2.0515108142321997e-23, nan 
78.625, 75.625, 1.9038481580302742e-23, nan 
78.875, 75.625, 1.978576290197427e-23, nan 
79.125, 75.625, 1.9040537292104825e-23, nan 
79.375, 75.625, 1.8852343006913444e-23, nan 
79.625, 75.625, 1.9018649178334253e-23, nan 
79.875, 75.625, 1.3857834769577055e-23, nan 
80.125, 75.625, 1.4323641996009697e-23, nan 
80.375, 75.625, 1.323544865117396e-23, nan 
80.625, 75.625, 8.328984003297002e-24, nan 
80.875, 75.625, 9.059361594794271e-24, nan 
81.125, 75.625, 8.132472402877184e-24, nan 
81.375, 75.625, 1.050088787493168e-23, nan 
81.625, 75.625, 9.579341243351635e-24, nan 
81.875, 75.625, 1.4783655828722955e-23, nan 
82.125, 75.625, 2.6361350452421103e-23, nan 
82.375, 75.625, 2.909509477844342e-23, nan 
82.625, 75.625, 2.1692031451476095e-23, nan 
82.875, 75.625, 2.9088759018283883e-23, nan 
83.125, 75.625, 2.3660910675372224e-23, nan 
83.375, 75.625, 2.1706784118914145e-23, nan 
83.625, 75.625, 1.3800689189544945e-23, nan 
83.875, 75.625, 1.1682888696803826e-23, nan 
84.125, 75.625, 1.24220514841344e-23, nan 
84.375, 75.625, 1.5319945449410188e-23, nan 
84.625, 75.625, 1.3687116750984983e-23, nan 
84.875, 75.625, 8.129410449784267e-24, nan 
85.125, 75.625, 4.2157480391302615e-24, nan 
85.375, 75.625, 8.147731999253926e-24, nan 
85.625, 75.625, 7.014117901474413e-24, nan 
85.875, 75.625, 4.7104560736938454e-24, nan 
86.125, 75.625, 6.063469194606756e-24, nan 
86.375, 75.625, 8.233497350904e-24, nan 
86.625, 75.625, 9.946144733453578e-24, nan 
86.875, 75.625, 6.391415553341783e-24, nan 
87.125, 75.625, 7.000898749255009e-24, nan 
87.375, 75.625, 6.846536834645024e-24, nan 
87.625, 75.625, 9.90643893960761e-24, nan 
87.875, 75.625, 1.13713825448211e-23, nan 
88.125, 75.625, 1.546472816656972e-23, nan 
88.375, 75.625, 1.6670188869954084e-23, nan 
88.625, 75.625, 2.0290643354421208e-23, nan 
88.875, 75.625, 1.8210686890654504e-23, nan 
89.125, 75.625, 2.710363731825073e-23, nan 
89.375, 75.625, 2.315841230971988e-23, nan 
89.625, 75.625, 2.1451546572748835e-23, nan 
89.875, 75.625, 2.0921650814379347e-23, nan 
90.125, 75.625, 1.829857214876204e-23, nan 
90.375, 75.625, 1.3624679066900578e-23, nan 
90.625, 75.625, 1.5290709151585116e-23, nan 
90.875, 75.625, 2.1099310416763834e-23, nan 
91.125, 75.625, 4.347394209033165e-24, nan 
91.375, 75.625, 8.229102168533475e-24, nan 
91.625, 75.625, 8.907574377150794e-24, nan 
91.875, 75.625, 1.0758522019866215e-23, nan 
92.125, 75.625, 5.627108538778367e-24, nan 
92.375, 75.625, 1.057283051693754e-23, nan 
92.625, 75.625, 8.911410503229932e-24, nan 
92.875, 75.625, 1.21654402765384e-23, nan 
93.125, 75.625, 2.1352593896810786e-23, nan 
93.375, 75.625, 2.967746866264551e-23, nan 
93.625, 75.625, 3.209378064253504e-23, nan 
93.875, 75.625, 2.2929374548593697e-23, nan 
94.125, 75.625, 2.477526972188173e-23, nan 
94.375, 75.625, 2.926204878349803e-23, nan 
94.625, 75.625, 3.019371796393643e-23, nan 
94.875, 75.625, 2.6056041129502263e-23, nan 
95.125, 75.625, 4.1963319141901233e-23, nan 
95.375, 75.625, 4.8867976509604846e-23, nan 
95.625, 75.625, 3.358271971482159e-23, nan 
95.875, 75.625, 3.834086774962682e-23, nan 
96.125, 75.625, 3.6011247023092515e-23, nan 
96.375, 75.625, 3.4086940311223925e-23, nan 
96.625, 75.625, 3.547295804249879e-23, nan 
96.875, 75.625, 2.1053635813742558e-23, nan 
97.125, 75.625, 2.3047309485051098e-23, nan 
97.375, 75.625, 2.3850311364911116e-23, nan 
97.625, 75.625, 2.826054552602659e-23, nan 
97.875, 75.625, 2.9678220767087816e-23, nan 
98.125, 75.625, 2.751851865030501e-23, nan 
98.375, 75.625, 2.0747697001796034e-23, nan 
98.625, 75.625, 2.2394999832402148e-23, nan 
98.875, 75.625, 3.44749532444776e-23, nan 
99.125, 75.625, 3.44935677186502e-23, nan 
99.375, 75.625, 3.3541289521402036e-23, nan 
99.625, 75.625, 5.578054322804617e-23, nan 
99.875, 75.625, 5.1469926374243974e-23, nan 
100.125, 75.625, 4.1199996890930916e-23, nan 
100.375, 75.625, 1.7783744654831404e-23, nan 
100.625, 75.625, 2.602680952169532e-23, nan 
100.875, 75.625, 3.993886790349585e-23, nan 
101.125, 75.625, 4.8793100920285903e-23, nan 
101.375, 75.625, 3.851687950144137e-23, nan 
101.625, 75.625, 4.6133063816068427e-23, nan 
101.875, 75.625, 4.014470486915024e-23, nan 
102.125, 75.625, 2.6261391926871894e-23, nan 
102.375, 75.625, 3.670777931840907e-23, nan 
102.625, 75.625, 2.682348789990421e-23, nan 
102.875, 75.625, 3.346299323576031e-23, nan 
103.125, 75.625, 2.658530909671069e-23, nan 
103.375, 75.625, 1.1639830517844427e-23, nan 
103.625, 75.625, 1.5291886764811646e-23, nan 
103.875, 75.625, 1.539076020504668e-23, nan 
104.125, 75.625, 1.9030949542241012e-23, nan 
104.375, 75.625, 2.4764426838948868e-23, nan 
104.625, 75.625, 1.9005065603394665e-23, nan 
104.875, 75.625, 2.966612491417097e-23, nan 
105.125, 75.625, 2.896295074826521e-23, nan 
105.375, 75.625, 2.2346175608773572e-23, nan 
105.625, 75.625, 3.2201685754573744e-23, nan 
105.875, 75.625, 2.6361832627009974e-23, nan 
106.125, 75.625, 2.49300289562156e-23, nan 
106.375, 75.625, 2.5762703520598062e-23, nan 
106.625, 75.625, 2.4750374570249953e-23, nan 
106.875, 75.625, 2.842865836326663e-23, nan 
107.125, 75.625, 2.8292871385526115e-23, nan 
107.375, 75.625, 2.7745479797527905e-23, nan 
107.625, 75.625, 2.5857023360381415e-23, nan 
107.875, 75.625, 3.1572022341949416e-23, nan 
108.125, 75.625, 3.1830387171616645e-23, nan 
108.375, 75.625, 1.596647412704773e-23, nan 
108.625, 75.625, 1.8372802218078914e-23, nan 
108.875, 75.625, 2.723209177120094e-23, nan 
109.125, 75.625, 2.575973206248554e-23, nan 
109.375, 75.625, 3.015870239039431e-23, nan 
109.625, 75.625, 1.722334907459286e-23, nan 
109.875, 75.625, 1.580178964435132e-23, nan 
110.125, 75.625, 3.869838504147817e-23, nan 
110.375, 75.625, 4.903033958569998e-23, nan 
110.625, 75.625, 3.2440693878835764e-23, nan 
110.875, 75.625, 1.4800146907452108e-23, nan 
111.125, 75.625, 1.4255073532584135e-23, nan 
111.375, 75.625, 1.3939275369944957e-23, nan 
111.625, 75.625, 2.4778025395377944e-23, nan 
111.875, 75.625, 2.1698056577436902e-23, nan 
112.125, 75.625, 1.43967253224568e-23, nan 
112.375, 75.625, 1.9425095100851223e-23, nan 
112.625, 75.625, 1.8475544461580902e-23, nan 
112.875, 75.625, 9.24742502382851e-24, nan 
113.125, 75.625, 1.2615136333510313e-23, nan 
113.375, 75.625, 1.2950343958512798e-23, nan 
113.625, 75.625, 1.3043447402651901e-23, nan 
113.875, 75.625, 2.843880318645075e-23, nan 
114.125, 75.625, 2.5050931243186565e-23, nan 
114.375, 75.625, 3.7711760540438493e-23, nan 
114.625, 75.625, 3.5412300662955524e-23, nan 
114.875, 75.625, 3.562759450510121e-23, nan 
115.125, 75.625, 4.639823076137599e-23, nan 
115.375, 75.625, 3.8516482058824577e-23, nan 
115.625, 75.625, 5.0282674705709783e-23, nan 
115.875, 75.625, 4.006488791281553e-23, nan 
116.125, 75.625, 2.3423288810878776e-23, nan 
116.375, 75.625, 9.666920522031615e-24, nan 
116.625, 75.625, 3.893017866483581e-23, nan 
116.875, 75.625, 5.261897806481003e-23, nan 
117.125, 75.625, 4.3067268616061656e-23, nan 
117.375, 75.625, 7.312844205077836e-23, nan 
117.625, 75.625, 7.544623833837498e-23, nan 
117.875, 75.625, 1.311776888951386e-22, nan 
118.125, 75.625, 7.917095140515751e-23, nan 
118.375, 75.625, 1.072801217657696e-22, nan 
118.625, 75.625, 1.2156304325402067e-22, nan 
118.875, 75.625, 1.3005946186482392e-22, nan 
119.125, 75.625, 1.3480868232390133e-22, nan 
119.375, 75.625, 1.073573077933115e-22, nan 
119.625, 75.625, 1.4624038272685824e-22, nan 
119.875, 75.625, 1.2141498287634657e-22, nan 
120.125, 75.625, 1.7420745925660473e-22, nan 
120.375, 75.625, 7.155341342027124e-23, nan 
120.625, 75.625, 8.582022691768839e-23, nan 
120.875, 75.625, 9.819920881085683e-23, nan 
121.125, 75.625, 8.390740331537659e-23, nan 
121.375, 75.625, 8.50946505473953e-23, nan 
121.625, 75.625, 9.100284784707841e-23, nan 
121.875, 75.625, 4.570441190811244e-23, nan 
122.125, 75.625, 4.318887169795312e-23, nan 
122.375, 75.625, 4.166767166348097e-23, nan 
122.625, 75.625, 4.4448261151970116e-23, nan 
122.875, 75.625, 3.6526224663122387e-23, nan 
123.125, 75.625, 4.863213100483734e-23, nan 
123.375, 75.625, 5.904700951195462e-23, nan 
123.625, 75.625, 4.615355012976828e-23, nan 
123.875, 75.625, 6.813987977957116e-23, nan 
124.125, 75.625, 7.446240169663388e-23, nan 
124.375, 75.625, 7.605134618402574e-23, nan 
124.625, 75.625, 7.323277646097352e-23, nan 
124.875, 75.625, 9.332364772528689e-23, nan 
125.125, 75.625, 6.386547153353823e-23, nan 
125.375, 75.625, 3.9245970038401416e-23, nan 
125.625, 75.625, 3.924425449140338e-23, nan 
125.875, 75.625, 7.037417405303236e-23, nan 
126.125, 75.625, 7.390648608696405e-23, nan 
126.375, 75.625, 5.991766698168171e-23, nan 
126.625, 75.625, 5.0391809018974227e-23, nan 
126.875, 75.625, 1.0826928791765063e-22, nan 
127.125, 75.625, 1.2183710714805744e-22, nan 
127.375, 75.625, 5.841785851010488e-23, nan 
127.625, 75.625, 4.906767885319344e-23, nan 
127.875, 75.625, 4.648258871010524e-23, nan 
128.125, 75.625, 1.4544239765906294e-22, nan 
128.375, 75.625, 2.32163425825931e-22, nan 
128.625, 75.625, 2.1170095278334328e-22, nan 
128.875, 75.625, 1.1735220122304173e-22, nan 
129.125, 75.625, 3.619885725375367e-23, nan 
129.375, 75.625, 3.0489120992166123e-22, nan 
129.625, 75.625, 4.87194667711893e-22, nan 
129.875, 75.625, 5.658428138603074e-22, nan 
130.125, 75.625, 3.5486115221361976e-22, nan 
130.375, 75.625, 1.8512137973172885e-22, nan 
130.625, 75.625, 2.8456671585140686e-22, nan 
130.875, 75.625, 3.6159282662888195e-22, nan 
131.125, 75.625, 3.9580689030112316e-22, nan 
131.375, 75.625, 3.1377509012715785e-22, nan 
131.625, 75.625, 2.910654311081111e-22, nan 
131.875, 75.625, 3.1667838749035506e-22, nan 
132.125, 75.625, 2.788605857974428e-22, nan 
132.375, 75.625, 2.2536763928780324e-22, nan 
132.625, 75.625, 2.5408862376410715e-22, nan 
132.875, 75.625, 2.0824077550043692e-22, nan 
133.125, 75.625, 1.5806021128195299e-22, nan 
133.375, 75.625, 1.715860871896468e-22, nan 
133.625, 75.625, 1.467383093246563e-22, nan 
133.875, 75.625, 1.4651126041515379e-22, nan 
134.125, 75.625, 2.3610277379173954e-22, nan 
134.375, 75.625, 1.9710158054810962e-22, nan 
134.625, 75.625, 1.1879317453847264e-22, nan 
134.875, 75.625, 1.9381099805303337e-22, nan 
135.125, 75.625, 1.8297371590423286e-22, nan 
135.375, 75.625, 2.3107775978229554e-22, nan 
135.625, 75.625, 2.372823564564122e-22, nan 
135.875, 75.625, 2.48960544186331e-22, nan 
136.125, 75.625, 2.8314752570572464e-22, nan 
136.375, 75.625, 1.4261721146335148e-22, nan 
136.625, 75.625, 1.281276635001699e-22, nan 
136.875, 75.625, 2.1405509409101343e-22, nan 
137.125, 75.625, 1.96476522014311e-22, nan 
137.375, 75.625, 1.3957617079987239e-22, nan 
137.625, 75.625, 1.5403325805392542e-22, nan 
137.875, 75.625, 1.8706982298298555e-22, nan 
138.125, 75.625, 2.0742756194610384e-22, nan 
138.375, 75.625, 1.9962069353278497e-22, nan 
138.625, 75.625, 1.649845442113083e-22, nan 
138.875, 75.625, 2.46086908389531e-22, nan 
139.125, 75.625, 2.461987591014676e-22, nan 
139.375, 75.625, 5.17879791329607e-23, nan 
139.625, 75.625, 2.396807749236227e-22, nan 
139.875, 75.625, 3.020313982990587e-22, nan 
140.125, 75.625, 4.43853735043881e-22, nan 
140.375, 75.625, 4.483412857626289e-22, nan 
140.625, 75.625, 6.91381050075666e-22, nan 
140.875, 75.625, 8.577454911735998e-22, nan 
141.125, 75.625, 4.6703924162415605e-22, nan 
141.375, 75.625, 3.121700982415901e-22, nan 
141.625, 75.625, 4.140819376211304e-22, nan 
141.875, 75.625, 6.878749853319495e-22, nan 
142.125, 75.625, 8.10928082779734e-22, nan 
142.375, 75.625, 4.0482839602947956e-22, nan 
142.625, 75.625, 1.7747424590638377e-22, nan 
142.875, 75.625, 1.2714530738608344e-22, nan 
143.125, 75.625, 1.9395578041759326e-22, nan 
143.375, 75.625, 1.6787387038848705e-22, nan 
143.625, 75.625, 1.3935050214601074e-22, nan 
143.875, 75.625, 1.817875439905363e-22, nan 
144.125, 75.625, 1.616677139055588e-22, nan 
144.375, 75.625, 2.2202255745434263e-22, nan 
144.625, 75.625, 4.244452661280554e-22, nan 
144.875, 75.625, 5.958577866433547e-22, nan 
145.125, 75.625, 8.42417991853465e-22, nan 
145.375, 75.625, 9.467456282686625e-22, nan 
145.625, 75.625, 7.348902829409135e-22, nan 
145.875, 75.625, 6.263334439709938e-22, nan 
146.125, 75.625, 7.783895974344686e-22, nan 
146.375, 75.625, 1.0622834301616094e-21, nan 
146.625, 75.625, 1.1746217175826896e-21, nan 
146.875, 75.625, 9.665356141958584e-22, nan 
147.125, 75.625, 7.265067153352073e-22, nan 
147.375, 75.625, 8.193679674569638e-22, nan 
147.625, 75.625, 8.780614400589264e-22, nan 
147.875, 75.625, 6.571751839489736e-22, nan 
148.125, 75.625, 1.031390225974758e-21, nan 
148.375, 75.625, 8.055145053773771e-22, nan 
148.625, 75.625, 5.772458287729687e-22, nan 
148.875, 75.625, 7.132214608072914e-22, nan 
149.125, 75.625, 1.3777165193862342e-21, nan 
149.375, 75.625, 1.0763082366305318e-21, nan 
149.625, 75.625, 6.2659820473138545e-22, nan 
149.875, 75.625, 2.89617281352811e-22, nan 
150.125, 75.625, 3.062501718257547e-22, nan 
150.375, 75.625, 5.14563558320989e-22, nan 
150.625, 75.625, 2.1038408240678773e-22, nan 
150.875, 75.625, 3.8708373831715953e-22, nan 
151.125, 75.625, 6.352718593754792e-22, nan 
151.375, 75.625, 8.801903838852024e-22, nan 
151.625, 75.625, 8.72704655655211e-22, nan 
151.875, 75.625, 1.2116306179610714e-21, nan 
152.125, 75.625, 1.011985299780503e-21, nan 
152.375, 75.625, 7.129407799547525e-22, nan 
152.625, 75.625, 1.2868542341125032e-21, nan 
152.875, 75.625, 9.452411632030474e-22, nan 
153.125, 75.625, 1.3163132647077465e-21, nan 
153.375, 75.625, 1.7647767035787264e-21, nan 
153.625, 75.625, 1.691899259759445e-21, nan 
153.875, 75.625, 8.849711441431226e-22, nan 
154.125, 75.625, 1.7909618925353296e-21, nan 
154.375, 75.625, 1.9003233090677857e-21, nan 
154.625, 75.625, 2.224633095702274e-21, nan 
154.875, 75.625, 1.797220589066699e-21, nan 
155.125, 75.625, 2.4981055545821906e-21, nan 
155.375, 75.625, 4.505008560834448e-21, nan 
155.625, 75.625, 5.176815776826383e-21, nan 
155.875, 75.625, 9.565918920758248e-21, nan 
156.125, 75.625, 8.22639100842509e-21, nan 
156.375, 75.625, 6.0562944975491675e-21, nan 
156.625, 75.625, 5.697189304470943e-21, nan 
156.875, 75.625, 3.848912129471339e-21, nan 
157.125, 75.625, 8.97578803648541e-21, nan 
157.375, 75.625, 5.675184274531702e-21, nan 
157.625, 75.625, 1.261820593320915e-20, nan 
157.875, 75.625, 7.509691683565726e-21, nan 
158.125, 75.625, 6.064249190639297e-21, nan 
158.375, 75.625, 1.8424898157482788e-20, nan 
158.625, 75.625, 1.4883305145502315e-20, nan 
158.875, 75.625, 4.162962624746859e-20, nan 
159.125, 75.625, 4.5006730648885215e-20, nan 
159.375, 75.625, 3.556946029372519e-20, nan 
159.625, 75.625, 2.735459751695985e-20, nan 
159.875, 75.625, 3.2528324170402645e-20, nan 
160.125, 75.625, 6.954096115857563e-20, nan 
160.375, 75.625, 5.997196893282205e-20, nan 
160.625, 75.625, 7.408717872123798e-20, nan 
160.875, 75.625, 8.524296908511337e-20, nan 
161.125, 75.625, 8.710923164074908e-20, nan 
161.375, 75.625, 8.673189104539232e-20, nan 
161.625, 75.625, 8.381013170206685e-20, nan 
161.875, 75.625, 6.721311702607018e-20, nan 
162.125, 75.625, 8.09124987047502e-20, nan 
162.375, 75.625, 8.933865499866983e-20, nan 
162.625, 75.625, 1.4164845555453235e-19, nan 
162.875, 75.625, 1.4690534453490929e-19, nan 
163.125, 75.625, 9.290038442918994e-20, nan 
163.375, 75.625, 7.55975551998917e-20, nan 
163.625, 75.625, 1.3585605670123757e-19, nan 
163.875, 75.625, 2.338746052224662e-19, nan 
164.125, 75.625, 2.279746686763973e-19, nan 
164.375, 75.625, 4.1890171010826743e-19, nan 
164.625, 75.625, 5.57858694111183e-19, nan 
164.875, 75.625, 8.155234505671055e-19, nan 
165.125, 75.625, 9.734642790762181e-19, nan 
165.375, 75.625, 9.594096707746925e-19, nan 
165.625, 75.625, 1.2110513094830887e-18, nan 
165.875, 75.625, 1.6925948931850216e-18, nan 
166.125, 75.625, 2.0664638304405218e-18, nan 
166.375, 75.625, 2.3492302249479e-18, nan 
166.625, 75.625, 2.4477922819507265e-18, nan 
166.875, 75.625, 2.617830985830473e-18, nan 
167.125, 75.625, 2.808567729430518e-18, nan 
167.375, 75.625, 2.4909001896598185e-18, nan 
167.625, 75.625, 1.9609313961354414e-18, nan 
167.875, 75.625, 1.333752305707598e-18, nan 
168.125, 75.625, 7.187222479780645e-19, nan 
168.375, 75.625, 2.700961979785128e-19, nan 
168.625, 75.625, 4.49367933468438e-19, nan 
168.875, 75.625, 2.927152200960739e-19, nan 
169.125, 75.625, 1.5735495157679098e-19, nan 
169.375, 75.625, 1.2760868301095695e-19, nan 
169.625, 75.625, 1.0485699550903237e-19, nan 
169.875, 75.625, 1.4768282951584184e-19, nan 
170.125, 75.625, 8.748640396673627e-20, nan 
170.375, 75.625, 6.143942867358228e-20, nan 
170.625, 75.625, 7.002972135490624e-20, nan 
170.875, 75.625, 7.18420926714648e-20, nan 
171.125, 75.625, 7.188444217816912e-20, nan 
171.375, 75.625, 6.376947154479351e-20, nan 
171.625, 75.625, 3.79785289542838e-20, nan 
171.875, 75.625, 2.2189830238342534e-20, nan 
172.125, 75.625, 1.5803692495636048e-20, nan 
172.375, 75.625, 1.576532824954453e-20, nan 
172.625, 75.625, 1.1789153919848471e-20, nan 
172.875, 75.625, 8.299029320935497e-21, nan 
173.125, 75.625, 2.76253652271739e-20, nan 
173.375, 75.625, 3.1586449437214676e-20, nan 
173.625, 75.625, 1.1294110598851642e-20, nan 
173.875, 75.625, 2.146154614069435e-20, nan 
174.125, 75.625, 3.7267631185536965e-20, nan 
174.375, 75.625, 4.545963368268499e-20, nan 
174.625, 75.625, 3.666441611532032e-20, nan 
174.875, 75.625, 1.9803492355062495e-20, nan 
175.125, 75.625, 2.0003324757899076e-20, nan 
175.375, 75.625, 2.7264758857269035e-20, nan 
175.625, 75.625, 3.019911701546564e-20, nan 
175.875, 75.625, 2.5381779587201877e-20, nan 
176.125, 75.625, 1.3649729045342566e-20, nan 
176.375, 75.625, 8.924228542322304e-21, nan 
176.625, 75.625, 6.317663736766306e-21, nan 
176.875, 75.625, 4.8812563644080844e-21, nan 
177.125, 75.625, 6.57553736249465e-21, nan 
177.375, 75.625, 5.775697331920562e-21, nan 
177.625, 75.625, 4.4973239378825625e-21, nan 
177.875, 75.625, 5.3348762682493976e-21, nan 
178.125, 75.625, 7.898081257929701e-21, nan 
178.375, 75.625, 8.37204830030405e-21, nan 
178.625, 75.625, 7.740470148562467e-21, nan 
178.875, 75.625, 1.004661587010761e-20, nan 
179.125, 75.625, 1.0528146326011506e-20, nan 
179.375, 75.625, 7.594166708844514e-21, nan 
179.625, 75.625, 4.744035297018898e-21, nan 
179.875, 75.625, 5.501061136469896e-21, nan 
-179.875, 75.875, 1.214840953654215e-20, nan 
-179.625, 75.875, 1.1186265020928523e-20, nan 
-179.375, 75.875, 8.600228364542226e-21, nan 
-179.125, 75.875, 9.02961936214512e-21, nan 
-178.875, 75.875, 1.044467317841538e-20, nan 
-178.625, 75.875, 1.1859691620830587e-20, nan 
-178.375, 75.875, 8.731989560925477e-21, nan 
-178.125, 75.875, 9.234200086719693e-21, nan 
-177.875, 75.875, 5.0028546757354986e-21, nan 
-177.625, 75.875, 3.624334372249041e-21, nan 
-177.375, 75.875, 3.2338525929352445e-21, nan 
-177.125, 75.875, 4.546915115092689e-21, nan 
-176.875, 75.875, 3.931053357824061e-21, nan 
-176.625, 75.875, 3.141311842669603e-21, nan 
-176.375, 75.875, 2.621923853462222e-21, nan 
-176.125, 75.875, 1.961253746349156e-21, nan 
-175.875, 75.875, 2.155456338201663e-21, nan 
-175.625, 75.875, 2.1817378322194435e-21, nan 
-175.375, 75.875, 1.8883799208229478e-21, nan 
-175.125, 75.875, 1.896821605299391e-21, nan 
-174.875, 75.875, 1.5900018435919848e-21, nan 
-174.625, 75.875, 1.0964235397411334e-21, nan 
-174.375, 75.875, 7.43977631580307e-22, nan 
-174.125, 75.875, 7.295225286226536e-22, nan 
-173.875, 75.875, 1.0429664539932548e-21, nan 
-173.625, 75.875, 6.629674780038328e-22, nan 
-173.375, 75.875, 7.36666298958455e-22, nan 
-173.125, 75.875, 5.717157266815862e-22, nan 
-172.875, 75.875, 2.9501039736644754e-22, nan 
-172.625, 75.875, 5.950730918607081e-22, nan 
-172.375, 75.875, 8.4780310750577e-22, nan 
-172.125, 75.875, 1.2186789121622232e-21, nan 
-171.875, 75.875, 1.1800333757924976e-21, nan 
-171.625, 75.875, 8.681222169885747e-22, nan 
-171.375, 75.875, 1.2024420772408942e-21, nan 
-171.125, 75.875, 1.6347051484079334e-21, nan 
-170.875, 75.875, 1.6013455340304757e-21, nan 
-170.625, 75.875, 1.4267468209175545e-21, nan 
-170.375, 75.875, 1.1662688104134841e-21, nan 
-170.125, 75.875, 1.3864118067189084e-21, nan 
-169.875, 75.875, 2.1517767145087125e-21, nan 
-169.625, 75.875, 2.2169924465450737e-21, nan 
-169.375, 75.875, 2.1542488972389566e-21, nan 
-169.125, 75.875, 1.5050057640858902e-21, nan 
-168.875, 75.875, 1.6061995342274968e-21, nan 
-168.625, 75.875, 1.8114780452779496e-21, nan 
-168.375, 75.875, 1.947863735507303e-21, nan 
-168.125, 75.875, 1.6167731864291015e-21, nan 
-167.875, 75.875, 2.1600965696466075e-21, nan 
-167.625, 75.875, 2.0122870048177013e-21, nan 
-167.375, 75.875, 1.3847026073559318e-21, nan 
-167.125, 75.875, 6.69766207499103e-22, nan 
-166.875, 75.875, 8.027240646006138e-22, nan 
-166.625, 75.875, 8.236901409708914e-22, nan 
-166.375, 75.875, 1.5065864245313744e-21, nan 
-166.125, 75.875, 1.1958481411817595e-21, nan 
-165.875, 75.875, 6.507017676054321e-22, nan 
-165.625, 75.875, 8.444293724581136e-22, nan 
-165.375, 75.875, 7.955778649498744e-22, nan 
-165.125, 75.875, 4.284034509365598e-22, nan 
-164.875, 75.875, 4.76202795541151e-22, nan 
-164.625, 75.875, 7.076460118946406e-22, nan 
-164.375, 75.875, 1.1878028374066924e-21, nan 
-164.125, 75.875, 1.2112940164209776e-21, nan 
-163.875, 75.875, 1.1415723635928825e-21, nan 
-163.625, 75.875, 1.1096950519581637e-21, nan 
-163.375, 75.875, 7.898661089691167e-22, nan 
-163.125, 75.875, 4.272496981275495e-22, nan 
-162.875, 75.875, 3.713474091902121e-22, nan 
-162.625, 75.875, 6.713814071756401e-22, nan 
-162.375, 75.875, 6.832716374975793e-22, nan 
-162.125, 75.875, 6.181265562302469e-22, nan 
-161.875, 75.875, 4.1868413121468163e-22, nan 
-161.625, 75.875, 2.3865707111390127e-22, nan 
-161.375, 75.875, 4.614011442462679e-22, nan 
-161.125, 75.875, 5.321900552648258e-22, nan 
-160.875, 75.875, 5.58197140659149e-22, nan 
-160.625, 75.875, 4.0578480267211947e-22, nan 
-160.375, 75.875, 2.5521337733030736e-22, nan 
-160.125, 75.875, 5.27825254607364e-22, nan 
-159.875, 75.875, 5.019139716302256e-22, nan 
-159.625, 75.875, 4.543354241379481e-22, nan 
-159.375, 75.875, 3.921390201316036e-22, nan 
-159.125, 75.875, 4.069766113533971e-22, nan 
-158.875, 75.875, 4.524855232487617e-22, nan 
-158.625, 75.875, 6.06050963164016e-22, nan 
-158.375, 75.875, 4.687482463009353e-22, nan 
-158.125, 75.875, 5.653403733256087e-22, nan 
-157.875, 75.875, 5.8571671061265455e-22, nan 
-157.625, 75.875, 6.550542395752585e-22, nan 
-157.375, 75.875, 4.899315707028686e-22, nan 
-157.125, 75.875, 7.15228101054589e-22, nan 
-156.875, 75.875, 7.517839157987513e-22, nan 
-156.625, 75.875, 7.327378187678751e-22, nan 
-156.375, 75.875, 1.013727552866046e-21, nan 
-156.125, 75.875, 1.0840198679518696e-21, nan 
-155.875, 75.875, 6.85736061278064e-22, nan 
-155.625, 75.875, 5.678549364935108e-22, nan 
-155.375, 75.875, 5.326428732017067e-22, nan 
-155.125, 75.875, 8.967391467394863e-22, nan 
-154.875, 75.875, 9.0980835682271e-22, nan 
-154.625, 75.875, 4.970233977617128e-22, nan 
-154.375, 75.875, 4.169618864995957e-22, nan 
-154.125, 75.875, 5.333947528433205e-22, nan 
-153.875, 75.875, 6.199256852652449e-22, nan 
-153.625, 75.875, 7.505765381951124e-22, nan 
-153.375, 75.875, 7.54019075447228e-22, nan 
-153.125, 75.875, 5.384340222083202e-22, nan 
-152.875, 75.875, 4.954829447023407e-22, nan 
-152.625, 75.875, 6.242593817157187e-22, nan 
-152.375, 75.875, 6.633290566585943e-22, nan 
-152.125, 75.875, 6.4368232799414795e-22, nan 
-151.875, 75.875, 5.562291883031257e-22, nan 
-151.625, 75.875, 4.682451469420727e-22, nan 
-151.375, 75.875, 2.4758715501229986e-22, nan 
-151.125, 75.875, 2.0501361447667984e-22, nan 
-150.875, 75.875, 2.5101516174961403e-22, nan 
-150.625, 75.875, 2.0063025134511513e-22, nan 
-150.375, 75.875, 1.3947926118542342e-22, nan 
-150.125, 75.875, 2.3325146585025466e-22, nan 
-149.875, 75.875, 3.5591302667551257e-22, nan 
-149.625, 75.875, 4.194298783681247e-22, nan 
-149.375, 75.875, 2.921911827586157e-22, nan 
-149.125, 75.875, 6.769340075296046e-23, nan 
-148.875, 75.875, 2.0485663833337226e-22, nan 
-148.625, 75.875, 1.6997532916587814e-22, nan 
-148.375, 75.875, 2.3107921594262823e-22, nan 
-148.125, 75.875, 1.5964617691404602e-22, nan 
-147.875, 75.875, 3.852422273729578e-22, nan 
-147.625, 75.875, 4.259533123770483e-22, nan 
-147.375, 75.875, 3.1061987569942537e-22, nan 
-147.125, 75.875, 3.2389972428534605e-22, nan 
-146.875, 75.875, 3.666980973638666e-22, nan 
-146.625, 75.875, 6.085050074240487e-22, nan 
-146.375, 75.875, 4.555932654588067e-22, nan 
-146.125, 75.875, 2.6265214891539156e-22, nan 
-145.875, 75.875, 2.596015355267586e-22, nan 
-145.625, 75.875, 2.928846013609376e-22, nan 
-145.375, 75.875, 3.491836153498834e-22, nan 
-145.125, 75.875, 4.0944857332462893e-22, nan 
-144.875, 75.875, 4.72060936620011e-22, nan 
-144.625, 75.875, 3.901615128058847e-22, nan 
-144.375, 75.875, 4.002578298482162e-22, nan 
-144.125, 75.875, 2.8619792198245326e-22, nan 
-143.875, 75.875, 3.8153226152139175e-22, nan 
-143.625, 75.875, 1.5848538307974185e-22, nan 
-143.375, 75.875, 1.5987488979007971e-22, nan 
-143.125, 75.875, 2.4367347473179447e-22, nan 
-142.875, 75.875, 1.98845288822203e-22, nan 
-142.625, 75.875, 2.5227381150252705e-22, nan 
-142.375, 75.875, 2.8007076674852774e-22, nan 
-142.125, 75.875, 3.1048506997839263e-22, nan 
-141.875, 75.875, 1.7883616642863578e-22, nan 
-141.625, 75.875, 9.777080058926028e-23, nan 
-141.375, 75.875, 1.3802158200036587e-22, nan 
-141.125, 75.875, 1.5006201271628582e-22, nan 
-140.875, 75.875, 1.500206720393638e-22, nan 
-140.625, 75.875, 1.504611883858213e-22, nan 
-140.375, 75.875, 1.1242078895575196e-22, nan 
-140.125, 75.875, 1.3331500710127707e-22, nan 
-139.875, 75.875, 1.6977249782140394e-22, nan 
-139.625, 75.875, 1.566354224192619e-22, nan 
-139.375, 75.875, 6.219486399358718e-23, nan 
-139.125, 75.875, 9.710203900771387e-23, nan 
-138.875, 75.875, 9.142644126153239e-23, nan 
-138.625, 75.875, 2.0482550273641792e-22, nan 
-138.375, 75.875, 1.40969715873329e-22, nan 
-138.125, 75.875, 4.3953127819904755e-23, nan 
-137.875, 75.875, 4.0447331555304575e-23, nan 
-137.625, 75.875, 5.307758593212649e-23, nan 
-137.375, 75.875, 9.901583332547728e-23, nan 
-137.125, 75.875, 5.02229106348665e-23, nan 
-136.875, 75.875, 7.111805045992835e-23, nan 
-136.625, 75.875, 8.270305236388476e-23, nan 
-136.375, 75.875, 1.142311446615588e-22, nan 
-136.125, 75.875, 1.3508429320534382e-22, nan 
-135.875, 75.875, 5.405634380322772e-23, nan 
-135.625, 75.875, 1.191164545326033e-22, nan 
-135.375, 75.875, 1.5428994825958126e-22, nan 
-135.125, 75.875, 1.3688158353554454e-22, nan 
-134.875, 75.875, 1.1531316525731106e-22, nan 
-134.625, 75.875, 1.0842168497970793e-22, nan 
-134.375, 75.875, 1.1012896340473944e-22, nan 
-134.125, 75.875, 1.3292763306353838e-22, nan 
-133.875, 75.875, 1.4326969328667954e-22, nan 
-133.625, 75.875, 1.9184631390224916e-22, nan 
-133.375, 75.875, 2.7652086498470016e-22, nan 
-133.125, 75.875, 2.524291139676209e-22, nan 
-132.875, 75.875, 2.9749414555198156e-22, nan 
-132.625, 75.875, 3.2650748086205757e-22, nan 
-132.375, 75.875, 3.0806142230615576e-22, nan 
-132.125, 75.875, 2.9510572944077496e-22, nan 
-131.875, 75.875, 8.107126263835012e-23, nan 
-131.625, 75.875, 6.46751633523887e-23, nan 
-131.375, 75.875, 1.2335066629710391e-22, nan 
-131.125, 75.875, 2.0058275839002417e-22, nan 
-130.875, 75.875, 2.468248220515026e-22, nan 
-130.625, 75.875, 2.5907759398654457e-22, nan 
-130.375, 75.875, 3.348563888858344e-22, nan 
-130.125, 75.875, 3.7817606183644325e-22, nan 
-129.875, 75.875, 2.774409555112981e-22, nan 
-129.625, 75.875, 2.812001944277817e-22, nan 
-129.375, 75.875, 3.184555087364516e-22, nan 
-129.125, 75.875, 3.3743360761461637e-22, nan 
-128.875, 75.875, 4.426377844600987e-22, nan 
-128.625, 75.875, 4.0657387424587586e-22, nan 
-128.375, 75.875, 3.5445266582482543e-22, nan 
-128.125, 75.875, 2.9560259540023316e-22, nan 
-127.875, 75.875, 2.4792398670659733e-22, nan 
-127.625, 75.875, 2.098009619348379e-22, nan 
-127.375, 75.875, 1.0305471532754236e-22, nan 
-127.125, 75.875, 1.3402752873975784e-22, nan 
-126.875, 75.875, 1.2421035212920593e-22, nan 
-126.625, 75.875, 4.6370609918854554e-23, nan 
-126.375, 75.875, 8.084574357036032e-23, nan 
-126.125, 75.875, 8.869170878681539e-23, nan 
-125.875, 75.875, 8.982335559787087e-23, nan 
-125.625, 75.875, 7.615573975792933e-23, nan 
-125.375, 75.875, 3.398873941422693e-23, nan 
-125.125, 75.875, 5.479219433811455e-23, nan 
-124.875, 75.875, 6.072130494930048e-23, nan 
-124.625, 75.875, 2.708634555271297e-23, nan 
-124.375, 75.875, 3.5330252134339615e-23, nan 
-124.125, 75.875, 4.115084283236025e-23, nan 
-123.875, 75.875, 4.799863973729188e-23, nan 
-123.625, 75.875, 5.1501818095724087e-23, nan 
-123.375, 75.875, 2.675072707201557e-23, nan 
-123.125, 75.875, 3.699010405548784e-23, nan 
-122.875, 75.875, 5.127305209164072e-23, nan 
-122.625, 75.875, 6.08750858342285e-23, nan 
-122.375, 75.875, 6.953739772251568e-23, nan 
-122.125, 75.875, 4.652333571690489e-23, nan 
-121.875, 75.875, 4.6218139182751603e-23, nan 
-121.625, 75.875, 5.0644792451149933e-23, nan 
-121.375, 75.875, 4.5511235322236583e-23, nan 
-121.125, 75.875, 6.606553306185051e-23, nan 
-120.875, 75.875, 7.217383254970217e-23, nan 
-120.625, 75.875, 4.508385339880628e-23, nan 
-120.375, 75.875, 3.189412944772131e-23, nan 
-120.125, 75.875, 2.707036545525339e-23, nan 
-119.875, 75.875, 4.147962794969338e-23, nan 
-119.625, 75.875, 4.1862894187981544e-23, nan 
-119.375, 75.875, 2.776892744638003e-23, nan 
-119.125, 75.875, 5.196437856997435e-23, nan 
-118.875, 75.875, 4.331257711025561e-23, nan 
-118.625, 75.875, 5.916229014388945e-23, nan 
-118.375, 75.875, 2.6718444306523174e-23, nan 
-118.125, 75.875, 1.351025951617501e-23, nan 
-117.875, 75.875, 3.5031615753159914e-23, nan 
-117.625, 75.875, 1.4466133525037384e-23, nan 
-117.375, 75.875, 8.335476983984822e-23, nan 
-117.125, 75.875, 3.160805422258921e-23, nan 
-116.875, 75.875, 3.513558594868396e-23, nan 
-116.625, 75.875, 4.80259764737994e-23, nan 
-116.375, 75.875, 3.902090362709934e-23, nan 
-116.125, 75.875, 3.9179352448495975e-23, nan 
-115.875, 75.875, 2.2088145574719077e-23, nan 
-115.625, 75.875, 5.0668233885543345e-23, nan 
-115.375, 75.875, 9.263534660563084e-23, nan 
-115.125, 75.875, 1.5087194399356866e-22, nan 
-114.875, 75.875, 1.5055636225386567e-22, nan 
-114.625, 75.875, 1.1365832181844004e-22, nan 
-114.375, 75.875, 1.1527246011679025e-22, nan 
-114.125, 75.875, 1.3547578051646092e-22, nan 
-113.875, 75.875, 1.6877786283434711e-22, nan 
-113.625, 75.875, 1.6040520877892326e-22, nan 
-113.375, 75.875, 7.775889377489982e-23, nan 
-113.125, 75.875, 2.41425789366139e-23, nan 
-112.875, 75.875, 4.121208859009977e-23, nan 
-112.625, 75.875, 5.720808624248717e-23, nan 
-112.375, 75.875, 7.043052204471645e-23, nan 
-112.125, 75.875, 3.6512007802690033e-23, nan 
-111.875, 75.875, 5.496183930028364e-23, nan 
-111.625, 75.875, 7.333263601465977e-23, nan 
-111.375, 75.875, 6.970988849062356e-23, nan 
-111.125, 75.875, 4.8032352301985285e-23, nan 
-110.875, 75.875, 4.0149666635997505e-23, nan 
-110.625, 75.875, 4.2357669911249455e-23, nan 
-110.375, 75.875, 6.124435728978145e-23, nan 
-110.125, 75.875, 6.378857083783468e-23, nan 
-109.875, 75.875, 2.3757629905514862e-23, nan 
-109.625, 75.875, 1.424223940508176e-23, nan 
-109.375, 75.875, 1.1169241883136308e-23, nan 
-109.125, 75.875, 1.3431143899867277e-23, nan 
-108.875, 75.875, 2.3022228529850616e-23, nan 
-108.625, 75.875, 2.4322781592576307e-23, nan 
-108.375, 75.875, 1.8649480476995567e-23, nan 
-108.125, 75.875, 2.2158890958438217e-23, nan 
-107.875, 75.875, 1.3832231310966214e-23, nan 
-107.625, 75.875, 2.9684812132124404e-23, nan 
-107.375, 75.875, 2.2491503881277794e-23, nan 
-107.125, 75.875, 2.2611652687585552e-23, nan 
-106.875, 75.875, 2.712316448923924e-23, nan 
-106.625, 75.875, 1.1902779181807441e-23, nan 
-106.375, 75.875, 8.925492688716836e-24, nan 
-106.125, 75.875, 2.0962996867938393e-23, nan 
-105.875, 75.875, 2.16415098135453e-23, nan 
-105.625, 75.875, 2.5240580091491867e-23, nan 
-105.375, 75.875, 2.2035874322428235e-23, nan 
-105.125, 75.875, 2.5845217182660513e-23, nan 
77.375, 75.875, 1.5427824396551437e-23, nan 
77.625, 75.875, 7.997367585837105e-24, nan 
77.875, 75.875, 6.174071278606655e-24, nan 
78.125, 75.875, 1.0182755420902695e-23, nan 
78.375, 75.875, 1.77332078906174e-23, nan 
78.625, 75.875, 2.238754812370072e-23, nan 
78.875, 75.875, 2.26285322306317e-23, nan 
79.125, 75.875, 1.331892717590392e-23, nan 
79.375, 75.875, 1.4535973521732457e-23, nan 
79.625, 75.875, 1.3797553318177794e-23, nan 
79.875, 75.875, 1.821031113852801e-23, nan 
80.125, 75.875, 2.51608777897029e-23, nan 
80.375, 75.875, 1.4603260214407675e-23, nan 
80.625, 75.875, 1.684206141006935e-23, nan 
80.875, 75.875, 1.091052900158829e-23, nan 
81.125, 75.875, 5.344363995408547e-24, nan 
81.375, 75.875, 6.935962535740938e-24, nan 
81.625, 75.875, 7.643358389646319e-24, nan 
81.875, 75.875, 8.135950984253945e-24, nan 
82.125, 75.875, 5.979432619328057e-24, nan 
82.375, 75.875, 5.52965286954416e-24, nan 
82.625, 75.875, 5.519114576013219e-24, nan 
82.875, 75.875, 7.933359797192208e-24, nan 
83.125, 75.875, 1.557424002958492e-23, nan 
83.375, 75.875, 1.4692854532426006e-23, nan 
83.625, 75.875, 9.97755680226732e-24, nan 
83.875, 75.875, 2.2802636247806065e-24, nan 
84.125, 75.875, 3.5103368445971346e-24, nan 
84.375, 75.875, 4.765215708366351e-24, nan 
84.625, 75.875, 8.95580621074768e-24, nan 
84.875, 75.875, 4.2806428402184514e-24, nan 
85.125, 75.875, 3.2439603053850238e-24, nan 
85.375, 75.875, 4.369627017278108e-24, nan 
85.625, 75.875, 1.1658226029123023e-23, nan 
85.875, 75.875, 5.897618312952702e-24, nan 
86.125, 75.875, 8.4798959876521e-24, nan 
86.375, 75.875, 5.993277719451568e-24, nan 
86.625, 75.875, 8.776403662377193e-24, nan 
86.875, 75.875, 6.156518413229547e-24, nan 
87.125, 75.875, 3.2257231481160167e-24, nan 
87.375, 75.875, 6.433139912051319e-24, nan 
87.625, 75.875, 1.3804977381116094e-23, nan 
87.875, 75.875, 1.47537976996647e-23, nan 
88.125, 75.875, 1.2308600224788859e-23, nan 
88.375, 75.875, 1.746143550188761e-23, nan 
88.625, 75.875, 2.2551725889802583e-23, nan 
88.875, 75.875, 2.1943523597582157e-23, nan 
89.125, 75.875, 2.2554480496272682e-23, nan 
89.375, 75.875, 3.177140403341786e-23, nan 
89.625, 75.875, 2.08062603066751e-23, nan 
89.875, 75.875, 2.2210451440287103e-23, nan 
90.125, 75.875, 2.357145795885588e-23, nan 
90.375, 75.875, 2.6460611118601822e-23, nan 
90.625, 75.875, 5.208576620557462e-23, nan 
90.875, 75.875, 1.4815972414410693e-23, nan 
91.125, 75.875, 6.1521767006856854e-24, nan 
91.375, 75.875, 1.8416809225356864e-23, nan 
91.625, 75.875, 1.8702657766118442e-23, nan 
91.875, 75.875, 2.4421239197468615e-23, nan 
92.125, 75.875, 1.8446092233282018e-23, nan 
92.375, 75.875, 2.819247950822425e-23, nan 
92.625, 75.875, 2.7827427037086406e-23, nan 
92.875, 75.875, 1.724780102783543e-23, nan 
93.125, 75.875, 1.264767946665494e-23, nan 
93.375, 75.875, 9.00200356992782e-24, nan 
93.625, 75.875, 1.9456634317807415e-23, nan 
93.875, 75.875, 2.0258695491954758e-23, nan 
94.125, 75.875, 1.558807871417586e-23, nan 
94.375, 75.875, 2.5985920270116326e-23, nan 
94.625, 75.875, 2.81583833904886e-23, nan 
94.875, 75.875, 2.2674042935729443e-23, nan 
95.125, 75.875, 2.5513747992212794e-23, nan 
95.375, 75.875, 3.611095510278658e-23, nan 
95.625, 75.875, 2.768277794181231e-23, nan 
95.875, 75.875, 2.7778299490904826e-23, nan 
96.125, 75.875, 1.523054522152855e-23, nan 
96.375, 75.875, 1.2981982669474246e-23, nan 
96.625, 75.875, 1.8938115675388647e-23, nan 
96.875, 75.875, 2.1552610324604747e-23, nan 
97.125, 75.875, 2.998338088380022e-23, nan 
97.375, 75.875, 3.1433003963701474e-23, nan 
97.625, 75.875, 3.430999455841921e-23, nan 
97.875, 75.875, 3.662118412928249e-23, nan 
98.125, 75.875, 2.7766353456204613e-23, nan 
98.375, 75.875, 2.5876991314493615e-23, nan 
98.625, 75.875, 3.47597252460529e-23, nan 
98.875, 75.875, 3.707557843658798e-23, nan 
99.125, 75.875, 4.2634367334074365e-23, nan 
99.375, 75.875, 3.8511543873849096e-23, nan 
99.625, 75.875, 5.887029598327891e-23, nan 
99.875, 75.875, 5.414435216622194e-23, nan 
100.125, 75.875, 4.0187145979578976e-23, nan 
100.375, 75.875, 3.6570477756529424e-23, nan 
100.625, 75.875, 3.3015033572768486e-23, nan 
100.875, 75.875, 3.979019150068402e-23, nan 
101.125, 75.875, 4.4434450073605624e-23, nan 
101.375, 75.875, 3.0424945313289145e-23, nan 
101.625, 75.875, 4.1846309952046494e-23, nan 
101.875, 75.875, 3.6301838312398007e-23, nan 
102.125, 75.875, 1.8043781882126584e-23, nan 
102.375, 75.875, 1.127343317261985e-23, nan 
102.625, 75.875, 1.6088407950346605e-23, nan 
102.875, 75.875, 9.882263729930699e-24, nan 
103.125, 75.875, 1.489391610406396e-23, nan 
103.375, 75.875, 1.5561143140749508e-23, nan 
103.625, 75.875, 2.1642797948274307e-23, nan 
103.875, 75.875, 2.217964973113539e-23, nan 
104.125, 75.875, 1.79555406588677e-23, nan 
104.375, 75.875, 4.0628322648534955e-23, nan 
104.625, 75.875, 2.1253008873153876e-23, nan 
104.875, 75.875, 1.2092087728034434e-23, nan 
105.125, 75.875, 1.5503301795129214e-23, nan 
105.375, 75.875, 2.274627858199704e-23, nan 
105.625, 75.875, 3.016786539146468e-23, nan 
105.875, 75.875, 2.752256749431934e-23, nan 
106.125, 75.875, 2.1154966338502216e-23, nan 
106.375, 75.875, 9.772540440450347e-24, nan 
106.625, 75.875, 1.1335362498375134e-23, nan 
106.875, 75.875, 1.2090661102614186e-23, nan 
107.125, 75.875, 1.208056465229601e-23, nan 
107.375, 75.875, 2.4044051856927135e-23, nan 
107.625, 75.875, 4.0954354468693067e-23, nan 
107.875, 75.875, 3.646535333443811e-23, nan 
108.125, 75.875, 3.269244247885589e-23, nan 
108.375, 75.875, 1.418429714617541e-23, nan 
108.625, 75.875, 3.2187335130375904e-23, nan 
108.875, 75.875, 6.345415563175643e-23, nan 
109.125, 75.875, 4.905394553120435e-23, nan 
109.375, 75.875, 3.450071233134275e-23, nan 
109.625, 75.875, 2.0822116457439746e-23, nan 
109.875, 75.875, 1.9794619012410996e-23, nan 
110.125, 75.875, 3.1208221902848213e-23, nan 
110.375, 75.875, 2.754122650079924e-23, nan 
110.625, 75.875, 1.7352914421768816e-23, nan 
110.875, 75.875, 1.618915446943085e-23, nan 
111.125, 75.875, 1.7876629928442345e-23, nan 
111.375, 75.875, 2.0023876163994567e-23, nan 
111.625, 75.875, 3.571872695378927e-23, nan 
111.875, 75.875, 3.739290028512145e-23, nan 
112.125, 75.875, 1.4303847242409067e-23, nan 
112.375, 75.875, 3.089056463682987e-23, nan 
112.625, 75.875, 1.2705485756945795e-23, nan 
112.875, 75.875, 2.690839864276556e-23, nan 
113.125, 75.875, 2.8121925616881443e-23, nan 
113.375, 75.875, 3.6542394398725785e-23, nan 
113.625, 75.875, 4.399483824889227e-23, nan 
113.875, 75.875, 2.8393549734918077e-23, nan 
114.125, 75.875, 4.243223187950239e-23, nan 
114.375, 75.875, 2.778634144860889e-23, nan 
114.625, 75.875, 4.3329777769328197e-23, nan 
114.875, 75.875, 4.783038213466478e-23, nan 
115.125, 75.875, 4.540724089364367e-23, nan 
115.375, 75.875, 8.746918160011847e-23, nan 
115.625, 75.875, 5.963595816966568e-23, nan 
115.875, 75.875, 3.858025751720462e-23, nan 
116.125, 75.875, 8.652405008188448e-23, nan 
116.375, 75.875, 5.855734119808772e-23, nan 
116.625, 75.875, 8.007355787173125e-23, nan 
116.875, 75.875, 6.912013542584228e-23, nan 
117.125, 75.875, 9.206468167284662e-23, nan 
117.375, 75.875, 1.0253046999947754e-22, nan 
117.625, 75.875, 9.286108425357524e-23, nan 
117.875, 75.875, 1.234315746885894e-22, nan 
118.125, 75.875, 9.252356244004255e-23, nan 
118.375, 75.875, 1.0621079414455192e-22, nan 
118.625, 75.875, 7.910232950504296e-23, nan 
118.875, 75.875, 7.707900678490825e-23, nan 
119.125, 75.875, 5.034590684332509e-23, nan 
119.375, 75.875, 8.514736164498124e-23, nan 
119.625, 75.875, 6.360856917534244e-23, nan 
119.875, 75.875, 9.138643610775231e-23, nan 
120.125, 75.875, 3.6307109066029254e-23, nan 
120.375, 75.875, 3.29621922534816e-23, nan 
120.625, 75.875, 3.340623180913167e-23, nan 
120.875, 75.875, 4.581130283474502e-23, nan 
121.125, 75.875, 5.389398674037496e-23, nan 
121.375, 75.875, 5.229281873311499e-23, nan 
121.625, 75.875, 4.1206609668428984e-23, nan 
121.875, 75.875, 3.8556276446606434e-23, nan 
122.125, 75.875, 3.4697289276394786e-23, nan 
122.375, 75.875, 4.718771021343806e-23, nan 
122.625, 75.875, 5.0676337040291997e-23, nan 
122.875, 75.875, 4.185328262168344e-23, nan 
123.125, 75.875, 5.481324571020757e-23, nan 
123.375, 75.875, 5.916149350690373e-23, nan 
123.625, 75.875, 7.790237563625958e-23, nan 
123.875, 75.875, 6.073906355615052e-23, nan 
124.125, 75.875, 5.261828723492073e-23, nan 
124.375, 75.875, 5.776185994891266e-23, nan 
124.625, 75.875, 4.685983650646816e-23, nan 
124.875, 75.875, 4.379176644597071e-23, nan 
125.125, 75.875, 2.489095410956894e-23, nan 
125.375, 75.875, 4.333469466860539e-23, nan 
125.625, 75.875, 7.750462591325022e-23, nan 
125.875, 75.875, 1.328902190461201e-22, nan 
126.125, 75.875, 1.3305959143722916e-22, nan 
126.375, 75.875, 7.541234869995164e-23, nan 
126.625, 75.875, 2.2066732271620392e-23, nan 
126.875, 75.875, 1.0276338665920703e-22, nan 
127.125, 75.875, 1.577698602328875e-22, nan 
127.375, 75.875, 1.4214458054309662e-22, nan 
127.625, 75.875, 7.203988920305455e-23, nan 
127.875, 75.875, 5.007381897716295e-23, nan 
128.125, 75.875, 7.791619760396515e-23, nan 
128.375, 75.875, 1.3992190261464615e-22, nan 
128.625, 75.875, 1.0348011278387146e-22, nan 
128.875, 75.875, 1.0718013843228164e-22, nan 
129.125, 75.875, 1.4850639803343822e-22, nan 
129.375, 75.875, 2.250543213036296e-22, nan 
129.625, 75.875, 3.571702838434497e-22, nan 
129.875, 75.875, 4.048681648446718e-22, nan 
130.125, 75.875, 3.090264848966067e-22, nan 
130.375, 75.875, 2.1678850168379185e-22, nan 
130.625, 75.875, 2.330663247939555e-22, nan 
130.875, 75.875, 2.5270424992133915e-22, nan 
131.125, 75.875, 2.0005296994276982e-22, nan 
131.375, 75.875, 2.5790419666935903e-22, nan 
131.625, 75.875, 2.345826488529199e-22, nan 
131.875, 75.875, 1.5820224117155459e-22, nan 
132.125, 75.875, 1.639530986789267e-22, nan 
132.375, 75.875, 1.7762510432170274e-22, nan 
132.625, 75.875, 2.55603748847646e-22, nan 
132.875, 75.875, 2.419501855389586e-22, nan 
133.125, 75.875, 1.6321513451412278e-22, nan 
133.375, 75.875, 1.763995425057677e-22, nan 
133.625, 75.875, 1.4548225719848863e-22, nan 
133.875, 75.875, 2.3194601030957613e-22, nan 
134.125, 75.875, 2.1033020761195412e-22, nan 
134.375, 75.875, 1.5289147405214461e-22, nan 
134.625, 75.875, 1.5060780284378545e-22, nan 
134.875, 75.875, 2.262554744288965e-22, nan 
135.125, 75.875, 1.74168790651195e-22, nan 
135.375, 75.875, 1.7908185899023085e-22, nan 
135.625, 75.875, 2.892798558697207e-22, nan 
135.875, 75.875, 3.8700251942705667e-22, nan 
136.125, 75.875, 3.9589322826134146e-22, nan 
136.375, 75.875, 1.6494541250168785e-22, nan 
136.625, 75.875, 7.450966741158301e-23, nan 
136.875, 75.875, 1.1871873164575136e-22, nan 
137.125, 75.875, 1.9259016514301106e-22, nan 
137.375, 75.875, 2.0927989438973086e-22, nan 
137.625, 75.875, 1.0582877612061146e-22, nan 
137.875, 75.875, 1.3179448608323311e-22, nan 
138.125, 75.875, 2.0419269558906306e-22, nan 
138.375, 75.875, 2.1499978302572625e-22, nan 
138.625, 75.875, 2.197386838323003e-22, nan 
138.875, 75.875, 2.5675517011594165e-22, nan 
139.125, 75.875, 3.003905492612686e-22, nan 
139.375, 75.875, 3.063787889759988e-22, nan 
139.625, 75.875, 4.628570095532401e-22, nan 
139.875, 75.875, 3.9678438571937076e-22, nan 
140.125, 75.875, 3.764388162174912e-22, nan 
140.375, 75.875, 4.639883856945234e-22, nan 
140.625, 75.875, 6.198584015453312e-22, nan 
140.875, 75.875, 7.490380906459671e-22, nan 
141.125, 75.875, 4.529234691375312e-22, nan 
141.375, 75.875, 2.9833163250278276e-22, nan 
141.625, 75.875, 3.9463851577396314e-22, nan 
141.875, 75.875, 2.960988062390287e-22, nan 
142.125, 75.875, 1.6986025175843713e-22, nan 
142.375, 75.875, 1.6375817183158147e-22, nan 
142.625, 75.875, 1.2074915872385258e-22, nan 
142.875, 75.875, 8.454884151972399e-23, nan 
143.125, 75.875, 1.1126950867582275e-22, nan 
143.375, 75.875, 1.3370648818073212e-22, nan 
143.625, 75.875, 1.0409255258644291e-22, nan 
143.875, 75.875, 1.156060748437478e-22, nan 
144.125, 75.875, 1.8862119327033448e-22, nan 
144.375, 75.875, 1.213413482090961e-22, nan 
144.625, 75.875, 3.4822219711304375e-22, nan 
144.875, 75.875, 6.187067889167451e-22, nan 
145.125, 75.875, 7.892677918513767e-22, nan 
145.375, 75.875, 1.0290028734506991e-21, nan 
145.625, 75.875, 1.007188267205922e-21, nan 
145.875, 75.875, 9.065358151047307e-22, nan 
146.125, 75.875, 8.613061013599907e-22, nan 
146.375, 75.875, 1.0649498119001426e-21, nan 
146.625, 75.875, 1.2904847650587588e-21, nan 
146.875, 75.875, 1.1959955929070882e-21, nan 
147.125, 75.875, 1.0392335813911182e-21, nan 
147.375, 75.875, 8.406480865132757e-22, nan 
147.625, 75.875, 1.1537075268884953e-21, nan 
147.875, 75.875, 9.94478494204563e-22, nan 
148.125, 75.875, 7.766634429557099e-22, nan 
148.375, 75.875, 6.175614995063567e-22, nan 
148.625, 75.875, 5.28342148926975e-22, nan 
148.875, 75.875, 3.39938221400729e-22, nan 
149.125, 75.875, 9.502880438777471e-22, nan 
149.375, 75.875, 8.317638859926012e-22, nan 
149.625, 75.875, 7.210092811773713e-22, nan 
149.875, 75.875, 4.677513680259702e-22, nan 
150.125, 75.875, 4.1291619254157624e-22, nan 
150.375, 75.875, 4.669865322166536e-22, nan 
150.625, 75.875, 9.567326340328992e-22, nan 
150.875, 75.875, 6.3458491477519925e-22, nan 
151.125, 75.875, 5.961889165790842e-22, nan 
151.375, 75.875, 1.0341716988701428e-21, nan 
151.625, 75.875, 8.642297352174355e-22, nan 
151.875, 75.875, 1.3243000844161824e-21, nan 
152.125, 75.875, 9.991034523338e-22, nan 
152.375, 75.875, 7.372876998802103e-22, nan 
152.625, 75.875, 1.2572186270615933e-21, nan 
152.875, 75.875, 1.8939239735863395e-21, nan 
153.125, 75.875, 2.2878476575838843e-21, nan 
153.375, 75.875, 1.2177776323161387e-21, nan 
153.625, 75.875, 1.2737977151622434e-21, nan 
153.875, 75.875, 1.5102183337608927e-21, nan 
154.125, 75.875, 2.833047385299267e-21, nan 
154.375, 75.875, 3.1559436988204143e-21, nan 
154.625, 75.875, 3.3018674299249933e-21, nan 
154.875, 75.875, 3.730094124213197e-21, nan 
155.125, 75.875, 2.2621426547991944e-21, nan 
155.375, 75.875, 3.9731502983551985e-21, nan 
155.625, 75.875, 4.771919994819277e-21, nan 
155.875, 75.875, 9.807234833395225e-21, nan 
156.125, 75.875, 7.91154897875907e-21, nan 
156.375, 75.875, 5.078668696060918e-21, nan 
156.625, 75.875, 5.1818648645385294e-21, nan 
156.875, 75.875, 6.335347252223757e-21, nan 
157.125, 75.875, 9.065441726384964e-21, nan 
157.375, 75.875, 6.489595262362767e-21, nan 
157.625, 75.875, 1.4650415648871928e-20, nan 
157.875, 75.875, 7.396502792355531e-21, nan 
158.125, 75.875, 1.1311345982752487e-20, nan 
158.375, 75.875, 1.577957032032801e-20, nan 
158.625, 75.875, 1.1816256868768144e-20, nan 
158.875, 75.875, 1.861673609737667e-20, nan 
159.125, 75.875, 2.326086655051867e-20, nan 
159.375, 75.875, 3.245931591661976e-20, nan 
159.625, 75.875, 4.260235891811957e-20, nan 
159.875, 75.875, 3.929807999937703e-20, nan 
160.125, 75.875, 4.736231801279244e-20, nan 
160.375, 75.875, 5.326902165146173e-20, nan 
160.625, 75.875, 1.0501903684967825e-19, nan 
160.875, 75.875, 1.4185860611974903e-19, nan 
161.125, 75.875, 1.4592891217600454e-19, nan 
161.375, 75.875, 9.63065863208009e-20, nan 
161.625, 75.875, 9.105682090609214e-20, nan 
161.875, 75.875, 1.076441131264194e-19, nan 
162.125, 75.875, 1.4933424345331283e-19, nan 
162.375, 75.875, 1.7246014633716125e-19, nan 
162.625, 75.875, 1.439732917066849e-19, nan 
162.875, 75.875, 1.4014060571758678e-19, nan 
163.125, 75.875, 1.1327814990855213e-19, nan 
163.375, 75.875, 8.555744364522835e-20, nan 
163.625, 75.875, 2.179181834781574e-19, nan 
163.875, 75.875, 1.7340905451675923e-19, nan 
164.125, 75.875, 2.151004256353366e-19, nan 
164.375, 75.875, 1.7260065421961172e-19, nan 
164.625, 75.875, 2.2292545839940674e-19, nan 
164.875, 75.875, 4.500799110365842e-19, nan 
165.125, 75.875, 6.276009470003401e-19, nan 
165.375, 75.875, 3.406586818283355e-19, nan 
165.625, 75.875, 3.846103667826925e-19, nan 
165.875, 75.875, 3.202119016799498e-19, nan 
166.125, 75.875, 7.093685373708183e-19, nan 
166.375, 75.875, 1.28247762759486e-18, nan 
166.625, 75.875, 1.698932154927469e-18, nan 
166.875, 75.875, 1.4858366474710494e-18, nan 
167.125, 75.875, 1.4437174166442411e-18, nan 
167.375, 75.875, 9.70344443202701e-19, nan 
167.625, 75.875, 1.357468658882273e-18, nan 
167.875, 75.875, 1.1270383440510109e-18, nan 
168.125, 75.875, 7.969951984781517e-19, nan 
168.375, 75.875, 6.276140588460397e-19, nan 
168.625, 75.875, 3.8043641131900867e-19, nan 
168.875, 75.875, 2.059577664040767e-19, nan 
169.125, 75.875, 1.4941311565898441e-19, nan 
169.375, 75.875, 1.5798788988149586e-19, nan 
169.625, 75.875, 1.4405631908080668e-19, nan 
169.875, 75.875, 1.2595242660743097e-19, nan 
170.125, 75.875, 8.162527564852921e-20, nan 
170.375, 75.875, 4.804956138248121e-20, nan 
170.625, 75.875, 9.644177648961829e-20, nan 
170.875, 75.875, 1.1615055936936225e-19, nan 
171.125, 75.875, 1.1380855397954601e-19, nan 
171.375, 75.875, 9.110809518611596e-20, nan 
171.625, 75.875, 3.286396358772678e-20, nan 
171.875, 75.875, 2.3546379034003593e-20, nan 
172.125, 75.875, 3.574606519586903e-20, nan 
172.375, 75.875, 4.620906422926417e-20, nan 
172.625, 75.875, 3.1015063356745826e-20, nan 
172.875, 75.875, 1.9661224703528063e-20, nan 
173.125, 75.875, 2.1880955798069335e-20, nan 
173.375, 75.875, 2.1801878029454482e-20, nan 
173.625, 75.875, 1.7714859011260543e-20, nan 
173.875, 75.875, 3.303431313718267e-20, nan 
174.125, 75.875, 3.8173364150806553e-20, nan 
174.375, 75.875, 2.812706775238861e-20, nan 
174.625, 75.875, 2.9274768806216274e-20, nan 
174.875, 75.875, 3.030246178941942e-20, nan 
175.125, 75.875, 3.204010216654035e-20, nan 
175.375, 75.875, 3.1408377808097015e-20, nan 
175.625, 75.875, 2.366857699245879e-20, nan 
175.875, 75.875, 2.4347976827999147e-20, nan 
176.125, 75.875, 2.305949636014065e-20, nan 
176.375, 75.875, 1.6389237709961274e-20, nan 
176.625, 75.875, 1.0995176304698998e-20, nan 
176.875, 75.875, 7.030434922697685e-21, nan 
177.125, 75.875, 1.0277945392508368e-20, nan 
177.375, 75.875, 1.249457428423902e-20, nan 
177.625, 75.875, 1.2355859966130328e-20, nan 
177.875, 75.875, 1.043689634966148e-20, nan 
178.125, 75.875, 7.805419624864663e-21, nan 
178.375, 75.875, 1.2997717719688384e-20, nan 
178.625, 75.875, 1.2605536305693362e-20, nan 
178.875, 75.875, 1.918280675037718e-20, nan 
179.125, 75.875, 1.772760309433503e-20, nan 
179.375, 75.875, 1.0409340191933238e-20, nan 
179.625, 75.875, 8.917554263361312e-21, nan 
179.875, 75.875, 9.003806587296034e-21, nan 
-179.875, 76.125, 1.1041857621858335e-20, nan 
-179.625, 76.125, 9.635803280788427e-21, nan 
-179.375, 76.125, 9.507664213390574e-21, nan 
-179.125, 76.125, 6.3854487786767475e-21, nan 
-178.875, 76.125, 7.520446581431236e-21, nan 
-178.625, 76.125, 1.0355682441767628e-20, nan 
-178.375, 76.125, 8.413097942296716e-21, nan 
-178.125, 76.125, 9.169671087398205e-21, nan 
-177.875, 76.125, 4.168528308213609e-21, nan 
-177.625, 76.125, 2.6789341866689033e-21, nan 
-177.375, 76.125, 3.448431014827377e-21, nan 
-177.125, 76.125, 2.776084315514286e-21, nan 
-176.875, 76.125, 4.2235559734652556e-21, nan 
-176.625, 76.125, 2.2424338233846054e-21, nan 
-176.375, 76.125, 2.369248461339637e-21, nan 
-176.125, 76.125, 1.753894195716567e-21, nan 
-175.875, 76.125, 1.3689831078724884e-21, nan 
-175.625, 76.125, 7.674164659841585e-22, nan 
-175.375, 76.125, 1.1328277829080894e-21, nan 
-175.125, 76.125, 1.3857240211501314e-21, nan 
-174.875, 76.125, 1.6790149892626859e-21, nan 
-174.625, 76.125, 1.3148971644191752e-21, nan 
-174.375, 76.125, 1.0161218186900601e-21, nan 
-174.125, 76.125, 7.092342827000729e-22, nan 
-173.875, 76.125, 1.2233170957524747e-21, nan 
-173.625, 76.125, 1.2209108679924413e-21, nan 
-173.375, 76.125, 1.646326526940834e-21, nan 
-173.125, 76.125, 2.4887743049654375e-21, nan 
-172.875, 76.125, 1.6341995389557871e-21, nan 
-172.625, 76.125, 3.010904467978085e-21, nan 
-172.375, 76.125, 1.949897751377343e-21, nan 
-172.125, 76.125, 1.563280219454549e-21, nan 
-171.875, 76.125, 2.038864278094252e-21, nan 
-171.625, 76.125, 1.060170857461051e-21, nan 
-171.375, 76.125, 1.0084562483729725e-21, nan 
-171.125, 76.125, 1.8998095964769805e-21, nan 
-170.875, 76.125, 1.8332854484351457e-21, nan 
-170.625, 76.125, 1.5130688179685087e-21, nan 
-170.375, 76.125, 1.7131032787213337e-21, nan 
-170.125, 76.125, 2.0762910358522882e-21, nan 
-169.875, 76.125, 2.2733398419546535e-21, nan 
-169.625, 76.125, 2.0994525544533806e-21, nan 
-169.375, 76.125, 2.027270893238485e-21, nan 
-169.125, 76.125, 1.9741955812683335e-21, nan 
-168.875, 76.125, 1.408695809585136e-21, nan 
-168.625, 76.125, 9.21850267763437e-22, nan 
-168.375, 76.125, 1.0690033346360696e-21, nan 
-168.125, 76.125, 1.020314789500383e-21, nan 
-167.875, 76.125, 1.4105428776262371e-21, nan 
-167.625, 76.125, 1.994506342523164e-21, nan 
-167.375, 76.125, 1.5557035713552972e-21, nan 
-167.125, 76.125, 1.1489544058056298e-21, nan 
-166.875, 76.125, 1.361617315506552e-21, nan 
-166.625, 76.125, 1.3275795064882821e-21, nan 
-166.375, 76.125, 9.312026661951733e-22, nan 
-166.125, 76.125, 9.273617576326543e-22, nan 
-165.875, 76.125, 1.0878798365574144e-21, nan 
-165.625, 76.125, 1.242050586434908e-21, nan 
-165.375, 76.125, 9.877506082640782e-22, nan 
-165.125, 76.125, 8.724211946587844e-22, nan 
-164.875, 76.125, 7.812368667910104e-22, nan 
-164.625, 76.125, 8.707357824116206e-22, nan 
-164.375, 76.125, 1.022319647609329e-21, nan 
-164.125, 76.125, 9.321356248831335e-22, nan 
-163.875, 76.125, 8.448900915253474e-22, nan 
-163.625, 76.125, 7.302762050612813e-22, nan 
-163.375, 76.125, 7.534945311583581e-22, nan 
-163.125, 76.125, 9.961106065457393e-22, nan 
-162.875, 76.125, 9.296516598868604e-22, nan 
-162.625, 76.125, 9.18881107211755e-22, nan 
-162.375, 76.125, 7.858723139825074e-22, nan 
-162.125, 76.125, 4.701306170732242e-22, nan 
-161.875, 76.125, 3.202727019225239e-22, nan 
-161.625, 76.125, 3.3637729844188477e-22, nan 
-161.375, 76.125, 3.7228990546948357e-22, nan 
-161.125, 76.125, 3.3033476448995033e-22, nan 
-160.875, 76.125, 4.592098044847047e-22, nan 
-160.625, 76.125, 4.162682539565267e-22, nan 
-160.375, 76.125, 4.334090060333429e-22, nan 
-160.125, 76.125, 4.5401778044639145e-22, nan 
-159.875, 76.125, 3.9048178534382914e-22, nan 
-159.625, 76.125, 3.6250580301091025e-22, nan 
-159.375, 76.125, 3.7805747127937667e-22, nan 
-159.125, 76.125, 3.61229993328198e-22, nan 
-158.875, 76.125, 5.20088742098045e-22, nan 
-158.625, 76.125, 5.6439356442530315e-22, nan 
-158.375, 76.125, 1.0475706397472978e-21, nan 
-158.125, 76.125, 1.2401649572938139e-21, nan 
-157.875, 76.125, 9.346952894101718e-22, nan 
-157.625, 76.125, 9.268880761982743e-22, nan 
-157.375, 76.125, 1.008232691897169e-21, nan 
-157.125, 76.125, 1.5067520727892865e-21, nan 
-156.875, 76.125, 1.3449512850498312e-21, nan 
-156.625, 76.125, 8.658995858654492e-22, nan 
-156.375, 76.125, 9.080579703283062e-22, nan 
-156.125, 76.125, 7.135632474821025e-22, nan 
-155.875, 76.125, 5.831952017088257e-22, nan 
-155.625, 76.125, 2.644733304840408e-22, nan 
-155.375, 76.125, 4.723977624697381e-22, nan 
-155.125, 76.125, 6.548400253350556e-22, nan 
-154.875, 76.125, 7.212524886471857e-22, nan 
-154.625, 76.125, 7.789940086598534e-22, nan 
-154.375, 76.125, 6.262914482297289e-22, nan 
-154.125, 76.125, 6.189535366357701e-22, nan 
-153.875, 76.125, 6.9367088590133e-22, nan 
-153.625, 76.125, 1.0392976362384429e-21, nan 
-153.375, 76.125, 9.893151598410832e-22, nan 
-153.125, 76.125, 6.275276083535409e-22, nan 
-152.875, 76.125, 4.68820545328708e-22, nan 
-152.625, 76.125, 1.1494379332971532e-21, nan 
-152.375, 76.125, 1.0407300605992305e-21, nan 
-152.125, 76.125, 9.23151867415519e-22, nan 
-151.875, 76.125, 1.015950562541991e-21, nan 
-151.625, 76.125, 8.190771141474903e-22, nan 
-151.375, 76.125, 4.262868745648141e-22, nan 
-151.125, 76.125, 5.212507766866171e-22, nan 
-150.875, 76.125, 4.630747337825984e-22, nan 
-150.625, 76.125, 4.691353176832429e-22, nan 
-150.375, 76.125, 4.147301703808102e-22, nan 
-150.125, 76.125, 3.092249116339078e-22, nan 
-149.875, 76.125, 5.335630553393401e-22, nan 
-149.625, 76.125, 4.82314433658836e-22, nan 
-149.375, 76.125, 1.9266156935288023e-22, nan 
-149.125, 76.125, 1.1859116739051147e-22, nan 
-148.875, 76.125, 2.6733162043103677e-22, nan 
-148.625, 76.125, 2.410215656005526e-22, nan 
-148.375, 76.125, 2.1611391259731265e-22, nan 
-148.125, 76.125, 1.0758764673962665e-22, nan 
-147.875, 76.125, 1.9641914368355154e-22, nan 
-147.625, 76.125, 3.5318780016003696e-22, nan 
-147.375, 76.125, 2.8867496333423005e-22, nan 
-147.125, 76.125, 3.8556292675667327e-22, nan 
-146.875, 76.125, 2.6446340607687353e-22, nan 
-146.625, 76.125, 4.765958171926124e-22, nan 
-146.375, 76.125, 4.034694870310909e-22, nan 
-146.125, 76.125, 3.0678902667087573e-22, nan 
-145.875, 76.125, 3.0851875403992097e-22, nan 
-145.625, 76.125, 2.555391653098907e-22, nan 
-145.375, 76.125, 3.0829044613141367e-22, nan 
-145.125, 76.125, 1.5158869250095177e-22, nan 
-144.875, 76.125, 1.3354896300619877e-22, nan 
-144.625, 76.125, 1.1511272412943046e-22, nan 
-144.375, 76.125, 2.8506671153862927e-22, nan 
-144.125, 76.125, 2.285085044797396e-22, nan 
-143.875, 76.125, 3.1699336327377936e-22, nan 
-143.625, 76.125, 1.73369558233002e-22, nan 
-143.375, 76.125, 1.6787499602055832e-22, nan 
-143.125, 76.125, 2.5598177770248956e-22, nan 
-142.875, 76.125, 1.8624697013193652e-22, nan 
-142.625, 76.125, 1.9365572986544053e-22, nan 
-142.375, 76.125, 1.769813368037072e-22, nan 
-142.125, 76.125, 1.2041526490231997e-22, nan 
-141.875, 76.125, 2.2433088528960353e-22, nan 
-141.625, 76.125, 2.200852971905555e-22, nan 
-141.375, 76.125, 2.631385486184075e-22, nan 
-141.125, 76.125, 2.097212275079104e-22, nan 
-140.875, 76.125, 2.602708117193225e-22, nan 
-140.625, 76.125, 2.5839366397271177e-22, nan 
-140.375, 76.125, 3.290736958725615e-22, nan 
-140.125, 76.125, 2.1985086411242753e-22, nan 
-139.875, 76.125, 2.3891120323346226e-22, nan 
-139.625, 76.125, 1.9840701210262174e-22, nan 
-139.375, 76.125, 8.200712696968917e-23, nan 
-139.125, 76.125, 1.2486135998994391e-22, nan 
-138.875, 76.125, 1.4589398894924726e-22, nan 
-138.625, 76.125, 1.879570531473312e-22, nan 
-138.375, 76.125, 1.287168048267539e-22, nan 
-138.125, 76.125, 1.1508556803906025e-22, nan 
-137.875, 76.125, 1.1125786480465652e-22, nan 
-137.625, 76.125, 7.172750986139547e-23, nan 
-137.375, 76.125, 9.008594741988363e-23, nan 
-137.125, 76.125, 3.371278829062236e-23, nan 
-136.875, 76.125, 7.746870735625388e-23, nan 
-136.625, 76.125, 8.541129943538639e-23, nan 
-136.375, 76.125, 2.0355069942938296e-22, nan 
-136.125, 76.125, 2.4947237993017503e-22, nan 
-135.875, 76.125, 2.4132277573361163e-22, nan 
-135.625, 76.125, 3.8511821726486116e-22, nan 
-135.375, 76.125, 3.6174112632163234e-22, nan 
-135.125, 76.125, 2.7188289666259247e-22, nan 
-134.875, 76.125, 2.8217372908195524e-22, nan 
-134.625, 76.125, 3.5372476436106504e-22, nan 
-134.375, 76.125, 3.06713177826693e-22, nan 
-134.125, 76.125, 3.779002006139481e-22, nan 
-133.875, 76.125, 4.084731143877748e-22, nan 
-133.625, 76.125, 3.80003099995112e-22, nan 
-133.375, 76.125, 4.146963959208581e-22, nan 
-133.125, 76.125, 3.841988170893491e-22, nan 
-132.875, 76.125, 4.771282754536617e-22, nan 
-132.625, 76.125, 5.162255724745563e-22, nan 
-132.375, 76.125, 4.409769978420498e-22, nan 
-132.125, 76.125, 2.7563855547669776e-22, nan 
-131.875, 76.125, 2.028676250684591e-22, nan 
-131.625, 76.125, 2.510252212262567e-22, nan 
-131.375, 76.125, 3.0490341139288e-22, nan 
-131.125, 76.125, 2.7024716133705115e-22, nan 
-130.875, 76.125, 1.9875607104640946e-22, nan 
-130.625, 76.125, 5.53033536016847e-23, nan 
-130.375, 76.125, 8.464310860762208e-23, nan 
-130.125, 76.125, 5.850056920089779e-23, nan 
-129.875, 76.125, 1.7265802993851892e-22, nan 
-129.625, 76.125, 1.9919271530168293e-22, nan 
-129.375, 76.125, 2.6085084464714754e-22, nan 
-129.125, 76.125, 2.5048538412636976e-22, nan 
-128.875, 76.125, 3.7903717257822497e-22, nan 
-128.625, 76.125, 4.502513660493955e-22, nan 
-128.375, 76.125, 4.551192758866853e-22, nan 
-128.125, 76.125, 4.0040780434591565e-22, nan 
-127.875, 76.125, 3.1426343073494525e-22, nan 
-127.625, 76.125, 2.634448801831111e-22, nan 
-127.375, 76.125, 2.295529861620141e-22, nan 
-127.125, 76.125, 2.750819458062653e-22, nan 
-126.875, 76.125, 2.7754548053432334e-22, nan 
-126.625, 76.125, 1.8868831113357994e-22, nan 
-126.375, 76.125, 1.3308054089947063e-22, nan 
-126.125, 76.125, 1.8011230407241585e-23, nan 
-125.875, 76.125, 5.108472435108818e-23, nan 
-125.625, 76.125, 7.494487690762111e-23, nan 
-125.375, 76.125, 7.047975042936507e-23, nan 
-125.125, 76.125, 7.051234367283469e-23, nan 
-124.875, 76.125, 7.062305327507799e-23, nan 
-124.625, 76.125, 5.702511163420169e-23, nan 
-124.375, 76.125, 5.0242823302250695e-23, nan 
-124.125, 76.125, 9.594472647370051e-23, nan 
-123.875, 76.125, 8.296165142800609e-23, nan 
-123.625, 76.125, 4.982299175637482e-23, nan 
-123.375, 76.125, 4.25513016980356e-23, nan 
-123.125, 76.125, 3.593302304178523e-23, nan 
-122.875, 76.125, 5.827478137183031e-23, nan 
-122.625, 76.125, 6.189993257078025e-23, nan 
-122.375, 76.125, 7.21247546010394e-23, nan 
-122.125, 76.125, 8.968923326291436e-23, nan 
-121.875, 76.125, 7.410068912898903e-23, nan 
-121.625, 76.125, 5.399853950582892e-23, nan 
-121.375, 76.125, 7.004204221256486e-23, nan 
-121.125, 76.125, 4.7605697422307655e-23, nan 
-120.875, 76.125, 3.6199964832212904e-23, nan 
-120.625, 76.125, 3.9716856235969276e-23, nan 
-120.375, 76.125, 4.766764867145297e-23, nan 
-120.125, 76.125, 5.345654352207868e-23, nan 
-119.875, 76.125, 5.930486264878082e-23, nan 
-119.625, 76.125, 6.689891452160216e-23, nan 
-119.375, 76.125, 4.75532533205403e-23, nan 
-119.125, 76.125, 5.87088270305289e-23, nan 
-118.875, 76.125, 6.455016036625877e-23, nan 
-118.625, 76.125, 5.359661027785821e-23, nan 
-118.375, 76.125, 7.032398341294074e-23, nan 
-118.125, 76.125, 5.259647910862526e-23, nan 
-117.875, 76.125, 5.0490425159085603e-23, nan 
-117.625, 76.125, 4.108689866423451e-23, nan 
-117.375, 76.125, 6.057173876308281e-23, nan 
-117.125, 76.125, 6.532182301662515e-23, nan 
-116.875, 76.125, 5.459221254481113e-23, nan 
-116.625, 76.125, 5.312384237854691e-23, nan 
-116.375, 76.125, 7.489737857008355e-23, nan 
-116.125, 76.125, 7.24431854209145e-23, nan 
-115.875, 76.125, 9.391580224606291e-23, nan 
-115.625, 76.125, 1.2878127683506052e-22, nan 
-115.375, 76.125, 1.4861591488856153e-22, nan 
-115.125, 76.125, 1.3095320797382715e-22, nan 
-114.875, 76.125, 1.2594939336173446e-22, nan 
-114.625, 76.125, 1.582591017895923e-22, nan 
-114.375, 76.125, 2.052680663218615e-22, nan 
-114.125, 76.125, 2.2729467088920484e-22, nan 
-113.875, 76.125, 1.4852674957253235e-22, nan 
-113.625, 76.125, 1.0463167492945905e-22, nan 
-113.375, 76.125, 1.0522724145361929e-22, nan 
-113.125, 76.125, 1.4374579565371765e-22, nan 
-112.875, 76.125, 1.5871374656764317e-22, nan 
-112.625, 76.125, 1.2038494852998879e-22, nan 
-112.375, 76.125, 8.220162151915052e-23, nan 
-112.125, 76.125, 1.3230920235122507e-22, nan 
-111.875, 76.125, 1.4610782258433026e-22, nan 
-111.625, 76.125, 1.6559101891699396e-22, nan 
-111.375, 76.125, 1.8134298339861838e-22, nan 
-111.125, 76.125, 1.5147287012775657e-22, nan 
-110.875, 76.125, 1.3766364746717548e-22, nan 
-110.625, 76.125, 1.2668610327667546e-22, nan 
-110.375, 76.125, 1.212387448525521e-22, nan 
-110.125, 76.125, 8.3976042721589e-23, nan 
-109.875, 76.125, 3.3725899815472506e-23, nan 
-109.625, 76.125, 2.684866102812195e-23, nan 
-109.375, 76.125, 2.239260443750123e-23, nan 
-109.125, 76.125, 2.6320555478676142e-23, nan 
-108.875, 76.125, 2.8090769271008684e-23, nan 
-108.625, 76.125, 1.8582274045217595e-23, nan 
-108.375, 76.125, 1.4038515750659844e-23, nan 
-108.125, 76.125, 1.9825965561964812e-23, nan 
-107.875, 76.125, 1.4963959432113294e-23, nan 
-107.625, 76.125, 6.883759885401109e-24, nan 
-107.375, 76.125, 8.699479902367498e-24, nan 
-107.125, 76.125, 2.5893334514477692e-23, nan 
-106.875, 76.125, 3.897684427602544e-23, nan 
-106.625, 76.125, 3.482853510656894e-23, nan 
-106.375, 76.125, 1.8700272558073105e-23, nan 
-106.125, 76.125, 1.4186008118592762e-23, nan 
-105.875, 76.125, 1.853682290179972e-23, nan 
-105.625, 76.125, 3.1965103100169525e-23, nan 
-105.375, 76.125, 2.8840284937479306e-23, nan 
-105.125, 76.125, 3.7361455252701337e-23, nan 
-104.875, 76.125, 3.308813758284698e-23, nan 
-104.625, 76.125, 2.190834262865619e-23, nan 
76.625, 76.125, 2.1335787131121902e-23, nan 
76.875, 76.125, 2.2242055223157452e-23, nan 
77.125, 76.125, 2.6923625543890046e-23, nan 
77.375, 76.125, 1.7083153626962796e-23, nan 
77.625, 76.125, 1.715377618852469e-23, nan 
77.875, 76.125, 2.0067078154380206e-23, nan 
78.125, 76.125, 2.831088003290283e-23, nan 
78.375, 76.125, 3.049188360148013e-23, nan 
78.625, 76.125, 1.624959001464599e-23, nan 
78.875, 76.125, 8.966831739104896e-24, nan 
79.125, 76.125, 1.1249484055738012e-23, nan 
79.375, 76.125, 1.6679418907529042e-23, nan 
79.625, 76.125, 1.7700251369752242e-23, nan 
79.875, 76.125, 1.8119938208057472e-23, nan 
80.125, 76.125, 2.209973274923478e-23, nan 
80.375, 76.125, 1.2008412416167474e-23, nan 
80.625, 76.125, 2.0359079847969648e-23, nan 
80.875, 76.125, 1.0914232368428554e-23, nan 
81.125, 76.125, 1.380081519416192e-23, nan 
81.375, 76.125, 6.109776171036969e-24, nan 
81.625, 76.125, 1.0206432635383209e-23, nan 
81.875, 76.125, 8.853409018356491e-24, nan 
82.125, 76.125, 7.717141324301382e-24, nan 
82.375, 76.125, 8.080610255707834e-24, nan 
82.625, 76.125, 3.9890684767430526e-24, nan 
82.875, 76.125, 4.867630943019831e-24, nan 
83.125, 76.125, 5.599868544466735e-24, nan 
83.375, 76.125, 6.5067556981494676e-24, nan 
83.625, 76.125, 4.743709156881405e-24, nan 
83.875, 76.125, 3.313506262273668e-24, nan 
84.125, 76.125, 5.351156409844481e-24, nan 
84.375, 76.125, 8.884869355542382e-24, nan 
84.625, 76.125, 1.0505631006308895e-23, nan 
84.875, 76.125, 5.1823268390174864e-24, nan 
85.125, 76.125, 6.051770179053121e-24, nan 
85.375, 76.125, 8.906788861275584e-24, nan 
85.625, 76.125, 1.3704403484433324e-23, nan 
85.875, 76.125, 1.0250191951584996e-23, nan 
86.125, 76.125, 2.033243000890489e-23, nan 
86.375, 76.125, 2.0000075107411912e-23, nan 
86.625, 76.125, 1.3667432322777496e-23, nan 
86.875, 76.125, 1.0000253755743406e-23, nan 
87.125, 76.125, 1.384809225128536e-23, nan 
87.375, 76.125, 1.8008448358634832e-23, nan 
87.625, 76.125, 1.8835304278413e-23, nan 
87.875, 76.125, 1.6235076770503654e-23, nan 
88.125, 76.125, 1.2337129940411455e-23, nan 
88.375, 76.125, 3.3235167668401247e-23, nan 
88.625, 76.125, 3.5337295424734e-23, nan 
88.875, 76.125, 4.0523965911619344e-23, nan 
89.125, 76.125, 3.152607090643162e-23, nan 
89.375, 76.125, 1.4796245405278437e-23, nan 
89.625, 76.125, 2.7413050489449164e-23, nan 
89.875, 76.125, 1.752210250759918e-23, nan 
90.125, 76.125, 3.399289362327119e-23, nan 
90.375, 76.125, 2.6031958215904028e-23, nan 
90.625, 76.125, 4.2162092156919003e-23, nan 
90.875, 76.125, 5.974694433226276e-23, nan 
91.125, 76.125, 4.229398584537486e-23, nan 
91.375, 76.125, 3.691254930856707e-23, nan 
91.625, 76.125, 2.7799407537734595e-23, nan 
91.875, 76.125, 2.688084764158615e-23, nan 
92.125, 76.125, 3.749259676995459e-23, nan 
92.375, 76.125, 2.9046776227192186e-23, nan 
92.625, 76.125, 2.991873402192887e-23, nan 
92.875, 76.125, 3.13242333143338e-23, nan 
93.125, 76.125, 2.8099492079445483e-23, nan 
93.375, 76.125, 3.2951648859832834e-23, nan 
93.625, 76.125, 2.183674177383811e-23, nan 
93.875, 76.125, 1.5170819651335314e-23, nan 
94.125, 76.125, 2.1036296181055732e-23, nan 
94.375, 76.125, 1.657783145203424e-23, nan 
94.625, 76.125, 1.485899280007734e-23, nan 
94.875, 76.125, 1.681500322374348e-23, nan 
95.125, 76.125, 1.7115992287163736e-23, nan 
95.375, 76.125, 2.2198375134067786e-23, nan 
95.625, 76.125, 2.4594143799248284e-23, nan 
95.875, 76.125, 2.019931533930493e-23, nan 
96.125, 76.125, 2.1737283512739395e-23, nan 
96.375, 76.125, 2.590282890248156e-23, nan 
96.625, 76.125, 2.268922235173006e-23, nan 
96.875, 76.125, 2.3934268358100536e-23, nan 
97.125, 76.125, 2.7562567436238384e-23, nan 
97.375, 76.125, 2.6082338260662554e-23, nan 
97.625, 76.125, 3.159349207645422e-23, nan 
97.875, 76.125, 2.7026617082224886e-23, nan 
98.125, 76.125, 1.847915215551653e-23, nan 
98.375, 76.125, 2.71317288962505e-23, nan 
98.625, 76.125, 2.6349665006975298e-23, nan 
98.875, 76.125, 2.1332992288937508e-23, nan 
99.125, 76.125, 1.8172073993829877e-23, nan 
99.375, 76.125, 1.4894918148960746e-23, nan 
99.625, 76.125, 9.252120302775609e-24, nan 
99.875, 76.125, 1.6038003356593147e-23, nan 
100.125, 76.125, 1.586285907413124e-23, nan 
100.375, 76.125, 2.9389092297726014e-23, nan 
100.625, 76.125, 3.946495338498491e-23, nan 
100.875, 76.125, 1.9312627729597358e-23, nan 
101.125, 76.125, 1.5228263104472912e-23, nan 
101.375, 76.125, 1.4546100026435598e-23, nan 
101.625, 76.125, 9.69978373970015e-24, nan 
101.875, 76.125, 1.5730337593476728e-23, nan 
102.125, 76.125, 2.316744760721307e-23, nan 
102.375, 76.125, 1.4968735730149512e-23, nan 
102.625, 76.125, 1.015285675154528e-23, nan 
102.875, 76.125, 2.0424894383759907e-23, nan 
103.125, 76.125, 3.2235974596803324e-23, nan 
103.375, 76.125, 2.1506598899586595e-23, nan 
103.625, 76.125, 2.326012201432104e-23, nan 
103.875, 76.125, 2.1664398697320398e-23, nan 
104.125, 76.125, 3.2890517706308193e-23, nan 
104.375, 76.125, 6.729646106586108e-23, nan 
104.625, 76.125, 3.6416833023031254e-23, nan 
104.875, 76.125, 2.1074234711845617e-23, nan 
105.125, 76.125, 2.740161940113944e-23, nan 
105.375, 76.125, 2.9933547561663947e-23, nan 
105.625, 76.125, 3.6049594918632644e-23, nan 
105.875, 76.125, 2.3172753398047935e-23, nan 
106.125, 76.125, 2.3509283691529144e-23, nan 
106.375, 76.125, 1.5398426000013763e-23, nan 
106.625, 76.125, 2.3255027404018978e-23, nan 
106.875, 76.125, 3.0513793581972596e-23, nan 
107.125, 76.125, 3.184793529126844e-23, nan 
107.375, 76.125, 2.4392633496332815e-23, nan 
107.625, 76.125, 4.604621324600773e-23, nan 
107.875, 76.125, 5.334589690562595e-23, nan 
108.125, 76.125, 3.138390074725609e-23, nan 
108.375, 76.125, 3.2933080467943753e-23, nan 
108.625, 76.125, 4.525088124353128e-23, nan 
108.875, 76.125, 5.385906722883739e-23, nan 
109.125, 76.125, 3.7129294905161945e-23, nan 
109.375, 76.125, 2.182773039528457e-23, nan 
109.625, 76.125, 5.1116894782789736e-23, nan 
109.875, 76.125, 3.5282480988877244e-23, nan 
110.125, 76.125, 5.440638878258303e-23, nan 
110.375, 76.125, 3.300120572340964e-23, nan 
110.625, 76.125, 3.9099979448124676e-23, nan 
110.875, 76.125, 3.614049306829813e-23, nan 
111.125, 76.125, 3.3781194230669e-23, nan 
111.375, 76.125, 3.2243979191806276e-23, nan 
111.625, 76.125, 3.553918997582541e-23, nan 
111.875, 76.125, 3.825336327479974e-23, nan 
112.125, 76.125, 3.1752953963875164e-23, nan 
112.375, 76.125, 5.012987827902097e-23, nan 
112.625, 76.125, 5.354111041257815e-23, nan 
112.875, 76.125, 5.780548233573175e-23, nan 
113.125, 76.125, 4.05723518647753e-23, nan 
113.375, 76.125, 3.184624879388979e-23, nan 
113.625, 76.125, 2.763918115831825e-23, nan 
113.875, 76.125, 2.7005995673926153e-23, nan 
114.125, 76.125, 6.014481107406813e-23, nan 
114.375, 76.125, 4.260205754015579e-23, nan 
114.625, 76.125, 2.5000982159807775e-23, nan 
114.875, 76.125, 5.673763182286781e-23, nan 
115.125, 76.125, 7.880195306771855e-23, nan 
115.375, 76.125, 8.4829622575923e-23, nan 
115.625, 76.125, 6.434451048941465e-23, nan 
115.875, 76.125, 5.84560316214488e-23, nan 
116.125, 76.125, 8.231862855089397e-23, nan 
116.375, 76.125, 6.328782838234432e-23, nan 
116.625, 76.125, 7.231478660571276e-23, nan 
116.875, 76.125, 6.891520495229614e-23, nan 
117.125, 76.125, 8.075776621908427e-23, nan 
117.375, 76.125, 6.832066382523825e-23, nan 
117.625, 76.125, 7.531774366089086e-23, nan 
117.875, 76.125, 8.117526315320955e-23, nan 
118.125, 76.125, 7.084950695807355e-23, nan 
118.375, 76.125, 5.635318924349e-23, nan 
118.625, 76.125, 6.899009855425723e-23, nan 
118.875, 76.125, 4.700908096895485e-23, nan 
119.125, 76.125, 3.996733694361419e-23, nan 
119.375, 76.125, 3.9967547488554215e-23, nan 
119.625, 76.125, 1.1983356247314424e-22, nan 
119.875, 76.125, 1.5647827518917452e-22, nan 
120.125, 76.125, 9.34364945487332e-23, nan 
120.375, 76.125, 6.204251364885993e-23, nan 
120.625, 76.125, 4.9684331786646334e-23, nan 
120.875, 76.125, 1.0249376379105054e-22, nan 
121.125, 76.125, 1.2113698224763945e-22, nan 
121.375, 76.125, 8.722864152223875e-23, nan 
121.625, 76.125, 5.701917169614095e-23, nan 
121.875, 76.125, 4.853214337554098e-23, nan 
122.125, 76.125, 5.65535481315576e-23, nan 
122.375, 76.125, 5.35250433273673e-23, nan 
122.625, 76.125, 1.158078995348303e-22, nan 
122.875, 76.125, 1.05297013751946e-22, nan 
123.125, 76.125, 5.774054856380631e-23, nan 
123.375, 76.125, 5.923708566748743e-23, nan 
123.625, 76.125, 8.94379681921263e-23, nan 
123.875, 76.125, 1.106459902997962e-22, nan 
124.125, 76.125, 9.331767139804946e-23, nan 
124.375, 76.125, 7.39100935483166e-23, nan 
124.625, 76.125, 7.275357008834574e-23, nan 
124.875, 76.125, 4.5661376564828875e-23, nan 
125.125, 76.125, 6.877162543905296e-23, nan 
125.375, 76.125, 6.604907230325314e-23, nan 
125.625, 76.125, 7.336226797567954e-23, nan 
125.875, 76.125, 9.111511772999264e-23, nan 
126.125, 76.125, 7.766414383830543e-23, nan 
126.375, 76.125, 7.845888555287535e-23, nan 
126.625, 76.125, 3.434972757142129e-23, nan 
126.875, 76.125, 9.530545237933444e-23, nan 
127.125, 76.125, 1.201863306824045e-22, nan 
127.375, 76.125, 1.1000456107618869e-22, nan 
127.625, 76.125, 1.2674139062313924e-22, nan 
127.875, 76.125, 4.054723052821477e-23, nan 
128.125, 76.125, 7.25098895665762e-23, nan 
128.375, 76.125, 1.2942539303473552e-22, nan 
128.625, 76.125, 1.8083157689684687e-22, nan 
128.875, 76.125, 1.8827366243335712e-22, nan 
129.125, 76.125, 1.7682523031559219e-22, nan 
129.375, 76.125, 2.1349799543308857e-22, nan 
129.625, 76.125, 1.7966854004047684e-22, nan 
129.875, 76.125, 2.06548136921096e-22, nan 
130.125, 76.125, 2.0891925223579514e-22, nan 
130.375, 76.125, 2.0330698180292706e-22, nan 
130.625, 76.125, 2.0358689219913117e-22, nan 
130.875, 76.125, 1.6270308588484832e-22, nan 
131.125, 76.125, 1.5701283337081636e-22, nan 
131.375, 76.125, 2.0647125286697921e-22, nan 
131.625, 76.125, 2.196290069618949e-22, nan 
131.875, 76.125, 2.134892732251288e-22, nan 
132.125, 76.125, 1.9953803988397713e-22, nan 
132.375, 76.125, 1.4722709354505166e-22, nan 
132.625, 76.125, 1.592552719138205e-22, nan 
132.875, 76.125, 1.358164257628231e-22, nan 
133.125, 76.125, 1.9603103532736976e-22, nan 
133.375, 76.125, 1.8679562268767203e-22, nan 
133.625, 76.125, 1.503720073479845e-22, nan 
133.875, 76.125, 1.7650906450696633e-22, nan 
134.125, 76.125, 1.7904665234247281e-22, nan 
134.375, 76.125, 1.295945536922103e-22, nan 
134.625, 76.125, 5.636350933239238e-23, nan 
134.875, 76.125, 9.125180322379617e-23, nan 
135.125, 76.125, 9.852042162010936e-23, nan 
135.375, 76.125, 2.3785560498206935e-22, nan 
135.625, 76.125, 2.925480833735399e-22, nan 
135.875, 76.125, 2.4827450018887986e-22, nan 
136.125, 76.125, 2.342911130805516e-22, nan 
136.375, 76.125, 1.2650072969880762e-22, nan 
136.625, 76.125, 1.9331085451163583e-22, nan 
136.875, 76.125, 1.7646562696452546e-22, nan 
137.125, 76.125, 1.1620656059947987e-22, nan 
137.375, 76.125, 1.5617001633371053e-22, nan 
137.625, 76.125, 1.4335229631955174e-22, nan 
137.875, 76.125, 5.1239393759122386e-23, nan 
138.125, 76.125, 2.349107496956284e-22, nan 
138.375, 76.125, 1.8893599281375494e-22, nan 
138.625, 76.125, 4.0743123725104384e-22, nan 
138.875, 76.125, 4.0833720733993204e-22, nan 
139.125, 76.125, 5.263102395427842e-22, nan 
139.375, 76.125, 4.739396315572847e-22, nan 
139.625, 76.125, 6.627340017812788e-22, nan 
139.875, 76.125, 5.29341529265931e-22, nan 
140.125, 76.125, 4.882575871888172e-22, nan 
140.375, 76.125, 6.056559064821687e-22, nan 
140.625, 76.125, 5.045954725082341e-22, nan 
140.875, 76.125, 6.67226579063191e-22, nan 
141.125, 76.125, 3.668353760101726e-22, nan 
141.375, 76.125, 2.6052996957014907e-22, nan 
141.625, 76.125, 2.607671131873797e-22, nan 
141.875, 76.125, 3.2592345292382775e-22, nan 
142.125, 76.125, 2.12320640585618e-22, nan 
142.375, 76.125, 2.621905105017711e-22, nan 
142.625, 76.125, 3.0196426533503416e-22, nan 
142.875, 76.125, 3.452809842798958e-22, nan 
143.125, 76.125, 3.0132102657410206e-22, nan 
143.375, 76.125, 1.0652584061775233e-22, nan 
143.625, 76.125, 1.2939731496998185e-22, nan 
143.875, 76.125, 1.868732327936832e-22, nan 
144.125, 76.125, 1.6941887399894699e-22, nan 
144.375, 76.125, 2.3705237568303685e-22, nan 
144.625, 76.125, 4.578257127006378e-22, nan 
144.875, 76.125, 6.4602169813991735e-22, nan 
145.125, 76.125, 9.4411312106737e-22, nan 
145.375, 76.125, 1.117977725660739e-21, nan 
145.625, 76.125, 9.831662654004716e-22, nan 
145.875, 76.125, 8.932982667110457e-22, nan 
146.125, 76.125, 7.490054176770503e-22, nan 
146.375, 76.125, 1.0800040136020209e-21, nan 
146.625, 76.125, 1.1335105534105468e-21, nan 
146.875, 76.125, 1.0015085687457544e-21, nan 
147.125, 76.125, 1.079173118048035e-21, nan 
147.375, 76.125, 1.302105412422898e-21, nan 
147.625, 76.125, 1.9663765809441994e-21, nan 
147.875, 76.125, 1.4179742693260837e-21, nan 
148.125, 76.125, 1.2894444429207932e-21, nan 
148.375, 76.125, 9.214638531823462e-22, nan 
148.625, 76.125, 1.3186670474903017e-21, nan 
148.875, 76.125, 1.4231724088016593e-21, nan 
149.125, 76.125, 1.0523539665807843e-21, nan 
149.375, 76.125, 6.224093963957527e-22, nan 
149.625, 76.125, 2.9112260020884124e-22, nan 
149.875, 76.125, 2.9879442007781466e-22, nan 
150.125, 76.125, 5.110551781445547e-22, nan 
150.375, 76.125, 5.739382572481052e-22, nan 
150.625, 76.125, 9.452683473465887e-22, nan 
150.875, 76.125, 5.644938770309807e-22, nan 
151.125, 76.125, 5.700031823249929e-22, nan 
151.375, 76.125, 1.2682747203195373e-21, nan 
151.625, 76.125, 1.1562341780384408e-21, nan 
151.875, 76.125, 1.4982722957846293e-21, nan 
152.125, 76.125, 7.596017681419039e-22, nan 
152.375, 76.125, 7.503533525240233e-22, nan 
152.625, 76.125, 2.2454818433526083e-21, nan 
152.875, 76.125, 2.9547740248451113e-21, nan 
153.125, 76.125, 3.600739919681954e-21, nan 
153.375, 76.125, 2.0598121042642145e-21, nan 
153.625, 76.125, 2.308474345729102e-21, nan 
153.875, 76.125, 2.719700192627576e-21, nan 
154.125, 76.125, 3.2682415933028546e-21, nan 
154.375, 76.125, 4.247624015921148e-21, nan 
154.625, 76.125, 3.3326883090079645e-21, nan 
154.875, 76.125, 4.025433823365617e-21, nan 
155.125, 76.125, 3.3005683428172937e-21, nan 
155.375, 76.125, 3.911945484339912e-21, nan 
155.625, 76.125, 5.735921878648035e-21, nan 
155.875, 76.125, 7.317399479247836e-21, nan 
156.125, 76.125, 4.710905288509201e-21, nan 
156.375, 76.125, 3.931061740388502e-21, nan 
156.625, 76.125, 8.043967589709371e-21, nan 
156.875, 76.125, 1.3478848045484194e-20, nan 
157.125, 76.125, 1.3650102934820762e-20, nan 
157.375, 76.125, 7.752210370809409e-21, nan 
157.625, 76.125, 7.980547064065642e-21, nan 
157.875, 76.125, 1.3581822142202487e-20, nan 
158.125, 76.125, 2.079382381387112e-20, nan 
158.375, 76.125, 1.7811646839678916e-20, nan 
158.625, 76.125, 9.259232021585848e-21, nan 
158.875, 76.125, 6.789335951695994e-21, nan 
159.125, 76.125, 9.526022006567492e-21, nan 
159.375, 76.125, 1.3427107982450103e-20, nan 
159.625, 76.125, 1.68828292127423e-20, nan 
159.875, 76.125, 2.570331319826578e-20, nan 
160.125, 76.125, 1.9721633338759388e-20, nan 
160.375, 76.125, 3.0325250952308266e-20, nan 
160.625, 76.125, 5.779267170418091e-20, nan 
160.875, 76.125, 7.827086990628584e-20, nan 
161.125, 76.125, 8.629713875285082e-20, nan 
161.375, 76.125, 6.514293263876448e-20, nan 
161.625, 76.125, 6.698175628770804e-20, nan 
161.875, 76.125, 7.608102788193734e-20, nan 
162.125, 76.125, 7.97396197666953e-20, nan 
162.375, 76.125, 6.85495266082049e-20, nan 
162.625, 76.125, 6.113959772574575e-20, nan 
162.875, 76.125, 7.691137793774108e-20, nan 
163.125, 76.125, 1.4848918087181763e-19, nan 
163.375, 76.125, 1.5093864082705585e-19, nan 
163.625, 76.125, 1.711169800642103e-19, nan 
163.875, 76.125, 2.011788523526535e-19, nan 
164.125, 76.125, 2.6669112594820266e-19, nan 
164.375, 76.125, 1.931038669811996e-19, nan 
164.625, 76.125, 1.9338261068515497e-19, nan 
164.875, 76.125, 2.856908867147415e-19, nan 
165.125, 76.125, 2.9438368536964903e-19, nan 
165.375, 76.125, 3.773916248709204e-19, nan 
165.625, 76.125, 3.4320841108883425e-19, nan 
165.875, 76.125, 4.2598233261128805e-19, nan 
166.125, 76.125, 6.164166874822225e-19, nan 
166.375, 76.125, 5.498127516503614e-19, nan 
166.625, 76.125, 7.63054178813013e-19, nan 
166.875, 76.125, 8.389608097379456e-19, nan 
167.125, 76.125, 8.84058165104653e-19, nan 
167.375, 76.125, 1.0267593367774046e-18, nan 
167.625, 76.125, 9.630869985686673e-19, nan 
167.875, 76.125, 9.829228198422485e-19, nan 
168.125, 76.125, 6.779828770092797e-19, nan 
168.375, 76.125, 6.741201087862691e-19, nan 
168.625, 76.125, 4.0463723484959926e-19, nan 
168.875, 76.125, 5.488735493709017e-19, nan 
169.125, 76.125, 3.024096451708021e-19, nan 
169.375, 76.125, 1.4161446215760538e-19, nan 
169.625, 76.125, 6.142297623361813e-20, nan 
169.875, 76.125, 7.957770328524021e-20, nan 
170.125, 76.125, 5.605052674685845e-20, nan 
170.375, 76.125, 2.0055685735305593e-20, nan 
170.625, 76.125, 4.012601496815929e-20, nan 
170.875, 76.125, 5.427948927126926e-20, nan 
171.125, 76.125, 8.022486560410654e-20, nan 
171.375, 76.125, 1.0745444067854042e-19, nan 
171.625, 76.125, 2.927089669473989e-20, nan 
171.875, 76.125, 3.6280916880076114e-20, nan 
172.125, 76.125, 3.6313281503897053e-20, nan 
172.375, 76.125, 3.1650639834144094e-20, nan 
172.625, 76.125, 3.289189249747324e-20, nan 
172.875, 76.125, 3.5084788886943646e-20, nan 
173.125, 76.125, 3.000264690374283e-20, nan 
173.375, 76.125, 2.2673070582620772e-20, nan 
173.625, 76.125, 2.0700299576930724e-20, nan 
173.875, 76.125, 3.384260422014446e-20, nan 
174.125, 76.125, 3.949078534621141e-20, nan 
174.375, 76.125, 2.807015280788163e-20, nan 
174.625, 76.125, 2.7711672932641516e-20, nan 
174.875, 76.125, 3.144336383583751e-20, nan 
175.125, 76.125, 3.451514343219076e-20, nan 
175.375, 76.125, 3.020126559458933e-20, nan 
175.625, 76.125, 2.0687609728360504e-20, nan 
175.875, 76.125, 1.9019768853319504e-20, nan 
176.125, 76.125, 2.0974344356402253e-20, nan 
176.375, 76.125, 1.7844468816364363e-20, nan 
176.625, 76.125, 1.2466303760587503e-20, nan 
176.875, 76.125, 8.233530219521139e-21, nan 
177.125, 76.125, 6.775610604464983e-21, nan 
177.375, 76.125, 1.062427473977684e-20, nan 
177.625, 76.125, 8.519419086584843e-21, nan 
177.875, 76.125, 6.082402933220875e-21, nan 
178.125, 76.125, 2.643726922166902e-21, nan 
178.375, 76.125, 7.663180311390193e-21, nan 
178.625, 76.125, 9.631623110847162e-21, nan 
178.875, 76.125, 1.0299768475934769e-20, nan 
179.125, 76.125, 9.428868288390506e-21, nan 
179.375, 76.125, 8.073462817842309e-21, nan 
179.625, 76.125, 7.534004568800587e-21, nan 
179.875, 76.125, 7.814392064557645e-21, nan 
-179.875, 76.375, 1.0015196396146241e-20, nan 
-179.625, 76.375, 9.984497017251687e-21, nan 
-179.375, 76.375, 9.03449911603188e-21, nan 
-179.125, 76.375, 6.5103913016994406e-21, nan 
-178.875, 76.375, 8.268091907900746e-21, nan 
-178.625, 76.375, 1.0916676932268936e-20, nan 
-178.375, 76.375, 1.0965692770879603e-20, nan 
-178.125, 76.375, 9.634309369014121e-21, nan 
-177.875, 76.375, 7.167118889802289e-21, nan 
-177.625, 76.375, 4.219866938454496e-21, nan 
-177.375, 76.375, 1.3729837871132098e-21, nan 
-177.125, 76.375, 1.5333456803634418e-21, nan 
-176.875, 76.375, 9.415329517594648e-22, nan 
-176.625, 76.375, 8.97060165076269e-22, nan 
-176.375, 76.375, 1.237292915655985e-21, nan 
-176.125, 76.375, 1.0455160583786865e-21, nan 
-175.875, 76.375, 8.624034646415723e-22, nan 
-175.625, 76.375, 1.2745321043025965e-21, nan 
-175.375, 76.375, 8.753753805137791e-22, nan 
-175.125, 76.375, 8.762107328408367e-22, nan 
-174.875, 76.375, 8.622368768401587e-22, nan 
-174.625, 76.375, 1.4592892693056769e-21, nan 
-174.375, 76.375, 2.0807894188509424e-21, nan 
-174.125, 76.375, 1.7376788959591588e-21, nan 
-173.875, 76.375, 2.287397826402564e-21, nan 
-173.625, 76.375, 3.938794726670018e-21, nan 
-173.375, 76.375, 6.559778659807521e-21, nan 
-173.125, 76.375, 5.335600866940446e-21, nan 
-172.875, 76.375, 3.7653674113640906e-21, nan 
-172.625, 76.375, 5.350545127053404e-21, nan 
-172.375, 76.375, 5.7274535079961454e-21, nan 
-172.125, 76.375, 3.738000331159486e-21, nan 
-171.875, 76.375, 2.6276159686567856e-21, nan 
-171.625, 76.375, 2.4419573495315045e-21, nan 
-171.375, 76.375, 2.7715848257586243e-21, nan 
-171.125, 76.375, 3.759963459031126e-21, nan 
-170.875, 76.375, 2.82222577838858e-21, nan 
-170.625, 76.375, 3.2977282242341076e-21, nan 
-170.375, 76.375, 2.584286676994655e-21, nan 
-170.125, 76.375, 2.355204310309544e-21, nan 
-169.875, 76.375, 2.1386213286100698e-21, nan 
-169.625, 76.375, 1.8182469277788937e-21, nan 
-169.375, 76.375, 1.3329569437392747e-21, nan 
-169.125, 76.375, 1.5298632110668336e-21, nan 
-168.875, 76.375, 1.2069782052382416e-21, nan 
-168.625, 76.375, 2.146526510400588e-21, nan 
-168.375, 76.375, 1.7237438295559357e-21, nan 
-168.125, 76.375, 1.2342693673715224e-21, nan 
-167.875, 76.375, 1.8813688688266885e-21, nan 
-167.625, 76.375, 2.023637550688105e-21, nan 
-167.375, 76.375, 1.3433704293656857e-21, nan 
-167.125, 76.375, 1.2735110136561755e-21, nan 
-166.875, 76.375, 1.4847734050427179e-21, nan 
-166.625, 76.375, 1.3158006027923129e-21, nan 
-166.375, 76.375, 1.4174651342358085e-21, nan 
-166.125, 76.375, 9.75014956897922e-22, nan 
-165.875, 76.375, 1.2558970554467226e-21, nan 
-165.625, 76.375, 1.648805407825566e-21, nan 
-165.375, 76.375, 1.1474963648129963e-21, nan 
-165.125, 76.375, 1.079689186843549e-21, nan 
-164.875, 76.375, 1.6828718032406374e-21, nan 
-164.625, 76.375, 1.842460928227561e-21, nan 
-164.375, 76.375, 1.688667146054814e-21, nan 
-164.125, 76.375, 1.597430314884607e-21, nan 
-163.875, 76.375, 1.5141393696429202e-21, nan 
-163.625, 76.375, 1.2506566764001515e-21, nan 
-163.375, 76.375, 1.073456174770515e-21, nan 
-163.125, 76.375, 1.0689351174987321e-21, nan 
-162.875, 76.375, 1.1018933277079245e-21, nan 
-162.625, 76.375, 1.2564384965108213e-21, nan 
-162.375, 76.375, 1.0108677980822312e-21, nan 
-162.125, 76.375, 8.191625402341833e-22, nan 
-161.875, 76.375, 7.689281796521134e-22, nan 
-161.625, 76.375, 7.739064203986871e-22, nan 
-161.375, 76.375, 9.72028495220933e-22, nan 
-161.125, 76.375, 7.4975988443582035e-22, nan 
-160.875, 76.375, 7.201102137417547e-22, nan 
-160.625, 76.375, 5.244948834665267e-22, nan 
-160.375, 76.375, 6.055496716533219e-22, nan 
-160.125, 76.375, 3.889837938989639e-22, nan 
-159.875, 76.375, 5.173007641646294e-22, nan 
-159.625, 76.375, 5.0277572567749775e-22, nan 
-159.375, 76.375, 6.139579462248114e-22, nan 
-159.125, 76.375, 5.057533674242369e-22, nan 
-158.875, 76.375, 3.884750029742163e-22, nan 
-158.625, 76.375, 3.59654817300984e-22, nan 
-158.375, 76.375, 4.615691348674929e-22, nan 
-158.125, 76.375, 1.1514022441831844e-21, nan 
-157.875, 76.375, 1.1394462037911618e-21, nan 
-157.625, 76.375, 8.579841215222202e-22, nan 
-157.375, 76.375, 1.0404262447324143e-21, nan 
-157.125, 76.375, 1.3063281550506027e-21, nan 
-156.875, 76.375, 1.285412777853983e-21, nan 
-156.625, 76.375, 1.1469488060701663e-21, nan 
-156.375, 76.375, 1.0236604657332732e-21, nan 
-156.125, 76.375, 1.0010391119960942e-21, nan 
-155.875, 76.375, 1.0318456722983896e-21, nan 
-155.625, 76.375, 1.2447650543872114e-21, nan 
-155.375, 76.375, 1.0694333778894784e-21, nan 
-155.125, 76.375, 9.590033809932944e-22, nan 
-154.875, 76.375, 8.686545006039077e-22, nan 
-154.625, 76.375, 8.766451305849275e-22, nan 
-154.375, 76.375, 9.039733489388303e-22, nan 
-154.125, 76.375, 8.54501616861655e-22, nan 
-153.875, 76.375, 7.478442100688745e-22, nan 
-153.625, 76.375, 1.1003263063107659e-21, nan 
-153.375, 76.375, 9.38471648771959e-22, nan 
-153.125, 76.375, 7.325055477770275e-22, nan 
-152.875, 76.375, 7.143609047416981e-22, nan 
-152.625, 76.375, 9.959596506866758e-22, nan 
-152.375, 76.375, 8.343617600056246e-22, nan 
-152.125, 76.375, 7.586086473102069e-22, nan 
-151.875, 76.375, 7.426320850220314e-22, nan 
-151.625, 76.375, 6.543123859888799e-22, nan 
-151.375, 76.375, 6.265556865972084e-22, nan 
-151.125, 76.375, 3.7096672568596614e-22, nan 
-150.875, 76.375, 3.854147581073566e-22, nan 
-150.625, 76.375, 2.3564348772898066e-22, nan 
-150.375, 76.375, 2.105375230086633e-22, nan 
-150.125, 76.375, 2.704333063269726e-22, nan 
-149.875, 76.375, 3.7631221198632087e-22, nan 
-149.625, 76.375, 3.420592170118949e-22, nan 
-149.375, 76.375, 1.0244317462827453e-22, nan 
-149.125, 76.375, 1.7142288698771812e-22, nan 
-148.875, 76.375, 3.65347321082486e-22, nan 
-148.625, 76.375, 5.016873019688581e-22, nan 
-148.375, 76.375, 5.005326562145008e-22, nan 
-148.125, 76.375, 4.819859467131687e-22, nan 
-147.875, 76.375, 4.043133892306715e-22, nan 
-147.625, 76.375, 4.464939163228616e-22, nan 
-147.375, 76.375, 4.471905826357539e-22, nan 
-147.125, 76.375, 5.176210469140682e-22, nan 
-146.875, 76.375, 4.2214980543659346e-22, nan 
-146.625, 76.375, 4.963887338648827e-22, nan 
-146.375, 76.375, 5.685447116992366e-22, nan 
-146.125, 76.375, 6.17177490389677e-22, nan 
-145.875, 76.375, 4.743675244398056e-22, nan 
-145.625, 76.375, 3.139988438244851e-22, nan 
-145.375, 76.375, 3.2011828343636847e-22, nan 
-145.125, 76.375, 3.573863745858252e-22, nan 
-144.875, 76.375, 2.3178725032044174e-22, nan 
-144.625, 76.375, 3.016763467764457e-22, nan 
-144.375, 76.375, 3.403627579871121e-22, nan 
-144.125, 76.375, 3.6774146384250263e-22, nan 
-143.875, 76.375, 2.4335746322017563e-22, nan 
-143.625, 76.375, 1.1994466092664045e-22, nan 
-143.375, 76.375, 9.040364461457064e-23, nan 
-143.125, 76.375, 1.0813935512608534e-22, nan 
-142.875, 76.375, 1.2251197918639782e-22, nan 
-142.625, 76.375, 1.9347353496632607e-22, nan 
-142.375, 76.375, 2.9565538765642827e-22, nan 
-142.125, 76.375, 3.470361035563266e-22, nan 
-141.875, 76.375, 3.2774111028100783e-22, nan 
-141.625, 76.375, 4.874821419919977e-22, nan 
-141.375, 76.375, 4.337622621411447e-22, nan 
-141.125, 76.375, 5.061346087343125e-22, nan 
-140.875, 76.375, 4.756489957086514e-22, nan 
-140.625, 76.375, 4.478840420694993e-22, nan 
-140.375, 76.375, 5.459793542218131e-22, nan 
-140.125, 76.375, 3.2672425940499527e-22, nan 
-139.875, 76.375, 2.955651346667766e-22, nan 
-139.625, 76.375, 2.048770114711392e-22, nan 
-139.375, 76.375, 2.1863923721573685e-22, nan 
-139.125, 76.375, 3.618094818896868e-22, nan 
-138.875, 76.375, 3.2358526093187e-22, nan 
-138.625, 76.375, 3.1265314514922064e-22, nan 
-138.375, 76.375, 3.0060420472467332e-22, nan 
-138.125, 76.375, 1.4828394054755547e-22, nan 
-137.875, 76.375, 1.9232367397711672e-22, nan 
-137.625, 76.375, 2.5017900707543053e-22, nan 
-137.375, 76.375, 3.067854008284527e-22, nan 
-137.125, 76.375, 3.053100113279786e-22, nan 
-136.875, 76.375, 3.931927594135654e-22, nan 
-136.625, 76.375, 2.7686313798392806e-22, nan 
-136.375, 76.375, 2.7857322200264115e-22, nan 
-136.125, 76.375, 2.4210111048289927e-22, nan 
-135.875, 76.375, 3.4754133422590455e-22, nan 
-135.625, 76.375, 6.022612570585808e-22, nan 
-135.375, 76.375, 5.333792002617512e-22, nan 
-135.125, 76.375, 3.8149972453746107e-22, nan 
-134.875, 76.375, 1.920984536260533e-22, nan 
-134.625, 76.375, 3.919950423485962e-22, nan 
-134.375, 76.375, 6.561109162343739e-22, nan 
-134.125, 76.375, 9.263104072885205e-22, nan 
-133.875, 76.375, 9.050534689560029e-22, nan 
-133.625, 76.375, 5.922539472140138e-22, nan 
-133.375, 76.375, 4.286024168447191e-22, nan 
-133.125, 76.375, 3.9013315402732733e-22, nan 
-132.875, 76.375, 4.697838951575331e-22, nan 
-132.625, 76.375, 5.256556178560987e-22, nan 
-132.375, 76.375, 4.4763155260585075e-22, nan 
-132.125, 76.375, 2.7995171566150975e-22, nan 
-131.875, 76.375, 2.6014827523014843e-22, nan 
-131.625, 76.375, 2.5913646261584223e-22, nan 
-131.375, 76.375, 2.5381828460506337e-22, nan 
-131.125, 76.375, 2.460597014238789e-22, nan 
-130.875, 76.375, 1.8900543253749638e-22, nan 
-130.625, 76.375, 1.5754014482553054e-22, nan 
-130.375, 76.375, 1.5624995191106257e-22, nan 
-130.125, 76.375, 1.3555040285622313e-22, nan 
-129.875, 76.375, 1.4706192009785783e-22, nan 
-129.625, 76.375, 1.0686222308127004e-22, nan 
-129.375, 76.375, 3.674590679076239e-22, nan 
-129.125, 76.375, 4.411749875804387e-22, nan 
-128.875, 76.375, 2.6067616498850975e-22, nan 
-128.625, 76.375, 2.5195673303531337e-22, nan 
-128.375, 76.375, 2.6603623267268795e-22, nan 
-128.125, 76.375, 2.458061149912416e-22, nan 
-127.875, 76.375, 1.9557532778062068e-22, nan 
-127.625, 76.375, 1.5688116644154483e-22, nan 
-127.375, 76.375, 1.7269500033298366e-22, nan 
-127.125, 76.375, 1.7958586809283463e-22, nan 
-126.875, 76.375, 2.066061576617286e-22, nan 
-126.625, 76.375, 2.0070363601729852e-22, nan 
-126.375, 76.375, 1.3300013453614697e-22, nan 
-126.125, 76.375, 8.830150202270402e-23, nan 
-125.875, 76.375, 7.554449838525831e-23, nan 
-125.625, 76.375, 8.286549855882178e-23, nan 
-125.375, 76.375, 9.513204430392469e-23, nan 
-125.125, 76.375, 8.156853854665724e-23, nan 
-124.875, 76.375, 8.175975488096898e-23, nan 
-124.625, 76.375, 7.456799400520206e-23, nan 
-124.375, 76.375, 5.532744040176909e-23, nan 
-124.125, 76.375, 8.867123899794673e-23, nan 
-123.875, 76.375, 7.873437389325568e-23, nan 
-123.625, 76.375, 3.8733895610771026e-23, nan 
-123.375, 76.375, 4.3544703191781016e-23, nan 
-123.125, 76.375, 4.3077308311688234e-23, nan 
-122.875, 76.375, 4.2145401375554515e-23, nan 
-122.625, 76.375, 5.2427343073327706e-23, nan 
-122.375, 76.375, 6.778219403235856e-23, nan 
-122.125, 76.375, 8.309463603311895e-23, nan 
-121.875, 76.375, 6.801585722372312e-23, nan 
-121.625, 76.375, 4.994907466311923e-23, nan 
-121.375, 76.375, 6.236911709080189e-23, nan 
-121.125, 76.375, 5.629217809624827e-23, nan 
-120.875, 76.375, 4.9355926207028533e-23, nan 
-120.625, 76.375, 3.637087817907437e-23, nan 
-120.375, 76.375, 3.321442607500632e-23, nan 
-120.125, 76.375, 3.389848861448085e-23, nan 
-119.875, 76.375, 4.7505537154317705e-23, nan 
-119.625, 76.375, 4.2947397542877193e-23, nan 
-119.375, 76.375, 4.8419870665598854e-23, nan 
-119.125, 76.375, 5.677722387277926e-23, nan 
-118.875, 76.375, 6.644092545904007e-23, nan 
-118.625, 76.375, 5.505875810019025e-23, nan 
-118.375, 76.375, 5.99064491922997e-23, nan 
-118.125, 76.375, 5.674440883144649e-23, nan 
-117.875, 76.375, 7.307512944474889e-23, nan 
-117.625, 76.375, 6.61094152410289e-23, nan 
-117.375, 76.375, 7.529790999061856e-23, nan 
-117.125, 76.375, 7.46330458777681e-23, nan 
-116.875, 76.375, 5.433335032168959e-23, nan 
-116.625, 76.375, 8.690979437136493e-23, nan 
-116.375, 76.375, 8.758077064016219e-23, nan 
-116.125, 76.375, 1.1591825503904582e-22, nan 
-115.875, 76.375, 1.2017051590801098e-22, nan 
-115.625, 76.375, 7.777848023707465e-23, nan 
-115.375, 76.375, 7.571624829824895e-23, nan 
-115.125, 76.375, 7.166312733139472e-23, nan 
-114.875, 76.375, 1.0167487067297408e-22, nan 
-114.625, 76.375, 1.3758142927319186e-22, nan 
-114.375, 76.375, 1.7918410725899535e-22, nan 
-114.125, 76.375, 1.8740847608306426e-22, nan 
-113.875, 76.375, 1.2803274854612552e-22, nan 
-113.625, 76.375, 6.647462690603935e-23, nan 
-113.375, 76.375, 1.0916435358848237e-22, nan 
-113.125, 76.375, 1.7408928271190613e-22, nan 
-112.875, 76.375, 1.5801827117953383e-22, nan 
-112.625, 76.375, 1.2555108224933272e-22, nan 
-112.375, 76.375, 1.1339382552016051e-22, nan 
-112.125, 76.375, 1.5675608532430365e-22, nan 
-111.875, 76.375, 1.5346484344812198e-22, nan 
-111.625, 76.375, 1.6588711426927885e-22, nan 
-111.375, 76.375, 1.951685743290749e-22, nan 
-111.125, 76.375, 2.0520359206809326e-22, nan 
-110.875, 76.375, 1.8282276228453556e-22, nan 
-110.625, 76.375, 1.7072007564319795e-22, nan 
-110.375, 76.375, 1.4560326996873105e-22, nan 
-110.125, 76.375, 9.832881311977891e-23, nan 
-109.875, 76.375, 1.3106282757135034e-22, nan 
-109.625, 76.375, 1.1172362638753207e-22, nan 
-109.375, 76.375, 1.0576276949180381e-22, nan 
-109.125, 76.375, 8.348185034306943e-23, nan 
-108.875, 76.375, 5.1293023368073966e-23, nan 
-108.625, 76.375, 4.465096528470315e-23, nan 
-108.375, 76.375, 5.025218298122035e-23, nan 
-108.125, 76.375, 3.2326160759679387e-23, nan 
-107.875, 76.375, 2.8053184184989955e-23, nan 
-107.625, 76.375, 1.438752692929055e-23, nan 
-107.375, 76.375, 1.9097771679630832e-23, nan 
-107.125, 76.375, 2.3996002948280467e-23, nan 
-106.875, 76.375, 2.807389530726517e-23, nan 
-106.625, 76.375, 3.316646803493471e-23, nan 
-106.375, 76.375, 2.133579374089631e-23, nan 
-106.125, 76.375, 1.9408779028204323e-23, nan 
-105.875, 76.375, 1.2141980466942642e-23, nan 
-105.625, 76.375, 1.5145625830275056e-23, nan 
-105.375, 76.375, 1.908458476426795e-23, nan 
-105.125, 76.375, 2.341897496656599e-23, nan 
-104.875, 76.375, 1.365527696477897e-23, nan 
-104.625, 76.375, 1.9538018894560613e-23, nan 
-104.375, 76.375, 5.856385621783769e-23, nan 
-104.125, 76.375, 9.120788896434497e-23, nan 
76.125, 76.375, 1.1254057296273625e-23, nan 
76.375, 76.375, 1.0585035193208676e-23, nan 
76.625, 76.375, 1.7814534535598533e-23, nan 
76.875, 76.375, 3.801066082412841e-23, nan 
77.125, 76.375, 2.303267387788813e-23, nan 
77.375, 76.375, 1.7228680469814517e-23, nan 
77.625, 76.375, 1.5743390147436157e-23, nan 
77.875, 76.375, 2.5833422227001084e-23, nan 
78.125, 76.375, 6.690406279096281e-23, nan 
78.375, 76.375, 3.4667881028864566e-23, nan 
78.625, 76.375, 1.6552618866085443e-23, nan 
78.875, 76.375, 5.197257288255952e-24, nan 
79.125, 76.375, 1.1493610008807434e-23, nan 
79.375, 76.375, 3.189327045592832e-23, nan 
79.625, 76.375, 2.2398804356617826e-23, nan 
79.875, 76.375, 1.9957757050905644e-23, nan 
80.125, 76.375, 2.0538056828367088e-23, nan 
80.375, 76.375, 2.0487474977072448e-23, nan 
80.625, 76.375, 1.83478406769197e-23, nan 
80.875, 76.375, 1.6587591837476884e-23, nan 
81.125, 76.375, 2.194718080886377e-23, nan 
81.375, 76.375, 2.0253567100521645e-23, nan 
81.625, 76.375, 1.340470410671238e-23, nan 
81.875, 76.375, 1.7611623432299303e-23, nan 
82.125, 76.375, 9.645390308976541e-24, nan 
82.375, 76.375, 1.0266019904702731e-23, nan 
82.625, 76.375, 4.857308152938704e-24, nan 
82.875, 76.375, 7.830848137274443e-24, nan 
83.125, 76.375, 6.877681046239294e-24, nan 
83.375, 76.375, 6.942592197760444e-24, nan 
83.625, 76.375, 6.32394110144806e-24, nan 
83.875, 76.375, 7.65205146079731e-24, nan 
84.125, 76.375, 1.0656584851772549e-23, nan 
84.375, 76.375, 8.822254741267048e-24, nan 
84.625, 76.375, 1.1149925805257984e-23, nan 
84.875, 76.375, 1.0738065758234493e-23, nan 
85.125, 76.375, 7.983305770618687e-24, nan 
85.375, 76.375, 7.894313992627151e-24, nan 
85.625, 76.375, 9.210627109968786e-24, nan 
85.875, 76.375, 1.4394205163053503e-23, nan 
86.125, 76.375, 1.885029435589117e-23, nan 
86.375, 76.375, 2.1725327621045812e-23, nan 
86.625, 76.375, 3.579393262319617e-23, nan 
86.875, 76.375, 3.023575794586144e-23, nan 
87.125, 76.375, 3.4957399966873217e-23, nan 
87.375, 76.375, 2.927135206224421e-23, nan 
87.625, 76.375, 2.709261026991889e-23, nan 
87.875, 76.375, 3.011658273156336e-23, nan 
88.125, 76.375, 2.386546594742409e-23, nan 
88.375, 76.375, 3.056908689128733e-23, nan 
88.625, 76.375, 4.3119950233395824e-23, nan 
88.875, 76.375, 5.344336486244498e-23, nan 
89.125, 76.375, 5.0842979365354203e-23, nan 
89.375, 76.375, 3.113494386776862e-23, nan 
89.625, 76.375, 3.6866953700590733e-23, nan 
89.875, 76.375, 4.8427239519680195e-23, nan 
90.125, 76.375, 5.828814365726235e-23, nan 
90.375, 76.375, 4.553231807190248e-23, nan 
90.625, 76.375, 2.7205715110381084e-23, nan 
90.875, 76.375, 7.088419610615183e-23, nan 
91.125, 76.375, 6.659656110919652e-23, nan 
91.375, 76.375, 7.542624585507575e-23, nan 
91.625, 76.375, 5.093180741219262e-23, nan 
91.875, 76.375, 2.1256114443500383e-23, nan 
92.125, 76.375, 2.067611717012451e-23, nan 
92.375, 76.375, 2.9035751766224816e-23, nan 
92.625, 76.375, 2.5982422616005252e-23, nan 
92.875, 76.375, 3.0319429339596544e-23, nan 
93.125, 76.375, 2.984693213887001e-23, nan 
93.375, 76.375, 3.6968941862214316e-23, nan 
93.625, 76.375, 2.3502443057845596e-23, nan 
93.875, 76.375, 1.675006647990225e-23, nan 
94.125, 76.375, 2.3534261452090243e-23, nan 
94.375, 76.375, 1.9746189553585273e-23, nan 
94.625, 76.375, 2.0080645849218322e-23, nan 
94.875, 76.375, 1.8028241822055627e-23, nan 
95.125, 76.375, 1.8225870556705826e-23, nan 
95.375, 76.375, 1.6164583775535365e-23, nan 
95.625, 76.375, 2.0940413723449236e-23, nan 
95.875, 76.375, 1.8768439603045566e-23, nan 
96.125, 76.375, 1.9746488987599245e-23, nan 
96.375, 76.375, 2.095962135932724e-23, nan 
96.625, 76.375, 1.6707317654330823e-23, nan 
96.875, 76.375, 2.217737894643472e-23, nan 
97.125, 76.375, 2.0483959084448643e-23, nan 
97.375, 76.375, 1.6611501977909925e-23, nan 
97.625, 76.375, 9.578442424141015e-24, nan 
97.875, 76.375, 1.0061773305735255e-23, nan 
98.125, 76.375, 2.1905885160960794e-23, nan 
98.375, 76.375, 3.174519633380589e-23, nan 
98.625, 76.375, 2.918829381615246e-23, nan 
98.875, 76.375, 3.234076784374419e-23, nan 
99.125, 76.375, 3.856229516722329e-23, nan 
99.375, 76.375, 4.499908244401874e-23, nan 
99.625, 76.375, 3.4957618744731475e-23, nan 
99.875, 76.375, 4.995460415277441e-23, nan 
100.125, 76.375, 5.028413496500609e-23, nan 
100.375, 76.375, 6.171198911834528e-23, nan 
100.625, 76.375, 9.001311395776213e-23, nan 
100.875, 76.375, 3.853084418552882e-23, nan 
101.125, 76.375, 2.769344411483153e-23, nan 
101.375, 76.375, 2.328749737669483e-23, nan 
101.625, 76.375, 3.322351372780083e-23, nan 
101.875, 76.375, 5.396617890945048e-23, nan 
102.125, 76.375, 3.9385312644696683e-23, nan 
102.375, 76.375, 2.758564186881735e-23, nan 
102.625, 76.375, 2.1241021085313562e-23, nan 
102.875, 76.375, 1.4965320799463406e-23, nan 
103.125, 76.375, 1.8799395122055725e-23, nan 
103.375, 76.375, 2.2184173834408992e-23, nan 
103.625, 76.375, 2.2112320281295301e-23, nan 
103.875, 76.375, 1.9542727735074715e-23, nan 
104.125, 76.375, 3.5632244386053615e-23, nan 
104.375, 76.375, 5.35547474821735e-23, nan 
104.625, 76.375, 3.7012521532165946e-23, nan 
104.875, 76.375, 2.4834121359768538e-23, nan 
105.125, 76.375, 2.770843732470674e-23, nan 
105.375, 76.375, 2.882420693627155e-23, nan 
105.625, 76.375, 2.904910320814015e-23, nan 
105.875, 76.375, 3.453958886999071e-23, nan 
106.125, 76.375, 3.638645332951574e-23, nan 
106.375, 76.375, 3.602211108994326e-23, nan 
106.625, 76.375, 3.330223758440897e-23, nan 
106.875, 76.375, 4.0921698891845284e-23, nan 
107.125, 76.375, 3.795276973414839e-23, nan 
107.375, 76.375, 3.687332878716535e-23, nan 
107.625, 76.375, 5.153008537541282e-23, nan 
107.875, 76.375, 5.430599300694607e-23, nan 
108.125, 76.375, 3.593194515110681e-23, nan 
108.375, 76.375, 2.5042256418730058e-23, nan 
108.625, 76.375, 4.805759907278644e-23, nan 
108.875, 76.375, 2.9833483476945395e-23, nan 
109.125, 76.375, 3.379094588567829e-23, nan 
109.375, 76.375, 4.313147951138728e-23, nan 
109.625, 76.375, 5.28178654147801e-23, nan 
109.875, 76.375, 5.284658511051065e-23, nan 
110.125, 76.375, 4.68482367552911e-23, nan 
110.375, 76.375, 3.227465354370571e-23, nan 
110.625, 76.375, 4.378599382786226e-23, nan 
110.875, 76.375, 3.0174050922359515e-23, nan 
111.125, 76.375, 5.503590447345e-23, nan 
111.375, 76.375, 4.7698784309777436e-23, nan 
111.625, 76.375, 4.7285347238810615e-23, nan 
111.875, 76.375, 4.318418928807132e-23, nan 
112.125, 76.375, 5.358667395673635e-23, nan 
112.375, 76.375, 6.820654443959789e-23, nan 
112.625, 76.375, 6.428904853259321e-23, nan 
112.875, 76.375, 6.463164643261791e-23, nan 
113.125, 76.375, 6.07832549573258e-23, nan 
113.375, 76.375, 6.249011348274315e-23, nan 
113.625, 76.375, 6.088229256820711e-23, nan 
113.875, 76.375, 7.127910421924347e-23, nan 
114.125, 76.375, 7.106215574901211e-23, nan 
114.375, 76.375, 1.056844433550103e-22, nan 
114.625, 76.375, 3.4579028694510624e-23, nan 
114.875, 76.375, 7.120211825578739e-23, nan 
115.125, 76.375, 8.763711202391027e-23, nan 
115.375, 76.375, 6.816416945691604e-23, nan 
115.625, 76.375, 8.859799109592711e-23, nan 
115.875, 76.375, 1.3527252458955909e-22, nan 
116.125, 76.375, 6.997865902970583e-23, nan 
116.375, 76.375, 6.561189517688174e-23, nan 
116.625, 76.375, 6.861880717327923e-23, nan 
116.875, 76.375, 6.469704841498783e-23, nan 
117.125, 76.375, 7.215981430146475e-23, nan 
117.375, 76.375, 8.438780680355719e-23, nan 
117.625, 76.375, 1.3380853075318977e-22, nan 
117.875, 76.375, 2.0430556128291824e-22, nan 
118.125, 76.375, 2.514335982805967e-22, nan 
118.375, 76.375, 1.6691704872647883e-22, nan 
118.625, 76.375, 2.234092479154527e-22, nan 
118.875, 76.375, 9.12958343138796e-23, nan 
119.125, 76.375, 9.921647668621581e-23, nan 
119.375, 76.375, 4.043845517808134e-23, nan 
119.625, 76.375, 9.564536220511884e-23, nan 
119.875, 76.375, 1.0459114657167186e-22, nan 
120.125, 76.375, 1.2580004438047138e-22, nan 
120.375, 76.375, 9.61339284609181e-23, nan 
120.625, 76.375, 4.893217850664325e-23, nan 
120.875, 76.375, 8.819027069846974e-23, nan 
121.125, 76.375, 6.89124967650888e-23, nan 
121.375, 76.375, 5.256394394448627e-23, nan 
121.625, 76.375, 1.1883603870703083e-22, nan 
121.875, 76.375, 9.475059879575348e-23, nan 
122.125, 76.375, 1.3762929653964211e-22, nan 
122.375, 76.375, 4.4816695364947966e-23, nan 
122.625, 76.375, 1.0143809864521313e-22, nan 
122.875, 76.375, 1.3423185502803693e-22, nan 
123.125, 76.375, 9.678468090408618e-23, nan 
123.375, 76.375, 9.307196450255271e-23, nan 
123.625, 76.375, 5.381916097662556e-23, nan 
123.875, 76.375, 5.312073893926836e-23, nan 
124.125, 76.375, 6.474258654808873e-23, nan 
124.375, 76.375, 7.431696922830815e-23, nan 
124.625, 76.375, 7.986844812408813e-23, nan 
124.875, 76.375, 5.426845833374812e-23, nan 
125.125, 76.375, 5.897639591866342e-23, nan 
125.375, 76.375, 5.872768297331775e-23, nan 
125.625, 76.375, 5.779965442959318e-23, nan 
125.875, 76.375, 9.6654700322179e-23, nan 
126.125, 76.375, 4.0751079696389267e-23, nan 
126.375, 76.375, 3.497666928422433e-23, nan 
126.625, 76.375, 6.137038441596345e-23, nan 
126.875, 76.375, 6.18049082237738e-23, nan 
127.125, 76.375, 9.06563949914384e-23, nan 
127.375, 76.375, 1.0886551853102466e-22, nan 
127.625, 76.375, 1.3753993250353533e-22, nan 
127.875, 76.375, 1.3120549910775441e-22, nan 
128.125, 76.375, 1.5145038211160438e-22, nan 
128.375, 76.375, 1.3927811244767178e-22, nan 
128.625, 76.375, 1.4015035305307129e-22, nan 
128.875, 76.375, 1.5965149330799234e-22, nan 
129.125, 76.375, 2.0281787028103398e-22, nan 
129.375, 76.375, 2.4070227093429453e-22, nan 
129.625, 76.375, 1.95561353194224e-22, nan 
129.875, 76.375, 1.8375681944730575e-22, nan 
130.125, 76.375, 1.852270067974938e-22, nan 
130.375, 76.375, 1.7752719451400688e-22, nan 
130.625, 76.375, 1.7009376911167075e-22, nan 
130.875, 76.375, 1.6700368204275626e-22, nan 
131.125, 76.375, 1.7527466556908702e-22, nan 
131.375, 76.375, 1.9647741867103798e-22, nan 
131.625, 76.375, 1.6464899270372056e-22, nan 
131.875, 76.375, 1.8604686612146358e-22, nan 
132.125, 76.375, 1.4688392394275945e-22, nan 
132.375, 76.375, 1.3556957519755476e-22, nan 
132.625, 76.375, 8.500591348807323e-23, nan 
132.875, 76.375, 6.832569154267577e-23, nan 
133.125, 76.375, 7.928698171596535e-23, nan 
133.375, 76.375, 8.308606994247743e-23, nan 
133.625, 76.375, 1.1985932465470416e-22, nan 
133.875, 76.375, 6.971104965543648e-23, nan 
134.125, 76.375, 1.1126222380200825e-22, nan 
134.375, 76.375, 1.6764525678610873e-22, nan 
134.625, 76.375, 8.776251961868594e-23, nan 
134.875, 76.375, 9.631069408102032e-23, nan 
135.125, 76.375, 1.5764133139211203e-22, nan 
135.375, 76.375, 1.85819819536272e-22, nan 
135.625, 76.375, 2.0418169012910151e-22, nan 
135.875, 76.375, 1.3576523841889432e-22, nan 
136.125, 76.375, 1.40589943660875e-22, nan 
136.375, 76.375, 1.8911842581714577e-22, nan 
136.625, 76.375, 2.497099434656464e-22, nan 
136.875, 76.375, 1.6417539112082208e-22, nan 
137.125, 76.375, 9.185059353416741e-23, nan 
137.375, 76.375, 1.9368362799342071e-22, nan 
137.625, 76.375, 2.6216068556231265e-22, nan 
137.875, 76.375, 2.026042535868336e-22, nan 
138.125, 76.375, 4.0346876512040135e-22, nan 
138.375, 76.375, 4.950832132067182e-22, nan 
138.625, 76.375, 5.810309905127128e-22, nan 
138.875, 76.375, 6.450190721583935e-22, nan 
139.125, 76.375, 7.100767335761058e-22, nan 
139.375, 76.375, 6.238286163855173e-22, nan 
139.625, 76.375, 6.039961372840213e-22, nan 
139.875, 76.375, 4.78571758318647e-22, nan 
140.125, 76.375, 4.472541302951914e-22, nan 
140.375, 76.375, 4.585655310831545e-22, nan 
140.625, 76.375, 3.5613167773734626e-22, nan 
140.875, 76.375, 3.6470658756932135e-22, nan 
141.125, 76.375, 2.7580535985407205e-22, nan 
141.375, 76.375, 1.544508513050193e-22, nan 
141.625, 76.375, 1.9981960170548141e-22, nan 
141.875, 76.375, 3.2084310352179427e-22, nan 
142.125, 76.375, 2.4927643600768516e-22, nan 
142.375, 76.375, 3.3313193298319306e-22, nan 
142.625, 76.375, 4.535003170427448e-22, nan 
142.875, 76.375, 5.268291996474357e-22, nan 
143.125, 76.375, 4.919030820094408e-22, nan 
143.375, 76.375, 3.623487344495021e-22, nan 
143.625, 76.375, 5.416878205371973e-22, nan 
143.875, 76.375, 6.103792401093011e-22, nan 
144.125, 76.375, 7.808978921112549e-22, nan 
144.375, 76.375, 8.26062574181723e-22, nan 
144.625, 76.375, 8.215046281173972e-22, nan 
144.875, 76.375, 8.837937233421907e-22, nan 
145.125, 76.375, 9.025301518136889e-22, nan 
145.375, 76.375, 1.0547933119029078e-21, nan 
145.625, 76.375, 1.1141190329710034e-21, nan 
145.875, 76.375, 1.1112339355280262e-21, nan 
146.125, 76.375, 8.607175830123476e-22, nan 
146.375, 76.375, 8.460644768418139e-22, nan 
146.625, 76.375, 7.611868394106897e-22, nan 
146.875, 76.375, 1.1084731695607523e-21, nan 
147.125, 76.375, 1.1320123278408689e-21, nan 
147.375, 76.375, 1.5986393346143956e-21, nan 
147.625, 76.375, 1.51938421393218e-21, nan 
147.875, 76.375, 1.2159308424946212e-21, nan 
148.125, 76.375, 1.4992583658529428e-21, nan 
148.375, 76.375, 8.404316319540694e-22, nan 
148.625, 76.375, 1.2441569499277123e-21, nan 
148.875, 76.375, 8.770027219351594e-22, nan 
149.125, 76.375, 3.58717379911864e-22, nan 
149.375, 76.375, 1.0389327044186767e-21, nan 
149.625, 76.375, 4.931777511789807e-22, nan 
149.875, 76.375, 4.751527223172357e-22, nan 
150.125, 76.375, 1.3572265128330055e-21, nan 
150.375, 76.375, 7.241318790657197e-22, nan 
150.625, 76.375, 1.2709297344126596e-21, nan 
150.875, 76.375, 7.398779751512278e-22, nan 
151.125, 76.375, 8.514912841078146e-22, nan 
151.375, 76.375, 2.993197688258949e-21, nan 
151.625, 76.375, 1.4461634590023757e-21, nan 
151.875, 76.375, 8.003537417699942e-22, nan 
152.125, 76.375, 9.84283604949008e-22, nan 
152.375, 76.375, 3.8576699857596875e-22, nan 
152.625, 76.375, 2.4175245085393087e-21, nan 
152.875, 76.375, 2.335271498553564e-21, nan 
153.125, 76.375, 3.283801165935009e-21, nan 
153.375, 76.375, 3.1338688613138565e-21, nan 
153.625, 76.375, 3.3778178953056865e-21, nan 
153.875, 76.375, 2.8106883800105922e-21, nan 
154.125, 76.375, 3.844925289801814e-21, nan 
154.375, 76.375, 4.694257448406614e-21, nan 
154.625, 76.375, 4.399815434745037e-21, nan 
154.875, 76.375, 4.0534329346194715e-21, nan 
155.125, 76.375, 3.619069067473692e-21, nan 
155.375, 76.375, 5.163342235011978e-21, nan 
155.625, 76.375, 6.233881298552029e-21, nan 
155.875, 76.375, 5.0701318619008314e-21, nan 
156.125, 76.375, 3.584418472159921e-21, nan 
156.375, 76.375, 1.84277836553096e-21, nan 
156.625, 76.375, 6.952660894162478e-21, nan 
156.875, 76.375, 1.2086874218053526e-20, nan 
157.125, 76.375, 8.35267968099822e-21, nan 
157.375, 76.375, 8.129229091580891e-21, nan 
157.625, 76.375, 1.1151696287784558e-20, nan 
157.875, 76.375, 1.3503551810462164e-20, nan 
158.125, 76.375, 1.815009628097298e-20, nan 
158.375, 76.375, 1.364197176497445e-20, nan 
158.625, 76.375, 1.1462890729615135e-20, nan 
158.875, 76.375, 1.6441205934406087e-20, nan 
159.125, 76.375, 1.2405192574143539e-20, nan 
159.375, 76.375, 1.2147558085590636e-20, nan 
159.625, 76.375, 8.775808765838559e-21, nan 
159.875, 76.375, 2.580153187299281e-20, nan 
160.125, 76.375, 3.481401997362097e-20, nan 
160.375, 76.375, 4.716832663657919e-20, nan 
160.625, 76.375, 1.0112503839428634e-19, nan 
160.875, 76.375, 1.04036140220147e-19, nan 
161.125, 76.375, 5.2891032504221084e-20, nan 
161.375, 76.375, 6.658206351734475e-20, nan 
161.625, 76.375, 8.266626937940764e-20, nan 
161.875, 76.375, 1.2803759993584133e-19, nan 
162.125, 76.375, 1.3898137044131533e-19, nan 
162.375, 76.375, 8.867034918298597e-20, nan 
162.625, 76.375, 7.678210587666586e-20, nan 
162.875, 76.375, 7.316298386576446e-20, nan 
163.125, 76.375, 1.2909682286813523e-19, nan 
163.375, 76.375, 1.427247415317549e-19, nan 
163.625, 76.375, 1.2507190502678193e-19, nan 
163.875, 76.375, 9.71087049280865e-20, nan 
164.125, 76.375, 1.3135967261055776e-19, nan 
164.375, 76.375, 1.986717117080785e-19, nan 
164.625, 76.375, 3.966882845760351e-19, nan 
164.875, 76.375, 5.316337580283819e-19, nan 
165.125, 76.375, 6.221506261974338e-19, nan 
165.375, 76.375, 6.603186569136043e-19, nan 
165.625, 76.375, 8.580556278170196e-19, nan 
165.875, 76.375, 9.86739753385449e-19, nan 
166.125, 76.375, 8.706934995497948e-19, nan 
166.375, 76.375, 7.223400630612329e-19, nan 
166.625, 76.375, 7.219331051875152e-19, nan 
166.875, 76.375, 7.596028689913439e-19, nan 
167.125, 76.375, 9.616089626950218e-19, nan 
167.375, 76.375, 9.462581713022667e-19, nan 
167.625, 76.375, 5.355592797767887e-19, nan 
167.875, 76.375, 6.982470302602222e-19, nan 
168.125, 76.375, 5.282216769560081e-19, nan 
168.375, 76.375, 5.178286670476485e-19, nan 
168.625, 76.375, 4.833497319377619e-19, nan 
168.875, 76.375, 4.4046344811529485e-19, nan 
169.125, 76.375, 3.7264129061753385e-19, nan 
169.375, 76.375, 2.0687623872788185e-19, nan 
169.625, 76.375, 1.7450073493372602e-19, nan 
169.875, 76.375, 1.1768136001312878e-19, nan 
170.125, 76.375, 2.0986794815446855e-19, nan 
170.375, 76.375, 1.1394280793316717e-19, nan 
170.625, 76.375, 7.97792718373601e-20, nan 
170.875, 76.375, 6.060563522164721e-20, nan 
171.125, 76.375, 8.836868575178318e-20, nan 
171.375, 76.375, 1.7726727964937221e-19, nan 
171.625, 76.375, 4.2788170635982536e-20, nan 
171.875, 76.375, 2.5558847605813703e-20, nan 
172.125, 76.375, 3.679837908321471e-20, nan 
172.375, 76.375, 4.218396546209268e-20, nan 
172.625, 76.375, 5.2925966594102e-20, nan 
172.875, 76.375, 2.0186686244153888e-20, nan 
173.125, 76.375, 9.887254711475968e-21, nan 
173.375, 76.375, 1.138205806925073e-20, nan 
173.625, 76.375, 9.380167757029068e-21, nan 
173.875, 76.375, 1.6251362719837136e-20, nan 
174.125, 76.375, 2.0507881629221472e-20, nan 
174.375, 76.375, 1.573160398677638e-20, nan 
174.625, 76.375, 1.7215014896050014e-20, nan 
174.875, 76.375, 1.5287079264531982e-20, nan 
175.125, 76.375, 1.515729156216134e-20, nan 
175.375, 76.375, 1.378849914406608e-20, nan 
175.625, 76.375, 1.6269047433600002e-20, nan 
175.875, 76.375, 1.3284031703047607e-20, nan 
176.125, 76.375, 1.1884718152582742e-20, nan 
176.375, 76.375, 1.0612023804972973e-20, nan 
176.625, 76.375, 8.696402766328118e-21, nan 
176.875, 76.375, 1.0387511994290947e-20, nan 
177.125, 76.375, 1.2441450562139363e-20, nan 
177.375, 76.375, 1.5623341787469346e-20, nan 
177.625, 76.375, 1.2216387818272157e-20, nan 
177.875, 76.375, 8.026458908090708e-21, nan 
178.125, 76.375, 6.35786701174473e-21, nan 
178.375, 76.375, 6.722906530783319e-21, nan 
178.625, 76.375, 8.479587688388827e-21, nan 
178.875, 76.375, 6.621206276387381e-21, nan 
179.125, 76.375, 5.636239059482947e-21, nan 
179.375, 76.375, 5.67108196838279e-21, nan 
179.625, 76.375, 7.360036845182381e-21, nan 
179.875, 76.375, 7.02321206387026e-21, nan 
-179.875, 76.625, 6.218430054428574e-21, nan 
-179.625, 76.625, 4.9137168749066285e-21, nan 
-179.375, 76.625, 4.65633565985808e-21, nan 
-179.125, 76.625, 3.963938904610609e-21, nan 
-178.875, 76.625, 5.84761664301833e-21, nan 
-178.625, 76.625, 8.826641785817145e-21, nan 
-178.375, 76.625, 1.1290037201510945e-20, nan 
-178.125, 76.625, 8.197136822364542e-21, nan 
-177.875, 76.625, 8.053006701049774e-21, nan 
-177.625, 76.625, 5.696107281386922e-21, nan 
-177.375, 76.625, 5.976647044601678e-21, nan 
-177.125, 76.625, 7.083425822262486e-21, nan 
-176.875, 76.625, 4.684374861632922e-21, nan 
-176.625, 76.625, 4.085675902175718e-21, nan 
-176.375, 76.625, 6.883679615823759e-22, nan 
-176.125, 76.625, 7.5508360016458615e-22, nan 
-175.875, 76.625, 1.0485059435562259e-21, nan 
-175.625, 76.625, 3.0967888146097794e-21, nan 
-175.375, 76.625, 2.469213229770743e-21, nan 
-175.125, 76.625, 3.86073499984673e-21, nan 
-174.875, 76.625, 4.838135957836714e-21, nan 
-174.625, 76.625, 5.3537424576437284e-21, nan 
-174.375, 76.625, 2.7209025867208713e-21, nan 
-174.125, 76.625, 2.0126147817617735e-21, nan 
-173.875, 76.625, 1.770183972534846e-21, nan 
-173.625, 76.625, 4.8618442858625636e-21, nan 
-173.375, 76.625, 8.865705046772306e-21, nan 
-173.125, 76.625, 4.83537023341902e-21, nan 
-172.875, 76.625, 3.2806306093771185e-21, nan 
-172.625, 76.625, 3.722861680401979e-21, nan 
-172.375, 76.625, 4.016898488190434e-21, nan 
-172.125, 76.625, 3.515375055924188e-21, nan 
-171.875, 76.625, 3.798918453167155e-21, nan 
-171.625, 76.625, 2.6085164368790646e-21, nan 
-171.375, 76.625, 1.6839089714363525e-21, nan 
-171.125, 76.625, 8.73197908184995e-22, nan 
-170.875, 76.625, 1.1977209447125777e-21, nan 
-170.625, 76.625, 4.937310670860549e-21, nan 
-170.375, 76.625, 3.279056588249536e-21, nan 
-170.125, 76.625, 2.4425717036863843e-21, nan 
-169.875, 76.625, 3.002389967600209e-21, nan 
-169.625, 76.625, 2.339969206831464e-21, nan 
-169.375, 76.625, 3.380075560856331e-21, nan 
-169.125, 76.625, 3.8506978510433315e-21, nan 
-168.875, 76.625, 2.3514569980702243e-21, nan 
-168.625, 76.625, 3.866064292239223e-21, nan 
-168.375, 76.625, 2.3895143247709918e-21, nan 
-168.125, 76.625, 1.744347943966754e-21, nan 
-167.875, 76.625, 2.5530919230170183e-21, nan 
-167.625, 76.625, 2.895817227275056e-21, nan 
-167.375, 76.625, 2.7551586676355347e-21, nan 
-167.125, 76.625, 2.2807687403353534e-21, nan 
-166.875, 76.625, 3.1038501140145933e-21, nan 
-166.625, 76.625, 3.583120193744476e-21, nan 
-166.375, 76.625, 4.610575360098547e-21, nan 
-166.125, 76.625, 2.9054889049497823e-21, nan 
-165.875, 76.625, 1.3957527783403335e-21, nan 
-165.625, 76.625, 1.5103578896676968e-21, nan 
-165.375, 76.625, 2.1996242134852915e-21, nan 
-165.125, 76.625, 2.13408977719212e-21, nan 
-164.875, 76.625, 2.570543324614237e-21, nan 
-164.625, 76.625, 5.718821386190119e-21, nan 
-164.375, 76.625, 5.486992727183015e-21, nan 
-164.125, 76.625, 2.518988359690412e-21, nan 
-163.875, 76.625, 2.004505894543565e-21, nan 
-163.625, 76.625, 2.658840376202137e-21, nan 
-163.375, 76.625, 2.2944415870793075e-21, nan 
-163.125, 76.625, 1.9579878189863935e-21, nan 
-162.875, 76.625, 1.6395924418015725e-21, nan 
-162.625, 76.625, 1.2701501060896415e-21, nan 
-162.375, 76.625, 1.1716446640042629e-21, nan 
-162.125, 76.625, 1.0576063878169183e-21, nan 
-161.875, 76.625, 1.0556222808146977e-21, nan 
-161.625, 76.625, 1.0827057045692021e-21, nan 
-161.375, 76.625, 1.0794212216795546e-21, nan 
-161.125, 76.625, 8.65768564376685e-22, nan 
-160.875, 76.625, 7.715345451216572e-22, nan 
-160.625, 76.625, 7.194547252084348e-22, nan 
-160.375, 76.625, 6.78446881078046e-22, nan 
-160.125, 76.625, 4.972867692651637e-22, nan 
-159.875, 76.625, 3.951458192065385e-22, nan 
-159.625, 76.625, 4.652251723474084e-22, nan 
-159.375, 76.625, 2.9695934810365717e-22, nan 
-159.125, 76.625, 3.4480608779186766e-22, nan 
-158.875, 76.625, 4.763664549473875e-22, nan 
-158.625, 76.625, 5.245689516917299e-22, nan 
-158.375, 76.625, 6.607849848633727e-22, nan 
-158.125, 76.625, 7.994279679406379e-22, nan 
-157.875, 76.625, 6.177978723935106e-22, nan 
-157.625, 76.625, 6.121852672776592e-22, nan 
-157.375, 76.625, 6.662470560868079e-22, nan 
-157.125, 76.625, 3.8330098330427517e-22, nan 
-156.875, 76.625, 5.359738001108131e-22, nan 
-156.625, 76.625, 7.522195106137437e-22, nan 
-156.375, 76.625, 4.77899507951126e-22, nan 
-156.125, 76.625, 7.375146356114511e-22, nan 
-155.875, 76.625, 7.256777223885471e-22, nan 
-155.625, 76.625, 1.003303803793744e-21, nan 
-155.375, 76.625, 8.90435221046088e-22, nan 
-155.125, 76.625, 6.957473558624477e-22, nan 
-154.875, 76.625, 5.762088779449482e-22, nan 
-154.625, 76.625, 3.518857288783141e-22, nan 
-154.375, 76.625, 4.610013176838373e-22, nan 
-154.125, 76.625, 5.163470125651658e-22, nan 
-153.875, 76.625, 8.685432994809685e-22, nan 
-153.625, 76.625, 9.163693236929427e-22, nan 
-153.375, 76.625, 9.076242455793085e-22, nan 
-153.125, 76.625, 9.157951389801916e-22, nan 
-152.875, 76.625, 6.807754280435525e-22, nan 
-152.625, 76.625, 3.72549836580227e-22, nan 
-152.375, 76.625, 5.007434468050126e-22, nan 
-152.125, 76.625, 4.572279340769672e-22, nan 
-151.875, 76.625, 3.666808332110956e-22, nan 
-151.625, 76.625, 3.032527126838284e-22, nan 
-151.375, 76.625, 5.784926403183634e-22, nan 
-151.125, 76.625, 4.605298229509061e-22, nan 
-150.875, 76.625, 6.258525451916185e-22, nan 
-150.625, 76.625, 3.070149013830235e-22, nan 
-150.375, 76.625, 2.383294605796011e-22, nan 
-150.125, 76.625, 3.11554789617529e-22, nan 
-149.875, 76.625, 4.0547589676033557e-22, nan 
-149.625, 76.625, 5.714107466067918e-22, nan 
-149.375, 76.625, 3.7981308617227433e-22, nan 
-149.125, 76.625, 3.378076143792399e-22, nan 
-148.875, 76.625, 3.6587954469227523e-22, nan 
-148.625, 76.625, 4.929930824970095e-22, nan 
-148.375, 76.625, 4.1596127176510633e-22, nan 
-148.125, 76.625, 4.2005473858042356e-22, nan 
-147.875, 76.625, 4.941723980390996e-22, nan 
-147.625, 76.625, 6.494183943061151e-22, nan 
-147.375, 76.625, 7.386294372429905e-22, nan 
-147.125, 76.625, 1.0520584778341163e-21, nan 
-146.875, 76.625, 2.7008472491172966e-22, nan 
-146.625, 76.625, 1.3346976789632194e-21, nan 
-146.375, 76.625, 2.5207249205698575e-21, nan 
-146.125, 76.625, 2.917894691956786e-21, nan 
-145.875, 76.625, 2.3193532445548868e-21, nan 
-145.625, 76.625, 1.842366167091729e-21, nan 
-145.375, 76.625, 2.545290821023077e-21, nan 
-145.125, 76.625, 2.1093774919841725e-21, nan 
-144.875, 76.625, 7.542937254649967e-22, nan 
-144.625, 76.625, 4.236799548322702e-22, nan 
-144.375, 76.625, 8.175055242592102e-22, nan 
-144.125, 76.625, 1.1590024294858879e-21, nan 
-143.875, 76.625, 7.034635240685409e-22, nan 
-143.625, 76.625, 4.519986420612824e-22, nan 
-143.375, 76.625, 4.43023534356178e-22, nan 
-143.125, 76.625, 4.0665906044700413e-22, nan 
-142.875, 76.625, 4.67286872094148e-22, nan 
-142.625, 76.625, 4.974656617106833e-22, nan 
-142.375, 76.625, 8.585895104027014e-22, nan 
-142.125, 76.625, 8.653045920979942e-22, nan 
-141.875, 76.625, 8.095881067126449e-22, nan 
-141.625, 76.625, 9.183543026625181e-22, nan 
-141.375, 76.625, 9.037131044786643e-22, nan 
-141.125, 76.625, 1.0893248966114947e-21, nan 
-140.875, 76.625, 1.0846863849685766e-21, nan 
-140.625, 76.625, 7.175134548243329e-22, nan 
-140.375, 76.625, 9.614378531196801e-22, nan 
-140.125, 76.625, 7.884392910619322e-22, nan 
-139.875, 76.625, 7.058437271210933e-22, nan 
-139.625, 76.625, 7.213285237165369e-22, nan 
-139.375, 76.625, 4.731930510909023e-22, nan 
-139.125, 76.625, 6.671435589798062e-22, nan 
-138.875, 76.625, 5.985248519705071e-22, nan 
-138.625, 76.625, 3.903645472396387e-22, nan 
-138.375, 76.625, 3.936258352656651e-22, nan 
-138.125, 76.625, 1.8595368192178731e-22, nan 
-137.875, 76.625, 2.307300322132325e-22, nan 
-137.625, 76.625, 4.213999050227608e-22, nan 
-137.375, 76.625, 5.320634805076967e-22, nan 
-137.125, 76.625, 5.183221651625776e-22, nan 
-136.875, 76.625, 4.946713878040681e-22, nan 
-136.625, 76.625, 5.641244483838122e-22, nan 
-136.375, 76.625, 5.183439822825754e-22, nan 
-136.125, 76.625, 5.187881448910549e-22, nan 
-135.875, 76.625, 3.9136441087335613e-22, nan 
-135.625, 76.625, 3.5180923486904233e-22, nan 
-135.375, 76.625, 3.552476378626191e-22, nan 
-135.125, 76.625, 3.37082056489489e-22, nan 
-134.875, 76.625, 3.5811755729123954e-22, nan 
-134.625, 76.625, 4.206829029943948e-22, nan 
-134.375, 76.625, 5.852166487669963e-22, nan 
-134.125, 76.625, 7.859448979081542e-22, nan 
-133.875, 76.625, 7.549607229895304e-22, nan 
-133.625, 76.625, 5.17387516003475e-22, nan 
-133.375, 76.625, 3.9767894087961166e-22, nan 
-133.125, 76.625, 2.7336260986457216e-22, nan 
-132.875, 76.625, 8.07917119682081e-23, nan 
-132.625, 76.625, 9.167952258959769e-23, nan 
-132.375, 76.625, 2.134111921994655e-22, nan 
-132.125, 76.625, 2.252044448382935e-22, nan 
-131.875, 76.625, 2.3966440591837617e-22, nan 
-131.625, 76.625, 3.3531926330052183e-22, nan 
-131.375, 76.625, 2.619479574984371e-22, nan 
-131.125, 76.625, 1.8563893321670772e-22, nan 
-130.875, 76.625, 2.2639481960187983e-22, nan 
-130.625, 76.625, 4.050209101915343e-22, nan 
-130.375, 76.625, 4.841612580594913e-22, nan 
-130.125, 76.625, 3.620028109801957e-22, nan 
-129.875, 76.625, 4.2296488433410865e-22, nan 
-129.625, 76.625, 2.5815964970507154e-22, nan 
-129.375, 76.625, 6.982515434823963e-22, nan 
-129.125, 76.625, 9.08447559787559e-22, nan 
-128.875, 76.625, 5.94427378562383e-22, nan 
-128.625, 76.625, 6.039950745773859e-22, nan 
-128.375, 76.625, 5.148918661939664e-22, nan 
-128.125, 76.625, 3.9915315303321556e-22, nan 
-127.875, 76.625, 3.96483326997293e-22, nan 
-127.625, 76.625, 2.6822890572711253e-22, nan 
-127.375, 76.625, 2.4849768398856528e-22, nan 
-127.125, 76.625, 2.1019074945436292e-22, nan 
-126.875, 76.625, 2.1482078467183385e-22, nan 
-126.625, 76.625, 2.0711914585612231e-22, nan 
-126.375, 76.625, 1.79205395600379e-22, nan 
-126.125, 76.625, 1.0972433231354636e-22, nan 
-125.875, 76.625, 6.829134921691228e-23, nan 
-125.625, 76.625, 7.099575297764189e-23, nan 
-125.375, 76.625, 5.375189173317372e-23, nan 
-125.125, 76.625, 7.135316197261699e-23, nan 
-124.875, 76.625, 6.91523629177631e-23, nan 
-124.625, 76.625, 5.320505751697826e-23, nan 
-124.375, 76.625, 2.5464220925115624e-23, nan 
-124.125, 76.625, 2.735664341119867e-23, nan 
-123.875, 76.625, 2.9954011387574273e-23, nan 
-123.625, 76.625, 3.3917392868417855e-23, nan 
-123.375, 76.625, 3.785542704115008e-23, nan 
-123.125, 76.625, 2.9002018653911345e-23, nan 
-122.875, 76.625, 1.832073025307799e-23, nan 
-122.625, 76.625, 2.2393374320352087e-23, nan 
-122.375, 76.625, 2.3043301176347985e-23, nan 
-122.125, 76.625, 3.117065148592875e-23, nan 
-121.875, 76.625, 3.3761764007981703e-23, nan 
-121.625, 76.625, 1.5635640528664284e-23, nan 
-121.375, 76.625, 2.0967160478052978e-23, nan 
-121.125, 76.625, 2.1457042775665542e-23, nan 
-120.875, 76.625, 1.9271939808498232e-23, nan 
-120.625, 76.625, 1.2293835427726844e-23, nan 
-120.375, 76.625, 1.281318453515741e-23, nan 
-120.125, 76.625, 1.8294284656394797e-23, nan 
-119.875, 76.625, 1.9128669235160772e-23, nan 
-119.625, 76.625, 1.78138564911559e-23, nan 
-119.375, 76.625, 1.8217461194669812e-23, nan 
-119.125, 76.625, 2.99175400535796e-23, nan 
-118.875, 76.625, 1.9956044582772382e-23, nan 
-118.625, 76.625, 3.669320683243353e-23, nan 
-118.375, 76.625, 1.6037638098801932e-23, nan 
-118.125, 76.625, 1.8791463102498402e-23, nan 
-117.875, 76.625, 3.0318026948714724e-23, nan 
-117.625, 76.625, 5.522277420810322e-23, nan 
-117.375, 76.625, 3.965329345159887e-23, nan 
-117.125, 76.625, 4.152333132196391e-23, nan 
-116.875, 76.625, 5.479976514292117e-23, nan 
-116.625, 76.625, 6.923913831778026e-23, nan 
-116.375, 76.625, 9.674688787216764e-23, nan 
-116.125, 76.625, 7.754606247460415e-23, nan 
-115.875, 76.625, 5.904101330032587e-23, nan 
-115.625, 76.625, 6.289100402159725e-23, nan 
-115.375, 76.625, 6.245545157322226e-23, nan 
-115.125, 76.625, 1.0492706678225957e-22, nan 
-114.875, 76.625, 7.820251112474297e-23, nan 
-114.625, 76.625, 8.226704890747703e-23, nan 
-114.375, 76.625, 1.170849452676743e-22, nan 
-114.125, 76.625, 1.1623166212962314e-22, nan 
-113.875, 76.625, 1.221760636433557e-22, nan 
-113.625, 76.625, 9.128475644204467e-23, nan 
-113.375, 76.625, 1.2385058310024473e-22, nan 
-113.125, 76.625, 1.41434962446729e-22, nan 
-112.875, 76.625, 1.0323279686533451e-22, nan 
-112.625, 76.625, 1.380214612273819e-22, nan 
-112.375, 76.625, 1.171367088137899e-22, nan 
-112.125, 76.625, 1.8144297048244753e-22, nan 
-111.875, 76.625, 1.578167816281004e-22, nan 
-111.625, 76.625, 1.639426091578631e-22, nan 
-111.375, 76.625, 1.3206576197189232e-22, nan 
-111.125, 76.625, 9.044217124744372e-23, nan 
-110.875, 76.625, 1.1378412583879713e-22, nan 
-110.625, 76.625, 1.0658878567820495e-22, nan 
-110.375, 76.625, 9.632130948668548e-23, nan 
-110.125, 76.625, 1.1575232492212033e-22, nan 
-109.875, 76.625, 1.2028643315436152e-22, nan 
-109.625, 76.625, 1.0568813747959863e-22, nan 
-109.375, 76.625, 8.902232674083284e-23, nan 
-109.125, 76.625, 7.871136059930248e-23, nan 
-108.875, 76.625, 1.095887510937659e-22, nan 
-108.625, 76.625, 9.725006709145664e-23, nan 
-108.375, 76.625, 6.871351271576197e-23, nan 
-108.125, 76.625, 3.9373974535745794e-23, nan 
-107.875, 76.625, 3.14099662163046e-23, nan 
-107.625, 76.625, 3.2672699520664313e-23, nan 
-107.375, 76.625, 6.933210568406959e-23, nan 
-107.125, 76.625, 7.730463213509432e-23, nan 
-106.875, 76.625, 5.1058073585016087e-23, nan 
-106.625, 76.625, 3.5488471238254967e-23, nan 
-106.375, 76.625, 1.5464776493108763e-23, nan 
-106.125, 76.625, 1.2523678089462158e-23, nan 
-105.875, 76.625, 2.9552151191318416e-23, nan 
-105.625, 76.625, 7.265802251927317e-23, nan 
-105.375, 76.625, 1.0870220848580408e-22, nan 
-105.125, 76.625, 9.054686162032621e-23, nan 
-104.875, 76.625, 2.4248198919841706e-23, nan 
-104.625, 76.625, 3.356142749551519e-23, nan 
-104.375, 76.625, 1.2651175521043773e-22, nan 
-104.125, 76.625, 1.917996932647184e-22, nan 
-103.875, 76.625, 1.4517735467061728e-22, nan 
-103.625, 76.625, 2.826747705588849e-23, nan 
75.625, 76.625, 9.687567439774759e-24, nan 
75.875, 76.625, 1.2169821248065495e-23, nan 
76.125, 76.625, 1.0768750459021603e-23, nan 
76.375, 76.625, 8.351636480089629e-24, nan 
76.625, 76.625, 6.592268691276404e-24, nan 
76.875, 76.625, 1.181075866214506e-23, nan 
77.125, 76.625, 1.536017050078079e-23, nan 
77.375, 76.625, 1.3292853776110313e-23, nan 
77.625, 76.625, 1.2944719372884752e-23, nan 
77.875, 76.625, 1.9342504182959622e-23, nan 
78.125, 76.625, 4.4424150295198686e-23, nan 
78.375, 76.625, 2.1628613058338825e-23, nan 
78.625, 76.625, 1.4697182128730202e-23, nan 
78.875, 76.625, 1.020495354318371e-23, nan 
79.125, 76.625, 7.993104833102637e-24, nan 
79.375, 76.625, 4.948168538030638e-24, nan 
79.625, 76.625, 8.500047216568829e-24, nan 
79.875, 76.625, 1.397934637302743e-23, nan 
80.125, 76.625, 1.4132073357332293e-23, nan 
80.375, 76.625, 2.158974367428531e-23, nan 
80.625, 76.625, 9.318344878780287e-24, nan 
80.875, 76.625, 1.9571987569679338e-23, nan 
81.125, 76.625, 2.6079092758723846e-23, nan 
81.375, 76.625, 2.3655083835903317e-23, nan 
81.625, 76.625, 2.0738291570551812e-23, nan 
81.875, 76.625, 2.0596514318397944e-23, nan 
82.125, 76.625, 1.8000074329267636e-23, nan 
82.375, 76.625, 1.735849484937217e-23, nan 
82.625, 76.625, 1.529393687081426e-23, nan 
82.875, 76.625, 1.6617684227675605e-23, nan 
83.125, 76.625, 1.8974433340982666e-23, nan 
83.375, 76.625, 1.3223412728657137e-23, nan 
83.625, 76.625, 7.329562909225346e-24, nan 
83.875, 76.625, 8.036978682928103e-24, nan 
84.125, 76.625, 1.0344306015756475e-23, nan 
84.375, 76.625, 9.585416142628846e-24, nan 
84.625, 76.625, 1.1617373738745339e-23, nan 
84.875, 76.625, 1.1346409035399652e-23, nan 
85.125, 76.625, 2.1914324089747146e-23, nan 
85.375, 76.625, 3.090763656279685e-23, nan 
85.625, 76.625, 2.678218380002693e-23, nan 
85.875, 76.625, 4.24087086837683e-23, nan 
86.125, 76.625, 3.565970362718264e-23, nan 
86.375, 76.625, 2.6262790334906903e-23, nan 
86.625, 76.625, 4.6633103915846597e-23, nan 
86.875, 76.625, 4.391631922241171e-23, nan 
87.125, 76.625, 6.355040382787546e-23, nan 
87.375, 76.625, 3.7864882993390445e-23, nan 
87.625, 76.625, 1.2620485138450121e-23, nan 
87.875, 76.625, 2.4458264879455555e-23, nan 
88.125, 76.625, 6.191124007002061e-23, nan 
88.375, 76.625, 1.2695938106231865e-22, nan 
88.625, 76.625, 1.0411971849668722e-22, nan 
88.875, 76.625, 6.958073582473087e-23, nan 
89.125, 76.625, 1.127796105764175e-22, nan 
89.375, 76.625, 9.859930027808362e-23, nan 
89.625, 76.625, 1.2571569950874532e-22, nan 
89.875, 76.625, 1.0946982998280594e-22, nan 
90.125, 76.625, 6.719814685049266e-23, nan 
90.375, 76.625, 2.5674266647105828e-23, nan 
90.625, 76.625, 4.3170927528836755e-23, nan 
90.875, 76.625, 5.284427508729692e-23, nan 
91.125, 76.625, 4.0950629846179716e-23, nan 
91.375, 76.625, 6.840587399858983e-23, nan 
91.625, 76.625, 4.0502490956475635e-23, nan 
91.875, 76.625, 3.2044142493668957e-23, nan 
92.125, 76.625, 3.443147767252489e-23, nan 
92.375, 76.625, 3.489789656613435e-23, nan 
92.625, 76.625, 4.431528732613328e-23, nan 
92.875, 76.625, 2.953345904071025e-23, nan 
93.125, 76.625, 1.213730974493693e-23, nan 
93.375, 76.625, 9.375541163315533e-24, nan 
93.625, 76.625, 1.352002780485158e-23, nan 
93.875, 76.625, 1.3735810148883592e-23, nan 
94.125, 76.625, 1.7712307178673587e-23, nan 
94.375, 76.625, 1.9641341694619906e-23, nan 
94.625, 76.625, 1.7517854162755155e-23, nan 
94.875, 76.625, 1.8643935254181002e-23, nan 
95.125, 76.625, 1.9378079464135674e-23, nan 
95.375, 76.625, 3.472767558392087e-23, nan 
95.625, 76.625, 3.9371205396429936e-23, nan 
95.875, 76.625, 2.837937901785674e-23, nan 
96.125, 76.625, 1.8385832267399998e-23, nan 
96.375, 76.625, 8.994939303222824e-24, nan 
96.625, 76.625, 1.766737236665432e-23, nan 
96.875, 76.625, 2.2749939597602056e-23, nan 
97.125, 76.625, 2.0289528545412214e-23, nan 
97.375, 76.625, 1.839969457138798e-23, nan 
97.625, 76.625, 1.2521468004526601e-23, nan 
97.875, 76.625, 1.7661342891420645e-23, nan 
98.125, 76.625, 2.0999400896606144e-23, nan 
98.375, 76.625, 2.423342022820125e-23, nan 
98.625, 76.625, 2.1043001825019088e-23, nan 
98.875, 76.625, 1.7778478050689526e-23, nan 
99.125, 76.625, 2.2095516372990745e-23, nan 
99.375, 76.625, 3.077931301688569e-23, nan 
99.625, 76.625, 3.9154871108317124e-23, nan 
99.875, 76.625, 4.380164583360208e-23, nan 
100.125, 76.625, 4.06975408857388e-23, nan 
100.375, 76.625, 4.5390126569882844e-23, nan 
100.625, 76.625, 6.159552531627499e-23, nan 
100.875, 76.625, 3.4385141568449064e-23, nan 
101.125, 76.625, 2.7210831620817255e-23, nan 
101.375, 76.625, 1.5702879858126777e-23, nan 
101.625, 76.625, 2.3704688465906125e-23, nan 
101.875, 76.625, 4.8114217663027694e-23, nan 
102.125, 76.625, 3.780398250734708e-23, nan 
102.375, 76.625, 3.258818468166079e-23, nan 
102.625, 76.625, 2.8109746048404464e-23, nan 
102.875, 76.625, 1.6205537218303312e-23, nan 
103.125, 76.625, 1.6935669504248594e-23, nan 
103.375, 76.625, 2.245505032858164e-23, nan 
103.625, 76.625, 2.4025113501120152e-23, nan 
103.875, 76.625, 2.035388716913928e-23, nan 
104.125, 76.625, 2.720233456158024e-23, nan 
104.375, 76.625, 2.4635431123768262e-23, nan 
104.625, 76.625, 2.4041662668233223e-23, nan 
104.875, 76.625, 1.9259422115302655e-23, nan 
105.125, 76.625, 2.037177843473335e-23, nan 
105.375, 76.625, 2.808976342786217e-23, nan 
105.625, 76.625, 2.694415559359709e-23, nan 
105.875, 76.625, 2.8577889329265186e-23, nan 
106.125, 76.625, 3.206653828781866e-23, nan 
106.375, 76.625, 3.307588640100834e-23, nan 
106.625, 76.625, 2.837260433943253e-23, nan 
106.875, 76.625, 3.598078641125876e-23, nan 
107.125, 76.625, 2.6240126158399488e-23, nan 
107.375, 76.625, 3.6757058273947223e-23, nan 
107.625, 76.625, 1.2924620750459401e-23, nan 
107.875, 76.625, 1.1497443600598132e-23, nan 
108.125, 76.625, 2.3965066593862785e-23, nan 
108.375, 76.625, 3.151561411815667e-23, nan 
108.625, 76.625, 2.978027752393495e-23, nan 
108.875, 76.625, 3.178522205904176e-23, nan 
109.125, 76.625, 2.3575249541872687e-23, nan 
109.375, 76.625, 3.7231214634989826e-23, nan 
109.625, 76.625, 3.833314962233023e-23, nan 
109.875, 76.625, 5.0589818843229825e-23, nan 
110.125, 76.625, 3.364682915970134e-23, nan 
110.375, 76.625, 4.137596677653072e-23, nan 
110.625, 76.625, 3.9654731738810886e-23, nan 
110.875, 76.625, 3.643637313213038e-23, nan 
111.125, 76.625, 5.60353791804434e-23, nan 
111.375, 76.625, 5.1500793602709064e-23, nan 
111.625, 76.625, 5.465697767263158e-23, nan 
111.875, 76.625, 4.8436207860276295e-23, nan 
112.125, 76.625, 5.491499139161094e-23, nan 
112.375, 76.625, 5.077745587422767e-23, nan 
112.625, 76.625, 4.284544515637552e-23, nan 
112.875, 76.625, 3.330098420956975e-23, nan 
113.125, 76.625, 1.446122229900159e-22, nan 
113.375, 76.625, 1.2023965323060096e-22, nan 
113.625, 76.625, 8.668860428889648e-23, nan 
113.875, 76.625, 6.315042810459251e-23, nan 
114.125, 76.625, 5.684468806534482e-23, nan 
114.375, 76.625, 2.6490981183247124e-22, nan 
114.625, 76.625, 1.4391103820362245e-22, nan 
114.875, 76.625, 1.0356973943580708e-22, nan 
115.125, 76.625, 3.7316626976256944e-23, nan 
115.375, 76.625, 4.416384408781909e-23, nan 
115.625, 76.625, 1.653490074211341e-22, nan 
115.875, 76.625, 2.487585151010343e-22, nan 
116.125, 76.625, 1.7212615199852969e-22, nan 
116.375, 76.625, 1.0508949554225061e-22, nan 
116.625, 76.625, 1.8004875124236905e-22, nan 
116.875, 76.625, 2.3255148329317807e-22, nan 
117.125, 76.625, 2.0993111135603367e-22, nan 
117.375, 76.625, 1.8222330810059416e-22, nan 
117.625, 76.625, 1.7560308014183174e-22, nan 
117.875, 76.625, 3.5895829206907644e-22, nan 
118.125, 76.625, 4.402003473672383e-22, nan 
118.375, 76.625, 2.3562674803680793e-22, nan 
118.625, 76.625, 3.096042174033456e-22, nan 
118.875, 76.625, 1.2017266138018617e-22, nan 
119.125, 76.625, 2.0163425715913011e-22, nan 
119.375, 76.625, 2.4509254667186725e-22, nan 
119.625, 76.625, 1.7123080881770256e-22, nan 
119.875, 76.625, 1.9267074325994615e-22, nan 
120.125, 76.625, 1.9094981346921864e-22, nan 
120.375, 76.625, 8.961800936732668e-23, nan 
120.625, 76.625, 5.81359050001624e-23, nan 
120.875, 76.625, 5.2145929091677364e-23, nan 
121.125, 76.625, 6.901415206230978e-23, nan 
121.375, 76.625, 1.5462874263052085e-22, nan 
121.625, 76.625, 1.2272941770745158e-22, nan 
121.875, 76.625, 7.575399695466396e-23, nan 
122.125, 76.625, 9.627625192554746e-23, nan 
122.375, 76.625, 4.264526196666586e-23, nan 
122.625, 76.625, 4.113148880851485e-23, nan 
122.875, 76.625, 8.546655699835119e-23, nan 
123.125, 76.625, 6.107396276617431e-23, nan 
123.375, 76.625, 4.036490953278088e-23, nan 
123.625, 76.625, 5.218165134981842e-23, nan 
123.875, 76.625, 6.302247326571101e-23, nan 
124.125, 76.625, 9.079813630306441e-23, nan 
124.375, 76.625, 7.943012962005391e-23, nan 
124.625, 76.625, 6.779290151080093e-23, nan 
124.875, 76.625, 5.226024604005738e-23, nan 
125.125, 76.625, 8.727626385181307e-23, nan 
125.375, 76.625, 1.6983184386024492e-22, nan 
125.625, 76.625, 1.119687990396594e-22, nan 
125.875, 76.625, 8.990539591597799e-23, nan 
126.125, 76.625, 7.269007578936472e-23, nan 
126.375, 76.625, 6.006864444172534e-23, nan 
126.625, 76.625, 1.1559769420232402e-22, nan 
126.875, 76.625, 1.1902711365772305e-22, nan 
127.125, 76.625, 9.624059675478456e-23, nan 
127.375, 76.625, 1.0119329299909229e-22, nan 
127.625, 76.625, 1.2702191496424007e-22, nan 
127.875, 76.625, 1.7050956217911677e-22, nan 
128.125, 76.625, 2.0007220305723638e-22, nan 
128.375, 76.625, 1.8932290382775935e-22, nan 
128.625, 76.625, 2.2964628658811133e-22, nan 
128.875, 76.625, 2.550222798332963e-22, nan 
129.125, 76.625, 1.874040027463016e-22, nan 
129.375, 76.625, 2.0247220017035999e-22, nan 
129.625, 76.625, 1.7038895270701663e-22, nan 
129.875, 76.625, 2.1320623085456625e-22, nan 
130.125, 76.625, 1.7575676969428458e-22, nan 
130.375, 76.625, 1.724694022946367e-22, nan 
130.625, 76.625, 2.1011249595270255e-22, nan 
130.875, 76.625, 1.932540070913541e-22, nan 
131.125, 76.625, 1.5362846802759965e-22, nan 
131.375, 76.625, 1.7395198090294906e-22, nan 
131.625, 76.625, 1.8651841717162787e-22, nan 
131.875, 76.625, 2.1332292589948067e-22, nan 
132.125, 76.625, 1.8054923196180028e-22, nan 
132.375, 76.625, 1.6341829283121134e-22, nan 
132.625, 76.625, 1.3605426893627375e-22, nan 
132.875, 76.625, 3.956441297990485e-23, nan 
133.125, 76.625, 7.851428298886018e-23, nan 
133.375, 76.625, 1.1430186756089236e-22, nan 
133.625, 76.625, 7.883703843296113e-23, nan 
133.875, 76.625, 4.087047675269702e-23, nan 
134.125, 76.625, 1.0177156827426949e-22, nan 
134.375, 76.625, 2.3591615658096467e-22, nan 
134.625, 76.625, 2.962918545259468e-22, nan 
134.875, 76.625, 1.8571957739779475e-22, nan 
135.125, 76.625, 1.6888875014918131e-22, nan 
135.375, 76.625, 1.0014896258876814e-22, nan 
135.625, 76.625, 1.2527197702728222e-22, nan 
135.875, 76.625, 1.4176881072492576e-22, nan 
136.125, 76.625, 1.5619493712675357e-22, nan 
136.375, 76.625, 2.1031481200097712e-22, nan 
136.625, 76.625, 2.5545783828114606e-22, nan 
136.875, 76.625, 3.3671038232687716e-22, nan 
137.125, 76.625, 4.215081865887031e-22, nan 
137.375, 76.625, 4.400844005112873e-22, nan 
137.625, 76.625, 7.257496310184391e-22, nan 
137.875, 76.625, 6.6774051313001555e-22, nan 
138.125, 76.625, 5.856123295794241e-22, nan 
138.375, 76.625, 6.302999699331358e-22, nan 
138.625, 76.625, 6.99848906641935e-22, nan 
138.875, 76.625, 9.071433370900402e-22, nan 
139.125, 76.625, 9.42328457867829e-22, nan 
139.375, 76.625, 6.753700870652555e-22, nan 
139.625, 76.625, 4.283035757021795e-22, nan 
139.875, 76.625, 3.7789522376576477e-22, nan 
140.125, 76.625, 2.088529606179899e-22, nan 
140.375, 76.625, 1.826497917245691e-22, nan 
140.625, 76.625, 1.812243412159263e-22, nan 
140.875, 76.625, 1.5157501096668613e-22, nan 
141.125, 76.625, 1.3612220668114038e-22, nan 
141.375, 76.625, 1.447544073466446e-22, nan 
141.625, 76.625, 1.9465926619181477e-22, nan 
141.875, 76.625, 1.7844825473591744e-22, nan 
142.125, 76.625, 2.85995267333754e-22, nan 
142.375, 76.625, 4.405308388314205e-22, nan 
142.625, 76.625, 5.292761402825012e-22, nan 
142.875, 76.625, 6.858059203217756e-22, nan 
143.125, 76.625, 7.614298663878168e-22, nan 
143.375, 76.625, 6.9017740962551005e-22, nan 
143.625, 76.625, 7.367705578333303e-22, nan 
143.875, 76.625, 7.234715063363219e-22, nan 
144.125, 76.625, 8.561136478846553e-22, nan 
144.375, 76.625, 9.311193392876127e-22, nan 
144.625, 76.625, 8.670003103163865e-22, nan 
144.875, 76.625, 7.478095708569734e-22, nan 
145.125, 76.625, 7.254302233627572e-22, nan 
145.375, 76.625, 7.228357406078649e-22, nan 
145.625, 76.625, 9.395726406212059e-22, nan 
145.875, 76.625, 9.987495285041556e-22, nan 
146.125, 76.625, 1.1672210806505186e-21, nan 
146.375, 76.625, 9.553088157117735e-22, nan 
146.625, 76.625, 9.37294466120505e-22, nan 
146.875, 76.625, 9.349349724915641e-22, nan 
147.125, 76.625, 9.451949571867155e-22, nan 
147.375, 76.625, 1.7640523600462777e-21, nan 
147.625, 76.625, 1.1914599070407067e-21, nan 
147.875, 76.625, 1.231795161406107e-21, nan 
148.125, 76.625, 7.789439033616786e-22, nan 
148.375, 76.625, 3.5591959380093626e-22, nan 
148.625, 76.625, 5.77632019130655e-22, nan 
148.875, 76.625, 4.470202222446812e-22, nan 
149.125, 76.625, 4.013955423287386e-22, nan 
149.375, 76.625, 1.2432367832001264e-21, nan 
149.625, 76.625, 8.020439617041422e-22, nan 
149.875, 76.625, 6.679658324422311e-22, nan 
150.125, 76.625, 1.102996287980476e-21, nan 
150.375, 76.625, 2.845383631434858e-22, nan 
150.625, 76.625, 1.1851295775363531e-21, nan 
150.875, 76.625, 1.4657244595229243e-21, nan 
151.125, 76.625, 1.0331617493607232e-21, nan 
151.375, 76.625, 2.432505316546234e-21, nan 
151.625, 76.625, 1.38038069697624e-21, nan 
151.875, 76.625, 1.3351488909197323e-21, nan 
152.125, 76.625, 3.1699956957751022e-21, nan 
152.375, 76.625, 2.8660218705053135e-21, nan 
152.625, 76.625, 2.845234144410715e-21, nan 
152.875, 76.625, 3.177463526172068e-21, nan 
153.125, 76.625, 3.2247646970325704e-21, nan 
153.375, 76.625, 4.1215053644275646e-21, nan 
153.625, 76.625, 2.7648296770629115e-21, nan 
153.875, 76.625, 2.8788048155003212e-21, nan 
154.125, 76.625, 3.422243704640456e-21, nan 
154.375, 76.625, 3.469491167683925e-21, nan 
154.625, 76.625, 4.072847825729594e-21, nan 
154.875, 76.625, 4.609831858327431e-21, nan 
155.125, 76.625, 3.694817421806237e-21, nan 
155.375, 76.625, 3.3544350891425433e-21, nan 
155.625, 76.625, 4.006109380980113e-21, nan 
155.875, 76.625, 2.9738485687034233e-21, nan 
156.125, 76.625, 4.125809216396838e-21, nan 
156.375, 76.625, 6.923379195362692e-21, nan 
156.625, 76.625, 6.933522989962865e-21, nan 
156.875, 76.625, 8.671941521946767e-21, nan 
157.125, 76.625, 9.355991715566532e-21, nan 
157.375, 76.625, 8.807157629495193e-21, nan 
157.625, 76.625, 1.3993377345742743e-20, nan 
157.875, 76.625, 1.1550315211145512e-20, nan 
158.125, 76.625, 1.8654439474509378e-20, nan 
158.375, 76.625, 2.253335147674096e-20, nan 
158.625, 76.625, 2.245526797667737e-20, nan 
158.875, 76.625, 3.412501839526036e-20, nan 
159.125, 76.625, 2.651311514901569e-20, nan 
159.375, 76.625, 3.151612320184875e-20, nan 
159.625, 76.625, 2.876968601286019e-20, nan 
159.875, 76.625, 3.3987189349170633e-20, nan 
160.125, 76.625, 4.533051148006132e-20, nan 
160.375, 76.625, 4.8306810102925834e-20, nan 
160.625, 76.625, 7.668534250292525e-20, nan 
160.875, 76.625, 7.871996466393644e-20, nan 
161.125, 76.625, 6.330582340387016e-20, nan 
161.375, 76.625, 6.411907157441619e-20, nan 
161.625, 76.625, 6.31098092350059e-20, nan 
161.875, 76.625, 4.262450216950786e-20, nan 
162.125, 76.625, 5.052761046820013e-20, nan 
162.375, 76.625, 1.3257339851186915e-19, nan 
162.625, 76.625, 1.2935940635095045e-19, nan 
162.875, 76.625, 9.159483356172818e-20, nan 
163.125, 76.625, 1.6056943250797548e-19, nan 
163.375, 76.625, 2.527617605059921e-19, nan 
163.625, 76.625, 3.331342716908958e-19, nan 
163.875, 76.625, 2.9942009419787586e-19, nan 
164.125, 76.625, 3.53811976527386e-19, nan 
164.375, 76.625, 3.893709406970422e-19, nan 
164.625, 76.625, 7.160903751722237e-19, nan 
164.875, 76.625, 8.163566814722512e-19, nan 
165.125, 76.625, 9.44088546707935e-19, nan 
165.375, 76.625, 7.849281987443491e-19, nan 
165.625, 76.625, 9.150385462327e-19, nan 
165.875, 76.625, 8.6089430418050145e-19, nan 
166.125, 76.625, 7.885738329279819e-19, nan 
166.375, 76.625, 4.670510111921661e-19, nan 
166.625, 76.625, 5.379363979277144e-19, nan 
166.875, 76.625, 5.866373929349335e-19, nan 
167.125, 76.625, 7.841584263828105e-19, nan 
167.375, 76.625, 6.302428200159307e-19, nan 
167.625, 76.625, 4.3287848355510505e-19, nan 
167.875, 76.625, 3.7397923265801636e-19, nan 
168.125, 76.625, 4.344081069351091e-19, nan 
168.375, 76.625, 5.046371113438085e-19, nan 
168.625, 76.625, 4.596367185641411e-19, nan 
168.875, 76.625, 3.0794193136623953e-19, nan 
169.125, 76.625, 2.895158717997401e-19, nan 
169.375, 76.625, 1.8738805816342557e-19, nan 
169.625, 76.625, 1.7303587623474677e-19, nan 
169.875, 76.625, 1.7960092367717737e-19, nan 
170.125, 76.625, 1.2962659855026354e-19, nan 
170.375, 76.625, 1.3109368485930388e-19, nan 
170.625, 76.625, 1.13188715531371e-19, nan 
170.875, 76.625, 8.975969316283804e-20, nan 
171.125, 76.625, 6.932055989649899e-20, nan 
171.375, 76.625, 1.16071684092066e-19, nan 
171.625, 76.625, 4.917864251163352e-20, nan 
171.875, 76.625, 4.2099689020960807e-20, nan 
172.125, 76.625, 3.8363434959383186e-20, nan 
172.375, 76.625, 2.589537980020562e-20, nan 
172.625, 76.625, 2.6691330085330003e-20, nan 
172.875, 76.625, 3.706875032310586e-20, nan 
173.125, 76.625, 2.513675349493293e-20, nan 
173.375, 76.625, 1.4328577000685015e-20, nan 
173.625, 76.625, 1.506054922819942e-20, nan 
173.875, 76.625, 1.3699553493364255e-20, nan 
174.125, 76.625, 1.6376419887343604e-20, nan 
174.375, 76.625, 1.249675761112631e-20, nan 
174.625, 76.625, 7.860499759097643e-21, nan 
174.875, 76.625, 7.076264128638287e-21, nan 
175.125, 76.625, 1.3125019298355377e-20, nan 
175.375, 76.625, 1.2784484821319248e-20, nan 
175.625, 76.625, 1.6893954175924276e-20, nan 
175.875, 76.625, 1.2872040889614359e-20, nan 
176.125, 76.625, 7.381936579490396e-21, nan 
176.375, 76.625, 6.767029544712075e-21, nan 
176.625, 76.625, 9.786151042169891e-21, nan 
176.875, 76.625, 1.4913847893569395e-20, nan 
177.125, 76.625, 1.224934966502728e-20, nan 
177.375, 76.625, 1.0440563624746332e-20, nan 
177.625, 76.625, 9.010889261702929e-21, nan 
177.875, 76.625, 8.763949225346855e-21, nan 
178.125, 76.625, 8.504419135830684e-21, nan 
178.375, 76.625, 9.41542280584226e-21, nan 
178.625, 76.625, 5.5055171304730595e-21, nan 
178.875, 76.625, 3.335225124613764e-21, nan 
179.125, 76.625, 5.3889384930270075e-21, nan 
179.375, 76.625, 5.383410271392053e-21, nan 
179.625, 76.625, 5.9401547008049566e-21, nan 
179.875, 76.625, 4.8152752273931494e-21, nan 
-179.875, 76.875, 7.693960009979732e-21, nan 
-179.625, 76.875, 8.590551581259635e-21, nan 
-179.375, 76.875, 7.91843871140045e-21, nan 
-179.125, 76.875, 6.775587582503986e-21, nan 
-178.875, 76.875, 6.324005018517098e-21, nan 
-178.625, 76.875, 8.123703122161577e-21, nan 
-178.375, 76.875, 9.731838553825923e-21, nan 
-178.125, 76.875, 9.44004414482761e-21, nan 
-177.875, 76.875, 7.899097767452167e-21, nan 
-177.625, 76.875, 7.124136375615475e-21, nan 
-177.375, 76.875, 6.7762166536134706e-21, nan 
-177.125, 76.875, 6.529491402186016e-21, nan 
-176.875, 76.875, 5.584266664833093e-21, nan 
-176.625, 76.875, 4.675202164759515e-21, nan 
-176.375, 76.875, 6.040402278439531e-21, nan 
-176.125, 76.875, 5.974369534876929e-21, nan 
-175.875, 76.875, 3.295695686320687e-21, nan 
-175.625, 76.875, 2.688973061808688e-21, nan 
-175.375, 76.875, 4.137912671981233e-21, nan 
-175.125, 76.875, 7.132369307675635e-21, nan 
-174.875, 76.875, 6.642474547382134e-21, nan 
-174.625, 76.875, 2.9723729966829383e-21, nan 
-174.375, 76.875, 3.9776589170496634e-21, nan 
-174.125, 76.875, 3.858164313046556e-21, nan 
-173.875, 76.875, 3.1798796185474498e-21, nan 
-173.625, 76.875, 3.58333801094338e-21, nan 
-173.375, 76.875, 4.910525174772219e-21, nan 
-173.125, 76.875, 2.7081301284753487e-21, nan 
-172.875, 76.875, 2.7798036994352327e-21, nan 
-172.625, 76.875, 2.2660985215842154e-21, nan 
-172.375, 76.875, 1.6206650348483093e-21, nan 
-172.125, 76.875, 1.8199426844033868e-21, nan 
-171.875, 76.875, 2.2464006184346595e-21, nan 
-171.625, 76.875, 2.8001778737492103e-21, nan 
-171.375, 76.875, 7.37450792624231e-22, nan 
-171.125, 76.875, 2.7842824512804987e-21, nan 
-170.875, 76.875, 5.098249987977118e-21, nan 
-170.625, 76.875, 6.89766522181848e-21, nan 
-170.375, 76.875, 4.365823197095221e-21, nan 
-170.125, 76.875, 2.8430430242962197e-21, nan 
-169.875, 76.875, 3.887007506053337e-21, nan 
-169.625, 76.875, 6.706727548810831e-21, nan 
-169.375, 76.875, 4.6027002303217354e-21, nan 
-169.125, 76.875, 5.280924521277289e-21, nan 
-168.875, 76.875, 2.8814099694837435e-21, nan 
-168.625, 76.875, 3.269404726991001e-21, nan 
-168.375, 76.875, 4.053156108812286e-21, nan 
-168.125, 76.875, 1.2622668419211818e-21, nan 
-167.875, 76.875, 2.964948389462384e-21, nan 
-167.625, 76.875, 2.3496299615611655e-21, nan 
-167.375, 76.875, 2.881801619414508e-21, nan 
-167.125, 76.875, 3.485219205363002e-21, nan 
-166.875, 76.875, 5.563280919422182e-21, nan 
-166.625, 76.875, 7.023243489091717e-21, nan 
-166.375, 76.875, 7.05994775860519e-21, nan 
-166.125, 76.875, 3.186578516363598e-21, nan 
-165.875, 76.875, 5.0564852013527164e-21, nan 
-165.625, 76.875, 7.275395907428236e-21, nan 
-165.375, 76.875, 6.468641883674541e-21, nan 
-165.125, 76.875, 6.007505358881293e-21, nan 
-164.875, 76.875, 3.570181274572563e-21, nan 
-164.625, 76.875, 8.69987991538121e-21, nan 
-164.375, 76.875, 9.518000571481905e-21, nan 
-164.125, 76.875, 4.698029085050095e-21, nan 
-163.875, 76.875, 3.5635209824028246e-21, nan 
-163.625, 76.875, 4.179839001061229e-21, nan 
-163.375, 76.875, 4.953194501438544e-21, nan 
-163.125, 76.875, 4.69390384743669e-21, nan 
-162.875, 76.875, 2.204239655472519e-21, nan 
-162.625, 76.875, 1.266379369208967e-21, nan 
-162.375, 76.875, 2.5783102361435736e-21, nan 
-162.125, 76.875, 2.135785936803324e-21, nan 
-161.875, 76.875, 2.0387829096376773e-21, nan 
-161.625, 76.875, 1.8463088521200303e-21, nan 
-161.375, 76.875, 1.3840415837763468e-21, nan 
-161.125, 76.875, 1.0873825480760157e-21, nan 
-160.875, 76.875, 1.1309426510243682e-21, nan 
-160.625, 76.875, 1.3079686988737477e-21, nan 
-160.375, 76.875, 1.3092880648442395e-21, nan 
-160.125, 76.875, 1.0222966222798816e-21, nan 
-159.875, 76.875, 6.013792591883573e-22, nan 
-159.625, 76.875, 3.1355416073593717e-22, nan 
-159.375, 76.875, 2.3985085173052207e-22, nan 
-159.125, 76.875, 2.5847186314151463e-22, nan 
-158.875, 76.875, 2.6271992684153657e-22, nan 
-158.625, 76.875, 2.7244090385343646e-22, nan 
-158.375, 76.875, 6.167524417331546e-22, nan 
-158.125, 76.875, 3.278558369018692e-22, nan 
-157.875, 76.875, 4.464705642535726e-22, nan 
-157.625, 76.875, 5.832647436924595e-22, nan 
-157.375, 76.875, 6.567635795363633e-22, nan 
-157.125, 76.875, 4.260255989947093e-22, nan 
-156.875, 76.875, 3.907726618608507e-22, nan 
-156.625, 76.875, 3.6150374772023297e-22, nan 
-156.375, 76.875, 3.7669164644406526e-22, nan 
-156.125, 76.875, 4.0093108436734805e-22, nan 
-155.875, 76.875, 3.161404360214002e-22, nan 
-155.625, 76.875, 2.463902682381288e-22, nan 
-155.375, 76.875, 3.2266984579955765e-22, nan 
-155.125, 76.875, 5.6641542411473975e-22, nan 
-154.875, 76.875, 5.862105372136978e-22, nan 
-154.625, 76.875, 6.617488377141697e-22, nan 
-154.375, 76.875, 5.814698265548807e-22, nan 
-154.125, 76.875, 5.568287508158479e-22, nan 
-153.875, 76.875, 9.221833592041683e-22, nan 
-153.625, 76.875, 1.0217714610124149e-21, nan 
-153.375, 76.875, 1.2028026827510337e-21, nan 
-153.125, 76.875, 1.1412156479152922e-21, nan 
-152.875, 76.875, 7.9277353818962325e-22, nan 
-152.625, 76.875, 4.284160915098189e-22, nan 
-152.375, 76.875, 2.6867116203901e-22, nan 
-152.125, 76.875, 3.316825904442968e-22, nan 
-151.875, 76.875, 3.973246968448289e-22, nan 
-151.625, 76.875, 3.5897089628620924e-22, nan 
-151.375, 76.875, 1.8566636868352322e-22, nan 
-151.125, 76.875, 2.0421273371674868e-22, nan 
-150.875, 76.875, 2.0290261667978827e-22, nan 
-150.625, 76.875, 1.1476656749785768e-22, nan 
-150.375, 76.875, 2.9553855986307585e-22, nan 
-150.125, 76.875, 3.662246197003118e-22, nan 
-149.875, 76.875, 4.1823631358140566e-22, nan 
-149.625, 76.875, 5.182215137199622e-22, nan 
-149.375, 76.875, 5.735109943839827e-22, nan 
-149.125, 76.875, 5.091807733826962e-22, nan 
-148.875, 76.875, 6.95445329181901e-22, nan 
-148.625, 76.875, 7.70460480661145e-22, nan 
-148.375, 76.875, 1.2534083689043003e-21, nan 
-148.125, 76.875, 5.399161333340374e-22, nan 
-147.875, 76.875, 1.3098457707861207e-21, nan 
-147.625, 76.875, 2.3857046181394912e-21, nan 
-147.375, 76.875, 3.029959680675639e-21, nan 
-147.125, 76.875, 4.313382768915438e-21, nan 
-146.875, 76.875, 2.1027758458126778e-21, nan 
-146.625, 76.875, 2.244689867259762e-21, nan 
-146.375, 76.875, 3.897372453785313e-21, nan 
-146.125, 76.875, 4.408360107615431e-21, nan 
-145.875, 76.875, 4.0865168486886955e-21, nan 
-145.625, 76.875, 3.444121005098783e-21, nan 
-145.375, 76.875, 4.4095421937881765e-21, nan 
-145.125, 76.875, 3.1977337645588156e-21, nan 
-144.875, 76.875, 1.9164739328032526e-21, nan 
-144.625, 76.875, 3.712003782242466e-21, nan 
-144.375, 76.875, 4.407908091262449e-21, nan 
-144.125, 76.875, 3.7471942409204696e-21, nan 
-143.875, 76.875, 2.330925268470875e-21, nan 
-143.625, 76.875, 1.009379452458083e-21, nan 
-143.375, 76.875, 5.568792228556827e-22, nan 
-143.125, 76.875, 1.4711802103447558e-21, nan 
-142.875, 76.875, 1.6419743313824426e-21, nan 
-142.625, 76.875, 1.172408449597173e-21, nan 
-142.375, 76.875, 7.146247024949697e-22, nan 
-142.125, 76.875, 7.628356697269447e-22, nan 
-141.875, 76.875, 1.0688701551919153e-21, nan 
-141.625, 76.875, 9.012756882430094e-22, nan 
-141.375, 76.875, 8.648699434305624e-22, nan 
-141.125, 76.875, 9.206368574006514e-22, nan 
-140.875, 76.875, 9.453584201543358e-22, nan 
-140.625, 76.875, 8.395977771084262e-22, nan 
-140.375, 76.875, 7.644227164774231e-22, nan 
-140.125, 76.875, 5.834567922884037e-22, nan 
-139.875, 76.875, 6.170168718817701e-22, nan 
-139.625, 76.875, 6.457149539463054e-22, nan 
-139.375, 76.875, 2.1641770314255997e-22, nan 
-139.125, 76.875, 3.0677720972299565e-22, nan 
-138.875, 76.875, 4.0241160377740074e-22, nan 
-138.625, 76.875, 3.5604244839385262e-22, nan 
-138.375, 76.875, 3.7963500817246416e-22, nan 
-138.125, 76.875, 2.796429550385787e-22, nan 
-137.875, 76.875, 2.663804863593441e-22, nan 
-137.625, 76.875, 4.5695694242852455e-22, nan 
-137.375, 76.875, 5.913421103177574e-22, nan 
-137.125, 76.875, 8.262153793365453e-22, nan 
-136.875, 76.875, 8.067685558231924e-22, nan 
-136.625, 76.875, 9.338638068442318e-22, nan 
-136.375, 76.875, 6.171274712524155e-22, nan 
-136.125, 76.875, 5.751247921688266e-22, nan 
-135.875, 76.875, 7.583280495064228e-22, nan 
-135.625, 76.875, 9.811337238975482e-22, nan 
-135.375, 76.875, 1.272609136092772e-21, nan 
-135.125, 76.875, 6.611630956710686e-22, nan 
-134.875, 76.875, 5.200564740671565e-22, nan 
-134.625, 76.875, 3.715786611114565e-22, nan 
-134.375, 76.875, 3.5805939119798655e-22, nan 
-134.125, 76.875, 3.4154577440168667e-22, nan 
-133.875, 76.875, 3.6221767123219823e-22, nan 
-133.625, 76.875, 3.1437341601302144e-22, nan 
-133.375, 76.875, 2.274781476474843e-22, nan 
-133.125, 76.875, 1.6920458277978265e-22, nan 
-132.875, 76.875, 3.0031831029258633e-22, nan 
-132.625, 76.875, 4.0824693409580974e-22, nan 
-132.375, 76.875, 4.688929892255758e-22, nan 
-132.125, 76.875, 5.633923468981135e-22, nan 
-131.875, 76.875, 3.651086822833759e-22, nan 
-131.625, 76.875, 3.51131948431298e-22, nan 
-131.375, 76.875, 3.3141630785675266e-22, nan 
-131.125, 76.875, 2.225365623222358e-22, nan 
-130.875, 76.875, 2.6733940124429223e-22, nan 
-130.625, 76.875, 2.414943505764643e-22, nan 
-130.375, 76.875, 5.120784494824921e-22, nan 
-130.125, 76.875, 3.389723029139395e-22, nan 
-129.875, 76.875, 4.476783340543826e-22, nan 
-129.625, 76.875, 2.9616105854611396e-22, nan 
-129.375, 76.875, 5.9968332387753825e-22, nan 
-129.125, 76.875, 6.949311804101217e-22, nan 
-128.875, 76.875, 5.845661908773514e-22, nan 
-128.625, 76.875, 6.64457991186321e-22, nan 
-128.375, 76.875, 8.744903174136909e-22, nan 
-128.125, 76.875, 7.342346306962137e-22, nan 
-127.875, 76.875, 6.358070147905034e-22, nan 
-127.625, 76.875, 5.519763377183258e-22, nan 
-127.375, 76.875, 5.680630847050359e-22, nan 
-127.125, 76.875, 4.444134173818868e-22, nan 
-126.875, 76.875, 3.0815858486601484e-22, nan 
-126.625, 76.875, 2.55883673786048e-22, nan 
-126.375, 76.875, 2.8532749024589325e-22, nan 
-126.125, 76.875, 2.6635795181451394e-22, nan 
-125.875, 76.875, 1.9900492636895185e-22, nan 
-125.625, 76.875, 1.7691564201115678e-22, nan 
-125.375, 76.875, 1.2166548526815627e-22, nan 
-125.125, 76.875, 9.910838740796082e-23, nan 
-124.875, 76.875, 1.128160612226308e-22, nan 
-124.625, 76.875, 8.340858850934792e-23, nan 
-124.375, 76.875, 4.776073520347745e-23, nan 
-124.125, 76.875, 3.1195223800906364e-23, nan 
-123.875, 76.875, 4.8553947849645e-23, nan 
-123.625, 76.875, 4.711714918707923e-23, nan 
-123.375, 76.875, 4.0704819815622317e-23, nan 
-123.125, 76.875, 4.5841704324229776e-23, nan 
-122.875, 76.875, 5.617501092193908e-23, nan 
-122.625, 76.875, 4.581087405257132e-23, nan 
-122.375, 76.875, 4.290531831839098e-23, nan 
-122.125, 76.875, 3.0094396322891416e-23, nan 
-121.875, 76.875, 3.019186595339578e-23, nan 
-121.625, 76.875, 3.074448625348846e-23, nan 
-121.375, 76.875, 3.4114171808878786e-23, nan 
-121.125, 76.875, 3.814811825437822e-23, nan 
-120.875, 76.875, 1.9474755911844836e-23, nan 
-120.625, 76.875, 1.21675701754238e-23, nan 
-120.375, 76.875, 1.3055450542935284e-23, nan 
-120.125, 76.875, 4.3144028374824474e-23, nan 
-119.875, 76.875, 2.3559303022495508e-23, nan 
-119.625, 76.875, 2.561825535074912e-23, nan 
-119.375, 76.875, 1.8018873467241257e-23, nan 
-119.125, 76.875, 2.6747569955488625e-23, nan 
-118.875, 76.875, 4.50078395721235e-23, nan 
-118.625, 76.875, 2.7172998528186637e-23, nan 
-118.375, 76.875, 3.306762701548434e-23, nan 
-118.125, 76.875, 3.431818408056397e-23, nan 
-117.875, 76.875, 2.668128924819774e-23, nan 
-117.625, 76.875, 5.143007132600865e-23, nan 
-117.375, 76.875, 4.403298703062484e-23, nan 
-117.125, 76.875, 4.4502556262980604e-23, nan 
-116.875, 76.875, 5.808571923359771e-23, nan 
-116.625, 76.875, 4.662519676268969e-23, nan 
-116.375, 76.875, 9.091163558503593e-23, nan 
-116.125, 76.875, 9.292976935698043e-23, nan 
-115.875, 76.875, 4.953553609760813e-23, nan 
-115.625, 76.875, 5.500652072668796e-23, nan 
-115.375, 76.875, 5.576194267149993e-23, nan 
-115.125, 76.875, 8.404056718003355e-23, nan 
-114.875, 76.875, 8.506595805830715e-23, nan 
-114.625, 76.875, 5.735239023722926e-23, nan 
-114.375, 76.875, 6.95893811660103e-23, nan 
-114.125, 76.875, 7.883265256211748e-23, nan 
-113.875, 76.875, 1.0086363788871272e-22, nan 
-113.625, 76.875, 1.119002543838314e-22, nan 
-113.375, 76.875, 7.511450323794111e-23, nan 
-113.125, 76.875, 1.2350481536644974e-22, nan 
-112.875, 76.875, 1.139578687508847e-22, nan 
-112.625, 76.875, 1.3069269171260485e-22, nan 
-112.375, 76.875, 1.0838812708671068e-22, nan 
-112.125, 76.875, 1.585130494950054e-22, nan 
-111.875, 76.875, 1.5954950595513016e-22, nan 
-111.625, 76.875, 1.8889077830415365e-22, nan 
-111.375, 76.875, 1.5005382459992216e-22, nan 
-111.125, 76.875, 8.729717552791498e-23, nan 
-110.875, 76.875, 6.625237571665548e-23, nan 
-110.625, 76.875, 9.504063340564456e-23, nan 
-110.375, 76.875, 1.8220571807563857e-22, nan 
-110.125, 76.875, 1.4076598564501552e-22, nan 
-109.875, 76.875, 1.2188332486315203e-22, nan 
-109.625, 76.875, 1.0388245872649016e-22, nan 
-109.375, 76.875, 6.882484312805606e-23, nan 
-109.125, 76.875, 9.601009205942401e-23, nan 
-108.875, 76.875, 1.1283721381081728e-22, nan 
-108.625, 76.875, 1.5477221030597698e-22, nan 
-108.375, 76.875, 1.316303593045444e-22, nan 
-108.125, 76.875, 6.476223451293377e-23, nan 
-107.875, 76.875, 6.627132141170786e-23, nan 
-107.625, 76.875, 4.84841864973762e-23, nan 
-107.375, 76.875, 1.3937235956641094e-22, nan 
-107.125, 76.875, 1.3611056283235608e-22, nan 
-106.875, 76.875, 8.097331157253312e-23, nan 
-106.625, 76.875, 7.642579761018542e-23, nan 
-106.375, 76.875, 1.749184717148816e-23, nan 
-106.125, 76.875, 5.837061068145985e-23, nan 
-105.875, 76.875, 5.392624951648565e-23, nan 
-105.625, 76.875, 3.9584758917242215e-23, nan 
-105.375, 76.875, 2.7172683300387164e-23, nan 
-105.125, 76.875, 4.4731992702471674e-23, nan 
-104.875, 76.875, 3.541745892980518e-23, nan 
-104.625, 76.875, 1.9070100273128382e-23, nan 
-104.375, 76.875, 7.569822211399252e-23, nan 
-104.125, 76.875, 1.0485716132028542e-22, nan 
-103.875, 76.875, 8.802531257228006e-23, nan 
-103.625, 76.875, 4.4693692533963795e-23, nan 
-103.375, 76.875, 2.792964773009934e-23, nan 
-103.125, 76.875, 1.041688352913301e-23, nan 
75.125, 76.875, 6.995775402022461e-24, nan 
75.375, 76.875, 7.535708601767378e-24, nan 
75.625, 76.875, 7.508347691023358e-24, nan 
75.875, 76.875, 8.46495605785385e-24, nan 
76.125, 76.875, 7.53636048609677e-24, nan 
76.375, 76.875, 6.823195746164375e-24, nan 
76.625, 76.875, 1.0467679498642433e-23, nan 
76.875, 76.875, 1.1963468297239732e-23, nan 
77.125, 76.875, 1.4909403438900166e-23, nan 
77.375, 76.875, 1.401110399082554e-23, nan 
77.625, 76.875, 1.5059392938898232e-23, nan 
77.875, 76.875, 1.1142148066903978e-23, nan 
78.125, 76.875, 9.614291264398761e-24, nan 
78.375, 76.875, 1.0364148412529911e-23, nan 
78.625, 76.875, 1.3877845876552328e-23, nan 
78.875, 76.875, 1.9450344870944474e-23, nan 
79.125, 76.875, 1.3880395801364763e-23, nan 
79.375, 76.875, 1.2428835590144405e-23, nan 
79.625, 76.875, 6.665681987170204e-24, nan 
79.875, 76.875, 1.179313774567236e-23, nan 
80.125, 76.875, 1.5335211753801226e-23, nan 
80.375, 76.875, 9.540211307810267e-24, nan 
80.625, 76.875, 7.228512396711668e-24, nan 
80.875, 76.875, 1.5186086782562754e-23, nan 
81.125, 76.875, 2.3210165869437462e-23, nan 
81.375, 76.875, 2.0125029150667092e-23, nan 
81.625, 76.875, 1.69765624905105e-23, nan 
81.875, 76.875, 1.5106381842282397e-23, nan 
82.125, 76.875, 2.0885737754637732e-23, nan 
82.375, 76.875, 2.5280946472217746e-23, nan 
82.625, 76.875, 2.767262659244727e-23, nan 
82.875, 76.875, 2.3672890332241962e-23, nan 
83.125, 76.875, 2.3258596523317517e-23, nan 
83.375, 76.875, 2.7216583209685605e-23, nan 
83.625, 76.875, 2.827488348212617e-23, nan 
83.875, 76.875, 3.189506492776768e-23, nan 
84.125, 76.875, 2.812879199602087e-23, nan 
84.375, 76.875, 2.726718495293856e-23, nan 
84.625, 76.875, 2.13706727897598e-23, nan 
84.875, 76.875, 3.4216743678544684e-23, nan 
85.125, 76.875, 3.197308288557993e-23, nan 
85.375, 76.875, 3.648170330845555e-23, nan 
85.625, 76.875, 2.826295321328327e-23, nan 
85.875, 76.875, 2.305425365894188e-23, nan 
86.125, 76.875, 4.887004357826602e-23, nan 
86.375, 76.875, 3.6290582807412355e-23, nan 
86.625, 76.875, 4.735242806590385e-23, nan 
86.875, 76.875, 6.130350713769073e-23, nan 
87.125, 76.875, 1.3247167475217427e-22, nan 
87.375, 76.875, 1.118595855926952e-22, nan 
87.625, 76.875, 8.679604928978607e-23, nan 
87.875, 76.875, 1.6190171450335665e-22, nan 
88.125, 76.875, 1.493838058383914e-22, nan 
88.375, 76.875, 3.2379382727840603e-22, nan 
88.625, 76.875, 1.7498782313574015e-22, nan 
88.875, 76.875, 1.1123452653001069e-22, nan 
89.125, 76.875, 1.542827437837338e-22, nan 
89.375, 76.875, 1.382872483479579e-22, nan 
89.625, 76.875, 1.7214415649952607e-22, nan 
89.875, 76.875, 1.4045955582823376e-22, nan 
90.125, 76.875, 1.161823789826398e-22, nan 
90.375, 76.875, 1.4342149406899816e-22, nan 
90.625, 76.875, 1.0299307543286834e-22, nan 
90.875, 76.875, 1.1611277029925745e-22, nan 
91.125, 76.875, 9.08983860347371e-23, nan 
91.375, 76.875, 6.008717175035777e-23, nan 
91.625, 76.875, 4.8470139168625766e-23, nan 
91.875, 76.875, 6.548388776582689e-23, nan 
92.125, 76.875, 4.349641825837674e-23, nan 
92.375, 76.875, 2.9862369295778905e-23, nan 
92.625, 76.875, 5.476278645538021e-23, nan 
92.875, 76.875, 4.338813201833954e-23, nan 
93.125, 76.875, 1.344299508702505e-23, nan 
93.375, 76.875, 9.411721580755816e-24, nan 
93.625, 76.875, 1.419917882392596e-23, nan 
93.875, 76.875, 1.1729059891656414e-23, nan 
94.125, 76.875, 1.4809183918214204e-23, nan 
94.375, 76.875, 1.7353896882927885e-23, nan 
94.625, 76.875, 1.6448667104012815e-23, nan 
94.875, 76.875, 1.3933746643253914e-23, nan 
95.125, 76.875, 2.0657186707016e-23, nan 
95.375, 76.875, 3.2563302362390264e-23, nan 
95.625, 76.875, 3.3935757355382335e-23, nan 
95.875, 76.875, 2.803551329032909e-23, nan 
96.125, 76.875, 1.357389484618324e-23, nan 
96.375, 76.875, 1.3049668239296197e-23, nan 
96.625, 76.875, 1.1814147728342527e-23, nan 
96.875, 76.875, 1.1828289965573188e-23, nan 
97.125, 76.875, 1.0516727945460204e-23, nan 
97.375, 76.875, 6.86839309647511e-24, nan 
97.625, 76.875, 1.5642891636549642e-23, nan 
97.875, 76.875, 1.967613813455024e-23, nan 
98.125, 76.875, 2.1455558257926595e-23, nan 
98.375, 76.875, 1.4394590906369396e-23, nan 
98.625, 76.875, 2.026241172531793e-23, nan 
98.875, 76.875, 1.7031129056312102e-23, nan 
99.125, 76.875, 2.3815826180141726e-23, nan 
99.375, 76.875, 3.6119666339883395e-23, nan 
99.625, 76.875, 3.1311975773198536e-23, nan 
99.875, 76.875, 3.3788599599267624e-23, nan 
100.125, 76.875, 2.4428819892765948e-23, nan 
100.375, 76.875, 2.3851919848603496e-23, nan 
100.625, 76.875, 3.723502802641774e-23, nan 
100.875, 76.875, 2.9241702260422674e-23, nan 
101.125, 76.875, 3.1342622768707754e-23, nan 
101.375, 76.875, 1.8769471819235418e-23, nan 
101.625, 76.875, 1.1982107792712722e-23, nan 
101.875, 76.875, 6.179828045820396e-23, nan 
102.125, 76.875, 4.3956333947446114e-23, nan 
102.375, 76.875, 2.9534170528171684e-23, nan 
102.625, 76.875, 3.1341993640280703e-23, nan 
102.875, 76.875, 1.348446589461284e-23, nan 
103.125, 76.875, 3.7707113730415165e-23, nan 
103.375, 76.875, 3.329440776040364e-23, nan 
103.625, 76.875, 2.4515181692238996e-23, nan 
103.875, 76.875, 2.4318983803560627e-23, nan 
104.125, 76.875, 1.3130580308809662e-23, nan 
104.375, 76.875, 1.8699733829626214e-23, nan 
104.625, 76.875, 1.6069811452683206e-23, nan 
104.875, 76.875, 1.8604122132812196e-23, nan 
105.125, 76.875, 1.9361331585807597e-23, nan 
105.375, 76.875, 2.5578807905215076e-23, nan 
105.625, 76.875, 2.11264985503141e-23, nan 
105.875, 76.875, 1.3862547106904856e-23, nan 
106.125, 76.875, 1.9247596782758284e-23, nan 
106.375, 76.875, 2.197767170720659e-23, nan 
106.625, 76.875, 1.4825946401161718e-23, nan 
106.875, 76.875, 1.540328984792213e-23, nan 
107.125, 76.875, 1.1002543963292493e-23, nan 
107.375, 76.875, 1.1427139080959223e-23, nan 
107.625, 76.875, 1.0788928059306421e-23, nan 
107.875, 76.875, 1.2051643125358169e-23, nan 
108.125, 76.875, 2.0064526166412156e-23, nan 
108.375, 76.875, 2.2622920167053654e-23, nan 
108.625, 76.875, 2.6178812561166192e-23, nan 
108.875, 76.875, 3.799652708061316e-23, nan 
109.125, 76.875, 3.291125285841541e-23, nan 
109.375, 76.875, 2.549978397823787e-23, nan 
109.625, 76.875, 1.855758722496204e-23, nan 
109.875, 76.875, 5.23479105433628e-23, nan 
110.125, 76.875, 7.199181583333566e-23, nan 
110.375, 76.875, 8.919670647056438e-23, nan 
110.625, 76.875, 6.067552825728147e-23, nan 
110.875, 76.875, 4.5892460679893426e-23, nan 
111.125, 76.875, 6.960584933935747e-23, nan 
111.375, 76.875, 6.062493225950153e-23, nan 
111.625, 76.875, 8.049291991270702e-23, nan 
111.875, 76.875, 7.095515868824223e-23, nan 
112.125, 76.875, 8.494420486042375e-23, nan 
112.375, 76.875, 8.447172717316647e-23, nan 
112.625, 76.875, 2.5508306723310306e-23, nan 
112.875, 76.875, 2.3613766819040185e-23, nan 
113.125, 76.875, 4.821753836272933e-23, nan 
113.375, 76.875, 1.6589556371771858e-22, nan 
113.625, 76.875, 1.341660293948551e-22, nan 
113.875, 76.875, 4.508486994771293e-23, nan 
114.125, 76.875, 3.89674408311756e-23, nan 
114.375, 76.875, 2.8228749876008263e-22, nan 
114.625, 76.875, 2.6808568383298033e-22, nan 
114.875, 76.875, 2.1945802001066363e-22, nan 
115.125, 76.875, 1.2662304532745664e-22, nan 
115.375, 76.875, 1.2205570911144015e-22, nan 
115.625, 76.875, 3.197671325421798e-22, nan 
115.875, 76.875, 3.7099694877969146e-22, nan 
116.125, 76.875, 3.088740921652148e-22, nan 
116.375, 76.875, 1.8619456605814146e-22, nan 
116.625, 76.875, 8.899607860102379e-23, nan 
116.875, 76.875, 1.7940554871659063e-22, nan 
117.125, 76.875, 2.4019100580936156e-22, nan 
117.375, 76.875, 1.8034012689597674e-22, nan 
117.625, 76.875, 1.3582025400807603e-22, nan 
117.875, 76.875, 2.0071513961989834e-22, nan 
118.125, 76.875, 2.388940419013058e-22, nan 
118.375, 76.875, 1.7775758452263879e-22, nan 
118.625, 76.875, 2.057550843099528e-22, nan 
118.875, 76.875, 7.540126216249857e-23, nan 
119.125, 76.875, 1.0661765033862975e-22, nan 
119.375, 76.875, 1.1546062892665173e-22, nan 
119.625, 76.875, 1.7499123674540373e-22, nan 
119.875, 76.875, 1.967436010040481e-22, nan 
120.125, 76.875, 1.2469873848766477e-22, nan 
120.375, 76.875, 1.1707794162454819e-22, nan 
120.625, 76.875, 1.0357569125925717e-22, nan 
120.875, 76.875, 1.2838634345087535e-22, nan 
121.125, 76.875, 1.3643561114450433e-22, nan 
121.375, 76.875, 1.2006402413431285e-22, nan 
121.625, 76.875, 1.4606167148414142e-22, nan 
121.875, 76.875, 1.133173439445768e-22, nan 
122.125, 76.875, 1.075965807039535e-22, nan 
122.375, 76.875, 7.572630481116e-23, nan 
122.625, 76.875, 5.107168361436726e-23, nan 
122.875, 76.875, 3.5600495014958e-23, nan 
123.125, 76.875, 5.078877973575246e-23, nan 
123.375, 76.875, 5.986706032901816e-23, nan 
123.625, 76.875, 6.138322176397389e-23, nan 
123.875, 76.875, 4.01652311796764e-23, nan 
124.125, 76.875, 3.805479892467312e-23, nan 
124.375, 76.875, 2.0011383706805226e-22, nan 
124.625, 76.875, 6.975338438636188e-23, nan 
124.875, 76.875, 5.743761627616291e-23, nan 
125.125, 76.875, 8.284854470412215e-23, nan 
125.375, 76.875, 1.2611340165398602e-22, nan 
125.625, 76.875, 1.0430534015786156e-22, nan 
125.875, 76.875, 1.0484068119057903e-22, nan 
126.125, 76.875, 8.658425303436165e-23, nan 
126.375, 76.875, 9.428219472807506e-23, nan 
126.625, 76.875, 1.3566685753123077e-22, nan 
126.875, 76.875, 1.504453398063399e-22, nan 
127.125, 76.875, 1.8624997348113275e-22, nan 
127.375, 76.875, 2.043899332179332e-22, nan 
127.625, 76.875, 2.220018335051872e-22, nan 
127.875, 76.875, 2.245726342700976e-22, nan 
128.125, 76.875, 2.1127652867920968e-22, nan 
128.375, 76.875, 1.9842391740934153e-22, nan 
128.625, 76.875, 2.0948194851750335e-22, nan 
128.875, 76.875, 2.8803304174261343e-22, nan 
129.125, 76.875, 1.8576180417439515e-22, nan 
129.375, 76.875, 1.787959196314581e-22, nan 
129.625, 76.875, 1.662785020579877e-22, nan 
129.875, 76.875, 1.585672168636011e-22, nan 
130.125, 76.875, 2.5909102722314417e-22, nan 
130.375, 76.875, 2.2588496628547817e-22, nan 
130.625, 76.875, 2.185697830809135e-22, nan 
130.875, 76.875, 2.1129044994152425e-22, nan 
131.125, 76.875, 1.7545463708487015e-22, nan 
131.375, 76.875, 1.8834467650942145e-22, nan 
131.625, 76.875, 1.6626574859204304e-22, nan 
131.875, 76.875, 1.5427322886458367e-22, nan 
132.125, 76.875, 1.207225391497967e-22, nan 
132.375, 76.875, 1.4219932574272594e-22, nan 
132.625, 76.875, 9.788752850165641e-23, nan 
132.875, 76.875, 6.763028369055227e-23, nan 
133.125, 76.875, 1.278439029348582e-22, nan 
133.375, 76.875, 1.882180123426515e-22, nan 
133.625, 76.875, 1.8193642675312928e-22, nan 
133.875, 76.875, 1.7214330069819587e-22, nan 
134.125, 76.875, 1.5330265295009306e-22, nan 
134.375, 76.875, 3.152443317696766e-22, nan 
134.625, 76.875, 5.240319427792867e-22, nan 
134.875, 76.875, 3.52181427148936e-22, nan 
135.125, 76.875, 4.029037498801087e-22, nan 
135.375, 76.875, 2.2632905658696553e-22, nan 
135.625, 76.875, 3.1906278352736765e-22, nan 
135.875, 76.875, 3.7466695035653465e-22, nan 
136.125, 76.875, 3.3079151718006157e-22, nan 
136.375, 76.875, 4.10770607203767e-22, nan 
136.625, 76.875, 4.2284369531137834e-22, nan 
136.875, 76.875, 4.646966770952775e-22, nan 
137.125, 76.875, 4.683719258134719e-22, nan 
137.375, 76.875, 4.854966313184447e-22, nan 
137.625, 76.875, 5.556046694757139e-22, nan 
137.875, 76.875, 3.7346246298537625e-22, nan 
138.125, 76.875, 3.669388979210985e-22, nan 
138.375, 76.875, 4.505242920119047e-22, nan 
138.625, 76.875, 5.2969081381797505e-22, nan 
138.875, 76.875, 5.9744900101705195e-22, nan 
139.125, 76.875, 5.310350194507123e-22, nan 
139.375, 76.875, 5.495000599253756e-22, nan 
139.625, 76.875, 5.046418628031061e-22, nan 
139.875, 76.875, 7.335922273599876e-22, nan 
140.125, 76.875, 3.584219807553715e-22, nan 
140.375, 76.875, 3.4467309809004896e-22, nan 
140.625, 76.875, 2.8803107235438696e-22, nan 
140.875, 76.875, 3.516122583611283e-22, nan 
141.125, 76.875, 3.4619523787286445e-22, nan 
141.375, 76.875, 4.0203444936067126e-22, nan 
141.625, 76.875, 4.36443155025368e-22, nan 
141.875, 76.875, 4.848295734755606e-22, nan 
142.125, 76.875, 6.375097154427085e-22, nan 
142.375, 76.875, 5.9922031193385e-22, nan 
142.625, 76.875, 6.058577198278939e-22, nan 
142.875, 76.875, 6.076282088239022e-22, nan 
143.125, 76.875, 7.711650746787069e-22, nan 
143.375, 76.875, 8.016329066372296e-22, nan 
143.625, 76.875, 7.44267313677557e-22, nan 
143.875, 76.875, 7.243441534337513e-22, nan 
144.125, 76.875, 6.651000929946101e-22, nan 
144.375, 76.875, 7.99075485541771e-22, nan 
144.625, 76.875, 6.7877607969813025e-22, nan 
144.875, 76.875, 6.138880087463263e-22, nan 
145.125, 76.875, 6.142763103160671e-22, nan 
145.375, 76.875, 6.521139190130004e-22, nan 
145.625, 76.875, 8.024439167065223e-22, nan 
145.875, 76.875, 8.739993508274482e-22, nan 
146.125, 76.875, 1.1817101014070615e-21, nan 
146.375, 76.875, 1.32030443523671e-21, nan 
146.625, 76.875, 1.2630530767459578e-21, nan 
146.875, 76.875, 7.141885471433281e-22, nan 
147.125, 76.875, 1.0448790041187627e-21, nan 
147.375, 76.875, 1.779537963153548e-21, nan 
147.625, 76.875, 1.8504092113290955e-21, nan 
147.875, 76.875, 1.5720660930820751e-21, nan 
148.125, 76.875, 6.995597381202956e-22, nan 
148.375, 76.875, 1.3526312784922742e-22, nan 
148.625, 76.875, 9.205929411531402e-22, nan 
148.875, 76.875, 1.2858193743487877e-21, nan 
149.125, 76.875, 6.144608364987766e-22, nan 
149.375, 76.875, 7.873459298892503e-22, nan 
149.625, 76.875, 6.777521493051729e-22, nan 
149.875, 76.875, 8.785379394209935e-22, nan 
150.125, 76.875, 1.2669265152363284e-21, nan 
150.375, 76.875, 8.639181332517447e-22, nan 
150.625, 76.875, 7.714878810032723e-22, nan 
150.875, 76.875, 7.467060987201384e-22, nan 
151.125, 76.875, 1.180232893719338e-21, nan 
151.375, 76.875, 1.082213427344409e-21, nan 
151.625, 76.875, 1.4338549765763702e-21, nan 
151.875, 76.875, 2.2924719276826775e-21, nan 
152.125, 76.875, 3.652366816196942e-21, nan 
152.375, 76.875, 3.3085326397610142e-21, nan 
152.625, 76.875, 2.6260950334165297e-21, nan 
152.875, 76.875, 2.9243202441385273e-21, nan 
153.125, 76.875, 2.8480456773753386e-21, nan 
153.375, 76.875, 3.540993032120502e-21, nan 
153.625, 76.875, 4.087569787428762e-21, nan 
153.875, 76.875, 3.5154626614732084e-21, nan 
154.125, 76.875, 3.880891015908283e-21, nan 
154.375, 76.875, 3.258513008676007e-21, nan 
154.625, 76.875, 2.986777935568865e-21, nan 
154.875, 76.875, 6.283566241440865e-21, nan 
155.125, 76.875, 5.854605578277864e-21, nan 
155.375, 76.875, 5.9099365721744304e-21, nan 
155.625, 76.875, 5.511313421922941e-21, nan 
155.875, 76.875, 5.025932892379079e-21, nan 
156.125, 76.875, 4.68513025913867e-21, nan 
156.375, 76.875, 7.955222538884196e-21, nan 
156.625, 76.875, 7.192302564248897e-21, nan 
156.875, 76.875, 3.555913029183529e-21, nan 
157.125, 76.875, 4.365955798213794e-21, nan 
157.375, 76.875, 5.2996056092663896e-21, nan 
157.625, 76.875, 9.296962891783187e-21, nan 
157.875, 76.875, 1.2314563909244159e-20, nan 
158.125, 76.875, 1.4916122935459603e-20, nan 
158.375, 76.875, 1.8344101142892802e-20, nan 
158.625, 76.875, 1.852872706301259e-20, nan 
158.875, 76.875, 2.440547661948964e-20, nan 
159.125, 76.875, 2.1755487732592427e-20, nan 
159.375, 76.875, 1.9277965366500933e-20, nan 
159.625, 76.875, 1.5662171590795556e-20, nan 
159.875, 76.875, 2.2003905362845902e-20, nan 
160.125, 76.875, 3.246214102112452e-20, nan 
160.375, 76.875, 4.8163775763518793e-20, nan 
160.625, 76.875, 3.758486260485431e-20, nan 
160.875, 76.875, 3.808833860918996e-20, nan 
161.125, 76.875, 3.3734480350865513e-20, nan 
161.375, 76.875, 6.426752150853832e-20, nan 
161.625, 76.875, 1.5175105977938978e-19, nan 
161.875, 76.875, 1.9473449870579847e-19, nan 
162.125, 76.875, 1.9608294156586139e-19, nan 
162.375, 76.875, 1.5476779017735773e-19, nan 
162.625, 76.875, 1.6662977324998136e-19, nan 
162.875, 76.875, 1.3712459847909797e-19, nan 
163.125, 76.875, 1.610909600799502e-19, nan 
163.375, 76.875, 7.244377376248784e-20, nan 
163.625, 76.875, 1.8343372702654963e-19, nan 
163.875, 76.875, 2.3078903531598316e-19, nan 
164.125, 76.875, 2.4722591330633604e-19, nan 
164.375, 76.875, 3.019071507210628e-19, nan 
164.625, 76.875, 4.623525945160172e-19, nan 
164.875, 76.875, 4.463948260475111e-19, nan 
165.125, 76.875, 7.229847911527566e-19, nan 
165.375, 76.875, 5.330512654727998e-19, nan 
165.625, 76.875, 6.419294464056032e-19, nan 
165.875, 76.875, 7.57197487329125e-19, nan 
166.125, 76.875, 6.730089759224006e-19, nan 
166.375, 76.875, 1.012026954805256e-18, nan 
166.625, 76.875, 9.971473515811584e-19, nan 
166.875, 76.875, 9.163522854307479e-19, nan 
167.125, 76.875, 9.749697595684588e-19, nan 
167.375, 76.875, 9.255447547311497e-19, nan 
167.625, 76.875, 5.171788513835221e-19, nan 
167.875, 76.875, 4.313029188454995e-19, nan 
168.125, 76.875, 4.372123392116854e-19, nan 
168.375, 76.875, 4.155081661278241e-19, nan 
168.625, 76.875, 4.836882394638019e-19, nan 
168.875, 76.875, 4.0484255523854257e-19, nan 
169.125, 76.875, 4.634240641407291e-19, nan 
169.375, 76.875, 2.8251495989560256e-19, nan 
169.625, 76.875, 1.9436946966603e-19, nan 
169.875, 76.875, 2.4386118765171666e-19, nan 
170.125, 76.875, 2.0065674994736337e-19, nan 
170.375, 76.875, 1.9902659470863183e-19, nan 
170.625, 76.875, 1.3526731694727335e-19, nan 
170.875, 76.875, 1.1180106149668633e-19, nan 
171.125, 76.875, 8.31522788535689e-20, nan 
171.375, 76.875, 7.404121101128118e-20, nan 
171.625, 76.875, 5.631200804704025e-20, nan 
171.875, 76.875, 4.0541440592615195e-20, nan 
172.125, 76.875, 2.4265029767058143e-20, nan 
172.375, 76.875, 2.1308836128641657e-20, nan 
172.625, 76.875, 2.2889394317279716e-20, nan 
172.875, 76.875, 3.056891067784757e-20, nan 
173.125, 76.875, 2.0050962798359477e-20, nan 
173.375, 76.875, 1.3483642414901292e-20, nan 
173.625, 76.875, 1.618465301427539e-20, nan 
173.875, 76.875, 1.881711794944721e-20, nan 
174.125, 76.875, 9.920860399409967e-21, nan 
174.375, 76.875, 1.1608315805437625e-20, nan 
174.625, 76.875, 7.283087509414445e-21, nan 
174.875, 76.875, 1.1257118560825014e-20, nan 
175.125, 76.875, 1.4324620781071315e-20, nan 
175.375, 76.875, 7.585722751264756e-21, nan 
175.625, 76.875, 1.0316410582203227e-20, nan 
175.875, 76.875, 5.32515595248993e-21, nan 
176.125, 76.875, 5.328014648814311e-21, nan 
176.375, 76.875, 8.184526504685727e-21, nan 
176.625, 76.875, 7.767511346503578e-21, nan 
176.875, 76.875, 9.96213682746109e-21, nan 
177.125, 76.875, 8.64256286665237e-21, nan 
177.375, 76.875, 5.289900458178888e-21, nan 
177.625, 76.875, 5.470335188425794e-21, nan 
177.875, 76.875, 7.987245451887798e-21, nan 
178.125, 76.875, 7.951866699684967e-21, nan 
178.375, 76.875, 8.478762632895225e-21, nan 
178.625, 76.875, 5.927074289651949e-21, nan 
178.875, 76.875, 2.6298707323997756e-21, nan 
179.125, 76.875, 4.7143584013839704e-21, nan 
179.375, 76.875, 6.400207092212155e-21, nan 
179.625, 76.875, 5.388566390685602e-21, nan 
179.875, 76.875, 7.115946770928589e-21, nan 
-179.875, 77.125, 7.504385881212341e-21, nan 
-179.625, 77.125, 4.837966244780591e-21, nan 
-179.375, 77.125, 4.8299379670567276e-21, nan 
-179.125, 77.125, 6.966581872260636e-21, nan 
-178.875, 77.125, 8.813270540383474e-21, nan 
-178.625, 77.125, 8.79462534492129e-21, nan 
-178.375, 77.125, 7.47719007432881e-21, nan 
-178.125, 77.125, 7.397821177492832e-21, nan 
-177.875, 77.125, 7.051155489292407e-21, nan 
-177.625, 77.125, 1.1502714246659699e-20, nan 
-177.375, 77.125, 1.1365978077405109e-20, nan 
-177.125, 77.125, 1.1985620675117633e-20, nan 
-176.875, 77.125, 9.040766444628302e-21, nan 
-176.625, 77.125, 7.103478773543418e-21, nan 
-176.375, 77.125, 5.578075747039142e-21, nan 
-176.125, 77.125, 5.6566947013385394e-21, nan 
-175.875, 77.125, 7.856060267263557e-21, nan 
-175.625, 77.125, 6.229817681821738e-21, nan 
-175.375, 77.125, 6.467033218512491e-21, nan 
-175.125, 77.125, 5.344283045110402e-21, nan 
-174.875, 77.125, 6.055368080368722e-21, nan 
-174.625, 77.125, 5.517746438234743e-21, nan 
-174.375, 77.125, 7.014656235698156e-21, nan 
-174.125, 77.125, 6.861751606727456e-21, nan 
-173.875, 77.125, 3.500101073348795e-21, nan 
-173.625, 77.125, 3.9844361613804356e-21, nan 
-173.375, 77.125, 4.558808063326574e-21, nan 
-173.125, 77.125, 2.458433567300296e-21, nan 
-172.875, 77.125, 3.553809230258886e-21, nan 
-172.625, 77.125, 3.1238522433642712e-21, nan 
-172.375, 77.125, 6.489189629452205e-21, nan 
-172.125, 77.125, 7.65738541918823e-21, nan 
-171.875, 77.125, 5.714253637326495e-21, nan 
-171.625, 77.125, 7.053951189315848e-21, nan 
-171.375, 77.125, 3.3937977329937595e-21, nan 
-171.125, 77.125, 4.255637398911135e-21, nan 
-170.875, 77.125, 7.358246998156912e-21, nan 
-170.625, 77.125, 6.847896105429036e-21, nan 
-170.375, 77.125, 5.805505375708191e-21, nan 
-170.125, 77.125, 4.18855095620463e-21, nan 
-169.875, 77.125, 4.04582273013474e-21, nan 
-169.625, 77.125, 4.9101065322866394e-21, nan 
-169.375, 77.125, 4.610193093962776e-21, nan 
-169.125, 77.125, 5.864598311839455e-21, nan 
-168.875, 77.125, 4.234081849304742e-21, nan 
-168.625, 77.125, 3.69856607739044e-21, nan 
-168.375, 77.125, 2.2102167477052248e-21, nan 
-168.125, 77.125, 2.1754763720058112e-21, nan 
-167.875, 77.125, 4.280107516433601e-21, nan 
-167.625, 77.125, 6.245644244006755e-21, nan 
-167.375, 77.125, 8.152197045735433e-21, nan 
-167.125, 77.125, 5.587851411680391e-21, nan 
-166.875, 77.125, 6.0728509458255e-21, nan 
-166.625, 77.125, 6.92716552613429e-21, nan 
-166.375, 77.125, 4.381968554617917e-21, nan 
-166.125, 77.125, 2.3206614046227863e-21, nan 
-165.875, 77.125, 2.966198946798242e-21, nan 
-165.625, 77.125, 5.428993719031406e-21, nan 
-165.375, 77.125, 6.999788146796187e-21, nan 
-165.125, 77.125, 5.708761935621985e-21, nan 
-164.875, 77.125, 3.551833568349337e-21, nan 
-164.625, 77.125, 4.066673761729716e-21, nan 
-164.375, 77.125, 4.017719753869211e-21, nan 
-164.125, 77.125, 3.483939700812491e-21, nan 
-163.875, 77.125, 2.9479593093790053e-21, nan 
-163.625, 77.125, 3.535745334740609e-21, nan 
-163.375, 77.125, 2.731153681039502e-21, nan 
-163.125, 77.125, 1.886608730508189e-21, nan 
-162.875, 77.125, 1.32750424133035e-21, nan 
-162.625, 77.125, 1.8659092669118733e-21, nan 
-162.375, 77.125, 2.214836064630714e-21, nan 
-162.125, 77.125, 2.0636931180483567e-21, nan 
-161.875, 77.125, 1.936432815814349e-21, nan 
-161.625, 77.125, 1.8548132829562904e-21, nan 
-161.375, 77.125, 1.873296611173273e-21, nan 
-161.125, 77.125, 1.5380395725482588e-21, nan 
-160.875, 77.125, 1.4947625187520382e-21, nan 
-160.625, 77.125, 1.5395137138452292e-21, nan 
-160.375, 77.125, 1.5314404987718883e-21, nan 
-160.125, 77.125, 1.3975893047527482e-21, nan 
-159.875, 77.125, 9.169986036893334e-22, nan 
-159.625, 77.125, 5.06468372830467e-22, nan 
-159.375, 77.125, 4.097167313653124e-22, nan 
-159.125, 77.125, 3.692687407167727e-22, nan 
-158.875, 77.125, 2.231521975803952e-22, nan 
-158.625, 77.125, 2.1103793656709263e-22, nan 
-158.375, 77.125, 2.7403295533269872e-22, nan 
-158.125, 77.125, 2.680839394997381e-22, nan 
-157.875, 77.125, 5.495374702924561e-22, nan 
-157.625, 77.125, 1.6921684700945297e-22, nan 
-157.375, 77.125, 2.1080805904737276e-22, nan 
-157.125, 77.125, 1.4719611486838747e-22, nan 
-156.875, 77.125, 1.8038651495440833e-22, nan 
-156.625, 77.125, 1.9258915214434745e-22, nan 
-156.375, 77.125, 3.2365179557990445e-22, nan 
-156.125, 77.125, 1.461176218023561e-22, nan 
-155.875, 77.125, 1.6978210387838806e-22, nan 
-155.625, 77.125, 1.8703345809222807e-22, nan 
-155.375, 77.125, 3.3227956594928932e-22, nan 
-155.125, 77.125, 2.0383983428182996e-22, nan 
-154.875, 77.125, 2.1839190584492366e-22, nan 
-154.625, 77.125, 2.779927078353455e-22, nan 
-154.375, 77.125, 1.8038115810661962e-22, nan 
-154.125, 77.125, 4.784030062521616e-22, nan 
-153.875, 77.125, 3.8554489327115587e-22, nan 
-153.625, 77.125, 5.504004886257046e-22, nan 
-153.375, 77.125, 7.8211985216541e-22, nan 
-153.125, 77.125, 7.31188511830952e-22, nan 
-152.875, 77.125, 6.356332778915065e-22, nan 
-152.625, 77.125, 4.570670912659845e-22, nan 
-152.375, 77.125, 2.995400871447764e-22, nan 
-152.125, 77.125, 2.373280026099318e-22, nan 
-151.875, 77.125, 1.9858603153588527e-22, nan 
-151.625, 77.125, 2.1243560534412593e-22, nan 
-151.375, 77.125, 1.7435785946603387e-22, nan 
-151.125, 77.125, 1.5667635675956767e-22, nan 
-150.875, 77.125, 1.5654940415904848e-22, nan 
-150.625, 77.125, 1.7414845498341179e-22, nan 
-150.375, 77.125, 3.23631924765697e-22, nan 
-150.125, 77.125, 5.717806486869581e-22, nan 
-149.875, 77.125, 5.944415455912232e-22, nan 
-149.625, 77.125, 5.888049913408651e-22, nan 
-149.375, 77.125, 7.05857738766861e-22, nan 
-149.125, 77.125, 9.835766601055546e-22, nan 
-148.875, 77.125, 9.501321806148363e-22, nan 
-148.625, 77.125, 1.072485596518759e-21, nan 
-148.375, 77.125, 1.8138355870459433e-21, nan 
-148.125, 77.125, 1.5765452888448077e-21, nan 
-147.875, 77.125, 1.2778805928291493e-21, nan 
-147.625, 77.125, 9.984026712922341e-22, nan 
-147.375, 77.125, 2.2778157137084258e-21, nan 
-147.125, 77.125, 3.867184737105486e-21, nan 
-146.875, 77.125, 2.3710466011127718e-21, nan 
-146.625, 77.125, 1.2084726565324154e-21, nan 
-146.375, 77.125, 2.0961243631832993e-21, nan 
-146.125, 77.125, 2.332156926468765e-21, nan 
-145.875, 77.125, 3.2773446991283573e-21, nan 
-145.625, 77.125, 2.4194980033810784e-21, nan 
-145.375, 77.125, 1.6773173403925485e-21, nan 
-145.125, 77.125, 2.4075098595800025e-21, nan 
-144.875, 77.125, 3.0086583859297786e-21, nan 
-144.625, 77.125, 5.927845994559647e-21, nan 
-144.375, 77.125, 5.459512112084779e-21, nan 
-144.125, 77.125, 1.9847477698359802e-21, nan 
-143.875, 77.125, 2.4524312125863015e-21, nan 
-143.625, 77.125, 2.443862392877836e-21, nan 
-143.375, 77.125, 3.15888998293654e-21, nan 
-143.125, 77.125, 2.7169569260872014e-21, nan 
-142.875, 77.125, 1.2538494439719891e-21, nan 
-142.625, 77.125, 1.2942911305068662e-21, nan 
-142.375, 77.125, 6.186581206208135e-22, nan 
-142.125, 77.125, 4.918443684323302e-22, nan 
-141.875, 77.125, 4.73712314894072e-22, nan 
-141.625, 77.125, 4.740376871835865e-22, nan 
-141.375, 77.125, 2.8661862711789536e-22, nan 
-141.125, 77.125, 3.2083373500498814e-22, nan 
-140.875, 77.125, 3.6658538588382316e-22, nan 
-140.625, 77.125, 6.268507094193559e-22, nan 
-140.375, 77.125, 4.1657012329436668e-22, nan 
-140.125, 77.125, 1.7679512492829572e-22, nan 
-139.875, 77.125, 2.5596112762156163e-22, nan 
-139.625, 77.125, 3.400032583584742e-22, nan 
-139.375, 77.125, 2.160821432050824e-22, nan 
-139.125, 77.125, 4.301976968398397e-22, nan 
-138.875, 77.125, 2.7662514296630737e-22, nan 
-138.625, 77.125, 3.0825710333001087e-22, nan 
-138.375, 77.125, 3.819219169904936e-22, nan 
-138.125, 77.125, 3.0031719650096e-22, nan 
-137.875, 77.125, 7.356213755774525e-22, nan 
-137.625, 77.125, 4.274816443959299e-22, nan 
-137.375, 77.125, 4.545773597668973e-22, nan 
-137.125, 77.125, 4.729634714849371e-22, nan 
-136.875, 77.125, 3.5224869447797463e-22, nan 
-136.625, 77.125, 1.0613173108655695e-21, nan 
-136.375, 77.125, 4.1119944205257506e-22, nan 
-136.125, 77.125, 7.39639242243549e-22, nan 
-135.875, 77.125, 1.0497523610892042e-21, nan 
-135.625, 77.125, 1.3706888719927542e-21, nan 
-135.375, 77.125, 1.988896278992037e-21, nan 
-135.125, 77.125, 9.202424068082379e-22, nan 
-134.875, 77.125, 9.639652039692565e-22, nan 
-134.625, 77.125, 1.0127893465252653e-21, nan 
-134.375, 77.125, 1.2235255359331718e-21, nan 
-134.125, 77.125, 1.5888846476824117e-21, nan 
-133.875, 77.125, 1.1041590917593285e-21, nan 
-133.625, 77.125, 4.97474689331379e-22, nan 
-133.375, 77.125, 5.489741595561174e-22, nan 
-133.125, 77.125, 5.096215038348848e-22, nan 
-132.875, 77.125, 5.632087249738201e-22, nan 
-132.625, 77.125, 5.606201676393334e-22, nan 
-132.375, 77.125, 5.490899765631203e-22, nan 
-132.125, 77.125, 6.155516083642701e-22, nan 
-131.875, 77.125, 3.760962049813623e-22, nan 
-131.625, 77.125, 6.651396127415052e-22, nan 
-131.375, 77.125, 3.640569246931897e-22, nan 
-131.125, 77.125, 4.677191875191229e-22, nan 
-130.875, 77.125, 1.7159000781393606e-22, nan 
-130.625, 77.125, 2.7966959252238436e-22, nan 
-130.375, 77.125, 9.017765278701522e-22, nan 
-130.125, 77.125, 5.475255511485845e-22, nan 
-129.875, 77.125, 5.915638936506012e-22, nan 
-129.625, 77.125, 4.536165411058255e-22, nan 
-129.375, 77.125, 4.477809284762282e-22, nan 
-129.125, 77.125, 4.751588599172128e-22, nan 
-128.875, 77.125, 4.55247708961872e-22, nan 
-128.625, 77.125, 5.083752183163182e-22, nan 
-128.375, 77.125, 8.396267855834372e-22, nan 
-128.125, 77.125, 7.1898618687973575e-22, nan 
-127.875, 77.125, 7.453817115730811e-22, nan 
-127.625, 77.125, 7.871591927026955e-22, nan 
-127.375, 77.125, 7.51450545104374e-22, nan 
-127.125, 77.125, 5.33358870935351e-22, nan 
-126.875, 77.125, 3.294734176102349e-22, nan 
-126.625, 77.125, 3.9777181959944903e-22, nan 
-126.375, 77.125, 6.180042992094534e-22, nan 
-126.125, 77.125, 5.570297855924472e-22, nan 
-125.875, 77.125, 4.279185349202029e-22, nan 
-125.625, 77.125, 2.9062463522384067e-22, nan 
-125.375, 77.125, 1.1380976576888525e-22, nan 
-125.125, 77.125, 2.39779469111554e-22, nan 
-124.875, 77.125, 2.188883116931576e-22, nan 
-124.625, 77.125, 2.0955909390162548e-22, nan 
-124.375, 77.125, 1.8612247210435635e-22, nan 
-124.125, 77.125, 9.257910405829453e-23, nan 
-123.875, 77.125, 8.789911005463296e-23, nan 
-123.625, 77.125, 6.45379876321983e-23, nan 
-123.375, 77.125, 6.958923665353725e-23, nan 
-123.125, 77.125, 9.253920552324176e-23, nan 
-122.875, 77.125, 1.0257811970879228e-22, nan 
-122.625, 77.125, 7.504408402995978e-23, nan 
-122.375, 77.125, 5.588743235695991e-23, nan 
-122.125, 77.125, 3.2104755175866087e-23, nan 
-121.875, 77.125, 3.560338658811976e-23, nan 
-121.625, 77.125, 4.445149230133706e-23, nan 
-121.375, 77.125, 4.30770311569043e-23, nan 
-121.125, 77.125, 3.8810244841863004e-23, nan 
-120.875, 77.125, 2.729160252536918e-23, nan 
-120.625, 77.125, 1.6561512166998317e-23, nan 
-120.375, 77.125, 2.341370609961424e-23, nan 
-120.125, 77.125, 4.724128587316355e-23, nan 
-119.875, 77.125, 5.20601012192081e-23, nan 
-119.625, 77.125, 4.488306935368705e-23, nan 
-119.375, 77.125, 2.2343051036427338e-23, nan 
-119.125, 77.125, 2.318745194302305e-23, nan 
-118.875, 77.125, 4.4290142246301804e-23, nan 
-118.625, 77.125, 4.349961440398572e-23, nan 
-118.375, 77.125, 3.2589780418327606e-23, nan 
-118.125, 77.125, 2.3336912793500264e-23, nan 
-117.875, 77.125, 1.3667960310996094e-23, nan 
-117.625, 77.125, 1.2879401553328558e-23, nan 
-117.375, 77.125, 2.1029062895324153e-23, nan 
-117.125, 77.125, 1.8508171914685842e-23, nan 
-116.875, 77.125, 2.933377313313708e-23, nan 
-116.625, 77.125, 1.9507400157121594e-23, nan 
-116.375, 77.125, 5.721721569031416e-23, nan 
-116.125, 77.125, 6.536202154497394e-23, nan 
-115.875, 77.125, 3.77242798131332e-23, nan 
-115.625, 77.125, 2.5977302237160077e-23, nan 
-115.375, 77.125, 2.786435182757745e-23, nan 
-115.125, 77.125, 8.193188459163389e-23, nan 
-114.875, 77.125, 5.275530472527211e-23, nan 
-114.625, 77.125, 5.260065752515308e-23, nan 
-114.375, 77.125, 2.3325679178285092e-23, nan 
-114.125, 77.125, 4.9252963477860847e-23, nan 
-113.875, 77.125, 1.1367692953599877e-22, nan 
-113.625, 77.125, 1.11857576720274e-22, nan 
-113.375, 77.125, 6.589005685835765e-23, nan 
-113.125, 77.125, 5.591957723665022e-23, nan 
-112.875, 77.125, 8.313252237322146e-23, nan 
-112.625, 77.125, 1.1682469207286309e-22, nan 
-112.375, 77.125, 7.495425117886221e-23, nan 
-112.125, 77.125, 9.911332003861453e-23, nan 
-111.875, 77.125, 6.454833443091053e-23, nan 
-111.625, 77.125, 1.8535557884035748e-23, nan 
-111.375, 77.125, 8.694592356745007e-23, nan 
-111.125, 77.125, 7.313473327335986e-23, nan 
-110.875, 77.125, 1.2472650895509786e-22, nan 
-110.625, 77.125, 7.542711324902513e-23, nan 
-110.375, 77.125, 1.312559821237474e-22, nan 
-110.125, 77.125, 9.45189958299417e-23, nan 
-109.875, 77.125, 7.400856305196855e-23, nan 
-109.625, 77.125, 8.61995888958902e-23, nan 
-109.375, 77.125, 4.9181096361270166e-23, nan 
-109.125, 77.125, 5.0368411801328424e-23, nan 
-108.875, 77.125, 6.068415276042656e-23, nan 
-108.625, 77.125, 6.997851032539324e-23, nan 
-108.375, 77.125, 5.997061979431261e-23, nan 
-108.125, 77.125, 4.785965177538413e-23, nan 
-107.875, 77.125, 7.426712149044816e-23, nan 
-107.625, 77.125, 1.6703374937398624e-23, nan 
-107.375, 77.125, 5.639758591037704e-23, nan 
-107.125, 77.125, 6.035781894110416e-23, nan 
-106.875, 77.125, 7.858449736794118e-23, nan 
-106.625, 77.125, 1.2737826534574264e-22, nan 
-106.375, 77.125, 2.2710277144522888e-23, nan 
-106.125, 77.125, 2.0648501256073728e-23, nan 
-105.875, 77.125, 2.8603913078538646e-23, nan 
-105.625, 77.125, 3.8382798682903887e-23, nan 
-105.375, 77.125, 5.556597332985192e-23, nan 
-105.125, 77.125, 1.2424630662155353e-23, nan 
-104.875, 77.125, 1.9879766986988344e-23, nan 
-104.625, 77.125, 5.884871024826708e-24, nan 
-104.375, 77.125, 9.931387929043496e-24, nan 
-104.125, 77.125, 1.2510345685488097e-23, nan 
-103.875, 77.125, 4.6608598179114504e-23, nan 
-103.625, 77.125, 2.4930550154416105e-23, nan 
-103.375, 77.125, 2.335012637722396e-23, nan 
-103.125, 77.125, 3.7512370569450493e-23, nan 
-102.875, 77.125, 5.481757059184297e-23, nan 
-102.625, 77.125, 4.8624472668970607e-23, nan 
-102.375, 77.125, 4.900799303582594e-23, nan 
74.375, 77.125, 4.995239454627736e-24, nan 
74.625, 77.125, 5.907697778360022e-24, nan 
74.875, 77.125, 6.082417981472421e-24, nan 
75.125, 77.125, 7.817236177780679e-24, nan 
75.375, 77.125, 9.659443186425741e-24, nan 
75.625, 77.125, 5.8112415132157066e-24, nan 
75.875, 77.125, 7.136591181482749e-24, nan 
76.125, 77.125, 9.09434592172855e-24, nan 
76.375, 77.125, 8.186897412292854e-24, nan 
76.625, 77.125, 9.329405248827425e-24, nan 
76.875, 77.125, 8.686377353722172e-24, nan 
77.125, 77.125, 1.357744598070252e-23, nan 
77.375, 77.125, 1.1987944928797277e-23, nan 
77.625, 77.125, 1.2809868113428773e-23, nan 
77.875, 77.125, 1.0818781650947585e-23, nan 
78.125, 77.125, 8.338827189840898e-24, nan 
78.375, 77.125, 1.5901553812733592e-23, nan 
78.625, 77.125, 1.5145433766142403e-23, nan 
78.875, 77.125, 1.688818896877348e-23, nan 
79.125, 77.125, 1.2286815107222771e-23, nan 
79.375, 77.125, 1.1817882752066897e-23, nan 
79.625, 77.125, 9.413754406683323e-24, nan 
79.875, 77.125, 1.5217334482242622e-23, nan 
80.125, 77.125, 1.0973127233730252e-23, nan 
80.375, 77.125, 9.492960660103506e-24, nan 
80.625, 77.125, 5.145312592908871e-24, nan 
80.875, 77.125, 9.506619366915405e-24, nan 
81.125, 77.125, 6.789329744229316e-24, nan 
81.375, 77.125, 9.40372547554982e-24, nan 
81.625, 77.125, 1.4721760359334264e-23, nan 
81.875, 77.125, 1.1424495646659107e-23, nan 
82.125, 77.125, 1.952624908675652e-23, nan 
82.375, 77.125, 1.4461525550156495e-23, nan 
82.625, 77.125, 2.0960195183601286e-23, nan 
82.875, 77.125, 1.7844666607533995e-23, nan 
83.125, 77.125, 2.0736189329983975e-23, nan 
83.375, 77.125, 2.721356558814397e-23, nan 
83.625, 77.125, 3.191344745143718e-23, nan 
83.875, 77.125, 3.694560281255283e-23, nan 
84.125, 77.125, 2.9950726067684143e-23, nan 
84.375, 77.125, 2.922922832087422e-23, nan 
84.625, 77.125, 3.3950852786529126e-23, nan 
84.875, 77.125, 3.7561236891361153e-23, nan 
85.125, 77.125, 3.869412661160309e-23, nan 
85.375, 77.125, 3.419133874863139e-23, nan 
85.625, 77.125, 3.780497157923631e-23, nan 
85.875, 77.125, 4.2314544569387514e-23, nan 
86.125, 77.125, 4.867065895764393e-23, nan 
86.375, 77.125, 7.298148663462875e-23, nan 
86.625, 77.125, 1.7859501303681124e-22, nan 
86.875, 77.125, 1.830739407822571e-22, nan 
87.125, 77.125, 9.977765372097736e-23, nan 
87.375, 77.125, 4.417417274792484e-23, nan 
87.625, 77.125, 1.4829661132241217e-22, nan 
87.875, 77.125, 3.1688641921570385e-22, nan 
88.125, 77.125, 3.153374797558399e-22, nan 
88.375, 77.125, 3.8758621949392633e-22, nan 
88.625, 77.125, 1.0431983085845848e-22, nan 
88.875, 77.125, 1.0459012841918241e-22, nan 
89.125, 77.125, 7.00007399347492e-23, nan 
89.375, 77.125, 1.0663052542999995e-22, nan 
89.625, 77.125, 2.317904893183697e-22, nan 
89.875, 77.125, 9.285883021022079e-23, nan 
90.125, 77.125, 1.9314757762726772e-22, nan 
90.375, 77.125, 1.9046854980425545e-22, nan 
90.625, 77.125, 8.817865653998503e-23, nan 
90.875, 77.125, 9.914937717724774e-23, nan 
91.125, 77.125, 8.885382240959432e-23, nan 
91.375, 77.125, 1.4498053661754492e-22, nan 
91.625, 77.125, 1.1952622610516883e-22, nan 
91.875, 77.125, 1.0916249918518434e-22, nan 
92.125, 77.125, 7.276678349914667e-23, nan 
92.375, 77.125, 2.6075355987768017e-23, nan 
92.625, 77.125, 3.852955473460368e-23, nan 
92.875, 77.125, 6.554034103021713e-23, nan 
93.125, 77.125, 7.363406504313315e-23, nan 
93.375, 77.125, 4.429626262440241e-23, nan 
93.625, 77.125, 1.693882938726761e-23, nan 
93.875, 77.125, 1.2589299053791104e-23, nan 
94.125, 77.125, 8.177894060469798e-24, nan 
94.375, 77.125, 6.4436423668191556e-24, nan 
94.625, 77.125, 7.595468708566102e-24, nan 
94.875, 77.125, 9.932204381881778e-24, nan 
95.125, 77.125, 2.0247304142833316e-23, nan 
95.375, 77.125, 1.642888476142946e-23, nan 
95.625, 77.125, 1.8942101513850856e-23, nan 
95.875, 77.125, 1.906756638057008e-23, nan 
96.125, 77.125, 2.2094815760534768e-23, nan 
96.375, 77.125, 1.649869214668288e-23, nan 
96.625, 77.125, 1.8267351728446038e-23, nan 
96.875, 77.125, 2.647576053014453e-23, nan 
97.125, 77.125, 2.5093565391507926e-23, nan 
97.375, 77.125, 2.429158677084869e-23, nan 
97.625, 77.125, 2.815727239991637e-23, nan 
97.875, 77.125, 2.2158596343855324e-23, nan 
98.125, 77.125, 2.4888015319593018e-23, nan 
98.375, 77.125, 1.7000394178898698e-23, nan 
98.625, 77.125, 3.034152046830968e-23, nan 
98.875, 77.125, 1.1689056702632214e-23, nan 
99.125, 77.125, 1.1218274482243038e-23, nan 
99.375, 77.125, 1.7664602747808227e-23, nan 
99.625, 77.125, 2.1929908641080084e-23, nan 
99.875, 77.125, 2.2532718684555064e-23, nan 
100.125, 77.125, 1.7701964155059017e-23, nan 
100.375, 77.125, 1.700843282225742e-23, nan 
100.625, 77.125, 2.879526751711696e-23, nan 
100.875, 77.125, 2.905837237161413e-23, nan 
101.125, 77.125, 3.658854030747386e-23, nan 
101.375, 77.125, 2.7812823607159734e-23, nan 
101.625, 77.125, 3.988990727264741e-23, nan 
101.875, 77.125, 4.224025838918946e-23, nan 
102.125, 77.125, 3.6464478445728584e-23, nan 
102.375, 77.125, 2.360327886768257e-23, nan 
102.625, 77.125, 1.7615556355399635e-23, nan 
102.875, 77.125, 9.790468302892534e-24, nan 
103.125, 77.125, 1.4023052101369693e-23, nan 
103.375, 77.125, 4.414191158704213e-23, nan 
103.625, 77.125, 3.224158794124351e-23, nan 
103.875, 77.125, 1.8837032434647023e-23, nan 
104.125, 77.125, 2.2618114193904625e-23, nan 
104.375, 77.125, 1.1858576333212234e-23, nan 
104.625, 77.125, 2.0418994308017347e-23, nan 
104.875, 77.125, 2.556278434933124e-23, nan 
105.125, 77.125, 2.72527299500087e-23, nan 
105.375, 77.125, 3.052181988164517e-23, nan 
105.625, 77.125, 1.2759140622208079e-23, nan 
105.875, 77.125, 1.3187113427290817e-23, nan 
106.125, 77.125, 2.777525868426347e-23, nan 
106.375, 77.125, 4.0987766331683416e-23, nan 
106.625, 77.125, 3.2288242376761556e-23, nan 
106.875, 77.125, 2.859203485218358e-23, nan 
107.125, 77.125, 1.2218032330278132e-23, nan 
107.375, 77.125, 1.7715401033861972e-23, nan 
107.625, 77.125, 2.213390641158665e-23, nan 
107.875, 77.125, 1.7353329925002614e-23, nan 
108.125, 77.125, 2.506029623424009e-23, nan 
108.375, 77.125, 3.9547675818309445e-23, nan 
108.625, 77.125, 4.0046548748527806e-23, nan 
108.875, 77.125, 2.6214520946378348e-23, nan 
109.125, 77.125, 1.642479662844848e-23, nan 
109.375, 77.125, 3.213233525297323e-23, nan 
109.625, 77.125, 5.073522084128077e-23, nan 
109.875, 77.125, 5.914717085151055e-23, nan 
110.125, 77.125, 5.0076389200057376e-23, nan 
110.375, 77.125, 6.936205809194328e-23, nan 
110.625, 77.125, 3.718748243845314e-23, nan 
110.875, 77.125, 7.573679213882311e-23, nan 
111.125, 77.125, 8.985933203500702e-23, nan 
111.375, 77.125, 5.854865737402051e-23, nan 
111.625, 77.125, 7.95255618923152e-23, nan 
111.875, 77.125, 7.329159942703739e-23, nan 
112.125, 77.125, 7.373551473261021e-23, nan 
112.375, 77.125, 1.0706522468337495e-22, nan 
112.625, 77.125, 5.0328953078391024e-23, nan 
112.875, 77.125, 5.0256797972169265e-23, nan 
113.125, 77.125, 8.339072803269807e-23, nan 
113.375, 77.125, 1.4447390197739423e-22, nan 
113.625, 77.125, 1.3629250145519167e-22, nan 
113.875, 77.125, 5.535438846804744e-23, nan 
114.125, 77.125, 9.540892466721517e-23, nan 
114.375, 77.125, 8.800787835973942e-23, nan 
114.625, 77.125, 1.3685491457308272e-22, nan 
114.875, 77.125, 1.0626619100513632e-22, nan 
115.125, 77.125, 8.593790841283462e-23, nan 
115.375, 77.125, 1.7581524028855118e-22, nan 
115.625, 77.125, 1.865711692269965e-22, nan 
115.875, 77.125, 2.410324775089201e-22, nan 
116.125, 77.125, 2.1116974089965146e-22, nan 
116.375, 77.125, 1.4255110175664139e-22, nan 
116.625, 77.125, 1.4481465054640851e-22, nan 
116.875, 77.125, 1.6391622896299116e-22, nan 
117.125, 77.125, 1.8267519283208951e-22, nan 
117.375, 77.125, 8.529237892625373e-23, nan 
117.625, 77.125, 1.6889002995360662e-22, nan 
117.875, 77.125, 2.926921523265206e-22, nan 
118.125, 77.125, 3.3239954076409707e-22, nan 
118.375, 77.125, 2.2875704756553246e-22, nan 
118.625, 77.125, 2.0391038937446492e-22, nan 
118.875, 77.125, 2.904026039155182e-22, nan 
119.125, 77.125, 3.5589360859384357e-22, nan 
119.375, 77.125, 3.818197419000863e-22, nan 
119.625, 77.125, 1.7966803515866254e-22, nan 
119.875, 77.125, 9.885649140757963e-23, nan 
120.125, 77.125, 1.129959055943142e-22, nan 
120.375, 77.125, 2.1470545493740906e-22, nan 
120.625, 77.125, 1.756793639639151e-22, nan 
120.875, 77.125, 1.443130308480967e-22, nan 
121.125, 77.125, 1.643892380030131e-22, nan 
121.375, 77.125, 1.8407792730855002e-22, nan 
121.625, 77.125, 2.1097798356232524e-22, nan 
121.875, 77.125, 2.0338120711542432e-22, nan 
122.125, 77.125, 1.5955567006104672e-22, nan 
122.375, 77.125, 1.0349989702754478e-22, nan 
122.625, 77.125, 7.940849702141545e-23, nan 
122.875, 77.125, 9.22761906317533e-23, nan 
123.125, 77.125, 2.031755431826441e-22, nan 
123.375, 77.125, 9.330833164725479e-23, nan 
123.625, 77.125, 8.860011841562789e-23, nan 
123.875, 77.125, 2.0791679520200854e-22, nan 
124.125, 77.125, 2.709892953328548e-22, nan 
124.375, 77.125, 3.538149108160411e-22, nan 
124.625, 77.125, 2.32129627704639e-22, nan 
124.875, 77.125, 1.53012673021215e-22, nan 
125.125, 77.125, 1.1715331439162237e-22, nan 
125.375, 77.125, 1.1807328810219245e-22, nan 
125.625, 77.125, 2.317025518066795e-22, nan 
125.875, 77.125, 1.5774280072715997e-22, nan 
126.125, 77.125, 2.0127664495320359e-22, nan 
126.375, 77.125, 1.9400767870518649e-22, nan 
126.625, 77.125, 1.682430473364847e-22, nan 
126.875, 77.125, 1.659987027685755e-22, nan 
127.125, 77.125, 2.0900955699061388e-22, nan 
127.375, 77.125, 2.5738688781868005e-22, nan 
127.625, 77.125, 2.2269644724020696e-22, nan 
127.875, 77.125, 1.810196280130895e-22, nan 
128.125, 77.125, 1.6105530061705485e-22, nan 
128.375, 77.125, 1.5282989464556736e-22, nan 
128.625, 77.125, 1.4244937610043222e-22, nan 
128.875, 77.125, 1.1970913062197023e-22, nan 
129.125, 77.125, 1.0386209204136723e-22, nan 
129.375, 77.125, 9.561149474856945e-23, nan 
129.625, 77.125, 1.7493339226904792e-22, nan 
129.875, 77.125, 2.059784349312088e-22, nan 
130.125, 77.125, 2.562488211591781e-22, nan 
130.375, 77.125, 2.0356703494124082e-22, nan 
130.625, 77.125, 1.7323920649671093e-22, nan 
130.875, 77.125, 1.7995006376072293e-22, nan 
131.125, 77.125, 1.78627453438304e-22, nan 
131.375, 77.125, 1.089792630741433e-22, nan 
131.625, 77.125, 1.1060222977814875e-22, nan 
131.875, 77.125, 1.0186487102791931e-22, nan 
132.125, 77.125, 1.0645307217021903e-22, nan 
132.375, 77.125, 1.5635178642441385e-22, nan 
132.625, 77.125, 1.4206818084112504e-22, nan 
132.875, 77.125, 7.659313476815812e-23, nan 
133.125, 77.125, 8.72024765375485e-23, nan 
133.375, 77.125, 1.5531843302073458e-22, nan 
133.625, 77.125, 1.805659369378533e-22, nan 
133.875, 77.125, 2.2011825297190607e-22, nan 
134.125, 77.125, 2.859790865028749e-22, nan 
134.375, 77.125, 3.5271198221444317e-22, nan 
134.625, 77.125, 4.300197649019416e-22, nan 
134.875, 77.125, 3.3241644408956108e-22, nan 
135.125, 77.125, 3.758570243615403e-22, nan 
135.375, 77.125, 3.1403275538675225e-22, nan 
135.625, 77.125, 3.6028142841882344e-22, nan 
135.875, 77.125, 3.2170336899184076e-22, nan 
136.125, 77.125, 3.136854221597141e-22, nan 
136.375, 77.125, 3.9694788257294763e-22, nan 
136.625, 77.125, 4.517776117946073e-22, nan 
136.875, 77.125, 5.156821005125767e-22, nan 
137.125, 77.125, 5.295730451385996e-22, nan 
137.375, 77.125, 4.988720925622157e-22, nan 
137.625, 77.125, 6.036811086026923e-22, nan 
137.875, 77.125, 3.570678533206477e-22, nan 
138.125, 77.125, 4.648093180138659e-22, nan 
138.375, 77.125, 4.955638943230148e-22, nan 
138.625, 77.125, 4.869102596073309e-22, nan 
138.875, 77.125, 4.0871757739231797e-22, nan 
139.125, 77.125, 4.920188954453581e-22, nan 
139.375, 77.125, 6.331146669420155e-22, nan 
139.625, 77.125, 7.791122196999016e-22, nan 
139.875, 77.125, 1.2387369773214274e-21, nan 
140.125, 77.125, 5.428456444338022e-22, nan 
140.375, 77.125, 1.2217944016373716e-21, nan 
140.625, 77.125, 5.9799710012311805e-22, nan 
140.875, 77.125, 7.498777094633373e-22, nan 
141.125, 77.125, 1.1054301827620145e-21, nan 
141.375, 77.125, 6.61601631017272e-22, nan 
141.625, 77.125, 7.628475383850576e-22, nan 
141.875, 77.125, 7.583089168625712e-22, nan 
142.125, 77.125, 7.144082382528068e-22, nan 
142.375, 77.125, 6.845750273720892e-22, nan 
142.625, 77.125, 5.420362505568925e-22, nan 
142.875, 77.125, 7.535172175531542e-22, nan 
143.125, 77.125, 8.630675477372114e-22, nan 
143.375, 77.125, 7.7446508648391105e-22, nan 
143.625, 77.125, 8.070183546374761e-22, nan 
143.875, 77.125, 7.833379357427966e-22, nan 
144.125, 77.125, 7.876336818613371e-22, nan 
144.375, 77.125, 6.791753189655431e-22, nan 
144.625, 77.125, 5.89758948878881e-22, nan 
144.875, 77.125, 6.79884534955987e-22, nan 
145.125, 77.125, 6.895598320134299e-22, nan 
145.375, 77.125, 6.29751212123444e-22, nan 
145.625, 77.125, 3.7432616409689714e-22, nan 
145.875, 77.125, 4.6197647419981595e-22, nan 
146.125, 77.125, 4.504068784878656e-22, nan 
146.375, 77.125, 6.267478590954468e-22, nan 
146.625, 77.125, 6.615648097762489e-22, nan 
146.875, 77.125, 7.550306401115128e-22, nan 
147.125, 77.125, 1.2026259366231143e-21, nan 
147.375, 77.125, 1.2495046172511488e-21, nan 
147.625, 77.125, 9.41658355755909e-22, nan 
147.875, 77.125, 7.505018526836488e-22, nan 
148.125, 77.125, 8.970464338634558e-22, nan 
148.375, 77.125, 9.639048417604235e-22, nan 
148.625, 77.125, 7.87726281908327e-22, nan 
148.875, 77.125, 6.26982734238882e-22, nan 
149.125, 77.125, 8.404624025967703e-22, nan 
149.375, 77.125, 1.2166940307687821e-21, nan 
149.625, 77.125, 4.782286564252138e-22, nan 
149.875, 77.125, 4.231658274555637e-22, nan 
150.125, 77.125, 8.62913166600542e-22, nan 
150.375, 77.125, 1.6255051940808611e-21, nan 
150.625, 77.125, 1.8211341839533927e-21, nan 
150.875, 77.125, 1.9100445222949527e-21, nan 
151.125, 77.125, 1.9621942336608447e-21, nan 
151.375, 77.125, 1.5979023656446879e-21, nan 
151.625, 77.125, 1.4251095193432767e-21, nan 
151.875, 77.125, 2.0933875554174202e-21, nan 
152.125, 77.125, 4.257714705075442e-21, nan 
152.375, 77.125, 3.636600938369101e-21, nan 
152.625, 77.125, 2.6540439184138928e-21, nan 
152.875, 77.125, 1.9796749942019895e-21, nan 
153.125, 77.125, 1.3917643635174456e-21, nan 
153.375, 77.125, 3.3743411262073472e-21, nan 
153.625, 77.125, 4.627682589778591e-21, nan 
153.875, 77.125, 3.2101232650434877e-21, nan 
154.125, 77.125, 4.345851192634835e-21, nan 
154.375, 77.125, 4.7766071031535085e-21, nan 
154.625, 77.125, 4.782330001493925e-21, nan 
154.875, 77.125, 5.6774540354966465e-21, nan 
155.125, 77.125, 4.476432597224173e-21, nan 
155.375, 77.125, 5.9433083112402195e-21, nan 
155.625, 77.125, 7.023465458585407e-21, nan 
155.875, 77.125, 6.473175787738785e-21, nan 
156.125, 77.125, 4.9603297759098276e-21, nan 
156.375, 77.125, 3.14086942010997e-21, nan 
156.625, 77.125, 8.721360694979651e-22, nan 
156.875, 77.125, 2.6603062485441024e-21, nan 
157.125, 77.125, 4.477981176010572e-21, nan 
157.375, 77.125, 5.810749223209447e-21, nan 
157.625, 77.125, 4.5400687785440856e-21, nan 
157.875, 77.125, 8.747102072828369e-21, nan 
158.125, 77.125, 4.294890048365802e-21, nan 
158.375, 77.125, 4.584118301787203e-21, nan 
158.625, 77.125, 4.9742629748558674e-21, nan 
158.875, 77.125, 7.962221964840665e-21, nan 
159.125, 77.125, 1.1953422179166297e-20, nan 
159.375, 77.125, 1.684881659366117e-20, nan 
159.625, 77.125, 1.8035889738073207e-20, nan 
159.875, 77.125, 2.1206734743357738e-20, nan 
160.125, 77.125, 1.9596436377196947e-20, nan 
160.375, 77.125, 3.7514239110362576e-20, nan 
160.625, 77.125, 5.48626019086207e-20, nan 
160.875, 77.125, 6.002941257349975e-20, nan 
161.125, 77.125, 6.956199751458282e-20, nan 
161.375, 77.125, 8.539175849755847e-20, nan 
161.625, 77.125, 1.4949514758222944e-19, nan 
161.875, 77.125, 2.3214138771480593e-19, nan 
162.125, 77.125, 2.433648251308643e-19, nan 
162.375, 77.125, 2.0898000804945959e-19, nan 
162.625, 77.125, 2.0860122679704382e-19, nan 
162.875, 77.125, 1.1410065753215194e-19, nan 
163.125, 77.125, 1.6111567019595825e-19, nan 
163.375, 77.125, 1.7584779929748257e-19, nan 
163.625, 77.125, 1.7034324913670963e-19, nan 
163.875, 77.125, 2.222362862992786e-19, nan 
164.125, 77.125, 2.6627687565683027e-19, nan 
164.375, 77.125, 3.380152731795015e-19, nan 
164.625, 77.125, 3.8769560702592367e-19, nan 
164.875, 77.125, 2.3824537195473195e-19, nan 
165.125, 77.125, 2.411258160358033e-19, nan 
165.375, 77.125, 3.84624841762185e-19, nan 
165.625, 77.125, 4.636327272396304e-19, nan 
165.875, 77.125, 5.053235162937548e-19, nan 
166.125, 77.125, 3.5567615455238284e-19, nan 
166.375, 77.125, 5.759554256971965e-19, nan 
166.625, 77.125, 7.052739550833122e-19, nan 
166.875, 77.125, 6.384401117746268e-19, nan 
167.125, 77.125, 7.178131834865153e-19, nan 
167.375, 77.125, 6.524869498222281e-19, nan 
167.625, 77.125, 4.170782409385093e-19, nan 
167.875, 77.125, 3.4183396702240513e-19, nan 
168.125, 77.125, 3.2896195744937655e-19, nan 
168.375, 77.125, 2.769020242725455e-19, nan 
168.625, 77.125, 3.103874557163039e-19, nan 
168.875, 77.125, 2.357328659549959e-19, nan 
169.125, 77.125, 2.803960390726875e-19, nan 
169.375, 77.125, 2.0093757125660142e-19, nan 
169.625, 77.125, 1.518300409126645e-19, nan 
169.875, 77.125, 1.405229870958594e-19, nan 
170.125, 77.125, 1.0162328269320089e-19, nan 
170.375, 77.125, 8.678791088687943e-20, nan 
170.625, 77.125, 9.566331892176887e-20, nan 
170.875, 77.125, 1.1908511004347791e-19, nan 
171.125, 77.125, 1.2693093099892606e-19, nan 
171.375, 77.125, 8.14391495877408e-20, nan 
171.625, 77.125, 5.942854509355566e-20, nan 
171.875, 77.125, 3.707880321452754e-20, nan 
172.125, 77.125, 3.61810464283845e-20, nan 
172.375, 77.125, 4.10011143428184e-20, nan 
172.625, 77.125, 2.854958594632974e-20, nan 
172.875, 77.125, 1.1694472911853642e-20, nan 
173.125, 77.125, 1.3112214193422316e-20, nan 
173.375, 77.125, 1.47509648451891e-20, nan 
173.625, 77.125, 1.7281743721816582e-20, nan 
173.875, 77.125, 3.2883251879257585e-20, nan 
174.125, 77.125, 2.671790968316117e-20, nan 
174.375, 77.125, 2.629808761356529e-20, nan 
174.625, 77.125, 2.578096551767177e-20, nan 
174.875, 77.125, 1.848404932359439e-20, nan 
175.125, 77.125, 1.6191708335876864e-20, nan 
175.375, 77.125, 1.369086810877059e-20, nan 
175.625, 77.125, 9.243419843524517e-21, nan 
175.875, 77.125, 5.9288133894203554e-21, nan 
176.125, 77.125, 8.994232748427434e-21, nan 
176.375, 77.125, 7.308786124526097e-21, nan 
176.625, 77.125, 5.484317658727667e-21, nan 
176.875, 77.125, 3.766812230271958e-21, nan 
177.125, 77.125, 4.1117993748686616e-21, nan 
177.375, 77.125, 7.523485784503183e-21, nan 
177.625, 77.125, 7.430971328636593e-21, nan 
177.875, 77.125, 5.592495939057767e-21, nan 
178.125, 77.125, 4.237587892646927e-21, nan 
178.375, 77.125, 3.3673956452944205e-21, nan 
178.625, 77.125, 2.7062266408342948e-21, nan 
178.875, 77.125, 8.735665032114312e-21, nan 
179.125, 77.125, 8.747738168265472e-21, nan 
179.375, 77.125, 1.0509492003379881e-20, nan 
179.625, 77.125, 1.0168360271132441e-20, nan 
179.875, 77.125, 1.011377215261984e-20, nan 
-179.875, 77.375, 4.318037774480646e-21, nan 
-179.625, 77.375, 4.230654944830989e-21, nan 
-179.375, 77.375, 3.921205300872749e-21, nan 
-179.125, 77.375, 5.577047364290229e-21, nan 
-178.875, 77.375, 1.26878437877602e-20, nan 
-178.625, 77.375, 1.0937939939470048e-20, nan 
-178.375, 77.375, 1.0271017597810819e-20, nan 
-178.125, 77.375, 9.771811877523997e-21, nan 
-177.875, 77.375, 8.44225695717064e-21, nan 
-177.625, 77.375, 1.3630352066589985e-20, nan 
-177.375, 77.375, 1.3151749120460694e-20, nan 
-177.125, 77.375, 1.1809978551447901e-20, nan 
-176.875, 77.375, 1.003452741902407e-20, nan 
-176.625, 77.375, 8.316641958556845e-21, nan 
-176.375, 77.375, 1.979201756271788e-21, nan 
-176.125, 77.375, 3.2206795671118712e-21, nan 
-175.875, 77.375, 4.946233103008657e-21, nan 
-175.625, 77.375, 1.9374541026864545e-21, nan 
-175.375, 77.375, 2.315942279598386e-21, nan 
-175.125, 77.375, 1.1932681287071932e-21, nan 
-174.875, 77.375, 6.971550964006021e-21, nan 
-174.625, 77.375, 9.534833806884586e-21, nan 
-174.375, 77.375, 8.794461998140364e-21, nan 
-174.125, 77.375, 6.604977113524216e-21, nan 
-173.875, 77.375, 4.2091994266825704e-21, nan 
-173.625, 77.375, 9.023873498130551e-21, nan 
-173.375, 77.375, 1.123417600955975e-20, nan 
-173.125, 77.375, 7.450530992465495e-21, nan 
-172.875, 77.375, 4.49084080890079e-21, nan 
-172.625, 77.375, 6.2611211159785306e-21, nan 
-172.375, 77.375, 1.2683639073984996e-20, nan 
-172.125, 77.375, 1.0674826881929915e-20, nan 
-171.875, 77.375, 5.087399672494397e-21, nan 
-171.625, 77.375, 5.254841582802046e-21, nan 
-171.375, 77.375, 3.6790100755447244e-21, nan 
-171.125, 77.375, 4.33949217315702e-21, nan 
-170.875, 77.375, 3.3359739335715643e-21, nan 
-170.625, 77.375, 2.9158059405467563e-21, nan 
-170.375, 77.375, 2.3887842024904903e-21, nan 
-170.125, 77.375, 3.23646993991319e-21, nan 
-169.875, 77.375, 5.275282018957135e-21, nan 
-169.625, 77.375, 1.9098614916821376e-21, nan 
-169.375, 77.375, 5.0899047946884266e-21, nan 
-169.125, 77.375, 4.712114148105479e-21, nan 
-168.875, 77.375, 5.485316983257963e-21, nan 
-168.625, 77.375, 5.6684532545377726e-21, nan 
-168.375, 77.375, 3.077995442409044e-21, nan 
-168.125, 77.375, 4.393849755359161e-21, nan 
-167.875, 77.375, 3.9811391611673155e-21, nan 
-167.625, 77.375, 1.0421736327937551e-20, nan 
-167.375, 77.375, 1.1533182020335762e-20, nan 
-167.125, 77.375, 7.201128003159168e-21, nan 
-166.875, 77.375, 6.97798517359559e-21, nan 
-166.625, 77.375, 4.1340311220335164e-21, nan 
-166.375, 77.375, 5.097239660004548e-21, nan 
-166.125, 77.375, 5.7131993734552304e-21, nan 
-165.875, 77.375, 4.220169343941377e-21, nan 
-165.625, 77.375, 5.5652552875501985e-21, nan 
-165.375, 77.375, 4.910303575712696e-21, nan 
-165.125, 77.375, 4.526396456495941e-21, nan 
-164.875, 77.375, 3.0395801833183345e-21, nan 
-164.625, 77.375, 2.2999197906228e-21, nan 
-164.375, 77.375, 2.4128364222759365e-21, nan 
-164.125, 77.375, 3.07470907096832e-21, nan 
-163.875, 77.375, 2.903433576378014e-21, nan 
-163.625, 77.375, 3.597077637429388e-21, nan 
-163.375, 77.375, 2.3974749165910615e-21, nan 
-163.125, 77.375, 1.353992331574509e-21, nan 
-162.875, 77.375, 1.08470210529328e-21, nan 
-162.625, 77.375, 1.1133029475737318e-21, nan 
-162.375, 77.375, 1.337861697214423e-21, nan 
-162.125, 77.375, 1.637178325883555e-21, nan 
-161.875, 77.375, 1.733181786384825e-21, nan 
-161.625, 77.375, 1.2673542770465694e-21, nan 
-161.375, 77.375, 1.2244461374125908e-21, nan 
-161.125, 77.375, 1.4200069433855414e-21, nan 
-160.875, 77.375, 1.8007033449328848e-21, nan 
-160.625, 77.375, 1.87605233145695e-21, nan 
-160.375, 77.375, 1.6027949617265257e-21, nan 
-160.125, 77.375, 1.1860744709154338e-21, nan 
-159.875, 77.375, 8.087940484797797e-22, nan 
-159.625, 77.375, 8.694290707524312e-22, nan 
-159.375, 77.375, 1.2541120256314197e-21, nan 
-159.125, 77.375, 1.4994499299464667e-21, nan 
-158.875, 77.375, 6.432887207103749e-22, nan 
-158.625, 77.375, 1.8875974396962872e-22, nan 
-158.375, 77.375, 3.1745171931723904e-22, nan 
-158.125, 77.375, 5.484398115435964e-22, nan 
-157.875, 77.375, 9.860805457677565e-22, nan 
-157.625, 77.375, 3.3644918780686563e-22, nan 
-157.375, 77.375, 3.239972337740356e-22, nan 
-157.125, 77.375, 2.203308631312453e-22, nan 
-156.875, 77.375, 2.571527165764217e-22, nan 
-156.625, 77.375, 3.28849058330016e-22, nan 
-156.375, 77.375, 5.995115837158705e-22, nan 
-156.125, 77.375, 1.7626587576289174e-22, nan 
-155.875, 77.375, 4.045194893934878e-22, nan 
-155.625, 77.375, 6.486356146540354e-22, nan 
-155.375, 77.375, 5.972838509842949e-22, nan 
-155.125, 77.375, 5.513603137949426e-22, nan 
-154.875, 77.375, 2.750835380587121e-22, nan 
-154.625, 77.375, 8.311606465070025e-22, nan 
-154.375, 77.375, 8.496359207536718e-22, nan 
-154.125, 77.375, 1.0810574169497355e-21, nan 
-153.875, 77.375, 9.694748063649845e-22, nan 
-153.625, 77.375, 7.456830929542501e-22, nan 
-153.375, 77.375, 7.276027038366522e-22, nan 
-153.125, 77.375, 6.1911778060521495e-22, nan 
-152.875, 77.375, 6.4313537798221315e-22, nan 
-152.625, 77.375, 5.602995939174387e-22, nan 
-152.375, 77.375, 4.46847936082084e-22, nan 
-152.125, 77.375, 3.600024263652465e-22, nan 
-151.875, 77.375, 2.496451408415365e-22, nan 
-151.625, 77.375, 2.688246403435978e-22, nan 
-151.375, 77.375, 2.4415375220473574e-22, nan 
-151.125, 77.375, 2.362394513500637e-22, nan 
-150.875, 77.375, 1.908756875821339e-22, nan 
-150.625, 77.375, 1.4446769648244446e-22, nan 
-150.375, 77.375, 1.2705631619652756e-22, nan 
-150.125, 77.375, 2.7969534286129794e-22, nan 
-149.875, 77.375, 5.359651540179606e-22, nan 
-149.625, 77.375, 8.63584628012703e-22, nan 
-149.375, 77.375, 9.850708478153829e-22, nan 
-149.125, 77.375, 1.0675885751298123e-21, nan 
-148.875, 77.375, 1.280406039005058e-21, nan 
-148.625, 77.375, 7.796904813805409e-22, nan 
-148.375, 77.375, 1.1069722261482938e-21, nan 
-148.125, 77.375, 1.0397947406639249e-21, nan 
-147.875, 77.375, 1.0248610492354675e-21, nan 
-147.625, 77.375, 1.3530642493382284e-21, nan 
-147.375, 77.375, 1.5543798345140565e-21, nan 
-147.125, 77.375, 1.7862891112157684e-21, nan 
-146.875, 77.375, 1.3729692520993723e-21, nan 
-146.625, 77.375, 9.045881111551286e-22, nan 
-146.375, 77.375, 8.947743969726267e-22, nan 
-146.125, 77.375, 1.4956907013651056e-21, nan 
-145.875, 77.375, 1.704851088262288e-21, nan 
-145.625, 77.375, 1.0878554141930886e-21, nan 
-145.375, 77.375, 1.0093326200495347e-21, nan 
-145.125, 77.375, 2.1239042222989543e-21, nan 
-144.875, 77.375, 3.100726931436658e-21, nan 
-144.625, 77.375, 3.564448783337262e-21, nan 
-144.375, 77.375, 2.817647651055629e-21, nan 
-144.125, 77.375, 1.1560621751242744e-21, nan 
-143.875, 77.375, 1.9167662388620462e-21, nan 
-143.625, 77.375, 2.2479503322303903e-21, nan 
-143.375, 77.375, 2.0239191038732293e-21, nan 
-143.125, 77.375, 1.5463447358341755e-21, nan 
-142.875, 77.375, 1.1034223409204068e-21, nan 
-142.625, 77.375, 7.074317544149635e-22, nan 
-142.375, 77.375, 7.296673091278199e-22, nan 
-142.125, 77.375, 6.077262044406982e-22, nan 
-141.875, 77.375, 6.312512222720475e-22, nan 
-141.625, 77.375, 7.894821886857813e-22, nan 
-141.375, 77.375, 5.100457072572477e-22, nan 
-141.125, 77.375, 4.469055943039189e-22, nan 
-140.875, 77.375, 2.2652723492951715e-22, nan 
-140.625, 77.375, 2.3319576641186846e-22, nan 
-140.375, 77.375, 1.2580326442564274e-22, nan 
-140.125, 77.375, 2.5418812893580666e-22, nan 
-139.875, 77.375, 1.6566178237574828e-22, nan 
-139.625, 77.375, 9.599656802565118e-23, nan 
-139.375, 77.375, 1.5237177062373984e-22, nan 
-139.125, 77.375, 3.5006654174215493e-22, nan 
-138.875, 77.375, 4.672150901408514e-22, nan 
-138.625, 77.375, 3.818857290125843e-22, nan 
-138.375, 77.375, 2.4835753932774e-22, nan 
-138.125, 77.375, 1.2902564969115141e-22, nan 
-137.875, 77.375, 2.3512806255654123e-22, nan 
-137.625, 77.375, 3.690985124455462e-22, nan 
-137.375, 77.375, 3.326180638799113e-22, nan 
-137.125, 77.375, 1.68491121806546e-22, nan 
-136.875, 77.375, 4.0471148610143145e-22, nan 
-136.625, 77.375, 8.243032198297347e-22, nan 
-136.375, 77.375, 4.345113887404716e-22, nan 
-136.125, 77.375, 3.451824621369861e-22, nan 
-135.875, 77.375, 5.622704576183851e-22, nan 
-135.625, 77.375, 9.104156692096267e-22, nan 
-135.375, 77.375, 1.242904627555623e-21, nan 
-135.125, 77.375, 2.903026870353175e-22, nan 
-134.875, 77.375, 7.677074624393261e-22, nan 
-134.625, 77.375, 1.104303498672192e-21, nan 
-134.375, 77.375, 1.237725775735544e-21, nan 
-134.125, 77.375, 1.4444561841408469e-21, nan 
-133.875, 77.375, 8.526541271704626e-22, nan 
-133.625, 77.375, 6.260187421824483e-22, nan 
-133.375, 77.375, 5.642728200202915e-22, nan 
-133.125, 77.375, 5.845185769430567e-22, nan 
-132.875, 77.375, 6.463851566454146e-22, nan 
-132.625, 77.375, 3.402882021409686e-22, nan 
-132.375, 77.375, 1.9074413971861214e-22, nan 
-132.125, 77.375, 2.540223490073438e-22, nan 
-131.875, 77.375, 1.9546093209303395e-22, nan 
-131.625, 77.375, 4.036170462018333e-22, nan 
-131.375, 77.375, 3.770955003433924e-22, nan 
-131.125, 77.375, 2.384885657597662e-22, nan 
-130.875, 77.375, 2.1749172934156043e-22, nan 
-130.625, 77.375, 3.4108366885614214e-22, nan 
-130.375, 77.375, 4.833563563105661e-22, nan 
-130.125, 77.375, 4.463441725711584e-22, nan 
-129.875, 77.375, 4.050501306272106e-22, nan 
-129.625, 77.375, 4.1096930050172914e-22, nan 
-129.375, 77.375, 4.600844834303043e-22, nan 
-129.125, 77.375, 4.314131346181576e-22, nan 
-128.875, 77.375, 3.990964539209275e-22, nan 
-128.625, 77.375, 2.4950921279292737e-22, nan 
-128.375, 77.375, 4.748657144058659e-22, nan 
-128.125, 77.375, 4.1161909006839776e-22, nan 
-127.875, 77.375, 6.262577848045466e-22, nan 
-127.625, 77.375, 6.590734883740024e-22, nan 
-127.375, 77.375, 4.995719442554473e-22, nan 
-127.125, 77.375, 4.1716008746779046e-22, nan 
-126.875, 77.375, 4.213503236862686e-22, nan 
-126.625, 77.375, 4.677374074663909e-22, nan 
-126.375, 77.375, 4.953406569038542e-22, nan 
-126.125, 77.375, 4.679911051167835e-22, nan 
-125.875, 77.375, 3.7785777257825006e-22, nan 
-125.625, 77.375, 2.955463746997798e-22, nan 
-125.375, 77.375, 1.0847552851759904e-22, nan 
-125.125, 77.375, 1.6717033178375376e-22, nan 
-124.875, 77.375, 2.3672644472368454e-22, nan 
-124.625, 77.375, 2.2579398249483277e-22, nan 
-124.375, 77.375, 1.7803340827092555e-22, nan 
-124.125, 77.375, 1.3831841398935291e-22, nan 
-123.875, 77.375, 1.0591816512708733e-22, nan 
-123.625, 77.375, 5.866893466915729e-23, nan 
-123.375, 77.375, 1.0012303673486061e-22, nan 
-123.125, 77.375, 7.35020529129049e-23, nan 
-122.875, 77.375, 8.966114147553068e-23, nan 
-122.625, 77.375, 8.438817673624758e-23, nan 
-122.375, 77.375, 5.751125705768579e-23, nan 
-122.125, 77.375, 2.1747161512361923e-23, nan 
-121.875, 77.375, 2.8737215270617235e-23, nan 
-121.625, 77.375, 3.9929122165288335e-23, nan 
-121.375, 77.375, 7.048484854796147e-23, nan 
-121.125, 77.375, 5.916358603934829e-23, nan 
-120.875, 77.375, 4.679656599454706e-23, nan 
-120.625, 77.375, 2.353183803394513e-23, nan 
-120.375, 77.375, 3.812558362369513e-23, nan 
-120.125, 77.375, 7.408777521476572e-23, nan 
-119.875, 77.375, 8.338796724158846e-23, nan 
-119.625, 77.375, 5.153718365739459e-23, nan 
-119.375, 77.375, 3.158750551395112e-23, nan 
-119.125, 77.375, 2.876480087521919e-23, nan 
-118.875, 77.375, 5.473029974310967e-23, nan 
-118.625, 77.375, 3.962870951029178e-23, nan 
-118.375, 77.375, 4.14287524473572e-23, nan 
-118.125, 77.375, 4.7788108345158464e-23, nan 
-117.875, 77.375, 4.059721396781838e-23, nan 
-117.625, 77.375, 2.863046801270978e-23, nan 
-117.375, 77.375, 3.133242501722186e-23, nan 
-117.125, 77.375, 3.815283917138763e-23, nan 
-116.875, 77.375, 4.01354506507416e-23, nan 
-116.625, 77.375, 3.555822547794057e-23, nan 
-116.375, 77.375, 3.557716877705252e-23, nan 
-116.125, 77.375, 2.0440811784592485e-23, nan 
-115.875, 77.375, 3.6115921974787275e-23, nan 
-115.625, 77.375, 1.8769103138526688e-23, nan 
-115.375, 77.375, 1.424972278590135e-23, nan 
-115.125, 77.375, 4.6268895190674e-23, nan 
-114.875, 77.375, 2.8114981887111393e-23, nan 
-114.625, 77.375, 3.699926846090936e-23, nan 
-114.375, 77.375, 2.115699553291673e-23, nan 
-114.125, 77.375, 1.3190829938486324e-23, nan 
-113.875, 77.375, 2.45052703802151e-23, nan 
-113.625, 77.375, 1.8985863761244557e-23, nan 
-113.375, 77.375, 3.274646730521415e-23, nan 
-113.125, 77.375, 4.135118092013363e-23, nan 
-112.875, 77.375, 5.108062028257079e-23, nan 
-112.625, 77.375, 5.127104894406511e-23, nan 
-112.375, 77.375, 5.446866854570563e-23, nan 
-112.125, 77.375, 4.4680179674580886e-23, nan 
-111.875, 77.375, 6.242856628694133e-23, nan 
-111.625, 77.375, 5.843693280133949e-23, nan 
-111.375, 77.375, 8.363995680236166e-23, nan 
-111.125, 77.375, 8.449365267648195e-23, nan 
-110.875, 77.375, 1.016374812221236e-22, nan 
-110.625, 77.375, 1.0756699846157557e-22, nan 
-110.375, 77.375, 2.816333243807054e-23, nan 
-110.125, 77.375, 4.396413476174167e-23, nan 
-109.875, 77.375, 5.335042160965185e-23, nan 
-109.625, 77.375, 6.125826172011278e-23, nan 
-109.375, 77.375, 7.967911176327133e-23, nan 
-109.125, 77.375, 8.782067306700389e-23, nan 
-108.875, 77.375, 9.71837789572944e-23, nan 
-108.625, 77.375, 9.814068272659116e-23, nan 
-108.375, 77.375, 7.707521631865322e-23, nan 
-108.125, 77.375, 7.517969226163246e-23, nan 
-107.875, 77.375, 8.935987099535691e-23, nan 
-107.625, 77.375, 8.707399459602205e-23, nan 
-107.375, 77.375, 9.884179616586127e-23, nan 
-107.125, 77.375, 7.148346535491631e-23, nan 
-106.875, 77.375, 6.61986470539283e-23, nan 
-106.625, 77.375, 1.026163408896531e-22, nan 
-106.375, 77.375, 5.1333893679253514e-23, nan 
-106.125, 77.375, 4.832009188008014e-23, nan 
-105.875, 77.375, 3.030022502371815e-23, nan 
-105.625, 77.375, 2.0403943393649645e-23, nan 
-105.375, 77.375, 2.4691892165648354e-23, nan 
-105.125, 77.375, 3.572773641621868e-23, nan 
-104.875, 77.375, 2.9431177991866755e-23, nan 
-104.625, 77.375, 2.7911526451418725e-23, nan 
-104.375, 77.375, 4.223998716248737e-23, nan 
-104.125, 77.375, 5.831539485662412e-23, nan 
-103.875, 77.375, 7.929664595176594e-23, nan 
-103.625, 77.375, 6.005821046198621e-23, nan 
-103.375, 77.375, 4.671847703749987e-23, nan 
-103.125, 77.375, 4.919841147833747e-23, nan 
-102.875, 77.375, 5.811734858523915e-23, nan 
-102.625, 77.375, 6.553101432614729e-23, nan 
-102.375, 77.375, 5.8379924959843e-23, nan 
-102.125, 77.375, 4.93998876212234e-23, nan 
-101.875, 77.375, 3.377509333874581e-23, nan 
73.875, 77.375, 9.147672864942892e-24, nan 
74.125, 77.375, 5.6667195499109885e-24, nan 
74.375, 77.375, 6.702406640711755e-24, nan 
74.625, 77.375, 8.196804251336025e-24, nan 
74.875, 77.375, 7.099121736085204e-24, nan 
75.125, 77.375, 6.585560319267366e-24, nan 
75.375, 77.375, 9.665702035748474e-24, nan 
75.625, 77.375, 6.480516564012432e-24, nan 
75.875, 77.375, 1.2459607579071672e-23, nan 
76.125, 77.375, 7.725622501549103e-24, nan 
76.375, 77.375, 8.60343598929224e-24, nan 
76.625, 77.375, 9.357130243472634e-24, nan 
76.875, 77.375, 1.1317799086490106e-23, nan 
77.125, 77.375, 1.2235386045462123e-23, nan 
77.375, 77.375, 1.2386759893438e-23, nan 
77.625, 77.375, 9.299899196603786e-24, nan 
77.875, 77.375, 8.35665696071812e-24, nan 
78.125, 77.375, 9.397232803132424e-24, nan 
78.375, 77.375, 9.917457656605972e-24, nan 
78.625, 77.375, 1.1745017328618734e-23, nan 
78.875, 77.375, 1.1123803070685548e-23, nan 
79.125, 77.375, 5.511164357974205e-24, nan 
79.375, 77.375, 6.632770176165639e-24, nan 
79.625, 77.375, 7.57207707933902e-24, nan 
79.875, 77.375, 7.915135487376219e-24, nan 
80.125, 77.375, 1.0020881634688445e-23, nan 
80.375, 77.375, 5.911789620821776e-24, nan 
80.625, 77.375, 1.2407524256148259e-23, nan 
80.875, 77.375, 1.0461618335470931e-23, nan 
81.125, 77.375, 8.731113649287672e-24, nan 
81.375, 77.375, 1.2031517005550188e-23, nan 
81.625, 77.375, 1.2197660913900191e-23, nan 
81.875, 77.375, 1.7032478462421057e-23, nan 
82.125, 77.375, 2.026740113520493e-23, nan 
82.375, 77.375, 8.455556578224771e-24, nan 
82.625, 77.375, 1.231922473749486e-23, nan 
82.875, 77.375, 1.3728979297435086e-23, nan 
83.125, 77.375, 1.7394252333665136e-23, nan 
83.375, 77.375, 1.1164802681429442e-23, nan 
83.625, 77.375, 1.5850121047012686e-23, nan 
83.875, 77.375, 1.059338689423603e-23, nan 
84.125, 77.375, 1.0829956719782697e-23, nan 
84.375, 77.375, 1.0432124113962953e-23, nan 
84.625, 77.375, 2.28539560470867e-23, nan 
84.875, 77.375, 2.8073159977044356e-23, nan 
85.125, 77.375, 3.353891462531519e-23, nan 
85.375, 77.375, 4.490585285653895e-23, nan 
85.625, 77.375, 4.740470549587557e-23, nan 
85.875, 77.375, 4.4757422831359254e-23, nan 
86.125, 77.375, 4.6694428283434796e-23, nan 
86.375, 77.375, 4.976862076603375e-23, nan 
86.625, 77.375, 7.349309075391166e-23, nan 
86.875, 77.375, 6.990233086382474e-23, nan 
87.125, 77.375, 6.029124100377304e-23, nan 
87.375, 77.375, 9.866473972242585e-23, nan 
87.625, 77.375, 1.7012827850757922e-22, nan 
87.875, 77.375, 2.511669253272519e-22, nan 
88.125, 77.375, 2.451308155913863e-22, nan 
88.375, 77.375, 1.869825493336882e-22, nan 
88.625, 77.375, 1.4131012594223226e-22, nan 
88.875, 77.375, 1.7840984794000725e-22, nan 
89.125, 77.375, 1.9955155617528391e-22, nan 
89.375, 77.375, 1.9068589045614203e-22, nan 
89.625, 77.375, 1.845572507620196e-22, nan 
89.875, 77.375, 1.983571119864067e-22, nan 
90.125, 77.375, 1.7204263348123087e-22, nan 
90.375, 77.375, 1.740460590843796e-22, nan 
90.625, 77.375, 1.3273512350915192e-22, nan 
90.875, 77.375, 1.3583931483811396e-22, nan 
91.125, 77.375, 1.4466716289772243e-22, nan 
91.375, 77.375, 1.3335172887716465e-22, nan 
91.625, 77.375, 9.943012028576849e-23, nan 
91.875, 77.375, 9.238908082510422e-23, nan 
92.125, 77.375, 7.179174796360561e-23, nan 
92.375, 77.375, 6.903766613837918e-23, nan 
92.625, 77.375, 6.909666121932081e-23, nan 
92.875, 77.375, 5.361434352587508e-23, nan 
93.125, 77.375, 3.499901855332969e-23, nan 
93.375, 77.375, 2.4921308384527547e-23, nan 
93.625, 77.375, 3.5822415108049696e-23, nan 
93.875, 77.375, 7.098623278237961e-23, nan 
94.125, 77.375, 6.287426928897237e-23, nan 
94.375, 77.375, 6.709809648675282e-23, nan 
94.625, 77.375, 5.820114583184751e-23, nan 
94.875, 77.375, 6.000196485554967e-23, nan 
95.125, 77.375, 6.497007191245502e-23, nan 
95.375, 77.375, 7.075578329640171e-23, nan 
95.625, 77.375, 7.362925580527758e-23, nan 
95.875, 77.375, 7.616134530535834e-23, nan 
96.125, 77.375, 7.092547982914711e-23, nan 
96.375, 77.375, 7.27994496921838e-23, nan 
96.625, 77.375, 7.587172457304353e-23, nan 
96.875, 77.375, 6.68117234378826e-23, nan 
97.125, 77.375, 6.744833786303091e-23, nan 
97.375, 77.375, 3.9292448795558664e-23, nan 
97.625, 77.375, 3.995109247068658e-23, nan 
97.875, 77.375, 3.509247657398488e-23, nan 
98.125, 77.375, 3.5653714549574194e-23, nan 
98.375, 77.375, 3.1958573323109845e-23, nan 
98.625, 77.375, 3.468832406369894e-23, nan 
98.875, 77.375, 2.3605386149060727e-23, nan 
99.125, 77.375, 3.409945244395536e-23, nan 
99.375, 77.375, 4.1764901774860586e-23, nan 
99.625, 77.375, 4.459644110033563e-23, nan 
99.875, 77.375, 5.074358628540395e-23, nan 
100.125, 77.375, 4.299042353814144e-23, nan 
100.375, 77.375, 5.2752553878246386e-23, nan 
100.625, 77.375, 5.646280014191711e-23, nan 
100.875, 77.375, 4.071246061357258e-23, nan 
101.125, 77.375, 6.558400312378166e-23, nan 
101.375, 77.375, 5.626319814814276e-23, nan 
101.625, 77.375, 7.908741028001361e-23, nan 
101.875, 77.375, 5.233660328304937e-23, nan 
102.125, 77.375, 3.762889612622123e-23, nan 
102.375, 77.375, 4.849141931852325e-23, nan 
102.625, 77.375, 4.85552408963947e-23, nan 
102.875, 77.375, 6.125789254686917e-23, nan 
103.125, 77.375, 5.357714325625928e-23, nan 
103.375, 77.375, 5.562737674354473e-23, nan 
103.625, 77.375, 4.815180918534576e-23, nan 
103.875, 77.375, 3.8622005536993326e-23, nan 
104.125, 77.375, 4.359492721743528e-23, nan 
104.375, 77.375, 4.504874650673914e-23, nan 
104.625, 77.375, 3.871237481274281e-23, nan 
104.875, 77.375, 4.1765038087632175e-23, nan 
105.125, 77.375, 2.705304814241265e-23, nan 
105.375, 77.375, 3.0819126343980667e-23, nan 
105.625, 77.375, 3.2411997284598165e-23, nan 
105.875, 77.375, 4.2152453976732535e-23, nan 
106.125, 77.375, 3.538407624384278e-23, nan 
106.375, 77.375, 4.004566755018878e-23, nan 
106.625, 77.375, 3.205474116347313e-23, nan 
106.875, 77.375, 3.281895274528309e-23, nan 
107.125, 77.375, 3.828972621734252e-23, nan 
107.375, 77.375, 3.0390106562000265e-23, nan 
107.625, 77.375, 2.1849175377083008e-23, nan 
107.875, 77.375, 1.6317224725435203e-23, nan 
108.125, 77.375, 2.3028193514089554e-23, nan 
108.375, 77.375, 5.355510370174542e-23, nan 
108.625, 77.375, 4.778102018907226e-23, nan 
108.875, 77.375, 3.7370280609870355e-23, nan 
109.125, 77.375, 4.0573912413420646e-23, nan 
109.375, 77.375, 5.844644419284798e-23, nan 
109.625, 77.375, 3.5368231273912793e-23, nan 
109.875, 77.375, 5.531801609943336e-23, nan 
110.125, 77.375, 5.598353830024405e-23, nan 
110.375, 77.375, 9.564879140709285e-23, nan 
110.625, 77.375, 1.5759977288989976e-22, nan 
110.875, 77.375, 1.0841012806899783e-22, nan 
111.125, 77.375, 1.1054447907194813e-22, nan 
111.375, 77.375, 1.8779445050505392e-22, nan 
111.625, 77.375, 1.948717083887511e-22, nan 
111.875, 77.375, 1.3692795276740502e-22, nan 
112.125, 77.375, 7.509428544244792e-23, nan 
112.375, 77.375, 8.851242060650087e-23, nan 
112.625, 77.375, 7.237000069201605e-23, nan 
112.875, 77.375, 5.185668018074207e-23, nan 
113.125, 77.375, 8.500411203790545e-23, nan 
113.375, 77.375, 1.0137765363157128e-22, nan 
113.625, 77.375, 8.361834849389418e-23, nan 
113.875, 77.375, 2.6195367412885964e-23, nan 
114.125, 77.375, 9.240032514586278e-23, nan 
114.375, 77.375, 1.1340436946851017e-22, nan 
114.625, 77.375, 9.054801330187511e-23, nan 
114.875, 77.375, 9.854037309684424e-23, nan 
115.125, 77.375, 9.493635501780744e-23, nan 
115.375, 77.375, 1.7928428191518196e-22, nan 
115.625, 77.375, 1.7378900944970848e-22, nan 
115.875, 77.375, 1.3519745497119095e-22, nan 
116.125, 77.375, 1.766629636965311e-22, nan 
116.375, 77.375, 2.8946826599537977e-22, nan 
116.625, 77.375, 3.829014340464526e-22, nan 
116.875, 77.375, 3.7235530720793127e-22, nan 
117.125, 77.375, 3.146909146606873e-22, nan 
117.375, 77.375, 2.3966884501540083e-22, nan 
117.625, 77.375, 4.386836062146235e-22, nan 
117.875, 77.375, 5.249543042971363e-22, nan 
118.125, 77.375, 4.158269648040527e-22, nan 
118.375, 77.375, 3.8684856000992872e-22, nan 
118.625, 77.375, 3.3222004452110163e-22, nan 
118.875, 77.375, 3.2751516850900597e-22, nan 
119.125, 77.375, 4.0618382698989705e-22, nan 
119.375, 77.375, 3.531460839676015e-22, nan 
119.625, 77.375, 2.3638998780875845e-22, nan 
119.875, 77.375, 1.9596484683101919e-22, nan 
120.125, 77.375, 2.237975353198283e-22, nan 
120.375, 77.375, 2.6477399449376097e-22, nan 
120.625, 77.375, 1.8184446696290018e-22, nan 
120.875, 77.375, 8.247792800417518e-23, nan 
121.125, 77.375, 2.249102061688041e-22, nan 
121.375, 77.375, 3.1401152938252364e-22, nan 
121.625, 77.375, 3.600780671920956e-22, nan 
121.875, 77.375, 3.1855980590146085e-22, nan 
122.125, 77.375, 2.166958430624337e-22, nan 
122.375, 77.375, 2.1604620984291414e-22, nan 
122.625, 77.375, 3.600132137513235e-22, nan 
122.875, 77.375, 4.361036765210758e-22, nan 
123.125, 77.375, 4.1331813999822964e-22, nan 
123.375, 77.375, 3.077150569617194e-22, nan 
123.625, 77.375, 1.51589040543113e-22, nan 
123.875, 77.375, 4.770740364919076e-22, nan 
124.125, 77.375, 6.587663967507693e-22, nan 
124.375, 77.375, 5.966669564284658e-22, nan 
124.625, 77.375, 5.565041109425146e-22, nan 
124.875, 77.375, 2.622975983099042e-22, nan 
125.125, 77.375, 2.695519720985338e-22, nan 
125.375, 77.375, 3.4430269458823736e-22, nan 
125.625, 77.375, 3.828859343622594e-22, nan 
125.875, 77.375, 3.697889248085303e-22, nan 
126.125, 77.375, 3.802920726302511e-22, nan 
126.375, 77.375, 3.7047024596293977e-22, nan 
126.625, 77.375, 2.9636550316700697e-22, nan 
126.875, 77.375, 2.129225083234416e-22, nan 
127.125, 77.375, 3.3670696353956393e-22, nan 
127.375, 77.375, 4.620348715382367e-22, nan 
127.625, 77.375, 1.935503435733568e-22, nan 
127.875, 77.375, 3.5937916493019287e-22, nan 
128.125, 77.375, 3.6492586140330455e-22, nan 
128.375, 77.375, 2.150191844157924e-22, nan 
128.625, 77.375, 1.594659327791855e-22, nan 
128.875, 77.375, 1.049601444742145e-22, nan 
129.125, 77.375, 8.228305674269555e-23, nan 
129.375, 77.375, 1.4210426195992802e-22, nan 
129.625, 77.375, 1.5251170844092877e-22, nan 
129.875, 77.375, 1.3227935629154554e-22, nan 
130.125, 77.375, 1.910854833259623e-22, nan 
130.375, 77.375, 1.6056967050020429e-22, nan 
130.625, 77.375, 1.1583512317486553e-22, nan 
130.875, 77.375, 1.1344323010488655e-22, nan 
131.125, 77.375, 1.5447706582276255e-22, nan 
131.375, 77.375, 1.6843770113216167e-22, nan 
131.625, 77.375, 1.1663570284794994e-22, nan 
131.875, 77.375, 1.7062191266821366e-22, nan 
132.125, 77.375, 1.495948506779926e-22, nan 
132.375, 77.375, 1.7733509682828407e-22, nan 
132.625, 77.375, 2.0389384864033607e-22, nan 
132.875, 77.375, 2.902155289887292e-22, nan 
133.125, 77.375, 2.72268296145454e-22, nan 
133.375, 77.375, 2.0279074097991546e-22, nan 
133.625, 77.375, 1.79000535009031e-22, nan 
133.875, 77.375, 1.9035383149417955e-22, nan 
134.125, 77.375, 3.925056431530991e-22, nan 
134.375, 77.375, 3.581879431843633e-22, nan 
134.625, 77.375, 2.562061969860191e-22, nan 
134.875, 77.375, 2.386535218098512e-22, nan 
135.125, 77.375, 2.357229415271088e-22, nan 
135.375, 77.375, 4.774033441153717e-22, nan 
135.625, 77.375, 2.3452832575227543e-22, nan 
135.875, 77.375, 2.262010934960752e-22, nan 
136.125, 77.375, 4.388559039079204e-22, nan 
136.375, 77.375, 6.378323981479689e-22, nan 
136.625, 77.375, 5.552130651305948e-22, nan 
136.875, 77.375, 5.5598255333515675e-22, nan 
137.125, 77.375, 3.093909853239172e-22, nan 
137.375, 77.375, 5.603561510184622e-22, nan 
137.625, 77.375, 8.878321170118752e-22, nan 
137.875, 77.375, 6.06853192806441e-22, nan 
138.125, 77.375, 5.160769083994274e-22, nan 
138.375, 77.375, 2.7053381587643164e-22, nan 
138.625, 77.375, 2.740884110994574e-22, nan 
138.875, 77.375, 5.340088360032847e-22, nan 
139.125, 77.375, 9.128332854814737e-22, nan 
139.375, 77.375, 8.370105753153044e-22, nan 
139.625, 77.375, 8.314483053560593e-22, nan 
139.875, 77.375, 9.910601265393065e-22, nan 
140.125, 77.375, 8.535339937617554e-22, nan 
140.375, 77.375, 2.844497443367515e-21, nan 
140.625, 77.375, 8.937252489511605e-22, nan 
140.875, 77.375, 9.40289971662046e-22, nan 
141.125, 77.375, 1.0213754481504187e-21, nan 
141.375, 77.375, 8.5341071081895e-22, nan 
141.625, 77.375, 2.1443866322733933e-21, nan 
141.875, 77.375, 9.170163403881712e-22, nan 
142.125, 77.375, 8.764287487310984e-22, nan 
142.375, 77.375, 7.521749497804902e-22, nan 
142.625, 77.375, 9.156851186702041e-22, nan 
142.875, 77.375, 8.046992205710657e-22, nan 
143.125, 77.375, 7.922691788160454e-22, nan 
143.375, 77.375, 6.795347223192935e-22, nan 
143.625, 77.375, 5.8090009456063615e-22, nan 
143.875, 77.375, 7.832951340982114e-22, nan 
144.125, 77.375, 4.318107371266904e-22, nan 
144.375, 77.375, 2.386045551300189e-22, nan 
144.625, 77.375, 5.600454278965532e-22, nan 
144.875, 77.375, 5.318347307391556e-22, nan 
145.125, 77.375, 5.883692597186013e-22, nan 
145.375, 77.375, 4.581738407237874e-22, nan 
145.625, 77.375, 3.8043723877394197e-22, nan 
145.875, 77.375, 7.288470519425795e-22, nan 
146.125, 77.375, 6.993396452408526e-22, nan 
146.375, 77.375, 6.984965256656521e-22, nan 
146.625, 77.375, 6.103862230513083e-22, nan 
146.875, 77.375, 8.351306849790201e-22, nan 
147.125, 77.375, 7.274009241793229e-22, nan 
147.375, 77.375, 7.663552780385524e-22, nan 
147.625, 77.375, 8.14404764554033e-22, nan 
147.875, 77.375, 6.646020456990182e-22, nan 
148.125, 77.375, 9.108895779745297e-22, nan 
148.375, 77.375, 5.483458053951967e-22, nan 
148.625, 77.375, 6.009478472692607e-22, nan 
148.875, 77.375, 4.9479524066656205e-22, nan 
149.125, 77.375, 7.502913884389278e-22, nan 
149.375, 77.375, 6.672873178712917e-22, nan 
149.625, 77.375, 1.2213185650007796e-21, nan 
149.875, 77.375, 1.71191752988079e-21, nan 
150.125, 77.375, 1.6414574172175433e-21, nan 
150.375, 77.375, 2.4077292255565018e-21, nan 
150.625, 77.375, 2.3319257039440393e-21, nan 
150.875, 77.375, 2.3774008140971763e-21, nan 
151.125, 77.375, 1.4313060807958755e-21, nan 
151.375, 77.375, 1.1078505475626083e-21, nan 
151.625, 77.375, 1.8587539557622596e-21, nan 
151.875, 77.375, 1.9013120826342098e-21, nan 
152.125, 77.375, 2.580842594058117e-21, nan 
152.375, 77.375, 2.1087787972137245e-21, nan 
152.625, 77.375, 2.3613314706639458e-21, nan 
152.875, 77.375, 1.8936697936427088e-21, nan 
153.125, 77.375, 3.1493419247150268e-21, nan 
153.375, 77.375, 3.7193747334882514e-21, nan 
153.625, 77.375, 5.290216000042886e-21, nan 
153.875, 77.375, 5.6543211607879336e-21, nan 
154.125, 77.375, 3.82888246938926e-21, nan 
154.375, 77.375, 4.170246655030135e-21, nan 
154.625, 77.375, 4.605241342321737e-21, nan 
154.875, 77.375, 5.6303039769726766e-21, nan 
155.125, 77.375, 5.183641334816339e-21, nan 
155.375, 77.375, 3.9708115552828016e-21, nan 
155.625, 77.375, 4.136069285847527e-21, nan 
155.875, 77.375, 4.121663159528865e-21, nan 
156.125, 77.375, 3.942236025906053e-21, nan 
156.375, 77.375, 2.719078828935269e-21, nan 
156.625, 77.375, 2.6511124963281478e-21, nan 
156.875, 77.375, 4.992297885481801e-21, nan 
157.125, 77.375, 7.015198903940269e-21, nan 
157.375, 77.375, 8.770354850759768e-21, nan 
157.625, 77.375, 8.41811568377043e-21, nan 
157.875, 77.375, 1.1263090778990388e-20, nan 
158.125, 77.375, 1.5974629409877284e-20, nan 
158.375, 77.375, 1.453768922160872e-20, nan 
158.625, 77.375, 1.4334409476032456e-20, nan 
158.875, 77.375, 1.3720601216483932e-20, nan 
159.125, 77.375, 1.904308381054002e-20, nan 
159.375, 77.375, 2.932661275560811e-20, nan 
159.625, 77.375, 2.7606544190007946e-20, nan 
159.875, 77.375, 2.4967069278847317e-20, nan 
160.125, 77.375, 1.930494158076573e-20, nan 
160.375, 77.375, 2.289218001102741e-20, nan 
160.625, 77.375, 2.5575190568246453e-20, nan 
160.875, 77.375, 3.126846015708381e-20, nan 
161.125, 77.375, 2.9613978403696096e-20, nan 
161.375, 77.375, 3.058811415870993e-20, nan 
161.625, 77.375, 7.736620962442602e-20, nan 
161.875, 77.375, 1.1186999357541076e-19, nan 
162.125, 77.375, 1.1603933918383562e-19, nan 
162.375, 77.375, 1.1594414932070295e-19, nan 
162.625, 77.375, 1.1480372055718998e-19, nan 
162.875, 77.375, 8.54565498288302e-20, nan 
163.125, 77.375, 7.46024654709906e-20, nan 
163.375, 77.375, 7.810440445734942e-20, nan 
163.625, 77.375, 9.058645919811983e-20, nan 
163.875, 77.375, 1.4212210691447691e-19, nan 
164.125, 77.375, 1.3508862913699004e-19, nan 
164.375, 77.375, 1.7324322750247743e-19, nan 
164.625, 77.375, 1.8192752425478118e-19, nan 
164.875, 77.375, 1.2273020806979022e-19, nan 
165.125, 77.375, 1.0459877836327828e-19, nan 
165.375, 77.375, 1.458797181828853e-19, nan 
165.625, 77.375, 1.7562040082632677e-19, nan 
165.875, 77.375, 1.5191585836514954e-19, nan 
166.125, 77.375, 1.2647500030204334e-19, nan 
166.375, 77.375, 1.4743172160067587e-19, nan 
166.625, 77.375, 1.889330343328829e-19, nan 
166.875, 77.375, 2.2978524182007546e-19, nan 
167.125, 77.375, 2.354273680127729e-19, nan 
167.375, 77.375, 1.8041348528853808e-19, nan 
167.625, 77.375, 2.049012144158959e-19, nan 
167.875, 77.375, 2.0764652914619595e-19, nan 
168.125, 77.375, 1.3643276366186448e-19, nan 
168.375, 77.375, 1.1418494237802928e-19, nan 
168.625, 77.375, 8.506333874258439e-20, nan 
168.875, 77.375, 9.883316485843597e-20, nan 
169.125, 77.375, 1.0668099823556111e-19, nan 
169.375, 77.375, 1.0038936872045961e-19, nan 
169.625, 77.375, 8.338546146006023e-20, nan 
169.875, 77.375, 9.607928317970086e-20, nan 
170.125, 77.375, 7.640966582677901e-20, nan 
170.375, 77.375, 8.573748346291646e-20, nan 
170.625, 77.375, 1.143363372520682e-19, nan 
170.875, 77.375, 1.1061094496782978e-19, nan 
171.125, 77.375, 9.812307156742922e-20, nan 
171.375, 77.375, 7.975939914264097e-20, nan 
171.625, 77.375, 7.666268749179585e-20, nan 
171.875, 77.375, 8.991185138898978e-20, nan 
172.125, 77.375, 6.872133710227725e-20, nan 
172.375, 77.375, 4.261112065099898e-20, nan 
172.625, 77.375, 4.9341727960945775e-20, nan 
172.875, 77.375, 3.2332913620379185e-20, nan 
173.125, 77.375, 3.264887745093517e-20, nan 
173.375, 77.375, 2.278966329171687e-20, nan 
173.625, 77.375, 1.6365252921043223e-20, nan 
173.875, 77.375, 3.8156072108904535e-20, nan 
174.125, 77.375, 3.924563778491691e-20, nan 
174.375, 77.375, 4.254027257362463e-20, nan 
174.625, 77.375, 3.915497221673335e-20, nan 
174.875, 77.375, 2.202592705152089e-20, nan 
175.125, 77.375, 2.0528225579446808e-20, nan 
175.375, 77.375, 2.3396045827299718e-20, nan 
175.625, 77.375, 2.1281372426522128e-20, nan 
175.875, 77.375, 2.011739214462054e-20, nan 
176.125, 77.375, 1.9405555728997964e-20, nan 
176.375, 77.375, 1.5402570604094096e-20, nan 
176.625, 77.375, 1.4434803773693016e-20, nan 
176.875, 77.375, 9.35028502676476e-21, nan 
177.125, 77.375, 1.2649117335948991e-20, nan 
177.375, 77.375, 2.0787162237539915e-20, nan 
177.625, 77.375, 1.7066737233279183e-20, nan 
177.875, 77.375, 1.2812324759938727e-20, nan 
178.125, 77.375, 6.815922645673052e-21, nan 
178.375, 77.375, 5.4839693281791085e-21, nan 
178.625, 77.375, 9.08435749283434e-21, nan 
178.875, 77.375, 9.912358202595022e-21, nan 
179.125, 77.375, 8.629745769804093e-21, nan 
179.375, 77.375, 7.436402333121435e-21, nan 
179.625, 77.375, 6.385789595163926e-21, nan 
179.875, 77.375, 5.8823727170817105e-21, nan 
-179.875, 77.625, 4.337434835808401e-21, nan 
-179.625, 77.625, 5.4422952633445115e-21, nan 
-179.375, 77.625, 5.940432902804051e-21, nan 
-179.125, 77.625, 5.212004995430569e-21, nan 
-178.875, 77.625, 7.21700237558053e-21, nan 
-178.625, 77.625, 1.2584624278368983e-20, nan 
-178.375, 77.625, 1.1523415162828799e-20, nan 
-178.125, 77.625, 1.1320623044106381e-20, nan 
-177.875, 77.625, 5.701474163014404e-21, nan 
-177.625, 77.625, 5.1351183263841265e-21, nan 
-177.375, 77.625, 1.2723795387114262e-20, nan 
-177.125, 77.625, 1.234834588209374e-20, nan 
-176.875, 77.625, 1.2695392166471975e-20, nan 
-176.625, 77.625, 5.008456264366016e-21, nan 
-176.375, 77.625, 3.2776596249107385e-21, nan 
-176.125, 77.625, 6.23000227739002e-21, nan 
-175.875, 77.625, 8.356120598472894e-21, nan 
-175.625, 77.625, 3.7829781577030895e-21, nan 
-175.375, 77.625, 4.7159981339347455e-21, nan 
-175.125, 77.625, 5.882292459817466e-21, nan 
-174.875, 77.625, 7.348874818172062e-21, nan 
-174.625, 77.625, 6.971940328550976e-21, nan 
-174.375, 77.625, 7.125503859751089e-21, nan 
-174.125, 77.625, 5.610529847545728e-21, nan 
-173.875, 77.625, 6.552701074454816e-21, nan 
-173.625, 77.625, 6.955077808152576e-21, nan 
-173.375, 77.625, 7.246409978776554e-21, nan 
-173.125, 77.625, 7.928664169540845e-21, nan 
-172.875, 77.625, 7.682031297657127e-21, nan 
-172.625, 77.625, 9.66225786297395e-21, nan 
-172.375, 77.625, 1.1419991394830541e-20, nan 
-172.125, 77.625, 6.888057792967767e-21, nan 
-171.875, 77.625, 2.792044763347422e-21, nan 
-171.625, 77.625, 6.319366328865229e-21, nan 
-171.375, 77.625, 8.649019337399057e-21, nan 
-171.125, 77.625, 7.505143974920121e-21, nan 
-170.875, 77.625, 3.811685322189875e-21, nan 
-170.625, 77.625, 2.4861800506562614e-21, nan 
-170.375, 77.625, 2.7438593700220426e-21, nan 
-170.125, 77.625, 2.245843083303434e-21, nan 
-169.875, 77.625, 1.9680182216657766e-21, nan 
-169.625, 77.625, 1.7540274727695466e-21, nan 
-169.375, 77.625, 5.074965959670583e-21, nan 
-169.125, 77.625, 6.762857248227581e-21, nan 
-168.875, 77.625, 4.3452184935197126e-21, nan 
-168.625, 77.625, 4.654143286143325e-21, nan 
-168.375, 77.625, 4.73560480238499e-21, nan 
-168.125, 77.625, 4.967493970552014e-21, nan 
-167.875, 77.625, 4.679495548837169e-21, nan 
-167.625, 77.625, 6.7017153774260346e-21, nan 
-167.375, 77.625, 6.5002537790044225e-21, nan 
-167.125, 77.625, 4.9662935060018965e-21, nan 
-166.875, 77.625, 4.615522594853218e-21, nan 
-166.625, 77.625, 2.9282585675647253e-21, nan 
-166.375, 77.625, 2.5941775092397034e-21, nan 
-166.125, 77.625, 2.701039742461444e-21, nan 
-165.875, 77.625, 4.7036622787359115e-21, nan 
-165.625, 77.625, 1.870131252307993e-21, nan 
-165.375, 77.625, 6.227914439808005e-22, nan 
-165.125, 77.625, 7.66661861623205e-22, nan 
-164.875, 77.625, 1.3546542931397105e-21, nan 
-164.625, 77.625, 2.1885666459646773e-21, nan 
-164.375, 77.625, 2.1930341812259726e-21, nan 
-164.125, 77.625, 1.9175308711580816e-21, nan 
-163.875, 77.625, 2.0997448332760543e-21, nan 
-163.625, 77.625, 2.6460749887317745e-21, nan 
-163.375, 77.625, 2.0333301180924898e-21, nan 
-163.125, 77.625, 1.5774583457623251e-21, nan 
-162.875, 77.625, 1.3916223382157873e-21, nan 
-162.625, 77.625, 1.3019005989463898e-21, nan 
-162.375, 77.625, 1.462806054017483e-21, nan 
-162.125, 77.625, 1.4353468744943062e-21, nan 
-161.875, 77.625, 1.4500431216571988e-21, nan 
-161.625, 77.625, 1.6384901672847616e-21, nan 
-161.375, 77.625, 1.7798669273343643e-21, nan 
-161.125, 77.625, 1.5450353753173696e-21, nan 
-160.875, 77.625, 1.5634544204922227e-21, nan 
-160.625, 77.625, 1.392181136679575e-21, nan 
-160.375, 77.625, 1.5709739530198586e-21, nan 
-160.125, 77.625, 1.7380953003462667e-21, nan 
-159.875, 77.625, 1.4404110136605623e-21, nan 
-159.625, 77.625, 1.2944106970902456e-21, nan 
-159.375, 77.625, 1.0376657751366429e-21, nan 
-159.125, 77.625, 1.0077507729480364e-21, nan 
-158.875, 77.625, 3.961626954634516e-22, nan 
-158.625, 77.625, 2.9597533103338953e-22, nan 
-158.375, 77.625, 2.3928252123828363e-22, nan 
-158.125, 77.625, 2.300477493600953e-22, nan 
-157.875, 77.625, 6.130018143245769e-22, nan 
-157.625, 77.625, 3.1195301074440883e-22, nan 
-157.375, 77.625, 2.7896107270224076e-22, nan 
-157.125, 77.625, 1.9844937499273796e-22, nan 
-156.875, 77.625, 4.0696718697986585e-22, nan 
-156.625, 77.625, 4.652232950038856e-22, nan 
-156.375, 77.625, 4.699438471891471e-22, nan 
-156.125, 77.625, 3.889940067434584e-22, nan 
-155.875, 77.625, 7.071373703843531e-22, nan 
-155.625, 77.625, 9.268597133004696e-22, nan 
-155.375, 77.625, 1.0523397592915624e-21, nan 
-155.125, 77.625, 8.286967812931753e-22, nan 
-154.875, 77.625, 7.485142702343167e-22, nan 
-154.625, 77.625, 9.824404500273658e-22, nan 
-154.375, 77.625, 1.0006881732834537e-21, nan 
-154.125, 77.625, 1.3961600944673309e-21, nan 
-153.875, 77.625, 1.1513330906549812e-21, nan 
-153.625, 77.625, 9.046473706231506e-22, nan 
-153.375, 77.625, 7.498220621917174e-22, nan 
-153.125, 77.625, 6.68262177855437e-22, nan 
-152.875, 77.625, 7.808069189945788e-22, nan 
-152.625, 77.625, 5.146662258417771e-22, nan 
-152.375, 77.625, 3.9938829820975956e-22, nan 
-152.125, 77.625, 4.359525532415272e-22, nan 
-151.875, 77.625, 3.77811306594858e-22, nan 
-151.625, 77.625, 3.298156819310253e-22, nan 
-151.375, 77.625, 3.5334421208447137e-22, nan 
-151.125, 77.625, 3.733032237910769e-22, nan 
-150.875, 77.625, 4.735968561121196e-22, nan 
-150.625, 77.625, 4.185385271086325e-22, nan 
-150.375, 77.625, 4.1040181085758776e-22, nan 
-150.125, 77.625, 4.96846178934938e-22, nan 
-149.875, 77.625, 5.396396408405284e-22, nan 
-149.625, 77.625, 5.032463705383557e-22, nan 
-149.375, 77.625, 5.651914389942066e-22, nan 
-149.125, 77.625, 8.004473211738603e-22, nan 
-148.875, 77.625, 8.423464888558612e-22, nan 
-148.625, 77.625, 8.796535688043402e-22, nan 
-148.375, 77.625, 7.746547666245734e-22, nan 
-148.125, 77.625, 7.253864688032157e-22, nan 
-147.875, 77.625, 9.929269298160143e-22, nan 
-147.625, 77.625, 1.0502398654350822e-21, nan 
-147.375, 77.625, 8.538529640648146e-22, nan 
-147.125, 77.625, 1.2214720404479805e-21, nan 
-146.875, 77.625, 6.334382928807738e-22, nan 
-146.625, 77.625, 9.577044279344035e-22, nan 
-146.375, 77.625, 6.769811215997042e-22, nan 
-146.125, 77.625, 7.247156603207931e-22, nan 
-145.875, 77.625, 1.0929713212663058e-21, nan 
-145.625, 77.625, 9.375260792592919e-22, nan 
-145.375, 77.625, 1.0409393109923546e-21, nan 
-145.125, 77.625, 1.5442732777259778e-21, nan 
-144.875, 77.625, 2.094773737635988e-21, nan 
-144.625, 77.625, 2.3399893712090763e-21, nan 
-144.375, 77.625, 1.8842402494151686e-21, nan 
-144.125, 77.625, 1.2440453291836807e-21, nan 
-143.875, 77.625, 1.0729800434274023e-21, nan 
-143.625, 77.625, 8.113928642108886e-22, nan 
-143.375, 77.625, 8.675270812035555e-22, nan 
-143.125, 77.625, 1.0780067952671645e-21, nan 
-142.875, 77.625, 8.904756163028575e-22, nan 
-142.625, 77.625, 6.662411404612076e-22, nan 
-142.375, 77.625, 5.224012036595055e-22, nan 
-142.125, 77.625, 5.418035767842385e-22, nan 
-141.875, 77.625, 6.861546323483659e-22, nan 
-141.625, 77.625, 5.979240792285721e-22, nan 
-141.375, 77.625, 5.515028542251202e-22, nan 
-141.125, 77.625, 3.805573177198024e-22, nan 
-140.875, 77.625, 3.055600213749297e-22, nan 
-140.625, 77.625, 2.1291788653525504e-22, nan 
-140.375, 77.625, 4.45731439192461e-23, nan 
-140.125, 77.625, 9.528714075548619e-23, nan 
-139.875, 77.625, 9.221705477818729e-23, nan 
-139.625, 77.625, 1.0136026406300206e-22, nan 
-139.375, 77.625, 1.359891993086748e-22, nan 
-139.125, 77.625, 1.0825817749593475e-22, nan 
-138.875, 77.625, 2.1825998418204345e-22, nan 
-138.625, 77.625, 1.9395324552963943e-22, nan 
-138.375, 77.625, 1.1217550744335569e-22, nan 
-138.125, 77.625, 3.0514401505979115e-22, nan 
-137.875, 77.625, 4.0216231666850175e-22, nan 
-137.625, 77.625, 3.6971000565463216e-22, nan 
-137.375, 77.625, 3.9354696874463294e-22, nan 
-137.125, 77.625, 2.6693122988303575e-22, nan 
-136.875, 77.625, 7.656689515112502e-22, nan 
-136.625, 77.625, 8.382591595456536e-22, nan 
-136.375, 77.625, 5.477560152714696e-22, nan 
-136.125, 77.625, 4.094990267427344e-22, nan 
-135.875, 77.625, 5.601929100077538e-22, nan 
-135.625, 77.625, 1.031330146785491e-21, nan 
-135.375, 77.625, 1.2029418659846158e-21, nan 
-135.125, 77.625, 3.4844543317867716e-22, nan 
-134.875, 77.625, 3.3559747079687896e-22, nan 
-134.625, 77.625, 1.0617327660725296e-21, nan 
-134.375, 77.625, 1.151437271893014e-21, nan 
-134.125, 77.625, 1.2753417672823378e-21, nan 
-133.875, 77.625, 5.732853760499842e-22, nan 
-133.625, 77.625, 6.146120755569245e-22, nan 
-133.375, 77.625, 5.072155512831201e-22, nan 
-133.125, 77.625, 6.096467961457145e-22, nan 
-132.875, 77.625, 3.465186435198351e-22, nan 
-132.625, 77.625, 3.763062820438184e-22, nan 
-132.375, 77.625, 5.260574583664083e-22, nan 
-132.125, 77.625, 4.78018502281194e-22, nan 
-131.875, 77.625, 4.494629891370515e-22, nan 
-131.625, 77.625, 5.641127861523563e-22, nan 
-131.375, 77.625, 6.039219461545679e-22, nan 
-131.125, 77.625, 2.5556649441365413e-22, nan 
-130.875, 77.625, 3.9438406874816724e-22, nan 
-130.625, 77.625, 3.365304354608547e-22, nan 
-130.375, 77.625, 5.524261601026243e-22, nan 
-130.125, 77.625, 4.857077888794482e-22, nan 
-129.875, 77.625, 3.6818652719266893e-22, nan 
-129.625, 77.625, 3.697542572687406e-22, nan 
-129.375, 77.625, 4.15615984151881e-22, nan 
-129.125, 77.625, 2.579706807663295e-22, nan 
-128.875, 77.625, 2.729993162134507e-22, nan 
-128.625, 77.625, 3.3377570955226817e-22, nan 
-128.375, 77.625, 4.628226991329997e-22, nan 
-128.125, 77.625, 5.675735500163191e-22, nan 
-127.875, 77.625, 5.81492923533119e-22, nan 
-127.625, 77.625, 5.1699588599154765e-22, nan 
-127.375, 77.625, 4.442851118371267e-22, nan 
-127.125, 77.625, 3.1123399307067756e-22, nan 
-126.875, 77.625, 4.511658641506966e-22, nan 
-126.625, 77.625, 5.523231281097047e-22, nan 
-126.375, 77.625, 3.443364486221086e-22, nan 
-126.125, 77.625, 4.0637577684585886e-22, nan 
-125.875, 77.625, 3.4196354801263374e-22, nan 
-125.625, 77.625, 3.618358534971351e-22, nan 
-125.375, 77.625, 2.727637794935195e-22, nan 
-125.125, 77.625, 3.3266522871975866e-22, nan 
-124.875, 77.625, 4.363929809978742e-22, nan 
-124.625, 77.625, 3.028211298543811e-22, nan 
-124.375, 77.625, 3.5468687394956317e-22, nan 
-124.125, 77.625, 2.4160014208511434e-22, nan 
-123.875, 77.625, 2.469528694181775e-22, nan 
-123.625, 77.625, 1.5970176622763627e-22, nan 
-123.375, 77.625, 1.4104247998727874e-22, nan 
-123.125, 77.625, 9.390176946854114e-23, nan 
-122.875, 77.625, 1.278505702220552e-22, nan 
-122.625, 77.625, 1.1945885336791607e-22, nan 
-122.375, 77.625, 1.2860090899334124e-22, nan 
-122.125, 77.625, 1.7955061965660265e-22, nan 
-121.875, 77.625, 1.9023896180979066e-22, nan 
-121.625, 77.625, 1.1825671809599159e-22, nan 
-121.375, 77.625, 1.1247440514082623e-22, nan 
-121.125, 77.625, 9.97865771917978e-23, nan 
-120.875, 77.625, 1.3676800757965432e-22, nan 
-120.625, 77.625, 1.0570243462195193e-22, nan 
-120.375, 77.625, 9.408775154314924e-23, nan 
-120.125, 77.625, 1.4004100432510609e-22, nan 
-119.875, 77.625, 1.438444721696577e-22, nan 
-119.625, 77.625, 8.45851867243192e-23, nan 
-119.375, 77.625, 7.529928250561522e-23, nan 
-119.125, 77.625, 6.607294698846015e-23, nan 
-118.875, 77.625, 7.003208921176665e-23, nan 
-118.625, 77.625, 7.540392765698323e-23, nan 
-118.375, 77.625, 3.9063477325309843e-23, nan 
-118.125, 77.625, 4.0053741838136016e-23, nan 
-117.875, 77.625, 4.849044663357707e-23, nan 
-117.625, 77.625, 2.9544209884918664e-23, nan 
-117.375, 77.625, 3.174259279670778e-23, nan 
-117.125, 77.625, 3.1054208921818237e-23, nan 
-116.875, 77.625, 3.5271049022556286e-23, nan 
-116.625, 77.625, 3.4399609119778087e-23, nan 
-116.375, 77.625, 3.7632185247208423e-23, nan 
-116.125, 77.625, 2.084916954563928e-23, nan 
-115.875, 77.625, 1.567947474348948e-23, nan 
-115.625, 77.625, 7.444639546204948e-24, nan 
-115.375, 77.625, 4.621752576833032e-24, nan 
-115.125, 77.625, 1.941578842578436e-23, nan 
-114.875, 77.625, 3.7051325166779743e-23, nan 
-114.625, 77.625, 3.003783068955798e-23, nan 
-114.375, 77.625, 1.446371453003812e-23, nan 
-114.125, 77.625, 1.5227239710076923e-23, nan 
-113.875, 77.625, 3.5359739797093234e-23, nan 
-113.625, 77.625, 3.4856126208795e-23, nan 
-113.375, 77.625, 3.281369843291044e-23, nan 
-113.125, 77.625, 1.477149865843586e-23, nan 
-112.875, 77.625, 9.067636818790788e-24, nan 
-112.625, 77.625, 1.3181594665793872e-23, nan 
-112.375, 77.625, 2.0312021174199963e-23, nan 
-112.125, 77.625, 4.097889850421819e-23, nan 
-111.875, 77.625, 3.335886591336116e-23, nan 
-111.625, 77.625, 4.6871603435493327e-23, nan 
-111.375, 77.625, 6.148078964617715e-23, nan 
-111.125, 77.625, 6.140133924558283e-23, nan 
-110.875, 77.625, 5.659528598784083e-23, nan 
-110.625, 77.625, 8.279900389895432e-23, nan 
-110.375, 77.625, 5.506047585103271e-23, nan 
-110.125, 77.625, 6.973565205325147e-23, nan 
-109.875, 77.625, 5.635915238463239e-23, nan 
-109.625, 77.625, 5.3589435955396e-23, nan 
-109.375, 77.625, 4.7153044097166017e-23, nan 
-109.125, 77.625, 8.43704195091849e-23, nan 
-108.875, 77.625, 1.0891381557719983e-22, nan 
-108.625, 77.625, 1.0737805591484863e-22, nan 
-108.375, 77.625, 9.349433157306173e-23, nan 
-108.125, 77.625, 8.961176084492746e-23, nan 
-107.875, 77.625, 8.450376693283538e-23, nan 
-107.625, 77.625, 9.590541527598784e-23, nan 
-107.375, 77.625, 1.0279929198431021e-22, nan 
-107.125, 77.625, 8.22813592810285e-23, nan 
-106.875, 77.625, 5.927871498143111e-23, nan 
-106.625, 77.625, 4.908890022960333e-23, nan 
-106.375, 77.625, 2.851552068370562e-23, nan 
-106.125, 77.625, 1.9971248491133202e-23, nan 
-105.875, 77.625, 3.040443522882178e-23, nan 
-105.625, 77.625, 2.447625869486481e-23, nan 
-105.375, 77.625, 4.106192267769998e-23, nan 
-105.125, 77.625, 3.7708899922318054e-23, nan 
-104.875, 77.625, 3.540216138303379e-23, nan 
-104.625, 77.625, 4.3441375579680994e-23, nan 
-104.375, 77.625, 4.751714672292416e-23, nan 
-104.125, 77.625, 5.772439845532787e-23, nan 
-103.875, 77.625, 7.136024155562206e-23, nan 
-103.625, 77.625, 5.946171677861824e-23, nan 
-103.375, 77.625, 5.098371113054179e-23, nan 
-103.125, 77.625, 3.3161558794353355e-23, nan 
-102.875, 77.625, 2.732228121432381e-23, nan 
-102.625, 77.625, 2.9033821751964634e-23, nan 
-102.375, 77.625, 3.152547130593204e-23, nan 
-102.125, 77.625, 3.103149270739305e-23, nan 
-101.875, 77.625, 2.5507798203207296e-23, nan 
-101.625, 77.625, 2.564722829648051e-23, nan 
-101.375, 77.625, 2.3365689489029305e-23, nan 
73.375, 77.625, 4.790282374946628e-24, nan 
73.625, 77.625, 1.000890196745423e-23, nan 
73.875, 77.625, 1.6099867122853416e-23, nan 
74.125, 77.625, 6.797005311962579e-24, nan 
74.375, 77.625, 8.936188434391357e-24, nan 
74.625, 77.625, 1.3818259374375528e-23, nan 
74.875, 77.625, 1.33097216463662e-23, nan 
75.125, 77.625, 1.1280016135593492e-23, nan 
75.375, 77.625, 1.0322913038669536e-23, nan 
75.625, 77.625, 1.6633346504106882e-23, nan 
75.875, 77.625, 1.812062869500517e-23, nan 
76.125, 77.625, 1.6514708209745682e-23, nan 
76.375, 77.625, 7.650564150489981e-24, nan 
76.625, 77.625, 1.1648729039196092e-23, nan 
76.875, 77.625, 1.9175383967984827e-23, nan 
77.125, 77.625, 1.1595915806552089e-23, nan 
77.375, 77.625, 1.1805104793760798e-23, nan 
77.625, 77.625, 1.1347933015491224e-23, nan 
77.875, 77.625, 1.2158213171143539e-23, nan 
78.125, 77.625, 9.648034008470243e-24, nan 
78.375, 77.625, 9.267597226573057e-24, nan 
78.625, 77.625, 6.030849865218906e-24, nan 
78.875, 77.625, 1.7258761663482687e-23, nan 
79.125, 77.625, 1.618240785526262e-23, nan 
79.375, 77.625, 1.5201902754896288e-23, nan 
79.625, 77.625, 1.0181609881712155e-23, nan 
79.875, 77.625, 1.1558518290992844e-23, nan 
80.125, 77.625, 1.2027258428577488e-23, nan 
80.375, 77.625, 1.2328137618671602e-23, nan 
80.625, 77.625, 2.1533609436757445e-23, nan 
80.875, 77.625, 1.3850664288482332e-23, nan 
81.125, 77.625, 7.214331823259466e-24, nan 
81.375, 77.625, 2.1256870122479846e-23, nan 
81.625, 77.625, 1.4791587541975584e-23, nan 
81.875, 77.625, 3.068738385552502e-23, nan 
82.125, 77.625, 1.9142147506461284e-23, nan 
82.375, 77.625, 1.786862385343903e-23, nan 
82.625, 77.625, 2.4290808730891856e-23, nan 
82.875, 77.625, 2.1223817167366388e-23, nan 
83.125, 77.625, 2.5025213988366576e-23, nan 
83.375, 77.625, 1.1246808217688716e-23, nan 
83.625, 77.625, 1.4027026478269358e-23, nan 
83.875, 77.625, 1.9106311941895213e-23, nan 
84.125, 77.625, 4.551293346130474e-24, nan 
84.375, 77.625, 5.794362204759796e-24, nan 
84.625, 77.625, 9.274540703852014e-24, nan 
84.875, 77.625, 1.5359484543614775e-23, nan 
85.125, 77.625, 1.120486861689987e-23, nan 
85.375, 77.625, 1.0661208630585606e-23, nan 
85.625, 77.625, 9.426395636812857e-24, nan 
85.875, 77.625, 1.8179679172129916e-23, nan 
86.125, 77.625, 7.244893290113222e-23, nan 
86.375, 77.625, 8.372790342951849e-23, nan 
86.625, 77.625, 8.532887277763565e-23, nan 
86.875, 77.625, 6.1170998218892e-23, nan 
87.125, 77.625, 4.422943941955745e-23, nan 
87.375, 77.625, 1.1197234879125117e-22, nan 
87.625, 77.625, 1.2114321823611321e-22, nan 
87.875, 77.625, 8.03171489687159e-23, nan 
88.125, 77.625, 4.500950784887269e-23, nan 
88.375, 77.625, 6.789939067025007e-23, nan 
88.625, 77.625, 1.2075691440039086e-22, nan 
88.875, 77.625, 1.4967911446672156e-22, nan 
89.125, 77.625, 1.5614438807104268e-22, nan 
89.375, 77.625, 1.5539973242059602e-22, nan 
89.625, 77.625, 1.6075272459310442e-22, nan 
89.875, 77.625, 1.8834301212569245e-22, nan 
90.125, 77.625, 1.5244967670719576e-22, nan 
90.375, 77.625, 1.2683579932088852e-22, nan 
90.625, 77.625, 1.1999653931902496e-22, nan 
90.875, 77.625, 1.0840237551807008e-22, nan 
91.125, 77.625, 1.0134976751148965e-22, nan 
91.375, 77.625, 1.207420320848876e-22, nan 
91.625, 77.625, 9.071555647258485e-23, nan 
91.875, 77.625, 7.53386085843087e-23, nan 
92.125, 77.625, 4.5107773984609793e-23, nan 
92.375, 77.625, 3.514787089334368e-23, nan 
92.625, 77.625, 5.340575256148579e-23, nan 
92.875, 77.625, 5.2170091485723424e-23, nan 
93.125, 77.625, 6.442356974236341e-23, nan 
93.375, 77.625, 5.930833588000983e-23, nan 
93.625, 77.625, 7.490134877459072e-23, nan 
93.875, 77.625, 8.924395435474446e-23, nan 
94.125, 77.625, 8.606783939876595e-23, nan 
94.375, 77.625, 9.347226736935173e-23, nan 
94.625, 77.625, 8.834150070948054e-23, nan 
94.875, 77.625, 7.935828593227677e-23, nan 
95.125, 77.625, 6.974026342721569e-23, nan 
95.375, 77.625, 7.641658111485773e-23, nan 
95.625, 77.625, 7.659271476544553e-23, nan 
95.875, 77.625, 8.210193703692005e-23, nan 
96.125, 77.625, 8.140314121641146e-23, nan 
96.375, 77.625, 8.484872810802133e-23, nan 
96.625, 77.625, 9.894799789569258e-23, nan 
96.875, 77.625, 9.134677220072417e-23, nan 
97.125, 77.625, 8.996973963660627e-23, nan 
97.375, 77.625, 5.768872921043366e-23, nan 
97.625, 77.625, 6.08529462026303e-23, nan 
97.875, 77.625, 7.709509699497896e-23, nan 
98.125, 77.625, 7.867007482975237e-23, nan 
98.375, 77.625, 7.271212206130937e-23, nan 
98.625, 77.625, 3.877944970010712e-23, nan 
98.875, 77.625, 3.1241397832181945e-23, nan 
99.125, 77.625, 2.770214897611849e-23, nan 
99.375, 77.625, 2.9064267667163434e-23, nan 
99.625, 77.625, 5.573494764527489e-23, nan 
99.875, 77.625, 5.482419267666416e-23, nan 
100.125, 77.625, 5.1562489383554563e-23, nan 
100.375, 77.625, 5.610565498861599e-23, nan 
100.625, 77.625, 6.918468562865936e-23, nan 
100.875, 77.625, 9.155481299586159e-23, nan 
101.125, 77.625, 1.0716985078673044e-22, nan 
101.375, 77.625, 1.0822267822082536e-22, nan 
101.625, 77.625, 9.887708234448276e-23, nan 
101.875, 77.625, 9.781309851358158e-23, nan 
102.125, 77.625, 7.282614591340724e-23, nan 
102.375, 77.625, 7.078137199959386e-23, nan 
102.625, 77.625, 7.340472676259974e-23, nan 
102.875, 77.625, 7.77330017990256e-23, nan 
103.125, 77.625, 7.687725369318307e-23, nan 
103.375, 77.625, 6.238472389730987e-23, nan 
103.625, 77.625, 5.320164879623626e-23, nan 
103.875, 77.625, 5.045976073983565e-23, nan 
104.125, 77.625, 4.12524177278769e-23, nan 
104.375, 77.625, 5.430867874799593e-23, nan 
104.625, 77.625, 4.453088106198659e-23, nan 
104.875, 77.625, 4.600199417286869e-23, nan 
105.125, 77.625, 4.737965276124197e-23, nan 
105.375, 77.625, 2.529549382345895e-23, nan 
105.625, 77.625, 3.6136928237314545e-23, nan 
105.875, 77.625, 4.1864319175602947e-23, nan 
106.125, 77.625, 5.168456744656349e-23, nan 
106.375, 77.625, 4.382573312161985e-23, nan 
106.625, 77.625, 5.616709724776489e-23, nan 
106.875, 77.625, 4.3265812933144037e-23, nan 
107.125, 77.625, 2.8876878119019885e-23, nan 
107.375, 77.625, 3.5152541650262136e-23, nan 
107.625, 77.625, 2.6868911206474914e-23, nan 
107.875, 77.625, 1.5691709578184513e-23, nan 
108.125, 77.625, 1.381917558889277e-23, nan 
108.375, 77.625, 1.8782463118253593e-23, nan 
108.625, 77.625, 2.7549648313089786e-23, nan 
108.875, 77.625, 6.442222569544996e-23, nan 
109.125, 77.625, 2.231316733862735e-23, nan 
109.375, 77.625, 4.9629740333605166e-23, nan 
109.625, 77.625, 6.033203154116389e-23, nan 
109.875, 77.625, 5.52666741873146e-23, nan 
110.125, 77.625, 2.3946262561184325e-22, nan 
110.375, 77.625, 2.133693293586734e-22, nan 
110.625, 77.625, 2.158771527149502e-22, nan 
110.875, 77.625, 1.4676811389117135e-22, nan 
111.125, 77.625, 9.307480450356637e-23, nan 
111.375, 77.625, 4.190014697783648e-22, nan 
111.625, 77.625, 3.6727894740607295e-22, nan 
111.875, 77.625, 2.334948387668771e-22, nan 
112.125, 77.625, 1.14721678615321e-22, nan 
112.375, 77.625, 7.840160645583098e-23, nan 
112.625, 77.625, 1.8598230214559987e-22, nan 
112.875, 77.625, 1.7411592480859806e-22, nan 
113.125, 77.625, 1.0289487871405988e-22, nan 
113.375, 77.625, 6.062008279428362e-23, nan 
113.625, 77.625, 7.32061456234693e-23, nan 
113.875, 77.625, 4.8299860800091264e-23, nan 
114.125, 77.625, 6.352484835532056e-23, nan 
114.375, 77.625, 9.0557636343552e-23, nan 
114.625, 77.625, 7.922830268707337e-23, nan 
114.875, 77.625, 6.222462428530723e-23, nan 
115.125, 77.625, 3.4802395105302876e-23, nan 
115.375, 77.625, 1.0675548918667372e-22, nan 
115.625, 77.625, 1.167274293292239e-22, nan 
115.875, 77.625, 1.1571497946228422e-22, nan 
116.125, 77.625, 1.1231479318800813e-22, nan 
116.375, 77.625, 1.4424223391099789e-22, nan 
116.625, 77.625, 1.5312585217529193e-22, nan 
116.875, 77.625, 4.0948422994896105e-22, nan 
117.125, 77.625, 3.812451009338335e-22, nan 
117.375, 77.625, 4.0455390823358366e-22, nan 
117.625, 77.625, 5.311813547116195e-22, nan 
117.875, 77.625, 4.243179611562744e-22, nan 
118.125, 77.625, 7.214929950232494e-22, nan 
118.375, 77.625, 5.497936999974202e-22, nan 
118.625, 77.625, 5.182244260521396e-22, nan 
118.875, 77.625, 5.635422071000631e-22, nan 
119.125, 77.625, 4.473427580987725e-22, nan 
119.375, 77.625, 2.945025721807045e-22, nan 
119.625, 77.625, 2.3981147790516304e-22, nan 
119.875, 77.625, 3.9753927371263107e-22, nan 
120.125, 77.625, 5.267180461091144e-22, nan 
120.375, 77.625, 5.10579536177149e-22, nan 
120.625, 77.625, 2.7838355713172885e-22, nan 
120.875, 77.625, 1.0072328954185111e-22, nan 
121.125, 77.625, 2.9446637490954673e-22, nan 
121.375, 77.625, 4.274439860303536e-22, nan 
121.625, 77.625, 4.81852216156945e-22, nan 
121.875, 77.625, 3.469510645765303e-22, nan 
122.125, 77.625, 3.427614778685195e-22, nan 
122.375, 77.625, 3.8594899862626977e-22, nan 
122.625, 77.625, 4.475288018289539e-22, nan 
122.875, 77.625, 4.860157741950473e-22, nan 
123.125, 77.625, 4.540669364785969e-22, nan 
123.375, 77.625, 5.331466403002439e-22, nan 
123.625, 77.625, 5.526150582981236e-22, nan 
123.875, 77.625, 6.647927789717209e-22, nan 
124.125, 77.625, 7.191904234416019e-22, nan 
124.375, 77.625, 6.896345197953739e-22, nan 
124.625, 77.625, 5.0535188050899305e-22, nan 
124.875, 77.625, 4.252581470875064e-22, nan 
125.125, 77.625, 3.3058458022951984e-22, nan 
125.375, 77.625, 2.987622423920766e-22, nan 
125.625, 77.625, 3.6837430603371957e-22, nan 
125.875, 77.625, 3.1168900650993797e-22, nan 
126.125, 77.625, 3.8669053178582916e-22, nan 
126.375, 77.625, 3.992222905313207e-22, nan 
126.625, 77.625, 3.2061955745034183e-22, nan 
126.875, 77.625, 4.1368234652593617e-22, nan 
127.125, 77.625, 3.7059788480165984e-22, nan 
127.375, 77.625, 5.3955138774838985e-22, nan 
127.625, 77.625, 3.5651701743283435e-22, nan 
127.875, 77.625, 5.165828970585149e-22, nan 
128.125, 77.625, 5.420227643008042e-22, nan 
128.375, 77.625, 3.5196061697794344e-22, nan 
128.625, 77.625, 4.1707596439075743e-22, nan 
128.875, 77.625, 2.6865344756814915e-22, nan 
129.125, 77.625, 4.914496242132975e-22, nan 
129.375, 77.625, 4.7295499264305575e-22, nan 
129.625, 77.625, 4.007766204778452e-22, nan 
129.875, 77.625, 3.928298271423197e-22, nan 
130.125, 77.625, 3.4226209938939415e-22, nan 
130.375, 77.625, 3.3294565962375795e-22, nan 
130.625, 77.625, 3.1707070210952664e-22, nan 
130.875, 77.625, 2.7457552808544044e-22, nan 
131.125, 77.625, 3.6353634050664113e-22, nan 
131.375, 77.625, 4.0924290231608865e-22, nan 
131.625, 77.625, 3.8005324326797064e-22, nan 
131.875, 77.625, 2.450415273825454e-22, nan 
132.125, 77.625, 2.6545942114908826e-22, nan 
132.375, 77.625, 1.8318794564974513e-22, nan 
132.625, 77.625, 1.9619121492197128e-22, nan 
132.875, 77.625, 2.3258710580287823e-22, nan 
133.125, 77.625, 2.565109305728495e-22, nan 
133.375, 77.625, 2.5800151996952285e-22, nan 
133.625, 77.625, 2.265478726286051e-22, nan 
133.875, 77.625, 1.463126719421208e-22, nan 
134.125, 77.625, 1.384408894437676e-22, nan 
134.375, 77.625, 1.7070397715413275e-22, nan 
134.625, 77.625, 2.9122595214905763e-22, nan 
134.875, 77.625, 3.4371005352755588e-22, nan 
135.125, 77.625, 4.489278420712105e-22, nan 
135.375, 77.625, 4.8730076174667435e-22, nan 
135.625, 77.625, 3.2785113085991674e-22, nan 
135.875, 77.625, 2.765345113238442e-22, nan 
136.125, 77.625, 3.3413790772611886e-22, nan 
136.375, 77.625, 4.802225273908003e-22, nan 
136.625, 77.625, 4.354930588705713e-22, nan 
136.875, 77.625, 3.7329806053721543e-22, nan 
137.125, 77.625, 2.0786503750652897e-22, nan 
137.375, 77.625, 3.88120426074486e-22, nan 
137.625, 77.625, 6.090187191327655e-22, nan 
137.875, 77.625, 5.080970807208138e-22, nan 
138.125, 77.625, 5.7758701610958945e-22, nan 
138.375, 77.625, 3.9959638584590643e-22, nan 
138.625, 77.625, 4.381125171007015e-22, nan 
138.875, 77.625, 6.605670321105284e-22, nan 
139.125, 77.625, 6.138083591407315e-22, nan 
139.375, 77.625, 8.229460295560993e-22, nan 
139.625, 77.625, 7.57590813430549e-22, nan 
139.875, 77.625, 8.455473781135302e-22, nan 
140.125, 77.625, 7.543991556768134e-22, nan 
140.375, 77.625, 1.823218742831854e-21, nan 
140.625, 77.625, 7.6817835647730545e-22, nan 
140.875, 77.625, 6.914476178491889e-22, nan 
141.125, 77.625, 7.688812969250968e-22, nan 
141.375, 77.625, 8.615703013738097e-22, nan 
141.625, 77.625, 8.480047248617963e-22, nan 
141.875, 77.625, 8.546046607151469e-22, nan 
142.125, 77.625, 8.045620805583475e-22, nan 
142.375, 77.625, 6.147320258312453e-22, nan 
142.625, 77.625, 1.0168790413295693e-21, nan 
142.875, 77.625, 8.123640435454824e-22, nan 
143.125, 77.625, 7.059128351582125e-22, nan 
143.375, 77.625, 8.340956943211706e-22, nan 
143.625, 77.625, 5.104450940320599e-22, nan 
143.875, 77.625, 5.33434024944592e-22, nan 
144.125, 77.625, 1.9029785321367155e-22, nan 
144.375, 77.625, 2.6086232816631743e-22, nan 
144.625, 77.625, 7.042631880945066e-22, nan 
144.875, 77.625, 9.842458822438731e-22, nan 
145.125, 77.625, 1.025319969323169e-21, nan 
145.375, 77.625, 3.8450276756567036e-22, nan 
145.625, 77.625, 7.832866792509032e-22, nan 
145.875, 77.625, 1.3721496621959927e-21, nan 
146.125, 77.625, 1.3203197923207587e-21, nan 
146.375, 77.625, 1.5177542220694173e-21, nan 
146.625, 77.625, 1.1545277469110003e-21, nan 
146.875, 77.625, 9.43067286111969e-22, nan 
147.125, 77.625, 8.622089967017784e-22, nan 
147.375, 77.625, 7.908917766812092e-22, nan 
147.625, 77.625, 1.2333120207000358e-21, nan 
147.875, 77.625, 1.1943662667225252e-21, nan 
148.125, 77.625, 9.707846086003534e-22, nan 
148.375, 77.625, 1.1447692435927607e-21, nan 
148.625, 77.625, 1.361730788886082e-21, nan 
148.875, 77.625, 1.6611338384350511e-21, nan 
149.125, 77.625, 2.127110929548453e-21, nan 
149.375, 77.625, 1.6104800994862786e-21, nan 
149.625, 77.625, 2.2425210326723412e-21, nan 
149.875, 77.625, 3.003584444759072e-21, nan 
150.125, 77.625, 3.7538098359603825e-21, nan 
150.375, 77.625, 5.058818259547489e-21, nan 
150.625, 77.625, 5.206425387979411e-21, nan 
150.875, 77.625, 5.2801621655056166e-21, nan 
151.125, 77.625, 3.856904996654242e-21, nan 
151.375, 77.625, 3.1592979544248095e-21, nan 
151.625, 77.625, 3.847922016806576e-21, nan 
151.875, 77.625, 4.090354892871381e-21, nan 
152.125, 77.625, 4.661303902531751e-21, nan 
152.375, 77.625, 3.3872670630761424e-21, nan 
152.625, 77.625, 3.727829580227681e-21, nan 
152.875, 77.625, 3.618079829146422e-21, nan 
153.125, 77.625, 2.7722760545451e-21, nan 
153.375, 77.625, 2.5810538557039565e-21, nan 
153.625, 77.625, 3.742730049765978e-21, nan 
153.875, 77.625, 5.8327601519408986e-21, nan 
154.125, 77.625, 5.136174919680799e-21, nan 
154.375, 77.625, 3.7885351639724625e-21, nan 
154.625, 77.625, 3.1945023151647e-21, nan 
154.875, 77.625, 3.2056639154966086e-21, nan 
155.125, 77.625, 2.0477815939014674e-21, nan 
155.375, 77.625, 3.479390107477331e-21, nan 
155.625, 77.625, 2.5094295940702376e-21, nan 
155.875, 77.625, 2.734686410113696e-21, nan 
156.125, 77.625, 2.4260026135758133e-21, nan 
156.375, 77.625, 1.6736457792504952e-21, nan 
156.625, 77.625, 3.55456883427445e-21, nan 
156.875, 77.625, 3.645012739368509e-21, nan 
157.125, 77.625, 5.1761748458002566e-21, nan 
157.375, 77.625, 3.6311641524752385e-21, nan 
157.625, 77.625, 4.024040777767166e-21, nan 
157.875, 77.625, 5.442460093516235e-21, nan 
158.125, 77.625, 5.4373264368691815e-21, nan 
158.375, 77.625, 1.1277985094096709e-20, nan 
158.625, 77.625, 1.5479701481696964e-20, nan 
158.875, 77.625, 1.3444071343961001e-20, nan 
159.125, 77.625, 1.1314648958521686e-20, nan 
159.375, 77.625, 1.4618734712783854e-20, nan 
159.625, 77.625, 1.7263234640958594e-20, nan 
159.875, 77.625, 1.804992531956975e-20, nan 
160.125, 77.625, 1.1533754177095695e-20, nan 
160.375, 77.625, 7.551093048919815e-21, nan 
160.625, 77.625, 5.36489772946603e-21, nan 
160.875, 77.625, 1.8429167942456133e-20, nan 
161.125, 77.625, 1.4706734054988575e-20, nan 
161.375, 77.625, 1.513792916098824e-20, nan 
161.625, 77.625, 2.698568128282193e-20, nan 
161.875, 77.625, 3.655744666806981e-20, nan 
162.125, 77.625, 2.5552472303334944e-20, nan 
162.375, 77.625, 3.428983386235981e-20, nan 
162.625, 77.625, 2.76958925651777e-20, nan 
162.875, 77.625, 3.2887626224844225e-20, nan 
163.125, 77.625, 4.462390007776446e-20, nan 
163.375, 77.625, 3.8838199896129675e-20, nan 
163.625, 77.625, 4.8616121469372594e-20, nan 
163.875, 77.625, 4.5403487087293585e-20, nan 
164.125, 77.625, 3.0944243814893595e-20, nan 
164.375, 77.625, 5.0731046362714397e-20, nan 
164.625, 77.625, 5.3857346099470385e-20, nan 
164.875, 77.625, 5.917574458107154e-20, nan 
165.125, 77.625, 7.143706371364531e-20, nan 
165.375, 77.625, 7.303337908456455e-20, nan 
165.625, 77.625, 5.573914642850093e-20, nan 
165.875, 77.625, 5.909151671183598e-20, nan 
166.125, 77.625, 6.786453652176087e-20, nan 
166.375, 77.625, 8.201235732884805e-20, nan 
166.625, 77.625, 1.1870513465425973e-19, nan 
166.875, 77.625, 1.355528372472467e-19, nan 
167.125, 77.625, 1.3592250176487942e-19, nan 
167.375, 77.625, 1.1830135893628824e-19, nan 
167.625, 77.625, 1.0827872546000457e-19, nan 
167.875, 77.625, 1.0524772047712433e-19, nan 
168.125, 77.625, 7.044684599774947e-20, nan 
168.375, 77.625, 4.913719791668778e-20, nan 
168.625, 77.625, 5.384281189697462e-20, nan 
168.875, 77.625, 5.559874116203832e-20, nan 
169.125, 77.625, 5.583933606258729e-20, nan 
169.375, 77.625, 3.90451509465915e-20, nan 
169.625, 77.625, 3.7938851585530063e-20, nan 
169.875, 77.625, 3.038652837156881e-20, nan 
170.125, 77.625, 2.920840930731479e-20, nan 
170.375, 77.625, 3.0515761577657424e-20, nan 
170.625, 77.625, 4.9991957569746935e-20, nan 
170.875, 77.625, 8.057912554925212e-20, nan 
171.125, 77.625, 9.205824684062322e-20, nan 
171.375, 77.625, 9.111247837889497e-20, nan 
171.625, 77.625, 8.277167708678439e-20, nan 
171.875, 77.625, 7.78847735437553e-20, nan 
172.125, 77.625, 6.963404134395484e-20, nan 
172.375, 77.625, 7.646107453875172e-20, nan 
172.625, 77.625, 6.836159945213393e-20, nan 
172.875, 77.625, 5.803200099418739e-20, nan 
173.125, 77.625, 4.3016638670536654e-20, nan 
173.375, 77.625, 3.702370471947096e-20, nan 
173.625, 77.625, 1.8495721127991298e-20, nan 
173.875, 77.625, 2.7093384253834663e-20, nan 
174.125, 77.625, 2.784353471707037e-20, nan 
174.375, 77.625, 2.6555878747076832e-20, nan 
174.625, 77.625, 2.5007641813492158e-20, nan 
174.875, 77.625, 1.9442847483818916e-20, nan 
175.125, 77.625, 2.5321336588157153e-20, nan 
175.375, 77.625, 2.6133590815299413e-20, nan 
175.625, 77.625, 1.8542506161330664e-20, nan 
175.875, 77.625, 1.3532542174344842e-20, nan 
176.125, 77.625, 1.2673156181537107e-20, nan 
176.375, 77.625, 1.4232619804865728e-20, nan 
176.625, 77.625, 1.224021219934576e-20, nan 
176.875, 77.625, 9.738525439164008e-21, nan 
177.125, 77.625, 8.55463432263031e-21, nan 
177.375, 77.625, 1.204162652227422e-20, nan 
177.625, 77.625, 9.947322186854627e-21, nan 
177.875, 77.625, 1.056066910840019e-20, nan 
178.125, 77.625, 6.935066000905974e-21, nan 
178.375, 77.625, 3.005093392424854e-21, nan 
178.625, 77.625, 4.121961510424641e-21, nan 
178.875, 77.625, 6.960564025564583e-21, nan 
179.125, 77.625, 5.413112620232775e-21, nan 
179.375, 77.625, 4.553570503598744e-21, nan 
179.625, 77.625, 3.2211641216284507e-21, nan 
179.875, 77.625, 5.57278527507651e-21, nan 
-179.875, 77.875, 5.0783876459837516e-21, nan 
-179.625, 77.875, 5.925439065489303e-21, nan 
-179.375, 77.875, 8.171386125521336e-21, nan 
-179.125, 77.875, 9.722133104162345e-21, nan 
-178.875, 77.875, 1.1045442366930028e-20, nan 
-178.625, 77.875, 1.019074872208064e-20, nan 
-178.375, 77.875, 1.108122295189959e-20, nan 
-178.125, 77.875, 9.407812614304533e-21, nan 
-177.875, 77.875, 5.184892458296637e-21, nan 
-177.625, 77.875, 2.7596415027800043e-21, nan 
-177.375, 77.875, 5.906074011461435e-21, nan 
-177.125, 77.875, 7.293692322793601e-21, nan 
-176.875, 77.875, 1.131176091928069e-20, nan 
-176.625, 77.875, 1.06948068692613e-20, nan 
-176.375, 77.875, 1.1271970523772694e-20, nan 
-176.125, 77.875, 7.63526623931761e-21, nan 
-175.875, 77.875, 6.963591254293913e-21, nan 
-175.625, 77.875, 4.440146392703686e-21, nan 
-175.375, 77.875, 5.9221319308805896e-21, nan 
-175.125, 77.875, 6.861746739755431e-21, nan 
-174.875, 77.875, 4.291714360771422e-21, nan 
-174.625, 77.875, 1.8736846279757207e-21, nan 
-174.375, 77.875, 3.318350140928821e-21, nan 
-174.125, 77.875, 5.306769961620711e-21, nan 
-173.875, 77.875, 6.018803997775873e-21, nan 
-173.625, 77.875, 6.282626224929949e-21, nan 
-173.375, 77.875, 5.770771568379793e-21, nan 
-173.125, 77.875, 7.851555083699715e-21, nan 
-172.875, 77.875, 1.0388516206482528e-20, nan 
-172.625, 77.875, 5.108427582987504e-21, nan 
-172.375, 77.875, 5.956953323990717e-21, nan 
-172.125, 77.875, 3.364828593110935e-21, nan 
-171.875, 77.875, 6.041312409490179e-21, nan 
-171.625, 77.875, 1.1452745534977083e-20, nan 
-171.375, 77.875, 8.816398479851573e-21, nan 
-171.125, 77.875, 9.976202025283224e-21, nan 
-170.875, 77.875, 4.187666642599381e-21, nan 
-170.625, 77.875, 9.341983863122444e-21, nan 
-170.375, 77.875, 1.1510952553089257e-20, nan 
-170.125, 77.875, 9.35158222266404e-21, nan 
-169.875, 77.875, 1.0603271926528321e-20, nan 
-169.625, 77.875, 5.971577266691299e-21, nan 
-169.375, 77.875, 7.456713250326123e-21, nan 
-169.125, 77.875, 8.621379717961295e-21, nan 
-168.875, 77.875, 5.0936381442495895e-21, nan 
-168.625, 77.875, 5.48027604927751e-21, nan 
-168.375, 77.875, 6.003373658520954e-21, nan 
-168.125, 77.875, 6.947560301500822e-21, nan 
-167.875, 77.875, 9.379309602173189e-21, nan 
-167.625, 77.875, 8.482226173886997e-21, nan 
-167.375, 77.875, 6.219323593486664e-21, nan 
-167.125, 77.875, 4.415120608273624e-21, nan 
-166.875, 77.875, 6.112756723643232e-21, nan 
-166.625, 77.875, 8.025766905910544e-21, nan 
-166.375, 77.875, 7.757770073213487e-21, nan 
-166.125, 77.875, 6.046074599435373e-21, nan 
-165.875, 77.875, 5.956256881335629e-21, nan 
-165.625, 77.875, 3.0141873651967137e-21, nan 
-165.375, 77.875, 2.928496749995802e-21, nan 
-165.125, 77.875, 2.244880078245738e-21, nan 
-164.875, 77.875, 1.7327392106279623e-21, nan 
-164.625, 77.875, 1.6452075390937058e-21, nan 
-164.375, 77.875, 1.849084755110649e-21, nan 
-164.125, 77.875, 1.623755899947154e-21, nan 
-163.875, 77.875, 1.6675653400772313e-21, nan 
-163.625, 77.875, 1.4754485611611135e-21, nan 
-163.375, 77.875, 1.3966206602856655e-21, nan 
-163.125, 77.875, 1.3874860814137302e-21, nan 
-162.875, 77.875, 1.2155262778281307e-21, nan 
-162.625, 77.875, 7.389403694290091e-22, nan 
-162.375, 77.875, 9.576544235554288e-22, nan 
-162.125, 77.875, 1.2235387729945311e-21, nan 
-161.875, 77.875, 1.4573444551770464e-21, nan 
-161.625, 77.875, 1.3101165142497172e-21, nan 
-161.375, 77.875, 1.4693496180698498e-21, nan 
-161.125, 77.875, 8.171399362410322e-22, nan 
-160.875, 77.875, 8.249049539198326e-22, nan 
-160.625, 77.875, 8.803488147113007e-22, nan 
-160.375, 77.875, 1.0024147667230024e-21, nan 
-160.125, 77.875, 1.332113425399591e-21, nan 
-159.875, 77.875, 1.245331099958537e-21, nan 
-159.625, 77.875, 1.2057650053179195e-21, nan 
-159.375, 77.875, 7.053516480772058e-22, nan 
-159.125, 77.875, 3.304669879728555e-22, nan 
-158.875, 77.875, 6.200792450556252e-22, nan 
-158.625, 77.875, 5.948484229779063e-22, nan 
-158.375, 77.875, 5.746929139840876e-22, nan 
-158.125, 77.875, 4.637030468694433e-22, nan 
-157.875, 77.875, 5.252862567854123e-22, nan 
-157.625, 77.875, 3.562951365279145e-22, nan 
-157.375, 77.875, 3.574988644193916e-22, nan 
-157.125, 77.875, 3.324276667601118e-22, nan 
-156.875, 77.875, 3.5973198427988573e-22, nan 
-156.625, 77.875, 4.48551188319697e-22, nan 
-156.375, 77.875, 4.393027584212388e-22, nan 
-156.125, 77.875, 6.409346431243771e-22, nan 
-155.875, 77.875, 7.797336877380732e-22, nan 
-155.625, 77.875, 7.717386129173075e-22, nan 
-155.375, 77.875, 7.161454995260248e-22, nan 
-155.125, 77.875, 5.754290622086176e-22, nan 
-154.875, 77.875, 6.742340443714531e-22, nan 
-154.625, 77.875, 8.9366027195178e-22, nan 
-154.375, 77.875, 7.432138062097824e-22, nan 
-154.125, 77.875, 8.00402281009946e-22, nan 
-153.875, 77.875, 5.891639295937897e-22, nan 
-153.625, 77.875, 2.638439266408049e-22, nan 
-153.375, 77.875, 3.108696242686145e-22, nan 
-153.125, 77.875, 3.759260324455777e-22, nan 
-152.875, 77.875, 3.471514914026714e-22, nan 
-152.625, 77.875, 2.958629399565933e-22, nan 
-152.375, 77.875, 1.3673390590815088e-22, nan 
-152.125, 77.875, 1.6772274292018095e-22, nan 
-151.875, 77.875, 2.29401013314991e-22, nan 
-151.625, 77.875, 2.7748831708839683e-22, nan 
-151.375, 77.875, 3.4444439282892135e-22, nan 
-151.125, 77.875, 4.9216937533980105e-22, nan 
-150.875, 77.875, 5.466118047232213e-22, nan 
-150.625, 77.875, 4.09198998155442e-22, nan 
-150.375, 77.875, 3.755743869796571e-22, nan 
-150.125, 77.875, 3.1403236159881963e-22, nan 
-149.875, 77.875, 3.48806996583063e-22, nan 
-149.625, 77.875, 5.511624918099497e-22, nan 
-149.375, 77.875, 4.485819991587689e-22, nan 
-149.125, 77.875, 4.798933055722772e-22, nan 
-148.875, 77.875, 8.45314168938191e-22, nan 
-148.625, 77.875, 5.791207948030845e-22, nan 
-148.375, 77.875, 8.644401159646235e-22, nan 
-148.125, 77.875, 8.115559284199624e-22, nan 
-147.875, 77.875, 9.479143780601925e-22, nan 
-147.625, 77.875, 1.0638501948190853e-21, nan 
-147.375, 77.875, 8.902803960138144e-22, nan 
-147.125, 77.875, 7.341776514229604e-22, nan 
-146.875, 77.875, 7.151141203835407e-22, nan 
-146.625, 77.875, 8.466807766137816e-22, nan 
-146.375, 77.875, 6.605488512698166e-22, nan 
-146.125, 77.875, 6.086529981881637e-22, nan 
-145.875, 77.875, 8.205145468297969e-22, nan 
-145.625, 77.875, 6.973582280754281e-22, nan 
-145.375, 77.875, 6.665443128642447e-22, nan 
-145.125, 77.875, 7.654179742640406e-22, nan 
-144.875, 77.875, 6.214170285211668e-22, nan 
-144.625, 77.875, 8.021080116964981e-22, nan 
-144.375, 77.875, 1.1260809391808011e-21, nan 
-144.125, 77.875, 1.1281655543241295e-21, nan 
-143.875, 77.875, 8.461919443526391e-22, nan 
-143.625, 77.875, 7.636276732451846e-22, nan 
-143.375, 77.875, 9.661935412782595e-22, nan 
-143.125, 77.875, 1.164180034407847e-21, nan 
-142.875, 77.875, 9.483412850972802e-22, nan 
-142.625, 77.875, 7.599066073109713e-22, nan 
-142.375, 77.875, 6.067473428492395e-22, nan 
-142.125, 77.875, 3.1401919636813353e-22, nan 
-141.875, 77.875, 1.8682114086659487e-22, nan 
-141.625, 77.875, 1.1613381451426868e-22, nan 
-141.375, 77.875, 2.297474818214766e-22, nan 
-141.125, 77.875, 2.7209760324740125e-22, nan 
-140.875, 77.875, 4.506986922275421e-22, nan 
-140.625, 77.875, 3.761638334934914e-22, nan 
-140.375, 77.875, 2.7661722173396314e-22, nan 
-140.125, 77.875, 2.974637892881499e-22, nan 
-139.875, 77.875, 2.49597882336836e-22, nan 
-139.625, 77.875, 3.8476570351491697e-22, nan 
-139.375, 77.875, 3.2851500173971955e-22, nan 
-139.125, 77.875, 3.9304509790341073e-22, nan 
-138.875, 77.875, 3.3312328970647587e-22, nan 
-138.625, 77.875, 1.5361025246877556e-22, nan 
-138.375, 77.875, 7.777477021164748e-23, nan 
-138.125, 77.875, 3.8963259742896995e-22, nan 
-137.875, 77.875, 7.970857890053522e-22, nan 
-137.625, 77.875, 5.769709895124823e-22, nan 
-137.375, 77.875, 5.245723695915732e-22, nan 
-137.125, 77.875, 3.579182233821005e-22, nan 
-136.875, 77.875, 3.2827466715314987e-22, nan 
-136.625, 77.875, 4.315137843679416e-22, nan 
-136.375, 77.875, 2.4393331580575606e-22, nan 
-136.125, 77.875, 6.149822853205216e-22, nan 
-135.875, 77.875, 5.513328472797614e-22, nan 
-135.625, 77.875, 4.42875156868629e-22, nan 
-135.375, 77.875, 6.348475156340162e-22, nan 
-135.125, 77.875, 4.916360183257662e-22, nan 
-134.875, 77.875, 6.11631013831938e-22, nan 
-134.625, 77.875, 8.59074911937898e-22, nan 
-134.375, 77.875, 6.385301727913677e-22, nan 
-134.125, 77.875, 1.0481376155553675e-21, nan 
-133.875, 77.875, 4.7712543854052135e-22, nan 
-133.625, 77.875, 4.681156225281992e-22, nan 
-133.375, 77.875, 4.970964494396512e-22, nan 
-133.125, 77.875, 4.323394655838325e-22, nan 
-132.875, 77.875, 4.865594570525551e-22, nan 
-132.625, 77.875, 6.380215878328298e-22, nan 
-132.375, 77.875, 7.570753610487266e-22, nan 
-132.125, 77.875, 6.322172800720424e-22, nan 
-131.875, 77.875, 3.8964307194827455e-22, nan 
-131.625, 77.875, 4.727337022066785e-22, nan 
-131.375, 77.875, 5.738888640677417e-22, nan 
-131.125, 77.875, 5.681189260752344e-22, nan 
-130.875, 77.875, 4.2020857500886797e-22, nan 
-130.625, 77.875, 3.001135048133295e-22, nan 
-130.375, 77.875, 3.6494163961732437e-22, nan 
-130.125, 77.875, 3.5669784975381505e-22, nan 
-129.875, 77.875, 3.730885607671089e-22, nan 
-129.625, 77.875, 2.0168381442754723e-22, nan 
-129.375, 77.875, 1.2386704918434152e-22, nan 
-129.125, 77.875, 8.949825755820431e-23, nan 
-128.875, 77.875, 2.0718609601050587e-22, nan 
-128.625, 77.875, 2.0089435455099166e-22, nan 
-128.375, 77.875, 2.0126411740303688e-22, nan 
-128.125, 77.875, 3.7072444375073123e-22, nan 
-127.875, 77.875, 3.661673795895947e-22, nan 
-127.625, 77.875, 3.5901455697349956e-22, nan 
-127.375, 77.875, 4.643306656218617e-22, nan 
-127.125, 77.875, 3.4158174045101077e-22, nan 
-126.875, 77.875, 1.3654120237421463e-22, nan 
-126.625, 77.875, 2.4977331218791633e-22, nan 
-126.375, 77.875, 5.145799070345098e-22, nan 
-126.125, 77.875, 8.731615163371276e-22, nan 
-125.875, 77.875, 6.973597399893517e-22, nan 
-125.625, 77.875, 4.500340727813849e-22, nan 
-125.375, 77.875, 3.770310332455687e-22, nan 
-125.125, 77.875, 7.388143257717525e-22, nan 
-124.875, 77.875, 1.1255061492395111e-21, nan 
-124.625, 77.875, 7.7638045564558455e-22, nan 
-124.375, 77.875, 6.390985758728652e-22, nan 
-124.125, 77.875, 4.955841563104727e-22, nan 
-123.875, 77.875, 3.6825859109381654e-22, nan 
-123.625, 77.875, 3.059381994930273e-22, nan 
-123.375, 77.875, 1.2206041290132308e-22, nan 
-123.125, 77.875, 1.92675070124222e-22, nan 
-122.875, 77.875, 2.235430332792043e-22, nan 
-122.625, 77.875, 2.0393340137843485e-22, nan 
-122.375, 77.875, 1.8204218918268058e-22, nan 
-122.125, 77.875, 2.2962835618051434e-22, nan 
-121.875, 77.875, 3.030028627965286e-22, nan 
-121.625, 77.875, 1.7768453679971604e-22, nan 
-121.375, 77.875, 1.3180021309767207e-22, nan 
-121.125, 77.875, 1.099597709020935e-22, nan 
-120.875, 77.875, 1.5984517927108066e-22, nan 
-120.625, 77.875, 1.388776696173069e-22, nan 
-120.375, 77.875, 8.904403492682566e-23, nan 
-120.125, 77.875, 3.4319629534950146e-22, nan 
-119.875, 77.875, 4.018715791143813e-22, nan 
-119.625, 77.875, 3.555848392872419e-22, nan 
-119.375, 77.875, 8.428176772949864e-23, nan 
-119.125, 77.875, 8.32148212906599e-23, nan 
-118.875, 77.875, 6.173888130219924e-23, nan 
-118.625, 77.875, 8.062121989829646e-23, nan 
-118.375, 77.875, 7.636529464881862e-23, nan 
-118.125, 77.875, 7.698059305528081e-23, nan 
-117.875, 77.875, 6.286069092778982e-23, nan 
-117.625, 77.875, 5.518416287878235e-23, nan 
-117.375, 77.875, 6.994127531368771e-23, nan 
-117.125, 77.875, 6.34493608888376e-23, nan 
-116.875, 77.875, 7.5919510558599e-23, nan 
-116.625, 77.875, 5.705465745045742e-23, nan 
-116.375, 77.875, 4.755877255716976e-23, nan 
-116.125, 77.875, 5.2933562037578535e-23, nan 
-115.875, 77.875, 4.585038945860748e-23, nan 
-115.625, 77.875, 4.918447415445437e-23, nan 
-115.375, 77.875, 5.475070920997271e-23, nan 
-115.125, 77.875, 4.989381720884796e-23, nan 
-114.875, 77.875, 7.691332621061548e-23, nan 
-114.625, 77.875, 4.461013494047742e-23, nan 
-114.375, 77.875, 3.2286801399007796e-23, nan 
-114.125, 77.875, 3.2956192526585173e-23, nan 
-113.875, 77.875, 6.555356310099467e-23, nan 
-113.625, 77.875, 7.686164119254524e-23, nan 
-113.375, 77.875, 6.586795027554785e-23, nan 
-113.125, 77.875, 4.675193525737908e-23, nan 
-112.875, 77.875, 5.510212018372025e-23, nan 
-112.625, 77.875, 6.446154364904991e-23, nan 
-112.375, 77.875, 4.4200300442793263e-23, nan 
-112.125, 77.875, 4.353830856819855e-23, nan 
-111.875, 77.875, 2.5089897641924428e-23, nan 
-111.625, 77.875, 3.2554172860376186e-23, nan 
-111.375, 77.875, 2.858931398352255e-23, nan 
-111.125, 77.875, 2.220318116701724e-23, nan 
-110.875, 77.875, 3.149244722824144e-23, nan 
-110.625, 77.875, 3.5247938894846715e-23, nan 
-110.375, 77.875, 4.400611773560997e-23, nan 
-110.125, 77.875, 4.070273771419551e-23, nan 
-109.875, 77.875, 3.997170544875797e-23, nan 
-109.625, 77.875, 4.631348837098333e-23, nan 
-109.375, 77.875, 5.476264886700725e-23, nan 
-109.125, 77.875, 6.277550095458821e-23, nan 
-108.875, 77.875, 5.208008606318639e-23, nan 
-108.625, 77.875, 4.414437017651152e-23, nan 
-108.375, 77.875, 5.141553891846394e-23, nan 
-108.125, 77.875, 4.92393403067546e-23, nan 
-107.875, 77.875, 3.9558471496297055e-23, nan 
-107.625, 77.875, 5.400490450790218e-23, nan 
-107.375, 77.875, 6.081112240321866e-23, nan 
-107.125, 77.875, 4.8101737297897776e-23, nan 
-106.875, 77.875, 4.483761360008084e-23, nan 
-106.625, 77.875, 3.753959741438585e-23, nan 
-106.375, 77.875, 4.09772815354232e-23, nan 
-106.125, 77.875, 4.133825273477212e-23, nan 
-105.875, 77.875, 4.086272105836957e-23, nan 
-105.625, 77.875, 5.671544994494534e-23, nan 
-105.375, 77.875, 6.245827926899256e-23, nan 
-105.125, 77.875, 6.152352386181315e-23, nan 
-104.875, 77.875, 3.8921221516860924e-23, nan 
-104.625, 77.875, 3.557411020806533e-23, nan 
-104.375, 77.875, 4.946891677212769e-23, nan 
-104.125, 77.875, 5.084506189752183e-23, nan 
-103.875, 77.875, 4.871656462259278e-23, nan 
-103.625, 77.875, 4.559504648029461e-23, nan 
-103.375, 77.875, 2.978090211491981e-23, nan 
-103.125, 77.875, 2.790038109102233e-23, nan 
-102.875, 77.875, 2.5281310302764037e-23, nan 
-102.625, 77.875, 2.587695263230141e-23, nan 
-102.375, 77.875, 2.5855719529465777e-23, nan 
-102.125, 77.875, 2.550114005610319e-23, nan 
-101.875, 77.875, 3.121456687160335e-23, nan 
-101.625, 77.875, 2.3575953981136017e-23, nan 
-101.375, 77.875, 2.0300364245539676e-23, nan 
-101.125, 77.875, 1.3557292338347656e-23, nan 
-100.875, 77.875, 1.667193714495021e-23, nan 
-100.625, 77.875, 2.3160169525292016e-23, nan 
72.625, 77.875, 1.985760730188809e-23, nan 
72.875, 77.875, 1.250236838611083e-23, nan 
73.125, 77.875, 1.0248040462268138e-23, nan 
73.375, 77.875, 9.00534176559992e-24, nan 
73.625, 77.875, 6.548683173784782e-24, nan 
73.875, 77.875, 8.810756421856657e-24, nan 
74.125, 77.875, 5.56504581084605e-24, nan 
74.375, 77.875, 6.943767081262218e-24, nan 
74.625, 77.875, 5.873161417722696e-24, nan 
74.875, 77.875, 5.448830428204824e-24, nan 
75.125, 77.875, 1.0472448748341175e-23, nan 
75.375, 77.875, 1.0692888196716785e-23, nan 
75.625, 77.875, 1.605330179523611e-23, nan 
75.875, 77.875, 2.2049118681852748e-23, nan 
76.125, 77.875, 1.8886185359699746e-23, nan 
76.375, 77.875, 1.4463228052936713e-23, nan 
76.625, 77.875, 1.9250794577154817e-23, nan 
76.875, 77.875, 2.137434338746619e-23, nan 
77.125, 77.875, 2.3421932269810792e-23, nan 
77.375, 77.875, 2.5645869125052362e-23, nan 
77.625, 77.875, 2.0236513702118446e-23, nan 
77.875, 77.875, 3.662554574157827e-23, nan 
78.125, 77.875, 2.632914302257141e-23, nan 
78.375, 77.875, 1.8685521033107975e-23, nan 
78.625, 77.875, 2.3126339578299025e-23, nan 
78.875, 77.875, 1.8783130550662715e-23, nan 
79.125, 77.875, 2.5501453680630648e-23, nan 
79.375, 77.875, 2.1922698002845055e-23, nan 
79.625, 77.875, 1.6576506575255826e-23, nan 
79.875, 77.875, 1.999970921293849e-23, nan 
80.125, 77.875, 1.8547748399594295e-23, nan 
80.375, 77.875, 2.112336317961811e-23, nan 
80.625, 77.875, 3.4279731661720216e-23, nan 
80.875, 77.875, 2.4658149069427303e-23, nan 
81.125, 77.875, 2.638073764463838e-23, nan 
81.375, 77.875, 3.2476392984880693e-23, nan 
81.625, 77.875, 2.914448355001214e-23, nan 
81.875, 77.875, 5.223400491007061e-23, nan 
82.125, 77.875, 3.471939213799783e-23, nan 
82.375, 77.875, 3.475420983151758e-23, nan 
82.625, 77.875, 4.808893989678273e-23, nan 
82.875, 77.875, 3.8435041361411176e-23, nan 
83.125, 77.875, 4.194873560753173e-23, nan 
83.375, 77.875, 1.929455085182266e-23, nan 
83.625, 77.875, 2.3360116580318315e-23, nan 
83.875, 77.875, 3.4305761034354055e-23, nan 
84.125, 77.875, 1.834919134767436e-23, nan 
84.375, 77.875, 2.255204685858783e-23, nan 
84.625, 77.875, 1.931104963542782e-23, nan 
84.875, 77.875, 1.8807934878914452e-23, nan 
85.125, 77.875, 2.8450625401694776e-23, nan 
85.375, 77.875, 1.80052566598741e-23, nan 
85.625, 77.875, 1.6230637898881252e-23, nan 
85.875, 77.875, 2.095062186401595e-23, nan 
86.125, 77.875, 2.0929741150273436e-23, nan 
86.375, 77.875, 2.531204076211941e-23, nan 
86.625, 77.875, 2.388463329689322e-23, nan 
86.875, 77.875, 2.703179924072082e-23, nan 
87.125, 77.875, 2.164465365630838e-23, nan 
87.375, 77.875, 8.169221846192322e-23, nan 
87.625, 77.875, 8.743482170950073e-23, nan 
87.875, 77.875, 6.166660873483965e-23, nan 
88.125, 77.875, 4.471283533466682e-23, nan 
88.375, 77.875, 3.615182855468767e-23, nan 
88.625, 77.875, 5.576080011575697e-23, nan 
88.875, 77.875, 8.299461259077184e-23, nan 
89.125, 77.875, 6.988277592055211e-23, nan 
89.375, 77.875, 5.719520397557701e-23, nan 
89.625, 77.875, 3.554829094792819e-23, nan 
89.875, 77.875, 2.5258309688176163e-23, nan 
90.125, 77.875, 1.9366313244483166e-23, nan 
90.375, 77.875, 1.8769226549613518e-23, nan 
90.625, 77.875, 1.3463262462101227e-23, nan 
90.875, 77.875, 1.52321959431058e-23, nan 
91.125, 77.875, 2.037030026022688e-23, nan 
91.375, 77.875, 1.5357466484453618e-23, nan 
91.625, 77.875, 2.2083761041674055e-23, nan 
91.875, 77.875, 1.7728612937078583e-23, nan 
92.125, 77.875, 2.45014324381732e-23, nan 
92.375, 77.875, 4.4864575600656805e-23, nan 
92.625, 77.875, 5.950150085030985e-23, nan 
92.875, 77.875, 7.743342446278542e-23, nan 
93.125, 77.875, 7.594632215102528e-23, nan 
93.375, 77.875, 7.789514049265507e-23, nan 
93.625, 77.875, 7.598782455589272e-23, nan 
93.875, 77.875, 7.50554693451178e-23, nan 
94.125, 77.875, 8.253451277732572e-23, nan 
94.375, 77.875, 7.690693632655006e-23, nan 
94.625, 77.875, 7.189308917881206e-23, nan 
94.875, 77.875, 4.073354531706254e-23, nan 
95.125, 77.875, 3.7347892813847365e-23, nan 
95.375, 77.875, 2.4513196081185467e-23, nan 
95.625, 77.875, 2.182390342960423e-23, nan 
95.875, 77.875, 3.426948213693796e-23, nan 
96.125, 77.875, 5.210123004279494e-23, nan 
96.375, 77.875, 3.756014605870529e-23, nan 
96.625, 77.875, 4.4898264263403333e-23, nan 
96.875, 77.875, 5.449647623999915e-23, nan 
97.125, 77.875, 6.636433725414813e-23, nan 
97.375, 77.875, 8.628237434754245e-23, nan 
97.625, 77.875, 9.187146510225779e-23, nan 
97.875, 77.875, 8.64894941077521e-23, nan 
98.125, 77.875, 7.608709463603653e-23, nan 
98.375, 77.875, 6.198935930308542e-23, nan 
98.625, 77.875, 5.455660063457389e-23, nan 
98.875, 77.875, 6.964235475578104e-23, nan 
99.125, 77.875, 6.961982389744591e-23, nan 
99.375, 77.875, 4.673007879833639e-23, nan 
99.625, 77.875, 4.850888129568948e-23, nan 
99.875, 77.875, 3.809908004681605e-23, nan 
100.125, 77.875, 3.9657280833075255e-23, nan 
100.375, 77.875, 4.621188791016792e-23, nan 
100.625, 77.875, 5.047794677709934e-23, nan 
100.875, 77.875, 8.957057945158372e-23, nan 
101.125, 77.875, 9.248334585835311e-23, nan 
101.375, 77.875, 8.643688774338758e-23, nan 
101.625, 77.875, 7.397521740588319e-23, nan 
101.875, 77.875, 7.704012585625638e-23, nan 
102.125, 77.875, 5.979924572713246e-23, nan 
102.375, 77.875, 3.389041235056162e-23, nan 
102.625, 77.875, 3.059655764561976e-23, nan 
102.875, 77.875, 4.1024961083549623e-23, nan 
103.125, 77.875, 4.09008303877743e-23, nan 
103.375, 77.875, 3.975825461139223e-23, nan 
103.625, 77.875, 2.8519918313855195e-23, nan 
103.875, 77.875, 3.0444739916795865e-23, nan 
104.125, 77.875, 3.4189759766103134e-23, nan 
104.375, 77.875, 3.756293782255601e-23, nan 
104.625, 77.875, 5.478938147137848e-23, nan 
104.875, 77.875, 6.777484127501981e-23, nan 
105.125, 77.875, 7.01079384521476e-23, nan 
105.375, 77.875, 6.9214144130017e-23, nan 
105.625, 77.875, 5.965000508202115e-23, nan 
105.875, 77.875, 5.866332817610357e-23, nan 
106.125, 77.875, 8.578325779084017e-23, nan 
106.375, 77.875, 7.115433373250269e-23, nan 
106.625, 77.875, 1.1321797278931925e-22, nan 
106.875, 77.875, 6.428212757511192e-23, nan 
107.125, 77.875, 2.9688530725347596e-23, nan 
107.375, 77.875, 3.8934226463113564e-23, nan 
107.625, 77.875, 4.6032792380871035e-23, nan 
107.875, 77.875, 4.916007496309568e-23, nan 
108.125, 77.875, 5.931021873600406e-23, nan 
108.375, 77.875, 5.722344676900358e-23, nan 
108.625, 77.875, 8.082857214281329e-23, nan 
108.875, 77.875, 1.4086160594635988e-22, nan 
109.125, 77.875, 5.51411085657643e-23, nan 
109.375, 77.875, 7.373016636651629e-23, nan 
109.625, 77.875, 7.333884679854398e-23, nan 
109.875, 77.875, 1.0114856507388078e-22, nan 
110.125, 77.875, 1.3967582351936354e-22, nan 
110.375, 77.875, 1.1651471188883996e-22, nan 
110.625, 77.875, 1.1992914500945633e-22, nan 
110.875, 77.875, 1.4368201428453428e-22, nan 
111.125, 77.875, 1.2188544904969902e-22, nan 
111.375, 77.875, 3.1051672262432883e-22, nan 
111.625, 77.875, 2.7737747679713664e-22, nan 
111.875, 77.875, 2.0371897281645618e-22, nan 
112.125, 77.875, 1.5515644806909768e-22, nan 
112.375, 77.875, 1.6296321646981726e-22, nan 
112.625, 77.875, 1.6565069133510018e-22, nan 
112.875, 77.875, 1.0207679984160655e-22, nan 
113.125, 77.875, 8.07753428988131e-23, nan 
113.375, 77.875, 1.0419475980196214e-22, nan 
113.625, 77.875, 1.171474422393144e-22, nan 
113.875, 77.875, 9.937031623121369e-23, nan 
114.125, 77.875, 9.848719334770093e-23, nan 
114.375, 77.875, 1.366989790680141e-22, nan 
114.625, 77.875, 8.987810663616079e-23, nan 
114.875, 77.875, 1.4910241195942334e-22, nan 
115.125, 77.875, 1.2504893243290134e-22, nan 
115.375, 77.875, 1.4168232954691165e-22, nan 
115.625, 77.875, 1.7786377997030383e-22, nan 
115.875, 77.875, 2.0654542722221036e-22, nan 
116.125, 77.875, 1.3136836679756697e-22, nan 
116.375, 77.875, 1.750360250155595e-22, nan 
116.625, 77.875, 1.524929121565416e-22, nan 
116.875, 77.875, 1.809095473297408e-22, nan 
117.125, 77.875, 2.09217695693383e-22, nan 
117.375, 77.875, 3.953164077938686e-22, nan 
117.625, 77.875, 5.072391467346676e-22, nan 
117.875, 77.875, 5.708935109269615e-22, nan 
118.125, 77.875, 7.533765164793683e-22, nan 
118.375, 77.875, 4.5762668321873935e-22, nan 
118.625, 77.875, 6.169668389205124e-22, nan 
118.875, 77.875, 6.668980668662473e-22, nan 
119.125, 77.875, 6.945892516416807e-22, nan 
119.375, 77.875, 5.949147418322719e-22, nan 
119.625, 77.875, 3.3243790570685225e-22, nan 
119.875, 77.875, 2.7564651299406243e-22, nan 
120.125, 77.875, 3.9757993275598852e-22, nan 
120.375, 77.875, 5.03739299211973e-22, nan 
120.625, 77.875, 3.205173501366908e-22, nan 
120.875, 77.875, 2.0457498990556702e-22, nan 
121.125, 77.875, 1.619942356647599e-22, nan 
121.375, 77.875, 2.568453654526681e-22, nan 
121.625, 77.875, 3.0330750972820623e-22, nan 
121.875, 77.875, 2.0895626210461738e-22, nan 
122.125, 77.875, 1.756209357292267e-22, nan 
122.375, 77.875, 1.6535518786175128e-22, nan 
122.625, 77.875, 2.098037608761383e-22, nan 
122.875, 77.875, 2.7331322064029466e-22, nan 
123.125, 77.875, 3.220302926303275e-22, nan 
123.375, 77.875, 4.61165192906163e-22, nan 
123.625, 77.875, 4.574398534117009e-22, nan 
123.875, 77.875, 4.792464788566881e-22, nan 
124.125, 77.875, 5.186202697284319e-22, nan 
124.375, 77.875, 5.0201587449735995e-22, nan 
124.625, 77.875, 4.048310792019376e-22, nan 
124.875, 77.875, 3.654611358462964e-22, nan 
125.125, 77.875, 3.1459141291158474e-22, nan 
125.375, 77.875, 2.784305598438438e-22, nan 
125.625, 77.875, 2.063485250337716e-22, nan 
125.875, 77.875, 2.7533296895397e-22, nan 
126.125, 77.875, 1.2008566526743627e-22, nan 
126.375, 77.875, 2.0313023517048145e-22, nan 
126.625, 77.875, 2.750800251897296e-22, nan 
126.875, 77.875, 3.53701276707072e-22, nan 
127.125, 77.875, 2.188068411739079e-22, nan 
127.375, 77.875, 2.0501883823139467e-22, nan 
127.625, 77.875, 2.70525925515313e-22, nan 
127.875, 77.875, 2.0639009784590372e-22, nan 
128.125, 77.875, 2.135717358677264e-22, nan 
128.375, 77.875, 2.776429760381912e-22, nan 
128.625, 77.875, 2.7560273933775986e-22, nan 
128.875, 77.875, 2.792540881649925e-22, nan 
129.125, 77.875, 3.606512939021187e-22, nan 
129.375, 77.875, 3.293802176177967e-22, nan 
129.625, 77.875, 3.7034051674520624e-22, nan 
129.875, 77.875, 3.4453116478734515e-22, nan 
130.125, 77.875, 3.3736135491948935e-22, nan 
130.375, 77.875, 3.3808610713724297e-22, nan 
130.625, 77.875, 5.2776418805906075e-22, nan 
130.875, 77.875, 4.036254725737569e-22, nan 
131.125, 77.875, 6.087404804236886e-22, nan 
131.375, 77.875, 6.312352127525018e-22, nan 
131.625, 77.875, 5.85455615221305e-22, nan 
131.875, 77.875, 7.171071082392024e-22, nan 
132.125, 77.875, 5.767999197615007e-22, nan 
132.375, 77.875, 8.287097980783343e-22, nan 
132.625, 77.875, 8.59107557299158e-22, nan 
132.875, 77.875, 8.311003288921864e-22, nan 
133.125, 77.875, 7.686907222265055e-22, nan 
133.375, 77.875, 9.715412201464873e-22, nan 
133.625, 77.875, 7.894642191811496e-22, nan 
133.875, 77.875, 9.150150607124735e-22, nan 
134.125, 77.875, 7.295306571717422e-22, nan 
134.375, 77.875, 7.857976185205052e-22, nan 
134.625, 77.875, 7.59656163635999e-22, nan 
134.875, 77.875, 6.774909081941406e-22, nan 
135.125, 77.875, 6.717739950119054e-22, nan 
135.375, 77.875, 5.3893619910310255e-22, nan 
135.625, 77.875, 5.894688714965567e-22, nan 
135.875, 77.875, 4.914437923192988e-22, nan 
136.125, 77.875, 4.964287620078649e-22, nan 
136.375, 77.875, 5.0101802615018445e-22, nan 
136.625, 77.875, 5.291576882663223e-22, nan 
136.875, 77.875, 4.2129732549316246e-22, nan 
137.125, 77.875, 3.3395421524558126e-22, nan 
137.375, 77.875, 4.370526353564293e-22, nan 
137.625, 77.875, 4.705201686119061e-22, nan 
137.875, 77.875, 4.885410466762608e-22, nan 
138.125, 77.875, 5.211317470317539e-22, nan 
138.375, 77.875, 4.420791865716418e-22, nan 
138.625, 77.875, 5.076234280487242e-22, nan 
138.875, 77.875, 4.939051327495392e-22, nan 
139.125, 77.875, 5.668850898455428e-22, nan 
139.375, 77.875, 6.587730888887016e-22, nan 
139.625, 77.875, 6.720550156251377e-22, nan 
139.875, 77.875, 6.89365779238238e-22, nan 
140.125, 77.875, 6.173028239998498e-22, nan 
140.375, 77.875, 6.24810217325266e-22, nan 
140.625, 77.875, 8.201555565196246e-22, nan 
140.875, 77.875, 6.508716522700158e-22, nan 
141.125, 77.875, 5.557390750037373e-22, nan 
141.375, 77.875, 6.205754354801893e-22, nan 
141.625, 77.875, 6.146472645945703e-22, nan 
141.875, 77.875, 5.373986139784159e-22, nan 
142.125, 77.875, 4.453778561598918e-22, nan 
142.375, 77.875, 3.92205527927908e-22, nan 
142.625, 77.875, 4.700133922066785e-22, nan 
142.875, 77.875, 4.8533548173700515e-22, nan 
143.125, 77.875, 5.021192437423125e-22, nan 
143.375, 77.875, 6.414574019721776e-22, nan 
143.625, 77.875, 7.684114667211555e-22, nan 
143.875, 77.875, 5.993171433921172e-22, nan 
144.125, 77.875, 3.5936084915320817e-22, nan 
144.375, 77.875, 9.196268118848675e-22, nan 
144.625, 77.875, 2.2229057989142216e-21, nan 
144.875, 77.875, 2.5289033171450287e-21, nan 
145.125, 77.875, 2.5948085596960724e-21, nan 
145.375, 77.875, 1.1274499456774204e-21, nan 
145.625, 77.875, 1.2563846485828199e-21, nan 
145.875, 77.875, 2.4947578164297164e-21, nan 
146.125, 77.875, 2.6053652210261607e-21, nan 
146.375, 77.875, 2.5447258883235357e-21, nan 
146.625, 77.875, 1.302713908961212e-21, nan 
146.875, 77.875, 6.702744923904825e-22, nan 
147.125, 77.875, 5.618327761016493e-22, nan 
147.375, 77.875, 4.205658187931162e-22, nan 
147.625, 77.875, 2.7125340601610746e-22, nan 
147.875, 77.875, 9.48630677945203e-22, nan 
148.125, 77.875, 7.944553153176754e-22, nan 
148.375, 77.875, 5.797131201220615e-22, nan 
148.625, 77.875, 2.0559304103563302e-22, nan 
148.875, 77.875, 2.3077751604202657e-22, nan 
149.125, 77.875, 9.69332434937081e-22, nan 
149.375, 77.875, 1.1730832428642128e-21, nan 
149.625, 77.875, 1.4438907863918061e-21, nan 
149.875, 77.875, 2.1970276308117278e-21, nan 
150.125, 77.875, 2.7501631834425352e-21, nan 
150.375, 77.875, 3.3126170240476615e-21, nan 
150.625, 77.875, 3.410109325280551e-21, nan 
150.875, 77.875, 3.2053546581394438e-21, nan 
151.125, 77.875, 2.9713039968342127e-21, nan 
151.375, 77.875, 2.7013738559551413e-21, nan 
151.625, 77.875, 1.9238044279368224e-21, nan 
151.875, 77.875, 6.221967823592147e-22, nan 
152.125, 77.875, 9.356891096200276e-22, nan 
152.375, 77.875, 9.702120428252351e-22, nan 
152.625, 77.875, 2.048076929006508e-21, nan 
152.875, 77.875, 3.376730775238259e-21, nan 
153.125, 77.875, 4.076797386818355e-21, nan 
153.375, 77.875, 3.425709710265302e-21, nan 
153.625, 77.875, 4.180331369997924e-21, nan 
153.875, 77.875, 4.237126660966171e-21, nan 
154.125, 77.875, 4.884495430771788e-21, nan 
154.375, 77.875, 5.8096037164491016e-21, nan 
154.625, 77.875, 5.796415043759811e-21, nan 
154.875, 77.875, 6.885085263622161e-21, nan 
155.125, 77.875, 6.249469498197846e-21, nan 
155.375, 77.875, 4.629786444881066e-21, nan 
155.625, 77.875, 1.8748043350244394e-21, nan 
155.875, 77.875, 2.781017356895417e-21, nan 
156.125, 77.875, 3.4867834056087965e-21, nan 
156.375, 77.875, 2.3636231869025608e-21, nan 
156.625, 77.875, 2.805599761189259e-21, nan 
156.875, 77.875, 1.89860362496849e-21, nan 
157.125, 77.875, 5.580208104241548e-21, nan 
157.375, 77.875, 7.23142321195868e-21, nan 
157.625, 77.875, 7.825100036668538e-21, nan 
157.875, 77.875, 7.732415845483614e-21, nan 
158.125, 77.875, 7.432137301745177e-21, nan 
158.375, 77.875, 8.158434354069325e-21, nan 
158.625, 77.875, 1.3030014371991838e-20, nan 
158.875, 77.875, 1.375370031495351e-20, nan 
159.125, 77.875, 1.111361590880464e-20, nan 
159.375, 77.875, 1.4749499450568033e-20, nan 
159.625, 77.875, 8.428303682543578e-21, nan 
159.875, 77.875, 7.308957499626575e-21, nan 
160.125, 77.875, 8.085227748269982e-21, nan 
160.375, 77.875, 9.002894172317225e-21, nan 
160.625, 77.875, 1.3304900593128361e-20, nan 
160.875, 77.875, 1.7210826744378206e-20, nan 
161.125, 77.875, 1.6391256697331036e-20, nan 
161.375, 77.875, 1.9624503984520506e-20, nan 
161.625, 77.875, 2.407283254672105e-20, nan 
161.875, 77.875, 2.2820965263907968e-20, nan 
162.125, 77.875, 1.7674449358740306e-20, nan 
162.375, 77.875, 2.1262068507989834e-20, nan 
162.625, 77.875, 2.3450861757742063e-20, nan 
162.875, 77.875, 2.766094902821631e-20, nan 
163.125, 77.875, 2.500601206239288e-20, nan 
163.375, 77.875, 1.2386248061058285e-20, nan 
163.625, 77.875, 1.863409841924297e-20, nan 
163.875, 77.875, 1.6733501284246817e-20, nan 
164.125, 77.875, 1.3141850329169175e-20, nan 
164.375, 77.875, 2.858284676736967e-20, nan 
164.625, 77.875, 3.368352903353617e-20, nan 
164.875, 77.875, 6.459880667869372e-20, nan 
165.125, 77.875, 7.325327385183416e-20, nan 
165.375, 77.875, 5.61481589964697e-20, nan 
165.625, 77.875, 4.1765642679661146e-20, nan 
165.875, 77.875, 5.540350529224333e-20, nan 
166.125, 77.875, 6.83771904682191e-20, nan 
166.375, 77.875, 7.643617037386563e-20, nan 
166.625, 77.875, 5.703405533296911e-20, nan 
166.875, 77.875, 4.479325613052858e-20, nan 
167.125, 77.875, 4.86879079278899e-20, nan 
167.375, 77.875, 4.776247491078456e-20, nan 
167.625, 77.875, 3.895247436461689e-20, nan 
167.875, 77.875, 3.644817962584561e-20, nan 
168.125, 77.875, 4.245057068254209e-20, nan 
168.375, 77.875, 5.673278912892915e-20, nan 
168.625, 77.875, 4.050981084341613e-20, nan 
168.875, 77.875, 2.1467747316745628e-20, nan 
169.125, 77.875, 2.7437672140711704e-20, nan 
169.375, 77.875, 3.955124724077818e-20, nan 
169.625, 77.875, 4.8798922489540355e-20, nan 
169.875, 77.875, 3.343027466142011e-20, nan 
170.125, 77.875, 2.773139931930745e-20, nan 
170.375, 77.875, 1.5075974773095257e-20, nan 
170.625, 77.875, 2.1658830694536848e-20, nan 
170.875, 77.875, 2.740836284901039e-20, nan 
171.125, 77.875, 2.6312872159943337e-20, nan 
171.375, 77.875, 6.107595805950633e-20, nan 
171.625, 77.875, 4.276306947937912e-20, nan 
171.875, 77.875, 5.544015272989437e-20, nan 
172.125, 77.875, 4.5855117377533336e-20, nan 
172.375, 77.875, 4.958009757942021e-20, nan 
172.625, 77.875, 5.64886499366579e-20, nan 
172.875, 77.875, 4.002901180027728e-20, nan 
173.125, 77.875, 5.788124419588675e-20, nan 
173.375, 77.875, 3.8079167944619373e-20, nan 
173.625, 77.875, 2.909057644891679e-20, nan 
173.875, 77.875, 2.2968697413575212e-20, nan 
174.125, 77.875, 1.980502922369072e-20, nan 
174.375, 77.875, 2.4931711951160535e-20, nan 
174.625, 77.875, 1.9737115906434574e-20, nan 
174.875, 77.875, 1.9333174120967144e-20, nan 
175.125, 77.875, 2.16324286441337e-20, nan 
175.375, 77.875, 2.0559944787277988e-20, nan 
175.625, 77.875, 1.7277807324513458e-20, nan 
175.875, 77.875, 1.419417564251533e-20, nan 
176.125, 77.875, 1.6712923106174604e-20, nan 
176.375, 77.875, 1.639695270591233e-20, nan 
176.625, 77.875, 5.4009910102639445e-21, nan 
176.875, 77.875, 8.89958777373582e-21, nan 
177.125, 77.875, 6.555752891774494e-21, nan 
177.375, 77.875, 8.592598501463579e-21, nan 
177.625, 77.875, 8.35882792306881e-21, nan 
177.875, 77.875, 6.919963509505385e-21, nan 
178.125, 77.875, 1.0721445255028353e-20, nan 
178.375, 77.875, 7.625862983613234e-21, nan 
178.625, 77.875, 1.1091023387839182e-20, nan 
178.875, 77.875, 9.900526767302509e-21, nan 
179.125, 77.875, 3.2244105069851027e-21, nan 
179.375, 77.875, 6.386067085652291e-21, nan 
179.625, 77.875, 5.07140297565352e-21, nan 
179.875, 77.875, 8.30385100645016e-21, nan 
-179.875, 78.125, 1.1756788725725678e-20, nan 
-179.625, 78.125, 1.2686434732526963e-20, nan 
-179.375, 78.125, 1.2864041839728796e-20, nan 
-179.125, 78.125, 1.411473585020748e-20, nan 
-178.875, 78.125, 1.9419528070101392e-20, nan 
-178.625, 78.125, 1.714066335470835e-20, nan 
-178.375, 78.125, 2.0285314162211568e-20, nan 
-178.125, 78.125, 1.4118269572536508e-20, nan 
-177.875, 78.125, 8.144885505538934e-21, nan 
-177.625, 78.125, 1.0523193204805713e-20, nan 
-177.375, 78.125, 8.991343026649608e-21, nan 
-177.125, 78.125, 9.372627383990198e-21, nan 
-176.875, 78.125, 1.0457478471459296e-20, nan 
-176.625, 78.125, 1.5780355950627137e-20, nan 
-176.375, 78.125, 1.4005569461221802e-20, nan 
-176.125, 78.125, 9.727951207867254e-21, nan 
-175.875, 78.125, 6.3326303454258025e-21, nan 
-175.625, 78.125, 2.8608297936815695e-21, nan 
-175.375, 78.125, 6.736610738419145e-21, nan 
-175.125, 78.125, 6.0522302249613885e-21, nan 
-174.875, 78.125, 3.5655762185595494e-21, nan 
-174.625, 78.125, 3.258566647018671e-21, nan 
-174.375, 78.125, 3.288661012325247e-21, nan 
-174.125, 78.125, 5.017231069750937e-21, nan 
-173.875, 78.125, 7.152817334531283e-21, nan 
-173.625, 78.125, 7.027830544480231e-21, nan 
-173.375, 78.125, 5.5912068203159564e-21, nan 
-173.125, 78.125, 7.946551143046573e-21, nan 
-172.875, 78.125, 8.374065841685766e-21, nan 
-172.625, 78.125, 9.190207627095222e-21, nan 
-172.375, 78.125, 6.0969464222025146e-21, nan 
-172.125, 78.125, 5.208304275426002e-21, nan 
-171.875, 78.125, 6.99301377283019e-21, nan 
-171.625, 78.125, 7.131682037168049e-21, nan 
-171.375, 78.125, 8.165029105086505e-21, nan 
-171.125, 78.125, 4.1827894712088825e-21, nan 
-170.875, 78.125, 3.5069355534093575e-21, nan 
-170.625, 78.125, 6.847056484433869e-21, nan 
-170.375, 78.125, 7.339294796005359e-21, nan 
-170.125, 78.125, 9.55760815258251e-21, nan 
-169.875, 78.125, 9.651252793442194e-21, nan 
-169.625, 78.125, 6.690102936924306e-21, nan 
-169.375, 78.125, 3.808884327295531e-21, nan 
-169.125, 78.125, 3.0165097563907993e-21, nan 
-168.875, 78.125, 3.9642104263735826e-21, nan 
-168.625, 78.125, 4.343054233691642e-21, nan 
-168.375, 78.125, 4.0837772622239305e-21, nan 
-168.125, 78.125, 3.7473326061182e-21, nan 
-167.875, 78.125, 4.4304288873412255e-21, nan 
-167.625, 78.125, 2.6113057504266833e-21, nan 
-167.375, 78.125, 2.6241257954854348e-21, nan 
-167.125, 78.125, 1.5093699254195044e-21, nan 
-166.875, 78.125, 3.382655648436436e-21, nan 
-166.625, 78.125, 4.1484411976306696e-21, nan 
-166.375, 78.125, 4.473682558306041e-21, nan 
-166.125, 78.125, 4.8858102856115365e-21, nan 
-165.875, 78.125, 6.4740230925383335e-21, nan 
-165.625, 78.125, 3.2512212944693527e-21, nan 
-165.375, 78.125, 2.5259393516389437e-21, nan 
-165.125, 78.125, 2.162004785298359e-21, nan 
-164.875, 78.125, 3.1692745701536677e-21, nan 
-164.625, 78.125, 3.556427357078143e-21, nan 
-164.375, 78.125, 1.422328651183318e-21, nan 
-164.125, 78.125, 6.750323415694811e-22, nan 
-163.875, 78.125, 8.005050017159594e-22, nan 
-163.625, 78.125, 1.4835430110720047e-21, nan 
-163.375, 78.125, 1.2134679456005322e-21, nan 
-163.125, 78.125, 1.0377360003366706e-21, nan 
-162.875, 78.125, 1.1797049397932182e-21, nan 
-162.625, 78.125, 1.0309359624030026e-21, nan 
-162.375, 78.125, 1.073227399119715e-21, nan 
-162.125, 78.125, 1.1887965101952186e-21, nan 
-161.875, 78.125, 1.3616808502404906e-21, nan 
-161.625, 78.125, 1.3206897664002432e-21, nan 
-161.375, 78.125, 1.3929749934544994e-21, nan 
-161.125, 78.125, 1.1749701979604353e-21, nan 
-160.875, 78.125, 1.2033823468993033e-21, nan 
-160.625, 78.125, 6.797954066873581e-22, nan 
-160.375, 78.125, 4.985514719140522e-22, nan 
-160.125, 78.125, 4.601348287638363e-22, nan 
-159.875, 78.125, 1.7985651029738448e-21, nan 
-159.625, 78.125, 1.9934887833200323e-21, nan 
-159.375, 78.125, 6.895961624735884e-22, nan 
-159.125, 78.125, 2.408632023101093e-22, nan 
-158.875, 78.125, 5.8441729618063065e-22, nan 
-158.625, 78.125, 1.1939674441142725e-21, nan 
-158.375, 78.125, 1.1638568200353776e-21, nan 
-158.125, 78.125, 4.821169946844467e-22, nan 
-157.875, 78.125, 1.6024486973861053e-22, nan 
-157.625, 78.125, 2.921740166806589e-22, nan 
-157.375, 78.125, 4.926675916287338e-22, nan 
-157.125, 78.125, 3.9181206994840466e-22, nan 
-156.875, 78.125, 3.1597147743516546e-22, nan 
-156.625, 78.125, 3.1966234302673327e-22, nan 
-156.375, 78.125, 4.463282928914739e-22, nan 
-156.125, 78.125, 5.303828851613221e-22, nan 
-155.875, 78.125, 2.6027068080281294e-22, nan 
-155.625, 78.125, 2.9940006378149527e-22, nan 
-155.375, 78.125, 3.5345273192559765e-22, nan 
-155.125, 78.125, 5.436654299727456e-22, nan 
-154.875, 78.125, 6.643997072789579e-22, nan 
-154.625, 78.125, 6.549254720563576e-22, nan 
-154.375, 78.125, 6.119222449201112e-22, nan 
-154.125, 78.125, 5.809331428441587e-22, nan 
-153.875, 78.125, 6.166208439998647e-22, nan 
-153.625, 78.125, 5.68891795584331e-22, nan 
-153.375, 78.125, 6.019348579465288e-22, nan 
-153.125, 78.125, 6.51793118871929e-22, nan 
-152.875, 78.125, 6.053944709218869e-22, nan 
-152.625, 78.125, 6.538956534188712e-22, nan 
-152.375, 78.125, 6.944587654605266e-22, nan 
-152.125, 78.125, 5.111412063119338e-22, nan 
-151.875, 78.125, 5.183815388550286e-22, nan 
-151.625, 78.125, 5.55967854044318e-22, nan 
-151.375, 78.125, 6.810166343736955e-22, nan 
-151.125, 78.125, 9.222405671240442e-22, nan 
-150.875, 78.125, 5.378851160801407e-22, nan 
-150.625, 78.125, 3.974234002346591e-22, nan 
-150.375, 78.125, 3.282015591638947e-22, nan 
-150.125, 78.125, 7.825714728943433e-22, nan 
-149.875, 78.125, 5.049880014140916e-22, nan 
-149.625, 78.125, 5.729104213106237e-22, nan 
-149.375, 78.125, 7.399021944875323e-22, nan 
-149.125, 78.125, 7.024701232967346e-22, nan 
-148.875, 78.125, 1.1434784860557589e-21, nan 
-148.625, 78.125, 9.411121116696757e-22, nan 
-148.375, 78.125, 7.573967367865969e-22, nan 
-148.125, 78.125, 4.2029056163097933e-22, nan 
-147.875, 78.125, 9.423575693709369e-22, nan 
-147.625, 78.125, 1.2591678362646753e-21, nan 
-147.375, 78.125, 1.7842248628457713e-21, nan 
-147.125, 78.125, 1.5089091793217937e-21, nan 
-146.875, 78.125, 7.447532051925338e-22, nan 
-146.625, 78.125, 6.044178761949106e-22, nan 
-146.375, 78.125, 6.7624116922816725e-22, nan 
-146.125, 78.125, 8.22430555427072e-22, nan 
-145.875, 78.125, 7.704331430249e-22, nan 
-145.625, 78.125, 4.349978576311494e-22, nan 
-145.375, 78.125, 4.9465951491073425e-22, nan 
-145.125, 78.125, 6.604023290336593e-22, nan 
-144.875, 78.125, 9.368068562329457e-22, nan 
-144.625, 78.125, 8.974666466219879e-22, nan 
-144.375, 78.125, 6.133094279868369e-22, nan 
-144.125, 78.125, 5.64641389102063e-22, nan 
-143.875, 78.125, 5.5586029787083615e-22, nan 
-143.625, 78.125, 8.123963689160891e-22, nan 
-143.375, 78.125, 8.930845218025902e-22, nan 
-143.125, 78.125, 1.1013161793182376e-21, nan 
-142.875, 78.125, 9.290812115752047e-22, nan 
-142.625, 78.125, 9.15067873884519e-22, nan 
-142.375, 78.125, 8.993748411294425e-22, nan 
-142.125, 78.125, 7.33137736057634e-22, nan 
-141.875, 78.125, 7.373352316074645e-22, nan 
-141.625, 78.125, 5.472900305059388e-22, nan 
-141.375, 78.125, 6.417710862109752e-22, nan 
-141.125, 78.125, 7.16113449172573e-22, nan 
-140.875, 78.125, 5.624799764532965e-22, nan 
-140.625, 78.125, 5.023524546375784e-22, nan 
-140.375, 78.125, 5.871109210823425e-22, nan 
-140.125, 78.125, 6.325195930079778e-22, nan 
-139.875, 78.125, 4.271791006127645e-22, nan 
-139.625, 78.125, 3.908056734782123e-22, nan 
-139.375, 78.125, 6.275208857703221e-22, nan 
-139.125, 78.125, 5.519212304938121e-22, nan 
-138.875, 78.125, 5.318360393131515e-22, nan 
-138.625, 78.125, 5.288973736382413e-22, nan 
-138.375, 78.125, 4.279001414644707e-22, nan 
-138.125, 78.125, 6.171220420194783e-22, nan 
-137.875, 78.125, 7.236559569188849e-22, nan 
-137.625, 78.125, 6.561043523765357e-22, nan 
-137.375, 78.125, 2.8296728199060523e-22, nan 
-137.125, 78.125, 1.9368405526993875e-22, nan 
-136.875, 78.125, 3.7832580200439524e-22, nan 
-136.625, 78.125, 3.188894462407461e-22, nan 
-136.375, 78.125, 6.774267086707352e-22, nan 
-136.125, 78.125, 6.064253331716281e-22, nan 
-135.875, 78.125, 4.518744647413952e-22, nan 
-135.625, 78.125, 3.304556857173855e-22, nan 
-135.375, 78.125, 4.1849007237319123e-22, nan 
-135.125, 78.125, 6.888984293877355e-22, nan 
-134.875, 78.125, 6.417772625433986e-22, nan 
-134.625, 78.125, 7.956531388483004e-22, nan 
-134.375, 78.125, 5.447945513407316e-22, nan 
-134.125, 78.125, 9.323240523275627e-22, nan 
-133.875, 78.125, 4.950972872784642e-22, nan 
-133.625, 78.125, 3.756839558053277e-22, nan 
-133.375, 78.125, 3.0821297122280534e-22, nan 
-133.125, 78.125, 2.606578222163707e-22, nan 
-132.875, 78.125, 3.409253554855119e-22, nan 
-132.625, 78.125, 5.772003902632439e-22, nan 
-132.375, 78.125, 6.337148592433107e-22, nan 
-132.125, 78.125, 5.661266314519328e-22, nan 
-131.875, 78.125, 4.176162647443043e-22, nan 
-131.625, 78.125, 3.5900614755990013e-22, nan 
-131.375, 78.125, 3.154580818824657e-22, nan 
-131.125, 78.125, 3.1475104624502645e-22, nan 
-130.875, 78.125, 1.397790998284719e-22, nan 
-130.625, 78.125, 1.0011570511948834e-22, nan 
-130.375, 78.125, 3.9773341953844113e-23, nan 
-130.125, 78.125, 1.5302530399706646e-22, nan 
-129.875, 78.125, 1.7101064255743051e-22, nan 
-129.625, 78.125, 1.0690277618377331e-22, nan 
-129.375, 78.125, 2.2650795441413044e-22, nan 
-129.125, 78.125, 2.62671803948058e-22, nan 
-128.875, 78.125, 1.9666319833193794e-22, nan 
-128.625, 78.125, 3.0013161519474646e-22, nan 
-128.375, 78.125, 2.7975344424881035e-22, nan 
-128.125, 78.125, 3.88646869897088e-22, nan 
-127.875, 78.125, 4.623377706088553e-22, nan 
-127.625, 78.125, 3.3451022844576236e-22, nan 
-127.375, 78.125, 5.4173690942211665e-22, nan 
-127.125, 78.125, 4.579994074721364e-22, nan 
-126.875, 78.125, 2.3371563050945736e-22, nan 
-126.625, 78.125, 2.2194065735704953e-22, nan 
-126.375, 78.125, 1.8479291515918535e-22, nan 
-126.125, 78.125, 3.435021577819653e-22, nan 
-125.875, 78.125, 3.156336511901366e-22, nan 
-125.625, 78.125, 2.3610320134351376e-22, nan 
-125.375, 78.125, 3.5610685133009214e-22, nan 
-125.125, 78.125, 6.21034339637129e-22, nan 
-124.875, 78.125, 8.32316039648268e-22, nan 
-124.625, 78.125, 6.053548414941371e-22, nan 
-124.375, 78.125, 5.564627129841547e-22, nan 
-124.125, 78.125, 4.374112351581931e-22, nan 
-123.875, 78.125, 3.3899889296686346e-22, nan 
-123.625, 78.125, 3.581462659237402e-22, nan 
-123.375, 78.125, 3.0784861979980665e-22, nan 
-123.125, 78.125, 2.367456496874273e-22, nan 
-122.875, 78.125, 2.1927213218580864e-22, nan 
-122.625, 78.125, 1.7569235994047204e-22, nan 
-122.375, 78.125, 1.4039051846568093e-22, nan 
-122.125, 78.125, 1.8916519525697604e-22, nan 
-121.875, 78.125, 2.4038490072883166e-22, nan 
-121.625, 78.125, 1.4625597962546061e-22, nan 
-121.375, 78.125, 3.175246258474668e-22, nan 
-121.125, 78.125, 4.0196556366124113e-22, nan 
-120.875, 78.125, 3.2467368937652074e-22, nan 
-120.625, 78.125, 1.105647122065853e-22, nan 
-120.375, 78.125, 8.919723881302831e-23, nan 
-120.125, 78.125, 6.42590702975913e-22, nan 
-119.875, 78.125, 7.879730024146431e-22, nan 
-119.625, 78.125, 6.44241889094326e-22, nan 
-119.375, 78.125, 5.735803198102649e-23, nan 
-119.125, 78.125, 1.4913409950811533e-22, nan 
-118.875, 78.125, 3.170808634434459e-22, nan 
-118.625, 78.125, 3.5874775819309e-22, nan 
-118.375, 78.125, 2.722168225216435e-22, nan 
-118.125, 78.125, 6.802557981419417e-23, nan 
-117.875, 78.125, 1.0845554778788584e-22, nan 
-117.625, 78.125, 6.598594264503878e-23, nan 
-117.375, 78.125, 6.12856061263743e-23, nan 
-117.125, 78.125, 5.531816286701706e-23, nan 
-116.875, 78.125, 7.280429069671971e-23, nan 
-116.625, 78.125, 6.764415125876898e-23, nan 
-116.375, 78.125, 4.620001958623379e-23, nan 
-116.125, 78.125, 4.906485167940919e-23, nan 
-115.875, 78.125, 7.50886912478274e-23, nan 
-115.625, 78.125, 1.0485153178356961e-22, nan 
-115.375, 78.125, 1.0626446327585043e-22, nan 
-115.125, 78.125, 6.813961275686257e-23, nan 
-114.875, 78.125, 7.975078860836149e-23, nan 
-114.625, 78.125, 1.0477128182451024e-22, nan 
-114.375, 78.125, 1.2160373820760414e-22, nan 
-114.125, 78.125, 6.458128182007159e-23, nan 
-113.875, 78.125, 6.549315627649055e-23, nan 
-113.625, 78.125, 8.345153190964481e-23, nan 
-113.375, 78.125, 1.0413399532571614e-22, nan 
-113.125, 78.125, 9.82970805481219e-23, nan 
-112.875, 78.125, 7.009816935900317e-23, nan 
-112.625, 78.125, 6.844209616067325e-23, nan 
-112.375, 78.125, 4.2376266537029404e-23, nan 
-112.125, 78.125, 3.889448719750833e-23, nan 
-111.875, 78.125, 3.8191373419509036e-23, nan 
-111.625, 78.125, 4.0133589613599335e-23, nan 
-111.375, 78.125, 4.0153145230324807e-23, nan 
-111.125, 78.125, 3.566720811683824e-23, nan 
-110.875, 78.125, 3.585190809605933e-23, nan 
-110.625, 78.125, 3.29528990112288e-23, nan 
-110.375, 78.125, 3.531928362563729e-23, nan 
-110.125, 78.125, 3.403105528473507e-23, nan 
-109.875, 78.125, 4.931063556047253e-23, nan 
-109.625, 78.125, 4.078867561956302e-23, nan 
-109.375, 78.125, 4.405350943653029e-23, nan 
-109.125, 78.125, 5.248407635476093e-23, nan 
-108.875, 78.125, 3.5821234428159e-23, nan 
-108.625, 78.125, 4.3774667291713374e-23, nan 
-108.375, 78.125, 4.8824293191990126e-23, nan 
-108.125, 78.125, 5.449845452863515e-23, nan 
-107.875, 78.125, 3.866192871513882e-23, nan 
-107.625, 78.125, 2.459547176934998e-23, nan 
-107.375, 78.125, 3.019537212100805e-23, nan 
-107.125, 78.125, 2.081084156301856e-23, nan 
-106.875, 78.125, 2.9815530119063036e-23, nan 
-106.625, 78.125, 1.6157367995742137e-23, nan 
-106.375, 78.125, 2.1420375944362497e-23, nan 
-106.125, 78.125, 4.362105781891582e-23, nan 
-105.875, 78.125, 3.308656571937469e-23, nan 
-105.625, 78.125, 4.3067168356293673e-23, nan 
-105.375, 78.125, 4.421850811153382e-23, nan 
-105.125, 78.125, 3.994154693605624e-23, nan 
-104.875, 78.125, 3.8773610968688563e-23, nan 
-104.625, 78.125, 4.126199584127159e-23, nan 
-104.375, 78.125, 4.871807778222232e-23, nan 
-104.125, 78.125, 4.484935658936937e-23, nan 
-103.875, 78.125, 3.933385016320298e-23, nan 
-103.625, 78.125, 3.750659270333266e-23, nan 
-103.375, 78.125, 3.5840972931849855e-23, nan 
-103.125, 78.125, 3.7576096772577687e-23, nan 
-102.875, 78.125, 3.3412760495699615e-23, nan 
-102.625, 78.125, 3.2144585025484034e-23, nan 
-102.375, 78.125, 2.9560135897495905e-23, nan 
-102.125, 78.125, 2.6297753849119695e-23, nan 
-101.875, 78.125, 3.379504316079068e-23, nan 
-101.625, 78.125, 2.5987999131756146e-23, nan 
-101.375, 78.125, 1.9977634413419078e-23, nan 
-101.125, 78.125, 8.849024857255858e-24, nan 
-100.875, 78.125, 1.4366163924620628e-23, nan 
-100.625, 78.125, 2.0801116933423827e-23, nan 
-100.375, 78.125, 1.8994386002743987e-23, nan 
-100.125, 78.125, 2.4791317844276717e-23, nan 
72.125, 78.125, 4.41708346679863e-24, nan 
72.375, 78.125, 7.317429564101527e-24, nan 
72.625, 78.125, 1.1890335406447574e-23, nan 
72.875, 78.125, 1.7956218192638807e-23, nan 
73.125, 78.125, 1.462845081949167e-23, nan 
73.375, 78.125, 7.062157725352265e-24, nan 
73.625, 78.125, 8.325153153352755e-24, nan 
73.875, 78.125, 1.3005160774334454e-23, nan 
74.125, 78.125, 1.7425853514447958e-23, nan 
74.375, 78.125, 2.0836119017072967e-23, nan 
74.625, 78.125, 1.7742862520141083e-23, nan 
74.875, 78.125, 1.620110076252005e-23, nan 
75.125, 78.125, 2.7754022324120326e-23, nan 
75.375, 78.125, 1.270960725252214e-23, nan 
75.625, 78.125, 2.787171289661331e-23, nan 
75.875, 78.125, 2.903144853537537e-23, nan 
76.125, 78.125, 1.5892833315786856e-23, nan 
76.375, 78.125, 1.671218014037176e-23, nan 
76.625, 78.125, 1.4342923226151382e-23, nan 
76.875, 78.125, 2.249886668873e-23, nan 
77.125, 78.125, 2.1857807173696693e-23, nan 
77.375, 78.125, 2.145656286040658e-23, nan 
77.625, 78.125, 1.7509894493753396e-23, nan 
77.875, 78.125, 2.8687537268790224e-23, nan 
78.125, 78.125, 2.4621502866744355e-23, nan 
78.375, 78.125, 2.2248213115612455e-23, nan 
78.625, 78.125, 2.70672987531438e-23, nan 
78.875, 78.125, 2.0135690261318282e-23, nan 
79.125, 78.125, 1.8570412023729138e-23, nan 
79.375, 78.125, 2.1038514539050286e-23, nan 
79.625, 78.125, 2.0205724904782708e-23, nan 
79.875, 78.125, 3.021163821689044e-23, nan 
80.125, 78.125, 2.93004865017337e-23, nan 
80.375, 78.125, 1.8822358157069466e-23, nan 
80.625, 78.125, 1.6254439657565953e-23, nan 
80.875, 78.125, 2.175489597040088e-23, nan 
81.125, 78.125, 2.3741306091882787e-23, nan 
81.375, 78.125, 2.797629078238208e-23, nan 
81.625, 78.125, 2.916848643049638e-23, nan 
81.875, 78.125, 4.158401148373564e-23, nan 
82.125, 78.125, 3.4377404646282393e-23, nan 
82.375, 78.125, 3.62005070252538e-23, nan 
82.625, 78.125, 4.6607309641156503e-23, nan 
82.875, 78.125, 3.313938215039e-23, nan 
83.125, 78.125, 3.336768680556026e-23, nan 
83.375, 78.125, 3.660693246223465e-23, nan 
83.625, 78.125, 2.5455443716812848e-23, nan 
83.875, 78.125, 3.769179524041647e-23, nan 
84.125, 78.125, 2.1748614478877173e-23, nan 
84.375, 78.125, 1.4115174620765987e-23, nan 
84.625, 78.125, 2.3272709556990228e-23, nan 
84.875, 78.125, 2.5676995400175075e-23, nan 
85.125, 78.125, 3.5829311513995106e-23, nan 
85.375, 78.125, 3.2076875018100697e-23, nan 
85.625, 78.125, 2.597620901588789e-23, nan 
85.875, 78.125, 2.2764361646576178e-23, nan 
86.125, 78.125, 2.49355955249182e-23, nan 
86.375, 78.125, 2.27202679628268e-23, nan 
86.625, 78.125, 2.0087882409505876e-23, nan 
86.875, 78.125, 1.716107065498012e-23, nan 
87.125, 78.125, 2.016692505274289e-23, nan 
87.375, 78.125, 2.0909225558321656e-23, nan 
87.625, 78.125, 1.591926058825537e-23, nan 
87.875, 78.125, 2.6352290583148802e-23, nan 
88.125, 78.125, 3.328262283979471e-23, nan 
88.375, 78.125, 2.3972074598643006e-23, nan 
88.625, 78.125, 1.9614955263176689e-23, nan 
88.875, 78.125, 1.5319469832463702e-23, nan 
89.125, 78.125, 1.6001561354064735e-23, nan 
89.375, 78.125, 1.7651073291043773e-23, nan 
89.625, 78.125, 1.8547151101304345e-23, nan 
89.875, 78.125, 1.2584466114497451e-23, nan 
90.125, 78.125, 1.626799085535015e-23, nan 
90.375, 78.125, 2.3783509659872179e-23, nan 
90.625, 78.125, 1.306654782071343e-23, nan 
90.875, 78.125, 1.4166638132684892e-23, nan 
91.125, 78.125, 1.9209108757415122e-23, nan 
91.375, 78.125, 2.0179030575556083e-23, nan 
91.625, 78.125, 1.864844437050002e-23, nan 
91.875, 78.125, 3.110534623190542e-23, nan 
92.125, 78.125, 4.9471792418750425e-23, nan 
92.375, 78.125, 6.217968284983153e-23, nan 
92.625, 78.125, 6.960511214017939e-23, nan 
92.875, 78.125, 6.719473079015238e-23, nan 
93.125, 78.125, 7.072826306538751e-23, nan 
93.375, 78.125, 7.469907720280228e-23, nan 
93.625, 78.125, 6.544347135374637e-23, nan 
93.875, 78.125, 6.762885287308196e-23, nan 
94.125, 78.125, 6.255713078698451e-23, nan 
94.375, 78.125, 6.770893857893333e-23, nan 
94.625, 78.125, 2.7781740903971434e-23, nan 
94.875, 78.125, 2.872177908812075e-23, nan 
95.125, 78.125, 3.420655001037834e-23, nan 
95.375, 78.125, 3.6586587192614015e-23, nan 
95.625, 78.125, 4.050440552946807e-23, nan 
95.875, 78.125, 2.4289805954906233e-23, nan 
96.125, 78.125, 2.913268218368895e-23, nan 
96.375, 78.125, 2.389001199533829e-23, nan 
96.625, 78.125, 3.151851252718255e-23, nan 
96.875, 78.125, 5.735628109238257e-23, nan 
97.125, 78.125, 8.862418138467145e-23, nan 
97.375, 78.125, 1.3108144238849347e-22, nan 
97.625, 78.125, 1.2459529997041816e-22, nan 
97.875, 78.125, 8.242054122467892e-23, nan 
98.125, 78.125, 6.623363809814622e-23, nan 
98.375, 78.125, 8.57976730969559e-23, nan 
98.625, 78.125, 1.2607301765986733e-22, nan 
98.875, 78.125, 1.2631993562317812e-22, nan 
99.125, 78.125, 7.795767279501441e-23, nan 
99.375, 78.125, 5.545132120414073e-23, nan 
99.625, 78.125, 3.3943519791371214e-23, nan 
99.875, 78.125, 4.3167230688059977e-23, nan 
100.125, 78.125, 4.5470402447447857e-23, nan 
100.375, 78.125, 3.425132333115572e-23, nan 
100.625, 78.125, 5.613654732203935e-23, nan 
100.875, 78.125, 4.472696331548142e-23, nan 
101.125, 78.125, 4.874298234724564e-23, nan 
101.375, 78.125, 4.043364542540176e-23, nan 
101.625, 78.125, 6.576584831500197e-23, nan 
101.875, 78.125, 9.269537112727851e-23, nan 
102.125, 78.125, 5.080705023343748e-23, nan 
102.375, 78.125, 3.1895814564471894e-23, nan 
102.625, 78.125, 2.071007995186499e-23, nan 
102.875, 78.125, 1.978748757099373e-23, nan 
103.125, 78.125, 4.1870711515927485e-23, nan 
103.375, 78.125, 3.538559852570949e-23, nan 
103.625, 78.125, 3.4044488202406696e-23, nan 
103.875, 78.125, 3.345678209793033e-23, nan 
104.125, 78.125, 1.4186456122718657e-23, nan 
104.375, 78.125, 1.9235282816850013e-23, nan 
104.625, 78.125, 4.061751868559441e-23, nan 
104.875, 78.125, 4.006165265775747e-23, nan 
105.125, 78.125, 6.269579624797522e-23, nan 
105.375, 78.125, 3.609838179528538e-23, nan 
105.625, 78.125, 6.802476202923556e-23, nan 
105.875, 78.125, 8.381746263942529e-23, nan 
106.125, 78.125, 8.386052645175244e-23, nan 
106.375, 78.125, 1.247499200031472e-22, nan 
106.625, 78.125, 1.0386170022771034e-22, nan 
106.875, 78.125, 1.3051957565571785e-22, nan 
107.125, 78.125, 1.2736086778489273e-22, nan 
107.375, 78.125, 1.0378088506426862e-22, nan 
107.625, 78.125, 7.647803888723429e-23, nan 
107.875, 78.125, 6.413795503397806e-23, nan 
108.125, 78.125, 1.423295551921683e-22, nan 
108.375, 78.125, 1.5677278238367613e-22, nan 
108.625, 78.125, 1.0996736318581178e-22, nan 
108.875, 78.125, 9.238433844782031e-23, nan 
109.125, 78.125, 8.49476515655583e-23, nan 
109.375, 78.125, 1.1930034138206585e-22, nan 
109.625, 78.125, 1.2201656933572376e-22, nan 
109.875, 78.125, 9.59797648805983e-23, nan 
110.125, 78.125, 2.1062802413674676e-22, nan 
110.375, 78.125, 2.873209128001743e-22, nan 
110.625, 78.125, 2.6305090414603933e-22, nan 
110.875, 78.125, 1.8002552571180373e-22, nan 
111.125, 78.125, 8.801419653957896e-23, nan 
111.375, 78.125, 3.332399404420983e-22, nan 
111.625, 78.125, 4.329169969837544e-22, nan 
111.875, 78.125, 3.7752237482718936e-22, nan 
112.125, 78.125, 2.4836331999021597e-22, nan 
112.375, 78.125, 1.4329416904838084e-22, nan 
112.625, 78.125, 2.6097800799975974e-22, nan 
112.875, 78.125, 2.975957049047658e-22, nan 
113.125, 78.125, 2.399920968875284e-22, nan 
113.375, 78.125, 1.8392047341616145e-22, nan 
113.625, 78.125, 2.1985292755430235e-22, nan 
113.875, 78.125, 1.8791744955038156e-22, nan 
114.125, 78.125, 1.0728213419861943e-22, nan 
114.375, 78.125, 1.297130381953825e-22, nan 
114.625, 78.125, 1.4943888239596574e-22, nan 
114.875, 78.125, 3.978056236967343e-22, nan 
115.125, 78.125, 3.7005020974054786e-22, nan 
115.375, 78.125, 1.1891588265460382e-22, nan 
115.625, 78.125, 1.391626916252547e-22, nan 
115.875, 78.125, 1.7297062203376925e-22, nan 
116.125, 78.125, 2.645165055855925e-22, nan 
116.375, 78.125, 2.9258599439934107e-22, nan 
116.625, 78.125, 9.997308972353555e-23, nan 
116.875, 78.125, 1.132199832471375e-22, nan 
117.125, 78.125, 2.0803517359447305e-22, nan 
117.375, 78.125, 2.1106262596500434e-22, nan 
117.625, 78.125, 2.761518767736078e-22, nan 
117.875, 78.125, 3.2056123578873664e-22, nan 
118.125, 78.125, 3.0603609872217536e-22, nan 
118.375, 78.125, 2.9015043097188507e-22, nan 
118.625, 78.125, 4.731885887911914e-22, nan 
118.875, 78.125, 4.604063035509517e-22, nan 
119.125, 78.125, 5.300291077119314e-22, nan 
119.375, 78.125, 4.693083565579247e-22, nan 
119.625, 78.125, 3.8871361766573613e-22, nan 
119.875, 78.125, 3.0154350109441432e-22, nan 
120.125, 78.125, 1.8546146532446928e-22, nan 
120.375, 78.125, 2.4014004082094506e-22, nan 
120.625, 78.125, 2.4441143053901653e-22, nan 
120.875, 78.125, 3.1173853320619207e-22, nan 
121.125, 78.125, 2.766572729290549e-22, nan 
121.375, 78.125, 2.9090399469223023e-22, nan 
121.625, 78.125, 2.0274045043969956e-22, nan 
121.875, 78.125, 1.0017139405576549e-22, nan 
122.125, 78.125, 9.403392157577931e-23, nan 
122.375, 78.125, 1.0298162469813493e-22, nan 
122.625, 78.125, 1.3423129845137546e-22, nan 
122.875, 78.125, 1.5469703029474206e-22, nan 
123.125, 78.125, 1.769364025423081e-22, nan 
123.375, 78.125, 2.3182193088256934e-22, nan 
123.625, 78.125, 1.4935227977698854e-22, nan 
123.875, 78.125, 1.4596962120911178e-22, nan 
124.125, 78.125, 1.3756049542446572e-22, nan 
124.375, 78.125, 1.5523381818695077e-22, nan 
124.625, 78.125, 2.0764509750935394e-22, nan 
124.875, 78.125, 1.5314502293660568e-22, nan 
125.125, 78.125, 1.5152196270351795e-22, nan 
125.375, 78.125, 1.645900646252911e-22, nan 
125.625, 78.125, 2.2218069889230344e-22, nan 
125.875, 78.125, 1.7177235044670904e-22, nan 
126.125, 78.125, 1.8630131232726023e-22, nan 
126.375, 78.125, 1.7876334181528794e-22, nan 
126.625, 78.125, 2.1118089200416448e-22, nan 
126.875, 78.125, 2.302139032511107e-22, nan 
127.125, 78.125, 2.5937944138263816e-22, nan 
127.375, 78.125, 2.580372241544121e-22, nan 
127.625, 78.125, 2.396038739164986e-22, nan 
127.875, 78.125, 2.179219979839012e-22, nan 
128.125, 78.125, 2.1657237985188413e-22, nan 
128.375, 78.125, 3.0364396224013184e-22, nan 
128.625, 78.125, 2.6422625596018917e-22, nan 
128.875, 78.125, 2.3497316959797157e-22, nan 
129.125, 78.125, 1.6329522952762967e-22, nan 
129.375, 78.125, 1.3128169904205463e-22, nan 
129.625, 78.125, 4.661286770671671e-23, nan 
129.875, 78.125, 7.36752797954577e-23, nan 
130.125, 78.125, 1.3976087983665767e-22, nan 
130.375, 78.125, 3.1877415411962136e-22, nan 
130.625, 78.125, 3.953417665556145e-22, nan 
130.875, 78.125, 4.392256377421094e-22, nan 
131.125, 78.125, 3.9248747566289623e-22, nan 
131.375, 78.125, 2.848579948654901e-22, nan 
131.625, 78.125, 3.034129610367779e-22, nan 
131.875, 78.125, 5.607102520315949e-22, nan 
132.125, 78.125, 3.4593064731035056e-22, nan 
132.375, 78.125, 6.748522415908811e-22, nan 
132.625, 78.125, 7.438564736172247e-22, nan 
132.875, 78.125, 7.353596388380166e-22, nan 
133.125, 78.125, 7.595644726604886e-22, nan 
133.375, 78.125, 8.579468287938003e-22, nan 
133.625, 78.125, 7.8272023554681e-22, nan 
133.875, 78.125, 1.0262252847109327e-21, nan 
134.125, 78.125, 8.214122565107104e-22, nan 
134.375, 78.125, 8.341340591137899e-22, nan 
134.625, 78.125, 7.974436887757935e-22, nan 
134.875, 78.125, 6.886314879900576e-22, nan 
135.125, 78.125, 8.012239179387775e-22, nan 
135.375, 78.125, 6.33316107205124e-22, nan 
135.625, 78.125, 6.684700618357821e-22, nan 
135.875, 78.125, 8.527852071251786e-22, nan 
136.125, 78.125, 8.143353060822748e-22, nan 
136.375, 78.125, 8.115944209602934e-22, nan 
136.625, 78.125, 9.25402796490161e-22, nan 
136.875, 78.125, 8.411053957942966e-22, nan 
137.125, 78.125, 9.19765592679469e-22, nan 
137.375, 78.125, 9.157436616065779e-22, nan 
137.625, 78.125, 8.635352641750027e-22, nan 
137.875, 78.125, 9.85255649904877e-22, nan 
138.125, 78.125, 8.619750733476544e-22, nan 
138.375, 78.125, 5.827397246076901e-22, nan 
138.625, 78.125, 6.475073676103436e-22, nan 
138.875, 78.125, 6.520104522083798e-22, nan 
139.125, 78.125, 4.920414593965467e-22, nan 
139.375, 78.125, 6.023637579800515e-22, nan 
139.625, 78.125, 5.008818979758579e-22, nan 
139.875, 78.125, 4.66279040528828e-22, nan 
140.125, 78.125, 5.451586855403822e-22, nan 
140.375, 78.125, 4.0717757238053407e-22, nan 
140.625, 78.125, 3.792234101286129e-22, nan 
140.875, 78.125, 2.88790588711946e-22, nan 
141.125, 78.125, 3.9735655280580988e-22, nan 
141.375, 78.125, 6.554040059888134e-22, nan 
141.625, 78.125, 6.17938458955775e-22, nan 
141.875, 78.125, 3.725523163981265e-22, nan 
142.125, 78.125, 9.25946937078381e-22, nan 
142.375, 78.125, 6.695514425871751e-22, nan 
142.625, 78.125, 4.9769410389517535e-22, nan 
142.875, 78.125, 6.204872938965767e-22, nan 
143.125, 78.125, 7.607782413069024e-22, nan 
143.375, 78.125, 7.137213258411955e-22, nan 
143.625, 78.125, 7.23788622949511e-22, nan 
143.875, 78.125, 8.220651912200572e-22, nan 
144.125, 78.125, 8.693967769212017e-22, nan 
144.375, 78.125, 8.4517490085878885e-22, nan 
144.625, 78.125, 1.3748454577260275e-21, nan 
144.875, 78.125, 1.4855173566002985e-21, nan 
145.125, 78.125, 1.781647624770397e-21, nan 
145.375, 78.125, 1.0870088526793101e-21, nan 
145.625, 78.125, 5.785387160195402e-22, nan 
145.875, 78.125, 8.579219159847423e-22, nan 
146.125, 78.125, 8.325267950364765e-22, nan 
146.375, 78.125, 6.914426348275008e-22, nan 
146.625, 78.125, 2.7105891677307177e-22, nan 
146.875, 78.125, 6.522633038954698e-22, nan 
147.125, 78.125, 4.839164667994932e-22, nan 
147.375, 78.125, 5.105607980982662e-22, nan 
147.625, 78.125, 7.288571919444786e-22, nan 
147.875, 78.125, 7.741421444090777e-22, nan 
148.125, 78.125, 8.040628615368398e-22, nan 
148.375, 78.125, 5.997277612611424e-22, nan 
148.625, 78.125, 8.774136351107922e-22, nan 
148.875, 78.125, 7.944256755908888e-22, nan 
149.125, 78.125, 1.7065191442028837e-21, nan 
149.375, 78.125, 1.672087551501012e-21, nan 
149.625, 78.125, 1.489568788804571e-21, nan 
149.875, 78.125, 1.1938509108705168e-21, nan 
150.125, 78.125, 1.2482116166914978e-21, nan 
150.375, 78.125, 1.928298340456278e-21, nan 
150.625, 78.125, 1.3989229727918083e-21, nan 
150.875, 78.125, 1.5748779444040739e-21, nan 
151.125, 78.125, 4.930424865935481e-22, nan 
151.375, 78.125, 7.341804930957263e-22, nan 
151.625, 78.125, 1.1498501088783809e-21, nan 
151.875, 78.125, 2.1311375772121157e-21, nan 
152.125, 78.125, 2.050024596352868e-21, nan 
152.375, 78.125, 1.3089063744650955e-21, nan 
152.625, 78.125, 1.3435641686115322e-21, nan 
152.875, 78.125, 1.917788785550375e-21, nan 
153.125, 78.125, 4.1231795939670394e-21, nan 
153.375, 78.125, 2.5970297968668197e-21, nan 
153.625, 78.125, 2.7949456917775158e-21, nan 
153.875, 78.125, 3.2880650469190916e-21, nan 
154.125, 78.125, 3.463924934730158e-21, nan 
154.375, 78.125, 5.974328602607216e-21, nan 
154.625, 78.125, 6.261466213744453e-21, nan 
154.875, 78.125, 6.6776385158684636e-21, nan 
155.125, 78.125, 8.12580553755569e-21, nan 
155.375, 78.125, 6.830320193320188e-21, nan 
155.625, 78.125, 4.542051465311039e-21, nan 
155.875, 78.125, 5.520529045057564e-21, nan 
156.125, 78.125, 3.89501957563369e-21, nan 
156.375, 78.125, 5.582973576573199e-21, nan 
156.625, 78.125, 7.482420440568793e-21, nan 
156.875, 78.125, 3.485672635478941e-21, nan 
157.125, 78.125, 4.7187813426464146e-21, nan 
157.375, 78.125, 5.208105356150552e-21, nan 
157.625, 78.125, 5.930226719288887e-21, nan 
157.875, 78.125, 7.445859330070242e-21, nan 
158.125, 78.125, 3.3091513333767106e-21, nan 
158.375, 78.125, 2.9593558535048155e-21, nan 
158.625, 78.125, 6.727659414360826e-21, nan 
158.875, 78.125, 9.469268414414687e-21, nan 
159.125, 78.125, 1.739065981378016e-20, nan 
159.375, 78.125, 1.2026194160876987e-20, nan 
159.625, 78.125, 1.2479047948482035e-20, nan 
159.875, 78.125, 1.0805328378884652e-20, nan 
160.125, 78.125, 1.4048062076614212e-20, nan 
160.375, 78.125, 1.57420644620791e-20, nan 
160.625, 78.125, 1.4183860447741818e-20, nan 
160.875, 78.125, 1.5769381348065163e-20, nan 
161.125, 78.125, 1.4695709190293156e-20, nan 
161.375, 78.125, 1.529252740442146e-20, nan 
161.625, 78.125, 1.5563223762256135e-20, nan 
161.875, 78.125, 1.4605760442550392e-20, nan 
162.125, 78.125, 6.453992491689143e-21, nan 
162.375, 78.125, 8.437735187268801e-21, nan 
162.625, 78.125, 1.0588619718221901e-20, nan 
162.875, 78.125, 7.68726839678456e-21, nan 
163.125, 78.125, 8.609415163323456e-21, nan 
163.375, 78.125, 9.183251705496197e-21, nan 
163.625, 78.125, 1.2533021216760421e-20, nan 
163.875, 78.125, 1.3692701364056252e-20, nan 
164.125, 78.125, 1.2571501412345723e-20, nan 
164.375, 78.125, 3.091108983449498e-20, nan 
164.625, 78.125, 1.0348530814989526e-20, nan 
164.875, 78.125, 2.1131772530490573e-20, nan 
165.125, 78.125, 3.227830717356153e-20, nan 
165.375, 78.125, 3.7578514259388595e-20, nan 
165.625, 78.125, 6.267252596405204e-20, nan 
165.875, 78.125, 7.993397236640616e-20, nan 
166.125, 78.125, 7.390048785973108e-20, nan 
166.375, 78.125, 6.55843336035088e-20, nan 
166.625, 78.125, 5.064758100966576e-20, nan 
166.875, 78.125, 6.62464533568518e-20, nan 
167.125, 78.125, 8.770445931804985e-20, nan 
167.375, 78.125, 8.084693588411146e-20, nan 
167.625, 78.125, 5.961416052900504e-20, nan 
167.875, 78.125, 4.177257913945524e-20, nan 
168.125, 78.125, 3.482101847750399e-20, nan 
168.375, 78.125, 4.4414562076136395e-20, nan 
168.625, 78.125, 3.10072431050632e-20, nan 
168.875, 78.125, 2.1849556112906687e-20, nan 
169.125, 78.125, 1.2349477701139663e-20, nan 
169.375, 78.125, 2.2627582119813716e-20, nan 
169.625, 78.125, 3.085062650448776e-20, nan 
169.875, 78.125, 2.615193169298792e-20, nan 
170.125, 78.125, 2.1717302110338057e-20, nan 
170.375, 78.125, 1.0879859217642376e-20, nan 
170.625, 78.125, 9.530146801673983e-21, nan 
170.875, 78.125, 7.135523521717263e-21, nan 
171.125, 78.125, 2.055566459796324e-20, nan 
171.375, 78.125, 1.4668027298178754e-20, nan 
171.625, 78.125, 2.3541802735584038e-20, nan 
171.875, 78.125, 1.6076451710637254e-20, nan 
172.125, 78.125, 2.331750644762106e-20, nan 
172.375, 78.125, 2.0488246796875982e-20, nan 
172.625, 78.125, 3.09651940301679e-20, nan 
172.875, 78.125, 3.092537422722989e-20, nan 
173.125, 78.125, 3.692933942625506e-20, nan 
173.375, 78.125, 2.735043071066925e-20, nan 
173.625, 78.125, 1.5024680626985836e-20, nan 
173.875, 78.125, 1.0761462570747679e-20, nan 
174.125, 78.125, 9.670907004418293e-21, nan 
174.375, 78.125, 1.0107100229097417e-20, nan 
174.625, 78.125, 1.7436688732519037e-20, nan 
174.875, 78.125, 1.4014572916184104e-20, nan 
175.125, 78.125, 1.1776938713666313e-20, nan 
175.375, 78.125, 1.2821817336044547e-20, nan 
175.625, 78.125, 1.1693821067541336e-20, nan 
175.875, 78.125, 1.6194947833657837e-20, nan 
176.125, 78.125, 1.9063135594071825e-20, nan 
176.375, 78.125, 1.665145219079408e-20, nan 
176.625, 78.125, 1.5235805114256326e-20, nan 
176.875, 78.125, 8.762054036079927e-21, nan 
177.125, 78.125, 9.856940014813433e-21, nan 
177.375, 78.125, 6.376168702545235e-21, nan 
177.625, 78.125, 7.045634421905768e-21, nan 
177.875, 78.125, 9.330959614916592e-21, nan 
178.125, 78.125, 7.760311039666907e-21, nan 
178.375, 78.125, 7.25142963245511e-21, nan 
178.625, 78.125, 7.66668838286659e-21, nan 
178.875, 78.125, 1.9465089922025663e-20, nan 
179.125, 78.125, 1.835356246735119e-20, nan 
179.375, 78.125, 1.37376209335632e-20, nan 
179.625, 78.125, 1.3033134754364038e-20, nan 
179.875, 78.125, 1.3158604695381173e-20, nan 
-179.875, 78.375, 7.029618852329679e-21, nan 
-179.625, 78.375, 5.80184568551702e-21, nan 
-179.375, 78.375, 7.499121872258168e-21, nan 
-179.125, 78.375, 1.0959033255370736e-20, nan 
-178.875, 78.375, 1.2125196730304083e-20, nan 
-178.625, 78.375, 1.0784809101858074e-20, nan 
-178.375, 78.375, 1.4359597867383848e-20, nan 
-178.125, 78.375, 1.0285774765154568e-20, nan 
-177.875, 78.375, 5.896814896966363e-21, nan 
-177.625, 78.375, 5.3391743851005e-21, nan 
-177.375, 78.375, 6.4150086587273e-21, nan 
-177.125, 78.375, 7.686354815969509e-21, nan 
-176.875, 78.375, 9.430505087020165e-21, nan 
-176.625, 78.375, 1.0682997507778457e-20, nan 
-176.375, 78.375, 8.482090959429597e-21, nan 
-176.125, 78.375, 6.1846732810016755e-21, nan 
-175.875, 78.375, 6.684109244874442e-21, nan 
-175.625, 78.375, 5.559140180965171e-21, nan 
-175.375, 78.375, 5.67453474798907e-21, nan 
-175.125, 78.375, 2.9618650332827038e-21, nan 
-174.875, 78.375, 3.099268006416196e-21, nan 
-174.625, 78.375, 1.955049111089524e-21, nan 
-174.375, 78.375, 2.368496743728355e-21, nan 
-174.125, 78.375, 2.8224687146830255e-21, nan 
-173.875, 78.375, 3.571310496592526e-21, nan 
-173.625, 78.375, 3.0596121933754674e-21, nan 
-173.375, 78.375, 5.002466505062686e-21, nan 
-173.125, 78.375, 4.739689838851902e-21, nan 
-172.875, 78.375, 7.101821864539536e-21, nan 
-172.625, 78.375, 5.4529670384616716e-21, nan 
-172.375, 78.375, 6.243313263830574e-21, nan 
-172.125, 78.375, 7.224784692126917e-21, nan 
-171.875, 78.375, 6.769147757254804e-21, nan 
-171.625, 78.375, 9.41167259440293e-21, nan 
-171.375, 78.375, 7.235199537245096e-21, nan 
-171.125, 78.375, 8.12594390067787e-21, nan 
-170.875, 78.375, 8.080091924856694e-21, nan 
-170.625, 78.375, 7.846900736959377e-21, nan 
-170.375, 78.375, 5.893226390252732e-21, nan 
-170.125, 78.375, 6.267675754789092e-21, nan 
-169.875, 78.375, 6.6600581827711465e-21, nan 
-169.625, 78.375, 5.364907985469327e-21, nan 
-169.375, 78.375, 4.619653850862273e-21, nan 
-169.125, 78.375, 4.35580365080779e-21, nan 
-168.875, 78.375, 2.8239004733739284e-21, nan 
-168.625, 78.375, 4.099901670877678e-21, nan 
-168.375, 78.375, 3.2265981602562365e-21, nan 
-168.125, 78.375, 1.8510633014732334e-21, nan 
-167.875, 78.375, 1.980572541490528e-21, nan 
-167.625, 78.375, 1.86053652272293e-21, nan 
-167.375, 78.375, 2.9473207437839358e-21, nan 
-167.125, 78.375, 2.3289167058270634e-21, nan 
-166.875, 78.375, 2.1385591040427316e-21, nan 
-166.625, 78.375, 2.566543383800994e-21, nan 
-166.375, 78.375, 3.0619081723710857e-21, nan 
-166.125, 78.375, 2.429646870475819e-21, nan 
-165.875, 78.375, 2.7174016289987846e-21, nan 
-165.625, 78.375, 1.8894367000305054e-21, nan 
-165.375, 78.375, 1.5662232290690758e-21, nan 
-165.125, 78.375, 2.09508015258534e-21, nan 
-164.875, 78.375, 2.0847727508978588e-21, nan 
-164.625, 78.375, 1.251154712480488e-21, nan 
-164.375, 78.375, 1.1779419393316746e-21, nan 
-164.125, 78.375, 9.357088264622803e-22, nan 
-163.875, 78.375, 9.01337474448184e-22, nan 
-163.625, 78.375, 1.0617434913985267e-21, nan 
-163.375, 78.375, 1.216161173608296e-21, nan 
-163.125, 78.375, 1.1372098899903625e-21, nan 
-162.875, 78.375, 1.1494569929944112e-21, nan 
-162.625, 78.375, 9.820368692788002e-22, nan 
-162.375, 78.375, 9.046335395440899e-22, nan 
-162.125, 78.375, 8.80956661142912e-22, nan 
-161.875, 78.375, 8.366746478080732e-22, nan 
-161.625, 78.375, 8.122802470430023e-22, nan 
-161.375, 78.375, 4.564758333249367e-22, nan 
-161.125, 78.375, 1.9021248442426824e-22, nan 
-160.875, 78.375, 3.3157679597849426e-22, nan 
-160.625, 78.375, 4.79675407526712e-22, nan 
-160.375, 78.375, 3.496714999911806e-22, nan 
-160.125, 78.375, 2.0720991838605631e-22, nan 
-159.875, 78.375, 8.662558150245454e-22, nan 
-159.625, 78.375, 1.0202355619186597e-21, nan 
-159.375, 78.375, 3.8540635205001687e-22, nan 
-159.125, 78.375, 2.8480201291929263e-22, nan 
-158.875, 78.375, 5.829710946587224e-22, nan 
-158.625, 78.375, 4.741635142757195e-22, nan 
-158.375, 78.375, 3.531551121376908e-22, nan 
-158.125, 78.375, 3.222675760655846e-22, nan 
-157.875, 78.375, 6.05915417146065e-22, nan 
-157.625, 78.375, 5.95932657760402e-22, nan 
-157.375, 78.375, 1.4115375640707296e-21, nan 
-157.125, 78.375, 1.3501981550748222e-21, nan 
-156.875, 78.375, 1.072300442414393e-21, nan 
-156.625, 78.375, 1.1950781823043128e-21, nan 
-156.375, 78.375, 1.1614358885305177e-21, nan 
-156.125, 78.375, 7.315705541084358e-22, nan 
-155.875, 78.375, 4.701642518754887e-22, nan 
-155.625, 78.375, 3.769348924450056e-22, nan 
-155.375, 78.375, 5.015464882451938e-22, nan 
-155.125, 78.375, 4.994183306825279e-22, nan 
-154.875, 78.375, 6.192823567390622e-22, nan 
-154.625, 78.375, 3.67739375561719e-22, nan 
-154.375, 78.375, 5.216536740366015e-22, nan 
-154.125, 78.375, 5.9152752642748905e-22, nan 
-153.875, 78.375, 6.196150878249286e-22, nan 
-153.625, 78.375, 6.539815960455779e-22, nan 
-153.375, 78.375, 6.840333390835679e-22, nan 
-153.125, 78.375, 7.222311291754184e-22, nan 
-152.875, 78.375, 9.3114005845414e-22, nan 
-152.625, 78.375, 7.407795369904354e-22, nan 
-152.375, 78.375, 6.505322656081515e-22, nan 
-152.125, 78.375, 6.523521797452531e-22, nan 
-151.875, 78.375, 7.393353632996377e-22, nan 
-151.625, 78.375, 1.0086967678480396e-21, nan 
-151.375, 78.375, 7.382082952103096e-22, nan 
-151.125, 78.375, 7.137345524561787e-22, nan 
-150.875, 78.375, 7.928730635417545e-22, nan 
-150.625, 78.375, 1.1891066670027135e-21, nan 
-150.375, 78.375, 1.0220449483912368e-21, nan 
-150.125, 78.375, 5.166387545649141e-22, nan 
-149.875, 78.375, 5.25984582534729e-22, nan 
-149.625, 78.375, 1.0810584146105007e-21, nan 
-149.375, 78.375, 1.7862952747413983e-21, nan 
-149.125, 78.375, 1.7432679755230914e-21, nan 
-148.875, 78.375, 1.1593448591901138e-21, nan 
-148.625, 78.375, 1.084337228913735e-21, nan 
-148.375, 78.375, 9.096352118781497e-22, nan 
-148.125, 78.375, 1.1038482837001262e-21, nan 
-147.875, 78.375, 1.1884527900733234e-21, nan 
-147.625, 78.375, 1.2184486540331885e-21, nan 
-147.375, 78.375, 1.5310044084802456e-21, nan 
-147.125, 78.375, 1.3671357607397901e-21, nan 
-146.875, 78.375, 8.122996233394343e-22, nan 
-146.625, 78.375, 6.199170675888187e-22, nan 
-146.375, 78.375, 7.948962942983249e-22, nan 
-146.125, 78.375, 7.208319748934863e-22, nan 
-145.875, 78.375, 5.911841741192642e-22, nan 
-145.625, 78.375, 4.87589627173135e-22, nan 
-145.375, 78.375, 5.25528364679121e-22, nan 
-145.125, 78.375, 7.39739518814165e-22, nan 
-144.875, 78.375, 9.06883720134096e-22, nan 
-144.625, 78.375, 7.417600409490054e-22, nan 
-144.375, 78.375, 5.616794108084281e-22, nan 
-144.125, 78.375, 5.105615214000173e-22, nan 
-143.875, 78.375, 5.245353273943515e-22, nan 
-143.625, 78.375, 2.9614784822257377e-22, nan 
-143.375, 78.375, 2.6235604793275434e-22, nan 
-143.125, 78.375, 4.356870672590296e-22, nan 
-142.875, 78.375, 7.226049373494871e-22, nan 
-142.625, 78.375, 1.2121163977847507e-21, nan 
-142.375, 78.375, 1.165250999475985e-21, nan 
-142.125, 78.375, 9.796846216404414e-22, nan 
-141.875, 78.375, 8.190200544474776e-22, nan 
-141.625, 78.375, 9.357693015795808e-22, nan 
-141.375, 78.375, 1.4649909765154883e-21, nan 
-141.125, 78.375, 1.4919487576546093e-21, nan 
-140.875, 78.375, 1.1619799525963663e-21, nan 
-140.625, 78.375, 1.2660414085724814e-21, nan 
-140.375, 78.375, 1.542303699099509e-21, nan 
-140.125, 78.375, 1.746281353182591e-21, nan 
-139.875, 78.375, 1.3800601808520075e-21, nan 
-139.625, 78.375, 9.133270998395714e-22, nan 
-139.375, 78.375, 8.20740397699699e-22, nan 
-139.125, 78.375, 1.0983488147816892e-21, nan 
-138.875, 78.375, 1.2713247088752096e-21, nan 
-138.625, 78.375, 1.181628688394555e-21, nan 
-138.375, 78.375, 7.902398640410604e-22, nan 
-138.125, 78.375, 2.4920240971314077e-22, nan 
-137.875, 78.375, 1.1213654471992808e-22, nan 
-137.625, 78.375, 1.3340382690501325e-22, nan 
-137.375, 78.375, 2.7286599439419968e-22, nan 
-137.125, 78.375, 2.290568526398127e-22, nan 
-136.875, 78.375, 4.212068130886824e-22, nan 
-136.625, 78.375, 4.405353302775272e-22, nan 
-136.375, 78.375, 4.300771746232184e-22, nan 
-136.125, 78.375, 3.3530670013185944e-22, nan 
-135.875, 78.375, 2.6955195390800067e-22, nan 
-135.625, 78.375, 5.580110994604583e-22, nan 
-135.375, 78.375, 7.482011828597415e-22, nan 
-135.125, 78.375, 1.9139003772567537e-22, nan 
-134.875, 78.375, 3.3273516944188966e-22, nan 
-134.625, 78.375, 1.789684369234012e-22, nan 
-134.375, 78.375, 3.025887346528634e-22, nan 
-134.125, 78.375, 4.1102692093223857e-22, nan 
-133.875, 78.375, 1.3029407380455762e-22, nan 
-133.625, 78.375, 2.1672114110014307e-22, nan 
-133.375, 78.375, 1.2039550699706413e-22, nan 
-133.125, 78.375, 1.1912248434232547e-22, nan 
-132.875, 78.375, 1.1143866595747488e-22, nan 
-132.625, 78.375, 7.119244118807242e-23, nan 
-132.375, 78.375, 9.965239788118986e-23, nan 
-132.125, 78.375, 1.7197236766089468e-22, nan 
-131.875, 78.375, 1.3628693338627065e-22, nan 
-131.625, 78.375, 6.950248860438597e-23, nan 
-131.375, 78.375, 8.237175851142771e-23, nan 
-131.125, 78.375, 9.905258287140145e-23, nan 
-130.875, 78.375, 7.007787504528701e-23, nan 
-130.625, 78.375, 5.560888496902568e-23, nan 
-130.375, 78.375, 3.7150908354956535e-23, nan 
-130.125, 78.375, 3.5807055839528185e-23, nan 
-129.875, 78.375, 2.5840244572749617e-23, nan 
-129.625, 78.375, 5.355488703688254e-23, nan 
-129.375, 78.375, 6.278176475965645e-23, nan 
-129.125, 78.375, 5.690726607482553e-23, nan 
-128.875, 78.375, 7.74538399327006e-23, nan 
-128.625, 78.375, 9.47288577940939e-23, nan 
-128.375, 78.375, 1.2920389000913927e-22, nan 
-128.125, 78.375, 1.9420945939330686e-22, nan 
-127.875, 78.375, 1.9359607833167342e-22, nan 
-127.625, 78.375, 1.1387820718255893e-22, nan 
-127.375, 78.375, 1.9748499765014086e-22, nan 
-127.125, 78.375, 1.347178223496577e-22, nan 
-126.875, 78.375, 8.026892052386408e-23, nan 
-126.625, 78.375, 8.577119495097875e-23, nan 
-126.375, 78.375, 1.7558905749486812e-22, nan 
-126.125, 78.375, 1.558604889912487e-22, nan 
-125.875, 78.375, 2.1105078599416403e-22, nan 
-125.625, 78.375, 2.5295309488968433e-22, nan 
-125.375, 78.375, 2.606431538089619e-22, nan 
-125.125, 78.375, 3.0033000845058913e-22, nan 
-124.875, 78.375, 2.912975705341669e-22, nan 
-124.625, 78.375, 3.0617115471968935e-22, nan 
-124.375, 78.375, 3.0405497334625717e-22, nan 
-124.125, 78.375, 2.1081762519064722e-22, nan 
-123.875, 78.375, 1.2062988777742012e-22, nan 
-123.625, 78.375, 1.8660692487405578e-22, nan 
-123.375, 78.375, 1.8058150307168553e-22, nan 
-123.125, 78.375, 5.179668596296213e-23, nan 
-122.875, 78.375, 1.2950960840490682e-22, nan 
-122.625, 78.375, 1.5725464766482434e-22, nan 
-122.375, 78.375, 1.432584237970923e-22, nan 
-122.125, 78.375, 1.2880833782232836e-22, nan 
-121.875, 78.375, 6.4633133630434e-23, nan 
-121.625, 78.375, 5.158118837882833e-23, nan 
-121.375, 78.375, 4.397644249228371e-23, nan 
-121.125, 78.375, 4.225807218081189e-23, nan 
-120.875, 78.375, 3.4027471941909145e-23, nan 
-120.625, 78.375, 6.244237870510269e-23, nan 
-120.375, 78.375, 4.5788202833205494e-23, nan 
-120.125, 78.375, 3.506476554882142e-22, nan 
-119.875, 78.375, 4.417834200287457e-22, nan 
-119.625, 78.375, 3.6067285853461036e-22, nan 
-119.375, 78.375, 6.919892382638599e-23, nan 
-119.125, 78.375, 8.842924703352828e-23, nan 
-118.875, 78.375, 6.040895825590141e-23, nan 
-118.625, 78.375, 4.4946982968501625e-23, nan 
-118.375, 78.375, 4.651288386787415e-23, nan 
-118.125, 78.375, 5.719324101493509e-23, nan 
-117.875, 78.375, 6.46130282582556e-23, nan 
-117.625, 78.375, 5.816777884862512e-23, nan 
-117.375, 78.375, 6.497659759489367e-23, nan 
-117.125, 78.375, 6.174520662056532e-23, nan 
-116.875, 78.375, 5.626810362954624e-23, nan 
-116.625, 78.375, 4.6622402443157435e-23, nan 
-116.375, 78.375, 4.421378976184026e-23, nan 
-116.125, 78.375, 5.1187758059626454e-23, nan 
-115.875, 78.375, 5.462726285550356e-23, nan 
-115.625, 78.375, 6.210058580061805e-23, nan 
-115.375, 78.375, 8.917224063431267e-23, nan 
-115.125, 78.375, 8.135798375226676e-23, nan 
-114.875, 78.375, 8.555589399682568e-23, nan 
-114.625, 78.375, 7.758130848093156e-23, nan 
-114.375, 78.375, 7.502271483566114e-23, nan 
-114.125, 78.375, 7.851940350626013e-23, nan 
-113.875, 78.375, 8.330739115454051e-23, nan 
-113.625, 78.375, 8.635206403946761e-23, nan 
-113.375, 78.375, 7.944898662438193e-23, nan 
-113.125, 78.375, 7.120078105879101e-23, nan 
-112.875, 78.375, 6.962152045853999e-23, nan 
-112.625, 78.375, 5.91820481562993e-23, nan 
-112.375, 78.375, 5.0755765111597137e-23, nan 
-112.125, 78.375, 4.434154907232833e-23, nan 
-111.875, 78.375, 3.80605113872906e-23, nan 
-111.625, 78.375, 4.116420321977059e-23, nan 
-111.375, 78.375, 3.6467619062046544e-23, nan 
-111.125, 78.375, 4.438172513538715e-23, nan 
-110.875, 78.375, 4.950503306989105e-23, nan 
-110.625, 78.375, 6.005885002093367e-23, nan 
-110.375, 78.375, 5.719733157888228e-23, nan 
-110.125, 78.375, 4.2445441612203385e-23, nan 
-109.875, 78.375, 3.685183483104148e-23, nan 
-109.625, 78.375, 5.084602284427749e-23, nan 
-109.375, 78.375, 6.131347015506517e-23, nan 
-109.125, 78.375, 4.8895093255074234e-23, nan 
-108.875, 78.375, 3.154797101093611e-23, nan 
-108.625, 78.375, 3.631413596943875e-23, nan 
-108.375, 78.375, 5.296856545706573e-23, nan 
-108.125, 78.375, 5.208535530817561e-23, nan 
-107.875, 78.375, 5.948409634693302e-23, nan 
-107.625, 78.375, 3.8677637796370393e-23, nan 
-107.375, 78.375, 5.092684318786165e-23, nan 
-107.125, 78.375, 3.3767178077484835e-23, nan 
-106.875, 78.375, 2.735641355684558e-23, nan 
-106.625, 78.375, 2.4675354840249244e-23, nan 
-106.375, 78.375, 4.016158750387658e-23, nan 
-106.125, 78.375, 3.107948203003265e-23, nan 
-105.875, 78.375, 2.383944092221122e-23, nan 
-105.625, 78.375, 2.4802910958054286e-23, nan 
-105.375, 78.375, 2.433164322517636e-23, nan 
-105.125, 78.375, 2.853651763463051e-23, nan 
-104.875, 78.375, 2.853685592853589e-23, nan 
-104.625, 78.375, 3.526416251610949e-23, nan 
-104.375, 78.375, 3.5303954643918634e-23, nan 
-104.125, 78.375, 3.264439398228117e-23, nan 
-103.875, 78.375, 2.3527819371532274e-23, nan 
-103.625, 78.375, 2.44676164047089e-23, nan 
-103.375, 78.375, 2.9792742975074133e-23, nan 
-103.125, 78.375, 2.049857396320089e-23, nan 
-102.875, 78.375, 2.6710994688901174e-23, nan 
-102.625, 78.375, 1.989214047564594e-23, nan 
-102.375, 78.375, 1.7205497488224246e-23, nan 
-102.125, 78.375, 1.2833375645286176e-23, nan 
-101.875, 78.375, 1.7222760369100962e-23, nan 
-101.625, 78.375, 1.9448342629968863e-23, nan 
-101.375, 78.375, 1.4772539000145646e-23, nan 
-101.125, 78.375, 1.9329654016781537e-23, nan 
-100.875, 78.375, 2.239260731737342e-23, nan 
-100.625, 78.375, 3.0198428097097873e-23, nan 
-100.375, 78.375, 3.7573602194847977e-23, nan 
-100.125, 78.375, 3.9137288330463894e-23, nan 
-99.875, 78.375, 4.1454106915226887e-23, nan 
-99.625, 78.375, 4.3552951087729754e-23, nan 
-99.375, 78.375, 4.297617772277515e-23, nan 
71.375, 78.375, 8.798400953292999e-24, nan 
71.625, 78.375, 1.3054304798072505e-23, nan 
71.875, 78.375, 1.490019294802926e-23, nan 
72.125, 78.375, 6.109759156106857e-24, nan 
72.375, 78.375, 9.637884179019271e-24, nan 
72.625, 78.375, 9.646285082162927e-24, nan 
72.875, 78.375, 6.958781256478842e-24, nan 
73.125, 78.375, 1.2573443829811701e-23, nan 
73.375, 78.375, 1.3700766719574387e-23, nan 
73.625, 78.375, 1.8418248951596564e-23, nan 
73.875, 78.375, 3.689831244575984e-23, nan 
74.125, 78.375, 2.46322107150383e-23, nan 
74.375, 78.375, 1.3715765326133877e-23, nan 
74.625, 78.375, 1.85471896774447e-23, nan 
74.875, 78.375, 3.1281713800121434e-23, nan 
75.125, 78.375, 6.866674716080603e-23, nan 
75.375, 78.375, 3.321045120363604e-23, nan 
75.625, 78.375, 1.541885894551575e-23, nan 
75.875, 78.375, 2.2758012392214438e-23, nan 
76.125, 78.375, 3.3670689539787803e-23, nan 
76.375, 78.375, 4.951016329137333e-23, nan 
76.625, 78.375, 2.7597693336078587e-23, nan 
76.875, 78.375, 1.1287730598325423e-23, nan 
77.125, 78.375, 1.2135647248063919e-23, nan 
77.375, 78.375, 9.888927126116578e-24, nan 
77.625, 78.375, 1.5206226569379587e-23, nan 
77.875, 78.375, 1.1027219613949394e-23, nan 
78.125, 78.375, 1.2487658160291409e-23, nan 
78.375, 78.375, 1.6023836961135107e-23, nan 
78.625, 78.375, 1.0501409050060746e-23, nan 
78.875, 78.375, 1.1080149461886065e-23, nan 
79.125, 78.375, 2.0631399440316915e-23, nan 
79.375, 78.375, 3.8718804715705355e-23, nan 
79.625, 78.375, 2.3143409769644815e-23, nan 
79.875, 78.375, 2.709654242990448e-23, nan 
80.125, 78.375, 2.769522425744085e-23, nan 
80.375, 78.375, 1.8916142139303114e-23, nan 
80.625, 78.375, 2.2123465594135805e-23, nan 
80.875, 78.375, 2.051395768305447e-23, nan 
81.125, 78.375, 1.569027947328874e-23, nan 
81.375, 78.375, 2.5304879160512298e-23, nan 
81.625, 78.375, 2.168923364964754e-23, nan 
81.875, 78.375, 1.9658957863545552e-23, nan 
82.125, 78.375, 2.0676529297710525e-23, nan 
82.375, 78.375, 2.893640174018116e-23, nan 
82.625, 78.375, 1.5967658490735456e-23, nan 
82.875, 78.375, 2.154055463239798e-23, nan 
83.125, 78.375, 2.2612843227450302e-23, nan 
83.375, 78.375, 3.5416503840927947e-23, nan 
83.625, 78.375, 3.0025383687390846e-23, nan 
83.875, 78.375, 3.324349895165238e-23, nan 
84.125, 78.375, 2.553609747382118e-23, nan 
84.375, 78.375, 2.7618067400551034e-23, nan 
84.625, 78.375, 2.9560279450528264e-23, nan 
84.875, 78.375, 3.090354271511003e-23, nan 
85.125, 78.375, 3.8455357791647117e-23, nan 
85.375, 78.375, 3.118362165829791e-23, nan 
85.625, 78.375, 2.533084585919306e-23, nan 
85.875, 78.375, 2.793672498213603e-23, nan 
86.125, 78.375, 2.6702942260172005e-23, nan 
86.375, 78.375, 2.5202280080351398e-23, nan 
86.625, 78.375, 2.1879231326160708e-23, nan 
86.875, 78.375, 1.9229085186224304e-23, nan 
87.125, 78.375, 2.1974153414420866e-23, nan 
87.375, 78.375, 3.452619492778757e-23, nan 
87.625, 78.375, 2.843486374484122e-23, nan 
87.875, 78.375, 1.5977872436023328e-23, nan 
88.125, 78.375, 1.461166970023079e-23, nan 
88.375, 78.375, 3.176399140768944e-23, nan 
88.625, 78.375, 4.337890792578967e-23, nan 
88.875, 78.375, 4.563498576307829e-23, nan 
89.125, 78.375, 3.335242285003925e-23, nan 
89.375, 78.375, 1.9604460189580734e-23, nan 
89.625, 78.375, 1.6091791895223674e-23, nan 
89.875, 78.375, 7.582286829565122e-24, nan 
90.125, 78.375, 1.803614290618715e-23, nan 
90.375, 78.375, 3.2575304793631225e-23, nan 
90.625, 78.375, 1.5308340854380962e-23, nan 
90.875, 78.375, 2.226007233527135e-23, nan 
91.125, 78.375, 2.2190872997472074e-23, nan 
91.375, 78.375, 2.5168999592895763e-23, nan 
91.625, 78.375, 3.4985405092572816e-23, nan 
91.875, 78.375, 2.9213793877427964e-23, nan 
92.125, 78.375, 3.325994078294467e-23, nan 
92.375, 78.375, 3.6743360739646714e-23, nan 
92.625, 78.375, 4.630234904891033e-23, nan 
92.875, 78.375, 6.276079181143547e-23, nan 
93.125, 78.375, 5.419316870125043e-23, nan 
93.375, 78.375, 6.237285105200773e-23, nan 
93.625, 78.375, 5.407299059060886e-23, nan 
93.875, 78.375, 5.992795195048492e-23, nan 
94.125, 78.375, 8.195880207712465e-23, nan 
94.375, 78.375, 7.049228213364701e-23, nan 
94.625, 78.375, 7.027943290900048e-23, nan 
94.875, 78.375, 6.963375285644627e-23, nan 
95.125, 78.375, 9.336844890003547e-23, nan 
95.375, 78.375, 8.39290611257115e-23, nan 
95.625, 78.375, 7.519626770924681e-23, nan 
95.875, 78.375, 5.25586749414143e-23, nan 
96.125, 78.375, 8.799355863092627e-23, nan 
96.375, 78.375, 9.333058925382302e-23, nan 
96.625, 78.375, 9.542094837496867e-23, nan 
96.875, 78.375, 1.238492102232291e-22, nan 
97.125, 78.375, 9.922803073198392e-23, nan 
97.375, 78.375, 7.877151620711141e-23, nan 
97.625, 78.375, 7.305106331608865e-23, nan 
97.875, 78.375, 7.721319509710966e-23, nan 
98.125, 78.375, 9.655398508260544e-23, nan 
98.375, 78.375, 9.497304118434729e-23, nan 
98.625, 78.375, 5.94678688345411e-23, nan 
98.875, 78.375, 6.460535985450394e-23, nan 
99.125, 78.375, 3.655580185529639e-23, nan 
99.375, 78.375, 4.3090136167175363e-23, nan 
99.625, 78.375, 3.69561483711e-23, nan 
99.875, 78.375, 3.688850175401386e-23, nan 
100.125, 78.375, 4.961035535517e-23, nan 
100.375, 78.375, 4.7518322732094295e-23, nan 
100.625, 78.375, 3.775319780537911e-23, nan 
100.875, 78.375, 2.0807159602154534e-23, nan 
101.125, 78.375, 3.9026238102566485e-23, nan 
101.375, 78.375, 5.759110144293887e-23, nan 
101.625, 78.375, 7.447685062195212e-23, nan 
101.875, 78.375, 8.489207641571737e-23, nan 
102.125, 78.375, 4.6383432404038054e-23, nan 
102.375, 78.375, 2.59019745450545e-23, nan 
102.625, 78.375, 3.967004690644406e-23, nan 
102.875, 78.375, 4.851847884122447e-23, nan 
103.125, 78.375, 4.010725597613489e-23, nan 
103.375, 78.375, 3.206640164313702e-23, nan 
103.625, 78.375, 2.919656605133492e-23, nan 
103.875, 78.375, 4.3444417075506767e-23, nan 
104.125, 78.375, 3.6822155262048187e-23, nan 
104.375, 78.375, 2.536022836400925e-23, nan 
104.625, 78.375, 4.826852840862887e-23, nan 
104.875, 78.375, 5.387408417239439e-23, nan 
105.125, 78.375, 9.538249728911305e-23, nan 
105.375, 78.375, 7.302966592546214e-23, nan 
105.625, 78.375, 3.3514525664230606e-23, nan 
105.875, 78.375, 5.757951730090906e-23, nan 
106.125, 78.375, 8.428764424649209e-23, nan 
106.375, 78.375, 1.4510699208385595e-22, nan 
106.625, 78.375, 1.1309204099904138e-22, nan 
106.875, 78.375, 1.3409237495473833e-22, nan 
107.125, 78.375, 1.170833169511124e-22, nan 
107.375, 78.375, 1.1487047450917087e-22, nan 
107.625, 78.375, 7.844617650602722e-23, nan 
107.875, 78.375, 9.093228190120317e-23, nan 
108.125, 78.375, 1.469899253764921e-22, nan 
108.375, 78.375, 1.274919308879075e-22, nan 
108.625, 78.375, 1.0368300874642554e-22, nan 
108.875, 78.375, 7.759047665946343e-23, nan 
109.125, 78.375, 8.654314947648901e-23, nan 
109.375, 78.375, 8.5464343246797e-23, nan 
109.625, 78.375, 5.316024744046834e-23, nan 
109.875, 78.375, 5.288759292044964e-23, nan 
110.125, 78.375, 2.139234726225583e-22, nan 
110.375, 78.375, 3.1352376981455876e-22, nan 
110.625, 78.375, 3.242984890231261e-22, nan 
110.875, 78.375, 2.7686742068579876e-22, nan 
111.125, 78.375, 1.7698291042642276e-22, nan 
111.375, 78.375, 2.719869201233107e-22, nan 
111.625, 78.375, 3.7774602352360215e-22, nan 
111.875, 78.375, 3.9180952288924594e-22, nan 
112.125, 78.375, 3.461397720597932e-22, nan 
112.375, 78.375, 2.279638203807344e-22, nan 
112.625, 78.375, 1.943234453146647e-22, nan 
112.875, 78.375, 2.3350863720299235e-22, nan 
113.125, 78.375, 2.4530525597621254e-22, nan 
113.375, 78.375, 2.2883373038796193e-22, nan 
113.625, 78.375, 1.7167698730155705e-22, nan 
113.875, 78.375, 1.3404763420133632e-22, nan 
114.125, 78.375, 1.1756116028900758e-22, nan 
114.375, 78.375, 1.484637590348716e-22, nan 
114.625, 78.375, 1.591998009455918e-22, nan 
114.875, 78.375, 2.4800854111003614e-22, nan 
115.125, 78.375, 2.1159055173066004e-22, nan 
115.375, 78.375, 1.2564233494861125e-22, nan 
115.625, 78.375, 2.173492638396452e-22, nan 
115.875, 78.375, 2.4126035981506603e-22, nan 
116.125, 78.375, 2.475911393647282e-22, nan 
116.375, 78.375, 2.2052922266166248e-22, nan 
116.625, 78.375, 1.5089306959911196e-22, nan 
116.875, 78.375, 1.138380241977763e-22, nan 
117.125, 78.375, 3.9795146621118454e-22, nan 
117.375, 78.375, 4.396351850656559e-22, nan 
117.625, 78.375, 3.4838035430139036e-22, nan 
117.875, 78.375, 1.3932789266962074e-22, nan 
118.125, 78.375, 1.0425217926831155e-22, nan 
118.375, 78.375, 2.9806283256472124e-22, nan 
118.625, 78.375, 3.2238690638923523e-22, nan 
118.875, 78.375, 4.176272611084381e-22, nan 
119.125, 78.375, 4.337819525073046e-22, nan 
119.375, 78.375, 3.4940364567417117e-22, nan 
119.625, 78.375, 2.501757817801787e-22, nan 
119.875, 78.375, 2.6151151425979467e-22, nan 
120.125, 78.375, 3.36910649121287e-22, nan 
120.375, 78.375, 3.8879460908728717e-22, nan 
120.625, 78.375, 3.84021627155171e-22, nan 
120.875, 78.375, 4.053205792859048e-22, nan 
121.125, 78.375, 4.116698345309851e-22, nan 
121.375, 78.375, 3.2777188803227345e-22, nan 
121.625, 78.375, 2.324365672351783e-22, nan 
121.875, 78.375, 1.9747388774357279e-22, nan 
122.125, 78.375, 1.39954105280023e-22, nan 
122.375, 78.375, 1.6002100534461483e-22, nan 
122.625, 78.375, 2.0397284607854937e-22, nan 
122.875, 78.375, 1.2557337377201975e-22, nan 
123.125, 78.375, 1.5838150416925253e-22, nan 
123.375, 78.375, 2.152471552223198e-22, nan 
123.625, 78.375, 1.839106298467145e-22, nan 
123.875, 78.375, 1.9689394209663908e-22, nan 
124.125, 78.375, 1.6240878923272914e-22, nan 
124.375, 78.375, 2.084325347847179e-22, nan 
124.625, 78.375, 1.9920994388937546e-22, nan 
124.875, 78.375, 2.0942733684052092e-22, nan 
125.125, 78.375, 2.190011744838913e-22, nan 
125.375, 78.375, 2.532723915101317e-22, nan 
125.625, 78.375, 2.455213243920082e-22, nan 
125.875, 78.375, 2.1258378086560753e-22, nan 
126.125, 78.375, 2.824090965449542e-22, nan 
126.375, 78.375, 2.1825896058483632e-22, nan 
126.625, 78.375, 2.3951490375910056e-22, nan 
126.875, 78.375, 2.6376459427774093e-22, nan 
127.125, 78.375, 3.5721138910684923e-22, nan 
127.375, 78.375, 5.30455892817993e-22, nan 
127.625, 78.375, 3.423887741874685e-22, nan 
127.875, 78.375, 3.49399895724079e-22, nan 
128.125, 78.375, 3.2088531645307467e-22, nan 
128.375, 78.375, 3.031934956490494e-22, nan 
128.625, 78.375, 3.748421524059834e-22, nan 
128.875, 78.375, 2.9974577239386247e-22, nan 
129.125, 78.375, 3.6682946052449037e-22, nan 
129.375, 78.375, 3.8343842934935512e-22, nan 
129.625, 78.375, 3.456635754740033e-22, nan 
129.875, 78.375, 2.588306074002527e-22, nan 
130.125, 78.375, 2.2225631938700764e-22, nan 
130.375, 78.375, 5.400706442761797e-22, nan 
130.625, 78.375, 7.0204969464587125e-22, nan 
130.875, 78.375, 7.215999881757295e-22, nan 
131.125, 78.375, 6.916591109366049e-22, nan 
131.375, 78.375, 3.088656958723679e-22, nan 
131.625, 78.375, 3.593619505173588e-22, nan 
131.875, 78.375, 5.105062622847769e-22, nan 
132.125, 78.375, 5.294125653594614e-22, nan 
132.375, 78.375, 5.323909162899746e-22, nan 
132.625, 78.375, 3.357539755405797e-22, nan 
132.875, 78.375, 3.584120627797128e-22, nan 
133.125, 78.375, 1.922172330509451e-22, nan 
133.375, 78.375, 2.7634339022662577e-22, nan 
133.625, 78.375, 2.565141275247453e-22, nan 
133.875, 78.375, 4.1981021321084865e-22, nan 
134.125, 78.375, 5.661631839114359e-22, nan 
134.375, 78.375, 4.684715576425433e-22, nan 
134.625, 78.375, 3.9107755415634854e-22, nan 
134.875, 78.375, 4.778507311706356e-22, nan 
135.125, 78.375, 6.03721295886128e-22, nan 
135.375, 78.375, 5.3823752101205375e-22, nan 
135.625, 78.375, 5.516559262108068e-22, nan 
135.875, 78.375, 4.321967323025315e-22, nan 
136.125, 78.375, 4.49282003404289e-22, nan 
136.375, 78.375, 4.883783985666087e-22, nan 
136.625, 78.375, 6.523698237562437e-22, nan 
136.875, 78.375, 5.684433451942604e-22, nan 
137.125, 78.375, 7.591183753001948e-22, nan 
137.375, 78.375, 8.031550250397762e-22, nan 
137.625, 78.375, 8.608744383424664e-22, nan 
137.875, 78.375, 8.75451791439896e-22, nan 
138.125, 78.375, 7.651090242885855e-22, nan 
138.375, 78.375, 8.977467605238293e-22, nan 
138.625, 78.375, 8.769663489937781e-22, nan 
138.875, 78.375, 9.705723477346793e-22, nan 
139.125, 78.375, 8.365346812664523e-22, nan 
139.375, 78.375, 7.455120586204443e-22, nan 
139.625, 78.375, 8.75166632328514e-22, nan 
139.875, 78.375, 7.00046492203836e-22, nan 
140.125, 78.375, 1.011461660941195e-21, nan 
140.375, 78.375, 8.382809049960277e-22, nan 
140.625, 78.375, 1.3053292919498649e-21, nan 
140.875, 78.375, 1.0291840716108276e-21, nan 
141.125, 78.375, 8.316533597203665e-22, nan 
141.375, 78.375, 5.838778258685782e-22, nan 
141.625, 78.375, 6.045727851858903e-22, nan 
141.875, 78.375, 6.996390299973276e-22, nan 
142.125, 78.375, 1.774199546988933e-21, nan 
142.375, 78.375, 1.4196467418010555e-21, nan 
142.625, 78.375, 9.572849979297348e-22, nan 
142.875, 78.375, 6.160439209633841e-22, nan 
143.125, 78.375, 8.350430513377144e-22, nan 
143.375, 78.375, 1.4020261366068416e-21, nan 
143.625, 78.375, 1.2448950359621563e-21, nan 
143.875, 78.375, 1.0277339275281152e-21, nan 
144.125, 78.375, 6.696193277040078e-22, nan 
144.375, 78.375, 6.497160781554343e-22, nan 
144.625, 78.375, 6.670475385687961e-22, nan 
144.875, 78.375, 7.19224217218696e-22, nan 
145.125, 78.375, 7.359739290434172e-22, nan 
145.375, 78.375, 8.050832555078282e-22, nan 
145.625, 78.375, 6.927318318188574e-22, nan 
145.875, 78.375, 7.762358975982779e-22, nan 
146.125, 78.375, 6.740965024526239e-22, nan 
146.375, 78.375, 7.565016785779785e-22, nan 
146.625, 78.375, 7.017300007289617e-22, nan 
146.875, 78.375, 9.277617478492505e-22, nan 
147.125, 78.375, 9.3906050071783e-22, nan 
147.375, 78.375, 3.8496862401560305e-22, nan 
147.625, 78.375, 9.341058315209495e-22, nan 
147.875, 78.375, 1.3140314928544917e-21, nan 
148.125, 78.375, 1.543971664760322e-21, nan 
148.375, 78.375, 1.5496085282794833e-21, nan 
148.625, 78.375, 1.0990833889535866e-21, nan 
148.875, 78.375, 1.1491222572985015e-21, nan 
149.125, 78.375, 1.7159279124335287e-21, nan 
149.375, 78.375, 2.0431448053501557e-21, nan 
149.625, 78.375, 1.9484219120588392e-21, nan 
149.875, 78.375, 1.2669074223001e-21, nan 
150.125, 78.375, 8.877048609101218e-22, nan 
150.375, 78.375, 8.571290462262784e-22, nan 
150.625, 78.375, 9.695607409346008e-22, nan 
150.875, 78.375, 1.523606845731742e-21, nan 
151.125, 78.375, 1.717827723124408e-21, nan 
151.375, 78.375, 2.0064033680723025e-21, nan 
151.625, 78.375, 2.7136440247690993e-21, nan 
151.875, 78.375, 2.6962858025689735e-21, nan 
152.125, 78.375, 3.675326916045801e-21, nan 
152.375, 78.375, 3.7067714155374175e-21, nan 
152.625, 78.375, 2.101125405554561e-21, nan 
152.875, 78.375, 3.730854661183407e-21, nan 
153.125, 78.375, 3.948772574313054e-21, nan 
153.375, 78.375, 1.7651076787145507e-21, nan 
153.625, 78.375, 1.6536463028647523e-21, nan 
153.875, 78.375, 2.41188003606113e-21, nan 
154.125, 78.375, 2.2504952999470734e-21, nan 
154.375, 78.375, 4.280052573196218e-21, nan 
154.625, 78.375, 5.622954712523161e-21, nan 
154.875, 78.375, 8.150109460451505e-21, nan 
155.125, 78.375, 1.0949568281185164e-20, nan 
155.375, 78.375, 7.555247012261215e-21, nan 
155.625, 78.375, 5.1804396726518385e-21, nan 
155.875, 78.375, 7.417481771516196e-21, nan 
156.125, 78.375, 9.028232347532663e-21, nan 
156.375, 78.375, 1.0346857344868865e-20, nan 
156.625, 78.375, 7.84498757484876e-21, nan 
156.875, 78.375, 3.7899826184761776e-21, nan 
157.125, 78.375, 6.037232650532409e-21, nan 
157.375, 78.375, 6.948176380410488e-21, nan 
157.625, 78.375, 3.1328680011502223e-21, nan 
157.875, 78.375, 5.887433480399734e-21, nan 
158.125, 78.375, 4.1862639068129136e-21, nan 
158.375, 78.375, 6.709462727081954e-21, nan 
158.625, 78.375, 8.65307527265033e-21, nan 
158.875, 78.375, 1.2515370761243625e-20, nan 
159.125, 78.375, 1.4327735562604428e-20, nan 
159.375, 78.375, 9.400903252271407e-21, nan 
159.625, 78.375, 1.0248082428300058e-20, nan 
159.875, 78.375, 1.0732406962179404e-20, nan 
160.125, 78.375, 1.1754232760815356e-20, nan 
160.375, 78.375, 9.125933584208232e-21, nan 
160.625, 78.375, 7.451937101006632e-21, nan 
160.875, 78.375, 1.1736009103385118e-20, nan 
161.125, 78.375, 1.1406414812676366e-20, nan 
161.375, 78.375, 1.038836050445312e-20, nan 
161.625, 78.375, 1.2340897844648189e-20, nan 
161.875, 78.375, 1.5827231142713833e-20, nan 
162.125, 78.375, 8.211811373670366e-21, nan 
162.375, 78.375, 8.521994746347736e-21, nan 
162.625, 78.375, 7.050045342169693e-21, nan 
162.875, 78.375, 1.621939975611306e-20, nan 
163.125, 78.375, 1.6400623802799343e-20, nan 
163.375, 78.375, 7.963701938218077e-21, nan 
163.625, 78.375, 8.96299785643158e-21, nan 
163.875, 78.375, 2.4751520182028007e-20, nan 
164.125, 78.375, 2.0028741526933897e-20, nan 
164.375, 78.375, 1.3144965198696293e-20, nan 
164.625, 78.375, 1.4406538268527553e-20, nan 
164.875, 78.375, 2.1946749668684397e-20, nan 
165.125, 78.375, 3.0658750532318077e-20, nan 
165.375, 78.375, 4.052854438278015e-20, nan 
165.625, 78.375, 4.6083072025766717e-20, nan 
165.875, 78.375, 4.6512305248852495e-20, nan 
166.125, 78.375, 4.7627211554528547e-20, nan 
166.375, 78.375, 5.535823184923504e-20, nan 
166.625, 78.375, 5.0036185538744326e-20, nan 
166.875, 78.375, 5.621992692026274e-20, nan 
167.125, 78.375, 5.795288766392234e-20, nan 
167.375, 78.375, 5.524662717483328e-20, nan 
167.625, 78.375, 6.513350414061698e-20, nan 
167.875, 78.375, 3.945390094401858e-20, nan 
168.125, 78.375, 2.863845143547974e-20, nan 
168.375, 78.375, 2.9376418125902856e-20, nan 
168.625, 78.375, 2.4447550177341937e-20, nan 
168.875, 78.375, 2.2702027228368026e-20, nan 
169.125, 78.375, 1.5059236718756166e-20, nan 
169.375, 78.375, 6.549683483285902e-21, nan 
169.625, 78.375, 1.0653503087907518e-20, nan 
169.875, 78.375, 1.2475070286884737e-20, nan 
170.125, 78.375, 2.0722950219963376e-20, nan 
170.375, 78.375, 1.8183443079406638e-20, nan 
170.625, 78.375, 1.0271013501567556e-20, nan 
170.875, 78.375, 7.704719009264893e-21, nan 
171.125, 78.375, 1.1149012066861762e-20, nan 
171.375, 78.375, 2.2086734237343898e-20, nan 
171.625, 78.375, 1.8138900571469533e-20, nan 
171.875, 78.375, 1.7623926896137703e-20, nan 
172.125, 78.375, 1.667646659622947e-20, nan 
172.375, 78.375, 2.311123334510816e-20, nan 
172.625, 78.375, 1.79096422251772e-20, nan 
172.875, 78.375, 3.122635080321883e-20, nan 
173.125, 78.375, 2.8177366035036343e-20, nan 
173.375, 78.375, 1.877519948459815e-20, nan 
173.625, 78.375, 2.736014174169271e-20, nan 
173.875, 78.375, 2.1664678241833086e-20, nan 
174.125, 78.375, 1.652009879685432e-20, nan 
174.375, 78.375, 1.5522203578173657e-20, nan 
174.625, 78.375, 2.847350503414721e-21, nan 
174.875, 78.375, 1.2879498551513042e-20, nan 
175.125, 78.375, 8.837501123938756e-21, nan 
175.375, 78.375, 6.3317317604063246e-21, nan 
175.625, 78.375, 1.1642281500678097e-20, nan 
175.875, 78.375, 1.3125593752030189e-20, nan 
176.125, 78.375, 1.4611175338129998e-20, nan 
176.375, 78.375, 1.0648463799579752e-20, nan 
176.625, 78.375, 1.1279141664785652e-20, nan 
176.875, 78.375, 1.1004710095488346e-20, nan 
177.125, 78.375, 9.459524485359997e-21, nan 
177.375, 78.375, 5.3893102863080166e-21, nan 
177.625, 78.375, 2.3390721441316733e-21, nan 
177.875, 78.375, 4.649259846840963e-21, nan 
178.125, 78.375, 5.468891063915016e-21, nan 
178.375, 78.375, 7.732105274248277e-21, nan 
178.625, 78.375, 7.616764824384727e-21, nan 
178.875, 78.375, 4.449591423213729e-21, nan 
179.125, 78.375, 4.822487194139149e-21, nan 
179.375, 78.375, 3.918087834650372e-21, nan 
179.625, 78.375, 6.914574776902998e-21, nan 
179.875, 78.375, 8.86225584420257e-21, nan 
-179.875, 78.625, 6.89709753176155e-21, nan 
-179.625, 78.625, 6.947443457220726e-21, nan 
-179.375, 78.625, 5.486612078539962e-21, nan 
-179.125, 78.625, 6.03644118367756e-21, nan 
-178.875, 78.625, 4.987075532689307e-21, nan 
-178.625, 78.625, 4.814078859491394e-21, nan 
-178.375, 78.625, 5.727835443842351e-21, nan 
-178.125, 78.625, 4.5340380035024056e-21, nan 
-177.875, 78.625, 4.654760732415429e-21, nan 
-177.625, 78.625, 4.319029216497556e-21, nan 
-177.375, 78.625, 4.3635748093265895e-21, nan 
-177.125, 78.625, 8.7984335430457e-21, nan 
-176.875, 78.625, 9.012126066475297e-21, nan 
-176.625, 78.625, 1.1980875550136577e-20, nan 
-176.375, 78.625, 1.0463233776216188e-20, nan 
-176.125, 78.625, 6.5823923035468974e-21, nan 
-175.875, 78.625, 7.272445231787421e-21, nan 
-175.625, 78.625, 8.570032726443554e-21, nan 
-175.375, 78.625, 1.0060922175899142e-20, nan 
-175.125, 78.625, 4.6091884400801646e-21, nan 
-174.875, 78.625, 4.148138469252075e-21, nan 
-174.625, 78.625, 1.6489988830762082e-21, nan 
-174.375, 78.625, 2.7739345954847766e-21, nan 
-174.125, 78.625, 3.3955457238125174e-21, nan 
-173.875, 78.625, 2.527025706897141e-21, nan 
-173.625, 78.625, 2.8789076290270716e-21, nan 
-173.375, 78.625, 2.8392095677993818e-21, nan 
-173.125, 78.625, 1.1046785132199614e-21, nan 
-172.875, 78.625, 1.6096602586316854e-21, nan 
-172.625, 78.625, 2.6661344915865966e-21, nan 
-172.375, 78.625, 3.450872583301476e-21, nan 
-172.125, 78.625, 4.3818898856689586e-21, nan 
-171.875, 78.625, 4.647910831407696e-21, nan 
-171.625, 78.625, 7.934455183792075e-21, nan 
-171.375, 78.625, 5.518582275278223e-21, nan 
-171.125, 78.625, 7.197621307928242e-21, nan 
-170.875, 78.625, 7.187619711351468e-21, nan 
-170.625, 78.625, 7.034933661296728e-21, nan 
-170.375, 78.625, 6.351281244066735e-21, nan 
-170.125, 78.625, 4.7547716620505606e-21, nan 
-169.875, 78.625, 4.471552049733252e-21, nan 
-169.625, 78.625, 3.425893944673134e-21, nan 
-169.375, 78.625, 3.86558985188982e-21, nan 
-169.125, 78.625, 4.6917945594192334e-21, nan 
-168.875, 78.625, 2.6124875511165502e-21, nan 
-168.625, 78.625, 2.4782679126562988e-21, nan 
-168.375, 78.625, 1.972877873227193e-21, nan 
-168.125, 78.625, 2.6313593864417058e-21, nan 
-167.875, 78.625, 2.7091367399386586e-21, nan 
-167.625, 78.625, 2.7229811958565798e-21, nan 
-167.375, 78.625, 2.155446307308794e-21, nan 
-167.125, 78.625, 2.1069627551172307e-21, nan 
-166.875, 78.625, 1.9217216709440596e-21, nan 
-166.625, 78.625, 2.2704964559266296e-21, nan 
-166.375, 78.625, 2.4317302697022717e-21, nan 
-166.125, 78.625, 2.3358636553411272e-21, nan 
-165.875, 78.625, 1.694300738504085e-21, nan 
-165.625, 78.625, 1.7703579576652965e-21, nan 
-165.375, 78.625, 1.623125179063238e-21, nan 
-165.125, 78.625, 1.2714506578564832e-21, nan 
-164.875, 78.625, 9.219235892424789e-22, nan 
-164.625, 78.625, 1.015708168411938e-21, nan 
-164.375, 78.625, 1.2708334049855303e-21, nan 
-164.125, 78.625, 1.0883890242206911e-21, nan 
-163.875, 78.625, 1.1042891475952834e-21, nan 
-163.625, 78.625, 9.57464153845582e-22, nan 
-163.375, 78.625, 1.129673937251313e-21, nan 
-163.125, 78.625, 1.2257944310073423e-21, nan 
-162.875, 78.625, 1.7354124337078145e-21, nan 
-162.625, 78.625, 9.470941079583375e-22, nan 
-162.375, 78.625, 6.692510419236141e-22, nan 
-162.125, 78.625, 7.78585408685723e-22, nan 
-161.875, 78.625, 9.989671042635587e-22, nan 
-161.625, 78.625, 5.7843932746224495e-22, nan 
-161.375, 78.625, 2.7441754423603986e-22, nan 
-161.125, 78.625, 2.5530470760377114e-22, nan 
-160.875, 78.625, 3.7571262676172985e-22, nan 
-160.625, 78.625, 3.3020457358144135e-22, nan 
-160.375, 78.625, 2.93109849482296e-22, nan 
-160.125, 78.625, 2.8722529434568112e-22, nan 
-159.875, 78.625, 3.2734498158043034e-22, nan 
-159.625, 78.625, 2.7855170842559046e-22, nan 
-159.375, 78.625, 3.1890303063330316e-22, nan 
-159.125, 78.625, 5.005535993640264e-22, nan 
-158.875, 78.625, 3.675079809211043e-22, nan 
-158.625, 78.625, 1.3077885523865949e-21, nan 
-158.375, 78.625, 1.2927103473023064e-21, nan 
-158.125, 78.625, 9.506556621810849e-22, nan 
-157.875, 78.625, 8.82813964505615e-22, nan 
-157.625, 78.625, 1.006416918564036e-21, nan 
-157.375, 78.625, 2.026049447682958e-21, nan 
-157.125, 78.625, 2.087575711755082e-21, nan 
-156.875, 78.625, 1.6469045047726352e-21, nan 
-156.625, 78.625, 1.621438863026551e-21, nan 
-156.375, 78.625, 1.759556249716011e-21, nan 
-156.125, 78.625, 1.2234380770972989e-21, nan 
-155.875, 78.625, 1.1731578357354175e-21, nan 
-155.625, 78.625, 1.051631785748394e-21, nan 
-155.375, 78.625, 1.0226714803668034e-21, nan 
-155.125, 78.625, 1.1359259359840217e-21, nan 
-154.875, 78.625, 8.016501067466487e-22, nan 
-154.625, 78.625, 5.465683268721103e-22, nan 
-154.375, 78.625, 4.762228120865649e-22, nan 
-154.125, 78.625, 6.784151393591613e-22, nan 
-153.875, 78.625, 6.5477798879723545e-22, nan 
-153.625, 78.625, 5.023846633362791e-22, nan 
-153.375, 78.625, 2.4352840021064648e-22, nan 
-153.125, 78.625, 2.430120859483474e-22, nan 
-152.875, 78.625, 7.682448198537402e-22, nan 
-152.625, 78.625, 5.2957643925496105e-22, nan 
-152.375, 78.625, 3.157704398585038e-22, nan 
-152.125, 78.625, 4.1132565751410368e-22, nan 
-151.875, 78.625, 4.135476569817583e-22, nan 
-151.625, 78.625, 7.126090727940828e-22, nan 
-151.375, 78.625, 4.497122606981873e-22, nan 
-151.125, 78.625, 3.706518907235672e-22, nan 
-150.875, 78.625, 3.8968995036475292e-22, nan 
-150.625, 78.625, 5.606128408425928e-22, nan 
-150.375, 78.625, 2.6454945520933558e-22, nan 
-150.125, 78.625, 3.987237807719234e-22, nan 
-149.875, 78.625, 4.706287419591816e-22, nan 
-149.625, 78.625, 8.917241387381285e-22, nan 
-149.375, 78.625, 1.3160310224758779e-21, nan 
-149.125, 78.625, 1.2299330652481323e-21, nan 
-148.875, 78.625, 9.351562757368362e-22, nan 
-148.625, 78.625, 8.976590047406231e-22, nan 
-148.375, 78.625, 8.070301243549373e-22, nan 
-148.125, 78.625, 8.606871446018676e-22, nan 
-147.875, 78.625, 4.084061780212233e-22, nan 
-147.625, 78.625, 4.412994512162668e-22, nan 
-147.375, 78.625, 3.570477068334071e-22, nan 
-147.125, 78.625, 3.6269813247823207e-22, nan 
-146.875, 78.625, 5.200560226108812e-22, nan 
-146.625, 78.625, 5.288949483326077e-22, nan 
-146.375, 78.625, 6.529148751906074e-22, nan 
-146.125, 78.625, 4.878413289209965e-22, nan 
-145.875, 78.625, 4.425772247880165e-22, nan 
-145.625, 78.625, 4.781400735186077e-22, nan 
-145.375, 78.625, 3.174357170858469e-22, nan 
-145.125, 78.625, 1.65835660668548e-22, nan 
-144.875, 78.625, 1.6598313782756004e-22, nan 
-144.625, 78.625, 3.1582272603760946e-22, nan 
-144.375, 78.625, 4.164054337909322e-22, nan 
-144.125, 78.625, 3.4167444505512187e-22, nan 
-143.875, 78.625, 2.34579744083126e-22, nan 
-143.625, 78.625, 1.5534787555809344e-22, nan 
-143.375, 78.625, 2.6270291177179837e-22, nan 
-143.125, 78.625, 4.48237005140412e-22, nan 
-142.875, 78.625, 4.5208440989929395e-22, nan 
-142.625, 78.625, 3.978561708447936e-22, nan 
-142.375, 78.625, 3.3123073358520385e-22, nan 
-142.125, 78.625, 3.0301796142583097e-22, nan 
-141.875, 78.625, 5.392248817563067e-22, nan 
-141.625, 78.625, 6.4428819881384135e-22, nan 
-141.375, 78.625, 1.0089831221660985e-21, nan 
-141.125, 78.625, 1.0713383612024582e-21, nan 
-140.875, 78.625, 8.550070809960735e-22, nan 
-140.625, 78.625, 8.740033210709724e-22, nan 
-140.375, 78.625, 1.0168404196680317e-21, nan 
-140.125, 78.625, 1.1506967886293029e-21, nan 
-139.875, 78.625, 8.565976342925554e-22, nan 
-139.625, 78.625, 6.130658479042896e-22, nan 
-139.375, 78.625, 1.7221371862114443e-22, nan 
-139.125, 78.625, 2.648368760147179e-22, nan 
-138.875, 78.625, 2.880116011401586e-22, nan 
-138.625, 78.625, 5.014842214697025e-22, nan 
-138.375, 78.625, 3.3624305724950593e-22, nan 
-138.125, 78.625, 4.061662943468064e-22, nan 
-137.875, 78.625, 3.3148053225186665e-22, nan 
-137.625, 78.625, 2.9489610753652113e-22, nan 
-137.375, 78.625, 3.5958765004372985e-22, nan 
-137.125, 78.625, 2.446895722086368e-22, nan 
-136.875, 78.625, 3.608910589855304e-22, nan 
-136.625, 78.625, 3.3130936651057694e-22, nan 
-136.375, 78.625, 2.4960584622765344e-22, nan 
-136.125, 78.625, 2.0696496815002447e-22, nan 
-135.875, 78.625, 2.295405882659115e-22, nan 
-135.625, 78.625, 4.0176243524870825e-22, nan 
-135.375, 78.625, 4.938049355306098e-22, nan 
-135.125, 78.625, 1.2967628478507963e-22, nan 
-134.875, 78.625, 2.623052471252444e-22, nan 
-134.625, 78.625, 1.8399153134255285e-22, nan 
-134.375, 78.625, 2.0397540410302923e-22, nan 
-134.125, 78.625, 1.9550889103054533e-22, nan 
-133.875, 78.625, 2.0367123786259423e-22, nan 
-133.625, 78.625, 1.3808313455754578e-22, nan 
-133.375, 78.625, 1.610427327830248e-22, nan 
-133.125, 78.625, 1.4312258354388486e-22, nan 
-132.875, 78.625, 1.151676461576172e-22, nan 
-132.625, 78.625, 1.6735856407036906e-22, nan 
-132.375, 78.625, 1.7667283730329806e-22, nan 
-132.125, 78.625, 1.8502880471080127e-22, nan 
-131.875, 78.625, 1.5659744321228233e-22, nan 
-131.625, 78.625, 1.1615822502509751e-22, nan 
-131.375, 78.625, 8.035508746949539e-23, nan 
-131.125, 78.625, 8.216521998608009e-23, nan 
-130.875, 78.625, 5.216225465609012e-23, nan 
-130.625, 78.625, 5.457249925865146e-23, nan 
-130.375, 78.625, 3.8804072128429857e-23, nan 
-130.125, 78.625, 6.326094240636175e-23, nan 
-129.875, 78.625, 4.166880975855909e-23, nan 
-129.625, 78.625, 7.390147139383568e-23, nan 
-129.375, 78.625, 4.897982891651759e-23, nan 
-129.125, 78.625, 2.680065074222277e-23, nan 
-128.875, 78.625, 5.433857301378833e-23, nan 
-128.625, 78.625, 4.983373206313906e-23, nan 
-128.375, 78.625, 7.554307504331944e-23, nan 
-128.125, 78.625, 1.1776166649381094e-22, nan 
-127.875, 78.625, 6.028353031868932e-23, nan 
-127.625, 78.625, 3.7871832782898584e-23, nan 
-127.375, 78.625, 6.289469151300355e-23, nan 
-127.125, 78.625, 4.8342485424494826e-23, nan 
-126.875, 78.625, 1.5202464936231898e-22, nan 
-126.625, 78.625, 2.160032145608595e-22, nan 
-126.375, 78.625, 2.684891502748782e-22, nan 
-126.125, 78.625, 3.11388494540541e-22, nan 
-125.875, 78.625, 2.5098745981657055e-22, nan 
-125.625, 78.625, 1.8744355119326316e-22, nan 
-125.375, 78.625, 2.214345126470744e-22, nan 
-125.125, 78.625, 2.6457569505520046e-22, nan 
-124.875, 78.625, 3.2093720336383694e-22, nan 
-124.625, 78.625, 2.481300794099361e-22, nan 
-124.375, 78.625, 1.6533494516354884e-22, nan 
-124.125, 78.625, 1.56958346963726e-22, nan 
-123.875, 78.625, 1.4158030860440142e-22, nan 
-123.625, 78.625, 1.1953860999081602e-22, nan 
-123.375, 78.625, 1.160548721760282e-22, nan 
-123.125, 78.625, 9.334000728568983e-23, nan 
-122.875, 78.625, 1.4102732860270171e-22, nan 
-122.625, 78.625, 1.6496288739373304e-22, nan 
-122.375, 78.625, 6.612191190238523e-23, nan 
-122.125, 78.625, 5.769576280852658e-23, nan 
-121.875, 78.625, 6.998897280650205e-23, nan 
-121.625, 78.625, 7.657510165487857e-23, nan 
-121.375, 78.625, 8.026389016920284e-23, nan 
-121.125, 78.625, 2.7747264231907137e-23, nan 
-120.875, 78.625, 3.697711998901684e-23, nan 
-120.625, 78.625, 2.9251407585515365e-23, nan 
-120.375, 78.625, 3.3309460513471435e-23, nan 
-120.125, 78.625, 3.745506303248133e-23, nan 
-119.875, 78.625, 5.373010331668537e-23, nan 
-119.625, 78.625, 5.624903550813841e-23, nan 
-119.375, 78.625, 7.430282977004063e-23, nan 
-119.125, 78.625, 7.717785049192604e-23, nan 
-118.875, 78.625, 5.469178376824716e-23, nan 
-118.625, 78.625, 3.00115105507111e-23, nan 
-118.375, 78.625, 5.339266395118539e-23, nan 
-118.125, 78.625, 5.558322763347684e-23, nan 
-117.875, 78.625, 6.735065941591138e-23, nan 
-117.625, 78.625, 5.585787230705278e-23, nan 
-117.375, 78.625, 9.202476425903453e-23, nan 
-117.125, 78.625, 7.889671116927625e-23, nan 
-116.875, 78.625, 2.380214787956651e-23, nan 
-116.625, 78.625, 1.8572792205527548e-23, nan 
-116.375, 78.625, 4.047082875304637e-23, nan 
-116.125, 78.625, 5.361943740887742e-23, nan 
-115.875, 78.625, 6.016113296835347e-23, nan 
-115.625, 78.625, 2.9873666231008784e-23, nan 
-115.375, 78.625, 3.4913422936101596e-23, nan 
-115.125, 78.625, 6.27796129622576e-23, nan 
-114.875, 78.625, 5.037690107923138e-23, nan 
-114.625, 78.625, 4.839309424752259e-23, nan 
-114.375, 78.625, 6.363493440979464e-23, nan 
-114.125, 78.625, 8.753391871025494e-23, nan 
-113.875, 78.625, 8.834906000444268e-23, nan 
-113.625, 78.625, 7.640106277966695e-23, nan 
-113.375, 78.625, 7.532686274955782e-23, nan 
-113.125, 78.625, 7.762464085553763e-23, nan 
-112.875, 78.625, 8.153791749816839e-23, nan 
-112.625, 78.625, 7.428849967917938e-23, nan 
-112.375, 78.625, 6.789342640361719e-23, nan 
-112.125, 78.625, 5.930977841219744e-23, nan 
-111.875, 78.625, 4.6029560932941976e-23, nan 
-111.625, 78.625, 5.099742902871923e-23, nan 
-111.375, 78.625, 6.233795922863649e-23, nan 
-111.125, 78.625, 5.2160904831402055e-23, nan 
-110.875, 78.625, 6.954135576081883e-23, nan 
-110.625, 78.625, 7.53947462874382e-23, nan 
-110.375, 78.625, 6.43903293742137e-23, nan 
-110.125, 78.625, 4.059053544966503e-23, nan 
-109.875, 78.625, 2.0092877643453828e-23, nan 
-109.625, 78.625, 3.0665368668933484e-23, nan 
-109.375, 78.625, 3.8328005458069166e-23, nan 
-109.125, 78.625, 3.62568371217751e-23, nan 
-108.875, 78.625, 2.1501002103306717e-23, nan 
-108.625, 78.625, 1.9460782609304603e-23, nan 
-108.375, 78.625, 4.5670524944845026e-23, nan 
-108.125, 78.625, 5.2729802200471543e-23, nan 
-107.875, 78.625, 5.772115642942079e-23, nan 
-107.625, 78.625, 3.7871788609778466e-23, nan 
-107.375, 78.625, 3.6376592748019915e-23, nan 
-107.125, 78.625, 2.9192583090737483e-23, nan 
-106.875, 78.625, 3.251015832941476e-23, nan 
-106.625, 78.625, 3.3972741822855573e-23, nan 
-106.375, 78.625, 3.909847020838727e-23, nan 
-106.125, 78.625, 3.5174023217465083e-23, nan 
-105.875, 78.625, 4.277353610333828e-23, nan 
-105.625, 78.625, 4.576079490167177e-23, nan 
-105.375, 78.625, 4.335972417810528e-23, nan 
-105.125, 78.625, 4.1369236186189276e-23, nan 
-104.875, 78.625, 3.7330932337840805e-23, nan 
-104.625, 78.625, 3.7085244533211004e-23, nan 
-104.375, 78.625, 2.464286247956932e-23, nan 
-104.125, 78.625, 5.479361200865664e-23, nan 
-103.875, 78.625, 5.2354841687157713e-23, nan 
-103.625, 78.625, 4.2240494147204925e-23, nan 
-103.375, 78.625, 1.5195324422237658e-23, nan 
-103.125, 78.625, 2.0825558909057964e-23, nan 
-102.875, 78.625, 4.460308382287179e-23, nan 
-102.625, 78.625, 4.454094440913809e-23, nan 
-102.375, 78.625, 4.1459628271296285e-23, nan 
-102.125, 78.625, 1.999818304992026e-23, nan 
-101.875, 78.625, 2.3682048069171298e-23, nan 
-101.625, 78.625, 1.3077483614198029e-23, nan 
-101.375, 78.625, 7.867772077128794e-24, nan 
-101.125, 78.625, 1.2976137963596747e-23, nan 
-100.875, 78.625, 1.543146293264622e-23, nan 
-100.625, 78.625, 1.6690632875678986e-23, nan 
-100.375, 78.625, 1.2581430716120347e-23, nan 
-100.125, 78.625, 2.7699271520091204e-23, nan 
-99.875, 78.625, 4.1418183685842685e-23, nan 
-99.625, 78.625, 4.0128983810384554e-23, nan 
-99.375, 78.625, 3.5413579512860453e-23, nan 
-99.125, 78.625, 3.911034868038586e-23, nan 
-98.875, 78.625, 4.7001708409433144e-23, nan 
-98.625, 78.625, 6.276140374483882e-23, nan 
70.625, 78.625, 1.635656475108458e-23, nan 
70.875, 78.625, 2.1817744654906457e-23, nan 
71.125, 78.625, 1.522463881205009e-23, nan 
71.375, 78.625, 1.1147695089314096e-23, nan 
71.625, 78.625, 2.2561515497045432e-23, nan 
71.875, 78.625, 2.1985671947455832e-23, nan 
72.125, 78.625, 1.4347549600419017e-23, nan 
72.375, 78.625, 1.1276987601402167e-23, nan 
72.625, 78.625, 8.531060351520307e-24, nan 
72.875, 78.625, 1.9530365258032006e-23, nan 
73.125, 78.625, 2.3431829602765137e-23, nan 
73.375, 78.625, 1.7597763455108255e-23, nan 
73.625, 78.625, 8.89932053066464e-24, nan 
73.875, 78.625, 2.0226310736104578e-23, nan 
74.125, 78.625, 1.7144048461777444e-23, nan 
74.375, 78.625, 2.2280453391374302e-23, nan 
74.625, 78.625, 1.9209436042725095e-23, nan 
74.875, 78.625, 2.780298059688919e-23, nan 
75.125, 78.625, 3.7226340696444996e-23, nan 
75.375, 78.625, 2.4349168550840008e-23, nan 
75.625, 78.625, 2.8305338343332646e-23, nan 
75.875, 78.625, 3.5403085893699653e-23, nan 
76.125, 78.625, 4.864542423537082e-23, nan 
76.375, 78.625, 4.3765459286477205e-23, nan 
76.625, 78.625, 2.758372182827523e-23, nan 
76.875, 78.625, 2.607951750583925e-23, nan 
77.125, 78.625, 1.5528440714464292e-23, nan 
77.375, 78.625, 3.386511096773859e-23, nan 
77.625, 78.625, 2.1028006033588124e-23, nan 
77.875, 78.625, 1.5197856973751775e-23, nan 
78.125, 78.625, 2.6011105376487454e-23, nan 
78.375, 78.625, 1.356942995121848e-23, nan 
78.625, 78.625, 1.1489870509443082e-23, nan 
78.875, 78.625, 1.2126284284462269e-23, nan 
79.125, 78.625, 2.605216461209037e-23, nan 
79.375, 78.625, 4.31886149528985e-23, nan 
79.625, 78.625, 3.162872392002765e-23, nan 
79.875, 78.625, 1.8579014043254667e-23, nan 
80.125, 78.625, 1.432372049800882e-23, nan 
80.375, 78.625, 2.751804746858874e-23, nan 
80.625, 78.625, 1.770533557559523e-23, nan 
80.875, 78.625, 1.8604404178881616e-23, nan 
81.125, 78.625, 1.3199296089230204e-23, nan 
81.375, 78.625, 1.9742795850669605e-23, nan 
81.625, 78.625, 1.7090199732368714e-23, nan 
81.875, 78.625, 9.237316028069947e-24, nan 
82.125, 78.625, 6.79669910872691e-24, nan 
82.375, 78.625, 8.450633694708419e-24, nan 
82.625, 78.625, 1.3737596866504195e-23, nan 
82.875, 78.625, 1.6141941406990923e-23, nan 
83.125, 78.625, 1.578504822207392e-23, nan 
83.375, 78.625, 1.1997985438935936e-23, nan 
83.625, 78.625, 2.1477590240292375e-23, nan 
83.875, 78.625, 2.2409486817268117e-23, nan 
84.125, 78.625, 2.813441955107035e-23, nan 
84.375, 78.625, 3.787575704143402e-23, nan 
84.625, 78.625, 4.8750971251202495e-23, nan 
84.875, 78.625, 5.156731948947816e-23, nan 
85.125, 78.625, 4.104606836652495e-23, nan 
85.375, 78.625, 3.7064655890857826e-23, nan 
85.625, 78.625, 4.5382703380242833e-23, nan 
85.875, 78.625, 6.934096906846927e-23, nan 
86.125, 78.625, 7.940301031138679e-23, nan 
86.375, 78.625, 5.282944382661669e-23, nan 
86.625, 78.625, 5.034346672256369e-23, nan 
86.875, 78.625, 4.484801996591693e-23, nan 
87.125, 78.625, 4.9397868320194556e-23, nan 
87.375, 78.625, 5.772800887694487e-23, nan 
87.625, 78.625, 5.801002606849995e-23, nan 
87.875, 78.625, 4.568353554390441e-23, nan 
88.125, 78.625, 4.492998284055974e-23, nan 
88.375, 78.625, 6.485535947227077e-23, nan 
88.625, 78.625, 9.532546815245241e-23, nan 
88.875, 78.625, 1.0633877348907935e-22, nan 
89.125, 78.625, 6.423502171899294e-23, nan 
89.375, 78.625, 5.37929702516754e-23, nan 
89.625, 78.625, 4.498595061762665e-23, nan 
89.875, 78.625, 4.754090375482399e-23, nan 
90.125, 78.625, 5.498790177104073e-23, nan 
90.375, 78.625, 5.354350146133762e-23, nan 
90.625, 78.625, 4.276301822227156e-23, nan 
90.875, 78.625, 3.80636080062973e-23, nan 
91.125, 78.625, 3.368119822059558e-23, nan 
91.375, 78.625, 2.996062871635814e-23, nan 
91.625, 78.625, 4.1297285252783253e-23, nan 
91.875, 78.625, 3.802408055883248e-23, nan 
92.125, 78.625, 3.54767986204794e-23, nan 
92.375, 78.625, 2.694046584231832e-23, nan 
92.625, 78.625, 3.352191439456709e-23, nan 
92.875, 78.625, 3.2505220747175e-23, nan 
93.125, 78.625, 2.959583463702406e-23, nan 
93.375, 78.625, 2.7380159134910195e-23, nan 
93.625, 78.625, 1.2141047533445081e-23, nan 
93.875, 78.625, 1.7115329589765955e-23, nan 
94.125, 78.625, 6.327003364290958e-23, nan 
94.375, 78.625, 4.351270762734152e-23, nan 
94.625, 78.625, 4.8516806719962575e-23, nan 
94.875, 78.625, 5.451419179870225e-23, nan 
95.125, 78.625, 7.408357971640599e-23, nan 
95.375, 78.625, 7.805694809536634e-23, nan 
95.625, 78.625, 7.29701950688934e-23, nan 
95.875, 78.625, 5.806505467008215e-23, nan 
96.125, 78.625, 8.438106602297774e-23, nan 
96.375, 78.625, 8.935095052127589e-23, nan 
96.625, 78.625, 7.502966514513955e-23, nan 
96.875, 78.625, 9.381119998675e-23, nan 
97.125, 78.625, 6.380778154882976e-23, nan 
97.375, 78.625, 2.9147128951612115e-23, nan 
97.625, 78.625, 2.1515474330358577e-23, nan 
97.875, 78.625, 2.5490916686688106e-23, nan 
98.125, 78.625, 3.7948690732204933e-23, nan 
98.375, 78.625, 4.414304182523904e-23, nan 
98.625, 78.625, 3.385863844412703e-23, nan 
98.875, 78.625, 2.843452530385078e-23, nan 
99.125, 78.625, 3.712818545776258e-23, nan 
99.375, 78.625, 3.7101582946849256e-23, nan 
99.625, 78.625, 4.2055249836442723e-23, nan 
99.875, 78.625, 4.109726753290599e-23, nan 
100.125, 78.625, 4.287240223855713e-23, nan 
100.375, 78.625, 4.5169473468091786e-23, nan 
100.625, 78.625, 3.7965063419998217e-23, nan 
100.875, 78.625, 3.8754315424885815e-23, nan 
101.125, 78.625, 5.629941641359888e-23, nan 
101.375, 78.625, 5.766831490828228e-23, nan 
101.625, 78.625, 4.635167074384314e-23, nan 
101.875, 78.625, 6.447387910728458e-23, nan 
102.125, 78.625, 6.630992628657267e-23, nan 
102.375, 78.625, 7.019817522030632e-23, nan 
102.625, 78.625, 7.421425883220379e-23, nan 
102.875, 78.625, 5.2814192349822273e-23, nan 
103.125, 78.625, 6.655596261054561e-23, nan 
103.375, 78.625, 7.159885991820843e-23, nan 
103.625, 78.625, 5.0958500507018806e-23, nan 
103.875, 78.625, 2.5645189900004816e-23, nan 
104.125, 78.625, 3.118851768912287e-23, nan 
104.375, 78.625, 3.199903324966315e-23, nan 
104.625, 78.625, 5.1260744466126437e-23, nan 
104.875, 78.625, 6.980435691236698e-23, nan 
105.125, 78.625, 5.1986462268972813e-23, nan 
105.375, 78.625, 4.5842425478703046e-23, nan 
105.625, 78.625, 3.157944263794459e-23, nan 
105.875, 78.625, 4.8099235142915176e-23, nan 
106.125, 78.625, 6.38612841591367e-23, nan 
106.375, 78.625, 4.177295952584489e-23, nan 
106.625, 78.625, 3.6355188093943625e-23, nan 
106.875, 78.625, 3.696963886593738e-23, nan 
107.125, 78.625, 2.446054960868084e-23, nan 
107.375, 78.625, 5.805462467786277e-23, nan 
107.625, 78.625, 4.104713607418752e-23, nan 
107.875, 78.625, 6.082697047573663e-23, nan 
108.125, 78.625, 9.336835366549699e-23, nan 
108.375, 78.625, 5.841878815744861e-23, nan 
108.625, 78.625, 5.4516100000801e-23, nan 
108.875, 78.625, 5.814094852878746e-23, nan 
109.125, 78.625, 7.424908342448552e-23, nan 
109.375, 78.625, 6.345964497671377e-23, nan 
109.625, 78.625, 5.469128674731508e-23, nan 
109.875, 78.625, 4.2683610476766226e-23, nan 
110.125, 78.625, 1.2711573074387424e-22, nan 
110.375, 78.625, 2.638297344406159e-22, nan 
110.625, 78.625, 2.6747164406299957e-22, nan 
110.875, 78.625, 2.8185519820384337e-22, nan 
111.125, 78.625, 2.446697585945028e-22, nan 
111.375, 78.625, 2.7436387686648665e-22, nan 
111.625, 78.625, 3.2225400465793024e-22, nan 
111.875, 78.625, 3.1702140294811228e-22, nan 
112.125, 78.625, 3.093793516298982e-22, nan 
112.375, 78.625, 2.7283984125435545e-22, nan 
112.625, 78.625, 2.7364214221541256e-22, nan 
112.875, 78.625, 1.7581686760270572e-22, nan 
113.125, 78.625, 1.848089410454233e-22, nan 
113.375, 78.625, 1.4048270330262717e-22, nan 
113.625, 78.625, 1.4687959239342632e-22, nan 
113.875, 78.625, 1.6208765291076608e-22, nan 
114.125, 78.625, 1.4589914336967636e-22, nan 
114.375, 78.625, 1.4255638551071842e-22, nan 
114.625, 78.625, 1.5495326047990314e-22, nan 
114.875, 78.625, 1.3634694224903207e-22, nan 
115.125, 78.625, 1.1543982705612282e-22, nan 
115.375, 78.625, 1.1452535986943018e-22, nan 
115.625, 78.625, 1.661948775132251e-22, nan 
115.875, 78.625, 1.548828551533043e-22, nan 
116.125, 78.625, 1.4231976843960363e-22, nan 
116.375, 78.625, 1.530082364140588e-22, nan 
116.625, 78.625, 1.588433805266748e-22, nan 
116.875, 78.625, 1.4071806578892954e-22, nan 
117.125, 78.625, 1.5616766363993312e-22, nan 
117.375, 78.625, 2.0030974992968556e-22, nan 
117.625, 78.625, 1.557575704942278e-22, nan 
117.875, 78.625, 1.0203607258360088e-22, nan 
118.125, 78.625, 1.3990926104775448e-22, nan 
118.375, 78.625, 1.6452813478364422e-22, nan 
118.625, 78.625, 1.6741509631214472e-22, nan 
118.875, 78.625, 1.7182021552670604e-22, nan 
119.125, 78.625, 1.609877397060584e-22, nan 
119.375, 78.625, 1.939417741764002e-22, nan 
119.625, 78.625, 1.671440234905221e-22, nan 
119.875, 78.625, 1.1118688769694399e-22, nan 
120.125, 78.625, 3.01699048002129e-22, nan 
120.375, 78.625, 4.545269076901959e-22, nan 
120.625, 78.625, 4.310820873359142e-22, nan 
120.875, 78.625, 4.759658964814309e-22, nan 
121.125, 78.625, 4.631300162084843e-22, nan 
121.375, 78.625, 3.258696408852439e-22, nan 
121.625, 78.625, 3.994669631743256e-22, nan 
121.875, 78.625, 3.9565026782654695e-22, nan 
122.125, 78.625, 4.181070559771369e-22, nan 
122.375, 78.625, 3.799120469761552e-22, nan 
122.625, 78.625, 2.815329869886533e-22, nan 
122.875, 78.625, 1.6578671270457145e-22, nan 
123.125, 78.625, 2.491862848364044e-22, nan 
123.375, 78.625, 2.1229544428244785e-22, nan 
123.625, 78.625, 2.5980389535503307e-22, nan 
123.875, 78.625, 2.6615728356320936e-22, nan 
124.125, 78.625, 3.435755842220437e-22, nan 
124.375, 78.625, 3.119242289486986e-22, nan 
124.625, 78.625, 2.84902722135953e-22, nan 
124.875, 78.625, 3.0095155724587957e-22, nan 
125.125, 78.625, 2.930550486059912e-22, nan 
125.375, 78.625, 3.3357447677211245e-22, nan 
125.625, 78.625, 2.957565959344379e-22, nan 
125.875, 78.625, 2.8657939715445884e-22, nan 
126.125, 78.625, 2.7398971705702405e-22, nan 
126.375, 78.625, 2.444284019898351e-22, nan 
126.625, 78.625, 2.8979682007149896e-22, nan 
126.875, 78.625, 3.4365180863334444e-22, nan 
127.125, 78.625, 4.0849717464288107e-22, nan 
127.375, 78.625, 4.636389706752112e-22, nan 
127.625, 78.625, 3.6419026793586987e-22, nan 
127.875, 78.625, 3.5333032966126447e-22, nan 
128.125, 78.625, 3.336397794865938e-22, nan 
128.375, 78.625, 2.932910323851175e-22, nan 
128.625, 78.625, 2.483311571738907e-22, nan 
128.875, 78.625, 2.447300247355309e-22, nan 
129.125, 78.625, 3.6165820398545147e-22, nan 
129.375, 78.625, 3.9543199568758012e-22, nan 
129.625, 78.625, 3.9184609305751426e-22, nan 
129.875, 78.625, 4.0785368780305113e-22, nan 
130.125, 78.625, 4.428657908187965e-22, nan 
130.375, 78.625, 7.510664306123949e-22, nan 
130.625, 78.625, 1.013338588293847e-21, nan 
130.875, 78.625, 1.1653563791221584e-21, nan 
131.125, 78.625, 8.069784190110189e-22, nan 
131.375, 78.625, 8.882582027748103e-22, nan 
131.625, 78.625, 7.983284928588041e-22, nan 
131.875, 78.625, 7.216602150013692e-22, nan 
132.125, 78.625, 7.374003714073327e-22, nan 
132.375, 78.625, 6.260432111741779e-22, nan 
132.625, 78.625, 6.882729180767419e-22, nan 
132.875, 78.625, 9.125038139385078e-22, nan 
133.125, 78.625, 5.01397532421055e-22, nan 
133.375, 78.625, 8.257892228889741e-22, nan 
133.625, 78.625, 9.475123975548777e-22, nan 
133.875, 78.625, 9.25252499158717e-22, nan 
134.125, 78.625, 1.2684131798232023e-21, nan 
134.375, 78.625, 1.1099735956560017e-21, nan 
134.625, 78.625, 7.846061452915053e-22, nan 
134.875, 78.625, 8.329231548079551e-22, nan 
135.125, 78.625, 9.502339771849695e-22, nan 
135.375, 78.625, 1.2263677507514354e-21, nan 
135.625, 78.625, 1.1338376563645088e-21, nan 
135.875, 78.625, 6.788879603588518e-22, nan 
136.125, 78.625, 4.197874621872112e-22, nan 
136.375, 78.625, 4.61682399900057e-22, nan 
136.625, 78.625, 5.192817755813165e-22, nan 
136.875, 78.625, 6.658583336835175e-22, nan 
137.125, 78.625, 5.278061078899704e-22, nan 
137.375, 78.625, 4.958893372473938e-22, nan 
137.625, 78.625, 4.48912938861249e-22, nan 
137.875, 78.625, 3.0645377697967576e-22, nan 
138.125, 78.625, 4.473661271219796e-22, nan 
138.375, 78.625, 4.0795380446121083e-22, nan 
138.625, 78.625, 4.353018773688732e-22, nan 
138.875, 78.625, 4.309153758741486e-22, nan 
139.125, 78.625, 4.720869729586302e-22, nan 
139.375, 78.625, 4.986929678162614e-22, nan 
139.625, 78.625, 6.184840576284921e-22, nan 
139.875, 78.625, 5.666723780691768e-22, nan 
140.125, 78.625, 1.0652059948236895e-21, nan 
140.375, 78.625, 1.0886468264554816e-21, nan 
140.625, 78.625, 1.7820907784938574e-21, nan 
140.875, 78.625, 1.1780434146157934e-21, nan 
141.125, 78.625, 1.0139325646878059e-21, nan 
141.375, 78.625, 8.463777525779241e-22, nan 
141.625, 78.625, 9.50426380549206e-22, nan 
141.875, 78.625, 1.3631062986183732e-21, nan 
142.125, 78.625, 1.3166083771229722e-21, nan 
142.375, 78.625, 1.1688648344925448e-21, nan 
142.625, 78.625, 8.569508744951007e-22, nan 
142.875, 78.625, 7.965176268351112e-22, nan 
143.125, 78.625, 8.144741196528933e-22, nan 
143.375, 78.625, 9.343639291750453e-22, nan 
143.625, 78.625, 8.328233205605002e-22, nan 
143.875, 78.625, 8.428451132083094e-22, nan 
144.125, 78.625, 8.854461028724439e-22, nan 
144.375, 78.625, 7.648130303221554e-22, nan 
144.625, 78.625, 9.299656022416636e-22, nan 
144.875, 78.625, 1.105630613680208e-21, nan 
145.125, 78.625, 1.1004945346195553e-21, nan 
145.375, 78.625, 9.563718041101729e-22, nan 
145.625, 78.625, 5.899249008430398e-22, nan 
145.875, 78.625, 7.771824056004618e-22, nan 
146.125, 78.625, 8.403351548702691e-22, nan 
146.375, 78.625, 6.924287780505286e-22, nan 
146.625, 78.625, 5.840893272711056e-22, nan 
146.875, 78.625, 7.840295845873705e-22, nan 
147.125, 78.625, 8.524737020752577e-22, nan 
147.375, 78.625, 9.307453199454332e-22, nan 
147.625, 78.625, 1.0830042451324071e-21, nan 
147.875, 78.625, 1.5182319058073327e-21, nan 
148.125, 78.625, 1.2092314882087145e-21, nan 
148.375, 78.625, 1.518201855408733e-21, nan 
148.625, 78.625, 1.3289025199934405e-21, nan 
148.875, 78.625, 1.4722003900313932e-21, nan 
149.125, 78.625, 1.698133727374579e-21, nan 
149.375, 78.625, 1.878918143100313e-21, nan 
149.625, 78.625, 1.98550534388536e-21, nan 
149.875, 78.625, 1.5662390415356442e-21, nan 
150.125, 78.625, 1.7335224893431365e-21, nan 
150.375, 78.625, 1.6677115791841867e-21, nan 
150.625, 78.625, 1.6764421403992042e-21, nan 
150.875, 78.625, 1.921727102343913e-21, nan 
151.125, 78.625, 1.7924560035757337e-21, nan 
151.375, 78.625, 3.2214355064818855e-21, nan 
151.625, 78.625, 5.246681315662015e-21, nan 
151.875, 78.625, 4.795218318498573e-21, nan 
152.125, 78.625, 5.2282138201245144e-21, nan 
152.375, 78.625, 4.437564271753715e-21, nan 
152.625, 78.625, 2.709048981893147e-21, nan 
152.875, 78.625, 7.514653253818588e-21, nan 
153.125, 78.625, 7.506777634309868e-21, nan 
153.375, 78.625, 7.47072824763542e-21, nan 
153.625, 78.625, 6.2381097186034016e-21, nan 
153.875, 78.625, 4.433187000926966e-21, nan 
154.125, 78.625, 6.254359521859849e-21, nan 
154.375, 78.625, 5.900170423284051e-21, nan 
154.625, 78.625, 5.292667944841874e-21, nan 
154.875, 78.625, 6.951190897589043e-21, nan 
155.125, 78.625, 1.1339290780283597e-20, nan 
155.375, 78.625, 1.381287830241651e-20, nan 
155.625, 78.625, 1.110337743320777e-20, nan 
155.875, 78.625, 1.4061465827759073e-20, nan 
156.125, 78.625, 9.784145634933917e-21, nan 
156.375, 78.625, 7.298437517417185e-21, nan 
156.625, 78.625, 3.7890103426275675e-21, nan 
156.875, 78.625, 4.468563036765143e-21, nan 
157.125, 78.625, 5.4065685125384886e-21, nan 
157.375, 78.625, 6.673031212885056e-21, nan 
157.625, 78.625, 6.644990026763838e-21, nan 
157.875, 78.625, 5.664428344969135e-21, nan 
158.125, 78.625, 6.547125455487937e-21, nan 
158.375, 78.625, 8.543261157714877e-21, nan 
158.625, 78.625, 8.228308296173943e-21, nan 
158.875, 78.625, 1.2309153664729684e-20, nan 
159.125, 78.625, 9.049853261481024e-21, nan 
159.375, 78.625, 9.778035923425173e-21, nan 
159.625, 78.625, 1.1481451013798102e-20, nan 
159.875, 78.625, 1.1115838504199811e-20, nan 
160.125, 78.625, 1.0441114104164885e-20, nan 
160.375, 78.625, 1.0308718048374187e-20, nan 
160.625, 78.625, 8.039039620315848e-21, nan 
160.875, 78.625, 1.2457780365123868e-20, nan 
161.125, 78.625, 9.968900804493665e-21, nan 
161.375, 78.625, 9.939445492829192e-21, nan 
161.625, 78.625, 1.1581305262879393e-20, nan 
161.875, 78.625, 1.4230423575045203e-20, nan 
162.125, 78.625, 9.290118625166523e-21, nan 
162.375, 78.625, 9.833587561038378e-21, nan 
162.625, 78.625, 2.3311829841252838e-20, nan 
162.875, 78.625, 2.393066895125559e-20, nan 
163.125, 78.625, 1.655243382022207e-20, nan 
163.375, 78.625, 8.597603522432588e-21, nan 
163.625, 78.625, 1.2181458813424242e-20, nan 
163.875, 78.625, 4.5867515157534144e-20, nan 
164.125, 78.625, 3.7256785893894946e-20, nan 
164.375, 78.625, 1.9446834072048992e-20, nan 
164.625, 78.625, 1.7935244476050303e-20, nan 
164.875, 78.625, 1.8407261962363852e-20, nan 
165.125, 78.625, 2.9009403701081913e-20, nan 
165.375, 78.625, 2.723670129256522e-20, nan 
165.625, 78.625, 1.9491524668582928e-20, nan 
165.875, 78.625, 2.0039136487452643e-20, nan 
166.125, 78.625, 2.186136331678778e-20, nan 
166.375, 78.625, 1.924512510509901e-20, nan 
166.625, 78.625, 2.1593108290482852e-20, nan 
166.875, 78.625, 2.756802840909504e-20, nan 
167.125, 78.625, 2.9008590436416327e-20, nan 
167.375, 78.625, 2.7695771231056925e-20, nan 
167.625, 78.625, 3.893035078701005e-20, nan 
167.875, 78.625, 2.726323247787461e-20, nan 
168.125, 78.625, 2.6228436657995895e-20, nan 
168.375, 78.625, 2.5510259468571738e-20, nan 
168.625, 78.625, 2.3396412175568813e-20, nan 
168.875, 78.625, 1.812369890713065e-20, nan 
169.125, 78.625, 1.495910744422459e-20, nan 
169.375, 78.625, 1.7959861252727708e-20, nan 
169.625, 78.625, 1.8575723339211185e-20, nan 
169.875, 78.625, 1.7094740776651147e-20, nan 
170.125, 78.625, 2.0014630360275994e-20, nan 
170.375, 78.625, 1.6289411573923324e-20, nan 
170.625, 78.625, 1.903058718688445e-20, nan 
170.875, 78.625, 2.0681005478158614e-20, nan 
171.125, 78.625, 1.8929504844551032e-20, nan 
171.375, 78.625, 2.3234990520081963e-20, nan 
171.625, 78.625, 1.6576263728676412e-20, nan 
171.875, 78.625, 2.4600802837146886e-20, nan 
172.125, 78.625, 1.4918050962432666e-20, nan 
172.375, 78.625, 1.4792466167945606e-20, nan 
172.625, 78.625, 2.5638927350609403e-20, nan 
172.875, 78.625, 1.968128996640773e-20, nan 
173.125, 78.625, 2.7636305250415916e-20, nan 
173.375, 78.625, 1.379331554142375e-20, nan 
173.625, 78.625, 2.1620914365825942e-20, nan 
173.875, 78.625, 2.1289662780919737e-20, nan 
174.125, 78.625, 1.608044734568232e-20, nan 
174.375, 78.625, 1.1880827257094174e-20, nan 
174.625, 78.625, 6.4078835377672816e-21, nan 
174.875, 78.625, 1.364347119046546e-20, nan 
175.125, 78.625, 1.0817990784117623e-20, nan 
175.375, 78.625, 5.497569944723255e-21, nan 
175.625, 78.625, 1.0527306616375526e-20, nan 
175.875, 78.625, 1.1339662769063892e-20, nan 
176.125, 78.625, 1.898277947142248e-20, nan 
176.375, 78.625, 1.1501280711260107e-20, nan 
176.625, 78.625, 1.025095445451712e-20, nan 
176.875, 78.625, 8.045041383667711e-21, nan 
177.125, 78.625, 9.411115635165128e-21, nan 
177.375, 78.625, 1.0951225693213268e-20, nan 
177.625, 78.625, 4.702522894740825e-21, nan 
177.875, 78.625, 5.217448108688212e-21, nan 
178.125, 78.625, 5.02779007627454e-21, nan 
178.375, 78.625, 4.114447765931205e-21, nan 
178.625, 78.625, 3.872786269099426e-21, nan 
178.875, 78.625, 2.2490608080381955e-21, nan 
179.125, 78.625, 3.702794000679385e-21, nan 
179.375, 78.625, 3.2149845251448384e-21, nan 
179.625, 78.625, 2.1718491862219066e-21, nan 
179.875, 78.625, 3.83590586818785e-21, nan 
-179.875, 78.875, 5.738095348989064e-21, nan 
-179.625, 78.875, 5.488320167629002e-21, nan 
-179.375, 78.875, 4.142296472840174e-21, nan 
-179.125, 78.875, 3.851523703599047e-21, nan 
-178.875, 78.875, 3.6670014769161346e-21, nan 
-178.625, 78.875, 3.7508178434487114e-21, nan 
-178.375, 78.875, 3.916779917802046e-21, nan 
-178.125, 78.875, 3.6944443953384114e-21, nan 
-177.875, 78.875, 1.2354210949898341e-20, nan 
-177.625, 78.875, 1.5451145061558803e-20, nan 
-177.375, 78.875, 1.2915448393977432e-20, nan 
-177.125, 78.875, 8.679220966241992e-21, nan 
-176.875, 78.875, 8.79130524154653e-21, nan 
-176.625, 78.875, 1.2096586376171687e-20, nan 
-176.375, 78.875, 1.5421977397245523e-20, nan 
-176.125, 78.875, 8.789140613405087e-21, nan 
-175.875, 78.875, 5.663188382677782e-21, nan 
-175.625, 78.875, 7.061067288050488e-21, nan 
-175.375, 78.875, 3.692808303507745e-21, nan 
-175.125, 78.875, 3.856890445978405e-21, nan 
-174.875, 78.875, 3.571286700932143e-21, nan 
-174.625, 78.875, 3.190667187271851e-21, nan 
-174.375, 78.875, 3.008103052511521e-21, nan 
-174.125, 78.875, 2.7908506331147216e-21, nan 
-173.875, 78.875, 3.2048722339945063e-21, nan 
-173.625, 78.875, 4.6897844817491906e-21, nan 
-173.375, 78.875, 3.3082393505948973e-21, nan 
-173.125, 78.875, 2.478789786950595e-21, nan 
-172.875, 78.875, 2.5842419237112513e-21, nan 
-172.625, 78.875, 3.541976073933172e-21, nan 
-172.375, 78.875, 3.8108745486714994e-21, nan 
-172.125, 78.875, 3.2125301145763234e-21, nan 
-171.875, 78.875, 2.5143634049556974e-21, nan 
-171.625, 78.875, 2.5717466195346843e-21, nan 
-171.375, 78.875, 3.213781939730534e-21, nan 
-171.125, 78.875, 3.430242738969697e-21, nan 
-170.875, 78.875, 3.960510709871339e-21, nan 
-170.625, 78.875, 2.220636504150044e-21, nan 
-170.375, 78.875, 3.020896810264672e-21, nan 
-170.125, 78.875, 2.2429472864767673e-21, nan 
-169.875, 78.875, 2.0806296637340084e-21, nan 
-169.625, 78.875, 3.4789708313753786e-21, nan 
-169.375, 78.875, 2.567136408705463e-21, nan 
-169.125, 78.875, 3.1064446099966393e-21, nan 
-168.875, 78.875, 2.761555853028674e-21, nan 
-168.625, 78.875, 2.8143866588050794e-21, nan 
-168.375, 78.875, 2.5439271784199306e-21, nan 
-168.125, 78.875, 3.02192685565776e-21, nan 
-167.875, 78.875, 2.796417485412754e-21, nan 
-167.625, 78.875, 3.10396810619495e-21, nan 
-167.375, 78.875, 2.0680670397706124e-21, nan 
-167.125, 78.875, 1.6456135768771717e-21, nan 
-166.875, 78.875, 1.7699874985434005e-21, nan 
-166.625, 78.875, 2.405686521510944e-21, nan 
-166.375, 78.875, 1.500554658332719e-21, nan 
-166.125, 78.875, 1.6499073859645546e-21, nan 
-165.875, 78.875, 1.5711294624205692e-21, nan 
-165.625, 78.875, 1.8882526511927613e-21, nan 
-165.375, 78.875, 1.4172411078933104e-21, nan 
-165.125, 78.875, 1.531758076377159e-21, nan 
-164.875, 78.875, 1.1953329254071063e-21, nan 
-164.625, 78.875, 1.6613048597306267e-21, nan 
-164.375, 78.875, 1.3546719388827958e-21, nan 
-164.125, 78.875, 1.6097600743145413e-21, nan 
-163.875, 78.875, 1.285228563414609e-21, nan 
-163.625, 78.875, 1.7814625716176947e-21, nan 
-163.375, 78.875, 2.0075271615788637e-21, nan 
-163.125, 78.875, 2.2342633683689525e-21, nan 
-162.875, 78.875, 1.9434700147688633e-21, nan 
-162.625, 78.875, 1.5849232163851777e-21, nan 
-162.375, 78.875, 1.671009838681343e-21, nan 
-162.125, 78.875, 1.880865764376451e-21, nan 
-161.875, 78.875, 1.9181296354783124e-21, nan 
-161.625, 78.875, 1.5272838389754268e-21, nan 
-161.375, 78.875, 1.2957857679691878e-21, nan 
-161.125, 78.875, 1.054403658566893e-21, nan 
-160.875, 78.875, 9.404140896393138e-22, nan 
-160.625, 78.875, 9.37652644682007e-22, nan 
-160.375, 78.875, 9.009007140198211e-22, nan 
-160.125, 78.875, 7.86921271694504e-22, nan 
-159.875, 78.875, 7.170474765492924e-22, nan 
-159.625, 78.875, 6.156215449508795e-22, nan 
-159.375, 78.875, 5.665055257358603e-22, nan 
-159.125, 78.875, 6.725959507725822e-22, nan 
-158.875, 78.875, 8.875746112668398e-22, nan 
-158.625, 78.875, 1.0160005244790558e-21, nan 
-158.375, 78.875, 1.1380834757396333e-21, nan 
-158.125, 78.875, 8.408449892189897e-22, nan 
-157.875, 78.875, 4.305923869742772e-22, nan 
-157.625, 78.875, 8.470661541081258e-22, nan 
-157.375, 78.875, 1.0380346989942776e-21, nan 
-157.125, 78.875, 1.2285020682398445e-21, nan 
-156.875, 78.875, 7.615036119938441e-22, nan 
-156.625, 78.875, 4.557951750341208e-22, nan 
-156.375, 78.875, 5.755434952217176e-22, nan 
-156.125, 78.875, 7.102680669498571e-22, nan 
-155.875, 78.875, 8.805864423895657e-22, nan 
-155.625, 78.875, 7.7516710899681165e-22, nan 
-155.375, 78.875, 6.205415646989727e-22, nan 
-155.125, 78.875, 6.473132173182407e-22, nan 
-154.875, 78.875, 5.505199864390869e-22, nan 
-154.625, 78.875, 6.066090105731979e-22, nan 
-154.375, 78.875, 5.834382516332126e-22, nan 
-154.125, 78.875, 6.048571244066989e-22, nan 
-153.875, 78.875, 5.987019327542306e-22, nan 
-153.625, 78.875, 6.761225858573618e-22, nan 
-153.375, 78.875, 4.951716784559145e-22, nan 
-153.125, 78.875, 3.507434494703765e-22, nan 
-152.875, 78.875, 3.3502187338320533e-22, nan 
-152.625, 78.875, 4.181119988915064e-22, nan 
-152.375, 78.875, 3.9550777282773895e-22, nan 
-152.125, 78.875, 4.249827083014164e-22, nan 
-151.875, 78.875, 3.3631381906620627e-22, nan 
-151.625, 78.875, 2.8503652411265853e-22, nan 
-151.375, 78.875, 3.3217850354135913e-22, nan 
-151.125, 78.875, 4.632407500492934e-22, nan 
-150.875, 78.875, 3.758617862332645e-22, nan 
-150.625, 78.875, 3.8564101027398177e-22, nan 
-150.375, 78.875, 4.1554485560640784e-22, nan 
-150.125, 78.875, 3.2213262818257896e-22, nan 
-149.875, 78.875, 1.792930076517068e-22, nan 
-149.625, 78.875, 2.4178478497934084e-22, nan 
-149.375, 78.875, 4.784699825957839e-22, nan 
-149.125, 78.875, 3.680983805207321e-22, nan 
-148.875, 78.875, 3.97336043150855e-22, nan 
-148.625, 78.875, 2.3379174384828595e-22, nan 
-148.375, 78.875, 2.1410632082050114e-22, nan 
-148.125, 78.875, 2.9305748250973493e-22, nan 
-147.875, 78.875, 3.016628586219133e-22, nan 
-147.625, 78.875, 3.8544766303886905e-22, nan 
-147.375, 78.875, 2.753626355033664e-22, nan 
-147.125, 78.875, 2.2128727344170124e-22, nan 
-146.875, 78.875, 3.1553549223323164e-22, nan 
-146.625, 78.875, 3.21932294810731e-22, nan 
-146.375, 78.875, 3.0194761062412916e-22, nan 
-146.125, 78.875, 2.8934440503648467e-22, nan 
-145.875, 78.875, 2.886483913708759e-22, nan 
-145.625, 78.875, 2.4793755697640165e-22, nan 
-145.375, 78.875, 4.401997830576326e-22, nan 
-145.125, 78.875, 3.5121591009467576e-22, nan 
-144.875, 78.875, 3.901855590494792e-22, nan 
-144.625, 78.875, 3.3871591149534147e-22, nan 
-144.375, 78.875, 3.026599472341845e-22, nan 
-144.125, 78.875, 3.0088298605629154e-22, nan 
-143.875, 78.875, 3.5497617636040173e-22, nan 
-143.625, 78.875, 2.8045584210282667e-22, nan 
-143.375, 78.875, 3.4764136820635737e-22, nan 
-143.125, 78.875, 3.1364329545368035e-22, nan 
-142.875, 78.875, 3.962123001093281e-22, nan 
-142.625, 78.875, 4.263402143026799e-22, nan 
-142.375, 78.875, 4.242656263217007e-22, nan 
-142.125, 78.875, 3.3002213837454025e-22, nan 
-141.875, 78.875, 3.989833077908682e-22, nan 
-141.625, 78.875, 4.665700335284981e-22, nan 
-141.375, 78.875, 3.6842595403262755e-22, nan 
-141.125, 78.875, 3.123201910808241e-22, nan 
-140.875, 78.875, 2.604534222922169e-22, nan 
-140.625, 78.875, 3.150945344447054e-22, nan 
-140.375, 78.875, 4.2492523562089225e-22, nan 
-140.125, 78.875, 3.2986990800598743e-22, nan 
-139.875, 78.875, 3.123500359611113e-22, nan 
-139.625, 78.875, 1.9897479871123235e-22, nan 
-139.375, 78.875, 1.625293988721149e-22, nan 
-139.125, 78.875, 2.6030465521309415e-22, nan 
-138.875, 78.875, 3.104524975286353e-22, nan 
-138.625, 78.875, 3.315541876454307e-22, nan 
-138.375, 78.875, 2.5834206602136036e-22, nan 
-138.125, 78.875, 2.729811781142516e-22, nan 
-137.875, 78.875, 3.1214176210452513e-22, nan 
-137.625, 78.875, 4.316526032146376e-22, nan 
-137.375, 78.875, 3.344326527049173e-22, nan 
-137.125, 78.875, 3.061920017060612e-22, nan 
-136.875, 78.875, 2.246624158830671e-22, nan 
-136.625, 78.875, 2.1876896681469783e-22, nan 
-136.375, 78.875, 2.156741828234033e-22, nan 
-136.125, 78.875, 2.278400114216552e-22, nan 
-135.875, 78.875, 2.7532667128454765e-22, nan 
-135.625, 78.875, 3.15552972986471e-22, nan 
-135.375, 78.875, 2.349039919386069e-22, nan 
-135.125, 78.875, 2.1328340861283397e-22, nan 
-134.875, 78.875, 1.6654394448623714e-22, nan 
-134.625, 78.875, 2.7714999308373195e-22, nan 
-134.375, 78.875, 3.642071719888233e-22, nan 
-134.125, 78.875, 3.314827937192867e-22, nan 
-133.875, 78.875, 2.874594282974197e-22, nan 
-133.625, 78.875, 1.321881900505902e-22, nan 
-133.375, 78.875, 1.583380184204747e-22, nan 
-133.125, 78.875, 1.9169575188875049e-22, nan 
-132.875, 78.875, 1.8515755439880694e-22, nan 
-132.625, 78.875, 2.0319434901383448e-22, nan 
-132.375, 78.875, 2.561253926187003e-22, nan 
-132.125, 78.875, 2.4177164965167434e-22, nan 
-131.875, 78.875, 1.8815565461962753e-22, nan 
-131.625, 78.875, 1.2440293264515252e-22, nan 
-131.375, 78.875, 1.2627566797996925e-22, nan 
-131.125, 78.875, 1.8227495053260927e-22, nan 
-130.875, 78.875, 1.7848318163127794e-22, nan 
-130.625, 78.875, 1.343929796731385e-22, nan 
-130.375, 78.875, 8.169706537808329e-23, nan 
-130.125, 78.875, 8.560173592727366e-23, nan 
-129.875, 78.875, 6.996760727173587e-23, nan 
-129.625, 78.875, 3.562877405972727e-23, nan 
-129.375, 78.875, 4.4003075950437675e-23, nan 
-129.125, 78.875, 6.461069221549066e-23, nan 
-128.875, 78.875, 9.814461432928173e-23, nan 
-128.625, 78.875, 9.397580259122274e-23, nan 
-128.375, 78.875, 1.1727160424934172e-22, nan 
-128.125, 78.875, 1.4877363558602142e-22, nan 
-127.875, 78.875, 1.162283235220435e-22, nan 
-127.625, 78.875, 8.648467488653406e-23, nan 
-127.375, 78.875, 4.9777959447933e-23, nan 
-127.125, 78.875, 1.1307649837284197e-22, nan 
-126.875, 78.875, 1.6022252972299685e-22, nan 
-126.625, 78.875, 1.6601054686818638e-22, nan 
-126.375, 78.875, 1.8943066495322238e-22, nan 
-126.125, 78.875, 2.1464019144796625e-22, nan 
-125.875, 78.875, 1.8218615853639047e-22, nan 
-125.625, 78.875, 1.2079720319661706e-22, nan 
-125.375, 78.875, 9.803414380593098e-23, nan 
-125.125, 78.875, 1.5397572809891286e-22, nan 
-124.875, 78.875, 1.7560983341589884e-22, nan 
-124.625, 78.875, 1.685611431770121e-22, nan 
-124.375, 78.875, 1.242259318335936e-22, nan 
-124.125, 78.875, 7.50684520352576e-23, nan 
-123.875, 78.875, 1.0803368253176757e-22, nan 
-123.625, 78.875, 1.1041346413292959e-22, nan 
-123.375, 78.875, 8.170197825107669e-23, nan 
-123.125, 78.875, 6.095181467454651e-23, nan 
-122.875, 78.875, 8.339134027686934e-23, nan 
-122.625, 78.875, 1.9587840778751889e-22, nan 
-122.375, 78.875, 1.537214951660662e-22, nan 
-122.125, 78.875, 9.050219402955399e-23, nan 
-121.875, 78.875, 1.0694719808583015e-22, nan 
-121.625, 78.875, 1.6453894920369884e-22, nan 
-121.375, 78.875, 2.144515522116779e-22, nan 
-121.125, 78.875, 1.5040712451212405e-22, nan 
-120.875, 78.875, 5.716916703477006e-23, nan 
-120.625, 78.875, 9.169772157954669e-23, nan 
-120.375, 78.875, 1.1200179660957335e-22, nan 
-120.125, 78.875, 1.3764774588079407e-22, nan 
-119.875, 78.875, 1.5346724766786622e-22, nan 
-119.625, 78.875, 1.5567982758839984e-22, nan 
-119.375, 78.875, 1.7692800526503456e-22, nan 
-119.125, 78.875, 1.4271878587369497e-22, nan 
-118.875, 78.875, 1.8253834825500062e-22, nan 
-118.625, 78.875, 1.6301230113312683e-22, nan 
-118.375, 78.875, 1.4146366756272032e-22, nan 
-118.125, 78.875, 1.1144705955138317e-22, nan 
-117.875, 78.875, 1.0144881899059063e-22, nan 
-117.625, 78.875, 1.2580430358376197e-22, nan 
-117.375, 78.875, 1.3303258065921494e-22, nan 
-117.125, 78.875, 9.755236948073249e-23, nan 
-116.875, 78.875, 4.6801027708053374e-23, nan 
-116.625, 78.875, 2.2768731758252443e-23, nan 
-116.375, 78.875, 4.717883651454764e-23, nan 
-116.125, 78.875, 8.050936848742638e-23, nan 
-115.875, 78.875, 9.786177497272893e-23, nan 
-115.625, 78.875, 6.944190042208715e-23, nan 
-115.375, 78.875, 6.12604293094485e-23, nan 
-115.125, 78.875, 6.605131390310464e-23, nan 
-114.875, 78.875, 6.985072581858398e-23, nan 
-114.625, 78.875, 8.145560522042131e-23, nan 
-114.375, 78.875, 6.530849213052738e-23, nan 
-114.125, 78.875, 6.140056630943341e-23, nan 
-113.875, 78.875, 5.091183947676378e-23, nan 
-113.625, 78.875, 5.662940187046039e-23, nan 
-113.375, 78.875, 9.303097978385734e-23, nan 
-113.125, 78.875, 6.803607937191738e-23, nan 
-112.875, 78.875, 3.438418530790373e-23, nan 
-112.625, 78.875, 3.454018832428667e-23, nan 
-112.375, 78.875, 7.632820152114829e-23, nan 
-112.125, 78.875, 1.095228549955811e-22, nan 
-111.875, 78.875, 9.769717165274488e-23, nan 
-111.625, 78.875, 7.452710592663004e-23, nan 
-111.375, 78.875, 8.026536156882719e-23, nan 
-111.125, 78.875, 8.934871069529626e-23, nan 
-110.875, 78.875, 1.1812469485018552e-22, nan 
-110.625, 78.875, 1.2843025973102588e-22, nan 
-110.375, 78.875, 9.205225113153358e-23, nan 
-110.125, 78.875, 5.274868199131296e-23, nan 
-109.875, 78.875, 5.0854810399584165e-23, nan 
-109.625, 78.875, 7.774789003586983e-23, nan 
-109.375, 78.875, 8.717505672608073e-23, nan 
-109.125, 78.875, 6.084965364013948e-23, nan 
-108.875, 78.875, 4.4356163536796076e-23, nan 
-108.625, 78.875, 3.390649826356392e-23, nan 
-108.375, 78.875, 3.2067126983816726e-23, nan 
-108.125, 78.875, 4.913666254443569e-23, nan 
-107.875, 78.875, 4.045696636577857e-23, nan 
-107.625, 78.875, 4.04246943459478e-23, nan 
-107.375, 78.875, 3.12870710286265e-23, nan 
-107.125, 78.875, 4.3761736816165905e-23, nan 
-106.875, 78.875, 4.5288299128477293e-23, nan 
-106.625, 78.875, 4.255794308280826e-23, nan 
-106.375, 78.875, 4.6934624118739586e-23, nan 
-106.125, 78.875, 3.9768327111312127e-23, nan 
-105.875, 78.875, 4.9573794946774596e-23, nan 
-105.625, 78.875, 4.4308686913746144e-23, nan 
-105.375, 78.875, 3.0659847932999945e-23, nan 
-105.125, 78.875, 6.345760524366056e-23, nan 
-104.875, 78.875, 5.486626248277205e-23, nan 
-104.625, 78.875, 6.233082744898095e-23, nan 
-104.375, 78.875, 4.6298277178439513e-23, nan 
-104.125, 78.875, 2.3896032809089332e-23, nan 
-103.875, 78.875, 5.0561387474417877e-23, nan 
-103.625, 78.875, 4.2421305736149995e-23, nan 
-103.375, 78.875, 3.235175352726333e-23, nan 
-103.125, 78.875, 2.6502632982522985e-23, nan 
-102.875, 78.875, 2.4023504865971107e-23, nan 
-102.625, 78.875, 2.705695338528561e-23, nan 
-102.375, 78.875, 3.166955679993406e-23, nan 
-102.125, 78.875, 2.0643509107479332e-23, nan 
-101.875, 78.875, 1.939850646059595e-23, nan 
-101.625, 78.875, 1.456879657649291e-23, nan 
-101.375, 78.875, 1.364093789599737e-23, nan 
-101.125, 78.875, 1.8143628317761267e-23, nan 
-100.875, 78.875, 2.024881775503646e-23, nan 
-100.625, 78.875, 2.2505961706767447e-23, nan 
-100.375, 78.875, 2.025379437069729e-23, nan 
-100.125, 78.875, 1.0526014314164232e-23, nan 
-99.875, 78.875, 1.6082086173497328e-23, nan 
-99.625, 78.875, 2.0857705873314538e-23, nan 
-99.375, 78.875, 3.7831517810630393e-23, nan 
-99.125, 78.875, 3.6917697686144284e-23, nan 
-98.875, 78.875, 3.270801173282891e-23, nan 
-98.625, 78.875, 4.941162964883223e-23, nan 
-98.375, 78.875, 3.756766469312742e-23, nan 
-98.125, 78.875, 3.8341217432447364e-23, nan 
70.125, 78.875, 9.648166841704614e-24, nan 
70.375, 78.875, 1.4321353835275612e-23, nan 
70.625, 78.875, 1.4361923408266614e-23, nan 
70.875, 78.875, 1.3869074389544523e-23, nan 
71.125, 78.875, 1.2260682539376887e-23, nan 
71.375, 78.875, 1.0568401603534502e-23, nan 
71.625, 78.875, 1.3615020301099188e-23, nan 
71.875, 78.875, 1.3428531891009402e-23, nan 
72.125, 78.875, 1.400549305459481e-23, nan 
72.375, 78.875, 1.1965111484570626e-23, nan 
72.625, 78.875, 1.863733113592333e-23, nan 
72.875, 78.875, 2.0493880515851125e-23, nan 
73.125, 78.875, 2.913240572329551e-23, nan 
73.375, 78.875, 2.842956655767571e-23, nan 
73.625, 78.875, 3.2125561274264706e-23, nan 
73.875, 78.875, 3.116136392875395e-23, nan 
74.125, 78.875, 3.376825717118247e-23, nan 
74.375, 78.875, 3.8948429288007176e-23, nan 
74.625, 78.875, 2.959185956258694e-23, nan 
74.875, 78.875, 4.6484790921512025e-23, nan 
75.125, 78.875, 3.7761403661568454e-23, nan 
75.375, 78.875, 3.572980638696719e-23, nan 
75.625, 78.875, 4.0422431814498174e-23, nan 
75.875, 78.875, 5.924667198874595e-23, nan 
76.125, 78.875, 7.199735108400228e-23, nan 
76.375, 78.875, 7.994518088555841e-23, nan 
76.625, 78.875, 4.4096117760629445e-23, nan 
76.875, 78.875, 4.038176449899449e-23, nan 
77.125, 78.875, 3.71601010240559e-23, nan 
77.375, 78.875, 4.9538848871210725e-23, nan 
77.625, 78.875, 5.341249435858608e-23, nan 
77.875, 78.875, 3.6925424838182764e-23, nan 
78.125, 78.875, 2.2104013769639663e-23, nan 
78.375, 78.875, 1.2765482473823275e-23, nan 
78.625, 78.875, 1.6221171846701912e-23, nan 
78.875, 78.875, 1.6759797118734014e-23, nan 
79.125, 78.875, 1.7194584106408094e-23, nan 
79.375, 78.875, 2.077472080564889e-23, nan 
79.625, 78.875, 2.3662784172284064e-23, nan 
79.875, 78.875, 2.1868002686196687e-23, nan 
80.125, 78.875, 1.3143310286148447e-23, nan 
80.375, 78.875, 1.1953188804938213e-23, nan 
80.625, 78.875, 1.36748285891368e-23, nan 
80.875, 78.875, 4.634042625320279e-24, nan 
81.125, 78.875, 1.4111538243044797e-23, nan 
81.375, 78.875, 2.1878422168461396e-23, nan 
81.625, 78.875, 3.24445892450148e-23, nan 
81.875, 78.875, 1.8528408626564768e-23, nan 
82.125, 78.875, 8.523184386642563e-24, nan 
82.375, 78.875, 1.0282999919468792e-23, nan 
82.625, 78.875, 1.2548258531486451e-23, nan 
82.875, 78.875, 1.746088856777072e-23, nan 
83.125, 78.875, 1.724975727012136e-23, nan 
83.375, 78.875, 1.2203446124058376e-23, nan 
83.625, 78.875, 1.3455943834065532e-23, nan 
83.875, 78.875, 1.7771591172373117e-23, nan 
84.125, 78.875, 2.399898277812358e-23, nan 
84.375, 78.875, 2.070783086619104e-23, nan 
84.625, 78.875, 2.078814334687818e-23, nan 
84.875, 78.875, 2.6518935931160576e-23, nan 
85.125, 78.875, 2.745323862256808e-23, nan 
85.375, 78.875, 2.920139534215044e-23, nan 
85.625, 78.875, 3.9015418095293386e-23, nan 
85.875, 78.875, 5.552605267902795e-23, nan 
86.125, 78.875, 6.365518707906957e-23, nan 
86.375, 78.875, 4.5376072943182366e-23, nan 
86.625, 78.875, 4.6483024670014475e-23, nan 
86.875, 78.875, 4.683060516085078e-23, nan 
87.125, 78.875, 5.081977086644942e-23, nan 
87.375, 78.875, 3.5971534991372535e-23, nan 
87.625, 78.875, 2.9910946890058166e-23, nan 
87.875, 78.875, 4.024414603277611e-23, nan 
88.125, 78.875, 4.6820562162808893e-23, nan 
88.375, 78.875, 6.276785603347451e-23, nan 
88.625, 78.875, 8.265868169096083e-23, nan 
88.875, 78.875, 7.899062482932238e-23, nan 
89.125, 78.875, 5.490329743370542e-23, nan 
89.375, 78.875, 5.038427411034079e-23, nan 
89.625, 78.875, 4.0457416655357753e-23, nan 
89.875, 78.875, 3.660402467614507e-23, nan 
90.125, 78.875, 2.8160436898881996e-23, nan 
90.375, 78.875, 3.690469262988747e-23, nan 
90.625, 78.875, 3.252400935235318e-23, nan 
90.875, 78.875, 2.118203575855581e-23, nan 
91.125, 78.875, 1.9985262115213488e-23, nan 
91.375, 78.875, 2.825926202471639e-23, nan 
91.625, 78.875, 1.9816990765080398e-23, nan 
91.875, 78.875, 2.5940352659287224e-23, nan 
92.125, 78.875, 1.9709564900626915e-23, nan 
92.375, 78.875, 2.498781281376341e-23, nan 
92.625, 78.875, 6.478007139941137e-24, nan 
92.875, 78.875, 1.5623856240132584e-23, nan 
93.125, 78.875, 2.6196342978888868e-23, nan 
93.375, 78.875, 2.2021190520476996e-23, nan 
93.625, 78.875, 2.3498128493491172e-23, nan 
93.875, 78.875, 2.6673000497288813e-23, nan 
94.125, 78.875, 3.6285299376567806e-23, nan 
94.375, 78.875, 4.5758366467745544e-23, nan 
94.625, 78.875, 3.8630779444046887e-23, nan 
94.875, 78.875, 3.245715107334472e-23, nan 
95.125, 78.875, 2.9691845534487183e-23, nan 
95.375, 78.875, 3.5079210501882004e-23, nan 
95.625, 78.875, 3.846648579818353e-23, nan 
95.875, 78.875, 2.690190468840116e-23, nan 
96.125, 78.875, 3.2056651523940934e-23, nan 
96.375, 78.875, 3.7823384754722824e-23, nan 
96.625, 78.875, 3.4843644325831277e-23, nan 
96.875, 78.875, 3.471410394194292e-23, nan 
97.125, 78.875, 2.422559903518123e-23, nan 
97.375, 78.875, 2.3937060860764045e-23, nan 
97.625, 78.875, 2.196304985055335e-23, nan 
97.875, 78.875, 1.7565051431348051e-23, nan 
98.125, 78.875, 1.1272237898377618e-23, nan 
98.375, 78.875, 1.9679809823040202e-23, nan 
98.625, 78.875, 2.830705280448117e-23, nan 
98.875, 78.875, 3.2347316461379565e-23, nan 
99.125, 78.875, 3.3864265506534304e-23, nan 
99.375, 78.875, 2.867854949400563e-23, nan 
99.625, 78.875, 2.632693317545883e-23, nan 
99.875, 78.875, 2.884974645188575e-23, nan 
100.125, 78.875, 2.391140330676793e-23, nan 
100.375, 78.875, 1.784600688598968e-23, nan 
100.625, 78.875, 2.2461098487036206e-23, nan 
100.875, 78.875, 3.164120798170632e-23, nan 
101.125, 78.875, 2.0625608733833027e-23, nan 
101.375, 78.875, 1.6962625711007797e-23, nan 
101.625, 78.875, 4.174663649994533e-23, nan 
101.875, 78.875, 4.0842645839935945e-23, nan 
102.125, 78.875, 5.972083887493033e-23, nan 
102.375, 78.875, 7.510468391368238e-23, nan 
102.625, 78.875, 8.142829258155449e-23, nan 
102.875, 78.875, 6.030761086321087e-23, nan 
103.125, 78.875, 5.912219469826436e-23, nan 
103.375, 78.875, 8.280088312683994e-23, nan 
103.625, 78.875, 9.378358175647686e-23, nan 
103.875, 78.875, 8.179724796282886e-23, nan 
104.125, 78.875, 4.232310333187637e-23, nan 
104.375, 78.875, 3.7459039058904734e-23, nan 
104.625, 78.875, 6.070504706759103e-23, nan 
104.875, 78.875, 1.1017660850027475e-22, nan 
105.125, 78.875, 9.1115289368133e-23, nan 
105.375, 78.875, 6.920169535391258e-23, nan 
105.625, 78.875, 4.916581997226222e-23, nan 
105.875, 78.875, 4.804764378340484e-23, nan 
106.125, 78.875, 1.0490996503943041e-22, nan 
106.375, 78.875, 6.899250573389668e-23, nan 
106.625, 78.875, 4.5023625819578665e-23, nan 
106.875, 78.875, 3.233642485361453e-23, nan 
107.125, 78.875, 3.7903533613269546e-23, nan 
107.375, 78.875, 1.0707573991995598e-22, nan 
107.625, 78.875, 8.050943076337981e-23, nan 
107.875, 78.875, 6.037342936791168e-23, nan 
108.125, 78.875, 4.3972641960645315e-23, nan 
108.375, 78.875, 3.402410666642428e-23, nan 
108.625, 78.875, 4.681193119622454e-23, nan 
108.875, 78.875, 5.977150609846111e-23, nan 
109.125, 78.875, 4.685678676605442e-23, nan 
109.375, 78.875, 3.249248445088074e-23, nan 
109.625, 78.875, 4.2608189165492195e-23, nan 
109.875, 78.875, 3.516026418793151e-23, nan 
110.125, 78.875, 4.981480443852921e-23, nan 
110.375, 78.875, 9.958583041834629e-23, nan 
110.625, 78.875, 1.6333953791717706e-22, nan 
110.875, 78.875, 2.6536021947621887e-22, nan 
111.125, 78.875, 2.628777604661634e-22, nan 
111.375, 78.875, 2.51484184647486e-22, nan 
111.625, 78.875, 2.3861371592726423e-22, nan 
111.875, 78.875, 2.307340202959365e-22, nan 
112.125, 78.875, 2.3016582023136962e-22, nan 
112.375, 78.875, 2.189732739040272e-22, nan 
112.625, 78.875, 2.292276542515184e-22, nan 
112.875, 78.875, 1.8968593460417855e-22, nan 
113.125, 78.875, 1.8937806329094348e-22, nan 
113.375, 78.875, 1.2089934991325923e-22, nan 
113.625, 78.875, 9.277520689566019e-23, nan 
113.875, 78.875, 6.410791787771042e-23, nan 
114.125, 78.875, 8.641112386843394e-23, nan 
114.375, 78.875, 1.2134499548421929e-22, nan 
114.625, 78.875, 1.3501275141747525e-22, nan 
114.875, 78.875, 1.322689834997443e-22, nan 
115.125, 78.875, 7.655504120837061e-23, nan 
115.375, 78.875, 8.162755568874315e-23, nan 
115.625, 78.875, 8.733543095062749e-23, nan 
115.875, 78.875, 8.634574923663464e-23, nan 
116.125, 78.875, 9.691041491740613e-23, nan 
116.375, 78.875, 1.0057845335557026e-22, nan 
116.625, 78.875, 1.0089824387535265e-22, nan 
116.875, 78.875, 1.1160558118832222e-22, nan 
117.125, 78.875, 1.1847999777804788e-22, nan 
117.375, 78.875, 1.0422694839395644e-22, nan 
117.625, 78.875, 1.3065672545365533e-22, nan 
117.875, 78.875, 1.2517273198925982e-22, nan 
118.125, 78.875, 1.396285944630364e-22, nan 
118.375, 78.875, 1.3512517569115947e-22, nan 
118.625, 78.875, 1.4687521688260777e-22, nan 
118.875, 78.875, 1.221848088632505e-22, nan 
119.125, 78.875, 9.477937320240602e-23, nan 
119.375, 78.875, 6.450083105325468e-23, nan 
119.625, 78.875, 9.549572337554625e-23, nan 
119.875, 78.875, 1.2073167555282256e-22, nan 
120.125, 78.875, 1.9624384537272672e-22, nan 
120.375, 78.875, 2.5237166997472086e-22, nan 
120.625, 78.875, 1.3430988291903993e-22, nan 
120.875, 78.875, 1.365779342692215e-22, nan 
121.125, 78.875, 2.3099807550656256e-22, nan 
121.375, 78.875, 2.530774476192414e-22, nan 
121.625, 78.875, 3.380359735858483e-22, nan 
121.875, 78.875, 2.607805658131469e-22, nan 
122.125, 78.875, 2.3746448093614956e-22, nan 
122.375, 78.875, 3.03677847929272e-22, nan 
122.625, 78.875, 3.3864624417614315e-22, nan 
122.875, 78.875, 3.616484864931241e-22, nan 
123.125, 78.875, 3.5117353234065646e-22, nan 
123.375, 78.875, 2.9769935020877908e-22, nan 
123.625, 78.875, 3.569206427717766e-22, nan 
123.875, 78.875, 3.850505266764485e-22, nan 
124.125, 78.875, 3.9416984224264186e-22, nan 
124.375, 78.875, 3.6711043872033387e-22, nan 
124.625, 78.875, 3.556313727833785e-22, nan 
124.875, 78.875, 2.953629907568488e-22, nan 
125.125, 78.875, 3.880106770224554e-22, nan 
125.375, 78.875, 3.4399859632986273e-22, nan 
125.625, 78.875, 3.223798400281953e-22, nan 
125.875, 78.875, 3.437544656443195e-22, nan 
126.125, 78.875, 4.058794831232654e-22, nan 
126.375, 78.875, 3.2706648744944895e-22, nan 
126.625, 78.875, 3.5926048229032926e-22, nan 
126.875, 78.875, 3.492949926902597e-22, nan 
127.125, 78.875, 3.64054147428829e-22, nan 
127.375, 78.875, 3.2304703475946945e-22, nan 
127.625, 78.875, 3.6078910370739975e-22, nan 
127.875, 78.875, 2.413062723889879e-22, nan 
128.125, 78.875, 2.219921917169548e-22, nan 
128.375, 78.875, 2.205375192754881e-22, nan 
128.625, 78.875, 1.852281135756955e-22, nan 
128.875, 78.875, 1.9738546579827819e-22, nan 
129.125, 78.875, 2.589606306623586e-22, nan 
129.375, 78.875, 4.089146759018986e-22, nan 
129.625, 78.875, 5.596460315811974e-22, nan 
129.875, 78.875, 5.997669203754789e-22, nan 
130.125, 78.875, 5.976084665079662e-22, nan 
130.375, 78.875, 7.634740786279525e-22, nan 
130.625, 78.875, 9.963586070904883e-22, nan 
130.875, 78.875, 1.1834242990956848e-21, nan 
131.125, 78.875, 8.835205519939244e-22, nan 
131.375, 78.875, 9.922646714870115e-22, nan 
131.625, 78.875, 8.743669274855003e-22, nan 
131.875, 78.875, 6.958015998997188e-22, nan 
132.125, 78.875, 6.219802684239378e-22, nan 
132.375, 78.875, 6.555812492075028e-22, nan 
132.625, 78.875, 7.3146584348417705e-22, nan 
132.875, 78.875, 9.580498692904572e-22, nan 
133.125, 78.875, 6.874233528568652e-22, nan 
133.375, 78.875, 8.207539528648417e-22, nan 
133.625, 78.875, 7.344968611279554e-22, nan 
133.875, 78.875, 8.564513650947667e-22, nan 
134.125, 78.875, 1.0811033931146333e-21, nan 
134.375, 78.875, 8.926316643825396e-22, nan 
134.625, 78.875, 6.238148177446283e-22, nan 
134.875, 78.875, 4.810047008715818e-22, nan 
135.125, 78.875, 5.165229251954662e-22, nan 
135.375, 78.875, 6.652482491829879e-22, nan 
135.625, 78.875, 5.371608806413979e-22, nan 
135.875, 78.875, 3.963595109370625e-22, nan 
136.125, 78.875, 3.542623539749997e-22, nan 
136.375, 78.875, 3.1183272073679254e-22, nan 
136.625, 78.875, 2.8649480448123118e-22, nan 
136.875, 78.875, 4.832515773641702e-22, nan 
137.125, 78.875, 4.1671668539914537e-22, nan 
137.375, 78.875, 4.117223478764856e-22, nan 
137.625, 78.875, 3.442731091048844e-22, nan 
137.875, 78.875, 2.49263587333759e-22, nan 
138.125, 78.875, 1.4929534960950766e-22, nan 
138.375, 78.875, 1.4496397483330813e-22, nan 
138.625, 78.875, 2.2713942063300696e-22, nan 
138.875, 78.875, 2.241156173134544e-22, nan 
139.125, 78.875, 3.610851388908378e-22, nan 
139.375, 78.875, 4.444996769335116e-22, nan 
139.625, 78.875, 4.846394161034477e-22, nan 
139.875, 78.875, 3.6167525472153964e-22, nan 
140.125, 78.875, 4.748030174569837e-22, nan 
140.375, 78.875, 6.297237108344612e-22, nan 
140.625, 78.875, 9.333821005038656e-22, nan 
140.875, 78.875, 7.43116119531194e-22, nan 
141.125, 78.875, 6.5196016856576935e-22, nan 
141.375, 78.875, 6.781343646668492e-22, nan 
141.625, 78.875, 6.847411221596564e-22, nan 
141.875, 78.875, 7.304319595696768e-22, nan 
142.125, 78.875, 6.868925989591724e-22, nan 
142.375, 78.875, 6.782254837794334e-22, nan 
142.625, 78.875, 6.797866653455212e-22, nan 
142.875, 78.875, 6.30160892574326e-22, nan 
143.125, 78.875, 5.842190120869442e-22, nan 
143.375, 78.875, 6.84487973037789e-22, nan 
143.625, 78.875, 6.886650264852427e-22, nan 
143.875, 78.875, 6.367577162946805e-22, nan 
144.125, 78.875, 8.561514522830482e-22, nan 
144.375, 78.875, 1.0363631434313085e-21, nan 
144.625, 78.875, 1.6404732513522631e-21, nan 
144.875, 78.875, 1.9888818407755312e-21, nan 
145.125, 78.875, 2.054586140272716e-21, nan 
145.375, 78.875, 1.6545460666152544e-21, nan 
145.625, 78.875, 1.408575736939209e-21, nan 
145.875, 78.875, 1.7683899157569437e-21, nan 
146.125, 78.875, 2.0516603120989697e-21, nan 
146.375, 78.875, 2.0725001575596358e-21, nan 
146.625, 78.875, 1.667089430483117e-21, nan 
146.875, 78.875, 1.3364188555027254e-21, nan 
147.125, 78.875, 1.1117974409397835e-21, nan 
147.375, 78.875, 1.0988488082141365e-21, nan 
147.625, 78.875, 9.744372593860124e-22, nan 
147.875, 78.875, 1.0933739528149837e-21, nan 
148.125, 78.875, 9.634143588302577e-22, nan 
148.375, 78.875, 1.033554944699159e-21, nan 
148.625, 78.875, 6.576858260107168e-22, nan 
148.875, 78.875, 8.214120657290639e-22, nan 
149.125, 78.875, 6.301684008898096e-22, nan 
149.375, 78.875, 1.3371987579907815e-21, nan 
149.625, 78.875, 9.50497593738652e-22, nan 
149.875, 78.875, 9.540151614437075e-22, nan 
150.125, 78.875, 7.774709636102572e-22, nan 
150.375, 78.875, 1.238113614911074e-21, nan 
150.625, 78.875, 1.7286835804067272e-21, nan 
150.875, 78.875, 1.6454505445727053e-21, nan 
151.125, 78.875, 1.9085177158427303e-21, nan 
151.375, 78.875, 1.6137236299939223e-21, nan 
151.625, 78.875, 1.792075174262702e-21, nan 
151.875, 78.875, 1.92397976864498e-21, nan 
152.125, 78.875, 1.5920921780036547e-21, nan 
152.375, 78.875, 1.932060184953297e-21, nan 
152.625, 78.875, 1.97234430388227e-21, nan 
152.875, 78.875, 5.444770282244118e-21, nan 
153.125, 78.875, 5.2869300475767325e-21, nan 
153.375, 78.875, 5.5953435925072305e-21, nan 
153.625, 78.875, 5.8072691864075826e-21, nan 
153.875, 78.875, 9.61249126294717e-21, nan 
154.125, 78.875, 1.4024233962837336e-20, nan 
154.375, 78.875, 1.2122422981225908e-20, nan 
154.625, 78.875, 1.2497866988509779e-20, nan 
154.875, 78.875, 6.406883708749052e-21, nan 
155.125, 78.875, 1.4605152975016973e-20, nan 
155.375, 78.875, 2.354821378772489e-20, nan 
155.625, 78.875, 1.9185368063852886e-20, nan 
155.875, 78.875, 2.4460705430850466e-20, nan 
156.125, 78.875, 1.3702756336362227e-20, nan 
156.375, 78.875, 1.0722332526493816e-20, nan 
156.625, 78.875, 1.5361322952461122e-20, nan 
156.875, 78.875, 1.435530738563401e-20, nan 
157.125, 78.875, 1.811658147368836e-20, nan 
157.375, 78.875, 1.406981546454823e-20, nan 
157.625, 78.875, 1.262111055099822e-20, nan 
157.875, 78.875, 1.0704615573840982e-20, nan 
158.125, 78.875, 1.1664558379028244e-20, nan 
158.375, 78.875, 1.006807928182768e-20, nan 
158.625, 78.875, 1.1087144820297227e-20, nan 
158.875, 78.875, 1.298793650279854e-20, nan 
159.125, 78.875, 1.1315093204807484e-20, nan 
159.375, 78.875, 1.0943691768350853e-20, nan 
159.625, 78.875, 9.307352827301386e-21, nan 
159.875, 78.875, 1.0681629552020953e-20, nan 
160.125, 78.875, 1.3334178771767141e-20, nan 
160.375, 78.875, 1.2193573144080429e-20, nan 
160.625, 78.875, 9.36910235264766e-21, nan 
160.875, 78.875, 5.03414989243761e-21, nan 
161.125, 78.875, 9.494872752793391e-21, nan 
161.375, 78.875, 5.9963289416576855e-21, nan 
161.625, 78.875, 7.292917358446983e-21, nan 
161.875, 78.875, 6.364994895683612e-21, nan 
162.125, 78.875, 7.053065704902934e-21, nan 
162.375, 78.875, 6.959017161433248e-21, nan 
162.625, 78.875, 1.098211716729745e-20, nan 
162.875, 78.875, 1.3044580348315602e-20, nan 
163.125, 78.875, 6.502257140784005e-21, nan 
163.375, 78.875, 5.780941245991061e-21, nan 
163.625, 78.875, 1.047205549182954e-20, nan 
163.875, 78.875, 2.2331284900655515e-20, nan 
164.125, 78.875, 2.966795728655477e-20, nan 
164.375, 78.875, 3.119565980418194e-20, nan 
164.625, 78.875, 1.893869311743862e-20, nan 
164.875, 78.875, 1.95506187391258e-20, nan 
165.125, 78.875, 1.5140782088334096e-20, nan 
165.375, 78.875, 1.3869112432830575e-20, nan 
165.625, 78.875, 1.5621056010822912e-20, nan 
165.875, 78.875, 1.3339892107191789e-20, nan 
166.125, 78.875, 2.2310220357906153e-20, nan 
166.375, 78.875, 2.1132583042499195e-20, nan 
166.625, 78.875, 1.1004754422637137e-20, nan 
166.875, 78.875, 1.4864466692623708e-20, nan 
167.125, 78.875, 9.93126322279649e-21, nan 
167.375, 78.875, 1.2063155841294004e-20, nan 
167.625, 78.875, 2.0491467909428337e-20, nan 
167.875, 78.875, 1.018662232663882e-20, nan 
168.125, 78.875, 9.461876834858276e-21, nan 
168.375, 78.875, 6.915153409264925e-21, nan 
168.625, 78.875, 1.1514524907507572e-20, nan 
168.875, 78.875, 1.1666449899762536e-20, nan 
169.125, 78.875, 9.197943231452147e-21, nan 
169.375, 78.875, 1.5331996609833647e-20, nan 
169.625, 78.875, 2.0006399087235814e-20, nan 
169.875, 78.875, 1.984068704546717e-20, nan 
170.125, 78.875, 1.8241275458060503e-20, nan 
170.375, 78.875, 1.7286588609925624e-20, nan 
170.625, 78.875, 1.7416417455685448e-20, nan 
170.875, 78.875, 1.9390944024630727e-20, nan 
171.125, 78.875, 2.0596610740319282e-20, nan 
171.375, 78.875, 1.8251136459956618e-20, nan 
171.625, 78.875, 1.7698657084878246e-20, nan 
171.875, 78.875, 1.5004401293958904e-20, nan 
172.125, 78.875, 1.362499405722231e-20, nan 
172.375, 78.875, 1.3189070119112309e-20, nan 
172.625, 78.875, 2.155966519770549e-20, nan 
172.875, 78.875, 1.849388170473567e-20, nan 
173.125, 78.875, 2.2451533253312113e-20, nan 
173.375, 78.875, 1.5092560186652005e-20, nan 
173.625, 78.875, 1.3046779970331094e-20, nan 
173.875, 78.875, 1.813207851138688e-20, nan 
174.125, 78.875, 2.4008622013071402e-20, nan 
174.375, 78.875, 1.9325056033471823e-20, nan 
174.625, 78.875, 1.857465854601093e-20, nan 
174.875, 78.875, 1.8947192835312747e-20, nan 
175.125, 78.875, 1.4400349654865995e-20, nan 
175.375, 78.875, 1.643322252539585e-20, nan 
175.625, 78.875, 1.842579164731833e-20, nan 
175.875, 78.875, 2.715220685569175e-20, nan 
176.125, 78.875, 2.944751571183377e-20, nan 
176.375, 78.875, 1.4292974963878627e-20, nan 
176.625, 78.875, 1.1891712822461456e-20, nan 
176.875, 78.875, 8.690807611493606e-21, nan 
177.125, 78.875, 1.8681929228768124e-20, nan 
177.375, 78.875, 1.8785169383186446e-20, nan 
177.625, 78.875, 7.324813837191624e-21, nan 
177.875, 78.875, 8.276453076548031e-21, nan 
178.125, 78.875, 6.155150486238629e-21, nan 
178.375, 78.875, 7.329490112548343e-21, nan 
178.625, 78.875, 9.411247918846699e-21, nan 
178.875, 78.875, 6.894220946196548e-21, nan 
179.125, 78.875, 8.03683580683818e-21, nan 
179.375, 78.875, 7.01073677543645e-21, nan 
179.625, 78.875, 4.665124113205501e-21, nan 
179.875, 78.875, 4.9575222419651296e-21, nan 
-179.875, 79.125, 9.00489664117315e-21, nan 
-179.625, 79.125, 9.108494419506587e-21, nan 
-179.375, 79.125, 9.05103756341169e-21, nan 
-179.125, 79.125, 1.1035830253753227e-20, nan 
-178.875, 79.125, 9.401441336390482e-21, nan 
-178.625, 79.125, 1.136562058141798e-20, nan 
-178.375, 79.125, 9.083698734406635e-21, nan 
-178.125, 79.125, 9.912287193967433e-21, nan 
-177.875, 79.125, 1.2350671965504322e-20, nan 
-177.625, 79.125, 1.0014189710516965e-20, nan 
-177.375, 79.125, 1.16698334046705e-20, nan 
-177.125, 79.125, 8.548256616199604e-21, nan 
-176.875, 79.125, 1.0174952668749198e-20, nan 
-176.625, 79.125, 8.291478410328015e-21, nan 
-176.375, 79.125, 6.024031622342009e-21, nan 
-176.125, 79.125, 2.8252619112479583e-21, nan 
-175.875, 79.125, 4.3864012221615164e-21, nan 
-175.625, 79.125, 7.798692151834326e-21, nan 
-175.375, 79.125, 4.900286219600592e-21, nan 
-175.125, 79.125, 3.783088684006317e-21, nan 
-174.875, 79.125, 4.247095403591606e-21, nan 
-174.625, 79.125, 4.4465087756496986e-21, nan 
-174.375, 79.125, 5.4457093295654214e-21, nan 
-174.125, 79.125, 4.2335412443845785e-21, nan 
-173.875, 79.125, 3.80309979597697e-21, nan 
-173.625, 79.125, 4.117569799500667e-21, nan 
-173.375, 79.125, 2.9164121600203247e-21, nan 
-173.125, 79.125, 3.281024748217816e-21, nan 
-172.875, 79.125, 3.447975166807984e-21, nan 
-172.625, 79.125, 4.10187492623213e-21, nan 
-172.375, 79.125, 3.378546116982602e-21, nan 
-172.125, 79.125, 4.424594810940882e-21, nan 
-171.875, 79.125, 3.602776927369482e-21, nan 
-171.625, 79.125, 4.247732673358645e-21, nan 
-171.375, 79.125, 4.1463751832525934e-21, nan 
-171.125, 79.125, 4.478177580524098e-21, nan 
-170.875, 79.125, 4.067714939311552e-21, nan 
-170.625, 79.125, 3.945123709694878e-21, nan 
-170.375, 79.125, 4.0771174898182375e-21, nan 
-170.125, 79.125, 4.032654428548038e-21, nan 
-169.875, 79.125, 3.6817805849955274e-21, nan 
-169.625, 79.125, 3.440932931398207e-21, nan 
-169.375, 79.125, 3.658665654225111e-21, nan 
-169.125, 79.125, 3.5311413947998726e-21, nan 
-168.875, 79.125, 3.465486711191423e-21, nan 
-168.625, 79.125, 3.34412519778722e-21, nan 
-168.375, 79.125, 3.401708373208247e-21, nan 
-168.125, 79.125, 2.9336634479762635e-21, nan 
-167.875, 79.125, 3.021727317222421e-21, nan 
-167.625, 79.125, 2.8047386979527854e-21, nan 
-167.375, 79.125, 2.7944458239718786e-21, nan 
-167.125, 79.125, 3.095693336748011e-21, nan 
-166.875, 79.125, 2.6487558221299654e-21, nan 
-166.625, 79.125, 2.541766037081319e-21, nan 
-166.375, 79.125, 2.435148331430917e-21, nan 
-166.125, 79.125, 2.6755343552269384e-21, nan 
-165.875, 79.125, 2.641383024334711e-21, nan 
-165.625, 79.125, 2.257445274275268e-21, nan 
-165.375, 79.125, 2.261022531229028e-21, nan 
-165.125, 79.125, 2.1262378711120477e-21, nan 
-164.875, 79.125, 2.193860046735714e-21, nan 
-164.625, 79.125, 1.9968078038687798e-21, nan 
-164.375, 79.125, 2.1140881170276136e-21, nan 
-164.125, 79.125, 1.903978636133974e-21, nan 
-163.875, 79.125, 1.9432897310540274e-21, nan 
-163.625, 79.125, 2.2743006037555046e-21, nan 
-163.375, 79.125, 2.2069808603581556e-21, nan 
-163.125, 79.125, 2.293770416528991e-21, nan 
-162.875, 79.125, 1.48846777839063e-21, nan 
-162.625, 79.125, 1.8993016069599204e-21, nan 
-162.375, 79.125, 1.900331760676811e-21, nan 
-162.125, 79.125, 2.0497834361172708e-21, nan 
-161.875, 79.125, 1.7033717666976973e-21, nan 
-161.625, 79.125, 1.6722914431674352e-21, nan 
-161.375, 79.125, 1.6210642399955947e-21, nan 
-161.125, 79.125, 1.5272437756593171e-21, nan 
-160.875, 79.125, 1.581268607686172e-21, nan 
-160.625, 79.125, 1.6567218635813958e-21, nan 
-160.375, 79.125, 1.3611600153584012e-21, nan 
-160.125, 79.125, 1.3629014923437612e-21, nan 
-159.875, 79.125, 1.083638521427749e-21, nan 
-159.625, 79.125, 1.203092306009083e-21, nan 
-159.375, 79.125, 9.70241267527972e-22, nan 
-159.125, 79.125, 1.0003311560476991e-21, nan 
-158.875, 79.125, 8.978210630298903e-22, nan 
-158.625, 79.125, 9.224071358835649e-22, nan 
-158.375, 79.125, 8.91755400221165e-22, nan 
-158.125, 79.125, 8.285232344837576e-22, nan 
-157.875, 79.125, 6.843264207275413e-22, nan 
-157.625, 79.125, 6.408429696856203e-22, nan 
-157.375, 79.125, 6.340032471828982e-22, nan 
-157.125, 79.125, 6.4157195332830335e-22, nan 
-156.875, 79.125, 6.020585746854717e-22, nan 
-156.625, 79.125, 5.959327286306729e-22, nan 
-156.375, 79.125, 8.049039892995673e-22, nan 
-156.125, 79.125, 8.210129545201021e-22, nan 
-155.875, 79.125, 7.984658646444952e-22, nan 
-155.625, 79.125, 6.678854125289049e-22, nan 
-155.375, 79.125, 4.805570434085628e-22, nan 
-155.125, 79.125, 7.979144171808935e-22, nan 
-154.875, 79.125, 1.0836127801527026e-21, nan 
-154.625, 79.125, 1.1177826532135764e-21, nan 
-154.375, 79.125, 1.3700319978310069e-21, nan 
-154.125, 79.125, 1.6355789864072977e-21, nan 
-153.875, 79.125, 2.0568870300433224e-21, nan 
-153.625, 79.125, 1.6800089840518485e-21, nan 
-153.375, 79.125, 1.2582175305438147e-21, nan 
-153.125, 79.125, 9.052053194898112e-22, nan 
-152.875, 79.125, 8.59431383941508e-22, nan 
-152.625, 79.125, 8.202519193842573e-22, nan 
-152.375, 79.125, 7.2289131377285355e-22, nan 
-152.125, 79.125, 8.148805239867101e-22, nan 
-151.875, 79.125, 6.952574768469585e-22, nan 
-151.625, 79.125, 7.132326357166214e-22, nan 
-151.375, 79.125, 6.665358676526656e-22, nan 
-151.125, 79.125, 6.656473728227762e-22, nan 
-150.875, 79.125, 6.843439986946264e-22, nan 
-150.625, 79.125, 7.247372108511225e-22, nan 
-150.375, 79.125, 6.042929709934041e-22, nan 
-150.125, 79.125, 6.401216412096583e-22, nan 
-149.875, 79.125, 7.536038481995949e-22, nan 
-149.625, 79.125, 6.3931939056079385e-22, nan 
-149.375, 79.125, 5.938870381427928e-22, nan 
-149.125, 79.125, 6.010969927188137e-22, nan 
-148.875, 79.125, 7.558000512329402e-22, nan 
-148.625, 79.125, 8.515119081415995e-22, nan 
-148.375, 79.125, 8.502075562558964e-22, nan 
-148.125, 79.125, 8.601141064683533e-22, nan 
-147.875, 79.125, 9.226948333305478e-22, nan 
-147.625, 79.125, 6.822700690570886e-22, nan 
-147.375, 79.125, 4.833306501403792e-22, nan 
-147.125, 79.125, 6.733916428421283e-22, nan 
-146.875, 79.125, 6.040386413047465e-22, nan 
-146.625, 79.125, 5.379623278019075e-22, nan 
-146.375, 79.125, 5.7860282163059155e-22, nan 
-146.125, 79.125, 4.570726791243409e-22, nan 
-145.875, 79.125, 4.625505504987541e-22, nan 
-145.625, 79.125, 5.029248517879624e-22, nan 
-145.375, 79.125, 5.9886474122562195e-22, nan 
-145.125, 79.125, 5.231904930637963e-22, nan 
-144.875, 79.125, 4.984401613117041e-22, nan 
-144.625, 79.125, 4.520103347973415e-22, nan 
-144.375, 79.125, 5.5484144981141395e-22, nan 
-144.125, 79.125, 4.708717022812738e-22, nan 
-143.875, 79.125, 5.231091897065533e-22, nan 
-143.625, 79.125, 4.854691795471964e-22, nan 
-143.375, 79.125, 4.748724250476719e-22, nan 
-143.125, 79.125, 4.844972081182652e-22, nan 
-142.875, 79.125, 4.86870295607588e-22, nan 
-142.625, 79.125, 4.449185019533137e-22, nan 
-142.375, 79.125, 4.547625763661303e-22, nan 
-142.125, 79.125, 4.6076034058578e-22, nan 
-141.875, 79.125, 3.8213207547582434e-22, nan 
-141.625, 79.125, 3.2616832485180236e-22, nan 
-141.375, 79.125, 2.5764797473490774e-22, nan 
-141.125, 79.125, 2.863169516265921e-22, nan 
-140.875, 79.125, 3.0292134408437215e-22, nan 
-140.625, 79.125, 3.299572167740272e-22, nan 
-140.375, 79.125, 2.96920338824066e-22, nan 
-140.125, 79.125, 2.936321849382193e-22, nan 
-139.875, 79.125, 3.4618767340597577e-22, nan 
-139.625, 79.125, 3.099342832251177e-22, nan 
-139.375, 79.125, 2.8473116097868926e-22, nan 
-139.125, 79.125, 2.827674333176103e-22, nan 
-138.875, 79.125, 3.0277363121722276e-22, nan 
-138.625, 79.125, 3.210697286808012e-22, nan 
-138.375, 79.125, 3.0425329202078277e-22, nan 
-138.125, 79.125, 3.0485619615448663e-22, nan 
-137.875, 79.125, 3.300826382050228e-22, nan 
-137.625, 79.125, 4.236526315003539e-22, nan 
-137.375, 79.125, 3.4871366533818897e-22, nan 
-137.125, 79.125, 3.0563614734315624e-22, nan 
-136.875, 79.125, 2.9635191306127424e-22, nan 
-136.625, 79.125, 3.2161070020992013e-22, nan 
-136.375, 79.125, 2.784595015468907e-22, nan 
-136.125, 79.125, 2.6773765894992964e-22, nan 
-135.875, 79.125, 2.552045694777185e-22, nan 
-135.625, 79.125, 3.271997917833508e-22, nan 
-135.375, 79.125, 3.4304987335353694e-22, nan 
-135.125, 79.125, 2.351059997510327e-22, nan 
-134.875, 79.125, 1.489874722133976e-22, nan 
-134.625, 79.125, 1.767831909469824e-22, nan 
-134.375, 79.125, 2.4738103559812604e-22, nan 
-134.125, 79.125, 3.147180743684296e-22, nan 
-133.875, 79.125, 1.5128476451584842e-22, nan 
-133.625, 79.125, 1.3790920643463417e-22, nan 
-133.375, 79.125, 2.1686355045337725e-22, nan 
-133.125, 79.125, 2.240206549707157e-22, nan 
-132.875, 79.125, 2.5567336558404935e-22, nan 
-132.625, 79.125, 1.650561838442302e-22, nan 
-132.375, 79.125, 1.877142973849929e-22, nan 
-132.125, 79.125, 1.5922324247732927e-22, nan 
-131.875, 79.125, 1.225740304952089e-22, nan 
-131.625, 79.125, 1.5281896169574684e-22, nan 
-131.375, 79.125, 1.660359868746174e-22, nan 
-131.125, 79.125, 1.630534035506592e-22, nan 
-130.875, 79.125, 1.8443801153019543e-22, nan 
-130.625, 79.125, 1.4733241341673072e-22, nan 
-130.375, 79.125, 1.2324683972817491e-22, nan 
-130.125, 79.125, 8.281214478854936e-23, nan 
-129.875, 79.125, 1.0730996576251373e-22, nan 
-129.625, 79.125, 1.230795381718716e-22, nan 
-129.375, 79.125, 1.8323360492739232e-22, nan 
-129.125, 79.125, 2.4353541934874333e-22, nan 
-128.875, 79.125, 3.0018076454217504e-22, nan 
-128.625, 79.125, 2.3233042080035608e-22, nan 
-128.375, 79.125, 2.3826143002065727e-22, nan 
-128.125, 79.125, 2.245259859852833e-22, nan 
-127.875, 79.125, 2.5292684263177657e-22, nan 
-127.625, 79.125, 2.6254557948690877e-22, nan 
-127.375, 79.125, 1.6605025377516181e-22, nan 
-127.125, 79.125, 2.067480732191827e-22, nan 
-126.875, 79.125, 1.804881676213177e-22, nan 
-126.625, 79.125, 1.4434245297024952e-22, nan 
-126.375, 79.125, 1.392394530094606e-22, nan 
-126.125, 79.125, 1.814130997250413e-22, nan 
-125.875, 79.125, 1.6751581086184872e-22, nan 
-125.625, 79.125, 1.3198719187731508e-22, nan 
-125.375, 79.125, 1.29904915616386e-22, nan 
-125.125, 79.125, 1.2578596660955003e-22, nan 
-124.875, 79.125, 1.7921127137434743e-22, nan 
-124.625, 79.125, 1.5863042412498621e-22, nan 
-124.375, 79.125, 1.1612805195732714e-22, nan 
-124.125, 79.125, 6.985286290182396e-23, nan 
-123.875, 79.125, 2.929774058013135e-23, nan 
-123.625, 79.125, 1.2247342238903968e-22, nan 
-123.375, 79.125, 1.9466114090840757e-22, nan 
-123.125, 79.125, 2.085722936194386e-22, nan 
-122.875, 79.125, 2.055630210297566e-22, nan 
-122.625, 79.125, 1.5063581566813336e-22, nan 
-122.375, 79.125, 1.3446168034146595e-22, nan 
-122.125, 79.125, 2.375257472423273e-22, nan 
-121.875, 79.125, 2.9627806042643438e-22, nan 
-121.625, 79.125, 3.155042962526159e-22, nan 
-121.375, 79.125, 2.564000578146573e-22, nan 
-121.125, 79.125, 1.7245175670169083e-22, nan 
-120.875, 79.125, 1.3597560490725187e-22, nan 
-120.625, 79.125, 1.5240844935814494e-22, nan 
-120.375, 79.125, 2.061624680215224e-22, nan 
-120.125, 79.125, 1.6606708277109804e-22, nan 
-119.875, 79.125, 1.8269788595428986e-22, nan 
-119.625, 79.125, 1.730117302166039e-22, nan 
-119.375, 79.125, 1.431656667155058e-22, nan 
-119.125, 79.125, 1.186466584294088e-22, nan 
-118.875, 79.125, 1.4519334080419183e-22, nan 
-118.625, 79.125, 1.312434361416322e-22, nan 
-118.375, 79.125, 1.2532493437936502e-22, nan 
-118.125, 79.125, 1.0171589869118858e-22, nan 
-117.875, 79.125, 1.0342335064016224e-22, nan 
-117.625, 79.125, 7.984801281127276e-23, nan 
-117.375, 79.125, 7.062370650722433e-23, nan 
-117.125, 79.125, 5.221204219634122e-23, nan 
-116.875, 79.125, 5.340829683265002e-23, nan 
-116.625, 79.125, 8.339327162379535e-23, nan 
-116.375, 79.125, 7.180010736830561e-23, nan 
-116.125, 79.125, 8.643028470896455e-23, nan 
-115.875, 79.125, 7.69197579396862e-23, nan 
-115.625, 79.125, 6.831202470587555e-23, nan 
-115.375, 79.125, 6.475555835296751e-23, nan 
-115.125, 79.125, 5.737582990769657e-23, nan 
-114.875, 79.125, 6.059019957987867e-23, nan 
-114.625, 79.125, 5.090834870943173e-23, nan 
-114.375, 79.125, 5.543627283496323e-23, nan 
-114.125, 79.125, 5.116060557403643e-23, nan 
-113.875, 79.125, 6.651378418095905e-23, nan 
-113.625, 79.125, 6.245591552211365e-23, nan 
-113.375, 79.125, 5.4672423269099e-23, nan 
-113.125, 79.125, 4.2751321261413105e-23, nan 
-112.875, 79.125, 4.274127485659199e-23, nan 
-112.625, 79.125, 8.3714980246334e-23, nan 
-112.375, 79.125, 9.599903437372295e-23, nan 
-112.125, 79.125, 8.362302494691574e-23, nan 
-111.875, 79.125, 6.212874670696662e-23, nan 
-111.625, 79.125, 6.189641484987909e-23, nan 
-111.375, 79.125, 1.0416828911288305e-22, nan 
-111.125, 79.125, 1.2067360137133272e-22, nan 
-110.875, 79.125, 9.00807235863142e-23, nan 
-110.625, 79.125, 5.481774744058479e-23, nan 
-110.375, 79.125, 4.4254897176349935e-23, nan 
-110.125, 79.125, 4.463534915006919e-23, nan 
-109.875, 79.125, 6.528647098182599e-23, nan 
-109.625, 79.125, 7.419010778252628e-23, nan 
-109.375, 79.125, 6.825921878535186e-23, nan 
-109.125, 79.125, 5.362573700120103e-23, nan 
-108.875, 79.125, 4.0307783842793474e-23, nan 
-108.625, 79.125, 3.7577793733709717e-23, nan 
-108.375, 79.125, 4.725889813648512e-23, nan 
-108.125, 79.125, 5.70808831811173e-23, nan 
-107.875, 79.125, 3.3157624524003445e-23, nan 
-107.625, 79.125, 2.3677239737206653e-23, nan 
-107.375, 79.125, 2.4694518483038498e-23, nan 
-107.125, 79.125, 4.046328729737734e-23, nan 
-106.875, 79.125, 4.733119749116585e-23, nan 
-106.625, 79.125, 3.3074140084295377e-23, nan 
-106.375, 79.125, 4.065832809986066e-23, nan 
-106.125, 79.125, 4.4349562588242113e-23, nan 
-105.875, 79.125, 6.347154944707342e-23, nan 
-105.625, 79.125, 5.652475389221568e-23, nan 
-105.375, 79.125, 4.0129204882222635e-23, nan 
-105.125, 79.125, 5.19674753441809e-23, nan 
-104.875, 79.125, 6.680499731603235e-23, nan 
-104.625, 79.125, 5.920774661748056e-23, nan 
-104.375, 79.125, 4.815293751017577e-23, nan 
-104.125, 79.125, 4.490480113965966e-23, nan 
-103.875, 79.125, 2.5758823741187533e-23, nan 
-103.625, 79.125, 3.2519382905706396e-23, nan 
-103.375, 79.125, 1.3605662981528816e-23, nan 
-103.125, 79.125, 1.5605610107723112e-23, nan 
-102.875, 79.125, 3.2516692116410574e-23, nan 
-102.625, 79.125, 1.768593766192063e-23, nan 
-102.375, 79.125, 1.500621086354882e-23, nan 
-102.125, 79.125, 9.596704889404845e-24, nan 
-101.875, 79.125, 1.2506655183695942e-23, nan 
-101.625, 79.125, 1.8914273668426373e-23, nan 
-101.375, 79.125, 2.770067893795682e-23, nan 
-101.125, 79.125, 3.6009341224218597e-23, nan 
-100.875, 79.125, 3.8827383340967293e-23, nan 
-100.625, 79.125, 3.2954685217703014e-23, nan 
-100.375, 79.125, 2.6471617584204176e-23, nan 
-100.125, 79.125, 2.1130166508966727e-23, nan 
-99.875, 79.125, 2.7021246367599974e-23, nan 
-99.625, 79.125, 2.2893551063385336e-23, nan 
-99.375, 79.125, 3.1840482326778994e-23, nan 
-99.125, 79.125, 2.933339353396358e-23, nan 
-98.875, 79.125, 3.291360146023747e-23, nan 
-98.625, 79.125, 3.5688205199132085e-23, nan 
-98.375, 79.125, 3.191821324874188e-23, nan 
-98.125, 79.125, 4.9545092614829317e-23, nan 
-97.875, 79.125, 4.9981578192133653e-23, nan 
-97.625, 79.125, 4.0647842567880553e-23, nan 
-97.375, 79.125, 2.981487742779918e-23, nan 
69.375, 79.125, 2.0668711584449458e-23, nan 
69.625, 79.125, 1.29736726033147e-23, nan 
69.875, 79.125, 1.5060189489116948e-23, nan 
70.125, 79.125, 1.7195741831411126e-23, nan 
70.375, 79.125, 1.3472009114064517e-23, nan 
70.625, 79.125, 1.1805874411942433e-23, nan 
70.875, 79.125, 1.4326305272582848e-23, nan 
71.125, 79.125, 1.3282693633178287e-23, nan 
71.375, 79.125, 1.4301092804219395e-23, nan 
71.625, 79.125, 6.2059496302674285e-24, nan 
71.875, 79.125, 1.66748160288e-23, nan 
72.125, 79.125, 1.3620797553809966e-23, nan 
72.375, 79.125, 1.2824492774602842e-23, nan 
72.625, 79.125, 1.5893222211922805e-23, nan 
72.875, 79.125, 7.100020260251402e-24, nan 
73.125, 79.125, 1.6482589957529547e-23, nan 
73.375, 79.125, 3.768441582703773e-23, nan 
73.625, 79.125, 2.4494303536390657e-23, nan 
73.875, 79.125, 2.2699295801120448e-23, nan 
74.125, 79.125, 2.649461881072454e-23, nan 
74.375, 79.125, 2.6746964321760604e-23, nan 
74.625, 79.125, 3.674182343215652e-23, nan 
74.875, 79.125, 3.092674856944476e-23, nan 
75.125, 79.125, 2.787880960927369e-23, nan 
75.375, 79.125, 3.1839883029855514e-23, nan 
75.625, 79.125, 2.8528279190955773e-23, nan 
75.875, 79.125, 3.474064883705203e-23, nan 
76.125, 79.125, 4.761473096287229e-23, nan 
76.375, 79.125, 4.8816454815390225e-23, nan 
76.625, 79.125, 3.5437399763782416e-23, nan 
76.875, 79.125, 3.010753900583508e-23, nan 
77.125, 79.125, 1.9368039725201203e-23, nan 
77.375, 79.125, 8.349874365027051e-24, nan 
77.625, 79.125, 9.197080498339174e-24, nan 
77.875, 79.125, 2.47334408709509e-23, nan 
78.125, 79.125, 1.1068456650546843e-23, nan 
78.375, 79.125, 1.2088597149789548e-23, nan 
78.625, 79.125, 1.5066399261376046e-23, nan 
78.875, 79.125, 2.0029868362867904e-23, nan 
79.125, 79.125, 2.1925262356187195e-23, nan 
79.375, 79.125, 7.598469730322355e-24, nan 
79.625, 79.125, 1.0190667920167551e-23, nan 
79.875, 79.125, 8.829597358122676e-24, nan 
80.125, 79.125, 1.7368137371212084e-23, nan 
80.375, 79.125, 2.245849587843635e-23, nan 
80.625, 79.125, 2.34371625654872e-23, nan 
80.875, 79.125, 1.7232822246037643e-23, nan 
81.125, 79.125, 1.2194313186844237e-23, nan 
81.375, 79.125, 2.6338232504949762e-23, nan 
81.625, 79.125, 3.587745714910958e-23, nan 
81.875, 79.125, 2.0071866010857987e-23, nan 
82.125, 79.125, 1.199823008474781e-23, nan 
82.375, 79.125, 1.142152422367864e-23, nan 
82.625, 79.125, 1.389161178068036e-23, nan 
82.875, 79.125, 1.0900223583755743e-23, nan 
83.125, 79.125, 4.928141841418471e-24, nan 
83.375, 79.125, 1.2086323898965693e-23, nan 
83.625, 79.125, 1.437254483450309e-23, nan 
83.875, 79.125, 1.57950331652957e-23, nan 
84.125, 79.125, 1.722312264309195e-23, nan 
84.375, 79.125, 1.5354427401229875e-23, nan 
84.625, 79.125, 2.1159002091979877e-23, nan 
84.875, 79.125, 3.342577758966342e-23, nan 
85.125, 79.125, 1.6782851217869547e-23, nan 
85.375, 79.125, 1.8191997610255648e-23, nan 
85.625, 79.125, 1.3090270535382399e-23, nan 
85.875, 79.125, 2.095072379182014e-23, nan 
86.125, 79.125, 2.775286151600265e-23, nan 
86.375, 79.125, 1.4937039007464043e-23, nan 
86.625, 79.125, 1.0774101731271154e-23, nan 
86.875, 79.125, 7.228069176067506e-24, nan 
87.125, 79.125, 1.3227420755630215e-23, nan 
87.375, 79.125, 1.5769786534326395e-23, nan 
87.625, 79.125, 1.1746774923349577e-23, nan 
87.875, 79.125, 1.3133802615555756e-23, nan 
88.125, 79.125, 1.044737320839494e-23, nan 
88.375, 79.125, 1.4970707615252406e-23, nan 
88.625, 79.125, 1.757811748702215e-23, nan 
88.875, 79.125, 2.2142898208614852e-23, nan 
89.125, 79.125, 2.4997082953093279e-23, nan 
89.375, 79.125, 2.5555534766958656e-23, nan 
89.625, 79.125, 2.9069915718119394e-23, nan 
89.875, 79.125, 2.4025753562237343e-23, nan 
90.125, 79.125, 2.851764000646839e-23, nan 
90.375, 79.125, 2.6308811444495136e-23, nan 
90.625, 79.125, 2.6656027011037355e-23, nan 
90.875, 79.125, 3.278851779496123e-23, nan 
91.125, 79.125, 2.685293551545193e-23, nan 
91.375, 79.125, 3.74742600988207e-23, nan 
91.625, 79.125, 4.2139905487142464e-23, nan 
91.875, 79.125, 4.432931961572017e-23, nan 
92.125, 79.125, 3.594040915742018e-23, nan 
92.375, 79.125, 2.918393481351808e-23, nan 
92.625, 79.125, 4.281312813362228e-23, nan 
92.875, 79.125, 6.883238301901002e-23, nan 
93.125, 79.125, 6.016755006918716e-23, nan 
93.375, 79.125, 3.686440622795414e-23, nan 
93.625, 79.125, 2.922566995862254e-23, nan 
93.875, 79.125, 3.7467513007800164e-23, nan 
94.125, 79.125, 4.661769904215259e-23, nan 
94.375, 79.125, 5.675110067244136e-23, nan 
94.625, 79.125, 4.9865248811975665e-23, nan 
94.875, 79.125, 4.327702931584823e-23, nan 
95.125, 79.125, 3.7161015960742194e-23, nan 
95.375, 79.125, 3.339344236154717e-23, nan 
95.625, 79.125, 3.604202236398414e-23, nan 
95.875, 79.125, 4.0163549271080197e-23, nan 
96.125, 79.125, 3.6583521210300296e-23, nan 
96.375, 79.125, 3.602650663787351e-23, nan 
96.625, 79.125, 3.4715372253785306e-23, nan 
96.875, 79.125, 3.3233418504044464e-23, nan 
97.125, 79.125, 3.063481257400195e-23, nan 
97.375, 79.125, 1.9873888841038896e-23, nan 
97.625, 79.125, 1.8268246884786947e-23, nan 
97.875, 79.125, 2.68047838612087e-23, nan 
98.125, 79.125, 2.882962364225846e-23, nan 
98.375, 79.125, 3.15863335567946e-23, nan 
98.625, 79.125, 3.679202566503029e-23, nan 
98.875, 79.125, 3.4968732088210664e-23, nan 
99.125, 79.125, 2.9961903712610387e-23, nan 
99.375, 79.125, 2.6177435471879e-23, nan 
99.625, 79.125, 2.695263673851977e-23, nan 
99.875, 79.125, 3.2829539276570413e-23, nan 
100.125, 79.125, 4.0898386987775694e-23, nan 
100.375, 79.125, 2.699202068007573e-23, nan 
100.625, 79.125, 1.392739415890146e-23, nan 
100.875, 79.125, 1.7428507741489537e-23, nan 
101.125, 79.125, 1.577409068984725e-23, nan 
101.375, 79.125, 2.474486782610115e-23, nan 
101.625, 79.125, 2.5856850542073188e-23, nan 
101.875, 79.125, 1.5732154216009066e-23, nan 
102.125, 79.125, 1.9757152889430682e-23, nan 
102.375, 79.125, 2.4252722159209453e-23, nan 
102.625, 79.125, 4.359532454434987e-23, nan 
102.875, 79.125, 6.468681910608932e-23, nan 
103.125, 79.125, 5.483402810244523e-23, nan 
103.375, 79.125, 9.214178362541824e-23, nan 
103.625, 79.125, 8.891978207472387e-23, nan 
103.875, 79.125, 6.539785582824816e-23, nan 
104.125, 79.125, 5.956869632121366e-23, nan 
104.375, 79.125, 6.313760844433114e-23, nan 
104.625, 79.125, 6.11086237687792e-23, nan 
104.875, 79.125, 9.222555873072375e-23, nan 
105.125, 79.125, 8.030881158603774e-23, nan 
105.375, 79.125, 8.028656270692466e-23, nan 
105.625, 79.125, 9.85255740491997e-23, nan 
105.875, 79.125, 3.0621321522777996e-23, nan 
106.125, 79.125, 3.507502259673796e-23, nan 
106.375, 79.125, 5.1543993104145e-23, nan 
106.625, 79.125, 9.268825885252185e-23, nan 
106.875, 79.125, 1.2190574544083326e-22, nan 
107.125, 79.125, 6.229540404330998e-23, nan 
107.375, 79.125, 6.80735215415283e-23, nan 
107.625, 79.125, 1.0228938952521693e-22, nan 
107.875, 79.125, 1.0572014171199217e-22, nan 
108.125, 79.125, 1.0473284269783639e-22, nan 
108.375, 79.125, 7.055819402790144e-23, nan 
108.625, 79.125, 5.364120363159498e-23, nan 
108.875, 79.125, 6.267022854127954e-23, nan 
109.125, 79.125, 8.872864514851383e-23, nan 
109.375, 79.125, 1.370033664277056e-22, nan 
109.625, 79.125, 2.177451132175081e-22, nan 
109.875, 79.125, 2.3506697633928676e-22, nan 
110.125, 79.125, 1.9792683407305707e-22, nan 
110.375, 79.125, 1.476626933376947e-22, nan 
110.625, 79.125, 1.888522862717906e-22, nan 
110.875, 79.125, 3.0337833004823913e-22, nan 
111.125, 79.125, 3.2765817168643e-22, nan 
111.375, 79.125, 2.7945088225226794e-22, nan 
111.625, 79.125, 1.3458453442602276e-22, nan 
111.875, 79.125, 8.767264142025622e-23, nan 
112.125, 79.125, 1.2634011480051005e-22, nan 
112.375, 79.125, 1.4375216748129759e-22, nan 
112.625, 79.125, 1.370833370412622e-22, nan 
112.875, 79.125, 9.360695590073758e-23, nan 
113.125, 79.125, 1.1180291168449294e-22, nan 
113.375, 79.125, 1.2166534924464948e-22, nan 
113.625, 79.125, 1.103666726589098e-22, nan 
113.875, 79.125, 9.00842707672015e-23, nan 
114.125, 79.125, 9.638275853971523e-23, nan 
114.375, 79.125, 1.286395868227044e-22, nan 
114.625, 79.125, 1.880511489320312e-22, nan 
114.875, 79.125, 1.687391870276806e-22, nan 
115.125, 79.125, 9.343015825914634e-23, nan 
115.375, 79.125, 8.634813649553053e-23, nan 
115.625, 79.125, 1.0429699681499576e-22, nan 
115.875, 79.125, 1.2548083838850547e-22, nan 
116.125, 79.125, 1.3214619974220337e-22, nan 
116.375, 79.125, 7.061962611412684e-23, nan 
116.625, 79.125, 7.440331435476399e-23, nan 
116.875, 79.125, 1.0572942684826085e-22, nan 
117.125, 79.125, 2.0173963104048256e-22, nan 
117.375, 79.125, 2.0250507355120887e-22, nan 
117.625, 79.125, 2.217472147649069e-22, nan 
117.875, 79.125, 2.3419807019580064e-22, nan 
118.125, 79.125, 2.1491835994794716e-22, nan 
118.375, 79.125, 2.2585933493899187e-22, nan 
118.625, 79.125, 1.980335955636422e-22, nan 
118.875, 79.125, 1.9420058854944699e-22, nan 
119.125, 79.125, 1.7654207571723155e-22, nan 
119.375, 79.125, 1.709234317315098e-22, nan 
119.625, 79.125, 1.4996778404547772e-22, nan 
119.875, 79.125, 1.3106544902984908e-22, nan 
120.125, 79.125, 1.592806023522481e-22, nan 
120.375, 79.125, 1.6723943596630665e-22, nan 
120.625, 79.125, 1.0591058739752031e-22, nan 
120.875, 79.125, 7.876455169918496e-23, nan 
121.125, 79.125, 9.40409443643423e-23, nan 
121.375, 79.125, 1.46467957909758e-22, nan 
121.625, 79.125, 1.5822164310966674e-22, nan 
121.875, 79.125, 1.8611729026995082e-22, nan 
122.125, 79.125, 2.7401517644672045e-22, nan 
122.375, 79.125, 3.8789784157351065e-22, nan 
122.625, 79.125, 3.596690411141172e-22, nan 
122.875, 79.125, 3.426250748236311e-22, nan 
123.125, 79.125, 3.2540807586553655e-22, nan 
123.375, 79.125, 3.6181998377109226e-22, nan 
123.625, 79.125, 3.953558466903017e-22, nan 
123.875, 79.125, 4.226206750531139e-22, nan 
124.125, 79.125, 3.8581436301205996e-22, nan 
124.375, 79.125, 3.548130955217047e-22, nan 
124.625, 79.125, 3.5398714340631557e-22, nan 
124.875, 79.125, 3.750721821432458e-22, nan 
125.125, 79.125, 3.8280231407183645e-22, nan 
125.375, 79.125, 3.8959359933151286e-22, nan 
125.625, 79.125, 3.5918156908190753e-22, nan 
125.875, 79.125, 3.176085315045902e-22, nan 
126.125, 79.125, 4.36920833247218e-22, nan 
126.375, 79.125, 3.37352387455982e-22, nan 
126.625, 79.125, 3.801676641217237e-22, nan 
126.875, 79.125, 3.800152426553833e-22, nan 
127.125, 79.125, 2.71450887177432e-22, nan 
127.375, 79.125, 3.730671195149919e-22, nan 
127.625, 79.125, 5.196784940331032e-22, nan 
127.875, 79.125, 4.81797924655796e-22, nan 
128.125, 79.125, 4.544579535104531e-22, nan 
128.375, 79.125, 4.947035055710279e-22, nan 
128.625, 79.125, 5.655261399753837e-22, nan 
128.875, 79.125, 6.5875588525775185e-22, nan 
129.125, 79.125, 7.518897741349577e-22, nan 
129.375, 79.125, 7.889087888038842e-22, nan 
129.625, 79.125, 1.1877143303802243e-21, nan 
129.875, 79.125, 1.3209873990035959e-21, nan 
130.125, 79.125, 1.094593480584407e-21, nan 
130.375, 79.125, 9.169505034448319e-22, nan 
130.625, 79.125, 6.980368590859744e-22, nan 
130.875, 79.125, 8.973426239768643e-22, nan 
131.125, 79.125, 1.106251604754156e-21, nan 
131.375, 79.125, 9.480775316680102e-22, nan 
131.625, 79.125, 7.473570368595282e-22, nan 
131.875, 79.125, 4.789749465293489e-22, nan 
132.125, 79.125, 2.925808116608517e-22, nan 
132.375, 79.125, 2.8441335266545085e-22, nan 
132.625, 79.125, 3.631218294043477e-22, nan 
132.875, 79.125, 3.067334001864346e-22, nan 
133.125, 79.125, 4.716476736016567e-22, nan 
133.375, 79.125, 3.7906271434086734e-22, nan 
133.625, 79.125, 3.66613836486941e-22, nan 
133.875, 79.125, 6.612562533979015e-22, nan 
134.125, 79.125, 7.570401940590487e-22, nan 
134.375, 79.125, 6.318312206230491e-22, nan 
134.625, 79.125, 4.855815986674773e-22, nan 
134.875, 79.125, 5.107899390159492e-22, nan 
135.125, 79.125, 3.5300445695936653e-22, nan 
135.375, 79.125, 3.9326303653772206e-22, nan 
135.625, 79.125, 3.9643440067733576e-22, nan 
135.875, 79.125, 4.392592575511475e-22, nan 
136.125, 79.125, 3.9676732999644647e-22, nan 
136.375, 79.125, 3.5388333460780437e-22, nan 
136.625, 79.125, 3.019390444334315e-22, nan 
136.875, 79.125, 2.3541275282551766e-22, nan 
137.125, 79.125, 1.251771000731579e-22, nan 
137.375, 79.125, 2.523802481087493e-22, nan 
137.625, 79.125, 2.4524024000537233e-22, nan 
137.875, 79.125, 2.3423507280614046e-22, nan 
138.125, 79.125, 3.0607613710386107e-22, nan 
138.375, 79.125, 3.1295057920464695e-22, nan 
138.625, 79.125, 2.130548536693648e-22, nan 
138.875, 79.125, 2.9002659290785214e-22, nan 
139.125, 79.125, 3.6279175754111256e-22, nan 
139.375, 79.125, 3.877737588177264e-22, nan 
139.625, 79.125, 4.476231654749529e-22, nan 
139.875, 79.125, 4.984974072098957e-22, nan 
140.125, 79.125, 7.164306855351913e-22, nan 
140.375, 79.125, 6.165857796211028e-22, nan 
140.625, 79.125, 6.20556439414783e-22, nan 
140.875, 79.125, 6.499350841911938e-22, nan 
141.125, 79.125, 6.632027484204246e-22, nan 
141.375, 79.125, 6.906368537037803e-22, nan 
141.625, 79.125, 6.130580763621666e-22, nan 
141.875, 79.125, 7.757020454242274e-22, nan 
142.125, 79.125, 7.823782927196372e-22, nan 
142.375, 79.125, 8.789462972145976e-22, nan 
142.625, 79.125, 9.600382002609325e-22, nan 
142.875, 79.125, 8.970122887195383e-22, nan 
143.125, 79.125, 8.213181837897395e-22, nan 
143.375, 79.125, 8.453646501398697e-22, nan 
143.625, 79.125, 8.470054676772985e-22, nan 
143.875, 79.125, 9.128369604745533e-22, nan 
144.125, 79.125, 1.1195214423344372e-21, nan 
144.375, 79.125, 1.34700885858117e-21, nan 
144.625, 79.125, 1.5915171527034436e-21, nan 
144.875, 79.125, 1.7117728848662274e-21, nan 
145.125, 79.125, 1.6832727789309047e-21, nan 
145.375, 79.125, 1.5138725505954076e-21, nan 
145.625, 79.125, 1.6046243222923818e-21, nan 
145.875, 79.125, 1.6912715476446777e-21, nan 
146.125, 79.125, 1.882348630651878e-21, nan 
146.375, 79.125, 1.8047045517182376e-21, nan 
146.625, 79.125, 1.671537667820135e-21, nan 
146.875, 79.125, 1.468630972288221e-21, nan 
147.125, 79.125, 1.333857218566617e-21, nan 
147.375, 79.125, 1.2904482281600986e-21, nan 
147.625, 79.125, 9.77426029435816e-22, nan 
147.875, 79.125, 6.126284546758447e-22, nan 
148.125, 79.125, 1.0311984616100562e-21, nan 
148.375, 79.125, 1.2197407122223678e-21, nan 
148.625, 79.125, 5.486695218623698e-22, nan 
148.875, 79.125, 8.333312900979499e-22, nan 
149.125, 79.125, 1.2641531050004034e-21, nan 
149.375, 79.125, 1.6462932936107541e-21, nan 
149.625, 79.125, 9.7434290262923e-22, nan 
149.875, 79.125, 1.3318347290547424e-21, nan 
150.125, 79.125, 5.992109451169176e-22, nan 
150.375, 79.125, 1.4551235501039232e-21, nan 
150.625, 79.125, 1.7536801332092393e-21, nan 
150.875, 79.125, 1.7540527848682273e-21, nan 
151.125, 79.125, 2.2366919769408637e-21, nan 
151.375, 79.125, 6.185951942750904e-22, nan 
151.625, 79.125, 2.988506118137371e-21, nan 
151.875, 79.125, 3.3837988188417794e-21, nan 
152.125, 79.125, 5.2562200435262285e-21, nan 
152.375, 79.125, 5.3918747774764064e-21, nan 
152.625, 79.125, 1.838762395776608e-21, nan 
152.875, 79.125, 5.6847769503515026e-21, nan 
153.125, 79.125, 5.014353009126397e-21, nan 
153.375, 79.125, 7.392115218895249e-21, nan 
153.625, 79.125, 6.979824555572162e-21, nan 
153.875, 79.125, 4.303806653291618e-21, nan 
154.125, 79.125, 5.5028025311961135e-21, nan 
154.375, 79.125, 4.876185239901741e-21, nan 
154.625, 79.125, 4.991129142635858e-21, nan 
154.875, 79.125, 1.2568383475379825e-21, nan 
155.125, 79.125, 3.9968675675922205e-21, nan 
155.375, 79.125, 7.258326562883344e-21, nan 
155.625, 79.125, 5.643192280304627e-21, nan 
155.875, 79.125, 7.489197818342243e-21, nan 
156.125, 79.125, 6.355636576355209e-21, nan 
156.375, 79.125, 7.439192227977674e-21, nan 
156.625, 79.125, 8.344262170641445e-21, nan 
156.875, 79.125, 1.0619878973711855e-20, nan 
157.125, 79.125, 1.0707179811192849e-20, nan 
157.375, 79.125, 1.0556237625213394e-20, nan 
157.625, 79.125, 1.0857649491279421e-20, nan 
157.875, 79.125, 1.1910913938011566e-20, nan 
158.125, 79.125, 1.2739420597416309e-20, nan 
158.375, 79.125, 1.1870163187531494e-20, nan 
158.625, 79.125, 1.0137335685721278e-20, nan 
158.875, 79.125, 9.38119690863668e-21, nan 
159.125, 79.125, 1.0980873763093014e-20, nan 
159.375, 79.125, 1.4109418478757506e-20, nan 
159.625, 79.125, 1.413619903761487e-20, nan 
159.875, 79.125, 9.186373225065561e-21, nan 
160.125, 79.125, 1.1551543790803332e-20, nan 
160.375, 79.125, 1.3817405502621972e-20, nan 
160.625, 79.125, 1.1099891570617883e-20, nan 
160.875, 79.125, 9.509626919300449e-21, nan 
161.125, 79.125, 1.1144895611847849e-20, nan 
161.375, 79.125, 1.3322148554849203e-20, nan 
161.625, 79.125, 1.1965077462378548e-20, nan 
161.875, 79.125, 9.540872752971127e-21, nan 
162.125, 79.125, 1.1577314894054442e-20, nan 
162.375, 79.125, 8.352283099747238e-21, nan 
162.625, 79.125, 1.0266437078148294e-20, nan 
162.875, 79.125, 1.9818737836156406e-20, nan 
163.125, 79.125, 2.424274749201499e-20, nan 
163.375, 79.125, 1.7573783232446893e-20, nan 
163.625, 79.125, 3.878433044209267e-21, nan 
163.875, 79.125, 1.7681118660980336e-20, nan 
164.125, 79.125, 4.298688870706586e-20, nan 
164.375, 79.125, 4.979887556530879e-20, nan 
164.625, 79.125, 2.6465382621708127e-20, nan 
164.875, 79.125, 1.0166716628068234e-20, nan 
165.125, 79.125, 1.6589022094873168e-20, nan 
165.375, 79.125, 3.148666866173603e-20, nan 
165.625, 79.125, 3.6069849673375255e-20, nan 
165.875, 79.125, 2.2092277794917153e-20, nan 
166.125, 79.125, 1.439784279059377e-20, nan 
166.375, 79.125, 1.0198516120610727e-20, nan 
166.625, 79.125, 1.1295911789430819e-20, nan 
166.875, 79.125, 1.9739337579009534e-20, nan 
167.125, 79.125, 1.3691437088014083e-20, nan 
167.375, 79.125, 9.05993264242402e-21, nan 
167.625, 79.125, 9.292473922099606e-21, nan 
167.875, 79.125, 8.698405613900892e-21, nan 
168.125, 79.125, 9.649054717983536e-21, nan 
168.375, 79.125, 7.888187944170986e-21, nan 
168.625, 79.125, 7.485451310896933e-21, nan 
168.875, 79.125, 9.698868002180732e-21, nan 
169.125, 79.125, 1.0562125217267923e-20, nan 
169.375, 79.125, 1.3216536983425418e-20, nan 
169.625, 79.125, 1.2292110268539974e-20, nan 
169.875, 79.125, 1.052753503427195e-20, nan 
170.125, 79.125, 1.3190066053933337e-20, nan 
170.375, 79.125, 1.3680915732681435e-20, nan 
170.625, 79.125, 1.445995260063204e-20, nan 
170.875, 79.125, 1.472541299264697e-20, nan 
171.125, 79.125, 1.4564107988374732e-20, nan 
171.375, 79.125, 1.6606342021466395e-20, nan 
171.625, 79.125, 1.748296738755061e-20, nan 
171.875, 79.125, 1.3021634855595501e-20, nan 
172.125, 79.125, 1.1879650192665154e-20, nan 
172.375, 79.125, 1.4812305740657843e-20, nan 
172.625, 79.125, 1.9632935071546622e-20, nan 
172.875, 79.125, 2.18342172112199e-20, nan 
173.125, 79.125, 2.1618632622900712e-20, nan 
173.375, 79.125, 1.769164625884419e-20, nan 
173.625, 79.125, 1.5684460863449216e-20, nan 
173.875, 79.125, 1.6821745084094228e-20, nan 
174.125, 79.125, 1.987210035944628e-20, nan 
174.375, 79.125, 1.8346979107677178e-20, nan 
174.625, 79.125, 1.5611918118585715e-20, nan 
174.875, 79.125, 1.3227297923444267e-20, nan 
175.125, 79.125, 1.5959235991933407e-20, nan 
175.375, 79.125, 1.8730799399661806e-20, nan 
175.625, 79.125, 1.6547271739201403e-20, nan 
175.875, 79.125, 1.6483903605918828e-20, nan 
176.125, 79.125, 1.580727840070234e-20, nan 
176.375, 79.125, 1.3415328396854189e-20, nan 
176.625, 79.125, 1.4501890782155334e-20, nan 
176.875, 79.125, 1.0394994796433484e-20, nan 
177.125, 79.125, 1.1492224240437651e-20, nan 
177.375, 79.125, 8.874017160208793e-21, nan 
177.625, 79.125, 1.0922960354181715e-20, nan 
177.875, 79.125, 1.0148833841436673e-20, nan 
178.125, 79.125, 9.76878616679804e-21, nan 
178.375, 79.125, 9.975668521843387e-21, nan 
178.625, 79.125, 1.1319274751039374e-20, nan 
178.875, 79.125, 1.0569948869168264e-20, nan 
179.125, 79.125, 1.1436504021554084e-20, nan 
179.375, 79.125, 9.468807942849669e-21, nan 
179.625, 79.125, 1.0843067367277925e-20, nan 
179.875, 79.125, 8.58361007893656e-21, nan 
-179.875, 79.375, 1.0232155739865084e-20, nan 
-179.625, 79.375, 1.0514894135526153e-20, nan 
-179.375, 79.375, 1.0637986437665001e-20, nan 
-179.125, 79.375, 1.1566176952288321e-20, nan 
-178.875, 79.375, 9.81279925716445e-21, nan 
-178.625, 79.375, 9.820107429700081e-21, nan 
-178.375, 79.375, 1.0758979856821005e-20, nan 
-178.125, 79.375, 1.1448979179497e-20, nan 
-177.875, 79.375, 8.921557944512589e-21, nan 
-177.625, 79.375, 7.375338832911666e-21, nan 
-177.375, 79.375, 6.978865792822046e-21, nan 
-177.125, 79.375, 7.370435589371626e-21, nan 
-176.875, 79.375, 7.426742963132051e-21, nan 
-176.625, 79.375, 4.655068391380229e-21, nan 
-176.375, 79.375, 6.998555054265442e-21, nan 
-176.125, 79.375, 7.011749244848766e-21, nan 
-175.875, 79.375, 4.931234029667293e-21, nan 
-175.625, 79.375, 4.977064730173883e-21, nan 
-175.375, 79.375, 6.593312895901368e-21, nan 
-175.125, 79.375, 5.20949304694328e-21, nan 
-174.875, 79.375, 6.089138759656323e-21, nan 
-174.625, 79.375, 5.7848067388495616e-21, nan 
-174.375, 79.375, 5.02550144566895e-21, nan 
-174.125, 79.375, 5.4494584248944934e-21, nan 
-173.875, 79.375, 5.340125119614786e-21, nan 
-173.625, 79.375, 5.482378623280427e-21, nan 
-173.375, 79.375, 4.873496293445769e-21, nan 
-173.125, 79.375, 4.5628634317566085e-21, nan 
-172.875, 79.375, 4.72843318887281e-21, nan 
-172.625, 79.375, 4.767082739064667e-21, nan 
-172.375, 79.375, 4.772341031054838e-21, nan 
-172.125, 79.375, 5.037776389978411e-21, nan 
-171.875, 79.375, 4.677893039825349e-21, nan 
-171.625, 79.375, 5.002949543245274e-21, nan 
-171.375, 79.375, 4.298774626141173e-21, nan 
-171.125, 79.375, 4.514135381661879e-21, nan 
-170.875, 79.375, 4.188315150390549e-21, nan 
-170.625, 79.375, 4.483796248837182e-21, nan 
-170.375, 79.375, 4.15699890230301e-21, nan 
-170.125, 79.375, 4.412024846363496e-21, nan 
-169.875, 79.375, 3.757915233695967e-21, nan 
-169.625, 79.375, 3.8360670539460524e-21, nan 
-169.375, 79.375, 3.800173890478475e-21, nan 
-169.125, 79.375, 3.5857378456457746e-21, nan 
-168.875, 79.375, 3.449963405784826e-21, nan 
-168.625, 79.375, 3.521651434075801e-21, nan 
-168.375, 79.375, 3.64497557932437e-21, nan 
-168.125, 79.375, 3.030201354070305e-21, nan 
-167.875, 79.375, 3.219001935203e-21, nan 
-167.625, 79.375, 2.876223029087554e-21, nan 
-167.375, 79.375, 3.0726424167245053e-21, nan 
-167.125, 79.375, 3.2785427058864396e-21, nan 
-166.875, 79.375, 2.8481773211136916e-21, nan 
-166.625, 79.375, 2.2380837602334873e-21, nan 
-166.375, 79.375, 2.8099405587208228e-21, nan 
-166.125, 79.375, 2.748164453036799e-21, nan 
-165.875, 79.375, 2.4854941382144248e-21, nan 
-165.625, 79.375, 1.9142260603437743e-21, nan 
-165.375, 79.375, 2.4225750096265908e-21, nan 
-165.125, 79.375, 2.1692854061804235e-21, nan 
-164.875, 79.375, 2.257611678275549e-21, nan 
-164.625, 79.375, 1.5628620000030578e-21, nan 
-164.375, 79.375, 2.0729421479545737e-21, nan 
-164.125, 79.375, 1.976195733311793e-21, nan 
-163.875, 79.375, 1.8791908819396437e-21, nan 
-163.625, 79.375, 1.5908391874693587e-21, nan 
-163.375, 79.375, 1.3592785735118165e-21, nan 
-163.125, 79.375, 1.4494476397065295e-21, nan 
-162.875, 79.375, 1.5776789410973397e-21, nan 
-162.625, 79.375, 1.1382994202195098e-21, nan 
-162.375, 79.375, 9.470456686961903e-22, nan 
-162.125, 79.375, 8.467454867863376e-22, nan 
-161.875, 79.375, 8.577781091563766e-22, nan 
-161.625, 79.375, 1.0624903451414531e-21, nan 
-161.375, 79.375, 1.0500348441034296e-21, nan 
-161.125, 79.375, 1.3294934730502138e-21, nan 
-160.875, 79.375, 1.2629475017774975e-21, nan 
-160.625, 79.375, 1.4760057479173614e-21, nan 
-160.375, 79.375, 1.2114000213746502e-21, nan 
-160.125, 79.375, 1.3142128237183894e-21, nan 
-159.875, 79.375, 1.2439947986340626e-21, nan 
-159.625, 79.375, 1.313434681973075e-21, nan 
-159.375, 79.375, 1.239019585434739e-21, nan 
-159.125, 79.375, 1.1193308872470967e-21, nan 
-158.875, 79.375, 1.0413460117879204e-21, nan 
-158.625, 79.375, 9.961436325355915e-22, nan 
-158.375, 79.375, 1.0484979444712956e-21, nan 
-158.125, 79.375, 9.854205665377995e-22, nan 
-157.875, 79.375, 9.36124892196098e-22, nan 
-157.625, 79.375, 8.774887026392543e-22, nan 
-157.375, 79.375, 8.63854390816109e-22, nan 
-157.125, 79.375, 7.443504413426383e-22, nan 
-156.875, 79.375, 8.977175261299487e-22, nan 
-156.625, 79.375, 9.272734143397987e-22, nan 
-156.375, 79.375, 9.192959681084954e-22, nan 
-156.125, 79.375, 7.895572479897135e-22, nan 
-155.875, 79.375, 8.623305515579406e-22, nan 
-155.625, 79.375, 1.1398486054360727e-21, nan 
-155.375, 79.375, 1.8438073747101823e-21, nan 
-155.125, 79.375, 1.949210799405138e-21, nan 
-154.875, 79.375, 1.5681876101627749e-21, nan 
-154.625, 79.375, 1.1413925972941386e-21, nan 
-154.375, 79.375, 1.6494440423749933e-21, nan 
-154.125, 79.375, 2.423997847548985e-21, nan 
-153.875, 79.375, 3.0707625999810734e-21, nan 
-153.625, 79.375, 2.3746068747189942e-21, nan 
-153.375, 79.375, 1.34682641992229e-21, nan 
-153.125, 79.375, 1.1207881763735395e-21, nan 
-152.875, 79.375, 1.335121535160275e-21, nan 
-152.625, 79.375, 1.507335205365687e-21, nan 
-152.375, 79.375, 1.3439357718745269e-21, nan 
-152.125, 79.375, 9.292400121586954e-22, nan 
-151.875, 79.375, 7.692671658572284e-22, nan 
-151.625, 79.375, 8.205871340772571e-22, nan 
-151.375, 79.375, 7.627218662750814e-22, nan 
-151.125, 79.375, 6.591842415884874e-22, nan 
-150.875, 79.375, 7.144557607211727e-22, nan 
-150.625, 79.375, 7.540246481714332e-22, nan 
-150.375, 79.375, 6.873567962407838e-22, nan 
-150.125, 79.375, 6.913110297450636e-22, nan 
-149.875, 79.375, 7.322753618684985e-22, nan 
-149.625, 79.375, 6.978516496627623e-22, nan 
-149.375, 79.375, 7.641576078154948e-22, nan 
-149.125, 79.375, 8.160135181958367e-22, nan 
-148.875, 79.375, 8.29668652460808e-22, nan 
-148.625, 79.375, 9.0870492554363e-22, nan 
-148.375, 79.375, 8.986629289171164e-22, nan 
-148.125, 79.375, 9.304154715909238e-22, nan 
-147.875, 79.375, 1.0473784352016556e-21, nan 
-147.625, 79.375, 7.7753084271897535e-22, nan 
-147.375, 79.375, 7.256639563449851e-22, nan 
-147.125, 79.375, 7.393012464379545e-22, nan 
-146.875, 79.375, 6.5146456312678755e-22, nan 
-146.625, 79.375, 6.819298465473625e-22, nan 
-146.375, 79.375, 6.435861758533349e-22, nan 
-146.125, 79.375, 5.737009920944576e-22, nan 
-145.875, 79.375, 5.87470612255005e-22, nan 
-145.625, 79.375, 6.048126016851552e-22, nan 
-145.375, 79.375, 6.059207597049102e-22, nan 
-145.125, 79.375, 5.732478775652697e-22, nan 
-144.875, 79.375, 5.29023151228307e-22, nan 
-144.625, 79.375, 5.388265608294205e-22, nan 
-144.375, 79.375, 5.552358380619741e-22, nan 
-144.125, 79.375, 5.481208453582937e-22, nan 
-143.875, 79.375, 5.051667868742117e-22, nan 
-143.625, 79.375, 5.194727317330159e-22, nan 
-143.375, 79.375, 4.818229725720825e-22, nan 
-143.125, 79.375, 4.981621888220417e-22, nan 
-142.875, 79.375, 5.113152714714002e-22, nan 
-142.625, 79.375, 4.621546346086247e-22, nan 
-142.375, 79.375, 4.619698870559089e-22, nan 
-142.125, 79.375, 5.189558810730022e-22, nan 
-141.875, 79.375, 4.785784678115142e-22, nan 
-141.625, 79.375, 4.210103353842065e-22, nan 
-141.375, 79.375, 5.017299639613086e-22, nan 
-141.125, 79.375, 5.555289363959406e-22, nan 
-140.875, 79.375, 5.857670337792752e-22, nan 
-140.625, 79.375, 4.827362450203227e-22, nan 
-140.375, 79.375, 6.011470640643662e-22, nan 
-140.125, 79.375, 4.49080000752152e-22, nan 
-139.875, 79.375, 4.257740330310546e-22, nan 
-139.625, 79.375, 3.698089832425739e-22, nan 
-139.375, 79.375, 4.425678410498627e-22, nan 
-139.125, 79.375, 4.0715080472051885e-22, nan 
-138.875, 79.375, 3.9459257458956733e-22, nan 
-138.625, 79.375, 4.067356779119538e-22, nan 
-138.375, 79.375, 3.903542095584973e-22, nan 
-138.125, 79.375, 3.963162230802188e-22, nan 
-137.875, 79.375, 3.8708758744324327e-22, nan 
-137.625, 79.375, 4.0168857356220086e-22, nan 
-137.375, 79.375, 3.372067968422122e-22, nan 
-137.125, 79.375, 3.7450069691354437e-22, nan 
-136.875, 79.375, 3.382221213244312e-22, nan 
-136.625, 79.375, 3.165382999627644e-22, nan 
-136.375, 79.375, 3.198289543383169e-22, nan 
-136.125, 79.375, 3.5195156041258784e-22, nan 
-135.875, 79.375, 3.2343107840383677e-22, nan 
-135.625, 79.375, 3.364235061821245e-22, nan 
-135.375, 79.375, 3.213674180654035e-22, nan 
-135.125, 79.375, 3.229092287202121e-22, nan 
-134.875, 79.375, 3.490897721460365e-22, nan 
-134.625, 79.375, 2.5136645912274264e-22, nan 
-134.375, 79.375, 2.0968742414559655e-22, nan 
-134.125, 79.375, 1.913532000772793e-22, nan 
-133.875, 79.375, 2.795561671793374e-22, nan 
-133.625, 79.375, 2.95529349059149e-22, nan 
-133.375, 79.375, 2.930400805264412e-22, nan 
-133.125, 79.375, 2.5466892775872166e-22, nan 
-132.875, 79.375, 3.045242354350266e-22, nan 
-132.625, 79.375, 2.836656707475585e-22, nan 
-132.375, 79.375, 2.6347332676759865e-22, nan 
-132.125, 79.375, 2.79058582427593e-22, nan 
-131.875, 79.375, 2.6281296281446613e-22, nan 
-131.625, 79.375, 3.0095534809386434e-22, nan 
-131.375, 79.375, 3.495770879536639e-22, nan 
-131.125, 79.375, 3.7384481768459746e-22, nan 
-130.875, 79.375, 3.314294039436458e-22, nan 
-130.625, 79.375, 2.540080169955548e-22, nan 
-130.375, 79.375, 3.0085833627823515e-22, nan 
-130.125, 79.375, 4.666413642642548e-22, nan 
-129.875, 79.375, 4.2262245942781423e-22, nan 
-129.625, 79.375, 4.070129874315422e-22, nan 
-129.375, 79.375, 3.1927821171713437e-22, nan 
-129.125, 79.375, 4.748533129426665e-22, nan 
-128.875, 79.375, 5.949003782045773e-22, nan 
-128.625, 79.375, 5.052479419493497e-22, nan 
-128.375, 79.375, 4.575546664663396e-22, nan 
-128.125, 79.375, 3.18603450059759e-22, nan 
-127.875, 79.375, 3.4127674524002603e-22, nan 
-127.625, 79.375, 3.682581885367417e-22, nan 
-127.375, 79.375, 3.3588300738335114e-22, nan 
-127.125, 79.375, 3.017047037022535e-22, nan 
-126.875, 79.375, 2.7302594016643297e-22, nan 
-126.625, 79.375, 3.698737331571383e-22, nan 
-126.375, 79.375, 4.544605655386128e-22, nan 
-126.125, 79.375, 3.0811660005070383e-22, nan 
-125.875, 79.375, 2.8759055974449673e-22, nan 
-125.625, 79.375, 2.0722561546306695e-22, nan 
-125.375, 79.375, 2.1906832703096505e-22, nan 
-125.125, 79.375, 2.288812592953773e-22, nan 
-124.875, 79.375, 2.376603786153511e-22, nan 
-124.625, 79.375, 2.1329737349995853e-22, nan 
-124.375, 79.375, 1.779814536976012e-22, nan 
-124.125, 79.375, 1.8664026596503138e-22, nan 
-123.875, 79.375, 1.6048814043531274e-22, nan 
-123.625, 79.375, 1.737391261284521e-22, nan 
-123.375, 79.375, 1.4419475203373637e-22, nan 
-123.125, 79.375, 8.799193071416209e-23, nan 
-122.875, 79.375, 1.4067557571148425e-22, nan 
-122.625, 79.375, 8.957762418466632e-23, nan 
-122.375, 79.375, 1.0816503060753419e-22, nan 
-122.125, 79.375, 1.4228232607376848e-22, nan 
-121.875, 79.375, 1.5484486300914748e-22, nan 
-121.625, 79.375, 1.5635757858220056e-22, nan 
-121.375, 79.375, 1.2867454769098227e-22, nan 
-121.125, 79.375, 9.126340416873134e-23, nan 
-120.875, 79.375, 6.802865143216147e-23, nan 
-120.625, 79.375, 6.144091980839093e-23, nan 
-120.375, 79.375, 8.916721860668115e-23, nan 
-120.125, 79.375, 5.749324608732994e-23, nan 
-119.875, 79.375, 6.385215082366729e-23, nan 
-119.625, 79.375, 8.817220990375721e-23, nan 
-119.375, 79.375, 9.322675927186605e-23, nan 
-119.125, 79.375, 7.22791455966115e-23, nan 
-118.875, 79.375, 5.621521953611519e-23, nan 
-118.625, 79.375, 5.692030210966815e-23, nan 
-118.375, 79.375, 5.89875636018387e-23, nan 
-118.125, 79.375, 6.011718413695345e-23, nan 
-117.875, 79.375, 5.675957940796333e-23, nan 
-117.625, 79.375, 5.1866920860976245e-23, nan 
-117.375, 79.375, 4.578537560960829e-23, nan 
-117.125, 79.375, 3.2166348943770557e-23, nan 
-116.875, 79.375, 3.275363245249313e-23, nan 
-116.625, 79.375, 4.5950962212377357e-23, nan 
-116.375, 79.375, 3.7335503246243007e-23, nan 
-116.125, 79.375, 4.2277523239479276e-23, nan 
-115.875, 79.375, 4.240775327406452e-23, nan 
-115.625, 79.375, 3.542355114563334e-23, nan 
-115.375, 79.375, 1.697908224973501e-23, nan 
-115.125, 79.375, 2.7073770301752215e-23, nan 
-114.875, 79.375, 2.918171724286516e-23, nan 
-114.625, 79.375, 3.456134648386818e-23, nan 
-114.375, 79.375, 2.989786839483767e-23, nan 
-114.125, 79.375, 4.6707400551351486e-23, nan 
-113.875, 79.375, 6.641129955092369e-23, nan 
-113.625, 79.375, 6.14412840295384e-23, nan 
-113.375, 79.375, 4.936290876901228e-23, nan 
-113.125, 79.375, 4.396824612587031e-23, nan 
-112.875, 79.375, 3.629628776120796e-23, nan 
-112.625, 79.375, 5.984894531854854e-23, nan 
-112.375, 79.375, 6.745773230951261e-23, nan 
-112.125, 79.375, 6.336136329873853e-23, nan 
-111.875, 79.375, 5.058671204994993e-23, nan 
-111.625, 79.375, 4.232114389445948e-23, nan 
-111.375, 79.375, 4.7130277539587275e-23, nan 
-111.125, 79.375, 6.137191298429297e-23, nan 
-110.875, 79.375, 5.615334098702877e-23, nan 
-110.625, 79.375, 4.702589823854999e-23, nan 
-110.375, 79.375, 4.6832100438914e-23, nan 
-110.125, 79.375, 3.627687763899969e-23, nan 
-109.875, 79.375, 4.502103847659903e-23, nan 
-109.625, 79.375, 3.989306141668767e-23, nan 
-109.375, 79.375, 2.981078753510957e-23, nan 
-109.125, 79.375, 3.954265118411345e-23, nan 
-108.875, 79.375, 3.93474071737893e-23, nan 
-108.625, 79.375, 3.253704755828623e-23, nan 
-108.375, 79.375, 3.108370585251791e-23, nan 
-108.125, 79.375, 4.9305730665297884e-23, nan 
-107.875, 79.375, 2.350033219270834e-23, nan 
-107.625, 79.375, 3.7098586101727173e-23, nan 
-107.375, 79.375, 4.5801452214621245e-23, nan 
-107.125, 79.375, 7.555960015843851e-23, nan 
-106.875, 79.375, 6.233181101677633e-23, nan 
-106.625, 79.375, 4.538233287439276e-23, nan 
-106.375, 79.375, 5.449876563913645e-23, nan 
-106.125, 79.375, 6.800962455195088e-23, nan 
-105.875, 79.375, 8.429747750565611e-23, nan 
-105.625, 79.375, 6.82266032996737e-23, nan 
-105.375, 79.375, 5.485840012454321e-23, nan 
-105.125, 79.375, 4.72616389566963e-23, nan 
-104.875, 79.375, 7.060626741737589e-23, nan 
-104.625, 79.375, 4.0188687006439065e-23, nan 
-104.375, 79.375, 4.3693343548048056e-23, nan 
-104.125, 79.375, 5.739420184281473e-23, nan 
-103.875, 79.375, 4.657214193965895e-23, nan 
-103.625, 79.375, 3.9042969231643775e-23, nan 
-103.375, 79.375, 3.1144878234016575e-23, nan 
-103.125, 79.375, 3.162563368730013e-23, nan 
-102.875, 79.375, 3.423132276604439e-23, nan 
-102.625, 79.375, 3.712199538257737e-23, nan 
-102.375, 79.375, 3.721909478938755e-23, nan 
-102.125, 79.375, 3.910503100943597e-23, nan 
-101.875, 79.375, 3.454314143934497e-23, nan 
-101.625, 79.375, 2.6137628020825402e-23, nan 
-101.375, 79.375, 4.298051044455042e-23, nan 
-101.125, 79.375, 6.088354669250782e-23, nan 
-100.875, 79.375, 6.987479147128104e-23, nan 
-100.625, 79.375, 5.513085291709431e-23, nan 
-100.375, 79.375, 3.4460151109346705e-23, nan 
-100.125, 79.375, 2.219425684203823e-23, nan 
-99.875, 79.375, 3.3247578334489776e-23, nan 
-99.625, 79.375, 4.429680441251966e-23, nan 
-99.375, 79.375, 3.9348507210931366e-23, nan 
-99.125, 79.375, 3.335260292108175e-23, nan 
-98.875, 79.375, 2.790234887296774e-23, nan 
-98.625, 79.375, 3.0954056522614465e-23, nan 
-98.375, 79.375, 2.725253956738866e-23, nan 
-98.125, 79.375, 4.087537492136816e-23, nan 
-97.875, 79.375, 4.3032070535178855e-23, nan 
-97.625, 79.375, 3.474009952713597e-23, nan 
-97.375, 79.375, 2.739946098914218e-23, nan 
-97.125, 79.375, 3.1361714440924015e-23, nan 
-96.875, 79.375, 3.778411588032364e-23, nan 
-96.625, 79.375, 2.9123575955131036e-23, nan 
68.625, 79.375, 2.733289835036266e-23, nan 
68.875, 79.375, 3.6882323470927576e-23, nan 
69.125, 79.375, 3.154753822016357e-23, nan 
69.375, 79.375, 2.713233090104136e-23, nan 
69.625, 79.375, 2.509256459233689e-23, nan 
69.875, 79.375, 3.0092085931711473e-23, nan 
70.125, 79.375, 2.4169634636605074e-23, nan 
70.375, 79.375, 2.168249902606848e-23, nan 
70.625, 79.375, 1.9626454599844483e-23, nan 
70.875, 79.375, 2.459729885728911e-23, nan 
71.125, 79.375, 2.306291302581644e-23, nan 
71.375, 79.375, 2.0018051195784834e-23, nan 
71.625, 79.375, 8.459385311676428e-24, nan 
71.875, 79.375, 1.8238249171383062e-23, nan 
72.125, 79.375, 1.8400394217444125e-23, nan 
72.375, 79.375, 1.4389215304842694e-23, nan 
72.625, 79.375, 1.3248943290148972e-23, nan 
72.875, 79.375, 1.2986467052351684e-23, nan 
73.125, 79.375, 2.1443049461614246e-23, nan 
73.375, 79.375, 2.6216543286163635e-23, nan 
73.625, 79.375, 2.3633165540160667e-23, nan 
73.875, 79.375, 1.4558103495645994e-23, nan 
74.125, 79.375, 1.2448798016420277e-23, nan 
74.375, 79.375, 1.6266742324648493e-23, nan 
74.625, 79.375, 2.0502509727462728e-23, nan 
74.875, 79.375, 1.3203518334265006e-23, nan 
75.125, 79.375, 1.7978115129437687e-23, nan 
75.375, 79.375, 1.7884844397933194e-23, nan 
75.625, 79.375, 2.824063754058669e-23, nan 
75.875, 79.375, 1.8455036960098378e-23, nan 
76.125, 79.375, 1.9013820184044993e-23, nan 
76.375, 79.375, 3.121638660403778e-23, nan 
76.625, 79.375, 3.303145568044712e-23, nan 
76.875, 79.375, 3.6032710740689715e-23, nan 
77.125, 79.375, 1.8506116999813182e-23, nan 
77.375, 79.375, 1.0526615101309819e-23, nan 
77.625, 79.375, 1.40481231012746e-23, nan 
77.875, 79.375, 1.9823743560587606e-23, nan 
78.125, 79.375, 2.2815978335176102e-23, nan 
78.375, 79.375, 1.816224676442235e-23, nan 
78.625, 79.375, 2.1024696647073132e-23, nan 
78.875, 79.375, 1.6915047190801508e-23, nan 
79.125, 79.375, 2.437440710639986e-23, nan 
79.375, 79.375, 2.7233828700769365e-23, nan 
79.625, 79.375, 3.421961499715948e-23, nan 
79.875, 79.375, 3.7582908851047455e-23, nan 
80.125, 79.375, 2.17797376682079e-23, nan 
80.375, 79.375, 1.7381481210725534e-23, nan 
80.625, 79.375, 2.6238118324734902e-23, nan 
80.875, 79.375, 2.846438389520809e-23, nan 
81.125, 79.375, 1.819983862598138e-23, nan 
81.375, 79.375, 1.4212011554496306e-23, nan 
81.625, 79.375, 1.5484459022530748e-23, nan 
81.875, 79.375, 3.589217795035372e-24, nan 
82.125, 79.375, 1.2230835420394033e-23, nan 
82.375, 79.375, 2.099579938837182e-23, nan 
82.625, 79.375, 2.0544732746165546e-23, nan 
82.875, 79.375, 1.733838470345328e-23, nan 
83.125, 79.375, 1.3832531773245412e-23, nan 
83.375, 79.375, 7.645527820532053e-24, nan 
83.625, 79.375, 3.1293813926606826e-23, nan 
83.875, 79.375, 2.3948908811214815e-23, nan 
84.125, 79.375, 3.0535644763827245e-23, nan 
84.375, 79.375, 2.779840095685231e-23, nan 
84.625, 79.375, 8.9516218506519e-24, nan 
84.875, 79.375, 4.095072161646987e-23, nan 
85.125, 79.375, 2.4094682720146574e-23, nan 
85.375, 79.375, 3.997851483864128e-23, nan 
85.625, 79.375, 2.8006231126084296e-23, nan 
85.875, 79.375, 2.0736040083083744e-23, nan 
86.125, 79.375, 2.6519339759929023e-23, nan 
86.375, 79.375, 1.5248404800344299e-23, nan 
86.625, 79.375, 2.059359572207005e-23, nan 
86.875, 79.375, 1.9106867291851294e-23, nan 
87.125, 79.375, 1.4929348822282588e-23, nan 
87.375, 79.375, 1.386411967609099e-23, nan 
87.625, 79.375, 1.1541975120480677e-23, nan 
87.875, 79.375, 1.1785463480298451e-23, nan 
88.125, 79.375, 2.03933307501838e-23, nan 
88.375, 79.375, 2.1371261842224116e-23, nan 
88.625, 79.375, 1.8015093929439485e-23, nan 
88.875, 79.375, 2.272395331891154e-23, nan 
89.125, 79.375, 1.7169244279988477e-23, nan 
89.375, 79.375, 3.127526223347099e-23, nan 
89.625, 79.375, 3.1993255179010753e-23, nan 
89.875, 79.375, 2.414956084129227e-23, nan 
90.125, 79.375, 1.9288608495891193e-23, nan 
90.375, 79.375, 2.6353082206023e-23, nan 
90.625, 79.375, 2.7317841907057883e-23, nan 
90.875, 79.375, 3.1250955282924785e-23, nan 
91.125, 79.375, 2.362801180484889e-23, nan 
91.375, 79.375, 1.7943164423214666e-23, nan 
91.625, 79.375, 2.2604077334752985e-23, nan 
91.875, 79.375, 2.7927388860604976e-23, nan 
92.125, 79.375, 2.978149289287918e-23, nan 
92.375, 79.375, 1.7964150459856773e-23, nan 
92.625, 79.375, 3.522907616324802e-23, nan 
92.875, 79.375, 4.966033112093768e-23, nan 
93.125, 79.375, 4.435619646130239e-23, nan 
93.375, 79.375, 3.2324308534226787e-23, nan 
93.625, 79.375, 3.1376771143081815e-23, nan 
93.875, 79.375, 2.696692783628988e-23, nan 
94.125, 79.375, 2.092766218179614e-23, nan 
94.375, 79.375, 2.3000733387436333e-23, nan 
94.625, 79.375, 2.2691029004641603e-23, nan 
94.875, 79.375, 3.425262597145242e-23, nan 
95.125, 79.375, 3.699749313361586e-23, nan 
95.375, 79.375, 2.69792814357681e-23, nan 
95.625, 79.375, 4.0773300025837606e-23, nan 
95.875, 79.375, 2.3105194433620782e-23, nan 
96.125, 79.375, 2.969796177385805e-23, nan 
96.375, 79.375, 2.91324525168776e-23, nan 
96.625, 79.375, 2.0730207887576038e-23, nan 
96.875, 79.375, 3.5351285309670245e-23, nan 
97.125, 79.375, 2.975441959003366e-23, nan 
97.375, 79.375, 2.902415840446835e-23, nan 
97.625, 79.375, 1.9575045007732094e-23, nan 
97.875, 79.375, 2.881101973688086e-23, nan 
98.125, 79.375, 3.5672042048002095e-23, nan 
98.375, 79.375, 4.1424806521189724e-23, nan 
98.625, 79.375, 5.2025879216974296e-23, nan 
98.875, 79.375, 4.1079174864895455e-23, nan 
99.125, 79.375, 4.560172889013893e-23, nan 
99.375, 79.375, 4.2192282256845124e-23, nan 
99.625, 79.375, 4.4406756777767854e-23, nan 
99.875, 79.375, 4.8404152913447945e-23, nan 
100.125, 79.375, 4.370883154985402e-23, nan 
100.375, 79.375, 4.645340819534802e-23, nan 
100.625, 79.375, 4.297686007226756e-23, nan 
100.875, 79.375, 4.2332550930207813e-23, nan 
101.125, 79.375, 3.7914158831143565e-23, nan 
101.375, 79.375, 3.7273642840198956e-23, nan 
101.625, 79.375, 4.8393476945225007e-23, nan 
101.875, 79.375, 4.23942693267374e-23, nan 
102.125, 79.375, 9.718263862412256e-23, nan 
102.375, 79.375, 1.0313641885469039e-22, nan 
102.625, 79.375, 1.0042307272663383e-22, nan 
102.875, 79.375, 7.773944935242837e-23, nan 
103.125, 79.375, 4.481053453522483e-23, nan 
103.375, 79.375, 1.6449179113074143e-22, nan 
103.625, 79.375, 1.8997892067470908e-22, nan 
103.875, 79.375, 1.7938795009399221e-22, nan 
104.125, 79.375, 1.11729851244173e-22, nan 
104.375, 79.375, 7.089992146094108e-23, nan 
104.625, 79.375, 8.32943787097705e-23, nan 
104.875, 79.375, 1.157864969566053e-22, nan 
105.125, 79.375, 1.0134331481332807e-22, nan 
105.375, 79.375, 4.2180564658090457e-23, nan 
105.625, 79.375, 4.8302142750513604e-23, nan 
105.875, 79.375, 4.9587103468450866e-23, nan 
106.125, 79.375, 5.623664102204807e-23, nan 
106.375, 79.375, 6.340930745542012e-23, nan 
106.625, 79.375, 8.321295900037135e-23, nan 
106.875, 79.375, 1.0352400823396935e-22, nan 
107.125, 79.375, 6.664150223722001e-23, nan 
107.375, 79.375, 5.1439544322833976e-23, nan 
107.625, 79.375, 8.828295348071218e-23, nan 
107.875, 79.375, 9.363737871427087e-23, nan 
108.125, 79.375, 9.195688471142584e-23, nan 
108.375, 79.375, 6.130372593438236e-23, nan 
108.625, 79.375, 5.338149955856321e-23, nan 
108.875, 79.375, 5.550384363226121e-23, nan 
109.125, 79.375, 4.854017964712967e-23, nan 
109.375, 79.375, 1.0089387228619148e-22, nan 
109.625, 79.375, 2.2919720400030313e-22, nan 
109.875, 79.375, 1.712174120737139e-22, nan 
110.125, 79.375, 1.7750524336455193e-22, nan 
110.375, 79.375, 2.1944127953815924e-22, nan 
110.625, 79.375, 2.2995190208408004e-22, nan 
110.875, 79.375, 3.410613444389013e-22, nan 
111.125, 79.375, 2.839489339060053e-22, nan 
111.375, 79.375, 2.8973544330732027e-22, nan 
111.625, 79.375, 2.73496738192168e-22, nan 
111.875, 79.375, 2.5270588759629867e-22, nan 
112.125, 79.375, 2.399266804658761e-22, nan 
112.375, 79.375, 1.910918615334188e-22, nan 
112.625, 79.375, 2.128064482477127e-22, nan 
112.875, 79.375, 1.7130919367707542e-22, nan 
113.125, 79.375, 2.153000249375951e-22, nan 
113.375, 79.375, 1.7416171199442497e-22, nan 
113.625, 79.375, 1.9671923395175414e-22, nan 
113.875, 79.375, 2.0249670150691664e-22, nan 
114.125, 79.375, 2.1301659946769634e-22, nan 
114.375, 79.375, 2.268102369919591e-22, nan 
114.625, 79.375, 2.608269921297359e-22, nan 
114.875, 79.375, 2.6288546803200146e-22, nan 
115.125, 79.375, 2.5197287952408814e-22, nan 
115.375, 79.375, 2.3395545514309433e-22, nan 
115.625, 79.375, 2.435748881176032e-22, nan 
115.875, 79.375, 3.0661559394647633e-22, nan 
116.125, 79.375, 4.348646055465702e-22, nan 
116.375, 79.375, 4.1430225035995416e-22, nan 
116.625, 79.375, 2.6186300635197407e-22, nan 
116.875, 79.375, 2.5336766973046125e-22, nan 
117.125, 79.375, 2.9078617253705933e-22, nan 
117.375, 79.375, 3.4585433414036793e-22, nan 
117.625, 79.375, 3.351066580668038e-22, nan 
117.875, 79.375, 2.8559247611807563e-22, nan 
118.125, 79.375, 2.64047618107003e-22, nan 
118.375, 79.375, 2.101772764196281e-22, nan 
118.625, 79.375, 1.9331759796388745e-22, nan 
118.875, 79.375, 1.8926845635489004e-22, nan 
119.125, 79.375, 2.1221581600987614e-22, nan 
119.375, 79.375, 2.077118242139238e-22, nan 
119.625, 79.375, 1.9899360412264614e-22, nan 
119.875, 79.375, 2.454832822622993e-22, nan 
120.125, 79.375, 2.321753947382951e-22, nan 
120.375, 79.375, 2.3165842373369965e-22, nan 
120.625, 79.375, 2.2348899112464196e-22, nan 
120.875, 79.375, 3.050521426639392e-22, nan 
121.125, 79.375, 3.4808044655175715e-22, nan 
121.375, 79.375, 2.988193940455584e-22, nan 
121.625, 79.375, 3.253935906083476e-22, nan 
121.875, 79.375, 3.32443057150868e-22, nan 
122.125, 79.375, 3.4788842319364904e-22, nan 
122.375, 79.375, 4.1310097734946864e-22, nan 
122.625, 79.375, 3.3365677128356943e-22, nan 
122.875, 79.375, 3.752827922284932e-22, nan 
123.125, 79.375, 4.255550167134999e-22, nan 
123.375, 79.375, 3.390672667042835e-22, nan 
123.625, 79.375, 2.741165626481003e-22, nan 
123.875, 79.375, 2.793622512110671e-22, nan 
124.125, 79.375, 3.417659908469385e-22, nan 
124.375, 79.375, 3.9638653119136522e-22, nan 
124.625, 79.375, 3.478178196970365e-22, nan 
124.875, 79.375, 3.0991862484849727e-22, nan 
125.125, 79.375, 2.778451387279987e-22, nan 
125.375, 79.375, 2.840635980010676e-22, nan 
125.625, 79.375, 2.8319564706607936e-22, nan 
125.875, 79.375, 2.7199709310395546e-22, nan 
126.125, 79.375, 2.4143847229597963e-22, nan 
126.375, 79.375, 3.0104583728588923e-22, nan 
126.625, 79.375, 2.6557255059044006e-22, nan 
126.875, 79.375, 1.728107656806071e-22, nan 
127.125, 79.375, 1.8853528915008654e-22, nan 
127.375, 79.375, 3.012404140179202e-22, nan 
127.625, 79.375, 2.716291606803104e-22, nan 
127.875, 79.375, 3.273640452136358e-22, nan 
128.125, 79.375, 3.3241447806663397e-22, nan 
128.375, 79.375, 3.482239189793009e-22, nan 
128.625, 79.375, 4.896535325664936e-22, nan 
128.875, 79.375, 5.676212208686139e-22, nan 
129.125, 79.375, 6.621668548894678e-22, nan 
129.375, 79.375, 6.473192884625499e-22, nan 
129.625, 79.375, 7.844569169241217e-22, nan 
129.875, 79.375, 8.390542442706877e-22, nan 
130.125, 79.375, 7.299915072892519e-22, nan 
130.375, 79.375, 6.406591531410442e-22, nan 
130.625, 79.375, 4.805102913553233e-22, nan 
130.875, 79.375, 2.0500608547879172e-22, nan 
131.125, 79.375, 2.7052054167619336e-22, nan 
131.375, 79.375, 2.0827115912485157e-22, nan 
131.625, 79.375, 8.910788868676943e-23, nan 
131.875, 79.375, 1.556288934690444e-22, nan 
132.125, 79.375, 1.6973686535786979e-22, nan 
132.375, 79.375, 2.1439673413293474e-22, nan 
132.625, 79.375, 3.1653007096525897e-22, nan 
132.875, 79.375, 4.341579062785171e-22, nan 
133.125, 79.375, 4.580593154413836e-22, nan 
133.375, 79.375, 3.8271801508097896e-22, nan 
133.625, 79.375, 3.3816715964593567e-22, nan 
133.875, 79.375, 2.9569558744014864e-22, nan 
134.125, 79.375, 4.783529488233217e-22, nan 
134.375, 79.375, 4.503608244401932e-22, nan 
134.625, 79.375, 4.576483525473225e-22, nan 
134.875, 79.375, 3.384467061059906e-22, nan 
135.125, 79.375, 2.4546736556614707e-22, nan 
135.375, 79.375, 2.9986120157332395e-22, nan 
135.625, 79.375, 3.6120845690652236e-22, nan 
135.875, 79.375, 5.359259311474295e-22, nan 
136.125, 79.375, 4.256187274940299e-22, nan 
136.375, 79.375, 3.343561241499741e-22, nan 
136.625, 79.375, 2.5908718510651044e-22, nan 
136.875, 79.375, 3.2278693320210294e-22, nan 
137.125, 79.375, 4.910123971605645e-22, nan 
137.375, 79.375, 2.9163809712997008e-22, nan 
137.625, 79.375, 2.8551968274801665e-22, nan 
137.875, 79.375, 2.272166458616329e-22, nan 
138.125, 79.375, 3.278907748641185e-22, nan 
138.375, 79.375, 3.970048544827758e-22, nan 
138.625, 79.375, 6.378090561865286e-22, nan 
138.875, 79.375, 8.318704839673232e-22, nan 
139.125, 79.375, 5.757320861452976e-22, nan 
139.375, 79.375, 1.2061376458102076e-21, nan 
139.625, 79.375, 6.577671656144569e-22, nan 
139.875, 79.375, 7.0849325482820295e-22, nan 
140.125, 79.375, 9.859236566771958e-22, nan 
140.375, 79.375, 7.909687649536346e-22, nan 
140.625, 79.375, 8.969520274867987e-22, nan 
140.875, 79.375, 9.720013786290013e-22, nan 
141.125, 79.375, 8.608953947693223e-22, nan 
141.375, 79.375, 7.759026933982901e-22, nan 
141.625, 79.375, 8.324158687690687e-22, nan 
141.875, 79.375, 8.4667011933327985e-22, nan 
142.125, 79.375, 8.63331542595377e-22, nan 
142.375, 79.375, 9.516789109239799e-22, nan 
142.625, 79.375, 1.052772979333754e-21, nan 
142.875, 79.375, 1.1398583131898197e-21, nan 
143.125, 79.375, 9.67341347229296e-22, nan 
143.375, 79.375, 1.0024065947224395e-21, nan 
143.625, 79.375, 9.167233274931539e-22, nan 
143.875, 79.375, 9.562650998123095e-22, nan 
144.125, 79.375, 1.149864771363139e-21, nan 
144.375, 79.375, 1.2182465570329986e-21, nan 
144.625, 79.375, 1.1645273385088218e-21, nan 
144.875, 79.375, 1.19568805233936e-21, nan 
145.125, 79.375, 1.3890169581009459e-21, nan 
145.375, 79.375, 1.7482265837083248e-21, nan 
145.625, 79.375, 1.627349643086936e-21, nan 
145.875, 79.375, 1.5877060693239295e-21, nan 
146.125, 79.375, 1.4331781715330106e-21, nan 
146.375, 79.375, 1.4853595767332044e-21, nan 
146.625, 79.375, 1.7052121253918403e-21, nan 
146.875, 79.375, 1.4602599166789374e-21, nan 
147.125, 79.375, 1.7962047162599783e-21, nan 
147.375, 79.375, 1.5212177064813936e-21, nan 
147.625, 79.375, 1.2818083468433467e-21, nan 
147.875, 79.375, 8.418494709139008e-22, nan 
148.125, 79.375, 3.00008387080267e-22, nan 
148.375, 79.375, 1.360879432203285e-21, nan 
148.625, 79.375, 1.4406075111356233e-21, nan 
148.875, 79.375, 1.6254951775818879e-21, nan 
149.125, 79.375, 1.4060870327753827e-21, nan 
149.375, 79.375, 7.9043318398959715e-22, nan 
149.625, 79.375, 7.561287157213074e-22, nan 
149.875, 79.375, 1.3840055020405103e-21, nan 
150.125, 79.375, 1.559150660881247e-21, nan 
150.375, 79.375, 2.0531435960117124e-21, nan 
150.625, 79.375, 1.972153609601331e-21, nan 
150.875, 79.375, 1.888220349803869e-21, nan 
151.125, 79.375, 1.921799709334447e-21, nan 
151.375, 79.375, 1.5416348814132383e-21, nan 
151.625, 79.375, 2.8111565630325737e-21, nan 
151.875, 79.375, 3.363853200400943e-21, nan 
152.125, 79.375, 4.153030703348595e-21, nan 
152.375, 79.375, 4.500928541115951e-21, nan 
152.625, 79.375, 4.4305209597094265e-21, nan 
152.875, 79.375, 3.714162934436582e-21, nan 
153.125, 79.375, 3.2842904155216117e-21, nan 
153.375, 79.375, 3.9087418313819124e-21, nan 
153.625, 79.375, 4.2087352115869866e-21, nan 
153.875, 79.375, 4.085519390191355e-21, nan 
154.125, 79.375, 2.5070272106087354e-21, nan 
154.375, 79.375, 1.086406004578514e-21, nan 
154.625, 79.375, 1.5049675741317012e-21, nan 
154.875, 79.375, 2.4912733597188107e-21, nan 
155.125, 79.375, 3.087623238891575e-21, nan 
155.375, 79.375, 3.532775436083184e-21, nan 
155.625, 79.375, 3.1711830937213183e-21, nan 
155.875, 79.375, 4.1396807253422825e-21, nan 
156.125, 79.375, 4.507541874700681e-21, nan 
156.375, 79.375, 5.148349656121168e-21, nan 
156.625, 79.375, 4.9750597433984e-21, nan 
156.875, 79.375, 6.939225196325864e-21, nan 
157.125, 79.375, 8.604830691718317e-21, nan 
157.375, 79.375, 8.91609147824188e-21, nan 
157.625, 79.375, 8.162028232186597e-21, nan 
157.875, 79.375, 1.1300919463301426e-20, nan 
158.125, 79.375, 9.097787257047393e-21, nan 
158.375, 79.375, 1.119537724451306e-20, nan 
158.625, 79.375, 8.946856596825002e-21, nan 
158.875, 79.375, 7.677374814117171e-21, nan 
159.125, 79.375, 1.184534140808956e-20, nan 
159.375, 79.375, 1.6678843795810044e-20, nan 
159.625, 79.375, 1.759609438912501e-20, nan 
159.875, 79.375, 8.308850273744633e-21, nan 
160.125, 79.375, 4.0419887043840255e-21, nan 
160.375, 79.375, 7.710613727323395e-21, nan 
160.625, 79.375, 7.344420825358418e-21, nan 
160.875, 79.375, 9.045400977687838e-21, nan 
161.125, 79.375, 7.636403832457356e-21, nan 
161.375, 79.375, 1.1220950213363082e-20, nan 
161.625, 79.375, 1.0701602302083081e-20, nan 
161.875, 79.375, 6.707684847620053e-21, nan 
162.125, 79.375, 9.09403733563957e-21, nan 
162.375, 79.375, 1.0740381099161731e-20, nan 
162.625, 79.375, 1.1278894755701656e-20, nan 
162.875, 79.375, 9.895113477535566e-21, nan 
163.125, 79.375, 7.330493449799564e-21, nan 
163.375, 79.375, 1.137332889588139e-20, nan 
163.625, 79.375, 1.0584997245591501e-20, nan 
163.875, 79.375, 1.5068609131547638e-20, nan 
164.125, 79.375, 1.6301251128569817e-20, nan 
164.375, 79.375, 1.6871925214375087e-20, nan 
164.625, 79.375, 1.060890434139696e-20, nan 
164.875, 79.375, 9.409560529447128e-21, nan 
165.125, 79.375, 1.420059503484463e-20, nan 
165.375, 79.375, 1.7816086332879174e-20, nan 
165.625, 79.375, 1.4270631413049102e-20, nan 
165.875, 79.375, 1.3053722128367974e-20, nan 
166.125, 79.375, 1.4091693677423044e-20, nan 
166.375, 79.375, 1.468075020971199e-20, nan 
166.625, 79.375, 1.7444584080874406e-20, nan 
166.875, 79.375, 1.4328286762205483e-20, nan 
167.125, 79.375, 1.0807706767657435e-20, nan 
167.375, 79.375, 1.2145010026671178e-20, nan 
167.625, 79.375, 1.046954806185992e-20, nan 
167.875, 79.375, 9.222236304936792e-21, nan 
168.125, 79.375, 8.158560137420159e-21, nan 
168.375, 79.375, 1.1537498546570484e-20, nan 
168.625, 79.375, 1.1833056493368648e-20, nan 
168.875, 79.375, 1.4894073979687502e-20, nan 
169.125, 79.375, 1.2654146428789271e-20, nan 
169.375, 79.375, 9.518530574732805e-21, nan 
169.625, 79.375, 1.0604546892286614e-20, nan 
169.875, 79.375, 8.88094508777297e-21, nan 
170.125, 79.375, 1.2338290424574672e-20, nan 
170.375, 79.375, 1.2855727945787342e-20, nan 
170.625, 79.375, 1.4705361530541325e-20, nan 
170.875, 79.375, 1.6137265813073126e-20, nan 
171.125, 79.375, 1.342588241804061e-20, nan 
171.375, 79.375, 1.3712926037386848e-20, nan 
171.625, 79.375, 1.300788716190813e-20, nan 
171.875, 79.375, 9.701867183086652e-21, nan 
172.125, 79.375, 1.0268102957290835e-20, nan 
172.375, 79.375, 1.576486893920379e-20, nan 
172.625, 79.375, 1.8358432390832944e-20, nan 
172.875, 79.375, 1.6682775971057113e-20, nan 
173.125, 79.375, 1.451732259149399e-20, nan 
173.375, 79.375, 1.2459540807079811e-20, nan 
173.625, 79.375, 1.594896751945175e-20, nan 
173.875, 79.375, 2.0568413887155046e-20, nan 
174.125, 79.375, 1.9098556403506957e-20, nan 
174.375, 79.375, 1.9259099351797197e-20, nan 
174.625, 79.375, 1.7574961675632892e-20, nan 
174.875, 79.375, 2.113757875223944e-20, nan 
175.125, 79.375, 1.690621750976002e-20, nan 
175.375, 79.375, 2.0498801135071464e-20, nan 
175.625, 79.375, 1.726731225118227e-20, nan 
175.875, 79.375, 1.9031358025099904e-20, nan 
176.125, 79.375, 1.8868433744304333e-20, nan 
176.375, 79.375, 1.5109023543338462e-20, nan 
176.625, 79.375, 1.4820320698001576e-20, nan 
176.875, 79.375, 1.3002460957383718e-20, nan 
177.125, 79.375, 1.5126679574383623e-20, nan 
177.375, 79.375, 1.553473691183998e-20, nan 
177.625, 79.375, 1.3091403986493331e-20, nan 
177.875, 79.375, 1.1081663533145125e-20, nan 
178.125, 79.375, 1.252497813055818e-20, nan 
178.375, 79.375, 1.3380294016100137e-20, nan 
178.625, 79.375, 1.2630187529054888e-20, nan 
178.875, 79.375, 1.1456774505977252e-20, nan 
179.125, 79.375, 1.1665736678000907e-20, nan 
179.375, 79.375, 1.0692581922436878e-20, nan 
179.625, 79.375, 1.2519525183182086e-20, nan 
179.875, 79.375, 1.0041575274021067e-20, nan 
-179.875, 79.625, 9.072851180648045e-21, nan 
-179.625, 79.625, 8.662429051038529e-21, nan 
-179.375, 79.625, 9.212220623183942e-21, nan 
-179.125, 79.625, 7.844704625753923e-21, nan 
-178.875, 79.625, 9.592669890052309e-21, nan 
-178.625, 79.625, 7.96884405546736e-21, nan 
-178.375, 79.625, 9.217871564253624e-21, nan 
-178.125, 79.625, 9.527526709772125e-21, nan 
-177.875, 79.625, 8.377511920644723e-21, nan 
-177.625, 79.625, 8.060906370922543e-21, nan 
-177.375, 79.625, 8.221428658046866e-21, nan 
-177.125, 79.625, 7.117666966996713e-21, nan 
-176.875, 79.625, 6.877765987727588e-21, nan 
-176.625, 79.625, 6.64466926121181e-21, nan 
-176.375, 79.625, 6.7299806885896285e-21, nan 
-176.125, 79.625, 7.312170442437023e-21, nan 
-175.875, 79.625, 6.071363751277438e-21, nan 
-175.625, 79.625, 6.249201000620674e-21, nan 
-175.375, 79.625, 6.871126268242035e-21, nan 
-175.125, 79.625, 5.375918042510727e-21, nan 
-174.875, 79.625, 5.596563374206513e-21, nan 
-174.625, 79.625, 5.512659091768751e-21, nan 
-174.375, 79.625, 4.857252791919414e-21, nan 
-174.125, 79.625, 5.554434684035972e-21, nan 
-173.875, 79.625, 4.666744392208498e-21, nan 
-173.625, 79.625, 4.87946479246106e-21, nan 
-173.375, 79.625, 4.885856408540559e-21, nan 
-173.125, 79.625, 4.5590318666836704e-21, nan 
-172.875, 79.625, 4.63804764511406e-21, nan 
-172.625, 79.625, 4.0280930955622506e-21, nan 
-172.375, 79.625, 4.715444618842208e-21, nan 
-172.125, 79.625, 3.652566145865956e-21, nan 
-171.875, 79.625, 4.314808551548646e-21, nan 
-171.625, 79.625, 3.927817436754034e-21, nan 
-171.375, 79.625, 3.825692642413107e-21, nan 
-171.125, 79.625, 3.5235512105537325e-21, nan 
-170.875, 79.625, 3.88636782109073e-21, nan 
-170.625, 79.625, 3.469377246516167e-21, nan 
-170.375, 79.625, 3.1204240061978872e-21, nan 
-170.125, 79.625, 3.403716927959239e-21, nan 
-169.875, 79.625, 2.9558068002950162e-21, nan 
-169.625, 79.625, 3.1094992371735702e-21, nan 
-169.375, 79.625, 2.8154835342236866e-21, nan 
-169.125, 79.625, 2.9092668424631685e-21, nan 
-168.875, 79.625, 2.707777709516644e-21, nan 
-168.625, 79.625, 2.5807330832213026e-21, nan 
-168.375, 79.625, 2.2900798829193467e-21, nan 
-168.125, 79.625, 2.437751997156309e-21, nan 
-167.875, 79.625, 2.403692155914116e-21, nan 
-167.625, 79.625, 2.3014219640459847e-21, nan 
-167.375, 79.625, 2.104250192387719e-21, nan 
-167.125, 79.625, 1.69827737337294e-21, nan 
-166.875, 79.625, 2.2762069945183275e-21, nan 
-166.625, 79.625, 1.8336542786542388e-21, nan 
-166.375, 79.625, 1.901530432421215e-21, nan 
-166.125, 79.625, 1.5555663104897182e-21, nan 
-165.875, 79.625, 1.7014455864413966e-21, nan 
-165.625, 79.625, 1.8814148109932135e-21, nan 
-165.375, 79.625, 1.8544924758466864e-21, nan 
-165.125, 79.625, 1.7478664340664853e-21, nan 
-164.875, 79.625, 1.5747298737172979e-21, nan 
-164.625, 79.625, 1.5963538222966755e-21, nan 
-164.375, 79.625, 1.4731831043598596e-21, nan 
-164.125, 79.625, 1.3827165624290356e-21, nan 
-163.875, 79.625, 1.5484327505677187e-21, nan 
-163.625, 79.625, 1.3430929213960706e-21, nan 
-163.375, 79.625, 1.3735678832828835e-21, nan 
-163.125, 79.625, 1.3094324326047761e-21, nan 
-162.875, 79.625, 1.0448923476715608e-21, nan 
-162.625, 79.625, 1.2417827516898446e-21, nan 
-162.375, 79.625, 1.1596922308022174e-21, nan 
-162.125, 79.625, 1.1478384475931338e-21, nan 
-161.875, 79.625, 1.292672930497211e-21, nan 
-161.625, 79.625, 1.0324083356869525e-21, nan 
-161.375, 79.625, 1.1225816847445316e-21, nan 
-161.125, 79.625, 1.146065829289392e-21, nan 
-160.875, 79.625, 1.0795038684944849e-21, nan 
-160.625, 79.625, 1.0102398840012907e-21, nan 
-160.375, 79.625, 9.817104767158772e-22, nan 
-160.125, 79.625, 9.8633821998952e-22, nan 
-159.875, 79.625, 1.0780484352015195e-21, nan 
-159.625, 79.625, 9.240461792179174e-22, nan 
-159.375, 79.625, 1.0746698364736782e-21, nan 
-159.125, 79.625, 9.13306974422706e-22, nan 
-158.875, 79.625, 9.519272671819302e-22, nan 
-158.625, 79.625, 8.652179298913316e-22, nan 
-158.375, 79.625, 9.492260274457755e-22, nan 
-158.125, 79.625, 8.533286011518523e-22, nan 
-157.875, 79.625, 8.347530406094043e-22, nan 
-157.625, 79.625, 7.582291185549792e-22, nan 
-157.375, 79.625, 8.016621623249266e-22, nan 
-157.125, 79.625, 8.101473326944079e-22, nan 
-156.875, 79.625, 8.228955731320956e-22, nan 
-156.625, 79.625, 7.907512538543569e-22, nan 
-156.375, 79.625, 6.816620947845554e-22, nan 
-156.125, 79.625, 7.38955706339938e-22, nan 
-155.875, 79.625, 6.653685706727635e-22, nan 
-155.625, 79.625, 7.685081531824203e-22, nan 
-155.375, 79.625, 1.034014927042921e-21, nan 
-155.125, 79.625, 8.110412846177266e-22, nan 
-154.875, 79.625, 6.446132750660396e-22, nan 
-154.625, 79.625, 4.847991623337227e-22, nan 
-154.375, 79.625, 3.5228317731617293e-22, nan 
-154.125, 79.625, 5.557373767836161e-22, nan 
-153.875, 79.625, 9.226444106780382e-22, nan 
-153.625, 79.625, 6.792777229381064e-22, nan 
-153.375, 79.625, 3.514797278654119e-22, nan 
-153.125, 79.625, 5.155732945912872e-22, nan 
-152.875, 79.625, 5.6272981949761565e-22, nan 
-152.625, 79.625, 5.0725751382670625e-22, nan 
-152.375, 79.625, 5.84619972110457e-22, nan 
-152.125, 79.625, 5.242158079654606e-22, nan 
-151.875, 79.625, 5.584125768337328e-22, nan 
-151.625, 79.625, 5.231286213624935e-22, nan 
-151.375, 79.625, 5.785676010960787e-22, nan 
-151.125, 79.625, 5.863425699561164e-22, nan 
-150.875, 79.625, 5.474508447328044e-22, nan 
-150.625, 79.625, 5.309806193372468e-22, nan 
-150.375, 79.625, 5.982730015704782e-22, nan 
-150.125, 79.625, 5.409655293058313e-22, nan 
-149.875, 79.625, 4.919838566035698e-22, nan 
-149.625, 79.625, 5.117115357409131e-22, nan 
-149.375, 79.625, 5.405770918799624e-22, nan 
-149.125, 79.625, 5.861655394863857e-22, nan 
-148.875, 79.625, 5.447104835055666e-22, nan 
-148.625, 79.625, 5.189585750829562e-22, nan 
-148.375, 79.625, 4.0741325528607213e-22, nan 
-148.125, 79.625, 3.740724039187826e-22, nan 
-147.875, 79.625, 3.404482794613206e-22, nan 
-147.625, 79.625, 4.90011120164529e-22, nan 
-147.375, 79.625, 6.489149331605472e-22, nan 
-147.125, 79.625, 4.5962356217832455e-22, nan 
-146.875, 79.625, 4.629954697629148e-22, nan 
-146.625, 79.625, 4.688315719663092e-22, nan 
-146.375, 79.625, 4.484933992120256e-22, nan 
-146.125, 79.625, 5.078902188073217e-22, nan 
-145.875, 79.625, 5.141075505346303e-22, nan 
-145.625, 79.625, 4.881540280869555e-22, nan 
-145.375, 79.625, 4.683258439925711e-22, nan 
-145.125, 79.625, 4.923691681052579e-22, nan 
-144.875, 79.625, 4.875933184853536e-22, nan 
-144.625, 79.625, 5.383025629947555e-22, nan 
-144.375, 79.625, 4.0881053474703986e-22, nan 
-144.125, 79.625, 5.015860163282983e-22, nan 
-143.875, 79.625, 4.308397161034698e-22, nan 
-143.625, 79.625, 4.747222860582951e-22, nan 
-143.375, 79.625, 4.479595711221045e-22, nan 
-143.125, 79.625, 4.249575962221212e-22, nan 
-142.875, 79.625, 4.280727917723661e-22, nan 
-142.625, 79.625, 4.725760461841878e-22, nan 
-142.375, 79.625, 4.670240944541473e-22, nan 
-142.125, 79.625, 4.520781770406905e-22, nan 
-141.875, 79.625, 4.17443991456339e-22, nan 
-141.625, 79.625, 5.254720903308169e-22, nan 
-141.375, 79.625, 5.022348894460094e-22, nan 
-141.125, 79.625, 5.64273685983684e-22, nan 
-140.875, 79.625, 6.212839061151994e-22, nan 
-140.625, 79.625, 4.407748807885784e-22, nan 
-140.375, 79.625, 6.9192526253445285e-22, nan 
-140.125, 79.625, 4.37904061388358e-22, nan 
-139.875, 79.625, 4.03861426354799e-22, nan 
-139.625, 79.625, 4.3087577065205085e-22, nan 
-139.375, 79.625, 3.996860614640442e-22, nan 
-139.125, 79.625, 4.500906151753931e-22, nan 
-138.875, 79.625, 3.7388922284765642e-22, nan 
-138.625, 79.625, 3.388818052618567e-22, nan 
-138.375, 79.625, 3.592703104393033e-22, nan 
-138.125, 79.625, 3.298114860748571e-22, nan 
-137.875, 79.625, 3.3257471343629894e-22, nan 
-137.625, 79.625, 3.1684474712781433e-22, nan 
-137.375, 79.625, 3.4523983959238165e-22, nan 
-137.125, 79.625, 3.6332027584775926e-22, nan 
-136.875, 79.625, 3.479738058450193e-22, nan 
-136.625, 79.625, 3.0956795341374093e-22, nan 
-136.375, 79.625, 3.213302861677613e-22, nan 
-136.125, 79.625, 3.430900689363192e-22, nan 
-135.875, 79.625, 3.3299229150129273e-22, nan 
-135.625, 79.625, 3.1135806555285737e-22, nan 
-135.375, 79.625, 2.9471566746094516e-22, nan 
-135.125, 79.625, 3.005818257640235e-22, nan 
-134.875, 79.625, 3.569059872595992e-22, nan 
-134.625, 79.625, 3.041892508983023e-22, nan 
-134.375, 79.625, 3.161422546449791e-22, nan 
-134.125, 79.625, 2.9179823496909356e-22, nan 
-133.875, 79.625, 3.083693226083365e-22, nan 
-133.625, 79.625, 3.306940272200221e-22, nan 
-133.375, 79.625, 2.7894195320337457e-22, nan 
-133.125, 79.625, 3.0606907590872096e-22, nan 
-132.875, 79.625, 3.145133312699497e-22, nan 
-132.625, 79.625, 3.1567039007411553e-22, nan 
-132.375, 79.625, 2.9949643762507673e-22, nan 
-132.125, 79.625, 2.9622082011250303e-22, nan 
-131.875, 79.625, 2.8533799463720654e-22, nan 
-131.625, 79.625, 3.1207967607444332e-22, nan 
-131.375, 79.625, 3.0316064997572004e-22, nan 
-131.125, 79.625, 4.2223176778943453e-22, nan 
-130.875, 79.625, 3.4517883184756636e-22, nan 
-130.625, 79.625, 2.9890970343818657e-22, nan 
-130.375, 79.625, 4.490204257388861e-22, nan 
-130.125, 79.625, 6.542055960766875e-22, nan 
-129.875, 79.625, 7.403467057821226e-22, nan 
-129.625, 79.625, 5.850508907388948e-22, nan 
-129.375, 79.625, 2.932245835157766e-22, nan 
-129.125, 79.625, 5.2244395886238195e-22, nan 
-128.875, 79.625, 7.657603390820214e-22, nan 
-128.625, 79.625, 6.595301336704663e-22, nan 
-128.375, 79.625, 5.108529062852264e-22, nan 
-128.125, 79.625, 2.4525220089960275e-22, nan 
-127.875, 79.625, 2.2311779550960005e-22, nan 
-127.625, 79.625, 2.939269521474496e-22, nan 
-127.375, 79.625, 3.466081296927333e-22, nan 
-127.125, 79.625, 2.641661252105136e-22, nan 
-126.875, 79.625, 2.7081537973541196e-22, nan 
-126.625, 79.625, 3.8035941858254684e-22, nan 
-126.375, 79.625, 3.8898200256613218e-22, nan 
-126.125, 79.625, 3.201702176685492e-22, nan 
-125.875, 79.625, 2.7576059114355365e-22, nan 
-125.625, 79.625, 2.2895563029037935e-22, nan 
-125.375, 79.625, 2.4761405368832186e-22, nan 
-125.125, 79.625, 2.0409021667474461e-22, nan 
-124.875, 79.625, 2.13468835552245e-22, nan 
-124.625, 79.625, 1.9231601310384156e-22, nan 
-124.375, 79.625, 2.1647685842578205e-22, nan 
-124.125, 79.625, 2.195914458356993e-22, nan 
-123.875, 79.625, 1.995355639770299e-22, nan 
-123.625, 79.625, 2.227823906931566e-22, nan 
-123.375, 79.625, 1.8051642487791133e-22, nan 
-123.125, 79.625, 1.7215096091473785e-22, nan 
-122.875, 79.625, 1.6324887556537822e-22, nan 
-122.625, 79.625, 1.503383026064917e-22, nan 
-122.375, 79.625, 1.608039675848646e-22, nan 
-122.125, 79.625, 9.598166367236681e-23, nan 
-121.875, 79.625, 8.168363596895024e-23, nan 
-121.625, 79.625, 7.050060253824806e-23, nan 
-121.375, 79.625, 7.059063067432542e-23, nan 
-121.125, 79.625, 7.722263931345086e-23, nan 
-120.875, 79.625, 6.011526248524104e-23, nan 
-120.625, 79.625, 5.689720861022437e-23, nan 
-120.375, 79.625, 6.04225654686076e-23, nan 
-120.125, 79.625, 6.799547172760847e-23, nan 
-119.875, 79.625, 6.709100222281221e-23, nan 
-119.625, 79.625, 8.158859203180776e-23, nan 
-119.375, 79.625, 8.412933339759351e-23, nan 
-119.125, 79.625, 7.289264731082692e-23, nan 
-118.875, 79.625, 6.473758400781752e-23, nan 
-118.625, 79.625, 5.945695887442018e-23, nan 
-118.375, 79.625, 5.342222315958151e-23, nan 
-118.125, 79.625, 4.431148748201665e-23, nan 
-117.875, 79.625, 4.157510712132302e-23, nan 
-117.625, 79.625, 4.8212224712613776e-23, nan 
-117.375, 79.625, 5.178339724600305e-23, nan 
-117.125, 79.625, 4.515580482377135e-23, nan 
-116.875, 79.625, 4.693460403628032e-23, nan 
-116.625, 79.625, 4.545548830574471e-23, nan 
-116.375, 79.625, 4.7529674543362075e-23, nan 
-116.125, 79.625, 5.0758548247669674e-23, nan 
-115.875, 79.625, 5.908990505769767e-23, nan 
-115.625, 79.625, 6.10040422934706e-23, nan 
-115.375, 79.625, 6.640601520990924e-23, nan 
-115.125, 79.625, 5.566224257865842e-23, nan 
-114.875, 79.625, 4.8249747793644815e-23, nan 
-114.625, 79.625, 5.625068922787089e-23, nan 
-114.375, 79.625, 5.965593244893206e-23, nan 
-114.125, 79.625, 7.85112983327358e-23, nan 
-113.875, 79.625, 8.694647932418834e-23, nan 
-113.625, 79.625, 9.057529230033236e-23, nan 
-113.375, 79.625, 8.342294778202017e-23, nan 
-113.125, 79.625, 7.352173183498154e-23, nan 
-112.875, 79.625, 9.264035453824033e-23, nan 
-112.625, 79.625, 9.287571526486504e-23, nan 
-112.375, 79.625, 1.1581234495540995e-22, nan 
-112.125, 79.625, 1.1282383882184817e-22, nan 
-111.875, 79.625, 8.352523761144931e-23, nan 
-111.625, 79.625, 6.35074994208091e-23, nan 
-111.375, 79.625, 7.750059636808603e-23, nan 
-111.125, 79.625, 9.044806450687813e-23, nan 
-110.875, 79.625, 8.985096953499058e-23, nan 
-110.625, 79.625, 7.457440978653757e-23, nan 
-110.375, 79.625, 8.475211236102524e-23, nan 
-110.125, 79.625, 1.188094367160723e-22, nan 
-109.875, 79.625, 1.0147297583205073e-22, nan 
-109.625, 79.625, 8.435937402960361e-23, nan 
-109.375, 79.625, 5.547840466693916e-23, nan 
-109.125, 79.625, 7.25394313547186e-23, nan 
-108.875, 79.625, 9.974302576478808e-23, nan 
-108.625, 79.625, 7.565340954695026e-23, nan 
-108.375, 79.625, 7.75042095115853e-23, nan 
-108.125, 79.625, 6.540741552605731e-23, nan 
-107.875, 79.625, 8.097433902823836e-23, nan 
-107.625, 79.625, 7.709256060716902e-23, nan 
-107.375, 79.625, 8.259477141574285e-23, nan 
-107.125, 79.625, 5.519826012838637e-23, nan 
-106.875, 79.625, 5.789431626236183e-23, nan 
-106.625, 79.625, 4.647024242527647e-23, nan 
-106.375, 79.625, 6.546837851258576e-23, nan 
-106.125, 79.625, 8.287359436627355e-23, nan 
-105.875, 79.625, 8.060835952029622e-23, nan 
-105.625, 79.625, 9.044243027059695e-23, nan 
-105.375, 79.625, 6.973146917664449e-23, nan 
-105.125, 79.625, 5.533547432081104e-23, nan 
-104.875, 79.625, 5.888338453497904e-23, nan 
-104.625, 79.625, 8.737032544264651e-23, nan 
-104.375, 79.625, 9.812587132360402e-23, nan 
-104.125, 79.625, 9.125346146016327e-23, nan 
-103.875, 79.625, 7.368459936253973e-23, nan 
-103.625, 79.625, 5.2781816569859194e-23, nan 
-103.375, 79.625, 5.901888011732565e-23, nan 
-103.125, 79.625, 5.781747776080055e-23, nan 
-102.875, 79.625, 5.815833529330187e-23, nan 
-102.625, 79.625, 5.612203278560163e-23, nan 
-102.375, 79.625, 4.76607400692816e-23, nan 
-102.125, 79.625, 5.125582322111844e-23, nan 
-101.875, 79.625, 4.0742928544155144e-23, nan 
-101.625, 79.625, 3.066115558350446e-23, nan 
-101.375, 79.625, 3.6569757852652945e-23, nan 
-101.125, 79.625, 3.035149027316259e-23, nan 
-100.875, 79.625, 3.5111145091931135e-23, nan 
-100.625, 79.625, 2.0866718430981658e-23, nan 
-100.375, 79.625, 1.4452658738976732e-23, nan 
-100.125, 79.625, 8.246664208387343e-24, nan 
-99.875, 79.625, 2.3046727954379725e-23, nan 
-99.625, 79.625, 4.6698255371946116e-23, nan 
-99.375, 79.625, 2.4649997092827195e-23, nan 
-99.125, 79.625, 1.679038927866178e-23, nan 
-98.875, 79.625, 1.3255316937459465e-23, nan 
-98.625, 79.625, 1.5668686583470158e-23, nan 
-98.375, 79.625, 2.6815561888911286e-23, nan 
-98.125, 79.625, 2.3418796816140135e-23, nan 
-97.875, 79.625, 1.5545229919074272e-23, nan 
-97.625, 79.625, 2.2903850735034932e-23, nan 
-97.375, 79.625, 1.8915840565748014e-23, nan 
-97.125, 79.625, 1.9358255213848402e-23, nan 
-96.875, 79.625, 3.545191313866135e-23, nan 
-96.625, 79.625, 3.1820671482634994e-23, nan 
-96.375, 79.625, 3.2847265601096725e-23, nan 
-96.125, 79.625, 3.105726648711282e-23, nan 
-95.875, 79.625, 1.9813595897410125e-23, nan 
67.875, 79.625, 5.502176755847238e-23, nan 
68.125, 79.625, 5.542755601880555e-23, nan 
68.375, 79.625, 4.964423015377917e-23, nan 
68.625, 79.625, 4.885039415116209e-23, nan 
68.875, 79.625, 4.448309011235038e-23, nan 
69.125, 79.625, 4.524632584032564e-23, nan 
69.375, 79.625, 3.671822270442462e-23, nan 
69.625, 79.625, 2.7669180597776763e-23, nan 
69.875, 79.625, 3.2263860720877625e-23, nan 
70.125, 79.625, 3.284870852784149e-23, nan 
70.375, 79.625, 3.374376652046794e-23, nan 
70.625, 79.625, 3.056169919433318e-23, nan 
70.875, 79.625, 3.7508732363499223e-23, nan 
71.125, 79.625, 2.764982623158003e-23, nan 
71.375, 79.625, 2.1179096474347605e-23, nan 
71.625, 79.625, 1.6575639090720115e-23, nan 
71.875, 79.625, 1.0547280907210263e-23, nan 
72.125, 79.625, 2.282733240587479e-23, nan 
72.375, 79.625, 2.846672844260686e-23, nan 
72.625, 79.625, 3.418844491681505e-23, nan 
72.875, 79.625, 2.67272836141661e-23, nan 
73.125, 79.625, 2.6285034945033288e-23, nan 
73.375, 79.625, 4.707199633394723e-23, nan 
73.625, 79.625, 4.794795447873417e-23, nan 
73.875, 79.625, 6.25657626245335e-23, nan 
74.125, 79.625, 8.055510837911114e-23, nan 
74.375, 79.625, 7.816138394179114e-23, nan 
74.625, 79.625, 8.295186618568883e-23, nan 
74.875, 79.625, 3.915782699384056e-23, nan 
75.125, 79.625, 3.835630449500588e-23, nan 
75.375, 79.625, 2.8195869489335387e-23, nan 
75.625, 79.625, 1.7357442336461698e-23, nan 
75.875, 79.625, 1.6311131849855056e-23, nan 
76.125, 79.625, 2.1126682676548726e-23, nan 
76.375, 79.625, 1.9672871146002965e-23, nan 
76.625, 79.625, 2.0880953075450208e-23, nan 
76.875, 79.625, 2.4855034288658543e-23, nan 
77.125, 79.625, 1.6708936317310644e-23, nan 
77.375, 79.625, 2.5526118350812166e-23, nan 
77.625, 79.625, 1.2696237381033301e-23, nan 
77.875, 79.625, 1.4964421218426235e-23, nan 
78.125, 79.625, 2.793707790891004e-23, nan 
78.375, 79.625, 1.598227700244213e-23, nan 
78.625, 79.625, 1.6087589626371218e-23, nan 
78.875, 79.625, 1.562114634165714e-23, nan 
79.125, 79.625, 1.647776742786338e-23, nan 
79.375, 79.625, 2.0667169661588028e-23, nan 
79.625, 79.625, 2.3935222574407032e-23, nan 
79.875, 79.625, 4.262033005759181e-23, nan 
80.125, 79.625, 2.7796564867648147e-23, nan 
80.375, 79.625, 2.4009303951553054e-23, nan 
80.625, 79.625, 1.7241802228470964e-23, nan 
80.875, 79.625, 1.402550374156164e-23, nan 
81.125, 79.625, 2.2079704435974023e-23, nan 
81.375, 79.625, 1.5090894506471266e-23, nan 
81.625, 79.625, 1.6963594635553158e-23, nan 
81.875, 79.625, 7.573128172534876e-24, nan 
82.125, 79.625, 1.2865567356897895e-23, nan 
82.375, 79.625, 1.642365322691779e-23, nan 
82.625, 79.625, 1.4872760361206122e-23, nan 
82.875, 79.625, 3.389346338331108e-23, nan 
83.125, 79.625, 2.2661115166075378e-23, nan 
83.375, 79.625, 5.7788796388349616e-24, nan 
83.625, 79.625, 2.2891674207681878e-23, nan 
83.875, 79.625, 8.172408788397091e-24, nan 
84.125, 79.625, 1.2589797264707203e-23, nan 
84.375, 79.625, 2.658518165624604e-23, nan 
84.625, 79.625, 1.328534674213752e-23, nan 
84.875, 79.625, 3.125526120824124e-23, nan 
85.125, 79.625, 1.5464581481229495e-23, nan 
85.375, 79.625, 2.6637173756748506e-23, nan 
85.625, 79.625, 2.039447250052924e-23, nan 
85.875, 79.625, 3.332169436097057e-23, nan 
86.125, 79.625, 2.765507056162243e-23, nan 
86.375, 79.625, 1.554911329388262e-23, nan 
86.625, 79.625, 7.065353737277929e-24, nan 
86.875, 79.625, 1.601254039114904e-23, nan 
87.125, 79.625, 1.893096858609346e-23, nan 
87.375, 79.625, 1.3938656256644705e-23, nan 
87.625, 79.625, 1.4090480999778628e-23, nan 
87.875, 79.625, 1.2487342160252773e-23, nan 
88.125, 79.625, 1.9523737078219294e-23, nan 
88.375, 79.625, 1.890512229686874e-23, nan 
88.625, 79.625, 1.1090115955227695e-23, nan 
88.875, 79.625, 9.872266500655744e-24, nan 
89.125, 79.625, 2.070248700366838e-23, nan 
89.375, 79.625, 2.0543048916516268e-23, nan 
89.625, 79.625, 1.706777349778558e-23, nan 
89.875, 79.625, 2.7668044043808124e-23, nan 
90.125, 79.625, 1.7765306812147344e-23, nan 
90.375, 79.625, 2.147084325689279e-23, nan 
90.625, 79.625, 2.54797520149145e-23, nan 
90.875, 79.625, 2.3234220554856086e-23, nan 
91.125, 79.625, 3.0270033243267517e-23, nan 
91.375, 79.625, 2.1404338256635766e-23, nan 
91.625, 79.625, 1.4745996030586854e-23, nan 
91.875, 79.625, 2.795345084007032e-23, nan 
92.125, 79.625, 2.116641930617148e-23, nan 
92.375, 79.625, 2.443506905838822e-23, nan 
92.625, 79.625, 4.7778269135527664e-23, nan 
92.875, 79.625, 4.472816457937002e-23, nan 
93.125, 79.625, 3.298462076909051e-23, nan 
93.375, 79.625, 2.5675793406461542e-23, nan 
93.625, 79.625, 3.4311137811324615e-23, nan 
93.875, 79.625, 5.039136962883089e-23, nan 
94.125, 79.625, 5.371606132840907e-23, nan 
94.375, 79.625, 4.6236022549695727e-23, nan 
94.625, 79.625, 3.816887267212435e-23, nan 
94.875, 79.625, 3.900175948022692e-23, nan 
95.125, 79.625, 4.545485112190214e-23, nan 
95.375, 79.625, 3.9277434366340335e-23, nan 
95.625, 79.625, 3.925450836698197e-23, nan 
95.875, 79.625, 3.21503530211181e-23, nan 
96.125, 79.625, 5.127167090982087e-23, nan 
96.375, 79.625, 1.615737343896232e-23, nan 
96.625, 79.625, 1.4643304356081187e-23, nan 
96.875, 79.625, 2.5327222770256174e-23, nan 
97.125, 79.625, 1.9238823208108603e-23, nan 
97.375, 79.625, 5.066377531716698e-23, nan 
97.625, 79.625, 2.0853402451670336e-23, nan 
97.875, 79.625, 7.004672868467306e-23, nan 
98.125, 79.625, 4.044780737641627e-23, nan 
98.375, 79.625, 2.6868407590168766e-23, nan 
98.625, 79.625, 2.3210847147581656e-23, nan 
98.875, 79.625, 2.3163634818503965e-23, nan 
99.125, 79.625, 2.283472354761028e-23, nan 
99.375, 79.625, 2.2079678904077276e-23, nan 
99.625, 79.625, 2.6741063116650225e-23, nan 
99.875, 79.625, 1.7612107617205846e-23, nan 
100.125, 79.625, 8.21293719274353e-24, nan 
100.375, 79.625, 1.9297533888327192e-23, nan 
100.625, 79.625, 2.725238643973492e-23, nan 
100.875, 79.625, 2.787095851462654e-23, nan 
101.125, 79.625, 2.857446781965194e-23, nan 
101.375, 79.625, 2.75908252425205e-23, nan 
101.625, 79.625, 3.879594070974832e-23, nan 
101.875, 79.625, 4.5082262154357416e-23, nan 
102.125, 79.625, 2.431505454022527e-23, nan 
102.375, 79.625, 2.7639229983435386e-23, nan 
102.625, 79.625, 2.3844304486636768e-23, nan 
102.875, 79.625, 1.592062487073247e-23, nan 
103.125, 79.625, 2.1872730608933876e-23, nan 
103.375, 79.625, 1.1207569296557934e-22, nan 
103.625, 79.625, 1.1934402668232358e-22, nan 
103.875, 79.625, 1.346642613380567e-22, nan 
104.125, 79.625, 1.2241112400632764e-22, nan 
104.375, 79.625, 1.0896661423731297e-22, nan 
104.625, 79.625, 8.500640781231456e-23, nan 
104.875, 79.625, 4.5453448839093e-23, nan 
105.125, 79.625, 8.316737444319017e-23, nan 
105.375, 79.625, 1.4305494211969332e-22, nan 
105.625, 79.625, 1.681709839340994e-22, nan 
105.875, 79.625, 7.269664474464293e-23, nan 
106.125, 79.625, 6.57613814068462e-23, nan 
106.375, 79.625, 7.254021485957415e-23, nan 
106.625, 79.625, 8.04748755700987e-23, nan 
106.875, 79.625, 7.776378422300249e-23, nan 
107.125, 79.625, 4.624437756657166e-23, nan 
107.375, 79.625, 5.365417413275672e-23, nan 
107.625, 79.625, 5.618084708844269e-23, nan 
107.875, 79.625, 5.16213962164204e-23, nan 
108.125, 79.625, 4.2618249872770094e-23, nan 
108.375, 79.625, 3.8338568738667326e-23, nan 
108.625, 79.625, 6.510281548750216e-23, nan 
108.875, 79.625, 5.1426158107942205e-23, nan 
109.125, 79.625, 4.880174487743898e-23, nan 
109.375, 79.625, 6.111006167936715e-23, nan 
109.625, 79.625, 8.3008831761009e-23, nan 
109.875, 79.625, 7.847319951916054e-23, nan 
110.125, 79.625, 8.261476460942005e-23, nan 
110.375, 79.625, 8.983476102331752e-23, nan 
110.625, 79.625, 1.851844661207442e-22, nan 
110.875, 79.625, 2.79947997281677e-22, nan 
111.125, 79.625, 2.8036792909136645e-22, nan 
111.375, 79.625, 2.5275484452156275e-22, nan 
111.625, 79.625, 2.3101934856406265e-22, nan 
111.875, 79.625, 2.918148197366487e-22, nan 
112.125, 79.625, 3.1074094500052444e-22, nan 
112.375, 79.625, 3.783709631055363e-22, nan 
112.625, 79.625, 2.96728151659289e-22, nan 
112.875, 79.625, 2.2728865122702776e-22, nan 
113.125, 79.625, 2.52343587993277e-22, nan 
113.375, 79.625, 2.6596243758408747e-22, nan 
113.625, 79.625, 2.9489932457243473e-22, nan 
113.875, 79.625, 2.847032989815349e-22, nan 
114.125, 79.625, 2.6476059604606316e-22, nan 
114.375, 79.625, 2.7005841773909876e-22, nan 
114.625, 79.625, 2.7403675015465995e-22, nan 
114.875, 79.625, 2.957279725246767e-22, nan 
115.125, 79.625, 2.7634433042170806e-22, nan 
115.375, 79.625, 2.821336896245758e-22, nan 
115.625, 79.625, 2.7305316050789254e-22, nan 
115.875, 79.625, 2.9928330799640516e-22, nan 
116.125, 79.625, 3.8682921488634563e-22, nan 
116.375, 79.625, 3.6420472791519345e-22, nan 
116.625, 79.625, 2.7775483946395973e-22, nan 
116.875, 79.625, 2.679881796602108e-22, nan 
117.125, 79.625, 2.1117337193890782e-22, nan 
117.375, 79.625, 2.1844018748770984e-22, nan 
117.625, 79.625, 2.2537630087753884e-22, nan 
117.875, 79.625, 2.0752028832154891e-22, nan 
118.125, 79.625, 1.9883576321452288e-22, nan 
118.375, 79.625, 1.7055276791803994e-22, nan 
118.625, 79.625, 2.120049066900108e-22, nan 
118.875, 79.625, 2.558109793394176e-22, nan 
119.125, 79.625, 2.422991460184468e-22, nan 
119.375, 79.625, 2.539252412798787e-22, nan 
119.625, 79.625, 2.556005082611108e-22, nan 
119.875, 79.625, 2.9660711440866945e-22, nan 
120.125, 79.625, 2.6823389410387603e-22, nan 
120.375, 79.625, 2.2101879948125793e-22, nan 
120.625, 79.625, 2.687664042155691e-22, nan 
120.875, 79.625, 3.185338056184478e-22, nan 
121.125, 79.625, 3.355304275028932e-22, nan 
121.375, 79.625, 3.1109314612722293e-22, nan 
121.625, 79.625, 3.449080880290277e-22, nan 
121.875, 79.625, 3.5603419376739883e-22, nan 
122.125, 79.625, 2.8798271231909733e-22, nan 
122.375, 79.625, 2.36111418512109e-22, nan 
122.625, 79.625, 2.381429417689606e-22, nan 
122.875, 79.625, 3.172357949364426e-22, nan 
123.125, 79.625, 3.668281125957001e-22, nan 
123.375, 79.625, 3.065231716972365e-22, nan 
123.625, 79.625, 2.4244394654139447e-22, nan 
123.875, 79.625, 3.1346545965871156e-22, nan 
124.125, 79.625, 2.408076121185705e-22, nan 
124.375, 79.625, 2.2254030186881363e-22, nan 
124.625, 79.625, 2.96245312937374e-22, nan 
124.875, 79.625, 2.665830853070392e-22, nan 
125.125, 79.625, 2.8040848403257e-22, nan 
125.375, 79.625, 2.4016532363731136e-22, nan 
125.625, 79.625, 1.357234704193925e-22, nan 
125.875, 79.625, 2.0753655990115216e-22, nan 
126.125, 79.625, 2.1534066403142003e-22, nan 
126.375, 79.625, 1.466555413857392e-22, nan 
126.625, 79.625, 1.3078366517301248e-22, nan 
126.875, 79.625, 1.4305746120426207e-22, nan 
127.125, 79.625, 2.0518918217457467e-22, nan 
127.375, 79.625, 1.532090891790712e-22, nan 
127.625, 79.625, 1.1779494390742935e-22, nan 
127.875, 79.625, 1.8342367198016842e-22, nan 
128.125, 79.625, 1.7400933114725216e-22, nan 
128.375, 79.625, 1.8688445166098846e-22, nan 
128.625, 79.625, 2.10090401909073e-22, nan 
128.875, 79.625, 2.158688666729165e-22, nan 
129.125, 79.625, 2.248937426998603e-22, nan 
129.375, 79.625, 2.119050826963875e-22, nan 
129.625, 79.625, 1.7786877403820145e-22, nan 
129.875, 79.625, 2.2410945304810566e-22, nan 
130.125, 79.625, 3.3939769228025855e-22, nan 
130.375, 79.625, 2.935245277902499e-22, nan 
130.625, 79.625, 2.7427361621378386e-22, nan 
130.875, 79.625, 1.9226949720908422e-22, nan 
131.125, 79.625, 2.5138946288857544e-22, nan 
131.375, 79.625, 1.1318629897149592e-22, nan 
131.625, 79.625, 2.1926397773936247e-22, nan 
131.875, 79.625, 3.0653789913560787e-22, nan 
132.125, 79.625, 1.351707217970738e-22, nan 
132.375, 79.625, 2.8557372705638153e-22, nan 
132.625, 79.625, 3.0000087780639603e-22, nan 
132.875, 79.625, 4.0447557391599753e-22, nan 
133.125, 79.625, 4.441622780200942e-22, nan 
133.375, 79.625, 3.6268604776374996e-22, nan 
133.625, 79.625, 2.8516094795838882e-22, nan 
133.875, 79.625, 2.4506718845869915e-22, nan 
134.125, 79.625, 4.0061107422566257e-22, nan 
134.375, 79.625, 3.0268162611581837e-22, nan 
134.625, 79.625, 2.4654906126576007e-22, nan 
134.875, 79.625, 1.717232205326658e-22, nan 
135.125, 79.625, 3.5803598347698855e-22, nan 
135.375, 79.625, 4.072875501829786e-22, nan 
135.625, 79.625, 2.700511303317966e-22, nan 
135.875, 79.625, 3.8988529770304127e-22, nan 
136.125, 79.625, 3.465861996957324e-22, nan 
136.375, 79.625, 3.1714296022379885e-22, nan 
136.625, 79.625, 4.0397109732055183e-22, nan 
136.875, 79.625, 5.93343196197102e-22, nan 
137.125, 79.625, 7.803386750007894e-22, nan 
137.375, 79.625, 7.45044701243457e-22, nan 
137.625, 79.625, 7.02799379437225e-22, nan 
137.875, 79.625, 2.6737805464725295e-22, nan 
138.125, 79.625, 1.1882064811535845e-21, nan 
138.375, 79.625, 5.082209835779479e-22, nan 
138.625, 79.625, 1.4836670220617381e-21, nan 
138.875, 79.625, 1.6157791859431309e-21, nan 
139.125, 79.625, 7.099237619011789e-22, nan 
139.375, 79.625, 2.9386633570679577e-21, nan 
139.625, 79.625, 6.934634829008488e-22, nan 
139.875, 79.625, 1.2282942338229476e-21, nan 
140.125, 79.625, 1.329120165273026e-21, nan 
140.375, 79.625, 7.398842838880929e-22, nan 
140.625, 79.625, 1.976314224027698e-21, nan 
140.875, 79.625, 9.968954846213179e-22, nan 
141.125, 79.625, 9.572648249520713e-22, nan 
141.375, 79.625, 1.265897306242241e-21, nan 
141.625, 79.625, 1.3245865765825077e-21, nan 
141.875, 79.625, 1.0522620601987854e-21, nan 
142.125, 79.625, 1.203535023371444e-21, nan 
142.375, 79.625, 1.182762643227067e-21, nan 
142.625, 79.625, 1.320140465313227e-21, nan 
142.875, 79.625, 1.348313621732921e-21, nan 
143.125, 79.625, 1.1935443361474136e-21, nan 
143.375, 79.625, 1.1622526312357454e-21, nan 
143.625, 79.625, 9.901734081084983e-22, nan 
143.875, 79.625, 9.7497468009871e-22, nan 
144.125, 79.625, 8.404735311853289e-22, nan 
144.375, 79.625, 1.0847041416064542e-21, nan 
144.625, 79.625, 9.206779514228233e-22, nan 
144.875, 79.625, 1.0455919658616668e-21, nan 
145.125, 79.625, 1.0896373018306272e-21, nan 
145.375, 79.625, 1.1642424362288477e-21, nan 
145.625, 79.625, 1.2884075152419008e-21, nan 
145.875, 79.625, 1.0803069668581541e-21, nan 
146.125, 79.625, 1.2648950294100263e-21, nan 
146.375, 79.625, 1.1140848236322283e-21, nan 
146.625, 79.625, 8.2152328415068775e-22, nan 
146.875, 79.625, 8.28975383653749e-22, nan 
147.125, 79.625, 7.903584784974406e-22, nan 
147.375, 79.625, 6.688403908805374e-22, nan 
147.625, 79.625, 3.6174743825311074e-22, nan 
147.875, 79.625, 8.52788761540027e-22, nan 
148.125, 79.625, 9.742252278038016e-22, nan 
148.375, 79.625, 8.317634642125677e-22, nan 
148.625, 79.625, 9.09610963062333e-22, nan 
148.875, 79.625, 7.248585036986478e-22, nan 
149.125, 79.625, 1.152245308489401e-21, nan 
149.375, 79.625, 1.2295309484685956e-21, nan 
149.625, 79.625, 6.721654769498768e-22, nan 
149.875, 79.625, 6.418362091993388e-22, nan 
150.125, 79.625, 1.1603353282107936e-21, nan 
150.375, 79.625, 1.74545314982851e-21, nan 
150.625, 79.625, 2.2416652042117014e-21, nan 
150.875, 79.625, 1.67150740192063e-21, nan 
151.125, 79.625, 1.697704080012475e-21, nan 
151.375, 79.625, 1.5558810403740101e-21, nan 
151.625, 79.625, 2.4533289380225626e-21, nan 
151.875, 79.625, 2.3626297219485284e-21, nan 
152.125, 79.625, 2.581230979365703e-21, nan 
152.375, 79.625, 2.7498917674241817e-21, nan 
152.625, 79.625, 3.126828761025307e-21, nan 
152.875, 79.625, 1.6767727688837995e-21, nan 
153.125, 79.625, 9.633715666555404e-22, nan 
153.375, 79.625, 1.0237119257415127e-21, nan 
153.625, 79.625, 2.4637092429100182e-21, nan 
153.875, 79.625, 2.507154201223017e-21, nan 
154.125, 79.625, 2.9199100064521823e-21, nan 
154.375, 79.625, 2.672339659532391e-21, nan 
154.625, 79.625, 2.7161272156646864e-21, nan 
154.875, 79.625, 3.44547066554732e-21, nan 
155.125, 79.625, 4.0812550602772086e-21, nan 
155.375, 79.625, 4.660004915976918e-21, nan 
155.625, 79.625, 4.824732013225478e-21, nan 
155.875, 79.625, 5.1923920224868624e-21, nan 
156.125, 79.625, 6.044336675462291e-21, nan 
156.375, 79.625, 6.755288710115135e-21, nan 
156.625, 79.625, 6.739267812952374e-21, nan 
156.875, 79.625, 7.071735158942648e-21, nan 
157.125, 79.625, 6.751166150675227e-21, nan 
157.375, 79.625, 7.537780013000445e-21, nan 
157.625, 79.625, 7.893841166384186e-21, nan 
157.875, 79.625, 8.901709472476498e-21, nan 
158.125, 79.625, 7.432298361784624e-21, nan 
158.375, 79.625, 5.998719515049463e-21, nan 
158.625, 79.625, 3.9084414535849866e-21, nan 
158.875, 79.625, 6.388385807379239e-21, nan 
159.125, 79.625, 9.79887146629591e-21, nan 
159.375, 79.625, 1.4512852110908302e-20, nan 
159.625, 79.625, 1.1196419515365e-20, nan 
159.875, 79.625, 6.916634069682087e-21, nan 
160.125, 79.625, 7.07805965074693e-21, nan 
160.375, 79.625, 1.3531289253296923e-20, nan 
160.625, 79.625, 1.473652518487285e-20, nan 
160.875, 79.625, 1.08881764485721e-20, nan 
161.125, 79.625, 8.669108001185355e-21, nan 
161.375, 79.625, 4.391319822831544e-21, nan 
161.625, 79.625, 5.5388913462463294e-21, nan 
161.875, 79.625, 7.73068807638874e-21, nan 
162.125, 79.625, 6.177577208383213e-21, nan 
162.375, 79.625, 6.3252776679325575e-21, nan 
162.625, 79.625, 6.073983514033928e-21, nan 
162.875, 79.625, 8.066208625856688e-21, nan 
163.125, 79.625, 6.515038363638434e-21, nan 
163.375, 79.625, 1.5097364908746986e-20, nan 
163.625, 79.625, 9.3114278982172e-21, nan 
163.875, 79.625, 9.256577992160905e-21, nan 
164.125, 79.625, 8.567222797685896e-21, nan 
164.375, 79.625, 7.955178471357773e-21, nan 
164.625, 79.625, 1.3076705666758162e-20, nan 
164.875, 79.625, 1.0627179445706605e-20, nan 
165.125, 79.625, 1.2107026326533567e-20, nan 
165.375, 79.625, 1.558138676012839e-20, nan 
165.625, 79.625, 1.7238072534955955e-20, nan 
165.875, 79.625, 1.1159385819811418e-20, nan 
166.125, 79.625, 1.3403324990603012e-20, nan 
166.375, 79.625, 1.8240482088769977e-20, nan 
166.625, 79.625, 2.5721419352312475e-20, nan 
166.875, 79.625, 2.6840377200065722e-20, nan 
167.125, 79.625, 2.2990117563929655e-20, nan 
167.375, 79.625, 2.1872722968392706e-20, nan 
167.625, 79.625, 2.5161867652820513e-20, nan 
167.875, 79.625, 3.2607710398636564e-20, nan 
168.125, 79.625, 2.739964934521884e-20, nan 
168.375, 79.625, 1.9469754648064463e-20, nan 
168.625, 79.625, 1.9824489450623597e-20, nan 
168.875, 79.625, 2.14513173103456e-20, nan 
169.125, 79.625, 2.411355650550478e-20, nan 
169.375, 79.625, 2.3077181366344673e-20, nan 
169.625, 79.625, 2.224037908135184e-20, nan 
169.875, 79.625, 2.167278461684081e-20, nan 
170.125, 79.625, 2.745590934395015e-20, nan 
170.375, 79.625, 1.8610032532281493e-20, nan 
170.625, 79.625, 2.037528629858226e-20, nan 
170.875, 79.625, 1.951511769958891e-20, nan 
171.125, 79.625, 2.5333868331364496e-20, nan 
171.375, 79.625, 2.0659490778096814e-20, nan 
171.625, 79.625, 2.023228384712236e-20, nan 
171.875, 79.625, 2.1837437662143868e-20, nan 
172.125, 79.625, 1.5893529428863533e-20, nan 
172.375, 79.625, 1.6320969487511042e-20, nan 
172.625, 79.625, 1.417788134374234e-20, nan 
172.875, 79.625, 1.3432755510725271e-20, nan 
173.125, 79.625, 1.6276473273965433e-20, nan 
173.375, 79.625, 1.807034923939017e-20, nan 
173.625, 79.625, 1.97756337060833e-20, nan 
173.875, 79.625, 1.9643234720211385e-20, nan 
174.125, 79.625, 1.9590863977028594e-20, nan 
174.375, 79.625, 2.122833232638119e-20, nan 
174.625, 79.625, 2.0285620171922598e-20, nan 
174.875, 79.625, 2.2566013782309312e-20, nan 
175.125, 79.625, 1.7191065297875515e-20, nan 
175.375, 79.625, 1.9664510375328107e-20, nan 
175.625, 79.625, 1.67253104317426e-20, nan 
175.875, 79.625, 1.8267417620750937e-20, nan 
176.125, 79.625, 1.722059748702853e-20, nan 
176.375, 79.625, 1.535336014319338e-20, nan 
176.625, 79.625, 1.404841790094734e-20, nan 
176.875, 79.625, 1.499234360144414e-20, nan 
177.125, 79.625, 1.3596893736926134e-20, nan 
177.375, 79.625, 1.389140356108704e-20, nan 
177.625, 79.625, 1.2180109964212492e-20, nan 
177.875, 79.625, 1.2651960018888252e-20, nan 
178.125, 79.625, 1.226586890815982e-20, nan 
178.375, 79.625, 1.1530083592203595e-20, nan 
178.625, 79.625, 1.0434085188871034e-20, nan 
178.875, 79.625, 1.0892894606904988e-20, nan 
179.125, 79.625, 9.828059061179053e-21, nan 
179.375, 79.625, 1.0422032053431095e-20, nan 
179.625, 79.625, 8.925935089451547e-21, nan 
179.875, 79.625, 9.900901819973571e-21, nan 
-179.875, 79.875, 7.825227731939891e-21, nan 
-179.625, 79.875, 8.161017937843242e-21, nan 
-179.375, 79.875, 7.592515777595936e-21, nan 
-179.125, 79.875, 7.637481378425109e-21, nan 
-178.875, 79.875, 7.119078446375871e-21, nan 
-178.625, 79.875, 6.858739857045268e-21, nan 
-178.375, 79.875, 7.074784402329025e-21, nan 
-178.125, 79.875, 6.5919802958829234e-21, nan 
-177.875, 79.875, 6.507180537141734e-21, nan 
-177.625, 79.875, 5.755703451602383e-21, nan 
-177.375, 79.875, 5.748719825090382e-21, nan 
-177.125, 79.875, 6.01796778102133e-21, nan 
-176.875, 79.875, 5.463074518477621e-21, nan 
-176.625, 79.875, 5.843343750766237e-21, nan 
-176.375, 79.875, 4.898700401235674e-21, nan 
-176.125, 79.875, 4.641037437446245e-21, nan 
-175.875, 79.875, 5.282680742963712e-21, nan 
-175.625, 79.875, 4.803344977649873e-21, nan 
-175.375, 79.875, 4.3766962976676884e-21, nan 
-175.125, 79.875, 4.318960749753353e-21, nan 
-174.875, 79.875, 4.071570366782187e-21, nan 
-174.625, 79.875, 4.003939778114105e-21, nan 
-174.375, 79.875, 4.003218200456611e-21, nan 
-174.125, 79.875, 3.714143223663639e-21, nan 
-173.875, 79.875, 3.884032637128768e-21, nan 
-173.625, 79.875, 3.710580781286846e-21, nan 
-173.375, 79.875, 3.658034342987524e-21, nan 
-173.125, 79.875, 3.5541562391573835e-21, nan 
-172.875, 79.875, 3.362922950395717e-21, nan 
-172.625, 79.875, 3.203926899272077e-21, nan 
-172.375, 79.875, 3.3376771353491594e-21, nan 
-172.125, 79.875, 3.0959863166097617e-21, nan 
-171.875, 79.875, 3.106062267897975e-21, nan 
-171.625, 79.875, 2.741260874912608e-21, nan 
-171.375, 79.875, 3.0539849699795043e-21, nan 
-171.125, 79.875, 2.935789926850996e-21, nan 
-170.875, 79.875, 3.049453468211393e-21, nan 
-170.625, 79.875, 2.5766899842555168e-21, nan 
-170.375, 79.875, 2.5814337784143657e-21, nan 
-170.125, 79.875, 2.5896313067191865e-21, nan 
-169.875, 79.875, 2.800382012945067e-21, nan 
-169.625, 79.875, 2.534064135218279e-21, nan 
-169.375, 79.875, 2.2949567088187607e-21, nan 
-169.125, 79.875, 2.4610313142773e-21, nan 
-168.875, 79.875, 2.014825718881622e-21, nan 
-168.625, 79.875, 2.277679334639658e-21, nan 
-168.375, 79.875, 2.1936805176604608e-21, nan 
-168.125, 79.875, 2.0819828348526418e-21, nan 
-167.875, 79.875, 2.193228459877987e-21, nan 
-167.625, 79.875, 1.949806956761999e-21, nan 
-167.375, 79.875, 1.9218331559682326e-21, nan 
-167.125, 79.875, 2.3018695404822553e-21, nan 
-166.875, 79.875, 2.020312957786103e-21, nan 
-166.625, 79.875, 2.0714974186048134e-21, nan 
-166.375, 79.875, 1.70484010377934e-21, nan 
-166.125, 79.875, 1.7990405375247036e-21, nan 
-165.875, 79.875, 1.745934019962435e-21, nan 
-165.625, 79.875, 1.7882697131296973e-21, nan 
-165.375, 79.875, 1.5963985088236903e-21, nan 
-165.125, 79.875, 1.5169648413385244e-21, nan 
-164.875, 79.875, 1.4596772709000811e-21, nan 
-164.625, 79.875, 1.472364875138442e-21, nan 
-164.375, 79.875, 1.3543907124056906e-21, nan 
-164.125, 79.875, 1.3437689221611061e-21, nan 
-163.875, 79.875, 1.1789472146928019e-21, nan 
-163.625, 79.875, 1.3233012825637998e-21, nan 
-163.375, 79.875, 1.2137671930813636e-21, nan 
-163.125, 79.875, 1.1962598794239587e-21, nan 
-162.875, 79.875, 1.2049314745757508e-21, nan 
-162.625, 79.875, 1.0625917617909446e-21, nan 
-162.375, 79.875, 1.10285528098073e-21, nan 
-162.125, 79.875, 1.1102333327115652e-21, nan 
-161.875, 79.875, 1.2143605575645645e-21, nan 
-161.625, 79.875, 1.0167529724099006e-21, nan 
-161.375, 79.875, 1.1068126063895317e-21, nan 
-161.125, 79.875, 9.135714822231682e-22, nan 
-160.875, 79.875, 1.028711409589359e-21, nan 
-160.625, 79.875, 9.19182903657339e-22, nan 
-160.375, 79.875, 9.500883953463409e-22, nan 
-160.125, 79.875, 8.812212664065665e-22, nan 
-159.875, 79.875, 8.657815627139861e-22, nan 
-159.625, 79.875, 7.872618971817213e-22, nan 
-159.375, 79.875, 8.077621525480753e-22, nan 
-159.125, 79.875, 8.126118412801618e-22, nan 
-158.875, 79.875, 8.193316209635217e-22, nan 
-158.625, 79.875, 7.789167922347849e-22, nan 
-158.375, 79.875, 7.346887126452736e-22, nan 
-158.125, 79.875, 6.56312600384481e-22, nan 
-157.875, 79.875, 7.199581850249736e-22, nan 
-157.625, 79.875, 6.854700797381213e-22, nan 
-157.375, 79.875, 6.754419444179625e-22, nan 
-157.125, 79.875, 7.465417164379483e-22, nan 
-156.875, 79.875, 5.46180540319797e-22, nan 
-156.625, 79.875, 6.489736193585502e-22, nan 
-156.375, 79.875, 5.874684394210243e-22, nan 
-156.125, 79.875, 6.043607136243336e-22, nan 
-155.875, 79.875, 5.711823315650403e-22, nan 
-155.625, 79.875, 5.46345635125714e-22, nan 
-155.375, 79.875, 5.836920445661649e-22, nan 
-155.125, 79.875, 5.659243887512474e-22, nan 
-154.875, 79.875, 5.629250373456765e-22, nan 
-154.625, 79.875, 5.352479484669354e-22, nan 
-154.375, 79.875, 4.880814588614224e-22, nan 
-154.125, 79.875, 4.773599707715854e-22, nan 
-153.875, 79.875, 4.597391842947058e-22, nan 
-153.625, 79.875, 4.56174074783791e-22, nan 
-153.375, 79.875, 4.1630371874263854e-22, nan 
-153.125, 79.875, 4.311551015683568e-22, nan 
-152.875, 79.875, 4.354297706741205e-22, nan 
-152.625, 79.875, 4.2029326646751976e-22, nan 
-152.375, 79.875, 4.608758786521277e-22, nan 
-152.125, 79.875, 4.730289756861469e-22, nan 
-151.875, 79.875, 4.560200022017748e-22, nan 
-151.625, 79.875, 4.527906207804663e-22, nan 
-151.375, 79.875, 4.673991753871396e-22, nan 
-151.125, 79.875, 4.328804504810082e-22, nan 
-150.875, 79.875, 5.205398614912721e-22, nan 
-150.625, 79.875, 4.798885089015745e-22, nan 
-150.375, 79.875, 4.293053177499675e-22, nan 
-150.125, 79.875, 4.397485737951424e-22, nan 
-149.875, 79.875, 4.58926842161467e-22, nan 
-149.625, 79.875, 4.638050901570544e-22, nan 
-149.375, 79.875, 4.659876408459892e-22, nan 
-149.125, 79.875, 4.0895672691623423e-22, nan 
-148.875, 79.875, 4.19685575883287e-22, nan 
-148.625, 79.875, 4.546833263285033e-22, nan 
-148.375, 79.875, 4.093495969280307e-22, nan 
-148.125, 79.875, 4.154478557621962e-22, nan 
-147.875, 79.875, 4.1496722357853676e-22, nan 
-147.625, 79.875, 3.633535725096236e-22, nan 
-147.375, 79.875, 3.826097315369183e-22, nan 
-147.125, 79.875, 4.357766600201692e-22, nan 
-146.875, 79.875, 3.7056397897297e-22, nan 
-146.625, 79.875, 3.897878605493006e-22, nan 
-146.375, 79.875, 4.25934464324871e-22, nan 
-146.125, 79.875, 4.0375280492445505e-22, nan 
-145.875, 79.875, 3.3761664445047285e-22, nan 
-145.625, 79.875, 3.9252967579885325e-22, nan 
-145.375, 79.875, 3.7806014117278186e-22, nan 
-145.125, 79.875, 4.0562552830010106e-22, nan 
-144.875, 79.875, 3.699643618507484e-22, nan 
-144.625, 79.875, 3.799147275913496e-22, nan 
-144.375, 79.875, 4.180069258143744e-22, nan 
-144.125, 79.875, 3.648903262468213e-22, nan 
-143.875, 79.875, 3.477406774532834e-22, nan 
-143.625, 79.875, 3.7578399832244307e-22, nan 
-143.375, 79.875, 3.4588124018806797e-22, nan 
-143.125, 79.875, 3.5908455845257637e-22, nan 
-142.875, 79.875, 3.453753642286324e-22, nan 
-142.625, 79.875, 3.624362777229741e-22, nan 
-142.375, 79.875, 3.129765901933848e-22, nan 
-142.125, 79.875, 3.403841019028833e-22, nan 
-141.875, 79.875, 3.254275382662908e-22, nan 
-141.625, 79.875, 3.363850562671072e-22, nan 
-141.375, 79.875, 2.6009891736401576e-22, nan 
-141.125, 79.875, 2.051984033971893e-22, nan 
-140.875, 79.875, 1.7890319674149539e-22, nan 
-140.625, 79.875, 2.6467798838355787e-22, nan 
-140.375, 79.875, 1.3620413941962562e-22, nan 
-140.125, 79.875, 2.4119044408513335e-22, nan 
-139.875, 79.875, 3.2562062036706555e-22, nan 
-139.625, 79.875, 3.1120953448574614e-22, nan 
-139.375, 79.875, 2.3334335037213427e-22, nan 
-139.125, 79.875, 2.7404726587219294e-22, nan 
-138.875, 79.875, 2.9466091143810465e-22, nan 
-138.625, 79.875, 2.7549852053687794e-22, nan 
-138.375, 79.875, 2.9764963604562785e-22, nan 
-138.125, 79.875, 2.3958875483492106e-22, nan 
-137.875, 79.875, 2.7179721575769126e-22, nan 
-137.625, 79.875, 2.9368020487274763e-22, nan 
-137.375, 79.875, 2.792017574204636e-22, nan 
-137.125, 79.875, 2.35914292826336e-22, nan 
-136.875, 79.875, 2.510228560661787e-22, nan 
-136.625, 79.875, 2.592872136189432e-22, nan 
-136.375, 79.875, 2.788058153997139e-22, nan 
-136.125, 79.875, 2.430261852282731e-22, nan 
-135.875, 79.875, 2.5637176868364965e-22, nan 
-135.625, 79.875, 2.544333774479637e-22, nan 
-135.375, 79.875, 2.5584562566798625e-22, nan 
-135.125, 79.875, 2.2775592375987947e-22, nan 
-134.875, 79.875, 2.0776066589239466e-22, nan 
-134.625, 79.875, 2.5774678169857405e-22, nan 
-134.375, 79.875, 2.6916245937483936e-22, nan 
-134.125, 79.875, 2.8013093471642056e-22, nan 
-133.875, 79.875, 2.1681132746230518e-22, nan 
-133.625, 79.875, 2.250669234707933e-22, nan 
-133.375, 79.875, 2.3265950028058645e-22, nan 
-133.125, 79.875, 2.8710493477619224e-22, nan 
-132.875, 79.875, 2.1287542551640027e-22, nan 
-132.625, 79.875, 2.249894511572732e-22, nan 
-132.375, 79.875, 2.458164750947356e-22, nan 
-132.125, 79.875, 2.3596391079216784e-22, nan 
-131.875, 79.875, 2.3925392248515983e-22, nan 
-131.625, 79.875, 2.12963369325006e-22, nan 
-131.375, 79.875, 2.508258771539212e-22, nan 
-131.125, 79.875, 2.0932232944084617e-22, nan 
-130.875, 79.875, 2.3838522141455177e-22, nan 
-130.625, 79.875, 2.229785469289529e-22, nan 
-130.375, 79.875, 2.4944786704622984e-22, nan 
-130.125, 79.875, 3.021983161076075e-22, nan 
-129.875, 79.875, 4.1747622874688502e-22, nan 
-129.625, 79.875, 3.4952761449448274e-22, nan 
-129.375, 79.875, 1.7968311088516691e-22, nan 
-129.125, 79.875, 1.449892944681101e-22, nan 
-128.875, 79.875, 2.1889601065992665e-22, nan 
-128.625, 79.875, 1.274071270225435e-22, nan 
-128.375, 79.875, 9.499234555445549e-23, nan 
-128.125, 79.875, 1.135452729206263e-22, nan 
-127.875, 79.875, 1.0032094153777381e-22, nan 
-127.625, 79.875, 1.0506329106908603e-22, nan 
-127.375, 79.875, 5.727985947304599e-23, nan 
-127.125, 79.875, 8.824703595843811e-23, nan 
-126.875, 79.875, 7.154744854940412e-23, nan 
-126.625, 79.875, 5.097857238841516e-23, nan 
-126.375, 79.875, 7.211874146490505e-23, nan 
-126.125, 79.875, 1.1137657604034279e-22, nan 
-125.875, 79.875, 1.2344416314701922e-22, nan 
-125.625, 79.875, 8.981605671395659e-23, nan 
-125.375, 79.875, 8.683208763745962e-23, nan 
-125.125, 79.875, 8.456252635644251e-23, nan 
-124.875, 79.875, 8.644059355851e-23, nan 
-124.625, 79.875, 8.751975790006316e-23, nan 
-124.375, 79.875, 6.196048724599639e-23, nan 
-124.125, 79.875, 6.638517950731735e-23, nan 
-123.875, 79.875, 7.371938881946537e-23, nan 
-123.625, 79.875, 6.064754444290497e-23, nan 
-123.375, 79.875, 9.071852759807381e-23, nan 
-123.125, 79.875, 1.143412117179926e-22, nan 
-122.875, 79.875, 9.482589953405211e-23, nan 
-122.625, 79.875, 9.426644231427075e-23, nan 
-122.375, 79.875, 1.0959695046827925e-22, nan 
-122.125, 79.875, 1.0040045832983195e-22, nan 
-121.875, 79.875, 9.521437122731753e-23, nan 
-121.625, 79.875, 8.593337659074127e-23, nan 
-121.375, 79.875, 7.933755549518171e-23, nan 
-121.125, 79.875, 9.111076992244502e-23, nan 
-120.875, 79.875, 7.615213775333417e-23, nan 
-120.625, 79.875, 6.228460664416151e-23, nan 
-120.375, 79.875, 6.163196856076573e-23, nan 
-120.125, 79.875, 5.289839553120694e-23, nan 
-119.875, 79.875, 5.734019461938139e-23, nan 
-119.625, 79.875, 4.948367859319626e-23, nan 
-119.375, 79.875, 4.616071681845961e-23, nan 
-119.125, 79.875, 4.4703677957480134e-23, nan 
-118.875, 79.875, 5.076899116776369e-23, nan 
-118.625, 79.875, 4.4517971938836335e-23, nan 
-118.375, 79.875, 5.072215281168348e-23, nan 
-118.125, 79.875, 5.1529621933201743e-23, nan 
-117.875, 79.875, 5.417947502774331e-23, nan 
-117.625, 79.875, 6.060612780561683e-23, nan 
-117.375, 79.875, 6.38867923214295e-23, nan 
-117.125, 79.875, 6.464579229656535e-23, nan 
-116.875, 79.875, 7.049239224745846e-23, nan 
-116.625, 79.875, 7.861415866309956e-23, nan 
-116.375, 79.875, 8.177619569918114e-23, nan 
-116.125, 79.875, 8.799834591171702e-23, nan 
-115.875, 79.875, 1.0695042415448855e-22, nan 
-115.625, 79.875, 1.1297729937332495e-22, nan 
-115.375, 79.875, 1.250538076430042e-22, nan 
-115.125, 79.875, 1.3789066850890709e-22, nan 
-114.875, 79.875, 1.395772663466702e-22, nan 
-114.625, 79.875, 1.4658846431915693e-22, nan 
-114.375, 79.875, 1.2378417121594732e-22, nan 
-114.125, 79.875, 1.173746713467435e-22, nan 
-113.875, 79.875, 1.1422262921870591e-22, nan 
-113.625, 79.875, 1.1479329364655171e-22, nan 
-113.375, 79.875, 9.904281524206926e-23, nan 
-113.125, 79.875, 8.4059199818032e-23, nan 
-112.875, 79.875, 1.2135594939890613e-22, nan 
-112.625, 79.875, 1.0520078110041187e-22, nan 
-112.375, 79.875, 1.1761762956341144e-22, nan 
-112.125, 79.875, 1.0654234941768855e-22, nan 
-111.875, 79.875, 8.357498614715797e-23, nan 
-111.625, 79.875, 9.286660259527057e-23, nan 
-111.375, 79.875, 1.0591623394615815e-22, nan 
-111.125, 79.875, 1.2616207604693228e-22, nan 
-110.875, 79.875, 1.2805222111156759e-22, nan 
-110.625, 79.875, 1.0163182015297954e-22, nan 
-110.375, 79.875, 8.885173736574907e-23, nan 
-110.125, 79.875, 9.90618388957873e-23, nan 
-109.875, 79.875, 9.863033744814813e-23, nan 
-109.625, 79.875, 9.022096430590545e-23, nan 
-109.375, 79.875, 6.421419258374447e-23, nan 
-109.125, 79.875, 5.0956879316832927e-23, nan 
-108.875, 79.875, 7.716562707893327e-23, nan 
-108.625, 79.875, 7.134574364365947e-23, nan 
-108.375, 79.875, 8.583143050882921e-23, nan 
-108.125, 79.875, 4.507495661863909e-23, nan 
-107.875, 79.875, 7.041935905782503e-23, nan 
-107.625, 79.875, 7.202365626771569e-23, nan 
-107.375, 79.875, 7.580314818888592e-23, nan 
-107.125, 79.875, 5.757150606067149e-23, nan 
-106.875, 79.875, 5.904750185014896e-23, nan 
-106.625, 79.875, 2.259862250848616e-23, nan 
-106.375, 79.875, 8.500297759276064e-23, nan 
-106.125, 79.875, 8.631337085150283e-23, nan 
-105.875, 79.875, 5.731206981826242e-23, nan 
-105.625, 79.875, 8.994693940677414e-23, nan 
-105.375, 79.875, 4.742545390312582e-23, nan 
-105.125, 79.875, 7.173788366288403e-23, nan 
-104.875, 79.875, 7.794293511539436e-23, nan 
-104.625, 79.875, 8.376961562464143e-23, nan 
-104.375, 79.875, 8.624273331586427e-23, nan 
-104.125, 79.875, 5.475580847733991e-23, nan 
-103.875, 79.875, 5.446873886897571e-23, nan 
-103.625, 79.875, 4.5704599650026073e-23, nan 
-103.375, 79.875, 5.654628632898005e-23, nan 
-103.125, 79.875, 4.138281818631589e-23, nan 
-102.875, 79.875, 5.493259215052606e-23, nan 
-102.625, 79.875, 4.562445511538265e-23, nan 
-102.375, 79.875, 3.462823207499218e-23, nan 
-102.125, 79.875, 4.441830142373509e-23, nan 
-101.875, 79.875, 4.2801042429283073e-23, nan 
-101.625, 79.875, 4.958039921392139e-23, nan 
-101.375, 79.875, 4.384128952124376e-23, nan 
-101.125, 79.875, 2.540003459858411e-23, nan 
-100.875, 79.875, 1.472557129577365e-23, nan 
-100.625, 79.875, 2.0031830103321614e-23, nan 
-100.375, 79.875, 1.2472429147678689e-23, nan 
-100.125, 79.875, 9.167758752180686e-24, nan 
-99.875, 79.875, 1.5185933734008736e-23, nan 
-99.625, 79.875, 2.6604110132785675e-23, nan 
-99.375, 79.875, 1.2218791469179712e-23, nan 
-99.125, 79.875, 1.2486509768158976e-23, nan 
-98.875, 79.875, 1.4964043988419113e-23, nan 
-98.625, 79.875, 8.018707023280624e-24, nan 
-98.375, 79.875, 3.0274114528210598e-24, nan 
-98.125, 79.875, 1.1774443680227846e-23, nan 
-97.875, 79.875, 1.5491191021432516e-23, nan 
-97.625, 79.875, 1.493482983915409e-23, nan 
-97.375, 79.875, 1.300179310576302e-23, nan 
-97.125, 79.875, 2.824179873409779e-23, nan 
-96.875, 79.875, 4.1883528081734086e-23, nan 
-96.625, 79.875, 4.203465713054377e-23, nan 
-96.375, 79.875, 3.5399255670183056e-23, nan 
-96.125, 79.875, 4.149911753076054e-23, nan 
-95.875, 79.875, 3.775924753595808e-23, nan 
-95.625, 79.875, 4.2574224729851176e-23, nan 
-95.375, 79.875, 3.977996296625908e-23, nan 
-95.125, 79.875, 2.666333837480854e-23, nan 
67.125, 79.875, 4.3712793202932736e-23, nan 
67.375, 79.875, 4.1450548142516006e-23, nan 
67.625, 79.875, 4.1550008321629177e-23, nan 
67.875, 79.875, 4.415079014723521e-23, nan 
68.125, 79.875, 4.72421515803516e-23, nan 
68.375, 79.875, 5.2767346627839095e-23, nan 
68.625, 79.875, 4.48150220817569e-23, nan 
68.875, 79.875, 3.607578511557127e-23, nan 
69.125, 79.875, 4.2000089229051353e-23, nan 
69.375, 79.875, 3.4512200067492705e-23, nan 
69.625, 79.875, 3.0872571901362656e-23, nan 
69.875, 79.875, 2.929333509703264e-23, nan 
70.125, 79.875, 3.850911559307899e-23, nan 
70.375, 79.875, 4.1676395400235205e-23, nan 
70.625, 79.875, 4.226183777773379e-23, nan 
70.875, 79.875, 3.3781833584223956e-23, nan 
71.125, 79.875, 3.1702734636986714e-23, nan 
71.375, 79.875, 3.1037651670185333e-23, nan 
71.625, 79.875, 3.2174859952995295e-23, nan 
71.875, 79.875, 4.644330431000835e-23, nan 
72.125, 79.875, 3.729936198110178e-23, nan 
72.375, 79.875, 3.8597339729728085e-23, nan 
72.625, 79.875, 5.827688465941085e-23, nan 
72.875, 79.875, 7.979808622028063e-23, nan 
73.125, 79.875, 6.846503086637745e-23, nan 
73.375, 79.875, 5.0991182809924275e-23, nan 
73.625, 79.875, 5.426107843459501e-23, nan 
73.875, 79.875, 8.886064222179984e-23, nan 
74.125, 79.875, 1.3660949167246698e-22, nan 
74.375, 79.875, 1.2791476308785822e-22, nan 
74.625, 79.875, 1.152718522038276e-22, nan 
74.875, 79.875, 5.604081815045215e-23, nan 
75.125, 79.875, 6.62755290218995e-23, nan 
75.375, 79.875, 8.30719674077187e-23, nan 
75.625, 79.875, 8.285788427285591e-23, nan 
75.875, 79.875, 8.389220807053155e-23, nan 
76.125, 79.875, 5.568724652735046e-23, nan 
76.375, 79.875, 5.65215925832641e-23, nan 
76.625, 79.875, 4.980075398609263e-23, nan 
76.875, 79.875, 4.518362572834758e-23, nan 
77.125, 79.875, 3.6548677576409225e-23, nan 
77.375, 79.875, 4.059397603790913e-23, nan 
77.625, 79.875, 3.656915649623832e-23, nan 
77.875, 79.875, 4.4611741170725784e-23, nan 
78.125, 79.875, 4.651356935383051e-23, nan 
78.375, 79.875, 3.9799781189236e-23, nan 
78.625, 79.875, 4.9051366154519386e-23, nan 
78.875, 79.875, 5.268872128860095e-23, nan 
79.125, 79.875, 4.5092131214984746e-23, nan 
79.375, 79.875, 4.1235380940216695e-23, nan 
79.625, 79.875, 5.413841582654013e-23, nan 
79.875, 79.875, 4.677064841960094e-23, nan 
80.125, 79.875, 4.35097962743529e-23, nan 
80.375, 79.875, 3.22706605768406e-23, nan 
80.625, 79.875, 3.9250797027041934e-23, nan 
80.875, 79.875, 4.6175876719915375e-23, nan 
81.125, 79.875, 3.681893491426625e-23, nan 
81.375, 79.875, 2.6511081151129035e-23, nan 
81.625, 79.875, 2.4133876355069384e-23, nan 
81.875, 79.875, 2.5659345284199573e-23, nan 
82.125, 79.875, 4.9479597711176927e-23, nan 
82.375, 79.875, 3.0895140273187677e-23, nan 
82.625, 79.875, 3.300272613362161e-23, nan 
82.875, 79.875, 4.875161203525023e-23, nan 
83.125, 79.875, 3.9476457454704426e-23, nan 
83.375, 79.875, 4.406636840713496e-23, nan 
83.625, 79.875, 2.77093990241311e-23, nan 
83.875, 79.875, 2.988575474566271e-23, nan 
84.125, 79.875, 3.9713554122548955e-23, nan 
84.375, 79.875, 2.609876231146184e-23, nan 
84.625, 79.875, 3.1720241288580037e-23, nan 
84.875, 79.875, 2.802063221277065e-23, nan 
85.125, 79.875, 1.4166326776804505e-23, nan 
85.375, 79.875, 3.175707661660383e-23, nan 
85.625, 79.875, 1.6535322810841186e-23, nan 
85.875, 79.875, 3.4690822748729316e-23, nan 
86.125, 79.875, 3.6031052733711995e-23, nan 
86.375, 79.875, 3.555384929580521e-23, nan 
86.625, 79.875, 3.978432834159174e-23, nan 
86.875, 79.875, 5.375479087397774e-23, nan 
87.125, 79.875, 4.9667091054487994e-23, nan 
87.375, 79.875, 3.9526113136924545e-23, nan 
87.625, 79.875, 3.214661902563223e-23, nan 
87.875, 79.875, 2.469434010986084e-23, nan 
88.125, 79.875, 4.9280074482845925e-23, nan 
88.375, 79.875, 4.9884075312318295e-23, nan 
88.625, 79.875, 1.391805551149152e-23, nan 
88.875, 79.875, 1.2963254895772696e-23, nan 
89.125, 79.875, 1.4609555796078326e-23, nan 
89.375, 79.875, 3.3031102398528595e-23, nan 
89.625, 79.875, 5.802969281818579e-23, nan 
89.875, 79.875, 4.195380258642813e-23, nan 
90.125, 79.875, 2.5120836957920931e-23, nan 
90.375, 79.875, 1.714833143500138e-23, nan 
90.625, 79.875, 1.8583319651133077e-23, nan 
90.875, 79.875, 5.0831175019458386e-23, nan 
91.125, 79.875, 5.0213541619507236e-23, nan 
91.375, 79.875, 5.1992341163920916e-23, nan 
91.625, 79.875, 4.6502358117673044e-23, nan 
91.875, 79.875, 4.458631001030693e-23, nan 
92.125, 79.875, 5.856248762767017e-23, nan 
92.375, 79.875, 5.767408359838311e-23, nan 
92.625, 79.875, 6.521217376200464e-23, nan 
92.875, 79.875, 6.215714390088307e-23, nan 
93.125, 79.875, 6.26990699459821e-23, nan 
93.375, 79.875, 4.990362499678211e-23, nan 
93.625, 79.875, 3.810519280777319e-23, nan 
93.875, 79.875, 3.4825909074913605e-23, nan 
94.125, 79.875, 5.0542572712607126e-23, nan 
94.375, 79.875, 6.584037329571056e-23, nan 
94.625, 79.875, 5.359343768692811e-23, nan 
94.875, 79.875, 3.0725745111322934e-23, nan 
95.125, 79.875, 3.685388432904678e-23, nan 
95.375, 79.875, 1.916599599998867e-23, nan 
95.625, 79.875, 2.548376717456071e-23, nan 
95.875, 79.875, 2.0209936676114227e-23, nan 
96.125, 79.875, 3.066798379290061e-23, nan 
96.375, 79.875, 1.8321510602484315e-23, nan 
96.625, 79.875, 7.040756939330526e-23, nan 
96.875, 79.875, 3.7394905192901284e-23, nan 
97.125, 79.875, 2.605499144817603e-23, nan 
97.375, 79.875, 5.525853498483477e-23, nan 
97.625, 79.875, 4.24391606234423e-23, nan 
97.875, 79.875, 1.4615084191238434e-22, nan 
98.125, 79.875, 6.334109484761014e-23, nan 
98.375, 79.875, 4.585467709255564e-23, nan 
98.625, 79.875, 5.697240740826451e-23, nan 
98.875, 79.875, 4.373821892418932e-23, nan 
99.125, 79.875, 7.501697806544326e-23, nan 
99.375, 79.875, 4.778702196062666e-23, nan 
99.625, 79.875, 2.9701659469368493e-23, nan 
99.875, 79.875, 4.3180873266979997e-23, nan 
100.125, 79.875, 3.8186687045885737e-23, nan 
100.375, 79.875, 3.260744046461043e-23, nan 
100.625, 79.875, 3.7019361768078866e-23, nan 
100.875, 79.875, 3.226801713231189e-23, nan 
101.125, 79.875, 3.300290016677502e-23, nan 
101.375, 79.875, 3.145743196262227e-23, nan 
101.625, 79.875, 1.854920926273146e-23, nan 
101.875, 79.875, 3.38409561604928e-23, nan 
102.125, 79.875, 2.6822493769365133e-23, nan 
102.375, 79.875, 4.6890292821725854e-23, nan 
102.625, 79.875, 3.404170821877885e-23, nan 
102.875, 79.875, 1.958614963722359e-23, nan 
103.125, 79.875, 2.0479151399664233e-23, nan 
103.375, 79.875, 3.1386161766204607e-23, nan 
103.625, 79.875, 4.431827058294595e-23, nan 
103.875, 79.875, 2.5587714304677639e-23, nan 
104.125, 79.875, 2.0038166987310948e-23, nan 
104.375, 79.875, 2.751049589299948e-23, nan 
104.625, 79.875, 3.2994083342430256e-23, nan 
104.875, 79.875, 5.348698050182762e-23, nan 
105.125, 79.875, 6.003023953126267e-23, nan 
105.375, 79.875, 9.577177726221402e-23, nan 
105.625, 79.875, 1.3081797186207857e-22, nan 
105.875, 79.875, 6.24925072832793e-23, nan 
106.125, 79.875, 6.034167443173306e-23, nan 
106.375, 79.875, 5.0833484332442737e-23, nan 
106.625, 79.875, 6.925638463692357e-23, nan 
106.875, 79.875, 6.720447165429975e-23, nan 
107.125, 79.875, 5.918041905729298e-23, nan 
107.375, 79.875, 7.98926283237373e-23, nan 
107.625, 79.875, 7.912903350325261e-23, nan 
107.875, 79.875, 1.2064954978592694e-22, nan 
108.125, 79.875, 1.052566170581034e-22, nan 
108.375, 79.875, 1.1096475853877827e-22, nan 
108.625, 79.875, 1.0170517944315876e-22, nan 
108.875, 79.875, 1.0153253226540165e-22, nan 
109.125, 79.875, 1.1969169934352893e-22, nan 
109.375, 79.875, 1.4045066195999218e-22, nan 
109.625, 79.875, 1.0302307585274168e-22, nan 
109.875, 79.875, 1.258759274050083e-22, nan 
110.125, 79.875, 1.0228000773693613e-22, nan 
110.375, 79.875, 1.135689186861366e-22, nan 
110.625, 79.875, 1.2000380740738667e-22, nan 
110.875, 79.875, 8.946638523035327e-23, nan 
111.125, 79.875, 1.3207257069492376e-22, nan 
111.375, 79.875, 1.1454885197301478e-22, nan 
111.625, 79.875, 1.6476338993642333e-22, nan 
111.875, 79.875, 1.9203792347015232e-22, nan 
112.125, 79.875, 2.0810223964783246e-22, nan 
112.375, 79.875, 2.964265147706503e-22, nan 
112.625, 79.875, 2.1052560319973476e-22, nan 
112.875, 79.875, 1.8247856074350825e-22, nan 
113.125, 79.875, 1.614925354186044e-22, nan 
113.375, 79.875, 2.268473874559949e-22, nan 
113.625, 79.875, 2.016330548932746e-22, nan 
113.875, 79.875, 2.0672979090766435e-22, nan 
114.125, 79.875, 1.8400581108057342e-22, nan 
114.375, 79.875, 1.8928905530168986e-22, nan 
114.625, 79.875, 1.811216617422337e-22, nan 
114.875, 79.875, 1.7971402042310943e-22, nan 
115.125, 79.875, 1.6241396978005265e-22, nan 
115.375, 79.875, 1.7197621257173213e-22, nan 
115.625, 79.875, 1.6822459713191345e-22, nan 
115.875, 79.875, 1.6878078869031835e-22, nan 
116.125, 79.875, 1.2864113122485935e-22, nan 
116.375, 79.875, 1.6240503134452987e-22, nan 
116.625, 79.875, 1.9217024539434318e-22, nan 
116.875, 79.875, 1.9265600242466807e-22, nan 
117.125, 79.875, 1.9481332628070974e-22, nan 
117.375, 79.875, 1.863793287038585e-22, nan 
117.625, 79.875, 2.0303458210347804e-22, nan 
117.875, 79.875, 1.7106342850216022e-22, nan 
118.125, 79.875, 2.1091576880267063e-22, nan 
118.375, 79.875, 3.0990966176796493e-22, nan 
118.625, 79.875, 2.3777054587561524e-22, nan 
118.875, 79.875, 1.9553501302810844e-22, nan 
119.125, 79.875, 1.9705808786981439e-22, nan 
119.375, 79.875, 2.503756199125777e-22, nan 
119.625, 79.875, 2.7831430795212604e-22, nan 
119.875, 79.875, 2.5187982228190664e-22, nan 
120.125, 79.875, 2.6331022173550483e-22, nan 
120.375, 79.875, 2.7035403249817384e-22, nan 
120.625, 79.875, 2.160610198031135e-22, nan 
120.875, 79.875, 2.0170821026113363e-22, nan 
121.125, 79.875, 2.3131184969712906e-22, nan 
121.375, 79.875, 2.618254037604294e-22, nan 
121.625, 79.875, 2.6932489449648854e-22, nan 
121.875, 79.875, 2.4387719811326544e-22, nan 
122.125, 79.875, 2.0401083114414888e-22, nan 
122.375, 79.875, 1.8041733455386535e-22, nan 
122.625, 79.875, 2.309641763751435e-22, nan 
122.875, 79.875, 2.136257050013907e-22, nan 
123.125, 79.875, 1.922543134641679e-22, nan 
123.375, 79.875, 2.42333151668896e-22, nan 
123.625, 79.875, 2.438518790595734e-22, nan 
123.875, 79.875, 2.7897667575415986e-22, nan 
124.125, 79.875, 1.9812540976037232e-22, nan 
124.375, 79.875, 1.1120963735904422e-22, nan 
124.625, 79.875, 2.1126061342657792e-22, nan 
124.875, 79.875, 2.164739915852241e-22, nan 
125.125, 79.875, 1.4043809777341455e-22, nan 
125.375, 79.875, 2.344651264637097e-22, nan 
125.625, 79.875, 1.9456355946108267e-22, nan 
125.875, 79.875, 2.0157603335323885e-22, nan 
126.125, 79.875, 6.583208875820739e-23, nan 
126.375, 79.875, 9.573701555883136e-23, nan 
126.625, 79.875, 1.236276572974301e-22, nan 
126.875, 79.875, 1.615234715877786e-22, nan 
127.125, 79.875, 2.221805952774698e-22, nan 
127.375, 79.875, 6.234170717740349e-23, nan 
127.625, 79.875, 2.121024919797978e-22, nan 
127.875, 79.875, 2.298852204187894e-22, nan 
128.125, 79.875, 2.2752351851202424e-22, nan 
128.375, 79.875, 1.578975528137461e-22, nan 
128.625, 79.875, 1.9619485928244604e-22, nan 
128.875, 79.875, 2.63485793578509e-22, nan 
129.125, 79.875, 1.970328699371952e-22, nan 
129.375, 79.875, 2.4330513134709257e-22, nan 
129.625, 79.875, 1.8616526956851086e-22, nan 
129.875, 79.875, 2.73009257904735e-22, nan 
130.125, 79.875, 2.881055610691099e-22, nan 
130.375, 79.875, 8.758141879848589e-23, nan 
130.625, 79.875, 1.8626695982735463e-22, nan 
130.875, 79.875, 1.7089078323183189e-22, nan 
131.125, 79.875, 2.513976614899342e-22, nan 
131.375, 79.875, 3.976611721755573e-22, nan 
131.625, 79.875, 3.3024635077333363e-22, nan 
131.875, 79.875, 3.4807608291051698e-22, nan 
132.125, 79.875, 2.6056552719440485e-22, nan 
132.375, 79.875, 2.8314743391936824e-22, nan 
132.625, 79.875, 3.8775209284536683e-22, nan 
132.875, 79.875, 3.2379720951593795e-22, nan 
133.125, 79.875, 3.77131216119635e-22, nan 
133.375, 79.875, 3.3317426210736423e-22, nan 
133.625, 79.875, 1.8447352863185057e-22, nan 
133.875, 79.875, 2.5076970253190044e-22, nan 
134.125, 79.875, 2.4320359421431974e-22, nan 
134.375, 79.875, 3.6226847436022434e-22, nan 
134.625, 79.875, 1.657842522896433e-22, nan 
134.875, 79.875, 2.2842469956066986e-22, nan 
135.125, 79.875, 3.411555346973879e-22, nan 
135.375, 79.875, 3.524494168637324e-22, nan 
135.625, 79.875, 3.3901331108190144e-22, nan 
135.875, 79.875, 2.56619283310204e-22, nan 
136.125, 79.875, 3.76781692987044e-22, nan 
136.375, 79.875, 4.051789605842851e-22, nan 
136.625, 79.875, 5.596168562462621e-22, nan 
136.875, 79.875, 7.573875944053736e-22, nan 
137.125, 79.875, 9.579985976379148e-22, nan 
137.375, 79.875, 7.8198977803004165e-22, nan 
137.625, 79.875, 6.990696580351978e-22, nan 
137.875, 79.875, 5.796995049756841e-22, nan 
138.125, 79.875, 9.885455031224047e-22, nan 
138.375, 79.875, 1.2540853921033697e-21, nan 
138.625, 79.875, 1.4353555315957485e-21, nan 
138.875, 79.875, 1.3439361329168323e-21, nan 
139.125, 79.875, 1.0665389028865862e-21, nan 
139.375, 79.875, 1.9646755546033594e-21, nan 
139.625, 79.875, 1.1738668303983833e-21, nan 
139.875, 79.875, 1.1566996563354659e-21, nan 
140.125, 79.875, 1.0433255492996551e-21, nan 
140.375, 79.875, 9.009173894872395e-22, nan 
140.625, 79.875, 8.231989524917271e-22, nan 
140.875, 79.875, 1.0059426977941112e-21, nan 
141.125, 79.875, 9.69593958795723e-22, nan 
141.375, 79.875, 1.0890436381846401e-21, nan 
141.625, 79.875, 1.0403641527333028e-21, nan 
141.875, 79.875, 1.0884097061990236e-21, nan 
142.125, 79.875, 9.09716351426139e-22, nan 
142.375, 79.875, 1.1186949015345572e-21, nan 
142.625, 79.875, 1.2126219296891695e-21, nan 
142.875, 79.875, 1.8801280497147836e-21, nan 
143.125, 79.875, 1.2374123887444643e-21, nan 
143.375, 79.875, 1.0481665282133412e-21, nan 
143.625, 79.875, 9.512690811357857e-22, nan 
143.875, 79.875, 8.8700096968541e-22, nan 
144.125, 79.875, 9.01581244195279e-22, nan 
144.375, 79.875, 6.553916289279792e-22, nan 
144.625, 79.875, 7.85945656167437e-22, nan 
144.875, 79.875, 7.738506134588257e-22, nan 
145.125, 79.875, 8.511537703826898e-22, nan 
145.375, 79.875, 6.771972975459111e-22, nan 
145.625, 79.875, 7.768170589846621e-22, nan 
145.875, 79.875, 7.186180818047263e-22, nan 
146.125, 79.875, 6.276419833503916e-22, nan 
146.375, 79.875, 8.4439256599877745e-22, nan 
146.625, 79.875, 6.184808038208354e-22, nan 
146.875, 79.875, 6.029617395706695e-22, nan 
147.125, 79.875, 7.029014530973558e-22, nan 
147.375, 79.875, 2.7027623483408575e-22, nan 
147.625, 79.875, 6.014196470795518e-22, nan 
147.875, 79.875, 7.618826325245222e-22, nan 
148.125, 79.875, 6.897033113762247e-22, nan 
148.375, 79.875, 8.610355412497085e-22, nan 
148.625, 79.875, 9.863451472441184e-22, nan 
148.875, 79.875, 4.616738181701235e-22, nan 
149.125, 79.875, 6.778277040146007e-22, nan 
149.375, 79.875, 7.039300924582269e-22, nan 
149.625, 79.875, 8.795259445817718e-22, nan 
149.875, 79.875, 1.1958896693685508e-21, nan 
150.125, 79.875, 1.0370876096148894e-21, nan 
150.375, 79.875, 1.1777519541680737e-21, nan 
150.625, 79.875, 1.0538419927124695e-21, nan 
150.875, 79.875, 1.301303534406809e-21, nan 
151.125, 79.875, 1.1385719613558786e-21, nan 
151.375, 79.875, 1.3233701478280541e-21, nan 
151.625, 79.875, 1.7134461890748926e-21, nan 
151.875, 79.875, 1.61254932185428e-21, nan 
152.125, 79.875, 2.7047630666739528e-21, nan 
152.375, 79.875, 1.6633945939638096e-21, nan 
152.625, 79.875, 2.243469548062289e-21, nan 
152.875, 79.875, 1.1378709094680911e-21, nan 
153.125, 79.875, 1.937801326429871e-21, nan 
153.375, 79.875, 3.545014880217253e-21, nan 
153.625, 79.875, 2.9178352522994754e-21, nan 
153.875, 79.875, 4.018307892427746e-21, nan 
154.125, 79.875, 3.189469415290631e-21, nan 
154.375, 79.875, 3.8634380482329024e-21, nan 
154.625, 79.875, 4.542585874212125e-21, nan 
154.875, 79.875, 3.762183033148618e-21, nan 
155.125, 79.875, 4.793659238053619e-21, nan 
155.375, 79.875, 4.1619267393417016e-21, nan 
155.625, 79.875, 4.583000573263994e-21, nan 
155.875, 79.875, 4.924300678075067e-21, nan 
156.125, 79.875, 4.106619466674187e-21, nan 
156.375, 79.875, 4.9930490268802506e-21, nan 
156.625, 79.875, 4.024288359499423e-21, nan 
156.875, 79.875, 4.0193405151790456e-21, nan 
157.125, 79.875, 3.758302280645445e-21, nan 
157.375, 79.875, 3.997441748924772e-21, nan 
157.625, 79.875, 3.742782845853644e-21, nan 
157.875, 79.875, 3.7126139795201585e-21, nan 
158.125, 79.875, 3.591684709924561e-21, nan 
158.375, 79.875, 4.1604200732980554e-21, nan 
158.625, 79.875, 4.188320119868402e-21, nan 
158.875, 79.875, 4.35489753372449e-21, nan 
159.125, 79.875, 4.540452252228922e-21, nan 
159.375, 79.875, 5.6143618930110144e-21, nan 
159.625, 79.875, 6.016946794867538e-21, nan 
159.875, 79.875, 6.490055930947319e-21, nan 
160.125, 79.875, 9.952756281411731e-21, nan 
160.375, 79.875, 9.193358841539813e-21, nan 
160.625, 79.875, 6.474271168775488e-21, nan 
160.875, 79.875, 5.857216179896274e-21, nan 
161.125, 79.875, 5.924196650323408e-21, nan 
161.375, 79.875, 8.824189350212217e-21, nan 
161.625, 79.875, 8.170099428240633e-21, nan 
161.875, 79.875, 7.883391803078131e-21, nan 
162.125, 79.875, 9.759658268232113e-21, nan 
162.375, 79.875, 8.828858226424926e-21, nan 
162.625, 79.875, 1.1156376296963704e-20, nan 
162.875, 79.875, 1.4149457431531127e-20, nan 
163.125, 79.875, 1.3837124648810558e-20, nan 
163.375, 79.875, 1.8738392434646394e-20, nan 
163.625, 79.875, 1.4581069834538917e-20, nan 
163.875, 79.875, 2.268838181615078e-20, nan 
164.125, 79.875, 2.2360754930448172e-20, nan 
164.375, 79.875, 1.907453300258526e-20, nan 
164.625, 79.875, 1.845665153763914e-20, nan 
164.875, 79.875, 1.675254015601424e-20, nan 
165.125, 79.875, 1.8625792857122504e-20, nan 
165.375, 79.875, 2.885001215702261e-20, nan 
165.625, 79.875, 1.767781320621763e-20, nan 
165.875, 79.875, 1.92421280650013e-20, nan 
166.125, 79.875, 2.4711170084340583e-20, nan 
166.375, 79.875, 2.494149808033014e-20, nan 
166.625, 79.875, 3.238684144559601e-20, nan 
166.875, 79.875, 2.8126101850724756e-20, nan 
167.125, 79.875, 2.55747255693096e-20, nan 
167.375, 79.875, 2.98083702821383e-20, nan 
167.625, 79.875, 2.9355676502087014e-20, nan 
167.875, 79.875, 3.0974296957303394e-20, nan 
168.125, 79.875, 3.0027771107569023e-20, nan 
168.375, 79.875, 2.9238421849509616e-20, nan 
168.625, 79.875, 2.6370941639638697e-20, nan 
168.875, 79.875, 2.5319937105850735e-20, nan 
169.125, 79.875, 2.30594688298012e-20, nan 
169.375, 79.875, 2.5030996207004287e-20, nan 
169.625, 79.875, 2.867958484022479e-20, nan 
169.875, 79.875, 2.6568075463943454e-20, nan 
170.125, 79.875, 2.7973074321129815e-20, nan 
170.375, 79.875, 2.3960292777944044e-20, nan 
170.625, 79.875, 2.3476690341254997e-20, nan 
170.875, 79.875, 1.9756469277626646e-20, nan 
171.125, 79.875, 2.3937936946200978e-20, nan 
171.375, 79.875, 1.935383838530049e-20, nan 
171.625, 79.875, 2.08070152760814e-20, nan 
171.875, 79.875, 1.9139307480100112e-20, nan 
172.125, 79.875, 1.871618962892274e-20, nan 
172.375, 79.875, 2.0746643166093644e-20, nan 
172.625, 79.875, 2.1894229271176492e-20, nan 
172.875, 79.875, 1.8670621576298772e-20, nan 
173.125, 79.875, 1.8315682284879164e-20, nan 
173.375, 79.875, 1.9117464084811893e-20, nan 
173.625, 79.875, 1.8630991170610342e-20, nan 
173.875, 79.875, 1.8258940278194824e-20, nan 
174.125, 79.875, 1.8533084458250947e-20, nan 
174.375, 79.875, 1.789431483142467e-20, nan 
174.625, 79.875, 1.736377165508257e-20, nan 
174.875, 79.875, 1.5158264577696393e-20, nan 
175.125, 79.875, 1.599289629785384e-20, nan 
175.375, 79.875, 1.474855932299666e-20, nan 
175.625, 79.875, 1.5207805896515383e-20, nan 
175.875, 79.875, 1.3940741627361595e-20, nan 
176.125, 79.875, 1.1044917165640296e-20, nan 
176.375, 79.875, 1.4013983912070457e-20, nan 
176.625, 79.875, 1.2345113774451826e-20, nan 
176.875, 79.875, 1.279147293096158e-20, nan 
177.125, 79.875, 1.0710953236216322e-20, nan 
177.375, 79.875, 1.1466799129564122e-20, nan 
177.625, 79.875, 1.1149648219180473e-20, nan 
177.875, 79.875, 1.1245247706009301e-20, nan 
178.125, 79.875, 1.0182948140404291e-20, nan 
178.375, 79.875, 9.840114763156248e-21, nan 
178.625, 79.875, 9.470315710559616e-21, nan 
178.875, 79.875, 9.990424800589489e-21, nan 
179.125, 79.875, 8.836849692285869e-21, nan 
179.375, 79.875, 8.617756510712781e-21, nan 
179.625, 79.875, 8.968874491384235e-21, nan 
179.875, 79.875, 8.3410575067108e-21, nan 
-179.875, 80.125, 7.923561896503324e-21, nan 
-179.625, 80.125, 8.326632437518322e-21, nan 
-179.375, 80.125, 7.16084431397446e-21, nan 
-179.125, 80.125, 7.393205416934698e-21, nan 
-178.875, 80.125, 6.940294120891802e-21, nan 
-178.625, 80.125, 6.625443319936049e-21, nan 
-178.375, 80.125, 6.480515993284868e-21, nan 
-178.125, 80.125, 6.091719779002904e-21, nan 
-177.875, 80.125, 5.108409761505046e-21, nan 
-177.625, 80.125, 5.833270020246901e-21, nan 
-177.375, 80.125, 5.393231033888962e-21, nan 
-177.125, 80.125, 4.925440900371196e-21, nan 
-176.875, 80.125, 4.643963182007129e-21, nan 
-176.625, 80.125, 4.1385903795815944e-21, nan 
-176.375, 80.125, 4.510499017295079e-21, nan 
-176.125, 80.125, 4.501710544955575e-21, nan 
-175.875, 80.125, 3.756531126146913e-21, nan 
-175.625, 80.125, 3.511972306371438e-21, nan 
-175.375, 80.125, 4.044628373382322e-21, nan 
-175.125, 80.125, 3.79594499583236e-21, nan 
-174.875, 80.125, 3.6650697142200956e-21, nan 
-174.625, 80.125, 3.490286005785622e-21, nan 
-174.375, 80.125, 3.2947831557104452e-21, nan 
-174.125, 80.125, 3.257753213193219e-21, nan 
-173.875, 80.125, 3.6783646146261005e-21, nan 
-173.625, 80.125, 2.9337089626431343e-21, nan 
-173.375, 80.125, 3.0232547570668746e-21, nan 
-173.125, 80.125, 3.064377168527446e-21, nan 
-172.875, 80.125, 2.8888367739766812e-21, nan 
-172.625, 80.125, 2.9616138749015245e-21, nan 
-172.375, 80.125, 2.5034934703534225e-21, nan 
-172.125, 80.125, 2.703582557475411e-21, nan 
-171.875, 80.125, 2.6028120274493124e-21, nan 
-171.625, 80.125, 2.50105365147411e-21, nan 
-171.375, 80.125, 2.3606326631772862e-21, nan 
-171.125, 80.125, 2.175858486159856e-21, nan 
-170.875, 80.125, 2.021887252624907e-21, nan 
-170.625, 80.125, 2.0876007959166358e-21, nan 
-170.375, 80.125, 2.2968896865333556e-21, nan 
-170.125, 80.125, 1.934428412180836e-21, nan 
-169.875, 80.125, 2.013863435082834e-21, nan 
-169.625, 80.125, 2.2052424975355662e-21, nan 
-169.375, 80.125, 2.0214660545876456e-21, nan 
-169.125, 80.125, 1.83595092212198e-21, nan 
-168.875, 80.125, 1.944789671794433e-21, nan 
-168.625, 80.125, 1.856479231191019e-21, nan 
-168.375, 80.125, 1.8314217361396782e-21, nan 
-168.125, 80.125, 1.8435234746277223e-21, nan 
-167.875, 80.125, 1.6263456995141386e-21, nan 
-167.625, 80.125, 1.828889457598146e-21, nan 
-167.375, 80.125, 1.7691705424588202e-21, nan 
-167.125, 80.125, 2.134531807252108e-21, nan 
-166.875, 80.125, 1.294295571320373e-21, nan 
-166.625, 80.125, 1.9645689073928835e-21, nan 
-166.375, 80.125, 1.6235937795469926e-21, nan 
-166.125, 80.125, 1.7361761089692268e-21, nan 
-165.875, 80.125, 1.5123070537468508e-21, nan 
-165.625, 80.125, 1.3811891287199545e-21, nan 
-165.375, 80.125, 1.3412796986376053e-21, nan 
-165.125, 80.125, 1.3550365013678516e-21, nan 
-164.875, 80.125, 1.350387486503063e-21, nan 
-164.625, 80.125, 1.2809268799841314e-21, nan 
-164.375, 80.125, 1.1719672765981417e-21, nan 
-164.125, 80.125, 1.2930634899586253e-21, nan 
-163.875, 80.125, 1.1003533815947257e-21, nan 
-163.625, 80.125, 1.1489585004953845e-21, nan 
-163.375, 80.125, 1.0932319692268247e-21, nan 
-163.125, 80.125, 1.0853262134225536e-21, nan 
-162.875, 80.125, 1.1166102550166728e-21, nan 
-162.625, 80.125, 9.91816915978411e-22, nan 
-162.375, 80.125, 9.876442931573588e-22, nan 
-162.125, 80.125, 8.128209135181791e-22, nan 
-161.875, 80.125, 7.890483415781595e-22, nan 
-161.625, 80.125, 8.339054262022259e-22, nan 
-161.375, 80.125, 8.606273856768085e-22, nan 
-161.125, 80.125, 7.812768530405174e-22, nan 
-160.875, 80.125, 8.906375146094611e-22, nan 
-160.625, 80.125, 8.090542883251411e-22, nan 
-160.375, 80.125, 8.44415776849016e-22, nan 
-160.125, 80.125, 7.548894276402538e-22, nan 
-159.875, 80.125, 7.716339433133469e-22, nan 
-159.625, 80.125, 7.625469567143406e-22, nan 
-159.375, 80.125, 7.49191799303974e-22, nan 
-159.125, 80.125, 7.016291626734677e-22, nan 
-158.875, 80.125, 6.945186568388384e-22, nan 
-158.625, 80.125, 6.949493061137886e-22, nan 
-158.375, 80.125, 6.761208882816584e-22, nan 
-158.125, 80.125, 6.800915267255061e-22, nan 
-157.875, 80.125, 6.632408124441063e-22, nan 
-157.625, 80.125, 6.545870395849583e-22, nan 
-157.375, 80.125, 5.786978780478878e-22, nan 
-157.125, 80.125, 5.990868856870211e-22, nan 
-156.875, 80.125, 6.06599113271697e-22, nan 
-156.625, 80.125, 5.807913934738049e-22, nan 
-156.375, 80.125, 5.832542791884887e-22, nan 
-156.125, 80.125, 5.513951880500196e-22, nan 
-155.875, 80.125, 5.625302297419533e-22, nan 
-155.625, 80.125, 5.401287817013213e-22, nan 
-155.375, 80.125, 5.27497794881977e-22, nan 
-155.125, 80.125, 4.858269773223101e-22, nan 
-154.875, 80.125, 5.045499811306988e-22, nan 
-154.625, 80.125, 4.776080257871348e-22, nan 
-154.375, 80.125, 4.560766613237784e-22, nan 
-154.125, 80.125, 4.938256832176391e-22, nan 
-153.875, 80.125, 4.410044668163785e-22, nan 
-153.625, 80.125, 4.256608821256424e-22, nan 
-153.375, 80.125, 4.2005562637307862e-22, nan 
-153.125, 80.125, 4.40543848898152e-22, nan 
-152.875, 80.125, 3.9694949024507468e-22, nan 
-152.625, 80.125, 4.373165946674065e-22, nan 
-152.375, 80.125, 3.6934171433026216e-22, nan 
-152.125, 80.125, 3.839846669482581e-22, nan 
-151.875, 80.125, 4.1212598733711186e-22, nan 
-151.625, 80.125, 3.823155198138546e-22, nan 
-151.375, 80.125, 3.996231193833185e-22, nan 
-151.125, 80.125, 3.642130905484814e-22, nan 
-150.875, 80.125, 3.7480258620899057e-22, nan 
-150.625, 80.125, 3.400962041323886e-22, nan 
-150.375, 80.125, 3.718810310934371e-22, nan 
-150.125, 80.125, 3.806505831364055e-22, nan 
-149.875, 80.125, 3.5788230289818114e-22, nan 
-149.625, 80.125, 3.26201383002329e-22, nan 
-149.375, 80.125, 3.483448855796743e-22, nan 
-149.125, 80.125, 3.4791385389018135e-22, nan 
-148.875, 80.125, 3.409314750677618e-22, nan 
-148.625, 80.125, 3.3351927521511734e-22, nan 
-148.375, 80.125, 2.908735902798318e-22, nan 
-148.125, 80.125, 3.17306319665295e-22, nan 
-147.875, 80.125, 3.0985941554962006e-22, nan 
-147.625, 80.125, 3.0956951596032175e-22, nan 
-147.375, 80.125, 2.8287719849314607e-22, nan 
-147.125, 80.125, 2.581356482188027e-22, nan 
-146.875, 80.125, 2.5766411777252426e-22, nan 
-146.625, 80.125, 2.907426208820256e-22, nan 
-146.375, 80.125, 2.7189842719598476e-22, nan 
-146.125, 80.125, 2.516623231091295e-22, nan 
-145.875, 80.125, 2.6200150629262475e-22, nan 
-145.625, 80.125, 2.67672461855056e-22, nan 
-145.375, 80.125, 2.3708635458034494e-22, nan 
-145.125, 80.125, 2.469854790838873e-22, nan 
-144.875, 80.125, 2.6621205959197753e-22, nan 
-144.625, 80.125, 2.1375996466925523e-22, nan 
-144.375, 80.125, 2.7745953369463e-22, nan 
-144.125, 80.125, 2.3754949378189707e-22, nan 
-143.875, 80.125, 2.3981127854212325e-22, nan 
-143.625, 80.125, 2.170256195682787e-22, nan 
-143.375, 80.125, 2.4553060203670873e-22, nan 
-143.125, 80.125, 2.2887937346134166e-22, nan 
-142.875, 80.125, 2.0701864991722048e-22, nan 
-142.625, 80.125, 2.1313767977753328e-22, nan 
-142.375, 80.125, 1.9954136291217788e-22, nan 
-142.125, 80.125, 2.156270088001238e-22, nan 
-141.875, 80.125, 2.1395526646428374e-22, nan 
-141.625, 80.125, 1.9197215989627985e-22, nan 
-141.375, 80.125, 1.9751935473069576e-22, nan 
-141.125, 80.125, 1.8881568634607833e-22, nan 
-140.875, 80.125, 1.7485450004964352e-22, nan 
-140.625, 80.125, 1.8376603689048118e-22, nan 
-140.375, 80.125, 1.7493467627325814e-22, nan 
-140.125, 80.125, 1.919103486218921e-22, nan 
-139.875, 80.125, 1.8548668035569502e-22, nan 
-139.625, 80.125, 1.7109340230029585e-22, nan 
-139.375, 80.125, 1.7985425116571756e-22, nan 
-139.125, 80.125, 1.7639950216782584e-22, nan 
-138.875, 80.125, 1.77324212254718e-22, nan 
-138.625, 80.125, 1.6936237549923998e-22, nan 
-138.375, 80.125, 1.7845436605411236e-22, nan 
-138.125, 80.125, 1.8436987088157516e-22, nan 
-137.875, 80.125, 2.1383150972341257e-22, nan 
-137.625, 80.125, 1.6112660944064016e-22, nan 
-137.375, 80.125, 1.662891239666101e-22, nan 
-137.125, 80.125, 1.999356587469782e-22, nan 
-136.875, 80.125, 1.7223734561862285e-22, nan 
-136.625, 80.125, 1.63588196233341e-22, nan 
-136.375, 80.125, 1.9017351411633725e-22, nan 
-136.125, 80.125, 1.5584528428733933e-22, nan 
-135.875, 80.125, 1.8120781849582322e-22, nan 
-135.625, 80.125, 1.8201443332162681e-22, nan 
-135.375, 80.125, 1.5746522214504644e-22, nan 
-135.125, 80.125, 1.7800469401139781e-22, nan 
-134.875, 80.125, 1.7457759764869438e-22, nan 
-134.625, 80.125, 1.5870605318702404e-22, nan 
-134.375, 80.125, 1.3333709822790018e-22, nan 
-134.125, 80.125, 1.6788621773437208e-22, nan 
-133.875, 80.125, 1.6435689478443386e-22, nan 
-133.625, 80.125, 1.9125444638704782e-22, nan 
-133.375, 80.125, 1.5737373334149415e-22, nan 
-133.125, 80.125, 1.5157158092950581e-22, nan 
-132.875, 80.125, 1.7151395263604929e-22, nan 
-132.625, 80.125, 1.707722950451565e-22, nan 
-132.375, 80.125, 1.5795739483152847e-22, nan 
-132.125, 80.125, 1.563808310973443e-22, nan 
-131.875, 80.125, 1.789038730491185e-22, nan 
-131.625, 80.125, 1.5679125891156592e-22, nan 
-131.375, 80.125, 1.650706963362803e-22, nan 
-131.125, 80.125, 1.5436426270912508e-22, nan 
-130.875, 80.125, 1.7592148991916194e-22, nan 
-130.625, 80.125, 1.5945572258024195e-22, nan 
-130.375, 80.125, 1.6567911994617345e-22, nan 
-130.125, 80.125, 1.5343478638117553e-22, nan 
-129.875, 80.125, 1.4718706186389516e-22, nan 
-129.625, 80.125, 1.609359418931138e-22, nan 
-129.375, 80.125, 1.6635783993436687e-22, nan 
-129.125, 80.125, 1.3924425970639268e-22, nan 
-128.875, 80.125, 1.1969092242949187e-22, nan 
-128.625, 80.125, 1.1033186000161655e-22, nan 
-128.375, 80.125, 1.0391639331770234e-22, nan 
-128.125, 80.125, 1.0665845855811108e-22, nan 
-127.875, 80.125, 8.935972230793632e-23, nan 
-127.625, 80.125, 8.986719672423404e-23, nan 
-127.375, 80.125, 6.619260076191135e-23, nan 
-127.125, 80.125, 8.653554653570935e-23, nan 
-126.875, 80.125, 4.922708386697599e-23, nan 
-126.625, 80.125, 4.905596522458492e-23, nan 
-126.375, 80.125, 4.2848333624280306e-23, nan 
-126.125, 80.125, 3.82076154042724e-23, nan 
-125.875, 80.125, 4.0306107988359576e-23, nan 
-125.625, 80.125, 5.342566299803012e-23, nan 
-125.375, 80.125, 5.472158916565635e-23, nan 
-125.125, 80.125, 5.624090499554111e-23, nan 
-124.875, 80.125, 6.998585295922272e-23, nan 
-124.625, 80.125, 6.854499467559802e-23, nan 
-124.375, 80.125, 6.11201287093972e-23, nan 
-124.125, 80.125, 6.350601537026241e-23, nan 
-123.875, 80.125, 7.016765473350811e-23, nan 
-123.625, 80.125, 7.029110450679432e-23, nan 
-123.375, 80.125, 6.292932811526932e-23, nan 
-123.125, 80.125, 6.098695788116416e-23, nan 
-122.875, 80.125, 6.536878815809819e-23, nan 
-122.625, 80.125, 7.239406981631586e-23, nan 
-122.375, 80.125, 6.406609864224758e-23, nan 
-122.125, 80.125, 6.231801452536646e-23, nan 
-121.875, 80.125, 6.793617206649266e-23, nan 
-121.625, 80.125, 6.7246560976412e-23, nan 
-121.375, 80.125, 7.203966930181986e-23, nan 
-121.125, 80.125, 6.661482653492032e-23, nan 
-120.875, 80.125, 6.96685531288205e-23, nan 
-120.625, 80.125, 7.356469387258205e-23, nan 
-120.375, 80.125, 7.324115060975459e-23, nan 
-120.125, 80.125, 7.246200229481164e-23, nan 
-119.875, 80.125, 8.041442064527448e-23, nan 
-119.625, 80.125, 8.065206759494221e-23, nan 
-119.375, 80.125, 8.229346538251731e-23, nan 
-119.125, 80.125, 9.353942936602782e-23, nan 
-118.875, 80.125, 1.0529297952545789e-22, nan 
-118.625, 80.125, 1.063072106165086e-22, nan 
-118.375, 80.125, 1.188211855493238e-22, nan 
-118.125, 80.125, 1.146096629117058e-22, nan 
-117.875, 80.125, 1.239585639479769e-22, nan 
-117.625, 80.125, 1.3101903122859852e-22, nan 
-117.375, 80.125, 1.3093075253827533e-22, nan 
-117.125, 80.125, 1.7224941507557657e-22, nan 
-116.875, 80.125, 1.6636427755397785e-22, nan 
-116.625, 80.125, 1.4297199618155747e-22, nan 
-116.375, 80.125, 1.9011715267340136e-22, nan 
-116.125, 80.125, 1.9536592238164452e-22, nan 
-115.875, 80.125, 1.9602168163144366e-22, nan 
-115.625, 80.125, 1.9304858823265154e-22, nan 
-115.375, 80.125, 1.6610025520708262e-22, nan 
-115.125, 80.125, 1.607643469287558e-22, nan 
-114.875, 80.125, 1.593584305471454e-22, nan 
-114.625, 80.125, 1.782118148748693e-22, nan 
-114.375, 80.125, 1.4168839924940282e-22, nan 
-114.125, 80.125, 8.842401291560244e-23, nan 
-113.875, 80.125, 6.795207336893712e-23, nan 
-113.625, 80.125, 5.0435840583449806e-23, nan 
-113.375, 80.125, 4.9249472190230577e-23, nan 
-113.125, 80.125, 2.701285599240817e-23, nan 
-112.875, 80.125, 1.3209836619043363e-23, nan 
-112.625, 80.125, 5.532162084966653e-23, nan 
-112.375, 80.125, 5.25795236325007e-23, nan 
-112.125, 80.125, 4.433829612577397e-23, nan 
-111.875, 80.125, 4.268958195128672e-23, nan 
-111.625, 80.125, 6.018220545091696e-23, nan 
-111.375, 80.125, 7.984493026864872e-23, nan 
-111.125, 80.125, 9.128634390030322e-23, nan 
-110.875, 80.125, 9.957646351126558e-23, nan 
-110.625, 80.125, 1.1461422938382942e-22, nan 
-110.375, 80.125, 1.2281363198755467e-22, nan 
-110.125, 80.125, 1.0762810425349381e-22, nan 
-109.875, 80.125, 1.192218622294252e-22, nan 
-109.625, 80.125, 1.1574108739779193e-22, nan 
-109.375, 80.125, 1.0863222879926322e-22, nan 
-109.125, 80.125, 1.0365841733806056e-22, nan 
-108.875, 80.125, 8.833560182767656e-23, nan 
-108.625, 80.125, 7.711730548882871e-23, nan 
-108.375, 80.125, 8.300992529665553e-23, nan 
-108.125, 80.125, 6.067550798048264e-23, nan 
-107.875, 80.125, 6.349668371194833e-23, nan 
-107.625, 80.125, 4.737027702420773e-23, nan 
-107.375, 80.125, 2.912271115825783e-23, nan 
-107.125, 80.125, 6.595383565665925e-23, nan 
-106.875, 80.125, 4.6497497629921775e-23, nan 
-106.625, 80.125, 2.920101508332741e-23, nan 
-106.375, 80.125, 5.854094265811521e-23, nan 
-106.125, 80.125, 7.46684270238799e-23, nan 
-105.875, 80.125, 6.493006324867129e-23, nan 
-105.625, 80.125, 3.205912437605945e-23, nan 
-105.375, 80.125, 6.931473971191731e-23, nan 
-105.125, 80.125, 5.886500323110391e-23, nan 
-104.875, 80.125, 9.231588100908006e-23, nan 
-104.625, 80.125, 9.766457921739719e-23, nan 
-104.375, 80.125, 5.243327101088474e-23, nan 
-104.125, 80.125, 5.547150918325269e-23, nan 
-103.875, 80.125, 5.167741995864487e-23, nan 
-103.625, 80.125, 6.926119946148664e-23, nan 
-103.375, 80.125, 8.405700509432858e-23, nan 
-103.125, 80.125, 4.547196985095883e-23, nan 
-102.875, 80.125, 2.5863792754469444e-23, nan 
-102.625, 80.125, 2.37235573996462e-23, nan 
-102.375, 80.125, 1.800228169357235e-23, nan 
-102.125, 80.125, 3.357474592896019e-23, nan 
-101.875, 80.125, 2.664091185855449e-23, nan 
-101.625, 80.125, 2.2835047792542906e-23, nan 
-101.375, 80.125, 4.2396059445454985e-23, nan 
-101.125, 80.125, 3.41594070902506e-23, nan 
-100.875, 80.125, 1.3422968882731442e-23, nan 
-100.625, 80.125, 2.303404740337448e-23, nan 
-100.375, 80.125, 2.2322649873181636e-23, nan 
-100.125, 80.125, 3.7635863614528946e-23, nan 
-99.875, 80.125, 2.9805284751546863e-23, nan 
-99.625, 80.125, 2.1498370955445327e-23, nan 
-99.375, 80.125, 2.613538483240424e-23, nan 
-99.125, 80.125, 2.5995401916371633e-23, nan 
-98.875, 80.125, 2.371237167069089e-23, nan 
-98.625, 80.125, 1.98466028573167e-23, nan 
-98.375, 80.125, 3.0837695080156697e-23, nan 
-98.125, 80.125, 3.9028078854316145e-23, nan 
-97.875, 80.125, 3.4060183967301034e-23, nan 
-97.625, 80.125, 3.796631662403735e-23, nan 
-97.375, 80.125, 3.937878143687179e-23, nan 
-97.125, 80.125, 3.9307012698699956e-23, nan 
-96.875, 80.125, 4.7025142855476246e-23, nan 
-96.625, 80.125, 4.019973207591586e-23, nan 
-96.375, 80.125, 4.719562236036598e-23, nan 
-96.125, 80.125, 5.91072627072705e-23, nan 
-95.875, 80.125, 5.1042028724059085e-23, nan 
-95.625, 80.125, 5.044847553493063e-23, nan 
-95.375, 80.125, 4.313742742965636e-23, nan 
-95.125, 80.125, 3.6283954076159636e-23, nan 
-94.875, 80.125, 3.9852208169937195e-23, nan 
-94.625, 80.125, 4.14601770746115e-23, nan 
-94.375, 80.125, 3.2931946999051186e-23, nan 
66.375, 80.125, 1.773231362176728e-23, nan 
66.625, 80.125, 2.0204935814794074e-23, nan 
66.875, 80.125, 2.6959673500839764e-23, nan 
67.125, 80.125, 2.731023956657654e-23, nan 
67.375, 80.125, 2.8997400634838246e-23, nan 
67.625, 80.125, 3.096982076707256e-23, nan 
67.875, 80.125, 3.367462151628969e-23, nan 
68.125, 80.125, 3.0616728928089817e-23, nan 
68.375, 80.125, 3.252733516474328e-23, nan 
68.625, 80.125, 2.7814764462423573e-23, nan 
68.875, 80.125, 3.238004832419461e-23, nan 
69.125, 80.125, 3.233217369637387e-23, nan 
69.375, 80.125, 2.5761680144057168e-23, nan 
69.625, 80.125, 2.850488277126477e-23, nan 
69.875, 80.125, 1.9425146945414782e-23, nan 
70.125, 80.125, 1.9387561771448344e-23, nan 
70.375, 80.125, 1.1508200572086642e-23, nan 
70.625, 80.125, 1.1005688404072797e-23, nan 
70.875, 80.125, 9.740287654089717e-24, nan 
71.125, 80.125, 1.7782430026996222e-23, nan 
71.375, 80.125, 2.002959914628289e-23, nan 
71.625, 80.125, 1.8755069755845153e-23, nan 
71.875, 80.125, 2.9684197415858055e-23, nan 
72.125, 80.125, 1.6894835350795343e-23, nan 
72.375, 80.125, 1.863278538776628e-23, nan 
72.625, 80.125, 2.364556268134414e-23, nan 
72.875, 80.125, 2.908591360038117e-23, nan 
73.125, 80.125, 2.824633323137111e-23, nan 
73.375, 80.125, 1.9359133492286548e-23, nan 
73.625, 80.125, 1.9981924467250117e-23, nan 
73.875, 80.125, 3.13251399481022e-23, nan 
74.125, 80.125, 4.478600790249019e-23, nan 
74.375, 80.125, 3.801040819495577e-23, nan 
74.625, 80.125, 2.990883019371345e-23, nan 
74.875, 80.125, 1.627712020157735e-23, nan 
75.125, 80.125, 1.1821473672962378e-23, nan 
75.375, 80.125, 2.3849003962302222e-23, nan 
75.625, 80.125, 3.574360010804538e-23, nan 
75.875, 80.125, 4.234763275132555e-23, nan 
76.125, 80.125, 4.99818166171523e-23, nan 
76.375, 80.125, 4.7345621336401946e-23, nan 
76.625, 80.125, 4.443197073832957e-23, nan 
76.875, 80.125, 4.599216630406058e-23, nan 
77.125, 80.125, 4.0553302389885975e-23, nan 
77.375, 80.125, 3.907238102000822e-23, nan 
77.625, 80.125, 4.4533412144943414e-23, nan 
77.875, 80.125, 4.742748232618303e-23, nan 
78.125, 80.125, 4.72688524752123e-23, nan 
78.375, 80.125, 4.1182477020926277e-23, nan 
78.625, 80.125, 4.6496336990938405e-23, nan 
78.875, 80.125, 5.166566215548493e-23, nan 
79.125, 80.125, 5.0368664413599556e-23, nan 
79.375, 80.125, 4.508620800712092e-23, nan 
79.625, 80.125, 5.851136300256158e-23, nan 
79.875, 80.125, 4.908850012506145e-23, nan 
80.125, 80.125, 5.1355710432728474e-23, nan 
80.375, 80.125, 4.96046716352577e-23, nan 
80.625, 80.125, 5.512224930970916e-23, nan 
80.875, 80.125, 5.203080090822832e-23, nan 
81.125, 80.125, 4.9694693327288137e-23, nan 
81.375, 80.125, 5.844725493056933e-23, nan 
81.625, 80.125, 6.618886809479136e-23, nan 
81.875, 80.125, 6.618899089189988e-23, nan 
82.125, 80.125, 5.607467433859582e-23, nan 
82.375, 80.125, 5.103988589223092e-23, nan 
82.625, 80.125, 4.804534345499771e-23, nan 
82.875, 80.125, 5.2817732509942753e-23, nan 
83.125, 80.125, 6.011460023711843e-23, nan 
83.375, 80.125, 6.26065404966176e-23, nan 
83.625, 80.125, 5.415569733604331e-23, nan 
83.875, 80.125, 4.6606922296880276e-23, nan 
84.125, 80.125, 5.050209208221657e-23, nan 
84.375, 80.125, 6.109049448139299e-23, nan 
84.625, 80.125, 6.098861839224872e-23, nan 
84.875, 80.125, 6.150611933388757e-23, nan 
85.125, 80.125, 7.030188058474517e-23, nan 
85.375, 80.125, 5.553488735980019e-23, nan 
85.625, 80.125, 4.9686488130170936e-23, nan 
85.875, 80.125, 5.997271419224567e-23, nan 
86.125, 80.125, 3.842507705551387e-23, nan 
86.375, 80.125, 5.076487589458255e-23, nan 
86.625, 80.125, 5.461755545890717e-23, nan 
86.875, 80.125, 7.490015620379486e-23, nan 
87.125, 80.125, 7.226322209661884e-23, nan 
87.375, 80.125, 4.620673929852802e-23, nan 
87.625, 80.125, 4.414783876113691e-23, nan 
87.875, 80.125, 4.704534757727159e-23, nan 
88.125, 80.125, 6.245014568944044e-23, nan 
88.375, 80.125, 5.588077332664812e-23, nan 
88.625, 80.125, 3.5078670851168775e-23, nan 
88.875, 80.125, 2.257591862583646e-23, nan 
89.125, 80.125, 2.7600666656100024e-23, nan 
89.375, 80.125, 3.6063553328255495e-23, nan 
89.625, 80.125, 3.544278056618957e-23, nan 
89.875, 80.125, 3.542814572574511e-23, nan 
90.125, 80.125, 3.7728907408835984e-23, nan 
90.375, 80.125, 4.798359799863842e-23, nan 
90.625, 80.125, 4.989427367207333e-23, nan 
90.875, 80.125, 7.976743462362831e-23, nan 
91.125, 80.125, 6.786266896367735e-23, nan 
91.375, 80.125, 6.169583014985315e-23, nan 
91.625, 80.125, 5.333636703247567e-23, nan 
91.875, 80.125, 6.156117136705985e-23, nan 
92.125, 80.125, 9.408112471964277e-23, nan 
92.375, 80.125, 8.250066187708046e-23, nan 
92.625, 80.125, 7.506449395953251e-23, nan 
92.875, 80.125, 6.963927400853645e-23, nan 
93.125, 80.125, 8.331474237379753e-23, nan 
93.375, 80.125, 4.9391370853482313e-23, nan 
93.625, 80.125, 3.812359164608346e-23, nan 
93.875, 80.125, 3.393260766304465e-23, nan 
94.125, 80.125, 4.4518679038683016e-23, nan 
94.375, 80.125, 6.652448625648463e-23, nan 
94.625, 80.125, 4.0071780303773044e-23, nan 
94.875, 80.125, 2.5941249939341638e-23, nan 
95.125, 80.125, 4.009163377983228e-23, nan 
95.375, 80.125, 2.4333493861463434e-23, nan 
95.625, 80.125, 2.5579574640823268e-23, nan 
95.875, 80.125, 2.8899745897830775e-23, nan 
96.125, 80.125, 4.0454405214919354e-23, nan 
96.375, 80.125, 5.537508989820412e-23, nan 
96.625, 80.125, 4.1149710735577413e-23, nan 
96.875, 80.125, 3.1558097394217443e-23, nan 
97.125, 80.125, 3.6627421301737737e-23, nan 
97.375, 80.125, 5.471503569806112e-23, nan 
97.625, 80.125, 4.767984476581293e-23, nan 
97.875, 80.125, 9.747793568750562e-23, nan 
98.125, 80.125, 5.906457170298931e-23, nan 
98.375, 80.125, 5.654301524867266e-23, nan 
98.625, 80.125, 6.934465678228401e-23, nan 
98.875, 80.125, 5.112286058079358e-23, nan 
99.125, 80.125, 4.7067602442517684e-23, nan 
99.375, 80.125, 5.636888288718091e-23, nan 
99.625, 80.125, 4.899779321581385e-23, nan 
99.875, 80.125, 6.209702705338516e-23, nan 
100.125, 80.125, 5.1295770548379365e-23, nan 
100.375, 80.125, 4.592395609485517e-23, nan 
100.625, 80.125, 5.720187690965874e-23, nan 
100.875, 80.125, 4.2140012556010744e-23, nan 
101.125, 80.125, 4.491092453814229e-23, nan 
101.375, 80.125, 5.1924498536749865e-23, nan 
101.625, 80.125, 5.083049341276937e-23, nan 
101.875, 80.125, 5.926070469866241e-23, nan 
102.125, 80.125, 6.20175576369956e-23, nan 
102.375, 80.125, 7.173716552676255e-23, nan 
102.625, 80.125, 5.287403535605859e-23, nan 
102.875, 80.125, 7.04106363942297e-23, nan 
103.125, 80.125, 7.767402323173403e-23, nan 
103.375, 80.125, 9.237601276198204e-23, nan 
103.625, 80.125, 9.434550650660615e-23, nan 
103.875, 80.125, 8.158945985794357e-23, nan 
104.125, 80.125, 6.359536392787623e-23, nan 
104.375, 80.125, 6.582393145449495e-23, nan 
104.625, 80.125, 5.825878868373439e-23, nan 
104.875, 80.125, 7.614833972770187e-23, nan 
105.125, 80.125, 9.338906090847811e-23, nan 
105.375, 80.125, 4.0271818248634035e-23, nan 
105.625, 80.125, 5.522499012882811e-23, nan 
105.875, 80.125, 6.994694026176811e-23, nan 
106.125, 80.125, 4.417871707034165e-23, nan 
106.375, 80.125, 4.567848892047473e-23, nan 
106.625, 80.125, 4.353111892038782e-23, nan 
106.875, 80.125, 6.918041624834864e-23, nan 
107.125, 80.125, 1.1628786324358665e-22, nan 
107.375, 80.125, 7.729663056560234e-23, nan 
107.625, 80.125, 8.427880417360126e-23, nan 
107.875, 80.125, 1.185208652063144e-22, nan 
108.125, 80.125, 1.182320185229279e-22, nan 
108.375, 80.125, 1.3043287145452113e-22, nan 
108.625, 80.125, 1.06280152905903e-22, nan 
108.875, 80.125, 9.217993340567079e-23, nan 
109.125, 80.125, 1.087257189027759e-22, nan 
109.375, 80.125, 1.1985641627775639e-22, nan 
109.625, 80.125, 6.1696284018946e-23, nan 
109.875, 80.125, 9.029457078676377e-23, nan 
110.125, 80.125, 7.574166999902703e-23, nan 
110.375, 80.125, 7.91516619973157e-23, nan 
110.625, 80.125, 7.47371558553893e-23, nan 
110.875, 80.125, 5.724280495907357e-23, nan 
111.125, 80.125, 4.353240978088086e-23, nan 
111.375, 80.125, 8.95435030926732e-23, nan 
111.625, 80.125, 9.176512067395216e-23, nan 
111.875, 80.125, 7.98950219547375e-23, nan 
112.125, 80.125, 5.446722334129723e-23, nan 
112.375, 80.125, 7.33087143119233e-23, nan 
112.625, 80.125, 7.045675416643459e-23, nan 
112.875, 80.125, 9.348948069142425e-23, nan 
113.125, 80.125, 1.0662207266555451e-22, nan 
113.375, 80.125, 8.256779802748215e-23, nan 
113.625, 80.125, 7.289588799344046e-23, nan 
113.875, 80.125, 6.489790125535831e-23, nan 
114.125, 80.125, 7.94932721094088e-23, nan 
114.375, 80.125, 7.099218283438624e-23, nan 
114.625, 80.125, 1.7129888975011612e-22, nan 
114.875, 80.125, 1.5104602355187093e-22, nan 
115.125, 80.125, 9.036014318683631e-23, nan 
115.375, 80.125, 7.495916890620508e-23, nan 
115.625, 80.125, 8.276677107372044e-23, nan 
115.875, 80.125, 1.2802326774277816e-22, nan 
116.125, 80.125, 1.361548778423771e-22, nan 
116.375, 80.125, 1.3384216466259265e-22, nan 
116.625, 80.125, 1.2049079474104419e-22, nan 
116.875, 80.125, 1.19524809527126e-22, nan 
117.125, 80.125, 1.5691457621371478e-22, nan 
117.375, 80.125, 1.8493579042605993e-22, nan 
117.625, 80.125, 2.255533101731754e-22, nan 
117.875, 80.125, 1.2026250533186995e-22, nan 
118.125, 80.125, 1.7656136540057667e-22, nan 
118.375, 80.125, 2.3908655756287537e-22, nan 
118.625, 80.125, 2.4542267739068423e-22, nan 
118.875, 80.125, 2.377719434042591e-22, nan 
119.125, 80.125, 1.5646135575993076e-22, nan 
119.375, 80.125, 1.7091192637775766e-22, nan 
119.625, 80.125, 1.7672883967970729e-22, nan 
119.875, 80.125, 2.044834147360369e-22, nan 
120.125, 80.125, 2.489181118230519e-22, nan 
120.375, 80.125, 2.3827307669336e-22, nan 
120.625, 80.125, 1.999235482322397e-22, nan 
120.875, 80.125, 1.9251284932665204e-22, nan 
121.125, 80.125, 1.6967540493002168e-22, nan 
121.375, 80.125, 1.180135850482469e-22, nan 
121.625, 80.125, 1.5216374424468426e-22, nan 
121.875, 80.125, 1.9347807587141998e-22, nan 
122.125, 80.125, 1.2351278183335182e-22, nan 
122.375, 80.125, 1.7473074829015488e-22, nan 
122.625, 80.125, 1.7014151601447108e-22, nan 
122.875, 80.125, 1.0524003536260724e-22, nan 
123.125, 80.125, 7.49115157901651e-23, nan 
123.375, 80.125, 1.9727698206570723e-22, nan 
123.625, 80.125, 1.9235705955927531e-22, nan 
123.875, 80.125, 1.4341823048954682e-22, nan 
124.125, 80.125, 1.5904654137041418e-22, nan 
124.375, 80.125, 1.642992644748905e-22, nan 
124.625, 80.125, 1.2687247100332899e-22, nan 
124.875, 80.125, 1.8428723866889914e-22, nan 
125.125, 80.125, 1.9808318975580877e-22, nan 
125.375, 80.125, 1.665262920829025e-22, nan 
125.625, 80.125, 2.5602187798298863e-22, nan 
125.875, 80.125, 1.6932817801499861e-22, nan 
126.125, 80.125, 2.623660313366771e-22, nan 
126.375, 80.125, 3.0811261797962542e-22, nan 
126.625, 80.125, 3.3053825033014086e-22, nan 
126.875, 80.125, 2.611871397288118e-22, nan 
127.125, 80.125, 1.4499153786124834e-22, nan 
127.375, 80.125, 2.164740348757168e-22, nan 
127.625, 80.125, 2.0913878634607432e-22, nan 
127.875, 80.125, 2.744874831658047e-22, nan 
128.125, 80.125, 2.0133998206839033e-22, nan 
128.375, 80.125, 1.5967622929008729e-22, nan 
128.625, 80.125, 2.213917385919215e-22, nan 
128.875, 80.125, 2.423896614872389e-22, nan 
129.125, 80.125, 2.1161397392696817e-22, nan 
129.375, 80.125, 2.274997070521475e-22, nan 
129.625, 80.125, 1.926219084833287e-22, nan 
129.875, 80.125, 2.179035533370244e-22, nan 
130.125, 80.125, 3.10585124831497e-22, nan 
130.375, 80.125, 3.642297072009346e-22, nan 
130.625, 80.125, 2.4160431519182075e-22, nan 
130.875, 80.125, 1.8960342683083853e-22, nan 
131.125, 80.125, 2.771701218214058e-22, nan 
131.375, 80.125, 4.44916331579303e-22, nan 
131.625, 80.125, 6.626744180031521e-22, nan 
131.875, 80.125, 3.0187903288063515e-22, nan 
132.125, 80.125, 3.157547103062487e-22, nan 
132.375, 80.125, 2.1829190342191373e-22, nan 
132.625, 80.125, 1.2750798392103984e-22, nan 
132.875, 80.125, 2.0829691156159003e-22, nan 
133.125, 80.125, 1.3942539543290428e-22, nan 
133.375, 80.125, 2.0198634235475805e-22, nan 
133.625, 80.125, 9.434059775612501e-23, nan 
133.875, 80.125, 1.1130555696364478e-22, nan 
134.125, 80.125, 1.2913910544660534e-22, nan 
134.375, 80.125, 2.681734433999695e-22, nan 
134.625, 80.125, 1.1316914273833145e-22, nan 
134.875, 80.125, 2.91460710677816e-22, nan 
135.125, 80.125, 3.2377969760008754e-22, nan 
135.375, 80.125, 3.9022386378298214e-22, nan 
135.625, 80.125, 3.9193712907202717e-22, nan 
135.875, 80.125, 3.3688084851197325e-22, nan 
136.125, 80.125, 3.8922311123809053e-22, nan 
136.375, 80.125, 4.912425218893667e-22, nan 
136.625, 80.125, 5.062500766511883e-22, nan 
136.875, 80.125, 4.767673675708417e-22, nan 
137.125, 80.125, 3.7112990222110922e-22, nan 
137.375, 80.125, 5.671407613668723e-22, nan 
137.625, 80.125, 7.575180598440074e-22, nan 
137.875, 80.125, 6.463923691349408e-22, nan 
138.125, 80.125, 8.393990156267942e-22, nan 
138.375, 80.125, 9.433469086665712e-22, nan 
138.625, 80.125, 1.1214525191889166e-21, nan 
138.875, 80.125, 9.931497318066774e-22, nan 
139.125, 80.125, 1.0348914184460643e-21, nan 
139.375, 80.125, 8.813172204565392e-22, nan 
139.625, 80.125, 8.964951847398128e-22, nan 
139.875, 80.125, 8.807210002359152e-22, nan 
140.125, 80.125, 5.593530952987317e-22, nan 
140.375, 80.125, 5.759861184825765e-22, nan 
140.625, 80.125, 7.287730279553439e-22, nan 
140.875, 80.125, 5.745150625337012e-22, nan 
141.125, 80.125, 9.259260446665086e-22, nan 
141.375, 80.125, 1.0439419818481156e-21, nan 
141.625, 80.125, 1.6986835839584757e-21, nan 
141.875, 80.125, 1.0436484501054473e-21, nan 
142.125, 80.125, 3.7893486375292986e-22, nan 
142.375, 80.125, 2.4694009750978014e-21, nan 
142.625, 80.125, 3.017617825915612e-21, nan 
142.875, 80.125, 4.487137275510182e-21, nan 
143.125, 80.125, 2.433143020875188e-21, nan 
143.375, 80.125, 1.199669933168547e-21, nan 
143.625, 80.125, 2.1704738917182534e-21, nan 
143.875, 80.125, 2.574612071843957e-21, nan 
144.125, 80.125, 3.446161152603269e-21, nan 
144.375, 80.125, 2.0484899642845742e-21, nan 
144.625, 80.125, 1.1207036877648677e-21, nan 
144.875, 80.125, 5.379037757619268e-22, nan 
145.125, 80.125, 6.013312172606545e-22, nan 
145.375, 80.125, 4.494232559188116e-22, nan 
145.625, 80.125, 7.100692551677828e-22, nan 
145.875, 80.125, 6.678243368328511e-22, nan 
146.125, 80.125, 5.717540644175938e-22, nan 
146.375, 80.125, 5.230642392881731e-22, nan 
146.625, 80.125, 5.494666824002588e-22, nan 
146.875, 80.125, 4.321386200642455e-22, nan 
147.125, 80.125, 3.7294602684739037e-22, nan 
147.375, 80.125, 3.8543579661383007e-22, nan 
147.625, 80.125, 4.622165994512096e-22, nan 
147.875, 80.125, 1.0754778749059988e-21, nan 
148.125, 80.125, 1.2391232040518845e-21, nan 
148.375, 80.125, 1.5668756943907173e-21, nan 
148.625, 80.125, 1.6615000537505341e-21, nan 
148.875, 80.125, 1.3357287865184767e-21, nan 
149.125, 80.125, 1.4538463472599393e-21, nan 
149.375, 80.125, 1.54602149750586e-21, nan 
149.625, 80.125, 1.8107805255273996e-21, nan 
149.875, 80.125, 1.9554101442335166e-21, nan 
150.125, 80.125, 1.5254894870158022e-21, nan 
150.375, 80.125, 1.0242179607604725e-21, nan 
150.625, 80.125, 1.1925289828275241e-21, nan 
150.875, 80.125, 1.761144814632099e-21, nan 
151.125, 80.125, 1.693345283780892e-21, nan 
151.375, 80.125, 1.5389217536156545e-21, nan 
151.625, 80.125, 1.492448873090436e-21, nan 
151.875, 80.125, 1.9272657128607757e-21, nan 
152.125, 80.125, 2.809204902303549e-21, nan 
152.375, 80.125, 2.4442077112634346e-21, nan 
152.625, 80.125, 1.4904312159499367e-21, nan 
152.875, 80.125, 1.3364034506927626e-21, nan 
153.125, 80.125, 2.6331685526825838e-21, nan 
153.375, 80.125, 3.2240330868255568e-21, nan 
153.625, 80.125, 3.0557490991211925e-21, nan 
153.875, 80.125, 2.2509266424768653e-21, nan 
154.125, 80.125, 1.4615119680356415e-21, nan 
154.375, 80.125, 3.0189885346035245e-21, nan 
154.625, 80.125, 3.190776446874266e-21, nan 
154.875, 80.125, 3.0320950154966534e-21, nan 
155.125, 80.125, 2.352520180865781e-21, nan 
155.375, 80.125, 1.532285881588518e-21, nan 
155.625, 80.125, 1.0923941647704106e-21, nan 
155.875, 80.125, 1.828016046775662e-21, nan 
156.125, 80.125, 1.2578385275046538e-21, nan 
156.375, 80.125, 2.3067571032628234e-21, nan 
156.625, 80.125, 2.9715894235494124e-21, nan 
156.875, 80.125, 2.794379788886452e-21, nan 
157.125, 80.125, 3.1882475930416473e-21, nan 
157.375, 80.125, 4.8610027583204744e-21, nan 
157.625, 80.125, 4.577338453864217e-21, nan 
157.875, 80.125, 5.28989585722305e-21, nan 
158.125, 80.125, 6.6737663888573795e-21, nan 
158.375, 80.125, 6.2138718752346555e-21, nan 
158.625, 80.125, 8.15325856709422e-21, nan 
158.875, 80.125, 8.712886292330385e-21, nan 
159.125, 80.125, 8.092375172756104e-21, nan 
159.375, 80.125, 8.709634239225551e-21, nan 
159.625, 80.125, 8.280894909716057e-21, nan 
159.875, 80.125, 8.985742981641553e-21, nan 
160.125, 80.125, 9.137412579661102e-21, nan 
160.375, 80.125, 8.69454517075891e-21, nan 
160.625, 80.125, 7.858937664625343e-21, nan 
160.875, 80.125, 8.035814318868973e-21, nan 
161.125, 80.125, 7.19776119866119e-21, nan 
161.375, 80.125, 8.819484560824835e-21, nan 
161.625, 80.125, 9.667891938603783e-21, nan 
161.875, 80.125, 8.729139217459566e-21, nan 
162.125, 80.125, 1.0146387301906003e-20, nan 
162.375, 80.125, 1.2852226049369195e-20, nan 
162.625, 80.125, 1.722074686806723e-20, nan 
162.875, 80.125, 1.5494110400841754e-20, nan 
163.125, 80.125, 1.6163735812361216e-20, nan 
163.375, 80.125, 1.97965580154351e-20, nan 
163.625, 80.125, 2.1596153490435582e-20, nan 
163.875, 80.125, 2.384462588069191e-20, nan 
164.125, 80.125, 2.2879572765111364e-20, nan 
164.375, 80.125, 2.2532938604361518e-20, nan 
164.625, 80.125, 2.3649621310608608e-20, nan 
164.875, 80.125, 2.517233765780328e-20, nan 
165.125, 80.125, 2.4160496522119376e-20, nan 
165.375, 80.125, 2.8091414289675356e-20, nan 
165.625, 80.125, 2.30179060064966e-20, nan 
165.875, 80.125, 2.520217941661747e-20, nan 
166.125, 80.125, 2.7247075168074354e-20, nan 
166.375, 80.125, 2.5873657235704753e-20, nan 
166.625, 80.125, 2.395726463136761e-20, nan 
166.875, 80.125, 2.7058885544058036e-20, nan 
167.125, 80.125, 2.662085431951232e-20, nan 
167.375, 80.125, 2.538257360124574e-20, nan 
167.625, 80.125, 2.507178866968853e-20, nan 
167.875, 80.125, 2.0883592971589633e-20, nan 
168.125, 80.125, 2.412758470587554e-20, nan 
168.375, 80.125, 2.691986082078535e-20, nan 
168.625, 80.125, 2.270242978316839e-20, nan 
168.875, 80.125, 2.414511390587982e-20, nan 
169.125, 80.125, 2.131112763275064e-20, nan 
169.375, 80.125, 2.1553447463632658e-20, nan 
169.625, 80.125, 2.2760599691415464e-20, nan 
169.875, 80.125, 1.9472528644393716e-20, nan 
170.125, 80.125, 1.9112812075105185e-20, nan 
170.375, 80.125, 1.948719530642126e-20, nan 
170.625, 80.125, 1.94716275494972e-20, nan 
170.875, 80.125, 1.8249898322898477e-20, nan 
171.125, 80.125, 1.8696256744712873e-20, nan 
171.375, 80.125, 2.1287920233787124e-20, nan 
171.625, 80.125, 1.702652028158633e-20, nan 
171.875, 80.125, 2.1520077025320847e-20, nan 
172.125, 80.125, 1.6845568990422605e-20, nan 
172.375, 80.125, 1.8427657034322528e-20, nan 
172.625, 80.125, 2.0881811008702286e-20, nan 
172.875, 80.125, 1.750755836117904e-20, nan 
173.125, 80.125, 1.7853412536864568e-20, nan 
173.375, 80.125, 1.5083596045932456e-20, nan 
173.625, 80.125, 1.364057372036512e-20, nan 
173.875, 80.125, 1.3995944659198967e-20, nan 
174.125, 80.125, 1.4152864840279043e-20, nan 
174.375, 80.125, 1.2450560609970624e-20, nan 
174.625, 80.125, 1.4003445067007047e-20, nan 
174.875, 80.125, 1.2029111075328924e-20, nan 
175.125, 80.125, 1.3580255611917278e-20, nan 
175.375, 80.125, 1.1568312737110078e-20, nan 
175.625, 80.125, 1.183275882060945e-20, nan 
175.875, 80.125, 1.1715528520587487e-20, nan 
176.125, 80.125, 1.2038093205204913e-20, nan 
176.375, 80.125, 1.1654140336547191e-20, nan 
176.625, 80.125, 9.963472987196191e-21, nan 
176.875, 80.125, 1.1040419571471735e-20, nan 
177.125, 80.125, 9.867157759220149e-21, nan 
177.375, 80.125, 1.0936732458580085e-20, nan 
177.625, 80.125, 9.636900955536841e-21, nan 
177.875, 80.125, 9.651745963083865e-21, nan 
178.125, 80.125, 9.380451362166748e-21, nan 
178.375, 80.125, 1.0387754226204528e-20, nan 
178.625, 80.125, 8.817603080710136e-21, nan 
178.875, 80.125, 8.816780080783593e-21, nan 
179.125, 80.125, 1.0109273032895496e-20, nan 
179.375, 80.125, 8.347587714015098e-21, nan 
179.625, 80.125, 8.725861570976516e-21, nan 
179.875, 80.125, 8.03916273972827e-21, nan 
-179.875, 80.375, 7.219908698201046e-21, nan 
-179.625, 80.375, 5.857486910370522e-21, nan 
-179.375, 80.375, 6.279250619817192e-21, nan 
-179.125, 80.375, 5.810069295541407e-21, nan 
-178.875, 80.375, 6.2083922493354064e-21, nan 
-178.625, 80.375, 5.609210982943686e-21, nan 
-178.375, 80.375, 4.413010217392378e-21, nan 
-178.125, 80.375, 4.8592356428112754e-21, nan 
-177.875, 80.375, 4.123533274669762e-21, nan 
-177.625, 80.375, 4.246258714404329e-21, nan 
-177.375, 80.375, 3.802308178659419e-21, nan 
-177.125, 80.375, 3.793467740484182e-21, nan 
-176.875, 80.375, 3.855927374208347e-21, nan 
-176.625, 80.375, 3.619373280881332e-21, nan 
-176.375, 80.375, 3.2855712609645093e-21, nan 
-176.125, 80.375, 2.9004230947923203e-21, nan 
-175.875, 80.375, 3.0842206730865593e-21, nan 
-175.625, 80.375, 3.065605053815638e-21, nan 
-175.375, 80.375, 2.5299860847663337e-21, nan 
-175.125, 80.375, 2.2536311406814375e-21, nan 
-174.875, 80.375, 2.5598843588779212e-21, nan 
-174.625, 80.375, 2.2483869900325123e-21, nan 
-174.375, 80.375, 2.3943436507050893e-21, nan 
-174.125, 80.375, 2.2248247807100348e-21, nan 
-173.875, 80.375, 1.9380477922793223e-21, nan 
-173.625, 80.375, 2.1253957247854764e-21, nan 
-173.375, 80.375, 1.9175777653239516e-21, nan 
-173.125, 80.375, 1.8492526594142826e-21, nan 
-172.875, 80.375, 1.9848461845315003e-21, nan 
-172.625, 80.375, 1.7721653365926455e-21, nan 
-172.375, 80.375, 1.7334897551426092e-21, nan 
-172.125, 80.375, 1.8776572502937263e-21, nan 
-171.875, 80.375, 1.5934802598454628e-21, nan 
-171.625, 80.375, 1.6707337891380809e-21, nan 
-171.375, 80.375, 1.6638638714114117e-21, nan 
-171.125, 80.375, 1.6117663434815146e-21, nan 
-170.875, 80.375, 1.8337535550160345e-21, nan 
-170.625, 80.375, 1.7251787901601996e-21, nan 
-170.375, 80.375, 1.5170416264312425e-21, nan 
-170.125, 80.375, 1.6986677683142746e-21, nan 
-169.875, 80.375, 1.541378023332823e-21, nan 
-169.625, 80.375, 1.310209009489856e-21, nan 
-169.375, 80.375, 1.469848640277729e-21, nan 
-169.125, 80.375, 1.4825479749070315e-21, nan 
-168.875, 80.375, 1.5610746732639662e-21, nan 
-168.625, 80.375, 1.2972751502614976e-21, nan 
-168.375, 80.375, 1.3969895928741694e-21, nan 
-168.125, 80.375, 1.338764600109982e-21, nan 
-167.875, 80.375, 1.3662714996120179e-21, nan 
-167.625, 80.375, 1.362523228475092e-21, nan 
-167.375, 80.375, 1.1919171763488662e-21, nan 
-167.125, 80.375, 1.2281256620757329e-21, nan 
-166.875, 80.375, 1.25999195582414e-21, nan 
-166.625, 80.375, 1.3319259759033471e-21, nan 
-166.375, 80.375, 1.1729550712607021e-21, nan 
-166.125, 80.375, 1.1798926442669591e-21, nan 
-165.875, 80.375, 1.1453923811362964e-21, nan 
-165.625, 80.375, 1.1677473739635429e-21, nan 
-165.375, 80.375, 1.1117683206777885e-21, nan 
-165.125, 80.375, 1.1543356245402623e-21, nan 
-164.875, 80.375, 1.072055541560696e-21, nan 
-164.625, 80.375, 1.1117914134976143e-21, nan 
-164.375, 80.375, 1.0916053645331589e-21, nan 
-164.125, 80.375, 9.940970339682439e-22, nan 
-163.875, 80.375, 1.0571663284955717e-21, nan 
-163.625, 80.375, 1.048416451220961e-21, nan 
-163.375, 80.375, 1.0600041357694868e-21, nan 
-163.125, 80.375, 9.430287090558e-22, nan 
-162.875, 80.375, 8.892730564373565e-22, nan 
-162.625, 80.375, 9.630966235742002e-22, nan 
-162.375, 80.375, 9.655000253840736e-22, nan 
-162.125, 80.375, 9.301802084336403e-22, nan 
-161.875, 80.375, 8.55330322556396e-22, nan 
-161.625, 80.375, 7.797459741494102e-22, nan 
-161.375, 80.375, 8.2971794372332375e-22, nan 
-161.125, 80.375, 8.10216429945031e-22, nan 
-160.875, 80.375, 7.676632697613179e-22, nan 
-160.625, 80.375, 7.752931858493463e-22, nan 
-160.375, 80.375, 7.289132298734109e-22, nan 
-160.125, 80.375, 7.500172664879644e-22, nan 
-159.875, 80.375, 7.568838809138859e-22, nan 
-159.625, 80.375, 7.141188124158935e-22, nan 
-159.375, 80.375, 7.102018225180407e-22, nan 
-159.125, 80.375, 6.404183083729808e-22, nan 
-158.875, 80.375, 6.601547370689013e-22, nan 
-158.625, 80.375, 6.663901393129609e-22, nan 
-158.375, 80.375, 6.47283090431732e-22, nan 
-158.125, 80.375, 6.698708475764267e-22, nan 
-157.875, 80.375, 6.040694869326668e-22, nan 
-157.625, 80.375, 5.733030694255691e-22, nan 
-157.375, 80.375, 5.985017012139465e-22, nan 
-157.125, 80.375, 5.628955007384403e-22, nan 
-156.875, 80.375, 6.100769222031735e-22, nan 
-156.625, 80.375, 5.44637674682726e-22, nan 
-156.375, 80.375, 5.5570667952329625e-22, nan 
-156.125, 80.375, 5.302678870826718e-22, nan 
-155.875, 80.375, 5.220037196555206e-22, nan 
-155.625, 80.375, 5.231831366534234e-22, nan 
-155.375, 80.375, 4.9085552415194775e-22, nan 
-155.125, 80.375, 5.059780359097073e-22, nan 
-154.875, 80.375, 4.51320607281592e-22, nan 
-154.625, 80.375, 4.752888574094356e-22, nan 
-154.375, 80.375, 4.637153449115837e-22, nan 
-154.125, 80.375, 4.410284502192037e-22, nan 
-153.875, 80.375, 4.221056834216332e-22, nan 
-153.625, 80.375, 4.340938094624306e-22, nan 
-153.375, 80.375, 3.9741799290361823e-22, nan 
-153.125, 80.375, 4.069035836503627e-22, nan 
-152.875, 80.375, 3.771169396440823e-22, nan 
-152.625, 80.375, 3.970264038495205e-22, nan 
-152.375, 80.375, 3.719195764139261e-22, nan 
-152.125, 80.375, 3.8617281147757943e-22, nan 
-151.875, 80.375, 3.6708247772474156e-22, nan 
-151.625, 80.375, 3.3371127176604114e-22, nan 
-151.375, 80.375, 3.588207223397421e-22, nan 
-151.125, 80.375, 3.2908539982322283e-22, nan 
-150.875, 80.375, 3.2357099232378297e-22, nan 
-150.625, 80.375, 3.220821372714585e-22, nan 
-150.375, 80.375, 3.0831587381330895e-22, nan 
-150.125, 80.375, 2.9985998974911224e-22, nan 
-149.875, 80.375, 2.9445281416807416e-22, nan 
-149.625, 80.375, 3.0735846493498315e-22, nan 
-149.375, 80.375, 2.684637952491098e-22, nan 
-149.125, 80.375, 2.890317145214144e-22, nan 
-148.875, 80.375, 2.7730456165164676e-22, nan 
-148.625, 80.375, 2.554222092768182e-22, nan 
-148.375, 80.375, 2.585224654633672e-22, nan 
-148.125, 80.375, 2.651010092773622e-22, nan 
-147.875, 80.375, 2.4061575048949593e-22, nan 
-147.625, 80.375, 2.3339451153518085e-22, nan 
-147.375, 80.375, 2.3472092338842574e-22, nan 
-147.125, 80.375, 2.1932543094457014e-22, nan 
-146.875, 80.375, 2.127728622375775e-22, nan 
-146.625, 80.375, 2.02415531073303e-22, nan 
-146.375, 80.375, 1.8552302683468934e-22, nan 
-146.125, 80.375, 2.1545015953745044e-22, nan 
-145.875, 80.375, 1.9030050589981914e-22, nan 
-145.625, 80.375, 1.7945582398311444e-22, nan 
-145.375, 80.375, 2.1116815208671318e-22, nan 
-145.125, 80.375, 1.5895843759495173e-22, nan 
-144.875, 80.375, 1.719356137201857e-22, nan 
-144.625, 80.375, 1.7556166122293148e-22, nan 
-144.375, 80.375, 1.5253651026915647e-22, nan 
-144.125, 80.375, 1.5763883711302944e-22, nan 
-143.875, 80.375, 1.7346077505010531e-22, nan 
-143.625, 80.375, 1.4986805349435228e-22, nan 
-143.375, 80.375, 1.5532417893673004e-22, nan 
-143.125, 80.375, 1.4844344411747278e-22, nan 
-142.875, 80.375, 1.376249276953235e-22, nan 
-142.625, 80.375, 1.4151858921591725e-22, nan 
-142.375, 80.375, 1.4567873604529993e-22, nan 
-142.125, 80.375, 1.354185104228148e-22, nan 
-141.875, 80.375, 1.2812862487485057e-22, nan 
-141.625, 80.375, 1.3599187162466197e-22, nan 
-141.375, 80.375, 1.205500914692016e-22, nan 
-141.125, 80.375, 1.3954884259962678e-22, nan 
-140.875, 80.375, 1.2382728353917018e-22, nan 
-140.625, 80.375, 1.3087251466321822e-22, nan 
-140.375, 80.375, 1.292223550020906e-22, nan 
-140.125, 80.375, 1.3026917974326392e-22, nan 
-139.875, 80.375, 1.1743077779501004e-22, nan 
-139.625, 80.375, 1.1720830737143614e-22, nan 
-139.375, 80.375, 1.2771981901415906e-22, nan 
-139.125, 80.375, 1.088378489002509e-22, nan 
-138.875, 80.375, 1.1350229524999076e-22, nan 
-138.625, 80.375, 1.0869936941160234e-22, nan 
-138.375, 80.375, 1.206234429389731e-22, nan 
-138.125, 80.375, 1.1424730244352612e-22, nan 
-137.875, 80.375, 1.0247512159597296e-22, nan 
-137.625, 80.375, 1.1836962322409642e-22, nan 
-137.375, 80.375, 1.061104841785526e-22, nan 
-137.125, 80.375, 9.897360734057432e-23, nan 
-136.875, 80.375, 1.1192672558067e-22, nan 
-136.625, 80.375, 1.096803445746043e-22, nan 
-136.375, 80.375, 9.560933478649267e-23, nan 
-136.125, 80.375, 1.1053925267714385e-22, nan 
-135.875, 80.375, 9.55418665678913e-23, nan 
-135.625, 80.375, 9.506056073623656e-23, nan 
-135.375, 80.375, 1.104494975414578e-22, nan 
-135.125, 80.375, 1.1230485478376286e-22, nan 
-134.875, 80.375, 9.906522512228869e-23, nan 
-134.625, 80.375, 9.450532346385741e-23, nan 
-134.375, 80.375, 1.0268522780235547e-22, nan 
-134.125, 80.375, 8.716272177394415e-23, nan 
-133.875, 80.375, 1.0325213606633165e-22, nan 
-133.625, 80.375, 1.0434811983983565e-22, nan 
-133.375, 80.375, 9.923246167964744e-23, nan 
-133.125, 80.375, 9.717058688685338e-23, nan 
-132.875, 80.375, 9.618447843690114e-23, nan 
-132.625, 80.375, 9.19778671629824e-23, nan 
-132.375, 80.375, 1.0603971093947675e-22, nan 
-132.125, 80.375, 9.003205257354716e-23, nan 
-131.875, 80.375, 9.567770214421902e-23, nan 
-131.625, 80.375, 9.647194244538976e-23, nan 
-131.375, 80.375, 9.785652039956762e-23, nan 
-131.125, 80.375, 1.0484557941055186e-22, nan 
-130.875, 80.375, 9.315687016516927e-23, nan 
-130.625, 80.375, 9.727868734135162e-23, nan 
-130.375, 80.375, 9.284729031481665e-23, nan 
-130.125, 80.375, 8.481579615154416e-23, nan 
-129.875, 80.375, 9.923899206620938e-23, nan 
-129.625, 80.375, 9.86295286878399e-23, nan 
-129.375, 80.375, 8.595741328540463e-23, nan 
-129.125, 80.375, 8.836965160712785e-23, nan 
-128.875, 80.375, 8.019467525939883e-23, nan 
-128.625, 80.375, 8.012945845494652e-23, nan 
-128.375, 80.375, 7.185833426053836e-23, nan 
-128.125, 80.375, 7.648788877757533e-23, nan 
-127.875, 80.375, 7.26952849396248e-23, nan 
-127.625, 80.375, 6.869603698351122e-23, nan 
-127.375, 80.375, 6.639059128237833e-23, nan 
-127.125, 80.375, 6.265688103067937e-23, nan 
-126.875, 80.375, 6.343271167328041e-23, nan 
-126.625, 80.375, 5.950589252548111e-23, nan 
-126.375, 80.375, 5.563738511234639e-23, nan 
-126.125, 80.375, 5.600429588502564e-23, nan 
-125.875, 80.375, 5.695342298736862e-23, nan 
-125.625, 80.375, 6.264204433376077e-23, nan 
-125.375, 80.375, 6.259615778257996e-23, nan 
-125.125, 80.375, 6.30154021183021e-23, nan 
-124.875, 80.375, 7.052330898944013e-23, nan 
-124.625, 80.375, 7.428220133568306e-23, nan 
-124.375, 80.375, 7.07782027656943e-23, nan 
-124.125, 80.375, 7.891484901016991e-23, nan 
-123.875, 80.375, 8.854387060196009e-23, nan 
-123.625, 80.375, 8.885251370168644e-23, nan 
-123.375, 80.375, 9.177973065993391e-23, nan 
-123.125, 80.375, 8.686337445836816e-23, nan 
-122.875, 80.375, 1.0326657413275695e-22, nan 
-122.625, 80.375, 1.2508454689446636e-22, nan 
-122.375, 80.375, 1.0853262852509949e-22, nan 
-122.125, 80.375, 1.2186485675031165e-22, nan 
-121.875, 80.375, 1.275137047408108e-22, nan 
-121.625, 80.375, 1.3601325798489897e-22, nan 
-121.375, 80.375, 1.411324638060256e-22, nan 
-121.125, 80.375, 1.6568258660761576e-22, nan 
-120.875, 80.375, 2.0028011032223463e-22, nan 
-120.625, 80.375, 1.8581636960001659e-22, nan 
-120.375, 80.375, 1.9349397606973407e-22, nan 
-120.125, 80.375, 1.7195219595669378e-22, nan 
-119.875, 80.375, 1.6004920925501528e-22, nan 
-119.625, 80.375, 2.0331158591458597e-22, nan 
-119.375, 80.375, 2.1841086625877586e-22, nan 
-119.125, 80.375, 2.280424875168727e-22, nan 
-118.875, 80.375, 2.230499314151508e-22, nan 
-118.625, 80.375, 2.0573617639348802e-22, nan 
-118.375, 80.375, 2.2191606345931224e-22, nan 
-118.125, 80.375, 1.9459977654161292e-22, nan 
-117.875, 80.375, 1.5835802999741018e-22, nan 
-117.625, 80.375, 1.7851390058140497e-22, nan 
-117.375, 80.375, 1.8980486030273922e-22, nan 
-117.125, 80.375, 1.9717002047924665e-22, nan 
-116.875, 80.375, 2.0557570480922396e-22, nan 
-116.625, 80.375, 1.835343213740231e-22, nan 
-116.375, 80.375, 2.022765583911027e-22, nan 
-116.125, 80.375, 2.0835160543359079e-22, nan 
-115.875, 80.375, 1.4983568462395777e-22, nan 
-115.625, 80.375, 2.36429124942337e-22, nan 
-115.375, 80.375, 2.2921618607075908e-22, nan 
-115.125, 80.375, 1.9285692739958371e-22, nan 
-114.875, 80.375, 2.0230194116912915e-22, nan 
-114.625, 80.375, 2.1000791087573324e-22, nan 
-114.375, 80.375, 2.2263724357794742e-22, nan 
-114.125, 80.375, 2.2250730048354157e-22, nan 
-113.875, 80.375, 1.9330083718709827e-22, nan 
-113.625, 80.375, 1.682284226363482e-22, nan 
-113.375, 80.375, 1.110311765354657e-22, nan 
-113.125, 80.375, 1.0271609308482801e-22, nan 
-112.875, 80.375, 8.808914731937014e-23, nan 
-112.625, 80.375, 1.4922815605120993e-22, nan 
-112.375, 80.375, 1.4823297508299544e-22, nan 
-112.125, 80.375, 1.2725486462127271e-22, nan 
-111.875, 80.375, 1.5765012112181245e-22, nan 
-111.625, 80.375, 2.0319623532814783e-22, nan 
-111.375, 80.375, 1.8083962529426022e-22, nan 
-111.125, 80.375, 1.6784191422089114e-22, nan 
-110.875, 80.375, 1.6239357896183107e-22, nan 
-110.625, 80.375, 1.869465872892619e-22, nan 
-110.375, 80.375, 2.027597844083237e-22, nan 
-110.125, 80.375, 1.6590755505031804e-22, nan 
-109.875, 80.375, 1.5570676340626426e-22, nan 
-109.625, 80.375, 1.4987723610853497e-22, nan 
-109.375, 80.375, 1.182131639880702e-22, nan 
-109.125, 80.375, 1.0728979339179511e-22, nan 
-108.875, 80.375, 8.823944044527761e-23, nan 
-108.625, 80.375, 1.090681705181535e-22, nan 
-108.375, 80.375, 1.123492927959708e-22, nan 
-108.125, 80.375, 8.203059226653133e-23, nan 
-107.875, 80.375, 5.756632468666474e-23, nan 
-107.625, 80.375, 4.837624726519135e-23, nan 
-107.375, 80.375, 8.075961997167322e-23, nan 
-107.125, 80.375, 9.126538981290103e-23, nan 
-106.875, 80.375, 7.092422673952295e-23, nan 
-106.625, 80.375, 4.262273219997392e-23, nan 
-106.375, 80.375, 3.14786325725376e-23, nan 
-106.125, 80.375, 4.019682607746496e-23, nan 
-105.875, 80.375, 2.3785861206414427e-23, nan 
-105.625, 80.375, 2.3408522500152265e-23, nan 
-105.375, 80.375, 4.4468338418578066e-23, nan 
-105.125, 80.375, 3.1378079703312594e-23, nan 
-104.875, 80.375, 3.126593089298676e-23, nan 
-104.625, 80.375, 3.6187182612740613e-23, nan 
-104.375, 80.375, 1.8484096618389316e-22, nan 
-104.125, 80.375, 3.99853724175504e-22, nan 
-103.875, 80.375, 2.9052008370166153e-22, nan 
-103.625, 80.375, 6.84107209282803e-23, nan 
-103.375, 80.375, 1.3990754714616606e-22, nan 
-103.125, 80.375, 2.3107821828768264e-22, nan 
-102.875, 80.375, 1.4567913920902649e-22, nan 
-102.625, 80.375, 5.509000569074628e-23, nan 
-102.375, 80.375, 6.195769987456056e-23, nan 
-102.125, 80.375, 4.554260083901793e-23, nan 
-101.875, 80.375, 6.286607636572502e-23, nan 
-101.625, 80.375, 4.0479670269873834e-23, nan 
-101.375, 80.375, 4.9962130309478266e-23, nan 
-101.125, 80.375, 5.551216021595032e-23, nan 
-100.875, 80.375, 4.3024631857311477e-23, nan 
-100.625, 80.375, 5.2377652014875433e-23, nan 
-100.375, 80.375, 5.715742681273367e-23, nan 
-100.125, 80.375, 5.0387931012199646e-23, nan 
-99.875, 80.375, 5.1676369660292234e-23, nan 
-99.625, 80.375, 5.852212747801988e-23, nan 
-99.375, 80.375, 6.116436358788375e-23, nan 
-99.125, 80.375, 6.184336032348914e-23, nan 
-98.875, 80.375, 6.219739622880675e-23, nan 
-98.625, 80.375, 5.096617266554271e-23, nan 
-98.375, 80.375, 3.779382082540682e-23, nan 
-98.125, 80.375, 5.0963902831115697e-23, nan 
-97.875, 80.375, 5.411790518043692e-23, nan 
-97.625, 80.375, 9.423670805553324e-23, nan 
-97.375, 80.375, 6.057102635893169e-23, nan 
-97.125, 80.375, 4.442986082059401e-23, nan 
-96.875, 80.375, 5.326628360455238e-23, nan 
-96.625, 80.375, 6.159996815871746e-23, nan 
-96.375, 80.375, 5.778615023666288e-23, nan 
-96.125, 80.375, 4.734261627148051e-23, nan 
-95.875, 80.375, 4.306854416253951e-23, nan 
-95.625, 80.375, 4.483282608006652e-23, nan 
-95.375, 80.375, 4.895593516822714e-23, nan 
-95.125, 80.375, 3.634413895985064e-23, nan 
-94.875, 80.375, 3.7511396810832325e-23, nan 
-94.625, 80.375, 4.440248487388613e-23, nan 
-94.375, 80.375, 3.512937249402037e-23, nan 
-94.125, 80.375, 4.18939780567034e-23, nan 
-93.875, 80.375, 3.3399651041782743e-23, nan 
-93.625, 80.375, 3.6339131000975156e-23, nan 
-93.375, 80.375, 3.470598262254885e-23, nan 
65.375, 80.375, 4.466880193715267e-23, nan 
65.625, 80.375, 4.800162112859023e-23, nan 
65.875, 80.375, 3.968494941431835e-23, nan 
66.125, 80.375, 4.152768011295751e-23, nan 
66.375, 80.375, 5.466427108682972e-23, nan 
66.625, 80.375, 5.139067606420488e-23, nan 
66.875, 80.375, 5.0415601039755483e-23, nan 
67.125, 80.375, 4.333502046575732e-23, nan 
67.375, 80.375, 5.198973607490434e-23, nan 
67.625, 80.375, 4.4083236964764755e-23, nan 
67.875, 80.375, 4.379910179751838e-23, nan 
68.125, 80.375, 4.5652502415738165e-23, nan 
68.375, 80.375, 4.7099480107174255e-23, nan 
68.625, 80.375, 4.590811545018773e-23, nan 
68.875, 80.375, 4.407584134402275e-23, nan 
69.125, 80.375, 4.508617612456524e-23, nan 
69.375, 80.375, 4.006568847210704e-23, nan 
69.625, 80.375, 4.0246130259890184e-23, nan 
69.875, 80.375, 3.0415442007235325e-23, nan 
70.125, 80.375, 2.8948367837927054e-23, nan 
70.375, 80.375, 2.860027631283504e-23, nan 
70.625, 80.375, 3.007888646427367e-23, nan 
70.875, 80.375, 2.2757428345671794e-23, nan 
71.125, 80.375, 2.2404854434028012e-23, nan 
71.375, 80.375, 4.15404376535813e-23, nan 
71.625, 80.375, 5.2465752637918376e-23, nan 
71.875, 80.375, 4.1218295041683214e-23, nan 
72.125, 80.375, 3.616724202159391e-23, nan 
72.375, 80.375, 2.735552985794275e-23, nan 
72.625, 80.375, 4.005061188385343e-23, nan 
72.875, 80.375, 3.226344796206252e-23, nan 
73.125, 80.375, 3.680482747323567e-23, nan 
73.375, 80.375, 1.8874479627250058e-23, nan 
73.625, 80.375, 3.677072056377358e-23, nan 
73.875, 80.375, 1.5456652662638225e-23, nan 
74.125, 80.375, 2.0948009791070487e-23, nan 
74.375, 80.375, 1.1462981759532578e-23, nan 
74.625, 80.375, 1.0608206700031126e-23, nan 
74.875, 80.375, 1.940649411840284e-23, nan 
75.125, 80.375, 3.554650096328036e-23, nan 
75.375, 80.375, 2.3724777672976917e-23, nan 
75.625, 80.375, 3.629716191911087e-23, nan 
75.875, 80.375, 4.362737852792121e-23, nan 
76.125, 80.375, 3.7804935356002423e-23, nan 
76.375, 80.375, 2.990503945861533e-23, nan 
76.625, 80.375, 2.6749113407038655e-23, nan 
76.875, 80.375, 2.27036118432284e-23, nan 
77.125, 80.375, 2.4177963441984947e-23, nan 
77.375, 80.375, 2.5745317711804204e-23, nan 
77.625, 80.375, 2.7512960277661084e-23, nan 
77.875, 80.375, 4.3539211936953016e-23, nan 
78.125, 80.375, 4.8699518748065635e-23, nan 
78.375, 80.375, 6.039704834254685e-23, nan 
78.625, 80.375, 5.908339943044164e-23, nan 
78.875, 80.375, 5.156784303752175e-23, nan 
79.125, 80.375, 4.609995234112064e-23, nan 
79.375, 80.375, 4.277721062484531e-23, nan 
79.625, 80.375, 3.4169110785715466e-23, nan 
79.875, 80.375, 4.399059609110832e-23, nan 
80.125, 80.375, 3.997451828957245e-23, nan 
80.375, 80.375, 6.235461524400107e-23, nan 
80.625, 80.375, 4.52026138027938e-23, nan 
80.875, 80.375, 4.941266193233731e-23, nan 
81.125, 80.375, 6.930227730613811e-23, nan 
81.375, 80.375, 5.54621909623156e-23, nan 
81.625, 80.375, 6.87815122403389e-23, nan 
81.875, 80.375, 6.622556427395018e-23, nan 
82.125, 80.375, 5.718877817142304e-23, nan 
82.375, 80.375, 5.1896555660169554e-23, nan 
82.625, 80.375, 6.222758990725625e-23, nan 
82.875, 80.375, 6.08883623486784e-23, nan 
83.125, 80.375, 6.226481741487223e-23, nan 
83.375, 80.375, 5.165743894467402e-23, nan 
83.625, 80.375, 5.907705409850028e-23, nan 
83.875, 80.375, 8.174662658781497e-23, nan 
84.125, 80.375, 7.856797882675506e-23, nan 
84.375, 80.375, 7.604992237295446e-23, nan 
84.625, 80.375, 7.967703877884298e-23, nan 
84.875, 80.375, 8.7630587624239e-23, nan 
85.125, 80.375, 8.307022941456591e-23, nan 
85.375, 80.375, 8.435235578480158e-23, nan 
85.625, 80.375, 7.742966442762832e-23, nan 
85.875, 80.375, 8.035575028029645e-23, nan 
86.125, 80.375, 8.284354792139479e-23, nan 
86.375, 80.375, 7.450139022018289e-23, nan 
86.625, 80.375, 8.282057618851547e-23, nan 
86.875, 80.375, 7.052698939361156e-23, nan 
87.125, 80.375, 8.874617003249e-23, nan 
87.375, 80.375, 7.20417355587431e-23, nan 
87.625, 80.375, 5.583488239819126e-23, nan 
87.875, 80.375, 6.834104086081656e-23, nan 
88.125, 80.375, 7.011800031536444e-23, nan 
88.375, 80.375, 6.002933595237595e-23, nan 
88.625, 80.375, 3.783233847771626e-23, nan 
88.875, 80.375, 5.1425615315379595e-23, nan 
89.125, 80.375, 5.684760151845499e-23, nan 
89.375, 80.375, 7.508035726493566e-23, nan 
89.625, 80.375, 4.129468342790737e-23, nan 
89.875, 80.375, 3.1825993057836793e-23, nan 
90.125, 80.375, 5.2059356599089534e-23, nan 
90.375, 80.375, 5.281683064633127e-23, nan 
90.625, 80.375, 5.0793878407264806e-23, nan 
90.875, 80.375, 4.8125429685658994e-23, nan 
91.125, 80.375, 4.272646098940699e-23, nan 
91.375, 80.375, 4.539017741976965e-23, nan 
91.625, 80.375, 2.645717723886403e-23, nan 
91.875, 80.375, 1.8230214154038645e-23, nan 
92.125, 80.375, 3.3737880683170946e-23, nan 
92.375, 80.375, 4.1152651085947677e-23, nan 
92.625, 80.375, 5.100115403523489e-23, nan 
92.875, 80.375, 5.611805541672915e-23, nan 
93.125, 80.375, 5.173189580582885e-23, nan 
93.375, 80.375, 3.1504954580312103e-23, nan 
93.625, 80.375, 4.026997089069444e-23, nan 
93.875, 80.375, 4.01205305825396e-23, nan 
94.125, 80.375, 2.2692032987634637e-23, nan 
94.375, 80.375, 1.5094719767396712e-23, nan 
94.625, 80.375, 1.4205762526663427e-23, nan 
94.875, 80.375, 4.5901564086703523e-23, nan 
95.125, 80.375, 9.58072176793788e-23, nan 
95.375, 80.375, 6.449336776485526e-23, nan 
95.625, 80.375, 5.88338275168538e-23, nan 
95.875, 80.375, 4.3797606330594356e-23, nan 
96.125, 80.375, 5.797653134500978e-23, nan 
96.375, 80.375, 9.09886720397058e-23, nan 
96.625, 80.375, 6.33458539790686e-23, nan 
96.875, 80.375, 5.084805553069166e-23, nan 
97.125, 80.375, 6.146363610969909e-23, nan 
97.375, 80.375, 4.4150552092399476e-23, nan 
97.625, 80.375, 3.8408605160513837e-23, nan 
97.875, 80.375, 4.083713355023823e-23, nan 
98.125, 80.375, 5.11857823836972e-23, nan 
98.375, 80.375, 4.515977525711329e-23, nan 
98.625, 80.375, 4.925202454137836e-23, nan 
98.875, 80.375, 4.8477971317037e-23, nan 
99.125, 80.375, 3.9158819805213405e-23, nan 
99.375, 80.375, 3.2009708124361356e-23, nan 
99.625, 80.375, 4.1917788718924383e-23, nan 
99.875, 80.375, 3.9087826386412816e-23, nan 
100.125, 80.375, 5.1336297643458453e-23, nan 
100.375, 80.375, 5.916874742894314e-23, nan 
100.625, 80.375, 5.751286019077609e-23, nan 
100.875, 80.375, 4.582361231232306e-23, nan 
101.125, 80.375, 5.036109755062796e-23, nan 
101.375, 80.375, 5.397095002346256e-23, nan 
101.625, 80.375, 6.225325822501549e-23, nan 
101.875, 80.375, 6.244119030800393e-23, nan 
102.125, 80.375, 4.111483059335374e-23, nan 
102.375, 80.375, 7.935929999489659e-23, nan 
102.625, 80.375, 7.311826003170817e-23, nan 
102.875, 80.375, 8.790265837457626e-23, nan 
103.125, 80.375, 7.872494861212273e-23, nan 
103.375, 80.375, 7.594166118927072e-23, nan 
103.625, 80.375, 1.0611651919158032e-22, nan 
103.875, 80.375, 7.619899812333441e-23, nan 
104.125, 80.375, 9.615328818118638e-23, nan 
104.375, 80.375, 1.0225592603127579e-22, nan 
104.625, 80.375, 9.623490086460312e-23, nan 
104.875, 80.375, 7.728150165582572e-23, nan 
105.125, 80.375, 8.050409796403026e-23, nan 
105.375, 80.375, 7.8361063892252e-23, nan 
105.625, 80.375, 7.589039935722991e-23, nan 
105.875, 80.375, 6.057462195335045e-23, nan 
106.125, 80.375, 1.0253243342263513e-22, nan 
106.375, 80.375, 1.1056131748249308e-22, nan 
106.625, 80.375, 9.571384170281994e-23, nan 
106.875, 80.375, 8.291852789434339e-23, nan 
107.125, 80.375, 9.73790711989891e-23, nan 
107.375, 80.375, 1.1192218090759155e-22, nan 
107.625, 80.375, 1.1930855415739077e-22, nan 
107.875, 80.375, 9.141623322285692e-23, nan 
108.125, 80.375, 1.0711736706275466e-22, nan 
108.375, 80.375, 8.794467304451843e-23, nan 
108.625, 80.375, 4.525355375178048e-23, nan 
108.875, 80.375, 4.6418623588984373e-23, nan 
109.125, 80.375, 6.225500099909561e-23, nan 
109.375, 80.375, 6.794586143644341e-23, nan 
109.625, 80.375, 7.269984709285878e-23, nan 
109.875, 80.375, 4.330522805845548e-23, nan 
110.125, 80.375, 4.1545503711715287e-23, nan 
110.375, 80.375, 6.32327409528e-23, nan 
110.625, 80.375, 5.266358213570115e-23, nan 
110.875, 80.375, 2.0831049896384645e-23, nan 
111.125, 80.375, 9.354023262301205e-23, nan 
111.375, 80.375, 8.514115125941636e-23, nan 
111.625, 80.375, 1.0572098011020806e-22, nan 
111.875, 80.375, 1.1391564951858756e-22, nan 
112.125, 80.375, 5.381931007880008e-23, nan 
112.375, 80.375, 8.86316590951322e-23, nan 
112.625, 80.375, 1.1211148748724662e-22, nan 
112.875, 80.375, 1.2958563899462867e-22, nan 
113.125, 80.375, 1.4699468489703504e-22, nan 
113.375, 80.375, 1.0993534055487465e-22, nan 
113.625, 80.375, 6.652282545686843e-23, nan 
113.875, 80.375, 8.792349378226208e-23, nan 
114.125, 80.375, 4.930141657068184e-23, nan 
114.375, 80.375, 4.777080980755572e-23, nan 
114.625, 80.375, 6.750575291908353e-23, nan 
114.875, 80.375, 1.8339872304640044e-22, nan 
115.125, 80.375, 1.642969793655768e-22, nan 
115.375, 80.375, 1.889459178570892e-22, nan 
115.625, 80.375, 1.4851923550186665e-22, nan 
115.875, 80.375, 1.0513041127517259e-22, nan 
116.125, 80.375, 1.732790365335589e-22, nan 
116.375, 80.375, 1.8381617895826304e-22, nan 
116.625, 80.375, 2.290345431184123e-22, nan 
116.875, 80.375, 2.1730993775798935e-22, nan 
117.125, 80.375, 1.5647570674316482e-22, nan 
117.375, 80.375, 1.4319435204441544e-22, nan 
117.625, 80.375, 1.7654354065083516e-22, nan 
117.875, 80.375, 1.9184652765544185e-22, nan 
118.125, 80.375, 2.010045974502657e-22, nan 
118.375, 80.375, 1.7480628607128972e-22, nan 
118.625, 80.375, 1.9214054420838752e-22, nan 
118.875, 80.375, 2.209018001025439e-22, nan 
119.125, 80.375, 2.148847721816825e-22, nan 
119.375, 80.375, 2.397018352815295e-22, nan 
119.625, 80.375, 2.3626536359213427e-22, nan 
119.875, 80.375, 2.484406090453876e-22, nan 
120.125, 80.375, 2.0068966181725899e-22, nan 
120.375, 80.375, 1.909805629175364e-22, nan 
120.625, 80.375, 1.8358130616624706e-22, nan 
120.875, 80.375, 1.7185208474397592e-22, nan 
121.125, 80.375, 2.0614367611885252e-22, nan 
121.375, 80.375, 9.225284430368915e-23, nan 
121.625, 80.375, 1.4825990098765048e-22, nan 
121.875, 80.375, 1.767474724830149e-22, nan 
122.125, 80.375, 9.765189845173742e-23, nan 
122.375, 80.375, 8.178288837232748e-23, nan 
122.625, 80.375, 1.0659247929388568e-22, nan 
122.875, 80.375, 1.7077615971061304e-22, nan 
123.125, 80.375, 1.6955288080090335e-22, nan 
123.375, 80.375, 1.1218822236580957e-22, nan 
123.625, 80.375, 1.287503751834883e-22, nan 
123.875, 80.375, 1.0920411750936938e-22, nan 
124.125, 80.375, 1.2818551007952604e-22, nan 
124.375, 80.375, 1.3262085005043943e-22, nan 
124.625, 80.375, 1.6129164533706478e-22, nan 
124.875, 80.375, 1.3598992680381762e-22, nan 
125.125, 80.375, 1.2783062334387142e-22, nan 
125.375, 80.375, 1.7645217698382058e-22, nan 
125.625, 80.375, 1.5163810318245827e-22, nan 
125.875, 80.375, 1.9480985231288414e-22, nan 
126.125, 80.375, 2.4506991038265076e-22, nan 
126.375, 80.375, 2.5010444321154273e-22, nan 
126.625, 80.375, 2.9170510006536555e-22, nan 
126.875, 80.375, 2.2078183837536395e-22, nan 
127.125, 80.375, 1.3125050019996797e-22, nan 
127.375, 80.375, 1.662028880355429e-22, nan 
127.625, 80.375, 1.3779059100428333e-22, nan 
127.875, 80.375, 5.393760790167189e-23, nan 
128.125, 80.375, 7.072889160220807e-23, nan 
128.375, 80.375, 1.3857622867989039e-22, nan 
128.625, 80.375, 1.2242079826906007e-22, nan 
128.875, 80.375, 2.0109885119665784e-22, nan 
129.125, 80.375, 9.841655211885743e-23, nan 
129.375, 80.375, 8.991140517614164e-23, nan 
129.625, 80.375, 1.3471317381064212e-22, nan 
129.875, 80.375, 2.786416684190218e-22, nan 
130.125, 80.375, 4.104516143972829e-22, nan 
130.375, 80.375, 5.186618963448742e-22, nan 
130.625, 80.375, 2.2578108281820144e-22, nan 
130.875, 80.375, 6.591279557273212e-23, nan 
131.125, 80.375, 5.0398429118713715e-22, nan 
131.375, 80.375, 6.613874666124688e-22, nan 
131.625, 80.375, 8.757747715907964e-22, nan 
131.875, 80.375, 3.3903288735957424e-22, nan 
132.125, 80.375, 3.165702938884483e-22, nan 
132.375, 80.375, 4.802510159093052e-22, nan 
132.625, 80.375, 4.959819933124178e-22, nan 
132.875, 80.375, 6.064969151345625e-22, nan 
133.125, 80.375, 3.561358386926689e-22, nan 
133.375, 80.375, 3.0933961885143455e-22, nan 
133.625, 80.375, 2.0719778232933081e-22, nan 
133.875, 80.375, 2.315446384650678e-22, nan 
134.125, 80.375, 3.7300572376588013e-22, nan 
134.375, 80.375, 3.2193384420137755e-22, nan 
134.625, 80.375, 3.100504500254128e-22, nan 
134.875, 80.375, 3.048731994780373e-22, nan 
135.125, 80.375, 2.539316228434201e-22, nan 
135.375, 80.375, 2.4286974193715517e-22, nan 
135.625, 80.375, 1.8491904752360155e-22, nan 
135.875, 80.375, 3.6237749981513364e-22, nan 
136.125, 80.375, 2.513988605122265e-22, nan 
136.375, 80.375, 1.6829516591115675e-22, nan 
136.625, 80.375, 3.07031902121535e-22, nan 
136.875, 80.375, 2.738829371587489e-22, nan 
137.125, 80.375, 1.7642570386618085e-22, nan 
137.375, 80.375, 2.407661199510203e-22, nan 
137.625, 80.375, 3.9066420401949034e-22, nan 
137.875, 80.375, 2.793828539118827e-22, nan 
138.125, 80.375, 2.1131114982073725e-22, nan 
138.375, 80.375, 2.5866810626560747e-22, nan 
138.625, 80.375, 3.9177542698825447e-22, nan 
138.875, 80.375, 4.790797605243145e-22, nan 
139.125, 80.375, 4.1334468102620914e-22, nan 
139.375, 80.375, 4.591666846729822e-22, nan 
139.625, 80.375, 4.339659295307879e-22, nan 
139.875, 80.375, 5.1264533389489695e-22, nan 
140.125, 80.375, 5.819484040384468e-22, nan 
140.375, 80.375, 5.097300874213554e-22, nan 
140.625, 80.375, 5.475769907571819e-22, nan 
140.875, 80.375, 7.554871842968198e-22, nan 
141.125, 80.375, 6.904237751781709e-22, nan 
141.375, 80.375, 7.571508951514163e-22, nan 
141.625, 80.375, 9.087952898007455e-22, nan 
141.875, 80.375, 9.351395029774459e-22, nan 
142.125, 80.375, 1.1673551408386224e-21, nan 
142.375, 80.375, 1.5798194239311018e-21, nan 
142.625, 80.375, 1.66662952264574e-21, nan 
142.875, 80.375, 2.4154567598641606e-21, nan 
143.125, 80.375, 1.7295378420853996e-21, nan 
143.375, 80.375, 1.4639018753922334e-21, nan 
143.625, 80.375, 1.2031154892240291e-21, nan 
143.875, 80.375, 1.0579748274637575e-21, nan 
144.125, 80.375, 1.2681061174838438e-21, nan 
144.375, 80.375, 1.3128086544512764e-21, nan 
144.625, 80.375, 1.075037824628625e-21, nan 
144.875, 80.375, 1.2962777269270926e-21, nan 
145.125, 80.375, 1.1901979070887973e-21, nan 
145.375, 80.375, 1.1781314710922633e-21, nan 
145.625, 80.375, 1.2060750785196764e-21, nan 
145.875, 80.375, 1.1162040763548852e-21, nan 
146.125, 80.375, 1.1184257408309305e-21, nan 
146.375, 80.375, 1.1005986098439515e-21, nan 
146.625, 80.375, 1.232092324149319e-21, nan 
146.875, 80.375, 1.0918714770096463e-21, nan 
147.125, 80.375, 1.1435488474458658e-21, nan 
147.375, 80.375, 1.1581450063499207e-21, nan 
147.625, 80.375, 1.6574167096797401e-21, nan 
147.875, 80.375, 2.21723381112806e-21, nan 
148.125, 80.375, 2.1074087832574534e-21, nan 
148.375, 80.375, 1.755841700979077e-21, nan 
148.625, 80.375, 1.4531311722270388e-21, nan 
148.875, 80.375, 1.7511241753684693e-21, nan 
149.125, 80.375, 2.330436306880493e-21, nan 
149.375, 80.375, 1.9730372391612906e-21, nan 
149.625, 80.375, 1.5868192767255469e-21, nan 
149.875, 80.375, 1.2826541338485106e-21, nan 
150.125, 80.375, 1.773732214603847e-21, nan 
150.375, 80.375, 2.3074889581761576e-21, nan 
150.625, 80.375, 2.653743532177306e-21, nan 
150.875, 80.375, 2.9375211753058914e-21, nan 
151.125, 80.375, 2.326948105299442e-21, nan 
151.375, 80.375, 1.5144016473755628e-21, nan 
151.625, 80.375, 1.4160586983618048e-21, nan 
151.875, 80.375, 1.494553992460858e-21, nan 
152.125, 80.375, 2.000126889111862e-21, nan 
152.375, 80.375, 1.772844762707022e-21, nan 
152.625, 80.375, 1.6256123764698322e-21, nan 
152.875, 80.375, 2.093393503603838e-21, nan 
153.125, 80.375, 1.8908996193595286e-21, nan 
153.375, 80.375, 2.29971355778281e-21, nan 
153.625, 80.375, 2.5884739593583166e-21, nan 
153.875, 80.375, 1.6597060046775498e-21, nan 
154.125, 80.375, 3.0863635476049402e-21, nan 
154.375, 80.375, 3.8747550897534326e-21, nan 
154.625, 80.375, 3.689895896193425e-21, nan 
154.875, 80.375, 4.561945307357114e-21, nan 
155.125, 80.375, 3.550988918220719e-21, nan 
155.375, 80.375, 3.954182638063579e-21, nan 
155.625, 80.375, 4.5581220503894395e-21, nan 
155.875, 80.375, 4.435238609417485e-21, nan 
156.125, 80.375, 5.830678738931763e-21, nan 
156.375, 80.375, 5.496373362844589e-21, nan 
156.625, 80.375, 5.093417420671024e-21, nan 
156.875, 80.375, 7.199311394910866e-21, nan 
157.125, 80.375, 6.556795511859591e-21, nan 
157.375, 80.375, 5.550720147952329e-21, nan 
157.625, 80.375, 5.7574027466150434e-21, nan 
157.875, 80.375, 6.00212007736324e-21, nan 
158.125, 80.375, 7.10679502660844e-21, nan 
158.375, 80.375, 7.092265498346011e-21, nan 
158.625, 80.375, 8.8837928002411e-21, nan 
158.875, 80.375, 8.267999455925126e-21, nan 
159.125, 80.375, 8.322708548054364e-21, nan 
159.375, 80.375, 1.0239278319463407e-20, nan 
159.625, 80.375, 7.0568354726765e-21, nan 
159.875, 80.375, 7.538288761932368e-21, nan 
160.125, 80.375, 1.2891126590894233e-20, nan 
160.375, 80.375, 1.914029033744065e-20, nan 
160.625, 80.375, 1.7757108865142895e-20, nan 
160.875, 80.375, 2.0292215148829168e-20, nan 
161.125, 80.375, 2.1473563058096178e-20, nan 
161.375, 80.375, 2.1982742870934448e-20, nan 
161.625, 80.375, 2.2397190401906133e-20, nan 
161.875, 80.375, 2.1854538662240635e-20, nan 
162.125, 80.375, 2.351729831475025e-20, nan 
162.375, 80.375, 2.268923018073974e-20, nan 
162.625, 80.375, 2.239135839638661e-20, nan 
162.875, 80.375, 2.0867029751254326e-20, nan 
163.125, 80.375, 2.1536328124278925e-20, nan 
163.375, 80.375, 2.066991412057421e-20, nan 
163.625, 80.375, 2.244582422818772e-20, nan 
163.875, 80.375, 1.7627957714839002e-20, nan 
164.125, 80.375, 1.8981574749837146e-20, nan 
164.375, 80.375, 2.1467441941392235e-20, nan 
164.625, 80.375, 2.0066705308992362e-20, nan 
164.875, 80.375, 2.1405109214988782e-20, nan 
165.125, 80.375, 2.0890284165120718e-20, nan 
165.375, 80.375, 1.8077967686650873e-20, nan 
165.625, 80.375, 2.1228954933793726e-20, nan 
165.875, 80.375, 2.168268609125985e-20, nan 
166.125, 80.375, 1.7654288920056057e-20, nan 
166.375, 80.375, 2.1501653408773894e-20, nan 
166.625, 80.375, 1.893366993075495e-20, nan 
166.875, 80.375, 1.991278128955356e-20, nan 
167.125, 80.375, 1.9908633492726025e-20, nan 
167.375, 80.375, 1.7336582267634417e-20, nan 
167.625, 80.375, 1.94413256302549e-20, nan 
167.875, 80.375, 1.9145241607918575e-20, nan 
168.125, 80.375, 1.6804602013139617e-20, nan 
168.375, 80.375, 1.5407412724575965e-20, nan 
168.625, 80.375, 1.559534723294291e-20, nan 
168.875, 80.375, 1.669262172585203e-20, nan 
169.125, 80.375, 1.6660891888376785e-20, nan 
169.375, 80.375, 1.5747446578763412e-20, nan 
169.625, 80.375, 1.2249409815580836e-20, nan 
169.875, 80.375, 1.3680584195772046e-20, nan 
170.125, 80.375, 1.2938899112615278e-20, nan 
170.375, 80.375, 1.3291076583304211e-20, nan 
170.625, 80.375, 1.1949603735429084e-20, nan 
170.875, 80.375, 1.3773875873558933e-20, nan 
171.125, 80.375, 1.2890482026422683e-20, nan 
171.375, 80.375, 1.3360508475497378e-20, nan 
171.625, 80.375, 1.4886731162813934e-20, nan 
171.875, 80.375, 1.718441146487416e-20, nan 
172.125, 80.375, 1.4296380901082093e-20, nan 
172.375, 80.375, 1.1970439354934686e-20, nan 
172.625, 80.375, 1.1660784096832149e-20, nan 
172.875, 80.375, 1.4979943500774472e-20, nan 
173.125, 80.375, 1.5250509841008166e-20, nan 
173.375, 80.375, 1.5794049839241973e-20, nan 
173.625, 80.375, 1.4354715441086755e-20, nan 
173.875, 80.375, 1.205142380510267e-20, nan 
174.125, 80.375, 1.2878253940327101e-20, nan 
174.375, 80.375, 1.3151042459833741e-20, nan 
174.625, 80.375, 1.3203371324607848e-20, nan 
174.875, 80.375, 1.255703730741484e-20, nan 
175.125, 80.375, 1.1634033176268583e-20, nan 
175.375, 80.375, 1.2048296804119802e-20, nan 
175.625, 80.375, 1.2851941359581014e-20, nan 
175.875, 80.375, 1.0905238310110865e-20, nan 
176.125, 80.375, 1.158395306978148e-20, nan 
176.375, 80.375, 1.2512060561438506e-20, nan 
176.625, 80.375, 1.3119502218495305e-20, nan 
176.875, 80.375, 1.3033868226071549e-20, nan 
177.125, 80.375, 1.145149493570806e-20, nan 
177.375, 80.375, 1.0835488724988747e-20, nan 
177.625, 80.375, 9.778133486982085e-21, nan 
177.875, 80.375, 1.1446824653564012e-20, nan 
178.125, 80.375, 9.093662668183017e-21, nan 
178.375, 80.375, 9.573333157184617e-21, nan 
178.625, 80.375, 9.960095675280586e-21, nan 
178.875, 80.375, 9.245534166288494e-21, nan 
179.125, 80.375, 9.552134033579437e-21, nan 
179.375, 80.375, 8.610926147665794e-21, nan 
179.625, 80.375, 7.305807656124773e-21, nan 
179.875, 80.375, 7.95318553778382e-21, nan 
-179.875, 80.625, 5.4139726935190595e-21, nan 
-179.625, 80.625, 4.6667300736836486e-21, nan 
-179.375, 80.625, 4.939221413166638e-21, nan 
-179.125, 80.625, 4.334638639350441e-21, nan 
-178.875, 80.625, 4.2556831172763825e-21, nan 
-178.625, 80.625, 4.2650062699392905e-21, nan 
-178.375, 80.625, 4.007896400188532e-21, nan 
-178.125, 80.625, 4.3507668118908315e-21, nan 
-177.875, 80.625, 3.6340529114239865e-21, nan 
-177.625, 80.625, 3.863070754015759e-21, nan 
-177.375, 80.625, 3.596060991302008e-21, nan 
-177.125, 80.625, 3.311446143452437e-21, nan 
-176.875, 80.625, 2.9090165268152577e-21, nan 
-176.625, 80.625, 3.2761188081552547e-21, nan 
-176.375, 80.625, 2.7377259535065254e-21, nan 
-176.125, 80.625, 2.5909475694991754e-21, nan 
-175.875, 80.625, 2.3768176635461715e-21, nan 
-175.625, 80.625, 2.1977999211441454e-21, nan 
-175.375, 80.625, 1.9954295482168405e-21, nan 
-175.125, 80.625, 1.755829140905116e-21, nan 
-174.875, 80.625, 1.3755889307582992e-21, nan 
-174.625, 80.625, 1.122034240344326e-21, nan 
-174.375, 80.625, 1.0414196802301737e-21, nan 
-174.125, 80.625, 7.856573950835164e-22, nan 
-173.875, 80.625, 7.278721916836587e-22, nan 
-173.625, 80.625, 6.100459378369044e-22, nan 
-173.375, 80.625, 6.141438238216615e-22, nan 
-173.125, 80.625, 6.233288098841368e-22, nan 
-172.875, 80.625, 6.34028038046204e-22, nan 
-172.625, 80.625, 7.71080362278083e-22, nan 
-172.375, 80.625, 7.706246143857584e-22, nan 
-172.125, 80.625, 6.710208885605824e-22, nan 
-171.875, 80.625, 6.652246771803768e-22, nan 
-171.625, 80.625, 8.265131639058526e-22, nan 
-171.375, 80.625, 9.29697411872372e-22, nan 
-171.125, 80.625, 1.059161814767473e-21, nan 
-170.875, 80.625, 1.1786789768017444e-21, nan 
-170.625, 80.625, 1.1861229730569982e-21, nan 
-170.375, 80.625, 1.0288499203292038e-21, nan 
-170.125, 80.625, 8.765560089259204e-22, nan 
-169.875, 80.625, 8.646379175614709e-22, nan 
-169.625, 80.625, 8.318442325800922e-22, nan 
-169.375, 80.625, 8.772579226433685e-22, nan 
-169.125, 80.625, 8.072568056904852e-22, nan 
-168.875, 80.625, 7.518534530899317e-22, nan 
-168.625, 80.625, 8.453183084254656e-22, nan 
-168.375, 80.625, 1.0552655289820586e-21, nan 
-168.125, 80.625, 8.643202461454036e-22, nan 
-167.875, 80.625, 8.466773572138461e-22, nan 
-167.625, 80.625, 8.525974912033524e-22, nan 
-167.375, 80.625, 9.664721297632845e-22, nan 
-167.125, 80.625, 9.914981547737959e-22, nan 
-166.875, 80.625, 8.684170266867276e-22, nan 
-166.625, 80.625, 9.049722397479933e-22, nan 
-166.375, 80.625, 9.945892020365704e-22, nan 
-166.125, 80.625, 9.452739930773283e-22, nan 
-165.875, 80.625, 9.350070184148383e-22, nan 
-165.625, 80.625, 9.589756659612633e-22, nan 
-165.375, 80.625, 8.668422361639355e-22, nan 
-165.125, 80.625, 9.711002407900217e-22, nan 
-164.875, 80.625, 9.608505085563329e-22, nan 
-164.625, 80.625, 8.99925368301042e-22, nan 
-164.375, 80.625, 9.006453296315808e-22, nan 
-164.125, 80.625, 8.331462905696501e-22, nan 
-163.875, 80.625, 9.430727070215484e-22, nan 
-163.625, 80.625, 8.078779524705461e-22, nan 
-163.375, 80.625, 8.084958227276389e-22, nan 
-163.125, 80.625, 8.864399447044113e-22, nan 
-162.875, 80.625, 8.542073328535073e-22, nan 
-162.625, 80.625, 7.758070700222667e-22, nan 
-162.375, 80.625, 7.457848266722468e-22, nan 
-162.125, 80.625, 8.524932746387876e-22, nan 
-161.875, 80.625, 7.68415278485396e-22, nan 
-161.625, 80.625, 7.914380280537262e-22, nan 
-161.375, 80.625, 7.481173919470452e-22, nan 
-161.125, 80.625, 6.91288817845253e-22, nan 
-160.875, 80.625, 6.927699214124536e-22, nan 
-160.625, 80.625, 7.458717055016344e-22, nan 
-160.375, 80.625, 7.098486707022197e-22, nan 
-160.125, 80.625, 7.117814038291275e-22, nan 
-159.875, 80.625, 6.874223591039732e-22, nan 
-159.625, 80.625, 6.781189870030479e-22, nan 
-159.375, 80.625, 6.5080931292740345e-22, nan 
-159.125, 80.625, 6.443513712702623e-22, nan 
-158.875, 80.625, 6.76522747906123e-22, nan 
-158.625, 80.625, 6.231288352924956e-22, nan 
-158.375, 80.625, 5.798338430364894e-22, nan 
-158.125, 80.625, 6.008811589422106e-22, nan 
-157.875, 80.625, 5.676060441739324e-22, nan 
-157.625, 80.625, 5.877216903761969e-22, nan 
-157.375, 80.625, 6.198215811103587e-22, nan 
-157.125, 80.625, 5.486160808294222e-22, nan 
-156.875, 80.625, 5.310396250712696e-22, nan 
-156.625, 80.625, 5.294052711608624e-22, nan 
-156.375, 80.625, 5.263670260140453e-22, nan 
-156.125, 80.625, 5.046642894802218e-22, nan 
-155.875, 80.625, 4.8390044670659555e-22, nan 
-155.625, 80.625, 5.063941905503532e-22, nan 
-155.375, 80.625, 4.589786078121439e-22, nan 
-155.125, 80.625, 4.971815963170858e-22, nan 
-154.875, 80.625, 4.320625379928029e-22, nan 
-154.625, 80.625, 4.43520011930474e-22, nan 
-154.375, 80.625, 4.405475698360864e-22, nan 
-154.125, 80.625, 4.132755975117623e-22, nan 
-153.875, 80.625, 3.9906983612629915e-22, nan 
-153.625, 80.625, 4.148149757588074e-22, nan 
-153.375, 80.625, 3.8584445816521473e-22, nan 
-153.125, 80.625, 3.830938672800688e-22, nan 
-152.875, 80.625, 3.739295386322572e-22, nan 
-152.625, 80.625, 3.3912370361158836e-22, nan 
-152.375, 80.625, 3.687688545679443e-22, nan 
-152.125, 80.625, 3.581690715206387e-22, nan 
-151.875, 80.625, 3.336140919120145e-22, nan 
-151.625, 80.625, 3.3820612966312662e-22, nan 
-151.375, 80.625, 3.18665807010691e-22, nan 
-151.125, 80.625, 3.0296066085531206e-22, nan 
-150.875, 80.625, 3.2756892719464467e-22, nan 
-150.625, 80.625, 2.9823379627844187e-22, nan 
-150.375, 80.625, 2.806912116304005e-22, nan 
-150.125, 80.625, 3.021639465863865e-22, nan 
-149.875, 80.625, 2.524867224086447e-22, nan 
-149.625, 80.625, 2.6685072885096887e-22, nan 
-149.375, 80.625, 2.6820899396478297e-22, nan 
-149.125, 80.625, 2.43045668494235e-22, nan 
-148.875, 80.625, 2.3266159067993804e-22, nan 
-148.625, 80.625, 2.570946142356981e-22, nan 
-148.375, 80.625, 2.4124475692939046e-22, nan 
-148.125, 80.625, 2.2108150350089113e-22, nan 
-147.875, 80.625, 2.223419118295261e-22, nan 
-147.625, 80.625, 2.0558618105880762e-22, nan 
-147.375, 80.625, 2.126153722794559e-22, nan 
-147.125, 80.625, 2.0786591483022937e-22, nan 
-146.875, 80.625, 1.8594761047720663e-22, nan 
-146.625, 80.625, 1.9448402087790663e-22, nan 
-146.375, 80.625, 1.7098578430212645e-22, nan 
-146.125, 80.625, 1.6417723219910885e-22, nan 
-145.875, 80.625, 1.7423891153706716e-22, nan 
-145.625, 80.625, 1.5531431938540941e-22, nan 
-145.375, 80.625, 1.6020453144101081e-22, nan 
-145.125, 80.625, 1.635483407894672e-22, nan 
-144.875, 80.625, 1.5835087006532367e-22, nan 
-144.625, 80.625, 1.479591105672867e-22, nan 
-144.375, 80.625, 1.490873400496796e-22, nan 
-144.125, 80.625, 1.3796957869590639e-22, nan 
-143.875, 80.625, 1.26083383522136e-22, nan 
-143.625, 80.625, 1.4222189010678692e-22, nan 
-143.375, 80.625, 1.3025713552367004e-22, nan 
-143.125, 80.625, 1.2550272562707944e-22, nan 
-142.875, 80.625, 1.2586019607547189e-22, nan 
-142.625, 80.625, 1.1622143508084157e-22, nan 
-142.375, 80.625, 1.219530560531506e-22, nan 
-142.125, 80.625, 1.1666167165586762e-22, nan 
-141.875, 80.625, 1.020288845715986e-22, nan 
-141.625, 80.625, 1.1157923962365214e-22, nan 
-141.375, 80.625, 1.0105215059068609e-22, nan 
-141.125, 80.625, 9.873585780490502e-23, nan 
-140.875, 80.625, 1.0125963572433657e-22, nan 
-140.625, 80.625, 9.460383916757594e-23, nan 
-140.375, 80.625, 9.94644390937449e-23, nan 
-140.125, 80.625, 8.800120394319283e-23, nan 
-139.875, 80.625, 9.629111962473977e-23, nan 
-139.625, 80.625, 8.583104230697638e-23, nan 
-139.375, 80.625, 9.088264077755463e-23, nan 
-139.125, 80.625, 8.547026781432954e-23, nan 
-138.875, 80.625, 9.030211722203885e-23, nan 
-138.625, 80.625, 8.339325764296019e-23, nan 
-138.375, 80.625, 8.053467824208069e-23, nan 
-138.125, 80.625, 8.244032526647431e-23, nan 
-137.875, 80.625, 7.983175153296887e-23, nan 
-137.625, 80.625, 7.820474082041571e-23, nan 
-137.375, 80.625, 7.751040262077691e-23, nan 
-137.125, 80.625, 7.472856027282338e-23, nan 
-136.875, 80.625, 7.272570789197715e-23, nan 
-136.625, 80.625, 7.348284136268462e-23, nan 
-136.375, 80.625, 7.15991513039054e-23, nan 
-136.125, 80.625, 6.637021238522828e-23, nan 
-135.875, 80.625, 6.817979333052588e-23, nan 
-135.625, 80.625, 7.671760566524215e-23, nan 
-135.375, 80.625, 6.468684115289396e-23, nan 
-135.125, 80.625, 5.774155406690917e-23, nan 
-134.875, 80.625, 6.506422465763422e-23, nan 
-134.625, 80.625, 7.030185881921308e-23, nan 
-134.375, 80.625, 7.054804084641051e-23, nan 
-134.125, 80.625, 6.375264704762891e-23, nan 
-133.875, 80.625, 6.11679078649585e-23, nan 
-133.625, 80.625, 6.177232905121181e-23, nan 
-133.375, 80.625, 6.519979140134347e-23, nan 
-133.125, 80.625, 6.687775699472517e-23, nan 
-132.875, 80.625, 6.187486819385464e-23, nan 
-132.625, 80.625, 6.291931879177258e-23, nan 
-132.375, 80.625, 6.69684406817255e-23, nan 
-132.125, 80.625, 6.80868017094259e-23, nan 
-131.875, 80.625, 6.747716511569367e-23, nan 
-131.625, 80.625, 7.282359178227107e-23, nan 
-131.375, 80.625, 7.098498688990854e-23, nan 
-131.125, 80.625, 6.895809253665495e-23, nan 
-130.875, 80.625, 7.230307054715153e-23, nan 
-130.625, 80.625, 7.29352105231488e-23, nan 
-130.375, 80.625, 7.481028335142904e-23, nan 
-130.125, 80.625, 7.472364952588011e-23, nan 
-129.875, 80.625, 7.813141048466954e-23, nan 
-129.625, 80.625, 7.688474121925929e-23, nan 
-129.375, 80.625, 7.749584289005134e-23, nan 
-129.125, 80.625, 7.807608805884131e-23, nan 
-128.875, 80.625, 8.10847427769432e-23, nan 
-128.625, 80.625, 8.446237451642117e-23, nan 
-128.375, 80.625, 8.433848258049388e-23, nan 
-128.125, 80.625, 8.020199263429351e-23, nan 
-127.875, 80.625, 8.363393281634056e-23, nan 
-127.625, 80.625, 8.247072627192114e-23, nan 
-127.375, 80.625, 8.576701880726671e-23, nan 
-127.125, 80.625, 9.093860796290833e-23, nan 
-126.875, 80.625, 8.762723821958522e-23, nan 
-126.625, 80.625, 9.607471675689614e-23, nan 
-126.375, 80.625, 9.839197273582178e-23, nan 
-126.125, 80.625, 9.632312450571177e-23, nan 
-125.875, 80.625, 1.0110968346023563e-22, nan 
-125.625, 80.625, 1.1191515345081694e-22, nan 
-125.375, 80.625, 1.1774069912048056e-22, nan 
-125.125, 80.625, 1.1184929452916895e-22, nan 
-124.875, 80.625, 1.128510080612396e-22, nan 
-124.625, 80.625, 1.2881694049351578e-22, nan 
-124.375, 80.625, 1.4585421534455853e-22, nan 
-124.125, 80.625, 1.423210417396758e-22, nan 
-123.875, 80.625, 1.522189722683987e-22, nan 
-123.625, 80.625, 1.4657007980729618e-22, nan 
-123.375, 80.625, 1.6760218187856761e-22, nan 
-123.125, 80.625, 1.9044869297920822e-22, nan 
-122.875, 80.625, 1.8644963061678798e-22, nan 
-122.625, 80.625, 2.233856010612616e-22, nan 
-122.375, 80.625, 2.3034027481009034e-22, nan 
-122.125, 80.625, 2.1568632391105744e-22, nan 
-121.875, 80.625, 2.0869475182298823e-22, nan 
-121.625, 80.625, 1.9797836980583374e-22, nan 
-121.375, 80.625, 2.1136111762130807e-22, nan 
-121.125, 80.625, 2.51568547153367e-22, nan 
-120.875, 80.625, 2.6942957834685356e-22, nan 
-120.625, 80.625, 2.6026135242219647e-22, nan 
-120.375, 80.625, 2.3815809022450894e-22, nan 
-120.125, 80.625, 2.174722329253069e-22, nan 
-119.875, 80.625, 1.7088435454836658e-22, nan 
-119.625, 80.625, 1.8437504268765764e-22, nan 
-119.375, 80.625, 2.392691544418105e-22, nan 
-119.125, 80.625, 2.2202822516950823e-22, nan 
-118.875, 80.625, 2.978059731125435e-22, nan 
-118.625, 80.625, 2.4543779533090416e-22, nan 
-118.375, 80.625, 2.2020178214159636e-22, nan 
-118.125, 80.625, 1.6434247721983808e-22, nan 
-117.875, 80.625, 1.1309770857581791e-22, nan 
-117.625, 80.625, 9.521622267870519e-23, nan 
-117.375, 80.625, 1.6422222731553398e-22, nan 
-117.125, 80.625, 1.8038651615955925e-22, nan 
-116.875, 80.625, 1.794073526992778e-22, nan 
-116.625, 80.625, 1.629961260737034e-22, nan 
-116.375, 80.625, 1.9279840718408026e-22, nan 
-116.125, 80.625, 2.532733556621627e-22, nan 
-115.875, 80.625, 2.426556889186255e-22, nan 
-115.625, 80.625, 2.470853068926559e-22, nan 
-115.375, 80.625, 2.399929819921646e-22, nan 
-115.125, 80.625, 2.388577075413479e-22, nan 
-114.875, 80.625, 2.4269484697600864e-22, nan 
-114.625, 80.625, 2.612567178972874e-22, nan 
-114.375, 80.625, 2.63624814864773e-22, nan 
-114.125, 80.625, 2.5436170186496596e-22, nan 
-113.875, 80.625, 2.0287024116911062e-22, nan 
-113.625, 80.625, 1.7519304785832272e-22, nan 
-113.375, 80.625, 1.2606805988318008e-22, nan 
-113.125, 80.625, 1.3127953844972755e-22, nan 
-112.875, 80.625, 1.5703415509423787e-22, nan 
-112.625, 80.625, 1.5511383894705943e-22, nan 
-112.375, 80.625, 1.7610849573924063e-22, nan 
-112.125, 80.625, 1.5572300081882436e-22, nan 
-111.875, 80.625, 1.5698285301378283e-22, nan 
-111.625, 80.625, 1.6575141068025485e-22, nan 
-111.375, 80.625, 1.6791865578912194e-22, nan 
-111.125, 80.625, 1.4866629783813959e-22, nan 
-110.875, 80.625, 1.1447547946378525e-22, nan 
-110.625, 80.625, 1.6554818746107833e-22, nan 
-110.375, 80.625, 1.5954371135824103e-22, nan 
-110.125, 80.625, 1.7456467902844414e-22, nan 
-109.875, 80.625, 1.449055541842949e-22, nan 
-109.625, 80.625, 1.3085067664051691e-22, nan 
-109.375, 80.625, 8.801202440894554e-23, nan 
-109.125, 80.625, 7.873776561355595e-23, nan 
-108.875, 80.625, 9.442775037661697e-23, nan 
-108.625, 80.625, 8.731741766286844e-23, nan 
-108.375, 80.625, 8.452086789864599e-23, nan 
-108.125, 80.625, 9.482214622894558e-23, nan 
-107.875, 80.625, 1.901594873557921e-22, nan 
-107.625, 80.625, 2.7076072191263216e-22, nan 
-107.375, 80.625, 2.936684855469407e-22, nan 
-107.125, 80.625, 3.1613442215020532e-22, nan 
-106.875, 80.625, 2.8982352699208934e-22, nan 
-106.625, 80.625, 3.010004786298381e-22, nan 
-106.375, 80.625, 3.5940569920968356e-22, nan 
-106.125, 80.625, 5.775598647611327e-22, nan 
-105.875, 80.625, 6.370533122769604e-22, nan 
-105.625, 80.625, 5.955501455453196e-22, nan 
-105.375, 80.625, 5.370423158725919e-22, nan 
-105.125, 80.625, 5.559030907010679e-22, nan 
-104.875, 80.625, 5.999279797432975e-22, nan 
-104.625, 80.625, 5.7081023959231575e-22, nan 
-104.375, 80.625, 4.9340139034225185e-22, nan 
-104.125, 80.625, 6.99920712612738e-22, nan 
-103.875, 80.625, 5.563354153285692e-22, nan 
-103.625, 80.625, 5.081519232847744e-22, nan 
-103.375, 80.625, 4.495664821384071e-22, nan 
-103.125, 80.625, 4.749052746892165e-22, nan 
-102.875, 80.625, 4.473245188183602e-22, nan 
-102.625, 80.625, 5.531421066405167e-22, nan 
-102.375, 80.625, 6.946667309637038e-22, nan 
-102.125, 80.625, 6.372638065939121e-22, nan 
-101.875, 80.625, 4.9761560350870205e-22, nan 
-101.625, 80.625, 5.205619065735254e-22, nan 
-101.375, 80.625, 5.47573075224485e-22, nan 
-101.125, 80.625, 5.276300228362369e-22, nan 
-100.875, 80.625, 5.025919023876715e-22, nan 
-100.625, 80.625, 4.434452771106054e-22, nan 
-100.375, 80.625, 4.364191023049923e-22, nan 
-100.125, 80.625, 8.592491899375719e-23, nan 
-99.875, 80.625, 1.2470013275763795e-22, nan 
-99.625, 80.625, 1.1177504034909627e-22, nan 
-99.375, 80.625, 4.8124092419391936e-23, nan 
-99.125, 80.625, 5.366406036247641e-23, nan 
-98.875, 80.625, 5.749659986001369e-23, nan 
-98.625, 80.625, 1.1220235718968687e-22, nan 
-98.375, 80.625, 1.2531489785033777e-22, nan 
-98.125, 80.625, 1.4801262842829994e-22, nan 
-97.875, 80.625, 1.4390669971557226e-22, nan 
-97.625, 80.625, 8.290063338829967e-23, nan 
-97.375, 80.625, 8.638652591073855e-23, nan 
-97.125, 80.625, 6.262829569945636e-23, nan 
-96.875, 80.625, 7.008083698642298e-23, nan 
-96.625, 80.625, 7.503982949253553e-23, nan 
-96.375, 80.625, 8.134377953568466e-23, nan 
-96.125, 80.625, 8.001400926026472e-23, nan 
-95.875, 80.625, 7.095640008677048e-23, nan 
-95.625, 80.625, 7.13559636263555e-23, nan 
-95.375, 80.625, 7.043634787479628e-23, nan 
-95.125, 80.625, 7.466622602015537e-23, nan 
-94.875, 80.625, 9.082827381937019e-23, nan 
-94.625, 80.625, 7.769127834896587e-23, nan 
-94.375, 80.625, 7.980857413365656e-23, nan 
-94.125, 80.625, 8.304027189698702e-23, nan 
-93.875, 80.625, 7.866997873478602e-23, nan 
-93.625, 80.625, 9.044693875218157e-23, nan 
-93.375, 80.625, 9.803123696817164e-23, nan 
-93.125, 80.625, 1.2118236315757e-22, nan 
-92.875, 80.625, 9.776563940396645e-23, nan 
-92.625, 80.625, 7.777159340158548e-23, nan 
64.625, 80.625, 6.27720066549783e-23, nan 
64.875, 80.625, 5.698464082877447e-23, nan 
65.125, 80.625, 5.615448023747058e-23, nan 
65.375, 80.625, 5.906576475184794e-23, nan 
65.625, 80.625, 5.689644456459887e-23, nan 
65.875, 80.625, 5.154269683133638e-23, nan 
66.125, 80.625, 6.274215032194472e-23, nan 
66.375, 80.625, 9.044768387369713e-23, nan 
66.625, 80.625, 6.814370779936074e-23, nan 
66.875, 80.625, 7.842016698159182e-23, nan 
67.125, 80.625, 4.905375594151863e-23, nan 
67.375, 80.625, 6.14831661370134e-23, nan 
67.625, 80.625, 6.213516040617578e-23, nan 
67.875, 80.625, 6.454963011718616e-23, nan 
68.125, 80.625, 7.380374501603275e-23, nan 
68.375, 80.625, 8.087927391930877e-23, nan 
68.625, 80.625, 7.874306247076298e-23, nan 
68.875, 80.625, 8.049142356906707e-23, nan 
69.125, 80.625, 7.407961352214939e-23, nan 
69.375, 80.625, 6.717754349249327e-23, nan 
69.625, 80.625, 8.316211263082399e-23, nan 
69.875, 80.625, 9.265529564296212e-23, nan 
70.125, 80.625, 9.492593363312558e-23, nan 
70.375, 80.625, 9.724383974816325e-23, nan 
70.625, 80.625, 9.926079136772028e-23, nan 
70.875, 80.625, 1.0099383144564589e-22, nan 
71.125, 80.625, 9.25302164375236e-23, nan 
71.375, 80.625, 7.904668527448193e-23, nan 
71.625, 80.625, 1.0090052572560484e-22, nan 
71.875, 80.625, 2.8833474369477143e-22, nan 
72.125, 80.625, 3.5648013576782267e-22, nan 
72.375, 80.625, 3.0513415513141712e-22, nan 
72.625, 80.625, 2.161844376442357e-22, nan 
72.875, 80.625, 2.0046532919017383e-22, nan 
73.125, 80.625, 2.6475969397097174e-22, nan 
73.375, 80.625, 2.4019493246558513e-22, nan 
73.625, 80.625, 2.575583333332026e-22, nan 
73.875, 80.625, 2.2043635242527e-22, nan 
74.125, 80.625, 2.138569007091476e-22, nan 
74.375, 80.625, 1.9445320276634133e-22, nan 
74.625, 80.625, 1.563206297449426e-22, nan 
74.875, 80.625, 1.1704812757561035e-22, nan 
75.125, 80.625, 9.080565062289425e-23, nan 
75.375, 80.625, 9.012591705603482e-23, nan 
75.625, 80.625, 7.632545055847903e-23, nan 
75.875, 80.625, 8.329027690466942e-23, nan 
76.125, 80.625, 9.516658454123185e-23, nan 
76.375, 80.625, 8.354258019492685e-23, nan 
76.625, 80.625, 8.879632555383327e-23, nan 
76.875, 80.625, 7.995230952359113e-23, nan 
77.125, 80.625, 7.64900911241806e-23, nan 
77.375, 80.625, 7.763547279913411e-23, nan 
77.625, 80.625, 7.827640364189642e-23, nan 
77.875, 80.625, 9.92587039487883e-23, nan 
78.125, 80.625, 1.210082357331422e-22, nan 
78.375, 80.625, 1.2615630482309106e-22, nan 
78.625, 80.625, 1.5510533098795042e-22, nan 
78.875, 80.625, 1.6641883135994613e-22, nan 
79.125, 80.625, 1.8399164425464319e-22, nan 
79.375, 80.625, 2.0868649427444279e-22, nan 
79.625, 80.625, 1.8373722971957957e-22, nan 
79.875, 80.625, 1.393944865574151e-22, nan 
80.125, 80.625, 1.8179447080626754e-22, nan 
80.375, 80.625, 1.6428081676209616e-22, nan 
80.625, 80.625, 1.3907567568992593e-22, nan 
80.875, 80.625, 1.3519521488966306e-22, nan 
81.125, 80.625, 1.4705706953963032e-22, nan 
81.375, 80.625, 1.1155486819363984e-22, nan 
81.625, 80.625, 1.2174251295944986e-22, nan 
81.875, 80.625, 1.1487163177611151e-22, nan 
82.125, 80.625, 1.0002470833428832e-22, nan 
82.375, 80.625, 1.0704184733444936e-22, nan 
82.625, 80.625, 1.0306616057571093e-22, nan 
82.875, 80.625, 1.0836493202852275e-22, nan 
83.125, 80.625, 1.0877005759185675e-22, nan 
83.375, 80.625, 1.0159406281981446e-22, nan 
83.625, 80.625, 9.364824670634026e-23, nan 
83.875, 80.625, 1.036032133943645e-22, nan 
84.125, 80.625, 1.0317629003325889e-22, nan 
84.375, 80.625, 9.616627018750823e-23, nan 
84.625, 80.625, 9.326656259001207e-23, nan 
84.875, 80.625, 7.959546467973156e-23, nan 
85.125, 80.625, 6.717079307616045e-23, nan 
85.375, 80.625, 7.825732620522895e-23, nan 
85.625, 80.625, 8.498216093153539e-23, nan 
85.875, 80.625, 8.7579237598276e-23, nan 
86.125, 80.625, 1.0118029106561789e-22, nan 
86.375, 80.625, 8.40122731630815e-23, nan 
86.625, 80.625, 9.219613915755348e-23, nan 
86.875, 80.625, 9.426364643162295e-23, nan 
87.125, 80.625, 9.999748745380314e-23, nan 
87.375, 80.625, 9.327833254058519e-23, nan 
87.625, 80.625, 8.186180177852628e-23, nan 
87.875, 80.625, 8.086753310689863e-23, nan 
88.125, 80.625, 8.370102576221921e-23, nan 
88.375, 80.625, 7.095368175533745e-23, nan 
88.625, 80.625, 7.241415594053483e-23, nan 
88.875, 80.625, 8.408564015007648e-23, nan 
89.125, 80.625, 8.721735255928375e-23, nan 
89.375, 80.625, 9.643020105574667e-23, nan 
89.625, 80.625, 1.1004522473647126e-22, nan 
89.875, 80.625, 1.1335842042184742e-22, nan 
90.125, 80.625, 1.0131954410684155e-22, nan 
90.375, 80.625, 1.0259640574935674e-22, nan 
90.625, 80.625, 8.965653364056947e-23, nan 
90.875, 80.625, 9.991760353285375e-23, nan 
91.125, 80.625, 1.0104890011308559e-22, nan 
91.375, 80.625, 8.539733697727907e-23, nan 
91.625, 80.625, 7.750131751648392e-23, nan 
91.875, 80.625, 1.0306878995275812e-22, nan 
92.125, 80.625, 1.0264667626255509e-22, nan 
92.375, 80.625, 1.0021291949884624e-22, nan 
92.625, 80.625, 8.304671531641567e-23, nan 
92.875, 80.625, 8.726636282802961e-23, nan 
93.125, 80.625, 8.204739658051906e-23, nan 
93.375, 80.625, 5.570715229474122e-23, nan 
93.625, 80.625, 4.625055815948834e-23, nan 
93.875, 80.625, 5.817192721492685e-23, nan 
94.125, 80.625, 3.9789464929275904e-23, nan 
94.375, 80.625, 3.7589419237858555e-23, nan 
94.625, 80.625, 3.1603662422287747e-23, nan 
94.875, 80.625, 4.2941987690271567e-23, nan 
95.125, 80.625, 6.461888007038592e-23, nan 
95.375, 80.625, 5.562657145064758e-23, nan 
95.625, 80.625, 6.117942975001913e-23, nan 
95.875, 80.625, 6.66452462166986e-23, nan 
96.125, 80.625, 5.0260955929093136e-23, nan 
96.375, 80.625, 4.043625488833248e-23, nan 
96.625, 80.625, 5.734403239781676e-23, nan 
96.875, 80.625, 3.915487398348875e-23, nan 
97.125, 80.625, 4.47623196309711e-23, nan 
97.375, 80.625, 2.8962313135419647e-23, nan 
97.625, 80.625, 4.910052430085587e-23, nan 
97.875, 80.625, 3.879789202799799e-23, nan 
98.125, 80.625, 2.8952488729917963e-23, nan 
98.375, 80.625, 3.5538072459124115e-23, nan 
98.625, 80.625, 2.57636785480471e-23, nan 
98.875, 80.625, 1.131162220514525e-23, nan 
99.125, 80.625, 3.1957178439708484e-23, nan 
99.375, 80.625, 3.2435826282134555e-23, nan 
99.625, 80.625, 4.16313441192217e-23, nan 
99.875, 80.625, 4.0652230856595117e-23, nan 
100.125, 80.625, 4.1710676733017583e-23, nan 
100.375, 80.625, 5.678386475294206e-23, nan 
100.625, 80.625, 6.064567998072903e-23, nan 
100.875, 80.625, 5.895926074656974e-23, nan 
101.125, 80.625, 4.7037519711391665e-23, nan 
101.375, 80.625, 4.135103757375488e-23, nan 
101.625, 80.625, 5.853475825430099e-23, nan 
101.875, 80.625, 6.681694526900594e-23, nan 
102.125, 80.625, 7.436632118007143e-23, nan 
102.375, 80.625, 8.965718739745588e-23, nan 
102.625, 80.625, 6.76981367210683e-23, nan 
102.875, 80.625, 6.21692653598091e-23, nan 
103.125, 80.625, 5.641602200523484e-23, nan 
103.375, 80.625, 6.07130406174299e-23, nan 
103.625, 80.625, 1.0797567338408052e-22, nan 
103.875, 80.625, 8.196227845017736e-23, nan 
104.125, 80.625, 1.1214115355201672e-22, nan 
104.375, 80.625, 9.294388794287336e-23, nan 
104.625, 80.625, 1.3188192007252681e-22, nan 
104.875, 80.625, 1.1043715929489618e-22, nan 
105.125, 80.625, 9.404181280810495e-23, nan 
105.375, 80.625, 9.346503042473198e-23, nan 
105.625, 80.625, 8.059998976380722e-23, nan 
105.875, 80.625, 1.049740676307112e-22, nan 
106.125, 80.625, 1.5615831079854078e-22, nan 
106.375, 80.625, 2.3749994964533315e-22, nan 
106.625, 80.625, 2.0915042587908142e-22, nan 
106.875, 80.625, 1.4839330451497397e-22, nan 
107.125, 80.625, 1.1449266455845385e-22, nan 
107.375, 80.625, 6.657044939972864e-23, nan 
107.625, 80.625, 8.208132961108189e-23, nan 
107.875, 80.625, 1.1837703646751642e-22, nan 
108.125, 80.625, 1.6428666837808927e-22, nan 
108.375, 80.625, 1.479113435560996e-22, nan 
108.625, 80.625, 1.128049956149895e-22, nan 
108.875, 80.625, 9.775624691275029e-23, nan 
109.125, 80.625, 6.975123171949666e-23, nan 
109.375, 80.625, 1.129304694208606e-22, nan 
109.625, 80.625, 9.433862686097655e-23, nan 
109.875, 80.625, 1.1092344747493691e-22, nan 
110.125, 80.625, 7.914398632760693e-23, nan 
110.375, 80.625, 6.539868663038712e-23, nan 
110.625, 80.625, 1.0324021334986666e-22, nan 
110.875, 80.625, 7.454460991105279e-23, nan 
111.125, 80.625, 1.7080288977976092e-22, nan 
111.375, 80.625, 1.1808598155518805e-22, nan 
111.625, 80.625, 1.6864954338166363e-22, nan 
111.875, 80.625, 7.034467296101893e-23, nan 
112.125, 80.625, 3.5859461518678874e-23, nan 
112.375, 80.625, 5.898137823382428e-23, nan 
112.625, 80.625, 1.173407262060671e-22, nan 
112.875, 80.625, 1.6719572431074065e-22, nan 
113.125, 80.625, 2.0620640432378326e-22, nan 
113.375, 80.625, 1.7542733458368836e-22, nan 
113.625, 80.625, 1.285628262632119e-22, nan 
113.875, 80.625, 9.006085039396626e-23, nan 
114.125, 80.625, 7.854782287018633e-23, nan 
114.375, 80.625, 1.2827196829384682e-22, nan 
114.625, 80.625, 1.4305578553296247e-22, nan 
114.875, 80.625, 1.9656923862751015e-22, nan 
115.125, 80.625, 1.898669836837156e-22, nan 
115.375, 80.625, 1.5974347144259197e-22, nan 
115.625, 80.625, 1.4044415711652509e-22, nan 
115.875, 80.625, 1.0092284611294631e-22, nan 
116.125, 80.625, 1.0347723416287048e-22, nan 
116.375, 80.625, 1.0310844599906505e-22, nan 
116.625, 80.625, 7.727867641840212e-23, nan 
116.875, 80.625, 1.2251199299058186e-22, nan 
117.125, 80.625, 1.1064209650081652e-22, nan 
117.375, 80.625, 8.262246057656553e-23, nan 
117.625, 80.625, 1.4079403952106046e-22, nan 
117.875, 80.625, 1.7132140897326305e-22, nan 
118.125, 80.625, 2.2475071532166405e-22, nan 
118.375, 80.625, 2.388728036893982e-22, nan 
118.625, 80.625, 1.2917716698457145e-22, nan 
118.875, 80.625, 1.6724915993791998e-22, nan 
119.125, 80.625, 1.3503031758127986e-22, nan 
119.375, 80.625, 1.652335086633148e-22, nan 
119.625, 80.625, 1.2916734143280462e-22, nan 
119.875, 80.625, 2.1499536211718605e-22, nan 
120.125, 80.625, 2.166577541938059e-22, nan 
120.375, 80.625, 1.2350890906443397e-22, nan 
120.625, 80.625, 7.866554761979204e-23, nan 
120.875, 80.625, 1.0198678625395008e-22, nan 
121.125, 80.625, 9.094618042057278e-23, nan 
121.375, 80.625, 1.1933618403939088e-22, nan 
121.625, 80.625, 1.4698218645354345e-22, nan 
121.875, 80.625, 1.599780778805865e-22, nan 
122.125, 80.625, 1.4840779703917951e-22, nan 
122.375, 80.625, 1.315721099334754e-22, nan 
122.625, 80.625, 1.2311895720371548e-22, nan 
122.875, 80.625, 5.689300270362753e-23, nan 
123.125, 80.625, 1.278750921298174e-22, nan 
123.375, 80.625, 1.6126785823184674e-22, nan 
123.625, 80.625, 1.6597613858327774e-22, nan 
123.875, 80.625, 1.296137870093467e-22, nan 
124.125, 80.625, 1.2151363647307211e-22, nan 
124.375, 80.625, 1.1976495892391853e-22, nan 
124.625, 80.625, 1.6355490813767104e-22, nan 
124.875, 80.625, 1.5288650833767528e-22, nan 
125.125, 80.625, 2.006588241027947e-22, nan 
125.375, 80.625, 1.2872064709759145e-22, nan 
125.625, 80.625, 1.0589223824155617e-22, nan 
125.875, 80.625, 7.668089578435753e-23, nan 
126.125, 80.625, 8.807036865802626e-23, nan 
126.375, 80.625, 1.5349480570338094e-22, nan 
126.625, 80.625, 1.6447779489955875e-22, nan 
126.875, 80.625, 1.8211465627907694e-22, nan 
127.125, 80.625, 1.507965604950898e-22, nan 
127.375, 80.625, 1.6401222596612032e-22, nan 
127.625, 80.625, 1.0074137681130316e-22, nan 
127.875, 80.625, 6.701194940626116e-23, nan 
128.125, 80.625, 5.658424629301327e-23, nan 
128.375, 80.625, 1.2476576712136757e-22, nan 
128.625, 80.625, 1.489062690767668e-22, nan 
128.875, 80.625, 1.6658678283747913e-22, nan 
129.125, 80.625, 1.584539750693264e-22, nan 
129.375, 80.625, 1.8689776424221935e-22, nan 
129.625, 80.625, 2.0565372456797317e-22, nan 
129.875, 80.625, 2.1358175516751114e-22, nan 
130.125, 80.625, 1.5335140668488104e-22, nan 
130.375, 80.625, 1.2926159558181074e-22, nan 
130.625, 80.625, 1.7290970968233074e-22, nan 
130.875, 80.625, 8.793065342282057e-23, nan 
131.125, 80.625, 1.9631497747645082e-22, nan 
131.375, 80.625, 3.797003895330215e-22, nan 
131.625, 80.625, 4.675835806640261e-22, nan 
131.875, 80.625, 3.195639404305423e-22, nan 
132.125, 80.625, 3.310120419489692e-22, nan 
132.375, 80.625, 5.065134248628481e-22, nan 
132.625, 80.625, 4.0085677041588774e-22, nan 
132.875, 80.625, 4.728600621672212e-22, nan 
133.125, 80.625, 4.299478725561002e-22, nan 
133.375, 80.625, 4.036889923123693e-22, nan 
133.625, 80.625, 3.27802217484379e-22, nan 
133.875, 80.625, 3.479307774573328e-22, nan 
134.125, 80.625, 4.045161900762303e-22, nan 
134.375, 80.625, 3.68310093889811e-22, nan 
134.625, 80.625, 4.333687502197887e-22, nan 
134.875, 80.625, 3.5016221826308595e-22, nan 
135.125, 80.625, 2.730975178011889e-22, nan 
135.375, 80.625, 1.9075662000380925e-22, nan 
135.625, 80.625, 1.5739945251003157e-22, nan 
135.875, 80.625, 1.8950453715362689e-22, nan 
136.125, 80.625, 1.849674302032541e-22, nan 
136.375, 80.625, 1.519215555118147e-22, nan 
136.625, 80.625, 1.9358397321399805e-22, nan 
136.875, 80.625, 2.312055434824653e-22, nan 
137.125, 80.625, 1.7574899616330164e-22, nan 
137.375, 80.625, 1.3629717262098953e-22, nan 
137.625, 80.625, 1.9902470815872736e-22, nan 
137.875, 80.625, 2.586385641640761e-22, nan 
138.125, 80.625, 1.7814381281632572e-22, nan 
138.375, 80.625, 2.0294788368295608e-22, nan 
138.625, 80.625, 2.223859977996911e-22, nan 
138.875, 80.625, 2.966261327191345e-22, nan 
139.125, 80.625, 3.4790395396104717e-22, nan 
139.375, 80.625, 3.41402485958502e-22, nan 
139.625, 80.625, 3.418266912755049e-22, nan 
139.875, 80.625, 4.432808136620978e-22, nan 
140.125, 80.625, 5.295316639771162e-22, nan 
140.375, 80.625, 4.591807848919242e-22, nan 
140.625, 80.625, 4.846002249052296e-22, nan 
140.875, 80.625, 5.795529187985774e-22, nan 
141.125, 80.625, 6.00336891860892e-22, nan 
141.375, 80.625, 7.928871760423163e-22, nan 
141.625, 80.625, 8.266716651653325e-22, nan 
141.875, 80.625, 7.57638868831187e-22, nan 
142.125, 80.625, 9.519753260425468e-22, nan 
142.375, 80.625, 9.223372947794568e-22, nan 
142.625, 80.625, 1.0219231235089111e-21, nan 
142.875, 80.625, 1.0846979356963379e-21, nan 
143.125, 80.625, 1.1875607445092585e-21, nan 
143.375, 80.625, 1.3387692306866953e-21, nan 
143.625, 80.625, 1.2825376258011846e-21, nan 
143.875, 80.625, 1.2273375800671654e-21, nan 
144.125, 80.625, 1.369599771751199e-21, nan 
144.375, 80.625, 1.4545533547754195e-21, nan 
144.625, 80.625, 1.3823577417659184e-21, nan 
144.875, 80.625, 1.4981240175956474e-21, nan 
145.125, 80.625, 1.4065430583770567e-21, nan 
145.375, 80.625, 1.5549869349963477e-21, nan 
145.625, 80.625, 1.5777877032024708e-21, nan 
145.875, 80.625, 1.3757107315395696e-21, nan 
146.125, 80.625, 1.4100103582783936e-21, nan 
146.375, 80.625, 1.551714402914521e-21, nan 
146.625, 80.625, 1.5283388739140512e-21, nan 
146.875, 80.625, 1.326372099291449e-21, nan 
147.125, 80.625, 1.6463158396625265e-21, nan 
147.375, 80.625, 1.724957497177268e-21, nan 
147.625, 80.625, 1.7575433645060833e-21, nan 
147.875, 80.625, 1.803018430010707e-21, nan 
148.125, 80.625, 1.791124327434683e-21, nan 
148.375, 80.625, 1.4740306301226786e-21, nan 
148.625, 80.625, 1.52542356862261e-21, nan 
148.875, 80.625, 1.3243070063207566e-21, nan 
149.125, 80.625, 9.62573011949749e-22, nan 
149.375, 80.625, 1.6225766436033416e-21, nan 
149.625, 80.625, 1.7400367182268833e-21, nan 
149.875, 80.625, 1.8998724042463878e-21, nan 
150.125, 80.625, 2.2235747956535405e-21, nan 
150.375, 80.625, 2.5211900136035688e-21, nan 
150.625, 80.625, 2.930960541474428e-21, nan 
150.875, 80.625, 2.967568055440876e-21, nan 
151.125, 80.625, 2.612366617589787e-21, nan 
151.375, 80.625, 2.1992444295872663e-21, nan 
151.625, 80.625, 2.7235050394903774e-21, nan 
151.875, 80.625, 2.681739967798894e-21, nan 
152.125, 80.625, 2.9712477066324664e-21, nan 
152.375, 80.625, 3.2393154076488085e-21, nan 
152.625, 80.625, 3.4184893876049266e-21, nan 
152.875, 80.625, 3.3218997844888646e-21, nan 
153.125, 80.625, 3.5893647993606075e-21, nan 
153.375, 80.625, 3.849679092578727e-21, nan 
153.625, 80.625, 3.980623795606631e-21, nan 
153.875, 80.625, 4.843423330679796e-21, nan 
154.125, 80.625, 4.852430730330259e-21, nan 
154.375, 80.625, 4.7199594356495004e-21, nan 
154.625, 80.625, 5.3219334385672534e-21, nan 
154.875, 80.625, 6.142920595598826e-21, nan 
155.125, 80.625, 5.736913936154374e-21, nan 
155.375, 80.625, 5.938934272658052e-21, nan 
155.625, 80.625, 6.548585205588341e-21, nan 
155.875, 80.625, 6.406348171652883e-21, nan 
156.125, 80.625, 6.7188584294877504e-21, nan 
156.375, 80.625, 7.349715642003746e-21, nan 
156.625, 80.625, 8.341392578804157e-21, nan 
156.875, 80.625, 7.236394893858268e-21, nan 
157.125, 80.625, 6.914107936463784e-21, nan 
157.375, 80.625, 1.0933335699198192e-20, nan 
157.625, 80.625, 1.2757487389461243e-20, nan 
157.875, 80.625, 1.2268217219264207e-20, nan 
158.125, 80.625, 1.2725140454290445e-20, nan 
158.375, 80.625, 1.4653256483415782e-20, nan 
158.625, 80.625, 1.5413200736552827e-20, nan 
158.875, 80.625, 1.662519301442236e-20, nan 
159.125, 80.625, 1.787059803108914e-20, nan 
159.375, 80.625, 1.6010004478115038e-20, nan 
159.625, 80.625, 2.1040278503586512e-20, nan 
159.875, 80.625, 2.071783459665879e-20, nan 
160.125, 80.625, 1.6345185334637913e-20, nan 
160.375, 80.625, 2.0076087494284205e-20, nan 
160.625, 80.625, 1.9270121853712592e-20, nan 
160.875, 80.625, 2.1305137213065122e-20, nan 
161.125, 80.625, 2.1169117579429894e-20, nan 
161.375, 80.625, 2.3366316364031336e-20, nan 
161.625, 80.625, 2.3632541981787492e-20, nan 
161.875, 80.625, 2.0218641612170146e-20, nan 
162.125, 80.625, 1.9797708817477294e-20, nan 
162.375, 80.625, 1.7983276136195486e-20, nan 
162.625, 80.625, 1.698255423726401e-20, nan 
162.875, 80.625, 1.728987194994714e-20, nan 
163.125, 80.625, 1.7049247604522445e-20, nan 
163.375, 80.625, 1.5738036694167553e-20, nan 
163.625, 80.625, 1.6772449344344766e-20, nan 
163.875, 80.625, 1.708741134332593e-20, nan 
164.125, 80.625, 1.7090520550858644e-20, nan 
164.375, 80.625, 1.6740169821626848e-20, nan 
164.625, 80.625, 1.6335350249282494e-20, nan 
164.875, 80.625, 1.580531447761209e-20, nan 
165.125, 80.625, 1.617341157263556e-20, nan 
165.375, 80.625, 1.6651419775408682e-20, nan 
165.625, 80.625, 1.6641038819502194e-20, nan 
165.875, 80.625, 1.5672519913139165e-20, nan 
166.125, 80.625, 1.5986343467509007e-20, nan 
166.375, 80.625, 1.666005596203434e-20, nan 
166.625, 80.625, 1.539289205205535e-20, nan 
166.875, 80.625, 1.485456985880416e-20, nan 
167.125, 80.625, 1.5958143289699513e-20, nan 
167.375, 80.625, 1.506527005707088e-20, nan 
167.625, 80.625, 1.4617076132174993e-20, nan 
167.875, 80.625, 1.501863198955455e-20, nan 
168.125, 80.625, 1.4802599736466703e-20, nan 
168.375, 80.625, 1.3014299701810663e-20, nan 
168.625, 80.625, 1.3218018174994123e-20, nan 
168.875, 80.625, 1.1425501344603124e-20, nan 
169.125, 80.625, 1.075785739664377e-20, nan 
169.375, 80.625, 1.0315609718198684e-20, nan 
169.625, 80.625, 1.4091034612192527e-20, nan 
169.875, 80.625, 1.753767226186315e-20, nan 
170.125, 80.625, 1.2320992839931763e-20, nan 
170.375, 80.625, 1.5534794612232594e-20, nan 
170.625, 80.625, 1.5953615382168578e-20, nan 
170.875, 80.625, 1.585798160133869e-20, nan 
171.125, 80.625, 1.9037039209159333e-20, nan 
171.375, 80.625, 1.9176201871480517e-20, nan 
171.625, 80.625, 1.7743311325483918e-20, nan 
171.875, 80.625, 1.82795372649524e-20, nan 
172.125, 80.625, 1.721543237240863e-20, nan 
172.375, 80.625, 1.8387923073777422e-20, nan 
172.625, 80.625, 1.722958581262404e-20, nan 
172.875, 80.625, 1.782010999936724e-20, nan 
173.125, 80.625, 1.7943921618491798e-20, nan 
173.375, 80.625, 1.5511874736966688e-20, nan 
173.625, 80.625, 1.6770140181778325e-20, nan 
173.875, 80.625, 1.6845266973916756e-20, nan 
174.125, 80.625, 1.6078525528381296e-20, nan 
174.375, 80.625, 1.3970699081241867e-20, nan 
174.625, 80.625, 1.434721083821725e-20, nan 
174.875, 80.625, 1.4519927614927874e-20, nan 
175.125, 80.625, 1.4702116640997805e-20, nan 
175.375, 80.625, 1.2928389946066017e-20, nan 
175.625, 80.625, 1.3404620071363058e-20, nan 
175.875, 80.625, 1.1798270591336626e-20, nan 
176.125, 80.625, 1.1747682141269432e-20, nan 
176.375, 80.625, 1.1681952748237811e-20, nan 
176.625, 80.625, 1.2346646718312516e-20, nan 
176.875, 80.625, 1.1081396122740127e-20, nan 
177.125, 80.625, 1.0009556403326453e-20, nan 
177.375, 80.625, 1.0143809768901685e-20, nan 
177.625, 80.625, 8.57825680349788e-21, nan 
177.875, 80.625, 8.647156946007245e-21, nan 
178.125, 80.625, 8.232718917685439e-21, nan 
178.375, 80.625, 7.476230263634744e-21, nan 
178.625, 80.625, 7.52377785933762e-21, nan 
178.875, 80.625, 7.069165047364972e-21, nan 
179.125, 80.625, 5.9260276818497746e-21, nan 
179.375, 80.625, 6.4862697130847925e-21, nan 
179.625, 80.625, 5.500641421352775e-21, nan 
179.875, 80.625, 5.252115145987004e-21, nan 
-179.875, 80.875, 5.37036405663933e-21, nan 
-179.625, 80.875, 4.993835583676566e-21, nan 
-179.375, 80.875, 4.745652372384192e-21, nan 
-179.125, 80.875, 4.844238891964463e-21, nan 
-178.875, 80.875, 4.478958922400838e-21, nan 
-178.625, 80.875, 4.310701418118033e-21, nan 
-178.375, 80.875, 4.327520273697614e-21, nan 
-178.125, 80.875, 4.129604553057939e-21, nan 
-177.875, 80.875, 3.95596689792679e-21, nan 
-177.625, 80.875, 4.211120705618451e-21, nan 
-177.375, 80.875, 3.8246008583678266e-21, nan 
-177.125, 80.875, 3.783111121562578e-21, nan 
-176.875, 80.875, 3.654079710989125e-21, nan 
-176.625, 80.875, 3.724002082036015e-21, nan 
-176.375, 80.875, 3.276924809715413e-21, nan 
-176.125, 80.875, 3.7403738223281975e-21, nan 
-175.875, 80.875, 3.317241976574259e-21, nan 
-175.625, 80.875, 3.1116525281592587e-21, nan 
-175.375, 80.875, 3.0691800586928647e-21, nan 
-175.125, 80.875, 2.8114406815522792e-21, nan 
-174.875, 80.875, 2.7259673248738013e-21, nan 
-174.625, 80.875, 2.668601590459631e-21, nan 
-174.375, 80.875, 2.403586902130736e-21, nan 
-174.125, 80.875, 2.3003800352607825e-21, nan 
-173.875, 80.875, 2.0043840359368474e-21, nan 
-173.625, 80.875, 1.9090132079472143e-21, nan 
-173.375, 80.875, 1.9774417112674328e-21, nan 
-173.125, 80.875, 1.6825591431553842e-21, nan 
-172.875, 80.875, 1.1119485026864889e-21, nan 
-172.625, 80.875, 1.2362126134070582e-21, nan 
-172.375, 80.875, 9.299146602554908e-22, nan 
-172.125, 80.875, 3.5616195244712516e-22, nan 
-171.875, 80.875, 9.688055894750013e-22, nan 
-171.625, 80.875, 1.118554353774427e-21, nan 
-171.375, 80.875, 8.233436648784217e-22, nan 
-171.125, 80.875, 1.5879854211694069e-21, nan 
-170.875, 80.875, 1.1305855730220683e-21, nan 
-170.625, 80.875, 9.32265433386823e-22, nan 
-170.375, 80.875, 1.7774085594065744e-21, nan 
-170.125, 80.875, 1.0310308199208828e-21, nan 
-169.875, 80.875, 1.5200967483332251e-21, nan 
-169.625, 80.875, 1.1421038916339872e-21, nan 
-169.375, 80.875, 1.0719645904499782e-21, nan 
-169.125, 80.875, 7.709113692485485e-22, nan 
-168.875, 80.875, 8.055277739570623e-22, nan 
-168.625, 80.875, 6.293528378626414e-22, nan 
-168.375, 80.875, 5.922408016228124e-22, nan 
-168.125, 80.875, 7.54458336814991e-22, nan 
-167.875, 80.875, 6.367226508895392e-22, nan 
-167.625, 80.875, 6.077318519771325e-22, nan 
-167.375, 80.875, 6.450357104090709e-22, nan 
-167.125, 80.875, 6.899555929785815e-22, nan 
-166.875, 80.875, 6.408654294991778e-22, nan 
-166.625, 80.875, 6.591338676725396e-22, nan 
-166.375, 80.875, 6.1886717522334e-22, nan 
-166.125, 80.875, 6.048672994173969e-22, nan 
-165.875, 80.875, 6.317774192014e-22, nan 
-165.625, 80.875, 6.856651608457975e-22, nan 
-165.375, 80.875, 6.431637851457363e-22, nan 
-165.125, 80.875, 6.488028088240511e-22, nan 
-164.875, 80.875, 5.842224467432696e-22, nan 
-164.625, 80.875, 6.7880751371998805e-22, nan 
-164.375, 80.875, 7.1708281605974165e-22, nan 
-164.125, 80.875, 6.570270001531359e-22, nan 
-163.875, 80.875, 6.260782747153237e-22, nan 
-163.625, 80.875, 6.627241742556798e-22, nan 
-163.375, 80.875, 6.726141951692185e-22, nan 
-163.125, 80.875, 5.98912356184516e-22, nan 
-162.875, 80.875, 6.777978790403864e-22, nan 
-162.625, 80.875, 7.257248945301232e-22, nan 
-162.375, 80.875, 6.158890552627762e-22, nan 
-162.125, 80.875, 5.925058416092095e-22, nan 
-161.875, 80.875, 6.208683894210124e-22, nan 
-161.625, 80.875, 6.535466662870317e-22, nan 
-161.375, 80.875, 6.040798445851242e-22, nan 
-161.125, 80.875, 6.44274180252655e-22, nan 
-160.875, 80.875, 6.017814171338251e-22, nan 
-160.625, 80.875, 5.571890413595303e-22, nan 
-160.375, 80.875, 5.879517148614166e-22, nan 
-160.125, 80.875, 6.079076398876663e-22, nan 
-159.875, 80.875, 5.521018621565531e-22, nan 
-159.625, 80.875, 5.466686758507112e-22, nan 
-159.375, 80.875, 5.588027367224922e-22, nan 
-159.125, 80.875, 5.879311460171672e-22, nan 
-158.875, 80.875, 5.339154860364916e-22, nan 
-158.625, 80.875, 5.256750952919092e-22, nan 
-158.375, 80.875, 5.788313017832188e-22, nan 
-158.125, 80.875, 5.163920295267091e-22, nan 
-157.875, 80.875, 5.203362519452438e-22, nan 
-157.625, 80.875, 5.362057542992716e-22, nan 
-157.375, 80.875, 5.156638889331285e-22, nan 
-157.125, 80.875, 5.242363158383884e-22, nan 
-156.875, 80.875, 5.103364485347992e-22, nan 
-156.625, 80.875, 4.968449736844634e-22, nan 
-156.375, 80.875, 4.734424503956692e-22, nan 
-156.125, 80.875, 4.75455323503579e-22, nan 
-155.875, 80.875, 4.749312209814186e-22, nan 
-155.625, 80.875, 4.910611602057539e-22, nan 
-155.375, 80.875, 4.366185802252351e-22, nan 
-155.125, 80.875, 4.449155981233401e-22, nan 
-154.875, 80.875, 4.410263391935894e-22, nan 
-154.625, 80.875, 4.412764393835794e-22, nan 
-154.375, 80.875, 4.070326262161366e-22, nan 
-154.125, 80.875, 4.098669971747991e-22, nan 
-153.875, 80.875, 3.997968538940128e-22, nan 
-153.625, 80.875, 3.815017744407519e-22, nan 
-153.375, 80.875, 3.9323560281979203e-22, nan 
-153.125, 80.875, 3.7380882107127812e-22, nan 
-152.875, 80.875, 3.8438191667421343e-22, nan 
-152.625, 80.875, 3.4415225239387045e-22, nan 
-152.375, 80.875, 3.631125132828455e-22, nan 
-152.125, 80.875, 3.497529806136893e-22, nan 
-151.875, 80.875, 3.189270556968908e-22, nan 
-151.625, 80.875, 3.414737195531835e-22, nan 
-151.375, 80.875, 3.243919057373745e-22, nan 
-151.125, 80.875, 3.1407798894509625e-22, nan 
-150.875, 80.875, 3.1811505027648653e-22, nan 
-150.625, 80.875, 3.05219485710616e-22, nan 
-150.375, 80.875, 2.867008121901812e-22, nan 
-150.125, 80.875, 2.8090510042200346e-22, nan 
-149.875, 80.875, 2.748393372456966e-22, nan 
-149.625, 80.875, 2.6985385639104184e-22, nan 
-149.375, 80.875, 2.593688358532808e-22, nan 
-149.125, 80.875, 2.477666580717722e-22, nan 
-148.875, 80.875, 2.455026176355136e-22, nan 
-148.625, 80.875, 2.4340157026899075e-22, nan 
-148.375, 80.875, 2.3711260962325423e-22, nan 
-148.125, 80.875, 2.304054227218103e-22, nan 
-147.875, 80.875, 2.267820818343818e-22, nan 
-147.625, 80.875, 2.0167941412354237e-22, nan 
-147.375, 80.875, 2.117569703233825e-22, nan 
-147.125, 80.875, 2.1158408274314688e-22, nan 
-146.875, 80.875, 1.874830742353843e-22, nan 
-146.625, 80.875, 1.9181989760172113e-22, nan 
-146.375, 80.875, 1.871629124456778e-22, nan 
-146.125, 80.875, 1.7194813408423508e-22, nan 
-145.875, 80.875, 1.6760430234555654e-22, nan 
-145.625, 80.875, 1.6675308746358507e-22, nan 
-145.375, 80.875, 1.660625855533167e-22, nan 
-145.125, 80.875, 1.6672671200153441e-22, nan 
-144.875, 80.875, 1.6124464886486567e-22, nan 
-144.625, 80.875, 1.5082384440826833e-22, nan 
-144.375, 80.875, 1.5485267849600144e-22, nan 
-144.125, 80.875, 1.2897010244980478e-22, nan 
-143.875, 80.875, 1.2684940108024744e-22, nan 
-143.625, 80.875, 1.4686620872176622e-22, nan 
-143.375, 80.875, 1.3731985590092212e-22, nan 
-143.125, 80.875, 1.2747310856519988e-22, nan 
-142.875, 80.875, 1.2615221875264434e-22, nan 
-142.625, 80.875, 1.1817343963251072e-22, nan 
-142.375, 80.875, 1.075860242943186e-22, nan 
-142.125, 80.875, 1.1196572990081593e-22, nan 
-141.875, 80.875, 1.1449956981840837e-22, nan 
-141.625, 80.875, 1.1652268499593546e-22, nan 
-141.375, 80.875, 1.0795311505300221e-22, nan 
-141.125, 80.875, 9.460207390044294e-23, nan 
-140.875, 80.875, 9.942266340156426e-23, nan 
-140.625, 80.875, 9.365894925023174e-23, nan 
-140.375, 80.875, 9.426454022634233e-23, nan 
-140.125, 80.875, 9.112191629278659e-23, nan 
-139.875, 80.875, 8.97225852025213e-23, nan 
-139.625, 80.875, 9.01909315568409e-23, nan 
-139.375, 80.875, 8.920490185988001e-23, nan 
-139.125, 80.875, 7.683340637936118e-23, nan 
-138.875, 80.875, 8.153038841302333e-23, nan 
-138.625, 80.875, 8.474190958763508e-23, nan 
-138.375, 80.875, 8.16327729648646e-23, nan 
-138.125, 80.875, 7.434916557012567e-23, nan 
-137.875, 80.875, 7.557151277614124e-23, nan 
-137.625, 80.875, 7.062316632617805e-23, nan 
-137.375, 80.875, 6.914140945435355e-23, nan 
-137.125, 80.875, 7.415913133815833e-23, nan 
-136.875, 80.875, 7.496628466153327e-23, nan 
-136.625, 80.875, 6.938418635326581e-23, nan 
-136.375, 80.875, 7.264631221479871e-23, nan 
-136.125, 80.875, 7.08087562700921e-23, nan 
-135.875, 80.875, 6.462904440980729e-23, nan 
-135.625, 80.875, 6.915173120571798e-23, nan 
-135.375, 80.875, 6.229132371171044e-23, nan 
-135.125, 80.875, 6.80368493538921e-23, nan 
-134.875, 80.875, 6.87968026347148e-23, nan 
-134.625, 80.875, 6.940005614770062e-23, nan 
-134.375, 80.875, 6.753025216552641e-23, nan 
-134.125, 80.875, 6.531563330500016e-23, nan 
-133.875, 80.875, 6.896865120673168e-23, nan 
-133.625, 80.875, 6.990905764534347e-23, nan 
-133.375, 80.875, 6.848068808161162e-23, nan 
-133.125, 80.875, 7.076040269785218e-23, nan 
-132.875, 80.875, 7.319093703778783e-23, nan 
-132.625, 80.875, 7.566612154036246e-23, nan 
-132.375, 80.875, 7.678951214608336e-23, nan 
-132.125, 80.875, 7.508887549217062e-23, nan 
-131.875, 80.875, 8.050040359333069e-23, nan 
-131.625, 80.875, 8.345605987047312e-23, nan 
-131.375, 80.875, 8.295899662698749e-23, nan 
-131.125, 80.875, 8.39512688269041e-23, nan 
-130.875, 80.875, 8.64347798780716e-23, nan 
-130.625, 80.875, 9.553689111575972e-23, nan 
-130.375, 80.875, 9.547360666640885e-23, nan 
-130.125, 80.875, 9.800516189372197e-23, nan 
-129.875, 80.875, 9.835098139199458e-23, nan 
-129.625, 80.875, 9.956233213178768e-23, nan 
-129.375, 80.875, 1.0272020322165796e-22, nan 
-129.125, 80.875, 1.0162780944340748e-22, nan 
-128.875, 80.875, 1.0855004500132502e-22, nan 
-128.625, 80.875, 1.1093045158485263e-22, nan 
-128.375, 80.875, 1.1406950147542012e-22, nan 
-128.125, 80.875, 1.140538288947133e-22, nan 
-127.875, 80.875, 1.1911142710524652e-22, nan 
-127.625, 80.875, 1.1937655767333446e-22, nan 
-127.375, 80.875, 1.2151850582329342e-22, nan 
-127.125, 80.875, 1.2550820743416785e-22, nan 
-126.875, 80.875, 1.2780276359277426e-22, nan 
-126.625, 80.875, 1.3227977435512862e-22, nan 
-126.375, 80.875, 1.3773125955610722e-22, nan 
-126.125, 80.875, 1.4860728646428227e-22, nan 
-125.875, 80.875, 1.604602492782061e-22, nan 
-125.625, 80.875, 1.532911486784826e-22, nan 
-125.375, 80.875, 1.5665662498030298e-22, nan 
-125.125, 80.875, 1.67145780190152e-22, nan 
-124.875, 80.875, 1.8798910769753964e-22, nan 
-124.625, 80.875, 1.8327576155495688e-22, nan 
-124.375, 80.875, 1.9621325606153114e-22, nan 
-124.125, 80.875, 2.0390938715509734e-22, nan 
-123.875, 80.875, 2.0817152711007907e-22, nan 
-123.625, 80.875, 2.171083899510312e-22, nan 
-123.375, 80.875, 1.9913267181069434e-22, nan 
-123.125, 80.875, 2.0822025004041747e-22, nan 
-122.875, 80.875, 2.2291681127952422e-22, nan 
-122.625, 80.875, 2.256919263045675e-22, nan 
-122.375, 80.875, 2.330193234688639e-22, nan 
-122.125, 80.875, 2.14046664166075e-22, nan 
-121.875, 80.875, 2.8653877643023976e-22, nan 
-121.625, 80.875, 2.7511538301008973e-22, nan 
-121.375, 80.875, 2.458123023059155e-22, nan 
-121.125, 80.875, 3.5145397742535387e-22, nan 
-120.875, 80.875, 3.6147200746537157e-22, nan 
-120.625, 80.875, 4.038945657584163e-22, nan 
-120.375, 80.875, 3.2326429663168834e-22, nan 
-120.125, 80.875, 2.934922919260019e-22, nan 
-119.875, 80.875, 2.6266314244350447e-22, nan 
-119.625, 80.875, 2.309857675916337e-22, nan 
-119.375, 80.875, 2.0718326169071775e-22, nan 
-119.125, 80.875, 2.5414069363636146e-22, nan 
-118.875, 80.875, 2.976726306879264e-22, nan 
-118.625, 80.875, 2.3638595476065877e-22, nan 
-118.375, 80.875, 2.230915430826777e-22, nan 
-118.125, 80.875, 2.0283887030179254e-22, nan 
-117.875, 80.875, 2.063956129899909e-22, nan 
-117.625, 80.875, 1.9871690111895736e-22, nan 
-117.375, 80.875, 2.1948392969282464e-22, nan 
-117.125, 80.875, 1.9046148065137213e-22, nan 
-116.875, 80.875, 1.9057444932670408e-22, nan 
-116.625, 80.875, 1.7341138900626214e-22, nan 
-116.375, 80.875, 2.056303903623292e-22, nan 
-116.125, 80.875, 2.5958118744258325e-22, nan 
-115.875, 80.875, 2.5760876327074873e-22, nan 
-115.625, 80.875, 1.8757238220603183e-22, nan 
-115.375, 80.875, 2.2130979367556217e-22, nan 
-115.125, 80.875, 2.1902909128985005e-22, nan 
-114.875, 80.875, 2.4158981178059615e-22, nan 
-114.625, 80.875, 2.1774599621977094e-22, nan 
-114.375, 80.875, 2.1857917344972644e-22, nan 
-114.125, 80.875, 1.691830483953295e-22, nan 
-113.875, 80.875, 2.391864047696163e-22, nan 
-113.625, 80.875, 2.4279475930151973e-22, nan 
-113.375, 80.875, 2.4263346288478775e-22, nan 
-113.125, 80.875, 2.5610811085883e-22, nan 
-112.875, 80.875, 2.1833583166718056e-22, nan 
-112.625, 80.875, 1.3899004428879974e-22, nan 
-112.375, 80.875, 2.7200827053993375e-22, nan 
-112.125, 80.875, 3.743619450211489e-22, nan 
-111.875, 80.875, 3.9399002532680777e-22, nan 
-111.625, 80.875, 4.2239482945948733e-22, nan 
-111.375, 80.875, 4.3041210175804205e-22, nan 
-111.125, 80.875, 3.9991541995490687e-22, nan 
-110.875, 80.875, 4.049684822140825e-22, nan 
-110.625, 80.875, 3.6997083300642962e-22, nan 
-110.375, 80.875, 3.6045325585799096e-22, nan 
-110.125, 80.875, 4.740044914617435e-22, nan 
-109.875, 80.875, 4.0929684292478214e-22, nan 
-109.625, 80.875, 5.094121615757117e-22, nan 
-109.375, 80.875, 5.8696695481810765e-22, nan 
-109.125, 80.875, 4.653123096869187e-22, nan 
-108.875, 80.875, 5.305208429100833e-22, nan 
-108.625, 80.875, 5.394240006747464e-22, nan 
-108.375, 80.875, 5.697829757512672e-22, nan 
-108.125, 80.875, 6.29688964081975e-22, nan 
-107.875, 80.875, 5.20929591253139e-22, nan 
-107.625, 80.875, 4.859546228982688e-22, nan 
-107.375, 80.875, 5.277313556450805e-22, nan 
-107.125, 80.875, 5.414235290073421e-22, nan 
-106.875, 80.875, 5.423692272126382e-22, nan 
-106.625, 80.875, 5.441315338628028e-22, nan 
-106.375, 80.875, 5.635165741639928e-22, nan 
-106.125, 80.875, 6.450451317523079e-22, nan 
-105.875, 80.875, 5.769473294437439e-22, nan 
-105.625, 80.875, 6.015788485468218e-22, nan 
-105.375, 80.875, 5.999706553051114e-22, nan 
-105.125, 80.875, 6.809168627201436e-22, nan 
-104.875, 80.875, 6.4895882587597325e-22, nan 
-104.625, 80.875, 6.279200823434476e-22, nan 
-104.375, 80.875, 4.0626876032333726e-22, nan 
-104.125, 80.875, 1.743178926679606e-22, nan 
-103.875, 80.875, 2.8499818253898283e-22, nan 
-103.625, 80.875, 5.356493271169633e-22, nan 
-103.375, 80.875, 4.2876668010351e-22, nan 
-103.125, 80.875, 3.4510104930374907e-22, nan 
-102.875, 80.875, 4.515283108330902e-22, nan 
-102.625, 80.875, 5.599843709122781e-22, nan 
-102.375, 80.875, 6.066858548561157e-22, nan 
-102.125, 80.875, 5.967936418773999e-22, nan 
-101.875, 80.875, 6.846372182349565e-22, nan 
-101.625, 80.875, 7.045118261674724e-22, nan 
-101.375, 80.875, 7.084472258556948e-22, nan 
-101.125, 80.875, 7.343855122445625e-22, nan 
-100.875, 80.875, 6.926605962671554e-22, nan 
-100.625, 80.875, 6.23642791317718e-22, nan 
-100.375, 80.875, 5.965154467909487e-22, nan 
-100.125, 80.875, 6.724829290777067e-22, nan 
-99.875, 80.875, 7.364658312466478e-22, nan 
-99.625, 80.875, 7.238034442620239e-22, nan 
-99.375, 80.875, 7.393611868448674e-22, nan 
-99.125, 80.875, 6.385753218048621e-22, nan 
-98.875, 80.875, 4.244100723068862e-22, nan 
-98.625, 80.875, 3.7037899660044712e-22, nan 
-98.375, 80.875, 1.2061727799394054e-22, nan 
-98.125, 80.875, 1.3499822220597933e-22, nan 
-97.875, 80.875, 1.3134135562629764e-22, nan 
-97.625, 80.875, 7.972093141181016e-23, nan 
-97.375, 80.875, 8.894625518304472e-23, nan 
-97.125, 80.875, 5.038957097307509e-23, nan 
-96.875, 80.875, 7.481588270763587e-23, nan 
-96.625, 80.875, 7.265214766390088e-23, nan 
-96.375, 80.875, 5.446695147871314e-23, nan 
-96.125, 80.875, 5.786731562203874e-23, nan 
-95.875, 80.875, 8.352427026271706e-23, nan 
-95.625, 80.875, 7.412604464354499e-23, nan 
-95.375, 80.875, 6.411086218512893e-23, nan 
-95.125, 80.875, 5.847447279591966e-23, nan 
-94.875, 80.875, 5.178708169948419e-23, nan 
-94.625, 80.875, 5.684360660189816e-23, nan 
-94.375, 80.875, 7.709360728988755e-23, nan 
-94.125, 80.875, 8.132010348218558e-23, nan 
-93.875, 80.875, 8.358543774158005e-23, nan 
-93.625, 80.875, 9.485604413908617e-23, nan 
-93.375, 80.875, 9.609427254376374e-23, nan 
-93.125, 80.875, 1.0544730608175131e-22, nan 
-92.875, 80.875, 9.358693903069088e-23, nan 
-92.625, 80.875, 8.751256434792206e-23, nan 
-92.375, 80.875, 8.107604195981351e-23, nan 
-92.125, 80.875, 8.271782259058835e-23, nan 
-91.875, 80.875, 8.087874857509649e-23, nan 
-91.625, 80.875, 8.187276893252493e-23, nan 
63.625, 80.875, 1.1099147711061313e-22, nan 
63.875, 80.875, 8.710783923926833e-23, nan 
64.125, 80.875, 6.772993001103735e-23, nan 
64.375, 80.875, 7.811594244546534e-23, nan 
64.625, 80.875, 8.471145621261674e-23, nan 
64.875, 80.875, 9.471768293919552e-23, nan 
65.125, 80.875, 9.526499508482549e-23, nan 
65.375, 80.875, 1.4338162635281632e-22, nan 
65.625, 80.875, 7.806018532745699e-23, nan 
65.875, 80.875, 9.900039534858712e-23, nan 
66.125, 80.875, 1.9450585120094276e-22, nan 
66.375, 80.875, 2.1237385538183746e-22, nan 
66.625, 80.875, 1.410602045684448e-22, nan 
66.875, 80.875, 1.7653508163297963e-22, nan 
67.125, 80.875, 1.2636948192223684e-22, nan 
67.375, 80.875, 8.199593853530898e-23, nan 
67.625, 80.875, 9.032445628180188e-23, nan 
67.875, 80.875, 1.137707305919367e-22, nan 
68.125, 80.875, 1.3378421006205189e-22, nan 
68.375, 80.875, 1.6272477504422609e-22, nan 
68.625, 80.875, 1.681048621232948e-22, nan 
68.875, 80.875, 1.6265897410911167e-22, nan 
69.125, 80.875, 1.501202031197332e-22, nan 
69.375, 80.875, 1.418919463877792e-22, nan 
69.625, 80.875, 1.210629412688324e-22, nan 
69.875, 80.875, 1.430700622609642e-22, nan 
70.125, 80.875, 3.203322038409256e-22, nan 
70.375, 80.875, 3.9305009154936645e-22, nan 
70.625, 80.875, 3.7810698119905862e-22, nan 
70.875, 80.875, 3.2306267363992086e-22, nan 
71.125, 80.875, 4.243176217674748e-22, nan 
71.375, 80.875, 4.166585353037185e-22, nan 
71.625, 80.875, 4.2200943023677555e-22, nan 
71.875, 80.875, 4.079045992805955e-22, nan 
72.125, 80.875, 5.2839406268773e-22, nan 
72.375, 80.875, 4.756725567097671e-22, nan 
72.625, 80.875, 3.398728306017666e-22, nan 
72.875, 80.875, 3.279364558100126e-22, nan 
73.125, 80.875, 3.8905103377539686e-22, nan 
73.375, 80.875, 3.636557791805421e-22, nan 
73.625, 80.875, 2.9652538678092792e-22, nan 
73.875, 80.875, 2.8489040970191695e-22, nan 
74.125, 80.875, 2.8529218017963184e-22, nan 
74.375, 80.875, 2.6659722460833157e-22, nan 
74.625, 80.875, 2.38294806417454e-22, nan 
74.875, 80.875, 2.478469766079358e-22, nan 
75.125, 80.875, 1.996928372295882e-22, nan 
75.375, 80.875, 2.1821965669581325e-22, nan 
75.625, 80.875, 1.974637320894632e-22, nan 
75.875, 80.875, 1.8431464060232998e-22, nan 
76.125, 80.875, 1.8774309022383273e-22, nan 
76.375, 80.875, 1.8086623585490036e-22, nan 
76.625, 80.875, 2.3472006454817195e-22, nan 
76.875, 80.875, 2.652187966308891e-22, nan 
77.125, 80.875, 3.1758425995874146e-22, nan 
77.375, 80.875, 3.367609735436181e-22, nan 
77.625, 80.875, 3.106949319077117e-22, nan 
77.875, 80.875, 3.7026183703746746e-22, nan 
78.125, 80.875, 3.563116454984752e-22, nan 
78.375, 80.875, 2.9590114630626403e-22, nan 
78.625, 80.875, 2.9372228081715228e-22, nan 
78.875, 80.875, 2.4660408382469596e-22, nan 
79.125, 80.875, 2.72184892715149e-22, nan 
79.375, 80.875, 2.7025637508583237e-22, nan 
79.625, 80.875, 2.930492931024027e-22, nan 
79.875, 80.875, 2.314750575502638e-22, nan 
80.125, 80.875, 2.358263641423595e-22, nan 
80.375, 80.875, 2.022070482511549e-22, nan 
80.625, 80.875, 1.4064936994784747e-22, nan 
80.875, 80.875, 1.1065975163554078e-22, nan 
81.125, 80.875, 8.250861680215636e-23, nan 
81.375, 80.875, 1.1549737962061422e-22, nan 
81.625, 80.875, 1.4136628339627708e-22, nan 
81.875, 80.875, 1.0991915279264123e-22, nan 
82.125, 80.875, 1.1537589069344393e-22, nan 
82.375, 80.875, 1.2216683602589884e-22, nan 
82.625, 80.875, 1.0769575309637385e-22, nan 
82.875, 80.875, 1.040859091663036e-22, nan 
83.125, 80.875, 1.0561217504911334e-22, nan 
83.375, 80.875, 1.1903828093410152e-22, nan 
83.625, 80.875, 1.0074098919432271e-22, nan 
83.875, 80.875, 1.0491982825394793e-22, nan 
84.125, 80.875, 1.1140787510050806e-22, nan 
84.375, 80.875, 9.94186322210852e-23, nan 
84.625, 80.875, 9.257058696757111e-23, nan 
84.875, 80.875, 1.120830316587744e-22, nan 
85.125, 80.875, 1.2869468945604378e-22, nan 
85.375, 80.875, 1.1592111959969538e-22, nan 
85.625, 80.875, 1.1365391677887828e-22, nan 
85.875, 80.875, 1.203119789924458e-22, nan 
86.125, 80.875, 1.5368398424193847e-22, nan 
86.375, 80.875, 1.223780328355169e-22, nan 
86.625, 80.875, 1.4463789696644638e-22, nan 
86.875, 80.875, 1.4514392106564926e-22, nan 
87.125, 80.875, 1.0123533549612692e-22, nan 
87.375, 80.875, 9.815336338864782e-23, nan 
87.625, 80.875, 9.41016633389991e-23, nan 
87.875, 80.875, 1.2613447633726604e-22, nan 
88.125, 80.875, 1.1829194130585132e-22, nan 
88.375, 80.875, 1.3601313397401414e-22, nan 
88.625, 80.875, 1.2014242012941391e-22, nan 
88.875, 80.875, 8.673048739862013e-23, nan 
89.125, 80.875, 9.157335425159014e-23, nan 
89.375, 80.875, 2.0323335277559636e-22, nan 
89.625, 80.875, 1.1953597972804524e-22, nan 
89.875, 80.875, 1.1960860136922235e-22, nan 
90.125, 80.875, 1.0243156619174567e-22, nan 
90.375, 80.875, 1.057260634800668e-22, nan 
90.625, 80.875, 8.226057181297741e-23, nan 
90.875, 80.875, 1.0939843607662783e-22, nan 
91.125, 80.875, 1.1037986229453548e-22, nan 
91.375, 80.875, 1.0124170446205237e-22, nan 
91.625, 80.875, 1.0375440630840215e-22, nan 
91.875, 80.875, 1.2634879375378637e-22, nan 
92.125, 80.875, 1.2493543906498256e-22, nan 
92.375, 80.875, 1.2447753578416598e-22, nan 
92.625, 80.875, 1.1750649816751784e-22, nan 
92.875, 80.875, 1.2555505341439356e-22, nan 
93.125, 80.875, 1.1314250384666442e-22, nan 
93.375, 80.875, 9.885224160835375e-23, nan 
93.625, 80.875, 1.0033758266398805e-22, nan 
93.875, 80.875, 1.0658769329389888e-22, nan 
94.125, 80.875, 9.605983787248457e-23, nan 
94.375, 80.875, 9.055605316786616e-23, nan 
94.625, 80.875, 1.069972584330644e-22, nan 
94.875, 80.875, 9.96685550163542e-23, nan 
95.125, 80.875, 9.26018385389649e-23, nan 
95.375, 80.875, 9.097429311590264e-23, nan 
95.625, 80.875, 6.691057817018015e-23, nan 
95.875, 80.875, 4.551263156650419e-23, nan 
96.125, 80.875, 4.3412269202891406e-23, nan 
96.375, 80.875, 3.965706930712635e-23, nan 
96.625, 80.875, 5.2348943628966287e-23, nan 
96.875, 80.875, 7.470811814332048e-23, nan 
97.125, 80.875, 7.604729083781215e-23, nan 
97.375, 80.875, 8.695234929309969e-23, nan 
97.625, 80.875, 6.550020281297457e-23, nan 
97.875, 80.875, 9.034245379029356e-23, nan 
98.125, 80.875, 3.4835453533168936e-23, nan 
98.375, 80.875, 6.07239290267273e-23, nan 
98.625, 80.875, 3.033631915577105e-23, nan 
98.875, 80.875, 3.9448245389946047e-23, nan 
99.125, 80.875, 4.2554636324890067e-23, nan 
99.375, 80.875, 3.729509548811947e-23, nan 
99.625, 80.875, 6.481324671228965e-23, nan 
99.875, 80.875, 4.9139221045598276e-23, nan 
100.125, 80.875, 3.052752215218083e-23, nan 
100.375, 80.875, 3.1760437997188585e-23, nan 
100.625, 80.875, 6.865640522596002e-23, nan 
100.875, 80.875, 7.464696945094787e-23, nan 
101.125, 80.875, 5.186407231205364e-23, nan 
101.375, 80.875, 3.512982704391789e-23, nan 
101.625, 80.875, 3.3481257332606663e-23, nan 
101.875, 80.875, 4.203501927109259e-23, nan 
102.125, 80.875, 6.564759200334281e-23, nan 
102.375, 80.875, 6.719773485158294e-23, nan 
102.625, 80.875, 5.843791396627703e-23, nan 
102.875, 80.875, 5.931895336080567e-23, nan 
103.125, 80.875, 5.1455629359624065e-23, nan 
103.375, 80.875, 5.37974296071186e-23, nan 
103.625, 80.875, 5.966679075045348e-23, nan 
103.875, 80.875, 5.632434724856777e-23, nan 
104.125, 80.875, 9.630246262095463e-23, nan 
104.375, 80.875, 7.513108259800622e-23, nan 
104.625, 80.875, 5.629101145771065e-23, nan 
104.875, 80.875, 5.749271236345047e-23, nan 
105.125, 80.875, 6.006380289681569e-23, nan 
105.375, 80.875, 7.691024313128132e-23, nan 
105.625, 80.875, 6.123575719087973e-23, nan 
105.875, 80.875, 9.258788545879761e-23, nan 
106.125, 80.875, 1.3421223348511496e-22, nan 
106.375, 80.875, 1.6767563259351743e-22, nan 
106.625, 80.875, 1.514717216622658e-22, nan 
106.875, 80.875, 1.3887003530559104e-22, nan 
107.125, 80.875, 1.1331875135248332e-22, nan 
107.375, 80.875, 7.434362705759473e-23, nan 
107.625, 80.875, 5.940005960501852e-23, nan 
107.875, 80.875, 5.580172849314562e-23, nan 
108.125, 80.875, 6.539441936366015e-23, nan 
108.375, 80.875, 6.99626684212526e-23, nan 
108.625, 80.875, 8.187435979114294e-23, nan 
108.875, 80.875, 6.753745961721151e-23, nan 
109.125, 80.875, 7.511896642412373e-23, nan 
109.375, 80.875, 8.856806591605003e-23, nan 
109.625, 80.875, 9.211960038439882e-23, nan 
109.875, 80.875, 8.013490003096345e-23, nan 
110.125, 80.875, 7.849829503141989e-23, nan 
110.375, 80.875, 8.374123674162214e-23, nan 
110.625, 80.875, 1.2009631913724935e-22, nan 
110.875, 80.875, 1.1929285856141904e-22, nan 
111.125, 80.875, 1.7355662535099452e-22, nan 
111.375, 80.875, 1.0300508162398748e-22, nan 
111.625, 80.875, 1.2867953409963946e-22, nan 
111.875, 80.875, 1.208859154706548e-22, nan 
112.125, 80.875, 1.2582319480766452e-22, nan 
112.375, 80.875, 1.2473365675977998e-22, nan 
112.625, 80.875, 1.8084193817787222e-22, nan 
112.875, 80.875, 1.9965558507483512e-22, nan 
113.125, 80.875, 1.413925878747702e-22, nan 
113.375, 80.875, 1.5527249972145046e-22, nan 
113.625, 80.875, 1.3582542379534732e-22, nan 
113.875, 80.875, 1.6971369415473413e-22, nan 
114.125, 80.875, 1.407502729998678e-22, nan 
114.375, 80.875, 1.6825155203551712e-22, nan 
114.625, 80.875, 1.8270184424289316e-22, nan 
114.875, 80.875, 1.290579544994207e-22, nan 
115.125, 80.875, 1.7639362750359608e-22, nan 
115.375, 80.875, 1.6435735288587634e-22, nan 
115.625, 80.875, 1.5530157649371227e-22, nan 
115.875, 80.875, 1.2969546757990352e-22, nan 
116.125, 80.875, 9.094330368569182e-23, nan 
116.375, 80.875, 1.1926701620652014e-22, nan 
116.625, 80.875, 7.293872068514383e-23, nan 
116.875, 80.875, 1.5197896073432256e-22, nan 
117.125, 80.875, 1.103156437407303e-22, nan 
117.375, 80.875, 1.158711919976782e-22, nan 
117.625, 80.875, 9.884120817702416e-23, nan 
117.875, 80.875, 1.1069737983746201e-22, nan 
118.125, 80.875, 1.2862484793053122e-22, nan 
118.375, 80.875, 1.7610812455964618e-22, nan 
118.625, 80.875, 1.8079118000943367e-22, nan 
118.875, 80.875, 1.7595026875313713e-22, nan 
119.125, 80.875, 1.372636295087287e-22, nan 
119.375, 80.875, 7.496113989543887e-23, nan 
119.625, 80.875, 9.305462297190264e-23, nan 
119.875, 80.875, 1.1892139984268325e-22, nan 
120.125, 80.875, 1.4151336023543034e-22, nan 
120.375, 80.875, 1.948991547771017e-22, nan 
120.625, 80.875, 1.9583035697153185e-22, nan 
120.875, 80.875, 1.1298263540097346e-22, nan 
121.125, 80.875, 8.721141198219951e-23, nan 
121.375, 80.875, 1.2037002421789586e-22, nan 
121.625, 80.875, 1.3179719241145622e-22, nan 
121.875, 80.875, 1.1580591950474035e-22, nan 
122.125, 80.875, 1.3373625378803044e-22, nan 
122.375, 80.875, 1.3671797573241253e-22, nan 
122.625, 80.875, 1.243515453139348e-22, nan 
122.875, 80.875, 9.15234034643851e-23, nan 
123.125, 80.875, 1.2750806405307646e-22, nan 
123.375, 80.875, 1.1362494313753665e-22, nan 
123.625, 80.875, 9.599801111512137e-23, nan 
123.875, 80.875, 4.914792592784723e-23, nan 
124.125, 80.875, 7.460381922004967e-23, nan 
124.375, 80.875, 8.915903937649747e-23, nan 
124.625, 80.875, 1.2381023683990708e-22, nan 
124.875, 80.875, 1.3219253126291413e-22, nan 
125.125, 80.875, 1.5617613528271957e-22, nan 
125.375, 80.875, 1.059794534824329e-22, nan 
125.625, 80.875, 6.491223215136907e-23, nan 
125.875, 80.875, 3.397695421662267e-23, nan 
126.125, 80.875, 9.429180705450406e-23, nan 
126.375, 80.875, 8.854556132231095e-23, nan 
126.625, 80.875, 7.547521911879228e-23, nan 
126.875, 80.875, 4.105789866997383e-23, nan 
127.125, 80.875, 5.1925640300879366e-23, nan 
127.375, 80.875, 5.625398101212228e-23, nan 
127.625, 80.875, 4.1484548840737634e-23, nan 
127.875, 80.875, 4.9847114634515204e-23, nan 
128.125, 80.875, 3.426682337514319e-23, nan 
128.375, 80.875, 6.432157979337389e-23, nan 
128.625, 80.875, 9.822764331911087e-23, nan 
128.875, 80.875, 9.158503203363813e-23, nan 
129.125, 80.875, 1.091398257047114e-22, nan 
129.375, 80.875, 1.4657617242370778e-22, nan 
129.625, 80.875, 1.103433917193474e-22, nan 
129.875, 80.875, 7.745798014301502e-23, nan 
130.125, 80.875, 1.1859682982417028e-22, nan 
130.375, 80.875, 8.17243211270772e-23, nan 
130.625, 80.875, 7.783127509629133e-23, nan 
130.875, 80.875, 8.462583916657766e-23, nan 
131.125, 80.875, 2.053126690926689e-22, nan 
131.375, 80.875, 3.169795633668105e-22, nan 
131.625, 80.875, 3.3254407725237502e-22, nan 
131.875, 80.875, 2.4283558654331606e-22, nan 
132.125, 80.875, 2.7270167946644083e-22, nan 
132.375, 80.875, 2.8978391129038237e-22, nan 
132.625, 80.875, 2.794307398215636e-22, nan 
132.875, 80.875, 3.3637710886090893e-22, nan 
133.125, 80.875, 2.6577317983036483e-22, nan 
133.375, 80.875, 2.5783816780813883e-22, nan 
133.625, 80.875, 2.214121072509289e-22, nan 
133.875, 80.875, 2.1775212479307375e-22, nan 
134.125, 80.875, 2.092571049531035e-22, nan 
134.375, 80.875, 2.6190094897298274e-22, nan 
134.625, 80.875, 2.2268980505766976e-22, nan 
134.875, 80.875, 1.6698415389499234e-22, nan 
135.125, 80.875, 1.7311117026091166e-22, nan 
135.375, 80.875, 1.7126771212388688e-22, nan 
135.625, 80.875, 1.146542255178513e-22, nan 
135.875, 80.875, 1.1178671357424185e-22, nan 
136.125, 80.875, 1.447290355106281e-22, nan 
136.375, 80.875, 8.03107119800101e-23, nan 
136.625, 80.875, 2.3342354467157854e-22, nan 
136.875, 80.875, 2.4829088192929826e-22, nan 
137.125, 80.875, 2.3582467068666974e-22, nan 
137.375, 80.875, 2.7277789412041545e-22, nan 
137.625, 80.875, 2.306085828406462e-22, nan 
137.875, 80.875, 2.0321300548190915e-22, nan 
138.125, 80.875, 1.4641542288953102e-22, nan 
138.375, 80.875, 1.8149927455531862e-22, nan 
138.625, 80.875, 2.2681362570103343e-22, nan 
138.875, 80.875, 5.567530554817124e-22, nan 
139.125, 80.875, 3.9598800975171394e-22, nan 
139.375, 80.875, 7.9186965683325855e-22, nan 
139.625, 80.875, 6.857079260369396e-22, nan 
139.875, 80.875, 8.192306623548398e-22, nan 
140.125, 80.875, 6.7370081318986395e-22, nan 
140.375, 80.875, 7.527589909097688e-22, nan 
140.625, 80.875, 7.31327715488967e-22, nan 
140.875, 80.875, 6.992409146415418e-22, nan 
141.125, 80.875, 8.4118537320532735e-22, nan 
141.375, 80.875, 6.948049394735432e-22, nan 
141.625, 80.875, 7.102079898187469e-22, nan 
141.875, 80.875, 7.859732849682005e-22, nan 
142.125, 80.875, 7.704728986625996e-22, nan 
142.375, 80.875, 7.223665490127363e-22, nan 
142.625, 80.875, 8.36679534648388e-22, nan 
142.875, 80.875, 8.871557752486838e-22, nan 
143.125, 80.875, 8.348068390751597e-22, nan 
143.375, 80.875, 9.759891589696554e-22, nan 
143.625, 80.875, 8.997942376669087e-22, nan 
143.875, 80.875, 9.630217847726993e-22, nan 
144.125, 80.875, 9.486360088502891e-22, nan 
144.375, 80.875, 1.0472298247687231e-21, nan 
144.625, 80.875, 1.0416465905779242e-21, nan 
144.875, 80.875, 9.93222674533982e-22, nan 
145.125, 80.875, 1.1134254652310642e-21, nan 
145.375, 80.875, 1.1690167720522053e-21, nan 
145.625, 80.875, 1.2166613138012048e-21, nan 
145.875, 80.875, 1.2747180784137884e-21, nan 
146.125, 80.875, 1.2683537276320738e-21, nan 
146.375, 80.875, 1.345852954556674e-21, nan 
146.625, 80.875, 1.402469566865235e-21, nan 
146.875, 80.875, 1.5106706374224761e-21, nan 
147.125, 80.875, 1.5883366587333041e-21, nan 
147.375, 80.875, 1.7650410572379272e-21, nan 
147.625, 80.875, 1.8658502773715855e-21, nan 
147.875, 80.875, 1.6667872507438233e-21, nan 
148.125, 80.875, 1.6933892598218938e-21, nan 
148.375, 80.875, 1.783390819559465e-21, nan 
148.625, 80.875, 1.7382752131050954e-21, nan 
148.875, 80.875, 2.0091193632310658e-21, nan 
149.125, 80.875, 2.0596909118045877e-21, nan 
149.375, 80.875, 2.1332432093448976e-21, nan 
149.625, 80.875, 2.4201272269448126e-21, nan 
149.875, 80.875, 2.208422534090939e-21, nan 
150.125, 80.875, 2.2455443793215336e-21, nan 
150.375, 80.875, 2.109248343617678e-21, nan 
150.625, 80.875, 2.2283388875082803e-21, nan 
150.875, 80.875, 2.38725730425582e-21, nan 
151.125, 80.875, 2.8978803659010907e-21, nan 
151.375, 80.875, 3.0217262607215308e-21, nan 
151.625, 80.875, 3.607988356809429e-21, nan 
151.875, 80.875, 4.069523696195034e-21, nan 
152.125, 80.875, 4.089109936273827e-21, nan 
152.375, 80.875, 4.492833382322743e-21, nan 
152.625, 80.875, 4.361262612711963e-21, nan 
152.875, 80.875, 4.7130824248164445e-21, nan 
153.125, 80.875, 5.38236975823451e-21, nan 
153.375, 80.875, 5.150428057592545e-21, nan 
153.625, 80.875, 5.5394673871169386e-21, nan 
153.875, 80.875, 6.0792529775299036e-21, nan 
154.125, 80.875, 6.0679148536048974e-21, nan 
154.375, 80.875, 6.026043901811782e-21, nan 
154.625, 80.875, 6.637394669936084e-21, nan 
154.875, 80.875, 6.521509425615352e-21, nan 
155.125, 80.875, 6.28397086016498e-21, nan 
155.375, 80.875, 7.299324561202392e-21, nan 
155.625, 80.875, 7.675185880314043e-21, nan 
155.875, 80.875, 8.50059442512562e-21, nan 
156.125, 80.875, 8.728283481845072e-21, nan 
156.375, 80.875, 8.460747036833085e-21, nan 
156.625, 80.875, 9.215080801088425e-21, nan 
156.875, 80.875, 1.0527790134296082e-20, nan 
157.125, 80.875, 1.1440624094937363e-20, nan 
157.375, 80.875, 1.1689893083796996e-20, nan 
157.625, 80.875, 1.2441782633692046e-20, nan 
157.875, 80.875, 1.295132514070525e-20, nan 
158.125, 80.875, 1.383773264601158e-20, nan 
158.375, 80.875, 1.3536031672913881e-20, nan 
158.625, 80.875, 1.3280463609875162e-20, nan 
158.875, 80.875, 1.534693257953939e-20, nan 
159.125, 80.875, 1.3831739703845846e-20, nan 
159.375, 80.875, 1.1216767810126696e-20, nan 
159.625, 80.875, 1.6227357537622097e-20, nan 
159.875, 80.875, 1.6014452816876462e-20, nan 
160.125, 80.875, 9.312550779532395e-21, nan 
160.375, 80.875, 5.244208418759055e-21, nan 
160.625, 80.875, 6.436111337639435e-21, nan 
160.875, 80.875, 8.11218451132484e-21, nan 
161.125, 80.875, 1.3989844169960285e-20, nan 
161.375, 80.875, 1.0010683776418503e-20, nan 
161.625, 80.875, 9.920171643342345e-21, nan 
161.875, 80.875, 1.1246899608626e-20, nan 
162.125, 80.875, 1.2333259373919999e-20, nan 
162.375, 80.875, 1.0774236936782687e-20, nan 
162.625, 80.875, 1.1186965146988175e-20, nan 
162.875, 80.875, 1.0314317707083755e-20, nan 
163.125, 80.875, 1.2446381164025556e-20, nan 
163.375, 80.875, 1.2342993526102607e-20, nan 
163.625, 80.875, 1.2483750007296321e-20, nan 
163.875, 80.875, 1.4562728642483756e-20, nan 
164.125, 80.875, 1.393335461760226e-20, nan 
164.375, 80.875, 1.1872929213661242e-20, nan 
164.625, 80.875, 1.4142110575110998e-20, nan 
164.875, 80.875, 1.3328076505088731e-20, nan 
165.125, 80.875, 1.3303654504428025e-20, nan 
165.375, 80.875, 1.5630262707565053e-20, nan 
165.625, 80.875, 1.3449191682097082e-20, nan 
165.875, 80.875, 1.4032503686332472e-20, nan 
166.125, 80.875, 1.5709714835071216e-20, nan 
166.375, 80.875, 1.2920027932084883e-20, nan 
166.625, 80.875, 1.4201542309145413e-20, nan 
166.875, 80.875, 1.4947478946970477e-20, nan 
167.125, 80.875, 1.3357168031321321e-20, nan 
167.375, 80.875, 1.5203267378768168e-20, nan 
167.625, 80.875, 1.5358428755044303e-20, nan 
167.875, 80.875, 1.3410647645157461e-20, nan 
168.125, 80.875, 1.6089230880839252e-20, nan 
168.375, 80.875, 1.5070167942915173e-20, nan 
168.625, 80.875, 1.5550204782496145e-20, nan 
168.875, 80.875, 1.708692460768663e-20, nan 
169.125, 80.875, 1.8194365796252714e-20, nan 
169.375, 80.875, 2.0215541073141985e-20, nan 
169.625, 80.875, 1.7631480554286276e-20, nan 
169.875, 80.875, 1.876476496353574e-20, nan 
170.125, 80.875, 1.9728987754785427e-20, nan 
170.375, 80.875, 1.9963613360471857e-20, nan 
170.625, 80.875, 1.9627133771822995e-20, nan 
170.875, 80.875, 1.9102393603365993e-20, nan 
171.125, 80.875, 2.0588335194516788e-20, nan 
171.375, 80.875, 1.9200872916283788e-20, nan 
171.625, 80.875, 1.7389695620080117e-20, nan 
171.875, 80.875, 1.991121042985568e-20, nan 
172.125, 80.875, 1.8085716111976057e-20, nan 
172.375, 80.875, 1.8055662004094815e-20, nan 
172.625, 80.875, 1.66569411271809e-20, nan 
172.875, 80.875, 1.440347665621609e-20, nan 
173.125, 80.875, 1.45402589150945e-20, nan 
173.375, 80.875, 1.2756371225636153e-20, nan 
173.625, 80.875, 1.379016676500164e-20, nan 
173.875, 80.875, 1.407120850341006e-20, nan 
174.125, 80.875, 1.321150868228779e-20, nan 
174.375, 80.875, 1.1998033952532403e-20, nan 
174.625, 80.875, 1.1251362858368911e-20, nan 
174.875, 80.875, 1.1225719379269102e-20, nan 
175.125, 80.875, 1.2031399830676533e-20, nan 
175.375, 80.875, 9.915144890628085e-21, nan 
175.625, 80.875, 9.356532186662278e-21, nan 
175.875, 80.875, 9.524512957844572e-21, nan 
176.125, 80.875, 9.796231972635853e-21, nan 
176.375, 80.875, 6.80539514352664e-21, nan 
176.625, 80.875, 7.195515866534013e-21, nan 
176.875, 80.875, 6.444395178152162e-21, nan 
177.125, 80.875, 6.793801005043958e-21, nan 
177.375, 80.875, 6.658651626183074e-21, nan 
177.625, 80.875, 6.948986822101268e-21, nan 
177.875, 80.875, 6.442541195593931e-21, nan 
178.125, 80.875, 6.2761280097348826e-21, nan 
178.375, 80.875, 6.1377101457709675e-21, nan 
178.625, 80.875, 5.6910195662356234e-21, nan 
178.875, 80.875, 5.7719469300827525e-21, nan 
179.125, 80.875, 5.3840185219610586e-21, nan 
179.375, 80.875, 5.325975200635726e-21, nan 
179.625, 80.875, 5.525674057968402e-21, nan 
179.875, 80.875, 5.0721397524846676e-21, nan 
-179.875, 81.125, 4.608895855258218e-21, nan 
-179.625, 81.125, 4.923977464416929e-21, nan 
-179.375, 81.125, 4.527520502747348e-21, nan 
-179.125, 81.125, 4.528936704581052e-21, nan 
-178.875, 81.125, 4.481956369347312e-21, nan 
-178.625, 81.125, 4.2564978055612576e-21, nan 
-178.375, 81.125, 4.140649384401417e-21, nan 
-178.125, 81.125, 3.906627155784231e-21, nan 
-177.875, 81.125, 4.115216019800689e-21, nan 
-177.625, 81.125, 3.714500575469064e-21, nan 
-177.375, 81.125, 3.621918820246019e-21, nan 
-177.125, 81.125, 3.961447676062043e-21, nan 
-176.875, 81.125, 4.00189214277591e-21, nan 
-176.625, 81.125, 3.63215066168274e-21, nan 
-176.375, 81.125, 3.750365889727358e-21, nan 
-176.125, 81.125, 4.233864583419335e-21, nan 
-175.875, 81.125, 3.927614243534715e-21, nan 
-175.625, 81.125, 3.905592306880209e-21, nan 
-175.375, 81.125, 4.104789189500114e-21, nan 
-175.125, 81.125, 3.897967825430863e-21, nan 
-174.875, 81.125, 3.922626339012455e-21, nan 
-174.625, 81.125, 4.105582328327162e-21, nan 
-174.375, 81.125, 4.1153093605729e-21, nan 
-174.125, 81.125, 3.8071107830482605e-21, nan 
-173.875, 81.125, 3.772175474167314e-21, nan 
-173.625, 81.125, 3.4717160277724605e-21, nan 
-173.375, 81.125, 2.6533219134305022e-21, nan 
-173.125, 81.125, 2.8496071949491593e-21, nan 
-172.875, 81.125, 3.701041725497824e-21, nan 
-172.625, 81.125, 2.8730595013057376e-21, nan 
-172.375, 81.125, 3.3314769218261073e-21, nan 
-172.125, 81.125, 3.6744728404434244e-21, nan 
-171.875, 81.125, 3.0784103834448467e-21, nan 
-171.625, 81.125, 2.9301994504957093e-21, nan 
-171.375, 81.125, 3.2005578808550416e-21, nan 
-171.125, 81.125, 3.0719029350805015e-21, nan 
-170.875, 81.125, 2.725131949965677e-21, nan 
-170.625, 81.125, 3.478209026135713e-21, nan 
-170.375, 81.125, 3.35605775707184e-21, nan 
-170.125, 81.125, 2.582808267115034e-21, nan 
-169.875, 81.125, 3.482576534466072e-21, nan 
-169.625, 81.125, 2.6200163335752563e-21, nan 
-169.375, 81.125, 3.0567740213517554e-21, nan 
-169.125, 81.125, 3.0091728432353134e-21, nan 
-168.875, 81.125, 2.8430225813649343e-21, nan 
-168.625, 81.125, 3.0474863611541684e-21, nan 
-168.375, 81.125, 2.891711511329111e-21, nan 
-168.125, 81.125, 2.1569173278411465e-21, nan 
-167.875, 81.125, 1.281273283499991e-21, nan 
-167.625, 81.125, 1.1533852346028044e-21, nan 
-167.375, 81.125, 1.0240982525362615e-21, nan 
-167.125, 81.125, 9.445278682597934e-22, nan 
-166.875, 81.125, 9.543887958052299e-22, nan 
-166.625, 81.125, 7.998812657422412e-22, nan 
-166.375, 81.125, 6.233973478986091e-22, nan 
-166.125, 81.125, 5.836773205423183e-22, nan 
-165.875, 81.125, 5.768566024290005e-22, nan 
-165.625, 81.125, 5.155907455401628e-22, nan 
-165.375, 81.125, 4.253250338073384e-22, nan 
-165.125, 81.125, 4.77387569443377e-22, nan 
-164.875, 81.125, 4.918285031642345e-22, nan 
-164.625, 81.125, 4.115455414196135e-22, nan 
-164.375, 81.125, 3.9788758575279953e-22, nan 
-164.125, 81.125, 4.696736125179557e-22, nan 
-163.875, 81.125, 4.711057637561262e-22, nan 
-163.625, 81.125, 4.085057004002209e-22, nan 
-163.375, 81.125, 4.604015465034693e-22, nan 
-163.125, 81.125, 4.902034435633311e-22, nan 
-162.875, 81.125, 4.250339212202321e-22, nan 
-162.625, 81.125, 4.393604555353155e-22, nan 
-162.375, 81.125, 4.856332033124759e-22, nan 
-162.125, 81.125, 5.086068158188267e-22, nan 
-161.875, 81.125, 4.621522798805954e-22, nan 
-161.625, 81.125, 4.321492705831366e-22, nan 
-161.375, 81.125, 4.717284997965405e-22, nan 
-161.125, 81.125, 5.019378205585307e-22, nan 
-160.875, 81.125, 4.779091059306578e-22, nan 
-160.625, 81.125, 4.530028015080476e-22, nan 
-160.375, 81.125, 4.667745181115456e-22, nan 
-160.125, 81.125, 4.255914845448552e-22, nan 
-159.875, 81.125, 4.43279174396681e-22, nan 
-159.625, 81.125, 4.785395602181044e-22, nan 
-159.375, 81.125, 4.409613848087352e-22, nan 
-159.125, 81.125, 4.1852513926881443e-22, nan 
-158.875, 81.125, 4.31161076122716e-22, nan 
-158.625, 81.125, 4.224013485783347e-22, nan 
-158.375, 81.125, 4.271718866158883e-22, nan 
-158.125, 81.125, 4.2983317544557235e-22, nan 
-157.875, 81.125, 4.275816649752099e-22, nan 
-157.625, 81.125, 4.0532804661809637e-22, nan 
-157.375, 81.125, 3.8449065135419413e-22, nan 
-157.125, 81.125, 4.2182560220415e-22, nan 
-156.875, 81.125, 3.907209506194366e-22, nan 
-156.625, 81.125, 4.166753975059123e-22, nan 
-156.375, 81.125, 4.067045260891159e-22, nan 
-156.125, 81.125, 4.245033864797338e-22, nan 
-155.875, 81.125, 3.8461000983993212e-22, nan 
-155.625, 81.125, 3.806261679555847e-22, nan 
-155.375, 81.125, 4.1998208004978062e-22, nan 
-155.125, 81.125, 3.853990430834019e-22, nan 
-154.875, 81.125, 3.63765954548242e-22, nan 
-154.625, 81.125, 3.706282505737543e-22, nan 
-154.375, 81.125, 3.831067501358952e-22, nan 
-154.125, 81.125, 3.5916417885568657e-22, nan 
-153.875, 81.125, 3.474788460824772e-22, nan 
-153.625, 81.125, 3.588043155289009e-22, nan 
-153.375, 81.125, 3.6122703528209544e-22, nan 
-153.125, 81.125, 3.368792687575362e-22, nan 
-152.875, 81.125, 3.5752713412067814e-22, nan 
-152.625, 81.125, 3.3132694599635005e-22, nan 
-152.375, 81.125, 3.210251171686648e-22, nan 
-152.125, 81.125, 3.435033918700847e-22, nan 
-151.875, 81.125, 3.1327321533621557e-22, nan 
-151.625, 81.125, 3.1721973582762377e-22, nan 
-151.375, 81.125, 3.1827530443786054e-22, nan 
-151.125, 81.125, 3.3358029917252483e-22, nan 
-150.875, 81.125, 3.047750572667583e-22, nan 
-150.625, 81.125, 3.000021159734266e-22, nan 
-150.375, 81.125, 3.095228512051479e-22, nan 
-150.125, 81.125, 2.7402819811240667e-22, nan 
-149.875, 81.125, 2.9096953758328675e-22, nan 
-149.625, 81.125, 2.7173864594600917e-22, nan 
-149.375, 81.125, 2.546058211952338e-22, nan 
-149.125, 81.125, 2.6438263171380985e-22, nan 
-148.875, 81.125, 2.6275427956728686e-22, nan 
-148.625, 81.125, 2.4026759072312974e-22, nan 
-148.375, 81.125, 2.2664839798667436e-22, nan 
-148.125, 81.125, 2.2262527074299983e-22, nan 
-147.875, 81.125, 2.3726740112798937e-22, nan 
-147.625, 81.125, 2.345430541894187e-22, nan 
-147.375, 81.125, 2.036998776124107e-22, nan 
-147.125, 81.125, 2.0111659752241938e-22, nan 
-146.875, 81.125, 2.191085031946012e-22, nan 
-146.625, 81.125, 2.0262312137459457e-22, nan 
-146.375, 81.125, 1.9147442587000685e-22, nan 
-146.125, 81.125, 1.9356639844594898e-22, nan 
-145.875, 81.125, 1.8032295971321082e-22, nan 
-145.625, 81.125, 1.8309616358731966e-22, nan 
-145.375, 81.125, 1.7832952535094164e-22, nan 
-145.125, 81.125, 1.4467911555659743e-22, nan 
-144.875, 81.125, 1.6377722988515803e-22, nan 
-144.625, 81.125, 1.5960997538863748e-22, nan 
-144.375, 81.125, 1.505944933575921e-22, nan 
-144.125, 81.125, 1.5765963907299478e-22, nan 
-143.875, 81.125, 1.6068038083589655e-22, nan 
-143.625, 81.125, 1.3846592660317986e-22, nan 
-143.375, 81.125, 1.328908471577664e-22, nan 
-143.125, 81.125, 1.405753479696263e-22, nan 
-142.875, 81.125, 1.3474559252175006e-22, nan 
-142.625, 81.125, 1.305615552527377e-22, nan 
-142.375, 81.125, 1.3002760226618237e-22, nan 
-142.125, 81.125, 1.2500086202084043e-22, nan 
-141.875, 81.125, 1.1654610671179429e-22, nan 
-141.625, 81.125, 1.0804040550835656e-22, nan 
-141.375, 81.125, 1.0775918547954847e-22, nan 
-141.125, 81.125, 1.0282528604683275e-22, nan 
-140.875, 81.125, 1.1212979461745073e-22, nan 
-140.625, 81.125, 9.857686523859941e-23, nan 
-140.375, 81.125, 9.919748491592313e-23, nan 
-140.125, 81.125, 1.0014776426910503e-22, nan 
-139.875, 81.125, 9.729196896850746e-23, nan 
-139.625, 81.125, 9.918152528756284e-23, nan 
-139.375, 81.125, 9.190342825471208e-23, nan 
-139.125, 81.125, 9.517486085377893e-23, nan 
-138.875, 81.125, 8.60531508300471e-23, nan 
-138.625, 81.125, 8.475258532917802e-23, nan 
-138.375, 81.125, 8.68523512264435e-23, nan 
-138.125, 81.125, 8.142457776825112e-23, nan 
-137.875, 81.125, 8.369931498832187e-23, nan 
-137.625, 81.125, 8.631518462485646e-23, nan 
-137.375, 81.125, 7.669694705087529e-23, nan 
-137.125, 81.125, 7.87562372648545e-23, nan 
-136.875, 81.125, 7.783294499895471e-23, nan 
-136.625, 81.125, 7.52919304022199e-23, nan 
-136.375, 81.125, 7.998238877756014e-23, nan 
-136.125, 81.125, 7.922175577636704e-23, nan 
-135.875, 81.125, 7.526710909473217e-23, nan 
-135.625, 81.125, 7.794886907022946e-23, nan 
-135.375, 81.125, 7.651402707588373e-23, nan 
-135.125, 81.125, 8.244981658821658e-23, nan 
-134.875, 81.125, 7.938203158167979e-23, nan 
-134.625, 81.125, 8.028962984415858e-23, nan 
-134.375, 81.125, 7.854727647370522e-23, nan 
-134.125, 81.125, 7.972945384460054e-23, nan 
-133.875, 81.125, 8.090907831284439e-23, nan 
-133.625, 81.125, 7.942122976095614e-23, nan 
-133.375, 81.125, 8.885598450147371e-23, nan 
-133.125, 81.125, 8.710972411756106e-23, nan 
-132.875, 81.125, 8.847713829935353e-23, nan 
-132.625, 81.125, 9.02273575388368e-23, nan 
-132.375, 81.125, 9.245693339781224e-23, nan 
-132.125, 81.125, 9.743362794383546e-23, nan 
-131.875, 81.125, 9.818418271524762e-23, nan 
-131.625, 81.125, 9.824304494502009e-23, nan 
-131.375, 81.125, 1.0590355207403767e-22, nan 
-131.125, 81.125, 1.0957281254510654e-22, nan 
-130.875, 81.125, 1.0838741396471822e-22, nan 
-130.625, 81.125, 1.0975423007145588e-22, nan 
-130.375, 81.125, 1.144809711578876e-22, nan 
-130.125, 81.125, 1.205082138960485e-22, nan 
-129.875, 81.125, 1.2462181141094825e-22, nan 
-129.625, 81.125, 1.3268651765394128e-22, nan 
-129.375, 81.125, 1.260319128402234e-22, nan 
-129.125, 81.125, 1.2898338974570885e-22, nan 
-128.875, 81.125, 1.371337469476689e-22, nan 
-128.625, 81.125, 1.4745059929000463e-22, nan 
-128.375, 81.125, 1.5290115911572714e-22, nan 
-128.125, 81.125, 1.6167603325059145e-22, nan 
-127.875, 81.125, 1.6668303912194656e-22, nan 
-127.625, 81.125, 1.842232583846644e-22, nan 
-127.375, 81.125, 1.803677618105826e-22, nan 
-127.125, 81.125, 1.8697414728889705e-22, nan 
-126.875, 81.125, 1.8674034781465428e-22, nan 
-126.625, 81.125, 2.0131273448715195e-22, nan 
-126.375, 81.125, 2.0027250997944374e-22, nan 
-126.125, 81.125, 2.0231435227091963e-22, nan 
-125.875, 81.125, 2.0118422351756334e-22, nan 
-125.625, 81.125, 2.0100454792824593e-22, nan 
-125.375, 81.125, 2.831911438569149e-22, nan 
-125.125, 81.125, 2.673101628551037e-22, nan 
-124.875, 81.125, 2.9348606885866526e-22, nan 
-124.625, 81.125, 2.87224043230435e-22, nan 
-124.375, 81.125, 4.241176162712102e-22, nan 
-124.125, 81.125, 3.5318285144730997e-22, nan 
-123.875, 81.125, 4.653560375790697e-22, nan 
-123.625, 81.125, 5.002106759930022e-22, nan 
-123.375, 81.125, 4.87497012034207e-22, nan 
-123.125, 81.125, 5.108108780229949e-22, nan 
-122.875, 81.125, 5.186235506387955e-22, nan 
-122.625, 81.125, 5.018181237651685e-22, nan 
-122.375, 81.125, 4.800795522075943e-22, nan 
-122.125, 81.125, 4.761428853204722e-22, nan 
-121.875, 81.125, 3.3844582877700775e-22, nan 
-121.625, 81.125, 3.3100104839747264e-22, nan 
-121.375, 81.125, 3.2344907524565984e-22, nan 
-121.125, 81.125, 3.8799861664123358e-22, nan 
-120.875, 81.125, 3.947526727219268e-22, nan 
-120.625, 81.125, 3.8544273330807355e-22, nan 
-120.375, 81.125, 3.1640841686063915e-22, nan 
-120.125, 81.125, 2.6087656120267885e-22, nan 
-119.875, 81.125, 2.5192995149132673e-22, nan 
-119.625, 81.125, 2.3966774194431637e-22, nan 
-119.375, 81.125, 2.392217821700194e-22, nan 
-119.125, 81.125, 2.568470541682118e-22, nan 
-118.875, 81.125, 1.174663131147779e-22, nan 
-118.625, 81.125, 1.3850297721379864e-22, nan 
-118.375, 81.125, 1.4287649694849472e-22, nan 
-118.125, 81.125, 1.3383230779683442e-22, nan 
-117.875, 81.125, 1.4515356288018222e-22, nan 
-117.625, 81.125, 1.4954076206526473e-22, nan 
-117.375, 81.125, 1.0796157784052492e-22, nan 
-117.125, 81.125, 8.250529824685162e-23, nan 
-116.875, 81.125, 7.008481911720452e-23, nan 
-116.625, 81.125, 8.560260903780009e-23, nan 
-116.375, 81.125, 1.395959901881585e-22, nan 
-116.125, 81.125, 2.08477280294458e-22, nan 
-115.875, 81.125, 2.5487691833650827e-22, nan 
-115.625, 81.125, 4.309230229990944e-22, nan 
-115.375, 81.125, 4.888106598291639e-22, nan 
-115.125, 81.125, 5.2751110164109255e-22, nan 
-114.875, 81.125, 4.926809451289087e-22, nan 
-114.625, 81.125, 3.9559430453845575e-22, nan 
-114.375, 81.125, 2.978371719758585e-22, nan 
-114.125, 81.125, 4.2239522718036605e-22, nan 
-113.875, 81.125, 6.281199696320747e-22, nan 
-113.625, 81.125, 7.660488021222308e-22, nan 
-113.375, 81.125, 9.161017514519232e-22, nan 
-113.125, 81.125, 8.768769520095677e-22, nan 
-112.875, 81.125, 7.995730877945956e-22, nan 
-112.625, 81.125, 5.713825343151744e-22, nan 
-112.375, 81.125, 4.635444699707797e-22, nan 
-112.125, 81.125, 5.998679466721827e-22, nan 
-111.875, 81.125, 7.061815685032084e-22, nan 
-111.625, 81.125, 7.662506804400746e-22, nan 
-111.375, 81.125, 7.580791330558489e-22, nan 
-111.125, 81.125, 7.236267207001003e-22, nan 
-110.875, 81.125, 6.267438835538943e-22, nan 
-110.625, 81.125, 4.630972152625698e-22, nan 
-110.375, 81.125, 4.253943280814539e-22, nan 
-110.125, 81.125, 5.433432649793278e-22, nan 
-109.875, 81.125, 5.132403810149811e-22, nan 
-109.625, 81.125, 5.323772609990911e-22, nan 
-109.375, 81.125, 5.679913079778764e-22, nan 
-109.125, 81.125, 4.877002892389045e-22, nan 
-108.875, 81.125, 5.206089519425875e-22, nan 
-108.625, 81.125, 5.110932736097612e-22, nan 
-108.375, 81.125, 5.363410949703712e-22, nan 
-108.125, 81.125, 5.804014954924232e-22, nan 
-107.875, 81.125, 3.95784694191742e-22, nan 
-107.625, 81.125, 3.170565699063385e-22, nan 
-107.375, 81.125, 3.706985034310059e-22, nan 
-107.125, 81.125, 3.513900251805693e-22, nan 
-106.875, 81.125, 4.1376332319612735e-22, nan 
-106.625, 81.125, 3.016766618971524e-22, nan 
-106.375, 81.125, 2.1856434245841917e-22, nan 
-106.125, 81.125, 1.2177554447995842e-22, nan 
-105.875, 81.125, 1.5190156829232387e-22, nan 
-105.625, 81.125, 1.3958064788626983e-22, nan 
-105.375, 81.125, 2.2247868287162863e-22, nan 
-105.125, 81.125, 5.033402165009893e-22, nan 
-104.875, 81.125, 2.488930533179168e-22, nan 
-104.625, 81.125, 1.8423415901684672e-22, nan 
-104.375, 81.125, 1.244492293691237e-22, nan 
-104.125, 81.125, 1.2483220279685275e-22, nan 
-103.875, 81.125, 1.2744962741075548e-22, nan 
-103.625, 81.125, 1.5478179373113174e-22, nan 
-103.375, 81.125, 3.439660012593929e-22, nan 
-103.125, 81.125, 1.7705237040418803e-22, nan 
-102.875, 81.125, 2.2046060586157327e-22, nan 
-102.625, 81.125, 1.31379718076244e-22, nan 
-102.375, 81.125, 1.3048035433077968e-22, nan 
-102.125, 81.125, 1.3294578394162832e-22, nan 
-101.875, 81.125, 1.114188118234328e-22, nan 
-101.625, 81.125, 1.4301770987062208e-22, nan 
-101.375, 81.125, 1.1940837661742338e-22, nan 
-101.125, 81.125, 9.283592874057209e-23, nan 
-100.875, 81.125, 1.1069455621042785e-22, nan 
-100.625, 81.125, 3.9534299305601417e-22, nan 
-100.375, 81.125, 5.7263041047325175e-22, nan 
-100.125, 81.125, 7.809787042871218e-22, nan 
-99.875, 81.125, 8.358092183059653e-22, nan 
-99.625, 81.125, 8.474013184151946e-22, nan 
-99.375, 81.125, 8.455663682885582e-22, nan 
-99.125, 81.125, 7.505820609850699e-22, nan 
-98.875, 81.125, 6.531213552689625e-22, nan 
-98.625, 81.125, 8.526392070357909e-22, nan 
-98.375, 81.125, 8.662309906757721e-22, nan 
-98.125, 81.125, 8.55906993762175e-22, nan 
-97.875, 81.125, 9.033313282568779e-22, nan 
-97.625, 81.125, 9.247167688036954e-22, nan 
-97.375, 81.125, 8.615870411935233e-22, nan 
-97.125, 81.125, 6.9846797396365815e-22, nan 
-96.875, 81.125, 6.994983420514342e-22, nan 
-96.625, 81.125, 6.906142521615185e-22, nan 
-96.375, 81.125, 6.17148933537492e-22, nan 
-96.125, 81.125, 4.43950164395674e-22, nan 
-95.875, 81.125, 3.1246553145567263e-22, nan 
-95.625, 81.125, 8.809895642295773e-23, nan 
-95.375, 81.125, 6.824055796245616e-23, nan 
-95.125, 81.125, 5.081521392279002e-23, nan 
-94.875, 81.125, 7.23297806729126e-23, nan 
-94.625, 81.125, 5.645674582697226e-23, nan 
-94.375, 81.125, 5.500304281277736e-23, nan 
-94.125, 81.125, 8.104706696765919e-23, nan 
-93.875, 81.125, 4.804002353950795e-23, nan 
-93.625, 81.125, 9.340903408309984e-23, nan 
-93.375, 81.125, 7.357730387096939e-23, nan 
-93.125, 81.125, 5.057552690393945e-23, nan 
-92.875, 81.125, 4.986106404784334e-23, nan 
-92.625, 81.125, 6.509513745118596e-23, nan 
-92.375, 81.125, 6.444991577831613e-23, nan 
-92.125, 81.125, 7.370637839239688e-23, nan 
-91.875, 81.125, 6.225648590101008e-23, nan 
-91.625, 81.125, 6.162962170888827e-23, nan 
-91.375, 81.125, 5.838478071865314e-23, nan 
-91.125, 81.125, 4.7567104533960587e-23, nan 
-90.875, 81.125, 8.035823339063806e-23, nan 
62.875, 81.125, 3.3110616062103963e-22, nan 
63.125, 81.125, 3.326291292003983e-22, nan 
63.375, 81.125, 2.7996128619642125e-22, nan 
63.625, 81.125, 3.088971956132718e-22, nan 
63.875, 81.125, 1.2499366897892182e-22, nan 
64.125, 81.125, 1.4912639471469902e-22, nan 
64.375, 81.125, 2.3046523096434234e-22, nan 
64.625, 81.125, 3.2496642533548417e-22, nan 
64.875, 81.125, 3.792799069652594e-22, nan 
65.125, 81.125, 4.0364146059526876e-22, nan 
65.375, 81.125, 5.20412806624368e-22, nan 
65.625, 81.125, 1.728880651585032e-22, nan 
65.875, 81.125, 1.760568671863039e-22, nan 
66.125, 81.125, 2.4437614103388837e-22, nan 
66.375, 81.125, 2.793414497477483e-22, nan 
66.625, 81.125, 2.5030463299145563e-22, nan 
66.875, 81.125, 2.770813286001319e-22, nan 
67.125, 81.125, 3.2389043810351004e-22, nan 
67.375, 81.125, 1.9878709875394825e-22, nan 
67.625, 81.125, 1.871150337258517e-22, nan 
67.875, 81.125, 2.2412679989991517e-22, nan 
68.125, 81.125, 1.8349496794513877e-22, nan 
68.375, 81.125, 2.023337440511065e-22, nan 
68.625, 81.125, 1.9273086732350733e-22, nan 
68.875, 81.125, 1.994081251634407e-22, nan 
69.125, 81.125, 1.161977816183495e-22, nan 
69.375, 81.125, 1.6538091720470732e-22, nan 
69.625, 81.125, 2.3738989390320265e-22, nan 
69.875, 81.125, 2.76169915059936e-22, nan 
70.125, 81.125, 3.09704651251658e-22, nan 
70.375, 81.125, 3.813679402233427e-22, nan 
70.625, 81.125, 4.289276658747618e-22, nan 
70.875, 81.125, 2.8889213243016004e-22, nan 
71.125, 81.125, 3.578242101258022e-22, nan 
71.375, 81.125, 4.0815626158510723e-22, nan 
71.625, 81.125, 4.619999090499858e-22, nan 
71.875, 81.125, 3.059373148094151e-22, nan 
72.125, 81.125, 3.5970444770985824e-22, nan 
72.375, 81.125, 3.7100058018115593e-22, nan 
72.625, 81.125, 2.981041772455078e-22, nan 
72.875, 81.125, 2.370474148765916e-22, nan 
73.125, 81.125, 3.062007343952414e-22, nan 
73.375, 81.125, 2.888420953102022e-22, nan 
73.625, 81.125, 2.895053774408215e-22, nan 
73.875, 81.125, 2.469475228663933e-22, nan 
74.125, 81.125, 2.676096882661986e-22, nan 
74.375, 81.125, 2.677910400835828e-22, nan 
74.625, 81.125, 3.2496500940762136e-22, nan 
74.875, 81.125, 4.673053934069236e-22, nan 
75.125, 81.125, 4.249897653706294e-22, nan 
75.375, 81.125, 4.557109110030779e-22, nan 
75.625, 81.125, 4.0456597002415173e-22, nan 
75.875, 81.125, 2.903700227187159e-22, nan 
76.125, 81.125, 1.589746171483751e-22, nan 
76.375, 81.125, 4.464200588301177e-22, nan 
76.625, 81.125, 2.729946994232983e-22, nan 
76.875, 81.125, 3.30070989192644e-22, nan 
77.125, 81.125, 3.5198756486327647e-22, nan 
77.375, 81.125, 3.5727804084995816e-22, nan 
77.625, 81.125, 2.8721280847657134e-22, nan 
77.875, 81.125, 3.339471418677056e-22, nan 
78.125, 81.125, 4.296164453225082e-22, nan 
78.375, 81.125, 2.835017913664434e-22, nan 
78.625, 81.125, 2.5958006568876135e-22, nan 
78.875, 81.125, 1.8196173403252265e-22, nan 
79.125, 81.125, 2.476771741664118e-22, nan 
79.375, 81.125, 2.2089458487236224e-22, nan 
79.625, 81.125, 2.1271751366192517e-22, nan 
79.875, 81.125, 2.1687160291729512e-22, nan 
80.125, 81.125, 2.2552372414064524e-22, nan 
80.375, 81.125, 2.307358560014049e-22, nan 
80.625, 81.125, 2.1874030791681312e-22, nan 
80.875, 81.125, 2.1768955640710664e-22, nan 
81.125, 81.125, 9.848762992225549e-23, nan 
81.375, 81.125, 4.60341402528797e-22, nan 
81.625, 81.125, 5.016840138500365e-22, nan 
81.875, 81.125, 2.72800540991186e-22, nan 
82.125, 81.125, 4.785251502027685e-22, nan 
82.375, 81.125, 3.762568886328123e-22, nan 
82.625, 81.125, 2.6916666740781455e-22, nan 
82.875, 81.125, 2.994295221929562e-22, nan 
83.125, 81.125, 1.121693493307151e-22, nan 
83.375, 81.125, 1.0883894690647083e-22, nan 
83.625, 81.125, 9.680481953244626e-23, nan 
83.875, 81.125, 9.922490017064593e-23, nan 
84.125, 81.125, 9.689703232558068e-23, nan 
84.375, 81.125, 7.153071188098411e-23, nan 
84.625, 81.125, 3.6326544187353406e-23, nan 
84.875, 81.125, 9.167459740693315e-23, nan 
85.125, 81.125, 1.2853065580154465e-22, nan 
85.375, 81.125, 1.1215309897024866e-22, nan 
85.625, 81.125, 1.0676898300144259e-22, nan 
85.875, 81.125, 1.2565255280692156e-22, nan 
86.125, 81.125, 1.667182231960302e-22, nan 
86.375, 81.125, 1.1093901164360997e-22, nan 
86.625, 81.125, 1.4485549625530522e-22, nan 
86.875, 81.125, 1.7243383491562442e-22, nan 
87.125, 81.125, 1.2163125727018687e-22, nan 
87.375, 81.125, 1.217523674000596e-22, nan 
87.625, 81.125, 1.8906688503208047e-22, nan 
87.875, 81.125, 1.874120513563629e-22, nan 
88.125, 81.125, 1.7095625954843061e-22, nan 
88.375, 81.125, 1.968971443523512e-22, nan 
88.625, 81.125, 1.9008170059373868e-22, nan 
88.875, 81.125, 1.8382681805128068e-22, nan 
89.125, 81.125, 1.9697275519758813e-22, nan 
89.375, 81.125, 3.101256450212139e-22, nan 
89.625, 81.125, 2.2076043534284063e-22, nan 
89.875, 81.125, 2.5892154097674145e-22, nan 
90.125, 81.125, 2.740720945168749e-22, nan 
90.375, 81.125, 2.663145971734812e-22, nan 
90.625, 81.125, 2.7303016742058567e-22, nan 
90.875, 81.125, 2.878383096684417e-22, nan 
91.125, 81.125, 3.474484067550599e-22, nan 
91.375, 81.125, 2.930735533191667e-22, nan 
91.625, 81.125, 2.7270255796741626e-22, nan 
91.875, 81.125, 2.9257491822453895e-22, nan 
92.125, 81.125, 3.076627084277976e-22, nan 
92.375, 81.125, 2.9096621678107223e-22, nan 
92.625, 81.125, 2.958395130772232e-22, nan 
92.875, 81.125, 3.2208323467904433e-22, nan 
93.125, 81.125, 3.048002011489208e-22, nan 
93.375, 81.125, 3.3743889669047247e-22, nan 
93.625, 81.125, 3.3788177088318395e-22, nan 
93.875, 81.125, 3.38596802402725e-22, nan 
94.125, 81.125, 3.5105473973549004e-22, nan 
94.375, 81.125, 3.6494388244366865e-22, nan 
94.625, 81.125, 3.6870266524979227e-22, nan 
94.875, 81.125, 3.3968112991680023e-22, nan 
95.125, 81.125, 3.7699193963123754e-22, nan 
95.375, 81.125, 3.018269386823528e-22, nan 
95.625, 81.125, 3.0803747441060436e-22, nan 
95.875, 81.125, 3.9552737551284677e-22, nan 
96.125, 81.125, 4.858327160755011e-22, nan 
96.375, 81.125, 4.238693521962879e-22, nan 
96.625, 81.125, 3.3865375263738425e-22, nan 
96.875, 81.125, 2.9656649595580887e-22, nan 
97.125, 81.125, 3.584486146311835e-22, nan 
97.375, 81.125, 2.555001227411516e-22, nan 
97.625, 81.125, 2.6655554730587373e-22, nan 
97.875, 81.125, 3.067722960690994e-22, nan 
98.125, 81.125, 2.3638291128580743e-22, nan 
98.375, 81.125, 2.3081282555923183e-22, nan 
98.625, 81.125, 2.8462314243994953e-22, nan 
98.875, 81.125, 2.1102367534768002e-22, nan 
99.125, 81.125, 1.3698718107392904e-22, nan 
99.375, 81.125, 1.010876185309492e-22, nan 
99.625, 81.125, 9.435495209207069e-23, nan 
99.875, 81.125, 7.412709500976183e-23, nan 
100.125, 81.125, 8.268907476823816e-23, nan 
100.375, 81.125, 4.087344119812144e-23, nan 
100.625, 81.125, 5.0556624979080384e-23, nan 
100.875, 81.125, 3.903016108518374e-23, nan 
101.125, 81.125, 4.292281318852745e-23, nan 
101.375, 81.125, 5.2664053779690715e-23, nan 
101.625, 81.125, 3.999812082598235e-23, nan 
101.875, 81.125, 1.637207598226281e-23, nan 
102.125, 81.125, 1.0470743863114522e-23, nan 
102.375, 81.125, 3.744225208195565e-23, nan 
102.625, 81.125, 2.9918683881263907e-23, nan 
102.875, 81.125, 4.673248687405819e-23, nan 
103.125, 81.125, 4.375180971131049e-23, nan 
103.375, 81.125, 4.8773832546024473e-23, nan 
103.625, 81.125, 4.9174130299805486e-23, nan 
103.875, 81.125, 4.614960465280386e-23, nan 
104.125, 81.125, 5.564110728725117e-23, nan 
104.375, 81.125, 7.255065366740417e-23, nan 
104.625, 81.125, 8.650740580410915e-23, nan 
104.875, 81.125, 8.671671697087937e-23, nan 
105.125, 81.125, 1.0190752390513727e-22, nan 
105.375, 81.125, 7.773504927745875e-23, nan 
105.625, 81.125, 7.443093721286544e-23, nan 
105.875, 81.125, 5.192128013388126e-23, nan 
106.125, 81.125, 4.8937524883895944e-23, nan 
106.375, 81.125, 4.998083399562773e-23, nan 
106.625, 81.125, 7.474798687281311e-23, nan 
106.875, 81.125, 1.0749640919193658e-22, nan 
107.125, 81.125, 9.473764577043375e-23, nan 
107.375, 81.125, 6.770219398352559e-23, nan 
107.625, 81.125, 6.654432566741417e-23, nan 
107.875, 81.125, 5.29075125038769e-23, nan 
108.125, 81.125, 6.591662197565097e-23, nan 
108.375, 81.125, 8.319404002944954e-23, nan 
108.625, 81.125, 8.998419185543638e-23, nan 
108.875, 81.125, 8.126676432052197e-23, nan 
109.125, 81.125, 8.080477155943993e-23, nan 
109.375, 81.125, 9.589714587391471e-23, nan 
109.625, 81.125, 7.515870924380478e-23, nan 
109.875, 81.125, 1.101660706713425e-22, nan 
110.125, 81.125, 1.2663885479037662e-22, nan 
110.375, 81.125, 8.828231520574145e-23, nan 
110.625, 81.125, 8.759911585112646e-23, nan 
110.875, 81.125, 6.868921818451956e-23, nan 
111.125, 81.125, 1.228569269342149e-22, nan 
111.375, 81.125, 9.077151870690086e-23, nan 
111.625, 81.125, 7.820504139075173e-23, nan 
111.875, 81.125, 1.1348653541610827e-22, nan 
112.125, 81.125, 1.1455647700108449e-22, nan 
112.375, 81.125, 1.2609824717151147e-22, nan 
112.625, 81.125, 1.617754618619956e-22, nan 
112.875, 81.125, 1.6462701304517542e-22, nan 
113.125, 81.125, 1.319513281993483e-22, nan 
113.375, 81.125, 1.4039696991609576e-22, nan 
113.625, 81.125, 1.4364067571947314e-22, nan 
113.875, 81.125, 1.563283549915834e-22, nan 
114.125, 81.125, 1.499884474078522e-22, nan 
114.375, 81.125, 1.6908269097525085e-22, nan 
114.625, 81.125, 1.505492550745868e-22, nan 
114.875, 81.125, 1.6169242020111925e-22, nan 
115.125, 81.125, 2.2182320293194853e-22, nan 
115.375, 81.125, 1.876020056016036e-22, nan 
115.625, 81.125, 1.1044304754800283e-22, nan 
115.875, 81.125, 5.084441231005945e-23, nan 
116.125, 81.125, 9.444876591491215e-23, nan 
116.375, 81.125, 2.243490637095326e-22, nan 
116.625, 81.125, 2.548278065525494e-22, nan 
116.875, 81.125, 2.3723468011908097e-22, nan 
117.125, 81.125, 1.866291896321047e-22, nan 
117.375, 81.125, 1.1667019379328654e-22, nan 
117.625, 81.125, 1.9502565066979117e-22, nan 
117.875, 81.125, 1.9792477710241188e-22, nan 
118.125, 81.125, 1.4258393648611246e-22, nan 
118.375, 81.125, 1.3826802653169362e-22, nan 
118.625, 81.125, 1.880590547861628e-22, nan 
118.875, 81.125, 1.0295262856980313e-22, nan 
119.125, 81.125, 1.0080074680581183e-22, nan 
119.375, 81.125, 8.043033707528316e-23, nan 
119.625, 81.125, 1.0232860859005399e-22, nan 
119.875, 81.125, 1.143481220310206e-22, nan 
120.125, 81.125, 1.3299395930549432e-22, nan 
120.375, 81.125, 1.308501354512837e-22, nan 
120.625, 81.125, 1.5515518146587123e-22, nan 
120.875, 81.125, 1.4500195729835992e-22, nan 
121.125, 81.125, 1.3136994160317232e-22, nan 
121.375, 81.125, 1.6374245898841874e-22, nan 
121.625, 81.125, 1.6784434539996762e-22, nan 
121.875, 81.125, 1.7098188955368663e-22, nan 
122.125, 81.125, 1.8010101126399784e-22, nan 
122.375, 81.125, 1.6227167535003728e-22, nan 
122.625, 81.125, 1.1203515956826942e-22, nan 
122.875, 81.125, 1.405357961305514e-22, nan 
123.125, 81.125, 1.7796078092167997e-22, nan 
123.375, 81.125, 1.6670604729251155e-22, nan 
123.625, 81.125, 1.2810580267875365e-22, nan 
123.875, 81.125, 1.1702188899595687e-22, nan 
124.125, 81.125, 1.3691899697356997e-22, nan 
124.375, 81.125, 9.741953216190151e-23, nan 
124.625, 81.125, 7.009037012620348e-23, nan 
124.875, 81.125, 6.833762905660837e-23, nan 
125.125, 81.125, 6.494783454452938e-23, nan 
125.375, 81.125, 6.597641189469185e-23, nan 
125.625, 81.125, 6.65035707677575e-23, nan 
125.875, 81.125, 4.965689403155372e-23, nan 
126.125, 81.125, 6.245492182357062e-23, nan 
126.375, 81.125, 7.985226116010474e-23, nan 
126.625, 81.125, 4.843652153166328e-23, nan 
126.875, 81.125, 3.815800574851802e-23, nan 
127.125, 81.125, 6.606713948107239e-23, nan 
127.375, 81.125, 5.875995332215236e-23, nan 
127.625, 81.125, 4.047669650817601e-23, nan 
127.875, 81.125, 3.5735440971865665e-23, nan 
128.125, 81.125, 5.916345966924354e-23, nan 
128.375, 81.125, 9.224776431829565e-23, nan 
128.625, 81.125, 9.62581494315181e-23, nan 
128.875, 81.125, 1.2877647357973426e-22, nan 
129.125, 81.125, 9.400856683687848e-23, nan 
129.375, 81.125, 4.098114734893131e-23, nan 
129.625, 81.125, 5.73301105596369e-23, nan 
129.875, 81.125, 5.992736494352536e-23, nan 
130.125, 81.125, 7.868347925822375e-23, nan 
130.375, 81.125, 8.494282418700678e-23, nan 
130.625, 81.125, 4.9420172653819123e-23, nan 
130.875, 81.125, 5.775107146406486e-23, nan 
131.125, 81.125, 7.657870409971758e-23, nan 
131.375, 81.125, 1.2720502421165836e-22, nan 
131.625, 81.125, 5.809431569919949e-23, nan 
131.875, 81.125, 1.4587990945565506e-22, nan 
132.125, 81.125, 2.0690683499802655e-22, nan 
132.375, 81.125, 1.5226336653706662e-22, nan 
132.625, 81.125, 1.699673320344429e-22, nan 
132.875, 81.125, 1.5476920870724303e-22, nan 
133.125, 81.125, 1.7982445352974627e-22, nan 
133.375, 81.125, 2.404508490859245e-22, nan 
133.625, 81.125, 1.9834928674049217e-22, nan 
133.875, 81.125, 1.9625347714941912e-22, nan 
134.125, 81.125, 2.170840698594491e-22, nan 
134.375, 81.125, 2.258609834645733e-22, nan 
134.625, 81.125, 2.2008403257275813e-22, nan 
134.875, 81.125, 1.9929228314666195e-22, nan 
135.125, 81.125, 2.836778466555256e-22, nan 
135.375, 81.125, 1.827102248694694e-22, nan 
135.625, 81.125, 2.171283394383358e-22, nan 
135.875, 81.125, 1.989190591601285e-22, nan 
136.125, 81.125, 2.9328524289182643e-22, nan 
136.375, 81.125, 1.7073498262527305e-22, nan 
136.625, 81.125, 1.2887960159312068e-22, nan 
136.875, 81.125, 2.578009472303579e-22, nan 
137.125, 81.125, 5.743427696036036e-22, nan 
137.375, 81.125, 6.0155559754810975e-22, nan 
137.625, 81.125, 8.28676824007254e-22, nan 
137.875, 81.125, 5.949030095938478e-22, nan 
138.125, 81.125, 9.742992947879931e-22, nan 
138.375, 81.125, 1.0108939433300038e-21, nan 
138.625, 81.125, 9.410650959651708e-22, nan 
138.875, 81.125, 9.257596452859145e-22, nan 
139.125, 81.125, 8.735571348701559e-22, nan 
139.375, 81.125, 1.2248022677631985e-21, nan 
139.625, 81.125, 8.931654042818789e-22, nan 
139.875, 81.125, 1.156075534647045e-21, nan 
140.125, 81.125, 9.998283865721077e-22, nan 
140.375, 81.125, 9.719280219756672e-22, nan 
140.625, 81.125, 8.607152392919179e-22, nan 
140.875, 81.125, 8.980662329675411e-22, nan 
141.125, 81.125, 9.415185725487819e-22, nan 
141.375, 81.125, 8.296844726591271e-22, nan 
141.625, 81.125, 9.182732590944936e-22, nan 
141.875, 81.125, 9.259765841689193e-22, nan 
142.125, 81.125, 9.35477087605559e-22, nan 
142.375, 81.125, 9.866030750482675e-22, nan 
142.625, 81.125, 1.0603246658400234e-21, nan 
142.875, 81.125, 1.0687382084961609e-21, nan 
143.125, 81.125, 9.94618134269288e-22, nan 
143.375, 81.125, 1.0385748693138607e-21, nan 
143.625, 81.125, 9.835189128282952e-22, nan 
143.875, 81.125, 1.0987312673531315e-21, nan 
144.125, 81.125, 1.1377652056550818e-21, nan 
144.375, 81.125, 1.0851298579906116e-21, nan 
144.625, 81.125, 1.0729605462399865e-21, nan 
144.875, 81.125, 1.2737450230514353e-21, nan 
145.125, 81.125, 1.3176176244296967e-21, nan 
145.375, 81.125, 1.2256105764314432e-21, nan 
145.625, 81.125, 1.1628961568968957e-21, nan 
145.875, 81.125, 1.3887361032982867e-21, nan 
146.125, 81.125, 1.4998734143465197e-21, nan 
146.375, 81.125, 1.6803404060958827e-21, nan 
146.625, 81.125, 1.7102210798823146e-21, nan 
146.875, 81.125, 2.11145425161123e-21, nan 
147.125, 81.125, 1.8294818737230024e-21, nan 
147.375, 81.125, 1.8954787932559e-21, nan 
147.625, 81.125, 2.2654460154925137e-21, nan 
147.875, 81.125, 2.2934278361017935e-21, nan 
148.125, 81.125, 2.429610400124434e-21, nan 
148.375, 81.125, 2.6323643883170283e-21, nan 
148.625, 81.125, 2.4883118013477166e-21, nan 
148.875, 81.125, 2.8114915536609625e-21, nan 
149.125, 81.125, 3.1324988891217457e-21, nan 
149.375, 81.125, 2.7355465462933784e-21, nan 
149.625, 81.125, 2.964219909686979e-21, nan 
149.875, 81.125, 2.9028369791407088e-21, nan 
150.125, 81.125, 3.0426767262013337e-21, nan 
150.375, 81.125, 3.408519068733241e-21, nan 
150.625, 81.125, 3.204142730871867e-21, nan 
150.875, 81.125, 3.717512552370746e-21, nan 
151.125, 81.125, 4.056381659720874e-21, nan 
151.375, 81.125, 4.161993354969249e-21, nan 
151.625, 81.125, 4.111049340712208e-21, nan 
151.875, 81.125, 4.4985283921662955e-21, nan 
152.125, 81.125, 4.529826554408326e-21, nan 
152.375, 81.125, 4.888539773287409e-21, nan 
152.625, 81.125, 5.025661492706563e-21, nan 
152.875, 81.125, 5.059740249178957e-21, nan 
153.125, 81.125, 5.200026323192868e-21, nan 
153.375, 81.125, 4.978693777086078e-21, nan 
153.625, 81.125, 5.745071674281292e-21, nan 
153.875, 81.125, 5.333136520733447e-21, nan 
154.125, 81.125, 5.582355417482753e-21, nan 
154.375, 81.125, 6.215233332858529e-21, nan 
154.625, 81.125, 6.3117041789185784e-21, nan 
154.875, 81.125, 6.0207636225649265e-21, nan 
155.125, 81.125, 6.657437581842122e-21, nan 
155.375, 81.125, 7.205193119236801e-21, nan 
155.625, 81.125, 6.9112649121676e-21, nan 
155.875, 81.125, 7.191005347206985e-21, nan 
156.125, 81.125, 8.122785821140745e-21, nan 
156.375, 81.125, 7.95614241067691e-21, nan 
156.625, 81.125, 7.483641143788541e-21, nan 
156.875, 81.125, 9.333285642664101e-21, nan 
157.125, 81.125, 9.68112106652995e-21, nan 
157.375, 81.125, 7.001636774272284e-21, nan 
157.625, 81.125, 6.64920480488846e-21, nan 
157.875, 81.125, 7.14988260232476e-21, nan 
158.125, 81.125, 7.157419470558232e-21, nan 
158.375, 81.125, 6.626942615291331e-21, nan 
158.625, 81.125, 7.86728504311446e-21, nan 
158.875, 81.125, 7.510861630694604e-21, nan 
159.125, 81.125, 7.451368690335587e-21, nan 
159.375, 81.125, 1.1170453009430645e-20, nan 
159.625, 81.125, 8.475913144971143e-21, nan 
159.875, 81.125, 8.06456553632971e-21, nan 
160.125, 81.125, 1.1507081889360166e-20, nan 
160.375, 81.125, 1.3848345209094566e-20, nan 
160.625, 81.125, 1.1535082334712504e-20, nan 
160.875, 81.125, 9.080797869335728e-21, nan 
161.125, 81.125, 1.5561407056918957e-20, nan 
161.375, 81.125, 1.1105907169067375e-20, nan 
161.625, 81.125, 1.0793223660604781e-20, nan 
161.875, 81.125, 1.2323386525604928e-20, nan 
162.125, 81.125, 1.472122433247572e-20, nan 
162.375, 81.125, 1.2443038157305418e-20, nan 
162.625, 81.125, 1.0298534194253206e-20, nan 
162.875, 81.125, 1.1655914992237138e-20, nan 
163.125, 81.125, 1.0843307444093329e-20, nan 
163.375, 81.125, 1.0697770381229398e-20, nan 
163.625, 81.125, 1.0735868285068444e-20, nan 
163.875, 81.125, 1.0789938530231387e-20, nan 
164.125, 81.125, 1.1347126080670438e-20, nan 
164.375, 81.125, 1.074380494197256e-20, nan 
164.625, 81.125, 1.1974250689842114e-20, nan 
164.875, 81.125, 1.1971710508905769e-20, nan 
165.125, 81.125, 1.1609350072410845e-20, nan 
165.375, 81.125, 1.1778391215265738e-20, nan 
165.625, 81.125, 1.2194921702822124e-20, nan 
165.875, 81.125, 1.22629027339698e-20, nan 
166.125, 81.125, 1.2530309224784655e-20, nan 
166.375, 81.125, 1.2437420119616305e-20, nan 
166.625, 81.125, 1.3261581183240877e-20, nan 
166.875, 81.125, 1.2874732176412188e-20, nan 
167.125, 81.125, 1.2633963143035908e-20, nan 
167.375, 81.125, 1.4311760706326062e-20, nan 
167.625, 81.125, 1.3999763968662667e-20, nan 
167.875, 81.125, 1.3995139929545767e-20, nan 
168.125, 81.125, 1.429522153592796e-20, nan 
168.375, 81.125, 1.5178710004511963e-20, nan 
168.625, 81.125, 1.52758241447623e-20, nan 
168.875, 81.125, 1.582173127814335e-20, nan 
169.125, 81.125, 1.674791939225791e-20, nan 
169.375, 81.125, 1.7308409277024394e-20, nan 
169.625, 81.125, 1.3994975474697062e-20, nan 
169.875, 81.125, 1.3336248650893743e-20, nan 
170.125, 81.125, 1.610254364106904e-20, nan 
170.375, 81.125, 1.4672405506261403e-20, nan 
170.625, 81.125, 1.418798616147666e-20, nan 
170.875, 81.125, 1.3665829746621126e-20, nan 
171.125, 81.125, 1.266367542948361e-20, nan 
171.375, 81.125, 1.2120429860863886e-20, nan 
171.625, 81.125, 1.242600934285204e-20, nan 
171.875, 81.125, 1.198070392360965e-20, nan 
172.125, 81.125, 1.03483691516641e-20, nan 
172.375, 81.125, 1.0438076255183708e-20, nan 
172.625, 81.125, 1.0489041758671731e-20, nan 
172.875, 81.125, 9.079709727633794e-21, nan 
173.125, 81.125, 8.901456702645772e-21, nan 
173.375, 81.125, 8.832189797705791e-21, nan 
173.625, 81.125, 7.481816401832257e-21, nan 
173.875, 81.125, 6.801018282958567e-21, nan 
174.125, 81.125, 6.373896704805201e-21, nan 
174.375, 81.125, 7.0916495995756e-21, nan 
174.625, 81.125, 6.643269973648786e-21, nan 
174.875, 81.125, 6.610452332731459e-21, nan 
175.125, 81.125, 6.298287041860743e-21, nan 
175.375, 81.125, 6.251289978711274e-21, nan 
175.625, 81.125, 6.413951809404274e-21, nan 
175.875, 81.125, 5.921951552170073e-21, nan 
176.125, 81.125, 6.205945377888796e-21, nan 
176.375, 81.125, 6.194473421568389e-21, nan 
176.625, 81.125, 5.995328169007007e-21, nan 
176.875, 81.125, 6.513502252526925e-21, nan 
177.125, 81.125, 6.072604660521022e-21, nan 
177.375, 81.125, 5.782492656290114e-21, nan 
177.625, 81.125, 6.178938707936124e-21, nan 
177.875, 81.125, 5.824064263324324e-21, nan 
178.125, 81.125, 5.5485472474303486e-21, nan 
178.375, 81.125, 5.215235763035882e-21, nan 
178.625, 81.125, 5.215204540231436e-21, nan 
178.875, 81.125, 5.408758799043295e-21, nan 
179.125, 81.125, 4.878251753406399e-21, nan 
179.375, 81.125, 4.970108535830706e-21, nan 
179.625, 81.125, 5.344236821848418e-21, nan 
179.875, 81.125, 4.953749083754642e-21, nan 
-179.875, 81.375, 4.212295676841804e-21, nan 
-179.625, 81.375, 4.291428012753976e-21, nan 
-179.375, 81.375, 4.1090580208172e-21, nan 
-179.125, 81.375, 3.8606646108316445e-21, nan 
-178.875, 81.375, 4.031460314765779e-21, nan 
-178.625, 81.375, 3.797886309930444e-21, nan 
-178.375, 81.375, 3.85298072483055e-21, nan 
-178.125, 81.375, 3.531332521355749e-21, nan 
-177.875, 81.375, 3.641823467664006e-21, nan 
-177.625, 81.375, 3.226796939036299e-21, nan 
-177.375, 81.375, 3.5917302588641905e-21, nan 
-177.125, 81.375, 3.202839077817422e-21, nan 
-176.875, 81.375, 3.273562341725273e-21, nan 
-176.625, 81.375, 3.4673626266359535e-21, nan 
-176.375, 81.375, 3.5700853245399066e-21, nan 
-176.125, 81.375, 3.1124433324849864e-21, nan 
-175.875, 81.375, 3.562853162644128e-21, nan 
-175.625, 81.375, 3.413955296641534e-21, nan 
-175.375, 81.375, 3.3852530895743575e-21, nan 
-175.125, 81.375, 3.906978359922765e-21, nan 
-174.875, 81.375, 3.8506110291128756e-21, nan 
-174.625, 81.375, 3.4019558358416344e-21, nan 
-174.375, 81.375, 3.6051194029575615e-21, nan 
-174.125, 81.375, 3.210349961794733e-21, nan 
-173.875, 81.375, 3.3454958493274314e-21, nan 
-173.625, 81.375, 3.313984298624061e-21, nan 
-173.375, 81.375, 3.5387309137946346e-21, nan 
-173.125, 81.375, 3.550422789657958e-21, nan 
-172.875, 81.375, 3.608173796147665e-21, nan 
-172.625, 81.375, 3.1882274713834117e-21, nan 
-172.375, 81.375, 3.707273716854189e-21, nan 
-172.125, 81.375, 3.848528617498895e-21, nan 
-171.875, 81.375, 3.033881907795753e-21, nan 
-171.625, 81.375, 3.440182118301013e-21, nan 
-171.375, 81.375, 3.725861367530726e-21, nan 
-171.125, 81.375, 3.559229024975323e-21, nan 
-170.875, 81.375, 4.204933170597647e-21, nan 
-170.625, 81.375, 3.536770298880459e-21, nan 
-170.375, 81.375, 2.7418776445001312e-21, nan 
-170.125, 81.375, 2.5284296545975267e-21, nan 
-169.875, 81.375, 4.913922219658506e-21, nan 
-169.625, 81.375, 9.604228780147988e-21, nan 
-169.375, 81.375, 2.3335340784263895e-20, nan 
-169.125, 81.375, 6.593106641142823e-21, nan 
-168.875, 81.375, 4.4547088662577456e-21, nan 
-168.625, 81.375, 4.179893154013972e-21, nan 
-168.375, 81.375, 3.767639825623834e-21, nan 
-168.125, 81.375, 3.2324206094585228e-21, nan 
-167.875, 81.375, 2.807962138321492e-21, nan 
-167.625, 81.375, 2.5524891943825052e-21, nan 
-167.375, 81.375, 2.4335270473914853e-21, nan 
-167.125, 81.375, 2.4319962699836746e-21, nan 
-166.875, 81.375, 2.315956264118309e-21, nan 
-166.625, 81.375, 2.2578738804089128e-21, nan 
-166.375, 81.375, 2.2876816371657432e-21, nan 
-166.125, 81.375, 1.7120727072410873e-21, nan 
-165.875, 81.375, 1.2956649108159786e-21, nan 
-165.625, 81.375, 1.2021495014554915e-21, nan 
-165.375, 81.375, 1.4502490516737682e-21, nan 
-165.125, 81.375, 1.0701702445795024e-21, nan 
-164.875, 81.375, 8.843294629061033e-22, nan 
-164.625, 81.375, 8.129856553578291e-22, nan 
-164.375, 81.375, 8.011332836062693e-22, nan 
-164.125, 81.375, 7.974842087621838e-22, nan 
-163.875, 81.375, 6.888832846911163e-22, nan 
-163.625, 81.375, 6.061747361129653e-22, nan 
-163.375, 81.375, 5.380821008125719e-22, nan 
-163.125, 81.375, 4.83025243673898e-22, nan 
-162.875, 81.375, 4.926725275948704e-22, nan 
-162.625, 81.375, 4.576564920250497e-22, nan 
-162.375, 81.375, 4.353368613601184e-22, nan 
-162.125, 81.375, 4.092966049125553e-22, nan 
-161.875, 81.375, 4.202954452400859e-22, nan 
-161.625, 81.375, 4.1159383658512457e-22, nan 
-161.375, 81.375, 4.039358706834661e-22, nan 
-161.125, 81.375, 3.8438225434119394e-22, nan 
-160.875, 81.375, 4.1751483084077855e-22, nan 
-160.625, 81.375, 4.0772959080314365e-22, nan 
-160.375, 81.375, 4.110821846981787e-22, nan 
-160.125, 81.375, 4.1152968556709237e-22, nan 
-159.875, 81.375, 3.9234375524142284e-22, nan 
-159.625, 81.375, 4.0627454387297157e-22, nan 
-159.375, 81.375, 3.8554802942697637e-22, nan 
-159.125, 81.375, 3.8534354151581473e-22, nan 
-158.875, 81.375, 3.7712634421545948e-22, nan 
-158.625, 81.375, 3.9057086616017714e-22, nan 
-158.375, 81.375, 3.716602076058357e-22, nan 
-158.125, 81.375, 3.3211613407597545e-22, nan 
-157.875, 81.375, 3.3314021270684527e-22, nan 
-157.625, 81.375, 3.536860924695753e-22, nan 
-157.375, 81.375, 3.676228106111546e-22, nan 
-157.125, 81.375, 3.297208404198298e-22, nan 
-156.875, 81.375, 3.2358987918693445e-22, nan 
-156.625, 81.375, 3.188591980250442e-22, nan 
-156.375, 81.375, 3.283398206483174e-22, nan 
-156.125, 81.375, 3.2461695594346213e-22, nan 
-155.875, 81.375, 3.1839200695192042e-22, nan 
-155.625, 81.375, 3.081816282683257e-22, nan 
-155.375, 81.375, 2.921767546129774e-22, nan 
-155.125, 81.375, 2.928164053773076e-22, nan 
-154.875, 81.375, 3.1664897758553213e-22, nan 
-154.625, 81.375, 2.8921911275860783e-22, nan 
-154.375, 81.375, 2.786122698609563e-22, nan 
-154.125, 81.375, 2.8559961226858763e-22, nan 
-153.875, 81.375, 2.8951191272862166e-22, nan 
-153.625, 81.375, 2.840771506113043e-22, nan 
-153.375, 81.375, 2.639716834122719e-22, nan 
-153.125, 81.375, 2.449646959203411e-22, nan 
-152.875, 81.375, 2.3832777373392737e-22, nan 
-152.625, 81.375, 2.7672998028235667e-22, nan 
-152.375, 81.375, 2.369114097248363e-22, nan 
-152.125, 81.375, 2.416663382931352e-22, nan 
-151.875, 81.375, 2.524841472054098e-22, nan 
-151.625, 81.375, 2.502958516447238e-22, nan 
-151.375, 81.375, 2.637018511086309e-22, nan 
-151.125, 81.375, 2.5198373977652515e-22, nan 
-150.875, 81.375, 2.171062701350953e-22, nan 
-150.625, 81.375, 2.314553229528868e-22, nan 
-150.375, 81.375, 2.691214502631885e-22, nan 
-150.125, 81.375, 2.388022666113938e-22, nan 
-149.875, 81.375, 2.421842090053745e-22, nan 
-149.625, 81.375, 2.2853178254501227e-22, nan 
-149.375, 81.375, 2.309814698033908e-22, nan 
-149.125, 81.375, 2.3136405518437075e-22, nan 
-148.875, 81.375, 2.3154477212534757e-22, nan 
-148.625, 81.375, 2.1870337557843444e-22, nan 
-148.375, 81.375, 2.3501528200469817e-22, nan 
-148.125, 81.375, 2.265061018392207e-22, nan 
-147.875, 81.375, 2.0648506892422013e-22, nan 
-147.625, 81.375, 2.261784474638607e-22, nan 
-147.375, 81.375, 2.033444767613688e-22, nan 
-147.125, 81.375, 2.0145856970200488e-22, nan 
-146.875, 81.375, 2.092346473327177e-22, nan 
-146.625, 81.375, 1.8999312792533266e-22, nan 
-146.375, 81.375, 1.8659005242305956e-22, nan 
-146.125, 81.375, 2.0572134780821255e-22, nan 
-145.875, 81.375, 1.9616948823367094e-22, nan 
-145.625, 81.375, 1.7909657798148845e-22, nan 
-145.375, 81.375, 1.7807486641517798e-22, nan 
-145.125, 81.375, 1.729083173838261e-22, nan 
-144.875, 81.375, 1.7665346869379396e-22, nan 
-144.625, 81.375, 1.6274236680168941e-22, nan 
-144.375, 81.375, 1.694803922418454e-22, nan 
-144.125, 81.375, 1.6472083318169636e-22, nan 
-143.875, 81.375, 1.6092982791962514e-22, nan 
-143.625, 81.375, 1.5617773391257275e-22, nan 
-143.375, 81.375, 1.5166642990190792e-22, nan 
-143.125, 81.375, 1.4724758200052724e-22, nan 
-142.875, 81.375, 1.467841373481774e-22, nan 
-142.625, 81.375, 1.4549490361379418e-22, nan 
-142.375, 81.375, 1.508380734674804e-22, nan 
-142.125, 81.375, 1.3120309615697142e-22, nan 
-141.875, 81.375, 1.4053745231299342e-22, nan 
-141.625, 81.375, 1.2262614785794553e-22, nan 
-141.375, 81.375, 1.2576548014939763e-22, nan 
-141.125, 81.375, 1.3300997103646017e-22, nan 
-140.875, 81.375, 1.200476514322682e-22, nan 
-140.625, 81.375, 1.2883682621975455e-22, nan 
-140.375, 81.375, 1.1713608813182393e-22, nan 
-140.125, 81.375, 1.0820030119287857e-22, nan 
-139.875, 81.375, 1.0930809863294767e-22, nan 
-139.625, 81.375, 1.0651247320974997e-22, nan 
-139.375, 81.375, 1.0220555518195835e-22, nan 
-139.125, 81.375, 1.098066003326589e-22, nan 
-138.875, 81.375, 1.0458890003689292e-22, nan 
-138.625, 81.375, 9.890881838895787e-23, nan 
-138.375, 81.375, 1.0487718347930092e-22, nan 
-138.125, 81.375, 1.0401530795367347e-22, nan 
-137.875, 81.375, 9.935260296702548e-23, nan 
-137.625, 81.375, 9.855528327484338e-23, nan 
-137.375, 81.375, 9.405781282394946e-23, nan 
-137.125, 81.375, 9.109884087960134e-23, nan 
-136.875, 81.375, 8.638643481227674e-23, nan 
-136.625, 81.375, 9.111958585741262e-23, nan 
-136.375, 81.375, 9.547096420393354e-23, nan 
-136.125, 81.375, 8.944464221957211e-23, nan 
-135.875, 81.375, 8.915266550710255e-23, nan 
-135.625, 81.375, 9.653319079959652e-23, nan 
-135.375, 81.375, 9.04902943754463e-23, nan 
-135.125, 81.375, 9.058953810426738e-23, nan 
-134.875, 81.375, 8.853074585684987e-23, nan 
-134.625, 81.375, 9.187322252453869e-23, nan 
-134.375, 81.375, 9.479100691952166e-23, nan 
-134.125, 81.375, 1.0105043155794024e-22, nan 
-133.875, 81.375, 1.0521080867232856e-22, nan 
-133.625, 81.375, 1.0261191527964201e-22, nan 
-133.375, 81.375, 1.0746714530375956e-22, nan 
-133.125, 81.375, 1.0901665825174322e-22, nan 
-132.875, 81.375, 1.0901541956183489e-22, nan 
-132.625, 81.375, 1.1023790338108399e-22, nan 
-132.375, 81.375, 1.16433934616285e-22, nan 
-132.125, 81.375, 1.1453808082632609e-22, nan 
-131.875, 81.375, 1.2184239575467055e-22, nan 
-131.625, 81.375, 1.3853990971287956e-22, nan 
-131.375, 81.375, 1.4347259346653056e-22, nan 
-131.125, 81.375, 1.4156495519921216e-22, nan 
-130.875, 81.375, 1.3952078934490774e-22, nan 
-130.625, 81.375, 1.450188993063675e-22, nan 
-130.375, 81.375, 1.698120853574032e-22, nan 
-130.125, 81.375, 1.6790854128874533e-22, nan 
-129.875, 81.375, 1.7600633792303257e-22, nan 
-129.625, 81.375, 1.7905943103887165e-22, nan 
-129.375, 81.375, 1.9656350421794073e-22, nan 
-129.125, 81.375, 2.0475591084732342e-22, nan 
-128.875, 81.375, 2.0741589603819413e-22, nan 
-128.625, 81.375, 2.126826462935441e-22, nan 
-128.375, 81.375, 2.1409252921782265e-22, nan 
-128.125, 81.375, 2.1043438720675652e-22, nan 
-127.875, 81.375, 2.173943262316381e-22, nan 
-127.625, 81.375, 2.2236019640899844e-22, nan 
-127.375, 81.375, 2.0661659151578452e-22, nan 
-127.125, 81.375, 2.4223710040708884e-22, nan 
-126.875, 81.375, 2.650482934706475e-22, nan 
-126.625, 81.375, 5.5872367329958915e-22, nan 
-126.375, 81.375, 6.26448849055749e-22, nan 
-126.125, 81.375, 7.377914404687404e-22, nan 
-125.875, 81.375, 6.65195219843564e-22, nan 
-125.625, 81.375, 5.629862104408253e-22, nan 
-125.375, 81.375, 4.445269906568367e-22, nan 
-125.125, 81.375, 4.827731333385104e-22, nan 
-124.875, 81.375, 4.8066298604524265e-22, nan 
-124.625, 81.375, 4.702309092121091e-22, nan 
-124.375, 81.375, 5.396004161154448e-22, nan 
-124.125, 81.375, 4.725915124451663e-22, nan 
-123.875, 81.375, 5.30840624375189e-22, nan 
-123.625, 81.375, 5.1334854755556275e-22, nan 
-123.375, 81.375, 4.996621197241531e-22, nan 
-123.125, 81.375, 5.302897237584833e-22, nan 
-122.875, 81.375, 5.335693738808559e-22, nan 
-122.625, 81.375, 5.05650917177905e-22, nan 
-122.375, 81.375, 4.951833972860249e-22, nan 
-122.125, 81.375, 5.189563312650648e-22, nan 
-121.875, 81.375, 3.546106833973448e-22, nan 
-121.625, 81.375, 2.774114396397343e-22, nan 
-121.375, 81.375, 2.6653324836194614e-22, nan 
-121.125, 81.375, 1.9368526477149382e-22, nan 
-120.875, 81.375, 1.7790483066222298e-22, nan 
-120.625, 81.375, 1.6968725453942344e-22, nan 
-120.375, 81.375, 2.1497799139758106e-22, nan 
-120.125, 81.375, 2.1625408479305763e-22, nan 
-119.875, 81.375, 1.9484234840659737e-22, nan 
-119.625, 81.375, 1.8001705523878618e-22, nan 
-119.375, 81.375, 1.705706918218962e-22, nan 
-119.125, 81.375, 1.6479655069764594e-22, nan 
-118.875, 81.375, 1.2663876706805273e-22, nan 
-118.625, 81.375, 1.2203297856657268e-22, nan 
-118.375, 81.375, 1.5204252095627623e-22, nan 
-118.125, 81.375, 7.356574202939234e-23, nan 
-117.875, 81.375, 1.3285488063381214e-22, nan 
-117.625, 81.375, 1.5973715536479037e-22, nan 
-117.375, 81.375, 2.370841008409916e-22, nan 
-117.125, 81.375, 3.4052209302172766e-22, nan 
-116.875, 81.375, 4.396678563810804e-22, nan 
-116.625, 81.375, 5.100521666262165e-22, nan 
-116.375, 81.375, 5.52391297055927e-22, nan 
-116.125, 81.375, 5.355009663269087e-22, nan 
-115.875, 81.375, 4.956567100741657e-22, nan 
-115.625, 81.375, 3.600450910167355e-22, nan 
-115.375, 81.375, 4.15938610016899e-22, nan 
-115.125, 81.375, 8.405680885685972e-22, nan 
-114.875, 81.375, 8.534833182887108e-22, nan 
-114.625, 81.375, 8.667322168497863e-22, nan 
-114.375, 81.375, 9.594497115335091e-22, nan 
-114.125, 81.375, 1.0240104179583343e-21, nan 
-113.875, 81.375, 9.66868413637316e-22, nan 
-113.625, 81.375, 9.832971418635427e-22, nan 
-113.375, 81.375, 7.450138485343754e-22, nan 
-113.125, 81.375, 7.831596909164241e-22, nan 
-112.875, 81.375, 7.823961509932348e-22, nan 
-112.625, 81.375, 7.39476820910105e-22, nan 
-112.375, 81.375, 6.96139242406346e-22, nan 
-112.125, 81.375, 6.756218125613624e-22, nan 
-111.875, 81.375, 7.288447423875455e-22, nan 
-111.625, 81.375, 3.749189739658325e-22, nan 
-111.375, 81.375, 4.404576264802565e-22, nan 
-111.125, 81.375, 4.563027052073722e-22, nan 
-110.875, 81.375, 4.0560088083046148e-22, nan 
-110.625, 81.375, 3.4616091811773273e-22, nan 
-110.375, 81.375, 3.379522377031469e-22, nan 
-110.125, 81.375, 3.8790734037301944e-22, nan 
-109.875, 81.375, 3.416564063454577e-22, nan 
-109.625, 81.375, 2.468331661913504e-22, nan 
-109.375, 81.375, 1.847594330852657e-22, nan 
-109.125, 81.375, 2.314586166717628e-22, nan 
-108.875, 81.375, 2.08912562752566e-22, nan 
-108.625, 81.375, 2.783274542589092e-22, nan 
-108.375, 81.375, 2.798358787053993e-22, nan 
-108.125, 81.375, 1.962189420895228e-22, nan 
-107.875, 81.375, 1.3880762856255761e-22, nan 
-107.625, 81.375, 1.4276316124771668e-22, nan 
-107.375, 81.375, 1.9658820356185811e-22, nan 
-107.125, 81.375, 3.0930732088786983e-22, nan 
-106.875, 81.375, 4.2206994887491205e-22, nan 
-106.625, 81.375, 3.738774702578504e-22, nan 
-106.375, 81.375, 1.838860920308597e-22, nan 
-106.125, 81.375, 1.5140873312871843e-22, nan 
-105.875, 81.375, 1.984692538221789e-22, nan 
-105.625, 81.375, 3.9648442514770657e-22, nan 
-105.375, 81.375, 6.068586769962852e-22, nan 
-105.125, 81.375, 7.025037915612234e-22, nan 
-104.875, 81.375, 6.45094670851949e-22, nan 
-104.625, 81.375, 1.6556153413153877e-22, nan 
-104.375, 81.375, 1.378131265562495e-22, nan 
-104.125, 81.375, 1.841428591113214e-22, nan 
-103.875, 81.375, 2.7179561657474467e-22, nan 
-103.625, 81.375, 3.833436354439098e-22, nan 
-103.375, 81.375, 4.527871281090269e-22, nan 
-103.125, 81.375, 4.0122117333813974e-22, nan 
-102.875, 81.375, 1.6565880024582387e-22, nan 
-102.625, 81.375, 1.5326760078788255e-22, nan 
-102.375, 81.375, 1.3760079367582197e-22, nan 
-102.125, 81.375, 1.514449688149272e-22, nan 
-101.875, 81.375, 8.929816461996625e-23, nan 
-101.625, 81.375, 6.934205041524292e-23, nan 
-101.375, 81.375, 8.428277188997344e-23, nan 
-101.125, 81.375, 9.432882739026068e-23, nan 
-100.875, 81.375, 1.1450527725798288e-22, nan 
-100.625, 81.375, 1.7556983911642786e-22, nan 
-100.375, 81.375, 2.1299417021531565e-22, nan 
-100.125, 81.375, 1.7587880047036525e-22, nan 
-99.875, 81.375, 1.2952521021414963e-22, nan 
-99.625, 81.375, 1.439038727733614e-22, nan 
-99.375, 81.375, 1.595777632343764e-22, nan 
-99.125, 81.375, 2.0878948626238806e-22, nan 
-98.875, 81.375, 5.177882697297787e-22, nan 
-98.625, 81.375, 7.043672401199159e-22, nan 
-98.375, 81.375, 7.247219015364577e-22, nan 
-98.125, 81.375, 7.089152392613801e-22, nan 
-97.875, 81.375, 7.930782276789463e-22, nan 
-97.625, 81.375, 8.977282858409432e-22, nan 
-97.375, 81.375, 9.603847399979518e-22, nan 
-97.125, 81.375, 1.0415508737391573e-21, nan 
-96.875, 81.375, 9.793275357606033e-22, nan 
-96.625, 81.375, 9.86638925818007e-22, nan 
-96.375, 81.375, 8.66514301774486e-22, nan 
-96.125, 81.375, 7.314534358305576e-22, nan 
-95.875, 81.375, 7.384580714953644e-22, nan 
-95.625, 81.375, 8.83284417327028e-22, nan 
-95.375, 81.375, 1.0374538155690528e-21, nan 
-95.125, 81.375, 9.118771547885765e-22, nan 
-94.875, 81.375, 9.199312020352431e-22, nan 
-94.625, 81.375, 8.054089181107697e-22, nan 
-94.375, 81.375, 7.032428255424718e-22, nan 
-94.125, 81.375, 5.746006960992571e-22, nan 
-93.875, 81.375, 4.290004335774547e-22, nan 
-93.625, 81.375, 4.227197794241588e-22, nan 
-93.375, 81.375, 4.3201069066464625e-22, nan 
-93.125, 81.375, 4.145233587962453e-22, nan 
-92.875, 81.375, 4.010500166282322e-22, nan 
-92.625, 81.375, 3.326708929973054e-22, nan 
-92.375, 81.375, 3.7108311363694846e-22, nan 
-92.125, 81.375, 9.851795593282685e-23, nan 
-91.875, 81.375, 1.341257350330078e-22, nan 
-91.625, 81.375, 1.8897108299271855e-22, nan 
-91.375, 81.375, 1.0438298903890928e-22, nan 
-91.125, 81.375, 3.8988004793573715e-22, nan 
-90.875, 81.375, 3.895779519980251e-22, nan 
-90.625, 81.375, 4.0144199520272813e-22, nan 
-90.375, 81.375, 4.0066589142091796e-22, nan 
-90.125, 81.375, 3.329854643013757e-22, nan 
-89.875, 81.375, 9.549040702297131e-23, nan 
61.875, 81.375, 3.0057224831583977e-22, nan 
62.125, 81.375, 3.2549794648830776e-22, nan 
62.375, 81.375, 3.345368827293902e-22, nan 
62.625, 81.375, 3.177920647961742e-22, nan 
62.875, 81.375, 2.9600797701008317e-22, nan 
63.125, 81.375, 3.4332782152687906e-22, nan 
63.375, 81.375, 2.6804102930794636e-22, nan 
63.625, 81.375, 2.792835689449966e-22, nan 
63.875, 81.375, 2.621256033204945e-22, nan 
64.125, 81.375, 2.723648838482396e-22, nan 
64.375, 81.375, 2.6156056596317367e-22, nan 
64.625, 81.375, 2.6559963526306373e-22, nan 
64.875, 81.375, 2.9413905294694626e-22, nan 
65.125, 81.375, 3.060098507645386e-22, nan 
65.375, 81.375, 3.7853580250575677e-22, nan 
65.625, 81.375, 1.8853615584393258e-22, nan 
65.875, 81.375, 1.9629979098375606e-22, nan 
66.125, 81.375, 1.3987089355932576e-22, nan 
66.375, 81.375, 1.2551972990975493e-22, nan 
66.625, 81.375, 1.1660065475941527e-22, nan 
66.875, 81.375, 1.2866254903300334e-22, nan 
67.125, 81.375, 3.223724064099424e-22, nan 
67.375, 81.375, 3.4581602255286763e-22, nan 
67.625, 81.375, 3.16509361737669e-22, nan 
67.875, 81.375, 3.9032615093739454e-22, nan 
68.125, 81.375, 2.9009240028331995e-22, nan 
68.375, 81.375, 3.2129761844403353e-22, nan 
68.625, 81.375, 1.822288564000334e-22, nan 
68.875, 81.375, 4.06970996578978e-22, nan 
69.125, 81.375, 4.533491791777493e-22, nan 
69.375, 81.375, 5.4452223015211415e-22, nan 
69.625, 81.375, 6.889247794393537e-22, nan 
69.875, 81.375, 6.355130433039598e-22, nan 
70.125, 81.375, 7.462014360166701e-22, nan 
70.375, 81.375, 5.517643264378383e-22, nan 
70.625, 81.375, 4.786756880591114e-22, nan 
70.875, 81.375, 4.322486018996043e-22, nan 
71.125, 81.375, 3.584784211538454e-22, nan 
71.375, 81.375, 3.6620691092340484e-22, nan 
71.625, 81.375, 3.89708773217662e-22, nan 
71.875, 81.375, 4.393293652427056e-22, nan 
72.125, 81.375, 3.110868076446123e-22, nan 
72.375, 81.375, 2.64218844744188e-22, nan 
72.625, 81.375, 2.9248687293766167e-22, nan 
72.875, 81.375, 2.6997145606899834e-22, nan 
73.125, 81.375, 2.3569986914101594e-22, nan 
73.375, 81.375, 2.8519087094684204e-22, nan 
73.625, 81.375, 1.3221068082285854e-22, nan 
73.875, 81.375, 1.3637905833385778e-22, nan 
74.125, 81.375, 3.010323378058157e-22, nan 
74.375, 81.375, 3.3364973073120723e-22, nan 
74.625, 81.375, 3.1744058750300445e-22, nan 
74.875, 81.375, 3.6656287675685134e-22, nan 
75.125, 81.375, 3.556145548930291e-22, nan 
75.375, 81.375, 3.3566169269471294e-22, nan 
75.625, 81.375, 4.832349759392808e-22, nan 
75.875, 81.375, 3.8573517896466053e-22, nan 
76.125, 81.375, 5.312981448576499e-22, nan 
76.375, 81.375, 5.602961064357087e-22, nan 
76.625, 81.375, 4.391102031661263e-22, nan 
76.875, 81.375, 5.276747358797707e-22, nan 
77.125, 81.375, 4.91462205482409e-22, nan 
77.375, 81.375, 6.112243239169062e-22, nan 
77.625, 81.375, 6.624288506642645e-22, nan 
77.875, 81.375, 6.687799473629699e-22, nan 
78.125, 81.375, 4.1655103435673195e-22, nan 
78.375, 81.375, 3.891917690583766e-22, nan 
78.625, 81.375, 3.8963043213196776e-22, nan 
78.875, 81.375, 3.478778554687863e-22, nan 
79.125, 81.375, 3.3974600499597134e-22, nan 
79.375, 81.375, 4.418663920599334e-22, nan 
79.625, 81.375, 7.42868767818128e-22, nan 
79.875, 81.375, 7.200100329973778e-22, nan 
80.125, 81.375, 6.959472347513081e-22, nan 
80.375, 81.375, 7.914808521182289e-22, nan 
80.625, 81.375, 7.600426075134604e-22, nan 
80.875, 81.375, 7.203116376186764e-22, nan 
81.125, 81.375, 5.071391773388788e-22, nan 
81.375, 81.375, 8.231907108412046e-22, nan 
81.625, 81.375, 7.925678034652616e-22, nan 
81.875, 81.375, 4.745654806109475e-22, nan 
82.125, 81.375, 7.654472676400688e-22, nan 
82.375, 81.375, 6.23514048541157e-22, nan 
82.625, 81.375, 5.313382987013188e-22, nan 
82.875, 81.375, 5.099721193914217e-22, nan 
83.125, 81.375, 4.704197346886298e-22, nan 
83.375, 81.375, 4.441911894102312e-22, nan 
83.625, 81.375, 2.746713105246749e-22, nan 
83.875, 81.375, 4.1824589906668873e-22, nan 
84.125, 81.375, 3.4405193695628453e-22, nan 
84.375, 81.375, 2.9681924619522763e-22, nan 
84.625, 81.375, 3.9814218026134505e-22, nan 
84.875, 81.375, 2.46805340465658e-22, nan 
85.125, 81.375, 3.946565289976999e-22, nan 
85.375, 81.375, 3.754184583025459e-22, nan 
85.625, 81.375, 3.5135757318394444e-22, nan 
85.875, 81.375, 2.838991725387615e-22, nan 
86.125, 81.375, 2.1926762498588352e-22, nan 
86.375, 81.375, 2.789210280596039e-22, nan 
86.625, 81.375, 4.975150050328961e-22, nan 
86.875, 81.375, 2.4872886265208373e-22, nan 
87.125, 81.375, 1.705077250418809e-22, nan 
87.375, 81.375, 1.3405586889135777e-22, nan 
87.625, 81.375, 2.2702629684114337e-22, nan 
87.875, 81.375, 2.822024718710172e-22, nan 
88.125, 81.375, 2.0868314922033261e-22, nan 
88.375, 81.375, 1.8162487172226434e-22, nan 
88.625, 81.375, 2.1416719462402546e-22, nan 
88.875, 81.375, 2.224981871157806e-22, nan 
89.125, 81.375, 2.0464874841894104e-22, nan 
89.375, 81.375, 1.1374546079765212e-22, nan 
89.625, 81.375, 2.737424560822419e-22, nan 
89.875, 81.375, 2.985251735096173e-22, nan 
90.125, 81.375, 2.9563598707858128e-22, nan 
90.375, 81.375, 2.7778401844871906e-22, nan 
90.625, 81.375, 2.915376756343537e-22, nan 
90.875, 81.375, 2.958234246533636e-22, nan 
91.125, 81.375, 2.8831381751008955e-22, nan 
91.375, 81.375, 3.0470472931253104e-22, nan 
91.625, 81.375, 2.828099939342315e-22, nan 
91.875, 81.375, 3.0277303612988973e-22, nan 
92.125, 81.375, 3.2664667586898267e-22, nan 
92.375, 81.375, 3.071111614787388e-22, nan 
92.625, 81.375, 3.1752514399521396e-22, nan 
92.875, 81.375, 3.4983208455331886e-22, nan 
93.125, 81.375, 3.342278498938945e-22, nan 
93.375, 81.375, 3.552024451615021e-22, nan 
93.625, 81.375, 3.839306301412471e-22, nan 
93.875, 81.375, 3.8824811374389206e-22, nan 
94.125, 81.375, 3.8245873368469733e-22, nan 
94.375, 81.375, 3.82904183958085e-22, nan 
94.625, 81.375, 3.8050090883572276e-22, nan 
94.875, 81.375, 3.8601225365717535e-22, nan 
95.125, 81.375, 4.237789310275899e-22, nan 
95.375, 81.375, 3.6994865471761143e-22, nan 
95.625, 81.375, 4.1800404758116016e-22, nan 
95.875, 81.375, 4.635316158742005e-22, nan 
96.125, 81.375, 5.174496884560839e-22, nan 
96.375, 81.375, 4.932263735638787e-22, nan 
96.625, 81.375, 4.610386537664088e-22, nan 
96.875, 81.375, 4.1573653020992557e-22, nan 
97.125, 81.375, 4.513131936059149e-22, nan 
97.375, 81.375, 4.01718345075408e-22, nan 
97.625, 81.375, 4.252271323351034e-22, nan 
97.875, 81.375, 4.680078838556696e-22, nan 
98.125, 81.375, 4.389626345010804e-22, nan 
98.375, 81.375, 4.268112289464793e-22, nan 
98.625, 81.375, 5.025611084389962e-22, nan 
98.875, 81.375, 4.97713839594505e-22, nan 
99.125, 81.375, 5.457478308446909e-22, nan 
99.375, 81.375, 5.319817964470204e-22, nan 
99.625, 81.375, 5.263284077196478e-22, nan 
99.875, 81.375, 4.465955870331372e-22, nan 
100.125, 81.375, 6.058730827559145e-22, nan 
100.375, 81.375, 5.404905442134012e-22, nan 
100.625, 81.375, 5.416355588425154e-22, nan 
100.875, 81.375, 5.470586921136543e-22, nan 
101.125, 81.375, 5.249725863285281e-22, nan 
101.375, 81.375, 4.500256128249168e-22, nan 
101.625, 81.375, 3.35794911169666e-22, nan 
101.875, 81.375, 3.8835069026616833e-22, nan 
102.125, 81.375, 3.217038311986467e-22, nan 
102.375, 81.375, 2.700319559571475e-22, nan 
102.625, 81.375, 3.1953685770939865e-22, nan 
102.875, 81.375, 3.2670314064349286e-22, nan 
103.125, 81.375, 8.491044650664133e-23, nan 
103.375, 81.375, 2.4385521820765033e-22, nan 
103.625, 81.375, 1.6329625148691346e-22, nan 
103.875, 81.375, 7.157855309736808e-23, nan 
104.125, 81.375, 5.68205526571021e-23, nan 
104.375, 81.375, 9.517518760082183e-23, nan 
104.625, 81.375, 1.0956422410073292e-22, nan 
104.875, 81.375, 9.590764587991217e-23, nan 
105.125, 81.375, 1.1064465134123878e-22, nan 
105.375, 81.375, 8.370155000274337e-23, nan 
105.625, 81.375, 7.808960331938996e-23, nan 
105.875, 81.375, 6.929881324235375e-23, nan 
106.125, 81.375, 6.83497680078974e-23, nan 
106.375, 81.375, 6.317456185524667e-23, nan 
106.625, 81.375, 6.8031373380995e-23, nan 
106.875, 81.375, 7.2774468004543e-23, nan 
107.125, 81.375, 7.560562731033208e-23, nan 
107.375, 81.375, 7.136307649562547e-23, nan 
107.625, 81.375, 6.650408550981517e-23, nan 
107.875, 81.375, 9.184929283510254e-23, nan 
108.125, 81.375, 9.233991953613238e-23, nan 
108.375, 81.375, 7.382024925787455e-23, nan 
108.625, 81.375, 6.875042944974314e-23, nan 
108.875, 81.375, 6.993686083013256e-23, nan 
109.125, 81.375, 1.060777927464585e-22, nan 
109.375, 81.375, 2.1000640183829479e-22, nan 
109.625, 81.375, 9.736160294673877e-23, nan 
109.875, 81.375, 1.2417283763576952e-22, nan 
110.125, 81.375, 1.2871261238416045e-22, nan 
110.375, 81.375, 1.129036384727152e-22, nan 
110.625, 81.375, 1.0270217845290792e-22, nan 
110.875, 81.375, 9.835108113342985e-23, nan 
111.125, 81.375, 2.888351079476775e-22, nan 
111.375, 81.375, 8.530227539020193e-23, nan 
111.625, 81.375, 9.592646570743756e-23, nan 
111.875, 81.375, 1.202501330654979e-22, nan 
112.125, 81.375, 5.91222634762534e-23, nan 
112.375, 81.375, 1.2065800540540375e-22, nan 
112.625, 81.375, 1.4919364405662014e-22, nan 
112.875, 81.375, 1.623831314675691e-22, nan 
113.125, 81.375, 8.273633251990546e-23, nan 
113.375, 81.375, 1.405587316036017e-22, nan 
113.625, 81.375, 1.6024923752648134e-22, nan 
113.875, 81.375, 1.5344434966011897e-22, nan 
114.125, 81.375, 2.0985748440136313e-22, nan 
114.375, 81.375, 1.9315380538776787e-22, nan 
114.625, 81.375, 1.437235001967478e-22, nan 
114.875, 81.375, 1.7173658776358183e-22, nan 
115.125, 81.375, 1.8029623393764058e-22, nan 
115.375, 81.375, 2.166929241845138e-22, nan 
115.625, 81.375, 2.2503825220458335e-22, nan 
115.875, 81.375, 2.5442975695622197e-22, nan 
116.125, 81.375, 1.4991391835469728e-22, nan 
116.375, 81.375, 2.945265005213622e-22, nan 
116.625, 81.375, 3.9810261487904855e-22, nan 
116.875, 81.375, 2.719482284750086e-22, nan 
117.125, 81.375, 2.924408407212034e-22, nan 
117.375, 81.375, 2.0024787719264245e-22, nan 
117.625, 81.375, 3.3682903510721856e-22, nan 
117.875, 81.375, 3.4864111336217333e-22, nan 
118.125, 81.375, 2.5932126352639954e-22, nan 
118.375, 81.375, 3.0295982340896686e-22, nan 
118.625, 81.375, 3.3455509236451025e-22, nan 
118.875, 81.375, 2.669061997222208e-22, nan 
119.125, 81.375, 1.3182955564168907e-22, nan 
119.375, 81.375, 2.4622465210987106e-22, nan 
119.625, 81.375, 2.8559400998389373e-22, nan 
119.875, 81.375, 1.7854941417899585e-22, nan 
120.125, 81.375, 2.1276437208195108e-22, nan 
120.375, 81.375, 2.9763462381354523e-22, nan 
120.625, 81.375, 1.9696096427163462e-22, nan 
120.875, 81.375, 1.7814076096708767e-22, nan 
121.125, 81.375, 1.3401985069831792e-22, nan 
121.375, 81.375, 1.1375584783856132e-22, nan 
121.625, 81.375, 1.1797000968030998e-22, nan 
121.875, 81.375, 1.756944380105338e-22, nan 
122.125, 81.375, 2.1528354496742814e-22, nan 
122.375, 81.375, 8.980451171474895e-23, nan 
122.625, 81.375, 2.0640313924864675e-22, nan 
122.875, 81.375, 1.7125087877489456e-22, nan 
123.125, 81.375, 1.519109875265341e-22, nan 
123.375, 81.375, 1.1574916308882209e-22, nan 
123.625, 81.375, 9.074318246803246e-23, nan 
123.875, 81.375, 1.0502099652953944e-22, nan 
124.125, 81.375, 1.485137460316854e-22, nan 
124.375, 81.375, 8.519486457106988e-23, nan 
124.625, 81.375, 1.060111867913086e-22, nan 
124.875, 81.375, 1.1090963625413577e-22, nan 
125.125, 81.375, 1.163702958395158e-22, nan 
125.375, 81.375, 1.1083391273640253e-22, nan 
125.625, 81.375, 1.2015554162366252e-22, nan 
125.875, 81.375, 1.3612112416134515e-22, nan 
126.125, 81.375, 1.1996838183355946e-22, nan 
126.375, 81.375, 1.3243714349244574e-22, nan 
126.625, 81.375, 1.228438492462006e-22, nan 
126.875, 81.375, 1.0946051237807457e-22, nan 
127.125, 81.375, 1.0823827618863875e-22, nan 
127.375, 81.375, 9.188267557729142e-23, nan 
127.625, 81.375, 1.2640622507655712e-22, nan 
127.875, 81.375, 1.4764085665046457e-22, nan 
128.125, 81.375, 9.46748174846341e-23, nan 
128.375, 81.375, 1.4206875126759898e-22, nan 
128.625, 81.375, 1.7349309971833873e-22, nan 
128.875, 81.375, 2.2950039578790525e-22, nan 
129.125, 81.375, 1.4472293247840402e-22, nan 
129.375, 81.375, 9.551081360518622e-23, nan 
129.625, 81.375, 1.0382861770376067e-22, nan 
129.875, 81.375, 1.2051033289807263e-22, nan 
130.125, 81.375, 1.7464915794967148e-22, nan 
130.375, 81.375, 1.7929059510214487e-22, nan 
130.625, 81.375, 1.9473842492312932e-22, nan 
130.875, 81.375, 1.359023267501165e-22, nan 
131.125, 81.375, 1.0365085468835566e-22, nan 
131.375, 81.375, 1.561673910142445e-22, nan 
131.625, 81.375, 1.0483250819668615e-22, nan 
131.875, 81.375, 7.087814136467849e-23, nan 
132.125, 81.375, 1.2152819973801294e-22, nan 
132.375, 81.375, 7.455627024128213e-23, nan 
132.625, 81.375, 1.743584792759469e-22, nan 
132.875, 81.375, 1.804372513181087e-22, nan 
133.125, 81.375, 2.2518858004396894e-22, nan 
133.375, 81.375, 2.5942581662109944e-22, nan 
133.625, 81.375, 2.708555407677592e-22, nan 
133.875, 81.375, 2.889307235568291e-22, nan 
134.125, 81.375, 2.862117739182016e-22, nan 
134.375, 81.375, 3.0646163035840103e-22, nan 
134.625, 81.375, 3.2080504399876108e-22, nan 
134.875, 81.375, 3.4139349719091693e-22, nan 
135.125, 81.375, 3.5142941544679124e-22, nan 
135.375, 81.375, 3.5204833901752083e-22, nan 
135.625, 81.375, 3.763302593531801e-22, nan 
135.875, 81.375, 3.9826459835902407e-22, nan 
136.125, 81.375, 5.657828269716784e-22, nan 
136.375, 81.375, 7.221116452804353e-22, nan 
136.625, 81.375, 7.412836125586364e-22, nan 
136.875, 81.375, 8.62471359955913e-22, nan 
137.125, 81.375, 7.714136594389655e-22, nan 
137.375, 81.375, 9.186349068609674e-22, nan 
137.625, 81.375, 1.3910127417026827e-21, nan 
137.875, 81.375, 9.325139752419855e-22, nan 
138.125, 81.375, 1.244730877953592e-21, nan 
138.375, 81.375, 1.3672656405865004e-21, nan 
138.625, 81.375, 1.3696634923634872e-21, nan 
138.875, 81.375, 1.1343692369385664e-21, nan 
139.125, 81.375, 1.2940817987242897e-21, nan 
139.375, 81.375, 1.2819686097519775e-21, nan 
139.625, 81.375, 7.836671890294964e-22, nan 
139.875, 81.375, 6.364310356418544e-22, nan 
140.125, 81.375, 7.406951661124748e-22, nan 
140.375, 81.375, 6.97436839981937e-22, nan 
140.625, 81.375, 6.861641997729364e-22, nan 
140.875, 81.375, 6.607809448984768e-22, nan 
141.125, 81.375, 5.858700536412545e-22, nan 
141.375, 81.375, 7.874010323257351e-22, nan 
141.625, 81.375, 8.302405423850004e-22, nan 
141.875, 81.375, 8.395412039383626e-22, nan 
142.125, 81.375, 8.884473897808045e-22, nan 
142.375, 81.375, 1.0052305052882533e-21, nan 
142.625, 81.375, 1.020800694482655e-21, nan 
142.875, 81.375, 1.0245414099309853e-21, nan 
143.125, 81.375, 1.1679807632616776e-21, nan 
143.375, 81.375, 1.2211928744878974e-21, nan 
143.625, 81.375, 1.2573804789395634e-21, nan 
143.875, 81.375, 1.3116006438555374e-21, nan 
144.125, 81.375, 1.3505804632886617e-21, nan 
144.375, 81.375, 1.5423196516401346e-21, nan 
144.625, 81.375, 1.6815587929989387e-21, nan 
144.875, 81.375, 1.5294796034865378e-21, nan 
145.125, 81.375, 1.5683303302776843e-21, nan 
145.375, 81.375, 1.950475276503044e-21, nan 
145.625, 81.375, 2.048452016935704e-21, nan 
145.875, 81.375, 1.98788510800492e-21, nan 
146.125, 81.375, 2.0066933488067395e-21, nan 
146.375, 81.375, 2.323842791721301e-21, nan 
146.625, 81.375, 2.1820618877397165e-21, nan 
146.875, 81.375, 2.311590232496116e-21, nan 
147.125, 81.375, 2.510654781399508e-21, nan 
147.375, 81.375, 2.743837731739322e-21, nan 
147.625, 81.375, 2.6447199039447652e-21, nan 
147.875, 81.375, 2.7409035494623598e-21, nan 
148.125, 81.375, 2.700059604492339e-21, nan 
148.375, 81.375, 2.9029925800381582e-21, nan 
148.625, 81.375, 3.1873467450599266e-21, nan 
148.875, 81.375, 3.2022362427476044e-21, nan 
149.125, 81.375, 3.2688439620670463e-21, nan 
149.375, 81.375, 3.1610387068321737e-21, nan 
149.625, 81.375, 3.2834623360784828e-21, nan 
149.875, 81.375, 3.470040839195695e-21, nan 
150.125, 81.375, 3.2548541476960033e-21, nan 
150.375, 81.375, 3.586237362411089e-21, nan 
150.625, 81.375, 3.694505209725671e-21, nan 
150.875, 81.375, 4.011488338786626e-21, nan 
151.125, 81.375, 3.774114511819117e-21, nan 
151.375, 81.375, 4.0903396937307594e-21, nan 
151.625, 81.375, 4.1122744877303946e-21, nan 
151.875, 81.375, 4.2529186919911716e-21, nan 
152.125, 81.375, 4.2005728452236516e-21, nan 
152.375, 81.375, 4.348318438703677e-21, nan 
152.625, 81.375, 4.518767936966752e-21, nan 
152.875, 81.375, 4.553544989993467e-21, nan 
153.125, 81.375, 4.672193047546039e-21, nan 
153.375, 81.375, 4.710020875757105e-21, nan 
153.625, 81.375, 4.8662273178512705e-21, nan 
153.875, 81.375, 4.6132907384958356e-21, nan 
154.125, 81.375, 4.970817376337976e-21, nan 
154.375, 81.375, 5.109188732115289e-21, nan 
154.625, 81.375, 5.140723124469984e-21, nan 
154.875, 81.375, 5.6175341987354045e-21, nan 
155.125, 81.375, 6.0024456311075356e-21, nan 
155.375, 81.375, 5.400398696882628e-21, nan 
155.625, 81.375, 6.0734696771405715e-21, nan 
155.875, 81.375, 6.119249302956759e-21, nan 
156.125, 81.375, 6.058906898962576e-21, nan 
156.375, 81.375, 6.34075355992886e-21, nan 
156.625, 81.375, 6.483613290181257e-21, nan 
156.875, 81.375, 6.5980669073642935e-21, nan 
157.125, 81.375, 6.240864566063574e-21, nan 
157.375, 81.375, 6.293882436738359e-21, nan 
157.625, 81.375, 7.004384523106447e-21, nan 
157.875, 81.375, 6.622774977947636e-21, nan 
158.125, 81.375, 6.059694031891681e-21, nan 
158.375, 81.375, 6.915057595357988e-21, nan 
158.625, 81.375, 8.34688511960802e-21, nan 
158.875, 81.375, 6.943975896269676e-21, nan 
159.125, 81.375, 7.120517352394205e-21, nan 
159.375, 81.375, 8.667846598553137e-21, nan 
159.625, 81.375, 7.966770800374245e-21, nan 
159.875, 81.375, 8.612646965904142e-21, nan 
160.125, 81.375, 1.000870775257968e-20, nan 
160.375, 81.375, 1.0892612304335286e-20, nan 
160.625, 81.375, 1.0519248023253685e-20, nan 
160.875, 81.375, 8.436314018698427e-21, nan 
161.125, 81.375, 5.09260153660877e-21, nan 
161.375, 81.375, 7.30649201303287e-21, nan 
161.625, 81.375, 7.959160583119297e-21, nan 
161.875, 81.375, 7.030138878348952e-21, nan 
162.125, 81.375, 5.92736945477222e-21, nan 
162.375, 81.375, 7.788060223963122e-21, nan 
162.625, 81.375, 8.451422716623544e-21, nan 
162.875, 81.375, 9.02881519098642e-21, nan 
163.125, 81.375, 7.143238303002451e-21, nan 
163.375, 81.375, 8.111676286136585e-21, nan 
163.625, 81.375, 8.650366342495355e-21, nan 
163.875, 81.375, 8.18195714128772e-21, nan 
164.125, 81.375, 8.273299462881917e-21, nan 
164.375, 81.375, 9.032067727910045e-21, nan 
164.625, 81.375, 8.420234590463578e-21, nan 
164.875, 81.375, 8.744264622093598e-21, nan 
165.125, 81.375, 9.521462743741012e-21, nan 
165.375, 81.375, 8.319510697869292e-21, nan 
165.625, 81.375, 9.482057309041306e-21, nan 
165.875, 81.375, 8.725319469279756e-21, nan 
166.125, 81.375, 9.43213788393496e-21, nan 
166.375, 81.375, 9.824708683526847e-21, nan 
166.625, 81.375, 9.341376073075915e-21, nan 
166.875, 81.375, 9.533434388225004e-21, nan 
167.125, 81.375, 1.0551866332240272e-20, nan 
167.375, 81.375, 9.662988044213224e-21, nan 
167.625, 81.375, 8.61113306782063e-21, nan 
167.875, 81.375, 1.0611973697885821e-20, nan 
168.125, 81.375, 9.765825265259773e-21, nan 
168.375, 81.375, 9.668142230065084e-21, nan 
168.625, 81.375, 9.87019071892964e-21, nan 
168.875, 81.375, 9.75205768774144e-21, nan 
169.125, 81.375, 8.661310679486531e-21, nan 
169.375, 81.375, 9.376907045779124e-21, nan 
169.625, 81.375, 9.178625283716738e-21, nan 
169.875, 81.375, 8.087122697891927e-21, nan 
170.125, 81.375, 8.034704661816649e-21, nan 
170.375, 81.375, 7.643056974245013e-21, nan 
170.625, 81.375, 8.54175823465074e-21, nan 
170.875, 81.375, 8.133870046487757e-21, nan 
171.125, 81.375, 8.147842151390359e-21, nan 
171.375, 81.375, 7.950714998936758e-21, nan 
171.625, 81.375, 7.06306949043157e-21, nan 
171.875, 81.375, 6.430193156833443e-21, nan 
172.125, 81.375, 6.652175319200766e-21, nan 
172.375, 81.375, 6.02279545648995e-21, nan 
172.625, 81.375, 5.642356229517859e-21, nan 
172.875, 81.375, 6.081010849409237e-21, nan 
173.125, 81.375, 5.901011162408624e-21, nan 
173.375, 81.375, 5.941236407606947e-21, nan 
173.625, 81.375, 5.6231310322238934e-21, nan 
173.875, 81.375, 6.169625288769615e-21, nan 
174.125, 81.375, 5.934337369031003e-21, nan 
174.375, 81.375, 5.8814326671772085e-21, nan 
174.625, 81.375, 5.805471427429378e-21, nan 
174.875, 81.375, 6.261125748133378e-21, nan 
175.125, 81.375, 5.63676032195396e-21, nan 
175.375, 81.375, 6.0616603085038745e-21, nan 
175.625, 81.375, 7.877673415891766e-21, nan 
175.875, 81.375, 6.64454084837954e-21, nan 
176.125, 81.375, 5.811058737671681e-21, nan 
176.375, 81.375, 6.005486908927449e-21, nan 
176.625, 81.375, 5.47573775332658e-21, nan 
176.875, 81.375, 5.4545482980541126e-21, nan 
177.125, 81.375, 6.118504508136189e-21, nan 
177.375, 81.375, 5.4810302839328586e-21, nan 
177.625, 81.375, 5.28609410935056e-21, nan 
177.875, 81.375, 5.012729018424298e-21, nan 
178.125, 81.375, 5.3678289946172965e-21, nan 
178.375, 81.375, 4.899001708381437e-21, nan 
178.625, 81.375, 4.607096105483803e-21, nan 
178.875, 81.375, 4.755306887762105e-21, nan 
179.125, 81.375, 4.9344029777498154e-21, nan 
179.375, 81.375, 4.5609098928256784e-21, nan 
179.625, 81.375, 4.19699358931734e-21, nan 
179.875, 81.375, 4.353242798293339e-21, nan 
-179.875, 81.625, 3.3860182013922108e-21, nan 
-179.625, 81.625, 3.312367543076236e-21, nan 
-179.375, 81.625, 3.4574399711358295e-21, nan 
-179.125, 81.625, 3.389676139869976e-21, nan 
-178.875, 81.625, 3.116916994906852e-21, nan 
-178.625, 81.625, 3.129493671611261e-21, nan 
-178.375, 81.625, 3.201734791519218e-21, nan 
-178.125, 81.625, 3.0859166400382333e-21, nan 
-177.875, 81.625, 2.992036170913299e-21, nan 
-177.625, 81.625, 2.9867549775784914e-21, nan 
-177.375, 81.625, 3.1849973052101566e-21, nan 
-177.125, 81.625, 2.8948735796938544e-21, nan 
-176.875, 81.625, 2.7754635772201917e-21, nan 
-176.625, 81.625, 2.880898462896728e-21, nan 
-176.375, 81.625, 2.969913197410112e-21, nan 
-176.125, 81.625, 2.7048026855080177e-21, nan 
-175.875, 81.625, 3.104344225549226e-21, nan 
-175.625, 81.625, 3.0125957233155936e-21, nan 
-175.375, 81.625, 2.785178916402022e-21, nan 
-175.125, 81.625, 2.9378193961053562e-21, nan 
-174.875, 81.625, 2.8039013995986864e-21, nan 
-174.625, 81.625, 2.718940997477279e-21, nan 
-174.375, 81.625, 2.92017913208218e-21, nan 
-174.125, 81.625, 2.809520811975901e-21, nan 
-173.875, 81.625, 2.6968915106337747e-21, nan 
-173.625, 81.625, 2.7765350349923792e-21, nan 
-173.375, 81.625, 3.325557632410241e-21, nan 
-173.125, 81.625, 3.2276828599706877e-21, nan 
-172.875, 81.625, 3.334327912217202e-21, nan 
-172.625, 81.625, 4.060331997231848e-21, nan 
-172.375, 81.625, 2.1956851418474785e-21, nan 
-172.125, 81.625, 2.1461182183791335e-21, nan 
-171.875, 81.625, 1.1038277217375006e-21, nan 
-171.625, 81.625, 3.756814599863457e-21, nan 
-171.375, 81.625, 1.1364331198665108e-20, nan 
-171.125, 81.625, 2.3620230562210777e-20, nan 
-170.875, 81.625, 9.212717488317484e-21, nan 
-170.625, 81.625, 5.212124189916345e-21, nan 
-170.375, 81.625, 4.994924759651216e-21, nan 
-170.125, 81.625, 4.8344286669427875e-21, nan 
-169.875, 81.625, 8.777081931631838e-21, nan 
-169.625, 81.625, 2.0638327038228678e-20, nan 
-169.375, 81.625, 4.294419035826696e-20, nan 
-169.125, 81.625, 1.3312761368810145e-20, nan 
-168.875, 81.625, 5.259612077423671e-21, nan 
-168.625, 81.625, 4.590741124472886e-21, nan 
-168.375, 81.625, 3.333038509212641e-21, nan 
-168.125, 81.625, 4.486202233245595e-21, nan 
-167.875, 81.625, 9.250643422923983e-21, nan 
-167.625, 81.625, 1.8591227736903572e-20, nan 
-167.375, 81.625, 5.3327105848702335e-21, nan 
-167.125, 81.625, 3.3110204052877994e-21, nan 
-166.875, 81.625, 3.0909170483201173e-21, nan 
-166.625, 81.625, 2.6932699435734162e-21, nan 
-166.375, 81.625, 2.6362216759613585e-21, nan 
-166.125, 81.625, 2.2959809031224125e-21, nan 
-165.875, 81.625, 2.0048421890541728e-21, nan 
-165.625, 81.625, 1.969427667876686e-21, nan 
-165.375, 81.625, 1.9732636628896136e-21, nan 
-165.125, 81.625, 1.8333942943881702e-21, nan 
-164.875, 81.625, 1.754511532296762e-21, nan 
-164.625, 81.625, 1.7875430864645757e-21, nan 
-164.375, 81.625, 1.5870683822197247e-21, nan 
-164.125, 81.625, 1.350371493462304e-21, nan 
-163.875, 81.625, 1.1952741845437226e-21, nan 
-163.625, 81.625, 1.3109538846146654e-21, nan 
-163.375, 81.625, 1.1410094709161372e-21, nan 
-163.125, 81.625, 9.993473194398975e-22, nan 
-162.875, 81.625, 9.487716260062083e-22, nan 
-162.625, 81.625, 9.201778827086188e-22, nan 
-162.375, 81.625, 8.683485862425126e-22, nan 
-162.125, 81.625, 8.232353887196946e-22, nan 
-161.875, 81.625, 8.444182166157539e-22, nan 
-161.625, 81.625, 7.498472845409681e-22, nan 
-161.375, 81.625, 7.100528241549404e-22, nan 
-161.125, 81.625, 6.715884282975051e-22, nan 
-160.875, 81.625, 6.338887572890585e-22, nan 
-160.625, 81.625, 6.294887207677439e-22, nan 
-160.375, 81.625, 5.815033161409163e-22, nan 
-160.125, 81.625, 5.970940765273324e-22, nan 
-159.875, 81.625, 5.527201700575973e-22, nan 
-159.625, 81.625, 5.226699211566562e-22, nan 
-159.375, 81.625, 5.442974684577532e-22, nan 
-159.125, 81.625, 5.617825336684812e-22, nan 
-158.875, 81.625, 5.203624588301888e-22, nan 
-158.625, 81.625, 4.708949119285117e-22, nan 
-158.375, 81.625, 5.18223473037111e-22, nan 
-158.125, 81.625, 5.352264615252795e-22, nan 
-157.875, 81.625, 5.310101035749641e-22, nan 
-157.625, 81.625, 4.806661896811075e-22, nan 
-157.375, 81.625, 4.490642689989288e-22, nan 
-157.125, 81.625, 4.716979363131832e-22, nan 
-156.875, 81.625, 4.79661621689469e-22, nan 
-156.625, 81.625, 4.57924171837027e-22, nan 
-156.375, 81.625, 4.0586936092930657e-22, nan 
-156.125, 81.625, 4.0986443334278497e-22, nan 
-155.875, 81.625, 4.1346284618685785e-22, nan 
-155.625, 81.625, 3.8913710914911717e-22, nan 
-155.375, 81.625, 3.5883195078182387e-22, nan 
-155.125, 81.625, 3.997099574762172e-22, nan 
-154.875, 81.625, 3.865971549983582e-22, nan 
-154.625, 81.625, 3.3927555298192122e-22, nan 
-154.375, 81.625, 3.4041524474565163e-22, nan 
-154.125, 81.625, 3.380350378485424e-22, nan 
-153.875, 81.625, 3.578062072369109e-22, nan 
-153.625, 81.625, 3.0327765148015653e-22, nan 
-153.375, 81.625, 3.3068368948644007e-22, nan 
-153.125, 81.625, 3.009463222251845e-22, nan 
-152.875, 81.625, 3.163752003265365e-22, nan 
-152.625, 81.625, 3.095124103147821e-22, nan 
-152.375, 81.625, 2.794299725278376e-22, nan 
-152.125, 81.625, 2.47346224674538e-22, nan 
-151.875, 81.625, 2.5211762855773893e-22, nan 
-151.625, 81.625, 2.892729055332453e-22, nan 
-151.375, 81.625, 2.3366506159532607e-22, nan 
-151.125, 81.625, 2.2356382698207326e-22, nan 
-150.875, 81.625, 2.4845607076084313e-22, nan 
-150.625, 81.625, 2.372049924956975e-22, nan 
-150.375, 81.625, 2.1747065266717084e-22, nan 
-150.125, 81.625, 1.8808711396195727e-22, nan 
-149.875, 81.625, 1.9736401177419412e-22, nan 
-149.625, 81.625, 1.9680773375405477e-22, nan 
-149.375, 81.625, 1.9658553415191243e-22, nan 
-149.125, 81.625, 2.0846555295822505e-22, nan 
-148.875, 81.625, 1.9550489527207037e-22, nan 
-148.625, 81.625, 2.0066023396217148e-22, nan 
-148.375, 81.625, 1.8980414837837909e-22, nan 
-148.125, 81.625, 1.9061427318898908e-22, nan 
-147.875, 81.625, 1.714445498468331e-22, nan 
-147.625, 81.625, 1.8230302764671674e-22, nan 
-147.375, 81.625, 1.8522363151520022e-22, nan 
-147.125, 81.625, 1.8701924513448253e-22, nan 
-146.875, 81.625, 1.706737875301431e-22, nan 
-146.625, 81.625, 1.8074063217529534e-22, nan 
-146.375, 81.625, 1.766321362974247e-22, nan 
-146.125, 81.625, 1.7307710079093911e-22, nan 
-145.875, 81.625, 1.706538620986818e-22, nan 
-145.625, 81.625, 1.8780094228407567e-22, nan 
-145.375, 81.625, 1.732595742041174e-22, nan 
-145.125, 81.625, 1.6647924992306e-22, nan 
-144.875, 81.625, 1.691703339211609e-22, nan 
-144.625, 81.625, 1.7063527470985217e-22, nan 
-144.375, 81.625, 1.7125304882219254e-22, nan 
-144.125, 81.625, 1.5738542755439652e-22, nan 
-143.875, 81.625, 1.588807255228302e-22, nan 
-143.625, 81.625, 1.525127111010155e-22, nan 
-143.375, 81.625, 1.6206130745241337e-22, nan 
-143.125, 81.625, 1.5213754869909976e-22, nan 
-142.875, 81.625, 1.471031970374053e-22, nan 
-142.625, 81.625, 1.564462114069898e-22, nan 
-142.375, 81.625, 1.4549092037435555e-22, nan 
-142.125, 81.625, 1.447382353862552e-22, nan 
-141.875, 81.625, 1.5565112163818887e-22, nan 
-141.625, 81.625, 1.4923899524024392e-22, nan 
-141.375, 81.625, 1.433485159549123e-22, nan 
-141.125, 81.625, 1.4856345405348183e-22, nan 
-140.875, 81.625, 1.3751457768390262e-22, nan 
-140.625, 81.625, 1.3657394223535887e-22, nan 
-140.375, 81.625, 1.3465580062006438e-22, nan 
-140.125, 81.625, 1.3308661279689519e-22, nan 
-139.875, 81.625, 1.2430064309082293e-22, nan 
-139.625, 81.625, 1.3048441626619277e-22, nan 
-139.375, 81.625, 1.228844182722861e-22, nan 
-139.125, 81.625, 1.2374489022079924e-22, nan 
-138.875, 81.625, 1.2590388001921896e-22, nan 
-138.625, 81.625, 1.2317969490928392e-22, nan 
-138.375, 81.625, 1.2037110942381584e-22, nan 
-138.125, 81.625, 1.1835550926877283e-22, nan 
-137.875, 81.625, 1.2681746480349936e-22, nan 
-137.625, 81.625, 1.281523443451961e-22, nan 
-137.375, 81.625, 1.2156040418880742e-22, nan 
-137.125, 81.625, 1.2532916039790976e-22, nan 
-136.875, 81.625, 1.2391515124612722e-22, nan 
-136.625, 81.625, 1.2292934074768076e-22, nan 
-136.375, 81.625, 1.2202294172245269e-22, nan 
-136.125, 81.625, 1.2201315772828512e-22, nan 
-135.875, 81.625, 1.3022725437426077e-22, nan 
-135.625, 81.625, 1.1885376721242735e-22, nan 
-135.375, 81.625, 1.2541855687571239e-22, nan 
-135.125, 81.625, 1.217078615170337e-22, nan 
-134.875, 81.625, 1.2526621414792826e-22, nan 
-134.625, 81.625, 1.3854568612854417e-22, nan 
-134.375, 81.625, 1.2938580785150013e-22, nan 
-134.125, 81.625, 1.320210629446729e-22, nan 
-133.875, 81.625, 1.4018039729493478e-22, nan 
-133.625, 81.625, 1.3486749901006045e-22, nan 
-133.375, 81.625, 1.4179670656754455e-22, nan 
-133.125, 81.625, 1.663175323049672e-22, nan 
-132.875, 81.625, 1.7371949931720178e-22, nan 
-132.625, 81.625, 1.5226909731972625e-22, nan 
-132.375, 81.625, 1.5622001785614866e-22, nan 
-132.125, 81.625, 1.7284280799666654e-22, nan 
-131.875, 81.625, 1.6462228780208485e-22, nan 
-131.625, 81.625, 1.6806448134248048e-22, nan 
-131.375, 81.625, 1.805033336922418e-22, nan 
-131.125, 81.625, 1.6834353774709845e-22, nan 
-130.875, 81.625, 1.6553687415980233e-22, nan 
-130.625, 81.625, 1.782847242466828e-22, nan 
-130.375, 81.625, 1.719162090990465e-22, nan 
-130.125, 81.625, 2.324004148218252e-22, nan 
-129.875, 81.625, 2.488828771980694e-22, nan 
-129.625, 81.625, 1.7228758058983762e-22, nan 
-129.375, 81.625, 1.7710953554152972e-22, nan 
-129.125, 81.625, 2.8652017860921995e-22, nan 
-128.875, 81.625, 5.220452037376794e-22, nan 
-128.625, 81.625, 6.136947769782496e-22, nan 
-128.375, 81.625, 7.324020662078984e-22, nan 
-128.125, 81.625, 7.849125160197325e-22, nan 
-127.875, 81.625, 8.441803471749622e-22, nan 
-127.625, 81.625, 8.284327226927306e-22, nan 
-127.375, 81.625, 8.124376766209203e-22, nan 
-127.125, 81.625, 8.379962253568227e-22, nan 
-126.875, 81.625, 7.955229304765055e-22, nan 
-126.625, 81.625, 6.898693588331807e-22, nan 
-126.375, 81.625, 7.6354730580144095e-22, nan 
-126.125, 81.625, 8.190159250569204e-22, nan 
-125.875, 81.625, 7.849486359807584e-22, nan 
-125.625, 81.625, 6.719638422538836e-22, nan 
-125.375, 81.625, 5.783259668518385e-22, nan 
-125.125, 81.625, 6.045562060985474e-22, nan 
-124.875, 81.625, 4.175142643183672e-22, nan 
-124.625, 81.625, 3.992809139846161e-22, nan 
-124.375, 81.625, 2.4154584910492407e-22, nan 
-124.125, 81.625, 2.9939763035341436e-22, nan 
-123.875, 81.625, 2.0165918383426283e-22, nan 
-123.625, 81.625, 2.0143155248933512e-22, nan 
-123.375, 81.625, 2.278012282721585e-22, nan 
-123.125, 81.625, 2.367464941762389e-22, nan 
-122.875, 81.625, 2.534198407676504e-22, nan 
-122.625, 81.625, 2.9757331052322704e-22, nan 
-122.375, 81.625, 3.3741294284743e-22, nan 
-122.125, 81.625, 2.8957748968267256e-22, nan 
-121.875, 81.625, 2.706794899379047e-22, nan 
-121.625, 81.625, 2.518065773228866e-22, nan 
-121.375, 81.625, 2.7660892443150875e-22, nan 
-121.125, 81.625, 2.893755810274429e-22, nan 
-120.875, 81.625, 3.084077627009899e-22, nan 
-120.625, 81.625, 3.2915045677367586e-22, nan 
-120.375, 81.625, 3.7491954514736137e-22, nan 
-120.125, 81.625, 4.834516169645552e-22, nan 
-119.875, 81.625, 5.14302244767076e-22, nan 
-119.625, 81.625, 5.317649939534564e-22, nan 
-119.375, 81.625, 4.0545411684260767e-22, nan 
-119.125, 81.625, 5.0061735681459475e-22, nan 
-118.875, 81.625, 6.510431556256037e-22, nan 
-118.625, 81.625, 5.878490985648095e-22, nan 
-118.375, 81.625, 4.49186038519745e-22, nan 
-118.125, 81.625, 3.4854200180637453e-22, nan 
-117.875, 81.625, 3.721032747834583e-22, nan 
-117.625, 81.625, 3.7375750513534098e-22, nan 
-117.375, 81.625, 2.0701696438797058e-22, nan 
-117.125, 81.625, 5.373824696122358e-22, nan 
-116.875, 81.625, 5.903667717673654e-22, nan 
-116.625, 81.625, 7.000842432125733e-22, nan 
-116.375, 81.625, 8.49772731271143e-22, nan 
-116.125, 81.625, 9.511473637517579e-22, nan 
-115.875, 81.625, 1.035751276932589e-21, nan 
-115.625, 81.625, 6.711305356398706e-22, nan 
-115.375, 81.625, 9.609070782240582e-22, nan 
-115.125, 81.625, 6.367388985294629e-22, nan 
-114.875, 81.625, 6.590087795614438e-22, nan 
-114.625, 81.625, 7.300375515483436e-22, nan 
-114.375, 81.625, 9.128029523812643e-22, nan 
-114.125, 81.625, 9.98718738457615e-22, nan 
-113.875, 81.625, 8.924671241768094e-22, nan 
-113.625, 81.625, 9.813102942087016e-22, nan 
-113.375, 81.625, 4.2183908792153626e-22, nan 
-113.125, 81.625, 4.616581167092165e-22, nan 
-112.875, 81.625, 4.515184978385375e-22, nan 
-112.625, 81.625, 4.0609647020015084e-22, nan 
-112.375, 81.625, 3.85694401507415e-22, nan 
-112.125, 81.625, 3.496928439934826e-22, nan 
-111.875, 81.625, 3.487249713288468e-22, nan 
-111.625, 81.625, 3.3791329357753877e-22, nan 
-111.375, 81.625, 4.1666036120204136e-22, nan 
-111.125, 81.625, 4.2266476013834573e-22, nan 
-110.875, 81.625, 3.925645403299452e-22, nan 
-110.625, 81.625, 3.7203496377256243e-22, nan 
-110.375, 81.625, 3.451449804048595e-22, nan 
-110.125, 81.625, 2.7990249511275497e-22, nan 
-109.875, 81.625, 1.8311886030797933e-22, nan 
-109.625, 81.625, 1.9580945065416025e-22, nan 
-109.375, 81.625, 2.0969339778801525e-22, nan 
-109.125, 81.625, 1.8703899038730906e-22, nan 
-108.875, 81.625, 1.642535774148174e-22, nan 
-108.625, 81.625, 2.315462568208145e-22, nan 
-108.375, 81.625, 2.143753725512013e-22, nan 
-108.125, 81.625, 1.9305656580655821e-22, nan 
-107.875, 81.625, 1.7262971825582046e-22, nan 
-107.625, 81.625, 1.510694964427488e-22, nan 
-107.375, 81.625, 1.276128345162954e-22, nan 
-107.125, 81.625, 1.1491099829373163e-22, nan 
-106.875, 81.625, 1.136983478656276e-22, nan 
-106.625, 81.625, 9.289180615290676e-23, nan 
-106.375, 81.625, 1.6798909316619106e-22, nan 
-106.125, 81.625, 1.4427846661009316e-22, nan 
-105.875, 81.625, 1.6808467983707555e-22, nan 
-105.625, 81.625, 3.0580071655634887e-22, nan 
-105.375, 81.625, 4.264429053568363e-22, nan 
-105.125, 81.625, 5.106911624330977e-22, nan 
-104.875, 81.625, 4.549823838162865e-22, nan 
-104.625, 81.625, 2.3527542658487842e-22, nan 
-104.375, 81.625, 1.8377913213327407e-22, nan 
-104.125, 81.625, 1.710952448618649e-22, nan 
-103.875, 81.625, 1.7750981943755554e-22, nan 
-103.625, 81.625, 2.496393356138195e-22, nan 
-103.375, 81.625, 3.1075038643519675e-22, nan 
-103.125, 81.625, 3.0371111955676724e-22, nan 
-102.875, 81.625, 2.5743532075211587e-22, nan 
-102.625, 81.625, 2.252994980854406e-22, nan 
-102.375, 81.625, 1.2244943564152706e-22, nan 
-102.125, 81.625, 8.084340116416642e-23, nan 
-101.875, 81.625, 1.1780062407567753e-22, nan 
-101.625, 81.625, 1.885199528261646e-22, nan 
-101.375, 81.625, 2.5321239493307924e-22, nan 
-101.125, 81.625, 2.4341417869996465e-22, nan 
-100.875, 81.625, 2.592399662985929e-22, nan 
-100.625, 81.625, 1.6978731447665753e-22, nan 
-100.375, 81.625, 1.979367279655381e-22, nan 
-100.125, 81.625, 1.8477628430559352e-22, nan 
-99.875, 81.625, 1.7239291721948538e-22, nan 
-99.625, 81.625, 1.92945574575983e-22, nan 
-99.375, 81.625, 1.786862032752186e-22, nan 
-99.125, 81.625, 1.887041391080076e-22, nan 
-98.875, 81.625, 1.4321478169974064e-22, nan 
-98.625, 81.625, 1.3869992415270528e-22, nan 
-98.375, 81.625, 1.3427511461474428e-22, nan 
-98.125, 81.625, 1.2241680686498903e-22, nan 
-97.875, 81.625, 1.250333279204965e-22, nan 
-97.625, 81.625, 1.2563007521625056e-22, nan 
-97.375, 81.625, 1.3981771292016403e-22, nan 
-97.125, 81.625, 1.2200728849809494e-22, nan 
-96.875, 81.625, 1.2607836815120266e-22, nan 
-96.625, 81.625, 1.3874818833450255e-22, nan 
-96.375, 81.625, 1.7098672068880955e-22, nan 
-96.125, 81.625, 3.613163638947178e-22, nan 
-95.875, 81.625, 5.098322629485747e-22, nan 
-95.625, 81.625, 7.3474580292148845e-22, nan 
-95.375, 81.625, 8.3860201865860865e-22, nan 
-95.125, 81.625, 7.6852882717727755e-22, nan 
-94.875, 81.625, 7.420165938859146e-22, nan 
-94.625, 81.625, 6.760680450195752e-22, nan 
-94.375, 81.625, 6.825324991274846e-22, nan 
-94.125, 81.625, 6.099770839609191e-22, nan 
-93.875, 81.625, 6.871715264023691e-22, nan 
-93.625, 81.625, 6.670738203333248e-22, nan 
-93.375, 81.625, 6.436325030878515e-22, nan 
-93.125, 81.625, 6.354028527493022e-22, nan 
-92.875, 81.625, 5.107782302105845e-22, nan 
-92.625, 81.625, 4.814266968737079e-22, nan 
-92.375, 81.625, 4.652242037654662e-22, nan 
-92.125, 81.625, 7.579901914240616e-22, nan 
-91.875, 81.625, 6.29729816700802e-22, nan 
-91.625, 81.625, 5.002995275945351e-22, nan 
-91.375, 81.625, 6.166759479567971e-22, nan 
-91.125, 81.625, 4.606610766800936e-22, nan 
-90.875, 81.625, 5.524694425014741e-22, nan 
-90.625, 81.625, 5.552203230621197e-22, nan 
-90.375, 81.625, 6.682273130797174e-22, nan 
-90.125, 81.625, 5.43184809815545e-22, nan 
-89.875, 81.625, 4.960590275071554e-22, nan 
-89.625, 81.625, 5.277892763858077e-22, nan 
-89.375, 81.625, 6.038097744017635e-22, nan 
-89.125, 81.625, 6.570240421176475e-22, nan 
-88.875, 81.625, 6.602007478760443e-22, nan 
60.875, 81.625, 2.6353495087623497e-22, nan 
61.125, 81.625, 2.3082718770426533e-22, nan 
61.375, 81.625, 1.6668248621335807e-22, nan 
61.625, 81.625, 2.0913754238851625e-22, nan 
61.875, 81.625, 2.3720594160347077e-22, nan 
62.125, 81.625, 3.0006618269512563e-22, nan 
62.375, 81.625, 3.6983191931256787e-22, nan 
62.625, 81.625, 4.115577819440247e-22, nan 
62.875, 81.625, 3.809394290242113e-22, nan 
63.125, 81.625, 3.7018567732378937e-22, nan 
63.375, 81.625, 3.228426448945954e-22, nan 
63.625, 81.625, 4.1897759898578645e-22, nan 
63.875, 81.625, 3.9383989997851013e-22, nan 
64.125, 81.625, 3.506372298058503e-22, nan 
64.375, 81.625, 3.6226785463881524e-22, nan 
64.625, 81.625, 2.9382322687433095e-22, nan 
64.875, 81.625, 2.5470255680870114e-22, nan 
65.125, 81.625, 2.19309389563276e-22, nan 
65.375, 81.625, 1.9590024191233093e-22, nan 
65.625, 81.625, 1.705219966411653e-22, nan 
65.875, 81.625, 1.5409087220029558e-22, nan 
66.125, 81.625, 1.590839673670197e-22, nan 
66.375, 81.625, 1.4190960190693334e-22, nan 
66.625, 81.625, 1.3590331780593476e-22, nan 
66.875, 81.625, 1.4511649922313039e-22, nan 
67.125, 81.625, 9.275771601063525e-23, nan 
67.375, 81.625, 1.0953745684600688e-22, nan 
67.625, 81.625, 2.160786490341723e-22, nan 
67.875, 81.625, 2.847128707529853e-22, nan 
68.125, 81.625, 2.799842748708642e-22, nan 
68.375, 81.625, 2.8894766399675697e-22, nan 
68.625, 81.625, 3.1880989738021617e-22, nan 
68.875, 81.625, 3.3724717045046397e-22, nan 
69.125, 81.625, 3.501081144882222e-22, nan 
69.375, 81.625, 4.826919702095475e-22, nan 
69.625, 81.625, 6.097513660217839e-22, nan 
69.875, 81.625, 6.132090879561011e-22, nan 
70.125, 81.625, 6.383141156134039e-22, nan 
70.375, 81.625, 5.430997056742055e-22, nan 
70.625, 81.625, 4.1269174926723595e-22, nan 
70.875, 81.625, 3.8371282056255046e-22, nan 
71.125, 81.625, 3.1425423990746786e-22, nan 
71.375, 81.625, 2.684984575435818e-22, nan 
71.625, 81.625, 3.209327996123315e-22, nan 
71.875, 81.625, 2.166161604090877e-22, nan 
72.125, 81.625, 2.8314201472618357e-22, nan 
72.375, 81.625, 3.4745481750172104e-22, nan 
72.625, 81.625, 3.7801558856743257e-22, nan 
72.875, 81.625, 3.45108930447846e-22, nan 
73.125, 81.625, 3.069550770393035e-22, nan 
73.375, 81.625, 3.8168009374279057e-22, nan 
73.625, 81.625, 3.841250940558197e-22, nan 
73.875, 81.625, 5.10101985820659e-22, nan 
74.125, 81.625, 5.564781344038714e-22, nan 
74.375, 81.625, 7.460166752388352e-22, nan 
74.625, 81.625, 8.055927194243295e-22, nan 
74.875, 81.625, 8.414932182983831e-22, nan 
75.125, 81.625, 9.61025102304807e-22, nan 
75.375, 81.625, 5.009269824143474e-22, nan 
75.625, 81.625, 5.906877857474766e-22, nan 
75.875, 81.625, 5.918022948319748e-22, nan 
76.125, 81.625, 8.107769189390574e-22, nan 
76.375, 81.625, 7.527286973426254e-22, nan 
76.625, 81.625, 7.0741708614292095e-22, nan 
76.875, 81.625, 8.504410943513363e-22, nan 
77.125, 81.625, 6.410893246612737e-22, nan 
77.375, 81.625, 8.062455303342906e-22, nan 
77.625, 81.625, 8.509687616840532e-22, nan 
77.875, 81.625, 7.711469302542145e-22, nan 
78.125, 81.625, 4.580413564329927e-22, nan 
78.375, 81.625, 4.725763265532045e-22, nan 
78.625, 81.625, 4.667047412696938e-22, nan 
78.875, 81.625, 4.601397170926914e-22, nan 
79.125, 81.625, 7.374184318734695e-22, nan 
79.375, 81.625, 7.034000025366548e-22, nan 
79.625, 81.625, 6.308591291676594e-22, nan 
79.875, 81.625, 5.298210095973373e-22, nan 
80.125, 81.625, 5.9491534945176815e-22, nan 
80.375, 81.625, 6.097071477023076e-22, nan 
80.625, 81.625, 6.23201257488779e-22, nan 
80.875, 81.625, 6.420823829292069e-22, nan 
81.125, 81.625, 4.714592691505519e-22, nan 
81.375, 81.625, 1.412429131454813e-22, nan 
81.625, 81.625, 3.0693220739577396e-22, nan 
81.875, 81.625, 3.438811028835125e-22, nan 
82.125, 81.625, 3.1234106111575237e-22, nan 
82.375, 81.625, 3.145075735701974e-22, nan 
82.625, 81.625, 3.3165278566812363e-22, nan 
82.875, 81.625, 3.2135266309339755e-22, nan 
83.125, 81.625, 3.9397619290353963e-22, nan 
83.375, 81.625, 4.345471618251593e-22, nan 
83.625, 81.625, 4.308240178644693e-22, nan 
83.875, 81.625, 4.571204865728036e-22, nan 
84.125, 81.625, 4.824535897565532e-22, nan 
84.375, 81.625, 4.8946995330124e-22, nan 
84.625, 81.625, 4.897169935101478e-22, nan 
84.875, 81.625, 4.620951600412985e-22, nan 
85.125, 81.625, 4.982976292406801e-22, nan 
85.375, 81.625, 4.998808011118286e-22, nan 
85.625, 81.625, 4.959377324216886e-22, nan 
85.875, 81.625, 4.0789661851364956e-22, nan 
86.125, 81.625, 3.488311757149559e-22, nan 
86.375, 81.625, 4.1312759405216454e-22, nan 
86.625, 81.625, 6.566789574203804e-22, nan 
86.875, 81.625, 4.227041449426492e-22, nan 
87.125, 81.625, 3.505524704768069e-22, nan 
87.375, 81.625, 3.808650064878954e-22, nan 
87.625, 81.625, 3.8796915272831683e-22, nan 
87.875, 81.625, 3.4808507447117768e-22, nan 
88.125, 81.625, 3.07112944950246e-22, nan 
88.375, 81.625, 4.535936042269625e-22, nan 
88.625, 81.625, 2.6493373071716846e-22, nan 
88.875, 81.625, 2.8553354662744224e-22, nan 
89.125, 81.625, 2.7289553245692006e-22, nan 
89.375, 81.625, 2.239595068597609e-22, nan 
89.625, 81.625, 1.8657614178295934e-22, nan 
89.875, 81.625, 2.4832941004441167e-22, nan 
90.125, 81.625, 2.8812623449657837e-22, nan 
90.375, 81.625, 3.7365940160355593e-22, nan 
90.625, 81.625, 3.689315306781811e-22, nan 
90.875, 81.625, 4.979255300804354e-22, nan 
91.125, 81.625, 4.723562891006363e-22, nan 
91.375, 81.625, 4.01117851710301e-22, nan 
91.625, 81.625, 4.38318673825468e-22, nan 
91.875, 81.625, 4.327930429610052e-22, nan 
92.125, 81.625, 3.5320177741748214e-22, nan 
92.375, 81.625, 3.5971353336421145e-22, nan 
92.625, 81.625, 3.685510522908939e-22, nan 
92.875, 81.625, 3.270606424144399e-22, nan 
93.125, 81.625, 2.9450964474490075e-22, nan 
93.375, 81.625, 3.3014853698788783e-22, nan 
93.625, 81.625, 3.0679227268167984e-22, nan 
93.875, 81.625, 3.032511092587446e-22, nan 
94.125, 81.625, 2.9309589026399305e-22, nan 
94.375, 81.625, 3.099632537931669e-22, nan 
94.625, 81.625, 3.321977878597441e-22, nan 
94.875, 81.625, 3.5787984816774886e-22, nan 
95.125, 81.625, 3.6057107204139045e-22, nan 
95.375, 81.625, 3.5335530308836686e-22, nan 
95.625, 81.625, 3.8564735999735044e-22, nan 
95.875, 81.625, 4.236960182143165e-22, nan 
96.125, 81.625, 3.1724396824959973e-22, nan 
96.375, 81.625, 4.35929533708756e-22, nan 
96.625, 81.625, 4.587768258095682e-22, nan 
96.875, 81.625, 3.2918809160505943e-22, nan 
97.125, 81.625, 4.336486167142843e-22, nan 
97.375, 81.625, 4.964657841938361e-22, nan 
97.625, 81.625, 4.889537506742599e-22, nan 
97.875, 81.625, 3.7103858462349826e-22, nan 
98.125, 81.625, 4.0807990425795735e-22, nan 
98.375, 81.625, 4.813129748602351e-22, nan 
98.625, 81.625, 4.185580329679276e-22, nan 
98.875, 81.625, 3.721220283548522e-22, nan 
99.125, 81.625, 5.098512708112877e-22, nan 
99.375, 81.625, 5.534948888294819e-22, nan 
99.625, 81.625, 4.893516502890781e-22, nan 
99.875, 81.625, 4.733686773015554e-22, nan 
100.125, 81.625, 6.189011495298745e-22, nan 
100.375, 81.625, 5.6293207102933275e-22, nan 
100.625, 81.625, 6.034861927649356e-22, nan 
100.875, 81.625, 6.345173311214442e-22, nan 
101.125, 81.625, 5.948095486984412e-22, nan 
101.375, 81.625, 6.253011467971444e-22, nan 
101.625, 81.625, 4.69051045609985e-22, nan 
101.875, 81.625, 5.835438010857536e-22, nan 
102.125, 81.625, 5.387351629399348e-22, nan 
102.375, 81.625, 5.691298770960243e-22, nan 
102.625, 81.625, 5.6660938312930285e-22, nan 
102.875, 81.625, 5.467265561739454e-22, nan 
103.125, 81.625, 5.6422968998123825e-22, nan 
103.375, 81.625, 4.7276524129724435e-22, nan 
103.625, 81.625, 5.909353610618863e-22, nan 
103.875, 81.625, 5.265581306663782e-22, nan 
104.125, 81.625, 5.634828803786737e-22, nan 
104.375, 81.625, 4.823799949087085e-22, nan 
104.625, 81.625, 5.02811848712663e-22, nan 
104.875, 81.625, 3.842047539885935e-22, nan 
105.125, 81.625, 5.1117677839884025e-22, nan 
105.375, 81.625, 4.587812144395546e-22, nan 
105.625, 81.625, 4.1319846170959024e-22, nan 
105.875, 81.625, 4.581307598408477e-22, nan 
106.125, 81.625, 3.2207075796380523e-22, nan 
106.375, 81.625, 1.1873537247512035e-22, nan 
106.625, 81.625, 1.2518499343637785e-22, nan 
106.875, 81.625, 1.9165089927396523e-22, nan 
107.125, 81.625, 2.075488379744692e-22, nan 
107.375, 81.625, 9.693153620220492e-23, nan 
107.625, 81.625, 1.0409089486570412e-22, nan 
107.875, 81.625, 1.0867307007012598e-22, nan 
108.125, 81.625, 1.1630784463493037e-22, nan 
108.375, 81.625, 9.633041037678172e-23, nan 
108.625, 81.625, 4.894237250561872e-23, nan 
108.875, 81.625, 6.259982203642756e-23, nan 
109.125, 81.625, 6.779619056107777e-23, nan 
109.375, 81.625, 1.4354023824086205e-22, nan 
109.625, 81.625, 1.5713992751229086e-22, nan 
109.875, 81.625, 1.559004078274137e-22, nan 
110.125, 81.625, 1.7308648836362043e-22, nan 
110.375, 81.625, 1.5152508095300554e-22, nan 
110.625, 81.625, 1.3564131327269425e-22, nan 
110.875, 81.625, 1.451913507773945e-22, nan 
111.125, 81.625, 1.9516594444438228e-22, nan 
111.375, 81.625, 1.59201314774229e-22, nan 
111.625, 81.625, 2.0884793973852302e-22, nan 
111.875, 81.625, 2.153518259887011e-22, nan 
112.125, 81.625, 1.641531576313614e-22, nan 
112.375, 81.625, 1.5889307975384152e-22, nan 
112.625, 81.625, 1.6969051908065857e-22, nan 
112.875, 81.625, 9.565127969549895e-23, nan 
113.125, 81.625, 1.2588685245036253e-22, nan 
113.375, 81.625, 2.853272050204545e-22, nan 
113.625, 81.625, 2.545466046131838e-22, nan 
113.875, 81.625, 1.6211082511970218e-22, nan 
114.125, 81.625, 1.3634274025929893e-22, nan 
114.375, 81.625, 8.768415636724879e-23, nan 
114.625, 81.625, 6.745360164493216e-23, nan 
114.875, 81.625, 8.624727490516667e-23, nan 
115.125, 81.625, 1.6879386006722707e-22, nan 
115.375, 81.625, 1.8520928400402486e-22, nan 
115.625, 81.625, 1.8154218688204603e-22, nan 
115.875, 81.625, 1.3533495839507992e-22, nan 
116.125, 81.625, 5.481708443701514e-23, nan 
116.375, 81.625, 1.7965291177720457e-22, nan 
116.625, 81.625, 2.28053332631875e-22, nan 
116.875, 81.625, 2.719121176208359e-22, nan 
117.125, 81.625, 2.738500723420477e-22, nan 
117.375, 81.625, 2.8967588928049895e-22, nan 
117.625, 81.625, 2.4776841918757446e-22, nan 
117.875, 81.625, 2.362729490802447e-22, nan 
118.125, 81.625, 2.592755492870203e-22, nan 
118.375, 81.625, 2.474865604514766e-22, nan 
118.625, 81.625, 2.925984886187526e-22, nan 
118.875, 81.625, 3.067430692863938e-22, nan 
119.125, 81.625, 2.983958811252853e-22, nan 
119.375, 81.625, 2.6575712281110554e-22, nan 
119.625, 81.625, 2.304005195656132e-22, nan 
119.875, 81.625, 1.2090875585783413e-22, nan 
120.125, 81.625, 1.361771796427226e-22, nan 
120.375, 81.625, 1.4997437052116052e-22, nan 
120.625, 81.625, 7.763610920784055e-23, nan 
120.875, 81.625, 7.409181881620512e-23, nan 
121.125, 81.625, 6.539460546921354e-23, nan 
121.375, 81.625, 5.167197539994797e-23, nan 
121.625, 81.625, 7.303723005960858e-23, nan 
121.875, 81.625, 1.3145660561790603e-22, nan 
122.125, 81.625, 1.5596618176982388e-22, nan 
122.375, 81.625, 1.197096851054958e-22, nan 
122.625, 81.625, 2.324700436320269e-22, nan 
122.875, 81.625, 1.9518356896242643e-22, nan 
123.125, 81.625, 1.2703669020158409e-22, nan 
123.375, 81.625, 6.468870854707037e-23, nan 
123.625, 81.625, 7.918638770323918e-23, nan 
123.875, 81.625, 5.665364256752021e-23, nan 
124.125, 81.625, 1.2552563032337045e-22, nan 
124.375, 81.625, 1.8925339774968515e-22, nan 
124.625, 81.625, 1.7415149277574333e-22, nan 
124.875, 81.625, 1.382672155548172e-22, nan 
125.125, 81.625, 9.794945806171088e-23, nan 
125.375, 81.625, 1.0038654954988839e-22, nan 
125.625, 81.625, 1.0653776790294105e-22, nan 
125.875, 81.625, 9.40760814720946e-23, nan 
126.125, 81.625, 8.484575893206124e-23, nan 
126.375, 81.625, 9.465853996739922e-23, nan 
126.625, 81.625, 9.08622723659863e-23, nan 
126.875, 81.625, 9.60846377144569e-23, nan 
127.125, 81.625, 7.440046189206444e-23, nan 
127.375, 81.625, 7.788793114356319e-23, nan 
127.625, 81.625, 1.2911733925075155e-22, nan 
127.875, 81.625, 1.376451673965997e-22, nan 
128.125, 81.625, 1.1931704167784037e-22, nan 
128.375, 81.625, 1.2605983897598323e-22, nan 
128.625, 81.625, 1.2917357277367336e-22, nan 
128.875, 81.625, 1.3429803159550358e-22, nan 
129.125, 81.625, 8.771575420961047e-23, nan 
129.375, 81.625, 1.2316185261719096e-22, nan 
129.625, 81.625, 1.1621276552463908e-22, nan 
129.875, 81.625, 1.7259462927430497e-22, nan 
130.125, 81.625, 1.7280388843634987e-22, nan 
130.375, 81.625, 1.7118098372293732e-22, nan 
130.625, 81.625, 2.301396826770512e-22, nan 
130.875, 81.625, 2.387584228839061e-22, nan 
131.125, 81.625, 1.9493633152824264e-22, nan 
131.375, 81.625, 2.1660589225253996e-22, nan 
131.625, 81.625, 2.5813128392566636e-22, nan 
131.875, 81.625, 2.250924772871014e-22, nan 
132.125, 81.625, 1.1492270887818647e-22, nan 
132.375, 81.625, 1.8154406105634884e-22, nan 
132.625, 81.625, 2.0414255243003794e-22, nan 
132.875, 81.625, 2.0277732723954204e-22, nan 
133.125, 81.625, 1.5791122739277661e-22, nan 
133.375, 81.625, 2.776057969115606e-22, nan 
133.625, 81.625, 2.297557755315256e-22, nan 
133.875, 81.625, 1.779337431122238e-22, nan 
134.125, 81.625, 2.5119473557269493e-22, nan 
134.375, 81.625, 3.4397637035979157e-22, nan 
134.625, 81.625, 3.966054406472339e-22, nan 
134.875, 81.625, 3.71296610773828e-22, nan 
135.125, 81.625, 3.9239873026202806e-22, nan 
135.375, 81.625, 4.941688306001073e-22, nan 
135.625, 81.625, 3.9698815046663685e-22, nan 
135.875, 81.625, 6.50525458839567e-22, nan 
136.125, 81.625, 9.499539426476997e-22, nan 
136.375, 81.625, 1.2091343792255904e-21, nan 
136.625, 81.625, 1.2632565255464907e-21, nan 
136.875, 81.625, 1.2993351706684117e-21, nan 
137.125, 81.625, 1.556705339360458e-21, nan 
137.375, 81.625, 1.425775814143945e-21, nan 
137.625, 81.625, 1.2430644949689624e-21, nan 
137.875, 81.625, 1.0515942053720226e-21, nan 
138.125, 81.625, 1.3252795993039345e-21, nan 
138.375, 81.625, 1.430211364243846e-21, nan 
138.625, 81.625, 1.3970576419087914e-21, nan 
138.875, 81.625, 1.570055004484836e-21, nan 
139.125, 81.625, 1.487033689789494e-21, nan 
139.375, 81.625, 8.785583718018502e-22, nan 
139.625, 81.625, 6.865470251037484e-22, nan 
139.875, 81.625, 6.119959691713153e-22, nan 
140.125, 81.625, 6.461451259450839e-22, nan 
140.375, 81.625, 6.784880723163781e-22, nan 
140.625, 81.625, 7.486428320505553e-22, nan 
140.875, 81.625, 7.5008671333697255e-22, nan 
141.125, 81.625, 8.294948694031737e-22, nan 
141.375, 81.625, 7.963607826465644e-22, nan 
141.625, 81.625, 8.869047878678284e-22, nan 
141.875, 81.625, 8.93621661211801e-22, nan 
142.125, 81.625, 8.856336097867019e-22, nan 
142.375, 81.625, 9.349302910928654e-22, nan 
142.625, 81.625, 9.705889789167893e-22, nan 
142.875, 81.625, 1.1197040829783691e-21, nan 
143.125, 81.625, 1.0874829858731488e-21, nan 
143.375, 81.625, 1.1091638792245168e-21, nan 
143.625, 81.625, 1.3601096296655324e-21, nan 
143.875, 81.625, 1.4958914577196932e-21, nan 
144.125, 81.625, 1.4502519245923394e-21, nan 
144.375, 81.625, 1.529822024877166e-21, nan 
144.625, 81.625, 1.779695102926661e-21, nan 
144.875, 81.625, 1.7782087024200692e-21, nan 
145.125, 81.625, 1.9230144769668114e-21, nan 
145.375, 81.625, 2.0699693374868664e-21, nan 
145.625, 81.625, 2.1833152120586997e-21, nan 
145.875, 81.625, 2.2388912349793387e-21, nan 
146.125, 81.625, 2.3331013645331738e-21, nan 
146.375, 81.625, 2.2327544521133175e-21, nan 
146.625, 81.625, 2.1747767694189537e-21, nan 
146.875, 81.625, 2.3235223929002886e-21, nan 
147.125, 81.625, 2.540848200908419e-21, nan 
147.375, 81.625, 2.5778565624236077e-21, nan 
147.625, 81.625, 2.38784746587038e-21, nan 
147.875, 81.625, 2.671920736163135e-21, nan 
148.125, 81.625, 2.770451236151682e-21, nan 
148.375, 81.625, 2.634907322408015e-21, nan 
148.625, 81.625, 2.8840894030737236e-21, nan 
148.875, 81.625, 2.7921359602201387e-21, nan 
149.125, 81.625, 2.852631835111816e-21, nan 
149.375, 81.625, 2.908656481623032e-21, nan 
149.625, 81.625, 2.9601288840768877e-21, nan 
149.875, 81.625, 3.127819319723669e-21, nan 
150.125, 81.625, 3.2443371752448023e-21, nan 
150.375, 81.625, 3.1816682071790725e-21, nan 
150.625, 81.625, 3.22378729106146e-21, nan 
150.875, 81.625, 3.219691870070048e-21, nan 
151.125, 81.625, 3.2508578150241536e-21, nan 
151.375, 81.625, 3.502603580097e-21, nan 
151.625, 81.625, 3.432486588029133e-21, nan 
151.875, 81.625, 3.656783072685349e-21, nan 
152.125, 81.625, 3.738965239087461e-21, nan 
152.375, 81.625, 3.9593587943855166e-21, nan 
152.625, 81.625, 3.756057931600271e-21, nan 
152.875, 81.625, 3.784490531470273e-21, nan 
153.125, 81.625, 4.054047608972506e-21, nan 
153.375, 81.625, 4.120300452537709e-21, nan 
153.625, 81.625, 4.032969169986547e-21, nan 
153.875, 81.625, 4.3163188515603456e-21, nan 
154.125, 81.625, 4.4252466112429356e-21, nan 
154.375, 81.625, 4.185258958417988e-21, nan 
154.625, 81.625, 4.272681489123181e-21, nan 
154.875, 81.625, 4.504056254015204e-21, nan 
155.125, 81.625, 4.665182751099568e-21, nan 
155.375, 81.625, 4.454339528657463e-21, nan 
155.625, 81.625, 4.997384140555258e-21, nan 
155.875, 81.625, 4.972355224388635e-21, nan 
156.125, 81.625, 4.7278882502536636e-21, nan 
156.375, 81.625, 4.9457402146048895e-21, nan 
156.625, 81.625, 4.9214311651573465e-21, nan 
156.875, 81.625, 5.141134908272543e-21, nan 
157.125, 81.625, 4.988553989331074e-21, nan 
157.375, 81.625, 4.916582016614323e-21, nan 
157.625, 81.625, 5.041234862996538e-21, nan 
157.875, 81.625, 5.31258842133495e-21, nan 
158.125, 81.625, 5.7717627201010816e-21, nan 
158.375, 81.625, 5.4195528184630244e-21, nan 
158.625, 81.625, 4.900004459305733e-21, nan 
158.875, 81.625, 5.1573455276080155e-21, nan 
159.125, 81.625, 5.700372316183154e-21, nan 
159.375, 81.625, 5.61964414288225e-21, nan 
159.625, 81.625, 5.215045737703269e-21, nan 
159.875, 81.625, 6.0580839149454506e-21, nan 
160.125, 81.625, 5.489565375263241e-21, nan 
160.375, 81.625, 4.984052754564955e-21, nan 
160.625, 81.625, 5.780609411393223e-21, nan 
160.875, 81.625, 5.857122237448877e-21, nan 
161.125, 81.625, 4.799448107204029e-21, nan 
161.375, 81.625, 4.967257234382888e-21, nan 
161.625, 81.625, 4.674133996025561e-21, nan 
161.875, 81.625, 4.87359001528845e-21, nan 
162.125, 81.625, 5.257783634032556e-21, nan 
162.375, 81.625, 5.3525931810779434e-21, nan 
162.625, 81.625, 4.914301256549072e-21, nan 
162.875, 81.625, 5.2494904397669954e-21, nan 
163.125, 81.625, 5.4444078332287004e-21, nan 
163.375, 81.625, 6.070924495568339e-21, nan 
163.625, 81.625, 5.637362930159493e-21, nan 
163.875, 81.625, 5.586714089548759e-21, nan 
164.125, 81.625, 5.904706589088407e-21, nan 
164.375, 81.625, 6.5935004486432185e-21, nan 
164.625, 81.625, 5.7080901751267505e-21, nan 
164.875, 81.625, 5.8589378321789316e-21, nan 
165.125, 81.625, 6.5310669969136475e-21, nan 
165.375, 81.625, 6.40679697343946e-21, nan 
165.625, 81.625, 6.5974028928891945e-21, nan 
165.875, 81.625, 6.123059647297204e-21, nan 
166.125, 81.625, 6.299399907456679e-21, nan 
166.375, 81.625, 6.654606684421611e-21, nan 
166.625, 81.625, 6.2728577662281544e-21, nan 
166.875, 81.625, 6.2623592279408995e-21, nan 
167.125, 81.625, 6.413188396880764e-21, nan 
167.375, 81.625, 6.0641416149459386e-21, nan 
167.625, 81.625, 6.340936457443441e-21, nan 
167.875, 81.625, 6.072064988626433e-21, nan 
168.125, 81.625, 5.720464438670908e-21, nan 
168.375, 81.625, 5.709363629768008e-21, nan 
168.625, 81.625, 6.272440741972942e-21, nan 
168.875, 81.625, 6.340082678379729e-21, nan 
169.125, 81.625, 5.662072046035096e-21, nan 
169.375, 81.625, 6.437736569145854e-21, nan 
169.625, 81.625, 6.603832714519547e-21, nan 
169.875, 81.625, 6.199754347509257e-21, nan 
170.125, 81.625, 6.5987531177505556e-21, nan 
170.375, 81.625, 6.436865112242163e-21, nan 
170.625, 81.625, 6.2746828130051744e-21, nan 
170.875, 81.625, 5.969687227983421e-21, nan 
171.125, 81.625, 5.386065239832382e-21, nan 
171.375, 81.625, 5.809971237570883e-21, nan 
171.625, 81.625, 5.503402074799603e-21, nan 
171.875, 81.625, 5.297939678224462e-21, nan 
172.125, 81.625, 5.446131080228507e-21, nan 
172.375, 81.625, 5.444808124074743e-21, nan 
172.625, 81.625, 5.33489171829361e-21, nan 
172.875, 81.625, 5.127271753191005e-21, nan 
173.125, 81.625, 4.985411263904549e-21, nan 
173.375, 81.625, 5.442989551515732e-21, nan 
173.625, 81.625, 5.1963801416535775e-21, nan 
173.875, 81.625, 6.379535995674743e-21, nan 
174.125, 81.625, 5.4985973740028855e-21, nan 
174.375, 81.625, 5.6152659852459815e-21, nan 
174.625, 81.625, 5.02971299036437e-21, nan 
174.875, 81.625, 4.9522794136169426e-21, nan 
175.125, 81.625, 5.0403515417505114e-21, nan 
175.375, 81.625, 5.429386071582805e-21, nan 
175.625, 81.625, 7.40616561456118e-21, nan 
175.875, 81.625, 5.81143386466286e-21, nan 
176.125, 81.625, 5.1007408806199305e-21, nan 
176.375, 81.625, 5.275813647730401e-21, nan 
176.625, 81.625, 5.149286884441877e-21, nan 
176.875, 81.625, 4.690093507747014e-21, nan 
177.125, 81.625, 4.898843021803576e-21, nan 
177.375, 81.625, 4.422234695300672e-21, nan 
177.625, 81.625, 4.402723606359413e-21, nan 
177.875, 81.625, 4.1632251071226615e-21, nan 
178.125, 81.625, 4.173413560908712e-21, nan 
178.375, 81.625, 4.192758081955093e-21, nan 
178.625, 81.625, 4.116927969122867e-21, nan 
178.875, 81.625, 3.7832996129456836e-21, nan 
179.125, 81.625, 3.7838120824984685e-21, nan 
179.375, 81.625, 3.572248556113387e-21, nan 
179.625, 81.625, 3.529481015360887e-21, nan 
179.875, 81.625, 3.697036752913999e-21, nan 
-179.875, 81.875, 2.3973051734702034e-21, nan 
-179.625, 81.875, 2.341584240223116e-21, nan 
-179.375, 81.875, 2.23309896014911e-21, nan 
-179.125, 81.875, 2.357479358452864e-21, nan 
-178.875, 81.875, 2.315844707215128e-21, nan 
-178.625, 81.875, 2.2792932872565312e-21, nan 
-178.375, 81.875, 2.1002583865140975e-21, nan 
-178.125, 81.875, 2.2540250577754653e-21, nan 
-177.875, 81.875, 2.268049388453384e-21, nan 
-177.625, 81.875, 2.260322879671567e-21, nan 
-177.375, 81.875, 1.959470974564736e-21, nan 
-177.125, 81.875, 2.1010296162401763e-21, nan 
-176.875, 81.875, 2.025595776536938e-21, nan 
-176.625, 81.875, 2.0493375812763618e-21, nan 
-176.375, 81.875, 2.0027960788589707e-21, nan 
-176.125, 81.875, 2.0066675263225605e-21, nan 
-175.875, 81.875, 1.901794207303254e-21, nan 
-175.625, 81.875, 2.1581282258970395e-21, nan 
-175.375, 81.875, 2.188563713124426e-21, nan 
-175.125, 81.875, 2.14335014752648e-21, nan 
-174.875, 81.875, 2.119606861213888e-21, nan 
-174.625, 81.875, 2.3378586352888856e-21, nan 
-174.375, 81.875, 2.6579432043155243e-21, nan 
-174.125, 81.875, 2.470488704743188e-21, nan 
-173.875, 81.875, 2.6072755171544134e-21, nan 
-173.625, 81.875, 2.9333832484273486e-21, nan 
-173.375, 81.875, 2.7125194355709334e-21, nan 
-173.125, 81.875, 2.4108956978158218e-21, nan 
-172.875, 81.875, 2.6717419487333336e-21, nan 
-172.625, 81.875, 3.587924402508337e-21, nan 
-172.375, 81.875, 3.1239055649610814e-21, nan 
-172.125, 81.875, 3.400403493975072e-21, nan 
-171.875, 81.875, 4.653838643922437e-21, nan 
-171.625, 81.875, 3.608604532399236e-21, nan 
-171.375, 81.875, 2.4445391987130533e-21, nan 
-171.125, 81.875, 1.9714942483447483e-21, nan 
-170.875, 81.875, 2.2975877001548327e-21, nan 
-170.625, 81.875, 4.5244541015487754e-21, nan 
-170.375, 81.875, 4.383483154280581e-21, nan 
-170.125, 81.875, 5.407424727029801e-21, nan 
-169.875, 81.875, 6.693603676877506e-21, nan 
-169.625, 81.875, 1.2048166237636204e-20, nan 
-169.375, 81.875, 2.1449169256577608e-20, nan 
-169.125, 81.875, 8.021878926176641e-21, nan 
-168.875, 81.875, 1.1929458712377588e-21, nan 
-168.625, 81.875, 1.0777053192409583e-21, nan 
-168.375, 81.875, 1.2786975509216726e-21, nan 
-168.125, 81.875, 1.3212507124830991e-21, nan 
-167.875, 81.875, 1.6838929482113719e-21, nan 
-167.625, 81.875, 2.0415196283758873e-21, nan 
-167.375, 81.875, 1.9366761748579333e-21, nan 
-167.125, 81.875, 1.839574820475932e-21, nan 
-166.875, 81.875, 1.903215799969527e-21, nan 
-166.625, 81.875, 1.8439868665773556e-21, nan 
-166.375, 81.875, 1.5349811876546996e-21, nan 
-166.125, 81.875, 1.6898401550553465e-21, nan 
-165.875, 81.875, 1.908003852953814e-21, nan 
-165.625, 81.875, 1.9155210215874604e-21, nan 
-165.375, 81.875, 1.6207299313088767e-21, nan 
-165.125, 81.875, 1.7819687495243688e-21, nan 
-164.875, 81.875, 1.8097750748227503e-21, nan 
-164.625, 81.875, 1.717502625215883e-21, nan 
-164.375, 81.875, 1.6183150501546323e-21, nan 
-164.125, 81.875, 1.5922318576256972e-21, nan 
-163.875, 81.875, 1.5654611668718756e-21, nan 
-163.625, 81.875, 1.427467217161954e-21, nan 
-163.375, 81.875, 1.4246993889494675e-21, nan 
-163.125, 81.875, 1.3994689670606013e-21, nan 
-162.875, 81.875, 1.2949291798591601e-21, nan 
-162.625, 81.875, 1.2840466627468246e-21, nan 
-162.375, 81.875, 1.218833994584795e-21, nan 
-162.125, 81.875, 1.1498077643735732e-21, nan 
-161.875, 81.875, 1.1027149773684499e-21, nan 
-161.625, 81.875, 1.0716271381707444e-21, nan 
-161.375, 81.875, 1.054557157513309e-21, nan 
-161.125, 81.875, 9.909499930904349e-22, nan 
-160.875, 81.875, 9.349959564917752e-22, nan 
-160.625, 81.875, 8.920191497025078e-22, nan 
-160.375, 81.875, 8.954287881322171e-22, nan 
-160.125, 81.875, 8.89261536811785e-22, nan 
-159.875, 81.875, 8.552569392067484e-22, nan 
-159.625, 81.875, 7.783626895703927e-22, nan 
-159.375, 81.875, 7.205445318840595e-22, nan 
-159.125, 81.875, 7.106243278531681e-22, nan 
-158.875, 81.875, 7.16172523422929e-22, nan 
-158.625, 81.875, 7.24295370810592e-22, nan 
-158.375, 81.875, 7.22106220693425e-22, nan 
-158.125, 81.875, 6.680428919444156e-22, nan 
-157.875, 81.875, 6.460433605241834e-22, nan 
-157.625, 81.875, 6.59130357220683e-22, nan 
-157.375, 81.875, 6.624386551573047e-22, nan 
-157.125, 81.875, 6.624241531947617e-22, nan 
-156.875, 81.875, 6.291018962610416e-22, nan 
-156.625, 81.875, 6.104075908334558e-22, nan 
-156.375, 81.875, 6.373372465744371e-22, nan 
-156.125, 81.875, 6.162831130593963e-22, nan 
-155.875, 81.875, 6.03162274505367e-22, nan 
-155.625, 81.875, 5.636705558000607e-22, nan 
-155.375, 81.875, 5.653405374297056e-22, nan 
-155.125, 81.875, 5.61820903279253e-22, nan 
-154.875, 81.875, 5.719259761919972e-22, nan 
-154.625, 81.875, 5.34305014883699e-22, nan 
-154.375, 81.875, 5.413181496538374e-22, nan 
-154.125, 81.875, 5.210183697313232e-22, nan 
-153.875, 81.875, 5.060200282449241e-22, nan 
-153.625, 81.875, 5.028607008410651e-22, nan 
-153.375, 81.875, 4.7858408458830045e-22, nan 
-153.125, 81.875, 4.671207777634006e-22, nan 
-152.875, 81.875, 4.535723260903966e-22, nan 
-152.625, 81.875, 4.566122651033964e-22, nan 
-152.375, 81.875, 4.414921617455357e-22, nan 
-152.125, 81.875, 4.471754473788692e-22, nan 
-151.875, 81.875, 4.397155825535094e-22, nan 
-151.625, 81.875, 4.202593812893086e-22, nan 
-151.375, 81.875, 4.0075402319787965e-22, nan 
-151.125, 81.875, 4.06035976372701e-22, nan 
-150.875, 81.875, 3.823744353497556e-22, nan 
-150.625, 81.875, 3.957208512255398e-22, nan 
-150.375, 81.875, 3.579519720758603e-22, nan 
-150.125, 81.875, 3.664466707410873e-22, nan 
-149.875, 81.875, 3.660977850555628e-22, nan 
-149.625, 81.875, 3.5397633093916634e-22, nan 
-149.375, 81.875, 3.289188602966283e-22, nan 
-149.125, 81.875, 3.406319986015865e-22, nan 
-148.875, 81.875, 3.0953356794346937e-22, nan 
-148.625, 81.875, 3.047841484529608e-22, nan 
-148.375, 81.875, 3.0055346068788532e-22, nan 
-148.125, 81.875, 2.9758645170167674e-22, nan 
-147.875, 81.875, 3.033390298826493e-22, nan 
-147.625, 81.875, 2.705391379891871e-22, nan 
-147.375, 81.875, 2.5827254863887654e-22, nan 
-147.125, 81.875, 2.5106980176056687e-22, nan 
-146.875, 81.875, 2.5450526165058315e-22, nan 
-146.625, 81.875, 2.3675529464365743e-22, nan 
-146.375, 81.875, 2.4548783250067224e-22, nan 
-146.125, 81.875, 2.3461350765741928e-22, nan 
-145.875, 81.875, 2.3611821282633633e-22, nan 
-145.625, 81.875, 2.215077228223376e-22, nan 
-145.375, 81.875, 2.0924028263676119e-22, nan 
-145.125, 81.875, 2.2361380711960966e-22, nan 
-144.875, 81.875, 2.2441427895123946e-22, nan 
-144.625, 81.875, 2.0498410607477219e-22, nan 
-144.375, 81.875, 1.9085488760986417e-22, nan 
-144.125, 81.875, 1.9641719028404715e-22, nan 
-143.875, 81.875, 2.153866394052651e-22, nan 
-143.625, 81.875, 1.892745607917912e-22, nan 
-143.375, 81.875, 1.741384112972251e-22, nan 
-143.125, 81.875, 1.8861159383620386e-22, nan 
-142.875, 81.875, 2.0645936549862947e-22, nan 
-142.625, 81.875, 1.7740342030238724e-22, nan 
-142.375, 81.875, 1.7539520171869438e-22, nan 
-142.125, 81.875, 1.8656781660504576e-22, nan 
-141.875, 81.875, 1.8062001973901643e-22, nan 
-141.625, 81.875, 1.7083475339439637e-22, nan 
-141.375, 81.875, 1.6713000904390595e-22, nan 
-141.125, 81.875, 1.7855705028945492e-22, nan 
-140.875, 81.875, 1.7330191719856618e-22, nan 
-140.625, 81.875, 1.678249712583921e-22, nan 
-140.375, 81.875, 1.6920237364815095e-22, nan 
-140.125, 81.875, 1.6426498335065733e-22, nan 
-139.875, 81.875, 1.6513143402132792e-22, nan 
-139.625, 81.875, 1.6838320279262847e-22, nan 
-139.375, 81.875, 1.728051773795429e-22, nan 
-139.125, 81.875, 1.604606810877693e-22, nan 
-138.875, 81.875, 1.4667392087977275e-22, nan 
-138.625, 81.875, 1.562507978612695e-22, nan 
-138.375, 81.875, 1.5503059060499481e-22, nan 
-138.125, 81.875, 1.490306602967607e-22, nan 
-137.875, 81.875, 1.518223926919927e-22, nan 
-137.625, 81.875, 1.4969636541960918e-22, nan 
-137.375, 81.875, 1.5168510587662048e-22, nan 
-137.125, 81.875, 1.589412999787808e-22, nan 
-136.875, 81.875, 1.6010502748875572e-22, nan 
-136.625, 81.875, 1.5958287346595116e-22, nan 
-136.375, 81.875, 1.711915646663043e-22, nan 
-136.125, 81.875, 2.0877653761098793e-22, nan 
-135.875, 81.875, 2.1214398084329676e-22, nan 
-135.625, 81.875, 1.9885688727394132e-22, nan 
-135.375, 81.875, 1.8560955794079526e-22, nan 
-135.125, 81.875, 1.9441707826015535e-22, nan 
-134.875, 81.875, 1.7378833970851533e-22, nan 
-134.625, 81.875, 1.9290909631920947e-22, nan 
-134.375, 81.875, 2.177741919038252e-22, nan 
-134.125, 81.875, 2.2484462489246254e-22, nan 
-133.875, 81.875, 2.3843710386552816e-22, nan 
-133.625, 81.875, 2.2300543213937543e-22, nan 
-133.375, 81.875, 1.8603009894724409e-22, nan 
-133.125, 81.875, 1.7472492134496212e-22, nan 
-132.875, 81.875, 1.8934884736676877e-22, nan 
-132.625, 81.875, 1.7584234952475446e-22, nan 
-132.375, 81.875, 2.0602927932169058e-22, nan 
-132.125, 81.875, 4.1641599695606046e-22, nan 
-131.875, 81.875, 4.276480450355446e-22, nan 
-131.625, 81.875, 4.480628012693469e-22, nan 
-131.375, 81.875, 4.500717231719855e-22, nan 
-131.125, 81.875, 4.454317502613242e-22, nan 
-130.875, 81.875, 5.973641956352059e-22, nan 
-130.625, 81.875, 7.519875403807037e-22, nan 
-130.375, 81.875, 8.347186141898999e-22, nan 
-130.125, 81.875, 6.802150495482386e-22, nan 
-129.875, 81.875, 7.086172162990782e-22, nan 
-129.625, 81.875, 9.317778922715864e-22, nan 
-129.375, 81.875, 9.318672085063267e-22, nan 
-129.125, 81.875, 7.586531976313101e-22, nan 
-128.875, 81.875, 7.115593443122725e-22, nan 
-128.625, 81.875, 7.991646919530066e-22, nan 
-128.375, 81.875, 7.610887993682663e-22, nan 
-128.125, 81.875, 7.623524200775471e-22, nan 
-127.875, 81.875, 8.847723156634306e-22, nan 
-127.625, 81.875, 8.795510552329869e-22, nan 
-127.375, 81.875, 8.3874308206794585e-22, nan 
-127.125, 81.875, 7.676296023277789e-22, nan 
-126.875, 81.875, 7.005169792413521e-22, nan 
-126.625, 81.875, 3.289968264106121e-22, nan 
-126.375, 81.875, 2.4741303646670296e-22, nan 
-126.125, 81.875, 2.4028337097150192e-22, nan 
-125.875, 81.875, 2.5873338642097945e-22, nan 
-125.625, 81.875, 2.7898636732516516e-22, nan 
-125.375, 81.875, 2.4853884948814474e-22, nan 
-125.125, 81.875, 2.3946241248469584e-22, nan 
-124.875, 81.875, 2.472037842013146e-22, nan 
-124.625, 81.875, 2.324229434048498e-22, nan 
-124.375, 81.875, 2.4655815001690133e-22, nan 
-124.125, 81.875, 2.7677687522027415e-22, nan 
-123.875, 81.875, 2.973304425776097e-22, nan 
-123.625, 81.875, 3.1923423983930136e-22, nan 
-123.375, 81.875, 3.613259104191881e-22, nan 
-123.125, 81.875, 4.614427236669652e-22, nan 
-122.875, 81.875, 4.79509128564419e-22, nan 
-122.625, 81.875, 4.956073526730848e-22, nan 
-122.375, 81.875, 5.132525809224063e-22, nan 
-122.125, 81.875, 5.839752498881735e-22, nan 
-121.875, 81.875, 6.928248807060017e-22, nan 
-121.625, 81.875, 7.135780778721726e-22, nan 
-121.375, 81.875, 6.7600445308954475e-22, nan 
-121.125, 81.875, 5.879842240653857e-22, nan 
-120.875, 81.875, 8.77893062928091e-22, nan 
-120.625, 81.875, 1.146727867122574e-21, nan 
-120.375, 81.875, 1.212574965004543e-21, nan 
-120.125, 81.875, 1.2993517420626496e-21, nan 
-119.875, 81.875, 1.3408953393555458e-21, nan 
-119.625, 81.875, 1.2912775872517632e-21, nan 
-119.375, 81.875, 1.1386373072671017e-21, nan 
-119.125, 81.875, 9.369826049373826e-22, nan 
-118.875, 81.875, 1.0773769780334025e-21, nan 
-118.625, 81.875, 1.0571147109396042e-21, nan 
-118.375, 81.875, 6.777465627615187e-22, nan 
-118.125, 81.875, 4.522070420087888e-22, nan 
-117.875, 81.875, 4.77095865566597e-22, nan 
-117.625, 81.875, 4.579663235308048e-22, nan 
-117.375, 81.875, 6.866712968512569e-22, nan 
-117.125, 81.875, 6.693827264495608e-22, nan 
-116.875, 81.875, 6.049731209036547e-22, nan 
-116.625, 81.875, 6.219580326797785e-22, nan 
-116.375, 81.875, 1.0812304552640334e-21, nan 
-116.125, 81.875, 1.0686632231882942e-21, nan 
-115.875, 81.875, 1.0646796964733874e-21, nan 
-115.625, 81.875, 1.0297328527978882e-21, nan 
-115.375, 81.875, 1.0492803804651595e-21, nan 
-115.125, 81.875, 7.392492569396369e-22, nan 
-114.875, 81.875, 6.7033206756971965e-22, nan 
-114.625, 81.875, 5.598315856374975e-22, nan 
-114.375, 81.875, 4.9899664871028285e-22, nan 
-114.125, 81.875, 4.363006861024347e-22, nan 
-113.875, 81.875, 4.461033820982917e-22, nan 
-113.625, 81.875, 4.413352205613414e-22, nan 
-113.375, 81.875, 4.390548651178216e-22, nan 
-113.125, 81.875, 5.298463156573323e-22, nan 
-112.875, 81.875, 5.630385679745149e-22, nan 
-112.625, 81.875, 5.549918508293836e-22, nan 
-112.375, 81.875, 5.011346193103898e-22, nan 
-112.125, 81.875, 4.590141597658635e-22, nan 
-111.875, 81.875, 3.585754327532675e-22, nan 
-111.625, 81.875, 3.15900479764706e-22, nan 
-111.375, 81.875, 3.9544413823465796e-22, nan 
-111.125, 81.875, 4.317301699660361e-22, nan 
-110.875, 81.875, 4.163333425007642e-22, nan 
-110.625, 81.875, 3.780647392758709e-22, nan 
-110.375, 81.875, 3.4679262586550264e-22, nan 
-110.125, 81.875, 2.522710184124301e-22, nan 
-109.875, 81.875, 2.170872968076404e-22, nan 
-109.625, 81.875, 1.3935822268863624e-22, nan 
-109.375, 81.875, 1.4313809710796222e-22, nan 
-109.125, 81.875, 1.415146170126824e-22, nan 
-108.875, 81.875, 1.397989230767103e-22, nan 
-108.625, 81.875, 1.2668526340847353e-22, nan 
-108.375, 81.875, 1.2591737366002546e-22, nan 
-108.125, 81.875, 1.128339916710279e-22, nan 
-107.875, 81.875, 1.4723569674047067e-22, nan 
-107.625, 81.875, 1.41651409071596e-22, nan 
-107.375, 81.875, 1.2743745869330098e-22, nan 
-107.125, 81.875, 1.3467402753478526e-22, nan 
-106.875, 81.875, 1.6939975892701914e-22, nan 
-106.625, 81.875, 1.6348514417235026e-22, nan 
-106.375, 81.875, 1.5501866012356132e-22, nan 
-106.125, 81.875, 1.792285688042841e-22, nan 
-105.875, 81.875, 1.9462023429664512e-22, nan 
-105.625, 81.875, 2.1558073090370664e-22, nan 
-105.375, 81.875, 2.0196884197671421e-22, nan 
-105.125, 81.875, 2.2737269746302787e-22, nan 
-104.875, 81.875, 3.330079487706732e-22, nan 
-104.625, 81.875, 3.426111578415446e-22, nan 
-104.375, 81.875, 2.948522843337915e-22, nan 
-104.125, 81.875, 2.752116553086737e-22, nan 
-103.875, 81.875, 2.508218007400232e-22, nan 
-103.625, 81.875, 2.1339163204682454e-22, nan 
-103.375, 81.875, 2.0142513666796854e-22, nan 
-103.125, 81.875, 2.1011316914508955e-22, nan 
-102.875, 81.875, 2.1131902011297896e-22, nan 
-102.625, 81.875, 2.018514887799797e-22, nan 
-102.375, 81.875, 2.3427129868441967e-22, nan 
-102.125, 81.875, 2.122790842213104e-22, nan 
-101.875, 81.875, 2.51778022751866e-22, nan 
-101.625, 81.875, 2.5269373858642728e-22, nan 
-101.375, 81.875, 2.2380208594811847e-22, nan 
-101.125, 81.875, 2.195719003009141e-22, nan 
-100.875, 81.875, 2.388438612406273e-22, nan 
-100.625, 81.875, 1.9388112172673877e-22, nan 
-100.375, 81.875, 1.755541733467877e-22, nan 
-100.125, 81.875, 1.7893517792298106e-22, nan 
-99.875, 81.875, 1.771384455036187e-22, nan 
-99.625, 81.875, 1.388970546996369e-22, nan 
-99.375, 81.875, 1.2226544707298155e-22, nan 
-99.125, 81.875, 1.2856798112533926e-22, nan 
-98.875, 81.875, 1.4226922704845687e-22, nan 
-98.625, 81.875, 1.3648421864045178e-22, nan 
-98.375, 81.875, 1.197405336054846e-22, nan 
-98.125, 81.875, 1.1556924001845353e-22, nan 
-97.875, 81.875, 9.197744401503988e-23, nan 
-97.625, 81.875, 1.0906314107099158e-22, nan 
-97.375, 81.875, 8.955804342834248e-23, nan 
-97.125, 81.875, 1.1165481821617784e-22, nan 
-96.875, 81.875, 1.2005160258466273e-22, nan 
-96.625, 81.875, 1.1639551844158108e-22, nan 
-96.375, 81.875, 1.1680943943071802e-22, nan 
-96.125, 81.875, 1.192912693405639e-22, nan 
-95.875, 81.875, 1.404238417652728e-22, nan 
-95.625, 81.875, 1.233196422923242e-22, nan 
-95.375, 81.875, 1.3965317386439025e-22, nan 
-95.125, 81.875, 1.3241987523098596e-22, nan 
-94.875, 81.875, 1.4305446898810477e-22, nan 
-94.625, 81.875, 1.4952964362479116e-22, nan 
-94.375, 81.875, 1.5431755915638172e-22, nan 
-94.125, 81.875, 1.9029211944514354e-22, nan 
-93.875, 81.875, 3.1083141088379264e-22, nan 
-93.625, 81.875, 3.7623791258366507e-22, nan 
-93.375, 81.875, 3.647871176170644e-22, nan 
-93.125, 81.875, 3.0411523377826696e-22, nan 
-92.875, 81.875, 2.5205765992843317e-22, nan 
-92.625, 81.875, 2.8814665882328645e-22, nan 
-92.375, 81.875, 2.6147108365464394e-22, nan 
-92.125, 81.875, 6.03404650972913e-22, nan 
-91.875, 81.875, 5.604501003362043e-22, nan 
-91.625, 81.875, 4.693157950713003e-22, nan 
-91.375, 81.875, 5.440936698282886e-22, nan 
-91.125, 81.875, 2.3307122331849366e-22, nan 
-90.875, 81.875, 2.1824990415339493e-22, nan 
-90.625, 81.875, 1.9661495376153727e-22, nan 
-90.375, 81.875, 1.8726974530169769e-22, nan 
-90.125, 81.875, 2.5251509863043653e-22, nan 
-89.875, 81.875, 5.028288641461898e-22, nan 
-89.625, 81.875, 3.215367745573862e-22, nan 
-89.375, 81.875, 2.524365616916165e-22, nan 
-89.125, 81.875, 5.068047745649221e-22, nan 
-88.875, 81.875, 5.247903593229754e-22, nan 
-88.625, 81.875, 5.447106705214612e-22, nan 
-88.375, 81.875, 5.093141548943592e-22, nan 
-88.125, 81.875, 6.244774973974573e-22, nan 
-87.875, 81.875, 6.360254088380282e-22, nan 
-87.625, 81.875, 6.9799770054196e-22, nan 
59.875, 81.875, 1.6207191211234991e-22, nan 
60.125, 81.875, 1.1784909671571042e-22, nan 
60.375, 81.875, 1.0325681363831571e-22, nan 
60.625, 81.875, 1.2139349443336199e-22, nan 
60.875, 81.875, 8.956483105326777e-23, nan 
61.125, 81.875, 6.849208248860275e-23, nan 
61.375, 81.875, 6.226883215618777e-23, nan 
61.625, 81.875, 1.9529093836906022e-22, nan 
61.875, 81.875, 3.2673321811172514e-22, nan 
62.125, 81.875, 3.703026822511605e-22, nan 
62.375, 81.875, 3.260385768507771e-22, nan 
62.625, 81.875, 3.5354710661390596e-22, nan 
62.875, 81.875, 2.903614646042023e-22, nan 
63.125, 81.875, 2.279182675937388e-22, nan 
63.375, 81.875, 2.260816947639162e-22, nan 
63.625, 81.875, 4.226585812219008e-22, nan 
63.875, 81.875, 5.110475081633488e-22, nan 
64.125, 81.875, 4.575722911567615e-22, nan 
64.375, 81.875, 5.799022466675647e-22, nan 
64.625, 81.875, 4.8951494733144055e-22, nan 
64.875, 81.875, 4.782935642647243e-22, nan 
65.125, 81.875, 4.699040289007266e-22, nan 
65.375, 81.875, 4.294376779129585e-22, nan 
65.625, 81.875, 4.189299826471858e-22, nan 
65.875, 81.875, 3.65761850544215e-22, nan 
66.125, 81.875, 3.9231875829853147e-22, nan 
66.375, 81.875, 3.9043202539932602e-22, nan 
66.625, 81.875, 3.963679197630053e-22, nan 
66.875, 81.875, 3.364119390100677e-22, nan 
67.125, 81.875, 3.482795200465138e-22, nan 
67.375, 81.875, 3.3497730579019304e-22, nan 
67.625, 81.875, 3.1614871246723586e-22, nan 
67.875, 81.875, 3.698532351221866e-22, nan 
68.125, 81.875, 3.2339788048954616e-22, nan 
68.375, 81.875, 3.2816105396584066e-22, nan 
68.625, 81.875, 3.2311092686522942e-22, nan 
68.875, 81.875, 2.8948882681590786e-22, nan 
69.125, 81.875, 2.2639606577083523e-22, nan 
69.375, 81.875, 1.5185330085112806e-22, nan 
69.625, 81.875, 1.5497679644654782e-22, nan 
69.875, 81.875, 8.942931249411085e-23, nan 
70.125, 81.875, 1.7433039981838487e-22, nan 
70.375, 81.875, 2.3474924821524243e-22, nan 
70.625, 81.875, 2.826399581475131e-22, nan 
70.875, 81.875, 2.8967491791889133e-22, nan 
71.125, 81.875, 1.8041525840101735e-22, nan 
71.375, 81.875, 2.5241810003037094e-22, nan 
71.625, 81.875, 4.1603936743104907e-22, nan 
71.875, 81.875, 5.255226573147702e-22, nan 
72.125, 81.875, 5.244335813510006e-22, nan 
72.375, 81.875, 4.487226271695193e-22, nan 
72.625, 81.875, 3.04302930812719e-22, nan 
72.875, 81.875, 1.7588273191897758e-22, nan 
73.125, 81.875, 5.054750056276496e-22, nan 
73.375, 81.875, 8.432126449703698e-22, nan 
73.625, 81.875, 1.1205744546854382e-21, nan 
73.875, 81.875, 9.920174701256418e-22, nan 
74.125, 81.875, 8.217988709344079e-22, nan 
74.375, 81.875, 5.894924563245312e-22, nan 
74.625, 81.875, 5.818797448674658e-22, nan 
74.875, 81.875, 8.309973204983651e-22, nan 
75.125, 81.875, 1.006792590696685e-21, nan 
75.375, 81.875, 9.43194145184957e-22, nan 
75.625, 81.875, 8.09927074276558e-22, nan 
75.875, 81.875, 7.495810776077931e-22, nan 
76.125, 81.875, 5.492772168021611e-22, nan 
76.375, 81.875, 2.70420164069005e-22, nan 
76.625, 81.875, 1.6422169448284028e-22, nan 
76.875, 81.875, 1.0252479970602463e-22, nan 
77.125, 81.875, 1.3348067763249677e-22, nan 
77.375, 81.875, 9.591297000153958e-23, nan 
77.625, 81.875, 1.7029320780195298e-22, nan 
77.875, 81.875, 2.504223766780257e-22, nan 
78.125, 81.875, 3.1447157034834703e-22, nan 
78.375, 81.875, 4.600212627796651e-22, nan 
78.625, 81.875, 3.613961169900507e-22, nan 
78.875, 81.875, 3.462833793870873e-22, nan 
79.125, 81.875, 5.176516694918183e-22, nan 
79.375, 81.875, 4.968214038625711e-22, nan 
79.625, 81.875, 3.9991415339331057e-22, nan 
79.875, 81.875, 3.855239609183578e-22, nan 
80.125, 81.875, 5.689133545602451e-22, nan 
80.375, 81.875, 3.657609922962552e-22, nan 
80.625, 81.875, 2.3778774723300737e-22, nan 
80.875, 81.875, 3.275170804099186e-22, nan 
81.125, 81.875, 5.267943175256119e-22, nan 
81.375, 81.875, 3.142789970626379e-22, nan 
81.625, 81.875, 3.165486585830501e-22, nan 
81.875, 81.875, 3.69888866510802e-22, nan 
82.125, 81.875, 3.0432560858144214e-22, nan 
82.375, 81.875, 2.6176688175169e-22, nan 
82.625, 81.875, 2.9088842392787664e-22, nan 
82.875, 81.875, 4.0300607354301317e-22, nan 
83.125, 81.875, 3.5554111675692622e-22, nan 
83.375, 81.875, 3.9055680917965794e-22, nan 
83.625, 81.875, 3.8289051214392586e-22, nan 
83.875, 81.875, 4.0637002461061926e-22, nan 
84.125, 81.875, 4.370087419661626e-22, nan 
84.375, 81.875, 4.665585128161618e-22, nan 
84.625, 81.875, 4.301789054935811e-22, nan 
84.875, 81.875, 3.6215903270740966e-22, nan 
85.125, 81.875, 3.416975398955489e-22, nan 
85.375, 81.875, 3.871195940005535e-22, nan 
85.625, 81.875, 3.6555948767762156e-22, nan 
85.875, 81.875, 3.0464287469383194e-22, nan 
86.125, 81.875, 3.5022033186284523e-22, nan 
86.375, 81.875, 3.703485343779618e-22, nan 
86.625, 81.875, 2.115857709803389e-22, nan 
86.875, 81.875, 3.918511009060618e-22, nan 
87.125, 81.875, 3.6855049185635573e-22, nan 
87.375, 81.875, 4.206956111628182e-22, nan 
87.625, 81.875, 4.529200291081532e-22, nan 
87.875, 81.875, 4.966475098699173e-22, nan 
88.125, 81.875, 5.044703112942911e-22, nan 
88.375, 81.875, 4.72025052188152e-22, nan 
88.625, 81.875, 4.907631633398627e-22, nan 
88.875, 81.875, 4.692185132524964e-22, nan 
89.125, 81.875, 4.869053790232356e-22, nan 
89.375, 81.875, 5.668454923588342e-22, nan 
89.625, 81.875, 5.682412456971189e-22, nan 
89.875, 81.875, 4.74171578421276e-22, nan 
90.125, 81.875, 4.01715564838263e-22, nan 
90.375, 81.875, 4.0625676082534377e-22, nan 
90.625, 81.875, 3.9963952924058973e-22, nan 
90.875, 81.875, 5.190512510786654e-22, nan 
91.125, 81.875, 5.127004031837062e-22, nan 
91.375, 81.875, 4.78804406613819e-22, nan 
91.625, 81.875, 4.991098134222076e-22, nan 
91.875, 81.875, 4.608150083501796e-22, nan 
92.125, 81.875, 3.78070393679836e-22, nan 
92.375, 81.875, 3.955422083937816e-22, nan 
92.625, 81.875, 4.367750891300843e-22, nan 
92.875, 81.875, 3.4389222648954984e-22, nan 
93.125, 81.875, 3.571212621217834e-22, nan 
93.375, 81.875, 3.8851730397218653e-22, nan 
93.625, 81.875, 3.0963481520448767e-22, nan 
93.875, 81.875, 3.1966256084160747e-22, nan 
94.125, 81.875, 3.006702569083035e-22, nan 
94.375, 81.875, 3.207980379493884e-22, nan 
94.625, 81.875, 3.394402117537006e-22, nan 
94.875, 81.875, 3.393158472682771e-22, nan 
95.125, 81.875, 4.1104451960687184e-22, nan 
95.375, 81.875, 3.0644237510221983e-22, nan 
95.625, 81.875, 2.937548624417298e-22, nan 
95.875, 81.875, 4.0910986705945515e-22, nan 
96.125, 81.875, 3.163211329996801e-22, nan 
96.375, 81.875, 5.1142156030302685e-22, nan 
96.625, 81.875, 3.9867417572963936e-22, nan 
96.875, 81.875, 3.1027214796900787e-22, nan 
97.125, 81.875, 5.753777432626397e-22, nan 
97.375, 81.875, 5.74024649183622e-22, nan 
97.625, 81.875, 5.024101098239586e-22, nan 
97.875, 81.875, 4.019048302672078e-22, nan 
98.125, 81.875, 4.540865436403802e-22, nan 
98.375, 81.875, 5.3667471487468295e-22, nan 
98.625, 81.875, 3.747759344128716e-22, nan 
98.875, 81.875, 5.188136079153342e-22, nan 
99.125, 81.875, 4.873221155719777e-22, nan 
99.375, 81.875, 4.791651893155963e-22, nan 
99.625, 81.875, 4.488080387743009e-22, nan 
99.875, 81.875, 4.333794525373592e-22, nan 
100.125, 81.875, 5.308591081446631e-22, nan 
100.375, 81.875, 5.139670433718162e-22, nan 
100.625, 81.875, 4.52332996872541e-22, nan 
100.875, 81.875, 4.357159135398548e-22, nan 
101.125, 81.875, 5.60424641385066e-22, nan 
101.375, 81.875, 5.425321514239605e-22, nan 
101.625, 81.875, 5.653736532489737e-22, nan 
101.875, 81.875, 5.683869900336822e-22, nan 
102.125, 81.875, 6.498192142719163e-22, nan 
102.375, 81.875, 6.808697924828578e-22, nan 
102.625, 81.875, 6.337891660856664e-22, nan 
102.875, 81.875, 6.425905683991146e-22, nan 
103.125, 81.875, 7.798479443958473e-22, nan 
103.375, 81.875, 6.942936692907299e-22, nan 
103.625, 81.875, 6.977874836368195e-22, nan 
103.875, 81.875, 7.561329337770184e-22, nan 
104.125, 81.875, 7.884667942620069e-22, nan 
104.375, 81.875, 7.76033894407518e-22, nan 
104.625, 81.875, 7.870178707201433e-22, nan 
104.875, 81.875, 7.653446107817477e-22, nan 
105.125, 81.875, 7.368922180599559e-22, nan 
105.375, 81.875, 7.300711230633302e-22, nan 
105.625, 81.875, 6.902386723042167e-22, nan 
105.875, 81.875, 6.897797576005889e-22, nan 
106.125, 81.875, 5.845722577512887e-22, nan 
106.375, 81.875, 5.800362805314337e-22, nan 
106.625, 81.875, 5.438114373630308e-22, nan 
106.875, 81.875, 4.379251312954271e-22, nan 
107.125, 81.875, 3.925936755623694e-22, nan 
107.375, 81.875, 4.227682774655568e-22, nan 
107.625, 81.875, 4.465626867459623e-22, nan 
107.875, 81.875, 3.1274963481665807e-22, nan 
108.125, 81.875, 1.2913191929926758e-22, nan 
108.375, 81.875, 1.4319367788978957e-22, nan 
108.625, 81.875, 2.0961191694512096e-22, nan 
108.875, 81.875, 2.293607256894416e-22, nan 
109.125, 81.875, 1.9922905909025191e-22, nan 
109.375, 81.875, 2.144538388429739e-22, nan 
109.625, 81.875, 2.051278517852624e-22, nan 
109.875, 81.875, 2.1912620822997345e-22, nan 
110.125, 81.875, 2.010209115935683e-22, nan 
110.375, 81.875, 1.8830916378091663e-22, nan 
110.625, 81.875, 1.808411359120471e-22, nan 
110.875, 81.875, 1.6938342908075707e-22, nan 
111.125, 81.875, 2.223487706149132e-22, nan 
111.375, 81.875, 2.466087979832353e-22, nan 
111.625, 81.875, 2.471405032672668e-22, nan 
111.875, 81.875, 2.308761079307374e-22, nan 
112.125, 81.875, 2.364181536147518e-22, nan 
112.375, 81.875, 2.124647119272361e-22, nan 
112.625, 81.875, 1.514190206411562e-22, nan 
112.875, 81.875, 1.1598552798907499e-22, nan 
113.125, 81.875, 1.423847020336295e-22, nan 
113.375, 81.875, 2.185575001660958e-22, nan 
113.625, 81.875, 2.2220937112054164e-22, nan 
113.875, 81.875, 1.9172233153451952e-22, nan 
114.125, 81.875, 2.181425979671615e-22, nan 
114.375, 81.875, 2.0134701166505563e-22, nan 
114.625, 81.875, 1.8188372815357532e-22, nan 
114.875, 81.875, 1.5983787269911533e-22, nan 
115.125, 81.875, 2.0664639747818305e-22, nan 
115.375, 81.875, 2.350979356232544e-22, nan 
115.625, 81.875, 2.2713024621587843e-22, nan 
115.875, 81.875, 1.9030565979358126e-22, nan 
116.125, 81.875, 2.319616884337213e-22, nan 
116.375, 81.875, 2.5298412781746746e-22, nan 
116.625, 81.875, 2.3911139049890374e-22, nan 
116.875, 81.875, 1.7027917433834873e-22, nan 
117.125, 81.875, 1.3042925511283267e-22, nan 
117.375, 81.875, 1.4702890871994802e-22, nan 
117.625, 81.875, 1.2622591167300516e-22, nan 
117.875, 81.875, 1.4518418005400912e-22, nan 
118.125, 81.875, 2.820853128256929e-22, nan 
118.375, 81.875, 2.493543501300294e-22, nan 
118.625, 81.875, 2.3285936623421363e-22, nan 
118.875, 81.875, 2.421335576051006e-22, nan 
119.125, 81.875, 2.2693329273221227e-22, nan 
119.375, 81.875, 2.0186238280441212e-22, nan 
119.625, 81.875, 2.1151849164393455e-22, nan 
119.875, 81.875, 3.0082290071401654e-22, nan 
120.125, 81.875, 2.7257585420750896e-22, nan 
120.375, 81.875, 2.9125810900882025e-22, nan 
120.625, 81.875, 2.969068586146076e-22, nan 
120.875, 81.875, 2.284941944196936e-22, nan 
121.125, 81.875, 1.9578039797577203e-22, nan 
121.375, 81.875, 1.591327309070661e-22, nan 
121.625, 81.875, 1.4807237658683762e-22, nan 
121.875, 81.875, 1.4679474910326595e-22, nan 
122.125, 81.875, 1.2931122098186898e-22, nan 
122.375, 81.875, 8.619796906981581e-23, nan 
122.625, 81.875, 1.3675705845092855e-22, nan 
122.875, 81.875, 1.4891313797765204e-22, nan 
123.125, 81.875, 1.456436313903865e-22, nan 
123.375, 81.875, 1.1813822081046675e-22, nan 
123.625, 81.875, 1.2536760949168744e-22, nan 
123.875, 81.875, 1.1320959887394867e-22, nan 
124.125, 81.875, 1.126021283245994e-22, nan 
124.375, 81.875, 9.26758985644239e-23, nan 
124.625, 81.875, 1.0064754339705433e-22, nan 
124.875, 81.875, 1.5577797590743482e-22, nan 
125.125, 81.875, 1.4455825687180648e-22, nan 
125.375, 81.875, 1.3150257892491946e-22, nan 
125.625, 81.875, 1.2888921449088508e-22, nan 
125.875, 81.875, 1.0879549210308812e-22, nan 
126.125, 81.875, 9.301490232765678e-23, nan 
126.375, 81.875, 1.1099677166185272e-22, nan 
126.625, 81.875, 1.2087466499268222e-22, nan 
126.875, 81.875, 9.326553672807209e-23, nan 
127.125, 81.875, 7.01558089069953e-23, nan 
127.375, 81.875, 6.104289516912165e-23, nan 
127.625, 81.875, 1.2644037699640001e-22, nan 
127.875, 81.875, 7.613837270762687e-23, nan 
128.125, 81.875, 1.5380251759891168e-22, nan 
128.375, 81.875, 1.8409504845247031e-22, nan 
128.625, 81.875, 1.2795364839138608e-22, nan 
128.875, 81.875, 1.2017830165827124e-22, nan 
129.125, 81.875, 1.0031013324890694e-22, nan 
129.375, 81.875, 1.4021773423740727e-22, nan 
129.625, 81.875, 1.1079070845757923e-22, nan 
129.875, 81.875, 1.6948376021204484e-22, nan 
130.125, 81.875, 1.4403298511925674e-22, nan 
130.375, 81.875, 1.8355027244920625e-22, nan 
130.625, 81.875, 2.5769196066451014e-22, nan 
130.875, 81.875, 2.7227813279779347e-22, nan 
131.125, 81.875, 1.7301718380395617e-22, nan 
131.375, 81.875, 1.9573441752172584e-22, nan 
131.625, 81.875, 2.2260685652449035e-22, nan 
131.875, 81.875, 2.1517686935841668e-22, nan 
132.125, 81.875, 2.6614053979788537e-22, nan 
132.375, 81.875, 2.811038702949045e-22, nan 
132.625, 81.875, 3.559260005811025e-22, nan 
132.875, 81.875, 3.5523939024375604e-22, nan 
133.125, 81.875, 2.7922114638662695e-22, nan 
133.375, 81.875, 2.2318158980450447e-22, nan 
133.625, 81.875, 2.682240157897429e-22, nan 
133.875, 81.875, 3.1015272715160663e-22, nan 
134.125, 81.875, 3.390407970173139e-22, nan 
134.375, 81.875, 3.5706984376707466e-22, nan 
134.625, 81.875, 3.069444715107713e-22, nan 
134.875, 81.875, 3.6989035252786487e-22, nan 
135.125, 81.875, 4.656199012949932e-22, nan 
135.375, 81.875, 4.597332371555385e-22, nan 
135.625, 81.875, 5.768405871323065e-22, nan 
135.875, 81.875, 5.7112068757315035e-22, nan 
136.125, 81.875, 6.560796469377966e-22, nan 
136.375, 81.875, 7.265327456372001e-22, nan 
136.625, 81.875, 7.385462715777085e-22, nan 
136.875, 81.875, 8.0637269119426115e-22, nan 
137.125, 81.875, 1.0189749112763209e-21, nan 
137.375, 81.875, 9.942782382154342e-22, nan 
137.625, 81.875, 6.892805009007764e-22, nan 
137.875, 81.875, 6.395880548893598e-22, nan 
138.125, 81.875, 7.098729255433047e-22, nan 
138.375, 81.875, 7.162076819138351e-22, nan 
138.625, 81.875, 6.592006011849478e-22, nan 
138.875, 81.875, 6.705393600731719e-22, nan 
139.125, 81.875, 6.053652151439407e-22, nan 
139.375, 81.875, 6.605551505557992e-22, nan 
139.625, 81.875, 5.980995793089086e-22, nan 
139.875, 81.875, 6.145887823248557e-22, nan 
140.125, 81.875, 6.290952626792935e-22, nan 
140.375, 81.875, 6.507350699664749e-22, nan 
140.625, 81.875, 7.631108649099169e-22, nan 
140.875, 81.875, 7.728099348719367e-22, nan 
141.125, 81.875, 8.595014119961568e-22, nan 
141.375, 81.875, 8.684288311526923e-22, nan 
141.625, 81.875, 8.676303985246027e-22, nan 
141.875, 81.875, 9.404953969100346e-22, nan 
142.125, 81.875, 1.0054313402464723e-21, nan 
142.375, 81.875, 9.960628820873953e-22, nan 
142.625, 81.875, 1.0357211355930717e-21, nan 
142.875, 81.875, 1.0878243380248581e-21, nan 
143.125, 81.875, 1.1152379554569542e-21, nan 
143.375, 81.875, 1.155039773830823e-21, nan 
143.625, 81.875, 1.1913817555185657e-21, nan 
143.875, 81.875, 1.2845848726715553e-21, nan 
144.125, 81.875, 1.3061179195824354e-21, nan 
144.375, 81.875, 1.3633312440964914e-21, nan 
144.625, 81.875, 1.3087977913285374e-21, nan 
144.875, 81.875, 1.5422939200943951e-21, nan 
145.125, 81.875, 1.7714372808841077e-21, nan 
145.375, 81.875, 1.5123546091765445e-21, nan 
145.625, 81.875, 1.487170130731383e-21, nan 
145.875, 81.875, 1.7564288359001148e-21, nan 
146.125, 81.875, 2.026210173771979e-21, nan 
146.375, 81.875, 1.831239655112129e-21, nan 
146.625, 81.875, 1.8366740584164317e-21, nan 
146.875, 81.875, 1.9687582428598217e-21, nan 
147.125, 81.875, 1.9390250727890966e-21, nan 
147.375, 81.875, 1.9210050535126095e-21, nan 
147.625, 81.875, 1.9720094921103467e-21, nan 
147.875, 81.875, 2.1223783768926143e-21, nan 
148.125, 81.875, 2.24080888123384e-21, nan 
148.375, 81.875, 2.1873321110027436e-21, nan 
148.625, 81.875, 2.131667400968783e-21, nan 
148.875, 81.875, 2.0166268277792875e-21, nan 
149.125, 81.875, 2.288099917271376e-21, nan 
149.375, 81.875, 2.3734482087705675e-21, nan 
149.625, 81.875, 2.3312681009057597e-21, nan 
149.875, 81.875, 2.3291695070932552e-21, nan 
150.125, 81.875, 2.6370974588927766e-21, nan 
150.375, 81.875, 2.646033503601681e-21, nan 
150.625, 81.875, 2.669415765250689e-21, nan 
150.875, 81.875, 2.5257832627045773e-21, nan 
151.125, 81.875, 2.642812641928462e-21, nan 
151.375, 81.875, 2.5785018803788882e-21, nan 
151.625, 81.875, 2.6121199616325385e-21, nan 
151.875, 81.875, 2.6207695768137037e-21, nan 
152.125, 81.875, 2.7844047965340807e-21, nan 
152.375, 81.875, 3.0748897164258945e-21, nan 
152.625, 81.875, 3.036869089538857e-21, nan 
152.875, 81.875, 2.8718964420511023e-21, nan 
153.125, 81.875, 2.927117813528187e-21, nan 
153.375, 81.875, 3.0914063202118145e-21, nan 
153.625, 81.875, 3.1495953870578144e-21, nan 
153.875, 81.875, 3.3011502149560992e-21, nan 
154.125, 81.875, 3.0348844722362634e-21, nan 
154.375, 81.875, 3.1622812528025775e-21, nan 
154.625, 81.875, 3.28348764119635e-21, nan 
154.875, 81.875, 3.1716981149242574e-21, nan 
155.125, 81.875, 3.1679391717750105e-21, nan 
155.375, 81.875, 3.1087610570654048e-21, nan 
155.625, 81.875, 3.221753214061124e-21, nan 
155.875, 81.875, 3.205607510984025e-21, nan 
156.125, 81.875, 3.690303570031852e-21, nan 
156.375, 81.875, 3.5505606540483934e-21, nan 
156.625, 81.875, 3.138326668861338e-21, nan 
156.875, 81.875, 3.244695384513552e-21, nan 
157.125, 81.875, 3.549549469539415e-21, nan 
157.375, 81.875, 3.5333346498521644e-21, nan 
157.625, 81.875, 3.335094524031355e-21, nan 
157.875, 81.875, 3.419988621318965e-21, nan 
158.125, 81.875, 3.702751804225488e-21, nan 
158.375, 81.875, 3.693315674156371e-21, nan 
158.625, 81.875, 3.2642508751006626e-21, nan 
158.875, 81.875, 3.797761671321619e-21, nan 
159.125, 81.875, 3.698041520894228e-21, nan 
159.375, 81.875, 3.445149912676492e-21, nan 
159.625, 81.875, 3.741593008048643e-21, nan 
159.875, 81.875, 3.545414220474529e-21, nan 
160.125, 81.875, 3.692759473787755e-21, nan 
160.375, 81.875, 3.8760454402153646e-21, nan 
160.625, 81.875, 3.696342309440608e-21, nan 
160.875, 81.875, 3.460440624980488e-21, nan 
161.125, 81.875, 3.5677903602212446e-21, nan 
161.375, 81.875, 4.200696683215754e-21, nan 
161.625, 81.875, 3.903809974998803e-21, nan 
161.875, 81.875, 3.520060095799508e-21, nan 
162.125, 81.875, 3.93598002420042e-21, nan 
162.375, 81.875, 4.354829918341224e-21, nan 
162.625, 81.875, 4.117298130039864e-21, nan 
162.875, 81.875, 3.906018022758021e-21, nan 
163.125, 81.875, 4.11312975900959e-21, nan 
163.375, 81.875, 4.1364371748912e-21, nan 
163.625, 81.875, 4.1741688662655955e-21, nan 
163.875, 81.875, 4.117004221453323e-21, nan 
164.125, 81.875, 4.037899302710575e-21, nan 
164.375, 81.875, 4.317259866214275e-21, nan 
164.625, 81.875, 4.4812934924064706e-21, nan 
164.875, 81.875, 4.5026328734252215e-21, nan 
165.125, 81.875, 4.162160583312615e-21, nan 
165.375, 81.875, 4.2442031266312884e-21, nan 
165.625, 81.875, 4.594102792992675e-21, nan 
165.875, 81.875, 4.531375695284519e-21, nan 
166.125, 81.875, 3.897761313143932e-21, nan 
166.375, 81.875, 4.576157131354629e-21, nan 
166.625, 81.875, 4.22573909695354e-21, nan 
166.875, 81.875, 4.319975306009967e-21, nan 
167.125, 81.875, 4.363646240630465e-21, nan 
167.375, 81.875, 4.148309019981909e-21, nan 
167.625, 81.875, 4.592628694304587e-21, nan 
167.875, 81.875, 4.382217154669592e-21, nan 
168.125, 81.875, 4.130357966745655e-21, nan 
168.375, 81.875, 4.6148185871588054e-21, nan 
168.625, 81.875, 4.1452762930926284e-21, nan 
168.875, 81.875, 4.05479947791377e-21, nan 
169.125, 81.875, 4.254040220713554e-21, nan 
169.375, 81.875, 4.2876778247225944e-21, nan 
169.625, 81.875, 4.2947495421992936e-21, nan 
169.875, 81.875, 4.441987206581477e-21, nan 
170.125, 81.875, 4.695243291402815e-21, nan 
170.375, 81.875, 4.20791498822662e-21, nan 
170.625, 81.875, 4.412234921899481e-21, nan 
170.875, 81.875, 4.42715440913075e-21, nan 
171.125, 81.875, 4.3943617673425075e-21, nan 
171.375, 81.875, 4.187210552800566e-21, nan 
171.625, 81.875, 4.193632200414264e-21, nan 
171.875, 81.875, 4.239224362273072e-21, nan 
172.125, 81.875, 4.1398448956896255e-21, nan 
172.375, 81.875, 4.277977269619311e-21, nan 
172.625, 81.875, 4.415534489451414e-21, nan 
172.875, 81.875, 4.211814134779795e-21, nan 
173.125, 81.875, 4.187548767484802e-21, nan 
173.375, 81.875, 4.205334716884146e-21, nan 
173.625, 81.875, 4.3607362574044424e-21, nan 
173.875, 81.875, 4.506784474194885e-21, nan 
174.125, 81.875, 3.840674789435251e-21, nan 
174.375, 81.875, 3.9899032830191404e-21, nan 
174.625, 81.875, 4.1676245821678916e-21, nan 
174.875, 81.875, 4.3096849750690685e-21, nan 
175.125, 81.875, 4.204254261408343e-21, nan 
175.375, 81.875, 3.612384965628805e-21, nan 
175.625, 81.875, 2.5014946774327324e-21, nan 
175.875, 81.875, 2.96512508737147e-21, nan 
176.125, 81.875, 3.484049232121538e-21, nan 
176.375, 81.875, 3.493288945012333e-21, nan 
176.625, 81.875, 3.5888831517586896e-21, nan 
176.875, 81.875, 3.19233625998223e-21, nan 
177.125, 81.875, 2.8341822581922083e-21, nan 
177.375, 81.875, 2.8567805066078992e-21, nan 
177.625, 81.875, 3.0364031901826616e-21, nan 
177.875, 81.875, 3.047396595167506e-21, nan 
178.125, 81.875, 2.804423728508382e-21, nan 
178.375, 81.875, 2.818784790578077e-21, nan 
178.625, 81.875, 2.9845786019838507e-21, nan 
178.875, 81.875, 2.7584787261233426e-21, nan 
179.125, 81.875, 2.544364535289361e-21, nan 
179.375, 81.875, 2.6615549292512206e-21, nan 
179.625, 81.875, 2.4326680412640698e-21, nan 
179.875, 81.875, 2.494819651952012e-21, nan 
-179.875, 82.125, 1.3027567457975884e-21, nan 
-179.625, 82.125, 1.3544035923617074e-21, nan 
-179.375, 82.125, 1.3882263086287382e-21, nan 
-179.125, 82.125, 1.2314640119636965e-21, nan 
-178.875, 82.125, 1.2656121433201615e-21, nan 
-178.625, 82.125, 1.4529404013718939e-21, nan 
-178.375, 82.125, 1.4874480620197535e-21, nan 
-178.125, 82.125, 1.407978383656796e-21, nan 
-177.875, 82.125, 1.281976046820972e-21, nan 
-177.625, 82.125, 1.2192966154904622e-21, nan 
-177.375, 82.125, 1.3688953252842392e-21, nan 
-177.125, 82.125, 1.4002861407981485e-21, nan 
-176.875, 82.125, 1.353368366344926e-21, nan 
-176.625, 82.125, 1.2184770967484442e-21, nan 
-176.375, 82.125, 1.2750638256876928e-21, nan 
-176.125, 82.125, 1.3675840562639424e-21, nan 
-175.875, 82.125, 1.235934487675707e-21, nan 
-175.625, 82.125, 1.2396569773540948e-21, nan 
-175.375, 82.125, 1.2201395651313363e-21, nan 
-175.125, 82.125, 1.2388641836147886e-21, nan 
-174.875, 82.125, 1.3904610030307918e-21, nan 
-174.625, 82.125, 1.4125054850657748e-21, nan 
-174.375, 82.125, 1.3698128323621362e-21, nan 
-174.125, 82.125, 1.500952167083346e-21, nan 
-173.875, 82.125, 1.5674375160754024e-21, nan 
-173.625, 82.125, 1.385515886883778e-21, nan 
-173.375, 82.125, 1.4779983360964779e-21, nan 
-173.125, 82.125, 1.565548663514946e-21, nan 
-172.875, 82.125, 1.785848256193901e-21, nan 
-172.625, 82.125, 1.9158900893991613e-21, nan 
-172.375, 82.125, 1.311854920104199e-21, nan 
-172.125, 82.125, 1.7972124387720046e-21, nan 
-171.875, 82.125, 2.4157427448136666e-21, nan 
-171.625, 82.125, 1.892007395843601e-21, nan 
-171.375, 82.125, 1.2576457640693054e-21, nan 
-171.125, 82.125, 1.0629020750485721e-21, nan 
-170.875, 82.125, 6.043955824369584e-22, nan 
-170.625, 82.125, 1.1575515490606462e-21, nan 
-170.375, 82.125, 8.751599495433197e-22, nan 
-170.125, 82.125, 1.0932274718917432e-21, nan 
-169.875, 82.125, 9.246600476134236e-22, nan 
-169.625, 82.125, 7.237016222646904e-22, nan 
-169.375, 82.125, 5.390849913792652e-22, nan 
-169.125, 82.125, 4.696746036070216e-22, nan 
-168.875, 82.125, 5.118587702110535e-22, nan 
-168.625, 82.125, 4.769856937181863e-22, nan 
-168.375, 82.125, 2.4516970048086764e-22, nan 
-168.125, 82.125, 3.753433230568569e-22, nan 
-167.875, 82.125, 4.0209200070520228e-22, nan 
-167.625, 82.125, 5.389969375477604e-22, nan 
-167.375, 82.125, 6.647034126637941e-22, nan 
-167.125, 82.125, 6.659677241526482e-22, nan 
-166.875, 82.125, 7.19541274735636e-22, nan 
-166.625, 82.125, 8.733383153729606e-22, nan 
-166.375, 82.125, 8.950286757145545e-22, nan 
-166.125, 82.125, 9.764016722600748e-22, nan 
-165.875, 82.125, 9.297825385783614e-22, nan 
-165.625, 82.125, 9.395913488780582e-22, nan 
-165.375, 82.125, 1.0384418734100655e-21, nan 
-165.125, 82.125, 1.0752729566349243e-21, nan 
-164.875, 82.125, 1.0833593608223885e-21, nan 
-164.625, 82.125, 1.1488457277137e-21, nan 
-164.375, 82.125, 1.1128126066486367e-21, nan 
-164.125, 82.125, 1.1675261662216315e-21, nan 
-163.875, 82.125, 1.165140495908021e-21, nan 
-163.625, 82.125, 1.1059569530666593e-21, nan 
-163.375, 82.125, 1.1603303601305328e-21, nan 
-163.125, 82.125, 1.140414880472471e-21, nan 
-162.875, 82.125, 1.1172357553046986e-21, nan 
-162.625, 82.125, 1.0569215536035227e-21, nan 
-162.375, 82.125, 1.098943532606843e-21, nan 
-162.125, 82.125, 1.0806100050189078e-21, nan 
-161.875, 82.125, 9.6277319712605e-22, nan 
-161.625, 82.125, 9.74118424928506e-22, nan 
-161.375, 82.125, 9.901926772871138e-22, nan 
-161.125, 82.125, 9.89459393482626e-22, nan 
-160.875, 82.125, 1.0037106927078769e-21, nan 
-160.625, 82.125, 9.35675247629329e-22, nan 
-160.375, 82.125, 9.092393677709132e-22, nan 
-160.125, 82.125, 8.48570067347664e-22, nan 
-159.875, 82.125, 9.059880913144647e-22, nan 
-159.625, 82.125, 9.013769886159546e-22, nan 
-159.375, 82.125, 8.090171301222771e-22, nan 
-159.125, 82.125, 7.65927548063992e-22, nan 
-158.875, 82.125, 7.569070788990788e-22, nan 
-158.625, 82.125, 7.932267921146059e-22, nan 
-158.375, 82.125, 7.371885945588536e-22, nan 
-158.125, 82.125, 7.128447400383716e-22, nan 
-157.875, 82.125, 6.690690396612478e-22, nan 
-157.625, 82.125, 6.552771247682439e-22, nan 
-157.375, 82.125, 6.39361280619125e-22, nan 
-157.125, 82.125, 6.276363714407655e-22, nan 
-156.875, 82.125, 6.152681023046798e-22, nan 
-156.625, 82.125, 6.129267201889713e-22, nan 
-156.375, 82.125, 5.895399223836512e-22, nan 
-156.125, 82.125, 5.557176492952433e-22, nan 
-155.875, 82.125, 5.7513791486698055e-22, nan 
-155.625, 82.125, 6.153724308189984e-22, nan 
-155.375, 82.125, 5.759799825643013e-22, nan 
-155.125, 82.125, 5.34346514247656e-22, nan 
-154.875, 82.125, 5.220683251916673e-22, nan 
-154.625, 82.125, 5.637604497940006e-22, nan 
-154.375, 82.125, 5.487190816040206e-22, nan 
-154.125, 82.125, 5.3525545719564545e-22, nan 
-153.875, 82.125, 4.587367053941511e-22, nan 
-153.625, 82.125, 5.099897923924764e-22, nan 
-153.375, 82.125, 5.010266843230702e-22, nan 
-153.125, 82.125, 4.973665901874674e-22, nan 
-152.875, 82.125, 4.450967669778196e-22, nan 
-152.625, 82.125, 4.586298085153554e-22, nan 
-152.375, 82.125, 4.674899095083008e-22, nan 
-152.125, 82.125, 4.758396133948118e-22, nan 
-151.875, 82.125, 4.602758735561257e-22, nan 
-151.625, 82.125, 4.294190279652868e-22, nan 
-151.375, 82.125, 4.359378695247263e-22, nan 
-151.125, 82.125, 4.3849983122980975e-22, nan 
-150.875, 82.125, 4.23738888446681e-22, nan 
-150.625, 82.125, 4.213763025264004e-22, nan 
-150.375, 82.125, 4.2204445274891417e-22, nan 
-150.125, 82.125, 4.3094083622062995e-22, nan 
-149.875, 82.125, 4.0738126015906613e-22, nan 
-149.625, 82.125, 4.011922176881785e-22, nan 
-149.375, 82.125, 4.041763227647409e-22, nan 
-149.125, 82.125, 3.982243767656801e-22, nan 
-148.875, 82.125, 4.002249198513924e-22, nan 
-148.625, 82.125, 3.9316867225900642e-22, nan 
-148.375, 82.125, 4.0048766859630423e-22, nan 
-148.125, 82.125, 3.8075770425016533e-22, nan 
-147.875, 82.125, 3.91363932732451e-22, nan 
-147.625, 82.125, 3.763107687526021e-22, nan 
-147.375, 82.125, 3.903913917119249e-22, nan 
-147.125, 82.125, 3.7227832680509666e-22, nan 
-146.875, 82.125, 3.638093389702673e-22, nan 
-146.625, 82.125, 3.658156652907025e-22, nan 
-146.375, 82.125, 3.5094511357266266e-22, nan 
-146.125, 82.125, 3.483509146030132e-22, nan 
-145.875, 82.125, 3.3436240216351453e-22, nan 
-145.625, 82.125, 3.2443564516290967e-22, nan 
-145.375, 82.125, 3.215390407449894e-22, nan 
-145.125, 82.125, 3.1445235353419616e-22, nan 
-144.875, 82.125, 3.0302707290428207e-22, nan 
-144.625, 82.125, 2.960833747402523e-22, nan 
-144.375, 82.125, 2.919072914016064e-22, nan 
-144.125, 82.125, 2.7902960148744844e-22, nan 
-143.875, 82.125, 2.632832556727294e-22, nan 
-143.625, 82.125, 2.630273666362511e-22, nan 
-143.375, 82.125, 2.774918119365574e-22, nan 
-143.125, 82.125, 2.817825137567373e-22, nan 
-142.875, 82.125, 2.5782458367195056e-22, nan 
-142.625, 82.125, 2.4311998076480633e-22, nan 
-142.375, 82.125, 2.5156033094228705e-22, nan 
-142.125, 82.125, 2.544434588219503e-22, nan 
-141.875, 82.125, 2.3752355668291954e-22, nan 
-141.625, 82.125, 2.2272916693237944e-22, nan 
-141.375, 82.125, 2.329130076318501e-22, nan 
-141.125, 82.125, 2.4976767891011166e-22, nan 
-140.875, 82.125, 2.1266669022628557e-22, nan 
-140.625, 82.125, 2.235356136148795e-22, nan 
-140.375, 82.125, 2.5039314261727524e-22, nan 
-140.125, 82.125, 2.3298664844152274e-22, nan 
-139.875, 82.125, 2.0063283332800544e-22, nan 
-139.625, 82.125, 2.200396159404609e-22, nan 
-139.375, 82.125, 2.564309502555227e-22, nan 
-139.125, 82.125, 2.3005124157711296e-22, nan 
-138.875, 82.125, 2.7713093238667163e-22, nan 
-138.625, 82.125, 2.5384411490356657e-22, nan 
-138.375, 82.125, 2.262870503257611e-22, nan 
-138.125, 82.125, 2.1542933560164906e-22, nan 
-137.875, 82.125, 2.2046334761698844e-22, nan 
-137.625, 82.125, 2.223402784836945e-22, nan 
-137.375, 82.125, 2.1551706683094017e-22, nan 
-137.125, 82.125, 2.1378821657175006e-22, nan 
-136.875, 82.125, 2.3176933376479133e-22, nan 
-136.625, 82.125, 2.5860687108935208e-22, nan 
-136.375, 82.125, 2.591726277127964e-22, nan 
-136.125, 82.125, 2.4334628957212355e-22, nan 
-135.875, 82.125, 2.447087548313319e-22, nan 
-135.625, 82.125, 2.4770069266089753e-22, nan 
-135.375, 82.125, 2.6948963280552925e-22, nan 
-135.125, 82.125, 2.6886365997795756e-22, nan 
-134.875, 82.125, 2.2906182401483435e-22, nan 
-134.625, 82.125, 2.2797634310275553e-22, nan 
-134.375, 82.125, 2.57703379243724e-22, nan 
-134.125, 82.125, 2.912948015687699e-22, nan 
-133.875, 82.125, 4.018412612779536e-22, nan 
-133.625, 82.125, 4.318371099441788e-22, nan 
-133.375, 82.125, 4.837483602975277e-22, nan 
-133.125, 82.125, 4.359994199833682e-22, nan 
-132.875, 82.125, 4.1863846947450084e-22, nan 
-132.625, 82.125, 5.4506768099186765e-22, nan 
-132.375, 82.125, 5.887336393152325e-22, nan 
-132.125, 82.125, 4.957057401033482e-22, nan 
-131.875, 82.125, 5.301970429207417e-22, nan 
-131.625, 82.125, 5.893605709850309e-22, nan 
-131.375, 82.125, 6.204836612463756e-22, nan 
-131.125, 82.125, 6.522767761488458e-22, nan 
-130.875, 82.125, 7.446355715326352e-22, nan 
-130.625, 82.125, 8.0991672915256e-22, nan 
-130.375, 82.125, 7.206772547553221e-22, nan 
-130.125, 82.125, 5.778364624817149e-22, nan 
-129.875, 82.125, 6.199580864177337e-22, nan 
-129.625, 82.125, 8.151342518489981e-22, nan 
-129.375, 82.125, 8.395286896502076e-22, nan 
-129.125, 82.125, 5.835073102785211e-22, nan 
-128.875, 82.125, 3.1903455153444215e-22, nan 
-128.625, 82.125, 2.0866547378277854e-22, nan 
-128.375, 82.125, 1.8624786034139567e-22, nan 
-128.125, 82.125, 1.7638971653589155e-22, nan 
-127.875, 82.125, 1.341653685427595e-22, nan 
-127.625, 82.125, 1.4919839891049745e-22, nan 
-127.375, 82.125, 1.6377548473180888e-22, nan 
-127.125, 82.125, 1.899332665631779e-22, nan 
-126.875, 82.125, 1.843801228404064e-22, nan 
-126.625, 82.125, 1.9756564513132002e-22, nan 
-126.375, 82.125, 3.085229587261864e-22, nan 
-126.125, 82.125, 3.4482879354912866e-22, nan 
-125.875, 82.125, 2.82953307416308e-22, nan 
-125.625, 82.125, 2.2131641487916176e-22, nan 
-125.375, 82.125, 2.4035698980677035e-22, nan 
-125.125, 82.125, 2.957443551690763e-22, nan 
-124.875, 82.125, 3.161843566850543e-22, nan 
-124.625, 82.125, 2.8431943458329432e-22, nan 
-124.375, 82.125, 3.29459496792881e-22, nan 
-124.125, 82.125, 3.785223840186726e-22, nan 
-123.875, 82.125, 4.234505558130242e-22, nan 
-123.625, 82.125, 4.525808127930719e-22, nan 
-123.375, 82.125, 4.711830129599535e-22, nan 
-123.125, 82.125, 5.326792975597937e-22, nan 
-122.875, 82.125, 5.65602423262251e-22, nan 
-122.625, 82.125, 2.4187638428224907e-22, nan 
-122.375, 82.125, 4.955154606321687e-22, nan 
-122.125, 82.125, 5.746291974158275e-22, nan 
-121.875, 82.125, 6.461692640086656e-22, nan 
-121.625, 82.125, 7.154946212781722e-22, nan 
-121.375, 82.125, 8.631388880358782e-22, nan 
-121.125, 82.125, 9.85741341960018e-22, nan 
-120.875, 82.125, 5.279860002959737e-22, nan 
-120.625, 82.125, 8.352244332676254e-22, nan 
-120.375, 82.125, 1.0019159059121382e-21, nan 
-120.125, 82.125, 1.184749033719808e-21, nan 
-119.875, 82.125, 1.3483209570796291e-21, nan 
-119.625, 82.125, 1.4189335956416038e-21, nan 
-119.375, 82.125, 1.4334078174647867e-21, nan 
-119.125, 82.125, 6.282957741707098e-22, nan 
-118.875, 82.125, 5.494110358827217e-22, nan 
-118.625, 82.125, 7.911324987855557e-22, nan 
-118.375, 82.125, 1.4670987939589695e-21, nan 
-118.125, 82.125, 1.7577457955096454e-21, nan 
-117.875, 82.125, 1.7515486954910374e-21, nan 
-117.625, 82.125, 1.7344314797794002e-21, nan 
-117.375, 82.125, 1.6514918433525993e-21, nan 
-117.125, 82.125, 1.5333665371754842e-21, nan 
-116.875, 82.125, 1.2943369213182058e-21, nan 
-116.625, 82.125, 1.0957500385844577e-21, nan 
-116.375, 82.125, 1.4830540374690198e-21, nan 
-116.125, 82.125, 1.4108032940637918e-21, nan 
-115.875, 82.125, 1.3499427923977336e-21, nan 
-115.625, 82.125, 1.3637334675182569e-21, nan 
-115.375, 82.125, 1.2289537184069818e-21, nan 
-115.125, 82.125, 1.0030513490220461e-21, nan 
-114.875, 82.125, 8.010832348500108e-22, nan 
-114.625, 82.125, 5.454332103712413e-22, nan 
-114.375, 82.125, 4.561726655234878e-22, nan 
-114.125, 82.125, 4.0041242789698955e-22, nan 
-113.875, 82.125, 4.1022929163455675e-22, nan 
-113.625, 82.125, 3.834349484029934e-22, nan 
-113.375, 82.125, 3.5178924187427984e-22, nan 
-113.125, 82.125, 4.0095291215046126e-22, nan 
-112.875, 82.125, 4.37037603293284e-22, nan 
-112.625, 82.125, 5.080764506705586e-22, nan 
-112.375, 82.125, 5.222362453394883e-22, nan 
-112.125, 82.125, 5.349810945882821e-22, nan 
-111.875, 82.125, 5.135205832693589e-22, nan 
-111.625, 82.125, 4.53199748935331e-22, nan 
-111.375, 82.125, 3.5838284221835415e-22, nan 
-111.125, 82.125, 4.0026595103518624e-22, nan 
-110.875, 82.125, 3.7311337898214774e-22, nan 
-110.625, 82.125, 3.190096868076559e-22, nan 
-110.375, 82.125, 2.7243307790033437e-22, nan 
-110.125, 82.125, 2.476823514297972e-22, nan 
-109.875, 82.125, 2.256693710012159e-22, nan 
-109.625, 82.125, 2.0534650095703577e-22, nan 
-109.375, 82.125, 1.9563367975234481e-22, nan 
-109.125, 82.125, 1.8457083491626987e-22, nan 
-108.875, 82.125, 1.9293262500461908e-22, nan 
-108.625, 82.125, 2.1890629727341723e-22, nan 
-108.375, 82.125, 2.298863294306292e-22, nan 
-108.125, 82.125, 2.0509897439497113e-22, nan 
-107.875, 82.125, 1.8199474000903105e-22, nan 
-107.625, 82.125, 1.9202066642748134e-22, nan 
-107.375, 82.125, 1.9520347491656784e-22, nan 
-107.125, 82.125, 1.63425965800864e-22, nan 
-106.875, 82.125, 3.82339820653564e-22, nan 
-106.625, 82.125, 5.695080116262149e-22, nan 
-106.375, 82.125, 6.207552444135154e-22, nan 
-106.125, 82.125, 7.54123356539874e-22, nan 
-105.875, 82.125, 7.6843670508982675e-22, nan 
-105.625, 82.125, 7.908447906599073e-22, nan 
-105.375, 82.125, 7.025568718070025e-22, nan 
-105.125, 82.125, 4.573142003520096e-22, nan 
-104.875, 82.125, 5.759842244462584e-22, nan 
-104.625, 82.125, 6.122292459178089e-22, nan 
-104.375, 82.125, 5.788030676188032e-22, nan 
-104.125, 82.125, 5.492030563581952e-22, nan 
-103.875, 82.125, 5.617845357018224e-22, nan 
-103.625, 82.125, 4.816861705069723e-22, nan 
-103.375, 82.125, 2.702987137645561e-22, nan 
-103.125, 82.125, 2.1602798654034664e-22, nan 
-102.875, 82.125, 2.1703023660879465e-22, nan 
-102.625, 82.125, 2.1386081342802726e-22, nan 
-102.375, 82.125, 2.470119485172115e-22, nan 
-102.125, 82.125, 2.134681779662655e-22, nan 
-101.875, 82.125, 2.29829222720136e-22, nan 
-101.625, 82.125, 2.080499833707331e-22, nan 
-101.375, 82.125, 1.166556425942462e-22, nan 
-101.125, 82.125, 9.40344274997062e-23, nan 
-100.875, 82.125, 9.340670552270581e-23, nan 
-100.625, 82.125, 1.1473946945514935e-22, nan 
-100.375, 82.125, 1.0232909671160383e-22, nan 
-100.125, 82.125, 1.064760250718606e-22, nan 
-99.875, 82.125, 1.0187497140294647e-22, nan 
-99.625, 82.125, 7.222104087258954e-23, nan 
-99.375, 82.125, 9.215510122409203e-23, nan 
-99.125, 82.125, 9.07434653747022e-23, nan 
-98.875, 82.125, 9.549289412330232e-23, nan 
-98.625, 82.125, 9.290849955871145e-23, nan 
-98.375, 82.125, 8.386418719948959e-23, nan 
-98.125, 82.125, 8.671284565410943e-23, nan 
-97.875, 82.125, 7.524367056212065e-23, nan 
-97.625, 82.125, 8.226680740067278e-23, nan 
-97.375, 82.125, 8.499319829785069e-23, nan 
-97.125, 82.125, 1.0328498618675403e-22, nan 
-96.875, 82.125, 1.1145229336166135e-22, nan 
-96.625, 82.125, 1.1156174445808835e-22, nan 
-96.375, 82.125, 1.336508288615908e-22, nan 
-96.125, 82.125, 1.363594222913045e-22, nan 
-95.875, 82.125, 1.2782567780222147e-22, nan 
-95.625, 82.125, 1.2106051616814923e-22, nan 
-95.375, 82.125, 1.2612430156891017e-22, nan 
-95.125, 82.125, 1.360235958808775e-22, nan 
-94.875, 82.125, 1.4058342451583717e-22, nan 
-94.625, 82.125, 1.2641645712580945e-22, nan 
-94.375, 82.125, 1.5076744470123638e-22, nan 
-94.125, 82.125, 1.2160595984953485e-22, nan 
-93.875, 82.125, 1.063010133539024e-22, nan 
-93.625, 82.125, 1.0203806399776554e-22, nan 
-93.375, 82.125, 1.0389448171662402e-22, nan 
-93.125, 82.125, 1.115973171029241e-22, nan 
-92.875, 82.125, 1.0553861916418839e-22, nan 
-92.625, 82.125, 1.2395158477280763e-22, nan 
-92.375, 82.125, 1.4774480708873234e-22, nan 
-92.125, 82.125, 1.6257783760901667e-22, nan 
-91.875, 82.125, 1.5384497135384242e-22, nan 
-91.625, 82.125, 1.566003976344812e-22, nan 
-91.375, 82.125, 1.567307208245972e-22, nan 
-91.125, 82.125, 1.737793954446875e-22, nan 
-90.875, 82.125, 1.7376518799704326e-22, nan 
-90.625, 82.125, 1.511794911649871e-22, nan 
-90.375, 82.125, 1.8724462705530413e-22, nan 
-90.125, 82.125, 1.7404743534576636e-22, nan 
-89.875, 82.125, 1.673692359212554e-22, nan 
-89.625, 82.125, 1.6111193575026833e-22, nan 
-89.375, 82.125, 1.5991770614539035e-22, nan 
-89.125, 82.125, 1.4578152991081595e-22, nan 
-88.875, 82.125, 1.3490218296043675e-22, nan 
-88.625, 82.125, 1.3410515285868802e-22, nan 
-88.375, 82.125, 1.3469299690368952e-22, nan 
-88.125, 82.125, 1.067097327608266e-22, nan 
-87.875, 82.125, 1.1438022710515352e-22, nan 
-87.625, 82.125, 1.1832208657346434e-22, nan 
-87.375, 82.125, 1.1998869808601982e-22, nan 
-87.125, 82.125, 1.413173495572174e-22, nan 
-86.875, 82.125, 1.1263728258663713e-22, nan 
-86.625, 82.125, 9.614714793882453e-23, nan 
58.625, 82.125, 2.1241648032795415e-22, nan 
58.875, 82.125, 1.7625580632860168e-22, nan 
59.125, 82.125, 2.8136804288970236e-22, nan 
59.375, 82.125, 2.894560826224469e-22, nan 
59.625, 82.125, 1.9089939096781075e-22, nan 
59.875, 82.125, 2.48401048019884e-22, nan 
60.125, 82.125, 3.2624877861824325e-22, nan 
60.375, 82.125, 3.44095861461275e-22, nan 
60.625, 82.125, 3.4979678476144344e-22, nan 
60.875, 82.125, 3.2315026978451055e-22, nan 
61.125, 82.125, 2.7415761672075543e-22, nan 
61.375, 82.125, 2.48193448789606e-22, nan 
61.625, 82.125, 2.174765728987803e-22, nan 
61.875, 82.125, 3.5188009699874544e-22, nan 
62.125, 82.125, 5.173927939945037e-22, nan 
62.375, 82.125, 6.182055772932407e-22, nan 
62.625, 82.125, 6.612833462346099e-22, nan 
62.875, 82.125, 6.550805769087698e-22, nan 
63.125, 82.125, 6.267590457214989e-22, nan 
63.375, 82.125, 5.519411952539477e-22, nan 
63.625, 82.125, 4.902910916914826e-22, nan 
63.875, 82.125, 4.893794646275648e-22, nan 
64.125, 82.125, 5.67512823741201e-22, nan 
64.375, 82.125, 6.793750563099564e-22, nan 
64.625, 82.125, 6.24831746115224e-22, nan 
64.875, 82.125, 6.025036373105332e-22, nan 
65.125, 82.125, 5.891261823418332e-22, nan 
65.375, 82.125, 5.478867506887043e-22, nan 
65.625, 82.125, 4.593483084606999e-22, nan 
65.875, 82.125, 3.7786874726447875e-22, nan 
66.125, 82.125, 3.9910001686528117e-22, nan 
66.375, 82.125, 4.0422290730159263e-22, nan 
66.625, 82.125, 4.1264131118695675e-22, nan 
66.875, 82.125, 3.4452329783686494e-22, nan 
67.125, 82.125, 3.7675561894792824e-22, nan 
67.375, 82.125, 3.6800799489263263e-22, nan 
67.625, 82.125, 3.4333390147590055e-22, nan 
67.875, 82.125, 4.0691141303209576e-22, nan 
68.125, 82.125, 4.1446482333247144e-22, nan 
68.375, 82.125, 5.026707293518571e-22, nan 
68.625, 82.125, 4.97287099238716e-22, nan 
68.875, 82.125, 5.171579793857142e-22, nan 
69.125, 82.125, 4.925423127605115e-22, nan 
69.375, 82.125, 3.7908419330983103e-22, nan 
69.625, 82.125, 3.5899672763803715e-22, nan 
69.875, 82.125, 3.6016081500692423e-22, nan 
70.125, 82.125, 4.979708694448986e-22, nan 
70.375, 82.125, 5.961922408222484e-22, nan 
70.625, 82.125, 7.118957218978337e-22, nan 
70.875, 82.125, 7.590978323066039e-22, nan 
71.125, 82.125, 4.848318826238108e-22, nan 
71.375, 82.125, 5.658518142308424e-22, nan 
71.625, 82.125, 6.209299420451646e-22, nan 
71.875, 82.125, 3.6872216663969284e-22, nan 
72.125, 82.125, 5.574591667607488e-22, nan 
72.375, 82.125, 6.405719740523685e-22, nan 
72.625, 82.125, 7.599867702473476e-22, nan 
72.875, 82.125, 3.878953394321725e-22, nan 
73.125, 82.125, 4.434691525813073e-22, nan 
73.375, 82.125, 6.364550114655022e-22, nan 
73.625, 82.125, 6.778658256912445e-22, nan 
73.875, 82.125, 8.260100517186283e-22, nan 
74.125, 82.125, 8.804823550852481e-22, nan 
74.375, 82.125, 1.0114488543443187e-21, nan 
74.625, 82.125, 5.921949755687706e-22, nan 
74.875, 82.125, 4.218848717633095e-22, nan 
75.125, 82.125, 3.2917077523861958e-22, nan 
75.375, 82.125, 3.784719904159015e-22, nan 
75.625, 82.125, 4.2283619496983043e-22, nan 
75.875, 82.125, 4.618711416759503e-22, nan 
76.125, 82.125, 6.0305435251259e-22, nan 
76.375, 82.125, 4.695538984867802e-22, nan 
76.625, 82.125, 2.8387240620749075e-22, nan 
76.875, 82.125, 1.9849408516326057e-22, nan 
77.125, 82.125, 2.349423206980734e-22, nan 
77.375, 82.125, 2.143471587986594e-22, nan 
77.625, 82.125, 3.1470521574434363e-22, nan 
77.875, 82.125, 3.0450169212678783e-22, nan 
78.125, 82.125, 2.6438470800203467e-22, nan 
78.375, 82.125, 2.721346803745223e-22, nan 
78.625, 82.125, 3.2639045882808315e-22, nan 
78.875, 82.125, 3.292432967878629e-22, nan 
79.125, 82.125, 3.040427329141707e-22, nan 
79.375, 82.125, 2.576650980149961e-22, nan 
79.625, 82.125, 3.0682626422180865e-22, nan 
79.875, 82.125, 2.842404435513936e-22, nan 
80.125, 82.125, 3.9588444863309253e-22, nan 
80.375, 82.125, 3.0475555714155815e-22, nan 
80.625, 82.125, 2.44337928473508e-22, nan 
80.875, 82.125, 2.9292818571195457e-22, nan 
81.125, 82.125, 4.1715067107505888e-22, nan 
81.375, 82.125, 3.096449755070478e-22, nan 
81.625, 82.125, 1.6568058075466845e-22, nan 
81.875, 82.125, 2.869266485840575e-22, nan 
82.125, 82.125, 3.0245899590706503e-22, nan 
82.375, 82.125, 3.126486564643594e-22, nan 
82.625, 82.125, 2.9972842924635515e-22, nan 
82.875, 82.125, 3.0028729556853665e-22, nan 
83.125, 82.125, 2.8578949850936504e-22, nan 
83.375, 82.125, 3.3781167620677242e-22, nan 
83.625, 82.125, 3.1898898539468387e-22, nan 
83.875, 82.125, 3.347931605545063e-22, nan 
84.125, 82.125, 3.541686083942744e-22, nan 
84.375, 82.125, 2.897329533083781e-22, nan 
84.625, 82.125, 3.461817521018101e-22, nan 
84.875, 82.125, 3.326629490056669e-22, nan 
85.125, 82.125, 2.818677734276221e-22, nan 
85.375, 82.125, 4.410874768026486e-22, nan 
85.625, 82.125, 3.3844719577527512e-22, nan 
85.875, 82.125, 3.5593692569102283e-22, nan 
86.125, 82.125, 4.445435847539526e-22, nan 
86.375, 82.125, 5.864012479302989e-22, nan 
86.625, 82.125, 5.278282029191513e-22, nan 
86.875, 82.125, 4.41963713453166e-22, nan 
87.125, 82.125, 8.479774870851234e-22, nan 
87.375, 82.125, 4.181233380486884e-22, nan 
87.625, 82.125, 3.6763433173914305e-22, nan 
87.875, 82.125, 5.108079177000841e-22, nan 
88.125, 82.125, 5.694579982941611e-22, nan 
88.375, 82.125, 4.9392691832295655e-22, nan 
88.625, 82.125, 6.673230328425134e-22, nan 
88.875, 82.125, 8.248856162800439e-22, nan 
89.125, 82.125, 6.854024680844317e-22, nan 
89.375, 82.125, 6.936185294611872e-22, nan 
89.625, 82.125, 7.445817292697935e-22, nan 
89.875, 82.125, 7.574633710502187e-22, nan 
90.125, 82.125, 6.161292892614793e-22, nan 
90.375, 82.125, 7.476465916807126e-22, nan 
90.625, 82.125, 7.792757788732573e-22, nan 
90.875, 82.125, 8.263619409833217e-22, nan 
91.125, 82.125, 8.180791089208536e-22, nan 
91.375, 82.125, 8.776397039129805e-22, nan 
91.625, 82.125, 1.012018710652283e-21, nan 
91.875, 82.125, 8.787661518376964e-22, nan 
92.125, 82.125, 5.884506755780592e-22, nan 
92.375, 82.125, 6.19530715840308e-22, nan 
92.625, 82.125, 7.782555818814292e-22, nan 
92.875, 82.125, 6.459930609685271e-22, nan 
93.125, 82.125, 7.684312335620606e-22, nan 
93.375, 82.125, 6.837052820629513e-22, nan 
93.625, 82.125, 6.152290513027572e-22, nan 
93.875, 82.125, 6.226675458515631e-22, nan 
94.125, 82.125, 5.908756219191101e-22, nan 
94.375, 82.125, 5.576236150286164e-22, nan 
94.625, 82.125, 5.625443749741572e-22, nan 
94.875, 82.125, 5.181970328212346e-22, nan 
95.125, 82.125, 5.308845983026637e-22, nan 
95.375, 82.125, 4.934853173207514e-22, nan 
95.625, 82.125, 5.490708358340983e-22, nan 
95.875, 82.125, 5.958632683406167e-22, nan 
96.125, 82.125, 5.394624779808769e-22, nan 
96.375, 82.125, 6.613874314787598e-22, nan 
96.625, 82.125, 6.369323533494094e-22, nan 
96.875, 82.125, 5.303322443920931e-22, nan 
97.125, 82.125, 5.360062557548934e-22, nan 
97.375, 82.125, 5.036550324911594e-22, nan 
97.625, 82.125, 4.939829829154121e-22, nan 
97.875, 82.125, 4.969015908851328e-22, nan 
98.125, 82.125, 4.807896224958456e-22, nan 
98.375, 82.125, 4.10956395092182e-22, nan 
98.625, 82.125, 4.275306448596259e-22, nan 
98.875, 82.125, 5.420391153045095e-22, nan 
99.125, 82.125, 4.611683191181488e-22, nan 
99.375, 82.125, 2.772578702652053e-22, nan 
99.625, 82.125, 3.3007486133687354e-22, nan 
99.875, 82.125, 3.7552253656435805e-22, nan 
100.125, 82.125, 4.0479385609082826e-22, nan 
100.375, 82.125, 3.9636420555641543e-22, nan 
100.625, 82.125, 4.494267143503352e-22, nan 
100.875, 82.125, 4.245162380120137e-22, nan 
101.125, 82.125, 4.703962735402913e-22, nan 
101.375, 82.125, 4.646327253463718e-22, nan 
101.625, 82.125, 4.817907552900416e-22, nan 
101.875, 82.125, 5.649587294463172e-22, nan 
102.125, 82.125, 6.054502314894339e-22, nan 
102.375, 82.125, 6.470406771853821e-22, nan 
102.625, 82.125, 5.625771380032646e-22, nan 
102.875, 82.125, 6.304619880743133e-22, nan 
103.125, 82.125, 6.961687488457162e-22, nan 
103.375, 82.125, 6.939155984239562e-22, nan 
103.625, 82.125, 6.131976028118548e-22, nan 
103.875, 82.125, 7.477761855352358e-22, nan 
104.125, 82.125, 7.904065789818729e-22, nan 
104.375, 82.125, 8.359521066461713e-22, nan 
104.625, 82.125, 8.52364034468173e-22, nan 
104.875, 82.125, 8.648192648948028e-22, nan 
105.125, 82.125, 8.759637580611289e-22, nan 
105.375, 82.125, 9.00836936879135e-22, nan 
105.625, 82.125, 9.264144525349882e-22, nan 
105.875, 82.125, 9.793918167324775e-22, nan 
106.125, 82.125, 1.0374327313754834e-21, nan 
106.375, 82.125, 1.108446682995895e-21, nan 
106.625, 82.125, 1.1271367484247777e-21, nan 
106.875, 82.125, 1.0954945242676127e-21, nan 
107.125, 82.125, 1.1237139761106407e-21, nan 
107.375, 82.125, 1.1580302825796734e-21, nan 
107.625, 82.125, 1.19035872626128e-21, nan 
107.875, 82.125, 1.1404550613527943e-21, nan 
108.125, 82.125, 1.1048291874643385e-21, nan 
108.375, 82.125, 1.0711689606180067e-21, nan 
108.625, 82.125, 1.002659902314496e-21, nan 
108.875, 82.125, 8.9922553076249e-22, nan 
109.125, 82.125, 7.721636002160272e-22, nan 
109.375, 82.125, 6.062288410492518e-22, nan 
109.625, 82.125, 3.802919743007381e-22, nan 
109.875, 82.125, 2.75128709750581e-22, nan 
110.125, 82.125, 2.1775441839547016e-22, nan 
110.375, 82.125, 1.783260240411269e-22, nan 
110.625, 82.125, 1.8083497263434405e-22, nan 
110.875, 82.125, 2.2328344925013134e-22, nan 
111.125, 82.125, 2.8020859227086106e-22, nan 
111.375, 82.125, 2.798009683464439e-22, nan 
111.625, 82.125, 2.8310835394359134e-22, nan 
111.875, 82.125, 2.5967891992087564e-22, nan 
112.125, 82.125, 2.463744647250628e-22, nan 
112.375, 82.125, 2.1906226129812398e-22, nan 
112.625, 82.125, 2.188205309070971e-22, nan 
112.875, 82.125, 2.4077475072648815e-22, nan 
113.125, 82.125, 1.954238984556384e-22, nan 
113.375, 82.125, 2.1546084309095116e-22, nan 
113.625, 82.125, 2.0153745161860115e-22, nan 
113.875, 82.125, 1.9007484870524393e-22, nan 
114.125, 82.125, 2.023930204311326e-22, nan 
114.375, 82.125, 1.9309659887770103e-22, nan 
114.625, 82.125, 1.8886637968012518e-22, nan 
114.875, 82.125, 1.4677485072944853e-22, nan 
115.125, 82.125, 2.4655610999512386e-22, nan 
115.375, 82.125, 3.186382699489126e-22, nan 
115.625, 82.125, 2.8695631779881026e-22, nan 
115.875, 82.125, 2.3997711875256996e-22, nan 
116.125, 82.125, 2.973074183105142e-22, nan 
116.375, 82.125, 3.6256872329204182e-22, nan 
116.625, 82.125, 3.580637681419151e-22, nan 
116.875, 82.125, 2.1891436156945226e-22, nan 
117.125, 82.125, 2.512779086426021e-22, nan 
117.375, 82.125, 2.2322532916791305e-22, nan 
117.625, 82.125, 2.1436837968180408e-22, nan 
117.875, 82.125, 2.709757918236722e-22, nan 
118.125, 82.125, 3.555879484601007e-22, nan 
118.375, 82.125, 3.8207659725789993e-22, nan 
118.625, 82.125, 2.273252479661296e-22, nan 
118.875, 82.125, 2.029209622330367e-22, nan 
119.125, 82.125, 2.483319437195055e-22, nan 
119.375, 82.125, 2.479349137955084e-22, nan 
119.625, 82.125, 2.7175471887940054e-22, nan 
119.875, 82.125, 2.440072422431587e-22, nan 
120.125, 82.125, 2.3247350903957792e-22, nan 
120.375, 82.125, 2.57723753232587e-22, nan 
120.625, 82.125, 2.8890566938131843e-22, nan 
120.875, 82.125, 2.177866083690515e-22, nan 
121.125, 82.125, 2.0800322559017934e-22, nan 
121.375, 82.125, 2.21780059222726e-22, nan 
121.625, 82.125, 2.314650215245268e-22, nan 
121.875, 82.125, 2.204703987552564e-22, nan 
122.125, 82.125, 2.220686600710555e-22, nan 
122.375, 82.125, 2.436958076675946e-22, nan 
122.625, 82.125, 2.127455018511448e-22, nan 
122.875, 82.125, 2.3292757125440335e-22, nan 
123.125, 82.125, 2.288353720733196e-22, nan 
123.375, 82.125, 2.6128217740271264e-22, nan 
123.625, 82.125, 2.755185698257504e-22, nan 
123.875, 82.125, 2.64267374559591e-22, nan 
124.125, 82.125, 2.132656445084169e-22, nan 
124.375, 82.125, 1.961606031906582e-22, nan 
124.625, 82.125, 2.11869537678566e-22, nan 
124.875, 82.125, 1.8582222294353265e-22, nan 
125.125, 82.125, 1.885118227937092e-22, nan 
125.375, 82.125, 2.4567916106225095e-22, nan 
125.625, 82.125, 2.717426974920808e-22, nan 
125.875, 82.125, 2.5924331654574757e-22, nan 
126.125, 82.125, 2.0478366991924795e-22, nan 
126.375, 82.125, 1.4730073990008266e-22, nan 
126.625, 82.125, 1.2037748914962543e-22, nan 
126.875, 82.125, 1.19948166035323e-22, nan 
127.125, 82.125, 1.2438983998578462e-22, nan 
127.375, 82.125, 1.5937520949902945e-22, nan 
127.625, 82.125, 1.8467420286176498e-22, nan 
127.875, 82.125, 1.9551315337732516e-22, nan 
128.125, 82.125, 1.741710570598026e-22, nan 
128.375, 82.125, 1.762279834722158e-22, nan 
128.625, 82.125, 1.68786172620648e-22, nan 
128.875, 82.125, 1.161798795585558e-22, nan 
129.125, 82.125, 4.451581520466504e-23, nan 
129.375, 82.125, 1.2118103429997589e-22, nan 
129.625, 82.125, 1.546900020691824e-22, nan 
129.875, 82.125, 2.1185331750634724e-22, nan 
130.125, 82.125, 2.245599715533616e-22, nan 
130.375, 82.125, 3.0931429186901726e-22, nan 
130.625, 82.125, 3.6026058862289107e-22, nan 
130.875, 82.125, 3.57810143948732e-22, nan 
131.125, 82.125, 2.4895834987525664e-22, nan 
131.375, 82.125, 2.0249265638908072e-22, nan 
131.625, 82.125, 2.2429980692019963e-22, nan 
131.875, 82.125, 2.103623993922875e-22, nan 
132.125, 82.125, 3.751403229699174e-22, nan 
132.375, 82.125, 4.0819554499931755e-22, nan 
132.625, 82.125, 4.953452617370846e-22, nan 
132.875, 82.125, 4.389748380236134e-22, nan 
133.125, 82.125, 3.278071411898323e-22, nan 
133.375, 82.125, 3.3520450369527956e-22, nan 
133.625, 82.125, 2.8824171673530023e-22, nan 
133.875, 82.125, 3.164833923491127e-22, nan 
134.125, 82.125, 2.947048278309981e-22, nan 
134.375, 82.125, 2.914599936185352e-22, nan 
134.625, 82.125, 3.699660458144692e-22, nan 
134.875, 82.125, 3.603859974380238e-22, nan 
135.125, 82.125, 4.404019131893265e-22, nan 
135.375, 82.125, 4.4653036612707305e-22, nan 
135.625, 82.125, 5.083575995899044e-22, nan 
135.875, 82.125, 4.810715110182341e-22, nan 
136.125, 82.125, 5.310889847018779e-22, nan 
136.375, 82.125, 5.958706494244048e-22, nan 
136.625, 82.125, 5.936448103330763e-22, nan 
136.875, 82.125, 5.535398624610267e-22, nan 
137.125, 82.125, 5.790779916930045e-22, nan 
137.375, 82.125, 5.42919681489547e-22, nan 
137.625, 82.125, 5.877984595276827e-22, nan 
137.875, 82.125, 5.70463387422599e-22, nan 
138.125, 82.125, 6.261285250285597e-22, nan 
138.375, 82.125, 6.757623161345594e-22, nan 
138.625, 82.125, 6.363580035762006e-22, nan 
138.875, 82.125, 6.542555472436078e-22, nan 
139.125, 82.125, 6.260426236255289e-22, nan 
139.375, 82.125, 6.753537062704422e-22, nan 
139.625, 82.125, 6.5061577959389275e-22, nan 
139.875, 82.125, 5.85622176508072e-22, nan 
140.125, 82.125, 6.0304416709074075e-22, nan 
140.375, 82.125, 5.920635173551737e-22, nan 
140.625, 82.125, 5.946902216860237e-22, nan 
140.875, 82.125, 6.163581742919809e-22, nan 
141.125, 82.125, 6.791286856344746e-22, nan 
141.375, 82.125, 7.600739438517714e-22, nan 
141.625, 82.125, 6.968141368042518e-22, nan 
141.875, 82.125, 7.584362051841517e-22, nan 
142.125, 82.125, 7.998812474334507e-22, nan 
142.375, 82.125, 7.872127234176272e-22, nan 
142.625, 82.125, 8.2517648773250145e-22, nan 
142.875, 82.125, 7.954502303589696e-22, nan 
143.125, 82.125, 9.055190412478724e-22, nan 
143.375, 82.125, 1.0303509900971604e-21, nan 
143.625, 82.125, 9.880955502769234e-22, nan 
143.875, 82.125, 9.76052518643753e-22, nan 
144.125, 82.125, 1.0687541430526438e-21, nan 
144.375, 82.125, 1.1690765590587527e-21, nan 
144.625, 82.125, 1.091113239889799e-21, nan 
144.875, 82.125, 1.0080013920330904e-21, nan 
145.125, 82.125, 1.1245956796032725e-21, nan 
145.375, 82.125, 1.1159732833013405e-21, nan 
145.625, 82.125, 1.24000528613801e-21, nan 
145.875, 82.125, 1.2626167937666068e-21, nan 
146.125, 82.125, 1.174223228258611e-21, nan 
146.375, 82.125, 1.2246648436709124e-21, nan 
146.625, 82.125, 1.4733280699508596e-21, nan 
146.875, 82.125, 1.4517071873517195e-21, nan 
147.125, 82.125, 1.3377162354842636e-21, nan 
147.375, 82.125, 1.3670159779046735e-21, nan 
147.625, 82.125, 1.4132371992523425e-21, nan 
147.875, 82.125, 1.3468589891751695e-21, nan 
148.125, 82.125, 1.1892903614968126e-21, nan 
148.375, 82.125, 1.428149579133264e-21, nan 
148.625, 82.125, 1.456190580348476e-21, nan 
148.875, 82.125, 1.4481492912270623e-21, nan 
149.125, 82.125, 1.4721166016081692e-21, nan 
149.375, 82.125, 1.4133052556170706e-21, nan 
149.625, 82.125, 1.4862069705540104e-21, nan 
149.875, 82.125, 1.6451838381863907e-21, nan 
150.125, 82.125, 1.607863052119163e-21, nan 
150.375, 82.125, 1.6036995838241027e-21, nan 
150.625, 82.125, 1.836149115820242e-21, nan 
150.875, 82.125, 1.9951862110743046e-21, nan 
151.125, 82.125, 1.7242634707541254e-21, nan 
151.375, 82.125, 1.7303182154456672e-21, nan 
151.625, 82.125, 1.7894011847261106e-21, nan 
151.875, 82.125, 1.7461661879027092e-21, nan 
152.125, 82.125, 1.710867597901796e-21, nan 
152.375, 82.125, 1.5297470996483359e-21, nan 
152.625, 82.125, 1.832212812476974e-21, nan 
152.875, 82.125, 1.938716178926744e-21, nan 
153.125, 82.125, 1.991756576521518e-21, nan 
153.375, 82.125, 1.8856640489471713e-21, nan 
153.625, 82.125, 1.8665543177355815e-21, nan 
153.875, 82.125, 1.917318362690674e-21, nan 
154.125, 82.125, 1.8807074505934318e-21, nan 
154.375, 82.125, 2.0907362546852204e-21, nan 
154.625, 82.125, 2.0810815952398396e-21, nan 
154.875, 82.125, 1.939929824738227e-21, nan 
155.125, 82.125, 2.0142537800344863e-21, nan 
155.375, 82.125, 2.1779813447889e-21, nan 
155.625, 82.125, 2.0585325076793874e-21, nan 
155.875, 82.125, 1.8763965297202637e-21, nan 
156.125, 82.125, 1.9189241321096717e-21, nan 
156.375, 82.125, 2.2050167236627414e-21, nan 
156.625, 82.125, 2.390818258539052e-21, nan 
156.875, 82.125, 2.272568148756535e-21, nan 
157.125, 82.125, 2.1107880121569874e-21, nan 
157.375, 82.125, 2.265811737527408e-21, nan 
157.625, 82.125, 2.402017951934602e-21, nan 
157.875, 82.125, 2.192952177753225e-21, nan 
158.125, 82.125, 2.051142157301258e-21, nan 
158.375, 82.125, 2.3070985196496702e-21, nan 
158.625, 82.125, 2.4149635791004836e-21, nan 
158.875, 82.125, 2.351950185140457e-21, nan 
159.125, 82.125, 2.3615064099258398e-21, nan 
159.375, 82.125, 2.376795006608831e-21, nan 
159.625, 82.125, 2.683703466796844e-21, nan 
159.875, 82.125, 2.3850508918282185e-21, nan 
160.125, 82.125, 2.224048364523172e-21, nan 
160.375, 82.125, 2.520989924894732e-21, nan 
160.625, 82.125, 2.6463445101532068e-21, nan 
160.875, 82.125, 2.655533456083479e-21, nan 
161.125, 82.125, 2.4666395031132304e-21, nan 
161.375, 82.125, 2.380574857257308e-21, nan 
161.625, 82.125, 2.557927218377501e-21, nan 
161.875, 82.125, 2.711007116190783e-21, nan 
162.125, 82.125, 2.5487094066703418e-21, nan 
162.375, 82.125, 2.465534752802667e-21, nan 
162.625, 82.125, 2.7704816183886832e-21, nan 
162.875, 82.125, 2.838751072022399e-21, nan 
163.125, 82.125, 2.8061606308415957e-21, nan 
163.375, 82.125, 2.6374027959222708e-21, nan 
163.625, 82.125, 2.6518392251810802e-21, nan 
163.875, 82.125, 2.9377544989020103e-21, nan 
164.125, 82.125, 2.6162272711452648e-21, nan 
164.375, 82.125, 2.5238543984951476e-21, nan 
164.625, 82.125, 2.8862586192301722e-21, nan 
164.875, 82.125, 2.8258271685925253e-21, nan 
165.125, 82.125, 2.90362116061106e-21, nan 
165.375, 82.125, 2.9307697485726012e-21, nan 
165.625, 82.125, 2.8091563844849958e-21, nan 
165.875, 82.125, 2.9750458647277902e-21, nan 
166.125, 82.125, 2.850357190041757e-21, nan 
166.375, 82.125, 3.165317785572737e-21, nan 
166.625, 82.125, 2.9972389166835304e-21, nan 
166.875, 82.125, 2.8094524837716717e-21, nan 
167.125, 82.125, 2.7944295242526057e-21, nan 
167.375, 82.125, 2.8746827561460894e-21, nan 
167.625, 82.125, 2.980607174620972e-21, nan 
167.875, 82.125, 3.0505952319837775e-21, nan 
168.125, 82.125, 3.0240367865394917e-21, nan 
168.375, 82.125, 3.203538576918738e-21, nan 
168.625, 82.125, 3.1014421458084994e-21, nan 
168.875, 82.125, 3.0053816284204677e-21, nan 
169.125, 82.125, 3.0117915482418323e-21, nan 
169.375, 82.125, 2.9616663750402842e-21, nan 
169.625, 82.125, 2.9412030881341545e-21, nan 
169.875, 82.125, 3.150679413531559e-21, nan 
170.125, 82.125, 2.939876503868773e-21, nan 
170.375, 82.125, 3.017993882751201e-21, nan 
170.625, 82.125, 3.016049656186404e-21, nan 
170.875, 82.125, 3.317919801161358e-21, nan 
171.125, 82.125, 3.2696927770143614e-21, nan 
171.375, 82.125, 2.9448136265303426e-21, nan 
171.625, 82.125, 3.0354346307158368e-21, nan 
171.875, 82.125, 3.131314954319243e-21, nan 
172.125, 82.125, 3.011441880934502e-21, nan 
172.375, 82.125, 2.795780624171952e-21, nan 
172.625, 82.125, 3.078806434663557e-21, nan 
172.875, 82.125, 3.3258754720613e-21, nan 
173.125, 82.125, 3.187168723396533e-21, nan 
173.375, 82.125, 2.631193589282767e-21, nan 
173.625, 82.125, 2.6786115988630007e-21, nan 
173.875, 82.125, 2.9226326406814707e-21, nan 
174.125, 82.125, 2.7396547565926514e-21, nan 
174.375, 82.125, 2.6585930627754918e-21, nan 
174.625, 82.125, 2.6008011983815646e-21, nan 
174.875, 82.125, 2.4445132883471505e-21, nan 
175.125, 82.125, 2.477620624403668e-21, nan 
175.375, 82.125, 2.1288620180905454e-21, nan 
175.625, 82.125, 1.9252065840183127e-21, nan 
175.875, 82.125, 1.837069653312986e-21, nan 
176.125, 82.125, 1.8255903753368595e-21, nan 
176.375, 82.125, 1.5089826752090756e-21, nan 
176.625, 82.125, 1.4993223078071566e-21, nan 
176.875, 82.125, 1.7335950400588247e-21, nan 
177.125, 82.125, 1.812167948522258e-21, nan 
177.375, 82.125, 1.6447849332595778e-21, nan 
177.625, 82.125, 1.413901708325735e-21, nan 
177.875, 82.125, 1.3845575422429053e-21, nan 
178.125, 82.125, 1.4947646772590104e-21, nan 
178.375, 82.125, 1.5438091656812163e-21, nan 
178.625, 82.125, 1.3690561416877256e-21, nan 
178.875, 82.125, 1.3665684994164449e-21, nan 
179.125, 82.125, 1.5555620405204808e-21, nan 
179.375, 82.125, 1.5750131260212635e-21, nan 
179.625, 82.125, 1.3348841450566582e-21, nan 
179.875, 82.125, 1.2107015433056653e-21, nan 
-179.875, 82.375, 9.26312201018275e-22, nan 
-179.625, 82.375, 8.748389038198455e-22, nan 
-179.375, 82.375, 7.905617674086235e-22, nan 
-179.125, 82.375, 8.672227026276872e-22, nan 
-178.875, 82.375, 8.349130752908778e-22, nan 
-178.625, 82.375, 7.478758289926801e-22, nan 
-178.375, 82.375, 6.83733433454757e-22, nan 
-178.125, 82.375, 7.088755261712003e-22, nan 
-177.875, 82.375, 8.170337480682501e-22, nan 
-177.625, 82.375, 8.396580041696293e-22, nan 
-177.375, 82.375, 7.115262080278697e-22, nan 
-177.125, 82.375, 7.710154851175475e-22, nan 
-176.875, 82.375, 8.72702751299543e-22, nan 
-176.625, 82.375, 8.111580920502063e-22, nan 
-176.375, 82.375, 8.079112187781928e-22, nan 
-176.125, 82.375, 7.596600985645609e-22, nan 
-175.875, 82.375, 8.026236854338076e-22, nan 
-175.625, 82.375, 8.873094795577846e-22, nan 
-175.375, 82.375, 8.517908194991057e-22, nan 
-175.125, 82.375, 8.338117496693986e-22, nan 
-174.875, 82.375, 8.014430043346062e-22, nan 
-174.625, 82.375, 8.296865092960776e-22, nan 
-174.375, 82.375, 7.480165037232509e-22, nan 
-174.125, 82.375, 7.758985664344926e-22, nan 
-173.875, 82.375, 8.668374966226292e-22, nan 
-173.625, 82.375, 8.032184166597378e-22, nan 
-173.375, 82.375, 8.124773811504757e-22, nan 
-173.125, 82.375, 7.212198903862008e-22, nan 
-172.875, 82.375, 6.1314917214224e-22, nan 
-172.625, 82.375, 8.128768335855418e-22, nan 
-172.375, 82.375, 8.085926940779597e-22, nan 
-172.125, 82.375, 7.548272042865236e-22, nan 
-171.875, 82.375, 6.806370943971929e-22, nan 
-171.625, 82.375, 6.049739204261803e-22, nan 
-171.375, 82.375, 6.919935461947632e-22, nan 
-171.125, 82.375, 6.754582514444221e-22, nan 
-170.875, 82.375, 4.971485140811736e-22, nan 
-170.625, 82.375, 4.787311349852675e-22, nan 
-170.375, 82.375, 5.929067090191347e-22, nan 
-170.125, 82.375, 5.901876515928552e-22, nan 
-169.875, 82.375, 4.1567724252402375e-22, nan 
-169.625, 82.375, 3.3587347073193778e-22, nan 
-169.375, 82.375, 5.578317882393443e-22, nan 
-169.125, 82.375, 5.964933820316336e-22, nan 
-168.875, 82.375, 2.984989504177661e-22, nan 
-168.625, 82.375, 3.932829145714276e-22, nan 
-168.375, 82.375, 6.34440055895221e-22, nan 
-168.125, 82.375, 4.571182433230784e-22, nan 
-167.875, 82.375, 4.108531437503876e-22, nan 
-167.625, 82.375, 6.215294466136686e-22, nan 
-167.375, 82.375, 4.659998598199456e-22, nan 
-167.125, 82.375, 5.730633274593797e-22, nan 
-166.875, 82.375, 6.736733633194301e-22, nan 
-166.625, 82.375, 6.7444733011081525e-22, nan 
-166.375, 82.375, 5.399831601767476e-22, nan 
-166.125, 82.375, 5.456852359730249e-22, nan 
-165.875, 82.375, 6.906122715160089e-22, nan 
-165.625, 82.375, 7.466619692931088e-22, nan 
-165.375, 82.375, 7.834456259611204e-22, nan 
-165.125, 82.375, 7.8995439515411115e-22, nan 
-164.875, 82.375, 8.257824960943833e-22, nan 
-164.625, 82.375, 8.095462616242785e-22, nan 
-164.375, 82.375, 8.63354940787904e-22, nan 
-164.125, 82.375, 9.265869623823155e-22, nan 
-163.875, 82.375, 9.22217889246329e-22, nan 
-163.625, 82.375, 9.430440540383732e-22, nan 
-163.375, 82.375, 9.609386229929584e-22, nan 
-163.125, 82.375, 9.335644565488955e-22, nan 
-162.875, 82.375, 9.723383731418839e-22, nan 
-162.625, 82.375, 9.421010834239198e-22, nan 
-162.375, 82.375, 9.853207833318296e-22, nan 
-162.125, 82.375, 9.47832865703165e-22, nan 
-161.875, 82.375, 9.391081397025898e-22, nan 
-161.625, 82.375, 9.6910892141493e-22, nan 
-161.375, 82.375, 9.432492758436232e-22, nan 
-161.125, 82.375, 9.181544882613466e-22, nan 
-160.875, 82.375, 8.846617310958412e-22, nan 
-160.625, 82.375, 8.941992609195893e-22, nan 
-160.375, 82.375, 8.709620057225315e-22, nan 
-160.125, 82.375, 8.745739348482741e-22, nan 
-159.875, 82.375, 8.123237889656716e-22, nan 
-159.625, 82.375, 8.391880241557337e-22, nan 
-159.375, 82.375, 8.295799178393637e-22, nan 
-159.125, 82.375, 8.61683479931131e-22, nan 
-158.875, 82.375, 8.246088953121666e-22, nan 
-158.625, 82.375, 7.767070028801683e-22, nan 
-158.375, 82.375, 7.308715083440022e-22, nan 
-158.125, 82.375, 7.875705036692176e-22, nan 
-157.875, 82.375, 7.753263256702737e-22, nan 
-157.625, 82.375, 7.201782407041123e-22, nan 
-157.375, 82.375, 6.94139483354126e-22, nan 
-157.125, 82.375, 6.823348108826185e-22, nan 
-156.875, 82.375, 6.920727074514589e-22, nan 
-156.625, 82.375, 7.091469360625952e-22, nan 
-156.375, 82.375, 6.749104352092903e-22, nan 
-156.125, 82.375, 6.376982163558736e-22, nan 
-155.875, 82.375, 6.237800289426401e-22, nan 
-155.625, 82.375, 6.416462142660739e-22, nan 
-155.375, 82.375, 6.290207291030248e-22, nan 
-155.125, 82.375, 5.899453790952858e-22, nan 
-154.875, 82.375, 6.145190853070171e-22, nan 
-154.625, 82.375, 6.572164850831767e-22, nan 
-154.375, 82.375, 6.0447348619678215e-22, nan 
-154.125, 82.375, 5.500485676105305e-22, nan 
-153.875, 82.375, 5.900849412709789e-22, nan 
-153.625, 82.375, 5.47394402544441e-22, nan 
-153.375, 82.375, 4.797642257616087e-22, nan 
-153.125, 82.375, 4.812092696203429e-22, nan 
-152.875, 82.375, 6.343846051798572e-22, nan 
-152.625, 82.375, 6.050436728859374e-22, nan 
-152.375, 82.375, 4.633044067001015e-22, nan 
-152.125, 82.375, 4.872960397697174e-22, nan 
-151.875, 82.375, 4.604795521043187e-22, nan 
-151.625, 82.375, 4.795364294231741e-22, nan 
-151.375, 82.375, 5.069258471485786e-22, nan 
-151.125, 82.375, 4.565981035319125e-22, nan 
-150.875, 82.375, 4.911651240902117e-22, nan 
-150.625, 82.375, 4.6527770585828065e-22, nan 
-150.375, 82.375, 4.626349910474857e-22, nan 
-150.125, 82.375, 3.955180624940713e-22, nan 
-149.875, 82.375, 4.077211127602915e-22, nan 
-149.625, 82.375, 4.276486274122412e-22, nan 
-149.375, 82.375, 4.370670197589822e-22, nan 
-149.125, 82.375, 4.075375416219482e-22, nan 
-148.875, 82.375, 3.84201040257649e-22, nan 
-148.625, 82.375, 4.338829709454346e-22, nan 
-148.375, 82.375, 4.0504646835823656e-22, nan 
-148.125, 82.375, 3.9664641450212864e-22, nan 
-147.875, 82.375, 3.8566275790684525e-22, nan 
-147.625, 82.375, 3.959251272629076e-22, nan 
-147.375, 82.375, 4.016543683723759e-22, nan 
-147.125, 82.375, 3.9741707832954207e-22, nan 
-146.875, 82.375, 3.9304728049913947e-22, nan 
-146.625, 82.375, 4.127882483589413e-22, nan 
-146.375, 82.375, 3.7306768306639637e-22, nan 
-146.125, 82.375, 3.2598397470346604e-22, nan 
-145.875, 82.375, 3.288311887514017e-22, nan 
-145.625, 82.375, 3.585460708935831e-22, nan 
-145.375, 82.375, 3.5537792688476604e-22, nan 
-145.125, 82.375, 3.248680481887696e-22, nan 
-144.875, 82.375, 3.0860053708630685e-22, nan 
-144.625, 82.375, 3.3720854374482712e-22, nan 
-144.375, 82.375, 3.5358596034045707e-22, nan 
-144.125, 82.375, 3.4194372042217037e-22, nan 
-143.875, 82.375, 3.333142399357329e-22, nan 
-143.625, 82.375, 3.4447047244509126e-22, nan 
-143.375, 82.375, 3.534261575284961e-22, nan 
-143.125, 82.375, 3.36552247167585e-22, nan 
-142.875, 82.375, 3.222635742316643e-22, nan 
-142.625, 82.375, 3.4514239620089226e-22, nan 
-142.375, 82.375, 3.383496571853905e-22, nan 
-142.125, 82.375, 2.99216306411889e-22, nan 
-141.875, 82.375, 3.0788956767628775e-22, nan 
-141.625, 82.375, 3.3085466288432533e-22, nan 
-141.375, 82.375, 3.2226481360284324e-22, nan 
-141.125, 82.375, 2.894845281867444e-22, nan 
-140.875, 82.375, 3.039556886448455e-22, nan 
-140.625, 82.375, 2.887287042126095e-22, nan 
-140.375, 82.375, 2.929526119166766e-22, nan 
-140.125, 82.375, 3.025935464306435e-22, nan 
-139.875, 82.375, 2.9554047776487497e-22, nan 
-139.625, 82.375, 2.7402669046409504e-22, nan 
-139.375, 82.375, 2.819027113460782e-22, nan 
-139.125, 82.375, 2.774831639914822e-22, nan 
-138.875, 82.375, 3.1072591602378453e-22, nan 
-138.625, 82.375, 2.7962981079404285e-22, nan 
-138.375, 82.375, 2.632652152435174e-22, nan 
-138.125, 82.375, 2.678228786119416e-22, nan 
-137.875, 82.375, 2.6442094134733423e-22, nan 
-137.625, 82.375, 2.6910621546583004e-22, nan 
-137.375, 82.375, 2.7697185361896354e-22, nan 
-137.125, 82.375, 2.996517187631936e-22, nan 
-136.875, 82.375, 2.9463923752129534e-22, nan 
-136.625, 82.375, 3.131471296269477e-22, nan 
-136.375, 82.375, 3.20563441564885e-22, nan 
-136.125, 82.375, 2.8471699234203872e-22, nan 
-135.875, 82.375, 2.633177216499583e-22, nan 
-135.625, 82.375, 2.7416586426148857e-22, nan 
-135.375, 82.375, 2.8783555158828513e-22, nan 
-135.125, 82.375, 2.7762667013340696e-22, nan 
-134.875, 82.375, 2.972690317516463e-22, nan 
-134.625, 82.375, 3.1134830586037515e-22, nan 
-134.375, 82.375, 2.7310786566226266e-22, nan 
-134.125, 82.375, 2.2140667263210497e-22, nan 
-133.875, 82.375, 2.909921455092009e-22, nan 
-133.625, 82.375, 3.3468328787756674e-22, nan 
-133.375, 82.375, 3.8663004715187583e-22, nan 
-133.125, 82.375, 4.102408700047843e-22, nan 
-132.875, 82.375, 4.350474895558536e-22, nan 
-132.625, 82.375, 4.563968411117598e-22, nan 
-132.375, 82.375, 4.479830340115327e-22, nan 
-132.125, 82.375, 2.673555330615716e-22, nan 
-131.875, 82.375, 2.1557938957762505e-22, nan 
-131.625, 82.375, 2.0607321418114133e-22, nan 
-131.375, 82.375, 3.0070384594884226e-22, nan 
-131.125, 82.375, 3.633589057469676e-22, nan 
-130.875, 82.375, 3.2704602791817287e-22, nan 
-130.625, 82.375, 2.745712897201231e-22, nan 
-130.375, 82.375, 2.2667567187594484e-22, nan 
-130.125, 82.375, 1.848811592042031e-22, nan 
-129.875, 82.375, 1.0842034330573514e-22, nan 
-129.625, 82.375, 5.536463982099343e-23, nan 
-129.375, 82.375, 1.2868414136413148e-22, nan 
-129.125, 82.375, 2.198636746837223e-22, nan 
-128.875, 82.375, 2.5819999287766405e-22, nan 
-128.625, 82.375, 2.0043658201215872e-22, nan 
-128.375, 82.375, 2.165456152865007e-22, nan 
-128.125, 82.375, 3.3701664832078467e-22, nan 
-127.875, 82.375, 3.5940817250178487e-22, nan 
-127.625, 82.375, 3.2226342236178975e-22, nan 
-127.375, 82.375, 2.5512783587676854e-22, nan 
-127.125, 82.375, 2.8378890087670167e-22, nan 
-126.875, 82.375, 2.9007458823499673e-22, nan 
-126.625, 82.375, 3.046181147575187e-22, nan 
-126.375, 82.375, 3.9778249984614896e-22, nan 
-126.125, 82.375, 4.327195740752094e-22, nan 
-125.875, 82.375, 3.6340694111595346e-22, nan 
-125.625, 82.375, 2.6220081272793215e-22, nan 
-125.375, 82.375, 2.9257133141670256e-22, nan 
-125.125, 82.375, 3.0130240084724345e-22, nan 
-124.875, 82.375, 3.4698938775454805e-22, nan 
-124.625, 82.375, 3.999772619715186e-22, nan 
-124.375, 82.375, 3.873487340242879e-22, nan 
-124.125, 82.375, 3.2157986702297236e-22, nan 
-123.875, 82.375, 3.1531348592942853e-22, nan 
-123.625, 82.375, 3.533931335407824e-22, nan 
-123.375, 82.375, 4.1997166435624815e-22, nan 
-123.125, 82.375, 4.300441754903003e-22, nan 
-122.875, 82.375, 3.811693442826303e-22, nan 
-122.625, 82.375, 4.0428849908774123e-22, nan 
-122.375, 82.375, 5.97918796392307e-22, nan 
-122.125, 82.375, 7.124504313690997e-22, nan 
-121.875, 82.375, 7.147773739142515e-22, nan 
-121.625, 82.375, 8.434232424529487e-22, nan 
-121.375, 82.375, 9.177975273950397e-22, nan 
-121.125, 82.375, 8.1410185409058495e-22, nan 
-120.875, 82.375, 4.891447783757315e-22, nan 
-120.625, 82.375, 4.39672272185024e-22, nan 
-120.375, 82.375, 8.622877567108575e-22, nan 
-120.125, 82.375, 1.8947311694416257e-21, nan 
-119.875, 82.375, 1.896462585306068e-21, nan 
-119.625, 82.375, 1.9885092550263114e-21, nan 
-119.375, 82.375, 2.0752604727880958e-21, nan 
-119.125, 82.375, 1.9985993985984753e-21, nan 
-118.875, 82.375, 1.856684310799878e-21, nan 
-118.625, 82.375, 1.189586246930425e-21, nan 
-118.375, 82.375, 1.762323050185624e-21, nan 
-118.125, 82.375, 1.7466319640173226e-21, nan 
-117.875, 82.375, 1.8274274298268753e-21, nan 
-117.625, 82.375, 1.8610425205807745e-21, nan 
-117.375, 82.375, 1.8518904113344384e-21, nan 
-117.125, 82.375, 1.872472938701914e-21, nan 
-116.875, 82.375, 1.5444635803452887e-21, nan 
-116.625, 82.375, 1.0269031919951762e-21, nan 
-116.375, 82.375, 6.039935041129951e-22, nan 
-116.125, 82.375, 5.8503742849084e-22, nan 
-115.875, 82.375, 8.107994405125598e-22, nan 
-115.625, 82.375, 7.503816540983755e-22, nan 
-115.375, 82.375, 6.103470577754842e-22, nan 
-115.125, 82.375, 6.095181250496444e-22, nan 
-114.875, 82.375, 5.915155739245715e-22, nan 
-114.625, 82.375, 4.862229178836173e-22, nan 
-114.375, 82.375, 5.436393155123919e-22, nan 
-114.125, 82.375, 7.178190204114721e-22, nan 
-113.875, 82.375, 1.0032868798209008e-21, nan 
-113.625, 82.375, 1.150703962898687e-21, nan 
-113.375, 82.375, 1.1517689315581734e-21, nan 
-113.125, 82.375, 1.0648184365651e-21, nan 
-112.875, 82.375, 6.5361839626793675e-22, nan 
-112.625, 82.375, 5.836310884486297e-22, nan 
-112.375, 82.375, 6.481553205298515e-22, nan 
-112.125, 82.375, 8.11417853709331e-22, nan 
-111.875, 82.375, 9.028122174954428e-22, nan 
-111.625, 82.375, 8.226269182845024e-22, nan 
-111.375, 82.375, 6.820045707955022e-22, nan 
-111.125, 82.375, 5.226975055769021e-22, nan 
-110.875, 82.375, 4.027177956170599e-22, nan 
-110.625, 82.375, 2.771750148916177e-22, nan 
-110.375, 82.375, 2.7523841825753696e-22, nan 
-110.125, 82.375, 2.8387297498601183e-22, nan 
-109.875, 82.375, 2.6460421437027063e-22, nan 
-109.625, 82.375, 3.194509949095075e-22, nan 
-109.375, 82.375, 3.7098131398488983e-22, nan 
-109.125, 82.375, 4.020192646967653e-22, nan 
-108.875, 82.375, 4.2300068124645595e-22, nan 
-108.625, 82.375, 4.272368281588715e-22, nan 
-108.375, 82.375, 3.857679428984484e-22, nan 
-108.125, 82.375, 2.889063321875051e-22, nan 
-107.875, 82.375, 5.558858883962414e-22, nan 
-107.625, 82.375, 7.918547850813079e-22, nan 
-107.375, 82.375, 9.69484875234409e-22, nan 
-107.125, 82.375, 1.022876632689449e-21, nan 
-106.875, 82.375, 1.0314996524557138e-21, nan 
-106.625, 82.375, 9.798352366994548e-22, nan 
-106.375, 82.375, 7.043795638674994e-22, nan 
-106.125, 82.375, 6.987616118096721e-22, nan 
-105.875, 82.375, 8.335425983754517e-22, nan 
-105.625, 82.375, 8.77249943428205e-22, nan 
-105.375, 82.375, 8.738873483635764e-22, nan 
-105.125, 82.375, 7.439635880009768e-22, nan 
-104.875, 82.375, 6.63813639011263e-22, nan 
-104.625, 82.375, 4.899511567646977e-22, nan 
-104.375, 82.375, 2.0746403910040509e-22, nan 
-104.125, 82.375, 1.723309303674935e-22, nan 
-103.875, 82.375, 1.6642803833984649e-22, nan 
-103.625, 82.375, 1.933122415240738e-22, nan 
-103.375, 82.375, 1.786761610041903e-22, nan 
-103.125, 82.375, 1.533260301811335e-22, nan 
-102.875, 82.375, 1.478272864167185e-22, nan 
-102.625, 82.375, 1.4158640116180484e-22, nan 
-102.375, 82.375, 1.61200466624476e-22, nan 
-102.125, 82.375, 1.412856455044169e-22, nan 
-101.875, 82.375, 1.5198863632723746e-22, nan 
-101.625, 82.375, 1.665659614712616e-22, nan 
-101.375, 82.375, 1.451451143633437e-22, nan 
-101.125, 82.375, 1.449288570963192e-22, nan 
-100.875, 82.375, 1.497895700304969e-22, nan 
-100.625, 82.375, 1.4334497449997635e-22, nan 
-100.375, 82.375, 1.2380893787867466e-22, nan 
-100.125, 82.375, 1.199691830322002e-22, nan 
-99.875, 82.375, 1.5029168292111302e-22, nan 
-99.625, 82.375, 1.316893626519509e-22, nan 
-99.375, 82.375, 1.2580953310312613e-22, nan 
-99.125, 82.375, 9.541447092130404e-23, nan 
-98.875, 82.375, 2.197879475316746e-22, nan 
-98.625, 82.375, 2.2173943590272295e-22, nan 
-98.375, 82.375, 1.507919241756663e-22, nan 
-98.125, 82.375, 1.7180721911370226e-22, nan 
-97.875, 82.375, 1.7462294819953115e-22, nan 
-97.625, 82.375, 1.5191946378841664e-22, nan 
-97.375, 82.375, 1.3485759448161335e-22, nan 
-97.125, 82.375, 1.0576370888577956e-22, nan 
-96.875, 82.375, 1.06083164713359e-22, nan 
-96.625, 82.375, 1.0247275803734042e-22, nan 
-96.375, 82.375, 8.307844325177286e-23, nan 
-96.125, 82.375, 6.667476204374775e-23, nan 
-95.875, 82.375, 6.248390196740951e-23, nan 
-95.625, 82.375, 1.2631405904657603e-22, nan 
-95.375, 82.375, 2.056788552116232e-22, nan 
-95.125, 82.375, 1.852560656317015e-22, nan 
-94.875, 82.375, 2.28286947448446e-22, nan 
-94.625, 82.375, 2.138626275052856e-22, nan 
-94.375, 82.375, 1.6325161436942243e-22, nan 
-94.125, 82.375, 8.275464634734092e-23, nan 
-93.875, 82.375, 1.587159415434416e-22, nan 
-93.625, 82.375, 1.8151534009930242e-22, nan 
-93.375, 82.375, 3.397644081144689e-22, nan 
-93.125, 82.375, 4.7913184447806295e-22, nan 
-92.875, 82.375, 4.735636474492001e-22, nan 
-92.625, 82.375, 3.3533065625035607e-22, nan 
-92.375, 82.375, 3.03294002161645e-22, nan 
-92.125, 82.375, 3.420818227407379e-22, nan 
-91.875, 82.375, 2.992635578470968e-22, nan 
-91.625, 82.375, 2.6116479509458353e-22, nan 
-91.375, 82.375, 3.3366867044975464e-22, nan 
-91.125, 82.375, 3.5795707676681916e-22, nan 
-90.875, 82.375, 2.9027638067895316e-22, nan 
-90.625, 82.375, 2.544681363164519e-22, nan 
-90.375, 82.375, 2.6328766565621725e-22, nan 
-90.125, 82.375, 2.512200949274087e-22, nan 
-89.875, 82.375, 2.1156549137458564e-22, nan 
-89.625, 82.375, 1.5322345052916697e-22, nan 
-89.375, 82.375, 1.6463780229302008e-22, nan 
-89.125, 82.375, 1.6612193297334937e-22, nan 
-88.875, 82.375, 1.6633778587797587e-22, nan 
-88.625, 82.375, 1.4792952687950564e-22, nan 
-88.375, 82.375, 1.252926083263824e-22, nan 
-88.125, 82.375, 1.4672870804696145e-22, nan 
-87.875, 82.375, 1.496178994634908e-22, nan 
-87.625, 82.375, 1.2135381017475559e-22, nan 
-87.375, 82.375, 9.441386027153159e-23, nan 
-87.125, 82.375, 1.1182443462973124e-22, nan 
-86.875, 82.375, 1.6845780640297978e-22, nan 
-86.625, 82.375, 1.751486033392652e-22, nan 
-86.375, 82.375, 1.8479923398050055e-22, nan 
-86.125, 82.375, 1.884834894682805e-22, nan 
-85.875, 82.375, 1.5107326277748274e-22, nan 
-85.625, 82.375, 1.418720661204103e-22, nan 
-85.375, 82.375, 1.5855693078683575e-22, nan 
57.375, 82.375, 2.4056338845596705e-22, nan 
57.625, 82.375, 2.6968444309552447e-22, nan 
57.875, 82.375, 3.327896881035711e-22, nan 
58.125, 82.375, 4.478909332026315e-22, nan 
58.375, 82.375, 4.610076968925866e-22, nan 
58.625, 82.375, 3.7805237776641993e-22, nan 
58.875, 82.375, 3.59218380346372e-22, nan 
59.125, 82.375, 4.66316771118823e-22, nan 
59.375, 82.375, 4.578434512215908e-22, nan 
59.625, 82.375, 3.798111447333905e-22, nan 
59.875, 82.375, 3.803658229234377e-22, nan 
60.125, 82.375, 4.269543137996739e-22, nan 
60.375, 82.375, 4.103460551383377e-22, nan 
60.625, 82.375, 4.0515441251806753e-22, nan 
60.875, 82.375, 3.46085181495922e-22, nan 
61.125, 82.375, 3.7435565677369624e-22, nan 
61.375, 82.375, 5.117699162460837e-22, nan 
61.625, 82.375, 5.576972634898317e-22, nan 
61.875, 82.375, 5.588007506783616e-22, nan 
62.125, 82.375, 4.708779447748691e-22, nan 
62.375, 82.375, 4.888084517680887e-22, nan 
62.625, 82.375, 4.640203626122954e-22, nan 
62.875, 82.375, 4.452493290351139e-22, nan 
63.125, 82.375, 5.431440898906093e-22, nan 
63.375, 82.375, 5.502335718450952e-22, nan 
63.625, 82.375, 5.085131475584063e-22, nan 
63.875, 82.375, 3.408223737690723e-22, nan 
64.125, 82.375, 3.02365982382119e-22, nan 
64.375, 82.375, 2.452285406717139e-22, nan 
64.625, 82.375, 7.242439274861915e-23, nan 
64.875, 82.375, 2.0942075293371962e-23, nan 
65.125, 82.375, 2.779837144569772e-23, nan 
65.375, 82.375, 2.657493410023638e-23, nan 
65.625, 82.375, 5.981830320504141e-23, nan 
65.875, 82.375, 1.3089129339984574e-22, nan 
66.125, 82.375, 1.8899063728804153e-22, nan 
66.375, 82.375, 1.7561511032790558e-22, nan 
66.625, 82.375, 1.928161593821068e-22, nan 
66.875, 82.375, 2.512314505560321e-22, nan 
67.125, 82.375, 2.99960660653489e-22, nan 
67.375, 82.375, 3.122394568136393e-22, nan 
67.625, 82.375, 3.4688258582970385e-22, nan 
67.875, 82.375, 3.0194066826113767e-22, nan 
68.125, 82.375, 2.1486228098663587e-22, nan 
68.375, 82.375, 2.315336885933037e-22, nan 
68.625, 82.375, 2.4798994019213875e-22, nan 
68.875, 82.375, 2.893446217893775e-22, nan 
69.125, 82.375, 3.199762390942562e-22, nan 
69.375, 82.375, 4.188707517878994e-22, nan 
69.625, 82.375, 4.429022208127247e-22, nan 
69.875, 82.375, 3.334699654120547e-22, nan 
70.125, 82.375, 4.323070816535749e-22, nan 
70.375, 82.375, 4.673390964019125e-22, nan 
70.625, 82.375, 4.852566564894048e-22, nan 
70.875, 82.375, 5.186719846387971e-22, nan 
71.125, 82.375, 4.611449178360544e-22, nan 
71.375, 82.375, 5.728964980724348e-22, nan 
71.625, 82.375, 6.260781529588525e-22, nan 
71.875, 82.375, 4.471700649954583e-22, nan 
72.125, 82.375, 3.741033035423141e-22, nan 
72.375, 82.375, 3.00125799557812e-22, nan 
72.625, 82.375, 2.8973609130191317e-22, nan 
72.875, 82.375, 4.461787511191244e-22, nan 
73.125, 82.375, 4.78032550198331e-22, nan 
73.375, 82.375, 5.905716764554904e-22, nan 
73.625, 82.375, 4.649101793583179e-22, nan 
73.875, 82.375, 5.946524870011522e-22, nan 
74.125, 82.375, 6.362791940160141e-22, nan 
74.375, 82.375, 6.555125440482048e-22, nan 
74.625, 82.375, 5.275736118208052e-22, nan 
74.875, 82.375, 2.8662266400004825e-22, nan 
75.125, 82.375, 3.0560718171438754e-22, nan 
75.375, 82.375, 2.316515361621925e-22, nan 
75.625, 82.375, 2.0540797192907235e-22, nan 
75.875, 82.375, 2.5724784205083203e-22, nan 
76.125, 82.375, 1.6749965021864448e-22, nan 
76.375, 82.375, 2.276660488954211e-22, nan 
76.625, 82.375, 1.6908554696774492e-22, nan 
76.875, 82.375, 1.890408184618734e-22, nan 
77.125, 82.375, 1.704313748256957e-22, nan 
77.375, 82.375, 1.6587391270822495e-22, nan 
77.625, 82.375, 4.8110993562890855e-22, nan 
77.875, 82.375, 4.620401992108039e-22, nan 
78.125, 82.375, 3.802535597706072e-22, nan 
78.375, 82.375, 4.664231081704565e-22, nan 
78.625, 82.375, 5.037657305935349e-22, nan 
78.875, 82.375, 4.987724936489478e-22, nan 
79.125, 82.375, 4.566848714609257e-22, nan 
79.375, 82.375, 3.3364212135214485e-22, nan 
79.625, 82.375, 2.8603914172409595e-22, nan 
79.875, 82.375, 2.6390430172603573e-22, nan 
80.125, 82.375, 3.1344699499076326e-22, nan 
80.375, 82.375, 3.38684320358082e-22, nan 
80.625, 82.375, 3.85925720595855e-22, nan 
80.875, 82.375, 4.0591253229214056e-22, nan 
81.125, 82.375, 4.074137728422853e-22, nan 
81.375, 82.375, 2.260357778546735e-22, nan 
81.625, 82.375, 3.808377867747826e-22, nan 
81.875, 82.375, 3.127351366613287e-22, nan 
82.125, 82.375, 3.5287764519383955e-22, nan 
82.375, 82.375, 3.844436746319091e-22, nan 
82.625, 82.375, 4.1910544140151347e-22, nan 
82.875, 82.375, 4.143601385416484e-22, nan 
83.125, 82.375, 3.244729526958841e-22, nan 
83.375, 82.375, 4.244233804093979e-22, nan 
83.625, 82.375, 3.400623048153446e-22, nan 
83.875, 82.375, 3.6555395641105034e-22, nan 
84.125, 82.375, 3.9019036750111167e-22, nan 
84.375, 82.375, 3.263967815453489e-22, nan 
84.625, 82.375, 2.998504729000307e-22, nan 
84.875, 82.375, 3.499937878010065e-22, nan 
85.125, 82.375, 3.425461131892139e-22, nan 
85.375, 82.375, 3.7549499626324025e-22, nan 
85.625, 82.375, 4.582247529120377e-22, nan 
85.875, 82.375, 4.415231166728421e-22, nan 
86.125, 82.375, 4.241697140599245e-22, nan 
86.375, 82.375, 4.82776714246116e-22, nan 
86.625, 82.375, 4.661406015256329e-22, nan 
86.875, 82.375, 4.1487530479556757e-22, nan 
87.125, 82.375, 6.529852825995595e-22, nan 
87.375, 82.375, 3.75476083764905e-22, nan 
87.625, 82.375, 2.625631978651512e-22, nan 
87.875, 82.375, 1.9000859783990536e-22, nan 
88.125, 82.375, 1.6569849536796472e-22, nan 
88.375, 82.375, 2.14609761175756e-22, nan 
88.625, 82.375, 2.2924772198721236e-22, nan 
88.875, 82.375, 2.273352776519663e-22, nan 
89.125, 82.375, 1.8416683491702873e-22, nan 
89.375, 82.375, 1.795198530542496e-22, nan 
89.625, 82.375, 1.5409443479973524e-22, nan 
89.875, 82.375, 1.5487435134334183e-22, nan 
90.125, 82.375, 2.0845865148844659e-22, nan 
90.375, 82.375, 6.057460084869132e-22, nan 
90.625, 82.375, 6.260614675044556e-22, nan 
90.875, 82.375, 6.614224282848603e-22, nan 
91.125, 82.375, 6.805095925589399e-22, nan 
91.375, 82.375, 7.103163862027883e-22, nan 
91.625, 82.375, 8.204436053376066e-22, nan 
91.875, 82.375, 7.545353382440447e-22, nan 
92.125, 82.375, 6.22844428961485e-22, nan 
92.375, 82.375, 6.677878681255742e-22, nan 
92.625, 82.375, 7.949599659500275e-22, nan 
92.875, 82.375, 7.03875306545259e-22, nan 
93.125, 82.375, 7.956781434846662e-22, nan 
93.375, 82.375, 7.43721699638433e-22, nan 
93.625, 82.375, 6.826664515353626e-22, nan 
93.875, 82.375, 6.468868025761524e-22, nan 
94.125, 82.375, 6.456959198730552e-22, nan 
94.375, 82.375, 6.195759628883887e-22, nan 
94.625, 82.375, 6.02899857516954e-22, nan 
94.875, 82.375, 5.253389555467153e-22, nan 
95.125, 82.375, 5.579182636939368e-22, nan 
95.375, 82.375, 5.124157526216219e-22, nan 
95.625, 82.375, 5.939366750867027e-22, nan 
95.875, 82.375, 6.342170418605993e-22, nan 
96.125, 82.375, 5.984424693472034e-22, nan 
96.375, 82.375, 7.056596668624806e-22, nan 
96.625, 82.375, 6.8338744088071445e-22, nan 
96.875, 82.375, 5.926935926857631e-22, nan 
97.125, 82.375, 6.205119370793078e-22, nan 
97.375, 82.375, 6.099264492943804e-22, nan 
97.625, 82.375, 6.117017846814854e-22, nan 
97.875, 82.375, 7.127549898916409e-22, nan 
98.125, 82.375, 7.05987704401491e-22, nan 
98.375, 82.375, 5.603567814398713e-22, nan 
98.625, 82.375, 5.806713589021349e-22, nan 
98.875, 82.375, 6.23880524099184e-22, nan 
99.125, 82.375, 5.119980139822864e-22, nan 
99.375, 82.375, 4.569335118796747e-22, nan 
99.625, 82.375, 4.8282734881669465e-22, nan 
99.875, 82.375, 5.022738343031526e-22, nan 
100.125, 82.375, 4.520550975110309e-22, nan 
100.375, 82.375, 4.695194175460309e-22, nan 
100.625, 82.375, 5.863746532133636e-22, nan 
100.875, 82.375, 4.784504293643889e-22, nan 
101.125, 82.375, 5.135266705137382e-22, nan 
101.375, 82.375, 5.347776518542709e-22, nan 
101.625, 82.375, 5.5475604480552755e-22, nan 
101.875, 82.375, 5.519489567764543e-22, nan 
102.125, 82.375, 5.734810260258757e-22, nan 
102.375, 82.375, 7.980234381610081e-22, nan 
102.625, 82.375, 6.809463536595033e-22, nan 
102.875, 82.375, 8.044243852867036e-22, nan 
103.125, 82.375, 6.5498443058232465e-22, nan 
103.375, 82.375, 6.762277214587553e-22, nan 
103.625, 82.375, 6.467209143176625e-22, nan 
103.875, 82.375, 7.0354369843159375e-22, nan 
104.125, 82.375, 6.576711559218075e-22, nan 
104.375, 82.375, 6.746374280905374e-22, nan 
104.625, 82.375, 5.511046768836791e-22, nan 
104.875, 82.375, 5.85625295218839e-22, nan 
105.125, 82.375, 5.422019270126139e-22, nan 
105.375, 82.375, 5.639350030868403e-22, nan 
105.625, 82.375, 5.141140474306723e-22, nan 
105.875, 82.375, 5.225545968717018e-22, nan 
106.125, 82.375, 5.730841040605444e-22, nan 
106.375, 82.375, 6.813671841399982e-22, nan 
106.625, 82.375, 7.532047610623095e-22, nan 
106.875, 82.375, 8.025916734363582e-22, nan 
107.125, 82.375, 9.271966411958732e-22, nan 
107.375, 82.375, 1.0844946225340089e-21, nan 
107.625, 82.375, 1.1676994870104123e-21, nan 
107.875, 82.375, 1.2787714460439685e-21, nan 
108.125, 82.375, 1.362623483491708e-21, nan 
108.375, 82.375, 1.3612329805943128e-21, nan 
108.625, 82.375, 1.337922608579241e-21, nan 
108.875, 82.375, 1.2823065785572213e-21, nan 
109.125, 82.375, 1.182028618327461e-21, nan 
109.375, 82.375, 1.0744328321048993e-21, nan 
109.625, 82.375, 1.018765918756164e-21, nan 
109.875, 82.375, 1.0332614860737726e-21, nan 
110.125, 82.375, 1.0061503824300098e-21, nan 
110.375, 82.375, 9.914746090803947e-22, nan 
110.625, 82.375, 9.100511810261238e-22, nan 
110.875, 82.375, 8.606767075571687e-22, nan 
111.125, 82.375, 8.134856082582753e-22, nan 
111.375, 82.375, 6.979615456456372e-22, nan 
111.625, 82.375, 7.013548702484402e-22, nan 
111.875, 82.375, 5.483097049757115e-22, nan 
112.125, 82.375, 4.75186031134823e-22, nan 
112.375, 82.375, 2.394686891473287e-22, nan 
112.625, 82.375, 4.892903606335464e-22, nan 
112.875, 82.375, 4.780543981625845e-22, nan 
113.125, 82.375, 3.8222512356551504e-22, nan 
113.375, 82.375, 2.0065089987427774e-22, nan 
113.625, 82.375, 3.3015791596656543e-22, nan 
113.875, 82.375, 2.928914937503071e-22, nan 
114.125, 82.375, 1.3561837218969075e-22, nan 
114.375, 82.375, 9.830095707829699e-23, nan 
114.625, 82.375, 1.2686849539458748e-22, nan 
114.875, 82.375, 1.5263373797862753e-22, nan 
115.125, 82.375, 1.7429764737249883e-22, nan 
115.375, 82.375, 1.6769840248616645e-22, nan 
115.625, 82.375, 1.7637534247935964e-22, nan 
115.875, 82.375, 1.5498387765824325e-22, nan 
116.125, 82.375, 1.7632261172252718e-22, nan 
116.375, 82.375, 1.9924158837266763e-22, nan 
116.625, 82.375, 1.959938336640774e-22, nan 
116.875, 82.375, 2.0429297222984754e-22, nan 
117.125, 82.375, 2.282013659827808e-22, nan 
117.375, 82.375, 1.9848243518772516e-22, nan 
117.625, 82.375, 2.121371795253687e-22, nan 
117.875, 82.375, 2.5284029180414236e-22, nan 
118.125, 82.375, 3.2189251733504883e-22, nan 
118.375, 82.375, 2.5293790989321514e-22, nan 
118.625, 82.375, 1.8884611525654554e-22, nan 
118.875, 82.375, 1.796017023289093e-22, nan 
119.125, 82.375, 2.0783380011651842e-22, nan 
119.375, 82.375, 2.0804121553455206e-22, nan 
119.625, 82.375, 2.0259173075627658e-22, nan 
119.875, 82.375, 1.3114820827684633e-22, nan 
120.125, 82.375, 1.1291853293481813e-22, nan 
120.375, 82.375, 1.1544728029656725e-22, nan 
120.625, 82.375, 9.627237804414194e-23, nan 
120.875, 82.375, 8.300889722680488e-23, nan 
121.125, 82.375, 7.236766212442045e-23, nan 
121.375, 82.375, 7.214733128108583e-23, nan 
121.625, 82.375, 1.2875876231156018e-22, nan 
121.875, 82.375, 1.7715515584243677e-22, nan 
122.125, 82.375, 1.4967412006112174e-22, nan 
122.375, 82.375, 2.1006284956894927e-22, nan 
122.625, 82.375, 2.3295811265336575e-22, nan 
122.875, 82.375, 2.5268211757701957e-22, nan 
123.125, 82.375, 2.6022700829238925e-22, nan 
123.375, 82.375, 3.245782780184705e-22, nan 
123.625, 82.375, 3.382489791036653e-22, nan 
123.875, 82.375, 3.060907324991201e-22, nan 
124.125, 82.375, 2.7688035558417696e-22, nan 
124.375, 82.375, 3.1638049079271926e-22, nan 
124.625, 82.375, 3.461771689978465e-22, nan 
124.875, 82.375, 3.851478364023205e-22, nan 
125.125, 82.375, 4.489046387951955e-22, nan 
125.375, 82.375, 4.673857361921061e-22, nan 
125.625, 82.375, 4.602950254295572e-22, nan 
125.875, 82.375, 4.281885023844384e-22, nan 
126.125, 82.375, 4.69588685146892e-22, nan 
126.375, 82.375, 4.697386639909897e-22, nan 
126.625, 82.375, 4.784570808853362e-22, nan 
126.875, 82.375, 4.688340278835624e-22, nan 
127.125, 82.375, 4.601450835349519e-22, nan 
127.375, 82.375, 4.309413341438317e-22, nan 
127.625, 82.375, 4.143199437254517e-22, nan 
127.875, 82.375, 3.9029780499763774e-22, nan 
128.125, 82.375, 3.2006481461729407e-22, nan 
128.375, 82.375, 2.4188207786360457e-22, nan 
128.625, 82.375, 1.7716547152099707e-22, nan 
128.875, 82.375, 1.3914925082071178e-22, nan 
129.125, 82.375, 1.4959425451626968e-22, nan 
129.375, 82.375, 1.0571401696971699e-22, nan 
129.625, 82.375, 1.345113007922898e-22, nan 
129.875, 82.375, 1.4765148796406817e-22, nan 
130.125, 82.375, 1.355612931523947e-22, nan 
130.375, 82.375, 1.35726337967956e-22, nan 
130.625, 82.375, 1.4596153986808272e-22, nan 
130.875, 82.375, 1.2441640593009358e-22, nan 
131.125, 82.375, 7.428552519918728e-23, nan 
131.375, 82.375, 1.1224069856022675e-22, nan 
131.625, 82.375, 8.718233051053969e-23, nan 
131.875, 82.375, 1.3230180709118994e-22, nan 
132.125, 82.375, 2.4847785936224393e-22, nan 
132.375, 82.375, 2.9582489165798803e-22, nan 
132.625, 82.375, 3.263440876539851e-22, nan 
132.875, 82.375, 4.339560970956537e-22, nan 
133.125, 82.375, 4.242010265965973e-22, nan 
133.375, 82.375, 5.116214042666628e-22, nan 
133.625, 82.375, 3.9543812220901936e-22, nan 
133.875, 82.375, 3.685743727508674e-22, nan 
134.125, 82.375, 4.030347495658625e-22, nan 
134.375, 82.375, 4.345172373212602e-22, nan 
134.625, 82.375, 5.97407981016318e-22, nan 
134.875, 82.375, 5.545146416614156e-22, nan 
135.125, 82.375, 6.243313351286354e-22, nan 
135.375, 82.375, 5.865176093846225e-22, nan 
135.625, 82.375, 4.52113090667991e-22, nan 
135.875, 82.375, 4.2218827517991654e-22, nan 
136.125, 82.375, 4.975105397143173e-22, nan 
136.375, 82.375, 3.9427083668433735e-22, nan 
136.625, 82.375, 3.488725966443243e-22, nan 
136.875, 82.375, 3.032294950422092e-22, nan 
137.125, 82.375, 2.8696031761012934e-22, nan 
137.375, 82.375, 3.3683964326267013e-22, nan 
137.625, 82.375, 3.3925419127811854e-22, nan 
137.875, 82.375, 4.532788070292991e-22, nan 
138.125, 82.375, 5.976412272707766e-22, nan 
138.375, 82.375, 6.124247894311087e-22, nan 
138.625, 82.375, 5.723490559623624e-22, nan 
138.875, 82.375, 5.7611745357738865e-22, nan 
139.125, 82.375, 4.801909745628245e-22, nan 
139.375, 82.375, 5.2311131222746855e-22, nan 
139.625, 82.375, 6.189130861474621e-22, nan 
139.875, 82.375, 7.68002967224372e-22, nan 
140.125, 82.375, 7.725634217201045e-22, nan 
140.375, 82.375, 7.139640579064254e-22, nan 
140.625, 82.375, 7.3696095769943235e-22, nan 
140.875, 82.375, 7.370741328368489e-22, nan 
141.125, 82.375, 7.130283270454198e-22, nan 
141.375, 82.375, 6.415803093584642e-22, nan 
141.625, 82.375, 6.985728686707081e-22, nan 
141.875, 82.375, 6.692792925199268e-22, nan 
142.125, 82.375, 6.286189224136899e-22, nan 
142.375, 82.375, 6.672600978509546e-22, nan 
142.625, 82.375, 8.872709640392403e-22, nan 
142.875, 82.375, 8.3001905137085145e-22, nan 
143.125, 82.375, 8.0466524246376445e-22, nan 
143.375, 82.375, 8.197423246285587e-22, nan 
143.625, 82.375, 8.2553390704666035e-22, nan 
143.875, 82.375, 8.239118335295405e-22, nan 
144.125, 82.375, 7.454430040248238e-22, nan 
144.375, 82.375, 6.902791907202369e-22, nan 
144.625, 82.375, 6.679371435862391e-22, nan 
144.875, 82.375, 7.0027165682878375e-22, nan 
145.125, 82.375, 7.008326791801633e-22, nan 
145.375, 82.375, 6.207762075854033e-22, nan 
145.625, 82.375, 6.364383449306736e-22, nan 
145.875, 82.375, 7.978572108043657e-22, nan 
146.125, 82.375, 7.838054858217937e-22, nan 
146.375, 82.375, 8.4292961379811175e-22, nan 
146.625, 82.375, 8.609604038041657e-22, nan 
146.875, 82.375, 9.330383650094404e-22, nan 
147.125, 82.375, 1.0196073435576208e-21, nan 
147.375, 82.375, 1.0517605317728856e-21, nan 
147.625, 82.375, 1.0946479641206543e-21, nan 
147.875, 82.375, 1.1386376020573154e-21, nan 
148.125, 82.375, 1.1456190256925302e-21, nan 
148.375, 82.375, 1.118703735412791e-21, nan 
148.625, 82.375, 1.176058361684772e-21, nan 
148.875, 82.375, 1.300990267880353e-21, nan 
149.125, 82.375, 1.31981057700448e-21, nan 
149.375, 82.375, 1.2049066319260483e-21, nan 
149.625, 82.375, 1.2205406850992865e-21, nan 
149.875, 82.375, 1.2226507312989071e-21, nan 
150.125, 82.375, 1.2271567106238702e-21, nan 
150.375, 82.375, 1.183786308600483e-21, nan 
150.625, 82.375, 1.2588892388884215e-21, nan 
150.875, 82.375, 1.2343212862088308e-21, nan 
151.125, 82.375, 1.1954802844824706e-21, nan 
151.375, 82.375, 1.2537800047994855e-21, nan 
151.625, 82.375, 1.3243775107612594e-21, nan 
151.875, 82.375, 1.187721387118835e-21, nan 
152.125, 82.375, 1.1963762767583994e-21, nan 
152.375, 82.375, 1.1734929189745603e-21, nan 
152.625, 82.375, 1.227718875357239e-21, nan 
152.875, 82.375, 1.3172213852762703e-21, nan 
153.125, 82.375, 1.2494678468765884e-21, nan 
153.375, 82.375, 1.2538574482307195e-21, nan 
153.625, 82.375, 1.2905104556400508e-21, nan 
153.875, 82.375, 1.402973402984133e-21, nan 
154.125, 82.375, 1.317832098687427e-21, nan 
154.375, 82.375, 1.2591965041779393e-21, nan 
154.625, 82.375, 1.4343033991742395e-21, nan 
154.875, 82.375, 1.423435383112055e-21, nan 
155.125, 82.375, 1.434218751682556e-21, nan 
155.375, 82.375, 1.3807353486279836e-21, nan 
155.625, 82.375, 1.4901364396805497e-21, nan 
155.875, 82.375, 1.5227017063187243e-21, nan 
156.125, 82.375, 1.5082651887440576e-21, nan 
156.375, 82.375, 1.4102895786193286e-21, nan 
156.625, 82.375, 1.4541729057350252e-21, nan 
156.875, 82.375, 1.481679927703658e-21, nan 
157.125, 82.375, 1.656878995538581e-21, nan 
157.375, 82.375, 1.5877956787414462e-21, nan 
157.625, 82.375, 1.5760924336209454e-21, nan 
157.875, 82.375, 1.7014235083482215e-21, nan 
158.125, 82.375, 1.5852060457709589e-21, nan 
158.375, 82.375, 1.630251084917425e-21, nan 
158.625, 82.375, 1.7146150640366267e-21, nan 
158.875, 82.375, 1.7395676328592036e-21, nan 
159.125, 82.375, 1.6220670713254035e-21, nan 
159.375, 82.375, 1.5935518337864473e-21, nan 
159.625, 82.375, 1.6310962075973665e-21, nan 
159.875, 82.375, 1.7962902470824618e-21, nan 
160.125, 82.375, 1.8629411733630715e-21, nan 
160.375, 82.375, 1.8665680871727232e-21, nan 
160.625, 82.375, 1.741660608662584e-21, nan 
160.875, 82.375, 1.7380542806538243e-21, nan 
161.125, 82.375, 1.862566025278029e-21, nan 
161.375, 82.375, 1.7807342235310903e-21, nan 
161.625, 82.375, 1.9114730793746677e-21, nan 
161.875, 82.375, 1.7730747476843173e-21, nan 
162.125, 82.375, 1.835553216013987e-21, nan 
162.375, 82.375, 1.7381735364681847e-21, nan 
162.625, 82.375, 1.7999221905998967e-21, nan 
162.875, 82.375, 1.9153931598245864e-21, nan 
163.125, 82.375, 1.8593230721307734e-21, nan 
163.375, 82.375, 1.8553015890706916e-21, nan 
163.625, 82.375, 1.944390839916521e-21, nan 
163.875, 82.375, 1.8672277862005504e-21, nan 
164.125, 82.375, 2.013394206377167e-21, nan 
164.375, 82.375, 1.7942077833758796e-21, nan 
164.625, 82.375, 1.9092291701467292e-21, nan 
164.875, 82.375, 1.837487663779165e-21, nan 
165.125, 82.375, 1.7985159016305915e-21, nan 
165.375, 82.375, 1.967684450281175e-21, nan 
165.625, 82.375, 1.7765946012697037e-21, nan 
165.875, 82.375, 2.1030431895219368e-21, nan 
166.125, 82.375, 2.03509168919227e-21, nan 
166.375, 82.375, 1.870236743139666e-21, nan 
166.625, 82.375, 1.9858610196791154e-21, nan 
166.875, 82.375, 2.136555897592135e-21, nan 
167.125, 82.375, 1.96915663796267e-21, nan 
167.375, 82.375, 2.0139515288293217e-21, nan 
167.625, 82.375, 1.8211337703454287e-21, nan 
167.875, 82.375, 2.0827606648691702e-21, nan 
168.125, 82.375, 2.1882668256733854e-21, nan 
168.375, 82.375, 2.096828475652711e-21, nan 
168.625, 82.375, 2.1903280944010423e-21, nan 
168.875, 82.375, 2.106989590133148e-21, nan 
169.125, 82.375, 2.2500334723758906e-21, nan 
169.375, 82.375, 2.2725682668989364e-21, nan 
169.625, 82.375, 1.95595487630595e-21, nan 
169.875, 82.375, 1.954862007682328e-21, nan 
170.125, 82.375, 1.9317516833322277e-21, nan 
170.375, 82.375, 2.0116138565510214e-21, nan 
170.625, 82.375, 2.2197700297222233e-21, nan 
170.875, 82.375, 2.1489636523682217e-21, nan 
171.125, 82.375, 2.1508514231666002e-21, nan 
171.375, 82.375, 2.0980719169441406e-21, nan 
171.625, 82.375, 2.0416425057213924e-21, nan 
171.875, 82.375, 1.8974534012566363e-21, nan 
172.125, 82.375, 2.093084359729489e-21, nan 
172.375, 82.375, 2.295984334737442e-21, nan 
172.625, 82.375, 1.8885064854549853e-21, nan 
172.875, 82.375, 1.7592856332612083e-21, nan 
173.125, 82.375, 1.9842157433369134e-21, nan 
173.375, 82.375, 1.806824204191325e-21, nan 
173.625, 82.375, 1.8244458450290452e-21, nan 
173.875, 82.375, 1.597635053934858e-21, nan 
174.125, 82.375, 1.4580556051051265e-21, nan 
174.375, 82.375, 1.493328058895944e-21, nan 
174.625, 82.375, 1.3641301804183646e-21, nan 
174.875, 82.375, 1.338138189672732e-21, nan 
175.125, 82.375, 1.2755762797775757e-21, nan 
175.375, 82.375, 1.4062163932725749e-21, nan 
175.625, 82.375, 1.176350306048959e-21, nan 
175.875, 82.375, 1.0280722051322215e-21, nan 
176.125, 82.375, 8.173572641198383e-22, nan 
176.375, 82.375, 9.648756414543703e-22, nan 
176.625, 82.375, 9.496442012097155e-22, nan 
176.875, 82.375, 9.118066278942671e-22, nan 
177.125, 82.375, 7.57787927578684e-22, nan 
177.375, 82.375, 8.015537247896796e-22, nan 
177.625, 82.375, 8.894856629602127e-22, nan 
177.875, 82.375, 8.375627413818177e-22, nan 
178.125, 82.375, 7.409070593669251e-22, nan 
178.375, 82.375, 7.297872735085184e-22, nan 
178.625, 82.375, 7.491554028011577e-22, nan 
178.875, 82.375, 7.940148301066465e-22, nan 
179.125, 82.375, 6.488156005312743e-22, nan 
179.375, 82.375, 7.622542690457483e-22, nan 
179.625, 82.375, 8.2483870378142155e-22, nan 
179.875, 82.375, 8.255779756902043e-22, nan 
-179.875, 82.625, 8.246572861905577e-22, nan 
-179.625, 82.625, 7.505371543594342e-22, nan 
-179.375, 82.625, 6.222546209002853e-22, nan 
-179.125, 82.625, 6.351594486402148e-22, nan 
-178.875, 82.625, 5.729601808563271e-22, nan 
-178.625, 82.625, 5.565693688284524e-22, nan 
-178.375, 82.625, 5.611337465301939e-22, nan 
-178.125, 82.625, 5.71255295540822e-22, nan 
-177.875, 82.625, 5.905724604593184e-22, nan 
-177.625, 82.625, 5.835084746604225e-22, nan 
-177.375, 82.625, 5.273172867288358e-22, nan 
-177.125, 82.625, 5.79452243217591e-22, nan 
-176.875, 82.625, 6.431579269784846e-22, nan 
-176.625, 82.625, 5.642399594507452e-22, nan 
-176.375, 82.625, 5.622978695870095e-22, nan 
-176.125, 82.625, 6.492179387654706e-22, nan 
-175.875, 82.625, 7.247366562457987e-22, nan 
-175.625, 82.625, 6.657129413796167e-22, nan 
-175.375, 82.625, 7.842117703033921e-22, nan 
-175.125, 82.625, 8.455943156603227e-22, nan 
-174.875, 82.625, 9.872029056815505e-22, nan 
-174.625, 82.625, 9.990015963744852e-22, nan 
-174.375, 82.625, 9.850890579544606e-22, nan 
-174.125, 82.625, 1.0103365752973156e-21, nan 
-173.875, 82.625, 8.419303889888192e-22, nan 
-173.625, 82.625, 8.077703247207822e-22, nan 
-173.375, 82.625, 8.70179911376055e-22, nan 
-173.125, 82.625, 8.282124722979891e-22, nan 
-172.875, 82.625, 8.460162145369693e-22, nan 
-172.625, 82.625, 8.493074071310102e-22, nan 
-172.375, 82.625, 8.699309419199271e-22, nan 
-172.125, 82.625, 1.108273988706864e-21, nan 
-171.875, 82.625, 1.203048172360848e-21, nan 
-171.625, 82.625, 1.0360039782879462e-21, nan 
-171.375, 82.625, 1.1874137393674094e-21, nan 
-171.125, 82.625, 1.154451024244118e-21, nan 
-170.875, 82.625, 1.2523872458828108e-21, nan 
-170.625, 82.625, 1.1747895188657227e-21, nan 
-170.375, 82.625, 1.2370595509398542e-21, nan 
-170.125, 82.625, 1.1882577998632562e-21, nan 
-169.875, 82.625, 1.2088760485732209e-21, nan 
-169.625, 82.625, 1.1771431003674452e-21, nan 
-169.375, 82.625, 1.104729319120662e-21, nan 
-169.125, 82.625, 1.1010870739722684e-21, nan 
-168.875, 82.625, 1.1142909977264898e-21, nan 
-168.625, 82.625, 1.1293732746410886e-21, nan 
-168.375, 82.625, 1.028155429689958e-21, nan 
-168.125, 82.625, 1.028339210554428e-21, nan 
-167.875, 82.625, 9.700375782640852e-22, nan 
-167.625, 82.625, 9.24742818128117e-22, nan 
-167.375, 82.625, 9.263063191514067e-22, nan 
-167.125, 82.625, 8.435724527709865e-22, nan 
-166.875, 82.625, 8.624600587954861e-22, nan 
-166.625, 82.625, 8.221121497583724e-22, nan 
-166.375, 82.625, 8.186496688689406e-22, nan 
-166.125, 82.625, 8.440656450444807e-22, nan 
-165.875, 82.625, 7.762522140468996e-22, nan 
-165.625, 82.625, 7.4241305744222605e-22, nan 
-165.375, 82.625, 7.895689131169159e-22, nan 
-165.125, 82.625, 8.232184597750226e-22, nan 
-164.875, 82.625, 8.545548547028184e-22, nan 
-164.625, 82.625, 7.760495134784847e-22, nan 
-164.375, 82.625, 7.668328636280227e-22, nan 
-164.125, 82.625, 8.116595843846641e-22, nan 
-163.875, 82.625, 8.3772418403274695e-22, nan 
-163.625, 82.625, 8.617168983236282e-22, nan 
-163.375, 82.625, 8.654303851615681e-22, nan 
-163.125, 82.625, 8.421066555965777e-22, nan 
-162.875, 82.625, 8.209484578975737e-22, nan 
-162.625, 82.625, 8.746521984588926e-22, nan 
-162.375, 82.625, 9.175283857129511e-22, nan 
-162.125, 82.625, 8.81824578298598e-22, nan 
-161.875, 82.625, 8.703212008035546e-22, nan 
-161.625, 82.625, 9.091698762502562e-22, nan 
-161.375, 82.625, 9.054858974582186e-22, nan 
-161.125, 82.625, 8.793364842506662e-22, nan 
-160.875, 82.625, 8.424691040888058e-22, nan 
-160.625, 82.625, 8.70127777768961e-22, nan 
-160.375, 82.625, 8.782674877050638e-22, nan 
-160.125, 82.625, 8.776434620382455e-22, nan 
-159.875, 82.625, 8.231679817320528e-22, nan 
-159.625, 82.625, 8.1177248179118005e-22, nan 
-159.375, 82.625, 8.344137432120489e-22, nan 
-159.125, 82.625, 7.894546179476572e-22, nan 
-158.875, 82.625, 7.999850348732999e-22, nan 
-158.625, 82.625, 7.568571885249297e-22, nan 
-158.375, 82.625, 8.2800280241474015e-22, nan 
-158.125, 82.625, 7.587727455198993e-22, nan 
-157.875, 82.625, 7.230211028017964e-22, nan 
-157.625, 82.625, 6.935797095769841e-22, nan 
-157.375, 82.625, 8.355424759474453e-22, nan 
-157.125, 82.625, 7.647959765425439e-22, nan 
-156.875, 82.625, 6.899785224992479e-22, nan 
-156.625, 82.625, 6.683200868753315e-22, nan 
-156.375, 82.625, 6.762070186981562e-22, nan 
-156.125, 82.625, 7.4630870546774865e-22, nan 
-155.875, 82.625, 7.815301800693478e-22, nan 
-155.625, 82.625, 6.405708350156248e-22, nan 
-155.375, 82.625, 6.567924335767354e-22, nan 
-155.125, 82.625, 7.44054824385012e-22, nan 
-154.875, 82.625, 7.657962429424042e-22, nan 
-154.625, 82.625, 6.745577895381382e-22, nan 
-154.375, 82.625, 6.096108641541468e-22, nan 
-154.125, 82.625, 6.410885944770785e-22, nan 
-153.875, 82.625, 6.984651708386362e-22, nan 
-153.625, 82.625, 6.620474597937931e-22, nan 
-153.375, 82.625, 6.010707640152468e-22, nan 
-153.125, 82.625, 5.909678889116165e-22, nan 
-152.875, 82.625, 6.977498025097144e-22, nan 
-152.625, 82.625, 6.6916845476652695e-22, nan 
-152.375, 82.625, 5.85122183522776e-22, nan 
-152.125, 82.625, 6.0223946085381815e-22, nan 
-151.875, 82.625, 6.619218501302349e-22, nan 
-151.625, 82.625, 6.255434555327081e-22, nan 
-151.375, 82.625, 5.651842492487613e-22, nan 
-151.125, 82.625, 5.872407753429542e-22, nan 
-150.875, 82.625, 5.849808500512608e-22, nan 
-150.625, 82.625, 5.6145716197515e-22, nan 
-150.375, 82.625, 5.5281177500086715e-22, nan 
-150.125, 82.625, 5.121579104163242e-22, nan 
-149.875, 82.625, 4.8107312179102e-22, nan 
-149.625, 82.625, 4.797847882489237e-22, nan 
-149.375, 82.625, 4.569417585449313e-22, nan 
-149.125, 82.625, 4.47247644131003e-22, nan 
-148.875, 82.625, 4.350317655047226e-22, nan 
-148.625, 82.625, 4.32685812703163e-22, nan 
-148.375, 82.625, 3.7769329734490863e-22, nan 
-148.125, 82.625, 3.937909641535089e-22, nan 
-147.875, 82.625, 4.427789694449612e-22, nan 
-147.625, 82.625, 4.325406725437609e-22, nan 
-147.375, 82.625, 3.949543643762093e-22, nan 
-147.125, 82.625, 3.804286516461739e-22, nan 
-146.875, 82.625, 4.042216680724486e-22, nan 
-146.625, 82.625, 4.0758611384508833e-22, nan 
-146.375, 82.625, 3.7421011231923293e-22, nan 
-146.125, 82.625, 3.972142869989908e-22, nan 
-145.875, 82.625, 3.8348701979236147e-22, nan 
-145.625, 82.625, 3.3686748904316443e-22, nan 
-145.375, 82.625, 3.438152192359341e-22, nan 
-145.125, 82.625, 3.4904967510300245e-22, nan 
-144.875, 82.625, 3.597976784592939e-22, nan 
-144.625, 82.625, 3.159483882044213e-22, nan 
-144.375, 82.625, 2.96114216135455e-22, nan 
-144.125, 82.625, 3.0480803086357085e-22, nan 
-143.875, 82.625, 3.1818060172601428e-22, nan 
-143.625, 82.625, 3.17097362932186e-22, nan 
-143.375, 82.625, 3.07323651939013e-22, nan 
-143.125, 82.625, 2.8929206608989585e-22, nan 
-142.875, 82.625, 3.013330654453628e-22, nan 
-142.625, 82.625, 3.126882246570555e-22, nan 
-142.375, 82.625, 3.179656106067086e-22, nan 
-142.125, 82.625, 3.0143163011641804e-22, nan 
-141.875, 82.625, 3.022353150949246e-22, nan 
-141.625, 82.625, 3.0461546420275754e-22, nan 
-141.375, 82.625, 2.942115000912175e-22, nan 
-141.125, 82.625, 2.7477373921346304e-22, nan 
-140.875, 82.625, 3.089525306918668e-22, nan 
-140.625, 82.625, 3.0390546927644298e-22, nan 
-140.375, 82.625, 2.713412211460127e-22, nan 
-140.125, 82.625, 2.8579423137505796e-22, nan 
-139.875, 82.625, 2.942761250754782e-22, nan 
-139.625, 82.625, 2.9753193016489364e-22, nan 
-139.375, 82.625, 2.8305232403644534e-22, nan 
-139.125, 82.625, 2.7050089337830466e-22, nan 
-138.875, 82.625, 2.0883895687574834e-22, nan 
-138.625, 82.625, 2.413803829735441e-22, nan 
-138.375, 82.625, 2.642666923926471e-22, nan 
-138.125, 82.625, 2.6355320492204873e-22, nan 
-137.875, 82.625, 2.440366982841217e-22, nan 
-137.625, 82.625, 2.332466555702599e-22, nan 
-137.375, 82.625, 2.5115797479087245e-22, nan 
-137.125, 82.625, 2.6152052639326917e-22, nan 
-136.875, 82.625, 2.515554716217575e-22, nan 
-136.625, 82.625, 2.295084350109337e-22, nan 
-136.375, 82.625, 2.1199849360915047e-22, nan 
-136.125, 82.625, 2.057388562261222e-22, nan 
-135.875, 82.625, 2.4750086390285905e-22, nan 
-135.625, 82.625, 2.456620119337704e-22, nan 
-135.375, 82.625, 2.203457746385887e-22, nan 
-135.125, 82.625, 1.975534779455075e-22, nan 
-134.875, 82.625, 2.2029804792305256e-22, nan 
-134.625, 82.625, 2.450111192151957e-22, nan 
-134.375, 82.625, 2.5051606547362293e-22, nan 
-134.125, 82.625, 2.8560745584331696e-22, nan 
-133.875, 82.625, 2.999633573240862e-22, nan 
-133.625, 82.625, 2.7739936865627693e-22, nan 
-133.375, 82.625, 2.262959168398657e-22, nan 
-133.125, 82.625, 1.8202214490294836e-22, nan 
-132.875, 82.625, 1.6106026961492199e-22, nan 
-132.625, 82.625, 2.1946946247374623e-22, nan 
-132.375, 82.625, 2.432847088168534e-22, nan 
-132.125, 82.625, 2.416852380528355e-22, nan 
-131.875, 82.625, 2.27314183409302e-22, nan 
-131.625, 82.625, 2.3392947160845466e-22, nan 
-131.375, 82.625, 2.2537919710011617e-22, nan 
-131.125, 82.625, 2.686378077349248e-22, nan 
-130.875, 82.625, 3.500635935664617e-22, nan 
-130.625, 82.625, 3.4031352527753023e-22, nan 
-130.375, 82.625, 3.2093659911222953e-22, nan 
-130.125, 82.625, 3.236857693610712e-22, nan 
-129.875, 82.625, 3.7313417486882085e-22, nan 
-129.625, 82.625, 3.756375178997414e-22, nan 
-129.375, 82.625, 3.3838955481902437e-22, nan 
-129.125, 82.625, 3.61477723967396e-22, nan 
-128.875, 82.625, 3.6994387140102693e-22, nan 
-128.625, 82.625, 3.4394015880743674e-22, nan 
-128.375, 82.625, 3.376921252044824e-22, nan 
-128.125, 82.625, 4.0640364151520068e-22, nan 
-127.875, 82.625, 4.220240791335736e-22, nan 
-127.625, 82.625, 3.8017693304364465e-22, nan 
-127.375, 82.625, 2.566452644248608e-22, nan 
-127.125, 82.625, 2.1795390795430942e-22, nan 
-126.875, 82.625, 2.3293818620624494e-22, nan 
-126.625, 82.625, 1.9423401461763834e-22, nan 
-126.375, 82.625, 1.5547403313275533e-22, nan 
-126.125, 82.625, 2.734245315619148e-22, nan 
-125.875, 82.625, 4.284521078247049e-22, nan 
-125.625, 82.625, 5.968498119125573e-22, nan 
-125.375, 82.625, 7.2343917807118615e-22, nan 
-125.125, 82.625, 8.405845223257474e-22, nan 
-124.875, 82.625, 9.27799399429465e-22, nan 
-124.625, 82.625, 1.057652028100354e-21, nan 
-124.375, 82.625, 9.549375701275941e-22, nan 
-124.125, 82.625, 9.760782807080214e-22, nan 
-123.875, 82.625, 1.0207640271335552e-21, nan 
-123.625, 82.625, 9.417976959134855e-22, nan 
-123.375, 82.625, 1.000891545302405e-21, nan 
-123.125, 82.625, 1.048095553979507e-21, nan 
-122.875, 82.625, 8.74193190718077e-22, nan 
-122.625, 82.625, 7.046866689897141e-22, nan 
-122.375, 82.625, 1.8375034490158826e-21, nan 
-122.125, 82.625, 2.7584253034265722e-21, nan 
-121.875, 82.625, 2.906763675280135e-21, nan 
-121.625, 82.625, 2.8550961677850324e-21, nan 
-121.375, 82.625, 2.8085868939064596e-21, nan 
-121.125, 82.625, 2.4546388098873892e-21, nan 
-120.875, 82.625, 2.047101706545504e-21, nan 
-120.625, 82.625, 1.490332502818636e-21, nan 
-120.375, 82.625, 1.6294941897830522e-21, nan 
-120.125, 82.625, 2.3037360629084463e-21, nan 
-119.875, 82.625, 2.0788932854966865e-21, nan 
-119.625, 82.625, 2.0790696442973628e-21, nan 
-119.375, 82.625, 1.9969609045179034e-21, nan 
-119.125, 82.625, 1.8188363488174514e-21, nan 
-118.875, 82.625, 1.5517954344798423e-21, nan 
-118.625, 82.625, 1.1548396941071311e-21, nan 
-118.375, 82.625, 1.0508287811969195e-21, nan 
-118.125, 82.625, 1.1097463487954749e-21, nan 
-117.875, 82.625, 1.087761167151835e-21, nan 
-117.625, 82.625, 1.2526084692148622e-21, nan 
-117.375, 82.625, 1.176840086659704e-21, nan 
-117.125, 82.625, 1.2104657962404899e-21, nan 
-116.875, 82.625, 1.4020049653421624e-21, nan 
-116.625, 82.625, 1.3710565166795985e-21, nan 
-116.375, 82.625, 1.4348497240488502e-21, nan 
-116.125, 82.625, 1.2958013886492854e-21, nan 
-115.875, 82.625, 1.720084647624358e-21, nan 
-115.625, 82.625, 1.6453109907359283e-21, nan 
-115.375, 82.625, 1.2495771728464894e-21, nan 
-115.125, 82.625, 1.5001827814212568e-21, nan 
-114.875, 82.625, 1.6382936845286867e-21, nan 
-114.625, 82.625, 1.5611965455536695e-21, nan 
-114.375, 82.625, 1.254048985253888e-21, nan 
-114.125, 82.625, 1.037149282371444e-21, nan 
-113.875, 82.625, 9.574907076448313e-22, nan 
-113.625, 82.625, 9.914795663806889e-22, nan 
-113.375, 82.625, 1.2360592302460852e-21, nan 
-113.125, 82.625, 1.3324381286692336e-21, nan 
-112.875, 82.625, 1.1261447039648523e-21, nan 
-112.625, 82.625, 8.865531239729666e-22, nan 
-112.375, 82.625, 6.697824687603533e-22, nan 
-112.125, 82.625, 3.5478168732949904e-22, nan 
-111.875, 82.625, 2.0826385239334434e-22, nan 
-111.625, 82.625, 2.5774320935024437e-22, nan 
-111.375, 82.625, 3.603146965344182e-22, nan 
-111.125, 82.625, 4.821639597719601e-22, nan 
-110.875, 82.625, 4.445480600805867e-22, nan 
-110.625, 82.625, 5.865237114430783e-22, nan 
-110.375, 82.625, 7.074005461361962e-22, nan 
-110.125, 82.625, 6.599077093688506e-22, nan 
-109.875, 82.625, 5.690382778908623e-22, nan 
-109.625, 82.625, 4.576610582201724e-22, nan 
-109.375, 82.625, 3.4254207260318633e-22, nan 
-109.125, 82.625, 5.843179313318447e-22, nan 
-108.875, 82.625, 8.590443292143243e-22, nan 
-108.625, 82.625, 1.0408153649683185e-21, nan 
-108.375, 82.625, 1.188360960367521e-21, nan 
-108.125, 82.625, 1.29155463720963e-21, nan 
-107.875, 82.625, 1.0964152591006733e-21, nan 
-107.625, 82.625, 6.70756124375716e-22, nan 
-107.375, 82.625, 7.607327937966276e-22, nan 
-107.125, 82.625, 9.45601122706833e-22, nan 
-106.875, 82.625, 1.0403404665047494e-21, nan 
-106.625, 82.625, 1.0755119778909562e-21, nan 
-106.375, 82.625, 9.466048363514316e-22, nan 
-106.125, 82.625, 7.384551574424438e-22, nan 
-105.875, 82.625, 4.692454842567514e-22, nan 
-105.625, 82.625, 2.92872236883842e-22, nan 
-105.375, 82.625, 2.809167602986322e-22, nan 
-105.125, 82.625, 2.186836733219267e-22, nan 
-104.875, 82.625, 1.6687217581577442e-22, nan 
-104.625, 82.625, 2.3456497138563222e-22, nan 
-104.375, 82.625, 3.2959084810927346e-22, nan 
-104.125, 82.625, 3.8060500094722894e-22, nan 
-103.875, 82.625, 3.868454544918134e-22, nan 
-103.625, 82.625, 4.796986774416177e-22, nan 
-103.375, 82.625, 5.770385642799358e-22, nan 
-103.125, 82.625, 4.689953269785284e-22, nan 
-102.875, 82.625, 4.679905962742726e-22, nan 
-102.625, 82.625, 4.44466415614637e-22, nan 
-102.375, 82.625, 3.5144820407547383e-22, nan 
-102.125, 82.625, 2.7950786181055382e-22, nan 
-101.875, 82.625, 3.7058995167462016e-22, nan 
-101.625, 82.625, 5.559290273145432e-22, nan 
-101.375, 82.625, 6.288504727418344e-22, nan 
-101.125, 82.625, 6.3907041903940865e-22, nan 
-100.875, 82.625, 6.5880010961279565e-22, nan 
-100.625, 82.625, 7.54092158506272e-22, nan 
-100.375, 82.625, 7.442315210869009e-22, nan 
-100.125, 82.625, 7.119251775989976e-22, nan 
-99.875, 82.625, 7.036796861049795e-22, nan 
-99.625, 82.625, 6.352570754446116e-22, nan 
-99.375, 82.625, 5.521727973880671e-22, nan 
-99.125, 82.625, 3.6361759760376583e-22, nan 
-98.875, 82.625, 4.977778857434924e-22, nan 
-98.625, 82.625, 4.570682516123678e-22, nan 
-98.375, 82.625, 3.2846335301556546e-22, nan 
-98.125, 82.625, 3.8624381688594573e-22, nan 
-97.875, 82.625, 4.309416741242291e-22, nan 
-97.625, 82.625, 4.284201353194947e-22, nan 
-97.375, 82.625, 2.968655850505921e-22, nan 
-97.125, 82.625, 2.9957684395768026e-22, nan 
-96.875, 82.625, 2.51505161387792e-22, nan 
-96.625, 82.625, 3.181351312219772e-22, nan 
-96.375, 82.625, 3.9037454521043454e-22, nan 
-96.125, 82.625, 3.4388278269079955e-22, nan 
-95.875, 82.625, 3.7013603017985877e-22, nan 
-95.625, 82.625, 5.082064700547812e-22, nan 
-95.375, 82.625, 5.639738817883837e-22, nan 
-95.125, 82.625, 5.403114918262987e-22, nan 
-94.875, 82.625, 6.493905598894388e-22, nan 
-94.625, 82.625, 7.274559372958706e-22, nan 
-94.375, 82.625, 6.185016682592218e-22, nan 
-94.125, 82.625, 6.501479270009182e-22, nan 
-93.875, 82.625, 8.035007715472326e-22, nan 
-93.625, 82.625, 5.8637615767418115e-22, nan 
-93.375, 82.625, 4.2377154806677e-22, nan 
-93.125, 82.625, 5.489596828414738e-22, nan 
-92.875, 82.625, 5.800768679376198e-22, nan 
-92.625, 82.625, 4.657752915956278e-22, nan 
-92.375, 82.625, 5.014441638779181e-22, nan 
-92.125, 82.625, 6.190513731732352e-22, nan 
-91.875, 82.625, 4.495193775938291e-22, nan 
-91.625, 82.625, 2.5784249475083554e-22, nan 
-91.375, 82.625, 3.289381645251417e-22, nan 
-91.125, 82.625, 3.1601750218854754e-22, nan 
-90.875, 82.625, 2.7296172135808035e-22, nan 
-90.625, 82.625, 2.8241435174441725e-22, nan 
-90.375, 82.625, 2.8276587689372724e-22, nan 
-90.125, 82.625, 2.9466655942480614e-22, nan 
-89.875, 82.625, 2.26244036780511e-22, nan 
-89.625, 82.625, 2.968874405233053e-22, nan 
-89.375, 82.625, 2.7795829184293027e-22, nan 
-89.125, 82.625, 2.6725680107995357e-22, nan 
-88.875, 82.625, 2.4682034541506213e-22, nan 
-88.625, 82.625, 2.5568978986919713e-22, nan 
-88.375, 82.625, 2.908803046866553e-22, nan 
-88.125, 82.625, 2.161550056585236e-22, nan 
-87.875, 82.625, 2.182157258078812e-22, nan 
-87.625, 82.625, 2.199736453986055e-22, nan 
-87.375, 82.625, 2.7672620734018703e-22, nan 
-87.125, 82.625, 2.5775224249476586e-22, nan 
-86.875, 82.625, 2.2130238061490234e-22, nan 
-86.625, 82.625, 2.817554122695571e-22, nan 
-86.375, 82.625, 2.4672027541442366e-22, nan 
-86.125, 82.625, 2.4294247939107276e-22, nan 
-85.875, 82.625, 2.5842070653883633e-22, nan 
-85.625, 82.625, 2.9194069862807014e-22, nan 
-85.375, 82.625, 2.458867210179432e-22, nan 
-85.125, 82.625, 2.3482527951868692e-22, nan 
-84.875, 82.625, 2.966209856780285e-22, nan 
-84.625, 82.625, 2.625515085296278e-22, nan 
-84.375, 82.625, 2.278841531861146e-22, nan 
-84.125, 82.625, 2.564997650911508e-22, nan 
56.125, 82.625, 3.3597665989886104e-22, nan 
56.375, 82.625, 4.670659218174393e-22, nan 
56.625, 82.625, 6.265130411736967e-22, nan 
56.875, 82.625, 5.596465306341892e-22, nan 
57.125, 82.625, 4.6144379832073405e-22, nan 
57.375, 82.625, 4.156942603976184e-22, nan 
57.625, 82.625, 4.531781129868801e-22, nan 
57.875, 82.625, 3.9983250501822883e-22, nan 
58.125, 82.625, 5.025955651568231e-22, nan 
58.375, 82.625, 6.153612778057181e-22, nan 
58.625, 82.625, 5.128870988206134e-22, nan 
58.875, 82.625, 4.761812295329023e-22, nan 
59.125, 82.625, 5.181662298872804e-22, nan 
59.375, 82.625, 5.143142814549495e-22, nan 
59.625, 82.625, 4.166341160069482e-22, nan 
59.875, 82.625, 3.7178535395462487e-22, nan 
60.125, 82.625, 4.177241362911768e-22, nan 
60.375, 82.625, 4.0563252638168483e-22, nan 
60.625, 82.625, 4.0335287068921413e-22, nan 
60.875, 82.625, 3.586677957403718e-22, nan 
61.125, 82.625, 3.484462139985405e-22, nan 
61.375, 82.625, 4.1777457531414855e-22, nan 
61.625, 82.625, 4.475146275263144e-22, nan 
61.875, 82.625, 4.42463077591552e-22, nan 
62.125, 82.625, 3.4472068259159005e-22, nan 
62.375, 82.625, 3.552464180099315e-22, nan 
62.625, 82.625, 3.0427712323380967e-22, nan 
62.875, 82.625, 1.6393898961548685e-22, nan 
63.125, 82.625, 1.3562378260057186e-22, nan 
63.375, 82.625, 1.435775481692153e-22, nan 
63.625, 82.625, 1.4340298090908906e-22, nan 
63.875, 82.625, 1.8182084713033802e-22, nan 
64.125, 82.625, 2.4964643317117203e-22, nan 
64.375, 82.625, 2.555160289572857e-22, nan 
64.625, 82.625, 1.9331555483906202e-22, nan 
64.875, 82.625, 1.736689580051711e-22, nan 
65.125, 82.625, 2.053259627640706e-22, nan 
65.375, 82.625, 2.5221893228588207e-22, nan 
65.625, 82.625, 2.8090315692003277e-22, nan 
65.875, 82.625, 3.6964254663178683e-22, nan 
66.125, 82.625, 3.912460596129626e-22, nan 
66.375, 82.625, 3.596637990888049e-22, nan 
66.625, 82.625, 3.2022786758165936e-22, nan 
66.875, 82.625, 3.6216475706073985e-22, nan 
67.125, 82.625, 3.9006287993121316e-22, nan 
67.375, 82.625, 3.7240685224532475e-22, nan 
67.625, 82.625, 3.725236527193602e-22, nan 
67.875, 82.625, 3.405551599782338e-22, nan 
68.125, 82.625, 3.296730146126233e-22, nan 
68.375, 82.625, 3.763013528439243e-22, nan 
68.625, 82.625, 3.964413480777471e-22, nan 
68.875, 82.625, 4.0944488270437258e-22, nan 
69.125, 82.625, 3.9865098537846776e-22, nan 
69.375, 82.625, 3.799075607871687e-22, nan 
69.625, 82.625, 3.5197204461032444e-22, nan 
69.875, 82.625, 3.104227068709054e-22, nan 
70.125, 82.625, 3.377775956934993e-22, nan 
70.375, 82.625, 4.0060077587253976e-22, nan 
70.625, 82.625, 4.221498536628409e-22, nan 
70.875, 82.625, 4.0248031350039967e-22, nan 
71.125, 82.625, 3.5819619498509485e-22, nan 
71.375, 82.625, 2.9887332384082167e-22, nan 
71.625, 82.625, 2.7370495095734763e-22, nan 
71.875, 82.625, 2.75388379957391e-22, nan 
72.125, 82.625, 2.8254240982212675e-22, nan 
72.375, 82.625, 2.641409756727534e-22, nan 
72.625, 82.625, 2.6009065165804097e-22, nan 
72.875, 82.625, 2.257653914382622e-22, nan 
73.125, 82.625, 2.705561892338659e-22, nan 
73.375, 82.625, 2.086255678544073e-22, nan 
73.625, 82.625, 1.7257919193123189e-22, nan 
73.875, 82.625, 2.3087738918373775e-22, nan 
74.125, 82.625, 2.0180695377267176e-22, nan 
74.375, 82.625, 2.27564856226046e-22, nan 
74.625, 82.625, 3.881690298458052e-22, nan 
74.875, 82.625, 3.8151793058819183e-22, nan 
75.125, 82.625, 3.6663758113318633e-22, nan 
75.375, 82.625, 2.912513835437726e-22, nan 
75.625, 82.625, 3.6406592414205247e-22, nan 
75.875, 82.625, 3.4468505559587107e-22, nan 
76.125, 82.625, 3.3727720602454962e-22, nan 
76.375, 82.625, 3.1862591157300466e-22, nan 
76.625, 82.625, 3.963109504718726e-22, nan 
76.875, 82.625, 5.145469250082992e-22, nan 
77.125, 82.625, 4.286445169989033e-22, nan 
77.375, 82.625, 3.8929800916268093e-22, nan 
77.625, 82.625, 3.88552101632995e-22, nan 
77.875, 82.625, 3.5772312346734716e-22, nan 
78.125, 82.625, 3.2548409206013153e-22, nan 
78.375, 82.625, 4.231630428318339e-22, nan 
78.625, 82.625, 4.870875791530905e-22, nan 
78.875, 82.625, 4.721697303729446e-22, nan 
79.125, 82.625, 4.526814224187422e-22, nan 
79.375, 82.625, 2.8870208274192737e-22, nan 
79.625, 82.625, 2.4040814808986255e-22, nan 
79.875, 82.625, 2.173729297673601e-22, nan 
80.125, 82.625, 2.414302015385549e-22, nan 
80.375, 82.625, 2.668201953830727e-22, nan 
80.625, 82.625, 3.1100803137142265e-22, nan 
80.875, 82.625, 3.556058771875265e-22, nan 
81.125, 82.625, 3.5008042184297125e-22, nan 
81.375, 82.625, 2.5322544191012874e-22, nan 
81.625, 82.625, 3.527735746208505e-22, nan 
81.875, 82.625, 1.628846648215963e-22, nan 
82.125, 82.625, 1.7959631438767727e-22, nan 
82.375, 82.625, 2.0420462149668064e-22, nan 
82.625, 82.625, 3.0758971806613964e-22, nan 
82.875, 82.625, 2.209596102808464e-22, nan 
83.125, 82.625, 2.766832145883566e-22, nan 
83.375, 82.625, 3.2392076814080243e-22, nan 
83.625, 82.625, 2.3353323205529058e-22, nan 
83.875, 82.625, 2.0747427716465692e-22, nan 
84.125, 82.625, 3.296123861658743e-22, nan 
84.375, 82.625, 4.904314148688162e-22, nan 
84.625, 82.625, 2.168546633148467e-22, nan 
84.875, 82.625, 2.7244841579652446e-22, nan 
85.125, 82.625, 2.911676989896739e-22, nan 
85.375, 82.625, 2.521895661355238e-22, nan 
85.625, 82.625, 3.3275075733714203e-22, nan 
85.875, 82.625, 3.3441923947147864e-22, nan 
86.125, 82.625, 3.960686374330821e-22, nan 
86.375, 82.625, 2.8456128576928164e-22, nan 
86.625, 82.625, 2.758757667231966e-22, nan 
86.875, 82.625, 2.0320896827508192e-22, nan 
87.125, 82.625, 2.9669164926198794e-22, nan 
87.375, 82.625, 3.33592011964364e-22, nan 
87.625, 82.625, 2.714537655547002e-22, nan 
87.875, 82.625, 3.0947787638634195e-22, nan 
88.125, 82.625, 4.120246417073165e-22, nan 
88.375, 82.625, 3.872372245109059e-22, nan 
88.625, 82.625, 3.487224241958471e-22, nan 
88.875, 82.625, 3.71950750496714e-22, nan 
89.125, 82.625, 4.006276540110278e-22, nan 
89.375, 82.625, 4.252907857962691e-22, nan 
89.625, 82.625, 4.044147171256749e-22, nan 
89.875, 82.625, 4.7956572019297835e-22, nan 
90.125, 82.625, 4.320439892120143e-22, nan 
90.375, 82.625, 4.2110533855801313e-22, nan 
90.625, 82.625, 4.0004124020786547e-22, nan 
90.875, 82.625, 2.6295115903692543e-22, nan 
91.125, 82.625, 1.7440960837480638e-22, nan 
91.375, 82.625, 4.7221460353324136e-23, nan 
91.625, 82.625, 8.241762518600829e-23, nan 
91.875, 82.625, 8.550771771123117e-23, nan 
92.125, 82.625, 2.1189774538942882e-22, nan 
92.375, 82.625, 1.8433896546393912e-22, nan 
92.625, 82.625, 2.146025746572559e-22, nan 
92.875, 82.625, 2.36832264933874e-22, nan 
93.125, 82.625, 2.52487640004551e-22, nan 
93.375, 82.625, 2.9822317165333304e-22, nan 
93.625, 82.625, 3.123542332806862e-22, nan 
93.875, 82.625, 3.2100760961254e-22, nan 
94.125, 82.625, 3.3417278904136276e-22, nan 
94.375, 82.625, 3.281254915474015e-22, nan 
94.625, 82.625, 2.8771891796151286e-22, nan 
94.875, 82.625, 3.5205006889498766e-22, nan 
95.125, 82.625, 3.3112752289802196e-22, nan 
95.375, 82.625, 4.027704618821642e-22, nan 
95.625, 82.625, 2.3418757998067025e-22, nan 
95.875, 82.625, 3.9217749598180806e-22, nan 
96.125, 82.625, 2.534811962337265e-22, nan 
96.375, 82.625, 2.276371856653663e-22, nan 
96.625, 82.625, 5.699312393685865e-22, nan 
96.875, 82.625, 5.263053550024743e-22, nan 
97.125, 82.625, 6.561870990311055e-22, nan 
97.375, 82.625, 5.740292748170822e-22, nan 
97.625, 82.625, 5.03393383226621e-22, nan 
97.875, 82.625, 5.811488060432992e-22, nan 
98.125, 82.625, 5.95353827232425e-22, nan 
98.375, 82.625, 8.182898831373493e-22, nan 
98.625, 82.625, 6.396161129888827e-22, nan 
98.875, 82.625, 7.269920075490103e-22, nan 
99.125, 82.625, 6.965932182435769e-22, nan 
99.375, 82.625, 4.172067838083468e-22, nan 
99.625, 82.625, 6.262708329545498e-22, nan 
99.875, 82.625, 5.72236513300156e-22, nan 
100.125, 82.625, 2.4450613185513277e-22, nan 
100.375, 82.625, 4.875331838508009e-22, nan 
100.625, 82.625, 2.867335294974284e-22, nan 
100.875, 82.625, 2.3522111328540276e-22, nan 
101.125, 82.625, 2.8922290627679234e-22, nan 
101.375, 82.625, 5.762427116085095e-22, nan 
101.625, 82.625, 6.022949496910967e-22, nan 
101.875, 82.625, 7.286017337347035e-22, nan 
102.125, 82.625, 7.3234601057933415e-22, nan 
102.375, 82.625, 7.825350982290558e-22, nan 
102.625, 82.625, 6.489453580336328e-22, nan 
102.875, 82.625, 7.942453498583748e-22, nan 
103.125, 82.625, 9.185701140138274e-22, nan 
103.375, 82.625, 1.0356611289422622e-21, nan 
103.625, 82.625, 9.911555160721495e-22, nan 
103.875, 82.625, 9.616884005268545e-22, nan 
104.125, 82.625, 1.063229868015948e-21, nan 
104.375, 82.625, 1.4045084665609324e-21, nan 
104.625, 82.625, 1.2461203021728525e-21, nan 
104.875, 82.625, 1.0674714248759559e-21, nan 
105.125, 82.625, 9.866605692011145e-22, nan 
105.375, 82.625, 9.920123393764542e-22, nan 
105.625, 82.625, 8.638967246694797e-22, nan 
105.875, 82.625, 8.624455099104626e-22, nan 
106.125, 82.625, 1.2550682295995957e-21, nan 
106.375, 82.625, 1.3200002412159594e-21, nan 
106.625, 82.625, 1.361452951662593e-21, nan 
106.875, 82.625, 1.2674858929629771e-21, nan 
107.125, 82.625, 1.3305057846114651e-21, nan 
107.375, 82.625, 1.3814467671488438e-21, nan 
107.625, 82.625, 1.4719489692322658e-21, nan 
107.875, 82.625, 1.4437536041747312e-21, nan 
108.125, 82.625, 1.5269183906473253e-21, nan 
108.375, 82.625, 1.7101831933562944e-21, nan 
108.625, 82.625, 1.781908036208452e-21, nan 
108.875, 82.625, 1.8810093128702307e-21, nan 
109.125, 82.625, 2.060598860730168e-21, nan 
109.375, 82.625, 2.2262649933161062e-21, nan 
109.625, 82.625, 1.976446106326835e-21, nan 
109.875, 82.625, 2.5175834554696256e-21, nan 
110.125, 82.625, 2.530099239710335e-21, nan 
110.375, 82.625, 2.4977070925942916e-21, nan 
110.625, 82.625, 2.6289790780868105e-21, nan 
110.875, 82.625, 2.0859273950096616e-21, nan 
111.125, 82.625, 1.7712056355116318e-21, nan 
111.375, 82.625, 1.2456263779385451e-21, nan 
111.625, 82.625, 1.2155116861619831e-21, nan 
111.875, 82.625, 9.036951014605018e-22, nan 
112.125, 82.625, 6.9224019218502875e-22, nan 
112.375, 82.625, 6.289615536553009e-22, nan 
112.625, 82.625, 6.722103575299034e-22, nan 
112.875, 82.625, 6.208317067813298e-22, nan 
113.125, 82.625, 5.451901405827872e-22, nan 
113.375, 82.625, 6.883226922653727e-22, nan 
113.625, 82.625, 4.23140982981378e-22, nan 
113.875, 82.625, 3.634575688111041e-22, nan 
114.125, 82.625, 2.9605148283689515e-22, nan 
114.375, 82.625, 5.257905914656116e-22, nan 
114.625, 82.625, 4.0416022237632504e-22, nan 
114.875, 82.625, 3.0197968926293122e-22, nan 
115.125, 82.625, 1.7958793581941163e-22, nan 
115.375, 82.625, 3.0635846140373867e-22, nan 
115.625, 82.625, 2.52299252664318e-22, nan 
115.875, 82.625, 1.5303424297011037e-22, nan 
116.125, 82.625, 2.188592836264039e-22, nan 
116.375, 82.625, 2.368868317419257e-22, nan 
116.625, 82.625, 2.1678331238306344e-22, nan 
116.875, 82.625, 2.204688677948326e-22, nan 
117.125, 82.625, 2.7302919099744194e-22, nan 
117.375, 82.625, 2.0634295256599778e-22, nan 
117.625, 82.625, 1.4890540166286245e-22, nan 
117.875, 82.625, 2.1398638863565816e-22, nan 
118.125, 82.625, 3.5109973917634117e-22, nan 
118.375, 82.625, 2.1499179346461715e-22, nan 
118.625, 82.625, 2.1853578833188412e-22, nan 
118.875, 82.625, 2.1155692464977838e-22, nan 
119.125, 82.625, 2.0901853422428546e-22, nan 
119.375, 82.625, 2.3974653230585394e-22, nan 
119.625, 82.625, 2.7704961389111635e-22, nan 
119.875, 82.625, 3.5442558257639187e-22, nan 
120.125, 82.625, 2.5115346030555816e-22, nan 
120.375, 82.625, 2.6913455435810234e-22, nan 
120.625, 82.625, 2.981139516707277e-22, nan 
120.875, 82.625, 2.1434609598833835e-22, nan 
121.125, 82.625, 1.7082442950566943e-22, nan 
121.375, 82.625, 1.6601941011872081e-22, nan 
121.625, 82.625, 1.4329754039182718e-22, nan 
121.875, 82.625, 1.6847656276230132e-22, nan 
122.125, 82.625, 2.414364562658804e-22, nan 
122.375, 82.625, 2.5380275370878065e-22, nan 
122.625, 82.625, 2.2074443781054755e-22, nan 
122.875, 82.625, 1.8620180307455355e-22, nan 
123.125, 82.625, 1.6031734787714442e-22, nan 
123.375, 82.625, 8.475969448402069e-23, nan 
123.625, 82.625, 9.207407325599609e-23, nan 
123.875, 82.625, 1.1907168964434008e-22, nan 
124.125, 82.625, 1.687884925530764e-22, nan 
124.375, 82.625, 1.9484647304970182e-22, nan 
124.625, 82.625, 2.276714124041645e-22, nan 
124.875, 82.625, 3.051536452915602e-22, nan 
125.125, 82.625, 3.5250867461971194e-22, nan 
125.375, 82.625, 3.5676439105332986e-22, nan 
125.625, 82.625, 3.6013641268384743e-22, nan 
125.875, 82.625, 3.786541809343953e-22, nan 
126.125, 82.625, 4.614651344075733e-22, nan 
126.375, 82.625, 4.889565258416752e-22, nan 
126.625, 82.625, 5.173082783219864e-22, nan 
126.875, 82.625, 5.317538611705928e-22, nan 
127.125, 82.625, 5.551204134731047e-22, nan 
127.375, 82.625, 5.300549335600483e-22, nan 
127.625, 82.625, 5.399471669694729e-22, nan 
127.875, 82.625, 5.117974046805602e-22, nan 
128.125, 82.625, 4.65397948922523e-22, nan 
128.375, 82.625, 4.414739547510888e-22, nan 
128.625, 82.625, 4.291767511625329e-22, nan 
128.875, 82.625, 4.0545422261277935e-22, nan 
129.125, 82.625, 3.9439252273382208e-22, nan 
129.375, 82.625, 4.635456745979693e-22, nan 
129.625, 82.625, 4.838720767180591e-22, nan 
129.875, 82.625, 4.3975850732445025e-22, nan 
130.125, 82.625, 3.6690609897873654e-22, nan 
130.375, 82.625, 3.775062638370062e-22, nan 
130.625, 82.625, 3.0339953137391853e-22, nan 
130.875, 82.625, 3.306323254726227e-22, nan 
131.125, 82.625, 3.4380390231059805e-22, nan 
131.375, 82.625, 3.39643747552184e-22, nan 
131.625, 82.625, 3.522304596406513e-22, nan 
131.875, 82.625, 4.0854199793154326e-22, nan 
132.125, 82.625, 3.8765029945145326e-22, nan 
132.375, 82.625, 3.299656693980243e-22, nan 
132.625, 82.625, 3.4344984516926624e-22, nan 
132.875, 82.625, 3.4238990974591113e-22, nan 
133.125, 82.625, 3.10951795754779e-22, nan 
133.375, 82.625, 2.4925302689477457e-22, nan 
133.625, 82.625, 2.1786783326010295e-22, nan 
133.875, 82.625, 2.0306343996659223e-22, nan 
134.125, 82.625, 2.7861361618646266e-22, nan 
134.375, 82.625, 3.337822992353875e-22, nan 
134.625, 82.625, 4.1631296720947487e-22, nan 
134.875, 82.625, 4.499067458304459e-22, nan 
135.125, 82.625, 4.104446218358616e-22, nan 
135.375, 82.625, 5.0400578984725405e-22, nan 
135.625, 82.625, 5.4243053401551405e-22, nan 
135.875, 82.625, 4.373484568576879e-22, nan 
136.125, 82.625, 4.40970714820734e-22, nan 
136.375, 82.625, 4.488736059032855e-22, nan 
136.625, 82.625, 5.00605721634791e-22, nan 
136.875, 82.625, 5.131382724874042e-22, nan 
137.125, 82.625, 6.058751642165438e-22, nan 
137.375, 82.625, 6.110491880542151e-22, nan 
137.625, 82.625, 4.815832539014245e-22, nan 
137.875, 82.625, 5.016402439507751e-22, nan 
138.125, 82.625, 5.329596886320986e-22, nan 
138.375, 82.625, 5.614293459839179e-22, nan 
138.625, 82.625, 5.625739964508457e-22, nan 
138.875, 82.625, 5.691105323441311e-22, nan 
139.125, 82.625, 6.139215356069848e-22, nan 
139.375, 82.625, 6.034262662399834e-22, nan 
139.625, 82.625, 5.795204082897273e-22, nan 
139.875, 82.625, 5.802581246383355e-22, nan 
140.125, 82.625, 5.547666183483127e-22, nan 
140.375, 82.625, 5.674361815154621e-22, nan 
140.625, 82.625, 6.076661175340462e-22, nan 
140.875, 82.625, 5.980871259771255e-22, nan 
141.125, 82.625, 5.515881666944028e-22, nan 
141.375, 82.625, 4.6331974372173045e-22, nan 
141.625, 82.625, 5.233510950431885e-22, nan 
141.875, 82.625, 5.035569691654619e-22, nan 
142.125, 82.625, 4.528207953260401e-22, nan 
142.375, 82.625, 4.689516272374059e-22, nan 
142.625, 82.625, 6.609458558894873e-22, nan 
142.875, 82.625, 7.12390117601741e-22, nan 
143.125, 82.625, 7.956536241567214e-22, nan 
143.375, 82.625, 7.397028505097093e-22, nan 
143.625, 82.625, 7.307260769043998e-22, nan 
143.875, 82.625, 7.439484190635615e-22, nan 
144.125, 82.625, 7.431129037481471e-22, nan 
144.375, 82.625, 8.449321386315984e-22, nan 
144.625, 82.625, 8.998867623996925e-22, nan 
144.875, 82.625, 9.971162773442e-22, nan 
145.125, 82.625, 9.971435143666488e-22, nan 
145.375, 82.625, 1.0210812274689608e-21, nan 
145.625, 82.625, 1.0435265583386306e-21, nan 
145.875, 82.625, 1.1068813450555345e-21, nan 
146.125, 82.625, 9.299559334995721e-22, nan 
146.375, 82.625, 8.630262273648664e-22, nan 
146.625, 82.625, 8.751617318056393e-22, nan 
146.875, 82.625, 9.394965575024033e-22, nan 
147.125, 82.625, 1.066070420346339e-21, nan 
147.375, 82.625, 9.895332357641154e-22, nan 
147.625, 82.625, 8.65953110477822e-22, nan 
147.875, 82.625, 8.73527063020586e-22, nan 
148.125, 82.625, 9.163161980802277e-22, nan 
148.375, 82.625, 8.719614945629057e-22, nan 
148.625, 82.625, 8.96197225578653e-22, nan 
148.875, 82.625, 8.958883714294413e-22, nan 
149.125, 82.625, 9.29872209244541e-22, nan 
149.375, 82.625, 9.714461103638663e-22, nan 
149.625, 82.625, 1.0383809012414004e-21, nan 
149.875, 82.625, 1.062050699540465e-21, nan 
150.125, 82.625, 1.0725095455428092e-21, nan 
150.375, 82.625, 1.1251056189968533e-21, nan 
150.625, 82.625, 1.0455364937250233e-21, nan 
150.875, 82.625, 1.1005522919109756e-21, nan 
151.125, 82.625, 1.1395495776971339e-21, nan 
151.375, 82.625, 1.1882420863863085e-21, nan 
151.625, 82.625, 1.1857102291465408e-21, nan 
151.875, 82.625, 1.2127138739637052e-21, nan 
152.125, 82.625, 1.3263242074537063e-21, nan 
152.375, 82.625, 1.160776137778143e-21, nan 
152.625, 82.625, 1.1705899529305498e-21, nan 
152.875, 82.625, 1.1769197745785103e-21, nan 
153.125, 82.625, 1.0541917336437452e-21, nan 
153.375, 82.625, 1.1094755371201026e-21, nan 
153.625, 82.625, 1.1131592618862476e-21, nan 
153.875, 82.625, 1.077295171284913e-21, nan 
154.125, 82.625, 1.1470988297855583e-21, nan 
154.375, 82.625, 1.1214225854743323e-21, nan 
154.625, 82.625, 1.0519653749225769e-21, nan 
154.875, 82.625, 1.1679615107659021e-21, nan 
155.125, 82.625, 1.1497547768733314e-21, nan 
155.375, 82.625, 1.2572479625673733e-21, nan 
155.625, 82.625, 1.2324246102714282e-21, nan 
155.875, 82.625, 1.2154188851495167e-21, nan 
156.125, 82.625, 1.1945560225292821e-21, nan 
156.375, 82.625, 1.1152250911175369e-21, nan 
156.625, 82.625, 1.183751495681509e-21, nan 
156.875, 82.625, 1.1767056586435836e-21, nan 
157.125, 82.625, 1.3192550372018596e-21, nan 
157.375, 82.625, 1.1348993540468428e-21, nan 
157.625, 82.625, 1.1379390000700253e-21, nan 
157.875, 82.625, 1.1480266395012032e-21, nan 
158.125, 82.625, 1.210377663716596e-21, nan 
158.375, 82.625, 1.2141482825366718e-21, nan 
158.625, 82.625, 1.2982337953713125e-21, nan 
158.875, 82.625, 1.1979183462825786e-21, nan 
159.125, 82.625, 1.2910193347102763e-21, nan 
159.375, 82.625, 1.3199781934508377e-21, nan 
159.625, 82.625, 1.3082428975844837e-21, nan 
159.875, 82.625, 1.3355291963675928e-21, nan 
160.125, 82.625, 1.2496388232722746e-21, nan 
160.375, 82.625, 1.3282781051174236e-21, nan 
160.625, 82.625, 1.3338604500299082e-21, nan 
160.875, 82.625, 1.2473667885725327e-21, nan 
161.125, 82.625, 1.3672253031215374e-21, nan 
161.375, 82.625, 1.523452438803115e-21, nan 
161.625, 82.625, 1.42708585618509e-21, nan 
161.875, 82.625, 1.323049953977167e-21, nan 
162.125, 82.625, 1.3292064933204021e-21, nan 
162.375, 82.625, 1.4041586370476032e-21, nan 
162.625, 82.625, 1.3520444246781006e-21, nan 
162.875, 82.625, 1.4907762656140345e-21, nan 
163.125, 82.625, 1.3505747596158804e-21, nan 
163.375, 82.625, 1.5443776245729264e-21, nan 
163.625, 82.625, 1.4718136399887129e-21, nan 
163.875, 82.625, 1.495727624257982e-21, nan 
164.125, 82.625, 1.4233724690491702e-21, nan 
164.375, 82.625, 1.5990386197916193e-21, nan 
164.625, 82.625, 1.4735630803176704e-21, nan 
164.875, 82.625, 1.5832973526998944e-21, nan 
165.125, 82.625, 1.4563011758330397e-21, nan 
165.375, 82.625, 1.599094936838034e-21, nan 
165.625, 82.625, 1.65952614874486e-21, nan 
165.875, 82.625, 1.55864736306379e-21, nan 
166.125, 82.625, 1.6755972938071381e-21, nan 
166.375, 82.625, 1.5995393793089233e-21, nan 
166.625, 82.625, 1.7405842718393226e-21, nan 
166.875, 82.625, 1.7796050285507414e-21, nan 
167.125, 82.625, 1.9102449820902037e-21, nan 
167.375, 82.625, 1.754777434081907e-21, nan 
167.625, 82.625, 1.8360814683268426e-21, nan 
167.875, 82.625, 1.9427734042819075e-21, nan 
168.125, 82.625, 2.1602878688032197e-21, nan 
168.375, 82.625, 1.8832876115313924e-21, nan 
168.625, 82.625, 1.9911299825809796e-21, nan 
168.875, 82.625, 2.1025967228456123e-21, nan 
169.125, 82.625, 1.8794105857818852e-21, nan 
169.375, 82.625, 1.97571977537983e-21, nan 
169.625, 82.625, 1.9644649527126073e-21, nan 
169.875, 82.625, 1.78634408705859e-21, nan 
170.125, 82.625, 2.0821153785622508e-21, nan 
170.375, 82.625, 1.5892572436602404e-21, nan 
170.625, 82.625, 1.72620871114986e-21, nan 
170.875, 82.625, 1.8796774134174923e-21, nan 
171.125, 82.625, 1.915300629706818e-21, nan 
171.375, 82.625, 1.763869094560152e-21, nan 
171.625, 82.625, 1.6511552746166424e-21, nan 
171.875, 82.625, 1.6370156893233825e-21, nan 
172.125, 82.625, 1.598190797661176e-21, nan 
172.375, 82.625, 1.596452771584052e-21, nan 
172.625, 82.625, 1.6151825431696374e-21, nan 
172.875, 82.625, 1.4759194988457397e-21, nan 
173.125, 82.625, 1.6182152856638216e-21, nan 
173.375, 82.625, 1.673847711312643e-21, nan 
173.625, 82.625, 1.6448123253548079e-21, nan 
173.875, 82.625, 1.6248217302329414e-21, nan 
174.125, 82.625, 1.483864719387171e-21, nan 
174.375, 82.625, 1.4186156535494485e-21, nan 
174.625, 82.625, 1.2627681376666373e-21, nan 
174.875, 82.625, 1.3096822585849519e-21, nan 
175.125, 82.625, 1.3162895393505573e-21, nan 
175.375, 82.625, 1.2878567959435465e-21, nan 
175.625, 82.625, 1.3204183420969927e-21, nan 
175.875, 82.625, 1.1148021946197884e-21, nan 
176.125, 82.625, 9.629865708558903e-22, nan 
176.375, 82.625, 1.0156886206856662e-21, nan 
176.625, 82.625, 9.062969635112732e-22, nan 
176.875, 82.625, 9.443942269451641e-22, nan 
177.125, 82.625, 7.26023927232421e-22, nan 
177.375, 82.625, 7.663302005076017e-22, nan 
177.625, 82.625, 7.610273327950715e-22, nan 
177.875, 82.625, 6.802021087413172e-22, nan 
178.125, 82.625, 6.847534022731389e-22, nan 
178.375, 82.625, 5.496428469419401e-22, nan 
178.625, 82.625, 5.566971853163722e-22, nan 
178.875, 82.625, 5.879843321499185e-22, nan 
179.125, 82.625, 5.238492638065082e-22, nan 
179.375, 82.625, 5.06221794147633e-22, nan 
179.625, 82.625, 6.027939627962538e-22, nan 
179.875, 82.625, 7.049587045689781e-22, nan 
-179.875, 82.875, 9.108503585245267e-22, nan 
-179.625, 82.875, 1.0827919074504133e-21, nan 
-179.375, 82.875, 1.1020648825036391e-21, nan 
-179.125, 82.875, 7.12232324604978e-22, nan 
-178.875, 82.875, 5.367453627006317e-22, nan 
-178.625, 82.875, 1.02179921561925e-21, nan 
-178.375, 82.875, 1.0599653853595358e-21, nan 
-178.125, 82.875, 1.0984945031145377e-21, nan 
-177.875, 82.875, 1.090058803417006e-21, nan 
-177.625, 82.875, 1.2138252225328861e-21, nan 
-177.375, 82.875, 1.2607391906982314e-21, nan 
-177.125, 82.875, 1.1602111103706412e-21, nan 
-176.875, 82.875, 8.89854799743426e-22, nan 
-176.625, 82.875, 1.1470700131879998e-21, nan 
-176.375, 82.875, 1.3108497939668335e-21, nan 
-176.125, 82.875, 1.2234453397635906e-21, nan 
-175.875, 82.875, 1.0962941039003178e-21, nan 
-175.625, 82.875, 1.1669884684533152e-21, nan 
-175.375, 82.875, 1.18237377588057e-21, nan 
-175.125, 82.875, 1.2158043459879265e-21, nan 
-174.875, 82.875, 1.0421002205979026e-21, nan 
-174.625, 82.875, 1.0726081130168904e-21, nan 
-174.375, 82.875, 1.2186648248678972e-21, nan 
-174.125, 82.875, 1.3386040902453137e-21, nan 
-173.875, 82.875, 1.2329905747407074e-21, nan 
-173.625, 82.875, 1.1797113512694403e-21, nan 
-173.375, 82.875, 1.1916848092778071e-21, nan 
-173.125, 82.875, 1.2621209304558331e-21, nan 
-172.875, 82.875, 1.2477768045971455e-21, nan 
-172.625, 82.875, 1.2306728917615024e-21, nan 
-172.375, 82.875, 1.2369851362909888e-21, nan 
-172.125, 82.875, 1.1656253296938295e-21, nan 
-171.875, 82.875, 1.2484345564579308e-21, nan 
-171.625, 82.875, 1.1998287674601353e-21, nan 
-171.375, 82.875, 1.210647008340483e-21, nan 
-171.125, 82.875, 1.2000605547373635e-21, nan 
-170.875, 82.875, 1.264099247066986e-21, nan 
-170.625, 82.875, 1.1955802220095847e-21, nan 
-170.375, 82.875, 1.2233114391184698e-21, nan 
-170.125, 82.875, 1.1886201460868945e-21, nan 
-169.875, 82.875, 1.1976249415532269e-21, nan 
-169.625, 82.875, 1.1547770951829961e-21, nan 
-169.375, 82.875, 1.056926393676047e-21, nan 
-169.125, 82.875, 9.39163271795137e-22, nan 
-168.875, 82.875, 1.1019105015239853e-21, nan 
-168.625, 82.875, 1.0996943258294067e-21, nan 
-168.375, 82.875, 9.374623039244904e-22, nan 
-168.125, 82.875, 9.9612387261649e-22, nan 
-167.875, 82.875, 9.385032934987048e-22, nan 
-167.625, 82.875, 8.615895907560442e-22, nan 
-167.375, 82.875, 1.0077786847525016e-21, nan 
-167.125, 82.875, 8.978627051534589e-22, nan 
-166.875, 82.875, 8.164860626913899e-22, nan 
-166.625, 82.875, 7.9522031183737e-22, nan 
-166.375, 82.875, 9.153349505345333e-22, nan 
-166.125, 82.875, 9.659998556856878e-22, nan 
-165.875, 82.875, 7.934288361108849e-22, nan 
-165.625, 82.875, 7.951016715298494e-22, nan 
-165.375, 82.875, 7.989895649898711e-22, nan 
-165.125, 82.875, 7.897601684794715e-22, nan 
-164.875, 82.875, 7.6363531461596635e-22, nan 
-164.625, 82.875, 8.0233453688773e-22, nan 
-164.375, 82.875, 8.276987774336911e-22, nan 
-164.125, 82.875, 7.570342369427135e-22, nan 
-163.875, 82.875, 7.678742677400841e-22, nan 
-163.625, 82.875, 7.403108695037264e-22, nan 
-163.375, 82.875, 7.611490114571324e-22, nan 
-163.125, 82.875, 8.1159039986593755e-22, nan 
-162.875, 82.875, 7.7062452867696e-22, nan 
-162.625, 82.875, 7.647314379705277e-22, nan 
-162.375, 82.875, 8.712288453523114e-22, nan 
-162.125, 82.875, 8.79738456685378e-22, nan 
-161.875, 82.875, 8.533443168619886e-22, nan 
-161.625, 82.875, 9.140912493330917e-22, nan 
-161.375, 82.875, 9.47158985982546e-22, nan 
-161.125, 82.875, 9.676494400942858e-22, nan 
-160.875, 82.875, 9.685565805111604e-22, nan 
-160.625, 82.875, 9.085675315966043e-22, nan 
-160.375, 82.875, 9.304677580623867e-22, nan 
-160.125, 82.875, 8.705123627748809e-22, nan 
-159.875, 82.875, 8.498995985796764e-22, nan 
-159.625, 82.875, 8.936920470054508e-22, nan 
-159.375, 82.875, 9.303979543524297e-22, nan 
-159.125, 82.875, 9.533435996980988e-22, nan 
-158.875, 82.875, 8.614819657955341e-22, nan 
-158.625, 82.875, 8.259425025651658e-22, nan 
-158.375, 82.875, 9.680606245302713e-22, nan 
-158.125, 82.875, 8.850051961850082e-22, nan 
-157.875, 82.875, 9.006342286798247e-22, nan 
-157.625, 82.875, 9.0642157848787e-22, nan 
-157.375, 82.875, 8.325262051373763e-22, nan 
-157.125, 82.875, 8.92994639682493e-22, nan 
-156.875, 82.875, 9.512597759456316e-22, nan 
-156.625, 82.875, 9.516739353827752e-22, nan 
-156.375, 82.875, 8.98374165452105e-22, nan 
-156.125, 82.875, 8.57448005071932e-22, nan 
-155.875, 82.875, 8.1127946224686345e-22, nan 
-155.625, 82.875, 8.3704489440872655e-22, nan 
-155.375, 82.875, 8.48441762275407e-22, nan 
-155.125, 82.875, 8.650623212759775e-22, nan 
-154.875, 82.875, 8.764059223547875e-22, nan 
-154.625, 82.875, 7.296245853882785e-22, nan 
-154.375, 82.875, 7.182594800895254e-22, nan 
-154.125, 82.875, 7.454192877725543e-22, nan 
-153.875, 82.875, 8.455542264346763e-22, nan 
-153.625, 82.875, 8.4437918749900915e-22, nan 
-153.375, 82.875, 8.489637862319358e-22, nan 
-153.125, 82.875, 8.343646204806453e-22, nan 
-152.875, 82.875, 7.800022730020899e-22, nan 
-152.625, 82.875, 7.817494302407144e-22, nan 
-152.375, 82.875, 8.133657352097953e-22, nan 
-152.125, 82.875, 7.224234696668679e-22, nan 
-151.875, 82.875, 8.016457100816506e-22, nan 
-151.625, 82.875, 7.949520325812599e-22, nan 
-151.375, 82.875, 7.450993710403387e-22, nan 
-151.125, 82.875, 7.602586822344587e-22, nan 
-150.875, 82.875, 7.147109910362979e-22, nan 
-150.625, 82.875, 7.163411100779703e-22, nan 
-150.375, 82.875, 7.216654771038904e-22, nan 
-150.125, 82.875, 7.271040169770499e-22, nan 
-149.875, 82.875, 7.373537405715646e-22, nan 
-149.625, 82.875, 7.339576556266285e-22, nan 
-149.375, 82.875, 7.354092503471885e-22, nan 
-149.125, 82.875, 6.993393112417999e-22, nan 
-148.875, 82.875, 6.886003417132426e-22, nan 
-148.625, 82.875, 6.989331613295252e-22, nan 
-148.375, 82.875, 6.955318943651122e-22, nan 
-148.125, 82.875, 6.363624640193014e-22, nan 
-147.875, 82.875, 6.21704592524891e-22, nan 
-147.625, 82.875, 6.278474561120333e-22, nan 
-147.375, 82.875, 6.040061689368156e-22, nan 
-147.125, 82.875, 5.773827541835831e-22, nan 
-146.875, 82.875, 5.588650712032446e-22, nan 
-146.625, 82.875, 4.94860132288334e-22, nan 
-146.375, 82.875, 5.142532658513923e-22, nan 
-146.125, 82.875, 5.924043577653484e-22, nan 
-145.875, 82.875, 6.024120803031209e-22, nan 
-145.625, 82.875, 5.8766509637625595e-22, nan 
-145.375, 82.875, 5.751011513980473e-22, nan 
-145.125, 82.875, 5.930691215021556e-22, nan 
-144.875, 82.875, 6.0820832020924485e-22, nan 
-144.625, 82.875, 5.171644191816079e-22, nan 
-144.375, 82.875, 4.630682561762288e-22, nan 
-144.125, 82.875, 4.872395761323244e-22, nan 
-143.875, 82.875, 4.401001105462017e-22, nan 
-143.625, 82.875, 3.5110974250484546e-22, nan 
-143.375, 82.875, 3.189597282173052e-22, nan 
-143.125, 82.875, 3.497493624390355e-22, nan 
-142.875, 82.875, 3.017410237015079e-22, nan 
-142.625, 82.875, 2.54677380739067e-22, nan 
-142.375, 82.875, 2.5505730857950095e-22, nan 
-142.125, 82.875, 3.213766856365439e-22, nan 
-141.875, 82.875, 3.2862077601819667e-22, nan 
-141.625, 82.875, 3.242163638070004e-22, nan 
-141.375, 82.875, 3.477284984852015e-22, nan 
-141.125, 82.875, 3.4261320237639844e-22, nan 
-140.875, 82.875, 3.574312282747652e-22, nan 
-140.625, 82.875, 3.243359478590336e-22, nan 
-140.375, 82.875, 2.943285581365118e-22, nan 
-140.125, 82.875, 3.0960908273086734e-22, nan 
-139.875, 82.875, 3.0801325267903143e-22, nan 
-139.625, 82.875, 2.6996164875648106e-22, nan 
-139.375, 82.875, 2.664527780502731e-22, nan 
-139.125, 82.875, 2.4896977125449022e-22, nan 
-138.875, 82.875, 2.561568808766327e-22, nan 
-138.625, 82.875, 2.691192762118773e-22, nan 
-138.375, 82.875, 2.698007621168146e-22, nan 
-138.125, 82.875, 2.417800686603396e-22, nan 
-137.875, 82.875, 2.328940644817445e-22, nan 
-137.625, 82.875, 2.419584249335094e-22, nan 
-137.375, 82.875, 2.4086300676334663e-22, nan 
-137.125, 82.875, 2.3120252947490267e-22, nan 
-136.875, 82.875, 1.9867777281083082e-22, nan 
-136.625, 82.875, 2.1005548414493354e-22, nan 
-136.375, 82.875, 2.3854195674522743e-22, nan 
-136.125, 82.875, 2.5554560989432404e-22, nan 
-135.875, 82.875, 2.288249627345895e-22, nan 
-135.625, 82.875, 2.3897811252286795e-22, nan 
-135.375, 82.875, 3.1815402837671015e-22, nan 
-135.125, 82.875, 4.024838763295532e-22, nan 
-134.875, 82.875, 3.7595154728358196e-22, nan 
-134.625, 82.875, 2.9447908334017023e-22, nan 
-134.375, 82.875, 3.593590948550679e-22, nan 
-134.125, 82.875, 4.1046974973674026e-22, nan 
-133.875, 82.875, 4.358473536007244e-22, nan 
-133.625, 82.875, 4.0514410042971486e-22, nan 
-133.375, 82.875, 3.5347678802249494e-22, nan 
-133.125, 82.875, 3.2174494309633727e-22, nan 
-132.875, 82.875, 3.119512466778091e-22, nan 
-132.625, 82.875, 3.054566038800226e-22, nan 
-132.375, 82.875, 2.88331854870463e-22, nan 
-132.125, 82.875, 2.7109944275433566e-22, nan 
-131.875, 82.875, 2.85784668334316e-22, nan 
-131.625, 82.875, 2.8753457578756226e-22, nan 
-131.375, 82.875, 2.893847100078095e-22, nan 
-131.125, 82.875, 2.950091000247072e-22, nan 
-130.875, 82.875, 3.097853976465227e-22, nan 
-130.625, 82.875, 3.104810942221067e-22, nan 
-130.375, 82.875, 3.2441775523087734e-22, nan 
-130.125, 82.875, 3.2449642668166277e-22, nan 
-129.875, 82.875, 3.0816874601111035e-22, nan 
-129.625, 82.875, 3.2122848147867377e-22, nan 
-129.375, 82.875, 2.783229251674931e-22, nan 
-129.125, 82.875, 2.3081749301732596e-22, nan 
-128.875, 82.875, 2.443949381026495e-22, nan 
-128.625, 82.875, 2.946320032846872e-22, nan 
-128.375, 82.875, 3.3610295292855903e-22, nan 
-128.125, 82.875, 3.8225326565578153e-22, nan 
-127.875, 82.875, 2.6491293556516277e-22, nan 
-127.625, 82.875, 2.79302634387423e-22, nan 
-127.375, 82.875, 3.8565724831919303e-22, nan 
-127.125, 82.875, 3.838195405176228e-22, nan 
-126.875, 82.875, 8.534424796382786e-22, nan 
-126.625, 82.875, 9.5537309459548e-22, nan 
-126.375, 82.875, 1.0390254572806902e-21, nan 
-126.125, 82.875, 1.172346985492824e-21, nan 
-125.875, 82.875, 1.349506257624477e-21, nan 
-125.625, 82.875, 1.1461128321806378e-21, nan 
-125.375, 82.875, 1.0513976138362613e-21, nan 
-125.125, 82.875, 1.1037690183933014e-21, nan 
-124.875, 82.875, 1.106616028475904e-21, nan 
-124.625, 82.875, 1.70349333502172e-21, nan 
-124.375, 82.875, 2.3114860812490403e-21, nan 
-124.125, 82.875, 2.34601108331689e-21, nan 
-123.875, 82.875, 2.4532191779648527e-21, nan 
-123.625, 82.875, 2.3006185812777743e-21, nan 
-123.375, 82.875, 2.4761669498486298e-21, nan 
-123.125, 82.875, 2.588634491768948e-21, nan 
-122.875, 82.875, 2.5603013701771695e-21, nan 
-122.625, 82.875, 2.1795006062352376e-21, nan 
-122.375, 82.875, 1.9921949575943964e-21, nan 
-122.125, 82.875, 2.9683743142590624e-21, nan 
-121.875, 82.875, 2.98864885869755e-21, nan 
-121.625, 82.875, 3.025337236807564e-21, nan 
-121.375, 82.875, 2.8851529464070456e-21, nan 
-121.125, 82.875, 2.6515194695055195e-21, nan 
-120.875, 82.875, 2.3909947915749207e-21, nan 
-120.625, 82.875, 2.0151297112205726e-21, nan 
-120.375, 82.875, 1.6704983258766413e-21, nan 
-120.125, 82.875, 1.3809931289641213e-21, nan 
-119.875, 82.875, 1.337524579329819e-21, nan 
-119.625, 82.875, 1.123434063387879e-21, nan 
-119.375, 82.875, 9.518782998831007e-22, nan 
-119.125, 82.875, 9.017590254854932e-22, nan 
-118.875, 82.875, 1.0606792541841977e-21, nan 
-118.625, 82.875, 1.11917746506523e-21, nan 
-118.375, 82.875, 1.1570557520574009e-21, nan 
-118.125, 82.875, 1.255214706340339e-21, nan 
-117.875, 82.875, 1.1871388969604478e-21, nan 
-117.625, 82.875, 1.141125582604517e-21, nan 
-117.375, 82.875, 1.071647811105817e-21, nan 
-117.125, 82.875, 1.2806879405014863e-21, nan 
-116.875, 82.875, 1.3436748848799705e-21, nan 
-116.625, 82.875, 1.2290146472184327e-21, nan 
-116.375, 82.875, 1.1662693321465453e-21, nan 
-116.125, 82.875, 1.06898455471977e-21, nan 
-115.875, 82.875, 1.3110684398377308e-21, nan 
-115.625, 82.875, 1.242237593516927e-21, nan 
-115.375, 82.875, 1.0732652969027846e-21, nan 
-115.125, 82.875, 1.1835894410366542e-21, nan 
-114.875, 82.875, 1.2357992619340972e-21, nan 
-114.625, 82.875, 1.2047526785100106e-21, nan 
-114.375, 82.875, 1.0354546882589557e-21, nan 
-114.125, 82.875, 8.685882433294036e-22, nan 
-113.875, 82.875, 6.330664956363422e-22, nan 
-113.625, 82.875, 6.433754239721969e-22, nan 
-113.375, 82.875, 7.457875327569795e-22, nan 
-113.125, 82.875, 6.793032343937443e-22, nan 
-112.875, 82.875, 7.281527257288597e-22, nan 
-112.625, 82.875, 7.274079095712013e-22, nan 
-112.375, 82.875, 6.543145562830709e-22, nan 
-112.125, 82.875, 5.147638130568934e-22, nan 
-111.875, 82.875, 5.065381849125649e-22, nan 
-111.625, 82.875, 4.7845691250877945e-22, nan 
-111.375, 82.875, 5.97029969614642e-22, nan 
-111.125, 82.875, 1.0063629592363291e-21, nan 
-110.875, 82.875, 8.6557511411272e-22, nan 
-110.625, 82.875, 1.3109835049892577e-21, nan 
-110.375, 82.875, 1.5819758681774747e-21, nan 
-110.125, 82.875, 1.5302211954362918e-21, nan 
-109.875, 82.875, 1.3819086699670965e-21, nan 
-109.625, 82.875, 1.401051262697218e-21, nan 
-109.375, 82.875, 1.3975150408332996e-21, nan 
-109.125, 82.875, 1.3340794945997794e-21, nan 
-108.875, 82.875, 1.2179397498306124e-21, nan 
-108.625, 82.875, 1.1076773255254017e-21, nan 
-108.375, 82.875, 9.836259526446369e-22, nan 
-108.125, 82.875, 1.157980247534101e-21, nan 
-107.875, 82.875, 1.0919571589604865e-21, nan 
-107.625, 82.875, 8.590986080586563e-22, nan 
-107.375, 82.875, 7.4729936832350015e-22, nan 
-107.125, 82.875, 7.230379444205738e-22, nan 
-106.875, 82.875, 6.876636954075319e-22, nan 
-106.625, 82.875, 6.365707053466042e-22, nan 
-106.375, 82.875, 5.8204927759211525e-22, nan 
-106.125, 82.875, 4.4337801844267285e-22, nan 
-105.875, 82.875, 4.867809597236425e-22, nan 
-105.625, 82.875, 6.422040524881184e-22, nan 
-105.375, 82.875, 6.387602494542944e-22, nan 
-105.125, 82.875, 6.436708513983137e-22, nan 
-104.875, 82.875, 6.262589247795084e-22, nan 
-104.625, 82.875, 5.397339890911032e-22, nan 
-104.375, 82.875, 4.25514352403802e-22, nan 
-104.125, 82.875, 4.585116289672593e-22, nan 
-103.875, 82.875, 5.939589883887297e-22, nan 
-103.625, 82.875, 8.07899030046971e-22, nan 
-103.375, 82.875, 1.0736250163217198e-21, nan 
-103.125, 82.875, 1.100236134636748e-21, nan 
-102.875, 82.875, 1.3000082704609986e-21, nan 
-102.625, 82.875, 1.4136531046567643e-21, nan 
-102.375, 82.875, 1.2588889370397697e-21, nan 
-102.125, 82.875, 9.272661711326446e-22, nan 
-101.875, 82.875, 7.155213422037662e-22, nan 
-101.625, 82.875, 6.454828862057591e-22, nan 
-101.375, 82.875, 8.317057256437712e-22, nan 
-101.125, 82.875, 9.436575389713852e-22, nan 
-100.875, 82.875, 9.486551696521719e-22, nan 
-100.625, 82.875, 1.0124477889593238e-21, nan 
-100.375, 82.875, 1.0282975054078234e-21, nan 
-100.125, 82.875, 9.738449692008404e-22, nan 
-99.875, 82.875, 8.256138161455708e-22, nan 
-99.625, 82.875, 7.08513915688033e-22, nan 
-99.375, 82.875, 5.370143392301264e-22, nan 
-99.125, 82.875, 4.131112536047904e-22, nan 
-98.875, 82.875, 2.514262181018557e-22, nan 
-98.625, 82.875, 3.479529062601241e-22, nan 
-98.375, 82.875, 4.974114996631017e-22, nan 
-98.125, 82.875, 4.811432255940146e-22, nan 
-97.875, 82.875, 2.72549990461912e-22, nan 
-97.625, 82.875, 2.574259301140052e-22, nan 
-97.375, 82.875, 5.099881506613924e-22, nan 
-97.125, 82.875, 4.0941637187094013e-22, nan 
-96.875, 82.875, 3.8969669768216353e-22, nan 
-96.625, 82.875, 2.832853326483769e-22, nan 
-96.375, 82.875, 3.1450367711485644e-22, nan 
-96.125, 82.875, 3.578216513955833e-22, nan 
-95.875, 82.875, 3.8124809888332936e-22, nan 
-95.625, 82.875, 4.523829311376983e-22, nan 
-95.375, 82.875, 5.12973593670062e-22, nan 
-95.125, 82.875, 5.320711690283561e-22, nan 
-94.875, 82.875, 5.471815010402059e-22, nan 
-94.625, 82.875, 6.002529026281913e-22, nan 
-94.375, 82.875, 5.264226476817862e-22, nan 
-94.125, 82.875, 5.151358480705474e-22, nan 
-93.875, 82.875, 5.984927719674554e-22, nan 
-93.625, 82.875, 4.931527225861199e-22, nan 
-93.375, 82.875, 2.6874197073107117e-22, nan 
-93.125, 82.875, 2.0166911819904177e-22, nan 
-92.875, 82.875, 2.0601148570922685e-22, nan 
-92.625, 82.875, 2.2486295968089357e-22, nan 
-92.375, 82.875, 1.7697889140991532e-22, nan 
-92.125, 82.875, 1.5069213573837732e-22, nan 
-91.875, 82.875, 1.803423321967593e-22, nan 
-91.625, 82.875, 2.385286209743561e-22, nan 
-91.375, 82.875, 1.7424574469053757e-22, nan 
-91.125, 82.875, 1.5707998579373171e-22, nan 
-90.875, 82.875, 1.7441858400963092e-22, nan 
-90.625, 82.875, 1.7715288014352566e-22, nan 
-90.375, 82.875, 1.5588943119953455e-22, nan 
-90.125, 82.875, 1.3688688690237644e-22, nan 
-89.875, 82.875, 1.809201720224823e-22, nan 
-89.625, 82.875, 2.6042479055078927e-22, nan 
-89.375, 82.875, 2.2470452067301567e-22, nan 
-89.125, 82.875, 2.1113601731242269e-22, nan 
-88.875, 82.875, 1.9372401675175778e-22, nan 
-88.625, 82.875, 1.9728595038298857e-22, nan 
-88.375, 82.875, 2.218110206022557e-22, nan 
-88.125, 82.875, 1.7627221517056728e-22, nan 
-87.875, 82.875, 1.992344502902379e-22, nan 
-87.625, 82.875, 2.083588046418832e-22, nan 
-87.375, 82.875, 2.528607576839509e-22, nan 
-87.125, 82.875, 2.357993871209207e-22, nan 
-86.875, 82.875, 1.570530192317989e-22, nan 
-86.625, 82.875, 1.5407460095264328e-22, nan 
-86.375, 82.875, 1.4139996522114516e-22, nan 
-86.125, 82.875, 1.7779159985765936e-22, nan 
-85.875, 82.875, 2.0812010049239466e-22, nan 
-85.625, 82.875, 1.8702028223764377e-22, nan 
-85.375, 82.875, 1.8296098898578831e-22, nan 
-85.125, 82.875, 2.410150219454835e-22, nan 
-84.875, 82.875, 3.0308018882516204e-22, nan 
-84.625, 82.875, 2.1151145675864202e-22, nan 
-84.375, 82.875, 1.963071595038022e-22, nan 
-84.125, 82.875, 2.8538144942011115e-22, nan 
-83.875, 82.875, 2.8825180600010447e-22, nan 
-83.625, 82.875, 2.1285547429087874e-22, nan 
-83.375, 82.875, 2.345597138218362e-22, nan 
-83.125, 82.875, 2.205310703418979e-22, nan 
-82.875, 82.875, 2.3806406826681094e-22, nan 
54.875, 82.875, 4.200928134868982e-22, nan 
55.125, 82.875, 4.130812446942784e-22, nan 
55.375, 82.875, 4.235222396994814e-22, nan 
55.625, 82.875, 4.3473769806536875e-22, nan 
55.875, 82.875, 4.577642345432312e-22, nan 
56.125, 82.875, 3.9750581574221664e-22, nan 
56.375, 82.875, 4.23434197979135e-22, nan 
56.625, 82.875, 4.430320100293591e-22, nan 
56.875, 82.875, 4.95004467032948e-22, nan 
57.125, 82.875, 4.3912738499303665e-22, nan 
57.375, 82.875, 3.913479717284662e-22, nan 
57.625, 82.875, 4.1514435212222677e-22, nan 
57.875, 82.875, 3.525490700975701e-22, nan 
58.125, 82.875, 3.045077024650517e-22, nan 
58.375, 82.875, 2.386197232713067e-22, nan 
58.625, 82.875, 2.483278969258028e-22, nan 
58.875, 82.875, 1.27240092572066e-22, nan 
59.125, 82.875, 4.036928758372624e-23, nan 
59.375, 82.875, 4.692461278718171e-23, nan 
59.625, 82.875, 6.377884189261386e-23, nan 
59.875, 82.875, 8.647016313806229e-23, nan 
60.125, 82.875, 1.0444346192561316e-22, nan 
60.375, 82.875, 1.2613497847332677e-22, nan 
60.625, 82.875, 1.500662463930125e-22, nan 
60.875, 82.875, 1.8134823606191675e-22, nan 
61.125, 82.875, 1.8250254934267276e-22, nan 
61.375, 82.875, 1.7714453741590133e-22, nan 
61.625, 82.875, 1.8965655172748257e-22, nan 
61.875, 82.875, 2.298570457543076e-22, nan 
62.125, 82.875, 2.409545056601392e-22, nan 
62.375, 82.875, 2.044105570468523e-22, nan 
62.625, 82.875, 2.2559419632340197e-22, nan 
62.875, 82.875, 2.8059992511526285e-22, nan 
63.125, 82.875, 3.450884567310758e-22, nan 
63.375, 82.875, 3.7606817874486e-22, nan 
63.625, 82.875, 3.7080022427243517e-22, nan 
63.875, 82.875, 4.013780768437206e-22, nan 
64.125, 82.875, 4.413935427219082e-22, nan 
64.375, 82.875, 4.498841002345804e-22, nan 
64.625, 82.875, 2.7956230566756193e-22, nan 
64.875, 82.875, 1.220792695510287e-22, nan 
65.125, 82.875, 1.5667504117337886e-22, nan 
65.375, 82.875, 2.449897586613797e-22, nan 
65.625, 82.875, 2.9737911806095653e-22, nan 
65.875, 82.875, 3.402244322518485e-22, nan 
66.125, 82.875, 3.6361999113101014e-22, nan 
66.375, 82.875, 3.8236329934796977e-22, nan 
66.625, 82.875, 3.7101254677800825e-22, nan 
66.875, 82.875, 3.4763098733546783e-22, nan 
67.125, 82.875, 3.1971545171443327e-22, nan 
67.375, 82.875, 3.3450080861650897e-22, nan 
67.625, 82.875, 3.5927220996096806e-22, nan 
67.875, 82.875, 3.3920092110803723e-22, nan 
68.125, 82.875, 3.2385377260146812e-22, nan 
68.375, 82.875, 3.448253186877331e-22, nan 
68.625, 82.875, 3.234643286853645e-22, nan 
68.875, 82.875, 3.0828292575195623e-22, nan 
69.125, 82.875, 2.9039043292875407e-22, nan 
69.375, 82.875, 2.472638077142258e-22, nan 
69.625, 82.875, 2.205561521742396e-22, nan 
69.875, 82.875, 1.9738326733427666e-22, nan 
70.125, 82.875, 1.3962348258884975e-22, nan 
70.375, 82.875, 1.5022078293784603e-22, nan 
70.625, 82.875, 1.1900761915526005e-22, nan 
70.875, 82.875, 1.2875007200273534e-22, nan 
71.125, 82.875, 1.3635040653768968e-22, nan 
71.375, 82.875, 1.9065313223889902e-22, nan 
71.625, 82.875, 2.066270282495951e-22, nan 
71.875, 82.875, 4.3637778270493e-22, nan 
72.125, 82.875, 5.227947508498658e-22, nan 
72.375, 82.875, 4.780142918489556e-22, nan 
72.625, 82.875, 5.627929117735721e-22, nan 
72.875, 82.875, 4.2576395648934825e-22, nan 
73.125, 82.875, 4.123995765515878e-22, nan 
73.375, 82.875, 4.178590314435471e-22, nan 
73.625, 82.875, 2.0184095972078346e-22, nan 
73.875, 82.875, 2.1000581246610197e-22, nan 
74.125, 82.875, 2.7181863001415503e-22, nan 
74.375, 82.875, 2.6741182989767937e-22, nan 
74.625, 82.875, 2.9578841437157756e-22, nan 
74.875, 82.875, 4.270150905667424e-22, nan 
75.125, 82.875, 3.702252925975034e-22, nan 
75.375, 82.875, 2.910358154144227e-22, nan 
75.625, 82.875, 3.946618714470162e-22, nan 
75.875, 82.875, 3.42379922831352e-22, nan 
76.125, 82.875, 3.132093724421789e-22, nan 
76.375, 82.875, 3.0636920827305543e-22, nan 
76.625, 82.875, 3.5119769304582853e-22, nan 
76.875, 82.875, 4.0797872227396843e-22, nan 
77.125, 82.875, 3.3859360139916305e-22, nan 
77.375, 82.875, 3.277955393336007e-22, nan 
77.625, 82.875, 2.2358092805479265e-22, nan 
77.875, 82.875, 1.7112968395700906e-22, nan 
78.125, 82.875, 1.2896537465806035e-22, nan 
78.375, 82.875, 9.930826356954217e-23, nan 
78.625, 82.875, 1.445165590833885e-22, nan 
78.875, 82.875, 1.2170581964670248e-22, nan 
79.125, 82.875, 8.507228238781746e-23, nan 
79.375, 82.875, 1.2407325381307701e-22, nan 
79.625, 82.875, 1.2212398945381966e-22, nan 
79.875, 82.875, 7.770852495601872e-23, nan 
80.125, 82.875, 5.158256386618005e-23, nan 
80.375, 82.875, 4.351333733659046e-23, nan 
80.625, 82.875, 8.569866282858145e-23, nan 
80.875, 82.875, 7.585882438272977e-23, nan 
81.125, 82.875, 5.902794156193559e-23, nan 
81.375, 82.875, 1.233436978777668e-22, nan 
81.625, 82.875, 1.3161334329417985e-22, nan 
81.875, 82.875, 2.2803262016447464e-22, nan 
82.125, 82.875, 2.522799216106688e-22, nan 
82.375, 82.875, 2.346381909790462e-22, nan 
82.625, 82.875, 2.219913176174544e-22, nan 
82.875, 82.875, 3.0611689159535527e-22, nan 
83.125, 82.875, 3.158516319534761e-22, nan 
83.375, 82.875, 3.3121142236162566e-22, nan 
83.625, 82.875, 3.1832665981345386e-22, nan 
83.875, 82.875, 3.228778208904653e-22, nan 
84.125, 82.875, 3.696970361617666e-22, nan 
84.375, 82.875, 4.6707585554049345e-22, nan 
84.625, 82.875, 3.1797474879852676e-22, nan 
84.875, 82.875, 3.0975343149534294e-22, nan 
85.125, 82.875, 3.3501608071975413e-22, nan 
85.375, 82.875, 3.48055144514744e-22, nan 
85.625, 82.875, 3.779451522938526e-22, nan 
85.875, 82.875, 4.2121790469075605e-22, nan 
86.125, 82.875, 4.206650121054032e-22, nan 
86.375, 82.875, 5.095392583538656e-22, nan 
86.625, 82.875, 6.207671459272657e-22, nan 
86.875, 82.875, 2.7179038442089917e-22, nan 
87.125, 82.875, 2.747526854062135e-22, nan 
87.375, 82.875, 3.417089454855486e-22, nan 
87.625, 82.875, 2.6639056704512184e-22, nan 
87.875, 82.875, 2.8807566622691535e-22, nan 
88.125, 82.875, 4.559018197323862e-22, nan 
88.375, 82.875, 4.665374957049263e-22, nan 
88.625, 82.875, 4.571106632310959e-22, nan 
88.875, 82.875, 5.780894326001436e-22, nan 
89.125, 82.875, 5.889369624468607e-22, nan 
89.375, 82.875, 5.7256007847787345e-22, nan 
89.625, 82.875, 5.428617093634345e-22, nan 
89.875, 82.875, 5.898823974318294e-22, nan 
90.125, 82.875, 5.743505572277583e-22, nan 
90.375, 82.875, 5.996386985171745e-22, nan 
90.625, 82.875, 5.390534419610705e-22, nan 
90.875, 82.875, 4.1162771763735724e-22, nan 
91.125, 82.875, 5.268163446570928e-22, nan 
91.375, 82.875, 7.816367115119844e-22, nan 
91.625, 82.875, 8.063393899277349e-22, nan 
91.875, 82.875, 8.083329575614197e-22, nan 
92.125, 82.875, 7.842254954573315e-22, nan 
92.375, 82.875, 8.200620258929412e-22, nan 
92.625, 82.875, 9.125575648415335e-22, nan 
92.875, 82.875, 8.531837550427083e-22, nan 
93.125, 82.875, 7.82628192180654e-22, nan 
93.375, 82.875, 5.896391789337121e-22, nan 
93.625, 82.875, 6.393643102026753e-22, nan 
93.875, 82.875, 7.037433639644098e-22, nan 
94.125, 82.875, 6.104543896191599e-22, nan 
94.375, 82.875, 6.433653325433697e-22, nan 
94.625, 82.875, 6.490889524011912e-22, nan 
94.875, 82.875, 6.433206282418209e-22, nan 
95.125, 82.875, 6.068211749938717e-22, nan 
95.375, 82.875, 7.086184600762432e-22, nan 
95.625, 82.875, 7.222069380091534e-22, nan 
95.875, 82.875, 7.2421101910573985e-22, nan 
96.125, 82.875, 6.102803224455487e-22, nan 
96.375, 82.875, 6.483063159318407e-22, nan 
96.625, 82.875, 7.344202030362598e-22, nan 
96.875, 82.875, 7.316165096247791e-22, nan 
97.125, 82.875, 6.940125779267196e-22, nan 
97.375, 82.875, 6.313624512491686e-22, nan 
97.625, 82.875, 8.474918289743944e-22, nan 
97.875, 82.875, 7.754226274897617e-22, nan 
98.125, 82.875, 4.77765220280698e-22, nan 
98.375, 82.875, 7.854288228557286e-22, nan 
98.625, 82.875, 8.42554639874419e-22, nan 
98.875, 82.875, 7.907851150410433e-22, nan 
99.125, 82.875, 8.902271496799995e-22, nan 
99.375, 82.875, 9.293672194697356e-22, nan 
99.625, 82.875, 1.0096526240513236e-21, nan 
99.875, 82.875, 1.1298325149771212e-21, nan 
100.125, 82.875, 1.0841532294335374e-21, nan 
100.375, 82.875, 8.007898583912127e-22, nan 
100.625, 82.875, 9.981917829847608e-22, nan 
100.875, 82.875, 1.2592222206869063e-21, nan 
101.125, 82.875, 1.2034586964324974e-21, nan 
101.375, 82.875, 1.4647701817481546e-21, nan 
101.625, 82.875, 1.5190077874536354e-21, nan 
101.875, 82.875, 1.6843452330994793e-21, nan 
102.125, 82.875, 1.7009812016494017e-21, nan 
102.375, 82.875, 1.4596955453370502e-21, nan 
102.625, 82.875, 1.19888618976362e-21, nan 
102.875, 82.875, 1.2710755479861182e-21, nan 
103.125, 82.875, 1.932455007739647e-21, nan 
103.375, 82.875, 2.1080648281850477e-21, nan 
103.625, 82.875, 2.102820979446021e-21, nan 
103.875, 82.875, 1.906264820347422e-21, nan 
104.125, 82.875, 2.056237460728145e-21, nan 
104.375, 82.875, 2.2004402945983702e-21, nan 
104.625, 82.875, 2.0393619878568e-21, nan 
104.875, 82.875, 1.9629927134573737e-21, nan 
105.125, 82.875, 1.7684295641884845e-21, nan 
105.375, 82.875, 1.6784623561442883e-21, nan 
105.625, 82.875, 1.6282356062071054e-21, nan 
105.875, 82.875, 1.6108433959739143e-21, nan 
106.125, 82.875, 1.740447923059729e-21, nan 
106.375, 82.875, 1.5513956707510892e-21, nan 
106.625, 82.875, 1.5242938820083294e-21, nan 
106.875, 82.875, 1.4546305146353694e-21, nan 
107.125, 82.875, 9.910530374555828e-22, nan 
107.375, 82.875, 1.054262912401444e-21, nan 
107.625, 82.875, 1.3111838303934864e-21, nan 
107.875, 82.875, 1.3946327373653854e-21, nan 
108.125, 82.875, 1.2458702304464408e-21, nan 
108.375, 82.875, 1.5987823758297417e-21, nan 
108.625, 82.875, 1.5919790794198315e-21, nan 
108.875, 82.875, 1.6749117038621011e-21, nan 
109.125, 82.875, 2.133609127390966e-21, nan 
109.375, 82.875, 2.3928609421740568e-21, nan 
109.625, 82.875, 2.1501367965594834e-21, nan 
109.875, 82.875, 2.760065075544348e-21, nan 
110.125, 82.875, 3.0925984210030917e-21, nan 
110.375, 82.875, 3.025651995414441e-21, nan 
110.625, 82.875, 3.0656242418805717e-21, nan 
110.875, 82.875, 2.6666753715976368e-21, nan 
111.125, 82.875, 2.3286914856724896e-21, nan 
111.375, 82.875, 1.7628941049706893e-21, nan 
111.625, 82.875, 1.6696751103426213e-21, nan 
111.875, 82.875, 1.4959810907727936e-21, nan 
112.125, 82.875, 1.7421288504494527e-21, nan 
112.375, 82.875, 2.0509903117813315e-21, nan 
112.625, 82.875, 1.9381608325422294e-21, nan 
112.875, 82.875, 1.850575174213456e-21, nan 
113.125, 82.875, 1.806267941118926e-21, nan 
113.375, 82.875, 1.6791922502645196e-21, nan 
113.625, 82.875, 1.1412788510235017e-21, nan 
113.875, 82.875, 9.649375085457303e-22, nan 
114.125, 82.875, 8.280848842521571e-22, nan 
114.375, 82.875, 5.936893686367964e-22, nan 
114.625, 82.875, 4.889122009988602e-22, nan 
114.875, 82.875, 5.243993366972896e-22, nan 
115.125, 82.875, 5.557407664446151e-22, nan 
115.375, 82.875, 5.387636685801334e-22, nan 
115.625, 82.875, 5.119213635143273e-22, nan 
115.875, 82.875, 4.9494518195925865e-22, nan 
116.125, 82.875, 5.087377153939858e-22, nan 
116.375, 82.875, 5.236162884613595e-22, nan 
116.625, 82.875, 5.515395825447879e-22, nan 
116.875, 82.875, 4.416190754232527e-22, nan 
117.125, 82.875, 3.316341626698581e-22, nan 
117.375, 82.875, 2.7699324841953264e-22, nan 
117.625, 82.875, 3.6699770451728373e-22, nan 
117.875, 82.875, 3.9209504030911863e-22, nan 
118.125, 82.875, 3.431487519054505e-22, nan 
118.375, 82.875, 4.747064437254474e-22, nan 
118.625, 82.875, 4.71012290244963e-22, nan 
118.875, 82.875, 3.6371856176395097e-22, nan 
119.125, 82.875, 3.411655788719668e-22, nan 
119.375, 82.875, 4.618548191515039e-22, nan 
119.625, 82.875, 4.912980799488749e-22, nan 
119.875, 82.875, 4.362144853221719e-22, nan 
120.125, 82.875, 3.6123345150458994e-22, nan 
120.375, 82.875, 3.3192349103712978e-22, nan 
120.625, 82.875, 3.394784073069976e-22, nan 
120.875, 82.875, 2.2812066088980716e-22, nan 
121.125, 82.875, 1.9721652807048298e-22, nan 
121.375, 82.875, 2.249417399752671e-22, nan 
121.625, 82.875, 2.8328205297795934e-22, nan 
121.875, 82.875, 3.7807554060727234e-22, nan 
122.125, 82.875, 3.034960700037084e-22, nan 
122.375, 82.875, 3.1570994794595236e-22, nan 
122.625, 82.875, 3.125072013296239e-22, nan 
122.875, 82.875, 3.289451318152084e-22, nan 
123.125, 82.875, 3.2037703544185946e-22, nan 
123.375, 82.875, 3.61391114843402e-22, nan 
123.625, 82.875, 4.741260778292817e-22, nan 
123.875, 82.875, 4.763647227704659e-22, nan 
124.125, 82.875, 4.1404154759003625e-22, nan 
124.375, 82.875, 4.1494838352919564e-22, nan 
124.625, 82.875, 4.601180047842491e-22, nan 
124.875, 82.875, 4.83200157372501e-22, nan 
125.125, 82.875, 4.459044782573343e-22, nan 
125.375, 82.875, 3.4740194964260745e-22, nan 
125.625, 82.875, 2.5250310793615587e-22, nan 
125.875, 82.875, 2.138174544090492e-22, nan 
126.125, 82.875, 2.3413079022472977e-22, nan 
126.375, 82.875, 2.0007648430048818e-22, nan 
126.625, 82.875, 1.4716516400310442e-22, nan 
126.875, 82.875, 2.120663902634968e-22, nan 
127.125, 82.875, 1.878145899913528e-22, nan 
127.375, 82.875, 1.5925282354372502e-22, nan 
127.625, 82.875, 1.248700552218904e-22, nan 
127.875, 82.875, 1.5357102260525228e-22, nan 
128.125, 82.875, 2.0457826996594115e-22, nan 
128.375, 82.875, 3.293165898589772e-22, nan 
128.625, 82.875, 2.8709429443416196e-22, nan 
128.875, 82.875, 1.8972158631084122e-22, nan 
129.125, 82.875, 2.4702876450096124e-22, nan 
129.375, 82.875, 3.4473110018814113e-22, nan 
129.625, 82.875, 3.8564277249162144e-22, nan 
129.875, 82.875, 3.2002867092768243e-22, nan 
130.125, 82.875, 3.097366345482868e-22, nan 
130.375, 82.875, 3.6284816182618973e-22, nan 
130.625, 82.875, 3.4986268750216693e-22, nan 
130.875, 82.875, 3.5810053775212357e-22, nan 
131.125, 82.875, 3.54152483595012e-22, nan 
131.375, 82.875, 3.567134491025575e-22, nan 
131.625, 82.875, 3.5925734698932567e-22, nan 
131.875, 82.875, 3.937856206045721e-22, nan 
132.125, 82.875, 3.810232296868799e-22, nan 
132.375, 82.875, 3.440243545955983e-22, nan 
132.625, 82.875, 3.7348998914216916e-22, nan 
132.875, 82.875, 3.246680611220513e-22, nan 
133.125, 82.875, 2.5703224433870875e-22, nan 
133.375, 82.875, 2.0075534137985745e-22, nan 
133.625, 82.875, 2.3847425118830373e-22, nan 
133.875, 82.875, 3.3162992299033374e-22, nan 
134.125, 82.875, 2.740674803518065e-22, nan 
134.375, 82.875, 2.236943464259162e-22, nan 
134.625, 82.875, 1.6773161490806131e-22, nan 
134.875, 82.875, 1.7483155906747764e-22, nan 
135.125, 82.875, 1.1721735026270883e-22, nan 
135.375, 82.875, 2.3053797199166933e-22, nan 
135.625, 82.875, 3.3765725008122673e-22, nan 
135.875, 82.875, 3.8251889355784852e-22, nan 
136.125, 82.875, 4.631930052067317e-22, nan 
136.375, 82.875, 4.454664076231533e-22, nan 
136.625, 82.875, 4.916910456145654e-22, nan 
136.875, 82.875, 8.42507412562447e-22, nan 
137.125, 82.875, 1.0856208774794182e-21, nan 
137.375, 82.875, 1.1097208427126507e-21, nan 
137.625, 82.875, 8.501663653241002e-22, nan 
137.875, 82.875, 7.785792683735965e-22, nan 
138.125, 82.875, 8.4655099427179435e-22, nan 
138.375, 82.875, 8.4373827241689e-22, nan 
138.625, 82.875, 8.395501647133303e-22, nan 
138.875, 82.875, 9.392785760836209e-22, nan 
139.125, 82.875, 9.88365383936576e-22, nan 
139.375, 82.875, 1.0120572048809568e-21, nan 
139.625, 82.875, 9.462708440461362e-22, nan 
139.875, 82.875, 7.499503085575561e-22, nan 
140.125, 82.875, 6.490961600488179e-22, nan 
140.375, 82.875, 5.845212033966691e-22, nan 
140.625, 82.875, 5.950692381432911e-22, nan 
140.875, 82.875, 5.03681470637391e-22, nan 
141.125, 82.875, 5.110713328357039e-22, nan 
141.375, 82.875, 4.531892056709948e-22, nan 
141.625, 82.875, 4.292273006135663e-22, nan 
141.875, 82.875, 3.815060313410162e-22, nan 
142.125, 82.875, 3.8638732546151673e-22, nan 
142.375, 82.875, 4.0873107939521795e-22, nan 
142.625, 82.875, 3.218249221827761e-22, nan 
142.875, 82.875, 2.161060165974393e-22, nan 
143.125, 82.875, 3.009305562497026e-22, nan 
143.375, 82.875, 3.489855130213859e-22, nan 
143.625, 82.875, 3.21093544527344e-22, nan 
143.875, 82.875, 3.351918282895015e-22, nan 
144.125, 82.875, 4.792056614351239e-22, nan 
144.375, 82.875, 5.958428807349176e-22, nan 
144.625, 82.875, 5.877482595514415e-22, nan 
144.875, 82.875, 6.033781761198843e-22, nan 
145.125, 82.875, 7.48427530992167e-22, nan 
145.375, 82.875, 9.250182884992465e-22, nan 
145.625, 82.875, 8.698261908219678e-22, nan 
145.875, 82.875, 1.0419765921864983e-21, nan 
146.125, 82.875, 1.0073857335372322e-21, nan 
146.375, 82.875, 1.029491861369487e-21, nan 
146.625, 82.875, 1.1251512267084893e-21, nan 
146.875, 82.875, 1.1242047157148117e-21, nan 
147.125, 82.875, 1.2296226641073766e-21, nan 
147.375, 82.875, 1.2180220773798323e-21, nan 
147.625, 82.875, 1.239605352217706e-21, nan 
147.875, 82.875, 1.2358712027039442e-21, nan 
148.125, 82.875, 1.3593595247359313e-21, nan 
148.375, 82.875, 1.317948423099177e-21, nan 
148.625, 82.875, 1.2771642578095982e-21, nan 
148.875, 82.875, 1.3368081666951278e-21, nan 
149.125, 82.875, 1.3379207280930158e-21, nan 
149.375, 82.875, 1.4266444635064458e-21, nan 
149.625, 82.875, 1.3550541679036202e-21, nan 
149.875, 82.875, 1.1603050089835382e-21, nan 
150.125, 82.875, 1.2341731146881404e-21, nan 
150.375, 82.875, 1.1338127755051289e-21, nan 
150.625, 82.875, 1.1530783984812675e-21, nan 
150.875, 82.875, 1.166597258011132e-21, nan 
151.125, 82.875, 1.0982913060950117e-21, nan 
151.375, 82.875, 1.1051121324850145e-21, nan 
151.625, 82.875, 1.115819904351945e-21, nan 
151.875, 82.875, 1.1737362496860193e-21, nan 
152.125, 82.875, 1.1818824507889703e-21, nan 
152.375, 82.875, 1.0933945924810681e-21, nan 
152.625, 82.875, 1.0680003067011832e-21, nan 
152.875, 82.875, 1.1749439177888003e-21, nan 
153.125, 82.875, 1.200814082422561e-21, nan 
153.375, 82.875, 1.2704730759784316e-21, nan 
153.625, 82.875, 1.2700080429666366e-21, nan 
153.875, 82.875, 1.1863909746106116e-21, nan 
154.125, 82.875, 1.20618011097564e-21, nan 
154.375, 82.875, 1.2315577780004679e-21, nan 
154.625, 82.875, 1.1120613207384388e-21, nan 
154.875, 82.875, 1.1360479553997186e-21, nan 
155.125, 82.875, 1.133533197344232e-21, nan 
155.375, 82.875, 1.1357245878236455e-21, nan 
155.625, 82.875, 1.1563288132877971e-21, nan 
155.875, 82.875, 1.0970885569019034e-21, nan 
156.125, 82.875, 1.1329579786776057e-21, nan 
156.375, 82.875, 1.1720016332595864e-21, nan 
156.625, 82.875, 1.0710987962419463e-21, nan 
156.875, 82.875, 1.0697331992923666e-21, nan 
157.125, 82.875, 1.1627580302141143e-21, nan 
157.375, 82.875, 1.0824139709747763e-21, nan 
157.625, 82.875, 1.1448829693754982e-21, nan 
157.875, 82.875, 1.1100550216142993e-21, nan 
158.125, 82.875, 1.103083215532046e-21, nan 
158.375, 82.875, 1.1230665339893402e-21, nan 
158.625, 82.875, 1.248765391674194e-21, nan 
158.875, 82.875, 1.1066631593793817e-21, nan 
159.125, 82.875, 1.1069201858137016e-21, nan 
159.375, 82.875, 1.202158226990084e-21, nan 
159.625, 82.875, 1.1787824677224869e-21, nan 
159.875, 82.875, 1.1020466689688871e-21, nan 
160.125, 82.875, 1.0382450860367487e-21, nan 
160.375, 82.875, 1.2313249689730421e-21, nan 
160.625, 82.875, 1.2202710649943862e-21, nan 
160.875, 82.875, 1.0296452279643703e-21, nan 
161.125, 82.875, 1.1062015665301242e-21, nan 
161.375, 82.875, 1.4220902163615912e-21, nan 
161.625, 82.875, 1.2433719604504793e-21, nan 
161.875, 82.875, 1.188018519757826e-21, nan 
162.125, 82.875, 1.1779431168699814e-21, nan 
162.375, 82.875, 1.2483222509682788e-21, nan 
162.625, 82.875, 1.218365318198765e-21, nan 
162.875, 82.875, 1.3040600840972957e-21, nan 
163.125, 82.875, 1.334144277958496e-21, nan 
163.375, 82.875, 1.2480694337341836e-21, nan 
163.625, 82.875, 1.4370035530824953e-21, nan 
163.875, 82.875, 1.3826395016749531e-21, nan 
164.125, 82.875, 1.3404880803054879e-21, nan 
164.375, 82.875, 1.3152877386984883e-21, nan 
164.625, 82.875, 1.4322978285906681e-21, nan 
164.875, 82.875, 1.2475430926567924e-21, nan 
165.125, 82.875, 1.2771491887105542e-21, nan 
165.375, 82.875, 1.432071048438417e-21, nan 
165.625, 82.875, 1.434175254507099e-21, nan 
165.875, 82.875, 1.1023446377195847e-21, nan 
166.125, 82.875, 1.3742841345221074e-21, nan 
166.375, 82.875, 1.4789853901486016e-21, nan 
166.625, 82.875, 1.4835085023753815e-21, nan 
166.875, 82.875, 1.4489193075271498e-21, nan 
167.125, 82.875, 1.568836270859194e-21, nan 
167.375, 82.875, 1.5104771238037964e-21, nan 
167.625, 82.875, 1.5243117486494629e-21, nan 
167.875, 82.875, 1.5893268624683139e-21, nan 
168.125, 82.875, 1.6639913706358481e-21, nan 
168.375, 82.875, 1.5056684641599805e-21, nan 
168.625, 82.875, 1.5074520315040064e-21, nan 
168.875, 82.875, 1.6798606480372616e-21, nan 
169.125, 82.875, 1.6554994054701814e-21, nan 
169.375, 82.875, 1.7796535005654667e-21, nan 
169.625, 82.875, 1.932908148607265e-21, nan 
169.875, 82.875, 1.9338683026598135e-21, nan 
170.125, 82.875, 2.038549492495436e-21, nan 
170.375, 82.875, 1.922439119936956e-21, nan 
170.625, 82.875, 1.99914900015514e-21, nan 
170.875, 82.875, 1.948812785489842e-21, nan 
171.125, 82.875, 1.9689320723714497e-21, nan 
171.375, 82.875, 1.953923796127646e-21, nan 
171.625, 82.875, 1.9436175339978013e-21, nan 
171.875, 82.875, 1.934730159338122e-21, nan 
172.125, 82.875, 1.742493773150877e-21, nan 
172.375, 82.875, 1.952475810676755e-21, nan 
172.625, 82.875, 1.886290059250506e-21, nan 
172.875, 82.875, 1.8011344958588947e-21, nan 
173.125, 82.875, 1.771575853524751e-21, nan 
173.375, 82.875, 1.7193456202840976e-21, nan 
173.625, 82.875, 1.722457055189747e-21, nan 
173.875, 82.875, 1.6413375471255792e-21, nan 
174.125, 82.875, 1.6252404420161755e-21, nan 
174.375, 82.875, 1.5055819703045587e-21, nan 
174.625, 82.875, 1.4695443288525383e-21, nan 
174.875, 82.875, 1.4968478382310829e-21, nan 
175.125, 82.875, 1.360721589954427e-21, nan 
175.375, 82.875, 1.371853336495221e-21, nan 
175.625, 82.875, 1.3281237159357348e-21, nan 
175.875, 82.875, 1.2750972410826289e-21, nan 
176.125, 82.875, 1.1998923025821475e-21, nan 
176.375, 82.875, 1.2026197453931514e-21, nan 
176.625, 82.875, 1.0986883139636057e-21, nan 
176.875, 82.875, 9.691152428070768e-22, nan 
177.125, 82.875, 8.822741934345251e-22, nan 
177.375, 82.875, 8.985385359432661e-22, nan 
177.625, 82.875, 9.39314785042487e-22, nan 
177.875, 82.875, 8.666246055444857e-22, nan 
178.125, 82.875, 7.776622879304186e-22, nan 
178.375, 82.875, 9.26160782624317e-22, nan 
178.625, 82.875, 6.061239310025672e-22, nan 
178.875, 82.875, 6.239451043660925e-22, nan 
179.125, 82.875, 6.061017444544913e-22, nan 
179.375, 82.875, 9.295250307267978e-22, nan 
179.625, 82.875, 8.036192733010488e-22, nan 
179.875, 82.875, 4.516181790009144e-22, nan 
-179.875, 83.125, 1.230882614149569e-21, nan 
-179.625, 83.125, 1.392637051350312e-21, nan 
-179.375, 83.125, 1.1790307317747185e-21, nan 
-179.125, 83.125, 1.0522529098809947e-21, nan 
-178.875, 83.125, 1.1565076045129864e-21, nan 
-178.625, 83.125, 1.2908044744782287e-21, nan 
-178.375, 83.125, 1.1749277865232317e-21, nan 
-178.125, 83.125, 1.1071161295352365e-21, nan 
-177.875, 83.125, 1.2391247084928198e-21, nan 
-177.625, 83.125, 1.2636703593916097e-21, nan 
-177.375, 83.125, 1.2954686911872243e-21, nan 
-177.125, 83.125, 1.1949835015936325e-21, nan 
-176.875, 83.125, 1.1825341224383005e-21, nan 
-176.625, 83.125, 1.4351680627041255e-21, nan 
-176.375, 83.125, 1.418837138565992e-21, nan 
-176.125, 83.125, 1.273434083773314e-21, nan 
-175.875, 83.125, 1.1203426122641741e-21, nan 
-175.625, 83.125, 1.204213120405774e-21, nan 
-175.375, 83.125, 1.2138172748026775e-21, nan 
-175.125, 83.125, 1.247552951089863e-21, nan 
-174.875, 83.125, 1.2573980260240284e-21, nan 
-174.625, 83.125, 1.1711402665235533e-21, nan 
-174.375, 83.125, 1.1185294232704573e-21, nan 
-174.125, 83.125, 1.1662518829608826e-21, nan 
-173.875, 83.125, 1.2273721507307152e-21, nan 
-173.625, 83.125, 1.1941020326258024e-21, nan 
-173.375, 83.125, 1.166148756779574e-21, nan 
-173.125, 83.125, 1.1864551913970124e-21, nan 
-172.875, 83.125, 1.1719749887962672e-21, nan 
-172.625, 83.125, 1.1875068566375137e-21, nan 
-172.375, 83.125, 1.1588009436861103e-21, nan 
-172.125, 83.125, 9.167964908407768e-22, nan 
-171.875, 83.125, 8.89074723183227e-22, nan 
-171.625, 83.125, 1.024828620064284e-21, nan 
-171.375, 83.125, 9.433234106190345e-22, nan 
-171.125, 83.125, 9.621209402012175e-22, nan 
-170.875, 83.125, 1.0148828203164619e-21, nan 
-170.625, 83.125, 1.0446319967596812e-21, nan 
-170.375, 83.125, 9.857648296732989e-22, nan 
-170.125, 83.125, 9.960629685027096e-22, nan 
-169.875, 83.125, 9.472837293396788e-22, nan 
-169.625, 83.125, 1.0480241504188126e-21, nan 
-169.375, 83.125, 8.410129205198834e-22, nan 
-169.125, 83.125, 8.043051977815672e-22, nan 
-168.875, 83.125, 8.374400473328686e-22, nan 
-168.625, 83.125, 7.718786411540007e-22, nan 
-168.375, 83.125, 6.460844420802523e-22, nan 
-168.125, 83.125, 7.097551939427966e-22, nan 
-167.875, 83.125, 7.496011425403195e-22, nan 
-167.625, 83.125, 5.416811830585613e-22, nan 
-167.375, 83.125, 6.253726064681558e-22, nan 
-167.125, 83.125, 5.293342659349778e-22, nan 
-166.875, 83.125, 5.669283479600067e-22, nan 
-166.625, 83.125, 7.031822569782683e-22, nan 
-166.375, 83.125, 6.868160454477662e-22, nan 
-166.125, 83.125, 6.27817620209298e-22, nan 
-165.875, 83.125, 5.999684364539729e-22, nan 
-165.625, 83.125, 6.016745793003128e-22, nan 
-165.375, 83.125, 5.8384770187929445e-22, nan 
-165.125, 83.125, 6.477535092951483e-22, nan 
-164.875, 83.125, 6.4120520629450695e-22, nan 
-164.625, 83.125, 6.062709755223163e-22, nan 
-164.375, 83.125, 6.338279526299271e-22, nan 
-164.125, 83.125, 6.496423488446158e-22, nan 
-163.875, 83.125, 6.1672058630882665e-22, nan 
-163.625, 83.125, 6.217409463358432e-22, nan 
-163.375, 83.125, 6.346452497145624e-22, nan 
-163.125, 83.125, 7.64847782329145e-22, nan 
-162.875, 83.125, 1.051393423709881e-21, nan 
-162.625, 83.125, 9.629073455939316e-22, nan 
-162.375, 83.125, 1.0628929103606977e-21, nan 
-162.125, 83.125, 1.3775286410514621e-21, nan 
-161.875, 83.125, 1.3496832943877707e-21, nan 
-161.625, 83.125, 1.2599377773434023e-21, nan 
-161.375, 83.125, 1.2161027097742663e-21, nan 
-161.125, 83.125, 1.201431947263064e-21, nan 
-160.875, 83.125, 1.2480130719062554e-21, nan 
-160.625, 83.125, 1.1974236245772035e-21, nan 
-160.375, 83.125, 1.180544109756028e-21, nan 
-160.125, 83.125, 1.2051619953877216e-21, nan 
-159.875, 83.125, 1.1884603332309901e-21, nan 
-159.625, 83.125, 1.1399590055687539e-21, nan 
-159.375, 83.125, 1.1393290774834091e-21, nan 
-159.125, 83.125, 1.162159157797086e-21, nan 
-158.875, 83.125, 1.1691495091234854e-21, nan 
-158.625, 83.125, 1.1590424375238717e-21, nan 
-158.375, 83.125, 1.0434551081908364e-21, nan 
-158.125, 83.125, 1.1067697389016954e-21, nan 
-157.875, 83.125, 1.1149706465373911e-21, nan 
-157.625, 83.125, 1.1080002715064203e-21, nan 
-157.375, 83.125, 9.610233340845769e-22, nan 
-157.125, 83.125, 1.0092516323459495e-21, nan 
-156.875, 83.125, 1.1046181326588223e-21, nan 
-156.625, 83.125, 1.1020356688787731e-21, nan 
-156.375, 83.125, 1.0389319152399097e-21, nan 
-156.125, 83.125, 9.388368723225007e-22, nan 
-155.875, 83.125, 8.703770927202686e-22, nan 
-155.625, 83.125, 9.689756649455742e-22, nan 
-155.375, 83.125, 9.313986925303182e-22, nan 
-155.125, 83.125, 8.189674199549677e-22, nan 
-154.875, 83.125, 8.212994471366778e-22, nan 
-154.625, 83.125, 8.257778569790668e-22, nan 
-154.375, 83.125, 8.306937328732953e-22, nan 
-154.125, 83.125, 8.016781570597427e-22, nan 
-153.875, 83.125, 7.68277150687048e-22, nan 
-153.625, 83.125, 7.729395516089091e-22, nan 
-153.375, 83.125, 8.076800872046903e-22, nan 
-153.125, 83.125, 8.0428146241531355e-22, nan 
-152.875, 83.125, 7.697935236198369e-22, nan 
-152.625, 83.125, 7.541999535179433e-22, nan 
-152.375, 83.125, 7.401482154364067e-22, nan 
-152.125, 83.125, 6.3912662347279585e-22, nan 
-151.875, 83.125, 6.385070087392037e-22, nan 
-151.625, 83.125, 6.394757557641183e-22, nan 
-151.375, 83.125, 6.832014888672998e-22, nan 
-151.125, 83.125, 7.0510487423930995e-22, nan 
-150.875, 83.125, 6.46486477031948e-22, nan 
-150.625, 83.125, 6.317489321593077e-22, nan 
-150.375, 83.125, 6.441393156098673e-22, nan 
-150.125, 83.125, 6.342361463667867e-22, nan 
-149.875, 83.125, 6.512352098053635e-22, nan 
-149.625, 83.125, 6.773320481129356e-22, nan 
-149.375, 83.125, 6.943240067982359e-22, nan 
-149.125, 83.125, 6.747312552699834e-22, nan 
-148.875, 83.125, 6.784321918255928e-22, nan 
-148.625, 83.125, 7.014461575869779e-22, nan 
-148.375, 83.125, 6.681805699885807e-22, nan 
-148.125, 83.125, 5.975860444463377e-22, nan 
-147.875, 83.125, 5.900683716097687e-22, nan 
-147.625, 83.125, 6.093778181859709e-22, nan 
-147.375, 83.125, 5.971475743981232e-22, nan 
-147.125, 83.125, 5.870749835098184e-22, nan 
-146.875, 83.125, 5.774059025344367e-22, nan 
-146.625, 83.125, 6.221367853743973e-22, nan 
-146.375, 83.125, 7.012747721500844e-22, nan 
-146.125, 83.125, 7.3169614930135825e-22, nan 
-145.875, 83.125, 7.223756391871696e-22, nan 
-145.625, 83.125, 7.5568179582632445e-22, nan 
-145.375, 83.125, 7.107947696196968e-22, nan 
-145.125, 83.125, 7.208099880914598e-22, nan 
-144.875, 83.125, 7.510371839731472e-22, nan 
-144.625, 83.125, 6.728416833958163e-22, nan 
-144.375, 83.125, 6.110008222342062e-22, nan 
-144.125, 83.125, 6.859713799693262e-22, nan 
-143.875, 83.125, 6.008908206643517e-22, nan 
-143.625, 83.125, 5.387970692113395e-22, nan 
-143.375, 83.125, 6.8923242576798e-22, nan 
-143.125, 83.125, 6.184318881223124e-22, nan 
-142.875, 83.125, 6.85628831937229e-22, nan 
-142.625, 83.125, 7.556581480455227e-22, nan 
-142.375, 83.125, 6.771800933241454e-22, nan 
-142.125, 83.125, 5.331476135702351e-22, nan 
-141.875, 83.125, 5.425374661941892e-22, nan 
-141.625, 83.125, 5.773555215038163e-22, nan 
-141.375, 83.125, 5.20208892558284e-22, nan 
-141.125, 83.125, 5.00413774126094e-22, nan 
-140.875, 83.125, 4.7989987817405835e-22, nan 
-140.625, 83.125, 4.514705120393886e-22, nan 
-140.375, 83.125, 4.32016070243819e-22, nan 
-140.125, 83.125, 4.184758066577531e-22, nan 
-139.875, 83.125, 4.0440524330666823e-22, nan 
-139.625, 83.125, 3.3608647157064044e-22, nan 
-139.375, 83.125, 2.8770682363358644e-22, nan 
-139.125, 83.125, 2.930183322203505e-22, nan 
-138.875, 83.125, 3.205542084551478e-22, nan 
-138.625, 83.125, 3.408544617426586e-22, nan 
-138.375, 83.125, 3.0396578280038957e-22, nan 
-138.125, 83.125, 3.192404754277744e-22, nan 
-137.875, 83.125, 3.1558564590048715e-22, nan 
-137.625, 83.125, 3.1619000378921273e-22, nan 
-137.375, 83.125, 3.7483720345000235e-22, nan 
-137.125, 83.125, 3.578599989079945e-22, nan 
-136.875, 83.125, 3.349479844631412e-22, nan 
-136.625, 83.125, 3.708831125857794e-22, nan 
-136.375, 83.125, 3.9040947480656617e-22, nan 
-136.125, 83.125, 3.744695135370831e-22, nan 
-135.875, 83.125, 3.7721069260540977e-22, nan 
-135.625, 83.125, 3.479911514876155e-22, nan 
-135.375, 83.125, 3.804699207744941e-22, nan 
-135.125, 83.125, 4.388889716435177e-22, nan 
-134.875, 83.125, 4.0064557555309914e-22, nan 
-134.625, 83.125, 3.5117619614370143e-22, nan 
-134.375, 83.125, 3.7905556815621106e-22, nan 
-134.125, 83.125, 4.1061859283068258e-22, nan 
-133.875, 83.125, 4.266016627343558e-22, nan 
-133.625, 83.125, 3.8656000473582345e-22, nan 
-133.375, 83.125, 3.4836657134056824e-22, nan 
-133.125, 83.125, 3.238070113324311e-22, nan 
-132.875, 83.125, 3.2294819753931263e-22, nan 
-132.625, 83.125, 3.0000562550594307e-22, nan 
-132.375, 83.125, 2.870228861706071e-22, nan 
-132.125, 83.125, 2.859437071651555e-22, nan 
-131.875, 83.125, 3.177248388164602e-22, nan 
-131.625, 83.125, 3.239211933466827e-22, nan 
-131.375, 83.125, 2.7299327561755545e-22, nan 
-131.125, 83.125, 3.2368395621623636e-22, nan 
-130.875, 83.125, 3.1606803913212575e-22, nan 
-130.625, 83.125, 2.8352154595742485e-22, nan 
-130.375, 83.125, 2.559065208076855e-22, nan 
-130.125, 83.125, 1.915454742369708e-22, nan 
-129.875, 83.125, 1.5104918870723874e-22, nan 
-129.625, 83.125, 1.3564331028686514e-22, nan 
-129.375, 83.125, 1.1375524504062195e-22, nan 
-129.125, 83.125, 1.1682579182396975e-22, nan 
-128.875, 83.125, 1.6420202990755258e-22, nan 
-128.625, 83.125, 1.7883485071692124e-22, nan 
-128.375, 83.125, 2.440314491330016e-22, nan 
-128.125, 83.125, 5.111602731743623e-22, nan 
-127.875, 83.125, 2.911151722235886e-22, nan 
-127.625, 83.125, 3.9488705940710406e-22, nan 
-127.375, 83.125, 6.944254364749531e-22, nan 
-127.125, 83.125, 1.166306220799712e-21, nan 
-126.875, 83.125, 1.430019097793446e-21, nan 
-126.625, 83.125, 1.3731651849723746e-21, nan 
-126.375, 83.125, 1.209813656985375e-21, nan 
-126.125, 83.125, 1.02399983267994e-21, nan 
-125.875, 83.125, 8.504972495493846e-22, nan 
-125.625, 83.125, 5.897507128350201e-22, nan 
-125.375, 83.125, 1.2137744914834572e-21, nan 
-125.125, 83.125, 2.0645812010119885e-21, nan 
-124.875, 83.125, 2.2985851948251466e-21, nan 
-124.625, 83.125, 2.337696439292898e-21, nan 
-124.375, 83.125, 2.2931101579332035e-21, nan 
-124.125, 83.125, 2.1456106161643524e-21, nan 
-123.875, 83.125, 2.15247553844294e-21, nan 
-123.625, 83.125, 1.7944494243861473e-21, nan 
-123.375, 83.125, 1.3664006576627915e-21, nan 
-123.125, 83.125, 2.0555267410964384e-21, nan 
-122.875, 83.125, 2.6525627337971184e-21, nan 
-122.625, 83.125, 2.689960273520807e-21, nan 
-122.375, 83.125, 2.1630483147310538e-21, nan 
-122.125, 83.125, 1.8991339136448335e-21, nan 
-121.875, 83.125, 1.8774956345333186e-21, nan 
-121.625, 83.125, 1.978113196819448e-21, nan 
-121.375, 83.125, 2.083689368256718e-21, nan 
-121.125, 83.125, 1.9257135592391216e-21, nan 
-120.875, 83.125, 1.5572507001623858e-21, nan 
-120.625, 83.125, 1.177749187391406e-21, nan 
-120.375, 83.125, 1.1419479799985847e-21, nan 
-120.125, 83.125, 1.1605901569051419e-21, nan 
-119.875, 83.125, 1.2885074660252695e-21, nan 
-119.625, 83.125, 1.3869363605068455e-21, nan 
-119.375, 83.125, 1.3462895357967035e-21, nan 
-119.125, 83.125, 1.3003240581185771e-21, nan 
-118.875, 83.125, 1.26394428337038e-21, nan 
-118.625, 83.125, 1.0635861719477574e-21, nan 
-118.375, 83.125, 7.743912886226403e-22, nan 
-118.125, 83.125, 5.188060242474038e-22, nan 
-117.875, 83.125, 4.128310466377111e-22, nan 
-117.625, 83.125, 4.170127345374163e-22, nan 
-117.375, 83.125, 4.464240375135674e-22, nan 
-117.125, 83.125, 5.201973732813188e-22, nan 
-116.875, 83.125, 5.767839750460381e-22, nan 
-116.625, 83.125, 5.6351940870212e-22, nan 
-116.375, 83.125, 5.771423401445305e-22, nan 
-116.125, 83.125, 6.420822356927941e-22, nan 
-115.875, 83.125, 8.173739357454272e-22, nan 
-115.625, 83.125, 8.592256781557252e-22, nan 
-115.375, 83.125, 8.249408149186268e-22, nan 
-115.125, 83.125, 8.380408842508584e-22, nan 
-114.875, 83.125, 7.630005721116442e-22, nan 
-114.625, 83.125, 6.944837096827252e-22, nan 
-114.375, 83.125, 5.4101160660235805e-22, nan 
-114.125, 83.125, 4.946858087448422e-22, nan 
-113.875, 83.125, 4.545094034565424e-22, nan 
-113.625, 83.125, 7.4713545787338755e-22, nan 
-113.375, 83.125, 1.1061649937737294e-21, nan 
-113.125, 83.125, 1.438122934405231e-21, nan 
-112.875, 83.125, 1.9402351774858294e-21, nan 
-112.625, 83.125, 2.0021278401554574e-21, nan 
-112.375, 83.125, 1.93989233429561e-21, nan 
-112.125, 83.125, 1.6698021281994844e-21, nan 
-111.875, 83.125, 1.6413371034036995e-21, nan 
-111.625, 83.125, 1.5876746907427096e-21, nan 
-111.375, 83.125, 1.2567847448055318e-21, nan 
-111.125, 83.125, 1.2277700212799218e-21, nan 
-110.875, 83.125, 1.1808010248387449e-21, nan 
-110.625, 83.125, 1.5225624040384993e-21, nan 
-110.375, 83.125, 1.6573866774657583e-21, nan 
-110.125, 83.125, 1.6205956449102306e-21, nan 
-109.875, 83.125, 1.451844880729935e-21, nan 
-109.625, 83.125, 1.4825017513701693e-21, nan 
-109.375, 83.125, 1.4954373066973121e-21, nan 
-109.125, 83.125, 1.3565180344683058e-21, nan 
-108.875, 83.125, 1.1846899950798313e-21, nan 
-108.625, 83.125, 1.0731831556046203e-21, nan 
-108.375, 83.125, 6.814288163729696e-22, nan 
-108.125, 83.125, 3.613013601576256e-22, nan 
-107.875, 83.125, 3.408561324979273e-22, nan 
-107.625, 83.125, 3.500667722349551e-22, nan 
-107.375, 83.125, 3.901133023071444e-22, nan 
-107.125, 83.125, 4.957610506153148e-22, nan 
-106.875, 83.125, 6.305696164375275e-22, nan 
-106.625, 83.125, 8.298550319848157e-22, nan 
-106.375, 83.125, 8.832978410815885e-22, nan 
-106.125, 83.125, 8.902032305521833e-22, nan 
-105.875, 83.125, 8.116816618210732e-22, nan 
-105.625, 83.125, 5.48643251494956e-22, nan 
-105.375, 83.125, 2.5255808203194317e-22, nan 
-105.125, 83.125, 2.740188625755989e-22, nan 
-104.875, 83.125, 6.83744079361919e-22, nan 
-104.625, 83.125, 9.742520398927299e-22, nan 
-104.375, 83.125, 1.2774529782777485e-21, nan 
-104.125, 83.125, 1.3863361677379617e-21, nan 
-103.875, 83.125, 1.475877080033133e-21, nan 
-103.625, 83.125, 1.4123517210744436e-21, nan 
-103.375, 83.125, 1.0500805783735119e-21, nan 
-103.125, 83.125, 7.684636483057721e-22, nan 
-102.875, 83.125, 8.505587555653808e-22, nan 
-102.625, 83.125, 1.1238436567110835e-21, nan 
-102.375, 83.125, 1.153636560492812e-21, nan 
-102.125, 83.125, 1.1620647578675603e-21, nan 
-101.875, 83.125, 1.1316688918431936e-21, nan 
-101.625, 83.125, 1.0460528284321822e-21, nan 
-101.375, 83.125, 9.668731942393537e-22, nan 
-101.125, 83.125, 7.730105045844202e-22, nan 
-100.875, 83.125, 5.488156400309979e-22, nan 
-100.625, 83.125, 2.779382606376011e-22, nan 
-100.375, 83.125, 1.9006009364850775e-22, nan 
-100.125, 83.125, 1.616786845029828e-22, nan 
-99.875, 83.125, 1.428406681131043e-22, nan 
-99.625, 83.125, 2.2466881743672105e-22, nan 
-99.375, 83.125, 2.7192369906197184e-22, nan 
-99.125, 83.125, 2.845104596331097e-22, nan 
-98.875, 83.125, 1.655890185094758e-22, nan 
-98.625, 83.125, 3.199359592403057e-22, nan 
-98.375, 83.125, 4.086485216600663e-22, nan 
-98.125, 83.125, 3.906692157300921e-22, nan 
-97.875, 83.125, 1.8423657408571721e-22, nan 
-97.625, 83.125, 1.7711521823982343e-22, nan 
-97.375, 83.125, 4.0187044658940913e-22, nan 
-97.125, 83.125, 3.5201095880113235e-22, nan 
-96.875, 83.125, 3.413946726425108e-22, nan 
-96.625, 83.125, 2.1517068035445237e-22, nan 
-96.375, 83.125, 1.8771826181366098e-22, nan 
-96.125, 83.125, 1.9234208233865804e-22, nan 
-95.875, 83.125, 1.8304888207037816e-22, nan 
-95.625, 83.125, 1.120041863223281e-22, nan 
-95.375, 83.125, 1.2448190042594978e-22, nan 
-95.125, 83.125, 1.288962304426741e-22, nan 
-94.875, 83.125, 1.264051035676028e-22, nan 
-94.625, 83.125, 1.3138828956006386e-22, nan 
-94.375, 83.125, 1.2576505537639384e-22, nan 
-94.125, 83.125, 1.330896992318295e-22, nan 
-93.875, 83.125, 1.3687668373896715e-22, nan 
-93.625, 83.125, 1.3936326561001032e-22, nan 
-93.375, 83.125, 1.299013936546508e-22, nan 
-93.125, 83.125, 1.2670773579206698e-22, nan 
-92.875, 83.125, 1.3712485834756798e-22, nan 
-92.625, 83.125, 1.6304376167308989e-22, nan 
-92.375, 83.125, 1.739816587336616e-22, nan 
-92.125, 83.125, 1.6518250786085404e-22, nan 
-91.875, 83.125, 1.5654883754057096e-22, nan 
-91.625, 83.125, 1.6507245163065461e-22, nan 
-91.375, 83.125, 1.6812428336325566e-22, nan 
-91.125, 83.125, 1.9626679981056103e-22, nan 
-90.875, 83.125, 2.0753080743070287e-22, nan 
-90.625, 83.125, 2.134780212769994e-22, nan 
-90.375, 83.125, 2.355812949908919e-22, nan 
-90.125, 83.125, 2.173963508858545e-22, nan 
-89.875, 83.125, 2.226042880421086e-22, nan 
-89.625, 83.125, 2.145093496863687e-22, nan 
-89.375, 83.125, 2.23768375525074e-22, nan 
-89.125, 83.125, 2.0494825321573093e-22, nan 
-88.875, 83.125, 1.4063860610202943e-22, nan 
-88.625, 83.125, 1.7246889676413502e-22, nan 
-88.375, 83.125, 2.037838620144893e-22, nan 
-88.125, 83.125, 2.621320952924033e-22, nan 
-87.875, 83.125, 2.5185930812083747e-22, nan 
-87.625, 83.125, 2.409190938372828e-22, nan 
-87.375, 83.125, 3.0325297416152185e-22, nan 
-87.125, 83.125, 3.018882780380175e-22, nan 
-86.875, 83.125, 2.2739052944455726e-22, nan 
-86.625, 83.125, 1.8527923219317152e-22, nan 
-86.375, 83.125, 2.507889606376238e-22, nan 
-86.125, 83.125, 2.6432242990806616e-22, nan 
-85.875, 83.125, 3.106013846141879e-22, nan 
-85.625, 83.125, 2.904091321744136e-22, nan 
-85.375, 83.125, 3.039260367018532e-22, nan 
-85.125, 83.125, 4.080008759752669e-22, nan 
-84.875, 83.125, 4.0270851003722903e-22, nan 
-84.625, 83.125, 3.1693958392342083e-22, nan 
-84.375, 83.125, 3.3808665355412893e-22, nan 
-84.125, 83.125, 4.723069673617456e-22, nan 
-83.875, 83.125, 3.7605697439319955e-22, nan 
-83.625, 83.125, 3.771402922702763e-22, nan 
-83.375, 83.125, 4.526310734452612e-22, nan 
-83.125, 83.125, 3.683206817142046e-22, nan 
-82.875, 83.125, 3.7206559695147083e-22, nan 
-82.625, 83.125, 3.407597945049028e-22, nan 
-82.375, 83.125, 3.2878429077664324e-22, nan 
-82.125, 83.125, 3.3226094491305716e-22, nan 
-81.875, 83.125, 3.3451017824294965e-22, nan 
-81.625, 83.125, 3.2429615865874404e-22, nan 
-81.375, 83.125, 2.5650234970968613e-22, nan 
53.375, 83.125, 3.5812212832126145e-22, nan 
53.625, 83.125, 3.616948062164133e-22, nan 
53.875, 83.125, 3.322734033040894e-22, nan 
54.125, 83.125, 3.4651322363794225e-22, nan 
54.375, 83.125, 3.53811375075486e-22, nan 
54.625, 83.125, 3.7553381681278725e-22, nan 
54.875, 83.125, 3.6558854027081435e-22, nan 
55.125, 83.125, 3.670305655341889e-22, nan 
55.375, 83.125, 3.5951847376396223e-22, nan 
55.625, 83.125, 3.677735510128642e-22, nan 
55.875, 83.125, 3.684062942983965e-22, nan 
56.125, 83.125, 3.076576631970308e-22, nan 
56.375, 83.125, 3.2373857272555993e-22, nan 
56.625, 83.125, 1.8946140135407006e-22, nan 
56.875, 83.125, 6.572294825627646e-23, nan 
57.125, 83.125, 7.769828394197308e-23, nan 
57.375, 83.125, 8.695359392975914e-23, nan 
57.625, 83.125, 8.213870946710905e-23, nan 
57.875, 83.125, 8.55169445364405e-23, nan 
58.125, 83.125, 9.468467064884586e-23, nan 
58.375, 83.125, 8.177966983684816e-23, nan 
58.625, 83.125, 9.078398522963418e-23, nan 
58.875, 83.125, 1.0039124500924274e-22, nan 
59.125, 83.125, 1.049113308133628e-22, nan 
59.375, 83.125, 1.1029479357130882e-22, nan 
59.625, 83.125, 9.399559155791651e-23, nan 
59.875, 83.125, 1.0629481565807796e-22, nan 
60.125, 83.125, 8.847592083490102e-23, nan 
60.375, 83.125, 1.0215161682795398e-22, nan 
60.625, 83.125, 1.0410325735405788e-22, nan 
60.875, 83.125, 1.1303922014285377e-22, nan 
61.125, 83.125, 7.294408627650034e-23, nan 
61.375, 83.125, 1.341879559245255e-22, nan 
61.625, 83.125, 1.6473144505800653e-22, nan 
61.875, 83.125, 1.2929706898240367e-22, nan 
62.125, 83.125, 1.552019266865349e-22, nan 
62.375, 83.125, 1.7762860880652125e-22, nan 
62.625, 83.125, 2.0539110265031932e-22, nan 
62.875, 83.125, 2.4324332356465492e-22, nan 
63.125, 83.125, 2.8267031060928487e-22, nan 
63.375, 83.125, 2.9976137446103925e-22, nan 
63.625, 83.125, 2.8690171817199476e-22, nan 
63.875, 83.125, 3.000867227760363e-22, nan 
64.125, 83.125, 3.310072872573611e-22, nan 
64.375, 83.125, 3.398679460835299e-22, nan 
64.625, 83.125, 2.5454129063725478e-22, nan 
64.875, 83.125, 1.5569615454860353e-22, nan 
65.125, 83.125, 1.4589431262673474e-22, nan 
65.375, 83.125, 1.338691916772067e-22, nan 
65.625, 83.125, 1.4078576433062868e-22, nan 
65.875, 83.125, 1.3346305285455839e-22, nan 
66.125, 83.125, 1.2854182130736678e-22, nan 
66.375, 83.125, 1.7529222306604997e-22, nan 
66.625, 83.125, 1.8809127125768052e-22, nan 
66.875, 83.125, 1.53680369002844e-22, nan 
67.125, 83.125, 1.4644136942854664e-22, nan 
67.375, 83.125, 1.8789095598511845e-22, nan 
67.625, 83.125, 1.9611437364673107e-22, nan 
67.875, 83.125, 1.683363200210174e-22, nan 
68.125, 83.125, 1.2051321711078416e-22, nan 
68.375, 83.125, 1.2905737285258464e-22, nan 
68.625, 83.125, 1.212838153792683e-22, nan 
68.875, 83.125, 3.541805916860049e-23, nan 
69.125, 83.125, 9.579196057966174e-23, nan 
69.375, 83.125, 8.11191650702046e-23, nan 
69.625, 83.125, 2.236424228905678e-22, nan 
69.875, 83.125, 3.18748161493778e-22, nan 
70.125, 83.125, 3.6077075518521217e-22, nan 
70.375, 83.125, 3.2640198762011866e-22, nan 
70.625, 83.125, 4.282319583625129e-22, nan 
70.875, 83.125, 5.232248652620882e-22, nan 
71.125, 83.125, 3.44971217664646e-22, nan 
71.375, 83.125, 3.517154862302047e-22, nan 
71.625, 83.125, 3.0379482643018744e-22, nan 
71.875, 83.125, 4.343842853686876e-22, nan 
72.125, 83.125, 5.056778235525857e-22, nan 
72.375, 83.125, 4.8049684325562e-22, nan 
72.625, 83.125, 4.985616885218819e-22, nan 
72.875, 83.125, 4.583986307503574e-22, nan 
73.125, 83.125, 4.906469674800173e-22, nan 
73.375, 83.125, 4.129679766551099e-22, nan 
73.625, 83.125, 2.4314917186789176e-22, nan 
73.875, 83.125, 2.0011334594692045e-22, nan 
74.125, 83.125, 2.5568450281121707e-22, nan 
74.375, 83.125, 2.2616684748543683e-22, nan 
74.625, 83.125, 1.8525286043798425e-22, nan 
74.875, 83.125, 1.433410677146936e-22, nan 
75.125, 83.125, 1.4641877461739021e-22, nan 
75.375, 83.125, 1.6630000124989919e-22, nan 
75.625, 83.125, 1.321378550147759e-22, nan 
75.875, 83.125, 1.2585661099726142e-22, nan 
76.125, 83.125, 1.4312732614187465e-22, nan 
76.375, 83.125, 1.8871556510618512e-22, nan 
76.625, 83.125, 2.80389137219951e-22, nan 
76.875, 83.125, 2.429804404570048e-22, nan 
77.125, 83.125, 1.6221159094965153e-22, nan 
77.375, 83.125, 2.0711311083367716e-22, nan 
77.625, 83.125, 1.6994551223538341e-22, nan 
77.875, 83.125, 7.495797246654533e-23, nan 
78.125, 83.125, 1.8668533976228785e-22, nan 
78.375, 83.125, 2.4179275196909295e-22, nan 
78.625, 83.125, 2.534055683847544e-22, nan 
78.875, 83.125, 2.822916725827329e-22, nan 
79.125, 83.125, 2.708845312073842e-22, nan 
79.375, 83.125, 2.600108942725875e-22, nan 
79.625, 83.125, 2.4657429231055193e-22, nan 
79.875, 83.125, 2.595689831131943e-22, nan 
80.125, 83.125, 2.5488552120479564e-22, nan 
80.375, 83.125, 2.5014498808455033e-22, nan 
80.625, 83.125, 2.8549307474592885e-22, nan 
80.875, 83.125, 3.2036916412345736e-22, nan 
81.125, 83.125, 3.4258740179403254e-22, nan 
81.375, 83.125, 3.884907151316895e-22, nan 
81.625, 83.125, 3.963993680648951e-22, nan 
81.875, 83.125, 2.244640204484282e-22, nan 
82.125, 83.125, 2.853636002115325e-22, nan 
82.375, 83.125, 2.6233782988747516e-22, nan 
82.625, 83.125, 1.8754040112390917e-22, nan 
82.875, 83.125, 3.322629060012035e-22, nan 
83.125, 83.125, 3.437982569719936e-22, nan 
83.375, 83.125, 3.405914657540164e-22, nan 
83.625, 83.125, 3.5894059226767495e-22, nan 
83.875, 83.125, 3.7821394626960624e-22, nan 
84.125, 83.125, 2.863313876190424e-22, nan 
84.375, 83.125, 3.1687139939255783e-22, nan 
84.625, 83.125, 3.1271580092483417e-22, nan 
84.875, 83.125, 3.4000874703772084e-22, nan 
85.125, 83.125, 3.5374914845479946e-22, nan 
85.375, 83.125, 3.7018639355400083e-22, nan 
85.625, 83.125, 3.762432391817864e-22, nan 
85.875, 83.125, 3.691817652244647e-22, nan 
86.125, 83.125, 3.837896320235362e-22, nan 
86.375, 83.125, 4.36670769447431e-22, nan 
86.625, 83.125, 4.715763701049116e-22, nan 
86.875, 83.125, 3.3839052769197603e-22, nan 
87.125, 83.125, 2.8860548401526277e-22, nan 
87.375, 83.125, 2.54258107796911e-22, nan 
87.625, 83.125, 3.155870757629561e-22, nan 
87.875, 83.125, 3.322718956449704e-22, nan 
88.125, 83.125, 3.4634423713190145e-22, nan 
88.375, 83.125, 3.778356723494875e-22, nan 
88.625, 83.125, 4.0615911469346133e-22, nan 
88.875, 83.125, 3.1972198592867604e-22, nan 
89.125, 83.125, 5.464506849351117e-22, nan 
89.375, 83.125, 4.0437532250840403e-22, nan 
89.625, 83.125, 4.486555239903632e-22, nan 
89.875, 83.125, 5.488537269144712e-22, nan 
90.125, 83.125, 4.632431484828133e-22, nan 
90.375, 83.125, 5.320856508052346e-22, nan 
90.625, 83.125, 6.981425067256904e-22, nan 
90.875, 83.125, 7.727564934143744e-22, nan 
91.125, 83.125, 4.557361056212369e-22, nan 
91.375, 83.125, 7.404223104210422e-22, nan 
91.625, 83.125, 7.42782438347097e-22, nan 
91.875, 83.125, 7.451638829885899e-22, nan 
92.125, 83.125, 7.62016375574396e-22, nan 
92.375, 83.125, 7.800071501236728e-22, nan 
92.625, 83.125, 8.696317267396484e-22, nan 
92.875, 83.125, 9.112257977701321e-22, nan 
93.125, 83.125, 8.971609315544849e-22, nan 
93.375, 83.125, 5.901145559055213e-22, nan 
93.625, 83.125, 6.314023384272322e-22, nan 
93.875, 83.125, 7.035955501496765e-22, nan 
94.125, 83.125, 5.555973791322845e-22, nan 
94.375, 83.125, 6.056970474301956e-22, nan 
94.625, 83.125, 6.356992154677492e-22, nan 
94.875, 83.125, 5.896484596971096e-22, nan 
95.125, 83.125, 5.876293839174706e-22, nan 
95.375, 83.125, 6.567198002944253e-22, nan 
95.625, 83.125, 7.316131779966821e-22, nan 
95.875, 83.125, 8.192903562570352e-22, nan 
96.125, 83.125, 7.212180869184668e-22, nan 
96.375, 83.125, 6.701739218762423e-22, nan 
96.625, 83.125, 7.863703601524705e-22, nan 
96.875, 83.125, 7.998270676066698e-22, nan 
97.125, 83.125, 7.438885167329227e-22, nan 
97.375, 83.125, 6.6166629538358015e-22, nan 
97.625, 83.125, 7.137733689917921e-22, nan 
97.875, 83.125, 7.660878944591869e-22, nan 
98.125, 83.125, 7.783018187834084e-22, nan 
98.375, 83.125, 7.260042662956895e-22, nan 
98.625, 83.125, 8.050919843518279e-22, nan 
98.875, 83.125, 8.511568098589798e-22, nan 
99.125, 83.125, 8.009810360045498e-22, nan 
99.375, 83.125, 8.223681589804746e-22, nan 
99.625, 83.125, 9.03302075844945e-22, nan 
99.875, 83.125, 1.0892347807444731e-21, nan 
100.125, 83.125, 1.0985355177766857e-21, nan 
100.375, 83.125, 7.3588944874051155e-22, nan 
100.625, 83.125, 9.979576347662426e-22, nan 
100.875, 83.125, 1.2320889977626671e-21, nan 
101.125, 83.125, 1.1278616593037698e-21, nan 
101.375, 83.125, 1.3649537859560948e-21, nan 
101.625, 83.125, 1.4477325715926843e-21, nan 
101.875, 83.125, 1.6060068112809221e-21, nan 
102.125, 83.125, 1.6654850590560065e-21, nan 
102.375, 83.125, 1.461204340815085e-21, nan 
102.625, 83.125, 1.0808373205803034e-21, nan 
102.875, 83.125, 1.2522731495082068e-21, nan 
103.125, 83.125, 1.8479716430320073e-21, nan 
103.375, 83.125, 1.9564790665861642e-21, nan 
103.625, 83.125, 2.0234884066702487e-21, nan 
103.875, 83.125, 1.917983369281091e-21, nan 
104.125, 83.125, 2.057157935246555e-21, nan 
104.375, 83.125, 2.1305814975585007e-21, nan 
104.625, 83.125, 2.0322160121008096e-21, nan 
104.875, 83.125, 2.447465503453613e-21, nan 
105.125, 83.125, 2.223301790829901e-21, nan 
105.375, 83.125, 1.834059001003822e-21, nan 
105.625, 83.125, 1.854791873731935e-21, nan 
105.875, 83.125, 1.9472391569346044e-21, nan 
106.125, 83.125, 1.9783343279241154e-21, nan 
106.375, 83.125, 1.708101222723626e-21, nan 
106.625, 83.125, 1.5107578255483586e-21, nan 
106.875, 83.125, 1.5861594725692645e-21, nan 
107.125, 83.125, 2.0462038106279135e-21, nan 
107.375, 83.125, 1.6685406693398904e-21, nan 
107.625, 83.125, 1.2210620100495301e-21, nan 
107.875, 83.125, 1.1984577225270671e-21, nan 
108.125, 83.125, 1.1511157304234882e-21, nan 
108.375, 83.125, 1.1068268166011097e-21, nan 
108.625, 83.125, 1.2327698500165526e-21, nan 
108.875, 83.125, 1.4736850106599318e-21, nan 
109.125, 83.125, 1.362281503919316e-21, nan 
109.375, 83.125, 1.2341665124045325e-21, nan 
109.625, 83.125, 1.371008644079275e-21, nan 
109.875, 83.125, 1.781680449090644e-21, nan 
110.125, 83.125, 1.6708699677026313e-21, nan 
110.375, 83.125, 1.58754527528631e-21, nan 
110.625, 83.125, 1.6815241455686662e-21, nan 
110.875, 83.125, 1.6655749820795098e-21, nan 
111.125, 83.125, 2.1175948782165355e-21, nan 
111.375, 83.125, 1.7745431365590012e-21, nan 
111.625, 83.125, 1.7513695791477313e-21, nan 
111.875, 83.125, 2.1605841426418217e-21, nan 
112.125, 83.125, 2.5163883973474083e-21, nan 
112.375, 83.125, 2.478392112803417e-21, nan 
112.625, 83.125, 2.364595425340769e-21, nan 
112.875, 83.125, 2.5443031012736996e-21, nan 
113.125, 83.125, 2.4125450829708654e-21, nan 
113.375, 83.125, 2.3457193031586373e-21, nan 
113.625, 83.125, 2.167829483476369e-21, nan 
113.875, 83.125, 2.0980423589303404e-21, nan 
114.125, 83.125, 1.9227995982847006e-21, nan 
114.375, 83.125, 1.8896904098259227e-21, nan 
114.625, 83.125, 1.649320130416854e-21, nan 
114.875, 83.125, 1.4317408018207703e-21, nan 
115.125, 83.125, 1.3473540290994655e-21, nan 
115.375, 83.125, 1.434620718942127e-21, nan 
115.625, 83.125, 1.4309398151545276e-21, nan 
115.875, 83.125, 1.5941588308323244e-21, nan 
116.125, 83.125, 1.7578732690970674e-21, nan 
116.375, 83.125, 1.748373854620651e-21, nan 
116.625, 83.125, 1.8559340016056647e-21, nan 
116.875, 83.125, 1.5080257007622505e-21, nan 
117.125, 83.125, 1.2915989539184254e-21, nan 
117.375, 83.125, 1.1312417270476634e-21, nan 
117.625, 83.125, 8.781647027777944e-22, nan 
117.875, 83.125, 8.951495054202823e-22, nan 
118.125, 83.125, 4.313075559943852e-22, nan 
118.375, 83.125, 5.586886380545633e-22, nan 
118.625, 83.125, 5.421675244641391e-22, nan 
118.875, 83.125, 5.619559989162653e-22, nan 
119.125, 83.125, 5.651952550782765e-22, nan 
119.375, 83.125, 5.566796524283227e-22, nan 
119.625, 83.125, 4.0924549975522067e-22, nan 
119.875, 83.125, 5.358298582748814e-22, nan 
120.125, 83.125, 4.5283470266177905e-22, nan 
120.375, 83.125, 3.427100138566751e-22, nan 
120.625, 83.125, 3.5950145511960194e-22, nan 
120.875, 83.125, 3.808519985984385e-22, nan 
121.125, 83.125, 3.005028851175936e-22, nan 
121.375, 83.125, 3.093690252740919e-22, nan 
121.625, 83.125, 3.3222044758711063e-22, nan 
121.875, 83.125, 3.820139972388216e-22, nan 
122.125, 83.125, 3.285188587578012e-22, nan 
122.375, 83.125, 2.6363485360822285e-22, nan 
122.625, 83.125, 1.5578812825075201e-22, nan 
122.875, 83.125, 2.6355087043258053e-22, nan 
123.125, 83.125, 3.58423873562569e-22, nan 
123.375, 83.125, 4.306725776765698e-22, nan 
123.625, 83.125, 5.679776046818211e-22, nan 
123.875, 83.125, 5.74212356292141e-22, nan 
124.125, 83.125, 4.870779416573922e-22, nan 
124.375, 83.125, 4.751236601494802e-22, nan 
124.625, 83.125, 4.963739718854674e-22, nan 
124.875, 83.125, 4.7804159686349345e-22, nan 
125.125, 83.125, 4.397067798044403e-22, nan 
125.375, 83.125, 4.106397634184697e-22, nan 
125.625, 83.125, 3.994567144902185e-22, nan 
125.875, 83.125, 4.267305951315406e-22, nan 
126.125, 83.125, 4.607155362137752e-22, nan 
126.375, 83.125, 4.346945945755012e-22, nan 
126.625, 83.125, 3.7125157160321572e-22, nan 
126.875, 83.125, 3.8836588242369917e-22, nan 
127.125, 83.125, 3.795690950672813e-22, nan 
127.375, 83.125, 3.593350064980933e-22, nan 
127.625, 83.125, 3.2305013944606236e-22, nan 
127.875, 83.125, 3.1009564626202346e-22, nan 
128.125, 83.125, 3.197596456450498e-22, nan 
128.375, 83.125, 4.546862570179182e-22, nan 
128.625, 83.125, 4.938984899815202e-22, nan 
128.875, 83.125, 3.8846484605034474e-22, nan 
129.125, 83.125, 4.284283923341597e-22, nan 
129.375, 83.125, 5.3115119131788e-22, nan 
129.625, 83.125, 5.778971106403523e-22, nan 
129.875, 83.125, 6.810810808391387e-22, nan 
130.125, 83.125, 8.277362035228555e-22, nan 
130.375, 83.125, 9.075988221210843e-22, nan 
130.625, 83.125, 9.017407832872542e-22, nan 
130.875, 83.125, 9.497167664342766e-22, nan 
131.125, 83.125, 1.1323280419738688e-21, nan 
131.375, 83.125, 1.0617985380818275e-21, nan 
131.625, 83.125, 1.3201790330788e-21, nan 
131.875, 83.125, 1.4117980832432955e-21, nan 
132.125, 83.125, 1.405323770720226e-21, nan 
132.375, 83.125, 1.3881394358901942e-21, nan 
132.625, 83.125, 1.3809320664442087e-21, nan 
132.875, 83.125, 1.2530029375977049e-21, nan 
133.125, 83.125, 7.662023147195842e-22, nan 
133.375, 83.125, 1.343911474030281e-21, nan 
133.625, 83.125, 1.5174883871156701e-21, nan 
133.875, 83.125, 1.1539659209847904e-21, nan 
134.125, 83.125, 1.2201957478555475e-21, nan 
134.375, 83.125, 4.623103935719015e-22, nan 
134.625, 83.125, 5.220527374263744e-22, nan 
134.875, 83.125, 6.394290397570596e-22, nan 
135.125, 83.125, 7.807892979756638e-22, nan 
135.375, 83.125, 7.083920248000802e-22, nan 
135.625, 83.125, 7.162835764289653e-22, nan 
135.875, 83.125, 8.314816684247627e-22, nan 
136.125, 83.125, 7.938337167451927e-22, nan 
136.375, 83.125, 9.121915081208951e-22, nan 
136.625, 83.125, 1.0617932030455113e-21, nan 
136.875, 83.125, 9.851072835217945e-22, nan 
137.125, 83.125, 1.0772377297800802e-21, nan 
137.375, 83.125, 1.143739886746335e-21, nan 
137.625, 83.125, 9.84548377764054e-22, nan 
137.875, 83.125, 9.719683990075437e-22, nan 
138.125, 83.125, 9.878503337709864e-22, nan 
138.375, 83.125, 9.410864902527706e-22, nan 
138.625, 83.125, 1.1145092279360418e-21, nan 
138.875, 83.125, 1.3166856932040554e-21, nan 
139.125, 83.125, 1.077872417641509e-21, nan 
139.375, 83.125, 8.231205994179368e-22, nan 
139.625, 83.125, 6.986819417406255e-22, nan 
139.875, 83.125, 6.660542251720128e-22, nan 
140.125, 83.125, 5.647749344666734e-22, nan 
140.375, 83.125, 5.280221419213582e-22, nan 
140.625, 83.125, 5.143484739726971e-22, nan 
140.875, 83.125, 6.100640417162146e-22, nan 
141.125, 83.125, 8.41003239917011e-22, nan 
141.375, 83.125, 1.0076271006976638e-21, nan 
141.625, 83.125, 9.806583426590857e-22, nan 
141.875, 83.125, 8.403992936375311e-22, nan 
142.125, 83.125, 6.602219416056277e-22, nan 
142.375, 83.125, 5.742916925247319e-22, nan 
142.625, 83.125, 5.024929511796282e-22, nan 
142.875, 83.125, 4.026221837470235e-22, nan 
143.125, 83.125, 3.8401251790189423e-22, nan 
143.375, 83.125, 3.6179255517681936e-22, nan 
143.625, 83.125, 3.991720756829393e-22, nan 
143.875, 83.125, 4.124350153011552e-22, nan 
144.125, 83.125, 4.53384524689568e-22, nan 
144.375, 83.125, 4.470975842973375e-22, nan 
144.625, 83.125, 5.074367256240356e-22, nan 
144.875, 83.125, 5.363175537212568e-22, nan 
145.125, 83.125, 5.123086290568278e-22, nan 
145.375, 83.125, 6.615090705525136e-22, nan 
145.625, 83.125, 8.209688311910253e-22, nan 
145.875, 83.125, 9.305806355414953e-22, nan 
146.125, 83.125, 1.109473546364013e-21, nan 
146.375, 83.125, 1.2969072852597967e-21, nan 
146.625, 83.125, 1.3399987388518453e-21, nan 
146.875, 83.125, 1.1469425601924118e-21, nan 
147.125, 83.125, 8.877355617219486e-22, nan 
147.375, 83.125, 1.1093727725647626e-21, nan 
147.625, 83.125, 1.4898889952813654e-21, nan 
147.875, 83.125, 1.4086694736552586e-21, nan 
148.125, 83.125, 1.3375348565123812e-21, nan 
148.375, 83.125, 1.3545992477702255e-21, nan 
148.625, 83.125, 1.377386754780625e-21, nan 
148.875, 83.125, 1.4092542420441158e-21, nan 
149.125, 83.125, 1.3564941196304451e-21, nan 
149.375, 83.125, 1.263286496961089e-21, nan 
149.625, 83.125, 1.1736864028360384e-21, nan 
149.875, 83.125, 1.290829808768168e-21, nan 
150.125, 83.125, 1.2925932249699103e-21, nan 
150.375, 83.125, 1.3337588413494852e-21, nan 
150.625, 83.125, 1.2716239610145453e-21, nan 
150.875, 83.125, 1.2292001953683256e-21, nan 
151.125, 83.125, 1.1841015052840767e-21, nan 
151.375, 83.125, 1.1685217204548444e-21, nan 
151.625, 83.125, 1.2646223696914665e-21, nan 
151.875, 83.125, 1.2442422829198361e-21, nan 
152.125, 83.125, 1.2497533858169583e-21, nan 
152.375, 83.125, 1.2746810060859154e-21, nan 
152.625, 83.125, 1.2414430878950718e-21, nan 
152.875, 83.125, 1.1290191321642716e-21, nan 
153.125, 83.125, 1.1938467241798795e-21, nan 
153.375, 83.125, 1.2055229869971563e-21, nan 
153.625, 83.125, 1.1762747553757563e-21, nan 
153.875, 83.125, 1.0744600784568852e-21, nan 
154.125, 83.125, 1.110207595688566e-21, nan 
154.375, 83.125, 1.0924511481936323e-21, nan 
154.625, 83.125, 1.0394164324822517e-21, nan 
154.875, 83.125, 9.81158544924958e-22, nan 
155.125, 83.125, 1.163915523526273e-21, nan 
155.375, 83.125, 1.2148693282039456e-21, nan 
155.625, 83.125, 1.2589696592706173e-21, nan 
155.875, 83.125, 1.2288079003026288e-21, nan 
156.125, 83.125, 1.1270329932899536e-21, nan 
156.375, 83.125, 1.1677794956403973e-21, nan 
156.625, 83.125, 1.0862277577080675e-21, nan 
156.875, 83.125, 1.0391797834854462e-21, nan 
157.125, 83.125, 1.0215726884383483e-21, nan 
157.375, 83.125, 1.0601179660341756e-21, nan 
157.625, 83.125, 1.1491402946901504e-21, nan 
157.875, 83.125, 1.1492627944118685e-21, nan 
158.125, 83.125, 1.1087259515308101e-21, nan 
158.375, 83.125, 1.171155756177822e-21, nan 
158.625, 83.125, 1.3225536970074946e-21, nan 
158.875, 83.125, 1.2020565567204974e-21, nan 
159.125, 83.125, 1.1291666585373952e-21, nan 
159.375, 83.125, 1.103389117393426e-21, nan 
159.625, 83.125, 1.099181907210657e-21, nan 
159.875, 83.125, 1.1208214438946787e-21, nan 
160.125, 83.125, 1.0603454757765928e-21, nan 
160.375, 83.125, 1.0622480275871628e-21, nan 
160.625, 83.125, 1.1263887933816264e-21, nan 
160.875, 83.125, 1.2229131134102066e-21, nan 
161.125, 83.125, 1.2187391065345487e-21, nan 
161.375, 83.125, 1.194025451557371e-21, nan 
161.625, 83.125, 1.251849692876688e-21, nan 
161.875, 83.125, 1.2884019937700737e-21, nan 
162.125, 83.125, 1.258585034318956e-21, nan 
162.375, 83.125, 1.1523486715243742e-21, nan 
162.625, 83.125, 1.2180943743498864e-21, nan 
162.875, 83.125, 1.2260652682796911e-21, nan 
163.125, 83.125, 1.1844722937674422e-21, nan 
163.375, 83.125, 1.1966144641858979e-21, nan 
163.625, 83.125, 1.3160338044142827e-21, nan 
163.875, 83.125, 1.3034013695574908e-21, nan 
164.125, 83.125, 1.259599850925697e-21, nan 
164.375, 83.125, 1.2910596013695962e-21, nan 
164.625, 83.125, 1.238424471937953e-21, nan 
164.875, 83.125, 1.2210507714518467e-21, nan 
165.125, 83.125, 1.2104165953453332e-21, nan 
165.375, 83.125, 1.1545701717582478e-21, nan 
165.625, 83.125, 1.107342830738331e-21, nan 
165.875, 83.125, 1.20186223410047e-21, nan 
166.125, 83.125, 1.310055979602626e-21, nan 
166.375, 83.125, 1.3250981964487856e-21, nan 
166.625, 83.125, 1.2141718203817574e-21, nan 
166.875, 83.125, 1.2391184627498686e-21, nan 
167.125, 83.125, 1.34233043280603e-21, nan 
167.375, 83.125, 1.3438058644639906e-21, nan 
167.625, 83.125, 1.2988942140013046e-21, nan 
167.875, 83.125, 1.3255952879677833e-21, nan 
168.125, 83.125, 1.2837504732298958e-21, nan 
168.375, 83.125, 1.3874480099814265e-21, nan 
168.625, 83.125, 1.4777584763638755e-21, nan 
168.875, 83.125, 1.4376313075324707e-21, nan 
169.125, 83.125, 1.6501812504886856e-21, nan 
169.375, 83.125, 1.88062937562195e-21, nan 
169.625, 83.125, 1.9585589129042155e-21, nan 
169.875, 83.125, 2.0538829321609994e-21, nan 
170.125, 83.125, 2.0213994058733923e-21, nan 
170.375, 83.125, 1.9078332192540023e-21, nan 
170.625, 83.125, 1.789556056172938e-21, nan 
170.875, 83.125, 1.6071680275389846e-21, nan 
171.125, 83.125, 1.6737057787141727e-21, nan 
171.375, 83.125, 1.894486786224883e-21, nan 
171.625, 83.125, 1.9221717342427545e-21, nan 
171.875, 83.125, 2.043256119255889e-21, nan 
172.125, 83.125, 2.01335245705146e-21, nan 
172.375, 83.125, 2.1130788645558626e-21, nan 
172.625, 83.125, 2.449908246407233e-21, nan 
172.875, 83.125, 2.4275248927543793e-21, nan 
173.125, 83.125, 2.3789695547905177e-21, nan 
173.375, 83.125, 2.206292169011012e-21, nan 
173.625, 83.125, 2.34659674954541e-21, nan 
173.875, 83.125, 2.6265586368678523e-21, nan 
174.125, 83.125, 2.6932667316167402e-21, nan 
174.375, 83.125, 2.317942128210813e-21, nan 
174.625, 83.125, 2.345407451207545e-21, nan 
174.875, 83.125, 2.284822612029305e-21, nan 
175.125, 83.125, 2.186476490247598e-21, nan 
175.375, 83.125, 2.1684438694382155e-21, nan 
175.625, 83.125, 2.1201256888584965e-21, nan 
175.875, 83.125, 1.8975611013937554e-21, nan 
176.125, 83.125, 2.0157165793661595e-21, nan 
176.375, 83.125, 1.8686628077162003e-21, nan 
176.625, 83.125, 1.6931309033573534e-21, nan 
176.875, 83.125, 1.6631063410822193e-21, nan 
177.125, 83.125, 1.8180137769915075e-21, nan 
177.375, 83.125, 1.6453150304823298e-21, nan 
177.625, 83.125, 1.4204174076989526e-21, nan 
177.875, 83.125, 1.749967389350765e-21, nan 
178.125, 83.125, 1.56404901414121e-21, nan 
178.375, 83.125, 1.2094345407435672e-21, nan 
178.625, 83.125, 1.2085796562576352e-21, nan 
178.875, 83.125, 1.4959462085088723e-21, nan 
179.125, 83.125, 1.2511122107610412e-21, nan 
179.375, 83.125, 1.2775309909792241e-21, nan 
179.625, 83.125, 1.2050005273037403e-21, nan 
179.875, 83.125, 1.191625836371105e-21, nan 
-179.875, 83.375, 9.179128001637416e-22, nan 
-179.625, 83.375, 9.287134773118116e-22, nan 
-179.375, 83.375, 9.235508626702457e-22, nan 
-179.125, 83.375, 1.0601852185180188e-21, nan 
-178.875, 83.375, 1.2558899401607984e-21, nan 
-178.625, 83.375, 1.0402333215371018e-21, nan 
-178.375, 83.375, 9.752195972679203e-22, nan 
-178.125, 83.375, 8.776009184203739e-22, nan 
-177.875, 83.375, 1.0177405788667861e-21, nan 
-177.625, 83.375, 9.674732855885567e-22, nan 
-177.375, 83.375, 9.391214818307806e-22, nan 
-177.125, 83.375, 9.761821939795243e-22, nan 
-176.875, 83.375, 1.1305334005355352e-21, nan 
-176.625, 83.375, 1.1120590603222999e-21, nan 
-176.375, 83.375, 9.34162461976345e-22, nan 
-176.125, 83.375, 8.947475535598272e-22, nan 
-175.875, 83.375, 1.0317686749022897e-21, nan 
-175.625, 83.375, 9.677816602368787e-22, nan 
-175.375, 83.375, 9.376159770095787e-22, nan 
-175.125, 83.375, 1.030454449220998e-21, nan 
-174.875, 83.375, 1.2097710585431409e-21, nan 
-174.625, 83.375, 1.0862347801581265e-21, nan 
-174.375, 83.375, 1.048066706100563e-21, nan 
-174.125, 83.375, 1.1308935900425498e-21, nan 
-173.875, 83.375, 1.0955742537039405e-21, nan 
-173.625, 83.375, 1.1656801821546714e-21, nan 
-173.375, 83.375, 1.2016369984150351e-21, nan 
-173.125, 83.375, 1.1603035363727893e-21, nan 
-172.875, 83.375, 1.1028531058954417e-21, nan 
-172.625, 83.375, 1.0290193199655236e-21, nan 
-172.375, 83.375, 1.0585492682105054e-21, nan 
-172.125, 83.375, 1.049393366895692e-21, nan 
-171.875, 83.375, 9.726810560072946e-22, nan 
-171.625, 83.375, 9.974026632307083e-22, nan 
-171.375, 83.375, 1.0392287879867357e-21, nan 
-171.125, 83.375, 1.0197674753421235e-21, nan 
-170.875, 83.375, 1.0334269073805845e-21, nan 
-170.625, 83.375, 1.0554578494694192e-21, nan 
-170.375, 83.375, 1.048982181313392e-21, nan 
-170.125, 83.375, 1.0484192781757687e-21, nan 
-169.875, 83.375, 1.0486227580743647e-21, nan 
-169.625, 83.375, 1.1883990618247293e-21, nan 
-169.375, 83.375, 1.0943747897458994e-21, nan 
-169.125, 83.375, 9.881281602433464e-22, nan 
-168.875, 83.375, 8.877509541896894e-22, nan 
-168.625, 83.375, 8.220118957095738e-22, nan 
-168.375, 83.375, 7.849477831434234e-22, nan 
-168.125, 83.375, 8.676313472388399e-22, nan 
-167.875, 83.375, 9.036505138654585e-22, nan 
-167.625, 83.375, 8.142841412645638e-22, nan 
-167.375, 83.375, 8.488939454467679e-22, nan 
-167.125, 83.375, 8.608580929259653e-22, nan 
-166.875, 83.375, 6.291528352947907e-22, nan 
-166.625, 83.375, 5.8236597661584155e-22, nan 
-166.375, 83.375, 6.414670847673393e-22, nan 
-166.125, 83.375, 6.788692937291747e-22, nan 
-165.875, 83.375, 6.044176570615846e-22, nan 
-165.625, 83.375, 1.3909274073749255e-21, nan 
-165.375, 83.375, 1.5809288040411138e-21, nan 
-165.125, 83.375, 1.5795490424519824e-21, nan 
-164.875, 83.375, 1.4435729765098603e-21, nan 
-164.625, 83.375, 1.4902216465970615e-21, nan 
-164.375, 83.375, 1.6435285076377963e-21, nan 
-164.125, 83.375, 1.5528098432968927e-21, nan 
-163.875, 83.375, 1.4890433291030321e-21, nan 
-163.625, 83.375, 1.468035210709871e-21, nan 
-163.375, 83.375, 1.3297438825722074e-21, nan 
-163.125, 83.375, 1.1194002541172538e-21, nan 
-162.875, 83.375, 1.120548116761808e-21, nan 
-162.625, 83.375, 1.0694552217085645e-21, nan 
-162.375, 83.375, 9.89887158596993e-22, nan 
-162.125, 83.375, 1.437547928111625e-21, nan 
-161.875, 83.375, 1.4272233727827728e-21, nan 
-161.625, 83.375, 1.2630904777255583e-21, nan 
-161.375, 83.375, 1.1769447677725093e-21, nan 
-161.125, 83.375, 1.0202141342810236e-21, nan 
-160.875, 83.375, 1.0568049299184082e-21, nan 
-160.625, 83.375, 1.0769131468528866e-21, nan 
-160.375, 83.375, 1.028037572580686e-21, nan 
-160.125, 83.375, 1.0443070047656769e-21, nan 
-159.875, 83.375, 1.0855530323880853e-21, nan 
-159.625, 83.375, 9.86715489440745e-22, nan 
-159.375, 83.375, 9.983525427254472e-22, nan 
-159.125, 83.375, 9.740814007811572e-22, nan 
-158.875, 83.375, 1.0078083538259847e-21, nan 
-158.625, 83.375, 1.0378919302979275e-21, nan 
-158.375, 83.375, 8.236035452544792e-22, nan 
-158.125, 83.375, 9.341434232729369e-22, nan 
-157.875, 83.375, 9.526583181206506e-22, nan 
-157.625, 83.375, 9.52057514252401e-22, nan 
-157.375, 83.375, 9.28642517179744e-22, nan 
-157.125, 83.375, 9.346150115219354e-22, nan 
-156.875, 83.375, 8.919638533985813e-22, nan 
-156.625, 83.375, 8.96563565995039e-22, nan 
-156.375, 83.375, 9.11613597652092e-22, nan 
-156.125, 83.375, 8.903115015895619e-22, nan 
-155.875, 83.375, 8.954445156385153e-22, nan 
-155.625, 83.375, 8.885014879567486e-22, nan 
-155.375, 83.375, 8.158333522280799e-22, nan 
-155.125, 83.375, 7.534781678941974e-22, nan 
-154.875, 83.375, 7.019563277686911e-22, nan 
-154.625, 83.375, 7.733556759526462e-22, nan 
-154.375, 83.375, 7.4159813401785775e-22, nan 
-154.125, 83.375, 7.120772166611086e-22, nan 
-153.875, 83.375, 5.919913246500272e-22, nan 
-153.625, 83.375, 5.767018416252512e-22, nan 
-153.375, 83.375, 5.764424998107502e-22, nan 
-153.125, 83.375, 5.689962669747999e-22, nan 
-152.875, 83.375, 4.99165277918444e-22, nan 
-152.625, 83.375, 4.4963769618382265e-22, nan 
-152.375, 83.375, 5.146865701359335e-22, nan 
-152.125, 83.375, 5.234635387118866e-22, nan 
-151.875, 83.375, 4.840668903472883e-22, nan 
-151.625, 83.375, 4.8192008599206265e-22, nan 
-151.375, 83.375, 4.910884094408407e-22, nan 
-151.125, 83.375, 5.062937448523752e-22, nan 
-150.875, 83.375, 4.775165161537026e-22, nan 
-150.625, 83.375, 4.37466582204284e-22, nan 
-150.375, 83.375, 4.152916255273897e-22, nan 
-150.125, 83.375, 4.111744352348533e-22, nan 
-149.875, 83.375, 3.6128393890853197e-22, nan 
-149.625, 83.375, 3.347048066046783e-22, nan 
-149.375, 83.375, 3.209872638607207e-22, nan 
-149.125, 83.375, 3.2579487520481404e-22, nan 
-148.875, 83.375, 3.609432674707233e-22, nan 
-148.625, 83.375, 4.652362911253188e-22, nan 
-148.375, 83.375, 5.06056112934229e-22, nan 
-148.125, 83.375, 5.09795475100173e-22, nan 
-147.875, 83.375, 5.889050561107096e-22, nan 
-147.625, 83.375, 6.122234067339016e-22, nan 
-147.375, 83.375, 5.93827779702255e-22, nan 
-147.125, 83.375, 5.719920096462175e-22, nan 
-146.875, 83.375, 5.471650851018175e-22, nan 
-146.625, 83.375, 4.848517311541669e-22, nan 
-146.375, 83.375, 5.41389756706041e-22, nan 
-146.125, 83.375, 5.849975350410308e-22, nan 
-145.875, 83.375, 5.3636770647942415e-22, nan 
-145.625, 83.375, 5.220980845997854e-22, nan 
-145.375, 83.375, 5.006597480982638e-22, nan 
-145.125, 83.375, 4.731742900204256e-22, nan 
-144.875, 83.375, 4.2208844368141093e-22, nan 
-144.625, 83.375, 4.405579701294874e-22, nan 
-144.375, 83.375, 5.03820666846208e-22, nan 
-144.125, 83.375, 5.700924311424452e-22, nan 
-143.875, 83.375, 5.044325752865958e-22, nan 
-143.625, 83.375, 5.474332486326316e-22, nan 
-143.375, 83.375, 6.177257225954888e-22, nan 
-143.125, 83.375, 5.452609624693298e-22, nan 
-142.875, 83.375, 6.063282678016834e-22, nan 
-142.625, 83.375, 6.630852002988666e-22, nan 
-142.375, 83.375, 6.527748389694673e-22, nan 
-142.125, 83.375, 5.6972873225504685e-22, nan 
-141.875, 83.375, 6.086629632537132e-22, nan 
-141.625, 83.375, 6.499606087783304e-22, nan 
-141.375, 83.375, 6.206631135078955e-22, nan 
-141.125, 83.375, 6.009366395340756e-22, nan 
-140.875, 83.375, 5.801241475821518e-22, nan 
-140.625, 83.375, 6.469072288034053e-22, nan 
-140.375, 83.375, 6.403199362573362e-22, nan 
-140.125, 83.375, 6.484910139080881e-22, nan 
-139.875, 83.375, 7.186390563614173e-22, nan 
-139.625, 83.375, 7.615593056196289e-22, nan 
-139.375, 83.375, 8.020994594967723e-22, nan 
-139.125, 83.375, 7.97302197041095e-22, nan 
-138.875, 83.375, 6.976199337891987e-22, nan 
-138.625, 83.375, 6.668357844636215e-22, nan 
-138.375, 83.375, 6.447289010872421e-22, nan 
-138.125, 83.375, 6.032695148086231e-22, nan 
-137.875, 83.375, 5.631811664070169e-22, nan 
-137.625, 83.375, 5.630673741529439e-22, nan 
-137.375, 83.375, 4.902380137663784e-22, nan 
-137.125, 83.375, 4.0363016367688503e-22, nan 
-136.875, 83.375, 3.6959287473659217e-22, nan 
-136.625, 83.375, 3.5965136710682137e-22, nan 
-136.375, 83.375, 3.6544954804094296e-22, nan 
-136.125, 83.375, 3.4263817233936745e-22, nan 
-135.875, 83.375, 3.417910935032824e-22, nan 
-135.625, 83.375, 3.054239238267898e-22, nan 
-135.375, 83.375, 2.575950538716986e-22, nan 
-135.125, 83.375, 1.6813914928417193e-22, nan 
-134.875, 83.375, 1.8488777587925512e-22, nan 
-134.625, 83.375, 2.4298783918142984e-22, nan 
-134.375, 83.375, 1.7416530689334092e-22, nan 
-134.125, 83.375, 1.5816087711535337e-22, nan 
-133.875, 83.375, 1.5401379689285695e-22, nan 
-133.625, 83.375, 1.8678734333553035e-22, nan 
-133.375, 83.375, 2.355377208476808e-22, nan 
-133.125, 83.375, 2.3897996344167387e-22, nan 
-132.875, 83.375, 2.2023693881729656e-22, nan 
-132.625, 83.375, 2.0967958034398022e-22, nan 
-132.375, 83.375, 2.0435049750623988e-22, nan 
-132.125, 83.375, 2.364904091463513e-22, nan 
-131.875, 83.375, 3.0032923933756103e-22, nan 
-131.625, 83.375, 3.3573298893217274e-22, nan 
-131.375, 83.375, 3.111162459122058e-22, nan 
-131.125, 83.375, 4.442576658725719e-22, nan 
-130.875, 83.375, 4.675110511219405e-22, nan 
-130.625, 83.375, 4.393300502564178e-22, nan 
-130.375, 83.375, 3.9801111761765986e-22, nan 
-130.125, 83.375, 3.7534054981960877e-22, nan 
-129.875, 83.375, 3.3723678253963666e-22, nan 
-129.625, 83.375, 4.562985319182737e-22, nan 
-129.375, 83.375, 9.246441168025382e-22, nan 
-129.125, 83.375, 1.0126750234464493e-21, nan 
-128.875, 83.375, 9.81265507309223e-22, nan 
-128.625, 83.375, 9.536515030073605e-22, nan 
-128.375, 83.375, 8.54143451893304e-22, nan 
-128.125, 83.375, 6.232067505315303e-22, nan 
-127.875, 83.375, 3.7642153084128418e-22, nan 
-127.625, 83.375, 5.15107652258927e-22, nan 
-127.375, 83.375, 8.53692523840246e-22, nan 
-127.125, 83.375, 1.4622766561250518e-21, nan 
-126.875, 83.375, 1.742018908691608e-21, nan 
-126.625, 83.375, 2.2686964338396316e-21, nan 
-126.375, 83.375, 2.386568382774795e-21, nan 
-126.125, 83.375, 2.272048083006406e-21, nan 
-125.875, 83.375, 1.5889298194526927e-21, nan 
-125.625, 83.375, 7.629141436761864e-22, nan 
-125.375, 83.375, 8.024315824849992e-22, nan 
-125.125, 83.375, 1.4153608142617635e-21, nan 
-124.875, 83.375, 1.0518394382718083e-21, nan 
-124.625, 83.375, 1.1933620748278557e-21, nan 
-124.375, 83.375, 2.345536319522398e-21, nan 
-124.125, 83.375, 2.573821527989912e-21, nan 
-123.875, 83.375, 2.6477913118817544e-21, nan 
-123.625, 83.375, 2.369192914704269e-21, nan 
-123.375, 83.375, 1.9085384415874926e-21, nan 
-123.125, 83.375, 2.330380635826962e-21, nan 
-122.875, 83.375, 2.5362485705268792e-21, nan 
-122.625, 83.375, 2.438310267366573e-21, nan 
-122.375, 83.375, 2.2895253253613036e-21, nan 
-122.125, 83.375, 1.9901641265471083e-21, nan 
-121.875, 83.375, 1.5984436388658717e-21, nan 
-121.625, 83.375, 1.32073331308403e-21, nan 
-121.375, 83.375, 1.5786815385999272e-21, nan 
-121.125, 83.375, 1.9955492663110994e-21, nan 
-120.875, 83.375, 2.2607065151113685e-21, nan 
-120.625, 83.375, 2.1887447618434394e-21, nan 
-120.375, 83.375, 2.0599260514596808e-21, nan 
-120.125, 83.375, 1.932945726123352e-21, nan 
-119.875, 83.375, 1.7947593267807686e-21, nan 
-119.625, 83.375, 1.5056425294670033e-21, nan 
-119.375, 83.375, 1.0242337868079877e-21, nan 
-119.125, 83.375, 7.943079989523774e-22, nan 
-118.875, 83.375, 7.597864779901047e-22, nan 
-118.625, 83.375, 8.010588963190331e-22, nan 
-118.375, 83.375, 8.363677140733723e-22, nan 
-118.125, 83.375, 8.692442930832318e-22, nan 
-117.875, 83.375, 8.902300987602663e-22, nan 
-117.625, 83.375, 8.573425994129584e-22, nan 
-117.375, 83.375, 8.531059863580497e-22, nan 
-117.125, 83.375, 8.217014870206462e-22, nan 
-116.875, 83.375, 8.0129457230829815e-22, nan 
-116.625, 83.375, 7.89937046441164e-22, nan 
-116.375, 83.375, 8.24160898640878e-22, nan 
-116.125, 83.375, 8.721871808518167e-22, nan 
-115.875, 83.375, 9.28379089619191e-22, nan 
-115.625, 83.375, 9.757010557738686e-22, nan 
-115.375, 83.375, 1.2034312544456767e-21, nan 
-115.125, 83.375, 1.4299339362859486e-21, nan 
-114.875, 83.375, 1.3264770862921647e-21, nan 
-114.625, 83.375, 1.2408112855873125e-21, nan 
-114.375, 83.375, 1.276326557374744e-21, nan 
-114.125, 83.375, 1.3775699247524974e-21, nan 
-113.875, 83.375, 1.4612045216241875e-21, nan 
-113.625, 83.375, 1.6190348547863639e-21, nan 
-113.375, 83.375, 1.4585661877777612e-21, nan 
-113.125, 83.375, 1.3661040073042204e-21, nan 
-112.875, 83.375, 1.7683647768348653e-21, nan 
-112.625, 83.375, 1.8463676363939497e-21, nan 
-112.375, 83.375, 1.828436074618655e-21, nan 
-112.125, 83.375, 1.676297493722488e-21, nan 
-111.875, 83.375, 1.6412903834422345e-21, nan 
-111.625, 83.375, 1.6703866312079974e-21, nan 
-111.375, 83.375, 1.5049219145410911e-21, nan 
-111.125, 83.375, 1.144673097882274e-21, nan 
-110.875, 83.375, 7.334124256709828e-22, nan 
-110.625, 83.375, 2.5651477872870507e-22, nan 
-110.375, 83.375, 1.8728321164114597e-22, nan 
-110.125, 83.375, 2.208348366581278e-22, nan 
-109.875, 83.375, 2.5838768233830436e-22, nan 
-109.625, 83.375, 2.474051965703986e-22, nan 
-109.375, 83.375, 2.7004509299135657e-22, nan 
-109.125, 83.375, 2.5674572728673883e-22, nan 
-108.875, 83.375, 2.362068516658215e-22, nan 
-108.625, 83.375, 2.359158518454087e-22, nan 
-108.375, 83.375, 1.4917080949117026e-22, nan 
-108.125, 83.375, 1.2310701472877733e-22, nan 
-107.875, 83.375, 1.408374503405224e-22, nan 
-107.625, 83.375, 1.8966965335093607e-22, nan 
-107.375, 83.375, 2.7802215090293897e-22, nan 
-107.125, 83.375, 4.1091407956552965e-22, nan 
-106.875, 83.375, 5.971955422267796e-22, nan 
-106.625, 83.375, 7.404538846197223e-22, nan 
-106.375, 83.375, 6.694987880007065e-22, nan 
-106.125, 83.375, 4.826401280067131e-22, nan 
-105.875, 83.375, 3.26194504154891e-22, nan 
-105.625, 83.375, 2.0019066826403491e-22, nan 
-105.375, 83.375, 1.465030984666498e-22, nan 
-105.125, 83.375, 3.6475898717033473e-22, nan 
-104.875, 83.375, 6.835802542567491e-22, nan 
-104.625, 83.375, 9.64705438998103e-22, nan 
-104.375, 83.375, 1.1764235398473523e-21, nan 
-104.125, 83.375, 1.1019965344322698e-21, nan 
-103.875, 83.375, 9.240754182830146e-22, nan 
-103.625, 83.375, 8.428024179092691e-22, nan 
-103.375, 83.375, 6.395833985764088e-22, nan 
-103.125, 83.375, 4.965932863024804e-22, nan 
-102.875, 83.375, 3.6248323332775666e-22, nan 
-102.625, 83.375, 5.30231928849713e-22, nan 
-102.375, 83.375, 7.246892316729698e-22, nan 
-102.125, 83.375, 8.352152625789895e-22, nan 
-101.875, 83.375, 7.773419824608293e-22, nan 
-101.625, 83.375, 5.870885937006632e-22, nan 
-101.375, 83.375, 4.43654674235066e-22, nan 
-101.125, 83.375, 4.030918505766567e-22, nan 
-100.875, 83.375, 3.638006938010061e-22, nan 
-100.625, 83.375, 2.3629333414640714e-22, nan 
-100.375, 83.375, 3.654184835804587e-22, nan 
-100.125, 83.375, 3.51462356095086e-22, nan 
-99.875, 83.375, 2.6333843461601e-22, nan 
-99.625, 83.375, 3.0883969659977685e-22, nan 
-99.375, 83.375, 2.254798501099006e-22, nan 
-99.125, 83.375, 7.646246727441517e-23, nan 
-98.875, 83.375, 6.609958394944067e-23, nan 
-98.625, 83.375, 9.22763277300447e-23, nan 
-98.375, 83.375, 1.350458324990228e-22, nan 
-98.125, 83.375, 2.1853009076816136e-22, nan 
-97.875, 83.375, 2.0747122411078235e-22, nan 
-97.625, 83.375, 1.8204554608924662e-22, nan 
-97.375, 83.375, 2.072358589357389e-22, nan 
-97.125, 83.375, 1.9436648640086313e-22, nan 
-96.875, 83.375, 1.6374459771906788e-22, nan 
-96.625, 83.375, 1.382949250802057e-22, nan 
-96.375, 83.375, 1.474871152268435e-22, nan 
-96.125, 83.375, 1.3279195121109377e-22, nan 
-95.875, 83.375, 1.1885764073542906e-22, nan 
-95.625, 83.375, 1.2750295709157889e-22, nan 
-95.375, 83.375, 9.098348939274383e-23, nan 
-95.125, 83.375, 1.004784787769943e-22, nan 
-94.875, 83.375, 1.336075461445409e-22, nan 
-94.625, 83.375, 6.6424987430092e-23, nan 
-94.375, 83.375, 6.434608094877411e-23, nan 
-94.125, 83.375, 7.075805961221434e-23, nan 
-93.875, 83.375, 6.486680939467248e-23, nan 
-93.625, 83.375, 1.024772421712814e-22, nan 
-93.375, 83.375, 1.604633350058771e-22, nan 
-93.125, 83.375, 1.84192526674397e-22, nan 
-92.875, 83.375, 2.026505824409556e-22, nan 
-92.625, 83.375, 2.216131499567296e-22, nan 
-92.375, 83.375, 2.394072762420133e-22, nan 
-92.125, 83.375, 2.582564051261281e-22, nan 
-91.875, 83.375, 2.435898938821493e-22, nan 
-91.625, 83.375, 2.12608875892415e-22, nan 
-91.375, 83.375, 1.833979656099192e-22, nan 
-91.125, 83.375, 1.3838644649430695e-22, nan 
-90.875, 83.375, 1.269931418179012e-22, nan 
-90.625, 83.375, 1.8385291265261532e-22, nan 
-90.375, 83.375, 2.625555384628183e-22, nan 
-90.125, 83.375, 3.531267030538186e-22, nan 
-89.875, 83.375, 3.575545145747605e-22, nan 
-89.625, 83.375, 3.302763380315636e-22, nan 
-89.375, 83.375, 3.5466500826774176e-22, nan 
-89.125, 83.375, 3.8182163396265426e-22, nan 
-88.875, 83.375, 3.034804791525129e-22, nan 
-88.625, 83.375, 2.749751838722198e-22, nan 
-88.375, 83.375, 2.720686239599629e-22, nan 
-88.125, 83.375, 2.9557870487141713e-22, nan 
-87.875, 83.375, 2.997574744977255e-22, nan 
-87.625, 83.375, 2.912774268536784e-22, nan 
-87.375, 83.375, 3.2509256798558756e-22, nan 
-87.125, 83.375, 3.294396031345594e-22, nan 
-86.875, 83.375, 3.0419075201752506e-22, nan 
-86.625, 83.375, 2.8118536935664182e-22, nan 
-86.375, 83.375, 3.080958977211396e-22, nan 
-86.125, 83.375, 3.148117311027656e-22, nan 
-85.875, 83.375, 3.3175921775727735e-22, nan 
-85.625, 83.375, 2.7194163405483332e-22, nan 
-85.375, 83.375, 2.992184426436527e-22, nan 
-85.125, 83.375, 3.593686620769639e-22, nan 
-84.875, 83.375, 3.700595008988517e-22, nan 
-84.625, 83.375, 3.285667130720914e-22, nan 
-84.375, 83.375, 3.278727354289607e-22, nan 
-84.125, 83.375, 4.811012260958046e-22, nan 
-83.875, 83.375, 4.329380419016449e-22, nan 
-83.625, 83.375, 4.481314007753288e-22, nan 
-83.375, 83.375, 4.696286669321786e-22, nan 
-83.125, 83.375, 4.024943820816865e-22, nan 
-82.875, 83.375, 4.261591894612179e-22, nan 
-82.625, 83.375, 4.2312043945246254e-22, nan 
-82.375, 83.375, 3.780462922203568e-22, nan 
-82.125, 83.375, 3.7048083032270517e-22, nan 
-81.875, 83.375, 3.97317694955836e-22, nan 
-81.625, 83.375, 3.981404290396902e-22, nan 
-81.375, 83.375, 3.385274241030935e-22, nan 
-81.125, 83.375, 3.8596196549635195e-22, nan 
-80.875, 83.375, 3.8786141669863273e-22, nan 
-80.625, 83.375, 3.4316039973964673e-22, nan 
-80.375, 83.375, 3.726723769022515e-22, nan 
-80.125, 83.375, 3.1078224548296614e-22, nan 
-79.875, 83.375, 2.878468231748171e-22, nan 
51.875, 83.375, 1.182656444766849e-22, nan 
52.125, 83.375, 9.617453685086507e-23, nan 
52.375, 83.375, 9.033634247631522e-23, nan 
52.625, 83.375, 1.488963646623695e-22, nan 
52.875, 83.375, 1.6339138474078468e-22, nan 
53.125, 83.375, 1.2284149229801366e-22, nan 
53.375, 83.375, 1.0114983079720865e-22, nan 
53.625, 83.375, 9.602895471282927e-23, nan 
53.875, 83.375, 5.994521050830901e-23, nan 
54.125, 83.375, 1.056009038709147e-22, nan 
54.375, 83.375, 1.3304019618657942e-22, nan 
54.625, 83.375, 1.3111625878563922e-22, nan 
54.875, 83.375, 2.3248030164236616e-22, nan 
55.125, 83.375, 2.818803480958126e-22, nan 
55.375, 83.375, 1.8938594925885673e-22, nan 
55.625, 83.375, 1.8141542434334932e-22, nan 
55.875, 83.375, 1.849594646527277e-22, nan 
56.125, 83.375, 1.4503723207121197e-22, nan 
56.375, 83.375, 1.268353329212038e-22, nan 
56.625, 83.375, 1.7095238333121229e-22, nan 
56.875, 83.375, 1.5591074148090044e-22, nan 
57.125, 83.375, 1.3519707215546465e-22, nan 
57.375, 83.375, 1.6017304856868689e-22, nan 
57.625, 83.375, 1.2042687938679667e-22, nan 
57.875, 83.375, 1.2381706381982523e-22, nan 
58.125, 83.375, 1.3106104336494257e-22, nan 
58.375, 83.375, 1.031678388574079e-22, nan 
58.625, 83.375, 1.0301551347692067e-22, nan 
58.875, 83.375, 1.3091434286571517e-22, nan 
59.125, 83.375, 1.284783465421263e-22, nan 
59.375, 83.375, 9.237996359390089e-23, nan 
59.625, 83.375, 9.212260891841824e-23, nan 
59.875, 83.375, 1.0866054399504782e-22, nan 
60.125, 83.375, 1.0004689438793171e-22, nan 
60.375, 83.375, 1.1679657526283387e-22, nan 
60.625, 83.375, 1.3272523385584021e-22, nan 
60.875, 83.375, 1.9367145944315624e-22, nan 
61.125, 83.375, 1.8095313707287567e-22, nan 
61.375, 83.375, 1.6600597222406632e-22, nan 
61.625, 83.375, 1.9181499170460961e-22, nan 
61.875, 83.375, 1.306038028327344e-22, nan 
62.125, 83.375, 1.2901878598143627e-22, nan 
62.375, 83.375, 1.5724618251053089e-22, nan 
62.625, 83.375, 1.5963073708975016e-22, nan 
62.875, 83.375, 1.5941076365088036e-22, nan 
63.125, 83.375, 2.1691261354313e-22, nan 
63.375, 83.375, 2.336665479265389e-22, nan 
63.625, 83.375, 1.407209747970706e-22, nan 
63.875, 83.375, 1.7546470591723734e-22, nan 
64.125, 83.375, 1.6843942938466343e-22, nan 
64.375, 83.375, 1.617924003391072e-22, nan 
64.625, 83.375, 2.2260449104167374e-22, nan 
64.875, 83.375, 2.4066690286803886e-22, nan 
65.125, 83.375, 2.409216021565246e-22, nan 
65.375, 83.375, 9.804020637991804e-23, nan 
65.625, 83.375, 8.013990348996534e-23, nan 
65.875, 83.375, 8.25509089813187e-23, nan 
66.125, 83.375, 1.303237371092077e-22, nan 
66.375, 83.375, 1.124033352856574e-22, nan 
66.625, 83.375, 1.2401953972011116e-22, nan 
66.875, 83.375, 1.280298467717945e-22, nan 
67.125, 83.375, 1.3158918785504946e-22, nan 
67.375, 83.375, 2.0276942869625234e-22, nan 
67.625, 83.375, 1.9151961859165994e-22, nan 
67.875, 83.375, 1.6730692909261125e-22, nan 
68.125, 83.375, 1.8307763311897886e-22, nan 
68.375, 83.375, 2.0838953127899223e-22, nan 
68.625, 83.375, 2.4669025737272053e-22, nan 
68.875, 83.375, 3.268246336090257e-22, nan 
69.125, 83.375, 3.630665854678636e-22, nan 
69.375, 83.375, 3.7625870103824895e-22, nan 
69.625, 83.375, 3.2603069613266004e-22, nan 
69.875, 83.375, 2.8740239497084216e-22, nan 
70.125, 83.375, 2.9925010143332646e-22, nan 
70.375, 83.375, 3.161246039516254e-22, nan 
70.625, 83.375, 4.058867597877182e-22, nan 
70.875, 83.375, 4.819498803143104e-22, nan 
71.125, 83.375, 3.9456591797152034e-22, nan 
71.375, 83.375, 4.1697022380668676e-22, nan 
71.625, 83.375, 3.823096320796361e-22, nan 
71.875, 83.375, 2.562867048639503e-22, nan 
72.125, 83.375, 1.7512786457960043e-22, nan 
72.375, 83.375, 1.2458861720049206e-22, nan 
72.625, 83.375, 1.260286076658659e-22, nan 
72.875, 83.375, 1.2628614684231092e-22, nan 
73.125, 83.375, 7.978605404336601e-23, nan 
73.375, 83.375, 9.986281961885598e-23, nan 
73.625, 83.375, 1.2420191182624255e-22, nan 
73.875, 83.375, 1.3407066902137514e-22, nan 
74.125, 83.375, 1.481064965983201e-22, nan 
74.375, 83.375, 1.4724154161046968e-22, nan 
74.625, 83.375, 1.36092940021178e-22, nan 
74.875, 83.375, 1.471550580142442e-22, nan 
75.125, 83.375, 1.4209530192476274e-22, nan 
75.375, 83.375, 1.3057551436888823e-22, nan 
75.625, 83.375, 1.24520891832904e-22, nan 
75.875, 83.375, 1.8433629832343337e-22, nan 
76.125, 83.375, 2.2243416400915867e-22, nan 
76.375, 83.375, 2.8111637714104704e-22, nan 
76.625, 83.375, 3.094016855977352e-22, nan 
76.875, 83.375, 3.1222277863347947e-22, nan 
77.125, 83.375, 2.9286598859762567e-22, nan 
77.375, 83.375, 2.754665578186765e-22, nan 
77.625, 83.375, 3.351352848156855e-22, nan 
77.875, 83.375, 2.821239838056565e-22, nan 
78.125, 83.375, 2.3806327287353875e-22, nan 
78.375, 83.375, 2.803048959725335e-22, nan 
78.625, 83.375, 2.4318912416537583e-22, nan 
78.875, 83.375, 2.8191278037009327e-22, nan 
79.125, 83.375, 3.150441750392066e-22, nan 
79.375, 83.375, 2.654960072206403e-22, nan 
79.625, 83.375, 2.5979999799245274e-22, nan 
79.875, 83.375, 3.3301971536802644e-22, nan 
80.125, 83.375, 2.947832400775959e-22, nan 
80.375, 83.375, 2.832380129623431e-22, nan 
80.625, 83.375, 2.951234112465974e-22, nan 
80.875, 83.375, 3.11963184287041e-22, nan 
81.125, 83.375, 3.3098870170196923e-22, nan 
81.375, 83.375, 3.6951986087206925e-22, nan 
81.625, 83.375, 3.847301650596676e-22, nan 
81.875, 83.375, 2.1394887916309497e-22, nan 
82.125, 83.375, 4.0187281732349815e-22, nan 
82.375, 83.375, 2.6885002213970846e-22, nan 
82.625, 83.375, 2.8067892433206984e-22, nan 
82.875, 83.375, 3.602558332901416e-22, nan 
83.125, 83.375, 3.68330267725546e-22, nan 
83.375, 83.375, 2.798680919481166e-22, nan 
83.625, 83.375, 3.6730968157345224e-22, nan 
83.875, 83.375, 4.550174950799085e-22, nan 
84.125, 83.375, 1.814708077412785e-22, nan 
84.375, 83.375, 3.3694153347538033e-22, nan 
84.625, 83.375, 2.2299306468817504e-22, nan 
84.875, 83.375, 2.3070369895248064e-22, nan 
85.125, 83.375, 2.819939303237179e-22, nan 
85.375, 83.375, 2.755419705012046e-22, nan 
85.625, 83.375, 2.352444662842195e-22, nan 
85.875, 83.375, 2.6152642036121704e-22, nan 
86.125, 83.375, 3.0144550257205246e-22, nan 
86.375, 83.375, 2.211653512468715e-22, nan 
86.625, 83.375, 3.3893374171467657e-22, nan 
86.875, 83.375, 2.295048659454484e-22, nan 
87.125, 83.375, 2.814585363411926e-22, nan 
87.375, 83.375, 2.35100704537783e-22, nan 
87.625, 83.375, 2.488792646491209e-22, nan 
87.875, 83.375, 3.220383095753844e-22, nan 
88.125, 83.375, 3.348631575356018e-22, nan 
88.375, 83.375, 3.123777282669443e-22, nan 
88.625, 83.375, 3.193890152770581e-22, nan 
88.875, 83.375, 3.8426077125222247e-22, nan 
89.125, 83.375, 4.342341583023286e-22, nan 
89.375, 83.375, 3.4550483198714366e-22, nan 
89.625, 83.375, 3.887706812624336e-22, nan 
89.875, 83.375, 4.408460173395746e-22, nan 
90.125, 83.375, 4.053944959072102e-22, nan 
90.375, 83.375, 4.4931265562696215e-22, nan 
90.625, 83.375, 5.372447783427505e-22, nan 
90.875, 83.375, 5.889524613279731e-22, nan 
91.125, 83.375, 2.3708276794920623e-22, nan 
91.375, 83.375, 1.6959308728371318e-22, nan 
91.625, 83.375, 1.5056516535507123e-22, nan 
91.875, 83.375, 1.709303577518515e-22, nan 
92.125, 83.375, 2.441493050595616e-22, nan 
92.375, 83.375, 2.751739727878928e-22, nan 
92.625, 83.375, 1.5793500167800662e-22, nan 
92.875, 83.375, 3.682658108126605e-22, nan 
93.125, 83.375, 1.948305628502895e-22, nan 
93.375, 83.375, 3.259237930182246e-22, nan 
93.625, 83.375, 3.843496535649413e-22, nan 
93.875, 83.375, 3.8393555607000505e-22, nan 
94.125, 83.375, 2.760422202455355e-22, nan 
94.375, 83.375, 3.058993493694684e-22, nan 
94.625, 83.375, 3.7596591804607386e-22, nan 
94.875, 83.375, 3.811088490146124e-22, nan 
95.125, 83.375, 3.392395761735314e-22, nan 
95.375, 83.375, 3.525457917639083e-22, nan 
95.625, 83.375, 3.8798411210935317e-22, nan 
95.875, 83.375, 3.890596118438039e-22, nan 
96.125, 83.375, 3.6684371446932e-22, nan 
96.375, 83.375, 2.7276351305382694e-22, nan 
96.625, 83.375, 2.586430551669916e-22, nan 
96.875, 83.375, 2.7087937188278574e-22, nan 
97.125, 83.375, 1.6790203008564886e-22, nan 
97.375, 83.375, 2.5876568955420742e-22, nan 
97.625, 83.375, 2.978026883156882e-22, nan 
97.875, 83.375, 3.333340713672861e-22, nan 
98.125, 83.375, 4.531307271209647e-22, nan 
98.375, 83.375, 5.266402030227233e-22, nan 
98.625, 83.375, 4.788158415596681e-22, nan 
98.875, 83.375, 4.4837407366937985e-22, nan 
99.125, 83.375, 4.361626526953925e-22, nan 
99.375, 83.375, 4.328668851144175e-22, nan 
99.625, 83.375, 5.459511400445637e-22, nan 
99.875, 83.375, 5.833953560865935e-22, nan 
100.125, 83.375, 5.5641208357528495e-22, nan 
100.375, 83.375, 5.435548156280894e-22, nan 
100.625, 83.375, 5.833241331596744e-22, nan 
100.875, 83.375, 7.153279620122249e-22, nan 
101.125, 83.375, 7.130759634745507e-22, nan 
101.375, 83.375, 6.502134480811143e-22, nan 
101.625, 83.375, 6.528033141801533e-22, nan 
101.875, 83.375, 7.213821310984443e-22, nan 
102.125, 83.375, 7.5034165404532e-22, nan 
102.375, 83.375, 7.275444553555181e-22, nan 
102.625, 83.375, 6.586354131793156e-22, nan 
102.875, 83.375, 4.9589068861971815e-22, nan 
103.125, 83.375, 4.573878045928616e-22, nan 
103.375, 83.375, 4.736328535600454e-22, nan 
103.625, 83.375, 4.835978361472285e-22, nan 
103.875, 83.375, 5.505423737941519e-22, nan 
104.125, 83.375, 6.955139913085586e-22, nan 
104.375, 83.375, 9.031202569411165e-22, nan 
104.625, 83.375, 8.573042749641603e-22, nan 
104.875, 83.375, 8.243413114396157e-22, nan 
105.125, 83.375, 9.20493328370412e-22, nan 
105.375, 83.375, 9.544489941211192e-22, nan 
105.625, 83.375, 1.1045924075067125e-21, nan 
105.875, 83.375, 1.1737736951306976e-21, nan 
106.125, 83.375, 1.2789547346076561e-21, nan 
106.375, 83.375, 1.3020038780112615e-21, nan 
106.625, 83.375, 1.376650839542683e-21, nan 
106.875, 83.375, 1.4108097397438316e-21, nan 
107.125, 83.375, 2.110573891940625e-21, nan 
107.375, 83.375, 1.8457008928284632e-21, nan 
107.625, 83.375, 1.6290636989189035e-21, nan 
107.875, 83.375, 1.956034265739648e-21, nan 
108.125, 83.375, 2.1615228501288926e-21, nan 
108.375, 83.375, 2.0445651958174665e-21, nan 
108.625, 83.375, 1.642999563608925e-21, nan 
108.875, 83.375, 1.0310704625818061e-21, nan 
109.125, 83.375, 8.157756922530042e-22, nan 
109.375, 83.375, 1.644002301315314e-21, nan 
109.625, 83.375, 1.1500427994020197e-21, nan 
109.875, 83.375, 9.376866867001156e-22, nan 
110.125, 83.375, 9.24495427746102e-22, nan 
110.375, 83.375, 1.2813920534685675e-21, nan 
110.625, 83.375, 1.0905746099862597e-21, nan 
110.875, 83.375, 9.1258607355836e-22, nan 
111.125, 83.375, 1.7739722591697394e-21, nan 
111.375, 83.375, 1.4558120216824227e-21, nan 
111.625, 83.375, 1.636894736992071e-21, nan 
111.875, 83.375, 1.888088775053993e-21, nan 
112.125, 83.375, 2.2503546376930584e-21, nan 
112.375, 83.375, 2.2830067076044545e-21, nan 
112.625, 83.375, 2.2591765768508125e-21, nan 
112.875, 83.375, 2.383308320722674e-21, nan 
113.125, 83.375, 2.5166147197895965e-21, nan 
113.375, 83.375, 2.7106818763419746e-21, nan 
113.625, 83.375, 2.456283928227233e-21, nan 
113.875, 83.375, 2.315715886338572e-21, nan 
114.125, 83.375, 2.2193081358018086e-21, nan 
114.375, 83.375, 2.2270931120957005e-21, nan 
114.625, 83.375, 2.3004886204762724e-21, nan 
114.875, 83.375, 2.1177645669871262e-21, nan 
115.125, 83.375, 2.19083152556931e-21, nan 
115.375, 83.375, 2.2871675521878983e-21, nan 
115.625, 83.375, 2.290848028461117e-21, nan 
115.875, 83.375, 2.4621602844072324e-21, nan 
116.125, 83.375, 2.5034570370527923e-21, nan 
116.375, 83.375, 2.552911265022204e-21, nan 
116.625, 83.375, 2.65976381411182e-21, nan 
116.875, 83.375, 2.523904740916832e-21, nan 
117.125, 83.375, 2.4997242356742082e-21, nan 
117.375, 83.375, 2.2558664249310327e-21, nan 
117.625, 83.375, 2.292751131927044e-21, nan 
117.875, 83.375, 2.1047226806606528e-21, nan 
118.125, 83.375, 3.2231088986892378e-21, nan 
118.375, 83.375, 3.083893734905714e-21, nan 
118.625, 83.375, 2.5473479119369023e-21, nan 
118.875, 83.375, 2.4856242654639057e-21, nan 
119.125, 83.375, 2.545113474993581e-21, nan 
119.375, 83.375, 1.6196110623472001e-21, nan 
119.625, 83.375, 1.1120332877683337e-21, nan 
119.875, 83.375, 6.342555745607136e-22, nan 
120.125, 83.375, 7.747757986361285e-22, nan 
120.375, 83.375, 7.882898309064758e-22, nan 
120.625, 83.375, 7.123663675565938e-22, nan 
120.875, 83.375, 5.617748949671717e-22, nan 
121.125, 83.375, 5.958080554119748e-22, nan 
121.375, 83.375, 7.146660278547582e-22, nan 
121.625, 83.375, 7.366690480337813e-22, nan 
121.875, 83.375, 3.8106092955387577e-22, nan 
122.125, 83.375, 2.627137998847942e-22, nan 
122.375, 83.375, 3.6684456310728074e-22, nan 
122.625, 83.375, 4.545911742643362e-22, nan 
122.875, 83.375, 4.169520198858984e-22, nan 
123.125, 83.375, 9.22474998547925e-22, nan 
123.375, 83.375, 1.4512741211392212e-21, nan 
123.625, 83.375, 1.5990635348169677e-21, nan 
123.875, 83.375, 1.3608598424275295e-21, nan 
124.125, 83.375, 1.1825777222488618e-21, nan 
124.375, 83.375, 1.0250567490000675e-21, nan 
124.625, 83.375, 8.399327477523394e-22, nan 
124.875, 83.375, 8.303975329924458e-22, nan 
125.125, 83.375, 4.99718944599239e-22, nan 
125.375, 83.375, 3.726091943959112e-22, nan 
125.625, 83.375, 3.332585091218702e-22, nan 
125.875, 83.375, 4.1312610347414244e-22, nan 
126.125, 83.375, 4.619089044603959e-22, nan 
126.375, 83.375, 4.180593855866818e-22, nan 
126.625, 83.375, 3.517156935906693e-22, nan 
126.875, 83.375, 4.454958078256663e-22, nan 
127.125, 83.375, 5.745139129670354e-22, nan 
127.375, 83.375, 6.050112866348577e-22, nan 
127.625, 83.375, 6.926023491652667e-22, nan 
127.875, 83.375, 7.838804051621145e-22, nan 
128.125, 83.375, 7.645657249099727e-22, nan 
128.375, 83.375, 6.47382584114679e-22, nan 
128.625, 83.375, 6.126104190463321e-22, nan 
128.875, 83.375, 7.506147314446717e-22, nan 
129.125, 83.375, 6.349816656508927e-22, nan 
129.375, 83.375, 7.796714460979513e-22, nan 
129.625, 83.375, 8.682564702519593e-22, nan 
129.875, 83.375, 9.639053927738763e-22, nan 
130.125, 83.375, 1.2054881511115038e-21, nan 
130.375, 83.375, 1.2462573874271186e-21, nan 
130.625, 83.375, 1.8094941840197857e-21, nan 
130.875, 83.375, 1.9456542323454763e-21, nan 
131.125, 83.375, 2.1184219374929156e-21, nan 
131.375, 83.375, 2.1414919058432587e-21, nan 
131.625, 83.375, 2.710178319413889e-21, nan 
131.875, 83.375, 3.0053760869220333e-21, nan 
132.125, 83.375, 3.222883157943569e-21, nan 
132.375, 83.375, 3.436605130365166e-21, nan 
132.625, 83.375, 3.677377516595256e-21, nan 
132.875, 83.375, 3.605789289572581e-21, nan 
133.125, 83.375, 2.833867396505814e-21, nan 
133.375, 83.375, 3.890429309148663e-21, nan 
133.625, 83.375, 4.3151030327508684e-21, nan 
133.875, 83.375, 3.704444707586552e-21, nan 
134.125, 83.375, 3.835185585288782e-21, nan 
134.375, 83.375, 2.676842417741637e-21, nan 
134.625, 83.375, 2.3581181415532432e-21, nan 
134.875, 83.375, 2.3684211418811967e-21, nan 
135.125, 83.375, 2.299337001459367e-21, nan 
135.375, 83.375, 1.8786309116855824e-21, nan 
135.625, 83.375, 2.3650783756266963e-21, nan 
135.875, 83.375, 2.5662415589247492e-21, nan 
136.125, 83.375, 2.147390597383263e-21, nan 
136.375, 83.375, 2.275560923227942e-21, nan 
136.625, 83.375, 1.7043940779137386e-21, nan 
136.875, 83.375, 1.5898794675125695e-21, nan 
137.125, 83.375, 1.3988162085463756e-21, nan 
137.375, 83.375, 9.953275986829585e-22, nan 
137.625, 83.375, 1.0055763839122373e-21, nan 
137.875, 83.375, 9.887507107007625e-22, nan 
138.125, 83.375, 6.988500236795286e-22, nan 
138.375, 83.375, 4.0603848567793613e-22, nan 
138.625, 83.375, 5.077867492019967e-22, nan 
138.875, 83.375, 6.681750976183478e-22, nan 
139.125, 83.375, 8.964936778602375e-22, nan 
139.375, 83.375, 7.212911766604446e-22, nan 
139.625, 83.375, 7.586083785164207e-22, nan 
139.875, 83.375, 2.006636061222915e-21, nan 
140.125, 83.375, 2.9614181066547405e-21, nan 
140.375, 83.375, 2.4783256073350937e-21, nan 
140.625, 83.375, 1.8185166174680273e-21, nan 
140.875, 83.375, 1.472159117370225e-21, nan 
141.125, 83.375, 1.4570643339775142e-21, nan 
141.375, 83.375, 1.6545722149666047e-21, nan 
141.625, 83.375, 1.645205931953601e-21, nan 
141.875, 83.375, 1.4435814574274363e-21, nan 
142.125, 83.375, 1.1100958337065132e-21, nan 
142.375, 83.375, 1.077781117571451e-21, nan 
142.625, 83.375, 1.1297652460086722e-21, nan 
142.875, 83.375, 1.0380830563132752e-21, nan 
143.125, 83.375, 1.1738646872531614e-21, nan 
143.375, 83.375, 1.4519190332781877e-21, nan 
143.625, 83.375, 1.687348376704579e-21, nan 
143.875, 83.375, 1.6887054341854873e-21, nan 
144.125, 83.375, 1.5849392701442167e-21, nan 
144.375, 83.375, 1.4952582176450195e-21, nan 
144.625, 83.375, 1.387939944781141e-21, nan 
144.875, 83.375, 1.2737214029950538e-21, nan 
145.125, 83.375, 1.2816578837622257e-21, nan 
145.375, 83.375, 1.402885286469647e-21, nan 
145.625, 83.375, 1.358158232393491e-21, nan 
145.875, 83.375, 1.2962825225312214e-21, nan 
146.125, 83.375, 1.2965028625599116e-21, nan 
146.375, 83.375, 1.351624314585464e-21, nan 
146.625, 83.375, 1.4679389264484763e-21, nan 
146.875, 83.375, 1.242561556095317e-21, nan 
147.125, 83.375, 1.0247388554059053e-21, nan 
147.375, 83.375, 1.2100841759063491e-21, nan 
147.625, 83.375, 1.4533643599783747e-21, nan 
147.875, 83.375, 1.201017832391925e-21, nan 
148.125, 83.375, 9.875951569824172e-22, nan 
148.375, 83.375, 9.455091124524333e-22, nan 
148.625, 83.375, 9.279105281858441e-22, nan 
148.875, 83.375, 8.420419885471761e-22, nan 
149.125, 83.375, 7.6289123941707e-22, nan 
149.375, 83.375, 8.306732357953049e-22, nan 
149.625, 83.375, 9.347054053662625e-22, nan 
149.875, 83.375, 6.700928748381977e-22, nan 
150.125, 83.375, 6.713286049577062e-22, nan 
150.375, 83.375, 9.442039548968648e-22, nan 
150.625, 83.375, 1.119288788033946e-21, nan 
150.875, 83.375, 1.0592713764567215e-21, nan 
151.125, 83.375, 9.562999163929005e-22, nan 
151.375, 83.375, 1.125465563367871e-21, nan 
151.625, 83.375, 1.3054508464403032e-21, nan 
151.875, 83.375, 1.1266543173151258e-21, nan 
152.125, 83.375, 1.002801661112525e-21, nan 
152.375, 83.375, 1.2507287768673766e-21, nan 
152.625, 83.375, 1.2523526870767742e-21, nan 
152.875, 83.375, 1.0065389569798553e-21, nan 
153.125, 83.375, 1.0635562024521665e-21, nan 
153.375, 83.375, 1.146328387877416e-21, nan 
153.625, 83.375, 1.2083334544006137e-21, nan 
153.875, 83.375, 1.42261244672287e-21, nan 
154.125, 83.375, 1.54552800623309e-21, nan 
154.375, 83.375, 1.5786238891181325e-21, nan 
154.625, 83.375, 1.6024328255150538e-21, nan 
154.875, 83.375, 1.5390577445607171e-21, nan 
155.125, 83.375, 1.5142194296298487e-21, nan 
155.375, 83.375, 1.4657999340441807e-21, nan 
155.625, 83.375, 1.5414866077808794e-21, nan 
155.875, 83.375, 1.3808471239162952e-21, nan 
156.125, 83.375, 1.1316353899576172e-21, nan 
156.375, 83.375, 1.2476103681665897e-21, nan 
156.625, 83.375, 1.2532902748359626e-21, nan 
156.875, 83.375, 1.033037140347776e-21, nan 
157.125, 83.375, 1.3015145587372974e-21, nan 
157.375, 83.375, 1.792176801827995e-21, nan 
157.625, 83.375, 1.8745658231524627e-21, nan 
157.875, 83.375, 1.4430709528012032e-21, nan 
158.125, 83.375, 1.4502437083022485e-21, nan 
158.375, 83.375, 1.6951537712161704e-21, nan 
158.625, 83.375, 1.6319099439151473e-21, nan 
158.875, 83.375, 1.301642956561338e-21, nan 
159.125, 83.375, 1.0688480176278724e-21, nan 
159.375, 83.375, 9.489249003015826e-22, nan 
159.625, 83.375, 1.029272216703985e-21, nan 
159.875, 83.375, 1.2561601879409196e-21, nan 
160.125, 83.375, 1.5915207398538297e-21, nan 
160.375, 83.375, 1.6212223088627848e-21, nan 
160.625, 83.375, 1.2917456324061126e-21, nan 
160.875, 83.375, 1.3912120677249414e-21, nan 
161.125, 83.375, 1.6061162253817208e-21, nan 
161.375, 83.375, 1.5728245193434969e-21, nan 
161.625, 83.375, 1.5678939621566176e-21, nan 
161.875, 83.375, 1.6098846234135023e-21, nan 
162.125, 83.375, 1.7396737728056882e-21, nan 
162.375, 83.375, 1.6383531823600959e-21, nan 
162.625, 83.375, 1.6326812329244159e-21, nan 
162.875, 83.375, 1.6323554363992242e-21, nan 
163.125, 83.375, 1.6340942413515266e-21, nan 
163.375, 83.375, 1.7776546058863887e-21, nan 
163.625, 83.375, 1.732844215469951e-21, nan 
163.875, 83.375, 1.7752378025086273e-21, nan 
164.125, 83.375, 1.7734636622600547e-21, nan 
164.375, 83.375, 1.9943617370632852e-21, nan 
164.625, 83.375, 2.176819345413592e-21, nan 
164.875, 83.375, 2.372657603213263e-21, nan 
165.125, 83.375, 5.213393162914764e-21, nan 
165.375, 83.375, 6.6555095721918006e-21, nan 
165.625, 83.375, 3.436529937167624e-21, nan 
165.875, 83.375, 4.264556922163297e-21, nan 
166.125, 83.375, 6.714778207793244e-21, nan 
166.375, 83.375, 5.6655904932895294e-21, nan 
166.625, 83.375, 4.0058784965165614e-21, nan 
166.875, 83.375, 3.990382062395052e-21, nan 
167.125, 83.375, 3.20879168555855e-21, nan 
167.375, 83.375, 2.9765293901774355e-21, nan 
167.625, 83.375, 2.7767609141735702e-21, nan 
167.875, 83.375, 2.6831519232205424e-21, nan 
168.125, 83.375, 2.5732202859220198e-21, nan 
168.375, 83.375, 2.152586025131847e-21, nan 
168.625, 83.375, 1.4534528720475454e-21, nan 
168.875, 83.375, 2.0941364911308034e-21, nan 
169.125, 83.375, 2.199759582417607e-21, nan 
169.375, 83.375, 2.753203000372914e-21, nan 
169.625, 83.375, 2.959811739549266e-21, nan 
169.875, 83.375, 2.919447116145035e-21, nan 
170.125, 83.375, 3.746564311430136e-21, nan 
170.375, 83.375, 4.8446189325035986e-21, nan 
170.625, 83.375, 4.7797693926573215e-21, nan 
170.875, 83.375, 4.0358654907605795e-21, nan 
171.125, 83.375, 4.0209492558500245e-21, nan 
171.375, 83.375, 4.604368623984818e-21, nan 
171.625, 83.375, 5.0056936526183054e-21, nan 
171.875, 83.375, 4.995785423175518e-21, nan 
172.125, 83.375, 4.818999818415297e-21, nan 
172.375, 83.375, 4.7602091592733565e-21, nan 
172.625, 83.375, 4.645973144905635e-21, nan 
172.875, 83.375, 4.471922597327937e-21, nan 
173.125, 83.375, 4.123167134648318e-21, nan 
173.375, 83.375, 3.732128066801026e-21, nan 
173.625, 83.375, 3.509866783177293e-21, nan 
173.875, 83.375, 3.3833365177808785e-21, nan 
174.125, 83.375, 3.164646907330216e-21, nan 
174.375, 83.375, 2.9701296922913217e-21, nan 
174.625, 83.375, 2.7309560190269546e-21, nan 
174.875, 83.375, 2.427060677588638e-21, nan 
175.125, 83.375, 2.261904591620473e-21, nan 
175.375, 83.375, 2.177498038456691e-21, nan 
175.625, 83.375, 2.1820414360737234e-21, nan 
175.875, 83.375, 1.8867091155028055e-21, nan 
176.125, 83.375, 1.6174610084100058e-21, nan 
176.375, 83.375, 1.4023506451715898e-21, nan 
176.625, 83.375, 1.6138986517238872e-21, nan 
176.875, 83.375, 1.5008448559256609e-21, nan 
177.125, 83.375, 1.4346077716904757e-21, nan 
177.375, 83.375, 1.3557987485438268e-21, nan 
177.625, 83.375, 1.2925441442912687e-21, nan 
177.875, 83.375, 1.2919765876347735e-21, nan 
178.125, 83.375, 1.2376641823910132e-21, nan 
178.375, 83.375, 1.0244904597576569e-21, nan 
178.625, 83.375, 1.1617579519064496e-21, nan 
178.875, 83.375, 1.2197608568412529e-21, nan 
179.125, 83.375, 1.0201229878234678e-21, nan 
179.375, 83.375, 7.1994507699935475e-22, nan 
179.625, 83.375, 8.070172201989038e-22, nan 
179.875, 83.375, 1.0375054655452447e-21, nan 
-179.875, 83.625, 7.921202488610545e-22, nan 
-179.625, 83.625, 7.940027742950755e-22, nan 
-179.375, 83.625, 7.7305787215691145e-22, nan 
-179.125, 83.625, 7.504498907651404e-22, nan 
-178.875, 83.625, 8.28058588898475e-22, nan 
-178.625, 83.625, 7.963780750012898e-22, nan 
-178.375, 83.625, 7.895960743822804e-22, nan 
-178.125, 83.625, 8.580809511135912e-22, nan 
-177.875, 83.625, 9.26904153675938e-22, nan 
-177.625, 83.625, 7.844136643346685e-22, nan 
-177.375, 83.625, 8.147875061982541e-22, nan 
-177.125, 83.625, 7.846571753725343e-22, nan 
-176.875, 83.625, 7.580776304418724e-22, nan 
-176.625, 83.625, 8.388573286425446e-22, nan 
-176.375, 83.625, 9.323920621560351e-22, nan 
-176.125, 83.625, 8.24763724227792e-22, nan 
-175.875, 83.625, 9.98262651551123e-22, nan 
-175.625, 83.625, 9.859313527830952e-22, nan 
-175.375, 83.625, 8.133358629666595e-22, nan 
-175.125, 83.625, 7.943704756848648e-22, nan 
-174.875, 83.625, 6.843071041656546e-22, nan 
-174.625, 83.625, 6.972876773179159e-22, nan 
-174.375, 83.625, 8.715240699056086e-22, nan 
-174.125, 83.625, 1.1037178533605125e-21, nan 
-173.875, 83.625, 9.210065421659565e-22, nan 
-173.625, 83.625, 9.586966494874978e-22, nan 
-173.375, 83.625, 1.13157781030727e-21, nan 
-173.125, 83.625, 1.1578878000351288e-21, nan 
-172.875, 83.625, 9.789649091481314e-22, nan 
-172.625, 83.625, 8.509623241419356e-22, nan 
-172.375, 83.625, 9.638994025422022e-22, nan 
-172.125, 83.625, 8.928678479794677e-22, nan 
-171.875, 83.625, 7.174519611886651e-22, nan 
-171.625, 83.625, 7.491117474376247e-22, nan 
-171.375, 83.625, 7.790486315208815e-22, nan 
-171.125, 83.625, 6.832389040195892e-22, nan 
-170.875, 83.625, 5.928309025180831e-22, nan 
-170.625, 83.625, 5.59831616629358e-22, nan 
-170.375, 83.625, 6.034495873864398e-22, nan 
-170.125, 83.625, 6.0569484495617e-22, nan 
-169.875, 83.625, 5.57363977348569e-22, nan 
-169.625, 83.625, 5.078958784162501e-22, nan 
-169.375, 83.625, 6.472758944361884e-22, nan 
-169.125, 83.625, 7.581244656268154e-22, nan 
-168.875, 83.625, 8.352729698783091e-22, nan 
-168.625, 83.625, 7.829183573350417e-22, nan 
-168.375, 83.625, 7.490860609160687e-22, nan 
-168.125, 83.625, 7.586178849948051e-22, nan 
-167.875, 83.625, 1.1709947771215559e-21, nan 
-167.625, 83.625, 1.1939175750044737e-21, nan 
-167.375, 83.625, 1.1705707378856127e-21, nan 
-167.125, 83.625, 1.2216541648489904e-21, nan 
-166.875, 83.625, 1.2409938126376595e-21, nan 
-166.625, 83.625, 1.2901870438075548e-21, nan 
-166.375, 83.625, 1.0140636400954199e-21, nan 
-166.125, 83.625, 9.200316742460478e-22, nan 
-165.875, 83.625, 9.405685980254217e-22, nan 
-165.625, 83.625, 1.6542635828796566e-21, nan 
-165.375, 83.625, 1.9443935677931664e-21, nan 
-165.125, 83.625, 1.8587917467660135e-21, nan 
-164.875, 83.625, 1.7354208485161277e-21, nan 
-164.625, 83.625, 1.8353116353966994e-21, nan 
-164.375, 83.625, 1.944398635538564e-21, nan 
-164.125, 83.625, 1.851891149927927e-21, nan 
-163.875, 83.625, 1.8135657844627125e-21, nan 
-163.625, 83.625, 1.798674538331295e-21, nan 
-163.375, 83.625, 1.6158238707050602e-21, nan 
-163.125, 83.625, 1.47091151802523e-21, nan 
-162.875, 83.625, 1.3624241153170218e-21, nan 
-162.625, 83.625, 1.388813282921683e-21, nan 
-162.375, 83.625, 1.2920960414013301e-21, nan 
-162.125, 83.625, 1.1284277270977976e-21, nan 
-161.875, 83.625, 1.2506292605153174e-21, nan 
-161.625, 83.625, 1.2111261545852567e-21, nan 
-161.375, 83.625, 1.18659086282121e-21, nan 
-161.125, 83.625, 1.1391510933109701e-21, nan 
-160.875, 83.625, 1.1580194413480461e-21, nan 
-160.625, 83.625, 1.103075689674191e-21, nan 
-160.375, 83.625, 1.039656604179874e-21, nan 
-160.125, 83.625, 1.0550381434322972e-21, nan 
-159.875, 83.625, 1.01608626445334e-21, nan 
-159.625, 83.625, 8.90472155798561e-22, nan 
-159.375, 83.625, 8.415216871073024e-22, nan 
-159.125, 83.625, 8.346120792279627e-22, nan 
-158.875, 83.625, 7.964705705209896e-22, nan 
-158.625, 83.625, 7.724571563130211e-22, nan 
-158.375, 83.625, 6.920109197502629e-22, nan 
-158.125, 83.625, 7.091338007944181e-22, nan 
-157.875, 83.625, 7.637959649660454e-22, nan 
-157.625, 83.625, 7.528978643134659e-22, nan 
-157.375, 83.625, 6.708414434551156e-22, nan 
-157.125, 83.625, 6.628228808595512e-22, nan 
-156.875, 83.625, 6.929326865570859e-22, nan 
-156.625, 83.625, 6.765200345938033e-22, nan 
-156.375, 83.625, 6.642810364207303e-22, nan 
-156.125, 83.625, 7.963618333588521e-22, nan 
-155.875, 83.625, 8.793472362547254e-22, nan 
-155.625, 83.625, 8.282881706414995e-22, nan 
-155.375, 83.625, 8.039499563891885e-22, nan 
-155.125, 83.625, 9.42984157469166e-22, nan 
-154.875, 83.625, 9.353228819747431e-22, nan 
-154.625, 83.625, 8.457143997728759e-22, nan 
-154.375, 83.625, 8.463998128120544e-22, nan 
-154.125, 83.625, 8.935734406132919e-22, nan 
-153.875, 83.625, 8.965583209179343e-22, nan 
-153.625, 83.625, 8.829057326081862e-22, nan 
-153.375, 83.625, 8.493964822981344e-22, nan 
-153.125, 83.625, 9.06011687515847e-22, nan 
-152.875, 83.625, 8.66561085827557e-22, nan 
-152.625, 83.625, 8.283358034035223e-22, nan 
-152.375, 83.625, 8.426253394073091e-22, nan 
-152.125, 83.625, 9.081196294405556e-22, nan 
-151.875, 83.625, 9.206606059921617e-22, nan 
-151.625, 83.625, 9.97300551731842e-22, nan 
-151.375, 83.625, 9.691539895210155e-22, nan 
-151.125, 83.625, 9.837518140873486e-22, nan 
-150.875, 83.625, 1.0546711208569216e-21, nan 
-150.625, 83.625, 1.053763742490974e-21, nan 
-150.375, 83.625, 1.1040390229807598e-21, nan 
-150.125, 83.625, 1.1192614709242079e-21, nan 
-149.875, 83.625, 1.1490145285703932e-21, nan 
-149.625, 83.625, 1.0967219440633746e-21, nan 
-149.375, 83.625, 1.129016316942096e-21, nan 
-149.125, 83.625, 1.0866683040442703e-21, nan 
-148.875, 83.625, 9.87566890498702e-22, nan 
-148.625, 83.625, 9.130476140945299e-22, nan 
-148.375, 83.625, 8.52789910389745e-22, nan 
-148.125, 83.625, 8.527186519976252e-22, nan 
-147.875, 83.625, 8.776159208237176e-22, nan 
-147.625, 83.625, 8.238832157991025e-22, nan 
-147.375, 83.625, 7.59792657283477e-22, nan 
-147.125, 83.625, 7.548522719567905e-22, nan 
-146.875, 83.625, 6.96579694664753e-22, nan 
-146.625, 83.625, 4.794108295762104e-22, nan 
-146.375, 83.625, 3.3641072903488756e-22, nan 
-146.125, 83.625, 3.2825571036474235e-22, nan 
-145.875, 83.625, 3.2582582968895214e-22, nan 
-145.625, 83.625, 4.18242182425112e-22, nan 
-145.375, 83.625, 4.450810998162557e-22, nan 
-145.125, 83.625, 5.20475765801891e-22, nan 
-144.875, 83.625, 4.866862766278299e-22, nan 
-144.625, 83.625, 4.284945853329835e-22, nan 
-144.375, 83.625, 3.742707903787992e-22, nan 
-144.125, 83.625, 3.3065873291029295e-22, nan 
-143.875, 83.625, 4.4312753962888025e-22, nan 
-143.625, 83.625, 4.836312369311772e-22, nan 
-143.375, 83.625, 4.489118505065488e-22, nan 
-143.125, 83.625, 5.153385391103283e-22, nan 
-142.875, 83.625, 5.984482027736832e-22, nan 
-142.625, 83.625, 5.210872773321334e-22, nan 
-142.375, 83.625, 4.799433546731309e-22, nan 
-142.125, 83.625, 5.376978377855294e-22, nan 
-141.875, 83.625, 5.609178382494377e-22, nan 
-141.625, 83.625, 5.172260115939875e-22, nan 
-141.375, 83.625, 5.288997723847291e-22, nan 
-141.125, 83.625, 5.467060382155518e-22, nan 
-140.875, 83.625, 5.766258644608294e-22, nan 
-140.625, 83.625, 6.189794047926147e-22, nan 
-140.375, 83.625, 6.266254360749271e-22, nan 
-140.125, 83.625, 6.5435535950620935e-22, nan 
-139.875, 83.625, 7.43891468410708e-22, nan 
-139.625, 83.625, 8.177527399644485e-22, nan 
-139.375, 83.625, 8.793021920078115e-22, nan 
-139.125, 83.625, 8.815107607231954e-22, nan 
-138.875, 83.625, 7.922299126788296e-22, nan 
-138.625, 83.625, 7.475150055813109e-22, nan 
-138.375, 83.625, 7.202503465010092e-22, nan 
-138.125, 83.625, 6.866739809462925e-22, nan 
-137.875, 83.625, 6.544512963736345e-22, nan 
-137.625, 83.625, 6.556156698409019e-22, nan 
-137.375, 83.625, 5.957741243114424e-22, nan 
-137.125, 83.625, 5.793226527024284e-22, nan 
-136.875, 83.625, 5.60857127355863e-22, nan 
-136.625, 83.625, 4.984011787723526e-22, nan 
-136.375, 83.625, 4.785117786504641e-22, nan 
-136.125, 83.625, 4.281084034948758e-22, nan 
-135.875, 83.625, 3.8547247801982254e-22, nan 
-135.625, 83.625, 3.6422145370981155e-22, nan 
-135.375, 83.625, 3.458164327318102e-22, nan 
-135.125, 83.625, 2.994071964632607e-22, nan 
-134.875, 83.625, 1.9858032543175427e-22, nan 
-134.625, 83.625, 1.484006542390408e-22, nan 
-134.375, 83.625, 1.4435198024329523e-22, nan 
-134.125, 83.625, 1.8185868867889262e-22, nan 
-133.875, 83.625, 1.8187336216624586e-22, nan 
-133.625, 83.625, 1.4501875677925616e-22, nan 
-133.375, 83.625, 1.700299304118059e-22, nan 
-133.125, 83.625, 2.172366494673798e-22, nan 
-132.875, 83.625, 2.5783566649984006e-22, nan 
-132.625, 83.625, 2.8235683944964903e-22, nan 
-132.375, 83.625, 3.122195152516724e-22, nan 
-132.125, 83.625, 3.1611934246178877e-22, nan 
-131.875, 83.625, 3.467190804133667e-22, nan 
-131.625, 83.625, 3.6385511081535816e-22, nan 
-131.375, 83.625, 4.2326040729954143e-22, nan 
-131.125, 83.625, 4.803363170413319e-22, nan 
-130.875, 83.625, 4.320550493316658e-22, nan 
-130.625, 83.625, 4.099877290844901e-22, nan 
-130.375, 83.625, 3.810859290672349e-22, nan 
-130.125, 83.625, 4.210450630616025e-22, nan 
-129.875, 83.625, 4.695440041494308e-22, nan 
-129.625, 83.625, 4.168253225179376e-22, nan 
-129.375, 83.625, 4.110522201656277e-22, nan 
-129.125, 83.625, 3.5046028546551623e-22, nan 
-128.875, 83.625, 3.326313170510655e-22, nan 
-128.625, 83.625, 3.2795059202536766e-22, nan 
-128.375, 83.625, 3.5378886556564874e-22, nan 
-128.125, 83.625, 2.923333829375899e-22, nan 
-127.875, 83.625, 2.8736737799435583e-22, nan 
-127.625, 83.625, 3.3895127461881084e-22, nan 
-127.375, 83.625, 3.487669146065645e-22, nan 
-127.125, 83.625, 6.570387522502022e-22, nan 
-126.875, 83.625, 7.51671634083098e-22, nan 
-126.625, 83.625, 7.725287954963936e-22, nan 
-126.375, 83.625, 8.435226781914835e-22, nan 
-126.125, 83.625, 7.953150880257127e-22, nan 
-125.875, 83.625, 5.772209707840812e-22, nan 
-125.625, 83.625, 3.3187160828636735e-22, nan 
-125.375, 83.625, 5.537998641921178e-22, nan 
-125.125, 83.625, 7.409837583118481e-22, nan 
-124.875, 83.625, 2.2965460180717286e-21, nan 
-124.625, 83.625, 2.1565497720136728e-21, nan 
-124.375, 83.625, 2.2841671234603056e-21, nan 
-124.125, 83.625, 2.4555628095362525e-21, nan 
-123.875, 83.625, 2.902985039688442e-21, nan 
-123.625, 83.625, 3.168456026261566e-21, nan 
-123.375, 83.625, 2.76773561533999e-21, nan 
-123.125, 83.625, 3.0334525366208545e-21, nan 
-122.875, 83.625, 3.2173463746041083e-21, nan 
-122.625, 83.625, 3.0919901179433348e-21, nan 
-122.375, 83.625, 2.803305644556106e-21, nan 
-122.125, 83.625, 2.2220947996128667e-21, nan 
-121.875, 83.625, 1.762511630882396e-21, nan 
-121.625, 83.625, 2.062897440823248e-21, nan 
-121.375, 83.625, 2.3064392918940977e-21, nan 
-121.125, 83.625, 2.4450958746838498e-21, nan 
-120.875, 83.625, 2.502925302118042e-21, nan 
-120.625, 83.625, 2.4461842418121924e-21, nan 
-120.375, 83.625, 2.2781930606801865e-21, nan 
-120.125, 83.625, 2.0237478292570807e-21, nan 
-119.875, 83.625, 1.5238209121253228e-21, nan 
-119.625, 83.625, 8.09283697852808e-22, nan 
-119.375, 83.625, 5.117206127202761e-22, nan 
-119.125, 83.625, 6.378479904007386e-22, nan 
-118.875, 83.625, 7.347710211293933e-22, nan 
-118.625, 83.625, 8.597304577764774e-22, nan 
-118.375, 83.625, 9.23580703591557e-22, nan 
-118.125, 83.625, 1.0460666335495128e-21, nan 
-117.875, 83.625, 1.1963212855810364e-21, nan 
-117.625, 83.625, 1.2353095905943428e-21, nan 
-117.375, 83.625, 1.161192611620433e-21, nan 
-117.125, 83.625, 8.54912715446717e-22, nan 
-116.875, 83.625, 6.70869201823079e-22, nan 
-116.625, 83.625, 8.85464779076092e-22, nan 
-116.375, 83.625, 1.2679596565556813e-21, nan 
-116.125, 83.625, 1.4498584014325233e-21, nan 
-115.875, 83.625, 1.6944684547034245e-21, nan 
-115.625, 83.625, 1.9809752058420265e-21, nan 
-115.375, 83.625, 2.079710515333564e-21, nan 
-115.125, 83.625, 2.013558437275454e-21, nan 
-114.875, 83.625, 1.6216989887326337e-21, nan 
-114.625, 83.625, 1.1451727784301005e-21, nan 
-114.375, 83.625, 1.1025473873398181e-21, nan 
-114.125, 83.625, 1.4209138507944105e-21, nan 
-113.875, 83.625, 1.5177766007409247e-21, nan 
-113.625, 83.625, 1.7219716998492013e-21, nan 
-113.375, 83.625, 1.8074918018515037e-21, nan 
-113.125, 83.625, 1.6500156586910831e-21, nan 
-112.875, 83.625, 1.5735092991228285e-21, nan 
-112.625, 83.625, 1.3348764011122545e-21, nan 
-112.375, 83.625, 9.926636881709452e-22, nan 
-112.125, 83.625, 4.804678991754618e-22, nan 
-111.875, 83.625, 2.1740437520338275e-22, nan 
-111.625, 83.625, 1.8236616428458838e-22, nan 
-111.375, 83.625, 1.5249732204861502e-22, nan 
-111.125, 83.625, 9.5922949106167e-23, nan 
-110.875, 83.625, 8.698459466623468e-23, nan 
-110.625, 83.625, 1.150024626595269e-22, nan 
-110.375, 83.625, 1.5724151049109082e-22, nan 
-110.125, 83.625, 2.0653832051652495e-22, nan 
-109.875, 83.625, 1.9519374485657485e-22, nan 
-109.625, 83.625, 2.042119727163106e-22, nan 
-109.375, 83.625, 2.4474298021088834e-22, nan 
-109.125, 83.625, 2.5215304855213985e-22, nan 
-108.875, 83.625, 2.5406367288632707e-22, nan 
-108.625, 83.625, 1.9680256645347558e-22, nan 
-108.375, 83.625, 1.7714540148982296e-22, nan 
-108.125, 83.625, 1.8711806537466765e-22, nan 
-107.875, 83.625, 1.9523322101370884e-22, nan 
-107.625, 83.625, 2.1063179026172428e-22, nan 
-107.375, 83.625, 2.373217951656002e-22, nan 
-107.125, 83.625, 3.0873409443836953e-22, nan 
-106.875, 83.625, 4.3465521435618385e-22, nan 
-106.625, 83.625, 4.553017609903666e-22, nan 
-106.375, 83.625, 4.3575499989312705e-22, nan 
-106.125, 83.625, 4.587799075693924e-22, nan 
-105.875, 83.625, 4.485027906231638e-22, nan 
-105.625, 83.625, 1.9553831437467653e-22, nan 
-105.375, 83.625, 2.624543287828856e-22, nan 
-105.125, 83.625, 4.292013844417257e-22, nan 
-104.875, 83.625, 5.791758530814534e-22, nan 
-104.625, 83.625, 8.940652400440976e-22, nan 
-104.375, 83.625, 9.831586055862516e-22, nan 
-104.125, 83.625, 9.172035853219534e-22, nan 
-103.875, 83.625, 9.38964707801381e-22, nan 
-103.625, 83.625, 1.0022566784490277e-21, nan 
-103.375, 83.625, 6.685850155176166e-22, nan 
-103.125, 83.625, 4.5061740732133645e-22, nan 
-102.875, 83.625, 4.1854900170411444e-22, nan 
-102.625, 83.625, 4.648402836134542e-22, nan 
-102.375, 83.625, 5.814771312708414e-22, nan 
-102.125, 83.625, 5.861281223105637e-22, nan 
-101.875, 83.625, 5.4400394345089105e-22, nan 
-101.625, 83.625, 5.811978930194373e-22, nan 
-101.375, 83.625, 6.454935009354809e-22, nan 
-101.125, 83.625, 4.948024711825668e-22, nan 
-100.875, 83.625, 3.31790817378204e-22, nan 
-100.625, 83.625, 3.483934483048023e-22, nan 
-100.375, 83.625, 4.804310207245086e-22, nan 
-100.125, 83.625, 6.273017881317445e-22, nan 
-99.875, 83.625, 6.173588068777441e-22, nan 
-99.625, 83.625, 5.467949903191858e-22, nan 
-99.375, 83.625, 5.014412313759097e-22, nan 
-99.125, 83.625, 4.752122074989609e-22, nan 
-98.875, 83.625, 2.8679962914125737e-22, nan 
-98.625, 83.625, 2.445719521473676e-22, nan 
-98.375, 83.625, 2.614191336758347e-22, nan 
-98.125, 83.625, 1.785201380620359e-22, nan 
-97.875, 83.625, 9.450013420028639e-23, nan 
-97.625, 83.625, 1.5982725869684612e-22, nan 
-97.375, 83.625, 1.9486105235688888e-22, nan 
-97.125, 83.625, 1.7037193057088773e-22, nan 
-96.875, 83.625, 1.3282143359993962e-22, nan 
-96.625, 83.625, 1.301648859757613e-22, nan 
-96.375, 83.625, 1.0020619565083879e-22, nan 
-96.125, 83.625, 4.1688815534900566e-23, nan 
-95.875, 83.625, 5.711039263700313e-23, nan 
-95.625, 83.625, 1.5564061939968248e-22, nan 
-95.375, 83.625, 2.324549963133072e-22, nan 
-95.125, 83.625, 2.908226980352229e-22, nan 
-94.875, 83.625, 3.0787964317577992e-22, nan 
-94.625, 83.625, 1.4877580339702556e-22, nan 
-94.375, 83.625, 1.6386383751751554e-22, nan 
-94.125, 83.625, 2.1656211734065956e-22, nan 
-93.875, 83.625, 2.206010686847406e-22, nan 
-93.625, 83.625, 1.7096771463834023e-22, nan 
-93.375, 83.625, 1.8084035227564645e-22, nan 
-93.125, 83.625, 2.604246462021301e-22, nan 
-92.875, 83.625, 3.0143846498018924e-22, nan 
-92.625, 83.625, 3.806296711029406e-22, nan 
-92.375, 83.625, 3.601982358603837e-22, nan 
-92.125, 83.625, 4.66041707800338e-22, nan 
-91.875, 83.625, 5.75806709481565e-22, nan 
-91.625, 83.625, 6.797501420480607e-22, nan 
-91.375, 83.625, 6.214479180814599e-22, nan 
-91.125, 83.625, 5.619008451527661e-22, nan 
-90.875, 83.625, 4.742527034331035e-22, nan 
-90.625, 83.625, 4.2002816299134637e-22, nan 
-90.375, 83.625, 3.9361271696157208e-22, nan 
-90.125, 83.625, 4.1607814036078775e-22, nan 
-89.875, 83.625, 4.120014591465264e-22, nan 
-89.625, 83.625, 4.325878827149599e-22, nan 
-89.375, 83.625, 4.973119269983539e-22, nan 
-89.125, 83.625, 4.999950445997564e-22, nan 
-88.875, 83.625, 4.440769687041175e-22, nan 
-88.625, 83.625, 3.785981035433801e-22, nan 
-88.375, 83.625, 3.3789616383598097e-22, nan 
-88.125, 83.625, 2.751085346096058e-22, nan 
-87.875, 83.625, 2.0586745227426054e-22, nan 
-87.625, 83.625, 2.304235581259933e-22, nan 
-87.375, 83.625, 3.1923801489551315e-22, nan 
-87.125, 83.625, 3.751587216430505e-22, nan 
-86.875, 83.625, 3.9455419647674543e-22, nan 
-86.625, 83.625, 4.1849163792392353e-22, nan 
-86.375, 83.625, 4.835417105179679e-22, nan 
-86.125, 83.625, 4.398748146123637e-22, nan 
-85.875, 83.625, 4.32195676446746e-22, nan 
-85.625, 83.625, 3.7357309077007858e-22, nan 
-85.375, 83.625, 3.0032229664486256e-22, nan 
-85.125, 83.625, 2.7575250570242206e-22, nan 
-84.875, 83.625, 3.6554425931768153e-22, nan 
-84.625, 83.625, 3.635507298713942e-22, nan 
-84.375, 83.625, 3.358801353509148e-22, nan 
-84.125, 83.625, 4.5340018450512895e-22, nan 
-83.875, 83.625, 4.531531052861731e-22, nan 
-83.625, 83.625, 4.984130931551913e-22, nan 
-83.375, 83.625, 5.065451691463724e-22, nan 
-83.125, 83.625, 4.486361354144918e-22, nan 
-82.875, 83.625, 4.77796924965651e-22, nan 
-82.625, 83.625, 5.525558262350385e-22, nan 
-82.375, 83.625, 4.1991731529108324e-22, nan 
-82.125, 83.625, 3.736644914291254e-22, nan 
-81.875, 83.625, 4.3194869641098675e-22, nan 
-81.625, 83.625, 4.92551411558591e-22, nan 
-81.375, 83.625, 5.0264738725895465e-22, nan 
-81.125, 83.625, 4.453763216309413e-22, nan 
-80.875, 83.625, 4.516097704293553e-22, nan 
-80.625, 83.625, 4.943413720980055e-22, nan 
-80.375, 83.625, 5.156011993171295e-22, nan 
-80.125, 83.625, 4.061541735456007e-22, nan 
-79.875, 83.625, 3.822394917555357e-22, nan 
-79.625, 83.625, 4.0282208186036916e-22, nan 
-79.375, 83.625, 5.898545718465058e-22, nan 
-79.125, 83.625, 6.503834435222867e-22, nan 
-78.875, 83.625, 5.167961658791512e-22, nan 
-78.625, 83.625, 4.905830119535784e-22, nan 
-78.375, 83.625, 5.516933101466446e-22, nan 
50.375, 83.625, 1.924946850629492e-22, nan 
50.625, 83.625, 2.4311530195407975e-22, nan 
50.875, 83.625, 2.6810503022025746e-22, nan 
51.125, 83.625, 1.982013337536904e-22, nan 
51.375, 83.625, 1.7526772574201594e-22, nan 
51.625, 83.625, 2.5835051425750795e-22, nan 
51.875, 83.625, 3.1635088392126358e-22, nan 
52.125, 83.625, 2.515437067998972e-22, nan 
52.375, 83.625, 2.3591911877722506e-22, nan 
52.625, 83.625, 3.433931372177559e-22, nan 
52.875, 83.625, 3.4554351734275313e-22, nan 
53.125, 83.625, 3.121746732580399e-22, nan 
53.375, 83.625, 2.6825687758091675e-22, nan 
53.625, 83.625, 2.6879115123475544e-22, nan 
53.875, 83.625, 1.4399855305462241e-22, nan 
54.125, 83.625, 1.7960883021760141e-22, nan 
54.375, 83.625, 1.722948550197047e-22, nan 
54.625, 83.625, 1.6149130468215552e-22, nan 
54.875, 83.625, 2.409194258928176e-22, nan 
55.125, 83.625, 2.835012788299874e-22, nan 
55.375, 83.625, 2.3812316711623495e-22, nan 
55.625, 83.625, 2.0524316261358654e-22, nan 
55.875, 83.625, 2.0728948136369145e-22, nan 
56.125, 83.625, 1.4836231064303923e-22, nan 
56.375, 83.625, 1.407541893145564e-22, nan 
56.625, 83.625, 1.6683782281653046e-22, nan 
56.875, 83.625, 1.5205366352706654e-22, nan 
57.125, 83.625, 8.755991503887958e-23, nan 
57.375, 83.625, 1.0209372991989788e-22, nan 
57.625, 83.625, 1.062021146417633e-22, nan 
57.875, 83.625, 1.062628236498658e-22, nan 
58.125, 83.625, 1.0492897610334331e-22, nan 
58.375, 83.625, 1.1787767971334147e-22, nan 
58.625, 83.625, 1.2084327541949014e-22, nan 
58.875, 83.625, 1.1612412944280823e-22, nan 
59.125, 83.625, 1.1281221850638128e-22, nan 
59.375, 83.625, 1.139337006723507e-22, nan 
59.625, 83.625, 1.1429556116488873e-22, nan 
59.875, 83.625, 1.0814278126201432e-22, nan 
60.125, 83.625, 1.2235818630568097e-22, nan 
60.375, 83.625, 1.1740901639785937e-22, nan 
60.625, 83.625, 1.1311838443427765e-22, nan 
60.875, 83.625, 1.1858708724967205e-22, nan 
61.125, 83.625, 1.17557836313728e-22, nan 
61.375, 83.625, 1.122939685260813e-22, nan 
61.625, 83.625, 1.1406270104546996e-22, nan 
61.875, 83.625, 1.1548026750340678e-22, nan 
62.125, 83.625, 1.225890456223363e-22, nan 
62.375, 83.625, 1.0805225811762696e-22, nan 
62.625, 83.625, 1.064065614482727e-22, nan 
62.875, 83.625, 1.0275870466174142e-22, nan 
63.125, 83.625, 1.314778556256693e-22, nan 
63.375, 83.625, 1.1957864824944366e-22, nan 
63.625, 83.625, 7.899889786702191e-23, nan 
63.875, 83.625, 1.0845957098407461e-22, nan 
64.125, 83.625, 1.2407550278356217e-22, nan 
64.375, 83.625, 2.0326067811157857e-22, nan 
64.625, 83.625, 2.2596457052309615e-22, nan 
64.875, 83.625, 1.8371829011557391e-22, nan 
65.125, 83.625, 2.3773164254499783e-22, nan 
65.375, 83.625, 2.276552141464632e-22, nan 
65.625, 83.625, 2.40811979470414e-22, nan 
65.875, 83.625, 2.5179712459764723e-22, nan 
66.125, 83.625, 2.5911823308530122e-22, nan 
66.375, 83.625, 2.293047694779643e-22, nan 
66.625, 83.625, 2.3601134886369767e-22, nan 
66.875, 83.625, 2.4724729482429935e-22, nan 
67.125, 83.625, 2.7981425710470256e-22, nan 
67.375, 83.625, 3.0231127135365956e-22, nan 
67.625, 83.625, 3.2831962758371164e-22, nan 
67.875, 83.625, 3.632617291348065e-22, nan 
68.125, 83.625, 3.895611231564027e-22, nan 
68.375, 83.625, 3.8017296806370087e-22, nan 
68.625, 83.625, 2.758778056163361e-22, nan 
68.875, 83.625, 2.7573612991735686e-22, nan 
69.125, 83.625, 2.970674741776613e-22, nan 
69.375, 83.625, 3.264229289951139e-22, nan 
69.625, 83.625, 3.064087886149767e-22, nan 
69.875, 83.625, 2.787722788572778e-22, nan 
70.125, 83.625, 2.664336498735199e-22, nan 
70.375, 83.625, 2.702271925169399e-22, nan 
70.625, 83.625, 2.6380639321944026e-22, nan 
70.875, 83.625, 1.7685018348906e-22, nan 
71.125, 83.625, 1.336042024804964e-22, nan 
71.375, 83.625, 1.1911952201862142e-22, nan 
71.625, 83.625, 1.1492506529784714e-22, nan 
71.875, 83.625, 1.121229708535393e-22, nan 
72.125, 83.625, 1.2204816260239486e-22, nan 
72.375, 83.625, 1.266408478266346e-22, nan 
72.625, 83.625, 1.2618650081076036e-22, nan 
72.875, 83.625, 1.284781410835809e-22, nan 
73.125, 83.625, 1.610190304761801e-22, nan 
73.375, 83.625, 1.8065736652537981e-22, nan 
73.625, 83.625, 1.8093759585018423e-22, nan 
73.875, 83.625, 2.0370256347613072e-22, nan 
74.125, 83.625, 2.2129889369563735e-22, nan 
74.375, 83.625, 2.301300915279967e-22, nan 
74.625, 83.625, 2.3565080700707726e-22, nan 
74.875, 83.625, 2.414813995865749e-22, nan 
75.125, 83.625, 2.271077876598971e-22, nan 
75.375, 83.625, 2.8618464358310386e-22, nan 
75.625, 83.625, 1.3661111011014681e-22, nan 
75.875, 83.625, 1.828532856712458e-22, nan 
76.125, 83.625, 2.271802981651378e-22, nan 
76.375, 83.625, 2.7019274142090574e-22, nan 
76.625, 83.625, 2.7072710008053726e-22, nan 
76.875, 83.625, 2.8692444136820346e-22, nan 
77.125, 83.625, 2.926951060216359e-22, nan 
77.375, 83.625, 2.6548837609530153e-22, nan 
77.625, 83.625, 3.427216980135572e-22, nan 
77.875, 83.625, 2.761872202203217e-22, nan 
78.125, 83.625, 1.6171802572129884e-22, nan 
78.375, 83.625, 1.543449058712332e-22, nan 
78.625, 83.625, 1.1601119492730501e-22, nan 
78.875, 83.625, 1.1387866910729234e-22, nan 
79.125, 83.625, 1.1593199546234303e-22, nan 
79.375, 83.625, 1.1472556936950618e-22, nan 
79.625, 83.625, 1.1258711841088381e-22, nan 
79.875, 83.625, 1.2788148631937585e-22, nan 
80.125, 83.625, 1.454325015298126e-22, nan 
80.375, 83.625, 1.327787237952267e-22, nan 
80.625, 83.625, 1.5060080261480857e-22, nan 
80.875, 83.625, 1.9801279331204641e-22, nan 
81.125, 83.625, 2.036810670554729e-22, nan 
81.375, 83.625, 1.7373216640716043e-22, nan 
81.625, 83.625, 1.6373434157223922e-22, nan 
81.875, 83.625, 2.0457522581286182e-22, nan 
82.125, 83.625, 3.031875297328103e-22, nan 
82.375, 83.625, 2.4015996574719044e-22, nan 
82.625, 83.625, 2.375295844330619e-22, nan 
82.875, 83.625, 2.9267855040659815e-22, nan 
83.125, 83.625, 3.122763698723492e-22, nan 
83.375, 83.625, 2.664866116686164e-22, nan 
83.625, 83.625, 3.2128804286345007e-22, nan 
83.875, 83.625, 3.688827444862825e-22, nan 
84.125, 83.625, 1.6068809695207841e-22, nan 
84.375, 83.625, 9.863701079149402e-23, nan 
84.625, 83.625, 1.2374924913963706e-22, nan 
84.875, 83.625, 1.060016223561653e-22, nan 
85.125, 83.625, 1.0138901822791805e-22, nan 
85.375, 83.625, 1.144495084943184e-22, nan 
85.625, 83.625, 1.4320141407573666e-22, nan 
85.875, 83.625, 1.733916478716218e-22, nan 
86.125, 83.625, 1.6473550214923096e-22, nan 
86.375, 83.625, 2.2254635706144605e-22, nan 
86.625, 83.625, 3.454654917971123e-22, nan 
86.875, 83.625, 2.4341882052587874e-22, nan 
87.125, 83.625, 2.0510155861131359e-22, nan 
87.375, 83.625, 2.027808466903621e-22, nan 
87.625, 83.625, 1.8886586024110406e-22, nan 
87.875, 83.625, 1.4091360764249057e-22, nan 
88.125, 83.625, 1.6042781743000653e-22, nan 
88.375, 83.625, 1.444498604707768e-22, nan 
88.625, 83.625, 2.351953162348411e-22, nan 
88.875, 83.625, 3.2383585003857232e-22, nan 
89.125, 83.625, 2.6043897011767703e-22, nan 
89.375, 83.625, 2.2057780297495153e-22, nan 
89.625, 83.625, 2.602562235379339e-22, nan 
89.875, 83.625, 2.7907063724386384e-22, nan 
90.125, 83.625, 2.0644409694853417e-22, nan 
90.375, 83.625, 2.9537526740223473e-22, nan 
90.625, 83.625, 5.26386166309999e-22, nan 
90.875, 83.625, 4.0142142500271747e-22, nan 
91.125, 83.625, 4.345831383264752e-22, nan 
91.375, 83.625, 2.9070273524453977e-22, nan 
91.625, 83.625, 4.738948454404658e-22, nan 
91.875, 83.625, 4.359675023911554e-22, nan 
92.125, 83.625, 3.026756336632838e-22, nan 
92.375, 83.625, 2.742727647885614e-22, nan 
92.625, 83.625, 4.39626769932384e-22, nan 
92.875, 83.625, 1.035412341715971e-21, nan 
93.125, 83.625, 6.21744340243959e-22, nan 
93.375, 83.625, 3.8661543809177844e-22, nan 
93.625, 83.625, 4.006934970703326e-22, nan 
93.875, 83.625, 4.705796978916562e-22, nan 
94.125, 83.625, 3.6282395317847337e-22, nan 
94.375, 83.625, 4.101266482151404e-22, nan 
94.625, 83.625, 4.834779043323983e-22, nan 
94.875, 83.625, 7.273882306359106e-22, nan 
95.125, 83.625, 7.901400634764634e-22, nan 
95.375, 83.625, 5.289167952257919e-22, nan 
95.625, 83.625, 4.38547133086686e-22, nan 
95.875, 83.625, 5.009874232345034e-22, nan 
96.125, 83.625, 7.02497902977241e-22, nan 
96.375, 83.625, 6.782294223086397e-22, nan 
96.625, 83.625, 6.487765103307243e-22, nan 
96.875, 83.625, 6.844461085878182e-22, nan 
97.125, 83.625, 1.0545488077695972e-21, nan 
97.375, 83.625, 8.735173748891232e-22, nan 
97.625, 83.625, 7.787222162718755e-22, nan 
97.875, 83.625, 7.981860778621109e-22, nan 
98.125, 83.625, 7.781650653880381e-22, nan 
98.375, 83.625, 1.0557773626104229e-21, nan 
98.625, 83.625, 1.078241194362639e-21, nan 
98.875, 83.625, 9.27942218034514e-22, nan 
99.125, 83.625, 8.004474151451627e-22, nan 
99.375, 83.625, 8.832208474443052e-22, nan 
99.625, 83.625, 1.1508186003123284e-21, nan 
99.875, 83.625, 1.3011731809817832e-21, nan 
100.125, 83.625, 1.3127438498313156e-21, nan 
100.375, 83.625, 1.232182766463653e-21, nan 
100.625, 83.625, 1.1099288494605752e-21, nan 
100.875, 83.625, 1.1867009508784056e-21, nan 
101.125, 83.625, 1.2196980582242025e-21, nan 
101.375, 83.625, 1.1824427927282002e-21, nan 
101.625, 83.625, 1.0869177491819893e-21, nan 
101.875, 83.625, 1.1220171856328616e-21, nan 
102.125, 83.625, 1.1875808407089953e-21, nan 
102.375, 83.625, 1.3028717556565449e-21, nan 
102.625, 83.625, 1.2256238814803392e-21, nan 
102.875, 83.625, 9.926615916545268e-22, nan 
103.125, 83.625, 9.109547257370194e-22, nan 
103.375, 83.625, 1.0385766306285815e-21, nan 
103.625, 83.625, 9.606665244588998e-22, nan 
103.875, 83.625, 8.286715207901578e-22, nan 
104.125, 83.625, 7.167468804351301e-22, nan 
104.375, 83.625, 7.100543121330693e-22, nan 
104.625, 83.625, 7.560127128573442e-22, nan 
104.875, 83.625, 6.943402176932414e-22, nan 
105.125, 83.625, 6.600793822831168e-22, nan 
105.375, 83.625, 6.309746567378804e-22, nan 
105.625, 83.625, 6.138493989419275e-22, nan 
105.875, 83.625, 6.135718683547193e-22, nan 
106.125, 83.625, 6.47014484787245e-22, nan 
106.375, 83.625, 9.324183364809056e-22, nan 
106.625, 83.625, 1.188621047798621e-21, nan 
106.875, 83.625, 1.6017796284503455e-21, nan 
107.125, 83.625, 1.8087285574471227e-21, nan 
107.375, 83.625, 1.7381190472965552e-21, nan 
107.625, 83.625, 1.6720293397323865e-21, nan 
107.875, 83.625, 1.961935089228611e-21, nan 
108.125, 83.625, 2.173883300162604e-21, nan 
108.375, 83.625, 2.0382964261956537e-21, nan 
108.625, 83.625, 1.821133263944315e-21, nan 
108.875, 83.625, 1.4227778003524661e-21, nan 
109.125, 83.625, 1.4068428708372812e-21, nan 
109.375, 83.625, 1.988681077867126e-21, nan 
109.625, 83.625, 1.6423670409984946e-21, nan 
109.875, 83.625, 1.2761030359786687e-21, nan 
110.125, 83.625, 1.5418817492601014e-21, nan 
110.375, 83.625, 1.82482705455316e-21, nan 
110.625, 83.625, 1.6656873948240134e-21, nan 
110.875, 83.625, 1.1748902741493296e-21, nan 
111.125, 83.625, 9.886140247220983e-22, nan 
111.375, 83.625, 1.1453741367406136e-21, nan 
111.625, 83.625, 1.56017479975212e-21, nan 
111.875, 83.625, 1.4049815315195347e-21, nan 
112.125, 83.625, 1.2420246681386515e-21, nan 
112.375, 83.625, 1.4120904717502621e-21, nan 
112.625, 83.625, 1.747340209321642e-21, nan 
112.875, 83.625, 1.6992357755695413e-21, nan 
113.125, 83.625, 1.6223447405924656e-21, nan 
113.375, 83.625, 1.9940804951410925e-21, nan 
113.625, 83.625, 2.159269506318966e-21, nan 
113.875, 83.625, 2.0731638518166902e-21, nan 
114.125, 83.625, 1.6147805927721384e-21, nan 
114.375, 83.625, 2.485705192710808e-21, nan 
114.625, 83.625, 2.7381090348365306e-21, nan 
114.875, 83.625, 3.109229119228434e-21, nan 
115.125, 83.625, 3.194098158060893e-21, nan 
115.375, 83.625, 3.248875121134654e-21, nan 
115.625, 83.625, 3.2569412355484167e-21, nan 
115.875, 83.625, 3.173415800677139e-21, nan 
116.125, 83.625, 3.030392190999e-21, nan 
116.375, 83.625, 3.123795308192275e-21, nan 
116.625, 83.625, 3.171813126402793e-21, nan 
116.875, 83.625, 3.2959125653390496e-21, nan 
117.125, 83.625, 4.380372439018516e-21, nan 
117.375, 83.625, 4.4087669406962316e-21, nan 
117.625, 83.625, 4.515912584356125e-21, nan 
117.875, 83.625, 4.685296672372039e-21, nan 
118.125, 83.625, 5.5240124528271585e-21, nan 
118.375, 83.625, 5.278898060733127e-21, nan 
118.625, 83.625, 4.58523729138193e-21, nan 
118.875, 83.625, 4.724407058644008e-21, nan 
119.125, 83.625, 5.095100008377719e-21, nan 
119.375, 83.625, 7.405066896741975e-21, nan 
119.625, 83.625, 6.986012516717206e-21, nan 
119.875, 83.625, 6.340061342286871e-21, nan 
120.125, 83.625, 6.306358867016851e-21, nan 
120.375, 83.625, 5.257888522972227e-21, nan 
120.625, 83.625, 4.484965002883174e-21, nan 
120.875, 83.625, 2.311077065174755e-21, nan 
121.125, 83.625, 2.7961901324763352e-21, nan 
121.375, 83.625, 3.4929185995091374e-21, nan 
121.625, 83.625, 2.7944302171776798e-21, nan 
121.875, 83.625, 3.035177512204159e-21, nan 
122.125, 83.625, 3.1767906482694032e-21, nan 
122.375, 83.625, 9.284228178185624e-22, nan 
122.625, 83.625, 1.6172597801825244e-21, nan 
122.875, 83.625, 1.4491559095429193e-21, nan 
123.125, 83.625, 5.3857336790421076e-21, nan 
123.375, 83.625, 6.6190903188590705e-21, nan 
123.625, 83.625, 6.586692285256535e-21, nan 
123.875, 83.625, 6.1243971471330044e-21, nan 
124.125, 83.625, 5.845777918940751e-21, nan 
124.375, 83.625, 5.7944039388464854e-21, nan 
124.625, 83.625, 5.353929364783e-21, nan 
124.875, 83.625, 5.203920341030174e-21, nan 
125.125, 83.625, 4.847777318404888e-21, nan 
125.375, 83.625, 4.709116622380711e-21, nan 
125.625, 83.625, 4.8165989364787544e-21, nan 
125.875, 83.625, 3.942098995037718e-21, nan 
126.125, 83.625, 3.056712880479885e-21, nan 
126.375, 83.625, 3.475018280777564e-21, nan 
126.625, 83.625, 3.781762050521478e-21, nan 
126.875, 83.625, 3.7812476259681784e-21, nan 
127.125, 83.625, 4.078832354306615e-21, nan 
127.375, 83.625, 4.452995183904939e-21, nan 
127.625, 83.625, 4.615782875836085e-21, nan 
127.875, 83.625, 3.496046541597529e-21, nan 
128.125, 83.625, 2.9872550748471658e-21, nan 
128.375, 83.625, 3.993386012287978e-21, nan 
128.625, 83.625, 4.616145870681349e-21, nan 
128.875, 83.625, 3.419656514013532e-21, nan 
129.125, 83.625, 3.049316454275698e-21, nan 
129.375, 83.625, 3.518831059118288e-21, nan 
129.625, 83.625, 4.149221248566608e-21, nan 
129.875, 83.625, 4.442850476509553e-21, nan 
130.125, 83.625, 4.225988517158303e-21, nan 
130.375, 83.625, 4.184892935037248e-21, nan 
130.625, 83.625, 3.2243767072310086e-21, nan 
130.875, 83.625, 3.2946442386152162e-21, nan 
131.125, 83.625, 3.363027849081311e-21, nan 
131.375, 83.625, 3.2705763320322126e-21, nan 
131.625, 83.625, 3.5388666264024596e-21, nan 
131.875, 83.625, 3.727804225653065e-21, nan 
132.125, 83.625, 3.800555900994577e-21, nan 
132.375, 83.625, 3.760634663710617e-21, nan 
132.625, 83.625, 3.9133960454119094e-21, nan 
132.875, 83.625, 3.1944743800130322e-21, nan 
133.125, 83.625, 2.5971591768752614e-21, nan 
133.375, 83.625, 3.3705836609836008e-21, nan 
133.625, 83.625, 3.527234481334038e-21, nan 
133.875, 83.625, 3.1939728774094917e-21, nan 
134.125, 83.625, 3.215481938295249e-21, nan 
134.375, 83.625, 2.270863594463378e-21, nan 
134.625, 83.625, 1.8346342382729066e-21, nan 
134.875, 83.625, 1.6650198589443548e-21, nan 
135.125, 83.625, 1.516378008886007e-21, nan 
135.375, 83.625, 1.4879767239762902e-21, nan 
135.625, 83.625, 1.6236168439342602e-21, nan 
135.875, 83.625, 1.774413535920869e-21, nan 
136.125, 83.625, 1.7141381165891475e-21, nan 
136.375, 83.625, 1.583928707005998e-21, nan 
136.625, 83.625, 1.8645652959007876e-21, nan 
136.875, 83.625, 2.333235768339541e-21, nan 
137.125, 83.625, 2.130390602127848e-21, nan 
137.375, 83.625, 1.7831320165101273e-21, nan 
137.625, 83.625, 2.989109536912615e-21, nan 
137.875, 83.625, 3.829304613833126e-21, nan 
138.125, 83.625, 3.480791857837088e-21, nan 
138.375, 83.625, 3.158277722078207e-21, nan 
138.625, 83.625, 3.455598508751875e-21, nan 
138.875, 83.625, 3.3029879541022737e-21, nan 
139.125, 83.625, 2.5052626302321842e-21, nan 
139.375, 83.625, 1.8825167904186254e-21, nan 
139.625, 83.625, 2.043760101436658e-21, nan 
139.875, 83.625, 4.798933207356693e-21, nan 
140.125, 83.625, 6.846198396206941e-21, nan 
140.375, 83.625, 6.166752836852242e-21, nan 
140.625, 83.625, 4.960370251985097e-21, nan 
140.875, 83.625, 4.152423144186009e-21, nan 
141.125, 83.625, 3.531091840506177e-21, nan 
141.375, 83.625, 3.446569605676917e-21, nan 
141.625, 83.625, 3.477449774360709e-21, nan 
141.875, 83.625, 3.012182318047856e-21, nan 
142.125, 83.625, 3.1972894626829833e-21, nan 
142.375, 83.625, 4.09405185399224e-21, nan 
142.625, 83.625, 3.784437484990975e-21, nan 
142.875, 83.625, 3.1830930037531144e-21, nan 
143.125, 83.625, 2.79592109812424e-21, nan 
143.375, 83.625, 2.6386214482583145e-21, nan 
143.625, 83.625, 2.5211669138179166e-21, nan 
143.875, 83.625, 2.461223401189307e-21, nan 
144.125, 83.625, 2.2079480709909935e-21, nan 
144.375, 83.625, 1.9388027231510208e-21, nan 
144.625, 83.625, 1.6982876392424974e-21, nan 
144.875, 83.625, 1.3491589556153963e-21, nan 
145.125, 83.625, 1.195832217267678e-21, nan 
145.375, 83.625, 1.1279884135278833e-21, nan 
145.625, 83.625, 9.736587503374756e-22, nan 
145.875, 83.625, 8.73571121940064e-22, nan 
146.125, 83.625, 8.742101736404367e-22, nan 
146.375, 83.625, 8.517461057422005e-22, nan 
146.625, 83.625, 7.631053266713933e-22, nan 
146.875, 83.625, 7.86593617508391e-22, nan 
147.125, 83.625, 8.980090810258886e-22, nan 
147.375, 83.625, 7.210468810417111e-22, nan 
147.625, 83.625, 5.571525923663228e-22, nan 
147.875, 83.625, 5.436339018192269e-22, nan 
148.125, 83.625, 6.665292564534265e-22, nan 
148.375, 83.625, 7.490808755341052e-22, nan 
148.625, 83.625, 7.527774267453061e-22, nan 
148.875, 83.625, 6.314691277094462e-22, nan 
149.125, 83.625, 5.440056924906236e-22, nan 
149.375, 83.625, 7.015664253791983e-22, nan 
149.625, 83.625, 8.761802079296976e-22, nan 
149.875, 83.625, 5.825316485616968e-22, nan 
150.125, 83.625, 6.653629463063197e-22, nan 
150.375, 83.625, 9.21404772579118e-22, nan 
150.625, 83.625, 9.211902884111116e-22, nan 
150.875, 83.625, 9.338050581558131e-22, nan 
151.125, 83.625, 1.1127216338896986e-21, nan 
151.375, 83.625, 1.3762352990084762e-21, nan 
151.625, 83.625, 1.6285660135128665e-21, nan 
151.875, 83.625, 1.6252706467425767e-21, nan 
152.125, 83.625, 1.6804939879569143e-21, nan 
152.375, 83.625, 1.869128847667793e-21, nan 
152.625, 83.625, 1.9520530621861997e-21, nan 
152.875, 83.625, 1.9562013258656082e-21, nan 
153.125, 83.625, 1.599428891568798e-21, nan 
153.375, 83.625, 1.5148562054428028e-21, nan 
153.625, 83.625, 1.6141718435227906e-21, nan 
153.875, 83.625, 1.7069057442278227e-21, nan 
154.125, 83.625, 1.785342960092783e-21, nan 
154.375, 83.625, 1.918972079967564e-21, nan 
154.625, 83.625, 1.906525081317776e-21, nan 
154.875, 83.625, 1.9416806684302493e-21, nan 
155.125, 83.625, 2.1731522651474184e-21, nan 
155.375, 83.625, 1.9694818950006243e-21, nan 
155.625, 83.625, 1.7784377299665882e-21, nan 
155.875, 83.625, 1.7708299867760842e-21, nan 
156.125, 83.625, 1.657086350399548e-21, nan 
156.375, 83.625, 1.6487436242893295e-21, nan 
156.625, 83.625, 1.82096251235382e-21, nan 
156.875, 83.625, 1.761234888825121e-21, nan 
157.125, 83.625, 2.2436252401843297e-21, nan 
157.375, 83.625, 3.03508855510808e-21, nan 
157.625, 83.625, 3.5197042297553546e-21, nan 
157.875, 83.625, 3.0906526736676466e-21, nan 
158.125, 83.625, 2.9918266455039884e-21, nan 
158.375, 83.625, 3.5145375764658234e-21, nan 
158.625, 83.625, 4.284580488626142e-21, nan 
158.875, 83.625, 4.4154728336300646e-21, nan 
159.125, 83.625, 4.065570994280982e-21, nan 
159.375, 83.625, 3.954410329334911e-21, nan 
159.625, 83.625, 6.475414618429965e-21, nan 
159.875, 83.625, 7.277350640605e-21, nan 
160.125, 83.625, 6.79363240603682e-21, nan 
160.375, 83.625, 6.345593356122108e-21, nan 
160.625, 83.625, 6.6607429855877e-21, nan 
160.875, 83.625, 6.46385932683112e-21, nan 
161.125, 83.625, 4.926309243355025e-21, nan 
161.375, 83.625, 3.836973720769997e-21, nan 
161.625, 83.625, 3.493905315462815e-21, nan 
161.875, 83.625, 3.014058984577482e-21, nan 
162.125, 83.625, 2.76347589788045e-21, nan 
162.375, 83.625, 3.0334425817780397e-21, nan 
162.625, 83.625, 2.3992231615325414e-21, nan 
162.875, 83.625, 3.2971454923850435e-21, nan 
163.125, 83.625, 4.7581488563537036e-21, nan 
163.375, 83.625, 2.8394508988060847e-21, nan 
163.625, 83.625, 3.3643574361899284e-21, nan 
163.875, 83.625, 5.1554070695417005e-21, nan 
164.125, 83.625, 4.605397963716857e-21, nan 
164.375, 83.625, 3.5442887365278464e-21, nan 
164.625, 83.625, 3.2488034654506186e-21, nan 
164.875, 83.625, 2.436059168027984e-21, nan 
165.125, 83.625, 6.0484852904304945e-21, nan 
165.375, 83.625, 8.950637548211944e-21, nan 
165.625, 83.625, 3.451756934969762e-21, nan 
165.875, 83.625, 5.225859649255916e-21, nan 
166.125, 83.625, 1.1018998750887475e-20, nan 
166.375, 83.625, 1.0237885470865235e-20, nan 
166.625, 83.625, 8.100688856266644e-21, nan 
166.875, 83.625, 7.335304160577958e-21, nan 
167.125, 83.625, 7.660263627791358e-21, nan 
167.375, 83.625, 8.483778639690264e-21, nan 
167.625, 83.625, 8.987200071711734e-21, nan 
167.875, 83.625, 8.431708979899834e-21, nan 
168.125, 83.625, 9.622870584264435e-21, nan 
168.375, 83.625, 1.046631221602413e-20, nan 
168.625, 83.625, 9.29364053919093e-21, nan 
168.875, 83.625, 9.414273674169172e-21, nan 
169.125, 83.625, 9.94454472952963e-21, nan 
169.375, 83.625, 9.933283720248865e-21, nan 
169.625, 83.625, 9.363230771676072e-21, nan 
169.875, 83.625, 9.024433159711766e-21, nan 
170.125, 83.625, 7.378612403969384e-21, nan 
170.375, 83.625, 7.089293874191884e-21, nan 
170.625, 83.625, 6.93325378172133e-21, nan 
170.875, 83.625, 6.1217971249768715e-21, nan 
171.125, 83.625, 6.444910147379759e-21, nan 
171.375, 83.625, 7.014474842312017e-21, nan 
171.625, 83.625, 7.246344998190071e-21, nan 
171.875, 83.625, 6.893736286093789e-21, nan 
172.125, 83.625, 6.729108383404825e-21, nan 
172.375, 83.625, 5.014630326961034e-21, nan 
172.625, 83.625, 3.399387800101984e-21, nan 
172.875, 83.625, 3.1255159283435728e-21, nan 
173.125, 83.625, 3.2052521878730305e-21, nan 
173.375, 83.625, 2.5923783356989762e-21, nan 
173.625, 83.625, 2.075564727980341e-21, nan 
173.875, 83.625, 1.72371650547005e-21, nan 
174.125, 83.625, 1.6309082778564745e-21, nan 
174.375, 83.625, 1.5602825247521476e-21, nan 
174.625, 83.625, 1.3870515718529803e-21, nan 
174.875, 83.625, 1.2778381699137357e-21, nan 
175.125, 83.625, 1.1681071290196459e-21, nan 
175.375, 83.625, 1.1136368415264189e-21, nan 
175.625, 83.625, 1.029651516664926e-21, nan 
175.875, 83.625, 9.864068441449948e-22, nan 
176.125, 83.625, 9.312578326913719e-22, nan 
176.375, 83.625, 8.653051521327987e-22, nan 
176.625, 83.625, 9.174826217530564e-22, nan 
176.875, 83.625, 8.848487048307141e-22, nan 
177.125, 83.625, 7.6817192202581115e-22, nan 
177.375, 83.625, 7.844006344390181e-22, nan 
177.625, 83.625, 7.910085467292298e-22, nan 
177.875, 83.625, 9.837410950718396e-22, nan 
178.125, 83.625, 9.465442538151966e-22, nan 
178.375, 83.625, 9.51684853667341e-22, nan 
178.625, 83.625, 9.724130039800579e-22, nan 
178.875, 83.625, 9.726277691551616e-22, nan 
179.125, 83.625, 9.19684908024988e-22, nan 
179.375, 83.625, 8.131056960414465e-22, nan 
179.625, 83.625, 7.299956205503234e-22, nan 
179.875, 83.625, 7.423686711358194e-22, nan 
-179.875, 83.875, 6.703281053807975e-22, nan 
-179.625, 83.875, 7.030585614909978e-22, nan 
-179.375, 83.875, 7.7096606843890295e-22, nan 
-179.125, 83.875, 8.599157152799744e-22, nan 
-178.875, 83.875, 9.470047799699128e-22, nan 
-178.625, 83.875, 8.151643788890791e-22, nan 
-178.375, 83.875, 5.696377581607981e-22, nan 
-178.125, 83.875, 7.083264236581676e-22, nan 
-177.875, 83.875, 7.984515788293728e-22, nan 
-177.625, 83.875, 8.874827348608503e-22, nan 
-177.375, 83.875, 1.00108465797016e-21, nan 
-177.125, 83.875, 1.122578875112087e-21, nan 
-176.875, 83.875, 1.1754842301905335e-21, nan 
-176.625, 83.875, 1.2378781291274397e-21, nan 
-176.375, 83.875, 1.134601979820052e-21, nan 
-176.125, 83.875, 8.828039303848545e-22, nan 
-175.875, 83.875, 1.0432000233996644e-21, nan 
-175.625, 83.875, 1.0593213606788045e-21, nan 
-175.375, 83.875, 7.660302457801044e-22, nan 
-175.125, 83.875, 6.5014792542828e-22, nan 
-174.875, 83.875, 5.760431182800689e-22, nan 
-174.625, 83.875, 5.14850513013164e-22, nan 
-174.375, 83.875, 4.1997120951207156e-22, nan 
-174.125, 83.875, 4.0900413729398416e-22, nan 
-173.875, 83.875, 3.80388265945278e-22, nan 
-173.625, 83.875, 3.0875004271620244e-22, nan 
-173.375, 83.875, 4.0180110805158142e-22, nan 
-173.125, 83.875, 5.741362833439114e-22, nan 
-172.875, 83.875, 4.9341151106739845e-22, nan 
-172.625, 83.875, 3.3429196291230083e-22, nan 
-172.375, 83.875, 3.340735274298381e-22, nan 
-172.125, 83.875, 2.7631135623051326e-22, nan 
-171.875, 83.875, 2.2924581592632314e-22, nan 
-171.625, 83.875, 2.382813170121634e-22, nan 
-171.375, 83.875, 3.434679338087592e-22, nan 
-171.125, 83.875, 3.6219374178303094e-22, nan 
-170.875, 83.875, 3.794192834502118e-22, nan 
-170.625, 83.875, 3.1127230077048576e-22, nan 
-170.375, 83.875, 3.5090493378833005e-22, nan 
-170.125, 83.875, 3.1334795856492416e-22, nan 
-169.875, 83.875, 2.0552425981210594e-22, nan 
-169.625, 83.875, 3.532573982867054e-22, nan 
-169.375, 83.875, 6.322688426514722e-22, nan 
-169.125, 83.875, 7.642176883405966e-22, nan 
-168.875, 83.875, 9.133564151729864e-22, nan 
-168.625, 83.875, 1.1314152294625844e-21, nan 
-168.375, 83.875, 1.230268914741956e-21, nan 
-168.125, 83.875, 1.2015456353273467e-21, nan 
-167.875, 83.875, 1.3200281560578016e-21, nan 
-167.625, 83.875, 1.23292964531669e-21, nan 
-167.375, 83.875, 1.2652943684670869e-21, nan 
-167.125, 83.875, 1.3854513074147587e-21, nan 
-166.875, 83.875, 1.3460877603068752e-21, nan 
-166.625, 83.875, 1.3036078083664037e-21, nan 
-166.375, 83.875, 1.3324106279010908e-21, nan 
-166.125, 83.875, 1.4023652549314032e-21, nan 
-165.875, 83.875, 1.1231568177932452e-21, nan 
-165.625, 83.875, 1.2769827328294103e-21, nan 
-165.375, 83.875, 1.3798854498056393e-21, nan 
-165.125, 83.875, 1.3724830086441264e-21, nan 
-164.875, 83.875, 1.3051212499419719e-21, nan 
-164.625, 83.875, 1.252898057155264e-21, nan 
-164.375, 83.875, 1.251355143236701e-21, nan 
-164.125, 83.875, 1.3700408908883214e-21, nan 
-163.875, 83.875, 1.3743461419603444e-21, nan 
-163.625, 83.875, 1.340205342502772e-21, nan 
-163.375, 83.875, 1.341531745789701e-21, nan 
-163.125, 83.875, 1.2697695917203948e-21, nan 
-162.875, 83.875, 1.277100019864148e-21, nan 
-162.625, 83.875, 1.2939799487152842e-21, nan 
-162.375, 83.875, 1.3053101730901553e-21, nan 
-162.125, 83.875, 1.217648672583338e-21, nan 
-161.875, 83.875, 1.3899813388737491e-21, nan 
-161.625, 83.875, 1.4078466512820604e-21, nan 
-161.375, 83.875, 1.434090917487679e-21, nan 
-161.125, 83.875, 1.3888073550680964e-21, nan 
-160.875, 83.875, 1.4920655170864394e-21, nan 
-160.625, 83.875, 1.3973017760044562e-21, nan 
-160.375, 83.875, 1.3003020997640698e-21, nan 
-160.125, 83.875, 1.3441015964496614e-21, nan 
-159.875, 83.875, 1.3759513527192165e-21, nan 
-159.625, 83.875, 1.2011668507186806e-21, nan 
-159.375, 83.875, 1.1599323387427771e-21, nan 
-159.125, 83.875, 1.2120300919298452e-21, nan 
-158.875, 83.875, 1.2063437041504192e-21, nan 
-158.625, 83.875, 1.2396285142358752e-21, nan 
-158.375, 83.875, 1.3146636734231889e-21, nan 
-158.125, 83.875, 1.3411852405793501e-21, nan 
-157.875, 83.875, 1.3190838874603652e-21, nan 
-157.625, 83.875, 1.3473103621419514e-21, nan 
-157.375, 83.875, 1.4522503860144893e-21, nan 
-157.125, 83.875, 1.432490055838458e-21, nan 
-156.875, 83.875, 1.3511219376637875e-21, nan 
-156.625, 83.875, 1.3027262568041813e-21, nan 
-156.375, 83.875, 1.1896494211543814e-21, nan 
-156.125, 83.875, 9.86374423864807e-22, nan 
-155.875, 83.875, 1.0407230167325371e-21, nan 
-155.625, 83.875, 1.0407382792996372e-21, nan 
-155.375, 83.875, 1.0762326031195566e-21, nan 
-155.125, 83.875, 1.2534486574343364e-21, nan 
-154.875, 83.875, 1.2855836366977369e-21, nan 
-154.625, 83.875, 1.2493846361173223e-21, nan 
-154.375, 83.875, 1.2166064046647177e-21, nan 
-154.125, 83.875, 1.1903022807359725e-21, nan 
-153.875, 83.875, 1.1019474885936178e-21, nan 
-153.625, 83.875, 1.0501017635744972e-21, nan 
-153.375, 83.875, 1.0451024638160756e-21, nan 
-153.125, 83.875, 1.0475689103148136e-21, nan 
-152.875, 83.875, 9.783987638808621e-22, nan 
-152.625, 83.875, 9.374210828560384e-22, nan 
-152.375, 83.875, 9.40274312913326e-22, nan 
-152.125, 83.875, 9.670036207083272e-22, nan 
-151.875, 83.875, 9.723063852723964e-22, nan 
-151.625, 83.875, 9.993957726489543e-22, nan 
-151.375, 83.875, 9.68888160715862e-22, nan 
-151.125, 83.875, 9.725006538503058e-22, nan 
-150.875, 83.875, 1.036830312128635e-21, nan 
-150.625, 83.875, 1.034313100898577e-21, nan 
-150.375, 83.875, 1.0519286778850768e-21, nan 
-150.125, 83.875, 1.0532528015547285e-21, nan 
-149.875, 83.875, 1.0678558377446815e-21, nan 
-149.625, 83.875, 1.0538563040691512e-21, nan 
-149.375, 83.875, 1.0585164948060066e-21, nan 
-149.125, 83.875, 1.0712831329046815e-21, nan 
-148.875, 83.875, 1.0361281570304358e-21, nan 
-148.625, 83.875, 9.973026496756588e-22, nan 
-148.375, 83.875, 9.504246061330913e-22, nan 
-148.125, 83.875, 9.51471526301307e-22, nan 
-147.875, 83.875, 9.445963604636358e-22, nan 
-147.625, 83.875, 7.34181205418951e-22, nan 
-147.375, 83.875, 6.127495404661059e-22, nan 
-147.125, 83.875, 5.408153101101902e-22, nan 
-146.875, 83.875, 4.757414414047326e-22, nan 
-146.625, 83.875, 4.857772726794544e-22, nan 
-146.375, 83.875, 5.116007968782163e-22, nan 
-146.125, 83.875, 5.745239277185143e-22, nan 
-145.875, 83.875, 5.944063920615706e-22, nan 
-145.625, 83.875, 6.142648364781302e-22, nan 
-145.375, 83.875, 5.62979931174094e-22, nan 
-145.125, 83.875, 5.366947151614128e-22, nan 
-144.875, 83.875, 5.287903704079627e-22, nan 
-144.625, 83.875, 4.28813001924627e-22, nan 
-144.375, 83.875, 3.4842149668779207e-22, nan 
-144.125, 83.875, 3.4682393997551e-22, nan 
-143.875, 83.875, 4.423252765777236e-22, nan 
-143.625, 83.875, 4.417584375586191e-22, nan 
-143.375, 83.875, 4.497355576815828e-22, nan 
-143.125, 83.875, 4.649038501892824e-22, nan 
-142.875, 83.875, 4.936046063685514e-22, nan 
-142.625, 83.875, 4.563952282888713e-22, nan 
-142.375, 83.875, 4.1737810425691097e-22, nan 
-142.125, 83.875, 4.375607429372382e-22, nan 
-141.875, 83.875, 4.570328532812122e-22, nan 
-141.625, 83.875, 4.485076421379426e-22, nan 
-141.375, 83.875, 4.895263869410135e-22, nan 
-141.125, 83.875, 5.245028581838686e-22, nan 
-140.875, 83.875, 4.975456555205054e-22, nan 
-140.625, 83.875, 4.610876133641598e-22, nan 
-140.375, 83.875, 5.213021893803403e-22, nan 
-140.125, 83.875, 4.897243934319257e-22, nan 
-139.875, 83.875, 5.506854949991779e-22, nan 
-139.625, 83.875, 5.9157504228795545e-22, nan 
-139.375, 83.875, 5.979976753575586e-22, nan 
-139.125, 83.875, 6.046503753647476e-22, nan 
-138.875, 83.875, 6.2053842485243665e-22, nan 
-138.625, 83.875, 5.9958724675603325e-22, nan 
-138.375, 83.875, 6.883087037059501e-22, nan 
-138.125, 83.875, 7.022778681358873e-22, nan 
-137.875, 83.875, 6.88644423675914e-22, nan 
-137.625, 83.875, 6.603122298767065e-22, nan 
-137.375, 83.875, 6.780198883290169e-22, nan 
-137.125, 83.875, 7.336686101094101e-22, nan 
-136.875, 83.875, 6.941713761600347e-22, nan 
-136.625, 83.875, 7.040673340025836e-22, nan 
-136.375, 83.875, 7.799996572082511e-22, nan 
-136.125, 83.875, 7.14122997374521e-22, nan 
-135.875, 83.875, 6.7082843683853065e-22, nan 
-135.625, 83.875, 6.611669121782375e-22, nan 
-135.375, 83.875, 6.812598642225278e-22, nan 
-135.125, 83.875, 6.522810355319487e-22, nan 
-134.875, 83.875, 6.051639901351083e-22, nan 
-134.625, 83.875, 5.911447794597062e-22, nan 
-134.375, 83.875, 5.5837867378662555e-22, nan 
-134.125, 83.875, 5.5855603389424175e-22, nan 
-133.875, 83.875, 6.656313436985565e-22, nan 
-133.625, 83.875, 7.931703328809541e-22, nan 
-133.375, 83.875, 8.062623201283199e-22, nan 
-133.125, 83.875, 8.494365267329645e-22, nan 
-132.875, 83.875, 8.859382075144033e-22, nan 
-132.625, 83.875, 1.2718616728376712e-21, nan 
-132.375, 83.875, 1.8073597955160872e-21, nan 
-132.125, 83.875, 2.2067289403241815e-21, nan 
-131.875, 83.875, 2.7852154246869968e-21, nan 
-131.625, 83.875, 3.176885799797938e-21, nan 
-131.375, 83.875, 3.2473415877092068e-21, nan 
-131.125, 83.875, 3.1522037101085764e-21, nan 
-130.875, 83.875, 3.078395750866639e-21, nan 
-130.625, 83.875, 3.0998364064299166e-21, nan 
-130.375, 83.875, 3.098812080124365e-21, nan 
-130.125, 83.875, 3.091440545148428e-21, nan 
-129.875, 83.875, 3.023761776320023e-21, nan 
-129.625, 83.875, 2.9341171815036425e-21, nan 
-129.375, 83.875, 2.8561963385776995e-21, nan 
-129.125, 83.875, 2.6825972664178035e-21, nan 
-128.875, 83.875, 2.5313266292717534e-21, nan 
-128.625, 83.875, 2.020324432221825e-21, nan 
-128.375, 83.875, 2.4700361388419877e-21, nan 
-128.125, 83.875, 2.4465698675413404e-21, nan 
-127.875, 83.875, 2.3418668058495883e-21, nan 
-127.625, 83.875, 2.2541411882135926e-21, nan 
-127.375, 83.875, 4.280260859149328e-22, nan 
-127.125, 83.875, 2.518827738820324e-21, nan 
-126.875, 83.875, 2.558698851005157e-21, nan 
-126.625, 83.875, 2.7171668462771318e-21, nan 
-126.375, 83.875, 3.3387180503477624e-21, nan 
-126.125, 83.875, 3.413539039796371e-21, nan 
-125.875, 83.875, 3.562940996990833e-21, nan 
-125.625, 83.875, 2.5414259749531365e-21, nan 
-125.375, 83.875, 3.0752954527226597e-21, nan 
-125.125, 83.875, 3.3034909600734263e-21, nan 
-124.875, 83.875, 3.1990906898918672e-21, nan 
-124.625, 83.875, 3.1537628956347105e-21, nan 
-124.375, 83.875, 3.1258150939534584e-21, nan 
-124.125, 83.875, 3.014327620429185e-21, nan 
-123.875, 83.875, 2.9804157609213357e-21, nan 
-123.625, 83.875, 3.06237615950415e-21, nan 
-123.375, 83.875, 3.060723833775446e-21, nan 
-123.125, 83.875, 2.6510286536424577e-21, nan 
-122.875, 83.875, 3.0786947394876175e-21, nan 
-122.625, 83.875, 2.1601881971423006e-21, nan 
-122.375, 83.875, 2.0094866624436766e-21, nan 
-122.125, 83.875, 1.5789279812940085e-21, nan 
-121.875, 83.875, 9.647649255693228e-22, nan 
-121.625, 83.875, 6.071176485662854e-22, nan 
-121.375, 83.875, 6.929849744467862e-22, nan 
-121.125, 83.875, 2.315568717570427e-21, nan 
-120.875, 83.875, 1.079831297144407e-21, nan 
-120.625, 83.875, 6.097841647389167e-22, nan 
-120.375, 83.875, 4.870234796202206e-22, nan 
-120.125, 83.875, 4.928429130506426e-22, nan 
-119.875, 83.875, 5.097912817084897e-22, nan 
-119.625, 83.875, 4.969632547645741e-22, nan 
-119.375, 83.875, 4.86921386285778e-22, nan 
-119.125, 83.875, 3.4894657939951954e-22, nan 
-118.875, 83.875, 3.912835677119377e-22, nan 
-118.625, 83.875, 4.806042779033915e-22, nan 
-118.375, 83.875, 5.4093073874880735e-22, nan 
-118.125, 83.875, 6.146587423410627e-22, nan 
-117.875, 83.875, 8.507350412777577e-22, nan 
-117.625, 83.875, 1.0520542167552747e-21, nan 
-117.375, 83.875, 1.1407971471291259e-21, nan 
-117.125, 83.875, 1.1423780105445557e-21, nan 
-116.875, 83.875, 9.794085590300319e-22, nan 
-116.625, 83.875, 6.091295865469685e-22, nan 
-116.375, 83.875, 4.947749035946983e-22, nan 
-116.125, 83.875, 6.971326108966976e-22, nan 
-115.875, 83.875, 1.0608020149367637e-21, nan 
-115.625, 83.875, 1.5598659678281512e-21, nan 
-115.375, 83.875, 1.9304472714013556e-21, nan 
-115.125, 83.875, 2.137437518130556e-21, nan 
-114.875, 83.875, 2.226320720136321e-21, nan 
-114.625, 83.875, 1.8535453367619566e-21, nan 
-114.375, 83.875, 1.3833124899569442e-21, nan 
-114.125, 83.875, 1.0934458521684747e-21, nan 
-113.875, 83.875, 7.640954280650277e-22, nan 
-113.625, 83.875, 8.387849298541008e-22, nan 
-113.375, 83.875, 1.1560665810977516e-21, nan 
-113.125, 83.875, 1.4014699714681543e-21, nan 
-112.875, 83.875, 1.5357192335770966e-21, nan 
-112.625, 83.875, 1.592933120928009e-21, nan 
-112.375, 83.875, 1.336409106805225e-21, nan 
-112.125, 83.875, 1.0430703268381827e-21, nan 
-111.875, 83.875, 8.179245115924265e-22, nan 
-111.625, 83.875, 5.427583853758672e-22, nan 
-111.375, 83.875, 3.9196035499905833e-22, nan 
-111.125, 83.875, 3.52710140320163e-22, nan 
-110.875, 83.875, 3.1894932303806865e-22, nan 
-110.625, 83.875, 3.1139343757518653e-22, nan 
-110.375, 83.875, 2.8608305082079452e-22, nan 
-110.125, 83.875, 2.530151360689736e-22, nan 
-109.875, 83.875, 2.604643337017038e-22, nan 
-109.625, 83.875, 2.48575460004005e-22, nan 
-109.375, 83.875, 2.598130428381537e-22, nan 
-109.125, 83.875, 2.8044710788556334e-22, nan 
-108.875, 83.875, 3.274044347480954e-22, nan 
-108.625, 83.875, 3.2239007105010993e-22, nan 
-108.375, 83.875, 3.0839050142974877e-22, nan 
-108.125, 83.875, 3.090258510658416e-22, nan 
-107.875, 83.875, 2.6656686314411453e-22, nan 
-107.625, 83.875, 3.276319460820942e-22, nan 
-107.375, 83.875, 3.2210628770904966e-22, nan 
-107.125, 83.875, 1.8130297881251544e-22, nan 
-106.875, 83.875, 3.166109683638668e-22, nan 
-106.625, 83.875, 3.89564075792091e-22, nan 
-106.375, 83.875, 4.548334151229798e-22, nan 
-106.125, 83.875, 4.911974542707864e-22, nan 
-105.875, 83.875, 5.746212208623581e-22, nan 
-105.625, 83.875, 5.564150578963522e-22, nan 
-105.375, 83.875, 7.358029012648375e-22, nan 
-105.125, 83.875, 8.097661574964176e-22, nan 
-104.875, 83.875, 4.985957742658698e-22, nan 
-104.625, 83.875, 6.572279716049892e-22, nan 
-104.375, 83.875, 7.794734027450195e-22, nan 
-104.125, 83.875, 7.926028534096097e-22, nan 
-103.875, 83.875, 8.681416195499874e-22, nan 
-103.625, 83.875, 9.88907100917142e-22, nan 
-103.375, 83.875, 8.728177094001846e-22, nan 
-103.125, 83.875, 8.704902554307268e-22, nan 
-102.875, 83.875, 9.726247564059546e-22, nan 
-102.625, 83.875, 9.244590231974632e-22, nan 
-102.375, 83.875, 9.587341005491805e-22, nan 
-102.125, 83.875, 9.311637293053012e-22, nan 
-101.875, 83.875, 8.173289805285206e-22, nan 
-101.625, 83.875, 7.938189005401523e-22, nan 
-101.375, 83.875, 7.687288425386769e-22, nan 
-101.125, 83.875, 5.720364554924843e-22, nan 
-100.875, 83.875, 3.577537703334381e-22, nan 
-100.625, 83.875, 4.921042200533364e-22, nan 
-100.375, 83.875, 7.6395872860754e-22, nan 
-100.125, 83.875, 1.2628951499788174e-21, nan 
-99.875, 83.875, 1.3726292305697369e-21, nan 
-99.625, 83.875, 1.1662635813142705e-21, nan 
-99.375, 83.875, 1.059410660768342e-21, nan 
-99.125, 83.875, 1.0726417765072484e-21, nan 
-98.875, 83.875, 7.5839780803267625e-22, nan 
-98.625, 83.875, 7.35530383145096e-22, nan 
-98.375, 83.875, 7.590383411971743e-22, nan 
-98.125, 83.875, 6.145833705210776e-22, nan 
-97.875, 83.875, 6.317648221241333e-22, nan 
-97.625, 83.875, 6.9116771891274e-22, nan 
-97.375, 83.875, 6.031909823178841e-22, nan 
-97.125, 83.875, 5.559560960619464e-22, nan 
-96.875, 83.875, 6.004041727913228e-22, nan 
-96.625, 83.875, 5.171906406001547e-22, nan 
-96.375, 83.875, 4.951172105913015e-22, nan 
-96.125, 83.875, 4.930776187134093e-22, nan 
-95.875, 83.875, 4.537819881321975e-22, nan 
-95.625, 83.875, 4.417442208684233e-22, nan 
-95.375, 83.875, 4.98181228154441e-22, nan 
-95.125, 83.875, 5.208484046203674e-22, nan 
-94.875, 83.875, 5.178908756516597e-22, nan 
-94.625, 83.875, 5.029011174206557e-22, nan 
-94.375, 83.875, 5.64488826101861e-22, nan 
-94.125, 83.875, 5.599966567283636e-22, nan 
-93.875, 83.875, 5.115979586503401e-22, nan 
-93.625, 83.875, 5.240076842284262e-22, nan 
-93.375, 83.875, 5.282390546031009e-22, nan 
-93.125, 83.875, 5.50773903488422e-22, nan 
-92.875, 83.875, 5.615785031861941e-22, nan 
-92.625, 83.875, 5.722914101412412e-22, nan 
-92.375, 83.875, 5.511607701814824e-22, nan 
-92.125, 83.875, 5.129469018416688e-22, nan 
-91.875, 83.875, 5.614460254819077e-22, nan 
-91.625, 83.875, 5.967117172671813e-22, nan 
-91.375, 83.875, 5.808875256462274e-22, nan 
-91.125, 83.875, 5.662119327899479e-22, nan 
-90.875, 83.875, 5.396061742752666e-22, nan 
-90.625, 83.875, 5.171933080189053e-22, nan 
-90.375, 83.875, 4.677274304381799e-22, nan 
-90.125, 83.875, 4.26431049302578e-22, nan 
-89.875, 83.875, 3.2205727499102144e-22, nan 
-89.625, 83.875, 2.7555754764482104e-22, nan 
-89.375, 83.875, 1.790107600797631e-22, nan 
-89.125, 83.875, 1.6845370749681424e-22, nan 
-88.875, 83.875, 1.9750742605843583e-22, nan 
-88.625, 83.875, 2.5736289919470457e-22, nan 
-88.375, 83.875, 3.1217200074873357e-22, nan 
-88.125, 83.875, 3.4557021124934625e-22, nan 
-87.875, 83.875, 3.524480551955005e-22, nan 
-87.625, 83.875, 3.658694067921026e-22, nan 
-87.375, 83.875, 3.540277425772295e-22, nan 
-87.125, 83.875, 3.0233753228394194e-22, nan 
-86.875, 83.875, 2.9536501613624286e-22, nan 
-86.625, 83.875, 3.616838458455704e-22, nan 
-86.375, 83.875, 3.9836699350568113e-22, nan 
-86.125, 83.875, 4.14800289818324e-22, nan 
-85.875, 83.875, 4.388384307929695e-22, nan 
-85.625, 83.875, 4.857903233523549e-22, nan 
-85.375, 83.875, 5.215035643165233e-22, nan 
-85.125, 83.875, 5.0204417835861e-22, nan 
-84.875, 83.875, 3.7667216436586297e-22, nan 
-84.625, 83.875, 4.0710001212994464e-22, nan 
-84.375, 83.875, 4.976951106944721e-22, nan 
-84.125, 83.875, 4.665465601288513e-22, nan 
-83.875, 83.875, 4.0922258845454736e-22, nan 
-83.625, 83.875, 3.985460892024772e-22, nan 
-83.375, 83.875, 4.220016617267511e-22, nan 
-83.125, 83.875, 4.318744243413096e-22, nan 
-82.875, 83.875, 4.840634741156666e-22, nan 
-82.625, 83.875, 5.200000122007883e-22, nan 
-82.375, 83.875, 4.546570636673063e-22, nan 
-82.125, 83.875, 4.703230049680565e-22, nan 
-81.875, 83.875, 5.0355929700424e-22, nan 
-81.625, 83.875, 4.959519720442243e-22, nan 
-81.375, 83.875, 4.836798830655978e-22, nan 
-81.125, 83.875, 4.266192293413699e-22, nan 
-80.875, 83.875, 4.35940636322226e-22, nan 
-80.625, 83.875, 4.64967150697738e-22, nan 
-80.375, 83.875, 5.0789962144614525e-22, nan 
-80.125, 83.875, 4.169096700940357e-22, nan 
-79.875, 83.875, 4.05901273510742e-22, nan 
-79.625, 83.875, 4.1937059685809256e-22, nan 
-79.375, 83.875, 5.4936744252475035e-22, nan 
-79.125, 83.875, 5.807618639958234e-22, nan 
-78.875, 83.875, 5.070605505501385e-22, nan 
-78.625, 83.875, 4.99393455005281e-22, nan 
-78.375, 83.875, 5.48563764178495e-22, nan 
-78.125, 83.875, 4.628447836594923e-22, nan 
-77.875, 83.875, 4.425193384103443e-22, nan 
-77.625, 83.875, 4.423707635886387e-22, nan 
-77.375, 83.875, 4.815077004400125e-22, nan 
-77.125, 83.875, 4.383656926173486e-22, nan 
-76.875, 83.875, 4.879928329492521e-22, nan 
-76.625, 83.875, 6.175273607100172e-22, nan 
48.625, 83.875, 9.869919851498007e-23, nan 
48.875, 83.875, 1.211633056412776e-22, nan 
49.125, 83.875, 1.197142069680917e-22, nan 
49.375, 83.875, 1.1915477872062135e-22, nan 
49.625, 83.875, 1.4161866101460458e-22, nan 
49.875, 83.875, 1.5560295758575186e-22, nan 
50.125, 83.875, 1.415437997343387e-22, nan 
50.375, 83.875, 1.3411941778553219e-22, nan 
50.625, 83.875, 1.9574047421360517e-22, nan 
50.875, 83.875, 2.2330704743521906e-22, nan 
51.125, 83.875, 1.8223136317970478e-22, nan 
51.375, 83.875, 1.5833002727216156e-22, nan 
51.625, 83.875, 2.232391203924966e-22, nan 
51.875, 83.875, 2.5522364809966694e-22, nan 
52.125, 83.875, 2.2009607832072883e-22, nan 
52.375, 83.875, 2.1081477440975843e-22, nan 
52.625, 83.875, 2.647682351957125e-22, nan 
52.875, 83.875, 2.747878352061892e-22, nan 
53.125, 83.875, 2.654697948176675e-22, nan 
53.375, 83.875, 2.388458211873096e-22, nan 
53.625, 83.875, 2.287352224756835e-22, nan 
53.875, 83.875, 1.4931437861981584e-22, nan 
54.125, 83.875, 1.4700904186525737e-22, nan 
54.375, 83.875, 1.5840727487305706e-22, nan 
54.625, 83.875, 1.5327666952660063e-22, nan 
54.875, 83.875, 1.5395310540684366e-22, nan 
55.125, 83.875, 1.5482315612966126e-22, nan 
55.375, 83.875, 1.6450870337792037e-22, nan 
55.625, 83.875, 1.63138026504199e-22, nan 
55.875, 83.875, 1.5880316326426035e-22, nan 
56.125, 83.875, 1.6329127500781299e-22, nan 
56.375, 83.875, 2.0784870305092824e-22, nan 
56.625, 83.875, 2.329429352745328e-22, nan 
56.875, 83.875, 2.224082268446278e-22, nan 
57.125, 83.875, 2.2666003365260036e-22, nan 
57.375, 83.875, 2.3098749206363757e-22, nan 
57.625, 83.875, 2.206399729343016e-22, nan 
57.875, 83.875, 2.415489622473326e-22, nan 
58.125, 83.875, 2.521883486510198e-22, nan 
58.375, 83.875, 2.500123851084799e-22, nan 
58.625, 83.875, 2.4063318178469856e-22, nan 
58.875, 83.875, 2.4951548413810996e-22, nan 
59.125, 83.875, 2.5985374526574633e-22, nan 
59.375, 83.875, 2.5905079402442852e-22, nan 
59.625, 83.875, 2.7805264817319174e-22, nan 
59.875, 83.875, 2.777631982793244e-22, nan 
60.125, 83.875, 3.1168833279767907e-22, nan 
60.375, 83.875, 3.103096262290732e-22, nan 
60.625, 83.875, 3.0814941944152765e-22, nan 
60.875, 83.875, 3.15229181809999e-22, nan 
61.125, 83.875, 3.2338896281248613e-22, nan 
61.375, 83.875, 3.285779796462219e-22, nan 
61.625, 83.875, 3.41051863175366e-22, nan 
61.875, 83.875, 3.9499116075512706e-22, nan 
62.125, 83.875, 4.760489486645866e-22, nan 
62.375, 83.875, 4.463209056072678e-22, nan 
62.625, 83.875, 4.0880660451582397e-22, nan 
62.875, 83.875, 4.614194788873411e-22, nan 
63.125, 83.875, 4.616437464812955e-22, nan 
63.375, 83.875, 3.5754479079017035e-22, nan 
63.625, 83.875, 3.294930171180425e-22, nan 
63.875, 83.875, 3.3253998295802428e-22, nan 
64.125, 83.875, 2.7133189416137704e-22, nan 
64.375, 83.875, 3.517871982015447e-22, nan 
64.625, 83.875, 3.3955391350398018e-22, nan 
64.875, 83.875, 2.7789490725969795e-22, nan 
65.125, 83.875, 3.4101112701378664e-22, nan 
65.375, 83.875, 3.7807783241285463e-22, nan 
65.625, 83.875, 3.344966932480593e-22, nan 
65.875, 83.875, 3.1867705919010926e-22, nan 
66.125, 83.875, 3.0532824312901994e-22, nan 
66.375, 83.875, 2.406965599560026e-22, nan 
66.625, 83.875, 2.1339117188702e-22, nan 
66.875, 83.875, 2.3006977217961817e-22, nan 
67.125, 83.875, 2.6902306433114224e-22, nan 
67.375, 83.875, 2.586625122002048e-22, nan 
67.625, 83.875, 2.6985288660126785e-22, nan 
67.875, 83.875, 3.0310444928990747e-22, nan 
68.125, 83.875, 3.1702594431891173e-22, nan 
68.375, 83.875, 3.047037218130913e-22, nan 
68.625, 83.875, 2.2582168381399097e-22, nan 
68.875, 83.875, 1.2733177405100542e-22, nan 
69.125, 83.875, 1.1853086452254e-22, nan 
69.375, 83.875, 1.0821960998920058e-22, nan 
69.625, 83.875, 1.0155919316878565e-22, nan 
69.875, 83.875, 8.156260845352249e-23, nan 
70.125, 83.875, 1.0031689379460434e-22, nan 
70.375, 83.875, 1.153568914249927e-22, nan 
70.625, 83.875, 1.1157178386827797e-22, nan 
70.875, 83.875, 1.2918372459267472e-22, nan 
71.125, 83.875, 1.4720761853187724e-22, nan 
71.375, 83.875, 1.639444505360757e-22, nan 
71.625, 83.875, 1.7384670405020307e-22, nan 
71.875, 83.875, 1.7013983757865483e-22, nan 
72.125, 83.875, 1.719678224209919e-22, nan 
72.375, 83.875, 1.789701639562963e-22, nan 
72.625, 83.875, 1.8688853742478082e-22, nan 
72.875, 83.875, 1.89021127452306e-22, nan 
73.125, 83.875, 1.8698171192625658e-22, nan 
73.375, 83.875, 2.0417852103465613e-22, nan 
73.625, 83.875, 2.0492358887514805e-22, nan 
73.875, 83.875, 2.066750376929273e-22, nan 
74.125, 83.875, 2.0427661259155891e-22, nan 
74.375, 83.875, 2.2113706712217785e-22, nan 
74.625, 83.875, 2.3746929276094483e-22, nan 
74.875, 83.875, 2.4066124688277436e-22, nan 
75.125, 83.875, 2.4813817759774817e-22, nan 
75.375, 83.875, 2.8104061748672836e-22, nan 
75.625, 83.875, 2.4011881126258794e-22, nan 
75.875, 83.875, 2.360883668962651e-22, nan 
76.125, 83.875, 2.0762530056844853e-22, nan 
76.375, 83.875, 1.8486808047165757e-22, nan 
76.625, 83.875, 1.9571339313540396e-22, nan 
76.875, 83.875, 1.8412681812892166e-22, nan 
77.125, 83.875, 1.677822051549471e-22, nan 
77.375, 83.875, 1.6023449436309097e-22, nan 
77.625, 83.875, 1.5578882295435038e-22, nan 
77.875, 83.875, 1.6203959741667175e-22, nan 
78.125, 83.875, 1.6815118414311193e-22, nan 
78.375, 83.875, 1.5533989116578222e-22, nan 
78.625, 83.875, 1.4615467489050517e-22, nan 
78.875, 83.875, 1.4584998938387127e-22, nan 
79.125, 83.875, 1.397931101353584e-22, nan 
79.375, 83.875, 1.5042839466731817e-22, nan 
79.625, 83.875, 1.2288878408928197e-22, nan 
79.875, 83.875, 9.383214037044118e-23, nan 
80.125, 83.875, 8.587867866285397e-23, nan 
80.375, 83.875, 1.3777585038980833e-22, nan 
80.625, 83.875, 1.40815083395808e-22, nan 
80.875, 83.875, 1.3069010317072142e-22, nan 
81.125, 83.875, 1.4198427503866792e-22, nan 
81.375, 83.875, 1.613861226446071e-22, nan 
81.625, 83.875, 1.7015072712217863e-22, nan 
81.875, 83.875, 1.4186220514120384e-22, nan 
82.125, 83.875, 1.3528976510789187e-22, nan 
82.375, 83.875, 1.549431777481149e-22, nan 
82.625, 83.875, 1.7585257646209766e-22, nan 
82.875, 83.875, 1.3535713398852378e-22, nan 
83.125, 83.875, 1.2667558612369177e-22, nan 
83.375, 83.875, 1.8925866853796402e-22, nan 
83.625, 83.875, 2.14651236338932e-22, nan 
83.875, 83.875, 2.15860651934673e-22, nan 
84.125, 83.875, 2.33064149024198e-22, nan 
84.375, 83.875, 2.7264643557725465e-22, nan 
84.625, 83.875, 2.9027849024503476e-22, nan 
84.875, 83.875, 3.0438307175477693e-22, nan 
85.125, 83.875, 2.88646268156139e-22, nan 
85.375, 83.875, 3.0890576770574023e-22, nan 
85.625, 83.875, 3.0771636720302113e-22, nan 
85.875, 83.875, 3.3128185736559705e-22, nan 
86.125, 83.875, 2.659957774487176e-22, nan 
86.375, 83.875, 2.785335068821473e-22, nan 
86.625, 83.875, 3.8942255971068454e-22, nan 
86.875, 83.875, 4.587396479376815e-22, nan 
87.125, 83.875, 5.017790975474944e-22, nan 
87.375, 83.875, 4.587630828549553e-22, nan 
87.625, 83.875, 5.035889266033075e-22, nan 
87.875, 83.875, 5.071472064457244e-22, nan 
88.125, 83.875, 5.479965369305367e-22, nan 
88.375, 83.875, 3.917916751136817e-22, nan 
88.625, 83.875, 2.755688607121041e-22, nan 
88.875, 83.875, 3.3006479234753377e-22, nan 
89.125, 83.875, 3.0218589440446054e-22, nan 
89.375, 83.875, 3.081632091975444e-22, nan 
89.625, 83.875, 3.2603971783098396e-22, nan 
89.875, 83.875, 3.672268317330383e-22, nan 
90.125, 83.875, 3.905142657268959e-22, nan 
90.375, 83.875, 4.397939181388589e-22, nan 
90.625, 83.875, 4.497453585552344e-22, nan 
90.875, 83.875, 4.26644674960109e-22, nan 
91.125, 83.875, 4.560374796657278e-22, nan 
91.375, 83.875, 2.991465548059711e-22, nan 
91.625, 83.875, 4.2345305285479376e-22, nan 
91.875, 83.875, 4.427066940307778e-22, nan 
92.125, 83.875, 2.14910608562486e-22, nan 
92.375, 83.875, 1.8831972420220775e-22, nan 
92.625, 83.875, 3.997703454828218e-22, nan 
92.875, 83.875, 7.785538859181432e-22, nan 
93.125, 83.875, 5.59942327861638e-22, nan 
93.375, 83.875, 2.3531168861018313e-22, nan 
93.625, 83.875, 2.2773631447148183e-22, nan 
93.875, 83.875, 2.310660495621135e-22, nan 
94.125, 83.875, 3.284204212642186e-22, nan 
94.375, 83.875, 3.241578780355191e-22, nan 
94.625, 83.875, 2.757617411554861e-22, nan 
94.875, 83.875, 2.739640523672028e-22, nan 
95.125, 83.875, 3.2643506929893844e-22, nan 
95.375, 83.875, 2.902658235854056e-22, nan 
95.625, 83.875, 3.0403573970124137e-22, nan 
95.875, 83.875, 3.4009410284640573e-22, nan 
96.125, 83.875, 3.3447663615076254e-22, nan 
96.375, 83.875, 4.815420245220459e-22, nan 
96.625, 83.875, 5.493006944340597e-22, nan 
96.875, 83.875, 5.858983654070013e-22, nan 
97.125, 83.875, 8.62302933772975e-22, nan 
97.375, 83.875, 7.184907613728697e-22, nan 
97.625, 83.875, 4.379898030055016e-22, nan 
97.875, 83.875, 3.9995200459922444e-22, nan 
98.125, 83.875, 5.77014005453002e-22, nan 
98.375, 83.875, 8.93952154246202e-22, nan 
98.625, 83.875, 9.69280810880103e-22, nan 
98.875, 83.875, 8.722842909200242e-22, nan 
99.125, 83.875, 7.4374886257087885e-22, nan 
99.375, 83.875, 9.064505044052617e-22, nan 
99.625, 83.875, 1.1126949517945912e-21, nan 
99.875, 83.875, 1.1320228761033336e-21, nan 
100.125, 83.875, 1.1322237678461447e-21, nan 
100.375, 83.875, 1.181350192915868e-21, nan 
100.625, 83.875, 1.238391868646336e-21, nan 
100.875, 83.875, 1.2207147006124157e-21, nan 
101.125, 83.875, 1.2438216627834128e-21, nan 
101.375, 83.875, 1.235136214130509e-21, nan 
101.625, 83.875, 1.2880644495349235e-21, nan 
101.875, 83.875, 1.2843084218129422e-21, nan 
102.125, 83.875, 1.3418985681081113e-21, nan 
102.375, 83.875, 1.3563507571342893e-21, nan 
102.625, 83.875, 1.334236105384031e-21, nan 
102.875, 83.875, 1.1785192556719386e-21, nan 
103.125, 83.875, 1.0959224318111257e-21, nan 
103.375, 83.875, 1.2458681346489353e-21, nan 
103.625, 83.875, 1.1782206861136741e-21, nan 
103.875, 83.875, 1.09944785397813e-21, nan 
104.125, 83.875, 1.008985125577805e-21, nan 
104.375, 83.875, 1.0358435097093302e-21, nan 
104.625, 83.875, 1.176295793365487e-21, nan 
104.875, 83.875, 1.3421764188661785e-21, nan 
105.125, 83.875, 1.3350166027196499e-21, nan 
105.375, 83.875, 1.330172099764703e-21, nan 
105.625, 83.875, 1.2776825368080795e-21, nan 
105.875, 83.875, 1.2549950992092607e-21, nan 
106.125, 83.875, 1.1577797179956619e-21, nan 
106.375, 83.875, 1.5175332451700954e-21, nan 
106.625, 83.875, 1.647007605692665e-21, nan 
106.875, 83.875, 1.5413561938551234e-21, nan 
107.125, 83.875, 1.446953532775636e-21, nan 
107.375, 83.875, 1.2999054797181625e-21, nan 
107.625, 83.875, 1.4025761158042445e-21, nan 
107.875, 83.875, 1.3472923992929806e-21, nan 
108.125, 83.875, 1.4775833083848119e-21, nan 
108.375, 83.875, 1.73406680265806e-21, nan 
108.625, 83.875, 2.4256475655740464e-21, nan 
108.875, 83.875, 2.568816352491332e-21, nan 
109.125, 83.875, 2.4108564722807467e-21, nan 
109.375, 83.875, 2.1578274862953556e-21, nan 
109.625, 83.875, 2.0581405815886493e-21, nan 
109.875, 83.875, 2.282850047831653e-21, nan 
110.125, 83.875, 2.0428262526111762e-21, nan 
110.375, 83.875, 2.021132927961437e-21, nan 
110.625, 83.875, 2.2486606049496923e-21, nan 
110.875, 83.875, 2.092807855648865e-21, nan 
111.125, 83.875, 1.794080215585029e-21, nan 
111.375, 83.875, 1.2585722152659495e-21, nan 
111.625, 83.875, 1.3532210216662656e-21, nan 
111.875, 83.875, 1.4551573663275544e-21, nan 
112.125, 83.875, 1.1135375120355684e-21, nan 
112.375, 83.875, 1.2410419929988415e-21, nan 
112.625, 83.875, 1.0803515164661902e-21, nan 
112.875, 83.875, 1.2566888429131875e-21, nan 
113.125, 83.875, 1.2101458364370563e-21, nan 
113.375, 83.875, 1.6669490388627472e-21, nan 
113.625, 83.875, 1.3841857488731763e-21, nan 
113.875, 83.875, 1.4771717240605824e-21, nan 
114.125, 83.875, 1.8177250797608056e-21, nan 
114.375, 83.875, 2.3328407972826326e-21, nan 
114.625, 83.875, 2.510973561067711e-21, nan 
114.875, 83.875, 2.7276472312577937e-21, nan 
115.125, 83.875, 2.7748241622325288e-21, nan 
115.375, 83.875, 2.809141190576611e-21, nan 
115.625, 83.875, 2.7693966519838657e-21, nan 
115.875, 83.875, 2.6930908150603232e-21, nan 
116.125, 83.875, 2.623264540781485e-21, nan 
116.375, 83.875, 2.9772591536534276e-21, nan 
116.625, 83.875, 2.771429522098394e-21, nan 
116.875, 83.875, 2.7619719287234275e-21, nan 
117.125, 83.875, 2.459025478215862e-21, nan 
117.375, 83.875, 2.5770954918298567e-21, nan 
117.625, 83.875, 2.839443937151568e-21, nan 
117.875, 83.875, 3.2991158106912427e-21, nan 
118.125, 83.875, 4.165589568692648e-21, nan 
118.375, 83.875, 4.640668189270291e-21, nan 
118.625, 83.875, 5.4111984418073255e-21, nan 
118.875, 83.875, 5.2460949994563286e-21, nan 
119.125, 83.875, 5.3095274885418935e-21, nan 
119.375, 83.875, 7.375555140974937e-21, nan 
119.625, 83.875, 6.850767722588594e-21, nan 
119.875, 83.875, 6.21920659215622e-21, nan 
120.125, 83.875, 8.330009665972715e-21, nan 
120.375, 83.875, 7.147756693244677e-21, nan 
120.625, 83.875, 6.95150358420595e-21, nan 
120.875, 83.875, 6.165999961585677e-21, nan 
121.125, 83.875, 5.581223230115616e-21, nan 
121.375, 83.875, 5.997382276243383e-21, nan 
121.625, 83.875, 5.966442956830302e-21, nan 
121.875, 83.875, 5.4962968249540594e-21, nan 
122.125, 83.875, 5.1925716940099844e-21, nan 
122.375, 83.875, 1.112928875426597e-20, nan 
122.625, 83.875, 1.0930936871661762e-20, nan 
122.875, 83.875, 9.901832185496306e-21, nan 
123.125, 83.875, 5.739218010635895e-21, nan 
123.375, 83.875, 6.565416544030365e-21, nan 
123.625, 83.875, 6.831395538737495e-21, nan 
123.875, 83.875, 6.655694467115322e-21, nan 
124.125, 83.875, 6.1713226518903425e-21, nan 
124.375, 83.875, 6.041695178942029e-21, nan 
124.625, 83.875, 8.222673923266281e-21, nan 
124.875, 83.875, 8.592453656329413e-21, nan 
125.125, 83.875, 8.305016516135307e-21, nan 
125.375, 83.875, 4.630952064685049e-21, nan 
125.625, 83.875, 4.875225906294125e-21, nan 
125.875, 83.875, 4.2430306364462305e-21, nan 
126.125, 83.875, 4.052981456603483e-21, nan 
126.375, 83.875, 3.979585000991271e-21, nan 
126.625, 83.875, 4.242596876965168e-21, nan 
126.875, 83.875, 4.452532788212135e-21, nan 
127.125, 83.875, 4.4266223978437934e-21, nan 
127.375, 83.875, 4.6466921507582396e-21, nan 
127.625, 83.875, 4.8051950816176514e-21, nan 
127.875, 83.875, 4.107853171163357e-21, nan 
128.125, 83.875, 3.6129857860182e-21, nan 
128.375, 83.875, 4.006167076310503e-21, nan 
128.625, 83.875, 4.528724920271401e-21, nan 
128.875, 83.875, 3.684202385595179e-21, nan 
129.125, 83.875, 3.855666474017875e-21, nan 
129.375, 83.875, 3.813769427110447e-21, nan 
129.625, 83.875, 4.118320671438972e-21, nan 
129.875, 83.875, 4.284612031672281e-21, nan 
130.125, 83.875, 3.7927693945758915e-21, nan 
130.375, 83.875, 3.7785718643031235e-21, nan 
130.625, 83.875, 2.9062809941470255e-21, nan 
130.875, 83.875, 3.0746578260286387e-21, nan 
131.125, 83.875, 2.7193505232214347e-21, nan 
131.375, 83.875, 2.6459085489637542e-21, nan 
131.625, 83.875, 2.5359827003439944e-21, nan 
131.875, 83.875, 2.5144406683321544e-21, nan 
132.125, 83.875, 2.110684315576964e-21, nan 
132.375, 83.875, 1.693358367835849e-21, nan 
132.625, 83.875, 1.6138582244299563e-21, nan 
132.875, 83.875, 1.6998530062032762e-21, nan 
133.125, 83.875, 2.090258936889219e-21, nan 
133.375, 83.875, 2.1089514628891856e-21, nan 
133.625, 83.875, 2.3877025815580523e-21, nan 
133.875, 83.875, 2.3326256537715214e-21, nan 
134.125, 83.875, 2.126194637787349e-21, nan 
134.375, 83.875, 1.6760788316906934e-21, nan 
134.625, 83.875, 1.1962428784228788e-21, nan 
134.875, 83.875, 1.3659379351251274e-21, nan 
135.125, 83.875, 1.4896197599404975e-21, nan 
135.375, 83.875, 1.3720356810823307e-21, nan 
135.625, 83.875, 1.5443193460378289e-21, nan 
135.875, 83.875, 2.138316592060128e-21, nan 
136.125, 83.875, 2.6300337213010483e-21, nan 
136.375, 83.875, 3.2771861110786856e-21, nan 
136.625, 83.875, 3.504700403085184e-21, nan 
136.875, 83.875, 2.5578759249411634e-21, nan 
137.125, 83.875, 1.8093149844840798e-21, nan 
137.375, 83.875, 9.76903221389614e-22, nan 
137.625, 83.875, 1.5128417710820729e-21, nan 
137.875, 83.875, 1.8336123254329417e-21, nan 
138.125, 83.875, 3.41033428883302e-21, nan 
138.375, 83.875, 5.5188344413341394e-21, nan 
138.625, 83.875, 7.178520700073154e-21, nan 
138.875, 83.875, 7.463656860643722e-21, nan 
139.125, 83.875, 5.5908433416706916e-21, nan 
139.375, 83.875, 4.069653175563679e-21, nan 
139.625, 83.875, 1.6748258732438895e-21, nan 
139.875, 83.875, 2.9611331156010287e-21, nan 
140.125, 83.875, 3.997905595641593e-21, nan 
140.375, 83.875, 4.429582832321349e-21, nan 
140.625, 83.875, 5.242289943975164e-21, nan 
140.875, 83.875, 5.789895709080265e-21, nan 
141.125, 83.875, 5.610242236713492e-21, nan 
141.375, 83.875, 4.9317058878975715e-21, nan 
141.625, 83.875, 4.273658136800187e-21, nan 
141.875, 83.875, 2.7536628350274547e-21, nan 
142.125, 83.875, 2.216835418597962e-21, nan 
142.375, 83.875, 2.273439800569119e-21, nan 
142.625, 83.875, 1.9211290028493286e-21, nan 
142.875, 83.875, 1.6938128163725113e-21, nan 
143.125, 83.875, 1.300659658481795e-21, nan 
143.375, 83.875, 1.2390148321099952e-21, nan 
143.625, 83.875, 1.1703713168302011e-21, nan 
143.875, 83.875, 1.3809229374261755e-21, nan 
144.125, 83.875, 1.581008276834266e-21, nan 
144.375, 83.875, 1.5026422682261996e-21, nan 
144.625, 83.875, 1.4166005435957083e-21, nan 
144.875, 83.875, 1.192842359612197e-21, nan 
145.125, 83.875, 1.1337779724331501e-21, nan 
145.375, 83.875, 9.792324976915855e-22, nan 
145.625, 83.875, 8.65381064260544e-22, nan 
145.875, 83.875, 7.486422188742601e-22, nan 
146.125, 83.875, 5.132052889511413e-22, nan 
146.375, 83.875, 4.756625788059273e-22, nan 
146.625, 83.875, 4.330020852895784e-22, nan 
146.875, 83.875, 4.6126500040462925e-22, nan 
147.125, 83.875, 4.298067537100238e-22, nan 
147.375, 83.875, 4.385002520616128e-22, nan 
147.625, 83.875, 3.707098826363161e-22, nan 
147.875, 83.875, 3.7160266870856896e-22, nan 
148.125, 83.875, 5.625914262024959e-22, nan 
148.375, 83.875, 6.252176145233379e-22, nan 
148.625, 83.875, 6.426617924309458e-22, nan 
148.875, 83.875, 7.686717205675687e-22, nan 
149.125, 83.875, 9.384216670108986e-22, nan 
149.375, 83.875, 1.0533490523546e-21, nan 
149.625, 83.875, 8.820457107686154e-22, nan 
149.875, 83.875, 8.260795626905243e-22, nan 
150.125, 83.875, 9.57212739585996e-22, nan 
150.375, 83.875, 1.0640832949902948e-21, nan 
150.625, 83.875, 1.1343744575612186e-21, nan 
150.875, 83.875, 1.1909206181866917e-21, nan 
151.125, 83.875, 1.3006895708025023e-21, nan 
151.375, 83.875, 1.5297680533975441e-21, nan 
151.625, 83.875, 1.7259411673484107e-21, nan 
151.875, 83.875, 1.7127316967009273e-21, nan 
152.125, 83.875, 1.8029633036872722e-21, nan 
152.375, 83.875, 1.7676671214377493e-21, nan 
152.625, 83.875, 1.6724617808083112e-21, nan 
152.875, 83.875, 1.5921366131771235e-21, nan 
153.125, 83.875, 1.3966765898671156e-21, nan 
153.375, 83.875, 1.2523322316416818e-21, nan 
153.625, 83.875, 1.2729589210467402e-21, nan 
153.875, 83.875, 1.2401458550619784e-21, nan 
154.125, 83.875, 1.2524336254396564e-21, nan 
154.375, 83.875, 1.3777492218267445e-21, nan 
154.625, 83.875, 1.44486177531667e-21, nan 
154.875, 83.875, 1.7431961535146242e-21, nan 
155.125, 83.875, 1.6767535290427212e-21, nan 
155.375, 83.875, 1.884447125647356e-21, nan 
155.625, 83.875, 2.0677093322533484e-21, nan 
155.875, 83.875, 2.5145465093968315e-21, nan 
156.125, 83.875, 3.2617254754033054e-21, nan 
156.375, 83.875, 3.710985443177089e-21, nan 
156.625, 83.875, 4.187919826631744e-21, nan 
156.875, 83.875, 4.4830187616924194e-21, nan 
157.125, 83.875, 4.6933510153368845e-21, nan 
157.375, 83.875, 6.389641228407266e-21, nan 
157.625, 83.875, 7.948267204224298e-21, nan 
157.875, 83.875, 7.350382637890248e-21, nan 
158.125, 83.875, 6.946067221707893e-21, nan 
158.375, 83.875, 6.5863472653315284e-21, nan 
158.625, 83.875, 5.880201461521488e-21, nan 
158.875, 83.875, 5.07961788643327e-21, nan 
159.125, 83.875, 4.363920148679701e-21, nan 
159.375, 83.875, 4.316718129683037e-21, nan 
159.625, 83.875, 8.87588050358715e-21, nan 
159.875, 83.875, 1.1130170974080661e-20, nan 
160.125, 83.875, 1.1456565058860716e-20, nan 
160.375, 83.875, 1.0821096824418113e-20, nan 
160.625, 83.875, 1.1186577620750613e-20, nan 
160.875, 83.875, 1.0645387226588802e-20, nan 
161.125, 83.875, 8.913438845018422e-21, nan 
161.375, 83.875, 7.864825015483072e-21, nan 
161.625, 83.875, 6.98291166839217e-21, nan 
161.875, 83.875, 7.674265293201118e-21, nan 
162.125, 83.875, 8.650668708399289e-21, nan 
162.375, 83.875, 8.590403039127839e-21, nan 
162.625, 83.875, 8.095047243965236e-21, nan 
162.875, 83.875, 7.885246027391875e-21, nan 
163.125, 83.875, 7.542923587433737e-21, nan 
163.375, 83.875, 6.821316002918499e-21, nan 
163.625, 83.875, 6.5425377282718e-21, nan 
163.875, 83.875, 7.26149845788577e-21, nan 
164.125, 83.875, 7.951485500134684e-21, nan 
164.375, 83.875, 9.20771707068199e-21, nan 
164.625, 83.875, 8.641218058147699e-21, nan 
164.875, 83.875, 9.408877657507336e-21, nan 
165.125, 83.875, 9.193250783393008e-21, nan 
165.375, 83.875, 9.431786344551977e-21, nan 
165.625, 83.875, 9.11587632007944e-21, nan 
165.875, 83.875, 8.440343516341467e-21, nan 
166.125, 83.875, 9.254288553461915e-21, nan 
166.375, 83.875, 9.342878066763951e-21, nan 
166.625, 83.875, 9.570887601765401e-21, nan 
166.875, 83.875, 8.895012904226928e-21, nan 
167.125, 83.875, 1.0029953074532642e-20, nan 
167.375, 83.875, 1.0216642181324003e-20, nan 
167.625, 83.875, 1.0082728459015989e-20, nan 
167.875, 83.875, 1.0164887234737851e-20, nan 
168.125, 83.875, 9.662446257694875e-21, nan 
168.375, 83.875, 8.223541585609251e-21, nan 
168.625, 83.875, 7.375594106782042e-21, nan 
168.875, 83.875, 7.05104511632363e-21, nan 
169.125, 83.875, 7.529447000053689e-21, nan 
169.375, 83.875, 6.7610271366147404e-21, nan 
169.625, 83.875, 6.1129777164496635e-21, nan 
169.875, 83.875, 5.759298289794217e-21, nan 
170.125, 83.875, 4.3278318976617334e-21, nan 
170.375, 83.875, 2.9909311490688406e-21, nan 
170.625, 83.875, 2.6355946084255786e-21, nan 
170.875, 83.875, 2.9309319169387578e-21, nan 
171.125, 83.875, 2.257437817741992e-21, nan 
171.375, 83.875, 1.4589570858129842e-21, nan 
171.625, 83.875, 1.1823452343143927e-21, nan 
171.875, 83.875, 1.0794971457692966e-21, nan 
172.125, 83.875, 1.1135431971154042e-21, nan 
172.375, 83.875, 1.1618314107571751e-21, nan 
172.625, 83.875, 1.0600092625669123e-21, nan 
172.875, 83.875, 9.661177919731534e-22, nan 
173.125, 83.875, 1.0219028931598138e-21, nan 
173.375, 83.875, 1.0767614921851154e-21, nan 
173.625, 83.875, 8.81028373928861e-22, nan 
173.875, 83.875, 7.03961883209378e-22, nan 
174.125, 83.875, 7.388888320493954e-22, nan 
174.375, 83.875, 7.802852962499352e-22, nan 
174.625, 83.875, 8.24021750194518e-22, nan 
174.875, 83.875, 8.020568449324455e-22, nan 
175.125, 83.875, 7.656030041025307e-22, nan 
175.375, 83.875, 7.322304681736988e-22, nan 
175.625, 83.875, 7.642956631381596e-22, nan 
175.875, 83.875, 6.4591213224107525e-22, nan 
176.125, 83.875, 5.621452973069644e-22, nan 
176.375, 83.875, 5.925571339777486e-22, nan 
176.625, 83.875, 6.246393223066434e-22, nan 
176.875, 83.875, 6.249154515417155e-22, nan 
177.125, 83.875, 5.375955728908921e-22, nan 
177.375, 83.875, 5.667777219502321e-22, nan 
177.625, 83.875, 7.3274024407558355e-22, nan 
177.875, 83.875, 7.903697126490304e-22, nan 
178.125, 83.875, 7.329840545334397e-22, nan 
178.375, 83.875, 7.0233906002146385e-22, nan 
178.625, 83.875, 7.615236529301396e-22, nan 
178.875, 83.875, 8.448240560120846e-22, nan 
179.125, 83.875, 8.055741072374989e-22, nan 
179.375, 83.875, 7.401333966362247e-22, nan 
179.625, 83.875, 6.803464674276599e-22, nan 
179.875, 83.875, 6.340620425809657e-22, nan 
-179.875, 84.125, 1.1229590107239807e-21, nan 
-179.625, 84.125, 1.1939764481465946e-21, nan 
-179.375, 84.125, 1.0914283172644017e-21, nan 
-179.125, 84.125, 9.617750605399518e-22, nan 
-178.875, 84.125, 9.433363004601456e-22, nan 
-178.625, 84.125, 1.0315079631444822e-21, nan 
-178.375, 84.125, 1.235256273042529e-21, nan 
-178.125, 84.125, 1.3368512526924986e-21, nan 
-177.875, 84.125, 1.3860746320189882e-21, nan 
-177.625, 84.125, 1.3026167781528728e-21, nan 
-177.375, 84.125, 1.2996695440087268e-21, nan 
-177.125, 84.125, 1.2747981790936012e-21, nan 
-176.875, 84.125, 1.1747890947308484e-21, nan 
-176.625, 84.125, 1.1956226274326934e-21, nan 
-176.375, 84.125, 1.1698426729164865e-21, nan 
-176.125, 84.125, 1.092177314500473e-21, nan 
-175.875, 84.125, 1.1899729329034682e-21, nan 
-175.625, 84.125, 1.1937570698244344e-21, nan 
-175.375, 84.125, 1.1041568888710095e-21, nan 
-175.125, 84.125, 1.0795093465907274e-21, nan 
-174.875, 84.125, 1.080756457452857e-21, nan 
-174.625, 84.125, 1.0924421541679344e-21, nan 
-174.375, 84.125, 1.1272509257661114e-21, nan 
-174.125, 84.125, 1.1753549247307771e-21, nan 
-173.875, 84.125, 1.1997543416992357e-21, nan 
-173.625, 84.125, 1.2524116365848623e-21, nan 
-173.375, 84.125, 1.2163198616664228e-21, nan 
-173.125, 84.125, 1.0842004619183362e-21, nan 
-172.875, 84.125, 9.713760246092628e-22, nan 
-172.625, 84.125, 9.498613938285687e-22, nan 
-172.375, 84.125, 9.005255071265167e-22, nan 
-172.125, 84.125, 9.585027541752487e-22, nan 
-171.875, 84.125, 1.1766464828280375e-21, nan 
-171.625, 84.125, 1.3699670369014722e-21, nan 
-171.375, 84.125, 1.4483506404486575e-21, nan 
-171.125, 84.125, 1.4598540666560573e-21, nan 
-170.875, 84.125, 1.5879197347833993e-21, nan 
-170.625, 84.125, 1.4733805896705696e-21, nan 
-170.375, 84.125, 1.2765903075624073e-21, nan 
-170.125, 84.125, 1.442670403643991e-21, nan 
-169.875, 84.125, 1.6060914158594605e-21, nan 
-169.625, 84.125, 1.4188492292096596e-21, nan 
-169.375, 84.125, 1.438830678290212e-21, nan 
-169.125, 84.125, 1.5430471384815562e-21, nan 
-168.875, 84.125, 1.634972561081273e-21, nan 
-168.625, 84.125, 1.705861299643135e-21, nan 
-168.375, 84.125, 1.6269712266494944e-21, nan 
-168.125, 84.125, 1.436047452472287e-21, nan 
-167.875, 84.125, 1.4686459802780617e-21, nan 
-167.625, 84.125, 1.4625550890063311e-21, nan 
-167.375, 84.125, 1.336999730004185e-21, nan 
-167.125, 84.125, 1.305941605440504e-21, nan 
-166.875, 84.125, 1.3112591284856e-21, nan 
-166.625, 84.125, 1.264743519903962e-21, nan 
-166.375, 84.125, 1.2448678323387174e-21, nan 
-166.125, 84.125, 1.3223155168997622e-21, nan 
-165.875, 84.125, 1.1564967491407304e-21, nan 
-165.625, 84.125, 1.1207374203099529e-21, nan 
-165.375, 84.125, 1.0946834820030805e-21, nan 
-165.125, 84.125, 1.1850257719689095e-21, nan 
-164.875, 84.125, 1.173558624290531e-21, nan 
-164.625, 84.125, 1.0940495090727176e-21, nan 
-164.375, 84.125, 1.1794122573341395e-21, nan 
-164.125, 84.125, 1.30985807163773e-21, nan 
-163.875, 84.125, 1.3944367348698708e-21, nan 
-163.625, 84.125, 1.4709052348811312e-21, nan 
-163.375, 84.125, 1.5947538584676238e-21, nan 
-163.125, 84.125, 1.2524459222239578e-21, nan 
-162.875, 84.125, 8.113658656247518e-22, nan 
-162.625, 84.125, 8.46149689922221e-22, nan 
-162.375, 84.125, 8.093925050997597e-22, nan 
-162.125, 84.125, 8.68072635805356e-22, nan 
-161.875, 84.125, 1.1269012607066326e-21, nan 
-161.625, 84.125, 1.2556610588686704e-21, nan 
-161.375, 84.125, 1.2525451667426044e-21, nan 
-161.125, 84.125, 1.320339275491056e-21, nan 
-160.875, 84.125, 1.3163380400853645e-21, nan 
-160.625, 84.125, 1.1427517682787235e-21, nan 
-160.375, 84.125, 1.0699858071190414e-21, nan 
-160.125, 84.125, 1.0653921367666284e-21, nan 
-159.875, 84.125, 1.0944026733438863e-21, nan 
-159.625, 84.125, 1.1317406250384516e-21, nan 
-159.375, 84.125, 1.2102169181977726e-21, nan 
-159.125, 84.125, 1.5751007091834935e-21, nan 
-158.875, 84.125, 1.5272449822042667e-21, nan 
-158.625, 84.125, 1.4094868602210448e-21, nan 
-158.375, 84.125, 1.3679191643360235e-21, nan 
-158.125, 84.125, 1.512591118443555e-21, nan 
-157.875, 84.125, 1.6398574970101509e-21, nan 
-157.625, 84.125, 1.5120600751791754e-21, nan 
-157.375, 84.125, 1.4040436481496982e-21, nan 
-157.125, 84.125, 1.3305214423586103e-21, nan 
-156.875, 84.125, 1.2663010855535496e-21, nan 
-156.625, 84.125, 1.2110541292026701e-21, nan 
-156.375, 84.125, 1.1066218055216265e-21, nan 
-156.125, 84.125, 7.582034304257925e-22, nan 
-155.875, 84.125, 6.625278185618881e-22, nan 
-155.625, 84.125, 7.949752306933993e-22, nan 
-155.375, 84.125, 8.040236327583361e-22, nan 
-155.125, 84.125, 7.662978960626966e-22, nan 
-154.875, 84.125, 8.606048722151944e-22, nan 
-154.625, 84.125, 1.0285522354223545e-21, nan 
-154.375, 84.125, 9.600923783111608e-22, nan 
-154.125, 84.125, 9.142710436137776e-22, nan 
-153.875, 84.125, 9.210036934848958e-22, nan 
-153.625, 84.125, 9.110840331564843e-22, nan 
-153.375, 84.125, 9.80223561925404e-22, nan 
-153.125, 84.125, 8.950804918531818e-22, nan 
-152.875, 84.125, 1.1181842429936011e-21, nan 
-152.625, 84.125, 1.3656786812258855e-21, nan 
-152.375, 84.125, 1.681443150351378e-21, nan 
-152.125, 84.125, 1.704886767761162e-21, nan 
-151.875, 84.125, 1.8423291001264107e-21, nan 
-151.625, 84.125, 1.8346761547736775e-21, nan 
-151.375, 84.125, 1.6006799702295725e-21, nan 
-151.125, 84.125, 1.294396898834126e-21, nan 
-150.875, 84.125, 1.0829613547649327e-21, nan 
-150.625, 84.125, 1.2773623637909473e-21, nan 
-150.375, 84.125, 9.830765794568721e-22, nan 
-150.125, 84.125, 8.53936134008524e-22, nan 
-149.875, 84.125, 8.104161618804455e-22, nan 
-149.625, 84.125, 7.504704949115372e-22, nan 
-149.375, 84.125, 6.804800863811047e-22, nan 
-149.125, 84.125, 5.671419276382961e-22, nan 
-148.875, 84.125, 9.714613094534453e-22, nan 
-148.625, 84.125, 4.380565703927372e-22, nan 
-148.375, 84.125, 4.387397543323231e-22, nan 
-148.125, 84.125, 5.024986462175347e-22, nan 
-147.875, 84.125, 4.577041644346428e-22, nan 
-147.625, 84.125, 3.962182973650042e-22, nan 
-147.375, 84.125, 3.6893027684152453e-22, nan 
-147.125, 84.125, 3.391347673582861e-22, nan 
-146.875, 84.125, 2.381414278193372e-22, nan 
-146.625, 84.125, 1.695086568532549e-22, nan 
-146.375, 84.125, 1.8431884987342147e-22, nan 
-146.125, 84.125, 2.294176351529057e-22, nan 
-145.875, 84.125, 2.896013852231542e-22, nan 
-145.625, 84.125, 3.005818427716682e-22, nan 
-145.375, 84.125, 3.7500648258366948e-22, nan 
-145.125, 84.125, 4.586272925231447e-22, nan 
-144.875, 84.125, 5.267758770871197e-22, nan 
-144.625, 84.125, 4.5705780751024475e-22, nan 
-144.375, 84.125, 3.0991379516745366e-22, nan 
-144.125, 84.125, 3.0172667720022257e-22, nan 
-143.875, 84.125, 4.357133394739997e-22, nan 
-143.625, 84.125, 4.575468211793364e-22, nan 
-143.375, 84.125, 5.058311962685745e-22, nan 
-143.125, 84.125, 4.8699129342623e-22, nan 
-142.875, 84.125, 5.178024708178059e-22, nan 
-142.625, 84.125, 5.068907497147416e-22, nan 
-142.375, 84.125, 5.845066478099378e-22, nan 
-142.125, 84.125, 7.111982289911103e-22, nan 
-141.875, 84.125, 7.076679251334038e-22, nan 
-141.625, 84.125, 4.450480596373594e-22, nan 
-141.375, 84.125, 4.254158206176327e-22, nan 
-141.125, 84.125, 6.0302606259100185e-22, nan 
-140.875, 84.125, 6.9101791769528725e-22, nan 
-140.625, 84.125, 5.610650862879905e-22, nan 
-140.375, 84.125, 7.3654444693053745e-22, nan 
-140.125, 84.125, 1.1061921718719449e-21, nan 
-139.875, 84.125, 1.206836643627225e-21, nan 
-139.625, 84.125, 1.4394508040948968e-21, nan 
-139.375, 84.125, 1.0303708308145683e-21, nan 
-139.125, 84.125, 7.416892373561183e-22, nan 
-138.875, 84.125, 7.0279251428709085e-22, nan 
-138.625, 84.125, 8.418339343341743e-22, nan 
-138.375, 84.125, 7.802616705471825e-22, nan 
-138.125, 84.125, 7.104917348268744e-22, nan 
-137.875, 84.125, 7.508605590465569e-22, nan 
-137.625, 84.125, 7.5510803844093745e-22, nan 
-137.375, 84.125, 7.040206952395677e-22, nan 
-137.125, 84.125, 1.1045138115916014e-21, nan 
-136.875, 84.125, 1.6856152457811856e-21, nan 
-136.625, 84.125, 2.7198237712822477e-21, nan 
-136.375, 84.125, 2.9000330279499557e-21, nan 
-136.125, 84.125, 3.12634967179234e-21, nan 
-135.875, 84.125, 3.1875674958868446e-21, nan 
-135.625, 84.125, 3.481455248011591e-21, nan 
-135.375, 84.125, 3.2526456512932985e-21, nan 
-135.125, 84.125, 3.970189415739778e-21, nan 
-134.875, 84.125, 4.179853247606957e-21, nan 
-134.625, 84.125, 4.456496232613139e-21, nan 
-134.375, 84.125, 4.508216681746195e-21, nan 
-134.125, 84.125, 4.637874597713661e-21, nan 
-133.875, 84.125, 4.526112504978418e-21, nan 
-133.625, 84.125, 4.346172688227179e-21, nan 
-133.375, 84.125, 4.249806061519052e-21, nan 
-133.125, 84.125, 4.160279657963051e-21, nan 
-132.875, 84.125, 4.1265487711526655e-21, nan 
-132.625, 84.125, 3.71429983190969e-21, nan 
-132.375, 84.125, 3.425609240478371e-21, nan 
-132.125, 84.125, 3.405086199427553e-21, nan 
-131.875, 84.125, 3.777168526028866e-21, nan 
-131.625, 84.125, 4.116069384280452e-21, nan 
-131.375, 84.125, 4.128301577673161e-21, nan 
-131.125, 84.125, 4.0012232568906475e-21, nan 
-130.875, 84.125, 4.009400756616907e-21, nan 
-130.625, 84.125, 3.964046764520153e-21, nan 
-130.375, 84.125, 3.759188180967813e-21, nan 
-130.125, 84.125, 3.474564872635641e-21, nan 
-129.875, 84.125, 3.229689203131434e-21, nan 
-129.625, 84.125, 4.067925312014579e-21, nan 
-129.375, 84.125, 4.393964904541374e-21, nan 
-129.125, 84.125, 4.104620134557978e-21, nan 
-128.875, 84.125, 3.300782145810379e-21, nan 
-128.625, 84.125, 2.236330348257288e-21, nan 
-128.375, 84.125, 2.5294246742030226e-21, nan 
-128.125, 84.125, 2.483741440505828e-21, nan 
-127.875, 84.125, 2.3658664771443012e-21, nan 
-127.625, 84.125, 2.2873932614851256e-21, nan 
-127.375, 84.125, 3.83579491676002e-21, nan 
-127.125, 84.125, 4.6753907943008765e-21, nan 
-126.875, 84.125, 4.281990787065213e-21, nan 
-126.625, 84.125, 2.904264178338958e-21, nan 
-126.375, 84.125, 2.2397082431466533e-21, nan 
-126.125, 84.125, 2.3514914804071464e-21, nan 
-125.875, 84.125, 2.4928356064791035e-21, nan 
-125.625, 84.125, 2.4679257894711782e-21, nan 
-125.375, 84.125, 2.427154832038892e-21, nan 
-125.125, 84.125, 2.985172004378083e-21, nan 
-124.875, 84.125, 2.5437319138422144e-21, nan 
-124.625, 84.125, 2.36892703010116e-21, nan 
-124.375, 84.125, 1.6394888224324855e-21, nan 
-124.125, 84.125, 6.824627010043457e-22, nan 
-123.875, 84.125, 7.543158198692828e-22, nan 
-123.625, 84.125, 7.956715255110464e-22, nan 
-123.375, 84.125, 2.0530814238277056e-21, nan 
-123.125, 84.125, 9.039196855677183e-22, nan 
-122.875, 84.125, 5.362192133279405e-22, nan 
-122.625, 84.125, 5.030274700088019e-22, nan 
-122.375, 84.125, 4.5029475890100695e-22, nan 
-122.125, 84.125, 4.736713353242866e-22, nan 
-121.875, 84.125, 5.471908986104324e-22, nan 
-121.625, 84.125, 6.84224948907178e-22, nan 
-121.375, 84.125, 7.830342450429555e-22, nan 
-121.125, 84.125, 7.129439854971612e-22, nan 
-120.875, 84.125, 6.725984240610235e-22, nan 
-120.625, 84.125, 6.673007074730175e-22, nan 
-120.375, 84.125, 6.657200747661697e-22, nan 
-120.125, 84.125, 5.858350045559603e-22, nan 
-119.875, 84.125, 4.4570601447650655e-22, nan 
-119.625, 84.125, 4.674582214001666e-22, nan 
-119.375, 84.125, 5.523211804894919e-22, nan 
-119.125, 84.125, 6.228734926609682e-22, nan 
-118.875, 84.125, 6.480298277172592e-22, nan 
-118.625, 84.125, 7.216793586187359e-22, nan 
-118.375, 84.125, 6.568404240506468e-22, nan 
-118.125, 84.125, 6.184765796861839e-22, nan 
-117.875, 84.125, 6.137893001394533e-22, nan 
-117.625, 84.125, 6.124492652800031e-22, nan 
-117.375, 84.125, 6.209041391953962e-22, nan 
-117.125, 84.125, 5.681117963638114e-22, nan 
-116.875, 84.125, 5.384684936407303e-22, nan 
-116.625, 84.125, 6.333076653062519e-22, nan 
-116.375, 84.125, 5.680396558911145e-22, nan 
-116.125, 84.125, 5.4689823232641395e-22, nan 
-115.875, 84.125, 6.415873130496111e-22, nan 
-115.625, 84.125, 8.863357164798318e-22, nan 
-115.375, 84.125, 1.1116383938181404e-21, nan 
-115.125, 84.125, 1.2464624664832229e-21, nan 
-114.875, 84.125, 1.2447315317528975e-21, nan 
-114.625, 84.125, 9.867825213314795e-22, nan 
-114.375, 84.125, 7.805049228790935e-22, nan 
-114.125, 84.125, 6.118653788639482e-22, nan 
-113.875, 84.125, 5.100777570908072e-22, nan 
-113.625, 84.125, 4.1151613441551233e-22, nan 
-113.375, 84.125, 4.566949883885521e-22, nan 
-113.125, 84.125, 5.135091236241991e-22, nan 
-112.875, 84.125, 5.341688480194768e-22, nan 
-112.625, 84.125, 5.5521883132124085e-22, nan 
-112.375, 84.125, 5.576505575444065e-22, nan 
-112.125, 84.125, 5.947943500509088e-22, nan 
-111.875, 84.125, 4.517848828813512e-22, nan 
-111.625, 84.125, 4.079146200451732e-22, nan 
-111.375, 84.125, 2.852465425456199e-22, nan 
-111.125, 84.125, 2.553793445956892e-22, nan 
-110.875, 84.125, 3.344211956690533e-22, nan 
-110.625, 84.125, 3.70597499549073e-22, nan 
-110.375, 84.125, 5.184885189632238e-22, nan 
-110.125, 84.125, 5.298281985325918e-22, nan 
-109.875, 84.125, 5.759585153405591e-22, nan 
-109.625, 84.125, 4.948137136607129e-22, nan 
-109.375, 84.125, 4.114552904109693e-22, nan 
-109.125, 84.125, 3.990290839887078e-22, nan 
-108.875, 84.125, 3.757556117349203e-22, nan 
-108.625, 84.125, 4.1174372242164304e-22, nan 
-108.375, 84.125, 4.129145814465286e-22, nan 
-108.125, 84.125, 4.150271413538264e-22, nan 
-107.875, 84.125, 3.3746849045245663e-22, nan 
-107.625, 84.125, 1.8514447293347642e-22, nan 
-107.375, 84.125, 2.8356527359247867e-22, nan 
-107.125, 84.125, 2.0057484768113642e-22, nan 
-106.875, 84.125, 2.300186939986425e-22, nan 
-106.625, 84.125, 3.258307772281282e-22, nan 
-106.375, 84.125, 4.0872722904995515e-22, nan 
-106.125, 84.125, 3.514737348010854e-22, nan 
-105.875, 84.125, 3.7143601848863175e-22, nan 
-105.625, 84.125, 3.289983856266471e-22, nan 
-105.375, 84.125, 4.141974021340399e-22, nan 
-105.125, 84.125, 5.123651274445444e-22, nan 
-104.875, 84.125, 3.2883456108511775e-22, nan 
-104.625, 84.125, 4.364979676304951e-22, nan 
-104.375, 84.125, 6.154232614933223e-22, nan 
-104.125, 84.125, 7.827891885889132e-22, nan 
-103.875, 84.125, 7.959468244100095e-22, nan 
-103.625, 84.125, 8.759768829824609e-22, nan 
-103.375, 84.125, 9.241922715237951e-22, nan 
-103.125, 84.125, 1.0436327540856216e-21, nan 
-102.875, 84.125, 1.2208259582880609e-21, nan 
-102.625, 84.125, 1.3485665198584147e-21, nan 
-102.375, 84.125, 1.4694213568518801e-21, nan 
-102.125, 84.125, 1.6381623738596864e-21, nan 
-101.875, 84.125, 1.6980006741896715e-21, nan 
-101.625, 84.125, 1.814360009230083e-21, nan 
-101.375, 84.125, 1.791911732982668e-21, nan 
-101.125, 84.125, 1.6821862185227532e-21, nan 
-100.875, 84.125, 1.2113728452047611e-21, nan 
-100.625, 84.125, 1.0759060551462039e-21, nan 
-100.375, 84.125, 9.368770427251728e-22, nan 
-100.125, 84.125, 1.1294892596235685e-21, nan 
-99.875, 84.125, 1.3171604354629684e-21, nan 
-99.625, 84.125, 1.2983169194191243e-21, nan 
-99.375, 84.125, 1.333862882703998e-21, nan 
-99.125, 84.125, 1.3626189022215072e-21, nan 
-98.875, 84.125, 1.2527426676705302e-21, nan 
-98.625, 84.125, 1.0231013583916441e-21, nan 
-98.375, 84.125, 9.474760845103454e-22, nan 
-98.125, 84.125, 7.115580166923403e-22, nan 
-97.875, 84.125, 4.99913838659482e-22, nan 
-97.625, 84.125, 3.8683461318390233e-22, nan 
-97.375, 84.125, 3.922836654013846e-22, nan 
-97.125, 84.125, 4.762877524872883e-22, nan 
-96.875, 84.125, 5.355729535808828e-22, nan 
-96.625, 84.125, 4.965077064697613e-22, nan 
-96.375, 84.125, 4.494709415150238e-22, nan 
-96.125, 84.125, 4.41739542969382e-22, nan 
-95.875, 84.125, 4.539119103983293e-22, nan 
-95.625, 84.125, 4.664078236319073e-22, nan 
-95.375, 84.125, 4.937283843459233e-22, nan 
-95.125, 84.125, 5.097305258039452e-22, nan 
-94.875, 84.125, 5.216168487495582e-22, nan 
-94.625, 84.125, 5.173228727279822e-22, nan 
-94.375, 84.125, 5.043713269014292e-22, nan 
-94.125, 84.125, 4.843035189329995e-22, nan 
-93.875, 84.125, 4.303543417023694e-22, nan 
-93.625, 84.125, 4.320818704675364e-22, nan 
-93.375, 84.125, 4.260468162563547e-22, nan 
-93.125, 84.125, 4.299029629730694e-22, nan 
-92.875, 84.125, 4.364790451360828e-22, nan 
-92.625, 84.125, 4.40242715302025e-22, nan 
-92.375, 84.125, 4.2316984900768756e-22, nan 
-92.125, 84.125, 2.2855872049329497e-22, nan 
-91.875, 84.125, 2.1059027926845737e-22, nan 
-91.625, 84.125, 1.5090639835741132e-22, nan 
-91.375, 84.125, 1.1400273641105286e-22, nan 
-91.125, 84.125, 1.0227753293026563e-22, nan 
-90.875, 84.125, 9.332779574148417e-23, nan 
-90.625, 84.125, 1.0627163260161876e-22, nan 
-90.375, 84.125, 1.1395231214175003e-22, nan 
-90.125, 84.125, 1.2749682867905813e-22, nan 
-89.875, 84.125, 1.3963504042551248e-22, nan 
-89.625, 84.125, 1.6819518137955483e-22, nan 
-89.375, 84.125, 1.8322712036876897e-22, nan 
-89.125, 84.125, 2.062898625737161e-22, nan 
-88.875, 84.125, 2.377829099249708e-22, nan 
-88.625, 84.125, 2.48344434345775e-22, nan 
-88.375, 84.125, 2.7261116957861895e-22, nan 
-88.125, 84.125, 2.8914274712315504e-22, nan 
-87.875, 84.125, 2.9361413024795643e-22, nan 
-87.625, 84.125, 3.029658008257355e-22, nan 
-87.375, 84.125, 3.0248142649916533e-22, nan 
-87.125, 84.125, 3.047844052940017e-22, nan 
-86.875, 84.125, 3.0452990130953857e-22, nan 
-86.625, 84.125, 3.4861869417094725e-22, nan 
-86.375, 84.125, 3.92035136299489e-22, nan 
-86.125, 84.125, 4.15212144709475e-22, nan 
-85.875, 84.125, 4.389075877539651e-22, nan 
-85.625, 84.125, 4.444409453693813e-22, nan 
-85.375, 84.125, 4.498448130222585e-22, nan 
-85.125, 84.125, 4.359043566118975e-22, nan 
-84.875, 84.125, 3.4211484038554716e-22, nan 
-84.625, 84.125, 3.4993466127093187e-22, nan 
-84.375, 84.125, 4.086230619854983e-22, nan 
-84.125, 84.125, 3.929007723280136e-22, nan 
-83.875, 84.125, 3.4304555804938554e-22, nan 
-83.625, 84.125, 3.1052494885840675e-22, nan 
-83.375, 84.125, 2.4057073089769395e-22, nan 
-83.125, 84.125, 2.216398903149034e-22, nan 
-82.875, 84.125, 2.317161970697295e-22, nan 
-82.625, 84.125, 2.6013635853354777e-22, nan 
-82.375, 84.125, 2.4833538426671833e-22, nan 
-82.125, 84.125, 1.7996919852421452e-22, nan 
-81.875, 84.125, 2.266432174356329e-22, nan 
-81.625, 84.125, 2.066836248462182e-22, nan 
-81.375, 84.125, 1.4780776465137133e-22, nan 
-81.125, 84.125, 1.2872624139309683e-22, nan 
-80.875, 84.125, 1.2000497840651596e-22, nan 
-80.625, 84.125, 1.2927559574051175e-22, nan 
-80.375, 84.125, 1.2294493206403873e-22, nan 
-80.125, 84.125, 1.516754719041252e-22, nan 
-79.875, 84.125, 1.8903997832593167e-22, nan 
-79.625, 84.125, 1.6478714103608604e-22, nan 
-79.375, 84.125, 1.4705264042950175e-22, nan 
-79.125, 84.125, 1.3536604811468588e-22, nan 
-78.875, 84.125, 1.4954029106672122e-22, nan 
-78.625, 84.125, 1.6455859722570847e-22, nan 
-78.375, 84.125, 1.7713516817994518e-22, nan 
-78.125, 84.125, 1.7088217391422746e-22, nan 
-77.875, 84.125, 1.6124805433856096e-22, nan 
-77.625, 84.125, 1.8914586566773617e-22, nan 
-77.375, 84.125, 1.9680366693744824e-22, nan 
-77.125, 84.125, 1.6868009573799262e-22, nan 
-76.875, 84.125, 1.5735356130946447e-22, nan 
-76.625, 84.125, 1.78683296268078e-22, nan 
-76.375, 84.125, 1.9333087290160507e-22, nan 
-76.125, 84.125, 1.9888796092401267e-22, nan 
-75.875, 84.125, 2.0946629297968702e-22, nan 
-75.625, 84.125, 2.241981230683707e-22, nan 
-75.375, 84.125, 2.5068037373220903e-22, nan 
-75.125, 84.125, 2.8419088153445927e-22, nan 
-74.875, 84.125, 2.604939174654163e-22, nan 
-74.625, 84.125, 3.012378297280169e-22, nan 
46.625, 84.125, 3.879426824414932e-23, nan 
46.875, 84.125, 4.03498830129568e-23, nan 
47.125, 84.125, 4.182000371657819e-23, nan 
47.375, 84.125, 4.2072011545557745e-23, nan 
47.625, 84.125, 4.230537166590714e-23, nan 
47.875, 84.125, 4.3048169623535117e-23, nan 
48.125, 84.125, 4.7319679911621006e-23, nan 
48.375, 84.125, 4.6911429135928656e-23, nan 
48.625, 84.125, 4.689397059331281e-23, nan 
48.875, 84.125, 4.4552453848421154e-23, nan 
49.125, 84.125, 4.4638403225871356e-23, nan 
49.375, 84.125, 4.5481163720117906e-23, nan 
49.625, 84.125, 4.6861944804926314e-23, nan 
49.875, 84.125, 4.841729168984268e-23, nan 
50.125, 84.125, 5.154458615605548e-23, nan 
50.375, 84.125, 5.365514291831719e-23, nan 
50.625, 84.125, 4.88780738789827e-23, nan 
50.875, 84.125, 4.836650329562054e-23, nan 
51.125, 84.125, 4.713655998175117e-23, nan 
51.375, 84.125, 5.175311859183745e-23, nan 
51.625, 84.125, 5.618879716119143e-23, nan 
51.875, 84.125, 5.491369370556282e-23, nan 
52.125, 84.125, 5.518313987299006e-23, nan 
52.375, 84.125, 6.02443766090316e-23, nan 
52.625, 84.125, 6.129900342692002e-23, nan 
52.875, 84.125, 6.332481359406011e-23, nan 
53.125, 84.125, 6.62949656831673e-23, nan 
53.375, 84.125, 7.29299860134881e-23, nan 
53.625, 84.125, 7.677080964211308e-23, nan 
53.875, 84.125, 8.002981698874369e-23, nan 
54.125, 84.125, 8.693411878066226e-23, nan 
54.375, 84.125, 8.464494165360696e-23, nan 
54.625, 84.125, 9.327365107832075e-23, nan 
54.875, 84.125, 9.660013047566632e-23, nan 
55.125, 84.125, 1.069295772238777e-22, nan 
55.375, 84.125, 1.2870949987865658e-22, nan 
55.625, 84.125, 1.2721445340327318e-22, nan 
55.875, 84.125, 1.124101438504193e-22, nan 
56.125, 84.125, 1.2804706751663628e-22, nan 
56.375, 84.125, 1.7431625099843634e-22, nan 
56.625, 84.125, 1.9129491888029153e-22, nan 
56.875, 84.125, 1.8876121372308855e-22, nan 
57.125, 84.125, 1.932223795869373e-22, nan 
57.375, 84.125, 1.994880844270835e-22, nan 
57.625, 84.125, 2.0218448781249572e-22, nan 
57.875, 84.125, 2.110323791802474e-22, nan 
58.125, 84.125, 2.1454923969163866e-22, nan 
58.375, 84.125, 2.1948069121061164e-22, nan 
58.625, 84.125, 2.256153690613973e-22, nan 
58.875, 84.125, 2.3571073916084593e-22, nan 
59.125, 84.125, 2.4531418727261867e-22, nan 
59.375, 84.125, 2.447989499406356e-22, nan 
59.625, 84.125, 2.6212738558151314e-22, nan 
59.875, 84.125, 2.5741228525223617e-22, nan 
60.125, 84.125, 2.9672687413664053e-22, nan 
60.375, 84.125, 2.972493410530952e-22, nan 
60.625, 84.125, 2.991345853865079e-22, nan 
60.875, 84.125, 3.0972850304817144e-22, nan 
61.125, 84.125, 3.195694521297546e-22, nan 
61.375, 84.125, 3.2402946789852834e-22, nan 
61.625, 84.125, 3.363598417640441e-22, nan 
61.875, 84.125, 3.567816931676441e-22, nan 
62.125, 84.125, 3.765150205586855e-22, nan 
62.375, 84.125, 3.6729787322095114e-22, nan 
62.625, 84.125, 3.711095710289578e-22, nan 
62.875, 84.125, 3.739692518650792e-22, nan 
63.125, 84.125, 3.6515381031622737e-22, nan 
63.375, 84.125, 2.948815113476537e-22, nan 
63.625, 84.125, 2.725201825857717e-22, nan 
63.875, 84.125, 2.786533704908179e-22, nan 
64.125, 84.125, 1.9011883518256018e-22, nan 
64.375, 84.125, 1.242147577786129e-22, nan 
64.625, 84.125, 1.6718679745831216e-22, nan 
64.875, 84.125, 2.0147682948881414e-22, nan 
65.125, 84.125, 1.2531744029155724e-22, nan 
65.375, 84.125, 1.2758128351027102e-22, nan 
65.625, 84.125, 1.404211644634734e-22, nan 
65.875, 84.125, 1.3878268066352618e-22, nan 
66.125, 84.125, 1.4199498866110388e-22, nan 
66.375, 84.125, 1.5084646142462064e-22, nan 
66.625, 84.125, 1.5689392753486903e-22, nan 
66.875, 84.125, 2.502455376630492e-22, nan 
67.125, 84.125, 1.9079691475037382e-22, nan 
67.375, 84.125, 1.695034163397952e-22, nan 
67.625, 84.125, 1.9542200225864533e-22, nan 
67.875, 84.125, 2.4680702945097687e-22, nan 
68.125, 84.125, 2.356530659250906e-22, nan 
68.375, 84.125, 2.384291833819181e-22, nan 
68.625, 84.125, 2.633487167685895e-22, nan 
68.875, 84.125, 1.728831361910417e-22, nan 
69.125, 84.125, 1.693724865210083e-22, nan 
69.375, 84.125, 1.4707137288910915e-22, nan 
69.625, 84.125, 2.348399339025414e-22, nan 
69.875, 84.125, 1.7428596855850561e-22, nan 
70.125, 84.125, 1.7579553246911458e-22, nan 
70.375, 84.125, 1.81266313160411e-22, nan 
70.625, 84.125, 1.7859761091225667e-22, nan 
70.875, 84.125, 2.0159765214204718e-22, nan 
71.125, 84.125, 1.7932658744035022e-22, nan 
71.375, 84.125, 1.8928422782671418e-22, nan 
71.625, 84.125, 1.909015860028133e-22, nan 
71.875, 84.125, 2.1877215230350885e-22, nan 
72.125, 84.125, 1.9341955214914825e-22, nan 
72.375, 84.125, 1.9342049129916485e-22, nan 
72.625, 84.125, 1.9907238566628104e-22, nan 
72.875, 84.125, 2.0160876455250493e-22, nan 
73.125, 84.125, 1.9544065618743675e-22, nan 
73.375, 84.125, 1.9311240124840846e-22, nan 
73.625, 84.125, 2.0197214544731913e-22, nan 
73.875, 84.125, 2.0191878676804286e-22, nan 
74.125, 84.125, 2.0009924960558465e-22, nan 
74.375, 84.125, 2.0627158006741984e-22, nan 
74.625, 84.125, 2.1237633163921016e-22, nan 
74.875, 84.125, 2.0711997585078978e-22, nan 
75.125, 84.125, 2.1730145444748623e-22, nan 
75.375, 84.125, 2.2011872807974804e-22, nan 
75.625, 84.125, 2.311209195890874e-22, nan 
75.875, 84.125, 2.3527813884528357e-22, nan 
76.125, 84.125, 2.1537383006381124e-22, nan 
76.375, 84.125, 2.0130757686403755e-22, nan 
76.625, 84.125, 2.1527723339119466e-22, nan 
76.875, 84.125, 2.0634505264889494e-22, nan 
77.125, 84.125, 1.913078677164051e-22, nan 
77.375, 84.125, 1.8413013958081817e-22, nan 
77.625, 84.125, 1.894621476155404e-22, nan 
77.875, 84.125, 1.8443006796948097e-22, nan 
78.125, 84.125, 1.6455479375656842e-22, nan 
78.375, 84.125, 1.7038835316435063e-22, nan 
78.625, 84.125, 1.7876726249593657e-22, nan 
78.875, 84.125, 2.061497796873078e-22, nan 
79.125, 84.125, 1.9411799664439192e-22, nan 
79.375, 84.125, 1.7109761279605156e-22, nan 
79.625, 84.125, 1.7755815073633256e-22, nan 
79.875, 84.125, 2.339099777643044e-22, nan 
80.125, 84.125, 2.4983046116658065e-22, nan 
80.375, 84.125, 1.6851730119671007e-22, nan 
80.625, 84.125, 1.6706418220693952e-22, nan 
80.875, 84.125, 1.6651045795924873e-22, nan 
81.125, 84.125, 1.7376635820424727e-22, nan 
81.375, 84.125, 1.8204919610168133e-22, nan 
81.625, 84.125, 1.776495220892068e-22, nan 
81.875, 84.125, 1.6126360320621058e-22, nan 
82.125, 84.125, 1.7258298080371403e-22, nan 
82.375, 84.125, 1.9636293931729959e-22, nan 
82.625, 84.125, 1.803147281140496e-22, nan 
82.875, 84.125, 1.4595715370647602e-22, nan 
83.125, 84.125, 1.3526780798712002e-22, nan 
83.375, 84.125, 1.6422306805390727e-22, nan 
83.625, 84.125, 1.9198170642008064e-22, nan 
83.875, 84.125, 2.1566352608000633e-22, nan 
84.125, 84.125, 2.2112101239179836e-22, nan 
84.375, 84.125, 2.1220451709478685e-22, nan 
84.625, 84.125, 2.0535103923208876e-22, nan 
84.875, 84.125, 2.1944938782074154e-22, nan 
85.125, 84.125, 2.1055229776026867e-22, nan 
85.375, 84.125, 2.341036537745313e-22, nan 
85.625, 84.125, 2.6298372043389867e-22, nan 
85.875, 84.125, 2.8973631492605995e-22, nan 
86.125, 84.125, 2.804766018287124e-22, nan 
86.375, 84.125, 3.205731584165991e-22, nan 
86.625, 84.125, 3.798998213061281e-22, nan 
86.875, 84.125, 4.136792012618281e-22, nan 
87.125, 84.125, 4.300671327158764e-22, nan 
87.375, 84.125, 4.1773142230474904e-22, nan 
87.625, 84.125, 4.410789183176767e-22, nan 
87.875, 84.125, 4.440384757759392e-22, nan 
88.125, 84.125, 4.618625787517371e-22, nan 
88.375, 84.125, 3.9276405454687253e-22, nan 
88.625, 84.125, 3.445805726268026e-22, nan 
88.875, 84.125, 3.3462622456277126e-22, nan 
89.125, 84.125, 3.233041062939631e-22, nan 
89.375, 84.125, 3.031158779790904e-22, nan 
89.625, 84.125, 2.8797076570047417e-22, nan 
89.875, 84.125, 2.980515081873536e-22, nan 
90.125, 84.125, 3.302294446390936e-22, nan 
90.375, 84.125, 3.4021748365354434e-22, nan 
90.625, 84.125, 2.4400033940335552e-22, nan 
90.875, 84.125, 2.1142159988682184e-22, nan 
91.125, 84.125, 2.313308917270329e-22, nan 
91.375, 84.125, 2.2909510977015153e-22, nan 
91.625, 84.125, 2.1188875265587594e-22, nan 
91.875, 84.125, 2.1111709605599797e-22, nan 
92.125, 84.125, 2.29693441992861e-22, nan 
92.375, 84.125, 2.4697175617619253e-22, nan 
92.625, 84.125, 2.688659737588388e-22, nan 
92.875, 84.125, 2.3731583192287794e-22, nan 
93.125, 84.125, 2.2629242188748716e-22, nan 
93.375, 84.125, 2.319532620862528e-22, nan 
93.625, 84.125, 2.364744911777713e-22, nan 
93.875, 84.125, 2.262878485693351e-22, nan 
94.125, 84.125, 2.33422141451902e-22, nan 
94.375, 84.125, 2.398619920294512e-22, nan 
94.625, 84.125, 2.232409733976375e-22, nan 
94.875, 84.125, 2.4463372362395633e-22, nan 
95.125, 84.125, 2.831966430187285e-22, nan 
95.375, 84.125, 2.586300796586998e-22, nan 
95.625, 84.125, 2.9042108206565656e-22, nan 
95.875, 84.125, 3.8780852999481213e-22, nan 
96.125, 84.125, 3.793372918311928e-22, nan 
96.375, 84.125, 3.5081205593326315e-22, nan 
96.625, 84.125, 2.9405217862968306e-22, nan 
96.875, 84.125, 4.065458286955874e-22, nan 
97.125, 84.125, 5.213736806581076e-22, nan 
97.375, 84.125, 5.8530932955869e-22, nan 
97.625, 84.125, 4.704309084667821e-22, nan 
97.875, 84.125, 4.285291661862613e-22, nan 
98.125, 84.125, 6.702953896436481e-22, nan 
98.375, 84.125, 7.43749218638164e-22, nan 
98.625, 84.125, 5.333957474669083e-22, nan 
98.875, 84.125, 5.780586806671622e-22, nan 
99.125, 84.125, 7.203192555811744e-22, nan 
99.375, 84.125, 8.567002652663658e-22, nan 
99.625, 84.125, 8.615810317238666e-22, nan 
99.875, 84.125, 8.389947048973992e-22, nan 
100.125, 84.125, 8.308577197038047e-22, nan 
100.375, 84.125, 9.612302404729336e-22, nan 
100.625, 84.125, 1.2082124515676324e-21, nan 
100.875, 84.125, 1.0510991898861706e-21, nan 
101.125, 84.125, 1.0576000617924355e-21, nan 
101.375, 84.125, 1.0593132546718748e-21, nan 
101.625, 84.125, 1.3359315132195782e-21, nan 
101.875, 84.125, 1.3109726299734345e-21, nan 
102.125, 84.125, 1.210789216479705e-21, nan 
102.375, 84.125, 9.289811764390737e-22, nan 
102.625, 84.125, 1.0308818330195989e-21, nan 
102.875, 84.125, 9.74087243084418e-22, nan 
103.125, 84.125, 9.171638271684869e-22, nan 
103.375, 84.125, 8.822612761126614e-22, nan 
103.625, 84.125, 8.731102331141944e-22, nan 
103.875, 84.125, 1.1408560675740216e-21, nan 
104.125, 84.125, 1.2642446290028197e-21, nan 
104.375, 84.125, 1.239121876161936e-21, nan 
104.625, 84.125, 1.2669736813126495e-21, nan 
104.875, 84.125, 1.348517023590336e-21, nan 
105.125, 84.125, 1.0527354572192062e-21, nan 
105.375, 84.125, 1.1093038438423822e-21, nan 
105.625, 84.125, 1.0293099526699818e-21, nan 
105.875, 84.125, 1.5924372978140283e-21, nan 
106.125, 84.125, 2.077013027919965e-21, nan 
106.375, 84.125, 2.4801016200781803e-21, nan 
106.625, 84.125, 2.7812515765889583e-21, nan 
106.875, 84.125, 2.788699790890464e-21, nan 
107.125, 84.125, 2.8107922075491493e-21, nan 
107.375, 84.125, 2.0741447359213676e-21, nan 
107.625, 84.125, 1.8712024505856446e-21, nan 
107.875, 84.125, 1.3131401945356181e-21, nan 
108.125, 84.125, 1.1730453713660451e-21, nan 
108.375, 84.125, 1.7891302865760146e-21, nan 
108.625, 84.125, 2.6357583871531975e-21, nan 
108.875, 84.125, 3.0087041893056144e-21, nan 
109.125, 84.125, 2.993654705108209e-21, nan 
109.375, 84.125, 2.9063775855402572e-21, nan 
109.625, 84.125, 2.5266081594611056e-21, nan 
109.875, 84.125, 2.827594358342242e-21, nan 
110.125, 84.125, 2.36650483668527e-21, nan 
110.375, 84.125, 2.128667931410219e-21, nan 
110.625, 84.125, 2.14552859977295e-21, nan 
110.875, 84.125, 2.3116202042108345e-21, nan 
111.125, 84.125, 1.9941717656074186e-21, nan 
111.375, 84.125, 1.2997512586780935e-21, nan 
111.625, 84.125, 1.7007806208534092e-21, nan 
111.875, 84.125, 1.8250499941635004e-21, nan 
112.125, 84.125, 1.7822887871974162e-21, nan 
112.375, 84.125, 1.6136173546336566e-21, nan 
112.625, 84.125, 1.5947990279031019e-21, nan 
112.875, 84.125, 1.4004118720966842e-21, nan 
113.125, 84.125, 1.2810006396122505e-21, nan 
113.375, 84.125, 8.566342374021954e-22, nan 
113.625, 84.125, 6.595025970456308e-22, nan 
113.875, 84.125, 5.806750409688458e-22, nan 
114.125, 84.125, 1.3403436731236788e-21, nan 
114.375, 84.125, 4.368096692739043e-22, nan 
114.625, 84.125, 4.824385339483496e-22, nan 
114.875, 84.125, 5.098169051681589e-22, nan 
115.125, 84.125, 4.623149659838062e-22, nan 
115.375, 84.125, 4.441345883742928e-22, nan 
115.625, 84.125, 4.0408938360041176e-22, nan 
115.875, 84.125, 4.944646252848086e-22, nan 
116.125, 84.125, 6.261635756842934e-22, nan 
116.375, 84.125, 7.176662863208949e-22, nan 
116.625, 84.125, 6.530121650340467e-22, nan 
116.875, 84.125, 9.252137652613245e-22, nan 
117.125, 84.125, 1.1642306638903292e-21, nan 
117.375, 84.125, 1.1717166800375668e-21, nan 
117.625, 84.125, 1.2128077652010665e-21, nan 
117.875, 84.125, 1.2662939701915417e-21, nan 
118.125, 84.125, 1.5579235246656354e-21, nan 
118.375, 84.125, 1.5959052790033014e-21, nan 
118.625, 84.125, 1.6271956633218407e-21, nan 
118.875, 84.125, 1.5500976103086439e-21, nan 
119.125, 84.125, 1.6525191401879854e-21, nan 
119.375, 84.125, 1.6270343674199328e-21, nan 
119.625, 84.125, 1.5530485904883838e-21, nan 
119.875, 84.125, 1.2873362016849906e-21, nan 
120.125, 84.125, 1.2728238735681532e-21, nan 
120.375, 84.125, 2.70397857430129e-21, nan 
120.625, 84.125, 3.3892843974793955e-21, nan 
120.875, 84.125, 4.1013547087909246e-21, nan 
121.125, 84.125, 3.81014988060344e-21, nan 
121.375, 84.125, 3.523614517812262e-21, nan 
121.625, 84.125, 3.5554775490539396e-21, nan 
121.875, 84.125, 3.572012594746979e-21, nan 
122.125, 84.125, 3.524366413572329e-21, nan 
122.375, 84.125, 7.315047303187242e-21, nan 
122.625, 84.125, 7.850417985501985e-21, nan 
122.875, 84.125, 6.893410548128158e-21, nan 
123.125, 84.125, 3.47666018251604e-21, nan 
123.375, 84.125, 3.730299790332663e-21, nan 
123.625, 84.125, 2.9338473151559505e-21, nan 
123.875, 84.125, 2.6568011682008255e-21, nan 
124.125, 84.125, 3.377882014517917e-21, nan 
124.375, 84.125, 3.690795045377648e-21, nan 
124.625, 84.125, 3.7227002187645006e-21, nan 
124.875, 84.125, 3.568930756302425e-21, nan 
125.125, 84.125, 2.7993556057845636e-21, nan 
125.375, 84.125, 2.3603166055851905e-21, nan 
125.625, 84.125, 2.413351569540234e-21, nan 
125.875, 84.125, 2.7270550783888476e-21, nan 
126.125, 84.125, 3.172097714814153e-21, nan 
126.375, 84.125, 2.7717259241274314e-21, nan 
126.625, 84.125, 2.4918736039137698e-21, nan 
126.875, 84.125, 2.077209674026568e-21, nan 
127.125, 84.125, 1.3786131901437038e-21, nan 
127.375, 84.125, 9.71078047688888e-22, nan 
127.625, 84.125, 1.222691328274155e-21, nan 
127.875, 84.125, 1.5781536831953354e-21, nan 
128.125, 84.125, 1.7955521063416105e-21, nan 
128.375, 84.125, 1.2123242844706144e-21, nan 
128.625, 84.125, 1.0884293715846253e-21, nan 
128.875, 84.125, 1.9011027120102197e-21, nan 
129.125, 84.125, 2.0843411309244725e-21, nan 
129.375, 84.125, 1.762376452991471e-21, nan 
129.625, 84.125, 1.9331431529690708e-21, nan 
129.875, 84.125, 3.398392404373719e-21, nan 
130.125, 84.125, 4.920781348315165e-21, nan 
130.375, 84.125, 4.738160621078566e-21, nan 
130.625, 84.125, 4.469519324466774e-21, nan 
130.875, 84.125, 4.1080741778170865e-21, nan 
131.125, 84.125, 4.840199611990704e-21, nan 
131.375, 84.125, 4.273558154619532e-21, nan 
131.625, 84.125, 4.284268433179389e-21, nan 
131.875, 84.125, 4.1855206637908235e-21, nan 
132.125, 84.125, 4.350949306568249e-21, nan 
132.375, 84.125, 4.291343596718497e-21, nan 
132.625, 84.125, 4.299078456534663e-21, nan 
132.875, 84.125, 4.371089283211234e-21, nan 
133.125, 84.125, 4.260151642549621e-21, nan 
133.375, 84.125, 4.1500544855744084e-21, nan 
133.625, 84.125, 4.3363937262651166e-21, nan 
133.875, 84.125, 4.069042674353334e-21, nan 
134.125, 84.125, 3.886115677020383e-21, nan 
134.375, 84.125, 3.7876805203463424e-21, nan 
134.625, 84.125, 3.623453488097008e-21, nan 
134.875, 84.125, 3.2727339942041276e-21, nan 
135.125, 84.125, 3.2184454787274474e-21, nan 
135.375, 84.125, 3.5291945878447686e-21, nan 
135.625, 84.125, 4.125809815043026e-21, nan 
135.875, 84.125, 4.229689848869381e-21, nan 
136.125, 84.125, 2.944057685415349e-21, nan 
136.375, 84.125, 2.2835395638270337e-21, nan 
136.625, 84.125, 1.914825812039464e-21, nan 
136.875, 84.125, 1.4483671347498152e-21, nan 
137.125, 84.125, 1.4405205454847352e-21, nan 
137.375, 84.125, 1.5320228024970748e-21, nan 
137.625, 84.125, 1.2711466578208348e-21, nan 
137.875, 84.125, 1.1450311555794618e-21, nan 
138.125, 84.125, 2.110738025670811e-21, nan 
138.375, 84.125, 3.1903226951377857e-21, nan 
138.625, 84.125, 4.077886359608858e-21, nan 
138.875, 84.125, 4.574525252259029e-21, nan 
139.125, 84.125, 4.678652130094163e-21, nan 
139.375, 84.125, 4.6132643883573935e-21, nan 
139.625, 84.125, 4.832739820016556e-21, nan 
139.875, 84.125, 5.069776209999061e-21, nan 
140.125, 84.125, 5.614011582670519e-21, nan 
140.375, 84.125, 5.491036084479417e-21, nan 
140.625, 84.125, 5.616276226984924e-21, nan 
140.875, 84.125, 5.6058497778947934e-21, nan 
141.125, 84.125, 5.991247690456786e-21, nan 
141.375, 84.125, 6.0254206096994675e-21, nan 
141.625, 84.125, 5.695581130371429e-21, nan 
141.875, 84.125, 5.547037518137007e-21, nan 
142.125, 84.125, 5.5054713684409266e-21, nan 
142.375, 84.125, 5.016706832596803e-21, nan 
142.625, 84.125, 4.395442089128434e-21, nan 
142.875, 84.125, 4.509360541588385e-21, nan 
143.125, 84.125, 5.960443510987229e-21, nan 
143.375, 84.125, 3.914559764001314e-21, nan 
143.625, 84.125, 1.304232461749772e-21, nan 
143.875, 84.125, 3.1481689967744113e-21, nan 
144.125, 84.125, 3.583428600146666e-21, nan 
144.375, 84.125, 4.157139655021356e-21, nan 
144.625, 84.125, 3.965343141472459e-21, nan 
144.875, 84.125, 3.6523832895473236e-21, nan 
145.125, 84.125, 3.623342585130212e-21, nan 
145.375, 84.125, 3.2676582141496946e-21, nan 
145.625, 84.125, 3.013740742744421e-21, nan 
145.875, 84.125, 2.776835675346683e-21, nan 
146.125, 84.125, 2.468959752395842e-21, nan 
146.375, 84.125, 2.540712261595897e-21, nan 
146.625, 84.125, 2.4533851256975227e-21, nan 
146.875, 84.125, 2.3063053624403572e-21, nan 
147.125, 84.125, 2.0972697110089076e-21, nan 
147.375, 84.125, 2.0418288332528387e-21, nan 
147.625, 84.125, 1.8652670228923352e-21, nan 
147.875, 84.125, 1.710308532312063e-21, nan 
148.125, 84.125, 1.5453655148254687e-21, nan 
148.375, 84.125, 1.3241274613826104e-21, nan 
148.625, 84.125, 1.3202634547404386e-21, nan 
148.875, 84.125, 1.2911480368394234e-21, nan 
149.125, 84.125, 1.3220882633639671e-21, nan 
149.375, 84.125, 1.3514738738218756e-21, nan 
149.625, 84.125, 1.375994709207947e-21, nan 
149.875, 84.125, 1.4293113176467026e-21, nan 
150.125, 84.125, 1.4344397801552928e-21, nan 
150.375, 84.125, 1.3431143580875004e-21, nan 
150.625, 84.125, 1.2767536392921923e-21, nan 
150.875, 84.125, 1.3521203000285478e-21, nan 
151.125, 84.125, 1.3877325795233337e-21, nan 
151.375, 84.125, 1.4024023745970531e-21, nan 
151.625, 84.125, 1.3449009386517442e-21, nan 
151.875, 84.125, 1.5628188599530756e-21, nan 
152.125, 84.125, 1.6777147216643277e-21, nan 
152.375, 84.125, 1.6191986216183937e-21, nan 
152.625, 84.125, 1.672634689017968e-21, nan 
152.875, 84.125, 1.7041815568218602e-21, nan 
153.125, 84.125, 2.0543007702808642e-21, nan 
153.375, 84.125, 2.7459097569592558e-21, nan 
153.625, 84.125, 3.214776291155989e-21, nan 
153.875, 84.125, 3.471684260620274e-21, nan 
154.125, 84.125, 3.4972762119653494e-21, nan 
154.375, 84.125, 3.814890481580787e-21, nan 
154.625, 84.125, 4.278241106200859e-21, nan 
154.875, 84.125, 4.408731448817619e-21, nan 
155.125, 84.125, 4.666888590803385e-21, nan 
155.375, 84.125, 5.8348431233257505e-21, nan 
155.625, 84.125, 5.373938405334612e-21, nan 
155.875, 84.125, 5.191476394711357e-21, nan 
156.125, 84.125, 5.660800084182547e-21, nan 
156.375, 84.125, 6.5015411135309704e-21, nan 
156.625, 84.125, 5.925980859763999e-21, nan 
156.875, 84.125, 5.689206546974794e-21, nan 
157.125, 84.125, 5.691173765276999e-21, nan 
157.375, 84.125, 6.571258688673244e-21, nan 
157.625, 84.125, 9.822212506117507e-21, nan 
157.875, 84.125, 1.0598168030728945e-20, nan 
158.125, 84.125, 9.982430891692092e-21, nan 
158.375, 84.125, 1.0548297926326633e-20, nan 
158.625, 84.125, 1.0527499606630115e-20, nan 
158.875, 84.125, 1.0478242647525674e-20, nan 
159.125, 84.125, 9.725271766304145e-21, nan 
159.375, 84.125, 1.0353238969302587e-20, nan 
159.625, 84.125, 9.881768767237519e-21, nan 
159.875, 84.125, 1.1373187080678257e-20, nan 
160.125, 84.125, 1.1866994326336053e-20, nan 
160.375, 84.125, 1.1493466562498004e-20, nan 
160.625, 84.125, 1.1674589594790816e-20, nan 
160.875, 84.125, 1.1691676344224011e-20, nan 
161.125, 84.125, 1.1728593379498074e-20, nan 
161.375, 84.125, 1.0892948807165576e-20, nan 
161.625, 84.125, 1.0469109273950278e-20, nan 
161.875, 84.125, 8.957794958206109e-21, nan 
162.125, 84.125, 8.328183528644472e-21, nan 
162.375, 84.125, 6.777358223484007e-21, nan 
162.625, 84.125, 6.512438001526646e-21, nan 
162.875, 84.125, 5.766963588916512e-21, nan 
163.125, 84.125, 5.235093326715261e-21, nan 
163.375, 84.125, 5.067706903934893e-21, nan 
163.625, 84.125, 4.873954342317198e-21, nan 
163.875, 84.125, 4.8388408874680246e-21, nan 
164.125, 84.125, 5.010646330128667e-21, nan 
164.375, 84.125, 5.25398962558524e-21, nan 
164.625, 84.125, 5.341543791578713e-21, nan 
164.875, 84.125, 5.023761556116476e-21, nan 
165.125, 84.125, 4.534330072343809e-21, nan 
165.375, 84.125, 4.346145788232251e-21, nan 
165.625, 84.125, 4.4416179777644636e-21, nan 
165.875, 84.125, 3.755833750031803e-21, nan 
166.125, 84.125, 2.5174641464812012e-21, nan 
166.375, 84.125, 2.1061908602617284e-21, nan 
166.625, 84.125, 1.51695513612931e-21, nan 
166.875, 84.125, 1.880049315724503e-21, nan 
167.125, 84.125, 1.6072578791238118e-21, nan 
167.375, 84.125, 1.787296793629313e-21, nan 
167.625, 84.125, 1.7954178686078546e-21, nan 
167.875, 84.125, 1.783992996019919e-21, nan 
168.125, 84.125, 1.917124723123719e-21, nan 
168.375, 84.125, 1.9509474154338514e-21, nan 
168.625, 84.125, 1.7442608968209975e-21, nan 
168.875, 84.125, 1.7151711798066312e-21, nan 
169.125, 84.125, 1.7738200563294283e-21, nan 
169.375, 84.125, 1.7359342418713798e-21, nan 
169.625, 84.125, 1.6438649714808228e-21, nan 
169.875, 84.125, 1.5101647934364422e-21, nan 
170.125, 84.125, 1.4694510703058716e-21, nan 
170.375, 84.125, 1.410095178286512e-21, nan 
170.625, 84.125, 1.4317751336892207e-21, nan 
170.875, 84.125, 1.5118705146240214e-21, nan 
171.125, 84.125, 1.4864576858719386e-21, nan 
171.375, 84.125, 1.3971278842676229e-21, nan 
171.625, 84.125, 1.3975990175028304e-21, nan 
171.875, 84.125, 1.3298004726648238e-21, nan 
172.125, 84.125, 1.2951274854579826e-21, nan 
172.375, 84.125, 1.3103210158943987e-21, nan 
172.625, 84.125, 1.3178129040250448e-21, nan 
172.875, 84.125, 1.3270947586514457e-21, nan 
173.125, 84.125, 1.4109902093705101e-21, nan 
173.375, 84.125, 1.4062327048239186e-21, nan 
173.625, 84.125, 1.3027180568619413e-21, nan 
173.875, 84.125, 1.253251783201589e-21, nan 
174.125, 84.125, 1.246087179831891e-21, nan 
174.375, 84.125, 1.222671435653574e-21, nan 
174.625, 84.125, 1.2758064064748424e-21, nan 
174.875, 84.125, 1.35423368124236e-21, nan 
175.125, 84.125, 1.3908241321401644e-21, nan 
175.375, 84.125, 1.3541272765580016e-21, nan 
175.625, 84.125, 1.3891025089719186e-21, nan 
175.875, 84.125, 1.4323594848715734e-21, nan 
176.125, 84.125, 1.451511537330631e-21, nan 
176.375, 84.125, 1.4490526077994192e-21, nan 
176.625, 84.125, 1.4611140707342057e-21, nan 
176.875, 84.125, 1.4312487035816959e-21, nan 
177.125, 84.125, 1.391779544849424e-21, nan 
177.375, 84.125, 1.3852139382234303e-21, nan 
177.625, 84.125, 1.2934234761818114e-21, nan 
177.875, 84.125, 1.3668563272615478e-21, nan 
178.125, 84.125, 1.2527319299500183e-21, nan 
178.375, 84.125, 1.2651119837136986e-21, nan 
178.625, 84.125, 1.2792989785222002e-21, nan 
178.875, 84.125, 1.2649562680014667e-21, nan 
179.125, 84.125, 1.2011017349721064e-21, nan 
179.375, 84.125, 1.203049875362733e-21, nan 
179.625, 84.125, 1.1454714067402578e-21, nan 
179.875, 84.125, 1.1147892443072053e-21, nan 
-179.875, 84.375, 1.3096491661993698e-21, nan 
-179.625, 84.375, 1.3467916479084926e-21, nan 
-179.375, 84.375, 1.5089953686406278e-21, nan 
-179.125, 84.375, 1.4141095839537501e-21, nan 
-178.875, 84.375, 1.3626961692354946e-21, nan 
-178.625, 84.375, 1.354897351745014e-21, nan 
-178.375, 84.375, 1.6245156615454737e-21, nan 
-178.125, 84.375, 1.6379415620322926e-21, nan 
-177.875, 84.375, 1.7954055435368187e-21, nan 
-177.625, 84.375, 1.8281189366888575e-21, nan 
-177.375, 84.375, 1.756748631253135e-21, nan 
-177.125, 84.375, 1.4233335905393007e-21, nan 
-176.875, 84.375, 1.1396105204463485e-21, nan 
-176.625, 84.375, 1.0100705823315688e-21, nan 
-176.375, 84.375, 1.311647466874762e-21, nan 
-176.125, 84.375, 1.311969474408682e-21, nan 
-175.875, 84.375, 8.021155217705836e-22, nan 
-175.625, 84.375, 8.057652377681194e-22, nan 
-175.375, 84.375, 8.293568282824141e-22, nan 
-175.125, 84.375, 8.825169653718008e-22, nan 
-174.875, 84.375, 9.185818204572781e-22, nan 
-174.625, 84.375, 9.151779836653568e-22, nan 
-174.375, 84.375, 9.434992426375561e-22, nan 
-174.125, 84.375, 9.487768436659213e-22, nan 
-173.875, 84.375, 9.236295651437831e-22, nan 
-173.625, 84.375, 9.78041809636621e-22, nan 
-173.375, 84.375, 9.753492282212742e-22, nan 
-173.125, 84.375, 9.323453223127938e-22, nan 
-172.875, 84.375, 9.770700238821721e-22, nan 
-172.625, 84.375, 9.903489752844726e-22, nan 
-172.375, 84.375, 9.969240351136876e-22, nan 
-172.125, 84.375, 1.1504567242470856e-21, nan 
-171.875, 84.375, 1.3850648158235421e-21, nan 
-171.625, 84.375, 1.5801455978449328e-21, nan 
-171.375, 84.375, 1.5303271037173581e-21, nan 
-171.125, 84.375, 1.6035794580982488e-21, nan 
-170.875, 84.375, 1.5969381140378816e-21, nan 
-170.625, 84.375, 1.4961080411874993e-21, nan 
-170.375, 84.375, 1.5552799942123135e-21, nan 
-170.125, 84.375, 1.6943400766602866e-21, nan 
-169.875, 84.375, 1.8419166221846087e-21, nan 
-169.625, 84.375, 1.787468174549491e-21, nan 
-169.375, 84.375, 1.6709732156383805e-21, nan 
-169.125, 84.375, 2.1442296312371232e-21, nan 
-168.875, 84.375, 2.5991932403912114e-21, nan 
-168.625, 84.375, 2.4388767123464188e-21, nan 
-168.375, 84.375, 2.0795979034256772e-21, nan 
-168.125, 84.375, 1.84520484394882e-21, nan 
-167.875, 84.375, 1.6432859086917932e-21, nan 
-167.625, 84.375, 1.4670055077289456e-21, nan 
-167.375, 84.375, 1.2486694467353323e-21, nan 
-167.125, 84.375, 1.0453162130434692e-21, nan 
-166.875, 84.375, 9.127576567775574e-22, nan 
-166.625, 84.375, 8.601450639064608e-22, nan 
-166.375, 84.375, 8.166512403422607e-22, nan 
-166.125, 84.375, 8.63262953980779e-22, nan 
-165.875, 84.375, 1.0252336867994986e-21, nan 
-165.625, 84.375, 1.0836159737389392e-21, nan 
-165.375, 84.375, 1.1429536129312794e-21, nan 
-165.125, 84.375, 1.1213457654476292e-21, nan 
-164.875, 84.375, 1.1169839765462572e-21, nan 
-164.625, 84.375, 1.105858605580986e-21, nan 
-164.375, 84.375, 1.117645341431059e-21, nan 
-164.125, 84.375, 1.1423201030709871e-21, nan 
-163.875, 84.375, 1.6110892888257918e-21, nan 
-163.625, 84.375, 1.8264735728946232e-21, nan 
-163.375, 84.375, 2.1354801787620274e-21, nan 
-163.125, 84.375, 2.090636935491034e-21, nan 
-162.875, 84.375, 2.34470332239604e-21, nan 
-162.625, 84.375, 2.547315939520212e-21, nan 
-162.375, 84.375, 2.949643883653057e-21, nan 
-162.125, 84.375, 3.511542767348117e-21, nan 
-161.875, 84.375, 4.612579639760844e-21, nan 
-161.625, 84.375, 4.413894998159396e-21, nan 
-161.375, 84.375, 5.073932282260033e-21, nan 
-161.125, 84.375, 5.142130730136726e-21, nan 
-160.875, 84.375, 5.315780575909529e-21, nan 
-160.625, 84.375, 5.225881300270733e-21, nan 
-160.375, 84.375, 4.731181017780988e-21, nan 
-160.125, 84.375, 4.348159443194706e-21, nan 
-159.875, 84.375, 4.530357177476894e-21, nan 
-159.625, 84.375, 4.38463905527083e-21, nan 
-159.375, 84.375, 3.6737517216036245e-21, nan 
-159.125, 84.375, 2.342437788771031e-21, nan 
-158.875, 84.375, 2.071135441009191e-21, nan 
-158.625, 84.375, 1.5803761140296718e-21, nan 
-158.375, 84.375, 1.3341539174504075e-21, nan 
-158.125, 84.375, 1.7933799954283547e-21, nan 
-157.875, 84.375, 2.0939240793715786e-21, nan 
-157.625, 84.375, 1.5457029926537602e-21, nan 
-157.375, 84.375, 1.1225004745561186e-21, nan 
-157.125, 84.375, 8.269913063748907e-22, nan 
-156.875, 84.375, 6.284637072234299e-22, nan 
-156.625, 84.375, 1.2737276791782208e-21, nan 
-156.375, 84.375, 2.1667574471010827e-21, nan 
-156.125, 84.375, 2.7644338730088795e-21, nan 
-155.875, 84.375, 2.908309151288505e-21, nan 
-155.625, 84.375, 3.134099441415119e-21, nan 
-155.375, 84.375, 3.465267470094864e-21, nan 
-155.125, 84.375, 3.81483058103032e-21, nan 
-154.875, 84.375, 3.607882370674099e-21, nan 
-154.625, 84.375, 3.713547066881672e-21, nan 
-154.375, 84.375, 3.555887761941822e-21, nan 
-154.125, 84.375, 3.0092622275774295e-21, nan 
-153.875, 84.375, 1.828354301827055e-21, nan 
-153.625, 84.375, 1.8795888523001427e-21, nan 
-153.375, 84.375, 1.983679885556191e-21, nan 
-153.125, 84.375, 2.10572045778195e-21, nan 
-152.875, 84.375, 2.8927765103646367e-21, nan 
-152.625, 84.375, 3.2962994439125142e-21, nan 
-152.375, 84.375, 3.860481420698708e-21, nan 
-152.125, 84.375, 4.619805907272734e-21, nan 
-151.875, 84.375, 5.1994057312197964e-21, nan 
-151.625, 84.375, 5.024103520041074e-21, nan 
-151.375, 84.375, 4.2120965261951586e-21, nan 
-151.125, 84.375, 3.3180590448631988e-21, nan 
-150.875, 84.375, 2.6343782791945987e-21, nan 
-150.625, 84.375, 2.7831416971981217e-21, nan 
-150.375, 84.375, 2.0030028236280295e-21, nan 
-150.125, 84.375, 1.4755556947324755e-21, nan 
-149.875, 84.375, 9.492200734359004e-22, nan 
-149.625, 84.375, 7.680494726555324e-22, nan 
-149.375, 84.375, 7.659522847255004e-22, nan 
-149.125, 84.375, 1.6302886785740553e-21, nan 
-148.875, 84.375, 2.9280388418033705e-21, nan 
-148.625, 84.375, 1.5460597198077066e-21, nan 
-148.375, 84.375, 9.456344291440486e-22, nan 
-148.125, 84.375, 1.2376989989955825e-21, nan 
-147.875, 84.375, 1.3044835496513015e-21, nan 
-147.625, 84.375, 9.121008978052268e-22, nan 
-147.375, 84.375, 5.447875195088539e-22, nan 
-147.125, 84.375, 4.73505372135831e-22, nan 
-146.875, 84.375, 4.447065217214235e-22, nan 
-146.625, 84.375, 5.449435123939408e-22, nan 
-146.375, 84.375, 5.555857260150145e-22, nan 
-146.125, 84.375, 1.010183427824013e-21, nan 
-145.875, 84.375, 5.705342931875137e-22, nan 
-145.625, 84.375, 1.4488146365013392e-21, nan 
-145.375, 84.375, 3.960024382915031e-21, nan 
-145.125, 84.375, 3.72844170166434e-21, nan 
-144.875, 84.375, 1.814785020117997e-21, nan 
-144.625, 84.375, 2.502003500994264e-21, nan 
-144.375, 84.375, 5.0229949124460026e-21, nan 
-144.125, 84.375, 5.4326903844241966e-21, nan 
-143.875, 84.375, 5.987920591251864e-21, nan 
-143.625, 84.375, 5.9437511222007376e-21, nan 
-143.375, 84.375, 6.031171001958938e-21, nan 
-143.125, 84.375, 6.083145287705007e-21, nan 
-142.875, 84.375, 5.9924043272233796e-21, nan 
-142.625, 84.375, 5.9168468236363815e-21, nan 
-142.375, 84.375, 6.136663593084242e-21, nan 
-142.125, 84.375, 6.236072484407196e-21, nan 
-141.875, 84.375, 6.0794812560490254e-21, nan 
-141.625, 84.375, 5.399072867137092e-21, nan 
-141.375, 84.375, 5.223054968289767e-21, nan 
-141.125, 84.375, 5.49150001788344e-21, nan 
-140.875, 84.375, 5.446221613354111e-21, nan 
-140.625, 84.375, 3.769757470212593e-21, nan 
-140.375, 84.375, 2.4488165663782864e-21, nan 
-140.125, 84.375, 2.5361447899733027e-21, nan 
-139.875, 84.375, 3.6574272834404065e-21, nan 
-139.625, 84.375, 4.159369135806741e-21, nan 
-139.375, 84.375, 4.573361783337225e-21, nan 
-139.125, 84.375, 4.736269334163056e-21, nan 
-138.875, 84.375, 4.8503853310403665e-21, nan 
-138.625, 84.375, 4.997774837684002e-21, nan 
-138.375, 84.375, 5.4227455643430734e-21, nan 
-138.125, 84.375, 5.308116744469957e-21, nan 
-137.875, 84.375, 5.728255577508275e-21, nan 
-137.625, 84.375, 5.9430250905956305e-21, nan 
-137.375, 84.375, 6.037335384186731e-21, nan 
-137.125, 84.375, 5.2421666297956546e-21, nan 
-136.875, 84.375, 4.440437463422923e-21, nan 
-136.625, 84.375, 4.06115242024639e-21, nan 
-136.375, 84.375, 4.203186146557481e-21, nan 
-136.125, 84.375, 4.2247086281181906e-21, nan 
-135.875, 84.375, 4.2237083665105626e-21, nan 
-135.625, 84.375, 4.4708529524551396e-21, nan 
-135.375, 84.375, 4.226315597249351e-21, nan 
-135.125, 84.375, 4.914914321822179e-21, nan 
-134.875, 84.375, 5.1609328323966085e-21, nan 
-134.625, 84.375, 5.2797649889221696e-21, nan 
-134.375, 84.375, 4.9047995524682415e-21, nan 
-134.125, 84.375, 4.408975385648695e-21, nan 
-133.875, 84.375, 3.772993308942491e-21, nan 
-133.625, 84.375, 3.580461664199049e-21, nan 
-133.375, 84.375, 3.439601455683146e-21, nan 
-133.125, 84.375, 3.3117420589835306e-21, nan 
-132.875, 84.375, 3.1836436802473574e-21, nan 
-132.625, 84.375, 2.7942513327726533e-21, nan 
-132.375, 84.375, 2.102760207119155e-21, nan 
-132.125, 84.375, 1.659351525877359e-21, nan 
-131.875, 84.375, 1.1533394217950624e-21, nan 
-131.625, 84.375, 8.775336801809314e-22, nan 
-131.375, 84.375, 8.563161236759256e-22, nan 
-131.125, 84.375, 9.273949656423661e-22, nan 
-130.875, 84.375, 9.583901767139294e-22, nan 
-130.625, 84.375, 9.363928554974684e-22, nan 
-130.375, 84.375, 8.837108281492821e-22, nan 
-130.125, 84.375, 8.743741501778129e-22, nan 
-129.875, 84.375, 8.643070951763098e-22, nan 
-129.625, 84.375, 8.561182675802633e-22, nan 
-129.375, 84.375, 8.598112379291468e-22, nan 
-129.125, 84.375, 8.579927955422009e-22, nan 
-128.875, 84.375, 8.532708582400545e-22, nan 
-128.625, 84.375, 9.842038852642246e-22, nan 
-128.375, 84.375, 8.75134975815561e-22, nan 
-128.125, 84.375, 8.329451824320036e-22, nan 
-127.875, 84.375, 7.931456977398165e-22, nan 
-127.625, 84.375, 7.75391699602007e-22, nan 
-127.375, 84.375, 2.125632577430035e-21, nan 
-127.125, 84.375, 2.5359167255703983e-21, nan 
-126.875, 84.375, 2.3102849150374686e-21, nan 
-126.625, 84.375, 1.5251207666699307e-21, nan 
-126.375, 84.375, 6.097387688759674e-22, nan 
-126.125, 84.375, 6.216997692105741e-22, nan 
-125.875, 84.375, 6.552888083185999e-22, nan 
-125.625, 84.375, 6.721618226831116e-22, nan 
-125.375, 84.375, 7.37017549670356e-22, nan 
-125.125, 84.375, 7.975552592226738e-22, nan 
-124.875, 84.375, 8.342804178235848e-22, nan 
-124.625, 84.375, 8.445149289585001e-22, nan 
-124.375, 84.375, 8.742530639270033e-22, nan 
-124.125, 84.375, 8.519481278991924e-22, nan 
-123.875, 84.375, 7.65789208294454e-22, nan 
-123.625, 84.375, 6.4148488703886825e-22, nan 
-123.375, 84.375, 5.965698726323611e-22, nan 
-123.125, 84.375, 6.836452567356906e-22, nan 
-122.875, 84.375, 8.592260762958854e-22, nan 
-122.625, 84.375, 1.0190575314656757e-21, nan 
-122.375, 84.375, 1.2061885941781436e-21, nan 
-122.125, 84.375, 1.2987459765415038e-21, nan 
-121.875, 84.375, 1.3256957482758141e-21, nan 
-121.625, 84.375, 1.3969449287967242e-21, nan 
-121.375, 84.375, 1.3619625946045902e-21, nan 
-121.125, 84.375, 1.1794773776300226e-21, nan 
-120.875, 84.375, 1.0200539034727417e-21, nan 
-120.625, 84.375, 8.907784919897523e-22, nan 
-120.375, 84.375, 8.381270001188569e-22, nan 
-120.125, 84.375, 7.83750414978653e-22, nan 
-119.875, 84.375, 7.279660675681792e-22, nan 
-119.625, 84.375, 7.767061479627933e-22, nan 
-119.375, 84.375, 8.65813295267993e-22, nan 
-119.125, 84.375, 8.979651257236229e-22, nan 
-118.875, 84.375, 9.274424898335268e-22, nan 
-118.625, 84.375, 1.1030316913783989e-21, nan 
-118.375, 84.375, 1.2658097118557421e-21, nan 
-118.125, 84.375, 1.3150652378268727e-21, nan 
-117.875, 84.375, 1.250008927909056e-21, nan 
-117.625, 84.375, 1.1119103011440996e-21, nan 
-117.375, 84.375, 9.389500233574182e-22, nan 
-117.125, 84.375, 8.25838584639393e-22, nan 
-116.875, 84.375, 1.5142955549231976e-21, nan 
-116.625, 84.375, 2.1152570979617587e-21, nan 
-116.375, 84.375, 2.2169145232160812e-21, nan 
-116.125, 84.375, 2.1764442079477008e-21, nan 
-115.875, 84.375, 2.111622754239571e-21, nan 
-115.625, 84.375, 1.697255104983959e-21, nan 
-115.375, 84.375, 1.4688903377512619e-21, nan 
-115.125, 84.375, 1.293237825848652e-21, nan 
-114.875, 84.375, 1.3293776738952333e-21, nan 
-114.625, 84.375, 1.156021114996802e-21, nan 
-114.375, 84.375, 1.01379483733752e-21, nan 
-114.125, 84.375, 9.5778619473969e-22, nan 
-113.875, 84.375, 1.022666895140629e-21, nan 
-113.625, 84.375, 9.334383836599912e-22, nan 
-113.375, 84.375, 8.66905186610191e-22, nan 
-113.125, 84.375, 9.160404546561439e-22, nan 
-112.875, 84.375, 7.828306000536083e-22, nan 
-112.625, 84.375, 7.605171922462497e-22, nan 
-112.375, 84.375, 6.666091070342896e-22, nan 
-112.125, 84.375, 7.016682066489373e-22, nan 
-111.875, 84.375, 6.676088655477143e-22, nan 
-111.625, 84.375, 5.874585826518887e-22, nan 
-111.375, 84.375, 5.360521146010208e-22, nan 
-111.125, 84.375, 5.190769322800236e-22, nan 
-110.875, 84.375, 4.800815292760377e-22, nan 
-110.625, 84.375, 4.539880184000966e-22, nan 
-110.375, 84.375, 7.241484264647366e-22, nan 
-110.125, 84.375, 8.770560599474534e-22, nan 
-109.875, 84.375, 1.1153318807773596e-21, nan 
-109.625, 84.375, 1.1152997593344795e-21, nan 
-109.375, 84.375, 1.3594494481668241e-21, nan 
-109.125, 84.375, 1.3717934964363316e-21, nan 
-108.875, 84.375, 1.4076328609515158e-21, nan 
-108.625, 84.375, 1.45677149268384e-21, nan 
-108.375, 84.375, 1.5579871116628236e-21, nan 
-108.125, 84.375, 1.5844958312288006e-21, nan 
-107.875, 84.375, 1.4907055952875737e-21, nan 
-107.625, 84.375, 1.1127017254759e-21, nan 
-107.375, 84.375, 1.0411258029158894e-21, nan 
-107.125, 84.375, 1.0743006667679551e-21, nan 
-106.875, 84.375, 1.047644656756685e-21, nan 
-106.625, 84.375, 1.0177240611595278e-21, nan 
-106.375, 84.375, 1.0125880806981426e-21, nan 
-106.125, 84.375, 1.064649254408712e-21, nan 
-105.875, 84.375, 1.1347318848997438e-21, nan 
-105.625, 84.375, 1.1952774240840773e-21, nan 
-105.375, 84.375, 1.2116112529107466e-21, nan 
-105.125, 84.375, 1.1855762299358905e-21, nan 
-104.875, 84.375, 1.1387130052724985e-21, nan 
-104.625, 84.375, 1.1384671313014932e-21, nan 
-104.375, 84.375, 1.1220963219348747e-21, nan 
-104.125, 84.375, 1.037005217549293e-21, nan 
-103.875, 84.375, 1.0037020508520738e-21, nan 
-103.625, 84.375, 1.0143009088764096e-21, nan 
-103.375, 84.375, 9.861535914385936e-22, nan 
-103.125, 84.375, 1.0319304523320197e-21, nan 
-102.875, 84.375, 1.135205665795817e-21, nan 
-102.625, 84.375, 1.2085888285629955e-21, nan 
-102.375, 84.375, 1.2249471178052924e-21, nan 
-102.125, 84.375, 1.2721568692926996e-21, nan 
-101.875, 84.375, 1.3108922845847404e-21, nan 
-101.625, 84.375, 1.3651443323176928e-21, nan 
-101.375, 84.375, 1.3181041603876005e-21, nan 
-101.125, 84.375, 1.267754394597039e-21, nan 
-100.875, 84.375, 1.015519224206823e-21, nan 
-100.625, 84.375, 8.896363280870097e-22, nan 
-100.375, 84.375, 6.402817227285318e-22, nan 
-100.125, 84.375, 4.0842532324934984e-22, nan 
-99.875, 84.375, 2.562796650230784e-22, nan 
-99.625, 84.375, 2.5009705035229475e-22, nan 
-99.375, 84.375, 2.563737115985433e-22, nan 
-99.125, 84.375, 2.1835762157268815e-22, nan 
-98.875, 84.375, 1.8631556346854062e-22, nan 
-98.625, 84.375, 1.706774001506293e-22, nan 
-98.375, 84.375, 1.8829073001740786e-22, nan 
-98.125, 84.375, 2.3059112729642323e-22, nan 
-97.875, 84.375, 2.04413928987215e-22, nan 
-97.625, 84.375, 1.806619401748136e-22, nan 
-97.375, 84.375, 1.9315162949993078e-22, nan 
-97.125, 84.375, 1.874545473816876e-22, nan 
-96.875, 84.375, 1.317222425904206e-22, nan 
-96.625, 84.375, 9.511400323355157e-23, nan 
-96.375, 84.375, 8.891817879831362e-23, nan 
-96.125, 84.375, 9.808022876370085e-23, nan 
-95.875, 84.375, 1.158019987837486e-22, nan 
-95.625, 84.375, 1.3126969124362895e-22, nan 
-95.375, 84.375, 1.296809623008382e-22, nan 
-95.125, 84.375, 1.3829311797439179e-22, nan 
-94.875, 84.375, 1.4751020190229818e-22, nan 
-94.625, 84.375, 1.2751422641411122e-22, nan 
-94.375, 84.375, 1.1937739680524296e-22, nan 
-94.125, 84.375, 1.087464139117349e-22, nan 
-93.875, 84.375, 1.1729073607929599e-22, nan 
-93.625, 84.375, 1.1120547696416118e-22, nan 
-93.375, 84.375, 5.141398025427739e-23, nan 
-93.125, 84.375, 6.864354183826637e-23, nan 
-92.875, 84.375, 1.076801295450718e-22, nan 
-92.625, 84.375, 1.0748903519628904e-22, nan 
-92.375, 84.375, 1.216534777621629e-22, nan 
-92.125, 84.375, 1.4239372320931837e-22, nan 
-91.875, 84.375, 1.6083314713282674e-22, nan 
-91.625, 84.375, 2.130418788082603e-22, nan 
-91.375, 84.375, 1.894072649045149e-22, nan 
-91.125, 84.375, 1.8316864236972186e-22, nan 
-90.875, 84.375, 1.8976174378255204e-22, nan 
-90.625, 84.375, 1.8081762747890478e-22, nan 
-90.375, 84.375, 1.6868340874401573e-22, nan 
-90.125, 84.375, 1.5527907952359728e-22, nan 
-89.875, 84.375, 1.4851607411883608e-22, nan 
-89.625, 84.375, 1.5899213845744813e-22, nan 
-89.375, 84.375, 1.6537801068587136e-22, nan 
-89.125, 84.375, 1.677822298787144e-22, nan 
-88.875, 84.375, 1.9273776693905743e-22, nan 
-88.625, 84.375, 1.6221894768538736e-22, nan 
-88.375, 84.375, 1.3671715433420724e-22, nan 
-88.125, 84.375, 1.2601463202748914e-22, nan 
-87.875, 84.375, 1.1847550535766355e-22, nan 
-87.625, 84.375, 1.1053533474215288e-22, nan 
-87.375, 84.375, 9.489024077998411e-23, nan 
-87.125, 84.375, 8.885607312496521e-23, nan 
-86.875, 84.375, 8.006819926899634e-23, nan 
-86.625, 84.375, 7.29073575831806e-23, nan 
-86.375, 84.375, 6.866159899156575e-23, nan 
-86.125, 84.375, 6.390495145409928e-23, nan 
-85.875, 84.375, 6.548641809543649e-23, nan 
-85.625, 84.375, 6.825631294527792e-23, nan 
-85.375, 84.375, 7.939218020240523e-23, nan 
-85.125, 84.375, 9.341532825953684e-23, nan 
-84.875, 84.375, 1.1656001743948256e-22, nan 
-84.625, 84.375, 1.3636752100017614e-22, nan 
-84.375, 84.375, 1.4999248505826524e-22, nan 
-84.125, 84.375, 1.6252006937081417e-22, nan 
-83.875, 84.375, 1.6557852253712643e-22, nan 
-83.625, 84.375, 1.973256860350195e-22, nan 
-83.375, 84.375, 1.9022688234661955e-22, nan 
-83.125, 84.375, 1.9877474817002738e-22, nan 
-82.875, 84.375, 2.1742148736111858e-22, nan 
-82.625, 84.375, 2.4982023170633545e-22, nan 
-82.375, 84.375, 2.4052395645067425e-22, nan 
-82.125, 84.375, 2.0292043343923055e-22, nan 
-81.875, 84.375, 2.4750893834382405e-22, nan 
-81.625, 84.375, 2.3086960337414987e-22, nan 
-81.375, 84.375, 1.794697594632621e-22, nan 
-81.125, 84.375, 1.4694023036264807e-22, nan 
-80.875, 84.375, 1.292539773788444e-22, nan 
-80.625, 84.375, 1.4125376041852734e-22, nan 
-80.375, 84.375, 1.274919675595816e-22, nan 
-80.125, 84.375, 1.255941908754898e-22, nan 
-79.875, 84.375, 1.2115750677486894e-22, nan 
-79.625, 84.375, 1.3710907714338223e-22, nan 
-79.375, 84.375, 1.281157819275792e-22, nan 
-79.125, 84.375, 1.3708030324316068e-22, nan 
-78.875, 84.375, 1.3225902418057644e-22, nan 
-78.625, 84.375, 1.1344978104847482e-22, nan 
-78.375, 84.375, 1.4609404690534716e-22, nan 
-78.125, 84.375, 1.6824056709228485e-22, nan 
-77.875, 84.375, 1.788617637390371e-22, nan 
-77.625, 84.375, 1.6020128881886107e-22, nan 
-77.375, 84.375, 1.5735902386349379e-22, nan 
-77.125, 84.375, 1.5014050934975765e-22, nan 
-76.875, 84.375, 1.655084264032694e-22, nan 
-76.625, 84.375, 1.8641640999794487e-22, nan 
-76.375, 84.375, 2.058334407232595e-22, nan 
-76.125, 84.375, 2.252495853053009e-22, nan 
-75.875, 84.375, 2.715059995033383e-22, nan 
-75.625, 84.375, 3.4511711548047907e-22, nan 
-75.375, 84.375, 4.1866735504349376e-22, nan 
-75.125, 84.375, 4.412097961762937e-22, nan 
-74.875, 84.375, 4.156010556028607e-22, nan 
-74.625, 84.375, 3.926975120774453e-22, nan 
-74.375, 84.375, 4.298135141630779e-22, nan 
-74.125, 84.375, 4.118629328096392e-22, nan 
-73.875, 84.375, 4.175770680196602e-22, nan 
-73.625, 84.375, 4.550488204959339e-22, nan 
-73.375, 84.375, 3.468149038574503e-22, nan 
-73.125, 84.375, 2.9277487476409534e-22, nan 
-72.875, 84.375, 3.4992052946938597e-22, nan 
-72.625, 84.375, 4.433288290834633e-22, nan 
-72.375, 84.375, 4.31305559397968e-22, nan 
44.625, 84.375, 3.7905639267713505e-23, nan 
44.875, 84.375, 3.8920902283657544e-23, nan 
45.125, 84.375, 3.9713902011879464e-23, nan 
45.375, 84.375, 3.842228603490293e-23, nan 
45.625, 84.375, 3.72440386151504e-23, nan 
45.875, 84.375, 3.776933134096327e-23, nan 
46.125, 84.375, 3.998305146264002e-23, nan 
46.375, 84.375, 4.243325822066819e-23, nan 
46.625, 84.375, 4.3862197452374677e-23, nan 
46.875, 84.375, 4.212471525197952e-23, nan 
47.125, 84.375, 4.261420100448606e-23, nan 
47.375, 84.375, 4.342902024409361e-23, nan 
47.625, 84.375, 4.439698650213815e-23, nan 
47.875, 84.375, 4.4760040506982807e-23, nan 
48.125, 84.375, 4.5272652282733173e-23, nan 
48.375, 84.375, 4.893490230876402e-23, nan 
48.625, 84.375, 5.123662632107001e-23, nan 
48.875, 84.375, 5.133382114280695e-23, nan 
49.125, 84.375, 5.1268881284496815e-23, nan 
49.375, 84.375, 5.125284454008515e-23, nan 
49.625, 84.375, 5.164487027142609e-23, nan 
49.875, 84.375, 5.016166384990427e-23, nan 
50.125, 84.375, 4.8880217801699614e-23, nan 
50.375, 84.375, 5.0930146994681907e-23, nan 
50.625, 84.375, 5.0533227758807087e-23, nan 
50.875, 84.375, 5.124135950672043e-23, nan 
51.125, 84.375, 4.9647570739676415e-23, nan 
51.375, 84.375, 5.017834834751409e-23, nan 
51.625, 84.375, 5.127993615764307e-23, nan 
51.875, 84.375, 5.246674504000752e-23, nan 
52.125, 84.375, 5.125308943934301e-23, nan 
52.375, 84.375, 4.9599635594179734e-23, nan 
52.625, 84.375, 5.227494822846688e-23, nan 
52.875, 84.375, 5.550359417897664e-23, nan 
53.125, 84.375, 5.64124682666483e-23, nan 
53.375, 84.375, 5.0946560290135514e-23, nan 
53.625, 84.375, 5.1990745475071714e-23, nan 
53.875, 84.375, 5.664127396832363e-23, nan 
54.125, 84.375, 5.2318051772339087e-23, nan 
54.375, 84.375, 5.136534910387422e-23, nan 
54.625, 84.375, 4.951875210064953e-23, nan 
54.875, 84.375, 5.025926056419486e-23, nan 
55.125, 84.375, 5.568711159302619e-23, nan 
55.375, 84.375, 5.929498305193859e-23, nan 
55.625, 84.375, 5.995271324805998e-23, nan 
55.875, 84.375, 6.21785870977588e-23, nan 
56.125, 84.375, 7.021663969971061e-23, nan 
56.375, 84.375, 7.157435389845165e-23, nan 
56.625, 84.375, 6.944626201420911e-23, nan 
56.875, 84.375, 6.675020548839312e-23, nan 
57.125, 84.375, 7.343414599682542e-23, nan 
57.375, 84.375, 8.21052146921978e-23, nan 
57.625, 84.375, 8.373032791165223e-23, nan 
57.875, 84.375, 7.291896082684958e-23, nan 
58.125, 84.375, 7.673881151477279e-23, nan 
58.375, 84.375, 7.456501047090298e-23, nan 
58.625, 84.375, 7.41889416713923e-23, nan 
58.875, 84.375, 6.969824895791361e-23, nan 
59.125, 84.375, 6.803067956433201e-23, nan 
59.375, 84.375, 7.139838548222223e-23, nan 
59.625, 84.375, 7.435160063723016e-23, nan 
59.875, 84.375, 7.715205331613146e-23, nan 
60.125, 84.375, 6.905884247551825e-23, nan 
60.375, 84.375, 6.843727668356013e-23, nan 
60.625, 84.375, 7.359181823281277e-23, nan 
60.875, 84.375, 7.888163147772084e-23, nan 
61.125, 84.375, 8.294225857120429e-23, nan 
61.375, 84.375, 8.242608215473645e-23, nan 
61.625, 84.375, 7.951854696767322e-23, nan 
61.875, 84.375, 8.175421987975753e-23, nan 
62.125, 84.375, 8.266682597745374e-23, nan 
62.375, 84.375, 8.122002978693559e-23, nan 
62.625, 84.375, 8.395384046336137e-23, nan 
62.875, 84.375, 8.873638611807754e-23, nan 
63.125, 84.375, 8.884177559224991e-23, nan 
63.375, 84.375, 8.890820807244046e-23, nan 
63.625, 84.375, 8.96290308641333e-23, nan 
63.875, 84.375, 9.120796682937793e-23, nan 
64.125, 84.375, 9.191583981849503e-23, nan 
64.375, 84.375, 9.144080770312204e-23, nan 
64.625, 84.375, 9.303141032480318e-23, nan 
64.875, 84.375, 9.444792790650729e-23, nan 
65.125, 84.375, 9.764254991828638e-23, nan 
65.375, 84.375, 1.0109165767446027e-22, nan 
65.625, 84.375, 1.110201922887695e-22, nan 
65.875, 84.375, 1.1989646733070312e-22, nan 
66.125, 84.375, 1.245238675271799e-22, nan 
66.375, 84.375, 1.3499697029936345e-22, nan 
66.625, 84.375, 1.5549261587181823e-22, nan 
66.875, 84.375, 2.0480194558948657e-22, nan 
67.125, 84.375, 1.7564816462919017e-22, nan 
67.375, 84.375, 1.6754485488138606e-22, nan 
67.625, 84.375, 1.8737192046151716e-22, nan 
67.875, 84.375, 2.0835339758475011e-22, nan 
68.125, 84.375, 2.0293088028211224e-22, nan 
68.375, 84.375, 2.0829868378251916e-22, nan 
68.625, 84.375, 2.2123069182241453e-22, nan 
68.875, 84.375, 1.6881035053207319e-22, nan 
69.125, 84.375, 1.5174037463945614e-22, nan 
69.375, 84.375, 1.3959514723537885e-22, nan 
69.625, 84.375, 2.131439363306734e-22, nan 
69.875, 84.375, 1.694558622113614e-22, nan 
70.125, 84.375, 1.335950370755387e-22, nan 
70.375, 84.375, 1.1926187439206135e-22, nan 
70.625, 84.375, 1.2224277820130896e-22, nan 
70.875, 84.375, 1.1074030656078128e-22, nan 
71.125, 84.375, 9.731748905977867e-23, nan 
71.375, 84.375, 9.309609397869095e-23, nan 
71.625, 84.375, 9.376797798660992e-23, nan 
71.875, 84.375, 1.0562798344993462e-22, nan 
72.125, 84.375, 1.0650936787738577e-22, nan 
72.375, 84.375, 1.0361380905393891e-22, nan 
72.625, 84.375, 1.0527393858119973e-22, nan 
72.875, 84.375, 1.1209734072369756e-22, nan 
73.125, 84.375, 1.1854742508727474e-22, nan 
73.375, 84.375, 1.1469325185867696e-22, nan 
73.625, 84.375, 1.1347002506529912e-22, nan 
73.875, 84.375, 1.1922010423413155e-22, nan 
74.125, 84.375, 1.2783669715645663e-22, nan 
74.375, 84.375, 1.1526210716191857e-22, nan 
74.625, 84.375, 1.053395851682434e-22, nan 
74.875, 84.375, 1.043534738840669e-22, nan 
75.125, 84.375, 1.0264274091380561e-22, nan 
75.375, 84.375, 1.029395262163436e-22, nan 
75.625, 84.375, 1.0117108552733431e-22, nan 
75.875, 84.375, 9.743698229662725e-23, nan 
76.125, 84.375, 9.538471237549461e-23, nan 
76.375, 84.375, 1.01035466710019e-22, nan 
76.625, 84.375, 1.0407550871796817e-22, nan 
76.875, 84.375, 1.0585080815646727e-22, nan 
77.125, 84.375, 1.1343153581154303e-22, nan 
77.375, 84.375, 1.2857533386533288e-22, nan 
77.625, 84.375, 1.340082728258731e-22, nan 
77.875, 84.375, 1.3722321633231624e-22, nan 
78.125, 84.375, 1.3817160518896018e-22, nan 
78.375, 84.375, 1.4986586182347265e-22, nan 
78.625, 84.375, 1.656257557392804e-22, nan 
78.875, 84.375, 1.913392429151495e-22, nan 
79.125, 84.375, 1.7536499704498027e-22, nan 
79.375, 84.375, 1.3917811738035523e-22, nan 
79.625, 84.375, 1.6591526034081893e-22, nan 
79.875, 84.375, 2.230934692489813e-22, nan 
80.125, 84.375, 2.330541548894643e-22, nan 
80.375, 84.375, 1.5502450356758945e-22, nan 
80.625, 84.375, 1.5046344346628932e-22, nan 
80.875, 84.375, 1.566068446943831e-22, nan 
81.125, 84.375, 1.5100018269110764e-22, nan 
81.375, 84.375, 1.428645451901308e-22, nan 
81.625, 84.375, 1.3551119230015621e-22, nan 
81.875, 84.375, 1.481346956896649e-22, nan 
82.125, 84.375, 1.6627624985616823e-22, nan 
82.375, 84.375, 1.6430908431661902e-22, nan 
82.625, 84.375, 1.5654134349023707e-22, nan 
82.875, 84.375, 1.66185266415712e-22, nan 
83.125, 84.375, 1.7720796407622315e-22, nan 
83.375, 84.375, 1.6090608581897357e-22, nan 
83.625, 84.375, 1.7808438480350225e-22, nan 
83.875, 84.375, 2.1021771997445166e-22, nan 
84.125, 84.375, 2.270229118222187e-22, nan 
84.375, 84.375, 2.1547130773421607e-22, nan 
84.625, 84.375, 2.525989825113853e-22, nan 
84.875, 84.375, 2.848078834737935e-22, nan 
85.125, 84.375, 2.7711616668408346e-22, nan 
85.375, 84.375, 2.373159005160872e-22, nan 
85.625, 84.375, 1.861834663882928e-22, nan 
85.875, 84.375, 1.913521274894744e-22, nan 
86.125, 84.375, 1.7292149735195862e-22, nan 
86.375, 84.375, 1.9459493702319222e-22, nan 
86.625, 84.375, 2.238877526092376e-22, nan 
86.875, 84.375, 2.447012008676047e-22, nan 
87.125, 84.375, 2.5097967649674276e-22, nan 
87.375, 84.375, 2.8338573117482164e-22, nan 
87.625, 84.375, 3.0045797340122665e-22, nan 
87.875, 84.375, 3.1938844168312126e-22, nan 
88.125, 84.375, 3.1609889997366697e-22, nan 
88.375, 84.375, 3.021682627430548e-22, nan 
88.625, 84.375, 3.09225580828652e-22, nan 
88.875, 84.375, 2.971807287397965e-22, nan 
89.125, 84.375, 3.0838836492240127e-22, nan 
89.375, 84.375, 2.8600782709856073e-22, nan 
89.625, 84.375, 2.704580533778644e-22, nan 
89.875, 84.375, 2.902957959785857e-22, nan 
90.125, 84.375, 3.179749510643704e-22, nan 
90.375, 84.375, 3.1663632163124798e-22, nan 
90.625, 84.375, 2.5074177736204276e-22, nan 
90.875, 84.375, 2.104485510906145e-22, nan 
91.125, 84.375, 2.4787581005067195e-22, nan 
91.375, 84.375, 2.4391831824687477e-22, nan 
91.625, 84.375, 2.1188874359836744e-22, nan 
91.875, 84.375, 2.1322700578144044e-22, nan 
92.125, 84.375, 2.308224481331013e-22, nan 
92.375, 84.375, 2.526401117316287e-22, nan 
92.625, 84.375, 2.543581819698753e-22, nan 
92.875, 84.375, 2.645992024378478e-22, nan 
93.125, 84.375, 3.0482467356394785e-22, nan 
93.375, 84.375, 3.5611833021716894e-22, nan 
93.625, 84.375, 3.9702725014251327e-22, nan 
93.875, 84.375, 4.0477034792700825e-22, nan 
94.125, 84.375, 4.7272703428155175e-22, nan 
94.375, 84.375, 5.8701961929565325e-22, nan 
94.625, 84.375, 6.473427401478778e-22, nan 
94.875, 84.375, 5.2800764013819e-22, nan 
95.125, 84.375, 3.0586530709841874e-22, nan 
95.375, 84.375, 3.9036566837091385e-22, nan 
95.625, 84.375, 6.370116173140799e-22, nan 
95.875, 84.375, 4.62493885537263e-22, nan 
96.125, 84.375, 5.712741840948059e-22, nan 
96.375, 84.375, 7.377438900438022e-22, nan 
96.625, 84.375, 7.2226684839120435e-22, nan 
96.875, 84.375, 8.887026007543687e-22, nan 
97.125, 84.375, 1.1281434484853776e-21, nan 
97.375, 84.375, 1.288403759034657e-21, nan 
97.625, 84.375, 9.81892577959331e-22, nan 
97.875, 84.375, 1.8064561798499346e-22, nan 
98.125, 84.375, 5.479375584453442e-22, nan 
98.375, 84.375, 1.1752423711152242e-21, nan 
98.625, 84.375, 3.6956486699271946e-22, nan 
98.875, 84.375, 2.2765113850000133e-22, nan 
99.125, 84.375, 6.763237830870824e-22, nan 
99.375, 84.375, 7.084695281441974e-22, nan 
99.625, 84.375, 8.300536164065929e-22, nan 
99.875, 84.375, 9.125628813821262e-22, nan 
100.125, 84.375, 1.0384976379882012e-21, nan 
100.375, 84.375, 9.714403778230796e-22, nan 
100.625, 84.375, 1.0115671420258104e-21, nan 
100.875, 84.375, 1.238738560835479e-21, nan 
101.125, 84.375, 1.6849520642311983e-21, nan 
101.375, 84.375, 1.5561577032672597e-21, nan 
101.625, 84.375, 1.343276961937691e-21, nan 
101.875, 84.375, 1.6307639907515264e-21, nan 
102.125, 84.375, 1.8199854143401675e-21, nan 
102.375, 84.375, 1.3475017362108244e-21, nan 
102.625, 84.375, 1.0279447522329069e-21, nan 
102.875, 84.375, 9.939969076229891e-22, nan 
103.125, 84.375, 8.017517190601017e-22, nan 
103.375, 84.375, 7.24850752108282e-22, nan 
103.625, 84.375, 1.0224757108239487e-21, nan 
103.875, 84.375, 1.9773628627819195e-21, nan 
104.125, 84.375, 1.880540327093211e-21, nan 
104.375, 84.375, 1.0829816253412734e-21, nan 
104.625, 84.375, 2.0732320156491587e-21, nan 
104.875, 84.375, 2.9934457593412885e-21, nan 
105.125, 84.375, 1.8285928350063323e-21, nan 
105.375, 84.375, 1.011300033941724e-21, nan 
105.625, 84.375, 1.0871032501121494e-21, nan 
105.875, 84.375, 1.376593186216051e-21, nan 
106.125, 84.375, 1.4437986818229214e-21, nan 
106.375, 84.375, 1.512083478145906e-21, nan 
106.625, 84.375, 1.806335838899164e-21, nan 
106.875, 84.375, 1.8800246357832185e-21, nan 
107.125, 84.375, 1.9543278027987408e-21, nan 
107.375, 84.375, 1.8179275577004303e-21, nan 
107.625, 84.375, 1.957225351242453e-21, nan 
107.875, 84.375, 1.6770116830908808e-21, nan 
108.125, 84.375, 1.0099802954187097e-21, nan 
108.375, 84.375, 1.0812719551789385e-21, nan 
108.625, 84.375, 8.746670830594714e-22, nan 
108.875, 84.375, 9.838669454585225e-22, nan 
109.125, 84.375, 8.117840668208867e-22, nan 
109.375, 84.375, 7.187422624741842e-22, nan 
109.625, 84.375, 7.316920064452478e-22, nan 
109.875, 84.375, 7.811665107744121e-22, nan 
110.125, 84.375, 8.006157899950532e-22, nan 
110.375, 84.375, 8.404133262066392e-22, nan 
110.625, 84.375, 1.0072220309726398e-21, nan 
110.875, 84.375, 9.986296765009723e-22, nan 
111.125, 84.375, 1.245860557978967e-21, nan 
111.375, 84.375, 1.1501346561530778e-21, nan 
111.625, 84.375, 1.2112131405740184e-21, nan 
111.875, 84.375, 1.0555895802908543e-21, nan 
112.125, 84.375, 1.0683146518381466e-21, nan 
112.375, 84.375, 1.1273398529593327e-21, nan 
112.625, 84.375, 1.0229898790358138e-21, nan 
112.875, 84.375, 8.866495721709195e-22, nan 
113.125, 84.375, 8.963978128095257e-22, nan 
113.375, 84.375, 9.335335049119528e-22, nan 
113.625, 84.375, 8.935599491319357e-22, nan 
113.875, 84.375, 8.324302443221894e-22, nan 
114.125, 84.375, 1.0166291310089893e-21, nan 
114.375, 84.375, 1.1111858973410557e-21, nan 
114.625, 84.375, 1.1702028882084869e-21, nan 
114.875, 84.375, 1.1965266468213568e-21, nan 
115.125, 84.375, 1.185185060529595e-21, nan 
115.375, 84.375, 1.3691860888643753e-21, nan 
115.625, 84.375, 1.5059597269201504e-21, nan 
115.875, 84.375, 1.7678749556353264e-21, nan 
116.125, 84.375, 1.7232505579553016e-21, nan 
116.375, 84.375, 1.6668536816515376e-21, nan 
116.625, 84.375, 1.787143723118169e-21, nan 
116.875, 84.375, 1.9089677607349425e-21, nan 
117.125, 84.375, 1.8440674775834496e-21, nan 
117.375, 84.375, 1.9084091992935063e-21, nan 
117.625, 84.375, 2.010069982757673e-21, nan 
117.875, 84.375, 1.6420480461455513e-21, nan 
118.125, 84.375, 1.980224207407788e-21, nan 
118.375, 84.375, 1.931874453961949e-21, nan 
118.625, 84.375, 1.869596860627823e-21, nan 
118.875, 84.375, 1.733298095713488e-21, nan 
119.125, 84.375, 1.9839083778953e-21, nan 
119.375, 84.375, 2.3355980938335304e-21, nan 
119.625, 84.375, 1.7156562769894977e-21, nan 
119.875, 84.375, 1.6927882494561346e-21, nan 
120.125, 84.375, 1.3108386719059561e-21, nan 
120.375, 84.375, 6.6465713581180965e-22, nan 
120.625, 84.375, 1.8160080988337768e-21, nan 
120.875, 84.375, 2.4378571671136483e-21, nan 
121.125, 84.375, 2.5920608940858624e-21, nan 
121.375, 84.375, 2.5159365987077754e-21, nan 
121.625, 84.375, 2.3808681739107415e-21, nan 
121.875, 84.375, 2.0768124110631423e-21, nan 
122.125, 84.375, 2.1659600523880808e-21, nan 
122.375, 84.375, 2.2123839939140656e-21, nan 
122.625, 84.375, 2.079562196903906e-21, nan 
122.875, 84.375, 2.1212659618188937e-21, nan 
123.125, 84.375, 2.869460909280853e-21, nan 
123.375, 84.375, 2.9596603518612972e-21, nan 
123.625, 84.375, 2.4411170872337852e-21, nan 
123.875, 84.375, 2.1282481461894592e-21, nan 
124.125, 84.375, 2.4036275350074128e-21, nan 
124.375, 84.375, 2.7101137618858495e-21, nan 
124.625, 84.375, 3.1818198379319013e-21, nan 
124.875, 84.375, 3.572523243403222e-21, nan 
125.125, 84.375, 3.596764060609878e-21, nan 
125.375, 84.375, 3.728254971735941e-21, nan 
125.625, 84.375, 3.968107685349013e-21, nan 
125.875, 84.375, 4.392644665264448e-21, nan 
126.125, 84.375, 4.7271196241849005e-21, nan 
126.375, 84.375, 4.378999613657891e-21, nan 
126.625, 84.375, 3.810967554496221e-21, nan 
126.875, 84.375, 2.5116850773613206e-21, nan 
127.125, 84.375, 1.89608630446492e-21, nan 
127.375, 84.375, 3.070258870876716e-21, nan 
127.625, 84.375, 4.082557900174296e-21, nan 
127.875, 84.375, 4.679412425216129e-21, nan 
128.125, 84.375, 5.0002320496570225e-21, nan 
128.375, 84.375, 5.499206451586923e-21, nan 
128.625, 84.375, 5.572779735207235e-21, nan 
128.875, 84.375, 5.7293261073172575e-21, nan 
129.125, 84.375, 5.3025388359766355e-21, nan 
129.375, 84.375, 4.378679598999129e-21, nan 
129.625, 84.375, 2.5843780947066132e-21, nan 
129.875, 84.375, 3.029586527644617e-21, nan 
130.125, 84.375, 5.892144868318327e-21, nan 
130.375, 84.375, 6.062918162303364e-21, nan 
130.625, 84.375, 5.7522906461718644e-21, nan 
130.875, 84.375, 5.84948436785248e-21, nan 
131.125, 84.375, 6.830486829444839e-21, nan 
131.375, 84.375, 6.315972147184291e-21, nan 
131.625, 84.375, 6.268326421929715e-21, nan 
131.875, 84.375, 6.059519273213698e-21, nan 
132.125, 84.375, 6.043011808595275e-21, nan 
132.375, 84.375, 5.588753289096501e-21, nan 
132.625, 84.375, 5.3678956436618494e-21, nan 
132.875, 84.375, 5.563017878661285e-21, nan 
133.125, 84.375, 4.823137941072194e-21, nan 
133.375, 84.375, 4.712523488480227e-21, nan 
133.625, 84.375, 4.615267282660638e-21, nan 
133.875, 84.375, 4.931742370450706e-21, nan 
134.125, 84.375, 5.1851236157481134e-21, nan 
134.375, 84.375, 5.172991055663079e-21, nan 
134.625, 84.375, 5.030896984045882e-21, nan 
134.875, 84.375, 5.0566566789278606e-21, nan 
135.125, 84.375, 5.199819852633383e-21, nan 
135.375, 84.375, 5.67070878966486e-21, nan 
135.625, 84.375, 6.212318411160794e-21, nan 
135.875, 84.375, 6.413659885156786e-21, nan 
136.125, 84.375, 6.096639230854551e-21, nan 
136.375, 84.375, 6.248644836586135e-21, nan 
136.625, 84.375, 6.1660495799669964e-21, nan 
136.875, 84.375, 6.3898253662217734e-21, nan 
137.125, 84.375, 6.389826878047902e-21, nan 
137.375, 84.375, 6.53717980162096e-21, nan 
137.625, 84.375, 6.693182670088375e-21, nan 
137.875, 84.375, 7.14076715765426e-21, nan 
138.125, 84.375, 8.137051660679598e-21, nan 
138.375, 84.375, 9.1969843810675e-21, nan 
138.625, 84.375, 1.022461948483035e-20, nan 
138.875, 84.375, 1.1130748141562638e-20, nan 
139.125, 84.375, 1.2222550196481143e-20, nan 
139.375, 84.375, 1.2363235268826225e-20, nan 
139.625, 84.375, 1.3260505433312824e-20, nan 
139.875, 84.375, 1.3991454221131307e-20, nan 
140.125, 84.375, 1.4664703367477172e-20, nan 
140.375, 84.375, 1.4286794570398936e-20, nan 
140.625, 84.375, 1.4906747247116355e-20, nan 
140.875, 84.375, 1.6003023079916475e-20, nan 
141.125, 84.375, 1.6807006892029298e-20, nan 
141.375, 84.375, 1.6252003245521558e-20, nan 
141.625, 84.375, 1.5750851139046336e-20, nan 
141.875, 84.375, 1.5700394577423864e-20, nan 
142.125, 84.375, 1.5973511046395936e-20, nan 
142.375, 84.375, 1.5392266863645463e-20, nan 
142.625, 84.375, 1.4086305866249595e-20, nan 
142.875, 84.375, 1.4086222780600103e-20, nan 
143.125, 84.375, 1.567550506224819e-20, nan 
143.375, 84.375, 1.1202412123559816e-20, nan 
143.625, 84.375, 7.66428635135766e-21, nan 
143.875, 84.375, 8.915291705130332e-21, nan 
144.125, 84.375, 8.888376256503694e-21, nan 
144.375, 84.375, 9.418475429724082e-21, nan 
144.625, 84.375, 9.566629311161039e-21, nan 
144.875, 84.375, 9.341486363859152e-21, nan 
145.125, 84.375, 8.869624658632775e-21, nan 
145.375, 84.375, 8.032159388843464e-21, nan 
145.625, 84.375, 8.105665394140081e-21, nan 
145.875, 84.375, 9.334785269291873e-21, nan 
146.125, 84.375, 6.721955127850423e-21, nan 
146.375, 84.375, 2.6518566663470706e-21, nan 
146.625, 84.375, 1.6132788184928902e-21, nan 
146.875, 84.375, 1.4911820031091805e-21, nan 
147.125, 84.375, 1.5713725120206323e-21, nan 
147.375, 84.375, 1.5884366078873498e-21, nan 
147.625, 84.375, 1.6993127748709355e-21, nan 
147.875, 84.375, 1.9396612498089386e-21, nan 
148.125, 84.375, 2.2305535590552207e-21, nan 
148.375, 84.375, 2.295437150039745e-21, nan 
148.625, 84.375, 2.345713138631127e-21, nan 
148.875, 84.375, 2.354454692140619e-21, nan 
149.125, 84.375, 2.266457186607706e-21, nan 
149.375, 84.375, 2.0675943616976036e-21, nan 
149.625, 84.375, 1.8834915493793584e-21, nan 
149.875, 84.375, 1.8504745737386103e-21, nan 
150.125, 84.375, 1.5258187262047666e-21, nan 
150.375, 84.375, 1.428191455623074e-21, nan 
150.625, 84.375, 1.3155582204199876e-21, nan 
150.875, 84.375, 1.2156465923748937e-21, nan 
151.125, 84.375, 1.1615014708261908e-21, nan 
151.375, 84.375, 1.4092308639098514e-21, nan 
151.625, 84.375, 1.4411627418736497e-21, nan 
151.875, 84.375, 1.7856869069593065e-21, nan 
152.125, 84.375, 1.8174049557903925e-21, nan 
152.375, 84.375, 1.725682729117902e-21, nan 
152.625, 84.375, 2.0963926173660243e-21, nan 
152.875, 84.375, 2.5013429984144783e-21, nan 
153.125, 84.375, 3.679940686278757e-21, nan 
153.375, 84.375, 4.778121674505777e-21, nan 
153.625, 84.375, 6.242604377161725e-21, nan 
153.875, 84.375, 5.870134755370291e-21, nan 
154.125, 84.375, 4.783022603427848e-21, nan 
154.375, 84.375, 4.403251981564997e-21, nan 
154.625, 84.375, 4.301594614877956e-21, nan 
154.875, 84.375, 4.093344910445721e-21, nan 
155.125, 84.375, 3.517329892665595e-21, nan 
155.375, 84.375, 4.7821765019314514e-21, nan 
155.625, 84.375, 4.607410375926948e-21, nan 
155.875, 84.375, 5.117303318612755e-21, nan 
156.125, 84.375, 7.1269261857468e-21, nan 
156.375, 84.375, 1.0528218205046586e-20, nan 
156.625, 84.375, 1.0048551573602663e-20, nan 
156.875, 84.375, 8.769011565020697e-21, nan 
157.125, 84.375, 8.816627329892504e-21, nan 
157.375, 84.375, 8.746691257339908e-21, nan 
157.625, 84.375, 8.11640812917704e-21, nan 
157.875, 84.375, 7.303871751988631e-21, nan 
158.125, 84.375, 6.739460056145884e-21, nan 
158.375, 84.375, 6.859024714916607e-21, nan 
158.625, 84.375, 7.503693428784241e-21, nan 
158.875, 84.375, 8.525057894017508e-21, nan 
159.125, 84.375, 1.0199648266470106e-20, nan 
159.375, 84.375, 1.092384088472672e-20, nan 
159.625, 84.375, 9.89239619437933e-21, nan 
159.875, 84.375, 9.76101111613292e-21, nan 
160.125, 84.375, 8.943263713530704e-21, nan 
160.375, 84.375, 8.780703000821242e-21, nan 
160.625, 84.375, 7.804829333416726e-21, nan 
160.875, 84.375, 6.779859418531361e-21, nan 
161.125, 84.375, 5.262643139699453e-21, nan 
161.375, 84.375, 4.827162924764432e-21, nan 
161.625, 84.375, 4.532656308017288e-21, nan 
161.875, 84.375, 3.838365022306768e-21, nan 
162.125, 84.375, 2.947072638636614e-21, nan 
162.375, 84.375, 2.045324965964052e-21, nan 
162.625, 84.375, 1.3611215602041692e-21, nan 
162.875, 84.375, 1.1097528871566046e-21, nan 
163.125, 84.375, 1.1325392960441397e-21, nan 
163.375, 84.375, 7.723802273063917e-22, nan 
163.625, 84.375, 7.7353793483922705e-22, nan 
163.875, 84.375, 8.101674851881732e-22, nan 
164.125, 84.375, 7.915471258361656e-22, nan 
164.375, 84.375, 6.755238930508444e-22, nan 
164.625, 84.375, 6.49659353659804e-22, nan 
164.875, 84.375, 7.059556104640359e-22, nan 
165.125, 84.375, 7.699690700534893e-22, nan 
165.375, 84.375, 7.725272973472171e-22, nan 
165.625, 84.375, 7.386839660533704e-22, nan 
165.875, 84.375, 8.174035812983959e-22, nan 
166.125, 84.375, 8.687308406285986e-22, nan 
166.375, 84.375, 1.1030377373195583e-21, nan 
166.625, 84.375, 1.2059468300100162e-21, nan 
166.875, 84.375, 1.183809237936233e-21, nan 
167.125, 84.375, 1.2345973806715088e-21, nan 
167.375, 84.375, 1.19766581288926e-21, nan 
167.625, 84.375, 1.0900697004959901e-21, nan 
167.875, 84.375, 1.063496071084911e-21, nan 
168.125, 84.375, 1.2236784549196587e-21, nan 
168.375, 84.375, 1.3192230677651422e-21, nan 
168.625, 84.375, 1.1033862045150344e-21, nan 
168.875, 84.375, 9.316373442951095e-22, nan 
169.125, 84.375, 9.214581471173146e-22, nan 
169.375, 84.375, 1.04274536330919e-21, nan 
169.625, 84.375, 1.0492567713739746e-21, nan 
169.875, 84.375, 9.952978007705249e-22, nan 
170.125, 84.375, 9.989087005341572e-22, nan 
170.375, 84.375, 9.980933971371628e-22, nan 
170.625, 84.375, 9.547092642674217e-22, nan 
170.875, 84.375, 8.316438124649573e-22, nan 
171.125, 84.375, 7.483093863523973e-22, nan 
171.375, 84.375, 8.545075756353444e-22, nan 
171.625, 84.375, 9.753474893744525e-22, nan 
171.875, 84.375, 8.75833109649523e-22, nan 
172.125, 84.375, 7.553305827803689e-22, nan 
172.375, 84.375, 7.3748882262387655e-22, nan 
172.625, 84.375, 7.972852524955089e-22, nan 
172.875, 84.375, 8.178931836039375e-22, nan 
173.125, 84.375, 8.439015203103242e-22, nan 
173.375, 84.375, 8.129256556766355e-22, nan 
173.625, 84.375, 8.774193024066668e-22, nan 
173.875, 84.375, 9.702935016580675e-22, nan 
174.125, 84.375, 9.379376311434795e-22, nan 
174.375, 84.375, 8.474185084348895e-22, nan 
174.625, 84.375, 8.653099163980106e-22, nan 
174.875, 84.375, 9.987826029209782e-22, nan 
175.125, 84.375, 1.0781725185314432e-21, nan 
175.375, 84.375, 1.0890565816464755e-21, nan 
175.625, 84.375, 1.0829941352607479e-21, nan 
175.875, 84.375, 1.2018044580430781e-21, nan 
176.125, 84.375, 1.2726744019707828e-21, nan 
176.375, 84.375, 1.3029893153967762e-21, nan 
176.625, 84.375, 1.2752965859452864e-21, nan 
176.875, 84.375, 1.2274105024512418e-21, nan 
177.125, 84.375, 1.2148328301486066e-21, nan 
177.375, 84.375, 1.2149057308820626e-21, nan 
177.625, 84.375, 1.113575982091031e-21, nan 
177.875, 84.375, 1.1789020397670654e-21, nan 
178.125, 84.375, 1.2247398233216396e-21, nan 
178.375, 84.375, 1.2456723338476406e-21, nan 
178.625, 84.375, 1.165599420522069e-21, nan 
178.875, 84.375, 1.133258847087669e-21, nan 
179.125, 84.375, 1.1891610681098084e-21, nan 
179.375, 84.375, 1.3258964293420752e-21, nan 
179.625, 84.375, 1.3339373212980853e-21, nan 
179.875, 84.375, 1.315380822706214e-21, nan 
-179.875, 84.625, 5.391590520469734e-21, nan 
-179.625, 84.625, 5.5728964465760564e-21, nan 
-179.375, 84.625, 5.323243895092728e-21, nan 
-179.125, 84.625, 1.4921749029480068e-21, nan 
-178.875, 84.625, 2.462698088910468e-21, nan 
-178.625, 84.625, 2.5729616109333814e-21, nan 
-178.375, 84.625, 3.015794978916574e-21, nan 
-178.125, 84.625, 2.8022308348001834e-21, nan 
-177.875, 84.625, 3.374400078231875e-21, nan 
-177.625, 84.625, 3.3925446929625145e-21, nan 
-177.375, 84.625, 3.0383926764859507e-21, nan 
-177.125, 84.625, 2.4430351670113933e-21, nan 
-176.875, 84.625, 1.8874999419688444e-21, nan 
-176.625, 84.625, 1.5595744910630892e-21, nan 
-176.375, 84.625, 1.7603737150163387e-21, nan 
-176.125, 84.625, 1.689940253372042e-21, nan 
-175.875, 84.625, 1.25492202527587e-21, nan 
-175.625, 84.625, 1.7946036633052783e-21, nan 
-175.375, 84.625, 1.978816320514634e-21, nan 
-175.125, 84.625, 2.5676609642114415e-21, nan 
-174.875, 84.625, 2.8585019621806498e-21, nan 
-174.625, 84.625, 2.939471290032693e-21, nan 
-174.375, 84.625, 3.184600914459188e-21, nan 
-174.125, 84.625, 3.212277769134666e-21, nan 
-173.875, 84.625, 2.9652035311268167e-21, nan 
-173.625, 84.625, 3.119473187583311e-21, nan 
-173.375, 84.625, 3.0313827261206943e-21, nan 
-173.125, 84.625, 2.797001662231929e-21, nan 
-172.875, 84.625, 2.98869113179048e-21, nan 
-172.625, 84.625, 3.1375655879658907e-21, nan 
-172.375, 84.625, 2.9579654304596594e-21, nan 
-172.125, 84.625, 2.4962009067079616e-21, nan 
-171.875, 84.625, 2.5582545189354543e-21, nan 
-171.625, 84.625, 2.745621541370076e-21, nan 
-171.375, 84.625, 2.6236514574680628e-21, nan 
-171.125, 84.625, 2.2564173499717027e-21, nan 
-170.875, 84.625, 2.1454922984275986e-21, nan 
-170.625, 84.625, 2.0383278181614164e-21, nan 
-170.375, 84.625, 2.1762850402477416e-21, nan 
-170.125, 84.625, 1.9852131687660514e-21, nan 
-169.875, 84.625, 2.158229895073586e-21, nan 
-169.625, 84.625, 2.4275825267223257e-21, nan 
-169.375, 84.625, 2.4306470845758116e-21, nan 
-169.125, 84.625, 3.144827285861441e-21, nan 
-168.875, 84.625, 3.9610532365081255e-21, nan 
-168.625, 84.625, 4.276237898957271e-21, nan 
-168.375, 84.625, 4.1968614721141145e-21, nan 
-168.125, 84.625, 3.5898167463003665e-21, nan 
-167.875, 84.625, 2.6146157558898074e-21, nan 
-167.625, 84.625, 2.6776016396100708e-21, nan 
-167.375, 84.625, 1.8076116767398432e-21, nan 
-167.125, 84.625, 1.3723122439794313e-21, nan 
-166.875, 84.625, 1.3470908294279307e-21, nan 
-166.625, 84.625, 1.0919869903979378e-21, nan 
-166.375, 84.625, 1.7804749035300682e-21, nan 
-166.125, 84.625, 2.7735383717717638e-21, nan 
-165.875, 84.625, 2.6806172576354886e-21, nan 
-165.625, 84.625, 2.7495433260798245e-21, nan 
-165.375, 84.625, 2.8153783681170666e-21, nan 
-165.125, 84.625, 3.2499303459744267e-21, nan 
-164.875, 84.625, 3.948597907561674e-21, nan 
-164.625, 84.625, 4.9216225227307196e-21, nan 
-164.375, 84.625, 5.448700116685178e-21, nan 
-164.125, 84.625, 5.93923362061177e-21, nan 
-163.875, 84.625, 5.817148002134326e-21, nan 
-163.625, 84.625, 6.261469390590183e-21, nan 
-163.375, 84.625, 5.979506053047666e-21, nan 
-163.125, 84.625, 6.045204392468827e-21, nan 
-162.875, 84.625, 5.586921566760493e-21, nan 
-162.625, 84.625, 5.476540315533345e-21, nan 
-162.375, 84.625, 5.30446825993828e-21, nan 
-162.125, 84.625, 5.192061765427589e-21, nan 
-161.875, 84.625, 6.050588894791805e-21, nan 
-161.625, 84.625, 5.9579447202394015e-21, nan 
-161.375, 84.625, 7.060883900288715e-21, nan 
-161.125, 84.625, 7.195218217721094e-21, nan 
-160.875, 84.625, 7.066991012160454e-21, nan 
-160.625, 84.625, 8.15725702005409e-21, nan 
-160.375, 84.625, 1.2254304350512876e-20, nan 
-160.125, 84.625, 1.3810466118896304e-20, nan 
-159.875, 84.625, 1.409230601997718e-20, nan 
-159.625, 84.625, 1.424070961165526e-20, nan 
-159.375, 84.625, 1.3324515171688779e-20, nan 
-159.125, 84.625, 1.1370308691541129e-20, nan 
-158.875, 84.625, 1.0850273185677491e-20, nan 
-158.625, 84.625, 1.0612617834032906e-20, nan 
-158.375, 84.625, 1.0514093458146002e-20, nan 
-158.125, 84.625, 1.0607508657544892e-20, nan 
-157.875, 84.625, 1.0653170677783148e-20, nan 
-157.625, 84.625, 1.0072611029043172e-20, nan 
-157.375, 84.625, 9.688035923396924e-21, nan 
-157.125, 84.625, 9.505766282368028e-21, nan 
-156.875, 84.625, 9.230151011953748e-21, nan 
-156.625, 84.625, 9.677462659438397e-21, nan 
-156.375, 84.625, 1.02355284400153e-20, nan 
-156.125, 84.625, 1.0723746527191919e-20, nan 
-155.875, 84.625, 1.0907452355913196e-20, nan 
-155.625, 84.625, 1.1011156538961216e-20, nan 
-155.375, 84.625, 1.1006217754452598e-20, nan 
-155.125, 84.625, 1.1098382649501627e-20, nan 
-154.875, 84.625, 1.104152635826994e-20, nan 
-154.625, 84.625, 1.1156917733742244e-20, nan 
-154.375, 84.625, 1.0569931560766847e-20, nan 
-154.125, 84.625, 9.475576938222761e-21, nan 
-153.875, 84.625, 5.3898910459651055e-21, nan 
-153.625, 84.625, 5.3762936601592256e-21, nan 
-153.375, 84.625, 5.090273365824707e-21, nan 
-153.125, 84.625, 4.398257965522581e-21, nan 
-152.875, 84.625, 4.981269547491447e-21, nan 
-152.625, 84.625, 5.2868762841894666e-21, nan 
-152.375, 84.625, 5.74952134397759e-21, nan 
-152.125, 84.625, 7.282434112978216e-21, nan 
-151.875, 84.625, 7.988359515825309e-21, nan 
-151.625, 84.625, 7.36193692379189e-21, nan 
-151.375, 84.625, 6.861310200543175e-21, nan 
-151.125, 84.625, 4.9101993207924316e-21, nan 
-150.875, 84.625, 4.062702981082182e-21, nan 
-150.625, 84.625, 3.9558814347779396e-21, nan 
-150.375, 84.625, 3.3708117272463396e-21, nan 
-150.125, 84.625, 2.391110519186926e-21, nan 
-149.875, 84.625, 2.756168387453348e-21, nan 
-149.625, 84.625, 5.279868994211092e-21, nan 
-149.375, 84.625, 6.286764224488413e-21, nan 
-149.125, 84.625, 6.39124879653322e-21, nan 
-148.875, 84.625, 6.909586875449718e-21, nan 
-148.625, 84.625, 7.450213719576769e-21, nan 
-148.375, 84.625, 8.188351521390459e-21, nan 
-148.125, 84.625, 9.376721696630224e-21, nan 
-147.875, 84.625, 9.313483188249895e-21, nan 
-147.625, 84.625, 8.395853709052293e-21, nan 
-147.375, 84.625, 8.03885800797689e-21, nan 
-147.125, 84.625, 9.2321709260383e-21, nan 
-146.875, 84.625, 9.549237779357962e-21, nan 
-146.625, 84.625, 9.98915715505023e-21, nan 
-146.375, 84.625, 9.800009586145833e-21, nan 
-146.125, 84.625, 9.695471835467572e-21, nan 
-145.875, 84.625, 9.011918113432354e-21, nan 
-145.625, 84.625, 7.654387379826396e-21, nan 
-145.375, 84.625, 6.642449830788448e-21, nan 
-145.125, 84.625, 6.505585265192058e-21, nan 
-144.875, 84.625, 7.101417333857213e-21, nan 
-144.625, 84.625, 6.416575431839853e-21, nan 
-144.375, 84.625, 7.043389224614871e-21, nan 
-144.125, 84.625, 7.552952807706945e-21, nan 
-143.875, 84.625, 8.284692834000573e-21, nan 
-143.625, 84.625, 8.163500363619244e-21, nan 
-143.375, 84.625, 8.42474790688932e-21, nan 
-143.125, 84.625, 8.38407929208274e-21, nan 
-142.875, 84.625, 7.512672877909534e-21, nan 
-142.625, 84.625, 6.0113616700264636e-21, nan 
-142.375, 84.625, 6.154961817852298e-21, nan 
-142.125, 84.625, 7.088641688936897e-21, nan 
-141.875, 84.625, 6.662586098552997e-21, nan 
-141.625, 84.625, 5.344311083548021e-21, nan 
-141.375, 84.625, 5.145549968654718e-21, nan 
-141.125, 84.625, 5.371517835866869e-21, nan 
-140.875, 84.625, 5.318642242985873e-21, nan 
-140.625, 84.625, 4.7950947998807014e-21, nan 
-140.375, 84.625, 4.951226407979933e-21, nan 
-140.125, 84.625, 4.620599694947018e-21, nan 
-139.875, 84.625, 3.6078741049701736e-21, nan 
-139.625, 84.625, 3.777828702682249e-21, nan 
-139.375, 84.625, 4.150631406663439e-21, nan 
-139.125, 84.625, 4.346907527705491e-21, nan 
-138.875, 84.625, 4.353460399598734e-21, nan 
-138.625, 84.625, 4.42151370216456e-21, nan 
-138.375, 84.625, 4.6125846936536866e-21, nan 
-138.125, 84.625, 4.678147237938853e-21, nan 
-137.875, 84.625, 4.908843154963824e-21, nan 
-137.625, 84.625, 5.2082169093923205e-21, nan 
-137.375, 84.625, 5.2249745765876045e-21, nan 
-137.125, 84.625, 4.300139156571745e-21, nan 
-136.875, 84.625, 3.6348162956166124e-21, nan 
-136.625, 84.625, 2.7276868715831363e-21, nan 
-136.375, 84.625, 2.7677101755722113e-21, nan 
-136.125, 84.625, 2.4503354029615558e-21, nan 
-135.875, 84.625, 2.2627547822592763e-21, nan 
-135.625, 84.625, 1.910876478323301e-21, nan 
-135.375, 84.625, 2.103903649119544e-21, nan 
-135.125, 84.625, 1.4260972363466086e-21, nan 
-134.875, 84.625, 1.3094188815168782e-21, nan 
-134.625, 84.625, 1.3245617842190048e-21, nan 
-134.375, 84.625, 1.384637278826606e-21, nan 
-134.125, 84.625, 1.5237823176535513e-21, nan 
-133.875, 84.625, 1.677273488793207e-21, nan 
-133.625, 84.625, 1.834989423761086e-21, nan 
-133.375, 84.625, 1.9913223904432313e-21, nan 
-133.125, 84.625, 2.077515177409913e-21, nan 
-132.875, 84.625, 2.091356258491905e-21, nan 
-132.625, 84.625, 2.1128196303546724e-21, nan 
-132.375, 84.625, 2.0186518111578523e-21, nan 
-132.125, 84.625, 2.0553009717175473e-21, nan 
-131.875, 84.625, 2.1746675159881168e-21, nan 
-131.625, 84.625, 2.1748666125662826e-21, nan 
-131.375, 84.625, 2.1917791628332235e-21, nan 
-131.125, 84.625, 2.1339352883988528e-21, nan 
-130.875, 84.625, 1.9669479872203852e-21, nan 
-130.625, 84.625, 1.874546314305517e-21, nan 
-130.375, 84.625, 1.7857974056348653e-21, nan 
-130.125, 84.625, 1.701848204355252e-21, nan 
-129.875, 84.625, 1.6128799022940084e-21, nan 
-129.625, 84.625, 1.503542249121762e-21, nan 
-129.375, 84.625, 1.4269459586378934e-21, nan 
-129.125, 84.625, 1.3428995742824272e-21, nan 
-128.875, 84.625, 1.2684999286506962e-21, nan 
-128.625, 84.625, 1.1888952000573536e-21, nan 
-128.375, 84.625, 1.0819287328245896e-21, nan 
-128.125, 84.625, 9.333771855459497e-22, nan 
-127.875, 84.625, 8.391511055117097e-22, nan 
-127.625, 84.625, 7.19464874712057e-22, nan 
-127.375, 84.625, 7.62028375167662e-22, nan 
-127.125, 84.625, 8.363465526425686e-22, nan 
-126.875, 84.625, 1.063556809609991e-21, nan 
-126.625, 84.625, 1.179077500974536e-21, nan 
-126.375, 84.625, 1.2447239837485774e-21, nan 
-126.125, 84.625, 1.3361604537441987e-21, nan 
-125.875, 84.625, 1.1602584613680268e-21, nan 
-125.625, 84.625, 1.0175152516167464e-21, nan 
-125.375, 84.625, 8.3673404426159095e-22, nan 
-125.125, 84.625, 6.522897263522428e-22, nan 
-124.875, 84.625, 5.16715344825909e-22, nan 
-124.625, 84.625, 4.905226865585288e-22, nan 
-124.375, 84.625, 4.845996648929761e-22, nan 
-124.125, 84.625, 4.864708344883306e-22, nan 
-123.875, 84.625, 5.6366611672614055e-22, nan 
-123.625, 84.625, 6.442688363889954e-22, nan 
-123.375, 84.625, 7.999347373902355e-22, nan 
-123.125, 84.625, 1.000808154582705e-21, nan 
-122.875, 84.625, 1.2524138806541469e-21, nan 
-122.625, 84.625, 1.415229862055003e-21, nan 
-122.375, 84.625, 1.6250359916537224e-21, nan 
-122.125, 84.625, 1.6936683915541713e-21, nan 
-121.875, 84.625, 1.7014713232268296e-21, nan 
-121.625, 84.625, 1.6382348512012978e-21, nan 
-121.375, 84.625, 1.6313663087908455e-21, nan 
-121.125, 84.625, 1.6321636904871614e-21, nan 
-120.875, 84.625, 1.4573072868676663e-21, nan 
-120.625, 84.625, 1.1013144191577235e-21, nan 
-120.375, 84.625, 9.170124733223796e-22, nan 
-120.125, 84.625, 6.435865725709055e-22, nan 
-119.875, 84.625, 6.358575382016775e-22, nan 
-119.625, 84.625, 1.712922702521265e-21, nan 
-119.375, 84.625, 2.3323856570766484e-21, nan 
-119.125, 84.625, 2.5588843411994637e-21, nan 
-118.875, 84.625, 3.4322228990731976e-21, nan 
-118.625, 84.625, 3.889971448918742e-21, nan 
-118.375, 84.625, 4.2396885897275344e-21, nan 
-118.125, 84.625, 4.3105747558083596e-21, nan 
-117.875, 84.625, 3.980899971152859e-21, nan 
-117.625, 84.625, 3.866086349421625e-21, nan 
-117.375, 84.625, 3.26859584683091e-21, nan 
-117.125, 84.625, 2.5967942989832933e-21, nan 
-116.875, 84.625, 2.0692752035882377e-21, nan 
-116.625, 84.625, 2.6307902162002385e-21, nan 
-116.375, 84.625, 3.0354078231414963e-21, nan 
-116.125, 84.625, 3.1955006526414574e-21, nan 
-115.875, 84.625, 3.3917236004764445e-21, nan 
-115.625, 84.625, 3.3720929985684436e-21, nan 
-115.375, 84.625, 3.2172667142402604e-21, nan 
-115.125, 84.625, 2.87410184045153e-21, nan 
-114.875, 84.625, 2.740461842644495e-21, nan 
-114.625, 84.625, 2.3178899675733235e-21, nan 
-114.375, 84.625, 1.8089522329004775e-21, nan 
-114.125, 84.625, 1.1334333638303083e-21, nan 
-113.875, 84.625, 1.0403580794331981e-21, nan 
-113.625, 84.625, 1.089460704017301e-21, nan 
-113.375, 84.625, 1.199850630590302e-21, nan 
-113.125, 84.625, 1.272329067090275e-21, nan 
-112.875, 84.625, 1.3675979135364732e-21, nan 
-112.625, 84.625, 1.406356753554705e-21, nan 
-112.375, 84.625, 1.5999184914746163e-21, nan 
-112.125, 84.625, 1.869927615925256e-21, nan 
-111.875, 84.625, 2.1197878210476374e-21, nan 
-111.625, 84.625, 2.116355755997529e-21, nan 
-111.375, 84.625, 2.198718652297656e-21, nan 
-111.125, 84.625, 2.2558672668913883e-21, nan 
-110.875, 84.625, 2.221889406847997e-21, nan 
-110.625, 84.625, 2.1814115893973896e-21, nan 
-110.375, 84.625, 2.05017103005128e-21, nan 
-110.125, 84.625, 1.8479052489827464e-21, nan 
-109.875, 84.625, 1.726246536410817e-21, nan 
-109.625, 84.625, 1.6273452484600666e-21, nan 
-109.375, 84.625, 1.5734813515753594e-21, nan 
-109.125, 84.625, 1.6257579293082313e-21, nan 
-108.875, 84.625, 1.678146997032131e-21, nan 
-108.625, 84.625, 1.7674626056334952e-21, nan 
-108.375, 84.625, 1.8752238875810376e-21, nan 
-108.125, 84.625, 1.9223776784864765e-21, nan 
-107.875, 84.625, 1.9064284738320265e-21, nan 
-107.625, 84.625, 1.6590904642006314e-21, nan 
-107.375, 84.625, 1.4607235077595681e-21, nan 
-107.125, 84.625, 1.3528771566451835e-21, nan 
-106.875, 84.625, 1.2349655900011175e-21, nan 
-106.625, 84.625, 9.668441310295274e-22, nan 
-106.375, 84.625, 9.523271574854354e-22, nan 
-106.125, 84.625, 9.556302606412775e-22, nan 
-105.875, 84.625, 9.536374610153124e-22, nan 
-105.625, 84.625, 9.391444120097321e-22, nan 
-105.375, 84.625, 9.250856953310196e-22, nan 
-105.125, 84.625, 9.308074285836808e-22, nan 
-104.875, 84.625, 9.477150480370604e-22, nan 
-104.625, 84.625, 9.32793731410002e-22, nan 
-104.375, 84.625, 8.928080774140737e-22, nan 
-104.125, 84.625, 7.515396236648925e-22, nan 
-103.875, 84.625, 7.21793322213718e-22, nan 
-103.625, 84.625, 6.836310226217456e-22, nan 
-103.375, 84.625, 5.3439807924820675e-22, nan 
-103.125, 84.625, 3.7170740332682197e-22, nan 
-102.875, 84.625, 2.5672003896153308e-22, nan 
-102.625, 84.625, 1.8081328195829274e-22, nan 
-102.375, 84.625, 1.8931505143954228e-22, nan 
-102.125, 84.625, 1.9845451141386905e-22, nan 
-101.875, 84.625, 1.829314088966926e-22, nan 
-101.625, 84.625, 1.7787506507941394e-22, nan 
-101.375, 84.625, 1.719148518752695e-22, nan 
-101.125, 84.625, 1.5977570283785496e-22, nan 
-100.875, 84.625, 1.3575369923006184e-22, nan 
-100.625, 84.625, 1.1272187059728554e-22, nan 
-100.375, 84.625, 1.118537017840318e-22, nan 
-100.125, 84.625, 1.0546294985743286e-22, nan 
-99.875, 84.625, 1.0402542822083657e-22, nan 
-99.625, 84.625, 1.1481125430357243e-22, nan 
-99.375, 84.625, 1.199322346406568e-22, nan 
-99.125, 84.625, 1.1636692643759113e-22, nan 
-98.875, 84.625, 1.2623045460898668e-22, nan 
-98.625, 84.625, 1.433059723976993e-22, nan 
-98.375, 84.625, 1.4392457506448318e-22, nan 
-98.125, 84.625, 1.4448757802889136e-22, nan 
-97.875, 84.625, 1.6988670452385078e-22, nan 
-97.625, 84.625, 1.7071162881153264e-22, nan 
-97.375, 84.625, 1.4810700047544846e-22, nan 
-97.125, 84.625, 1.3609970041854287e-22, nan 
-96.875, 84.625, 1.2593553461655207e-22, nan 
-96.625, 84.625, 1.1849548316494292e-22, nan 
-96.375, 84.625, 1.153070762493262e-22, nan 
-96.125, 84.625, 1.0077805459118247e-22, nan 
-95.875, 84.625, 1.4511337292725859e-22, nan 
-95.625, 84.625, 2.13561956778684e-22, nan 
-95.375, 84.625, 2.540175276528441e-22, nan 
-95.125, 84.625, 3.164540886284642e-22, nan 
-94.875, 84.625, 3.8487267270561536e-22, nan 
-94.625, 84.625, 3.7532951484088817e-22, nan 
-94.375, 84.625, 3.758626621127801e-22, nan 
-94.125, 84.625, 3.7121340034170137e-22, nan 
-93.875, 84.625, 4.025649095291409e-22, nan 
-93.625, 84.625, 4.1545751745001667e-22, nan 
-93.375, 84.625, 3.3887769128760123e-22, nan 
-93.125, 84.625, 2.7178705135256906e-22, nan 
-92.875, 84.625, 2.353631915649598e-22, nan 
-92.625, 84.625, 2.2924389831045667e-22, nan 
-92.375, 84.625, 2.368312463323326e-22, nan 
-92.125, 84.625, 2.552300591179699e-22, nan 
-91.875, 84.625, 2.540066421307489e-22, nan 
-91.625, 84.625, 2.829397296794792e-22, nan 
-91.375, 84.625, 2.736032148840984e-22, nan 
-91.125, 84.625, 2.9060045031203053e-22, nan 
-90.875, 84.625, 3.001699568353559e-22, nan 
-90.625, 84.625, 2.6023877604003975e-22, nan 
-90.375, 84.625, 2.0604756280987232e-22, nan 
-90.125, 84.625, 1.5261857491764924e-22, nan 
-89.875, 84.625, 1.388130731175382e-22, nan 
-89.625, 84.625, 1.1965058885339487e-22, nan 
-89.375, 84.625, 1.256818300645934e-22, nan 
-89.125, 84.625, 1.5360435913003863e-22, nan 
-88.875, 84.625, 1.389232505375952e-22, nan 
-88.625, 84.625, 1.2451410237572127e-22, nan 
-88.375, 84.625, 1.199911408855308e-22, nan 
-88.125, 84.625, 1.3979590849750787e-22, nan 
-87.875, 84.625, 1.517574876596541e-22, nan 
-87.625, 84.625, 1.7488014439139494e-22, nan 
-87.375, 84.625, 1.8807773646577387e-22, nan 
-87.125, 84.625, 1.9122380044476533e-22, nan 
-86.875, 84.625, 1.728218436693326e-22, nan 
-86.625, 84.625, 1.5467656523328634e-22, nan 
-86.375, 84.625, 1.5874662569561487e-22, nan 
-86.125, 84.625, 1.473234230065977e-22, nan 
-85.875, 84.625, 1.335293495486733e-22, nan 
-85.625, 84.625, 9.448792545212132e-23, nan 
-85.375, 84.625, 7.70415889819388e-23, nan 
-85.125, 84.625, 7.759409258340757e-23, nan 
-84.875, 84.625, 9.610669156940192e-23, nan 
-84.625, 84.625, 1.0089709774611719e-22, nan 
-84.375, 84.625, 1.0051708942820796e-22, nan 
-84.125, 84.625, 9.347989023939406e-23, nan 
-83.875, 84.625, 7.974215064292805e-23, nan 
-83.625, 84.625, 7.07965601580132e-23, nan 
-83.375, 84.625, 7.378354542373559e-23, nan 
-83.125, 84.625, 7.409342960006187e-23, nan 
-82.875, 84.625, 8.31995429946658e-23, nan 
-82.625, 84.625, 8.883454898954616e-23, nan 
-82.375, 84.625, 1.3087781723645342e-22, nan 
-82.125, 84.625, 1.5264438672018151e-22, nan 
-81.875, 84.625, 1.8547327277166667e-22, nan 
-81.625, 84.625, 1.8187842450340156e-22, nan 
-81.375, 84.625, 2.025207568186901e-22, nan 
-81.125, 84.625, 2.2220867159701213e-22, nan 
-80.875, 84.625, 2.4939013572002167e-22, nan 
-80.625, 84.625, 2.751074820891461e-22, nan 
-80.375, 84.625, 2.6510758403614002e-22, nan 
-80.125, 84.625, 2.050983270198145e-22, nan 
-79.875, 84.625, 1.7186694330315252e-22, nan 
-79.625, 84.625, 2.139753456406132e-22, nan 
-79.375, 84.625, 2.4213346285681937e-22, nan 
-79.125, 84.625, 3.093612993524045e-22, nan 
-78.875, 84.625, 3.196564588305727e-22, nan 
-78.625, 84.625, 3.2834818006630617e-22, nan 
-78.375, 84.625, 3.574456428260974e-22, nan 
-78.125, 84.625, 3.763088070739902e-22, nan 
-77.875, 84.625, 4.070935975237164e-22, nan 
-77.625, 84.625, 3.9196023489694774e-22, nan 
-77.375, 84.625, 3.6775927078037812e-22, nan 
-77.125, 84.625, 3.8858614779939492e-22, nan 
-76.875, 84.625, 3.9667351031740884e-22, nan 
-76.625, 84.625, 3.885561478630173e-22, nan 
-76.375, 84.625, 3.767119960392297e-22, nan 
-76.125, 84.625, 3.789198589276425e-22, nan 
-75.875, 84.625, 3.8249757568536715e-22, nan 
-75.625, 84.625, 3.798460437199134e-22, nan 
-75.375, 84.625, 3.5392046207761067e-22, nan 
-75.125, 84.625, 3.7201527107143764e-22, nan 
-74.875, 84.625, 3.262634367934426e-22, nan 
-74.625, 84.625, 3.731683473612336e-22, nan 
-74.375, 84.625, 4.343372242103214e-22, nan 
-74.125, 84.625, 3.568279775514062e-22, nan 
-73.875, 84.625, 2.9893567284978556e-22, nan 
-73.625, 84.625, 2.370418741412226e-22, nan 
-73.375, 84.625, 1.9370137012258864e-22, nan 
-73.125, 84.625, 2.313167841464549e-22, nan 
-72.875, 84.625, 3.074771656097057e-22, nan 
-72.625, 84.625, 3.8006354878067007e-22, nan 
-72.375, 84.625, 3.7451432496301576e-22, nan 
-72.125, 84.625, 3.7903467204086514e-22, nan 
-71.875, 84.625, 3.8870317573736007e-22, nan 
-71.625, 84.625, 4.0012004962443124e-22, nan 
-71.375, 84.625, 4.06094583298891e-22, nan 
-71.125, 84.625, 4.030665826497411e-22, nan 
-70.875, 84.625, 3.7617415727450687e-22, nan 
-70.625, 84.625, 3.5009355727702103e-22, nan 
-70.375, 84.625, 3.4773839729352623e-22, nan 
-70.125, 84.625, 3.1431675029572183e-22, nan 
42.125, 84.625, 3.648733479530488e-23, nan 
42.375, 84.625, 3.8429330325163895e-23, nan 
42.625, 84.625, 4.029002130980122e-23, nan 
42.875, 84.625, 4.235732051641865e-23, nan 
43.125, 84.625, 4.217416942250746e-23, nan 
43.375, 84.625, 3.964654888632086e-23, nan 
43.625, 84.625, 3.740191725574895e-23, nan 
43.875, 84.625, 3.716779151125702e-23, nan 
44.125, 84.625, 4.0169545630745045e-23, nan 
44.375, 84.625, 4.251509180532093e-23, nan 
44.625, 84.625, 4.333781478722012e-23, nan 
44.875, 84.625, 4.3133645670035933e-23, nan 
45.125, 84.625, 4.344164937823554e-23, nan 
45.375, 84.625, 4.414496379078623e-23, nan 
45.625, 84.625, 4.4898994698230154e-23, nan 
45.875, 84.625, 4.4764752611413303e-23, nan 
46.125, 84.625, 4.6322054782710974e-23, nan 
46.375, 84.625, 4.6691703571932006e-23, nan 
46.625, 84.625, 4.886211898424199e-23, nan 
46.875, 84.625, 4.9093838607490697e-23, nan 
47.125, 84.625, 5.167613138868493e-23, nan 
47.375, 84.625, 5.1300912656231173e-23, nan 
47.625, 84.625, 4.928099802574269e-23, nan 
47.875, 84.625, 5.069366218089394e-23, nan 
48.125, 84.625, 5.1123360189622095e-23, nan 
48.375, 84.625, 5.3252673164827e-23, nan 
48.625, 84.625, 5.61478985387154e-23, nan 
48.875, 84.625, 5.915608852362337e-23, nan 
49.125, 84.625, 5.812915309886431e-23, nan 
49.375, 84.625, 5.889254584745439e-23, nan 
49.625, 84.625, 5.890483112994956e-23, nan 
49.875, 84.625, 6.184971021487799e-23, nan 
50.125, 84.625, 6.551856356451965e-23, nan 
50.375, 84.625, 6.629352299621139e-23, nan 
50.625, 84.625, 6.896183245649962e-23, nan 
50.875, 84.625, 6.897345345822443e-23, nan 
51.125, 84.625, 7.089236367446499e-23, nan 
51.375, 84.625, 7.12367974306763e-23, nan 
51.625, 84.625, 7.325380817137717e-23, nan 
51.875, 84.625, 7.357437283906031e-23, nan 
52.125, 84.625, 7.078311055666128e-23, nan 
52.375, 84.625, 7.092470845381771e-23, nan 
52.625, 84.625, 6.979308719497047e-23, nan 
52.875, 84.625, 7.089084317178079e-23, nan 
53.125, 84.625, 7.532743150758575e-23, nan 
53.375, 84.625, 7.3314143874529e-23, nan 
53.625, 84.625, 7.049527844084462e-23, nan 
53.875, 84.625, 7.008645553123329e-23, nan 
54.125, 84.625, 7.124844968565448e-23, nan 
54.375, 84.625, 7.301507257681408e-23, nan 
54.625, 84.625, 7.509273756959402e-23, nan 
54.875, 84.625, 7.478132764474439e-23, nan 
55.125, 84.625, 7.839603101127293e-23, nan 
55.375, 84.625, 7.676845197282884e-23, nan 
55.625, 84.625, 7.256055791808841e-23, nan 
55.875, 84.625, 6.758118920634635e-23, nan 
56.125, 84.625, 6.2290632272299e-23, nan 
56.375, 84.625, 6.34349066368894e-23, nan 
56.625, 84.625, 6.6998324870196e-23, nan 
56.875, 84.625, 6.632812105515099e-23, nan 
57.125, 84.625, 6.375400347013515e-23, nan 
57.375, 84.625, 6.328906564921517e-23, nan 
57.625, 84.625, 6.270507123494852e-23, nan 
57.875, 84.625, 6.507926841897114e-23, nan 
58.125, 84.625, 6.464910579561393e-23, nan 
58.375, 84.625, 6.656671548886328e-23, nan 
58.625, 84.625, 6.401956759404703e-23, nan 
58.875, 84.625, 6.318001519690789e-23, nan 
59.125, 84.625, 6.390092927268069e-23, nan 
59.375, 84.625, 6.174217752864272e-23, nan 
59.625, 84.625, 6.153380674519151e-23, nan 
59.875, 84.625, 6.419422816772101e-23, nan 
60.125, 84.625, 6.383266089080177e-23, nan 
60.375, 84.625, 6.311324172903592e-23, nan 
60.625, 84.625, 6.43997580843922e-23, nan 
60.875, 84.625, 6.881148424122964e-23, nan 
61.125, 84.625, 7.255328760633222e-23, nan 
61.375, 84.625, 7.09372282807752e-23, nan 
61.625, 84.625, 6.847028528857316e-23, nan 
61.875, 84.625, 7.141274913798012e-23, nan 
62.125, 84.625, 7.385781367897947e-23, nan 
62.375, 84.625, 7.43404927553981e-23, nan 
62.625, 84.625, 7.855894977357427e-23, nan 
62.875, 84.625, 7.833972040217457e-23, nan 
63.125, 84.625, 8.065693846611287e-23, nan 
63.375, 84.625, 8.463128953605659e-23, nan 
63.625, 84.625, 8.580659608947213e-23, nan 
63.875, 84.625, 8.966360779858383e-23, nan 
64.125, 84.625, 9.233955892869105e-23, nan 
64.375, 84.625, 9.246021276087199e-23, nan 
64.625, 84.625, 9.52757704829185e-23, nan 
64.875, 84.625, 9.484311231946053e-23, nan 
65.125, 84.625, 9.726175531507712e-23, nan 
65.375, 84.625, 9.990247342626399e-23, nan 
65.625, 84.625, 1.060724468629634e-22, nan 
65.875, 84.625, 9.671305307384152e-23, nan 
66.125, 84.625, 9.261593642990935e-23, nan 
66.375, 84.625, 9.204320586601807e-23, nan 
66.625, 84.625, 9.91375278045453e-23, nan 
66.875, 84.625, 1.0315893659347383e-22, nan 
67.125, 84.625, 9.865763384509859e-23, nan 
67.375, 84.625, 1.0038881532511267e-22, nan 
67.625, 84.625, 1.0832859788971361e-22, nan 
67.875, 84.625, 1.096934473372002e-22, nan 
68.125, 84.625, 1.007860186700555e-22, nan 
68.375, 84.625, 8.822264879317482e-23, nan 
68.625, 84.625, 8.073701650738132e-23, nan 
68.875, 84.625, 7.778686324044161e-23, nan 
69.125, 84.625, 8.855581878012044e-23, nan 
69.375, 84.625, 8.138947327642005e-23, nan 
69.625, 84.625, 7.852466995836072e-23, nan 
69.875, 84.625, 7.552171704497736e-23, nan 
70.125, 84.625, 7.923796436480592e-23, nan 
70.375, 84.625, 7.687854914825562e-23, nan 
70.625, 84.625, 7.769722805008057e-23, nan 
70.875, 84.625, 7.280198612953483e-23, nan 
71.125, 84.625, 7.796033852715273e-23, nan 
71.375, 84.625, 8.179547605242325e-23, nan 
71.625, 84.625, 9.075335964096391e-23, nan 
71.875, 84.625, 1.0559986290996727e-22, nan 
72.125, 84.625, 1.1106409936019713e-22, nan 
72.375, 84.625, 1.011878225605066e-22, nan 
72.625, 84.625, 8.964508194364425e-23, nan 
72.875, 84.625, 8.404226165363e-23, nan 
73.125, 84.625, 9.223977804668357e-23, nan 
73.375, 84.625, 1.1025344530619048e-22, nan 
73.625, 84.625, 1.160520666303571e-22, nan 
73.875, 84.625, 1.156395037339199e-22, nan 
74.125, 84.625, 1.14860497257708e-22, nan 
74.375, 84.625, 1.1560398417007841e-22, nan 
74.625, 84.625, 1.1400110396520146e-22, nan 
74.875, 84.625, 1.1182234379051724e-22, nan 
75.125, 84.625, 1.1477519936605705e-22, nan 
75.375, 84.625, 1.1874273582139666e-22, nan 
75.625, 84.625, 1.24222122183028e-22, nan 
75.875, 84.625, 1.3405881869630604e-22, nan 
76.125, 84.625, 1.4086995673455182e-22, nan 
76.375, 84.625, 1.4516957069132954e-22, nan 
76.625, 84.625, 1.4256156491071678e-22, nan 
76.875, 84.625, 1.3919176075785661e-22, nan 
77.125, 84.625, 1.4905096332219931e-22, nan 
77.375, 84.625, 1.5146533701543738e-22, nan 
77.625, 84.625, 1.5027958933157772e-22, nan 
77.875, 84.625, 1.5613970331050727e-22, nan 
78.125, 84.625, 1.5874987750539307e-22, nan 
78.375, 84.625, 1.591826904825491e-22, nan 
78.625, 84.625, 1.6763304977381338e-22, nan 
78.875, 84.625, 1.7272504917516275e-22, nan 
79.125, 84.625, 1.5750916956270533e-22, nan 
79.375, 84.625, 1.5565230766402731e-22, nan 
79.625, 84.625, 1.809249943224755e-22, nan 
79.875, 84.625, 2.2521791856738176e-22, nan 
80.125, 84.625, 2.225158253168086e-22, nan 
80.375, 84.625, 2.1316660693587673e-22, nan 
80.625, 84.625, 2.239605879774675e-22, nan 
80.875, 84.625, 2.2188775610522075e-22, nan 
81.125, 84.625, 2.3980805806225396e-22, nan 
81.375, 84.625, 2.469434363612432e-22, nan 
81.625, 84.625, 2.7009612911874005e-22, nan 
81.875, 84.625, 2.031280917718072e-22, nan 
82.125, 84.625, 1.3798561830440986e-22, nan 
82.375, 84.625, 1.4117523372927776e-22, nan 
82.625, 84.625, 1.717796208287236e-22, nan 
82.875, 84.625, 1.8140070471625427e-22, nan 
83.125, 84.625, 1.8683363042635805e-22, nan 
83.375, 84.625, 1.9618253637273376e-22, nan 
83.625, 84.625, 2.074140925894283e-22, nan 
83.875, 84.625, 2.2779098281268105e-22, nan 
84.125, 84.625, 2.3891923311993186e-22, nan 
84.375, 84.625, 2.444507209822283e-22, nan 
84.625, 84.625, 2.4370838029319346e-22, nan 
84.875, 84.625, 2.513131127785135e-22, nan 
85.125, 84.625, 2.4384711126511645e-22, nan 
85.375, 84.625, 2.271072463174156e-22, nan 
85.625, 84.625, 1.950437395376775e-22, nan 
85.875, 84.625, 2.000422133321783e-22, nan 
86.125, 84.625, 1.6391102160536858e-22, nan 
86.375, 84.625, 1.3961927641494064e-22, nan 
86.625, 84.625, 1.338682832073291e-22, nan 
86.875, 84.625, 1.294128798610128e-22, nan 
87.125, 84.625, 1.33925279105711e-22, nan 
87.375, 84.625, 1.216517298070779e-22, nan 
87.625, 84.625, 1.2301698475887705e-22, nan 
87.875, 84.625, 1.226363465515225e-22, nan 
88.125, 84.625, 1.2823216215751745e-22, nan 
88.375, 84.625, 1.228741297031504e-22, nan 
88.625, 84.625, 1.1757740121779774e-22, nan 
88.875, 84.625, 1.1854769716720564e-22, nan 
89.125, 84.625, 1.1047775272241025e-22, nan 
89.375, 84.625, 1.0053860474106915e-22, nan 
89.625, 84.625, 9.201195653465468e-23, nan 
89.875, 84.625, 9.169346181308075e-23, nan 
90.125, 84.625, 1.1164238490517584e-22, nan 
90.375, 84.625, 1.5563922567598097e-22, nan 
90.625, 84.625, 1.860462416871796e-22, nan 
90.875, 84.625, 1.7717046982017337e-22, nan 
91.125, 84.625, 1.8377583854685917e-22, nan 
91.375, 84.625, 1.7210418670216246e-22, nan 
91.625, 84.625, 2.0032848947224907e-22, nan 
91.875, 84.625, 1.872566139711373e-22, nan 
92.125, 84.625, 1.8597658455012713e-22, nan 
92.375, 84.625, 2.027574328290622e-22, nan 
92.625, 84.625, 2.161031846425565e-22, nan 
92.875, 84.625, 2.3196267301136745e-22, nan 
93.125, 84.625, 2.5175298187454377e-22, nan 
93.375, 84.625, 2.672603800410411e-22, nan 
93.625, 84.625, 2.565382816450851e-22, nan 
93.875, 84.625, 2.647708328975612e-22, nan 
94.125, 84.625, 2.8262290684335124e-22, nan 
94.375, 84.625, 2.9811582999117626e-22, nan 
94.625, 84.625, 2.9781418492697084e-22, nan 
94.875, 84.625, 3.052189714616835e-22, nan 
95.125, 84.625, 3.288549840071899e-22, nan 
95.375, 84.625, 3.4672063190324455e-22, nan 
95.625, 84.625, 4.271926989274529e-22, nan 
95.875, 84.625, 4.729408713139836e-22, nan 
96.125, 84.625, 5.499555145544165e-22, nan 
96.375, 84.625, 6.133527556148249e-22, nan 
96.625, 84.625, 6.357919537581386e-22, nan 
96.875, 84.625, 7.458332542330444e-22, nan 
97.125, 84.625, 8.70069222645448e-22, nan 
97.375, 84.625, 9.295874979208776e-22, nan 
97.625, 84.625, 8.105130762995283e-22, nan 
97.875, 84.625, 3.989744364337294e-22, nan 
98.125, 84.625, 4.502196786248099e-22, nan 
98.375, 84.625, 9.41351285455901e-22, nan 
98.625, 84.625, 6.861136865756691e-22, nan 
98.875, 84.625, 6.080511582557933e-22, nan 
99.125, 84.625, 6.467490422554299e-22, nan 
99.375, 84.625, 6.683206801992107e-22, nan 
99.625, 84.625, 7.548268007687217e-22, nan 
99.875, 84.625, 6.992796611777086e-22, nan 
100.125, 84.625, 7.461709983050937e-22, nan 
100.375, 84.625, 7.415489202263091e-22, nan 
100.625, 84.625, 7.908787433778526e-22, nan 
100.875, 84.625, 9.014503527448602e-22, nan 
101.125, 84.625, 8.6913199653033e-22, nan 
101.375, 84.625, 9.638457747691538e-22, nan 
101.625, 84.625, 8.992342496599605e-22, nan 
101.875, 84.625, 8.452355603509984e-22, nan 
102.125, 84.625, 8.935258225577102e-22, nan 
102.375, 84.625, 7.196926210700732e-22, nan 
102.625, 84.625, 1.1122312398990376e-21, nan 
102.875, 84.625, 1.2799977845687635e-21, nan 
103.125, 84.625, 1.392733029034572e-21, nan 
103.375, 84.625, 1.252575459810877e-21, nan 
103.625, 84.625, 1.2448392540604279e-21, nan 
103.875, 84.625, 1.5716091983945905e-21, nan 
104.125, 84.625, 1.5445218168466372e-21, nan 
104.375, 84.625, 1.2705626771674237e-21, nan 
104.625, 84.625, 1.8062465686310007e-21, nan 
104.875, 84.625, 2.5834335657393715e-21, nan 
105.125, 84.625, 1.6256672451941945e-21, nan 
105.375, 84.625, 2.302450153011737e-21, nan 
105.625, 84.625, 2.7332959135375133e-21, nan 
105.875, 84.625, 3.0230641659443476e-21, nan 
106.125, 84.625, 2.7304102748168016e-21, nan 
106.375, 84.625, 2.4315398256024094e-21, nan 
106.625, 84.625, 2.260906545108793e-21, nan 
106.875, 84.625, 2.140020002943108e-21, nan 
107.125, 84.625, 1.740433738126934e-21, nan 
107.375, 84.625, 1.1469730301464612e-21, nan 
107.625, 84.625, 1.3154176288822822e-21, nan 
107.875, 84.625, 8.249442207665756e-22, nan 
108.125, 84.625, 6.270732772292962e-22, nan 
108.375, 84.625, 8.957712893194661e-22, nan 
108.625, 84.625, 1.0240135725617126e-21, nan 
108.875, 84.625, 9.989748854422625e-22, nan 
109.125, 84.625, 9.88108893798428e-22, nan 
109.375, 84.625, 1.0275927927312313e-21, nan 
109.625, 84.625, 1.0735984633068206e-21, nan 
109.875, 84.625, 1.1553797611615004e-21, nan 
110.125, 84.625, 1.2113345653536241e-21, nan 
110.375, 84.625, 1.213563565619502e-21, nan 
110.625, 84.625, 1.275293661496166e-21, nan 
110.875, 84.625, 1.4152967972926135e-21, nan 
111.125, 84.625, 1.4800495266270029e-21, nan 
111.375, 84.625, 1.4556610946752718e-21, nan 
111.625, 84.625, 1.4558947822685918e-21, nan 
111.875, 84.625, 1.4132314526490611e-21, nan 
112.125, 84.625, 1.4675776819373933e-21, nan 
112.375, 84.625, 1.6920049534121994e-21, nan 
112.625, 84.625, 1.772538258271786e-21, nan 
112.875, 84.625, 1.843675945432347e-21, nan 
113.125, 84.625, 2.219397509524357e-21, nan 
113.375, 84.625, 2.5615431150775903e-21, nan 
113.625, 84.625, 2.4238146854538603e-21, nan 
113.875, 84.625, 2.439089022800748e-21, nan 
114.125, 84.625, 2.5948252069123206e-21, nan 
114.375, 84.625, 2.3899345883880383e-21, nan 
114.625, 84.625, 2.277041040717838e-21, nan 
114.875, 84.625, 2.3178563353830546e-21, nan 
115.125, 84.625, 1.4893382249335375e-21, nan 
115.375, 84.625, 1.5233433962142584e-21, nan 
115.625, 84.625, 1.8536102530327703e-21, nan 
115.875, 84.625, 2.6514088583282382e-21, nan 
116.125, 84.625, 3.391186319641044e-21, nan 
116.375, 84.625, 3.852086285455362e-21, nan 
116.625, 84.625, 4.584668088531044e-21, nan 
116.875, 84.625, 4.9320845993387955e-21, nan 
117.125, 84.625, 4.860349703979559e-21, nan 
117.375, 84.625, 5.062009002222423e-21, nan 
117.625, 84.625, 5.3178638271721815e-21, nan 
117.875, 84.625, 3.4088906820791294e-21, nan 
118.125, 84.625, 2.8915444804032677e-21, nan 
118.375, 84.625, 3.3541252673097416e-21, nan 
118.625, 84.625, 3.4487213730811875e-21, nan 
118.875, 84.625, 3.2094704330798286e-21, nan 
119.125, 84.625, 2.986174098181975e-21, nan 
119.375, 84.625, 3.256728345930945e-21, nan 
119.625, 84.625, 3.185529285385089e-21, nan 
119.875, 84.625, 3.0492791897064614e-21, nan 
120.125, 84.625, 2.989174436033947e-21, nan 
120.375, 84.625, 3.0684481415728713e-21, nan 
120.625, 84.625, 2.4095173698779148e-21, nan 
120.875, 84.625, 2.8641038365730985e-21, nan 
121.125, 84.625, 3.3784936758646117e-21, nan 
121.375, 84.625, 3.540740949072314e-21, nan 
121.625, 84.625, 3.928481771999048e-21, nan 
121.875, 84.625, 3.3279840920075716e-21, nan 
122.125, 84.625, 3.340282095459072e-21, nan 
122.375, 84.625, 3.576502959344138e-21, nan 
122.625, 84.625, 3.516150837943931e-21, nan 
122.875, 84.625, 3.564369674920497e-21, nan 
123.125, 84.625, 3.118062809242022e-21, nan 
123.375, 84.625, 3.035242211373103e-21, nan 
123.625, 84.625, 3.1272812588319345e-21, nan 
123.875, 84.625, 3.3946840833042766e-21, nan 
124.125, 84.625, 3.3739812115619857e-21, nan 
124.375, 84.625, 4.369296223519739e-21, nan 
124.625, 84.625, 4.3181972143058915e-21, nan 
124.875, 84.625, 4.089516634265197e-21, nan 
125.125, 84.625, 4.105878629874075e-21, nan 
125.375, 84.625, 4.568830159256503e-21, nan 
125.625, 84.625, 4.857905929016512e-21, nan 
125.875, 84.625, 4.6062351298548094e-21, nan 
126.125, 84.625, 4.9269727560192305e-21, nan 
126.375, 84.625, 5.165407657122944e-21, nan 
126.625, 84.625, 5.420274854064611e-21, nan 
126.875, 84.625, 4.82824702280819e-21, nan 
127.125, 84.625, 4.482685786086225e-21, nan 
127.375, 84.625, 4.95800772560431e-21, nan 
127.625, 84.625, 3.7574016934533716e-21, nan 
127.875, 84.625, 3.798852388757915e-21, nan 
128.125, 84.625, 4.550445504362767e-21, nan 
128.375, 84.625, 4.8045697117360615e-21, nan 
128.625, 84.625, 4.530680636923221e-21, nan 
128.875, 84.625, 4.0847446298423425e-21, nan 
129.125, 84.625, 4.5655238564279184e-21, nan 
129.375, 84.625, 4.142121716634938e-21, nan 
129.625, 84.625, 3.591524459955428e-21, nan 
129.875, 84.625, 4.034257151470208e-21, nan 
130.125, 84.625, 5.551240956165382e-21, nan 
130.375, 84.625, 4.798881689435989e-21, nan 
130.625, 84.625, 5.232567883185861e-21, nan 
130.875, 84.625, 7.24598750053434e-21, nan 
131.125, 84.625, 7.760736411754e-21, nan 
131.375, 84.625, 8.554672400248544e-21, nan 
131.625, 84.625, 8.93416344163826e-21, nan 
131.875, 84.625, 9.584991537462095e-21, nan 
132.125, 84.625, 9.209060735161513e-21, nan 
132.375, 84.625, 9.399324613702946e-21, nan 
132.625, 84.625, 9.72465080965049e-21, nan 
132.875, 84.625, 9.216139507856725e-21, nan 
133.125, 84.625, 5.688070746787012e-21, nan 
133.375, 84.625, 5.059413773393065e-21, nan 
133.625, 84.625, 5.78452927248812e-21, nan 
133.875, 84.625, 5.849682459620555e-21, nan 
134.125, 84.625, 5.6467311547643586e-21, nan 
134.375, 84.625, 5.7901215268823026e-21, nan 
134.625, 84.625, 5.971867593598961e-21, nan 
134.875, 84.625, 6.010797862756888e-21, nan 
135.125, 84.625, 6.019984417512791e-21, nan 
135.375, 84.625, 6.3627781491332895e-21, nan 
135.625, 84.625, 6.291183338253176e-21, nan 
135.875, 84.625, 5.994010283181942e-21, nan 
136.125, 84.625, 6.426003070366763e-21, nan 
136.375, 84.625, 6.392680737128978e-21, nan 
136.625, 84.625, 6.573530979917641e-21, nan 
136.875, 84.625, 7.24377075656129e-21, nan 
137.125, 84.625, 7.563425099571633e-21, nan 
137.375, 84.625, 7.628021604132419e-21, nan 
137.625, 84.625, 7.847119298784025e-21, nan 
137.875, 84.625, 7.799136371924913e-21, nan 
138.125, 84.625, 8.215591250061264e-21, nan 
138.375, 84.625, 8.583300570801562e-21, nan 
138.625, 84.625, 9.20557832033767e-21, nan 
138.875, 84.625, 1.0095502812267406e-20, nan 
139.125, 84.625, 1.0989106172777287e-20, nan 
139.375, 84.625, 1.1228050694153163e-20, nan 
139.625, 84.625, 1.2226897483171714e-20, nan 
139.875, 84.625, 1.3015123460058248e-20, nan 
140.125, 84.625, 1.3496780160382945e-20, nan 
140.375, 84.625, 1.3439760232336863e-20, nan 
140.625, 84.625, 1.3697135643777347e-20, nan 
140.875, 84.625, 1.3644495001010934e-20, nan 
141.125, 84.625, 1.3343824727279681e-20, nan 
141.375, 84.625, 1.2666396278481342e-20, nan 
141.625, 84.625, 1.1985525028542693e-20, nan 
141.875, 84.625, 1.1786937323280199e-20, nan 
142.125, 84.625, 1.1951576893088457e-20, nan 
142.375, 84.625, 1.1778997369438238e-20, nan 
142.625, 84.625, 1.0979458353009812e-20, nan 
142.875, 84.625, 1.0816577952445857e-20, nan 
143.125, 84.625, 1.137758444403379e-20, nan 
143.375, 84.625, 8.657208002900806e-21, nan 
143.625, 84.625, 5.31171948145422e-21, nan 
143.875, 84.625, 4.240854436823034e-21, nan 
144.125, 84.625, 3.994778724302887e-21, nan 
144.375, 84.625, 3.548575088108477e-21, nan 
144.625, 84.625, 3.4767240544275635e-21, nan 
144.875, 84.625, 3.925351604604506e-21, nan 
145.125, 84.625, 4.076984059938356e-21, nan 
145.375, 84.625, 4.0099965355882224e-21, nan 
145.625, 84.625, 3.867651003928065e-21, nan 
145.875, 84.625, 3.675221851842607e-21, nan 
146.125, 84.625, 3.0446882342663813e-21, nan 
146.375, 84.625, 2.779287339166927e-21, nan 
146.625, 84.625, 3.0276604527656132e-21, nan 
146.875, 84.625, 2.6913707661332004e-21, nan 
147.125, 84.625, 2.0627010232772e-21, nan 
147.375, 84.625, 1.5292924430873556e-21, nan 
147.625, 84.625, 1.2255566809863293e-21, nan 
147.875, 84.625, 1.4762419615870713e-21, nan 
148.125, 84.625, 2.0978748578883623e-21, nan 
148.375, 84.625, 2.39132896610977e-21, nan 
148.625, 84.625, 2.8814756706101195e-21, nan 
148.875, 84.625, 3.556359099059608e-21, nan 
149.125, 84.625, 5.248280107144061e-21, nan 
149.375, 84.625, 6.022701010585196e-21, nan 
149.625, 84.625, 7.177799651358934e-21, nan 
149.875, 84.625, 7.571881232946134e-21, nan 
150.125, 84.625, 7.477663493519461e-21, nan 
150.375, 84.625, 7.499164430856492e-21, nan 
150.625, 84.625, 8.2197969386321e-21, nan 
150.875, 84.625, 8.807550409099586e-21, nan 
151.125, 84.625, 8.597407025380612e-21, nan 
151.375, 84.625, 9.157471534482758e-21, nan 
151.625, 84.625, 8.18221156303302e-21, nan 
151.875, 84.625, 8.295238029397786e-21, nan 
152.125, 84.625, 8.654396580423814e-21, nan 
152.375, 84.625, 8.904406615746238e-21, nan 
152.625, 84.625, 9.601918258330039e-21, nan 
152.875, 84.625, 9.55179868040389e-21, nan 
153.125, 84.625, 8.989162935022404e-21, nan 
153.375, 84.625, 8.242889034222483e-21, nan 
153.625, 84.625, 8.181344770775115e-21, nan 
153.875, 84.625, 8.399570890722648e-21, nan 
154.125, 84.625, 8.122843129877476e-21, nan 
154.375, 84.625, 6.7685992962469384e-21, nan 
154.625, 84.625, 6.450150248862432e-21, nan 
154.875, 84.625, 7.2715903889137e-21, nan 
155.125, 84.625, 7.974917676995973e-21, nan 
155.375, 84.625, 1.1641433158199519e-20, nan 
155.625, 84.625, 1.1814022487779047e-20, nan 
155.875, 84.625, 1.0777736573746339e-20, nan 
156.125, 84.625, 1.1087659772602773e-20, nan 
156.375, 84.625, 1.3137171995856382e-20, nan 
156.625, 84.625, 1.6597900748662222e-20, nan 
156.875, 84.625, 1.723266391028677e-20, nan 
157.125, 84.625, 1.7141606295716082e-20, nan 
157.375, 84.625, 1.6883931397880574e-20, nan 
157.625, 84.625, 1.356970530193651e-20, nan 
157.875, 84.625, 1.0873223750626435e-20, nan 
158.125, 84.625, 9.795615072038493e-21, nan 
158.375, 84.625, 8.405091448123152e-21, nan 
158.625, 84.625, 7.66673502503662e-21, nan 
158.875, 84.625, 7.838194168112611e-21, nan 
159.125, 84.625, 9.448872359707716e-21, nan 
159.375, 84.625, 1.261985375477783e-20, nan 
159.625, 84.625, 1.2867222932921114e-20, nan 
159.875, 84.625, 1.2563396583743773e-20, nan 
160.125, 84.625, 1.2202484735102127e-20, nan 
160.375, 84.625, 1.0047930853479994e-20, nan 
160.625, 84.625, 8.090392167269419e-21, nan 
160.875, 84.625, 6.572593860607501e-21, nan 
161.125, 84.625, 4.58084301134553e-21, nan 
161.375, 84.625, 3.731269954522584e-21, nan 
161.625, 84.625, 2.030742834771147e-21, nan 
161.875, 84.625, 9.607638467092481e-22, nan 
162.125, 84.625, 1.0883514899055103e-21, nan 
162.375, 84.625, 1.164395888349892e-21, nan 
162.625, 84.625, 1.1545941338555539e-21, nan 
162.875, 84.625, 1.0811804763977334e-21, nan 
163.125, 84.625, 1.1091266426961726e-21, nan 
163.375, 84.625, 1.0867150805462957e-21, nan 
163.625, 84.625, 9.950090995708611e-22, nan 
163.875, 84.625, 9.341918401781126e-22, nan 
164.125, 84.625, 8.268186892121602e-22, nan 
164.375, 84.625, 7.425235233013707e-22, nan 
164.625, 84.625, 7.15575207800445e-22, nan 
164.875, 84.625, 6.673259925067089e-22, nan 
165.125, 84.625, 7.234785945588485e-22, nan 
165.375, 84.625, 7.213397769005616e-22, nan 
165.625, 84.625, 7.3460736525817775e-22, nan 
165.875, 84.625, 6.284892556881479e-22, nan 
166.125, 84.625, 6.312077621025259e-22, nan 
166.375, 84.625, 5.8831187516622575e-22, nan 
166.625, 84.625, 5.071859727121797e-22, nan 
166.875, 84.625, 4.274037428449896e-22, nan 
167.125, 84.625, 3.8464776791966917e-22, nan 
167.375, 84.625, 2.7171220063946016e-22, nan 
167.625, 84.625, 2.3966031692405584e-22, nan 
167.875, 84.625, 2.2479082244421347e-22, nan 
168.125, 84.625, 3.6383133169750297e-22, nan 
168.375, 84.625, 6.400935995900102e-22, nan 
168.625, 84.625, 7.037050005562814e-22, nan 
168.875, 84.625, 6.56091438865256e-22, nan 
169.125, 84.625, 6.926326322034875e-22, nan 
169.375, 84.625, 6.382034518870556e-22, nan 
169.625, 84.625, 6.257496941465076e-22, nan 
169.875, 84.625, 6.357775294471244e-22, nan 
170.125, 84.625, 6.711333406852031e-22, nan 
170.375, 84.625, 6.558139919542519e-22, nan 
170.625, 84.625, 6.355386139836403e-22, nan 
170.875, 84.625, 4.795081122626333e-22, nan 
171.125, 84.625, 3.782356856757109e-22, nan 
171.375, 84.625, 4.1993658587268586e-22, nan 
171.625, 84.625, 4.346339653704994e-22, nan 
171.875, 84.625, 5.125487029360063e-22, nan 
172.125, 84.625, 8.383089391028446e-22, nan 
172.375, 84.625, 1.1802330819452838e-21, nan 
172.625, 84.625, 1.4289903871232939e-21, nan 
172.875, 84.625, 1.6655128296112544e-21, nan 
173.125, 84.625, 1.969729978508377e-21, nan 
173.375, 84.625, 2.4581759007501345e-21, nan 
173.625, 84.625, 3.0507849998534198e-21, nan 
173.875, 84.625, 4.060051266484973e-21, nan 
174.125, 84.625, 4.081296873825973e-21, nan 
174.375, 84.625, 5.163023214070745e-21, nan 
174.625, 84.625, 5.265982754292983e-21, nan 
174.875, 84.625, 5.2769406555342874e-21, nan 
175.125, 84.625, 5.5746177470941086e-21, nan 
175.375, 84.625, 5.274271473699488e-21, nan 
175.625, 84.625, 4.74831701500354e-21, nan 
175.875, 84.625, 3.942100160116053e-21, nan 
176.125, 84.625, 4.9745932021211296e-21, nan 
176.375, 84.625, 5.8917946187112956e-21, nan 
176.625, 84.625, 6.434320897640072e-21, nan 
176.875, 84.625, 6.89559023072014e-21, nan 
177.125, 84.625, 6.869188804651651e-21, nan 
177.375, 84.625, 7.427091493762912e-21, nan 
177.625, 84.625, 7.423444008073675e-21, nan 
177.875, 84.625, 7.371073231645308e-21, nan 
178.125, 84.625, 6.967555384693693e-21, nan 
178.375, 84.625, 6.256194708677195e-21, nan 
178.625, 84.625, 6.333905426066477e-21, nan 
178.875, 84.625, 6.85322224383595e-21, nan 
179.125, 84.625, 6.725645734270025e-21, nan 
179.375, 84.625, 5.963404537755817e-21, nan 
179.625, 84.625, 5.868473061421605e-21, nan 
179.875, 84.625, 5.889909086610048e-21, nan 
-179.875, 84.875, 1.1370780818946743e-20, nan 
-179.625, 84.875, 1.100065480142594e-20, nan 
-179.375, 84.875, 1.0235525922244606e-20, nan 
-179.125, 84.875, 5.703156440086169e-21, nan 
-178.875, 84.875, 8.06313984159006e-21, nan 
-178.625, 84.875, 8.379053248497813e-21, nan 
-178.375, 84.875, 9.167438562845323e-21, nan 
-178.125, 84.875, 8.868987591933348e-21, nan 
-177.875, 84.875, 8.788313567095109e-21, nan 
-177.625, 84.875, 8.37195390160144e-21, nan 
-177.375, 84.875, 7.846366902471221e-21, nan 
-177.125, 84.875, 7.33594252010786e-21, nan 
-176.875, 84.875, 7.24208039022136e-21, nan 
-176.625, 84.875, 6.733532182972491e-21, nan 
-176.375, 84.875, 3.1289905473497556e-21, nan 
-176.125, 84.875, 2.6167107061592223e-21, nan 
-175.875, 84.875, 2.418357648461325e-21, nan 
-175.625, 84.875, 2.679973368249409e-21, nan 
-175.375, 84.875, 2.770648857876425e-21, nan 
-175.125, 84.875, 3.1412685367192108e-21, nan 
-174.875, 84.875, 3.1703337036827224e-21, nan 
-174.625, 84.875, 3.2730906441957696e-21, nan 
-174.375, 84.875, 3.726832936090205e-21, nan 
-174.125, 84.875, 4.041846061903364e-21, nan 
-173.875, 84.875, 3.727755264577941e-21, nan 
-173.625, 84.875, 3.7933882903734865e-21, nan 
-173.375, 84.875, 3.3661786733956483e-21, nan 
-173.125, 84.875, 3.340882404783031e-21, nan 
-172.875, 84.875, 3.595021497763401e-21, nan 
-172.625, 84.875, 3.5228155630454384e-21, nan 
-172.375, 84.875, 3.515622021058289e-21, nan 
-172.125, 84.875, 2.1454928801065705e-21, nan 
-171.875, 84.875, 1.990512053946087e-21, nan 
-171.625, 84.875, 2.2762663078736105e-21, nan 
-171.375, 84.875, 3.0495155393485704e-21, nan 
-171.125, 84.875, 3.3026950148126727e-21, nan 
-170.875, 84.875, 2.6723176386568965e-21, nan 
-170.625, 84.875, 1.7594538510032936e-21, nan 
-170.375, 84.875, 1.6126444496835821e-21, nan 
-170.125, 84.875, 2.263768995078035e-21, nan 
-169.875, 84.875, 3.84957007514995e-21, nan 
-169.625, 84.875, 5.093092524843212e-21, nan 
-169.375, 84.875, 5.52871514892976e-21, nan 
-169.125, 84.875, 6.313196814923485e-21, nan 
-168.875, 84.875, 7.105449074453024e-21, nan 
-168.625, 84.875, 8.206878883924315e-21, nan 
-168.375, 84.875, 8.704561654041663e-21, nan 
-168.125, 84.875, 8.082661702200337e-21, nan 
-167.875, 84.875, 7.26108939751937e-21, nan 
-167.625, 84.875, 4.859754231072485e-21, nan 
-167.375, 84.875, 3.6602133791831065e-21, nan 
-167.125, 84.875, 4.4505650214771634e-21, nan 
-166.875, 84.875, 1.145536312987884e-20, nan 
-166.625, 84.875, 1.2604587477389359e-20, nan 
-166.375, 84.875, 1.3258788806139207e-20, nan 
-166.125, 84.875, 1.3792661404258902e-20, nan 
-165.875, 84.875, 1.3793580184430314e-20, nan 
-165.625, 84.875, 1.3780147221874357e-20, nan 
-165.375, 84.875, 1.3673131457696756e-20, nan 
-165.125, 84.875, 1.3496348019161384e-20, nan 
-164.875, 84.875, 1.3894040492748096e-20, nan 
-164.625, 84.875, 1.4206275860055428e-20, nan 
-164.375, 84.875, 1.501912677884418e-20, nan 
-164.125, 84.875, 1.5255419370182687e-20, nan 
-163.875, 84.875, 1.577731280769583e-20, nan 
-163.625, 84.875, 1.6839560675223685e-20, nan 
-163.375, 84.875, 1.799613636316821e-20, nan 
-163.125, 84.875, 2.1936827325488672e-20, nan 
-162.875, 84.875, 2.3206060125290424e-20, nan 
-162.625, 84.875, 2.2928610585820707e-20, nan 
-162.375, 84.875, 2.2685038314480027e-20, nan 
-162.125, 84.875, 2.2417597688139874e-20, nan 
-161.875, 84.875, 2.18479597563087e-20, nan 
-161.625, 84.875, 2.1532466992189812e-20, nan 
-161.375, 84.875, 2.1017015996597374e-20, nan 
-161.125, 84.875, 2.0813756599704504e-20, nan 
-160.875, 84.875, 1.938872853497961e-20, nan 
-160.625, 84.875, 1.517467831172901e-20, nan 
-160.375, 84.875, 1.6288447920287952e-20, nan 
-160.125, 84.875, 1.858053748829195e-20, nan 
-159.875, 84.875, 1.8672282332002134e-20, nan 
-159.625, 84.875, 1.8882795825536935e-20, nan 
-159.375, 84.875, 1.8741304277331575e-20, nan 
-159.125, 84.875, 1.781713817268512e-20, nan 
-158.875, 84.875, 1.7416553589074192e-20, nan 
-158.625, 84.875, 1.7003567500983873e-20, nan 
-158.375, 84.875, 1.683518387223376e-20, nan 
-158.125, 84.875, 1.6127526655221014e-20, nan 
-157.875, 84.875, 1.3210153205995136e-20, nan 
-157.625, 84.875, 9.721488665869523e-21, nan 
-157.375, 84.875, 8.795520652498608e-21, nan 
-157.125, 84.875, 8.498857202435319e-21, nan 
-156.875, 84.875, 8.22231566552911e-21, nan 
-156.625, 84.875, 8.585346719400508e-21, nan 
-156.375, 84.875, 9.070153819175705e-21, nan 
-156.125, 84.875, 9.526672355308698e-21, nan 
-155.875, 84.875, 1.005137028481754e-20, nan 
-155.625, 84.875, 1.0150380828186873e-20, nan 
-155.375, 84.875, 1.0227378753896913e-20, nan 
-155.125, 84.875, 1.0584521420347524e-20, nan 
-154.875, 84.875, 1.061573411426135e-20, nan 
-154.625, 84.875, 1.0809229585283322e-20, nan 
-154.375, 84.875, 1.0849529657577412e-20, nan 
-154.125, 84.875, 1.06822771528096e-20, nan 
-153.875, 84.875, 9.101877888518712e-21, nan 
-153.625, 84.875, 8.83236512930091e-21, nan 
-153.375, 84.875, 8.22302098773504e-21, nan 
-153.125, 84.875, 6.595437666146728e-21, nan 
-152.875, 84.875, 5.72132649728252e-21, nan 
-152.625, 84.875, 4.4822723482598155e-21, nan 
-152.375, 84.875, 5.525175730830646e-21, nan 
-152.125, 84.875, 7.399302146904052e-21, nan 
-151.875, 84.875, 8.304121413756135e-21, nan 
-151.625, 84.875, 9.0186658898863e-21, nan 
-151.375, 84.875, 1.0789497810019128e-20, nan 
-151.125, 84.875, 1.1993887931517585e-20, nan 
-150.875, 84.875, 1.3264040034911328e-20, nan 
-150.625, 84.875, 1.4086455472699464e-20, nan 
-150.375, 84.875, 1.406495119495433e-20, nan 
-150.125, 84.875, 1.2824340096252422e-20, nan 
-149.875, 84.875, 8.89388137532262e-21, nan 
-149.625, 84.875, 7.364276128492953e-21, nan 
-149.375, 84.875, 7.769665931945964e-21, nan 
-149.125, 84.875, 7.962856443045747e-21, nan 
-148.875, 84.875, 8.349982234624904e-21, nan 
-148.625, 84.875, 9.253283917125523e-21, nan 
-148.375, 84.875, 1.0351450683784959e-20, nan 
-148.125, 84.875, 1.1402530445051893e-20, nan 
-147.875, 84.875, 1.1947375473980564e-20, nan 
-147.625, 84.875, 1.2077976494333182e-20, nan 
-147.375, 84.875, 1.1258856411172724e-20, nan 
-147.125, 84.875, 9.521217997982014e-21, nan 
-146.875, 84.875, 8.273670739760378e-21, nan 
-146.625, 84.875, 7.995573463620401e-21, nan 
-146.375, 84.875, 7.930565152682629e-21, nan 
-146.125, 84.875, 7.724410343646751e-21, nan 
-145.875, 84.875, 6.997065030281431e-21, nan 
-145.625, 84.875, 5.761776990452064e-21, nan 
-145.375, 84.875, 3.3454709733366586e-21, nan 
-145.125, 84.875, 3.48634627940838e-21, nan 
-144.875, 84.875, 5.2172164770828905e-21, nan 
-144.625, 84.875, 4.447464606479444e-21, nan 
-144.375, 84.875, 1.8864215436176416e-21, nan 
-144.125, 84.875, 1.5303884645869508e-21, nan 
-143.875, 84.875, 1.183175289491278e-21, nan 
-143.625, 84.875, 1.1734167347018187e-21, nan 
-143.375, 84.875, 1.061230037903802e-21, nan 
-143.125, 84.875, 9.891780110299593e-22, nan 
-142.875, 84.875, 1.1852454857160169e-21, nan 
-142.625, 84.875, 1.1770520481059178e-21, nan 
-142.375, 84.875, 9.964730342165734e-22, nan 
-142.125, 84.875, 8.188380578670522e-22, nan 
-141.875, 84.875, 7.266771118953318e-22, nan 
-141.625, 84.875, 8.224138897021612e-22, nan 
-141.375, 84.875, 9.49851731722856e-22, nan 
-141.125, 84.875, 9.085736302838509e-22, nan 
-140.875, 84.875, 1.020063399671765e-21, nan 
-140.625, 84.875, 2.2740647622355053e-21, nan 
-140.375, 84.875, 2.966526966509951e-21, nan 
-140.125, 84.875, 2.889137246469104e-21, nan 
-139.875, 84.875, 1.5247224095493209e-21, nan 
-139.625, 84.875, 1.0655815824588611e-21, nan 
-139.375, 84.875, 1.1053285498999766e-21, nan 
-139.125, 84.875, 1.189752877463398e-21, nan 
-138.875, 84.875, 1.3844861593379876e-21, nan 
-138.625, 84.875, 1.534115947513916e-21, nan 
-138.375, 84.875, 1.6152041081846297e-21, nan 
-138.125, 84.875, 1.779898724577014e-21, nan 
-137.875, 84.875, 2.0045826821712484e-21, nan 
-137.625, 84.875, 2.3103918787440305e-21, nan 
-137.375, 84.875, 2.584273225352261e-21, nan 
-137.125, 84.875, 2.7839827362653517e-21, nan 
-136.875, 84.875, 2.9600972529268357e-21, nan 
-136.625, 84.875, 2.9711731608475084e-21, nan 
-136.375, 84.875, 3.026797204777399e-21, nan 
-136.125, 84.875, 3.1608954841371652e-21, nan 
-135.875, 84.875, 3.3376885287816913e-21, nan 
-135.625, 84.875, 3.483680827761006e-21, nan 
-135.375, 84.875, 3.696016226750764e-21, nan 
-135.125, 84.875, 3.833019709621314e-21, nan 
-134.875, 84.875, 3.9335610890315024e-21, nan 
-134.625, 84.875, 4.030058240979714e-21, nan 
-134.375, 84.875, 3.976658710687307e-21, nan 
-134.125, 84.875, 3.936419570120698e-21, nan 
-133.875, 84.875, 3.793347069649285e-21, nan 
-133.625, 84.875, 3.5854916243818396e-21, nan 
-133.375, 84.875, 3.4317548432209834e-21, nan 
-133.125, 84.875, 3.3383941947674484e-21, nan 
-132.875, 84.875, 3.1965673246469667e-21, nan 
-132.625, 84.875, 3.1174125902023527e-21, nan 
-132.375, 84.875, 2.878061054828863e-21, nan 
-132.125, 84.875, 2.830735730730497e-21, nan 
-131.875, 84.875, 3.3060962716603058e-21, nan 
-131.625, 84.875, 3.4382326181403866e-21, nan 
-131.375, 84.875, 3.5728996462627846e-21, nan 
-131.125, 84.875, 3.575594886992462e-21, nan 
-130.875, 84.875, 3.3215023045762188e-21, nan 
-130.625, 84.875, 3.227770080136946e-21, nan 
-130.375, 84.875, 3.087946944113854e-21, nan 
-130.125, 84.875, 3.414582730085037e-21, nan 
-129.875, 84.875, 3.704127914178534e-21, nan 
-129.625, 84.875, 3.6430725861926505e-21, nan 
-129.375, 84.875, 3.598523069672042e-21, nan 
-129.125, 84.875, 3.527815694572642e-21, nan 
-128.875, 84.875, 3.392996067626182e-21, nan 
-128.625, 84.875, 3.1568625182239255e-21, nan 
-128.375, 84.875, 2.9514946907760944e-21, nan 
-128.125, 84.875, 2.6011498239042657e-21, nan 
-127.875, 84.875, 2.267973811351635e-21, nan 
-127.625, 84.875, 1.6673026819765865e-21, nan 
-127.375, 84.875, 1.3165178091808048e-21, nan 
-127.125, 84.875, 1.0802520006263403e-21, nan 
-126.875, 84.875, 1.4515640930787156e-21, nan 
-126.625, 84.875, 1.6302926596883315e-21, nan 
-126.375, 84.875, 1.5892336232512035e-21, nan 
-126.125, 84.875, 1.5962823703388117e-21, nan 
-125.875, 84.875, 1.5329888983849988e-21, nan 
-125.625, 84.875, 1.5058742941355682e-21, nan 
-125.375, 84.875, 1.494634904230582e-21, nan 
-125.125, 84.875, 1.8226494702423466e-21, nan 
-124.875, 84.875, 1.991354710021585e-21, nan 
-124.625, 84.875, 1.411111084660626e-21, nan 
-124.375, 84.875, 2.1946040564602436e-21, nan 
-124.125, 84.875, 2.588029422460073e-21, nan 
-123.875, 84.875, 2.5527756736194744e-21, nan 
-123.625, 84.875, 9.043613547240353e-22, nan 
-123.375, 84.875, 1.3012985096620038e-21, nan 
-123.125, 84.875, 1.8162130884160208e-21, nan 
-122.875, 84.875, 1.844667067670173e-21, nan 
-122.625, 84.875, 1.9655645919666266e-21, nan 
-122.375, 84.875, 1.6986408046589775e-21, nan 
-122.125, 84.875, 1.809334569803211e-21, nan 
-121.875, 84.875, 2.4670284191604295e-21, nan 
-121.625, 84.875, 4.179270528441348e-21, nan 
-121.375, 84.875, 4.24427474438638e-21, nan 
-121.125, 84.875, 4.7272227589804094e-21, nan 
-120.875, 84.875, 4.366387613654098e-21, nan 
-120.625, 84.875, 3.856670449238496e-21, nan 
-120.375, 84.875, 3.0988706243455813e-21, nan 
-120.125, 84.875, 3.358377966969484e-21, nan 
-119.875, 84.875, 3.447802065416036e-21, nan 
-119.625, 84.875, 4.595565155317296e-21, nan 
-119.375, 84.875, 4.720602613842539e-21, nan 
-119.125, 84.875, 3.475799333063461e-21, nan 
-118.875, 84.875, 4.001568385522274e-21, nan 
-118.625, 84.875, 4.290465385295767e-21, nan 
-118.375, 84.875, 4.371010953190692e-21, nan 
-118.125, 84.875, 4.3435809782716496e-21, nan 
-117.875, 84.875, 4.0704743583052124e-21, nan 
-117.625, 84.875, 3.647919072849385e-21, nan 
-117.375, 84.875, 3.511976105171572e-21, nan 
-117.125, 84.875, 3.373488178993559e-21, nan 
-116.875, 84.875, 3.78923689309152e-21, nan 
-116.625, 84.875, 3.886199061235122e-21, nan 
-116.375, 84.875, 3.087477884277333e-21, nan 
-116.125, 84.875, 2.0591296178518103e-21, nan 
-115.875, 84.875, 1.977110053278746e-21, nan 
-115.625, 84.875, 1.8176358422700996e-21, nan 
-115.375, 84.875, 1.0557532031800277e-21, nan 
-115.125, 84.875, 3.488676647916276e-22, nan 
-114.875, 84.875, 6.735537840988655e-22, nan 
-114.625, 84.875, 1.209391190075435e-21, nan 
-114.375, 84.875, 1.735576881396874e-21, nan 
-114.125, 84.875, 2.4209344069675937e-21, nan 
-113.875, 84.875, 2.7127128047897085e-21, nan 
-113.625, 84.875, 2.834214794383363e-21, nan 
-113.375, 84.875, 2.9617287896979574e-21, nan 
-113.125, 84.875, 2.9593823316448243e-21, nan 
-112.875, 84.875, 2.8720472920346073e-21, nan 
-112.625, 84.875, 2.070857024571117e-21, nan 
-112.375, 84.875, 1.4354302738020198e-21, nan 
-112.125, 84.875, 1.4444418578398134e-21, nan 
-111.875, 84.875, 1.803059960212577e-21, nan 
-111.625, 84.875, 1.9716801697382633e-21, nan 
-111.375, 84.875, 2.1537980026154334e-21, nan 
-111.125, 84.875, 2.251978088438153e-21, nan 
-110.875, 84.875, 2.3007886492591333e-21, nan 
-110.625, 84.875, 2.3421484448312992e-21, nan 
-110.375, 84.875, 2.2986297694505276e-21, nan 
-110.125, 84.875, 2.1880246261266305e-21, nan 
-109.875, 84.875, 1.7945600654882418e-21, nan 
-109.625, 84.875, 1.396869732325561e-21, nan 
-109.375, 84.875, 8.635942626739607e-22, nan 
-109.125, 84.875, 7.717296506803962e-22, nan 
-108.875, 84.875, 7.2490768687795e-22, nan 
-108.625, 84.875, 6.7851563590653935e-22, nan 
-108.375, 84.875, 5.623454448096174e-22, nan 
-108.125, 84.875, 4.777176028429018e-22, nan 
-107.875, 84.875, 4.0915489247276025e-22, nan 
-107.625, 84.875, 3.5932951697002867e-22, nan 
-107.375, 84.875, 3.173863046138679e-22, nan 
-107.125, 84.875, 2.841783380409975e-22, nan 
-106.875, 84.875, 2.808399692874368e-22, nan 
-106.625, 84.875, 2.78954410185089e-22, nan 
-106.375, 84.875, 2.796131468431626e-22, nan 
-106.125, 84.875, 2.7363196010043733e-22, nan 
-105.875, 84.875, 2.3449682533883204e-22, nan 
-105.625, 84.875, 2.1814302314602998e-22, nan 
-105.375, 84.875, 1.8867436658848391e-22, nan 
-105.125, 84.875, 1.8518854298280057e-22, nan 
-104.875, 84.875, 2.2207016821944533e-22, nan 
-104.625, 84.875, 2.277075447534084e-22, nan 
-104.375, 84.875, 2.51115441023369e-22, nan 
-104.125, 84.875, 2.624151897729897e-22, nan 
-103.875, 84.875, 2.2723009982018424e-22, nan 
-103.625, 84.875, 2.382807584086943e-22, nan 
-103.375, 84.875, 2.7408577404694e-22, nan 
-103.125, 84.875, 2.422684018528492e-22, nan 
-102.875, 84.875, 2.0884843776228181e-22, nan 
-102.625, 84.875, 1.8753575273888547e-22, nan 
-102.375, 84.875, 1.9595052909276529e-22, nan 
-102.125, 84.875, 2.0358007769935667e-22, nan 
-101.875, 84.875, 2.0167995298863273e-22, nan 
-101.625, 84.875, 1.9549944520568446e-22, nan 
-101.375, 84.875, 1.9114787289958435e-22, nan 
-101.125, 84.875, 1.9146810721851882e-22, nan 
-100.875, 84.875, 1.9830137651452748e-22, nan 
-100.625, 84.875, 2.1569795716739536e-22, nan 
-100.375, 84.875, 1.9159192343004246e-22, nan 
-100.125, 84.875, 1.8209237637789707e-22, nan 
-99.875, 84.875, 1.9593561147937888e-22, nan 
-99.625, 84.875, 1.9300566335112443e-22, nan 
-99.375, 84.875, 2.062400792515352e-22, nan 
-99.125, 84.875, 2.0060862290952065e-22, nan 
-98.875, 84.875, 2.1014514041403307e-22, nan 
-98.625, 84.875, 2.211884109186938e-22, nan 
-98.375, 84.875, 2.5197889644707586e-22, nan 
-98.125, 84.875, 2.763421773761261e-22, nan 
-97.875, 84.875, 3.553937039505015e-22, nan 
-97.625, 84.875, 3.2385076039613295e-22, nan 
-97.375, 84.875, 3.216810604489721e-22, nan 
-97.125, 84.875, 3.410438982278955e-22, nan 
-96.875, 84.875, 3.602852457495102e-22, nan 
-96.625, 84.875, 3.3363165349750268e-22, nan 
-96.375, 84.875, 3.3742858291130166e-22, nan 
-96.125, 84.875, 3.4320946334055713e-22, nan 
-95.875, 84.875, 3.473323156834142e-22, nan 
-95.625, 84.875, 3.1870826776727034e-22, nan 
-95.375, 84.875, 2.592592422399844e-22, nan 
-95.125, 84.875, 2.929344955821754e-22, nan 
-94.875, 84.875, 3.2678224281210133e-22, nan 
-94.625, 84.875, 3.3365278749317767e-22, nan 
-94.375, 84.875, 3.4340137636363175e-22, nan 
-94.125, 84.875, 3.691448332383347e-22, nan 
-93.875, 84.875, 3.8538891361196166e-22, nan 
-93.625, 84.875, 4.0451158484159733e-22, nan 
-93.375, 84.875, 3.885559287462254e-22, nan 
-93.125, 84.875, 3.6773045155904944e-22, nan 
-92.875, 84.875, 3.3854318589604987e-22, nan 
-92.625, 84.875, 3.0432803435705445e-22, nan 
-92.375, 84.875, 3.0110639265188367e-22, nan 
-92.125, 84.875, 2.9110524109965448e-22, nan 
-91.875, 84.875, 2.988555000887321e-22, nan 
-91.625, 84.875, 2.866901109794808e-22, nan 
-91.375, 84.875, 2.8223874264226767e-22, nan 
-91.125, 84.875, 2.799897946536125e-22, nan 
-90.875, 84.875, 2.790762180948912e-22, nan 
-90.625, 84.875, 2.7121612113515737e-22, nan 
-90.375, 84.875, 2.8335911512346664e-22, nan 
-90.125, 84.875, 2.6408449409661725e-22, nan 
-89.875, 84.875, 2.399066407209577e-22, nan 
-89.625, 84.875, 2.1154127770043679e-22, nan 
-89.375, 84.875, 1.9240662963183532e-22, nan 
-89.125, 84.875, 2.26428786671337e-22, nan 
-88.875, 84.875, 2.2030807289732104e-22, nan 
-88.625, 84.875, 2.0528511073999817e-22, nan 
-88.375, 84.875, 1.906152711735187e-22, nan 
-88.125, 84.875, 2.030974174668876e-22, nan 
-87.875, 84.875, 2.1133460754083128e-22, nan 
-87.625, 84.875, 2.416329002232004e-22, nan 
-87.375, 84.875, 2.7885920730194313e-22, nan 
-87.125, 84.875, 3.1084007587580306e-22, nan 
-86.875, 84.875, 3.5167009094638797e-22, nan 
-86.625, 84.875, 3.433505844735422e-22, nan 
-86.375, 84.875, 3.801381641722599e-22, nan 
-86.125, 84.875, 4.091302893022173e-22, nan 
-85.875, 84.875, 3.5993811802628622e-22, nan 
-85.625, 84.875, 3.3557067178731926e-22, nan 
-85.375, 84.875, 3.5500316101456287e-22, nan 
-85.125, 84.875, 3.6035082752125806e-22, nan 
-84.875, 84.875, 3.719948529674985e-22, nan 
-84.625, 84.875, 3.824033270268418e-22, nan 
-84.375, 84.875, 3.709986423958836e-22, nan 
-84.125, 84.875, 3.6204729159238547e-22, nan 
-83.875, 84.875, 3.787589985644642e-22, nan 
-83.625, 84.875, 4.0042445368786704e-22, nan 
-83.375, 84.875, 4.2078842554651383e-22, nan 
-83.125, 84.875, 4.060746269138641e-22, nan 
-82.875, 84.875, 3.6707236713928637e-22, nan 
-82.625, 84.875, 3.153334315436532e-22, nan 
-82.375, 84.875, 2.573955461759296e-22, nan 
-82.125, 84.875, 2.7862987830305077e-22, nan 
-81.875, 84.875, 3.5876783596898584e-22, nan 
-81.625, 84.875, 4.0246920754253085e-22, nan 
-81.375, 84.875, 4.975146497776081e-22, nan 
-81.125, 84.875, 5.595181350181827e-22, nan 
-80.875, 84.875, 6.36715197244791e-22, nan 
-80.625, 84.875, 7.117245166453242e-22, nan 
-80.375, 84.875, 7.0252157271750635e-22, nan 
-80.125, 84.875, 6.317713497147663e-22, nan 
-79.875, 84.875, 5.164517923603613e-22, nan 
-79.625, 84.875, 2.6363743672105466e-22, nan 
-79.375, 84.875, 2.6409970192871353e-22, nan 
-79.125, 84.875, 3.277463758125034e-22, nan 
-78.875, 84.875, 3.5526472200842336e-22, nan 
-78.625, 84.875, 4.0111789056397263e-22, nan 
-78.375, 84.875, 4.411657022031597e-22, nan 
-78.125, 84.875, 4.805138414612506e-22, nan 
-77.875, 84.875, 5.334572879393674e-22, nan 
-77.625, 84.875, 5.32831038908146e-22, nan 
-77.375, 84.875, 5.052006230917913e-22, nan 
-77.125, 84.875, 4.811054876906068e-22, nan 
-76.875, 84.875, 4.082068864554054e-22, nan 
-76.625, 84.875, 3.9314155531735534e-22, nan 
-76.375, 84.875, 3.7394266649755553e-22, nan 
-76.125, 84.875, 3.785500575870911e-22, nan 
-75.875, 84.875, 3.751590042755381e-22, nan 
-75.625, 84.875, 3.7714363226689177e-22, nan 
-75.375, 84.875, 3.5804303413186823e-22, nan 
-75.125, 84.875, 3.7633970688330493e-22, nan 
-74.875, 84.875, 3.65081202418852e-22, nan 
-74.625, 84.875, 4.217018006228347e-22, nan 
-74.375, 84.875, 5.784525216179115e-22, nan 
-74.125, 84.875, 6.120894198215527e-22, nan 
-73.875, 84.875, 5.969639115474223e-22, nan 
-73.625, 84.875, 4.445093254077543e-22, nan 
-73.375, 84.875, 3.4949537780732833e-22, nan 
-73.125, 84.875, 3.0443445544701983e-22, nan 
-72.875, 84.875, 3.73369833949146e-22, nan 
-72.625, 84.875, 4.426354065407196e-22, nan 
-72.375, 84.875, 4.30195138486454e-22, nan 
-72.125, 84.875, 3.965454351085101e-22, nan 
-71.875, 84.875, 3.7120054766257104e-22, nan 
-71.625, 84.875, 5.286046165083276e-22, nan 
-71.375, 84.875, 6.553380787258898e-22, nan 
-71.125, 84.875, 6.76758213684698e-22, nan 
-70.875, 84.875, 5.059947054704419e-22, nan 
-70.625, 84.875, 4.1005688630753586e-22, nan 
-70.375, 84.875, 3.8174519167085686e-22, nan 
-70.125, 84.875, 4.669221779074325e-22, nan 
-69.875, 84.875, 5.273570356174843e-22, nan 
-69.625, 84.875, 5.158063854022209e-22, nan 
-69.375, 84.875, 4.867343733240365e-22, nan 
-69.125, 84.875, 4.565947762646477e-22, nan 
-68.875, 84.875, 3.849412721076904e-22, nan 
-68.625, 84.875, 4.115705631562528e-22, nan 
-68.375, 84.875, 3.8125039455666836e-22, nan 
-68.125, 84.875, 3.4875217388582325e-22, nan 
-67.875, 84.875, 3.49497079351401e-22, nan 
-67.625, 84.875, 3.551230144095902e-22, nan 
39.625, 84.875, 3.3906825003176405e-23, nan 
39.875, 84.875, 3.6296535205619567e-23, nan 
40.125, 84.875, 3.9063156317551474e-23, nan 
40.375, 84.875, 4.394193498913022e-23, nan 
40.625, 84.875, 4.6679588244135765e-23, nan 
40.875, 84.875, 4.488396282917158e-23, nan 
41.125, 84.875, 4.3306970029971584e-23, nan 
41.375, 84.875, 4.115895127964919e-23, nan 
41.625, 84.875, 4.420066674485225e-23, nan 
41.875, 84.875, 4.986087432979979e-23, nan 
42.125, 84.875, 5.1490255053622466e-23, nan 
42.375, 84.875, 5.467804683708934e-23, nan 
42.625, 84.875, 5.532231268090097e-23, nan 
42.875, 84.875, 5.293260708245948e-23, nan 
43.125, 84.875, 5.484940473174511e-23, nan 
43.375, 84.875, 5.622757319591698e-23, nan 
43.625, 84.875, 5.481474523472334e-23, nan 
43.875, 84.875, 5.644909699101404e-23, nan 
44.125, 84.875, 5.722055425522649e-23, nan 
44.375, 84.875, 5.83999705836693e-23, nan 
44.625, 84.875, 5.983035300792021e-23, nan 
44.875, 84.875, 6.331079350440912e-23, nan 
45.125, 84.875, 6.458866566222503e-23, nan 
45.375, 84.875, 6.329514580267654e-23, nan 
45.625, 84.875, 6.227409200944152e-23, nan 
45.875, 84.875, 6.229353927330067e-23, nan 
46.125, 84.875, 6.106153746244202e-23, nan 
46.375, 84.875, 6.329709560640753e-23, nan 
46.625, 84.875, 6.419446400352116e-23, nan 
46.875, 84.875, 6.616157145435233e-23, nan 
47.125, 84.875, 6.718233459508196e-23, nan 
47.375, 84.875, 6.79626324795524e-23, nan 
47.625, 84.875, 6.817571916727918e-23, nan 
47.875, 84.875, 6.842308537082696e-23, nan 
48.125, 84.875, 6.782171301330821e-23, nan 
48.375, 84.875, 6.570268029191855e-23, nan 
48.625, 84.875, 6.493469253442916e-23, nan 
48.875, 84.875, 6.7186869593482e-23, nan 
49.125, 84.875, 6.869570737914214e-23, nan 
49.375, 84.875, 6.869930404285063e-23, nan 
49.625, 84.875, 7.057146822138232e-23, nan 
49.875, 84.875, 7.103305675686598e-23, nan 
50.125, 84.875, 7.011925126855981e-23, nan 
50.375, 84.875, 6.967708977567599e-23, nan 
50.625, 84.875, 7.19190563965781e-23, nan 
50.875, 84.875, 7.126269546545072e-23, nan 
51.125, 84.875, 7.286805261696174e-23, nan 
51.375, 84.875, 7.31691856168433e-23, nan 
51.625, 84.875, 7.324454752865896e-23, nan 
51.875, 84.875, 7.21616376267125e-23, nan 
52.125, 84.875, 6.880975034833332e-23, nan 
52.375, 84.875, 6.923479679098791e-23, nan 
52.625, 84.875, 6.96726055617832e-23, nan 
52.875, 84.875, 7.086000898271263e-23, nan 
53.125, 84.875, 7.250970383460436e-23, nan 
53.375, 84.875, 7.362211863496282e-23, nan 
53.625, 84.875, 7.348745942887181e-23, nan 
53.875, 84.875, 7.438802353817695e-23, nan 
54.125, 84.875, 7.449599722737752e-23, nan 
54.375, 84.875, 7.527170070176527e-23, nan 
54.625, 84.875, 7.651180289641028e-23, nan 
54.875, 84.875, 7.626541992889172e-23, nan 
55.125, 84.875, 7.64098981429471e-23, nan 
55.375, 84.875, 7.353500866429344e-23, nan 
55.625, 84.875, 7.142854024848662e-23, nan 
55.875, 84.875, 7.145294097032257e-23, nan 
56.125, 84.875, 7.013245282286779e-23, nan 
56.375, 84.875, 6.964867900688309e-23, nan 
56.625, 84.875, 7.223487763772063e-23, nan 
56.875, 84.875, 7.394987758678513e-23, nan 
57.125, 84.875, 7.125736743518877e-23, nan 
57.375, 84.875, 7.223680358329928e-23, nan 
57.625, 84.875, 7.213236570517844e-23, nan 
57.875, 84.875, 7.73961995669988e-23, nan 
58.125, 84.875, 7.851510381956524e-23, nan 
58.375, 84.875, 8.103839508277863e-23, nan 
58.625, 84.875, 8.044216586206031e-23, nan 
58.875, 84.875, 8.131018162342083e-23, nan 
59.125, 84.875, 8.46957165501835e-23, nan 
59.375, 84.875, 8.7797417361426e-23, nan 
59.625, 84.875, 8.814835621836992e-23, nan 
59.875, 84.875, 8.635429343325671e-23, nan 
60.125, 84.875, 8.992601092749893e-23, nan 
60.375, 84.875, 9.15256299387288e-23, nan 
60.625, 84.875, 9.302377415710757e-23, nan 
60.875, 84.875, 9.241801360716507e-23, nan 
61.125, 84.875, 9.267059362970807e-23, nan 
61.375, 84.875, 9.611518977910142e-23, nan 
61.625, 84.875, 9.889690791446249e-23, nan 
61.875, 84.875, 9.751804077465884e-23, nan 
62.125, 84.875, 9.622790047481899e-23, nan 
62.375, 84.875, 9.563391326616939e-23, nan 
62.625, 84.875, 8.669338493393783e-23, nan 
62.875, 84.875, 8.525939962475183e-23, nan 
63.125, 84.875, 8.575921839473504e-23, nan 
63.375, 84.875, 8.152468883545723e-23, nan 
63.625, 84.875, 7.812169973393698e-23, nan 
63.875, 84.875, 7.344152333086467e-23, nan 
64.125, 84.875, 7.292511036035585e-23, nan 
64.375, 84.875, 7.394920501873739e-23, nan 
64.625, 84.875, 7.587612478578968e-23, nan 
64.875, 84.875, 7.833745648104214e-23, nan 
65.125, 84.875, 8.040403321087828e-23, nan 
65.375, 84.875, 8.019982135751696e-23, nan 
65.625, 84.875, 8.052932196486515e-23, nan 
65.875, 84.875, 8.128542328017366e-23, nan 
66.125, 84.875, 8.067231195927152e-23, nan 
66.375, 84.875, 7.607337332086916e-23, nan 
66.625, 84.875, 7.572759196602262e-23, nan 
66.875, 84.875, 7.655865165689152e-23, nan 
67.125, 84.875, 7.493164686268875e-23, nan 
67.375, 84.875, 7.69109191660555e-23, nan 
67.625, 84.875, 7.577908234745671e-23, nan 
67.875, 84.875, 7.851976284169177e-23, nan 
68.125, 84.875, 8.085059141064933e-23, nan 
68.375, 84.875, 8.406203586229929e-23, nan 
68.625, 84.875, 8.433174330636531e-23, nan 
68.875, 84.875, 8.835062448505987e-23, nan 
69.125, 84.875, 9.337210518091862e-23, nan 
69.375, 84.875, 9.790623084571316e-23, nan 
69.625, 84.875, 1.0018409092560478e-22, nan 
69.875, 84.875, 9.837867223502558e-23, nan 
70.125, 84.875, 9.607035883918351e-23, nan 
70.375, 84.875, 9.523674214444239e-23, nan 
70.625, 84.875, 9.766778775761007e-23, nan 
70.875, 84.875, 1.050261526341734e-22, nan 
71.125, 84.875, 1.0988197474589857e-22, nan 
71.375, 84.875, 1.0791636949930038e-22, nan 
71.625, 84.875, 1.0575689999889e-22, nan 
71.875, 84.875, 1.0894476828565567e-22, nan 
72.125, 84.875, 1.1495519866534536e-22, nan 
72.375, 84.875, 1.1401506756339402e-22, nan 
72.625, 84.875, 1.114940777040204e-22, nan 
72.875, 84.875, 1.1207605335643654e-22, nan 
73.125, 84.875, 1.122176219317942e-22, nan 
73.375, 84.875, 1.2202683370932618e-22, nan 
73.625, 84.875, 1.3419132849216196e-22, nan 
73.875, 84.875, 1.3733379705752146e-22, nan 
74.125, 84.875, 1.4178391438764526e-22, nan 
74.375, 84.875, 1.383091224643812e-22, nan 
74.625, 84.875, 1.2487489219798133e-22, nan 
74.875, 84.875, 1.2064464060512225e-22, nan 
75.125, 84.875, 1.226382857203675e-22, nan 
75.375, 84.875, 1.263959112003735e-22, nan 
75.625, 84.875, 1.3410211374414322e-22, nan 
75.875, 84.875, 1.3779391502049005e-22, nan 
76.125, 84.875, 1.416091911107846e-22, nan 
76.375, 84.875, 1.4298195426304554e-22, nan 
76.625, 84.875, 1.464039065984303e-22, nan 
76.875, 84.875, 1.385025829204349e-22, nan 
77.125, 84.875, 1.3973209766796226e-22, nan 
77.375, 84.875, 1.4659634448751144e-22, nan 
77.625, 84.875, 1.452330442742013e-22, nan 
77.875, 84.875, 1.513987245875528e-22, nan 
78.125, 84.875, 1.5849336181360958e-22, nan 
78.375, 84.875, 1.557546993304016e-22, nan 
78.625, 84.875, 1.6549685373861355e-22, nan 
78.875, 84.875, 1.698368422519542e-22, nan 
79.125, 84.875, 1.682697593911283e-22, nan 
79.375, 84.875, 1.6914614777539248e-22, nan 
79.625, 84.875, 1.814929634862168e-22, nan 
79.875, 84.875, 2.0880249639389948e-22, nan 
80.125, 84.875, 2.1151802907378933e-22, nan 
80.375, 84.875, 2.125347787247712e-22, nan 
80.625, 84.875, 2.2111250449931276e-22, nan 
80.875, 84.875, 2.209790363791148e-22, nan 
81.125, 84.875, 2.308857953943045e-22, nan 
81.375, 84.875, 2.372117332403849e-22, nan 
81.625, 84.875, 2.504927461170695e-22, nan 
81.875, 84.875, 2.17559750405126e-22, nan 
82.125, 84.875, 1.7161630954949176e-22, nan 
82.375, 84.875, 1.5970175337617007e-22, nan 
82.625, 84.875, 1.5652261116085336e-22, nan 
82.875, 84.875, 1.6079720184199333e-22, nan 
83.125, 84.875, 1.6937468673617592e-22, nan 
83.375, 84.875, 1.769437455285611e-22, nan 
83.625, 84.875, 1.783864857118708e-22, nan 
83.875, 84.875, 1.849636057915658e-22, nan 
84.125, 84.875, 1.9142445486051617e-22, nan 
84.375, 84.875, 1.8962402508918393e-22, nan 
84.625, 84.875, 1.9525500647437953e-22, nan 
84.875, 84.875, 1.9232720053037096e-22, nan 
85.125, 84.875, 2.0071451155999847e-22, nan 
85.375, 84.875, 2.1148911299825408e-22, nan 
85.625, 84.875, 2.17267787232511e-22, nan 
85.875, 84.875, 2.2453809186172995e-22, nan 
86.125, 84.875, 2.2362344405451393e-22, nan 
86.375, 84.875, 2.270835087550332e-22, nan 
86.625, 84.875, 2.2300855379438596e-22, nan 
86.875, 84.875, 2.2196615672764743e-22, nan 
87.125, 84.875, 2.248164208027923e-22, nan 
87.375, 84.875, 2.2086360279639073e-22, nan 
87.625, 84.875, 2.15579859388745e-22, nan 
87.875, 84.875, 2.156282278795091e-22, nan 
88.125, 84.875, 2.120849482360747e-22, nan 
88.375, 84.875, 2.235743654220985e-22, nan 
88.625, 84.875, 2.38197242851832e-22, nan 
88.875, 84.875, 2.3913362064419607e-22, nan 
89.125, 84.875, 2.3525056829913933e-22, nan 
89.375, 84.875, 2.4463065188329055e-22, nan 
89.625, 84.875, 2.7902858463127156e-22, nan 
89.875, 84.875, 3.1026184975334267e-22, nan 
90.125, 84.875, 2.846154154734369e-22, nan 
90.375, 84.875, 2.4241120057901737e-22, nan 
90.625, 84.875, 2.4081735817047267e-22, nan 
90.875, 84.875, 2.441757977588213e-22, nan 
91.125, 84.875, 2.517260729274304e-22, nan 
91.375, 84.875, 2.5584193579712263e-22, nan 
91.625, 84.875, 2.677558651517655e-22, nan 
91.875, 84.875, 2.528654341116837e-22, nan 
92.125, 84.875, 2.6544879898814097e-22, nan 
92.375, 84.875, 3.29490824087226e-22, nan 
92.625, 84.875, 3.797878074983607e-22, nan 
92.875, 84.875, 5.12954768883541e-22, nan 
93.125, 84.875, 5.930192238537852e-22, nan 
93.375, 84.875, 6.272640774728847e-22, nan 
93.625, 84.875, 5.964475213167377e-22, nan 
93.875, 84.875, 6.06158850314629e-22, nan 
94.125, 84.875, 6.321746610529433e-22, nan 
94.375, 84.875, 6.984611423558464e-22, nan 
94.625, 84.875, 7.19563828731937e-22, nan 
94.875, 84.875, 7.673293573702046e-22, nan 
95.125, 84.875, 6.514940367255465e-22, nan 
95.375, 84.875, 6.73796277589607e-22, nan 
95.625, 84.875, 9.740704914691502e-22, nan 
95.875, 84.875, 1.1589219916613596e-21, nan 
96.125, 84.875, 1.2328809426505358e-21, nan 
96.375, 84.875, 1.2104169939666566e-21, nan 
96.625, 84.875, 1.2279658502943337e-21, nan 
96.875, 84.875, 1.2788897988170175e-21, nan 
97.125, 84.875, 1.379690718614758e-21, nan 
97.375, 84.875, 1.364691980039038e-21, nan 
97.625, 84.875, 1.4370347974149274e-21, nan 
97.875, 84.875, 9.793675224122786e-22, nan 
98.125, 84.875, 8.074245880340469e-22, nan 
98.375, 84.875, 6.234575792973531e-22, nan 
98.625, 84.875, 7.294726338371375e-22, nan 
98.875, 84.875, 7.708098145319837e-22, nan 
99.125, 84.875, 7.93737351949012e-22, nan 
99.375, 84.875, 8.189105524207031e-22, nan 
99.625, 84.875, 8.76706765213774e-22, nan 
99.875, 84.875, 9.011024213284228e-22, nan 
100.125, 84.875, 9.121674778684933e-22, nan 
100.375, 84.875, 9.672119287529031e-22, nan 
100.625, 84.875, 8.609382935882682e-22, nan 
100.875, 84.875, 8.696927791604726e-22, nan 
101.125, 84.875, 7.975027879402606e-22, nan 
101.375, 84.875, 8.606087342174894e-22, nan 
101.625, 84.875, 8.384946702709369e-22, nan 
101.875, 84.875, 8.171183285301395e-22, nan 
102.125, 84.875, 8.067730563924404e-22, nan 
102.375, 84.875, 8.156065653261133e-22, nan 
102.625, 84.875, 8.206266513407347e-22, nan 
102.875, 84.875, 9.101632548027292e-22, nan 
103.125, 84.875, 9.315363056600592e-22, nan 
103.375, 84.875, 9.675486852027232e-22, nan 
103.625, 84.875, 9.817406436861606e-22, nan 
103.875, 84.875, 1.0333832740261082e-21, nan 
104.125, 84.875, 1.0366620607124045e-21, nan 
104.375, 84.875, 1.0181709636879525e-21, nan 
104.625, 84.875, 1.394093431359124e-21, nan 
104.875, 84.875, 1.707888009388046e-21, nan 
105.125, 84.875, 2.2560053768583926e-21, nan 
105.375, 84.875, 3.0305823691185084e-21, nan 
105.625, 84.875, 3.3689973399107363e-21, nan 
105.875, 84.875, 3.579731551852026e-21, nan 
106.125, 84.875, 3.574017731330629e-21, nan 
106.375, 84.875, 3.5380879618418815e-21, nan 
106.625, 84.875, 3.514224079202769e-21, nan 
106.875, 84.875, 3.3690198904328845e-21, nan 
107.125, 84.875, 3.001767901050133e-21, nan 
107.375, 84.875, 2.7245103969433927e-21, nan 
107.625, 84.875, 3.0334749319379655e-21, nan 
107.875, 84.875, 3.3466788377854404e-21, nan 
108.125, 84.875, 3.506704372190719e-21, nan 
108.375, 84.875, 3.619353268680963e-21, nan 
108.625, 84.875, 3.7691573565857545e-21, nan 
108.875, 84.875, 3.9453418115941446e-21, nan 
109.125, 84.875, 4.092217644395804e-21, nan 
109.375, 84.875, 4.149934388445429e-21, nan 
109.625, 84.875, 4.0334807143259294e-21, nan 
109.875, 84.875, 3.8828230390796054e-21, nan 
110.125, 84.875, 3.3328358829856937e-21, nan 
110.375, 84.875, 3.0957038984727405e-21, nan 
110.625, 84.875, 3.0251339541951604e-21, nan 
110.875, 84.875, 3.0940251518032996e-21, nan 
111.125, 84.875, 2.902744670545146e-21, nan 
111.375, 84.875, 2.8035963585375696e-21, nan 
111.625, 84.875, 2.8901704083164603e-21, nan 
111.875, 84.875, 2.7510384563784656e-21, nan 
112.125, 84.875, 2.6475949906044393e-21, nan 
112.375, 84.875, 2.5672327518146247e-21, nan 
112.625, 84.875, 2.5205610924376992e-21, nan 
112.875, 84.875, 2.3915558686584293e-21, nan 
113.125, 84.875, 2.1894355502558166e-21, nan 
113.375, 84.875, 1.9409918369864962e-21, nan 
113.625, 84.875, 2.004549287575191e-21, nan 
113.875, 84.875, 2.1675883907998714e-21, nan 
114.125, 84.875, 2.333362786723612e-21, nan 
114.375, 84.875, 2.357317025807184e-21, nan 
114.625, 84.875, 2.567503593388075e-21, nan 
114.875, 84.875, 2.8531601829830854e-21, nan 
115.125, 84.875, 2.8810980409282438e-21, nan 
115.375, 84.875, 2.7990876343277808e-21, nan 
115.625, 84.875, 2.6994071287709453e-21, nan 
115.875, 84.875, 2.6492884300240283e-21, nan 
116.125, 84.875, 2.3688197787749744e-21, nan 
116.375, 84.875, 2.6659023280780706e-21, nan 
116.625, 84.875, 3.3286000970648906e-21, nan 
116.875, 84.875, 3.9968057369638786e-21, nan 
117.125, 84.875, 4.239319098117863e-21, nan 
117.375, 84.875, 4.873637196609905e-21, nan 
117.625, 84.875, 5.372074915706221e-21, nan 
117.875, 84.875, 4.443700814058301e-21, nan 
118.125, 84.875, 4.128687379925851e-21, nan 
118.375, 84.875, 4.397518434366462e-21, nan 
118.625, 84.875, 4.289308130266561e-21, nan 
118.875, 84.875, 3.496389834509243e-21, nan 
119.125, 84.875, 2.6815620459045025e-21, nan 
119.375, 84.875, 2.031474992465408e-21, nan 
119.625, 84.875, 2.51429121992587e-21, nan 
119.875, 84.875, 2.1914467266780126e-21, nan 
120.125, 84.875, 2.2898489923414596e-21, nan 
120.375, 84.875, 2.6570826096171234e-21, nan 
120.625, 84.875, 1.6357111310209276e-21, nan 
120.875, 84.875, 1.5220924181733311e-21, nan 
121.125, 84.875, 1.5412603823179725e-21, nan 
121.375, 84.875, 1.5168330725246999e-21, nan 
121.625, 84.875, 1.2752676704817381e-21, nan 
121.875, 84.875, 1.1675623086907597e-21, nan 
122.125, 84.875, 9.609764386102125e-22, nan 
122.375, 84.875, 1.0469532916158166e-21, nan 
122.625, 84.875, 1.220227423570639e-21, nan 
122.875, 84.875, 1.7016433642924148e-21, nan 
123.125, 84.875, 1.6170950900833674e-21, nan 
123.375, 84.875, 1.2662606937575592e-21, nan 
123.625, 84.875, 1.0681930662615096e-21, nan 
123.875, 84.875, 1.6483350261447397e-21, nan 
124.125, 84.875, 1.9818418486995742e-21, nan 
124.375, 84.875, 2.9945147750886802e-21, nan 
124.625, 84.875, 2.896080086935277e-21, nan 
124.875, 84.875, 2.7859607453235577e-21, nan 
125.125, 84.875, 2.8432782123753757e-21, nan 
125.375, 84.875, 3.2130204659417647e-21, nan 
125.625, 84.875, 3.467061377095216e-21, nan 
125.875, 84.875, 3.7511717169338e-21, nan 
126.125, 84.875, 4.762607728713554e-21, nan 
126.375, 84.875, 5.6446234363113594e-21, nan 
126.625, 84.875, 5.8418774418031954e-21, nan 
126.875, 84.875, 5.081979012915576e-21, nan 
127.125, 84.875, 4.509778930506178e-21, nan 
127.375, 84.875, 4.771648147316541e-21, nan 
127.625, 84.875, 3.746421490136189e-21, nan 
127.875, 84.875, 3.09272858662627e-21, nan 
128.125, 84.875, 3.127843358593559e-21, nan 
128.375, 84.875, 3.0658196852915714e-21, nan 
128.625, 84.875, 4.052551930949918e-21, nan 
128.875, 84.875, 6.78236570750102e-21, nan 
129.125, 84.875, 8.567980812268144e-21, nan 
129.375, 84.875, 8.253964714824496e-21, nan 
129.625, 84.875, 6.278604752356698e-21, nan 
129.875, 84.875, 3.814083943617795e-21, nan 
130.125, 84.875, 4.352198025632672e-21, nan 
130.375, 84.875, 4.264519153892308e-21, nan 
130.625, 84.875, 4.53627009291121e-21, nan 
130.875, 84.875, 6.025193596041173e-21, nan 
131.125, 84.875, 6.3132217061499665e-21, nan 
131.375, 84.875, 7.139366663386794e-21, nan 
131.625, 84.875, 8.43716927519047e-21, nan 
131.875, 84.875, 9.47042104549276e-21, nan 
132.125, 84.875, 9.230891165429014e-21, nan 
132.375, 84.875, 8.76418678585667e-21, nan 
132.625, 84.875, 8.367217577845536e-21, nan 
132.875, 84.875, 7.945511771499542e-21, nan 
133.125, 84.875, 5.50005730160096e-21, nan 
133.375, 84.875, 4.7387711087611756e-21, nan 
133.625, 84.875, 5.5093810357751925e-21, nan 
133.875, 84.875, 5.555801320244979e-21, nan 
134.125, 84.875, 4.967348719575882e-21, nan 
134.375, 84.875, 5.027468947675685e-21, nan 
134.625, 84.875, 4.837264647635782e-21, nan 
134.875, 84.875, 5.320302039968839e-21, nan 
135.125, 84.875, 5.347263644836016e-21, nan 
135.375, 84.875, 5.922116586639319e-21, nan 
135.625, 84.875, 5.934573707087491e-21, nan 
135.875, 84.875, 5.798660862744818e-21, nan 
136.125, 84.875, 5.9314962027070634e-21, nan 
136.375, 84.875, 5.828900839252307e-21, nan 
136.625, 84.875, 5.837434703826633e-21, nan 
136.875, 84.875, 5.95196654983526e-21, nan 
137.125, 84.875, 5.896654122490088e-21, nan 
137.375, 84.875, 5.736772232214859e-21, nan 
137.625, 84.875, 5.7003603211202565e-21, nan 
137.875, 84.875, 5.547443248984771e-21, nan 
138.125, 84.875, 5.28055368273567e-21, nan 
138.375, 84.875, 4.778943211518782e-21, nan 
138.625, 84.875, 4.145436025047708e-21, nan 
138.875, 84.875, 3.949677523250741e-21, nan 
139.125, 84.875, 4.1072155803659915e-21, nan 
139.375, 84.875, 4.683379510934643e-21, nan 
139.625, 84.875, 4.554142235322319e-21, nan 
139.875, 84.875, 4.512002827638703e-21, nan 
140.125, 84.875, 4.651658366781576e-21, nan 
140.375, 84.875, 4.511534597109623e-21, nan 
140.625, 84.875, 4.413956155345725e-21, nan 
140.875, 84.875, 4.43001130547417e-21, nan 
141.125, 84.875, 4.25668093021196e-21, nan 
141.375, 84.875, 4.335563789311433e-21, nan 
141.625, 84.875, 4.420588223934398e-21, nan 
141.875, 84.875, 3.791132408358654e-21, nan 
142.125, 84.875, 3.821101040595191e-21, nan 
142.375, 84.875, 4.380663018404149e-21, nan 
142.625, 84.875, 5.274754534337631e-21, nan 
142.875, 84.875, 6.466746045634076e-21, nan 
143.125, 84.875, 7.116701672485404e-21, nan 
143.375, 84.875, 7.306905486643314e-21, nan 
143.625, 84.875, 7.290556480114542e-21, nan 
143.875, 84.875, 6.731126349624211e-21, nan 
144.125, 84.875, 5.3741228717580844e-21, nan 
144.375, 84.875, 3.9652319986833594e-21, nan 
144.625, 84.875, 3.493453779257656e-21, nan 
144.875, 84.875, 3.736858481001091e-21, nan 
145.125, 84.875, 4.1345608814108505e-21, nan 
145.375, 84.875, 3.996878842514255e-21, nan 
145.625, 84.875, 4.393213413040968e-21, nan 
145.875, 84.875, 5.433684415310379e-21, nan 
146.125, 84.875, 5.742900013408616e-21, nan 
146.375, 84.875, 6.909694022755983e-21, nan 
146.625, 84.875, 8.034623286427529e-21, nan 
146.875, 84.875, 8.339536800624742e-21, nan 
147.125, 84.875, 7.43149930165656e-21, nan 
147.375, 84.875, 7.17729841367076e-21, nan 
147.625, 84.875, 6.874704271792035e-21, nan 
147.875, 84.875, 7.022196127115288e-21, nan 
148.125, 84.875, 7.479503766821374e-21, nan 
148.375, 84.875, 7.159016749872135e-21, nan 
148.625, 84.875, 8.293682720080847e-21, nan 
148.875, 84.875, 8.744943168781057e-21, nan 
149.125, 84.875, 1.0344890663799142e-20, nan 
149.375, 84.875, 1.3217480431644658e-20, nan 
149.625, 84.875, 1.3562512297040744e-20, nan 
149.875, 84.875, 1.5755898781281925e-20, nan 
150.125, 84.875, 1.450761719060636e-20, nan 
150.375, 84.875, 1.4547315565656576e-20, nan 
150.625, 84.875, 1.603825446745608e-20, nan 
150.875, 84.875, 1.8736273966204118e-20, nan 
151.125, 84.875, 2.01967946204516e-20, nan 
151.375, 84.875, 2.2369524997766043e-20, nan 
151.625, 84.875, 2.0927631976983727e-20, nan 
151.875, 84.875, 2.330187856024257e-20, nan 
152.125, 84.875, 2.306383533061366e-20, nan 
152.375, 84.875, 2.401265643026797e-20, nan 
152.625, 84.875, 2.393752706021771e-20, nan 
152.875, 84.875, 2.342195734071314e-20, nan 
153.125, 84.875, 2.288707857064223e-20, nan 
153.375, 84.875, 2.182216988401929e-20, nan 
153.625, 84.875, 2.0730075193788866e-20, nan 
153.875, 84.875, 1.739383855262482e-20, nan 
154.125, 84.875, 1.7048482286528393e-20, nan 
154.375, 84.875, 1.491922137195054e-20, nan 
154.625, 84.875, 1.1024405982336391e-20, nan 
154.875, 84.875, 1.1633551078407628e-20, nan 
155.125, 84.875, 1.3141472887031561e-20, nan 
155.375, 84.875, 1.4679015681966746e-20, nan 
155.625, 84.875, 1.423896005198433e-20, nan 
155.875, 84.875, 1.4115403767819542e-20, nan 
156.125, 84.875, 1.394976237481232e-20, nan 
156.375, 84.875, 1.459822451412463e-20, nan 
156.625, 84.875, 1.5658528663031823e-20, nan 
156.875, 84.875, 1.5806920532199695e-20, nan 
157.125, 84.875, 1.4995230835424062e-20, nan 
157.375, 84.875, 1.069614952396351e-20, nan 
157.625, 84.875, 8.996304023278715e-21, nan 
157.875, 84.875, 7.327892875984849e-21, nan 
158.125, 84.875, 6.4850795273722475e-21, nan 
158.375, 84.875, 5.744234904073363e-21, nan 
158.625, 84.875, 4.950344278440425e-21, nan 
158.875, 84.875, 4.320772312457434e-21, nan 
159.125, 84.875, 5.8457110295327414e-21, nan 
159.375, 84.875, 7.819660694347838e-21, nan 
159.625, 84.875, 7.536117660009162e-21, nan 
159.875, 84.875, 8.995220033353523e-21, nan 
160.125, 84.875, 1.020779644323028e-20, nan 
160.375, 84.875, 8.447734246376998e-21, nan 
160.625, 84.875, 7.561241815877996e-21, nan 
160.875, 84.875, 6.252146836211586e-21, nan 
161.125, 84.875, 6.01165404788566e-21, nan 
161.375, 84.875, 5.575629918451002e-21, nan 
161.625, 84.875, 5.208587776898371e-21, nan 
161.875, 84.875, 4.650270289704829e-21, nan 
162.125, 84.875, 4.5946351284994385e-21, nan 
162.375, 84.875, 4.327603094316799e-21, nan 
162.625, 84.875, 3.868211841899604e-21, nan 
162.875, 84.875, 3.9028253196150224e-21, nan 
163.125, 84.875, 4.297666770479016e-21, nan 
163.375, 84.875, 4.429616558758381e-21, nan 
163.625, 84.875, 4.280580819409048e-21, nan 
163.875, 84.875, 3.7221698812601406e-21, nan 
164.125, 84.875, 3.3228710697576504e-21, nan 
164.375, 84.875, 2.9764086424768808e-21, nan 
164.625, 84.875, 2.5135392250770927e-21, nan 
164.875, 84.875, 2.489178861382919e-21, nan 
165.125, 84.875, 2.3136570024099138e-21, nan 
165.375, 84.875, 1.7365932863971706e-21, nan 
165.625, 84.875, 1.4452748575477536e-21, nan 
165.875, 84.875, 1.2637876364910668e-21, nan 
166.125, 84.875, 9.539720122996591e-22, nan 
166.375, 84.875, 1.259969991331886e-21, nan 
166.625, 84.875, 1.1621131507077296e-21, nan 
166.875, 84.875, 7.436035945253213e-22, nan 
167.125, 84.875, 7.412255471993016e-22, nan 
167.375, 84.875, 1.0465435449474523e-21, nan 
167.625, 84.875, 8.353472566781643e-22, nan 
167.875, 84.875, 5.643052459894119e-22, nan 
168.125, 84.875, 2.439913018143931e-22, nan 
168.375, 84.875, 1.0572668908097145e-21, nan 
168.625, 84.875, 1.2040960923435764e-21, nan 
168.875, 84.875, 9.148686913390327e-22, nan 
169.125, 84.875, 8.98497298627814e-22, nan 
169.375, 84.875, 6.726832549982549e-22, nan 
169.625, 84.875, 7.26195025652851e-22, nan 
169.875, 84.875, 8.459858235538711e-22, nan 
170.125, 84.875, 9.84649817696681e-22, nan 
170.375, 84.875, 1.1193725388878235e-21, nan 
170.625, 84.875, 1.6400713499496034e-21, nan 
170.875, 84.875, 2.4484044559375497e-21, nan 
171.125, 84.875, 3.547685145223081e-21, nan 
171.375, 84.875, 3.697351453000872e-21, nan 
171.625, 84.875, 4.5323523657976875e-21, nan 
171.875, 84.875, 4.654234790449118e-21, nan 
172.125, 84.875, 4.469090474488879e-21, nan 
172.375, 84.875, 4.6002698960083685e-21, nan 
172.625, 84.875, 4.390196067775641e-21, nan 
172.875, 84.875, 3.981565205845515e-21, nan 
173.125, 84.875, 3.505306999795114e-21, nan 
173.375, 84.875, 4.009982408570199e-21, nan 
173.625, 84.875, 4.563183259634628e-21, nan 
173.875, 84.875, 5.338211655869303e-21, nan 
174.125, 84.875, 5.7015224226659826e-21, nan 
174.375, 84.875, 7.004321314864751e-21, nan 
174.625, 84.875, 7.263472613778887e-21, nan 
174.875, 84.875, 7.30128526234211e-21, nan 
175.125, 84.875, 7.610400823774946e-21, nan 
175.375, 84.875, 7.286107255203292e-21, nan 
175.625, 84.875, 6.779063996469642e-21, nan 
175.875, 84.875, 6.449633232891138e-21, nan 
176.125, 84.875, 8.568115779376043e-21, nan 
176.375, 84.875, 1.0367733691437696e-20, nan 
176.625, 84.875, 1.1248771514154246e-20, nan 
176.875, 84.875, 1.2088597249424991e-20, nan 
177.125, 84.875, 1.1993246109134596e-20, nan 
177.375, 84.875, 1.571770666951643e-20, nan 
177.625, 84.875, 1.5990458078254396e-20, nan 
177.875, 84.875, 1.6054459439257693e-20, nan 
178.125, 84.875, 1.5560872054391638e-20, nan 
178.375, 84.875, 1.4357274110550183e-20, nan 
178.625, 84.875, 1.4240963305403063e-20, nan 
178.875, 84.875, 1.481081974335425e-20, nan 
179.125, 84.875, 1.4482036138592522e-20, nan 
179.375, 84.875, 1.3296490970792335e-20, nan 
179.625, 84.875, 1.295040522597221e-20, nan 
179.875, 84.875, 1.2560515355542576e-20, nan 
-179.875, 85.125, 7.808155217944784e-21, nan 
-179.625, 85.125, 7.242947173939875e-21, nan 
-179.375, 85.125, 6.704072514885693e-21, nan 
-179.125, 85.125, 4.6768009129012956e-21, nan 
-178.875, 85.125, 4.878910963847581e-21, nan 
-178.625, 85.125, 5.117701489250868e-21, nan 
-178.375, 85.125, 5.4294231093940725e-21, nan 
-178.125, 85.125, 5.608941739648496e-21, nan 
-177.875, 85.125, 5.9262236191725085e-21, nan 
-177.625, 85.125, 5.892246360295931e-21, nan 
-177.375, 85.125, 5.459307736888925e-21, nan 
-177.125, 85.125, 5.340483675684807e-21, nan 
-176.875, 85.125, 4.688506498305699e-21, nan 
-176.625, 85.125, 3.895164088195812e-21, nan 
-176.375, 85.125, 3.461634697424843e-21, nan 
-176.125, 85.125, 2.6993173247108702e-21, nan 
-175.875, 85.125, 2.722198652529924e-21, nan 
-175.625, 85.125, 2.251539422279935e-21, nan 
-175.375, 85.125, 5.3498889385526185e-21, nan 
-175.125, 85.125, 6.206138485735417e-21, nan 
-174.875, 85.125, 6.898989265002579e-21, nan 
-174.625, 85.125, 7.104114599368414e-21, nan 
-174.375, 85.125, 3.3776812118238447e-21, nan 
-174.125, 85.125, 5.191353220448168e-21, nan 
-173.875, 85.125, 5.066690839463054e-21, nan 
-173.625, 85.125, 5.403035096029518e-21, nan 
-173.375, 85.125, 6.779418843189273e-21, nan 
-173.125, 85.125, 7.63968000680027e-21, nan 
-172.875, 85.125, 9.573187050235279e-21, nan 
-172.625, 85.125, 1.1602356582936579e-20, nan 
-172.375, 85.125, 1.340079683291667e-20, nan 
-172.125, 85.125, 1.493157121055797e-20, nan 
-171.875, 85.125, 1.6092813994396887e-20, nan 
-171.625, 85.125, 1.6107693322271865e-20, nan 
-171.375, 85.125, 1.6381371892784335e-20, nan 
-171.125, 85.125, 1.6355295391093692e-20, nan 
-170.875, 85.125, 1.6061169632808765e-20, nan 
-170.625, 85.125, 1.570381486220942e-20, nan 
-170.375, 85.125, 1.5501321965194354e-20, nan 
-170.125, 85.125, 1.7003716946496897e-20, nan 
-169.875, 85.125, 2.0506486499653864e-20, nan 
-169.625, 85.125, 2.813500230450544e-20, nan 
-169.375, 85.125, 2.963135756751565e-20, nan 
-169.125, 85.125, 3.138168230282003e-20, nan 
-168.875, 85.125, 3.331054794834872e-20, nan 
-168.625, 85.125, 3.4056866471875806e-20, nan 
-168.375, 85.125, 3.446104555732513e-20, nan 
-168.125, 85.125, 3.3911337352775984e-20, nan 
-167.875, 85.125, 3.274821966091579e-20, nan 
-167.625, 85.125, 2.916825531554067e-20, nan 
-167.375, 85.125, 2.6903976116881205e-20, nan 
-167.125, 85.125, 1.8063056956657314e-20, nan 
-166.875, 85.125, 2.1267619918653943e-20, nan 
-166.625, 85.125, 2.307628831326495e-20, nan 
-166.375, 85.125, 2.4494505899437847e-20, nan 
-166.125, 85.125, 2.6068968054604746e-20, nan 
-165.875, 85.125, 2.6505216014169596e-20, nan 
-165.625, 85.125, 2.678371750130083e-20, nan 
-165.375, 85.125, 2.640217755667814e-20, nan 
-165.125, 85.125, 2.553260703421457e-20, nan 
-164.875, 85.125, 2.3816924384580572e-20, nan 
-164.625, 85.125, 2.2627835596427438e-20, nan 
-164.375, 85.125, 1.7341471077864953e-20, nan 
-164.125, 85.125, 1.3982593917593124e-20, nan 
-163.875, 85.125, 1.421968181533263e-20, nan 
-163.625, 85.125, 1.4750741070083458e-20, nan 
-163.375, 85.125, 1.4770212033996505e-20, nan 
-163.125, 85.125, 1.486884870823502e-20, nan 
-162.875, 85.125, 1.4628038527506945e-20, nan 
-162.625, 85.125, 1.4410972094594908e-20, nan 
-162.375, 85.125, 1.418783356289515e-20, nan 
-162.125, 85.125, 1.4009584368666098e-20, nan 
-161.875, 85.125, 1.3853497463809445e-20, nan 
-161.625, 85.125, 1.369548880908411e-20, nan 
-161.375, 85.125, 1.3530672694728872e-20, nan 
-161.125, 85.125, 1.3475675684377233e-20, nan 
-160.875, 85.125, 1.2679562262364619e-20, nan 
-160.625, 85.125, 9.325070715605383e-21, nan 
-160.375, 85.125, 4.252963224845628e-21, nan 
-160.125, 85.125, 2.9415963874186755e-21, nan 
-159.875, 85.125, 2.6904401198429028e-21, nan 
-159.625, 85.125, 2.6930782295954673e-21, nan 
-159.375, 85.125, 2.6651655136949333e-21, nan 
-159.125, 85.125, 2.6972253824760563e-21, nan 
-158.875, 85.125, 2.9259568687206174e-21, nan 
-158.625, 85.125, 3.3626074504186135e-21, nan 
-158.375, 85.125, 3.633739516256113e-21, nan 
-158.125, 85.125, 3.938640982448287e-21, nan 
-157.875, 85.125, 4.14018990233856e-21, nan 
-157.625, 85.125, 3.96163019575027e-21, nan 
-157.375, 85.125, 4.062523348854225e-21, nan 
-157.125, 85.125, 4.572329361714282e-21, nan 
-156.875, 85.125, 5.0529852259948646e-21, nan 
-156.625, 85.125, 5.675662089886713e-21, nan 
-156.375, 85.125, 5.5555003089811155e-21, nan 
-156.125, 85.125, 5.26383875902467e-21, nan 
-155.875, 85.125, 5.040781178748471e-21, nan 
-155.625, 85.125, 5.013101126976488e-21, nan 
-155.375, 85.125, 5.064983437182258e-21, nan 
-155.125, 85.125, 5.1733584514622436e-21, nan 
-154.875, 85.125, 5.172584031579145e-21, nan 
-154.625, 85.125, 5.0637465556015106e-21, nan 
-154.375, 85.125, 4.6697908229313656e-21, nan 
-154.125, 85.125, 5.153385401907545e-21, nan 
-153.875, 85.125, 6.559691581016743e-21, nan 
-153.625, 85.125, 6.874607211622433e-21, nan 
-153.375, 85.125, 7.228781536968421e-21, nan 
-153.125, 85.125, 8.488238174792547e-21, nan 
-152.875, 85.125, 9.883368209798775e-21, nan 
-152.625, 85.125, 1.0778609168907539e-20, nan 
-152.375, 85.125, 1.0944106250281045e-20, nan 
-152.125, 85.125, 1.1226089791598637e-20, nan 
-151.875, 85.125, 1.113208081619171e-20, nan 
-151.625, 85.125, 9.095022318287247e-21, nan 
-151.375, 85.125, 8.154760704382031e-21, nan 
-151.125, 85.125, 7.575966395888356e-21, nan 
-150.875, 85.125, 7.637115828175154e-21, nan 
-150.625, 85.125, 8.434891530899149e-21, nan 
-150.375, 85.125, 9.673258447880237e-21, nan 
-150.125, 85.125, 1.023287114157321e-20, nan 
-149.875, 85.125, 8.96358079935108e-21, nan 
-149.625, 85.125, 8.087881158134913e-21, nan 
-149.375, 85.125, 8.142266553088724e-21, nan 
-149.125, 85.125, 8.257194879132013e-21, nan 
-148.875, 85.125, 7.029913851295238e-21, nan 
-148.625, 85.125, 5.848893007876369e-21, nan 
-148.375, 85.125, 4.310179665704753e-21, nan 
-148.125, 85.125, 3.103203780416112e-21, nan 
-147.875, 85.125, 2.304389156857782e-21, nan 
-147.625, 85.125, 2.486456637705835e-21, nan 
-147.375, 85.125, 2.644922357340044e-21, nan 
-147.125, 85.125, 2.6710417674662084e-21, nan 
-146.875, 85.125, 2.2121208659399148e-21, nan 
-146.625, 85.125, 2.2958585846410962e-21, nan 
-146.375, 85.125, 2.7966954066408606e-21, nan 
-146.125, 85.125, 2.83460035444317e-21, nan 
-145.875, 85.125, 2.984009060843839e-21, nan 
-145.625, 85.125, 2.435541591863158e-21, nan 
-145.375, 85.125, 2.304814218908097e-21, nan 
-145.125, 85.125, 2.2093109963261966e-21, nan 
-144.875, 85.125, 2.1377866300090357e-21, nan 
-144.625, 85.125, 2.059990352007431e-21, nan 
-144.375, 85.125, 2.0779252739988496e-21, nan 
-144.125, 85.125, 2.2052219741556585e-21, nan 
-143.875, 85.125, 2.1750946395902504e-21, nan 
-143.625, 85.125, 1.9919035625427196e-21, nan 
-143.375, 85.125, 1.9803649360371173e-21, nan 
-143.125, 85.125, 1.96952655492952e-21, nan 
-142.875, 85.125, 2.093645668229472e-21, nan 
-142.625, 85.125, 1.995591529029263e-21, nan 
-142.375, 85.125, 1.992133267055654e-21, nan 
-142.125, 85.125, 2.190889271196116e-21, nan 
-141.875, 85.125, 2.175765522052782e-21, nan 
-141.625, 85.125, 2.3051651119731663e-21, nan 
-141.375, 85.125, 2.482591676170019e-21, nan 
-141.125, 85.125, 2.4775635938097177e-21, nan 
-140.875, 85.125, 2.4109682290987415e-21, nan 
-140.625, 85.125, 2.2821628679952773e-21, nan 
-140.375, 85.125, 1.9612970257402056e-21, nan 
-140.125, 85.125, 1.532490628390301e-21, nan 
-139.875, 85.125, 1.5283286790432029e-21, nan 
-139.625, 85.125, 1.7256561705914632e-21, nan 
-139.375, 85.125, 2.2647179825298093e-21, nan 
-139.125, 85.125, 2.8892727406464656e-21, nan 
-138.875, 85.125, 3.6174970968702906e-21, nan 
-138.625, 85.125, 4.2214711563122715e-21, nan 
-138.375, 85.125, 4.596040396769259e-21, nan 
-138.125, 85.125, 4.883430947954296e-21, nan 
-137.875, 85.125, 5.235024429429419e-21, nan 
-137.625, 85.125, 4.987628700021429e-21, nan 
-137.375, 85.125, 4.675495433737679e-21, nan 
-137.125, 85.125, 4.333963700443935e-21, nan 
-136.875, 85.125, 3.98240592677532e-21, nan 
-136.625, 85.125, 4.084650218000758e-21, nan 
-136.375, 85.125, 4.445778910552482e-21, nan 
-136.125, 85.125, 4.9603585695693814e-21, nan 
-135.875, 85.125, 5.6040477737430146e-21, nan 
-135.625, 85.125, 6.073173854276729e-21, nan 
-135.375, 85.125, 6.44790479362736e-21, nan 
-135.125, 85.125, 6.821098211033161e-21, nan 
-134.875, 85.125, 6.792237654352359e-21, nan 
-134.625, 85.125, 6.658198695260797e-21, nan 
-134.375, 85.125, 6.5326327060121006e-21, nan 
-134.125, 85.125, 6.426956298775542e-21, nan 
-133.875, 85.125, 6.316554793907997e-21, nan 
-133.625, 85.125, 6.239758220777988e-21, nan 
-133.375, 85.125, 6.12090368270451e-21, nan 
-133.125, 85.125, 6.02662779596889e-21, nan 
-132.875, 85.125, 6.2838914169208044e-21, nan 
-132.625, 85.125, 6.60865987773112e-21, nan 
-132.375, 85.125, 6.3750941401326124e-21, nan 
-132.125, 85.125, 4.193086333149815e-21, nan 
-131.875, 85.125, 3.8477958404015204e-21, nan 
-131.625, 85.125, 3.7771003978341195e-21, nan 
-131.375, 85.125, 3.820387922572879e-21, nan 
-131.125, 85.125, 3.8840812267223186e-21, nan 
-130.875, 85.125, 3.8921042993904545e-21, nan 
-130.625, 85.125, 3.9871989347747286e-21, nan 
-130.375, 85.125, 3.968729539052772e-21, nan 
-130.125, 85.125, 4.767100667545465e-21, nan 
-129.875, 85.125, 5.778824705266963e-21, nan 
-129.625, 85.125, 5.843783775466854e-21, nan 
-129.375, 85.125, 5.0798182828586085e-21, nan 
-129.125, 85.125, 5.074031282782807e-21, nan 
-128.875, 85.125, 5.2971211100656186e-21, nan 
-128.625, 85.125, 5.865611472534692e-21, nan 
-128.375, 85.125, 5.595013661983472e-21, nan 
-128.125, 85.125, 4.992035701367212e-21, nan 
-127.875, 85.125, 4.628805996258675e-21, nan 
-127.625, 85.125, 3.9514171543634694e-21, nan 
-127.375, 85.125, 2.7865735301078967e-21, nan 
-127.125, 85.125, 3.487182689240274e-21, nan 
-126.875, 85.125, 4.253977785327075e-21, nan 
-126.625, 85.125, 4.501158873593385e-21, nan 
-126.375, 85.125, 4.575054713672606e-21, nan 
-126.125, 85.125, 5.322821267558047e-21, nan 
-125.875, 85.125, 6.416913624814833e-21, nan 
-125.625, 85.125, 6.290621340610069e-21, nan 
-125.375, 85.125, 5.9249889894976475e-21, nan 
-125.125, 85.125, 5.9116834489056995e-21, nan 
-124.875, 85.125, 5.570926540148185e-21, nan 
-124.625, 85.125, 3.657478042450166e-21, nan 
-124.375, 85.125, 4.2280497332968635e-21, nan 
-124.125, 85.125, 4.630795973670989e-21, nan 
-123.875, 85.125, 2.958059224041406e-21, nan 
-123.625, 85.125, 4.146298140184886e-21, nan 
-123.375, 85.125, 5.358874255747054e-21, nan 
-123.125, 85.125, 5.690297415127717e-21, nan 
-122.875, 85.125, 5.745298854218486e-21, nan 
-122.625, 85.125, 5.713831478698671e-21, nan 
-122.375, 85.125, 5.6460555502529936e-21, nan 
-122.125, 85.125, 5.498101914049289e-21, nan 
-121.875, 85.125, 5.821288870201808e-21, nan 
-121.625, 85.125, 6.394156844116402e-21, nan 
-121.375, 85.125, 5.972991027469734e-21, nan 
-121.125, 85.125, 2.810372133211145e-21, nan 
-120.875, 85.125, 3.582178422145995e-21, nan 
-120.625, 85.125, 4.089052278548207e-21, nan 
-120.375, 85.125, 4.271944995145738e-21, nan 
-120.125, 85.125, 4.50393952128939e-21, nan 
-119.875, 85.125, 4.5251849341102664e-21, nan 
-119.625, 85.125, 4.868384435243438e-21, nan 
-119.375, 85.125, 4.8288373509282446e-21, nan 
-119.125, 85.125, 4.410588058038139e-21, nan 
-118.875, 85.125, 4.079423430946913e-21, nan 
-118.625, 85.125, 3.743927881619859e-21, nan 
-118.375, 85.125, 1.404097384488165e-21, nan 
-118.125, 85.125, 1.3659820008349358e-21, nan 
-117.875, 85.125, 1.2897656704499471e-21, nan 
-117.625, 85.125, 1.122585849065395e-21, nan 
-117.375, 85.125, 9.985662245923661e-22, nan 
-117.125, 85.125, 1.0490105119616834e-21, nan 
-116.875, 85.125, 9.659148241577322e-22, nan 
-116.625, 85.125, 9.211952244404384e-22, nan 
-116.375, 85.125, 8.887286705462768e-22, nan 
-116.125, 85.125, 9.050456693338941e-22, nan 
-115.875, 85.125, 8.801106098195e-22, nan 
-115.625, 85.125, 9.359605994683353e-22, nan 
-115.375, 85.125, 1.1939702916840585e-21, nan 
-115.125, 85.125, 1.2235261320637504e-21, nan 
-114.875, 85.125, 1.4211116115849741e-21, nan 
-114.625, 85.125, 1.4527620476811283e-21, nan 
-114.375, 85.125, 1.5959401746369008e-21, nan 
-114.125, 85.125, 1.547994249646633e-21, nan 
-113.875, 85.125, 1.6686268086771245e-21, nan 
-113.625, 85.125, 1.736348439257894e-21, nan 
-113.375, 85.125, 1.7782429967189597e-21, nan 
-113.125, 85.125, 1.772610112450566e-21, nan 
-112.875, 85.125, 1.781380251651835e-21, nan 
-112.625, 85.125, 1.5045791747129133e-21, nan 
-112.375, 85.125, 1.1524676916069993e-21, nan 
-112.125, 85.125, 1.0912205127963395e-21, nan 
-111.875, 85.125, 1.0275799283509647e-21, nan 
-111.625, 85.125, 1.0861982305132576e-21, nan 
-111.375, 85.125, 8.684599656871615e-22, nan 
-111.125, 85.125, 8.739620415577544e-22, nan 
-110.875, 85.125, 9.102759883950837e-22, nan 
-110.625, 85.125, 8.699204358104914e-22, nan 
-110.375, 85.125, 7.876942117512663e-22, nan 
-110.125, 85.125, 7.154634112037557e-22, nan 
-109.875, 85.125, 6.107582329627062e-22, nan 
-109.625, 85.125, 6.1212525655867425e-22, nan 
-109.375, 85.125, 6.275653257724088e-22, nan 
-109.125, 85.125, 5.444346369396533e-22, nan 
-108.875, 85.125, 4.904273841930996e-22, nan 
-108.625, 85.125, 4.659467380879186e-22, nan 
-108.375, 85.125, 4.638617785047614e-22, nan 
-108.125, 85.125, 3.989147330138505e-22, nan 
-107.875, 85.125, 3.1235542083756163e-22, nan 
-107.625, 85.125, 2.706578849437411e-22, nan 
-107.375, 85.125, 3.2470354543661303e-22, nan 
-107.125, 85.125, 4.0299490736353743e-22, nan 
-106.875, 85.125, 4.9892877390097e-22, nan 
-106.625, 85.125, 6.035769687810829e-22, nan 
-106.375, 85.125, 6.42203322630427e-22, nan 
-106.125, 85.125, 6.100243969529594e-22, nan 
-105.875, 85.125, 5.718849446518218e-22, nan 
-105.625, 85.125, 5.790329401328046e-22, nan 
-105.375, 85.125, 4.830808762751793e-22, nan 
-105.125, 85.125, 3.075287485936924e-22, nan 
-104.875, 85.125, 1.7851543071897708e-22, nan 
-104.625, 85.125, 1.8327840547148647e-22, nan 
-104.375, 85.125, 2.259346652775936e-22, nan 
-104.125, 85.125, 2.718041402469295e-22, nan 
-103.875, 85.125, 3.081269535463153e-22, nan 
-103.625, 85.125, 3.433612712407269e-22, nan 
-103.375, 85.125, 3.5050726732713443e-22, nan 
-103.125, 85.125, 3.2295026896196617e-22, nan 
-102.875, 85.125, 3.3056876874213602e-22, nan 
-102.625, 85.125, 3.1384877006020033e-22, nan 
-102.375, 85.125, 3.003299800304481e-22, nan 
-102.125, 85.125, 2.874869022749092e-22, nan 
-101.875, 85.125, 2.910823399242758e-22, nan 
-101.625, 85.125, 2.9574628551898403e-22, nan 
-101.375, 85.125, 3.000085568504226e-22, nan 
-101.125, 85.125, 3.024792475125348e-22, nan 
-100.875, 85.125, 3.0319524377253565e-22, nan 
-100.625, 85.125, 2.9540793407722004e-22, nan 
-100.375, 85.125, 2.8901495987759365e-22, nan 
-100.125, 85.125, 2.958122980204614e-22, nan 
-99.875, 85.125, 3.3408865621809307e-22, nan 
-99.625, 85.125, 3.9582235726025485e-22, nan 
-99.375, 85.125, 4.1288597950565837e-22, nan 
-99.125, 85.125, 4.201986809646523e-22, nan 
-98.875, 85.125, 3.935596064394869e-22, nan 
-98.625, 85.125, 4.0594452695148167e-22, nan 
-98.375, 85.125, 3.9272140219100514e-22, nan 
-98.125, 85.125, 4.1290191564176264e-22, nan 
-97.875, 85.125, 4.2439922866177695e-22, nan 
-97.625, 85.125, 4.333471868164361e-22, nan 
-97.375, 85.125, 4.115647519735657e-22, nan 
-97.125, 85.125, 4.2076125729696544e-22, nan 
-96.875, 85.125, 4.27760929902007e-22, nan 
-96.625, 85.125, 3.976475845963235e-22, nan 
-96.375, 85.125, 3.789257062204511e-22, nan 
-96.125, 85.125, 3.7098527074378695e-22, nan 
-95.875, 85.125, 3.8033790706154462e-22, nan 
-95.625, 85.125, 3.8480718732233046e-22, nan 
-95.375, 85.125, 3.267241363828719e-22, nan 
-95.125, 85.125, 3.3189368291313298e-22, nan 
-94.875, 85.125, 3.5757340698897325e-22, nan 
-94.625, 85.125, 3.410944149898139e-22, nan 
-94.375, 85.125, 2.8702264292556753e-22, nan 
-94.125, 85.125, 2.98152176435184e-22, nan 
-93.875, 85.125, 2.790535977451839e-22, nan 
-93.625, 85.125, 3.06865045051987e-22, nan 
-93.375, 85.125, 3.1672152211657414e-22, nan 
-93.125, 85.125, 4.401281431027168e-22, nan 
-92.875, 85.125, 4.793783955552441e-22, nan 
-92.625, 85.125, 4.979002245261063e-22, nan 
-92.375, 85.125, 5.308281653659544e-22, nan 
-92.125, 85.125, 5.29020787258231e-22, nan 
-91.875, 85.125, 5.057293690061938e-22, nan 
-91.625, 85.125, 5.272466629902157e-22, nan 
-91.375, 85.125, 5.664777058418426e-22, nan 
-91.125, 85.125, 5.861888699195907e-22, nan 
-90.875, 85.125, 5.830291445083462e-22, nan 
-90.625, 85.125, 5.731378936312356e-22, nan 
-90.375, 85.125, 5.950981292299629e-22, nan 
-90.125, 85.125, 5.563196726312434e-22, nan 
-89.875, 85.125, 5.2218746390269415e-22, nan 
-89.625, 85.125, 5.401570487877037e-22, nan 
-89.375, 85.125, 5.591069045662131e-22, nan 
-89.125, 85.125, 5.682206620678588e-22, nan 
-88.875, 85.125, 5.8075185600858275e-22, nan 
-88.625, 85.125, 5.561073454607387e-22, nan 
-88.375, 85.125, 6.023809838544912e-22, nan 
-88.125, 85.125, 6.4084357329958645e-22, nan 
-87.875, 85.125, 6.576512941210942e-22, nan 
-87.625, 85.125, 6.340321366687561e-22, nan 
-87.375, 85.125, 5.774448522443336e-22, nan 
-87.125, 85.125, 5.216991364378221e-22, nan 
-86.875, 85.125, 4.696467828256205e-22, nan 
-86.625, 85.125, 4.6913419406868195e-22, nan 
-86.375, 85.125, 4.837224196357628e-22, nan 
-86.125, 85.125, 5.101810525154556e-22, nan 
-85.875, 85.125, 4.712136113163001e-22, nan 
-85.625, 85.125, 4.903636048880646e-22, nan 
-85.375, 85.125, 5.344127380674649e-22, nan 
-85.125, 85.125, 5.585165960330185e-22, nan 
-84.875, 85.125, 5.586447144611493e-22, nan 
-84.625, 85.125, 5.342831714393903e-22, nan 
-84.375, 85.125, 4.807040360744975e-22, nan 
-84.125, 85.125, 3.8317965309015645e-22, nan 
-83.875, 85.125, 3.6193076712489398e-22, nan 
-83.625, 85.125, 3.291529983479672e-22, nan 
-83.375, 85.125, 3.0577576040539546e-22, nan 
-83.125, 85.125, 3.187332124703452e-22, nan 
-82.875, 85.125, 2.919981324374912e-22, nan 
-82.625, 85.125, 2.783974409979979e-22, nan 
-82.375, 85.125, 2.7843743044970695e-22, nan 
-82.125, 85.125, 2.921582963792379e-22, nan 
-81.875, 85.125, 3.2931657669632924e-22, nan 
-81.625, 85.125, 3.5032774382917606e-22, nan 
-81.375, 85.125, 3.8125975141461603e-22, nan 
-81.125, 85.125, 4.133730004782774e-22, nan 
-80.875, 85.125, 4.512454119567242e-22, nan 
-80.625, 85.125, 4.85692082758071e-22, nan 
-80.375, 85.125, 4.802524498708653e-22, nan 
-80.125, 85.125, 4.363445104834674e-22, nan 
-79.875, 85.125, 3.766911214826068e-22, nan 
-79.625, 85.125, 2.0270700939692227e-22, nan 
-79.375, 85.125, 1.6578963999455092e-22, nan 
-79.125, 85.125, 1.1517841836010854e-22, nan 
-78.875, 85.125, 9.840374794974515e-23, nan 
-78.625, 85.125, 9.502138400612167e-23, nan 
-78.375, 85.125, 1.0752694406211159e-22, nan 
-78.125, 85.125, 1.471179351584663e-22, nan 
-77.875, 85.125, 1.9654106803878972e-22, nan 
-77.625, 85.125, 1.9807943307068913e-22, nan 
-77.375, 85.125, 1.9346758900328074e-22, nan 
-77.125, 85.125, 2.3789140217245783e-22, nan 
-76.875, 85.125, 2.672146128550395e-22, nan 
-76.625, 85.125, 2.7194133712494075e-22, nan 
-76.375, 85.125, 2.7381676182448073e-22, nan 
-76.125, 85.125, 2.830342400465555e-22, nan 
-75.875, 85.125, 2.8418205938351183e-22, nan 
-75.625, 85.125, 2.9460669814037995e-22, nan 
-75.375, 85.125, 3.1502141280449874e-22, nan 
-75.125, 85.125, 3.3640516712720947e-22, nan 
-74.875, 85.125, 3.737218638237924e-22, nan 
-74.625, 85.125, 3.731810655410406e-22, nan 
-74.375, 85.125, 3.74617837630505e-22, nan 
-74.125, 85.125, 3.8719881842565057e-22, nan 
-73.875, 85.125, 3.4850113804468307e-22, nan 
-73.625, 85.125, 3.252329717319512e-22, nan 
-73.375, 85.125, 3.1958282564340556e-22, nan 
-73.125, 85.125, 3.240202732960007e-22, nan 
-72.875, 85.125, 3.255294969197575e-22, nan 
-72.625, 85.125, 3.3252771903026917e-22, nan 
-72.375, 85.125, 3.143720910163019e-22, nan 
-72.125, 85.125, 2.6845015187185144e-22, nan 
-71.875, 85.125, 2.613867796608158e-22, nan 
-71.625, 85.125, 3.5018305951319713e-22, nan 
-71.375, 85.125, 4.3085166379581335e-22, nan 
-71.125, 85.125, 4.700751107382547e-22, nan 
-70.875, 85.125, 4.0532063798828194e-22, nan 
-70.625, 85.125, 3.4156071570577454e-22, nan 
-70.375, 85.125, 3.2976143848882106e-22, nan 
-70.125, 85.125, 3.7976281069436315e-22, nan 
-69.875, 85.125, 4.138066052852433e-22, nan 
-69.625, 85.125, 3.9574811610737913e-22, nan 
-69.375, 85.125, 3.8685433494664455e-22, nan 
-69.125, 85.125, 3.9205066428402015e-22, nan 
-68.875, 85.125, 4.1627675437469567e-22, nan 
-68.625, 85.125, 4.5588555004080485e-22, nan 
-68.375, 85.125, 4.273137884687117e-22, nan 
-68.125, 85.125, 3.9081009775454545e-22, nan 
-67.875, 85.125, 3.760191042864502e-22, nan 
-67.625, 85.125, 3.8019575155598885e-22, nan 
-67.375, 85.125, 3.925567744098242e-22, nan 
-67.125, 85.125, 3.847704844506807e-22, nan 
-66.875, 85.125, 3.685396396220938e-22, nan 
-66.625, 85.125, 3.454105957221788e-22, nan 
-66.375, 85.125, 3.4018686892929737e-22, nan 
-66.125, 85.125, 3.3946788643995303e-22, nan 
-65.875, 85.125, 3.3019577176967774e-22, nan 
-65.625, 85.125, 3.4025881306959436e-22, nan 
-65.375, 85.125, 3.087613013216483e-22, nan 
-65.125, 85.125, 3.211936495552261e-22, nan 
-64.875, 85.125, 3.1104139469556673e-22, nan 
-64.625, 85.125, 2.912384997456342e-22, nan 
36.625, 85.125, 4.0550225058232615e-23, nan 
36.875, 85.125, 4.127391966206277e-23, nan 
37.125, 85.125, 4.290420757315884e-23, nan 
37.375, 85.125, 4.6036946752373295e-23, nan 
37.625, 85.125, 5.088820054240678e-23, nan 
37.875, 85.125, 5.436835437350516e-23, nan 
38.125, 85.125, 5.345569121638455e-23, nan 
38.375, 85.125, 5.549809384309375e-23, nan 
38.625, 85.125, 5.496908637779892e-23, nan 
38.875, 85.125, 5.828482722497183e-23, nan 
39.125, 85.125, 6.233714579017305e-23, nan 
39.375, 85.125, 6.478806529049707e-23, nan 
39.625, 85.125, 6.605690437251223e-23, nan 
39.875, 85.125, 6.344176038994098e-23, nan 
40.125, 85.125, 5.930320991439979e-23, nan 
40.375, 85.125, 5.87267914872262e-23, nan 
40.625, 85.125, 5.969708830909259e-23, nan 
40.875, 85.125, 5.817837211164782e-23, nan 
41.125, 85.125, 5.728961357625822e-23, nan 
41.375, 85.125, 5.632613934487588e-23, nan 
41.625, 85.125, 5.901550365471941e-23, nan 
41.875, 85.125, 6.179648161307674e-23, nan 
42.125, 85.125, 6.32700239365647e-23, nan 
42.375, 85.125, 6.471205507600863e-23, nan 
42.625, 85.125, 6.3059019853353e-23, nan 
42.875, 85.125, 5.740259407071379e-23, nan 
43.125, 85.125, 5.639560459744688e-23, nan 
43.375, 85.125, 5.928450673117962e-23, nan 
43.625, 85.125, 5.877700680609198e-23, nan 
43.875, 85.125, 5.95004515957247e-23, nan 
44.125, 85.125, 5.8931079225114e-23, nan 
44.375, 85.125, 5.841300252749763e-23, nan 
44.625, 85.125, 5.720360905712167e-23, nan 
44.875, 85.125, 6.045985923082548e-23, nan 
45.125, 85.125, 6.077712366921868e-23, nan 
45.375, 85.125, 5.989472194933705e-23, nan 
45.625, 85.125, 5.863794123459138e-23, nan 
45.875, 85.125, 5.94233691744162e-23, nan 
46.125, 85.125, 5.82013647094603e-23, nan 
46.375, 85.125, 5.97478490030099e-23, nan 
46.625, 85.125, 6.030508540481979e-23, nan 
46.875, 85.125, 6.151145889934714e-23, nan 
47.125, 85.125, 6.124241470243082e-23, nan 
47.375, 85.125, 6.378265968142591e-23, nan 
47.625, 85.125, 6.602507660106776e-23, nan 
47.875, 85.125, 6.680693741201773e-23, nan 
48.125, 85.125, 6.580710916175643e-23, nan 
48.375, 85.125, 6.241549347428609e-23, nan 
48.625, 85.125, 6.096432232108358e-23, nan 
48.875, 85.125, 6.66418025117483e-23, nan 
49.125, 85.125, 7.293501636167919e-23, nan 
49.375, 85.125, 7.347341233246807e-23, nan 
49.625, 85.125, 7.343002065824847e-23, nan 
49.875, 85.125, 7.0890234670034e-23, nan 
50.125, 85.125, 6.550668302649581e-23, nan 
50.375, 85.125, 6.384355328286329e-23, nan 
50.625, 85.125, 6.435897041202674e-23, nan 
50.875, 85.125, 6.801213682224941e-23, nan 
51.125, 85.125, 7.155645432115966e-23, nan 
51.375, 85.125, 7.240300303709304e-23, nan 
51.625, 85.125, 8.040503638368287e-23, nan 
51.875, 85.125, 8.16136648711666e-23, nan 
52.125, 85.125, 8.505746673466104e-23, nan 
52.375, 85.125, 8.638412063768187e-23, nan 
52.625, 85.125, 9.074097005252823e-23, nan 
52.875, 85.125, 9.160063924348396e-23, nan 
53.125, 85.125, 8.903687088952771e-23, nan 
53.375, 85.125, 8.729154959758511e-23, nan 
53.625, 85.125, 8.846511253346175e-23, nan 
53.875, 85.125, 8.524212464464313e-23, nan 
54.125, 85.125, 8.597118217815816e-23, nan 
54.375, 85.125, 8.6451117499045e-23, nan 
54.625, 85.125, 8.829235704217051e-23, nan 
54.875, 85.125, 8.804206638188188e-23, nan 
55.125, 85.125, 8.783868957078514e-23, nan 
55.375, 85.125, 8.889731287201979e-23, nan 
55.625, 85.125, 8.963472056620678e-23, nan 
55.875, 85.125, 9.258374676758866e-23, nan 
56.125, 85.125, 9.374343496103027e-23, nan 
56.375, 85.125, 9.343343852957261e-23, nan 
56.625, 85.125, 9.099426278626831e-23, nan 
56.875, 85.125, 9.18140580837525e-23, nan 
57.125, 85.125, 9.385209649845213e-23, nan 
57.375, 85.125, 9.329238016959256e-23, nan 
57.625, 85.125, 9.28099792731031e-23, nan 
57.875, 85.125, 9.188107778814101e-23, nan 
58.125, 85.125, 9.147883372021151e-23, nan 
58.375, 85.125, 9.139127955524352e-23, nan 
58.625, 85.125, 8.92054906794158e-23, nan 
58.875, 85.125, 8.930883496154296e-23, nan 
59.125, 85.125, 8.909180645345152e-23, nan 
59.375, 85.125, 9.324650535949761e-23, nan 
59.625, 85.125, 9.758309332912019e-23, nan 
59.875, 85.125, 9.98105072533272e-23, nan 
60.125, 85.125, 1.0041944716722e-22, nan 
60.375, 85.125, 1.0229599022967599e-22, nan 
60.625, 85.125, 1.0618436775352172e-22, nan 
60.875, 85.125, 1.063787363965969e-22, nan 
61.125, 85.125, 1.0858724575394578e-22, nan 
61.375, 85.125, 1.1105838726514594e-22, nan 
61.625, 85.125, 1.1306487822739243e-22, nan 
61.875, 85.125, 1.1195943426138734e-22, nan 
62.125, 85.125, 1.1355499342558127e-22, nan 
62.375, 85.125, 1.1406705205397543e-22, nan 
62.625, 85.125, 1.1076441139079759e-22, nan 
62.875, 85.125, 1.1234818285320846e-22, nan 
63.125, 85.125, 1.1399703376795158e-22, nan 
63.375, 85.125, 1.1398756878965834e-22, nan 
63.625, 85.125, 1.1242880307215929e-22, nan 
63.875, 85.125, 1.0679147585938343e-22, nan 
64.125, 85.125, 1.0396310433373924e-22, nan 
64.375, 85.125, 1.0340590685781878e-22, nan 
64.625, 85.125, 1.0149831982881345e-22, nan 
64.875, 85.125, 1.0050534930164769e-22, nan 
65.125, 85.125, 1.0192303846765722e-22, nan 
65.375, 85.125, 1.0123301976906644e-22, nan 
65.625, 85.125, 1.0194344328720308e-22, nan 
65.875, 85.125, 1.0039037728469973e-22, nan 
66.125, 85.125, 1.0050452164539176e-22, nan 
66.375, 85.125, 1.0183977773057172e-22, nan 
66.625, 85.125, 1.0347248730019992e-22, nan 
66.875, 85.125, 1.0358327943222616e-22, nan 
67.125, 85.125, 1.0453247605213061e-22, nan 
67.375, 85.125, 1.0322797863162816e-22, nan 
67.625, 85.125, 1.0560904249251477e-22, nan 
67.875, 85.125, 1.0451965892048206e-22, nan 
68.125, 85.125, 1.0444698345424784e-22, nan 
68.375, 85.125, 1.103041074998137e-22, nan 
68.625, 85.125, 1.1450719618168621e-22, nan 
68.875, 85.125, 1.2208785492707314e-22, nan 
69.125, 85.125, 1.297196224941782e-22, nan 
69.375, 85.125, 1.3248049821736612e-22, nan 
69.625, 85.125, 1.3637531355855907e-22, nan 
69.875, 85.125, 1.3222432952498735e-22, nan 
70.125, 85.125, 1.2920541497691186e-22, nan 
70.375, 85.125, 1.305739275508768e-22, nan 
70.625, 85.125, 1.2922987857490015e-22, nan 
70.875, 85.125, 1.3281107029096896e-22, nan 
71.125, 85.125, 1.3645045518282345e-22, nan 
71.375, 85.125, 1.3237627251629992e-22, nan 
71.625, 85.125, 1.1835719708834487e-22, nan 
71.875, 85.125, 1.0504960465605095e-22, nan 
72.125, 85.125, 1.0144048254377691e-22, nan 
72.375, 85.125, 1.0496549395717284e-22, nan 
72.625, 85.125, 1.1206057605823801e-22, nan 
72.875, 85.125, 1.1517640107799137e-22, nan 
73.125, 85.125, 1.0914717162188775e-22, nan 
73.375, 85.125, 1.0066897080090233e-22, nan 
73.625, 85.125, 9.916935380004801e-23, nan 
73.875, 85.125, 9.792000932724055e-23, nan 
74.125, 85.125, 1.166659696012963e-22, nan 
74.375, 85.125, 1.1534072630910018e-22, nan 
74.625, 85.125, 1.157557782007614e-22, nan 
74.875, 85.125, 1.074398823409617e-22, nan 
75.125, 85.125, 1.0278804413049855e-22, nan 
75.375, 85.125, 1.0165185247754664e-22, nan 
75.625, 85.125, 9.970178127063387e-23, nan 
75.875, 85.125, 1.0023419334046632e-22, nan 
76.125, 85.125, 8.338214128367553e-23, nan 
76.375, 85.125, 9.03474541771311e-23, nan 
76.625, 85.125, 8.121961685369279e-23, nan 
76.875, 85.125, 9.986779020263871e-23, nan 
77.125, 85.125, 1.0346333313853058e-22, nan 
77.375, 85.125, 8.046097926769441e-23, nan 
77.625, 85.125, 8.148093549462872e-23, nan 
77.875, 85.125, 6.183831216689944e-23, nan 
78.125, 85.125, 6.034000455478179e-23, nan 
78.375, 85.125, 6.787543002649106e-23, nan 
78.625, 85.125, 7.212215471659969e-23, nan 
78.875, 85.125, 7.276660947912025e-23, nan 
79.125, 85.125, 7.20259849121703e-23, nan 
79.375, 85.125, 7.743369370516783e-23, nan 
79.625, 85.125, 7.940975175610881e-23, nan 
79.875, 85.125, 9.315187714632037e-23, nan 
80.125, 85.125, 9.809523146088378e-23, nan 
80.375, 85.125, 1.0959819759572003e-22, nan 
80.625, 85.125, 1.1284381215635662e-22, nan 
80.875, 85.125, 1.0952235594824715e-22, nan 
81.125, 85.125, 1.1362188594977938e-22, nan 
81.375, 85.125, 1.1895306612539357e-22, nan 
81.625, 85.125, 1.2302056199633327e-22, nan 
81.875, 85.125, 1.3202870349861964e-22, nan 
82.125, 85.125, 1.3971240278370013e-22, nan 
82.375, 85.125, 1.4750147932313692e-22, nan 
82.625, 85.125, 1.505567268860325e-22, nan 
82.875, 85.125, 1.5153396520308426e-22, nan 
83.125, 85.125, 1.469853050999852e-22, nan 
83.375, 85.125, 1.4964814234739862e-22, nan 
83.625, 85.125, 1.4621159406721015e-22, nan 
83.875, 85.125, 1.5346628626848335e-22, nan 
84.125, 85.125, 1.653125959052034e-22, nan 
84.375, 85.125, 1.6735467420333788e-22, nan 
84.625, 85.125, 1.8528844614187016e-22, nan 
84.875, 85.125, 1.9956421298416363e-22, nan 
85.125, 85.125, 2.2110152616372194e-22, nan 
85.375, 85.125, 2.6404762395610634e-22, nan 
85.625, 85.125, 3.1442242451916265e-22, nan 
85.875, 85.125, 3.308727464799934e-22, nan 
86.125, 85.125, 3.5223296287447536e-22, nan 
86.375, 85.125, 3.5573497695303715e-22, nan 
86.625, 85.125, 3.348924219015855e-22, nan 
86.875, 85.125, 3.143626989517156e-22, nan 
87.125, 85.125, 2.992744405647404e-22, nan 
87.375, 85.125, 2.9199431741810894e-22, nan 
87.625, 85.125, 2.805613628147936e-22, nan 
87.875, 85.125, 2.6665705669982453e-22, nan 
88.125, 85.125, 2.549344313643715e-22, nan 
88.375, 85.125, 2.5278974559730985e-22, nan 
88.625, 85.125, 2.557506820347569e-22, nan 
88.875, 85.125, 2.4054011364303044e-22, nan 
89.125, 85.125, 2.34286990353483e-22, nan 
89.375, 85.125, 2.3718427429054786e-22, nan 
89.625, 85.125, 2.5824172727866235e-22, nan 
89.875, 85.125, 2.7795640430717097e-22, nan 
90.125, 85.125, 2.5721837562200096e-22, nan 
90.375, 85.125, 2.048897897053359e-22, nan 
90.625, 85.125, 1.8909609175410428e-22, nan 
90.875, 85.125, 2.1491395371316557e-22, nan 
91.125, 85.125, 2.1838895427741465e-22, nan 
91.375, 85.125, 2.3451915969603065e-22, nan 
91.625, 85.125, 1.9386721533407157e-22, nan 
91.875, 85.125, 2.0616021718235456e-22, nan 
92.125, 85.125, 2.1143842822555887e-22, nan 
92.375, 85.125, 2.0037510972509196e-22, nan 
92.625, 85.125, 1.957395974468686e-22, nan 
92.875, 85.125, 1.8462659351709418e-22, nan 
93.125, 85.125, 1.824003572409617e-22, nan 
93.375, 85.125, 1.8872684948087408e-22, nan 
93.625, 85.125, 2.339034421374805e-22, nan 
93.875, 85.125, 2.5585579696373982e-22, nan 
94.125, 85.125, 2.9004661515989573e-22, nan 
94.375, 85.125, 3.4141405977973558e-22, nan 
94.625, 85.125, 3.37397518412467e-22, nan 
94.875, 85.125, 4.188732578940884e-22, nan 
95.125, 85.125, 5.34887297576568e-22, nan 
95.375, 85.125, 5.967068597676713e-22, nan 
95.625, 85.125, 7.663226245825414e-22, nan 
95.875, 85.125, 8.634081922922978e-22, nan 
96.125, 85.125, 9.081795055982977e-22, nan 
96.375, 85.125, 9.102718363624159e-22, nan 
96.625, 85.125, 9.244535254632566e-22, nan 
96.875, 85.125, 9.603742499405093e-22, nan 
97.125, 85.125, 1.0128445985468734e-21, nan 
97.375, 85.125, 9.92896366106588e-22, nan 
97.625, 85.125, 1.0472712663471553e-21, nan 
97.875, 85.125, 8.312611261848188e-22, nan 
98.125, 85.125, 7.479058105889418e-22, nan 
98.375, 85.125, 3.5903142224303357e-22, nan 
98.625, 85.125, 3.386644956784262e-22, nan 
98.875, 85.125, 3.433570404193608e-22, nan 
99.125, 85.125, 3.4875389887109164e-22, nan 
99.375, 85.125, 3.5341383303923483e-22, nan 
99.625, 85.125, 3.700840282678188e-22, nan 
99.875, 85.125, 3.6303239770649333e-22, nan 
100.125, 85.125, 3.579690189978205e-22, nan 
100.375, 85.125, 3.5716111981026866e-22, nan 
100.625, 85.125, 3.4948346325061404e-22, nan 
100.875, 85.125, 3.606890300057014e-22, nan 
101.125, 85.125, 3.872877982453973e-22, nan 
101.375, 85.125, 3.9230192847987865e-22, nan 
101.625, 85.125, 3.9689810353892393e-22, nan 
101.875, 85.125, 3.970765349560358e-22, nan 
102.125, 85.125, 3.9558126086410992e-22, nan 
102.375, 85.125, 4.112633903461651e-22, nan 
102.625, 85.125, 4.300731349575427e-22, nan 
102.875, 85.125, 4.47524198532098e-22, nan 
103.125, 85.125, 4.567856374566355e-22, nan 
103.375, 85.125, 4.708353588737167e-22, nan 
103.625, 85.125, 4.566884649076105e-22, nan 
103.875, 85.125, 4.458462143019839e-22, nan 
104.125, 85.125, 4.180936110950377e-22, nan 
104.375, 85.125, 3.707845602981285e-22, nan 
104.625, 85.125, 3.156897748671243e-22, nan 
104.875, 85.125, 2.6989683473916617e-22, nan 
105.125, 85.125, 2.888155873066249e-22, nan 
105.375, 85.125, 2.7760984318723022e-22, nan 
105.625, 85.125, 3.368930515226461e-22, nan 
105.875, 85.125, 4.567121695872852e-22, nan 
106.125, 85.125, 5.393244581322881e-22, nan 
106.375, 85.125, 6.340787442805137e-22, nan 
106.625, 85.125, 7.626409402113764e-22, nan 
106.875, 85.125, 9.143365453658716e-22, nan 
107.125, 85.125, 1.1680400624575988e-21, nan 
107.375, 85.125, 1.9263497621851953e-21, nan 
107.625, 85.125, 2.2967928577208166e-21, nan 
107.875, 85.125, 2.5042049147047936e-21, nan 
108.125, 85.125, 2.5591106967590217e-21, nan 
108.375, 85.125, 2.60281247731726e-21, nan 
108.625, 85.125, 2.70499426947369e-21, nan 
108.875, 85.125, 2.7840007076510104e-21, nan 
109.125, 85.125, 2.865708928970691e-21, nan 
109.375, 85.125, 2.9095966860116017e-21, nan 
109.625, 85.125, 2.8919828402928877e-21, nan 
109.875, 85.125, 2.9644947845838546e-21, nan 
110.125, 85.125, 3.0153989359401782e-21, nan 
110.375, 85.125, 3.0386588114054064e-21, nan 
110.625, 85.125, 3.150950638714183e-21, nan 
110.875, 85.125, 3.2649136845647386e-21, nan 
111.125, 85.125, 3.1034174184851233e-21, nan 
111.375, 85.125, 3.0778188720090195e-21, nan 
111.625, 85.125, 3.173351347171557e-21, nan 
111.875, 85.125, 3.1036600878048524e-21, nan 
112.125, 85.125, 2.9998486518052298e-21, nan 
112.375, 85.125, 2.9531460219618086e-21, nan 
112.625, 85.125, 2.952466404122118e-21, nan 
112.875, 85.125, 2.9310614544821706e-21, nan 
113.125, 85.125, 2.6553970497092782e-21, nan 
113.375, 85.125, 2.363767572836541e-21, nan 
113.625, 85.125, 2.2520020336669627e-21, nan 
113.875, 85.125, 2.2123607067576405e-21, nan 
114.125, 85.125, 2.206606325916256e-21, nan 
114.375, 85.125, 2.1518667165789584e-21, nan 
114.625, 85.125, 2.209373525445945e-21, nan 
114.875, 85.125, 2.287899946793191e-21, nan 
115.125, 85.125, 2.501689569449896e-21, nan 
115.375, 85.125, 2.6929511281419166e-21, nan 
115.625, 85.125, 3.0075786688004734e-21, nan 
115.875, 85.125, 2.9002676568838605e-21, nan 
116.125, 85.125, 2.6478722414878183e-21, nan 
116.375, 85.125, 2.4659359207746176e-21, nan 
116.625, 85.125, 2.5923787242326113e-21, nan 
116.875, 85.125, 2.7555814888672623e-21, nan 
117.125, 85.125, 3.0249029448194756e-21, nan 
117.375, 85.125, 3.382537371666898e-21, nan 
117.625, 85.125, 3.529249556128361e-21, nan 
117.875, 85.125, 3.581743020650965e-21, nan 
118.125, 85.125, 3.676767363810137e-21, nan 
118.375, 85.125, 3.866006938387503e-21, nan 
118.625, 85.125, 3.938650529023407e-21, nan 
118.875, 85.125, 4.061906328650971e-21, nan 
119.125, 85.125, 4.160951128351971e-21, nan 
119.375, 85.125, 4.3679793939024754e-21, nan 
119.625, 85.125, 4.6610021651155454e-21, nan 
119.875, 85.125, 4.557554409861902e-21, nan 
120.125, 85.125, 4.657163553400402e-21, nan 
120.375, 85.125, 4.775281223303515e-21, nan 
120.625, 85.125, 4.607955954590455e-21, nan 
120.875, 85.125, 4.584606849697061e-21, nan 
121.125, 85.125, 4.5327828154607606e-21, nan 
121.375, 85.125, 4.536999218591763e-21, nan 
121.625, 85.125, 4.53560979469385e-21, nan 
121.875, 85.125, 4.492531040057918e-21, nan 
122.125, 85.125, 4.1630331626498885e-21, nan 
122.375, 85.125, 3.840551913166225e-21, nan 
122.625, 85.125, 3.555062875640833e-21, nan 
122.875, 85.125, 3.655004978593471e-21, nan 
123.125, 85.125, 3.453470425873609e-21, nan 
123.375, 85.125, 3.110565701396656e-21, nan 
123.625, 85.125, 3.1766058445249102e-21, nan 
123.875, 85.125, 3.5274437796937954e-21, nan 
124.125, 85.125, 2.3812762288730776e-21, nan 
124.375, 85.125, 1.7461422590712327e-21, nan 
124.625, 85.125, 1.2345173873345272e-21, nan 
124.875, 85.125, 1.0677986117353287e-21, nan 
125.125, 85.125, 1.1030437494858463e-21, nan 
125.375, 85.125, 1.201580269222392e-21, nan 
125.625, 85.125, 1.6545811661359453e-21, nan 
125.875, 85.125, 1.4829240934247077e-21, nan 
126.125, 85.125, 1.1901147145053846e-21, nan 
126.375, 85.125, 9.799126511743027e-22, nan 
126.625, 85.125, 1.8396892548864288e-21, nan 
126.875, 85.125, 2.0973475103573914e-21, nan 
127.125, 85.125, 2.105962680487359e-21, nan 
127.375, 85.125, 1.9632483452139057e-21, nan 
127.625, 85.125, 2.105466895843793e-21, nan 
127.875, 85.125, 2.258977979655255e-21, nan 
128.125, 85.125, 2.4149947521110017e-21, nan 
128.375, 85.125, 2.677437846415766e-21, nan 
128.625, 85.125, 3.421645747024227e-21, nan 
128.875, 85.125, 4.769654979847153e-21, nan 
129.125, 85.125, 5.573998674581029e-21, nan 
129.375, 85.125, 5.325452453701342e-21, nan 
129.625, 85.125, 4.306539180761159e-21, nan 
129.875, 85.125, 3.002100218802356e-21, nan 
130.125, 85.125, 2.4699399717130803e-21, nan 
130.375, 85.125, 2.766230425913284e-21, nan 
130.625, 85.125, 2.900524789304642e-21, nan 
130.875, 85.125, 2.561695330087955e-21, nan 
131.125, 85.125, 2.387534611742921e-21, nan 
131.375, 85.125, 2.188794359742965e-21, nan 
131.625, 85.125, 2.0003783347509543e-21, nan 
131.875, 85.125, 1.8914809914366922e-21, nan 
132.125, 85.125, 1.915046022577198e-21, nan 
132.375, 85.125, 2.0997668040595464e-21, nan 
132.625, 85.125, 2.4428610393214718e-21, nan 
132.875, 85.125, 2.52255345587798e-21, nan 
133.125, 85.125, 2.830629866818874e-21, nan 
133.375, 85.125, 3.038425577230893e-21, nan 
133.625, 85.125, 3.002100589631341e-21, nan 
133.875, 85.125, 3.0050638246102804e-21, nan 
134.125, 85.125, 2.944687762937081e-21, nan 
134.375, 85.125, 2.734358432871999e-21, nan 
134.625, 85.125, 2.3783760374731706e-21, nan 
134.875, 85.125, 2.3862515323268186e-21, nan 
135.125, 85.125, 2.406792281174717e-21, nan 
135.375, 85.125, 2.52213020148532e-21, nan 
135.625, 85.125, 2.6265441274337796e-21, nan 
135.875, 85.125, 3.1035039970901726e-21, nan 
136.125, 85.125, 3.325750944224283e-21, nan 
136.375, 85.125, 3.2690870730375628e-21, nan 
136.625, 85.125, 3.380257510823767e-21, nan 
136.875, 85.125, 3.399374128730228e-21, nan 
137.125, 85.125, 3.3711763065935786e-21, nan 
137.375, 85.125, 3.3842144684588308e-21, nan 
137.625, 85.125, 3.9620803401787315e-21, nan 
137.875, 85.125, 4.47858842584398e-21, nan 
138.125, 85.125, 5.513362782109602e-21, nan 
138.375, 85.125, 6.710193046917622e-21, nan 
138.625, 85.125, 7.455604160656314e-21, nan 
138.875, 85.125, 8.174740308850909e-21, nan 
139.125, 85.125, 8.240125458322411e-21, nan 
139.375, 85.125, 8.213071385087262e-21, nan 
139.625, 85.125, 8.163996701763808e-21, nan 
139.875, 85.125, 8.651439275341314e-21, nan 
140.125, 85.125, 8.899723072978896e-21, nan 
140.375, 85.125, 9.498019812003741e-21, nan 
140.625, 85.125, 1.0322616140792699e-20, nan 
140.875, 85.125, 1.0203459195074763e-20, nan 
141.125, 85.125, 1.0039143619922628e-20, nan 
141.375, 85.125, 1.0125378838428257e-20, nan 
141.625, 85.125, 1.0385448976181478e-20, nan 
141.875, 85.125, 1.0062398262772186e-20, nan 
142.125, 85.125, 9.718639299016572e-21, nan 
142.375, 85.125, 9.847779930450713e-21, nan 
142.625, 85.125, 1.0222698219377558e-20, nan 
142.875, 85.125, 1.1201376206568239e-20, nan 
143.125, 85.125, 1.2313034621098249e-20, nan 
143.375, 85.125, 1.3171143944605162e-20, nan 
143.625, 85.125, 1.3424890651586537e-20, nan 
143.875, 85.125, 1.3144687266870932e-20, nan 
144.125, 85.125, 1.2066268084506704e-20, nan 
144.375, 85.125, 1.1202372431530057e-20, nan 
144.625, 85.125, 1.2246451666692546e-20, nan 
144.875, 85.125, 1.4173319110693768e-20, nan 
145.125, 85.125, 1.530063233899542e-20, nan 
145.375, 85.125, 1.5585272450314413e-20, nan 
145.625, 85.125, 1.6261777998022285e-20, nan 
145.875, 85.125, 1.7457357973718836e-20, nan 
146.125, 85.125, 1.8388702199004522e-20, nan 
146.375, 85.125, 1.9010072640327354e-20, nan 
146.625, 85.125, 2.011144441416212e-20, nan 
146.875, 85.125, 1.878539839347969e-20, nan 
147.125, 85.125, 1.7097467788019092e-20, nan 
147.375, 85.125, 1.558490948606703e-20, nan 
147.625, 85.125, 1.516897605129718e-20, nan 
147.875, 85.125, 1.3665342478164583e-20, nan 
148.125, 85.125, 1.400015436200964e-20, nan 
148.375, 85.125, 1.6264055166146094e-20, nan 
148.625, 85.125, 1.518777301379571e-20, nan 
148.875, 85.125, 1.4483216705738733e-20, nan 
149.125, 85.125, 1.577546243353437e-20, nan 
149.375, 85.125, 1.633435331015328e-20, nan 
149.625, 85.125, 1.6565270824502877e-20, nan 
149.875, 85.125, 1.6744200879571814e-20, nan 
150.125, 85.125, 1.5655667656792662e-20, nan 
150.375, 85.125, 1.527398259187963e-20, nan 
150.625, 85.125, 1.5217408752797114e-20, nan 
150.875, 85.125, 1.726296363102247e-20, nan 
151.125, 85.125, 2.079499537828067e-20, nan 
151.375, 85.125, 2.2497759428886166e-20, nan 
151.625, 85.125, 2.0764079921516354e-20, nan 
151.875, 85.125, 2.070666926337809e-20, nan 
152.125, 85.125, 1.9187101107100495e-20, nan 
152.375, 85.125, 1.9771151050584707e-20, nan 
152.625, 85.125, 1.824643995517049e-20, nan 
152.875, 85.125, 1.843924213026839e-20, nan 
153.125, 85.125, 1.7663066857645506e-20, nan 
153.375, 85.125, 1.6320443544299725e-20, nan 
153.625, 85.125, 1.4459018165892508e-20, nan 
153.875, 85.125, 1.1896096871039935e-20, nan 
154.125, 85.125, 1.2614341767188828e-20, nan 
154.375, 85.125, 1.1966537173510927e-20, nan 
154.625, 85.125, 8.833998927674863e-21, nan 
154.875, 85.125, 8.609717896637479e-21, nan 
155.125, 85.125, 8.436375669614066e-21, nan 
155.375, 85.125, 8.838996976689594e-21, nan 
155.625, 85.125, 9.049077600786184e-21, nan 
155.875, 85.125, 9.241195710125736e-21, nan 
156.125, 85.125, 9.273483936299397e-21, nan 
156.375, 85.125, 8.667123249442401e-21, nan 
156.625, 85.125, 7.927257403564668e-21, nan 
156.875, 85.125, 8.06103643228303e-21, nan 
157.125, 85.125, 9.991408511005615e-21, nan 
157.375, 85.125, 1.0340562318457533e-20, nan 
157.625, 85.125, 1.1835434322991262e-20, nan 
157.875, 85.125, 1.2735614422925939e-20, nan 
158.125, 85.125, 1.6170677501627713e-20, nan 
158.375, 85.125, 1.9503049455209504e-20, nan 
158.625, 85.125, 2.1439039557417625e-20, nan 
158.875, 85.125, 2.1574760846915747e-20, nan 
159.125, 85.125, 2.4516150208411402e-20, nan 
159.375, 85.125, 2.6985078063882005e-20, nan 
159.625, 85.125, 2.674571152719361e-20, nan 
159.875, 85.125, 2.916128974615569e-20, nan 
160.125, 85.125, 3.1022052449020605e-20, nan 
160.375, 85.125, 2.8040159852342846e-20, nan 
160.625, 85.125, 2.687330907682504e-20, nan 
160.875, 85.125, 2.528190942894376e-20, nan 
161.125, 85.125, 2.5135600301181746e-20, nan 
161.375, 85.125, 2.4972808046320396e-20, nan 
161.625, 85.125, 2.47485037519994e-20, nan 
161.875, 85.125, 2.4594427051402413e-20, nan 
162.125, 85.125, 2.5159742474532194e-20, nan 
162.375, 85.125, 2.494209115494995e-20, nan 
162.625, 85.125, 2.494757554710934e-20, nan 
162.875, 85.125, 2.5345774368855753e-20, nan 
163.125, 85.125, 2.4843126129792155e-20, nan 
163.375, 85.125, 2.461430849461524e-20, nan 
163.625, 85.125, 2.400990009517793e-20, nan 
163.875, 85.125, 2.298926964386733e-20, nan 
164.125, 85.125, 2.2538692619267167e-20, nan 
164.375, 85.125, 2.1938438735029076e-20, nan 
164.625, 85.125, 2.11331422120437e-20, nan 
164.875, 85.125, 2.1102603898015593e-20, nan 
165.125, 85.125, 2.0859085483503387e-20, nan 
165.375, 85.125, 2.017763900323587e-20, nan 
165.625, 85.125, 1.988212362179241e-20, nan 
165.875, 85.125, 1.9650301517660878e-20, nan 
166.125, 85.125, 1.9126490281053064e-20, nan 
166.375, 85.125, 1.9013474963699844e-20, nan 
166.625, 85.125, 1.832859872757748e-20, nan 
166.875, 85.125, 1.713315383485287e-20, nan 
167.125, 85.125, 1.5424420196397148e-20, nan 
167.375, 85.125, 9.314776668218719e-21, nan 
167.625, 85.125, 9.934672489307443e-21, nan 
167.875, 85.125, 1.0853524990018729e-20, nan 
168.125, 85.125, 8.572420626303629e-21, nan 
168.375, 85.125, 4.908775498517375e-21, nan 
168.625, 85.125, 3.634796040699882e-21, nan 
168.875, 85.125, 3.653611831987713e-21, nan 
169.125, 85.125, 4.137044003911642e-21, nan 
169.375, 85.125, 4.0688625288942e-21, nan 
169.625, 85.125, 3.7623526310514275e-21, nan 
169.875, 85.125, 3.55579174174534e-21, nan 
170.125, 85.125, 3.524325687588175e-21, nan 
170.375, 85.125, 3.101771533176878e-21, nan 
170.625, 85.125, 2.8214249176976883e-21, nan 
170.875, 85.125, 2.8496046776539265e-21, nan 
171.125, 85.125, 3.4904394496547695e-21, nan 
171.375, 85.125, 3.6996520388657e-21, nan 
171.625, 85.125, 3.2494988299332932e-21, nan 
171.875, 85.125, 3.308961300450767e-21, nan 
172.125, 85.125, 3.393057270567877e-21, nan 
172.375, 85.125, 3.856465238373112e-21, nan 
172.625, 85.125, 4.7200605265960905e-21, nan 
172.875, 85.125, 6.1589253903388054e-21, nan 
173.125, 85.125, 8.612919920491582e-21, nan 
173.375, 85.125, 1.1445918384177364e-20, nan 
173.625, 85.125, 1.4306713338128848e-20, nan 
173.875, 85.125, 1.7163942085270115e-20, nan 
174.125, 85.125, 1.91743740201461e-20, nan 
174.375, 85.125, 1.996904480580431e-20, nan 
174.625, 85.125, 2.039854472111558e-20, nan 
174.875, 85.125, 2.04483086799125e-20, nan 
175.125, 85.125, 2.0340371792380394e-20, nan 
175.375, 85.125, 1.9619996968351276e-20, nan 
175.625, 85.125, 1.6899271472193712e-20, nan 
175.875, 85.125, 1.0740348593270576e-20, nan 
176.125, 85.125, 8.954697316570211e-21, nan 
176.375, 85.125, 1.0434567096102699e-20, nan 
176.625, 85.125, 1.1092816983850046e-20, nan 
176.875, 85.125, 1.1306513654971182e-20, nan 
177.125, 85.125, 1.1170258430840875e-20, nan 
177.375, 85.125, 1.276450082730138e-20, nan 
177.625, 85.125, 1.2987867537109249e-20, nan 
177.875, 85.125, 1.2941388499391291e-20, nan 
178.125, 85.125, 1.2684022928477689e-20, nan 
178.375, 85.125, 1.1845958765929745e-20, nan 
178.625, 85.125, 1.1131351108659886e-20, nan 
178.875, 85.125, 1.0698116337728282e-20, nan 
179.125, 85.125, 1.0215964805046309e-20, nan 
179.375, 85.125, 9.487394889600299e-21, nan 
179.625, 85.125, 9.071236056807825e-21, nan 
179.875, 85.125, 8.508499560786769e-21, nan 
-179.875, 85.375, 1.3247438713766921e-20, nan 
-179.625, 85.375, 1.3009879811301361e-20, nan 
-179.375, 85.375, 1.1832986683108945e-20, nan 
-179.125, 85.375, 9.566743921888125e-21, nan 
-178.875, 85.375, 4.9027665709080094e-21, nan 
-178.625, 85.375, 5.9784411065435314e-21, nan 
-178.375, 85.375, 7.456921245079e-21, nan 
-178.125, 85.375, 1.0051196625263562e-20, nan 
-177.875, 85.375, 1.2956507345168852e-20, nan 
-177.625, 85.375, 1.6245152215550996e-20, nan 
-177.375, 85.375, 2.0019294154077345e-20, nan 
-177.125, 85.375, 2.0682429294409377e-20, nan 
-176.875, 85.375, 2.0255715717729243e-20, nan 
-176.625, 85.375, 2.0401157640299268e-20, nan 
-176.375, 85.375, 2.126156861260583e-20, nan 
-176.125, 85.375, 2.2541257275763408e-20, nan 
-175.875, 85.375, 2.4476956370685004e-20, nan 
-175.625, 85.375, 2.4544579887279213e-20, nan 
-175.375, 85.375, 2.980479859040431e-20, nan 
-175.125, 85.375, 3.0871753527437386e-20, nan 
-174.875, 85.375, 3.173843371954339e-20, nan 
-174.625, 85.375, 3.118727250978775e-20, nan 
-174.375, 85.375, 2.3495137098341542e-20, nan 
-174.125, 85.375, 1.852283572639483e-20, nan 
-173.875, 85.375, 1.8150691241738223e-20, nan 
-173.625, 85.375, 1.761891422212671e-20, nan 
-173.375, 85.375, 1.667264068283867e-20, nan 
-173.125, 85.375, 1.639846148651578e-20, nan 
-172.875, 85.375, 1.6454525154823543e-20, nan 
-172.625, 85.375, 1.7688234005117944e-20, nan 
-172.375, 85.375, 1.8544121774986134e-20, nan 
-172.125, 85.375, 2.2865479691453768e-20, nan 
-171.875, 85.375, 2.4211768571596453e-20, nan 
-171.625, 85.375, 2.4291809470900818e-20, nan 
-171.375, 85.375, 2.3998757857805213e-20, nan 
-171.125, 85.375, 1.9793455716036633e-20, nan 
-170.875, 85.375, 1.6855844658008943e-20, nan 
-170.625, 85.375, 1.676339966984716e-20, nan 
-170.375, 85.375, 1.717142007804767e-20, nan 
-170.125, 85.375, 1.7690341000107698e-20, nan 
-169.875, 85.375, 1.8046097541954782e-20, nan 
-169.625, 85.375, 1.8128745165701786e-20, nan 
-169.375, 85.375, 1.753061476635023e-20, nan 
-169.125, 85.375, 1.7683239927449903e-20, nan 
-168.875, 85.375, 1.8194889492277784e-20, nan 
-168.625, 85.375, 1.8410050973327274e-20, nan 
-168.375, 85.375, 1.848545269891191e-20, nan 
-168.125, 85.375, 1.8169460549211128e-20, nan 
-167.875, 85.375, 1.761691792166154e-20, nan 
-167.625, 85.375, 1.6318615723455975e-20, nan 
-167.375, 85.375, 1.5192093714191872e-20, nan 
-167.125, 85.375, 9.624127592118808e-21, nan 
-166.875, 85.375, 2.8754792987118735e-21, nan 
-166.625, 85.375, 2.01213286628475e-21, nan 
-166.375, 85.375, 1.9634860663774875e-21, nan 
-166.125, 85.375, 1.9437651527280667e-21, nan 
-165.875, 85.375, 1.9193139266311586e-21, nan 
-165.625, 85.375, 1.9537017880248106e-21, nan 
-165.375, 85.375, 2.070952312399073e-21, nan 
-165.125, 85.375, 2.0925391988104037e-21, nan 
-164.875, 85.375, 1.9558062657537762e-21, nan 
-164.625, 85.375, 2.112258603368081e-21, nan 
-164.375, 85.375, 2.4609799880186828e-21, nan 
-164.125, 85.375, 2.7670631181755032e-21, nan 
-163.875, 85.375, 3.016578979556075e-21, nan 
-163.625, 85.375, 3.1498090115347927e-21, nan 
-163.375, 85.375, 3.404544389479536e-21, nan 
-163.125, 85.375, 4.0740298915851725e-21, nan 
-162.875, 85.375, 4.099664377416315e-21, nan 
-162.625, 85.375, 3.82633483624854e-21, nan 
-162.375, 85.375, 3.647386686279866e-21, nan 
-162.125, 85.375, 3.3480225524652398e-21, nan 
-161.875, 85.375, 3.569071489363766e-21, nan 
-161.625, 85.375, 3.413778089360562e-21, nan 
-161.375, 85.375, 3.2870007245499456e-21, nan 
-161.125, 85.375, 3.457225209648451e-21, nan 
-160.875, 85.375, 3.589811339134852e-21, nan 
-160.625, 85.375, 3.5132606171478024e-21, nan 
-160.375, 85.375, 3.520794979821888e-21, nan 
-160.125, 85.375, 3.590671290291787e-21, nan 
-159.875, 85.375, 3.5868570417868546e-21, nan 
-159.625, 85.375, 3.600461185675196e-21, nan 
-159.375, 85.375, 3.550258239701858e-21, nan 
-159.125, 85.375, 3.788258112185665e-21, nan 
-158.875, 85.375, 4.911627319020016e-21, nan 
-158.625, 85.375, 5.809817925007481e-21, nan 
-158.375, 85.375, 6.121028759827547e-21, nan 
-158.125, 85.375, 6.263701025545401e-21, nan 
-157.875, 85.375, 6.351857174068841e-21, nan 
-157.625, 85.375, 6.363015213397362e-21, nan 
-157.375, 85.375, 6.20538513469562e-21, nan 
-157.125, 85.375, 5.683738086922943e-21, nan 
-156.875, 85.375, 6.273546085868485e-21, nan 
-156.625, 85.375, 7.032734309567572e-21, nan 
-156.375, 85.375, 7.854993714576123e-21, nan 
-156.125, 85.375, 8.468476735981333e-21, nan 
-155.875, 85.375, 9.096802851622973e-21, nan 
-155.625, 85.375, 8.851728996159044e-21, nan 
-155.375, 85.375, 8.460906578852694e-21, nan 
-155.125, 85.375, 8.121990671657917e-21, nan 
-154.875, 85.375, 8.005191604020564e-21, nan 
-154.625, 85.375, 7.503878580054866e-21, nan 
-154.375, 85.375, 7.196157056292405e-21, nan 
-154.125, 85.375, 7.023809155001072e-21, nan 
-153.875, 85.375, 6.872069119103971e-21, nan 
-153.625, 85.375, 6.359014875053523e-21, nan 
-153.375, 85.375, 6.631523445361741e-21, nan 
-153.125, 85.375, 6.731628803838214e-21, nan 
-152.875, 85.375, 7.342665535993854e-21, nan 
-152.625, 85.375, 8.265872938372634e-21, nan 
-152.375, 85.375, 8.33450845881968e-21, nan 
-152.125, 85.375, 8.372770819581937e-21, nan 
-151.875, 85.375, 8.276966850581761e-21, nan 
-151.625, 85.375, 7.319265988205667e-21, nan 
-151.375, 85.375, 6.500111860135691e-21, nan 
-151.125, 85.375, 5.607386597907573e-21, nan 
-150.875, 85.375, 4.919234387381804e-21, nan 
-150.625, 85.375, 4.2226480527625786e-21, nan 
-150.375, 85.375, 3.484072684498555e-21, nan 
-150.125, 85.375, 3.529223773267674e-21, nan 
-149.875, 85.375, 2.7052018276804866e-21, nan 
-149.625, 85.375, 2.1725420338270612e-21, nan 
-149.375, 85.375, 1.4761914918033406e-21, nan 
-149.125, 85.375, 1.3921394248163797e-21, nan 
-148.875, 85.375, 1.3826624776895402e-21, nan 
-148.625, 85.375, 1.3696347552841305e-21, nan 
-148.375, 85.375, 1.4443905294499376e-21, nan 
-148.125, 85.375, 1.6707043025004145e-21, nan 
-147.875, 85.375, 1.939872620354132e-21, nan 
-147.625, 85.375, 2.2777779294271943e-21, nan 
-147.375, 85.375, 2.319303575227372e-21, nan 
-147.125, 85.375, 2.423272717945469e-21, nan 
-146.875, 85.375, 1.932329251920814e-21, nan 
-146.625, 85.375, 1.8692849346831076e-21, nan 
-146.375, 85.375, 2.1155710975736594e-21, nan 
-146.125, 85.375, 2.1342801754612918e-21, nan 
-145.875, 85.375, 2.2338624197738507e-21, nan 
-145.625, 85.375, 1.9924776290409232e-21, nan 
-145.375, 85.375, 1.9698354439851238e-21, nan 
-145.125, 85.375, 1.9540923945051634e-21, nan 
-144.875, 85.375, 1.9305206947819657e-21, nan 
-144.625, 85.375, 1.881629326963226e-21, nan 
-144.375, 85.375, 1.9023498690412745e-21, nan 
-144.125, 85.375, 1.9770174690409087e-21, nan 
-143.875, 85.375, 1.9643456482640034e-21, nan 
-143.625, 85.375, 1.802306358767102e-21, nan 
-143.375, 85.375, 1.809350778570212e-21, nan 
-143.125, 85.375, 1.807552935215408e-21, nan 
-142.875, 85.375, 1.924359421775394e-21, nan 
-142.625, 85.375, 1.8759126723621412e-21, nan 
-142.375, 85.375, 1.8286749035805807e-21, nan 
-142.125, 85.375, 1.8816055414182064e-21, nan 
-141.875, 85.375, 1.8279362864259734e-21, nan 
-141.625, 85.375, 1.8501492346759075e-21, nan 
-141.375, 85.375, 2.02078318828803e-21, nan 
-141.125, 85.375, 2.2833250439805934e-21, nan 
-140.875, 85.375, 2.5384937025686015e-21, nan 
-140.625, 85.375, 2.819822402429165e-21, nan 
-140.375, 85.375, 2.9215877354017746e-21, nan 
-140.125, 85.375, 2.2147617322385558e-21, nan 
-139.875, 85.375, 1.6833917254231996e-21, nan 
-139.625, 85.375, 1.4357380926725231e-21, nan 
-139.375, 85.375, 1.0998335329921768e-21, nan 
-139.125, 85.375, 9.898312281074493e-22, nan 
-138.875, 85.375, 1.141677364136814e-21, nan 
-138.625, 85.375, 1.5212444862021724e-21, nan 
-138.375, 85.375, 1.9556133113560492e-21, nan 
-138.125, 85.375, 2.5641821740523816e-21, nan 
-137.875, 85.375, 3.24671305100962e-21, nan 
-137.625, 85.375, 3.788278696777874e-21, nan 
-137.375, 85.375, 4.370089219565277e-21, nan 
-137.125, 85.375, 4.510039830606188e-21, nan 
-136.875, 85.375, 3.176658480616171e-21, nan 
-136.625, 85.375, 2.2292621367269896e-21, nan 
-136.375, 85.375, 2.4124941514137107e-21, nan 
-136.125, 85.375, 2.8448516525994205e-21, nan 
-135.875, 85.375, 3.468015966395819e-21, nan 
-135.625, 85.375, 3.910804219900997e-21, nan 
-135.375, 85.375, 4.21096385370639e-21, nan 
-135.125, 85.375, 4.5198799450233415e-21, nan 
-134.875, 85.375, 4.665219858790295e-21, nan 
-134.625, 85.375, 4.641276905396237e-21, nan 
-134.375, 85.375, 4.730546010184046e-21, nan 
-134.125, 85.375, 4.844232393107177e-21, nan 
-133.875, 85.375, 4.9049275109333516e-21, nan 
-133.625, 85.375, 4.7493345630542674e-21, nan 
-133.375, 85.375, 4.6315430199325605e-21, nan 
-133.125, 85.375, 4.672273691659181e-21, nan 
-132.875, 85.375, 4.667542538098655e-21, nan 
-132.625, 85.375, 4.700295900134938e-21, nan 
-132.375, 85.375, 4.61891638696372e-21, nan 
-132.125, 85.375, 3.2906475038996625e-21, nan 
-131.875, 85.375, 2.9239102432675483e-21, nan 
-131.625, 85.375, 2.8094626075210146e-21, nan 
-131.375, 85.375, 2.5738500777798336e-21, nan 
-131.125, 85.375, 2.3032956448534442e-21, nan 
-130.875, 85.375, 1.9916976198766942e-21, nan 
-130.625, 85.375, 1.6534549698224507e-21, nan 
-130.375, 85.375, 1.6542867954333461e-21, nan 
-130.125, 85.375, 1.1307025739273426e-21, nan 
-129.875, 85.375, 8.152640665393676e-22, nan 
-129.625, 85.375, 8.2299865188280495e-22, nan 
-129.375, 85.375, 9.316787035691267e-22, nan 
-129.125, 85.375, 1.1989142046754595e-21, nan 
-128.875, 85.375, 1.5762492115458539e-21, nan 
-128.625, 85.375, 2.166210397603805e-21, nan 
-128.375, 85.375, 2.535231527040483e-21, nan 
-128.125, 85.375, 2.3643517426917237e-21, nan 
-127.875, 85.375, 2.0088971684535558e-21, nan 
-127.625, 85.375, 1.546140088501802e-21, nan 
-127.375, 85.375, 1.7488435800690903e-21, nan 
-127.125, 85.375, 2.2668422232022717e-21, nan 
-126.875, 85.375, 2.7206180117879155e-21, nan 
-126.625, 85.375, 2.853057414547869e-21, nan 
-126.375, 85.375, 3.208906714608231e-21, nan 
-126.125, 85.375, 3.759954714433386e-21, nan 
-125.875, 85.375, 4.510234108383904e-21, nan 
-125.625, 85.375, 4.483518835087491e-21, nan 
-125.375, 85.375, 4.356237032145214e-21, nan 
-125.125, 85.375, 4.425287440728105e-21, nan 
-124.875, 85.375, 4.329276253428831e-21, nan 
-124.625, 85.375, 3.0097513533529095e-21, nan 
-124.375, 85.375, 1.3177167262152632e-21, nan 
-124.125, 85.375, 6.886910462086611e-22, nan 
-123.875, 85.375, 1.1488593142152045e-21, nan 
-123.625, 85.375, 3.28509661332172e-21, nan 
-123.375, 85.375, 3.934690745219843e-21, nan 
-123.125, 85.375, 4.0340983043635206e-21, nan 
-122.875, 85.375, 4.019719851750771e-21, nan 
-122.625, 85.375, 4.037031202588241e-21, nan 
-122.375, 85.375, 4.058157062105253e-21, nan 
-122.125, 85.375, 4.014245004764951e-21, nan 
-121.875, 85.375, 4.057044241863608e-21, nan 
-121.625, 85.375, 4.047703868043204e-21, nan 
-121.375, 85.375, 3.776626353139328e-21, nan 
-121.125, 85.375, 1.9629446886122998e-21, nan 
-120.875, 85.375, 1.6908503575663438e-21, nan 
-120.625, 85.375, 1.725313452930398e-21, nan 
-120.375, 85.375, 1.5942804232707539e-21, nan 
-120.125, 85.375, 1.5311662625720432e-21, nan 
-119.875, 85.375, 1.5946769420831185e-21, nan 
-119.625, 85.375, 1.6272651081147992e-21, nan 
-119.375, 85.375, 1.6333666136314966e-21, nan 
-119.125, 85.375, 1.6093510656774349e-21, nan 
-118.875, 85.375, 1.6841685109412529e-21, nan 
-118.625, 85.375, 1.7000952055338808e-21, nan 
-118.375, 85.375, 1.6699858539105736e-21, nan 
-118.125, 85.375, 1.6515928042233993e-21, nan 
-117.875, 85.375, 1.5320082460758757e-21, nan 
-117.625, 85.375, 1.2894274813027427e-21, nan 
-117.375, 85.375, 9.81253988479864e-22, nan 
-117.125, 85.375, 7.201029690925028e-22, nan 
-116.875, 85.375, 6.103266541952376e-22, nan 
-116.625, 85.375, 5.895506483539514e-22, nan 
-116.375, 85.375, 6.071077573165982e-22, nan 
-116.125, 85.375, 6.258039811100548e-22, nan 
-115.875, 85.375, 7.625395137164986e-22, nan 
-115.625, 85.375, 8.892462528679768e-22, nan 
-115.375, 85.375, 1.0649347993948741e-21, nan 
-115.125, 85.375, 1.090983150861446e-21, nan 
-114.875, 85.375, 1.1900978417874373e-21, nan 
-114.625, 85.375, 1.142075140658651e-21, nan 
-114.375, 85.375, 1.136674540682839e-21, nan 
-114.125, 85.375, 9.575048133164452e-22, nan 
-113.875, 85.375, 8.892726703411477e-22, nan 
-113.625, 85.375, 8.955605443913227e-22, nan 
-113.375, 85.375, 8.457898413687592e-22, nan 
-113.125, 85.375, 7.638257952600174e-22, nan 
-112.875, 85.375, 6.939572001082298e-22, nan 
-112.625, 85.375, 6.200578393231417e-22, nan 
-112.375, 85.375, 6.619467648442162e-22, nan 
-112.125, 85.375, 6.721630378004543e-22, nan 
-111.875, 85.375, 5.565910979793099e-22, nan 
-111.625, 85.375, 4.685492438176749e-22, nan 
-111.375, 85.375, 4.588584955627104e-22, nan 
-111.125, 85.375, 4.54573941959513e-22, nan 
-110.875, 85.375, 4.545940897054577e-22, nan 
-110.625, 85.375, 4.062298703729292e-22, nan 
-110.375, 85.375, 3.760633088695237e-22, nan 
-110.125, 85.375, 3.50746501394632e-22, nan 
-109.875, 85.375, 3.1714012793740145e-22, nan 
-109.625, 85.375, 2.946622682284035e-22, nan 
-109.375, 85.375, 3.020259872243937e-22, nan 
-109.125, 85.375, 3.315688233635957e-22, nan 
-108.875, 85.375, 3.4583084358874957e-22, nan 
-108.625, 85.375, 3.375814377015064e-22, nan 
-108.375, 85.375, 3.340805819142491e-22, nan 
-108.125, 85.375, 3.1706275348898716e-22, nan 
-107.875, 85.375, 2.9482507077425626e-22, nan 
-107.625, 85.375, 2.9996494177361674e-22, nan 
-107.375, 85.375, 3.3475602051364277e-22, nan 
-107.125, 85.375, 3.7950618751133257e-22, nan 
-106.875, 85.375, 4.1333357128415396e-22, nan 
-106.625, 85.375, 4.507088147040163e-22, nan 
-106.375, 85.375, 4.6852003561530085e-22, nan 
-106.125, 85.375, 4.639750791742698e-22, nan 
-105.875, 85.375, 4.488827745356749e-22, nan 
-105.625, 85.375, 4.574978236066384e-22, nan 
-105.375, 85.375, 4.128303488475227e-22, nan 
-105.125, 85.375, 3.5134024731071787e-22, nan 
-104.875, 85.375, 3.3486097025408727e-22, nan 
-104.625, 85.375, 3.9321767480537327e-22, nan 
-104.375, 85.375, 4.753321636729487e-22, nan 
-104.125, 85.375, 5.419382620443891e-22, nan 
-103.875, 85.375, 6.232391333931377e-22, nan 
-103.625, 85.375, 6.322162105744958e-22, nan 
-103.375, 85.375, 6.1083871522971535e-22, nan 
-103.125, 85.375, 5.595149227928612e-22, nan 
-102.875, 85.375, 5.145852171407828e-22, nan 
-102.625, 85.375, 4.780401486350975e-22, nan 
-102.375, 85.375, 4.705254902953263e-22, nan 
-102.125, 85.375, 4.38445768113844e-22, nan 
-101.875, 85.375, 4.333867466366594e-22, nan 
-101.625, 85.375, 4.307915222553652e-22, nan 
-101.375, 85.375, 4.346704599495907e-22, nan 
-101.125, 85.375, 4.51219470802186e-22, nan 
-100.875, 85.375, 4.662671935006673e-22, nan 
-100.625, 85.375, 4.6452499098685725e-22, nan 
-100.375, 85.375, 4.529531006364892e-22, nan 
-100.125, 85.375, 4.434870389928079e-22, nan 
-99.875, 85.375, 4.301602990737564e-22, nan 
-99.625, 85.375, 4.497812702803944e-22, nan 
-99.375, 85.375, 4.362878243081406e-22, nan 
-99.125, 85.375, 4.381034349365933e-22, nan 
-98.875, 85.375, 3.9558607382540685e-22, nan 
-98.625, 85.375, 4.02993502889147e-22, nan 
-98.375, 85.375, 3.6681360916269197e-22, nan 
-98.125, 85.375, 3.836443074595485e-22, nan 
-97.875, 85.375, 3.580649760879021e-22, nan 
-97.625, 85.375, 4.085593633548102e-22, nan 
-97.375, 85.375, 3.838319019774218e-22, nan 
-97.125, 85.375, 4.236822065350182e-22, nan 
-96.875, 85.375, 4.239338475317579e-22, nan 
-96.625, 85.375, 3.997889359697192e-22, nan 
-96.375, 85.375, 3.382412036593086e-22, nan 
-96.125, 85.375, 3.098689332163531e-22, nan 
-95.875, 85.375, 2.6407156069297045e-22, nan 
-95.625, 85.375, 2.4522273287420735e-22, nan 
-95.375, 85.375, 2.9176950054019555e-22, nan 
-95.125, 85.375, 3.0363845281720456e-22, nan 
-94.875, 85.375, 3.286084781648402e-22, nan 
-94.625, 85.375, 3.108612417399551e-22, nan 
-94.375, 85.375, 3.1751769643939174e-22, nan 
-94.125, 85.375, 3.0427129089731137e-22, nan 
-93.875, 85.375, 3.5753119045078674e-22, nan 
-93.625, 85.375, 3.648332589494422e-22, nan 
-93.375, 85.375, 4.1145926048760626e-22, nan 
-93.125, 85.375, 3.9764366169601546e-22, nan 
-92.875, 85.375, 4.276334368623036e-22, nan 
-92.625, 85.375, 4.379161388762214e-22, nan 
-92.375, 85.375, 4.612000416404132e-22, nan 
-92.125, 85.375, 4.734358803011398e-22, nan 
-91.875, 85.375, 4.510476745863771e-22, nan 
-91.625, 85.375, 4.567104806901586e-22, nan 
-91.375, 85.375, 4.896431992408236e-22, nan 
-91.125, 85.375, 5.217484322619722e-22, nan 
-90.875, 85.375, 5.240963822533186e-22, nan 
-90.625, 85.375, 5.47820698571129e-22, nan 
-90.375, 85.375, 5.738859119061974e-22, nan 
-90.125, 85.375, 5.636747743547409e-22, nan 
-89.875, 85.375, 5.178541743524591e-22, nan 
-89.625, 85.375, 5.165088739984866e-22, nan 
-89.375, 85.375, 5.191097308585949e-22, nan 
-89.125, 85.375, 5.155744344088629e-22, nan 
-88.875, 85.375, 4.975910614894531e-22, nan 
-88.625, 85.375, 4.954066940642563e-22, nan 
-88.375, 85.375, 5.117484514221703e-22, nan 
-88.125, 85.375, 5.176954454647405e-22, nan 
-87.875, 85.375, 5.198153041216239e-22, nan 
-87.625, 85.375, 4.958874664866897e-22, nan 
-87.375, 85.375, 4.428176099241645e-22, nan 
-87.125, 85.375, 3.90564866443993e-22, nan 
-86.875, 85.375, 2.987085747997532e-22, nan 
-86.625, 85.375, 2.648999816847829e-22, nan 
-86.375, 85.375, 2.321778241728054e-22, nan 
-86.125, 85.375, 1.8454319987517542e-22, nan 
-85.875, 85.375, 2.146981317122746e-22, nan 
-85.625, 85.375, 2.0573738368169823e-22, nan 
-85.375, 85.375, 2.0688400708069876e-22, nan 
-85.125, 85.375, 2.121772913464157e-22, nan 
-84.875, 85.375, 2.266018229754396e-22, nan 
-84.625, 85.375, 2.413242814618282e-22, nan 
-84.375, 85.375, 2.6259211253652597e-22, nan 
-84.125, 85.375, 2.714185269890093e-22, nan 
-83.875, 85.375, 2.5587755030095436e-22, nan 
-83.625, 85.375, 2.273115310184682e-22, nan 
-83.375, 85.375, 2.028091988993742e-22, nan 
-83.125, 85.375, 1.9317756995877522e-22, nan 
-82.875, 85.375, 1.80880440401268e-22, nan 
-82.625, 85.375, 1.7076150974389966e-22, nan 
-82.375, 85.375, 1.713520456536934e-22, nan 
-82.125, 85.375, 1.8453739105959884e-22, nan 
-81.875, 85.375, 1.965586414282619e-22, nan 
-81.625, 85.375, 2.3138241247326095e-22, nan 
-81.375, 85.375, 2.7104104755648453e-22, nan 
-81.125, 85.375, 3.2963336167588793e-22, nan 
-80.875, 85.375, 3.409476977890049e-22, nan 
-80.625, 85.375, 3.3406668962250495e-22, nan 
-80.375, 85.375, 3.3481176989156593e-22, nan 
-80.125, 85.375, 3.368134242690269e-22, nan 
-79.875, 85.375, 3.591368463096476e-22, nan 
-79.625, 85.375, 3.623263957028535e-22, nan 
-79.375, 85.375, 3.556554938709443e-22, nan 
-79.125, 85.375, 3.4363117107396943e-22, nan 
-78.875, 85.375, 3.29094834753738e-22, nan 
-78.625, 85.375, 2.81574118856399e-22, nan 
-78.375, 85.375, 2.79406041627521e-22, nan 
-78.125, 85.375, 2.5941143116934873e-22, nan 
-77.875, 85.375, 2.760475461120703e-22, nan 
-77.625, 85.375, 2.7652311320283348e-22, nan 
-77.375, 85.375, 2.7219460887652757e-22, nan 
-77.125, 85.375, 2.858672872471412e-22, nan 
-76.875, 85.375, 3.0637065939890676e-22, nan 
-76.625, 85.375, 3.242986658614833e-22, nan 
-76.375, 85.375, 3.3036771602719076e-22, nan 
-76.125, 85.375, 3.3959767359559605e-22, nan 
-75.875, 85.375, 3.3903433770173623e-22, nan 
-75.625, 85.375, 3.441581932237908e-22, nan 
-75.375, 85.375, 3.4469811664311954e-22, nan 
-75.125, 85.375, 3.6346214892850594e-22, nan 
-74.875, 85.375, 4.057176237283992e-22, nan 
-74.625, 85.375, 5.264967483114101e-22, nan 
-74.375, 85.375, 5.910940153608447e-22, nan 
-74.125, 85.375, 6.201691162912452e-22, nan 
-73.875, 85.375, 5.70281789413531e-22, nan 
-73.625, 85.375, 5.744929488650817e-22, nan 
-73.375, 85.375, 5.691856172062506e-22, nan 
-73.125, 85.375, 5.7501257359655595e-22, nan 
-72.875, 85.375, 5.453781361346973e-22, nan 
-72.625, 85.375, 5.314819561774173e-22, nan 
-72.375, 85.375, 5.2553576721846325e-22, nan 
-72.125, 85.375, 5.043448037631305e-22, nan 
-71.875, 85.375, 4.910719434847667e-22, nan 
-71.625, 85.375, 3.8352823850141166e-22, nan 
-71.375, 85.375, 5.384913219317651e-22, nan 
-71.125, 85.375, 6.5778355879888395e-22, nan 
-70.875, 85.375, 7.045582291881688e-22, nan 
-70.625, 85.375, 6.410410767037e-22, nan 
-70.375, 85.375, 6.575321016331405e-22, nan 
-70.125, 85.375, 6.478979211436628e-22, nan 
-69.875, 85.375, 6.568311747013142e-22, nan 
-69.625, 85.375, 5.896414771148054e-22, nan 
-69.375, 85.375, 5.579645421804859e-22, nan 
-69.125, 85.375, 5.614186713032243e-22, nan 
-68.875, 85.375, 5.838506721100562e-22, nan 
-68.625, 85.375, 5.927354560373686e-22, nan 
-68.375, 85.375, 4.80076739732882e-22, nan 
-68.125, 85.375, 3.635876185354569e-22, nan 
-67.875, 85.375, 3.3629358840154644e-22, nan 
-67.625, 85.375, 3.4278158621810807e-22, nan 
-67.375, 85.375, 2.961225350305095e-22, nan 
-67.125, 85.375, 2.4992766683644027e-22, nan 
-66.875, 85.375, 1.793621257968386e-22, nan 
-66.625, 85.375, 1.2884342815667161e-22, nan 
-66.375, 85.375, 9.820606940853821e-23, nan 
-66.125, 85.375, 8.051174175693478e-23, nan 
-65.875, 85.375, 4.6316192767030433e-23, nan 
-65.625, 85.375, 6.444082975031701e-23, nan 
-65.375, 85.375, 1.0056417860260574e-22, nan 
-65.125, 85.375, 1.1532412279814273e-22, nan 
-64.875, 85.375, 1.4215630330795674e-22, nan 
-64.625, 85.375, 1.4872619459567954e-22, nan 
-64.375, 85.375, 1.7192417368109533e-22, nan 
-64.125, 85.375, 1.6134641845099572e-22, nan 
-63.875, 85.375, 1.543313622265113e-22, nan 
-63.625, 85.375, 1.495816413609159e-22, nan 
-63.375, 85.375, 1.5991792874157541e-22, nan 
-63.125, 85.375, 1.5282850294428923e-22, nan 
-62.875, 85.375, 1.496151187665525e-22, nan 
-62.625, 85.375, 1.3857420805125245e-22, nan 
-62.375, 85.375, 1.251279966221902e-22, nan 
-62.125, 85.375, 1.2132218462224153e-22, nan 
-61.875, 85.375, 1.1947788750372127e-22, nan 
-61.625, 85.375, 1.2279443230522333e-22, nan 
-61.375, 85.375, 1.1987913410732901e-22, nan 
-61.125, 85.375, 1.1099399631105595e-22, nan 
33.375, 85.375, 3.4210697657019913e-23, nan 
33.625, 85.375, 3.375406771350825e-23, nan 
33.875, 85.375, 3.27249582259765e-23, nan 
34.125, 85.375, 3.364925020000904e-23, nan 
34.375, 85.375, 3.434128215249078e-23, nan 
34.625, 85.375, 3.47357449453202e-23, nan 
34.875, 85.375, 3.5587024381971584e-23, nan 
35.125, 85.375, 3.715692859807178e-23, nan 
35.375, 85.375, 3.7836723223949084e-23, nan 
35.625, 85.375, 3.914378722810735e-23, nan 
35.875, 85.375, 4.0032326507111193e-23, nan 
36.125, 85.375, 4.261579128652866e-23, nan 
36.375, 85.375, 4.4608122024438506e-23, nan 
36.625, 85.375, 4.717365228175079e-23, nan 
36.875, 85.375, 4.8420128241680903e-23, nan 
37.125, 85.375, 5.11052590424212e-23, nan 
37.375, 85.375, 5.378252759869522e-23, nan 
37.625, 85.375, 5.769500466575601e-23, nan 
37.875, 85.375, 6.111722176969615e-23, nan 
38.125, 85.375, 6.253425885762101e-23, nan 
38.375, 85.375, 6.619071495029898e-23, nan 
38.625, 85.375, 6.710575539610647e-23, nan 
38.875, 85.375, 6.946617010232419e-23, nan 
39.125, 85.375, 7.092633920868958e-23, nan 
39.375, 85.375, 7.172643480938981e-23, nan 
39.625, 85.375, 7.140528691053275e-23, nan 
39.875, 85.375, 6.930045865774138e-23, nan 
40.125, 85.375, 6.594990269821646e-23, nan 
40.375, 85.375, 6.145171894896131e-23, nan 
40.625, 85.375, 5.555906200550252e-23, nan 
40.875, 85.375, 5.548537065565156e-23, nan 
41.125, 85.375, 5.503429422366926e-23, nan 
41.375, 85.375, 5.594711823628248e-23, nan 
41.625, 85.375, 5.520052605395936e-23, nan 
41.875, 85.375, 5.377894211237926e-23, nan 
42.125, 85.375, 6.047439305990987e-23, nan 
42.375, 85.375, 6.467486066635319e-23, nan 
42.625, 85.375, 7.132584583483688e-23, nan 
42.875, 85.375, 7.200913435833575e-23, nan 
43.125, 85.375, 7.202596077509925e-23, nan 
43.375, 85.375, 7.40379479929376e-23, nan 
43.625, 85.375, 7.341324028483006e-23, nan 
43.875, 85.375, 7.237864130697913e-23, nan 
44.125, 85.375, 7.454579892322452e-23, nan 
44.375, 85.375, 7.165363609108821e-23, nan 
44.625, 85.375, 7.652660926290756e-23, nan 
44.875, 85.375, 7.966716816949135e-23, nan 
45.125, 85.375, 8.295750731032464e-23, nan 
45.375, 85.375, 8.800153290976512e-23, nan 
45.625, 85.375, 9.073359658351233e-23, nan 
45.875, 85.375, 9.436259891750034e-23, nan 
46.125, 85.375, 9.565505914964391e-23, nan 
46.375, 85.375, 9.621135568485492e-23, nan 
46.625, 85.375, 9.690805099569251e-23, nan 
46.875, 85.375, 9.630655651504973e-23, nan 
47.125, 85.375, 9.478897541976013e-23, nan 
47.375, 85.375, 9.288469857553975e-23, nan 
47.625, 85.375, 8.983111597671797e-23, nan 
47.875, 85.375, 8.773808445145862e-23, nan 
48.125, 85.375, 8.623537765678701e-23, nan 
48.375, 85.375, 8.374886510965688e-23, nan 
48.625, 85.375, 8.060209730284906e-23, nan 
48.875, 85.375, 7.445021756992228e-23, nan 
49.125, 85.375, 7.135074242536933e-23, nan 
49.375, 85.375, 7.011558015891115e-23, nan 
49.625, 85.375, 6.951824328968441e-23, nan 
49.875, 85.375, 7.014726933464728e-23, nan 
50.125, 85.375, 7.079718819399224e-23, nan 
50.375, 85.375, 7.165874447731926e-23, nan 
50.625, 85.375, 6.472509246384423e-23, nan 
50.875, 85.375, 6.002810689259491e-23, nan 
51.125, 85.375, 5.850932533977929e-23, nan 
51.375, 85.375, 5.68885241187086e-23, nan 
51.625, 85.375, 6.513628502904502e-23, nan 
51.875, 85.375, 6.519758307060526e-23, nan 
52.125, 85.375, 6.882785168103633e-23, nan 
52.375, 85.375, 7.07781663409331e-23, nan 
52.625, 85.375, 7.556194263807449e-23, nan 
52.875, 85.375, 7.862446757713923e-23, nan 
53.125, 85.375, 7.734019590534814e-23, nan 
53.375, 85.375, 7.518449951891659e-23, nan 
53.625, 85.375, 7.82945302857817e-23, nan 
53.875, 85.375, 7.218428893640122e-23, nan 
54.125, 85.375, 7.235711539300357e-23, nan 
54.375, 85.375, 7.573763733969843e-23, nan 
54.625, 85.375, 8.051544076526433e-23, nan 
54.875, 85.375, 8.35787788907472e-23, nan 
55.125, 85.375, 8.508649324047492e-23, nan 
55.375, 85.375, 8.723990778757397e-23, nan 
55.625, 85.375, 8.763827972112485e-23, nan 
55.875, 85.375, 9.14367744617864e-23, nan 
56.125, 85.375, 9.231079043897601e-23, nan 
56.375, 85.375, 9.218235735924855e-23, nan 
56.625, 85.375, 8.932502046655788e-23, nan 
56.875, 85.375, 9.158446460018622e-23, nan 
57.125, 85.375, 9.294556704365621e-23, nan 
57.375, 85.375, 9.176892652301151e-23, nan 
57.625, 85.375, 9.138623986027099e-23, nan 
57.875, 85.375, 9.116977029863005e-23, nan 
58.125, 85.375, 9.011046523804021e-23, nan 
58.375, 85.375, 8.928407397366409e-23, nan 
58.625, 85.375, 8.487429032983178e-23, nan 
58.875, 85.375, 8.23387953671687e-23, nan 
59.125, 85.375, 7.944269489447465e-23, nan 
59.375, 85.375, 7.589619338177104e-23, nan 
59.625, 85.375, 7.592756102467017e-23, nan 
59.875, 85.375, 7.203983507375581e-23, nan 
60.125, 85.375, 6.766693265979767e-23, nan 
60.375, 85.375, 6.622599296882285e-23, nan 
60.625, 85.375, 6.639251588988023e-23, nan 
60.875, 85.375, 6.527130430486231e-23, nan 
61.125, 85.375, 6.642691063874392e-23, nan 
61.375, 85.375, 6.667911293137822e-23, nan 
61.625, 85.375, 6.805611593108572e-23, nan 
61.875, 85.375, 6.9257385757568e-23, nan 
62.125, 85.375, 7.213683996803073e-23, nan 
62.375, 85.375, 7.242486102367926e-23, nan 
62.625, 85.375, 7.523905808101192e-23, nan 
62.875, 85.375, 7.841256619363848e-23, nan 
63.125, 85.375, 8.016358836923801e-23, nan 
63.375, 85.375, 8.212527265912338e-23, nan 
63.625, 85.375, 8.360728264055469e-23, nan 
63.875, 85.375, 8.410551108323126e-23, nan 
64.125, 85.375, 8.412014329174556e-23, nan 
64.375, 85.375, 8.596903656412451e-23, nan 
64.625, 85.375, 8.62314513767548e-23, nan 
64.875, 85.375, 8.948051728597147e-23, nan 
65.125, 85.375, 9.099576307181372e-23, nan 
65.375, 85.375, 9.152829997297883e-23, nan 
65.625, 85.375, 9.183494166619225e-23, nan 
65.875, 85.375, 9.181141503929449e-23, nan 
66.125, 85.375, 9.261097042644417e-23, nan 
66.375, 85.375, 9.389157297822952e-23, nan 
66.625, 85.375, 9.510470278381313e-23, nan 
66.875, 85.375, 9.729149236648033e-23, nan 
67.125, 85.375, 1.0419221528272925e-22, nan 
67.375, 85.375, 1.1098276653042e-22, nan 
67.625, 85.375, 1.2003058101014444e-22, nan 
67.875, 85.375, 1.2582068512517063e-22, nan 
68.125, 85.375, 1.276284074046638e-22, nan 
68.375, 85.375, 1.2208018713458153e-22, nan 
68.625, 85.375, 1.1894376354441716e-22, nan 
68.875, 85.375, 1.2211770003327658e-22, nan 
69.125, 85.375, 1.2459939410992484e-22, nan 
69.375, 85.375, 1.2287894993470626e-22, nan 
69.625, 85.375, 1.2214385253722296e-22, nan 
69.875, 85.375, 1.2135965714970836e-22, nan 
70.125, 85.375, 1.2055841654923788e-22, nan 
70.375, 85.375, 1.2716263032849062e-22, nan 
70.625, 85.375, 1.2705779877686517e-22, nan 
70.875, 85.375, 1.2012287502360928e-22, nan 
71.125, 85.375, 1.1167506179101474e-22, nan 
71.375, 85.375, 1.0220279411041503e-22, nan 
71.625, 85.375, 9.505523780780759e-23, nan 
71.875, 85.375, 8.830966519328093e-23, nan 
72.125, 85.375, 9.047041575221527e-23, nan 
72.375, 85.375, 9.257874205871735e-23, nan 
72.625, 85.375, 9.776373214463879e-23, nan 
72.875, 85.375, 1.0201866876287006e-22, nan 
73.125, 85.375, 9.79448219299553e-23, nan 
73.375, 85.375, 9.278965219882747e-23, nan 
73.625, 85.375, 7.719517706893532e-23, nan 
73.875, 85.375, 7.530551261553174e-23, nan 
74.125, 85.375, 8.2406901101079e-23, nan 
74.375, 85.375, 8.584972256038969e-23, nan 
74.625, 85.375, 1.3443795176738998e-22, nan 
74.875, 85.375, 1.4966833725140766e-22, nan 
75.125, 85.375, 1.4206183229027832e-22, nan 
75.375, 85.375, 1.4963695231744168e-22, nan 
75.625, 85.375, 1.4291835490874918e-22, nan 
75.875, 85.375, 1.4383691763817526e-22, nan 
76.125, 85.375, 1.4212190540831006e-22, nan 
76.375, 85.375, 1.763139399425771e-22, nan 
76.625, 85.375, 1.6336926550954328e-22, nan 
76.875, 85.375, 2.4589708556677844e-22, nan 
77.125, 85.375, 2.4590221857498575e-22, nan 
77.375, 85.375, 2.529294597415149e-22, nan 
77.625, 85.375, 2.519634077081473e-22, nan 
77.875, 85.375, 2.338157467862737e-22, nan 
78.125, 85.375, 2.33399534049464e-22, nan 
78.375, 85.375, 2.0318740215739857e-22, nan 
78.625, 85.375, 1.7777717919295433e-22, nan 
78.875, 85.375, 1.5803228842589953e-22, nan 
79.125, 85.375, 1.2626827432262998e-22, nan 
79.375, 85.375, 1.227455540647177e-22, nan 
79.625, 85.375, 1.232298903273666e-22, nan 
79.875, 85.375, 1.0099952587149154e-22, nan 
80.125, 85.375, 1.1053003460483824e-22, nan 
80.375, 85.375, 9.974471809918115e-23, nan 
80.625, 85.375, 7.858062428787783e-23, nan 
80.875, 85.375, 5.256670788423577e-23, nan 
81.125, 85.375, 3.935508040477973e-23, nan 
81.375, 85.375, 9.069981722766828e-23, nan 
81.625, 85.375, 1.2546360238081074e-22, nan 
81.875, 85.375, 1.6343736845481102e-22, nan 
82.125, 85.375, 2.134891679375255e-22, nan 
82.375, 85.375, 2.532340959709396e-22, nan 
82.625, 85.375, 2.776377862480177e-22, nan 
82.875, 85.375, 2.9582361511011597e-22, nan 
83.125, 85.375, 2.6887955819629205e-22, nan 
83.375, 85.375, 2.460654335889878e-22, nan 
83.625, 85.375, 2.1485437655527204e-22, nan 
83.875, 85.375, 1.8601041687104335e-22, nan 
84.125, 85.375, 1.6391182239675967e-22, nan 
84.375, 85.375, 1.5598345884551049e-22, nan 
84.625, 85.375, 1.494584437391812e-22, nan 
84.875, 85.375, 1.8219700103006339e-22, nan 
85.125, 85.375, 2.336911391930571e-22, nan 
85.375, 85.375, 3.270580071758944e-22, nan 
85.625, 85.375, 4.406686711349759e-22, nan 
85.875, 85.375, 4.736504105575789e-22, nan 
86.125, 85.375, 5.151165274928259e-22, nan 
86.375, 85.375, 5.016144341332286e-22, nan 
86.625, 85.375, 4.736677738414758e-22, nan 
86.875, 85.375, 4.424991718414939e-22, nan 
87.125, 85.375, 4.116008457305217e-22, nan 
87.375, 85.375, 3.6615648252846145e-22, nan 
87.625, 85.375, 3.4143984241115245e-22, nan 
87.875, 85.375, 3.040837250725102e-22, nan 
88.125, 85.375, 2.729825978527484e-22, nan 
88.375, 85.375, 2.344764776204225e-22, nan 
88.625, 85.375, 2.1484644962345877e-22, nan 
88.875, 85.375, 2.13628502320122e-22, nan 
89.125, 85.375, 2.1082081750532472e-22, nan 
89.375, 85.375, 2.2444804668833123e-22, nan 
89.625, 85.375, 2.218019869500831e-22, nan 
89.875, 85.375, 2.1676428892525654e-22, nan 
90.125, 85.375, 2.1230941348520827e-22, nan 
90.375, 85.375, 2.0595558884023612e-22, nan 
90.625, 85.375, 1.9923407071066464e-22, nan 
90.875, 85.375, 2.1433083673267534e-22, nan 
91.125, 85.375, 2.2206209105171264e-22, nan 
91.375, 85.375, 2.202584991169618e-22, nan 
91.625, 85.375, 2.433137040872966e-22, nan 
91.875, 85.375, 2.621336173305009e-22, nan 
92.125, 85.375, 2.618499922442555e-22, nan 
92.375, 85.375, 2.707225725186594e-22, nan 
92.625, 85.375, 2.6976368364217016e-22, nan 
92.875, 85.375, 2.6981695251534323e-22, nan 
93.125, 85.375, 2.6657114314826514e-22, nan 
93.375, 85.375, 2.5275436293740603e-22, nan 
93.625, 85.375, 2.4561952655993933e-22, nan 
93.875, 85.375, 2.5602506591656957e-22, nan 
94.125, 85.375, 2.6106597350684517e-22, nan 
94.375, 85.375, 2.5324133159687264e-22, nan 
94.625, 85.375, 2.414808053992472e-22, nan 
94.875, 85.375, 2.3044403500186156e-22, nan 
95.125, 85.375, 2.2917077279522895e-22, nan 
95.375, 85.375, 2.175403047475843e-22, nan 
95.625, 85.375, 2.0722823339654324e-22, nan 
95.875, 85.375, 1.95775291200771e-22, nan 
96.125, 85.375, 1.8612472102750848e-22, nan 
96.375, 85.375, 1.6968884164449475e-22, nan 
96.625, 85.375, 1.7505883914747676e-22, nan 
96.875, 85.375, 1.8273591886001883e-22, nan 
97.125, 85.375, 1.8557858365217407e-22, nan 
97.375, 85.375, 1.958271022195016e-22, nan 
97.625, 85.375, 2.0748713517991506e-22, nan 
97.875, 85.375, 2.2593945805481923e-22, nan 
98.125, 85.375, 2.3505353821554104e-22, nan 
98.375, 85.375, 2.3802330334077666e-22, nan 
98.625, 85.375, 2.4088268622164607e-22, nan 
98.875, 85.375, 2.3586323806769316e-22, nan 
99.125, 85.375, 2.4717466281735296e-22, nan 
99.375, 85.375, 2.5895591494343486e-22, nan 
99.625, 85.375, 2.902355434212412e-22, nan 
99.875, 85.375, 2.9163097870653214e-22, nan 
100.125, 85.375, 3.089103142495307e-22, nan 
100.375, 85.375, 3.113432070601159e-22, nan 
100.625, 85.375, 3.146911517340574e-22, nan 
100.875, 85.375, 3.2243452745626604e-22, nan 
101.125, 85.375, 3.1524680452077817e-22, nan 
101.375, 85.375, 3.1960124269994656e-22, nan 
101.625, 85.375, 3.149371207816045e-22, nan 
101.875, 85.375, 3.346867246174795e-22, nan 
102.125, 85.375, 3.8404969167363924e-22, nan 
102.375, 85.375, 4.034023839677432e-22, nan 
102.625, 85.375, 4.1067925566400477e-22, nan 
102.875, 85.375, 4.117538446176091e-22, nan 
103.125, 85.375, 4.217093449200434e-22, nan 
103.375, 85.375, 4.597985411518365e-22, nan 
103.625, 85.375, 4.711519419245878e-22, nan 
103.875, 85.375, 4.749775666071091e-22, nan 
104.125, 85.375, 4.937105438876597e-22, nan 
104.375, 85.375, 5.115136259706122e-22, nan 
104.625, 85.375, 5.132828535508542e-22, nan 
104.875, 85.375, 4.790904220487347e-22, nan 
105.125, 85.375, 4.1002567463511134e-22, nan 
105.375, 85.375, 3.2438756460430124e-22, nan 
105.625, 85.375, 2.966549027287417e-22, nan 
105.875, 85.375, 3.045149640898011e-22, nan 
106.125, 85.375, 3.1739823270807e-22, nan 
106.375, 85.375, 3.190669851786492e-22, nan 
106.625, 85.375, 3.838428116359879e-22, nan 
106.875, 85.375, 4.072510926436461e-22, nan 
107.125, 85.375, 4.2053173196745917e-22, nan 
107.375, 85.375, 4.388664396732344e-22, nan 
107.625, 85.375, 4.453579040042157e-22, nan 
107.875, 85.375, 4.667786020755883e-22, nan 
108.125, 85.375, 4.951676719539721e-22, nan 
108.375, 85.375, 5.444835126090293e-22, nan 
108.625, 85.375, 5.806381037513435e-22, nan 
108.875, 85.375, 6.028708876874536e-22, nan 
109.125, 85.375, 7.077950925578391e-22, nan 
109.375, 85.375, 9.066475739011455e-22, nan 
109.625, 85.375, 1.1837917041167852e-21, nan 
109.875, 85.375, 1.4227051955711402e-21, nan 
110.125, 85.375, 1.6984334391994894e-21, nan 
110.375, 85.375, 1.841566084652893e-21, nan 
110.625, 85.375, 2.0170474139503242e-21, nan 
110.875, 85.375, 2.1784899317744392e-21, nan 
111.125, 85.375, 2.0335009163641474e-21, nan 
111.375, 85.375, 1.6761621239066337e-21, nan 
111.625, 85.375, 1.527726049701011e-21, nan 
111.875, 85.375, 1.2184030548644601e-21, nan 
112.125, 85.375, 1.0714832986819268e-21, nan 
112.375, 85.375, 9.600472069321928e-22, nan 
112.625, 85.375, 1.143661724876514e-21, nan 
112.875, 85.375, 1.5358266698460664e-21, nan 
113.125, 85.375, 2.01464600109999e-21, nan 
113.375, 85.375, 2.5406107662102725e-21, nan 
113.625, 85.375, 2.928831561296144e-21, nan 
113.875, 85.375, 3.4232973502589596e-21, nan 
114.125, 85.375, 3.839628035928981e-21, nan 
114.375, 85.375, 3.625753879977622e-21, nan 
114.625, 85.375, 3.0224462156947496e-21, nan 
114.875, 85.375, 2.8699614648196156e-21, nan 
115.125, 85.375, 2.5166444521385275e-21, nan 
115.375, 85.375, 2.4016258396152913e-21, nan 
115.625, 85.375, 2.4377579065352755e-21, nan 
115.875, 85.375, 2.4018404312078688e-21, nan 
116.125, 85.375, 2.497042017419896e-21, nan 
116.375, 85.375, 2.581645440630447e-21, nan 
116.625, 85.375, 2.7824903260672566e-21, nan 
116.875, 85.375, 3.1485213394864616e-21, nan 
117.125, 85.375, 3.653205016996439e-21, nan 
117.375, 85.375, 4.0615496894416884e-21, nan 
117.625, 85.375, 4.133051660871725e-21, nan 
117.875, 85.375, 3.9874892408157206e-21, nan 
118.125, 85.375, 3.992104809620194e-21, nan 
118.375, 85.375, 3.944045924827851e-21, nan 
118.625, 85.375, 3.938931717541642e-21, nan 
118.875, 85.375, 3.999216752702266e-21, nan 
119.125, 85.375, 4.025502362658331e-21, nan 
119.375, 85.375, 4.184038229040568e-21, nan 
119.625, 85.375, 4.340296166289138e-21, nan 
119.875, 85.375, 4.2067484305091095e-21, nan 
120.125, 85.375, 4.130700887073194e-21, nan 
120.375, 85.375, 4.2949419908672175e-21, nan 
120.625, 85.375, 4.3810638116197346e-21, nan 
120.875, 85.375, 5.1596013040789575e-21, nan 
121.125, 85.375, 5.544344140510416e-21, nan 
121.375, 85.375, 5.6788210945715894e-21, nan 
121.625, 85.375, 5.784772031489204e-21, nan 
121.875, 85.375, 5.771483171400564e-21, nan 
122.125, 85.375, 5.4474348600294804e-21, nan 
122.375, 85.375, 5.020961425637337e-21, nan 
122.625, 85.375, 4.582433245569445e-21, nan 
122.875, 85.375, 3.9836414175677195e-21, nan 
123.125, 85.375, 3.6481205799126336e-21, nan 
123.375, 85.375, 3.5215274469760684e-21, nan 
123.625, 85.375, 3.947914521213844e-21, nan 
123.875, 85.375, 4.00789865915597e-21, nan 
124.125, 85.375, 4.661076261939748e-21, nan 
124.375, 85.375, 5.4899660276280666e-21, nan 
124.625, 85.375, 5.794608257416805e-21, nan 
124.875, 85.375, 6.038421387673818e-21, nan 
125.125, 85.375, 6.059210196993268e-21, nan 
125.375, 85.375, 5.896374847002583e-21, nan 
125.625, 85.375, 5.682851480431741e-21, nan 
125.875, 85.375, 5.634601980085931e-21, nan 
126.125, 85.375, 5.449972599500672e-21, nan 
126.375, 85.375, 4.943650212601075e-21, nan 
126.625, 85.375, 4.7411764383378815e-21, nan 
126.875, 85.375, 4.29447263623971e-21, nan 
127.125, 85.375, 4.003850553066616e-21, nan 
127.375, 85.375, 3.793367597900365e-21, nan 
127.625, 85.375, 3.697917030574928e-21, nan 
127.875, 85.375, 3.486081360128597e-21, nan 
128.125, 85.375, 3.2912984834082885e-21, nan 
128.375, 85.375, 3.318800376311282e-21, nan 
128.625, 85.375, 3.6192025593234594e-21, nan 
128.875, 85.375, 3.747510534231614e-21, nan 
129.125, 85.375, 4.36155086950812e-21, nan 
129.375, 85.375, 4.713806624492052e-21, nan 
129.625, 85.375, 5.243020762829208e-21, nan 
129.875, 85.375, 5.593995007823043e-21, nan 
130.125, 85.375, 6.1225244077283065e-21, nan 
130.375, 85.375, 6.5537234931883325e-21, nan 
130.625, 85.375, 6.815906788792594e-21, nan 
130.875, 85.375, 6.236466479118504e-21, nan 
131.125, 85.375, 5.0218403581801765e-21, nan 
131.375, 85.375, 4.470377777838321e-21, nan 
131.625, 85.375, 3.902470746038649e-21, nan 
131.875, 85.375, 3.448608895928929e-21, nan 
132.125, 85.375, 4.37433747019156e-21, nan 
132.375, 85.375, 5.090498896767865e-21, nan 
132.625, 85.375, 5.4826010883042005e-21, nan 
132.875, 85.375, 5.83788328714357e-21, nan 
133.125, 85.375, 6.1465289717663724e-21, nan 
133.375, 85.375, 6.450385167432691e-21, nan 
133.625, 85.375, 6.826692588255503e-21, nan 
133.875, 85.375, 7.140990675042864e-21, nan 
134.125, 85.375, 7.505818557611262e-21, nan 
134.375, 85.375, 7.61096008470155e-21, nan 
134.625, 85.375, 7.601272462193262e-21, nan 
134.875, 85.375, 8.215414378247251e-21, nan 
135.125, 85.375, 8.419908082680534e-21, nan 
135.375, 85.375, 8.116342785286631e-21, nan 
135.625, 85.375, 7.93281944344608e-21, nan 
135.875, 85.375, 7.757589019860774e-21, nan 
136.125, 85.375, 7.836064946303566e-21, nan 
136.375, 85.375, 7.505353866166354e-21, nan 
136.625, 85.375, 7.30646629209936e-21, nan 
136.875, 85.375, 7.122669339722764e-21, nan 
137.125, 85.375, 6.833980362144683e-21, nan 
137.375, 85.375, 6.230427979001722e-21, nan 
137.625, 85.375, 6.162800272287329e-21, nan 
137.875, 85.375, 6.1904904630480535e-21, nan 
138.125, 85.375, 7.065714700088752e-21, nan 
138.375, 85.375, 8.205290277708365e-21, nan 
138.625, 85.375, 8.732443965243368e-21, nan 
138.875, 85.375, 9.346244638608232e-21, nan 
139.125, 85.375, 9.31602342606055e-21, nan 
139.375, 85.375, 9.446294706898117e-21, nan 
139.625, 85.375, 9.262917715710537e-21, nan 
139.875, 85.375, 9.26806544653927e-21, nan 
140.125, 85.375, 9.161752893745056e-21, nan 
140.375, 85.375, 9.115566461447387e-21, nan 
140.625, 85.375, 8.982307512453463e-21, nan 
140.875, 85.375, 8.787080698527834e-21, nan 
141.125, 85.375, 8.749999727377158e-21, nan 
141.375, 85.375, 9.01430464322901e-21, nan 
141.625, 85.375, 9.542965781476907e-21, nan 
141.875, 85.375, 9.418964180658339e-21, nan 
142.125, 85.375, 8.507384081135438e-21, nan 
142.375, 85.375, 7.681223311779325e-21, nan 
142.625, 85.375, 6.717904777929474e-21, nan 
142.875, 85.375, 6.150910584242624e-21, nan 
143.125, 85.375, 5.2989959389249645e-21, nan 
143.375, 85.375, 5.016354292810407e-21, nan 
143.625, 85.375, 5.241284845480158e-21, nan 
143.875, 85.375, 5.623632253076264e-21, nan 
144.125, 85.375, 7.274608211403496e-21, nan 
144.375, 85.375, 9.66039630031951e-21, nan 
144.625, 85.375, 1.13965116898273e-20, nan 
144.875, 85.375, 1.2897340097361276e-20, nan 
145.125, 85.375, 1.3381248964826456e-20, nan 
145.375, 85.375, 1.333996304058846e-20, nan 
145.625, 85.375, 1.3688121592768293e-20, nan 
145.875, 85.375, 1.3923504722334176e-20, nan 
146.125, 85.375, 1.414809163399967e-20, nan 
146.375, 85.375, 1.45707688208679e-20, nan 
146.625, 85.375, 1.4799905537193546e-20, nan 
146.875, 85.375, 1.48617601256688e-20, nan 
147.125, 85.375, 1.3803456654852708e-20, nan 
147.375, 85.375, 1.350441135223546e-20, nan 
147.625, 85.375, 1.3094188839951307e-20, nan 
147.875, 85.375, 1.154609809913468e-20, nan 
148.125, 85.375, 1.0961933243779986e-20, nan 
148.375, 85.375, 1.163199663121304e-20, nan 
148.625, 85.375, 1.002869474312348e-20, nan 
148.875, 85.375, 9.20830479209659e-21, nan 
149.125, 85.375, 9.86662295306704e-21, nan 
149.375, 85.375, 8.555230248914348e-21, nan 
149.625, 85.375, 9.78302764316449e-21, nan 
149.875, 85.375, 8.874482614926095e-21, nan 
150.125, 85.375, 1.0235967821211744e-20, nan 
150.375, 85.375, 1.0507944415812193e-20, nan 
150.625, 85.375, 1.0171783436588058e-20, nan 
150.875, 85.375, 8.804678904255069e-21, nan 
151.125, 85.375, 7.74820862943915e-21, nan 
151.375, 85.375, 6.816133490865855e-21, nan 
151.625, 85.375, 6.242761057714866e-21, nan 
151.875, 85.375, 5.284342364189336e-21, nan 
152.125, 85.375, 5.0285173577124705e-21, nan 
152.375, 85.375, 5.775198964200739e-21, nan 
152.625, 85.375, 7.163562382126851e-21, nan 
152.875, 85.375, 1.0501114916138433e-20, nan 
153.125, 85.375, 1.2723840875718235e-20, nan 
153.375, 85.375, 1.4289674679248933e-20, nan 
153.625, 85.375, 1.5119026696167503e-20, nan 
153.875, 85.375, 1.5883893051068934e-20, nan 
154.125, 85.375, 1.5167735928085664e-20, nan 
154.375, 85.375, 1.518718244664149e-20, nan 
154.625, 85.375, 1.501301790285994e-20, nan 
154.875, 85.375, 1.639304456468033e-20, nan 
155.125, 85.375, 1.6906759206501672e-20, nan 
155.375, 85.375, 1.755366347385217e-20, nan 
155.625, 85.375, 1.8038088321098926e-20, nan 
155.875, 85.375, 1.8525893363908283e-20, nan 
156.125, 85.375, 1.8906456528558337e-20, nan 
156.375, 85.375, 2.0614550057940744e-20, nan 
156.625, 85.375, 2.121898439739856e-20, nan 
156.875, 85.375, 2.1070864091339298e-20, nan 
157.125, 85.375, 2.004131780736809e-20, nan 
157.375, 85.375, 2.0096943251609258e-20, nan 
157.625, 85.375, 1.840617187873806e-20, nan 
157.875, 85.375, 1.8141268019012743e-20, nan 
158.125, 85.375, 1.9771460715046982e-20, nan 
158.375, 85.375, 2.2236425765463994e-20, nan 
158.625, 85.375, 2.4136539218445717e-20, nan 
158.875, 85.375, 2.4281513062053505e-20, nan 
159.125, 85.375, 2.63947118053234e-20, nan 
159.375, 85.375, 2.7871900069585964e-20, nan 
159.625, 85.375, 2.8544845526606955e-20, nan 
159.875, 85.375, 3.006792501376363e-20, nan 
160.125, 85.375, 3.092115565286605e-20, nan 
160.375, 85.375, 2.826292581584076e-20, nan 
160.625, 85.375, 2.7758916484065777e-20, nan 
160.875, 85.375, 2.5033226928472787e-20, nan 
161.125, 85.375, 2.4201483244219523e-20, nan 
161.375, 85.375, 2.277322365153896e-20, nan 
161.625, 85.375, 2.17810579123617e-20, nan 
161.875, 85.375, 2.0926532056313518e-20, nan 
162.125, 85.375, 2.0984260148979463e-20, nan 
162.375, 85.375, 2.0765044979849205e-20, nan 
162.625, 85.375, 2.0229986163472007e-20, nan 
162.875, 85.375, 2.0017469692197765e-20, nan 
163.125, 85.375, 2.0078788938863232e-20, nan 
163.375, 85.375, 1.996660707241244e-20, nan 
163.625, 85.375, 1.9825629722134678e-20, nan 
163.875, 85.375, 1.909696944178036e-20, nan 
164.125, 85.375, 1.9595619186099516e-20, nan 
164.375, 85.375, 1.8984988049307777e-20, nan 
164.625, 85.375, 1.825831214137762e-20, nan 
164.875, 85.375, 1.8520969967877606e-20, nan 
165.125, 85.375, 1.9267818082080704e-20, nan 
165.375, 85.375, 1.9413114503761346e-20, nan 
165.625, 85.375, 1.9026830049693552e-20, nan 
165.875, 85.375, 1.8705671257385735e-20, nan 
166.125, 85.375, 1.8377853552613402e-20, nan 
166.375, 85.375, 1.845720767843449e-20, nan 
166.625, 85.375, 1.82068259541583e-20, nan 
166.875, 85.375, 1.7541488265779196e-20, nan 
167.125, 85.375, 1.6353913006758707e-20, nan 
167.375, 85.375, 1.367684125748837e-20, nan 
167.625, 85.375, 1.3708821336483017e-20, nan 
167.875, 85.375, 1.4337859603610595e-20, nan 
168.125, 85.375, 1.3466695935713023e-20, nan 
168.375, 85.375, 1.2100481701314374e-20, nan 
168.625, 85.375, 1.2220399171331146e-20, nan 
168.875, 85.375, 1.205539357331305e-20, nan 
169.125, 85.375, 1.193091330660535e-20, nan 
169.375, 85.375, 1.1548867389946909e-20, nan 
169.625, 85.375, 1.1413126317244939e-20, nan 
169.875, 85.375, 1.1772257283425646e-20, nan 
170.125, 85.375, 1.291133116814078e-20, nan 
170.375, 85.375, 1.4446934130566346e-20, nan 
170.625, 85.375, 1.538957367443918e-20, nan 
170.875, 85.375, 1.9784368208265312e-20, nan 
171.125, 85.375, 2.3229632017656075e-20, nan 
171.375, 85.375, 2.429464122132287e-20, nan 
171.625, 85.375, 2.3652850833307258e-20, nan 
171.875, 85.375, 2.456329766041432e-20, nan 
172.125, 85.375, 2.6259064316699095e-20, nan 
172.375, 85.375, 2.6112921278922984e-20, nan 
172.625, 85.375, 2.0264193130626137e-20, nan 
172.875, 85.375, 1.6456580091838265e-20, nan 
173.125, 85.375, 1.4770755372312452e-20, nan 
173.375, 85.375, 1.4725191159838583e-20, nan 
173.625, 85.375, 1.6539988399015734e-20, nan 
173.875, 85.375, 2.0357131928453168e-20, nan 
174.125, 85.375, 2.4683526200902358e-20, nan 
174.375, 85.375, 2.7329795035188775e-20, nan 
174.625, 85.375, 2.8354072141725964e-20, nan 
174.875, 85.375, 2.808388396369305e-20, nan 
175.125, 85.375, 2.7715282253582433e-20, nan 
175.375, 85.375, 2.6700935059857944e-20, nan 
175.625, 85.375, 2.2910912331723053e-20, nan 
175.875, 85.375, 1.2922269299012618e-20, nan 
176.125, 85.375, 8.910336294199023e-21, nan 
176.375, 85.375, 7.617408783849536e-21, nan 
176.625, 85.375, 6.459191904735529e-21, nan 
176.875, 85.375, 8.184517714423898e-21, nan 
177.125, 85.375, 8.963459519773264e-21, nan 
177.375, 85.375, 9.939144252409225e-21, nan 
177.625, 85.375, 1.062713200501066e-20, nan 
177.875, 85.375, 1.1101212086822946e-20, nan 
178.125, 85.375, 1.1309539661092685e-20, nan 
178.375, 85.375, 1.1549369070083602e-20, nan 
178.625, 85.375, 1.1730278421919051e-20, nan 
178.875, 85.375, 1.1165555890937211e-20, nan 
179.125, 85.375, 9.610978881071886e-21, nan 
179.375, 85.375, 1.0420645223823185e-20, nan 
179.625, 85.375, 1.2580584836989995e-20, nan 
179.875, 85.375, 1.359687953241392e-20, nan 
-179.875, 85.625, 3.8987262757898016e-20, nan 
-179.625, 85.625, 3.9044555233513105e-20, nan 
-179.375, 85.625, 3.767849184502113e-20, nan 
-179.125, 85.625, 3.3483372739504284e-20, nan 
-178.875, 85.625, 2.357761321212631e-20, nan 
-178.625, 85.625, 2.1838976939105382e-20, nan 
-178.375, 85.625, 1.998061834538873e-20, nan 
-178.125, 85.625, 1.9002442173731324e-20, nan 
-177.875, 85.625, 2.060274182203489e-20, nan 
-177.625, 85.625, 2.4211854206615117e-20, nan 
-177.375, 85.625, 2.920187344375115e-20, nan 
-177.125, 85.625, 3.3595675638011085e-20, nan 
-176.875, 85.625, 3.4903357439294685e-20, nan 
-176.625, 85.625, 3.464002659918116e-20, nan 
-176.375, 85.625, 3.46967374760904e-20, nan 
-176.125, 85.625, 3.3900560915651356e-20, nan 
-175.875, 85.625, 3.1689022768384254e-20, nan 
-175.625, 85.625, 2.5790938339499143e-20, nan 
-175.375, 85.625, 2.5628256890929928e-20, nan 
-175.125, 85.625, 2.3646477538334095e-20, nan 
-174.875, 85.625, 2.213946098643889e-20, nan 
-174.625, 85.625, 2.0243124225097325e-20, nan 
-174.375, 85.625, 1.5374169239513095e-20, nan 
-174.125, 85.625, 1.0989312596679519e-20, nan 
-173.875, 85.625, 1.05871209646467e-20, nan 
-173.625, 85.625, 1.0218700492438721e-20, nan 
-173.375, 85.625, 8.773694261253736e-21, nan 
-173.125, 85.625, 7.88923705717465e-21, nan 
-172.875, 85.625, 6.379367580428533e-21, nan 
-172.625, 85.625, 4.580109228971447e-21, nan 
-172.375, 85.625, 2.9850823980390173e-21, nan 
-172.125, 85.625, 2.000264338799224e-21, nan 
-171.875, 85.625, 1.6776631408231965e-21, nan 
-171.625, 85.625, 1.6984973804009153e-21, nan 
-171.375, 85.625, 1.6121496896674928e-21, nan 
-171.125, 85.625, 1.6311992204539409e-21, nan 
-170.875, 85.625, 1.8583391872505195e-21, nan 
-170.625, 85.625, 2.0141912029307676e-21, nan 
-170.375, 85.625, 2.0512031313588194e-21, nan 
-170.125, 85.625, 1.91597955094196e-21, nan 
-169.875, 85.625, 1.947371589448637e-21, nan 
-169.625, 85.625, 2.390495641926948e-21, nan 
-169.375, 85.625, 2.451300255791101e-21, nan 
-169.125, 85.625, 2.46581810671633e-21, nan 
-168.875, 85.625, 2.6527453980631e-21, nan 
-168.625, 85.625, 2.7428608796620263e-21, nan 
-168.375, 85.625, 2.5257106505247624e-21, nan 
-168.125, 85.625, 2.4355994135636414e-21, nan 
-167.875, 85.625, 2.5284696768093716e-21, nan 
-167.625, 85.625, 2.7638240711262492e-21, nan 
-167.375, 85.625, 3.167409192612952e-21, nan 
-167.125, 85.625, 3.527362269215656e-21, nan 
-166.875, 85.625, 3.9309017517343274e-21, nan 
-166.625, 85.625, 4.074140417788615e-21, nan 
-166.375, 85.625, 4.5426453505554595e-21, nan 
-166.125, 85.625, 4.492782194487525e-21, nan 
-165.875, 85.625, 4.143500180952894e-21, nan 
-165.625, 85.625, 4.055418560724798e-21, nan 
-165.375, 85.625, 3.838664774331301e-21, nan 
-165.125, 85.625, 3.8031315716990934e-21, nan 
-164.875, 85.625, 3.63611846970114e-21, nan 
-164.625, 85.625, 3.1554587021353792e-21, nan 
-164.375, 85.625, 3.0934322791574536e-21, nan 
-164.125, 85.625, 3.464357913164891e-21, nan 
-163.875, 85.625, 3.605185472733919e-21, nan 
-163.625, 85.625, 3.790128748512567e-21, nan 
-163.375, 85.625, 4.220673285462582e-21, nan 
-163.125, 85.625, 6.0466161751466444e-21, nan 
-162.875, 85.625, 6.937108736724314e-21, nan 
-162.625, 85.625, 6.983976708110047e-21, nan 
-162.375, 85.625, 7.120493958754433e-21, nan 
-162.125, 85.625, 7.36111312694381e-21, nan 
-161.875, 85.625, 8.276340731244551e-21, nan 
-161.625, 85.625, 8.364371503840477e-21, nan 
-161.375, 85.625, 8.450660331725572e-21, nan 
-161.125, 85.625, 8.76547935846473e-21, nan 
-160.875, 85.625, 8.827906201029826e-21, nan 
-160.625, 85.625, 8.287988964168673e-21, nan 
-160.375, 85.625, 7.872098271924072e-21, nan 
-160.125, 85.625, 7.851581632958742e-21, nan 
-159.875, 85.625, 8.06412471882825e-21, nan 
-159.625, 85.625, 7.95137979302776e-21, nan 
-159.375, 85.625, 7.092226275691879e-21, nan 
-159.125, 85.625, 6.0232913837814994e-21, nan 
-158.875, 85.625, 5.571671039417615e-21, nan 
-158.625, 85.625, 6.500062026035949e-21, nan 
-158.375, 85.625, 6.945739879725463e-21, nan 
-158.125, 85.625, 7.27716031987162e-21, nan 
-157.875, 85.625, 7.506916823215826e-21, nan 
-157.625, 85.625, 7.541404525407876e-21, nan 
-157.375, 85.625, 7.193149476744163e-21, nan 
-157.125, 85.625, 6.523117583364488e-21, nan 
-156.875, 85.625, 6.795403201718206e-21, nan 
-156.625, 85.625, 7.358504092505272e-21, nan 
-156.375, 85.625, 7.435620379718757e-21, nan 
-156.125, 85.625, 7.329429707656696e-21, nan 
-155.875, 85.625, 7.173351611184074e-21, nan 
-155.625, 85.625, 6.547794115217723e-21, nan 
-155.375, 85.625, 6.240986800037334e-21, nan 
-155.125, 85.625, 6.025911026422864e-21, nan 
-154.875, 85.625, 5.906065566110376e-21, nan 
-154.625, 85.625, 5.6313574311401636e-21, nan 
-154.375, 85.625, 5.487244627019081e-21, nan 
-154.125, 85.625, 5.3656736699002165e-21, nan 
-153.875, 85.625, 5.332078700676933e-21, nan 
-153.625, 85.625, 4.8304691061432965e-21, nan 
-153.375, 85.625, 4.576926828819183e-21, nan 
-153.125, 85.625, 3.215291970622898e-21, nan 
-152.875, 85.625, 2.4190385187902387e-21, nan 
-152.625, 85.625, 1.459748693762714e-21, nan 
-152.375, 85.625, 1.3655154669859464e-21, nan 
-152.125, 85.625, 1.325983599343614e-21, nan 
-151.875, 85.625, 1.245524630618172e-21, nan 
-151.625, 85.625, 1.1478698933677617e-21, nan 
-151.375, 85.625, 1.1511262292036994e-21, nan 
-151.125, 85.625, 1.2158974343861275e-21, nan 
-150.875, 85.625, 1.2178435978404278e-21, nan 
-150.625, 85.625, 1.2638518032159734e-21, nan 
-150.375, 85.625, 1.4211712877619054e-21, nan 
-150.125, 85.625, 8.165389726883381e-22, nan 
-149.875, 85.625, 3.910456958721993e-22, nan 
-149.625, 85.625, 3.297402622484036e-22, nan 
-149.375, 85.625, 3.170494289724941e-22, nan 
-149.125, 85.625, 2.7966779728910205e-22, nan 
-148.875, 85.625, 2.8583087100629245e-22, nan 
-148.625, 85.625, 2.638641375677572e-22, nan 
-148.375, 85.625, 2.1003075408297477e-22, nan 
-148.125, 85.625, 1.8323535005814962e-22, nan 
-147.875, 85.625, 1.451461958903842e-22, nan 
-147.625, 85.625, 1.3018177484862276e-22, nan 
-147.375, 85.625, 2.2836354087908003e-22, nan 
-147.125, 85.625, 7.397867515212102e-22, nan 
-146.875, 85.625, 1.0895120612613494e-21, nan 
-146.625, 85.625, 1.2687103236623771e-21, nan 
-146.375, 85.625, 1.3248980161266185e-21, nan 
-146.125, 85.625, 1.4046141284207023e-21, nan 
-145.875, 85.625, 1.4430431786278339e-21, nan 
-145.625, 85.625, 1.4137626889412051e-21, nan 
-145.375, 85.625, 1.4526308417292518e-21, nan 
-145.125, 85.625, 1.3912474642713064e-21, nan 
-144.875, 85.625, 1.2897123716497724e-21, nan 
-144.625, 85.625, 1.1906039589560076e-21, nan 
-144.375, 85.625, 1.1814421820579941e-21, nan 
-144.125, 85.625, 1.181229289197481e-21, nan 
-143.875, 85.625, 1.2206405757721482e-21, nan 
-143.625, 85.625, 1.2097951238001885e-21, nan 
-143.375, 85.625, 1.1533252984577803e-21, nan 
-143.125, 85.625, 8.738441110971347e-22, nan 
-142.875, 85.625, 8.67122884540148e-22, nan 
-142.625, 85.625, 9.77040908863791e-22, nan 
-142.375, 85.625, 1.002665707228002e-21, nan 
-142.125, 85.625, 1.1802566757806247e-21, nan 
-141.875, 85.625, 1.2670760190051432e-21, nan 
-141.625, 85.625, 1.232830873598974e-21, nan 
-141.375, 85.625, 1.1685862625086455e-21, nan 
-141.125, 85.625, 1.1250891819591209e-21, nan 
-140.875, 85.625, 1.0669586932457663e-21, nan 
-140.625, 85.625, 1.0316557037467369e-21, nan 
-140.375, 85.625, 9.788541232530397e-22, nan 
-140.125, 85.625, 9.250304076713171e-22, nan 
-139.875, 85.625, 7.954943989123559e-22, nan 
-139.625, 85.625, 7.0612082041109645e-22, nan 
-139.375, 85.625, 7.549916302453588e-22, nan 
-139.125, 85.625, 8.668907784573262e-22, nan 
-138.875, 85.625, 1.122390295436937e-21, nan 
-138.625, 85.625, 1.529450716131045e-21, nan 
-138.375, 85.625, 1.8415925030259416e-21, nan 
-138.125, 85.625, 2.1444940463591313e-21, nan 
-137.875, 85.625, 2.4795621446618515e-21, nan 
-137.625, 85.625, 2.753780667940578e-21, nan 
-137.375, 85.625, 3.0368033109680126e-21, nan 
-137.125, 85.625, 3.111285650263852e-21, nan 
-136.875, 85.625, 2.4273814652901166e-21, nan 
-136.625, 85.625, 1.6697524434735072e-21, nan 
-136.375, 85.625, 1.3574802544578424e-21, nan 
-136.125, 85.625, 1.0964558734467492e-21, nan 
-135.875, 85.625, 8.618981335075887e-22, nan 
-135.625, 85.625, 8.059001269333703e-22, nan 
-135.375, 85.625, 8.339223589974388e-22, nan 
-135.125, 85.625, 8.23353191326768e-22, nan 
-134.875, 85.625, 8.165664497123453e-22, nan 
-134.625, 85.625, 8.305499090090944e-22, nan 
-134.375, 85.625, 7.67351842290086e-22, nan 
-134.125, 85.625, 7.250591846934752e-22, nan 
-133.875, 85.625, 7.542596089365121e-22, nan 
-133.625, 85.625, 9.052265000787714e-22, nan 
-133.375, 85.625, 1.0613874756556548e-21, nan 
-133.125, 85.625, 1.0760872571457422e-21, nan 
-132.875, 85.625, 1.099135884567075e-21, nan 
-132.625, 85.625, 1.1360696430901165e-21, nan 
-132.375, 85.625, 1.1059530074973516e-21, nan 
-132.125, 85.625, 1.052427794902349e-21, nan 
-131.875, 85.625, 1.0254932181424947e-21, nan 
-131.625, 85.625, 9.937811535669584e-22, nan 
-131.375, 85.625, 9.715605068671353e-22, nan 
-131.125, 85.625, 8.810699520537522e-22, nan 
-130.875, 85.625, 7.997861414808234e-22, nan 
-130.625, 85.625, 8.554190344628696e-22, nan 
-130.375, 85.625, 9.534274727151204e-22, nan 
-130.125, 85.625, 9.468600051135282e-22, nan 
-129.875, 85.625, 8.810406857788621e-22, nan 
-129.625, 85.625, 8.331522621877906e-22, nan 
-129.375, 85.625, 9.027173007599245e-22, nan 
-129.125, 85.625, 9.95680088602052e-22, nan 
-128.875, 85.625, 1.1139975976727667e-21, nan 
-128.625, 85.625, 1.318577788987594e-21, nan 
-128.375, 85.625, 1.468970937106931e-21, nan 
-128.125, 85.625, 1.3509316726027505e-21, nan 
-127.875, 85.625, 1.1980164489811815e-21, nan 
-127.625, 85.625, 9.355862820213236e-22, nan 
-127.375, 85.625, 7.92305055638271e-22, nan 
-127.125, 85.625, 8.669289321928525e-22, nan 
-126.875, 85.625, 8.754378313070591e-22, nan 
-126.625, 85.625, 8.242044422055732e-22, nan 
-126.375, 85.625, 7.838857255491039e-22, nan 
-126.125, 85.625, 9.82844352403004e-22, nan 
-125.875, 85.625, 1.0340093677681916e-21, nan 
-125.625, 85.625, 1.1375433190986468e-21, nan 
-125.375, 85.625, 1.09585854971291e-21, nan 
-125.125, 85.625, 1.1407648961143414e-21, nan 
-124.875, 85.625, 1.2761076534502248e-21, nan 
-124.625, 85.625, 1.486653773555341e-21, nan 
-124.375, 85.625, 1.6509379307049797e-21, nan 
-124.125, 85.625, 1.707017664049763e-21, nan 
-123.875, 85.625, 1.76670516806905e-21, nan 
-123.625, 85.625, 1.7411867282089958e-21, nan 
-123.375, 85.625, 1.7047814727809426e-21, nan 
-123.125, 85.625, 1.6365036971998756e-21, nan 
-122.875, 85.625, 1.5466326014804821e-21, nan 
-122.625, 85.625, 1.56237689480926e-21, nan 
-122.375, 85.625, 1.6510994297062633e-21, nan 
-122.125, 85.625, 1.714361752083973e-21, nan 
-121.875, 85.625, 1.7522189961845417e-21, nan 
-121.625, 85.625, 1.8058664561135103e-21, nan 
-121.375, 85.625, 1.8833369041356257e-21, nan 
-121.125, 85.625, 1.852027839766387e-21, nan 
-120.875, 85.625, 1.5928235204744842e-21, nan 
-120.625, 85.625, 1.3050610463661775e-21, nan 
-120.375, 85.625, 1.1693915732228258e-21, nan 
-120.125, 85.625, 1.0893530267094775e-21, nan 
-119.875, 85.625, 1.018967376706503e-21, nan 
-119.625, 85.625, 8.205931572953953e-22, nan 
-119.375, 85.625, 6.830603173063848e-22, nan 
-119.125, 85.625, 5.423846909057165e-22, nan 
-118.875, 85.625, 4.290318086397815e-22, nan 
-118.625, 85.625, 3.7822041420652546e-22, nan 
-118.375, 85.625, 3.5522191955304425e-22, nan 
-118.125, 85.625, 3.408535797246911e-22, nan 
-117.875, 85.625, 3.766063744446686e-22, nan 
-117.625, 85.625, 4.1931599259986327e-22, nan 
-117.375, 85.625, 4.508862718714304e-22, nan 
-117.125, 85.625, 4.732124990224533e-22, nan 
-116.875, 85.625, 4.709658751187342e-22, nan 
-116.625, 85.625, 4.513815992642842e-22, nan 
-116.375, 85.625, 4.463026898257844e-22, nan 
-116.125, 85.625, 4.293075905951057e-22, nan 
-115.875, 85.625, 4.2051067464779913e-22, nan 
-115.625, 85.625, 4.425777820521249e-22, nan 
-115.375, 85.625, 4.644493741454331e-22, nan 
-115.125, 85.625, 4.810192129913807e-22, nan 
-114.875, 85.625, 5.073518588795458e-22, nan 
-114.625, 85.625, 5.57667920334146e-22, nan 
-114.375, 85.625, 6.440826678058832e-22, nan 
-114.125, 85.625, 7.123573433230952e-22, nan 
-113.875, 85.625, 6.649223660566308e-22, nan 
-113.625, 85.625, 6.160493850871288e-22, nan 
-113.375, 85.625, 5.679881045102814e-22, nan 
-113.125, 85.625, 4.98111720549499e-22, nan 
-112.875, 85.625, 4.167122683015219e-22, nan 
-112.625, 85.625, 3.2236929273443443e-22, nan 
-112.375, 85.625, 2.74805886773943e-22, nan 
-112.125, 85.625, 2.3275194815601324e-22, nan 
-111.875, 85.625, 2.158753128334935e-22, nan 
-111.625, 85.625, 2.0914260979261605e-22, nan 
-111.375, 85.625, 2.089066896974818e-22, nan 
-111.125, 85.625, 2.3430578037480704e-22, nan 
-110.875, 85.625, 2.721755160465469e-22, nan 
-110.625, 85.625, 2.8791145016365066e-22, nan 
-110.375, 85.625, 2.7923224936936735e-22, nan 
-110.125, 85.625, 2.650408250229549e-22, nan 
-109.875, 85.625, 2.5085813400821973e-22, nan 
-109.625, 85.625, 2.419112146351232e-22, nan 
-109.375, 85.625, 2.3302212067850222e-22, nan 
-109.125, 85.625, 2.5847232504682688e-22, nan 
-108.875, 85.625, 2.7722067652756993e-22, nan 
-108.625, 85.625, 2.9026106512415627e-22, nan 
-108.375, 85.625, 2.873785213122324e-22, nan 
-108.125, 85.625, 2.520465100966802e-22, nan 
-107.875, 85.625, 2.385999759358857e-22, nan 
-107.625, 85.625, 2.801681237985029e-22, nan 
-107.375, 85.625, 3.109894178102046e-22, nan 
-107.125, 85.625, 3.494045964953389e-22, nan 
-106.875, 85.625, 3.552201578773127e-22, nan 
-106.625, 85.625, 3.6445883938450814e-22, nan 
-106.375, 85.625, 3.6887402938793105e-22, nan 
-106.125, 85.625, 4.392805310850324e-22, nan 
-105.875, 85.625, 5.054014618734075e-22, nan 
-105.625, 85.625, 5.297294202873237e-22, nan 
-105.375, 85.625, 5.284189167390255e-22, nan 
-105.125, 85.625, 5.33728562766559e-22, nan 
-104.875, 85.625, 5.063037167555973e-22, nan 
-104.625, 85.625, 4.706992417322924e-22, nan 
-104.375, 85.625, 5.050169017100282e-22, nan 
-104.125, 85.625, 5.475248818876089e-22, nan 
-103.875, 85.625, 6.072944544815741e-22, nan 
-103.625, 85.625, 6.180473111454177e-22, nan 
-103.375, 85.625, 6.081241050489507e-22, nan 
-103.125, 85.625, 5.658562214691854e-22, nan 
-102.875, 85.625, 5.265443225690768e-22, nan 
-102.625, 85.625, 4.891867112693081e-22, nan 
-102.375, 85.625, 4.719921288782399e-22, nan 
-102.125, 85.625, 4.534354122697739e-22, nan 
-101.875, 85.625, 4.521542663533795e-22, nan 
-101.625, 85.625, 4.373110977730423e-22, nan 
-101.375, 85.625, 4.2192317329346803e-22, nan 
-101.125, 85.625, 4.040670569077241e-22, nan 
-100.875, 85.625, 3.9431745952093265e-22, nan 
-100.625, 85.625, 3.689649539193266e-22, nan 
-100.375, 85.625, 3.1508184994924296e-22, nan 
-100.125, 85.625, 3.0102546018937586e-22, nan 
-99.875, 85.625, 2.6955578066188215e-22, nan 
-99.625, 85.625, 2.3259356955719008e-22, nan 
-99.375, 85.625, 2.270254922562006e-22, nan 
-99.125, 85.625, 2.5116907711628134e-22, nan 
-98.875, 85.625, 3.060922101760896e-22, nan 
-98.625, 85.625, 3.636714790551699e-22, nan 
-98.375, 85.625, 3.6986967167447823e-22, nan 
-98.125, 85.625, 3.3671045368290148e-22, nan 
-97.875, 85.625, 2.723610350838158e-22, nan 
-97.625, 85.625, 1.5957554585174149e-22, nan 
-97.375, 85.625, 1.6945534432672922e-22, nan 
-97.125, 85.625, 2.3064025315751032e-22, nan 
-96.875, 85.625, 2.537992285942135e-22, nan 
-96.625, 85.625, 2.8633459798160326e-22, nan 
-96.375, 85.625, 3.267968674627257e-22, nan 
-96.125, 85.625, 4.011785151316062e-22, nan 
-95.875, 85.625, 4.383525695366765e-22, nan 
-95.625, 85.625, 4.698372473397075e-22, nan 
-95.375, 85.625, 4.742591984058617e-22, nan 
-95.125, 85.625, 4.9060420927215535e-22, nan 
-94.875, 85.625, 4.874891769670689e-22, nan 
-94.625, 85.625, 4.811244308060171e-22, nan 
-94.375, 85.625, 4.611282169899411e-22, nan 
-94.125, 85.625, 4.3681514297986685e-22, nan 
-93.875, 85.625, 4.572014292898294e-22, nan 
-93.625, 85.625, 4.414789399472628e-22, nan 
-93.375, 85.625, 4.437734658555541e-22, nan 
-93.125, 85.625, 4.0283021438428414e-22, nan 
-92.875, 85.625, 3.912082034822634e-22, nan 
-92.625, 85.625, 4.2043059370470685e-22, nan 
-92.375, 85.625, 4.683224581216947e-22, nan 
-92.125, 85.625, 4.996966655586911e-22, nan 
-91.875, 85.625, 5.020059795773967e-22, nan 
-91.625, 85.625, 4.419213763114188e-22, nan 
-91.375, 85.625, 3.62043245806016e-22, nan 
-91.125, 85.625, 3.310306545658144e-22, nan 
-90.875, 85.625, 3.3897019091006513e-22, nan 
-90.625, 85.625, 3.575058733620071e-22, nan 
-90.375, 85.625, 3.4447505804609873e-22, nan 
-90.125, 85.625, 3.274116612373938e-22, nan 
-89.875, 85.625, 3.0887895823120487e-22, nan 
-89.625, 85.625, 3.0105910897378486e-22, nan 
-89.375, 85.625, 2.9911793300185963e-22, nan 
-89.125, 85.625, 3.0945612305809182e-22, nan 
-88.875, 85.625, 3.198266676912565e-22, nan 
-88.625, 85.625, 3.21041267204132e-22, nan 
-88.375, 85.625, 2.8949310400678686e-22, nan 
-88.125, 85.625, 2.556152584361843e-22, nan 
-87.875, 85.625, 2.4911934921000913e-22, nan 
-87.625, 85.625, 2.240389940866569e-22, nan 
-87.375, 85.625, 2.0440100356177492e-22, nan 
-87.125, 85.625, 1.8200539114598058e-22, nan 
-86.875, 85.625, 1.7026801359692739e-22, nan 
-86.625, 85.625, 1.612839519777669e-22, nan 
-86.375, 85.625, 1.4120471460234308e-22, nan 
-86.125, 85.625, 1.324892243914364e-22, nan 
-85.875, 85.625, 1.3341410718933038e-22, nan 
-85.625, 85.625, 1.3185438559700992e-22, nan 
-85.375, 85.625, 1.3008953029936797e-22, nan 
-85.125, 85.625, 1.242686388667319e-22, nan 
-84.875, 85.625, 1.237447818850149e-22, nan 
-84.625, 85.625, 1.3694911566908342e-22, nan 
-84.375, 85.625, 1.5485477853291192e-22, nan 
-84.125, 85.625, 1.6490917285133096e-22, nan 
-83.875, 85.625, 1.7089675489656617e-22, nan 
-83.625, 85.625, 1.9007236201631402e-22, nan 
-83.375, 85.625, 2.0059042866733392e-22, nan 
-83.125, 85.625, 2.0129649969474388e-22, nan 
-82.875, 85.625, 2.1253190840107773e-22, nan 
-82.625, 85.625, 2.279590011827513e-22, nan 
-82.375, 85.625, 2.4150759421198307e-22, nan 
-82.125, 85.625, 2.539320085643552e-22, nan 
-81.875, 85.625, 2.499022075483027e-22, nan 
-81.625, 85.625, 2.514896196593195e-22, nan 
-81.375, 85.625, 2.514395192689449e-22, nan 
-81.125, 85.625, 2.568898266865125e-22, nan 
-80.875, 85.625, 2.5908522753367267e-22, nan 
-80.625, 85.625, 2.503848431946298e-22, nan 
-80.375, 85.625, 2.422947224841794e-22, nan 
-80.125, 85.625, 2.4512903234931667e-22, nan 
-79.875, 85.625, 2.6406003330448426e-22, nan 
-79.625, 85.625, 2.8219132771731237e-22, nan 
-79.375, 85.625, 2.9285627678644895e-22, nan 
-79.125, 85.625, 2.979962055489903e-22, nan 
-78.875, 85.625, 2.9647243037019645e-22, nan 
-78.625, 85.625, 2.711860057569125e-22, nan 
-78.375, 85.625, 2.72738620031484e-22, nan 
-78.125, 85.625, 2.5045097772713255e-22, nan 
-77.875, 85.625, 2.296926295945066e-22, nan 
-77.625, 85.625, 2.354440117314067e-22, nan 
-77.375, 85.625, 2.2141141384031444e-22, nan 
-77.125, 85.625, 1.67413889185765e-22, nan 
-76.875, 85.625, 1.298187444635855e-22, nan 
-76.625, 85.625, 1.1565479642657414e-22, nan 
-76.375, 85.625, 1.140098303603618e-22, nan 
-76.125, 85.625, 1.0091268032999656e-22, nan 
-75.875, 85.625, 8.266369154035642e-23, nan 
-75.625, 85.625, 8.720434205929675e-23, nan 
-75.375, 85.625, 7.33943931182354e-23, nan 
-75.125, 85.625, 7.411784320050783e-23, nan 
-74.875, 85.625, 6.417395392959513e-23, nan 
-74.625, 85.625, 5.433229401095548e-23, nan 
-74.375, 85.625, 6.031295496680319e-23, nan 
-74.125, 85.625, 6.106052230311433e-23, nan 
-73.875, 85.625, 5.0831614921321126e-23, nan 
-73.625, 85.625, 4.8919764068201306e-23, nan 
-73.375, 85.625, 7.28730991875901e-23, nan 
-73.125, 85.625, 9.70734499683311e-23, nan 
-72.875, 85.625, 1.1513706252687483e-22, nan 
-72.625, 85.625, 1.214864138476691e-22, nan 
-72.375, 85.625, 1.3136666405074452e-22, nan 
-72.125, 85.625, 1.3632942369642672e-22, nan 
-71.875, 85.625, 1.398130876023642e-22, nan 
-71.625, 85.625, 2.1664382928463394e-22, nan 
-71.375, 85.625, 4.0895313253700027e-22, nan 
-71.125, 85.625, 4.873170315719572e-22, nan 
-70.875, 85.625, 5.108891399587492e-22, nan 
-70.625, 85.625, 4.768157530965292e-22, nan 
-70.375, 85.625, 4.863759349178092e-22, nan 
-70.125, 85.625, 5.039839173608767e-22, nan 
-69.875, 85.625, 5.329739873977143e-22, nan 
-69.625, 85.625, 5.109035088281573e-22, nan 
-69.375, 85.625, 5.048607498905555e-22, nan 
-69.125, 85.625, 5.524153735231909e-22, nan 
-68.875, 85.625, 5.800729704757942e-22, nan 
-68.625, 85.625, 6.005932339159248e-22, nan 
-68.375, 85.625, 5.766319792584135e-22, nan 
-68.125, 85.625, 5.622970484247002e-22, nan 
-67.875, 85.625, 5.258722956963933e-22, nan 
-67.625, 85.625, 5.261650050513491e-22, nan 
-67.375, 85.625, 4.9389011742095e-22, nan 
-67.125, 85.625, 4.612842985065464e-22, nan 
-66.875, 85.625, 4.1548025454829474e-22, nan 
-66.625, 85.625, 3.982892891137809e-22, nan 
-66.375, 85.625, 3.9918476991958073e-22, nan 
-66.125, 85.625, 4.0402348943115336e-22, nan 
-65.875, 85.625, 4.738732318027654e-22, nan 
-65.625, 85.625, 5.021675057100618e-22, nan 
-65.375, 85.625, 5.343815882414941e-22, nan 
-65.125, 85.625, 5.505706747301682e-22, nan 
-64.875, 85.625, 5.817459357268273e-22, nan 
-64.625, 85.625, 5.572149655644465e-22, nan 
-64.375, 85.625, 5.604773493933684e-22, nan 
-64.125, 85.625, 5.467683425930498e-22, nan 
-63.875, 85.625, 5.186607292097402e-22, nan 
-63.625, 85.625, 4.687455019981513e-22, nan 
-63.375, 85.625, 4.1864864234330115e-22, nan 
-63.125, 85.625, 3.7273344272863916e-22, nan 
-62.875, 85.625, 3.3688292955822596e-22, nan 
-62.625, 85.625, 2.8476597118468085e-22, nan 
-62.375, 85.625, 2.630110420157697e-22, nan 
-62.125, 85.625, 2.5699188113175864e-22, nan 
-61.875, 85.625, 2.474361266145675e-22, nan 
-61.625, 85.625, 1.9921780777735077e-22, nan 
-61.375, 85.625, 1.8808815921689733e-22, nan 
-61.125, 85.625, 1.8124961625678385e-22, nan 
-60.875, 85.625, 1.6572857770494797e-22, nan 
-60.625, 85.625, 1.5186777965537818e-22, nan 
-60.375, 85.625, 1.281364294221281e-22, nan 
-60.125, 85.625, 1.2042145103876883e-22, nan 
-59.875, 85.625, 1.1536726824325374e-22, nan 
-59.625, 85.625, 1.2247502476158196e-22, nan 
-59.375, 85.625, 1.2621148256201924e-22, nan 
-59.125, 85.625, 1.3159070868359052e-22, nan 
-58.875, 85.625, 1.3419057631683913e-22, nan 
-58.625, 85.625, 1.328293797285179e-22, nan 
-58.375, 85.625, 1.205997367763651e-22, nan 
-58.125, 85.625, 1.117926420572361e-22, nan 
-57.875, 85.625, 1.4372788584163654e-22, nan 
-57.625, 85.625, 2.0945529709571181e-22, nan 
-57.375, 85.625, 2.526833714958144e-22, nan 
-57.125, 85.625, 2.76822328463576e-22, nan 
29.375, 85.625, 2.241746333248112e-23, nan 
29.625, 85.625, 2.092078136300328e-23, nan 
29.875, 85.625, 1.9405100475672573e-23, nan 
30.125, 85.625, 1.7696168033826925e-23, nan 
30.375, 85.625, 1.7525134002731273e-23, nan 
30.625, 85.625, 1.6774752652296414e-23, nan 
30.875, 85.625, 1.62090274090962e-23, nan 
31.125, 85.625, 1.5591543235054432e-23, nan 
31.375, 85.625, 1.75384461620058e-23, nan 
31.625, 85.625, 1.5963851969837678e-23, nan 
31.875, 85.625, 1.610645380340076e-23, nan 
32.125, 85.625, 1.4710324279103257e-23, nan 
32.375, 85.625, 1.4718822797413078e-23, nan 
32.625, 85.625, 1.9685998688231663e-23, nan 
32.875, 85.625, 2.851663691206341e-23, nan 
33.125, 85.625, 4.11826516149559e-23, nan 
33.375, 85.625, 4.9318109971567036e-23, nan 
33.625, 85.625, 5.572759888389953e-23, nan 
33.875, 85.625, 6.672046870292031e-23, nan 
34.125, 85.625, 7.40632599003954e-23, nan 
34.375, 85.625, 8.669062472685415e-23, nan 
34.625, 85.625, 9.938374872209578e-23, nan 
34.875, 85.625, 1.0348303855904976e-22, nan 
35.125, 85.625, 1.1058583317130352e-22, nan 
35.375, 85.625, 1.1051625858473825e-22, nan 
35.625, 85.625, 1.1505463369230577e-22, nan 
35.875, 85.625, 1.1869919437558706e-22, nan 
36.125, 85.625, 1.1903049078376006e-22, nan 
36.375, 85.625, 1.2162564217926336e-22, nan 
36.625, 85.625, 1.1922165777732855e-22, nan 
36.875, 85.625, 1.2022402273747207e-22, nan 
37.125, 85.625, 1.185811797384413e-22, nan 
37.375, 85.625, 1.122515478753215e-22, nan 
37.625, 85.625, 1.0904587063401986e-22, nan 
37.875, 85.625, 1.0756315074491915e-22, nan 
38.125, 85.625, 1.0899308233161515e-22, nan 
38.375, 85.625, 1.119219184792045e-22, nan 
38.625, 85.625, 1.1141180261247153e-22, nan 
38.875, 85.625, 1.1285735772512657e-22, nan 
39.125, 85.625, 1.1578217291882265e-22, nan 
39.375, 85.625, 1.1669191680853346e-22, nan 
39.625, 85.625, 1.139362483604344e-22, nan 
39.875, 85.625, 1.1050213898398311e-22, nan 
40.125, 85.625, 1.08650059208104e-22, nan 
40.375, 85.625, 1.0378179076923912e-22, nan 
40.625, 85.625, 1.0011669687256173e-22, nan 
40.875, 85.625, 9.694917804631559e-23, nan 
41.125, 85.625, 9.418144080391689e-23, nan 
41.375, 85.625, 9.400592843879488e-23, nan 
41.625, 85.625, 8.956743203548658e-23, nan 
41.875, 85.625, 8.628793379125941e-23, nan 
42.125, 85.625, 8.216021197496107e-23, nan 
42.375, 85.625, 8.213672207322137e-23, nan 
42.625, 85.625, 8.446325207534297e-23, nan 
42.875, 85.625, 8.279081418761045e-23, nan 
43.125, 85.625, 8.340002982153494e-23, nan 
43.375, 85.625, 8.289505228255398e-23, nan 
43.625, 85.625, 8.006770105471477e-23, nan 
43.875, 85.625, 7.85825898330047e-23, nan 
44.125, 85.625, 8.081595415455944e-23, nan 
44.375, 85.625, 7.942563149654608e-23, nan 
44.625, 85.625, 8.27691728342512e-23, nan 
44.875, 85.625, 8.483841416603328e-23, nan 
45.125, 85.625, 8.801431004614038e-23, nan 
45.375, 85.625, 9.260646791160278e-23, nan 
45.625, 85.625, 9.999555876201579e-23, nan 
45.875, 85.625, 1.0664270086147692e-22, nan 
46.125, 85.625, 1.1032982137640327e-22, nan 
46.375, 85.625, 1.135286095467178e-22, nan 
46.625, 85.625, 1.154710065738296e-22, nan 
46.875, 85.625, 1.1636427704316949e-22, nan 
47.125, 85.625, 1.1544155079128684e-22, nan 
47.375, 85.625, 1.1622687865289435e-22, nan 
47.625, 85.625, 1.150472925163987e-22, nan 
47.875, 85.625, 1.1496602796677805e-22, nan 
48.125, 85.625, 1.1537629955564915e-22, nan 
48.375, 85.625, 1.180969339145064e-22, nan 
48.625, 85.625, 1.197795839268478e-22, nan 
48.875, 85.625, 1.1482288053730632e-22, nan 
49.125, 85.625, 1.116164841943065e-22, nan 
49.375, 85.625, 1.0925054784144652e-22, nan 
49.625, 85.625, 1.1018635816041032e-22, nan 
49.875, 85.625, 1.09752009633275e-22, nan 
50.125, 85.625, 1.1259282190424686e-22, nan 
50.375, 85.625, 1.1273416281209033e-22, nan 
50.625, 85.625, 1.059282966750181e-22, nan 
50.875, 85.625, 9.666573543594526e-23, nan 
51.125, 85.625, 9.285513061453622e-23, nan 
51.375, 85.625, 8.833301007168795e-23, nan 
51.625, 85.625, 8.097593455007982e-23, nan 
51.875, 85.625, 7.992421527187787e-23, nan 
52.125, 85.625, 7.893466438482579e-23, nan 
52.375, 85.625, 7.796719226136826e-23, nan 
52.625, 85.625, 7.497636781439288e-23, nan 
52.875, 85.625, 7.321070513864514e-23, nan 
53.125, 85.625, 7.156790688979023e-23, nan 
53.375, 85.625, 7.286367788168739e-23, nan 
53.625, 85.625, 7.32165363156698e-23, nan 
53.875, 85.625, 7.014223833927104e-23, nan 
54.125, 85.625, 8.343641775018834e-23, nan 
54.375, 85.625, 1.3630481852742593e-22, nan 
54.625, 85.625, 1.5009703781936516e-22, nan 
54.875, 85.625, 1.6099060110382297e-22, nan 
55.125, 85.625, 1.7530514459640353e-22, nan 
55.375, 85.625, 1.6740162531131726e-22, nan 
55.625, 85.625, 1.5887457634910768e-22, nan 
55.875, 85.625, 1.6815683532289378e-22, nan 
56.125, 85.625, 1.7349084895510808e-22, nan 
56.375, 85.625, 1.771615253110807e-22, nan 
56.625, 85.625, 1.8110646814048693e-22, nan 
56.875, 85.625, 1.80408794503472e-22, nan 
57.125, 85.625, 1.860658487325444e-22, nan 
57.375, 85.625, 1.8553905995816766e-22, nan 
57.625, 85.625, 1.8187877091165157e-22, nan 
57.875, 85.625, 1.8253025382583424e-22, nan 
58.125, 85.625, 1.7910559691278133e-22, nan 
58.375, 85.625, 1.732383384006747e-22, nan 
58.625, 85.625, 1.7106242780310763e-22, nan 
58.875, 85.625, 1.6873943160212772e-22, nan 
59.125, 85.625, 1.6927090014862386e-22, nan 
59.375, 85.625, 1.6720212945456116e-22, nan 
59.625, 85.625, 1.6900932505438215e-22, nan 
59.875, 85.625, 1.7225485104881798e-22, nan 
60.125, 85.625, 1.7541826901215497e-22, nan 
60.375, 85.625, 1.7440428995201665e-22, nan 
60.625, 85.625, 1.7533564926427521e-22, nan 
60.875, 85.625, 1.7329520015091758e-22, nan 
61.125, 85.625, 1.7410208439988e-22, nan 
61.375, 85.625, 1.7470298832125953e-22, nan 
61.625, 85.625, 1.7536530007304169e-22, nan 
61.875, 85.625, 1.7886294892299816e-22, nan 
62.125, 85.625, 1.797523032481578e-22, nan 
62.375, 85.625, 1.792254296854158e-22, nan 
62.625, 85.625, 1.78759953121466e-22, nan 
62.875, 85.625, 1.7535001097125838e-22, nan 
63.125, 85.625, 1.7327601777715448e-22, nan 
63.375, 85.625, 1.7241738281850313e-22, nan 
63.625, 85.625, 1.7385549758840504e-22, nan 
63.875, 85.625, 1.8605773263369652e-22, nan 
64.125, 85.625, 1.9598819533003307e-22, nan 
64.375, 85.625, 2.0474835885052966e-22, nan 
64.625, 85.625, 2.096806249588761e-22, nan 
64.875, 85.625, 2.0783547288669295e-22, nan 
65.125, 85.625, 2.0203212360198457e-22, nan 
65.375, 85.625, 1.9580350253415673e-22, nan 
65.625, 85.625, 2.0203329448753818e-22, nan 
65.875, 85.625, 2.090269400247984e-22, nan 
66.125, 85.625, 2.0903844393831467e-22, nan 
66.375, 85.625, 2.0620407136146504e-22, nan 
66.625, 85.625, 2.0129164768072237e-22, nan 
66.875, 85.625, 1.7514685300967582e-22, nan 
67.125, 85.625, 1.638198689868021e-22, nan 
67.375, 85.625, 1.63734571718891e-22, nan 
67.625, 85.625, 1.6896670362121425e-22, nan 
67.875, 85.625, 1.7862183939951803e-22, nan 
68.125, 85.625, 1.8580072610026534e-22, nan 
68.375, 85.625, 1.7861924221983884e-22, nan 
68.625, 85.625, 1.7790012026123622e-22, nan 
68.875, 85.625, 1.7391354727762208e-22, nan 
69.125, 85.625, 1.7099653849120656e-22, nan 
69.375, 85.625, 1.6799951205851036e-22, nan 
69.625, 85.625, 1.66455792571075e-22, nan 
69.875, 85.625, 1.6563086310136104e-22, nan 
70.125, 85.625, 1.5776508631801078e-22, nan 
70.375, 85.625, 1.5118931731141765e-22, nan 
70.625, 85.625, 1.5127801133674094e-22, nan 
70.875, 85.625, 1.5223395499408523e-22, nan 
71.125, 85.625, 1.5880180454571937e-22, nan 
71.375, 85.625, 1.6706506238276864e-22, nan 
71.625, 85.625, 1.7110814189997304e-22, nan 
71.875, 85.625, 1.849623345385287e-22, nan 
72.125, 85.625, 1.853949764181208e-22, nan 
72.375, 85.625, 1.8523937702516623e-22, nan 
72.625, 85.625, 1.9425509186582815e-22, nan 
72.875, 85.625, 2.0857653808971316e-22, nan 
73.125, 85.625, 2.3134181373427886e-22, nan 
73.375, 85.625, 2.3349137136934015e-22, nan 
73.625, 85.625, 2.9162611883168106e-22, nan 
73.875, 85.625, 2.9455967074134487e-22, nan 
74.125, 85.625, 3.12221843699563e-22, nan 
74.375, 85.625, 3.1763149655727896e-22, nan 
74.625, 85.625, 3.181790885813848e-22, nan 
74.875, 85.625, 3.310797378772314e-22, nan 
75.125, 85.625, 2.9769922164282356e-22, nan 
75.375, 85.625, 2.783170934994569e-22, nan 
75.625, 85.625, 2.624849591653527e-22, nan 
75.875, 85.625, 2.745798731173219e-22, nan 
76.125, 85.625, 3.0261963255654783e-22, nan 
76.375, 85.625, 3.650255233701206e-22, nan 
76.625, 85.625, 3.8318122837820914e-22, nan 
76.875, 85.625, 5.35321953086504e-22, nan 
77.125, 85.625, 5.464221639528326e-22, nan 
77.375, 85.625, 5.897819380269785e-22, nan 
77.625, 85.625, 6.102663143651491e-22, nan 
77.875, 85.625, 6.091144512691268e-22, nan 
78.125, 85.625, 6.210096366499664e-22, nan 
78.375, 85.625, 5.2985747544476415e-22, nan 
78.625, 85.625, 4.28918781830599e-22, nan 
78.875, 85.625, 3.4562561630296433e-22, nan 
79.125, 85.625, 2.801956793388722e-22, nan 
79.375, 85.625, 2.2203593115489663e-22, nan 
79.625, 85.625, 2.072069064066363e-22, nan 
79.875, 85.625, 2.1090300008830133e-22, nan 
80.125, 85.625, 2.6612537833357557e-22, nan 
80.375, 85.625, 2.7535737275616297e-22, nan 
80.625, 85.625, 3.00356858845392e-22, nan 
80.875, 85.625, 3.130445149725174e-22, nan 
81.125, 85.625, 3.2277312343243145e-22, nan 
81.375, 85.625, 3.340199146849157e-22, nan 
81.625, 85.625, 2.9557883289151256e-22, nan 
81.875, 85.625, 2.6227632205417304e-22, nan 
82.125, 85.625, 2.309762402864574e-22, nan 
82.375, 85.625, 2.167900985686289e-22, nan 
82.625, 85.625, 2.1448750780393357e-22, nan 
82.875, 85.625, 2.0365546172105225e-22, nan 
83.125, 85.625, 2.0439501930940073e-22, nan 
83.375, 85.625, 2.148429237790755e-22, nan 
83.625, 85.625, 2.2166068590108154e-22, nan 
83.875, 85.625, 2.212922197921252e-22, nan 
84.125, 85.625, 2.2394692308810095e-22, nan 
84.375, 85.625, 2.273895338651226e-22, nan 
84.625, 85.625, 2.2760406031434224e-22, nan 
84.875, 85.625, 2.391277082797053e-22, nan 
85.125, 85.625, 2.545227183732983e-22, nan 
85.375, 85.625, 2.7965557405487035e-22, nan 
85.625, 85.625, 3.0729294060357612e-22, nan 
85.875, 85.625, 3.1397850428822994e-22, nan 
86.125, 85.625, 3.319768729233462e-22, nan 
86.375, 85.625, 3.1676321267164166e-22, nan 
86.625, 85.625, 2.9883301798746885e-22, nan 
86.875, 85.625, 2.8143128505482274e-22, nan 
87.125, 85.625, 2.6613202331647194e-22, nan 
87.375, 85.625, 2.449586191494594e-22, nan 
87.625, 85.625, 2.3093746455293564e-22, nan 
87.875, 85.625, 2.254805426158655e-22, nan 
88.125, 85.625, 2.185403595019288e-22, nan 
88.375, 85.625, 1.9705938171478616e-22, nan 
88.625, 85.625, 1.9135361247927224e-22, nan 
88.875, 85.625, 1.7003161353514398e-22, nan 
89.125, 85.625, 1.846745322368063e-22, nan 
89.375, 85.625, 2.064508909878797e-22, nan 
89.625, 85.625, 2.4946901992494777e-22, nan 
89.875, 85.625, 2.711040174984611e-22, nan 
90.125, 85.625, 3.342424941016886e-22, nan 
90.375, 85.625, 4.436325888734309e-22, nan 
90.625, 85.625, 4.694038416796647e-22, nan 
90.875, 85.625, 4.551496249167944e-22, nan 
91.125, 85.625, 4.36012040101533e-22, nan 
91.375, 85.625, 4.304022364124545e-22, nan 
91.625, 85.625, 3.663112645243058e-22, nan 
91.875, 85.625, 3.2116735370717907e-22, nan 
92.125, 85.625, 2.9972355812914255e-22, nan 
92.375, 85.625, 2.9568000060598794e-22, nan 
92.625, 85.625, 3.138834404177309e-22, nan 
92.875, 85.625, 3.4750939752384234e-22, nan 
93.125, 85.625, 3.789858638277813e-22, nan 
93.375, 85.625, 3.8937714279752263e-22, nan 
93.625, 85.625, 4.1270308721032207e-22, nan 
93.875, 85.625, 4.3413589552378595e-22, nan 
94.125, 85.625, 4.436313054185145e-22, nan 
94.375, 85.625, 4.467513732313068e-22, nan 
94.625, 85.625, 4.453975849120909e-22, nan 
94.875, 85.625, 4.15995036251184e-22, nan 
95.125, 85.625, 4.249715961875657e-22, nan 
95.375, 85.625, 4.237670507714436e-22, nan 
95.625, 85.625, 4.440134429332406e-22, nan 
95.875, 85.625, 4.543180077884212e-22, nan 
96.125, 85.625, 4.718794527179507e-22, nan 
96.375, 85.625, 4.6393853820420695e-22, nan 
96.625, 85.625, 4.71048049880016e-22, nan 
96.875, 85.625, 5.366465749546018e-22, nan 
97.125, 85.625, 6.418050120916317e-22, nan 
97.375, 85.625, 6.494643943176867e-22, nan 
97.625, 85.625, 6.549207609841996e-22, nan 
97.875, 85.625, 7.70948812835969e-22, nan 
98.125, 85.625, 8.52368959011381e-22, nan 
98.375, 85.625, 8.187005581818902e-22, nan 
98.625, 85.625, 7.947037973910308e-22, nan 
98.875, 85.625, 8.244722071723893e-22, nan 
99.125, 85.625, 8.553285957811013e-22, nan 
99.375, 85.625, 8.057222863602449e-22, nan 
99.625, 85.625, 7.731502668256627e-22, nan 
99.875, 85.625, 7.273505193196667e-22, nan 
100.125, 85.625, 6.824736919282057e-22, nan 
100.375, 85.625, 6.574471302008484e-22, nan 
100.625, 85.625, 6.319056841783387e-22, nan 
100.875, 85.625, 6.108349595537874e-22, nan 
101.125, 85.625, 5.922993568596945e-22, nan 
101.375, 85.625, 5.762472815109212e-22, nan 
101.625, 85.625, 5.445803675364427e-22, nan 
101.875, 85.625, 4.999721146001654e-22, nan 
102.125, 85.625, 4.9792922577856645e-22, nan 
102.375, 85.625, 4.788443731630174e-22, nan 
102.625, 85.625, 4.717127028358533e-22, nan 
102.875, 85.625, 5.199556490441669e-22, nan 
103.125, 85.625, 6.576519853120248e-22, nan 
103.375, 85.625, 9.54788614197405e-22, nan 
103.625, 85.625, 1.1299546048438475e-21, nan 
103.875, 85.625, 1.2156425202051781e-21, nan 
104.125, 85.625, 1.2725572667372236e-21, nan 
104.375, 85.625, 1.3770317808990695e-21, nan 
104.625, 85.625, 1.4288423003394254e-21, nan 
104.875, 85.625, 1.4293193710778575e-21, nan 
105.125, 85.625, 1.3496334950343037e-21, nan 
105.375, 85.625, 1.2360527343668725e-21, nan 
105.625, 85.625, 1.1734249208674804e-21, nan 
105.875, 85.625, 1.2014046954528639e-21, nan 
106.125, 85.625, 1.1954471779099702e-21, nan 
106.375, 85.625, 1.2597936077108265e-21, nan 
106.625, 85.625, 1.3823051080887963e-21, nan 
106.875, 85.625, 1.4434979107805898e-21, nan 
107.125, 85.625, 1.4728044791841287e-21, nan 
107.375, 85.625, 1.4854494863514636e-21, nan 
107.625, 85.625, 1.4823400304464521e-21, nan 
107.875, 85.625, 1.4911008039693458e-21, nan 
108.125, 85.625, 1.5056155641433669e-21, nan 
108.375, 85.625, 1.5404585172735552e-21, nan 
108.625, 85.625, 1.5278661201382447e-21, nan 
108.875, 85.625, 1.4841938795410269e-21, nan 
109.125, 85.625, 1.500016720212422e-21, nan 
109.375, 85.625, 1.3211451577775195e-21, nan 
109.625, 85.625, 1.2374724878203947e-21, nan 
109.875, 85.625, 1.1355661585535443e-21, nan 
110.125, 85.625, 9.575463987830539e-22, nan 
110.375, 85.625, 7.369364325934581e-22, nan 
110.625, 85.625, 6.2895144289732235e-22, nan 
110.875, 85.625, 6.688000177327884e-22, nan 
111.125, 85.625, 6.601662862396534e-22, nan 
111.375, 85.625, 6.48785865397189e-22, nan 
111.625, 85.625, 6.394934767456116e-22, nan 
111.875, 85.625, 6.169784259784489e-22, nan 
112.125, 85.625, 7.349697036054122e-22, nan 
112.375, 85.625, 8.703207813187324e-22, nan 
112.625, 85.625, 1.0193141500844593e-21, nan 
112.875, 85.625, 1.1966357994845674e-21, nan 
113.125, 85.625, 1.4123696260178922e-21, nan 
113.375, 85.625, 1.663620269830602e-21, nan 
113.625, 85.625, 1.916370920954339e-21, nan 
113.875, 85.625, 2.2716070603085963e-21, nan 
114.125, 85.625, 2.516419925047142e-21, nan 
114.375, 85.625, 2.4851934189287882e-21, nan 
114.625, 85.625, 2.218852563235809e-21, nan 
114.875, 85.625, 2.0879762537753076e-21, nan 
115.125, 85.625, 1.8128952047500333e-21, nan 
115.375, 85.625, 1.8113910685989012e-21, nan 
115.625, 85.625, 1.8054191344437373e-21, nan 
115.875, 85.625, 1.7913058035913934e-21, nan 
116.125, 85.625, 1.7041169227685508e-21, nan 
116.375, 85.625, 1.581303542426547e-21, nan 
116.625, 85.625, 1.41417199415993e-21, nan 
116.875, 85.625, 9.141066186276655e-22, nan 
117.125, 85.625, 1.1233465428762078e-21, nan 
117.375, 85.625, 1.1248398895183644e-21, nan 
117.625, 85.625, 1.1686783591391585e-21, nan 
117.875, 85.625, 1.1348780448543524e-21, nan 
118.125, 85.625, 1.041240335398201e-21, nan 
118.375, 85.625, 9.635917522193996e-22, nan 
118.625, 85.625, 1.1084685495854924e-21, nan 
118.875, 85.625, 1.2087762598188412e-21, nan 
119.125, 85.625, 1.292645291416266e-21, nan 
119.375, 85.625, 1.3059214358645217e-21, nan 
119.625, 85.625, 1.2509765569796505e-21, nan 
119.875, 85.625, 1.1833226080613398e-21, nan 
120.125, 85.625, 6.788724510716834e-22, nan 
120.375, 85.625, 5.242107807147508e-22, nan 
120.625, 85.625, 5.476411133774919e-22, nan 
120.875, 85.625, 5.277212745989702e-22, nan 
121.125, 85.625, 5.7756160600961235e-22, nan 
121.375, 85.625, 6.391171067431949e-22, nan 
121.625, 85.625, 6.877718410354908e-22, nan 
121.875, 85.625, 6.684916931840653e-22, nan 
122.125, 85.625, 6.382547187763266e-22, nan 
122.375, 85.625, 6.156452046223778e-22, nan 
122.625, 85.625, 6.843675518301233e-22, nan 
122.875, 85.625, 7.559270629574071e-22, nan 
123.125, 85.625, 8.3016797399709e-22, nan 
123.375, 85.625, 9.68352418197206e-22, nan 
123.625, 85.625, 1.273914379063185e-21, nan 
123.875, 85.625, 1.706763228734164e-21, nan 
124.125, 85.625, 3.0445633427221162e-21, nan 
124.375, 85.625, 3.743832074172567e-21, nan 
124.625, 85.625, 4.040662943693293e-21, nan 
124.875, 85.625, 4.29597572343858e-21, nan 
125.125, 85.625, 4.357656101165982e-21, nan 
125.375, 85.625, 4.35282271422729e-21, nan 
125.625, 85.625, 4.241896650039471e-21, nan 
125.875, 85.625, 4.210675310038719e-21, nan 
126.125, 85.625, 4.127386519025316e-21, nan 
126.375, 85.625, 3.5836779462418216e-21, nan 
126.625, 85.625, 3.3498763417772576e-21, nan 
126.875, 85.625, 2.8452869336087494e-21, nan 
127.125, 85.625, 2.709398331986637e-21, nan 
127.375, 85.625, 2.7870930171317743e-21, nan 
127.625, 85.625, 2.906073006867579e-21, nan 
127.875, 85.625, 2.9971073295684454e-21, nan 
128.125, 85.625, 3.07312731706006e-21, nan 
128.375, 85.625, 3.2283391004807008e-21, nan 
128.625, 85.625, 3.556539935127993e-21, nan 
128.875, 85.625, 3.490353817833402e-21, nan 
129.125, 85.625, 3.9628971717561885e-21, nan 
129.375, 85.625, 4.251747761629672e-21, nan 
129.625, 85.625, 4.685078132338009e-21, nan 
129.875, 85.625, 4.926291727379161e-21, nan 
130.125, 85.625, 5.283294782947004e-21, nan 
130.375, 85.625, 5.461208564665052e-21, nan 
130.625, 85.625, 5.620670038983899e-21, nan 
130.875, 85.625, 5.2603035231001844e-21, nan 
131.125, 85.625, 4.270021808551825e-21, nan 
131.375, 85.625, 3.9111606359104496e-21, nan 
131.625, 85.625, 3.574563699401708e-21, nan 
131.875, 85.625, 3.348406301380587e-21, nan 
132.125, 85.625, 3.970806399727168e-21, nan 
132.375, 85.625, 4.8826356858881984e-21, nan 
132.625, 85.625, 5.299772620612052e-21, nan 
132.875, 85.625, 5.588156343911322e-21, nan 
133.125, 85.625, 5.8256788264696556e-21, nan 
133.375, 85.625, 6.0837405375878775e-21, nan 
133.625, 85.625, 6.3622835031966015e-21, nan 
133.875, 85.625, 6.503990950317091e-21, nan 
134.125, 85.625, 6.590564473146529e-21, nan 
134.375, 85.625, 6.60130209740089e-21, nan 
134.625, 85.625, 6.52569033263511e-21, nan 
134.875, 85.625, 6.610403109710743e-21, nan 
135.125, 85.625, 6.509454510533034e-21, nan 
135.375, 85.625, 6.02651206459104e-21, nan 
135.625, 85.625, 5.764733195676058e-21, nan 
135.875, 85.625, 5.674231283581926e-21, nan 
136.125, 85.625, 5.681181820023857e-21, nan 
136.375, 85.625, 5.460719259831578e-21, nan 
136.625, 85.625, 5.287166493172495e-21, nan 
136.875, 85.625, 5.06564359188098e-21, nan 
137.125, 85.625, 4.844043478410013e-21, nan 
137.375, 85.625, 4.304468294124632e-21, nan 
137.625, 85.625, 3.7737269207317326e-21, nan 
137.875, 85.625, 3.5617944611633266e-21, nan 
138.125, 85.625, 2.6047042645445203e-21, nan 
138.375, 85.625, 2.1663041827634878e-21, nan 
138.625, 85.625, 1.9075367207574812e-21, nan 
138.875, 85.625, 1.747052365650533e-21, nan 
139.125, 85.625, 1.8861566543075255e-21, nan 
139.375, 85.625, 1.8725543138024417e-21, nan 
139.625, 85.625, 1.8905834498070416e-21, nan 
139.875, 85.625, 1.9178217297765364e-21, nan 
140.125, 85.625, 1.8889197738107245e-21, nan 
140.375, 85.625, 1.9263505371607452e-21, nan 
140.625, 85.625, 2.1253444041365623e-21, nan 
140.875, 85.625, 2.029186241807526e-21, nan 
141.125, 85.625, 2.0542376005672095e-21, nan 
141.375, 85.625, 1.8612920312546986e-21, nan 
141.625, 85.625, 1.6546252617584904e-21, nan 
141.875, 85.625, 1.5461831598828924e-21, nan 
142.125, 85.625, 1.5425288409810545e-21, nan 
142.375, 85.625, 1.6319932330549795e-21, nan 
142.625, 85.625, 1.7009162380490326e-21, nan 
142.875, 85.625, 1.7304448126010774e-21, nan 
143.125, 85.625, 1.8514392703641913e-21, nan 
143.375, 85.625, 1.8641139686720463e-21, nan 
143.625, 85.625, 1.7521728794965244e-21, nan 
143.875, 85.625, 1.8970663722950384e-21, nan 
144.125, 85.625, 2.06360100947963e-21, nan 
144.375, 85.625, 2.453656767878936e-21, nan 
144.625, 85.625, 2.4214174288592504e-21, nan 
144.875, 85.625, 2.6298146891523987e-21, nan 
145.125, 85.625, 3.186100672904201e-21, nan 
145.375, 85.625, 4.053339154742765e-21, nan 
145.625, 85.625, 4.462012104808992e-21, nan 
145.875, 85.625, 5.028584143567514e-21, nan 
146.125, 85.625, 5.516535752530157e-21, nan 
146.375, 85.625, 6.597636234315931e-21, nan 
146.625, 85.625, 7.892211480029037e-21, nan 
146.875, 85.625, 8.79785239244519e-21, nan 
147.125, 85.625, 9.353631470564508e-21, nan 
147.375, 85.625, 9.384977112957469e-21, nan 
147.625, 85.625, 8.683894500479973e-21, nan 
147.875, 85.625, 8.080199466152505e-21, nan 
148.125, 85.625, 7.441656121091842e-21, nan 
148.375, 85.625, 7.25825199731512e-21, nan 
148.625, 85.625, 7.045704238682195e-21, nan 
148.875, 85.625, 6.749637086374271e-21, nan 
149.125, 85.625, 6.352103531150012e-21, nan 
149.375, 85.625, 5.380775184731861e-21, nan 
149.625, 85.625, 7.35298343014209e-21, nan 
149.875, 85.625, 1.1160034734465277e-20, nan 
150.125, 85.625, 1.41936460178485e-20, nan 
150.375, 85.625, 1.6423724377011375e-20, nan 
150.625, 85.625, 1.7156776034304278e-20, nan 
150.875, 85.625, 1.6641111647400375e-20, nan 
151.125, 85.625, 1.6605400799503716e-20, nan 
151.375, 85.625, 1.5847827507090072e-20, nan 
151.625, 85.625, 1.5987725052162577e-20, nan 
151.875, 85.625, 1.600222959216646e-20, nan 
152.125, 85.625, 1.5977652269688006e-20, nan 
152.375, 85.625, 1.5280389406180266e-20, nan 
152.625, 85.625, 1.1336164236712275e-20, nan 
152.875, 85.625, 9.712868067194402e-21, nan 
153.125, 85.625, 1.2847295041655028e-20, nan 
153.375, 85.625, 1.5511716735282973e-20, nan 
153.625, 85.625, 1.7353417887813134e-20, nan 
153.875, 85.625, 1.8121490055674904e-20, nan 
154.125, 85.625, 1.7628872200956176e-20, nan 
154.375, 85.625, 1.7317629435815948e-20, nan 
154.625, 85.625, 1.6751813011858144e-20, nan 
154.875, 85.625, 1.6998266966338212e-20, nan 
155.125, 85.625, 1.6791168075931965e-20, nan 
155.375, 85.625, 1.6488547309519085e-20, nan 
155.625, 85.625, 1.6572191423702174e-20, nan 
155.875, 85.625, 1.4232184631431257e-20, nan 
156.125, 85.625, 1.1774629472803462e-20, nan 
156.375, 85.625, 1.211812498471572e-20, nan 
156.625, 85.625, 1.2009865412285636e-20, nan 
156.875, 85.625, 1.1578055742830746e-20, nan 
157.125, 85.625, 1.0364868033944574e-20, nan 
157.375, 85.625, 1.058401224374745e-20, nan 
157.625, 85.625, 8.149906473527921e-21, nan 
157.875, 85.625, 7.245760879186048e-21, nan 
158.125, 85.625, 4.549777958540428e-21, nan 
158.375, 85.625, 2.4081554682076848e-21, nan 
158.625, 85.625, 4.891572452519583e-22, nan 
158.875, 85.625, 6.305883775043083e-22, nan 
159.125, 85.625, 3.9414554692143185e-22, nan 
159.375, 85.625, 4.688486378323232e-22, nan 
159.625, 85.625, 4.554024302249785e-22, nan 
159.875, 85.625, 4.480490103359865e-22, nan 
160.125, 85.625, 5.642163562136961e-22, nan 
160.375, 85.625, 8.087112800096098e-22, nan 
160.625, 85.625, 1.0191808403248214e-21, nan 
160.875, 85.625, 1.2862304847794513e-21, nan 
161.125, 85.625, 1.714047466657827e-21, nan 
161.375, 85.625, 2.1706659403208235e-21, nan 
161.625, 85.625, 2.5858045344311432e-21, nan 
161.875, 85.625, 3.1669589916349186e-21, nan 
162.125, 85.625, 3.80390313603868e-21, nan 
162.375, 85.625, 4.2731832645013714e-21, nan 
162.625, 85.625, 4.5394394505892534e-21, nan 
162.875, 85.625, 4.5888496781435446e-21, nan 
163.125, 85.625, 4.510303594543928e-21, nan 
163.375, 85.625, 4.542669170887478e-21, nan 
163.625, 85.625, 4.177421686761746e-21, nan 
163.875, 85.625, 3.8764449560344445e-21, nan 
164.125, 85.625, 3.558596746809033e-21, nan 
164.375, 85.625, 4.0975376633854636e-21, nan 
164.625, 85.625, 6.080226113411486e-21, nan 
164.875, 85.625, 8.296997467849847e-21, nan 
165.125, 85.625, 9.19315823347241e-21, nan 
165.375, 85.625, 9.575322725701754e-21, nan 
165.625, 85.625, 9.671555480845882e-21, nan 
165.875, 85.625, 9.706606963021523e-21, nan 
166.125, 85.625, 9.680755526078427e-21, nan 
166.375, 85.625, 9.853715404704706e-21, nan 
166.625, 85.625, 1.0037152479692787e-20, nan 
166.875, 85.625, 1.0635032287746179e-20, nan 
167.125, 85.625, 1.100362117533934e-20, nan 
167.375, 85.625, 1.2253340043526595e-20, nan 
167.625, 85.625, 1.1284629587491373e-20, nan 
167.875, 85.625, 9.710207154273219e-21, nan 
168.125, 85.625, 1.0710883525296392e-20, nan 
168.375, 85.625, 1.2139488540846286e-20, nan 
168.625, 85.625, 1.4096948967623708e-20, nan 
168.875, 85.625, 1.6605498458806285e-20, nan 
169.125, 85.625, 1.85347601731712e-20, nan 
169.375, 85.625, 1.8970808188954732e-20, nan 
169.625, 85.625, 1.975993846091617e-20, nan 
169.875, 85.625, 2.056405988966726e-20, nan 
170.125, 85.625, 2.257364640042333e-20, nan 
170.375, 85.625, 2.3665547261375542e-20, nan 
170.625, 85.625, 2.4604580974287805e-20, nan 
170.875, 85.625, 2.4223681104650418e-20, nan 
171.125, 85.625, 2.1713434729556496e-20, nan 
171.375, 85.625, 1.9124467033284356e-20, nan 
171.625, 85.625, 1.6476445695949797e-20, nan 
171.875, 85.625, 1.5318010446470513e-20, nan 
172.125, 85.625, 1.8249130831397065e-20, nan 
172.375, 85.625, 2.1516661201684555e-20, nan 
172.625, 85.625, 2.1357694451195063e-20, nan 
172.875, 85.625, 2.0915646454234345e-20, nan 
173.125, 85.625, 2.0012417191717453e-20, nan 
173.375, 85.625, 1.980752026282533e-20, nan 
173.625, 85.625, 1.950907409195071e-20, nan 
173.875, 85.625, 1.9440685673435752e-20, nan 
174.125, 85.625, 1.954741242820633e-20, nan 
174.375, 85.625, 1.9199083222314034e-20, nan 
174.625, 85.625, 1.8584769423730408e-20, nan 
174.875, 85.625, 1.682264237330003e-20, nan 
175.125, 85.625, 1.464353650470412e-20, nan 
175.375, 85.625, 1.3412385609470182e-20, nan 
175.625, 85.625, 1.3404927426850032e-20, nan 
175.875, 85.625, 1.4325472544627053e-20, nan 
176.125, 85.625, 1.577943182085394e-20, nan 
176.375, 85.625, 1.702491234060336e-20, nan 
176.625, 85.625, 1.7355173121610618e-20, nan 
176.875, 85.625, 1.1995176753547427e-20, nan 
177.125, 85.625, 1.2606104617305744e-20, nan 
177.375, 85.625, 1.4400654559440438e-20, nan 
177.625, 85.625, 1.7317337898100877e-20, nan 
177.875, 85.625, 1.971079298975032e-20, nan 
178.125, 85.625, 2.0685956203989192e-20, nan 
178.375, 85.625, 2.2086201434331637e-20, nan 
178.625, 85.625, 2.400017849429754e-20, nan 
178.875, 85.625, 2.620815599873502e-20, nan 
179.125, 85.625, 2.8731214555565786e-20, nan 
179.375, 85.625, 3.146203185512165e-20, nan 
179.625, 85.625, 3.6139131831885546e-20, nan 
179.875, 85.625, 3.8751577571027453e-20, nan 
-179.875, 85.875, 2.1588686233364814e-20, nan 
-179.625, 85.875, 2.068103477128151e-20, nan 
-179.375, 85.875, 1.9876631500781577e-20, nan 
-179.125, 85.875, 1.8708382496419743e-20, nan 
-178.875, 85.875, 1.6437376813813903e-20, nan 
-178.625, 85.875, 1.820465555556316e-20, nan 
-178.375, 85.875, 2.0650205879136813e-20, nan 
-178.125, 85.875, 2.139064115120471e-20, nan 
-177.875, 85.875, 2.1242569601725776e-20, nan 
-177.625, 85.875, 2.0947205356558325e-20, nan 
-177.375, 85.875, 1.9631995658530968e-20, nan 
-177.125, 85.875, 1.7462254483370082e-20, nan 
-176.875, 85.875, 1.5250833821131378e-20, nan 
-176.625, 85.875, 1.2792526751398696e-20, nan 
-176.375, 85.875, 1.1000983524067751e-20, nan 
-176.125, 85.875, 9.180148187620583e-21, nan 
-175.875, 85.875, 7.913992993751415e-21, nan 
-175.625, 85.875, 6.09678117815891e-21, nan 
-175.375, 85.875, 3.3123475342117756e-21, nan 
-175.125, 85.875, 8.160416607524908e-22, nan 
-174.875, 85.875, 9.569429215680022e-22, nan 
-174.625, 85.875, 1.2046869939988949e-21, nan 
-174.375, 85.875, 1.325668898972701e-21, nan 
-174.125, 85.875, 1.372618362904901e-21, nan 
-173.875, 85.875, 1.362405898159992e-21, nan 
-173.625, 85.875, 1.3222808733982126e-21, nan 
-173.375, 85.875, 1.216755701528709e-21, nan 
-173.125, 85.875, 1.0875700867176554e-21, nan 
-172.875, 85.875, 1.0405000290749786e-21, nan 
-172.625, 85.875, 1.0455418810166642e-21, nan 
-172.375, 85.875, 1.1099210912182585e-21, nan 
-172.125, 85.875, 1.2655126015350691e-21, nan 
-171.875, 85.875, 1.5081762982105878e-21, nan 
-171.625, 85.875, 1.66663955151414e-21, nan 
-171.375, 85.875, 1.9420270916731942e-21, nan 
-171.125, 85.875, 2.3609253308988205e-21, nan 
-170.875, 85.875, 2.7870571213812865e-21, nan 
-170.625, 85.875, 3.382926098568212e-21, nan 
-170.375, 85.875, 3.931030395952202e-21, nan 
-170.125, 85.875, 4.6145246625542576e-21, nan 
-169.875, 85.875, 4.5734953062261226e-21, nan 
-169.625, 85.875, 4.350515894948413e-21, nan 
-169.375, 85.875, 4.236313929791403e-21, nan 
-169.125, 85.875, 4.009564875510208e-21, nan 
-168.875, 85.875, 3.99693319688528e-21, nan 
-168.625, 85.875, 4.049457255644166e-21, nan 
-168.375, 85.875, 3.958666252249006e-21, nan 
-168.125, 85.875, 3.8993840817209455e-21, nan 
-167.875, 85.875, 3.283873853648098e-21, nan 
-167.625, 85.875, 2.8148594274944545e-21, nan 
-167.375, 85.875, 3.7151953273562736e-21, nan 
-167.125, 85.875, 4.720771503898593e-21, nan 
-166.875, 85.875, 6.101686326458151e-21, nan 
-166.625, 85.875, 6.4119521435801155e-21, nan 
-166.375, 85.875, 6.874252742584294e-21, nan 
-166.125, 85.875, 7.723753595969096e-21, nan 
-165.875, 85.875, 7.993953736535399e-21, nan 
-165.625, 85.875, 8.357282351795606e-21, nan 
-165.375, 85.875, 9.299495310034287e-21, nan 
-165.125, 85.875, 9.77217948008573e-21, nan 
-164.875, 85.875, 9.948824866695385e-21, nan 
-164.625, 85.875, 8.771018145216924e-21, nan 
-164.375, 85.875, 6.344838530080376e-21, nan 
-164.125, 85.875, 5.672397675787781e-21, nan 
-163.875, 85.875, 5.6696349529720675e-21, nan 
-163.625, 85.875, 5.792359535197476e-21, nan 
-163.375, 85.875, 5.808341431665498e-21, nan 
-163.125, 85.875, 6.388077321319687e-21, nan 
-162.875, 85.875, 7.384422996656407e-21, nan 
-162.625, 85.875, 7.805026394405273e-21, nan 
-162.375, 85.875, 8.044697062870133e-21, nan 
-162.125, 85.875, 8.294060005527382e-21, nan 
-161.875, 85.875, 8.553596814756654e-21, nan 
-161.625, 85.875, 8.619288163750927e-21, nan 
-161.375, 85.875, 8.12246277724387e-21, nan 
-161.125, 85.875, 7.240658500882966e-21, nan 
-160.875, 85.875, 6.955715549913323e-21, nan 
-160.625, 85.875, 6.7121393641512495e-21, nan 
-160.375, 85.875, 6.656786723464071e-21, nan 
-160.125, 85.875, 6.474930426181133e-21, nan 
-159.875, 85.875, 6.022305497912666e-21, nan 
-159.625, 85.875, 5.647943165602345e-21, nan 
-159.375, 85.875, 4.94891358824136e-21, nan 
-159.125, 85.875, 3.8273704022148775e-21, nan 
-158.875, 85.875, 2.157412248313467e-21, nan 
-158.625, 85.875, 1.3253255052095557e-21, nan 
-158.375, 85.875, 9.639501951102265e-22, nan 
-158.125, 85.875, 6.954443668313276e-22, nan 
-157.875, 85.875, 6.91562149830855e-22, nan 
-157.625, 85.875, 7.645569554531301e-22, nan 
-157.375, 85.875, 9.210412161543484e-22, nan 
-157.125, 85.875, 1.6189422828364296e-21, nan 
-156.875, 85.875, 1.4477016422982304e-21, nan 
-156.625, 85.875, 1.0620237824262494e-21, nan 
-156.375, 85.875, 1.0250084943756545e-21, nan 
-156.125, 85.875, 8.377036125673974e-22, nan 
-155.875, 85.875, 5.6301858409928635e-22, nan 
-155.625, 85.875, 6.417905280971962e-22, nan 
-155.375, 85.875, 7.004714876431471e-22, nan 
-155.125, 85.875, 7.281189579749286e-22, nan 
-154.875, 85.875, 7.635963595872673e-22, nan 
-154.625, 85.875, 8.476714729186323e-22, nan 
-154.375, 85.875, 8.61841787796418e-22, nan 
-154.125, 85.875, 8.747463322601362e-22, nan 
-153.875, 85.875, 9.329264233369679e-22, nan 
-153.625, 85.875, 7.932736264830955e-22, nan 
-153.375, 85.875, 6.833552717819196e-22, nan 
-153.125, 85.875, 7.169441929023056e-22, nan 
-152.875, 85.875, 6.028208618452625e-22, nan 
-152.625, 85.875, 5.596342545807936e-22, nan 
-152.375, 85.875, 4.758624513219374e-22, nan 
-152.125, 85.875, 3.6464224662439824e-22, nan 
-151.875, 85.875, 2.694990605515503e-22, nan 
-151.625, 85.875, 5.936329025582799e-22, nan 
-151.375, 85.875, 9.149561212138394e-22, nan 
-151.125, 85.875, 1.1263040875598703e-21, nan 
-150.875, 85.875, 1.1895600362065589e-21, nan 
-150.625, 85.875, 1.2883877935178161e-21, nan 
-150.375, 85.875, 1.4792015334191812e-21, nan 
-150.125, 85.875, 1.6784109939255689e-21, nan 
-149.875, 85.875, 1.8030688836527387e-21, nan 
-149.625, 85.875, 1.7940623324658495e-21, nan 
-149.375, 85.875, 1.8344178462643903e-21, nan 
-149.125, 85.875, 1.8606160293028947e-21, nan 
-148.875, 85.875, 1.7581047604235943e-21, nan 
-148.625, 85.875, 1.756255869338349e-21, nan 
-148.375, 85.875, 1.790415546008537e-21, nan 
-148.125, 85.875, 1.7428890573801485e-21, nan 
-147.875, 85.875, 1.7128169913362386e-21, nan 
-147.625, 85.875, 1.6382049522807676e-21, nan 
-147.375, 85.875, 1.3829914741103194e-21, nan 
-147.125, 85.875, 1.1112320398451348e-21, nan 
-146.875, 85.875, 1.4318073473023309e-21, nan 
-146.625, 85.875, 1.7106542253279565e-21, nan 
-146.375, 85.875, 1.7376049997690932e-21, nan 
-146.125, 85.875, 1.766368033468708e-21, nan 
-145.875, 85.875, 1.7776361907513877e-21, nan 
-145.625, 85.875, 1.719915143749788e-21, nan 
-145.375, 85.875, 1.7133787469495065e-21, nan 
-145.125, 85.875, 1.6822802402454917e-21, nan 
-144.875, 85.875, 1.640780521293824e-21, nan 
-144.625, 85.875, 1.6084334473075522e-21, nan 
-144.375, 85.875, 1.6101042562704746e-21, nan 
-144.125, 85.875, 1.5243340250039893e-21, nan 
-143.875, 85.875, 1.2672049419076134e-21, nan 
-143.625, 85.875, 1.1611733062882735e-21, nan 
-143.375, 85.875, 1.0751278094578476e-21, nan 
-143.125, 85.875, 8.427814534817936e-22, nan 
-142.875, 85.875, 7.814333874024329e-22, nan 
-142.625, 85.875, 8.286910675731234e-22, nan 
-142.375, 85.875, 8.647318732713427e-22, nan 
-142.125, 85.875, 8.371803845455431e-22, nan 
-141.875, 85.875, 7.762653083177644e-22, nan 
-141.625, 85.875, 7.20388299148841e-22, nan 
-141.375, 85.875, 6.396674506727732e-22, nan 
-141.125, 85.875, 5.054785235528647e-22, nan 
-140.875, 85.875, 5.150731992969212e-22, nan 
-140.625, 85.875, 6.560579994927519e-22, nan 
-140.375, 85.875, 8.683952183802411e-22, nan 
-140.125, 85.875, 9.236894035849587e-22, nan 
-139.875, 85.875, 1.0277686504907232e-21, nan 
-139.625, 85.875, 1.1622816524358866e-21, nan 
-139.375, 85.875, 1.2833853606514415e-21, nan 
-139.125, 85.875, 1.377317410309484e-21, nan 
-138.875, 85.875, 1.3654352000185074e-21, nan 
-138.625, 85.875, 1.3206681575961136e-21, nan 
-138.375, 85.875, 1.2620545927184776e-21, nan 
-138.125, 85.875, 1.2432617458337447e-21, nan 
-137.875, 85.875, 1.2181068728525243e-21, nan 
-137.625, 85.875, 1.2120989644070484e-21, nan 
-137.375, 85.875, 1.2084288916167279e-21, nan 
-137.125, 85.875, 1.2621017455029455e-21, nan 
-136.875, 85.875, 1.4306068018817848e-21, nan 
-136.625, 85.875, 1.6875099078870953e-21, nan 
-136.375, 85.875, 1.7907526981382135e-21, nan 
-136.125, 85.875, 1.8805423124869406e-21, nan 
-135.875, 85.875, 1.9679210791349166e-21, nan 
-135.625, 85.875, 1.8857805786602978e-21, nan 
-135.375, 85.875, 1.74083709746085e-21, nan 
-135.125, 85.875, 1.5577924115323406e-21, nan 
-134.875, 85.875, 1.4401730750169263e-21, nan 
-134.625, 85.875, 1.2556245602573598e-21, nan 
-134.375, 85.875, 9.49185356718234e-22, nan 
-134.125, 85.875, 8.091389255219302e-22, nan 
-133.875, 85.875, 8.366394096229095e-22, nan 
-133.625, 85.875, 1.0981031955437288e-21, nan 
-133.375, 85.875, 1.4504750597234606e-21, nan 
-133.125, 85.875, 1.5796554472727206e-21, nan 
-132.875, 85.875, 1.7464456464056647e-21, nan 
-132.625, 85.875, 1.9529817567369187e-21, nan 
-132.375, 85.875, 2.060250352880954e-21, nan 
-132.125, 85.875, 2.0117601825361894e-21, nan 
-131.875, 85.875, 1.9514187853399453e-21, nan 
-131.625, 85.875, 1.7803007688298938e-21, nan 
-131.375, 85.875, 1.5079874060121708e-21, nan 
-131.125, 85.875, 1.1723341184258699e-21, nan 
-130.875, 85.875, 8.930761958007812e-22, nan 
-130.625, 85.875, 7.513968354527348e-22, nan 
-130.375, 85.875, 8.147753233664701e-22, nan 
-130.125, 85.875, 9.555513983440273e-22, nan 
-129.875, 85.875, 1.0262144980825947e-21, nan 
-129.625, 85.875, 1.1716549994558303e-21, nan 
-129.375, 85.875, 1.4042074169339667e-21, nan 
-129.125, 85.875, 1.6749104772269483e-21, nan 
-128.875, 85.875, 1.749427071872118e-21, nan 
-128.625, 85.875, 1.7658780828496395e-21, nan 
-128.375, 85.875, 1.6454421218807157e-21, nan 
-128.125, 85.875, 1.3556693262617672e-21, nan 
-127.875, 85.875, 1.0899199022101277e-21, nan 
-127.625, 85.875, 1.0069972469123584e-21, nan 
-127.375, 85.875, 1.0400243837064044e-21, nan 
-127.125, 85.875, 1.1480068529696701e-21, nan 
-126.875, 85.875, 1.2463466846661398e-21, nan 
-126.625, 85.875, 1.3519674887694806e-21, nan 
-126.375, 85.875, 1.482485196207997e-21, nan 
-126.125, 85.875, 1.6079854271755206e-21, nan 
-125.875, 85.875, 1.7464245477752868e-21, nan 
-125.625, 85.875, 1.8636065405648025e-21, nan 
-125.375, 85.875, 1.967014135094523e-21, nan 
-125.125, 85.875, 1.9567407312461627e-21, nan 
-124.875, 85.875, 1.8331169545117163e-21, nan 
-124.625, 85.875, 1.6176528968074061e-21, nan 
-124.375, 85.875, 1.524482506958802e-21, nan 
-124.125, 85.875, 1.5061072736606004e-21, nan 
-123.875, 85.875, 1.5586489602234874e-21, nan 
-123.625, 85.875, 1.5576049568429026e-21, nan 
-123.375, 85.875, 1.5435421700096239e-21, nan 
-123.125, 85.875, 1.4669138927821788e-21, nan 
-122.875, 85.875, 1.3246777751413194e-21, nan 
-122.625, 85.875, 1.2986685744327194e-21, nan 
-122.375, 85.875, 1.2909928895362727e-21, nan 
-122.125, 85.875, 1.3138994269134873e-21, nan 
-121.875, 85.875, 1.2857210687246181e-21, nan 
-121.625, 85.875, 1.1749944528493674e-21, nan 
-121.375, 85.875, 9.418628608932212e-22, nan 
-121.125, 85.875, 7.283167003697547e-22, nan 
-120.875, 85.875, 5.96595757975142e-22, nan 
-120.625, 85.875, 4.985518528405455e-22, nan 
-120.375, 85.875, 4.942945240991157e-22, nan 
-120.125, 85.875, 4.8750911968939185e-22, nan 
-119.875, 85.875, 4.55213131504944e-22, nan 
-119.625, 85.875, 4.526338001711224e-22, nan 
-119.375, 85.875, 4.488467304229909e-22, nan 
-119.125, 85.875, 4.415308076365877e-22, nan 
-118.875, 85.875, 4.297238071188515e-22, nan 
-118.625, 85.875, 4.2144358995254473e-22, nan 
-118.375, 85.875, 4.1671379370447626e-22, nan 
-118.125, 85.875, 4.1648187303296834e-22, nan 
-117.875, 85.875, 4.0138044132871586e-22, nan 
-117.625, 85.875, 4.013903426481839e-22, nan 
-117.375, 85.875, 4.0704646881340423e-22, nan 
-117.125, 85.875, 4.344609853188617e-22, nan 
-116.875, 85.875, 4.525493216340729e-22, nan 
-116.625, 85.875, 4.422226860854135e-22, nan 
-116.375, 85.875, 4.387069727834289e-22, nan 
-116.125, 85.875, 4.236801454379301e-22, nan 
-115.875, 85.875, 4.0874851919194094e-22, nan 
-115.625, 85.875, 4.25864920079801e-22, nan 
-115.375, 85.875, 4.735786753755685e-22, nan 
-115.125, 85.875, 4.884555157025043e-22, nan 
-114.875, 85.875, 4.826638559867696e-22, nan 
-114.625, 85.875, 4.103911828434891e-22, nan 
-114.375, 85.875, 3.3197587723693683e-22, nan 
-114.125, 85.875, 2.6466071664568287e-22, nan 
-113.875, 85.875, 1.9706260774647815e-22, nan 
-113.625, 85.875, 1.621983776623852e-22, nan 
-113.375, 85.875, 1.5006493208804168e-22, nan 
-113.125, 85.875, 1.5148317277730001e-22, nan 
-112.875, 85.875, 1.5910639404292764e-22, nan 
-112.625, 85.875, 1.6782539571174241e-22, nan 
-112.375, 85.875, 1.9515587163331148e-22, nan 
-112.125, 85.875, 2.4330603274164813e-22, nan 
-111.875, 85.875, 2.7626383565060405e-22, nan 
-111.625, 85.875, 2.7526140237896247e-22, nan 
-111.375, 85.875, 3.058507877537272e-22, nan 
-111.125, 85.875, 3.577322544082408e-22, nan 
-110.875, 85.875, 3.9457608515375214e-22, nan 
-110.625, 85.875, 4.018257792238458e-22, nan 
-110.375, 85.875, 4.1103250385716123e-22, nan 
-110.125, 85.875, 3.6413503814137883e-22, nan 
-109.875, 85.875, 3.280686816549167e-22, nan 
-109.625, 85.875, 2.7641345136873133e-22, nan 
-109.375, 85.875, 1.850910904585131e-22, nan 
-109.125, 85.875, 2.7087115553793787e-22, nan 
-108.875, 85.875, 3.0736747294569837e-22, nan 
-108.625, 85.875, 3.1641437290622006e-22, nan 
-108.375, 85.875, 3.630895503295445e-22, nan 
-108.125, 85.875, 4.800364299160119e-22, nan 
-107.875, 85.875, 5.960123286949407e-22, nan 
-107.625, 85.875, 6.744047109049744e-22, nan 
-107.375, 85.875, 7.254717216145371e-22, nan 
-107.125, 85.875, 7.858533631393542e-22, nan 
-106.875, 85.875, 7.250578215380951e-22, nan 
-106.625, 85.875, 6.668112019984482e-22, nan 
-106.375, 85.875, 5.843784649523536e-22, nan 
-106.125, 85.875, 3.3525890991448806e-22, nan 
-105.875, 85.875, 3.525369493343504e-22, nan 
-105.625, 85.875, 3.833833479390943e-22, nan 
-105.375, 85.875, 4.088319382348773e-22, nan 
-105.125, 85.875, 4.542911297135954e-22, nan 
-104.875, 85.875, 5.007114049813165e-22, nan 
-104.625, 85.875, 5.2006729784202525e-22, nan 
-104.375, 85.875, 5.209975066367682e-22, nan 
-104.125, 85.875, 5.468878377658579e-22, nan 
-103.875, 85.875, 5.796124664551711e-22, nan 
-103.625, 85.875, 5.101472749147581e-22, nan 
-103.375, 85.875, 4.321214638635501e-22, nan 
-103.125, 85.875, 3.9236779307540016e-22, nan 
-102.875, 85.875, 2.42668940942528e-22, nan 
-102.625, 85.875, 2.3290256697946598e-22, nan 
-102.375, 85.875, 3.038235825031624e-22, nan 
-102.125, 85.875, 3.6618369264959436e-22, nan 
-101.875, 85.875, 4.589133564714871e-22, nan 
-101.625, 85.875, 4.254586175088563e-22, nan 
-101.375, 85.875, 4.025939984021952e-22, nan 
-101.125, 85.875, 3.5351920219234073e-22, nan 
-100.875, 85.875, 3.0637470990839287e-22, nan 
-100.625, 85.875, 3.4422607774743898e-22, nan 
-100.375, 85.875, 2.8666160398813514e-22, nan 
-100.125, 85.875, 2.96366288805871e-22, nan 
-99.875, 85.875, 3.636163257346509e-22, nan 
-99.625, 85.875, 4.967688591229428e-22, nan 
-99.375, 85.875, 6.531878624204927e-22, nan 
-99.125, 85.875, 8.2265920473821365e-22, nan 
-98.875, 85.875, 9.700281618665145e-22, nan 
-98.625, 85.875, 1.1274500203670293e-21, nan 
-98.375, 85.875, 1.1421622238373451e-21, nan 
-98.125, 85.875, 1.076910205176547e-21, nan 
-97.875, 85.875, 9.459997940016222e-22, nan 
-97.625, 85.875, 7.322811048244195e-22, nan 
-97.375, 85.875, 5.761041293188995e-22, nan 
-97.125, 85.875, 4.694185167777605e-22, nan 
-96.875, 85.875, 4.54079426125391e-22, nan 
-96.625, 85.875, 4.51443751421706e-22, nan 
-96.375, 85.875, 4.827422187667014e-22, nan 
-96.125, 85.875, 5.81545964441085e-22, nan 
-95.875, 85.875, 6.684941629798828e-22, nan 
-95.625, 85.875, 7.436620547830024e-22, nan 
-95.375, 85.875, 7.931291811443911e-22, nan 
-95.125, 85.875, 8.227587984288978e-22, nan 
-94.875, 85.875, 8.092718056614971e-22, nan 
-94.625, 85.875, 7.45117009580163e-22, nan 
-94.375, 85.875, 6.244403583535901e-22, nan 
-94.125, 85.875, 5.269483644080902e-22, nan 
-93.875, 85.875, 4.734439503664551e-22, nan 
-93.625, 85.875, 4.550964413998832e-22, nan 
-93.375, 85.875, 4.287364306824478e-22, nan 
-93.125, 85.875, 4.064752841676782e-22, nan 
-92.875, 85.875, 3.8222734869455277e-22, nan 
-92.625, 85.875, 4.295703618147541e-22, nan 
-92.375, 85.875, 4.778284560036258e-22, nan 
-92.125, 85.875, 4.973809400738049e-22, nan 
-91.875, 85.875, 5.015060390620939e-22, nan 
-91.625, 85.875, 4.6566755763659305e-22, nan 
-91.375, 85.875, 4.0237748029846064e-22, nan 
-91.125, 85.875, 3.734270295382283e-22, nan 
-90.875, 85.875, 3.8985810998304005e-22, nan 
-90.625, 85.875, 4.1682413169378563e-22, nan 
-90.375, 85.875, 4.160234216400264e-22, nan 
-90.125, 85.875, 4.0300598414795087e-22, nan 
-89.875, 85.875, 3.8783629205864347e-22, nan 
-89.625, 85.875, 3.8973653238330813e-22, nan 
-89.375, 85.875, 3.865082642830514e-22, nan 
-89.125, 85.875, 3.8594072328374524e-22, nan 
-88.875, 85.875, 3.904393029562415e-22, nan 
-88.625, 85.875, 3.8518331710830527e-22, nan 
-88.375, 85.875, 3.5290158134624076e-22, nan 
-88.125, 85.875, 3.2745167358818914e-22, nan 
-87.875, 85.875, 3.1613594072411653e-22, nan 
-87.625, 85.875, 2.9384933143948637e-22, nan 
-87.375, 85.875, 2.7366038822094794e-22, nan 
-87.125, 85.875, 2.696711572231716e-22, nan 
-86.875, 85.875, 2.642601203775723e-22, nan 
-86.625, 85.875, 2.5531201488890464e-22, nan 
-86.375, 85.875, 2.567826569068317e-22, nan 
-86.125, 85.875, 2.656866909392356e-22, nan 
-85.875, 85.875, 2.654073185853162e-22, nan 
-85.625, 85.875, 2.7246750928794165e-22, nan 
-85.375, 85.875, 2.743887861652912e-22, nan 
-85.125, 85.875, 2.650878479314565e-22, nan 
-84.875, 85.875, 2.630937396316869e-22, nan 
-84.625, 85.875, 2.6170728691067346e-22, nan 
-84.375, 85.875, 2.578768412846145e-22, nan 
-84.125, 85.875, 2.467491160433281e-22, nan 
-83.875, 85.875, 2.435275030381293e-22, nan 
-83.625, 85.875, 2.320372944406887e-22, nan 
-83.375, 85.875, 2.2542951714815325e-22, nan 
-83.125, 85.875, 2.1532083076208143e-22, nan 
-82.875, 85.875, 2.135020993450654e-22, nan 
-82.625, 85.875, 2.1860342813028556e-22, nan 
-82.375, 85.875, 2.2259135507239304e-22, nan 
-82.125, 85.875, 2.3312494018065993e-22, nan 
-81.875, 85.875, 2.3364593527382475e-22, nan 
-81.625, 85.875, 2.35655384839965e-22, nan 
-81.375, 85.875, 2.383203701456588e-22, nan 
-81.125, 85.875, 2.3803175344441702e-22, nan 
-80.875, 85.875, 2.3429461449817287e-22, nan 
-80.625, 85.875, 2.2169726060968353e-22, nan 
-80.375, 85.875, 2.0128697357965422e-22, nan 
-80.125, 85.875, 1.8700340261829257e-22, nan 
-79.875, 85.875, 1.8640321817939743e-22, nan 
-79.625, 85.875, 1.9575636066777661e-22, nan 
-79.375, 85.875, 1.9869809856171168e-22, nan 
-79.125, 85.875, 2.0662685826732735e-22, nan 
-78.875, 85.875, 2.3160478509432065e-22, nan 
-78.625, 85.875, 2.4917076004253806e-22, nan 
-78.375, 85.875, 2.794295679711039e-22, nan 
-78.125, 85.875, 3.0908778194411898e-22, nan 
-77.875, 85.875, 3.336489258153501e-22, nan 
-77.625, 85.875, 3.3836046071590666e-22, nan 
-77.375, 85.875, 3.4024953750602614e-22, nan 
-77.125, 85.875, 3.352575223204612e-22, nan 
-76.875, 85.875, 3.2483504040462017e-22, nan 
-76.625, 85.875, 3.1939475179874084e-22, nan 
-76.375, 85.875, 3.2562167872784806e-22, nan 
-76.125, 85.875, 3.0905782409054766e-22, nan 
-75.875, 85.875, 2.851627668378038e-22, nan 
-75.625, 85.875, 3.009012982355895e-22, nan 
-75.375, 85.875, 2.9112296080991017e-22, nan 
-75.125, 85.875, 2.995180137923266e-22, nan 
-74.875, 85.875, 2.911825735087422e-22, nan 
-74.625, 85.875, 2.863116094321589e-22, nan 
-74.375, 85.875, 2.914241536487006e-22, nan 
-74.125, 85.875, 2.9201548400937275e-22, nan 
-73.875, 85.875, 2.8641647579920637e-22, nan 
-73.625, 85.875, 2.847827650890048e-22, nan 
-73.375, 85.875, 2.9858538610702135e-22, nan 
-73.125, 85.875, 3.167352107622319e-22, nan 
-72.875, 85.875, 3.2576878710490833e-22, nan 
-72.625, 85.875, 3.261158636794988e-22, nan 
-72.375, 85.875, 3.356687829802458e-22, nan 
-72.125, 85.875, 3.3901373331359897e-22, nan 
-71.875, 85.875, 3.405154413247046e-22, nan 
-71.625, 85.875, 3.45846483828835e-22, nan 
-71.375, 85.875, 3.529112626776452e-22, nan 
-71.125, 85.875, 3.490846721586579e-22, nan 
-70.875, 85.875, 3.3296673236877894e-22, nan 
-70.625, 85.875, 3.173600631169552e-22, nan 
-70.375, 85.875, 3.1376373299035735e-22, nan 
-70.125, 85.875, 3.220786118668259e-22, nan 
-69.875, 85.875, 3.335891060235589e-22, nan 
-69.625, 85.875, 3.215836577682064e-22, nan 
-69.375, 85.875, 3.039028037606744e-22, nan 
-69.125, 85.875, 2.86692764023985e-22, nan 
-68.875, 85.875, 2.7381887527342805e-22, nan 
-68.625, 85.875, 2.6496014477073684e-22, nan 
-68.375, 85.875, 2.438719777214277e-22, nan 
-68.125, 85.875, 2.3283676513868025e-22, nan 
-67.875, 85.875, 2.191552541273156e-22, nan 
-67.625, 85.875, 1.8879432881087978e-22, nan 
-67.375, 85.875, 1.4816230375603798e-22, nan 
-67.125, 85.875, 9.429425302945172e-23, nan 
-66.875, 85.875, 1.473116958188584e-22, nan 
-66.625, 85.875, 2.0414145740151034e-22, nan 
-66.375, 85.875, 2.3229960723076977e-22, nan 
-66.125, 85.875, 2.496598188374912e-22, nan 
-65.875, 85.875, 3.1966159717244927e-22, nan 
-65.625, 85.875, 3.4526762157489856e-22, nan 
-65.375, 85.875, 3.6721029048055146e-22, nan 
-65.125, 85.875, 3.8537301965762656e-22, nan 
-64.875, 85.875, 4.360088657691781e-22, nan 
-64.625, 85.875, 4.424236035581951e-22, nan 
-64.375, 85.875, 4.418203467806894e-22, nan 
-64.125, 85.875, 4.4850608355278675e-22, nan 
-63.875, 85.875, 4.386593549930178e-22, nan 
-63.625, 85.875, 4.436730380840253e-22, nan 
-63.375, 85.875, 4.299532254270502e-22, nan 
-63.125, 85.875, 4.090151560089162e-22, nan 
-62.875, 85.875, 3.87320198870055e-22, nan 
-62.625, 85.875, 3.533287208100804e-22, nan 
-62.375, 85.875, 3.326839690707589e-22, nan 
-62.125, 85.875, 3.1901431513067006e-22, nan 
-61.875, 85.875, 3.031642804311647e-22, nan 
-61.625, 85.875, 2.8664300025018976e-22, nan 
-61.375, 85.875, 2.9296512667361033e-22, nan 
-61.125, 85.875, 2.880561814737882e-22, nan 
-60.875, 85.875, 2.986865162979509e-22, nan 
-60.625, 85.875, 3.0742889694774324e-22, nan 
-60.375, 85.875, 3.441599011631683e-22, nan 
-60.125, 85.875, 3.5025968755520224e-22, nan 
-59.875, 85.875, 3.5480083459348424e-22, nan 
-59.625, 85.875, 3.5634211848179517e-22, nan 
-59.375, 85.875, 3.463818423485933e-22, nan 
-59.125, 85.875, 3.3958781501553243e-22, nan 
-58.875, 85.875, 3.251426584711027e-22, nan 
-58.625, 85.875, 3.128786526893273e-22, nan 
-58.375, 85.875, 2.861322916453845e-22, nan 
-58.125, 85.875, 2.7703821243307727e-22, nan 
-57.875, 85.875, 2.7276251230817188e-22, nan 
-57.625, 85.875, 2.684624517705133e-22, nan 
-57.375, 85.875, 2.6667347533885276e-22, nan 
-57.125, 85.875, 2.7097943647298925e-22, nan 
-56.875, 85.875, 2.7065674178367514e-22, nan 
-56.625, 85.875, 2.6892176845028078e-22, nan 
-56.375, 85.875, 2.671642036341857e-22, nan 
-56.125, 85.875, 2.6880768178352787e-22, nan 
-55.875, 85.875, 2.7148231142829214e-22, nan 
-55.625, 85.875, 2.745550010894328e-22, nan 
-55.375, 85.875, 2.787902992396497e-22, nan 
-55.125, 85.875, 2.885866111617235e-22, nan 
-54.875, 85.875, 2.69226024766668e-22, nan 
-54.625, 85.875, 2.093331811779446e-22, nan 
-54.375, 85.875, 1.6853042573230819e-22, nan 
-54.125, 85.875, 1.5405314370005329e-22, nan 
-53.875, 85.875, 1.4515183451504342e-22, nan 
-53.625, 85.875, 1.3940814232264664e-22, nan 
-53.375, 85.875, 1.207468690179486e-22, nan 
-53.125, 85.875, 1.0872117163796204e-22, nan 
-52.875, 85.875, 3.200077795704941e-22, nan 
-52.625, 85.875, 5.022203564487016e-22, nan 
24.625, 85.875, 3.9225098307101245e-23, nan 
24.875, 85.875, 3.801719198583016e-23, nan 
25.125, 85.875, 3.690891710918539e-23, nan 
25.375, 85.875, 3.295117500398921e-23, nan 
25.625, 85.875, 2.941051918703667e-23, nan 
25.875, 85.875, 2.728902850264767e-23, nan 
26.125, 85.875, 2.2998096530977865e-23, nan 
26.375, 85.875, 2.2110860955305655e-23, nan 
26.625, 85.875, 2.5949012859566846e-23, nan 
26.875, 85.875, 2.903404371852466e-23, nan 
27.125, 85.875, 3.332242684052354e-23, nan 
27.375, 85.875, 3.720899380084991e-23, nan 
27.625, 85.875, 4.120851108572316e-23, nan 
27.875, 85.875, 4.028055098214274e-23, nan 
28.125, 85.875, 4.409832013189406e-23, nan 
28.375, 85.875, 4.471220152348517e-23, nan 
28.625, 85.875, 4.1348092809229036e-23, nan 
28.875, 85.875, 5.955541096211902e-23, nan 
29.125, 85.875, 8.374038863304464e-23, nan 
29.375, 85.875, 9.141341667176508e-23, nan 
29.625, 85.875, 9.728826750305711e-23, nan 
29.875, 85.875, 1.1548260641538683e-22, nan 
30.125, 85.875, 1.2127924734443817e-22, nan 
30.375, 85.875, 1.2534094191332696e-22, nan 
30.625, 85.875, 1.356805681075158e-22, nan 
30.875, 85.875, 1.4733035689349333e-22, nan 
31.125, 85.875, 1.5499972010618893e-22, nan 
31.375, 85.875, 1.6085027607758428e-22, nan 
31.625, 85.875, 1.736651006130076e-22, nan 
31.875, 85.875, 1.846141927582311e-22, nan 
32.125, 85.875, 1.9093514842989438e-22, nan 
32.375, 85.875, 1.9019506720468932e-22, nan 
32.625, 85.875, 1.8404146735817483e-22, nan 
32.875, 85.875, 1.748808510911797e-22, nan 
33.125, 85.875, 1.647847594515722e-22, nan 
33.375, 85.875, 1.624801352801682e-22, nan 
33.625, 85.875, 1.6310766582457823e-22, nan 
33.875, 85.875, 1.5979278404770807e-22, nan 
34.125, 85.875, 1.5835256781635745e-22, nan 
34.375, 85.875, 1.56596269006042e-22, nan 
34.625, 85.875, 1.5897625295665054e-22, nan 
34.875, 85.875, 1.6181777188318176e-22, nan 
35.125, 85.875, 1.6691368808830614e-22, nan 
35.375, 85.875, 1.6812212189101567e-22, nan 
35.625, 85.875, 1.674976222203783e-22, nan 
35.875, 85.875, 1.6464002990013133e-22, nan 
36.125, 85.875, 1.5816414043268527e-22, nan 
36.375, 85.875, 1.5140893406507303e-22, nan 
36.625, 85.875, 1.4513608646348814e-22, nan 
36.875, 85.875, 1.4277498043782577e-22, nan 
37.125, 85.875, 1.3621940572927855e-22, nan 
37.375, 85.875, 1.2799323416326194e-22, nan 
37.625, 85.875, 1.1764943244784245e-22, nan 
37.875, 85.875, 1.083326956640589e-22, nan 
38.125, 85.875, 1.0692719471388317e-22, nan 
38.375, 85.875, 1.0525940527704376e-22, nan 
38.625, 85.875, 1.0339659437905649e-22, nan 
38.875, 85.875, 9.987109969789483e-23, nan 
39.125, 85.875, 1.0146907290847984e-22, nan 
39.375, 85.875, 1.0100227541334952e-22, nan 
39.625, 85.875, 9.717892363007341e-23, nan 
39.875, 85.875, 9.41260717377034e-23, nan 
40.125, 85.875, 9.111849943679589e-23, nan 
40.375, 85.875, 8.860843719228513e-23, nan 
40.625, 85.875, 9.071065182411527e-23, nan 
40.875, 85.875, 9.074931905242715e-23, nan 
41.125, 85.875, 9.19326372103014e-23, nan 
41.375, 85.875, 9.280029813338394e-23, nan 
41.625, 85.875, 9.039754009060444e-23, nan 
41.875, 85.875, 9.08945370397036e-23, nan 
42.125, 85.875, 8.678300962588364e-23, nan 
42.375, 85.875, 9.994347185900009e-23, nan 
42.625, 85.875, 1.001927330633134e-22, nan 
42.875, 85.875, 1.0603752299085283e-22, nan 
43.125, 85.875, 1.0981294972089274e-22, nan 
43.375, 85.875, 1.16506381737276e-22, nan 
43.625, 85.875, 1.2467697225258319e-22, nan 
43.875, 85.875, 1.2744059717165313e-22, nan 
44.125, 85.875, 1.2983662186826625e-22, nan 
44.375, 85.875, 1.3230315514213442e-22, nan 
44.625, 85.875, 1.2526682804596717e-22, nan 
44.875, 85.875, 1.2137264923979926e-22, nan 
45.125, 85.875, 1.152974414745327e-22, nan 
45.375, 85.875, 1.1211405896347231e-22, nan 
45.625, 85.875, 1.111456006877854e-22, nan 
45.875, 85.875, 1.1291692582213644e-22, nan 
46.125, 85.875, 1.176671473540349e-22, nan 
46.375, 85.875, 1.1708238155467776e-22, nan 
46.625, 85.875, 1.181976298123757e-22, nan 
46.875, 85.875, 1.1970369010150365e-22, nan 
47.125, 85.875, 1.20362150037392e-22, nan 
47.375, 85.875, 1.1962743996870538e-22, nan 
47.625, 85.875, 1.2027337754829293e-22, nan 
47.875, 85.875, 1.129897411790255e-22, nan 
48.125, 85.875, 1.0789909254460192e-22, nan 
48.375, 85.875, 1.1500569855827076e-22, nan 
48.625, 85.875, 1.299902070598148e-22, nan 
48.875, 85.875, 1.3778833116265539e-22, nan 
49.125, 85.875, 1.5446500629512466e-22, nan 
49.375, 85.875, 1.855863594780803e-22, nan 
49.625, 85.875, 1.9211674708527638e-22, nan 
49.875, 85.875, 2.1312596678449413e-22, nan 
50.125, 85.875, 2.0840426965357937e-22, nan 
50.375, 85.875, 2.2148442311888e-22, nan 
50.625, 85.875, 2.28427665340918e-22, nan 
50.875, 85.875, 2.470244850207368e-22, nan 
51.125, 85.875, 2.687545700147927e-22, nan 
51.375, 85.875, 2.857850924365969e-22, nan 
51.625, 85.875, 2.9239359154549137e-22, nan 
51.875, 85.875, 2.9503272856585347e-22, nan 
52.125, 85.875, 2.8461781141287905e-22, nan 
52.375, 85.875, 2.779114004920721e-22, nan 
52.625, 85.875, 2.788122681570842e-22, nan 
52.875, 85.875, 2.7488249634226265e-22, nan 
53.125, 85.875, 2.6945069343794083e-22, nan 
53.375, 85.875, 2.648301707210626e-22, nan 
53.625, 85.875, 2.5860967698525703e-22, nan 
53.875, 85.875, 2.581909863377282e-22, nan 
54.125, 85.875, 2.0288670395068519e-22, nan 
54.375, 85.875, 1.8492886220482514e-22, nan 
54.625, 85.875, 1.9441047808214304e-22, nan 
54.875, 85.875, 2.113049933472507e-22, nan 
55.125, 85.875, 2.369182377292181e-22, nan 
55.375, 85.875, 2.229228493801215e-22, nan 
55.625, 85.875, 2.070596906956209e-22, nan 
55.875, 85.875, 2.214569503782459e-22, nan 
56.125, 85.875, 2.2848190900230037e-22, nan 
56.375, 85.875, 2.3147816554027973e-22, nan 
56.625, 85.875, 2.3835624419856347e-22, nan 
56.875, 85.875, 2.3448794365988564e-22, nan 
57.125, 85.875, 2.423211934719796e-22, nan 
57.375, 85.875, 2.158346632402673e-22, nan 
57.625, 85.875, 1.8730159571567492e-22, nan 
57.875, 85.875, 1.8626781651121192e-22, nan 
58.125, 85.875, 1.8253948011649867e-22, nan 
58.375, 85.875, 1.791869098848761e-22, nan 
58.625, 85.875, 1.7513213864288795e-22, nan 
58.875, 85.875, 1.7143974941896255e-22, nan 
59.125, 85.875, 1.7353940924143327e-22, nan 
59.375, 85.875, 1.726522038416039e-22, nan 
59.625, 85.875, 1.7485723297412406e-22, nan 
59.875, 85.875, 1.7907222379571149e-22, nan 
60.125, 85.875, 1.820662479615138e-22, nan 
60.375, 85.875, 1.816132820460144e-22, nan 
60.625, 85.875, 1.8179350474046176e-22, nan 
60.875, 85.875, 1.789351126068095e-22, nan 
61.125, 85.875, 1.7924313657111277e-22, nan 
61.375, 85.875, 1.7914904946894053e-22, nan 
61.625, 85.875, 1.7908276569945646e-22, nan 
61.875, 85.875, 1.8249327408080687e-22, nan 
62.125, 85.875, 1.8343057328488017e-22, nan 
62.375, 85.875, 1.8307483248822045e-22, nan 
62.625, 85.875, 1.823076634069765e-22, nan 
62.875, 85.875, 1.787449029545541e-22, nan 
63.125, 85.875, 1.7678771544309352e-22, nan 
63.375, 85.875, 1.7644420949495772e-22, nan 
63.625, 85.875, 1.772860411288897e-22, nan 
63.875, 85.875, 1.8560429293226262e-22, nan 
64.125, 85.875, 1.9055488252027731e-22, nan 
64.375, 85.875, 1.9440857951279764e-22, nan 
64.625, 85.875, 1.9667561056284919e-22, nan 
64.875, 85.875, 1.9478529876521218e-22, nan 
65.125, 85.875, 1.928635114349555e-22, nan 
65.375, 85.875, 1.9023128330339456e-22, nan 
65.625, 85.875, 1.9715074525070439e-22, nan 
65.875, 85.875, 2.0839535662717858e-22, nan 
66.125, 85.875, 2.136021188221023e-22, nan 
66.375, 85.875, 2.160067334005437e-22, nan 
66.625, 85.875, 2.133157066338908e-22, nan 
66.875, 85.875, 1.94716394426675e-22, nan 
67.125, 85.875, 1.760797182705769e-22, nan 
67.375, 85.875, 1.60870733530202e-22, nan 
67.625, 85.875, 1.4835470090231488e-22, nan 
67.875, 85.875, 1.3889670489476451e-22, nan 
68.125, 85.875, 1.3846043114187581e-22, nan 
68.375, 85.875, 1.4311135234227973e-22, nan 
68.625, 85.875, 1.4855005493196689e-22, nan 
68.875, 85.875, 1.4314475227826635e-22, nan 
69.125, 85.875, 1.4392273859252947e-22, nan 
69.375, 85.875, 1.4654436989169228e-22, nan 
69.625, 85.875, 1.5007760000696616e-22, nan 
69.875, 85.875, 1.4135710340055136e-22, nan 
70.125, 85.875, 1.4486868929503151e-22, nan 
70.375, 85.875, 1.4075200846458411e-22, nan 
70.625, 85.875, 1.419387884333459e-22, nan 
70.875, 85.875, 1.450148180008839e-22, nan 
71.125, 85.875, 1.6231604994639108e-22, nan 
71.375, 85.875, 1.6965380546368976e-22, nan 
71.625, 85.875, 1.7039045735950373e-22, nan 
71.875, 85.875, 1.8157768882919292e-22, nan 
72.125, 85.875, 1.6631573320408084e-22, nan 
72.375, 85.875, 1.5892314585810506e-22, nan 
72.625, 85.875, 1.5414612226140852e-22, nan 
72.875, 85.875, 1.5407549496092557e-22, nan 
73.125, 85.875, 1.5490303265761955e-22, nan 
73.375, 85.875, 1.5560994138570344e-22, nan 
73.625, 85.875, 1.5891583225787674e-22, nan 
73.875, 85.875, 1.6658238820689121e-22, nan 
74.125, 85.875, 1.764225299964903e-22, nan 
74.375, 85.875, 1.8031575206882094e-22, nan 
74.625, 85.875, 1.8688565742224501e-22, nan 
74.875, 85.875, 1.9565786029603696e-22, nan 
75.125, 85.875, 2.119973896089733e-22, nan 
75.375, 85.875, 2.2450097206544738e-22, nan 
75.625, 85.875, 2.2780438945085774e-22, nan 
75.875, 85.875, 2.4486510287775104e-22, nan 
76.125, 85.875, 2.7048028805273877e-22, nan 
76.375, 85.875, 3.035228557289596e-22, nan 
76.625, 85.875, 3.100136502720657e-22, nan 
76.875, 85.875, 3.7975424035124693e-22, nan 
77.125, 85.875, 3.848122108194005e-22, nan 
77.375, 85.875, 4.0859680383611824e-22, nan 
77.625, 85.875, 4.2249194950872662e-22, nan 
77.875, 85.875, 4.293548569770282e-22, nan 
78.125, 85.875, 4.497762139917695e-22, nan 
78.375, 85.875, 4.0856479036307576e-22, nan 
78.625, 85.875, 3.6083204936749527e-22, nan 
78.875, 85.875, 3.1246059858867936e-22, nan 
79.125, 85.875, 2.683171114460905e-22, nan 
79.375, 85.875, 2.2809503965064804e-22, nan 
79.625, 85.875, 2.0836619711431251e-22, nan 
79.875, 85.875, 1.938548222511713e-22, nan 
80.125, 85.875, 1.7699842200851429e-22, nan 
80.375, 85.875, 1.688986627812773e-22, nan 
80.625, 85.875, 1.604448028547806e-22, nan 
80.875, 85.875, 1.681215758937168e-22, nan 
81.125, 85.875, 1.683375926680123e-22, nan 
81.375, 85.875, 1.7928176347723822e-22, nan 
81.625, 85.875, 1.9044198882787991e-22, nan 
81.875, 85.875, 2.0381093348786007e-22, nan 
82.125, 85.875, 1.9666954439729637e-22, nan 
82.375, 85.875, 1.976644213574066e-22, nan 
82.625, 85.875, 2.0302392220909558e-22, nan 
82.875, 85.875, 1.9530728075565746e-22, nan 
83.125, 85.875, 2.0243131299632154e-22, nan 
83.375, 85.875, 2.225967108506297e-22, nan 
83.625, 85.875, 2.4193616977674433e-22, nan 
83.875, 85.875, 2.493702629799412e-22, nan 
84.125, 85.875, 2.6346415775501285e-22, nan 
84.375, 85.875, 2.7624511995030996e-22, nan 
84.625, 85.875, 2.6528988990227487e-22, nan 
84.875, 85.875, 2.6272723718091293e-22, nan 
85.125, 85.875, 2.6369275903013364e-22, nan 
85.375, 85.875, 2.5651722712500235e-22, nan 
85.625, 85.875, 2.4702092845642987e-22, nan 
85.875, 85.875, 2.40393605277822e-22, nan 
86.125, 85.875, 2.800630413709139e-22, nan 
86.375, 85.875, 2.610634869349783e-22, nan 
86.625, 85.875, 2.5532227792443796e-22, nan 
86.875, 85.875, 2.359190109011537e-22, nan 
87.125, 85.875, 2.9575952743407177e-22, nan 
87.375, 85.875, 3.145924234582442e-22, nan 
87.625, 85.875, 2.9603635421050533e-22, nan 
87.875, 85.875, 2.860674581727122e-22, nan 
88.125, 85.875, 3.2438722446363152e-22, nan 
88.375, 85.875, 3.5462160496095047e-22, nan 
88.625, 85.875, 3.5093389508083034e-22, nan 
88.875, 85.875, 4.0509390732070285e-22, nan 
89.125, 85.875, 3.982260707098212e-22, nan 
89.375, 85.875, 4.708619163913417e-22, nan 
89.625, 85.875, 4.686972054077403e-22, nan 
89.875, 85.875, 4.058762947610811e-22, nan 
90.125, 85.875, 2.6982524959754407e-22, nan 
90.375, 85.875, 4.599096531551785e-22, nan 
90.625, 85.875, 5.594956435407768e-22, nan 
90.875, 85.875, 5.823163033021156e-22, nan 
91.125, 85.875, 6.121366710690829e-22, nan 
91.375, 85.875, 6.619643766409567e-22, nan 
91.625, 85.875, 6.599726437930158e-22, nan 
91.875, 85.875, 6.463348675059547e-22, nan 
92.125, 85.875, 6.369395344380494e-22, nan 
92.375, 85.875, 6.349552784740067e-22, nan 
92.625, 85.875, 6.398038305314886e-22, nan 
92.875, 85.875, 6.248613461058998e-22, nan 
93.125, 85.875, 5.941771162758558e-22, nan 
93.375, 85.875, 5.501971811904801e-22, nan 
93.625, 85.875, 6.422866398310947e-22, nan 
93.875, 85.875, 7.424629640855265e-22, nan 
94.125, 85.875, 7.693685402862017e-22, nan 
94.375, 85.875, 7.971574808151968e-22, nan 
94.625, 85.875, 9.310118403572602e-22, nan 
94.875, 85.875, 1.0171751380249312e-21, nan 
95.125, 85.875, 1.0101984033311488e-21, nan 
95.375, 85.875, 1.0117227459093583e-21, nan 
95.625, 85.875, 9.996025589549988e-22, nan 
95.875, 85.875, 9.97653187981974e-22, nan 
96.125, 85.875, 9.41737162374171e-22, nan 
96.375, 85.875, 8.844073407850512e-22, nan 
96.625, 85.875, 8.092645642706223e-22, nan 
96.875, 85.875, 7.303225097454187e-22, nan 
97.125, 85.875, 8.743544523427142e-22, nan 
97.375, 85.875, 1.0743658031600803e-21, nan 
97.625, 85.875, 1.2172925594588555e-21, nan 
97.875, 85.875, 1.537847171798448e-21, nan 
98.125, 85.875, 1.7578764990175247e-21, nan 
98.375, 85.875, 1.723350865416713e-21, nan 
98.625, 85.875, 1.6982647874479284e-21, nan 
98.875, 85.875, 1.7465531128408236e-21, nan 
99.125, 85.875, 1.8526183394700384e-21, nan 
99.375, 85.875, 1.791531032386418e-21, nan 
99.625, 85.875, 1.8008684417270694e-21, nan 
99.875, 85.875, 1.819425625654506e-21, nan 
100.125, 85.875, 1.8800192787043686e-21, nan 
100.375, 85.875, 1.9554258487059804e-21, nan 
100.625, 85.875, 1.9953295369050944e-21, nan 
100.875, 85.875, 2.0122852776826058e-21, nan 
101.125, 85.875, 2.036146641061338e-21, nan 
101.375, 85.875, 2.049886690575604e-21, nan 
101.625, 85.875, 2.0300957711864612e-21, nan 
101.875, 85.875, 2.0353520529072835e-21, nan 
102.125, 85.875, 2.033637375515766e-21, nan 
102.375, 85.875, 1.9569418329898855e-21, nan 
102.625, 85.875, 1.9326026070868866e-21, nan 
102.875, 85.875, 1.718937311690631e-21, nan 
103.125, 85.875, 1.5772526030190352e-21, nan 
103.375, 85.875, 1.6147584421100866e-21, nan 
103.625, 85.875, 1.766630104474014e-21, nan 
103.875, 85.875, 1.853784341396621e-21, nan 
104.125, 85.875, 1.9028681424877943e-21, nan 
104.375, 85.875, 1.989254983665449e-21, nan 
104.625, 85.875, 2.017523969476154e-21, nan 
104.875, 85.875, 2.0173800483699528e-21, nan 
105.125, 85.875, 1.985427809660266e-21, nan 
105.375, 85.875, 1.9198339200536676e-21, nan 
105.625, 85.875, 1.8120790537989436e-21, nan 
105.875, 85.875, 1.8105873714245574e-21, nan 
106.125, 85.875, 1.6589586750414046e-21, nan 
106.375, 85.875, 1.5670235615702561e-21, nan 
106.625, 85.875, 1.5421462427485696e-21, nan 
106.875, 85.875, 1.6252693364575752e-21, nan 
107.125, 85.875, 1.729346018247962e-21, nan 
107.375, 85.875, 1.774327449098121e-21, nan 
107.625, 85.875, 1.7643731709203683e-21, nan 
107.875, 85.875, 1.827098335597494e-21, nan 
108.125, 85.875, 1.8521766239339435e-21, nan 
108.375, 85.875, 1.8245976199885407e-21, nan 
108.625, 85.875, 1.764013064265033e-21, nan 
108.875, 85.875, 1.6607716172662258e-21, nan 
109.125, 85.875, 1.6197893931774117e-21, nan 
109.375, 85.875, 1.4910299832189427e-21, nan 
109.625, 85.875, 1.4330196665024559e-21, nan 
109.875, 85.875, 1.3872488304370385e-21, nan 
110.125, 85.875, 1.3583059683352278e-21, nan 
110.375, 85.875, 1.4156990936862704e-21, nan 
110.625, 85.875, 1.4430136954897447e-21, nan 
110.875, 85.875, 1.4187643020844674e-21, nan 
111.125, 85.875, 1.5424509340685856e-21, nan 
111.375, 85.875, 1.5911116107446593e-21, nan 
111.625, 85.875, 1.5179477699670947e-21, nan 
111.875, 85.875, 1.4698620572945642e-21, nan 
112.125, 85.875, 1.3641158620901744e-21, nan 
112.375, 85.875, 1.288272070806499e-21, nan 
112.625, 85.875, 1.258170790380191e-21, nan 
112.875, 85.875, 1.220865758655144e-21, nan 
113.125, 85.875, 1.1597628183287078e-21, nan 
113.375, 85.875, 1.0866282740404305e-21, nan 
113.625, 85.875, 1.0708142928230968e-21, nan 
113.875, 85.875, 1.0953656517236997e-21, nan 
114.125, 85.875, 1.1594453723687667e-21, nan 
114.375, 85.875, 1.2677515973898995e-21, nan 
114.625, 85.875, 1.2940265960415365e-21, nan 
114.875, 85.875, 1.2418030577521921e-21, nan 
115.125, 85.875, 1.1999805309370322e-21, nan 
115.375, 85.875, 1.3141149876337868e-21, nan 
115.625, 85.875, 1.3942608898563553e-21, nan 
115.875, 85.875, 1.395837925393987e-21, nan 
116.125, 85.875, 1.3285151078079913e-21, nan 
116.375, 85.875, 1.255154098104388e-21, nan 
116.625, 85.875, 1.1398950296679984e-21, nan 
116.875, 85.875, 6.712707954648117e-22, nan 
117.125, 85.875, 5.588660385574072e-22, nan 
117.375, 85.875, 5.847185965124426e-22, nan 
117.625, 85.875, 7.138176649063324e-22, nan 
117.875, 85.875, 8.645147381834966e-22, nan 
118.125, 85.875, 1.0379615215451649e-21, nan 
118.375, 85.875, 1.2761867505253506e-21, nan 
118.625, 85.875, 1.4007431112403128e-21, nan 
118.875, 85.875, 1.4492908818386452e-21, nan 
119.125, 85.875, 1.2411072733714486e-21, nan 
119.375, 85.875, 1.0125373469835548e-21, nan 
119.625, 85.875, 8.96991151892619e-22, nan 
119.875, 85.875, 1.3354565511696394e-21, nan 
120.125, 85.875, 1.6426363685716344e-21, nan 
120.375, 85.875, 1.8142401699231147e-21, nan 
120.625, 85.875, 1.935037310481727e-21, nan 
120.875, 85.875, 1.9954170158042613e-21, nan 
121.125, 85.875, 2.1365466674368697e-21, nan 
121.375, 85.875, 2.2835596565627827e-21, nan 
121.625, 85.875, 2.4202095147526637e-21, nan 
121.875, 85.875, 2.4872783255008233e-21, nan 
122.125, 85.875, 2.625397977927274e-21, nan 
122.375, 85.875, 2.600800230898473e-21, nan 
122.625, 85.875, 2.7208025855708786e-21, nan 
122.875, 85.875, 2.8273704551181617e-21, nan 
123.125, 85.875, 2.6242511683553713e-21, nan 
123.375, 85.875, 2.6809289434265796e-21, nan 
123.625, 85.875, 2.658186793997464e-21, nan 
123.875, 85.875, 2.690272964639565e-21, nan 
124.125, 85.875, 2.325251076359485e-21, nan 
124.375, 85.875, 2.1321422668419605e-21, nan 
124.625, 85.875, 2.1573172638945604e-21, nan 
124.875, 85.875, 2.0706434419955544e-21, nan 
125.125, 85.875, 2.3613489537757003e-21, nan 
125.375, 85.875, 2.882438156023931e-21, nan 
125.625, 85.875, 3.0919059242280482e-21, nan 
125.875, 85.875, 3.503061757786122e-21, nan 
126.125, 85.875, 3.613602350652784e-21, nan 
126.375, 85.875, 3.067208874817921e-21, nan 
126.625, 85.875, 2.9179331726519253e-21, nan 
126.875, 85.875, 2.893341645405695e-21, nan 
127.125, 85.875, 2.9184103578841652e-21, nan 
127.375, 85.875, 2.8976392465937734e-21, nan 
127.625, 85.875, 2.9921530020269744e-21, nan 
127.875, 85.875, 3.051954299525113e-21, nan 
128.125, 85.875, 2.978254702524224e-21, nan 
128.375, 85.875, 3.3373996215001197e-21, nan 
128.625, 85.875, 3.638524978645727e-21, nan 
128.875, 85.875, 3.769714891084719e-21, nan 
129.125, 85.875, 4.301283707482789e-21, nan 
129.375, 85.875, 4.40473717680099e-21, nan 
129.625, 85.875, 4.1897522891568364e-21, nan 
129.875, 85.875, 4.215310473693732e-21, nan 
130.125, 85.875, 4.100737876180221e-21, nan 
130.375, 85.875, 4.078294276638166e-21, nan 
130.625, 85.875, 3.922431753727299e-21, nan 
130.875, 85.875, 3.876171381899352e-21, nan 
131.125, 85.875, 3.722964556086848e-21, nan 
131.375, 85.875, 3.801581118880953e-21, nan 
131.625, 85.875, 3.7242695306034175e-21, nan 
131.875, 85.875, 3.770564396642681e-21, nan 
132.125, 85.875, 3.8633832515044796e-21, nan 
132.375, 85.875, 4.31335321470751e-21, nan 
132.625, 85.875, 4.57587494650428e-21, nan 
132.875, 85.875, 4.5572672454494555e-21, nan 
133.125, 85.875, 4.5040040408187376e-21, nan 
133.375, 85.875, 4.7998359634507025e-21, nan 
133.625, 85.875, 4.886531846299332e-21, nan 
133.875, 85.875, 4.590302274481032e-21, nan 
134.125, 85.875, 4.155056916579422e-21, nan 
134.375, 85.875, 4.122395567742795e-21, nan 
134.625, 85.875, 4.1555895486718174e-21, nan 
134.875, 85.875, 4.014050132197452e-21, nan 
135.125, 85.875, 4.0572224192190714e-21, nan 
135.375, 85.875, 3.9643377519548724e-21, nan 
135.625, 85.875, 4.148017566491169e-21, nan 
135.875, 85.875, 4.094152047521162e-21, nan 
136.125, 85.875, 4.1425103628685295e-21, nan 
136.375, 85.875, 4.157053850360625e-21, nan 
136.625, 85.875, 4.26793005458823e-21, nan 
136.875, 85.875, 4.325052464199722e-21, nan 
137.125, 85.875, 4.569135416806148e-21, nan 
137.375, 85.875, 4.797729517096812e-21, nan 
137.625, 85.875, 5.020565989016916e-21, nan 
137.875, 85.875, 5.129462660150579e-21, nan 
138.125, 85.875, 5.132714643396737e-21, nan 
138.375, 85.875, 5.11172156144001e-21, nan 
138.625, 85.875, 4.910564729712722e-21, nan 
138.875, 85.875, 4.9098823203483895e-21, nan 
139.125, 85.875, 4.969631016404998e-21, nan 
139.375, 85.875, 4.84580183600737e-21, nan 
139.625, 85.875, 4.737415172021167e-21, nan 
139.875, 85.875, 4.73083614754204e-21, nan 
140.125, 85.875, 4.657509894628971e-21, nan 
140.375, 85.875, 4.677173066943505e-21, nan 
140.625, 85.875, 4.699782918627536e-21, nan 
140.875, 85.875, 4.720166421984507e-21, nan 
141.125, 85.875, 4.642272745673025e-21, nan 
141.375, 85.875, 4.4603446861635935e-21, nan 
141.625, 85.875, 4.378238698366474e-21, nan 
141.875, 85.875, 4.3697073876292165e-21, nan 
142.125, 85.875, 4.526086257195768e-21, nan 
142.375, 85.875, 4.597887916981213e-21, nan 
142.625, 85.875, 4.5624422673411544e-21, nan 
142.875, 85.875, 4.6098552605287285e-21, nan 
143.125, 85.875, 4.794135233437411e-21, nan 
143.375, 85.875, 4.802842074777626e-21, nan 
143.625, 85.875, 4.921363772776286e-21, nan 
143.875, 85.875, 5.098541087655607e-21, nan 
144.125, 85.875, 5.369745262960317e-21, nan 
144.375, 85.875, 5.717422584395484e-21, nan 
144.625, 85.875, 5.266973394819692e-21, nan 
144.875, 85.875, 5.015856353989306e-21, nan 
145.125, 85.875, 5.404921943138189e-21, nan 
145.375, 85.875, 5.978004940159054e-21, nan 
145.625, 85.875, 5.74921251425793e-21, nan 
145.875, 85.875, 5.611255631019899e-21, nan 
146.125, 85.875, 5.673395265999389e-21, nan 
146.375, 85.875, 5.7133246451461646e-21, nan 
146.625, 85.875, 5.5868810323194084e-21, nan 
146.875, 85.875, 5.310289869973309e-21, nan 
147.125, 85.875, 5.47051733896767e-21, nan 
147.375, 85.875, 5.636537544903782e-21, nan 
147.625, 85.875, 5.7308161136736986e-21, nan 
147.875, 85.875, 5.636785343055885e-21, nan 
148.125, 85.875, 5.395226942211935e-21, nan 
148.375, 85.875, 5.881566158380717e-21, nan 
148.625, 85.875, 6.3659302790670815e-21, nan 
148.875, 85.875, 7.504363520358239e-21, nan 
149.125, 85.875, 8.79228528475483e-21, nan 
149.375, 85.875, 9.086641365365681e-21, nan 
149.625, 85.875, 8.697583199295601e-21, nan 
149.875, 85.875, 9.193250129070918e-21, nan 
150.125, 85.875, 9.39031454537463e-21, nan 
150.375, 85.875, 9.561045329866482e-21, nan 
150.625, 85.875, 9.342211750107968e-21, nan 
150.875, 85.875, 8.845649789454002e-21, nan 
151.125, 85.875, 8.132307110136881e-21, nan 
151.375, 85.875, 7.587120691087416e-21, nan 
151.625, 85.875, 7.891832988564174e-21, nan 
151.875, 85.875, 8.275927919827899e-21, nan 
152.125, 85.875, 8.749901066944707e-21, nan 
152.375, 85.875, 8.861455889809953e-21, nan 
152.625, 85.875, 6.850975081817466e-21, nan 
152.875, 85.875, 3.7355494672108835e-21, nan 
153.125, 85.875, 3.100111122982641e-21, nan 
153.375, 85.875, 2.6329568321684004e-21, nan 
153.625, 85.875, 2.3257814652499955e-21, nan 
153.875, 85.875, 2.2490619863476326e-21, nan 
154.125, 85.875, 1.9785166847037203e-21, nan 
154.375, 85.875, 1.686386608663175e-21, nan 
154.625, 85.875, 1.569969026510409e-21, nan 
154.875, 85.875, 3.3039749479754853e-21, nan 
155.125, 85.875, 5.020137620341988e-21, nan 
155.375, 85.875, 5.798810769306438e-21, nan 
155.625, 85.875, 6.295763555265642e-21, nan 
155.875, 85.875, 6.33365382560085e-21, nan 
156.125, 85.875, 6.314555817966093e-21, nan 
156.375, 85.875, 6.00770846025538e-21, nan 
156.625, 85.875, 5.592381798739427e-21, nan 
156.875, 85.875, 5.348519723717309e-21, nan 
157.125, 85.875, 5.192429997894967e-21, nan 
157.375, 85.875, 4.883493792842748e-21, nan 
157.625, 85.875, 4.266734184334563e-21, nan 
157.875, 85.875, 2.8967800669466406e-21, nan 
158.125, 85.875, 2.3303531949073626e-21, nan 
158.375, 85.875, 2.1279849332277777e-21, nan 
158.625, 85.875, 3.402229099456356e-21, nan 
158.875, 85.875, 3.433368241995579e-21, nan 
159.125, 85.875, 3.2264654688559234e-21, nan 
159.375, 85.875, 3.907680516064316e-21, nan 
159.625, 85.875, 3.69707214365433e-21, nan 
159.875, 85.875, 3.6264523886573815e-21, nan 
160.125, 85.875, 3.497947187550197e-21, nan 
160.375, 85.875, 3.478452207699897e-21, nan 
160.625, 85.875, 4.014454719292961e-21, nan 
160.875, 85.875, 3.975107428868376e-21, nan 
161.125, 85.875, 4.223099588521787e-21, nan 
161.375, 85.875, 4.153351476597536e-21, nan 
161.625, 85.875, 4.320210571743594e-21, nan 
161.875, 85.875, 4.215820939217825e-21, nan 
162.125, 85.875, 4.398972506921662e-21, nan 
162.375, 85.875, 4.408375382250656e-21, nan 
162.625, 85.875, 4.024926860382685e-21, nan 
162.875, 85.875, 3.977804967461117e-21, nan 
163.125, 85.875, 3.886290924043091e-21, nan 
163.375, 85.875, 3.419805573181145e-21, nan 
163.625, 85.875, 3.3140775373718652e-21, nan 
163.875, 85.875, 2.632183878591755e-21, nan 
164.125, 85.875, 1.957041204818843e-21, nan 
164.375, 85.875, 1.604063795681092e-21, nan 
164.625, 85.875, 1.7103610855793708e-21, nan 
164.875, 85.875, 2.5149925024331296e-21, nan 
165.125, 85.875, 3.8591467127885826e-21, nan 
165.375, 85.875, 4.4682499507816285e-21, nan 
165.625, 85.875, 5.143914283557732e-21, nan 
165.875, 85.875, 5.447707553729351e-21, nan 
166.125, 85.875, 5.287935709970771e-21, nan 
166.375, 85.875, 5.2636101293300995e-21, nan 
166.625, 85.875, 5.432138560147215e-21, nan 
166.875, 85.875, 5.688433362208281e-21, nan 
167.125, 85.875, 5.515824217513593e-21, nan 
167.375, 85.875, 5.276343276103618e-21, nan 
167.625, 85.875, 5.490155091263625e-21, nan 
167.875, 85.875, 6.6052022808809356e-21, nan 
168.125, 85.875, 8.206441675761176e-21, nan 
168.375, 85.875, 9.208272416498937e-21, nan 
168.625, 85.875, 9.797448147947571e-21, nan 
168.875, 85.875, 1.0215709828467029e-20, nan 
169.125, 85.875, 1.079781776091214e-20, nan 
169.375, 85.875, 1.1210718300406677e-20, nan 
169.625, 85.875, 1.1448479632252072e-20, nan 
169.875, 85.875, 1.1483095408409529e-20, nan 
170.125, 85.875, 1.183044297850883e-20, nan 
170.375, 85.875, 1.1981256484068959e-20, nan 
170.625, 85.875, 1.2207372817460634e-20, nan 
170.875, 85.875, 1.1937995837629802e-20, nan 
171.125, 85.875, 1.0999235184880392e-20, nan 
171.375, 85.875, 9.734318015762639e-21, nan 
171.625, 85.875, 7.889327195032768e-21, nan 
171.875, 85.875, 5.2049970709597665e-21, nan 
172.125, 85.875, 3.784764112665347e-21, nan 
172.375, 85.875, 6.09084295613865e-21, nan 
172.625, 85.875, 8.382869016199821e-21, nan 
172.875, 85.875, 9.299254087961561e-21, nan 
173.125, 85.875, 9.183708730084656e-21, nan 
173.375, 85.875, 8.610797925981891e-21, nan 
173.625, 85.875, 8.231700975406212e-21, nan 
173.875, 85.875, 8.85449955113274e-21, nan 
174.125, 85.875, 8.108807567155137e-21, nan 
174.375, 85.875, 8.307073968111493e-21, nan 
174.625, 85.875, 9.421699955074675e-21, nan 
174.875, 85.875, 1.101838212885512e-20, nan 
175.125, 85.875, 1.2135482291715353e-20, nan 
175.375, 85.875, 1.2723555973344608e-20, nan 
175.625, 85.875, 1.2596662751212899e-20, nan 
175.875, 85.875, 1.2427679397932126e-20, nan 
176.125, 85.875, 1.1621188239528361e-20, nan 
176.375, 85.875, 1.0213271646237888e-20, nan 
176.625, 85.875, 8.915512161625972e-21, nan 
176.875, 85.875, 1.3876366854246755e-20, nan 
177.125, 85.875, 1.4197766750603654e-20, nan 
177.375, 85.875, 1.449789484655372e-20, nan 
177.625, 85.875, 1.543567219846174e-20, nan 
177.875, 85.875, 1.785237335979396e-20, nan 
178.125, 85.875, 2.1319034405581477e-20, nan 
178.375, 85.875, 2.3603868498215078e-20, nan 
178.625, 85.875, 2.598366726987554e-20, nan 
178.875, 85.875, 2.7318075600403286e-20, nan 
179.125, 85.875, 2.760220934014273e-20, nan 
179.375, 85.875, 2.6603541505450675e-20, nan 
179.625, 85.875, 2.4808738355381728e-20, nan 
179.875, 85.875, 2.328086236321128e-20, nan 
-179.875, 86.125, 1.8789713123510204e-20, nan 
-179.625, 86.125, 1.7979445791326876e-20, nan 
-179.375, 86.125, 1.6817750812858756e-20, nan 
-179.125, 86.125, 1.5884658008465613e-20, nan 
-178.875, 86.125, 1.3018290836388843e-20, nan 
-178.625, 86.125, 1.0917309526339344e-20, nan 
-178.375, 86.125, 9.569012261061286e-21, nan 
-178.125, 86.125, 7.264936008425035e-21, nan 
-177.875, 86.125, 4.7543173119066514e-21, nan 
-177.625, 86.125, 2.6082803030275625e-21, nan 
-177.375, 86.125, 1.0046527123760714e-21, nan 
-177.125, 86.125, 5.062846103695315e-22, nan 
-176.875, 86.125, 1.1015810561453369e-21, nan 
-176.625, 86.125, 1.3909345441440205e-21, nan 
-176.375, 86.125, 1.449940033461089e-21, nan 
-176.125, 86.125, 1.6562963304214821e-21, nan 
-175.875, 86.125, 1.9602380660310815e-21, nan 
-175.625, 86.125, 2.4599044997869105e-21, nan 
-175.375, 86.125, 2.443389558315397e-21, nan 
-175.125, 86.125, 2.437164425028532e-21, nan 
-174.875, 86.125, 2.442439680303211e-21, nan 
-174.625, 86.125, 2.5771139808665897e-21, nan 
-174.375, 86.125, 2.6171421902719658e-21, nan 
-174.125, 86.125, 2.6233746601953313e-21, nan 
-173.875, 86.125, 2.695727254486987e-21, nan 
-173.625, 86.125, 2.6712458058733124e-21, nan 
-173.375, 86.125, 2.6951628478444613e-21, nan 
-173.125, 86.125, 2.7659956863687983e-21, nan 
-172.875, 86.125, 2.9722311081329183e-21, nan 
-172.625, 86.125, 3.056689246858641e-21, nan 
-172.375, 86.125, 3.011630959904087e-21, nan 
-172.125, 86.125, 3.2047388638747806e-21, nan 
-171.875, 86.125, 3.422437540794717e-21, nan 
-171.625, 86.125, 3.3048438968973653e-21, nan 
-171.375, 86.125, 3.0691715873374974e-21, nan 
-171.125, 86.125, 2.454235594473328e-21, nan 
-170.875, 86.125, 1.9959944318000828e-21, nan 
-170.625, 86.125, 2.1358737204572048e-21, nan 
-170.375, 86.125, 2.255377626317143e-21, nan 
-170.125, 86.125, 2.3756058951344207e-21, nan 
-169.875, 86.125, 2.3857310071957432e-21, nan 
-169.625, 86.125, 2.3651605397552306e-21, nan 
-169.375, 86.125, 2.4170332664007236e-21, nan 
-169.125, 86.125, 2.7553433171777877e-21, nan 
-168.875, 86.125, 3.5258543698486496e-21, nan 
-168.625, 86.125, 3.98009259335141e-21, nan 
-168.375, 86.125, 4.772524282073368e-21, nan 
-168.125, 86.125, 5.506016512363448e-21, nan 
-167.875, 86.125, 5.605575877068722e-21, nan 
-167.625, 86.125, 5.671624390499635e-21, nan 
-167.375, 86.125, 5.577406029286439e-21, nan 
-167.125, 86.125, 5.069547303392176e-21, nan 
-166.875, 86.125, 5.077685109869065e-21, nan 
-166.625, 86.125, 4.73141374161442e-21, nan 
-166.375, 86.125, 4.580660095252718e-21, nan 
-166.125, 86.125, 4.52340450836744e-21, nan 
-165.875, 86.125, 4.4386843100272374e-21, nan 
-165.625, 86.125, 4.486830595776161e-21, nan 
-165.375, 86.125, 4.757644339130291e-21, nan 
-165.125, 86.125, 5.441751306832163e-21, nan 
-164.875, 86.125, 5.758479870822768e-21, nan 
-164.625, 86.125, 5.623051442163434e-21, nan 
-164.375, 86.125, 4.944436499842929e-21, nan 
-164.125, 86.125, 4.65185856839296e-21, nan 
-163.875, 86.125, 4.6338473907669336e-21, nan 
-163.625, 86.125, 4.4988188499110935e-21, nan 
-163.375, 86.125, 4.066004144619098e-21, nan 
-163.125, 86.125, 3.425197036839239e-21, nan 
-162.875, 86.125, 2.700854350686268e-21, nan 
-162.625, 86.125, 2.4105537290078924e-21, nan 
-162.375, 86.125, 2.239003550205228e-21, nan 
-162.125, 86.125, 2.101849304297034e-21, nan 
-161.875, 86.125, 2.0274876501271603e-21, nan 
-161.625, 86.125, 1.1972780641385287e-21, nan 
-161.375, 86.125, 5.980590528937868e-22, nan 
-161.125, 86.125, 5.586864202225137e-22, nan 
-160.875, 86.125, 5.400463691711646e-22, nan 
-160.625, 86.125, 5.89168040900518e-22, nan 
-160.375, 86.125, 6.741982393362728e-22, nan 
-160.125, 86.125, 8.283942634783729e-22, nan 
-159.875, 86.125, 1.0122076313353754e-21, nan 
-159.625, 86.125, 1.1729621247259705e-21, nan 
-159.375, 86.125, 1.3076105811251517e-21, nan 
-159.125, 86.125, 1.4539604517917866e-21, nan 
-158.875, 86.125, 1.5617347595066098e-21, nan 
-158.625, 86.125, 1.6671508147019854e-21, nan 
-158.375, 86.125, 1.776817754787542e-21, nan 
-158.125, 86.125, 1.73318453437396e-21, nan 
-157.875, 86.125, 1.6826327984580353e-21, nan 
-157.625, 86.125, 1.6735089352478997e-21, nan 
-157.375, 86.125, 1.5042020809594912e-21, nan 
-157.125, 86.125, 1.4249671399059306e-21, nan 
-156.875, 86.125, 1.4035676208576387e-21, nan 
-156.625, 86.125, 1.2652363756406512e-21, nan 
-156.375, 86.125, 1.133095572983409e-21, nan 
-156.125, 86.125, 1.0131418819566162e-21, nan 
-155.875, 86.125, 9.554504954508254e-22, nan 
-155.625, 86.125, 1.0382034970662302e-21, nan 
-155.375, 86.125, 1.3528392884684183e-21, nan 
-155.125, 86.125, 1.6389765325773206e-21, nan 
-154.875, 86.125, 1.8721439780913574e-21, nan 
-154.625, 86.125, 2.1474181560715142e-21, nan 
-154.375, 86.125, 2.2902011410735404e-21, nan 
-154.125, 86.125, 2.4169126225375086e-21, nan 
-153.875, 86.125, 2.6341449029349595e-21, nan 
-153.625, 86.125, 2.483461696547037e-21, nan 
-153.375, 86.125, 2.3760530245421443e-21, nan 
-153.125, 86.125, 2.4694969732658562e-21, nan 
-152.875, 86.125, 2.318830712284847e-21, nan 
-152.625, 86.125, 2.2319333119025086e-21, nan 
-152.375, 86.125, 2.010674384584199e-21, nan 
-152.125, 86.125, 1.784820828446979e-21, nan 
-151.875, 86.125, 1.3268392191848781e-21, nan 
-151.625, 86.125, 1.1062533725442646e-21, nan 
-151.375, 86.125, 1.4347027009358011e-21, nan 
-151.125, 86.125, 1.7499005841975693e-21, nan 
-150.875, 86.125, 1.9039383303609e-21, nan 
-150.625, 86.125, 2.032301638082473e-21, nan 
-150.375, 86.125, 2.0494175899469204e-21, nan 
-150.125, 86.125, 2.0981424933657947e-21, nan 
-149.875, 86.125, 1.9925208256086167e-21, nan 
-149.625, 86.125, 1.9130189576300562e-21, nan 
-149.375, 86.125, 1.9719023527608938e-21, nan 
-149.125, 86.125, 1.9545551914378956e-21, nan 
-148.875, 86.125, 1.9362403562028997e-21, nan 
-148.625, 86.125, 1.937071097015837e-21, nan 
-148.375, 86.125, 2.0126775915274388e-21, nan 
-148.125, 86.125, 1.948858205874495e-21, nan 
-147.875, 86.125, 1.7274753829691878e-21, nan 
-147.625, 86.125, 1.5310745858874675e-21, nan 
-147.375, 86.125, 1.2814714525587764e-21, nan 
-147.125, 86.125, 9.104172841008066e-22, nan 
-146.875, 86.125, 8.250363574332859e-22, nan 
-146.625, 86.125, 6.401080908742931e-22, nan 
-146.375, 86.125, 7.4935516297315e-22, nan 
-146.125, 86.125, 8.610616163846347e-22, nan 
-145.875, 86.125, 1.079196774869943e-21, nan 
-145.625, 86.125, 1.5451801755980202e-21, nan 
-145.375, 86.125, 1.740812199169212e-21, nan 
-145.125, 86.125, 1.808364706189998e-21, nan 
-144.875, 86.125, 1.965483202508723e-21, nan 
-144.625, 86.125, 2.157073477755563e-21, nan 
-144.375, 86.125, 2.355097943369768e-21, nan 
-144.125, 86.125, 2.577982628645987e-21, nan 
-143.875, 86.125, 2.6690410491665384e-21, nan 
-143.625, 86.125, 2.734035662095757e-21, nan 
-143.375, 86.125, 2.7424422042249668e-21, nan 
-143.125, 86.125, 2.7585044017243036e-21, nan 
-142.875, 86.125, 2.7569600660793853e-21, nan 
-142.625, 86.125, 2.7369673229963505e-21, nan 
-142.375, 86.125, 2.751845358943532e-21, nan 
-142.125, 86.125, 2.7023027098388236e-21, nan 
-141.875, 86.125, 2.6410900036695823e-21, nan 
-141.625, 86.125, 2.619221578644242e-21, nan 
-141.375, 86.125, 2.5498153969677944e-21, nan 
-141.125, 86.125, 2.2828880286016753e-21, nan 
-140.875, 86.125, 1.8431106380718747e-21, nan 
-140.625, 86.125, 1.6909887469625725e-21, nan 
-140.375, 86.125, 1.7074200887616137e-21, nan 
-140.125, 86.125, 1.7267345516769274e-21, nan 
-139.875, 86.125, 1.7343283692906928e-21, nan 
-139.625, 86.125, 1.6962796354025174e-21, nan 
-139.375, 86.125, 1.7080264236805263e-21, nan 
-139.125, 86.125, 1.740219355539074e-21, nan 
-138.875, 86.125, 1.7769569211389825e-21, nan 
-138.625, 86.125, 1.8177544763525915e-21, nan 
-138.375, 86.125, 1.8037896673969102e-21, nan 
-138.125, 86.125, 1.805211810476838e-21, nan 
-137.875, 86.125, 1.838416916117442e-21, nan 
-137.625, 86.125, 1.868716039574351e-21, nan 
-137.375, 86.125, 1.7721598037606277e-21, nan 
-137.125, 86.125, 1.5798247289605977e-21, nan 
-136.875, 86.125, 1.5200818330796525e-21, nan 
-136.625, 86.125, 1.53998712623019e-21, nan 
-136.375, 86.125, 1.5597212546025656e-21, nan 
-136.125, 86.125, 1.599065209914784e-21, nan 
-135.875, 86.125, 1.6368597347137169e-21, nan 
-135.625, 86.125, 1.6300741660675364e-21, nan 
-135.375, 86.125, 1.6241773332662112e-21, nan 
-135.125, 86.125, 1.6278392531865535e-21, nan 
-134.875, 86.125, 1.6540930018424946e-21, nan 
-134.625, 86.125, 1.6643771662728488e-21, nan 
-134.375, 86.125, 1.6491914694080593e-21, nan 
-134.125, 86.125, 1.6648108784480019e-21, nan 
-133.875, 86.125, 1.640564815580743e-21, nan 
-133.625, 86.125, 1.536168067428018e-21, nan 
-133.375, 86.125, 1.414728876297204e-21, nan 
-133.125, 86.125, 1.3691474227545077e-21, nan 
-132.875, 86.125, 1.2857085824805307e-21, nan 
-132.625, 86.125, 1.2022148765547907e-21, nan 
-132.375, 86.125, 1.1984735073011823e-21, nan 
-132.125, 86.125, 1.1201128386013403e-21, nan 
-131.875, 86.125, 1.0791453680278844e-21, nan 
-131.625, 86.125, 1.0521495708795515e-21, nan 
-131.375, 86.125, 1.0745382298717316e-21, nan 
-131.125, 86.125, 1.1186813793655273e-21, nan 
-130.875, 86.125, 1.2046747596986495e-21, nan 
-130.625, 86.125, 1.4557221565669337e-21, nan 
-130.375, 86.125, 1.7320035685735004e-21, nan 
-130.125, 86.125, 2.0127353107012666e-21, nan 
-129.875, 86.125, 2.1253974000866743e-21, nan 
-129.625, 86.125, 2.1810554842250666e-21, nan 
-129.375, 86.125, 2.2558595542097073e-21, nan 
-129.125, 86.125, 2.2119598106076837e-21, nan 
-128.875, 86.125, 2.129337599875307e-21, nan 
-128.625, 86.125, 2.1335137346864217e-21, nan 
-128.375, 86.125, 2.062275016247392e-21, nan 
-128.125, 86.125, 2.0023738352921915e-21, nan 
-127.875, 86.125, 1.980484080093821e-21, nan 
-127.625, 86.125, 1.921101875203233e-21, nan 
-127.375, 86.125, 1.838778727060793e-21, nan 
-127.125, 86.125, 1.7453872421282636e-21, nan 
-126.875, 86.125, 1.5603425690944648e-21, nan 
-126.625, 86.125, 1.5581345425649228e-21, nan 
-126.375, 86.125, 1.6515645433744606e-21, nan 
-126.125, 86.125, 1.706462565205608e-21, nan 
-125.875, 86.125, 1.750047366966534e-21, nan 
-125.625, 86.125, 1.7861547108502675e-21, nan 
-125.375, 86.125, 1.826502317261226e-21, nan 
-125.125, 86.125, 1.7816731758400393e-21, nan 
-124.875, 86.125, 1.7176418315731935e-21, nan 
-124.625, 86.125, 1.527462982827106e-21, nan 
-124.375, 86.125, 1.3732198154200892e-21, nan 
-124.125, 86.125, 1.2875256282435222e-21, nan 
-123.875, 86.125, 1.1830415478896964e-21, nan 
-123.625, 86.125, 1.1171669902044866e-21, nan 
-123.375, 86.125, 1.0363106257450078e-21, nan 
-123.125, 86.125, 8.178373261701885e-22, nan 
-122.875, 86.125, 6.633742642378018e-22, nan 
-122.625, 86.125, 5.218383385620532e-22, nan 
-122.375, 86.125, 4.522323392207749e-22, nan 
-122.125, 86.125, 4.068422252528652e-22, nan 
-121.875, 86.125, 3.8393647415846894e-22, nan 
-121.625, 86.125, 3.703517976932842e-22, nan 
-121.375, 86.125, 3.8193039590292156e-22, nan 
-121.125, 86.125, 3.872285392474331e-22, nan 
-120.875, 86.125, 4.099179194759642e-22, nan 
-120.625, 86.125, 4.2300170922126907e-22, nan 
-120.375, 86.125, 4.309469362431853e-22, nan 
-120.125, 86.125, 4.0732774284502204e-22, nan 
-119.875, 86.125, 3.714677299530676e-22, nan 
-119.625, 86.125, 3.5752654215762435e-22, nan 
-119.375, 86.125, 3.536787595543292e-22, nan 
-119.125, 86.125, 3.585335839291063e-22, nan 
-118.875, 86.125, 3.364731797357538e-22, nan 
-118.625, 86.125, 2.988639289916316e-22, nan 
-118.375, 86.125, 2.6045302991279063e-22, nan 
-118.125, 86.125, 2.3350054907344843e-22, nan 
-117.875, 86.125, 2.0104557316569425e-22, nan 
-117.625, 86.125, 1.7991512124822317e-22, nan 
-117.375, 86.125, 1.7620615574363072e-22, nan 
-117.125, 86.125, 1.822878658859714e-22, nan 
-116.875, 86.125, 2.058775544933379e-22, nan 
-116.625, 86.125, 2.374862917552184e-22, nan 
-116.375, 86.125, 2.5111184908877085e-22, nan 
-116.125, 86.125, 2.298154531148163e-22, nan 
-115.875, 86.125, 2.0896328889996298e-22, nan 
-115.625, 86.125, 1.7437761062401034e-22, nan 
-115.375, 86.125, 1.2223783486035744e-22, nan 
-115.125, 86.125, 1.0147783742062997e-22, nan 
-114.875, 86.125, 7.682148780631127e-23, nan 
-114.625, 86.125, 5.2806468497764025e-23, nan 
-114.375, 86.125, 8.665820082916261e-23, nan 
-114.125, 86.125, 8.802874407601131e-23, nan 
-113.875, 86.125, 1.0037564295554834e-22, nan 
-113.625, 86.125, 1.2255925773990708e-22, nan 
-113.375, 86.125, 1.5339810547711784e-22, nan 
-113.125, 86.125, 1.819084880481225e-22, nan 
-112.875, 86.125, 2.158257341454731e-22, nan 
-112.625, 86.125, 2.7782909858881595e-22, nan 
-112.375, 86.125, 2.8754569804090885e-22, nan 
-112.125, 86.125, 3.0127286836645875e-22, nan 
-111.875, 86.125, 3.091467245148045e-22, nan 
-111.625, 86.125, 2.661984377855824e-22, nan 
-111.375, 86.125, 2.3363539265989847e-22, nan 
-111.125, 86.125, 2.121761636704116e-22, nan 
-110.875, 86.125, 2.0334057993828163e-22, nan 
-110.625, 86.125, 2.036079539076824e-22, nan 
-110.375, 86.125, 2.199143053042543e-22, nan 
-110.125, 86.125, 2.278220418171801e-22, nan 
-109.875, 86.125, 2.145763512991122e-22, nan 
-109.625, 86.125, 2.046326426444415e-22, nan 
-109.375, 86.125, 1.5504474149166406e-22, nan 
-109.125, 86.125, 2.1422302191000805e-22, nan 
-108.875, 86.125, 2.8388972400363783e-22, nan 
-108.625, 86.125, 3.0248458281791693e-22, nan 
-108.375, 86.125, 2.9530672765754047e-22, nan 
-108.125, 86.125, 3.634413902915327e-22, nan 
-107.875, 86.125, 4.410442901156388e-22, nan 
-107.625, 86.125, 4.917183038015559e-22, nan 
-107.375, 86.125, 5.466726189697813e-22, nan 
-107.125, 86.125, 5.820656755459067e-22, nan 
-106.875, 86.125, 5.822705310389292e-22, nan 
-106.625, 86.125, 5.335177378539318e-22, nan 
-106.375, 86.125, 4.709254063271485e-22, nan 
-106.125, 86.125, 3.104226029229415e-22, nan 
-105.875, 86.125, 2.818224501371882e-22, nan 
-105.625, 86.125, 3.051279033668063e-22, nan 
-105.375, 86.125, 4.0173203005597233e-22, nan 
-105.125, 86.125, 5.09763603680854e-22, nan 
-104.875, 86.125, 5.910817972789684e-22, nan 
-104.625, 86.125, 5.291524200026383e-22, nan 
-104.375, 86.125, 5.319859031779424e-22, nan 
-104.125, 86.125, 5.770742505514922e-22, nan 
-103.875, 86.125, 5.9115516527925975e-22, nan 
-103.625, 86.125, 6.643586963949725e-22, nan 
-103.375, 86.125, 6.744845319669161e-22, nan 
-103.125, 86.125, 7.089139372209929e-22, nan 
-102.875, 86.125, 6.294350155084367e-22, nan 
-102.625, 86.125, 5.374082855769406e-22, nan 
-102.375, 86.125, 5.147603965443194e-22, nan 
-102.125, 86.125, 5.547144363072983e-22, nan 
-101.875, 86.125, 6.195610464748732e-22, nan 
-101.625, 86.125, 6.885421436620048e-22, nan 
-101.375, 86.125, 7.062160588325411e-22, nan 
-101.125, 86.125, 6.79963713042733e-22, nan 
-100.875, 86.125, 6.472507430067718e-22, nan 
-100.625, 86.125, 6.339255535668389e-22, nan 
-100.375, 86.125, 6.327362452137473e-22, nan 
-100.125, 86.125, 6.332047761187773e-22, nan 
-99.875, 86.125, 5.678366937626913e-22, nan 
-99.625, 86.125, 5.377049348862958e-22, nan 
-99.375, 86.125, 5.634404373623386e-22, nan 
-99.125, 86.125, 6.092874056353263e-22, nan 
-98.875, 86.125, 6.599190992516998e-22, nan 
-98.625, 86.125, 7.441586002862003e-22, nan 
-98.375, 86.125, 7.79484743949694e-22, nan 
-98.125, 86.125, 8.011445524839983e-22, nan 
-97.875, 86.125, 7.858738779254726e-22, nan 
-97.625, 86.125, 7.184127139943361e-22, nan 
-97.375, 86.125, 6.418683367327628e-22, nan 
-97.125, 86.125, 5.56567043677584e-22, nan 
-96.875, 86.125, 5.250007725302923e-22, nan 
-96.625, 86.125, 5.099821176377685e-22, nan 
-96.375, 86.125, 4.819370716683112e-22, nan 
-96.125, 86.125, 4.080575005663749e-22, nan 
-95.875, 86.125, 3.451751887996191e-22, nan 
-95.625, 86.125, 3.0890666665772174e-22, nan 
-95.375, 86.125, 2.9799382570309875e-22, nan 
-95.125, 86.125, 2.835781867632099e-22, nan 
-94.875, 86.125, 2.9281460686237976e-22, nan 
-94.625, 86.125, 2.8690548925757373e-22, nan 
-94.375, 86.125, 3.1177479395105965e-22, nan 
-94.125, 86.125, 3.4391839758466873e-22, nan 
-93.875, 86.125, 3.933225959023506e-22, nan 
-93.625, 86.125, 4.40236219370342e-22, nan 
-93.375, 86.125, 4.567307218301643e-22, nan 
-93.125, 86.125, 4.65153328963427e-22, nan 
-92.875, 86.125, 4.811061926961332e-22, nan 
-92.625, 86.125, 4.779527324416999e-22, nan 
-92.375, 86.125, 4.954339340789276e-22, nan 
-92.125, 86.125, 4.974313901391229e-22, nan 
-91.875, 86.125, 5.06863758043494e-22, nan 
-91.625, 86.125, 5.11692977716366e-22, nan 
-91.375, 86.125, 5.165692987420194e-22, nan 
-91.125, 86.125, 5.287004755849905e-22, nan 
-90.875, 86.125, 5.152325174136223e-22, nan 
-90.625, 86.125, 5.219648221933595e-22, nan 
-90.375, 86.125, 5.166784612536458e-22, nan 
-90.125, 86.125, 5.078540181163869e-22, nan 
-89.875, 86.125, 5.038762375651298e-22, nan 
-89.625, 86.125, 4.975133641591983e-22, nan 
-89.375, 86.125, 4.890640612240429e-22, nan 
-89.125, 86.125, 4.742863851764657e-22, nan 
-88.875, 86.125, 4.699061777590807e-22, nan 
-88.625, 86.125, 4.602455346752012e-22, nan 
-88.375, 86.125, 4.279053899643793e-22, nan 
-88.125, 86.125, 4.043123065324948e-22, nan 
-87.875, 86.125, 4.0236165070850234e-22, nan 
-87.625, 86.125, 3.9477754530953004e-22, nan 
-87.375, 86.125, 3.9954302154692913e-22, nan 
-87.125, 86.125, 3.86543230220548e-22, nan 
-86.875, 86.125, 3.6504111173277585e-22, nan 
-86.625, 86.125, 3.60579824752015e-22, nan 
-86.375, 86.125, 3.69158090426324e-22, nan 
-86.125, 86.125, 3.622410153626431e-22, nan 
-85.875, 86.125, 3.524168311392621e-22, nan 
-85.625, 86.125, 3.560297593535436e-22, nan 
-85.375, 86.125, 3.488685514242015e-22, nan 
-85.125, 86.125, 3.403265246894475e-22, nan 
-84.875, 86.125, 3.3609423510223884e-22, nan 
-84.625, 86.125, 3.2453766911898708e-22, nan 
-84.375, 86.125, 3.1663692900373006e-22, nan 
-84.125, 86.125, 3.1952022709744943e-22, nan 
-83.875, 86.125, 3.175600048947874e-22, nan 
-83.625, 86.125, 2.9109717953679578e-22, nan 
-83.375, 86.125, 2.8367716851448007e-22, nan 
-83.125, 86.125, 2.6381981087879267e-22, nan 
-82.875, 86.125, 2.4155516511200663e-22, nan 
-82.625, 86.125, 2.4106490275562147e-22, nan 
-82.375, 86.125, 2.414496173430408e-22, nan 
-82.125, 86.125, 1.9683938544792995e-22, nan 
-81.875, 86.125, 1.6290116815467508e-22, nan 
-81.625, 86.125, 1.5453256342150533e-22, nan 
-81.375, 86.125, 1.6201582847459002e-22, nan 
-81.125, 86.125, 1.708375210431927e-22, nan 
-80.875, 86.125, 1.7368074625301727e-22, nan 
-80.625, 86.125, 1.6525965195792103e-22, nan 
-80.375, 86.125, 1.6707163481036544e-22, nan 
-80.125, 86.125, 1.7624594131166928e-22, nan 
-79.875, 86.125, 1.8806986975229956e-22, nan 
-79.625, 86.125, 1.9759934354575237e-22, nan 
-79.375, 86.125, 2.064399903320354e-22, nan 
-79.125, 86.125, 2.1418975445469656e-22, nan 
-78.875, 86.125, 2.281887359373536e-22, nan 
-78.625, 86.125, 2.4099791687075406e-22, nan 
-78.375, 86.125, 2.6385187250482265e-22, nan 
-78.125, 86.125, 2.8463059831744477e-22, nan 
-77.875, 86.125, 2.97032280084279e-22, nan 
-77.625, 86.125, 2.9883388705943565e-22, nan 
-77.375, 86.125, 3.024118504276002e-22, nan 
-77.125, 86.125, 3.039399458034956e-22, nan 
-76.875, 86.125, 3.077226496835025e-22, nan 
-76.625, 86.125, 3.122543119221858e-22, nan 
-76.375, 86.125, 3.2250226535576073e-22, nan 
-76.125, 86.125, 3.1338486114464697e-22, nan 
-75.875, 86.125, 3.009952109190804e-22, nan 
-75.625, 86.125, 3.136595752308918e-22, nan 
-75.375, 86.125, 3.042573681618775e-22, nan 
-75.125, 86.125, 3.116212719099366e-22, nan 
-74.875, 86.125, 3.0312075245450064e-22, nan 
-74.625, 86.125, 2.9200678649010312e-22, nan 
-74.375, 86.125, 2.9744466314899957e-22, nan 
-74.125, 86.125, 3.010978322884573e-22, nan 
-73.875, 86.125, 2.96627549471948e-22, nan 
-73.625, 86.125, 2.9321199891827977e-22, nan 
-73.375, 86.125, 3.053834547557946e-22, nan 
-73.125, 86.125, 3.207279953277629e-22, nan 
-72.875, 86.125, 3.2820645422075996e-22, nan 
-72.625, 86.125, 3.2882150047869725e-22, nan 
-72.375, 86.125, 3.368942111465987e-22, nan 
-72.125, 86.125, 3.416691592876237e-22, nan 
-71.875, 86.125, 3.4626024237597593e-22, nan 
-71.625, 86.125, 3.5319686643213467e-22, nan 
-71.375, 86.125, 3.661180174048884e-22, nan 
-71.125, 86.125, 3.856741754136499e-22, nan 
-70.875, 86.125, 4.277987821559554e-22, nan 
-70.625, 86.125, 4.560268897849898e-22, nan 
-70.375, 86.125, 4.720344245048818e-22, nan 
-70.125, 86.125, 4.734658441606348e-22, nan 
-69.875, 86.125, 4.752890304983366e-22, nan 
-69.625, 86.125, 4.640857507843214e-22, nan 
-69.375, 86.125, 4.493519601771112e-22, nan 
-69.125, 86.125, 4.325430680408373e-22, nan 
-68.875, 86.125, 4.188904109326649e-22, nan 
-68.625, 86.125, 4.0603901946878677e-22, nan 
-68.375, 86.125, 3.829177948773906e-22, nan 
-68.125, 86.125, 3.7044087643070453e-22, nan 
-67.875, 86.125, 3.520566842344122e-22, nan 
-67.625, 86.125, 3.2290193681443417e-22, nan 
-67.375, 86.125, 3.033164558105707e-22, nan 
-67.125, 86.125, 3.5376359366641736e-22, nan 
-66.875, 86.125, 4.210859214075263e-22, nan 
-66.625, 86.125, 4.595338896526069e-22, nan 
-66.375, 86.125, 4.526178824933994e-22, nan 
-66.125, 86.125, 4.46915796751493e-22, nan 
-65.875, 86.125, 4.365692590694698e-22, nan 
-65.625, 86.125, 4.269356139870511e-22, nan 
-65.375, 86.125, 4.1433960088563255e-22, nan 
-65.125, 86.125, 4.046840140979826e-22, nan 
-64.875, 86.125, 3.9059479003775817e-22, nan 
-64.625, 86.125, 3.7016324092216404e-22, nan 
-64.375, 86.125, 3.5392048489367324e-22, nan 
-64.125, 86.125, 3.3236164984833923e-22, nan 
-63.875, 86.125, 2.986846425857483e-22, nan 
-63.625, 86.125, 2.545358819373682e-22, nan 
-63.375, 86.125, 2.0090689749069677e-22, nan 
-63.125, 86.125, 1.8328867131101468e-22, nan 
-62.875, 86.125, 1.758599439865857e-22, nan 
-62.625, 86.125, 1.6266416582308297e-22, nan 
-62.375, 86.125, 1.5518877679253573e-22, nan 
-62.125, 86.125, 1.5736104442217549e-22, nan 
-61.875, 86.125, 1.5819694256470545e-22, nan 
-61.625, 86.125, 1.9318182483275087e-22, nan 
-61.375, 86.125, 2.0213525449992633e-22, nan 
-61.125, 86.125, 2.0201427482278448e-22, nan 
-60.875, 86.125, 2.1755689304715057e-22, nan 
-60.625, 86.125, 2.286515526984351e-22, nan 
-60.375, 86.125, 2.5642608928743976e-22, nan 
-60.125, 86.125, 2.6016485897568896e-22, nan 
-59.875, 86.125, 2.6060016691837847e-22, nan 
-59.625, 86.125, 2.59438225094116e-22, nan 
-59.375, 86.125, 2.6153318865008257e-22, nan 
-59.125, 86.125, 2.6054324252601797e-22, nan 
-58.875, 86.125, 2.5343462952114096e-22, nan 
-58.625, 86.125, 2.468593462065022e-22, nan 
-58.375, 86.125, 2.4265668675656963e-22, nan 
-58.125, 86.125, 2.3546652183229886e-22, nan 
-57.875, 86.125, 2.2950985893784855e-22, nan 
-57.625, 86.125, 2.22656090779761e-22, nan 
-57.375, 86.125, 2.162638036033609e-22, nan 
-57.125, 86.125, 2.0616303814662208e-22, nan 
-56.875, 86.125, 1.9938144842700287e-22, nan 
-56.625, 86.125, 1.8302241809757175e-22, nan 
-56.375, 86.125, 1.6855589553881414e-22, nan 
-56.125, 86.125, 1.6580594213228689e-22, nan 
-55.875, 86.125, 1.5266385639198514e-22, nan 
-55.625, 86.125, 1.4468747886121934e-22, nan 
-55.375, 86.125, 1.3555901486442067e-22, nan 
-55.125, 86.125, 1.2491305114425633e-22, nan 
-54.875, 86.125, 1.1568717952429992e-22, nan 
-54.625, 86.125, 1.1362317005230842e-22, nan 
-54.375, 86.125, 1.141769043627036e-22, nan 
-54.125, 86.125, 1.177092408938827e-22, nan 
-53.875, 86.125, 1.131964167640807e-22, nan 
-53.625, 86.125, 1.1794004247284973e-22, nan 
-53.375, 86.125, 1.2150290301412534e-22, nan 
-53.125, 86.125, 1.193602298640807e-22, nan 
-52.875, 86.125, 1.142928636307048e-22, nan 
-52.625, 86.125, 1.1117781559669946e-22, nan 
-52.375, 86.125, 1.1645951436966682e-22, nan 
-52.125, 86.125, 1.3019268695061854e-22, nan 
-51.875, 86.125, 1.4295235690308876e-22, nan 
-51.625, 86.125, 1.5283954970935378e-22, nan 
-51.375, 86.125, 1.501528432455767e-22, nan 
-51.125, 86.125, 1.481574322366031e-22, nan 
-50.875, 86.125, 1.374925800961796e-22, nan 
-50.625, 86.125, 1.3808122050856488e-22, nan 
-50.375, 86.125, 1.3942520354195616e-22, nan 
-50.125, 86.125, 1.6114651809878883e-22, nan 
-49.875, 86.125, 1.433415484358781e-22, nan 
-49.625, 86.125, 1.4393751942557118e-22, nan 
-49.375, 86.125, 1.390053115154595e-22, nan 
-49.125, 86.125, 1.2637387721817229e-22, nan 
-48.875, 86.125, 1.3748331304273398e-22, nan 
-48.625, 86.125, 1.3463753006182864e-22, nan 
-48.375, 86.125, 1.6092643671828754e-22, nan 
-48.125, 86.125, 1.7223209600838564e-22, nan 
-47.875, 86.125, 2.493473866045845e-22, nan 
-47.625, 86.125, 3.0076256113900977e-22, nan 
-47.375, 86.125, 3.9015375534945775e-22, nan 
-47.125, 86.125, 4.287638756257618e-22, nan 
-46.875, 86.125, 4.79910979599805e-22, nan 
-46.625, 86.125, 4.782616194075181e-22, nan 
18.625, 86.125, 3.0146956842159414e-23, nan 
18.875, 86.125, 2.910365863831794e-23, nan 
19.125, 86.125, 3.170163093588375e-23, nan 
19.375, 86.125, 3.28616326223447e-23, nan 
19.625, 86.125, 4.334710778278655e-23, nan 
19.875, 86.125, 6.124395483171905e-23, nan 
20.125, 86.125, 7.500608479985092e-23, nan 
20.375, 86.125, 9.114164386988838e-23, nan 
20.625, 86.125, 1.073212402876119e-22, nan 
20.875, 86.125, 1.120038776253337e-22, nan 
21.125, 86.125, 1.2269338663444828e-22, nan 
21.375, 86.125, 1.2759113392860084e-22, nan 
21.625, 86.125, 1.3618752343861784e-22, nan 
21.875, 86.125, 1.425605205534428e-22, nan 
22.125, 86.125, 1.420728635390871e-22, nan 
22.375, 86.125, 1.494483506925201e-22, nan 
22.625, 86.125, 1.5597133759825875e-22, nan 
22.875, 86.125, 1.556085341745241e-22, nan 
23.125, 86.125, 1.6125569090660405e-22, nan 
23.375, 86.125, 1.650038904989207e-22, nan 
23.625, 86.125, 1.6653117025411598e-22, nan 
23.875, 86.125, 1.6880763148180264e-22, nan 
24.125, 86.125, 1.752304770272787e-22, nan 
24.375, 86.125, 1.8182911688758712e-22, nan 
24.625, 86.125, 1.8996399477665669e-22, nan 
24.875, 86.125, 1.9776540963169615e-22, nan 
25.125, 86.125, 2.036919927857333e-22, nan 
25.375, 86.125, 2.13324273586385e-22, nan 
25.625, 86.125, 2.1767120785383303e-22, nan 
25.875, 86.125, 2.182366095448013e-22, nan 
26.125, 86.125, 2.2381374804028797e-22, nan 
26.375, 86.125, 2.2497776939491803e-22, nan 
26.625, 86.125, 2.2539350996919545e-22, nan 
26.875, 86.125, 2.297956520806653e-22, nan 
27.125, 86.125, 2.404183986617222e-22, nan 
27.375, 86.125, 2.438051164890249e-22, nan 
27.625, 86.125, 2.5001848976092276e-22, nan 
27.875, 86.125, 2.456583963111102e-22, nan 
28.125, 86.125, 2.490118476031077e-22, nan 
28.375, 86.125, 2.472805282835985e-22, nan 
28.625, 86.125, 2.2758019923356137e-22, nan 
28.875, 86.125, 1.8725366377861993e-22, nan 
29.125, 86.125, 1.7587088838357344e-22, nan 
29.375, 86.125, 1.7668939327043294e-22, nan 
29.625, 86.125, 1.77276003613547e-22, nan 
29.875, 86.125, 1.8459284362781944e-22, nan 
30.125, 86.125, 1.865744651478782e-22, nan 
30.375, 86.125, 1.8712284038647991e-22, nan 
30.625, 86.125, 1.9233515986128342e-22, nan 
30.875, 86.125, 2.0493185814407914e-22, nan 
31.125, 86.125, 2.080917640482854e-22, nan 
31.375, 86.125, 2.130338354610348e-22, nan 
31.625, 86.125, 2.194241162579036e-22, nan 
31.875, 86.125, 2.275397117445411e-22, nan 
32.125, 86.125, 2.310012355288761e-22, nan 
32.375, 86.125, 2.2046194758032903e-22, nan 
32.625, 86.125, 1.9267917438601682e-22, nan 
32.875, 86.125, 1.707443841651113e-22, nan 
33.125, 86.125, 1.5534894748135998e-22, nan 
33.375, 86.125, 1.4955752653278138e-22, nan 
33.625, 86.125, 1.4145674493735136e-22, nan 
33.875, 86.125, 1.296137653547618e-22, nan 
34.125, 86.125, 1.241732843575893e-22, nan 
34.375, 86.125, 1.0906161420427734e-22, nan 
34.625, 86.125, 9.75548344417768e-23, nan 
34.875, 86.125, 9.072898643519354e-23, nan 
35.125, 86.125, 8.507937140441614e-23, nan 
35.375, 86.125, 8.081195885508505e-23, nan 
35.625, 86.125, 7.405423841021595e-23, nan 
35.875, 86.125, 6.826927215626919e-23, nan 
36.125, 86.125, 6.496447073068148e-23, nan 
36.375, 86.125, 6.028251066258495e-23, nan 
36.625, 86.125, 6.085402364064857e-23, nan 
36.875, 86.125, 5.820635850041408e-23, nan 
37.125, 86.125, 5.607468472880247e-23, nan 
37.375, 86.125, 5.628568197912571e-23, nan 
37.625, 86.125, 6.018181807230718e-23, nan 
37.875, 86.125, 7.637306414019391e-23, nan 
38.125, 86.125, 1.1115276905044803e-22, nan 
38.375, 86.125, 1.0161524533325939e-22, nan 
38.625, 86.125, 8.940526296010205e-23, nan 
38.875, 86.125, 7.008024325652364e-23, nan 
39.125, 86.125, 8.20136030591836e-23, nan 
39.375, 86.125, 7.825357240680292e-23, nan 
39.625, 86.125, 9.070032384701396e-23, nan 
39.875, 86.125, 1.00694411285749e-22, nan 
40.125, 86.125, 1.0392918300950141e-22, nan 
40.375, 86.125, 1.1126447401956046e-22, nan 
40.625, 86.125, 1.153930585100317e-22, nan 
40.875, 86.125, 1.1496532461068896e-22, nan 
41.125, 86.125, 1.0507791181790942e-22, nan 
41.375, 86.125, 1.3135265523038172e-22, nan 
41.625, 86.125, 1.4461924697601327e-22, nan 
41.875, 86.125, 1.6472395450806745e-22, nan 
42.125, 86.125, 1.7556102503770207e-22, nan 
42.375, 86.125, 1.8633693737402737e-22, nan 
42.625, 86.125, 1.9224571502270076e-22, nan 
42.875, 86.125, 2.0700906581429308e-22, nan 
43.125, 86.125, 2.2496355342275083e-22, nan 
43.375, 86.125, 2.45184259776616e-22, nan 
43.625, 86.125, 2.5915380012426015e-22, nan 
43.875, 86.125, 2.6841603707828914e-22, nan 
44.125, 86.125, 2.813891110920479e-22, nan 
44.375, 86.125, 2.8759875780422496e-22, nan 
44.625, 86.125, 3.021469464558493e-22, nan 
44.875, 86.125, 3.239033391213164e-22, nan 
45.125, 86.125, 3.4184180514560822e-22, nan 
45.375, 86.125, 3.4691074634676837e-22, nan 
45.625, 86.125, 3.680906179333653e-22, nan 
45.875, 86.125, 3.734999955133284e-22, nan 
46.125, 86.125, 3.920689904123472e-22, nan 
46.375, 86.125, 3.8298744457423697e-22, nan 
46.625, 86.125, 3.88599230833666e-22, nan 
46.875, 86.125, 3.906360363924028e-22, nan 
47.125, 86.125, 4.085546725343761e-22, nan 
47.375, 86.125, 4.162072063693759e-22, nan 
47.625, 86.125, 4.307793295405793e-22, nan 
47.875, 86.125, 4.172731354061022e-22, nan 
48.125, 86.125, 3.5338141962900945e-22, nan 
48.375, 86.125, 3.1716562021043057e-22, nan 
48.625, 86.125, 3.0090664751350024e-22, nan 
48.875, 86.125, 2.9324148231770473e-22, nan 
49.125, 86.125, 2.9160935959157283e-22, nan 
49.375, 86.125, 3.02502404466751e-22, nan 
49.625, 86.125, 3.0557937310284302e-22, nan 
49.875, 86.125, 3.249948919706604e-22, nan 
50.125, 86.125, 3.195858356316048e-22, nan 
50.375, 86.125, 3.298232637271359e-22, nan 
50.625, 86.125, 3.3873485524957464e-22, nan 
50.875, 86.125, 3.648766436621271e-22, nan 
51.125, 86.125, 3.730675520800183e-22, nan 
51.375, 86.125, 3.964321209797036e-22, nan 
51.625, 86.125, 3.9278182667608374e-22, nan 
51.875, 86.125, 3.5902459364370766e-22, nan 
52.125, 86.125, 3.35540636787307e-22, nan 
52.375, 86.125, 3.2407769518022628e-22, nan 
52.625, 86.125, 3.1050841140913646e-22, nan 
52.875, 86.125, 3.0146237542814393e-22, nan 
53.125, 86.125, 2.8609821954640297e-22, nan 
53.375, 86.125, 2.7925473999338876e-22, nan 
53.625, 86.125, 2.7152246561735245e-22, nan 
53.875, 86.125, 2.6974465562237036e-22, nan 
54.125, 86.125, 2.319620548722781e-22, nan 
54.375, 86.125, 1.8648035416490068e-22, nan 
54.625, 86.125, 1.9136108588212242e-22, nan 
54.875, 86.125, 1.9383847474418674e-22, nan 
55.125, 86.125, 2.067599889898864e-22, nan 
55.375, 86.125, 2.1899803865391723e-22, nan 
55.625, 86.125, 2.2599713721215374e-22, nan 
55.875, 86.125, 2.3126284877012497e-22, nan 
56.125, 86.125, 2.404535744468012e-22, nan 
56.375, 86.125, 2.420518087348607e-22, nan 
56.625, 86.125, 2.5054637931924156e-22, nan 
56.875, 86.125, 2.4379108284660174e-22, nan 
57.125, 86.125, 2.5013197019227546e-22, nan 
57.375, 86.125, 2.4671440607435654e-22, nan 
57.625, 86.125, 2.51950288448472e-22, nan 
57.875, 86.125, 2.533114055240115e-22, nan 
58.125, 86.125, 2.5498522822005555e-22, nan 
58.375, 86.125, 2.5918668764051775e-22, nan 
58.625, 86.125, 2.6127822400752293e-22, nan 
58.875, 86.125, 2.6277200244485053e-22, nan 
59.125, 86.125, 2.6812995162204424e-22, nan 
59.375, 86.125, 2.7556813133783904e-22, nan 
59.625, 86.125, 2.780882069702968e-22, nan 
59.875, 86.125, 2.7581689612803116e-22, nan 
60.125, 86.125, 2.756604799756247e-22, nan 
60.375, 86.125, 2.7880326300065843e-22, nan 
60.625, 86.125, 3.1034225586632633e-22, nan 
60.875, 86.125, 3.1873432520118585e-22, nan 
61.125, 86.125, 3.160383947380898e-22, nan 
61.375, 86.125, 3.1132424757803154e-22, nan 
61.625, 86.125, 2.9945678181424394e-22, nan 
61.875, 86.125, 2.9195136613705625e-22, nan 
62.125, 86.125, 2.9129402685441325e-22, nan 
62.375, 86.125, 2.937170162991188e-22, nan 
62.625, 86.125, 2.874706349098957e-22, nan 
62.875, 86.125, 2.7762944052946297e-22, nan 
63.125, 86.125, 2.6604626784256616e-22, nan 
63.375, 86.125, 2.525485056879895e-22, nan 
63.625, 86.125, 2.3787047383787064e-22, nan 
63.875, 86.125, 2.2593719287495027e-22, nan 
64.125, 86.125, 2.1438829296723803e-22, nan 
64.375, 86.125, 2.031192690244543e-22, nan 
64.625, 86.125, 1.8882294538651395e-22, nan 
64.875, 86.125, 1.75263430624122e-22, nan 
65.125, 86.125, 1.6203693908634546e-22, nan 
65.375, 86.125, 1.5080744979406333e-22, nan 
65.625, 86.125, 1.408008967006865e-22, nan 
65.875, 86.125, 1.4482980574650103e-22, nan 
66.125, 86.125, 1.5627302327186243e-22, nan 
66.375, 86.125, 1.7043130970944535e-22, nan 
66.625, 86.125, 1.7679684962887636e-22, nan 
66.875, 86.125, 1.8001185449471073e-22, nan 
67.125, 86.125, 1.7068133625826606e-22, nan 
67.375, 86.125, 1.591387525917919e-22, nan 
67.625, 86.125, 1.4506366184464444e-22, nan 
67.875, 86.125, 1.3494659775242882e-22, nan 
68.125, 86.125, 1.2435370503013736e-22, nan 
68.375, 86.125, 1.114691396952199e-22, nan 
68.625, 86.125, 1.0000209246229655e-22, nan 
68.875, 86.125, 9.54235667176786e-23, nan 
69.125, 86.125, 9.034227749412117e-23, nan 
69.375, 86.125, 8.898128069797237e-23, nan 
69.625, 86.125, 9.439755862535688e-23, nan 
69.875, 86.125, 1.0424435142701369e-22, nan 
70.125, 86.125, 1.1952816003167134e-22, nan 
70.375, 86.125, 1.2776198162425554e-22, nan 
70.625, 86.125, 1.3342106469657537e-22, nan 
70.875, 86.125, 1.3794542661563095e-22, nan 
71.125, 86.125, 1.3938073304724148e-22, nan 
71.375, 86.125, 1.384160420370985e-22, nan 
71.625, 86.125, 1.411583920271965e-22, nan 
71.875, 86.125, 1.4188338115564595e-22, nan 
72.125, 86.125, 1.4185512373230432e-22, nan 
72.375, 86.125, 1.4073414888353834e-22, nan 
72.625, 86.125, 1.4434655379735413e-22, nan 
72.875, 86.125, 1.421705094252595e-22, nan 
73.125, 86.125, 1.3705776844266977e-22, nan 
73.375, 86.125, 1.28985315167029e-22, nan 
73.625, 86.125, 1.240632706563008e-22, nan 
73.875, 86.125, 1.22653125470271e-22, nan 
74.125, 86.125, 1.1753629373936838e-22, nan 
74.375, 86.125, 1.174915652515271e-22, nan 
74.625, 86.125, 1.1618029821491054e-22, nan 
74.875, 86.125, 1.1114676318612304e-22, nan 
75.125, 86.125, 1.091690562380556e-22, nan 
75.375, 86.125, 1.1513448057571981e-22, nan 
75.625, 86.125, 1.1246557905177573e-22, nan 
75.875, 86.125, 1.2339662420356508e-22, nan 
76.125, 86.125, 1.565439230633389e-22, nan 
76.375, 86.125, 1.721837675977199e-22, nan 
76.625, 86.125, 1.7356276052872467e-22, nan 
76.875, 86.125, 1.7788475589937707e-22, nan 
77.125, 86.125, 1.843495247166432e-22, nan 
77.375, 86.125, 1.9680198570393164e-22, nan 
77.625, 86.125, 2.0443198846689928e-22, nan 
77.875, 86.125, 2.1541330734397125e-22, nan 
78.125, 86.125, 2.192296926980848e-22, nan 
78.375, 86.125, 2.1854727558751177e-22, nan 
78.625, 86.125, 2.2350862777798874e-22, nan 
78.875, 86.125, 2.2972236855067635e-22, nan 
79.125, 86.125, 2.175719002322644e-22, nan 
79.375, 86.125, 2.226805116736737e-22, nan 
79.625, 86.125, 2.378599152862046e-22, nan 
79.875, 86.125, 2.4400963485740747e-22, nan 
80.125, 86.125, 2.4446098449036804e-22, nan 
80.375, 86.125, 2.308328818891442e-22, nan 
80.625, 86.125, 2.277152047413651e-22, nan 
80.875, 86.125, 2.299416620910746e-22, nan 
81.125, 86.125, 2.2530278975262725e-22, nan 
81.375, 86.125, 2.411737706962961e-22, nan 
81.625, 86.125, 2.43327242912021e-22, nan 
81.875, 86.125, 2.533703728145418e-22, nan 
82.125, 86.125, 2.618482179820011e-22, nan 
82.375, 86.125, 2.6379642030755534e-22, nan 
82.625, 86.125, 2.5663510654972543e-22, nan 
82.875, 86.125, 2.4893099787047456e-22, nan 
83.125, 86.125, 2.5237644494360407e-22, nan 
83.375, 86.125, 2.6954773583312377e-22, nan 
83.625, 86.125, 2.561610300396398e-22, nan 
83.875, 86.125, 1.9353774807874083e-22, nan 
84.125, 86.125, 1.1965389880062104e-22, nan 
84.375, 86.125, 1.0650977745208597e-22, nan 
84.625, 86.125, 1.3949428225852751e-22, nan 
84.875, 86.125, 1.984150735611489e-22, nan 
85.125, 86.125, 3.282202648083408e-22, nan 
85.375, 86.125, 4.069144992594194e-22, nan 
85.625, 86.125, 5.462004041920546e-22, nan 
85.875, 86.125, 5.856287738910739e-22, nan 
86.125, 86.125, 6.011692464803909e-22, nan 
86.375, 86.125, 6.674949704301817e-22, nan 
86.625, 86.125, 7.1721548652443485e-22, nan 
86.875, 86.125, 7.932310331560825e-22, nan 
87.125, 86.125, 8.603545554151502e-22, nan 
87.375, 86.125, 8.541304308851381e-22, nan 
87.625, 86.125, 7.489857998587457e-22, nan 
87.875, 86.125, 6.534101245207239e-22, nan 
88.125, 86.125, 6.1579988578144265e-22, nan 
88.375, 86.125, 6.341972746335631e-22, nan 
88.625, 86.125, 6.524405774284667e-22, nan 
88.875, 86.125, 6.992868331583455e-22, nan 
89.125, 86.125, 7.322934295037999e-22, nan 
89.375, 86.125, 7.927577617939776e-22, nan 
89.625, 86.125, 8.27030308358912e-22, nan 
89.875, 86.125, 7.680745378820027e-22, nan 
90.125, 86.125, 6.837241127329022e-22, nan 
90.375, 86.125, 6.810256780767668e-22, nan 
90.625, 86.125, 6.836448475181328e-22, nan 
90.875, 86.125, 7.151448986808879e-22, nan 
91.125, 86.125, 7.306160918405385e-22, nan 
91.375, 86.125, 7.371571763242426e-22, nan 
91.625, 86.125, 7.571071223711994e-22, nan 
91.875, 86.125, 7.658370697761585e-22, nan 
92.125, 86.125, 7.717589608474751e-22, nan 
92.375, 86.125, 7.702549111910715e-22, nan 
92.625, 86.125, 7.791341949491887e-22, nan 
92.875, 86.125, 7.872366907268993e-22, nan 
93.125, 86.125, 7.587335008372733e-22, nan 
93.375, 86.125, 7.667165553260659e-22, nan 
93.625, 86.125, 8.98028188782532e-22, nan 
93.875, 86.125, 1.039693372360386e-21, nan 
94.125, 86.125, 1.148584539404245e-21, nan 
94.375, 86.125, 1.2399035376779331e-21, nan 
94.625, 86.125, 1.4164802384402265e-21, nan 
94.875, 86.125, 1.6274254194806625e-21, nan 
95.125, 86.125, 1.9088031059334886e-21, nan 
95.375, 86.125, 2.066067355883323e-21, nan 
95.625, 86.125, 2.1071382812803455e-21, nan 
95.875, 86.125, 2.129789435820183e-21, nan 
96.125, 86.125, 2.119276590758533e-21, nan 
96.375, 86.125, 2.0903239250022563e-21, nan 
96.625, 86.125, 2.0614310446674463e-21, nan 
96.875, 86.125, 1.813608310319307e-21, nan 
97.125, 86.125, 1.3406320309903617e-21, nan 
97.375, 86.125, 1.2137947622898861e-21, nan 
97.625, 86.125, 1.351595769016555e-21, nan 
97.875, 86.125, 1.5892826348327514e-21, nan 
98.125, 86.125, 1.7738009044310457e-21, nan 
98.375, 86.125, 1.8526427114398353e-21, nan 
98.625, 86.125, 1.9207091901171953e-21, nan 
98.875, 86.125, 2.024946602046355e-21, nan 
99.125, 86.125, 2.126022632695964e-21, nan 
99.375, 86.125, 2.1281858062921175e-21, nan 
99.625, 86.125, 2.115001161273496e-21, nan 
99.875, 86.125, 2.0792580419656222e-21, nan 
100.125, 86.125, 2.048802092207075e-21, nan 
100.375, 86.125, 2.039941640816572e-21, nan 
100.625, 86.125, 1.9392973703362697e-21, nan 
100.875, 86.125, 1.710291567874348e-21, nan 
101.125, 86.125, 1.5426925854474088e-21, nan 
101.375, 86.125, 1.4931329086137388e-21, nan 
101.625, 86.125, 1.459970929381519e-21, nan 
101.875, 86.125, 1.4611225449490004e-21, nan 
102.125, 86.125, 1.449768258116436e-21, nan 
102.375, 86.125, 1.3699604556076234e-21, nan 
102.625, 86.125, 1.3499695757266423e-21, nan 
102.875, 86.125, 1.1553951186210173e-21, nan 
103.125, 86.125, 9.337639614173621e-22, nan 
103.375, 86.125, 6.339551436432936e-22, nan 
103.625, 86.125, 4.909301625699722e-22, nan 
103.875, 86.125, 4.294338259246639e-22, nan 
104.125, 86.125, 3.9823743377046867e-22, nan 
104.375, 86.125, 3.3874182939650237e-22, nan 
104.625, 86.125, 3.145272228794104e-22, nan 
104.875, 86.125, 2.9464529402640396e-22, nan 
105.125, 86.125, 2.8887966281178884e-22, nan 
105.375, 86.125, 2.8563162670408314e-22, nan 
105.625, 86.125, 2.8431645051646337e-22, nan 
105.875, 86.125, 2.956160749912445e-22, nan 
106.125, 86.125, 3.0582190290598047e-22, nan 
106.375, 86.125, 3.1599503069103787e-22, nan 
106.625, 86.125, 3.3553860948710137e-22, nan 
106.875, 86.125, 3.5285525838410056e-22, nan 
107.125, 86.125, 3.6542996332112035e-22, nan 
107.375, 86.125, 3.813122300253586e-22, nan 
107.625, 86.125, 3.8975182106437023e-22, nan 
107.875, 86.125, 3.9374026743246473e-22, nan 
108.125, 86.125, 3.960388439608139e-22, nan 
108.375, 86.125, 4.001520649720018e-22, nan 
108.625, 86.125, 4.1431003971878224e-22, nan 
108.875, 86.125, 4.28793254575713e-22, nan 
109.125, 86.125, 4.3539495611880655e-22, nan 
109.375, 86.125, 4.646096972954093e-22, nan 
109.625, 86.125, 4.949231112450912e-22, nan 
109.875, 86.125, 5.329825455187498e-22, nan 
110.125, 86.125, 6.614640273955242e-22, nan 
110.375, 86.125, 8.044122923082738e-22, nan 
110.625, 86.125, 8.62266522711858e-22, nan 
110.875, 86.125, 8.76827955339724e-22, nan 
111.125, 86.125, 9.790814950832446e-22, nan 
111.375, 86.125, 1.024751549129871e-21, nan 
111.625, 86.125, 1.0073201166911514e-21, nan 
111.875, 86.125, 1.0112502381370078e-21, nan 
112.125, 86.125, 9.760696077573616e-22, nan 
112.375, 86.125, 9.561875267713994e-22, nan 
112.625, 86.125, 9.593477202932626e-22, nan 
112.875, 86.125, 9.637172057682214e-22, nan 
113.125, 86.125, 1.0178960125831543e-21, nan 
113.375, 86.125, 1.0765152742619998e-21, nan 
113.625, 86.125, 1.1513198546934546e-21, nan 
113.875, 86.125, 1.2764034767743463e-21, nan 
114.125, 86.125, 1.3984084897509661e-21, nan 
114.375, 86.125, 1.5200680781298232e-21, nan 
114.625, 86.125, 1.7308716562489484e-21, nan 
114.875, 86.125, 1.872040575029413e-21, nan 
115.125, 86.125, 1.9144438383492206e-21, nan 
115.375, 86.125, 1.7361670854251557e-21, nan 
115.625, 86.125, 1.50807688873422e-21, nan 
115.875, 86.125, 1.1404989317555906e-21, nan 
116.125, 86.125, 1.2579681227243772e-21, nan 
116.375, 86.125, 1.4151021775487706e-21, nan 
116.625, 86.125, 1.569839630603901e-21, nan 
116.875, 86.125, 1.754699907906361e-21, nan 
117.125, 86.125, 1.8724444561998227e-21, nan 
117.375, 86.125, 2.0467604263795717e-21, nan 
117.625, 86.125, 2.3855132361702962e-21, nan 
117.875, 86.125, 2.7321456183764573e-21, nan 
118.125, 86.125, 3.1026425133912562e-21, nan 
118.375, 86.125, 3.669488708594016e-21, nan 
118.625, 86.125, 4.048129710903557e-21, nan 
118.875, 86.125, 4.206862855561281e-21, nan 
119.125, 86.125, 3.781036969552447e-21, nan 
119.375, 86.125, 3.1353307244606706e-21, nan 
119.625, 86.125, 1.745992536046443e-21, nan 
119.875, 86.125, 1.2576387970335526e-21, nan 
120.125, 86.125, 1.5194844744815968e-21, nan 
120.375, 86.125, 1.7559512062034798e-21, nan 
120.625, 86.125, 1.9647953059755475e-21, nan 
120.875, 86.125, 2.1359747708635113e-21, nan 
121.125, 86.125, 2.323171231403542e-21, nan 
121.375, 86.125, 2.544835481568313e-21, nan 
121.625, 86.125, 2.75242265535318e-21, nan 
121.875, 86.125, 2.8931957252840005e-21, nan 
122.125, 86.125, 3.1296350438149264e-21, nan 
122.375, 86.125, 3.3025394484802138e-21, nan 
122.625, 86.125, 3.437854375555553e-21, nan 
122.875, 86.125, 3.298959857612265e-21, nan 
123.125, 86.125, 3.0563861231273398e-21, nan 
123.375, 86.125, 2.6073861378282303e-21, nan 
123.625, 86.125, 2.4103804680607465e-21, nan 
123.875, 86.125, 2.413718543321935e-21, nan 
124.125, 86.125, 2.2165275914395997e-21, nan 
124.375, 86.125, 2.1029420359854254e-21, nan 
124.625, 86.125, 2.0485769083810716e-21, nan 
124.875, 86.125, 1.9677281487817133e-21, nan 
125.125, 86.125, 1.699564562605443e-21, nan 
125.375, 86.125, 1.3901042752861095e-21, nan 
125.625, 86.125, 1.2627457811429057e-21, nan 
125.875, 86.125, 1.1781279671789204e-21, nan 
126.125, 86.125, 1.0541588804738125e-21, nan 
126.375, 86.125, 1.4616889089662447e-21, nan 
126.625, 86.125, 1.8065280277113036e-21, nan 
126.875, 86.125, 2.3734999202010677e-21, nan 
127.125, 86.125, 2.4836582896062133e-21, nan 
127.375, 86.125, 2.4946855552746526e-21, nan 
127.625, 86.125, 2.609708630424998e-21, nan 
127.875, 86.125, 2.6716365111288238e-21, nan 
128.125, 86.125, 2.4710436064788706e-21, nan 
128.375, 86.125, 2.577948688716327e-21, nan 
128.625, 86.125, 2.5683687842337236e-21, nan 
128.875, 86.125, 2.6495375527423856e-21, nan 
129.125, 86.125, 3.0174436944998977e-21, nan 
129.375, 86.125, 3.081783891337704e-21, nan 
129.625, 86.125, 3.131553053676467e-21, nan 
129.875, 86.125, 3.311692787676328e-21, nan 
130.125, 86.125, 3.444056173460089e-21, nan 
130.375, 86.125, 3.5436270688884474e-21, nan 
130.625, 86.125, 3.52043751548111e-21, nan 
130.875, 86.125, 3.595927554109178e-21, nan 
131.125, 86.125, 3.6353141414975166e-21, nan 
131.375, 86.125, 3.65014722327485e-21, nan 
131.625, 86.125, 3.613849246173662e-21, nan 
131.875, 86.125, 3.636227064246311e-21, nan 
132.125, 86.125, 3.71268119793726e-21, nan 
132.375, 86.125, 3.970981525766522e-21, nan 
132.625, 86.125, 4.105193754104941e-21, nan 
132.875, 86.125, 4.069620663157093e-21, nan 
133.125, 86.125, 4.043362400447476e-21, nan 
133.375, 86.125, 4.293270455974209e-21, nan 
133.625, 86.125, 4.3125761409196656e-21, nan 
133.875, 86.125, 4.150516976930301e-21, nan 
134.125, 86.125, 3.842122664142318e-21, nan 
134.375, 86.125, 3.7593474871411194e-21, nan 
134.625, 86.125, 3.775969123063903e-21, nan 
134.875, 86.125, 3.6615965836781806e-21, nan 
135.125, 86.125, 3.707006816025853e-21, nan 
135.375, 86.125, 3.637057265773243e-21, nan 
135.625, 86.125, 3.7670037584109865e-21, nan 
135.875, 86.125, 3.692697383240974e-21, nan 
136.125, 86.125, 3.734753522393251e-21, nan 
136.375, 86.125, 3.751123627337573e-21, nan 
136.625, 86.125, 3.805571141260479e-21, nan 
136.875, 86.125, 3.864662855889565e-21, nan 
137.125, 86.125, 4.0614509024490104e-21, nan 
137.375, 86.125, 4.2221561018895375e-21, nan 
137.625, 86.125, 4.377464268674117e-21, nan 
137.875, 86.125, 4.435364451129075e-21, nan 
138.125, 86.125, 4.408619122613647e-21, nan 
138.375, 86.125, 4.3799730121345e-21, nan 
138.625, 86.125, 4.246145128037365e-21, nan 
138.875, 86.125, 4.255521468222653e-21, nan 
139.125, 86.125, 4.29371883166249e-21, nan 
139.375, 86.125, 4.2056760880915844e-21, nan 
139.625, 86.125, 4.139576767765348e-21, nan 
139.875, 86.125, 4.150663716857357e-21, nan 
140.125, 86.125, 4.101936708786562e-21, nan 
140.375, 86.125, 4.113238398955246e-21, nan 
140.625, 86.125, 4.125795475332449e-21, nan 
140.875, 86.125, 4.124205142033882e-21, nan 
141.125, 86.125, 4.010662832467702e-21, nan 
141.375, 86.125, 3.8707980237188596e-21, nan 
141.625, 86.125, 3.827992183847258e-21, nan 
141.875, 86.125, 3.843359320802373e-21, nan 
142.125, 86.125, 3.980300031386185e-21, nan 
142.375, 86.125, 4.232613465537541e-21, nan 
142.625, 86.125, 4.516073777857685e-21, nan 
142.875, 86.125, 4.534815073610194e-21, nan 
143.125, 86.125, 4.6487062419303e-21, nan 
143.375, 86.125, 4.593549869537924e-21, nan 
143.625, 86.125, 4.636906029883222e-21, nan 
143.875, 86.125, 4.683547326815949e-21, nan 
144.125, 86.125, 4.804372266018277e-21, nan 
144.375, 86.125, 4.986650140540958e-21, nan 
144.625, 86.125, 4.68719405232114e-21, nan 
144.875, 86.125, 4.48408172422577e-21, nan 
145.125, 86.125, 4.670405544057773e-21, nan 
145.375, 86.125, 4.9930119457503554e-21, nan 
145.625, 86.125, 4.809765608944093e-21, nan 
145.875, 86.125, 4.475388962973217e-21, nan 
146.125, 86.125, 4.457348928250294e-21, nan 
146.375, 86.125, 4.6153277667677274e-21, nan 
146.625, 86.125, 4.5537516794562185e-21, nan 
146.875, 86.125, 4.499507951727269e-21, nan 
147.125, 86.125, 4.8616453565671654e-21, nan 
147.375, 86.125, 5.458767090576874e-21, nan 
147.625, 86.125, 6.1531932547341165e-21, nan 
147.875, 86.125, 6.644293879756225e-21, nan 
148.125, 86.125, 6.807687106798991e-21, nan 
148.375, 86.125, 7.061323617788585e-21, nan 
148.625, 86.125, 7.228545532198756e-21, nan 
148.875, 86.125, 7.737865812710042e-21, nan 
149.125, 86.125, 8.205951740230596e-21, nan 
149.375, 86.125, 8.30948657069932e-21, nan 
149.625, 86.125, 8.15342441533321e-21, nan 
149.875, 86.125, 8.171488466532444e-21, nan 
150.125, 86.125, 7.791065660488215e-21, nan 
150.375, 86.125, 7.10389827514719e-21, nan 
150.625, 86.125, 5.988696459816505e-21, nan 
150.875, 86.125, 5.143051983796651e-21, nan 
151.125, 86.125, 4.5037346040979894e-21, nan 
151.375, 86.125, 6.7756653043130436e-21, nan 
151.625, 86.125, 8.831898816981557e-21, nan 
151.875, 86.125, 1.0211330374590295e-20, nan 
152.125, 86.125, 1.0416188462818751e-20, nan 
152.375, 86.125, 1.0385786734333466e-20, nan 
152.625, 86.125, 1.055521518352193e-20, nan 
152.875, 86.125, 1.0479393181159283e-20, nan 
153.125, 86.125, 1.0476095198759863e-20, nan 
153.375, 86.125, 1.075145178746881e-20, nan 
153.625, 86.125, 1.0839527708668935e-20, nan 
153.875, 86.125, 1.0664690348194979e-20, nan 
154.125, 86.125, 9.566788193279506e-21, nan 
154.375, 86.125, 7.811298696070442e-21, nan 
154.625, 86.125, 6.431159889124863e-21, nan 
154.875, 86.125, 5.694092621964082e-21, nan 
155.125, 86.125, 7.559250945356654e-21, nan 
155.375, 86.125, 9.244338738824662e-21, nan 
155.625, 86.125, 1.0829825712683383e-20, nan 
155.875, 86.125, 1.1052488181387397e-20, nan 
156.125, 86.125, 1.1225092719127591e-20, nan 
156.375, 86.125, 1.1238544572134042e-20, nan 
156.625, 86.125, 1.096680505844431e-20, nan 
156.875, 86.125, 1.0971349022223636e-20, nan 
157.125, 86.125, 1.0824491904757968e-20, nan 
157.375, 86.125, 1.0558345125393476e-20, nan 
157.625, 86.125, 9.727157789236482e-21, nan 
157.875, 86.125, 7.919086660709638e-21, nan 
158.125, 86.125, 6.474138175043637e-21, nan 
158.375, 86.125, 5.9811280583204785e-21, nan 
158.625, 86.125, 7.704440196729698e-21, nan 
158.875, 86.125, 8.329500042043279e-21, nan 
159.125, 86.125, 8.564404576769823e-21, nan 
159.375, 86.125, 9.775874679810403e-21, nan 
159.625, 86.125, 9.710499273194982e-21, nan 
159.875, 86.125, 9.9740734665244e-21, nan 
160.125, 86.125, 1.0174097323670631e-20, nan 
160.375, 86.125, 1.0408468425525492e-20, nan 
160.625, 86.125, 1.1409386371221131e-20, nan 
160.875, 86.125, 1.1248942661001673e-20, nan 
161.125, 86.125, 1.1837824174302793e-20, nan 
161.375, 86.125, 1.1975584744985355e-20, nan 
161.625, 86.125, 1.1774212729052586e-20, nan 
161.875, 86.125, 1.1252511090378304e-20, nan 
162.125, 86.125, 1.115246163651614e-20, nan 
162.375, 86.125, 1.07002048124568e-20, nan 
162.625, 86.125, 9.826390367461113e-21, nan 
162.875, 86.125, 9.828803955307428e-21, nan 
163.125, 86.125, 9.824836556812645e-21, nan 
163.375, 86.125, 9.006706010577393e-21, nan 
163.625, 86.125, 8.856599063583417e-21, nan 
163.875, 86.125, 7.845102843379768e-21, nan 
164.125, 86.125, 6.853207694411167e-21, nan 
164.375, 86.125, 6.090328853898941e-21, nan 
164.625, 86.125, 5.759013550048791e-21, nan 
164.875, 86.125, 5.5409745740601484e-21, nan 
165.125, 86.125, 6.5512287344133664e-21, nan 
165.375, 86.125, 7.383303250949774e-21, nan 
165.625, 86.125, 7.943342777522297e-21, nan 
165.875, 86.125, 8.448342144631961e-21, nan 
166.125, 86.125, 8.26038960615037e-21, nan 
166.375, 86.125, 7.904175734030682e-21, nan 
166.625, 86.125, 8.095595161312176e-21, nan 
166.875, 86.125, 8.380241611822197e-21, nan 
167.125, 86.125, 7.936928091123467e-21, nan 
167.375, 86.125, 7.745060929368121e-21, nan 
167.625, 86.125, 7.354386883246102e-21, nan 
167.875, 86.125, 7.078498935113687e-21, nan 
168.125, 86.125, 6.691755741494428e-21, nan 
168.375, 86.125, 6.520301901777152e-21, nan 
168.625, 86.125, 6.007955870293554e-21, nan 
168.875, 86.125, 5.782059947032055e-21, nan 
169.125, 86.125, 6.199329660881878e-21, nan 
169.375, 86.125, 6.4773076076795136e-21, nan 
169.625, 86.125, 7.110980065018788e-21, nan 
169.875, 86.125, 7.613946444954514e-21, nan 
170.125, 86.125, 8.431494826623151e-21, nan 
170.375, 86.125, 8.602918285548406e-21, nan 
170.625, 86.125, 8.88978079388557e-21, nan 
170.875, 86.125, 9.453874684638016e-21, nan 
171.125, 86.125, 9.912676058289918e-21, nan 
171.375, 86.125, 1.0174343658876378e-20, nan 
171.625, 86.125, 1.0306930871739215e-20, nan 
171.875, 86.125, 1.0132481743107845e-20, nan 
172.125, 86.125, 9.5239317141242e-21, nan 
172.375, 86.125, 9.207492178766281e-21, nan 
172.625, 86.125, 8.722302253084079e-21, nan 
172.875, 86.125, 9.161841378977714e-21, nan 
173.125, 86.125, 9.468280045172854e-21, nan 
173.375, 86.125, 1.0121219503031213e-20, nan 
173.625, 86.125, 1.0489922887784989e-20, nan 
173.875, 86.125, 1.2348529884693857e-20, nan 
174.125, 86.125, 1.2570381934339651e-20, nan 
174.375, 86.125, 1.3642923871974045e-20, nan 
174.625, 86.125, 1.5491899657400374e-20, nan 
174.875, 86.125, 1.8107339266840863e-20, nan 
175.125, 86.125, 2.0692610922052484e-20, nan 
175.375, 86.125, 2.217253186590325e-20, nan 
175.625, 86.125, 2.3123206737703652e-20, nan 
175.875, 86.125, 2.3683644246883696e-20, nan 
176.125, 86.125, 2.321656258720292e-20, nan 
176.375, 86.125, 2.101205681455695e-20, nan 
176.625, 86.125, 2.0598794017888746e-20, nan 
176.875, 86.125, 1.9663118907762365e-20, nan 
177.125, 86.125, 1.8758499949069222e-20, nan 
177.375, 86.125, 1.5191879359506752e-20, nan 
177.625, 86.125, 1.386334343521968e-20, nan 
177.875, 86.125, 1.352070893614593e-20, nan 
178.125, 86.125, 1.2769117199018965e-20, nan 
178.375, 86.125, 1.3632572978525443e-20, nan 
178.625, 86.125, 1.6360453099365676e-20, nan 
178.875, 86.125, 1.9254066500271847e-20, nan 
179.125, 86.125, 2.077046220426947e-20, nan 
179.375, 86.125, 2.1494446416802475e-20, nan 
179.625, 86.125, 2.1232934868249858e-20, nan 
179.875, 86.125, 2.0203964002838282e-20, nan 
-179.875, 86.375, 2.6905483639106795e-21, nan 
-179.625, 86.375, 2.761312594194037e-21, nan 
-179.375, 86.375, 3.054099779817456e-21, nan 
-179.125, 86.375, 2.8905189315915606e-21, nan 
-178.875, 86.375, 2.7671402167373252e-21, nan 
-178.625, 86.375, 2.519268686681426e-21, nan 
-178.375, 86.375, 2.3860944378687413e-21, nan 
-178.125, 86.375, 2.400256995438488e-21, nan 
-177.875, 86.375, 2.533926888521266e-21, nan 
-177.625, 86.375, 2.7901681561741e-21, nan 
-177.375, 86.375, 3.2143693882955602e-21, nan 
-177.125, 86.375, 3.2283249239198487e-21, nan 
-176.875, 86.375, 3.521184056423968e-21, nan 
-176.625, 86.375, 3.578796287595618e-21, nan 
-176.375, 86.375, 3.7374715718976715e-21, nan 
-176.125, 86.375, 4.11195028290849e-21, nan 
-175.875, 86.375, 4.521667840806318e-21, nan 
-175.625, 86.375, 5.234458045383527e-21, nan 
-175.375, 86.375, 5.310478314745751e-21, nan 
-175.125, 86.375, 5.400561825433792e-21, nan 
-174.875, 86.375, 5.675988985673108e-21, nan 
-174.625, 86.375, 6.008560958687458e-21, nan 
-174.375, 86.375, 6.382439194228749e-21, nan 
-174.125, 86.375, 6.604052762458118e-21, nan 
-173.875, 86.375, 6.696825702218298e-21, nan 
-173.625, 86.375, 6.5950481186517e-21, nan 
-173.375, 86.375, 6.581306127002487e-21, nan 
-173.125, 86.375, 6.574365654677144e-21, nan 
-172.875, 86.375, 6.660538406016536e-21, nan 
-172.625, 86.375, 6.5485291082059685e-21, nan 
-172.375, 86.375, 6.204599810946581e-21, nan 
-172.125, 86.375, 5.9902201058788046e-21, nan 
-171.875, 86.375, 5.538111224874695e-21, nan 
-171.625, 86.375, 5.342283951880563e-21, nan 
-171.375, 86.375, 4.991321940637081e-21, nan 
-171.125, 86.375, 3.3646271332855886e-21, nan 
-170.875, 86.375, 2.9877156886804946e-21, nan 
-170.625, 86.375, 3.3437637440488287e-21, nan 
-170.375, 86.375, 3.919294988351182e-21, nan 
-170.125, 86.375, 4.215414196392771e-21, nan 
-169.875, 86.375, 4.268830154919681e-21, nan 
-169.625, 86.375, 4.301255833035393e-21, nan 
-169.375, 86.375, 4.347151584798318e-21, nan 
-169.125, 86.375, 4.469841768243663e-21, nan 
-168.875, 86.375, 4.5560432814256235e-21, nan 
-168.625, 86.375, 4.546055382173302e-21, nan 
-168.375, 86.375, 4.691406327110424e-21, nan 
-168.125, 86.375, 4.7064005403329754e-21, nan 
-167.875, 86.375, 4.675890502290448e-21, nan 
-167.625, 86.375, 4.565859739289763e-21, nan 
-167.375, 86.375, 3.7835308463144034e-21, nan 
-167.125, 86.375, 3.1663291519638852e-21, nan 
-166.875, 86.375, 2.8462928701462047e-21, nan 
-166.625, 86.375, 2.5042376894712254e-21, nan 
-166.375, 86.375, 2.3644189320230677e-21, nan 
-166.125, 86.375, 2.2537971409427755e-21, nan 
-165.875, 86.375, 2.175342771528162e-21, nan 
-165.625, 86.375, 2.141160345744609e-21, nan 
-165.375, 86.375, 1.4625534572378592e-21, nan 
-165.125, 86.375, 1.0281896789221819e-21, nan 
-164.875, 86.375, 1.151264130245878e-21, nan 
-164.625, 86.375, 1.2744429899855195e-21, nan 
-164.375, 86.375, 1.3930789226578086e-21, nan 
-164.125, 86.375, 1.4466547335245418e-21, nan 
-163.875, 86.375, 1.5327869246162416e-21, nan 
-163.625, 86.375, 1.6064173593350517e-21, nan 
-163.375, 86.375, 1.687016100591796e-21, nan 
-163.125, 86.375, 1.700441731891085e-21, nan 
-162.875, 86.375, 1.759745184857561e-21, nan 
-162.625, 86.375, 1.8058304788129647e-21, nan 
-162.375, 86.375, 1.8238020280428117e-21, nan 
-162.125, 86.375, 1.8758137488056795e-21, nan 
-161.875, 86.375, 1.7421883436487573e-21, nan 
-161.625, 86.375, 1.6405059341109244e-21, nan 
-161.375, 86.375, 1.6051009016774939e-21, nan 
-161.125, 86.375, 1.5157109249732494e-21, nan 
-160.875, 86.375, 1.5405210662736872e-21, nan 
-160.625, 86.375, 1.5310162891711662e-21, nan 
-160.375, 86.375, 1.514463528336953e-21, nan 
-160.125, 86.375, 1.5227070323038081e-21, nan 
-159.875, 86.375, 1.5342951591692495e-21, nan 
-159.625, 86.375, 1.4521633884331438e-21, nan 
-159.375, 86.375, 1.4219684398956655e-21, nan 
-159.125, 86.375, 1.5093640560309211e-21, nan 
-158.875, 86.375, 1.6956894510007115e-21, nan 
-158.625, 86.375, 2.001579813341589e-21, nan 
-158.375, 86.375, 2.258351633774329e-21, nan 
-158.125, 86.375, 2.2756394280465903e-21, nan 
-157.875, 86.375, 2.306939486411456e-21, nan 
-157.625, 86.375, 2.375668953941243e-21, nan 
-157.375, 86.375, 2.3135911282143814e-21, nan 
-157.125, 86.375, 2.41173424921903e-21, nan 
-156.875, 86.375, 2.3354609382126297e-21, nan 
-156.625, 86.375, 2.3987846656196696e-21, nan 
-156.375, 86.375, 2.3888840996477485e-21, nan 
-156.125, 86.375, 2.3698697880279907e-21, nan 
-155.875, 86.375, 2.3744337811923147e-21, nan 
-155.625, 86.375, 2.232347470745741e-21, nan 
-155.375, 86.375, 2.11890437868169e-21, nan 
-155.125, 86.375, 2.0181056158714983e-21, nan 
-154.875, 86.375, 1.730367532690177e-21, nan 
-154.625, 86.375, 1.685945184651895e-21, nan 
-154.375, 86.375, 1.832241688253759e-21, nan 
-154.125, 86.375, 1.8535778155858287e-21, nan 
-153.875, 86.375, 2.0997001596366104e-21, nan 
-153.625, 86.375, 2.1655858444190587e-21, nan 
-153.375, 86.375, 2.3123056108023106e-21, nan 
-153.125, 86.375, 2.3805921290963075e-21, nan 
-152.875, 86.375, 2.370281767253751e-21, nan 
-152.625, 86.375, 2.3454613632130507e-21, nan 
-152.375, 86.375, 2.2998345515263906e-21, nan 
-152.125, 86.375, 2.1841669187274292e-21, nan 
-151.875, 86.375, 1.959192133427089e-21, nan 
-151.625, 86.375, 1.7414260300764517e-21, nan 
-151.375, 86.375, 1.6428200241007059e-21, nan 
-151.125, 86.375, 1.6560215294654998e-21, nan 
-150.875, 86.375, 1.6556922582127157e-21, nan 
-150.625, 86.375, 1.5824808039379847e-21, nan 
-150.375, 86.375, 1.4741108115867111e-21, nan 
-150.125, 86.375, 1.522733781820528e-21, nan 
-149.875, 86.375, 1.424933536737563e-21, nan 
-149.625, 86.375, 1.4677076536446272e-21, nan 
-149.375, 86.375, 1.909825548518982e-21, nan 
-149.125, 86.375, 2.1850425852676936e-21, nan 
-148.875, 86.375, 2.3905942641127647e-21, nan 
-148.625, 86.375, 2.756112382008e-21, nan 
-148.375, 86.375, 3.1245871037362383e-21, nan 
-148.125, 86.375, 3.335149460860348e-21, nan 
-147.875, 86.375, 3.356218399923884e-21, nan 
-147.625, 86.375, 3.323908855491281e-21, nan 
-147.375, 86.375, 3.2944897732453097e-21, nan 
-147.125, 86.375, 3.2165375293001135e-21, nan 
-146.875, 86.375, 3.211451642995987e-21, nan 
-146.625, 86.375, 2.516497887152976e-21, nan 
-146.375, 86.375, 2.075741135375147e-21, nan 
-146.125, 86.375, 1.9616500958417967e-21, nan 
-145.875, 86.375, 1.878284800017168e-21, nan 
-145.625, 86.375, 2.020840523213908e-21, nan 
-145.375, 86.375, 2.1770236630591267e-21, nan 
-145.125, 86.375, 2.233850316206082e-21, nan 
-144.875, 86.375, 2.4200441360395e-21, nan 
-144.625, 86.375, 2.5954058248924018e-21, nan 
-144.375, 86.375, 2.7155143745629787e-21, nan 
-144.125, 86.375, 2.779425515034015e-21, nan 
-143.875, 86.375, 2.810053623318052e-21, nan 
-143.625, 86.375, 2.839298525290154e-21, nan 
-143.375, 86.375, 2.828761436556537e-21, nan 
-143.125, 86.375, 2.829952965261734e-21, nan 
-142.875, 86.375, 2.52383896625294e-21, nan 
-142.625, 86.375, 2.285370013214734e-21, nan 
-142.375, 86.375, 2.2223008827094495e-21, nan 
-142.125, 86.375, 2.1202671740481716e-21, nan 
-141.875, 86.375, 1.945103374690526e-21, nan 
-141.625, 86.375, 1.9163462079357966e-21, nan 
-141.375, 86.375, 1.8832137222714897e-21, nan 
-141.125, 86.375, 1.7173997138348295e-21, nan 
-140.875, 86.375, 1.3802057477555076e-21, nan 
-140.625, 86.375, 1.1526670026537301e-21, nan 
-140.375, 86.375, 9.19198072908167e-22, nan 
-140.125, 86.375, 8.444643713830194e-22, nan 
-139.875, 86.375, 7.91448236349637e-22, nan 
-139.625, 86.375, 7.973238132059509e-22, nan 
-139.375, 86.375, 8.1039290570888875e-22, nan 
-139.125, 86.375, 8.419669075081712e-22, nan 
-138.875, 86.375, 8.640094824037847e-22, nan 
-138.625, 86.375, 8.996328017490394e-22, nan 
-138.375, 86.375, 9.438986977468568e-22, nan 
-138.125, 86.375, 9.78963369653434e-22, nan 
-137.875, 86.375, 1.0088754347881822e-21, nan 
-137.625, 86.375, 1.0346534518960948e-21, nan 
-137.375, 86.375, 1.108206863395388e-21, nan 
-137.125, 86.375, 1.2470678842132751e-21, nan 
-136.875, 86.375, 1.4086177420146407e-21, nan 
-136.625, 86.375, 1.4800692389702386e-21, nan 
-136.375, 86.375, 1.5243146367508437e-21, nan 
-136.125, 86.375, 1.5875039456258871e-21, nan 
-135.875, 86.375, 1.5603754319795759e-21, nan 
-135.625, 86.375, 1.5298631293047816e-21, nan 
-135.375, 86.375, 1.4703828577532866e-21, nan 
-135.125, 86.375, 1.4632518292857693e-21, nan 
-134.875, 86.375, 1.4351526255083156e-21, nan 
-134.625, 86.375, 1.359019819145655e-21, nan 
-134.375, 86.375, 1.2681675817325521e-21, nan 
-134.125, 86.375, 1.2452499973925656e-21, nan 
-133.875, 86.375, 1.1179582190836495e-21, nan 
-133.625, 86.375, 1.19226173963716e-21, nan 
-133.375, 86.375, 1.515896007652089e-21, nan 
-133.125, 86.375, 1.982626765518415e-21, nan 
-132.875, 86.375, 2.2328535380812332e-21, nan 
-132.625, 86.375, 2.49298915603986e-21, nan 
-132.375, 86.375, 2.7720875531185194e-21, nan 
-132.125, 86.375, 2.831383390945093e-21, nan 
-131.875, 86.375, 2.795975539402034e-21, nan 
-131.625, 86.375, 2.654017417005222e-21, nan 
-131.375, 86.375, 2.600223850498213e-21, nan 
-131.125, 86.375, 2.6226059891393477e-21, nan 
-130.875, 86.375, 2.5283687275361687e-21, nan 
-130.625, 86.375, 2.3977580474465527e-21, nan 
-130.375, 86.375, 2.3883456283938092e-21, nan 
-130.125, 86.375, 2.0102967446196423e-21, nan 
-129.875, 86.375, 1.772686936872477e-21, nan 
-129.625, 86.375, 1.804534422446883e-21, nan 
-129.375, 86.375, 2.055197032869364e-21, nan 
-129.125, 86.375, 2.13155300509298e-21, nan 
-128.875, 86.375, 2.170063898683424e-21, nan 
-128.625, 86.375, 2.241846193914462e-21, nan 
-128.375, 86.375, 2.2438911377592045e-21, nan 
-128.125, 86.375, 2.2262245286040267e-21, nan 
-127.875, 86.375, 2.1737329411512045e-21, nan 
-127.625, 86.375, 2.1343414791315842e-21, nan 
-127.375, 86.375, 2.1020158884938154e-21, nan 
-127.125, 86.375, 2.0108651697117593e-21, nan 
-126.875, 86.375, 1.8039846891495987e-21, nan 
-126.625, 86.375, 1.6872690192302211e-21, nan 
-126.375, 86.375, 1.3306604372546773e-21, nan 
-126.125, 86.375, 1.0082376493960162e-21, nan 
-125.875, 86.375, 7.428608485538082e-22, nan 
-125.625, 86.375, 5.654153961799378e-22, nan 
-125.375, 86.375, 4.890975765232253e-22, nan 
-125.125, 86.375, 4.462229147032253e-22, nan 
-124.875, 86.375, 4.2294326352977475e-22, nan 
-124.625, 86.375, 4.0152682602622376e-22, nan 
-124.375, 86.375, 3.875259346365107e-22, nan 
-124.125, 86.375, 3.8463535602456793e-22, nan 
-123.875, 86.375, 3.7508076154157213e-22, nan 
-123.625, 86.375, 3.523525511908046e-22, nan 
-123.375, 86.375, 3.389631312816772e-22, nan 
-123.125, 86.375, 3.3381662501522263e-22, nan 
-122.875, 86.375, 3.2800765099852736e-22, nan 
-122.625, 86.375, 3.22267189415106e-22, nan 
-122.375, 86.375, 3.157703976215654e-22, nan 
-122.125, 86.375, 3.066296036324316e-22, nan 
-121.875, 86.375, 2.915234025902975e-22, nan 
-121.625, 86.375, 2.8306006771749655e-22, nan 
-121.375, 86.375, 2.691852450184923e-22, nan 
-121.125, 86.375, 2.824471122687668e-22, nan 
-120.875, 86.375, 3.015702098923354e-22, nan 
-120.625, 86.375, 3.005647600075468e-22, nan 
-120.375, 86.375, 2.968445600282724e-22, nan 
-120.125, 86.375, 2.738669444031679e-22, nan 
-119.875, 86.375, 2.475482460158249e-22, nan 
-119.625, 86.375, 2.2059852162073955e-22, nan 
-119.375, 86.375, 1.9731371973288842e-22, nan 
-119.125, 86.375, 1.785865338046767e-22, nan 
-118.875, 86.375, 1.710647407636316e-22, nan 
-118.625, 86.375, 1.7189409906792998e-22, nan 
-118.375, 86.375, 1.7023813937608537e-22, nan 
-118.125, 86.375, 1.58124379433172e-22, nan 
-117.875, 86.375, 1.8387280353857422e-22, nan 
-117.625, 86.375, 1.93800845123535e-22, nan 
-117.375, 86.375, 2.2131236168411404e-22, nan 
-117.125, 86.375, 2.454145234154564e-22, nan 
-116.875, 86.375, 2.4669262839695165e-22, nan 
-116.625, 86.375, 2.479544639391794e-22, nan 
-116.375, 86.375, 2.363485417797154e-22, nan 
-116.125, 86.375, 2.2212969156416847e-22, nan 
-115.875, 86.375, 2.2505318243197915e-22, nan 
-115.625, 86.375, 2.2527061141982946e-22, nan 
-115.375, 86.375, 2.2486994046034354e-22, nan 
-115.125, 86.375, 2.1226601334325073e-22, nan 
-114.875, 86.375, 2.0859707504629586e-22, nan 
-114.625, 86.375, 1.956572817301411e-22, nan 
-114.375, 86.375, 1.5272035415669938e-22, nan 
-114.125, 86.375, 1.5820594527231278e-22, nan 
-113.875, 86.375, 1.6967769428058112e-22, nan 
-113.625, 86.375, 1.786760483086908e-22, nan 
-113.375, 86.375, 1.9642375443051497e-22, nan 
-113.125, 86.375, 2.238891355556285e-22, nan 
-112.875, 86.375, 2.217057894448242e-22, nan 
-112.625, 86.375, 2.4274840078375427e-22, nan 
-112.375, 86.375, 2.336734820567896e-22, nan 
-112.125, 86.375, 2.4209626462918546e-22, nan 
-111.875, 86.375, 2.7312751291020714e-22, nan 
-111.625, 86.375, 3.143232702116702e-22, nan 
-111.375, 86.375, 3.302287722866097e-22, nan 
-111.125, 86.375, 3.406120854785988e-22, nan 
-110.875, 86.375, 3.3010448819342764e-22, nan 
-110.625, 86.375, 2.7950918893120104e-22, nan 
-110.375, 86.375, 1.623916989166691e-22, nan 
-110.125, 86.375, 1.5954903685157387e-22, nan 
-109.875, 86.375, 2.216127866893573e-22, nan 
-109.625, 86.375, 3.026175004258488e-22, nan 
-109.375, 86.375, 4.1354747134289547e-22, nan 
-109.125, 86.375, 4.357877208597664e-22, nan 
-108.875, 86.375, 4.544760659948728e-22, nan 
-108.625, 86.375, 4.9422135995042055e-22, nan 
-108.375, 86.375, 5.819605152127904e-22, nan 
-108.125, 86.375, 6.229191469384489e-22, nan 
-107.875, 86.375, 7.129792620972901e-22, nan 
-107.625, 86.375, 7.446230792660024e-22, nan 
-107.375, 86.375, 8.16011934934194e-22, nan 
-107.125, 86.375, 8.594097267416963e-22, nan 
-106.875, 86.375, 8.73279063529432e-22, nan 
-106.625, 86.375, 7.039759646236859e-22, nan 
-106.375, 86.375, 5.519839724526086e-22, nan 
-106.125, 86.375, 5.18763207402632e-22, nan 
-105.875, 86.375, 5.207348262622348e-22, nan 
-105.625, 86.375, 5.837560013734284e-22, nan 
-105.375, 86.375, 6.3090770429251955e-22, nan 
-105.125, 86.375, 6.781508637282856e-22, nan 
-104.875, 86.375, 6.954305691633863e-22, nan 
-104.625, 86.375, 6.59739494850643e-22, nan 
-104.375, 86.375, 6.57322762369773e-22, nan 
-104.125, 86.375, 6.985536994782876e-22, nan 
-103.875, 86.375, 7.12821676960243e-22, nan 
-103.625, 86.375, 7.583406804474143e-22, nan 
-103.375, 86.375, 7.675673251172178e-22, nan 
-103.125, 86.375, 7.747454359099221e-22, nan 
-102.875, 86.375, 6.806892958385916e-22, nan 
-102.625, 86.375, 5.775068703814176e-22, nan 
-102.375, 86.375, 5.361829929575811e-22, nan 
-102.125, 86.375, 5.323510981044614e-22, nan 
-101.875, 86.375, 5.5854757270383825e-22, nan 
-101.625, 86.375, 5.883787886689048e-22, nan 
-101.375, 86.375, 5.839934235353305e-22, nan 
-101.125, 86.375, 5.549280624565641e-22, nan 
-100.875, 86.375, 5.307759597582543e-22, nan 
-100.625, 86.375, 5.239435433710961e-22, nan 
-100.375, 86.375, 5.358062955622036e-22, nan 
-100.125, 86.375, 5.410249120380906e-22, nan 
-99.875, 86.375, 4.789186970551409e-22, nan 
-99.625, 86.375, 4.095923134165207e-22, nan 
-99.375, 86.375, 3.590143690928992e-22, nan 
-99.125, 86.375, 3.2809644865343742e-22, nan 
-98.875, 86.375, 3.0932663453495213e-22, nan 
-98.625, 86.375, 3.10708193283348e-22, nan 
-98.375, 86.375, 3.043709378492715e-22, nan 
-98.125, 86.375, 2.988688061737007e-22, nan 
-97.875, 86.375, 2.84380364206762e-22, nan 
-97.625, 86.375, 2.7289331590299715e-22, nan 
-97.375, 86.375, 2.728909868827757e-22, nan 
-97.125, 86.375, 2.7334875802858427e-22, nan 
-96.875, 86.375, 2.724479461769014e-22, nan 
-96.625, 86.375, 2.693538179810253e-22, nan 
-96.375, 86.375, 2.694488465465726e-22, nan 
-96.125, 86.375, 2.7508913222307104e-22, nan 
-95.875, 86.375, 2.747709409635042e-22, nan 
-95.625, 86.375, 2.698325361623579e-22, nan 
-95.375, 86.375, 2.6211553188853367e-22, nan 
-95.125, 86.375, 2.630936109562986e-22, nan 
-94.875, 86.375, 2.5893695040886277e-22, nan 
-94.625, 86.375, 2.709469487753701e-22, nan 
-94.375, 86.375, 2.9155873353072453e-22, nan 
-94.125, 86.375, 3.2143119936831895e-22, nan 
-93.875, 86.375, 3.5685557592609236e-22, nan 
-93.625, 86.375, 3.8980823634479907e-22, nan 
-93.375, 86.375, 4.049078879830499e-22, nan 
-93.125, 86.375, 4.1570314967322677e-22, nan 
-92.875, 86.375, 4.3207033008723215e-22, nan 
-92.625, 86.375, 4.30713665216021e-22, nan 
-92.375, 86.375, 4.472023654309708e-22, nan 
-92.125, 86.375, 4.525134948861687e-22, nan 
-91.875, 86.375, 4.597124103891092e-22, nan 
-91.625, 86.375, 4.613881526241481e-22, nan 
-91.375, 86.375, 4.652255068019548e-22, nan 
-91.125, 86.375, 4.703786846793926e-22, nan 
-90.875, 86.375, 4.652785683784561e-22, nan 
-90.625, 86.375, 4.728974822127536e-22, nan 
-90.375, 86.375, 4.753098868215413e-22, nan 
-90.125, 86.375, 4.757569190522107e-22, nan 
-89.875, 86.375, 4.778598614857265e-22, nan 
-89.625, 86.375, 4.74623317878881e-22, nan 
-89.375, 86.375, 4.705387376119742e-22, nan 
-89.125, 86.375, 4.631994895858285e-22, nan 
-88.875, 86.375, 4.643950631213096e-22, nan 
-88.625, 86.375, 4.617410609077729e-22, nan 
-88.375, 86.375, 4.409767835447224e-22, nan 
-88.125, 86.375, 4.2300791330014306e-22, nan 
-87.875, 86.375, 4.185720227490461e-22, nan 
-87.625, 86.375, 4.124362462549627e-22, nan 
-87.375, 86.375, 4.223593556672325e-22, nan 
-87.125, 86.375, 4.0343780275052975e-22, nan 
-86.875, 86.375, 3.7612706863445477e-22, nan 
-86.625, 86.375, 3.7897603575928626e-22, nan 
-86.375, 86.375, 3.858186513739303e-22, nan 
-86.125, 86.375, 3.6413518054944805e-22, nan 
-85.875, 86.375, 3.742634480382002e-22, nan 
-85.625, 86.375, 4.162770871622041e-22, nan 
-85.375, 86.375, 4.653064696444438e-22, nan 
-85.125, 86.375, 4.591085381985334e-22, nan 
-84.875, 86.375, 4.865039664753389e-22, nan 
-84.625, 86.375, 4.877767312710227e-22, nan 
-84.375, 86.375, 4.635667716649915e-22, nan 
-84.125, 86.375, 4.699143260158141e-22, nan 
-83.875, 86.375, 4.609854011971565e-22, nan 
-83.625, 86.375, 4.319087599077479e-22, nan 
-83.375, 86.375, 4.224151084403328e-22, nan 
-83.125, 86.375, 4.0112402558791575e-22, nan 
-82.875, 86.375, 3.741759472455219e-22, nan 
-82.625, 86.375, 3.6595541456443763e-22, nan 
-82.375, 86.375, 3.611703435988739e-22, nan 
-82.125, 86.375, 3.448041301260498e-22, nan 
-81.875, 86.375, 3.763607903911436e-22, nan 
-81.625, 86.375, 4.583246376671975e-22, nan 
-81.375, 86.375, 4.624583220798721e-22, nan 
-81.125, 86.375, 5.234919556775797e-22, nan 
-80.875, 86.375, 5.4448479896857e-22, nan 
-80.625, 86.375, 5.132142502711309e-22, nan 
-80.375, 86.375, 5.2101488298872085e-22, nan 
-80.125, 86.375, 5.123099319930765e-22, nan 
-79.875, 86.375, 4.875124178387333e-22, nan 
-79.625, 86.375, 4.785843613876836e-22, nan 
-79.375, 86.375, 4.644617356795266e-22, nan 
-79.125, 86.375, 4.300605970909153e-22, nan 
-78.875, 86.375, 4.1291181793349395e-22, nan 
-78.625, 86.375, 4.1444614428566745e-22, nan 
-78.375, 86.375, 3.885593295811963e-22, nan 
-78.125, 86.375, 3.6824048941102685e-22, nan 
-77.875, 86.375, 3.399759340689025e-22, nan 
-77.625, 86.375, 3.2521248896028193e-22, nan 
-77.375, 86.375, 3.2755769681914253e-22, nan 
-77.125, 86.375, 3.31205389388393e-22, nan 
-76.875, 86.375, 3.3541525017732694e-22, nan 
-76.625, 86.375, 3.3461798934769066e-22, nan 
-76.375, 86.375, 3.3712354551106176e-22, nan 
-76.125, 86.375, 3.303708496233538e-22, nan 
-75.875, 86.375, 3.3454076638607897e-22, nan 
-75.625, 86.375, 3.248591255026696e-22, nan 
-75.375, 86.375, 2.999718662201007e-22, nan 
-75.125, 86.375, 2.8206658617923506e-22, nan 
-74.875, 86.375, 2.751945099525548e-22, nan 
-74.625, 86.375, 2.653431578854091e-22, nan 
-74.375, 86.375, 2.528287090400704e-22, nan 
-74.125, 86.375, 2.441730795041239e-22, nan 
-73.875, 86.375, 2.3751141570218167e-22, nan 
-73.625, 86.375, 2.388661777260489e-22, nan 
-73.375, 86.375, 2.4586123540506894e-22, nan 
-73.125, 86.375, 2.540912519277793e-22, nan 
-72.875, 86.375, 2.4864897321022153e-22, nan 
-72.625, 86.375, 2.410339355990811e-22, nan 
-72.375, 86.375, 2.2886657851622526e-22, nan 
-72.125, 86.375, 2.2704668250399597e-22, nan 
-71.875, 86.375, 2.2230097176256146e-22, nan 
-71.625, 86.375, 2.1317305387163727e-22, nan 
-71.375, 86.375, 1.9724736560445726e-22, nan 
-71.125, 86.375, 1.832477909535175e-22, nan 
-70.875, 86.375, 1.7000384817143856e-22, nan 
-70.625, 86.375, 1.3927487992746612e-22, nan 
-70.375, 86.375, 1.0720428299108322e-22, nan 
-70.125, 86.375, 8.784812402096184e-23, nan 
-69.875, 86.375, 7.5283154747003e-23, nan 
-69.625, 86.375, 7.401590371820648e-23, nan 
-69.375, 86.375, 8.531642741652067e-23, nan 
-69.125, 86.375, 9.890026968812252e-23, nan 
-68.875, 86.375, 1.0937805828748691e-22, nan 
-68.625, 86.375, 1.1599887575837626e-22, nan 
-68.375, 86.375, 1.2465245633545907e-22, nan 
-68.125, 86.375, 1.3624088526735223e-22, nan 
-67.875, 86.375, 1.6594285011698537e-22, nan 
-67.625, 86.375, 1.8451901847893582e-22, nan 
-67.375, 86.375, 2.2778857100057274e-22, nan 
-67.125, 86.375, 2.9064600245994638e-22, nan 
-66.875, 86.375, 3.354710368101936e-22, nan 
-66.625, 86.375, 3.613015737827834e-22, nan 
-66.375, 86.375, 3.587938718783255e-22, nan 
-66.125, 86.375, 3.6084177013530775e-22, nan 
-65.875, 86.375, 3.523067151830516e-22, nan 
-65.625, 86.375, 3.464341501965266e-22, nan 
-65.375, 86.375, 3.448414853670541e-22, nan 
-65.125, 86.375, 3.435382355158415e-22, nan 
-64.875, 86.375, 3.3746150990471356e-22, nan 
-64.625, 86.375, 3.277201519281443e-22, nan 
-64.375, 86.375, 3.1574816349353756e-22, nan 
-64.125, 86.375, 2.997947303615321e-22, nan 
-63.875, 86.375, 2.8029232068115903e-22, nan 
-63.625, 86.375, 2.65289648011498e-22, nan 
-63.375, 86.375, 2.466681828058321e-22, nan 
-63.125, 86.375, 2.376481889175712e-22, nan 
-62.875, 86.375, 2.2778112675458235e-22, nan 
-62.625, 86.375, 2.13627722359487e-22, nan 
-62.375, 86.375, 2.0623871438346118e-22, nan 
-62.125, 86.375, 2.0210954139171196e-22, nan 
-61.875, 86.375, 1.968333344317401e-22, nan 
-61.625, 86.375, 1.9507303238649252e-22, nan 
-61.375, 86.375, 1.965761486056005e-22, nan 
-61.125, 86.375, 1.9604876346119108e-22, nan 
-60.875, 86.375, 1.9046618655612327e-22, nan 
-60.625, 86.375, 1.852328162838922e-22, nan 
-60.375, 86.375, 1.7921638730221268e-22, nan 
-60.125, 86.375, 1.721088575837971e-22, nan 
-59.875, 86.375, 1.6476332782198937e-22, nan 
-59.625, 86.375, 1.5514055536131202e-22, nan 
-59.375, 86.375, 1.5107837230905586e-22, nan 
-59.125, 86.375, 1.4347970568201345e-22, nan 
-58.875, 86.375, 1.3221027115136143e-22, nan 
-58.625, 86.375, 1.279971150770162e-22, nan 
-58.375, 86.375, 1.3038514589911493e-22, nan 
-58.125, 86.375, 1.3243034995206283e-22, nan 
-57.875, 86.375, 1.3377558646600807e-22, nan 
-57.625, 86.375, 1.3936678306139118e-22, nan 
-57.375, 86.375, 1.3862212263385347e-22, nan 
-57.125, 86.375, 1.4337708768871002e-22, nan 
-56.875, 86.375, 1.4419628764013777e-22, nan 
-56.625, 86.375, 1.4268584315270526e-22, nan 
-56.375, 86.375, 1.4715405234663973e-22, nan 
-56.125, 86.375, 1.5639134711322477e-22, nan 
-55.875, 86.375, 1.7256381641296685e-22, nan 
-55.625, 86.375, 1.8964975101029303e-22, nan 
-55.375, 86.375, 2.0540842960861097e-22, nan 
-55.125, 86.375, 2.2016013548367463e-22, nan 
-54.875, 86.375, 2.348500323240905e-22, nan 
-54.625, 86.375, 2.4108062045649846e-22, nan 
-54.375, 86.375, 2.564433189287555e-22, nan 
-54.125, 86.375, 2.802252774273995e-22, nan 
-53.875, 86.375, 3.0745936720015333e-22, nan 
-53.625, 86.375, 3.20258666739931e-22, nan 
-53.375, 86.375, 3.377170920218944e-22, nan 
-53.125, 86.375, 3.378804208025104e-22, nan 
-52.875, 86.375, 3.259019395109089e-22, nan 
-52.625, 86.375, 3.235894246407628e-22, nan 
-52.375, 86.375, 3.297348442811024e-22, nan 
-52.125, 86.375, 3.51052206766555e-22, nan 
-51.875, 86.375, 3.851047443206277e-22, nan 
-51.625, 86.375, 4.0679854785576203e-22, nan 
-51.375, 86.375, 4.145933078924643e-22, nan 
-51.125, 86.375, 4.202340464477573e-22, nan 
-50.875, 86.375, 4.0736917374318685e-22, nan 
-50.625, 86.375, 4.1197901652342635e-22, nan 
-50.375, 86.375, 4.345986479438432e-22, nan 
-50.125, 86.375, 4.739917717996947e-22, nan 
-49.875, 86.375, 4.689851095217162e-22, nan 
-49.625, 86.375, 4.701593829808471e-22, nan 
-49.375, 86.375, 4.567820717879651e-22, nan 
-49.125, 86.375, 4.2270769042744814e-22, nan 
-48.875, 86.375, 4.288358165054759e-22, nan 
-48.625, 86.375, 4.114755146172594e-22, nan 
-48.375, 86.375, 3.8684158129055436e-22, nan 
-48.125, 86.375, 3.776410743676239e-22, nan 
-47.875, 86.375, 3.659898703396357e-22, nan 
-47.625, 86.375, 3.4972322734053475e-22, nan 
-47.375, 86.375, 3.4463241943283447e-22, nan 
-47.125, 86.375, 3.279131203971219e-22, nan 
-46.875, 86.375, 3.1238796631901327e-22, nan 
-46.625, 86.375, 2.9888587456237444e-22, nan 
-46.375, 86.375, 2.9488439388358513e-22, nan 
-46.125, 86.375, 2.29645777076084e-22, nan 
-45.875, 86.375, 1.5987349002316826e-22, nan 
-45.625, 86.375, 9.969245366688326e-23, nan 
-45.375, 86.375, 1.7961962637756873e-22, nan 
-45.125, 86.375, 1.726275241266105e-22, nan 
-44.875, 86.375, 1.596742317163085e-22, nan 
-44.625, 86.375, 1.606689095108115e-22, nan 
-44.375, 86.375, 1.6740875737233496e-22, nan 
-44.125, 86.375, 1.6995288215367638e-22, nan 
-43.875, 86.375, 1.714172062290889e-22, nan 
-43.625, 86.375, 1.7126833916931712e-22, nan 
-43.375, 86.375, 1.8129169911158468e-22, nan 
-43.125, 86.375, 1.9970398384588044e-22, nan 
-42.875, 86.375, 2.1136820858129072e-22, nan 
-42.625, 86.375, 1.9540392146752114e-22, nan 
-42.375, 86.375, 1.9016541350001488e-22, nan 
-42.125, 86.375, 2.0478013817483565e-22, nan 
-41.875, 86.375, 2.065857426871704e-22, nan 
-41.625, 86.375, 2.1289822814592794e-22, nan 
-41.375, 86.375, 2.1710924121902786e-22, nan 
-41.125, 86.375, 2.224722032991829e-22, nan 
-40.875, 86.375, 2.1148018192904442e-22, nan 
-40.625, 86.375, 2.2117840456699995e-22, nan 
-40.375, 86.375, 2.3530936434811975e-22, nan 
-40.125, 86.375, 2.318331062010538e-22, nan 
-39.875, 86.375, 2.394988569608847e-22, nan 
-39.625, 86.375, 2.417355274429989e-22, nan 
-39.375, 86.375, 2.5198513102793235e-22, nan 
-39.125, 86.375, 2.33433062384001e-22, nan 
-38.875, 86.375, 2.22275079367144e-22, nan 
-38.625, 86.375, 2.0466741028789007e-22, nan 
-38.375, 86.375, 1.9192557796277606e-22, nan 
-38.125, 86.375, 1.9925103008031366e-22, nan 
10.375, 86.375, 6.17852322437374e-23, nan 
10.625, 86.375, 7.234681276200987e-23, nan 
10.875, 86.375, 9.644362687013575e-23, nan 
11.125, 86.375, 1.0285364119904139e-22, nan 
11.375, 86.375, 1.142526963955297e-22, nan 
11.625, 86.375, 1.2351132001702991e-22, nan 
11.875, 86.375, 1.3148738612530292e-22, nan 
12.125, 86.375, 1.3616525124477113e-22, nan 
12.375, 86.375, 1.3560353220490494e-22, nan 
12.625, 86.375, 1.4310765811507232e-22, nan 
12.875, 86.375, 1.6366270416705755e-22, nan 
13.125, 86.375, 1.8369019212566313e-22, nan 
13.375, 86.375, 2.0318544985351929e-22, nan 
13.625, 86.375, 2.0938308363098383e-22, nan 
13.875, 86.375, 2.0014619439767875e-22, nan 
14.125, 86.375, 1.980699378819348e-22, nan 
14.375, 86.375, 2.0042858964701907e-22, nan 
14.625, 86.375, 2.0166538203669615e-22, nan 
14.875, 86.375, 2.0437001580234716e-22, nan 
15.125, 86.375, 2.1212142353055417e-22, nan 
15.375, 86.375, 2.1418449388583794e-22, nan 
15.625, 86.375, 2.1495403746599683e-22, nan 
15.875, 86.375, 2.197001357959521e-22, nan 
16.125, 86.375, 2.1969835086627033e-22, nan 
16.375, 86.375, 2.2439198358202103e-22, nan 
16.625, 86.375, 2.298241265958111e-22, nan 
16.875, 86.375, 2.4296489771195652e-22, nan 
17.125, 86.375, 2.459862060883625e-22, nan 
17.375, 86.375, 2.5725629468914286e-22, nan 
17.625, 86.375, 2.7156452464594835e-22, nan 
17.875, 86.375, 2.9338001414458694e-22, nan 
18.125, 86.375, 3.0670516118546385e-22, nan 
18.375, 86.375, 2.9804725831899095e-22, nan 
18.625, 86.375, 2.9667320983087653e-22, nan 
18.875, 86.375, 2.953354636820921e-22, nan 
19.125, 86.375, 2.9443372813164417e-22, nan 
19.375, 86.375, 3.0002242333998823e-22, nan 
19.625, 86.375, 2.6335241104440454e-22, nan 
19.875, 86.375, 2.4410352441382814e-22, nan 
20.125, 86.375, 2.3332053238940186e-22, nan 
20.375, 86.375, 2.27883375693668e-22, nan 
20.625, 86.375, 2.2960938509878507e-22, nan 
20.875, 86.375, 2.318346545046838e-22, nan 
21.125, 86.375, 2.3609174016323393e-22, nan 
21.375, 86.375, 2.426325367164806e-22, nan 
21.625, 86.375, 2.5470666459330267e-22, nan 
21.875, 86.375, 2.6302174110053967e-22, nan 
22.125, 86.375, 2.576369128840259e-22, nan 
22.375, 86.375, 2.58747136823511e-22, nan 
22.625, 86.375, 2.5985436207941988e-22, nan 
22.875, 86.375, 2.575579254505776e-22, nan 
23.125, 86.375, 2.6277661979394505e-22, nan 
23.375, 86.375, 2.4148818758171733e-22, nan 
23.625, 86.375, 2.2796191897887386e-22, nan 
23.875, 86.375, 2.1871694047486886e-22, nan 
24.125, 86.375, 2.1418799845465888e-22, nan 
24.375, 86.375, 2.1171317700765417e-22, nan 
24.625, 86.375, 2.1747260169921874e-22, nan 
24.875, 86.375, 2.191808315573518e-22, nan 
25.125, 86.375, 2.1437637006140265e-22, nan 
25.375, 86.375, 2.1061844471839826e-22, nan 
25.625, 86.375, 2.1047367720607103e-22, nan 
25.875, 86.375, 2.0931603231451038e-22, nan 
26.125, 86.375, 2.062652995872849e-22, nan 
26.375, 86.375, 2.046917269704226e-22, nan 
26.625, 86.375, 2.0515819629841811e-22, nan 
26.875, 86.375, 2.047597764360476e-22, nan 
27.125, 86.375, 2.0663075752830096e-22, nan 
27.375, 86.375, 2.078239864090076e-22, nan 
27.625, 86.375, 2.103230437138787e-22, nan 
27.875, 86.375, 2.0362890906185946e-22, nan 
28.125, 86.375, 2.039163765729351e-22, nan 
28.375, 86.375, 2.0052731482915685e-22, nan 
28.625, 86.375, 1.8466185104431284e-22, nan 
28.875, 86.375, 1.421110009208232e-22, nan 
29.125, 86.375, 1.1267948700333447e-22, nan 
29.375, 86.375, 1.0683210045397689e-22, nan 
29.625, 86.375, 1.0626909569912688e-22, nan 
29.875, 86.375, 9.570843112784352e-23, nan 
30.125, 86.375, 9.152918232849399e-23, nan 
30.375, 86.375, 8.60005268189887e-23, nan 
30.625, 86.375, 8.432715191479038e-23, nan 
30.875, 86.375, 7.559843920966455e-23, nan 
31.125, 86.375, 6.919451289154817e-23, nan 
31.375, 86.375, 5.791325229244858e-23, nan 
31.625, 86.375, 5.06090819010283e-23, nan 
31.875, 86.375, 4.3692544169839954e-23, nan 
32.125, 86.375, 3.936833270245591e-23, nan 
32.375, 86.375, 3.798035934630246e-23, nan 
32.625, 86.375, 3.7333194389592446e-23, nan 
32.875, 86.375, 3.8676594507714215e-23, nan 
33.125, 86.375, 4.28859486947154e-23, nan 
33.375, 86.375, 4.4869466750509494e-23, nan 
33.625, 86.375, 4.481634594329665e-23, nan 
33.875, 86.375, 5.872280916160463e-23, nan 
34.125, 86.375, 8.817600007864904e-23, nan 
34.375, 86.375, 1.4143341348076164e-22, nan 
34.625, 86.375, 1.4295189800839089e-22, nan 
34.875, 86.375, 1.4389057450129422e-22, nan 
35.125, 86.375, 1.360495414021129e-22, nan 
35.375, 86.375, 1.4815438427255149e-22, nan 
35.625, 86.375, 1.4694384554001725e-22, nan 
35.875, 86.375, 1.6170996957456163e-22, nan 
36.125, 86.375, 1.7072050467525347e-22, nan 
36.375, 86.375, 1.7573377289944637e-22, nan 
36.625, 86.375, 1.878208752811979e-22, nan 
36.875, 86.375, 1.95708366175406e-22, nan 
37.125, 86.375, 1.9906666751517439e-22, nan 
37.375, 86.375, 1.8996700810571697e-22, nan 
37.625, 86.375, 2.252302907029428e-22, nan 
37.875, 86.375, 2.839440814469739e-22, nan 
38.125, 86.375, 3.763999502720929e-22, nan 
38.375, 86.375, 3.667790647070108e-22, nan 
38.625, 86.375, 3.4687803703129198e-22, nan 
38.875, 86.375, 2.9787700641788905e-22, nan 
39.125, 86.375, 3.3260702460065845e-22, nan 
39.375, 86.375, 3.1949363169028736e-22, nan 
39.625, 86.375, 3.428499084106314e-22, nan 
39.875, 86.375, 3.6568949833693735e-22, nan 
40.125, 86.375, 3.7405650611057886e-22, nan 
40.375, 86.375, 3.855403351491913e-22, nan 
40.625, 86.375, 4.0205303068101943e-22, nan 
40.875, 86.375, 4.009753318852667e-22, nan 
41.125, 86.375, 3.0452656393857743e-22, nan 
41.375, 86.375, 2.402180432883227e-22, nan 
41.625, 86.375, 2.511860007989465e-22, nan 
41.875, 86.375, 2.8879838536402534e-22, nan 
42.125, 86.375, 2.9222847155496167e-22, nan 
42.375, 86.375, 2.8832448368025074e-22, nan 
42.625, 86.375, 2.7559585769168366e-22, nan 
42.875, 86.375, 2.982347190349379e-22, nan 
43.125, 86.375, 3.038128795533571e-22, nan 
43.375, 86.375, 3.2563823878238276e-22, nan 
43.625, 86.375, 3.4208306695331936e-22, nan 
43.875, 86.375, 3.5065808494619228e-22, nan 
44.125, 86.375, 3.6495570187999805e-22, nan 
44.375, 86.375, 3.7618857327152254e-22, nan 
44.625, 86.375, 3.844927768695338e-22, nan 
44.875, 86.375, 3.564600926976213e-22, nan 
45.125, 86.375, 3.3544558557779374e-22, nan 
45.375, 86.375, 3.303266242616637e-22, nan 
45.625, 86.375, 3.3574662360835285e-22, nan 
45.875, 86.375, 3.4040817847951935e-22, nan 
46.125, 86.375, 3.455773237577052e-22, nan 
46.375, 86.375, 3.435091435865162e-22, nan 
46.625, 86.375, 3.446113199856252e-22, nan 
46.875, 86.375, 3.4265496432625723e-22, nan 
47.125, 86.375, 3.513092883488796e-22, nan 
47.375, 86.375, 3.570787329971237e-22, nan 
47.625, 86.375, 3.6287948638358247e-22, nan 
47.875, 86.375, 3.5740741931757096e-22, nan 
48.125, 86.375, 3.1306903806949914e-22, nan 
48.375, 86.375, 2.815657514294093e-22, nan 
48.625, 86.375, 2.574106211123371e-22, nan 
48.875, 86.375, 2.3718587538310657e-22, nan 
49.125, 86.375, 2.2079962430500537e-22, nan 
49.375, 86.375, 1.9074968086071489e-22, nan 
49.625, 86.375, 1.8831003160357048e-22, nan 
49.875, 86.375, 1.7050312910991994e-22, nan 
50.125, 86.375, 1.7883076892370756e-22, nan 
50.375, 86.375, 1.6306729686585987e-22, nan 
50.625, 86.375, 1.4840688110274316e-22, nan 
50.875, 86.375, 1.291376770961326e-22, nan 
51.125, 86.375, 1.217298536528939e-22, nan 
51.375, 86.375, 1.0436794529440116e-22, nan 
51.625, 86.375, 1.0323167319010437e-22, nan 
51.875, 86.375, 1.0882789956915624e-22, nan 
52.125, 86.375, 1.1319471537621971e-22, nan 
52.375, 86.375, 1.1308013703765292e-22, nan 
52.625, 86.375, 1.1564661914811173e-22, nan 
52.875, 86.375, 1.1643278050558841e-22, nan 
53.125, 86.375, 1.2036649424176345e-22, nan 
53.375, 86.375, 1.2259569897571772e-22, nan 
53.625, 86.375, 1.254723691418663e-22, nan 
53.875, 86.375, 1.293469153422018e-22, nan 
54.125, 86.375, 1.364129183016198e-22, nan 
54.375, 86.375, 1.4747245198626365e-22, nan 
54.625, 86.375, 1.5769891172221918e-22, nan 
54.875, 86.375, 1.6618637441050765e-22, nan 
55.125, 86.375, 1.7380643095532445e-22, nan 
55.375, 86.375, 1.855147431513815e-22, nan 
55.625, 86.375, 1.971433149910517e-22, nan 
55.875, 86.375, 2.06003869487325e-22, nan 
56.125, 86.375, 2.1276180517180826e-22, nan 
56.375, 86.375, 2.1644550725626733e-22, nan 
56.625, 86.375, 2.2669117415317993e-22, nan 
56.875, 86.375, 2.3643636708346733e-22, nan 
57.125, 86.375, 2.491627192382282e-22, nan 
57.375, 86.375, 2.5426406884030834e-22, nan 
57.625, 86.375, 2.7170864259635553e-22, nan 
57.875, 86.375, 2.8693289098315203e-22, nan 
58.125, 86.375, 3.0050538531548654e-22, nan 
58.375, 86.375, 3.0968173295021974e-22, nan 
58.625, 86.375, 3.0924478058703437e-22, nan 
58.875, 86.375, 3.068307452097841e-22, nan 
59.125, 86.375, 3.0607667851691123e-22, nan 
59.375, 86.375, 3.077048628130261e-22, nan 
59.625, 86.375, 3.0688744928591693e-22, nan 
59.875, 86.375, 3.0173193819170996e-22, nan 
60.125, 86.375, 2.979826977984033e-22, nan 
60.375, 86.375, 3.0013035875467886e-22, nan 
60.625, 86.375, 3.4136766167812715e-22, nan 
60.875, 86.375, 3.5608652924512747e-22, nan 
61.125, 86.375, 3.54671094582365e-22, nan 
61.375, 86.375, 3.5215473281133364e-22, nan 
61.625, 86.375, 3.3838390388828454e-22, nan 
61.875, 86.375, 3.2696088516088954e-22, nan 
62.125, 86.375, 3.201888001972888e-22, nan 
62.375, 86.375, 3.1790739433880975e-22, nan 
62.625, 86.375, 3.0675117594421114e-22, nan 
62.875, 86.375, 2.953231996421253e-22, nan 
63.125, 86.375, 2.830134677674625e-22, nan 
63.375, 86.375, 2.7602492485586058e-22, nan 
63.625, 86.375, 2.647661817135751e-22, nan 
63.875, 86.375, 2.593723211251199e-22, nan 
64.125, 86.375, 2.538946279217196e-22, nan 
64.375, 86.375, 2.636054462605685e-22, nan 
64.625, 86.375, 2.638516445225797e-22, nan 
64.875, 86.375, 2.569287813274828e-22, nan 
65.125, 86.375, 2.4924342303656728e-22, nan 
65.375, 86.375, 2.383423630834027e-22, nan 
65.625, 86.375, 2.2230422987257564e-22, nan 
65.875, 86.375, 2.0469423316655827e-22, nan 
66.125, 86.375, 1.9363713986845343e-22, nan 
66.375, 86.375, 1.8183536588487325e-22, nan 
66.625, 86.375, 1.747029626913713e-22, nan 
66.875, 86.375, 1.65078854891086e-22, nan 
67.125, 86.375, 1.601212709417837e-22, nan 
67.375, 86.375, 1.5547739061748633e-22, nan 
67.625, 86.375, 1.5471977977650663e-22, nan 
67.875, 86.375, 1.4917888694388745e-22, nan 
68.125, 86.375, 1.4557078164335334e-22, nan 
68.375, 86.375, 1.4113514823063198e-22, nan 
68.625, 86.375, 1.353624111017775e-22, nan 
68.875, 86.375, 1.2937681881972129e-22, nan 
69.125, 86.375, 1.2807290645240812e-22, nan 
69.375, 86.375, 1.2623505176319583e-22, nan 
69.625, 86.375, 1.2519041540391613e-22, nan 
69.875, 86.375, 1.2511942963249374e-22, nan 
70.125, 86.375, 1.2925578463893667e-22, nan 
70.375, 86.375, 1.3386939069679809e-22, nan 
70.625, 86.375, 1.4141273387175242e-22, nan 
70.875, 86.375, 1.5260634099497853e-22, nan 
71.125, 86.375, 1.9256296913043602e-22, nan 
71.375, 86.375, 2.434738745717752e-22, nan 
71.625, 86.375, 2.958189084313803e-22, nan 
71.875, 86.375, 3.146534590779729e-22, nan 
72.125, 86.375, 3.2595447498735646e-22, nan 
72.375, 86.375, 3.4227448707148915e-22, nan 
72.625, 86.375, 3.6256973579233637e-22, nan 
72.875, 86.375, 3.744641959404401e-22, nan 
73.125, 86.375, 3.8669612432319296e-22, nan 
73.375, 86.375, 3.868013234752326e-22, nan 
73.625, 86.375, 3.861631043853022e-22, nan 
73.875, 86.375, 3.9365571814265524e-22, nan 
74.125, 86.375, 3.905823898573496e-22, nan 
74.375, 86.375, 3.8246921593432775e-22, nan 
74.625, 86.375, 3.6803030294635237e-22, nan 
74.875, 86.375, 3.6934079711660775e-22, nan 
75.125, 86.375, 3.7006436103450135e-22, nan 
75.375, 86.375, 3.6495605361994037e-22, nan 
75.625, 86.375, 3.4501950579329796e-22, nan 
75.875, 86.375, 3.342686901639317e-22, nan 
76.125, 86.375, 3.2622991954571746e-22, nan 
76.375, 86.375, 3.2137884176696763e-22, nan 
76.625, 86.375, 3.086155023847809e-22, nan 
76.875, 86.375, 3.4027778340276056e-22, nan 
77.125, 86.375, 3.817589680914699e-22, nan 
77.375, 86.375, 5.372149994184248e-22, nan 
77.625, 86.375, 6.085142102612151e-22, nan 
77.875, 86.375, 6.876554948698037e-22, nan 
78.125, 86.375, 7.589078187331018e-22, nan 
78.375, 86.375, 7.891772425712025e-22, nan 
78.625, 86.375, 8.267265897135754e-22, nan 
78.875, 86.375, 8.401549022370318e-22, nan 
79.125, 86.375, 8.599232595020315e-22, nan 
79.375, 86.375, 8.677786579575528e-22, nan 
79.625, 86.375, 8.803866965370504e-22, nan 
79.875, 86.375, 8.898091342819645e-22, nan 
80.125, 86.375, 8.843315431433346e-22, nan 
80.375, 86.375, 8.676696641588278e-22, nan 
80.625, 86.375, 8.6985142578278e-22, nan 
80.875, 86.375, 8.825305040456158e-22, nan 
81.125, 86.375, 8.97615414480165e-22, nan 
81.375, 86.375, 9.800734463003862e-22, nan 
81.625, 86.375, 1.0258563931479833e-21, nan 
81.875, 86.375, 1.1296775668706555e-21, nan 
82.125, 86.375, 1.1613988303813185e-21, nan 
82.375, 86.375, 1.1663471386812675e-21, nan 
82.625, 86.375, 1.1737903800890757e-21, nan 
82.875, 86.375, 1.146886679015174e-21, nan 
83.125, 86.375, 1.1075749739800307e-21, nan 
83.375, 86.375, 1.1061125332984592e-21, nan 
83.625, 86.375, 1.0854247101745586e-21, nan 
83.875, 86.375, 1.0648441800520332e-21, nan 
84.125, 86.375, 9.983743441431813e-22, nan 
84.375, 86.375, 9.438683500105845e-22, nan 
84.625, 86.375, 9.08892731829238e-22, nan 
84.875, 86.375, 8.049834121739139e-22, nan 
85.125, 86.375, 7.454265585851612e-22, nan 
85.375, 86.375, 7.626447626853026e-22, nan 
85.625, 86.375, 8.929556052409359e-22, nan 
85.875, 86.375, 9.382795301044581e-22, nan 
86.125, 86.375, 9.758726505188065e-22, nan 
86.375, 86.375, 1.1081931500472642e-21, nan 
86.625, 86.375, 1.2728901454235916e-21, nan 
86.875, 86.375, 1.389668346435218e-21, nan 
87.125, 86.375, 1.4510683078873765e-21, nan 
87.375, 86.375, 1.4473532489625056e-21, nan 
87.625, 86.375, 1.4012280826624452e-21, nan 
87.875, 86.375, 1.3439099590714953e-21, nan 
88.125, 86.375, 1.2767519077528467e-21, nan 
88.375, 86.375, 1.2359517034175955e-21, nan 
88.625, 86.375, 1.1771367609062083e-21, nan 
88.875, 86.375, 1.1078076603220617e-21, nan 
89.125, 86.375, 1.0847586098354325e-21, nan 
89.375, 86.375, 1.0392464353241164e-21, nan 
89.625, 86.375, 9.98288326864739e-22, nan 
89.875, 86.375, 8.932132617609916e-22, nan 
90.125, 86.375, 8.794567163211325e-22, nan 
90.375, 86.375, 1.1323795214219832e-21, nan 
90.625, 86.375, 1.3318628833604275e-21, nan 
90.875, 86.375, 1.381700070790611e-21, nan 
91.125, 86.375, 1.3987972220598682e-21, nan 
91.375, 86.375, 1.4635331102691667e-21, nan 
91.625, 86.375, 1.5592207814066582e-21, nan 
91.875, 86.375, 1.6050095054592097e-21, nan 
92.125, 86.375, 1.6512174040829897e-21, nan 
92.375, 86.375, 1.7160893747981957e-21, nan 
92.625, 86.375, 1.7657638595208472e-21, nan 
92.875, 86.375, 1.8395439866565684e-21, nan 
93.125, 86.375, 1.870162585944228e-21, nan 
93.375, 86.375, 1.8852151856566624e-21, nan 
93.625, 86.375, 1.8026554535055915e-21, nan 
93.875, 86.375, 1.6899069475068366e-21, nan 
94.125, 86.375, 1.4888351823873845e-21, nan 
94.375, 86.375, 1.4176199690907899e-21, nan 
94.625, 86.375, 1.3421010192592666e-21, nan 
94.875, 86.375, 1.2610402516828885e-21, nan 
95.125, 86.375, 1.3784508348854451e-21, nan 
95.375, 86.375, 1.5350138575448827e-21, nan 
95.625, 86.375, 1.6246109150035095e-21, nan 
95.875, 86.375, 1.715259914433489e-21, nan 
96.125, 86.375, 1.784913461009125e-21, nan 
96.375, 86.375, 1.8078782247105187e-21, nan 
96.625, 86.375, 1.8612535619097114e-21, nan 
96.875, 86.375, 1.786381027302102e-21, nan 
97.125, 86.375, 1.5607792369968994e-21, nan 
97.375, 86.375, 1.3679117246258023e-21, nan 
97.625, 86.375, 1.2888559779613008e-21, nan 
97.875, 86.375, 1.1955433052237901e-21, nan 
98.125, 86.375, 1.134301414808333e-21, nan 
98.375, 86.375, 1.0307979381517505e-21, nan 
98.625, 86.375, 8.314037838768004e-22, nan 
98.875, 86.375, 5.389421036944295e-22, nan 
99.125, 86.375, 4.464324507856534e-22, nan 
99.375, 86.375, 3.854653072594652e-22, nan 
99.625, 86.375, 3.4034659932724205e-22, nan 
99.875, 86.375, 3.2371726753433037e-22, nan 
100.125, 86.375, 3.2219537215620437e-22, nan 
100.375, 86.375, 3.134659987171768e-22, nan 
100.625, 86.375, 3.1851948205037767e-22, nan 
100.875, 86.375, 3.246268593838656e-22, nan 
101.125, 86.375, 3.27922656796087e-22, nan 
101.375, 86.375, 3.255961594151625e-22, nan 
101.625, 86.375, 3.3571098661855744e-22, nan 
101.875, 86.375, 3.2886308127928635e-22, nan 
102.125, 86.375, 3.183966945677903e-22, nan 
102.375, 86.375, 3.0948901196142717e-22, nan 
102.625, 86.375, 3.0585524536399457e-22, nan 
102.875, 86.375, 3.0143445587852923e-22, nan 
103.125, 86.375, 3.00425363135738e-22, nan 
103.375, 86.375, 3.050108836286993e-22, nan 
103.625, 86.375, 3.2020300142495514e-22, nan 
103.875, 86.375, 3.560785860436907e-22, nan 
104.125, 86.375, 3.9279559113088713e-22, nan 
104.375, 86.375, 4.029202089501164e-22, nan 
104.625, 86.375, 4.254352313507231e-22, nan 
104.875, 86.375, 4.460606580515877e-22, nan 
105.125, 86.375, 4.75309024372678e-22, nan 
105.375, 86.375, 4.931863620981852e-22, nan 
105.625, 86.375, 5.09873831789352e-22, nan 
105.875, 86.375, 5.110206478922195e-22, nan 
106.125, 86.375, 5.466694414313513e-22, nan 
106.375, 86.375, 5.6081469319025535e-22, nan 
106.625, 86.375, 5.853693576133304e-22, nan 
106.875, 86.375, 5.750764440624537e-22, nan 
107.125, 86.375, 6.060628312214512e-22, nan 
107.375, 86.375, 6.060645293624325e-22, nan 
107.625, 86.375, 5.363524132815406e-22, nan 
107.875, 86.375, 5.281462730594456e-22, nan 
108.125, 86.375, 5.375462814447568e-22, nan 
108.375, 86.375, 5.208687155560629e-22, nan 
108.625, 86.375, 4.999348108561571e-22, nan 
108.875, 86.375, 4.909794240324008e-22, nan 
109.125, 86.375, 4.917923195647356e-22, nan 
109.375, 86.375, 4.1880235995868767e-22, nan 
109.625, 86.375, 4.462346473612288e-22, nan 
109.875, 86.375, 5.234570011334399e-22, nan 
110.125, 86.375, 5.7253338089261915e-22, nan 
110.375, 86.375, 6.308050223075616e-22, nan 
110.625, 86.375, 6.276804629586764e-22, nan 
110.875, 86.375, 7.139517153975228e-22, nan 
111.125, 86.375, 7.430382665081417e-22, nan 
111.375, 86.375, 6.170368578690449e-22, nan 
111.625, 86.375, 6.1206486930281875e-22, nan 
111.875, 86.375, 6.532685659730325e-22, nan 
112.125, 86.375, 6.134089719255059e-22, nan 
112.375, 86.375, 5.6596288735655945e-22, nan 
112.625, 86.375, 5.28758254923138e-22, nan 
112.875, 86.375, 5.146844830762854e-22, nan 
113.125, 86.375, 3.9699989263006347e-22, nan 
113.375, 86.375, 6.388802666999237e-22, nan 
113.625, 86.375, 7.804229938766177e-22, nan 
113.875, 86.375, 8.486709238501697e-22, nan 
114.125, 86.375, 9.000351468353955e-22, nan 
114.375, 86.375, 9.008749374046043e-22, nan 
114.625, 86.375, 1.0056296605883907e-21, nan 
114.875, 86.375, 1.0381879017733249e-21, nan 
115.125, 86.375, 1.054959800345411e-21, nan 
115.375, 86.375, 1.089370542708219e-21, nan 
115.625, 86.375, 1.1718362927377858e-21, nan 
115.875, 86.375, 1.2260873064588198e-21, nan 
116.125, 86.375, 1.3169108572549975e-21, nan 
116.375, 86.375, 1.3338787518967336e-21, nan 
116.625, 86.375, 1.3847187726920698e-21, nan 
116.875, 86.375, 1.3835622468624042e-21, nan 
117.125, 86.375, 1.445241736321876e-21, nan 
117.375, 86.375, 1.4993021017075898e-21, nan 
117.625, 86.375, 1.6744736519735684e-21, nan 
117.875, 86.375, 1.8320007463203997e-21, nan 
118.125, 86.375, 2.0066966190840748e-21, nan 
118.375, 86.375, 2.262367911953874e-21, nan 
118.625, 86.375, 2.4547158009047553e-21, nan 
118.875, 86.375, 2.5044340387920482e-21, nan 
119.125, 86.375, 2.2971240319897975e-21, nan 
119.375, 86.375, 2.0054110309172973e-21, nan 
119.625, 86.375, 1.3428606378957685e-21, nan 
119.875, 86.375, 9.957977137068354e-22, nan 
120.125, 86.375, 1.0705830642405294e-21, nan 
120.375, 86.375, 1.2611117239086214e-21, nan 
120.625, 86.375, 1.4536061719723953e-21, nan 
120.875, 86.375, 1.553872007655382e-21, nan 
121.125, 86.375, 1.6811053035382149e-21, nan 
121.375, 86.375, 1.7587052138468712e-21, nan 
121.625, 86.375, 1.8229265384081976e-21, nan 
121.875, 86.375, 1.9040882363158985e-21, nan 
122.125, 86.375, 1.9975583057392143e-21, nan 
122.375, 86.375, 2.0304186809823044e-21, nan 
122.625, 86.375, 2.0940490713615117e-21, nan 
122.875, 86.375, 2.1255085023894258e-21, nan 
123.125, 86.375, 2.1574269691031954e-21, nan 
123.375, 86.375, 2.202288065677009e-21, nan 
123.625, 86.375, 2.2978356973171475e-21, nan 
123.875, 86.375, 2.4759914823426778e-21, nan 
124.125, 86.375, 2.5954917094169506e-21, nan 
124.375, 86.375, 2.7437164429232856e-21, nan 
124.625, 86.375, 2.6632067468817453e-21, nan 
124.875, 86.375, 2.8807032579191355e-21, nan 
125.125, 86.375, 2.903887321399561e-21, nan 
125.375, 86.375, 2.830549094022201e-21, nan 
125.625, 86.375, 2.745904576531966e-21, nan 
125.875, 86.375, 2.7221420084231035e-21, nan 
126.125, 86.375, 2.6199076608702685e-21, nan 
126.375, 86.375, 2.6353385442239564e-21, nan 
126.625, 86.375, 2.522853775564526e-21, nan 
126.875, 86.375, 2.5053890954229875e-21, nan 
127.125, 86.375, 2.4640699184796423e-21, nan 
127.375, 86.375, 2.481093408309603e-21, nan 
127.625, 86.375, 2.622446206286665e-21, nan 
127.875, 86.375, 2.7121920472673873e-21, nan 
128.125, 86.375, 2.7417783066852054e-21, nan 
128.375, 86.375, 2.7279897569428242e-21, nan 
128.625, 86.375, 2.7983244983723847e-21, nan 
128.875, 86.375, 2.988281266808074e-21, nan 
129.125, 86.375, 3.161919763556645e-21, nan 
129.375, 86.375, 3.2592300241909163e-21, nan 
129.625, 86.375, 3.2857058518375498e-21, nan 
129.875, 86.375, 3.317191220447476e-21, nan 
130.125, 86.375, 3.3689325322243306e-21, nan 
130.375, 86.375, 3.466649180231466e-21, nan 
130.625, 86.375, 3.666527016178471e-21, nan 
130.875, 86.375, 3.8356005511161215e-21, nan 
131.125, 86.375, 4.082867741704132e-21, nan 
131.375, 86.375, 4.238042134063066e-21, nan 
131.625, 86.375, 4.2962800852708685e-21, nan 
131.875, 86.375, 4.287108257801086e-21, nan 
132.125, 86.375, 4.325353540452075e-21, nan 
132.375, 86.375, 4.1709923630743384e-21, nan 
132.625, 86.375, 4.077246085853717e-21, nan 
132.875, 86.375, 3.87638848037318e-21, nan 
133.125, 86.375, 3.760896320072053e-21, nan 
133.375, 86.375, 3.986919342733658e-21, nan 
133.625, 86.375, 3.733719434838659e-21, nan 
133.875, 86.375, 3.776687764866147e-21, nan 
134.125, 86.375, 3.7082079287472205e-21, nan 
134.375, 86.375, 3.4348921479208656e-21, nan 
134.625, 86.375, 3.345866860257526e-21, nan 
134.875, 86.375, 3.3413561256565737e-21, nan 
135.125, 86.375, 3.3186645999913833e-21, nan 
135.375, 86.375, 3.2668645300685397e-21, nan 
135.625, 86.375, 3.2056077617566767e-21, nan 
135.875, 86.375, 3.1785457244047738e-21, nan 
136.125, 86.375, 3.0504338235651195e-21, nan 
136.375, 86.375, 2.9670245372315942e-21, nan 
136.625, 86.375, 2.8869829862305877e-21, nan 
136.875, 86.375, 2.9568772827015497e-21, nan 
137.125, 86.375, 2.9627187491425382e-21, nan 
137.375, 86.375, 2.862850783133344e-21, nan 
137.625, 86.375, 2.9017184009994916e-21, nan 
137.875, 86.375, 2.7659693652732835e-21, nan 
138.125, 86.375, 2.55985955391757e-21, nan 
138.375, 86.375, 2.552520131507702e-21, nan 
138.625, 86.375, 2.467322039021653e-21, nan 
138.875, 86.375, 2.527314240812508e-21, nan 
139.125, 86.375, 2.3571079669480735e-21, nan 
139.375, 86.375, 2.3984206377970252e-21, nan 
139.625, 86.375, 2.243112556476818e-21, nan 
139.875, 86.375, 2.389477128345444e-21, nan 
140.125, 86.375, 2.2394625866527445e-21, nan 
140.375, 86.375, 2.190825499394993e-21, nan 
140.625, 86.375, 2.3534345311459712e-21, nan 
140.875, 86.375, 2.5413100774726433e-21, nan 
141.125, 86.375, 2.7351335148249137e-21, nan 
141.375, 86.375, 2.9342858110224548e-21, nan 
141.625, 86.375, 3.0972801559868122e-21, nan 
141.875, 86.375, 3.3630157343659897e-21, nan 
142.125, 86.375, 3.63373401381673e-21, nan 
142.375, 86.375, 4.212329659506628e-21, nan 
142.625, 86.375, 5.3627483980178665e-21, nan 
142.875, 86.375, 5.362280998400924e-21, nan 
143.125, 86.375, 5.411048312964552e-21, nan 
143.375, 86.375, 5.2843856563652865e-21, nan 
143.625, 86.375, 4.948757684814482e-21, nan 
143.875, 86.375, 4.273882214183052e-21, nan 
144.125, 86.375, 4.0005721407984756e-21, nan 
144.375, 86.375, 3.921438241725759e-21, nan 
144.625, 86.375, 3.967918405346764e-21, nan 
144.875, 86.375, 3.883390660926591e-21, nan 
145.125, 86.375, 3.6312595940273705e-21, nan 
145.375, 86.375, 3.572758013664195e-21, nan 
145.625, 86.375, 3.6424541096486965e-21, nan 
145.875, 86.375, 3.303654217789072e-21, nan 
146.125, 86.375, 3.121435513404865e-21, nan 
146.375, 86.375, 3.101654356748948e-21, nan 
146.625, 86.375, 3.0535912717744237e-21, nan 
146.875, 86.375, 3.0907616014969634e-21, nan 
147.125, 86.375, 3.1337138548059475e-21, nan 
147.375, 86.375, 2.8233875755718572e-21, nan 
147.625, 86.375, 2.3704066018053737e-21, nan 
147.875, 86.375, 2.3585737584644796e-21, nan 
148.125, 86.375, 2.3365527407327158e-21, nan 
148.375, 86.375, 2.380783598052381e-21, nan 
148.625, 86.375, 2.4432836803354393e-21, nan 
148.875, 86.375, 2.4165769246931764e-21, nan 
149.125, 86.375, 2.5380064929881e-21, nan 
149.375, 86.375, 2.665065336931565e-21, nan 
149.625, 86.375, 2.5087381470455925e-21, nan 
149.875, 86.375, 2.2484848017979854e-21, nan 
150.125, 86.375, 2.125543614683058e-21, nan 
150.375, 86.375, 2.094574736538341e-21, nan 
150.625, 86.375, 2.1891660608119966e-21, nan 
150.875, 86.375, 2.3990619004894407e-21, nan 
151.125, 86.375, 3.2686801996924038e-21, nan 
151.375, 86.375, 4.3069189646815074e-21, nan 
151.625, 86.375, 5.059463994485633e-21, nan 
151.875, 86.375, 5.549063407717676e-21, nan 
152.125, 86.375, 5.563642695842064e-21, nan 
152.375, 86.375, 5.543790072681735e-21, nan 
152.625, 86.375, 5.709183192442313e-21, nan 
152.875, 86.375, 5.938181459675238e-21, nan 
153.125, 86.375, 6.260880184194877e-21, nan 
153.375, 86.375, 6.455583774270821e-21, nan 
153.625, 86.375, 6.5609078336546405e-21, nan 
153.875, 86.375, 6.637066926777207e-21, nan 
154.125, 86.375, 6.456475648805955e-21, nan 
154.375, 86.375, 5.88938941614905e-21, nan 
154.625, 86.375, 5.43604512533603e-21, nan 
154.875, 86.375, 4.17529068830398e-21, nan 
155.125, 86.375, 3.0574270628900804e-21, nan 
155.375, 86.375, 2.5802041812201746e-21, nan 
155.625, 86.375, 2.3374848506839134e-21, nan 
155.875, 86.375, 2.1815108705348487e-21, nan 
156.125, 86.375, 2.057727553994751e-21, nan 
156.375, 86.375, 1.9036770430291635e-21, nan 
156.625, 86.375, 1.7729098195682972e-21, nan 
156.875, 86.375, 1.7236891928554326e-21, nan 
157.125, 86.375, 1.667190742771719e-21, nan 
157.375, 86.375, 1.721945872680588e-21, nan 
157.625, 86.375, 1.921099489238468e-21, nan 
157.875, 86.375, 2.649584722072671e-21, nan 
158.125, 86.375, 3.3290028906179807e-21, nan 
158.375, 86.375, 4.698619063995496e-21, nan 
158.625, 86.375, 6.034126803262605e-21, nan 
158.875, 86.375, 6.013273600799787e-21, nan 
159.125, 86.375, 5.8457629440199805e-21, nan 
159.375, 86.375, 6.3033996968674426e-21, nan 
159.625, 86.375, 6.150057086392082e-21, nan 
159.875, 86.375, 6.214471183008987e-21, nan 
160.125, 86.375, 6.261894573914188e-21, nan 
160.375, 86.375, 6.333326274606767e-21, nan 
160.625, 86.375, 6.732257264716047e-21, nan 
160.875, 86.375, 6.6106600213336276e-21, nan 
161.125, 86.375, 6.729792555740611e-21, nan 
161.375, 86.375, 6.540817674304015e-21, nan 
161.625, 86.375, 6.489282942592847e-21, nan 
161.875, 86.375, 6.276194076039376e-21, nan 
162.125, 86.375, 6.416842247626864e-21, nan 
162.375, 86.375, 6.357362707130583e-21, nan 
162.625, 86.375, 5.967819771802457e-21, nan 
162.875, 86.375, 5.9395157861198235e-21, nan 
163.125, 86.375, 5.871522400034087e-21, nan 
163.375, 86.375, 5.4551222827647126e-21, nan 
163.625, 86.375, 5.40486743383069e-21, nan 
163.875, 86.375, 4.880863259599061e-21, nan 
164.125, 86.375, 4.389296189285578e-21, nan 
164.375, 86.375, 3.985259132203634e-21, nan 
164.625, 86.375, 4.04461529553025e-21, nan 
164.875, 86.375, 3.706587372598004e-21, nan 
165.125, 86.375, 3.548671895985782e-21, nan 
165.375, 86.375, 3.735548512204043e-21, nan 
165.625, 86.375, 3.834559614003896e-21, nan 
165.875, 86.375, 4.047149334923047e-21, nan 
166.125, 86.375, 4.0202973388898966e-21, nan 
166.375, 86.375, 4.217672223141004e-21, nan 
166.625, 86.375, 4.26288283447728e-21, nan 
166.875, 86.375, 4.4410861102047095e-21, nan 
167.125, 86.375, 4.744123450745092e-21, nan 
167.375, 86.375, 4.802793867551281e-21, nan 
167.625, 86.375, 4.845112415494731e-21, nan 
167.875, 86.375, 5.055578583128304e-21, nan 
168.125, 86.375, 4.960970053674135e-21, nan 
168.375, 86.375, 4.8279879060006185e-21, nan 
168.625, 86.375, 5.116548528353527e-21, nan 
168.875, 86.375, 5.817111667734092e-21, nan 
169.125, 86.375, 7.247069672105141e-21, nan 
169.375, 86.375, 8.066173040875731e-21, nan 
169.625, 86.375, 8.866043417463604e-21, nan 
169.875, 86.375, 8.871691140021679e-21, nan 
170.125, 86.375, 9.549896628882981e-21, nan 
170.375, 86.375, 9.716357689538482e-21, nan 
170.625, 86.375, 1.0152508651008274e-20, nan 
170.875, 86.375, 1.0964565974306492e-20, nan 
171.125, 86.375, 1.0921439972977598e-20, nan 
171.375, 86.375, 1.0672409493100521e-20, nan 
171.625, 86.375, 1.1100138688786046e-20, nan 
171.875, 86.375, 1.0064454360546886e-20, nan 
172.125, 86.375, 7.991318903007464e-21, nan 
172.375, 86.375, 7.070672488385807e-21, nan 
172.625, 86.375, 5.364274074014099e-21, nan 
172.875, 86.375, 5.8345582045490455e-21, nan 
173.125, 86.375, 7.25775397902871e-21, nan 
173.375, 86.375, 8.725166027928836e-21, nan 
173.625, 86.375, 9.464449475386324e-21, nan 
173.875, 86.375, 1.0873731434922908e-20, nan 
174.125, 86.375, 1.1270719568772488e-20, nan 
174.375, 86.375, 1.1958963476352246e-20, nan 
174.625, 86.375, 1.2727268111323749e-20, nan 
174.875, 86.375, 1.3309955279081904e-20, nan 
175.125, 86.375, 1.376904108781881e-20, nan 
175.375, 86.375, 1.4312652601236374e-20, nan 
175.625, 86.375, 1.4258070642733583e-20, nan 
175.875, 86.375, 1.3923266554824463e-20, nan 
176.125, 86.375, 1.3499645028909376e-20, nan 
176.375, 86.375, 1.2502641961641625e-20, nan 
176.625, 86.375, 1.186612957423664e-20, nan 
176.875, 86.375, 1.1403681283391927e-20, nan 
177.125, 86.375, 1.1086599798764529e-20, nan 
177.375, 86.375, 9.53399863231995e-21, nan 
177.625, 86.375, 8.765964744464055e-21, nan 
177.875, 86.375, 8.393485558096218e-21, nan 
178.125, 86.375, 6.829956907063764e-21, nan 
178.375, 86.375, 5.147980855020751e-21, nan 
178.625, 86.375, 3.756561029103422e-21, nan 
178.875, 86.375, 2.9390214681699428e-21, nan 
179.125, 86.375, 2.7581574967712182e-21, nan 
179.375, 86.375, 2.65660423983883e-21, nan 
179.625, 86.375, 2.653611140396427e-21, nan 
179.875, 86.375, 2.6179262953104532e-21, nan 
-179.875, 86.625, 6.7505256631448055e-21, nan 
-179.625, 86.625, 6.6132478065437764e-21, nan 
-179.375, 86.625, 6.6076580921144655e-21, nan 
-179.125, 86.625, 6.277460552637164e-21, nan 
-178.875, 86.625, 5.891448110393736e-21, nan 
-178.625, 86.625, 5.229677671043777e-21, nan 
-178.375, 86.625, 4.433817640322502e-21, nan 
-178.125, 86.625, 3.832097047200197e-21, nan 
-177.875, 86.625, 3.6622684617902434e-21, nan 
-177.625, 86.625, 3.662508825991594e-21, nan 
-177.375, 86.625, 4.136399104208627e-21, nan 
-177.125, 86.625, 4.189820273886861e-21, nan 
-176.875, 86.625, 4.572226140376924e-21, nan 
-176.625, 86.625, 4.6432161683214195e-21, nan 
-176.375, 86.625, 4.7990327521436276e-21, nan 
-176.125, 86.625, 5.117889514422735e-21, nan 
-175.875, 86.625, 5.3562577892667076e-21, nan 
-175.625, 86.625, 5.622838709344419e-21, nan 
-175.375, 86.625, 5.691579751134759e-21, nan 
-175.125, 86.625, 5.736897318708271e-21, nan 
-174.875, 86.625, 5.663510299995934e-21, nan 
-174.625, 86.625, 5.521185177631817e-21, nan 
-174.375, 86.625, 5.199206855887074e-21, nan 
-174.125, 86.625, 4.7851197432784844e-21, nan 
-173.875, 86.625, 4.41734812638058e-21, nan 
-173.625, 86.625, 4.1272998753372124e-21, nan 
-173.375, 86.625, 3.9343832489623965e-21, nan 
-173.125, 86.625, 3.812841772805297e-21, nan 
-172.875, 86.625, 3.812006594302037e-21, nan 
-172.625, 86.625, 3.7585799966667764e-21, nan 
-172.375, 86.625, 3.633876608211308e-21, nan 
-172.125, 86.625, 3.548599539684897e-21, nan 
-171.875, 86.625, 3.326734664663281e-21, nan 
-171.625, 86.625, 3.2327095505050286e-21, nan 
-171.375, 86.625, 3.0749432150833027e-21, nan 
-171.125, 86.625, 2.2046790382947046e-21, nan 
-170.875, 86.625, 1.7453212679776487e-21, nan 
-170.625, 86.625, 1.3795719089362846e-21, nan 
-170.375, 86.625, 1.289513106634655e-21, nan 
-170.125, 86.625, 1.303051412898544e-21, nan 
-169.875, 86.625, 1.3130257439082527e-21, nan 
-169.625, 86.625, 1.3020334809923417e-21, nan 
-169.375, 86.625, 1.2876336373519358e-21, nan 
-169.125, 86.625, 1.4055118763076655e-21, nan 
-168.875, 86.625, 1.5264989596368864e-21, nan 
-168.625, 86.625, 1.5929539795511483e-21, nan 
-168.375, 86.625, 1.6323013662832692e-21, nan 
-168.125, 86.625, 1.680496079251226e-21, nan 
-167.875, 86.625, 1.664962941131067e-21, nan 
-167.625, 86.625, 1.6187193205386097e-21, nan 
-167.375, 86.625, 1.524348242041785e-21, nan 
-167.125, 86.625, 1.462516127896454e-21, nan 
-166.875, 86.625, 1.4153996560431765e-21, nan 
-166.625, 86.625, 1.3775533237845538e-21, nan 
-166.375, 86.625, 1.3461573390061866e-21, nan 
-166.125, 86.625, 1.2912805984676095e-21, nan 
-165.875, 86.625, 1.2930436291422278e-21, nan 
-165.625, 86.625, 1.3170110669037774e-21, nan 
-165.375, 86.625, 1.3258069369877119e-21, nan 
-165.125, 86.625, 1.3744113666885647e-21, nan 
-164.875, 86.625, 1.6064345265395037e-21, nan 
-164.625, 86.625, 1.9151594308856687e-21, nan 
-164.375, 86.625, 2.1929982273602644e-21, nan 
-164.125, 86.625, 2.379172256451667e-21, nan 
-163.875, 86.625, 2.5285967876600825e-21, nan 
-163.625, 86.625, 2.851442175950283e-21, nan 
-163.375, 86.625, 3.397792932959339e-21, nan 
-163.125, 86.625, 3.6491355863200275e-21, nan 
-162.875, 86.625, 3.8414703490777464e-21, nan 
-162.625, 86.625, 3.8948085251509745e-21, nan 
-162.375, 86.625, 3.9599113956056445e-21, nan 
-162.125, 86.625, 4.014251031230783e-21, nan 
-161.875, 86.625, 4.031835654907086e-21, nan 
-161.625, 86.625, 4.0237539469757035e-21, nan 
-161.375, 86.625, 3.99732689410437e-21, nan 
-161.125, 86.625, 3.9448783343228995e-21, nan 
-160.875, 86.625, 4.092197984948466e-21, nan 
-160.625, 86.625, 4.169347888003596e-21, nan 
-160.375, 86.625, 4.21630945306216e-21, nan 
-160.125, 86.625, 4.351016020183327e-21, nan 
-159.875, 86.625, 4.355831408229997e-21, nan 
-159.625, 86.625, 4.0906479418119685e-21, nan 
-159.375, 86.625, 3.891679579233927e-21, nan 
-159.125, 86.625, 3.536293230291441e-21, nan 
-158.875, 86.625, 3.463900852693201e-21, nan 
-158.625, 86.625, 3.19030383326418e-21, nan 
-158.375, 86.625, 3.147853770938419e-21, nan 
-158.125, 86.625, 3.197777999512029e-21, nan 
-157.875, 86.625, 3.136501635014733e-21, nan 
-157.625, 86.625, 3.087113159520394e-21, nan 
-157.375, 86.625, 3.056176755317517e-21, nan 
-157.125, 86.625, 3.0351181857656196e-21, nan 
-156.875, 86.625, 3.172460701890508e-21, nan 
-156.625, 86.625, 3.0161883304525665e-21, nan 
-156.375, 86.625, 2.9646338082628085e-21, nan 
-156.125, 86.625, 2.9522049976283684e-21, nan 
-155.875, 86.625, 2.937660656784964e-21, nan 
-155.625, 86.625, 2.9475726852190364e-21, nan 
-155.375, 86.625, 2.8290186163931297e-21, nan 
-155.125, 86.625, 2.7091262785734006e-21, nan 
-154.875, 86.625, 2.3963930351952955e-21, nan 
-154.625, 86.625, 2.199992475629583e-21, nan 
-154.375, 86.625, 1.9302890310473216e-21, nan 
-154.125, 86.625, 1.7442581976804224e-21, nan 
-153.875, 86.625, 1.712289635949926e-21, nan 
-153.625, 86.625, 1.6551304890034832e-21, nan 
-153.375, 86.625, 1.6489119064637223e-21, nan 
-153.125, 86.625, 1.6947850142983483e-21, nan 
-152.875, 86.625, 1.722453074169634e-21, nan 
-152.625, 86.625, 1.893698102225668e-21, nan 
-152.375, 86.625, 1.7714642990810437e-21, nan 
-152.125, 86.625, 1.7500526814799e-21, nan 
-151.875, 86.625, 1.7952800342616706e-21, nan 
-151.625, 86.625, 1.6873612803504102e-21, nan 
-151.375, 86.625, 1.6482214784882081e-21, nan 
-151.125, 86.625, 1.6420655697980222e-21, nan 
-150.875, 86.625, 1.6375025348588148e-21, nan 
-150.625, 86.625, 1.6518774277814743e-21, nan 
-150.375, 86.625, 1.6599733976378932e-21, nan 
-150.125, 86.625, 1.6341551685682597e-21, nan 
-149.875, 86.625, 1.6880350654604113e-21, nan 
-149.625, 86.625, 1.6927543649513079e-21, nan 
-149.375, 86.625, 1.6214608697249636e-21, nan 
-149.125, 86.625, 1.5729320110728137e-21, nan 
-148.875, 86.625, 1.6547211893109801e-21, nan 
-148.625, 86.625, 1.8589112037657562e-21, nan 
-148.375, 86.625, 2.05462722923516e-21, nan 
-148.125, 86.625, 2.180733804432805e-21, nan 
-147.875, 86.625, 2.185754171953303e-21, nan 
-147.625, 86.625, 2.1646578706427686e-21, nan 
-147.375, 86.625, 2.1497990668683927e-21, nan 
-147.125, 86.625, 2.1037949562381647e-21, nan 
-146.875, 86.625, 2.101887233281962e-21, nan 
-146.625, 86.625, 1.7217412558218186e-21, nan 
-146.375, 86.625, 1.436372844955749e-21, nan 
-146.125, 86.625, 1.3494603836442595e-21, nan 
-145.875, 86.625, 1.191222163940374e-21, nan 
-145.625, 86.625, 9.789920335610582e-22, nan 
-145.375, 86.625, 9.766759485923074e-22, nan 
-145.125, 86.625, 8.50007907810497e-22, nan 
-144.875, 86.625, 6.627802271816955e-22, nan 
-144.625, 86.625, 4.963482804029504e-22, nan 
-144.375, 86.625, 3.9302966082398013e-22, nan 
-144.125, 86.625, 3.3002980943811354e-22, nan 
-143.875, 86.625, 2.9899798150224874e-22, nan 
-143.625, 86.625, 2.9959139063446615e-22, nan 
-143.375, 86.625, 3.231248699394027e-22, nan 
-143.125, 86.625, 3.6028401106099996e-22, nan 
-142.875, 86.625, 4.1261320442126195e-22, nan 
-142.625, 86.625, 4.728940930049134e-22, nan 
-142.375, 86.625, 5.26325190779288e-22, nan 
-142.125, 86.625, 5.621293488335479e-22, nan 
-141.875, 86.625, 6.007706512580795e-22, nan 
-141.625, 86.625, 6.49062597506766e-22, nan 
-141.375, 86.625, 6.903141762562811e-22, nan 
-141.125, 86.625, 7.378888294908114e-22, nan 
-140.875, 86.625, 7.790840267481828e-22, nan 
-140.625, 86.625, 8.353222009988276e-22, nan 
-140.375, 86.625, 9.16913428344076e-22, nan 
-140.125, 86.625, 1.0050746543648904e-21, nan 
-139.875, 86.625, 1.114145451535596e-21, nan 
-139.625, 86.625, 1.2773559894197869e-21, nan 
-139.375, 86.625, 1.3699693364945987e-21, nan 
-139.125, 86.625, 1.3584932319417164e-21, nan 
-138.875, 86.625, 1.3439995171352626e-21, nan 
-138.625, 86.625, 1.3170897487735848e-21, nan 
-138.375, 86.625, 1.3157337217834027e-21, nan 
-138.125, 86.625, 1.3215617566105841e-21, nan 
-137.875, 86.625, 1.316370895425077e-21, nan 
-137.625, 86.625, 1.2498500125088779e-21, nan 
-137.375, 86.625, 1.0686327085507046e-21, nan 
-137.125, 86.625, 8.131827430289236e-22, nan 
-136.875, 86.625, 8.308712545388065e-22, nan 
-136.625, 86.625, 1.0340443080919052e-21, nan 
-136.375, 86.625, 1.2263621764602476e-21, nan 
-136.125, 86.625, 1.3781532204349845e-21, nan 
-135.875, 86.625, 1.5960821599042368e-21, nan 
-135.625, 86.625, 1.9687556790445125e-21, nan 
-135.375, 86.625, 2.479621550601955e-21, nan 
-135.125, 86.625, 2.8195191901690275e-21, nan 
-134.875, 86.625, 2.895813544038912e-21, nan 
-134.625, 86.625, 2.926636816601786e-21, nan 
-134.375, 86.625, 2.92657841682294e-21, nan 
-134.125, 86.625, 2.9618990642006753e-21, nan 
-133.875, 86.625, 2.9867209254282154e-21, nan 
-133.625, 86.625, 2.9703339187915706e-21, nan 
-133.375, 86.625, 2.831325081198853e-21, nan 
-133.125, 86.625, 2.4944288683988785e-21, nan 
-132.875, 86.625, 1.944230610055582e-21, nan 
-132.625, 86.625, 1.6705249049014033e-21, nan 
-132.375, 86.625, 1.744217906555308e-21, nan 
-132.125, 86.625, 1.8516398860267707e-21, nan 
-131.875, 86.625, 1.9250617486350665e-21, nan 
-131.625, 86.625, 1.9993147238977363e-21, nan 
-131.375, 86.625, 2.0890520989516045e-21, nan 
-131.125, 86.625, 2.238100945521538e-21, nan 
-130.875, 86.625, 2.304062997719634e-21, nan 
-130.625, 86.625, 2.2791777784620464e-21, nan 
-130.375, 86.625, 2.2921161757128608e-21, nan 
-130.125, 86.625, 2.126638317044178e-21, nan 
-129.875, 86.625, 1.982305019824917e-21, nan 
-129.625, 86.625, 1.8800837175219553e-21, nan 
-129.375, 86.625, 1.8074825641247977e-21, nan 
-129.125, 86.625, 1.7360646368856626e-21, nan 
-128.875, 86.625, 1.553361108162599e-21, nan 
-128.625, 86.625, 1.1761781201938808e-21, nan 
-128.375, 86.625, 8.170262803335953e-22, nan 
-128.125, 86.625, 5.382532580979075e-22, nan 
-127.875, 86.625, 4.1618447930002384e-22, nan 
-127.625, 86.625, 3.731536721488968e-22, nan 
-127.375, 86.625, 3.1639704571033617e-22, nan 
-127.125, 86.625, 3.0036410192702556e-22, nan 
-126.875, 86.625, 2.8450077267826297e-22, nan 
-126.625, 86.625, 2.778424006629031e-22, nan 
-126.375, 86.625, 2.713240336377722e-22, nan 
-126.125, 86.625, 2.78467169114191e-22, nan 
-125.875, 86.625, 2.884935161608872e-22, nan 
-125.625, 86.625, 2.996557763980996e-22, nan 
-125.375, 86.625, 3.064822833988985e-22, nan 
-125.125, 86.625, 3.121529773836343e-22, nan 
-124.875, 86.625, 3.1008235268961576e-22, nan 
-124.625, 86.625, 3.067631250767137e-22, nan 
-124.375, 86.625, 3.0361892830092167e-22, nan 
-124.125, 86.625, 3.0095556737814894e-22, nan 
-123.875, 86.625, 2.9311509691438097e-22, nan 
-123.625, 86.625, 2.901267085717612e-22, nan 
-123.375, 86.625, 2.919773533987137e-22, nan 
-123.125, 86.625, 2.918302460040612e-22, nan 
-122.875, 86.625, 2.945359102556542e-22, nan 
-122.625, 86.625, 2.9588973086306374e-22, nan 
-122.375, 86.625, 2.9731387661577726e-22, nan 
-122.125, 86.625, 2.875260567286292e-22, nan 
-121.875, 86.625, 2.853772226291753e-22, nan 
-121.625, 86.625, 2.8984147908384662e-22, nan 
-121.375, 86.625, 2.8915617684042057e-22, nan 
-121.125, 86.625, 2.870704602711015e-22, nan 
-120.875, 86.625, 2.907980290964714e-22, nan 
-120.625, 86.625, 2.8956544773193235e-22, nan 
-120.375, 86.625, 2.831717441621143e-22, nan 
-120.125, 86.625, 2.825848714662919e-22, nan 
-119.875, 86.625, 2.80298851435877e-22, nan 
-119.625, 86.625, 2.731252121877678e-22, nan 
-119.375, 86.625, 2.716729920810311e-22, nan 
-119.125, 86.625, 2.7087695049174766e-22, nan 
-118.875, 86.625, 2.6843389860828816e-22, nan 
-118.625, 86.625, 2.705510780323601e-22, nan 
-118.375, 86.625, 2.646190682517914e-22, nan 
-118.125, 86.625, 2.5681081268194254e-22, nan 
-117.875, 86.625, 2.321098448391046e-22, nan 
-117.625, 86.625, 2.1495746247205406e-22, nan 
-117.375, 86.625, 2.0582564276022593e-22, nan 
-117.125, 86.625, 2.3754436377846693e-22, nan 
-116.875, 86.625, 2.548347161607591e-22, nan 
-116.625, 86.625, 2.5832221052823155e-22, nan 
-116.375, 86.625, 2.677275938574947e-22, nan 
-116.125, 86.625, 2.8587131885502104e-22, nan 
-115.875, 86.625, 3.44371665262742e-22, nan 
-115.625, 86.625, 3.8570988236635765e-22, nan 
-115.375, 86.625, 3.9887249897077666e-22, nan 
-115.125, 86.625, 3.7020979191705287e-22, nan 
-114.875, 86.625, 3.3313101723390904e-22, nan 
-114.625, 86.625, 2.8543217043559437e-22, nan 
-114.375, 86.625, 2.354372394670443e-22, nan 
-114.125, 86.625, 2.2021782439795748e-22, nan 
-113.875, 86.625, 2.172537524856295e-22, nan 
-113.625, 86.625, 2.1710752232220237e-22, nan 
-113.375, 86.625, 2.4018982674244177e-22, nan 
-113.125, 86.625, 2.083642320506604e-22, nan 
-112.875, 86.625, 2.2658550709132564e-22, nan 
-112.625, 86.625, 3.7680662673223452e-22, nan 
-112.375, 86.625, 4.506318130610372e-22, nan 
-112.125, 86.625, 5.346125585681866e-22, nan 
-111.875, 86.625, 6.365066567497178e-22, nan 
-111.625, 86.625, 7.859138507807159e-22, nan 
-111.375, 86.625, 8.93355734237793e-22, nan 
-111.125, 86.625, 9.509020718479636e-22, nan 
-110.875, 86.625, 9.403881373143293e-22, nan 
-110.625, 86.625, 8.948544672108672e-22, nan 
-110.375, 86.625, 8.416950869073713e-22, nan 
-110.125, 86.625, 8.367295482280292e-22, nan 
-109.875, 86.625, 8.24269270226954e-22, nan 
-109.625, 86.625, 8.150297902301791e-22, nan 
-109.375, 86.625, 8.215602089651715e-22, nan 
-109.125, 86.625, 8.371770509551184e-22, nan 
-108.875, 86.625, 8.1292264851758425e-22, nan 
-108.625, 86.625, 6.460319667802024e-22, nan 
-108.375, 86.625, 6.371101364355471e-22, nan 
-108.125, 86.625, 6.776536934932514e-22, nan 
-107.875, 86.625, 7.441774805299357e-22, nan 
-107.625, 86.625, 7.869468243047956e-22, nan 
-107.375, 86.625, 8.601663876703746e-22, nan 
-107.125, 86.625, 9.10915192672623e-22, nan 
-106.875, 86.625, 9.29383057546217e-22, nan 
-106.625, 86.625, 8.60903062769129e-22, nan 
-106.375, 86.625, 7.753191657525318e-22, nan 
-106.125, 86.625, 7.22694822569866e-22, nan 
-105.875, 86.625, 6.817809790275262e-22, nan 
-105.625, 86.625, 6.602347819125158e-22, nan 
-105.375, 86.625, 6.391814241277196e-22, nan 
-105.125, 86.625, 6.321081868215556e-22, nan 
-104.875, 86.625, 6.263935652056501e-22, nan 
-104.625, 86.625, 6.051194153247855e-22, nan 
-104.375, 86.625, 4.816051883044266e-22, nan 
-104.125, 86.625, 3.85314123932161e-22, nan 
-103.875, 86.625, 3.4842073857895187e-22, nan 
-103.625, 86.625, 3.3503178146102504e-22, nan 
-103.375, 86.625, 3.2921992324209253e-22, nan 
-103.125, 86.625, 3.1586663538760154e-22, nan 
-102.875, 86.625, 3.0433028114617205e-22, nan 
-102.625, 86.625, 2.8478631842651565e-22, nan 
-102.375, 86.625, 2.8070203300943757e-22, nan 
-102.125, 86.625, 2.7447064503597914e-22, nan 
-101.875, 86.625, 2.6538615670409745e-22, nan 
-101.625, 86.625, 2.6004043545413226e-22, nan 
-101.375, 86.625, 2.5901990601206763e-22, nan 
-101.125, 86.625, 2.586247617440719e-22, nan 
-100.875, 86.625, 2.558202411981367e-22, nan 
-100.625, 86.625, 2.6030819121189183e-22, nan 
-100.375, 86.625, 2.5923255491285696e-22, nan 
-100.125, 86.625, 2.5722980520851724e-22, nan 
-99.875, 86.625, 2.606433712472978e-22, nan 
-99.625, 86.625, 2.6061926112117855e-22, nan 
-99.375, 86.625, 2.6272899698785786e-22, nan 
-99.125, 86.625, 2.6615092746814423e-22, nan 
-98.875, 86.625, 2.72862023328612e-22, nan 
-98.625, 86.625, 2.818757798506718e-22, nan 
-98.375, 86.625, 2.7981827180327335e-22, nan 
-98.125, 86.625, 2.7589960612307307e-22, nan 
-97.875, 86.625, 2.6712075802993305e-22, nan 
-97.625, 86.625, 2.561214405502852e-22, nan 
-97.375, 86.625, 2.51051063161769e-22, nan 
-97.125, 86.625, 2.4413168678805797e-22, nan 
-96.875, 86.625, 2.3243497679882104e-22, nan 
-96.625, 86.625, 2.1617944216527627e-22, nan 
-96.375, 86.625, 2.0794955378252213e-22, nan 
-96.125, 86.625, 2.140255257415138e-22, nan 
-95.875, 86.625, 2.1107226813824086e-22, nan 
-95.625, 86.625, 2.0266572102852753e-22, nan 
-95.375, 86.625, 1.8320392090482471e-22, nan 
-95.125, 86.625, 1.8688652061901452e-22, nan 
-94.875, 86.625, 1.693047192219213e-22, nan 
-94.625, 86.625, 1.6627683778269914e-22, nan 
-94.375, 86.625, 1.5604222003251245e-22, nan 
-94.125, 86.625, 1.5961192203597426e-22, nan 
-93.875, 86.625, 1.6166789868880065e-22, nan 
-93.625, 86.625, 1.6697435826161428e-22, nan 
-93.375, 86.625, 1.60699323992122e-22, nan 
-93.125, 86.625, 1.6631284587632333e-22, nan 
-92.875, 86.625, 1.7373050884276662e-22, nan 
-92.625, 86.625, 1.8018614987415444e-22, nan 
-92.375, 86.625, 1.7169607208551812e-22, nan 
-92.125, 86.625, 1.5709473790810324e-22, nan 
-91.875, 86.625, 1.4513776940587657e-22, nan 
-91.625, 86.625, 1.3766687583488272e-22, nan 
-91.375, 86.625, 1.2576210218053764e-22, nan 
-91.125, 86.625, 1.1482807592091377e-22, nan 
-90.875, 86.625, 1.0377181668478458e-22, nan 
-90.625, 86.625, 8.72103517888519e-23, nan 
-90.375, 86.625, 7.886197227985037e-23, nan 
-90.125, 86.625, 7.992687396538814e-23, nan 
-89.875, 86.625, 9.698605192537414e-23, nan 
-89.625, 86.625, 1.059508997658981e-22, nan 
-89.375, 86.625, 1.212220320442503e-22, nan 
-89.125, 86.625, 1.3473634083191165e-22, nan 
-88.875, 86.625, 1.5221698967998959e-22, nan 
-88.625, 86.625, 1.6679681594029021e-22, nan 
-88.375, 86.625, 1.6660834026337098e-22, nan 
-88.125, 86.625, 1.6490355076439244e-22, nan 
-87.875, 86.625, 1.586120158880657e-22, nan 
-87.625, 86.625, 1.5429670112972618e-22, nan 
-87.375, 86.625, 1.4144257382052198e-22, nan 
-87.125, 86.625, 1.3495540744627155e-22, nan 
-86.875, 86.625, 1.322429847711806e-22, nan 
-86.625, 86.625, 1.3252330740014814e-22, nan 
-86.375, 86.625, 1.3419800695880911e-22, nan 
-86.125, 86.625, 1.3733649327683938e-22, nan 
-85.875, 86.625, 1.3128817921204872e-22, nan 
-85.625, 86.625, 1.2917902292876677e-22, nan 
-85.375, 86.625, 1.3205431571853403e-22, nan 
-85.125, 86.625, 1.2227297681683967e-22, nan 
-84.875, 86.625, 1.1824433391980484e-22, nan 
-84.625, 86.625, 1.2135353932779723e-22, nan 
-84.375, 86.625, 1.2262502938768116e-22, nan 
-84.125, 86.625, 1.2023764186918057e-22, nan 
-83.875, 86.625, 1.1652275509903053e-22, nan 
-83.625, 86.625, 1.2127934784788948e-22, nan 
-83.375, 86.625, 1.1442878593503968e-22, nan 
-83.125, 86.625, 1.2737382372341357e-22, nan 
-82.875, 86.625, 1.442691146149776e-22, nan 
-82.625, 86.625, 1.4603458937058667e-22, nan 
-82.375, 86.625, 1.380843807488184e-22, nan 
-82.125, 86.625, 1.879390300042297e-22, nan 
-81.875, 86.625, 2.489279336937854e-22, nan 
-81.625, 86.625, 3.24281269527819e-22, nan 
-81.375, 86.625, 3.3322956409440806e-22, nan 
-81.125, 86.625, 3.7569985121518725e-22, nan 
-80.875, 86.625, 3.937620216716352e-22, nan 
-80.625, 86.625, 3.8005521808299237e-22, nan 
-80.375, 86.625, 3.829945765890175e-22, nan 
-80.125, 86.625, 3.8195533247093815e-22, nan 
-79.875, 86.625, 3.7700467870196587e-22, nan 
-79.625, 86.625, 3.7346164835376395e-22, nan 
-79.375, 86.625, 3.7434152947570736e-22, nan 
-79.125, 86.625, 3.6250137847380993e-22, nan 
-78.875, 86.625, 3.5229119824031363e-22, nan 
-78.625, 86.625, 3.5370237407805655e-22, nan 
-78.375, 86.625, 3.5468890896117904e-22, nan 
-78.125, 86.625, 3.5730404771813935e-22, nan 
-77.875, 86.625, 3.486613918175066e-22, nan 
-77.625, 86.625, 3.3781349979823167e-22, nan 
-77.375, 86.625, 3.3893201313482794e-22, nan 
-77.125, 86.625, 3.414219105681054e-22, nan 
-76.875, 86.625, 3.487047247690025e-22, nan 
-76.625, 86.625, 3.510820389154381e-22, nan 
-76.375, 86.625, 3.544409596804479e-22, nan 
-76.125, 86.625, 3.5279691503202563e-22, nan 
-75.875, 86.625, 3.554281224535654e-22, nan 
-75.625, 86.625, 3.4741419285076163e-22, nan 
-75.375, 86.625, 3.3021704030744527e-22, nan 
-75.125, 86.625, 3.1223977120318925e-22, nan 
-74.875, 86.625, 2.9936110821256117e-22, nan 
-74.625, 86.625, 2.902316352194396e-22, nan 
-74.375, 86.625, 2.756962877155931e-22, nan 
-74.125, 86.625, 2.705963386753193e-22, nan 
-73.875, 86.625, 2.742491601057913e-22, nan 
-73.625, 86.625, 2.9065449241053845e-22, nan 
-73.375, 86.625, 3.167831758713408e-22, nan 
-73.125, 86.625, 3.414613090340292e-22, nan 
-72.875, 86.625, 3.524231044763877e-22, nan 
-72.625, 86.625, 3.537770418575185e-22, nan 
-72.375, 86.625, 3.52937388703592e-22, nan 
-72.125, 86.625, 3.7294033287213603e-22, nan 
-71.875, 86.625, 3.7374601397653733e-22, nan 
-71.625, 86.625, 3.8680083097964414e-22, nan 
-71.375, 86.625, 3.7721518516810335e-22, nan 
-71.125, 86.625, 3.747111983772228e-22, nan 
-70.875, 86.625, 3.63094249946136e-22, nan 
-70.625, 86.625, 3.4220239008889746e-22, nan 
-70.375, 86.625, 3.1809536268693357e-22, nan 
-70.125, 86.625, 2.904578409656761e-22, nan 
-69.875, 86.625, 2.750173549496119e-22, nan 
-69.625, 86.625, 2.531485780643278e-22, nan 
-69.375, 86.625, 2.3468317074977223e-22, nan 
-69.125, 86.625, 2.423406058460544e-22, nan 
-68.875, 86.625, 2.6696273932824455e-22, nan 
-68.625, 86.625, 2.852749926982398e-22, nan 
-68.375, 86.625, 2.98892393168821e-22, nan 
-68.125, 86.625, 3.2198259099888565e-22, nan 
-67.875, 86.625, 3.8974821330706193e-22, nan 
-67.625, 86.625, 4.111162401583028e-22, nan 
-67.375, 86.625, 4.5540713746700605e-22, nan 
-67.125, 86.625, 4.561152836430217e-22, nan 
-66.875, 86.625, 4.7114939752484805e-22, nan 
-66.625, 86.625, 4.838070533752302e-22, nan 
-66.375, 86.625, 4.78772481423862e-22, nan 
-66.125, 86.625, 4.760431740194627e-22, nan 
-65.875, 86.625, 4.603996084573199e-22, nan 
-65.625, 86.625, 4.55581091405374e-22, nan 
-65.375, 86.625, 4.412422775597517e-22, nan 
-65.125, 86.625, 4.2009136691400456e-22, nan 
-64.875, 86.625, 4.071972284344795e-22, nan 
-64.625, 86.625, 4.0594644013739292e-22, nan 
-64.375, 86.625, 3.98158050526853e-22, nan 
-64.125, 86.625, 3.8151940961182033e-22, nan 
-63.875, 86.625, 3.46705252952704e-22, nan 
-63.625, 86.625, 3.221348461209042e-22, nan 
-63.375, 86.625, 2.9959824875881636e-22, nan 
-63.125, 86.625, 2.871466688609695e-22, nan 
-62.875, 86.625, 2.557784336541276e-22, nan 
-62.625, 86.625, 2.4089643269323856e-22, nan 
-62.375, 86.625, 2.2741361001697117e-22, nan 
-62.125, 86.625, 1.9415289658789652e-22, nan 
-61.875, 86.625, 1.5243280735611386e-22, nan 
-61.625, 86.625, 1.3231371722840178e-22, nan 
-61.375, 86.625, 1.2969475220804647e-22, nan 
-61.125, 86.625, 9.909125982779397e-23, nan 
-60.875, 86.625, 8.908595597846981e-23, nan 
-60.625, 86.625, 9.567787558501551e-23, nan 
-60.375, 86.625, 1.114575172240679e-22, nan 
-60.125, 86.625, 1.1072636720118027e-22, nan 
-59.875, 86.625, 1.1175277434937422e-22, nan 
-59.625, 86.625, 1.1220588674402278e-22, nan 
-59.375, 86.625, 1.1719168034030195e-22, nan 
-59.125, 86.625, 1.248430717043605e-22, nan 
-58.875, 86.625, 1.2735089971563377e-22, nan 
-58.625, 86.625, 1.4176318831102794e-22, nan 
-58.375, 86.625, 1.4515363225622061e-22, nan 
-58.125, 86.625, 1.5045129961468867e-22, nan 
-57.875, 86.625, 1.579264079941849e-22, nan 
-57.625, 86.625, 1.612146037725318e-22, nan 
-57.375, 86.625, 1.6652567318816874e-22, nan 
-57.125, 86.625, 1.6051992581018766e-22, nan 
-56.875, 86.625, 1.5761627887905491e-22, nan 
-56.625, 86.625, 1.5803407354717415e-22, nan 
-56.375, 86.625, 1.6108135288875859e-22, nan 
-56.125, 86.625, 1.6584210775372759e-22, nan 
-55.875, 86.625, 1.7158410663697695e-22, nan 
-55.625, 86.625, 1.7764738667029939e-22, nan 
-55.375, 86.625, 1.843285638576263e-22, nan 
-55.125, 86.625, 1.9657100274561969e-22, nan 
-54.875, 86.625, 2.119330747687503e-22, nan 
-54.625, 86.625, 2.2497377561614783e-22, nan 
-54.375, 86.625, 2.405353108094146e-22, nan 
-54.125, 86.625, 2.5871131847919293e-22, nan 
-53.875, 86.625, 2.76370948560599e-22, nan 
-53.625, 86.625, 2.9156136814526463e-22, nan 
-53.375, 86.625, 3.0791858311496333e-22, nan 
-53.125, 86.625, 3.1658955639811656e-22, nan 
-52.875, 86.625, 3.184418748258017e-22, nan 
-52.625, 86.625, 3.178449993577029e-22, nan 
-52.375, 86.625, 3.2447717512719523e-22, nan 
-52.125, 86.625, 3.409224297938074e-22, nan 
-51.875, 86.625, 3.647546292931058e-22, nan 
-51.625, 86.625, 3.796075106697952e-22, nan 
-51.375, 86.625, 3.902734889572206e-22, nan 
-51.125, 86.625, 3.978796230621498e-22, nan 
-50.875, 86.625, 3.9243688382640914e-22, nan 
-50.625, 86.625, 3.993648624874315e-22, nan 
-50.375, 86.625, 4.351332941930452e-22, nan 
-50.125, 86.625, 4.928094660137511e-22, nan 
-49.875, 86.625, 6.192140291065031e-22, nan 
-49.625, 86.625, 7.0111593779720045e-22, nan 
-49.375, 86.625, 6.86747200141659e-22, nan 
-49.125, 86.625, 6.617945704942901e-22, nan 
-48.875, 86.625, 6.678695052064793e-22, nan 
-48.625, 86.625, 6.665077586630688e-22, nan 
-48.375, 86.625, 6.610013253488091e-22, nan 
-48.125, 86.625, 6.590793493013026e-22, nan 
-47.875, 86.625, 6.48380775213071e-22, nan 
-47.625, 86.625, 6.423818782609761e-22, nan 
-47.375, 86.625, 6.539429871162551e-22, nan 
-47.125, 86.625, 6.494287583254208e-22, nan 
-46.875, 86.625, 6.1356212744214065e-22, nan 
-46.625, 86.625, 5.923486230383016e-22, nan 
-46.375, 86.625, 6.002464459034506e-22, nan 
-46.125, 86.625, 5.330877081000694e-22, nan 
-45.875, 86.625, 5.037049815869391e-22, nan 
-45.625, 86.625, 6.307555219057945e-22, nan 
-45.375, 86.625, 7.735878705191781e-22, nan 
-45.125, 86.625, 7.551743936979818e-22, nan 
-44.875, 86.625, 7.397171791873947e-22, nan 
-44.625, 86.625, 7.486355753525601e-22, nan 
-44.375, 86.625, 7.584648105551763e-22, nan 
-44.125, 86.625, 7.652057946373212e-22, nan 
-43.875, 86.625, 7.683082004446569e-22, nan 
-43.625, 86.625, 7.661980083383544e-22, nan 
-43.375, 86.625, 7.755408602225258e-22, nan 
-43.125, 86.625, 8.025042894490404e-22, nan 
-42.875, 86.625, 8.139007497350493e-22, nan 
-42.625, 86.625, 7.749550080307008e-22, nan 
-42.375, 86.625, 7.592676128803655e-22, nan 
-42.125, 86.625, 7.832147219444468e-22, nan 
-41.875, 86.625, 7.382390740238624e-22, nan 
-41.625, 86.625, 7.0436961267609e-22, nan 
-41.375, 86.625, 6.314813756097459e-22, nan 
-41.125, 86.625, 6.183996807458933e-22, nan 
-40.875, 86.625, 6.056575533767932e-22, nan 
-40.625, 86.625, 6.224219427648818e-22, nan 
-40.375, 86.625, 6.442138937448754e-22, nan 
-40.125, 86.625, 6.356344025810823e-22, nan 
-39.875, 86.625, 6.486324300252815e-22, nan 
-39.625, 86.625, 6.492996817410733e-22, nan 
-39.375, 86.625, 6.657816594301247e-22, nan 
-39.125, 86.625, 6.3114785028236e-22, nan 
-38.875, 86.625, 6.085279554824209e-22, nan 
-38.625, 86.625, 5.773880685020286e-22, nan 
-38.375, 86.625, 5.57730769336154e-22, nan 
-38.125, 86.625, 5.651304097648193e-22, nan 
-37.875, 86.625, 5.457577325312386e-22, nan 
-37.625, 86.625, 5.168203575600537e-22, nan 
-37.375, 86.625, 4.959155167878079e-22, nan 
-37.125, 86.625, 4.884078416150432e-22, nan 
-36.875, 86.625, 4.80462081218713e-22, nan 
-36.625, 86.625, 4.731436596374434e-22, nan 
-36.375, 86.625, 4.6662365567573995e-22, nan 
-36.125, 86.625, 4.643708635659216e-22, nan 
-35.875, 86.625, 4.625638652953687e-22, nan 
-35.625, 86.625, 4.582783258615739e-22, nan 
-35.375, 86.625, 4.539564884450757e-22, nan 
-35.125, 86.625, 4.36974104504321e-22, nan 
-34.875, 86.625, 4.290270344255738e-22, nan 
-34.625, 86.625, 4.142272318911867e-22, nan 
-34.375, 86.625, 4.0343276467994287e-22, nan 
-34.125, 86.625, 3.8737165762608757e-22, nan 
-33.875, 86.625, 3.8993457428790107e-22, nan 
-33.625, 86.625, 3.889904263450171e-22, nan 
-33.375, 86.625, 3.8008222302383092e-22, nan 
-33.125, 86.625, 3.6659711886755894e-22, nan 
-32.875, 86.625, 3.510689972720822e-22, nan 
-32.625, 86.625, 3.5099885746657996e-22, nan 
-32.375, 86.625, 3.2286780465452397e-22, nan 
-32.125, 86.625, 2.8537589783025395e-22, nan 
-31.875, 86.625, 2.3986119956653205e-22, nan 
-31.625, 86.625, 2.0195357567354843e-22, nan 
-31.375, 86.625, 1.6803312941283382e-22, nan 
-31.125, 86.625, 1.5172760323842132e-22, nan 
-30.875, 86.625, 1.4506020257543356e-22, nan 
-30.625, 86.625, 1.4001311731714358e-22, nan 
-30.375, 86.625, 1.500150254289974e-22, nan 
-30.125, 86.625, 1.4674269647885944e-22, nan 
-29.875, 86.625, 1.3537194909615146e-22, nan 
-29.625, 86.625, 1.3996892024922492e-22, nan 
-29.375, 86.625, 1.374064726761159e-22, nan 
-29.125, 86.625, 1.3398268006668936e-22, nan 
-28.875, 86.625, 1.2969137075849333e-22, nan 
-28.625, 86.625, 1.264586462512572e-22, nan 
-28.375, 86.625, 1.2395756317731932e-22, nan 
-28.125, 86.625, 1.2827234402706108e-22, nan 
-27.875, 86.625, 1.268589664823011e-22, nan 
-27.625, 86.625, 1.2805836397694394e-22, nan 
-27.375, 86.625, 1.5567416436604512e-22, nan 
-27.125, 86.625, 1.624742319084203e-22, nan 
-26.875, 86.625, 1.8420951072833888e-22, nan 
-26.625, 86.625, 1.9010050947590386e-22, nan 
-26.375, 86.625, 2.012737637249517e-22, nan 
-26.125, 86.625, 2.3424238283105685e-22, nan 
-25.875, 86.625, 2.341097300925512e-22, nan 
-25.625, 86.625, 2.1716600878073175e-22, nan 
-25.375, 86.625, 2.283440880058265e-22, nan 
-25.125, 86.625, 2.2658427414560662e-22, nan 
-24.875, 86.625, 2.2082391245270915e-22, nan 
-24.625, 86.625, 2.185422023818466e-22, nan 
-24.375, 86.625, 2.14381033777895e-22, nan 
-24.125, 86.625, 2.0593985703853452e-22, nan 
-23.875, 86.625, 2.1144596646017426e-22, nan 
-23.625, 86.625, 2.010646236561812e-22, nan 
-23.375, 86.625, 1.9647806184779135e-22, nan 
-23.125, 86.625, 2.0020337800435454e-22, nan 
-22.875, 86.625, 2.1516019815510034e-22, nan 
-22.625, 86.625, 2.3175542815214945e-22, nan 
-22.375, 86.625, 2.5472517506722867e-22, nan 
-22.125, 86.625, 2.795994534732082e-22, nan 
-5.625, 86.625, 7.704464584243496e-23, nan 
-5.375, 86.625, 7.715229716213808e-23, nan 
-5.125, 86.625, 7.856762470909325e-23, nan 
-4.875, 86.625, 8.050022142112542e-23, nan 
-4.625, 86.625, 7.872862681588676e-23, nan 
-4.375, 86.625, 7.817042018073819e-23, nan 
-4.125, 86.625, 7.364530343148724e-23, nan 
-3.875, 86.625, 7.07952402894435e-23, nan 
-3.625, 86.625, 6.615151991844439e-23, nan 
-3.375, 86.625, 6.325466225209339e-23, nan 
-3.125, 86.625, 6.402204543279419e-23, nan 
-2.875, 86.625, 6.715160692017357e-23, nan 
-2.625, 86.625, 7.379340652574724e-23, nan 
-2.375, 86.625, 8.300305072247795e-23, nan 
-2.125, 86.625, 9.122498778192262e-23, nan 
-1.875, 86.625, 9.326617836727162e-23, nan 
-1.625, 86.625, 1.0114799203501999e-22, nan 
-1.375, 86.625, 1.0297929509773688e-22, nan 
-1.125, 86.625, 1.1013001687513871e-22, nan 
-0.875, 86.625, 1.1923134344394052e-22, nan 
-0.625, 86.625, 1.2337570080296342e-22, nan 
-0.375, 86.625, 1.25879919166506e-22, nan 
-0.125, 86.625, 1.258503391908806e-22, nan 
0.125, 86.625, 1.222753003378125e-22, nan 
0.375, 86.625, 1.1573155842479754e-22, nan 
0.625, 86.625, 1.1094686232874819e-22, nan 
0.875, 86.625, 1.0398878789719124e-22, nan 
1.125, 86.625, 9.42021356116526e-23, nan 
1.375, 86.625, 8.43788823942704e-23, nan 
1.625, 86.625, 7.84583139756217e-23, nan 
1.875, 86.625, 6.6427448046019e-23, nan 
2.125, 86.625, 5.130062469168719e-23, nan 
2.375, 86.625, 4.365017236557647e-23, nan 
2.625, 86.625, 3.6239195700718705e-23, nan 
2.875, 86.625, 3.2309048494420585e-23, nan 
3.125, 86.625, 3.197879830561723e-23, nan 
3.375, 86.625, 4.009651250747889e-23, nan 
3.625, 86.625, 4.6286640500409106e-23, nan 
3.875, 86.625, 5.856462280289058e-23, nan 
4.125, 86.625, 7.738622551692995e-23, nan 
4.375, 86.625, 1.0405779540920464e-22, nan 
4.625, 86.625, 1.1926910679882611e-22, nan 
4.875, 86.625, 1.3264764803140615e-22, nan 
5.125, 86.625, 1.4826579315216004e-22, nan 
5.375, 86.625, 1.6231307163006328e-22, nan 
5.625, 86.625, 1.7335416825027795e-22, nan 
5.875, 86.625, 1.902913989349786e-22, nan 
6.125, 86.625, 2.104025711393629e-22, nan 
6.375, 86.625, 2.2423877224517806e-22, nan 
6.625, 86.625, 2.3909325224466014e-22, nan 
6.875, 86.625, 2.4238406934562063e-22, nan 
7.125, 86.625, 2.4176326444964154e-22, nan 
7.375, 86.625, 2.4263916473710694e-22, nan 
7.625, 86.625, 2.491729560534287e-22, nan 
7.875, 86.625, 2.5246903250772903e-22, nan 
8.125, 86.625, 2.494762883291809e-22, nan 
8.375, 86.625, 2.487613075402252e-22, nan 
8.625, 86.625, 2.5009187786568693e-22, nan 
8.875, 86.625, 2.5313145536641043e-22, nan 
9.125, 86.625, 2.537634062309751e-22, nan 
9.375, 86.625, 2.6242386873757103e-22, nan 
9.625, 86.625, 2.734359401129329e-22, nan 
9.875, 86.625, 2.79777348991789e-22, nan 
10.125, 86.625, 2.5371423817544656e-22, nan 
10.375, 86.625, 2.313633262535014e-22, nan 
10.625, 86.625, 2.298396702574014e-22, nan 
10.875, 86.625, 2.267101517296071e-22, nan 
11.125, 86.625, 2.2562435003615025e-22, nan 
11.375, 86.625, 2.2608828852966983e-22, nan 
11.625, 86.625, 2.2922541223553946e-22, nan 
11.875, 86.625, 2.344368390854081e-22, nan 
12.125, 86.625, 2.372282477461193e-22, nan 
12.375, 86.625, 2.3639969645460827e-22, nan 
12.625, 86.625, 2.3933642459541914e-22, nan 
12.875, 86.625, 2.48329355169413e-22, nan 
13.125, 86.625, 2.5955458099524335e-22, nan 
13.375, 86.625, 2.6823358122959534e-22, nan 
13.625, 86.625, 2.753301891207134e-22, nan 
13.875, 86.625, 2.7649844795057e-22, nan 
14.125, 86.625, 2.785133275948687e-22, nan 
14.375, 86.625, 2.66271980531412e-22, nan 
14.625, 86.625, 2.517252021912909e-22, nan 
14.875, 86.625, 2.4881019819700743e-22, nan 
15.125, 86.625, 2.436432096082072e-22, nan 
15.375, 86.625, 2.426397988723826e-22, nan 
15.625, 86.625, 2.4068372163115137e-22, nan 
15.875, 86.625, 2.372145651122208e-22, nan 
16.125, 86.625, 2.3187613633640235e-22, nan 
16.375, 86.625, 2.292701246609535e-22, nan 
16.625, 86.625, 2.280373279208922e-22, nan 
16.875, 86.625, 2.2979325344035745e-22, nan 
17.125, 86.625, 2.2700010648641616e-22, nan 
17.375, 86.625, 2.3040490624919803e-22, nan 
17.625, 86.625, 2.393764420181139e-22, nan 
17.875, 86.625, 2.508239366771514e-22, nan 
18.125, 86.625, 2.5760550105178127e-22, nan 
18.375, 86.625, 2.52580707856825e-22, nan 
18.625, 86.625, 2.490552006033297e-22, nan 
18.875, 86.625, 2.452160522429092e-22, nan 
19.125, 86.625, 2.451973944151234e-22, nan 
19.375, 86.625, 2.471135592635125e-22, nan 
19.625, 86.625, 2.151487277275758e-22, nan 
19.875, 86.625, 1.9533488797472601e-22, nan 
20.125, 86.625, 1.7790754569429854e-22, nan 
20.375, 86.625, 1.5988920391614793e-22, nan 
20.625, 86.625, 1.4205567958206294e-22, nan 
20.875, 86.625, 1.3849026670789182e-22, nan 
21.125, 86.625, 1.2645701692862548e-22, nan 
21.375, 86.625, 1.205476246818176e-22, nan 
21.625, 86.625, 1.1051708189846674e-22, nan 
21.875, 86.625, 1.023898016073655e-22, nan 
22.125, 86.625, 1.0045569491290112e-22, nan 
22.375, 86.625, 9.219193842089024e-23, nan 
22.625, 86.625, 8.456123900887114e-23, nan 
22.875, 86.625, 8.387073637880355e-23, nan 
23.125, 86.625, 7.990535079469871e-23, nan 
23.375, 86.625, 8.187472045498149e-23, nan 
23.625, 86.625, 8.718745482488106e-23, nan 
23.875, 86.625, 1.0082499898093544e-22, nan 
24.125, 86.625, 1.154448972812939e-22, nan 
24.375, 86.625, 1.185075829946685e-22, nan 
24.625, 86.625, 1.1066689909667673e-22, nan 
24.875, 86.625, 1.0796941951874956e-22, nan 
25.125, 86.625, 1.0862423474835112e-22, nan 
25.375, 86.625, 1.1352281473583557e-22, nan 
25.625, 86.625, 1.1466828870024028e-22, nan 
25.875, 86.625, 1.0521408632084788e-22, nan 
26.125, 86.625, 9.643902893943036e-23, nan 
26.375, 86.625, 9.850521688809379e-23, nan 
26.625, 86.625, 9.768807809268994e-23, nan 
26.875, 86.625, 7.541046787706414e-23, nan 
27.125, 86.625, 5.867360883812969e-23, nan 
27.375, 86.625, 6.61758523106855e-23, nan 
27.625, 86.625, 7.400505742390811e-23, nan 
27.875, 86.625, 8.499402321950025e-23, nan 
28.125, 86.625, 1.0276323798945875e-22, nan 
28.375, 86.625, 1.145726450341311e-22, nan 
28.625, 86.625, 1.3274068925065168e-22, nan 
28.875, 86.625, 1.5148832564179714e-22, nan 
29.125, 86.625, 1.6785560274744552e-22, nan 
29.375, 86.625, 1.8597900387288368e-22, nan 
29.625, 86.625, 2.144807479970017e-22, nan 
29.875, 86.625, 2.2722308900123464e-22, nan 
30.125, 86.625, 2.342266006653418e-22, nan 
30.375, 86.625, 2.3247910475220785e-22, nan 
30.625, 86.625, 2.530131390873095e-22, nan 
30.875, 86.625, 2.573549852477086e-22, nan 
31.125, 86.625, 2.542404628897167e-22, nan 
31.375, 86.625, 2.2838281020094583e-22, nan 
31.625, 86.625, 2.2978878644452156e-22, nan 
31.875, 86.625, 2.2206611504666246e-22, nan 
32.125, 86.625, 2.154309506178848e-22, nan 
32.375, 86.625, 2.1694715734729267e-22, nan 
32.625, 86.625, 2.1657028751400356e-22, nan 
32.875, 86.625, 2.212294763836071e-22, nan 
33.125, 86.625, 2.3453142710251877e-22, nan 
33.375, 86.625, 2.4510040032114745e-22, nan 
33.625, 86.625, 2.353093959126926e-22, nan 
33.875, 86.625, 2.0858230898488628e-22, nan 
34.125, 86.625, 1.9916157205361077e-22, nan 
34.375, 86.625, 1.8464915298678869e-22, nan 
34.625, 86.625, 1.8238325960663593e-22, nan 
34.875, 86.625, 1.9583328130784486e-22, nan 
35.125, 86.625, 2.0391053571167696e-22, nan 
35.375, 86.625, 2.0662417532626384e-22, nan 
35.625, 86.625, 2.010402350697116e-22, nan 
35.875, 86.625, 2.1111538176564844e-22, nan 
36.125, 86.625, 2.1324346603503774e-22, nan 
36.375, 86.625, 2.1670350110262906e-22, nan 
36.625, 86.625, 2.2714278099516914e-22, nan 
36.875, 86.625, 2.330808351062893e-22, nan 
37.125, 86.625, 2.409355913384534e-22, nan 
37.375, 86.625, 2.5313559508045527e-22, nan 
37.625, 86.625, 2.7259374628923984e-22, nan 
37.875, 86.625, 2.945823460347431e-22, nan 
38.125, 86.625, 3.2291114502810914e-22, nan 
38.375, 86.625, 3.1270573583715495e-22, nan 
38.625, 86.625, 2.9271145935903918e-22, nan 
38.875, 86.625, 2.6194102103720576e-22, nan 
39.125, 86.625, 2.758681321129423e-22, nan 
39.375, 86.625, 2.663535659153769e-22, nan 
39.625, 86.625, 2.7901919692974725e-22, nan 
39.875, 86.625, 2.9376256395771445e-22, nan 
40.125, 86.625, 2.993148849620188e-22, nan 
40.375, 86.625, 3.060449415985692e-22, nan 
40.625, 86.625, 3.1766644439776917e-22, nan 
40.875, 86.625, 3.1511632516276676e-22, nan 
41.125, 86.625, 2.5576810507775713e-22, nan 
41.375, 86.625, 1.900945401493259e-22, nan 
41.625, 86.625, 1.7588488669657134e-22, nan 
41.875, 86.625, 1.5692649581657483e-22, nan 
42.125, 86.625, 1.449609920294019e-22, nan 
42.375, 86.625, 1.4138457278640731e-22, nan 
42.625, 86.625, 1.377691145033063e-22, nan 
42.875, 86.625, 1.2656828376740893e-22, nan 
43.125, 86.625, 1.1899780300826203e-22, nan 
43.375, 86.625, 1.1423546588778651e-22, nan 
43.625, 86.625, 1.1399090180310095e-22, nan 
43.875, 86.625, 1.1339037479225754e-22, nan 
44.125, 86.625, 1.1078059777823874e-22, nan 
44.375, 86.625, 1.0811999454578534e-22, nan 
44.625, 86.625, 1.0263409571900846e-22, nan 
44.875, 86.625, 9.739703337117136e-23, nan 
45.125, 86.625, 9.153807859997715e-23, nan 
45.375, 86.625, 9.145616287946362e-23, nan 
45.625, 86.625, 8.819426405002749e-23, nan 
45.875, 86.625, 8.416614738229044e-23, nan 
46.125, 86.625, 8.6996225895093e-23, nan 
46.375, 86.625, 8.664761208037814e-23, nan 
46.625, 86.625, 8.456698878537292e-23, nan 
46.875, 86.625, 8.59344115694678e-23, nan 
47.125, 86.625, 8.474959768367401e-23, nan 
47.375, 86.625, 8.277963724970622e-23, nan 
47.625, 86.625, 8.206867193432298e-23, nan 
47.875, 86.625, 8.003774302597867e-23, nan 
48.125, 86.625, 7.792938036057501e-23, nan 
48.375, 86.625, 7.738573897491904e-23, nan 
48.625, 86.625, 7.543715759645105e-23, nan 
48.875, 86.625, 7.252226388929959e-23, nan 
49.125, 86.625, 7.119463512197569e-23, nan 
49.375, 86.625, 7.141237812786972e-23, nan 
49.625, 86.625, 7.2014313928464e-23, nan 
49.875, 86.625, 7.530027016074226e-23, nan 
50.125, 86.625, 7.954651510686807e-23, nan 
50.375, 86.625, 8.474183133789156e-23, nan 
50.625, 86.625, 9.020532387595033e-23, nan 
50.875, 86.625, 1.0487108335877638e-22, nan 
51.125, 86.625, 1.2571566862896294e-22, nan 
51.375, 86.625, 1.5037733748829953e-22, nan 
51.625, 86.625, 1.6656786018552189e-22, nan 
51.875, 86.625, 1.785397104345322e-22, nan 
52.125, 86.625, 1.9037571922495615e-22, nan 
52.375, 86.625, 2.0035737493909597e-22, nan 
52.625, 86.625, 2.1641620931216905e-22, nan 
52.875, 86.625, 2.2936567741102147e-22, nan 
53.125, 86.625, 2.4062910367927496e-22, nan 
53.375, 86.625, 2.58897900863065e-22, nan 
53.625, 86.625, 2.7558134756439236e-22, nan 
53.875, 86.625, 2.8881683254147525e-22, nan 
54.125, 86.625, 2.9655678366556093e-22, nan 
54.375, 86.625, 2.9215193911014725e-22, nan 
54.625, 86.625, 2.852023881651123e-22, nan 
54.875, 86.625, 2.6572585199952355e-22, nan 
55.125, 86.625, 2.487857114256567e-22, nan 
55.375, 86.625, 2.365087430258594e-22, nan 
55.625, 86.625, 2.2612203899619463e-22, nan 
55.875, 86.625, 2.1690022383078096e-22, nan 
56.125, 86.625, 2.083749569226626e-22, nan 
56.375, 86.625, 1.9822611881695274e-22, nan 
56.625, 86.625, 1.794335325370067e-22, nan 
56.875, 86.625, 1.6365356891261807e-22, nan 
57.125, 86.625, 1.5854310917794714e-22, nan 
57.375, 86.625, 1.6832786763112512e-22, nan 
57.625, 86.625, 2.1660666143514054e-22, nan 
57.875, 86.625, 2.712814693755405e-22, nan 
58.125, 86.625, 3.1957005323845183e-22, nan 
58.375, 86.625, 3.495905535443403e-22, nan 
58.625, 86.625, 3.509030757606257e-22, nan 
58.875, 86.625, 3.413358248300781e-22, nan 
59.125, 86.625, 3.2022483732676134e-22, nan 
59.375, 86.625, 2.951392726268783e-22, nan 
59.625, 86.625, 2.7771276563473853e-22, nan 
59.875, 86.625, 2.602560574290846e-22, nan 
60.125, 86.625, 2.481409015939716e-22, nan 
60.375, 86.625, 2.3320171030486607e-22, nan 
60.625, 86.625, 2.162918985006181e-22, nan 
60.875, 86.625, 2.2264368901009214e-22, nan 
61.125, 86.625, 2.236587081997749e-22, nan 
61.375, 86.625, 2.2530759393051434e-22, nan 
61.625, 86.625, 2.247430273201935e-22, nan 
61.875, 86.625, 2.3614127918736875e-22, nan 
62.125, 86.625, 2.517621462587033e-22, nan 
62.375, 86.625, 2.7008099504708748e-22, nan 
62.625, 86.625, 2.875794637837195e-22, nan 
62.875, 86.625, 2.9397104015107724e-22, nan 
63.125, 86.625, 2.9114675755588974e-22, nan 
63.375, 86.625, 2.8716144632105743e-22, nan 
63.625, 86.625, 2.8129896806700986e-22, nan 
63.875, 86.625, 2.782376873259563e-22, nan 
64.125, 86.625, 2.7513810005230366e-22, nan 
64.375, 86.625, 2.7088143202822698e-22, nan 
64.625, 86.625, 2.6607974022887575e-22, nan 
64.875, 86.625, 2.61627646978326e-22, nan 
65.125, 86.625, 2.6028989525186875e-22, nan 
65.375, 86.625, 2.5742601525515087e-22, nan 
65.625, 86.625, 2.5513721372291295e-22, nan 
65.875, 86.625, 2.5441094175289883e-22, nan 
66.125, 86.625, 2.539266039011786e-22, nan 
66.375, 86.625, 2.5967560330181204e-22, nan 
66.625, 86.625, 2.666608569632551e-22, nan 
66.875, 86.625, 3.0076868585669826e-22, nan 
67.125, 86.625, 3.423565590672017e-22, nan 
67.375, 86.625, 3.691761903089853e-22, nan 
67.625, 86.625, 3.712899130957129e-22, nan 
67.875, 86.625, 3.668702364805824e-22, nan 
68.125, 86.625, 3.559033423338095e-22, nan 
68.375, 86.625, 3.2221134234348954e-22, nan 
68.625, 86.625, 3.173501858045093e-22, nan 
68.875, 86.625, 3.5913353059895413e-22, nan 
69.125, 86.625, 4.237564728500949e-22, nan 
69.375, 86.625, 4.95774612403923e-22, nan 
69.625, 86.625, 5.380553675424233e-22, nan 
69.875, 86.625, 5.676556331028298e-22, nan 
70.125, 86.625, 5.820274866394677e-22, nan 
70.375, 86.625, 6.037747060119437e-22, nan 
70.625, 86.625, 6.359282469462929e-22, nan 
70.875, 86.625, 6.612955726536554e-22, nan 
71.125, 86.625, 7.369972673251033e-22, nan 
71.375, 86.625, 8.312066876437668e-22, nan 
71.625, 86.625, 9.138941777666091e-22, nan 
71.875, 86.625, 9.36616621068507e-22, nan 
72.125, 86.625, 9.341077873479523e-22, nan 
72.375, 86.625, 9.330256849783032e-22, nan 
72.625, 86.625, 9.260245460081812e-22, nan 
72.875, 86.625, 9.250764393993226e-22, nan 
73.125, 86.625, 9.674983882741528e-22, nan 
73.375, 86.625, 9.650250932812707e-22, nan 
73.625, 86.625, 9.767897619701188e-22, nan 
73.875, 86.625, 9.82375824537585e-22, nan 
74.125, 86.625, 9.840821122832322e-22, nan 
74.375, 86.625, 9.743181641363764e-22, nan 
74.625, 86.625, 9.585747531685993e-22, nan 
74.875, 86.625, 9.525949827199412e-22, nan 
75.125, 86.625, 9.454091916480927e-22, nan 
75.375, 86.625, 9.452245141175952e-22, nan 
75.625, 86.625, 9.36729637517746e-22, nan 
75.875, 86.625, 9.420975501987928e-22, nan 
76.125, 86.625, 9.436700419244865e-22, nan 
76.375, 86.625, 9.450320434141186e-22, nan 
76.625, 86.625, 8.532333440592903e-22, nan 
76.875, 86.625, 7.470356014913119e-22, nan 
77.125, 86.625, 6.9572425969846795e-22, nan 
77.375, 86.625, 6.845373558746424e-22, nan 
77.625, 86.625, 7.213422380989727e-22, nan 
77.875, 86.625, 7.943881046860792e-22, nan 
78.125, 86.625, 8.70413966766229e-22, nan 
78.375, 86.625, 9.092408624004713e-22, nan 
78.625, 86.625, 9.470892733630009e-22, nan 
78.875, 86.625, 9.571357177732024e-22, nan 
79.125, 86.625, 9.868681259375562e-22, nan 
79.375, 86.625, 1.0034437435868702e-21, nan 
79.625, 86.625, 1.024018530144129e-21, nan 
79.875, 86.625, 1.039633739892726e-21, nan 
80.125, 86.625, 1.05130619340036e-21, nan 
80.375, 86.625, 1.0523498773163526e-21, nan 
80.625, 86.625, 1.0611705129936442e-21, nan 
80.875, 86.625, 1.028147691764769e-21, nan 
81.125, 86.625, 9.759657965203328e-22, nan 
81.375, 86.625, 9.660532799658805e-22, nan 
81.625, 86.625, 8.950078566804e-22, nan 
81.875, 86.625, 9.029114891594284e-22, nan 
82.125, 86.625, 9.037796376342867e-22, nan 
82.375, 86.625, 9.028622910286736e-22, nan 
82.625, 86.625, 8.930898976605948e-22, nan 
82.875, 86.625, 8.772349881499354e-22, nan 
83.125, 86.625, 8.486689005655142e-22, nan 
83.375, 86.625, 8.442022876491067e-22, nan 
83.625, 86.625, 8.327493270345702e-22, nan 
83.875, 86.625, 8.206904894029087e-22, nan 
84.125, 86.625, 7.847807186161796e-22, nan 
84.375, 86.625, 7.559996010749402e-22, nan 
84.625, 86.625, 7.352203131110216e-22, nan 
84.875, 86.625, 6.512178566248753e-22, nan 
85.125, 86.625, 5.24736928135243e-22, nan 
85.375, 86.625, 4.582399110635427e-22, nan 
85.625, 86.625, 3.5027514874027243e-22, nan 
85.875, 86.625, 3.247437299702266e-22, nan 
86.125, 86.625, 3.148400382648294e-22, nan 
86.375, 86.625, 2.942493299937913e-22, nan 
86.625, 86.625, 2.878340371793564e-22, nan 
86.875, 86.625, 2.829489014447858e-22, nan 
87.125, 86.625, 2.7067637609531924e-22, nan 
87.375, 86.625, 2.6036939751963854e-22, nan 
87.625, 86.625, 2.438368472092383e-22, nan 
87.875, 86.625, 2.354163546593191e-22, nan 
88.125, 86.625, 2.3374049900589115e-22, nan 
88.375, 86.625, 2.3343896390078193e-22, nan 
88.625, 86.625, 2.2930710439309555e-22, nan 
88.875, 86.625, 2.274147268362921e-22, nan 
89.125, 86.625, 2.3063106617845187e-22, nan 
89.375, 86.625, 2.3278751292732977e-22, nan 
89.625, 86.625, 2.5866511027565626e-22, nan 
89.875, 86.625, 3.2754319997701797e-22, nan 
90.125, 86.625, 4.764421361292033e-22, nan 
90.375, 86.625, 7.575222550754279e-22, nan 
90.625, 86.625, 8.878988853951271e-22, nan 
90.875, 86.625, 9.119133900492847e-22, nan 
91.125, 86.625, 9.071722138565549e-22, nan 
91.375, 86.625, 8.965859573009948e-22, nan 
91.625, 86.625, 9.280073224557329e-22, nan 
91.875, 86.625, 9.370882974913723e-22, nan 
92.125, 86.625, 9.411673458691777e-22, nan 
92.375, 86.625, 9.596502433889047e-22, nan 
92.625, 86.625, 9.84544220752032e-22, nan 
92.875, 86.625, 1.0183642960865795e-21, nan 
93.125, 86.625, 1.03977218135012e-21, nan 
93.375, 86.625, 1.0655712646637516e-21, nan 
93.625, 86.625, 1.0667858239494855e-21, nan 
93.875, 86.625, 1.0566624184785584e-21, nan 
94.125, 86.625, 9.958768864008892e-22, nan 
94.375, 86.625, 9.523017886379138e-22, nan 
94.625, 86.625, 8.687555829476357e-22, nan 
94.875, 86.625, 7.0983141021908825e-22, nan 
95.125, 86.625, 5.2382148250318615e-22, nan 
95.375, 86.625, 4.854740719485257e-22, nan 
95.625, 86.625, 4.83221055301305e-22, nan 
95.875, 86.625, 4.827365931361127e-22, nan 
96.125, 86.625, 4.889947626889984e-22, nan 
96.375, 86.625, 4.921676245466847e-22, nan 
96.625, 86.625, 4.923245540474645e-22, nan 
96.875, 86.625, 5.012199006956491e-22, nan 
97.125, 86.625, 5.12498044838668e-22, nan 
97.375, 86.625, 5.19369205735859e-22, nan 
97.625, 86.625, 5.237969272623308e-22, nan 
97.875, 86.625, 5.209974465802943e-22, nan 
98.125, 86.625, 5.120820385555326e-22, nan 
98.375, 86.625, 4.978884480626244e-22, nan 
98.625, 86.625, 4.799294605743545e-22, nan 
98.875, 86.625, 4.688203031148173e-22, nan 
99.125, 86.625, 4.553013451871313e-22, nan 
99.375, 86.625, 4.419569897295601e-22, nan 
99.625, 86.625, 4.256675399806823e-22, nan 
99.875, 86.625, 4.247102730696759e-22, nan 
100.125, 86.625, 4.2308913684908222e-22, nan 
100.375, 86.625, 4.240049391197789e-22, nan 
100.625, 86.625, 4.1767713409602967e-22, nan 
100.875, 86.625, 4.1786153860154483e-22, nan 
101.125, 86.625, 4.240277554067791e-22, nan 
101.375, 86.625, 4.289722167685591e-22, nan 
101.625, 86.625, 4.286858081290532e-22, nan 
101.875, 86.625, 4.341645024134029e-22, nan 
102.125, 86.625, 4.292285619960708e-22, nan 
102.375, 86.625, 4.297015201965502e-22, nan 
102.625, 86.625, 4.169527357342928e-22, nan 
102.875, 86.625, 4.109479833526472e-22, nan 
103.125, 86.625, 4.078124428589108e-22, nan 
103.375, 86.625, 3.8109307726486606e-22, nan 
103.625, 86.625, 3.7829535303104875e-22, nan 
103.875, 86.625, 3.6134598645287555e-22, nan 
104.125, 86.625, 3.5567100764083473e-22, nan 
104.375, 86.625, 3.4384494753765767e-22, nan 
104.625, 86.625, 3.517168209617504e-22, nan 
104.875, 86.625, 3.483943692553073e-22, nan 
105.125, 86.625, 3.7641920421406927e-22, nan 
105.375, 86.625, 3.8230065028435257e-22, nan 
105.625, 86.625, 4.03775691364914e-22, nan 
105.875, 86.625, 4.641604367009733e-22, nan 
106.125, 86.625, 5.042497462879059e-22, nan 
106.375, 86.625, 5.965030871035338e-22, nan 
106.625, 86.625, 6.930611731435324e-22, nan 
106.875, 86.625, 8.586313205323955e-22, nan 
107.125, 86.625, 9.411583886443908e-22, nan 
107.375, 86.625, 1.019661531117885e-21, nan 
107.625, 86.625, 1.0283504451165426e-21, nan 
107.875, 86.625, 1.0315495461498961e-21, nan 
108.125, 86.625, 1.0944312580032708e-21, nan 
108.375, 86.625, 1.1274230907463104e-21, nan 
108.625, 86.625, 1.1958776973072476e-21, nan 
108.875, 86.625, 1.2482880983266156e-21, nan 
109.125, 86.625, 1.2635603152674252e-21, nan 
109.375, 86.625, 1.2974802856871743e-21, nan 
109.625, 86.625, 1.3215564982469598e-21, nan 
109.875, 86.625, 1.359639092073883e-21, nan 
110.125, 86.625, 1.4030342281520458e-21, nan 
110.375, 86.625, 1.50267885729174e-21, nan 
110.625, 86.625, 1.5427038151948335e-21, nan 
110.875, 86.625, 1.5842096846816858e-21, nan 
111.125, 86.625, 1.6467072129558952e-21, nan 
111.375, 86.625, 1.6965408121425577e-21, nan 
111.625, 86.625, 1.740226523933628e-21, nan 
111.875, 86.625, 1.7427331472518156e-21, nan 
112.125, 86.625, 1.762430200303962e-21, nan 
112.375, 86.625, 1.78839725161749e-21, nan 
112.625, 86.625, 1.8153882892399896e-21, nan 
112.875, 86.625, 1.893599471797371e-21, nan 
113.125, 86.625, 1.9421554094383217e-21, nan 
113.375, 86.625, 2.0103351794190766e-21, nan 
113.625, 86.625, 2.0490235327562747e-21, nan 
113.875, 86.625, 2.0937913321996246e-21, nan 
114.125, 86.625, 2.0896353739999732e-21, nan 
114.375, 86.625, 2.081276622336799e-21, nan 
114.625, 86.625, 2.2056483088813313e-21, nan 
114.875, 86.625, 2.1906257306956852e-21, nan 
115.125, 86.625, 2.28570654530752e-21, nan 
115.375, 86.625, 2.3839582977215946e-21, nan 
115.625, 86.625, 2.4855181466502583e-21, nan 
115.875, 86.625, 2.6043505530599323e-21, nan 
116.125, 86.625, 2.715058714560959e-21, nan 
116.375, 86.625, 2.7312711416851403e-21, nan 
116.625, 86.625, 2.8045483118472306e-21, nan 
116.875, 86.625, 2.823742767346447e-21, nan 
117.125, 86.625, 2.910878476930603e-21, nan 
117.375, 86.625, 2.8581920263458175e-21, nan 
117.625, 86.625, 2.9632317074792134e-21, nan 
117.875, 86.625, 2.9420971768294142e-21, nan 
118.125, 86.625, 2.914008984974929e-21, nan 
118.375, 86.625, 2.7780264434449057e-21, nan 
118.625, 86.625, 2.778601666857378e-21, nan 
118.875, 86.625, 2.2569441719745736e-21, nan 
119.125, 86.625, 2.0274409534004228e-21, nan 
119.375, 86.625, 1.7783747205392732e-21, nan 
119.625, 86.625, 1.6977045016079554e-21, nan 
119.875, 86.625, 1.6704347209427763e-21, nan 
120.125, 86.625, 1.7518028908307725e-21, nan 
120.375, 86.625, 1.913855691899112e-21, nan 
120.625, 86.625, 2.0504303868008187e-21, nan 
120.875, 86.625, 2.1901238912074757e-21, nan 
121.125, 86.625, 2.2588825960855697e-21, nan 
121.375, 86.625, 2.369810602312564e-21, nan 
121.625, 86.625, 2.4134703306753593e-21, nan 
121.875, 86.625, 2.5658275702717687e-21, nan 
122.125, 86.625, 2.6410647904081458e-21, nan 
122.375, 86.625, 2.6697097729641256e-21, nan 
122.625, 86.625, 2.6660719645594752e-21, nan 
122.875, 86.625, 2.7097070435104727e-21, nan 
123.125, 86.625, 2.4655419009284833e-21, nan 
123.375, 86.625, 2.376037531304673e-21, nan 
123.625, 86.625, 2.2579834292769996e-21, nan 
123.875, 86.625, 2.2369921587142794e-21, nan 
124.125, 86.625, 2.2143950251815673e-21, nan 
124.375, 86.625, 2.263051958820683e-21, nan 
124.625, 86.625, 2.217981355835068e-21, nan 
124.875, 86.625, 2.3664325814420072e-21, nan 
125.125, 86.625, 2.402637065007684e-21, nan 
125.375, 86.625, 2.37247648683415e-21, nan 
125.625, 86.625, 2.3254506179105315e-21, nan 
125.875, 86.625, 2.326154222887773e-21, nan 
126.125, 86.625, 2.2605483323709397e-21, nan 
126.375, 86.625, 2.2561999516882308e-21, nan 
126.625, 86.625, 2.1333986354349425e-21, nan 
126.875, 86.625, 2.0558171865668895e-21, nan 
127.125, 86.625, 1.948117803506665e-21, nan 
127.375, 86.625, 1.7124213250203588e-21, nan 
127.625, 86.625, 1.4692808136447317e-21, nan 
127.875, 86.625, 1.4848336900305596e-21, nan 
128.125, 86.625, 1.6101815906290408e-21, nan 
128.375, 86.625, 1.840017533533627e-21, nan 
128.625, 86.625, 2.2244224568632464e-21, nan 
128.875, 86.625, 2.5690050810457894e-21, nan 
129.125, 86.625, 2.782235667910305e-21, nan 
129.375, 86.625, 2.872110829102203e-21, nan 
129.625, 86.625, 2.8710281430395945e-21, nan 
129.875, 86.625, 2.9018196066156737e-21, nan 
130.125, 86.625, 2.9248222064860725e-21, nan 
130.375, 86.625, 2.9734485421878532e-21, nan 
130.625, 86.625, 3.085416830845528e-21, nan 
130.875, 86.625, 3.1535704503593734e-21, nan 
131.125, 86.625, 3.2228380852724752e-21, nan 
131.375, 86.625, 3.2205097589691445e-21, nan 
131.625, 86.625, 3.2525141574160447e-21, nan 
131.875, 86.625, 3.2710347943749386e-21, nan 
132.125, 86.625, 3.3509966351895354e-21, nan 
132.375, 86.625, 3.3434355536098033e-21, nan 
132.625, 86.625, 3.3478164091779663e-21, nan 
132.875, 86.625, 3.257001015801725e-21, nan 
133.125, 86.625, 3.2019095903484404e-21, nan 
133.375, 86.625, 3.3162714746086023e-21, nan 
133.625, 86.625, 3.1629899524529706e-21, nan 
133.875, 86.625, 3.2068154902318647e-21, nan 
134.125, 86.625, 3.165046121239449e-21, nan 
134.375, 86.625, 3.014570189420638e-21, nan 
134.625, 86.625, 2.971441915585707e-21, nan 
134.875, 86.625, 2.9891035512109675e-21, nan 
135.125, 86.625, 2.9447425083941e-21, nan 
135.375, 86.625, 2.9238138344699004e-21, nan 
135.625, 86.625, 2.8117093679539748e-21, nan 
135.875, 86.625, 2.7828236466119107e-21, nan 
136.125, 86.625, 2.6733254273991374e-21, nan 
136.375, 86.625, 2.5649180909454293e-21, nan 
136.625, 86.625, 2.5037905720585347e-21, nan 
136.875, 86.625, 2.5629726982674884e-21, nan 
137.125, 86.625, 2.537789705800273e-21, nan 
137.375, 86.625, 2.508212632324092e-21, nan 
137.625, 86.625, 2.5329011660532553e-21, nan 
137.875, 86.625, 2.4640645918574436e-21, nan 
138.125, 86.625, 2.4062660457021747e-21, nan 
138.375, 86.625, 2.392343865629767e-21, nan 
138.625, 86.625, 2.3520173116757545e-21, nan 
138.875, 86.625, 2.3286152096604838e-21, nan 
139.125, 86.625, 2.320528492714941e-21, nan 
139.375, 86.625, 2.188024566356864e-21, nan 
139.625, 86.625, 2.142636741698578e-21, nan 
139.875, 86.625, 2.0300003594861456e-21, nan 
140.125, 86.625, 1.958643502916537e-21, nan 
140.375, 86.625, 1.9252279117242976e-21, nan 
140.625, 86.625, 1.9663472095405227e-21, nan 
140.875, 86.625, 2.110057711469671e-21, nan 
141.125, 86.625, 2.3262102352744874e-21, nan 
141.375, 86.625, 2.588864511179311e-21, nan 
141.625, 86.625, 2.758730564999349e-21, nan 
141.875, 86.625, 2.9859200369226e-21, nan 
142.125, 86.625, 3.1814118881313042e-21, nan 
142.375, 86.625, 3.507092640986914e-21, nan 
142.625, 86.625, 3.9776358886806484e-21, nan 
142.875, 86.625, 3.932444843144957e-21, nan 
143.125, 86.625, 3.9376143612662905e-21, nan 
143.375, 86.625, 3.852595218163277e-21, nan 
143.625, 86.625, 3.707403798801347e-21, nan 
143.875, 86.625, 3.560084504347736e-21, nan 
144.125, 86.625, 3.394860313424608e-21, nan 
144.375, 86.625, 3.371008553520135e-21, nan 
144.625, 86.625, 3.419428137575945e-21, nan 
144.875, 86.625, 3.393993587213018e-21, nan 
145.125, 86.625, 3.266763098647901e-21, nan 
145.375, 86.625, 3.248530288354081e-21, nan 
145.625, 86.625, 3.30483350117375e-21, nan 
145.875, 86.625, 3.105881934030429e-21, nan 
146.125, 86.625, 2.9307123321026664e-21, nan 
146.375, 86.625, 2.4873936628910537e-21, nan 
146.625, 86.625, 2.2033290992467846e-21, nan 
146.875, 86.625, 1.9625081001946835e-21, nan 
147.125, 86.625, 1.7562740705311854e-21, nan 
147.375, 86.625, 1.8158390154217167e-21, nan 
147.625, 86.625, 2.218477544561253e-21, nan 
147.875, 86.625, 2.309440791676022e-21, nan 
148.125, 86.625, 2.3073856636938465e-21, nan 
148.375, 86.625, 2.32307603506756e-21, nan 
148.625, 86.625, 2.3523130878042522e-21, nan 
148.875, 86.625, 2.349557472157312e-21, nan 
149.125, 86.625, 2.355792083550649e-21, nan 
149.375, 86.625, 2.3598149474648823e-21, nan 
149.625, 86.625, 2.3427421244843324e-21, nan 
149.875, 86.625, 2.3263062595360326e-21, nan 
150.125, 86.625, 2.37977053404538e-21, nan 
150.375, 86.625, 2.458180763223361e-21, nan 
150.625, 86.625, 2.430493872205665e-21, nan 
150.875, 86.625, 2.4460479030166387e-21, nan 
151.125, 86.625, 2.4314673418480854e-21, nan 
151.375, 86.625, 2.4101334435943583e-21, nan 
151.625, 86.625, 2.3978099210700783e-21, nan 
151.875, 86.625, 2.367429246554082e-21, nan 
152.125, 86.625, 2.342269566152535e-21, nan 
152.375, 86.625, 2.2820188980220257e-21, nan 
152.625, 86.625, 2.151162396832412e-21, nan 
152.875, 86.625, 2.0300285404855755e-21, nan 
153.125, 86.625, 1.9683034474742633e-21, nan 
153.375, 86.625, 1.9376570262902432e-21, nan 
153.625, 86.625, 1.9095959073657385e-21, nan 
153.875, 86.625, 1.8789179719083523e-21, nan 
154.125, 86.625, 1.9156039232552848e-21, nan 
154.375, 86.625, 1.9163458711857368e-21, nan 
154.625, 86.625, 1.9252592551667485e-21, nan 
154.875, 86.625, 1.966345145916668e-21, nan 
155.125, 86.625, 2.016579042873793e-21, nan 
155.375, 86.625, 2.0624280151998364e-21, nan 
155.625, 86.625, 2.07799922910098e-21, nan 
155.875, 86.625, 2.0450496199748325e-21, nan 
156.125, 86.625, 1.9659803378180026e-21, nan 
156.375, 86.625, 1.9198593783796766e-21, nan 
156.625, 86.625, 1.8643087074338993e-21, nan 
156.875, 86.625, 1.8136345393665866e-21, nan 
157.125, 86.625, 1.812080814483709e-21, nan 
157.375, 86.625, 1.8323819278212173e-21, nan 
157.625, 86.625, 1.8766955274191456e-21, nan 
157.875, 86.625, 1.9257743507496997e-21, nan 
158.125, 86.625, 2.0597750294494022e-21, nan 
158.375, 86.625, 2.1967177351779165e-21, nan 
158.625, 86.625, 2.2726254161974912e-21, nan 
158.875, 86.625, 2.1033765295982853e-21, nan 
159.125, 86.625, 2.044127261937777e-21, nan 
159.375, 86.625, 2.2269938640495923e-21, nan 
159.625, 86.625, 2.5145765780522174e-21, nan 
159.875, 86.625, 3.2091930753791278e-21, nan 
160.125, 86.625, 4.073474796614564e-21, nan 
160.375, 86.625, 4.5433922499391094e-21, nan 
160.625, 86.625, 4.874840282229784e-21, nan 
160.875, 86.625, 5.106279350360542e-21, nan 
161.125, 86.625, 5.255601935296911e-21, nan 
161.375, 86.625, 5.455687828461253e-21, nan 
161.625, 86.625, 5.663683023291196e-21, nan 
161.875, 86.625, 5.897532192430824e-21, nan 
162.125, 86.625, 6.086795673383845e-21, nan 
162.375, 86.625, 6.429256097958841e-21, nan 
162.625, 86.625, 6.783943533408362e-21, nan 
162.875, 86.625, 7.010330743626276e-21, nan 
163.125, 86.625, 6.652889605514259e-21, nan 
163.375, 86.625, 6.26094978156262e-21, nan 
163.625, 86.625, 6.150629903159153e-21, nan 
163.875, 86.625, 5.321988596925171e-21, nan 
164.125, 86.625, 4.323239370923003e-21, nan 
164.375, 86.625, 3.4184727105246384e-21, nan 
164.625, 86.625, 3.038006253202078e-21, nan 
164.875, 86.625, 2.7873436059981382e-21, nan 
165.125, 86.625, 2.7127467244519858e-21, nan 
165.375, 86.625, 2.760269351904741e-21, nan 
165.625, 86.625, 2.775318945081217e-21, nan 
165.875, 86.625, 2.86849936025597e-21, nan 
166.125, 86.625, 2.946851524870985e-21, nan 
166.375, 86.625, 3.066778389089278e-21, nan 
166.625, 86.625, 3.3130115507900393e-21, nan 
166.875, 86.625, 3.6757896631844956e-21, nan 
167.125, 86.625, 3.941914668013746e-21, nan 
167.375, 86.625, 3.950695812021117e-21, nan 
167.625, 86.625, 3.970051891719717e-21, nan 
167.875, 86.625, 4.0701373972696795e-21, nan 
168.125, 86.625, 4.0416489232126785e-21, nan 
168.375, 86.625, 3.9703532517432464e-21, nan 
168.625, 86.625, 4.000936161889911e-21, nan 
168.875, 86.625, 4.2436369235222284e-21, nan 
169.125, 86.625, 4.489566992637602e-21, nan 
169.375, 86.625, 4.619021523253239e-21, nan 
169.625, 86.625, 4.8678038167910694e-21, nan 
169.875, 86.625, 4.8483872548197534e-21, nan 
170.125, 86.625, 5.08499815497477e-21, nan 
170.375, 86.625, 5.128106109572221e-21, nan 
170.625, 86.625, 5.294803296156621e-21, nan 
170.875, 86.625, 5.631671464463412e-21, nan 
171.125, 86.625, 5.649965945505087e-21, nan 
171.375, 86.625, 5.633538170974309e-21, nan 
171.625, 86.625, 5.91987010946408e-21, nan 
171.875, 86.625, 5.6282200035077434e-21, nan 
172.125, 86.625, 4.9383180969429836e-21, nan 
172.375, 86.625, 4.723218968026663e-21, nan 
172.625, 86.625, 3.9945035272313436e-21, nan 
172.875, 86.625, 3.2297682854499067e-21, nan 
173.125, 86.625, 3.1583802444073695e-21, nan 
173.375, 86.625, 3.0733163264574993e-21, nan 
173.625, 86.625, 3.0134632877835956e-21, nan 
173.875, 86.625, 2.8464543168136143e-21, nan 
174.125, 86.625, 2.759596848583272e-21, nan 
174.375, 86.625, 2.6570136538323016e-21, nan 
174.625, 86.625, 2.611037602503943e-21, nan 
174.875, 86.625, 2.6127148756014773e-21, nan 
175.125, 86.625, 2.5704302440850725e-21, nan 
175.375, 86.625, 2.486364469419975e-21, nan 
175.625, 86.625, 2.3232862821952905e-21, nan 
175.875, 86.625, 3.001417205157459e-21, nan 
176.125, 86.625, 3.3777571477231517e-21, nan 
176.375, 86.625, 3.812078173299315e-21, nan 
176.625, 86.625, 4.494654495049806e-21, nan 
176.875, 86.625, 5.118858508145292e-21, nan 
177.125, 86.625, 5.918666930034411e-21, nan 
177.375, 86.625, 6.761752364579355e-21, nan 
177.625, 86.625, 7.047524972043031e-21, nan 
177.875, 86.625, 7.301090433805876e-21, nan 
178.125, 86.625, 7.178071626565477e-21, nan 
178.375, 86.625, 7.211657496247812e-21, nan 
178.625, 86.625, 7.190640314046213e-21, nan 
178.875, 86.625, 7.150116846323317e-21, nan 
179.125, 86.625, 7.152853813272285e-21, nan 
179.375, 86.625, 7.021484066758206e-21, nan 
179.625, 86.625, 6.972256223204776e-21, nan 
179.875, 86.625, 6.917989505277517e-21, nan 
-179.875, 86.875, 5.571936976377135e-21, nan 
-179.625, 86.875, 5.31479966697545e-21, nan 
-179.375, 86.875, 5.238448504513123e-21, nan 
-179.125, 86.875, 4.9790853322283555e-21, nan 
-178.875, 86.875, 4.443929850282231e-21, nan 
-178.625, 86.875, 3.809905520677116e-21, nan 
-178.375, 86.875, 3.075446083608611e-21, nan 
-178.125, 86.875, 2.4231225207180775e-21, nan 
-177.875, 86.875, 2.0318168690605683e-21, nan 
-177.625, 86.875, 1.695891278044546e-21, nan 
-177.375, 86.875, 1.3035191234735762e-21, nan 
-177.125, 86.875, 1.2971784561578392e-21, nan 
-176.875, 86.875, 1.140513614083418e-21, nan 
-176.625, 86.875, 1.1076205998914148e-21, nan 
-176.375, 86.875, 1.034368201892782e-21, nan 
-176.125, 86.875, 9.856909746159178e-22, nan 
-175.875, 86.875, 9.640685143658423e-22, nan 
-175.625, 86.875, 9.386005585823366e-22, nan 
-175.375, 86.875, 8.80319123056564e-22, nan 
-175.125, 86.875, 8.461152561560756e-22, nan 
-174.875, 86.875, 8.128125637662669e-22, nan 
-174.625, 86.875, 8.035788422047933e-22, nan 
-174.375, 86.875, 8.005096309681865e-22, nan 
-174.125, 86.875, 8.038036010838397e-22, nan 
-173.875, 86.875, 7.9749265048798e-22, nan 
-173.625, 86.875, 7.785125580679538e-22, nan 
-173.375, 86.875, 7.73700393215194e-22, nan 
-173.125, 86.875, 7.7624795488362e-22, nan 
-172.875, 86.875, 7.777154715918925e-22, nan 
-172.625, 86.875, 8.023447471020889e-22, nan 
-172.375, 86.875, 8.221617833961448e-22, nan 
-172.125, 86.875, 8.478940785869825e-22, nan 
-171.875, 86.875, 8.758454540443489e-22, nan 
-171.625, 86.875, 8.971725808465535e-22, nan 
-171.375, 86.875, 9.426580904318547e-22, nan 
-171.125, 86.875, 1.0082757186051074e-21, nan 
-170.875, 86.875, 1.1353083641223244e-21, nan 
-170.625, 86.875, 1.2548571480669477e-21, nan 
-170.375, 86.875, 1.3657289971469267e-21, nan 
-170.125, 86.875, 1.4958382252060538e-21, nan 
-169.875, 86.875, 1.6290316803784696e-21, nan 
-169.625, 86.875, 1.675253682980231e-21, nan 
-169.375, 86.875, 1.6873812921806628e-21, nan 
-169.125, 86.875, 1.696066274545088e-21, nan 
-168.875, 86.875, 1.73346919445157e-21, nan 
-168.625, 86.875, 1.7415742837074694e-21, nan 
-168.375, 86.875, 1.790595824486289e-21, nan 
-168.125, 86.875, 2.034115552451233e-21, nan 
-167.875, 86.875, 2.17449074951875e-21, nan 
-167.625, 86.875, 2.1686590658960524e-21, nan 
-167.375, 86.875, 2.1609347805038954e-21, nan 
-167.125, 86.875, 2.1924033387030788e-21, nan 
-166.875, 86.875, 2.2439705998103842e-21, nan 
-166.625, 86.875, 2.3079193069416413e-21, nan 
-166.375, 86.875, 2.389967319221375e-21, nan 
-166.125, 86.875, 2.5397595089586738e-21, nan 
-165.875, 86.875, 2.6485569942535386e-21, nan 
-165.625, 86.875, 2.7029497135998677e-21, nan 
-165.375, 86.875, 2.7513879473335268e-21, nan 
-165.125, 86.875, 2.724013650949275e-21, nan 
-164.875, 86.875, 2.6904757262909907e-21, nan 
-164.625, 86.875, 2.663389682738528e-21, nan 
-164.375, 86.875, 2.63811781794038e-21, nan 
-164.125, 86.875, 2.6041449092440758e-21, nan 
-163.875, 86.875, 2.6088956131914506e-21, nan 
-163.625, 86.875, 2.6664745222515215e-21, nan 
-163.375, 86.875, 3.0147928843788757e-21, nan 
-163.125, 86.875, 3.3112452270733107e-21, nan 
-162.875, 86.875, 3.51442343741615e-21, nan 
-162.625, 86.875, 3.6411604877552706e-21, nan 
-162.375, 86.875, 3.749831983608176e-21, nan 
-162.125, 86.875, 3.82285508730841e-21, nan 
-161.875, 86.875, 3.880754687036283e-21, nan 
-161.625, 86.875, 3.943465359098896e-21, nan 
-161.375, 86.875, 4.0063461394041534e-21, nan 
-161.125, 86.875, 4.0437184677180766e-21, nan 
-160.875, 86.875, 4.068504960828323e-21, nan 
-160.625, 86.875, 4.066077753966652e-21, nan 
-160.375, 86.875, 4.0106442442481274e-21, nan 
-160.125, 86.875, 3.908694696956837e-21, nan 
-159.875, 86.875, 3.773199323495566e-21, nan 
-159.625, 86.875, 3.479267039406676e-21, nan 
-159.375, 86.875, 3.236328142687344e-21, nan 
-159.125, 86.875, 2.985058804113721e-21, nan 
-158.875, 86.875, 2.8413121426533632e-21, nan 
-158.625, 86.875, 2.455166434816499e-21, nan 
-158.375, 86.875, 2.459991512523508e-21, nan 
-158.125, 86.875, 2.403878380494954e-21, nan 
-157.875, 86.875, 2.3071257940032006e-21, nan 
-157.625, 86.875, 2.1819759528103085e-21, nan 
-157.375, 86.875, 2.1508564528082048e-21, nan 
-157.125, 86.875, 2.1453336959842837e-21, nan 
-156.875, 86.875, 2.2688244375540204e-21, nan 
-156.625, 86.875, 2.064460665689835e-21, nan 
-156.375, 86.875, 1.9229671074803293e-21, nan 
-156.125, 86.875, 1.829501444886544e-21, nan 
-155.875, 86.875, 1.5841579508826957e-21, nan 
-155.625, 86.875, 1.474152355060335e-21, nan 
-155.375, 86.875, 1.2006898370398426e-21, nan 
-155.125, 86.875, 1.01366902391504e-21, nan 
-154.875, 86.875, 1.0611350853151823e-21, nan 
-154.625, 86.875, 1.0659309080133383e-21, nan 
-154.375, 86.875, 9.502455985653393e-22, nan 
-154.125, 86.875, 1.0847584233714953e-21, nan 
-153.875, 86.875, 9.412494304298055e-22, nan 
-153.625, 86.875, 9.045909424313654e-22, nan 
-153.375, 86.875, 8.603723806870719e-22, nan 
-153.125, 86.875, 8.573075776504108e-22, nan 
-152.875, 86.875, 8.470149228000968e-22, nan 
-152.625, 86.875, 7.946259142692285e-22, nan 
-152.375, 86.875, 7.968949933617778e-22, nan 
-152.125, 86.875, 8.238085257807274e-22, nan 
-151.875, 86.875, 8.529782494636747e-22, nan 
-151.625, 86.875, 8.65925143407504e-22, nan 
-151.375, 86.875, 9.106626042132097e-22, nan 
-151.125, 86.875, 9.383050158325256e-22, nan 
-150.875, 86.875, 8.220361731576211e-22, nan 
-150.625, 86.875, 6.53654676275181e-22, nan 
-150.375, 86.875, 6.805228032298161e-22, nan 
-150.125, 86.875, 7.583578067722035e-22, nan 
-149.875, 86.875, 9.191983367293285e-22, nan 
-149.625, 86.875, 1.0576191341961681e-21, nan 
-149.375, 86.875, 9.976565254250807e-22, nan 
-149.125, 86.875, 8.75832384449478e-22, nan 
-148.875, 86.875, 7.372622399068384e-22, nan 
-148.625, 86.875, 6.659476400277829e-22, nan 
-148.375, 86.875, 6.446527623983402e-22, nan 
-148.125, 86.875, 6.304035845752154e-22, nan 
-147.875, 86.875, 6.246423458670989e-22, nan 
-147.625, 86.875, 6.274301285512982e-22, nan 
-147.375, 86.875, 6.201753566032827e-22, nan 
-147.125, 86.875, 6.115518064096931e-22, nan 
-146.875, 86.875, 6.017590758880909e-22, nan 
-146.625, 86.875, 6.099711487379644e-22, nan 
-146.375, 86.875, 6.120566996298137e-22, nan 
-146.125, 86.875, 5.472518035587137e-22, nan 
-145.875, 86.875, 4.156834114342412e-22, nan 
-145.625, 86.875, 3.2620097311522984e-22, nan 
-145.375, 86.875, 2.9883661573852673e-22, nan 
-145.125, 86.875, 2.9395627439093603e-22, nan 
-144.875, 86.875, 3.115603890034788e-22, nan 
-144.625, 86.875, 3.3823008974688167e-22, nan 
-144.375, 86.875, 3.738815006742644e-22, nan 
-144.125, 86.875, 4.0722808882770424e-22, nan 
-143.875, 86.875, 4.424797115604382e-22, nan 
-143.625, 86.875, 4.742036801602496e-22, nan 
-143.375, 86.875, 5.194190945953632e-22, nan 
-143.125, 86.875, 5.741950087158592e-22, nan 
-142.875, 86.875, 6.68890212107536e-22, nan 
-142.625, 86.875, 7.599642441169941e-22, nan 
-142.375, 86.875, 8.81027504822328e-22, nan 
-142.125, 86.875, 9.835501278550911e-22, nan 
-141.875, 86.875, 1.0772227847713324e-21, nan 
-141.625, 86.875, 1.1487341063901768e-21, nan 
-141.375, 86.875, 1.1767607679318743e-21, nan 
-141.125, 86.875, 1.206654198655046e-21, nan 
-140.875, 86.875, 1.1279329295988079e-21, nan 
-140.625, 86.875, 7.890616258255245e-22, nan 
-140.375, 86.875, 3.644919035134611e-22, nan 
-140.125, 86.875, 3.883051145470065e-22, nan 
-139.875, 86.875, 6.22629801146207e-22, nan 
-139.625, 86.875, 7.879374556989109e-22, nan 
-139.375, 86.875, 8.98013541738283e-22, nan 
-139.125, 86.875, 9.876242234469568e-22, nan 
-138.875, 86.875, 1.0828395016342165e-21, nan 
-138.625, 86.875, 1.1779709797911814e-21, nan 
-138.375, 86.875, 1.2885945147506807e-21, nan 
-138.125, 86.875, 1.4480265953717744e-21, nan 
-137.875, 86.875, 1.6068537849600416e-21, nan 
-137.625, 86.875, 1.803054090832469e-21, nan 
-137.375, 86.875, 1.9686107739009297e-21, nan 
-137.125, 86.875, 2.146746233813285e-21, nan 
-136.875, 86.875, 2.2942231962235164e-21, nan 
-136.625, 86.875, 2.3596029035870485e-21, nan 
-136.375, 86.875, 2.4300328300771868e-21, nan 
-136.125, 86.875, 2.32494785831157e-21, nan 
-135.875, 86.875, 1.8238583218419743e-21, nan 
-135.625, 86.875, 1.3384632550567833e-21, nan 
-135.375, 86.875, 1.4270156019989605e-21, nan 
-135.125, 86.875, 1.6870518127299674e-21, nan 
-134.875, 86.875, 1.816840021009962e-21, nan 
-134.625, 86.875, 1.8901183008763347e-21, nan 
-134.375, 86.875, 1.925992963878006e-21, nan 
-134.125, 86.875, 1.982665082356409e-21, nan 
-133.875, 86.875, 2.0247424359274517e-21, nan 
-133.625, 86.875, 2.051726555466377e-21, nan 
-133.375, 86.875, 2.0383884442414983e-21, nan 
-133.125, 86.875, 1.9263356942542814e-21, nan 
-132.875, 86.875, 1.6960237630339967e-21, nan 
-132.625, 86.875, 1.516384253283326e-21, nan 
-132.375, 86.875, 1.4473496957545778e-21, nan 
-132.125, 86.875, 1.4739904179168136e-21, nan 
-131.875, 86.875, 1.4935511773464702e-21, nan 
-131.625, 86.875, 1.5151548938010795e-21, nan 
-131.375, 86.875, 1.459727859337875e-21, nan 
-131.125, 86.875, 1.1780635900588008e-21, nan 
-130.875, 86.875, 7.764883841422272e-22, nan 
-130.625, 86.875, 4.748613759946212e-22, nan 
-130.375, 86.875, 3.031611068265134e-22, nan 
-130.125, 86.875, 2.272372198117235e-22, nan 
-129.875, 86.875, 1.9428476108922227e-22, nan 
-129.625, 86.875, 1.7367730238569613e-22, nan 
-129.375, 86.875, 1.6120413381174948e-22, nan 
-129.125, 86.875, 1.5049407384191054e-22, nan 
-128.875, 86.875, 1.4079460970136018e-22, nan 
-128.625, 86.875, 1.3880458553035099e-22, nan 
-128.375, 86.875, 1.3489015030806269e-22, nan 
-128.125, 86.875, 1.4361832928447506e-22, nan 
-127.875, 86.875, 1.5344113129802698e-22, nan 
-127.625, 86.875, 1.6147274208131344e-22, nan 
-127.375, 86.875, 1.7883662485975321e-22, nan 
-127.125, 86.875, 1.842072014099812e-22, nan 
-126.875, 86.875, 1.9189741406648753e-22, nan 
-126.625, 86.875, 1.9586591439767302e-22, nan 
-126.375, 86.875, 1.9803480762953517e-22, nan 
-126.125, 86.875, 2.02516455522334e-22, nan 
-125.875, 86.875, 2.0572194832265907e-22, nan 
-125.625, 86.875, 2.1078452666138763e-22, nan 
-125.375, 86.875, 2.1016727336544788e-22, nan 
-125.125, 86.875, 2.0188822785825042e-22, nan 
-124.875, 86.875, 1.9403138868927627e-22, nan 
-124.625, 86.875, 1.8550721217363237e-22, nan 
-124.375, 86.875, 1.6850371395572967e-22, nan 
-124.125, 86.875, 1.6377022751588462e-22, nan 
-123.875, 86.875, 1.6252541649876347e-22, nan 
-123.625, 86.875, 1.6697360453856203e-22, nan 
-123.375, 86.875, 1.823861005540087e-22, nan 
-123.125, 86.875, 2.048781037498208e-22, nan 
-122.875, 86.875, 2.1968146600677446e-22, nan 
-122.625, 86.875, 2.424359276711065e-22, nan 
-122.375, 86.875, 2.5393976916546065e-22, nan 
-122.125, 86.875, 2.6754546746277936e-22, nan 
-121.875, 86.875, 2.7824954811622597e-22, nan 
-121.625, 86.875, 2.9745056434195923e-22, nan 
-121.375, 86.875, 2.997641465177368e-22, nan 
-121.125, 86.875, 3.0849838486117667e-22, nan 
-120.875, 86.875, 3.1005580373995196e-22, nan 
-120.625, 86.875, 3.0956248917390705e-22, nan 
-120.375, 86.875, 3.149663196226426e-22, nan 
-120.125, 86.875, 3.2187452786546563e-22, nan 
-119.875, 86.875, 3.3721855894865683e-22, nan 
-119.625, 86.875, 3.5162896802830345e-22, nan 
-119.375, 86.875, 3.7890458556943214e-22, nan 
-119.125, 86.875, 4.1437345508300333e-22, nan 
-118.875, 86.875, 4.315502117244414e-22, nan 
-118.625, 86.875, 4.568261375575338e-22, nan 
-118.375, 86.875, 4.64181205771798e-22, nan 
-118.125, 86.875, 4.604958736502078e-22, nan 
-117.875, 86.875, 4.341607024796402e-22, nan 
-117.625, 86.875, 3.9368643201059957e-22, nan 
-117.375, 86.875, 3.0637993352710836e-22, nan 
-117.125, 86.875, 2.1764179771838846e-22, nan 
-116.875, 86.875, 1.7518443116144448e-22, nan 
-116.625, 86.875, 1.452566672388193e-22, nan 
-116.375, 86.875, 1.5211665533238913e-22, nan 
-116.125, 86.875, 1.6101376619258978e-22, nan 
-115.875, 86.875, 1.7644788178187022e-22, nan 
-115.625, 86.875, 1.9950510237675963e-22, nan 
-115.375, 86.875, 2.2365748849004874e-22, nan 
-115.125, 86.875, 2.688830543024593e-22, nan 
-114.875, 86.875, 3.6795506319039523e-22, nan 
-114.625, 86.875, 4.620773854884735e-22, nan 
-114.375, 86.875, 5.840303799353091e-22, nan 
-114.125, 86.875, 6.693741629247868e-22, nan 
-113.875, 86.875, 7.837341561624589e-22, nan 
-113.625, 86.875, 8.763098547635268e-22, nan 
-113.375, 86.875, 9.480623026957398e-22, nan 
-113.125, 86.875, 9.737858980815137e-22, nan 
-112.875, 86.875, 9.694818084620696e-22, nan 
-112.625, 86.875, 9.286758772638232e-22, nan 
-112.375, 86.875, 8.689955387242276e-22, nan 
-112.125, 86.875, 8.342905451679405e-22, nan 
-111.875, 86.875, 7.989540325840643e-22, nan 
-111.625, 86.875, 7.841093072348724e-22, nan 
-111.375, 86.875, 7.973771484596543e-22, nan 
-111.125, 86.875, 7.970863997089984e-22, nan 
-110.875, 86.875, 7.859774386912396e-22, nan 
-110.625, 86.875, 7.6806024615735745e-22, nan 
-110.375, 86.875, 7.386681463320012e-22, nan 
-110.125, 86.875, 7.237402671157592e-22, nan 
-109.875, 86.875, 7.348038946883969e-22, nan 
-109.625, 86.875, 7.554558139361759e-22, nan 
-109.375, 86.875, 7.751908516565322e-22, nan 
-109.125, 86.875, 8.127995272141748e-22, nan 
-108.875, 86.875, 8.29757279411184e-22, nan 
-108.625, 86.875, 7.598379467965423e-22, nan 
-108.375, 86.875, 7.033138486658308e-22, nan 
-108.125, 86.875, 6.835119976849184e-22, nan 
-107.875, 86.875, 6.560970982170716e-22, nan 
-107.625, 86.875, 6.190942179186025e-22, nan 
-107.375, 86.875, 5.914951107352814e-22, nan 
-107.125, 86.875, 5.536999922653087e-22, nan 
-106.875, 86.875, 5.150917637704719e-22, nan 
-106.625, 86.875, 4.96154995706662e-22, nan 
-106.375, 86.875, 4.688535207390187e-22, nan 
-106.125, 86.875, 4.460029822251205e-22, nan 
-105.875, 86.875, 4.2150783907655755e-22, nan 
-105.625, 86.875, 3.9143814617640317e-22, nan 
-105.375, 86.875, 3.2195736406420056e-22, nan 
-105.125, 86.875, 2.877438385827836e-22, nan 
-104.875, 86.875, 2.5770301045780765e-22, nan 
-104.625, 86.875, 2.411414240073089e-22, nan 
-104.375, 86.875, 2.221994536088186e-22, nan 
-104.125, 86.875, 2.1333442590545526e-22, nan 
-103.875, 86.875, 2.0789523254136044e-22, nan 
-103.625, 86.875, 2.031977349291546e-22, nan 
-103.375, 86.875, 2.006186080187275e-22, nan 
-103.125, 86.875, 2.0596501585537792e-22, nan 
-102.875, 86.875, 2.002582308854045e-22, nan 
-102.625, 86.875, 1.948962361834081e-22, nan 
-102.375, 86.875, 1.8868160407695904e-22, nan 
-102.125, 86.875, 1.853079119009054e-22, nan 
-101.875, 86.875, 1.8215358393189745e-22, nan 
-101.625, 86.875, 1.7567080484402803e-22, nan 
-101.375, 86.875, 1.7293183664184031e-22, nan 
-101.125, 86.875, 1.5833498407474272e-22, nan 
-100.875, 86.875, 1.5434051388648197e-22, nan 
-100.625, 86.875, 1.4628569662988283e-22, nan 
-100.375, 86.875, 1.351321149780536e-22, nan 
-100.125, 86.875, 1.2751452721717107e-22, nan 
-99.875, 86.875, 1.136761024609108e-22, nan 
-99.625, 86.875, 1.0378613468585987e-22, nan 
-99.375, 86.875, 9.361524955510554e-23, nan 
-99.125, 86.875, 9.252587645706276e-23, nan 
-98.875, 86.875, 1.0094169656883775e-22, nan 
-98.625, 86.875, 1.4848692023715536e-22, nan 
-98.375, 86.875, 1.8526713238401916e-22, nan 
-98.125, 86.875, 2.0924843571721836e-22, nan 
-97.875, 86.875, 2.3818869642157794e-22, nan 
-97.625, 86.875, 2.590981389448471e-22, nan 
-97.375, 86.875, 2.6375499472141197e-22, nan 
-97.125, 86.875, 2.5776557844398184e-22, nan 
-96.875, 86.875, 2.4695786537021573e-22, nan 
-96.625, 86.875, 2.304910585499226e-22, nan 
-96.375, 86.875, 2.213099283702683e-22, nan 
-96.125, 86.875, 2.0472620524740326e-22, nan 
-95.875, 86.875, 1.9298619827671024e-22, nan 
-95.625, 86.875, 1.8247064433032933e-22, nan 
-95.375, 86.875, 1.7039285200454577e-22, nan 
-95.125, 86.875, 1.6504585865181956e-22, nan 
-94.875, 86.875, 1.5806378253995652e-22, nan 
-94.625, 86.875, 1.413047535682958e-22, nan 
-94.375, 86.875, 1.3281977223088269e-22, nan 
-94.125, 86.875, 1.2699540630249034e-22, nan 
-93.875, 86.875, 1.700680776195713e-22, nan 
-93.625, 86.875, 2.1264735404340738e-22, nan 
-93.375, 86.875, 2.223187021202879e-22, nan 
-93.125, 86.875, 2.4011861745684444e-22, nan 
-92.875, 86.875, 2.6235814991154225e-22, nan 
-92.625, 86.875, 2.736372457267821e-22, nan 
-92.375, 86.875, 2.69780573661317e-22, nan 
-92.125, 86.875, 2.512070705339751e-22, nan 
-91.875, 86.875, 2.3434924491763097e-22, nan 
-91.625, 86.875, 2.3262328856997373e-22, nan 
-91.375, 86.875, 2.1713818613701137e-22, nan 
-91.125, 86.875, 2.0795483565565882e-22, nan 
-90.875, 86.875, 1.9531133405668757e-22, nan 
-90.625, 86.875, 1.7184087097218884e-22, nan 
-90.375, 86.875, 1.4443767062485257e-22, nan 
-90.125, 86.875, 1.1690147090506426e-22, nan 
-89.875, 86.875, 8.455000523779295e-23, nan 
-89.625, 86.875, 7.138015452114486e-23, nan 
-89.375, 86.875, 9.132183002428938e-23, nan 
-89.125, 86.875, 1.2849773423202353e-22, nan 
-88.875, 86.875, 1.6619795235456822e-22, nan 
-88.625, 86.875, 1.8646079264391106e-22, nan 
-88.375, 86.875, 1.9989028568060307e-22, nan 
-88.125, 86.875, 2.1669695103121657e-22, nan 
-87.875, 86.875, 2.2632982107698058e-22, nan 
-87.625, 86.875, 2.3405115275011307e-22, nan 
-87.375, 86.875, 2.2680047871608227e-22, nan 
-87.125, 86.875, 2.279760632077531e-22, nan 
-86.875, 86.875, 2.371521514361701e-22, nan 
-86.625, 86.875, 2.4252675626983486e-22, nan 
-86.375, 86.875, 2.4964785625610262e-22, nan 
-86.125, 86.875, 2.5655467006445063e-22, nan 
-85.875, 86.875, 2.5554929501021883e-22, nan 
-85.625, 86.875, 2.57653654210764e-22, nan 
-85.375, 86.875, 2.6112396845750324e-22, nan 
-85.125, 86.875, 2.553312672677945e-22, nan 
-84.875, 86.875, 2.5481566628083616e-22, nan 
-84.625, 86.875, 2.6095377417208634e-22, nan 
-84.375, 86.875, 2.665772942701731e-22, nan 
-84.125, 86.875, 2.7008702174011157e-22, nan 
-83.875, 86.875, 2.7526931765892535e-22, nan 
-83.625, 86.875, 2.7697431543582773e-22, nan 
-83.375, 86.875, 2.8255851788160495e-22, nan 
-83.125, 86.875, 2.8767306834739967e-22, nan 
-82.875, 86.875, 2.965605625332287e-22, nan 
-82.625, 86.875, 2.9813520281242827e-22, nan 
-82.375, 86.875, 3.077881130938005e-22, nan 
-82.125, 86.875, 3.125704167916821e-22, nan 
-81.875, 86.875, 3.1981718509305436e-22, nan 
-81.625, 86.875, 3.2523225213164746e-22, nan 
-81.375, 86.875, 3.3463983102433173e-22, nan 
-81.125, 86.875, 3.4289482815845023e-22, nan 
-80.875, 86.875, 3.534303808218163e-22, nan 
-80.625, 86.875, 3.5617765622351e-22, nan 
-80.375, 86.875, 3.4817194809197857e-22, nan 
-80.125, 86.875, 3.440021034573472e-22, nan 
-79.875, 86.875, 3.385239235791404e-22, nan 
-79.625, 86.875, 3.2731597234014954e-22, nan 
-79.375, 86.875, 3.1958185965524527e-22, nan 
-79.125, 86.875, 3.0408562498370553e-22, nan 
-78.875, 86.875, 2.9447722990300304e-22, nan 
-78.625, 86.875, 2.835536056006074e-22, nan 
-78.375, 86.875, 2.8772849262673084e-22, nan 
-78.125, 86.875, 2.8941993886793186e-22, nan 
-77.875, 86.875, 2.9889751593677344e-22, nan 
-77.625, 86.875, 3.0661237181791536e-22, nan 
-77.375, 86.875, 3.1530540741269783e-22, nan 
-77.125, 86.875, 3.164226145692682e-22, nan 
-76.875, 86.875, 3.211751598340855e-22, nan 
-76.625, 86.875, 3.3171898346357626e-22, nan 
-76.375, 86.875, 3.4920125177360583e-22, nan 
-76.125, 86.875, 3.5585840817751653e-22, nan 
-75.875, 86.875, 3.5886010306753156e-22, nan 
-75.625, 86.875, 3.561457927581858e-22, nan 
-75.375, 86.875, 3.5418566531956825e-22, nan 
-75.125, 86.875, 3.3555588973114713e-22, nan 
-74.875, 86.875, 3.0106945410940506e-22, nan 
-74.625, 86.875, 2.90145254485112e-22, nan 
-74.375, 86.875, 2.548337555816766e-22, nan 
-74.125, 86.875, 2.2049662275693815e-22, nan 
-73.875, 86.875, 1.6988687240510715e-22, nan 
-73.625, 86.875, 1.5256557038560991e-22, nan 
-73.375, 86.875, 1.434896003478418e-22, nan 
-73.125, 86.875, 1.8110577529592321e-22, nan 
-72.875, 86.875, 2.252643506711168e-22, nan 
-72.625, 86.875, 2.6990303401014785e-22, nan 
-72.375, 86.875, 2.6791367800638096e-22, nan 
-72.125, 86.875, 2.6030485894901886e-22, nan 
-71.875, 86.875, 2.5734876152409763e-22, nan 
-71.625, 86.875, 2.8400816406588227e-22, nan 
-71.375, 86.875, 3.055437855377724e-22, nan 
-71.125, 86.875, 3.355444063085149e-22, nan 
-70.875, 86.875, 3.2857655667927273e-22, nan 
-70.625, 86.875, 3.355052587722093e-22, nan 
-70.375, 86.875, 3.4097575802888265e-22, nan 
-70.125, 86.875, 3.481271548165672e-22, nan 
-69.875, 86.875, 3.803628140989341e-22, nan 
-69.625, 86.875, 3.9588522437723863e-22, nan 
-69.375, 86.875, 3.77982125529405e-22, nan 
-69.125, 86.875, 3.3591172175072456e-22, nan 
-68.875, 86.875, 3.0617517640296826e-22, nan 
-68.625, 86.875, 2.797566612737322e-22, nan 
-68.375, 86.875, 2.583538317417752e-22, nan 
-68.125, 86.875, 2.66858595266736e-22, nan 
-67.875, 86.875, 3.121718388285345e-22, nan 
-67.625, 86.875, 3.3523807807719345e-22, nan 
-67.375, 86.875, 3.7115136694259153e-22, nan 
-67.125, 86.875, 3.8837717347689426e-22, nan 
-66.875, 86.875, 4.250703208177117e-22, nan 
-66.625, 86.875, 4.622588952210037e-22, nan 
-66.375, 86.875, 4.8713355192411415e-22, nan 
-66.125, 86.875, 4.982274102198767e-22, nan 
-65.875, 86.875, 5.272327283118095e-22, nan 
-65.625, 86.875, 5.627686225712372e-22, nan 
-65.375, 86.875, 5.829210541590982e-22, nan 
-65.125, 86.875, 6.014273126807966e-22, nan 
-64.875, 86.875, 5.973956615476157e-22, nan 
-64.625, 86.875, 5.966748186610668e-22, nan 
-64.375, 86.875, 5.815450649394505e-22, nan 
-64.125, 86.875, 5.617863756213679e-22, nan 
-63.875, 86.875, 5.384067509176022e-22, nan 
-63.625, 86.875, 5.124274907360934e-22, nan 
-63.375, 86.875, 5.008453238845117e-22, nan 
-63.125, 86.875, 4.823380137463122e-22, nan 
-62.875, 86.875, 4.558976083651461e-22, nan 
-62.625, 86.875, 4.3799407551016445e-22, nan 
-62.375, 86.875, 4.1753329455713873e-22, nan 
-62.125, 86.875, 3.9510955588398093e-22, nan 
-61.875, 86.875, 3.649807360559057e-22, nan 
-61.625, 86.875, 3.5731297090976937e-22, nan 
-61.375, 86.875, 3.6008855789570883e-22, nan 
-61.125, 86.875, 4.0740444358276223e-22, nan 
-60.875, 86.875, 4.742017388697758e-22, nan 
-60.625, 86.875, 5.219850891011828e-22, nan 
-60.375, 86.875, 5.633453360962887e-22, nan 
-60.125, 86.875, 5.593979296386814e-22, nan 
-59.875, 86.875, 5.636836826271382e-22, nan 
-59.625, 86.875, 5.593741421915553e-22, nan 
-59.375, 86.875, 5.5327051029128035e-22, nan 
-59.125, 86.875, 5.540970127592842e-22, nan 
-58.875, 86.875, 5.440960176579121e-22, nan 
-58.625, 86.875, 5.558316068298006e-22, nan 
-58.375, 86.875, 5.424022496394502e-22, nan 
-58.125, 86.875, 5.369066754761383e-22, nan 
-57.875, 86.875, 5.243286379319664e-22, nan 
-57.625, 86.875, 5.018030337580197e-22, nan 
-57.375, 86.875, 4.764056502243246e-22, nan 
-57.125, 86.875, 3.997233992144806e-22, nan 
-56.875, 86.875, 3.2468507318659216e-22, nan 
-56.625, 86.875, 2.7985980198363603e-22, nan 
-56.375, 86.875, 2.0576665670353956e-22, nan 
-56.125, 86.875, 1.6606437204857506e-22, nan 
-55.875, 86.875, 1.4487156595236064e-22, nan 
-55.625, 86.875, 1.4431784477245837e-22, nan 
-55.375, 86.875, 1.416520999864415e-22, nan 
-55.125, 86.875, 1.4884870660276915e-22, nan 
-54.875, 86.875, 1.6259712874584457e-22, nan 
-54.625, 86.875, 1.7331282844927119e-22, nan 
-54.375, 86.875, 1.876452756296725e-22, nan 
-54.125, 86.875, 1.9227245693314342e-22, nan 
-53.875, 86.875, 2.0623942288556825e-22, nan 
-53.625, 86.875, 2.0870801913267792e-22, nan 
-53.375, 86.875, 2.149882914598232e-22, nan 
-53.125, 86.875, 2.1477995675604267e-22, nan 
-52.875, 86.875, 2.080437135406146e-22, nan 
-52.625, 86.875, 2.1162287636680241e-22, nan 
-52.375, 86.875, 1.9400608893755655e-22, nan 
-52.125, 86.875, 1.7375704694207797e-22, nan 
-51.875, 86.875, 1.6150583199031622e-22, nan 
-51.625, 86.875, 1.4931782941267816e-22, nan 
-51.375, 86.875, 1.415446451798326e-22, nan 
-51.125, 86.875, 1.3359124216966995e-22, nan 
-50.875, 86.875, 1.2585343255772542e-22, nan 
-50.625, 86.875, 1.2271284040366074e-22, nan 
-50.375, 86.875, 1.1719926401536633e-22, nan 
-50.125, 86.875, 1.1377625568346863e-22, nan 
-49.875, 86.875, 1.0992378178286014e-22, nan 
-49.625, 86.875, 1.076678065167576e-22, nan 
-49.375, 86.875, 1.066782677775208e-22, nan 
-49.125, 86.875, 1.0614794608977946e-22, nan 
-48.875, 86.875, 1.048239529338899e-22, nan 
-48.625, 86.875, 1.0417981029192579e-22, nan 
-48.375, 86.875, 1.0320384257241862e-22, nan 
-48.125, 86.875, 1.0232539521622081e-22, nan 
-47.875, 86.875, 9.888167805827546e-23, nan 
-47.625, 86.875, 9.471023273852526e-23, nan 
-47.375, 86.875, 9.122030381836525e-23, nan 
-47.125, 86.875, 8.879145838691942e-23, nan 
-46.875, 86.875, 9.142960114904964e-23, nan 
-46.625, 86.875, 9.578598666725396e-23, nan 
-46.375, 86.875, 9.805350072170024e-23, nan 
-46.125, 86.875, 1.6117655181307012e-22, nan 
-45.875, 86.875, 2.362586265492397e-22, nan 
-45.625, 86.875, 4.325501682675161e-22, nan 
-45.375, 86.875, 5.302507372535154e-22, nan 
-45.125, 86.875, 5.178837501498761e-22, nan 
-44.875, 86.875, 5.065411505522427e-22, nan 
-44.625, 86.875, 5.092520751130392e-22, nan 
-44.375, 86.875, 5.167117869608098e-22, nan 
-44.125, 86.875, 5.186597264717517e-22, nan 
-43.875, 86.875, 5.206560131201523e-22, nan 
-43.625, 86.875, 5.198169236989213e-22, nan 
-43.375, 86.875, 5.329665048252112e-22, nan 
-43.125, 86.875, 5.5347068482931935e-22, nan 
-42.875, 86.875, 5.646482338249725e-22, nan 
-42.625, 86.875, 5.481768556773485e-22, nan 
-42.375, 86.875, 5.437092013494907e-22, nan 
-42.125, 86.875, 5.625631224530053e-22, nan 
-41.875, 86.875, 5.629771554664336e-22, nan 
-41.625, 86.875, 5.68771784949408e-22, nan 
-41.375, 86.875, 5.739789144155077e-22, nan 
-41.125, 86.875, 5.791823896360224e-22, nan 
-40.875, 86.875, 5.7050868594471235e-22, nan 
-40.625, 86.875, 5.811335690658275e-22, nan 
-40.375, 86.875, 5.963296477522292e-22, nan 
-40.125, 86.875, 5.925414195159144e-22, nan 
-39.875, 86.875, 6.027736469332066e-22, nan 
-39.625, 86.875, 6.036534652158693e-22, nan 
-39.375, 86.875, 6.137073762967518e-22, nan 
-39.125, 86.875, 5.931444017410983e-22, nan 
-38.875, 86.875, 5.801288778962996e-22, nan 
-38.625, 86.875, 5.586151388798787e-22, nan 
-38.375, 86.875, 5.434621254663147e-22, nan 
-38.125, 86.875, 5.489645551392693e-22, nan 
-37.875, 86.875, 5.360448478921397e-22, nan 
-37.625, 86.875, 5.152264335179038e-22, nan 
-37.375, 86.875, 4.99148832649417e-22, nan 
-37.125, 86.875, 4.971662545990669e-22, nan 
-36.875, 86.875, 5.027157242989813e-22, nan 
-36.625, 86.875, 5.0915720621432945e-22, nan 
-36.375, 86.875, 5.244447987374092e-22, nan 
-36.125, 86.875, 5.403532173261081e-22, nan 
-35.875, 86.875, 5.536303301459619e-22, nan 
-35.625, 86.875, 5.545024090043291e-22, nan 
-35.375, 86.875, 5.63034354179377e-22, nan 
-35.125, 86.875, 5.519586893576779e-22, nan 
-34.875, 86.875, 5.504921496584979e-22, nan 
-34.625, 86.875, 5.489311854374944e-22, nan 
-34.375, 86.875, 5.488649151686509e-22, nan 
-34.125, 86.875, 5.396415670876305e-22, nan 
-33.875, 86.875, 5.340674083322573e-22, nan 
-33.625, 86.875, 5.258007746694905e-22, nan 
-33.375, 86.875, 5.1389493930399e-22, nan 
-33.125, 86.875, 5.005341772225508e-22, nan 
-32.875, 86.875, 4.852082524896685e-22, nan 
-32.625, 86.875, 4.758140183261066e-22, nan 
-32.375, 86.875, 4.501967018559891e-22, nan 
-32.125, 86.875, 4.283583211258186e-22, nan 
-31.875, 86.875, 4.1108167898976063e-22, nan 
-31.625, 86.875, 4.189752115350061e-22, nan 
-31.375, 86.875, 4.388488908453787e-22, nan 
-31.125, 86.875, 4.593291528438357e-22, nan 
-30.875, 86.875, 4.653366169234689e-22, nan 
-30.625, 86.875, 4.863971410880167e-22, nan 
-30.375, 86.875, 4.920810737153725e-22, nan 
-30.125, 86.875, 4.94887849676698e-22, nan 
-29.875, 86.875, 5.112969533035817e-22, nan 
-29.625, 86.875, 5.230558769136737e-22, nan 
-29.375, 86.875, 5.243472205736165e-22, nan 
-29.125, 86.875, 5.103907231900469e-22, nan 
-28.875, 86.875, 4.932177516448413e-22, nan 
-28.625, 86.875, 4.773609332192572e-22, nan 
-28.375, 86.875, 4.650805206146985e-22, nan 
-28.125, 86.875, 4.524520731884769e-22, nan 
-27.875, 86.875, 4.352730404965564e-22, nan 
-27.625, 86.875, 4.1290111742074033e-22, nan 
-27.375, 86.875, 3.950373798824084e-22, nan 
-27.125, 86.875, 3.7549340958323144e-22, nan 
-26.875, 86.875, 3.5467450404680715e-22, nan 
-26.625, 86.875, 3.475036498237764e-22, nan 
-26.375, 86.875, 3.481318555612063e-22, nan 
-26.125, 86.875, 3.4996025408681306e-22, nan 
-25.875, 86.875, 3.4820909708799013e-22, nan 
-25.625, 86.875, 3.416982625656071e-22, nan 
-25.375, 86.875, 3.391412250573886e-22, nan 
-25.125, 86.875, 3.34544328230258e-22, nan 
-24.875, 86.875, 3.3196605137270263e-22, nan 
-24.625, 86.875, 3.3191664755850833e-22, nan 
-24.375, 86.875, 3.3151600160370923e-22, nan 
-24.125, 86.875, 3.27157127586514e-22, nan 
-23.875, 86.875, 3.2852271502382417e-22, nan 
-23.625, 86.875, 3.281700430335185e-22, nan 
-23.375, 86.875, 3.1717827907600234e-22, nan 
-23.125, 86.875, 3.1321487496984677e-22, nan 
-22.875, 86.875, 3.0551113748187784e-22, nan 
-22.625, 86.875, 3.003031895403861e-22, nan 
-22.375, 86.875, 3.0440432959069177e-22, nan 
-22.125, 86.875, 3.1409939279593178e-22, nan 
-21.875, 86.875, 3.223836860251924e-22, nan 
-21.625, 86.875, 3.400334270934545e-22, nan 
-21.375, 86.875, 3.52027467986524e-22, nan 
-21.125, 86.875, 3.688599246243298e-22, nan 
-20.875, 86.875, 3.7957389877185675e-22, nan 
-20.625, 86.875, 3.85163149206088e-22, nan 
-20.375, 86.875, 3.990205895461393e-22, nan 
-20.125, 86.875, 4.034202828838627e-22, nan 
-19.875, 86.875, 4.0530306171179037e-22, nan 
-19.625, 86.875, 4.113304124852566e-22, nan 
-19.375, 86.875, 4.1518097062706325e-22, nan 
-19.125, 86.875, 4.2202456436032817e-22, nan 
-18.875, 86.875, 4.287014834692071e-22, nan 
-18.625, 86.875, 4.291070466616087e-22, nan 
-18.375, 86.875, 4.289688530776523e-22, nan 
-18.125, 86.875, 4.2337293906516343e-22, nan 
-17.875, 86.875, 4.181651736383755e-22, nan 
-17.625, 86.875, 4.170338974490504e-22, nan 
-17.375, 86.875, 4.1358650841428826e-22, nan 
-17.125, 86.875, 4.0317289392679067e-22, nan 
-16.875, 86.875, 3.875530901316098e-22, nan 
-16.625, 86.875, 3.734328510189728e-22, nan 
-16.375, 86.875, 3.5066228468185995e-22, nan 
-16.125, 86.875, 3.3003822232878887e-22, nan 
-15.875, 86.875, 3.0280274566737313e-22, nan 
-15.625, 86.875, 2.337734113623237e-22, nan 
-15.375, 86.875, 1.9259358959003308e-22, nan 
-15.125, 86.875, 1.5244524643007706e-22, nan 
-14.875, 86.875, 1.2547307851974334e-22, nan 
-14.625, 86.875, 9.583575045117253e-23, nan 
-14.375, 86.875, 8.264561636946843e-23, nan 
-14.125, 86.875, 7.314397637160449e-23, nan 
-13.875, 86.875, 6.687470373644156e-23, nan 
-13.625, 86.875, 6.447621355341512e-23, nan 
-13.375, 86.875, 5.949210383398972e-23, nan 
-13.125, 86.875, 5.498045138348537e-23, nan 
-12.875, 86.875, 5.639391628474807e-23, nan 
-12.625, 86.875, 6.30534653929401e-23, nan 
-12.375, 86.875, 6.698385116220027e-23, nan 
-12.125, 86.875, 7.069843213337267e-23, nan 
-11.875, 86.875, 7.327649027498856e-23, nan 
-11.625, 86.875, 7.437688802162203e-23, nan 
-11.375, 86.875, 7.162488191175072e-23, nan 
-11.125, 86.875, 7.100560934405428e-23, nan 
-10.875, 86.875, 7.024552792288151e-23, nan 
-10.625, 86.875, 6.896298519480206e-23, nan 
-10.375, 86.875, 6.866137663788372e-23, nan 
-10.125, 86.875, 7.05615307428377e-23, nan 
-9.875, 86.875, 7.289114141125e-23, nan 
-9.625, 86.875, 8.023224892909603e-23, nan 
-9.375, 86.875, 8.726506953754541e-23, nan 
-9.125, 86.875, 9.629358510379542e-23, nan 
-8.875, 86.875, 1.041288897958582e-22, nan 
-8.625, 86.875, 1.1086581847225575e-22, nan 
-8.375, 86.875, 1.1532628870675696e-22, nan 
-8.125, 86.875, 1.2050821811394863e-22, nan 
-7.875, 86.875, 1.2255660913522848e-22, nan 
-7.625, 86.875, 1.233604737503293e-22, nan 
-7.375, 86.875, 1.2593353885425304e-22, nan 
-7.125, 86.875, 1.2851738959382186e-22, nan 
-6.875, 86.875, 1.2904607028932027e-22, nan 
-6.625, 86.875, 1.2892473002095967e-22, nan 
-6.375, 86.875, 1.2266072168406493e-22, nan 
-6.125, 86.875, 1.1316690397787404e-22, nan 
-5.875, 86.875, 1.0335416659191768e-22, nan 
-5.625, 86.875, 9.174875996202457e-23, nan 
-5.375, 86.875, 8.310094982873003e-23, nan 
-5.125, 86.875, 7.597468564193772e-23, nan 
-4.875, 86.875, 6.740320761314537e-23, nan 
-4.625, 86.875, 6.069928505414407e-23, nan 
-4.375, 86.875, 5.987661012842168e-23, nan 
-4.125, 86.875, 5.979882663320615e-23, nan 
-3.875, 86.875, 6.262246620650687e-23, nan 
-3.625, 86.875, 6.683837420738458e-23, nan 
-3.375, 86.875, 7.342014328997581e-23, nan 
-3.125, 86.875, 8.178958545990701e-23, nan 
-2.875, 86.875, 9.235007115240485e-23, nan 
-2.625, 86.875, 1.083396557635846e-22, nan 
-2.375, 86.875, 1.2596783103720913e-22, nan 
-2.125, 86.875, 1.3631933968817533e-22, nan 
-1.875, 86.875, 1.400918908048297e-22, nan 
-1.625, 86.875, 1.3829397479705254e-22, nan 
-1.375, 86.875, 1.4062692500357113e-22, nan 
-1.125, 86.875, 1.6495979932709792e-22, nan 
-0.875, 86.875, 1.9982977786920308e-22, nan 
-0.625, 86.875, 2.0864234894167768e-22, nan 
-0.375, 86.875, 2.146261143466086e-22, nan 
-0.125, 86.875, 2.0735629290668938e-22, nan 
0.125, 86.875, 1.9541828488075753e-22, nan 
0.375, 86.875, 1.8464464416530468e-22, nan 
0.625, 86.875, 1.6848158205141289e-22, nan 
0.875, 86.875, 1.473466552149989e-22, nan 
1.125, 86.875, 1.2704822808596014e-22, nan 
1.375, 86.875, 1.2851183305854728e-22, nan 
1.625, 86.875, 1.4253357335129722e-22, nan 
1.875, 86.875, 1.7152005685097355e-22, nan 
2.125, 86.875, 2.0874627613457378e-22, nan 
2.375, 86.875, 2.41676122558547e-22, nan 
2.625, 86.875, 2.602068848890693e-22, nan 
2.875, 86.875, 2.7330462764971387e-22, nan 
3.125, 86.875, 2.7494566470834503e-22, nan 
3.375, 86.875, 2.6429531892889647e-22, nan 
3.625, 86.875, 2.5507671665869433e-22, nan 
3.875, 86.875, 2.4387378423838157e-22, nan 
4.125, 86.875, 2.2522203969800706e-22, nan 
4.375, 86.875, 2.0880110345886219e-22, nan 
4.625, 86.875, 2.0374452427780606e-22, nan 
4.875, 86.875, 2.0170497334332094e-22, nan 
5.125, 86.875, 2.0546650798550652e-22, nan 
5.375, 86.875, 2.132882662445294e-22, nan 
5.625, 86.875, 2.2180718865020567e-22, nan 
5.875, 86.875, 2.3276819795161315e-22, nan 
6.125, 86.875, 2.4381050330754184e-22, nan 
6.375, 86.875, 2.5340943662965343e-22, nan 
6.625, 86.875, 2.631468466867735e-22, nan 
6.875, 86.875, 2.734433706834187e-22, nan 
7.125, 86.875, 2.7943495056712196e-22, nan 
7.375, 86.875, 2.835810097896508e-22, nan 
7.625, 86.875, 2.891430461571171e-22, nan 
7.875, 86.875, 2.9027365922169463e-22, nan 
8.125, 86.875, 2.8470768907652486e-22, nan 
8.375, 86.875, 2.8007549688787954e-22, nan 
8.625, 86.875, 2.735749406901404e-22, nan 
8.875, 86.875, 2.6430309745776903e-22, nan 
9.125, 86.875, 2.5317043895155864e-22, nan 
9.375, 86.875, 2.514328266414826e-22, nan 
9.625, 86.875, 2.5195635753897403e-22, nan 
9.875, 86.875, 2.517886383397276e-22, nan 
10.125, 86.875, 2.2672212447921995e-22, nan 
10.375, 86.875, 1.968503839734538e-22, nan 
10.625, 86.875, 1.8552738610496373e-22, nan 
10.875, 86.875, 1.6208305637967341e-22, nan 
11.125, 86.875, 1.526244918238238e-22, nan 
11.375, 86.875, 1.434787498167193e-22, nan 
11.625, 86.875, 1.3714738843915672e-22, nan 
11.875, 86.875, 1.287018945618846e-22, nan 
12.125, 86.875, 1.2463277289414046e-22, nan 
12.375, 86.875, 1.243435099300242e-22, nan 
12.625, 86.875, 1.2222891092261499e-22, nan 
12.875, 86.875, 1.1658656393217392e-22, nan 
13.125, 86.875, 1.1222013287261212e-22, nan 
13.375, 86.875, 1.081000624593257e-22, nan 
13.625, 86.875, 1.0395618088586291e-22, nan 
13.875, 86.875, 9.800602393854984e-23, nan 
14.125, 86.875, 9.744684165030723e-23, nan 
14.375, 86.875, 9.334487120104606e-23, nan 
14.625, 86.875, 8.885394034463836e-23, nan 
14.875, 86.875, 8.283814302735374e-23, nan 
15.125, 86.875, 7.98573520189643e-23, nan 
15.375, 86.875, 7.720504201952244e-23, nan 
15.625, 86.875, 7.338807113497596e-23, nan 
15.875, 86.875, 6.942829770280473e-23, nan 
16.125, 86.875, 6.331430703938544e-23, nan 
16.375, 86.875, 5.9779733394675e-23, nan 
16.625, 86.875, 5.839963089925905e-23, nan 
16.875, 86.875, 5.730742072553329e-23, nan 
17.125, 86.875, 5.529183063803422e-23, nan 
17.375, 86.875, 5.0969551090729956e-23, nan 
17.625, 86.875, 4.8205746189648506e-23, nan 
17.875, 86.875, 4.402162558528386e-23, nan 
18.125, 86.875, 4.1448975130279964e-23, nan 
18.375, 86.875, 4.6652871049983015e-23, nan 
18.625, 86.875, 5.498053125853956e-23, nan 
18.875, 86.875, 6.571131263147271e-23, nan 
19.125, 86.875, 8.717079396422548e-23, nan 
19.375, 86.875, 1.1269095477623518e-22, nan 
19.625, 86.875, 1.2619777910748446e-22, nan 
19.875, 86.875, 1.367299519909415e-22, nan 
20.125, 86.875, 1.4723202773912706e-22, nan 
20.375, 86.875, 1.459444275916477e-22, nan 
20.625, 86.875, 1.440925331300411e-22, nan 
20.875, 86.875, 1.413566575698676e-22, nan 
21.125, 86.875, 1.345390717570708e-22, nan 
21.375, 86.875, 1.3023980537065753e-22, nan 
21.625, 86.875, 1.2513395452941497e-22, nan 
21.875, 86.875, 1.2564814704585334e-22, nan 
22.125, 86.875, 1.0773525749366607e-22, nan 
22.375, 86.875, 9.270499690282762e-23, nan 
22.625, 86.875, 8.354490726859294e-23, nan 
22.875, 86.875, 7.919021009083164e-23, nan 
23.125, 86.875, 1.0289078975727141e-22, nan 
23.375, 86.875, 1.379605543153238e-22, nan 
23.625, 86.875, 1.6940898941767587e-22, nan 
23.875, 86.875, 2.171781947219712e-22, nan 
24.125, 86.875, 2.66020179656087e-22, nan 
24.375, 86.875, 2.7812569464337515e-22, nan 
24.625, 86.875, 2.6612801124122283e-22, nan 
24.875, 86.875, 2.585818991851302e-22, nan 
25.125, 86.875, 2.5656538845999652e-22, nan 
25.375, 86.875, 2.5890749142811555e-22, nan 
25.625, 86.875, 2.6512729294733854e-22, nan 
25.875, 86.875, 2.5642210864103267e-22, nan 
26.125, 86.875, 2.5367481734061976e-22, nan 
26.375, 86.875, 2.5478546212014725e-22, nan 
26.625, 86.875, 2.6282523693660845e-22, nan 
26.875, 86.875, 2.0259043045464643e-22, nan 
27.125, 86.875, 1.6273664843129053e-22, nan 
27.375, 86.875, 1.4431139015133384e-22, nan 
27.625, 86.875, 1.4056082298752836e-22, nan 
27.875, 86.875, 1.4718226462407985e-22, nan 
28.125, 86.875, 1.61198963111084e-22, nan 
28.375, 86.875, 1.7408603463609025e-22, nan 
28.625, 86.875, 1.9893034734407483e-22, nan 
28.875, 86.875, 2.257877060718622e-22, nan 
29.125, 86.875, 2.3790227082805942e-22, nan 
29.375, 86.875, 2.4217074065892005e-22, nan 
29.625, 86.875, 2.528088566045511e-22, nan 
29.875, 86.875, 2.57293860382609e-22, nan 
30.125, 86.875, 2.573802475957166e-22, nan 
30.375, 86.875, 2.5783571302665666e-22, nan 
30.625, 86.875, 2.616163474936981e-22, nan 
30.875, 86.875, 2.6156946205765107e-22, nan 
31.125, 86.875, 2.6198708923248052e-22, nan 
31.375, 86.875, 2.5407875883115e-22, nan 
31.625, 86.875, 2.281954745821801e-22, nan 
31.875, 86.875, 2.0533950261866984e-22, nan 
32.125, 86.875, 1.903681852979001e-22, nan 
32.375, 86.875, 1.8282116381701373e-22, nan 
32.625, 86.875, 1.7847586312655854e-22, nan 
32.875, 86.875, 1.7717665840656364e-22, nan 
33.125, 86.875, 1.843407936366808e-22, nan 
33.375, 86.875, 1.898822673935808e-22, nan 
33.625, 86.875, 1.805370294415646e-22, nan 
33.875, 86.875, 1.5669917897107513e-22, nan 
34.125, 86.875, 1.4312595471231271e-22, nan 
34.375, 86.875, 1.1184643961612273e-22, nan 
34.625, 86.875, 9.51001178927518e-23, nan 
34.875, 86.875, 8.167533206320569e-23, nan 
35.125, 86.875, 7.384698565452624e-23, nan 
35.375, 86.875, 7.124192944982231e-23, nan 
35.625, 86.875, 6.794251107231657e-23, nan 
35.875, 86.875, 6.156828295799774e-23, nan 
36.125, 86.875, 5.986302828105347e-23, nan 
36.375, 86.875, 5.883599793988533e-23, nan 
36.625, 86.875, 5.253940747588584e-23, nan 
36.875, 86.875, 5.1050500892167137e-23, nan 
37.125, 86.875, 4.819809556915088e-23, nan 
37.375, 86.875, 4.8316652007601483e-23, nan 
37.625, 86.875, 4.9888672908954096e-23, nan 
37.875, 86.875, 5.105704666138438e-23, nan 
38.125, 86.875, 5.511073831159733e-23, nan 
38.375, 86.875, 5.73905220248507e-23, nan 
38.625, 86.875, 5.964216969717989e-23, nan 
38.875, 86.875, 6.392609832498297e-23, nan 
39.125, 86.875, 6.615884300123803e-23, nan 
39.375, 86.875, 6.820522657612503e-23, nan 
39.625, 86.875, 7.103997793152853e-23, nan 
39.875, 86.875, 7.23464652903674e-23, nan 
40.125, 86.875, 7.297184727056476e-23, nan 
40.375, 86.875, 7.473839501420916e-23, nan 
40.625, 86.875, 7.548338130027009e-23, nan 
40.875, 86.875, 7.643727247151869e-23, nan 
41.125, 86.875, 7.659432904379387e-23, nan 
41.375, 86.875, 7.483632800435306e-23, nan 
41.625, 86.875, 7.411158300216631e-23, nan 
41.875, 86.875, 7.149235043552171e-23, nan 
42.125, 86.875, 7.074036916295447e-23, nan 
42.375, 86.875, 6.856594337813712e-23, nan 
42.625, 86.875, 6.625183859485463e-23, nan 
42.875, 86.875, 6.282302875535158e-23, nan 
43.125, 86.875, 6.087978580097187e-23, nan 
43.375, 86.875, 5.895574861750658e-23, nan 
43.625, 86.875, 5.913740084860281e-23, nan 
43.875, 86.875, 5.98266910831922e-23, nan 
44.125, 86.875, 6.015324022706308e-23, nan 
44.375, 86.875, 6.062980068436788e-23, nan 
44.625, 86.875, 6.180191330024978e-23, nan 
44.875, 86.875, 6.305476316959855e-23, nan 
45.125, 86.875, 6.363561122987448e-23, nan 
45.375, 86.875, 6.458307333324747e-23, nan 
45.625, 86.875, 7.014969338769005e-23, nan 
45.875, 86.875, 8.550969584173401e-23, nan 
46.125, 86.875, 1.0522522068860241e-22, nan 
46.375, 86.875, 1.295191712607849e-22, nan 
46.625, 86.875, 1.5393884990168467e-22, nan 
46.875, 86.875, 1.748115301974135e-22, nan 
47.125, 86.875, 1.9030217032507734e-22, nan 
47.375, 86.875, 2.053880038888612e-22, nan 
47.625, 86.875, 2.1895319259937103e-22, nan 
47.875, 86.875, 2.3360558463223447e-22, nan 
48.125, 86.875, 2.459570090638694e-22, nan 
48.375, 86.875, 2.5612654256123497e-22, nan 
48.625, 86.875, 2.628406886829531e-22, nan 
48.875, 86.875, 2.662621075272439e-22, nan 
49.125, 86.875, 2.664814423709544e-22, nan 
49.375, 86.875, 2.665247650889694e-22, nan 
49.625, 86.875, 2.6545782987241242e-22, nan 
49.875, 86.875, 2.628093994773135e-22, nan 
50.125, 86.875, 2.564277757962866e-22, nan 
50.375, 86.875, 2.4403055922880167e-22, nan 
50.625, 86.875, 2.30274741117833e-22, nan 
50.875, 86.875, 2.0981247502349765e-22, nan 
51.125, 86.875, 1.9727301170083039e-22, nan 
51.375, 86.875, 1.9697085049975184e-22, nan 
51.625, 86.875, 2.0550220888260961e-22, nan 
51.875, 86.875, 2.1442269346506995e-22, nan 
52.125, 86.875, 2.2763007824069906e-22, nan 
52.375, 86.875, 2.43716997425262e-22, nan 
52.625, 86.875, 2.692537693459553e-22, nan 
52.875, 86.875, 2.9326983826156685e-22, nan 
53.125, 86.875, 3.1651114245060443e-22, nan 
53.375, 86.875, 3.3873058875066292e-22, nan 
53.625, 86.875, 3.576360773797775e-22, nan 
53.875, 86.875, 3.746203340238103e-22, nan 
54.125, 86.875, 3.845804339768945e-22, nan 
54.375, 86.875, 3.873396343980253e-22, nan 
54.625, 86.875, 3.924832596208907e-22, nan 
54.875, 86.875, 3.8989377717859954e-22, nan 
55.125, 86.875, 3.8609676370771006e-22, nan 
55.375, 86.875, 3.869691133085376e-22, nan 
55.625, 86.875, 3.8892678660446675e-22, nan 
55.875, 86.875, 3.889986168855194e-22, nan 
56.125, 86.875, 4.0354296492612835e-22, nan 
56.375, 86.875, 4.0901117264253584e-22, nan 
56.625, 86.875, 3.969130636355571e-22, nan 
56.875, 86.875, 3.697654037258535e-22, nan 
57.125, 86.875, 3.478863850685755e-22, nan 
57.375, 86.875, 3.3007635722811144e-22, nan 
57.625, 86.875, 3.2468572178386515e-22, nan 
57.875, 86.875, 3.368603673662634e-22, nan 
58.125, 86.875, 3.616061123308399e-22, nan 
58.375, 86.875, 3.7052781866759375e-22, nan 
58.625, 86.875, 3.7695797799933483e-22, nan 
58.875, 86.875, 3.816743831254625e-22, nan 
59.125, 86.875, 3.851021824366716e-22, nan 
59.375, 86.875, 3.911415425189236e-22, nan 
59.625, 86.875, 3.9814173588095635e-22, nan 
59.875, 86.875, 4.044760738753371e-22, nan 
60.125, 86.875, 4.0864158570229503e-22, nan 
60.375, 86.875, 4.134970181993014e-22, nan 
60.625, 86.875, 4.151378033391959e-22, nan 
60.875, 86.875, 4.214912696001737e-22, nan 
61.125, 86.875, 4.2343146956398946e-22, nan 
61.375, 86.875, 4.140958883930533e-22, nan 
61.625, 86.875, 3.9707228363831662e-22, nan 
61.875, 86.875, 3.787770377634556e-22, nan 
62.125, 86.875, 3.582420031534499e-22, nan 
62.375, 86.875, 3.3987894012636297e-22, nan 
62.625, 86.875, 3.2160349373306054e-22, nan 
62.875, 86.875, 3.3265296200631483e-22, nan 
63.125, 86.875, 3.9695700675109367e-22, nan 
63.375, 86.875, 4.590521665667494e-22, nan 
63.625, 86.875, 5.283064825331374e-22, nan 
63.875, 86.875, 5.8168273795493845e-22, nan 
64.125, 86.875, 6.501385309576187e-22, nan 
64.375, 86.875, 7.132624359214861e-22, nan 
64.625, 86.875, 7.749955592866539e-22, nan 
64.875, 86.875, 8.23031497360225e-22, nan 
65.125, 86.875, 8.554413670934571e-22, nan 
65.375, 86.875, 8.729512715582321e-22, nan 
65.625, 86.875, 8.829778861165978e-22, nan 
65.875, 86.875, 8.944172759475427e-22, nan 
66.125, 86.875, 9.029891973864436e-22, nan 
66.375, 86.875, 9.179247198836143e-22, nan 
66.625, 86.875, 9.321082063455109e-22, nan 
66.875, 86.875, 9.475521891423882e-22, nan 
67.125, 86.875, 9.533679743278602e-22, nan 
67.375, 86.875, 9.238421594124907e-22, nan 
67.625, 86.875, 8.97238962131529e-22, nan 
67.875, 86.875, 9.01501838635624e-22, nan 
68.125, 86.875, 8.897735480667983e-22, nan 
68.375, 86.875, 7.885685687923735e-22, nan 
68.625, 86.875, 5.813979169609879e-22, nan 
68.875, 86.875, 5.115977921055805e-22, nan 
69.125, 86.875, 5.308268613687307e-22, nan 
69.375, 86.875, 6.130260955613695e-22, nan 
69.625, 86.875, 6.829232763527457e-22, nan 
69.875, 86.875, 7.316352949137436e-22, nan 
70.125, 86.875, 7.566266148097223e-22, nan 
70.375, 86.875, 7.874437569180478e-22, nan 
70.625, 86.875, 8.255991658846875e-22, nan 
70.875, 86.875, 8.494598756055722e-22, nan 
71.125, 86.875, 9.019991932916849e-22, nan 
71.375, 86.875, 9.596852998973617e-22, nan 
71.625, 86.875, 1.0093569934795354e-21, nan 
71.875, 86.875, 1.0228753884258158e-21, nan 
72.125, 86.875, 1.0127426151913149e-21, nan 
72.375, 86.875, 1.0020809051230504e-21, nan 
72.625, 86.875, 9.938695256812055e-22, nan 
72.875, 86.875, 9.863275719527626e-22, nan 
73.125, 86.875, 9.385237314884801e-22, nan 
73.375, 86.875, 8.487754313145031e-22, nan 
73.625, 86.875, 8.031444871502226e-22, nan 
73.875, 86.875, 7.694852909547545e-22, nan 
74.125, 86.875, 7.563054209625173e-22, nan 
74.375, 86.875, 7.473261683096454e-22, nan 
74.625, 86.875, 7.415808203916369e-22, nan 
74.875, 86.875, 7.39661535642817e-22, nan 
75.125, 86.875, 7.374004003107698e-22, nan 
75.375, 86.875, 7.452836660961545e-22, nan 
75.625, 86.875, 7.4820918674051915e-22, nan 
75.875, 86.875, 7.551439469592144e-22, nan 
76.125, 86.875, 7.602320052243694e-22, nan 
76.375, 86.875, 7.651571373446077e-22, nan 
76.625, 86.875, 7.085061948887816e-22, nan 
76.875, 86.875, 6.271178377617882e-22, nan 
77.125, 86.875, 5.7487895953133345e-22, nan 
77.375, 86.875, 4.247881907478365e-22, nan 
77.625, 86.875, 3.904797777570469e-22, nan 
77.875, 86.875, 3.5785571479124584e-22, nan 
78.125, 86.875, 3.443678430308388e-22, nan 
78.375, 86.875, 3.428471081628662e-22, nan 
78.625, 86.875, 3.5186395549477694e-22, nan 
78.875, 86.875, 3.672754766266841e-22, nan 
79.125, 86.875, 3.791973901125103e-22, nan 
79.375, 86.875, 3.8390231508133565e-22, nan 
79.625, 86.875, 3.872938001858846e-22, nan 
79.875, 86.875, 3.901335985633388e-22, nan 
80.125, 86.875, 3.8608585991076776e-22, nan 
80.375, 86.875, 3.753023217134984e-22, nan 
80.625, 86.875, 3.675150610656478e-22, nan 
80.875, 86.875, 3.6142874572509626e-22, nan 
81.125, 86.875, 3.5325830355228996e-22, nan 
81.375, 86.875, 3.513199869670012e-22, nan 
81.625, 86.875, 3.5877300640090416e-22, nan 
81.875, 86.875, 3.635789477013362e-22, nan 
82.125, 86.875, 3.659420467339463e-22, nan 
82.375, 86.875, 3.6688128559992665e-22, nan 
82.625, 86.875, 3.6957931066553087e-22, nan 
82.875, 86.875, 3.691915252515846e-22, nan 
83.125, 86.875, 3.6544300017267494e-22, nan 
83.375, 86.875, 3.5830022340704978e-22, nan 
83.625, 86.875, 3.498188012703686e-22, nan 
83.875, 86.875, 3.500079240741728e-22, nan 
84.125, 86.875, 3.516370645875477e-22, nan 
84.375, 86.875, 3.6061519411528906e-22, nan 
84.625, 86.875, 3.69264883759402e-22, nan 
84.875, 86.875, 3.653387669597371e-22, nan 
85.125, 86.875, 3.469355022083168e-22, nan 
85.375, 86.875, 3.333896051348688e-22, nan 
85.625, 86.875, 3.093822589749695e-22, nan 
85.875, 86.875, 2.8103728681220523e-22, nan 
86.125, 86.875, 2.6493035866360526e-22, nan 
86.375, 86.875, 2.6763744558455094e-22, nan 
86.625, 86.875, 2.62670800318939e-22, nan 
86.875, 86.875, 2.6398032121523834e-22, nan 
87.125, 86.875, 2.6198043085729804e-22, nan 
87.375, 86.875, 2.5102876997041817e-22, nan 
87.625, 86.875, 2.3008023621846453e-22, nan 
87.875, 86.875, 2.2201172534468535e-22, nan 
88.125, 86.875, 2.233492424923025e-22, nan 
88.375, 86.875, 2.332826903060622e-22, nan 
88.625, 86.875, 2.382604417961631e-22, nan 
88.875, 86.875, 2.5828944418951516e-22, nan 
89.125, 86.875, 2.7823554854132017e-22, nan 
89.375, 86.875, 2.958140991115249e-22, nan 
89.625, 86.875, 3.237534670731722e-22, nan 
89.875, 86.875, 3.37961916440059e-22, nan 
90.125, 86.875, 3.534648945549798e-22, nan 
90.375, 86.875, 3.7346790841515745e-22, nan 
90.625, 86.875, 3.779999179978085e-22, nan 
90.875, 86.875, 3.9378780141206063e-22, nan 
91.125, 86.875, 4.396648652910676e-22, nan 
91.375, 86.875, 4.66660308800914e-22, nan 
91.625, 86.875, 4.614996888024562e-22, nan 
91.875, 86.875, 4.245571019329545e-22, nan 
92.125, 86.875, 4.0975478027647293e-22, nan 
92.375, 86.875, 3.9987218740626235e-22, nan 
92.625, 86.875, 4.1739261141088594e-22, nan 
92.875, 86.875, 4.477238449419206e-22, nan 
93.125, 86.875, 5.3443208130242455e-22, nan 
93.375, 86.875, 6.245278151183831e-22, nan 
93.625, 86.875, 7.431574163094941e-22, nan 
93.875, 86.875, 9.164278382992675e-22, nan 
94.125, 86.875, 1.050909709538079e-21, nan 
94.375, 86.875, 1.126634304623241e-21, nan 
94.625, 86.875, 1.2330170649062446e-21, nan 
94.875, 86.875, 1.3209853736883273e-21, nan 
95.125, 86.875, 1.4011548535702698e-21, nan 
95.375, 86.875, 1.4494601542819413e-21, nan 
95.625, 86.875, 1.4919581804352583e-21, nan 
95.875, 86.875, 1.5321595411435437e-21, nan 
96.125, 86.875, 1.5524427936846068e-21, nan 
96.375, 86.875, 1.5580639681396775e-21, nan 
96.625, 86.875, 1.5590322075216685e-21, nan 
96.875, 86.875, 1.564575989013774e-21, nan 
97.125, 86.875, 1.5715454611361255e-21, nan 
97.375, 86.875, 1.5722645567030618e-21, nan 
97.625, 86.875, 1.5733356040533397e-21, nan 
97.875, 86.875, 1.5679740283985089e-21, nan 
98.125, 86.875, 1.5575575082482615e-21, nan 
98.375, 86.875, 1.5351465229949145e-21, nan 
98.625, 86.875, 1.5095635420163564e-21, nan 
98.875, 86.875, 1.4846237514592854e-21, nan 
99.125, 86.875, 1.4645566068951862e-21, nan 
99.375, 86.875, 1.4384662615339446e-21, nan 
99.625, 86.875, 1.4153301166781079e-21, nan 
99.875, 86.875, 1.4040408149886823e-21, nan 
100.125, 86.875, 1.4053003738386423e-21, nan 
100.375, 86.875, 1.4102724705875182e-21, nan 
100.625, 86.875, 1.4078506927906996e-21, nan 
100.875, 86.875, 1.4046148582703948e-21, nan 
101.125, 86.875, 1.437035072101244e-21, nan 
101.375, 86.875, 1.4474256941797548e-21, nan 
101.625, 86.875, 1.4856697396086871e-21, nan 
101.875, 86.875, 1.5153081804666114e-21, nan 
102.125, 86.875, 1.5757066841873986e-21, nan 
102.375, 86.875, 1.6133100933349021e-21, nan 
102.625, 86.875, 1.6358859356333006e-21, nan 
102.875, 86.875, 1.6408121769700197e-21, nan 
103.125, 86.875, 1.6469386226593996e-21, nan 
103.375, 86.875, 1.6423628060359232e-21, nan 
103.625, 86.875, 1.6746334086136516e-21, nan 
103.875, 86.875, 1.6571115863558947e-21, nan 
104.125, 86.875, 1.6097354458882435e-21, nan 
104.375, 86.875, 1.563004763779703e-21, nan 
104.625, 86.875, 1.5413567450017682e-21, nan 
104.875, 86.875, 1.5442159341109677e-21, nan 
105.125, 86.875, 1.4995095955271102e-21, nan 
105.375, 86.875, 1.5142637459385294e-21, nan 
105.625, 86.875, 1.4983223795482557e-21, nan 
105.875, 86.875, 1.3930794632978491e-21, nan 
106.125, 86.875, 1.3920544058153132e-21, nan 
106.375, 86.875, 1.3336466237079272e-21, nan 
106.625, 86.875, 1.3190985515162242e-21, nan 
106.875, 86.875, 1.3382262756061536e-21, nan 
107.125, 86.875, 1.380420716431704e-21, nan 
107.375, 86.875, 1.4313548150862468e-21, nan 
107.625, 86.875, 1.4477096032125023e-21, nan 
107.875, 86.875, 1.4631441169823396e-21, nan 
108.125, 86.875, 1.5074867333043096e-21, nan 
108.375, 86.875, 1.5529649815690211e-21, nan 
108.625, 86.875, 1.5911587397014146e-21, nan 
108.875, 86.875, 1.6068560943330015e-21, nan 
109.125, 86.875, 1.5930011882519794e-21, nan 
109.375, 86.875, 1.6073206888080272e-21, nan 
109.625, 86.875, 1.6202586998487114e-21, nan 
109.875, 86.875, 1.6203897455372512e-21, nan 
110.125, 86.875, 1.6585842087653019e-21, nan 
110.375, 86.875, 1.7175363047156598e-21, nan 
110.625, 86.875, 1.684523768447408e-21, nan 
110.875, 86.875, 1.7065248797561494e-21, nan 
111.125, 86.875, 1.6988376360249228e-21, nan 
111.375, 86.875, 1.7051734709512064e-21, nan 
111.625, 86.875, 1.675277768752765e-21, nan 
111.875, 86.875, 1.6488090117231065e-21, nan 
112.125, 86.875, 1.6509979720238276e-21, nan 
112.375, 86.875, 1.6683479067831555e-21, nan 
112.625, 86.875, 1.691959793857277e-21, nan 
112.875, 86.875, 1.7551975251687752e-21, nan 
113.125, 86.875, 1.792613712618474e-21, nan 
113.375, 86.875, 1.8252187796234526e-21, nan 
113.625, 86.875, 1.856816137763565e-21, nan 
113.875, 86.875, 1.9010289839070123e-21, nan 
114.125, 86.875, 1.9020025708290755e-21, nan 
114.375, 86.875, 1.8990359539366108e-21, nan 
114.625, 86.875, 1.9756532077604583e-21, nan 
114.875, 86.875, 1.9524074555211827e-21, nan 
115.125, 86.875, 1.9835486146594785e-21, nan 
115.375, 86.875, 2.020991291736154e-21, nan 
115.625, 86.875, 2.0357499028541447e-21, nan 
115.875, 86.875, 2.0585471875978535e-21, nan 
116.125, 86.875, 2.0628746159441763e-21, nan 
116.375, 86.875, 2.0270802314841323e-21, nan 
116.625, 86.875, 2.0420542756901845e-21, nan 
116.875, 86.875, 2.040389872840226e-21, nan 
117.125, 86.875, 2.0798275920823446e-21, nan 
117.375, 86.875, 2.0488222568399885e-21, nan 
117.625, 86.875, 2.0886257550909376e-21, nan 
117.875, 86.875, 2.0635824852987003e-21, nan 
118.125, 86.875, 2.0419579124797325e-21, nan 
118.375, 86.875, 1.953126198421373e-21, nan 
118.625, 86.875, 1.9446132708641366e-21, nan 
118.875, 86.875, 1.6163778188519637e-21, nan 
119.125, 86.875, 1.4467588297521425e-21, nan 
119.375, 86.875, 1.2068034923850846e-21, nan 
119.625, 86.875, 1.0547128502775642e-21, nan 
119.875, 86.875, 8.681138217149163e-22, nan 
120.125, 86.875, 7.129395354051234e-22, nan 
120.375, 86.875, 5.695688012801495e-22, nan 
120.625, 86.875, 4.844221384053901e-22, nan 
120.875, 86.875, 4.417499641098323e-22, nan 
121.125, 86.875, 4.1861277169654133e-22, nan 
121.375, 86.875, 4.0610971531051247e-22, nan 
121.625, 86.875, 4.050642442417658e-22, nan 
121.875, 86.875, 4.17152104848933e-22, nan 
122.125, 86.875, 4.552730771092438e-22, nan 
122.375, 86.875, 4.84841582017617e-22, nan 
122.625, 86.875, 4.979967119732607e-22, nan 
122.875, 86.875, 4.947349034942654e-22, nan 
123.125, 86.875, 4.776654342491317e-22, nan 
123.375, 86.875, 4.427749589360667e-22, nan 
123.625, 86.875, 3.988751142206308e-22, nan 
123.875, 86.875, 3.64541873240023e-22, nan 
124.125, 86.875, 3.2659195738958235e-22, nan 
124.375, 86.875, 3.0996431195035175e-22, nan 
124.625, 86.875, 3.0545702805034967e-22, nan 
124.875, 86.875, 2.945844111289392e-22, nan 
125.125, 86.875, 2.691777441381027e-22, nan 
125.375, 86.875, 2.520813141551624e-22, nan 
125.625, 86.875, 2.5269252803122984e-22, nan 
125.875, 86.875, 2.800015567337841e-22, nan 
126.125, 86.875, 2.950546668087114e-22, nan 
126.375, 86.875, 3.475268807639059e-22, nan 
126.625, 86.875, 4.832780859468407e-22, nan 
126.875, 86.875, 6.873419829595975e-22, nan 
127.125, 86.875, 8.148632807282695e-22, nan 
127.375, 86.875, 8.775987014923684e-22, nan 
127.625, 86.875, 9.060950329594492e-22, nan 
127.875, 86.875, 8.964331635257538e-22, nan 
128.125, 86.875, 8.193995416879443e-22, nan 
128.375, 86.875, 7.418866536182543e-22, nan 
128.625, 86.875, 6.900085273493579e-22, nan 
128.875, 86.875, 7.182082660669261e-22, nan 
129.125, 86.875, 7.847597148377768e-22, nan 
129.375, 86.875, 8.833907793362075e-22, nan 
129.625, 86.875, 9.503386010313892e-22, nan 
129.875, 86.875, 9.71569621787351e-22, nan 
130.125, 86.875, 9.948136074788028e-22, nan 
130.375, 86.875, 1.037952495616248e-21, nan 
130.625, 86.875, 1.0624625682767656e-21, nan 
130.875, 86.875, 1.0868736732193177e-21, nan 
131.125, 86.875, 1.1062180021505759e-21, nan 
131.375, 86.875, 1.1626640477844051e-21, nan 
131.625, 86.875, 1.2164409328044185e-21, nan 
131.875, 86.875, 1.2687337700451242e-21, nan 
132.125, 86.875, 1.3116801567400513e-21, nan 
132.375, 86.875, 1.3494739927795987e-21, nan 
132.625, 86.875, 1.3645968010835043e-21, nan 
132.875, 86.875, 1.3674697616006538e-21, nan 
133.125, 86.875, 1.3648274432189805e-21, nan 
133.375, 86.875, 1.358656101643926e-21, nan 
133.625, 86.875, 1.3614836124981154e-21, nan 
133.875, 86.875, 1.3464437686609237e-21, nan 
134.125, 86.875, 1.3133258911274801e-21, nan 
134.375, 86.875, 1.2051930365979471e-21, nan 
134.625, 86.875, 1.0976251481631327e-21, nan 
134.875, 86.875, 9.91981050163442e-22, nan 
135.125, 86.875, 9.092028705231895e-22, nan 
135.375, 86.875, 8.909029338001715e-22, nan 
135.625, 86.875, 9.116975657832849e-22, nan 
135.875, 86.875, 9.46485227970881e-22, nan 
136.125, 86.875, 1.0192104451352125e-21, nan 
136.375, 86.875, 1.086666970515862e-21, nan 
136.625, 86.875, 1.2279585201290284e-21, nan 
136.875, 86.875, 1.337440423357753e-21, nan 
137.125, 86.875, 1.4935294506208162e-21, nan 
137.375, 86.875, 1.6560944216370576e-21, nan 
137.625, 86.875, 1.778806700291593e-21, nan 
137.875, 86.875, 1.9304510675808606e-21, nan 
138.125, 86.875, 2.1713835091104304e-21, nan 
138.375, 86.875, 2.3819835915007886e-21, nan 
138.625, 86.875, 2.596005864511819e-21, nan 
138.875, 86.875, 2.737850663515269e-21, nan 
139.125, 86.875, 2.7906104835172325e-21, nan 
139.375, 86.875, 2.6130197190399604e-21, nan 
139.625, 86.875, 2.4393579610097914e-21, nan 
139.875, 86.875, 2.1884000755972143e-21, nan 
140.125, 86.875, 1.9513364326695674e-21, nan 
140.375, 86.875, 1.7463561635695126e-21, nan 
140.625, 86.875, 1.6096671396447591e-21, nan 
140.875, 86.875, 1.5716751171522524e-21, nan 
141.125, 86.875, 1.5974398647197909e-21, nan 
141.375, 86.875, 1.6781474900825984e-21, nan 
141.625, 86.875, 1.727027709066462e-21, nan 
141.875, 86.875, 1.7946851740247252e-21, nan 
142.125, 86.875, 1.8587566388688815e-21, nan 
142.375, 86.875, 1.904119918412863e-21, nan 
142.625, 86.875, 1.9127827847423233e-21, nan 
142.875, 86.875, 1.919749312384831e-21, nan 
143.125, 86.875, 1.932011775605483e-21, nan 
143.375, 86.875, 1.942360488053076e-21, nan 
143.625, 86.875, 1.9246424044531737e-21, nan 
143.875, 86.875, 1.885813224142551e-21, nan 
144.125, 86.875, 1.830458855480667e-21, nan 
144.375, 86.875, 1.775777088731518e-21, nan 
144.625, 86.875, 1.7687083453153176e-21, nan 
144.875, 86.875, 1.7636305496206227e-21, nan 
145.125, 86.875, 1.7834038641204495e-21, nan 
145.375, 86.875, 1.8174291458564767e-21, nan 
145.625, 86.875, 1.853258678493886e-21, nan 
145.875, 86.875, 1.861958166416656e-21, nan 
146.125, 86.875, 1.869274497716925e-21, nan 
146.375, 86.875, 1.8563153457348373e-21, nan 
146.625, 86.875, 1.8515564330382806e-21, nan 
146.875, 86.875, 1.858228782451841e-21, nan 
147.125, 86.875, 1.8755352889418384e-21, nan 
147.375, 86.875, 1.9293732985210177e-21, nan 
147.625, 86.875, 1.97165899831132e-21, nan 
147.875, 86.875, 1.980410254679606e-21, nan 
148.125, 86.875, 1.990525233014994e-21, nan 
148.375, 86.875, 2.0194796294007454e-21, nan 
148.625, 86.875, 2.0344164294228792e-21, nan 
148.875, 86.875, 2.0500887342808814e-21, nan 
149.125, 86.875, 2.0479819500466332e-21, nan 
149.375, 86.875, 2.019108471908783e-21, nan 
149.625, 86.875, 1.967096139863704e-21, nan 
149.875, 86.875, 1.9207292012423765e-21, nan 
150.125, 86.875, 1.913412527037585e-21, nan 
150.375, 86.875, 1.921696102435162e-21, nan 
150.625, 86.875, 1.900815754794638e-21, nan 
150.875, 86.875, 1.8743876667219463e-21, nan 
151.125, 86.875, 1.829370649626735e-21, nan 
151.375, 86.875, 1.7998565274728656e-21, nan 
151.625, 86.875, 1.8183071170646454e-21, nan 
151.875, 86.875, 1.861998028731269e-21, nan 
152.125, 86.875, 1.9292684304666015e-21, nan 
152.375, 86.875, 1.986090627048337e-21, nan 
152.625, 86.875, 1.903752188944299e-21, nan 
152.875, 86.875, 1.8100705301730354e-21, nan 
153.125, 86.875, 1.721770829060013e-21, nan 
153.375, 86.875, 1.6400626398958952e-21, nan 
153.625, 86.875, 1.5521811788749833e-21, nan 
153.875, 86.875, 1.466553096406952e-21, nan 
154.125, 86.875, 1.3320693499528378e-21, nan 
154.375, 86.875, 1.1877074516429983e-21, nan 
154.625, 86.875, 1.167100299482334e-21, nan 
154.875, 86.875, 1.427537938895862e-21, nan 
155.125, 86.875, 2.0380816827496064e-21, nan 
155.375, 86.875, 2.8045931562589824e-21, nan 
155.625, 86.875, 3.3076387810225644e-21, nan 
155.875, 86.875, 3.5860153329362565e-21, nan 
156.125, 86.875, 3.77551903316664e-21, nan 
156.375, 86.875, 3.916427874494088e-21, nan 
156.625, 86.875, 3.9834173668343e-21, nan 
156.875, 86.875, 4.076234005971568e-21, nan 
157.125, 86.875, 4.220422464467063e-21, nan 
157.375, 86.875, 4.444063373497093e-21, nan 
157.625, 86.875, 4.682001919544378e-21, nan 
157.875, 86.875, 4.947255958516989e-21, nan 
158.125, 86.875, 5.208523188889713e-21, nan 
158.375, 86.875, 5.343496032386829e-21, nan 
158.625, 86.875, 5.377020774142469e-21, nan 
158.875, 86.875, 5.357459212604681e-21, nan 
159.125, 86.875, 4.838503520228637e-21, nan 
159.375, 86.875, 4.2250833384794345e-21, nan 
159.625, 86.875, 3.790309738577047e-21, nan 
159.875, 86.875, 3.877141695392394e-21, nan 
160.125, 86.875, 4.627408518754412e-21, nan 
160.375, 86.875, 5.3153529726467904e-21, nan 
160.625, 86.875, 5.744292015238933e-21, nan 
160.875, 86.875, 6.095980436006714e-21, nan 
161.125, 86.875, 6.255555264382778e-21, nan 
161.375, 86.875, 6.450229077018689e-21, nan 
161.625, 86.875, 6.551195832570966e-21, nan 
161.875, 86.875, 6.62703353022318e-21, nan 
162.125, 86.875, 6.666275444464275e-21, nan 
162.375, 86.875, 6.749677049983237e-21, nan 
162.625, 86.875, 6.795745821275164e-21, nan 
162.875, 86.875, 6.789983056709744e-21, nan 
163.125, 86.875, 6.566543268868031e-21, nan 
163.375, 86.875, 6.195738144162212e-21, nan 
163.625, 86.875, 5.991771304578248e-21, nan 
163.875, 86.875, 5.230075555212199e-21, nan 
164.125, 86.875, 4.260306309739619e-21, nan 
164.375, 86.875, 3.233153647448262e-21, nan 
164.625, 86.875, 2.5101833968881898e-21, nan 
164.875, 86.875, 2.147627492489358e-21, nan 
165.125, 86.875, 2.4154453955137445e-21, nan 
165.375, 86.875, 2.6435801469965805e-21, nan 
165.625, 86.875, 3.018613155098782e-21, nan 
165.875, 86.875, 3.0373104555761612e-21, nan 
166.125, 86.875, 3.3693690451352845e-21, nan 
166.375, 86.875, 3.380296389081925e-21, nan 
166.625, 86.875, 3.316009675012929e-21, nan 
166.875, 86.875, 3.275801115048541e-21, nan 
167.125, 86.875, 3.2687478013557452e-21, nan 
167.375, 86.875, 3.169661825805504e-21, nan 
167.625, 86.875, 3.0728469370128427e-21, nan 
167.875, 86.875, 3.0229858523809713e-21, nan 
168.125, 86.875, 2.9040670958153173e-21, nan 
168.375, 86.875, 2.94710567314569e-21, nan 
168.625, 86.875, 2.919070873621653e-21, nan 
168.875, 86.875, 2.9199986904799847e-21, nan 
169.125, 86.875, 2.8983194282744937e-21, nan 
169.375, 86.875, 2.88206019557315e-21, nan 
169.625, 86.875, 2.773373304560554e-21, nan 
169.875, 86.875, 2.6359590958459244e-21, nan 
170.125, 86.875, 2.5361411220611845e-21, nan 
170.375, 86.875, 2.5058451933127633e-21, nan 
170.625, 86.875, 2.4639702658803576e-21, nan 
170.875, 86.875, 2.296782400088476e-21, nan 
171.125, 86.875, 2.2012019830757662e-21, nan 
171.375, 86.875, 1.963133866773457e-21, nan 
171.625, 86.875, 1.375903974116748e-21, nan 
171.875, 86.875, 1.3150660173445516e-21, nan 
172.125, 86.875, 1.9592129643560254e-21, nan 
172.375, 86.875, 2.9001693324482713e-21, nan 
172.625, 86.875, 3.6744659941244236e-21, nan 
172.875, 86.875, 4.407426195870135e-21, nan 
173.125, 86.875, 4.813873319819527e-21, nan 
173.375, 86.875, 4.918748341550758e-21, nan 
173.625, 86.875, 4.9103733856404326e-21, nan 
173.875, 86.875, 4.9079015977598825e-21, nan 
174.125, 86.875, 4.979450789078685e-21, nan 
174.375, 86.875, 5.0097252778983135e-21, nan 
174.625, 86.875, 5.263443463634265e-21, nan 
174.875, 86.875, 5.7165083564919845e-21, nan 
175.125, 86.875, 6.121836554229024e-21, nan 
175.375, 86.875, 5.805276826917232e-21, nan 
175.625, 86.875, 5.370969515165566e-21, nan 
175.875, 86.875, 5.161241037002796e-21, nan 
176.125, 86.875, 4.828663537947207e-21, nan 
176.375, 86.875, 3.9116379966449234e-21, nan 
176.625, 86.875, 3.374144644030256e-21, nan 
176.875, 86.875, 3.4828046817647836e-21, nan 
177.125, 86.875, 4.2913395508024915e-21, nan 
177.375, 86.875, 5.1759501421388575e-21, nan 
177.625, 86.875, 5.6398728015870064e-21, nan 
177.875, 86.875, 5.925143955059442e-21, nan 
178.125, 86.875, 5.950249908516926e-21, nan 
178.375, 86.875, 5.935452515703164e-21, nan 
178.625, 86.875, 5.8674676236090886e-21, nan 
178.875, 86.875, 5.811355482224725e-21, nan 
179.125, 86.875, 5.7335694235736055e-21, nan 
179.375, 86.875, 5.651426060855752e-21, nan 
179.625, 86.875, 5.647519220532901e-21, nan 
179.875, 86.875, 5.6672749581347464e-21, nan 
-179.875, 87.125, 1.1707687574905645e-21, nan 
-179.625, 87.125, 1.242135074029176e-21, nan 
-179.375, 87.125, 1.2771751952816318e-21, nan 
-179.125, 87.125, 1.3109283916309724e-21, nan 
-178.875, 87.125, 1.3483056421687097e-21, nan 
-178.625, 87.125, 1.3654322868709615e-21, nan 
-178.375, 87.125, 1.3676826911982277e-21, nan 
-178.125, 87.125, 1.360136883141639e-21, nan 
-177.875, 87.125, 1.3331747820678635e-21, nan 
-177.625, 87.125, 1.271498389225671e-21, nan 
-177.375, 87.125, 1.1825731003833388e-21, nan 
-177.125, 87.125, 1.1049125599269438e-21, nan 
-176.875, 87.125, 1.4957421277030693e-21, nan 
-176.625, 87.125, 1.5443785545485101e-21, nan 
-176.375, 87.125, 1.5901146455935795e-21, nan 
-176.125, 87.125, 1.763383255597436e-21, nan 
-175.875, 87.125, 1.4459218580634318e-21, nan 
-175.625, 87.125, 1.6026445709481037e-21, nan 
-175.375, 87.125, 2.241438952019645e-21, nan 
-175.125, 87.125, 2.4908543068637765e-21, nan 
-174.875, 87.125, 2.6649712332306564e-21, nan 
-174.625, 87.125, 2.8108441903776416e-21, nan 
-174.375, 87.125, 2.9085010244036708e-21, nan 
-174.125, 87.125, 2.730512300967181e-21, nan 
-173.875, 87.125, 2.2017320301804418e-21, nan 
-173.625, 87.125, 1.9173490564149736e-21, nan 
-173.375, 87.125, 1.761096250982678e-21, nan 
-173.125, 87.125, 2.5367917752242405e-21, nan 
-172.875, 87.125, 2.732394693406318e-21, nan 
-172.625, 87.125, 2.8490669213474575e-21, nan 
-172.375, 87.125, 2.850571541361102e-21, nan 
-172.125, 87.125, 2.7921666544027133e-21, nan 
-171.875, 87.125, 2.8398087974722595e-21, nan 
-171.625, 87.125, 2.8776414542500228e-21, nan 
-171.375, 87.125, 2.9405245762446386e-21, nan 
-171.125, 87.125, 3.0074029989207157e-21, nan 
-170.875, 87.125, 3.101616295595331e-21, nan 
-170.625, 87.125, 3.238592770161247e-21, nan 
-170.375, 87.125, 3.471844758985932e-21, nan 
-170.125, 87.125, 3.7835308536786096e-21, nan 
-169.875, 87.125, 4.1773532828640034e-21, nan 
-169.625, 87.125, 4.500142171087704e-21, nan 
-169.375, 87.125, 3.989323633817927e-21, nan 
-169.125, 87.125, 3.804377432022891e-21, nan 
-168.875, 87.125, 3.772906031071356e-21, nan 
-168.625, 87.125, 3.784109664596698e-21, nan 
-168.375, 87.125, 3.778507930897208e-21, nan 
-168.125, 87.125, 3.821995106816357e-21, nan 
-167.875, 87.125, 3.704516733702425e-21, nan 
-167.625, 87.125, 3.3579713324410986e-21, nan 
-167.375, 87.125, 3.0790626555013644e-21, nan 
-167.125, 87.125, 2.873136581938556e-21, nan 
-166.875, 87.125, 2.7696865177995123e-21, nan 
-166.625, 87.125, 2.700875407141671e-21, nan 
-166.375, 87.125, 2.6555671140028286e-21, nan 
-166.125, 87.125, 2.7113332196984833e-21, nan 
-165.875, 87.125, 3.1487341653681e-21, nan 
-165.625, 87.125, 2.474918002389976e-21, nan 
-165.375, 87.125, 2.3309987391683438e-21, nan 
-165.125, 87.125, 2.5252498030954497e-21, nan 
-164.875, 87.125, 2.9286625032743994e-21, nan 
-164.625, 87.125, 3.0953031876742503e-21, nan 
-164.375, 87.125, 3.1597219923924812e-21, nan 
-164.125, 87.125, 3.15660738488377e-21, nan 
-163.875, 87.125, 3.1473353792278882e-21, nan 
-163.625, 87.125, 3.045986908293563e-21, nan 
-163.375, 87.125, 2.9111056615100538e-21, nan 
-163.125, 87.125, 2.81949825681649e-21, nan 
-162.875, 87.125, 2.5880728647794252e-21, nan 
-162.625, 87.125, 2.4122804830835343e-21, nan 
-162.375, 87.125, 2.285960634183509e-21, nan 
-162.125, 87.125, 2.216646708970434e-21, nan 
-161.875, 87.125, 2.160351340057756e-21, nan 
-161.625, 87.125, 2.0841280637793513e-21, nan 
-161.375, 87.125, 1.9480895937614025e-21, nan 
-161.125, 87.125, 1.8122055299878653e-21, nan 
-160.875, 87.125, 1.5733514632321205e-21, nan 
-160.625, 87.125, 1.2847581402071724e-21, nan 
-160.375, 87.125, 1.0030429335417096e-21, nan 
-160.125, 87.125, 7.045711640657097e-22, nan 
-159.875, 87.125, 5.243711979097567e-22, nan 
-159.625, 87.125, 5.129809951946168e-22, nan 
-159.375, 87.125, 6.077245825716257e-22, nan 
-159.125, 87.125, 5.670003109133716e-22, nan 
-158.875, 87.125, 6.136779530014942e-22, nan 
-158.625, 87.125, 6.356284473997857e-22, nan 
-158.375, 87.125, 6.7094328588802205e-22, nan 
-158.125, 87.125, 7.750272153772972e-22, nan 
-157.875, 87.125, 7.818951844353791e-22, nan 
-157.625, 87.125, 7.431102643870186e-22, nan 
-157.375, 87.125, 5.940476641732414e-22, nan 
-157.125, 87.125, 4.396676345886641e-22, nan 
-156.875, 87.125, 3.2925583742010127e-22, nan 
-156.625, 87.125, 2.4366541173623493e-22, nan 
-156.375, 87.125, 1.7539561586253842e-22, nan 
-156.125, 87.125, 1.5955361773916348e-22, nan 
-155.875, 87.125, 3.0267633968380734e-22, nan 
-155.625, 87.125, 4.524781217165844e-22, nan 
-155.375, 87.125, 5.673840632058386e-22, nan 
-155.125, 87.125, 6.354774569601936e-22, nan 
-154.875, 87.125, 6.759725628439809e-22, nan 
-154.625, 87.125, 6.654116167693754e-22, nan 
-154.375, 87.125, 6.820129874357813e-22, nan 
-154.125, 87.125, 7.199384071600152e-22, nan 
-153.875, 87.125, 7.5359404588976575e-22, nan 
-153.625, 87.125, 9.181541871264967e-22, nan 
-153.375, 87.125, 1.1637989324568884e-21, nan 
-153.125, 87.125, 1.2707526025190318e-21, nan 
-152.875, 87.125, 1.2765268229338268e-21, nan 
-152.625, 87.125, 1.0895547402669363e-21, nan 
-152.375, 87.125, 9.10935836830796e-22, nan 
-152.125, 87.125, 7.947157222540808e-22, nan 
-151.875, 87.125, 7.431190012353406e-22, nan 
-151.625, 87.125, 7.361476548729645e-22, nan 
-151.375, 87.125, 7.526290583740518e-22, nan 
-151.125, 87.125, 7.8280575757074595e-22, nan 
-150.875, 87.125, 7.571031836760728e-22, nan 
-150.625, 87.125, 6.860589086628902e-22, nan 
-150.375, 87.125, 6.379311432865111e-22, nan 
-150.125, 87.125, 6.129293013303702e-22, nan 
-149.875, 87.125, 5.684706780831072e-22, nan 
-149.625, 87.125, 5.493362504320964e-22, nan 
-149.375, 87.125, 5.573289430522684e-22, nan 
-149.125, 87.125, 5.7711062811000895e-22, nan 
-148.875, 87.125, 6.761252161713186e-22, nan 
-148.625, 87.125, 8.33564667160781e-22, nan 
-148.375, 87.125, 9.143157732170976e-22, nan 
-148.125, 87.125, 9.232497951730326e-22, nan 
-147.875, 87.125, 8.071376608144967e-22, nan 
-147.625, 87.125, 6.603650289720952e-22, nan 
-147.375, 87.125, 5.4655905735261e-22, nan 
-147.125, 87.125, 5.125849867954927e-22, nan 
-146.875, 87.125, 4.995366017361464e-22, nan 
-146.625, 87.125, 4.56949068070161e-22, nan 
-146.375, 87.125, 4.180106910440916e-22, nan 
-146.125, 87.125, 3.8401188857744287e-22, nan 
-145.875, 87.125, 3.941393294032851e-22, nan 
-145.625, 87.125, 3.821509398691188e-22, nan 
-145.375, 87.125, 3.434044835199034e-22, nan 
-145.125, 87.125, 3.054738709830073e-22, nan 
-144.875, 87.125, 3.0272198497138184e-22, nan 
-144.625, 87.125, 3.150763454634461e-22, nan 
-144.375, 87.125, 3.4900323195198057e-22, nan 
-144.125, 87.125, 3.6269296789961123e-22, nan 
-143.875, 87.125, 2.87256178738582e-22, nan 
-143.625, 87.125, 2.5164420345464857e-22, nan 
-143.375, 87.125, 2.8073373586380177e-22, nan 
-143.125, 87.125, 2.7069871570884424e-22, nan 
-142.875, 87.125, 2.448271849460879e-22, nan 
-142.625, 87.125, 2.5871468674156958e-22, nan 
-142.375, 87.125, 2.876937724915883e-22, nan 
-142.125, 87.125, 3.0530237369439225e-22, nan 
-141.875, 87.125, 3.577735766934689e-22, nan 
-141.625, 87.125, 4.310804056316485e-22, nan 
-141.375, 87.125, 4.657642898171115e-22, nan 
-141.125, 87.125, 4.824850349901387e-22, nan 
-140.875, 87.125, 4.938346330786712e-22, nan 
-140.625, 87.125, 5.173210099729802e-22, nan 
-140.375, 87.125, 5.5022963147285045e-22, nan 
-140.125, 87.125, 5.893881098378232e-22, nan 
-139.875, 87.125, 6.364747157028949e-22, nan 
-139.625, 87.125, 6.751152524704757e-22, nan 
-139.375, 87.125, 7.106578755213078e-22, nan 
-139.125, 87.125, 7.3410665360184835e-22, nan 
-138.875, 87.125, 7.520056507989523e-22, nan 
-138.625, 87.125, 7.834372234451504e-22, nan 
-138.375, 87.125, 8.358984850089987e-22, nan 
-138.125, 87.125, 9.22390276895864e-22, nan 
-137.875, 87.125, 1.0309797637350772e-21, nan 
-137.625, 87.125, 1.1097443248936627e-21, nan 
-137.375, 87.125, 1.1864067234467478e-21, nan 
-137.125, 87.125, 1.2644259629592362e-21, nan 
-136.875, 87.125, 1.3331800829821669e-21, nan 
-136.625, 87.125, 1.3616011821147834e-21, nan 
-136.375, 87.125, 1.4002247286447632e-21, nan 
-136.125, 87.125, 1.3650011302484522e-21, nan 
-135.875, 87.125, 1.1343446853608147e-21, nan 
-135.625, 87.125, 7.984798757442831e-22, nan 
-135.375, 87.125, 5.704586938804716e-22, nan 
-135.125, 87.125, 4.86434467113665e-22, nan 
-134.875, 87.125, 4.684234521991685e-22, nan 
-134.625, 87.125, 4.73983593667378e-22, nan 
-134.375, 87.125, 4.731386595630098e-22, nan 
-134.125, 87.125, 4.542441131193632e-22, nan 
-133.875, 87.125, 4.587146840520416e-22, nan 
-133.625, 87.125, 4.668535622294335e-22, nan 
-133.375, 87.125, 4.319644979260828e-22, nan 
-133.125, 87.125, 3.9062029356067795e-22, nan 
-132.875, 87.125, 3.5457113230573707e-22, nan 
-132.625, 87.125, 3.353289566866857e-22, nan 
-132.375, 87.125, 3.238145588253057e-22, nan 
-132.125, 87.125, 2.853438149782959e-22, nan 
-131.875, 87.125, 2.598131639710709e-22, nan 
-131.625, 87.125, 2.4204037927231775e-22, nan 
-131.375, 87.125, 2.4446901137442425e-22, nan 
-131.125, 87.125, 2.702659411616e-22, nan 
-130.875, 87.125, 1.6083737677895803e-22, nan 
-130.625, 87.125, 1.7495844215247273e-22, nan 
-130.375, 87.125, 2.465835420667393e-22, nan 
-130.125, 87.125, 3.014571385165023e-22, nan 
-129.875, 87.125, 2.8179572191166954e-22, nan 
-129.625, 87.125, 2.3365804670781006e-22, nan 
-129.375, 87.125, 2.131034783421379e-22, nan 
-129.125, 87.125, 2.2035080458218675e-22, nan 
-128.875, 87.125, 2.155856091308696e-22, nan 
-128.625, 87.125, 2.3654605576763173e-22, nan 
-128.375, 87.125, 2.900156738389868e-22, nan 
-128.125, 87.125, 2.42049873350483e-22, nan 
-127.875, 87.125, 2.7952189749738283e-22, nan 
-127.625, 87.125, 2.8742831133257947e-22, nan 
-127.375, 87.125, 4.1131196427582756e-22, nan 
-127.125, 87.125, 3.4247788468676196e-22, nan 
-126.875, 87.125, 2.7120021739694553e-22, nan 
-126.625, 87.125, 2.969046365231163e-22, nan 
-126.375, 87.125, 3.130075330075215e-22, nan 
-126.125, 87.125, 3.130973357404018e-22, nan 
-125.875, 87.125, 3.181996647785971e-22, nan 
-125.625, 87.125, 3.1534163346187854e-22, nan 
-125.375, 87.125, 3.2398646741119044e-22, nan 
-125.125, 87.125, 3.296075089957228e-22, nan 
-124.875, 87.125, 3.442421198111319e-22, nan 
-124.625, 87.125, 3.5912725524654393e-22, nan 
-124.375, 87.125, 3.7312410072308224e-22, nan 
-124.125, 87.125, 3.9603431689990512e-22, nan 
-123.875, 87.125, 4.046585377665557e-22, nan 
-123.625, 87.125, 4.0746957676768013e-22, nan 
-123.375, 87.125, 4.149293951276058e-22, nan 
-123.125, 87.125, 4.191190217680203e-22, nan 
-122.875, 87.125, 4.214631552534024e-22, nan 
-122.625, 87.125, 4.311896701290257e-22, nan 
-122.375, 87.125, 4.287842294723624e-22, nan 
-122.125, 87.125, 4.198661558958332e-22, nan 
-121.875, 87.125, 4.0775910975227596e-22, nan 
-121.625, 87.125, 4.0482684960159095e-22, nan 
-121.375, 87.125, 3.9350864072263155e-22, nan 
-121.125, 87.125, 4.0274830406210737e-22, nan 
-120.875, 87.125, 4.068434899062123e-22, nan 
-120.625, 87.125, 4.301396847284612e-22, nan 
-120.375, 87.125, 4.628606664603567e-22, nan 
-120.125, 87.125, 5.240119192808797e-22, nan 
-119.875, 87.125, 6.169742206707147e-22, nan 
-119.625, 87.125, 6.402093551271466e-22, nan 
-119.375, 87.125, 6.630597937117681e-22, nan 
-119.125, 87.125, 6.889200587120952e-22, nan 
-118.875, 87.125, 7.220111216351619e-22, nan 
-118.625, 87.125, 7.65410478258026e-22, nan 
-118.375, 87.125, 8.03300600493927e-22, nan 
-118.125, 87.125, 8.226029388864259e-22, nan 
-117.875, 87.125, 8.387187038486736e-22, nan 
-117.625, 87.125, 8.611080135351753e-22, nan 
-117.375, 87.125, 9.544383886376826e-22, nan 
-117.125, 87.125, 9.66460982666003e-22, nan 
-116.875, 87.125, 1.0008074629637031e-21, nan 
-116.625, 87.125, 1.0395235704511194e-21, nan 
-116.375, 87.125, 1.0817321131289992e-21, nan 
-116.125, 87.125, 1.122876847567186e-21, nan 
-115.875, 87.125, 1.1424012160927454e-21, nan 
-115.625, 87.125, 1.142568244275878e-21, nan 
-115.375, 87.125, 1.1249143285693354e-21, nan 
-115.125, 87.125, 1.0971092221048262e-21, nan 
-114.875, 87.125, 1.0385926449837224e-21, nan 
-114.625, 87.125, 9.899182843189625e-22, nan 
-114.375, 87.125, 8.574746796489704e-22, nan 
-114.125, 87.125, 7.994048416661295e-22, nan 
-113.875, 87.125, 8.038243618334958e-22, nan 
-113.625, 87.125, 8.333720792983742e-22, nan 
-113.375, 87.125, 8.676410534981623e-22, nan 
-113.125, 87.125, 9.001003472381878e-22, nan 
-112.875, 87.125, 9.236191278611798e-22, nan 
-112.625, 87.125, 9.051674663497158e-22, nan 
-112.375, 87.125, 8.610065332936277e-22, nan 
-112.125, 87.125, 8.365601931928834e-22, nan 
-111.875, 87.125, 8.15994384035155e-22, nan 
-111.625, 87.125, 8.022473513877909e-22, nan 
-111.375, 87.125, 8.091439630078191e-22, nan 
-111.125, 87.125, 8.104711044520293e-22, nan 
-110.875, 87.125, 8.052470391926163e-22, nan 
-110.625, 87.125, 8.007525982121395e-22, nan 
-110.375, 87.125, 7.770641073764843e-22, nan 
-110.125, 87.125, 7.10030158758032e-22, nan 
-109.875, 87.125, 6.400287709471554e-22, nan 
-109.625, 87.125, 5.666132533672178e-22, nan 
-109.375, 87.125, 5.0638252494058e-22, nan 
-109.125, 87.125, 4.477030131484444e-22, nan 
-108.875, 87.125, 3.9647350796105343e-22, nan 
-108.625, 87.125, 3.5379628751745072e-22, nan 
-108.375, 87.125, 3.1888798497772137e-22, nan 
-108.125, 87.125, 2.871372228138932e-22, nan 
-107.875, 87.125, 2.6803298917122347e-22, nan 
-107.625, 87.125, 2.469917953020082e-22, nan 
-107.375, 87.125, 2.2540139800755917e-22, nan 
-107.125, 87.125, 2.0621977724290925e-22, nan 
-106.875, 87.125, 1.9001073277703807e-22, nan 
-106.625, 87.125, 1.7616630873052328e-22, nan 
-106.375, 87.125, 1.6634280837043698e-22, nan 
-106.125, 87.125, 1.563337798931539e-22, nan 
-105.875, 87.125, 1.5132429988341905e-22, nan 
-105.625, 87.125, 1.410861244938427e-22, nan 
-105.375, 87.125, 1.4075365857741753e-22, nan 
-105.125, 87.125, 1.2562688688157293e-22, nan 
-104.875, 87.125, 1.1565006150391763e-22, nan 
-104.625, 87.125, 1.0200175608174343e-22, nan 
-104.375, 87.125, 1.2793526290378082e-22, nan 
-104.125, 87.125, 1.1099102556220247e-22, nan 
-103.875, 87.125, 8.312650594761602e-23, nan 
-103.625, 87.125, 1.0430833983356848e-22, nan 
-103.375, 87.125, 1.3248443137424465e-22, nan 
-103.125, 87.125, 1.6295881982494327e-22, nan 
-102.875, 87.125, 2.139258169187997e-22, nan 
-102.625, 87.125, 2.301202410784115e-22, nan 
-102.375, 87.125, 2.572964030689765e-22, nan 
-102.125, 87.125, 2.7177757584352424e-22, nan 
-101.875, 87.125, 2.7003099562877333e-22, nan 
-101.625, 87.125, 2.6696976317184614e-22, nan 
-101.375, 87.125, 2.5487993049390175e-22, nan 
-101.125, 87.125, 2.591092811589203e-22, nan 
-100.875, 87.125, 2.700210502613049e-22, nan 
-100.625, 87.125, 2.94751459751883e-22, nan 
-100.375, 87.125, 3.1092542042084916e-22, nan 
-100.125, 87.125, 3.0295224586644143e-22, nan 
-99.875, 87.125, 2.8504051641487075e-22, nan 
-99.625, 87.125, 3.093728099378887e-22, nan 
-99.375, 87.125, 2.9190421495571335e-22, nan 
-99.125, 87.125, 3.1809051399782385e-22, nan 
-98.875, 87.125, 3.30407412277757e-22, nan 
-98.625, 87.125, 3.512724127318343e-22, nan 
-98.375, 87.125, 2.8131777140674823e-22, nan 
-98.125, 87.125, 2.5120214008448346e-22, nan 
-97.875, 87.125, 2.884543885321178e-22, nan 
-97.625, 87.125, 3.066370901316329e-22, nan 
-97.375, 87.125, 3.0959095917397453e-22, nan 
-97.125, 87.125, 3.0481537128548206e-22, nan 
-96.875, 87.125, 2.9870614412859534e-22, nan 
-96.625, 87.125, 2.840571209853848e-22, nan 
-96.375, 87.125, 2.835651280470705e-22, nan 
-96.125, 87.125, 2.726198296215984e-22, nan 
-95.875, 87.125, 2.656030587767522e-22, nan 
-95.625, 87.125, 2.595951173992812e-22, nan 
-95.375, 87.125, 2.561784294049265e-22, nan 
-95.125, 87.125, 2.62446146497296e-22, nan 
-94.875, 87.125, 2.687465706977835e-22, nan 
-94.625, 87.125, 2.695266289196295e-22, nan 
-94.375, 87.125, 2.7478383901876296e-22, nan 
-94.125, 87.125, 2.753296900360166e-22, nan 
-93.875, 87.125, 3.0063992306276313e-22, nan 
-93.625, 87.125, 3.4094525248562534e-22, nan 
-93.375, 87.125, 3.645486403179043e-22, nan 
-93.125, 87.125, 3.6886138791483315e-22, nan 
-92.875, 87.125, 3.717039851703143e-22, nan 
-92.625, 87.125, 3.7089167893315434e-22, nan 
-92.375, 87.125, 3.7612162636520154e-22, nan 
-92.125, 87.125, 3.6583384309279464e-22, nan 
-91.875, 87.125, 3.707549044548976e-22, nan 
-91.625, 87.125, 3.6822631847335665e-22, nan 
-91.375, 87.125, 3.5476244354597794e-22, nan 
-91.125, 87.125, 3.3581904898187104e-22, nan 
-90.875, 87.125, 3.217348323506913e-22, nan 
-90.625, 87.125, 3.0776463206748537e-22, nan 
-90.375, 87.125, 3.078175491192444e-22, nan 
-90.125, 87.125, 3.229669395486602e-22, nan 
-89.875, 87.125, 3.4625251871157802e-22, nan 
-89.625, 87.125, 3.3954045120600915e-22, nan 
-89.375, 87.125, 3.2712325699927114e-22, nan 
-89.125, 87.125, 3.3158694814176975e-22, nan 
-88.875, 87.125, 3.3830308647303e-22, nan 
-88.625, 87.125, 3.5206522160213675e-22, nan 
-88.375, 87.125, 3.6601434254933545e-22, nan 
-88.125, 87.125, 3.9063001199761896e-22, nan 
-87.875, 87.125, 3.9038112469860337e-22, nan 
-87.625, 87.125, 3.938998685975641e-22, nan 
-87.375, 87.125, 3.9460254579753393e-22, nan 
-87.125, 87.125, 3.9755829348500814e-22, nan 
-86.875, 87.125, 3.9380964009002153e-22, nan 
-86.625, 87.125, 3.8323878073542604e-22, nan 
-86.375, 87.125, 3.681510296034158e-22, nan 
-86.125, 87.125, 3.5234464253516595e-22, nan 
-85.875, 87.125, 3.3882411214190037e-22, nan 
-85.625, 87.125, 3.3090406282983254e-22, nan 
-85.375, 87.125, 3.2148067284151305e-22, nan 
-85.125, 87.125, 3.146708142932066e-22, nan 
-84.875, 87.125, 3.0226766142454304e-22, nan 
-84.625, 87.125, 2.897511541539063e-22, nan 
-84.375, 87.125, 2.85387656934434e-22, nan 
-84.125, 87.125, 2.7501310669575997e-22, nan 
-83.875, 87.125, 2.746099600255471e-22, nan 
-83.625, 87.125, 2.7949502998885777e-22, nan 
-83.375, 87.125, 2.935629934145362e-22, nan 
-83.125, 87.125, 3.0488881459691725e-22, nan 
-82.875, 87.125, 3.0788078208844384e-22, nan 
-82.625, 87.125, 3.080470632812805e-22, nan 
-82.375, 87.125, 3.216063991387897e-22, nan 
-82.125, 87.125, 3.2659628451299834e-22, nan 
-81.875, 87.125, 3.2634531775470727e-22, nan 
-81.625, 87.125, 3.19867182228827e-22, nan 
-81.375, 87.125, 3.1956048754794227e-22, nan 
-81.125, 87.125, 3.173749342911763e-22, nan 
-80.875, 87.125, 3.2452959138488593e-22, nan 
-80.625, 87.125, 3.2669004448189783e-22, nan 
-80.375, 87.125, 3.296280799503929e-22, nan 
-80.125, 87.125, 3.3326278766585713e-22, nan 
-79.875, 87.125, 3.2524125049070216e-22, nan 
-79.625, 87.125, 3.237135562915482e-22, nan 
-79.375, 87.125, 3.1314227373717025e-22, nan 
-79.125, 87.125, 3.1554079105056195e-22, nan 
-78.875, 87.125, 3.2167718326148403e-22, nan 
-78.625, 87.125, 3.39752360206078e-22, nan 
-78.375, 87.125, 3.4633206160259764e-22, nan 
-78.125, 87.125, 3.6029443508197835e-22, nan 
-77.875, 87.125, 3.6512287946398626e-22, nan 
-77.625, 87.125, 3.8508694119314946e-22, nan 
-77.375, 87.125, 3.8229531369503593e-22, nan 
-77.125, 87.125, 4.088693721076586e-22, nan 
-76.875, 87.125, 4.165469898546837e-22, nan 
-76.625, 87.125, 4.448070053179073e-22, nan 
-76.375, 87.125, 4.692658638776516e-22, nan 
-76.125, 87.125, 4.653065651024766e-22, nan 
-75.875, 87.125, 4.417533002282341e-22, nan 
-75.625, 87.125, 4.179123032675176e-22, nan 
-75.375, 87.125, 4.014878483272893e-22, nan 
-75.125, 87.125, 3.725101405998385e-22, nan 
-74.875, 87.125, 3.3196005368517816e-22, nan 
-74.625, 87.125, 3.044969127036168e-22, nan 
-74.375, 87.125, 2.6439807661269503e-22, nan 
-74.125, 87.125, 2.4481063397680184e-22, nan 
-73.875, 87.125, 2.7495459833349876e-22, nan 
-73.625, 87.125, 3.379880855110663e-22, nan 
-73.375, 87.125, 3.6892967280234353e-22, nan 
-73.125, 87.125, 3.6095286115037163e-22, nan 
-72.875, 87.125, 3.9846157665948957e-22, nan 
-72.625, 87.125, 3.9130247646959343e-22, nan 
-72.375, 87.125, 4.1889636490920974e-22, nan 
-72.125, 87.125, 3.765910482977803e-22, nan 
-71.875, 87.125, 3.9825307021112523e-22, nan 
-71.625, 87.125, 4.248200928582182e-22, nan 
-71.375, 87.125, 4.187317513300272e-22, nan 
-71.125, 87.125, 3.9656317064664758e-22, nan 
-70.875, 87.125, 3.788616298493569e-22, nan 
-70.625, 87.125, 3.802640641796571e-22, nan 
-70.375, 87.125, 4.1657488076605235e-22, nan 
-70.125, 87.125, 3.842176508146253e-22, nan 
-69.875, 87.125, 3.6807444907073825e-22, nan 
-69.625, 87.125, 3.4785584363372623e-22, nan 
-69.375, 87.125, 3.203695496598438e-22, nan 
-69.125, 87.125, 2.8756187962377576e-22, nan 
-68.875, 87.125, 2.6401873308692963e-22, nan 
-68.625, 87.125, 2.4492201866584606e-22, nan 
-68.375, 87.125, 2.0949688574069598e-22, nan 
-68.125, 87.125, 1.9077819339116698e-22, nan 
-67.875, 87.125, 1.970353091106055e-22, nan 
-67.625, 87.125, 2.060650229368573e-22, nan 
-67.375, 87.125, 2.0622996510701945e-22, nan 
-67.125, 87.125, 2.111800510045582e-22, nan 
-66.875, 87.125, 2.17491004745967e-22, nan 
-66.625, 87.125, 2.178688530090494e-22, nan 
-66.375, 87.125, 2.0377461213782145e-22, nan 
-66.125, 87.125, 1.9186833843618944e-22, nan 
-65.875, 87.125, 1.8155617897260217e-22, nan 
-65.625, 87.125, 1.677178815393499e-22, nan 
-65.375, 87.125, 1.5733115560827621e-22, nan 
-65.125, 87.125, 1.1934437411759388e-22, nan 
-64.875, 87.125, 1.0133395839487042e-22, nan 
-64.625, 87.125, 9.502205326830368e-23, nan 
-64.375, 87.125, 9.95109459549763e-23, nan 
-64.125, 87.125, 1.0796437614474385e-22, nan 
-63.875, 87.125, 1.2005080013243103e-22, nan 
-63.625, 87.125, 1.3001341826471542e-22, nan 
-63.375, 87.125, 1.380450583059038e-22, nan 
-63.125, 87.125, 1.4824857763409901e-22, nan 
-62.875, 87.125, 1.5845656114823977e-22, nan 
-62.625, 87.125, 1.7072448825832026e-22, nan 
-62.375, 87.125, 1.8640873698009433e-22, nan 
-62.125, 87.125, 2.153433665683317e-22, nan 
-61.875, 87.125, 2.5395156383405016e-22, nan 
-61.625, 87.125, 2.884336623567703e-22, nan 
-61.375, 87.125, 3.119811712044847e-22, nan 
-61.125, 87.125, 3.7655248350417664e-22, nan 
-60.875, 87.125, 4.303055629313735e-22, nan 
-60.625, 87.125, 4.7138811999666175e-22, nan 
-60.375, 87.125, 5.017836282905982e-22, nan 
-60.125, 87.125, 5.096778803776176e-22, nan 
-59.875, 87.125, 5.225940209391378e-22, nan 
-59.625, 87.125, 5.428232320896845e-22, nan 
-59.375, 87.125, 5.445510803220694e-22, nan 
-59.125, 87.125, 5.459596794311767e-22, nan 
-58.875, 87.125, 5.332916620303245e-22, nan 
-58.625, 87.125, 5.344101303136457e-22, nan 
-58.375, 87.125, 5.180888506057801e-22, nan 
-58.125, 87.125, 5.082269135561958e-22, nan 
-57.875, 87.125, 4.914532157885437e-22, nan 
-57.625, 87.125, 4.696416597047945e-22, nan 
-57.375, 87.125, 4.585825327568704e-22, nan 
-57.125, 87.125, 4.226222373785563e-22, nan 
-56.875, 87.125, 3.8886528064565828e-22, nan 
-56.625, 87.125, 3.633382761489494e-22, nan 
-56.375, 87.125, 2.884197919367551e-22, nan 
-56.125, 87.125, 2.642942614296156e-22, nan 
-55.875, 87.125, 2.9014687934211644e-22, nan 
-55.625, 87.125, 3.4355392279241823e-22, nan 
-55.375, 87.125, 3.977941076112572e-22, nan 
-55.125, 87.125, 4.429182901979171e-22, nan 
-54.875, 87.125, 5.044093499193562e-22, nan 
-54.625, 87.125, 5.278854901627755e-22, nan 
-54.375, 87.125, 5.479498260609866e-22, nan 
-54.125, 87.125, 4.904908027475594e-22, nan 
-53.875, 87.125, 4.920214109918391e-22, nan 
-53.625, 87.125, 5.411950294870715e-22, nan 
-53.375, 87.125, 5.255480341494011e-22, nan 
-53.125, 87.125, 4.988897869546617e-22, nan 
-52.875, 87.125, 4.591097199020784e-22, nan 
-52.625, 87.125, 4.466845191369147e-22, nan 
-52.375, 87.125, 4.1458568553672106e-22, nan 
-52.125, 87.125, 3.704546966305597e-22, nan 
-51.875, 87.125, 3.366583198854422e-22, nan 
-51.625, 87.125, 3.0316663701864377e-22, nan 
-51.375, 87.125, 2.7542680707301247e-22, nan 
-51.125, 87.125, 2.401750010268907e-22, nan 
-50.875, 87.125, 1.9356045934974318e-22, nan 
-50.625, 87.125, 1.4707896586992692e-22, nan 
-50.375, 87.125, 1.5891994111992058e-22, nan 
-50.125, 87.125, 1.9683164282794585e-22, nan 
-49.875, 87.125, 2.1831973382530286e-22, nan 
-49.625, 87.125, 2.372725559863499e-22, nan 
-49.375, 87.125, 2.431711731036065e-22, nan 
-49.125, 87.125, 2.528080830588826e-22, nan 
-48.875, 87.125, 2.526114737043603e-22, nan 
-48.625, 87.125, 2.4970134217595193e-22, nan 
-48.375, 87.125, 2.4161299765246904e-22, nan 
-48.125, 87.125, 2.253429404173305e-22, nan 
-47.875, 87.125, 2.2406279378799764e-22, nan 
-47.625, 87.125, 2.1322990897211215e-22, nan 
-47.375, 87.125, 2.0676605194806863e-22, nan 
-47.125, 87.125, 1.9673315708761763e-22, nan 
-46.875, 87.125, 1.8710611368931478e-22, nan 
-46.625, 87.125, 1.7518415135622324e-22, nan 
-46.375, 87.125, 1.5720782267035462e-22, nan 
-46.125, 87.125, 1.3478283173557351e-22, nan 
-45.875, 87.125, 1.201530167665855e-22, nan 
-45.625, 87.125, 9.521968156202682e-23, nan 
-45.375, 87.125, 7.976150511848599e-23, nan 
-45.125, 87.125, 7.895874480532054e-23, nan 
-44.875, 87.125, 9.148770771638555e-23, nan 
-44.625, 87.125, 8.87767407953711e-23, nan 
-44.375, 87.125, 6.715959747372817e-23, nan 
-44.125, 87.125, 4.459533465017091e-23, nan 
-43.875, 87.125, 3.3751007083861376e-23, nan 
-43.625, 87.125, 3.2202235588290575e-23, nan 
-43.375, 87.125, 3.2002883070743366e-23, nan 
-43.125, 87.125, 5.034964087796448e-23, nan 
-42.875, 87.125, 2.649438998629614e-23, nan 
-42.625, 87.125, 3.560728758176537e-23, nan 
-42.375, 87.125, 4.4798155320648216e-23, nan 
-42.125, 87.125, 4.879573608210699e-23, nan 
-41.875, 87.125, 4.7023011783338605e-23, nan 
-41.625, 87.125, 4.426893774070941e-23, nan 
-41.375, 87.125, 4.1170035128090626e-23, nan 
-41.125, 87.125, 3.8132107218293133e-23, nan 
-40.875, 87.125, 3.091400511553339e-23, nan 
-40.625, 87.125, 3.3238308360390616e-23, nan 
-40.375, 87.125, 1.8598037478562669e-22, nan 
-40.125, 87.125, 2.5092171379042e-22, nan 
-39.875, 87.125, 1.3324908395352317e-22, nan 
-39.625, 87.125, 6.375874468359982e-23, nan 
-39.375, 87.125, 5.705290507424105e-23, nan 
-39.125, 87.125, 3.8882982652784904e-23, nan 
-38.875, 87.125, 3.248691316923854e-23, nan 
-38.625, 87.125, 3.3961838994924187e-23, nan 
-38.375, 87.125, 9.561303073411868e-23, nan 
-38.125, 87.125, 2.985368710196086e-22, nan 
-37.875, 87.125, 2.2223457546981725e-22, nan 
-37.625, 87.125, 1.123636406746017e-22, nan 
-37.375, 87.125, 5.343564126049579e-23, nan 
-37.125, 87.125, 5.135990208550283e-23, nan 
-36.875, 87.125, 5.877339953483581e-23, nan 
-36.625, 87.125, 6.894812436743148e-23, nan 
-36.375, 87.125, 7.8193242413358e-23, nan 
-36.125, 87.125, 8.542937123269428e-23, nan 
-35.875, 87.125, 9.33002631060923e-23, nan 
-35.625, 87.125, 1.0063146212900224e-22, nan 
-35.375, 87.125, 1.0905031536592848e-22, nan 
-35.125, 87.125, 1.1778984020983427e-22, nan 
-34.875, 87.125, 1.2396673242703106e-22, nan 
-34.625, 87.125, 1.2708802061840382e-22, nan 
-34.375, 87.125, 1.347185612250618e-22, nan 
-34.125, 87.125, 1.3683743298465945e-22, nan 
-33.875, 87.125, 1.3604773158279426e-22, nan 
-33.625, 87.125, 1.3838280232316655e-22, nan 
-33.375, 87.125, 1.4070290745498717e-22, nan 
-33.125, 87.125, 1.4486242077540002e-22, nan 
-32.875, 87.125, 1.497883974797995e-22, nan 
-32.625, 87.125, 1.565066985788518e-22, nan 
-32.375, 87.125, 1.7290631271425434e-22, nan 
-32.125, 87.125, 2.0524767557184965e-22, nan 
-31.875, 87.125, 2.354926180106315e-22, nan 
-31.625, 87.125, 2.8127182947985206e-22, nan 
-31.375, 87.125, 3.1570280725119258e-22, nan 
-31.125, 87.125, 3.4131049638110304e-22, nan 
-30.875, 87.125, 3.6589089217370215e-22, nan 
-30.625, 87.125, 4.557883350743254e-22, nan 
-30.375, 87.125, 4.968344648924008e-22, nan 
-30.125, 87.125, 4.509435474083994e-22, nan 
-29.875, 87.125, 3.986779403388147e-22, nan 
-29.625, 87.125, 3.9890608784193153e-22, nan 
-29.375, 87.125, 4.0581097262582417e-22, nan 
-29.125, 87.125, 4.0223615257890226e-22, nan 
-28.875, 87.125, 3.9826605904373474e-22, nan 
-28.625, 87.125, 3.9159588391135426e-22, nan 
-28.375, 87.125, 3.8327584624216086e-22, nan 
-28.125, 87.125, 3.6923786424345e-22, nan 
-27.875, 87.125, 3.502518060868539e-22, nan 
-27.625, 87.125, 3.442704202386928e-22, nan 
-27.375, 87.125, 3.7123013151274366e-22, nan 
-27.125, 87.125, 4.1863234287294894e-22, nan 
-26.875, 87.125, 4.0676152715446066e-22, nan 
-26.625, 87.125, 3.415447352192368e-22, nan 
-26.375, 87.125, 3.2540369028228664e-22, nan 
-26.125, 87.125, 3.155614562294633e-22, nan 
-25.875, 87.125, 3.0795864628974396e-22, nan 
-25.625, 87.125, 3.0103383730475327e-22, nan 
-25.375, 87.125, 2.965464071280984e-22, nan 
-25.125, 87.125, 3.0289920461383384e-22, nan 
-24.875, 87.125, 3.0025637208227364e-22, nan 
-24.625, 87.125, 2.7164565942749786e-22, nan 
-24.375, 87.125, 2.7747389340289335e-22, nan 
-24.125, 87.125, 2.8949614925836703e-22, nan 
-23.875, 87.125, 2.9915259420151893e-22, nan 
-23.625, 87.125, 3.0279735121430244e-22, nan 
-23.375, 87.125, 2.8798800870065086e-22, nan 
-23.125, 87.125, 2.5799311352880525e-22, nan 
-22.875, 87.125, 2.227948515845162e-22, nan 
-22.625, 87.125, 2.1001707317375135e-22, nan 
-22.375, 87.125, 1.8345880695663464e-22, nan 
-22.125, 87.125, 1.6985888401181923e-22, nan 
-21.875, 87.125, 1.8189016673570877e-22, nan 
-21.625, 87.125, 1.8285878792691466e-22, nan 
-21.375, 87.125, 1.5277108168777555e-22, nan 
-21.125, 87.125, 1.176500946356741e-22, nan 
-20.875, 87.125, 1.0008402153768995e-22, nan 
-20.625, 87.125, 9.236507302205894e-23, nan 
-20.375, 87.125, 8.82710327186895e-23, nan 
-20.125, 87.125, 8.835159195397132e-23, nan 
-19.875, 87.125, 9.140096922313452e-23, nan 
-19.625, 87.125, 9.115542511424115e-23, nan 
-19.375, 87.125, 8.649378518255225e-23, nan 
-19.125, 87.125, 8.487035635295839e-23, nan 
-18.875, 87.125, 8.692260416290246e-23, nan 
-18.625, 87.125, 9.058290458902387e-23, nan 
-18.375, 87.125, 9.082732216344254e-23, nan 
-18.125, 87.125, 8.414747613511767e-23, nan 
-17.875, 87.125, 7.790807667746897e-23, nan 
-17.625, 87.125, 7.277878482888702e-23, nan 
-17.375, 87.125, 6.88020177309583e-23, nan 
-17.125, 87.125, 7.141407027601724e-23, nan 
-16.875, 87.125, 9.125390395390002e-23, nan 
-16.625, 87.125, 1.264287054510843e-22, nan 
-16.375, 87.125, 1.3892969975118358e-22, nan 
-16.125, 87.125, 1.4453972531429764e-22, nan 
-15.875, 87.125, 1.4851669174856929e-22, nan 
-15.625, 87.125, 1.5227953795585661e-22, nan 
-15.375, 87.125, 1.6506039683468425e-22, nan 
-15.125, 87.125, 2.1422267691530755e-22, nan 
-14.875, 87.125, 1.8343055781235463e-22, nan 
-14.625, 87.125, 8.761327739666668e-23, nan 
-14.375, 87.125, 1.5964316071811533e-22, nan 
-14.125, 87.125, 7.291744186104409e-23, nan 
-13.875, 87.125, 7.775488368253839e-23, nan 
-13.625, 87.125, 1.1885862498473464e-22, nan 
-13.375, 87.125, 1.3882611165130495e-22, nan 
-13.125, 87.125, 1.45597126245192e-22, nan 
-12.875, 87.125, 1.5156425061264605e-22, nan 
-12.625, 87.125, 1.7129267981484579e-22, nan 
-12.375, 87.125, 2.392162103383389e-22, nan 
-12.125, 87.125, 2.177146568741005e-22, nan 
-11.875, 87.125, 1.9751338635443062e-22, nan 
-11.625, 87.125, 1.6738927881789527e-22, nan 
-11.375, 87.125, 1.2393973030855352e-22, nan 
-11.125, 87.125, 8.615796630662646e-23, nan 
-10.875, 87.125, 6.103794008201535e-23, nan 
-10.625, 87.125, 1.143628332028662e-22, nan 
-10.375, 87.125, 1.4181529240288824e-22, nan 
-10.125, 87.125, 1.7512315266309738e-22, nan 
-9.875, 87.125, 6.069705802293195e-23, nan 
-9.625, 87.125, 1.0219456941584395e-22, nan 
-9.375, 87.125, 1.239197144312897e-22, nan 
-9.125, 87.125, 1.3339541576001974e-22, nan 
-8.875, 87.125, 1.3707650445720606e-22, nan 
-8.625, 87.125, 1.378148550989349e-22, nan 
-8.375, 87.125, 1.383462465346398e-22, nan 
-8.125, 87.125, 1.3884111535815536e-22, nan 
-7.875, 87.125, 1.3902614922508877e-22, nan 
-7.625, 87.125, 1.3761888842219747e-22, nan 
-7.375, 87.125, 1.330100110616954e-22, nan 
-7.125, 87.125, 1.2668751648627315e-22, nan 
-6.875, 87.125, 1.0947585955124158e-22, nan 
-6.625, 87.125, 9.694536732598906e-23, nan 
-6.375, 87.125, 9.199528163545679e-23, nan 
-6.125, 87.125, 1.1432046910673862e-22, nan 
-5.875, 87.125, 1.5718585484764548e-22, nan 
-5.625, 87.125, 2.0099593167892518e-22, nan 
-5.375, 87.125, 2.06860540773093e-22, nan 
-5.125, 87.125, 2.0833980983945221e-22, nan 
-4.875, 87.125, 2.0216810900344796e-22, nan 
-4.625, 87.125, 2.0179062413448223e-22, nan 
-4.375, 87.125, 2.12036115028569e-22, nan 
-4.125, 87.125, 2.1131837038584386e-22, nan 
-3.875, 87.125, 2.0603005820136756e-22, nan 
-3.625, 87.125, 1.9481416280686865e-22, nan 
-3.375, 87.125, 1.875852524213263e-22, nan 
-3.125, 87.125, 1.811040444373765e-22, nan 
-2.875, 87.125, 1.8407332505137036e-22, nan 
-2.625, 87.125, 1.8239161960789707e-22, nan 
-2.375, 87.125, 1.9315320755928727e-22, nan 
-2.125, 87.125, 2.0865493619690973e-22, nan 
-1.875, 87.125, 2.196137973258344e-22, nan 
-1.625, 87.125, 2.2927104241989047e-22, nan 
-1.375, 87.125, 3.0920880856661984e-22, nan 
-1.125, 87.125, 4.1140544595194354e-22, nan 
-0.875, 87.125, 4.501475125742995e-22, nan 
-0.625, 87.125, 4.535193738584067e-22, nan 
-0.375, 87.125, 4.5534799957316145e-22, nan 
-0.125, 87.125, 4.398391017787466e-22, nan 
0.125, 87.125, 4.0823122181675224e-22, nan 
0.375, 87.125, 3.901281118652141e-22, nan 
0.625, 87.125, 3.5879399602105137e-22, nan 
0.875, 87.125, 3.1219274133167197e-22, nan 
1.125, 87.125, 2.426911654996374e-22, nan 
1.375, 87.125, 2.0101443297068195e-22, nan 
1.625, 87.125, 1.735916246767269e-22, nan 
1.875, 87.125, 1.6138939859781593e-22, nan 
2.125, 87.125, 1.7659344054126085e-22, nan 
2.375, 87.125, 2.0358561700272546e-22, nan 
2.625, 87.125, 2.2580145394025757e-22, nan 
2.875, 87.125, 2.4297691174096233e-22, nan 
3.125, 87.125, 2.5295371631656933e-22, nan 
3.375, 87.125, 2.832954664438155e-22, nan 
3.625, 87.125, 3.2394043836280924e-22, nan 
3.875, 87.125, 3.662382318050881e-22, nan 
4.125, 87.125, 3.735038977265951e-22, nan 
4.375, 87.125, 3.7147821655632306e-22, nan 
4.625, 87.125, 3.649122561062678e-22, nan 
4.875, 87.125, 3.545848731715727e-22, nan 
5.125, 87.125, 3.445790743777952e-22, nan 
5.375, 87.125, 3.2340858951845684e-22, nan 
5.625, 87.125, 2.9097753591573237e-22, nan 
5.875, 87.125, 2.4481831511439524e-22, nan 
6.125, 87.125, 2.1542240353034124e-22, nan 
6.375, 87.125, 1.9150602477038404e-22, nan 
6.625, 87.125, 1.656115111905654e-22, nan 
6.875, 87.125, 1.471061345871994e-22, nan 
7.125, 87.125, 1.3213200421866937e-22, nan 
7.375, 87.125, 1.2650859433508324e-22, nan 
7.625, 87.125, 1.2154317295932892e-22, nan 
7.875, 87.125, 1.174864284801305e-22, nan 
8.125, 87.125, 1.1339721694817332e-22, nan 
8.375, 87.125, 1.0836486329260117e-22, nan 
8.625, 87.125, 1.0439786895901106e-22, nan 
8.875, 87.125, 1.0097582757348773e-22, nan 
9.125, 87.125, 9.709465910006327e-23, nan 
9.375, 87.125, 9.409467182694257e-23, nan 
9.625, 87.125, 9.15647901686544e-23, nan 
9.875, 87.125, 8.797677522515106e-23, nan 
10.125, 87.125, 8.308616169250271e-23, nan 
10.375, 87.125, 7.911021613161247e-23, nan 
10.625, 87.125, 7.495919038263954e-23, nan 
10.875, 87.125, 7.196642878527464e-23, nan 
11.125, 87.125, 6.842322543203251e-23, nan 
11.375, 87.125, 5.116076291146008e-23, nan 
11.625, 87.125, 5.724586721090242e-23, nan 
11.875, 87.125, 1.0319049827543255e-22, nan 
12.125, 87.125, 1.5153065899583147e-22, nan 
12.375, 87.125, 2.0469391205005158e-22, nan 
12.625, 87.125, 1.9326776191349575e-22, nan 
12.875, 87.125, 1.2108075780505384e-22, nan 
13.125, 87.125, 1.378078593366405e-22, nan 
13.375, 87.125, 8.315717317141712e-23, nan 
13.625, 87.125, 5.664800334789966e-23, nan 
13.875, 87.125, 5.29354671882932e-23, nan 
14.125, 87.125, 1.6568465873945224e-22, nan 
14.375, 87.125, 1.318160068335292e-22, nan 
14.625, 87.125, 1.4188103115299288e-22, nan 
14.875, 87.125, 1.5690639708962536e-22, nan 
15.125, 87.125, 1.8033826255134515e-22, nan 
15.375, 87.125, 2.017718936779168e-22, nan 
15.625, 87.125, 2.0058374099030706e-22, nan 
15.875, 87.125, 1.533064840334192e-22, nan 
16.125, 87.125, 1.7859284683347369e-22, nan 
16.375, 87.125, 1.7147104473182096e-22, nan 
16.625, 87.125, 1.6162533731904312e-22, nan 
16.875, 87.125, 1.3472184578420896e-22, nan 
17.125, 87.125, 1.3246538323671448e-22, nan 
17.375, 87.125, 1.442978800053314e-22, nan 
17.625, 87.125, 1.4866260599536057e-22, nan 
17.875, 87.125, 1.4617637334338458e-22, nan 
18.125, 87.125, 1.501730140451958e-22, nan 
18.375, 87.125, 1.5693961742829066e-22, nan 
18.625, 87.125, 1.2565859836216713e-22, nan 
18.875, 87.125, 1.3651863054634978e-22, nan 
19.125, 87.125, 1.6639159683101346e-22, nan 
19.375, 87.125, 2.0810608434718195e-22, nan 
19.625, 87.125, 2.477301578161649e-22, nan 
19.875, 87.125, 2.9547784039205945e-22, nan 
20.125, 87.125, 3.256245238466552e-22, nan 
20.375, 87.125, 3.2328419904125983e-22, nan 
20.625, 87.125, 3.213084320864742e-22, nan 
20.875, 87.125, 3.2162009147901695e-22, nan 
21.125, 87.125, 3.222656873889069e-22, nan 
21.375, 87.125, 3.1793924172470677e-22, nan 
21.625, 87.125, 3.1284487201559153e-22, nan 
21.875, 87.125, 3.187237520639767e-22, nan 
22.125, 87.125, 3.0446406706890426e-22, nan 
22.375, 87.125, 2.7393777733279785e-22, nan 
22.625, 87.125, 2.385339028166513e-22, nan 
22.875, 87.125, 1.9460682361586263e-22, nan 
23.125, 87.125, 1.588436672332822e-22, nan 
23.375, 87.125, 1.5515386672072813e-22, nan 
23.625, 87.125, 1.7164809319602367e-22, nan 
23.875, 87.125, 2.028876819941928e-22, nan 
24.125, 87.125, 2.4009260695407525e-22, nan 
24.375, 87.125, 2.6265371542618606e-22, nan 
24.625, 87.125, 2.835096958879215e-22, nan 
24.875, 87.125, 2.9971817917484375e-22, nan 
25.125, 87.125, 3.0490005826312046e-22, nan 
25.375, 87.125, 3.0913555127938683e-22, nan 
25.625, 87.125, 3.1458865111365206e-22, nan 
25.875, 87.125, 3.1440856612635934e-22, nan 
26.125, 87.125, 3.251314723298666e-22, nan 
26.375, 87.125, 3.3527236609661415e-22, nan 
26.625, 87.125, 3.6264560443264153e-22, nan 
26.875, 87.125, 3.2090352784421234e-22, nan 
27.125, 87.125, 2.7301708145964507e-22, nan 
27.375, 87.125, 2.453076018331057e-22, nan 
27.625, 87.125, 2.1236184257890903e-22, nan 
27.875, 87.125, 1.753111496413657e-22, nan 
28.125, 87.125, 1.4690830109079225e-22, nan 
28.375, 87.125, 1.2917835707273224e-22, nan 
28.625, 87.125, 1.1811736447417538e-22, nan 
28.875, 87.125, 1.0692618047714186e-22, nan 
29.125, 87.125, 1.0191200228939121e-22, nan 
29.375, 87.125, 9.466060655067985e-23, nan 
29.625, 87.125, 8.944447114446303e-23, nan 
29.875, 87.125, 8.308330076351993e-23, nan 
30.125, 87.125, 7.870696631966273e-23, nan 
30.375, 87.125, 7.263255578657979e-23, nan 
30.625, 87.125, 5.502761831748498e-23, nan 
30.875, 87.125, 4.4551143068756683e-23, nan 
31.125, 87.125, 3.941744050383675e-23, nan 
31.375, 87.125, 4.230779815092248e-23, nan 
31.625, 87.125, 4.4027839274974423e-23, nan 
31.875, 87.125, 4.8851348620250654e-23, nan 
32.125, 87.125, 5.2293522590555273e-23, nan 
32.375, 87.125, 5.818630211030736e-23, nan 
32.625, 87.125, 6.324660213800683e-23, nan 
32.875, 87.125, 6.926864250174232e-23, nan 
33.125, 87.125, 7.673822111482869e-23, nan 
33.375, 87.125, 8.375614383839181e-23, nan 
33.625, 87.125, 9.146121804589837e-23, nan 
33.875, 87.125, 1.0614882308857402e-22, nan 
34.125, 87.125, 1.370000525818978e-22, nan 
34.375, 87.125, 1.689815731773612e-22, nan 
34.625, 87.125, 1.2705349623565376e-22, nan 
34.875, 87.125, 1.1184876594120268e-22, nan 
35.125, 87.125, 1.2668084459399597e-22, nan 
35.375, 87.125, 1.5190797608370829e-22, nan 
35.625, 87.125, 1.0204817629160636e-22, nan 
35.875, 87.125, 7.970807764206738e-23, nan 
36.125, 87.125, 6.983198603652595e-23, nan 
36.375, 87.125, 6.570804251257247e-23, nan 
36.625, 87.125, 6.049230194847773e-23, nan 
36.875, 87.125, 5.705802841942931e-23, nan 
37.125, 87.125, 5.46496126083494e-23, nan 
37.375, 87.125, 5.387365998407894e-23, nan 
37.625, 87.125, 5.72239808572488e-23, nan 
37.875, 87.125, 6.825002676220354e-23, nan 
38.125, 87.125, 7.779598995922022e-23, nan 
38.375, 87.125, 8.634989682351822e-23, nan 
38.625, 87.125, 9.543486528796914e-23, nan 
38.875, 87.125, 1.0210925167119268e-22, nan 
39.125, 87.125, 1.0599760942796505e-22, nan 
39.375, 87.125, 1.1389888606737892e-22, nan 
39.625, 87.125, 1.2936723212567066e-22, nan 
39.875, 87.125, 1.2756770415149873e-22, nan 
40.125, 87.125, 1.245214205468642e-22, nan 
40.375, 87.125, 1.231661267613594e-22, nan 
40.625, 87.125, 1.1823046288583698e-22, nan 
40.875, 87.125, 9.543824420993896e-23, nan 
41.125, 87.125, 1.049251169411298e-22, nan 
41.375, 87.125, 6.691404208179331e-23, nan 
41.625, 87.125, 5.577576066701916e-23, nan 
41.875, 87.125, 6.681749638562276e-23, nan 
42.125, 87.125, 1.095955537107293e-22, nan 
42.375, 87.125, 1.2582525334687432e-22, nan 
42.625, 87.125, 1.4124398678269793e-22, nan 
42.875, 87.125, 1.5695934037619278e-22, nan 
43.125, 87.125, 1.7587786776434499e-22, nan 
43.375, 87.125, 1.9043100069829501e-22, nan 
43.625, 87.125, 2.0916419886543734e-22, nan 
43.875, 87.125, 2.26250116342662e-22, nan 
44.125, 87.125, 2.371566483296516e-22, nan 
44.375, 87.125, 2.4563739730517633e-22, nan 
44.625, 87.125, 2.521575089447373e-22, nan 
44.875, 87.125, 2.509182385149844e-22, nan 
45.125, 87.125, 2.409560243456643e-22, nan 
45.375, 87.125, 2.3693175569923118e-22, nan 
45.625, 87.125, 1.8756732322585376e-22, nan 
45.875, 87.125, 1.5200125785816988e-22, nan 
46.125, 87.125, 1.4313024558655969e-22, nan 
46.375, 87.125, 1.6133033192942559e-22, nan 
46.625, 87.125, 1.7862847839111434e-22, nan 
46.875, 87.125, 1.8983568415448991e-22, nan 
47.125, 87.125, 2.003555573998418e-22, nan 
47.375, 87.125, 2.1126903807134599e-22, nan 
47.625, 87.125, 2.2220415465116374e-22, nan 
47.875, 87.125, 2.3397631510765975e-22, nan 
48.125, 87.125, 2.4624910959305507e-22, nan 
48.375, 87.125, 2.5794165775821833e-22, nan 
48.625, 87.125, 2.6927658292941957e-22, nan 
48.875, 87.125, 2.806770430246402e-22, nan 
49.125, 87.125, 2.887796644250001e-22, nan 
49.375, 87.125, 2.957840798284175e-22, nan 
49.625, 87.125, 3.007286937399155e-22, nan 
49.875, 87.125, 3.0202316508762543e-22, nan 
50.125, 87.125, 3.0166639212393437e-22, nan 
50.375, 87.125, 2.8723876242853266e-22, nan 
50.625, 87.125, 2.7408540052424943e-22, nan 
50.875, 87.125, 2.565224011426775e-22, nan 
51.125, 87.125, 2.43786431599219e-22, nan 
51.375, 87.125, 2.349782217500315e-22, nan 
51.625, 87.125, 2.344338790896493e-22, nan 
51.875, 87.125, 2.3782980872652695e-22, nan 
52.125, 87.125, 2.410950777752646e-22, nan 
52.375, 87.125, 2.5367056773772565e-22, nan 
52.625, 87.125, 2.6996072269714072e-22, nan 
52.875, 87.125, 2.9574580830495287e-22, nan 
53.125, 87.125, 3.1659046511354557e-22, nan 
53.375, 87.125, 3.429086774946624e-22, nan 
53.625, 87.125, 3.5421982581049723e-22, nan 
53.875, 87.125, 3.5961165944490178e-22, nan 
54.125, 87.125, 3.7912950916783273e-22, nan 
54.375, 87.125, 4.50392376076526e-22, nan 
54.625, 87.125, 3.9288317953946033e-22, nan 
54.875, 87.125, 3.6971475733798057e-22, nan 
55.125, 87.125, 4.347368842610215e-22, nan 
55.375, 87.125, 4.913324856099382e-22, nan 
55.625, 87.125, 4.0042004421494886e-22, nan 
55.875, 87.125, 4.672481088276927e-22, nan 
56.125, 87.125, 5.118388821645639e-22, nan 
56.375, 87.125, 5.385701674101392e-22, nan 
56.625, 87.125, 5.487355436766435e-22, nan 
56.875, 87.125, 5.669831331435955e-22, nan 
57.125, 87.125, 5.888934261467795e-22, nan 
57.375, 87.125, 4.853753086727376e-22, nan 
57.625, 87.125, 4.6352631864998945e-22, nan 
57.875, 87.125, 4.70974372014289e-22, nan 
58.125, 87.125, 4.942460237804385e-22, nan 
58.375, 87.125, 5.216630711069039e-22, nan 
58.625, 87.125, 5.5873821642638e-22, nan 
58.875, 87.125, 6.057637614886047e-22, nan 
59.125, 87.125, 6.300095578171705e-22, nan 
59.375, 87.125, 6.575891270107295e-22, nan 
59.625, 87.125, 6.815739022903512e-22, nan 
59.875, 87.125, 7.093266459530096e-22, nan 
60.125, 87.125, 7.227331125719375e-22, nan 
60.375, 87.125, 7.354787033624062e-22, nan 
60.625, 87.125, 7.449723427311574e-22, nan 
60.875, 87.125, 7.431868664384341e-22, nan 
61.125, 87.125, 7.335222087928067e-22, nan 
61.375, 87.125, 7.102661745193183e-22, nan 
61.625, 87.125, 6.989251802351762e-22, nan 
61.875, 87.125, 6.897129809038525e-22, nan 
62.125, 87.125, 7.088400926078084e-22, nan 
62.375, 87.125, 8.259411736327757e-22, nan 
62.625, 87.125, 8.0156229335681755e-22, nan 
62.875, 87.125, 6.680520152253774e-22, nan 
63.125, 87.125, 5.618734268958154e-22, nan 
63.375, 87.125, 5.68233718990793e-22, nan 
63.625, 87.125, 6.352137271629437e-22, nan 
63.875, 87.125, 6.911828379003146e-22, nan 
64.125, 87.125, 7.477449679800798e-22, nan 
64.375, 87.125, 7.8729015207514745e-22, nan 
64.625, 87.125, 8.246194709954138e-22, nan 
64.875, 87.125, 8.58593071738785e-22, nan 
65.125, 87.125, 8.866766424599443e-22, nan 
65.375, 87.125, 9.098760313299351e-22, nan 
65.625, 87.125, 9.243611623657236e-22, nan 
65.875, 87.125, 9.384596731177725e-22, nan 
66.125, 87.125, 9.44664174631632e-22, nan 
66.375, 87.125, 9.512226120626035e-22, nan 
66.625, 87.125, 9.539575803894533e-22, nan 
66.875, 87.125, 9.52274804637997e-22, nan 
67.125, 87.125, 9.51536489227492e-22, nan 
67.375, 87.125, 9.249708755560675e-22, nan 
67.625, 87.125, 8.472299729333025e-22, nan 
67.875, 87.125, 7.81364201642765e-22, nan 
68.125, 87.125, 7.445451401773685e-22, nan 
68.375, 87.125, 6.693791271039363e-22, nan 
68.625, 87.125, 5.205342085784397e-22, nan 
68.875, 87.125, 4.249876256813374e-22, nan 
69.125, 87.125, 3.450720394953085e-22, nan 
69.375, 87.125, 2.990451690679137e-22, nan 
69.625, 87.125, 2.9700722327935063e-22, nan 
69.875, 87.125, 2.868051252576821e-22, nan 
70.125, 87.125, 2.8722858721273413e-22, nan 
70.375, 87.125, 2.920729829468631e-22, nan 
70.625, 87.125, 2.989259085931197e-22, nan 
70.875, 87.125, 3.209821327405332e-22, nan 
71.125, 87.125, 3.419104716211252e-22, nan 
71.375, 87.125, 3.440478867769361e-22, nan 
71.625, 87.125, 3.590126188490575e-22, nan 
71.875, 87.125, 3.73319340969738e-22, nan 
72.125, 87.125, 3.8431688603888446e-22, nan 
72.375, 87.125, 3.914067535687328e-22, nan 
72.625, 87.125, 4.003315388047071e-22, nan 
72.875, 87.125, 4.177282256364575e-22, nan 
73.125, 87.125, 4.2694803985412e-22, nan 
73.375, 87.125, 4.281997808604946e-22, nan 
73.625, 87.125, 4.0845890300777243e-22, nan 
73.875, 87.125, 4.093356840202606e-22, nan 
74.125, 87.125, 4.632827391592019e-22, nan 
74.375, 87.125, 4.808546078175111e-22, nan 
74.625, 87.125, 4.687173108492043e-22, nan 
74.875, 87.125, 4.825330473930878e-22, nan 
75.125, 87.125, 4.722263750416844e-22, nan 
75.375, 87.125, 4.121186281353675e-22, nan 
75.625, 87.125, 5.430438766427492e-22, nan 
75.875, 87.125, 5.134083522534544e-22, nan 
76.125, 87.125, 5.060417510818635e-22, nan 
76.375, 87.125, 5.12160196578406e-22, nan 
76.625, 87.125, 5.220270251106818e-22, nan 
76.875, 87.125, 5.388681853785455e-22, nan 
77.125, 87.125, 5.443639730168267e-22, nan 
77.375, 87.125, 5.380937349371248e-22, nan 
77.625, 87.125, 4.830545295023179e-22, nan 
77.875, 87.125, 4.483099908561792e-22, nan 
78.125, 87.125, 4.2349198112434046e-22, nan 
78.375, 87.125, 3.9517683144083415e-22, nan 
78.625, 87.125, 4.295465631716187e-22, nan 
78.875, 87.125, 4.461061513032656e-22, nan 
79.125, 87.125, 8.575347812663424e-22, nan 
79.375, 87.125, 9.552704034903883e-22, nan 
79.625, 87.125, 9.891574713808253e-22, nan 
79.875, 87.125, 1.0033209806209742e-21, nan 
80.125, 87.125, 1.0132234279334711e-21, nan 
80.375, 87.125, 7.11220170523427e-22, nan 
80.625, 87.125, 5.926436864926685e-22, nan 
80.875, 87.125, 5.562329643715559e-22, nan 
81.125, 87.125, 5.630452435405415e-22, nan 
81.375, 87.125, 5.985699833743576e-22, nan 
81.625, 87.125, 7.17620543449085e-22, nan 
81.875, 87.125, 9.498661831683198e-22, nan 
82.125, 87.125, 1.0279213971320437e-21, nan 
82.375, 87.125, 7.769163612637467e-22, nan 
82.625, 87.125, 6.037250292094455e-22, nan 
82.875, 87.125, 5.240639714309217e-22, nan 
83.125, 87.125, 5.089901355297615e-22, nan 
83.375, 87.125, 4.89019482161404e-22, nan 
83.625, 87.125, 4.643796869998231e-22, nan 
83.875, 87.125, 4.710565563873994e-22, nan 
84.125, 87.125, 4.972679215069742e-22, nan 
84.375, 87.125, 6.183676500422343e-22, nan 
84.625, 87.125, 9.396410597204085e-22, nan 
84.875, 87.125, 9.402020800355482e-22, nan 
85.125, 87.125, 9.4491098440969e-22, nan 
85.375, 87.125, 9.584258181266556e-22, nan 
85.625, 87.125, 9.786268280628266e-22, nan 
85.875, 87.125, 9.93834980323483e-22, nan 
86.125, 87.125, 1.0272728356019021e-21, nan 
86.375, 87.125, 1.0591879813270061e-21, nan 
86.625, 87.125, 1.0876359956225849e-21, nan 
86.875, 87.125, 1.1052139703505432e-21, nan 
87.125, 87.125, 1.0247662265796331e-21, nan 
87.375, 87.125, 7.383039873204902e-22, nan 
87.625, 87.125, 6.308391203980742e-22, nan 
87.875, 87.125, 6.062956098717414e-22, nan 
88.125, 87.125, 6.087981730841756e-22, nan 
88.375, 87.125, 6.260005900324567e-22, nan 
88.625, 87.125, 6.534977920003647e-22, nan 
88.875, 87.125, 6.820024045644727e-22, nan 
89.125, 87.125, 7.356526575280358e-22, nan 
89.375, 87.125, 7.791718931194763e-22, nan 
89.625, 87.125, 7.865432850300827e-22, nan 
89.875, 87.125, 8.077378280879537e-22, nan 
90.125, 87.125, 8.220068969272958e-22, nan 
90.375, 87.125, 8.479197890833764e-22, nan 
90.625, 87.125, 8.693196846708976e-22, nan 
90.875, 87.125, 8.752653016895441e-22, nan 
91.125, 87.125, 8.412883604450501e-22, nan 
91.375, 87.125, 8.291373053649805e-22, nan 
91.625, 87.125, 8.425236095430089e-22, nan 
91.875, 87.125, 9.065558696619985e-22, nan 
92.125, 87.125, 1.0203165099764532e-21, nan 
92.375, 87.125, 1.2804616258276729e-21, nan 
92.625, 87.125, 1.2073435044722777e-21, nan 
92.875, 87.125, 1.1142269314451151e-21, nan 
93.125, 87.125, 1.0121542876420841e-21, nan 
93.375, 87.125, 9.712282776911761e-22, nan 
93.625, 87.125, 9.59632240187404e-22, nan 
93.875, 87.125, 1.040469955412315e-21, nan 
94.125, 87.125, 1.162670950404477e-21, nan 
94.375, 87.125, 1.2300784628015453e-21, nan 
94.625, 87.125, 1.3327326737319496e-21, nan 
94.875, 87.125, 1.4116473017176136e-21, nan 
95.125, 87.125, 1.4812504754022768e-21, nan 
95.375, 87.125, 1.5285915235362e-21, nan 
95.625, 87.125, 1.5555789487007087e-21, nan 
95.875, 87.125, 1.5508985833738418e-21, nan 
96.125, 87.125, 1.5465731216203957e-21, nan 
96.375, 87.125, 1.5632526064480898e-21, nan 
96.625, 87.125, 1.6056651951687772e-21, nan 
96.875, 87.125, 1.6347071103725567e-21, nan 
97.125, 87.125, 1.663194250429932e-21, nan 
97.375, 87.125, 1.6283665664109969e-21, nan 
97.625, 87.125, 1.5913459761056013e-21, nan 
97.875, 87.125, 1.5220982355682937e-21, nan 
98.125, 87.125, 1.4763743878869272e-21, nan 
98.375, 87.125, 1.4252994192890578e-21, nan 
98.625, 87.125, 1.380119535641085e-21, nan 
98.875, 87.125, 1.3585790685618572e-21, nan 
99.125, 87.125, 1.3441319552470442e-21, nan 
99.375, 87.125, 1.319793622165269e-21, nan 
99.625, 87.125, 1.3031548123167957e-21, nan 
99.875, 87.125, 1.2974261058633601e-21, nan 
100.125, 87.125, 1.3002444756024673e-21, nan 
100.375, 87.125, 1.3020361330429218e-21, nan 
100.625, 87.125, 1.3064196531620098e-21, nan 
100.875, 87.125, 1.3134722243958886e-21, nan 
101.125, 87.125, 1.3504893038892827e-21, nan 
101.375, 87.125, 1.3561216954046821e-21, nan 
101.625, 87.125, 1.3596176978282386e-21, nan 
101.875, 87.125, 1.3418365352350574e-21, nan 
102.125, 87.125, 1.3840017382199732e-21, nan 
102.375, 87.125, 1.3483527002761019e-21, nan 
102.625, 87.125, 1.3102233288112811e-21, nan 
102.875, 87.125, 1.3016639293859473e-21, nan 
103.125, 87.125, 1.2972819150164345e-21, nan 
103.375, 87.125, 1.2720540196114184e-21, nan 
103.625, 87.125, 1.2848060397930007e-21, nan 
103.875, 87.125, 1.2990992602280144e-21, nan 
104.125, 87.125, 1.3516180187620987e-21, nan 
104.375, 87.125, 1.1813942883601916e-21, nan 
104.625, 87.125, 1.2488618169356441e-21, nan 
104.875, 87.125, 1.1634751977010534e-21, nan 
105.125, 87.125, 1.1742031282747391e-21, nan 
105.375, 87.125, 1.201449501732019e-21, nan 
105.625, 87.125, 1.1777077462542714e-21, nan 
105.875, 87.125, 1.080757954303661e-21, nan 
106.125, 87.125, 1.0849644347086078e-21, nan 
106.375, 87.125, 9.764172110760875e-22, nan 
106.625, 87.125, 8.614377049548927e-22, nan 
106.875, 87.125, 6.453604407536331e-22, nan 
107.125, 87.125, 5.611252701223593e-22, nan 
107.375, 87.125, 5.218024377037426e-22, nan 
107.625, 87.125, 6.851450387756443e-22, nan 
107.875, 87.125, 9.196368764332068e-22, nan 
108.125, 87.125, 6.674564643004912e-22, nan 
108.375, 87.125, 5.622763680535017e-22, nan 
108.625, 87.125, 6.667617748576944e-22, nan 
108.875, 87.125, 5.486959221669137e-22, nan 
109.125, 87.125, 4.4786341834676875e-22, nan 
109.375, 87.125, 3.4035004175067323e-22, nan 
109.625, 87.125, 6.500942252030033e-22, nan 
109.875, 87.125, 6.190157053575796e-22, nan 
110.125, 87.125, 6.208119253430136e-22, nan 
110.375, 87.125, 5.56356209968375e-22, nan 
110.625, 87.125, 4.713888769714174e-22, nan 
110.875, 87.125, 4.146438909096288e-22, nan 
111.125, 87.125, 3.882008171653773e-22, nan 
111.375, 87.125, 3.755254405505633e-22, nan 
111.625, 87.125, 3.7654356829467453e-22, nan 
111.875, 87.125, 3.838772333412162e-22, nan 
112.125, 87.125, 3.850769870956772e-22, nan 
112.375, 87.125, 3.720966781638812e-22, nan 
112.625, 87.125, 3.3464406290743372e-22, nan 
112.875, 87.125, 3.1440149229378537e-22, nan 
113.125, 87.125, 3.6213734271396028e-22, nan 
113.375, 87.125, 5.777070635920556e-22, nan 
113.625, 87.125, 6.519408712825333e-22, nan 
113.875, 87.125, 8.358085298144579e-22, nan 
114.125, 87.125, 8.328209971050196e-22, nan 
114.375, 87.125, 5.528077767949408e-22, nan 
114.625, 87.125, 3.726263478497035e-22, nan 
114.875, 87.125, 6.866337619681467e-22, nan 
115.125, 87.125, 8.67380618822641e-22, nan 
115.375, 87.125, 9.948102857562416e-22, nan 
115.625, 87.125, 1.082918790299155e-21, nan 
115.875, 87.125, 1.1460693396488076e-21, nan 
116.125, 87.125, 1.1892008401439942e-21, nan 
116.375, 87.125, 5.53988638452171e-22, nan 
116.625, 87.125, 5.428698812683813e-22, nan 
116.875, 87.125, 4.8898937854686e-22, nan 
117.125, 87.125, 4.712206228740374e-22, nan 
117.375, 87.125, 3.6528743102008055e-22, nan 
117.625, 87.125, 4.845722861882162e-22, nan 
117.875, 87.125, 8.621437962527748e-22, nan 
118.125, 87.125, 1.0574736507807667e-21, nan 
118.375, 87.125, 1.1627892090564616e-21, nan 
118.625, 87.125, 1.2830072518509389e-21, nan 
118.875, 87.125, 1.3680275635114548e-21, nan 
119.125, 87.125, 1.4106108737163846e-21, nan 
119.375, 87.125, 9.896668464824054e-22, nan 
119.625, 87.125, 8.069984192699171e-22, nan 
119.875, 87.125, 7.000433955746682e-22, nan 
120.125, 87.125, 6.322936026693997e-22, nan 
120.375, 87.125, 3.9501619514490774e-22, nan 
120.625, 87.125, 3.2173697532491424e-22, nan 
120.875, 87.125, 4.056931099016612e-22, nan 
121.125, 87.125, 3.4619087738758817e-22, nan 
121.375, 87.125, 2.483498361058425e-22, nan 
121.625, 87.125, 4.981250168234288e-22, nan 
121.875, 87.125, 1.0219825924697436e-21, nan 
122.125, 87.125, 1.2298961647482441e-21, nan 
122.375, 87.125, 1.3077368419545048e-21, nan 
122.625, 87.125, 1.3265767429695632e-21, nan 
122.875, 87.125, 1.2966178131900815e-21, nan 
123.125, 87.125, 1.2556167815317542e-21, nan 
123.375, 87.125, 1.1676217914229205e-21, nan 
123.625, 87.125, 1.0641174169555678e-21, nan 
123.875, 87.125, 9.636706835262342e-22, nan 
124.125, 87.125, 7.722759840042311e-22, nan 
124.375, 87.125, 6.424947734274339e-22, nan 
124.625, 87.125, 1.1788154044388687e-21, nan 
124.875, 87.125, 1.3247313754462782e-21, nan 
125.125, 87.125, 9.912642712002223e-22, nan 
125.375, 87.125, 1.086062697621618e-21, nan 
125.625, 87.125, 1.2140569265588284e-21, nan 
125.875, 87.125, 1.289925876476624e-21, nan 
126.125, 87.125, 1.3007265804400358e-21, nan 
126.375, 87.125, 1.2487331595174124e-21, nan 
126.625, 87.125, 1.163785677551062e-21, nan 
126.875, 87.125, 1.1491164323263627e-21, nan 
127.125, 87.125, 1.2048341497791796e-21, nan 
127.375, 87.125, 1.3052702201492052e-21, nan 
127.625, 87.125, 1.522464010069457e-21, nan 
127.875, 87.125, 1.8740943190046623e-21, nan 
128.125, 87.125, 1.8335547519027575e-21, nan 
128.375, 87.125, 1.5486465806980703e-21, nan 
128.625, 87.125, 1.4555593970313628e-21, nan 
128.875, 87.125, 1.4363664159290547e-21, nan 
129.125, 87.125, 1.4315268838625187e-21, nan 
129.375, 87.125, 1.467296114627259e-21, nan 
129.625, 87.125, 1.489739030547509e-21, nan 
129.875, 87.125, 1.5308721592638725e-21, nan 
130.125, 87.125, 1.6524363229509393e-21, nan 
130.375, 87.125, 1.9523742181426535e-21, nan 
130.625, 87.125, 2.581902386226777e-21, nan 
130.875, 87.125, 2.6675444249488735e-21, nan 
131.125, 87.125, 2.6316098405945262e-21, nan 
131.375, 87.125, 2.6509315045153178e-21, nan 
131.625, 87.125, 2.660537638722695e-21, nan 
131.875, 87.125, 2.7121982725737894e-21, nan 
132.125, 87.125, 2.775107189657254e-21, nan 
132.375, 87.125, 2.8612214413933555e-21, nan 
132.625, 87.125, 2.874034804000617e-21, nan 
132.875, 87.125, 2.9009429496672772e-21, nan 
133.125, 87.125, 2.9013911495880355e-21, nan 
133.375, 87.125, 2.8797312091127792e-21, nan 
133.625, 87.125, 2.7831203759092816e-21, nan 
133.875, 87.125, 2.6466005026836485e-21, nan 
134.125, 87.125, 1.9990685761775273e-21, nan 
134.375, 87.125, 1.708669967608539e-21, nan 
134.625, 87.125, 1.6006769470578697e-21, nan 
134.875, 87.125, 1.515138696439249e-21, nan 
135.125, 87.125, 1.4505835807887536e-21, nan 
135.375, 87.125, 1.3527947024636022e-21, nan 
135.625, 87.125, 1.2600966319191234e-21, nan 
135.875, 87.125, 1.2126148318208923e-21, nan 
136.125, 87.125, 1.2598893757305287e-21, nan 
136.375, 87.125, 1.4205199464034782e-21, nan 
136.625, 87.125, 1.921039347935479e-21, nan 
136.875, 87.125, 2.785178745015771e-21, nan 
137.125, 87.125, 1.9383368351302157e-21, nan 
137.375, 87.125, 1.5399811652728572e-21, nan 
137.625, 87.125, 1.488204860043934e-21, nan 
137.875, 87.125, 1.537810387474408e-21, nan 
138.125, 87.125, 1.6831175781868782e-21, nan 
138.375, 87.125, 1.880669120264497e-21, nan 
138.625, 87.125, 2.0975968013855764e-21, nan 
138.875, 87.125, 2.2594367625750605e-21, nan 
139.125, 87.125, 2.434495374739114e-21, nan 
139.375, 87.125, 2.462246726148285e-21, nan 
139.625, 87.125, 2.4269093937386034e-21, nan 
139.875, 87.125, 2.4323059616796725e-21, nan 
140.125, 87.125, 2.455073896870792e-21, nan 
140.375, 87.125, 2.359869444960665e-21, nan 
140.625, 87.125, 2.4839836612450017e-21, nan 
140.875, 87.125, 3.1240085575945627e-21, nan 
141.125, 87.125, 3.2861630406131756e-21, nan 
141.375, 87.125, 3.4291704657036415e-21, nan 
141.625, 87.125, 3.5652197028997275e-21, nan 
141.875, 87.125, 3.653577579965968e-21, nan 
142.125, 87.125, 3.716352460373496e-21, nan 
142.375, 87.125, 3.772709411161331e-21, nan 
142.625, 87.125, 3.712953530084507e-21, nan 
142.875, 87.125, 3.669320937782972e-21, nan 
143.125, 87.125, 3.654734220544539e-21, nan 
143.375, 87.125, 3.6256087716848614e-21, nan 
143.625, 87.125, 3.3532709620857717e-21, nan 
143.875, 87.125, 2.7337859829147173e-21, nan 
144.125, 87.125, 2.974028183157261e-21, nan 
144.375, 87.125, 3.3048648324620782e-21, nan 
144.625, 87.125, 3.707242546480036e-21, nan 
144.875, 87.125, 3.723237544498029e-21, nan 
145.125, 87.125, 3.715723102060501e-21, nan 
145.375, 87.125, 3.7088608328829316e-21, nan 
145.625, 87.125, 3.736050141928873e-21, nan 
145.875, 87.125, 3.796911106851953e-21, nan 
146.125, 87.125, 3.8656222218759625e-21, nan 
146.375, 87.125, 3.900413898162672e-21, nan 
146.625, 87.125, 2.7619287327683655e-21, nan 
146.875, 87.125, 2.322485570946009e-21, nan 
147.125, 87.125, 2.2268035387758084e-21, nan 
147.375, 87.125, 2.2404342722385967e-21, nan 
147.625, 87.125, 2.2928569817508633e-21, nan 
147.875, 87.125, 2.33016602449044e-21, nan 
148.125, 87.125, 2.3597160220591904e-21, nan 
148.375, 87.125, 2.3493619689366244e-21, nan 
148.625, 87.125, 2.4125652471868464e-21, nan 
148.875, 87.125, 2.6096573574581906e-21, nan 
149.125, 87.125, 2.8658841076508813e-21, nan 
149.375, 87.125, 3.512461600794397e-21, nan 
149.625, 87.125, 4.846832075936379e-21, nan 
149.875, 87.125, 4.539456971290896e-21, nan 
150.125, 87.125, 3.1902858782590544e-21, nan 
150.375, 87.125, 2.586585045038101e-21, nan 
150.625, 87.125, 2.527278749365313e-21, nan 
150.875, 87.125, 2.914076969710457e-21, nan 
151.125, 87.125, 4.084163639049751e-21, nan 
151.375, 87.125, 3.9765242411322235e-21, nan 
151.625, 87.125, 3.939444716667022e-21, nan 
151.875, 87.125, 3.924188301723086e-21, nan 
152.125, 87.125, 4.00889311910287e-21, nan 
152.375, 87.125, 4.157492296962254e-21, nan 
152.625, 87.125, 4.326872985521802e-21, nan 
152.875, 87.125, 4.5558593951422176e-21, nan 
153.125, 87.125, 4.821259595559341e-21, nan 
153.375, 87.125, 4.979128718106919e-21, nan 
153.625, 87.125, 5.0315167644405576e-21, nan 
153.875, 87.125, 4.078589648030704e-21, nan 
154.125, 87.125, 3.722409597161071e-21, nan 
154.375, 87.125, 3.6834827154742516e-21, nan 
154.625, 87.125, 3.755850905999477e-21, nan 
154.875, 87.125, 3.922578613376995e-21, nan 
155.125, 87.125, 4.423026459042072e-21, nan 
155.375, 87.125, 5.781446212744699e-21, nan 
155.625, 87.125, 5.781391794623683e-21, nan 
155.875, 87.125, 5.689591253549776e-21, nan 
156.125, 87.125, 5.549559683652334e-21, nan 
156.375, 87.125, 5.225607771631439e-21, nan 
156.625, 87.125, 5.0116582121994225e-21, nan 
156.875, 87.125, 4.571789764785276e-21, nan 
157.125, 87.125, 4.222112432761775e-21, nan 
157.375, 87.125, 3.966283821421281e-21, nan 
157.625, 87.125, 3.9784633626249995e-21, nan 
157.875, 87.125, 4.223274063051231e-21, nan 
158.125, 87.125, 4.51832145928538e-21, nan 
158.375, 87.125, 4.717769535812112e-21, nan 
158.625, 87.125, 4.877068670005811e-21, nan 
158.875, 87.125, 5.0210878559165265e-21, nan 
159.125, 87.125, 4.956073091123029e-21, nan 
159.375, 87.125, 4.792869036841482e-21, nan 
159.625, 87.125, 4.596810032378955e-21, nan 
159.875, 87.125, 4.33536196377408e-21, nan 
160.125, 87.125, 4.152905928354332e-21, nan 
160.375, 87.125, 4.066994148117237e-21, nan 
160.625, 87.125, 3.968795572034049e-21, nan 
160.875, 87.125, 3.788193291442779e-21, nan 
161.125, 87.125, 3.554192924612819e-21, nan 
161.375, 87.125, 3.3495722625075253e-21, nan 
161.625, 87.125, 2.970986301697014e-21, nan 
161.875, 87.125, 2.555560395149403e-21, nan 
162.125, 87.125, 2.041105372724258e-21, nan 
162.375, 87.125, 1.579694401281629e-21, nan 
162.625, 87.125, 1.2112839676188943e-21, nan 
162.875, 87.125, 1.0736711125289996e-21, nan 
163.125, 87.125, 1.0924355280305671e-21, nan 
163.375, 87.125, 1.1760790487024908e-21, nan 
163.625, 87.125, 1.2563277473340026e-21, nan 
163.875, 87.125, 1.3484728667070646e-21, nan 
164.125, 87.125, 1.4451802933931506e-21, nan 
164.375, 87.125, 1.5762764565358047e-21, nan 
164.625, 87.125, 1.6813899438793244e-21, nan 
164.875, 87.125, 1.900155279058814e-21, nan 
165.125, 87.125, 2.1713132659837993e-21, nan 
165.375, 87.125, 2.38662309906323e-21, nan 
165.625, 87.125, 2.7482212099990262e-21, nan 
165.875, 87.125, 2.985533164591193e-21, nan 
166.125, 87.125, 3.340473575314824e-21, nan 
166.375, 87.125, 3.540368850858688e-21, nan 
166.625, 87.125, 3.6251975338237154e-21, nan 
166.875, 87.125, 3.630308050242014e-21, nan 
167.125, 87.125, 3.585245451360078e-21, nan 
167.375, 87.125, 3.426255071882851e-21, nan 
167.625, 87.125, 3.237186741388116e-21, nan 
167.875, 87.125, 3.076746202873513e-21, nan 
168.125, 87.125, 2.8732947511448522e-21, nan 
168.375, 87.125, 3.0064852338781486e-21, nan 
168.625, 87.125, 2.757352594150738e-21, nan 
168.875, 87.125, 2.6391372174288733e-21, nan 
169.125, 87.125, 2.6875348333783707e-21, nan 
169.375, 87.125, 2.6717147423115526e-21, nan 
169.625, 87.125, 2.742209399493525e-21, nan 
169.875, 87.125, 2.993036120588845e-21, nan 
170.125, 87.125, 3.624589023937664e-21, nan 
170.375, 87.125, 4.423389775673999e-21, nan 
170.625, 87.125, 5.26404390581494e-21, nan 
170.875, 87.125, 5.9605397833227465e-21, nan 
171.125, 87.125, 6.486507352025703e-21, nan 
171.375, 87.125, 6.7077157919353485e-21, nan 
171.625, 87.125, 6.6770362741270434e-21, nan 
171.875, 87.125, 6.5840418640906296e-21, nan 
172.125, 87.125, 6.336416352972772e-21, nan 
172.375, 87.125, 6.283791051994701e-21, nan 
172.625, 87.125, 6.160878319735183e-21, nan 
172.875, 87.125, 6.0548401299866934e-21, nan 
173.125, 87.125, 5.952839427282664e-21, nan 
173.375, 87.125, 5.8641762019790736e-21, nan 
173.625, 87.125, 5.661216635670365e-21, nan 
173.875, 87.125, 4.3821183026401974e-21, nan 
174.125, 87.125, 3.538772795840072e-21, nan 
174.375, 87.125, 3.016277904524553e-21, nan 
174.625, 87.125, 2.861025930667104e-21, nan 
174.875, 87.125, 3.3623576975837487e-21, nan 
175.125, 87.125, 4.0705498637539355e-21, nan 
175.375, 87.125, 4.7095744124522056e-21, nan 
175.625, 87.125, 4.98233374085599e-21, nan 
175.875, 87.125, 5.20636723983286e-21, nan 
176.125, 87.125, 5.248969652518096e-21, nan 
176.375, 87.125, 4.9605613562580885e-21, nan 
176.625, 87.125, 4.6467455259866955e-21, nan 
176.875, 87.125, 4.249004498595847e-21, nan 
177.125, 87.125, 3.904850324193056e-21, nan 
177.375, 87.125, 3.6654094127784835e-21, nan 
177.625, 87.125, 3.505622834401604e-21, nan 
177.875, 87.125, 3.394720126664505e-21, nan 
178.125, 87.125, 3.3081045194210766e-21, nan 
178.375, 87.125, 3.1930006650857824e-21, nan 
178.625, 87.125, 2.8374802340065733e-21, nan 
178.875, 87.125, 2.3665167901874553e-21, nan 
179.125, 87.125, 1.9019161502796616e-21, nan 
179.375, 87.125, 1.3824180733298136e-21, nan 
179.625, 87.125, 1.0761229665892218e-21, nan 
179.875, 87.125, 1.0781145398579538e-21, nan 
-179.875, 87.375, 1.1939780694282448e-21, nan 
-179.625, 87.375, 1.2958152607847332e-21, nan 
-179.375, 87.375, 1.1860218297986425e-21, nan 
-179.125, 87.375, 1.0722213309952648e-21, nan 
-178.875, 87.375, 1.2203212400353378e-21, nan 
-178.625, 87.375, 1.3157892937273051e-21, nan 
-178.375, 87.375, 1.2526500044661406e-21, nan 
-178.125, 87.375, 1.430149040318064e-21, nan 
-177.875, 87.375, 1.5531878601419457e-21, nan 
-177.625, 87.375, 1.6649276942763514e-21, nan 
-177.375, 87.375, 1.7860909323425237e-21, nan 
-177.125, 87.375, 2.3538108108422047e-21, nan 
-176.875, 87.375, 3.635924902208314e-21, nan 
-176.625, 87.375, 3.665551908968002e-21, nan 
-176.375, 87.375, 3.682161052720369e-21, nan 
-176.125, 87.375, 4.007156209312352e-21, nan 
-175.875, 87.375, 3.2837498582786884e-21, nan 
-175.625, 87.375, 1.4777371087954722e-21, nan 
-175.375, 87.375, 1.7500310385084858e-21, nan 
-175.125, 87.375, 1.9718449907206322e-21, nan 
-174.875, 87.375, 2.092633498113574e-21, nan 
-174.625, 87.375, 2.594732735198804e-21, nan 
-174.375, 87.375, 3.037308806400329e-21, nan 
-174.125, 87.375, 2.8016010021910134e-21, nan 
-173.875, 87.375, 1.9907477599736654e-21, nan 
-173.625, 87.375, 1.7110947656586713e-21, nan 
-173.375, 87.375, 1.8147223446922698e-21, nan 
-173.125, 87.375, 2.282780572718839e-21, nan 
-172.875, 87.375, 2.6061869772110765e-21, nan 
-172.625, 87.375, 2.8172060835027923e-21, nan 
-172.375, 87.375, 2.926380412997737e-21, nan 
-172.125, 87.375, 2.9384375873464967e-21, nan 
-171.875, 87.375, 3.2511243947875604e-21, nan 
-171.625, 87.375, 3.799816481519387e-21, nan 
-171.375, 87.375, 3.8044242209039466e-21, nan 
-171.125, 87.375, 3.8086795400901724e-21, nan 
-170.875, 87.375, 3.98672543781233e-21, nan 
-170.625, 87.375, 3.68160727303783e-21, nan 
-170.375, 87.375, 2.890573845713125e-21, nan 
-170.125, 87.375, 2.775815347251049e-21, nan 
-169.875, 87.375, 2.850308894025629e-21, nan 
-169.625, 87.375, 2.8713018267913494e-21, nan 
-169.375, 87.375, 2.8713550443780368e-21, nan 
-169.125, 87.375, 3.3247879843574195e-21, nan 
-168.875, 87.375, 3.3384954780905325e-21, nan 
-168.625, 87.375, 2.988839708599783e-21, nan 
-168.375, 87.375, 2.8041504863518785e-21, nan 
-168.125, 87.375, 2.7411496965025376e-21, nan 
-167.875, 87.375, 2.8373973199017444e-21, nan 
-167.625, 87.375, 2.767216638629176e-21, nan 
-167.375, 87.375, 2.6752551608791446e-21, nan 
-167.125, 87.375, 2.5870459808958937e-21, nan 
-166.875, 87.375, 2.480972137419712e-21, nan 
-166.625, 87.375, 2.4265071633021448e-21, nan 
-166.375, 87.375, 2.2857759717609327e-21, nan 
-166.125, 87.375, 2.0028396124417624e-21, nan 
-165.875, 87.375, 2.1503252491647304e-21, nan 
-165.625, 87.375, 1.6159604320052107e-21, nan 
-165.375, 87.375, 1.4450337218138654e-21, nan 
-165.125, 87.375, 1.207963543320569e-21, nan 
-164.875, 87.375, 1.3009349653561647e-21, nan 
-164.625, 87.375, 1.044713610210969e-21, nan 
-164.375, 87.375, 9.369850793033826e-22, nan 
-164.125, 87.375, 1.5245862062781008e-21, nan 
-163.875, 87.375, 1.9877655434400167e-21, nan 
-163.625, 87.375, 2.0980863211887617e-21, nan 
-163.375, 87.375, 2.0233751874151155e-21, nan 
-163.125, 87.375, 1.911787906264221e-21, nan 
-162.875, 87.375, 1.4981800290438902e-21, nan 
-162.625, 87.375, 1.3838345338117535e-21, nan 
-162.375, 87.375, 1.3433170743468079e-21, nan 
-162.125, 87.375, 1.2745068098296584e-21, nan 
-161.875, 87.375, 1.2440281715086138e-21, nan 
-161.625, 87.375, 1.227978582974023e-21, nan 
-161.375, 87.375, 1.2492853128058004e-21, nan 
-161.125, 87.375, 1.2701730366500893e-21, nan 
-160.875, 87.375, 1.2065457065037124e-21, nan 
-160.625, 87.375, 9.713400762981551e-22, nan 
-160.375, 87.375, 8.510207133585479e-22, nan 
-160.125, 87.375, 7.025771867561483e-22, nan 
-159.875, 87.375, 4.896723584849481e-22, nan 
-159.625, 87.375, 6.226015587333836e-22, nan 
-159.375, 87.375, 6.61595540657814e-22, nan 
-159.125, 87.375, 7.167887541408066e-22, nan 
-158.875, 87.375, 7.694186006832892e-22, nan 
-158.625, 87.375, 8.013210207073787e-22, nan 
-158.375, 87.375, 7.700792830880277e-22, nan 
-158.125, 87.375, 7.20346544788862e-22, nan 
-157.875, 87.375, 5.978331946834985e-22, nan 
-157.625, 87.375, 4.811262570844978e-22, nan 
-157.375, 87.375, 4.682784813438837e-22, nan 
-157.125, 87.375, 5.038651958127144e-22, nan 
-156.875, 87.375, 5.168470999926376e-22, nan 
-156.625, 87.375, 5.552022168524679e-22, nan 
-156.375, 87.375, 6.217257751014678e-22, nan 
-156.125, 87.375, 7.609686987257981e-22, nan 
-155.875, 87.375, 9.415536141015723e-22, nan 
-155.625, 87.375, 1.0799398637577505e-21, nan 
-155.375, 87.375, 9.87482271757377e-22, nan 
-155.125, 87.375, 8.570512787599526e-22, nan 
-154.875, 87.375, 7.293496875388687e-22, nan 
-154.625, 87.375, 6.461430926739497e-22, nan 
-154.375, 87.375, 6.575405030129429e-22, nan 
-154.125, 87.375, 7.031428332397718e-22, nan 
-153.875, 87.375, 7.098871500578693e-22, nan 
-153.625, 87.375, 8.309648546300862e-22, nan 
-153.375, 87.375, 9.67346920619897e-22, nan 
-153.125, 87.375, 1.0168661360479924e-21, nan 
-152.875, 87.375, 9.931277219970935e-22, nan 
-152.625, 87.375, 8.782126472241797e-22, nan 
-152.375, 87.375, 8.215020070108608e-22, nan 
-152.125, 87.375, 7.459746138572674e-22, nan 
-151.875, 87.375, 6.755852676071189e-22, nan 
-151.625, 87.375, 6.3919154735509485e-22, nan 
-151.375, 87.375, 6.2586785207196745e-22, nan 
-151.125, 87.375, 6.410876186307771e-22, nan 
-150.875, 87.375, 6.85253228526159e-22, nan 
-150.625, 87.375, 7.376502652528559e-22, nan 
-150.375, 87.375, 7.653654528303501e-22, nan 
-150.125, 87.375, 7.246689282478982e-22, nan 
-149.875, 87.375, 6.448595866149077e-22, nan 
-149.625, 87.375, 5.760198643896756e-22, nan 
-149.375, 87.375, 5.107628868412159e-22, nan 
-149.125, 87.375, 4.0856667531352515e-22, nan 
-148.875, 87.375, 3.477804935238153e-22, nan 
-148.625, 87.375, 3.919555835653287e-22, nan 
-148.375, 87.375, 4.269775940912432e-22, nan 
-148.125, 87.375, 4.930963353676573e-22, nan 
-147.875, 87.375, 6.151516968420753e-22, nan 
-147.625, 87.375, 6.552730491521638e-22, nan 
-147.375, 87.375, 6.781808354601763e-22, nan 
-147.125, 87.375, 7.262935762455965e-22, nan 
-146.875, 87.375, 6.929045568131926e-22, nan 
-146.625, 87.375, 3.4721973110592483e-22, nan 
-146.375, 87.375, 4.574562014688986e-22, nan 
-146.125, 87.375, 4.752797822326018e-22, nan 
-145.875, 87.375, 4.850067516544378e-22, nan 
-145.625, 87.375, 4.74280528854635e-22, nan 
-145.375, 87.375, 2.91336380118651e-22, nan 
-145.125, 87.375, 3.497458399685022e-22, nan 
-144.875, 87.375, 3.035573425644705e-22, nan 
-144.625, 87.375, 2.724549261273256e-22, nan 
-144.375, 87.375, 3.3768395536598097e-22, nan 
-144.125, 87.375, 4.0133921033172204e-22, nan 
-143.875, 87.375, 4.1456806520580895e-22, nan 
-143.625, 87.375, 4.6722050765595415e-22, nan 
-143.375, 87.375, 5.038995364566092e-22, nan 
-143.125, 87.375, 6.306482677811853e-22, nan 
-142.875, 87.375, 7.212077618234961e-22, nan 
-142.625, 87.375, 5.5272210902535405e-22, nan 
-142.375, 87.375, 5.013744248444117e-22, nan 
-142.125, 87.375, 4.567528452367955e-22, nan 
-141.875, 87.375, 4.254117573407495e-22, nan 
-141.625, 87.375, 4.7623002128602475e-22, nan 
-141.375, 87.375, 5.078577190997966e-22, nan 
-141.125, 87.375, 5.329712421398266e-22, nan 
-140.875, 87.375, 5.493633168280545e-22, nan 
-140.625, 87.375, 5.24954722692593e-22, nan 
-140.375, 87.375, 5.320750595237683e-22, nan 
-140.125, 87.375, 5.391625410497247e-22, nan 
-139.875, 87.375, 5.928742359151093e-22, nan 
-139.625, 87.375, 5.631393425993741e-22, nan 
-139.375, 87.375, 5.154746486827339e-22, nan 
-139.125, 87.375, 4.548610062193867e-22, nan 
-138.875, 87.375, 4.1011432075531943e-22, nan 
-138.625, 87.375, 3.9017922722679858e-22, nan 
-138.375, 87.375, 4.0221400822798676e-22, nan 
-138.125, 87.375, 4.1285540637842606e-22, nan 
-137.875, 87.375, 5.972769112182344e-22, nan 
-137.625, 87.375, 6.532315886750715e-22, nan 
-137.375, 87.375, 6.620125505476901e-22, nan 
-137.125, 87.375, 5.740657292897106e-22, nan 
-136.875, 87.375, 5.545759090172267e-22, nan 
-136.625, 87.375, 5.650481684578665e-22, nan 
-136.375, 87.375, 5.774983138956591e-22, nan 
-136.125, 87.375, 4.466296090263289e-22, nan 
-135.875, 87.375, 3.7621596552804772e-22, nan 
-135.625, 87.375, 3.247413586423674e-22, nan 
-135.375, 87.375, 3.447655936374198e-22, nan 
-135.125, 87.375, 3.4655807316343175e-22, nan 
-134.875, 87.375, 3.0696069632074555e-22, nan 
-134.625, 87.375, 2.788633262346742e-22, nan 
-134.375, 87.375, 2.4103888254927224e-22, nan 
-134.125, 87.375, 1.9226010170217168e-22, nan 
-133.875, 87.375, 2.408888972785731e-22, nan 
-133.625, 87.375, 3.203369932612842e-22, nan 
-133.375, 87.375, 1.2413485181909142e-22, nan 
-133.125, 87.375, 6.778481224599568e-23, nan 
-132.875, 87.375, 2.953126597999192e-22, nan 
-132.625, 87.375, 4.863877338986876e-22, nan 
-132.375, 87.375, 4.0323261862259426e-22, nan 
-132.125, 87.375, 2.704812082046372e-22, nan 
-131.875, 87.375, 2.2359802897539803e-22, nan 
-131.625, 87.375, 2.9455242547516707e-22, nan 
-131.375, 87.375, 5.133098455617555e-22, nan 
-131.125, 87.375, 6.314444154623191e-22, nan 
-130.875, 87.375, 4.045285045858097e-22, nan 
-130.625, 87.375, 2.9029578173104366e-22, nan 
-130.375, 87.375, 3.3033139609696305e-22, nan 
-130.125, 87.375, 4.182875283383447e-22, nan 
-129.875, 87.375, 3.675577713357761e-22, nan 
-129.625, 87.375, 2.841432846469025e-22, nan 
-129.375, 87.375, 2.6673278910690243e-22, nan 
-129.125, 87.375, 2.8036805653106917e-22, nan 
-128.875, 87.375, 2.93765499705789e-22, nan 
-128.625, 87.375, 3.702975578737573e-22, nan 
-128.375, 87.375, 4.493636055993188e-22, nan 
-128.125, 87.375, 1.3607878718489986e-22, nan 
-127.875, 87.375, 2.0325838317806872e-22, nan 
-127.625, 87.375, 4.819471718582532e-22, nan 
-127.375, 87.375, 7.507446139714794e-22, nan 
-127.125, 87.375, 5.817748046066766e-22, nan 
-126.875, 87.375, 3.2054174717803153e-22, nan 
-126.625, 87.375, 3.0554749915579224e-22, nan 
-126.375, 87.375, 3.2265868998496173e-22, nan 
-126.125, 87.375, 3.73327010157178e-22, nan 
-125.875, 87.375, 4.209438372600671e-22, nan 
-125.625, 87.375, 3.5803680321895895e-22, nan 
-125.375, 87.375, 3.369227135662599e-22, nan 
-125.125, 87.375, 3.591389953514313e-22, nan 
-124.875, 87.375, 3.7922716038993368e-22, nan 
-124.625, 87.375, 3.7488837480767514e-22, nan 
-124.375, 87.375, 3.8433190330302114e-22, nan 
-124.125, 87.375, 4.309343957789473e-22, nan 
-123.875, 87.375, 4.527967708789383e-22, nan 
-123.625, 87.375, 4.7467578152198605e-22, nan 
-123.375, 87.375, 5.341571841456653e-22, nan 
-123.125, 87.375, 5.776898077668295e-22, nan 
-122.875, 87.375, 5.239754778981378e-22, nan 
-122.625, 87.375, 6.272986985239108e-22, nan 
-122.375, 87.375, 7.200068140105204e-22, nan 
-122.125, 87.375, 8.1037631569980825e-22, nan 
-121.875, 87.375, 8.082811583913833e-22, nan 
-121.625, 87.375, 7.755735627119789e-22, nan 
-121.375, 87.375, 7.693168648347609e-22, nan 
-121.125, 87.375, 7.655899048890904e-22, nan 
-120.875, 87.375, 7.563751516541997e-22, nan 
-120.625, 87.375, 7.480069227250963e-22, nan 
-120.375, 87.375, 7.396414399555523e-22, nan 
-120.125, 87.375, 7.57813631302079e-22, nan 
-119.875, 87.375, 8.571670649329874e-22, nan 
-119.625, 87.375, 8.159232195787128e-22, nan 
-119.375, 87.375, 8.091222420242626e-22, nan 
-119.125, 87.375, 8.207531937127717e-22, nan 
-118.875, 87.375, 8.343202895465109e-22, nan 
-118.625, 87.375, 8.503619238184967e-22, nan 
-118.375, 87.375, 8.754215536928204e-22, nan 
-118.125, 87.375, 9.008777227289132e-22, nan 
-117.875, 87.375, 8.823714574998484e-22, nan 
-117.625, 87.375, 8.343144670558742e-22, nan 
-117.375, 87.375, 8.368234339505562e-22, nan 
-117.125, 87.375, 8.583396431012921e-22, nan 
-116.875, 87.375, 8.887072853334247e-22, nan 
-116.625, 87.375, 9.350826674005988e-22, nan 
-116.375, 87.375, 9.82614354463198e-22, nan 
-116.125, 87.375, 1.003527678562145e-21, nan 
-115.875, 87.375, 9.994933972471976e-22, nan 
-115.625, 87.375, 9.812300531406166e-22, nan 
-115.375, 87.375, 9.531075045882656e-22, nan 
-115.125, 87.375, 9.135320628400788e-22, nan 
-114.875, 87.375, 8.55684252467254e-22, nan 
-114.625, 87.375, 8.15322711771817e-22, nan 
-114.375, 87.375, 6.554363664883622e-22, nan 
-114.125, 87.375, 5.832718626002158e-22, nan 
-113.875, 87.375, 5.446124323003339e-22, nan 
-113.625, 87.375, 5.195727418931071e-22, nan 
-113.375, 87.375, 5.11987073096716e-22, nan 
-113.125, 87.375, 5.412257996037522e-22, nan 
-112.875, 87.375, 6.080157887271674e-22, nan 
-112.625, 87.375, 5.8549118998192e-22, nan 
-112.375, 87.375, 4.992784658132817e-22, nan 
-112.125, 87.375, 3.3639522354938894e-22, nan 
-111.875, 87.375, 2.8325074510005364e-22, nan 
-111.625, 87.375, 2.5293513657599868e-22, nan 
-111.375, 87.375, 2.384577916339855e-22, nan 
-111.125, 87.375, 2.430233046307061e-22, nan 
-110.875, 87.375, 2.633997020328679e-22, nan 
-110.625, 87.375, 1.9850814196159534e-22, nan 
-110.375, 87.375, 1.8876611226873786e-22, nan 
-110.125, 87.375, 1.783217550874823e-22, nan 
-109.875, 87.375, 1.6637691894692266e-22, nan 
-109.625, 87.375, 1.4792310258560625e-22, nan 
-109.375, 87.375, 1.4899871123384563e-22, nan 
-109.125, 87.375, 2.0017025506295002e-22, nan 
-108.875, 87.375, 2.6779826325250184e-22, nan 
-108.625, 87.375, 2.680583487167919e-22, nan 
-108.375, 87.375, 2.2271269489541175e-22, nan 
-108.125, 87.375, 1.5590396904964543e-22, nan 
-107.875, 87.375, 2.0210631631675882e-22, nan 
-107.625, 87.375, 2.6746915531573556e-22, nan 
-107.375, 87.375, 2.797127524375886e-22, nan 
-107.125, 87.375, 2.6639227406227856e-22, nan 
-106.875, 87.375, 2.5394061532159865e-22, nan 
-106.625, 87.375, 2.5587655676841734e-22, nan 
-106.375, 87.375, 2.2385841407864747e-22, nan 
-106.125, 87.375, 2.27540417127602e-22, nan 
-105.875, 87.375, 2.8850504328012244e-22, nan 
-105.625, 87.375, 3.244954117680027e-22, nan 
-105.375, 87.375, 3.4412153963509316e-22, nan 
-105.125, 87.375, 3.063018826866385e-22, nan 
-104.875, 87.375, 3.316085902816175e-22, nan 
-104.625, 87.375, 3.0713272382635867e-22, nan 
-104.375, 87.375, 4.260807895257404e-22, nan 
-104.125, 87.375, 4.621800884539314e-22, nan 
-103.875, 87.375, 4.553782577703511e-22, nan 
-103.625, 87.375, 3.6294139770991773e-22, nan 
-103.375, 87.375, 2.349061926349307e-22, nan 
-103.125, 87.375, 2.0215674324677517e-22, nan 
-102.875, 87.375, 2.4631278924703635e-22, nan 
-102.625, 87.375, 2.1798764582909715e-22, nan 
-102.375, 87.375, 2.475193908189079e-22, nan 
-102.125, 87.375, 2.68428205334862e-22, nan 
-101.875, 87.375, 2.622344531530685e-22, nan 
-101.625, 87.375, 2.415283404256581e-22, nan 
-101.375, 87.375, 2.2165834396201245e-22, nan 
-101.125, 87.375, 2.0233108676165382e-22, nan 
-100.875, 87.375, 2.4348164344463773e-22, nan 
-100.625, 87.375, 3.4169250032394044e-22, nan 
-100.375, 87.375, 4.011302027766613e-22, nan 
-100.125, 87.375, 3.9472577387687113e-22, nan 
-99.875, 87.375, 3.3478957913990343e-22, nan 
-99.625, 87.375, 3.970549819447549e-22, nan 
-99.375, 87.375, 3.5954797908281615e-22, nan 
-99.125, 87.375, 5.09976328160015e-22, nan 
-98.875, 87.375, 5.9160148924248035e-22, nan 
-98.625, 87.375, 6.299840365496389e-22, nan 
-98.375, 87.375, 4.7271148798078965e-22, nan 
-98.125, 87.375, 2.4058033332089766e-22, nan 
-97.875, 87.375, 2.5421913566040475e-22, nan 
-97.625, 87.375, 2.9161849323544356e-22, nan 
-97.375, 87.375, 2.5664574349078236e-22, nan 
-97.125, 87.375, 2.374439715375954e-22, nan 
-96.875, 87.375, 2.3435707791356204e-22, nan 
-96.625, 87.375, 2.3120608478776175e-22, nan 
-96.375, 87.375, 2.3126434086678435e-22, nan 
-96.125, 87.375, 2.32273010186909e-22, nan 
-95.875, 87.375, 2.4042591769670697e-22, nan 
-95.625, 87.375, 2.543965143070735e-22, nan 
-95.375, 87.375, 2.91955620082556e-22, nan 
-95.125, 87.375, 3.389471650499538e-22, nan 
-94.875, 87.375, 3.5016021414649613e-22, nan 
-94.625, 87.375, 3.5392102474244083e-22, nan 
-94.375, 87.375, 3.768484839145478e-22, nan 
-94.125, 87.375, 3.8199472891487036e-22, nan 
-93.875, 87.375, 4.281908345056225e-22, nan 
-93.625, 87.375, 4.908194258394505e-22, nan 
-93.375, 87.375, 5.470027860458623e-22, nan 
-93.125, 87.375, 5.187774926972253e-22, nan 
-92.875, 87.375, 4.830553980256762e-22, nan 
-92.625, 87.375, 4.842632710956164e-22, nan 
-92.375, 87.375, 4.8368364313541375e-22, nan 
-92.125, 87.375, 4.786764110490507e-22, nan 
-91.875, 87.375, 4.758004885962894e-22, nan 
-91.625, 87.375, 4.72553632394161e-22, nan 
-91.375, 87.375, 4.562785548629701e-22, nan 
-91.125, 87.375, 4.394218452603869e-22, nan 
-90.875, 87.375, 4.223879207137581e-22, nan 
-90.625, 87.375, 4.0347484890160585e-22, nan 
-90.375, 87.375, 3.8814037762869315e-22, nan 
-90.125, 87.375, 3.8585230519189107e-22, nan 
-89.875, 87.375, 4.313027423286306e-22, nan 
-89.625, 87.375, 4.218217660862093e-22, nan 
-89.375, 87.375, 4.0955763940357258e-22, nan 
-89.125, 87.375, 3.9666536213880072e-22, nan 
-88.875, 87.375, 3.7846652838993203e-22, nan 
-88.625, 87.375, 3.6397588640619427e-22, nan 
-88.375, 87.375, 3.6406998383086577e-22, nan 
-88.125, 87.375, 3.9774276479230978e-22, nan 
-87.875, 87.375, 3.9820650559003622e-22, nan 
-87.625, 87.375, 4.018121180029918e-22, nan 
-87.375, 87.375, 4.095432739369213e-22, nan 
-87.125, 87.375, 4.107549116240798e-22, nan 
-86.875, 87.375, 4.10881610049206e-22, nan 
-86.625, 87.375, 4.0882550505046107e-22, nan 
-86.375, 87.375, 4.1196335561394533e-22, nan 
-86.125, 87.375, 4.0492416538484993e-22, nan 
-85.875, 87.375, 3.8696867415264994e-22, nan 
-85.625, 87.375, 3.6256888497881325e-22, nan 
-85.375, 87.375, 3.2896690716421755e-22, nan 
-85.125, 87.375, 2.8773648494494346e-22, nan 
-84.875, 87.375, 2.3703618582168684e-22, nan 
-84.625, 87.375, 1.9549234984400041e-22, nan 
-84.375, 87.375, 1.8189042731194642e-22, nan 
-84.125, 87.375, 1.7172075626888474e-22, nan 
-83.875, 87.375, 1.3399292149616615e-22, nan 
-83.625, 87.375, 1.2258541218848801e-22, nan 
-83.375, 87.375, 1.4606285683298065e-22, nan 
-83.125, 87.375, 1.5886384327958195e-22, nan 
-82.875, 87.375, 1.509369580863303e-22, nan 
-82.625, 87.375, 1.7546986568321405e-22, nan 
-82.375, 87.375, 1.799527318123561e-22, nan 
-82.125, 87.375, 1.8934998830711354e-22, nan 
-81.875, 87.375, 1.9517739523572965e-22, nan 
-81.625, 87.375, 1.6331844478365326e-22, nan 
-81.375, 87.375, 1.5515245159215362e-22, nan 
-81.125, 87.375, 1.6336726538134289e-22, nan 
-80.875, 87.375, 1.6988648985768314e-22, nan 
-80.625, 87.375, 1.749073000972494e-22, nan 
-80.375, 87.375, 1.8909382411584763e-22, nan 
-80.125, 87.375, 2.094451718680354e-22, nan 
-79.875, 87.375, 1.8846054653888906e-22, nan 
-79.625, 87.375, 1.783966966962057e-22, nan 
-79.375, 87.375, 1.6749373665090503e-22, nan 
-79.125, 87.375, 1.5966521340752007e-22, nan 
-78.875, 87.375, 1.3996028298359188e-22, nan 
-78.625, 87.375, 1.3638782157137144e-22, nan 
-78.375, 87.375, 1.5123042552639326e-22, nan 
-78.125, 87.375, 1.3958000966158208e-22, nan 
-77.875, 87.375, 1.7343559529411776e-22, nan 
-77.625, 87.375, 1.7456490967470477e-22, nan 
-77.375, 87.375, 2.1674421391998187e-22, nan 
-77.125, 87.375, 2.9090415214472854e-22, nan 
-76.875, 87.375, 3.3454596461112847e-22, nan 
-76.625, 87.375, 3.385313279236984e-22, nan 
-76.375, 87.375, 3.2320912807430914e-22, nan 
-76.125, 87.375, 2.949791874917428e-22, nan 
-75.875, 87.375, 2.362699111546387e-22, nan 
-75.625, 87.375, 1.5757229288128394e-22, nan 
-75.375, 87.375, 1.7997331782685818e-22, nan 
-75.125, 87.375, 1.858638335412728e-22, nan 
-74.875, 87.375, 1.9692377363476943e-22, nan 
-74.625, 87.375, 1.8639888480632166e-22, nan 
-74.375, 87.375, 1.9458133337177313e-22, nan 
-74.125, 87.375, 1.8921422164109145e-22, nan 
-73.875, 87.375, 2.121402882483432e-22, nan 
-73.625, 87.375, 2.89341083446837e-22, nan 
-73.375, 87.375, 3.725200061251689e-22, nan 
-73.125, 87.375, 3.93181728668234e-22, nan 
-72.875, 87.375, 3.989394478187451e-22, nan 
-72.625, 87.375, 3.8419876963551415e-22, nan 
-72.375, 87.375, 3.663312825095841e-22, nan 
-72.125, 87.375, 3.083652792297603e-22, nan 
-71.875, 87.375, 3.422591311570103e-22, nan 
-71.625, 87.375, 3.7536005720179173e-22, nan 
-71.375, 87.375, 3.78121488758027e-22, nan 
-71.125, 87.375, 3.5832742761485205e-22, nan 
-70.875, 87.375, 3.2521739032659e-22, nan 
-70.625, 87.375, 2.8194446273576486e-22, nan 
-70.375, 87.375, 3.2489773487615126e-22, nan 
-70.125, 87.375, 3.0144611385400984e-22, nan 
-69.875, 87.375, 2.808287972308522e-22, nan 
-69.625, 87.375, 2.6005506215693684e-22, nan 
-69.375, 87.375, 2.3383517745177215e-22, nan 
-69.125, 87.375, 2.066813025032499e-22, nan 
-68.875, 87.375, 1.829698389009204e-22, nan 
-68.625, 87.375, 1.5764679853619668e-22, nan 
-68.375, 87.375, 1.768553873665612e-22, nan 
-68.125, 87.375, 3.154839494434309e-22, nan 
-67.875, 87.375, 3.892459889095052e-22, nan 
-67.625, 87.375, 3.7069493775194904e-22, nan 
-67.375, 87.375, 3.7227523223633303e-22, nan 
-67.125, 87.375, 2.935767893035518e-22, nan 
-66.875, 87.375, 1.7178444551623991e-22, nan 
-66.625, 87.375, 1.2840156222344258e-22, nan 
-66.375, 87.375, 1.3959706522375744e-22, nan 
-66.125, 87.375, 1.4785381967481943e-22, nan 
-65.875, 87.375, 1.4303034575680665e-22, nan 
-65.625, 87.375, 1.3380293613305607e-22, nan 
-65.375, 87.375, 1.3694339868787899e-22, nan 
-65.125, 87.375, 1.9510243580192008e-22, nan 
-64.875, 87.375, 1.998759267395669e-22, nan 
-64.625, 87.375, 2.0627153542081003e-22, nan 
-64.375, 87.375, 2.1041161555415526e-22, nan 
-64.125, 87.375, 2.100008105765651e-22, nan 
-63.875, 87.375, 2.297902923051855e-22, nan 
-63.625, 87.375, 2.195435677238319e-22, nan 
-63.375, 87.375, 1.9967084548139915e-22, nan 
-63.125, 87.375, 1.8512723123345789e-22, nan 
-62.875, 87.375, 2.229671627319602e-22, nan 
-62.625, 87.375, 2.5816568100911563e-22, nan 
-62.375, 87.375, 2.514368971100657e-22, nan 
-62.125, 87.375, 2.5676179394688026e-22, nan 
-61.875, 87.375, 2.2111506045676143e-22, nan 
-61.625, 87.375, 2.7237397538994836e-22, nan 
-61.375, 87.375, 3.206662090918148e-22, nan 
-61.125, 87.375, 3.074087445921885e-22, nan 
-60.875, 87.375, 2.609469013827194e-22, nan 
-60.625, 87.375, 2.257439747877842e-22, nan 
-60.375, 87.375, 2.0336433751849002e-22, nan 
-60.125, 87.375, 1.7470228131956554e-22, nan 
-59.875, 87.375, 2.1091189765310644e-22, nan 
-59.625, 87.375, 2.557474810335814e-22, nan 
-59.375, 87.375, 2.8477804267526426e-22, nan 
-59.125, 87.375, 2.5121531581805793e-22, nan 
-58.875, 87.375, 2.38433944230322e-22, nan 
-58.625, 87.375, 2.4868777567631458e-22, nan 
-58.375, 87.375, 1.9107087801599099e-22, nan 
-58.125, 87.375, 1.5462464150382616e-22, nan 
-57.875, 87.375, 1.5700726480512496e-22, nan 
-57.625, 87.375, 1.6796950055294364e-22, nan 
-57.375, 87.375, 1.8716318243002653e-22, nan 
-57.125, 87.375, 1.9905111507744585e-22, nan 
-56.875, 87.375, 2.1928031818779086e-22, nan 
-56.625, 87.375, 2.2800153728357403e-22, nan 
-56.375, 87.375, 2.597151854479017e-22, nan 
-56.125, 87.375, 3.287888640502256e-22, nan 
-55.875, 87.375, 3.1431667041398204e-22, nan 
-55.625, 87.375, 3.0136941037789086e-22, nan 
-55.375, 87.375, 3.0972100980259528e-22, nan 
-55.125, 87.375, 3.1815170950693107e-22, nan 
-54.875, 87.375, 3.324372081684463e-22, nan 
-54.625, 87.375, 3.3119811859478866e-22, nan 
-54.375, 87.375, 3.473447803358515e-22, nan 
-54.125, 87.375, 3.0247183512071268e-22, nan 
-53.875, 87.375, 2.8238967667736864e-22, nan 
-53.625, 87.375, 3.257739494156968e-22, nan 
-53.375, 87.375, 3.5870736622231055e-22, nan 
-53.125, 87.375, 3.4072481352381575e-22, nan 
-52.875, 87.375, 3.1453232364019643e-22, nan 
-52.625, 87.375, 2.984195901965008e-22, nan 
-52.375, 87.375, 2.747250451878478e-22, nan 
-52.125, 87.375, 2.584942972679431e-22, nan 
-51.875, 87.375, 2.494120583918078e-22, nan 
-51.625, 87.375, 2.476637736469042e-22, nan 
-51.375, 87.375, 2.4038588844865656e-22, nan 
-51.125, 87.375, 1.9980909983039648e-22, nan 
-50.875, 87.375, 1.5289135718462812e-22, nan 
-50.625, 87.375, 9.076184819539197e-23, nan 
-50.375, 87.375, 1.2052995444844135e-22, nan 
-50.125, 87.375, 1.6068906827570014e-22, nan 
-49.875, 87.375, 1.8313450406878222e-22, nan 
-49.625, 87.375, 1.8515261335685302e-22, nan 
-49.375, 87.375, 1.7593486660706415e-22, nan 
-49.125, 87.375, 1.6982334659211788e-22, nan 
-48.875, 87.375, 1.951044727682861e-22, nan 
-48.625, 87.375, 1.901919784811574e-22, nan 
-48.375, 87.375, 1.5941822686827807e-22, nan 
-48.125, 87.375, 1.2340155818078436e-22, nan 
-47.875, 87.375, 1.119804962695316e-22, nan 
-47.625, 87.375, 1.1457737383656046e-22, nan 
-47.375, 87.375, 1.2639753177505264e-22, nan 
-47.125, 87.375, 1.4508960780743674e-22, nan 
-46.875, 87.375, 1.5285641261204545e-22, nan 
-46.625, 87.375, 1.464098686661127e-22, nan 
-46.375, 87.375, 1.3524107994254259e-22, nan 
-46.125, 87.375, 1.255304173879278e-22, nan 
-45.875, 87.375, 1.2919951324174808e-22, nan 
-45.625, 87.375, 2.629298404119948e-22, nan 
-45.375, 87.375, 2.9832660510863876e-22, nan 
-45.125, 87.375, 1.3469795779895683e-22, nan 
-44.875, 87.375, 1.2761947512782051e-22, nan 
-44.625, 87.375, 1.5378947400892821e-22, nan 
-44.375, 87.375, 1.2588991646250027e-22, nan 
-44.125, 87.375, 8.662239583670741e-23, nan 
-43.875, 87.375, 7.400429084298697e-23, nan 
-43.625, 87.375, 1.4394397922211846e-22, nan 
-43.375, 87.375, 3.462773160733486e-22, nan 
-43.125, 87.375, 2.699485089476811e-22, nan 
-42.875, 87.375, 1.5949548334229773e-22, nan 
-42.625, 87.375, 9.773558133264813e-23, nan 
-42.375, 87.375, 8.581201187102459e-23, nan 
-42.125, 87.375, 8.910407790762164e-23, nan 
-41.875, 87.375, 9.154185154018515e-23, nan 
-41.625, 87.375, 9.212792877320995e-23, nan 
-41.375, 87.375, 9.126116823004817e-23, nan 
-41.125, 87.375, 8.637927315231508e-23, nan 
-40.875, 87.375, 8.532535951568128e-23, nan 
-40.625, 87.375, 1.265900955467375e-22, nan 
-40.375, 87.375, 4.71243576760656e-22, nan 
-40.125, 87.375, 5.956622849335479e-22, nan 
-39.875, 87.375, 3.041849304902622e-22, nan 
-39.625, 87.375, 1.6048274132047103e-22, nan 
-39.375, 87.375, 1.4774492752781663e-22, nan 
-39.125, 87.375, 1.122511026011464e-22, nan 
-38.875, 87.375, 9.257941686638567e-23, nan 
-38.625, 87.375, 7.508107961142852e-23, nan 
-38.375, 87.375, 1.980077644612054e-22, nan 
-38.125, 87.375, 5.565927816778392e-22, nan 
-37.875, 87.375, 3.808560826921715e-22, nan 
-37.625, 87.375, 1.8302442840370157e-22, nan 
-37.375, 87.375, 8.66849822505861e-23, nan 
-37.125, 87.375, 9.218646655451387e-23, nan 
-36.875, 87.375, 1.1303079488968926e-22, nan 
-36.625, 87.375, 1.3417467053302186e-22, nan 
-36.375, 87.375, 1.5490775978579128e-22, nan 
-36.125, 87.375, 2.406547771463104e-22, nan 
-35.875, 87.375, 4.173370336843568e-22, nan 
-35.625, 87.375, 4.884804347229907e-22, nan 
-35.375, 87.375, 4.176079367282483e-22, nan 
-35.125, 87.375, 3.401779843891859e-22, nan 
-34.875, 87.375, 3.3710140268440287e-22, nan 
-34.625, 87.375, 2.1193834192230373e-22, nan 
-34.375, 87.375, 1.522454894538466e-22, nan 
-34.125, 87.375, 1.234356672222969e-22, nan 
-33.875, 87.375, 7.988371552622869e-23, nan 
-33.625, 87.375, 5.814937004911755e-23, nan 
-33.375, 87.375, 5.751849134698036e-23, nan 
-33.125, 87.375, 1.5608182445212756e-22, nan 
-32.875, 87.375, 3.350566627887686e-22, nan 
-32.625, 87.375, 3.3881758139294866e-22, nan 
-32.375, 87.375, 3.6968595868329933e-22, nan 
-32.125, 87.375, 3.4700262017827457e-22, nan 
-31.875, 87.375, 1.9843784948996754e-22, nan 
-31.625, 87.375, 1.608808637013548e-22, nan 
-31.375, 87.375, 1.6976296939418045e-22, nan 
-31.125, 87.375, 1.8602685521591527e-22, nan 
-30.875, 87.375, 3.2657787592006843e-22, nan 
-30.625, 87.375, 6.60347590109136e-22, nan 
-30.375, 87.375, 7.67841208335835e-22, nan 
-30.125, 87.375, 6.293845377387634e-22, nan 
-29.875, 87.375, 2.4093049650716196e-22, nan 
-29.625, 87.375, 1.5002805774582037e-22, nan 
-29.375, 87.375, 1.1312848102268112e-22, nan 
-29.125, 87.375, 1.0920088883116515e-22, nan 
-28.875, 87.375, 1.2224848576464607e-22, nan 
-28.625, 87.375, 1.3342480708853311e-22, nan 
-28.375, 87.375, 1.5519055241180446e-22, nan 
-28.125, 87.375, 2.1005254197079596e-22, nan 
-27.875, 87.375, 2.1703103991635805e-22, nan 
-27.625, 87.375, 2.948960269198844e-22, nan 
-27.375, 87.375, 4.746391695548198e-22, nan 
-27.125, 87.375, 6.925971634982433e-22, nan 
-26.875, 87.375, 6.775450485991328e-22, nan 
-26.625, 87.375, 3.889561853758355e-22, nan 
-26.375, 87.375, 2.675418507254048e-22, nan 
-26.125, 87.375, 2.4150951662466554e-22, nan 
-25.875, 87.375, 1.365231620926581e-22, nan 
-25.625, 87.375, 9.31950189595873e-23, nan 
-25.375, 87.375, 1.988870880669226e-22, nan 
-25.125, 87.375, 3.0841344378536577e-22, nan 
-24.875, 87.375, 3.650295025008659e-22, nan 
-24.625, 87.375, 2.221427405301311e-22, nan 
-24.375, 87.375, 1.292324297481386e-22, nan 
-24.125, 87.375, 1.7979484193909847e-22, nan 
-23.875, 87.375, 2.0989231160285594e-22, nan 
-23.625, 87.375, 2.188654591176968e-22, nan 
-23.375, 87.375, 2.18711475036174e-22, nan 
-23.125, 87.375, 2.087706123272075e-22, nan 
-22.875, 87.375, 2.5179759442939086e-22, nan 
-22.625, 87.375, 1.9881293660278864e-22, nan 
-22.375, 87.375, 1.4075657423378732e-22, nan 
-22.125, 87.375, 1.8587171190638906e-22, nan 
-21.875, 87.375, 3.407618904511111e-22, nan 
-21.625, 87.375, 3.6558971657035995e-22, nan 
-21.375, 87.375, 1.9655282955075749e-22, nan 
-21.125, 87.375, 9.01131831608587e-23, nan 
-20.875, 87.375, 8.455432742998084e-23, nan 
-20.625, 87.375, 1.0853385441362786e-22, nan 
-20.375, 87.375, 1.4579781359656826e-22, nan 
-20.125, 87.375, 1.1246219825854467e-22, nan 
-19.875, 87.375, 1.5174447691207485e-22, nan 
-19.625, 87.375, 3.108471742900192e-22, nan 
-19.375, 87.375, 1.4305632723518639e-22, nan 
-19.125, 87.375, 1.076081597273933e-22, nan 
-18.875, 87.375, 1.1903016274643646e-22, nan 
-18.625, 87.375, 1.394877470674866e-22, nan 
-18.375, 87.375, 1.4798112705050732e-22, nan 
-18.125, 87.375, 1.426344506619328e-22, nan 
-17.875, 87.375, 1.1779360378035353e-22, nan 
-17.625, 87.375, 1.5935050914491628e-22, nan 
-17.375, 87.375, 1.5289049620366158e-22, nan 
-17.125, 87.375, 1.289394377679861e-22, nan 
-16.875, 87.375, 1.307366138272914e-22, nan 
-16.625, 87.375, 1.75007031464871e-22, nan 
-16.375, 87.375, 2.0189305779591693e-22, nan 
-16.125, 87.375, 2.6678176206105043e-22, nan 
-15.875, 87.375, 3.2770236579517776e-22, nan 
-15.625, 87.375, 3.530451018167084e-22, nan 
-15.375, 87.375, 3.9379198237271937e-22, nan 
-15.125, 87.375, 3.246023644275975e-22, nan 
-14.875, 87.375, 2.298303837541275e-22, nan 
-14.625, 87.375, 2.3557195784275355e-22, nan 
-14.375, 87.375, 5.944931535837469e-22, nan 
-14.125, 87.375, 3.6685172450793356e-22, nan 
-13.875, 87.375, 2.876810348595576e-22, nan 
-13.625, 87.375, 2.0915754819034052e-22, nan 
-13.375, 87.375, 1.9380669338532485e-22, nan 
-13.125, 87.375, 1.8940076965391078e-22, nan 
-12.875, 87.375, 1.8273332632576296e-22, nan 
-12.625, 87.375, 1.8921527160732156e-22, nan 
-12.375, 87.375, 3.0161092940010424e-22, nan 
-12.125, 87.375, 2.9148705077844353e-22, nan 
-11.875, 87.375, 2.782163291194497e-22, nan 
-11.625, 87.375, 2.444997568559153e-22, nan 
-11.375, 87.375, 2.0452245514946875e-22, nan 
-11.125, 87.375, 1.7609969800132354e-22, nan 
-10.875, 87.375, 2.3228234761881197e-22, nan 
-10.625, 87.375, 3.456000070513843e-22, nan 
-10.375, 87.375, 4.284163701660574e-22, nan 
-10.125, 87.375, 5.854851660543347e-22, nan 
-9.875, 87.375, 3.1416509838258566e-22, nan 
-9.625, 87.375, 1.9567703123449057e-22, nan 
-9.375, 87.375, 1.8382886312072548e-22, nan 
-9.125, 87.375, 3.3496459035037814e-22, nan 
-8.875, 87.375, 2.4373609531627147e-22, nan 
-8.625, 87.375, 2.0847827931389913e-22, nan 
-8.375, 87.375, 1.7028568237963999e-22, nan 
-8.125, 87.375, 1.5997707169840772e-22, nan 
-7.875, 87.375, 1.5095556808142871e-22, nan 
-7.625, 87.375, 1.4640328468484325e-22, nan 
-7.375, 87.375, 1.4714043683135284e-22, nan 
-7.125, 87.375, 1.827157319174715e-22, nan 
-6.875, 87.375, 1.9130006333275404e-22, nan 
-6.625, 87.375, 2.1154828906743836e-22, nan 
-6.375, 87.375, 2.3609193706621226e-22, nan 
-6.125, 87.375, 1.7525260300231464e-22, nan 
-5.875, 87.375, 1.3856085531865952e-22, nan 
-5.625, 87.375, 6.92278070398579e-23, nan 
-5.375, 87.375, 1.1630080859041806e-22, nan 
-5.125, 87.375, 1.9626002151990526e-22, nan 
-4.875, 87.375, 2.89569825388417e-22, nan 
-4.625, 87.375, 2.7345133562769085e-22, nan 
-4.375, 87.375, 3.052766586016762e-22, nan 
-4.125, 87.375, 3.0327571346203823e-22, nan 
-3.875, 87.375, 2.9829084317290017e-22, nan 
-3.625, 87.375, 2.9170426524177137e-22, nan 
-3.375, 87.375, 2.6392993033080483e-22, nan 
-3.125, 87.375, 2.28952861656344e-22, nan 
-2.875, 87.375, 2.1491606153378166e-22, nan 
-2.625, 87.375, 2.0328734053066523e-22, nan 
-2.375, 87.375, 2.0473684644213013e-22, nan 
-2.125, 87.375, 2.1882576804248835e-22, nan 
-1.875, 87.375, 2.268374575448955e-22, nan 
-1.625, 87.375, 2.432580216386534e-22, nan 
-1.375, 87.375, 2.9214898668218596e-22, nan 
-1.125, 87.375, 3.454795224985488e-22, nan 
-0.875, 87.375, 3.1736970688505044e-22, nan 
-0.625, 87.375, 3.336558701030081e-22, nan 
-0.375, 87.375, 3.4697836659267866e-22, nan 
-0.125, 87.375, 3.45077477209268e-22, nan 
0.125, 87.375, 3.8820307255267934e-22, nan 
0.375, 87.375, 4.0914870722393687e-22, nan 
0.625, 87.375, 4.368396175442049e-22, nan 
0.875, 87.375, 4.408960690258436e-22, nan 
1.125, 87.375, 4.072343927286779e-22, nan 
1.375, 87.375, 3.6311580122628724e-22, nan 
1.625, 87.375, 3.1590075817153224e-22, nan 
1.875, 87.375, 2.459657380485672e-22, nan 
2.125, 87.375, 1.8437029851038912e-22, nan 
2.375, 87.375, 1.4540646611796402e-22, nan 
2.625, 87.375, 1.3095311592627158e-22, nan 
2.875, 87.375, 1.2773619222353458e-22, nan 
3.125, 87.375, 1.3064362022561905e-22, nan 
3.375, 87.375, 1.3460740864766068e-22, nan 
3.625, 87.375, 1.3913077413233975e-22, nan 
3.875, 87.375, 1.4429896030659782e-22, nan 
4.125, 87.375, 1.4674875427864527e-22, nan 
4.375, 87.375, 2.228671003472373e-22, nan 
4.625, 87.375, 2.682142840754781e-22, nan 
4.875, 87.375, 2.9102964747942923e-22, nan 
5.125, 87.375, 3.0437244932628905e-22, nan 
5.375, 87.375, 3.4962781631825873e-22, nan 
5.625, 87.375, 3.5585739086078195e-22, nan 
5.875, 87.375, 3.708525033090161e-22, nan 
6.125, 87.375, 3.3707472484254545e-22, nan 
6.375, 87.375, 3.1888272921137492e-22, nan 
6.625, 87.375, 3.153417570283214e-22, nan 
6.875, 87.375, 3.2418393544132534e-22, nan 
7.125, 87.375, 3.398148855664866e-22, nan 
7.375, 87.375, 3.15398027063253e-22, nan 
7.625, 87.375, 2.4318619703639022e-22, nan 
7.875, 87.375, 2.5144187313669163e-22, nan 
8.125, 87.375, 1.955184746876933e-22, nan 
8.375, 87.375, 1.6569715284699486e-22, nan 
8.625, 87.375, 1.524313222063801e-22, nan 
8.875, 87.375, 2.648956763507954e-22, nan 
9.125, 87.375, 2.2146902650634886e-22, nan 
9.375, 87.375, 2.2116338509471355e-22, nan 
9.625, 87.375, 2.24418573981619e-22, nan 
9.875, 87.375, 2.3006155923373333e-22, nan 
10.125, 87.375, 2.4002891824405286e-22, nan 
10.375, 87.375, 2.346171201945296e-22, nan 
10.625, 87.375, 1.3649263740760916e-22, nan 
10.875, 87.375, 2.0588864015799274e-22, nan 
11.125, 87.375, 1.9982130150014795e-22, nan 
11.375, 87.375, 1.5002710158246035e-22, nan 
11.625, 87.375, 6.652893083338184e-23, nan 
11.875, 87.375, 1.8027592984267952e-22, nan 
12.125, 87.375, 3.160663287666621e-22, nan 
12.375, 87.375, 4.35462522375261e-22, nan 
12.625, 87.375, 5.025921156513414e-22, nan 
12.875, 87.375, 3.5537229905009873e-22, nan 
13.125, 87.375, 3.873154444017764e-22, nan 
13.375, 87.375, 2.768936655661668e-22, nan 
13.625, 87.375, 1.4483999590024458e-22, nan 
13.875, 87.375, 1.9698331219529624e-22, nan 
14.125, 87.375, 3.8810268892660584e-22, nan 
14.375, 87.375, 2.740049680396873e-22, nan 
14.625, 87.375, 3.0126514785391154e-22, nan 
14.875, 87.375, 2.9846294412456924e-22, nan 
15.125, 87.375, 3.00811958295574e-22, nan 
15.375, 87.375, 3.1672281249771883e-22, nan 
15.625, 87.375, 3.1301804814066903e-22, nan 
15.875, 87.375, 1.9070143002947372e-22, nan 
16.125, 87.375, 3.481787471017362e-22, nan 
16.375, 87.375, 2.8764984861786856e-22, nan 
16.625, 87.375, 2.2521234819280627e-22, nan 
16.875, 87.375, 1.0458784351335366e-22, nan 
17.125, 87.375, 1.1797549684506906e-22, nan 
17.375, 87.375, 2.334880437066812e-22, nan 
17.625, 87.375, 3.2093904927006106e-22, nan 
17.875, 87.375, 3.2345381650107143e-22, nan 
18.125, 87.375, 2.7096061195773357e-22, nan 
18.375, 87.375, 2.9105637250942363e-22, nan 
18.625, 87.375, 1.846526808704059e-22, nan 
18.875, 87.375, 1.6869527404473874e-22, nan 
19.125, 87.375, 1.792156617744401e-22, nan 
19.375, 87.375, 2.5589620408862463e-22, nan 
19.625, 87.375, 2.4343990649152967e-22, nan 
19.875, 87.375, 2.5246354221547423e-22, nan 
20.125, 87.375, 2.5464900328082957e-22, nan 
20.375, 87.375, 2.305383138457211e-22, nan 
20.625, 87.375, 2.264389481198027e-22, nan 
20.875, 87.375, 1.8127756304607516e-22, nan 
21.125, 87.375, 1.7563984679922623e-22, nan 
21.375, 87.375, 1.5721955244872053e-22, nan 
21.625, 87.375, 1.7035440434614509e-22, nan 
21.875, 87.375, 2.2984168680817276e-22, nan 
22.125, 87.375, 2.6307835971124544e-22, nan 
22.375, 87.375, 2.5353642566311267e-22, nan 
22.625, 87.375, 2.4374085180349675e-22, nan 
22.875, 87.375, 2.1559100854755983e-22, nan 
23.125, 87.375, 1.7830692892711205e-22, nan 
23.375, 87.375, 1.5000490742508285e-22, nan 
23.625, 87.375, 1.2851513540967806e-22, nan 
23.875, 87.375, 1.3200915639781534e-22, nan 
24.125, 87.375, 1.4875275673022516e-22, nan 
24.375, 87.375, 1.5587788539572887e-22, nan 
24.625, 87.375, 1.5886251460498746e-22, nan 
24.875, 87.375, 1.6360322416768366e-22, nan 
25.125, 87.375, 1.6186349354830268e-22, nan 
25.375, 87.375, 1.6597400309534123e-22, nan 
25.625, 87.375, 1.878368382648379e-22, nan 
25.875, 87.375, 2.3920682171499e-22, nan 
26.125, 87.375, 1.75445433871901e-22, nan 
26.375, 87.375, 2.3360470159125365e-22, nan 
26.625, 87.375, 3.295824453458423e-22, nan 
26.875, 87.375, 2.7109249662491127e-22, nan 
27.125, 87.375, 2.129295226531685e-22, nan 
27.375, 87.375, 2.4056110873568173e-22, nan 
27.625, 87.375, 2.2487290348120536e-22, nan 
27.875, 87.375, 2.1028293773870354e-22, nan 
28.125, 87.375, 1.8406207668259735e-22, nan 
28.375, 87.375, 1.6220003334353557e-22, nan 
28.625, 87.375, 1.4164831849728662e-22, nan 
28.875, 87.375, 1.2813075126541806e-22, nan 
29.125, 87.375, 1.343017921813809e-22, nan 
29.375, 87.375, 1.1655588365722823e-22, nan 
29.625, 87.375, 1.170238167558775e-22, nan 
29.875, 87.375, 1.1777471824311767e-22, nan 
30.125, 87.375, 1.285237930640864e-22, nan 
30.375, 87.375, 1.1918174862133284e-22, nan 
30.625, 87.375, 9.553132081865498e-23, nan 
30.875, 87.375, 8.859475085824466e-23, nan 
31.125, 87.375, 8.237726766208222e-23, nan 
31.375, 87.375, 1.3320893772675232e-22, nan 
31.625, 87.375, 1.558403242522969e-22, nan 
31.875, 87.375, 2.012391345902799e-22, nan 
32.125, 87.375, 1.5128034190584847e-22, nan 
32.375, 87.375, 7.868193045940674e-23, nan 
32.625, 87.375, 8.57395126545453e-23, nan 
32.875, 87.375, 9.306028579888623e-23, nan 
33.125, 87.375, 9.908914171133045e-23, nan 
33.375, 87.375, 1.0332252620296658e-22, nan 
33.625, 87.375, 1.0508569348042225e-22, nan 
33.875, 87.375, 1.0966125391494064e-22, nan 
34.125, 87.375, 1.3038979715608644e-22, nan 
34.375, 87.375, 1.6592914348698612e-22, nan 
34.625, 87.375, 1.2129855908559974e-22, nan 
34.875, 87.375, 1.1448264435000991e-22, nan 
35.125, 87.375, 1.2100084168319796e-22, nan 
35.375, 87.375, 1.5230008591961132e-22, nan 
35.625, 87.375, 9.653856911567041e-23, nan 
35.875, 87.375, 1.0900589929753798e-22, nan 
36.125, 87.375, 8.715563888181936e-23, nan 
36.375, 87.375, 8.121998475788189e-23, nan 
36.625, 87.375, 8.024325645456165e-23, nan 
36.875, 87.375, 1.0099241887560192e-22, nan 
37.125, 87.375, 9.946499912376968e-23, nan 
37.375, 87.375, 9.546061548950188e-23, nan 
37.625, 87.375, 9.35562694743448e-23, nan 
37.875, 87.375, 9.065428049561901e-23, nan 
38.125, 87.375, 8.661949229786681e-23, nan 
38.375, 87.375, 7.987924529116885e-23, nan 
38.625, 87.375, 8.036570072333297e-23, nan 
38.875, 87.375, 7.308046352327094e-23, nan 
39.125, 87.375, 6.629868295552715e-23, nan 
39.375, 87.375, 6.385506231795716e-23, nan 
39.625, 87.375, 8.656666353925143e-23, nan 
39.875, 87.375, 8.80152066027188e-23, nan 
40.125, 87.375, 8.868131658510672e-23, nan 
40.375, 87.375, 9.423360715176442e-23, nan 
40.625, 87.375, 9.521258075903306e-23, nan 
40.875, 87.375, 6.616901922635245e-23, nan 
41.125, 87.375, 1.1735878139703992e-22, nan 
41.375, 87.375, 1.0792779531841903e-22, nan 
41.625, 87.375, 1.2863456963549385e-22, nan 
41.875, 87.375, 1.3699386361335525e-22, nan 
42.125, 87.375, 1.5674002206308648e-22, nan 
42.375, 87.375, 1.5838200802787235e-22, nan 
42.625, 87.375, 1.666222670861837e-22, nan 
42.875, 87.375, 1.7065906694776882e-22, nan 
43.125, 87.375, 1.7403661833531826e-22, nan 
43.375, 87.375, 1.7521249443374707e-22, nan 
43.625, 87.375, 1.8385448859905885e-22, nan 
43.875, 87.375, 1.901202648150166e-22, nan 
44.125, 87.375, 1.9693598599827571e-22, nan 
44.375, 87.375, 2.0141905341363857e-22, nan 
44.625, 87.375, 1.9907112191809472e-22, nan 
44.875, 87.375, 1.8718965077993232e-22, nan 
45.125, 87.375, 1.685663131173633e-22, nan 
45.375, 87.375, 1.5448169294110777e-22, nan 
45.625, 87.375, 1.3859660399996518e-22, nan 
45.875, 87.375, 1.3122569843307442e-22, nan 
46.125, 87.375, 9.730750603028033e-23, nan 
46.375, 87.375, 1.1798792060960764e-22, nan 
46.625, 87.375, 1.6805255524094406e-22, nan 
46.875, 87.375, 1.9712906369044402e-22, nan 
47.125, 87.375, 2.0679256915697915e-22, nan 
47.375, 87.375, 1.9841390676982563e-22, nan 
47.625, 87.375, 2.0947706788109383e-22, nan 
47.875, 87.375, 2.226536657831797e-22, nan 
48.125, 87.375, 2.437503439147604e-22, nan 
48.375, 87.375, 2.8109169550694314e-22, nan 
48.625, 87.375, 2.987412405241518e-22, nan 
48.875, 87.375, 3.6255423373297896e-22, nan 
49.125, 87.375, 5.029750857278395e-22, nan 
49.375, 87.375, 4.1378487545846654e-22, nan 
49.625, 87.375, 3.376597335493689e-22, nan 
49.875, 87.375, 1.4500935990393423e-22, nan 
50.125, 87.375, 1.3404482894478843e-22, nan 
50.375, 87.375, 1.5512932608885546e-22, nan 
50.625, 87.375, 7.825286133280077e-23, nan 
50.875, 87.375, 1.2703824468849913e-22, nan 
51.125, 87.375, 1.531824478388275e-22, nan 
51.375, 87.375, 1.4138738124303556e-22, nan 
51.625, 87.375, 1.3918896910539219e-22, nan 
51.875, 87.375, 1.5787600763652795e-22, nan 
52.125, 87.375, 6.372538257198165e-23, nan 
52.375, 87.375, 1.0179360535185321e-22, nan 
52.625, 87.375, 1.271707079565172e-22, nan 
52.875, 87.375, 1.4751597667736247e-22, nan 
53.125, 87.375, 1.6525907704567927e-22, nan 
53.375, 87.375, 1.9800616392796146e-22, nan 
53.625, 87.375, 2.661994182811957e-22, nan 
53.875, 87.375, 2.9207470508786685e-22, nan 
54.125, 87.375, 3.818605890986624e-22, nan 
54.375, 87.375, 6.20736704171191e-22, nan 
54.625, 87.375, 4.527002642204683e-22, nan 
54.875, 87.375, 3.40742811678213e-22, nan 
55.125, 87.375, 3.481488244436101e-22, nan 
55.375, 87.375, 4.706506193496379e-22, nan 
55.625, 87.375, 3.230818324330042e-22, nan 
55.875, 87.375, 3.7962618403300383e-22, nan 
56.125, 87.375, 4.59703579841141e-22, nan 
56.375, 87.375, 5.003666316749299e-22, nan 
56.625, 87.375, 5.079931802869465e-22, nan 
56.875, 87.375, 5.001837406016819e-22, nan 
57.125, 87.375, 4.765114897304546e-22, nan 
57.375, 87.375, 3.6764117307080442e-22, nan 
57.625, 87.375, 4.050283139732133e-22, nan 
57.875, 87.375, 4.51690107967455e-22, nan 
58.125, 87.375, 4.813591432702008e-22, nan 
58.375, 87.375, 4.852485767266212e-22, nan 
58.625, 87.375, 4.863488243596545e-22, nan 
58.875, 87.375, 4.840809085477893e-22, nan 
59.125, 87.375, 4.814014833708877e-22, nan 
59.375, 87.375, 4.875606681384398e-22, nan 
59.625, 87.375, 5.45281332254876e-22, nan 
59.875, 87.375, 5.205485959368868e-22, nan 
60.125, 87.375, 5.171328946695512e-22, nan 
60.375, 87.375, 6.040876068751166e-22, nan 
60.625, 87.375, 6.842862730029097e-22, nan 
60.875, 87.375, 6.01091246925125e-22, nan 
61.125, 87.375, 6.530386594711072e-22, nan 
61.375, 87.375, 6.63074307593867e-22, nan 
61.625, 87.375, 6.505887410713757e-22, nan 
61.875, 87.375, 6.091331666948011e-22, nan 
62.125, 87.375, 5.432719704497376e-22, nan 
62.375, 87.375, 6.036303950766963e-22, nan 
62.625, 87.375, 6.079263009510229e-22, nan 
62.875, 87.375, 5.528588047197723e-22, nan 
63.125, 87.375, 4.622432995451418e-22, nan 
63.375, 87.375, 4.274367390704735e-22, nan 
63.625, 87.375, 3.941479844249629e-22, nan 
63.875, 87.375, 3.902496092324403e-22, nan 
64.125, 87.375, 3.937721036242851e-22, nan 
64.375, 87.375, 4.1346351218615974e-22, nan 
64.625, 87.375, 3.7902713337452496e-22, nan 
64.875, 87.375, 3.731416339879911e-22, nan 
65.125, 87.375, 3.743113514466237e-22, nan 
65.375, 87.375, 3.763816232357136e-22, nan 
65.625, 87.375, 4.009450018910213e-22, nan 
65.875, 87.375, 5.363631798762362e-22, nan 
66.125, 87.375, 5.774673835724768e-22, nan 
66.375, 87.375, 5.972526936800505e-22, nan 
66.625, 87.375, 5.958724972340142e-22, nan 
66.875, 87.375, 5.729939723212017e-22, nan 
67.125, 87.375, 5.449469103131327e-22, nan 
67.375, 87.375, 4.981476979370261e-22, nan 
67.625, 87.375, 4.714345910271443e-22, nan 
67.875, 87.375, 4.863501898308748e-22, nan 
68.125, 87.375, 4.660479144399883e-22, nan 
68.375, 87.375, 3.8277187740828467e-22, nan 
68.625, 87.375, 3.7586579479482e-22, nan 
68.875, 87.375, 4.678758570718018e-22, nan 
69.125, 87.375, 4.82234619622986e-22, nan 
69.375, 87.375, 4.484958454689704e-22, nan 
69.625, 87.375, 4.807372384872371e-22, nan 
69.875, 87.375, 4.654102859373241e-22, nan 
70.125, 87.375, 3.0983875807985495e-22, nan 
70.375, 87.375, 2.804146389797071e-22, nan 
70.625, 87.375, 2.7359423142205966e-22, nan 
70.875, 87.375, 3.3713586491242085e-22, nan 
71.125, 87.375, 4.583329439685579e-22, nan 
71.375, 87.375, 4.815338295417547e-22, nan 
71.625, 87.375, 5.20241983498027e-22, nan 
71.875, 87.375, 5.298594401754523e-22, nan 
72.125, 87.375, 5.336125923513476e-22, nan 
72.375, 87.375, 5.25115336688303e-22, nan 
72.625, 87.375, 5.3626154278685195e-22, nan 
72.875, 87.375, 5.716271907883805e-22, nan 
73.125, 87.375, 6.197423485705201e-22, nan 
73.375, 87.375, 6.896851363353736e-22, nan 
73.625, 87.375, 5.993093549772024e-22, nan 
73.875, 87.375, 8.24233596045524e-22, nan 
74.125, 87.375, 8.638859662837427e-22, nan 
74.375, 87.375, 9.337032729799223e-22, nan 
74.625, 87.375, 9.04106259095387e-22, nan 
74.875, 87.375, 9.755606988552979e-22, nan 
75.125, 87.375, 7.776100736341097e-22, nan 
75.375, 87.375, 3.712293617300028e-22, nan 
75.625, 87.375, 4.1755414106797025e-22, nan 
75.875, 87.375, 4.0800207794891515e-22, nan 
76.125, 87.375, 4.611897010739294e-22, nan 
76.375, 87.375, 5.176299639154548e-22, nan 
76.625, 87.375, 6.090580673174861e-22, nan 
76.875, 87.375, 6.644554927682703e-22, nan 
77.125, 87.375, 5.965945568386134e-22, nan 
77.375, 87.375, 6.238859502413583e-22, nan 
77.625, 87.375, 5.077225043201039e-22, nan 
77.875, 87.375, 4.604539821645573e-22, nan 
78.125, 87.375, 4.436687544517829e-22, nan 
78.375, 87.375, 4.752146401572038e-22, nan 
78.625, 87.375, 7.601039804034492e-22, nan 
78.875, 87.375, 5.243723217014687e-22, nan 
79.125, 87.375, 9.577091017091232e-22, nan 
79.375, 87.375, 1.1508008689468255e-21, nan 
79.625, 87.375, 1.2334274298538657e-21, nan 
79.875, 87.375, 1.234050882476922e-21, nan 
80.125, 87.375, 1.277158459221192e-21, nan 
80.375, 87.375, 9.389067725418523e-22, nan 
80.625, 87.375, 8.135293055657196e-22, nan 
80.875, 87.375, 8.500744460786369e-22, nan 
81.125, 87.375, 8.64447785363279e-22, nan 
81.375, 87.375, 8.78165318440122e-22, nan 
81.625, 87.375, 8.850229202242221e-22, nan 
81.875, 87.375, 9.628572552888416e-22, nan 
82.125, 87.375, 1.039042573859037e-21, nan 
82.375, 87.375, 8.227888968583924e-22, nan 
82.625, 87.375, 7.1213983001871945e-22, nan 
82.875, 87.375, 6.884338365740253e-22, nan 
83.125, 87.375, 6.915728698431122e-22, nan 
83.375, 87.375, 6.846772317810124e-22, nan 
83.625, 87.375, 6.7827918327878415e-22, nan 
83.875, 87.375, 7.603648638975042e-22, nan 
84.125, 87.375, 6.1361338874205925e-22, nan 
84.375, 87.375, 6.818506978619438e-22, nan 
84.625, 87.375, 9.213720242480512e-22, nan 
84.875, 87.375, 9.476773414584174e-22, nan 
85.125, 87.375, 9.6355398358195e-22, nan 
85.375, 87.375, 9.86541895082462e-22, nan 
85.625, 87.375, 1.0633106101809633e-21, nan 
85.875, 87.375, 1.1259846565333662e-21, nan 
86.125, 87.375, 1.1779642120548723e-21, nan 
86.375, 87.375, 1.200107255987363e-21, nan 
86.625, 87.375, 1.2042905359018415e-21, nan 
86.875, 87.375, 1.1665635505017104e-21, nan 
87.125, 87.375, 9.625265675377608e-22, nan 
87.375, 87.375, 7.979424943326322e-22, nan 
87.625, 87.375, 7.549277831836617e-22, nan 
87.875, 87.375, 7.769271992852559e-22, nan 
88.125, 87.375, 8.158239384951579e-22, nan 
88.375, 87.375, 8.258214133556107e-22, nan 
88.625, 87.375, 8.171465840489517e-22, nan 
88.875, 87.375, 7.93759979846619e-22, nan 
89.125, 87.375, 7.517588506644191e-22, nan 
89.375, 87.375, 6.904916274903596e-22, nan 
89.625, 87.375, 6.1365663017750685e-22, nan 
89.875, 87.375, 6.761846359930596e-22, nan 
90.125, 87.375, 6.963119353100742e-22, nan 
90.375, 87.375, 7.189978477883573e-22, nan 
90.625, 87.375, 7.444063481671832e-22, nan 
90.875, 87.375, 7.627802867275367e-22, nan 
91.125, 87.375, 7.22353102772722e-22, nan 
91.375, 87.375, 7.050538365789844e-22, nan 
91.625, 87.375, 7.307490725533427e-22, nan 
91.875, 87.375, 7.865865156479582e-22, nan 
92.125, 87.375, 7.902218114320592e-22, nan 
92.375, 87.375, 9.345812537627597e-22, nan 
92.625, 87.375, 9.197429715784553e-22, nan 
92.875, 87.375, 9.019223772595119e-22, nan 
93.125, 87.375, 7.987683802614213e-22, nan 
93.375, 87.375, 6.97464885687414e-22, nan 
93.625, 87.375, 5.771457721403808e-22, nan 
93.875, 87.375, 4.487657158181969e-22, nan 
94.125, 87.375, 4.249256669036059e-22, nan 
94.375, 87.375, 4.616653515982275e-22, nan 
94.625, 87.375, 4.593244644316671e-22, nan 
94.875, 87.375, 4.882513501283482e-22, nan 
95.125, 87.375, 5.045063562470326e-22, nan 
95.375, 87.375, 5.0274205291409585e-22, nan 
95.625, 87.375, 5.432543407521601e-22, nan 
95.875, 87.375, 6.560493911036038e-22, nan 
96.125, 87.375, 6.906445424700039e-22, nan 
96.375, 87.375, 6.9251164486295915e-22, nan 
96.625, 87.375, 6.436749606845569e-22, nan 
96.875, 87.375, 7.742922244020683e-22, nan 
97.125, 87.375, 6.729902937537248e-22, nan 
97.375, 87.375, 4.836994303695163e-22, nan 
97.625, 87.375, 3.6466946776413573e-22, nan 
97.875, 87.375, 3.110502702717134e-22, nan 
98.125, 87.375, 3.44321561127967e-22, nan 
98.375, 87.375, 3.4100625307532454e-22, nan 
98.625, 87.375, 5.615451429936572e-22, nan 
98.875, 87.375, 8.00585257087341e-22, nan 
99.125, 87.375, 3.773074303860312e-22, nan 
99.375, 87.375, 6.021030468291225e-22, nan 
99.625, 87.375, 3.2727346454605526e-22, nan 
99.875, 87.375, 4.876117492144013e-22, nan 
100.125, 87.375, 5.729137254314571e-22, nan 
100.375, 87.375, 6.19681840719244e-22, nan 
100.625, 87.375, 6.7109496638600535e-22, nan 
100.875, 87.375, 7.904623287719415e-22, nan 
101.125, 87.375, 9.759312997599793e-22, nan 
101.375, 87.375, 9.41143827928359e-22, nan 
101.625, 87.375, 8.318774583789213e-22, nan 
101.875, 87.375, 6.7261050194872445e-22, nan 
102.125, 87.375, 8.634899115451278e-22, nan 
102.375, 87.375, 6.8466342177517085e-22, nan 
102.625, 87.375, 7.587457506537007e-22, nan 
102.875, 87.375, 5.658154205220231e-22, nan 
103.125, 87.375, 4.260970501718212e-22, nan 
103.375, 87.375, 5.291192194059728e-22, nan 
103.625, 87.375, 4.593499193298081e-22, nan 
103.875, 87.375, 8.56031439975731e-22, nan 
104.125, 87.375, 1.1704371411299843e-21, nan 
104.375, 87.375, 5.617695065626618e-22, nan 
104.625, 87.375, 1.3789471037101833e-21, nan 
104.875, 87.375, 5.719154222094028e-22, nan 
105.125, 87.375, 5.42585114437674e-22, nan 
105.375, 87.375, 6.252918980408747e-22, nan 
105.625, 87.375, 6.878041726028765e-22, nan 
105.875, 87.375, 7.731280841781724e-22, nan 
106.125, 87.375, 9.190461622521344e-22, nan 
106.375, 87.375, 9.779380618467958e-22, nan 
106.625, 87.375, 8.597813140772782e-22, nan 
106.875, 87.375, 6.2926297567588405e-22, nan 
107.125, 87.375, 5.042012372192993e-22, nan 
107.375, 87.375, 5.360166091520937e-22, nan 
107.625, 87.375, 8.077644626793052e-22, nan 
107.875, 87.375, 1.3016553468595535e-21, nan 
108.125, 87.375, 8.944591259601503e-22, nan 
108.375, 87.375, 1.1804272576698956e-21, nan 
108.625, 87.375, 1.5865811028071673e-21, nan 
108.875, 87.375, 1.4307539052258958e-21, nan 
109.125, 87.375, 1.1564838393467561e-21, nan 
109.375, 87.375, 9.196889245563024e-22, nan 
109.625, 87.375, 1.6272796238383026e-21, nan 
109.875, 87.375, 1.1197790645700483e-21, nan 
110.125, 87.375, 6.607316656185722e-22, nan 
110.375, 87.375, 5.968877844611613e-22, nan 
110.625, 87.375, 5.990060716367434e-22, nan 
110.875, 87.375, 6.457170281213134e-22, nan 
111.125, 87.375, 4.965782338391603e-22, nan 
111.375, 87.375, 9.776099920332961e-22, nan 
111.625, 87.375, 9.252036651672595e-22, nan 
111.875, 87.375, 8.946161151576431e-22, nan 
112.125, 87.375, 7.2601163308673e-22, nan 
112.375, 87.375, 4.251290081603939e-22, nan 
112.625, 87.375, 4.343628516501762e-22, nan 
112.875, 87.375, 7.292424337490739e-22, nan 
113.125, 87.375, 1.0365793602225267e-21, nan 
113.375, 87.375, 1.3693745183015563e-21, nan 
113.625, 87.375, 1.8966273430514354e-21, nan 
113.875, 87.375, 2.347355368165562e-21, nan 
114.125, 87.375, 2.0469112904425304e-21, nan 
114.375, 87.375, 1.3494418505781773e-21, nan 
114.625, 87.375, 3.8302084321174496e-22, nan 
114.875, 87.375, 1.0962050890072863e-21, nan 
115.125, 87.375, 9.694399487803006e-22, nan 
115.375, 87.375, 1.5077986167003733e-21, nan 
115.625, 87.375, 1.7138298897016213e-21, nan 
115.875, 87.375, 1.776179704416178e-21, nan 
116.125, 87.375, 1.7781815134673793e-21, nan 
116.375, 87.375, 8.255328939110641e-22, nan 
116.625, 87.375, 2.1367568581579503e-21, nan 
116.875, 87.375, 2.1113316630929145e-21, nan 
117.125, 87.375, 2.131532389634315e-21, nan 
117.375, 87.375, 1.8597185964057707e-21, nan 
117.625, 87.375, 1.1112494477742853e-21, nan 
117.875, 87.375, 9.506964409383463e-22, nan 
118.125, 87.375, 1.1798744941133643e-21, nan 
118.375, 87.375, 1.455937093365486e-21, nan 
118.625, 87.375, 1.899653921716922e-21, nan 
118.875, 87.375, 2.1682509223080935e-21, nan 
119.125, 87.375, 2.534270652984229e-21, nan 
119.375, 87.375, 1.8020521661998728e-21, nan 
119.625, 87.375, 1.9886025821938822e-21, nan 
119.875, 87.375, 1.1173963569437727e-21, nan 
120.125, 87.375, 9.457905802338637e-22, nan 
120.375, 87.375, 1.1653701816797819e-21, nan 
120.625, 87.375, 2.088054564298928e-21, nan 
120.875, 87.375, 2.325027588625518e-21, nan 
121.125, 87.375, 2.2325285119502907e-21, nan 
121.375, 87.375, 1.998226371535548e-21, nan 
121.625, 87.375, 9.724766219383992e-22, nan 
121.875, 87.375, 1.8178260726796094e-21, nan 
122.125, 87.375, 1.9735917952922053e-21, nan 
122.375, 87.375, 1.9218196040342716e-21, nan 
122.625, 87.375, 1.6991224972507954e-21, nan 
122.875, 87.375, 1.3280235598182033e-21, nan 
123.125, 87.375, 1.2652965652036069e-21, nan 
123.375, 87.375, 1.2599218449176455e-21, nan 
123.625, 87.375, 1.2144707011424097e-21, nan 
123.875, 87.375, 1.183935613714303e-21, nan 
124.125, 87.375, 1.174786395138686e-21, nan 
124.375, 87.375, 1.4083164259712628e-21, nan 
124.625, 87.375, 1.2825606213759785e-21, nan 
124.875, 87.375, 2.5987820157542016e-21, nan 
125.125, 87.375, 1.2221586009106811e-21, nan 
125.375, 87.375, 7.844523398762257e-22, nan 
125.625, 87.375, 6.647067386456487e-22, nan 
125.875, 87.375, 9.781147145481537e-22, nan 
126.125, 87.375, 1.0699088831770755e-21, nan 
126.375, 87.375, 1.0221881166687612e-21, nan 
126.625, 87.375, 8.841338488699776e-22, nan 
126.875, 87.375, 1.0382318591578143e-21, nan 
127.125, 87.375, 1.4224007032022359e-21, nan 
127.375, 87.375, 1.41356980490517e-21, nan 
127.625, 87.375, 1.2378748110191778e-21, nan 
127.875, 87.375, 1.309431524418453e-21, nan 
128.125, 87.375, 1.2471698528863822e-21, nan 
128.375, 87.375, 1.1251458980790347e-21, nan 
128.625, 87.375, 1.1955771471702123e-21, nan 
128.875, 87.375, 1.3040919086925133e-21, nan 
129.125, 87.375, 1.4180156823281302e-21, nan 
129.375, 87.375, 1.3968019956892353e-21, nan 
129.625, 87.375, 1.3127942731436272e-21, nan 
129.875, 87.375, 1.6943037985049322e-21, nan 
130.125, 87.375, 1.6658012309142298e-21, nan 
130.375, 87.375, 1.736114215056141e-21, nan 
130.625, 87.375, 2.548387298525079e-21, nan 
130.875, 87.375, 2.5318827313053597e-21, nan 
131.125, 87.375, 2.3244139838804464e-21, nan 
131.375, 87.375, 2.1313634635309573e-21, nan 
131.625, 87.375, 2.0589742865111135e-21, nan 
131.875, 87.375, 2.3783901091286005e-21, nan 
132.125, 87.375, 2.8085774232119765e-21, nan 
132.375, 87.375, 3.052930014975274e-21, nan 
132.625, 87.375, 3.0530035661597046e-21, nan 
132.875, 87.375, 3.0136252391122094e-21, nan 
133.125, 87.375, 3.0484062439544335e-21, nan 
133.375, 87.375, 3.1117430671949457e-21, nan 
133.625, 87.375, 3.012685452493419e-21, nan 
133.875, 87.375, 2.8500182398005452e-21, nan 
134.125, 87.375, 1.9519446789257498e-21, nan 
134.375, 87.375, 1.587302535841248e-21, nan 
134.625, 87.375, 1.3542456727697513e-21, nan 
134.875, 87.375, 1.161298348647382e-21, nan 
135.125, 87.375, 1.0876037210087377e-21, nan 
135.375, 87.375, 1.1778817856580318e-21, nan 
135.625, 87.375, 1.7520265624250067e-21, nan 
135.875, 87.375, 2.3115090625909168e-21, nan 
136.125, 87.375, 2.2908594838304767e-21, nan 
136.375, 87.375, 2.0700629571937313e-21, nan 
136.625, 87.375, 1.8287042283124224e-21, nan 
136.875, 87.375, 2.2142068818803687e-21, nan 
137.125, 87.375, 2.0332355837222663e-21, nan 
137.375, 87.375, 2.6179279250276344e-21, nan 
137.625, 87.375, 3.0279355371897583e-21, nan 
137.875, 87.375, 3.210029074847155e-21, nan 
138.125, 87.375, 3.342088900200916e-21, nan 
138.375, 87.375, 3.347903300318455e-21, nan 
138.625, 87.375, 3.1551660432586203e-21, nan 
138.875, 87.375, 3.3212668898413973e-21, nan 
139.125, 87.375, 3.531913609538266e-21, nan 
139.375, 87.375, 3.3650586586353875e-21, nan 
139.625, 87.375, 3.1049898682077725e-21, nan 
139.875, 87.375, 2.8739444531547764e-21, nan 
140.125, 87.375, 2.8520654828546427e-21, nan 
140.375, 87.375, 2.661603476377159e-21, nan 
140.625, 87.375, 2.528441603573228e-21, nan 
140.875, 87.375, 2.8939588055144895e-21, nan 
141.125, 87.375, 3.0693397678644223e-21, nan 
141.375, 87.375, 3.2723161976257704e-21, nan 
141.625, 87.375, 3.480019613652164e-21, nan 
141.875, 87.375, 3.4640960596703036e-21, nan 
142.125, 87.375, 3.454232153786072e-21, nan 
142.375, 87.375, 3.807742407347025e-21, nan 
142.625, 87.375, 4.1840412935161184e-21, nan 
142.875, 87.375, 4.402078418662403e-21, nan 
143.125, 87.375, 4.517259333156522e-21, nan 
143.375, 87.375, 4.491153801711365e-21, nan 
143.625, 87.375, 4.0763776440812846e-21, nan 
143.875, 87.375, 3.1089884888476383e-21, nan 
144.125, 87.375, 3.2842764654099275e-21, nan 
144.375, 87.375, 3.732790280491629e-21, nan 
144.625, 87.375, 4.253954167071121e-21, nan 
144.875, 87.375, 4.335025531954105e-21, nan 
145.125, 87.375, 4.2346910631522794e-21, nan 
145.375, 87.375, 3.914430634657194e-21, nan 
145.625, 87.375, 3.693706350984933e-21, nan 
145.875, 87.375, 3.444980290012399e-21, nan 
146.125, 87.375, 3.286114656930709e-21, nan 
146.375, 87.375, 3.291899662403747e-21, nan 
146.625, 87.375, 2.832384952338478e-21, nan 
146.875, 87.375, 3.2126437795476527e-21, nan 
147.125, 87.375, 3.4498906600686484e-21, nan 
147.375, 87.375, 3.5648600476232264e-21, nan 
147.625, 87.375, 3.654953159578732e-21, nan 
147.875, 87.375, 3.717988177657773e-21, nan 
148.125, 87.375, 3.8295144236613745e-21, nan 
148.375, 87.375, 4.020070874933188e-21, nan 
148.625, 87.375, 3.5272777477184474e-21, nan 
148.875, 87.375, 3.1925423999001434e-21, nan 
149.125, 87.375, 2.8165643644806374e-21, nan 
149.375, 87.375, 3.2672467694116976e-21, nan 
149.625, 87.375, 4.565428734066428e-21, nan 
149.875, 87.375, 3.970476197682234e-21, nan 
150.125, 87.375, 3.3077894822387607e-21, nan 
150.375, 87.375, 3.4565668934183054e-21, nan 
150.625, 87.375, 3.390546400235728e-21, nan 
150.875, 87.375, 3.1242107485068804e-21, nan 
151.125, 87.375, 3.464056515131329e-21, nan 
151.375, 87.375, 3.3956282290368715e-21, nan 
151.625, 87.375, 3.3835551839558535e-21, nan 
151.875, 87.375, 3.5728264740079265e-21, nan 
152.125, 87.375, 3.814376881097307e-21, nan 
152.375, 87.375, 3.954717497490027e-21, nan 
152.625, 87.375, 3.9786254985919866e-21, nan 
152.875, 87.375, 3.984128487374021e-21, nan 
153.125, 87.375, 3.993197934581047e-21, nan 
153.375, 87.375, 3.939305067890883e-21, nan 
153.625, 87.375, 3.918443546135671e-21, nan 
153.875, 87.375, 2.7125189310968995e-21, nan 
154.125, 87.375, 2.580701643978924e-21, nan 
154.375, 87.375, 2.8531705137511794e-21, nan 
154.625, 87.375, 3.202741389212243e-21, nan 
154.875, 87.375, 3.7340093657272474e-21, nan 
155.125, 87.375, 2.946464839315324e-21, nan 
155.375, 87.375, 3.592053890169459e-21, nan 
155.625, 87.375, 3.7515938387900004e-21, nan 
155.875, 87.375, 3.690890566759533e-21, nan 
156.125, 87.375, 3.507415354285811e-21, nan 
156.375, 87.375, 3.106531572560752e-21, nan 
156.625, 87.375, 3.0032110259729457e-21, nan 
156.875, 87.375, 2.7272176353453127e-21, nan 
157.125, 87.375, 2.446190357639072e-21, nan 
157.375, 87.375, 2.0572553812140547e-21, nan 
157.625, 87.375, 1.7014961629535617e-21, nan 
157.875, 87.375, 1.3853052829310766e-21, nan 
158.125, 87.375, 1.1222618891683754e-21, nan 
158.375, 87.375, 1.0947325757206381e-21, nan 
158.625, 87.375, 1.1035484886739368e-21, nan 
158.875, 87.375, 1.0571169651847681e-21, nan 
159.125, 87.375, 1.510838689396102e-21, nan 
159.375, 87.375, 2.278090446215845e-21, nan 
159.625, 87.375, 2.7546225429319773e-21, nan 
159.875, 87.375, 2.895904505620444e-21, nan 
160.125, 87.375, 2.507243580462955e-21, nan 
160.375, 87.375, 1.6149933547657573e-21, nan 
160.625, 87.375, 5.89312225283953e-22, nan 
160.875, 87.375, 6.463568483099945e-22, nan 
161.125, 87.375, 6.0653812343642275e-22, nan 
161.375, 87.375, 5.649348286762436e-22, nan 
161.625, 87.375, 5.352447447260246e-22, nan 
161.875, 87.375, 6.089581371953861e-22, nan 
162.125, 87.375, 7.3310353699521505e-22, nan 
162.375, 87.375, 8.459942779112452e-22, nan 
162.625, 87.375, 9.580527600957618e-22, nan 
162.875, 87.375, 1.3051644705439812e-21, nan 
163.125, 87.375, 1.9881728166521685e-21, nan 
163.375, 87.375, 1.6183181629305006e-21, nan 
163.625, 87.375, 9.813589862507967e-22, nan 
163.875, 87.375, 1.2124184970860898e-21, nan 
164.125, 87.375, 1.317403345941856e-21, nan 
164.375, 87.375, 1.27195780087757e-21, nan 
164.625, 87.375, 1.2890512886179016e-21, nan 
164.875, 87.375, 1.3906355929812875e-21, nan 
165.125, 87.375, 1.9712590605795005e-21, nan 
165.375, 87.375, 1.249961201330538e-21, nan 
165.625, 87.375, 9.912628321806238e-22, nan 
165.875, 87.375, 1.0033522248922034e-21, nan 
166.125, 87.375, 1.0519141496787723e-21, nan 
166.375, 87.375, 9.408356551535957e-22, nan 
166.625, 87.375, 7.692502405048497e-22, nan 
166.875, 87.375, 7.8356191389080495e-22, nan 
167.125, 87.375, 1.0163835272889567e-21, nan 
167.375, 87.375, 1.2047055372316684e-21, nan 
167.625, 87.375, 1.4136706490778754e-21, nan 
167.875, 87.375, 1.6836971842649606e-21, nan 
168.125, 87.375, 2.4141519067685407e-21, nan 
168.375, 87.375, 3.984846288486778e-21, nan 
168.625, 87.375, 3.2581673032702797e-21, nan 
168.875, 87.375, 1.4331749029693794e-21, nan 
169.125, 87.375, 1.7563007046062995e-21, nan 
169.375, 87.375, 2.0542732716425825e-21, nan 
169.625, 87.375, 2.2627337833207048e-21, nan 
169.875, 87.375, 2.46416638268913e-21, nan 
170.125, 87.375, 2.7862317221991653e-21, nan 
170.375, 87.375, 3.2108154168114034e-21, nan 
170.625, 87.375, 3.390840783126553e-21, nan 
170.875, 87.375, 3.591493483752298e-21, nan 
171.125, 87.375, 3.8039751935801785e-21, nan 
171.375, 87.375, 3.8727386667566906e-21, nan 
171.625, 87.375, 3.790698426121127e-21, nan 
171.875, 87.375, 3.6872870890716854e-21, nan 
172.125, 87.375, 3.5750349245844595e-21, nan 
172.375, 87.375, 3.878916986824871e-21, nan 
172.625, 87.375, 4.058651599262446e-21, nan 
172.875, 87.375, 4.199215142268301e-21, nan 
173.125, 87.375, 4.268337533460714e-21, nan 
173.375, 87.375, 4.45500648707022e-21, nan 
173.625, 87.375, 4.778476004060418e-21, nan 
173.875, 87.375, 2.9624932605143104e-21, nan 
174.125, 87.375, 2.0926663524435896e-21, nan 
174.375, 87.375, 1.8616437364774136e-21, nan 
174.625, 87.375, 1.4887813704785106e-21, nan 
174.875, 87.375, 1.250743992414072e-21, nan 
175.125, 87.375, 9.75645175005656e-22, nan 
175.375, 87.375, 8.68307974636674e-22, nan 
175.625, 87.375, 8.150803809468259e-22, nan 
175.875, 87.375, 8.052535552267726e-22, nan 
176.125, 87.375, 7.68063153988591e-22, nan 
176.375, 87.375, 7.945452449762407e-22, nan 
176.625, 87.375, 7.778685498765041e-22, nan 
176.875, 87.375, 8.166951122647585e-22, nan 
177.125, 87.375, 8.638305742345121e-22, nan 
177.375, 87.375, 1.0243718378190026e-21, nan 
177.625, 87.375, 1.4250948093786615e-21, nan 
177.875, 87.375, 1.7366460654462054e-21, nan 
178.125, 87.375, 2.0237727454676894e-21, nan 
178.375, 87.375, 2.207973197362941e-21, nan 
178.625, 87.375, 2.1639662947933556e-21, nan 
178.875, 87.375, 1.8976082845971798e-21, nan 
179.125, 87.375, 1.1833787279199023e-21, nan 
179.375, 87.375, 1.0902519270576213e-21, nan 
179.625, 87.375, 1.094857624633822e-21, nan 
179.875, 87.375, 1.1082166514297765e-21, nan 
-179.875, 87.625, 7.942120483367826e-22, nan 
-179.625, 87.625, 8.3825815383220355e-22, nan 
-179.375, 87.625, 7.906128829432839e-22, nan 
-179.125, 87.625, 8.3517400702209775e-22, nan 
-178.875, 87.625, 9.68118765764828e-22, nan 
-178.625, 87.625, 9.949798744535812e-22, nan 
-178.375, 87.625, 9.441684197877447e-22, nan 
-178.125, 87.625, 1.0068163424387062e-21, nan 
-177.875, 87.625, 1.0316327801895184e-21, nan 
-177.625, 87.625, 1.0904431310678691e-21, nan 
-177.375, 87.625, 1.2653149720490498e-21, nan 
-177.125, 87.625, 1.6626336951181698e-21, nan 
-176.875, 87.625, 2.2989056866277432e-21, nan 
-176.625, 87.625, 2.4216567571797746e-21, nan 
-176.375, 87.625, 2.43697679896307e-21, nan 
-176.125, 87.625, 2.50140734627888e-21, nan 
-175.875, 87.625, 2.0630491961088582e-21, nan 
-175.625, 87.625, 1.1658318666130185e-21, nan 
-175.375, 87.625, 1.5460746968282179e-21, nan 
-175.125, 87.625, 1.75378153542929e-21, nan 
-174.875, 87.625, 1.4631257272216503e-21, nan 
-174.625, 87.625, 1.0651010222009743e-21, nan 
-174.375, 87.625, 6.803214828198188e-22, nan 
-174.125, 87.625, 5.46051081767522e-22, nan 
-173.875, 87.625, 8.806916193621113e-22, nan 
-173.625, 87.625, 1.1567866955030286e-21, nan 
-173.375, 87.625, 1.3960524973844167e-21, nan 
-173.125, 87.625, 5.828179777932137e-22, nan 
-172.875, 87.625, 4.725447958437278e-22, nan 
-172.625, 87.625, 4.0488807147033168e-22, nan 
-172.375, 87.625, 4.281699072923376e-22, nan 
-172.125, 87.625, 3.8518686521046764e-22, nan 
-171.875, 87.625, 5.368693295595524e-22, nan 
-171.625, 87.625, 5.249992234691751e-22, nan 
-171.375, 87.625, 5.951203045708263e-22, nan 
-171.125, 87.625, 7.081881576767775e-22, nan 
-170.875, 87.625, 1.0243033152827214e-21, nan 
-170.625, 87.625, 1.4070703941489254e-21, nan 
-170.375, 87.625, 1.506233936944554e-21, nan 
-170.125, 87.625, 1.5359030893493718e-21, nan 
-169.875, 87.625, 1.5629910074961751e-21, nan 
-169.625, 87.625, 1.2646649377874654e-21, nan 
-169.375, 87.625, 1.2012768497831164e-21, nan 
-169.125, 87.625, 1.5989240940497457e-21, nan 
-168.875, 87.625, 1.787373678713098e-21, nan 
-168.625, 87.625, 1.7410365373968826e-21, nan 
-168.375, 87.625, 1.5629204122474267e-21, nan 
-168.125, 87.625, 1.577673205393551e-21, nan 
-167.875, 87.625, 1.5068722841199534e-21, nan 
-167.625, 87.625, 1.446952920942411e-21, nan 
-167.375, 87.625, 1.3876071335583747e-21, nan 
-167.125, 87.625, 1.3324809448258397e-21, nan 
-166.875, 87.625, 1.2553264495604173e-21, nan 
-166.625, 87.625, 1.1917912746825462e-21, nan 
-166.375, 87.625, 1.0721018425109076e-21, nan 
-166.125, 87.625, 7.8140992095615805e-22, nan 
-165.875, 87.625, 4.1036901597903213e-22, nan 
-165.625, 87.625, 6.542577170223724e-22, nan 
-165.375, 87.625, 6.854985529002151e-22, nan 
-165.125, 87.625, 5.621724580440293e-22, nan 
-164.875, 87.625, 3.7183231479243327e-22, nan 
-164.625, 87.625, 4.281364126518174e-22, nan 
-164.375, 87.625, 4.225681862054556e-22, nan 
-164.125, 87.625, 4.716444423573491e-22, nan 
-163.875, 87.625, 4.813665013550952e-22, nan 
-163.625, 87.625, 4.741380285824817e-22, nan 
-163.375, 87.625, 4.290808761131342e-22, nan 
-163.125, 87.625, 4.630611801764476e-22, nan 
-162.875, 87.625, 6.111103654729155e-22, nan 
-162.625, 87.625, 6.891486190268812e-22, nan 
-162.375, 87.625, 7.768243751932777e-22, nan 
-162.125, 87.625, 8.095292346412646e-22, nan 
-161.875, 87.625, 8.595077544412962e-22, nan 
-161.625, 87.625, 8.084180510574308e-22, nan 
-161.375, 87.625, 6.709035888251365e-22, nan 
-161.125, 87.625, 5.04153363366848e-22, nan 
-160.875, 87.625, 3.777525411268558e-22, nan 
-160.625, 87.625, 3.6715497242848967e-22, nan 
-160.375, 87.625, 4.211644357424232e-22, nan 
-160.125, 87.625, 3.8112834726414636e-22, nan 
-159.875, 87.625, 3.3936279345619913e-22, nan 
-159.625, 87.625, 4.0942314475086403e-22, nan 
-159.375, 87.625, 3.216927486638667e-22, nan 
-159.125, 87.625, 3.767882752741726e-22, nan 
-158.875, 87.625, 3.607933773984859e-22, nan 
-158.625, 87.625, 4.396737813756818e-22, nan 
-158.375, 87.625, 4.788275107467535e-22, nan 
-158.125, 87.625, 4.493419802301607e-22, nan 
-157.875, 87.625, 5.242068813181275e-22, nan 
-157.625, 87.625, 5.678947850518641e-22, nan 
-157.375, 87.625, 5.6183466679253165e-22, nan 
-157.125, 87.625, 5.326416910127535e-22, nan 
-156.875, 87.625, 5.313259696573903e-22, nan 
-156.625, 87.625, 5.31992391866735e-22, nan 
-156.375, 87.625, 5.989244988250485e-22, nan 
-156.125, 87.625, 7.677338107557078e-22, nan 
-155.875, 87.625, 9.42448255389787e-22, nan 
-155.625, 87.625, 1.0177377884503766e-21, nan 
-155.375, 87.625, 9.40297241431767e-22, nan 
-155.125, 87.625, 7.752025455046734e-22, nan 
-154.875, 87.625, 6.322321671673011e-22, nan 
-154.625, 87.625, 5.846407339820614e-22, nan 
-154.375, 87.625, 6.643225667234118e-22, nan 
-154.125, 87.625, 6.372580398541174e-22, nan 
-153.875, 87.625, 6.464055286345487e-22, nan 
-153.625, 87.625, 6.923374296220053e-22, nan 
-153.375, 87.625, 7.262344923609553e-22, nan 
-153.125, 87.625, 7.32690903833085e-22, nan 
-152.875, 87.625, 6.937129291606113e-22, nan 
-152.625, 87.625, 7.74340280990914e-22, nan 
-152.375, 87.625, 8.946909204471932e-22, nan 
-152.125, 87.625, 8.781168986783308e-22, nan 
-151.875, 87.625, 8.488860961469485e-22, nan 
-151.625, 87.625, 7.432720887386928e-22, nan 
-151.375, 87.625, 7.576102938703839e-22, nan 
-151.125, 87.625, 7.168683511501159e-22, nan 
-150.875, 87.625, 6.076226171912761e-22, nan 
-150.625, 87.625, 5.194134931448009e-22, nan 
-150.375, 87.625, 5.107816949368616e-22, nan 
-150.125, 87.625, 5.288145614114812e-22, nan 
-149.875, 87.625, 6.117457863999849e-22, nan 
-149.625, 87.625, 7.098419240217561e-22, nan 
-149.375, 87.625, 7.692350005179562e-22, nan 
-149.125, 87.625, 7.600179020814404e-22, nan 
-148.875, 87.625, 5.158176213644524e-22, nan 
-148.625, 87.625, 4.844401704906756e-22, nan 
-148.375, 87.625, 4.552586772903566e-22, nan 
-148.125, 87.625, 5.460274937506964e-22, nan 
-147.875, 87.625, 8.671842160156908e-22, nan 
-147.625, 87.625, 1.092647792061333e-21, nan 
-147.375, 87.625, 1.2625658927518277e-21, nan 
-147.125, 87.625, 1.3592553831125834e-21, nan 
-146.875, 87.625, 1.5565357550574805e-21, nan 
-146.625, 87.625, 6.672352230156795e-22, nan 
-146.375, 87.625, 9.75403524236459e-22, nan 
-146.125, 87.625, 1.0987298103353351e-21, nan 
-145.875, 87.625, 1.12275554309998e-21, nan 
-145.625, 87.625, 1.1802126895136551e-21, nan 
-145.375, 87.625, 1.1259609747139287e-21, nan 
-145.125, 87.625, 1.1524438230032003e-21, nan 
-144.875, 87.625, 1.106502040721101e-21, nan 
-144.625, 87.625, 8.80621795009196e-22, nan 
-144.375, 87.625, 6.634228666737562e-22, nan 
-144.125, 87.625, 5.856907325792117e-22, nan 
-143.875, 87.625, 6.30536851364849e-22, nan 
-143.625, 87.625, 6.728178140844471e-22, nan 
-143.375, 87.625, 6.294460498394465e-22, nan 
-143.125, 87.625, 6.165178593540179e-22, nan 
-142.875, 87.625, 6.888464363170952e-22, nan 
-142.625, 87.625, 6.141953847065215e-22, nan 
-142.375, 87.625, 6.261433217412786e-22, nan 
-142.125, 87.625, 5.88052289331601e-22, nan 
-141.875, 87.625, 5.58058970556765e-22, nan 
-141.625, 87.625, 7.269957629954833e-22, nan 
-141.375, 87.625, 8.44527984675264e-22, nan 
-141.125, 87.625, 9.100660139832683e-22, nan 
-140.875, 87.625, 8.903923916601015e-22, nan 
-140.625, 87.625, 8.418566352685358e-22, nan 
-140.375, 87.625, 5.126249630880144e-22, nan 
-140.125, 87.625, 7.53689220727666e-22, nan 
-139.875, 87.625, 8.756531792668657e-22, nan 
-139.625, 87.625, 8.390894990470963e-22, nan 
-139.375, 87.625, 8.046733354464469e-22, nan 
-139.125, 87.625, 6.968706658870653e-22, nan 
-138.875, 87.625, 7.410913245219015e-22, nan 
-138.625, 87.625, 7.386626751312804e-22, nan 
-138.375, 87.625, 5.713348766819505e-22, nan 
-138.125, 87.625, 3.7936420965340304e-22, nan 
-137.875, 87.625, 3.716044590459814e-22, nan 
-137.625, 87.625, 3.654417002191978e-22, nan 
-137.375, 87.625, 4.342961954810107e-22, nan 
-137.125, 87.625, 4.064139743034716e-22, nan 
-136.875, 87.625, 3.402039969123893e-22, nan 
-136.625, 87.625, 3.1621788017080043e-22, nan 
-136.375, 87.625, 4.679707680547659e-22, nan 
-136.125, 87.625, 4.122976087062347e-22, nan 
-135.875, 87.625, 4.333972841484038e-22, nan 
-135.625, 87.625, 3.8772189653653115e-22, nan 
-135.375, 87.625, 2.227544339282514e-22, nan 
-135.125, 87.625, 3.2880732869388307e-22, nan 
-134.875, 87.625, 4.641465527022327e-22, nan 
-134.625, 87.625, 5.414896093076559e-22, nan 
-134.375, 87.625, 2.812396829713177e-22, nan 
-134.125, 87.625, 2.6334419874942355e-22, nan 
-133.875, 87.625, 3.340610295261974e-22, nan 
-133.625, 87.625, 5.750984266528091e-22, nan 
-133.375, 87.625, 4.9758694454944615e-22, nan 
-133.125, 87.625, 3.9916784873861966e-22, nan 
-132.875, 87.625, 4.35983075616578e-22, nan 
-132.625, 87.625, 5.853552638984276e-22, nan 
-132.375, 87.625, 7.518832666289634e-22, nan 
-132.125, 87.625, 9.317608794182409e-22, nan 
-131.875, 87.625, 5.347873636066804e-22, nan 
-131.625, 87.625, 4.672301812044344e-22, nan 
-131.375, 87.625, 5.220758305251446e-22, nan 
-131.125, 87.625, 5.742502666019087e-22, nan 
-130.875, 87.625, 4.625103025876349e-22, nan 
-130.625, 87.625, 3.5325997756078883e-22, nan 
-130.375, 87.625, 2.9337319353098984e-22, nan 
-130.125, 87.625, 3.1272880783639243e-22, nan 
-129.875, 87.625, 3.1632784031165413e-22, nan 
-129.625, 87.625, 3.821288447929888e-22, nan 
-129.375, 87.625, 4.420616963802725e-22, nan 
-129.125, 87.625, 4.566107943959218e-22, nan 
-128.875, 87.625, 5.130575391177164e-22, nan 
-128.625, 87.625, 7.934220572094314e-22, nan 
-128.375, 87.625, 9.532951482160335e-22, nan 
-128.125, 87.625, 5.675610949284598e-22, nan 
-127.875, 87.625, 4.60822471855527e-22, nan 
-127.625, 87.625, 6.071432952015758e-22, nan 
-127.375, 87.625, 7.247577373197199e-22, nan 
-127.125, 87.625, 6.596567369916309e-22, nan 
-126.875, 87.625, 5.216829725411373e-22, nan 
-126.625, 87.625, 4.832931335998715e-22, nan 
-126.375, 87.625, 5.572746335809871e-22, nan 
-126.125, 87.625, 6.94061807602509e-22, nan 
-125.875, 87.625, 6.891280740368727e-22, nan 
-125.625, 87.625, 5.766411918089778e-22, nan 
-125.375, 87.625, 5.609604253096989e-22, nan 
-125.125, 87.625, 5.489688234406028e-22, nan 
-124.875, 87.625, 5.475705140165454e-22, nan 
-124.625, 87.625, 5.265900479888617e-22, nan 
-124.375, 87.625, 4.95383696064468e-22, nan 
-124.125, 87.625, 5.01912995536958e-22, nan 
-123.875, 87.625, 4.894251382142512e-22, nan 
-123.625, 87.625, 4.9670794085260825e-22, nan 
-123.375, 87.625, 5.21344702271403e-22, nan 
-123.125, 87.625, 5.507507384380151e-22, nan 
-122.875, 87.625, 5.612219763130559e-22, nan 
-122.625, 87.625, 6.386026738163074e-22, nan 
-122.375, 87.625, 7.428429266277257e-22, nan 
-122.125, 87.625, 8.095685642583619e-22, nan 
-121.875, 87.625, 6.550322968547609e-22, nan 
-121.625, 87.625, 6.043530967593899e-22, nan 
-121.375, 87.625, 6.218651026125552e-22, nan 
-121.125, 87.625, 6.658295465203011e-22, nan 
-120.875, 87.625, 6.405574078743499e-22, nan 
-120.625, 87.625, 5.883417478881342e-22, nan 
-120.375, 87.625, 5.463283089837404e-22, nan 
-120.125, 87.625, 5.437525950830993e-22, nan 
-119.875, 87.625, 6.908687845572055e-22, nan 
-119.625, 87.625, 6.815839604078087e-22, nan 
-119.375, 87.625, 6.800709639523291e-22, nan 
-119.125, 87.625, 6.740946437477245e-22, nan 
-118.875, 87.625, 6.689809246277495e-22, nan 
-118.625, 87.625, 6.567848809062509e-22, nan 
-118.375, 87.625, 6.428301590524053e-22, nan 
-118.125, 87.625, 6.139201550498019e-22, nan 
-117.875, 87.625, 5.643170132385863e-22, nan 
-117.625, 87.625, 5.009206175829958e-22, nan 
-117.375, 87.625, 3.6445098459601123e-22, nan 
-117.125, 87.625, 3.029717872401369e-22, nan 
-116.875, 87.625, 2.573305397897823e-22, nan 
-116.625, 87.625, 2.3361236853905155e-22, nan 
-116.375, 87.625, 3.6104330729121183e-22, nan 
-116.125, 87.625, 3.533022704608173e-22, nan 
-115.875, 87.625, 3.4536462450642404e-22, nan 
-115.625, 87.625, 3.2526270968089005e-22, nan 
-115.375, 87.625, 3.1745002968757036e-22, nan 
-115.125, 87.625, 2.7580303566531795e-22, nan 
-114.875, 87.625, 2.8209914643726613e-22, nan 
-114.625, 87.625, 2.6050000600323863e-22, nan 
-114.375, 87.625, 2.905741688086034e-22, nan 
-114.125, 87.625, 2.7654094291292372e-22, nan 
-113.875, 87.625, 2.332867788364888e-22, nan 
-113.625, 87.625, 2.381227565398164e-22, nan 
-113.375, 87.625, 2.277012009260258e-22, nan 
-113.125, 87.625, 1.9345566459046073e-22, nan 
-112.875, 87.625, 1.4445702642986859e-22, nan 
-112.625, 87.625, 1.4495418178769484e-22, nan 
-112.375, 87.625, 1.716678365762001e-22, nan 
-112.125, 87.625, 1.8192822020608226e-22, nan 
-111.875, 87.625, 1.7722570175918213e-22, nan 
-111.625, 87.625, 1.641152696555676e-22, nan 
-111.375, 87.625, 1.8754393743321775e-22, nan 
-111.125, 87.625, 2.355459242533558e-22, nan 
-110.875, 87.625, 2.985327086927271e-22, nan 
-110.625, 87.625, 1.6246556388920271e-22, nan 
-110.375, 87.625, 1.250127905697525e-22, nan 
-110.125, 87.625, 2.2487200191275206e-22, nan 
-109.875, 87.625, 2.7047271864712643e-22, nan 
-109.625, 87.625, 2.8722392596455697e-22, nan 
-109.375, 87.625, 2.4098122896236577e-22, nan 
-109.125, 87.625, 2.552484762131063e-22, nan 
-108.875, 87.625, 3.345387324013573e-22, nan 
-108.625, 87.625, 3.6796787057745184e-22, nan 
-108.375, 87.625, 4.033491247776013e-22, nan 
-108.125, 87.625, 3.9036426936867785e-22, nan 
-107.875, 87.625, 3.8711949658655465e-22, nan 
-107.625, 87.625, 3.8687051161867603e-22, nan 
-107.375, 87.625, 3.555706766527263e-22, nan 
-107.125, 87.625, 3.6617100036046224e-22, nan 
-106.875, 87.625, 4.527765613433759e-22, nan 
-106.625, 87.625, 5.50211735263873e-22, nan 
-106.375, 87.625, 4.845422190714525e-22, nan 
-106.125, 87.625, 3.4056613382239947e-22, nan 
-105.875, 87.625, 2.560085858537003e-22, nan 
-105.625, 87.625, 3.1036757420079785e-22, nan 
-105.375, 87.625, 2.940979440795953e-22, nan 
-105.125, 87.625, 2.6058694294293893e-22, nan 
-104.875, 87.625, 2.4735926442302142e-22, nan 
-104.625, 87.625, 2.2773296205031203e-22, nan 
-104.375, 87.625, 1.1056143225055142e-22, nan 
-104.125, 87.625, 1.3942642088617698e-22, nan 
-103.875, 87.625, 2.0331776674862015e-22, nan 
-103.625, 87.625, 2.769481852999474e-22, nan 
-103.375, 87.625, 3.048569611133027e-22, nan 
-103.125, 87.625, 2.262095673137965e-22, nan 
-102.875, 87.625, 2.4734286927068245e-22, nan 
-102.625, 87.625, 3.498218217230512e-22, nan 
-102.375, 87.625, 4.326964010526229e-22, nan 
-102.125, 87.625, 4.531626941554375e-22, nan 
-101.875, 87.625, 4.517184130817228e-22, nan 
-101.625, 87.625, 4.4958586887819425e-22, nan 
-101.375, 87.625, 4.317126641801173e-22, nan 
-101.125, 87.625, 3.7305576327367717e-22, nan 
-100.875, 87.625, 4.273810572109382e-22, nan 
-100.625, 87.625, 5.913664243421314e-22, nan 
-100.375, 87.625, 7.300627724407011e-22, nan 
-100.125, 87.625, 7.067911256470108e-22, nan 
-99.875, 87.625, 5.54309703210449e-22, nan 
-99.625, 87.625, 4.735215238118523e-22, nan 
-99.375, 87.625, 5.505212526462485e-22, nan 
-99.125, 87.625, 5.423441000860357e-22, nan 
-98.875, 87.625, 5.379750144477772e-22, nan 
-98.625, 87.625, 5.419534773995782e-22, nan 
-98.375, 87.625, 4.647528508939736e-22, nan 
-98.125, 87.625, 3.5272889821481363e-22, nan 
-97.875, 87.625, 3.239825835772062e-22, nan 
-97.625, 87.625, 3.283608160538204e-22, nan 
-97.375, 87.625, 3.480361942712406e-22, nan 
-97.125, 87.625, 3.5556982992890013e-22, nan 
-96.875, 87.625, 3.398490015953289e-22, nan 
-96.625, 87.625, 3.4407593777060342e-22, nan 
-96.375, 87.625, 3.93149487233153e-22, nan 
-96.125, 87.625, 4.732115028475461e-22, nan 
-95.875, 87.625, 4.75285732992791e-22, nan 
-95.625, 87.625, 4.683435777942058e-22, nan 
-95.375, 87.625, 4.692590884864827e-22, nan 
-95.125, 87.625, 4.543841735879309e-22, nan 
-94.875, 87.625, 4.39618835676433e-22, nan 
-94.625, 87.625, 4.451896345153626e-22, nan 
-94.375, 87.625, 4.853672264389424e-22, nan 
-94.125, 87.625, 5.140661619910912e-22, nan 
-93.875, 87.625, 5.181840360035181e-22, nan 
-93.625, 87.625, 5.040932748692502e-22, nan 
-93.375, 87.625, 4.739701594827772e-22, nan 
-93.125, 87.625, 4.916394958926299e-22, nan 
-92.875, 87.625, 4.591231134464731e-22, nan 
-92.625, 87.625, 4.61348876997568e-22, nan 
-92.375, 87.625, 4.706466090125956e-22, nan 
-92.125, 87.625, 4.345563272095668e-22, nan 
-91.875, 87.625, 3.896698776750716e-22, nan 
-91.625, 87.625, 3.6185820918781577e-22, nan 
-91.375, 87.625, 3.3887313304809207e-22, nan 
-91.125, 87.625, 3.291493586328494e-22, nan 
-90.875, 87.625, 3.1510330527292877e-22, nan 
-90.625, 87.625, 3.0292030263820085e-22, nan 
-90.375, 87.625, 2.952906095259893e-22, nan 
-90.125, 87.625, 3.089869526722391e-22, nan 
-89.875, 87.625, 4.0322269357386224e-22, nan 
-89.625, 87.625, 3.8088783656332743e-22, nan 
-89.375, 87.625, 3.615440432133976e-22, nan 
-89.125, 87.625, 3.343266179052642e-22, nan 
-88.875, 87.625, 3.205135588631213e-22, nan 
-88.625, 87.625, 3.0903486068297524e-22, nan 
-88.375, 87.625, 2.9843901971082168e-22, nan 
-88.125, 87.625, 2.692393088904386e-22, nan 
-87.875, 87.625, 2.439585035906031e-22, nan 
-87.625, 87.625, 2.067289194108446e-22, nan 
-87.375, 87.625, 1.6033309707270813e-22, nan 
-87.125, 87.625, 1.4744160536712129e-22, nan 
-86.875, 87.625, 1.421687748499217e-22, nan 
-86.625, 87.625, 1.3805440312230917e-22, nan 
-86.375, 87.625, 1.5049573758628284e-22, nan 
-86.125, 87.625, 2.2772282718057657e-22, nan 
-85.875, 87.625, 2.60955303265681e-22, nan 
-85.625, 87.625, 2.440012852387709e-22, nan 
-85.375, 87.625, 2.0232780724729795e-22, nan 
-85.125, 87.625, 1.5670161158973513e-22, nan 
-84.875, 87.625, 1.536959859272313e-22, nan 
-84.625, 87.625, 1.3166883447143957e-22, nan 
-84.375, 87.625, 1.5140013728128073e-22, nan 
-84.125, 87.625, 1.1737899884924653e-22, nan 
-83.875, 87.625, 1.3952182182060353e-22, nan 
-83.625, 87.625, 1.5978241567952995e-22, nan 
-83.375, 87.625, 1.4068844879966606e-22, nan 
-83.125, 87.625, 1.3226548154951183e-22, nan 
-82.875, 87.625, 1.2964846055794034e-22, nan 
-82.625, 87.625, 1.460965745727357e-22, nan 
-82.375, 87.625, 1.454084165316419e-22, nan 
-82.125, 87.625, 1.5562362254241012e-22, nan 
-81.875, 87.625, 2.155028465444913e-22, nan 
-81.625, 87.625, 1.4892478783067047e-22, nan 
-81.375, 87.625, 1.556355414855582e-22, nan 
-81.125, 87.625, 1.7583061753094832e-22, nan 
-80.875, 87.625, 1.8596202248512593e-22, nan 
-80.625, 87.625, 2.0085696306196054e-22, nan 
-80.375, 87.625, 2.0699063843848313e-22, nan 
-80.125, 87.625, 2.0094378144373628e-22, nan 
-79.875, 87.625, 2.04001567594302e-22, nan 
-79.625, 87.625, 2.719502222790958e-22, nan 
-79.375, 87.625, 2.647227620694154e-22, nan 
-79.125, 87.625, 2.510469141706389e-22, nan 
-78.875, 87.625, 2.3852218036104763e-22, nan 
-78.625, 87.625, 2.4507462406811146e-22, nan 
-78.375, 87.625, 2.179362805631273e-22, nan 
-78.125, 87.625, 2.1019384922085748e-22, nan 
-77.875, 87.625, 1.4913067674192088e-22, nan 
-77.625, 87.625, 2.2727503182177526e-22, nan 
-77.375, 87.625, 1.700355504182548e-22, nan 
-77.125, 87.625, 2.0414418604671928e-22, nan 
-76.875, 87.625, 2.212156127821681e-22, nan 
-76.625, 87.625, 2.1979791770234426e-22, nan 
-76.375, 87.625, 2.2778636208369557e-22, nan 
-76.125, 87.625, 1.9057648901506445e-22, nan 
-75.875, 87.625, 1.7525167316376448e-22, nan 
-75.625, 87.625, 1.6140303806477367e-22, nan 
-75.375, 87.625, 1.64134396144079e-22, nan 
-75.125, 87.625, 1.623211015827334e-22, nan 
-74.875, 87.625, 1.5485914408469868e-22, nan 
-74.625, 87.625, 1.4626419658506509e-22, nan 
-74.375, 87.625, 1.8684833041939675e-22, nan 
-74.125, 87.625, 2.3197280878715204e-22, nan 
-73.875, 87.625, 2.5176577654118226e-22, nan 
-73.625, 87.625, 2.023375485055826e-22, nan 
-73.375, 87.625, 1.395970588800549e-22, nan 
-73.125, 87.625, 1.3071843637904007e-22, nan 
-72.875, 87.625, 1.3438436882946051e-22, nan 
-72.625, 87.625, 1.6348014921568505e-22, nan 
-72.375, 87.625, 1.7667974607282998e-22, nan 
-72.125, 87.625, 2.2075113697824836e-22, nan 
-71.875, 87.625, 2.4035166413736294e-22, nan 
-71.625, 87.625, 2.4694246331436063e-22, nan 
-71.375, 87.625, 2.3697751208862486e-22, nan 
-71.125, 87.625, 2.30918348231982e-22, nan 
-70.875, 87.625, 2.272107393072966e-22, nan 
-70.625, 87.625, 2.0524148082785138e-22, nan 
-70.375, 87.625, 1.8250484879374617e-22, nan 
-70.125, 87.625, 1.882345521102423e-22, nan 
-69.875, 87.625, 1.480832738011995e-22, nan 
-69.625, 87.625, 1.4351956181590992e-22, nan 
-69.375, 87.625, 1.4528943464920157e-22, nan 
-69.125, 87.625, 1.480645010904662e-22, nan 
-68.875, 87.625, 1.440138563677779e-22, nan 
-68.625, 87.625, 1.446821308927284e-22, nan 
-68.375, 87.625, 1.6484708396473626e-22, nan 
-68.125, 87.625, 2.520802614010386e-22, nan 
-67.875, 87.625, 2.9880971263869165e-22, nan 
-67.625, 87.625, 3.0379641244958e-22, nan 
-67.375, 87.625, 3.182914817604832e-22, nan 
-67.125, 87.625, 2.6491614129697126e-22, nan 
-66.875, 87.625, 2.1676831557227475e-22, nan 
-66.625, 87.625, 1.7185817787233454e-22, nan 
-66.375, 87.625, 1.558266120151732e-22, nan 
-66.125, 87.625, 1.4919827324488504e-22, nan 
-65.875, 87.625, 1.2689330240466626e-22, nan 
-65.625, 87.625, 1.136718907989182e-22, nan 
-65.375, 87.625, 1.1649827696707046e-22, nan 
-65.125, 87.625, 1.2152472308490294e-22, nan 
-64.875, 87.625, 1.3298715770071175e-22, nan 
-64.625, 87.625, 1.5755131014047467e-22, nan 
-64.375, 87.625, 1.7217028974451099e-22, nan 
-64.125, 87.625, 1.5699072147494968e-22, nan 
-63.875, 87.625, 1.4714777602746423e-22, nan 
-63.625, 87.625, 1.6107654974323885e-22, nan 
-63.375, 87.625, 1.84282328212524e-22, nan 
-63.125, 87.625, 1.9918911133145728e-22, nan 
-62.875, 87.625, 1.7157078526877409e-22, nan 
-62.625, 87.625, 1.695622010132196e-22, nan 
-62.375, 87.625, 1.7433767703079535e-22, nan 
-62.125, 87.625, 1.9585540359996275e-22, nan 
-61.875, 87.625, 2.118324201400846e-22, nan 
-61.625, 87.625, 2.2779353870163494e-22, nan 
-61.375, 87.625, 2.305100247214862e-22, nan 
-61.125, 87.625, 2.118107183106942e-22, nan 
-60.875, 87.625, 1.6731252752406926e-22, nan 
-60.625, 87.625, 1.0653807843505285e-22, nan 
-60.375, 87.625, 1.7277448971437218e-22, nan 
-60.125, 87.625, 2.4069743123027764e-22, nan 
-59.875, 87.625, 2.778491044665003e-22, nan 
-59.625, 87.625, 2.1586987387302657e-22, nan 
-59.375, 87.625, 2.1952389241924936e-22, nan 
-59.125, 87.625, 1.8601919920895177e-22, nan 
-58.875, 87.625, 2.028488018844809e-22, nan 
-58.625, 87.625, 2.4329757810519584e-22, nan 
-58.375, 87.625, 2.201246408930208e-22, nan 
-58.125, 87.625, 2.462534062233425e-22, nan 
-57.875, 87.625, 2.4966253072467596e-22, nan 
-57.625, 87.625, 2.488281864871269e-22, nan 
-57.375, 87.625, 2.508088122477685e-22, nan 
-57.125, 87.625, 2.2117476415588027e-22, nan 
-56.875, 87.625, 2.5760777193671655e-22, nan 
-56.625, 87.625, 2.002505863068231e-22, nan 
-56.375, 87.625, 2.117621555170959e-22, nan 
-56.125, 87.625, 2.2763239931622676e-22, nan 
-55.875, 87.625, 2.15914661348113e-22, nan 
-55.625, 87.625, 2.0438235578586963e-22, nan 
-55.375, 87.625, 2.0193855850651187e-22, nan 
-55.125, 87.625, 1.9335001228992384e-22, nan 
-54.875, 87.625, 1.7202850010675412e-22, nan 
-54.625, 87.625, 1.6533504757205294e-22, nan 
-54.375, 87.625, 1.6020223122181104e-22, nan 
-54.125, 87.625, 2.3746319544034566e-22, nan 
-53.875, 87.625, 3.1916046250617276e-22, nan 
-53.625, 87.625, 3.382265927797998e-22, nan 
-53.375, 87.625, 1.95512034792536e-22, nan 
-53.125, 87.625, 1.8477474786903325e-22, nan 
-52.875, 87.625, 1.618085730916334e-22, nan 
-52.625, 87.625, 1.7165901308272445e-22, nan 
-52.375, 87.625, 2.7069816837731896e-22, nan 
-52.125, 87.625, 2.506594832875233e-22, nan 
-51.875, 87.625, 2.698480590651229e-22, nan 
-51.625, 87.625, 3.1193171461807614e-22, nan 
-51.375, 87.625, 3.557550451105378e-22, nan 
-51.125, 87.625, 3.709868388270845e-22, nan 
-50.875, 87.625, 3.371656564616254e-22, nan 
-50.625, 87.625, 3.247908779152872e-22, nan 
-50.375, 87.625, 2.216294426278179e-22, nan 
-50.125, 87.625, 1.968933152365559e-22, nan 
-49.875, 87.625, 1.88008368751691e-22, nan 
-49.625, 87.625, 2.0088963010114358e-22, nan 
-49.375, 87.625, 2.0007441059330844e-22, nan 
-49.125, 87.625, 2.132622841273109e-22, nan 
-48.875, 87.625, 2.035733283523327e-22, nan 
-48.625, 87.625, 1.5233546619188696e-22, nan 
-48.375, 87.625, 1.296324040713018e-22, nan 
-48.125, 87.625, 1.2887150435240666e-22, nan 
-47.875, 87.625, 1.245079203156881e-22, nan 
-47.625, 87.625, 1.670704181991831e-22, nan 
-47.375, 87.625, 2.0415121484444948e-22, nan 
-47.125, 87.625, 2.0283233183049976e-22, nan 
-46.875, 87.625, 2.2000672898718316e-22, nan 
-46.625, 87.625, 1.6440655998882712e-22, nan 
-46.375, 87.625, 1.4101818043741167e-22, nan 
-46.125, 87.625, 1.837500340413853e-22, nan 
-45.875, 87.625, 1.562732728366359e-22, nan 
-45.625, 87.625, 1.1757980365276843e-22, nan 
-45.375, 87.625, 8.052714119085976e-23, nan 
-45.125, 87.625, 1.6303163512714565e-22, nan 
-44.875, 87.625, 2.4194065730754927e-22, nan 
-44.625, 87.625, 2.4049915557465136e-22, nan 
-44.375, 87.625, 1.0895573234269773e-22, nan 
-44.125, 87.625, 1.4135082334961867e-22, nan 
-43.875, 87.625, 1.4761730778110252e-22, nan 
-43.625, 87.625, 1.1278089484907287e-22, nan 
-43.375, 87.625, 1.6777421636188771e-22, nan 
-43.125, 87.625, 1.6420351524147842e-22, nan 
-42.875, 87.625, 1.3367782486662528e-22, nan 
-42.625, 87.625, 1.2485059886683344e-22, nan 
-42.375, 87.625, 9.856916819022626e-23, nan 
-42.125, 87.625, 9.347915706213394e-23, nan 
-41.875, 87.625, 1.1717986133837988e-22, nan 
-41.625, 87.625, 1.3122510502076474e-22, nan 
-41.375, 87.625, 1.3997513456733942e-22, nan 
-41.125, 87.625, 1.4013086569982577e-22, nan 
-40.875, 87.625, 1.6432282786387534e-22, nan 
-40.625, 87.625, 1.9547790182202714e-22, nan 
-40.375, 87.625, 2.8090354810741406e-22, nan 
-40.125, 87.625, 3.5043205158993074e-22, nan 
-39.875, 87.625, 2.167587547947206e-22, nan 
-39.625, 87.625, 1.6518398410198964e-22, nan 
-39.375, 87.625, 1.6954324055964133e-22, nan 
-39.125, 87.625, 1.7182869630971568e-22, nan 
-38.875, 87.625, 2.1390693225107804e-22, nan 
-38.625, 87.625, 2.4178964095379846e-22, nan 
-38.375, 87.625, 2.1801717060479924e-22, nan 
-38.125, 87.625, 3.0298823311769784e-22, nan 
-37.875, 87.625, 2.7780408443399686e-22, nan 
-37.625, 87.625, 2.2942722037109297e-22, nan 
-37.375, 87.625, 1.5127340580329358e-22, nan 
-37.125, 87.625, 1.2722216619045499e-22, nan 
-36.875, 87.625, 1.2378839064330384e-22, nan 
-36.625, 87.625, 1.0358428740176094e-22, nan 
-36.375, 87.625, 9.027746694683388e-23, nan 
-36.125, 87.625, 2.36608557493414e-22, nan 
-35.875, 87.625, 9.629901136295688e-23, nan 
-35.625, 87.625, 7.544813191612645e-23, nan 
-35.375, 87.625, 9.343374040677126e-23, nan 
-35.125, 87.625, 1.2402865178134443e-22, nan 
-34.875, 87.625, 1.2018643249571193e-22, nan 
-34.625, 87.625, 6.22046778796213e-23, nan 
-34.375, 87.625, 9.769020306401883e-23, nan 
-34.125, 87.625, 4.213072452038253e-23, nan 
-33.875, 87.625, 5.2338290081382964e-23, nan 
-33.625, 87.625, 4.631337390217475e-23, nan 
-33.375, 87.625, 5.1195256538632264e-23, nan 
-33.125, 87.625, 6.42970810126618e-23, nan 
-32.875, 87.625, 9.25534961323587e-23, nan 
-32.625, 87.625, 1.045721608534044e-22, nan 
-32.375, 87.625, 1.1003365865394152e-22, nan 
-32.125, 87.625, 6.187876891811752e-23, nan 
-31.875, 87.625, 1.0885061479266725e-22, nan 
-31.625, 87.625, 1.4274060000166402e-22, nan 
-31.375, 87.625, 1.148291282361235e-22, nan 
-31.125, 87.625, 1.3355669127371132e-22, nan 
-30.875, 87.625, 2.142211926370819e-22, nan 
-30.625, 87.625, 4.315146607285354e-22, nan 
-30.375, 87.625, 4.972537433776963e-22, nan 
-30.125, 87.625, 4.557040857379648e-22, nan 
-29.875, 87.625, 3.0663895759185322e-22, nan 
-29.625, 87.625, 2.3633583037419523e-22, nan 
-29.375, 87.625, 2.1785214494528384e-22, nan 
-29.125, 87.625, 1.8556548871012e-22, nan 
-28.875, 87.625, 1.6373768128294241e-22, nan 
-28.625, 87.625, 1.3292093915375868e-22, nan 
-28.375, 87.625, 1.0328510416299119e-22, nan 
-28.125, 87.625, 9.488900641667229e-23, nan 
-27.875, 87.625, 1.8278426329848523e-22, nan 
-27.625, 87.625, 2.590795604137359e-22, nan 
-27.375, 87.625, 4.010450149759547e-22, nan 
-27.125, 87.625, 5.133683284361324e-22, nan 
-26.875, 87.625, 5.036700412417123e-22, nan 
-26.625, 87.625, 3.6595094417619326e-22, nan 
-26.375, 87.625, 2.8712116587685427e-22, nan 
-26.125, 87.625, 2.555558320391812e-22, nan 
-25.875, 87.625, 1.4888474949660797e-22, nan 
-25.625, 87.625, 1.3157817714310308e-22, nan 
-25.375, 87.625, 1.7555164039200742e-22, nan 
-25.125, 87.625, 2.423715747685627e-22, nan 
-24.875, 87.625, 3.4806896935327874e-22, nan 
-24.625, 87.625, 2.8290909136253256e-22, nan 
-24.375, 87.625, 1.5590281000641145e-22, nan 
-24.125, 87.625, 1.749673684707837e-22, nan 
-23.875, 87.625, 2.088645390786878e-22, nan 
-23.625, 87.625, 2.9731124302078097e-22, nan 
-23.375, 87.625, 2.7754831017277193e-22, nan 
-23.125, 87.625, 1.7587844480989668e-22, nan 
-22.875, 87.625, 1.9449446737388696e-22, nan 
-22.625, 87.625, 1.9085419921639697e-22, nan 
-22.375, 87.625, 1.7055453130892627e-22, nan 
-22.125, 87.625, 1.82150641771676e-22, nan 
-21.875, 87.625, 1.5863239362587378e-22, nan 
-21.625, 87.625, 1.486027666295848e-22, nan 
-21.375, 87.625, 1.128378081357314e-22, nan 
-21.125, 87.625, 2.3077273956165666e-22, nan 
-20.875, 87.625, 3.1383658496295866e-22, nan 
-20.625, 87.625, 3.41080691162147e-22, nan 
-20.375, 87.625, 2.778858271501749e-22, nan 
-20.125, 87.625, 2.184607526329879e-22, nan 
-19.875, 87.625, 1.8633477122018097e-22, nan 
-19.625, 87.625, 1.4621917455080806e-22, nan 
-19.375, 87.625, 1.400278485806805e-22, nan 
-19.125, 87.625, 1.4103739920629754e-22, nan 
-18.875, 87.625, 1.3088488320638402e-22, nan 
-18.625, 87.625, 1.9714159764436252e-22, nan 
-18.375, 87.625, 2.111719036443293e-22, nan 
-18.125, 87.625, 1.9116809068198645e-22, nan 
-17.875, 87.625, 2.166657045782388e-22, nan 
-17.625, 87.625, 2.246194269729401e-22, nan 
-17.375, 87.625, 2.114085791315206e-22, nan 
-17.125, 87.625, 1.8354681093266449e-22, nan 
-16.875, 87.625, 1.7040471592339425e-22, nan 
-16.625, 87.625, 1.918797560665423e-22, nan 
-16.375, 87.625, 1.389611621052832e-22, nan 
-16.125, 87.625, 1.596072952230115e-22, nan 
-15.875, 87.625, 1.569104444518229e-22, nan 
-15.625, 87.625, 1.270583122362792e-22, nan 
-15.375, 87.625, 1.0576264271771842e-22, nan 
-15.125, 87.625, 7.624817648350705e-23, nan 
-14.875, 87.625, 1.8433192143937016e-22, nan 
-14.625, 87.625, 3.090347531675444e-22, nan 
-14.375, 87.625, 4.798870817904199e-22, nan 
-14.125, 87.625, 3.5303258649851407e-22, nan 
-13.875, 87.625, 2.8799036293832203e-22, nan 
-13.625, 87.625, 2.266248316573133e-22, nan 
-13.375, 87.625, 2.167127943852344e-22, nan 
-13.125, 87.625, 2.4847930843165126e-22, nan 
-12.875, 87.625, 2.769361810909239e-22, nan 
-12.625, 87.625, 2.9542608607930782e-22, nan 
-12.375, 87.625, 3.9095193477137903e-22, nan 
-12.125, 87.625, 4.2148539798989632e-22, nan 
-11.875, 87.625, 3.935417031018056e-22, nan 
-11.625, 87.625, 3.316831234109276e-22, nan 
-11.375, 87.625, 2.6726189176108537e-22, nan 
-11.125, 87.625, 2.0076584501054462e-22, nan 
-10.875, 87.625, 2.066739727330703e-22, nan 
-10.625, 87.625, 2.821458036829063e-22, nan 
-10.375, 87.625, 3.455794847810611e-22, nan 
-10.125, 87.625, 4.141208469143498e-22, nan 
-9.875, 87.625, 2.643340654298623e-22, nan 
-9.625, 87.625, 1.991067420885484e-22, nan 
-9.375, 87.625, 1.6752648802174504e-22, nan 
-9.125, 87.625, 1.5554749528390198e-22, nan 
-8.875, 87.625, 1.566491522086512e-22, nan 
-8.625, 87.625, 1.460036412332277e-22, nan 
-8.375, 87.625, 1.4276095133264356e-22, nan 
-8.125, 87.625, 1.3777526797909066e-22, nan 
-7.875, 87.625, 1.2889106739110602e-22, nan 
-7.625, 87.625, 1.2396964878342156e-22, nan 
-7.375, 87.625, 1.067436029646941e-22, nan 
-7.125, 87.625, 1.0220895097978472e-22, nan 
-6.875, 87.625, 1.5476684152970338e-22, nan 
-6.625, 87.625, 2.172116966371541e-22, nan 
-6.375, 87.625, 2.7670690616017343e-22, nan 
-6.125, 87.625, 3.7838687639563243e-22, nan 
-5.875, 87.625, 3.9296705090732933e-22, nan 
-5.625, 87.625, 3.4767769862177393e-22, nan 
-5.375, 87.625, 2.7951080880541027e-22, nan 
-5.125, 87.625, 2.0408796262816734e-22, nan 
-4.875, 87.625, 1.1987462032597456e-22, nan 
-4.625, 87.625, 6.682767783888582e-23, nan 
-4.375, 87.625, 1.1684537099946783e-22, nan 
-4.125, 87.625, 1.406898459538165e-22, nan 
-3.875, 87.625, 1.0597336899525602e-22, nan 
-3.625, 87.625, 1.1221556643781237e-22, nan 
-3.375, 87.625, 1.134019057176298e-22, nan 
-3.125, 87.625, 6.976422482493798e-23, nan 
-2.875, 87.625, 1.0012008604089905e-22, nan 
-2.625, 87.625, 2.4992530481616416e-22, nan 
-2.375, 87.625, 1.2936257103248972e-22, nan 
-2.125, 87.625, 2.2040042186109757e-22, nan 
-1.875, 87.625, 2.0886822990629107e-22, nan 
-1.625, 87.625, 1.8905735510132016e-22, nan 
-1.375, 87.625, 2.0635353461447526e-22, nan 
-1.125, 87.625, 1.4772960990326632e-22, nan 
-0.875, 87.625, 2.9882123357064496e-22, nan 
-0.625, 87.625, 2.9943129701617173e-22, nan 
-0.375, 87.625, 2.699234929617848e-22, nan 
-0.125, 87.625, 2.239996673694523e-22, nan 
0.125, 87.625, 2.7276587087912667e-22, nan 
0.375, 87.625, 3.870360490522918e-22, nan 
0.625, 87.625, 4.850224479201455e-22, nan 
0.875, 87.625, 5.230729015242499e-22, nan 
1.125, 87.625, 4.884941201241176e-22, nan 
1.375, 87.625, 4.395453416747826e-22, nan 
1.625, 87.625, 4.129089050322494e-22, nan 
1.875, 87.625, 2.6505545083943008e-22, nan 
2.125, 87.625, 2.130941411424078e-22, nan 
2.375, 87.625, 1.6159847741282756e-22, nan 
2.625, 87.625, 1.2844658610922175e-22, nan 
2.875, 87.625, 1.0796894397770973e-22, nan 
3.125, 87.625, 1.0600226162416466e-22, nan 
3.375, 87.625, 1.2891313174364916e-22, nan 
3.625, 87.625, 1.630108827362954e-22, nan 
3.875, 87.625, 1.6111135831995096e-22, nan 
4.125, 87.625, 1.7625594410603364e-22, nan 
4.375, 87.625, 1.831251484942205e-22, nan 
4.625, 87.625, 1.88021152615499e-22, nan 
4.875, 87.625, 2.1046545885625612e-22, nan 
5.125, 87.625, 1.974074774290894e-22, nan 
5.375, 87.625, 2.1681875667936077e-22, nan 
5.625, 87.625, 2.418288328928667e-22, nan 
5.875, 87.625, 3.2656631135743777e-22, nan 
6.125, 87.625, 2.690658847327117e-22, nan 
6.375, 87.625, 2.129268620203689e-22, nan 
6.625, 87.625, 3.17340480099341e-22, nan 
6.875, 87.625, 3.6780599050380677e-22, nan 
7.125, 87.625, 3.696789005998895e-22, nan 
7.375, 87.625, 3.778784671200896e-22, nan 
7.625, 87.625, 3.1352419777104986e-22, nan 
7.875, 87.625, 3.1159284435417235e-22, nan 
8.125, 87.625, 3.0842161757083426e-22, nan 
8.375, 87.625, 2.3284408303316156e-22, nan 
8.625, 87.625, 1.8754231442546884e-22, nan 
8.875, 87.625, 1.657507384753546e-22, nan 
9.125, 87.625, 1.5907811843288649e-22, nan 
9.375, 87.625, 1.5595050306296347e-22, nan 
9.625, 87.625, 1.0255115104759814e-22, nan 
9.875, 87.625, 8.937539295838365e-23, nan 
10.125, 87.625, 1.0515531859692959e-22, nan 
10.375, 87.625, 1.230673999970084e-22, nan 
10.625, 87.625, 1.0663052590946656e-22, nan 
10.875, 87.625, 8.526047792144463e-23, nan 
11.125, 87.625, 7.34722366137685e-23, nan 
11.375, 87.625, 1.1976894240042127e-22, nan 
11.625, 87.625, 2.612326573031095e-22, nan 
11.875, 87.625, 3.872595712090368e-22, nan 
12.125, 87.625, 4.297715014084005e-22, nan 
12.375, 87.625, 5.367467567534191e-22, nan 
12.625, 87.625, 2.906458484844856e-22, nan 
12.875, 87.625, 2.1942953540091693e-22, nan 
13.125, 87.625, 2.3886213879930254e-22, nan 
13.375, 87.625, 1.922892264196959e-22, nan 
13.625, 87.625, 2.6536612548132627e-22, nan 
13.875, 87.625, 1.7460024475257607e-22, nan 
14.125, 87.625, 2.609580357973775e-22, nan 
14.375, 87.625, 2.4573223845754406e-22, nan 
14.625, 87.625, 2.2728935592720437e-22, nan 
14.875, 87.625, 2.3103669492414877e-22, nan 
15.125, 87.625, 2.3685306515052537e-22, nan 
15.375, 87.625, 2.467397230988811e-22, nan 
15.625, 87.625, 2.4800537201511696e-22, nan 
15.875, 87.625, 1.7442551220650202e-22, nan 
16.125, 87.625, 2.752981489611199e-22, nan 
16.375, 87.625, 2.436107952948326e-22, nan 
16.625, 87.625, 2.336636043088618e-22, nan 
16.875, 87.625, 1.8712606382654603e-22, nan 
17.125, 87.625, 1.5197902909263837e-22, nan 
17.375, 87.625, 1.0080087384715348e-22, nan 
17.625, 87.625, 1.0211373702352125e-22, nan 
17.875, 87.625, 1.7112713956956468e-22, nan 
18.125, 87.625, 2.503607599027028e-22, nan 
18.375, 87.625, 2.8974306063673416e-22, nan 
18.625, 87.625, 3.409154193410457e-22, nan 
18.875, 87.625, 1.08808267622276e-22, nan 
19.125, 87.625, 1.2980119808524288e-22, nan 
19.375, 87.625, 1.777367173818014e-22, nan 
19.625, 87.625, 2.4644145946246406e-22, nan 
19.875, 87.625, 2.4918548137983097e-22, nan 
20.125, 87.625, 1.8184719233987343e-22, nan 
20.375, 87.625, 2.0178379583513094e-22, nan 
20.625, 87.625, 2.2955584605852096e-22, nan 
20.875, 87.625, 2.2572079302244405e-22, nan 
21.125, 87.625, 2.035182390686251e-22, nan 
21.375, 87.625, 2.0876447246116465e-22, nan 
21.625, 87.625, 2.2947028990012404e-22, nan 
21.875, 87.625, 2.371944163838651e-22, nan 
22.125, 87.625, 2.3970828261092624e-22, nan 
22.375, 87.625, 2.353965588407465e-22, nan 
22.625, 87.625, 2.0679598347169783e-22, nan 
22.875, 87.625, 2.0185120623171286e-22, nan 
23.125, 87.625, 1.790409871991656e-22, nan 
23.375, 87.625, 1.5494908865832282e-22, nan 
23.625, 87.625, 1.262144046770492e-22, nan 
23.875, 87.625, 1.0785278537600886e-22, nan 
24.125, 87.625, 1.0223686439488257e-22, nan 
24.375, 87.625, 9.537563160416625e-23, nan 
24.625, 87.625, 1.1203132225338334e-22, nan 
24.875, 87.625, 1.1378460363228587e-22, nan 
25.125, 87.625, 8.259146560613073e-23, nan 
25.375, 87.625, 8.462132714611074e-23, nan 
25.625, 87.625, 1.7838777734925147e-22, nan 
25.875, 87.625, 3.6472163593087905e-22, nan 
26.125, 87.625, 2.187876818081904e-22, nan 
26.375, 87.625, 1.665595644695615e-22, nan 
26.625, 87.625, 2.620671050726104e-22, nan 
26.875, 87.625, 2.6919628999825355e-22, nan 
27.125, 87.625, 2.181111611520439e-22, nan 
27.375, 87.625, 1.7200595642367535e-22, nan 
27.625, 87.625, 1.6085210155514692e-22, nan 
27.875, 87.625, 1.6745294943133868e-22, nan 
28.125, 87.625, 1.6268953536830712e-22, nan 
28.375, 87.625, 1.659126712086222e-22, nan 
28.625, 87.625, 1.5954560188736595e-22, nan 
28.875, 87.625, 1.4936411220435973e-22, nan 
29.125, 87.625, 1.4124455349545029e-22, nan 
29.375, 87.625, 1.2577860891036175e-22, nan 
29.625, 87.625, 1.166898574173776e-22, nan 
29.875, 87.625, 1.0731067077383045e-22, nan 
30.125, 87.625, 1.018161572615368e-22, nan 
30.375, 87.625, 9.760618840900283e-23, nan 
30.625, 87.625, 6.69397604625103e-23, nan 
30.875, 87.625, 6.855600842816509e-23, nan 
31.125, 87.625, 7.487499205543915e-23, nan 
31.375, 87.625, 7.955037676336377e-23, nan 
31.625, 87.625, 9.428299512583314e-23, nan 
31.875, 87.625, 1.50646620428823e-22, nan 
32.125, 87.625, 2.4535568159882515e-22, nan 
32.375, 87.625, 1.7315357554859892e-22, nan 
32.625, 87.625, 1.0007196573566119e-22, nan 
32.875, 87.625, 8.791874477281357e-23, nan 
33.125, 87.625, 9.069108963730308e-23, nan 
33.375, 87.625, 9.377248336041874e-23, nan 
33.625, 87.625, 9.902441213105835e-23, nan 
33.875, 87.625, 9.823363668902431e-23, nan 
34.125, 87.625, 8.238347624693724e-23, nan 
34.375, 87.625, 3.4602982575387954e-23, nan 
34.625, 87.625, 6.662395975243369e-23, nan 
34.875, 87.625, 7.47745715195906e-23, nan 
35.125, 87.625, 6.131604268600081e-23, nan 
35.375, 87.625, 4.8003886907570145e-23, nan 
35.625, 87.625, 6.417669438447021e-23, nan 
35.875, 87.625, 1.026978778503452e-22, nan 
36.125, 87.625, 9.891136028940211e-23, nan 
36.375, 87.625, 9.615298669046038e-23, nan 
36.625, 87.625, 9.307010417254707e-23, nan 
36.875, 87.625, 7.975882020148043e-23, nan 
37.125, 87.625, 7.841805867102517e-23, nan 
37.375, 87.625, 7.184796986817582e-23, nan 
37.625, 87.625, 7.691955077657595e-23, nan 
37.875, 87.625, 8.191216782661297e-23, nan 
38.125, 87.625, 8.25380152137877e-23, nan 
38.375, 87.625, 9.144612963533041e-23, nan 
38.625, 87.625, 7.462403954495902e-23, nan 
38.875, 87.625, 7.075283626630605e-23, nan 
39.125, 87.625, 7.595554973587418e-23, nan 
39.375, 87.625, 7.946602167452857e-23, nan 
39.625, 87.625, 1.174995814774829e-22, nan 
39.875, 87.625, 1.671876534822983e-22, nan 
40.125, 87.625, 1.7842531628300598e-22, nan 
40.375, 87.625, 1.8458687300618386e-22, nan 
40.625, 87.625, 1.8690461287453534e-22, nan 
40.875, 87.625, 1.8757243761389706e-22, nan 
41.125, 87.625, 1.8952164259012756e-22, nan 
41.375, 87.625, 1.907591195820022e-22, nan 
41.625, 87.625, 1.8381943346714841e-22, nan 
41.875, 87.625, 1.7088015161009083e-22, nan 
42.125, 87.625, 1.2831608107621747e-22, nan 
42.375, 87.625, 1.427905419857676e-22, nan 
42.625, 87.625, 1.93061486799994e-22, nan 
42.875, 87.625, 1.8754399666973748e-22, nan 
43.125, 87.625, 1.7923832249501319e-22, nan 
43.375, 87.625, 1.6806118393743683e-22, nan 
43.625, 87.625, 1.486313693252043e-22, nan 
43.875, 87.625, 1.0334339983812437e-22, nan 
44.125, 87.625, 7.627912440800314e-23, nan 
44.375, 87.625, 8.562012921188323e-23, nan 
44.625, 87.625, 1.1036421600162295e-22, nan 
44.875, 87.625, 8.945982833568552e-23, nan 
45.125, 87.625, 6.458231625108712e-23, nan 
45.375, 87.625, 5.4696082258615e-23, nan 
45.625, 87.625, 4.8259499186897146e-23, nan 
45.875, 87.625, 6.009466453258398e-23, nan 
46.125, 87.625, 4.368920300545823e-23, nan 
46.375, 87.625, 1.6200857847531263e-22, nan 
46.625, 87.625, 2.124779035717128e-22, nan 
46.875, 87.625, 2.4067564008033954e-22, nan 
47.125, 87.625, 2.6817911266386256e-22, nan 
47.375, 87.625, 3.0488740679936386e-22, nan 
47.625, 87.625, 3.3174030277259604e-22, nan 
47.875, 87.625, 3.667467244194378e-22, nan 
48.125, 87.625, 4.080373176777645e-22, nan 
48.375, 87.625, 3.2947519155783406e-22, nan 
48.625, 87.625, 2.5447201827964994e-22, nan 
48.875, 87.625, 2.178183262298102e-22, nan 
49.125, 87.625, 2.0118501050940574e-22, nan 
49.375, 87.625, 1.9602686012126636e-22, nan 
49.625, 87.625, 1.8766937383705256e-22, nan 
49.875, 87.625, 1.6769109663797086e-22, nan 
50.125, 87.625, 1.2267087132393016e-22, nan 
50.375, 87.625, 1.110923207230239e-22, nan 
50.625, 87.625, 1.4770778162608522e-22, nan 
50.875, 87.625, 1.5329669866750878e-22, nan 
51.125, 87.625, 1.3064153976879346e-22, nan 
51.375, 87.625, 1.0965977950083907e-22, nan 
51.625, 87.625, 1.3992825283535371e-22, nan 
51.875, 87.625, 1.483560553328178e-22, nan 
52.125, 87.625, 1.5858760853717693e-22, nan 
52.375, 87.625, 1.5034865363528802e-22, nan 
52.625, 87.625, 1.7226894882893295e-22, nan 
52.875, 87.625, 2.016742805088907e-22, nan 
53.125, 87.625, 2.34201636605304e-22, nan 
53.375, 87.625, 2.804496320254409e-22, nan 
53.625, 87.625, 3.4439260301832204e-22, nan 
53.875, 87.625, 3.9067626379829006e-22, nan 
54.125, 87.625, 4.624533189882213e-22, nan 
54.375, 87.625, 5.644478624956201e-22, nan 
54.625, 87.625, 4.671314137332659e-22, nan 
54.875, 87.625, 3.3086066132471025e-22, nan 
55.125, 87.625, 7.960106516556728e-23, nan 
55.375, 87.625, 8.892440611324924e-23, nan 
55.625, 87.625, 2.4360436027665537e-22, nan 
55.875, 87.625, 1.2399074394797982e-22, nan 
56.125, 87.625, 1.0612665832274303e-22, nan 
56.375, 87.625, 1.2473063298843696e-22, nan 
56.625, 87.625, 1.5216901072291454e-22, nan 
56.875, 87.625, 1.8757901675475057e-22, nan 
57.125, 87.625, 2.348045022986675e-22, nan 
57.375, 87.625, 2.844914150165703e-22, nan 
57.625, 87.625, 3.100918820742973e-22, nan 
57.875, 87.625, 3.7096652084031485e-22, nan 
58.125, 87.625, 3.902800398261064e-22, nan 
58.375, 87.625, 3.8157711540668636e-22, nan 
58.625, 87.625, 3.4700650581836275e-22, nan 
58.875, 87.625, 3.4308001229621375e-22, nan 
59.125, 87.625, 3.28642788119802e-22, nan 
59.375, 87.625, 3.3262229831420454e-22, nan 
59.625, 87.625, 3.5585862747634007e-22, nan 
59.875, 87.625, 3.8261011347535496e-22, nan 
60.125, 87.625, 4.090308611183903e-22, nan 
60.375, 87.625, 4.464581739478314e-22, nan 
60.625, 87.625, 4.929963992514023e-22, nan 
60.875, 87.625, 4.578915044345339e-22, nan 
61.125, 87.625, 3.9570955553962004e-22, nan 
61.375, 87.625, 3.4725265636835185e-22, nan 
61.625, 87.625, 3.6487872188549957e-22, nan 
61.875, 87.625, 3.604102165706594e-22, nan 
62.125, 87.625, 2.5986369570364896e-22, nan 
62.375, 87.625, 2.8132946708738615e-22, nan 
62.625, 87.625, 2.843424340556521e-22, nan 
62.875, 87.625, 3.1822368335369226e-22, nan 
63.125, 87.625, 3.953342410941642e-22, nan 
63.375, 87.625, 3.7983310440830414e-22, nan 
63.625, 87.625, 3.2068708292012166e-22, nan 
63.875, 87.625, 3.0415611557332606e-22, nan 
64.125, 87.625, 3.2369596440805765e-22, nan 
64.375, 87.625, 3.256856227044558e-22, nan 
64.625, 87.625, 3.575870440058545e-22, nan 
64.875, 87.625, 4.70562869276186e-22, nan 
65.125, 87.625, 5.20340987508239e-22, nan 
65.375, 87.625, 5.632086426813287e-22, nan 
65.625, 87.625, 5.271536800487557e-22, nan 
65.875, 87.625, 4.453473682575552e-22, nan 
66.125, 87.625, 4.674847232277934e-22, nan 
66.375, 87.625, 4.579018995576507e-22, nan 
66.625, 87.625, 3.7113673964871176e-22, nan 
66.875, 87.625, 2.8532652436071445e-22, nan 
67.125, 87.625, 2.456008192186147e-22, nan 
67.375, 87.625, 2.4699315115265522e-22, nan 
67.625, 87.625, 4.644239592808471e-22, nan 
67.875, 87.625, 2.919343647148939e-22, nan 
68.125, 87.625, 3.1306474008699046e-22, nan 
68.375, 87.625, 3.093619176486562e-22, nan 
68.625, 87.625, 3.256401954584899e-22, nan 
68.875, 87.625, 3.0956751122958113e-22, nan 
69.125, 87.625, 2.957053230283819e-22, nan 
69.375, 87.625, 5.0600801882161045e-22, nan 
69.625, 87.625, 5.437430193735934e-22, nan 
69.875, 87.625, 4.2417484017434745e-22, nan 
70.125, 87.625, 4.1342752369816064e-22, nan 
70.375, 87.625, 4.392303257740711e-22, nan 
70.625, 87.625, 4.467465422940965e-22, nan 
70.875, 87.625, 6.225746408251584e-22, nan 
71.125, 87.625, 9.565377667248082e-22, nan 
71.375, 87.625, 9.87035171684732e-22, nan 
71.625, 87.625, 1.0627914999464082e-21, nan 
71.875, 87.625, 9.898296829615802e-22, nan 
72.125, 87.625, 5.91157089967794e-22, nan 
72.375, 87.625, 5.9411887639087955e-22, nan 
72.625, 87.625, 6.573730887424333e-22, nan 
72.875, 87.625, 6.912318478620872e-22, nan 
73.125, 87.625, 6.945621127164825e-22, nan 
73.375, 87.625, 7.095154564435712e-22, nan 
73.625, 87.625, 5.826054909409718e-22, nan 
73.875, 87.625, 6.293965385968555e-22, nan 
74.125, 87.625, 6.935243912093159e-22, nan 
74.375, 87.625, 7.086354686165923e-22, nan 
74.625, 87.625, 6.980580014365337e-22, nan 
74.875, 87.625, 7.213129884021448e-22, nan 
75.125, 87.625, 7.374776657043601e-22, nan 
75.375, 87.625, 5.782639360828246e-22, nan 
75.625, 87.625, 3.9093289934598494e-22, nan 
75.875, 87.625, 4.840723698937282e-22, nan 
76.125, 87.625, 5.250661149317763e-22, nan 
76.375, 87.625, 5.701675017176464e-22, nan 
76.625, 87.625, 6.33805358184663e-22, nan 
76.875, 87.625, 6.714433129187487e-22, nan 
77.125, 87.625, 7.2686183878196925e-22, nan 
77.375, 87.625, 7.909052655211427e-22, nan 
77.625, 87.625, 6.5032440370910235e-22, nan 
77.875, 87.625, 6.7628093876636245e-22, nan 
78.125, 87.625, 6.798223819618413e-22, nan 
78.375, 87.625, 7.308857699908879e-22, nan 
78.625, 87.625, 9.224741888758504e-22, nan 
78.875, 87.625, 7.709856048010913e-22, nan 
79.125, 87.625, 5.84390533057279e-22, nan 
79.375, 87.625, 5.500859937906844e-22, nan 
79.625, 87.625, 4.560690163101016e-22, nan 
79.875, 87.625, 3.2114276599113435e-22, nan 
80.125, 87.625, 1.5555825409485772e-22, nan 
80.375, 87.625, 6.287962479353339e-22, nan 
80.625, 87.625, 7.290659310316826e-22, nan 
80.875, 87.625, 7.294169977697567e-22, nan 
81.125, 87.625, 7.624529317461395e-22, nan 
81.375, 87.625, 7.771842810538781e-22, nan 
81.625, 87.625, 6.285206645868345e-22, nan 
81.875, 87.625, 3.254189203148859e-22, nan 
82.125, 87.625, 1.8364306841254586e-22, nan 
82.375, 87.625, 4.24593515764466e-22, nan 
82.625, 87.625, 4.908280739342888e-22, nan 
82.875, 87.625, 5.7925477162777875e-22, nan 
83.125, 87.625, 6.311848808790919e-22, nan 
83.375, 87.625, 6.4425318432427535e-22, nan 
83.625, 87.625, 6.4724195026329185e-22, nan 
83.875, 87.625, 5.6711554232015555e-22, nan 
84.125, 87.625, 4.590620258265152e-22, nan 
84.375, 87.625, 3.1731745909112534e-22, nan 
84.625, 87.625, 3.347600821428814e-22, nan 
84.875, 87.625, 4.723249112183483e-22, nan 
85.125, 87.625, 3.633480163162473e-22, nan 
85.375, 87.625, 2.304495837397783e-22, nan 
85.625, 87.625, 2.401237228200198e-22, nan 
85.875, 87.625, 2.3957167872889144e-22, nan 
86.125, 87.625, 2.209166735068352e-22, nan 
86.375, 87.625, 2.4734257145111495e-22, nan 
86.625, 87.625, 3.442855636245217e-22, nan 
86.875, 87.625, 3.6480160382627013e-22, nan 
87.125, 87.625, 2.921056478061977e-22, nan 
87.375, 87.625, 3.3168526854493633e-22, nan 
87.625, 87.625, 4.0630179194698345e-22, nan 
87.875, 87.625, 4.219572237202059e-22, nan 
88.125, 87.625, 4.1898746460700335e-22, nan 
88.375, 87.625, 4.239922750970535e-22, nan 
88.625, 87.625, 4.748906685451316e-22, nan 
88.875, 87.625, 4.59563288664665e-22, nan 
89.125, 87.625, 4.553004639166297e-22, nan 
89.375, 87.625, 4.40232548569487e-22, nan 
89.625, 87.625, 4.19511206956763e-22, nan 
89.875, 87.625, 4.477914206474035e-22, nan 
90.125, 87.625, 4.287309080713302e-22, nan 
90.375, 87.625, 4.235867865740976e-22, nan 
90.625, 87.625, 3.764844498450769e-22, nan 
90.875, 87.625, 3.7846929675289867e-22, nan 
91.125, 87.625, 3.6529874438004847e-22, nan 
91.375, 87.625, 3.580912017487362e-22, nan 
91.625, 87.625, 4.1423297247541925e-22, nan 
91.875, 87.625, 4.792517536755542e-22, nan 
92.125, 87.625, 4.6654066125282345e-22, nan 
92.375, 87.625, 4.435920227868901e-22, nan 
92.625, 87.625, 4.6256966895496555e-22, nan 
92.875, 87.625, 4.447229390209442e-22, nan 
93.125, 87.625, 4.38600812344671e-22, nan 
93.375, 87.625, 4.271336779635062e-22, nan 
93.625, 87.625, 4.571752025063934e-22, nan 
93.875, 87.625, 5.739472366465677e-22, nan 
94.125, 87.625, 6.508588279799499e-22, nan 
94.375, 87.625, 6.876833210791611e-22, nan 
94.625, 87.625, 6.2293584308306305e-22, nan 
94.875, 87.625, 5.713083364616412e-22, nan 
95.125, 87.625, 5.47379408726834e-22, nan 
95.375, 87.625, 6.2536933017701945e-22, nan 
95.625, 87.625, 6.362531160916484e-22, nan 
95.875, 87.625, 5.413686579494815e-22, nan 
96.125, 87.625, 4.1385341579760166e-22, nan 
96.375, 87.625, 2.726814372603138e-22, nan 
96.625, 87.625, 3.110075198667293e-22, nan 
96.875, 87.625, 3.3468457366508733e-22, nan 
97.125, 87.625, 3.5247599772033065e-22, nan 
97.375, 87.625, 3.338728624909393e-22, nan 
97.625, 87.625, 4.666297064814921e-22, nan 
97.875, 87.625, 4.45297096423914e-22, nan 
98.125, 87.625, 3.8892509974069226e-22, nan 
98.375, 87.625, 5.225329645770363e-22, nan 
98.625, 87.625, 6.093971669324928e-22, nan 
98.875, 87.625, 5.3008164785546215e-22, nan 
99.125, 87.625, 4.363247490208212e-22, nan 
99.375, 87.625, 8.154547057105401e-22, nan 
99.625, 87.625, 1.0765516232922017e-21, nan 
99.875, 87.625, 1.2119518116431128e-21, nan 
100.125, 87.625, 1.2513933943055687e-21, nan 
100.375, 87.625, 1.202095081867364e-21, nan 
100.625, 87.625, 1.1195274184324574e-21, nan 
100.875, 87.625, 1.3413976794909237e-21, nan 
101.125, 87.625, 1.0139532278479397e-21, nan 
101.375, 87.625, 9.913664949399685e-22, nan 
101.625, 87.625, 1.2765581453765573e-21, nan 
101.875, 87.625, 1.429460596758449e-21, nan 
102.125, 87.625, 1.4646571877648838e-21, nan 
102.375, 87.625, 1.2911260493723804e-21, nan 
102.625, 87.625, 6.9537326034773825e-22, nan 
102.875, 87.625, 5.293625227619067e-22, nan 
103.125, 87.625, 4.733108478118102e-22, nan 
103.375, 87.625, 4.910301453558499e-22, nan 
103.625, 87.625, 5.395432932984004e-22, nan 
103.875, 87.625, 8.287879708889961e-22, nan 
104.125, 87.625, 1.0594440695207142e-21, nan 
104.375, 87.625, 7.83175663351911e-22, nan 
104.625, 87.625, 7.826891854021942e-22, nan 
104.875, 87.625, 6.954081176602741e-22, nan 
105.125, 87.625, 6.045983009500509e-22, nan 
105.375, 87.625, 5.7129359894377485e-22, nan 
105.625, 87.625, 5.792757383871488e-22, nan 
105.875, 87.625, 7.536216568047895e-22, nan 
106.125, 87.625, 9.324858281875697e-22, nan 
106.375, 87.625, 1.016934735582684e-21, nan 
106.625, 87.625, 1.054660838395909e-21, nan 
106.875, 87.625, 1.0519128148068565e-21, nan 
107.125, 87.625, 1.0458283902082157e-21, nan 
107.375, 87.625, 9.694680744314937e-22, nan 
107.625, 87.625, 1.0378328692362302e-21, nan 
107.875, 87.625, 1.1507298111160995e-21, nan 
108.125, 87.625, 1.0612470982093213e-21, nan 
108.375, 87.625, 9.202026015541883e-22, nan 
108.625, 87.625, 8.124807487033004e-22, nan 
108.875, 87.625, 5.557674010358199e-22, nan 
109.125, 87.625, 5.471296389034572e-22, nan 
109.375, 87.625, 7.29600525040978e-22, nan 
109.625, 87.625, 1.195937422333405e-21, nan 
109.875, 87.625, 5.355728139104001e-22, nan 
110.125, 87.625, 7.880761347298058e-22, nan 
110.375, 87.625, 1.0074303241397915e-21, nan 
110.625, 87.625, 7.847701102197798e-22, nan 
110.875, 87.625, 3.9517846571347394e-22, nan 
111.125, 87.625, 4.466974125768159e-22, nan 
111.375, 87.625, 4.825938124756615e-22, nan 
111.625, 87.625, 4.808025627857994e-22, nan 
111.875, 87.625, 4.69961646271637e-22, nan 
112.125, 87.625, 4.873347970970083e-22, nan 
112.375, 87.625, 5.864603495824233e-22, nan 
112.625, 87.625, 6.942230728240623e-22, nan 
112.875, 87.625, 8.332391999888664e-22, nan 
113.125, 87.625, 1.0327620185542601e-21, nan 
113.375, 87.625, 1.2424059339231896e-21, nan 
113.625, 87.625, 1.3041175460518804e-21, nan 
113.875, 87.625, 1.4363046715321632e-21, nan 
114.125, 87.625, 1.3200648588732595e-21, nan 
114.375, 87.625, 1.0458825353804232e-21, nan 
114.625, 87.625, 6.948605271959636e-22, nan 
114.875, 87.625, 3.535536903069246e-22, nan 
115.125, 87.625, 1.5406938713180498e-22, nan 
115.375, 87.625, 1.489222185822743e-22, nan 
115.625, 87.625, 1.8891981736784713e-22, nan 
115.875, 87.625, 2.1431537478626176e-22, nan 
116.125, 87.625, 1.829883600710051e-22, nan 
116.375, 87.625, 6.6128055975185705e-22, nan 
116.625, 87.625, 1.3692304609303777e-21, nan 
116.875, 87.625, 1.3121774419434298e-21, nan 
117.125, 87.625, 1.3204095304657546e-21, nan 
117.375, 87.625, 1.2088145509299848e-21, nan 
117.625, 87.625, 8.504824982636585e-22, nan 
117.875, 87.625, 5.889596521970139e-22, nan 
118.125, 87.625, 5.114639516755549e-22, nan 
118.375, 87.625, 4.806369427689793e-22, nan 
118.625, 87.625, 4.815167125363844e-22, nan 
118.875, 87.625, 5.858874125081766e-22, nan 
119.125, 87.625, 6.814815513009942e-22, nan 
119.375, 87.625, 9.73577625567727e-22, nan 
119.625, 87.625, 1.2198750527212771e-21, nan 
119.875, 87.625, 1.2618442296522313e-21, nan 
120.125, 87.625, 1.4913864614820269e-21, nan 
120.375, 87.625, 1.5332963438137075e-21, nan 
120.625, 87.625, 1.6956275574998253e-21, nan 
120.875, 87.625, 1.5810918638875123e-21, nan 
121.125, 87.625, 1.4151113069914947e-21, nan 
121.375, 87.625, 1.1817242488128548e-21, nan 
121.625, 87.625, 7.342616918920181e-22, nan 
121.875, 87.625, 4.0422776510356174e-22, nan 
122.125, 87.625, 3.848712039669306e-22, nan 
122.375, 87.625, 3.9436373408291044e-22, nan 
122.625, 87.625, 4.1954014766838304e-22, nan 
122.875, 87.625, 4.2030884845641956e-22, nan 
123.125, 87.625, 3.8749058269079296e-22, nan 
123.375, 87.625, 3.969660214748975e-22, nan 
123.625, 87.625, 4.22404690496131e-22, nan 
123.875, 87.625, 4.50283830491921e-22, nan 
124.125, 87.625, 5.403017635605337e-22, nan 
124.375, 87.625, 7.524051945338561e-22, nan 
124.625, 87.625, 4.368556668817402e-22, nan 
124.875, 87.625, 1.5569663019995059e-21, nan 
125.125, 87.625, 9.233476275991549e-22, nan 
125.375, 87.625, 6.50315540506964e-22, nan 
125.625, 87.625, 6.207511421449474e-22, nan 
125.875, 87.625, 6.251711729720517e-22, nan 
126.125, 87.625, 5.687753360747737e-22, nan 
126.375, 87.625, 6.366862085236825e-22, nan 
126.625, 87.625, 7.883454187405431e-22, nan 
126.875, 87.625, 1.0013660800502333e-21, nan 
127.125, 87.625, 1.0698940668404369e-21, nan 
127.375, 87.625, 8.529171548652355e-22, nan 
127.625, 87.625, 5.279501494583787e-22, nan 
127.875, 87.625, 5.819861710116567e-22, nan 
128.125, 87.625, 7.543368554614272e-22, nan 
128.375, 87.625, 8.807535804898901e-22, nan 
128.625, 87.625, 9.871738008985822e-22, nan 
128.875, 87.625, 1.047373302239153e-21, nan 
129.125, 87.625, 1.188020754604579e-21, nan 
129.375, 87.625, 1.2809406898943708e-21, nan 
129.625, 87.625, 1.2864021310881797e-21, nan 
129.875, 87.625, 1.19090233880869e-21, nan 
130.125, 87.625, 9.70984193589638e-22, nan 
130.375, 87.625, 6.235388316016093e-22, nan 
130.625, 87.625, 2.813230977469712e-22, nan 
130.875, 87.625, 3.8717467273593235e-22, nan 
131.125, 87.625, 9.520455989936808e-22, nan 
131.375, 87.625, 1.0773247864267672e-21, nan 
131.625, 87.625, 1.1215983764334275e-21, nan 
131.875, 87.625, 1.0752580696051655e-21, nan 
132.125, 87.625, 1.044434182430705e-21, nan 
132.375, 87.625, 1.0439565425390939e-21, nan 
132.625, 87.625, 1.0840030293169968e-21, nan 
132.875, 87.625, 1.1640788939458494e-21, nan 
133.125, 87.625, 1.3451446583967142e-21, nan 
133.375, 87.625, 1.4378783566468439e-21, nan 
133.625, 87.625, 1.0396772819148803e-21, nan 
133.875, 87.625, 4.700069952485573e-22, nan 
134.125, 87.625, 9.928002494771972e-22, nan 
134.375, 87.625, 1.35521627196535e-21, nan 
134.625, 87.625, 1.4616240673138571e-21, nan 
134.875, 87.625, 1.4833915926231751e-21, nan 
135.125, 87.625, 1.5103881873266236e-21, nan 
135.375, 87.625, 1.5360046946735596e-21, nan 
135.625, 87.625, 1.598270290822631e-21, nan 
135.875, 87.625, 1.5503975802364446e-21, nan 
136.125, 87.625, 1.632887979454813e-21, nan 
136.375, 87.625, 1.3946378588490345e-21, nan 
136.625, 87.625, 8.707406742984963e-22, nan 
136.875, 87.625, 3.308765939424208e-22, nan 
137.125, 87.625, 7.821719595643432e-22, nan 
137.375, 87.625, 1.4082826610523367e-21, nan 
137.625, 87.625, 1.8052997255889857e-21, nan 
137.875, 87.625, 1.9322741357483152e-21, nan 
138.125, 87.625, 1.9900533083172662e-21, nan 
138.375, 87.625, 2.028052454534008e-21, nan 
138.625, 87.625, 2.1109949189609203e-21, nan 
138.875, 87.625, 2.1870759335412913e-21, nan 
139.125, 87.625, 2.258259320272323e-21, nan 
139.375, 87.625, 2.2943787314165082e-21, nan 
139.625, 87.625, 2.182871195607736e-21, nan 
139.875, 87.625, 1.711750620080386e-21, nan 
140.125, 87.625, 1.5358085416151126e-21, nan 
140.375, 87.625, 1.4768600157010552e-21, nan 
140.625, 87.625, 1.3759493001475424e-21, nan 
140.875, 87.625, 1.0063165635839538e-21, nan 
141.125, 87.625, 9.896368140480545e-22, nan 
141.375, 87.625, 1.0102301345939905e-21, nan 
141.625, 87.625, 1.1126849557744425e-21, nan 
141.875, 87.625, 1.2062148577668206e-21, nan 
142.125, 87.625, 1.2170487175546108e-21, nan 
142.375, 87.625, 1.6484106235382353e-21, nan 
142.625, 87.625, 1.6511156893052364e-21, nan 
142.875, 87.625, 1.3371640330467848e-21, nan 
143.125, 87.625, 7.489136678473904e-22, nan 
143.375, 87.625, 5.261142033328135e-22, nan 
143.625, 87.625, 1.0258828754133084e-21, nan 
143.875, 87.625, 1.4321004090033527e-21, nan 
144.125, 87.625, 1.3531626331776295e-21, nan 
144.375, 87.625, 1.2060562072840533e-21, nan 
144.625, 87.625, 1.2043664740926047e-21, nan 
144.875, 87.625, 1.1766881823756885e-21, nan 
145.125, 87.625, 1.0945613198740175e-21, nan 
145.375, 87.625, 1.0408511746732047e-21, nan 
145.625, 87.625, 1.0365195386469203e-21, nan 
145.875, 87.625, 1.1757555747839922e-21, nan 
146.125, 87.625, 8.088105138921188e-22, nan 
146.375, 87.625, 8.004631158077024e-22, nan 
146.625, 87.625, 1.1399783993715864e-21, nan 
146.875, 87.625, 1.4769653197286187e-21, nan 
147.125, 87.625, 1.5455690255561788e-21, nan 
147.375, 87.625, 1.5529031310563988e-21, nan 
147.625, 87.625, 1.5977477258064371e-21, nan 
147.875, 87.625, 1.8239490609049145e-21, nan 
148.125, 87.625, 2.0791868965315538e-21, nan 
148.375, 87.625, 2.407193339562169e-21, nan 
148.625, 87.625, 2.2568248366843285e-21, nan 
148.875, 87.625, 1.9706316843871675e-21, nan 
149.125, 87.625, 1.7205263912952755e-21, nan 
149.375, 87.625, 1.2833212699629564e-21, nan 
149.625, 87.625, 4.445040304289819e-22, nan 
149.875, 87.625, 4.1426763883336005e-22, nan 
150.125, 87.625, 1.127557974513352e-21, nan 
150.375, 87.625, 1.4504841449554814e-21, nan 
150.625, 87.625, 1.454446348267233e-21, nan 
150.875, 87.625, 1.0881674931877174e-21, nan 
151.125, 87.625, 4.262385647291782e-22, nan 
151.375, 87.625, 6.21489975324023e-22, nan 
151.625, 87.625, 8.690843117406056e-22, nan 
151.875, 87.625, 1.0444551559775731e-21, nan 
152.125, 87.625, 1.1663064893506866e-21, nan 
152.375, 87.625, 1.3022789203904956e-21, nan 
152.625, 87.625, 1.3599243233255412e-21, nan 
152.875, 87.625, 1.3650533204529064e-21, nan 
153.125, 87.625, 1.3682001397995943e-21, nan 
153.375, 87.625, 1.1698947259588815e-21, nan 
153.625, 87.625, 8.69883055263727e-22, nan 
153.875, 87.625, 1.1829974125278253e-21, nan 
154.125, 87.625, 1.6619705033557435e-21, nan 
154.375, 87.625, 2.108535728003243e-21, nan 
154.625, 87.625, 2.2033083468065404e-21, nan 
154.875, 87.625, 1.8768441260384553e-21, nan 
155.125, 87.625, 1.08852546344334e-21, nan 
155.375, 87.625, 4.1788633097714894e-22, nan 
155.625, 87.625, 5.886315306616482e-22, nan 
155.875, 87.625, 4.778089522838631e-22, nan 
156.125, 87.625, 5.491299676998091e-22, nan 
156.375, 87.625, 5.267479709655036e-22, nan 
156.625, 87.625, 6.010047347205756e-22, nan 
156.875, 87.625, 7.103876726568981e-22, nan 
157.125, 87.625, 8.777775984480856e-22, nan 
157.375, 87.625, 9.245893798858242e-22, nan 
157.625, 87.625, 1.1771458908625963e-21, nan 
157.875, 87.625, 1.3031995915587974e-21, nan 
158.125, 87.625, 1.3036172816361337e-21, nan 
158.375, 87.625, 1.2901291842755846e-21, nan 
158.625, 87.625, 1.1344116286639692e-21, nan 
158.875, 87.625, 1.0267754545211946e-21, nan 
159.125, 87.625, 1.0357766865558756e-21, nan 
159.375, 87.625, 1.0580167234769075e-21, nan 
159.625, 87.625, 1.0176668819291948e-21, nan 
159.875, 87.625, 9.716666435745174e-22, nan 
160.125, 87.625, 6.69740347596973e-22, nan 
160.375, 87.625, 7.825926629911728e-22, nan 
160.625, 87.625, 1.2012239518777052e-21, nan 
160.875, 87.625, 1.3264359929842729e-21, nan 
161.125, 87.625, 1.2240446514009125e-21, nan 
161.375, 87.625, 7.9613030334757e-22, nan 
161.625, 87.625, 6.671638282104924e-22, nan 
161.875, 87.625, 6.285545361889566e-22, nan 
162.125, 87.625, 5.860455276143899e-22, nan 
162.375, 87.625, 8.925153569335432e-22, nan 
162.625, 87.625, 9.14932812350865e-22, nan 
162.875, 87.625, 1.0934765213394969e-21, nan 
163.125, 87.625, 1.2523022836344327e-21, nan 
163.375, 87.625, 1.4589518414910683e-21, nan 
163.625, 87.625, 1.5642705246415947e-21, nan 
163.875, 87.625, 1.6723682862077685e-21, nan 
164.125, 87.625, 1.6422308855193145e-21, nan 
164.375, 87.625, 1.446223642289555e-21, nan 
164.625, 87.625, 1.3503582350254755e-21, nan 
164.875, 87.625, 9.442456282162003e-22, nan 
165.125, 87.625, 8.47879715424872e-22, nan 
165.375, 87.625, 6.500808613629724e-22, nan 
165.625, 87.625, 4.900263672850652e-22, nan 
165.875, 87.625, 6.732414670540023e-22, nan 
166.125, 87.625, 9.026876196708655e-22, nan 
166.375, 87.625, 8.1298106194073285e-22, nan 
166.625, 87.625, 5.563298525784786e-22, nan 
166.875, 87.625, 5.412368769955712e-22, nan 
167.125, 87.625, 5.372709421165894e-22, nan 
167.375, 87.625, 8.865577131584612e-22, nan 
167.625, 87.625, 1.0372930186684328e-21, nan 
167.875, 87.625, 1.1379758130988789e-21, nan 
168.125, 87.625, 1.3380404783470792e-21, nan 
168.375, 87.625, 1.7571778323455238e-21, nan 
168.625, 87.625, 2.204404169106835e-21, nan 
168.875, 87.625, 1.4338372206126498e-21, nan 
169.125, 87.625, 1.3512211288016578e-21, nan 
169.375, 87.625, 1.3676616613165348e-21, nan 
169.625, 87.625, 1.3968125635643843e-21, nan 
169.875, 87.625, 1.4604603105865146e-21, nan 
170.125, 87.625, 1.5099961002387093e-21, nan 
170.375, 87.625, 1.4462077681916798e-21, nan 
170.625, 87.625, 1.3297045346293194e-21, nan 
170.875, 87.625, 1.2713693687110523e-21, nan 
171.125, 87.625, 1.1333924903888764e-21, nan 
171.375, 87.625, 9.846392577186578e-22, nan 
171.625, 87.625, 1.1166029542422052e-21, nan 
171.875, 87.625, 1.3637909710550332e-21, nan 
172.125, 87.625, 1.5953453883437386e-21, nan 
172.375, 87.625, 1.54403958971002e-21, nan 
172.625, 87.625, 1.2094361064020162e-21, nan 
172.875, 87.625, 8.118864212036168e-22, nan 
173.125, 87.625, 5.237943545713394e-22, nan 
173.375, 87.625, 4.382915167244707e-22, nan 
173.625, 87.625, 7.587012925075124e-22, nan 
173.875, 87.625, 1.1377813944746842e-21, nan 
174.125, 87.625, 1.264043743264793e-21, nan 
174.375, 87.625, 1.1485633414493647e-21, nan 
174.625, 87.625, 8.060051216750947e-22, nan 
174.875, 87.625, 6.013224429408015e-22, nan 
175.125, 87.625, 6.90353672776037e-22, nan 
175.375, 87.625, 8.145631273575179e-22, nan 
175.625, 87.625, 9.151970270612381e-22, nan 
175.875, 87.625, 7.699736863343412e-22, nan 
176.125, 87.625, 7.104724156031518e-22, nan 
176.375, 87.625, 8.040020564098483e-22, nan 
176.625, 87.625, 7.372499666567049e-22, nan 
176.875, 87.625, 8.3085416978262935e-22, nan 
177.125, 87.625, 8.716493775690462e-22, nan 
177.375, 87.625, 1.019061202744923e-21, nan 
177.625, 87.625, 1.2040445723600255e-21, nan 
177.875, 87.625, 1.4375447165776315e-21, nan 
178.125, 87.625, 1.7547843671844294e-21, nan 
178.375, 87.625, 2.0311060152439515e-21, nan 
178.625, 87.625, 1.9091101819217343e-21, nan 
178.875, 87.625, 1.4959185763991019e-21, nan 
179.125, 87.625, 1.0849312893905157e-21, nan 
179.375, 87.625, 8.15337390521744e-22, nan 
179.625, 87.625, 7.5870196372609015e-22, nan 
179.875, 87.625, 7.871029555693617e-22, nan 
-179.875, 87.875, 7.456454426066329e-22, nan 
-179.625, 87.875, 8.585699042438044e-22, nan 
-179.375, 87.875, 7.653309242470271e-22, nan 
-179.125, 87.875, 7.801689075134209e-22, nan 
-178.875, 87.875, 9.261371830473332e-22, nan 
-178.625, 87.875, 8.81800048984353e-22, nan 
-178.375, 87.875, 8.548640403587794e-22, nan 
-178.125, 87.875, 9.744061694298115e-22, nan 
-177.875, 87.875, 1.058621012200039e-21, nan 
-177.625, 87.875, 1.2474217940913023e-21, nan 
-177.375, 87.875, 1.1132690190518339e-21, nan 
-177.125, 87.875, 1.0821693414897023e-21, nan 
-176.875, 87.875, 1.460471449753225e-21, nan 
-176.625, 87.875, 1.3746745395229581e-21, nan 
-176.375, 87.875, 1.3996927505973907e-21, nan 
-176.125, 87.875, 1.3185070916214301e-21, nan 
-175.875, 87.875, 1.2040816119547198e-21, nan 
-175.625, 87.875, 8.729047692364104e-22, nan 
-175.375, 87.875, 8.2951078661970755e-22, nan 
-175.125, 87.875, 1.0305107686103022e-21, nan 
-174.875, 87.875, 1.3840374818300874e-21, nan 
-174.625, 87.875, 1.3191982213630534e-21, nan 
-174.375, 87.875, 9.774550686500355e-22, nan 
-174.125, 87.875, 7.255312447261859e-22, nan 
-173.875, 87.875, 5.306882904119818e-22, nan 
-173.625, 87.875, 4.591235227430861e-22, nan 
-173.375, 87.875, 3.67454293032936e-22, nan 
-173.125, 87.875, 3.0176437176572907e-22, nan 
-172.875, 87.875, 2.8838157907346284e-22, nan 
-172.625, 87.875, 3.040974438912179e-22, nan 
-172.375, 87.875, 1.9559936276148114e-22, nan 
-172.125, 87.875, 3.770163436545894e-22, nan 
-171.875, 87.875, 3.348185040928097e-22, nan 
-171.625, 87.875, 2.3811440472641356e-22, nan 
-171.375, 87.875, 2.2093860073310813e-22, nan 
-171.125, 87.875, 1.8486103343472503e-22, nan 
-170.875, 87.875, 1.5615786441075452e-22, nan 
-170.625, 87.875, 1.4971204939936551e-22, nan 
-170.375, 87.875, 1.5778139276303005e-22, nan 
-170.125, 87.875, 1.783961423122729e-22, nan 
-169.875, 87.875, 1.7072215340625759e-22, nan 
-169.625, 87.875, 2.51071630953165e-22, nan 
-169.375, 87.875, 5.615025797168591e-22, nan 
-169.125, 87.875, 7.591992252487753e-22, nan 
-168.875, 87.875, 8.506939188660263e-22, nan 
-168.625, 87.875, 8.2787237911556565e-22, nan 
-168.375, 87.875, 6.671235847210471e-22, nan 
-168.125, 87.875, 3.708610793267579e-22, nan 
-167.875, 87.875, 4.06223268530097e-22, nan 
-167.625, 87.875, 5.231259968887824e-22, nan 
-167.375, 87.875, 6.178093871672643e-22, nan 
-167.125, 87.875, 6.193444685916412e-22, nan 
-166.875, 87.875, 6.167181807587567e-22, nan 
-166.625, 87.875, 5.7610081954716115e-22, nan 
-166.375, 87.875, 4.700621496376589e-22, nan 
-166.125, 87.875, 3.562455351044427e-22, nan 
-165.875, 87.875, 2.9610663788766074e-22, nan 
-165.625, 87.875, 3.2169553564398724e-22, nan 
-165.375, 87.875, 2.726632232314149e-22, nan 
-165.125, 87.875, 3.3238389706246993e-22, nan 
-164.875, 87.875, 3.3645046908751614e-22, nan 
-164.625, 87.875, 3.5134842987582214e-22, nan 
-164.375, 87.875, 3.4054508994798914e-22, nan 
-164.125, 87.875, 3.0421384786108696e-22, nan 
-163.875, 87.875, 2.631917197201987e-22, nan 
-163.625, 87.875, 2.0947675272740562e-22, nan 
-163.375, 87.875, 1.8911182609915044e-22, nan 
-163.125, 87.875, 2.425129882324615e-22, nan 
-162.875, 87.875, 4.1164943210790967e-22, nan 
-162.625, 87.875, 5.546977764966391e-22, nan 
-162.375, 87.875, 6.01681613683309e-22, nan 
-162.125, 87.875, 5.168351774588505e-22, nan 
-161.875, 87.875, 4.0855468332451853e-22, nan 
-161.625, 87.875, 3.851633873321354e-22, nan 
-161.375, 87.875, 4.294603852303478e-22, nan 
-161.125, 87.875, 5.203749171368879e-22, nan 
-160.875, 87.875, 5.602855194233259e-22, nan 
-160.625, 87.875, 6.161190730275795e-22, nan 
-160.375, 87.875, 6.207629535529127e-22, nan 
-160.125, 87.875, 6.1399903087950135e-22, nan 
-159.875, 87.875, 5.88019341110169e-22, nan 
-159.625, 87.875, 5.447252769320501e-22, nan 
-159.375, 87.875, 5.377860879419915e-22, nan 
-159.125, 87.875, 4.881389617346147e-22, nan 
-158.875, 87.875, 4.663822034098759e-22, nan 
-158.625, 87.875, 4.734309544269718e-22, nan 
-158.375, 87.875, 4.9877082477809995e-22, nan 
-158.125, 87.875, 6.25008874016345e-22, nan 
-157.875, 87.875, 5.650242170266874e-22, nan 
-157.625, 87.875, 5.534239775560141e-22, nan 
-157.375, 87.875, 5.219925491507075e-22, nan 
-157.125, 87.875, 4.955026128169586e-22, nan 
-156.875, 87.875, 4.483394323281709e-22, nan 
-156.625, 87.875, 4.773573881161348e-22, nan 
-156.375, 87.875, 5.943140661926877e-22, nan 
-156.125, 87.875, 8.637162983355174e-22, nan 
-155.875, 87.875, 1.0895790813601299e-21, nan 
-155.625, 87.875, 1.158744172331539e-21, nan 
-155.375, 87.875, 1.0021842965254171e-21, nan 
-155.125, 87.875, 7.9779803046782545e-22, nan 
-154.875, 87.875, 6.988740315693009e-22, nan 
-154.625, 87.875, 5.945220470128222e-22, nan 
-154.375, 87.875, 6.11030314605487e-22, nan 
-154.125, 87.875, 5.176164282477122e-22, nan 
-153.875, 87.875, 5.270059852057943e-22, nan 
-153.625, 87.875, 7.240915841776422e-22, nan 
-153.375, 87.875, 6.519331621294091e-22, nan 
-153.125, 87.875, 6.1430256163386255e-22, nan 
-152.875, 87.875, 6.315397255715843e-22, nan 
-152.625, 87.875, 6.877637769842347e-22, nan 
-152.375, 87.875, 6.477410739424336e-22, nan 
-152.125, 87.875, 5.088905998022505e-22, nan 
-151.875, 87.875, 4.912642581624506e-22, nan 
-151.625, 87.875, 5.137890708891085e-22, nan 
-151.375, 87.875, 5.981629160514834e-22, nan 
-151.125, 87.875, 5.998190011780926e-22, nan 
-150.875, 87.875, 6.413822870834379e-22, nan 
-150.625, 87.875, 6.118338292130542e-22, nan 
-150.375, 87.875, 6.186456869802415e-22, nan 
-150.125, 87.875, 6.146861719790641e-22, nan 
-149.875, 87.875, 6.318177527976812e-22, nan 
-149.625, 87.875, 6.9710892333051855e-22, nan 
-149.375, 87.875, 6.819966408047601e-22, nan 
-149.125, 87.875, 7.947164480799157e-22, nan 
-148.875, 87.875, 8.275286407315474e-22, nan 
-148.625, 87.875, 8.457979769604267e-22, nan 
-148.375, 87.875, 8.984054548408558e-22, nan 
-148.125, 87.875, 1.0313124324757603e-21, nan 
-147.875, 87.875, 8.306997604255788e-22, nan 
-147.625, 87.875, 8.482040107532132e-22, nan 
-147.375, 87.875, 8.55927476281853e-22, nan 
-147.125, 87.875, 8.139876857356464e-22, nan 
-146.875, 87.875, 1.082588052664142e-21, nan 
-146.625, 87.875, 5.314239797161738e-22, nan 
-146.375, 87.875, 7.380097638618007e-22, nan 
-146.125, 87.875, 8.492706184275304e-22, nan 
-145.875, 87.875, 8.966866634903406e-22, nan 
-145.625, 87.875, 8.456690512050194e-22, nan 
-145.375, 87.875, 7.696734724558972e-22, nan 
-145.125, 87.875, 7.901990244357987e-22, nan 
-144.875, 87.875, 7.912543923163126e-22, nan 
-144.625, 87.875, 6.923522874767353e-22, nan 
-144.375, 87.875, 5.917107167364189e-22, nan 
-144.125, 87.875, 5.554395561342582e-22, nan 
-143.875, 87.875, 5.444111573137999e-22, nan 
-143.625, 87.875, 5.409326341549277e-22, nan 
-143.375, 87.875, 5.161762966920732e-22, nan 
-143.125, 87.875, 4.7102567686132635e-22, nan 
-142.875, 87.875, 4.623099147374913e-22, nan 
-142.625, 87.875, 6.089005855450414e-22, nan 
-142.375, 87.875, 5.050227674648095e-22, nan 
-142.125, 87.875, 4.940929107440196e-22, nan 
-141.875, 87.875, 5.72284081082851e-22, nan 
-141.625, 87.875, 5.76645574032107e-22, nan 
-141.375, 87.875, 6.330639872372666e-22, nan 
-141.125, 87.875, 4.834657531315037e-22, nan 
-140.875, 87.875, 4.518444492059376e-22, nan 
-140.625, 87.875, 4.682811342252058e-22, nan 
-140.375, 87.875, 3.605082014167221e-22, nan 
-140.125, 87.875, 3.116738573492035e-22, nan 
-139.875, 87.875, 2.925464174567387e-22, nan 
-139.625, 87.875, 4.575960086371874e-22, nan 
-139.375, 87.875, 5.4662330478116045e-22, nan 
-139.125, 87.875, 5.954819661364652e-22, nan 
-138.875, 87.875, 5.775077463896636e-22, nan 
-138.625, 87.875, 4.272645382058134e-22, nan 
-138.375, 87.875, 4.0246915870238716e-22, nan 
-138.125, 87.875, 4.2126077005957952e-22, nan 
-137.875, 87.875, 4.249707011480899e-22, nan 
-137.625, 87.875, 3.2466338029296847e-22, nan 
-137.375, 87.875, 2.678983388732798e-22, nan 
-137.125, 87.875, 2.361576615504335e-22, nan 
-136.875, 87.875, 2.205899419012956e-22, nan 
-136.625, 87.875, 2.481759510041155e-22, nan 
-136.375, 87.875, 2.6887299489111554e-22, nan 
-136.125, 87.875, 2.551080573120397e-22, nan 
-135.875, 87.875, 3.9040833404775613e-22, nan 
-135.625, 87.875, 4.2117928281231008e-22, nan 
-135.375, 87.875, 4.12279743426286e-22, nan 
-135.125, 87.875, 3.8370395888264074e-22, nan 
-134.875, 87.875, 3.549567111508687e-22, nan 
-134.625, 87.875, 4.271402504541647e-22, nan 
-134.375, 87.875, 4.5971344225776895e-22, nan 
-134.125, 87.875, 5.158135849375706e-22, nan 
-133.875, 87.875, 6.835542960722673e-22, nan 
-133.625, 87.875, 6.662547036249811e-22, nan 
-133.375, 87.875, 5.82231398866401e-22, nan 
-133.125, 87.875, 4.961432479806777e-22, nan 
-132.875, 87.875, 4.817521451210385e-22, nan 
-132.625, 87.875, 5.312277088816225e-22, nan 
-132.375, 87.875, 5.668700657438806e-22, nan 
-132.125, 87.875, 7.284201315861932e-22, nan 
-131.875, 87.875, 4.7116086279272775e-22, nan 
-131.625, 87.875, 4.050845052195763e-22, nan 
-131.375, 87.875, 4.225198815118757e-22, nan 
-131.125, 87.875, 4.268332668499169e-22, nan 
-130.875, 87.875, 4.06038448381883e-22, nan 
-130.625, 87.875, 3.6211312412881624e-22, nan 
-130.375, 87.875, 3.2390960632258235e-22, nan 
-130.125, 87.875, 3.189956874914971e-22, nan 
-129.875, 87.875, 3.131943601820508e-22, nan 
-129.625, 87.875, 4.0413053686372214e-22, nan 
-129.375, 87.875, 4.593564608389153e-22, nan 
-129.125, 87.875, 4.71838191808729e-22, nan 
-128.875, 87.875, 5.192817856587243e-22, nan 
-128.625, 87.875, 6.900149081181816e-22, nan 
-128.375, 87.875, 7.812370560718016e-22, nan 
-128.125, 87.875, 5.82275976817997e-22, nan 
-127.875, 87.875, 5.008615951639595e-22, nan 
-127.625, 87.875, 5.474055650018239e-22, nan 
-127.375, 87.875, 6.006577615642563e-22, nan 
-127.125, 87.875, 6.14557769866972e-22, nan 
-126.875, 87.875, 5.27324300709264e-22, nan 
-126.625, 87.875, 4.57514576090185e-22, nan 
-126.375, 87.875, 4.225479593216449e-22, nan 
-126.125, 87.875, 3.8553224511692325e-22, nan 
-125.875, 87.875, 4.060898229959949e-22, nan 
-125.625, 87.875, 3.590155403146525e-22, nan 
-125.375, 87.875, 3.6036816287539417e-22, nan 
-125.125, 87.875, 3.4086120744882695e-22, nan 
-124.875, 87.875, 3.3028930408806415e-22, nan 
-124.625, 87.875, 3.17646609125251e-22, nan 
-124.375, 87.875, 2.8160264551425637e-22, nan 
-124.125, 87.875, 3.4300881419812723e-22, nan 
-123.875, 87.875, 3.4941587209752013e-22, nan 
-123.625, 87.875, 3.5533163522839266e-22, nan 
-123.375, 87.875, 3.689804416737143e-22, nan 
-123.125, 87.875, 3.5793284266210437e-22, nan 
-122.875, 87.875, 3.769150203324917e-22, nan 
-122.625, 87.875, 3.8546308692349673e-22, nan 
-122.375, 87.875, 3.8887957760784945e-22, nan 
-122.125, 87.875, 3.9492359578120086e-22, nan 
-121.875, 87.875, 4.544063561247769e-22, nan 
-121.625, 87.875, 4.784219049306752e-22, nan 
-121.375, 87.875, 4.169406656191558e-22, nan 
-121.125, 87.875, 3.839240571859952e-22, nan 
-120.875, 87.875, 3.892922585451792e-22, nan 
-120.625, 87.875, 4.0214718218968516e-22, nan 
-120.375, 87.875, 3.6938059589536105e-22, nan 
-120.125, 87.875, 2.959426692869016e-22, nan 
-119.875, 87.875, 2.2596764150791733e-22, nan 
-119.625, 87.875, 2.036558244849141e-22, nan 
-119.375, 87.875, 2.0573831773618345e-22, nan 
-119.125, 87.875, 2.0247514632868378e-22, nan 
-118.875, 87.875, 2.1895805598707553e-22, nan 
-118.625, 87.875, 1.956265305513428e-22, nan 
-118.375, 87.875, 2.1474663931970773e-22, nan 
-118.125, 87.875, 1.9363633251856213e-22, nan 
-117.875, 87.875, 1.9340213943151413e-22, nan 
-117.625, 87.875, 1.9479942715968764e-22, nan 
-117.375, 87.875, 1.5636259277860802e-22, nan 
-117.125, 87.875, 1.775385758742765e-22, nan 
-116.875, 87.875, 1.9587139895826155e-22, nan 
-116.625, 87.875, 2.0326246860020487e-22, nan 
-116.375, 87.875, 2.130168428577811e-22, nan 
-116.125, 87.875, 2.53566409862633e-22, nan 
-115.875, 87.875, 2.280966597334537e-22, nan 
-115.625, 87.875, 2.0936558391203982e-22, nan 
-115.375, 87.875, 2.1494279320769275e-22, nan 
-115.125, 87.875, 1.9304727243393503e-22, nan 
-114.875, 87.875, 1.7732930891538668e-22, nan 
-114.625, 87.875, 1.717375527573042e-22, nan 
-114.375, 87.875, 1.697695761909191e-22, nan 
-114.125, 87.875, 1.781367505678975e-22, nan 
-113.875, 87.875, 1.8484931957137587e-22, nan 
-113.625, 87.875, 1.9423188360637075e-22, nan 
-113.375, 87.875, 2.0431417067311638e-22, nan 
-113.125, 87.875, 1.959043999866778e-22, nan 
-112.875, 87.875, 1.8193551840708076e-22, nan 
-112.625, 87.875, 1.9836328065017773e-22, nan 
-112.375, 87.875, 2.0062039099261255e-22, nan 
-112.125, 87.875, 1.8367156419388091e-22, nan 
-111.875, 87.875, 1.9280932357439834e-22, nan 
-111.625, 87.875, 2.444141054202916e-22, nan 
-111.375, 87.875, 3.052675794358413e-22, nan 
-111.125, 87.875, 2.2203796944349246e-22, nan 
-110.875, 87.875, 2.8238210346017985e-22, nan 
-110.625, 87.875, 3.369519917138305e-22, nan 
-110.375, 87.875, 3.3672250233882246e-22, nan 
-110.125, 87.875, 3.301860408029626e-22, nan 
-109.875, 87.875, 2.9293486056797138e-22, nan 
-109.625, 87.875, 3.576845510800281e-22, nan 
-109.375, 87.875, 4.2872536686228575e-22, nan 
-109.125, 87.875, 4.445110671126718e-22, nan 
-108.875, 87.875, 4.5590446393439e-22, nan 
-108.625, 87.875, 3.8455034086218216e-22, nan 
-108.375, 87.875, 4.0441873511166213e-22, nan 
-108.125, 87.875, 3.9838063044607133e-22, nan 
-107.875, 87.875, 4.401779825414727e-22, nan 
-107.625, 87.875, 3.8421803890823643e-22, nan 
-107.375, 87.875, 3.721112115161076e-22, nan 
-107.125, 87.875, 3.0782284334458793e-22, nan 
-106.875, 87.875, 2.004525451321924e-22, nan 
-106.625, 87.875, 1.3701810680072468e-22, nan 
-106.375, 87.875, 1.3917804947796698e-22, nan 
-106.125, 87.875, 1.3158908354147931e-22, nan 
-105.875, 87.875, 1.4535536291000012e-22, nan 
-105.625, 87.875, 1.3129424471183836e-22, nan 
-105.375, 87.875, 1.467331769462303e-22, nan 
-105.125, 87.875, 2.041495402960836e-22, nan 
-104.875, 87.875, 2.8319656158332846e-22, nan 
-104.625, 87.875, 4.374714286307717e-22, nan 
-104.375, 87.875, 3.8941493945653067e-22, nan 
-104.125, 87.875, 5.563910080211791e-22, nan 
-103.875, 87.875, 4.956010515314972e-22, nan 
-103.625, 87.875, 5.236904773072936e-22, nan 
-103.375, 87.875, 6.592217323157983e-22, nan 
-103.125, 87.875, 5.803320831763689e-22, nan 
-102.875, 87.875, 6.37491518406947e-22, nan 
-102.625, 87.875, 7.504681334867217e-22, nan 
-102.375, 87.875, 7.963537464683271e-22, nan 
-102.125, 87.875, 8.289960471853433e-22, nan 
-101.875, 87.875, 7.721052107218298e-22, nan 
-101.625, 87.875, 7.381152922149253e-22, nan 
-101.375, 87.875, 7.514900857120605e-22, nan 
-101.125, 87.875, 6.949831918556554e-22, nan 
-100.875, 87.875, 5.823206640163895e-22, nan 
-100.625, 87.875, 6.142668310923894e-22, nan 
-100.375, 87.875, 6.767633597068566e-22, nan 
-100.125, 87.875, 6.404116951852188e-22, nan 
-99.875, 87.875, 5.201030751064289e-22, nan 
-99.625, 87.875, 4.787795303227906e-22, nan 
-99.375, 87.875, 5.033254981269703e-22, nan 
-99.125, 87.875, 4.924119627890119e-22, nan 
-98.875, 87.875, 4.743359735254833e-22, nan 
-98.625, 87.875, 4.685909922912847e-22, nan 
-98.375, 87.875, 4.329221994762026e-22, nan 
-98.125, 87.875, 3.9787334728348034e-22, nan 
-97.875, 87.875, 4.1869463516173616e-22, nan 
-97.625, 87.875, 3.7212683595108997e-22, nan 
-97.375, 87.875, 4.081596951409542e-22, nan 
-97.125, 87.875, 4.384035703932956e-22, nan 
-96.875, 87.875, 4.4334930145298115e-22, nan 
-96.625, 87.875, 4.550189878575325e-22, nan 
-96.375, 87.875, 4.29205890138433e-22, nan 
-96.125, 87.875, 4.423660971196326e-22, nan 
-95.875, 87.875, 4.759086775754632e-22, nan 
-95.625, 87.875, 4.795261151086761e-22, nan 
-95.375, 87.875, 5.138825431492788e-22, nan 
-95.125, 87.875, 4.76051363462065e-22, nan 
-94.875, 87.875, 4.524450203442839e-22, nan 
-94.625, 87.875, 4.404986094377505e-22, nan 
-94.375, 87.875, 4.743775293690526e-22, nan 
-94.125, 87.875, 4.075957070849828e-22, nan 
-93.875, 87.875, 4.2024066545848747e-22, nan 
-93.625, 87.875, 4.724042508634573e-22, nan 
-93.375, 87.875, 4.1116490893548543e-22, nan 
-93.125, 87.875, 3.9010456089303113e-22, nan 
-92.875, 87.875, 3.683202679203003e-22, nan 
-92.625, 87.875, 3.554394299439403e-22, nan 
-92.375, 87.875, 3.0666687476136697e-22, nan 
-92.125, 87.875, 2.8719357026334656e-22, nan 
-91.875, 87.875, 2.7728590134700684e-22, nan 
-91.625, 87.875, 2.585958275711098e-22, nan 
-91.375, 87.875, 2.353540239318867e-22, nan 
-91.125, 87.875, 2.201836818675382e-22, nan 
-90.875, 87.875, 2.1159993878875686e-22, nan 
-90.625, 87.875, 2.0074694713963974e-22, nan 
-90.375, 87.875, 1.8383803849330437e-22, nan 
-90.125, 87.875, 1.5477042359031825e-22, nan 
-89.875, 87.875, 1.5769405079147734e-22, nan 
-89.625, 87.875, 1.947567422178014e-22, nan 
-89.375, 87.875, 2.0207648007147386e-22, nan 
-89.125, 87.875, 2.0043209697971416e-22, nan 
-88.875, 87.875, 2.0041137165544724e-22, nan 
-88.625, 87.875, 1.7397288161590206e-22, nan 
-88.375, 87.875, 1.8143815595428284e-22, nan 
-88.125, 87.875, 1.834274982573455e-22, nan 
-87.875, 87.875, 1.9664036984920318e-22, nan 
-87.625, 87.875, 1.8683095873336348e-22, nan 
-87.375, 87.875, 1.839782570119225e-22, nan 
-87.125, 87.875, 1.5675320313037897e-22, nan 
-86.875, 87.875, 1.5089058709199373e-22, nan 
-86.625, 87.875, 1.5308215473382915e-22, nan 
-86.375, 87.875, 1.3461640874168614e-22, nan 
-86.125, 87.875, 1.0034271157386681e-22, nan 
-85.875, 87.875, 1.0900477801105371e-22, nan 
-85.625, 87.875, 1.1647277165155475e-22, nan 
-85.375, 87.875, 1.2782625754235242e-22, nan 
-85.125, 87.875, 1.437259888051972e-22, nan 
-84.875, 87.875, 1.2756885073700178e-22, nan 
-84.625, 87.875, 1.3959057753771997e-22, nan 
-84.375, 87.875, 1.4274280723083883e-22, nan 
-84.125, 87.875, 1.4360827243564832e-22, nan 
-83.875, 87.875, 1.5978754499204859e-22, nan 
-83.625, 87.875, 1.6133531968017722e-22, nan 
-83.375, 87.875, 1.4491139022909885e-22, nan 
-83.125, 87.875, 1.4053182251170354e-22, nan 
-82.875, 87.875, 1.1780301349105826e-22, nan 
-82.625, 87.875, 1.092812101291742e-22, nan 
-82.375, 87.875, 1.9277352180657529e-22, nan 
-82.125, 87.875, 1.6798945575817357e-22, nan 
-81.875, 87.875, 1.6386010200902342e-22, nan 
-81.625, 87.875, 1.8410791363413267e-22, nan 
-81.375, 87.875, 2.2601729663331355e-22, nan 
-81.125, 87.875, 2.383753783769888e-22, nan 
-80.875, 87.875, 2.2068684685004336e-22, nan 
-80.625, 87.875, 1.8970205551013396e-22, nan 
-80.375, 87.875, 2.1099214762040595e-22, nan 
-80.125, 87.875, 2.4191459523780034e-22, nan 
-79.875, 87.875, 2.6974660544753685e-22, nan 
-79.625, 87.875, 2.6512968278373945e-22, nan 
-79.375, 87.875, 2.435017559357453e-22, nan 
-79.125, 87.875, 2.339790181049819e-22, nan 
-78.875, 87.875, 2.3026459028248036e-22, nan 
-78.625, 87.875, 2.38754881836388e-22, nan 
-78.375, 87.875, 2.256704234924952e-22, nan 
-78.125, 87.875, 2.1473929060589675e-22, nan 
-77.875, 87.875, 1.740763767824516e-22, nan 
-77.625, 87.875, 2.3776816853665085e-22, nan 
-77.375, 87.875, 1.7658820820021925e-22, nan 
-77.125, 87.875, 1.9851663274582403e-22, nan 
-76.875, 87.875, 1.9878083676410218e-22, nan 
-76.625, 87.875, 1.527406973762238e-22, nan 
-76.375, 87.875, 1.4214865030763436e-22, nan 
-76.125, 87.875, 1.377288394442039e-22, nan 
-75.875, 87.875, 1.3314626401800363e-22, nan 
-75.625, 87.875, 2.382582278099453e-22, nan 
-75.375, 87.875, 1.525689610602013e-22, nan 
-75.125, 87.875, 1.644968728763537e-22, nan 
-74.875, 87.875, 1.8845467340796727e-22, nan 
-74.625, 87.875, 2.5303237443734403e-22, nan 
-74.375, 87.875, 2.7875305730085444e-22, nan 
-74.125, 87.875, 2.5035318096603346e-22, nan 
-73.875, 87.875, 2.3045846321228393e-22, nan 
-73.625, 87.875, 2.5386774681581163e-22, nan 
-73.375, 87.875, 2.9251496330741e-22, nan 
-73.125, 87.875, 3.0878941505941916e-22, nan 
-72.875, 87.875, 2.2574429647543674e-22, nan 
-72.625, 87.875, 2.084464586717268e-22, nan 
-72.375, 87.875, 2.132902198284909e-22, nan 
-72.125, 87.875, 2.2214097411472986e-22, nan 
-71.875, 87.875, 2.434272323807073e-22, nan 
-71.625, 87.875, 2.2170151970753164e-22, nan 
-71.375, 87.875, 1.907642997166272e-22, nan 
-71.125, 87.875, 1.9493497467558366e-22, nan 
-70.875, 87.875, 2.34353486355674e-22, nan 
-70.625, 87.875, 2.3947822347379996e-22, nan 
-70.375, 87.875, 2.3314923268752572e-22, nan 
-70.125, 87.875, 2.4848235841873134e-22, nan 
-69.875, 87.875, 2.5974930735627837e-22, nan 
-69.625, 87.875, 2.3894832910428854e-22, nan 
-69.375, 87.875, 2.260875562052978e-22, nan 
-69.125, 87.875, 2.0970943987923923e-22, nan 
-68.875, 87.875, 1.8758523455793763e-22, nan 
-68.625, 87.875, 1.8203254347446355e-22, nan 
-68.375, 87.875, 1.968660309761458e-22, nan 
-68.125, 87.875, 2.372323139174105e-22, nan 
-67.875, 87.875, 2.5476994341793554e-22, nan 
-67.625, 87.875, 2.553463282441041e-22, nan 
-67.375, 87.875, 2.5231862602371705e-22, nan 
-67.125, 87.875, 2.3593228636912934e-22, nan 
-66.875, 87.875, 2.0370131682805593e-22, nan 
-66.625, 87.875, 1.8694054356702384e-22, nan 
-66.375, 87.875, 1.6981531935550253e-22, nan 
-66.125, 87.875, 1.5889779865312633e-22, nan 
-65.875, 87.875, 1.5585502110630684e-22, nan 
-65.625, 87.875, 1.5957912760003907e-22, nan 
-65.375, 87.875, 1.643607617141846e-22, nan 
-65.125, 87.875, 1.8300542212863818e-22, nan 
-64.875, 87.875, 1.7469767348694483e-22, nan 
-64.625, 87.875, 1.5289764565424334e-22, nan 
-64.375, 87.875, 1.264194062351449e-22, nan 
-64.125, 87.875, 1.5732442362414565e-22, nan 
-63.875, 87.875, 1.8815733020889349e-22, nan 
-63.625, 87.875, 1.341677675894723e-22, nan 
-63.375, 87.875, 1.6419005488183989e-22, nan 
-63.125, 87.875, 3.2064577300845766e-22, nan 
-62.875, 87.875, 2.758029668863886e-22, nan 
-62.625, 87.875, 2.564439035521642e-22, nan 
-62.375, 87.875, 2.468566542206639e-22, nan 
-62.125, 87.875, 2.353154919487816e-22, nan 
-61.875, 87.875, 2.192116071325865e-22, nan 
-61.625, 87.875, 2.252359452237607e-22, nan 
-61.375, 87.875, 2.417458831668201e-22, nan 
-61.125, 87.875, 2.2194356109134294e-22, nan 
-60.875, 87.875, 1.846549291273041e-22, nan 
-60.625, 87.875, 1.557802707452018e-22, nan 
-60.375, 87.875, 1.2062905447577841e-22, nan 
-60.125, 87.875, 1.1534036198578438e-22, nan 
-59.875, 87.875, 1.7305927053322533e-22, nan 
-59.625, 87.875, 8.895649836581527e-23, nan 
-59.375, 87.875, 1.0308333878399078e-22, nan 
-59.125, 87.875, 1.4836507406528718e-22, nan 
-58.875, 87.875, 1.3868367817170265e-22, nan 
-58.625, 87.875, 1.4142357506142897e-22, nan 
-58.375, 87.875, 1.7192726528320314e-22, nan 
-58.125, 87.875, 1.8656845973072876e-22, nan 
-57.875, 87.875, 1.5929222776667642e-22, nan 
-57.625, 87.875, 1.2345840407779837e-22, nan 
-57.375, 87.875, 1.4658902825663265e-22, nan 
-57.125, 87.875, 1.6042957399650368e-22, nan 
-56.875, 87.875, 1.3561325975073392e-22, nan 
-56.625, 87.875, 9.878142711397217e-23, nan 
-56.375, 87.875, 1.060844257605253e-22, nan 
-56.125, 87.875, 1.041044566505757e-22, nan 
-55.875, 87.875, 1.6862066179375187e-22, nan 
-55.625, 87.875, 2.172288228630164e-22, nan 
-55.375, 87.875, 2.153093344427752e-22, nan 
-55.125, 87.875, 2.1658900598941816e-22, nan 
-54.875, 87.875, 2.010695549319485e-22, nan 
-54.625, 87.875, 1.84905598612219e-22, nan 
-54.375, 87.875, 1.5371968383058145e-22, nan 
-54.125, 87.875, 1.8072433299786047e-22, nan 
-53.875, 87.875, 2.4962379707496856e-22, nan 
-53.625, 87.875, 2.6875597250638663e-22, nan 
-53.375, 87.875, 1.4812710852204236e-22, nan 
-53.125, 87.875, 1.381186695364109e-22, nan 
-52.875, 87.875, 1.430034648834435e-22, nan 
-52.625, 87.875, 1.6728758602585631e-22, nan 
-52.375, 87.875, 2.499600470635569e-22, nan 
-52.125, 87.875, 2.999537892403996e-22, nan 
-51.875, 87.875, 4.365337915027637e-22, nan 
-51.625, 87.875, 5.327747333429308e-22, nan 
-51.375, 87.875, 5.683921064262612e-22, nan 
-51.125, 87.875, 4.997318223479915e-22, nan 
-50.875, 87.875, 3.7990397262860887e-22, nan 
-50.625, 87.875, 3.2688288999192384e-22, nan 
-50.375, 87.875, 2.344550096186175e-22, nan 
-50.125, 87.875, 1.4948932269854608e-22, nan 
-49.875, 87.875, 2.585613992571413e-22, nan 
-49.625, 87.875, 2.3168812883902716e-22, nan 
-49.375, 87.875, 2.1862480574820705e-22, nan 
-49.125, 87.875, 2.2297494460137954e-22, nan 
-48.875, 87.875, 2.2535649880106915e-22, nan 
-48.625, 87.875, 1.666158895760237e-22, nan 
-48.375, 87.875, 1.4610105874420512e-22, nan 
-48.125, 87.875, 1.3646719023024053e-22, nan 
-47.875, 87.875, 1.3612869305364567e-22, nan 
-47.625, 87.875, 1.5014775762519823e-22, nan 
-47.375, 87.875, 2.900173972976945e-22, nan 
-47.125, 87.875, 2.589755631419907e-22, nan 
-46.875, 87.875, 1.8564895721151794e-22, nan 
-46.625, 87.875, 1.7176997054616213e-22, nan 
-46.375, 87.875, 1.4255512433222928e-22, nan 
-46.125, 87.875, 1.0673056640013108e-22, nan 
-45.875, 87.875, 1.1346460585366206e-22, nan 
-45.625, 87.875, 1.6081126687737886e-22, nan 
-45.375, 87.875, 2.6750848402565033e-22, nan 
-45.125, 87.875, 4.7494982581566535e-22, nan 
-44.875, 87.875, 5.873404246892972e-22, nan 
-44.625, 87.875, 6.18745144413959e-22, nan 
-44.375, 87.875, 4.9392329362732775e-22, nan 
-44.125, 87.875, 3.3820986057038274e-22, nan 
-43.875, 87.875, 2.816066275936806e-22, nan 
-43.625, 87.875, 2.5194273625246643e-22, nan 
-43.375, 87.875, 1.7125901131532414e-22, nan 
-43.125, 87.875, 2.9937280719516427e-22, nan 
-42.875, 87.875, 2.2879614200857517e-22, nan 
-42.625, 87.875, 1.863760463102834e-22, nan 
-42.375, 87.875, 1.6731234368112989e-22, nan 
-42.125, 87.875, 1.8437406773170194e-22, nan 
-41.875, 87.875, 2.4791444323643163e-22, nan 
-41.625, 87.875, 2.575670977462016e-22, nan 
-41.375, 87.875, 1.7797252489889376e-22, nan 
-41.125, 87.875, 1.3928279527477858e-22, nan 
-40.875, 87.875, 1.3719370349225142e-22, nan 
-40.625, 87.875, 2.991628757571164e-22, nan 
-40.375, 87.875, 2.4088844965216014e-22, nan 
-40.125, 87.875, 1.7511402306835572e-22, nan 
-39.875, 87.875, 1.8961188271288734e-22, nan 
-39.625, 87.875, 2.0350278731643917e-22, nan 
-39.375, 87.875, 2.270902799528721e-22, nan 
-39.125, 87.875, 2.2980249755814483e-22, nan 
-38.875, 87.875, 2.133737402447251e-22, nan 
-38.625, 87.875, 2.3603357721391327e-22, nan 
-38.375, 87.875, 2.8108964072706835e-22, nan 
-38.125, 87.875, 3.4892446824930715e-22, nan 
-37.875, 87.875, 3.4801580705124537e-22, nan 
-37.625, 87.875, 2.904020538560317e-22, nan 
-37.375, 87.875, 2.0870302248088445e-22, nan 
-37.125, 87.875, 2.577818381211415e-22, nan 
-36.875, 87.875, 3.2517082772524772e-22, nan 
-36.625, 87.875, 4.1481390702746765e-22, nan 
-36.375, 87.875, 3.829560006395197e-22, nan 
-36.125, 87.875, 3.4241364962875375e-22, nan 
-35.875, 87.875, 2.9673566412614886e-22, nan 
-35.625, 87.875, 2.2376106393147034e-22, nan 
-35.375, 87.875, 1.6344829109469974e-22, nan 
-35.125, 87.875, 2.585775120346118e-22, nan 
-34.875, 87.875, 3.2984320805440827e-22, nan 
-34.625, 87.875, 3.7995625541551357e-22, nan 
-34.375, 87.875, 3.614321929199961e-22, nan 
-34.125, 87.875, 1.5839404047954053e-22, nan 
-33.875, 87.875, 1.1156239225764922e-22, nan 
-33.625, 87.875, 3.7260252344506887e-23, nan 
-33.375, 87.875, 8.480854587167738e-23, nan 
-33.125, 87.875, 1.0381907888151653e-22, nan 
-32.875, 87.875, 1.4545991304007424e-22, nan 
-32.625, 87.875, 1.6659065749936047e-22, nan 
-32.375, 87.875, 1.8823542726097649e-22, nan 
-32.125, 87.875, 1.7677985682177486e-22, nan 
-31.875, 87.875, 1.866028158802486e-22, nan 
-31.625, 87.875, 1.5253820856873433e-22, nan 
-31.375, 87.875, 1.2055173258575944e-22, nan 
-31.125, 87.875, 9.062660041715486e-23, nan 
-30.875, 87.875, 2.2000202301833393e-22, nan 
-30.625, 87.875, 2.689940904435689e-22, nan 
-30.375, 87.875, 2.9623779971197906e-22, nan 
-30.125, 87.875, 3.7815416445689325e-22, nan 
-29.875, 87.875, 4.880167656012229e-22, nan 
-29.625, 87.875, 4.687893430924857e-22, nan 
-29.375, 87.875, 4.312951436829575e-22, nan 
-29.125, 87.875, 3.6290402178020098e-22, nan 
-28.875, 87.875, 2.8005602162269077e-22, nan 
-28.625, 87.875, 1.5747691622033737e-22, nan 
-28.375, 87.875, 5.535569112342208e-23, nan 
-28.125, 87.875, 1.0110778745740876e-22, nan 
-27.875, 87.875, 2.4521659241995965e-22, nan 
-27.625, 87.875, 3.440727279388269e-22, nan 
-27.375, 87.875, 4.030793417167104e-22, nan 
-27.125, 87.875, 2.964122961173828e-22, nan 
-26.875, 87.875, 1.7616111916970967e-22, nan 
-26.625, 87.875, 1.47771383816458e-22, nan 
-26.375, 87.875, 1.6159626979657212e-22, nan 
-26.125, 87.875, 1.980550639033208e-22, nan 
-25.875, 87.875, 2.5411716952672815e-22, nan 
-25.625, 87.875, 2.52089950108932e-22, nan 
-25.375, 87.875, 1.8762177284647547e-22, nan 
-25.125, 87.875, 1.3227707640023284e-22, nan 
-24.875, 87.875, 1.4731483406226256e-22, nan 
-24.625, 87.875, 1.2839653484518775e-22, nan 
-24.375, 87.875, 8.824402205615804e-23, nan 
-24.125, 87.875, 2.117824929257142e-22, nan 
-23.875, 87.875, 1.6712928957684513e-22, nan 
-23.625, 87.875, 2.892017391937433e-22, nan 
-23.375, 87.875, 4.0629944702547915e-22, nan 
-23.125, 87.875, 3.1045793946084627e-22, nan 
-22.875, 87.875, 2.658825387406907e-22, nan 
-22.625, 87.875, 2.1172409211375787e-22, nan 
-22.375, 87.875, 2.0309584870977832e-22, nan 
-22.125, 87.875, 2.318238393039782e-22, nan 
-21.875, 87.875, 2.4137534928568337e-22, nan 
-21.625, 87.875, 2.3630652835723764e-22, nan 
-21.375, 87.875, 2.220909432903382e-22, nan 
-21.125, 87.875, 3.512381381646782e-22, nan 
-20.875, 87.875, 3.7438141353205726e-22, nan 
-20.625, 87.875, 4.634680054719771e-22, nan 
-20.375, 87.875, 3.599192523350547e-22, nan 
-20.125, 87.875, 2.396977373598864e-22, nan 
-19.875, 87.875, 1.9959782692104873e-22, nan 
-19.625, 87.875, 1.897997758125876e-22, nan 
-19.375, 87.875, 2.1719933726065894e-22, nan 
-19.125, 87.875, 2.993988192136003e-22, nan 
-18.875, 87.875, 2.9731455451136772e-22, nan 
-18.625, 87.875, 2.105531450911255e-22, nan 
-18.375, 87.875, 2.3300855164837383e-22, nan 
-18.125, 87.875, 2.6316795028893486e-22, nan 
-17.875, 87.875, 2.6753877358018315e-22, nan 
-17.625, 87.875, 2.7919687681908043e-22, nan 
-17.375, 87.875, 2.783178141018177e-22, nan 
-17.125, 87.875, 2.8156222369411e-22, nan 
-16.875, 87.875, 2.2157540565857027e-22, nan 
-16.625, 87.875, 2.2391423864187886e-22, nan 
-16.375, 87.875, 1.9648056546411937e-22, nan 
-16.125, 87.875, 1.6937164569915034e-22, nan 
-15.875, 87.875, 1.532219754951722e-22, nan 
-15.625, 87.875, 1.412639791840453e-22, nan 
-15.375, 87.875, 1.4225533963733835e-22, nan 
-15.125, 87.875, 1.3126927801101647e-22, nan 
-14.875, 87.875, 1.49425490150871e-22, nan 
-14.625, 87.875, 2.1167294849331036e-22, nan 
-14.375, 87.875, 2.872365510440247e-22, nan 
-14.125, 87.875, 1.9595735888083464e-22, nan 
-13.875, 87.875, 2.731398821303507e-22, nan 
-13.625, 87.875, 2.918293472623957e-22, nan 
-13.375, 87.875, 3.2516787311256934e-22, nan 
-13.125, 87.875, 3.8079272400390517e-22, nan 
-12.875, 87.875, 4.614090449769913e-22, nan 
-12.625, 87.875, 4.965351906994949e-22, nan 
-12.375, 87.875, 4.933438169783705e-22, nan 
-12.125, 87.875, 4.313386959474858e-22, nan 
-11.875, 87.875, 3.739925231170848e-22, nan 
-11.625, 87.875, 3.0724450043796162e-22, nan 
-11.375, 87.875, 2.4613720828738164e-22, nan 
-11.125, 87.875, 2.0865469147741366e-22, nan 
-10.875, 87.875, 2.1255742986826165e-22, nan 
-10.625, 87.875, 2.400706144779778e-22, nan 
-10.375, 87.875, 2.3353759622735837e-22, nan 
-10.125, 87.875, 1.9819252485309617e-22, nan 
-9.875, 87.875, 2.075900995207552e-22, nan 
-9.625, 87.875, 2.640512762414831e-22, nan 
-9.375, 87.875, 4.0878808239978513e-22, nan 
-9.125, 87.875, 2.0619283564703017e-22, nan 
-8.875, 87.875, 1.5053198721113935e-22, nan 
-8.625, 87.875, 1.4352459024571688e-22, nan 
-8.375, 87.875, 1.2410368997800932e-22, nan 
-8.125, 87.875, 1.3909890251748015e-22, nan 
-7.875, 87.875, 1.9236218639327977e-22, nan 
-7.625, 87.875, 3.7246206278631336e-22, nan 
-7.375, 87.875, 3.16945877400159e-22, nan 
-7.125, 87.875, 2.1902800900479206e-22, nan 
-6.875, 87.875, 2.3030614351701633e-22, nan 
-6.625, 87.875, 2.9826193160922506e-22, nan 
-6.375, 87.875, 4.304095352490229e-22, nan 
-6.125, 87.875, 5.963634168859028e-22, nan 
-5.875, 87.875, 6.613572372983455e-22, nan 
-5.625, 87.875, 6.225029679296332e-22, nan 
-5.375, 87.875, 5.352021740756014e-22, nan 
-5.125, 87.875, 4.851034458458696e-22, nan 
-4.875, 87.875, 3.2280244727340322e-22, nan 
-4.625, 87.875, 2.4692794751804596e-22, nan 
-4.375, 87.875, 1.999073346176045e-22, nan 
-4.125, 87.875, 1.301793576110131e-22, nan 
-3.875, 87.875, 1.159847381701717e-22, nan 
-3.625, 87.875, 8.889616742936217e-23, nan 
-3.375, 87.875, 6.15461446463127e-23, nan 
-3.125, 87.875, 1.4680683242985383e-22, nan 
-2.875, 87.875, 3.4878019846458316e-22, nan 
-2.625, 87.875, 7.099393827088428e-22, nan 
-2.375, 87.875, 2.891365696269097e-22, nan 
-2.125, 87.875, 1.7733497985686724e-22, nan 
-1.875, 87.875, 1.9388511718381804e-22, nan 
-1.625, 87.875, 2.0443736342156295e-22, nan 
-1.375, 87.875, 2.6061415578514763e-22, nan 
-1.125, 87.875, 3.8918385992637095e-22, nan 
-0.875, 87.875, 7.875787052481934e-22, nan 
-0.625, 87.875, 7.4904283754149905e-22, nan 
-0.375, 87.875, 5.894894554093582e-22, nan 
-0.125, 87.875, 4.809329805767568e-22, nan 
0.125, 87.875, 4.046313266974821e-22, nan 
0.375, 87.875, 4.090616458255685e-22, nan 
0.625, 87.875, 5.163263916546183e-22, nan 
0.875, 87.875, 5.719865265921284e-22, nan 
1.125, 87.875, 5.27484162453778e-22, nan 
1.375, 87.875, 4.629750995045836e-22, nan 
1.625, 87.875, 4.33138814685004e-22, nan 
1.875, 87.875, 3.220214551508254e-22, nan 
2.125, 87.875, 2.660418734247718e-22, nan 
2.375, 87.875, 1.9876921461658618e-22, nan 
2.625, 87.875, 1.4040442902733545e-22, nan 
2.875, 87.875, 1.1362462793736636e-22, nan 
3.125, 87.875, 9.04424684493119e-23, nan 
3.375, 87.875, 8.051694767000524e-23, nan 
3.625, 87.875, 1.1932824872878396e-22, nan 
3.875, 87.875, 2.276873054551671e-22, nan 
4.125, 87.875, 4.151301025047744e-22, nan 
4.375, 87.875, 2.0645191867977683e-22, nan 
4.625, 87.875, 1.1164458605212263e-22, nan 
4.875, 87.875, 1.2116134151108228e-22, nan 
5.125, 87.875, 1.5663159297562356e-22, nan 
5.375, 87.875, 2.082600666520401e-22, nan 
5.625, 87.875, 3.1945780347405356e-22, nan 
5.875, 87.875, 5.152398429788229e-22, nan 
6.125, 87.875, 4.375235090348336e-22, nan 
6.375, 87.875, 3.588452347735976e-22, nan 
6.625, 87.875, 3.0867042950978826e-22, nan 
6.875, 87.875, 2.652659822849679e-22, nan 
7.125, 87.875, 1.8433453653953038e-22, nan 
7.375, 87.875, 1.2494995855932442e-22, nan 
7.625, 87.875, 1.3510878794950544e-22, nan 
7.875, 87.875, 1.0282625568068071e-22, nan 
8.125, 87.875, 8.988835739013783e-23, nan 
8.375, 87.875, 8.372382147872919e-23, nan 
8.625, 87.875, 2.362556419504676e-22, nan 
8.875, 87.875, 1.956728071647471e-22, nan 
9.125, 87.875, 1.2224182579633182e-22, nan 
9.375, 87.875, 9.050193434849082e-23, nan 
9.625, 87.875, 7.693248485483569e-23, nan 
9.875, 87.875, 7.121592993270258e-23, nan 
10.125, 87.875, 7.310591937616031e-23, nan 
10.375, 87.875, 7.180400940415267e-23, nan 
10.625, 87.875, 6.794617306113774e-23, nan 
10.875, 87.875, 8.259893287201199e-23, nan 
11.125, 87.875, 9.316585274488753e-23, nan 
11.375, 87.875, 1.2147301361757993e-22, nan 
11.625, 87.875, 1.924265928261837e-22, nan 
11.875, 87.875, 2.8510255251781203e-22, nan 
12.125, 87.875, 3.474531869572064e-22, nan 
12.375, 87.875, 3.9292373119567774e-22, nan 
12.625, 87.875, 1.4354964153560768e-22, nan 
12.875, 87.875, 1.4651610676540027e-22, nan 
13.125, 87.875, 1.550634749719656e-22, nan 
13.375, 87.875, 1.0123371764291917e-22, nan 
13.625, 87.875, 1.8808693829885786e-22, nan 
13.875, 87.875, 1.0437986976685761e-22, nan 
14.125, 87.875, 1.5792737353038179e-22, nan 
14.375, 87.875, 2.0337380835915424e-22, nan 
14.625, 87.875, 1.5171459765715537e-22, nan 
14.875, 87.875, 1.5644602834252385e-22, nan 
15.125, 87.875, 1.668068108811092e-22, nan 
15.375, 87.875, 1.7584039261336502e-22, nan 
15.625, 87.875, 1.7713091634447156e-22, nan 
15.875, 87.875, 1.0783816124326694e-22, nan 
16.125, 87.875, 7.405883547562462e-23, nan 
16.375, 87.875, 1.310592611133729e-22, nan 
16.625, 87.875, 1.6486105458114522e-22, nan 
16.875, 87.875, 1.6139543539505967e-22, nan 
17.125, 87.875, 1.3535117106115179e-22, nan 
17.375, 87.875, 1.0530394964920567e-22, nan 
17.625, 87.875, 8.773614800864656e-23, nan 
17.875, 87.875, 8.606424215154865e-23, nan 
18.125, 87.875, 8.857954443542807e-23, nan 
18.375, 87.875, 7.494575413381245e-23, nan 
18.625, 87.875, 5.598280220625153e-23, nan 
18.875, 87.875, 6.205263416415705e-23, nan 
19.125, 87.875, 9.690317946373128e-23, nan 
19.375, 87.875, 8.120352504134334e-23, nan 
19.625, 87.875, 6.379005639254443e-23, nan 
19.875, 87.875, 8.580536608735898e-23, nan 
20.125, 87.875, 1.1314055555156326e-22, nan 
20.375, 87.875, 1.6567323917078514e-22, nan 
20.625, 87.875, 2.0669971243848094e-22, nan 
20.875, 87.875, 1.8748686758114627e-22, nan 
21.125, 87.875, 1.7727191848051554e-22, nan 
21.375, 87.875, 1.6367129324182988e-22, nan 
21.625, 87.875, 1.5801482889983997e-22, nan 
21.875, 87.875, 1.6066014625099687e-22, nan 
22.125, 87.875, 1.6073267196726698e-22, nan 
22.375, 87.875, 1.5448282286459128e-22, nan 
22.625, 87.875, 1.396281897080151e-22, nan 
22.875, 87.875, 1.2981504295690425e-22, nan 
23.125, 87.875, 1.1229501896315856e-22, nan 
23.375, 87.875, 1.111991608966387e-22, nan 
23.625, 87.875, 1.150993132256942e-22, nan 
23.875, 87.875, 1.1141351297643535e-22, nan 
24.125, 87.875, 1.0575230522131456e-22, nan 
24.375, 87.875, 9.355172835971826e-23, nan 
24.625, 87.875, 8.633308580899578e-23, nan 
24.875, 87.875, 1.0005150032633141e-22, nan 
25.125, 87.875, 8.461527423179473e-23, nan 
25.375, 87.875, 1.0914020677566976e-22, nan 
25.625, 87.875, 1.7602207974313126e-22, nan 
25.875, 87.875, 2.7455316465939675e-22, nan 
26.125, 87.875, 2.025459949897721e-22, nan 
26.375, 87.875, 1.0651182514852128e-22, nan 
26.625, 87.875, 8.291769632962308e-23, nan 
26.875, 87.875, 8.57643932252403e-23, nan 
27.125, 87.875, 1.1156648596414516e-22, nan 
27.375, 87.875, 1.3133802633849029e-22, nan 
27.625, 87.875, 1.3703237496759246e-22, nan 
27.875, 87.875, 1.4577530592756467e-22, nan 
28.125, 87.875, 1.137202869006299e-22, nan 
28.375, 87.875, 8.660478823921328e-23, nan 
28.625, 87.875, 7.428889538231512e-23, nan 
28.875, 87.875, 7.535979774168658e-23, nan 
29.125, 87.875, 7.234630314639902e-23, nan 
29.375, 87.875, 7.40171290246112e-23, nan 
29.625, 87.875, 6.993755333751193e-23, nan 
29.875, 87.875, 6.42212896911562e-23, nan 
30.125, 87.875, 6.289461771745947e-23, nan 
30.375, 87.875, 6.431076697632528e-23, nan 
30.625, 87.875, 7.763646387224895e-23, nan 
30.875, 87.875, 5.389616749414288e-23, nan 
31.125, 87.875, 9.481080281480026e-23, nan 
31.375, 87.875, 9.565482652203511e-23, nan 
31.625, 87.875, 1.0095843579155484e-22, nan 
31.875, 87.875, 9.452794435361215e-23, nan 
32.125, 87.875, 1.0242206329745985e-22, nan 
32.375, 87.875, 1.3070468857608122e-22, nan 
32.625, 87.875, 1.723732853208929e-22, nan 
32.875, 87.875, 1.3673931788508222e-22, nan 
33.125, 87.875, 1.1105307788298798e-22, nan 
33.375, 87.875, 9.377136247417013e-23, nan 
33.625, 87.875, 9.580517432673594e-23, nan 
33.875, 87.875, 6.81125715118943e-23, nan 
34.125, 87.875, 5.588172934487574e-23, nan 
34.375, 87.875, 1.0376555876015882e-22, nan 
34.625, 87.875, 6.653309528929996e-23, nan 
34.875, 87.875, 6.952118912989655e-23, nan 
35.125, 87.875, 6.690524601860519e-23, nan 
35.375, 87.875, 8.571174532893434e-23, nan 
35.625, 87.875, 1.137611366720675e-22, nan 
35.875, 87.875, 1.623929719465947e-22, nan 
36.125, 87.875, 1.5586166819240516e-22, nan 
36.375, 87.875, 1.4275787235456462e-22, nan 
36.625, 87.875, 1.2645899767497544e-22, nan 
36.875, 87.875, 1.1772591641060103e-22, nan 
37.125, 87.875, 1.0372678037443016e-22, nan 
37.375, 87.875, 1.0086513822355161e-22, nan 
37.625, 87.875, 1.1052976322283672e-22, nan 
37.875, 87.875, 1.2533517290805205e-22, nan 
38.125, 87.875, 1.3169204527429873e-22, nan 
38.375, 87.875, 1.2917622953634376e-22, nan 
38.625, 87.875, 1.2721346001492897e-22, nan 
38.875, 87.875, 1.0447915419949798e-22, nan 
39.125, 87.875, 1.3216066071133693e-22, nan 
39.375, 87.875, 1.432615657298517e-22, nan 
39.625, 87.875, 1.4442549315908608e-22, nan 
39.875, 87.875, 1.8045769354321913e-22, nan 
40.125, 87.875, 1.5688287683720945e-22, nan 
40.375, 87.875, 1.4148144366227185e-22, nan 
40.625, 87.875, 1.3020484746013164e-22, nan 
40.875, 87.875, 1.2746181066545993e-22, nan 
41.125, 87.875, 1.4562508437868375e-22, nan 
41.375, 87.875, 1.3455032458184283e-22, nan 
41.625, 87.875, 1.3645452086621111e-22, nan 
41.875, 87.875, 1.5215256326852096e-22, nan 
42.125, 87.875, 2.1552613582770665e-22, nan 
42.375, 87.875, 2.7658127654500105e-22, nan 
42.625, 87.875, 3.175865938737076e-22, nan 
42.875, 87.875, 3.030513413884451e-22, nan 
43.125, 87.875, 2.6209204891721255e-22, nan 
43.375, 87.875, 1.9989243688739032e-22, nan 
43.625, 87.875, 1.2232357682031516e-22, nan 
43.875, 87.875, 4.560179259048898e-23, nan 
44.125, 87.875, 3.855351626408218e-23, nan 
44.375, 87.875, 6.128940177989123e-23, nan 
44.625, 87.875, 9.178485206206435e-23, nan 
44.875, 87.875, 1.058946124618291e-22, nan 
45.125, 87.875, 9.763216413663593e-23, nan 
45.375, 87.875, 4.7899848936007435e-23, nan 
45.625, 87.875, 5.1793052289103615e-23, nan 
45.875, 87.875, 1.0326868171762697e-22, nan 
46.125, 87.875, 1.3461568345992492e-22, nan 
46.375, 87.875, 1.4223174926157373e-22, nan 
46.625, 87.875, 1.6854940674610438e-22, nan 
46.875, 87.875, 2.394667998318669e-22, nan 
47.125, 87.875, 2.540691567309116e-22, nan 
47.375, 87.875, 2.7485274275525897e-22, nan 
47.625, 87.875, 2.91711688571514e-22, nan 
47.875, 87.875, 2.674316274481601e-22, nan 
48.125, 87.875, 2.3253111154719093e-22, nan 
48.375, 87.875, 1.745377086476387e-22, nan 
48.625, 87.875, 1.2944464222685042e-22, nan 
48.875, 87.875, 1.9360710627699395e-22, nan 
49.125, 87.875, 2.639151112243416e-22, nan 
49.375, 87.875, 3.020431025983462e-22, nan 
49.625, 87.875, 2.8901460463387874e-22, nan 
49.875, 87.875, 2.486058054381715e-22, nan 
50.125, 87.875, 1.8594263989153198e-22, nan 
50.375, 87.875, 1.1978763004443963e-22, nan 
50.625, 87.875, 1.1481045894253913e-22, nan 
50.875, 87.875, 1.354680863670923e-22, nan 
51.125, 87.875, 1.0539092873745342e-22, nan 
51.375, 87.875, 9.888063807002123e-23, nan 
51.625, 87.875, 9.753656178884205e-23, nan 
51.875, 87.875, 1.0537756928429774e-22, nan 
52.125, 87.875, 1.1065883579041224e-22, nan 
52.375, 87.875, 1.1550794381823811e-22, nan 
52.625, 87.875, 1.2815117670548287e-22, nan 
52.875, 87.875, 1.3823571639566574e-22, nan 
53.125, 87.875, 1.2347877280546634e-22, nan 
53.375, 87.875, 1.5170842441322535e-22, nan 
53.625, 87.875, 2.3654605029978078e-22, nan 
53.875, 87.875, 2.787812614675351e-22, nan 
54.125, 87.875, 3.2272352261509565e-22, nan 
54.375, 87.875, 3.709412813236453e-22, nan 
54.625, 87.875, 3.1620255943957466e-22, nan 
54.875, 87.875, 2.18950011003222e-22, nan 
55.125, 87.875, 7.710664010595753e-23, nan 
55.375, 87.875, 1.0444644952312144e-22, nan 
55.625, 87.875, 1.195809907992857e-22, nan 
55.875, 87.875, 1.4723514254165506e-22, nan 
56.125, 87.875, 2.2621195393750328e-22, nan 
56.375, 87.875, 3.3470958315866013e-22, nan 
56.625, 87.875, 3.695572152454918e-22, nan 
56.875, 87.875, 3.2724215156665717e-22, nan 
57.125, 87.875, 3.114613223960084e-22, nan 
57.375, 87.875, 3.2802016644953375e-22, nan 
57.625, 87.875, 3.4092291790953915e-22, nan 
57.875, 87.875, 3.5538000484971756e-22, nan 
58.125, 87.875, 3.7001083538482576e-22, nan 
58.375, 87.875, 4.0012381208013013e-22, nan 
58.625, 87.875, 4.411350513529715e-22, nan 
58.875, 87.875, 4.279778925404947e-22, nan 
59.125, 87.875, 4.215994647049961e-22, nan 
59.375, 87.875, 3.9867606314193047e-22, nan 
59.625, 87.875, 3.803172085507334e-22, nan 
59.875, 87.875, 3.461132099887591e-22, nan 
60.125, 87.875, 3.2018535235925675e-22, nan 
60.375, 87.875, 3.145975217218336e-22, nan 
60.625, 87.875, 3.2290758293259043e-22, nan 
60.875, 87.875, 1.9982841081952407e-22, nan 
61.125, 87.875, 3.187835356760975e-22, nan 
61.375, 87.875, 3.2293729462347157e-22, nan 
61.625, 87.875, 3.431541313637058e-22, nan 
61.875, 87.875, 3.2629024358282125e-22, nan 
62.125, 87.875, 3.2195772648964053e-22, nan 
62.375, 87.875, 3.012759622866416e-22, nan 
62.625, 87.875, 2.8426125778433595e-22, nan 
62.875, 87.875, 3.6272865646763026e-22, nan 
63.125, 87.875, 5.613781251123217e-22, nan 
63.375, 87.875, 5.26368285427219e-22, nan 
63.625, 87.875, 4.1117321922510944e-22, nan 
63.875, 87.875, 3.561242713540181e-22, nan 
64.125, 87.875, 4.375905976257668e-22, nan 
64.375, 87.875, 6.29886065870253e-22, nan 
64.625, 87.875, 7.085075643137236e-22, nan 
64.875, 87.875, 7.799819765011051e-22, nan 
65.125, 87.875, 9.80433597053923e-22, nan 
65.375, 87.875, 9.475977042741483e-22, nan 
65.625, 87.875, 8.86400641227765e-22, nan 
65.875, 87.875, 8.770149369217e-22, nan 
66.125, 87.875, 8.70154964038539e-22, nan 
66.375, 87.875, 8.693049242644339e-22, nan 
66.625, 87.875, 8.757885996057312e-22, nan 
66.875, 87.875, 7.705796115715591e-22, nan 
67.125, 87.875, 7.599380372154756e-22, nan 
67.375, 87.875, 6.797605444411614e-22, nan 
67.625, 87.875, 4.0178095335691654e-22, nan 
67.875, 87.875, 6.342712663406045e-22, nan 
68.125, 87.875, 6.895769365651302e-22, nan 
68.375, 87.875, 8.034428031456416e-22, nan 
68.625, 87.875, 8.113733706514956e-22, nan 
68.875, 87.875, 8.414205295902878e-22, nan 
69.125, 87.875, 8.291198040926685e-22, nan 
69.375, 87.875, 4.7176199218176085e-22, nan 
69.625, 87.875, 4.874882129309421e-22, nan 
69.875, 87.875, 4.883442296540412e-22, nan 
70.125, 87.875, 5.293752697639295e-22, nan 
70.375, 87.875, 5.230609349353098e-22, nan 
70.625, 87.875, 4.960443243737408e-22, nan 
70.875, 87.875, 4.945726574938646e-22, nan 
71.125, 87.875, 8.59776854870179e-22, nan 
71.375, 87.875, 9.358789364297804e-22, nan 
71.625, 87.875, 9.95167373570899e-22, nan 
71.875, 87.875, 9.949856371633809e-22, nan 
72.125, 87.875, 7.140145073948333e-22, nan 
72.375, 87.875, 6.875348611613498e-22, nan 
72.625, 87.875, 6.862409915048556e-22, nan 
72.875, 87.875, 6.43399231478578e-22, nan 
73.125, 87.875, 6.361775404593307e-22, nan 
73.375, 87.875, 7.162058203159686e-22, nan 
73.625, 87.875, 5.587743058155313e-22, nan 
73.875, 87.875, 5.142666211328484e-22, nan 
74.125, 87.875, 6.173608767428545e-22, nan 
74.375, 87.875, 5.898000727555923e-22, nan 
74.625, 87.875, 6.113338574214668e-22, nan 
74.875, 87.875, 6.222651016548835e-22, nan 
75.125, 87.875, 6.455427694060588e-22, nan 
75.375, 87.875, 6.100235178119949e-22, nan 
75.625, 87.875, 5.740962149465837e-22, nan 
75.875, 87.875, 5.687257331069642e-22, nan 
76.125, 87.875, 1.744492352678083e-22, nan 
76.375, 87.875, 2.774822670470205e-22, nan 
76.625, 87.875, 3.4546186327169657e-22, nan 
76.875, 87.875, 4.646484471040478e-22, nan 
77.125, 87.875, 4.785257512165516e-22, nan 
77.375, 87.875, 4.286064642314712e-22, nan 
77.625, 87.875, 2.4886907853738508e-22, nan 
77.875, 87.875, 2.6684952848062054e-22, nan 
78.125, 87.875, 3.441364757413871e-22, nan 
78.375, 87.875, 4.36911981583029e-22, nan 
78.625, 87.875, 5.089925686556545e-22, nan 
78.875, 87.875, 4.1481442633735372e-22, nan 
79.125, 87.875, 3.5166266573186864e-22, nan 
79.375, 87.875, 3.3602106821889393e-22, nan 
79.625, 87.875, 2.880243359191548e-22, nan 
79.875, 87.875, 1.751102983917939e-22, nan 
80.125, 87.875, 1.4654337656429331e-22, nan 
80.375, 87.875, 1.4017356754947078e-22, nan 
80.625, 87.875, 1.501777615256981e-22, nan 
80.875, 87.875, 2.730564914155855e-22, nan 
81.125, 87.875, 3.1544376081755833e-22, nan 
81.375, 87.875, 3.2293614622808683e-22, nan 
81.625, 87.875, 3.0014648475452513e-22, nan 
81.875, 87.875, 2.9688565354749473e-22, nan 
82.125, 87.875, 2.980456821258098e-22, nan 
82.375, 87.875, 2.0307156545538497e-22, nan 
82.625, 87.875, 2.5244636891699124e-22, nan 
82.875, 87.875, 2.992377530543108e-22, nan 
83.125, 87.875, 3.0759210404592217e-22, nan 
83.375, 87.875, 3.300680397905207e-22, nan 
83.625, 87.875, 3.614764696348745e-22, nan 
83.875, 87.875, 3.529168606161865e-22, nan 
84.125, 87.875, 2.4959458415555884e-22, nan 
84.375, 87.875, 1.7548245777781575e-22, nan 
84.625, 87.875, 1.5148210920915511e-22, nan 
84.875, 87.875, 1.9725027284761302e-22, nan 
85.125, 87.875, 2.301302364216376e-22, nan 
85.375, 87.875, 2.978453539641166e-22, nan 
85.625, 87.875, 4.104609208264736e-22, nan 
85.875, 87.875, 4.289341464388444e-22, nan 
86.125, 87.875, 4.549528557622449e-22, nan 
86.375, 87.875, 4.47511081692668e-22, nan 
86.625, 87.875, 3.9346029135417817e-22, nan 
86.875, 87.875, 2.1221573184993675e-22, nan 
87.125, 87.875, 1.7669079508308035e-22, nan 
87.375, 87.875, 1.9404406267200556e-22, nan 
87.625, 87.875, 2.595378202701146e-22, nan 
87.875, 87.875, 2.612743997091987e-22, nan 
88.125, 87.875, 2.8699207195230397e-22, nan 
88.375, 87.875, 2.95663485683905e-22, nan 
88.625, 87.875, 3.007558552894368e-22, nan 
88.875, 87.875, 3.284815084485086e-22, nan 
89.125, 87.875, 4.1604271692111257e-22, nan 
89.375, 87.875, 4.2224600833473547e-22, nan 
89.625, 87.875, 4.614757390758376e-22, nan 
89.875, 87.875, 4.99123502088808e-22, nan 
90.125, 87.875, 5.350192707911634e-22, nan 
90.375, 87.875, 5.53829084483908e-22, nan 
90.625, 87.875, 5.503881552373513e-22, nan 
90.875, 87.875, 4.520313248272228e-22, nan 
91.125, 87.875, 5.404320875306927e-22, nan 
91.375, 87.875, 5.42846125904267e-22, nan 
91.625, 87.875, 6.009704732036377e-22, nan 
91.875, 87.875, 5.925964185008636e-22, nan 
92.125, 87.875, 6.011410613117416e-22, nan 
92.375, 87.875, 7.682879249321893e-22, nan 
92.625, 87.875, 1.087570727806055e-21, nan 
92.875, 87.875, 1.0959148981813113e-21, nan 
93.125, 87.875, 9.555310802545977e-22, nan 
93.375, 87.875, 7.337810971088591e-22, nan 
93.625, 87.875, 3.0699736820245213e-22, nan 
93.875, 87.875, 3.2331405409878746e-22, nan 
94.125, 87.875, 2.317679053912514e-22, nan 
94.375, 87.875, 2.760491314615946e-22, nan 
94.625, 87.875, 3.1929125928277515e-22, nan 
94.875, 87.875, 4.352527281518056e-22, nan 
95.125, 87.875, 4.303411613454768e-22, nan 
95.375, 87.875, 4.396922256372425e-22, nan 
95.625, 87.875, 4.639027717434469e-22, nan 
95.875, 87.875, 4.394203001083982e-22, nan 
96.125, 87.875, 5.618175872384478e-22, nan 
96.375, 87.875, 7.322698026559373e-22, nan 
96.625, 87.875, 9.11312960630324e-22, nan 
96.875, 87.875, 9.844708108239352e-22, nan 
97.125, 87.875, 9.297196787996993e-22, nan 
97.375, 87.875, 8.885511682287015e-22, nan 
97.625, 87.875, 5.106517529388299e-22, nan 
97.875, 87.875, 1.0702063148920523e-21, nan 
98.125, 87.875, 1.091208338357214e-21, nan 
98.375, 87.875, 1.279151419170582e-21, nan 
98.625, 87.875, 1.2569506853338303e-21, nan 
98.875, 87.875, 9.700124853712074e-22, nan 
99.125, 87.875, 7.760130144080448e-22, nan 
99.375, 87.875, 9.619643490492657e-22, nan 
99.625, 87.875, 1.0352505701172152e-21, nan 
99.875, 87.875, 9.549917416572067e-22, nan 
100.125, 87.875, 8.119104863800665e-22, nan 
100.375, 87.875, 6.536206227836611e-22, nan 
100.625, 87.875, 7.379061875119506e-22, nan 
100.875, 87.875, 9.586396503990243e-22, nan 
101.125, 87.875, 8.268087487005792e-22, nan 
101.375, 87.875, 8.517021521733275e-22, nan 
101.625, 87.875, 1.0665392060287123e-21, nan 
101.875, 87.875, 1.135568442370968e-21, nan 
102.125, 87.875, 1.0873950800015334e-21, nan 
102.375, 87.875, 9.534511770712108e-22, nan 
102.625, 87.875, 5.1245031399631435e-22, nan 
102.875, 87.875, 4.570327672309095e-22, nan 
103.125, 87.875, 4.93543635759645e-22, nan 
103.375, 87.875, 5.764346637578534e-22, nan 
103.625, 87.875, 6.135474987934274e-22, nan 
103.875, 87.875, 7.059021845198478e-22, nan 
104.125, 87.875, 7.759864090943213e-22, nan 
104.375, 87.875, 6.808529876566945e-22, nan 
104.625, 87.875, 6.440777951914355e-22, nan 
104.875, 87.875, 6.987653611660638e-22, nan 
105.125, 87.875, 8.887788737622791e-22, nan 
105.375, 87.875, 9.27149575010455e-22, nan 
105.625, 87.875, 7.283535560466557e-22, nan 
105.875, 87.875, 5.724672995221201e-22, nan 
106.125, 87.875, 4.67224942521055e-22, nan 
106.375, 87.875, 5.612602852137582e-22, nan 
106.625, 87.875, 6.554311115524873e-22, nan 
106.875, 87.875, 7.859067278472307e-22, nan 
107.125, 87.875, 9.681030267679166e-22, nan 
107.375, 87.875, 9.702716499310998e-22, nan 
107.625, 87.875, 8.012234169079786e-22, nan 
107.875, 87.875, 7.595846643433981e-22, nan 
108.125, 87.875, 5.303374160875114e-22, nan 
108.375, 87.875, 2.8595292890701555e-22, nan 
108.625, 87.875, 2.511085416953931e-22, nan 
108.875, 87.875, 2.4554735994376663e-22, nan 
109.125, 87.875, 2.1501800402488736e-22, nan 
109.375, 87.875, 6.19823760270137e-23, nan 
109.625, 87.875, 1.097529023115435e-22, nan 
109.875, 87.875, 2.2166660946701946e-22, nan 
110.125, 87.875, 4.0914786988381964e-22, nan 
110.375, 87.875, 2.4868127918795695e-22, nan 
110.625, 87.875, 3.7761072337517856e-22, nan 
110.875, 87.875, 5.565270349156362e-22, nan 
111.125, 87.875, 5.155821817452264e-22, nan 
111.375, 87.875, 3.610445365736437e-22, nan 
111.625, 87.875, 2.7957054847275886e-22, nan 
111.875, 87.875, 2.616591177306079e-22, nan 
112.125, 87.875, 3.1393722799274335e-22, nan 
112.375, 87.875, 2.9677021236190196e-22, nan 
112.625, 87.875, 3.8341360173429377e-22, nan 
112.875, 87.875, 6.172274086271672e-22, nan 
113.125, 87.875, 8.120526732970763e-22, nan 
113.375, 87.875, 9.946234439908844e-22, nan 
113.625, 87.875, 1.1212384934403468e-21, nan 
113.875, 87.875, 1.2182907338880404e-21, nan 
114.125, 87.875, 1.1299881500206032e-21, nan 
114.375, 87.875, 8.470771961674424e-22, nan 
114.625, 87.875, 5.475665825405e-22, nan 
114.875, 87.875, 4.586051904414541e-22, nan 
115.125, 87.875, 1.6747559973134657e-22, nan 
115.375, 87.875, 1.666834594508903e-22, nan 
115.625, 87.875, 2.0186383499635344e-22, nan 
115.875, 87.875, 2.7315373644514342e-22, nan 
116.125, 87.875, 3.3182309893120765e-22, nan 
116.375, 87.875, 3.1703938248648655e-22, nan 
116.625, 87.875, 3.158669762812445e-22, nan 
116.875, 87.875, 3.668267754785929e-22, nan 
117.125, 87.875, 3.4425474400052847e-22, nan 
117.375, 87.875, 3.478814013001147e-22, nan 
117.625, 87.875, 3.844965455004051e-22, nan 
117.875, 87.875, 3.9697066452537257e-22, nan 
118.125, 87.875, 4.407226939045818e-22, nan 
118.375, 87.875, 4.192406880110897e-22, nan 
118.625, 87.875, 4.0407255325827693e-22, nan 
118.875, 87.875, 5.307800628922564e-22, nan 
119.125, 87.875, 5.131941847036193e-22, nan 
119.375, 87.875, 5.423037173239047e-22, nan 
119.625, 87.875, 5.959336397319917e-22, nan 
119.875, 87.875, 6.249898649536335e-22, nan 
120.125, 87.875, 6.771564215975532e-22, nan 
120.375, 87.875, 7.320899282865959e-22, nan 
120.625, 87.875, 8.208689452468813e-22, nan 
120.875, 87.875, 7.232069842282231e-22, nan 
121.125, 87.875, 5.5572515460900615e-22, nan 
121.375, 87.875, 4.505059588647555e-22, nan 
121.625, 87.875, 5.188190334690809e-22, nan 
121.875, 87.875, 4.559195680481902e-22, nan 
122.125, 87.875, 4.3976891900127235e-22, nan 
122.375, 87.875, 4.910806307719659e-22, nan 
122.625, 87.875, 5.867656703906557e-22, nan 
122.875, 87.875, 5.819476149389697e-22, nan 
123.125, 87.875, 4.025577880461104e-22, nan 
123.375, 87.875, 3.6916051836030163e-22, nan 
123.625, 87.875, 3.238966894061825e-22, nan 
123.875, 87.875, 4.6469704817995325e-22, nan 
124.125, 87.875, 4.06783613902894e-22, nan 
124.375, 87.875, 4.590469438452807e-22, nan 
124.625, 87.875, 3.9709675967337e-22, nan 
124.875, 87.875, 7.590398585173355e-22, nan 
125.125, 87.875, 7.110113496834759e-22, nan 
125.375, 87.875, 5.284871799162042e-22, nan 
125.625, 87.875, 4.719628151941812e-22, nan 
125.875, 87.875, 5.295215803992961e-22, nan 
126.125, 87.875, 5.963625153005869e-22, nan 
126.375, 87.875, 6.271207470963278e-22, nan 
126.625, 87.875, 6.922574204797364e-22, nan 
126.875, 87.875, 7.542282134292968e-22, nan 
127.125, 87.875, 7.198418262001676e-22, nan 
127.375, 87.875, 7.05636934848745e-22, nan 
127.625, 87.875, 5.353374326983553e-22, nan 
127.875, 87.875, 4.811334535470701e-22, nan 
128.125, 87.875, 4.532243834092513e-22, nan 
128.375, 87.875, 4.902801210360778e-22, nan 
128.625, 87.875, 7.039163461163932e-22, nan 
128.875, 87.875, 8.692899129144482e-22, nan 
129.125, 87.875, 9.738080142445664e-22, nan 
129.375, 87.875, 8.391603729007427e-22, nan 
129.625, 87.875, 6.88026737281816e-22, nan 
129.875, 87.875, 5.228564958597793e-22, nan 
130.125, 87.875, 6.067195444953341e-22, nan 
130.375, 87.875, 6.229188379845264e-22, nan 
130.625, 87.875, 6.591763345392874e-22, nan 
130.875, 87.875, 5.988611618653719e-22, nan 
131.125, 87.875, 4.8200830056815425e-22, nan 
131.375, 87.875, 3.9583128085706856e-22, nan 
131.625, 87.875, 4.953630689305534e-22, nan 
131.875, 87.875, 4.252687643715663e-22, nan 
132.125, 87.875, 6.5659609060272505e-22, nan 
132.375, 87.875, 3.6937095591800953e-22, nan 
132.625, 87.875, 3.577926197857491e-22, nan 
132.875, 87.875, 3.125983177396686e-22, nan 
133.125, 87.875, 3.7143427165502726e-22, nan 
133.375, 87.875, 4.118905152110501e-22, nan 
133.625, 87.875, 2.879289059506135e-22, nan 
133.875, 87.875, 4.598581414128032e-22, nan 
134.125, 87.875, 7.783312134019931e-22, nan 
134.375, 87.875, 9.69403335484277e-22, nan 
134.625, 87.875, 1.0286856752414273e-21, nan 
134.875, 87.875, 1.1068646875609581e-21, nan 
135.125, 87.875, 1.1186733794123188e-21, nan 
135.375, 87.875, 1.0963010392996492e-21, nan 
135.625, 87.875, 1.3633392013946491e-21, nan 
135.875, 87.875, 1.5234625195672747e-21, nan 
136.125, 87.875, 1.327092579726585e-21, nan 
136.375, 87.875, 9.093441198922041e-22, nan 
136.625, 87.875, 4.675015601557929e-22, nan 
136.875, 87.875, 7.305694767303081e-22, nan 
137.125, 87.875, 7.240172754633529e-22, nan 
137.375, 87.875, 1.0451075679883369e-21, nan 
137.625, 87.875, 1.6200530821315668e-21, nan 
137.875, 87.875, 1.3497702771856743e-21, nan 
138.125, 87.875, 1.1478257694186373e-21, nan 
138.375, 87.875, 1.1067977244613125e-21, nan 
138.625, 87.875, 1.1063272942367988e-21, nan 
138.875, 87.875, 1.1646712951816156e-21, nan 
139.125, 87.875, 1.1913661479181213e-21, nan 
139.375, 87.875, 1.2588820061187985e-21, nan 
139.625, 87.875, 1.3473317480540747e-21, nan 
139.875, 87.875, 1.1995661089124267e-21, nan 
140.125, 87.875, 1.0532071630528454e-21, nan 
140.375, 87.875, 9.742596915742766e-22, nan 
140.625, 87.875, 1.0512429111703215e-21, nan 
140.875, 87.875, 1.0810851154959568e-21, nan 
141.125, 87.875, 1.0973966401566262e-21, nan 
141.375, 87.875, 1.124263632426693e-21, nan 
141.625, 87.875, 6.963907378166068e-22, nan 
141.875, 87.875, 7.329561934842208e-22, nan 
142.125, 87.875, 1.2970491191080072e-21, nan 
142.375, 87.875, 1.4783593060783339e-21, nan 
142.625, 87.875, 1.6287284200339214e-21, nan 
142.875, 87.875, 1.156297588864343e-21, nan 
143.125, 87.875, 1.1763233434077e-21, nan 
143.375, 87.875, 1.0289600204221404e-21, nan 
143.625, 87.875, 1.1241521413060127e-21, nan 
143.875, 87.875, 1.1351116103134227e-21, nan 
144.125, 87.875, 1.3981092107527786e-21, nan 
144.375, 87.875, 1.0903430488728045e-21, nan 
144.625, 87.875, 9.886051220290302e-22, nan 
144.875, 87.875, 6.435941451544957e-22, nan 
145.125, 87.875, 4.925277835702686e-22, nan 
145.375, 87.875, 8.717443176177288e-22, nan 
145.625, 87.875, 9.313659167044942e-22, nan 
145.875, 87.875, 7.256077816756952e-22, nan 
146.125, 87.875, 1.6820923878973195e-21, nan 
146.375, 87.875, 1.865071925322094e-21, nan 
146.625, 87.875, 1.7312277657826458e-21, nan 
146.875, 87.875, 1.3369566484371733e-21, nan 
147.125, 87.875, 1.2814605399720702e-21, nan 
147.375, 87.875, 1.267307126580324e-21, nan 
147.625, 87.875, 1.5901644220263146e-21, nan 
147.875, 87.875, 1.6491660864341543e-21, nan 
148.125, 87.875, 1.6782564057386464e-21, nan 
148.375, 87.875, 1.6269084986554509e-21, nan 
148.625, 87.875, 1.024522183836271e-21, nan 
148.875, 87.875, 1.6494576803061346e-21, nan 
149.125, 87.875, 1.630277220414623e-21, nan 
149.375, 87.875, 1.800294946432484e-21, nan 
149.625, 87.875, 1.1176763241036869e-21, nan 
149.875, 87.875, 1.63584203625656e-21, nan 
150.125, 87.875, 1.7029653289438092e-21, nan 
150.375, 87.875, 1.8959250703016805e-21, nan 
150.625, 87.875, 1.955473645326952e-21, nan 
150.875, 87.875, 1.928576734911932e-21, nan 
151.125, 87.875, 1.4501483146879929e-21, nan 
151.375, 87.875, 1.002051778067932e-21, nan 
151.625, 87.875, 6.281897886829081e-22, nan 
151.875, 87.875, 5.307584834638749e-22, nan 
152.125, 87.875, 8.170202570712481e-22, nan 
152.375, 87.875, 8.82369050775414e-22, nan 
152.625, 87.875, 6.33039553348142e-22, nan 
152.875, 87.875, 1.1996146250590616e-21, nan 
153.125, 87.875, 1.3010982791184072e-21, nan 
153.375, 87.875, 1.0545316205263211e-21, nan 
153.625, 87.875, 9.580895655208276e-22, nan 
153.875, 87.875, 1.114582011130686e-21, nan 
154.125, 87.875, 1.2475794101888028e-21, nan 
154.375, 87.875, 1.758476896392297e-21, nan 
154.625, 87.875, 1.909062519060927e-21, nan 
154.875, 87.875, 1.8853809100193298e-21, nan 
155.125, 87.875, 2.0860541784120214e-21, nan 
155.375, 87.875, 1.0811477799196305e-21, nan 
155.625, 87.875, 1.504500992095019e-21, nan 
155.875, 87.875, 1.2063715730773734e-21, nan 
156.125, 87.875, 1.1720161393924138e-21, nan 
156.375, 87.875, 1.2876209151633548e-21, nan 
156.625, 87.875, 1.2324248747457244e-21, nan 
156.875, 87.875, 1.2896078814471785e-21, nan 
157.125, 87.875, 1.1430386685515116e-21, nan 
157.375, 87.875, 1.3519426935494023e-21, nan 
157.625, 87.875, 1.3762103012813633e-21, nan 
157.875, 87.875, 1.51345587516464e-21, nan 
158.125, 87.875, 1.2859286178478089e-21, nan 
158.375, 87.875, 9.730973535450363e-22, nan 
158.625, 87.875, 6.954790079946665e-22, nan 
158.875, 87.875, 7.9813924413614505e-22, nan 
159.125, 87.875, 9.30520321015802e-22, nan 
159.375, 87.875, 1.1623468554751362e-21, nan 
159.625, 87.875, 1.1333514718175357e-21, nan 
159.875, 87.875, 1.0075585883757261e-21, nan 
160.125, 87.875, 8.28493454726934e-22, nan 
160.375, 87.875, 7.91947269962972e-22, nan 
160.625, 87.875, 9.086992029464156e-22, nan 
160.875, 87.875, 7.426442738918366e-22, nan 
161.125, 87.875, 7.916485843486814e-22, nan 
161.375, 87.875, 8.233262073256465e-22, nan 
161.625, 87.875, 8.371109785615858e-22, nan 
161.875, 87.875, 8.347613035311823e-22, nan 
162.125, 87.875, 1.0480038598002744e-21, nan 
162.375, 87.875, 1.1206606926057637e-21, nan 
162.625, 87.875, 1.1951402457113222e-21, nan 
162.875, 87.875, 1.5891968979474694e-21, nan 
163.125, 87.875, 1.7797572879551926e-21, nan 
163.375, 87.875, 1.9557860416870674e-21, nan 
163.625, 87.875, 2.1673976911262418e-21, nan 
163.875, 87.875, 2.2741910067576762e-21, nan 
164.125, 87.875, 2.1948938335802866e-21, nan 
164.375, 87.875, 2.06715322739478e-21, nan 
164.625, 87.875, 1.7724782276291414e-21, nan 
164.875, 87.875, 1.4367547929720831e-21, nan 
165.125, 87.875, 9.623637182526578e-22, nan 
165.375, 87.875, 8.259650252986056e-22, nan 
165.625, 87.875, 6.448512175435808e-22, nan 
165.875, 87.875, 9.979069414536966e-22, nan 
166.125, 87.875, 1.5988245088064591e-21, nan 
166.375, 87.875, 1.4688295940569412e-21, nan 
166.625, 87.875, 9.835743730789093e-22, nan 
166.875, 87.875, 8.772670251147699e-22, nan 
167.125, 87.875, 1.0103240905563634e-21, nan 
167.375, 87.875, 1.2523712751848197e-21, nan 
167.625, 87.875, 1.3714576497953409e-21, nan 
167.875, 87.875, 1.299466974076494e-21, nan 
168.125, 87.875, 1.2461701831400722e-21, nan 
168.375, 87.875, 1.2459462465147225e-21, nan 
168.625, 87.875, 1.1415626230824984e-21, nan 
168.875, 87.875, 1.5127782892692845e-21, nan 
169.125, 87.875, 1.5035266306565294e-21, nan 
169.375, 87.875, 1.3426529760517065e-21, nan 
169.625, 87.875, 1.5796771508164539e-21, nan 
169.875, 87.875, 1.3806374998542377e-21, nan 
170.125, 87.875, 1.3767410285687762e-21, nan 
170.375, 87.875, 1.299173173098273e-21, nan 
170.625, 87.875, 1.4610152469117555e-21, nan 
170.875, 87.875, 1.475588762756823e-21, nan 
171.125, 87.875, 1.4533809370714719e-21, nan 
171.375, 87.875, 1.7351169882955773e-21, nan 
171.625, 87.875, 1.7487018920036123e-21, nan 
171.875, 87.875, 1.4630089125632773e-21, nan 
172.125, 87.875, 1.0674658653600388e-21, nan 
172.375, 87.875, 8.407900740465644e-22, nan 
172.625, 87.875, 7.369427534248075e-22, nan 
172.875, 87.875, 9.245081508536136e-22, nan 
173.125, 87.875, 8.305797198943841e-22, nan 
173.375, 87.875, 7.715356734367436e-22, nan 
173.625, 87.875, 1.0102214356367197e-21, nan 
173.875, 87.875, 1.0001900102549e-21, nan 
174.125, 87.875, 9.65933941654423e-22, nan 
174.375, 87.875, 9.468241372408963e-22, nan 
174.625, 87.875, 9.462525722082445e-22, nan 
174.875, 87.875, 1.0789285536422855e-21, nan 
175.125, 87.875, 1.5732570555249042e-21, nan 
175.375, 87.875, 1.7886775625362003e-21, nan 
175.625, 87.875, 2.116651082529488e-21, nan 
175.875, 87.875, 2.0269761752371377e-21, nan 
176.125, 87.875, 1.6068675007213472e-21, nan 
176.375, 87.875, 2.1306946700763592e-21, nan 
176.625, 87.875, 1.6579346905745902e-21, nan 
176.875, 87.875, 1.596717242104166e-21, nan 
177.125, 87.875, 1.088788214812321e-21, nan 
177.375, 87.875, 1.2618990102491726e-21, nan 
177.625, 87.875, 1.496132689701136e-21, nan 
177.875, 87.875, 1.717716434788432e-21, nan 
178.125, 87.875, 2.108367230743179e-21, nan 
178.375, 87.875, 2.587002864088822e-21, nan 
178.625, 87.875, 2.459297070524086e-21, nan 
178.875, 87.875, 1.8936301865951312e-21, nan 
179.125, 87.875, 1.3627215397354603e-21, nan 
179.375, 87.875, 8.996010049742248e-22, nan 
179.625, 87.875, 6.978132242487973e-22, nan 
179.875, 87.875, 6.408141222071855e-22, nan 
-179.875, 88.125, 3.490516050522768e-22, nan 
-179.625, 88.125, 2.227237040266846e-22, nan 
-179.375, 88.125, 2.676873133748237e-22, nan 
-179.125, 88.125, 2.4842453482802146e-22, nan 
-178.875, 88.125, 2.871909146639392e-22, nan 
-178.625, 88.125, 3.619487883757361e-22, nan 
-178.375, 88.125, 3.3696100571398444e-22, nan 
-178.125, 88.125, 4.341397246480744e-22, nan 
-177.875, 88.125, 3.594252904767481e-22, nan 
-177.625, 88.125, 3.344208044683197e-22, nan 
-177.375, 88.125, 3.143825586422859e-22, nan 
-177.125, 88.125, 3.883895446419835e-22, nan 
-176.875, 88.125, 3.91695108477019e-22, nan 
-176.625, 88.125, 3.8308436103828876e-22, nan 
-176.375, 88.125, 4.0122396512400865e-22, nan 
-176.125, 88.125, 4.0618740216907484e-22, nan 
-175.875, 88.125, 4.098378930847573e-22, nan 
-175.625, 88.125, 4.1933319546626407e-22, nan 
-175.375, 88.125, 4.088065909304107e-22, nan 
-175.125, 88.125, 4.1357175549429226e-22, nan 
-174.875, 88.125, 3.5074754093120143e-22, nan 
-174.625, 88.125, 2.5728615860758645e-22, nan 
-174.375, 88.125, 2.5342696496304023e-22, nan 
-174.125, 88.125, 2.4917112313043026e-22, nan 
-173.875, 88.125, 2.3950562908629995e-22, nan 
-173.625, 88.125, 2.417496143976673e-22, nan 
-173.375, 88.125, 2.150849537011293e-22, nan 
-173.125, 88.125, 2.523761014410616e-22, nan 
-172.875, 88.125, 2.57163901051225e-22, nan 
-172.625, 88.125, 2.750994411343702e-22, nan 
-172.375, 88.125, 2.6284492073960573e-22, nan 
-172.125, 88.125, 3.055262451410023e-22, nan 
-171.875, 88.125, 2.3926611749461295e-22, nan 
-171.625, 88.125, 2.5368737495621683e-22, nan 
-171.375, 88.125, 2.485325928079208e-22, nan 
-171.125, 88.125, 2.8287511959440643e-22, nan 
-170.875, 88.125, 3.109095089025213e-22, nan 
-170.625, 88.125, 2.8978591882292863e-22, nan 
-170.375, 88.125, 3.3327646411070643e-22, nan 
-170.125, 88.125, 3.610931141769633e-22, nan 
-169.875, 88.125, 4.016670148930017e-22, nan 
-169.625, 88.125, 4.628294543393421e-22, nan 
-169.375, 88.125, 5.429240480140985e-22, nan 
-169.125, 88.125, 5.784645425511618e-22, nan 
-168.875, 88.125, 5.9991763825685525e-22, nan 
-168.625, 88.125, 6.408872711195319e-22, nan 
-168.375, 88.125, 6.589890840427256e-22, nan 
-168.125, 88.125, 6.297968064717683e-22, nan 
-167.875, 88.125, 5.641226181624809e-22, nan 
-167.625, 88.125, 4.849179384072035e-22, nan 
-167.375, 88.125, 3.689211409552015e-22, nan 
-167.125, 88.125, 2.981913881673865e-22, nan 
-166.875, 88.125, 2.0124002657153804e-22, nan 
-166.625, 88.125, 1.5142629671682006e-22, nan 
-166.375, 88.125, 1.785907527413446e-22, nan 
-166.125, 88.125, 2.0772513505440636e-22, nan 
-165.875, 88.125, 2.5639491737127276e-22, nan 
-165.625, 88.125, 3.7711536818748157e-22, nan 
-165.375, 88.125, 3.1774889252238917e-22, nan 
-165.125, 88.125, 3.031070855671413e-22, nan 
-164.875, 88.125, 3.3788193743320294e-22, nan 
-164.625, 88.125, 3.735734335442311e-22, nan 
-164.375, 88.125, 3.281454798511124e-22, nan 
-164.125, 88.125, 3.2967308045010286e-22, nan 
-163.875, 88.125, 2.9090788597616466e-22, nan 
-163.625, 88.125, 3.358558149270512e-22, nan 
-163.375, 88.125, 3.8974733801174333e-22, nan 
-163.125, 88.125, 3.9796772544989047e-22, nan 
-162.875, 88.125, 4.1792072279241273e-22, nan 
-162.625, 88.125, 4.512859042926492e-22, nan 
-162.375, 88.125, 5.503069417130664e-22, nan 
-162.125, 88.125, 6.309263331815285e-22, nan 
-161.875, 88.125, 6.730300111852561e-22, nan 
-161.625, 88.125, 7.764960951776735e-22, nan 
-161.375, 88.125, 8.634409215886892e-22, nan 
-161.125, 88.125, 9.324339122374283e-22, nan 
-160.875, 88.125, 9.641731240561225e-22, nan 
-160.625, 88.125, 9.841411639952448e-22, nan 
-160.375, 88.125, 9.83507893452211e-22, nan 
-160.125, 88.125, 8.437396445493727e-22, nan 
-159.875, 88.125, 7.820145754498831e-22, nan 
-159.625, 88.125, 6.430284567385115e-22, nan 
-159.375, 88.125, 5.364683277745685e-22, nan 
-159.125, 88.125, 4.526597199217382e-22, nan 
-158.875, 88.125, 4.167266749774062e-22, nan 
-158.625, 88.125, 4.787591037539262e-22, nan 
-158.375, 88.125, 5.2316330986457185e-22, nan 
-158.125, 88.125, 7.173575873885157e-22, nan 
-157.875, 88.125, 1.0472890585226524e-21, nan 
-157.625, 88.125, 9.626326434084911e-22, nan 
-157.375, 88.125, 9.097304595409282e-22, nan 
-157.125, 88.125, 7.577277314072158e-22, nan 
-156.875, 88.125, 6.734767808809337e-22, nan 
-156.625, 88.125, 6.313010940825718e-22, nan 
-156.375, 88.125, 6.381154785320176e-22, nan 
-156.125, 88.125, 7.029438924649112e-22, nan 
-155.875, 88.125, 8.103906345579029e-22, nan 
-155.625, 88.125, 8.628306638650687e-22, nan 
-155.375, 88.125, 8.272758943894058e-22, nan 
-155.125, 88.125, 7.401480496832736e-22, nan 
-154.875, 88.125, 6.672892701065439e-22, nan 
-154.625, 88.125, 6.144847572046857e-22, nan 
-154.375, 88.125, 5.980361682183961e-22, nan 
-154.125, 88.125, 6.244377318901628e-22, nan 
-153.875, 88.125, 6.746877098869981e-22, nan 
-153.625, 88.125, 7.21483942781642e-22, nan 
-153.375, 88.125, 7.644662465674061e-22, nan 
-153.125, 88.125, 7.884305574183314e-22, nan 
-152.875, 88.125, 8.055111323304233e-22, nan 
-152.625, 88.125, 7.972900297322777e-22, nan 
-152.375, 88.125, 6.858652255504513e-22, nan 
-152.125, 88.125, 6.430477010978386e-22, nan 
-151.875, 88.125, 5.256021020779059e-22, nan 
-151.625, 88.125, 4.407137662268924e-22, nan 
-151.375, 88.125, 3.7601548225177477e-22, nan 
-151.125, 88.125, 3.7436326385473285e-22, nan 
-150.875, 88.125, 4.318074137388837e-22, nan 
-150.625, 88.125, 4.39014896216947e-22, nan 
-150.375, 88.125, 5.456950115113594e-22, nan 
-150.125, 88.125, 7.145357457792028e-22, nan 
-149.875, 88.125, 6.925458297070458e-22, nan 
-149.625, 88.125, 7.029915752193454e-22, nan 
-149.375, 88.125, 5.567674582930989e-22, nan 
-149.125, 88.125, 5.387856832996066e-22, nan 
-148.875, 88.125, 5.588811723839517e-22, nan 
-148.625, 88.125, 6.073790802865584e-22, nan 
-148.375, 88.125, 6.547252610601789e-22, nan 
-148.125, 88.125, 7.208992365634504e-22, nan 
-147.875, 88.125, 5.791102727019902e-22, nan 
-147.625, 88.125, 5.403634922441451e-22, nan 
-147.375, 88.125, 5.455860356338527e-22, nan 
-147.125, 88.125, 4.256835909773279e-22, nan 
-146.875, 88.125, 2.810686101058233e-22, nan 
-146.625, 88.125, 3.3878634646460973e-22, nan 
-146.375, 88.125, 4.87553826557112e-22, nan 
-146.125, 88.125, 5.522694914851693e-22, nan 
-145.875, 88.125, 5.592711224167487e-22, nan 
-145.625, 88.125, 5.008515054027166e-22, nan 
-145.375, 88.125, 2.867182432665713e-22, nan 
-145.125, 88.125, 2.892913267064855e-22, nan 
-144.875, 88.125, 2.5807940646163716e-22, nan 
-144.625, 88.125, 2.8833885069090485e-22, nan 
-144.375, 88.125, 2.4536243454175567e-22, nan 
-144.125, 88.125, 2.47160054105317e-22, nan 
-143.875, 88.125, 2.591701582862713e-22, nan 
-143.625, 88.125, 2.664363773730918e-22, nan 
-143.375, 88.125, 2.8817500874612207e-22, nan 
-143.125, 88.125, 2.9989131507797444e-22, nan 
-142.875, 88.125, 3.3573365796223756e-22, nan 
-142.625, 88.125, 3.8413594762992727e-22, nan 
-142.375, 88.125, 3.8405985694042396e-22, nan 
-142.125, 88.125, 4.458290142652227e-22, nan 
-141.875, 88.125, 4.324163963565078e-22, nan 
-141.625, 88.125, 4.141693568808173e-22, nan 
-141.375, 88.125, 3.9832178274637953e-22, nan 
-141.125, 88.125, 3.933683291408383e-22, nan 
-140.875, 88.125, 3.7717720879281092e-22, nan 
-140.625, 88.125, 3.645130684766211e-22, nan 
-140.375, 88.125, 3.4490866748859346e-22, nan 
-140.125, 88.125, 3.365972674030418e-22, nan 
-139.875, 88.125, 3.080036688222611e-22, nan 
-139.625, 88.125, 3.0172993468936424e-22, nan 
-139.375, 88.125, 3.3396650202403587e-22, nan 
-139.125, 88.125, 2.8481616725481222e-22, nan 
-138.875, 88.125, 2.635904100062864e-22, nan 
-138.625, 88.125, 2.4043636459790237e-22, nan 
-138.375, 88.125, 3.559553701363007e-22, nan 
-138.125, 88.125, 3.778572339791268e-22, nan 
-137.875, 88.125, 3.9037428992658772e-22, nan 
-137.625, 88.125, 2.931513892989376e-22, nan 
-137.375, 88.125, 2.7661045345267377e-22, nan 
-137.125, 88.125, 2.785218530719931e-22, nan 
-136.875, 88.125, 2.8048188298248014e-22, nan 
-136.625, 88.125, 2.6437706057715135e-22, nan 
-136.375, 88.125, 2.4665333224295845e-22, nan 
-136.125, 88.125, 2.704319474261419e-22, nan 
-135.875, 88.125, 2.0984818390994272e-22, nan 
-135.625, 88.125, 2.1768786686269355e-22, nan 
-135.375, 88.125, 3.821847696979629e-22, nan 
-135.125, 88.125, 2.5881101116254656e-22, nan 
-134.875, 88.125, 2.84553322815346e-22, nan 
-134.625, 88.125, 3.9428794422930103e-22, nan 
-134.375, 88.125, 4.0478404947959714e-22, nan 
-134.125, 88.125, 4.486525446175875e-22, nan 
-133.875, 88.125, 5.295051976566181e-22, nan 
-133.625, 88.125, 4.656401151475181e-22, nan 
-133.375, 88.125, 3.979273592158547e-22, nan 
-133.125, 88.125, 3.482172333002258e-22, nan 
-132.875, 88.125, 3.2464079813609537e-22, nan 
-132.625, 88.125, 3.2533147796847412e-22, nan 
-132.375, 88.125, 2.744863231151741e-22, nan 
-132.125, 88.125, 1.5151065519273636e-22, nan 
-131.875, 88.125, 2.0626239050174456e-22, nan 
-131.625, 88.125, 2.58108115941662e-22, nan 
-131.375, 88.125, 2.5561710637011096e-22, nan 
-131.125, 88.125, 2.6032346355069464e-22, nan 
-130.875, 88.125, 2.621764561426523e-22, nan 
-130.625, 88.125, 2.485519376181979e-22, nan 
-130.375, 88.125, 2.388411548771579e-22, nan 
-130.125, 88.125, 2.343738886500248e-22, nan 
-129.875, 88.125, 1.990971250835228e-22, nan 
-129.625, 88.125, 2.4394997745901873e-22, nan 
-129.375, 88.125, 2.7363317377012524e-22, nan 
-129.125, 88.125, 2.8127624155246365e-22, nan 
-128.875, 88.125, 3.058344050162938e-22, nan 
-128.625, 88.125, 3.7100223077913344e-22, nan 
-128.375, 88.125, 4.096105008126146e-22, nan 
-128.125, 88.125, 3.0828687459274795e-22, nan 
-127.875, 88.125, 2.5722869791917727e-22, nan 
-127.625, 88.125, 2.6366433883182653e-22, nan 
-127.375, 88.125, 2.7441808987203345e-22, nan 
-127.125, 88.125, 2.604358521203585e-22, nan 
-126.875, 88.125, 2.207334998823484e-22, nan 
-126.625, 88.125, 1.9572562675638043e-22, nan 
-126.375, 88.125, 1.9095004389858164e-22, nan 
-126.125, 88.125, 1.8791256192377108e-22, nan 
-125.875, 88.125, 2.0026279835754566e-22, nan 
-125.625, 88.125, 2.120720032599939e-22, nan 
-125.375, 88.125, 2.0837197936095735e-22, nan 
-125.125, 88.125, 2.2213792884866234e-22, nan 
-124.875, 88.125, 2.1067826769984598e-22, nan 
-124.625, 88.125, 2.0399195559972984e-22, nan 
-124.375, 88.125, 2.001271124124019e-22, nan 
-124.125, 88.125, 1.4777811598995714e-22, nan 
-123.875, 88.125, 1.4019499903354405e-22, nan 
-123.625, 88.125, 1.775752816278069e-22, nan 
-123.375, 88.125, 1.8616251953031068e-22, nan 
-123.125, 88.125, 1.891392281512536e-22, nan 
-122.875, 88.125, 1.8943886774973005e-22, nan 
-122.625, 88.125, 1.8654432397856306e-22, nan 
-122.375, 88.125, 1.787628012120988e-22, nan 
-122.125, 88.125, 1.5972071212592188e-22, nan 
-121.875, 88.125, 1.5725803068251817e-22, nan 
-121.625, 88.125, 1.7994010015100807e-22, nan 
-121.375, 88.125, 1.9806356330805472e-22, nan 
-121.125, 88.125, 1.9083556282932362e-22, nan 
-120.875, 88.125, 2.060530694792271e-22, nan 
-120.625, 88.125, 1.9404052112663332e-22, nan 
-120.375, 88.125, 1.823298555868373e-22, nan 
-120.125, 88.125, 1.739758381054008e-22, nan 
-119.875, 88.125, 1.6337028110051075e-22, nan 
-119.625, 88.125, 1.5944950782977248e-22, nan 
-119.375, 88.125, 1.6207951229048224e-22, nan 
-119.125, 88.125, 1.544757515052057e-22, nan 
-118.875, 88.125, 1.5173548706069714e-22, nan 
-118.625, 88.125, 1.4681203130079085e-22, nan 
-118.375, 88.125, 1.7531397098247334e-22, nan 
-118.125, 88.125, 1.7236034925162587e-22, nan 
-117.875, 88.125, 2.1451982828448195e-22, nan 
-117.625, 88.125, 1.9293133753400007e-22, nan 
-117.375, 88.125, 2.3146656970745637e-22, nan 
-117.125, 88.125, 2.023788429845571e-22, nan 
-116.875, 88.125, 2.0468352916426202e-22, nan 
-116.625, 88.125, 2.3197765374570706e-22, nan 
-116.375, 88.125, 1.5296586267161924e-22, nan 
-116.125, 88.125, 1.5457576642945074e-22, nan 
-115.875, 88.125, 1.952640504790571e-22, nan 
-115.625, 88.125, 2.584421624880766e-22, nan 
-115.375, 88.125, 2.7103346972190216e-22, nan 
-115.125, 88.125, 2.7794457083476734e-22, nan 
-114.875, 88.125, 2.711854783203833e-22, nan 
-114.625, 88.125, 2.4957123570792455e-22, nan 
-114.375, 88.125, 2.982884296837649e-22, nan 
-114.125, 88.125, 3.292255428282819e-22, nan 
-113.875, 88.125, 3.3646074034622795e-22, nan 
-113.625, 88.125, 3.252170700861832e-22, nan 
-113.375, 88.125, 3.0507680943818864e-22, nan 
-113.125, 88.125, 2.521723027857566e-22, nan 
-112.875, 88.125, 2.5523450847505036e-22, nan 
-112.625, 88.125, 3.6438703688300466e-22, nan 
-112.375, 88.125, 2.7495365858768463e-22, nan 
-112.125, 88.125, 2.0525410559605675e-22, nan 
-111.875, 88.125, 1.9306853620917061e-22, nan 
-111.625, 88.125, 2.9810651929218656e-22, nan 
-111.375, 88.125, 2.3959004849944523e-22, nan 
-111.125, 88.125, 1.83933970251515e-22, nan 
-110.875, 88.125, 1.8635884682872737e-22, nan 
-110.625, 88.125, 1.9930702487101371e-22, nan 
-110.375, 88.125, 2.2677875271132715e-22, nan 
-110.125, 88.125, 2.6420750043601424e-22, nan 
-109.875, 88.125, 2.883713203705933e-22, nan 
-109.625, 88.125, 3.1580986480875447e-22, nan 
-109.375, 88.125, 2.73842143147067e-22, nan 
-109.125, 88.125, 2.676835570424738e-22, nan 
-108.875, 88.125, 2.458112782224249e-22, nan 
-108.625, 88.125, 2.371393064021614e-22, nan 
-108.375, 88.125, 2.381154177685684e-22, nan 
-108.125, 88.125, 2.8385207565050574e-22, nan 
-107.875, 88.125, 3.9990875075066596e-22, nan 
-107.625, 88.125, 3.6670729314797097e-22, nan 
-107.375, 88.125, 3.7897003390615056e-22, nan 
-107.125, 88.125, 3.683239500743991e-22, nan 
-106.875, 88.125, 3.6261583872761822e-22, nan 
-106.625, 88.125, 4.642699951025333e-22, nan 
-106.375, 88.125, 5.134806763913523e-22, nan 
-106.125, 88.125, 5.037374360989886e-22, nan 
-105.875, 88.125, 4.733668912490359e-22, nan 
-105.625, 88.125, 4.594968467287421e-22, nan 
-105.375, 88.125, 3.3258672379541312e-22, nan 
-105.125, 88.125, 3.813847493438151e-22, nan 
-104.875, 88.125, 6.703754248171743e-22, nan 
-104.625, 88.125, 5.040278291564066e-22, nan 
-104.375, 88.125, 3.3205410203061827e-22, nan 
-104.125, 88.125, 3.7881332892816426e-22, nan 
-103.875, 88.125, 5.7960926780466205e-22, nan 
-103.625, 88.125, 5.305256512796002e-22, nan 
-103.375, 88.125, 4.681919265042386e-22, nan 
-103.125, 88.125, 4.492585907803443e-22, nan 
-102.875, 88.125, 4.810695177605185e-22, nan 
-102.625, 88.125, 5.324951755700781e-22, nan 
-102.375, 88.125, 5.55766607535651e-22, nan 
-102.125, 88.125, 5.611653158255436e-22, nan 
-101.875, 88.125, 5.448317329399811e-22, nan 
-101.625, 88.125, 5.073734702006798e-22, nan 
-101.375, 88.125, 5.336372462997256e-22, nan 
-101.125, 88.125, 4.682664548319074e-22, nan 
-100.875, 88.125, 4.315024276220323e-22, nan 
-100.625, 88.125, 4.1478089342780573e-22, nan 
-100.375, 88.125, 4.0346545229539544e-22, nan 
-100.125, 88.125, 4.1985321554944693e-22, nan 
-99.875, 88.125, 3.5361688203490844e-22, nan 
-99.625, 88.125, 3.451170428488151e-22, nan 
-99.375, 88.125, 3.50953477956462e-22, nan 
-99.125, 88.125, 3.739020972922975e-22, nan 
-98.875, 88.125, 4.0112437384887293e-22, nan 
-98.625, 88.125, 4.145991430333216e-22, nan 
-98.375, 88.125, 4.028756618697802e-22, nan 
-98.125, 88.125, 3.6596924818618494e-22, nan 
-97.875, 88.125, 3.4326737082848454e-22, nan 
-97.625, 88.125, 2.809204743877304e-22, nan 
-97.375, 88.125, 2.975617066096678e-22, nan 
-97.125, 88.125, 4.156300102822329e-22, nan 
-96.875, 88.125, 3.4246129306757026e-22, nan 
-96.625, 88.125, 2.6721415390809366e-22, nan 
-96.375, 88.125, 2.450782099769462e-22, nan 
-96.125, 88.125, 3.7889649632487695e-22, nan 
-95.875, 88.125, 3.295125178161472e-22, nan 
-95.625, 88.125, 2.383996534858059e-22, nan 
-95.375, 88.125, 2.440171348406668e-22, nan 
-95.125, 88.125, 2.2010451335708836e-22, nan 
-94.875, 88.125, 2.254926923680901e-22, nan 
-94.625, 88.125, 2.384234178071132e-22, nan 
-94.375, 88.125, 2.2436628815704837e-22, nan 
-94.125, 88.125, 2.3467536348404456e-22, nan 
-93.875, 88.125, 1.958686896145611e-22, nan 
-93.625, 88.125, 1.4434645545606267e-22, nan 
-93.375, 88.125, 2.2916545332633974e-22, nan 
-93.125, 88.125, 2.3232262865236376e-22, nan 
-92.875, 88.125, 2.042620869805843e-22, nan 
-92.625, 88.125, 1.5636267565250618e-22, nan 
-92.375, 88.125, 1.0912948345479687e-22, nan 
-92.125, 88.125, 1.4553621003178543e-22, nan 
-91.875, 88.125, 1.409569092470836e-22, nan 
-91.625, 88.125, 1.203529027248439e-22, nan 
-91.375, 88.125, 1.1238602082517232e-22, nan 
-91.125, 88.125, 1.1285272179291473e-22, nan 
-90.875, 88.125, 1.1521415675295356e-22, nan 
-90.625, 88.125, 1.2125934733629288e-22, nan 
-90.375, 88.125, 1.2672038076786258e-22, nan 
-90.125, 88.125, 1.3950295714925483e-22, nan 
-89.875, 88.125, 1.3151945168806162e-22, nan 
-89.625, 88.125, 1.2192675280054124e-22, nan 
-89.375, 88.125, 1.4089484828340286e-22, nan 
-89.125, 88.125, 1.445033761431862e-22, nan 
-88.875, 88.125, 1.4792169560003921e-22, nan 
-88.625, 88.125, 1.5140637328845482e-22, nan 
-88.375, 88.125, 1.4876214649641636e-22, nan 
-88.125, 88.125, 1.4568840309649445e-22, nan 
-87.875, 88.125, 1.5036488164079857e-22, nan 
-87.625, 88.125, 1.2952337167848843e-22, nan 
-87.375, 88.125, 1.4012062216765196e-22, nan 
-87.125, 88.125, 1.3711449679369977e-22, nan 
-86.875, 88.125, 1.5435514177938788e-22, nan 
-86.625, 88.125, 1.4372920958032183e-22, nan 
-86.375, 88.125, 1.5699201879476678e-22, nan 
-86.125, 88.125, 1.2338677577166973e-22, nan 
-85.875, 88.125, 1.0795201055504607e-22, nan 
-85.625, 88.125, 1.1752545898671805e-22, nan 
-85.375, 88.125, 1.2353137770001273e-22, nan 
-85.125, 88.125, 1.2785678936046699e-22, nan 
-84.875, 88.125, 1.2448743049489261e-22, nan 
-84.625, 88.125, 1.3264701131169265e-22, nan 
-84.375, 88.125, 1.3766303865653626e-22, nan 
-84.125, 88.125, 1.398311327777074e-22, nan 
-83.875, 88.125, 1.438496869483573e-22, nan 
-83.625, 88.125, 1.4353659989101545e-22, nan 
-83.375, 88.125, 1.3760904011884478e-22, nan 
-83.125, 88.125, 1.3013394582752947e-22, nan 
-82.875, 88.125, 1.1985623234622696e-22, nan 
-82.625, 88.125, 1.1933536217363358e-22, nan 
-82.375, 88.125, 1.4095224885344977e-22, nan 
-82.125, 88.125, 1.8469618140226564e-22, nan 
-81.875, 88.125, 1.7528145677928614e-22, nan 
-81.625, 88.125, 1.576975191659431e-22, nan 
-81.375, 88.125, 1.4815906208825603e-22, nan 
-81.125, 88.125, 1.3233449004993522e-22, nan 
-80.875, 88.125, 1.2665544481943907e-22, nan 
-80.625, 88.125, 1.1888742509601292e-22, nan 
-80.375, 88.125, 1.0754487864006123e-22, nan 
-80.125, 88.125, 1.0054711994420179e-22, nan 
-79.875, 88.125, 9.872027272479702e-23, nan 
-79.625, 88.125, 1.109778253486963e-22, nan 
-79.375, 88.125, 1.172544975261231e-22, nan 
-79.125, 88.125, 1.2392078147488534e-22, nan 
-78.875, 88.125, 1.1711614695784461e-22, nan 
-78.625, 88.125, 1.0073432626725314e-22, nan 
-78.375, 88.125, 1.0900091783740118e-22, nan 
-78.125, 88.125, 1.3891276301939774e-22, nan 
-77.875, 88.125, 1.5545779490511115e-22, nan 
-77.625, 88.125, 9.969810954721135e-23, nan 
-77.375, 88.125, 1.0186545841352897e-22, nan 
-77.125, 88.125, 7.32194150767142e-23, nan 
-76.875, 88.125, 6.904823119966627e-23, nan 
-76.625, 88.125, 8.541534419106411e-23, nan 
-76.375, 88.125, 8.003920341830593e-23, nan 
-76.125, 88.125, 7.214217619662477e-23, nan 
-75.875, 88.125, 7.006652102409602e-23, nan 
-75.625, 88.125, 1.808153746837744e-22, nan 
-75.375, 88.125, 9.776238987851184e-23, nan 
-75.125, 88.125, 1.1022346541963617e-22, nan 
-74.875, 88.125, 1.4664143031244418e-22, nan 
-74.625, 88.125, 2.0694841321701967e-22, nan 
-74.375, 88.125, 2.3071520782386003e-22, nan 
-74.125, 88.125, 2.049193156402228e-22, nan 
-73.875, 88.125, 1.8428526962821684e-22, nan 
-73.625, 88.125, 2.2418487422034537e-22, nan 
-73.375, 88.125, 2.4263909790377203e-22, nan 
-73.125, 88.125, 2.594156664496935e-22, nan 
-72.875, 88.125, 2.1159404656117227e-22, nan 
-72.625, 88.125, 1.6386373582978757e-22, nan 
-72.375, 88.125, 1.6497786213531342e-22, nan 
-72.125, 88.125, 2.3892300700330747e-22, nan 
-71.875, 88.125, 3.0883390118091935e-22, nan 
-71.625, 88.125, 3.44691229781827e-22, nan 
-71.375, 88.125, 2.3560082835415195e-22, nan 
-71.125, 88.125, 2.250994019470419e-22, nan 
-70.875, 88.125, 1.4192679367077895e-22, nan 
-70.625, 88.125, 1.4643747207672631e-22, nan 
-70.375, 88.125, 1.5698182765256644e-22, nan 
-70.125, 88.125, 1.5908055866488746e-22, nan 
-69.875, 88.125, 1.561852884196311e-22, nan 
-69.625, 88.125, 2.02057464848699e-22, nan 
-69.375, 88.125, 2.874066020907247e-22, nan 
-69.125, 88.125, 3.487514622050105e-22, nan 
-68.875, 88.125, 3.6244927552207546e-22, nan 
-68.625, 88.125, 3.583352310058463e-22, nan 
-68.375, 88.125, 1.287532920190888e-22, nan 
-68.125, 88.125, 1.840018431616854e-22, nan 
-67.875, 88.125, 3.252329875720964e-22, nan 
-67.625, 88.125, 3.957163876495039e-22, nan 
-67.375, 88.125, 2.796741009672093e-22, nan 
-67.125, 88.125, 2.055060905409576e-22, nan 
-66.875, 88.125, 1.6441858323116828e-22, nan 
-66.625, 88.125, 1.5071100359726005e-22, nan 
-66.375, 88.125, 1.4112974664585026e-22, nan 
-66.125, 88.125, 1.4626684708342907e-22, nan 
-65.875, 88.125, 1.6256109369491006e-22, nan 
-65.625, 88.125, 2.1283612779421523e-22, nan 
-65.375, 88.125, 2.21879111259437e-22, nan 
-65.125, 88.125, 2.324131308432657e-22, nan 
-64.875, 88.125, 2.3861107877791025e-22, nan 
-64.625, 88.125, 2.4044189616595865e-22, nan 
-64.375, 88.125, 2.817164860855463e-22, nan 
-64.125, 88.125, 3.621651350736285e-22, nan 
-63.875, 88.125, 4.312047338756171e-22, nan 
-63.625, 88.125, 2.908372526611748e-22, nan 
-63.375, 88.125, 2.8811814613781503e-22, nan 
-63.125, 88.125, 3.4261917391843617e-22, nan 
-62.875, 88.125, 3.2305306225661636e-22, nan 
-62.625, 88.125, 3.095111387215789e-22, nan 
-62.375, 88.125, 3.039859054757569e-22, nan 
-62.125, 88.125, 2.956089562364935e-22, nan 
-61.875, 88.125, 2.860078583444215e-22, nan 
-61.625, 88.125, 3.540923892307792e-22, nan 
-61.375, 88.125, 4.844980694092794e-22, nan 
-61.125, 88.125, 4.9878148501817355e-22, nan 
-60.875, 88.125, 4.800879624332781e-22, nan 
-60.625, 88.125, 3.1416081019859962e-22, nan 
-60.375, 88.125, 2.660573467686083e-22, nan 
-60.125, 88.125, 3.128525015287739e-22, nan 
-59.875, 88.125, 4.079565013889025e-22, nan 
-59.625, 88.125, 2.7435821834355066e-22, nan 
-59.375, 88.125, 2.8544215041952085e-22, nan 
-59.125, 88.125, 3.339394312008968e-22, nan 
-58.875, 88.125, 3.200717519198181e-22, nan 
-58.625, 88.125, 2.805477413667934e-22, nan 
-58.375, 88.125, 2.2486899443559305e-22, nan 
-58.125, 88.125, 1.803312028838459e-22, nan 
-57.875, 88.125, 2.412099348406849e-22, nan 
-57.625, 88.125, 2.397603053344027e-22, nan 
-57.375, 88.125, 2.406136180843795e-22, nan 
-57.125, 88.125, 2.6464002683816653e-22, nan 
-56.875, 88.125, 2.6675231981540824e-22, nan 
-56.625, 88.125, 2.331032211990305e-22, nan 
-56.375, 88.125, 2.2750843452438483e-22, nan 
-56.125, 88.125, 2.340851689112993e-22, nan 
-55.875, 88.125, 2.5918971287331933e-22, nan 
-55.625, 88.125, 2.764168059292631e-22, nan 
-55.375, 88.125, 3.602397856301644e-22, nan 
-55.125, 88.125, 3.7250876758732765e-22, nan 
-54.875, 88.125, 3.857893771393967e-22, nan 
-54.625, 88.125, 4.031170527162597e-22, nan 
-54.375, 88.125, 4.0704564318461976e-22, nan 
-54.125, 88.125, 3.961116319460368e-22, nan 
-53.875, 88.125, 3.6713874884281607e-22, nan 
-53.625, 88.125, 3.415465759550661e-22, nan 
-53.375, 88.125, 3.260416166072342e-22, nan 
-53.125, 88.125, 2.951671681436022e-22, nan 
-52.875, 88.125, 3.721113816017346e-22, nan 
-52.625, 88.125, 2.953625523814198e-22, nan 
-52.375, 88.125, 1.5448828003657967e-22, nan 
-52.125, 88.125, 1.18215682409726e-22, nan 
-51.875, 88.125, 2.0879502686890723e-22, nan 
-51.625, 88.125, 3.298344262280776e-22, nan 
-51.375, 88.125, 3.989896837316953e-22, nan 
-51.125, 88.125, 3.9366961673426807e-22, nan 
-50.875, 88.125, 3.0145419657198816e-22, nan 
-50.625, 88.125, 2.0161592593444498e-22, nan 
-50.375, 88.125, 1.3573450704896817e-22, nan 
-50.125, 88.125, 1.4648094761697766e-22, nan 
-49.875, 88.125, 9.231573097310099e-23, nan 
-49.625, 88.125, 4.741550054680832e-23, nan 
-49.375, 88.125, 5.305795286873813e-23, nan 
-49.125, 88.125, 5.672980471202402e-23, nan 
-48.875, 88.125, 8.677325059136477e-23, nan 
-48.625, 88.125, 1.4384287060873037e-22, nan 
-48.375, 88.125, 2.1410384866326854e-22, nan 
-48.125, 88.125, 2.0447525420224147e-22, nan 
-47.875, 88.125, 1.8286264214713403e-22, nan 
-47.625, 88.125, 1.7405530439776615e-22, nan 
-47.375, 88.125, 1.5496960919122782e-22, nan 
-47.125, 88.125, 1.3847707747847886e-22, nan 
-46.875, 88.125, 1.532290410493614e-22, nan 
-46.625, 88.125, 1.6441363727143056e-22, nan 
-46.375, 88.125, 1.5846944638761824e-22, nan 
-46.125, 88.125, 1.7762236003513376e-22, nan 
-45.875, 88.125, 1.636343874596166e-22, nan 
-45.625, 88.125, 1.8253117663406604e-22, nan 
-45.375, 88.125, 2.5295169882505306e-22, nan 
-45.125, 88.125, 3.130771132372186e-22, nan 
-44.875, 88.125, 3.7101289056849816e-22, nan 
-44.625, 88.125, 3.8038983323486355e-22, nan 
-44.375, 88.125, 3.0538499047832825e-22, nan 
-44.125, 88.125, 2.2925211162086856e-22, nan 
-43.875, 88.125, 2.307513568460796e-22, nan 
-43.625, 88.125, 2.216235202552461e-22, nan 
-43.375, 88.125, 2.4159758459282156e-22, nan 
-43.125, 88.125, 2.148321686647659e-22, nan 
-42.875, 88.125, 3.1135274450888223e-22, nan 
-42.625, 88.125, 4.166049800182656e-22, nan 
-42.375, 88.125, 4.644747778949194e-22, nan 
-42.125, 88.125, 4.648472358663354e-22, nan 
-41.875, 88.125, 3.306918496304043e-22, nan 
-41.625, 88.125, 2.5807413192549777e-22, nan 
-41.375, 88.125, 2.256505212629812e-22, nan 
-41.125, 88.125, 1.4821680801394136e-22, nan 
-40.875, 88.125, 1.5163148896760583e-22, nan 
-40.625, 88.125, 2.4351120901996035e-22, nan 
-40.375, 88.125, 2.061761112711503e-22, nan 
-40.125, 88.125, 1.6402459093186427e-22, nan 
-39.875, 88.125, 1.4374183557141995e-22, nan 
-39.625, 88.125, 1.2708192895739305e-22, nan 
-39.375, 88.125, 1.7828869503829914e-22, nan 
-39.125, 88.125, 1.8262566570736735e-22, nan 
-38.875, 88.125, 2.247614463227608e-22, nan 
-38.625, 88.125, 3.855086002280758e-22, nan 
-38.375, 88.125, 4.422026376233261e-22, nan 
-38.125, 88.125, 5.239630666018118e-22, nan 
-37.875, 88.125, 5.705008165381618e-22, nan 
-37.625, 88.125, 5.647406034254929e-22, nan 
-37.375, 88.125, 5.447955365932213e-22, nan 
-37.125, 88.125, 5.20567090387062e-22, nan 
-36.875, 88.125, 4.649305880666926e-22, nan 
-36.625, 88.125, 4.0872361110146456e-22, nan 
-36.375, 88.125, 3.1279732444987436e-22, nan 
-36.125, 88.125, 2.0461216901230767e-22, nan 
-35.875, 88.125, 1.4418872308247349e-22, nan 
-35.625, 88.125, 1.624108877745659e-22, nan 
-35.375, 88.125, 2.3174132556916923e-22, nan 
-35.125, 88.125, 4.533557443126212e-22, nan 
-34.875, 88.125, 6.180298886744778e-22, nan 
-34.625, 88.125, 7.40708894847809e-22, nan 
-34.375, 88.125, 7.367149170782256e-22, nan 
-34.125, 88.125, 4.364481238985672e-22, nan 
-33.875, 88.125, 2.969873056565738e-22, nan 
-33.625, 88.125, 2.4676703998101936e-22, nan 
-33.375, 88.125, 2.0195441425133978e-22, nan 
-33.125, 88.125, 1.4413876198348612e-22, nan 
-32.875, 88.125, 1.121599772910876e-22, nan 
-32.625, 88.125, 1.0464943921480155e-22, nan 
-32.375, 88.125, 1.0688380255377381e-22, nan 
-32.125, 88.125, 1.4017780122928622e-22, nan 
-31.875, 88.125, 3.298702225743525e-22, nan 
-31.625, 88.125, 2.860930702943514e-22, nan 
-31.375, 88.125, 2.0989445275578014e-22, nan 
-31.125, 88.125, 2.8801194927682335e-22, nan 
-30.875, 88.125, 5.888607084966364e-22, nan 
-30.625, 88.125, 6.789086817936365e-22, nan 
-30.375, 88.125, 7.131954936240567e-22, nan 
-30.125, 88.125, 8.342810066508959e-22, nan 
-29.875, 88.125, 7.442452174910243e-22, nan 
-29.625, 88.125, 7.339132374305838e-22, nan 
-29.375, 88.125, 7.120528049355987e-22, nan 
-29.125, 88.125, 6.446780974126672e-22, nan 
-28.875, 88.125, 5.769891161613919e-22, nan 
-28.625, 88.125, 4.574082061808372e-22, nan 
-28.375, 88.125, 3.829134195378055e-22, nan 
-28.125, 88.125, 2.281798589699144e-22, nan 
-27.875, 88.125, 1.4846255831852226e-22, nan 
-27.625, 88.125, 1.6156087269012623e-22, nan 
-27.375, 88.125, 3.0001619672465475e-22, nan 
-27.125, 88.125, 4.1210600313283037e-22, nan 
-26.875, 88.125, 5.432567913835047e-22, nan 
-26.625, 88.125, 6.051444105908194e-22, nan 
-26.375, 88.125, 3.597834803723591e-22, nan 
-26.125, 88.125, 4.640079930757292e-22, nan 
-25.875, 88.125, 2.1974654692096074e-22, nan 
-25.625, 88.125, 2.279210040858977e-22, nan 
-25.375, 88.125, 1.8625486425341974e-22, nan 
-25.125, 88.125, 1.9684373195508454e-22, nan 
-24.875, 88.125, 2.1788040333025216e-22, nan 
-24.625, 88.125, 1.9797059818622502e-22, nan 
-24.375, 88.125, 2.6159619129705646e-22, nan 
-24.125, 88.125, 6.090368175422098e-22, nan 
-23.875, 88.125, 4.798838999942645e-22, nan 
-23.625, 88.125, 2.8251367835932374e-22, nan 
-23.375, 88.125, 3.5295089449216526e-22, nan 
-23.125, 88.125, 3.137041383495454e-22, nan 
-22.875, 88.125, 3.3234196069316613e-22, nan 
-22.625, 88.125, 3.928475921321167e-22, nan 
-22.375, 88.125, 4.164199697942371e-22, nan 
-22.125, 88.125, 6.415268521678115e-22, nan 
-21.875, 88.125, 5.072646857921958e-22, nan 
-21.625, 88.125, 5.12907701143953e-22, nan 
-21.375, 88.125, 4.984346543436725e-22, nan 
-21.125, 88.125, 5.110457998688725e-22, nan 
-20.875, 88.125, 4.864196129640232e-22, nan 
-20.625, 88.125, 6.308743458218463e-22, nan 
-20.375, 88.125, 3.8045923224150808e-22, nan 
-20.125, 88.125, 2.7914236817109523e-22, nan 
-19.875, 88.125, 1.8225319487380028e-22, nan 
-19.625, 88.125, 2.0404653957186367e-22, nan 
-19.375, 88.125, 3.2453722840107696e-22, nan 
-19.125, 88.125, 5.738136558519403e-22, nan 
-18.875, 88.125, 7.099434647507393e-22, nan 
-18.625, 88.125, 3.7650099789026084e-22, nan 
-18.375, 88.125, 7.004614841301727e-22, nan 
-18.125, 88.125, 2.245113944208265e-22, nan 
-17.875, 88.125, 2.336722434085222e-22, nan 
-17.625, 88.125, 2.5087162137830957e-22, nan 
-17.375, 88.125, 2.701873087731144e-22, nan 
-17.125, 88.125, 2.8207270720828886e-22, nan 
-16.875, 88.125, 2.0249250761760693e-22, nan 
-16.625, 88.125, 2.0100253719943593e-22, nan 
-16.375, 88.125, 3.528414822372062e-22, nan 
-16.125, 88.125, 2.7425705803300535e-22, nan 
-15.875, 88.125, 1.820699338357742e-22, nan 
-15.625, 88.125, 1.6793365160695687e-22, nan 
-15.375, 88.125, 1.657354138414934e-22, nan 
-15.125, 88.125, 1.3534264270277858e-22, nan 
-14.875, 88.125, 2.7348092349710055e-22, nan 
-14.625, 88.125, 2.1856546447457345e-22, nan 
-14.375, 88.125, 4.682958685500556e-22, nan 
-14.125, 88.125, 3.7342863941098424e-22, nan 
-13.875, 88.125, 3.2698087143452356e-22, nan 
-13.625, 88.125, 3.7202412236297246e-22, nan 
-13.375, 88.125, 3.868235293670455e-22, nan 
-13.125, 88.125, 3.640528606495209e-22, nan 
-12.875, 88.125, 4.2150597660458117e-22, nan 
-12.625, 88.125, 2.661053743831851e-22, nan 
-12.375, 88.125, 2.022908892345474e-22, nan 
-12.125, 88.125, 1.3934101980514147e-22, nan 
-11.875, 88.125, 1.3890636899279046e-22, nan 
-11.625, 88.125, 1.9817657750830243e-22, nan 
-11.375, 88.125, 3.3345710288069635e-22, nan 
-11.125, 88.125, 4.018960744138887e-22, nan 
-10.875, 88.125, 2.446851379816458e-22, nan 
-10.625, 88.125, 3.8619547935178464e-22, nan 
-10.375, 88.125, 1.463365224548824e-22, nan 
-10.125, 88.125, 1.0669291348634112e-22, nan 
-9.875, 88.125, 1.0500731210779935e-22, nan 
-9.625, 88.125, 1.0243506337624607e-22, nan 
-9.375, 88.125, 1.0291955030002332e-22, nan 
-9.125, 88.125, 1.0200148349172208e-22, nan 
-8.875, 88.125, 1.1213678567833856e-22, nan 
-8.625, 88.125, 1.1514821977304815e-22, nan 
-8.375, 88.125, 1.2200752906294542e-22, nan 
-8.125, 88.125, 1.2494227678996158e-22, nan 
-7.875, 88.125, 1.3001515030504613e-22, nan 
-7.625, 88.125, 1.4569808157221357e-22, nan 
-7.375, 88.125, 1.9167456122891017e-22, nan 
-7.125, 88.125, 2.647095696645307e-22, nan 
-6.875, 88.125, 3.1795496302090723e-22, nan 
-6.625, 88.125, 3.6388332875662e-22, nan 
-6.375, 88.125, 3.5032180102387202e-22, nan 
-6.125, 88.125, 4.368315010479437e-22, nan 
-5.875, 88.125, 4.683549503809272e-22, nan 
-5.625, 88.125, 4.510340930759747e-22, nan 
-5.375, 88.125, 3.863877201130366e-22, nan 
-5.125, 88.125, 3.4814274848225895e-22, nan 
-4.875, 88.125, 3.0699153632862587e-22, nan 
-4.625, 88.125, 2.6222504565858e-22, nan 
-4.375, 88.125, 2.2584840065527637e-22, nan 
-4.125, 88.125, 1.5991327434093885e-22, nan 
-3.875, 88.125, 1.218178636740495e-22, nan 
-3.625, 88.125, 1.0879717220736474e-22, nan 
-3.375, 88.125, 1.4064484641066014e-22, nan 
-3.125, 88.125, 1.413903219597418e-22, nan 
-2.875, 88.125, 2.234551313564431e-22, nan 
-2.625, 88.125, 4.0426142556683826e-22, nan 
-2.375, 88.125, 1.9685797802141377e-22, nan 
-2.125, 88.125, 8.873844563857214e-23, nan 
-1.875, 88.125, 1.106216879304007e-22, nan 
-1.625, 88.125, 1.301755478802504e-22, nan 
-1.375, 88.125, 1.7898855995687905e-22, nan 
-1.125, 88.125, 2.649411294484343e-22, nan 
-0.875, 88.125, 4.946044413026593e-22, nan 
-0.625, 88.125, 4.925126892394257e-22, nan 
-0.375, 88.125, 4.2249747485889885e-22, nan 
-0.125, 88.125, 3.6952275413840355e-22, nan 
0.125, 88.125, 3.2322472838507463e-22, nan 
0.375, 88.125, 2.5997753884202565e-22, nan 
0.625, 88.125, 2.211316831827953e-22, nan 
0.875, 88.125, 2.1431985352082066e-22, nan 
1.125, 88.125, 2.3560616117502545e-22, nan 
1.375, 88.125, 2.6430581098106945e-22, nan 
1.625, 88.125, 2.9842855991692823e-22, nan 
1.875, 88.125, 3.165744126316796e-22, nan 
2.125, 88.125, 2.4840660613557935e-22, nan 
2.375, 88.125, 1.9251429735638635e-22, nan 
2.625, 88.125, 1.525551239708249e-22, nan 
2.875, 88.125, 1.3547117104805626e-22, nan 
3.125, 88.125, 1.073392120769697e-22, nan 
3.375, 88.125, 8.922556381297927e-23, nan 
3.625, 88.125, 5.79606055596817e-23, nan 
3.875, 88.125, 5.575361244975233e-23, nan 
4.125, 88.125, 7.466392145576107e-23, nan 
4.375, 88.125, 8.984071545045937e-23, nan 
4.625, 88.125, 7.962082103787389e-23, nan 
4.875, 88.125, 7.058817315968117e-23, nan 
5.125, 88.125, 5.632796228702527e-23, nan 
5.375, 88.125, 4.5959137117170964e-23, nan 
5.625, 88.125, 3.766759267447405e-23, nan 
5.875, 88.125, 5.560971564252172e-23, nan 
6.125, 88.125, 8.366723690147699e-23, nan 
6.375, 88.125, 6.756588222342004e-23, nan 
6.625, 88.125, 5.669968726384588e-23, nan 
6.875, 88.125, 5.352601141063506e-23, nan 
7.125, 88.125, 5.554941800099723e-23, nan 
7.375, 88.125, 5.627275928871831e-23, nan 
7.625, 88.125, 6.79091609386239e-23, nan 
7.875, 88.125, 5.696657355703781e-23, nan 
8.125, 88.125, 6.837872572134444e-23, nan 
8.375, 88.125, 7.63035164015641e-23, nan 
8.625, 88.125, 7.74006786138859e-23, nan 
8.875, 88.125, 8.799549419397372e-23, nan 
9.125, 88.125, 9.284378357307107e-23, nan 
9.375, 88.125, 8.940880041288774e-23, nan 
9.625, 88.125, 4.504801891841182e-23, nan 
9.875, 88.125, 2.4242290422649713e-23, nan 
10.125, 88.125, 2.713307358648639e-23, nan 
10.375, 88.125, 3.9542553332859957e-23, nan 
10.625, 88.125, 5.2331975029415104e-23, nan 
10.875, 88.125, 6.527012298226872e-23, nan 
11.125, 88.125, 7.427034756414287e-23, nan 
11.375, 88.125, 8.22479868803719e-23, nan 
11.625, 88.125, 7.694247428144057e-23, nan 
11.875, 88.125, 8.993101422640558e-23, nan 
12.125, 88.125, 1.0127496557683732e-22, nan 
12.375, 88.125, 1.1253352157159196e-22, nan 
12.625, 88.125, 7.406558718144338e-23, nan 
12.875, 88.125, 8.903478671922706e-23, nan 
13.125, 88.125, 1.0124506548537391e-22, nan 
13.375, 88.125, 9.231971292478083e-23, nan 
13.625, 88.125, 1.1858073923870492e-22, nan 
13.875, 88.125, 6.599593725067316e-23, nan 
14.125, 88.125, 1.0070859914116528e-22, nan 
14.375, 88.125, 1.2350675886319035e-22, nan 
14.625, 88.125, 1.0581266675839766e-22, nan 
14.875, 88.125, 1.0708588056735867e-22, nan 
15.125, 88.125, 1.1485532968368543e-22, nan 
15.375, 88.125, 1.1595242209944877e-22, nan 
15.625, 88.125, 1.1526942141772042e-22, nan 
15.875, 88.125, 9.704286907276583e-23, nan 
16.125, 88.125, 9.29183534309513e-23, nan 
16.375, 88.125, 9.718320256238772e-23, nan 
16.625, 88.125, 9.673302756753761e-23, nan 
16.875, 88.125, 1.0827233012087266e-22, nan 
17.125, 88.125, 8.637866338908906e-23, nan 
17.375, 88.125, 7.495131934343671e-23, nan 
17.625, 88.125, 6.035880924748331e-23, nan 
17.875, 88.125, 6.415847784561266e-23, nan 
18.125, 88.125, 6.044781377380024e-23, nan 
18.375, 88.125, 7.45295241083664e-23, nan 
18.625, 88.125, 8.016748442161455e-23, nan 
18.875, 88.125, 7.621267753562796e-23, nan 
19.125, 88.125, 7.721595267494109e-23, nan 
19.375, 88.125, 7.235228740116026e-23, nan 
19.625, 88.125, 6.119708433264838e-23, nan 
19.875, 88.125, 5.942174219313951e-23, nan 
20.125, 88.125, 8.075757668779272e-23, nan 
20.375, 88.125, 1.0882684670256048e-22, nan 
20.625, 88.125, 1.3198409993896426e-22, nan 
20.875, 88.125, 1.4335737144107022e-22, nan 
21.125, 88.125, 1.5659662619804782e-22, nan 
21.375, 88.125, 1.251870229719093e-22, nan 
21.625, 88.125, 1.0372399109827505e-22, nan 
21.875, 88.125, 8.919830687784289e-23, nan 
22.125, 88.125, 8.620440360150576e-23, nan 
22.375, 88.125, 7.564075480595479e-23, nan 
22.625, 88.125, 7.920566013096394e-23, nan 
22.875, 88.125, 7.690783681279576e-23, nan 
23.125, 88.125, 8.731237106869766e-23, nan 
23.375, 88.125, 7.379157856090307e-23, nan 
23.625, 88.125, 7.630090522713412e-23, nan 
23.875, 88.125, 8.596076293304426e-23, nan 
24.125, 88.125, 9.275348500527685e-23, nan 
24.375, 88.125, 6.247464403341074e-23, nan 
24.625, 88.125, 4.606870536899363e-23, nan 
24.875, 88.125, 7.105726221971357e-23, nan 
25.125, 88.125, 7.887995327649139e-23, nan 
25.375, 88.125, 9.56646763435026e-23, nan 
25.625, 88.125, 1.2805413166384007e-22, nan 
25.875, 88.125, 1.7461052799231443e-22, nan 
26.125, 88.125, 1.4119193180454131e-22, nan 
26.375, 88.125, 1.0359210516562238e-22, nan 
26.625, 88.125, 9.411253128869271e-23, nan 
26.875, 88.125, 8.676573947657329e-23, nan 
27.125, 88.125, 8.186782103086872e-23, nan 
27.375, 88.125, 7.384820532387377e-23, nan 
27.625, 88.125, 6.648538699794114e-23, nan 
27.875, 88.125, 5.720303892643756e-23, nan 
28.125, 88.125, 7.075116826902662e-23, nan 
28.375, 88.125, 7.484575009262714e-23, nan 
28.625, 88.125, 8.63822511383747e-23, nan 
28.875, 88.125, 1.0244699859119108e-22, nan 
29.125, 88.125, 9.14616374078695e-23, nan 
29.375, 88.125, 8.137493132012731e-23, nan 
29.625, 88.125, 8.218214288895195e-23, nan 
29.875, 88.125, 7.024439400114633e-23, nan 
30.125, 88.125, 6.792631499714293e-23, nan 
30.375, 88.125, 6.269366220213065e-23, nan 
30.625, 88.125, 7.006328874931778e-23, nan 
30.875, 88.125, 9.851192530711134e-23, nan 
31.125, 88.125, 7.528018642079643e-23, nan 
31.375, 88.125, 7.50263259261761e-23, nan 
31.625, 88.125, 7.977573268016769e-23, nan 
31.875, 88.125, 7.31143628348958e-23, nan 
32.125, 88.125, 7.317063874457475e-23, nan 
32.375, 88.125, 7.52364699476072e-23, nan 
32.625, 88.125, 7.955119883077103e-23, nan 
32.875, 88.125, 6.30266075397923e-23, nan 
33.125, 88.125, 5.323479357754033e-23, nan 
33.375, 88.125, 4.394964986647496e-23, nan 
33.625, 88.125, 1.1989068715556214e-22, nan 
33.875, 88.125, 9.649274044070901e-23, nan 
34.125, 88.125, 1.3181440971529596e-22, nan 
34.375, 88.125, 2.166769276001232e-22, nan 
34.625, 88.125, 2.3618144002601897e-22, nan 
34.875, 88.125, 2.4859781576807855e-22, nan 
35.125, 88.125, 2.3143066292255775e-22, nan 
35.375, 88.125, 2.0698869606669324e-22, nan 
35.625, 88.125, 1.6590396990149882e-22, nan 
35.875, 88.125, 1.748556691128847e-22, nan 
36.125, 88.125, 1.3954529025136998e-22, nan 
36.375, 88.125, 1.0134747526306082e-22, nan 
36.625, 88.125, 7.788186039777945e-23, nan 
36.875, 88.125, 8.007234071147673e-23, nan 
37.125, 88.125, 7.355656043121128e-23, nan 
37.375, 88.125, 8.693011143280567e-23, nan 
37.625, 88.125, 1.4393094623059834e-22, nan 
37.875, 88.125, 1.9020754045515499e-22, nan 
38.125, 88.125, 1.745837447895419e-22, nan 
38.375, 88.125, 2.4136435376731893e-22, nan 
38.625, 88.125, 2.3268506239758857e-22, nan 
38.875, 88.125, 1.8979656586496738e-22, nan 
39.125, 88.125, 1.6026610968977652e-22, nan 
39.375, 88.125, 1.5048467702675962e-22, nan 
39.625, 88.125, 1.83125904858156e-22, nan 
39.875, 88.125, 1.5922639406627406e-22, nan 
40.125, 88.125, 1.4732078408007423e-22, nan 
40.375, 88.125, 1.5694419435083627e-22, nan 
40.625, 88.125, 1.127631194961418e-22, nan 
40.875, 88.125, 5.68451625760382e-23, nan 
41.125, 88.125, 1.0264789639746284e-22, nan 
41.375, 88.125, 1.6522344315255878e-22, nan 
41.625, 88.125, 2.025567115100951e-22, nan 
41.875, 88.125, 2.662041000075724e-22, nan 
42.125, 88.125, 3.3200866623157663e-22, nan 
42.375, 88.125, 3.5778131859771874e-22, nan 
42.625, 88.125, 3.4278538389929774e-22, nan 
42.875, 88.125, 2.8581985399310204e-22, nan 
43.125, 88.125, 2.3753250968491707e-22, nan 
43.375, 88.125, 1.9173347721118827e-22, nan 
43.625, 88.125, 1.855430704675569e-22, nan 
43.875, 88.125, 1.4035162754650637e-22, nan 
44.125, 88.125, 9.421182704328483e-23, nan 
44.375, 88.125, 6.523466970924915e-23, nan 
44.625, 88.125, 7.788979151443204e-23, nan 
44.875, 88.125, 8.850558755275978e-23, nan 
45.125, 88.125, 1.0992846301288805e-22, nan 
45.375, 88.125, 1.0101350848854644e-22, nan 
45.625, 88.125, 1.441610636824913e-22, nan 
45.875, 88.125, 1.8997501942999934e-22, nan 
46.125, 88.125, 2.734364306554925e-22, nan 
46.375, 88.125, 2.89051574318121e-22, nan 
46.625, 88.125, 2.8089027222085917e-22, nan 
46.875, 88.125, 2.792239901924051e-22, nan 
47.125, 88.125, 2.7813075320531162e-22, nan 
47.375, 88.125, 2.842180062285406e-22, nan 
47.625, 88.125, 2.8942713732286813e-22, nan 
47.875, 88.125, 2.9095511335173765e-22, nan 
48.125, 88.125, 3.116633056294326e-22, nan 
48.375, 88.125, 2.8451616002189094e-22, nan 
48.625, 88.125, 2.275931908327068e-22, nan 
48.875, 88.125, 2.4618048842691945e-22, nan 
49.125, 88.125, 2.588461406306618e-22, nan 
49.375, 88.125, 2.7471084818186893e-22, nan 
49.625, 88.125, 2.9788538031838034e-22, nan 
49.875, 88.125, 3.1269808285092826e-22, nan 
50.125, 88.125, 3.0840506095929007e-22, nan 
50.375, 88.125, 3.2246288669140486e-22, nan 
50.625, 88.125, 3.437814615966847e-22, nan 
50.875, 88.125, 3.8995974897476864e-22, nan 
51.125, 88.125, 2.6734366286000006e-22, nan 
51.375, 88.125, 2.5259150151923e-22, nan 
51.625, 88.125, 2.1547905137211178e-22, nan 
51.875, 88.125, 2.5271729657461886e-22, nan 
52.125, 88.125, 2.8558423276830706e-22, nan 
52.375, 88.125, 2.5186102311436095e-22, nan 
52.625, 88.125, 2.524764650901703e-22, nan 
52.875, 88.125, 2.4885364831581094e-22, nan 
53.125, 88.125, 2.18599241675237e-22, nan 
53.375, 88.125, 2.513597043743599e-22, nan 
53.625, 88.125, 2.668736231713764e-22, nan 
53.875, 88.125, 3.111543895853522e-22, nan 
54.125, 88.125, 3.2180567578913093e-22, nan 
54.375, 88.125, 3.097664960385161e-22, nan 
54.625, 88.125, 2.7631720886529674e-22, nan 
54.875, 88.125, 2.489920262839488e-22, nan 
55.125, 88.125, 2.3817589455099553e-22, nan 
55.375, 88.125, 2.4778042032580147e-22, nan 
55.625, 88.125, 2.7773382861468994e-22, nan 
55.875, 88.125, 3.4250986734816024e-22, nan 
56.125, 88.125, 3.9198065718732265e-22, nan 
56.375, 88.125, 3.484389403303039e-22, nan 
56.625, 88.125, 2.9614441785915806e-22, nan 
56.875, 88.125, 2.395246147840383e-22, nan 
57.125, 88.125, 2.1440643828171854e-22, nan 
57.375, 88.125, 1.3982987806310934e-22, nan 
57.625, 88.125, 1.5097201903907165e-22, nan 
57.875, 88.125, 1.6275102716144114e-22, nan 
58.125, 88.125, 1.8466735817393509e-22, nan 
58.375, 88.125, 2.4423637656573585e-22, nan 
58.625, 88.125, 3.2402180824434323e-22, nan 
58.875, 88.125, 3.0912263705119244e-22, nan 
59.125, 88.125, 2.949496100381019e-22, nan 
59.375, 88.125, 2.807138374884348e-22, nan 
59.625, 88.125, 2.6566387584155006e-22, nan 
59.875, 88.125, 2.6907616896889637e-22, nan 
60.125, 88.125, 2.751071519418974e-22, nan 
60.375, 88.125, 2.635187865291714e-22, nan 
60.625, 88.125, 2.306700035008958e-22, nan 
60.875, 88.125, 3.036481829814164e-22, nan 
61.125, 88.125, 2.207281827653558e-22, nan 
61.375, 88.125, 2.200488381754617e-22, nan 
61.625, 88.125, 2.278708648821888e-22, nan 
61.875, 88.125, 2.004543164744717e-22, nan 
62.125, 88.125, 2.0306763395005007e-22, nan 
62.375, 88.125, 2.286020167629299e-22, nan 
62.625, 88.125, 2.4596206897967537e-22, nan 
62.875, 88.125, 3.303952298500238e-22, nan 
63.125, 88.125, 4.609281087445845e-22, nan 
63.375, 88.125, 6.162903408026765e-22, nan 
63.625, 88.125, 6.959335575669023e-22, nan 
63.875, 88.125, 7.81068100368109e-22, nan 
64.125, 88.125, 6.970201439220906e-22, nan 
64.375, 88.125, 6.742720551571763e-22, nan 
64.625, 88.125, 5.774310065251268e-22, nan 
64.875, 88.125, 5.622085636110069e-22, nan 
65.125, 88.125, 5.490297326592221e-22, nan 
65.375, 88.125, 5.9134868386916415e-22, nan 
65.625, 88.125, 5.9327053738622e-22, nan 
65.875, 88.125, 5.979469545780236e-22, nan 
66.125, 88.125, 5.9979454412172655e-22, nan 
66.375, 88.125, 5.726953344358479e-22, nan 
66.625, 88.125, 5.452663791856517e-22, nan 
66.875, 88.125, 5.15313031716467e-22, nan 
67.125, 88.125, 5.117997678600761e-22, nan 
67.375, 88.125, 5.0367864610170395e-22, nan 
67.625, 88.125, 1.1177553994351707e-22, nan 
67.875, 88.125, 4.896343968436865e-22, nan 
68.125, 88.125, 5.199583349599552e-22, nan 
68.375, 88.125, 5.7203903437833e-22, nan 
68.625, 88.125, 6.2571743694562935e-22, nan 
68.875, 88.125, 6.011109658650117e-22, nan 
69.125, 88.125, 5.857492860502632e-22, nan 
69.375, 88.125, 2.2562604138571867e-22, nan 
69.625, 88.125, 2.260663652860327e-22, nan 
69.875, 88.125, 2.4503217801535567e-22, nan 
70.125, 88.125, 3.447729992044858e-22, nan 
70.375, 88.125, 3.917569298535889e-22, nan 
70.625, 88.125, 4.218491191870178e-22, nan 
70.875, 88.125, 3.3366627269902114e-22, nan 
71.125, 88.125, 4.27700547125202e-22, nan 
71.375, 88.125, 5.030661917705059e-22, nan 
71.625, 88.125, 5.383112481140099e-22, nan 
71.875, 88.125, 4.399084731157267e-22, nan 
72.125, 88.125, 4.621021874195128e-22, nan 
72.375, 88.125, 4.593592396298635e-22, nan 
72.625, 88.125, 4.552345178770149e-22, nan 
72.875, 88.125, 2.628467966116465e-22, nan 
73.125, 88.125, 1.7686397060938547e-22, nan 
73.375, 88.125, 6.337801587398106e-23, nan 
73.625, 88.125, 1.1840366388730025e-22, nan 
73.875, 88.125, 1.1668018309142032e-22, nan 
74.125, 88.125, 2.761607762546884e-22, nan 
74.375, 88.125, 3.190404891975686e-22, nan 
74.625, 88.125, 3.0064736404040484e-22, nan 
74.875, 88.125, 2.949143742365495e-22, nan 
75.125, 88.125, 2.7368307207528434e-22, nan 
75.375, 88.125, 2.3073824090210777e-22, nan 
75.625, 88.125, 2.2111270579628093e-22, nan 
75.875, 88.125, 1.4300375095844336e-22, nan 
76.125, 88.125, 1.2107679513399561e-22, nan 
76.375, 88.125, 1.2391277814472553e-22, nan 
76.625, 88.125, 1.2191076178435802e-22, nan 
76.875, 88.125, 1.324570484868385e-22, nan 
77.125, 88.125, 1.5624754570726795e-22, nan 
77.375, 88.125, 1.4004938143506639e-22, nan 
77.625, 88.125, 2.204166665543481e-22, nan 
77.875, 88.125, 3.0454423089400224e-22, nan 
78.125, 88.125, 2.849892615808958e-22, nan 
78.375, 88.125, 2.232695288643845e-22, nan 
78.625, 88.125, 1.0619339534747942e-22, nan 
78.875, 88.125, 7.502744749012581e-23, nan 
79.125, 88.125, 9.737617369611651e-23, nan 
79.375, 88.125, 9.047647829058092e-23, nan 
79.625, 88.125, 8.769435007437106e-23, nan 
79.875, 88.125, 1.9289275448939262e-22, nan 
80.125, 88.125, 1.1430913039532078e-22, nan 
80.375, 88.125, 6.363282957547309e-23, nan 
80.625, 88.125, 6.035944948144672e-23, nan 
80.875, 88.125, 6.371201563961062e-23, nan 
81.125, 88.125, 8.594698756778539e-23, nan 
81.375, 88.125, 1.7068235566227934e-22, nan 
81.625, 88.125, 2.1715690826087785e-22, nan 
81.875, 88.125, 2.7172387470539417e-22, nan 
82.125, 88.125, 3.1215391875965036e-22, nan 
82.375, 88.125, 2.022975948223853e-22, nan 
82.625, 88.125, 2.0670979375712962e-22, nan 
82.875, 88.125, 2.5071634576971364e-22, nan 
83.125, 88.125, 2.696963775282615e-22, nan 
83.375, 88.125, 3.431845564734294e-22, nan 
83.625, 88.125, 2.4632867802842517e-22, nan 
83.875, 88.125, 2.7388450394626545e-22, nan 
84.125, 88.125, 3.099954793400589e-22, nan 
84.375, 88.125, 3.1210248819225985e-22, nan 
84.625, 88.125, 3.2726308543097455e-22, nan 
84.875, 88.125, 3.528251821487234e-22, nan 
85.125, 88.125, 3.746352730749704e-22, nan 
85.375, 88.125, 5.382964590421538e-22, nan 
85.625, 88.125, 6.40614702475773e-22, nan 
85.875, 88.125, 4.72562645843669e-22, nan 
86.125, 88.125, 2.1343748381196333e-22, nan 
86.375, 88.125, 1.9337853878430024e-22, nan 
86.625, 88.125, 2.1960694048266323e-22, nan 
86.875, 88.125, 1.799661132717539e-22, nan 
87.125, 88.125, 1.9637222502951973e-22, nan 
87.375, 88.125, 2.88153212764114e-22, nan 
87.625, 88.125, 4.948814229999876e-22, nan 
87.875, 88.125, 3.392527534703307e-22, nan 
88.125, 88.125, 2.746193781525037e-22, nan 
88.375, 88.125, 2.596393565373974e-22, nan 
88.625, 88.125, 2.544809024102483e-22, nan 
88.875, 88.125, 2.611999930235525e-22, nan 
89.125, 88.125, 3.715027617485282e-22, nan 
89.375, 88.125, 3.698166249537647e-22, nan 
89.625, 88.125, 3.9424266123595857e-22, nan 
89.875, 88.125, 3.2397667389420654e-22, nan 
90.125, 88.125, 3.0922493452132567e-22, nan 
90.375, 88.125, 4.1121753684360176e-22, nan 
90.625, 88.125, 4.108173408309259e-22, nan 
90.875, 88.125, 4.1088381033799756e-22, nan 
91.125, 88.125, 4.48489679446323e-22, nan 
91.375, 88.125, 4.2085604699772637e-22, nan 
91.625, 88.125, 4.341569167004548e-22, nan 
91.875, 88.125, 4.51458692279936e-22, nan 
92.125, 88.125, 5.080376809157179e-22, nan 
92.375, 88.125, 6.036500040836862e-22, nan 
92.625, 88.125, 6.686918146162061e-22, nan 
92.875, 88.125, 7.0312825381253065e-22, nan 
93.125, 88.125, 6.671240066981311e-22, nan 
93.375, 88.125, 6.215417205011701e-22, nan 
93.625, 88.125, 3.916966033543247e-22, nan 
93.875, 88.125, 2.121297375356622e-22, nan 
94.125, 88.125, 1.7795226792742714e-22, nan 
94.375, 88.125, 1.598307753871763e-22, nan 
94.625, 88.125, 9.004751316703397e-23, nan 
94.875, 88.125, 9.33160222447172e-23, nan 
95.125, 88.125, 1.9663469034063627e-22, nan 
95.375, 88.125, 3.4197690696375556e-22, nan 
95.625, 88.125, 3.059743730829991e-22, nan 
95.875, 88.125, 3.5065151339977237e-22, nan 
96.125, 88.125, 4.6121033672278965e-22, nan 
96.375, 88.125, 5.650394942429894e-22, nan 
96.625, 88.125, 6.363075998339062e-22, nan 
96.875, 88.125, 6.795786361915426e-22, nan 
97.125, 88.125, 6.911321616190477e-22, nan 
97.375, 88.125, 6.896789973683401e-22, nan 
97.625, 88.125, 2.7125951791107465e-22, nan 
97.875, 88.125, 7.62910131963533e-22, nan 
98.125, 88.125, 7.582583176470577e-22, nan 
98.375, 88.125, 8.287710435244429e-22, nan 
98.625, 88.125, 8.192560211527498e-22, nan 
98.875, 88.125, 6.673422375575863e-22, nan 
99.125, 88.125, 5.710720591721573e-22, nan 
99.375, 88.125, 1.330351861330915e-22, nan 
99.625, 88.125, 1.389968210182459e-22, nan 
99.875, 88.125, 1.7018350601781312e-22, nan 
100.125, 88.125, 2.350535971662012e-22, nan 
100.375, 88.125, 2.683219963322036e-22, nan 
100.625, 88.125, 3.4999026292518427e-22, nan 
100.875, 88.125, 1.5836434472275294e-22, nan 
101.125, 88.125, 2.639167694696757e-22, nan 
101.375, 88.125, 3.2061176456955075e-22, nan 
101.625, 88.125, 3.5801851941908484e-22, nan 
101.875, 88.125, 4.0861435203616267e-22, nan 
102.125, 88.125, 5.086956979444614e-22, nan 
102.375, 88.125, 3.6348838752541546e-22, nan 
102.625, 88.125, 2.80542768472225e-22, nan 
102.875, 88.125, 3.4019165494099094e-22, nan 
103.125, 88.125, 3.3672424310103323e-22, nan 
103.375, 88.125, 3.6729379513517503e-22, nan 
103.625, 88.125, 4.0027207808460915e-22, nan 
103.875, 88.125, 4.500422350002528e-22, nan 
104.125, 88.125, 5.110268588743342e-22, nan 
104.375, 88.125, 5.185865730268428e-22, nan 
104.625, 88.125, 4.1393497920015237e-22, nan 
104.875, 88.125, 3.780603182093113e-22, nan 
105.125, 88.125, 3.927438002127821e-22, nan 
105.375, 88.125, 4.2433798377306775e-22, nan 
105.625, 88.125, 3.5809856137747404e-22, nan 
105.875, 88.125, 4.2107133549122435e-22, nan 
106.125, 88.125, 5.400654186540104e-22, nan 
106.375, 88.125, 4.657392087603635e-22, nan 
106.625, 88.125, 3.944976888833545e-22, nan 
106.875, 88.125, 2.9937844891215905e-22, nan 
107.125, 88.125, 2.545659807451332e-22, nan 
107.375, 88.125, 3.8426186986683223e-22, nan 
107.625, 88.125, 4.1973611976628473e-22, nan 
107.875, 88.125, 4.512972077002976e-22, nan 
108.125, 88.125, 3.79556829036607e-22, nan 
108.375, 88.125, 3.7602375191147046e-22, nan 
108.625, 88.125, 4.2160051863541095e-22, nan 
108.875, 88.125, 4.927738489428507e-22, nan 
109.125, 88.125, 5.2867228042507955e-22, nan 
109.375, 88.125, 5.343192817860063e-22, nan 
109.625, 88.125, 6.196619792362397e-22, nan 
109.875, 88.125, 9.221545983693978e-22, nan 
110.125, 88.125, 8.04093435174537e-22, nan 
110.375, 88.125, 4.24096338447741e-22, nan 
110.625, 88.125, 5.161795669350064e-22, nan 
110.875, 88.125, 3.355921899239999e-22, nan 
111.125, 88.125, 3.317240828992398e-22, nan 
111.375, 88.125, 3.3516812214498864e-22, nan 
111.625, 88.125, 3.7117972935502965e-22, nan 
111.875, 88.125, 5.313096494545762e-22, nan 
112.125, 88.125, 7.36616692551153e-22, nan 
112.375, 88.125, 6.885168045040118e-22, nan 
112.625, 88.125, 6.326670892727775e-22, nan 
112.875, 88.125, 6.430887285270211e-22, nan 
113.125, 88.125, 6.559474206621284e-22, nan 
113.375, 88.125, 6.8764366178346445e-22, nan 
113.625, 88.125, 7.788728306645892e-22, nan 
113.875, 88.125, 1.0743879518586154e-21, nan 
114.125, 88.125, 8.078975499440489e-22, nan 
114.375, 88.125, 6.20942689362802e-22, nan 
114.625, 88.125, 4.247769255847654e-22, nan 
114.875, 88.125, 3.864016817367955e-22, nan 
115.125, 88.125, 6.220787326877129e-22, nan 
115.375, 88.125, 6.318106550043474e-22, nan 
115.625, 88.125, 6.132160908358339e-22, nan 
115.875, 88.125, 4.9708189074937745e-22, nan 
116.125, 88.125, 3.6976385777480835e-22, nan 
116.375, 88.125, 3.875242995912737e-22, nan 
116.625, 88.125, 4.818157098088594e-22, nan 
116.875, 88.125, 4.626867292494018e-22, nan 
117.125, 88.125, 3.8289673812917773e-22, nan 
117.375, 88.125, 3.9945162134063217e-22, nan 
117.625, 88.125, 5.340715386967763e-22, nan 
117.875, 88.125, 5.1051859040940225e-22, nan 
118.125, 88.125, 3.691917259419359e-22, nan 
118.375, 88.125, 3.7900893576534644e-22, nan 
118.625, 88.125, 3.4562576060904255e-22, nan 
118.875, 88.125, 4.636320018153558e-22, nan 
119.125, 88.125, 4.634845723927433e-22, nan 
119.375, 88.125, 4.849473260857142e-22, nan 
119.625, 88.125, 5.5252998165913625e-22, nan 
119.875, 88.125, 6.421000687007499e-22, nan 
120.125, 88.125, 6.230582800394067e-22, nan 
120.375, 88.125, 6.042928597028535e-22, nan 
120.625, 88.125, 6.025592967858863e-22, nan 
120.875, 88.125, 5.299474910948905e-22, nan 
121.125, 88.125, 4.645451320546305e-22, nan 
121.375, 88.125, 4.8435493614611615e-22, nan 
121.625, 88.125, 5.956533285227351e-22, nan 
121.875, 88.125, 4.6992338598105675e-22, nan 
122.125, 88.125, 4.041470757298434e-22, nan 
122.375, 88.125, 3.96158532816822e-22, nan 
122.625, 88.125, 4.825774628599448e-22, nan 
122.875, 88.125, 7.689217091666544e-22, nan 
123.125, 88.125, 5.135945825885283e-22, nan 
123.375, 88.125, 8.016176594285073e-22, nan 
123.625, 88.125, 4.650049623824446e-22, nan 
123.875, 88.125, 8.273695972105055e-22, nan 
124.125, 88.125, 7.747369782292161e-22, nan 
124.375, 88.125, 6.262479920920465e-22, nan 
124.625, 88.125, 6.271480287649349e-22, nan 
124.875, 88.125, 7.070601959528774e-22, nan 
125.125, 88.125, 6.070090041764557e-22, nan 
125.375, 88.125, 4.986285674817287e-22, nan 
125.625, 88.125, 3.860384068560656e-22, nan 
125.875, 88.125, 3.8492297288998804e-22, nan 
126.125, 88.125, 4.934233190900826e-22, nan 
126.375, 88.125, 5.207677956219484e-22, nan 
126.625, 88.125, 5.4510184837755705e-22, nan 
126.875, 88.125, 5.632109085752288e-22, nan 
127.125, 88.125, 5.413567931886156e-22, nan 
127.375, 88.125, 5.741189901836001e-22, nan 
127.625, 88.125, 6.491141705134248e-22, nan 
127.875, 88.125, 6.9428142708330145e-22, nan 
128.125, 88.125, 6.988085202933242e-22, nan 
128.375, 88.125, 6.404868803370442e-22, nan 
128.625, 88.125, 6.291035924503057e-22, nan 
128.875, 88.125, 5.525028340705432e-22, nan 
129.125, 88.125, 1.1535387956760238e-21, nan 
129.375, 88.125, 3.3602279432404733e-22, nan 
129.625, 88.125, 1.02951185399452e-21, nan 
129.875, 88.125, 3.779220480405684e-22, nan 
130.125, 88.125, 4.682915254244528e-22, nan 
130.375, 88.125, 5.472268173139051e-22, nan 
130.625, 88.125, 1.1151381207392272e-21, nan 
130.875, 88.125, 6.259194442594355e-22, nan 
131.125, 88.125, 1.3549676083375713e-21, nan 
131.375, 88.125, 6.860656536889782e-22, nan 
131.625, 88.125, 1.5439492345641093e-21, nan 
131.875, 88.125, 1.5043555080582389e-21, nan 
132.125, 88.125, 5.6237419384366765e-22, nan 
132.375, 88.125, 1.0212169542444273e-21, nan 
132.625, 88.125, 9.214046969809356e-22, nan 
132.875, 88.125, 6.748432540282213e-22, nan 
133.125, 88.125, 5.174264865012496e-22, nan 
133.375, 88.125, 3.4638588735648143e-22, nan 
133.625, 88.125, 3.6123730364052104e-22, nan 
133.875, 88.125, 4.326360468265007e-22, nan 
134.125, 88.125, 5.359754665413734e-22, nan 
134.375, 88.125, 5.963929278991182e-22, nan 
134.625, 88.125, 6.058847118282725e-22, nan 
134.875, 88.125, 6.566257587498913e-22, nan 
135.125, 88.125, 6.8457453278579455e-22, nan 
135.375, 88.125, 9.131032835559527e-22, nan 
135.625, 88.125, 1.1054950234549703e-21, nan 
135.875, 88.125, 1.1757252177017985e-21, nan 
136.125, 88.125, 9.472386072226722e-22, nan 
136.375, 88.125, 7.6026895617781495e-22, nan 
136.625, 88.125, 4.904718402316417e-22, nan 
136.875, 88.125, 1.9848562764729995e-21, nan 
137.125, 88.125, 5.570812606911639e-22, nan 
137.375, 88.125, 1.750464761690657e-21, nan 
137.625, 88.125, 1.1196955906369805e-21, nan 
137.875, 88.125, 8.185952760352662e-22, nan 
138.125, 88.125, 6.500248775965747e-22, nan 
138.375, 88.125, 7.59668505433548e-22, nan 
138.625, 88.125, 6.151378243550191e-22, nan 
138.875, 88.125, 8.70986836884951e-22, nan 
139.125, 88.125, 6.204987873851209e-22, nan 
139.375, 88.125, 1.0899790203447492e-21, nan 
139.625, 88.125, 1.2659681377574236e-21, nan 
139.875, 88.125, 7.424546174196813e-22, nan 
140.125, 88.125, 9.813224110861361e-22, nan 
140.375, 88.125, 6.638440452878151e-22, nan 
140.625, 88.125, 4.6481048755077425e-22, nan 
140.875, 88.125, 3.825499688976869e-22, nan 
141.125, 88.125, 3.472621278185338e-22, nan 
141.375, 88.125, 3.3504954552652575e-22, nan 
141.625, 88.125, 3.3179234967883024e-22, nan 
141.875, 88.125, 3.1709619274749065e-22, nan 
142.125, 88.125, 3.1141520366678697e-22, nan 
142.375, 88.125, 1.9677675906752423e-22, nan 
142.625, 88.125, 1.460888167553852e-22, nan 
142.875, 88.125, 1.546992265292922e-22, nan 
143.125, 88.125, 4.01436092239052e-22, nan 
143.375, 88.125, 5.877287478940822e-22, nan 
143.625, 88.125, 6.419495656902418e-22, nan 
143.875, 88.125, 5.239179046418658e-22, nan 
144.125, 88.125, 4.0847508775228656e-22, nan 
144.375, 88.125, 3.458007847782527e-22, nan 
144.625, 88.125, 9.797598232611545e-22, nan 
144.875, 88.125, 3.737883596314786e-22, nan 
145.125, 88.125, 9.264590492391233e-22, nan 
145.375, 88.125, 8.24267554049598e-22, nan 
145.625, 88.125, 7.217549465342977e-22, nan 
145.875, 88.125, 3.4232781376199566e-22, nan 
146.125, 88.125, 1.0819955110608177e-21, nan 
146.375, 88.125, 1.1854160170006786e-21, nan 
146.625, 88.125, 1.1439000269939262e-21, nan 
146.875, 88.125, 9.008186446896754e-22, nan 
147.125, 88.125, 9.056388694099423e-22, nan 
147.375, 88.125, 8.980881344122482e-22, nan 
147.625, 88.125, 1.0398068530853904e-21, nan 
147.875, 88.125, 1.083778359553616e-21, nan 
148.125, 88.125, 1.1025988646644492e-21, nan 
148.375, 88.125, 2.70822210455559e-22, nan 
148.625, 88.125, 5.33157957603526e-22, nan 
148.875, 88.125, 1.1230909583188305e-21, nan 
149.125, 88.125, 1.0505771983149212e-21, nan 
149.375, 88.125, 1.145256438711416e-21, nan 
149.625, 88.125, 6.45264701452226e-22, nan 
149.875, 88.125, 1.074953089208277e-21, nan 
150.125, 88.125, 1.167729948003014e-21, nan 
150.375, 88.125, 1.2768258841715502e-21, nan 
150.625, 88.125, 1.3031977384065413e-21, nan 
150.875, 88.125, 1.2715794022469113e-21, nan 
151.125, 88.125, 1.039080729559979e-21, nan 
151.375, 88.125, 8.06085201339782e-22, nan 
151.625, 88.125, 6.520615615264813e-22, nan 
151.875, 88.125, 5.809233279201134e-22, nan 
152.125, 88.125, 5.195166207538092e-22, nan 
152.375, 88.125, 4.63616406489605e-22, nan 
152.625, 88.125, 4.28938951318136e-22, nan 
152.875, 88.125, 4.770912243786499e-22, nan 
153.125, 88.125, 4.3743640655221565e-22, nan 
153.375, 88.125, 4.692514960813951e-22, nan 
153.625, 88.125, 5.438691903337765e-22, nan 
153.875, 88.125, 6.217633380732982e-22, nan 
154.125, 88.125, 9.625778936343865e-22, nan 
154.375, 88.125, 1.3224093083652e-21, nan 
154.625, 88.125, 1.4299360039685235e-21, nan 
154.875, 88.125, 1.4656768228587683e-21, nan 
155.125, 88.125, 1.3111596291189035e-21, nan 
155.375, 88.125, 8.206900252510676e-22, nan 
155.625, 88.125, 1.2086210271974054e-21, nan 
155.875, 88.125, 9.892133180599245e-22, nan 
156.125, 88.125, 9.490212471058689e-22, nan 
156.375, 88.125, 9.613800424843435e-22, nan 
156.625, 88.125, 9.641898831437494e-22, nan 
156.875, 88.125, 1.4751074453772912e-21, nan 
157.125, 88.125, 1.1587300003752456e-21, nan 
157.375, 88.125, 1.065757259024829e-21, nan 
157.625, 88.125, 6.789591466697563e-22, nan 
157.875, 88.125, 8.211147215186682e-22, nan 
158.125, 88.125, 7.202183132359948e-22, nan 
158.375, 88.125, 6.563347126899901e-22, nan 
158.625, 88.125, 5.314318578126348e-22, nan 
158.875, 88.125, 5.699226036637207e-22, nan 
159.125, 88.125, 5.971848035378289e-22, nan 
159.375, 88.125, 6.2425490690096005e-22, nan 
159.625, 88.125, 6.394223064559118e-22, nan 
159.875, 88.125, 6.516301985986928e-22, nan 
160.125, 88.125, 6.624915324075133e-22, nan 
160.375, 88.125, 7.288762988242763e-22, nan 
160.625, 88.125, 8.926032656379907e-22, nan 
160.875, 88.125, 8.804765467114915e-22, nan 
161.125, 88.125, 8.907749694080148e-22, nan 
161.375, 88.125, 9.164656234130006e-22, nan 
161.625, 88.125, 9.587894308108988e-22, nan 
161.875, 88.125, 1.0034244273848793e-21, nan 
162.125, 88.125, 9.608730191537137e-22, nan 
162.375, 88.125, 8.87550928645155e-22, nan 
162.625, 88.125, 8.260267668035888e-22, nan 
162.875, 88.125, 1.0762297965519541e-21, nan 
163.125, 88.125, 1.192168213382696e-21, nan 
163.375, 88.125, 1.2982323355804757e-21, nan 
163.625, 88.125, 1.4071803969722175e-21, nan 
163.875, 88.125, 1.45734101400403e-21, nan 
164.125, 88.125, 1.4044474975595952e-21, nan 
164.375, 88.125, 1.2654385947353282e-21, nan 
164.625, 88.125, 1.954504276538043e-21, nan 
164.875, 88.125, 1.5334803423536505e-21, nan 
165.125, 88.125, 8.954915506419694e-22, nan 
165.375, 88.125, 7.155189019032698e-22, nan 
165.625, 88.125, 9.362712707967857e-22, nan 
165.875, 88.125, 9.17247083018751e-22, nan 
166.125, 88.125, 1.1063250483128526e-21, nan 
166.375, 88.125, 1.0347702630730843e-21, nan 
166.625, 88.125, 8.071364195114448e-22, nan 
166.875, 88.125, 6.765618772849078e-22, nan 
167.125, 88.125, 7.926505027751219e-22, nan 
167.375, 88.125, 9.996274252678472e-22, nan 
167.625, 88.125, 1.0760699477572005e-21, nan 
167.875, 88.125, 1.0552182956661407e-21, nan 
168.125, 88.125, 8.990006205124713e-22, nan 
168.375, 88.125, 8.584603662727756e-22, nan 
168.625, 88.125, 8.329337621047512e-22, nan 
168.875, 88.125, 5.944289104641037e-22, nan 
169.125, 88.125, 5.409692173255118e-22, nan 
169.375, 88.125, 5.521266024677979e-22, nan 
169.625, 88.125, 7.023672936847365e-22, nan 
169.875, 88.125, 5.0003630200208755e-22, nan 
170.125, 88.125, 4.1988970930736084e-22, nan 
170.375, 88.125, 3.842003375442989e-22, nan 
170.625, 88.125, 4.575310302225108e-22, nan 
170.875, 88.125, 4.451815657918682e-22, nan 
171.125, 88.125, 4.464773094959643e-22, nan 
171.375, 88.125, 4.5121068211826055e-22, nan 
171.625, 88.125, 4.478410973938167e-22, nan 
171.875, 88.125, 4.416515550543726e-22, nan 
172.125, 88.125, 4.347467259524637e-22, nan 
172.375, 88.125, 1.0110007809629733e-21, nan 
172.625, 88.125, 8.494079661152814e-22, nan 
172.875, 88.125, 5.258043666758654e-22, nan 
173.125, 88.125, 6.656298471104468e-22, nan 
173.375, 88.125, 6.415392763033357e-22, nan 
173.625, 88.125, 7.282330583053167e-22, nan 
173.875, 88.125, 7.632124754424266e-22, nan 
174.125, 88.125, 7.873419473813871e-22, nan 
174.375, 88.125, 7.791058620437705e-22, nan 
174.625, 88.125, 7.589391643255916e-22, nan 
174.875, 88.125, 7.674189243747286e-22, nan 
175.125, 88.125, 1.0756938059369131e-21, nan 
175.375, 88.125, 1.1374742850650963e-21, nan 
175.625, 88.125, 1.1072642089467398e-21, nan 
175.875, 88.125, 1.154828826019116e-21, nan 
176.125, 88.125, 9.638803565679445e-22, nan 
176.375, 88.125, 1.1942847396840032e-21, nan 
176.625, 88.125, 1.0040871392473814e-21, nan 
176.875, 88.125, 9.80060426441115e-22, nan 
177.125, 88.125, 7.3611398628349755e-22, nan 
177.375, 88.125, 8.215363925173876e-22, nan 
177.625, 88.125, 8.577656891909635e-22, nan 
177.875, 88.125, 9.479753620620132e-22, nan 
178.125, 88.125, 1.1188328326099516e-21, nan 
178.375, 88.125, 1.3577464777603211e-21, nan 
178.625, 88.125, 1.3099659315511685e-21, nan 
178.875, 88.125, 1.0462010145055696e-21, nan 
179.125, 88.125, 8.029028118672237e-22, nan 
179.375, 88.125, 5.731784428823645e-22, nan 
179.625, 88.125, 4.473224001739373e-22, nan 
179.875, 88.125, 3.316958541743338e-22, nan 
-179.875, 88.375, 2.4973702875617644e-22, nan 
-179.625, 88.375, 2.9012157583120515e-22, nan 
-179.375, 88.375, 3.0576843712260406e-22, nan 
-179.125, 88.375, 2.9434467382686407e-22, nan 
-178.875, 88.375, 2.6350404818871897e-22, nan 
-178.625, 88.375, 2.6066831363306488e-22, nan 
-178.375, 88.375, 2.804992784645615e-22, nan 
-178.125, 88.375, 2.7190183418968452e-22, nan 
-177.875, 88.375, 2.8743369636762247e-22, nan 
-177.625, 88.375, 2.9946999677020457e-22, nan 
-177.375, 88.375, 3.190574152604018e-22, nan 
-177.125, 88.375, 3.484046831351706e-22, nan 
-176.875, 88.375, 3.649094359481998e-22, nan 
-176.625, 88.375, 3.6889319445605685e-22, nan 
-176.375, 88.375, 3.843306579313304e-22, nan 
-176.125, 88.375, 3.81281679179645e-22, nan 
-175.875, 88.375, 3.8343561427898604e-22, nan 
-175.625, 88.375, 3.2965106026724e-22, nan 
-175.375, 88.375, 2.9352342919998004e-22, nan 
-175.125, 88.375, 2.968164937465287e-22, nan 
-174.875, 88.375, 3.2092526696486175e-22, nan 
-174.625, 88.375, 2.980651101133262e-22, nan 
-174.375, 88.375, 3.4942399427925413e-22, nan 
-174.125, 88.375, 3.7866534533960636e-22, nan 
-173.875, 88.375, 4.1733567856592195e-22, nan 
-173.625, 88.375, 4.932533446834697e-22, nan 
-173.375, 88.375, 5.322796505080629e-22, nan 
-173.125, 88.375, 5.105496289443144e-22, nan 
-172.875, 88.375, 4.60687129335209e-22, nan 
-172.625, 88.375, 3.983275382509118e-22, nan 
-172.375, 88.375, 4.553216113920091e-22, nan 
-172.125, 88.375, 5.134060471605451e-22, nan 
-171.875, 88.375, 3.987640167459623e-22, nan 
-171.625, 88.375, 4.0389873860706673e-22, nan 
-171.375, 88.375, 3.926445002685736e-22, nan 
-171.125, 88.375, 4.1382921835688735e-22, nan 
-170.875, 88.375, 4.074686568657616e-22, nan 
-170.625, 88.375, 4.2039118433217365e-22, nan 
-170.375, 88.375, 4.447207062809983e-22, nan 
-170.125, 88.375, 5.35170326935571e-22, nan 
-169.875, 88.375, 5.3509216337512685e-22, nan 
-169.625, 88.375, 5.299457716171297e-22, nan 
-169.375, 88.375, 4.950508811126985e-22, nan 
-169.125, 88.375, 4.217992029695643e-22, nan 
-168.875, 88.375, 3.410402253297068e-22, nan 
-168.625, 88.375, 2.8872751116942927e-22, nan 
-168.375, 88.375, 3.743481210428943e-22, nan 
-168.125, 88.375, 4.611455779919691e-22, nan 
-167.875, 88.375, 5.257811199524509e-22, nan 
-167.625, 88.375, 5.777012915580703e-22, nan 
-167.375, 88.375, 6.241133166685033e-22, nan 
-167.125, 88.375, 6.305376662655309e-22, nan 
-166.875, 88.375, 5.565890610657737e-22, nan 
-166.625, 88.375, 4.979372816525846e-22, nan 
-166.375, 88.375, 5.177978856348373e-22, nan 
-166.125, 88.375, 6.202687027446315e-22, nan 
-165.875, 88.375, 5.768321820547938e-22, nan 
-165.625, 88.375, 6.279682150639807e-22, nan 
-165.375, 88.375, 9.041854600295384e-22, nan 
-165.125, 88.375, 8.6861564186483e-22, nan 
-164.875, 88.375, 9.899965452804165e-22, nan 
-164.625, 88.375, 1.0841640546027886e-21, nan 
-164.375, 88.375, 1.2287771163037828e-21, nan 
-164.125, 88.375, 1.0818177773431824e-21, nan 
-163.875, 88.375, 7.018630388451889e-22, nan 
-163.625, 88.375, 8.141426679776336e-22, nan 
-163.375, 88.375, 9.660187410854769e-22, nan 
-163.125, 88.375, 7.047293276831666e-22, nan 
-162.875, 88.375, 7.699231556454521e-22, nan 
-162.625, 88.375, 8.246487238463534e-22, nan 
-162.375, 88.375, 8.459305787566641e-22, nan 
-162.125, 88.375, 8.742987324478915e-22, nan 
-161.875, 88.375, 9.908892269036873e-22, nan 
-161.625, 88.375, 1.1309387004093466e-21, nan 
-161.375, 88.375, 1.2304933336300835e-21, nan 
-161.125, 88.375, 1.2820358356143688e-21, nan 
-160.875, 88.375, 1.2834417079907902e-21, nan 
-160.625, 88.375, 1.2376453028274651e-21, nan 
-160.375, 88.375, 1.1249652488228112e-21, nan 
-160.125, 88.375, 9.801262204570916e-22, nan 
-159.875, 88.375, 8.182667317492243e-22, nan 
-159.625, 88.375, 6.671526526013184e-22, nan 
-159.375, 88.375, 6.327652055544691e-22, nan 
-159.125, 88.375, 5.8186152904888245e-22, nan 
-158.875, 88.375, 5.933132047989468e-22, nan 
-158.625, 88.375, 5.929700656676359e-22, nan 
-158.375, 88.375, 6.163778741554961e-22, nan 
-158.125, 88.375, 6.530650005489281e-22, nan 
-157.875, 88.375, 7.743564322468536e-22, nan 
-157.625, 88.375, 7.579147193652638e-22, nan 
-157.375, 88.375, 7.493940699366836e-22, nan 
-157.125, 88.375, 7.043341689744495e-22, nan 
-156.875, 88.375, 7.026576966439845e-22, nan 
-156.625, 88.375, 7.272436996513721e-22, nan 
-156.375, 88.375, 7.407033349347369e-22, nan 
-156.125, 88.375, 7.313617068929362e-22, nan 
-155.875, 88.375, 7.583618929563991e-22, nan 
-155.625, 88.375, 7.0745485240549625e-22, nan 
-155.375, 88.375, 6.631438369741007e-22, nan 
-155.125, 88.375, 5.970219355596031e-22, nan 
-154.875, 88.375, 6.41241924402858e-22, nan 
-154.625, 88.375, 6.789690066815222e-22, nan 
-154.375, 88.375, 5.419512983821122e-22, nan 
-154.125, 88.375, 5.827180522619849e-22, nan 
-153.875, 88.375, 5.879308054689473e-22, nan 
-153.625, 88.375, 5.7515564207157005e-22, nan 
-153.375, 88.375, 5.743897193945957e-22, nan 
-153.125, 88.375, 6.175693453109459e-22, nan 
-152.875, 88.375, 6.852088216134197e-22, nan 
-152.625, 88.375, 7.242222227070589e-22, nan 
-152.375, 88.375, 7.49419896111464e-22, nan 
-152.125, 88.375, 7.424230901527647e-22, nan 
-151.875, 88.375, 7.244353785538015e-22, nan 
-151.625, 88.375, 6.65315548480472e-22, nan 
-151.375, 88.375, 5.724476278360484e-22, nan 
-151.125, 88.375, 4.821332232115853e-22, nan 
-150.875, 88.375, 3.969833996055989e-22, nan 
-150.625, 88.375, 3.318121410110902e-22, nan 
-150.375, 88.375, 2.967041031088318e-22, nan 
-150.125, 88.375, 2.7147750669311668e-22, nan 
-149.875, 88.375, 2.4410023245372884e-22, nan 
-149.625, 88.375, 2.2577598224619404e-22, nan 
-149.375, 88.375, 3.3376492545018395e-22, nan 
-149.125, 88.375, 3.332118745579506e-22, nan 
-148.875, 88.375, 3.413246928828103e-22, nan 
-148.625, 88.375, 3.4522007205005478e-22, nan 
-148.375, 88.375, 3.469528748688448e-22, nan 
-148.125, 88.375, 3.371101430685735e-22, nan 
-147.875, 88.375, 3.301200211868405e-22, nan 
-147.625, 88.375, 2.9089491976091427e-22, nan 
-147.375, 88.375, 2.269990523883835e-22, nan 
-147.125, 88.375, 3.2184797532906388e-22, nan 
-146.875, 88.375, 3.3035778142626474e-22, nan 
-146.625, 88.375, 3.322815425954494e-22, nan 
-146.375, 88.375, 3.3130144387669216e-22, nan 
-146.125, 88.375, 3.4813834412849566e-22, nan 
-145.875, 88.375, 3.3538038395168603e-22, nan 
-145.625, 88.375, 3.3370618111082166e-22, nan 
-145.375, 88.375, 2.525859131993773e-22, nan 
-145.125, 88.375, 2.2790263664970647e-22, nan 
-144.875, 88.375, 2.1199104252320074e-22, nan 
-144.625, 88.375, 2.0982335517741755e-22, nan 
-144.375, 88.375, 2.0809143737958387e-22, nan 
-144.125, 88.375, 2.0780229663077114e-22, nan 
-143.875, 88.375, 2.202029546157676e-22, nan 
-143.625, 88.375, 2.2117698485907876e-22, nan 
-143.375, 88.375, 2.338406529015908e-22, nan 
-143.125, 88.375, 2.5543208859906765e-22, nan 
-142.875, 88.375, 2.637885392824929e-22, nan 
-142.625, 88.375, 2.2317386584923626e-22, nan 
-142.375, 88.375, 2.7821899953975164e-22, nan 
-142.125, 88.375, 2.892394487243422e-22, nan 
-141.875, 88.375, 2.701884870325405e-22, nan 
-141.625, 88.375, 2.5734005007275512e-22, nan 
-141.375, 88.375, 2.531627992721804e-22, nan 
-141.125, 88.375, 2.4467766959938727e-22, nan 
-140.875, 88.375, 2.3813588146939085e-22, nan 
-140.625, 88.375, 2.7301588664198927e-22, nan 
-140.375, 88.375, 2.6382058794147287e-22, nan 
-140.125, 88.375, 2.615792939600263e-22, nan 
-139.875, 88.375, 2.5470869187379662e-22, nan 
-139.625, 88.375, 2.509407402130039e-22, nan 
-139.375, 88.375, 2.693350304480761e-22, nan 
-139.125, 88.375, 2.376124666261142e-22, nan 
-138.875, 88.375, 2.2013226893851443e-22, nan 
-138.625, 88.375, 2.0192981387062664e-22, nan 
-138.375, 88.375, 2.4697425230380416e-22, nan 
-138.125, 88.375, 2.158245987640568e-22, nan 
-137.875, 88.375, 1.9642643991180736e-22, nan 
-137.625, 88.375, 1.8544109353716732e-22, nan 
-137.375, 88.375, 1.8679906285083121e-22, nan 
-137.125, 88.375, 2.0192574851170262e-22, nan 
-136.875, 88.375, 2.0694476612541853e-22, nan 
-136.625, 88.375, 1.9409118854069143e-22, nan 
-136.375, 88.375, 1.8353727960851962e-22, nan 
-136.125, 88.375, 1.9988295784607232e-22, nan 
-135.875, 88.375, 1.5887054839626345e-22, nan 
-135.625, 88.375, 1.598843992722181e-22, nan 
-135.375, 88.375, 1.5173429864227393e-22, nan 
-135.125, 88.375, 1.4837109739687553e-22, nan 
-134.875, 88.375, 1.4958027606714805e-22, nan 
-134.625, 88.375, 9.996976935798294e-23, nan 
-134.375, 88.375, 1.1214421613625307e-22, nan 
-134.125, 88.375, 1.0491675021116383e-22, nan 
-133.875, 88.375, 1.1263832710448315e-22, nan 
-133.625, 88.375, 1.1584498576141289e-22, nan 
-133.375, 88.375, 1.0208307975777637e-22, nan 
-133.125, 88.375, 9.652194072478716e-23, nan 
-132.875, 88.375, 1.0292737272296601e-22, nan 
-132.625, 88.375, 1.062838449581856e-22, nan 
-132.375, 88.375, 1.252619473908636e-22, nan 
-132.125, 88.375, 1.2924117883189187e-22, nan 
-131.875, 88.375, 8.892519805374469e-23, nan 
-131.625, 88.375, 7.809958314632148e-23, nan 
-131.375, 88.375, 8.371820999855713e-23, nan 
-131.125, 88.375, 9.857336673516148e-23, nan 
-130.875, 88.375, 1.179912045263723e-22, nan 
-130.625, 88.375, 1.3274698806927927e-22, nan 
-130.375, 88.375, 1.2902290496439665e-22, nan 
-130.125, 88.375, 1.3764960267098905e-22, nan 
-129.875, 88.375, 1.300901349010849e-22, nan 
-129.625, 88.375, 7.235560568055226e-23, nan 
-129.375, 88.375, 7.34862801916661e-23, nan 
-129.125, 88.375, 8.241854659949428e-23, nan 
-128.875, 88.375, 1.0493689969960793e-22, nan 
-128.625, 88.375, 1.1274124154901266e-22, nan 
-128.375, 88.375, 1.6479359945811035e-22, nan 
-128.125, 88.375, 1.823501763955769e-22, nan 
-127.875, 88.375, 1.9598979484982886e-22, nan 
-127.625, 88.375, 2.2130196816108615e-22, nan 
-127.375, 88.375, 2.1681571559392006e-22, nan 
-127.125, 88.375, 2.3718897673400876e-22, nan 
-126.875, 88.375, 2.280973573570798e-22, nan 
-126.625, 88.375, 2.3091163255015704e-22, nan 
-126.375, 88.375, 2.5149882185550706e-22, nan 
-126.125, 88.375, 2.5419510034504646e-22, nan 
-125.875, 88.375, 2.484351093676211e-22, nan 
-125.625, 88.375, 2.5386350746298987e-22, nan 
-125.375, 88.375, 2.411805196390485e-22, nan 
-125.125, 88.375, 2.321376041999074e-22, nan 
-124.875, 88.375, 2.199780378159409e-22, nan 
-124.625, 88.375, 2.353458986586713e-22, nan 
-124.375, 88.375, 2.5005167918404225e-22, nan 
-124.125, 88.375, 2.460142719230512e-22, nan 
-123.875, 88.375, 2.515101767008015e-22, nan 
-123.625, 88.375, 2.576544253632865e-22, nan 
-123.375, 88.375, 2.603041117668885e-22, nan 
-123.125, 88.375, 2.7722309870706304e-22, nan 
-122.875, 88.375, 2.9081381195191527e-22, nan 
-122.625, 88.375, 3.0157668436810566e-22, nan 
-122.375, 88.375, 3.208329098175422e-22, nan 
-122.125, 88.375, 3.2618564896644e-22, nan 
-121.875, 88.375, 3.354277885109614e-22, nan 
-121.625, 88.375, 2.6387630428431433e-22, nan 
-121.375, 88.375, 2.376134126907302e-22, nan 
-121.125, 88.375, 2.247320457685369e-22, nan 
-120.875, 88.375, 2.273119807309107e-22, nan 
-120.625, 88.375, 2.2318967049998824e-22, nan 
-120.375, 88.375, 2.230820334862252e-22, nan 
-120.125, 88.375, 2.199166798202875e-22, nan 
-119.875, 88.375, 2.1506503769340632e-22, nan 
-119.625, 88.375, 2.1789888688347504e-22, nan 
-119.375, 88.375, 2.273649263972168e-22, nan 
-119.125, 88.375, 2.282282990694106e-22, nan 
-118.875, 88.375, 2.3320694030775044e-22, nan 
-118.625, 88.375, 2.435089579979786e-22, nan 
-118.375, 88.375, 2.7949877195055614e-22, nan 
-118.125, 88.375, 2.774842623970241e-22, nan 
-117.875, 88.375, 2.708720668367682e-22, nan 
-117.625, 88.375, 2.79120802611749e-22, nan 
-117.375, 88.375, 2.744552943602131e-22, nan 
-117.125, 88.375, 2.7067959249487753e-22, nan 
-116.875, 88.375, 2.693763852265655e-22, nan 
-116.625, 88.375, 2.626945534239727e-22, nan 
-116.375, 88.375, 2.6305165747811567e-22, nan 
-116.125, 88.375, 2.638400845620096e-22, nan 
-115.875, 88.375, 2.562060812833499e-22, nan 
-115.625, 88.375, 2.5658465941274723e-22, nan 
-115.375, 88.375, 2.6072541348099136e-22, nan 
-115.125, 88.375, 2.6706902243480475e-22, nan 
-114.875, 88.375, 2.749485856117749e-22, nan 
-114.625, 88.375, 2.714571037850959e-22, nan 
-114.375, 88.375, 2.739138135355394e-22, nan 
-114.125, 88.375, 2.759177354456605e-22, nan 
-113.875, 88.375, 2.7771133706172e-22, nan 
-113.625, 88.375, 2.8874257911829687e-22, nan 
-113.375, 88.375, 2.831308539973042e-22, nan 
-113.125, 88.375, 2.8152446138499907e-22, nan 
-112.875, 88.375, 2.4140221967896754e-22, nan 
-112.625, 88.375, 2.2897722882008427e-22, nan 
-112.375, 88.375, 2.260490701327869e-22, nan 
-112.125, 88.375, 2.1952504713260825e-22, nan 
-111.875, 88.375, 2.092581117896992e-22, nan 
-111.625, 88.375, 2.203256787230677e-22, nan 
-111.375, 88.375, 2.115053368198673e-22, nan 
-111.125, 88.375, 2.0318884253101453e-22, nan 
-110.875, 88.375, 2.0154391602964832e-22, nan 
-110.625, 88.375, 1.906194260619313e-22, nan 
-110.375, 88.375, 1.941173724803535e-22, nan 
-110.125, 88.375, 1.9120249621960734e-22, nan 
-109.875, 88.375, 1.8735827770127707e-22, nan 
-109.625, 88.375, 2.2165731042224234e-22, nan 
-109.375, 88.375, 2.0411804516145251e-22, nan 
-109.125, 88.375, 1.9618021272573721e-22, nan 
-108.875, 88.375, 2.3032445627978544e-22, nan 
-108.625, 88.375, 2.127805485208271e-22, nan 
-108.375, 88.375, 2.227300665589722e-22, nan 
-108.125, 88.375, 2.386438144510332e-22, nan 
-107.875, 88.375, 2.6361963862534246e-22, nan 
-107.625, 88.375, 2.7913686338327303e-22, nan 
-107.375, 88.375, 2.785654724967994e-22, nan 
-107.125, 88.375, 2.7259032228582565e-22, nan 
-106.875, 88.375, 2.4794861789904852e-22, nan 
-106.625, 88.375, 2.9879278862084565e-22, nan 
-106.375, 88.375, 3.244789972627544e-22, nan 
-106.125, 88.375, 3.307018719698496e-22, nan 
-105.875, 88.375, 3.4244062394732932e-22, nan 
-105.625, 88.375, 3.211636515533454e-22, nan 
-105.375, 88.375, 2.5847630265804215e-22, nan 
-105.125, 88.375, 2.63394615586064e-22, nan 
-104.875, 88.375, 4.308397490098204e-22, nan 
-104.625, 88.375, 3.208484789611004e-22, nan 
-104.375, 88.375, 2.2234324645299635e-22, nan 
-104.125, 88.375, 1.9529598092975205e-22, nan 
-103.875, 88.375, 3.748251074030816e-22, nan 
-103.625, 88.375, 3.4743438839000433e-22, nan 
-103.375, 88.375, 1.8343237349709602e-22, nan 
-103.125, 88.375, 1.8412983403809292e-22, nan 
-102.875, 88.375, 1.8623971315266213e-22, nan 
-102.625, 88.375, 1.780935537548214e-22, nan 
-102.375, 88.375, 1.81479445091064e-22, nan 
-102.125, 88.375, 1.8921570018410842e-22, nan 
-101.875, 88.375, 1.4244802265492897e-22, nan 
-101.625, 88.375, 1.4572396248562228e-22, nan 
-101.375, 88.375, 1.331011807965609e-22, nan 
-101.125, 88.375, 2.394104483848941e-22, nan 
-100.875, 88.375, 2.4590611421223576e-22, nan 
-100.625, 88.375, 2.2169170041324225e-22, nan 
-100.375, 88.375, 1.8906283118168764e-22, nan 
-100.125, 88.375, 1.3839674178287503e-22, nan 
-99.875, 88.375, 1.8444812666174494e-22, nan 
-99.625, 88.375, 1.9306592278813041e-22, nan 
-99.375, 88.375, 1.6427640038734747e-22, nan 
-99.125, 88.375, 1.2703024473842727e-22, nan 
-98.875, 88.375, 1.33112707730258e-22, nan 
-98.625, 88.375, 1.2742004373516377e-22, nan 
-98.375, 88.375, 1.5096474832994755e-22, nan 
-98.125, 88.375, 1.576473172202197e-22, nan 
-97.875, 88.375, 1.6719729857830466e-22, nan 
-97.625, 88.375, 1.7192975932849988e-22, nan 
-97.375, 88.375, 1.8824786464454576e-22, nan 
-97.125, 88.375, 1.8898938113774446e-22, nan 
-96.875, 88.375, 1.7310978867363848e-22, nan 
-96.625, 88.375, 1.7721069579370588e-22, nan 
-96.375, 88.375, 1.6412772364069946e-22, nan 
-96.125, 88.375, 1.4691995932775231e-22, nan 
-95.875, 88.375, 1.4300229058679314e-22, nan 
-95.625, 88.375, 1.834841667896241e-22, nan 
-95.375, 88.375, 1.489748719787181e-22, nan 
-95.125, 88.375, 1.4418519397643383e-22, nan 
-94.875, 88.375, 1.376271241449522e-22, nan 
-94.625, 88.375, 1.7252494870635005e-22, nan 
-94.375, 88.375, 1.6072670097336262e-22, nan 
-94.125, 88.375, 1.768883623735405e-22, nan 
-93.875, 88.375, 1.5635530161237263e-22, nan 
-93.625, 88.375, 1.481317471776945e-22, nan 
-93.375, 88.375, 1.5160664072909277e-22, nan 
-93.125, 88.375, 1.2400884582007858e-22, nan 
-92.875, 88.375, 1.2856033583004167e-22, nan 
-92.625, 88.375, 1.2427052477202444e-22, nan 
-92.375, 88.375, 1.2109847697517867e-22, nan 
-92.125, 88.375, 1.2502387467159313e-22, nan 
-91.875, 88.375, 1.1857413467775314e-22, nan 
-91.625, 88.375, 1.194157970257365e-22, nan 
-91.375, 88.375, 1.2756598890935537e-22, nan 
-91.125, 88.375, 1.2585691564455124e-22, nan 
-90.875, 88.375, 1.2004051427449158e-22, nan 
-90.625, 88.375, 1.3089853714431403e-22, nan 
-90.375, 88.375, 1.271194587432278e-22, nan 
-90.125, 88.375, 1.2421810565088945e-22, nan 
-89.875, 88.375, 9.892502662937954e-23, nan 
-89.625, 88.375, 8.299630861947749e-23, nan 
-89.375, 88.375, 1.1033986541719686e-22, nan 
-89.125, 88.375, 1.1199687709294453e-22, nan 
-88.875, 88.375, 1.1279877318954325e-22, nan 
-88.625, 88.375, 1.124495837837947e-22, nan 
-88.375, 88.375, 9.488120271511972e-23, nan 
-88.125, 88.375, 9.36516070678185e-23, nan 
-87.875, 88.375, 9.757698325718299e-23, nan 
-87.625, 88.375, 1.046774130688705e-22, nan 
-87.375, 88.375, 1.0994161805344772e-22, nan 
-87.125, 88.375, 1.127270482050644e-22, nan 
-86.875, 88.375, 1.0833390391541584e-22, nan 
-86.625, 88.375, 1.112268553689014e-22, nan 
-86.375, 88.375, 1.166550277147156e-22, nan 
-86.125, 88.375, 1.0897574520881512e-22, nan 
-85.875, 88.375, 1.0942172787814854e-22, nan 
-85.625, 88.375, 1.1228870970575692e-22, nan 
-85.375, 88.375, 1.0133541011803254e-22, nan 
-85.125, 88.375, 1.0876271337167386e-22, nan 
-84.875, 88.375, 1.0914791579604679e-22, nan 
-84.625, 88.375, 1.12545620374342e-22, nan 
-84.375, 88.375, 1.0989242215044637e-22, nan 
-84.125, 88.375, 1.175086272712333e-22, nan 
-83.875, 88.375, 1.2467144299923132e-22, nan 
-83.625, 88.375, 1.2296995297995155e-22, nan 
-83.375, 88.375, 1.2823484917021014e-22, nan 
-83.125, 88.375, 1.303027935102791e-22, nan 
-82.875, 88.375, 1.1772101357062095e-22, nan 
-82.625, 88.375, 1.1535711426611556e-22, nan 
-82.375, 88.375, 1.1876598756500886e-22, nan 
-82.125, 88.375, 1.0562460742618594e-22, nan 
-81.875, 88.375, 1.213040147902815e-22, nan 
-81.625, 88.375, 1.1505677951535962e-22, nan 
-81.375, 88.375, 1.1248370863230681e-22, nan 
-81.125, 88.375, 9.975919569680857e-23, nan 
-80.875, 88.375, 9.030929820267228e-23, nan 
-80.625, 88.375, 1.0531255542914949e-22, nan 
-80.375, 88.375, 1.0937026346128515e-22, nan 
-80.125, 88.375, 1.0347255371543906e-22, nan 
-79.875, 88.375, 1.0045316254566187e-22, nan 
-79.625, 88.375, 1.1777125052117235e-22, nan 
-79.375, 88.375, 1.0779511460392285e-22, nan 
-79.125, 88.375, 1.0101710926593281e-22, nan 
-78.875, 88.375, 9.990952144834968e-23, nan 
-78.625, 88.375, 9.85527552866881e-23, nan 
-78.375, 88.375, 9.991683067302086e-23, nan 
-78.125, 88.375, 9.721382710305255e-23, nan 
-77.875, 88.375, 9.6592546388188e-23, nan 
-77.625, 88.375, 1.0298869766396769e-22, nan 
-77.375, 88.375, 9.912924867938489e-23, nan 
-77.125, 88.375, 1.0284144883219947e-22, nan 
-76.875, 88.375, 9.834090114482498e-23, nan 
-76.625, 88.375, 8.659740625203073e-23, nan 
-76.375, 88.375, 8.473988132254676e-23, nan 
-76.125, 88.375, 8.307448186331345e-23, nan 
-75.875, 88.375, 9.354050404622187e-23, nan 
-75.625, 88.375, 9.703352156313666e-23, nan 
-75.375, 88.375, 8.931157638471704e-23, nan 
-75.125, 88.375, 8.488887259433799e-23, nan 
-74.875, 88.375, 8.245724195986227e-23, nan 
-74.625, 88.375, 8.926821713654101e-23, nan 
-74.375, 88.375, 8.69623555376056e-23, nan 
-74.125, 88.375, 7.926885531076516e-23, nan 
-73.875, 88.375, 7.92182262713454e-23, nan 
-73.625, 88.375, 8.786752783316551e-23, nan 
-73.375, 88.375, 8.000536356506194e-23, nan 
-73.125, 88.375, 9.495496599909953e-23, nan 
-72.875, 88.375, 9.035922603679231e-23, nan 
-72.625, 88.375, 8.875713719507188e-23, nan 
-72.375, 88.375, 7.912525042489282e-23, nan 
-72.125, 88.375, 7.61884042959025e-23, nan 
-71.875, 88.375, 6.689594864294765e-23, nan 
-71.625, 88.375, 7.933038460177974e-23, nan 
-71.375, 88.375, 9.454567538742791e-23, nan 
-71.125, 88.375, 1.059535916739985e-22, nan 
-70.875, 88.375, 1.4354514930533426e-22, nan 
-70.625, 88.375, 1.5275396070967179e-22, nan 
-70.375, 88.375, 1.4911973609695793e-22, nan 
-70.125, 88.375, 9.911587960538943e-23, nan 
-69.875, 88.375, 8.817096405693925e-23, nan 
-69.625, 88.375, 8.75104197609099e-23, nan 
-69.375, 88.375, 9.142741485366039e-23, nan 
-69.125, 88.375, 1.0776620317121342e-22, nan 
-68.875, 88.375, 1.6467564505939527e-22, nan 
-68.625, 88.375, 1.952973523801816e-22, nan 
-68.375, 88.375, 1.4039798795609866e-22, nan 
-68.125, 88.375, 8.271445168362446e-23, nan 
-67.875, 88.375, 5.755206267023417e-23, nan 
-67.625, 88.375, 6.292569075963803e-23, nan 
-67.375, 88.375, 5.567345853513836e-23, nan 
-67.125, 88.375, 6.188066107032205e-23, nan 
-66.875, 88.375, 7.273910281334149e-23, nan 
-66.625, 88.375, 6.770303558110238e-23, nan 
-66.375, 88.375, 6.943792192306008e-23, nan 
-66.125, 88.375, 7.328977548992045e-23, nan 
-65.875, 88.375, 7.036544864216378e-23, nan 
-65.625, 88.375, 7.719496071187154e-23, nan 
-65.375, 88.375, 9.202384335725229e-23, nan 
-65.125, 88.375, 1.0142396020544854e-22, nan 
-64.875, 88.375, 8.144187272664018e-23, nan 
-64.625, 88.375, 8.915566355178856e-23, nan 
-64.375, 88.375, 1.7017393638911897e-22, nan 
-64.125, 88.375, 2.314634534438169e-22, nan 
-63.875, 88.375, 2.9274184602937354e-22, nan 
-63.625, 88.375, 2.0389962582092983e-22, nan 
-63.375, 88.375, 2.0002346015590927e-22, nan 
-63.125, 88.375, 1.1649383918656108e-22, nan 
-62.875, 88.375, 1.0840447586552057e-22, nan 
-62.625, 88.375, 1.1247573652476278e-22, nan 
-62.375, 88.375, 1.225566294366309e-22, nan 
-62.125, 88.375, 1.3693579856284205e-22, nan 
-61.875, 88.375, 1.682166416101114e-22, nan 
-61.625, 88.375, 2.2820827908207177e-22, nan 
-61.375, 88.375, 3.4585170534362415e-22, nan 
-61.125, 88.375, 3.7319310731755625e-22, nan 
-60.875, 88.375, 3.8705279500251633e-22, nan 
-60.625, 88.375, 2.6153049568167278e-22, nan 
-60.375, 88.375, 2.0356283058799627e-22, nan 
-60.125, 88.375, 2.406186533379042e-22, nan 
-59.875, 88.375, 2.8333012196869493e-22, nan 
-59.625, 88.375, 2.0555890723184987e-22, nan 
-59.375, 88.375, 1.661450020432164e-22, nan 
-59.125, 88.375, 2.1931009675452542e-22, nan 
-58.875, 88.375, 1.2472851350208414e-22, nan 
-58.625, 88.375, 1.654087162066413e-22, nan 
-58.375, 88.375, 1.641867837411142e-22, nan 
-58.125, 88.375, 1.712688703910388e-22, nan 
-57.875, 88.375, 2.2066572911974878e-22, nan 
-57.625, 88.375, 2.193519145096369e-22, nan 
-57.375, 88.375, 2.199301009654112e-22, nan 
-57.125, 88.375, 2.21961448505631e-22, nan 
-56.875, 88.375, 2.2570227579449605e-22, nan 
-56.625, 88.375, 2.279704551622086e-22, nan 
-56.375, 88.375, 2.32309163374104e-22, nan 
-56.125, 88.375, 2.368307657097066e-22, nan 
-55.875, 88.375, 2.405947745971533e-22, nan 
-55.625, 88.375, 2.4576486243655185e-22, nan 
-55.375, 88.375, 2.573433374947155e-22, nan 
-55.125, 88.375, 2.860070352027106e-22, nan 
-54.875, 88.375, 3.3931112090362713e-22, nan 
-54.625, 88.375, 3.191418155259881e-22, nan 
-54.375, 88.375, 3.2773955358673477e-22, nan 
-54.125, 88.375, 3.9366570028836018e-22, nan 
-53.875, 88.375, 3.1341180116032867e-22, nan 
-53.625, 88.375, 2.8905529373804415e-22, nan 
-53.375, 88.375, 2.73402266608854e-22, nan 
-53.125, 88.375, 2.4745005939658476e-22, nan 
-52.875, 88.375, 2.270821606310747e-22, nan 
-52.625, 88.375, 2.4590179819770636e-22, nan 
-52.375, 88.375, 2.731092398337868e-22, nan 
-52.125, 88.375, 3.2484060154558165e-22, nan 
-51.875, 88.375, 3.50167413250076e-22, nan 
-51.625, 88.375, 2.8376590888196447e-22, nan 
-51.375, 88.375, 2.5132977224657814e-22, nan 
-51.125, 88.375, 2.318048912777035e-22, nan 
-50.875, 88.375, 2.286475894275969e-22, nan 
-50.625, 88.375, 2.051120609928727e-22, nan 
-50.375, 88.375, 2.5598361495776085e-22, nan 
-50.125, 88.375, 2.0973046305481555e-22, nan 
-49.875, 88.375, 2.0874756224423091e-22, nan 
-49.625, 88.375, 2.0911133522016108e-22, nan 
-49.375, 88.375, 1.9928705400870523e-22, nan 
-49.125, 88.375, 2.042062502735493e-22, nan 
-48.875, 88.375, 1.915553695649006e-22, nan 
-48.625, 88.375, 2.0062255466892865e-22, nan 
-48.375, 88.375, 1.8681098876411745e-22, nan 
-48.125, 88.375, 1.938306584875562e-22, nan 
-47.875, 88.375, 1.8491860421812572e-22, nan 
-47.625, 88.375, 1.8742203328256842e-22, nan 
-47.375, 88.375, 1.9052752141231847e-22, nan 
-47.125, 88.375, 1.8752441632086731e-22, nan 
-46.875, 88.375, 1.8811117440214933e-22, nan 
-46.625, 88.375, 1.8630925545515402e-22, nan 
-46.375, 88.375, 1.7257296774298748e-22, nan 
-46.125, 88.375, 2.377881222435895e-22, nan 
-45.875, 88.375, 1.7274831215254048e-22, nan 
-45.625, 88.375, 1.719439273694002e-22, nan 
-45.375, 88.375, 3.3847003992018897e-22, nan 
-45.125, 88.375, 1.5487648580610069e-22, nan 
-44.875, 88.375, 1.2324677999747347e-22, nan 
-44.625, 88.375, 1.2176097614656894e-22, nan 
-44.375, 88.375, 1.324304157712026e-22, nan 
-44.125, 88.375, 2.0147176995183385e-22, nan 
-43.875, 88.375, 2.79553309561972e-22, nan 
-43.625, 88.375, 3.099028202691241e-22, nan 
-43.375, 88.375, 3.091744345956336e-22, nan 
-43.125, 88.375, 2.9880073700501343e-22, nan 
-42.875, 88.375, 2.101115259794442e-22, nan 
-42.625, 88.375, 1.7023577112848057e-22, nan 
-42.375, 88.375, 1.77887959246873e-22, nan 
-42.125, 88.375, 1.7567243053392463e-22, nan 
-41.875, 88.375, 1.4696096407998537e-22, nan 
-41.625, 88.375, 1.9024471935358496e-22, nan 
-41.375, 88.375, 2.1925817742243165e-22, nan 
-41.125, 88.375, 1.9073901161226386e-22, nan 
-40.875, 88.375, 1.9328066912795978e-22, nan 
-40.625, 88.375, 2.2221959136394294e-22, nan 
-40.375, 88.375, 2.2734691068767574e-22, nan 
-40.125, 88.375, 2.158325625427641e-22, nan 
-39.875, 88.375, 2.2406504661648126e-22, nan 
-39.625, 88.375, 2.223905715216933e-22, nan 
-39.375, 88.375, 2.35366184859471e-22, nan 
-39.125, 88.375, 2.3920638288391817e-22, nan 
-38.875, 88.375, 2.514545970908416e-22, nan 
-38.625, 88.375, 2.6258026025786637e-22, nan 
-38.375, 88.375, 2.58093969918241e-22, nan 
-38.125, 88.375, 2.6154969615709535e-22, nan 
-37.875, 88.375, 2.585962130809221e-22, nan 
-37.625, 88.375, 2.187008543658872e-22, nan 
-37.375, 88.375, 1.8506573191935166e-22, nan 
-37.125, 88.375, 1.9215049547741274e-22, nan 
-36.875, 88.375, 1.4017522026093476e-22, nan 
-36.625, 88.375, 1.7024153496831499e-22, nan 
-36.375, 88.375, 9.525524897960859e-23, nan 
-36.125, 88.375, 8.556512425029199e-23, nan 
-35.875, 88.375, 9.181609307711936e-23, nan 
-35.625, 88.375, 1.431184577984546e-22, nan 
-35.375, 88.375, 2.599026435530051e-22, nan 
-35.125, 88.375, 4.0493308297142557e-22, nan 
-34.875, 88.375, 4.957080019339007e-22, nan 
-34.625, 88.375, 5.125517188502924e-22, nan 
-34.375, 88.375, 4.99500670460005e-22, nan 
-34.125, 88.375, 3.1882745170339873e-22, nan 
-33.875, 88.375, 2.195242008013833e-22, nan 
-33.625, 88.375, 1.6494225022121625e-22, nan 
-33.375, 88.375, 1.481257765634151e-22, nan 
-33.125, 88.375, 1.6060708694552297e-22, nan 
-32.875, 88.375, 1.5540276302572828e-22, nan 
-32.625, 88.375, 1.6412170168230027e-22, nan 
-32.375, 88.375, 1.4784226436635618e-22, nan 
-32.125, 88.375, 1.5748629586728531e-22, nan 
-31.875, 88.375, 1.382778715527989e-22, nan 
-31.625, 88.375, 1.1057417113431123e-22, nan 
-31.375, 88.375, 1.2770672955030943e-22, nan 
-31.125, 88.375, 1.804919293002449e-22, nan 
-30.875, 88.375, 3.2549076124430313e-22, nan 
-30.625, 88.375, 3.7266980301008725e-22, nan 
-30.375, 88.375, 4.429743926115821e-22, nan 
-30.125, 88.375, 4.866072620933478e-22, nan 
-29.875, 88.375, 4.946574758153537e-22, nan 
-29.625, 88.375, 4.860657680243596e-22, nan 
-29.375, 88.375, 4.754973853859019e-22, nan 
-29.125, 88.375, 4.36489573086925e-22, nan 
-28.875, 88.375, 3.9913900070105963e-22, nan 
-28.625, 88.375, 3.252910853784771e-22, nan 
-28.375, 88.375, 2.3618259710827964e-22, nan 
-28.125, 88.375, 1.7804344488810634e-22, nan 
-27.875, 88.375, 1.389550573137196e-22, nan 
-27.625, 88.375, 9.76419395261455e-23, nan 
-27.375, 88.375, 7.335941275650079e-23, nan 
-27.125, 88.375, 6.271515754781638e-23, nan 
-26.875, 88.375, 7.03882028016267e-23, nan 
-26.625, 88.375, 1.1642751474096855e-22, nan 
-26.375, 88.375, 1.8830354844395397e-22, nan 
-26.125, 88.375, 2.40842445258769e-22, nan 
-25.875, 88.375, 2.7413485367223985e-22, nan 
-25.625, 88.375, 2.6115106682204386e-22, nan 
-25.375, 88.375, 1.8505709890202705e-22, nan 
-25.125, 88.375, 1.6116559149386977e-22, nan 
-24.875, 88.375, 1.606556086994495e-22, nan 
-24.625, 88.375, 1.7546899888105278e-22, nan 
-24.375, 88.375, 2.215090777876744e-22, nan 
-24.125, 88.375, 3.994898185994663e-22, nan 
-23.875, 88.375, 3.3999768761606994e-22, nan 
-23.625, 88.375, 1.0673034187505278e-22, nan 
-23.375, 88.375, 1.272440928384355e-22, nan 
-23.125, 88.375, 6.156065874949446e-23, nan 
-22.875, 88.375, 8.406884760659312e-23, nan 
-22.625, 88.375, 2.719540052369387e-22, nan 
-22.375, 88.375, 1.1344678726219688e-22, nan 
-22.125, 88.375, 4.474746898295952e-22, nan 
-21.875, 88.375, 4.371321467244281e-22, nan 
-21.625, 88.375, 4.080120348818829e-22, nan 
-21.375, 88.375, 3.805623166310444e-22, nan 
-21.125, 88.375, 3.861214889321737e-22, nan 
-20.875, 88.375, 3.571651768315305e-22, nan 
-20.625, 88.375, 4.295513970869768e-22, nan 
-20.375, 88.375, 2.707097520943371e-22, nan 
-20.125, 88.375, 1.9716011273750675e-22, nan 
-19.875, 88.375, 1.1660214987178258e-22, nan 
-19.625, 88.375, 1.364745786720172e-22, nan 
-19.375, 88.375, 2.1649736669218735e-22, nan 
-19.125, 88.375, 3.5133613257337246e-22, nan 
-18.875, 88.375, 4.112058443951116e-22, nan 
-18.625, 88.375, 2.399449413568096e-22, nan 
-18.375, 88.375, 4.0702023626944567e-22, nan 
-18.125, 88.375, 5.06018712473089e-23, nan 
-17.875, 88.375, 4.050738851171158e-23, nan 
-17.625, 88.375, 3.7337085760790624e-23, nan 
-17.375, 88.375, 3.590376472284017e-23, nan 
-17.125, 88.375, 3.9924472084007703e-23, nan 
-16.875, 88.375, 8.539329833975694e-23, nan 
-16.625, 88.375, 1.0787119349005706e-22, nan 
-16.375, 88.375, 1.5007193123040672e-22, nan 
-16.125, 88.375, 1.2925937653972505e-22, nan 
-15.875, 88.375, 1.3623673017620028e-22, nan 
-15.625, 88.375, 1.3929622780867424e-22, nan 
-15.375, 88.375, 1.4621896441886904e-22, nan 
-15.125, 88.375, 1.3618462490180127e-22, nan 
-14.875, 88.375, 1.2234630453842333e-22, nan 
-14.625, 88.375, 8.6926880227468e-23, nan 
-14.375, 88.375, 6.176111269317159e-23, nan 
-14.125, 88.375, 3.362508076765883e-22, nan 
-13.875, 88.375, 1.9951720598593034e-22, nan 
-13.625, 88.375, 1.123184022002561e-22, nan 
-13.375, 88.375, 7.627359809756465e-23, nan 
-13.125, 88.375, 6.678893072596543e-23, nan 
-12.875, 88.375, 6.50794331045919e-23, nan 
-12.625, 88.375, 6.558421602662357e-23, nan 
-12.375, 88.375, 6.152259418768654e-23, nan 
-12.125, 88.375, 6.25521862052434e-23, nan 
-11.875, 88.375, 6.499045884913512e-23, nan 
-11.625, 88.375, 6.707849872833464e-23, nan 
-11.375, 88.375, 7.900962634206622e-23, nan 
-11.125, 88.375, 9.025990807827631e-23, nan 
-10.875, 88.375, 9.985409711742147e-23, nan 
-10.625, 88.375, 1.0032063402134378e-22, nan 
-10.375, 88.375, 9.316911065367993e-23, nan 
-10.125, 88.375, 7.823910223855947e-23, nan 
-9.875, 88.375, 7.765730625229147e-23, nan 
-9.625, 88.375, 8.16543962213038e-23, nan 
-9.375, 88.375, 7.19538785325576e-23, nan 
-9.125, 88.375, 7.204496950974391e-23, nan 
-8.875, 88.375, 7.270339347666116e-23, nan 
-8.625, 88.375, 7.536751093746401e-23, nan 
-8.375, 88.375, 7.861434149703493e-23, nan 
-8.125, 88.375, 8.360021386673638e-23, nan 
-7.875, 88.375, 9.099246541032523e-23, nan 
-7.625, 88.375, 1.1618791897075573e-22, nan 
-7.375, 88.375, 1.297410356003411e-22, nan 
-7.125, 88.375, 1.6212415134770246e-22, nan 
-6.875, 88.375, 1.8699739094258736e-22, nan 
-6.625, 88.375, 2.180696179604003e-22, nan 
-6.375, 88.375, 2.5459567239159967e-22, nan 
-6.125, 88.375, 2.79389873000785e-22, nan 
-5.875, 88.375, 2.6506526155161455e-22, nan 
-5.625, 88.375, 2.7037947683451366e-22, nan 
-5.375, 88.375, 2.3000578313206376e-22, nan 
-5.125, 88.375, 2.0695173299220243e-22, nan 
-4.875, 88.375, 1.7646568990373043e-22, nan 
-4.625, 88.375, 1.49899996050887e-22, nan 
-4.375, 88.375, 1.286557770206882e-22, nan 
-4.125, 88.375, 9.86276588769711e-23, nan 
-3.875, 88.375, 8.130871741691911e-23, nan 
-3.625, 88.375, 8.612067456523664e-23, nan 
-3.375, 88.375, 1.1409425884668537e-22, nan 
-3.125, 88.375, 1.0374415155767505e-22, nan 
-2.875, 88.375, 1.0307501688057397e-22, nan 
-2.625, 88.375, 8.509651694902713e-23, nan 
-2.375, 88.375, 8.643534442917463e-23, nan 
-2.125, 88.375, 8.472101287290354e-23, nan 
-1.875, 88.375, 6.305735772251557e-23, nan 
-1.625, 88.375, 6.779091733060523e-23, nan 
-1.375, 88.375, 5.829328586975782e-23, nan 
-1.125, 88.375, 7.07129794583324e-23, nan 
-0.875, 88.375, 7.016895648338529e-23, nan 
-0.625, 88.375, 6.487639298557907e-23, nan 
-0.375, 88.375, 6.379077039361239e-23, nan 
-0.125, 88.375, 6.686551164654054e-23, nan 
0.125, 88.375, 6.732814938481097e-23, nan 
0.375, 88.375, 6.842513536610448e-23, nan 
0.625, 88.375, 6.905068808704059e-23, nan 
0.875, 88.375, 5.470215742422152e-23, nan 
1.125, 88.375, 5.1114636277392603e-23, nan 
1.375, 88.375, 6.002900033064114e-23, nan 
1.625, 88.375, 5.926807204607683e-23, nan 
1.875, 88.375, 7.350783687720393e-23, nan 
2.125, 88.375, 8.400126450323438e-23, nan 
2.375, 88.375, 9.146105557501236e-23, nan 
2.625, 88.375, 9.346599356894335e-23, nan 
2.875, 88.375, 7.341197606659215e-23, nan 
3.125, 88.375, 9.994195178208135e-23, nan 
3.375, 88.375, 1.0008093299162152e-22, nan 
3.625, 88.375, 9.696404556109353e-23, nan 
3.875, 88.375, 5.663585410590666e-23, nan 
4.125, 88.375, 5.826890261665437e-23, nan 
4.375, 88.375, 5.784777417875379e-23, nan 
4.625, 88.375, 5.551344152096794e-23, nan 
4.875, 88.375, 5.062266094670344e-23, nan 
5.125, 88.375, 4.4492429588836826e-23, nan 
5.375, 88.375, 4.9446116095453327e-23, nan 
5.625, 88.375, 5.665121864359412e-23, nan 
5.875, 88.375, 7.320807871751877e-23, nan 
6.125, 88.375, 7.269783843193258e-23, nan 
6.375, 88.375, 1.047140625536408e-22, nan 
6.625, 88.375, 9.301635667943335e-23, nan 
6.875, 88.375, 8.61456515691565e-23, nan 
7.125, 88.375, 5.966068549684305e-23, nan 
7.375, 88.375, 5.1635263421358355e-23, nan 
7.625, 88.375, 6.107298421076772e-23, nan 
7.875, 88.375, 4.956957957935483e-23, nan 
8.125, 88.375, 6.115535425079257e-23, nan 
8.375, 88.375, 7.241481437386529e-23, nan 
8.625, 88.375, 7.635577917976273e-23, nan 
8.875, 88.375, 8.62044244257489e-23, nan 
9.125, 88.375, 9.33246849618882e-23, nan 
9.375, 88.375, 1.0456543676462631e-22, nan 
9.625, 88.375, 6.077260115274623e-23, nan 
9.875, 88.375, 5.755751652601006e-23, nan 
10.125, 88.375, 8.054533620082538e-23, nan 
10.375, 88.375, 7.817823019914901e-23, nan 
10.625, 88.375, 7.447324668766967e-23, nan 
10.875, 88.375, 7.33485662970108e-23, nan 
11.125, 88.375, 6.994644816423655e-23, nan 
11.375, 88.375, 7.001918665578322e-23, nan 
11.625, 88.375, 5.487853168368348e-23, nan 
11.875, 88.375, 4.889121377288629e-23, nan 
12.125, 88.375, 4.728459221932036e-23, nan 
12.375, 88.375, 5.066103018563269e-23, nan 
12.625, 88.375, 2.6251623383795863e-23, nan 
12.875, 88.375, 3.787383733831082e-23, nan 
13.125, 88.375, 4.8545638167386554e-23, nan 
13.375, 88.375, 4.9548826749151614e-23, nan 
13.625, 88.375, 8.140139774962543e-23, nan 
13.875, 88.375, 5.664924917569969e-23, nan 
14.125, 88.375, 7.195435289984301e-23, nan 
14.375, 88.375, 7.94781601203416e-23, nan 
14.625, 88.375, 8.144042143009968e-23, nan 
14.875, 88.375, 7.609875445585248e-23, nan 
15.125, 88.375, 1.0087158789219078e-22, nan 
15.375, 88.375, 9.670149970498352e-23, nan 
15.625, 88.375, 9.145237812660789e-23, nan 
15.875, 88.375, 7.721804757644047e-23, nan 
16.125, 88.375, 6.25704898630266e-23, nan 
16.375, 88.375, 7.875424586723491e-23, nan 
16.625, 88.375, 5.2785428783629077e-23, nan 
16.875, 88.375, 6.418813860166521e-23, nan 
17.125, 88.375, 4.552171075965596e-23, nan 
17.375, 88.375, 4.6214406684329e-23, nan 
17.625, 88.375, 5.221193962265298e-23, nan 
17.875, 88.375, 5.266717278194862e-23, nan 
18.125, 88.375, 8.677960224572605e-23, nan 
18.375, 88.375, 9.428939002017254e-23, nan 
18.625, 88.375, 9.66863211436205e-23, nan 
18.875, 88.375, 9.490202132131797e-23, nan 
19.125, 88.375, 9.01807486701577e-23, nan 
19.375, 88.375, 8.295134913351633e-23, nan 
19.625, 88.375, 6.793270765410157e-23, nan 
19.875, 88.375, 4.690739041278916e-23, nan 
20.125, 88.375, 6.175170817609535e-23, nan 
20.375, 88.375, 6.332248004426931e-23, nan 
20.625, 88.375, 6.673702175349872e-23, nan 
20.875, 88.375, 7.702202540679992e-23, nan 
21.125, 88.375, 8.650109104203127e-23, nan 
21.375, 88.375, 7.7099602104601e-23, nan 
21.625, 88.375, 5.0781081280292835e-23, nan 
21.875, 88.375, 9.256473877444458e-23, nan 
22.125, 88.375, 8.911170290097936e-23, nan 
22.375, 88.375, 9.938325457077149e-23, nan 
22.625, 88.375, 1.2028578716346454e-22, nan 
22.875, 88.375, 1.8314221352616876e-22, nan 
23.125, 88.375, 1.134674190761921e-22, nan 
23.375, 88.375, 1.4070358068322804e-22, nan 
23.625, 88.375, 1.7781576820896325e-22, nan 
23.875, 88.375, 1.839921160999645e-22, nan 
24.125, 88.375, 1.820053197037977e-22, nan 
24.375, 88.375, 1.5415236512599374e-22, nan 
24.625, 88.375, 3.781920400803653e-23, nan 
24.875, 88.375, 1.1394347026729267e-22, nan 
25.125, 88.375, 1.1288315616172082e-22, nan 
25.375, 88.375, 1.3357849439109816e-22, nan 
25.625, 88.375, 1.4486094922184782e-22, nan 
25.875, 88.375, 1.3176845685581685e-22, nan 
26.125, 88.375, 1.1520133507998983e-22, nan 
26.375, 88.375, 8.324059433674374e-23, nan 
26.625, 88.375, 1.3242974431799213e-22, nan 
26.875, 88.375, 1.2730073960765881e-22, nan 
27.125, 88.375, 8.163060680383817e-23, nan 
27.375, 88.375, 9.579192548016843e-23, nan 
27.625, 88.375, 1.0125036603065603e-22, nan 
27.875, 88.375, 8.852944279252735e-23, nan 
28.125, 88.375, 1.0165972049828045e-22, nan 
28.375, 88.375, 8.88518151354774e-23, nan 
28.625, 88.375, 7.98897765595934e-23, nan 
28.875, 88.375, 1.1054984780304654e-22, nan 
29.125, 88.375, 1.437785652125653e-22, nan 
29.375, 88.375, 8.153781425470824e-23, nan 
29.625, 88.375, 1.1671687033073492e-22, nan 
29.875, 88.375, 7.57790992412135e-23, nan 
30.125, 88.375, 5.969981913550613e-23, nan 
30.375, 88.375, 3.5389248504499507e-23, nan 
30.625, 88.375, 6.574036669760083e-23, nan 
30.875, 88.375, 1.3588702698585152e-22, nan 
31.125, 88.375, 1.247946927790127e-22, nan 
31.375, 88.375, 1.4990189088651304e-22, nan 
31.625, 88.375, 1.7130396894802461e-22, nan 
31.875, 88.375, 1.8556037031164876e-22, nan 
32.125, 88.375, 2.0914492366487021e-22, nan 
32.375, 88.375, 2.2425070165280275e-22, nan 
32.625, 88.375, 2.0823850734260357e-22, nan 
32.875, 88.375, 2.1227353630421643e-22, nan 
33.125, 88.375, 2.3064953978140928e-22, nan 
33.375, 88.375, 2.180724624646488e-22, nan 
33.625, 88.375, 2.030695820443565e-22, nan 
33.875, 88.375, 2.0984268380360078e-22, nan 
34.125, 88.375, 1.5641041762290833e-22, nan 
34.375, 88.375, 1.5318626329749706e-22, nan 
34.625, 88.375, 1.132734547477582e-22, nan 
34.875, 88.375, 1.1175085418922946e-22, nan 
35.125, 88.375, 9.308551481879929e-23, nan 
35.375, 88.375, 7.703705624603709e-23, nan 
35.625, 88.375, 6.853254255633825e-23, nan 
35.875, 88.375, 5.888390825205802e-23, nan 
36.125, 88.375, 2.0362787906199744e-22, nan 
36.375, 88.375, 1.1132197574565788e-22, nan 
36.625, 88.375, 1.4665306360674098e-22, nan 
36.875, 88.375, 7.170610444350539e-23, nan 
37.125, 88.375, 3.370633644116287e-23, nan 
37.375, 88.375, 1.6526835176261456e-22, nan 
37.625, 88.375, 1.9364327298168504e-22, nan 
37.875, 88.375, 2.4519424210797704e-22, nan 
38.125, 88.375, 1.774164890047239e-22, nan 
38.375, 88.375, 2.2549126833039134e-22, nan 
38.625, 88.375, 2.216631383288875e-22, nan 
38.875, 88.375, 2.4750204164477312e-22, nan 
39.125, 88.375, 2.426653736621829e-22, nan 
39.375, 88.375, 2.172111375814329e-22, nan 
39.625, 88.375, 1.7117156725593187e-22, nan 
39.875, 88.375, 1.8786739084109273e-22, nan 
40.125, 88.375, 1.9367901382372503e-22, nan 
40.375, 88.375, 1.7717852335026866e-22, nan 
40.625, 88.375, 1.7884869632660813e-22, nan 
40.875, 88.375, 1.9255518680457047e-22, nan 
41.125, 88.375, 2.0860122576413414e-22, nan 
41.375, 88.375, 2.460303976753422e-22, nan 
41.625, 88.375, 4.2341643289150414e-22, nan 
41.875, 88.375, 5.001500032747345e-22, nan 
42.125, 88.375, 5.476857393376296e-22, nan 
42.375, 88.375, 4.1977007106125683e-22, nan 
42.625, 88.375, 3.811025595939752e-22, nan 
42.875, 88.375, 3.6073007987116564e-22, nan 
43.125, 88.375, 4.0726047942526653e-22, nan 
43.375, 88.375, 3.5889086168988695e-22, nan 
43.625, 88.375, 3.310810173728392e-22, nan 
43.875, 88.375, 2.9384877588075475e-22, nan 
44.125, 88.375, 2.3116645014949427e-22, nan 
44.375, 88.375, 1.9308065844120318e-22, nan 
44.625, 88.375, 1.4537593908654307e-22, nan 
44.875, 88.375, 1.6166087994222287e-22, nan 
45.125, 88.375, 1.5678916335907693e-22, nan 
45.375, 88.375, 2.5276642841758116e-22, nan 
45.625, 88.375, 2.4677685656462475e-22, nan 
45.875, 88.375, 2.560872128636335e-22, nan 
46.125, 88.375, 4.790073145058586e-22, nan 
46.375, 88.375, 4.842164721308505e-22, nan 
46.625, 88.375, 4.867742389876953e-22, nan 
46.875, 88.375, 5.0797650177192565e-22, nan 
47.125, 88.375, 5.087460360701307e-22, nan 
47.375, 88.375, 5.561424007315384e-22, nan 
47.625, 88.375, 5.596671333142167e-22, nan 
47.875, 88.375, 5.590697698641628e-22, nan 
48.125, 88.375, 5.541749222344753e-22, nan 
48.375, 88.375, 5.132713096562545e-22, nan 
48.625, 88.375, 5.182831669477974e-22, nan 
48.875, 88.375, 5.53056918467195e-22, nan 
49.125, 88.375, 5.297629146813091e-22, nan 
49.375, 88.375, 5.127392050496815e-22, nan 
49.625, 88.375, 4.968033989433492e-22, nan 
49.875, 88.375, 4.586847724218705e-22, nan 
50.125, 88.375, 4.1376274241087897e-22, nan 
50.375, 88.375, 3.5749098759538504e-22, nan 
50.625, 88.375, 4.222610439534443e-22, nan 
50.875, 88.375, 4.633047011137795e-22, nan 
51.125, 88.375, 4.964982280548224e-22, nan 
51.375, 88.375, 4.888095076978905e-22, nan 
51.625, 88.375, 3.909636655316691e-22, nan 
51.875, 88.375, 3.065353818262362e-22, nan 
52.125, 88.375, 3.357900634865674e-22, nan 
52.375, 88.375, 2.845230034805968e-22, nan 
52.625, 88.375, 2.7162182246639987e-22, nan 
52.875, 88.375, 2.4730652512354017e-22, nan 
53.125, 88.375, 2.221399983304526e-22, nan 
53.375, 88.375, 1.9668462233567876e-22, nan 
53.625, 88.375, 1.9361507123265946e-22, nan 
53.875, 88.375, 1.8148241973182228e-22, nan 
54.125, 88.375, 2.5953132299698837e-22, nan 
54.375, 88.375, 2.462715079519574e-22, nan 
54.625, 88.375, 2.413616008163012e-22, nan 
54.875, 88.375, 3.7645216608251762e-22, nan 
55.125, 88.375, 3.8952075211588756e-22, nan 
55.375, 88.375, 3.9648645385746257e-22, nan 
55.625, 88.375, 3.971367287322694e-22, nan 
55.875, 88.375, 3.87906332177527e-22, nan 
56.125, 88.375, 3.911313679666889e-22, nan 
56.375, 88.375, 3.9165197194642507e-22, nan 
56.625, 88.375, 3.9379087376982347e-22, nan 
56.875, 88.375, 3.9127448806412586e-22, nan 
57.125, 88.375, 3.839790124947787e-22, nan 
57.375, 88.375, 3.8385130774313887e-22, nan 
57.625, 88.375, 3.74265758250685e-22, nan 
57.875, 88.375, 3.6446510565669515e-22, nan 
58.125, 88.375, 3.5363144031266477e-22, nan 
58.375, 88.375, 3.4049617347676077e-22, nan 
58.625, 88.375, 3.200666981577667e-22, nan 
58.875, 88.375, 2.9524212062104474e-22, nan 
59.125, 88.375, 9.669924156925471e-23, nan 
59.375, 88.375, 9.986191573679973e-23, nan 
59.625, 88.375, 1.060275624301627e-22, nan 
59.875, 88.375, 3.733547094538311e-22, nan 
60.125, 88.375, 3.718855859823485e-22, nan 
60.375, 88.375, 2.9860585730443893e-22, nan 
60.625, 88.375, 1.0275663889312545e-22, nan 
60.875, 88.375, 2.3633410648614836e-22, nan 
61.125, 88.375, 9.701469831426101e-23, nan 
61.375, 88.375, 9.701830584424532e-23, nan 
61.625, 88.375, 1.0673638528828395e-22, nan 
61.875, 88.375, 1.2071090253541335e-22, nan 
62.125, 88.375, 1.232414867102525e-22, nan 
62.375, 88.375, 1.704058560251415e-22, nan 
62.625, 88.375, 2.0298241482815675e-22, nan 
62.875, 88.375, 2.6012037859789166e-22, nan 
63.125, 88.375, 3.00426141738348e-22, nan 
63.375, 88.375, 3.5879536527947093e-22, nan 
63.625, 88.375, 3.9955525734544343e-22, nan 
63.875, 88.375, 4.564014364184972e-22, nan 
64.125, 88.375, 4.244366398793319e-22, nan 
64.375, 88.375, 4.077978533112823e-22, nan 
64.625, 88.375, 3.29802281523588e-22, nan 
64.875, 88.375, 3.1742866672312456e-22, nan 
65.125, 88.375, 8.818062649664204e-23, nan 
65.375, 88.375, 7.306805173849946e-23, nan 
65.625, 88.375, 6.463239190281069e-23, nan 
65.875, 88.375, 5.999357866808343e-23, nan 
66.125, 88.375, 4.877350159031725e-23, nan 
66.375, 88.375, 7.431285055133017e-23, nan 
66.625, 88.375, 8.005680941730331e-23, nan 
66.875, 88.375, 6.864488427505885e-23, nan 
67.125, 88.375, 7.432359866740442e-23, nan 
67.375, 88.375, 8.748635745473302e-23, nan 
67.625, 88.375, 9.475743719386266e-23, nan 
67.875, 88.375, 8.792517795805505e-23, nan 
68.125, 88.375, 9.1269015192439e-23, nan 
68.375, 88.375, 1.0572919217557472e-22, nan 
68.625, 88.375, 7.154059766587232e-23, nan 
68.875, 88.375, 5.642144163954356e-23, nan 
69.125, 88.375, 7.044826013218734e-23, nan 
69.375, 88.375, 7.588441230797588e-23, nan 
69.625, 88.375, 1.455688945876639e-22, nan 
69.875, 88.375, 1.4986840761362171e-22, nan 
70.125, 88.375, 2.0059458141460603e-22, nan 
70.375, 88.375, 2.2559420710204133e-22, nan 
70.625, 88.375, 2.2299436453857705e-22, nan 
70.875, 88.375, 1.3338700555231851e-22, nan 
71.125, 88.375, 7.833187575098634e-23, nan 
71.375, 88.375, 8.707723508454789e-23, nan 
71.625, 88.375, 8.600881178149721e-23, nan 
71.875, 88.375, 8.669480536348077e-23, nan 
72.125, 88.375, 6.899518292739824e-23, nan 
72.375, 88.375, 5.392114199072597e-23, nan 
72.625, 88.375, 3.4701442950648005e-23, nan 
72.875, 88.375, 4.831392748901677e-23, nan 
73.125, 88.375, 4.3910816361387343e-23, nan 
73.375, 88.375, 5.311182215911842e-23, nan 
73.625, 88.375, 1.4670909074479778e-22, nan 
73.875, 88.375, 6.015654019905462e-23, nan 
74.125, 88.375, 6.398001689532665e-23, nan 
74.375, 88.375, 7.01244763803304e-23, nan 
74.625, 88.375, 6.331988279772468e-23, nan 
74.875, 88.375, 6.527052479285345e-23, nan 
75.125, 88.375, 9.328390746538346e-23, nan 
75.375, 88.375, 1.1025192090777189e-22, nan 
75.625, 88.375, 1.1569467941955622e-22, nan 
75.875, 88.375, 1.2337442786488003e-22, nan 
76.125, 88.375, 1.338505829086347e-22, nan 
76.375, 88.375, 1.284194318584763e-22, nan 
76.625, 88.375, 1.4429496747144237e-22, nan 
76.875, 88.375, 1.2589341876580514e-22, nan 
77.125, 88.375, 1.2952215682517651e-22, nan 
77.375, 88.375, 1.3195258000287825e-22, nan 
77.625, 88.375, 1.3356459805373966e-22, nan 
77.875, 88.375, 1.2085281269042357e-22, nan 
78.125, 88.375, 1.4180593776518103e-22, nan 
78.375, 88.375, 1.4376582191573885e-22, nan 
78.625, 88.375, 1.5188806557511948e-22, nan 
78.875, 88.375, 1.6787058315097107e-22, nan 
79.125, 88.375, 1.815714998450429e-22, nan 
79.375, 88.375, 2.0067151752684207e-22, nan 
79.625, 88.375, 1.8847282710474184e-22, nan 
79.875, 88.375, 2.133033557015946e-22, nan 
80.125, 88.375, 2.1769180128271166e-22, nan 
80.375, 88.375, 2.2442860245696304e-22, nan 
80.625, 88.375, 2.06758142300063e-22, nan 
80.875, 88.375, 1.9168701639965566e-22, nan 
81.125, 88.375, 1.5680937681199794e-22, nan 
81.375, 88.375, 1.269154229127205e-22, nan 
81.625, 88.375, 1.3241178079575827e-22, nan 
81.875, 88.375, 1.5576837926001538e-22, nan 
82.125, 88.375, 1.7989069814846027e-22, nan 
82.375, 88.375, 3.688700919739937e-22, nan 
82.625, 88.375, 1.8850645359478702e-22, nan 
82.875, 88.375, 1.6690342470402868e-22, nan 
83.125, 88.375, 1.7911367105485344e-22, nan 
83.375, 88.375, 2.3173983626102672e-22, nan 
83.625, 88.375, 1.738211057722531e-22, nan 
83.875, 88.375, 1.9269232095098095e-22, nan 
84.125, 88.375, 2.1079942330605756e-22, nan 
84.375, 88.375, 2.1966225952234476e-22, nan 
84.625, 88.375, 2.355605634764263e-22, nan 
84.875, 88.375, 2.5432505425973022e-22, nan 
85.125, 88.375, 2.793234086641345e-22, nan 
85.375, 88.375, 3.613678743339393e-22, nan 
85.625, 88.375, 4.011641099905092e-22, nan 
85.875, 88.375, 3.2037248514486184e-22, nan 
86.125, 88.375, 1.8755251368300258e-22, nan 
86.375, 88.375, 1.4032939145709963e-22, nan 
86.625, 88.375, 1.2280795538248013e-22, nan 
86.875, 88.375, 1.5150326456012844e-22, nan 
87.125, 88.375, 1.805690807572005e-22, nan 
87.375, 88.375, 2.341075458535102e-22, nan 
87.625, 88.375, 3.3569101020327243e-22, nan 
87.875, 88.375, 2.6446038354283314e-22, nan 
88.125, 88.375, 2.588298808874035e-22, nan 
88.375, 88.375, 2.19193732278588e-22, nan 
88.625, 88.375, 2.0860202095700609e-22, nan 
88.875, 88.375, 1.9929030804260688e-22, nan 
89.125, 88.375, 1.8377596200704188e-22, nan 
89.375, 88.375, 1.8539329003000224e-22, nan 
89.625, 88.375, 1.7244172683347924e-22, nan 
89.875, 88.375, 1.5468410082066785e-22, nan 
90.125, 88.375, 1.261929809696933e-22, nan 
90.375, 88.375, 7.903366277066042e-23, nan 
90.625, 88.375, 6.394024995862352e-23, nan 
90.875, 88.375, 6.845118619164302e-23, nan 
91.125, 88.375, 2.6200816651922203e-22, nan 
91.375, 88.375, 1.5325146683489974e-22, nan 
91.625, 88.375, 1.2684835512033492e-22, nan 
91.875, 88.375, 1.259293089457801e-22, nan 
92.125, 88.375, 1.8856052198031604e-22, nan 
92.375, 88.375, 1.4603043135043644e-22, nan 
92.625, 88.375, 1.1756221308738396e-22, nan 
92.875, 88.375, 9.013421663847901e-23, nan 
93.125, 88.375, 1.5013481441971326e-22, nan 
93.375, 88.375, 1.8186654711370076e-22, nan 
93.625, 88.375, 2.005522845859393e-22, nan 
93.875, 88.375, 2.225885303175938e-22, nan 
94.125, 88.375, 2.2687547419001515e-22, nan 
94.375, 88.375, 2.329258312245122e-22, nan 
94.625, 88.375, 2.445028273617425e-22, nan 
94.875, 88.375, 2.6065189911681823e-22, nan 
95.125, 88.375, 2.589867548313008e-22, nan 
95.375, 88.375, 2.632639721790297e-22, nan 
95.625, 88.375, 2.5053700814972013e-22, nan 
95.875, 88.375, 2.341113046352413e-22, nan 
96.125, 88.375, 2.212171543128613e-22, nan 
96.375, 88.375, 2.0943569197263776e-22, nan 
96.625, 88.375, 1.3640838775160212e-22, nan 
96.875, 88.375, 3.2189752022571283e-22, nan 
97.125, 88.375, 2.9579440631382257e-22, nan 
97.375, 88.375, 1.5618990927299282e-22, nan 
97.625, 88.375, 1.681147876879044e-22, nan 
97.875, 88.375, 1.8550054408931662e-22, nan 
98.125, 88.375, 2.0964641853790347e-22, nan 
98.375, 88.375, 2.0064627157354387e-22, nan 
98.625, 88.375, 1.9369504813439085e-22, nan 
98.875, 88.375, 1.8900018361574704e-22, nan 
99.125, 88.375, 1.656244766037423e-22, nan 
99.375, 88.375, 1.680914431148213e-22, nan 
99.625, 88.375, 1.7606523272234348e-22, nan 
99.875, 88.375, 1.859840043992566e-22, nan 
100.125, 88.375, 2.1861586504443304e-22, nan 
100.375, 88.375, 3.734678595562354e-22, nan 
100.625, 88.375, 3.757630599635248e-22, nan 
100.875, 88.375, 3.3652717251879317e-22, nan 
101.125, 88.375, 2.659068200963585e-22, nan 
101.375, 88.375, 2.2574118941115796e-22, nan 
101.625, 88.375, 1.715266078919369e-22, nan 
101.875, 88.375, 1.5561322460823794e-22, nan 
102.125, 88.375, 1.820958640835666e-22, nan 
102.375, 88.375, 2.341023558220874e-22, nan 
102.625, 88.375, 2.4607959534164705e-22, nan 
102.875, 88.375, 2.383836995032338e-22, nan 
103.125, 88.375, 2.5434100975839924e-22, nan 
103.375, 88.375, 2.750759884793189e-22, nan 
103.625, 88.375, 3.024314164460731e-22, nan 
103.875, 88.375, 3.122570032957193e-22, nan 
104.125, 88.375, 3.3020787412357217e-22, nan 
104.375, 88.375, 3.30615959631697e-22, nan 
104.625, 88.375, 3.2814047782514204e-22, nan 
104.875, 88.375, 3.411996282540646e-22, nan 
105.125, 88.375, 3.574946131638198e-22, nan 
105.375, 88.375, 3.4587995352118714e-22, nan 
105.625, 88.375, 3.561856830624105e-22, nan 
105.875, 88.375, 3.7698920281881463e-22, nan 
106.125, 88.375, 1.2560824423260377e-22, nan 
106.375, 88.375, 3.291868703726644e-22, nan 
106.625, 88.375, 3.1392067442221504e-22, nan 
106.875, 88.375, 2.593876305192963e-22, nan 
107.125, 88.375, 2.052584054433233e-22, nan 
107.375, 88.375, 1.8265714387606216e-22, nan 
107.625, 88.375, 1.6878058465245902e-22, nan 
107.875, 88.375, 1.2238900948416924e-22, nan 
108.125, 88.375, 3.242786174459665e-22, nan 
108.375, 88.375, 3.323021104114745e-22, nan 
108.625, 88.375, 3.363291541460503e-22, nan 
108.875, 88.375, 3.558522612948076e-22, nan 
109.125, 88.375, 4.1811585937801295e-22, nan 
109.375, 88.375, 4.1639392002122804e-22, nan 
109.625, 88.375, 4.402633213705063e-22, nan 
109.875, 88.375, 5.718407568185113e-22, nan 
110.125, 88.375, 5.366666565460097e-22, nan 
110.375, 88.375, 3.3432313595944884e-22, nan 
110.625, 88.375, 3.8337624895614937e-22, nan 
110.875, 88.375, 1.7005628100871693e-22, nan 
111.125, 88.375, 1.9274521140772123e-22, nan 
111.375, 88.375, 2.0377427690372892e-22, nan 
111.625, 88.375, 2.7878846569602687e-22, nan 
111.875, 88.375, 3.923313780401082e-22, nan 
112.125, 88.375, 4.992439124637358e-22, nan 
112.375, 88.375, 4.903359017683308e-22, nan 
112.625, 88.375, 4.695601056082129e-22, nan 
112.875, 88.375, 4.597308352472794e-22, nan 
113.125, 88.375, 4.545124160320088e-22, nan 
113.375, 88.375, 4.360376108075462e-22, nan 
113.625, 88.375, 4.9404082044809675e-22, nan 
113.875, 88.375, 6.162734065534258e-22, nan 
114.125, 88.375, 5.1563112896139025e-22, nan 
114.375, 88.375, 4.029227398256036e-22, nan 
114.625, 88.375, 2.7697133855527014e-22, nan 
114.875, 88.375, 1.8216127813062365e-22, nan 
115.125, 88.375, 4.403284318269269e-22, nan 
115.375, 88.375, 4.4070018707098405e-22, nan 
115.625, 88.375, 4.2272391447924368e-22, nan 
115.875, 88.375, 4.344705378656786e-22, nan 
116.125, 88.375, 3.154126103393061e-22, nan 
116.375, 88.375, 2.704010678288734e-22, nan 
116.625, 88.375, 2.638272152737468e-22, nan 
116.875, 88.375, 2.553451097553972e-22, nan 
117.125, 88.375, 2.657635056603438e-22, nan 
117.375, 88.375, 2.601487437877248e-22, nan 
117.625, 88.375, 2.6564904624386055e-22, nan 
117.875, 88.375, 2.73326395001381e-22, nan 
118.125, 88.375, 2.5980692103837615e-22, nan 
118.375, 88.375, 2.3364379178072027e-22, nan 
118.625, 88.375, 1.932725003933824e-22, nan 
118.875, 88.375, 1.8364696596979443e-22, nan 
119.125, 88.375, 1.9545650059592297e-22, nan 
119.375, 88.375, 2.0301858987141505e-22, nan 
119.625, 88.375, 2.265697264990201e-22, nan 
119.875, 88.375, 2.0229030392562167e-22, nan 
120.125, 88.375, 1.7016837807206314e-22, nan 
120.375, 88.375, 1.6738417084311943e-22, nan 
120.625, 88.375, 1.7751367819692386e-22, nan 
120.875, 88.375, 1.8749332798732046e-22, nan 
121.125, 88.375, 2.0428530735645787e-22, nan 
121.375, 88.375, 2.1609106932550645e-22, nan 
121.625, 88.375, 2.151593418575026e-22, nan 
121.875, 88.375, 2.2354527164508633e-22, nan 
122.125, 88.375, 2.295055269835196e-22, nan 
122.375, 88.375, 2.328560410072466e-22, nan 
122.625, 88.375, 2.3397329898430914e-22, nan 
122.875, 88.375, 2.4927225797003607e-22, nan 
123.125, 88.375, 2.6095040962755853e-22, nan 
123.375, 88.375, 2.8484853730013543e-22, nan 
123.625, 88.375, 3.1215889296112485e-22, nan 
123.875, 88.375, 3.138042890100164e-22, nan 
124.125, 88.375, 3.0709366130998754e-22, nan 
124.375, 88.375, 4.048580737570465e-22, nan 
124.625, 88.375, 3.8104635887381267e-22, nan 
124.875, 88.375, 2.324229932086834e-22, nan 
125.125, 88.375, 2.2583784092582654e-22, nan 
125.375, 88.375, 2.1225728159101847e-22, nan 
125.625, 88.375, 2.8694524605655066e-22, nan 
125.875, 88.375, 2.200904851711077e-22, nan 
126.125, 88.375, 1.8437271603568856e-22, nan 
126.375, 88.375, 1.8079832418695948e-22, nan 
126.625, 88.375, 1.9128689128928803e-22, nan 
126.875, 88.375, 1.8629450536329138e-22, nan 
127.125, 88.375, 1.7465326681122665e-22, nan 
127.375, 88.375, 1.8208837694484274e-22, nan 
127.625, 88.375, 1.939245073197864e-22, nan 
127.875, 88.375, 2.1158927833382125e-22, nan 
128.125, 88.375, 2.461022687981165e-22, nan 
128.375, 88.375, 2.599688804925329e-22, nan 
128.625, 88.375, 1.990853268319189e-22, nan 
128.875, 88.375, 1.5810914567729742e-22, nan 
129.125, 88.375, 1.578266748336518e-22, nan 
129.375, 88.375, 1.8099639556991476e-22, nan 
129.625, 88.375, 1.57318156460558e-22, nan 
129.875, 88.375, 1.4058529882263494e-22, nan 
130.125, 88.375, 1.3873255842505575e-22, nan 
130.375, 88.375, 1.200491906327686e-22, nan 
130.625, 88.375, 6.498100493022546e-22, nan 
130.875, 88.375, 3.885452146142e-22, nan 
131.125, 88.375, 7.757602206519565e-22, nan 
131.375, 88.375, 4.408531636509969e-22, nan 
131.625, 88.375, 8.595996777944835e-22, nan 
131.875, 88.375, 8.016255203606436e-22, nan 
132.125, 88.375, 1.6288348044680365e-22, nan 
132.375, 88.375, 5.987627955904373e-22, nan 
132.625, 88.375, 4.982899498821636e-22, nan 
132.875, 88.375, 3.7614691295362896e-22, nan 
133.125, 88.375, 2.9909455294982615e-22, nan 
133.375, 88.375, 2.440858142756726e-22, nan 
133.625, 88.375, 2.14433902167777e-22, nan 
133.875, 88.375, 1.9404479953867992e-22, nan 
134.125, 88.375, 1.5597755545029898e-22, nan 
134.375, 88.375, 1.508639373425597e-22, nan 
134.625, 88.375, 1.5316213095760783e-22, nan 
134.875, 88.375, 1.637850523252392e-22, nan 
135.125, 88.375, 1.7639527865320714e-22, nan 
135.375, 88.375, 4.486168939351101e-22, nan 
135.625, 88.375, 5.817442866813107e-22, nan 
135.875, 88.375, 6.484073472629207e-22, nan 
136.125, 88.375, 5.404886018203964e-22, nan 
136.375, 88.375, 4.355799614492823e-22, nan 
136.625, 88.375, 2.360170387621573e-22, nan 
136.875, 88.375, 1.0179441559835201e-21, nan 
137.125, 88.375, 1.1165005433775928e-22, nan 
137.375, 88.375, 9.311720366323151e-22, nan 
137.625, 88.375, 1.1039323555315806e-22, nan 
137.875, 88.375, 1.8015155127387481e-22, nan 
138.125, 88.375, 2.3418435221864025e-22, nan 
138.375, 88.375, 2.4722881708912745e-22, nan 
138.625, 88.375, 2.537826320928947e-22, nan 
138.875, 88.375, 2.358981677682385e-22, nan 
139.125, 88.375, 2.265823145836223e-22, nan 
139.375, 88.375, 1.7048021995431636e-22, nan 
139.625, 88.375, 1.2645940267876043e-22, nan 
139.875, 88.375, 1.3003666879254375e-22, nan 
140.125, 88.375, 1.106374857632474e-22, nan 
140.375, 88.375, 9.910194503710801e-23, nan 
140.625, 88.375, 1.0618503784403787e-22, nan 
140.875, 88.375, 1.0480065858778839e-22, nan 
141.125, 88.375, 1.145224110781649e-22, nan 
141.375, 88.375, 1.2543985637597229e-22, nan 
141.625, 88.375, 1.3715280278277396e-22, nan 
141.875, 88.375, 1.5669199939224193e-22, nan 
142.125, 88.375, 1.645352723692118e-22, nan 
142.375, 88.375, 1.4655221805305367e-22, nan 
142.625, 88.375, 1.4756295817811384e-22, nan 
142.875, 88.375, 1.4755573039937155e-22, nan 
143.125, 88.375, 1.5333416433307999e-22, nan 
143.375, 88.375, 1.6758427117318247e-22, nan 
143.625, 88.375, 1.7816817317650021e-22, nan 
143.875, 88.375, 1.8823136193675548e-22, nan 
144.125, 88.375, 2.161976342074171e-22, nan 
144.375, 88.375, 2.444713821008846e-22, nan 
144.625, 88.375, 2.6859607626482825e-22, nan 
144.875, 88.375, 2.175436445376999e-22, nan 
145.125, 88.375, 2.781233026846746e-22, nan 
145.375, 88.375, 3.670564778879398e-22, nan 
145.625, 88.375, 3.393460756931209e-22, nan 
145.875, 88.375, 1.5872923919267432e-22, nan 
146.125, 88.375, 8.831242050902487e-23, nan 
146.375, 88.375, 1.1114066531222755e-22, nan 
146.625, 88.375, 1.3519490097678778e-22, nan 
146.875, 88.375, 3.078781495530084e-22, nan 
147.125, 88.375, 3.674138535600301e-22, nan 
147.375, 88.375, 2.9719489995870254e-22, nan 
147.625, 88.375, 1.1605488157629113e-22, nan 
147.875, 88.375, 1.182196757382141e-22, nan 
148.125, 88.375, 1.075611748001524e-22, nan 
148.375, 88.375, 1.2779638628464574e-22, nan 
148.625, 88.375, 2.2433407674307836e-22, nan 
148.875, 88.375, 2.514366372221028e-22, nan 
149.125, 88.375, 1.5190074041587033e-22, nan 
149.375, 88.375, 1.9543553375924148e-22, nan 
149.625, 88.375, 1.613187813592618e-22, nan 
149.875, 88.375, 2.847368702719391e-22, nan 
150.125, 88.375, 3.3749225088720425e-22, nan 
150.375, 88.375, 3.649297703019918e-22, nan 
150.625, 88.375, 3.900187445809968e-22, nan 
150.875, 88.375, 4.237489155498571e-22, nan 
151.125, 88.375, 3.7611394840876208e-22, nan 
151.375, 88.375, 3.673500871107789e-22, nan 
151.625, 88.375, 3.2127787860150284e-22, nan 
151.875, 88.375, 3.380334429894428e-22, nan 
152.125, 88.375, 3.2422778782796703e-22, nan 
152.375, 88.375, 3.1002541639233494e-22, nan 
152.625, 88.375, 3.1464956411256525e-22, nan 
152.875, 88.375, 2.860371426566835e-22, nan 
153.125, 88.375, 3.4250162673862167e-22, nan 
153.375, 88.375, 3.5250973683455374e-22, nan 
153.625, 88.375, 2.7469215759810177e-22, nan 
153.875, 88.375, 1.5897905974892963e-22, nan 
154.125, 88.375, 1.3748249718905671e-22, nan 
154.375, 88.375, 2.762718052024345e-22, nan 
154.625, 88.375, 2.0399987832964561e-22, nan 
154.875, 88.375, 2.317681320583431e-22, nan 
155.125, 88.375, 3.308570968253854e-22, nan 
155.375, 88.375, 3.3626860736576327e-22, nan 
155.625, 88.375, 3.2139642577701284e-22, nan 
155.875, 88.375, 1.4828060440930048e-22, nan 
156.125, 88.375, 3.0941588582590956e-22, nan 
156.375, 88.375, 1.4502478213147973e-22, nan 
156.625, 88.375, 2.485897981567446e-22, nan 
156.875, 88.375, 1.3103110902537894e-22, nan 
157.125, 88.375, 2.9487353020210894e-22, nan 
157.375, 88.375, 1.8822187313510046e-22, nan 
157.625, 88.375, 2.4644411068496317e-22, nan 
157.875, 88.375, 2.7385136765784053e-22, nan 
158.125, 88.375, 3.1024022340355747e-22, nan 
158.375, 88.375, 2.8722839976533653e-22, nan 
158.625, 88.375, 3.735447164497924e-22, nan 
158.875, 88.375, 4.278942601713162e-22, nan 
159.125, 88.375, 4.1552498712657768e-22, nan 
159.375, 88.375, 4.290922730270349e-22, nan 
159.625, 88.375, 4.33387637987129e-22, nan 
159.875, 88.375, 4.0952625428490634e-22, nan 
160.125, 88.375, 4.006715659981404e-22, nan 
160.375, 88.375, 4.0525253913153926e-22, nan 
160.625, 88.375, 4.4903092399868495e-22, nan 
160.875, 88.375, 4.53817946747788e-22, nan 
161.125, 88.375, 4.449082229310383e-22, nan 
161.375, 88.375, 4.436508782406117e-22, nan 
161.625, 88.375, 4.594617502855806e-22, nan 
161.875, 88.375, 4.5549897327713915e-22, nan 
162.125, 88.375, 4.753576077163845e-22, nan 
162.375, 88.375, 3.845095029911694e-22, nan 
162.625, 88.375, 2.6416937922899206e-22, nan 
162.875, 88.375, 1.7664506418308898e-22, nan 
163.125, 88.375, 1.150055323403444e-22, nan 
163.375, 88.375, 1.5278580975600937e-22, nan 
163.625, 88.375, 2.201634022074743e-22, nan 
163.875, 88.375, 2.46940439916867e-22, nan 
164.125, 88.375, 2.6360626002276886e-22, nan 
164.375, 88.375, 2.753853228470976e-22, nan 
164.625, 88.375, 9.817080007440018e-22, nan 
164.875, 88.375, 8.427841936576062e-22, nan 
165.125, 88.375, 4.809757746218285e-22, nan 
165.375, 88.375, 1.8094912646677558e-22, nan 
165.625, 88.375, 5.098598212298365e-22, nan 
165.875, 88.375, 4.362110036196669e-22, nan 
166.125, 88.375, 3.597671536386412e-22, nan 
166.375, 88.375, 2.9609969451874956e-22, nan 
166.625, 88.375, 2.453174517671978e-22, nan 
166.875, 88.375, 2.25374640214058e-22, nan 
167.125, 88.375, 1.8883285555011826e-22, nan 
167.375, 88.375, 2.0017255026501415e-22, nan 
167.625, 88.375, 1.6896830460693394e-22, nan 
167.875, 88.375, 1.611075166844294e-22, nan 
168.125, 88.375, 1.4908347065170142e-22, nan 
168.375, 88.375, 1.6886418727699972e-22, nan 
168.625, 88.375, 1.7001692708641921e-22, nan 
168.875, 88.375, 1.566758271365771e-22, nan 
169.125, 88.375, 1.647614364664215e-22, nan 
169.375, 88.375, 1.670657648358941e-22, nan 
169.625, 88.375, 1.7173891391766697e-22, nan 
169.875, 88.375, 2.0869956998899746e-22, nan 
170.125, 88.375, 2.357357529681939e-22, nan 
170.375, 88.375, 2.511234269637262e-22, nan 
170.625, 88.375, 2.573263465001491e-22, nan 
170.875, 88.375, 2.5907566574650533e-22, nan 
171.125, 88.375, 2.517012112580471e-22, nan 
171.375, 88.375, 3.8485644914761966e-22, nan 
171.625, 88.375, 3.991442632278499e-22, nan 
171.875, 88.375, 3.891686990556931e-22, nan 
172.125, 88.375, 3.8936733565168843e-22, nan 
172.375, 88.375, 3.946008920904701e-22, nan 
172.625, 88.375, 4.088161204786972e-22, nan 
172.875, 88.375, 4.2030675875043543e-22, nan 
173.125, 88.375, 4.362827661061173e-22, nan 
173.375, 88.375, 4.676511041996096e-22, nan 
173.625, 88.375, 5.098677246942326e-22, nan 
173.875, 88.375, 5.328726639197659e-22, nan 
174.125, 88.375, 5.281422068333072e-22, nan 
174.375, 88.375, 4.956415897490612e-22, nan 
174.625, 88.375, 4.585307322035796e-22, nan 
174.875, 88.375, 3.8490761594972447e-22, nan 
175.125, 88.375, 2.805217360397039e-22, nan 
175.375, 88.375, 2.890570635564871e-22, nan 
175.625, 88.375, 4.0116107648066914e-22, nan 
175.875, 88.375, 2.818710254672818e-22, nan 
176.125, 88.375, 2.921093663813787e-22, nan 
176.375, 88.375, 2.865823003211056e-22, nan 
176.625, 88.375, 2.8220896736651437e-22, nan 
176.875, 88.375, 2.652253388778722e-22, nan 
177.125, 88.375, 2.643911452296829e-22, nan 
177.375, 88.375, 3.6785216257533174e-22, nan 
177.625, 88.375, 3.0040453595441575e-22, nan 
177.875, 88.375, 2.936513314437734e-22, nan 
178.125, 88.375, 3.079604049858432e-22, nan 
178.375, 88.375, 2.904237656165818e-22, nan 
178.625, 88.375, 2.7985898876961204e-22, nan 
178.875, 88.375, 2.7464469086492684e-22, nan 
179.125, 88.375, 2.6969167426675844e-22, nan 
179.375, 88.375, 2.6270784920694094e-22, nan 
179.625, 88.375, 2.5596724929271374e-22, nan 
179.875, 88.375, 2.5870920752595723e-22, nan 
-179.875, 88.625, 3.9530336261591944e-22, nan 
-179.625, 88.625, 3.747860975044681e-22, nan 
-179.375, 88.625, 3.5628837576929624e-22, nan 
-179.125, 88.625, 3.4818700668241605e-22, nan 
-178.875, 88.625, 3.266910167703704e-22, nan 
-178.625, 88.625, 3.207568236582368e-22, nan 
-178.375, 88.625, 3.3210439650200006e-22, nan 
-178.125, 88.625, 3.264974637435429e-22, nan 
-177.875, 88.625, 3.2027808725753606e-22, nan 
-177.625, 88.625, 3.1870220522800033e-22, nan 
-177.375, 88.625, 3.178682104635187e-22, nan 
-177.125, 88.625, 2.808525255667038e-22, nan 
-176.875, 88.625, 2.721276707130603e-22, nan 
-176.625, 88.625, 2.716766847914893e-22, nan 
-176.375, 88.625, 2.1299643237249747e-22, nan 
-176.125, 88.625, 2.0596481637700697e-22, nan 
-175.875, 88.625, 3.55503606135624e-22, nan 
-175.625, 88.625, 3.2841243758292435e-22, nan 
-175.375, 88.625, 2.467101373704869e-22, nan 
-175.125, 88.625, 2.4723413186166903e-22, nan 
-174.875, 88.625, 2.8644320339682805e-22, nan 
-174.625, 88.625, 4.304607580073532e-22, nan 
-174.375, 88.625, 4.459292032234195e-22, nan 
-174.125, 88.625, 2.449318435313194e-22, nan 
-173.875, 88.625, 2.5844798572301107e-22, nan 
-173.625, 88.625, 3.4283601401708516e-22, nan 
-173.375, 88.625, 3.616248375321821e-22, nan 
-173.125, 88.625, 4.28138221580907e-22, nan 
-172.875, 88.625, 5.140143339960008e-22, nan 
-172.625, 88.625, 5.78329320421753e-22, nan 
-172.375, 88.625, 6.325811500638421e-22, nan 
-172.125, 88.625, 7.437967663883444e-22, nan 
-171.875, 88.625, 7.669185615492098e-22, nan 
-171.625, 88.625, 7.799206931825594e-22, nan 
-171.375, 88.625, 7.687516018559956e-22, nan 
-171.125, 88.625, 8.473959155466412e-22, nan 
-170.875, 88.625, 8.31693765036969e-22, nan 
-170.625, 88.625, 8.303237298323701e-22, nan 
-170.375, 88.625, 7.045304012505665e-22, nan 
-170.125, 88.625, 8.417917859523269e-22, nan 
-169.875, 88.625, 7.9083985522799e-22, nan 
-169.625, 88.625, 8.79281085050297e-22, nan 
-169.375, 88.625, 8.579202819315905e-22, nan 
-169.125, 88.625, 8.491778268169482e-22, nan 
-168.875, 88.625, 8.16170587452876e-22, nan 
-168.625, 88.625, 7.926223931585144e-22, nan 
-168.375, 88.625, 7.945146643884914e-22, nan 
-168.125, 88.625, 8.364962789652854e-22, nan 
-167.875, 88.625, 8.46203247808662e-22, nan 
-167.625, 88.625, 8.324862987203206e-22, nan 
-167.375, 88.625, 8.57996336955879e-22, nan 
-167.125, 88.625, 8.603271925999486e-22, nan 
-166.875, 88.625, 8.009870230655385e-22, nan 
-166.625, 88.625, 7.405096179513616e-22, nan 
-166.375, 88.625, 6.90982012302402e-22, nan 
-166.125, 88.625, 4.743322996809342e-22, nan 
-165.875, 88.625, 5.214685514320606e-22, nan 
-165.625, 88.625, 9.3680716801129e-22, nan 
-165.375, 88.625, 5.370820470000416e-22, nan 
-165.125, 88.625, 5.892862298946502e-22, nan 
-164.875, 88.625, 6.267083367501929e-22, nan 
-164.625, 88.625, 6.627847257221897e-22, nan 
-164.375, 88.625, 7.961638194629335e-22, nan 
-164.125, 88.625, 7.145850828752025e-22, nan 
-163.875, 88.625, 5.8621354989695235e-22, nan 
-163.625, 88.625, 6.004921373005506e-22, nan 
-163.375, 88.625, 6.134265046266179e-22, nan 
-163.125, 88.625, 5.426188675224644e-22, nan 
-162.875, 88.625, 5.76558727627985e-22, nan 
-162.625, 88.625, 6.323943836419779e-22, nan 
-162.375, 88.625, 6.731012409409802e-22, nan 
-162.125, 88.625, 7.060216585148359e-22, nan 
-161.875, 88.625, 8.139695546560459e-22, nan 
-161.625, 88.625, 8.813877730538876e-22, nan 
-161.375, 88.625, 9.291721376944256e-22, nan 
-161.125, 88.625, 9.600306812342494e-22, nan 
-160.875, 88.625, 9.948463103398276e-22, nan 
-160.625, 88.625, 9.684681559688485e-22, nan 
-160.375, 88.625, 9.240009978515858e-22, nan 
-160.125, 88.625, 8.268147848129386e-22, nan 
-159.875, 88.625, 8.001977623914379e-22, nan 
-159.625, 88.625, 6.938308057303478e-22, nan 
-159.375, 88.625, 7.193521443284189e-22, nan 
-159.125, 88.625, 6.438469284285566e-22, nan 
-158.875, 88.625, 6.408950644015546e-22, nan 
-158.625, 88.625, 5.874128858998938e-22, nan 
-158.375, 88.625, 5.6703184418312795e-22, nan 
-158.125, 88.625, 5.626278403669922e-22, nan 
-157.875, 88.625, 5.797346677298437e-22, nan 
-157.625, 88.625, 5.834420720895955e-22, nan 
-157.375, 88.625, 5.7860945363434275e-22, nan 
-157.125, 88.625, 5.84243158904876e-22, nan 
-156.875, 88.625, 5.850237459380642e-22, nan 
-156.625, 88.625, 5.584915236141779e-22, nan 
-156.375, 88.625, 4.99756700711122e-22, nan 
-156.125, 88.625, 4.776073175240167e-22, nan 
-155.875, 88.625, 3.4796385504244925e-22, nan 
-155.625, 88.625, 3.6544672586245964e-22, nan 
-155.375, 88.625, 5.980081301917236e-22, nan 
-155.125, 88.625, 2.556481385123161e-22, nan 
-154.875, 88.625, 3.523548836208782e-22, nan 
-154.625, 88.625, 3.4461130947388233e-22, nan 
-154.375, 88.625, 3.340216070662182e-22, nan 
-154.125, 88.625, 2.3785537801304365e-22, nan 
-153.875, 88.625, 2.3583520862847466e-22, nan 
-153.625, 88.625, 3.883038760318371e-22, nan 
-153.375, 88.625, 3.78741171076673e-22, nan 
-153.125, 88.625, 3.046426884344699e-22, nan 
-152.875, 88.625, 2.792190414392811e-22, nan 
-152.625, 88.625, 2.7749185919192266e-22, nan 
-152.375, 88.625, 2.579284753773841e-22, nan 
-152.125, 88.625, 2.5379312332694437e-22, nan 
-151.875, 88.625, 2.483909793836512e-22, nan 
-151.625, 88.625, 2.653943169442984e-22, nan 
-151.375, 88.625, 2.4004105845874594e-22, nan 
-151.125, 88.625, 2.0780350981874617e-22, nan 
-150.875, 88.625, 1.6449649487472872e-22, nan 
-150.625, 88.625, 1.7567075231550823e-22, nan 
-150.375, 88.625, 1.6413828299301435e-22, nan 
-150.125, 88.625, 1.7846141970736872e-22, nan 
-149.875, 88.625, 1.7604970377655649e-22, nan 
-149.625, 88.625, 1.830666977480071e-22, nan 
-149.375, 88.625, 2.2933560076345563e-22, nan 
-149.125, 88.625, 2.288347282033017e-22, nan 
-148.875, 88.625, 2.3953365377969257e-22, nan 
-148.625, 88.625, 2.3826707227189706e-22, nan 
-148.375, 88.625, 2.5955111470887935e-22, nan 
-148.125, 88.625, 2.455399241304491e-22, nan 
-147.875, 88.625, 2.4139787189245385e-22, nan 
-147.625, 88.625, 2.1140260128842136e-22, nan 
-147.375, 88.625, 1.9149040287422166e-22, nan 
-147.125, 88.625, 1.8450267884029405e-22, nan 
-146.875, 88.625, 1.8285696837020157e-22, nan 
-146.625, 88.625, 1.828713311122586e-22, nan 
-146.375, 88.625, 1.6994962011134055e-22, nan 
-146.125, 88.625, 2.0248527384354226e-22, nan 
-145.875, 88.625, 2.2879792321956664e-22, nan 
-145.625, 88.625, 2.171021326942635e-22, nan 
-145.375, 88.625, 2.13706714059205e-22, nan 
-145.125, 88.625, 1.8824780449499967e-22, nan 
-144.875, 88.625, 1.7675001739905826e-22, nan 
-144.625, 88.625, 1.6531741653918772e-22, nan 
-144.375, 88.625, 1.4717083108564743e-22, nan 
-144.125, 88.625, 1.3349197513290647e-22, nan 
-143.875, 88.625, 1.3531199842340939e-22, nan 
-143.625, 88.625, 1.3449591336114247e-22, nan 
-143.375, 88.625, 1.3253134310590366e-22, nan 
-143.125, 88.625, 1.3774024175091798e-22, nan 
-142.875, 88.625, 1.3244533990371707e-22, nan 
-142.625, 88.625, 1.2607336879549846e-22, nan 
-142.375, 88.625, 1.7877499816830178e-22, nan 
-142.125, 88.625, 1.1435664571162225e-22, nan 
-141.875, 88.625, 1.259404050256442e-22, nan 
-141.625, 88.625, 1.3187060782856463e-22, nan 
-141.375, 88.625, 1.2455595041561495e-22, nan 
-141.125, 88.625, 1.198696613974321e-22, nan 
-140.875, 88.625, 1.092239157266865e-22, nan 
-140.625, 88.625, 8.491142029488406e-23, nan 
-140.375, 88.625, 9.498618559248902e-23, nan 
-140.125, 88.625, 7.21493048215444e-23, nan 
-139.875, 88.625, 8.475612323463591e-23, nan 
-139.625, 88.625, 8.457086805387408e-23, nan 
-139.375, 88.625, 8.911894446518981e-23, nan 
-139.125, 88.625, 9.988066954651222e-23, nan 
-138.875, 88.625, 1.0591458535400316e-22, nan 
-138.625, 88.625, 1.2058412888463172e-22, nan 
-138.375, 88.625, 5.830590756236237e-23, nan 
-138.125, 88.625, 4.39595810982218e-23, nan 
-137.875, 88.625, 5.0138916416389903e-23, nan 
-137.625, 88.625, 5.41488524396163e-23, nan 
-137.375, 88.625, 6.328909108660743e-23, nan 
-137.125, 88.625, 1.5675604717677713e-22, nan 
-136.875, 88.625, 1.1590437865377341e-22, nan 
-136.625, 88.625, 1.082078638941138e-22, nan 
-136.375, 88.625, 9.943143228894761e-23, nan 
-136.125, 88.625, 8.987417646454236e-23, nan 
-135.875, 88.625, 7.296147421152102e-23, nan 
-135.625, 88.625, 6.865150898904057e-23, nan 
-135.375, 88.625, 6.575336188134364e-23, nan 
-135.125, 88.625, 6.695096948473629e-23, nan 
-134.875, 88.625, 8.493285490091683e-23, nan 
-134.625, 88.625, 9.48979141302585e-23, nan 
-134.375, 88.625, 7.246843998817765e-23, nan 
-134.125, 88.625, 7.902569132677439e-23, nan 
-133.875, 88.625, 7.370625437726735e-23, nan 
-133.625, 88.625, 6.936966627838271e-23, nan 
-133.375, 88.625, 8.024338920262593e-23, nan 
-133.125, 88.625, 7.644564490038025e-23, nan 
-132.875, 88.625, 8.457595160215653e-23, nan 
-132.625, 88.625, 1.5294584898099987e-22, nan 
-132.375, 88.625, 1.8034430099613608e-22, nan 
-132.125, 88.625, 1.5368197543553576e-22, nan 
-131.875, 88.625, 1.7800502974574693e-22, nan 
-131.625, 88.625, 2.045291454386043e-22, nan 
-131.375, 88.625, 1.8973900240049716e-22, nan 
-131.125, 88.625, 2.1543756383121586e-22, nan 
-130.875, 88.625, 2.369208086559063e-22, nan 
-130.625, 88.625, 2.343848757650025e-22, nan 
-130.375, 88.625, 2.6235980224351575e-22, nan 
-130.125, 88.625, 2.3295308456973976e-22, nan 
-129.875, 88.625, 2.267003894961236e-22, nan 
-129.625, 88.625, 2.4556754893674407e-22, nan 
-129.375, 88.625, 2.5116801505901687e-22, nan 
-129.125, 88.625, 2.2299437837992786e-22, nan 
-128.875, 88.625, 2.1765046596955885e-22, nan 
-128.625, 88.625, 2.0996867243593873e-22, nan 
-128.375, 88.625, 2.4179072823342215e-22, nan 
-128.125, 88.625, 2.432861814465616e-22, nan 
-127.875, 88.625, 2.475098260252247e-22, nan 
-127.625, 88.625, 2.676007853613145e-22, nan 
-127.375, 88.625, 2.6411185279269954e-22, nan 
-127.125, 88.625, 3.150017081255452e-22, nan 
-126.875, 88.625, 3.987527088586261e-22, nan 
-126.625, 88.625, 4.2337940113404683e-22, nan 
-126.375, 88.625, 4.1858004212491717e-22, nan 
-126.125, 88.625, 4.0198080935376154e-22, nan 
-125.875, 88.625, 3.7882495081402573e-22, nan 
-125.625, 88.625, 3.713750173781395e-22, nan 
-125.375, 88.625, 3.597045596027031e-22, nan 
-125.125, 88.625, 3.8384140250812783e-22, nan 
-124.875, 88.625, 3.758925216643289e-22, nan 
-124.625, 88.625, 4.01319635019623e-22, nan 
-124.375, 88.625, 4.126380255665955e-22, nan 
-124.125, 88.625, 4.1881815126391484e-22, nan 
-123.875, 88.625, 4.0544919034762147e-22, nan 
-123.625, 88.625, 3.9193251859002395e-22, nan 
-123.375, 88.625, 3.6530594171608146e-22, nan 
-123.125, 88.625, 3.5221967372938145e-22, nan 
-122.875, 88.625, 3.2706694079533227e-22, nan 
-122.625, 88.625, 3.092064894514096e-22, nan 
-122.375, 88.625, 2.995758247605508e-22, nan 
-122.125, 88.625, 2.8833433779060933e-22, nan 
-121.875, 88.625, 2.8884568229836255e-22, nan 
-121.625, 88.625, 2.6036528802425823e-22, nan 
-121.375, 88.625, 2.547596578877483e-22, nan 
-121.125, 88.625, 2.4852870552797613e-22, nan 
-120.875, 88.625, 2.4698590180285985e-22, nan 
-120.625, 88.625, 2.5418600998958694e-22, nan 
-120.375, 88.625, 2.4942926815591243e-22, nan 
-120.125, 88.625, 2.448068604521408e-22, nan 
-119.875, 88.625, 2.3823873958130134e-22, nan 
-119.625, 88.625, 2.4056617330633917e-22, nan 
-119.375, 88.625, 2.314160607001932e-22, nan 
-119.125, 88.625, 2.3252643231148365e-22, nan 
-118.875, 88.625, 2.4002366059907103e-22, nan 
-118.625, 88.625, 2.142274221889905e-22, nan 
-118.375, 88.625, 2.138950796518407e-22, nan 
-118.125, 88.625, 1.97736977633562e-22, nan 
-117.875, 88.625, 2.131327340433182e-22, nan 
-117.625, 88.625, 2.0913193925301361e-22, nan 
-117.375, 88.625, 2.0413727443596032e-22, nan 
-117.125, 88.625, 2.301670238029071e-22, nan 
-116.875, 88.625, 2.3899046679521782e-22, nan 
-116.625, 88.625, 3.104047778609403e-22, nan 
-116.375, 88.625, 3.059444313892789e-22, nan 
-116.125, 88.625, 3.092635736970697e-22, nan 
-115.875, 88.625, 2.9254685803649853e-22, nan 
-115.625, 88.625, 2.8076257296809684e-22, nan 
-115.375, 88.625, 2.7464484268395216e-22, nan 
-115.125, 88.625, 2.6765714941044136e-22, nan 
-114.875, 88.625, 2.7318276484521247e-22, nan 
-114.625, 88.625, 2.7431611971675036e-22, nan 
-114.375, 88.625, 2.8037785544959414e-22, nan 
-114.125, 88.625, 2.865014282028485e-22, nan 
-113.875, 88.625, 2.906928116515219e-22, nan 
-113.625, 88.625, 2.789723478513627e-22, nan 
-113.375, 88.625, 2.679934497052913e-22, nan 
-113.125, 88.625, 2.600441359568011e-22, nan 
-112.875, 88.625, 2.4457720451652143e-22, nan 
-112.625, 88.625, 2.274477774076691e-22, nan 
-112.375, 88.625, 2.227917130370688e-22, nan 
-112.125, 88.625, 1.9491841733696135e-22, nan 
-111.875, 88.625, 1.94029155915378e-22, nan 
-111.625, 88.625, 1.8350799796692473e-22, nan 
-111.375, 88.625, 1.970277154861777e-22, nan 
-111.125, 88.625, 1.855180591437193e-22, nan 
-110.875, 88.625, 1.7667558876559312e-22, nan 
-110.625, 88.625, 1.7280271219428465e-22, nan 
-110.375, 88.625, 1.7381229269684144e-22, nan 
-110.125, 88.625, 1.723089827814497e-22, nan 
-109.875, 88.625, 1.6883797216687382e-22, nan 
-109.625, 88.625, 1.3528772207894317e-22, nan 
-109.375, 88.625, 1.3398636323676345e-22, nan 
-109.125, 88.625, 1.3947925431707113e-22, nan 
-108.875, 88.625, 1.2761527036409899e-22, nan 
-108.625, 88.625, 1.3800181999278905e-22, nan 
-108.375, 88.625, 1.4233903160519743e-22, nan 
-108.125, 88.625, 1.3142470001739239e-22, nan 
-107.875, 88.625, 1.3437381385430093e-22, nan 
-107.625, 88.625, 1.2755512321810335e-22, nan 
-107.375, 88.625, 1.531395646651826e-22, nan 
-107.125, 88.625, 1.5028279793052688e-22, nan 
-106.875, 88.625, 1.4743642090484087e-22, nan 
-106.625, 88.625, 1.480441929686188e-22, nan 
-106.375, 88.625, 1.5434347307911597e-22, nan 
-106.125, 88.625, 1.594515808544849e-22, nan 
-105.875, 88.625, 1.8472891968431794e-22, nan 
-105.625, 88.625, 1.5672283260220958e-22, nan 
-105.375, 88.625, 1.4347766158360032e-22, nan 
-105.125, 88.625, 1.2919136493627695e-22, nan 
-104.875, 88.625, 1.1528693409616505e-22, nan 
-104.625, 88.625, 1.1812141572733194e-22, nan 
-104.375, 88.625, 1.3527517539239475e-22, nan 
-104.125, 88.625, 1.4176004479531005e-22, nan 
-103.875, 88.625, 1.2005318947970837e-22, nan 
-103.625, 88.625, 1.1361736538345472e-22, nan 
-103.375, 88.625, 1.16862383727874e-22, nan 
-103.125, 88.625, 1.1515751586220037e-22, nan 
-102.875, 88.625, 9.557419957039311e-23, nan 
-102.625, 88.625, 9.597987583730733e-23, nan 
-102.375, 88.625, 1.1238128680329298e-22, nan 
-102.125, 88.625, 1.2953855062294355e-22, nan 
-101.875, 88.625, 1.1252996739475423e-22, nan 
-101.625, 88.625, 1.2540918630619445e-22, nan 
-101.375, 88.625, 1.244820722284914e-22, nan 
-101.125, 88.625, 1.585251768931011e-22, nan 
-100.875, 88.625, 1.3865873464758215e-22, nan 
-100.625, 88.625, 1.1872698878255705e-22, nan 
-100.375, 88.625, 1.2181169598973487e-22, nan 
-100.125, 88.625, 1.3276656894046322e-22, nan 
-99.875, 88.625, 1.281748412570098e-22, nan 
-99.625, 88.625, 1.3643194800893287e-22, nan 
-99.375, 88.625, 1.1637826866215136e-22, nan 
-99.125, 88.625, 1.0855748603272854e-22, nan 
-98.875, 88.625, 1.2026863982173579e-22, nan 
-98.625, 88.625, 1.0606912207659897e-22, nan 
-98.375, 88.625, 9.865324164019796e-23, nan 
-98.125, 88.625, 1.194885813938613e-22, nan 
-97.875, 88.625, 1.108963471591151e-22, nan 
-97.625, 88.625, 1.1077349940456655e-22, nan 
-97.375, 88.625, 9.497985605636049e-23, nan 
-97.125, 88.625, 1.083019271753776e-22, nan 
-96.875, 88.625, 1.0086995460252555e-22, nan 
-96.625, 88.625, 9.519008989440265e-23, nan 
-96.375, 88.625, 8.48948289951598e-23, nan 
-96.125, 88.625, 8.70723767367829e-23, nan 
-95.875, 88.625, 9.491655837662644e-23, nan 
-95.625, 88.625, 6.048922012422586e-23, nan 
-95.375, 88.625, 6.429595525238255e-23, nan 
-95.125, 88.625, 7.27396812276668e-23, nan 
-94.875, 88.625, 8.0566865193897e-23, nan 
-94.625, 88.625, 8.72206909165814e-23, nan 
-94.375, 88.625, 8.024701223571646e-23, nan 
-94.125, 88.625, 7.940694530892292e-23, nan 
-93.875, 88.625, 8.022869561321107e-23, nan 
-93.625, 88.625, 7.803073434366156e-23, nan 
-93.375, 88.625, 7.990346508284527e-23, nan 
-93.125, 88.625, 8.90564241916371e-23, nan 
-92.875, 88.625, 8.478886930404821e-23, nan 
-92.625, 88.625, 8.036537383758716e-23, nan 
-92.375, 88.625, 8.590588921919196e-23, nan 
-92.125, 88.625, 8.188256069571244e-23, nan 
-91.875, 88.625, 8.003921359992983e-23, nan 
-91.625, 88.625, 9.382691488749343e-23, nan 
-91.375, 88.625, 8.94430208842762e-23, nan 
-91.125, 88.625, 9.385985800447702e-23, nan 
-90.875, 88.625, 8.413171835686009e-23, nan 
-90.625, 88.625, 8.631516220997705e-23, nan 
-90.375, 88.625, 8.888892543387447e-23, nan 
-90.125, 88.625, 8.207811458069301e-23, nan 
-89.875, 88.625, 6.892627153060326e-23, nan 
-89.625, 88.625, 5.749938963131432e-23, nan 
-89.375, 88.625, 4.15138819428328e-23, nan 
-89.125, 88.625, 5.473357226205614e-23, nan 
-88.875, 88.625, 4.8272223524423886e-23, nan 
-88.625, 88.625, 4.8104447608126005e-23, nan 
-88.375, 88.625, 6.002510826346683e-23, nan 
-88.125, 88.625, 6.227736465793069e-23, nan 
-87.875, 88.625, 6.633340634500599e-23, nan 
-87.625, 88.625, 6.997288880061701e-23, nan 
-87.375, 88.625, 7.543943401651297e-23, nan 
-87.125, 88.625, 8.30228786553296e-23, nan 
-86.875, 88.625, 9.207478646264125e-23, nan 
-86.625, 88.625, 8.899243124468428e-23, nan 
-86.375, 88.625, 7.995746748491296e-23, nan 
-86.125, 88.625, 7.970442719363471e-23, nan 
-85.875, 88.625, 6.739250686089926e-23, nan 
-85.625, 88.625, 7.840254260591001e-23, nan 
-85.375, 88.625, 9.44811701967942e-23, nan 
-85.125, 88.625, 1.110980989825094e-22, nan 
-84.875, 88.625, 1.211481057351066e-22, nan 
-84.625, 88.625, 1.2427098345026017e-22, nan 
-84.375, 88.625, 1.277375114955712e-22, nan 
-84.125, 88.625, 1.2736005577646243e-22, nan 
-83.875, 88.625, 1.365342779974218e-22, nan 
-83.625, 88.625, 1.3541398688841923e-22, nan 
-83.375, 88.625, 1.1911730957031794e-22, nan 
-83.125, 88.625, 1.2981350751683052e-22, nan 
-82.875, 88.625, 1.3154179395943896e-22, nan 
-82.625, 88.625, 1.348989865593284e-22, nan 
-82.375, 88.625, 1.2336443777416855e-22, nan 
-82.125, 88.625, 1.1864266292820757e-22, nan 
-81.875, 88.625, 1.1217521257646103e-22, nan 
-81.625, 88.625, 1.1074011803651476e-22, nan 
-81.375, 88.625, 1.07555717979515e-22, nan 
-81.125, 88.625, 1.11054262711382e-22, nan 
-80.875, 88.625, 1.0472173620898727e-22, nan 
-80.625, 88.625, 1.4170208303644102e-22, nan 
-80.375, 88.625, 1.4547497259543152e-22, nan 
-80.125, 88.625, 1.379916906342714e-22, nan 
-79.875, 88.625, 1.3803259389073836e-22, nan 
-79.625, 88.625, 1.195410174000985e-22, nan 
-79.375, 88.625, 1.1383302608371377e-22, nan 
-79.125, 88.625, 1.2267110967299676e-22, nan 
-78.875, 88.625, 1.231831468568511e-22, nan 
-78.625, 88.625, 1.259597602767914e-22, nan 
-78.375, 88.625, 1.1709277100963774e-22, nan 
-78.125, 88.625, 1.2667634107147156e-22, nan 
-77.875, 88.625, 1.4304109768412914e-22, nan 
-77.625, 88.625, 1.1595173368292098e-22, nan 
-77.375, 88.625, 1.2854862177390862e-22, nan 
-77.125, 88.625, 1.3482835181850868e-22, nan 
-76.875, 88.625, 1.1940962390262956e-22, nan 
-76.625, 88.625, 1.2386520987744152e-22, nan 
-76.375, 88.625, 1.2346642604632212e-22, nan 
-76.125, 88.625, 1.1402875290433867e-22, nan 
-75.875, 88.625, 1.1028173466859493e-22, nan 
-75.625, 88.625, 1.0348945052849455e-22, nan 
-75.375, 88.625, 1.0458718499324504e-22, nan 
-75.125, 88.625, 1.0691892838439271e-22, nan 
-74.875, 88.625, 1.2554936165606888e-22, nan 
-74.625, 88.625, 1.235290121798306e-22, nan 
-74.375, 88.625, 1.2786344401831198e-22, nan 
-74.125, 88.625, 1.2829842517183894e-22, nan 
-73.875, 88.625, 1.317909041396934e-22, nan 
-73.625, 88.625, 1.3769220180970505e-22, nan 
-73.375, 88.625, 1.4030290088219734e-22, nan 
-73.125, 88.625, 1.2162654692668134e-22, nan 
-72.875, 88.625, 1.2524074901880185e-22, nan 
-72.625, 88.625, 1.2660690138643957e-22, nan 
-72.375, 88.625, 1.345229697755849e-22, nan 
-72.125, 88.625, 1.2042159096562333e-22, nan 
-71.875, 88.625, 1.153491830104653e-22, nan 
-71.625, 88.625, 1.1332729978007933e-22, nan 
-71.375, 88.625, 1.1023561641982166e-22, nan 
-71.125, 88.625, 1.1006750174851236e-22, nan 
-70.875, 88.625, 1.0801754006371414e-22, nan 
-70.625, 88.625, 1.0219850935129732e-22, nan 
-70.375, 88.625, 1.2193970474023375e-22, nan 
-70.125, 88.625, 1.2868746651622119e-22, nan 
-69.875, 88.625, 1.2844105895390813e-22, nan 
-69.625, 88.625, 1.290487382718768e-22, nan 
-69.375, 88.625, 1.2110890083639212e-22, nan 
-69.125, 88.625, 1.1135891808911126e-22, nan 
-68.875, 88.625, 1.1814715852231755e-22, nan 
-68.625, 88.625, 1.1925425395165104e-22, nan 
-68.375, 88.625, 1.1599419871398753e-22, nan 
-68.125, 88.625, 1.023432766955935e-22, nan 
-67.875, 88.625, 1.1247637760654515e-22, nan 
-67.625, 88.625, 1.3799664385116823e-22, nan 
-67.375, 88.625, 9.116957105631934e-23, nan 
-67.125, 88.625, 1.0287905879697814e-22, nan 
-66.875, 88.625, 1.0658140932992385e-22, nan 
-66.625, 88.625, 8.0834634350145e-23, nan 
-66.375, 88.625, 7.059392025940124e-23, nan 
-66.125, 88.625, 7.436841939176708e-23, nan 
-65.875, 88.625, 7.657092553411987e-23, nan 
-65.625, 88.625, 7.872887275832647e-23, nan 
-65.375, 88.625, 8.356130128101532e-23, nan 
-65.125, 88.625, 7.360464760008781e-23, nan 
-64.875, 88.625, 5.816024269321229e-23, nan 
-64.625, 88.625, 5.274194357287092e-23, nan 
-64.375, 88.625, 4.2575788831256065e-23, nan 
-64.125, 88.625, 3.796997006015956e-23, nan 
-63.875, 88.625, 3.411277764162677e-23, nan 
-63.625, 88.625, 3.151685378217795e-23, nan 
-63.375, 88.625, 3.101613887700082e-23, nan 
-63.125, 88.625, 3.2582743229744584e-23, nan 
-62.875, 88.625, 4.185093425586914e-23, nan 
-62.625, 88.625, 4.791426291531082e-23, nan 
-62.375, 88.625, 5.254644923257873e-23, nan 
-62.125, 88.625, 5.792618923788507e-23, nan 
-61.875, 88.625, 7.802299228100817e-23, nan 
-61.625, 88.625, 8.215079219625902e-23, nan 
-61.375, 88.625, 4.7588456655978564e-23, nan 
-61.125, 88.625, 5.082089571113274e-23, nan 
-60.875, 88.625, 5.465469360533622e-23, nan 
-60.625, 88.625, 5.768802972131612e-23, nan 
-60.375, 88.625, 8.312106337540767e-23, nan 
-60.125, 88.625, 1.1926129986981469e-22, nan 
-59.875, 88.625, 1.4147114411224645e-22, nan 
-59.625, 88.625, 1.0048209827714035e-22, nan 
-59.375, 88.625, 5.079643541839921e-23, nan 
-59.125, 88.625, 4.091961709443674e-23, nan 
-58.875, 88.625, 2.487506180148139e-23, nan 
-58.625, 88.625, 4.5488827725664676e-23, nan 
-58.375, 88.625, 3.3978288637792207e-23, nan 
-58.125, 88.625, 5.586637910755769e-23, nan 
-57.875, 88.625, 6.355927842502519e-23, nan 
-57.625, 88.625, 5.879695243423399e-23, nan 
-57.375, 88.625, 6.458599407573698e-23, nan 
-57.125, 88.625, 7.149616824583967e-23, nan 
-56.875, 88.625, 7.095723986529684e-23, nan 
-56.625, 88.625, 9.224616694691653e-23, nan 
-56.375, 88.625, 1.2416815161029096e-22, nan 
-56.125, 88.625, 1.1484320005661623e-22, nan 
-55.875, 88.625, 1.1984075782376314e-22, nan 
-55.625, 88.625, 1.608522692177554e-22, nan 
-55.375, 88.625, 1.2205743980025137e-22, nan 
-55.125, 88.625, 1.0404931474448681e-22, nan 
-54.875, 88.625, 9.960615763751724e-23, nan 
-54.625, 88.625, 8.233426237970347e-23, nan 
-54.375, 88.625, 5.922780400272034e-23, nan 
-54.125, 88.625, 6.380485587356895e-23, nan 
-53.875, 88.625, 8.96057652349273e-23, nan 
-53.625, 88.625, 9.288952555154277e-23, nan 
-53.375, 88.625, 1.157824311074264e-22, nan 
-53.125, 88.625, 1.3218572414570843e-22, nan 
-52.875, 88.625, 1.411588726209586e-22, nan 
-52.625, 88.625, 1.36918573348609e-22, nan 
-52.375, 88.625, 1.853390258247696e-22, nan 
-52.125, 88.625, 2.239853307154508e-22, nan 
-51.875, 88.625, 2.3507970902662866e-22, nan 
-51.625, 88.625, 1.9592902792481065e-22, nan 
-51.375, 88.625, 1.7583763340017402e-22, nan 
-51.125, 88.625, 1.6102739607047358e-22, nan 
-50.875, 88.625, 1.4618174134264496e-22, nan 
-50.625, 88.625, 1.3414230981219568e-22, nan 
-50.375, 88.625, 1.6154033290276167e-22, nan 
-50.125, 88.625, 6.53715459263083e-23, nan 
-49.875, 88.625, 1.1426194336065404e-22, nan 
-49.625, 88.625, 1.1754455816298395e-22, nan 
-49.375, 88.625, 1.0785552118201388e-22, nan 
-49.125, 88.625, 1.1668409675268697e-22, nan 
-48.875, 88.625, 9.573880917784102e-23, nan 
-48.625, 88.625, 1.111043343979852e-22, nan 
-48.375, 88.625, 8.812613051377805e-23, nan 
-48.125, 88.625, 9.633961711952329e-23, nan 
-47.875, 88.625, 9.222898687578498e-23, nan 
-47.625, 88.625, 9.08361563163641e-23, nan 
-47.375, 88.625, 9.045629267496517e-23, nan 
-47.125, 88.625, 9.106948560646933e-23, nan 
-46.875, 88.625, 9.281238986957459e-23, nan 
-46.625, 88.625, 9.653140026268293e-23, nan 
-46.375, 88.625, 1.3019111042760587e-22, nan 
-46.125, 88.625, 1.848653650660101e-22, nan 
-45.875, 88.625, 1.5507164817940652e-22, nan 
-45.625, 88.625, 1.6694971510935673e-22, nan 
-45.375, 88.625, 2.4812104034537354e-22, nan 
-45.125, 88.625, 1.6604170057856082e-22, nan 
-44.875, 88.625, 1.499706220123927e-22, nan 
-44.625, 88.625, 1.5253315454552522e-22, nan 
-44.375, 88.625, 1.5164020129009671e-22, nan 
-44.125, 88.625, 1.8789270480923953e-22, nan 
-43.875, 88.625, 1.9743355468744413e-22, nan 
-43.625, 88.625, 1.3900567611888275e-22, nan 
-43.375, 88.625, 1.9799521485405028e-22, nan 
-43.125, 88.625, 1.8658903851920687e-22, nan 
-42.875, 88.625, 1.597979086307066e-22, nan 
-42.625, 88.625, 1.8038444672673912e-22, nan 
-42.375, 88.625, 1.7056724381785732e-22, nan 
-42.125, 88.625, 1.7571813072878662e-22, nan 
-41.875, 88.625, 1.5991515929135093e-22, nan 
-41.625, 88.625, 1.7596422889304047e-22, nan 
-41.375, 88.625, 1.6611204794433851e-22, nan 
-41.125, 88.625, 1.7074321703049824e-22, nan 
-40.875, 88.625, 1.7295552474637997e-22, nan 
-40.625, 88.625, 1.7353785109475823e-22, nan 
-40.375, 88.625, 1.8704939204496049e-22, nan 
-40.125, 88.625, 1.774054503484933e-22, nan 
-39.875, 88.625, 1.8375089589652938e-22, nan 
-39.625, 88.625, 1.8875681583639153e-22, nan 
-39.375, 88.625, 1.9219017614529739e-22, nan 
-39.125, 88.625, 1.902942227448934e-22, nan 
-38.875, 88.625, 1.9599577827709021e-22, nan 
-38.625, 88.625, 1.9407155065405164e-22, nan 
-38.375, 88.625, 1.8934554903730108e-22, nan 
-38.125, 88.625, 1.9558013319616344e-22, nan 
-37.875, 88.625, 1.8697526989520406e-22, nan 
-37.625, 88.625, 1.7861865699090972e-22, nan 
-37.375, 88.625, 1.749846480248737e-22, nan 
-37.125, 88.625, 1.7544831300059235e-22, nan 
-36.875, 88.625, 1.4369577942827064e-22, nan 
-36.625, 88.625, 1.4887725445893657e-22, nan 
-36.375, 88.625, 1.1638062570729262e-22, nan 
-36.125, 88.625, 1.0062306089454441e-22, nan 
-35.875, 88.625, 9.59663128420115e-23, nan 
-35.625, 88.625, 1.2451030002873107e-22, nan 
-35.375, 88.625, 1.7064498069106183e-22, nan 
-35.125, 88.625, 2.282565469583025e-22, nan 
-34.875, 88.625, 2.7568159983838496e-22, nan 
-34.625, 88.625, 3.040260339799811e-22, nan 
-34.375, 88.625, 2.969171273757825e-22, nan 
-34.125, 88.625, 2.388302709089776e-22, nan 
-33.875, 88.625, 2.315203257070115e-22, nan 
-33.625, 88.625, 2.294058047978439e-22, nan 
-33.375, 88.625, 1.7692748879542402e-22, nan 
-33.125, 88.625, 1.9375822523677228e-22, nan 
-32.875, 88.625, 2.1122825541478592e-22, nan 
-32.625, 88.625, 1.6325877739697134e-22, nan 
-32.375, 88.625, 2.0646525167172077e-22, nan 
-32.125, 88.625, 1.6397552539676337e-22, nan 
-31.875, 88.625, 1.2734688935314681e-22, nan 
-31.625, 88.625, 1.5699612396945184e-22, nan 
-31.375, 88.625, 1.354877626940488e-22, nan 
-31.125, 88.625, 1.0550618002659711e-22, nan 
-30.875, 88.625, 1.0837124990675955e-22, nan 
-30.625, 88.625, 1.0711789649135587e-22, nan 
-30.375, 88.625, 1.0218614932793058e-22, nan 
-30.125, 88.625, 1.1306340626436404e-22, nan 
-29.875, 88.625, 9.344703163461303e-23, nan 
-29.625, 88.625, 1.0631679048355556e-22, nan 
-29.375, 88.625, 1.077845651735973e-22, nan 
-29.125, 88.625, 1.1349621103900616e-22, nan 
-28.875, 88.625, 1.0148801351745668e-22, nan 
-28.625, 88.625, 1.104970269259355e-22, nan 
-28.375, 88.625, 9.93217831265561e-23, nan 
-28.125, 88.625, 9.393668226976024e-23, nan 
-27.875, 88.625, 1.2634767702436665e-22, nan 
-27.625, 88.625, 1.0389621638383343e-22, nan 
-27.375, 88.625, 1.1339569894667032e-22, nan 
-27.125, 88.625, 1.281841971896161e-22, nan 
-26.875, 88.625, 1.2859912089838434e-22, nan 
-26.625, 88.625, 9.003139246946125e-23, nan 
-26.375, 88.625, 8.021188948656818e-23, nan 
-26.125, 88.625, 6.95325741452129e-23, nan 
-25.875, 88.625, 6.159915460094306e-23, nan 
-25.625, 88.625, 5.841278589842902e-23, nan 
-25.375, 88.625, 6.066266090683729e-23, nan 
-25.125, 88.625, 5.977951653587203e-23, nan 
-24.875, 88.625, 5.688649752654037e-23, nan 
-24.625, 88.625, 5.590294365194185e-23, nan 
-24.375, 88.625, 5.357959241352118e-23, nan 
-24.125, 88.625, 5.779991682434906e-23, nan 
-23.875, 88.625, 6.370646863421799e-23, nan 
-23.625, 88.625, 4.9127649512101e-23, nan 
-23.375, 88.625, 9.160167510690692e-23, nan 
-23.125, 88.625, 1.0453867396422132e-22, nan 
-22.875, 88.625, 7.409781125934208e-23, nan 
-22.625, 88.625, 7.262077929008849e-23, nan 
-22.375, 88.625, 5.941517551817252e-23, nan 
-22.125, 88.625, 8.997634385918382e-23, nan 
-21.875, 88.625, 3.481548013116557e-23, nan 
-21.625, 88.625, 6.06433971768948e-23, nan 
-21.375, 88.625, 7.146348117040014e-23, nan 
-21.125, 88.625, 6.767018945573412e-23, nan 
-20.875, 88.625, 6.784860814378416e-23, nan 
-20.625, 88.625, 4.020171524717693e-23, nan 
-20.375, 88.625, 2.820417781522848e-23, nan 
-20.125, 88.625, 2.6444827207354475e-23, nan 
-19.875, 88.625, 4.9152745830827907e-23, nan 
-19.625, 88.625, 5.230612581091297e-23, nan 
-19.375, 88.625, 2.811133768078043e-23, nan 
-19.125, 88.625, 3.7129188679485966e-23, nan 
-18.875, 88.625, 6.103224524352929e-23, nan 
-18.625, 88.625, 8.111756070749709e-23, nan 
-18.375, 88.625, 7.927263445483847e-23, nan 
-18.125, 88.625, 4.686730402699568e-23, nan 
-17.875, 88.625, 3.4421583930863374e-23, nan 
-17.625, 88.625, 3.914966481823451e-23, nan 
-17.375, 88.625, 3.397930772772433e-23, nan 
-17.125, 88.625, 5.947474276381344e-23, nan 
-16.875, 88.625, 4.994650943138063e-23, nan 
-16.625, 88.625, 5.744616771904725e-23, nan 
-16.375, 88.625, 2.351260250064168e-23, nan 
-16.125, 88.625, 4.625396202043418e-23, nan 
-15.875, 88.625, 4.3453286601318586e-23, nan 
-15.625, 88.625, 4.1650514808994707e-23, nan 
-15.375, 88.625, 6.087818116833055e-23, nan 
-15.125, 88.625, 4.3377377013655703e-23, nan 
-14.875, 88.625, 4.097774334556471e-23, nan 
-14.625, 88.625, 4.126063364657375e-23, nan 
-14.375, 88.625, 3.59556411077105e-23, nan 
-14.125, 88.625, 4.0072375830516894e-23, nan 
-13.875, 88.625, 3.635463951305741e-23, nan 
-13.625, 88.625, 3.440076850836182e-23, nan 
-13.375, 88.625, 2.769038012230684e-23, nan 
-13.125, 88.625, 5.0813604416868417e-23, nan 
-12.875, 88.625, 5.9923554106301e-23, nan 
-12.625, 88.625, 5.1365974899439926e-23, nan 
-12.375, 88.625, 5.683329758167355e-23, nan 
-12.125, 88.625, 3.947919296601715e-23, nan 
-11.875, 88.625, 5.366713627159031e-23, nan 
-11.625, 88.625, 5.36369501182325e-23, nan 
-11.375, 88.625, 5.416308555040579e-23, nan 
-11.125, 88.625, 4.410458392515012e-23, nan 
-10.875, 88.625, 5.90832693313826e-23, nan 
-10.625, 88.625, 6.19730619061827e-23, nan 
-10.375, 88.625, 4.83669707916409e-23, nan 
-10.125, 88.625, 5.708009985113543e-23, nan 
-9.875, 88.625, 6.061374418085575e-23, nan 
-9.625, 88.625, 6.969749623043127e-23, nan 
-9.375, 88.625, 7.08753949084173e-23, nan 
-9.125, 88.625, 6.674882148765005e-23, nan 
-8.875, 88.625, 6.132352684500463e-23, nan 
-8.625, 88.625, 6.218615379423333e-23, nan 
-8.375, 88.625, 6.425388489799584e-23, nan 
-8.125, 88.625, 6.047670152057753e-23, nan 
-7.875, 88.625, 4.893233166311506e-23, nan 
-7.625, 88.625, 6.061465449251046e-23, nan 
-7.375, 88.625, 6.922483156096938e-23, nan 
-7.125, 88.625, 8.290080760565703e-23, nan 
-6.875, 88.625, 1.0164116669369405e-22, nan 
-6.625, 88.625, 1.1024167121490045e-22, nan 
-6.375, 88.625, 1.2236057293859785e-22, nan 
-6.125, 88.625, 1.2682102433805948e-22, nan 
-5.875, 88.625, 9.19954965501868e-23, nan 
-5.625, 88.625, 3.707548701258826e-23, nan 
-5.375, 88.625, 3.1456840063379376e-23, nan 
-5.125, 88.625, 3.371134135425341e-23, nan 
-4.875, 88.625, 3.4805649432650497e-23, nan 
-4.625, 88.625, 3.1968943735276074e-23, nan 
-4.375, 88.625, 3.1777252712523245e-23, nan 
-4.125, 88.625, 4.6230260135349703e-23, nan 
-3.875, 88.625, 3.685792612773421e-23, nan 
-3.625, 88.625, 5.569818828365363e-23, nan 
-3.375, 88.625, 4.8512060915910574e-23, nan 
-3.125, 88.625, 4.7946909919617264e-23, nan 
-2.875, 88.625, 5.1784187208810216e-23, nan 
-2.625, 88.625, 4.573039965284306e-23, nan 
-2.375, 88.625, 3.590332427831448e-23, nan 
-2.125, 88.625, 4.484572203101384e-23, nan 
-1.875, 88.625, 3.3818068386674907e-23, nan 
-1.625, 88.625, 5.328450203600194e-23, nan 
-1.375, 88.625, 3.371601763913728e-23, nan 
-1.125, 88.625, 6.15593837128976e-23, nan 
-0.875, 88.625, 5.2866835509553903e-23, nan 
-0.625, 88.625, 4.7495219564673144e-23, nan 
-0.375, 88.625, 4.9392771881230544e-23, nan 
-0.125, 88.625, 4.7766411886521613e-23, nan 
0.125, 88.625, 6.272945327681388e-23, nan 
0.375, 88.625, 4.6296298905930293e-23, nan 
0.625, 88.625, 5.0956147399322884e-23, nan 
0.875, 88.625, 5.506691765491652e-23, nan 
1.125, 88.625, 4.907405120455774e-23, nan 
1.375, 88.625, 5.72731199051907e-23, nan 
1.625, 88.625, 5.1429012813334347e-23, nan 
1.875, 88.625, 5.294539673515316e-23, nan 
2.125, 88.625, 6.044278738339618e-23, nan 
2.375, 88.625, 5.871639418694489e-23, nan 
2.625, 88.625, 6.459185927664549e-23, nan 
2.875, 88.625, 7.404446176515205e-23, nan 
3.125, 88.625, 7.715631072213994e-23, nan 
3.375, 88.625, 7.387387401634233e-23, nan 
3.625, 88.625, 6.974703917165207e-23, nan 
3.875, 88.625, 4.341816090514561e-23, nan 
4.125, 88.625, 2.7824447263015076e-23, nan 
4.375, 88.625, 3.161398013880938e-23, nan 
4.625, 88.625, 3.421389644237467e-23, nan 
4.875, 88.625, 2.9944599919956076e-23, nan 
5.125, 88.625, 7.582213256287794e-23, nan 
5.375, 88.625, 3.1725641211533914e-23, nan 
5.625, 88.625, 5.846212760239453e-23, nan 
5.875, 88.625, 3.7430246796377976e-23, nan 
6.125, 88.625, 8.099123946675982e-23, nan 
6.375, 88.625, 7.670797116074712e-23, nan 
6.625, 88.625, 1.197956528037055e-22, nan 
6.875, 88.625, 5.0286315452842825e-23, nan 
7.125, 88.625, 3.7989437557348575e-23, nan 
7.375, 88.625, 4.688704687203937e-23, nan 
7.625, 88.625, 3.609177074095812e-23, nan 
7.875, 88.625, 4.1611018032559063e-23, nan 
8.125, 88.625, 5.416558545448017e-23, nan 
8.375, 88.625, 5.425665854255677e-23, nan 
8.625, 88.625, 6.221073143664966e-23, nan 
8.875, 88.625, 5.631974143207552e-23, nan 
9.125, 88.625, 6.729948186612109e-23, nan 
9.375, 88.625, 5.0471316292466203e-23, nan 
9.625, 88.625, 6.486277751894823e-23, nan 
9.875, 88.625, 8.305977576091609e-23, nan 
10.125, 88.625, 1.0043796231859512e-22, nan 
10.375, 88.625, 9.98150298197837e-23, nan 
10.625, 88.625, 9.908221570763229e-23, nan 
10.875, 88.625, 1.015747983394367e-22, nan 
11.125, 88.625, 9.995818610370366e-23, nan 
11.375, 88.625, 9.242544224171208e-23, nan 
11.625, 88.625, 1.2547146639184597e-22, nan 
11.875, 88.625, 1.1962872827324448e-22, nan 
12.125, 88.625, 1.3041773165796097e-22, nan 
12.375, 88.625, 1.435774089163809e-22, nan 
12.625, 88.625, 1.9342192334598454e-22, nan 
12.875, 88.625, 1.4086642367563713e-22, nan 
13.125, 88.625, 1.6338754292325335e-22, nan 
13.375, 88.625, 1.9082503237788431e-22, nan 
13.625, 88.625, 1.9137211919708255e-22, nan 
13.875, 88.625, 1.9176063085033402e-22, nan 
14.125, 88.625, 1.7148922071598074e-22, nan 
14.375, 88.625, 1.1194086757699692e-22, nan 
14.625, 88.625, 1.3454051785410432e-22, nan 
14.875, 88.625, 1.2916516569811724e-22, nan 
15.125, 88.625, 1.4997896772342153e-22, nan 
15.375, 88.625, 1.6101026253325306e-22, nan 
15.625, 88.625, 1.5093415066610809e-22, nan 
15.875, 88.625, 1.3911390580862767e-22, nan 
16.125, 88.625, 1.1554976969186623e-22, nan 
16.375, 88.625, 1.743534938714702e-22, nan 
16.625, 88.625, 1.4017294142948733e-22, nan 
16.875, 88.625, 1.010096903397058e-22, nan 
17.125, 88.625, 7.287633999558195e-23, nan 
17.375, 88.625, 1.215790420469216e-22, nan 
17.625, 88.625, 1.2010220292046265e-22, nan 
17.875, 88.625, 1.3075740530639523e-22, nan 
18.125, 88.625, 1.4129128745835074e-22, nan 
18.375, 88.625, 1.4017450419714788e-22, nan 
18.625, 88.625, 1.4191641142352578e-22, nan 
18.875, 88.625, 1.3904212040546662e-22, nan 
19.125, 88.625, 1.348892465563027e-22, nan 
19.375, 88.625, 1.3849751658374795e-22, nan 
19.625, 88.625, 1.2544853236094738e-22, nan 
19.875, 88.625, 1.2347437393859655e-22, nan 
20.125, 88.625, 1.2333266786558425e-22, nan 
20.375, 88.625, 1.515439427297864e-22, nan 
20.625, 88.625, 1.5382956462076737e-22, nan 
20.875, 88.625, 1.685848598978745e-22, nan 
21.125, 88.625, 1.8798276512870145e-22, nan 
21.375, 88.625, 2.0323535960418798e-22, nan 
21.625, 88.625, 1.984806287805454e-22, nan 
21.875, 88.625, 2.5241694415282407e-22, nan 
22.125, 88.625, 2.4847286301794173e-22, nan 
22.375, 88.625, 2.539505089678246e-22, nan 
22.625, 88.625, 2.7250448086014086e-22, nan 
22.875, 88.625, 3.7478998325102084e-22, nan 
23.125, 88.625, 2.6050119977883486e-22, nan 
23.375, 88.625, 3.099023290742706e-22, nan 
23.625, 88.625, 3.619988781187794e-22, nan 
23.875, 88.625, 4.1477042254784265e-22, nan 
24.125, 88.625, 4.2108866077671372e-22, nan 
24.375, 88.625, 3.6997953870519717e-22, nan 
24.625, 88.625, 1.4311036006733137e-22, nan 
24.875, 88.625, 2.6383044951026478e-22, nan 
25.125, 88.625, 2.276136891171614e-22, nan 
25.375, 88.625, 2.9748261903177574e-22, nan 
25.625, 88.625, 3.298486832663441e-22, nan 
25.875, 88.625, 2.715158819243427e-22, nan 
26.125, 88.625, 2.542458633344351e-22, nan 
26.375, 88.625, 2.3323898665957487e-22, nan 
26.625, 88.625, 2.8245713824010175e-22, nan 
26.875, 88.625, 2.784531537520569e-22, nan 
27.125, 88.625, 1.4974742576441788e-22, nan 
27.375, 88.625, 9.470001982343499e-23, nan 
27.625, 88.625, 1.095921058753453e-22, nan 
27.875, 88.625, 1.5107528629501053e-22, nan 
28.125, 88.625, 1.0552085163950668e-22, nan 
28.375, 88.625, 1.6223320349814745e-22, nan 
28.625, 88.625, 1.224978402532868e-22, nan 
28.875, 88.625, 1.1465512749188578e-22, nan 
29.125, 88.625, 1.0173466133835935e-22, nan 
29.375, 88.625, 1.387146292823856e-22, nan 
29.625, 88.625, 1.253508263658354e-22, nan 
29.875, 88.625, 1.2254583929233317e-22, nan 
30.125, 88.625, 1.506353245112165e-22, nan 
30.375, 88.625, 1.9780388600207702e-22, nan 
30.625, 88.625, 2.5735260359192037e-22, nan 
30.875, 88.625, 3.009662725464814e-22, nan 
31.125, 88.625, 3.484870858518771e-22, nan 
31.375, 88.625, 4.024746933326254e-22, nan 
31.625, 88.625, 4.438772753626266e-22, nan 
31.875, 88.625, 4.683242710861461e-22, nan 
32.125, 88.625, 4.923370925873056e-22, nan 
32.375, 88.625, 5.000990021433691e-22, nan 
32.625, 88.625, 4.445819883299818e-22, nan 
32.875, 88.625, 4.037600362453497e-22, nan 
33.125, 88.625, 3.618926411050477e-22, nan 
33.375, 88.625, 3.1011950425870692e-22, nan 
33.625, 88.625, 2.860445993774665e-22, nan 
33.875, 88.625, 4.42592031577312e-22, nan 
34.125, 88.625, 2.54810493218391e-22, nan 
34.375, 88.625, 2.5383753230912313e-22, nan 
34.625, 88.625, 2.3869937030872134e-22, nan 
34.875, 88.625, 1.4626374608217904e-22, nan 
35.125, 88.625, 1.8927504960966627e-22, nan 
35.375, 88.625, 1.7457255520807616e-22, nan 
35.625, 88.625, 2.0222811963253913e-22, nan 
35.875, 88.625, 2.1134356677762535e-22, nan 
36.125, 88.625, 4.739167786874419e-22, nan 
36.375, 88.625, 1.8370188573729829e-22, nan 
36.625, 88.625, 2.1098158432287893e-22, nan 
36.875, 88.625, 2.0637977867477993e-22, nan 
37.125, 88.625, 1.9442467069631766e-22, nan 
37.375, 88.625, 3.4036323797988733e-22, nan 
37.625, 88.625, 1.8498727589817635e-22, nan 
37.875, 88.625, 2.0892053541317395e-22, nan 
38.125, 88.625, 1.9116072265146033e-22, nan 
38.375, 88.625, 1.853621326610365e-22, nan 
38.625, 88.625, 3.0713943603007747e-22, nan 
38.875, 88.625, 1.280467691523619e-22, nan 
39.125, 88.625, 1.3458240840832354e-22, nan 
39.375, 88.625, 1.125139915291298e-22, nan 
39.625, 88.625, 2.8197311224151713e-22, nan 
39.875, 88.625, 1.5722027580962375e-22, nan 
40.125, 88.625, 1.2297030732585729e-22, nan 
40.375, 88.625, 1.521290871987473e-22, nan 
40.625, 88.625, 1.8163897012404605e-22, nan 
40.875, 88.625, 2.2895216374357945e-22, nan 
41.125, 88.625, 2.6054415996306196e-22, nan 
41.375, 88.625, 3.0514064207019355e-22, nan 
41.625, 88.625, 3.6489989346266903e-22, nan 
41.875, 88.625, 4.093593988620868e-22, nan 
42.125, 88.625, 4.418173769187785e-22, nan 
42.375, 88.625, 4.630767751976598e-22, nan 
42.625, 88.625, 4.554673380232927e-22, nan 
42.875, 88.625, 4.1672884545617636e-22, nan 
43.125, 88.625, 3.872686925536933e-22, nan 
43.375, 88.625, 3.3909725446568667e-22, nan 
43.625, 88.625, 3.1336472018023053e-22, nan 
43.875, 88.625, 2.835848598431224e-22, nan 
44.125, 88.625, 3.5185509899658375e-22, nan 
44.375, 88.625, 1.5802054147269557e-22, nan 
44.625, 88.625, 1.115506917348473e-22, nan 
44.875, 88.625, 1.1484905515213746e-22, nan 
45.125, 88.625, 9.705326170283317e-23, nan 
45.375, 88.625, 1.811557651215459e-22, nan 
45.625, 88.625, 1.737278855605563e-22, nan 
45.875, 88.625, 1.7676805366499356e-22, nan 
46.125, 88.625, 3.0609727552744903e-22, nan 
46.375, 88.625, 4.488442109679395e-22, nan 
46.625, 88.625, 3.2588532064462007e-22, nan 
46.875, 88.625, 3.205875015022989e-22, nan 
47.125, 88.625, 3.3797574488770705e-22, nan 
47.375, 88.625, 3.4534805698317726e-22, nan 
47.625, 88.625, 4.0694505019186263e-22, nan 
47.875, 88.625, 3.5256112103279185e-22, nan 
48.125, 88.625, 3.551030919231735e-22, nan 
48.375, 88.625, 3.536208567325144e-22, nan 
48.625, 88.625, 3.2904384285724997e-22, nan 
48.875, 88.625, 3.744347856397766e-22, nan 
49.125, 88.625, 3.0897893954811997e-22, nan 
49.375, 88.625, 3.047707330905792e-22, nan 
49.625, 88.625, 3.061447893113163e-22, nan 
49.875, 88.625, 3.488452714970203e-22, nan 
50.125, 88.625, 2.835766070957706e-22, nan 
50.375, 88.625, 8.595299733284115e-23, nan 
50.625, 88.625, 9.530560857936159e-23, nan 
50.875, 88.625, 8.110303826480711e-23, nan 
51.125, 88.625, 3.244034014342517e-22, nan 
51.375, 88.625, 3.158607631251285e-22, nan 
51.625, 88.625, 2.545379835034938e-22, nan 
51.875, 88.625, 8.459252432172554e-23, nan 
52.125, 88.625, 6.388327965668804e-23, nan 
52.375, 88.625, 7.331154996257854e-23, nan 
52.625, 88.625, 6.224996189865919e-23, nan 
52.875, 88.625, 5.670669800122863e-23, nan 
53.125, 88.625, 5.466715732213035e-23, nan 
53.375, 88.625, 5.2820000185861645e-23, nan 
53.625, 88.625, 5.1968602817123185e-23, nan 
53.875, 88.625, 5.391692760927086e-23, nan 
54.125, 88.625, 5.184813434943368e-23, nan 
54.375, 88.625, 5.60564566053383e-23, nan 
54.625, 88.625, 5.503741175895189e-23, nan 
54.875, 88.625, 5.867290263467766e-23, nan 
55.125, 88.625, 6.426694814576257e-23, nan 
55.375, 88.625, 6.150391380133929e-23, nan 
55.625, 88.625, 5.663085816151689e-23, nan 
55.875, 88.625, 5.752216018323081e-23, nan 
56.125, 88.625, 6.148016973209203e-23, nan 
56.375, 88.625, 6.222733482322101e-23, nan 
56.625, 88.625, 6.184103613442603e-23, nan 
56.875, 88.625, 6.989809863209827e-23, nan 
57.125, 88.625, 7.095410508694075e-23, nan 
57.375, 88.625, 7.694065342588259e-23, nan 
57.625, 88.625, 7.708984630263272e-23, nan 
57.875, 88.625, 7.69641163995955e-23, nan 
58.125, 88.625, 7.960747401207171e-23, nan 
58.375, 88.625, 7.968741342616824e-23, nan 
58.625, 88.625, 7.9628448861198e-23, nan 
58.875, 88.625, 7.61883118538131e-23, nan 
59.125, 88.625, 7.6871633074635e-23, nan 
59.375, 88.625, 7.580522069992987e-23, nan 
59.625, 88.625, 7.492994623801493e-23, nan 
59.875, 88.625, 6.117307956459686e-23, nan 
60.125, 88.625, 5.124204147269772e-23, nan 
60.375, 88.625, 5.260218026399617e-23, nan 
60.625, 88.625, 6.382751050787823e-23, nan 
60.875, 88.625, 1.0974809643293957e-22, nan 
61.125, 88.625, 6.77761575496335e-23, nan 
61.375, 88.625, 6.320460110227408e-23, nan 
61.625, 88.625, 6.67430975398592e-23, nan 
61.875, 88.625, 6.645216364719822e-23, nan 
62.125, 88.625, 5.58958929993882e-23, nan 
62.375, 88.625, 5.302203828582263e-23, nan 
62.625, 88.625, 5.304294674420616e-23, nan 
62.875, 88.625, 4.935982595272732e-23, nan 
63.125, 88.625, 4.57354097624017e-23, nan 
63.375, 88.625, 5.0669582295204527e-23, nan 
63.625, 88.625, 5.0211008674557966e-23, nan 
63.875, 88.625, 4.867830730572036e-23, nan 
64.125, 88.625, 4.9220819938715266e-23, nan 
64.375, 88.625, 4.801567600441847e-23, nan 
64.625, 88.625, 5.562626700539738e-23, nan 
64.875, 88.625, 4.781520919924002e-23, nan 
65.125, 88.625, 5.802831430153615e-23, nan 
65.375, 88.625, 6.720716935946947e-23, nan 
65.625, 88.625, 5.383649785598057e-23, nan 
65.875, 88.625, 5.2881289377475754e-23, nan 
66.125, 88.625, 5.0176134453774616e-23, nan 
66.375, 88.625, 4.4412848500524537e-23, nan 
66.625, 88.625, 3.4769193045911326e-23, nan 
66.875, 88.625, 4.0005408374736817e-23, nan 
67.125, 88.625, 4.0538111870455454e-23, nan 
67.375, 88.625, 3.4726889169805614e-23, nan 
67.625, 88.625, 3.2800910023817627e-23, nan 
67.875, 88.625, 3.878276716755808e-23, nan 
68.125, 88.625, 4.0669202102475564e-23, nan 
68.375, 88.625, 4.0717031336233355e-23, nan 
68.625, 88.625, 3.8498256415389626e-23, nan 
68.875, 88.625, 3.416403949622623e-23, nan 
69.125, 88.625, 4.389227409985767e-23, nan 
69.375, 88.625, 4.1610276305674406e-23, nan 
69.625, 88.625, 5.430645520608252e-23, nan 
69.875, 88.625, 5.327722730936473e-23, nan 
70.125, 88.625, 4.7574130859976614e-23, nan 
70.375, 88.625, 5.210602004604691e-23, nan 
70.625, 88.625, 5.629664122764581e-23, nan 
70.875, 88.625, 4.950231929959717e-23, nan 
71.125, 88.625, 5.574028198074911e-23, nan 
71.375, 88.625, 5.619321721293349e-23, nan 
71.625, 88.625, 4.4237674112026735e-23, nan 
71.875, 88.625, 6.327331205660184e-23, nan 
72.125, 88.625, 8.258827959231538e-23, nan 
72.375, 88.625, 8.180189087026729e-23, nan 
72.625, 88.625, 8.665588664195347e-23, nan 
72.875, 88.625, 6.675518272426133e-23, nan 
73.125, 88.625, 6.474612817156153e-23, nan 
73.375, 88.625, 6.495988164393446e-23, nan 
73.625, 88.625, 6.557597377637713e-23, nan 
73.875, 88.625, 6.149477462845269e-23, nan 
74.125, 88.625, 6.422994405566097e-23, nan 
74.375, 88.625, 7.063101585226709e-23, nan 
74.625, 88.625, 6.889121999113218e-23, nan 
74.875, 88.625, 7.097227549849791e-23, nan 
75.125, 88.625, 7.152187642817541e-23, nan 
75.375, 88.625, 7.226416125174915e-23, nan 
75.625, 88.625, 7.473839606067204e-23, nan 
75.875, 88.625, 7.988514977646104e-23, nan 
76.125, 88.625, 8.763053175752505e-23, nan 
76.375, 88.625, 8.51592229916371e-23, nan 
76.625, 88.625, 9.624956179694036e-23, nan 
76.875, 88.625, 8.486323220853556e-23, nan 
77.125, 88.625, 8.781914182666856e-23, nan 
77.375, 88.625, 8.038018224954455e-23, nan 
77.625, 88.625, 8.27713385953933e-23, nan 
77.875, 88.625, 9.086171318274712e-23, nan 
78.125, 88.625, 9.176145756886032e-23, nan 
78.375, 88.625, 9.561256487978671e-23, nan 
78.625, 88.625, 1.0304496460886137e-22, nan 
78.875, 88.625, 1.0508963786373486e-22, nan 
79.125, 88.625, 1.111800699613486e-22, nan 
79.375, 88.625, 1.139761615483059e-22, nan 
79.625, 88.625, 1.1465475229314524e-22, nan 
79.875, 88.625, 1.3015746601379387e-22, nan 
80.125, 88.625, 1.2895578864505222e-22, nan 
80.375, 88.625, 1.3150207932945022e-22, nan 
80.625, 88.625, 1.2603543364494136e-22, nan 
80.875, 88.625, 1.1926863635248972e-22, nan 
81.125, 88.625, 9.558243141040739e-23, nan 
81.375, 88.625, 8.261150988010496e-23, nan 
81.625, 88.625, 6.067196601359569e-23, nan 
81.875, 88.625, 4.6957103769881614e-23, nan 
82.125, 88.625, 6.523721108337272e-23, nan 
82.375, 88.625, 2.1021770000507798e-22, nan 
82.625, 88.625, 1.228822465294253e-22, nan 
82.875, 88.625, 7.932711210809693e-23, nan 
83.125, 88.625, 6.590346829968217e-23, nan 
83.375, 88.625, 1.3020970850776844e-22, nan 
83.625, 88.625, 9.471822417200412e-23, nan 
83.875, 88.625, 7.75845554917504e-23, nan 
84.125, 88.625, 8.119937170281806e-23, nan 
84.375, 88.625, 8.20133865604629e-23, nan 
84.625, 88.625, 8.651557362706063e-23, nan 
84.875, 88.625, 8.389840909802818e-23, nan 
85.125, 88.625, 9.034897486700726e-23, nan 
85.375, 88.625, 8.824128645311543e-23, nan 
85.625, 88.625, 7.952627617195503e-23, nan 
85.875, 88.625, 7.558908860459074e-23, nan 
86.125, 88.625, 5.776814175219679e-23, nan 
86.375, 88.625, 3.807200955645319e-23, nan 
86.625, 88.625, 1.0059660591674437e-22, nan 
86.875, 88.625, 9.90985618771775e-23, nan 
87.125, 88.625, 9.41418832060683e-23, nan 
87.375, 88.625, 1.1002617012941974e-22, nan 
87.625, 88.625, 9.811082935445037e-23, nan 
87.875, 88.625, 1.068391129925616e-22, nan 
88.125, 88.625, 1.0487351978214366e-22, nan 
88.375, 88.625, 9.839148041715565e-23, nan 
88.625, 88.625, 1.1750216117878173e-22, nan 
88.875, 88.625, 1.0497448206616307e-22, nan 
89.125, 88.625, 9.765271972174063e-23, nan 
89.375, 88.625, 1.0383067558963183e-22, nan 
89.625, 88.625, 1.1466781474866985e-22, nan 
89.875, 88.625, 1.3297421002065584e-22, nan 
90.125, 88.625, 1.2509948977279258e-22, nan 
90.375, 88.625, 1.428457107777895e-22, nan 
90.625, 88.625, 1.5113097974448527e-22, nan 
90.875, 88.625, 1.532177924036409e-22, nan 
91.125, 88.625, 1.6204994971379657e-22, nan 
91.375, 88.625, 1.4229264890599126e-22, nan 
91.625, 88.625, 1.5402420487734209e-22, nan 
91.875, 88.625, 1.688459872916986e-22, nan 
92.125, 88.625, 1.4266982765963224e-22, nan 
92.375, 88.625, 1.2950018330223326e-22, nan 
92.625, 88.625, 1.1092471228439733e-22, nan 
92.875, 88.625, 1.2111213049843396e-22, nan 
93.125, 88.625, 1.4453143820765374e-22, nan 
93.375, 88.625, 1.498096650231106e-22, nan 
93.625, 88.625, 1.5711596986393853e-22, nan 
93.875, 88.625, 1.646262970017955e-22, nan 
94.125, 88.625, 1.6694667326981199e-22, nan 
94.375, 88.625, 1.7345098286513994e-22, nan 
94.625, 88.625, 1.7454387999619642e-22, nan 
94.875, 88.625, 1.7713517437728065e-22, nan 
95.125, 88.625, 1.797067684022584e-22, nan 
95.375, 88.625, 1.8770063756773284e-22, nan 
95.625, 88.625, 1.7906701478139886e-22, nan 
95.875, 88.625, 1.676699274446468e-22, nan 
96.125, 88.625, 1.5896567845198787e-22, nan 
96.375, 88.625, 1.482966775103158e-22, nan 
96.625, 88.625, 1.2877105959172077e-22, nan 
96.875, 88.625, 2.178548593342476e-22, nan 
97.125, 88.625, 2.134559947329182e-22, nan 
97.375, 88.625, 1.4108491866970004e-22, nan 
97.625, 88.625, 1.3896328030229305e-22, nan 
97.875, 88.625, 1.1107315096691255e-22, nan 
98.125, 88.625, 1.2744510006325458e-22, nan 
98.375, 88.625, 1.0594687727622368e-22, nan 
98.625, 88.625, 1.0829515707239555e-22, nan 
98.875, 88.625, 1.180925923797034e-22, nan 
99.125, 88.625, 1.09961987766115e-22, nan 
99.375, 88.625, 1.4032169069624667e-22, nan 
99.625, 88.625, 1.44204687720288e-22, nan 
99.875, 88.625, 1.5611867512475388e-22, nan 
100.125, 88.625, 1.8962001336621635e-22, nan 
100.375, 88.625, 2.6095079819267143e-22, nan 
100.625, 88.625, 2.62304389649819e-22, nan 
100.875, 88.625, 2.7400212409699277e-22, nan 
101.125, 88.625, 2.38748843049609e-22, nan 
101.375, 88.625, 2.3430295296995566e-22, nan 
101.625, 88.625, 1.9770199080959805e-22, nan 
101.875, 88.625, 1.8467710556788304e-22, nan 
102.125, 88.625, 1.9761410568258033e-22, nan 
102.375, 88.625, 1.9111273723904864e-22, nan 
102.625, 88.625, 1.861029981767184e-22, nan 
102.875, 88.625, 1.532848251993704e-22, nan 
103.125, 88.625, 1.6475188870632148e-22, nan 
103.375, 88.625, 1.632237746902092e-22, nan 
103.625, 88.625, 1.4911534418030386e-22, nan 
103.875, 88.625, 1.465729149734728e-22, nan 
104.125, 88.625, 1.4314040093964586e-22, nan 
104.375, 88.625, 1.1993544692690278e-22, nan 
104.625, 88.625, 1.207060637241571e-22, nan 
104.875, 88.625, 1.2043448930856226e-22, nan 
105.125, 88.625, 1.1919165483987595e-22, nan 
105.375, 88.625, 1.2264186887541247e-22, nan 
105.625, 88.625, 1.256106958340691e-22, nan 
105.875, 88.625, 1.2565351086017128e-22, nan 
106.125, 88.625, 1.457100009624799e-22, nan 
106.375, 88.625, 1.3446272385443033e-22, nan 
106.625, 88.625, 1.4797352718407808e-22, nan 
106.875, 88.625, 1.4640395738394203e-22, nan 
107.125, 88.625, 1.2992499342563277e-22, nan 
107.375, 88.625, 1.400920086209262e-22, nan 
107.625, 88.625, 1.5633243140136284e-22, nan 
107.875, 88.625, 1.231505947928638e-22, nan 
108.125, 88.625, 1.4268291650950417e-22, nan 
108.375, 88.625, 1.4435447580407397e-22, nan 
108.625, 88.625, 1.3691958058823894e-22, nan 
108.875, 88.625, 1.3530962709138753e-22, nan 
109.125, 88.625, 1.3749569904522715e-22, nan 
109.375, 88.625, 1.333999905775838e-22, nan 
109.625, 88.625, 1.5374386546195297e-22, nan 
109.875, 88.625, 1.5535158658050808e-22, nan 
110.125, 88.625, 1.6193803475599049e-22, nan 
110.375, 88.625, 1.7382523510863655e-22, nan 
110.625, 88.625, 1.7760141349411568e-22, nan 
110.875, 88.625, 1.8236872943092678e-22, nan 
111.125, 88.625, 1.9489789081914644e-22, nan 
111.375, 88.625, 1.8786814845873175e-22, nan 
111.625, 88.625, 2.134427583009793e-22, nan 
111.875, 88.625, 1.702131811218749e-22, nan 
112.125, 88.625, 1.8084916825497367e-22, nan 
112.375, 88.625, 1.8937153804828648e-22, nan 
112.625, 88.625, 2.1292725340417157e-22, nan 
112.875, 88.625, 2.2198436080766487e-22, nan 
113.125, 88.625, 2.0871330602756254e-22, nan 
113.375, 88.625, 2.187312119358159e-22, nan 
113.625, 88.625, 2.2537945890770254e-22, nan 
113.875, 88.625, 2.24878383205867e-22, nan 
114.125, 88.625, 2.26042664155284e-22, nan 
114.375, 88.625, 2.348002691278065e-22, nan 
114.625, 88.625, 2.12112605387367e-22, nan 
114.875, 88.625, 2.2200790672674045e-22, nan 
115.125, 88.625, 2.2576681852781944e-22, nan 
115.375, 88.625, 2.2635485946426744e-22, nan 
115.625, 88.625, 2.33848411308599e-22, nan 
115.875, 88.625, 2.3907740674271613e-22, nan 
116.125, 88.625, 2.32111296586828e-22, nan 
116.375, 88.625, 2.404491202728309e-22, nan 
116.625, 88.625, 2.18598090640845e-22, nan 
116.875, 88.625, 2.481753539052432e-22, nan 
117.125, 88.625, 2.3215972046659927e-22, nan 
117.375, 88.625, 2.3775801255322824e-22, nan 
117.625, 88.625, 2.4629398455018255e-22, nan 
117.875, 88.625, 2.239160245423861e-22, nan 
118.125, 88.625, 2.133284045048913e-22, nan 
118.375, 88.625, 1.834098155452059e-22, nan 
118.625, 88.625, 1.9707729937512398e-22, nan 
118.875, 88.625, 2.0678124414813053e-22, nan 
119.125, 88.625, 2.0706105804139886e-22, nan 
119.375, 88.625, 2.0588107037186333e-22, nan 
119.625, 88.625, 2.207444267830755e-22, nan 
119.875, 88.625, 1.958331094533086e-22, nan 
120.125, 88.625, 2.0246889022610883e-22, nan 
120.375, 88.625, 1.9612704666698266e-22, nan 
120.625, 88.625, 1.9990395671981535e-22, nan 
120.875, 88.625, 2.0346482813883368e-22, nan 
121.125, 88.625, 2.1081256614520902e-22, nan 
121.375, 88.625, 2.1362537436987897e-22, nan 
121.625, 88.625, 2.1679872284987765e-22, nan 
121.875, 88.625, 2.2028542680160184e-22, nan 
122.125, 88.625, 2.523227954311501e-22, nan 
122.375, 88.625, 2.1951866408142316e-22, nan 
122.625, 88.625, 2.2557756353067732e-22, nan 
122.875, 88.625, 2.1377552254029806e-22, nan 
123.125, 88.625, 2.3252356359912526e-22, nan 
123.375, 88.625, 2.227943393999932e-22, nan 
123.625, 88.625, 2.241088287507126e-22, nan 
123.875, 88.625, 2.2365423297475483e-22, nan 
124.125, 88.625, 2.383456639089307e-22, nan 
124.375, 88.625, 1.945722968308658e-22, nan 
124.625, 88.625, 2.065157278452001e-22, nan 
124.875, 88.625, 2.296194559203313e-22, nan 
125.125, 88.625, 2.1704707971164894e-22, nan 
125.375, 88.625, 2.2822230232187284e-22, nan 
125.625, 88.625, 2.325464632777078e-22, nan 
125.875, 88.625, 2.350803756392792e-22, nan 
126.125, 88.625, 2.3294911577918573e-22, nan 
126.375, 88.625, 2.9204694159621073e-22, nan 
126.625, 88.625, 2.494587515069625e-22, nan 
126.875, 88.625, 1.6784672534525967e-22, nan 
127.125, 88.625, 2.4771224808621463e-22, nan 
127.375, 88.625, 2.7633339543051513e-22, nan 
127.625, 88.625, 2.7119845729074574e-22, nan 
127.875, 88.625, 2.8591942294504027e-22, nan 
128.125, 88.625, 2.0982100072349778e-22, nan 
128.375, 88.625, 1.9978428681184839e-22, nan 
128.625, 88.625, 2.324419815609522e-22, nan 
128.875, 88.625, 2.670451660792879e-22, nan 
129.125, 88.625, 2.960727599399545e-22, nan 
129.375, 88.625, 3.0205136033281025e-22, nan 
129.625, 88.625, 3.1290344565247053e-22, nan 
129.875, 88.625, 3.133727109454028e-22, nan 
130.125, 88.625, 2.9601417296919063e-22, nan 
130.375, 88.625, 2.964406175433944e-22, nan 
130.625, 88.625, 2.962507607365706e-22, nan 
130.875, 88.625, 2.9575595519321468e-22, nan 
131.125, 88.625, 3.0202895504136133e-22, nan 
131.375, 88.625, 2.8317149377746283e-22, nan 
131.625, 88.625, 2.8441268370094386e-22, nan 
131.875, 88.625, 2.9036480532565883e-22, nan 
132.125, 88.625, 3.040131811296185e-22, nan 
132.375, 88.625, 2.5583717067812154e-22, nan 
132.625, 88.625, 3.179792590321866e-22, nan 
132.875, 88.625, 3.2495135599037796e-22, nan 
133.125, 88.625, 2.905942819571928e-22, nan 
133.375, 88.625, 2.834662956256971e-22, nan 
133.625, 88.625, 3.0377600672791875e-22, nan 
133.875, 88.625, 3.245792116949352e-22, nan 
134.125, 88.625, 2.855629301827442e-22, nan 
134.375, 88.625, 3.1233516769657797e-22, nan 
134.625, 88.625, 3.12573734998702e-22, nan 
134.875, 88.625, 3.0542545392719753e-22, nan 
135.125, 88.625, 2.825662441063499e-22, nan 
135.375, 88.625, 2.84965369798222e-22, nan 
135.625, 88.625, 3.0938618345110323e-22, nan 
135.875, 88.625, 2.935734777229324e-22, nan 
136.125, 88.625, 2.7906850467650807e-22, nan 
136.375, 88.625, 2.986894279390303e-22, nan 
136.625, 88.625, 2.9741012901366914e-22, nan 
136.875, 88.625, 3.168288482016737e-22, nan 
137.125, 88.625, 3.119159809829022e-22, nan 
137.375, 88.625, 2.6408212133206633e-22, nan 
137.625, 88.625, 3.397954983140457e-22, nan 
137.875, 88.625, 3.0271354835973114e-22, nan 
138.125, 88.625, 3.018657343034782e-22, nan 
138.375, 88.625, 3.479910097268173e-22, nan 
138.625, 88.625, 3.3252213896345485e-22, nan 
138.875, 88.625, 3.1622347446314476e-22, nan 
139.125, 88.625, 3.1622490234872004e-22, nan 
139.375, 88.625, 3.2334823091340617e-22, nan 
139.625, 88.625, 3.2594806173497446e-22, nan 
139.875, 88.625, 3.3576335144502186e-22, nan 
140.125, 88.625, 3.54153422578869e-22, nan 
140.375, 88.625, 3.575690964550148e-22, nan 
140.625, 88.625, 3.7598815783619023e-22, nan 
140.875, 88.625, 3.6694919608067003e-22, nan 
141.125, 88.625, 3.807914076627737e-22, nan 
141.375, 88.625, 3.659626340686041e-22, nan 
141.625, 88.625, 3.8585124703845806e-22, nan 
141.875, 88.625, 3.91240199870629e-22, nan 
142.125, 88.625, 3.635646590991799e-22, nan 
142.375, 88.625, 3.8356143574168025e-22, nan 
142.625, 88.625, 3.857544958811007e-22, nan 
142.875, 88.625, 3.82658293157311e-22, nan 
143.125, 88.625, 3.8440621092081683e-22, nan 
143.375, 88.625, 3.424600583761016e-22, nan 
143.625, 88.625, 3.24450981583379e-22, nan 
143.875, 88.625, 3.411540494314233e-22, nan 
144.125, 88.625, 3.71198285442088e-22, nan 
144.375, 88.625, 3.316481468649707e-22, nan 
144.625, 88.625, 3.261556920759256e-22, nan 
144.875, 88.625, 3.4552794954357054e-22, nan 
145.125, 88.625, 2.4679236762614495e-22, nan 
145.375, 88.625, 2.906535996071279e-22, nan 
145.625, 88.625, 3.218943472299142e-22, nan 
145.875, 88.625, 3.611714456588231e-22, nan 
146.125, 88.625, 3.2514121044955704e-22, nan 
146.375, 88.625, 3.570679900149057e-22, nan 
146.625, 88.625, 3.397079028057548e-22, nan 
146.875, 88.625, 3.417686122180733e-22, nan 
147.125, 88.625, 3.354105358586184e-22, nan 
147.375, 88.625, 3.3565863486179394e-22, nan 
147.625, 88.625, 3.167166765023553e-22, nan 
147.875, 88.625, 3.2344957970912595e-22, nan 
148.125, 88.625, 3.502716561223967e-22, nan 
148.375, 88.625, 2.6557516099540407e-22, nan 
148.625, 88.625, 2.5865876641097076e-22, nan 
148.875, 88.625, 2.693114344824334e-22, nan 
149.125, 88.625, 3.0159870913084023e-22, nan 
149.375, 88.625, 2.4447032761268115e-22, nan 
149.625, 88.625, 2.9288114566563504e-22, nan 
149.875, 88.625, 2.5860311948430205e-22, nan 
150.125, 88.625, 2.71807554354207e-22, nan 
150.375, 88.625, 2.8962525985743197e-22, nan 
150.625, 88.625, 3.013790551417336e-22, nan 
150.875, 88.625, 3.5673371546264086e-22, nan 
151.125, 88.625, 3.2769907014994594e-22, nan 
151.375, 88.625, 3.154805248270789e-22, nan 
151.625, 88.625, 3.404431219169943e-22, nan 
151.875, 88.625, 2.95797979988403e-22, nan 
152.125, 88.625, 3.7317499537982597e-22, nan 
152.375, 88.625, 3.5742183500385335e-22, nan 
152.625, 88.625, 3.154453152747079e-22, nan 
152.875, 88.625, 3.3751627220541687e-22, nan 
153.125, 88.625, 3.328984443875945e-22, nan 
153.375, 88.625, 3.555321428075188e-22, nan 
153.625, 88.625, 2.964931181652208e-22, nan 
153.875, 88.625, 3.068810143345151e-22, nan 
154.125, 88.625, 3.1905998926176915e-22, nan 
154.375, 88.625, 3.628991773537737e-22, nan 
154.625, 88.625, 2.6903756842468625e-22, nan 
154.875, 88.625, 2.3625512200632893e-22, nan 
155.125, 88.625, 2.7457550873410045e-22, nan 
155.375, 88.625, 2.542929509784381e-22, nan 
155.625, 88.625, 2.7200239990868774e-22, nan 
155.875, 88.625, 2.54301065587325e-22, nan 
156.125, 88.625, 3.6680168229139344e-22, nan 
156.375, 88.625, 2.9975375454580383e-22, nan 
156.625, 88.625, 3.5751213015273815e-22, nan 
156.875, 88.625, 3.008771512797081e-22, nan 
157.125, 88.625, 2.3686516433365413e-22, nan 
157.375, 88.625, 2.6076600273243084e-22, nan 
157.625, 88.625, 2.3725723770164357e-22, nan 
157.875, 88.625, 2.734831440932663e-22, nan 
158.125, 88.625, 2.7997176333966927e-22, nan 
158.375, 88.625, 2.878758354159098e-22, nan 
158.625, 88.625, 2.88452772558447e-22, nan 
158.875, 88.625, 2.761421419661355e-22, nan 
159.125, 88.625, 2.762055231255705e-22, nan 
159.375, 88.625, 2.1408265481293735e-22, nan 
159.625, 88.625, 2.2586003869586397e-22, nan 
159.875, 88.625, 2.0497570880228061e-22, nan 
160.125, 88.625, 2.637258461921503e-22, nan 
160.375, 88.625, 2.8408724368960517e-22, nan 
160.625, 88.625, 2.9384819337079844e-22, nan 
160.875, 88.625, 3.122025117471685e-22, nan 
161.125, 88.625, 3.5591375506689554e-22, nan 
161.375, 88.625, 3.3340655946180415e-22, nan 
161.625, 88.625, 2.945074349317822e-22, nan 
161.875, 88.625, 3.416856158575382e-22, nan 
162.125, 88.625, 2.9805519887273994e-22, nan 
162.375, 88.625, 3.485857702094977e-22, nan 
162.625, 88.625, 3.3439480123217163e-22, nan 
162.875, 88.625, 2.769237853755986e-22, nan 
163.125, 88.625, 3.042709964751158e-22, nan 
163.375, 88.625, 2.883684016656385e-22, nan 
163.625, 88.625, 3.0015880501524724e-22, nan 
163.875, 88.625, 2.8839282188662437e-22, nan 
164.125, 88.625, 1.912166342544356e-22, nan 
164.375, 88.625, 2.0037065952110306e-22, nan 
164.625, 88.625, 3.330281272522303e-22, nan 
164.875, 88.625, 2.6140672017711413e-22, nan 
165.125, 88.625, 2.2586568723989136e-22, nan 
165.375, 88.625, 2.9043184028818265e-22, nan 
165.625, 88.625, 2.940838398351905e-22, nan 
165.875, 88.625, 2.927381703356101e-22, nan 
166.125, 88.625, 2.1982784422163587e-22, nan 
166.375, 88.625, 3.024377056245796e-22, nan 
166.625, 88.625, 2.3913225780074987e-22, nan 
166.875, 88.625, 3.2833109836545213e-22, nan 
167.125, 88.625, 2.147120971751084e-22, nan 
167.375, 88.625, 2.295000277553515e-22, nan 
167.625, 88.625, 2.671030909732146e-22, nan 
167.875, 88.625, 2.3353932002568757e-22, nan 
168.125, 88.625, 2.740521040114871e-22, nan 
168.375, 88.625, 2.787731638158198e-22, nan 
168.625, 88.625, 2.747657393864421e-22, nan 
168.875, 88.625, 2.7177939947805087e-22, nan 
169.125, 88.625, 2.6811239606646033e-22, nan 
169.375, 88.625, 2.3140788212794894e-22, nan 
169.625, 88.625, 2.159443902799197e-22, nan 
169.875, 88.625, 5.082247631261193e-22, nan 
170.125, 88.625, 4.97228228961571e-22, nan 
170.375, 88.625, 4.919996113185555e-22, nan 
170.625, 88.625, 4.845085651045756e-22, nan 
170.875, 88.625, 4.789533496770564e-22, nan 
171.125, 88.625, 4.752232805886483e-22, nan 
171.375, 88.625, 4.720312586411179e-22, nan 
171.625, 88.625, 4.684039984575797e-22, nan 
171.875, 88.625, 4.836638400604436e-22, nan 
172.125, 88.625, 4.63709169654876e-22, nan 
172.375, 88.625, 4.964230550434806e-22, nan 
172.625, 88.625, 4.609168216150216e-22, nan 
172.875, 88.625, 4.633195963176903e-22, nan 
173.125, 88.625, 4.813184290881296e-22, nan 
173.375, 88.625, 4.650159903022234e-22, nan 
173.625, 88.625, 4.67286519357576e-22, nan 
173.875, 88.625, 4.589501303424877e-22, nan 
174.125, 88.625, 4.608040468271153e-22, nan 
174.375, 88.625, 4.580506765552077e-22, nan 
174.625, 88.625, 4.472496465826004e-22, nan 
174.875, 88.625, 4.392258194971039e-22, nan 
175.125, 88.625, 4.393104907290184e-22, nan 
175.375, 88.625, 4.375107741382766e-22, nan 
175.625, 88.625, 4.382454334539907e-22, nan 
175.875, 88.625, 4.301749454396762e-22, nan 
176.125, 88.625, 4.250046587967116e-22, nan 
176.375, 88.625, 4.2088612177016107e-22, nan 
176.625, 88.625, 4.185507574943305e-22, nan 
176.875, 88.625, 4.043560259096723e-22, nan 
177.125, 88.625, 3.965168799244906e-22, nan 
177.375, 88.625, 3.943936148708996e-22, nan 
177.625, 88.625, 3.960085925440974e-22, nan 
177.875, 88.625, 3.7986123324476585e-22, nan 
178.125, 88.625, 3.8606764403211524e-22, nan 
178.375, 88.625, 3.8250453494399384e-22, nan 
178.625, 88.625, 3.902847710843934e-22, nan 
178.875, 88.625, 3.886357294269022e-22, nan 
179.125, 88.625, 3.8162821743093353e-22, nan 
179.375, 88.625, 3.79953348698983e-22, nan 
179.625, 88.625, 3.7413686829170104e-22, nan 
179.875, 88.625, 3.7303459167043253e-22, nan 
-179.875, 88.875, 2.820801746949772e-22, nan 
-179.625, 88.875, 2.9363951008020877e-22, nan 
-179.375, 88.875, 2.9356911396681646e-22, nan 
-179.125, 88.875, 3.369530477544425e-22, nan 
-178.875, 88.875, 3.768341386677399e-22, nan 
-178.625, 88.875, 3.756796214040402e-22, nan 
-178.375, 88.875, 3.9009466995117413e-22, nan 
-178.125, 88.875, 3.7835847111822594e-22, nan 
-177.875, 88.875, 4.0679400552678967e-22, nan 
-177.625, 88.875, 4.173249944149918e-22, nan 
-177.375, 88.875, 4.186378994366608e-22, nan 
-177.125, 88.875, 4.056461672228794e-22, nan 
-176.875, 88.875, 4.272194891248656e-22, nan 
-176.625, 88.875, 4.316803311300824e-22, nan 
-176.375, 88.875, 4.352724196837084e-22, nan 
-176.125, 88.875, 4.68406883775476e-22, nan 
-175.875, 88.875, 5.187969585361678e-22, nan 
-175.625, 88.875, 5.648924049055239e-22, nan 
-175.375, 88.875, 6.624236067858269e-22, nan 
-175.125, 88.875, 5.749473222608111e-22, nan 
-174.875, 88.875, 4.941436092490041e-22, nan 
-174.625, 88.875, 4.967255266708378e-22, nan 
-174.375, 88.875, 5.187199197962258e-22, nan 
-174.125, 88.875, 5.754061454311229e-22, nan 
-173.875, 88.875, 6.592127005337872e-22, nan 
-173.625, 88.875, 7.875882033313569e-22, nan 
-173.375, 88.875, 7.902107550149966e-22, nan 
-173.125, 88.875, 7.055568732516481e-22, nan 
-172.875, 88.875, 7.651057678723696e-22, nan 
-172.625, 88.875, 7.679221689855596e-22, nan 
-172.375, 88.875, 7.3719482530934955e-22, nan 
-172.125, 88.875, 7.260837180569042e-22, nan 
-171.875, 88.875, 7.218061226444725e-22, nan 
-171.625, 88.875, 7.164296864641947e-22, nan 
-171.375, 88.875, 6.288179358531631e-22, nan 
-171.125, 88.875, 6.783229232459664e-22, nan 
-170.875, 88.875, 6.544501047521427e-22, nan 
-170.625, 88.875, 5.821148459470024e-22, nan 
-170.375, 88.875, 5.900622401801092e-22, nan 
-170.125, 88.875, 6.014373635692904e-22, nan 
-169.875, 88.875, 5.893156940254397e-22, nan 
-169.625, 88.875, 5.751246304114059e-22, nan 
-169.375, 88.875, 5.4465969185069175e-22, nan 
-169.125, 88.875, 5.25974749391854e-22, nan 
-168.875, 88.875, 5.3387561472351555e-22, nan 
-168.625, 88.875, 5.216839018840615e-22, nan 
-168.375, 88.875, 5.161238082546339e-22, nan 
-168.125, 88.875, 5.286554084340474e-22, nan 
-167.875, 88.875, 5.342065974148093e-22, nan 
-167.625, 88.875, 5.231288097591708e-22, nan 
-167.375, 88.875, 5.425925504901789e-22, nan 
-167.125, 88.875, 5.398627333615301e-22, nan 
-166.875, 88.875, 5.194825487593986e-22, nan 
-166.625, 88.875, 5.157320281230065e-22, nan 
-166.375, 88.875, 5.143188493878479e-22, nan 
-166.125, 88.875, 4.190080727601266e-22, nan 
-165.875, 88.875, 4.396067698480018e-22, nan 
-165.625, 88.875, 6.261146619021729e-22, nan 
-165.375, 88.875, 3.564799573812179e-22, nan 
-165.125, 88.875, 4.298830505413577e-22, nan 
-164.875, 88.875, 4.224490709119178e-22, nan 
-164.625, 88.875, 4.614312449566431e-22, nan 
-164.375, 88.875, 3.2379482712561986e-22, nan 
-164.125, 88.875, 3.3920777021662633e-22, nan 
-163.875, 88.875, 4.498065370281074e-22, nan 
-163.625, 88.875, 4.548156693331078e-22, nan 
-163.375, 88.875, 4.148688247998818e-22, nan 
-163.125, 88.875, 4.1706105700828625e-22, nan 
-162.875, 88.875, 4.1328785611954506e-22, nan 
-162.625, 88.875, 3.9191710688351844e-22, nan 
-162.375, 88.875, 3.8048502990178794e-22, nan 
-162.125, 88.875, 3.8037527787683193e-22, nan 
-161.875, 88.875, 3.778775197699554e-22, nan 
-161.625, 88.875, 3.8637518387507855e-22, nan 
-161.375, 88.875, 4.0680523752242682e-22, nan 
-161.125, 88.875, 4.1735889842866037e-22, nan 
-160.875, 88.875, 4.198865213735065e-22, nan 
-160.625, 88.875, 4.301503134624056e-22, nan 
-160.375, 88.875, 4.241203252559705e-22, nan 
-160.125, 88.875, 4.0919993086280816e-22, nan 
-159.875, 88.875, 4.0526407724224897e-22, nan 
-159.625, 88.875, 3.885962170064584e-22, nan 
-159.375, 88.875, 3.6903332934283074e-22, nan 
-159.125, 88.875, 3.6559986843581576e-22, nan 
-158.875, 88.875, 3.641596744070891e-22, nan 
-158.625, 88.875, 3.488629434420221e-22, nan 
-158.375, 88.875, 3.4403220460936193e-22, nan 
-158.125, 88.875, 3.204103597719707e-22, nan 
-157.875, 88.875, 2.9214016796745414e-22, nan 
-157.625, 88.875, 2.7967698579340675e-22, nan 
-157.375, 88.875, 2.763746739378725e-22, nan 
-157.125, 88.875, 2.499552155952354e-22, nan 
-156.875, 88.875, 2.2120211221145936e-22, nan 
-156.625, 88.875, 1.829450892960975e-22, nan 
-156.375, 88.875, 1.9424520970784696e-22, nan 
-156.125, 88.875, 2.341390432788412e-22, nan 
-155.875, 88.875, 2.232862196448353e-22, nan 
-155.625, 88.875, 1.9906618868603384e-22, nan 
-155.375, 88.875, 2.0699873236418682e-22, nan 
-155.125, 88.875, 2.0479002330614539e-22, nan 
-154.875, 88.875, 2.0712962692043793e-22, nan 
-154.625, 88.875, 1.8943363470581194e-22, nan 
-154.375, 88.875, 1.8456075637736828e-22, nan 
-154.125, 88.875, 1.9036678939052356e-22, nan 
-153.875, 88.875, 1.9146865490975308e-22, nan 
-153.625, 88.875, 1.8682230081006277e-22, nan 
-153.375, 88.875, 1.827470508712054e-22, nan 
-153.125, 88.875, 1.6604940655600673e-22, nan 
-152.875, 88.875, 1.7435673114455461e-22, nan 
-152.625, 88.875, 1.7988352303658448e-22, nan 
-152.375, 88.875, 1.6389230607579765e-22, nan 
-152.125, 88.875, 1.6215775355541154e-22, nan 
-151.875, 88.875, 1.5760192453459567e-22, nan 
-151.625, 88.875, 1.8841602822869003e-22, nan 
-151.375, 88.875, 1.4454932318146125e-22, nan 
-151.125, 88.875, 1.4086469579272892e-22, nan 
-150.875, 88.875, 1.1301763253478635e-22, nan 
-150.625, 88.875, 1.2179082870233977e-22, nan 
-150.375, 88.875, 1.0705726745525383e-22, nan 
-150.125, 88.875, 1.2657651894114807e-22, nan 
-149.875, 88.875, 1.2414158467560033e-22, nan 
-149.625, 88.875, 1.251439838798548e-22, nan 
-149.375, 88.875, 2.1954953058527717e-22, nan 
-149.125, 88.875, 1.8158778211934444e-22, nan 
-148.875, 88.875, 1.37518241444517e-22, nan 
-148.625, 88.875, 9.305252113198991e-23, nan 
-148.375, 88.875, 1.1900156049118188e-22, nan 
-148.125, 88.875, 1.3963006700032303e-22, nan 
-147.875, 88.875, 1.417922125843722e-22, nan 
-147.625, 88.875, 1.3578692460862964e-22, nan 
-147.375, 88.875, 1.7359802392434248e-22, nan 
-147.125, 88.875, 1.528082877532715e-22, nan 
-146.875, 88.875, 1.3836161803498578e-22, nan 
-146.625, 88.875, 1.570784210535022e-22, nan 
-146.375, 88.875, 1.6556736120629092e-22, nan 
-146.125, 88.875, 1.6779202718800984e-22, nan 
-145.875, 88.875, 1.7127338314178112e-22, nan 
-145.625, 88.875, 1.8273120088718278e-22, nan 
-145.375, 88.875, 1.7852550223364345e-22, nan 
-145.125, 88.875, 2.0640254575034315e-22, nan 
-144.875, 88.875, 1.894100450234129e-22, nan 
-144.625, 88.875, 1.9248159534991603e-22, nan 
-144.375, 88.875, 2.2625678900091987e-22, nan 
-144.125, 88.875, 2.2244050404139936e-22, nan 
-143.875, 88.875, 2.223283954107854e-22, nan 
-143.625, 88.875, 2.216641631449436e-22, nan 
-143.375, 88.875, 2.135975439978806e-22, nan 
-143.125, 88.875, 2.6393242183191234e-22, nan 
-142.875, 88.875, 2.533304953056868e-22, nan 
-142.625, 88.875, 2.5814914795412553e-22, nan 
-142.375, 88.875, 1.6440824155827415e-22, nan 
-142.125, 88.875, 2.6157820451015257e-22, nan 
-141.875, 88.875, 2.614704628541793e-22, nan 
-141.625, 88.875, 2.65645576426363e-22, nan 
-141.375, 88.875, 2.7133335116929175e-22, nan 
-141.125, 88.875, 2.980570169667437e-22, nan 
-140.875, 88.875, 2.748707164122009e-22, nan 
-140.625, 88.875, 2.9278333076823135e-22, nan 
-140.375, 88.875, 2.9388166593084403e-22, nan 
-140.125, 88.875, 3.098550246971424e-22, nan 
-139.875, 88.875, 2.6751075643639506e-22, nan 
-139.625, 88.875, 2.959115193196722e-22, nan 
-139.375, 88.875, 3.2514114419475564e-22, nan 
-139.125, 88.875, 3.3014880473217616e-22, nan 
-138.875, 88.875, 3.223770929067394e-22, nan 
-138.625, 88.875, 3.1023132419072533e-22, nan 
-138.375, 88.875, 3.065410377011495e-22, nan 
-138.125, 88.875, 2.642969415935217e-22, nan 
-137.875, 88.875, 2.976562521176922e-22, nan 
-137.625, 88.875, 2.7889498617594504e-22, nan 
-137.375, 88.875, 2.85696952698624e-22, nan 
-137.125, 88.875, 2.8292254222225265e-22, nan 
-136.875, 88.875, 2.955865645032872e-22, nan 
-136.625, 88.875, 2.9539693006545672e-22, nan 
-136.375, 88.875, 3.2299716513373005e-22, nan 
-136.125, 88.875, 3.3198142530091767e-22, nan 
-135.875, 88.875, 3.262757745155456e-22, nan 
-135.625, 88.875, 3.0670781028190407e-22, nan 
-135.375, 88.875, 3.651901130387487e-22, nan 
-135.125, 88.875, 3.4453955103886114e-22, nan 
-134.875, 88.875, 3.0334264928801664e-22, nan 
-134.625, 88.875, 2.947165290554415e-22, nan 
-134.375, 88.875, 3.497365432344026e-22, nan 
-134.125, 88.875, 2.789261108361354e-22, nan 
-133.875, 88.875, 3.096178753854241e-22, nan 
-133.625, 88.875, 3.209362814598391e-22, nan 
-133.375, 88.875, 2.7713350566246967e-22, nan 
-133.125, 88.875, 3.0557491130168744e-22, nan 
-132.875, 88.875, 3.139908853324245e-22, nan 
-132.625, 88.875, 2.367789240640968e-22, nan 
-132.375, 88.875, 1.7794980558145266e-22, nan 
-132.125, 88.875, 1.96819796462204e-22, nan 
-131.875, 88.875, 2.122560903921729e-22, nan 
-131.625, 88.875, 2.291997263631399e-22, nan 
-131.375, 88.875, 2.6662573387728476e-22, nan 
-131.125, 88.875, 2.672261522874979e-22, nan 
-130.875, 88.875, 2.6298269221492756e-22, nan 
-130.625, 88.875, 2.7264342818709374e-22, nan 
-130.375, 88.875, 2.3616948272315753e-22, nan 
-130.125, 88.875, 2.3221518863741237e-22, nan 
-129.875, 88.875, 2.260999123736835e-22, nan 
-129.625, 88.875, 2.190923460522793e-22, nan 
-129.375, 88.875, 2.289974446495826e-22, nan 
-129.125, 88.875, 2.4848684638131186e-22, nan 
-128.875, 88.875, 2.257584442049483e-22, nan 
-128.625, 88.875, 2.3957655208175987e-22, nan 
-128.375, 88.875, 2.1622114820397057e-22, nan 
-128.125, 88.875, 2.1923746271005866e-22, nan 
-127.875, 88.875, 2.174763175408903e-22, nan 
-127.625, 88.875, 2.1995657758360547e-22, nan 
-127.375, 88.875, 2.431605333450772e-22, nan 
-127.125, 88.875, 2.4204417619108987e-22, nan 
-126.875, 88.875, 2.733456667406917e-22, nan 
-126.625, 88.875, 2.944955943751172e-22, nan 
-126.375, 88.875, 2.9408772535581297e-22, nan 
-126.125, 88.875, 2.8392338042114784e-22, nan 
-125.875, 88.875, 2.6934824994237137e-22, nan 
-125.625, 88.875, 2.6552456424534175e-22, nan 
-125.375, 88.875, 2.4999535276753213e-22, nan 
-125.125, 88.875, 2.7405468278191217e-22, nan 
-124.875, 88.875, 2.627908137290908e-22, nan 
-124.625, 88.875, 2.815266947447213e-22, nan 
-124.375, 88.875, 2.851085647236158e-22, nan 
-124.125, 88.875, 2.908878161021281e-22, nan 
-123.875, 88.875, 2.9269488102476954e-22, nan 
-123.625, 88.875, 3.0463257097893926e-22, nan 
-123.375, 88.875, 2.9574482539474944e-22, nan 
-123.125, 88.875, 2.9158286519170023e-22, nan 
-122.875, 88.875, 2.810904778517272e-22, nan 
-122.625, 88.875, 2.9019062582890597e-22, nan 
-122.375, 88.875, 2.8457122922598266e-22, nan 
-122.125, 88.875, 2.4317160593416857e-22, nan 
-121.875, 88.875, 2.3190555127734715e-22, nan 
-121.625, 88.875, 2.535707021711022e-22, nan 
-121.375, 88.875, 2.168497473577605e-22, nan 
-121.125, 88.875, 2.397554667432654e-22, nan 
-120.875, 88.875, 2.3116289733935055e-22, nan 
-120.625, 88.875, 2.080853111890479e-22, nan 
-120.375, 88.875, 2.191452813729116e-22, nan 
-120.125, 88.875, 2.2967918583868933e-22, nan 
-119.875, 88.875, 1.7907520528188055e-22, nan 
-119.625, 88.875, 1.4812890677608426e-22, nan 
-119.375, 88.875, 1.6606672931582182e-22, nan 
-119.125, 88.875, 1.59578846694039e-22, nan 
-118.875, 88.875, 1.5496568210714218e-22, nan 
-118.625, 88.875, 1.845168314237299e-22, nan 
-118.375, 88.875, 1.6912178161805942e-22, nan 
-118.125, 88.875, 1.5713745414066468e-22, nan 
-117.875, 88.875, 1.6364730741801386e-22, nan 
-117.625, 88.875, 1.329444408164358e-22, nan 
-117.375, 88.875, 1.462856983714915e-22, nan 
-117.125, 88.875, 1.4355453589109784e-22, nan 
-116.875, 88.875, 1.3571978972504613e-22, nan 
-116.625, 88.875, 1.3109983005354255e-22, nan 
-116.375, 88.875, 1.7210147428267583e-22, nan 
-116.125, 88.875, 1.5053135979698428e-22, nan 
-115.875, 88.875, 1.6940774637321597e-22, nan 
-115.625, 88.875, 1.259887694189116e-22, nan 
-115.375, 88.875, 1.4140036847713262e-22, nan 
-115.125, 88.875, 1.3385015638658634e-22, nan 
-114.875, 88.875, 1.1940766719316952e-22, nan 
-114.625, 88.875, 1.5983568794013846e-22, nan 
-114.375, 88.875, 1.1678240148820835e-22, nan 
-114.125, 88.875, 1.5119152529611702e-22, nan 
-113.875, 88.875, 1.1095411480784953e-22, nan 
-113.625, 88.875, 1.136046094153334e-22, nan 
-113.375, 88.875, 1.1412734721344602e-22, nan 
-113.125, 88.875, 1.1801806247374333e-22, nan 
-112.875, 88.875, 1.1479496252596266e-22, nan 
-112.625, 88.875, 1.188037208472496e-22, nan 
-112.375, 88.875, 1.036183793044643e-22, nan 
-112.125, 88.875, 1.191574657713443e-22, nan 
-111.875, 88.875, 1.1101897590006035e-22, nan 
-111.625, 88.875, 1.101252595246511e-22, nan 
-111.375, 88.875, 1.028801932573289e-22, nan 
-111.125, 88.875, 9.82370101191036e-23, nan 
-110.875, 88.875, 1.0133500524354369e-22, nan 
-110.625, 88.875, 1.0374896373046359e-22, nan 
-110.375, 88.875, 9.116256602147155e-23, nan 
-110.125, 88.875, 1.091690655840642e-22, nan 
-109.875, 88.875, 1.1188449599923015e-22, nan 
-109.625, 88.875, 1.0150275517026626e-22, nan 
-109.375, 88.875, 9.110821665368464e-23, nan 
-109.125, 88.875, 1.0037244241608987e-22, nan 
-108.875, 88.875, 9.307026508503024e-23, nan 
-108.625, 88.875, 8.479640346829223e-23, nan 
-108.375, 88.875, 1.0074972043168015e-22, nan 
-108.125, 88.875, 9.062680119835414e-23, nan 
-107.875, 88.875, 1.0033155139076252e-22, nan 
-107.625, 88.875, 8.069261694253438e-23, nan 
-107.375, 88.875, 1.0446799104685625e-22, nan 
-107.125, 88.875, 1.0272100482963644e-22, nan 
-106.875, 88.875, 8.662854538621561e-23, nan 
-106.625, 88.875, 8.524760952903276e-23, nan 
-106.375, 88.875, 8.347152544076134e-23, nan 
-106.125, 88.875, 8.394888851845793e-23, nan 
-105.875, 88.875, 6.174190268104472e-23, nan 
-105.625, 88.875, 6.605490913778097e-23, nan 
-105.375, 88.875, 7.047791083448469e-23, nan 
-105.125, 88.875, 8.195088648342496e-23, nan 
-104.875, 88.875, 8.873528590747501e-23, nan 
-104.625, 88.875, 8.464326286443004e-23, nan 
-104.375, 88.875, 8.463305444886634e-23, nan 
-104.125, 88.875, 8.950516640043333e-23, nan 
-103.875, 88.875, 8.77630663125413e-23, nan 
-103.625, 88.875, 8.665288918615791e-23, nan 
-103.375, 88.875, 8.745275701177184e-23, nan 
-103.125, 88.875, 7.766053320741817e-23, nan 
-102.875, 88.875, 6.714650647363296e-23, nan 
-102.625, 88.875, 7.060196862563991e-23, nan 
-102.375, 88.875, 5.775616397051437e-23, nan 
-102.125, 88.875, 4.4443321575628023e-23, nan 
-101.875, 88.875, 7.388238377892824e-23, nan 
-101.625, 88.875, 7.257873754533054e-23, nan 
-101.375, 88.875, 7.518878506366057e-23, nan 
-101.125, 88.875, 4.554245585812071e-23, nan 
-100.875, 88.875, 6.11553587958757e-23, nan 
-100.625, 88.875, 7.239871087503974e-23, nan 
-100.375, 88.875, 5.879405757039815e-23, nan 
-100.125, 88.875, 5.427863392791684e-23, nan 
-99.875, 88.875, 6.536179406121825e-23, nan 
-99.625, 88.875, 5.562295156334605e-23, nan 
-99.375, 88.875, 5.780811997764342e-23, nan 
-99.125, 88.875, 4.961312478430521e-23, nan 
-98.875, 88.875, 5.291171393517811e-23, nan 
-98.625, 88.875, 5.86180136423364e-23, nan 
-98.375, 88.875, 5.0894922971801295e-23, nan 
-98.125, 88.875, 5.116231772488969e-23, nan 
-97.875, 88.875, 5.884804148915742e-23, nan 
-97.625, 88.875, 6.684189543790844e-23, nan 
-97.375, 88.875, 5.859156629565247e-23, nan 
-97.125, 88.875, 5.0472783098826745e-23, nan 
-96.875, 88.875, 5.38975983220149e-23, nan 
-96.625, 88.875, 4.9856967019668276e-23, nan 
-96.375, 88.875, 5.00205720065916e-23, nan 
-96.125, 88.875, 4.5214552541451506e-23, nan 
-95.875, 88.875, 3.8627369809304804e-23, nan 
-95.625, 88.875, 4.270996799913137e-23, nan 
-95.375, 88.875, 4.848884920876548e-23, nan 
-95.125, 88.875, 4.7379067350049155e-23, nan 
-94.875, 88.875, 5.048950068870749e-23, nan 
-94.625, 88.875, 4.222269093928644e-23, nan 
-94.375, 88.875, 4.143263725271341e-23, nan 
-94.125, 88.875, 4.2242997484183076e-23, nan 
-93.875, 88.875, 4.438040043425047e-23, nan 
-93.625, 88.875, 4.758304620449425e-23, nan 
-93.375, 88.875, 5.33094476201455e-23, nan 
-93.125, 88.875, 4.8365050787625235e-23, nan 
-92.875, 88.875, 4.984705615648395e-23, nan 
-92.625, 88.875, 4.8513912606262277e-23, nan 
-92.375, 88.875, 4.6468764971535583e-23, nan 
-92.125, 88.875, 4.467892087127867e-23, nan 
-91.875, 88.875, 4.6782139466901756e-23, nan 
-91.625, 88.875, 4.1917484487901134e-23, nan 
-91.375, 88.875, 3.896266188212153e-23, nan 
-91.125, 88.875, 4.368997083376867e-23, nan 
-90.875, 88.875, 4.9060527253747476e-23, nan 
-90.625, 88.875, 5.067826135604249e-23, nan 
-90.375, 88.875, 5.1470437951447193e-23, nan 
-90.125, 88.875, 5.11853189696842e-23, nan 
-89.875, 88.875, 4.9099883454616537e-23, nan 
-89.625, 88.875, 5.52349816843573e-23, nan 
-89.375, 88.875, 3.810015930001303e-23, nan 
-89.125, 88.875, 4.497607497475814e-23, nan 
-88.875, 88.875, 4.254561455998794e-23, nan 
-88.625, 88.875, 5.191789379180339e-23, nan 
-88.375, 88.875, 6.023237315258508e-23, nan 
-88.125, 88.875, 5.753777380351794e-23, nan 
-87.875, 88.875, 5.209725543313286e-23, nan 
-87.625, 88.875, 4.8536479954951556e-23, nan 
-87.375, 88.875, 5.707480679969561e-23, nan 
-87.125, 88.875, 5.805470053829963e-23, nan 
-86.875, 88.875, 6.570243928170347e-23, nan 
-86.625, 88.875, 6.280058812096528e-23, nan 
-86.375, 88.875, 6.775709322949787e-23, nan 
-86.125, 88.875, 5.972364512502839e-23, nan 
-85.875, 88.875, 7.079983824428946e-23, nan 
-85.625, 88.875, 7.655194450548371e-23, nan 
-85.375, 88.875, 7.677021248102385e-23, nan 
-85.125, 88.875, 6.658312433071936e-23, nan 
-84.875, 88.875, 8.001789057162867e-23, nan 
-84.625, 88.875, 7.90120519679895e-23, nan 
-84.375, 88.875, 8.277614439947413e-23, nan 
-84.125, 88.875, 8.612990305642527e-23, nan 
-83.875, 88.875, 8.3363332176731e-23, nan 
-83.625, 88.875, 8.856969857229529e-23, nan 
-83.375, 88.875, 8.874828586441276e-23, nan 
-83.125, 88.875, 1.0620422983529644e-22, nan 
-82.875, 88.875, 9.393138576764446e-23, nan 
-82.625, 88.875, 8.013784301651242e-23, nan 
-82.375, 88.875, 8.503705685526851e-23, nan 
-82.125, 88.875, 8.413387262178135e-23, nan 
-81.875, 88.875, 9.082398458025542e-23, nan 
-81.625, 88.875, 9.516021588021066e-23, nan 
-81.375, 88.875, 8.571284705866867e-23, nan 
-81.125, 88.875, 9.238353748715889e-23, nan 
-80.875, 88.875, 1.018137070237431e-22, nan 
-80.625, 88.875, 1.0041886640281866e-22, nan 
-80.375, 88.875, 9.548645585253036e-23, nan 
-80.125, 88.875, 9.965768561119975e-23, nan 
-79.875, 88.875, 1.0457553248111309e-22, nan 
-79.625, 88.875, 1.0739752303024037e-22, nan 
-79.375, 88.875, 1.1030838696610472e-22, nan 
-79.125, 88.875, 1.098919443870964e-22, nan 
-78.875, 88.875, 1.1327265299823895e-22, nan 
-78.625, 88.875, 1.14667133562213e-22, nan 
-78.375, 88.875, 1.1467412842619365e-22, nan 
-78.125, 88.875, 1.21675023737606e-22, nan 
-77.875, 88.875, 1.214361771951235e-22, nan 
-77.625, 88.875, 1.2188748592254692e-22, nan 
-77.375, 88.875, 1.2322413295401886e-22, nan 
-77.125, 88.875, 1.2459349975418076e-22, nan 
-76.875, 88.875, 1.261311216889145e-22, nan 
-76.625, 88.875, 1.2617985778777728e-22, nan 
-76.375, 88.875, 1.3626817120834522e-22, nan 
-76.125, 88.875, 1.2976137046838299e-22, nan 
-75.875, 88.875, 1.2664328370790444e-22, nan 
-75.625, 88.875, 1.2617210380744347e-22, nan 
-75.375, 88.875, 1.2803701940507937e-22, nan 
-75.125, 88.875, 1.2906320536039753e-22, nan 
-74.875, 88.875, 1.3092403004524921e-22, nan 
-74.625, 88.875, 1.2975792711904761e-22, nan 
-74.375, 88.875, 1.283476162802006e-22, nan 
-74.125, 88.875, 1.2404779965405474e-22, nan 
-73.875, 88.875, 1.2706027182101076e-22, nan 
-73.625, 88.875, 1.27914267773256e-22, nan 
-73.375, 88.875, 1.2948091863436107e-22, nan 
-73.125, 88.875, 1.2118791338131972e-22, nan 
-72.875, 88.875, 1.2031975600074239e-22, nan 
-72.625, 88.875, 1.2087349561220468e-22, nan 
-72.375, 88.875, 1.2594687124292211e-22, nan 
-72.125, 88.875, 1.1915040756822562e-22, nan 
-71.875, 88.875, 1.1986335580179696e-22, nan 
-71.625, 88.875, 1.1980670778940448e-22, nan 
-71.375, 88.875, 1.1943040608211671e-22, nan 
-71.125, 88.875, 1.1627638603758796e-22, nan 
-70.875, 88.875, 1.181225678499496e-22, nan 
-70.625, 88.875, 1.1585700186651355e-22, nan 
-70.375, 88.875, 1.310077379311835e-22, nan 
-70.125, 88.875, 1.2556493821618161e-22, nan 
-69.875, 88.875, 1.235873120245634e-22, nan 
-69.625, 88.875, 1.2558137893796748e-22, nan 
-69.375, 88.875, 1.2193690502693603e-22, nan 
-69.125, 88.875, 1.2850203500035642e-22, nan 
-68.875, 88.875, 1.3054371809470472e-22, nan 
-68.625, 88.875, 1.2855209982513312e-22, nan 
-68.375, 88.875, 1.2786779810473607e-22, nan 
-68.125, 88.875, 1.2452310478970998e-22, nan 
-67.875, 88.875, 1.3078030018381033e-22, nan 
-67.625, 88.875, 1.3300420676228802e-22, nan 
-67.375, 88.875, 1.2464104156954644e-22, nan 
-67.125, 88.875, 1.2308739672297974e-22, nan 
-66.875, 88.875, 1.2629617894948453e-22, nan 
-66.625, 88.875, 1.2384015053278073e-22, nan 
-66.375, 88.875, 1.222773336608953e-22, nan 
-66.125, 88.875, 1.2182991638975243e-22, nan 
-65.875, 88.875, 1.1492341148699805e-22, nan 
-65.625, 88.875, 1.1667666615072324e-22, nan 
-65.375, 88.875, 1.1779544123959855e-22, nan 
-65.125, 88.875, 1.1490185606179368e-22, nan 
-64.875, 88.875, 1.131212761264915e-22, nan 
-64.625, 88.875, 1.099822908920129e-22, nan 
-64.375, 88.875, 1.1325543087704662e-22, nan 
-64.125, 88.875, 1.0941206933937315e-22, nan 
-63.875, 88.875, 1.0880863153035482e-22, nan 
-63.625, 88.875, 1.2185391692403554e-22, nan 
-63.375, 88.875, 1.232486958815774e-22, nan 
-63.125, 88.875, 1.178166364457891e-22, nan 
-62.875, 88.875, 1.1587683567819005e-22, nan 
-62.625, 88.875, 1.2084351660074774e-22, nan 
-62.375, 88.875, 1.1737440265811148e-22, nan 
-62.125, 88.875, 1.120471308988322e-22, nan 
-61.875, 88.875, 1.133135133131279e-22, nan 
-61.625, 88.875, 1.0533646306151905e-22, nan 
-61.375, 88.875, 9.952528389828118e-23, nan 
-61.125, 88.875, 1.005000432312123e-22, nan 
-60.875, 88.875, 1.0098911618138301e-22, nan 
-60.625, 88.875, 1.0132869916624392e-22, nan 
-60.375, 88.875, 9.271472276453641e-23, nan 
-60.125, 88.875, 8.65633456262447e-23, nan 
-59.875, 88.875, 8.430187752930849e-23, nan 
-59.625, 88.875, 9.181623376713807e-23, nan 
-59.375, 88.875, 8.251455315236376e-23, nan 
-59.125, 88.875, 8.340608933496749e-23, nan 
-58.875, 88.875, 7.961383957026014e-23, nan 
-58.625, 88.875, 7.587080718260874e-23, nan 
-58.375, 88.875, 7.921279419021499e-23, nan 
-58.125, 88.875, 7.101324865308035e-23, nan 
-57.875, 88.875, 7.734895932263087e-23, nan 
-57.625, 88.875, 6.092407390603435e-23, nan 
-57.375, 88.875, 7.343973094819386e-23, nan 
-57.125, 88.875, 8.685166807148854e-23, nan 
-56.875, 88.875, 7.799922858283966e-23, nan 
-56.625, 88.875, 7.658840557638994e-23, nan 
-56.375, 88.875, 7.41553722802253e-23, nan 
-56.125, 88.875, 6.725991738440053e-23, nan 
-55.875, 88.875, 6.889755364942405e-23, nan 
-55.625, 88.875, 6.033314829658948e-23, nan 
-55.375, 88.875, 5.49165641343418e-23, nan 
-55.125, 88.875, 5.032183801510399e-23, nan 
-54.875, 88.875, 5.1627332811145863e-23, nan 
-54.625, 88.875, 4.8416573232632224e-23, nan 
-54.375, 88.875, 4.3348543591986124e-23, nan 
-54.125, 88.875, 3.861854376235229e-23, nan 
-53.875, 88.875, 3.766171031207255e-23, nan 
-53.625, 88.875, 3.51846079517032e-23, nan 
-53.375, 88.875, 3.2805314214652946e-23, nan 
-53.125, 88.875, 3.94551485196188e-23, nan 
-52.875, 88.875, 3.411360556309236e-23, nan 
-52.625, 88.875, 3.215842322286115e-23, nan 
-52.375, 88.875, 3.073427515458607e-23, nan 
-52.125, 88.875, 2.5850049430722926e-23, nan 
-51.875, 88.875, 2.6286036933878133e-23, nan 
-51.625, 88.875, 2.7051606594743675e-23, nan 
-51.375, 88.875, 2.6116717745683163e-23, nan 
-51.125, 88.875, 3.0890465993317884e-23, nan 
-50.875, 88.875, 2.9687650197936766e-23, nan 
-50.625, 88.875, 2.9236209550275797e-23, nan 
-50.375, 88.875, 2.5548056573257702e-23, nan 
-50.125, 88.875, 3.4174461440625113e-23, nan 
-49.875, 88.875, 2.4624294573068344e-23, nan 
-49.625, 88.875, 1.3028060632400808e-23, nan 
-49.375, 88.875, 3.746630311411348e-23, nan 
-49.125, 88.875, 2.0862936888938688e-23, nan 
-48.875, 88.875, 3.398114481178206e-23, nan 
-48.625, 88.875, 2.331613893588459e-23, nan 
-48.375, 88.875, 3.4657108820066596e-23, nan 
-48.125, 88.875, 2.276345841348855e-23, nan 
-47.875, 88.875, 3.582366768304886e-23, nan 
-47.625, 88.875, 3.9394425377711663e-23, nan 
-47.375, 88.875, 4.0181162603525285e-23, nan 
-47.125, 88.875, 4.457048258993369e-23, nan 
-46.875, 88.875, 4.767272222925659e-23, nan 
-46.625, 88.875, 5.057950319828288e-23, nan 
-46.375, 88.875, 6.694185540696998e-23, nan 
-46.125, 88.875, 9.068491881375556e-23, nan 
-45.875, 88.875, 8.039964711045022e-23, nan 
-45.625, 88.875, 8.987439183501148e-23, nan 
-45.375, 88.875, 1.2462654749668937e-22, nan 
-45.125, 88.875, 8.453419600740379e-23, nan 
-44.875, 88.875, 6.933828953906912e-23, nan 
-44.625, 88.875, 6.384493292428796e-23, nan 
-44.375, 88.875, 4.2829110484985434e-23, nan 
-44.125, 88.875, 1.8034743542053942e-23, nan 
-43.875, 88.875, 2.2899219468833125e-23, nan 
-43.625, 88.875, 3.6923473339900544e-23, nan 
-43.375, 88.875, 3.4770785986704136e-23, nan 
-43.125, 88.875, 5.669352551715196e-23, nan 
-42.875, 88.875, 6.822270530099368e-23, nan 
-42.625, 88.875, 6.814410511836661e-23, nan 
-42.375, 88.875, 4.462423246338622e-23, nan 
-42.125, 88.875, 6.584346718451666e-23, nan 
-41.875, 88.875, 6.463105274353604e-23, nan 
-41.625, 88.875, 5.5598207273155e-23, nan 
-41.375, 88.875, 6.264928147321423e-23, nan 
-41.125, 88.875, 6.751645172015189e-23, nan 
-40.875, 88.875, 5.487646630891172e-23, nan 
-40.625, 88.875, 5.248989070410048e-23, nan 
-40.375, 88.875, 4.72885196750951e-23, nan 
-40.125, 88.875, 5.009841819621174e-23, nan 
-39.875, 88.875, 4.6509194073814346e-23, nan 
-39.625, 88.875, 4.6360882477061553e-23, nan 
-39.375, 88.875, 5.076731093869477e-23, nan 
-39.125, 88.875, 5.553565694486479e-23, nan 
-38.875, 88.875, 5.74523293232659e-23, nan 
-38.625, 88.875, 6.007864285115831e-23, nan 
-38.375, 88.875, 6.377614814994184e-23, nan 
-38.125, 88.875, 7.009409180562861e-23, nan 
-37.875, 88.875, 7.274850403081942e-23, nan 
-37.625, 88.875, 8.163295057132111e-23, nan 
-37.375, 88.875, 7.754382462987514e-23, nan 
-37.125, 88.875, 9.082106935144906e-23, nan 
-36.875, 88.875, 9.232902774850042e-23, nan 
-36.625, 88.875, 7.778844562683363e-23, nan 
-36.375, 88.875, 9.61144450413035e-23, nan 
-36.125, 88.875, 8.85661245621283e-23, nan 
-35.875, 88.875, 9.036112768213836e-23, nan 
-35.625, 88.875, 1.0695989197292014e-22, nan 
-35.375, 88.875, 1.1344733319746837e-22, nan 
-35.125, 88.875, 1.5249013593520214e-22, nan 
-34.875, 88.875, 1.0460813142882812e-22, nan 
-34.625, 88.875, 1.421077480393534e-22, nan 
-34.375, 88.875, 1.6756246217945094e-22, nan 
-34.125, 88.875, 1.7205080304819373e-22, nan 
-33.875, 88.875, 1.7777504070022092e-22, nan 
-33.625, 88.875, 1.8203052848848807e-22, nan 
-33.375, 88.875, 1.6298435274361999e-22, nan 
-33.125, 88.875, 1.6770561278484782e-22, nan 
-32.875, 88.875, 1.677064616885085e-22, nan 
-32.625, 88.875, 1.2599172824352167e-22, nan 
-32.375, 88.875, 1.5201976207730234e-22, nan 
-32.125, 88.875, 1.407776965333319e-22, nan 
-31.875, 88.875, 1.086229191062895e-22, nan 
-31.625, 88.875, 1.2334565985124283e-22, nan 
-31.375, 88.875, 8.760033919323616e-23, nan 
-31.125, 88.875, 7.769655704795802e-23, nan 
-30.875, 88.875, 8.803361464095183e-23, nan 
-30.625, 88.875, 1.1776012444157804e-22, nan 
-30.375, 88.875, 9.665478826381877e-23, nan 
-30.125, 88.875, 9.848005856052578e-23, nan 
-29.875, 88.875, 1.265244929556831e-22, nan 
-29.625, 88.875, 9.540096731511607e-23, nan 
-29.375, 88.875, 1.1009132503156941e-22, nan 
-29.125, 88.875, 9.944269888093777e-23, nan 
-28.875, 88.875, 1.0586018491751324e-22, nan 
-28.625, 88.875, 9.747820757412437e-23, nan 
-28.375, 88.875, 9.664487141064316e-23, nan 
-28.125, 88.875, 1.2256628280328671e-22, nan 
-27.875, 88.875, 1.0934116068904665e-22, nan 
-27.625, 88.875, 1.0054590186267971e-22, nan 
-27.375, 88.875, 1.0917432615876236e-22, nan 
-27.125, 88.875, 1.1537495497542144e-22, nan 
-26.875, 88.875, 1.194508508297104e-22, nan 
-26.625, 88.875, 1.1491273981440958e-22, nan 
-26.375, 88.875, 1.0243553929159821e-22, nan 
-26.125, 88.875, 1.0329344555436125e-22, nan 
-25.875, 88.875, 1.022800035928659e-22, nan 
-25.625, 88.875, 1.0661410379023429e-22, nan 
-25.375, 88.875, 1.135486420882017e-22, nan 
-25.125, 88.875, 1.192935967378857e-22, nan 
-24.875, 88.875, 1.2087417068549293e-22, nan 
-24.625, 88.875, 1.1974309749056848e-22, nan 
-24.375, 88.875, 1.2752487605207573e-22, nan 
-24.125, 88.875, 1.2731560333342254e-22, nan 
-23.875, 88.875, 1.1317323633437978e-22, nan 
-23.625, 88.875, 1.2959378635840728e-22, nan 
-23.375, 88.875, 1.3856409717626882e-22, nan 
-23.125, 88.875, 1.3707864576001918e-22, nan 
-22.875, 88.875, 1.3908333709269725e-22, nan 
-22.625, 88.875, 1.3968220709947656e-22, nan 
-22.375, 88.875, 1.7082737410305477e-22, nan 
-22.125, 88.875, 1.4480989198856583e-22, nan 
-21.875, 88.875, 1.451830035250769e-22, nan 
-21.625, 88.875, 1.611171007747586e-22, nan 
-21.375, 88.875, 1.7290114876846912e-22, nan 
-21.125, 88.875, 1.7704273593569573e-22, nan 
-20.875, 88.875, 1.7548729487149347e-22, nan 
-20.625, 88.875, 1.6847504301871663e-22, nan 
-20.375, 88.875, 1.5662680713514666e-22, nan 
-20.125, 88.875, 1.130528744146221e-22, nan 
-19.875, 88.875, 9.730468156411433e-23, nan 
-19.625, 88.875, 1.0273653604348048e-22, nan 
-19.375, 88.875, 1.2586446911002057e-22, nan 
-19.125, 88.875, 1.0659700677351673e-22, nan 
-18.875, 88.875, 1.0046825196054648e-22, nan 
-18.625, 88.875, 1.0583913536718976e-22, nan 
-18.375, 88.875, 1.1003680292210959e-22, nan 
-18.125, 88.875, 9.467931047849983e-23, nan 
-17.875, 88.875, 1.3673006472063018e-22, nan 
-17.625, 88.875, 1.088899650050198e-22, nan 
-17.375, 88.875, 1.1073124123683218e-22, nan 
-17.125, 88.875, 1.7250501651605937e-22, nan 
-16.875, 88.875, 1.2378705356230228e-22, nan 
-16.625, 88.875, 1.3533670373676205e-22, nan 
-16.375, 88.875, 1.1339742129272345e-22, nan 
-16.125, 88.875, 1.3282765242613505e-22, nan 
-15.875, 88.875, 1.083739330631364e-22, nan 
-15.625, 88.875, 9.078042178760528e-23, nan 
-15.375, 88.875, 1.5685656113728745e-22, nan 
-15.125, 88.875, 1.1763197627624163e-22, nan 
-14.875, 88.875, 1.1931580148733253e-22, nan 
-14.625, 88.875, 1.1807296062923537e-22, nan 
-14.375, 88.875, 1.0725486576235085e-22, nan 
-14.125, 88.875, 1.2097215853368697e-22, nan 
-13.875, 88.875, 1.4333927393751615e-22, nan 
-13.625, 88.875, 1.2322916749357312e-22, nan 
-13.375, 88.875, 1.2513173522637727e-22, nan 
-13.125, 88.875, 1.3077069422359582e-22, nan 
-12.875, 88.875, 1.3356711167548912e-22, nan 
-12.625, 88.875, 1.4417910510159978e-22, nan 
-12.375, 88.875, 1.4484522384704991e-22, nan 
-12.125, 88.875, 1.4365969566836992e-22, nan 
-11.875, 88.875, 1.5475520730252814e-22, nan 
-11.625, 88.875, 1.4615033968044608e-22, nan 
-11.375, 88.875, 1.5104604410969546e-22, nan 
-11.125, 88.875, 1.4213664568382485e-22, nan 
-10.875, 88.875, 1.5829020007878197e-22, nan 
-10.625, 88.875, 1.6904196566136717e-22, nan 
-10.375, 88.875, 1.549835658825307e-22, nan 
-10.125, 88.875, 1.6291819606472058e-22, nan 
-9.875, 88.875, 1.6747158441611597e-22, nan 
-9.625, 88.875, 1.6269414862968001e-22, nan 
-9.375, 88.875, 2.0144021264188271e-22, nan 
-9.125, 88.875, 1.6092373579988061e-22, nan 
-8.875, 88.875, 1.4622456110474707e-22, nan 
-8.625, 88.875, 1.3913773571932748e-22, nan 
-8.375, 88.875, 1.3964702674641624e-22, nan 
-8.125, 88.875, 1.3134712004357005e-22, nan 
-7.875, 88.875, 9.515764139155357e-23, nan 
-7.625, 88.875, 9.542925691897372e-23, nan 
-7.375, 88.875, 5.246562860082731e-23, nan 
-7.125, 88.875, 7.763264240681389e-23, nan 
-6.875, 88.875, 9.960963982420958e-23, nan 
-6.625, 88.875, 5.297219619331344e-23, nan 
-6.375, 88.875, 6.875505777888666e-23, nan 
-6.125, 88.875, 1.061929665428243e-22, nan 
-5.875, 88.875, 8.456544179008392e-23, nan 
-5.625, 88.875, 9.666496127503537e-23, nan 
-5.375, 88.875, 6.278344338810831e-23, nan 
-5.125, 88.875, 4.3873840934447095e-23, nan 
-4.875, 88.875, 6.522621745305612e-23, nan 
-4.625, 88.875, 9.531664691845231e-23, nan 
-4.375, 88.875, 9.999518528606056e-23, nan 
-4.125, 88.875, 1.4608104341561343e-22, nan 
-3.875, 88.875, 1.4067815718559522e-22, nan 
-3.625, 88.875, 1.4734907261948006e-22, nan 
-3.375, 88.875, 1.4283886883122673e-22, nan 
-3.125, 88.875, 1.5246274177240784e-22, nan 
-2.875, 88.875, 1.474723973653232e-22, nan 
-2.625, 88.875, 1.4227167762278033e-22, nan 
-2.375, 88.875, 1.5229038066040223e-22, nan 
-2.125, 88.875, 1.4905394630452645e-22, nan 
-1.875, 88.875, 1.3975307238868044e-22, nan 
-1.625, 88.875, 1.408683726389875e-22, nan 
-1.375, 88.875, 1.4101569935916445e-22, nan 
-1.125, 88.875, 1.3443504866450694e-22, nan 
-0.875, 88.875, 1.356648690157849e-22, nan 
-0.625, 88.875, 1.3856533750494894e-22, nan 
-0.375, 88.875, 1.434776697472323e-22, nan 
-0.125, 88.875, 1.4048521532750617e-22, nan 
0.125, 88.875, 9.269632534583085e-23, nan 
0.375, 88.875, 1.265933364033784e-22, nan 
0.625, 88.875, 1.4208946218804656e-22, nan 
0.875, 88.875, 1.5174644485196464e-22, nan 
1.125, 88.875, 1.4954876519215844e-22, nan 
1.375, 88.875, 1.4932384830712636e-22, nan 
1.625, 88.875, 1.453678420061211e-22, nan 
1.875, 88.875, 1.4533017242203813e-22, nan 
2.125, 88.875, 1.4394484145526884e-22, nan 
2.375, 88.875, 1.3850293370873816e-22, nan 
2.625, 88.875, 1.4611409419724086e-22, nan 
2.875, 88.875, 1.5674773835393363e-22, nan 
3.125, 88.875, 1.4957244209509154e-22, nan 
3.375, 88.875, 1.5056106964234008e-22, nan 
3.625, 88.875, 1.5362039328232424e-22, nan 
3.875, 88.875, 1.454944983098726e-22, nan 
4.125, 88.875, 1.3881117203360096e-22, nan 
4.375, 88.875, 1.2874639425996277e-22, nan 
4.625, 88.875, 1.5208568064508722e-22, nan 
4.875, 88.875, 1.5741724288416715e-22, nan 
5.125, 88.875, 2.5564316690379e-22, nan 
5.375, 88.875, 1.6121152192155508e-22, nan 
5.625, 88.875, 2.2180631999589977e-22, nan 
5.875, 88.875, 1.6396646418661257e-22, nan 
6.125, 88.875, 1.7119162570658512e-22, nan 
6.375, 88.875, 2.151963242715457e-22, nan 
6.625, 88.875, 1.285395446147965e-22, nan 
6.875, 88.875, 1.3726952252426511e-22, nan 
7.125, 88.875, 1.586773538199421e-22, nan 
7.375, 88.875, 1.2111145933668678e-22, nan 
7.625, 88.875, 1.302709462266883e-22, nan 
7.875, 88.875, 1.1193734613857994e-22, nan 
8.125, 88.875, 1.0716267477420667e-22, nan 
8.375, 88.875, 1.0878103708477917e-22, nan 
8.625, 88.875, 1.1431244132525653e-22, nan 
8.875, 88.875, 1.101474674474428e-22, nan 
9.125, 88.875, 1.12682997837864e-22, nan 
9.375, 88.875, 1.0628559013493835e-22, nan 
9.625, 88.875, 1.0820798885834084e-22, nan 
9.875, 88.875, 1.1106083293412608e-22, nan 
10.125, 88.875, 1.0328342952978655e-22, nan 
10.375, 88.875, 1.0383669214768216e-22, nan 
10.625, 88.875, 1.0449282780861781e-22, nan 
10.875, 88.875, 1.0235677399014213e-22, nan 
11.125, 88.875, 1.0591635578500392e-22, nan 
11.375, 88.875, 1.096347728571718e-22, nan 
11.625, 88.875, 1.116630700385621e-22, nan 
11.875, 88.875, 1.1173737535466698e-22, nan 
12.125, 88.875, 1.1252558939777855e-22, nan 
12.375, 88.875, 1.2131062482709397e-22, nan 
12.625, 88.875, 1.2159668741398719e-22, nan 
12.875, 88.875, 9.001156674789472e-23, nan 
13.125, 88.875, 1.2055324279601367e-22, nan 
13.375, 88.875, 1.2780126190792485e-22, nan 
13.625, 88.875, 3.0260876947408085e-22, nan 
13.875, 88.875, 1.3197905017666184e-22, nan 
14.125, 88.875, 1.3175952627802505e-22, nan 
14.375, 88.875, 1.3337878240577739e-22, nan 
14.625, 88.875, 1.3323341524530246e-22, nan 
14.875, 88.875, 1.3638394908677283e-22, nan 
15.125, 88.875, 1.3500257394482323e-22, nan 
15.375, 88.875, 1.3772636900541403e-22, nan 
15.625, 88.875, 1.4391840109648045e-22, nan 
15.875, 88.875, 1.4164134822672736e-22, nan 
16.125, 88.875, 1.3534919265180373e-22, nan 
16.375, 88.875, 1.6145770373485713e-22, nan 
16.625, 88.875, 1.3614208110022611e-22, nan 
16.875, 88.875, 1.2222909933008852e-22, nan 
17.125, 88.875, 1.082110485695551e-22, nan 
17.375, 88.875, 1.357300359056352e-22, nan 
17.625, 88.875, 1.4832918021453205e-22, nan 
17.875, 88.875, 1.8852875893284731e-22, nan 
18.125, 88.875, 1.481376769642166e-22, nan 
18.375, 88.875, 1.7306375572085816e-22, nan 
18.625, 88.875, 1.5093385898999805e-22, nan 
18.875, 88.875, 1.502298495423568e-22, nan 
19.125, 88.875, 1.711498117521306e-22, nan 
19.375, 88.875, 1.0688242469075932e-22, nan 
19.625, 88.875, 1.352570250214697e-22, nan 
19.875, 88.875, 1.5020155388073556e-22, nan 
20.125, 88.875, 1.3079638541904447e-22, nan 
20.375, 88.875, 1.4505270763173755e-22, nan 
20.625, 88.875, 1.321142129815135e-22, nan 
20.875, 88.875, 1.329955007744437e-22, nan 
21.125, 88.875, 1.3650951967414068e-22, nan 
21.375, 88.875, 1.4168908085858562e-22, nan 
21.625, 88.875, 1.247413582023022e-22, nan 
21.875, 88.875, 1.7467248586836457e-22, nan 
22.125, 88.875, 1.6753349504675975e-22, nan 
22.375, 88.875, 1.8442421820269684e-22, nan 
22.625, 88.875, 1.9719129944750252e-22, nan 
22.875, 88.875, 2.5056387764341436e-22, nan 
23.125, 88.875, 1.9314900252170937e-22, nan 
23.375, 88.875, 2.1729896313872863e-22, nan 
23.625, 88.875, 2.462583028320698e-22, nan 
23.875, 88.875, 2.498348946358441e-22, nan 
24.125, 88.875, 2.495351085370475e-22, nan 
24.375, 88.875, 2.2710691317790636e-22, nan 
24.625, 88.875, 1.1532757526764174e-22, nan 
24.875, 88.875, 1.7694045993291624e-22, nan 
25.125, 88.875, 1.5922305682588687e-22, nan 
25.375, 88.875, 1.9410579610610758e-22, nan 
25.625, 88.875, 2.1430682499272325e-22, nan 
25.875, 88.875, 1.9602215266030394e-22, nan 
26.125, 88.875, 1.7783220294353873e-22, nan 
26.375, 88.875, 2.3884853073785665e-22, nan 
26.625, 88.875, 1.9347382734948025e-22, nan 
26.875, 88.875, 1.9170380120895004e-22, nan 
27.125, 88.875, 7.72841816940156e-23, nan 
27.375, 88.875, 7.222211551183496e-23, nan 
27.625, 88.875, 5.414936178437484e-23, nan 
27.875, 88.875, 1.2587773572161874e-22, nan 
28.125, 88.875, 5.202756656679402e-23, nan 
28.375, 88.875, 5.658246909441994e-23, nan 
28.625, 88.875, 5.616525420787825e-23, nan 
28.875, 88.875, 5.411720283009759e-23, nan 
29.125, 88.875, 6.214820164151353e-23, nan 
29.375, 88.875, 7.387574625851529e-23, nan 
29.625, 88.875, 6.972560369678184e-23, nan 
29.875, 88.875, 1.027157332352202e-22, nan 
30.125, 88.875, 1.1943009928932612e-22, nan 
30.375, 88.875, 1.4260201574654717e-22, nan 
30.625, 88.875, 1.6923090073424905e-22, nan 
30.875, 88.875, 1.9113498818789016e-22, nan 
31.125, 88.875, 2.134041123553634e-22, nan 
31.375, 88.875, 2.3651451358996238e-22, nan 
31.625, 88.875, 2.588139204768118e-22, nan 
31.875, 88.875, 2.664958235460018e-22, nan 
32.125, 88.875, 2.846261740833958e-22, nan 
32.375, 88.875, 2.857849924017894e-22, nan 
32.625, 88.875, 2.6016804470262034e-22, nan 
32.875, 88.875, 2.4058396339153457e-22, nan 
33.125, 88.875, 2.147997673118373e-22, nan 
33.375, 88.875, 1.920521222882468e-22, nan 
33.625, 88.875, 1.729325583220499e-22, nan 
33.875, 88.875, 2.7110224650451124e-22, nan 
34.125, 88.875, 8.909920985101017e-23, nan 
34.375, 88.875, 6.921457900362548e-23, nan 
34.625, 88.875, 7.112072906632232e-23, nan 
34.875, 88.875, 7.493641325431457e-23, nan 
35.125, 88.875, 6.759576889458923e-23, nan 
35.375, 88.875, 7.678756492514672e-23, nan 
35.625, 88.875, 8.045901528613718e-23, nan 
35.875, 88.875, 8.097980368758834e-23, nan 
36.125, 88.875, 2.82557170860996e-22, nan 
36.375, 88.875, 8.82418136263449e-23, nan 
36.625, 88.875, 3.786010819725989e-23, nan 
36.875, 88.875, 9.786420080614678e-23, nan 
37.125, 88.875, 9.947444677681811e-23, nan 
37.375, 88.875, 1.9468707781968046e-22, nan 
37.625, 88.875, 1.0485948509824898e-22, nan 
37.875, 88.875, 1.0321274001036566e-22, nan 
38.125, 88.875, 1.125684957313015e-22, nan 
38.375, 88.875, 7.777677765035774e-23, nan 
38.625, 88.875, 1.7779120354100379e-22, nan 
38.875, 88.875, 3.647016236395125e-23, nan 
39.125, 88.875, 3.843535148585056e-23, nan 
39.375, 88.875, 6.3259057261382e-23, nan 
39.625, 88.875, 1.6780962155096432e-22, nan 
39.875, 88.875, 8.406833362578957e-23, nan 
40.125, 88.875, 7.11563699281625e-23, nan 
40.375, 88.875, 7.685937846726952e-23, nan 
40.625, 88.875, 6.673147227240748e-23, nan 
40.875, 88.875, 5.862840922509783e-23, nan 
41.125, 88.875, 6.028947670014195e-23, nan 
41.375, 88.875, 5.810096973865129e-23, nan 
41.625, 88.875, 5.509688725909684e-23, nan 
41.875, 88.875, 5.2722341003295346e-23, nan 
42.125, 88.875, 4.838491724575873e-23, nan 
42.375, 88.875, 5.901033164975632e-23, nan 
42.625, 88.875, 5.914484600703568e-23, nan 
42.875, 88.875, 5.634209619525647e-23, nan 
43.125, 88.875, 5.473891127281074e-23, nan 
43.375, 88.875, 5.825345858447705e-23, nan 
43.625, 88.875, 5.712531296513732e-23, nan 
43.875, 88.875, 5.55828978239679e-23, nan 
44.125, 88.875, 5.797698405859921e-23, nan 
44.375, 88.875, 5.720649418674083e-23, nan 
44.625, 88.875, 5.495481852612666e-23, nan 
44.875, 88.875, 5.29050888842091e-23, nan 
45.125, 88.875, 5.823016046820555e-23, nan 
45.375, 88.875, 5.487673550846471e-23, nan 
45.625, 88.875, 5.368009677547789e-23, nan 
45.875, 88.875, 5.552116415978631e-23, nan 
46.125, 88.875, 4.995055239567559e-23, nan 
46.375, 88.875, 5.500150893084422e-23, nan 
46.625, 88.875, 5.495138674044167e-23, nan 
46.875, 88.875, 4.434545537745187e-23, nan 
47.125, 88.875, 6.615718604745441e-23, nan 
47.375, 88.875, 5.53804978764171e-23, nan 
47.625, 88.875, 5.07347191427734e-23, nan 
47.875, 88.875, 6.094184030448473e-23, nan 
48.125, 88.875, 4.727418083711564e-23, nan 
48.375, 88.875, 6.44862386212111e-23, nan 
48.625, 88.875, 6.667389985661752e-23, nan 
48.875, 88.875, 6.490344068122281e-23, nan 
49.125, 88.875, 6.552266268201087e-23, nan 
49.375, 88.875, 6.57682646146607e-23, nan 
49.625, 88.875, 6.531731249561973e-23, nan 
49.875, 88.875, 6.75339021121167e-23, nan 
50.125, 88.875, 7.280903071889656e-23, nan 
50.375, 88.875, 6.583803359643676e-23, nan 
50.625, 88.875, 7.705145416872966e-23, nan 
50.875, 88.875, 7.188862411263855e-23, nan 
51.125, 88.875, 6.727987290474902e-23, nan 
51.375, 88.875, 6.352205815510908e-23, nan 
51.625, 88.875, 6.474929821078906e-23, nan 
51.875, 88.875, 6.731897221797083e-23, nan 
52.125, 88.875, 6.689769611845955e-23, nan 
52.375, 88.875, 6.991236312782725e-23, nan 
52.625, 88.875, 6.778132352220654e-23, nan 
52.875, 88.875, 7.058074855580618e-23, nan 
53.125, 88.875, 6.694628808041523e-23, nan 
53.375, 88.875, 6.892809408387889e-23, nan 
53.625, 88.875, 6.889035369073062e-23, nan 
53.875, 88.875, 6.864307460886535e-23, nan 
54.125, 88.875, 6.97868047757355e-23, nan 
54.375, 88.875, 6.946380819628705e-23, nan 
54.625, 88.875, 6.610706018747011e-23, nan 
54.875, 88.875, 6.613051801144614e-23, nan 
55.125, 88.875, 7.524919137721475e-23, nan 
55.375, 88.875, 7.154158058194204e-23, nan 
55.625, 88.875, 7.188524347209126e-23, nan 
55.875, 88.875, 7.267748570345914e-23, nan 
56.125, 88.875, 6.997453442495085e-23, nan 
56.375, 88.875, 7.036746349274433e-23, nan 
56.625, 88.875, 6.768587833801113e-23, nan 
56.875, 88.875, 6.794062835056291e-23, nan 
57.125, 88.875, 6.66691543616585e-23, nan 
57.375, 88.875, 6.541014186661757e-23, nan 
57.625, 88.875, 6.146779262445735e-23, nan 
57.875, 88.875, 5.742340653888225e-23, nan 
58.125, 88.875, 5.447635809084183e-23, nan 
58.375, 88.875, 4.769207005775946e-23, nan 
58.625, 88.875, 5.6645800478708e-23, nan 
58.875, 88.875, 5.2857398536038516e-23, nan 
59.125, 88.875, 5.2315688871378765e-23, nan 
59.375, 88.875, 5.726148468248083e-23, nan 
59.625, 88.875, 5.556577947004542e-23, nan 
59.875, 88.875, 5.2883099846911136e-23, nan 
60.125, 88.875, 5.553537148190841e-23, nan 
60.375, 88.875, 5.459944099835636e-23, nan 
60.625, 88.875, 5.80112199248202e-23, nan 
60.875, 88.875, 5.2924863618857997e-23, nan 
61.125, 88.875, 5.393696988659503e-23, nan 
61.375, 88.875, 5.374830068224039e-23, nan 
61.625, 88.875, 5.268829331994031e-23, nan 
61.875, 88.875, 5.650646717394683e-23, nan 
62.125, 88.875, 5.2304851400914e-23, nan 
62.375, 88.875, 4.5252464155785226e-23, nan 
62.625, 88.875, 4.241046188126912e-23, nan 
62.875, 88.875, 4.1201446561920376e-23, nan 
63.125, 88.875, 4.177230773356132e-23, nan 
63.375, 88.875, 4.576732889772176e-23, nan 
63.625, 88.875, 4.7947541564657484e-23, nan 
63.875, 88.875, 4.6147300600708354e-23, nan 
64.125, 88.875, 4.897322456028841e-23, nan 
64.375, 88.875, 4.46745721974046e-23, nan 
64.625, 88.875, 3.959581251737443e-23, nan 
64.875, 88.875, 4.1635118449738033e-23, nan 
65.125, 88.875, 3.471182363501259e-23, nan 
65.375, 88.875, 3.4270798542162415e-23, nan 
65.625, 88.875, 4.039783501480978e-23, nan 
65.875, 88.875, 4.0678507345907857e-23, nan 
66.125, 88.875, 4.3166454958522186e-23, nan 
66.375, 88.875, 3.828080137237818e-23, nan 
66.625, 88.875, 4.0940788159654613e-23, nan 
66.875, 88.875, 3.80759568414154e-23, nan 
67.125, 88.875, 3.879312567380198e-23, nan 
67.375, 88.875, 3.4846438185326356e-23, nan 
67.625, 88.875, 4.12613234039372e-23, nan 
67.875, 88.875, 3.687244455047102e-23, nan 
68.125, 88.875, 3.825033576894047e-23, nan 
68.375, 88.875, 4.060504455109232e-23, nan 
68.625, 88.875, 3.8344896351045026e-23, nan 
68.875, 88.875, 3.2883301871433245e-23, nan 
69.125, 88.875, 3.9907457171982446e-23, nan 
69.375, 88.875, 3.513645002759281e-23, nan 
69.625, 88.875, 4.0228232313419214e-23, nan 
69.875, 88.875, 4.050978345568688e-23, nan 
70.125, 88.875, 3.655842901319846e-23, nan 
70.375, 88.875, 3.954081205839585e-23, nan 
70.625, 88.875, 3.8532122197990144e-23, nan 
70.875, 88.875, 3.453713883591827e-23, nan 
71.125, 88.875, 4.347535670427991e-23, nan 
71.375, 88.875, 3.8967843902841406e-23, nan 
71.625, 88.875, 3.3735035681514646e-23, nan 
71.875, 88.875, 4.040826561991583e-23, nan 
72.125, 88.875, 5.856975810315312e-23, nan 
72.375, 88.875, 6.07256076048628e-23, nan 
72.625, 88.875, 5.335418602125494e-23, nan 
72.875, 88.875, 4.185491189298492e-23, nan 
73.125, 88.875, 4.131604393055105e-23, nan 
73.375, 88.875, 4.2131796047970645e-23, nan 
73.625, 88.875, 4.2491738676663767e-23, nan 
73.875, 88.875, 4.3390382141057683e-23, nan 
74.125, 88.875, 4.24692154042512e-23, nan 
74.375, 88.875, 4.707052038795732e-23, nan 
74.625, 88.875, 3.93837396089231e-23, nan 
74.875, 88.875, 4.204452445317743e-23, nan 
75.125, 88.875, 4.194702978298715e-23, nan 
75.375, 88.875, 4.1526275586196234e-23, nan 
75.625, 88.875, 4.102238870497853e-23, nan 
75.875, 88.875, 5.558148709966327e-23, nan 
76.125, 88.875, 4.8364846560945267e-23, nan 
76.375, 88.875, 3.895938423296973e-23, nan 
76.625, 88.875, 3.923848127507728e-23, nan 
76.875, 88.875, 5.425666349878626e-23, nan 
77.125, 88.875, 6.700957040773872e-23, nan 
77.375, 88.875, 6.29798783230907e-23, nan 
77.625, 88.875, 6.985545112617429e-23, nan 
77.875, 88.875, 7.158559574348542e-23, nan 
78.125, 88.875, 7.402211410283461e-23, nan 
78.375, 88.875, 7.194267300618757e-23, nan 
78.625, 88.875, 5.808741983763362e-23, nan 
78.875, 88.875, 6.55441339175294e-23, nan 
79.125, 88.875, 7.212514232623765e-23, nan 
79.375, 88.875, 6.967840624454865e-23, nan 
79.625, 88.875, 6.493931765046855e-23, nan 
79.875, 88.875, 6.734120411385281e-23, nan 
80.125, 88.875, 7.251624240348685e-23, nan 
80.375, 88.875, 7.39211146358168e-23, nan 
80.625, 88.875, 7.285388737465752e-23, nan 
80.875, 88.875, 7.952456095368279e-23, nan 
81.125, 88.875, 8.126232886797463e-23, nan 
81.375, 88.875, 8.775340685488022e-23, nan 
81.625, 88.875, 8.194722435926235e-23, nan 
81.875, 88.875, 9.130209529487683e-23, nan 
82.125, 88.875, 8.777169535546209e-23, nan 
82.375, 88.875, 8.541700619222113e-23, nan 
82.625, 88.875, 8.78321236474339e-23, nan 
82.875, 88.875, 8.195861096015266e-23, nan 
83.125, 88.875, 9.911977046412221e-23, nan 
83.375, 88.875, 1.0120823464620752e-22, nan 
83.625, 88.875, 9.937328013316831e-23, nan 
83.875, 88.875, 1.0429999048238787e-22, nan 
84.125, 88.875, 1.0172922536014532e-22, nan 
84.375, 88.875, 1.1136928153910657e-22, nan 
84.625, 88.875, 1.0727976133822073e-22, nan 
84.875, 88.875, 1.205404206885226e-22, nan 
85.125, 88.875, 1.1050049930671696e-22, nan 
85.375, 88.875, 1.1894350177115146e-22, nan 
85.625, 88.875, 1.1180158426324092e-22, nan 
85.875, 88.875, 1.1203920864281471e-22, nan 
86.125, 88.875, 1.1824982305609622e-22, nan 
86.375, 88.875, 1.1945966248805686e-22, nan 
86.625, 88.875, 9.436841167877422e-23, nan 
86.875, 88.875, 1.0405315107131582e-22, nan 
87.125, 88.875, 1.0130865411399706e-22, nan 
87.375, 88.875, 1.0091485217002667e-22, nan 
87.625, 88.875, 1.0337886361547925e-22, nan 
87.875, 88.875, 1.101155604011137e-22, nan 
88.125, 88.875, 1.0859993319589906e-22, nan 
88.375, 88.875, 1.1542955060161844e-22, nan 
88.625, 88.875, 1.0748369537843663e-22, nan 
88.875, 88.875, 1.0143149313970264e-22, nan 
89.125, 88.875, 1.249291312369317e-22, nan 
89.375, 88.875, 1.099888405236866e-22, nan 
89.625, 88.875, 1.1357175253528114e-22, nan 
89.875, 88.875, 1.1093288339287435e-22, nan 
90.125, 88.875, 1.0981515897525956e-22, nan 
90.375, 88.875, 1.1680634315792564e-22, nan 
90.625, 88.875, 1.1599513623736142e-22, nan 
90.875, 88.875, 1.2140089044875018e-22, nan 
91.125, 88.875, 1.2205029451542656e-22, nan 
91.375, 88.875, 1.2578859814913543e-22, nan 
91.625, 88.875, 1.2582924168376529e-22, nan 
91.875, 88.875, 1.2537739492797628e-22, nan 
92.125, 88.875, 1.1575775248958205e-22, nan 
92.375, 88.875, 1.1349554880012134e-22, nan 
92.625, 88.875, 1.0954431597139807e-22, nan 
92.875, 88.875, 1.0645312696479654e-22, nan 
93.125, 88.875, 1.080763244975243e-22, nan 
93.375, 88.875, 1.0497513232185662e-22, nan 
93.625, 88.875, 1.0667447777452175e-22, nan 
93.875, 88.875, 1.0452011943507573e-22, nan 
94.125, 88.875, 1.0501541775725823e-22, nan 
94.375, 88.875, 1.0166127322232519e-22, nan 
94.625, 88.875, 1.061072155093012e-22, nan 
94.875, 88.875, 1.043119726319359e-22, nan 
95.125, 88.875, 1.0126719948361098e-22, nan 
95.375, 88.875, 1.0650223521858118e-22, nan 
95.625, 88.875, 1.083586796533331e-22, nan 
95.875, 88.875, 1.1390649293613086e-22, nan 
96.125, 88.875, 1.2045519693259373e-22, nan 
96.375, 88.875, 1.257810610537678e-22, nan 
96.625, 88.875, 1.346849462845579e-22, nan 
96.875, 88.875, 1.0976064304288095e-22, nan 
97.125, 88.875, 1.1687202635195854e-22, nan 
97.375, 88.875, 1.1310089780147197e-22, nan 
97.625, 88.875, 1.2227526104591809e-22, nan 
97.875, 88.875, 1.1529599224389596e-22, nan 
98.125, 88.875, 1.195763885484581e-22, nan 
98.375, 88.875, 1.168757948856e-22, nan 
98.625, 88.875, 1.2026545763241188e-22, nan 
98.875, 88.875, 1.2190231579412936e-22, nan 
99.125, 88.875, 1.2321756641986871e-22, nan 
99.375, 88.875, 1.1805359080870344e-22, nan 
99.625, 88.875, 1.2671339012087054e-22, nan 
99.875, 88.875, 1.2187049270924077e-22, nan 
100.125, 88.875, 1.1209016798511101e-22, nan 
100.375, 88.875, 1.0995902605858244e-22, nan 
100.625, 88.875, 1.1451212090518653e-22, nan 
100.875, 88.875, 1.02486628815711e-22, nan 
101.125, 88.875, 1.0783443513110476e-22, nan 
101.375, 88.875, 8.303697120669267e-23, nan 
101.625, 88.875, 8.53907371655285e-23, nan 
101.875, 88.875, 1.1925597113696621e-22, nan 
102.125, 88.875, 9.793277080581485e-23, nan 
102.375, 88.875, 9.194067986736704e-23, nan 
102.625, 88.875, 7.698588907145822e-23, nan 
102.875, 88.875, 9.689062995488039e-23, nan 
103.125, 88.875, 8.139111810731698e-23, nan 
103.375, 88.875, 8.661832891618941e-23, nan 
103.625, 88.875, 7.803675257479836e-23, nan 
103.875, 88.875, 7.668257412476776e-23, nan 
104.125, 88.875, 1.0993063096517604e-22, nan 
104.375, 88.875, 8.98215425882283e-23, nan 
104.625, 88.875, 8.853838854178987e-23, nan 
104.875, 88.875, 9.302528500343585e-23, nan 
105.125, 88.875, 9.888856323753337e-23, nan 
105.375, 88.875, 8.72617360922287e-23, nan 
105.625, 88.875, 9.144332610854985e-23, nan 
105.875, 88.875, 9.752863983102896e-23, nan 
106.125, 88.875, 8.920377077896037e-23, nan 
106.375, 88.875, 1.1602865729467108e-22, nan 
106.625, 88.875, 1.0240379385629955e-22, nan 
106.875, 88.875, 1.0022646837887122e-22, nan 
107.125, 88.875, 1.1001987757212303e-22, nan 
107.375, 88.875, 9.247180611827185e-23, nan 
107.625, 88.875, 8.43764988851589e-23, nan 
107.875, 88.875, 1.1516712661892813e-22, nan 
108.125, 88.875, 1.377363352149357e-22, nan 
108.375, 88.875, 1.4079621910723309e-22, nan 
108.625, 88.875, 1.3491576771083671e-22, nan 
108.875, 88.875, 1.2854620793534077e-22, nan 
109.125, 88.875, 1.2827013935553254e-22, nan 
109.375, 88.875, 1.2104194716417435e-22, nan 
109.625, 88.875, 1.3093347931092842e-22, nan 
109.875, 88.875, 1.2703726217814318e-22, nan 
110.125, 88.875, 1.3561401144228214e-22, nan 
110.375, 88.875, 1.2805398972137843e-22, nan 
110.625, 88.875, 1.376205549508514e-22, nan 
110.875, 88.875, 1.3799730119534458e-22, nan 
111.125, 88.875, 1.4313953290559564e-22, nan 
111.375, 88.875, 1.3576825113941646e-22, nan 
111.625, 88.875, 1.77717537906957e-22, nan 
111.875, 88.875, 1.1970198735696687e-22, nan 
112.125, 88.875, 1.6017147665393498e-22, nan 
112.375, 88.875, 1.7637014682205628e-22, nan 
112.625, 88.875, 1.8955415179026175e-22, nan 
112.875, 88.875, 1.8897344358333559e-22, nan 
113.125, 88.875, 1.7828671754264398e-22, nan 
113.375, 88.875, 1.7433712611541135e-22, nan 
113.625, 88.875, 1.5374485393233532e-22, nan 
113.875, 88.875, 1.628634536271185e-22, nan 
114.125, 88.875, 2.1086020225730475e-22, nan 
114.375, 88.875, 1.7289448691668197e-22, nan 
114.625, 88.875, 1.503961049543252e-22, nan 
114.875, 88.875, 1.5409127465916572e-22, nan 
115.125, 88.875, 1.5616065018474382e-22, nan 
115.375, 88.875, 2.0856730005653067e-22, nan 
115.625, 88.875, 2.3251847791253e-22, nan 
115.875, 88.875, 1.9619842209248123e-22, nan 
116.125, 88.875, 1.7872011461424522e-22, nan 
116.375, 88.875, 1.692238312351801e-22, nan 
116.625, 88.875, 1.6537583505965424e-22, nan 
116.875, 88.875, 1.690241736403664e-22, nan 
117.125, 88.875, 1.4892960596669592e-22, nan 
117.375, 88.875, 1.5927845452975502e-22, nan 
117.625, 88.875, 1.4940474453591658e-22, nan 
117.875, 88.875, 1.3143852512869122e-22, nan 
118.125, 88.875, 1.417213616730014e-22, nan 
118.375, 88.875, 1.2220688934937472e-22, nan 
118.625, 88.875, 1.2374068638803235e-22, nan 
118.875, 88.875, 1.3333280094497443e-22, nan 
119.125, 88.875, 1.2797111363594866e-22, nan 
119.375, 88.875, 1.316846993980404e-22, nan 
119.625, 88.875, 1.658397566664789e-22, nan 
119.875, 88.875, 1.4964451643733988e-22, nan 
120.125, 88.875, 1.5256872935865139e-22, nan 
120.375, 88.875, 1.633069727981473e-22, nan 
120.625, 88.875, 1.782190189995536e-22, nan 
120.875, 88.875, 1.7001047589440858e-22, nan 
121.125, 88.875, 1.760696122263649e-22, nan 
121.375, 88.875, 1.8915562852701477e-22, nan 
121.625, 88.875, 1.7451617961038586e-22, nan 
121.875, 88.875, 1.7697220212630442e-22, nan 
122.125, 88.875, 1.635151860952679e-22, nan 
122.375, 88.875, 1.733410316776819e-22, nan 
122.625, 88.875, 1.6170617511404903e-22, nan 
122.875, 88.875, 1.5463504114076144e-22, nan 
123.125, 88.875, 1.5709252093130987e-22, nan 
123.375, 88.875, 1.617075708796726e-22, nan 
123.625, 88.875, 1.5533238747452912e-22, nan 
123.875, 88.875, 1.7073592850034632e-22, nan 
124.125, 88.875, 1.7262936891774643e-22, nan 
124.375, 88.875, 1.8451865187011882e-22, nan 
124.625, 88.875, 1.9339280879394721e-22, nan 
124.875, 88.875, 1.891240941125402e-22, nan 
125.125, 88.875, 2.099984897356124e-22, nan 
125.375, 88.875, 2.1110571275664845e-22, nan 
125.625, 88.875, 2.1111835234116818e-22, nan 
125.875, 88.875, 1.9983216330229107e-22, nan 
126.125, 88.875, 1.8944886374442425e-22, nan 
126.375, 88.875, 2.135765404421625e-22, nan 
126.625, 88.875, 1.9016706936705512e-22, nan 
126.875, 88.875, 2.3881803795632596e-22, nan 
127.125, 88.875, 1.9878390533575436e-22, nan 
127.375, 88.875, 2.0786430636948771e-22, nan 
127.625, 88.875, 2.0579598578995575e-22, nan 
127.875, 88.875, 2.0809473985593585e-22, nan 
128.125, 88.875, 2.4709846143465534e-22, nan 
128.375, 88.875, 2.791949127657163e-22, nan 
128.625, 88.875, 2.1073243101091387e-22, nan 
128.875, 88.875, 1.921468846086544e-22, nan 
129.125, 88.875, 2.0647430198486303e-22, nan 
129.375, 88.875, 2.0939054610549492e-22, nan 
129.625, 88.875, 2.183827239703452e-22, nan 
129.875, 88.875, 2.1528960888101933e-22, nan 
130.125, 88.875, 2.1349879689016154e-22, nan 
130.375, 88.875, 2.1410349326861324e-22, nan 
130.625, 88.875, 2.112249566911851e-22, nan 
130.875, 88.875, 2.192685274602244e-22, nan 
131.125, 88.875, 2.176826545485336e-22, nan 
131.375, 88.875, 2.1020785866805995e-22, nan 
131.625, 88.875, 2.1092740740246845e-22, nan 
131.875, 88.875, 2.1507004990914894e-22, nan 
132.125, 88.875, 2.221472271248524e-22, nan 
132.375, 88.875, 2.0344561925584716e-22, nan 
132.625, 88.875, 2.216748425193911e-22, nan 
132.875, 88.875, 2.244317272382141e-22, nan 
133.125, 88.875, 1.9746125464425586e-22, nan 
133.375, 88.875, 2.1283653553581536e-22, nan 
133.625, 88.875, 2.0426111542027828e-22, nan 
133.875, 88.875, 2.16471238616271e-22, nan 
134.125, 88.875, 2.156622239908223e-22, nan 
134.375, 88.875, 2.2121337745285477e-22, nan 
134.625, 88.875, 2.2366954079645925e-22, nan 
134.875, 88.875, 2.2476650204920208e-22, nan 
135.125, 88.875, 2.241537191921921e-22, nan 
135.375, 88.875, 2.197279676461079e-22, nan 
135.625, 88.875, 2.3254485785670922e-22, nan 
135.875, 88.875, 2.2650958367029745e-22, nan 
136.125, 88.875, 2.2438068745994797e-22, nan 
136.375, 88.875, 2.2340630191796694e-22, nan 
136.625, 88.875, 2.256146959130534e-22, nan 
136.875, 88.875, 2.3476504294175146e-22, nan 
137.125, 88.875, 2.1978593885958793e-22, nan 
137.375, 88.875, 2.118124238048194e-22, nan 
137.625, 88.875, 2.52651184544194e-22, nan 
137.875, 88.875, 2.245985473989699e-22, nan 
138.125, 88.875, 2.278395546042906e-22, nan 
138.375, 88.875, 2.389398336768322e-22, nan 
138.625, 88.875, 2.268813145629928e-22, nan 
138.875, 88.875, 2.363339764493172e-22, nan 
139.125, 88.875, 2.4292115840949055e-22, nan 
139.375, 88.875, 2.426631598354549e-22, nan 
139.625, 88.875, 2.453885598244132e-22, nan 
139.875, 88.875, 2.4238145248601925e-22, nan 
140.125, 88.875, 2.4972769579853465e-22, nan 
140.375, 88.875, 2.5462033716332244e-22, nan 
140.625, 88.875, 2.4744014828997215e-22, nan 
140.875, 88.875, 2.619747052819053e-22, nan 
141.125, 88.875, 2.639720317715954e-22, nan 
141.375, 88.875, 2.49275274456661e-22, nan 
141.625, 88.875, 2.545220921603576e-22, nan 
141.875, 88.875, 2.647821315308999e-22, nan 
142.125, 88.875, 2.499553351578124e-22, nan 
142.375, 88.875, 2.6038208372016267e-22, nan 
142.625, 88.875, 2.6838281959024785e-22, nan 
142.875, 88.875, 2.662325875521498e-22, nan 
143.125, 88.875, 2.677424198450006e-22, nan 
143.375, 88.875, 2.5984936382556914e-22, nan 
143.625, 88.875, 2.5423842130507047e-22, nan 
143.875, 88.875, 2.6797547350674666e-22, nan 
144.125, 88.875, 2.7492291413943523e-22, nan 
144.375, 88.875, 2.640949170062074e-22, nan 
144.625, 88.875, 2.6501466377048246e-22, nan 
144.875, 88.875, 2.644917406459329e-22, nan 
145.125, 88.875, 2.0313786399479952e-22, nan 
145.375, 88.875, 2.405135343998837e-22, nan 
145.625, 88.875, 2.6886723887713477e-22, nan 
145.875, 88.875, 2.690626892402795e-22, nan 
146.125, 88.875, 2.6913520612393023e-22, nan 
146.375, 88.875, 2.7452519265189312e-22, nan 
146.625, 88.875, 2.7679363044826377e-22, nan 
146.875, 88.875, 2.8161680568075884e-22, nan 
147.125, 88.875, 2.8079830713929866e-22, nan 
147.375, 88.875, 2.7502155077835215e-22, nan 
147.625, 88.875, 2.6140472798585573e-22, nan 
147.875, 88.875, 2.60286774131258e-22, nan 
148.125, 88.875, 2.802974277673587e-22, nan 
148.375, 88.875, 2.3600804574260474e-22, nan 
148.625, 88.875, 1.8940011817622787e-22, nan 
148.875, 88.875, 1.565548184289519e-22, nan 
149.125, 88.875, 2.6214073819560956e-22, nan 
149.375, 88.875, 2.1741848582182813e-22, nan 
149.625, 88.875, 2.590234091329113e-22, nan 
149.875, 88.875, 2.0205527422384093e-22, nan 
150.125, 88.875, 1.9359603084257897e-22, nan 
150.375, 88.875, 2.008954321595627e-22, nan 
150.625, 88.875, 1.823908797506548e-22, nan 
150.875, 88.875, 1.7012774192122775e-22, nan 
151.125, 88.875, 1.7403222781233478e-22, nan 
151.375, 88.875, 1.6223516850176833e-22, nan 
151.625, 88.875, 1.7613285499944718e-22, nan 
151.875, 88.875, 1.6833063525755126e-22, nan 
152.125, 88.875, 1.740042015380152e-22, nan 
152.375, 88.875, 1.7944347575279154e-22, nan 
152.625, 88.875, 1.5976749883370868e-22, nan 
152.875, 88.875, 1.8267061222439832e-22, nan 
153.125, 88.875, 1.8101374238281725e-22, nan 
153.375, 88.875, 1.795023329098606e-22, nan 
153.625, 88.875, 1.9612751542860913e-22, nan 
153.875, 88.875, 2.8345023700828994e-22, nan 
154.125, 88.875, 2.891217167637644e-22, nan 
154.375, 88.875, 1.8884772766589408e-22, nan 
154.625, 88.875, 2.083960264925247e-22, nan 
154.875, 88.875, 2.271032744100065e-22, nan 
155.125, 88.875, 2.0141575230164036e-22, nan 
155.375, 88.875, 2.0239873225764939e-22, nan 
155.625, 88.875, 2.0376964254106126e-22, nan 
155.875, 88.875, 2.573541363857856e-22, nan 
156.125, 88.875, 2.043183254880987e-22, nan 
156.375, 88.875, 2.7947563141995315e-22, nan 
156.625, 88.875, 2.187555267127691e-22, nan 
156.875, 88.875, 2.8947618830399444e-22, nan 
157.125, 88.875, 2.3624701910916487e-22, nan 
157.375, 88.875, 2.307734651686464e-22, nan 
157.625, 88.875, 2.333390805191138e-22, nan 
157.875, 88.875, 2.2106293739893796e-22, nan 
158.125, 88.875, 2.1699545387544003e-22, nan 
158.375, 88.875, 2.1939804532034386e-22, nan 
158.625, 88.875, 2.226874842602952e-22, nan 
158.875, 88.875, 2.2482827442710277e-22, nan 
159.125, 88.875, 2.375261924515246e-22, nan 
159.375, 88.875, 2.418366393948866e-22, nan 
159.625, 88.875, 2.5645036346536357e-22, nan 
159.875, 88.875, 2.576647760771133e-22, nan 
160.125, 88.875, 2.700173505650225e-22, nan 
160.375, 88.875, 2.746791997371721e-22, nan 
160.625, 88.875, 2.568306963899016e-22, nan 
160.875, 88.875, 2.701726228085259e-22, nan 
161.125, 88.875, 2.8181962321239606e-22, nan 
161.375, 88.875, 2.86905129768391e-22, nan 
161.625, 88.875, 2.59035963155467e-22, nan 
161.875, 88.875, 2.892959842777252e-22, nan 
162.125, 88.875, 2.5420063627083983e-22, nan 
162.375, 88.875, 2.8852833802924044e-22, nan 
162.625, 88.875, 2.873344977048326e-22, nan 
162.875, 88.875, 2.663463240963207e-22, nan 
163.125, 88.875, 2.913349996051344e-22, nan 
163.375, 88.875, 2.902947829840524e-22, nan 
163.625, 88.875, 2.851332918578309e-22, nan 
163.875, 88.875, 3.063907821664205e-22, nan 
164.125, 88.875, 2.933162180768708e-22, nan 
164.375, 88.875, 3.044470248735202e-22, nan 
164.625, 88.875, 3.2711628782778033e-22, nan 
164.875, 88.875, 3.338512041578616e-22, nan 
165.125, 88.875, 3.204515945422124e-22, nan 
165.375, 88.875, 2.93335730667779e-22, nan 
165.625, 88.875, 3.324675282499711e-22, nan 
165.875, 88.875, 3.2281244496378536e-22, nan 
166.125, 88.875, 3.2843469958198684e-22, nan 
166.375, 88.875, 3.1480623338245504e-22, nan 
166.625, 88.875, 3.327961768410048e-22, nan 
166.875, 88.875, 3.4742171375656777e-22, nan 
167.125, 88.875, 3.4282463443679516e-22, nan 
167.375, 88.875, 2.7163867503720246e-22, nan 
167.625, 88.875, 3.0201003659918804e-22, nan 
167.875, 88.875, 2.952862424437397e-22, nan 
168.125, 88.875, 2.9616392235220056e-22, nan 
168.375, 88.875, 2.8057141855873725e-22, nan 
168.625, 88.875, 2.7622091084218984e-22, nan 
168.875, 88.875, 2.8308708157497664e-22, nan 
169.125, 88.875, 2.9512794321144067e-22, nan 
169.375, 88.875, 2.86387421879921e-22, nan 
169.625, 88.875, 2.768030228298299e-22, nan 
169.875, 88.875, 2.77384929208712e-22, nan 
170.125, 88.875, 2.722094036416429e-22, nan 
170.375, 88.875, 2.7379754533660586e-22, nan 
170.625, 88.875, 2.7432728151813882e-22, nan 
170.875, 88.875, 2.7196970944150488e-22, nan 
171.125, 88.875, 2.7112562703120595e-22, nan 
171.375, 88.875, 3.1824723038809282e-22, nan 
171.625, 88.875, 3.258351372931979e-22, nan 
171.875, 88.875, 2.9153535280678863e-22, nan 
172.125, 88.875, 2.638338728764877e-22, nan 
172.375, 88.875, 2.677048406308054e-22, nan 
172.625, 88.875, 2.5694937501302117e-22, nan 
172.875, 88.875, 2.3799803958423842e-22, nan 
173.125, 88.875, 2.2152733378396885e-22, nan 
173.375, 88.875, 2.3867762453073515e-22, nan 
173.625, 88.875, 2.503294783950231e-22, nan 
173.875, 88.875, 2.8439312616643924e-22, nan 
174.125, 88.875, 2.960050929871003e-22, nan 
174.375, 88.875, 2.9811073981596313e-22, nan 
174.625, 88.875, 2.930369020979504e-22, nan 
174.875, 88.875, 2.8623241037174694e-22, nan 
175.125, 88.875, 2.9094132963983774e-22, nan 
175.375, 88.875, 2.8196413842356546e-22, nan 
175.625, 88.875, 2.8309691362441925e-22, nan 
175.875, 88.875, 2.887936527658663e-22, nan 
176.125, 88.875, 3.1212332861263255e-22, nan 
176.375, 88.875, 2.8787084465481328e-22, nan 
176.625, 88.875, 2.9421911524147528e-22, nan 
176.875, 88.875, 2.922766597370142e-22, nan 
177.125, 88.875, 3.0236733287463263e-22, nan 
177.375, 88.875, 2.81850143037892e-22, nan 
177.625, 88.875, 3.174812674101575e-22, nan 
177.875, 88.875, 2.8290406274797696e-22, nan 
178.125, 88.875, 2.9481071209133103e-22, nan 
178.375, 88.875, 2.9240135588644814e-22, nan 
178.625, 88.875, 2.7130723388629326e-22, nan 
178.875, 88.875, 2.577939751513183e-22, nan 
179.125, 88.875, 2.499724186136809e-22, nan 
179.375, 88.875, 2.533062578115106e-22, nan 
179.625, 88.875, 2.638098148519116e-22, nan 
179.875, 88.875, 2.774901966587627e-22, nan 
-179.875, 89.125, 6.914503819839723e-22, nan 
-179.625, 89.125, 6.939260401236835e-22, nan 
-179.375, 89.125, 4.091011879724096e-22, nan 
-179.125, 89.125, 3.211896731169928e-22, nan 
-178.875, 89.125, 3.1560076148284616e-22, nan 
-178.625, 89.125, 2.9896792417897015e-22, nan 
-178.375, 89.125, 2.8929029937370207e-22, nan 
-178.125, 89.125, 3.0982036993041933e-22, nan 
-177.875, 89.125, 2.9836998881076246e-22, nan 
-177.625, 89.125, 3.113363509636903e-22, nan 
-177.375, 89.125, 2.9170113911456394e-22, nan 
-177.125, 89.125, 3.1815806544113403e-22, nan 
-176.875, 89.125, 3.185500024905851e-22, nan 
-176.625, 89.125, 3.2514924712917874e-22, nan 
-176.375, 89.125, 3.151475807772341e-22, nan 
-176.125, 89.125, 3.222361809595347e-22, nan 
-175.875, 89.125, 3.418011979705786e-22, nan 
-175.625, 89.125, 3.30405749736342e-22, nan 
-175.375, 89.125, 3.9710616072518e-22, nan 
-175.125, 89.125, 3.3133980493997886e-22, nan 
-174.875, 89.125, 3.156358236107281e-22, nan 
-174.625, 89.125, 3.306556272365303e-22, nan 
-174.375, 89.125, 3.402758636408828e-22, nan 
-174.125, 89.125, 3.545230050210539e-22, nan 
-173.875, 89.125, 3.562521882608966e-22, nan 
-173.625, 89.125, 4.645544942391119e-22, nan 
-173.375, 89.125, 4.685055271110113e-22, nan 
-173.125, 89.125, 3.874277915645941e-22, nan 
-172.875, 89.125, 4.60192643984843e-22, nan 
-172.625, 89.125, 4.634854968868024e-22, nan 
-172.375, 89.125, 4.354394133261589e-22, nan 
-172.125, 89.125, 4.304468410952516e-22, nan 
-171.875, 89.125, 4.325824196965801e-22, nan 
-171.625, 89.125, 4.350769259254412e-22, nan 
-171.375, 89.125, 3.601291930863302e-22, nan 
-171.125, 89.125, 4.1858586259817983e-22, nan 
-170.875, 89.125, 4.1992967904448704e-22, nan 
-170.625, 89.125, 3.694254948458585e-22, nan 
-170.375, 89.125, 3.732376181187823e-22, nan 
-170.125, 89.125, 3.6957134818460016e-22, nan 
-169.875, 89.125, 3.819822963228272e-22, nan 
-169.625, 89.125, 3.638703266538048e-22, nan 
-169.375, 89.125, 3.1517629672152646e-22, nan 
-169.125, 89.125, 2.9764661209507893e-22, nan 
-168.875, 89.125, 3.0172659405981835e-22, nan 
-168.625, 89.125, 2.91477331970548e-22, nan 
-168.375, 89.125, 2.829356542504556e-22, nan 
-168.125, 89.125, 2.769452823508613e-22, nan 
-167.875, 89.125, 2.6820945971079007e-22, nan 
-167.625, 89.125, 2.517819229218424e-22, nan 
-167.375, 89.125, 2.6032605644141875e-22, nan 
-167.125, 89.125, 2.5833055872430024e-22, nan 
-166.875, 89.125, 2.6656831023980337e-22, nan 
-166.625, 89.125, 2.655804862061555e-22, nan 
-166.375, 89.125, 2.6264813030763136e-22, nan 
-166.125, 89.125, 2.574429059747097e-22, nan 
-165.875, 89.125, 2.5885956901898e-22, nan 
-165.625, 89.125, 3.1522069152089064e-22, nan 
-165.375, 89.125, 3.0419300569552344e-22, nan 
-165.125, 89.125, 2.6540938394341326e-22, nan 
-164.875, 89.125, 2.7717637285513244e-22, nan 
-164.625, 89.125, 3.8963066680021334e-22, nan 
-164.375, 89.125, 3.6070610136657885e-22, nan 
-164.125, 89.125, 3.7261290228558554e-22, nan 
-163.875, 89.125, 3.798051578960357e-22, nan 
-163.625, 89.125, 3.9844693074475045e-22, nan 
-163.375, 89.125, 4.079891243911254e-22, nan 
-163.125, 89.125, 2.366194020005512e-22, nan 
-162.875, 89.125, 2.066722087384351e-22, nan 
-162.625, 89.125, 1.7834872332697755e-22, nan 
-162.375, 89.125, 1.8355587953638847e-22, nan 
-162.125, 89.125, 1.7638480750754476e-22, nan 
-161.875, 89.125, 1.8153496238520116e-22, nan 
-161.625, 89.125, 1.8238973779914144e-22, nan 
-161.375, 89.125, 1.8457526488595442e-22, nan 
-161.125, 89.125, 1.8686979738726128e-22, nan 
-160.875, 89.125, 1.8674012255743386e-22, nan 
-160.625, 89.125, 1.9581761878616795e-22, nan 
-160.375, 89.125, 1.9622483869110302e-22, nan 
-160.125, 89.125, 1.9600385850825914e-22, nan 
-159.875, 89.125, 2.0419146710377353e-22, nan 
-159.625, 89.125, 1.8081825410338844e-22, nan 
-159.375, 89.125, 1.9280429847677968e-22, nan 
-159.125, 89.125, 2.0270407155477533e-22, nan 
-158.875, 89.125, 1.9280332422182254e-22, nan 
-158.625, 89.125, 1.7547359201100106e-22, nan 
-158.375, 89.125, 2.0998055332146807e-22, nan 
-158.125, 89.125, 2.138924561960318e-22, nan 
-157.875, 89.125, 2.1917818299143815e-22, nan 
-157.625, 89.125, 2.1449867495035494e-22, nan 
-157.375, 89.125, 2.302544402017814e-22, nan 
-157.125, 89.125, 2.3390776210025694e-22, nan 
-156.875, 89.125, 2.0502679406977078e-22, nan 
-156.625, 89.125, 2.2567788488403463e-22, nan 
-156.375, 89.125, 2.258961676801331e-22, nan 
-156.125, 89.125, 1.9539593059178204e-22, nan 
-155.875, 89.125, 2.269829482508414e-22, nan 
-155.625, 89.125, 2.1902209155119163e-22, nan 
-155.375, 89.125, 2.199715429247836e-22, nan 
-155.125, 89.125, 2.0046894002621304e-22, nan 
-154.875, 89.125, 2.3086702291826e-22, nan 
-154.625, 89.125, 2.188853003877115e-22, nan 
-154.375, 89.125, 2.1848122685993176e-22, nan 
-154.125, 89.125, 2.2121619460122073e-22, nan 
-153.875, 89.125, 2.2926453358342637e-22, nan 
-153.625, 89.125, 2.2401371888278453e-22, nan 
-153.375, 89.125, 2.3452999660759336e-22, nan 
-153.125, 89.125, 2.3159143820584525e-22, nan 
-152.875, 89.125, 2.4549305474622427e-22, nan 
-152.625, 89.125, 2.186436276876916e-22, nan 
-152.375, 89.125, 2.2366732374550714e-22, nan 
-152.125, 89.125, 2.037414077940789e-22, nan 
-151.875, 89.125, 2.0601408719012144e-22, nan 
-151.625, 89.125, 2.4171637763598494e-22, nan 
-151.375, 89.125, 2.2249946878437906e-22, nan 
-151.125, 89.125, 2.370040921353954e-22, nan 
-150.875, 89.125, 2.3384046062453584e-22, nan 
-150.625, 89.125, 2.3079230019384614e-22, nan 
-150.375, 89.125, 2.2565962773667676e-22, nan 
-150.125, 89.125, 2.0336975310937452e-22, nan 
-149.875, 89.125, 2.0063722240960187e-22, nan 
-149.625, 89.125, 1.7847458675622833e-22, nan 
-149.375, 89.125, 1.5345696264590662e-22, nan 
-149.125, 89.125, 1.5432078945656166e-22, nan 
-148.875, 89.125, 1.4587626438213425e-22, nan 
-148.625, 89.125, 1.7290144076883539e-22, nan 
-148.375, 89.125, 2.276536954472695e-22, nan 
-148.125, 89.125, 1.5183592133032867e-22, nan 
-147.875, 89.125, 1.4701008873369177e-22, nan 
-147.625, 89.125, 1.5029749628598863e-22, nan 
-147.375, 89.125, 1.4616481738112106e-22, nan 
-147.125, 89.125, 1.471451986662744e-22, nan 
-146.875, 89.125, 1.4805571492763714e-22, nan 
-146.625, 89.125, 1.2853684288066944e-22, nan 
-146.375, 89.125, 1.2857142146249328e-22, nan 
-146.125, 89.125, 1.476206094456378e-22, nan 
-145.875, 89.125, 1.2326968921485466e-22, nan 
-145.625, 89.125, 1.3879106145624636e-22, nan 
-145.375, 89.125, 1.3611671999179506e-22, nan 
-145.125, 89.125, 1.510762285520454e-22, nan 
-144.875, 89.125, 1.5412389728489183e-22, nan 
-144.625, 89.125, 1.540519822396875e-22, nan 
-144.375, 89.125, 1.788828033446903e-22, nan 
-144.125, 89.125, 1.8934068036613338e-22, nan 
-143.875, 89.125, 1.8309796550179939e-22, nan 
-143.625, 89.125, 1.9398150342377322e-22, nan 
-143.375, 89.125, 1.7792944039864203e-22, nan 
-143.125, 89.125, 2.0942169866131268e-22, nan 
-142.875, 89.125, 2.0216065049054592e-22, nan 
-142.625, 89.125, 2.0436947481961776e-22, nan 
-142.375, 89.125, 1.4489412242301723e-22, nan 
-142.125, 89.125, 1.9042984720783785e-22, nan 
-141.875, 89.125, 2.176678440985282e-22, nan 
-141.625, 89.125, 2.2092671151818644e-22, nan 
-141.375, 89.125, 2.353502606740476e-22, nan 
-141.125, 89.125, 2.3044573898291207e-22, nan 
-140.875, 89.125, 2.2911047483545006e-22, nan 
-140.625, 89.125, 2.3183557705861026e-22, nan 
-140.375, 89.125, 2.2525199527772957e-22, nan 
-140.125, 89.125, 2.4300176556457753e-22, nan 
-139.875, 89.125, 1.8566213242203264e-22, nan 
-139.625, 89.125, 2.348782424938886e-22, nan 
-139.375, 89.125, 2.33455169230503e-22, nan 
-139.125, 89.125, 2.3866187868518674e-22, nan 
-138.875, 89.125, 2.2903704041963005e-22, nan 
-138.625, 89.125, 2.3063105534532304e-22, nan 
-138.375, 89.125, 2.252255539513375e-22, nan 
-138.125, 89.125, 1.9724600881652712e-22, nan 
-137.875, 89.125, 2.143026609763079e-22, nan 
-137.625, 89.125, 2.135838977097853e-22, nan 
-137.375, 89.125, 2.1062182736895408e-22, nan 
-137.125, 89.125, 2.0919649583002021e-22, nan 
-136.875, 89.125, 2.2074663015653823e-22, nan 
-136.625, 89.125, 2.1099965102048884e-22, nan 
-136.375, 89.125, 2.2217681027846625e-22, nan 
-136.125, 89.125, 2.2693835276594403e-22, nan 
-135.875, 89.125, 2.2153550427389487e-22, nan 
-135.625, 89.125, 2.0118649223064715e-22, nan 
-135.375, 89.125, 2.3975482527270134e-22, nan 
-135.125, 89.125, 2.1321402978516925e-22, nan 
-134.875, 89.125, 2.138538629519423e-22, nan 
-134.625, 89.125, 2.0841687569068536e-22, nan 
-134.375, 89.125, 2.3225857137550385e-22, nan 
-134.125, 89.125, 2.0039512866179409e-22, nan 
-133.875, 89.125, 2.0521526646711192e-22, nan 
-133.625, 89.125, 2.1531389469280806e-22, nan 
-133.375, 89.125, 1.9607641239045515e-22, nan 
-133.125, 89.125, 1.7911086043803612e-22, nan 
-132.875, 89.125, 1.8724488259202653e-22, nan 
-132.625, 89.125, 1.6081286795880613e-22, nan 
-132.375, 89.125, 1.5888683270268268e-22, nan 
-132.125, 89.125, 1.7728240654676176e-22, nan 
-131.875, 89.125, 1.4459658887615314e-22, nan 
-131.625, 89.125, 1.486216359150581e-22, nan 
-131.375, 89.125, 1.682497869501038e-22, nan 
-131.125, 89.125, 1.7027409644305676e-22, nan 
-130.875, 89.125, 1.6322358092836982e-22, nan 
-130.625, 89.125, 1.69846566169434e-22, nan 
-130.375, 89.125, 1.1293459147501322e-22, nan 
-130.125, 89.125, 1.226220618162072e-22, nan 
-129.875, 89.125, 1.2524986888879625e-22, nan 
-129.625, 89.125, 1.1971108248774326e-22, nan 
-129.375, 89.125, 1.107680163778292e-22, nan 
-129.125, 89.125, 1.414533111598863e-22, nan 
-128.875, 89.125, 1.2798229405133e-22, nan 
-128.625, 89.125, 1.417348960148556e-22, nan 
-128.375, 89.125, 1.1749337716283874e-22, nan 
-128.125, 89.125, 1.237990616238752e-22, nan 
-127.875, 89.125, 1.287405800680224e-22, nan 
-127.625, 89.125, 1.0570532488707178e-22, nan 
-127.375, 89.125, 1.2871446161520715e-22, nan 
-127.125, 89.125, 1.0435092082421405e-22, nan 
-126.875, 89.125, 1.209617831614832e-22, nan 
-126.625, 89.125, 9.63634333568374e-23, nan 
-126.375, 89.125, 1.093351155080775e-22, nan 
-126.125, 89.125, 1.1538852016048296e-22, nan 
-125.875, 89.125, 1.1540258983912426e-22, nan 
-125.625, 89.125, 1.1092175966543384e-22, nan 
-125.375, 89.125, 1.2015163697196987e-22, nan 
-125.125, 89.125, 1.079835150639314e-22, nan 
-124.875, 89.125, 1.0360592320669629e-22, nan 
-124.625, 89.125, 1.0358222378769992e-22, nan 
-124.375, 89.125, 9.835443311480468e-23, nan 
-124.125, 89.125, 1.0491291999144566e-22, nan 
-123.875, 89.125, 1.0456451070441029e-22, nan 
-123.625, 89.125, 7.025842646862565e-23, nan 
-123.375, 89.125, 7.056012621264113e-23, nan 
-123.125, 89.125, 6.372526880990294e-23, nan 
-122.875, 89.125, 6.828438210419579e-23, nan 
-122.625, 89.125, 7.3906278732301e-23, nan 
-122.375, 89.125, 6.151838727805649e-23, nan 
-122.125, 89.125, 6.322662679697198e-23, nan 
-121.875, 89.125, 8.524545689705583e-23, nan 
-121.625, 89.125, 6.80626305997686e-23, nan 
-121.375, 89.125, 7.052155526282955e-23, nan 
-121.125, 89.125, 6.383875106384116e-23, nan 
-120.875, 89.125, 6.660400820766672e-23, nan 
-120.625, 89.125, 6.890705316361945e-23, nan 
-120.375, 89.125, 6.987901469702647e-23, nan 
-120.125, 89.125, 7.002542463402343e-23, nan 
-119.875, 89.125, 6.870719912738622e-23, nan 
-119.625, 89.125, 7.127768071865852e-23, nan 
-119.375, 89.125, 7.415128223331612e-23, nan 
-119.125, 89.125, 6.529261451749434e-23, nan 
-118.875, 89.125, 8.043711113023341e-23, nan 
-118.625, 89.125, 6.122367848953153e-23, nan 
-118.375, 89.125, 6.112127608619918e-23, nan 
-118.125, 89.125, 6.626826655599973e-23, nan 
-117.875, 89.125, 6.356261878054226e-23, nan 
-117.625, 89.125, 7.856285515115928e-23, nan 
-117.375, 89.125, 6.566472780289545e-23, nan 
-117.125, 89.125, 6.456001066422915e-23, nan 
-116.875, 89.125, 6.112474822815035e-23, nan 
-116.625, 89.125, 6.2396502391411e-23, nan 
-116.375, 89.125, 6.006508373829484e-23, nan 
-116.125, 89.125, 1.1167744618673684e-22, nan 
-115.875, 89.125, 9.318461966272441e-23, nan 
-115.625, 89.125, 7.715939831613624e-23, nan 
-115.375, 89.125, 6.436330348967222e-23, nan 
-115.125, 89.125, 6.194374162951585e-23, nan 
-114.875, 89.125, 4.663020623096859e-23, nan 
-114.625, 89.125, 4.510193778895397e-23, nan 
-114.375, 89.125, 4.8196058190644843e-23, nan 
-114.125, 89.125, 5.86771120967357e-23, nan 
-113.875, 89.125, 5.659556608614408e-23, nan 
-113.625, 89.125, 6.805286925427047e-23, nan 
-113.375, 89.125, 7.015597347606402e-23, nan 
-113.125, 89.125, 5.791715492267398e-23, nan 
-112.875, 89.125, 5.908765694530067e-23, nan 
-112.625, 89.125, 6.230077355049729e-23, nan 
-112.375, 89.125, 6.194173033104431e-23, nan 
-112.125, 89.125, 7.247019981535192e-23, nan 
-111.875, 89.125, 5.909745358545201e-23, nan 
-111.625, 89.125, 7.587255031525702e-23, nan 
-111.375, 89.125, 6.225254731488439e-23, nan 
-111.125, 89.125, 6.39330027200809e-23, nan 
-110.875, 89.125, 6.303163140529456e-23, nan 
-110.625, 89.125, 6.602020211303314e-23, nan 
-110.375, 89.125, 6.556855621441975e-23, nan 
-110.125, 89.125, 8.062418746594423e-23, nan 
-109.875, 89.125, 7.911467785718645e-23, nan 
-109.625, 89.125, 8.043633946183319e-23, nan 
-109.375, 89.125, 8.14283753388594e-23, nan 
-109.125, 89.125, 8.137012927815169e-23, nan 
-108.875, 89.125, 7.507862782193339e-23, nan 
-108.625, 89.125, 7.109998228510297e-23, nan 
-108.375, 89.125, 6.812536484446033e-23, nan 
-108.125, 89.125, 6.74533335608807e-23, nan 
-107.875, 89.125, 6.884884430658603e-23, nan 
-107.625, 89.125, 7.120392379294192e-23, nan 
-107.375, 89.125, 4.351952121732969e-23, nan 
-107.125, 89.125, 3.957777737625178e-23, nan 
-106.875, 89.125, 3.963147091877703e-23, nan 
-106.625, 89.125, 3.6025248689855727e-23, nan 
-106.375, 89.125, 3.952925095282706e-23, nan 
-106.125, 89.125, 4.614456598438491e-23, nan 
-105.875, 89.125, 4.103896360482597e-23, nan 
-105.625, 89.125, 5.32276996602479e-23, nan 
-105.375, 89.125, 5.225587023524636e-23, nan 
-105.125, 89.125, 4.7082644714537807e-23, nan 
-104.875, 89.125, 4.3644803930164725e-23, nan 
-104.625, 89.125, 4.3232189620334683e-23, nan 
-104.375, 89.125, 4.170329921408022e-23, nan 
-104.125, 89.125, 4.688857457320186e-23, nan 
-103.875, 89.125, 4.627543742805591e-23, nan 
-103.625, 89.125, 4.647833344371763e-23, nan 
-103.375, 89.125, 4.470631965365041e-23, nan 
-103.125, 89.125, 4.1841486171855735e-23, nan 
-102.875, 89.125, 3.682509973483113e-23, nan 
-102.625, 89.125, 3.574551420353947e-23, nan 
-102.375, 89.125, 3.793825427478917e-23, nan 
-102.125, 89.125, 3.0843417435322083e-23, nan 
-101.875, 89.125, 3.165275310644681e-23, nan 
-101.625, 89.125, 3.3781153237656413e-23, nan 
-101.375, 89.125, 2.7390500955878795e-23, nan 
-101.125, 89.125, 2.6328152062171133e-23, nan 
-100.875, 89.125, 2.4262681894633047e-23, nan 
-100.625, 89.125, 1.9009583135698e-23, nan 
-100.375, 89.125, 2.022312270099799e-23, nan 
-100.125, 89.125, 2.0313048496459365e-23, nan 
-99.875, 89.125, 2.0188500770671364e-23, nan 
-99.625, 89.125, 1.964042353379147e-23, nan 
-99.375, 89.125, 1.7311577315992823e-23, nan 
-99.125, 89.125, 2.0290462784050257e-23, nan 
-98.875, 89.125, 1.5033183824069872e-23, nan 
-98.625, 89.125, 1.4658169745746477e-23, nan 
-98.375, 89.125, 1.7159943738897504e-23, nan 
-98.125, 89.125, 1.8552494894850416e-23, nan 
-97.875, 89.125, 2.467833681475948e-23, nan 
-97.625, 89.125, 2.2882711416341927e-23, nan 
-97.375, 89.125, 1.3124253652724203e-23, nan 
-97.125, 89.125, 1.0438522060930129e-23, nan 
-96.875, 89.125, 1.5770540312758866e-23, nan 
-96.625, 89.125, 1.6452155225512478e-23, nan 
-96.375, 89.125, 1.6372919867858046e-23, nan 
-96.125, 89.125, 1.766308620880487e-23, nan 
-95.875, 89.125, 1.6368299501252014e-23, nan 
-95.625, 89.125, 1.6013260393926782e-23, nan 
-95.375, 89.125, 1.8850544472245434e-23, nan 
-95.125, 89.125, 3.5559164155794985e-23, nan 
-94.875, 89.125, 3.674857623265177e-23, nan 
-94.625, 89.125, 3.8511946259633617e-23, nan 
-94.375, 89.125, 3.561244490891207e-23, nan 
-94.125, 89.125, 3.5843669199448773e-23, nan 
-93.875, 89.125, 2.4663154319212297e-23, nan 
-93.625, 89.125, 2.6082245738959572e-23, nan 
-93.375, 89.125, 2.624740930479062e-23, nan 
-93.125, 89.125, 2.8348579514367056e-23, nan 
-92.875, 89.125, 2.8548449663335333e-23, nan 
-92.625, 89.125, 2.894127356988779e-23, nan 
-92.375, 89.125, 2.8881039455834094e-23, nan 
-92.125, 89.125, 2.993567605477155e-23, nan 
-91.875, 89.125, 3.308396671195695e-23, nan 
-91.625, 89.125, 3.290325745308299e-23, nan 
-91.375, 89.125, 3.2946724546705344e-23, nan 
-91.125, 89.125, 3.7206845192579674e-23, nan 
-90.875, 89.125, 4.9230610712301986e-23, nan 
-90.625, 89.125, 4.6393353251961074e-23, nan 
-90.375, 89.125, 4.6886652305906015e-23, nan 
-90.125, 89.125, 4.412556744431538e-23, nan 
-89.875, 89.125, 4.3131707080522386e-23, nan 
-89.625, 89.125, 4.1259423642995405e-23, nan 
-89.375, 89.125, 3.9581478228217304e-23, nan 
-89.125, 89.125, 3.627531227211749e-23, nan 
-88.875, 89.125, 3.1594811354111794e-23, nan 
-88.625, 89.125, 3.1097228381663975e-23, nan 
-88.375, 89.125, 2.95745807420119e-23, nan 
-88.125, 89.125, 2.4789609378555806e-23, nan 
-87.875, 89.125, 2.4983534066817784e-23, nan 
-87.625, 89.125, 2.5228407884212313e-23, nan 
-87.375, 89.125, 3.026266456459018e-23, nan 
-87.125, 89.125, 2.8889233230224954e-23, nan 
-86.875, 89.125, 3.470372157946154e-23, nan 
-86.625, 89.125, 2.809662911313912e-23, nan 
-86.375, 89.125, 2.8107914915745085e-23, nan 
-86.125, 89.125, 2.9319575474384245e-23, nan 
-85.875, 89.125, 3.018230431831723e-23, nan 
-85.625, 89.125, 3.4875790046242066e-23, nan 
-85.375, 89.125, 3.0373106108901454e-23, nan 
-85.125, 89.125, 3.010705729469674e-23, nan 
-84.875, 89.125, 3.2262835426500414e-23, nan 
-84.625, 89.125, 3.077412228929126e-23, nan 
-84.375, 89.125, 3.810022078575068e-23, nan 
-84.125, 89.125, 3.3009609623461566e-23, nan 
-83.875, 89.125, 4.1032730317620345e-23, nan 
-83.625, 89.125, 3.620408242515767e-23, nan 
-83.375, 89.125, 4.663547680310713e-23, nan 
-83.125, 89.125, 4.24877511160165e-23, nan 
-82.875, 89.125, 4.403905588495004e-23, nan 
-82.625, 89.125, 4.7115143788562884e-23, nan 
-82.375, 89.125, 4.879785338602716e-23, nan 
-82.125, 89.125, 6.083272045413995e-23, nan 
-81.875, 89.125, 5.884887383010792e-23, nan 
-81.625, 89.125, 6.644936921551414e-23, nan 
-81.375, 89.125, 7.079503170452203e-23, nan 
-81.125, 89.125, 7.859900444811103e-23, nan 
-80.875, 89.125, 8.885820734925628e-23, nan 
-80.625, 89.125, 8.928103488538541e-23, nan 
-80.375, 89.125, 9.823379406886702e-23, nan 
-80.125, 89.125, 8.065164698970007e-23, nan 
-79.875, 89.125, 8.003899744996143e-23, nan 
-79.625, 89.125, 7.504961707636534e-23, nan 
-79.375, 89.125, 8.265793959350899e-23, nan 
-79.125, 89.125, 8.471908373985147e-23, nan 
-78.875, 89.125, 7.977435634955937e-23, nan 
-78.625, 89.125, 7.981336326419769e-23, nan 
-78.375, 89.125, 7.978568345743178e-23, nan 
-78.125, 89.125, 7.904006060729874e-23, nan 
-77.875, 89.125, 8.429915628505638e-23, nan 
-77.625, 89.125, 7.842019356664703e-23, nan 
-77.375, 89.125, 7.911838401280721e-23, nan 
-77.125, 89.125, 7.638121334586762e-23, nan 
-76.875, 89.125, 7.93389848939737e-23, nan 
-76.625, 89.125, 7.448196350959887e-23, nan 
-76.375, 89.125, 7.530888090352899e-23, nan 
-76.125, 89.125, 7.563816178810977e-23, nan 
-75.875, 89.125, 8.16342968656725e-23, nan 
-75.625, 89.125, 8.061027088095636e-23, nan 
-75.375, 89.125, 8.205280207160991e-23, nan 
-75.125, 89.125, 7.921669908515717e-23, nan 
-74.875, 89.125, 7.572350337593801e-23, nan 
-74.625, 89.125, 7.468959669194078e-23, nan 
-74.375, 89.125, 7.727943865401112e-23, nan 
-74.125, 89.125, 7.817332135714549e-23, nan 
-73.875, 89.125, 7.946331344956649e-23, nan 
-73.625, 89.125, 8.039276323885093e-23, nan 
-73.375, 89.125, 7.364153664717718e-23, nan 
-73.125, 89.125, 8.081514447491996e-23, nan 
-72.875, 89.125, 8.789868115014272e-23, nan 
-72.625, 89.125, 9.524811446482771e-23, nan 
-72.375, 89.125, 1.0226880832467458e-22, nan 
-72.125, 89.125, 1.2153186845081169e-22, nan 
-71.875, 89.125, 1.2443136659757482e-22, nan 
-71.625, 89.125, 1.2444079747700695e-22, nan 
-71.375, 89.125, 1.2647406012391623e-22, nan 
-71.125, 89.125, 1.1954371372985407e-22, nan 
-70.875, 89.125, 1.2285500949075982e-22, nan 
-70.625, 89.125, 1.1524187390750926e-22, nan 
-70.375, 89.125, 1.2592566516609687e-22, nan 
-70.125, 89.125, 1.2059309140964948e-22, nan 
-69.875, 89.125, 1.159317697639974e-22, nan 
-69.625, 89.125, 1.1816958387268003e-22, nan 
-69.375, 89.125, 1.1345163944154393e-22, nan 
-69.125, 89.125, 1.239009108554993e-22, nan 
-68.875, 89.125, 1.2304369916684272e-22, nan 
-68.625, 89.125, 1.2036079871863514e-22, nan 
-68.375, 89.125, 1.204909082740982e-22, nan 
-68.125, 89.125, 1.157480138487994e-22, nan 
-67.875, 89.125, 1.2215981996733638e-22, nan 
-67.625, 89.125, 1.2427870291776648e-22, nan 
-67.375, 89.125, 1.2381101944470669e-22, nan 
-67.125, 89.125, 1.128462384650502e-22, nan 
-66.875, 89.125, 1.1950248720801833e-22, nan 
-66.625, 89.125, 1.1794655353973114e-22, nan 
-66.375, 89.125, 1.1487203422255579e-22, nan 
-66.125, 89.125, 1.133508500541131e-22, nan 
-65.875, 89.125, 1.0556326459564363e-22, nan 
-65.625, 89.125, 1.0738841791507072e-22, nan 
-65.375, 89.125, 1.0187832267666092e-22, nan 
-65.125, 89.125, 1.1147277726180014e-22, nan 
-64.875, 89.125, 9.875088279145274e-23, nan 
-64.625, 89.125, 1.0297156116475117e-22, nan 
-64.375, 89.125, 1.1425440204152484e-22, nan 
-64.125, 89.125, 1.130209426079758e-22, nan 
-63.875, 89.125, 1.0727986458125052e-22, nan 
-63.625, 89.125, 1.0835123089267654e-22, nan 
-63.375, 89.125, 1.15491923693819e-22, nan 
-63.125, 89.125, 1.0793940450561e-22, nan 
-62.875, 89.125, 1.0994202328766002e-22, nan 
-62.625, 89.125, 1.1217172745875382e-22, nan 
-62.375, 89.125, 1.0729273720473738e-22, nan 
-62.125, 89.125, 1.0018476054914794e-22, nan 
-61.875, 89.125, 1.0874648102825816e-22, nan 
-61.625, 89.125, 1.004532857166766e-22, nan 
-61.375, 89.125, 1.0224815769514576e-22, nan 
-61.125, 89.125, 9.786519309772365e-23, nan 
-60.875, 89.125, 1.0390423487199298e-22, nan 
-60.625, 89.125, 9.642904532181332e-23, nan 
-60.375, 89.125, 1.0009264883819929e-22, nan 
-60.125, 89.125, 9.668350662339168e-23, nan 
-59.875, 89.125, 9.510730332852311e-23, nan 
-59.625, 89.125, 9.335374882829809e-23, nan 
-59.375, 89.125, 9.683211435602647e-23, nan 
-59.125, 89.125, 9.577649723426469e-23, nan 
-58.875, 89.125, 9.636946676182631e-23, nan 
-58.625, 89.125, 9.295666069621602e-23, nan 
-58.375, 89.125, 8.695127071557488e-23, nan 
-58.125, 89.125, 8.635002686622733e-23, nan 
-57.875, 89.125, 9.160267188494106e-23, nan 
-57.625, 89.125, 8.909231055964384e-23, nan 
-57.375, 89.125, 9.353985091116816e-23, nan 
-57.125, 89.125, 1.0211870928528067e-22, nan 
-56.875, 89.125, 9.3958704577515e-23, nan 
-56.625, 89.125, 9.476558603807332e-23, nan 
-56.375, 89.125, 9.863243600743581e-23, nan 
-56.125, 89.125, 1.0738395707969758e-22, nan 
-55.875, 89.125, 1.2556493417979758e-22, nan 
-55.625, 89.125, 1.294889907143428e-22, nan 
-55.375, 89.125, 1.2726080528586847e-22, nan 
-55.125, 89.125, 1.3912478423984407e-22, nan 
-54.875, 89.125, 1.228812459582823e-22, nan 
-54.625, 89.125, 1.3772226449409213e-22, nan 
-54.375, 89.125, 1.2173188003583893e-22, nan 
-54.125, 89.125, 1.2848579692658284e-22, nan 
-53.875, 89.125, 1.325033932663784e-22, nan 
-53.625, 89.125, 1.1990129878940807e-22, nan 
-53.375, 89.125, 1.1817931060514796e-22, nan 
-53.125, 89.125, 1.2669092219850337e-22, nan 
-52.875, 89.125, 1.258381605572919e-22, nan 
-52.625, 89.125, 1.3150464201384058e-22, nan 
-52.375, 89.125, 1.2217909622564783e-22, nan 
-52.125, 89.125, 1.2249277063662483e-22, nan 
-51.875, 89.125, 1.1423429648630828e-22, nan 
-51.625, 89.125, 1.186170640784996e-22, nan 
-51.375, 89.125, 1.1803836256481998e-22, nan 
-51.125, 89.125, 1.1870081082302065e-22, nan 
-50.875, 89.125, 1.055370258844367e-22, nan 
-50.625, 89.125, 1.09461573395141e-22, nan 
-50.375, 89.125, 1.0249877614692961e-22, nan 
-50.125, 89.125, 1.0158893296916878e-22, nan 
-49.875, 89.125, 9.199723212954523e-23, nan 
-49.625, 89.125, 8.373778951192929e-23, nan 
-49.375, 89.125, 7.659367707692292e-23, nan 
-49.125, 89.125, 6.745952092506895e-23, nan 
-48.875, 89.125, 7.934243621492837e-23, nan 
-48.625, 89.125, 5.295518018622764e-23, nan 
-48.375, 89.125, 3.545313840301265e-23, nan 
-48.125, 89.125, 4.232658509510502e-23, nan 
-47.875, 89.125, 5.0120153122441735e-23, nan 
-47.625, 89.125, 6.965503678019433e-23, nan 
-47.375, 89.125, 8.215387206554563e-23, nan 
-47.125, 89.125, 9.294236943044438e-23, nan 
-46.875, 89.125, 8.4374667104463e-23, nan 
-46.625, 89.125, 6.23708523934984e-23, nan 
-46.375, 89.125, 7.08859756887953e-23, nan 
-46.125, 89.125, 5.956968635733539e-23, nan 
-45.875, 89.125, 6.753393524988192e-23, nan 
-45.625, 89.125, 5.807334525716451e-23, nan 
-45.375, 89.125, 5.909475240962634e-23, nan 
-45.125, 89.125, 5.54210442025985e-23, nan 
-44.875, 89.125, 7.46960137379978e-23, nan 
-44.625, 89.125, 6.307997675321257e-23, nan 
-44.375, 89.125, 4.362249012446133e-23, nan 
-44.125, 89.125, 4.841220349373494e-23, nan 
-43.875, 89.125, 5.543187346219703e-23, nan 
-43.625, 89.125, 5.825657002711378e-23, nan 
-43.375, 89.125, 5.249969035695775e-23, nan 
-43.125, 89.125, 5.581067850347983e-23, nan 
-42.875, 89.125, 5.556848195926537e-23, nan 
-42.625, 89.125, 5.583497821620976e-23, nan 
-42.375, 89.125, 5.541661683804797e-23, nan 
-42.125, 89.125, 5.641980113034354e-23, nan 
-41.875, 89.125, 5.882551604010924e-23, nan 
-41.625, 89.125, 6.1260413308731e-23, nan 
-41.375, 89.125, 5.662458531969947e-23, nan 
-41.125, 89.125, 6.556275610387645e-23, nan 
-40.875, 89.125, 7.282148566675329e-23, nan 
-40.625, 89.125, 6.186257227853816e-23, nan 
-40.375, 89.125, 5.374894504113572e-23, nan 
-40.125, 89.125, 4.527797275769789e-23, nan 
-39.875, 89.125, 4.378569638189465e-23, nan 
-39.625, 89.125, 3.7732552469961206e-23, nan 
-39.375, 89.125, 2.554702878728271e-23, nan 
-39.125, 89.125, 3.03759351835727e-23, nan 
-38.875, 89.125, 2.258525137853014e-23, nan 
-38.625, 89.125, 2.789589938030225e-23, nan 
-38.375, 89.125, 1.9884850832476838e-23, nan 
-38.125, 89.125, 2.1526058079857177e-23, nan 
-37.875, 89.125, 3.92615001572299e-23, nan 
-37.625, 89.125, 3.3582373640615113e-23, nan 
-37.375, 89.125, 3.68805468008861e-23, nan 
-37.125, 89.125, 3.340221831202458e-23, nan 
-36.875, 89.125, 3.486831610960416e-23, nan 
-36.625, 89.125, 3.7804845788166153e-23, nan 
-36.375, 89.125, 3.233730478037134e-23, nan 
-36.125, 89.125, 2.6658232525854926e-23, nan 
-35.875, 89.125, 2.3228143916000522e-23, nan 
-35.625, 89.125, 2.4636740632238668e-23, nan 
-35.375, 89.125, 2.2459059018937237e-23, nan 
-35.125, 89.125, 2.5241653343864497e-23, nan 
-34.875, 89.125, 2.5905924331982786e-23, nan 
-34.625, 89.125, 2.1114619394968157e-23, nan 
-34.375, 89.125, 1.73472397200115e-23, nan 
-34.125, 89.125, 1.819765499246782e-23, nan 
-33.875, 89.125, 1.6972668662892504e-23, nan 
-33.625, 89.125, 1.638316579783018e-23, nan 
-33.375, 89.125, 1.301017262057793e-23, nan 
-33.125, 89.125, 1.2823812854825401e-23, nan 
-32.875, 89.125, 1.4954745016730156e-23, nan 
-32.625, 89.125, 1.3277558757637707e-23, nan 
-32.375, 89.125, 1.5903970470895867e-23, nan 
-32.125, 89.125, 1.6614029799444982e-23, nan 
-31.875, 89.125, 2.2336036747239005e-23, nan 
-31.625, 89.125, 1.3149889773088624e-23, nan 
-31.375, 89.125, 1.423522471030124e-23, nan 
-31.125, 89.125, 1.719553962189194e-23, nan 
-30.875, 89.125, 1.648997369586889e-23, nan 
-30.625, 89.125, 1.6354153099636604e-23, nan 
-30.375, 89.125, 1.876682180022439e-23, nan 
-30.125, 89.125, 2.0020606862657144e-23, nan 
-29.875, 89.125, 2.090624547559442e-23, nan 
-29.625, 89.125, 2.1273114249365986e-23, nan 
-29.375, 89.125, 2.586130401006682e-23, nan 
-29.125, 89.125, 2.4045619454733115e-23, nan 
-28.875, 89.125, 3.6494027445596586e-23, nan 
-28.625, 89.125, 2.7958529230569594e-23, nan 
-28.375, 89.125, 4.2283337592948093e-23, nan 
-28.125, 89.125, 3.171750042360299e-23, nan 
-27.875, 89.125, 3.203252109865045e-23, nan 
-27.625, 89.125, 3.175032608952201e-23, nan 
-27.375, 89.125, 3.68273949049765e-23, nan 
-27.125, 89.125, 3.67827170859096e-23, nan 
-26.875, 89.125, 3.558652104044386e-23, nan 
-26.625, 89.125, 4.463537836102132e-23, nan 
-26.375, 89.125, 4.740764400076105e-23, nan 
-26.125, 89.125, 5.1020204179110073e-23, nan 
-25.875, 89.125, 5.918661538758839e-23, nan 
-25.625, 89.125, 6.134235508720656e-23, nan 
-25.375, 89.125, 6.509740066469657e-23, nan 
-25.125, 89.125, 7.032766616581805e-23, nan 
-24.875, 89.125, 7.436554648749973e-23, nan 
-24.625, 89.125, 7.542424039491097e-23, nan 
-24.375, 89.125, 8.035068897821398e-23, nan 
-24.125, 89.125, 8.026575611869806e-23, nan 
-23.875, 89.125, 8.204834636743715e-23, nan 
-23.625, 89.125, 1.0208506111204337e-22, nan 
-23.375, 89.125, 9.239848283803795e-23, nan 
-23.125, 89.125, 9.520300869358515e-23, nan 
-22.875, 89.125, 9.319061842557852e-23, nan 
-22.625, 89.125, 9.512829381624244e-23, nan 
-22.375, 89.125, 1.2177503652013894e-22, nan 
-22.125, 89.125, 7.201094204327567e-23, nan 
-21.875, 89.125, 1.0576646270087484e-22, nan 
-21.625, 89.125, 9.99972516657972e-23, nan 
-21.375, 89.125, 1.11554576486429e-22, nan 
-21.125, 89.125, 1.1117102961266245e-22, nan 
-20.875, 89.125, 1.0405791203273674e-22, nan 
-20.625, 89.125, 9.96255714332895e-23, nan 
-20.375, 89.125, 9.205154041357346e-23, nan 
-20.125, 89.125, 6.896036393797638e-23, nan 
-19.875, 89.125, 5.703198339973965e-23, nan 
-19.625, 89.125, 4.3198488241698927e-23, nan 
-19.375, 89.125, 7.204508891968973e-23, nan 
-19.125, 89.125, 7.000378556281768e-23, nan 
-18.875, 89.125, 4.914976028410399e-23, nan 
-18.625, 89.125, 2.9872472285845624e-23, nan 
-18.375, 89.125, 2.584406928355313e-23, nan 
-18.125, 89.125, 4.998780945859538e-23, nan 
-17.875, 89.125, 8.904062686113206e-23, nan 
-17.625, 89.125, 7.159824451649707e-23, nan 
-17.375, 89.125, 7.47054044386642e-23, nan 
-17.125, 89.125, 1.1125030343242639e-22, nan 
-16.875, 89.125, 8.134857998324288e-23, nan 
-16.625, 89.125, 9.104167312324661e-23, nan 
-16.375, 89.125, 7.118743717440716e-23, nan 
-16.125, 89.125, 9.554712221260924e-23, nan 
-15.875, 89.125, 6.909471141393324e-23, nan 
-15.625, 89.125, 6.093158494892536e-23, nan 
-15.375, 89.125, 1.007397418714559e-22, nan 
-15.125, 89.125, 8.3849283235885e-23, nan 
-14.875, 89.125, 8.638717526631901e-23, nan 
-14.625, 89.125, 8.787026890723212e-23, nan 
-14.375, 89.125, 7.337082963228413e-23, nan 
-14.125, 89.125, 8.839255186735004e-23, nan 
-13.875, 89.125, 1.052550460443966e-22, nan 
-13.625, 89.125, 9.271613814146002e-23, nan 
-13.375, 89.125, 9.498024560316868e-23, nan 
-13.125, 89.125, 1.0016129505612739e-22, nan 
-12.875, 89.125, 1.0108423010163012e-22, nan 
-12.625, 89.125, 1.0438993527998871e-22, nan 
-12.375, 89.125, 1.088230911939901e-22, nan 
-12.125, 89.125, 1.095445350872752e-22, nan 
-11.875, 89.125, 1.1569955968759724e-22, nan 
-11.625, 89.125, 1.1068173727201056e-22, nan 
-11.375, 89.125, 1.13551765406346e-22, nan 
-11.125, 89.125, 1.06972880258697e-22, nan 
-10.875, 89.125, 1.1618931447098338e-22, nan 
-10.625, 89.125, 1.1778183520673189e-22, nan 
-10.375, 89.125, 1.0982446412281364e-22, nan 
-10.125, 89.125, 1.177310442217736e-22, nan 
-9.875, 89.125, 1.2071639329472594e-22, nan 
-9.625, 89.125, 1.245167202774851e-22, nan 
-9.375, 89.125, 1.2690618185655143e-22, nan 
-9.125, 89.125, 1.2021804547134534e-22, nan 
-8.875, 89.125, 1.1645790170734628e-22, nan 
-8.625, 89.125, 1.1269522084826194e-22, nan 
-8.375, 89.125, 1.1325740846631638e-22, nan 
-8.125, 89.125, 1.0878703333525277e-22, nan 
-7.875, 89.125, 8.320731684230804e-23, nan 
-7.625, 89.125, 9.8853512766612e-23, nan 
-7.375, 89.125, 1.0237338090639246e-22, nan 
-7.125, 89.125, 1.0647679438243274e-22, nan 
-6.875, 89.125, 1.2361847200744679e-22, nan 
-6.625, 89.125, 9.505161673243711e-23, nan 
-6.375, 89.125, 1.0423334476570925e-22, nan 
-6.125, 89.125, 1.1209917827183946e-22, nan 
-5.875, 89.125, 1.0644586114318396e-22, nan 
-5.625, 89.125, 1.0805114811264734e-22, nan 
-5.375, 89.125, 9.411641309675845e-23, nan 
-5.125, 89.125, 9.660090148640333e-23, nan 
-4.875, 89.125, 8.229943713927804e-23, nan 
-4.625, 89.125, 7.763143822672014e-23, nan 
-4.375, 89.125, 8.25898379814902e-23, nan 
-4.125, 89.125, 1.0395584306211779e-22, nan 
-3.875, 89.125, 1.0694106764072363e-22, nan 
-3.625, 89.125, 1.0511330947458674e-22, nan 
-3.375, 89.125, 1.0727876931627494e-22, nan 
-3.125, 89.125, 1.0777152837354384e-22, nan 
-2.875, 89.125, 1.0700465100274815e-22, nan 
-2.625, 89.125, 1.071074493431823e-22, nan 
-2.375, 89.125, 1.103226542489413e-22, nan 
-2.125, 89.125, 1.0745127669469846e-22, nan 
-1.875, 89.125, 1.0255891821723592e-22, nan 
-1.625, 89.125, 1.0029026962503628e-22, nan 
-1.375, 89.125, 1.023802161652224e-22, nan 
-1.125, 89.125, 9.5178081666722e-23, nan 
-0.875, 89.125, 9.546367306936507e-23, nan 
-0.625, 89.125, 1.0042588167532424e-22, nan 
-0.375, 89.125, 9.901054067620612e-23, nan 
-0.125, 89.125, 9.780142782832628e-23, nan 
0.125, 89.125, 5.559487994132417e-23, nan 
0.375, 89.125, 8.738217038482626e-23, nan 
0.625, 89.125, 9.701335763179828e-23, nan 
0.875, 89.125, 1.0546453001993625e-22, nan 
1.125, 89.125, 1.065021865025026e-22, nan 
1.375, 89.125, 1.0548279045233168e-22, nan 
1.625, 89.125, 1.0157923891896958e-22, nan 
1.875, 89.125, 1.0158105001384662e-22, nan 
2.125, 89.125, 9.909892578248674e-23, nan 
2.375, 89.125, 9.678015223619944e-23, nan 
2.625, 89.125, 1.0216298388908983e-22, nan 
2.875, 89.125, 1.0574366459077895e-22, nan 
3.125, 89.125, 9.979435862207301e-23, nan 
3.375, 89.125, 1.0147208481410777e-22, nan 
3.625, 89.125, 1.1187587649352633e-22, nan 
3.875, 89.125, 1.0106485676400037e-22, nan 
4.125, 89.125, 1.078802064228582e-22, nan 
4.375, 89.125, 1.0620581265775306e-22, nan 
4.625, 89.125, 1.057637500094044e-22, nan 
4.875, 89.125, 1.0741328381578647e-22, nan 
5.125, 89.125, 1.6047228013610692e-22, nan 
5.375, 89.125, 1.1111882287010063e-22, nan 
5.625, 89.125, 1.3777159368689689e-22, nan 
5.875, 89.125, 1.0976796876758798e-22, nan 
6.125, 89.125, 1.1066601467579621e-22, nan 
6.375, 89.125, 1.337870334144758e-22, nan 
6.625, 89.125, 3.182790406691068e-23, nan 
6.875, 89.125, 9.283930909244759e-23, nan 
7.125, 89.125, 1.0816534769380178e-22, nan 
7.375, 89.125, 8.033580556255411e-23, nan 
7.625, 89.125, 9.131361403977704e-23, nan 
7.875, 89.125, 7.397886976699921e-23, nan 
8.125, 89.125, 7.290447741410754e-23, nan 
8.375, 89.125, 7.316668233086381e-23, nan 
8.625, 89.125, 7.859543031085628e-23, nan 
8.875, 89.125, 8.182310104649326e-23, nan 
9.125, 89.125, 8.924762754561525e-23, nan 
9.375, 89.125, 8.848133365434831e-23, nan 
9.625, 89.125, 8.451735713418134e-23, nan 
9.875, 89.125, 8.002665519032368e-23, nan 
10.125, 89.125, 7.90101298747667e-23, nan 
10.375, 89.125, 7.605786935103879e-23, nan 
10.625, 89.125, 7.340212421501962e-23, nan 
10.875, 89.125, 7.840235620088107e-23, nan 
11.125, 89.125, 7.157129350639395e-23, nan 
11.375, 89.125, 6.731371091424561e-23, nan 
11.625, 89.125, 5.071545256917878e-23, nan 
11.875, 89.125, 4.081268054292935e-23, nan 
12.125, 89.125, 3.57278442979114e-23, nan 
12.375, 89.125, 3.054243463049593e-23, nan 
12.625, 89.125, 5.1035758741763224e-23, nan 
12.875, 89.125, 2.1555603728234155e-23, nan 
13.125, 89.125, 2.722618983015819e-23, nan 
13.375, 89.125, 3.000590310687005e-23, nan 
13.625, 89.125, 1.7866851975804938e-22, nan 
13.875, 89.125, 2.97328864800063e-23, nan 
14.125, 89.125, 2.5911892049181546e-23, nan 
14.375, 89.125, 3.384147172688781e-23, nan 
14.625, 89.125, 2.6831131900459734e-23, nan 
14.875, 89.125, 2.657743796469945e-23, nan 
15.125, 89.125, 2.2913058136955702e-23, nan 
15.375, 89.125, 3.0500905548585897e-23, nan 
15.625, 89.125, 2.393992235080444e-23, nan 
15.875, 89.125, 2.4745483310075823e-23, nan 
16.125, 89.125, 2.842085626189711e-23, nan 
16.375, 89.125, 2.5811350766057202e-23, nan 
16.625, 89.125, 2.972725527189864e-23, nan 
16.875, 89.125, 3.78903244552824e-23, nan 
17.125, 89.125, 5.922639500951283e-23, nan 
17.375, 89.125, 3.1381742353665815e-23, nan 
17.625, 89.125, 3.697366189159316e-23, nan 
17.875, 89.125, 1.9036877272653293e-23, nan 
18.125, 89.125, 1.7570793490878982e-23, nan 
18.375, 89.125, 1.7725281772269566e-23, nan 
18.625, 89.125, 3.357919457456671e-23, nan 
18.875, 89.125, 2.166841232186128e-23, nan 
19.125, 89.125, 2.1729445013223178e-23, nan 
19.375, 89.125, 3.3335951908224606e-23, nan 
19.625, 89.125, 4.6896662074107484e-23, nan 
19.875, 89.125, 2.6901436820164505e-23, nan 
20.125, 89.125, 2.4104042449011173e-23, nan 
20.375, 89.125, 2.0652665197061438e-23, nan 
20.625, 89.125, 3.39596298264175e-23, nan 
20.875, 89.125, 2.5618031585933117e-23, nan 
21.125, 89.125, 3.5257882438346776e-23, nan 
21.375, 89.125, 3.2623560189287624e-23, nan 
21.625, 89.125, 3.37676092997872e-23, nan 
21.875, 89.125, 2.338180941722512e-23, nan 
22.125, 89.125, 3.164266374353266e-23, nan 
22.375, 89.125, 3.3816155665855813e-23, nan 
22.625, 89.125, 2.1627282755210243e-23, nan 
22.875, 89.125, 1.859810243707125e-23, nan 
23.125, 89.125, 3.2906497986262357e-23, nan 
23.375, 89.125, 2.6424826302401803e-23, nan 
23.625, 89.125, 2.763179351336227e-23, nan 
23.875, 89.125, 2.7982166303700524e-23, nan 
24.125, 89.125, 2.1057900387030363e-23, nan 
24.375, 89.125, 1.8754169056379364e-23, nan 
24.625, 89.125, 2.0911899721334638e-23, nan 
24.875, 89.125, 2.052641171183322e-23, nan 
25.125, 89.125, 2.1480299190486936e-23, nan 
25.375, 89.125, 2.936087388256614e-23, nan 
25.625, 89.125, 3.3131305928114535e-23, nan 
25.875, 89.125, 2.2605095613279758e-23, nan 
26.125, 89.125, 2.3665682397161794e-23, nan 
26.375, 89.125, 3.136711176276637e-23, nan 
26.625, 89.125, 2.526305530347118e-23, nan 
26.875, 89.125, 1.7502904566404343e-23, nan 
27.125, 89.125, 2.78880502965906e-23, nan 
27.375, 89.125, 3.5901255814469853e-23, nan 
27.625, 89.125, 3.974817608629797e-23, nan 
27.875, 89.125, 4.3979599991037945e-23, nan 
28.125, 89.125, 4.1392632096407214e-23, nan 
28.375, 89.125, 4.679523744471866e-23, nan 
28.625, 89.125, 3.7286743929433996e-23, nan 
28.875, 89.125, 3.419987644537395e-23, nan 
29.125, 89.125, 3.654597911985008e-23, nan 
29.375, 89.125, 5.151668588145527e-23, nan 
29.625, 89.125, 2.9470406723427317e-23, nan 
29.875, 89.125, 3.058757447998405e-23, nan 
30.125, 89.125, 3.8998429503336133e-23, nan 
30.375, 89.125, 6.809052585532662e-23, nan 
30.625, 89.125, 6.852107374087218e-23, nan 
30.875, 89.125, 5.565884475385261e-23, nan 
31.125, 89.125, 7.884589132872695e-23, nan 
31.375, 89.125, 7.173575024566346e-23, nan 
31.625, 89.125, 9.076655528815465e-23, nan 
31.875, 89.125, 7.701725779368478e-23, nan 
32.125, 89.125, 9.288985516866251e-23, nan 
32.375, 89.125, 9.52985584581608e-23, nan 
32.625, 89.125, 1.0145501472962435e-22, nan 
32.875, 89.125, 1.133959987900546e-22, nan 
33.125, 89.125, 1.0248399361810286e-22, nan 
33.375, 89.125, 8.450204778429931e-23, nan 
33.625, 89.125, 7.878427450735576e-23, nan 
33.875, 89.125, 1.0541630151253843e-22, nan 
34.125, 89.125, 9.65087433171514e-23, nan 
34.375, 89.125, 9.72503920840197e-23, nan 
34.625, 89.125, 9.630819163591911e-23, nan 
34.875, 89.125, 1.0016172714613456e-22, nan 
35.125, 89.125, 8.425690998653511e-23, nan 
35.375, 89.125, 8.191656443210029e-23, nan 
35.625, 89.125, 7.70141805909378e-23, nan 
35.875, 89.125, 7.066470499320727e-23, nan 
36.125, 89.125, 5.51488751979281e-23, nan 
36.375, 89.125, 7.438825429819205e-23, nan 
36.625, 89.125, 9.354947943346174e-23, nan 
36.875, 89.125, 8.977376447862066e-23, nan 
37.125, 89.125, 9.44092176801547e-23, nan 
37.375, 89.125, 1.0291376539898898e-22, nan 
37.625, 89.125, 1.0800602857865326e-22, nan 
37.875, 89.125, 9.425294043522744e-23, nan 
38.125, 89.125, 8.36751375091778e-23, nan 
38.375, 89.125, 5.251313334373861e-23, nan 
38.625, 89.125, 6.62627220448958e-23, nan 
38.875, 89.125, 7.05461581888361e-23, nan 
39.125, 89.125, 7.383280997760737e-23, nan 
39.375, 89.125, 7.78716229645091e-23, nan 
39.625, 89.125, 7.527620717767045e-23, nan 
39.875, 89.125, 8.313834154458591e-23, nan 
40.125, 89.125, 8.74118269773609e-23, nan 
40.375, 89.125, 8.944237853937662e-23, nan 
40.625, 89.125, 8.811825060484374e-23, nan 
40.875, 89.125, 8.371334473434543e-23, nan 
41.125, 89.125, 8.743477517073198e-23, nan 
41.375, 89.125, 8.017894030728286e-23, nan 
41.625, 89.125, 7.963914134757862e-23, nan 
41.875, 89.125, 7.160712539726239e-23, nan 
42.125, 89.125, 7.292195025879588e-23, nan 
42.375, 89.125, 7.372068127058354e-23, nan 
42.625, 89.125, 7.694916197269052e-23, nan 
42.875, 89.125, 7.047048916774219e-23, nan 
43.125, 89.125, 8.223295559369417e-23, nan 
43.375, 89.125, 7.460232972285878e-23, nan 
43.625, 89.125, 7.613909351997603e-23, nan 
43.875, 89.125, 7.105056614745564e-23, nan 
44.125, 89.125, 8.159340322627483e-23, nan 
44.375, 89.125, 6.612683445901766e-23, nan 
44.625, 89.125, 7.048019929058538e-23, nan 
44.875, 89.125, 7.976294024795936e-23, nan 
45.125, 89.125, 7.039856310900897e-23, nan 
45.375, 89.125, 7.795729165490172e-23, nan 
45.625, 89.125, 6.65431023549065e-23, nan 
45.875, 89.125, 7.402446305714265e-23, nan 
46.125, 89.125, 7.010606754262452e-23, nan 
46.375, 89.125, 7.064146780913137e-23, nan 
46.625, 89.125, 6.909543343943409e-23, nan 
46.875, 89.125, 7.307527625265128e-23, nan 
47.125, 89.125, 7.89130358416124e-23, nan 
47.375, 89.125, 7.354574423721844e-23, nan 
47.625, 89.125, 6.801017570768244e-23, nan 
47.875, 89.125, 8.445294154322573e-23, nan 
48.125, 89.125, 7.698347742788608e-23, nan 
48.375, 89.125, 8.35998463355285e-23, nan 
48.625, 89.125, 8.404825637528306e-23, nan 
48.875, 89.125, 8.550709881789977e-23, nan 
49.125, 89.125, 8.520778751076455e-23, nan 
49.375, 89.125, 8.075928433600812e-23, nan 
49.625, 89.125, 9.09776491811808e-23, nan 
49.875, 89.125, 8.537412858070593e-23, nan 
50.125, 89.125, 9.086489416215601e-23, nan 
50.375, 89.125, 7.959470726995472e-23, nan 
50.625, 89.125, 8.995322529480686e-23, nan 
50.875, 89.125, 8.533299687826933e-23, nan 
51.125, 89.125, 9.385324807427751e-23, nan 
51.375, 89.125, 8.088179809391434e-23, nan 
51.625, 89.125, 8.518832889418045e-23, nan 
51.875, 89.125, 8.513293627866868e-23, nan 
52.125, 89.125, 8.109369543822332e-23, nan 
52.375, 89.125, 6.807941058222654e-23, nan 
52.625, 89.125, 7.282807395301361e-23, nan 
52.875, 89.125, 7.81056760686912e-23, nan 
53.125, 89.125, 7.31657209303489e-23, nan 
53.375, 89.125, 8.113955499002861e-23, nan 
53.625, 89.125, 8.812113128879471e-23, nan 
53.875, 89.125, 8.689613851163439e-23, nan 
54.125, 89.125, 7.815084848001434e-23, nan 
54.375, 89.125, 6.985113450494468e-23, nan 
54.625, 89.125, 5.540743388962101e-23, nan 
54.875, 89.125, 7.717303453528689e-23, nan 
55.125, 89.125, 7.185487997015448e-23, nan 
55.375, 89.125, 7.193833104357555e-23, nan 
55.625, 89.125, 7.673044556675119e-23, nan 
55.875, 89.125, 6.948028437391967e-23, nan 
56.125, 89.125, 7.265592409442249e-23, nan 
56.375, 89.125, 7.017060674403843e-23, nan 
56.625, 89.125, 7.266570709109256e-23, nan 
56.875, 89.125, 7.38113056068808e-23, nan 
57.125, 89.125, 7.235688343672705e-23, nan 
57.375, 89.125, 7.089343726639003e-23, nan 
57.625, 89.125, 6.265449791106301e-23, nan 
57.875, 89.125, 5.470186738898761e-23, nan 
58.125, 89.125, 5.2430061515892603e-23, nan 
58.375, 89.125, 4.8556132125796135e-23, nan 
58.625, 89.125, 5.0607534592205154e-23, nan 
58.875, 89.125, 5.065667634347583e-23, nan 
59.125, 89.125, 4.630031914382216e-23, nan 
59.375, 89.125, 5.498637936206771e-23, nan 
59.625, 89.125, 5.075410605529332e-23, nan 
59.875, 89.125, 4.1904022837026294e-23, nan 
60.125, 89.125, 4.7090817844951744e-23, nan 
60.375, 89.125, 4.737247326517672e-23, nan 
60.625, 89.125, 3.8421683437144115e-23, nan 
60.875, 89.125, 4.7268902152742913e-23, nan 
61.125, 89.125, 4.8434951423947846e-23, nan 
61.375, 89.125, 5.712622087524589e-23, nan 
61.625, 89.125, 4.758195122065465e-23, nan 
61.875, 89.125, 4.1434225137684626e-23, nan 
62.125, 89.125, 4.237891067350482e-23, nan 
62.375, 89.125, 5.957905127360048e-23, nan 
62.625, 89.125, 3.1181549175949364e-23, nan 
62.875, 89.125, 4.3162295149511245e-23, nan 
63.125, 89.125, 4.0528629078633245e-23, nan 
63.375, 89.125, 5.671292206367244e-23, nan 
63.625, 89.125, 2.7129070760064097e-23, nan 
63.875, 89.125, 4.733839319289583e-23, nan 
64.125, 89.125, 2.808191419313544e-23, nan 
64.375, 89.125, 4.3921712480974567e-23, nan 
64.625, 89.125, 5.752120592963007e-23, nan 
64.875, 89.125, 2.7649422751457403e-23, nan 
65.125, 89.125, 3.742253176862836e-23, nan 
65.375, 89.125, 2.3602398450102153e-23, nan 
65.625, 89.125, 5.508526977463247e-23, nan 
65.875, 89.125, 3.450842791841965e-23, nan 
66.125, 89.125, 4.8377048522085806e-23, nan 
66.375, 89.125, 5.309752722022585e-23, nan 
66.625, 89.125, 4.6895551509249024e-23, nan 
66.875, 89.125, 5.1138132200771594e-23, nan 
67.125, 89.125, 4.659659489078065e-23, nan 
67.375, 89.125, 4.682357798924765e-23, nan 
67.625, 89.125, 5.1395154085185483e-23, nan 
67.875, 89.125, 4.707493850370854e-23, nan 
68.125, 89.125, 5.029355404816527e-23, nan 
68.375, 89.125, 4.5700056883712334e-23, nan 
68.625, 89.125, 4.51137022973279e-23, nan 
68.875, 89.125, 4.515927985849592e-23, nan 
69.125, 89.125, 4.3308225986145973e-23, nan 
69.375, 89.125, 5.82148304162942e-23, nan 
69.625, 89.125, 7.864004219293441e-23, nan 
69.875, 89.125, 7.456175962303955e-23, nan 
70.125, 89.125, 7.602686493291441e-23, nan 
70.375, 89.125, 5.276218275655173e-23, nan 
70.625, 89.125, 6.530512777382025e-23, nan 
70.875, 89.125, 5.347336269815769e-23, nan 
71.125, 89.125, 6.464620425760493e-23, nan 
71.375, 89.125, 6.473420121066938e-23, nan 
71.625, 89.125, 7.338147399233786e-23, nan 
71.875, 89.125, 7.470235189154156e-23, nan 
72.125, 89.125, 8.726340569953577e-23, nan 
72.375, 89.125, 8.392306557905486e-23, nan 
72.625, 89.125, 8.846268418224416e-23, nan 
72.875, 89.125, 8.869189590980184e-23, nan 
73.125, 89.125, 9.430419397275282e-23, nan 
73.375, 89.125, 9.175387018904763e-23, nan 
73.625, 89.125, 9.506700608686539e-23, nan 
73.875, 89.125, 8.146720027842529e-23, nan 
74.125, 89.125, 8.622043034135356e-23, nan 
74.375, 89.125, 9.042841931882181e-23, nan 
74.625, 89.125, 8.951334987033266e-23, nan 
74.875, 89.125, 9.044939522583416e-23, nan 
75.125, 89.125, 9.224201727577473e-23, nan 
75.375, 89.125, 8.090896679235433e-23, nan 
75.625, 89.125, 8.537072966443326e-23, nan 
75.875, 89.125, 8.379555996037224e-23, nan 
76.125, 89.125, 7.771997093583344e-23, nan 
76.375, 89.125, 7.616036692872942e-23, nan 
76.625, 89.125, 8.5828307100003e-23, nan 
76.875, 89.125, 6.959135202732274e-23, nan 
77.125, 89.125, 7.764247423829286e-23, nan 
77.375, 89.125, 6.850213516237789e-23, nan 
77.625, 89.125, 7.170490167416176e-23, nan 
77.875, 89.125, 6.9606051839794e-23, nan 
78.125, 89.125, 6.306245064914816e-23, nan 
78.375, 89.125, 6.217214846249504e-23, nan 
78.625, 89.125, 7.354555351407616e-23, nan 
78.875, 89.125, 7.772833798439201e-23, nan 
79.125, 89.125, 7.912567196346721e-23, nan 
79.375, 89.125, 7.961770514315781e-23, nan 
79.625, 89.125, 8.639228158633515e-23, nan 
79.875, 89.125, 9.016064147212025e-23, nan 
80.125, 89.125, 7.485637907092936e-23, nan 
80.375, 89.125, 8.654397677230107e-23, nan 
80.625, 89.125, 9.971046693995491e-23, nan 
80.875, 89.125, 8.23479629406494e-23, nan 
81.125, 89.125, 7.022816737397737e-23, nan 
81.375, 89.125, 7.70071106097039e-23, nan 
81.625, 89.125, 7.911448488214109e-23, nan 
81.875, 89.125, 8.1233886656832e-23, nan 
82.125, 89.125, 8.746714120988928e-23, nan 
82.375, 89.125, 8.716486050061255e-23, nan 
82.625, 89.125, 8.935842780224035e-23, nan 
82.875, 89.125, 8.694431361683209e-23, nan 
83.125, 89.125, 8.625270638378245e-23, nan 
83.375, 89.125, 8.803760383935446e-23, nan 
83.625, 89.125, 8.702696275251544e-23, nan 
83.875, 89.125, 8.291154350351335e-23, nan 
84.125, 89.125, 8.728868052770764e-23, nan 
84.375, 89.125, 8.839840577146331e-23, nan 
84.625, 89.125, 8.656096949231865e-23, nan 
84.875, 89.125, 8.801077604929148e-23, nan 
85.125, 89.125, 8.977920733991323e-23, nan 
85.375, 89.125, 8.860390453594124e-23, nan 
85.625, 89.125, 9.183445361572309e-23, nan 
85.875, 89.125, 9.439438738019707e-23, nan 
86.125, 89.125, 9.596709541329807e-23, nan 
86.375, 89.125, 9.441006607592266e-23, nan 
86.625, 89.125, 1.1095160129199615e-22, nan 
86.875, 89.125, 1.0257898498259104e-22, nan 
87.125, 89.125, 9.34183722940528e-23, nan 
87.375, 89.125, 8.832094491808537e-23, nan 
87.625, 89.125, 8.88486225144509e-23, nan 
87.875, 89.125, 9.030548404604056e-23, nan 
88.125, 89.125, 9.067881672906538e-23, nan 
88.375, 89.125, 9.614354029136285e-23, nan 
88.625, 89.125, 8.847240810077231e-23, nan 
88.875, 89.125, 9.14605090941552e-23, nan 
89.125, 89.125, 1.0271145225674784e-22, nan 
89.375, 89.125, 9.515940996023489e-23, nan 
89.625, 89.125, 9.486014863292247e-23, nan 
89.875, 89.125, 9.067343891535537e-23, nan 
90.125, 89.125, 8.999467978877707e-23, nan 
90.375, 89.125, 8.60661950072615e-23, nan 
90.625, 89.125, 9.14418350295114e-23, nan 
90.875, 89.125, 9.299918996623121e-23, nan 
91.125, 89.125, 8.911614321782869e-23, nan 
91.375, 89.125, 1.0293711125962541e-22, nan 
91.625, 89.125, 8.396392268370026e-23, nan 
91.875, 89.125, 8.82000608916886e-23, nan 
92.125, 89.125, 8.678627567391941e-23, nan 
92.375, 89.125, 8.403289859918183e-23, nan 
92.625, 89.125, 8.104859852463955e-23, nan 
92.875, 89.125, 9.085900970901701e-23, nan 
93.125, 89.125, 7.280294030953635e-23, nan 
93.375, 89.125, 8.101842735373632e-23, nan 
93.625, 89.125, 7.329942641480223e-23, nan 
93.875, 89.125, 7.639863881669176e-23, nan 
94.125, 89.125, 7.814344869076156e-23, nan 
94.375, 89.125, 7.140394014439752e-23, nan 
94.625, 89.125, 7.310236657398974e-23, nan 
94.875, 89.125, 7.324786034272492e-23, nan 
95.125, 89.125, 8.224969649856333e-23, nan 
95.375, 89.125, 8.111414788090773e-23, nan 
95.625, 89.125, 8.419546381316605e-23, nan 
95.875, 89.125, 8.422971890877478e-23, nan 
96.125, 89.125, 8.855947400384332e-23, nan 
96.375, 89.125, 8.261349957698833e-23, nan 
96.625, 89.125, 9.070636998904951e-23, nan 
96.875, 89.125, 1.0433064177306805e-22, nan 
97.125, 89.125, 8.116963230067671e-23, nan 
97.375, 89.125, 7.221106794546204e-23, nan 
97.625, 89.125, 7.032335101777156e-23, nan 
97.875, 89.125, 8.039569046337188e-23, nan 
98.125, 89.125, 7.571640242939407e-23, nan 
98.375, 89.125, 7.662134957977409e-23, nan 
98.625, 89.125, 8.582029930394535e-23, nan 
98.875, 89.125, 7.887341099773184e-23, nan 
99.125, 89.125, 7.676411606929273e-23, nan 
99.375, 89.125, 7.077665592504099e-23, nan 
99.625, 89.125, 7.495350482925396e-23, nan 
99.875, 89.125, 7.076125171840276e-23, nan 
100.125, 89.125, 6.25500736713095e-23, nan 
100.375, 89.125, 6.649420250224103e-23, nan 
100.625, 89.125, 6.648307669698928e-23, nan 
100.875, 89.125, 6.135141051376627e-23, nan 
101.125, 89.125, 6.051798929989854e-23, nan 
101.375, 89.125, 5.992409697246283e-23, nan 
101.625, 89.125, 5.820923540279937e-23, nan 
101.875, 89.125, 5.583077770899001e-23, nan 
102.125, 89.125, 6.313955861194152e-23, nan 
102.375, 89.125, 5.766994683483248e-23, nan 
102.625, 89.125, 5.343157513053868e-23, nan 
102.875, 89.125, 9.848593804799811e-23, nan 
103.125, 89.125, 8.816091147189639e-23, nan 
103.375, 89.125, 7.892999302690457e-23, nan 
103.625, 89.125, 7.297675967742313e-23, nan 
103.875, 89.125, 6.713787199183148e-23, nan 
104.125, 89.125, 6.078891097870159e-23, nan 
104.375, 89.125, 5.1590511545794805e-23, nan 
104.625, 89.125, 4.8688724652069936e-23, nan 
104.875, 89.125, 4.057056983538306e-23, nan 
105.125, 89.125, 4.37367553825562e-23, nan 
105.375, 89.125, 4.4834979330047326e-23, nan 
105.625, 89.125, 3.596610063790506e-23, nan 
105.875, 89.125, 3.810076277732641e-23, nan 
106.125, 89.125, 4.1552423022797706e-23, nan 
106.375, 89.125, 5.810404222454108e-23, nan 
106.625, 89.125, 5.2135186036345956e-23, nan 
106.875, 89.125, 4.677058493726429e-23, nan 
107.125, 89.125, 4.554359264554277e-23, nan 
107.375, 89.125, 3.790853919779208e-23, nan 
107.625, 89.125, 3.8846299087633965e-23, nan 
107.875, 89.125, 4.0041576354753523e-23, nan 
108.125, 89.125, 4.662261077966361e-23, nan 
108.375, 89.125, 5.074526733562604e-23, nan 
108.625, 89.125, 4.22568184286334e-23, nan 
108.875, 89.125, 4.09352275017159e-23, nan 
109.125, 89.125, 4.756258857245758e-23, nan 
109.375, 89.125, 4.019261023133741e-23, nan 
109.625, 89.125, 4.3786646089265694e-23, nan 
109.875, 89.125, 5.422874763114146e-23, nan 
110.125, 89.125, 5.721661331062951e-23, nan 
110.375, 89.125, 5.403819711749642e-23, nan 
110.625, 89.125, 5.978374042565724e-23, nan 
110.875, 89.125, 5.686973039819891e-23, nan 
111.125, 89.125, 4.1007939885097187e-23, nan 
111.375, 89.125, 4.61901193945298e-23, nan 
111.625, 89.125, 4.471071081876966e-23, nan 
111.875, 89.125, 3.8527207238167155e-23, nan 
112.125, 89.125, 5.106324196913924e-23, nan 
112.375, 89.125, 5.2081919525861946e-23, nan 
112.625, 89.125, 5.116340733622771e-23, nan 
112.875, 89.125, 4.817284993828887e-23, nan 
113.125, 89.125, 4.70140652513472e-23, nan 
113.375, 89.125, 4.9376256951153137e-23, nan 
113.625, 89.125, 5.0785434667007076e-23, nan 
113.875, 89.125, 5.315958836065497e-23, nan 
114.125, 89.125, 5.242499289527925e-23, nan 
114.375, 89.125, 5.196590640854713e-23, nan 
114.625, 89.125, 4.7524952440892536e-23, nan 
114.875, 89.125, 5.364280201389849e-23, nan 
115.125, 89.125, 5.2744778386208684e-23, nan 
115.375, 89.125, 5.591755870768597e-23, nan 
115.625, 89.125, 5.222079620266231e-23, nan 
115.875, 89.125, 5.316304088444462e-23, nan 
116.125, 89.125, 6.027842770524541e-23, nan 
116.375, 89.125, 5.219299979258e-23, nan 
116.625, 89.125, 5.878490017665115e-23, nan 
116.875, 89.125, 6.313812245871674e-23, nan 
117.125, 89.125, 6.521940114066652e-23, nan 
117.375, 89.125, 6.274316349622033e-23, nan 
117.625, 89.125, 6.755334220109649e-23, nan 
117.875, 89.125, 7.059408019481105e-23, nan 
118.125, 89.125, 5.981090669353389e-23, nan 
118.375, 89.125, 7.684088202940651e-23, nan 
118.625, 89.125, 6.727263267454826e-23, nan 
118.875, 89.125, 6.949887278723838e-23, nan 
119.125, 89.125, 6.812654698169976e-23, nan 
119.375, 89.125, 7.326879141931991e-23, nan 
119.625, 89.125, 7.068995464087903e-23, nan 
119.875, 89.125, 8.104417544638954e-23, nan 
120.125, 89.125, 7.842130389845444e-23, nan 
120.375, 89.125, 9.08050965004613e-23, nan 
120.625, 89.125, 8.87762722167149e-23, nan 
120.875, 89.125, 8.618947503331435e-23, nan 
121.125, 89.125, 8.841090864539534e-23, nan 
121.375, 89.125, 8.689999614850402e-23, nan 
121.625, 89.125, 8.214244879814773e-23, nan 
121.875, 89.125, 7.982949440312589e-23, nan 
122.125, 89.125, 8.26124162256114e-23, nan 
122.375, 89.125, 8.490039257995614e-23, nan 
122.625, 89.125, 8.002250328111137e-23, nan 
122.875, 89.125, 8.292555448304085e-23, nan 
123.125, 89.125, 8.004593020149787e-23, nan 
123.375, 89.125, 7.722028880286799e-23, nan 
123.625, 89.125, 8.023197147381119e-23, nan 
123.875, 89.125, 8.768378059719958e-23, nan 
124.125, 89.125, 7.522132377775737e-23, nan 
124.375, 89.125, 1.0314633966779121e-22, nan 
124.625, 89.125, 9.813375591729684e-23, nan 
124.875, 89.125, 9.76423836425746e-23, nan 
125.125, 89.125, 1.0716487148125167e-22, nan 
125.375, 89.125, 1.0628851651808177e-22, nan 
125.625, 89.125, 1.0626077409968125e-22, nan 
125.875, 89.125, 9.680061209150872e-23, nan 
126.125, 89.125, 9.173731174627995e-23, nan 
126.375, 89.125, 7.320118334566439e-23, nan 
126.625, 89.125, 8.887234054328287e-23, nan 
126.875, 89.125, 1.3278616594130803e-22, nan 
127.125, 89.125, 8.958783325887037e-23, nan 
127.375, 89.125, 8.457872268780793e-23, nan 
127.625, 89.125, 9.095951695939384e-23, nan 
127.875, 89.125, 8.649912402574553e-23, nan 
128.125, 89.125, 1.3531384079803385e-22, nan 
128.375, 89.125, 1.4720157942037668e-22, nan 
128.625, 89.125, 1.090212427769869e-22, nan 
128.875, 89.125, 9.162226606517567e-23, nan 
129.125, 89.125, 8.920694939951727e-23, nan 
129.375, 89.125, 7.784486021529128e-23, nan 
129.625, 89.125, 8.03870287619777e-23, nan 
129.875, 89.125, 7.797112693922694e-23, nan 
130.125, 89.125, 8.022297902820783e-23, nan 
130.375, 89.125, 8.062023562262116e-23, nan 
130.625, 89.125, 8.230263652684587e-23, nan 
130.875, 89.125, 7.59604388758641e-23, nan 
131.125, 89.125, 8.557660193335642e-23, nan 
131.375, 89.125, 8.630182566814169e-23, nan 
131.625, 89.125, 9.650848021004048e-23, nan 
131.875, 89.125, 8.519427464153948e-23, nan 
132.125, 89.125, 9.085837480104438e-23, nan 
132.375, 89.125, 1.0940016323971996e-22, nan 
132.625, 89.125, 9.105823227493463e-23, nan 
132.875, 89.125, 9.049807723388802e-23, nan 
133.125, 89.125, 1.0970155163245782e-22, nan 
133.375, 89.125, 1.1996604812895061e-22, nan 
133.625, 89.125, 1.0856094297081904e-22, nan 
133.875, 89.125, 1.0331840965965602e-22, nan 
134.125, 89.125, 1.147581837191773e-22, nan 
134.375, 89.125, 1.0292883474384096e-22, nan 
134.625, 89.125, 1.0500092674382255e-22, nan 
134.875, 89.125, 1.0870713227693652e-22, nan 
135.125, 89.125, 1.1550695386578807e-22, nan 
135.375, 89.125, 1.1298700872657985e-22, nan 
135.625, 89.125, 1.1785897632351927e-22, nan 
135.875, 89.125, 1.1007805365813806e-22, nan 
136.125, 89.125, 1.1461004715354913e-22, nan 
136.375, 89.125, 1.1248076354100158e-22, nan 
136.625, 89.125, 1.1346155235562657e-22, nan 
136.875, 89.125, 1.0716233831707603e-22, nan 
137.125, 89.125, 1.0007215109826809e-22, nan 
137.375, 89.125, 1.2083984301388173e-22, nan 
137.625, 89.125, 1.0518174826210184e-22, nan 
137.875, 89.125, 1.0450030393800084e-22, nan 
138.125, 89.125, 1.0835091404750612e-22, nan 
138.375, 89.125, 1.2121304856041494e-22, nan 
138.625, 89.125, 1.287282412536435e-22, nan 
138.875, 89.125, 9.468085654836431e-23, nan 
139.125, 89.125, 1.0662107367952336e-22, nan 
139.375, 89.125, 9.480396163552119e-23, nan 
139.625, 89.125, 1.0739034329191306e-22, nan 
139.875, 89.125, 1.080391810292362e-22, nan 
140.125, 89.125, 1.1125277056993684e-22, nan 
140.375, 89.125, 1.0555330174874715e-22, nan 
140.625, 89.125, 1.227312996068183e-22, nan 
140.875, 89.125, 1.089884215601118e-22, nan 
141.125, 89.125, 1.2516695696751858e-22, nan 
141.375, 89.125, 1.1594849943208292e-22, nan 
141.625, 89.125, 1.183459736403111e-22, nan 
141.875, 89.125, 1.1715598873292748e-22, nan 
142.125, 89.125, 1.1772623325995374e-22, nan 
142.375, 89.125, 1.0935772373333563e-22, nan 
142.625, 89.125, 1.0324920004266204e-22, nan 
142.875, 89.125, 1.1619162123383553e-22, nan 
143.125, 89.125, 1.1174142178617341e-22, nan 
143.375, 89.125, 1.2942805107373817e-22, nan 
143.625, 89.125, 1.1356708792322831e-22, nan 
143.875, 89.125, 1.1806099692425874e-22, nan 
144.125, 89.125, 1.1459295625516476e-22, nan 
144.375, 89.125, 1.1481995595235392e-22, nan 
144.625, 89.125, 1.1038563354990518e-22, nan 
144.875, 89.125, 1.1269861125436353e-22, nan 
145.125, 89.125, 1.1152617905292887e-22, nan 
145.375, 89.125, 1.158570817259431e-22, nan 
145.625, 89.125, 9.53616953971661e-23, nan 
145.875, 89.125, 1.1347682464836663e-22, nan 
146.125, 89.125, 1.0277661590411506e-22, nan 
146.375, 89.125, 1.1412692796435695e-22, nan 
146.625, 89.125, 1.1412307924580723e-22, nan 
146.875, 89.125, 1.299073509447763e-22, nan 
147.125, 89.125, 1.0070280332115204e-22, nan 
147.375, 89.125, 1.3367797657266825e-22, nan 
147.625, 89.125, 1.0074480153780872e-22, nan 
147.875, 89.125, 1.1670528948874405e-22, nan 
148.125, 89.125, 1.0616921192378095e-22, nan 
148.375, 89.125, 1.1029327835605673e-22, nan 
148.625, 89.125, 1.0380171163178322e-22, nan 
148.875, 89.125, 1.0534344706547462e-22, nan 
149.125, 89.125, 1.1303210244982845e-22, nan 
149.375, 89.125, 8.063670823817613e-23, nan 
149.625, 89.125, 8.700551028406436e-23, nan 
149.875, 89.125, 7.029873296176708e-23, nan 
150.125, 89.125, 9.998805397268787e-23, nan 
150.375, 89.125, 8.039379888314996e-23, nan 
150.625, 89.125, 1.0104268239905016e-22, nan 
150.875, 89.125, 8.71503471423443e-23, nan 
151.125, 89.125, 8.55900975756869e-23, nan 
151.375, 89.125, 8.813319844957466e-23, nan 
151.625, 89.125, 8.257396349576144e-23, nan 
151.875, 89.125, 1.0387772965063673e-22, nan 
152.125, 89.125, 1.039051892205453e-22, nan 
152.375, 89.125, 8.268974842850707e-23, nan 
152.625, 89.125, 9.62860835799386e-23, nan 
152.875, 89.125, 7.379943754294096e-23, nan 
153.125, 89.125, 1.1162691283679924e-22, nan 
153.375, 89.125, 1.0403665550161477e-22, nan 
153.625, 89.125, 9.202852707446138e-23, nan 
153.875, 89.125, 1.162876326298537e-22, nan 
154.125, 89.125, 9.001323444646506e-23, nan 
154.375, 89.125, 1.0714876348663693e-22, nan 
154.625, 89.125, 1.1265160085060095e-22, nan 
154.875, 89.125, 1.0656846164126527e-22, nan 
155.125, 89.125, 9.635040924323864e-23, nan 
155.375, 89.125, 1.5213532362573203e-22, nan 
155.625, 89.125, 1.4425631303219933e-22, nan 
155.875, 89.125, 1.256102077392998e-22, nan 
156.125, 89.125, 1.1605250941509115e-22, nan 
156.375, 89.125, 1.467282234064561e-22, nan 
156.625, 89.125, 1.729662257683915e-22, nan 
156.875, 89.125, 1.927218139144379e-22, nan 
157.125, 89.125, 1.406645611378528e-22, nan 
157.375, 89.125, 1.625936965585059e-22, nan 
157.625, 89.125, 1.6479293834828899e-22, nan 
157.875, 89.125, 1.4641511655854235e-22, nan 
158.125, 89.125, 1.577676395208942e-22, nan 
158.375, 89.125, 1.540687362039118e-22, nan 
158.625, 89.125, 1.445242365816289e-22, nan 
158.875, 89.125, 1.6598443568992301e-22, nan 
159.125, 89.125, 1.6825223033277198e-22, nan 
159.375, 89.125, 1.5111282649000392e-22, nan 
159.625, 89.125, 1.6932915344063643e-22, nan 
159.875, 89.125, 1.6830505157822258e-22, nan 
160.125, 89.125, 1.6930942436389299e-22, nan 
160.375, 89.125, 1.692616287549061e-22, nan 
160.625, 89.125, 1.5612657185731606e-22, nan 
160.875, 89.125, 1.7064729688827314e-22, nan 
161.125, 89.125, 1.8131882157508068e-22, nan 
161.375, 89.125, 1.8555980251438454e-22, nan 
161.625, 89.125, 1.920918894709584e-22, nan 
161.875, 89.125, 2.1277162863869837e-22, nan 
162.125, 89.125, 2.182982061908292e-22, nan 
162.375, 89.125, 2.3245056870223182e-22, nan 
162.625, 89.125, 2.605898391435765e-22, nan 
162.875, 89.125, 2.8434281218567084e-22, nan 
163.125, 89.125, 3.0754677406706644e-22, nan 
163.375, 89.125, 3.31949301134328e-22, nan 
163.625, 89.125, 3.4924709390638773e-22, nan 
163.875, 89.125, 1.4598369764009304e-22, nan 
164.125, 89.125, 1.4262372104928125e-22, nan 
164.375, 89.125, 1.202453410314702e-22, nan 
164.625, 89.125, 1.4896928356479464e-22, nan 
164.875, 89.125, 1.5031552926817204e-22, nan 
165.125, 89.125, 1.5227132078779338e-22, nan 
165.375, 89.125, 1.6894527753640005e-22, nan 
165.625, 89.125, 1.7233966810201493e-22, nan 
165.875, 89.125, 1.617680398623275e-22, nan 
166.125, 89.125, 1.5585659745377955e-22, nan 
166.375, 89.125, 1.6281421172757127e-22, nan 
166.625, 89.125, 1.4842424355088963e-22, nan 
166.875, 89.125, 1.703375930840386e-22, nan 
167.125, 89.125, 1.722590431997418e-22, nan 
167.375, 89.125, 1.7307552605263433e-22, nan 
167.625, 89.125, 1.795030561330822e-22, nan 
167.875, 89.125, 1.7772738848853462e-22, nan 
168.125, 89.125, 1.8510571278564012e-22, nan 
168.375, 89.125, 2.0707149087574148e-22, nan 
168.625, 89.125, 1.8545985059130445e-22, nan 
168.875, 89.125, 1.939043592587051e-22, nan 
169.125, 89.125, 1.8915427832157348e-22, nan 
169.375, 89.125, 1.9370039095340543e-22, nan 
169.625, 89.125, 1.9812415558081659e-22, nan 
169.875, 89.125, 2.0382948783362493e-22, nan 
170.125, 89.125, 2.0300177791866786e-22, nan 
170.375, 89.125, 2.04868314837832e-22, nan 
170.625, 89.125, 2.0015521619285107e-22, nan 
170.875, 89.125, 1.9753896772292519e-22, nan 
171.125, 89.125, 1.9142628883916708e-22, nan 
171.375, 89.125, 1.9123892590818451e-22, nan 
171.625, 89.125, 2.1290749106723117e-22, nan 
171.875, 89.125, 2.0919349491304181e-22, nan 
172.125, 89.125, 2.319322933293365e-22, nan 
172.375, 89.125, 2.4734984942769557e-22, nan 
172.625, 89.125, 2.388481212566518e-22, nan 
172.875, 89.125, 2.889169984505606e-22, nan 
173.125, 89.125, 3.3356954766511696e-22, nan 
173.375, 89.125, 2.3388414316652737e-22, nan 
173.625, 89.125, 2.4882203894815526e-22, nan 
173.875, 89.125, 2.4870017678680617e-22, nan 
174.125, 89.125, 2.5829523514387954e-22, nan 
174.375, 89.125, 2.5577163027804485e-22, nan 
174.625, 89.125, 2.5777903169250346e-22, nan 
174.875, 89.125, 2.5559444718430343e-22, nan 
175.125, 89.125, 2.705088414927303e-22, nan 
175.375, 89.125, 2.553339738606289e-22, nan 
175.625, 89.125, 2.618262345772273e-22, nan 
175.875, 89.125, 2.613268039375427e-22, nan 
176.125, 89.125, 2.6618820870485e-22, nan 
176.375, 89.125, 2.6974783278878543e-22, nan 
176.625, 89.125, 2.7006625215529435e-22, nan 
176.875, 89.125, 2.8640376050132056e-22, nan 
177.125, 89.125, 2.855021540441952e-22, nan 
177.375, 89.125, 2.966923452275907e-22, nan 
177.625, 89.125, 3.1569160988967144e-22, nan 
177.875, 89.125, 3.342336387989788e-22, nan 
178.125, 89.125, 3.5709633825458625e-22, nan 
178.375, 89.125, 3.862629011220075e-22, nan 
178.625, 89.125, 4.224470860563704e-22, nan 
178.875, 89.125, 4.628326851980336e-22, nan 
179.125, 89.125, 5.230473358857955e-22, nan 
179.375, 89.125, 5.628972602317989e-22, nan 
179.625, 89.125, 6.030381486406013e-22, nan 
179.875, 89.125, 6.354173734303626e-22, nan 
-179.875, 89.375, 2.988655822336184e-22, nan 
-179.625, 89.375, 2.966007910707002e-22, nan 
-179.375, 89.375, 1.9752826891004912e-22, nan 
-179.125, 89.375, 1.4872230128768885e-22, nan 
-178.875, 89.375, 1.420154013080915e-22, nan 
-178.625, 89.375, 1.3292575491219952e-22, nan 
-178.375, 89.375, 1.324728900072097e-22, nan 
-178.125, 89.375, 1.3768908128615364e-22, nan 
-177.875, 89.375, 1.314306694278348e-22, nan 
-177.625, 89.375, 1.4040951636790482e-22, nan 
-177.375, 89.375, 1.38016689726488e-22, nan 
-177.125, 89.375, 1.4480954047084573e-22, nan 
-176.875, 89.375, 1.4122636024256217e-22, nan 
-176.625, 89.375, 1.4508897179254679e-22, nan 
-176.375, 89.375, 1.355835977933201e-22, nan 
-176.125, 89.375, 1.378426560118007e-22, nan 
-175.875, 89.375, 1.4429120192300333e-22, nan 
-175.625, 89.375, 1.0623748911524557e-22, nan 
-175.375, 89.375, 4.261365157161054e-23, nan 
-175.125, 89.375, 8.916763991205288e-23, nan 
-174.875, 89.375, 1.340031358543553e-22, nan 
-174.625, 89.375, 1.4538968351370835e-22, nan 
-174.375, 89.375, 1.520844160096285e-22, nan 
-174.125, 89.375, 1.5155433805995574e-22, nan 
-173.875, 89.375, 1.150423620541498e-22, nan 
-173.625, 89.375, 5.630490756214206e-23, nan 
-173.375, 89.375, 4.195880654444682e-23, nan 
-173.125, 89.375, 7.859736257326394e-23, nan 
-172.875, 89.375, 5.91721352166989e-23, nan 
-172.625, 89.375, 3.6365974608743185e-23, nan 
-172.375, 89.375, 3.5219366709669565e-23, nan 
-172.125, 89.375, 3.9009866353099195e-23, nan 
-171.875, 89.375, 6.431965189254383e-23, nan 
-171.625, 89.375, 4.391000365839793e-23, nan 
-171.375, 89.375, 7.891987619155203e-23, nan 
-171.125, 89.375, 5.1625781477337965e-23, nan 
-170.875, 89.375, 5.596952106919854e-23, nan 
-170.625, 89.375, 8.107939967643182e-23, nan 
-170.375, 89.375, 4.9093398864789246e-23, nan 
-170.125, 89.375, 5.444984678937328e-23, nan 
-169.875, 89.375, 4.726571724936894e-23, nan 
-169.625, 89.375, 5.1986814050126145e-23, nan 
-169.375, 89.375, 5.1145971953017504e-23, nan 
-169.125, 89.375, 5.809217702379299e-23, nan 
-168.875, 89.375, 5.27488594265903e-23, nan 
-168.625, 89.375, 5.614220056132524e-23, nan 
-168.375, 89.375, 5.044763038360735e-23, nan 
-168.125, 89.375, 6.124880951450704e-23, nan 
-167.875, 89.375, 5.0286470229068324e-23, nan 
-167.625, 89.375, 5.779991964182014e-23, nan 
-167.375, 89.375, 5.2401457661878653e-23, nan 
-167.125, 89.375, 6.099832017581393e-23, nan 
-166.875, 89.375, 7.222928813733364e-23, nan 
-166.625, 89.375, 7.405224588409166e-23, nan 
-166.375, 89.375, 6.685830468918687e-23, nan 
-166.125, 89.375, 6.986243038487726e-23, nan 
-165.875, 89.375, 6.653446705593396e-23, nan 
-165.625, 89.375, 3.3635383717833875e-23, nan 
-165.375, 89.375, 5.0763584044697035e-23, nan 
-165.125, 89.375, 8.024034188799389e-23, nan 
-164.875, 89.375, 7.915779218110595e-23, nan 
-164.625, 89.375, 4.458244588586235e-23, nan 
-164.375, 89.375, 7.036732241245857e-23, nan 
-164.125, 89.375, 8.158323386480477e-23, nan 
-163.875, 89.375, 9.366018641526134e-23, nan 
-163.625, 89.375, 7.034214872651694e-23, nan 
-163.375, 89.375, 7.998575668770247e-23, nan 
-163.125, 89.375, 7.928931198163559e-23, nan 
-162.875, 89.375, 7.998781237468524e-23, nan 
-162.625, 89.375, 7.392374277779645e-23, nan 
-162.375, 89.375, 7.960504995205589e-23, nan 
-162.125, 89.375, 7.603288629602642e-23, nan 
-161.875, 89.375, 8.706695570964314e-23, nan 
-161.625, 89.375, 8.244352284462952e-23, nan 
-161.375, 89.375, 8.608766346291115e-23, nan 
-161.125, 89.375, 9.335137527706446e-23, nan 
-160.875, 89.375, 8.740152828272065e-23, nan 
-160.625, 89.375, 8.483002347073797e-23, nan 
-160.375, 89.375, 8.843123534328367e-23, nan 
-160.125, 89.375, 8.537804653406931e-23, nan 
-159.875, 89.375, 1.0045239902679271e-22, nan 
-159.625, 89.375, 9.291538105731485e-23, nan 
-159.375, 89.375, 9.664010245326697e-23, nan 
-159.125, 89.375, 9.425073859118965e-23, nan 
-158.875, 89.375, 9.899411910840358e-23, nan 
-158.625, 89.375, 1.0501373720603583e-22, nan 
-158.375, 89.375, 1.0198408590026421e-22, nan 
-158.125, 89.375, 9.913006271831685e-23, nan 
-157.875, 89.375, 1.0691704672040924e-22, nan 
-157.625, 89.375, 1.0927010937278033e-22, nan 
-157.375, 89.375, 1.0865090076928716e-22, nan 
-157.125, 89.375, 1.0880301930708076e-22, nan 
-156.875, 89.375, 1.035163815802512e-22, nan 
-156.625, 89.375, 1.0379715581263492e-22, nan 
-156.375, 89.375, 1.0474092095470484e-22, nan 
-156.125, 89.375, 1.0248463951673338e-22, nan 
-155.875, 89.375, 1.103147041256751e-22, nan 
-155.625, 89.375, 1.0552736421626748e-22, nan 
-155.375, 89.375, 1.0604638764687417e-22, nan 
-155.125, 89.375, 1.0474581948130789e-22, nan 
-154.875, 89.375, 1.1336450896802432e-22, nan 
-154.625, 89.375, 1.082984589537145e-22, nan 
-154.375, 89.375, 1.2326078343447245e-22, nan 
-154.125, 89.375, 1.096605367713511e-22, nan 
-153.875, 89.375, 1.1172760341098498e-22, nan 
-153.625, 89.375, 1.0710290455683877e-22, nan 
-153.375, 89.375, 1.0976642814593662e-22, nan 
-153.125, 89.375, 1.0912438224045803e-22, nan 
-152.875, 89.375, 1.2637656023648757e-22, nan 
-152.625, 89.375, 1.0608526409569796e-22, nan 
-152.375, 89.375, 1.0742164335143652e-22, nan 
-152.125, 89.375, 1.0092681402349934e-22, nan 
-151.875, 89.375, 1.085144751872923e-22, nan 
-151.625, 89.375, 1.2556506533656752e-22, nan 
-151.375, 89.375, 1.2582152568545798e-22, nan 
-151.125, 89.375, 1.226510002542677e-22, nan 
-150.875, 89.375, 1.2658631379995855e-22, nan 
-150.625, 89.375, 1.2067021829586772e-22, nan 
-150.375, 89.375, 1.186121776438107e-22, nan 
-150.125, 89.375, 1.1301159262440647e-22, nan 
-149.875, 89.375, 1.0597969889270633e-22, nan 
-149.625, 89.375, 9.397404924683985e-23, nan 
-149.375, 89.375, 4.2417615023329704e-23, nan 
-149.125, 89.375, 7.976873971370421e-23, nan 
-148.875, 89.375, 7.689595374221747e-23, nan 
-148.625, 89.375, 1.10306082806891e-22, nan 
-148.375, 89.375, 1.1489539712137834e-22, nan 
-148.125, 89.375, 8.667151164517678e-23, nan 
-147.875, 89.375, 7.50037940537574e-23, nan 
-147.625, 89.375, 7.443545639009194e-23, nan 
-147.375, 89.375, 6.870550671004707e-23, nan 
-147.125, 89.375, 6.358898546150577e-23, nan 
-146.875, 89.375, 6.421146009242141e-23, nan 
-146.625, 89.375, 5.956764121067363e-23, nan 
-146.375, 89.375, 5.504827945819822e-23, nan 
-146.125, 89.375, 5.633856219639881e-23, nan 
-145.875, 89.375, 5.2936765146841905e-23, nan 
-145.625, 89.375, 5.0110336542005975e-23, nan 
-145.375, 89.375, 5.887771706293431e-23, nan 
-145.125, 89.375, 4.602144511291028e-23, nan 
-144.875, 89.375, 5.1059261679952995e-23, nan 
-144.625, 89.375, 4.93908654189991e-23, nan 
-144.375, 89.375, 4.1782210235104094e-23, nan 
-144.125, 89.375, 4.068919178052749e-23, nan 
-143.875, 89.375, 4.261224976486705e-23, nan 
-143.625, 89.375, 3.424236760613945e-23, nan 
-143.375, 89.375, 4.2631420874655946e-23, nan 
-143.125, 89.375, 4.264053765794248e-23, nan 
-142.875, 89.375, 4.319113682472451e-23, nan 
-142.625, 89.375, 3.44217151389262e-23, nan 
-142.375, 89.375, 7.433751644814423e-23, nan 
-142.125, 89.375, 4.309859272622049e-23, nan 
-141.875, 89.375, 4.4525999702511144e-23, nan 
-141.625, 89.375, 4.1772013977253736e-23, nan 
-141.375, 89.375, 3.1896955437569694e-23, nan 
-141.125, 89.375, 3.2639571623613917e-23, nan 
-140.875, 89.375, 4.5026137934305987e-23, nan 
-140.625, 89.375, 3.345917162609319e-23, nan 
-140.375, 89.375, 5.683356398034194e-23, nan 
-140.125, 89.375, 3.631111518389821e-23, nan 
-139.875, 89.375, 6.17340907825177e-23, nan 
-139.625, 89.375, 3.7509685443813624e-23, nan 
-139.375, 89.375, 4.7126063595827136e-23, nan 
-139.125, 89.375, 4.1344991087202736e-23, nan 
-138.875, 89.375, 3.630137856221683e-23, nan 
-138.625, 89.375, 3.36976510528479e-23, nan 
-138.375, 89.375, 3.344198911242777e-23, nan 
-138.125, 89.375, 4.5905099125433766e-23, nan 
-137.875, 89.375, 3.351453184771675e-23, nan 
-137.625, 89.375, 3.373446176742963e-23, nan 
-137.375, 89.375, 3.838065588895972e-23, nan 
-137.125, 89.375, 4.0438261436614937e-23, nan 
-136.875, 89.375, 4.7401524288450125e-23, nan 
-136.625, 89.375, 3.950600958480663e-23, nan 
-136.375, 89.375, 4.348049522811524e-23, nan 
-136.125, 89.375, 3.665374333452693e-23, nan 
-135.875, 89.375, 4.342823574871251e-23, nan 
-135.625, 89.375, 5.0547779085359533e-23, nan 
-135.375, 89.375, 4.4327749521372984e-23, nan 
-135.125, 89.375, 5.566223405348007e-23, nan 
-134.875, 89.375, 4.313822533117219e-23, nan 
-134.625, 89.375, 3.7653203732399105e-23, nan 
-134.375, 89.375, 4.961328625403471e-23, nan 
-134.125, 89.375, 4.035441049553399e-23, nan 
-133.875, 89.375, 5.856228867557052e-23, nan 
-133.625, 89.375, 4.4101857558765725e-23, nan 
-133.375, 89.375, 5.0420143845399577e-23, nan 
-133.125, 89.375, 4.158592279436854e-23, nan 
-132.875, 89.375, 4.70747855337839e-23, nan 
-132.625, 89.375, 4.632633175380055e-23, nan 
-132.375, 89.375, 7.259260502019948e-23, nan 
-132.125, 89.375, 6.82777087785027e-23, nan 
-131.875, 89.375, 5.537318802978195e-23, nan 
-131.625, 89.375, 4.7641793527241444e-23, nan 
-131.375, 89.375, 4.069512169012803e-23, nan 
-131.125, 89.375, 3.384777892245754e-23, nan 
-130.875, 89.375, 3.762668468669147e-23, nan 
-130.625, 89.375, 3.4059246562286615e-23, nan 
-130.375, 89.375, 4.448872780676032e-23, nan 
-130.125, 89.375, 4.41146621902494e-23, nan 
-129.875, 89.375, 4.790867119274819e-23, nan 
-129.625, 89.375, 4.915521209571915e-23, nan 
-129.375, 89.375, 5.723487312973403e-23, nan 
-129.125, 89.375, 5.221321927495586e-23, nan 
-128.875, 89.375, 4.8123682824119307e-23, nan 
-128.625, 89.375, 4.8754930137037855e-23, nan 
-128.375, 89.375, 4.874981422575321e-23, nan 
-128.125, 89.375, 5.172414550047775e-23, nan 
-127.875, 89.375, 5.308228014375175e-23, nan 
-127.625, 89.375, 5.747002297001103e-23, nan 
-127.375, 89.375, 5.888218862898586e-23, nan 
-127.125, 89.375, 6.120512022243858e-23, nan 
-126.875, 89.375, 5.581519623018122e-23, nan 
-126.625, 89.375, 5.570856711850327e-23, nan 
-126.375, 89.375, 5.1016433126797744e-23, nan 
-126.125, 89.375, 5.350055446977601e-23, nan 
-125.875, 89.375, 6.039259710172892e-23, nan 
-125.625, 89.375, 5.686005606525897e-23, nan 
-125.375, 89.375, 5.893267020850443e-23, nan 
-125.125, 89.375, 5.902962879888636e-23, nan 
-124.875, 89.375, 5.241405096757901e-23, nan 
-124.625, 89.375, 6.052911016836073e-23, nan 
-124.375, 89.375, 5.546346150004071e-23, nan 
-124.125, 89.375, 6.183540676716626e-23, nan 
-123.875, 89.375, 6.025193315981657e-23, nan 
-123.625, 89.375, 4.0945162112949853e-23, nan 
-123.375, 89.375, 3.318402687988592e-23, nan 
-123.125, 89.375, 3.273972422148591e-23, nan 
-122.875, 89.375, 3.603847568288266e-23, nan 
-122.625, 89.375, 4.613795924889707e-23, nan 
-122.375, 89.375, 3.625045811857119e-23, nan 
-122.125, 89.375, 4.356583527557726e-23, nan 
-121.875, 89.375, 5.410013717366817e-23, nan 
-121.625, 89.375, 4.356369690146305e-23, nan 
-121.375, 89.375, 3.785207471525788e-23, nan 
-121.125, 89.375, 4.1002155663599717e-23, nan 
-120.875, 89.375, 3.8647740115566787e-23, nan 
-120.625, 89.375, 4.317309910840437e-23, nan 
-120.375, 89.375, 2.905399676853293e-23, nan 
-120.125, 89.375, 4.3266767247590955e-23, nan 
-119.875, 89.375, 3.340956520144477e-23, nan 
-119.625, 89.375, 4.6711619684832075e-23, nan 
-119.375, 89.375, 3.297394018456287e-23, nan 
-119.125, 89.375, 2.923417585754235e-23, nan 
-118.875, 89.375, 2.3408129386172736e-23, nan 
-118.625, 89.375, 2.575984039518059e-23, nan 
-118.375, 89.375, 2.292047678273237e-23, nan 
-118.125, 89.375, 2.7537484569569207e-23, nan 
-117.875, 89.375, 1.9192258674416645e-23, nan 
-117.625, 89.375, 4.116204443422814e-23, nan 
-117.375, 89.375, 2.4876723276653683e-23, nan 
-117.125, 89.375, 4.038682876894681e-23, nan 
-116.875, 89.375, 2.2645722593389177e-23, nan 
-116.625, 89.375, 3.188387611782562e-23, nan 
-116.375, 89.375, 1.4481753206756407e-23, nan 
-116.125, 89.375, 2.782009894844653e-23, nan 
-115.875, 89.375, 1.9068137724637543e-23, nan 
-115.625, 89.375, 2.2943055682493134e-23, nan 
-115.375, 89.375, 2.0794469902054172e-23, nan 
-115.125, 89.375, 2.2946304088160742e-23, nan 
-114.875, 89.375, 1.7918214977735845e-23, nan 
-114.625, 89.375, 2.654599219459641e-23, nan 
-114.375, 89.375, 1.9047930764813916e-23, nan 
-114.125, 89.375, 2.168441469156372e-23, nan 
-113.875, 89.375, 2.7678692219261805e-23, nan 
-113.625, 89.375, 1.609491356014886e-23, nan 
-113.375, 89.375, 2.2178319751037752e-23, nan 
-113.125, 89.375, 2.1328878416690795e-23, nan 
-112.875, 89.375, 2.498879016917034e-23, nan 
-112.625, 89.375, 2.195213327701153e-23, nan 
-112.375, 89.375, 2.4106369800807812e-23, nan 
-112.125, 89.375, 1.5891538541148412e-23, nan 
-111.875, 89.375, 2.649408393339426e-23, nan 
-111.625, 89.375, 8.95004297626056e-24, nan 
-111.375, 89.375, 2.8662820584741044e-23, nan 
-111.125, 89.375, 2.448174357669628e-23, nan 
-110.875, 89.375, 2.577481052643306e-23, nan 
-110.625, 89.375, 1.9816677484394227e-23, nan 
-110.375, 89.375, 2.1139271103550462e-23, nan 
-110.125, 89.375, 1.0369856407315219e-23, nan 
-109.875, 89.375, 1.1040369810367139e-23, nan 
-109.625, 89.375, 2.5829785272810685e-23, nan 
-109.375, 89.375, 1.5056484137336687e-23, nan 
-109.125, 89.375, 2.3759190414227561e-23, nan 
-108.875, 89.375, 1.330695354537123e-23, nan 
-108.625, 89.375, 1.951177930317946e-23, nan 
-108.375, 89.375, 1.749095413695527e-23, nan 
-108.125, 89.375, 1.768312108312109e-23, nan 
-107.875, 89.375, 2.7263678348550145e-23, nan 
-107.625, 89.375, 3.0152481747942283e-23, nan 
-107.375, 89.375, 2.780579912506329e-23, nan 
-107.125, 89.375, 2.8121646095069606e-23, nan 
-106.875, 89.375, 2.808867393340087e-23, nan 
-106.625, 89.375, 1.6794224515352458e-23, nan 
-106.375, 89.375, 1.6040312484603846e-23, nan 
-106.125, 89.375, 1.3266276722697427e-23, nan 
-105.875, 89.375, 1.475509235540037e-23, nan 
-105.625, 89.375, 1.618548688060928e-23, nan 
-105.375, 89.375, 1.8709608186325724e-23, nan 
-105.125, 89.375, 1.669872074394887e-23, nan 
-104.875, 89.375, 1.4414134579103106e-23, nan 
-104.625, 89.375, 2.0370561999317825e-23, nan 
-104.375, 89.375, 9.363852012677874e-24, nan 
-104.125, 89.375, 1.4676486861008774e-23, nan 
-103.875, 89.375, 9.890040740172093e-24, nan 
-103.625, 89.375, 1.2712447743509932e-23, nan 
-103.375, 89.375, 1.224155877416937e-23, nan 
-103.125, 89.375, 1.0196186833243649e-23, nan 
-102.875, 89.375, 1.7431607604667757e-23, nan 
-102.625, 89.375, 9.117367839046919e-24, nan 
-102.375, 89.375, 1.798190926151652e-23, nan 
-102.125, 89.375, 1.754217446090308e-23, nan 
-101.875, 89.375, 1.7778568513964833e-23, nan 
-101.625, 89.375, 1.5306027538391374e-23, nan 
-101.375, 89.375, 1.706533377784304e-23, nan 
-101.125, 89.375, 1.8486919534508523e-23, nan 
-100.875, 89.375, 2.271996261507043e-23, nan 
-100.625, 89.375, 1.412284871035328e-23, nan 
-100.375, 89.375, 1.8066338854265295e-23, nan 
-100.125, 89.375, 1.2473075575885077e-23, nan 
-99.875, 89.375, 1.6909483032732362e-23, nan 
-99.625, 89.375, 1.686479067625152e-23, nan 
-99.375, 89.375, 1.4349913602985788e-23, nan 
-99.125, 89.375, 8.67665653687831e-24, nan 
-98.875, 89.375, 7.206429827124762e-24, nan 
-98.625, 89.375, 4.1284601962020946e-24, nan 
-98.375, 89.375, 5.575530102679582e-24, nan 
-98.125, 89.375, 7.370335343005533e-24, nan 
-97.875, 89.375, 4.990399343418265e-24, nan 
-97.625, 89.375, 6.816643321355443e-24, nan 
-97.375, 89.375, 7.048658384101946e-24, nan 
-97.125, 89.375, 1.0174045873998357e-23, nan 
-96.875, 89.375, 8.215411111909873e-24, nan 
-96.625, 89.375, 1.0963597307438763e-23, nan 
-96.375, 89.375, 1.1782697349768305e-23, nan 
-96.125, 89.375, 1.577361602614151e-23, nan 
-95.875, 89.375, 1.560741953161997e-23, nan 
-95.625, 89.375, 3.2103303411820056e-23, nan 
-95.375, 89.375, 3.233349963080624e-23, nan 
-95.125, 89.375, 3.259472890698329e-23, nan 
-94.875, 89.375, 3.219395382858432e-23, nan 
-94.625, 89.375, 3.255687236228053e-23, nan 
-94.375, 89.375, 2.4819118629263263e-23, nan 
-94.125, 89.375, 3.235161802360649e-23, nan 
-93.875, 89.375, 2.789365842436487e-23, nan 
-93.625, 89.375, 2.918346327262969e-23, nan 
-93.375, 89.375, 3.069472500755387e-23, nan 
-93.125, 89.375, 2.8364469153854065e-23, nan 
-92.875, 89.375, 2.2992361392639086e-23, nan 
-92.625, 89.375, 2.727280082551056e-23, nan 
-92.375, 89.375, 2.3694351511885348e-23, nan 
-92.125, 89.375, 2.6956859053933866e-23, nan 
-91.875, 89.375, 2.2701019986894377e-23, nan 
-91.625, 89.375, 2.4400543050722377e-23, nan 
-91.375, 89.375, 2.2987682950453773e-23, nan 
-91.125, 89.375, 2.634059233616416e-23, nan 
-90.875, 89.375, 2.6358627190175986e-23, nan 
-90.625, 89.375, 2.82200793891345e-23, nan 
-90.375, 89.375, 3.32659103492316e-23, nan 
-90.125, 89.375, 3.2662565418565895e-23, nan 
-89.875, 89.375, 3.7436534669536573e-23, nan 
-89.625, 89.375, 3.347793522987079e-23, nan 
-89.375, 89.375, 2.6139011260749857e-23, nan 
-89.125, 89.375, 3.259873242901432e-23, nan 
-88.875, 89.375, 2.568855045320132e-23, nan 
-88.625, 89.375, 3.89642322265897e-23, nan 
-88.375, 89.375, 2.7996450896886845e-23, nan 
-88.125, 89.375, 3.1441590671218695e-23, nan 
-87.875, 89.375, 1.7626095119819853e-23, nan 
-87.625, 89.375, 3.3537052582497814e-23, nan 
-87.375, 89.375, 3.3116250791272113e-23, nan 
-87.125, 89.375, 2.4070885191048877e-23, nan 
-86.875, 89.375, 3.7008800856776316e-23, nan 
-86.625, 89.375, 3.2801095062007086e-23, nan 
-86.375, 89.375, 3.7332616217727485e-23, nan 
-86.125, 89.375, 2.4820878312505e-23, nan 
-85.875, 89.375, 3.5387392638919547e-23, nan 
-85.625, 89.375, 3.381049975195692e-23, nan 
-85.375, 89.375, 3.0316009533176893e-23, nan 
-85.125, 89.375, 3.1102233686246676e-23, nan 
-84.875, 89.375, 4.3363974724157795e-23, nan 
-84.625, 89.375, 2.8003259017932495e-23, nan 
-84.375, 89.375, 4.441857902659553e-23, nan 
-84.125, 89.375, 3.374622851783817e-23, nan 
-83.875, 89.375, 4.248236023747688e-23, nan 
-83.625, 89.375, 2.985269166830435e-23, nan 
-83.375, 89.375, 4.341315166957132e-23, nan 
-83.125, 89.375, 3.402971463137341e-23, nan 
-82.875, 89.375, 3.563824240588444e-23, nan 
-82.625, 89.375, 4.357293790884192e-23, nan 
-82.375, 89.375, 4.462664826694549e-23, nan 
-82.125, 89.375, 3.944264482177263e-23, nan 
-81.875, 89.375, 4.216448408794059e-23, nan 
-81.625, 89.375, 4.085903279819856e-23, nan 
-81.375, 89.375, 3.621979654145795e-23, nan 
-81.125, 89.375, 3.68819754484877e-23, nan 
-80.875, 89.375, 4.316429671302678e-23, nan 
-80.625, 89.375, 3.5507402764736334e-23, nan 
-80.375, 89.375, 4.023278266462484e-23, nan 
-80.125, 89.375, 3.942423092487346e-23, nan 
-79.875, 89.375, 2.5802284129467935e-23, nan 
-79.625, 89.375, 4.0939182214034366e-23, nan 
-79.375, 89.375, 4.1389117838991526e-23, nan 
-79.125, 89.375, 4.2937535509152155e-23, nan 
-78.875, 89.375, 4.1180981836353923e-23, nan 
-78.625, 89.375, 4.3382980455346877e-23, nan 
-78.375, 89.375, 3.93075786464757e-23, nan 
-78.125, 89.375, 4.160443612995489e-23, nan 
-77.875, 89.375, 3.2240865757760144e-23, nan 
-77.625, 89.375, 4.772028681309704e-23, nan 
-77.375, 89.375, 3.1899195595618187e-23, nan 
-77.125, 89.375, 4.441036474774564e-23, nan 
-76.875, 89.375, 3.979150528766749e-23, nan 
-76.625, 89.375, 3.224276045199737e-23, nan 
-76.375, 89.375, 4.768134690622088e-23, nan 
-76.125, 89.375, 5.064643195640306e-23, nan 
-75.875, 89.375, 3.747316873843772e-23, nan 
-75.625, 89.375, 5.0721712058734693e-23, nan 
-75.375, 89.375, 3.9077427305586226e-23, nan 
-75.125, 89.375, 5.375493955062866e-23, nan 
-74.875, 89.375, 4.837846975872949e-23, nan 
-74.625, 89.375, 5.43713143078725e-23, nan 
-74.375, 89.375, 5.399911696913408e-23, nan 
-74.125, 89.375, 5.898950321120203e-23, nan 
-73.875, 89.375, 5.706608249551741e-23, nan 
-73.625, 89.375, 6.04763957219961e-23, nan 
-73.375, 89.375, 6.113943183447929e-23, nan 
-73.125, 89.375, 6.696842007860975e-23, nan 
-72.875, 89.375, 5.232343045232735e-23, nan 
-72.625, 89.375, 6.056732410516869e-23, nan 
-72.375, 89.375, 5.810340591198101e-23, nan 
-72.125, 89.375, 7.091940121686448e-23, nan 
-71.875, 89.375, 5.875269521415343e-23, nan 
-71.625, 89.375, 5.349710347819967e-23, nan 
-71.375, 89.375, 5.364290016294166e-23, nan 
-71.125, 89.375, 7.469627733049933e-23, nan 
-70.875, 89.375, 6.477186411093533e-23, nan 
-70.625, 89.375, 5.57184263951707e-23, nan 
-70.375, 89.375, 5.128904458794058e-23, nan 
-70.125, 89.375, 4.623304213227972e-23, nan 
-69.875, 89.375, 4.1782263350898884e-23, nan 
-69.625, 89.375, 3.6075522608738984e-23, nan 
-69.375, 89.375, 5.2876412300328064e-23, nan 
-69.125, 89.375, 4.529982891842903e-23, nan 
-68.875, 89.375, 5.475470113290398e-23, nan 
-68.625, 89.375, 4.740800262833953e-23, nan 
-68.375, 89.375, 5.4387769346423e-23, nan 
-68.125, 89.375, 5.02500256722164e-23, nan 
-67.875, 89.375, 5.551461288626926e-23, nan 
-67.625, 89.375, 3.763628172743412e-23, nan 
-67.375, 89.375, 4.75044393970961e-23, nan 
-67.125, 89.375, 6.775734506787647e-23, nan 
-66.875, 89.375, 8.000657637440668e-23, nan 
-66.625, 89.375, 5.64715830097399e-23, nan 
-66.375, 89.375, 5.182394389124824e-23, nan 
-66.125, 89.375, 5.878920643593773e-23, nan 
-65.875, 89.375, 5.618754007960079e-23, nan 
-65.625, 89.375, 6.118865378571766e-23, nan 
-65.375, 89.375, 5.934248424460549e-23, nan 
-65.125, 89.375, 6.867550355072144e-23, nan 
-64.875, 89.375, 6.245044268119536e-23, nan 
-64.625, 89.375, 6.495230616360042e-23, nan 
-64.375, 89.375, 7.699685453245985e-23, nan 
-64.125, 89.375, 7.040917089729239e-23, nan 
-63.875, 89.375, 6.915857650808599e-23, nan 
-63.625, 89.375, 6.258370166618929e-23, nan 
-63.375, 89.375, 7.594856783320194e-23, nan 
-63.125, 89.375, 6.430101122672127e-23, nan 
-62.875, 89.375, 6.751289748330023e-23, nan 
-62.625, 89.375, 7.711520324890106e-23, nan 
-62.375, 89.375, 6.925420436046722e-23, nan 
-62.125, 89.375, 7.146203308344497e-23, nan 
-61.875, 89.375, 7.327071274770801e-23, nan 
-61.625, 89.375, 7.062661562728434e-23, nan 
-61.375, 89.375, 7.076864623118425e-23, nan 
-61.125, 89.375, 7.464728374799142e-23, nan 
-60.875, 89.375, 8.241604351978458e-23, nan 
-60.625, 89.375, 7.310949542344912e-23, nan 
-60.375, 89.375, 7.125639032667402e-23, nan 
-60.125, 89.375, 7.331766074137334e-23, nan 
-59.875, 89.375, 8.237189833544097e-23, nan 
-59.625, 89.375, 7.198493423122174e-23, nan 
-59.375, 89.375, 7.930072367534044e-23, nan 
-59.125, 89.375, 7.392276726528738e-23, nan 
-58.875, 89.375, 7.78164125144899e-23, nan 
-58.625, 89.375, 7.864815089996279e-23, nan 
-58.375, 89.375, 7.671470107239319e-23, nan 
-58.125, 89.375, 7.809532635249703e-23, nan 
-57.875, 89.375, 7.650348610308063e-23, nan 
-57.625, 89.375, 7.755358345860442e-23, nan 
-57.375, 89.375, 7.588494307391233e-23, nan 
-57.125, 89.375, 8.61856383500694e-23, nan 
-56.875, 89.375, 7.64281494118855e-23, nan 
-56.625, 89.375, 7.756214009551682e-23, nan 
-56.375, 89.375, 7.603487194866793e-23, nan 
-56.125, 89.375, 8.231804970734515e-23, nan 
-55.875, 89.375, 8.70566430477828e-23, nan 
-55.625, 89.375, 9.061144649076904e-23, nan 
-55.375, 89.375, 9.329272277151183e-23, nan 
-55.125, 89.375, 1.025005612786158e-22, nan 
-54.875, 89.375, 9.41370792350543e-23, nan 
-54.625, 89.375, 1.0428078433459547e-22, nan 
-54.375, 89.375, 9.536150326828452e-23, nan 
-54.125, 89.375, 9.585407841758187e-23, nan 
-53.875, 89.375, 1.0395212300623229e-22, nan 
-53.625, 89.375, 9.062955457146326e-23, nan 
-53.375, 89.375, 8.777670672894214e-23, nan 
-53.125, 89.375, 9.816428158956629e-23, nan 
-52.875, 89.375, 9.044829270640529e-23, nan 
-52.625, 89.375, 9.708274443662929e-23, nan 
-52.375, 89.375, 9.056638288952526e-23, nan 
-52.125, 89.375, 9.065206782979655e-23, nan 
-51.875, 89.375, 8.906538727763522e-23, nan 
-51.625, 89.375, 8.885052818866323e-23, nan 
-51.375, 89.375, 8.834713142308182e-23, nan 
-51.125, 89.375, 8.661832795237793e-23, nan 
-50.875, 89.375, 8.811397415088678e-23, nan 
-50.625, 89.375, 8.490587374492536e-23, nan 
-50.375, 89.375, 8.545502178732141e-23, nan 
-50.125, 89.375, 7.710708730190192e-23, nan 
-49.875, 89.375, 7.311837791579285e-23, nan 
-49.625, 89.375, 7.149440643729536e-23, nan 
-49.375, 89.375, 7.7185643175466e-23, nan 
-49.125, 89.375, 7.187330735683482e-23, nan 
-48.875, 89.375, 7.391371136034727e-23, nan 
-48.625, 89.375, 6.98911268486903e-23, nan 
-48.375, 89.375, 7.644605341745358e-23, nan 
-48.125, 89.375, 7.241416426444109e-23, nan 
-47.875, 89.375, 7.243126973005112e-23, nan 
-47.625, 89.375, 7.947806453925899e-23, nan 
-47.375, 89.375, 8.150481027255038e-23, nan 
-47.125, 89.375, 8.950705403213306e-23, nan 
-46.875, 89.375, 9.217410546509866e-23, nan 
-46.625, 89.375, 7.810688266789807e-23, nan 
-46.375, 89.375, 8.618319306884968e-23, nan 
-46.125, 89.375, 8.34070412251133e-23, nan 
-45.875, 89.375, 8.594482181249102e-23, nan 
-45.625, 89.375, 8.12567960605069e-23, nan 
-45.375, 89.375, 8.028821857499187e-23, nan 
-45.125, 89.375, 7.646487761498718e-23, nan 
-44.875, 89.375, 8.165333789723367e-23, nan 
-44.625, 89.375, 7.318969598632818e-23, nan 
-44.375, 89.375, 8.097255911116136e-23, nan 
-44.125, 89.375, 9.982464543430148e-23, nan 
-43.875, 89.375, 7.031860010590905e-23, nan 
-43.625, 89.375, 6.651581825699637e-23, nan 
-43.375, 89.375, 7.832973772022926e-23, nan 
-43.125, 89.375, 7.785529621577184e-23, nan 
-42.875, 89.375, 7.79793356795397e-23, nan 
-42.625, 89.375, 7.624865823622784e-23, nan 
-42.375, 89.375, 7.817820741837239e-23, nan 
-42.125, 89.375, 7.681068864092018e-23, nan 
-41.875, 89.375, 6.791013866879511e-23, nan 
-41.625, 89.375, 7.729739029222967e-23, nan 
-41.375, 89.375, 6.739357156402846e-23, nan 
-41.125, 89.375, 7.087573605434315e-23, nan 
-40.875, 89.375, 6.951656717834729e-23, nan 
-40.625, 89.375, 7.31523436572284e-23, nan 
-40.375, 89.375, 6.670223842114921e-23, nan 
-40.125, 89.375, 6.651966229953619e-23, nan 
-39.875, 89.375, 7.268563143540223e-23, nan 
-39.625, 89.375, 6.91572357633419e-23, nan 
-39.375, 89.375, 6.742807694868757e-23, nan 
-39.125, 89.375, 7.275754235938248e-23, nan 
-38.875, 89.375, 6.372353524019995e-23, nan 
-38.625, 89.375, 6.817400511828909e-23, nan 
-38.375, 89.375, 6.271877088643709e-23, nan 
-38.125, 89.375, 7.28127018708458e-23, nan 
-37.875, 89.375, 6.185377000475616e-23, nan 
-37.625, 89.375, 6.366076448500071e-23, nan 
-37.375, 89.375, 6.584260037946483e-23, nan 
-37.125, 89.375, 7.285456567594103e-23, nan 
-36.875, 89.375, 5.983870890023593e-23, nan 
-36.625, 89.375, 6.96064942478083e-23, nan 
-36.375, 89.375, 6.288487902445065e-23, nan 
-36.125, 89.375, 6.797558951477078e-23, nan 
-35.875, 89.375, 7.171336502877939e-23, nan 
-35.625, 89.375, 6.803741346745804e-23, nan 
-35.375, 89.375, 6.500749682899097e-23, nan 
-35.125, 89.375, 6.739998478844838e-23, nan 
-34.875, 89.375, 6.805478367963515e-23, nan 
-34.625, 89.375, 6.835857119927415e-23, nan 
-34.375, 89.375, 8.036775995262257e-23, nan 
-34.125, 89.375, 6.656970605066228e-23, nan 
-33.875, 89.375, 7.131821199453805e-23, nan 
-33.625, 89.375, 6.292698296901781e-23, nan 
-33.375, 89.375, 6.458550942860745e-23, nan 
-33.125, 89.375, 6.339931298594162e-23, nan 
-32.875, 89.375, 6.875780640194198e-23, nan 
-32.625, 89.375, 6.907750721569873e-23, nan 
-32.375, 89.375, 7.469484126618936e-23, nan 
-32.125, 89.375, 7.104371948498313e-23, nan 
-31.875, 89.375, 7.928325975571438e-23, nan 
-31.625, 89.375, 7.130791115741603e-23, nan 
-31.375, 89.375, 7.068267266794122e-23, nan 
-31.125, 89.375, 8.159073082984499e-23, nan 
-30.875, 89.375, 6.576550691769319e-23, nan 
-30.625, 89.375, 6.342727068698472e-23, nan 
-30.375, 89.375, 7.202673138641465e-23, nan 
-30.125, 89.375, 5.881049024634103e-23, nan 
-29.875, 89.375, 7.092772498642313e-23, nan 
-29.625, 89.375, 6.204317927926506e-23, nan 
-29.375, 89.375, 6.846142201182083e-23, nan 
-29.125, 89.375, 6.438393187659422e-23, nan 
-28.875, 89.375, 6.233434839505767e-23, nan 
-28.625, 89.375, 6.085684465452233e-23, nan 
-28.375, 89.375, 5.949044104871858e-23, nan 
-28.125, 89.375, 6.21329526124385e-23, nan 
-27.875, 89.375, 5.310701284650962e-23, nan 
-27.625, 89.375, 5.005766960340374e-23, nan 
-27.375, 89.375, 5.971978642776303e-23, nan 
-27.125, 89.375, 4.583148890361524e-23, nan 
-26.875, 89.375, 4.7110665177226564e-23, nan 
-26.625, 89.375, 4.756024658490003e-23, nan 
-26.375, 89.375, 5.57190801691151e-23, nan 
-26.125, 89.375, 4.7549436195584673e-23, nan 
-25.875, 89.375, 5.544751585214407e-23, nan 
-25.625, 89.375, 4.210758853133501e-23, nan 
-25.375, 89.375, 4.932351737636411e-23, nan 
-25.125, 89.375, 5.28583748667772e-23, nan 
-24.875, 89.375, 6.047579255695603e-23, nan 
-24.625, 89.375, 5.691762994642895e-23, nan 
-24.375, 89.375, 7.244992312518477e-23, nan 
-24.125, 89.375, 7.752045850558149e-23, nan 
-23.875, 89.375, 5.708094199318391e-23, nan 
-23.625, 89.375, 6.850670287166157e-23, nan 
-23.375, 89.375, 5.089089830579764e-23, nan 
-23.125, 89.375, 5.808910750501826e-23, nan 
-22.875, 89.375, 4.610260948762082e-23, nan 
-22.625, 89.375, 5.343467183905919e-23, nan 
-22.375, 89.375, 4.9774793708287646e-23, nan 
-22.125, 89.375, 7.039109843271759e-23, nan 
-21.875, 89.375, 5.729325318115679e-23, nan 
-21.625, 89.375, 4.730686403608562e-23, nan 
-21.375, 89.375, 4.7480399329257226e-23, nan 
-21.125, 89.375, 4.0301450818918315e-23, nan 
-20.875, 89.375, 4.751452356253015e-23, nan 
-20.625, 89.375, 6.920499948085353e-23, nan 
-20.375, 89.375, 8.313202725665947e-23, nan 
-20.125, 89.375, 7.444095394984383e-23, nan 
-19.875, 89.375, 7.84972022761325e-23, nan 
-19.625, 89.375, 7.043380006152649e-23, nan 
-19.375, 89.375, 8.605770019241421e-23, nan 
-19.125, 89.375, 8.40662715213741e-23, nan 
-18.875, 89.375, 6.435062798265639e-23, nan 
-18.625, 89.375, 6.63848755115881e-23, nan 
-18.375, 89.375, 5.391139857256093e-23, nan 
-18.125, 89.375, 5.420839308545203e-23, nan 
-17.875, 89.375, 4.1957637635979925e-23, nan 
-17.625, 89.375, 5.411904939830334e-23, nan 
-17.375, 89.375, 5.303144776589133e-23, nan 
-17.125, 89.375, 3.9254413568790916e-23, nan 
-16.875, 89.375, 5.279714338154855e-23, nan 
-16.625, 89.375, 5.675571475910435e-23, nan 
-16.375, 89.375, 5.0875585320173096e-23, nan 
-16.125, 89.375, 5.306480631919948e-23, nan 
-15.875, 89.375, 5.120908815652509e-23, nan 
-15.625, 89.375, 5.32905788766928e-23, nan 
-15.375, 89.375, 5.153048798137011e-23, nan 
-15.125, 89.375, 6.440416739663609e-23, nan 
-14.875, 89.375, 8.225388455883023e-23, nan 
-14.625, 89.375, 7.799835066636894e-23, nan 
-14.375, 89.375, 4.051237415072303e-23, nan 
-14.125, 89.375, 4.568637407021114e-23, nan 
-13.875, 89.375, 4.7796450127424184e-23, nan 
-13.625, 89.375, 5.352711024135381e-23, nan 
-13.375, 89.375, 4.627756234619475e-23, nan 
-13.125, 89.375, 4.699087186959589e-23, nan 
-12.875, 89.375, 3.878148679330278e-23, nan 
-12.625, 89.375, 3.980576255107222e-23, nan 
-12.375, 89.375, 3.9861351442205096e-23, nan 
-12.125, 89.375, 2.927767711903471e-23, nan 
-11.875, 89.375, 4.538601104677538e-23, nan 
-11.625, 89.375, 4.153794598692913e-23, nan 
-11.375, 89.375, 4.668083108581598e-23, nan 
-11.125, 89.375, 6.777007151021594e-23, nan 
-10.875, 89.375, 5.716562586249536e-23, nan 
-10.625, 89.375, 4.4613624792663505e-23, nan 
-10.375, 89.375, 5.635365078228786e-23, nan 
-10.125, 89.375, 6.257584307886353e-23, nan 
-9.875, 89.375, 6.526697442790475e-23, nan 
-9.625, 89.375, 5.63039279898031e-23, nan 
-9.375, 89.375, 6.565212280217074e-23, nan 
-9.125, 89.375, 6.009187451689934e-23, nan 
-8.875, 89.375, 5.624399981821464e-23, nan 
-8.625, 89.375, 6.402212245756366e-23, nan 
-8.375, 89.375, 6.71403142519963e-23, nan 
-8.125, 89.375, 2.2903588866684676e-23, nan 
-7.875, 89.375, 4.813323709037018e-23, nan 
-7.625, 89.375, 5.995182576097844e-23, nan 
-7.375, 89.375, 6.35569015610011e-23, nan 
-7.125, 89.375, 5.32893946774798e-23, nan 
-6.875, 89.375, 8.357399361711699e-23, nan 
-6.625, 89.375, 6.679095499850889e-23, nan 
-6.375, 89.375, 6.46673097056309e-23, nan 
-6.125, 89.375, 7.119403525791216e-23, nan 
-5.875, 89.375, 8.32780940365626e-23, nan 
-5.625, 89.375, 6.285168290472257e-23, nan 
-5.375, 89.375, 8.524681792234607e-23, nan 
-5.125, 89.375, 7.528230917398874e-23, nan 
-4.875, 89.375, 6.345197637991224e-23, nan 
-4.625, 89.375, 6.335777894107547e-23, nan 
-4.375, 89.375, 6.98785902885712e-23, nan 
-4.125, 89.375, 6.37916659588953e-23, nan 
-3.875, 89.375, 6.931001499964701e-23, nan 
-3.625, 89.375, 7.831980423242093e-23, nan 
-3.375, 89.375, 6.996400502812938e-23, nan 
-3.125, 89.375, 6.940199656600379e-23, nan 
-2.875, 89.375, 7.355548688746932e-23, nan 
-2.625, 89.375, 6.264721632134869e-23, nan 
-2.375, 89.375, 6.070290082743722e-23, nan 
-2.125, 89.375, 8.610179968632649e-23, nan 
-1.875, 89.375, 6.905601659744432e-23, nan 
-1.625, 89.375, 6.524237901417386e-23, nan 
-1.375, 89.375, 6.367967003802734e-23, nan 
-1.125, 89.375, 7.318756299976803e-23, nan 
-0.875, 89.375, 6.157346049183798e-23, nan 
-0.625, 89.375, 6.526937544197112e-23, nan 
-0.375, 89.375, 6.472234001233075e-23, nan 
-0.125, 89.375, 7.375725761599039e-23, nan 
0.125, 89.375, 6.84754878829648e-23, nan 
0.375, 89.375, 6.38298934355978e-23, nan 
0.625, 89.375, 6.646767226241287e-23, nan 
0.875, 89.375, 6.233891548312541e-23, nan 
1.125, 89.375, 7.229702540298668e-23, nan 
1.375, 89.375, 6.3283049027432e-23, nan 
1.625, 89.375, 7.527251470453648e-23, nan 
1.875, 89.375, 6.377103457589659e-23, nan 
2.125, 89.375, 6.410939400918713e-23, nan 
2.375, 89.375, 5.1730460701483276e-23, nan 
2.625, 89.375, 5.0527061306577867e-23, nan 
2.875, 89.375, 5.3206204414561e-23, nan 
3.125, 89.375, 6.626481563230388e-23, nan 
3.375, 89.375, 6.435144982132994e-23, nan 
3.625, 89.375, 9.911021339767964e-23, nan 
3.875, 89.375, 7.16250957535815e-23, nan 
4.125, 89.375, 1.086606216239964e-22, nan 
4.375, 89.375, 6.371337028170772e-23, nan 
4.625, 89.375, 3.5013784184649543e-23, nan 
4.875, 89.375, 4.016717116747469e-23, nan 
5.125, 89.375, 4.836743659194823e-23, nan 
5.375, 89.375, 6.497135104874638e-23, nan 
5.625, 89.375, 5.684991850436272e-23, nan 
5.875, 89.375, 8.569180936602423e-23, nan 
6.125, 89.375, 8.749533314110943e-23, nan 
6.375, 89.375, 5.688619414152061e-23, nan 
6.625, 89.375, 9.079620387166259e-23, nan 
6.875, 89.375, 6.296666014172394e-23, nan 
7.125, 89.375, 9.356885645836654e-23, nan 
7.375, 89.375, 2.2447676174640738e-23, nan 
7.625, 89.375, 8.676847838483876e-23, nan 
7.875, 89.375, 7.26783132197293e-23, nan 
8.125, 89.375, 8.775276332274041e-23, nan 
8.375, 89.375, 8.72359895571757e-23, nan 
8.625, 89.375, 8.872454645084724e-23, nan 
8.875, 89.375, 9.355888946057644e-23, nan 
9.125, 89.375, 1.1890656112239887e-22, nan 
9.375, 89.375, 9.351981666639368e-23, nan 
9.625, 89.375, 1.1861198573828892e-22, nan 
9.875, 89.375, 9.226274756250269e-23, nan 
10.125, 89.375, 7.847143374321804e-23, nan 
10.375, 89.375, 9.600020880582307e-23, nan 
10.625, 89.375, 8.270308745108785e-23, nan 
10.875, 89.375, 1.0624190904826266e-22, nan 
11.125, 89.375, 9.128800631935247e-23, nan 
11.375, 89.375, 1.1188157971236447e-22, nan 
11.625, 89.375, 8.582345027434415e-23, nan 
11.875, 89.375, 8.066125973981509e-23, nan 
12.125, 89.375, 5.259003728435564e-23, nan 
12.375, 89.375, 5.425598180334974e-23, nan 
12.625, 89.375, 1.2418087117728117e-22, nan 
12.875, 89.375, 8.201110411365967e-23, nan 
13.125, 89.375, 6.331241453882418e-23, nan 
13.375, 89.375, 8.782611335158836e-23, nan 
13.625, 89.375, 9.219985184532316e-23, nan 
13.875, 89.375, 9.099736257754513e-23, nan 
14.125, 89.375, 8.287941474022171e-23, nan 
14.375, 89.375, 1.2189242562304886e-22, nan 
14.625, 89.375, 7.831407850904406e-23, nan 
14.875, 89.375, 8.695024215467552e-23, nan 
15.125, 89.375, 7.679890317422917e-23, nan 
15.375, 89.375, 1.1060572771687653e-22, nan 
15.625, 89.375, 6.73910227395107e-23, nan 
15.875, 89.375, 7.349680621325053e-23, nan 
16.125, 89.375, 6.949657109602072e-23, nan 
16.375, 89.375, 7.789834032305885e-23, nan 
16.625, 89.375, 7.929692565895978e-23, nan 
16.875, 89.375, 7.223208550399556e-23, nan 
17.125, 89.375, 8.52263510147737e-23, nan 
17.375, 89.375, 8.757739762118282e-23, nan 
17.625, 89.375, 1.0199659497622716e-22, nan 
17.875, 89.375, 7.516238506901527e-23, nan 
18.125, 89.375, 7.477053727801142e-23, nan 
18.375, 89.375, 7.151248646442364e-23, nan 
18.625, 89.375, 9.670941599218626e-23, nan 
18.875, 89.375, 8.182275182663338e-23, nan 
19.125, 89.375, 6.029060006673627e-23, nan 
19.375, 89.375, 5.485662645097442e-23, nan 
19.625, 89.375, 5.414890561679605e-23, nan 
19.875, 89.375, 1.0452186095421471e-22, nan 
20.125, 89.375, 1.0677155493557376e-22, nan 
20.375, 89.375, 9.279856585986478e-23, nan 
20.625, 89.375, 1.179304761292809e-22, nan 
20.875, 89.375, 9.113597204098185e-23, nan 
21.125, 89.375, 1.2637437516606585e-22, nan 
21.375, 89.375, 1.206315971104374e-22, nan 
21.625, 89.375, 1.2023607521014645e-22, nan 
21.875, 89.375, 9.367341068180907e-23, nan 
22.125, 89.375, 1.2592175434101632e-22, nan 
22.375, 89.375, 6.985801979063164e-23, nan 
22.625, 89.375, 1.2389530125897807e-22, nan 
22.875, 89.375, 1.0505555146877277e-22, nan 
23.125, 89.375, 7.44153932925748e-23, nan 
23.375, 89.375, 8.425738194654508e-23, nan 
23.625, 89.375, 1.3048016563880825e-22, nan 
23.875, 89.375, 8.013599151395456e-23, nan 
24.125, 89.375, 1.1265391370144778e-22, nan 
24.375, 89.375, 9.530654500561241e-23, nan 
24.625, 89.375, 8.217245876226377e-23, nan 
24.875, 89.375, 8.883350441359361e-23, nan 
25.125, 89.375, 8.854095112268818e-23, nan 
25.375, 89.375, 9.636844335856591e-23, nan 
25.625, 89.375, 6.139570342066581e-23, nan 
25.875, 89.375, 9.667710082204361e-23, nan 
26.125, 89.375, 9.07733763612035e-23, nan 
26.375, 89.375, 9.058918825520198e-23, nan 
26.625, 89.375, 8.954587818663808e-23, nan 
26.875, 89.375, 1.0196704658140603e-22, nan 
27.125, 89.375, 8.793542440956626e-23, nan 
27.375, 89.375, 7.273211678643674e-23, nan 
27.625, 89.375, 7.063507798297085e-23, nan 
27.875, 89.375, 1.2987236571622794e-22, nan 
28.125, 89.375, 7.334798691982843e-23, nan 
28.375, 89.375, 6.706700914090423e-23, nan 
28.625, 89.375, 7.376251557819958e-23, nan 
28.875, 89.375, 9.423958120898485e-23, nan 
29.125, 89.375, 8.371425702649552e-23, nan 
29.375, 89.375, 7.804845642465692e-23, nan 
29.625, 89.375, 8.125880292167393e-23, nan 
29.875, 89.375, 8.285767322699535e-23, nan 
30.125, 89.375, 8.28885730248279e-23, nan 
30.375, 89.375, 8.402403170359806e-23, nan 
30.625, 89.375, 7.76902571681581e-23, nan 
30.875, 89.375, 1.2278578784484565e-22, nan 
31.125, 89.375, 7.793939218456638e-23, nan 
31.375, 89.375, 7.579741788492433e-23, nan 
31.625, 89.375, 8.197901441995226e-23, nan 
31.875, 89.375, 8.964420519428555e-23, nan 
32.125, 89.375, 8.24802984705188e-23, nan 
32.375, 89.375, 9.013356688003346e-23, nan 
32.625, 89.375, 8.25946259182052e-23, nan 
32.875, 89.375, 8.481222316744213e-23, nan 
33.125, 89.375, 8.36667745471496e-23, nan 
33.375, 89.375, 7.223777375972728e-23, nan 
33.625, 89.375, 7.50620909656035e-23, nan 
33.875, 89.375, 8.478310132052277e-23, nan 
34.125, 89.375, 9.361204777411115e-23, nan 
34.375, 89.375, 8.092264768784865e-23, nan 
34.625, 89.375, 8.008619389243889e-23, nan 
34.875, 89.375, 7.320003222137189e-23, nan 
35.125, 89.375, 6.330298244542928e-23, nan 
35.375, 89.375, 8.060143005752596e-23, nan 
35.625, 89.375, 6.397837579393661e-23, nan 
35.875, 89.375, 6.190349006755286e-23, nan 
36.125, 89.375, 6.95630624627229e-23, nan 
36.375, 89.375, 7.62031031292578e-23, nan 
36.625, 89.375, 9.007449945488714e-23, nan 
36.875, 89.375, 8.22000612706688e-23, nan 
37.125, 89.375, 9.580326851659381e-23, nan 
37.375, 89.375, 8.062202813455932e-23, nan 
37.625, 89.375, 9.327950308760778e-23, nan 
37.875, 89.375, 8.001251097046609e-23, nan 
38.125, 89.375, 8.851223048594325e-23, nan 
38.375, 89.375, 6.055982994797388e-23, nan 
38.625, 89.375, 7.59887011418003e-23, nan 
38.875, 89.375, 7.060283477348079e-23, nan 
39.125, 89.375, 7.43326450584862e-23, nan 
39.375, 89.375, 7.956722764849732e-23, nan 
39.625, 89.375, 8.455002976683905e-23, nan 
39.875, 89.375, 9.128324171309266e-23, nan 
40.125, 89.375, 9.299389019818399e-23, nan 
40.375, 89.375, 1.0222117680634347e-22, nan 
40.625, 89.375, 8.474495314325521e-23, nan 
40.875, 89.375, 8.08200310936733e-23, nan 
41.125, 89.375, 8.09350839171905e-23, nan 
41.375, 89.375, 9.461292022656514e-23, nan 
41.625, 89.375, 8.771094680173704e-23, nan 
41.875, 89.375, 7.127727822085725e-23, nan 
42.125, 89.375, 6.430587319431628e-23, nan 
42.375, 89.375, 5.2836834340111973e-23, nan 
42.625, 89.375, 9.658451265723083e-23, nan 
42.875, 89.375, 9.294375601866854e-23, nan 
43.125, 89.375, 8.828289851916425e-23, nan 
43.375, 89.375, 9.623952672584561e-23, nan 
43.625, 89.375, 8.290318942005926e-23, nan 
43.875, 89.375, 9.863278202297471e-23, nan 
44.125, 89.375, 9.552583157987766e-23, nan 
44.375, 89.375, 9.222462052723085e-23, nan 
44.625, 89.375, 7.626039821185409e-23, nan 
44.875, 89.375, 1.0112303204820463e-22, nan 
45.125, 89.375, 5.692207679732242e-23, nan 
45.375, 89.375, 9.539012499342992e-23, nan 
45.625, 89.375, 7.892187230330154e-23, nan 
45.875, 89.375, 6.521408829493973e-23, nan 
46.125, 89.375, 7.056806047919668e-23, nan 
46.375, 89.375, 9.773146108270348e-23, nan 
46.625, 89.375, 6.325568567316091e-23, nan 
46.875, 89.375, 8.901396784426615e-23, nan 
47.125, 89.375, 6.978255305435483e-23, nan 
47.375, 89.375, 7.011871358838867e-23, nan 
47.625, 89.375, 7.20175343337058e-23, nan 
47.875, 89.375, 8.375598261521623e-23, nan 
48.125, 89.375, 9.243604912848654e-23, nan 
48.375, 89.375, 5.481948399576493e-23, nan 
48.625, 89.375, 6.573667200797581e-23, nan 
48.875, 89.375, 6.411505116185286e-23, nan 
49.125, 89.375, 5.2731788677731686e-23, nan 
49.375, 89.375, 6.130552991047217e-23, nan 
49.625, 89.375, 7.108137824016483e-23, nan 
49.875, 89.375, 6.057586295117817e-23, nan 
50.125, 89.375, 4.90390242117092e-23, nan 
50.375, 89.375, 4.477848160605402e-23, nan 
50.625, 89.375, 9.185468888155484e-23, nan 
50.875, 89.375, 4.1619445281796724e-23, nan 
51.125, 89.375, 3.737934447395194e-23, nan 
51.375, 89.375, 4.2629696956112526e-23, nan 
51.625, 89.375, 6.280006863012252e-23, nan 
51.875, 89.375, 5.92817341414204e-23, nan 
52.125, 89.375, 3.960958122856322e-23, nan 
52.375, 89.375, 5.626411499602624e-23, nan 
52.625, 89.375, 6.20283636911681e-23, nan 
52.875, 89.375, 5.953424632249318e-23, nan 
53.125, 89.375, 3.4608154480110396e-23, nan 
53.375, 89.375, 3.493270627895289e-23, nan 
53.625, 89.375, 8.664385264826406e-23, nan 
53.875, 89.375, 3.093238952257326e-23, nan 
54.125, 89.375, 3.318746908910729e-23, nan 
54.375, 89.375, 3.207789648127438e-23, nan 
54.625, 89.375, 3.458287278863165e-23, nan 
54.875, 89.375, 3.577882776609382e-23, nan 
55.125, 89.375, 3.519920956786533e-23, nan 
55.375, 89.375, 3.64822170528684e-23, nan 
55.625, 89.375, 3.015468593400616e-23, nan 
55.875, 89.375, 3.4010781751485285e-23, nan 
56.125, 89.375, 5.570891128826442e-23, nan 
56.375, 89.375, 5.232765398370724e-23, nan 
56.625, 89.375, 2.9551652796468725e-23, nan 
56.875, 89.375, 3.168696422915823e-23, nan 
57.125, 89.375, 3.401836439911387e-23, nan 
57.375, 89.375, 3.102025568444773e-23, nan 
57.625, 89.375, 3.875971110603607e-23, nan 
57.875, 89.375, 4.1316110425741047e-23, nan 
58.125, 89.375, 4.7988924519767697e-23, nan 
58.375, 89.375, 5.570975144816443e-23, nan 
58.625, 89.375, 5.768753612451784e-23, nan 
58.875, 89.375, 5.836608817989533e-23, nan 
59.125, 89.375, 4.4916839084748944e-23, nan 
59.375, 89.375, 4.2162946723425623e-23, nan 
59.625, 89.375, 3.7746292160792657e-23, nan 
59.875, 89.375, 4.926646706433176e-23, nan 
60.125, 89.375, 5.106218427395811e-23, nan 
60.375, 89.375, 5.0458955900413936e-23, nan 
60.625, 89.375, 5.524243313740932e-23, nan 
60.875, 89.375, 4.470355844020467e-23, nan 
61.125, 89.375, 5.251647378540084e-23, nan 
61.375, 89.375, 5.715158558233953e-23, nan 
61.625, 89.375, 4.503477506663417e-23, nan 
61.875, 89.375, 4.737127147947719e-23, nan 
62.125, 89.375, 5.2471007101581195e-23, nan 
62.375, 89.375, 4.384177458241165e-23, nan 
62.625, 89.375, 5.2838546678085305e-23, nan 
62.875, 89.375, 4.090702849762246e-23, nan 
63.125, 89.375, 5.450356965447034e-23, nan 
63.375, 89.375, 4.551910406277726e-23, nan 
63.625, 89.375, 5.667785872912943e-23, nan 
63.875, 89.375, 3.84151190844477e-23, nan 
64.125, 89.375, 5.560439426136912e-23, nan 
64.375, 89.375, 5.799114632204883e-23, nan 
64.625, 89.375, 4.6403489372743875e-23, nan 
64.875, 89.375, 6.020601618752499e-23, nan 
65.125, 89.375, 3.748626014080134e-23, nan 
65.375, 89.375, 6.05719201889619e-23, nan 
65.625, 89.375, 4.4533213074742237e-23, nan 
65.875, 89.375, 4.0134008764887604e-23, nan 
66.125, 89.375, 4.290598232668847e-23, nan 
66.375, 89.375, 4.205632057451758e-23, nan 
66.625, 89.375, 4.24105683123427e-23, nan 
66.875, 89.375, 4.528857496469581e-23, nan 
67.125, 89.375, 4.201932829762357e-23, nan 
67.375, 89.375, 4.318622279124554e-23, nan 
67.625, 89.375, 3.960738149491428e-23, nan 
67.875, 89.375, 4.266378775758479e-23, nan 
68.125, 89.375, 4.4996779965754795e-23, nan 
68.375, 89.375, 4.7936667608223633e-23, nan 
68.625, 89.375, 5.341583643905545e-23, nan 
68.875, 89.375, 6.139938423841225e-23, nan 
69.125, 89.375, 6.562938880712677e-23, nan 
69.375, 89.375, 4.6794699575239886e-23, nan 
69.625, 89.375, 5.1399605508053815e-23, nan 
69.875, 89.375, 4.6604309371585135e-23, nan 
70.125, 89.375, 5.024715338783296e-23, nan 
70.375, 89.375, 5.1830032724086946e-23, nan 
70.625, 89.375, 5.198017983463801e-23, nan 
70.875, 89.375, 4.803720155461042e-23, nan 
71.125, 89.375, 4.7141527805868077e-23, nan 
71.375, 89.375, 4.921851385455793e-23, nan 
71.625, 89.375, 4.991950647741743e-23, nan 
71.875, 89.375, 4.9435658745728177e-23, nan 
72.125, 89.375, 5.519254541869649e-23, nan 
72.375, 89.375, 5.055518157731387e-23, nan 
72.625, 89.375, 5.520139920411334e-23, nan 
72.875, 89.375, 5.391919864581595e-23, nan 
73.125, 89.375, 5.572578656074849e-23, nan 
73.375, 89.375, 5.455836776987653e-23, nan 
73.625, 89.375, 5.790189005234343e-23, nan 
73.875, 89.375, 5.437133797721978e-23, nan 
74.125, 89.375, 5.725340708248261e-23, nan 
74.375, 89.375, 5.500652069277408e-23, nan 
74.625, 89.375, 5.360334881827212e-23, nan 
74.875, 89.375, 5.401787623109903e-23, nan 
75.125, 89.375, 5.79527132119741e-23, nan 
75.375, 89.375, 5.0410134985411303e-23, nan 
75.625, 89.375, 5.590294984524233e-23, nan 
75.875, 89.375, 5.314933514786008e-23, nan 
76.125, 89.375, 4.944836680662598e-23, nan 
76.375, 89.375, 4.966003373673478e-23, nan 
76.625, 89.375, 5.616502390305482e-23, nan 
76.875, 89.375, 4.4268784403052146e-23, nan 
77.125, 89.375, 5.1106722655417846e-23, nan 
77.375, 89.375, 4.871462697829662e-23, nan 
77.625, 89.375, 4.490666805781216e-23, nan 
77.875, 89.375, 4.857715388581702e-23, nan 
78.125, 89.375, 4.17328508326097e-23, nan 
78.375, 89.375, 4.499408323203911e-23, nan 
78.625, 89.375, 4.1462868314825164e-23, nan 
78.875, 89.375, 4.659792239485579e-23, nan 
79.125, 89.375, 4.499807454030862e-23, nan 
79.375, 89.375, 4.423541613710654e-23, nan 
79.625, 89.375, 5.0156511219729234e-23, nan 
79.875, 89.375, 5.015332001439688e-23, nan 
80.125, 89.375, 5.636357026659966e-23, nan 
80.375, 89.375, 5.1297363256443495e-23, nan 
80.625, 89.375, 5.947636989659424e-23, nan 
80.875, 89.375, 4.8056295269522804e-23, nan 
81.125, 89.375, 5.0355569122689036e-23, nan 
81.375, 89.375, 4.666491320311173e-23, nan 
81.625, 89.375, 5.0043253807214867e-23, nan 
81.875, 89.375, 4.901323329565931e-23, nan 
82.125, 89.375, 5.345462994793526e-23, nan 
82.375, 89.375, 5.2025171216079727e-23, nan 
82.625, 89.375, 5.389709497477389e-23, nan 
82.875, 89.375, 5.641467526175885e-23, nan 
83.125, 89.375, 5.563048009237628e-23, nan 
83.375, 89.375, 5.855131807110131e-23, nan 
83.625, 89.375, 5.1635347350938205e-23, nan 
83.875, 89.375, 5.0637289834495897e-23, nan 
84.125, 89.375, 3.6066860318570064e-23, nan 
84.375, 89.375, 4.095046084859394e-23, nan 
84.625, 89.375, 5.150340562405768e-23, nan 
84.875, 89.375, 5.406794934054801e-23, nan 
85.125, 89.375, 3.4206925675862693e-23, nan 
85.375, 89.375, 5.413000632137895e-23, nan 
85.625, 89.375, 4.214459812711038e-23, nan 
85.875, 89.375, 5.578405546991983e-23, nan 
86.125, 89.375, 3.222923166038377e-23, nan 
86.375, 89.375, 5.874212560438839e-23, nan 
86.625, 89.375, 6.008916670616625e-23, nan 
86.875, 89.375, 6.59133241754064e-23, nan 
87.125, 89.375, 6.326317158002006e-23, nan 
87.375, 89.375, 3.6021579878444714e-23, nan 
87.625, 89.375, 6.052863397961292e-23, nan 
87.875, 89.375, 4.357539154070709e-23, nan 
88.125, 89.375, 5.943353842089843e-23, nan 
88.375, 89.375, 2.6526043672909645e-23, nan 
88.625, 89.375, 4.457740753398497e-23, nan 
88.875, 89.375, 3.892678888242126e-23, nan 
89.125, 89.375, 3.5670698547327203e-23, nan 
89.375, 89.375, 3.5414366488040146e-23, nan 
89.625, 89.375, 3.582901042463425e-23, nan 
89.875, 89.375, 3.797539201971418e-23, nan 
90.125, 89.375, 4.302035063809948e-23, nan 
90.375, 89.375, 4.184820743120598e-23, nan 
90.625, 89.375, 4.424168616227588e-23, nan 
90.875, 89.375, 4.358896322141611e-23, nan 
91.125, 89.375, 4.928579219022905e-23, nan 
91.375, 89.375, 5.382129029978224e-23, nan 
91.625, 89.375, 6.085993074843354e-23, nan 
91.875, 89.375, 6.373856246493317e-23, nan 
92.125, 89.375, 4.4742918517863736e-23, nan 
92.375, 89.375, 2.6175838413541957e-23, nan 
92.625, 89.375, 2.883684322858768e-23, nan 
92.875, 89.375, 2.7462505631527407e-23, nan 
93.125, 89.375, 3.045176088123364e-23, nan 
93.375, 89.375, 3.3332273960903636e-23, nan 
93.625, 89.375, 3.6336894955869584e-23, nan 
93.875, 89.375, 3.1503622474185184e-23, nan 
94.125, 89.375, 3.6416893978973543e-23, nan 
94.375, 89.375, 3.441647325480382e-23, nan 
94.625, 89.375, 3.963796107220082e-23, nan 
94.875, 89.375, 3.137741979646642e-23, nan 
95.125, 89.375, 3.6375047637822653e-23, nan 
95.375, 89.375, 3.4148839761826206e-23, nan 
95.625, 89.375, 3.559069867859607e-23, nan 
95.875, 89.375, 3.1300821459883835e-23, nan 
96.125, 89.375, 3.659883352279466e-23, nan 
96.375, 89.375, 3.0717585549781325e-23, nan 
96.625, 89.375, 3.722530231528535e-23, nan 
96.875, 89.375, 2.981009874546471e-23, nan 
97.125, 89.375, 3.119145032280678e-23, nan 
97.375, 89.375, 3.753178072343449e-23, nan 
97.625, 89.375, 3.345818063232372e-23, nan 
97.875, 89.375, 3.805016657655605e-23, nan 
98.125, 89.375, 3.292246634166681e-23, nan 
98.375, 89.375, 3.775678684928622e-23, nan 
98.625, 89.375, 3.4497879871840034e-23, nan 
98.875, 89.375, 3.7580092077911024e-23, nan 
99.125, 89.375, 3.46448628783313e-23, nan 
99.375, 89.375, 4.0421946386685423e-23, nan 
99.625, 89.375, 3.2859176701187867e-23, nan 
99.875, 89.375, 3.327824857390646e-23, nan 
100.125, 89.375, 3.2723682229570675e-23, nan 
100.375, 89.375, 3.491847636418837e-23, nan 
100.625, 89.375, 3.6291848862221384e-23, nan 
100.875, 89.375, 3.122854819874642e-23, nan 
101.125, 89.375, 3.5027315594443927e-23, nan 
101.375, 89.375, 3.148941327309824e-23, nan 
101.625, 89.375, 3.803227431641079e-23, nan 
101.875, 89.375, 3.106529110810038e-23, nan 
102.125, 89.375, 3.387461234216516e-23, nan 
102.375, 89.375, 3.6507259207933716e-23, nan 
102.625, 89.375, 3.1445786693059685e-23, nan 
102.875, 89.375, 5.321478435494583e-23, nan 
103.125, 89.375, 4.0610826245396266e-23, nan 
103.375, 89.375, 4.9234525778917634e-23, nan 
103.625, 89.375, 3.8324905814390547e-23, nan 
103.875, 89.375, 4.6541011717010843e-23, nan 
104.125, 89.375, 3.665855347299593e-23, nan 
104.375, 89.375, 4.0441076930099207e-23, nan 
104.625, 89.375, 3.588665589952381e-23, nan 
104.875, 89.375, 2.4692081470532447e-23, nan 
105.125, 89.375, 4.0432982484308644e-23, nan 
105.375, 89.375, 3.1176936751089616e-23, nan 
105.625, 89.375, 2.947505308697355e-23, nan 
105.875, 89.375, 3.1550910347871106e-23, nan 
106.125, 89.375, 3.027992507315898e-23, nan 
106.375, 89.375, 2.839206566613296e-23, nan 
106.625, 89.375, 3.2689420467450827e-23, nan 
106.875, 89.375, 2.713216135962842e-23, nan 
107.125, 89.375, 3.075269828066945e-23, nan 
107.375, 89.375, 3.1583345958319885e-23, nan 
107.625, 89.375, 3.158266567337825e-23, nan 
107.875, 89.375, 3.1500317703591164e-23, nan 
108.125, 89.375, 2.9677585538396256e-23, nan 
108.375, 89.375, 2.7291551337789454e-23, nan 
108.625, 89.375, 3.1529607404050264e-23, nan 
108.875, 89.375, 2.5216696049903284e-23, nan 
109.125, 89.375, 2.8406395504533096e-23, nan 
109.375, 89.375, 2.619517837835467e-23, nan 
109.625, 89.375, 2.3866163847417262e-23, nan 
109.875, 89.375, 2.6824864090028917e-23, nan 
110.125, 89.375, 3.8085381290157814e-23, nan 
110.375, 89.375, 2.4324715873351176e-23, nan 
110.625, 89.375, 3.0854986165787834e-23, nan 
110.875, 89.375, 2.433469779920361e-23, nan 
111.125, 89.375, 2.866231636695931e-23, nan 
111.375, 89.375, 3.058829371963712e-23, nan 
111.625, 89.375, 3.8355904846238115e-23, nan 
111.875, 89.375, 3.3692266750998627e-23, nan 
112.125, 89.375, 2.6262141290812686e-23, nan 
112.375, 89.375, 2.577016514487705e-23, nan 
112.625, 89.375, 2.942738184850902e-23, nan 
112.875, 89.375, 2.0206937651330824e-23, nan 
113.125, 89.375, 3.3470838466867376e-23, nan 
113.375, 89.375, 3.243720850807184e-23, nan 
113.625, 89.375, 2.9100427850604273e-23, nan 
113.875, 89.375, 3.096278832570101e-23, nan 
114.125, 89.375, 2.729937535582801e-23, nan 
114.375, 89.375, 3.621135931122027e-23, nan 
114.625, 89.375, 3.0703872476729796e-23, nan 
114.875, 89.375, 2.4043343546054226e-23, nan 
115.125, 89.375, 3.012278184163765e-23, nan 
115.375, 89.375, 3.4653517948571494e-23, nan 
115.625, 89.375, 1.6807717649478608e-23, nan 
115.875, 89.375, 1.697235581105541e-23, nan 
116.125, 89.375, 3.533376306315933e-23, nan 
116.375, 89.375, 2.614148862013152e-23, nan 
116.625, 89.375, 4.847887738667407e-23, nan 
116.875, 89.375, 2.1883572243983585e-23, nan 
117.125, 89.375, 2.172470127319928e-23, nan 
117.375, 89.375, 2.5003301437235543e-23, nan 
117.625, 89.375, 2.6443577583887225e-23, nan 
117.875, 89.375, 1.6316541213017138e-23, nan 
118.125, 89.375, 2.1684048120032423e-23, nan 
118.375, 89.375, 1.35338678722147e-23, nan 
118.625, 89.375, 2.531165949889597e-23, nan 
118.875, 89.375, 2.4417499783593788e-23, nan 
119.125, 89.375, 2.0488537596864575e-23, nan 
119.375, 89.375, 2.287418579515326e-23, nan 
119.625, 89.375, 2.450732055554162e-23, nan 
119.875, 89.375, 2.6514212929763623e-23, nan 
120.125, 89.375, 2.65472780472804e-23, nan 
120.375, 89.375, 3.0226854506686277e-23, nan 
120.625, 89.375, 1.2496739126224289e-23, nan 
120.875, 89.375, 2.6481249364789855e-23, nan 
121.125, 89.375, 2.1358130029184103e-23, nan 
121.375, 89.375, 3.041814641273699e-23, nan 
121.625, 89.375, 2.819683852001348e-23, nan 
121.875, 89.375, 3.5477739905424564e-23, nan 
122.125, 89.375, 2.8981227360108625e-23, nan 
122.375, 89.375, 2.5021907629850043e-23, nan 
122.625, 89.375, 2.6070865631959286e-23, nan 
122.875, 89.375, 4.470974367452566e-23, nan 
123.125, 89.375, 2.8023873501837586e-23, nan 
123.375, 89.375, 3.2443081442844365e-23, nan 
123.625, 89.375, 1.1097603300368096e-23, nan 
123.875, 89.375, 1.8061899056082787e-23, nan 
124.125, 89.375, 1.3280740873336034e-23, nan 
124.375, 89.375, 2.3250368781693548e-23, nan 
124.625, 89.375, 1.2698307526468423e-23, nan 
124.875, 89.375, 3.0966343523288736e-23, nan 
125.125, 89.375, 1.545960796747942e-23, nan 
125.375, 89.375, 1.9716542853596772e-23, nan 
125.625, 89.375, 1.4956767215323834e-23, nan 
125.875, 89.375, 3.007453655117443e-23, nan 
126.125, 89.375, 3.355145576549046e-23, nan 
126.375, 89.375, 4.4661326477769767e-23, nan 
126.625, 89.375, 3.943375513441382e-23, nan 
126.875, 89.375, 4.549219135627303e-23, nan 
127.125, 89.375, 5.592970942219194e-23, nan 
127.375, 89.375, 2.6579034667421334e-23, nan 
127.625, 89.375, 5.264985320562479e-23, nan 
127.875, 89.375, 2.657496798058859e-23, nan 
128.125, 89.375, 3.9509405640039386e-23, nan 
128.375, 89.375, 4.451912543049818e-23, nan 
128.625, 89.375, 4.2121174707396187e-23, nan 
128.875, 89.375, 5.031710820402327e-23, nan 
129.125, 89.375, 5.224478221282065e-23, nan 
129.375, 89.375, 3.1319842081262456e-23, nan 
129.625, 89.375, 5.472362250766761e-23, nan 
129.875, 89.375, 3.972724690831547e-23, nan 
130.125, 89.375, 6.031298881615635e-23, nan 
130.375, 89.375, 3.007306950213713e-23, nan 
130.625, 89.375, 3.3533210110138264e-23, nan 
130.875, 89.375, 4.665454659526579e-23, nan 
131.125, 89.375, 3.330987679484888e-23, nan 
131.375, 89.375, 5.838735857912864e-23, nan 
131.625, 89.375, 6.546945607196964e-23, nan 
131.875, 89.375, 4.4973059053123106e-23, nan 
132.125, 89.375, 5.009454318395059e-23, nan 
132.375, 89.375, 5.063134599018406e-23, nan 
132.625, 89.375, 2.794413764427638e-23, nan 
132.875, 89.375, 3.68825435541459e-23, nan 
133.125, 89.375, 5.16056582669377e-23, nan 
133.375, 89.375, 5.586189378673405e-23, nan 
133.625, 89.375, 3.898222813867331e-23, nan 
133.875, 89.375, 3.634947960787252e-23, nan 
134.125, 89.375, 3.750302486394476e-23, nan 
134.375, 89.375, 4.741847027170959e-23, nan 
134.625, 89.375, 3.925732849298657e-23, nan 
134.875, 89.375, 4.5858375474354466e-23, nan 
135.125, 89.375, 4.677813619939588e-23, nan 
135.375, 89.375, 4.566779825578924e-23, nan 
135.625, 89.375, 5.0031725665037404e-23, nan 
135.875, 89.375, 5.562111211270705e-23, nan 
136.125, 89.375, 4.3979065120781285e-23, nan 
136.375, 89.375, 4.889349502364341e-23, nan 
136.625, 89.375, 5.626487661696276e-23, nan 
136.875, 89.375, 4.7904567654152984e-23, nan 
137.125, 89.375, 4.8676073489058007e-23, nan 
137.375, 89.375, 4.629699601090989e-23, nan 
137.625, 89.375, 4.639924349209104e-23, nan 
137.875, 89.375, 4.5902244096583535e-23, nan 
138.125, 89.375, 4.145659737736479e-23, nan 
138.375, 89.375, 5.768043940261184e-23, nan 
138.625, 89.375, 6.984734469604827e-23, nan 
138.875, 89.375, 5.924729174072193e-23, nan 
139.125, 89.375, 4.9513160751575907e-23, nan 
139.375, 89.375, 7.737464519849812e-23, nan 
139.625, 89.375, 5.357049024317348e-23, nan 
139.875, 89.375, 5.336405304427528e-23, nan 
140.125, 89.375, 5.389707769631589e-23, nan 
140.375, 89.375, 5.342541467289517e-23, nan 
140.625, 89.375, 6.108125593718401e-23, nan 
140.875, 89.375, 4.918202330641594e-23, nan 
141.125, 89.375, 5.780950682648642e-23, nan 
141.375, 89.375, 5.413724685457332e-23, nan 
141.625, 89.375, 7.244251977543019e-23, nan 
141.875, 89.375, 5.404403839492008e-23, nan 
142.125, 89.375, 5.585180478936849e-23, nan 
142.375, 89.375, 6.033198155988869e-23, nan 
142.625, 89.375, 5.306913319133961e-23, nan 
142.875, 89.375, 5.566562948789998e-23, nan 
143.125, 89.375, 5.427001871088109e-23, nan 
143.375, 89.375, 6.208638275450901e-23, nan 
143.625, 89.375, 5.442092285636146e-23, nan 
143.875, 89.375, 6.654503868194561e-23, nan 
144.125, 89.375, 5.845582696330895e-23, nan 
144.375, 89.375, 5.68640001830582e-23, nan 
144.625, 89.375, 6.227749236463469e-23, nan 
144.875, 89.375, 6.113289175217168e-23, nan 
145.125, 89.375, 5.820752348503609e-23, nan 
145.375, 89.375, 5.67488656233494e-23, nan 
145.625, 89.375, 7.872145083478762e-23, nan 
145.875, 89.375, 5.779514627240369e-23, nan 
146.125, 89.375, 5.840387565782316e-23, nan 
146.375, 89.375, 6.056841381490502e-23, nan 
146.625, 89.375, 6.268620120642072e-23, nan 
146.875, 89.375, 7.574280467550924e-23, nan 
147.125, 89.375, 5.1723504342304654e-23, nan 
147.375, 89.375, 7.746114880625303e-23, nan 
147.625, 89.375, 5.902349246900957e-23, nan 
147.875, 89.375, 6.575366990032852e-23, nan 
148.125, 89.375, 6.17350804559927e-23, nan 
148.375, 89.375, 6.944389000320549e-23, nan 
148.625, 89.375, 7.159596507616357e-23, nan 
148.875, 89.375, 6.423535783853139e-23, nan 
149.125, 89.375, 6.426407088722559e-23, nan 
149.375, 89.375, 6.547578076786112e-23, nan 
149.625, 89.375, 7.083437981575231e-23, nan 
149.875, 89.375, 8.295193214110447e-23, nan 
150.125, 89.375, 6.311702241554183e-23, nan 
150.375, 89.375, 7.828132611349436e-23, nan 
150.625, 89.375, 6.24865042581996e-23, nan 
150.875, 89.375, 6.609216475062361e-23, nan 
151.125, 89.375, 6.83998344329132e-23, nan 
151.375, 89.375, 7.356540890704678e-23, nan 
151.625, 89.375, 7.868015332346473e-23, nan 
151.875, 89.375, 7.656912940247612e-23, nan 
152.125, 89.375, 6.355163942384339e-23, nan 
152.375, 89.375, 7.962308059068754e-23, nan 
152.625, 89.375, 6.734285716826001e-23, nan 
152.875, 89.375, 9.939452502752457e-23, nan 
153.125, 89.375, 6.996285234778104e-23, nan 
153.375, 89.375, 6.989907189278967e-23, nan 
153.625, 89.375, 7.390737093939813e-23, nan 
153.875, 89.375, 7.605215239714105e-23, nan 
154.125, 89.375, 1.063347452539304e-22, nan 
154.375, 89.375, 1.018959133625397e-22, nan 
154.625, 89.375, 8.133375546890088e-23, nan 
154.875, 89.375, 8.696690233474864e-23, nan 
155.125, 89.375, 8.348445967478119e-23, nan 
155.375, 89.375, 9.373267036539668e-23, nan 
155.625, 89.375, 8.3315607280212e-23, nan 
155.875, 89.375, 7.650405277825275e-23, nan 
156.125, 89.375, 8.959319343178775e-23, nan 
156.375, 89.375, 7.863058886728002e-23, nan 
156.625, 89.375, 7.650208232519272e-23, nan 
156.875, 89.375, 7.316837215906375e-23, nan 
157.125, 89.375, 7.529269489269991e-23, nan 
157.375, 89.375, 8.723473710658616e-23, nan 
157.625, 89.375, 9.467944708834947e-23, nan 
157.875, 89.375, 8.935831531204585e-23, nan 
158.125, 89.375, 9.180521120985366e-23, nan 
158.375, 89.375, 8.837297095148787e-23, nan 
158.625, 89.375, 8.824247480148819e-23, nan 
158.875, 89.375, 8.953311968327818e-23, nan 
159.125, 89.375, 9.413061706526896e-23, nan 
159.375, 89.375, 9.849651729517831e-23, nan 
159.625, 89.375, 9.591052588098981e-23, nan 
159.875, 89.375, 9.441762264594297e-23, nan 
160.125, 89.375, 9.245869655753424e-23, nan 
160.375, 89.375, 9.412140977719074e-23, nan 
160.625, 89.375, 8.920868750185904e-23, nan 
160.875, 89.375, 9.156825784735722e-23, nan 
161.125, 89.375, 9.529840303767367e-23, nan 
161.375, 89.375, 1.0139487810249398e-22, nan 
161.625, 89.375, 9.456450828334052e-23, nan 
161.875, 89.375, 9.519823077570441e-23, nan 
162.125, 89.375, 9.133552396204715e-23, nan 
162.375, 89.375, 8.668422978959866e-23, nan 
162.625, 89.375, 8.907412135047651e-23, nan 
162.875, 89.375, 8.595993643062953e-23, nan 
163.125, 89.375, 8.545369514180203e-23, nan 
163.375, 89.375, 8.406610373480327e-23, nan 
163.625, 89.375, 8.29679830302883e-23, nan 
163.875, 89.375, 8.391683495528147e-23, nan 
164.125, 89.375, 8.162494395467666e-23, nan 
164.375, 89.375, 1.1115151455037502e-22, nan 
164.625, 89.375, 7.378902821858611e-23, nan 
164.875, 89.375, 7.413808137936588e-23, nan 
165.125, 89.375, 7.206082698610966e-23, nan 
165.375, 89.375, 1.041464115794526e-22, nan 
165.625, 89.375, 7.834899313248165e-23, nan 
165.875, 89.375, 7.307160383921552e-23, nan 
166.125, 89.375, 7.766067522481531e-23, nan 
166.375, 89.375, 7.200716414387121e-23, nan 
166.625, 89.375, 9.240274620361507e-23, nan 
166.875, 89.375, 6.802343439686931e-23, nan 
167.125, 89.375, 7.134519873130328e-23, nan 
167.375, 89.375, 6.948135686596652e-23, nan 
167.625, 89.375, 6.849942521102149e-23, nan 
167.875, 89.375, 6.771848862236568e-23, nan 
168.125, 89.375, 6.618713695446812e-23, nan 
168.375, 89.375, 1.0319061767215421e-22, nan 
168.625, 89.375, 8.011258288901543e-23, nan 
168.875, 89.375, 8.444651809818297e-23, nan 
169.125, 89.375, 8.427367928384364e-23, nan 
169.375, 89.375, 9.128765868242658e-23, nan 
169.625, 89.375, 9.409297628233091e-23, nan 
169.875, 89.375, 9.170745223554622e-23, nan 
170.125, 89.375, 9.767675313031529e-23, nan 
170.375, 89.375, 9.629252710029705e-23, nan 
170.625, 89.375, 9.955472053824248e-23, nan 
170.875, 89.375, 1.0350285252615485e-22, nan 
171.125, 89.375, 1.0146591621049832e-22, nan 
171.375, 89.375, 8.570166289426515e-23, nan 
171.625, 89.375, 7.546425093127899e-23, nan 
171.875, 89.375, 9.724330965348931e-23, nan 
172.125, 89.375, 1.1754057315609878e-22, nan 
172.375, 89.375, 1.2593357873878346e-22, nan 
172.625, 89.375, 1.3049851130329643e-22, nan 
172.875, 89.375, 1.5016597637454843e-22, nan 
173.125, 89.375, 1.6831861484551677e-22, nan 
173.375, 89.375, 1.2239211295211176e-22, nan 
173.625, 89.375, 1.2908584772178434e-22, nan 
173.875, 89.375, 1.2437609360870187e-22, nan 
174.125, 89.375, 1.2791290678378073e-22, nan 
174.375, 89.375, 1.3045228634772948e-22, nan 
174.625, 89.375, 1.2888822585597972e-22, nan 
174.875, 89.375, 1.2728815175140915e-22, nan 
175.125, 89.375, 1.3882638815679874e-22, nan 
175.375, 89.375, 1.2859936663377558e-22, nan 
175.625, 89.375, 1.3709832940684637e-22, nan 
175.875, 89.375, 1.3265262527913877e-22, nan 
176.125, 89.375, 1.3106194606831828e-22, nan 
176.375, 89.375, 1.367202847587781e-22, nan 
176.625, 89.375, 1.3625185637740048e-22, nan 
176.875, 89.375, 1.5368645306444456e-22, nan 
177.125, 89.375, 1.457818051211873e-22, nan 
177.375, 89.375, 1.5260301288447658e-22, nan 
177.625, 89.375, 1.5957302617968709e-22, nan 
177.875, 89.375, 1.6984547113003366e-22, nan 
178.125, 89.375, 1.8036336321963498e-22, nan 
178.375, 89.375, 1.8989423185751431e-22, nan 
178.625, 89.375, 2.0479809182400336e-22, nan 
178.875, 89.375, 2.218382796048226e-22, nan 
179.125, 89.375, 2.448596819669397e-22, nan 
179.375, 89.375, 2.5352930655956967e-22, nan 
179.625, 89.375, 2.7250118674755003e-22, nan 
179.875, 89.375, 2.798830396270278e-22, nan 
-179.875, 89.625, 2.165688549946014e-23, nan 
-179.625, 89.625, 3.105454848229905e-23, nan 
-179.375, 89.625, 2.5632514974760385e-23, nan 
-179.125, 89.625, 2.8416670885755934e-23, nan 
-178.875, 89.625, 2.2808424889070068e-23, nan 
-178.625, 89.625, 2.7495763854028796e-23, nan 
-178.375, 89.625, 2.4445252817498584e-23, nan 
-178.125, 89.625, 2.1837699405779416e-23, nan 
-177.875, 89.625, 2.80118800178696e-23, nan 
-177.625, 89.625, 2.362825555578648e-23, nan 
-177.375, 89.625, 3.5010007883451584e-23, nan 
-177.125, 89.625, 2.2856430505469813e-23, nan 
-176.875, 89.625, 3.239581286375054e-23, nan 
-176.625, 89.625, 2.1345503029627087e-23, nan 
-176.375, 89.625, 2.730219742160311e-23, nan 
-176.125, 89.625, 1.7785124039184964e-23, nan 
-175.875, 89.625, 5.440830848084359e-24, nan 
-175.625, 89.625, 1.2346627542514393e-23, nan 
-175.375, 89.625, 2.282298262134806e-23, nan 
-175.125, 89.625, 1.6229519516099286e-23, nan 
-174.875, 89.625, 2.2450245381504396e-23, nan 
-174.625, 89.625, 2.846495762811907e-23, nan 
-174.375, 89.625, 2.2272048551587892e-23, nan 
-174.125, 89.625, 1.938150750520472e-23, nan 
-173.875, 89.625, 1.689311440980171e-23, nan 
-173.625, 89.625, 2.6407982413634644e-23, nan 
-173.375, 89.625, 1.6014914477380357e-23, nan 
-173.125, 89.625, 1.9761824483877345e-23, nan 
-172.875, 89.625, 1.6746891217516557e-23, nan 
-172.625, 89.625, 1.7759260141761226e-23, nan 
-172.375, 89.625, 2.1717301530528998e-23, nan 
-172.125, 89.625, 1.7448441149524535e-23, nan 
-171.875, 89.625, 2.7743673307719995e-23, nan 
-171.625, 89.625, 1.640003876828998e-23, nan 
-171.375, 89.625, 2.3859333699966862e-23, nan 
-171.125, 89.625, 1.8750200976506525e-23, nan 
-170.875, 89.625, 2.646652515768916e-23, nan 
-170.625, 89.625, 1.9151450958707417e-23, nan 
-170.375, 89.625, 2.059897296024673e-23, nan 
-170.125, 89.625, 2.0417121720482134e-23, nan 
-169.875, 89.625, 2.0881748168099242e-23, nan 
-169.625, 89.625, 1.3287084864134454e-23, nan 
-169.375, 89.625, 1.7201764472996636e-23, nan 
-169.125, 89.625, 1.596113696884486e-23, nan 
-168.875, 89.625, 1.6178948656460805e-23, nan 
-168.625, 89.625, 1.359545919147939e-23, nan 
-168.375, 89.625, 1.789020856265884e-23, nan 
-168.125, 89.625, 1.2658191201877259e-23, nan 
-167.875, 89.625, 1.7943036330499538e-23, nan 
-167.625, 89.625, 1.7094784980696813e-23, nan 
-167.375, 89.625, 1.5250354863425558e-23, nan 
-167.125, 89.625, 1.264759711704522e-23, nan 
-166.875, 89.625, 7.080215394555379e-24, nan 
-166.625, 89.625, 9.960088068418631e-24, nan 
-166.375, 89.625, 1.2372911946569579e-23, nan 
-166.125, 89.625, 1.3758352992861504e-23, nan 
-165.875, 89.625, 1.810695384210086e-23, nan 
-165.625, 89.625, 2.3907676359073956e-23, nan 
-165.375, 89.625, 1.565710969107324e-23, nan 
-165.125, 89.625, 1.148277652538686e-23, nan 
-164.875, 89.625, 1.3513485648682484e-23, nan 
-164.625, 89.625, 2.0822562646899943e-23, nan 
-164.375, 89.625, 1.276690032264838e-23, nan 
-164.125, 89.625, 9.429221569662533e-24, nan 
-163.875, 89.625, 1.1640211114884265e-23, nan 
-163.625, 89.625, 1.736729754669463e-23, nan 
-163.375, 89.625, 1.144222188159271e-23, nan 
-163.125, 89.625, 1.9284154784554346e-23, nan 
-162.875, 89.625, 1.1074259565720674e-23, nan 
-162.625, 89.625, 1.9736797487365323e-23, nan 
-162.375, 89.625, 1.729236386984985e-23, nan 
-162.125, 89.625, 2.0396427785736453e-23, nan 
-161.875, 89.625, 1.7655502344047775e-23, nan 
-161.625, 89.625, 2.095798900440848e-23, nan 
-161.375, 89.625, 1.6721917737546505e-23, nan 
-161.125, 89.625, 2.01600476258773e-23, nan 
-160.875, 89.625, 1.576128487650344e-23, nan 
-160.625, 89.625, 1.929604753830523e-23, nan 
-160.375, 89.625, 1.6219787587529172e-23, nan 
-160.125, 89.625, 1.7685516952428828e-23, nan 
-159.875, 89.625, 1.7981259373450347e-23, nan 
-159.625, 89.625, 1.8727049781444374e-23, nan 
-159.375, 89.625, 1.4749496958936917e-23, nan 
-159.125, 89.625, 1.8997692004600928e-23, nan 
-158.875, 89.625, 1.4819225954183053e-23, nan 
-158.625, 89.625, 1.9215313216205738e-23, nan 
-158.375, 89.625, 1.682643627987463e-23, nan 
-158.125, 89.625, 2.0946578964256225e-23, nan 
-157.875, 89.625, 1.810299708034457e-23, nan 
-157.625, 89.625, 1.8503344344651957e-23, nan 
-157.375, 89.625, 1.6625259547721662e-23, nan 
-157.125, 89.625, 1.859315580682833e-23, nan 
-156.875, 89.625, 1.5621840136759548e-23, nan 
-156.625, 89.625, 1.8822264036119168e-23, nan 
-156.375, 89.625, 1.85841895517775e-23, nan 
-156.125, 89.625, 2.0399304685471564e-23, nan 
-155.875, 89.625, 1.5203185763794793e-23, nan 
-155.625, 89.625, 2.15449586414224e-23, nan 
-155.375, 89.625, 1.9307035969612548e-23, nan 
-155.125, 89.625, 1.8709389381067048e-23, nan 
-154.875, 89.625, 1.3297927676676449e-23, nan 
-154.625, 89.625, 1.8213287698227988e-23, nan 
-154.375, 89.625, 9.757592244732068e-24, nan 
-154.125, 89.625, 1.6751795630516493e-23, nan 
-153.875, 89.625, 1.6509229898455882e-23, nan 
-153.625, 89.625, 2.323339980002825e-23, nan 
-153.375, 89.625, 1.5577706241306404e-23, nan 
-153.125, 89.625, 1.672663408436329e-23, nan 
-152.875, 89.625, 6.81685433944761e-24, nan 
-152.625, 89.625, 1.6636734439335335e-23, nan 
-152.375, 89.625, 1.662621959095314e-23, nan 
-152.125, 89.625, 2.3475932196845308e-23, nan 
-151.875, 89.625, 1.8365058264923967e-23, nan 
-151.625, 89.625, 1.5007478789667163e-23, nan 
-151.375, 89.625, 1.0106295710629732e-23, nan 
-151.125, 89.625, 1.4072612849674228e-23, nan 
-150.875, 89.625, 1.6090337199579368e-23, nan 
-150.625, 89.625, 2.2342993202478662e-23, nan 
-150.375, 89.625, 2.268502985377611e-23, nan 
-150.125, 89.625, 1.918065306626876e-23, nan 
-149.875, 89.625, 1.5588717948290286e-23, nan 
-149.625, 89.625, 2.0154102297762056e-23, nan 
-149.375, 89.625, 1.9293267891719533e-23, nan 
-149.125, 89.625, 1.0060582623886696e-23, nan 
-148.875, 89.625, 1.878074004381168e-23, nan 
-148.625, 89.625, 1.7398263496289523e-23, nan 
-148.375, 89.625, 2.045432793718844e-23, nan 
-148.125, 89.625, 1.4329134946052548e-23, nan 
-147.875, 89.625, 1.8533216363141918e-23, nan 
-147.625, 89.625, 1.481770152374433e-23, nan 
-147.375, 89.625, 2.2894595475729117e-23, nan 
-147.125, 89.625, 1.775795389521929e-23, nan 
-146.875, 89.625, 1.9216806287076724e-23, nan 
-146.625, 89.625, 1.8107386424107732e-23, nan 
-146.375, 89.625, 2.0146795826029953e-23, nan 
-146.125, 89.625, 1.45423440365068e-23, nan 
-145.875, 89.625, 1.8578146573086412e-23, nan 
-145.625, 89.625, 1.963706756557388e-23, nan 
-145.375, 89.625, 2.2242201239122078e-23, nan 
-145.125, 89.625, 2.1001637646252745e-23, nan 
-144.875, 89.625, 2.4125375087109284e-23, nan 
-144.625, 89.625, 1.4551547254628385e-23, nan 
-144.375, 89.625, 1.9683501830561082e-23, nan 
-144.125, 89.625, 7.440053520369104e-24, nan 
-143.875, 89.625, 1.876657014925804e-23, nan 
-143.625, 89.625, 1.469877914695072e-23, nan 
-143.375, 89.625, 1.8519422740682273e-23, nan 
-143.125, 89.625, 7.669293483336723e-24, nan 
-142.875, 89.625, 2.0021834589881162e-23, nan 
-142.625, 89.625, 1.5248818292757794e-23, nan 
-142.375, 89.625, 1.81543479232177e-23, nan 
-142.125, 89.625, 1.6830011021679908e-23, nan 
-141.875, 89.625, 9.78109163136062e-24, nan 
-141.625, 89.625, 3.875242365571582e-24, nan 
-141.375, 89.625, 8.395835682538943e-24, nan 
-141.125, 89.625, 8.458860163926703e-24, nan 
-140.875, 89.625, 5.07148039097972e-24, nan 
-140.625, 89.625, 6.44596608105732e-24, nan 
-140.375, 89.625, 2.4744022541556064e-23, nan 
-140.125, 89.625, 1.6441287851327625e-23, nan 
-139.875, 89.625, 2.2412733245993143e-23, nan 
-139.625, 89.625, 1.6355308435005467e-23, nan 
-139.375, 89.625, 2.0107505752414756e-23, nan 
-139.125, 89.625, 6.5529589334351565e-24, nan 
-138.875, 89.625, 1.5004897594621617e-23, nan 
-138.625, 89.625, 1.0368309880640574e-23, nan 
-138.375, 89.625, 1.5835431592857045e-23, nan 
-138.125, 89.625, 9.332943160912033e-24, nan 
-137.875, 89.625, 1.2264422008542556e-23, nan 
-137.625, 89.625, 9.565792045638988e-24, nan 
-137.375, 89.625, 1.4153094236167075e-23, nan 
-137.125, 89.625, 1.2055257366424309e-23, nan 
-136.875, 89.625, 6.441290970104555e-24, nan 
-136.625, 89.625, 1.1501278453365439e-23, nan 
-136.375, 89.625, 8.46054852895019e-24, nan 
-136.125, 89.625, 8.749409130310921e-24, nan 
-135.875, 89.625, 5.87728736012264e-24, nan 
-135.625, 89.625, 9.847015279030035e-24, nan 
-135.375, 89.625, 1.186356201643424e-23, nan 
-135.125, 89.625, 1.0919968401573576e-23, nan 
-134.875, 89.625, 8.00945888327281e-24, nan 
-134.625, 89.625, 1.1189219699615267e-23, nan 
-134.375, 89.625, 8.479639540832788e-24, nan 
-134.125, 89.625, 1.2666951444156315e-23, nan 
-133.875, 89.625, 1.147265429654601e-23, nan 
-133.625, 89.625, 1.4477482215122343e-23, nan 
-133.375, 89.625, 7.04893404102849e-24, nan 
-133.125, 89.625, 7.695479462172728e-24, nan 
-132.875, 89.625, 6.68952084264895e-24, nan 
-132.625, 89.625, 6.433738041716645e-24, nan 
-132.375, 89.625, 1.289684014352332e-23, nan 
-132.125, 89.625, 9.086335410722518e-24, nan 
-131.875, 89.625, 8.571436012665975e-24, nan 
-131.625, 89.625, 6.011184106770384e-24, nan 
-131.375, 89.625, 7.768037848895304e-24, nan 
-131.125, 89.625, 7.652622614429983e-24, nan 
-130.875, 89.625, 5.633644016386728e-24, nan 
-130.625, 89.625, 1.3915403751432158e-23, nan 
-130.375, 89.625, 1.3189187465627832e-23, nan 
-130.125, 89.625, 1.5897113245244454e-23, nan 
-129.875, 89.625, 1.204662371006031e-23, nan 
-129.625, 89.625, 1.3747712471219063e-23, nan 
-129.375, 89.625, 1.0471076959883241e-23, nan 
-129.125, 89.625, 9.913288324791951e-24, nan 
-128.875, 89.625, 9.446890825039207e-24, nan 
-128.625, 89.625, 4.9399720818435805e-24, nan 
-128.375, 89.625, 5.0431261696413645e-24, nan 
-128.125, 89.625, 4.279034373443186e-24, nan 
-127.875, 89.625, 8.00032384515452e-24, nan 
-127.625, 89.625, 8.723899982835286e-24, nan 
-127.375, 89.625, 1.1462389312185257e-23, nan 
-127.125, 89.625, 5.9648780908339174e-24, nan 
-126.875, 89.625, 6.543325268474463e-24, nan 
-126.625, 89.625, 1.1301231864134258e-23, nan 
-126.375, 89.625, 1.027490287831811e-23, nan 
-126.125, 89.625, 8.715631030578807e-24, nan 
-125.875, 89.625, 5.9765497783587445e-24, nan 
-125.625, 89.625, 1.1382847554966173e-23, nan 
-125.375, 89.625, 8.693264377308098e-24, nan 
-125.125, 89.625, 8.545456017502e-24, nan 
-124.875, 89.625, 1.0404375523272549e-23, nan 
-124.625, 89.625, 6.5223646610860854e-24, nan 
-124.375, 89.625, 1.321282378683094e-23, nan 
-124.125, 89.625, 8.963700155137433e-24, nan 
-123.875, 89.625, 7.783538066832362e-24, nan 
-123.625, 89.625, 7.094875925768122e-24, nan 
-123.375, 89.625, 6.0108211198247976e-24, nan 
-123.125, 89.625, 9.608775195115911e-24, nan 
-122.875, 89.625, 5.957632732840709e-24, nan 
-122.625, 89.625, 6.234648708130207e-24, nan 
-122.375, 89.625, 1.1155755749779564e-23, nan 
-122.125, 89.625, 6.080416324291297e-24, nan 
-121.875, 89.625, 5.239042712298496e-24, nan 
-121.625, 89.625, 5.138176154494408e-24, nan 
-121.375, 89.625, 1.0227548381723926e-23, nan 
-121.125, 89.625, 8.590041314475946e-24, nan 
-120.875, 89.625, 9.720842759136019e-24, nan 
-120.625, 89.625, 6.422581187317816e-24, nan 
-120.375, 89.625, 6.34622497665054e-24, nan 
-120.125, 89.625, 6.65601708435883e-24, nan 
-119.875, 89.625, 4.538175673774903e-24, nan 
-119.625, 89.625, 2.8599157564440404e-24, nan 
-119.375, 89.625, 5.245719781002229e-24, nan 
-119.125, 89.625, 2.514069103303023e-24, nan 
-118.875, 89.625, 4.74291336624e-24, nan 
-118.625, 89.625, 8.608433404522183e-24, nan 
-118.375, 89.625, 9.487431594426413e-24, nan 
-118.125, 89.625, 4.079395394433115e-24, nan 
-117.875, 89.625, 4.237477364743728e-24, nan 
-117.625, 89.625, 8.893154466009123e-24, nan 
-117.375, 89.625, 3.8512546028147165e-24, nan 
-117.125, 89.625, 4.7594766159993446e-24, nan 
-116.875, 89.625, 2.0404008380046015e-24, nan 
-116.625, 89.625, 4.702176579469984e-24, nan 
-116.375, 89.625, 4.1018127722267574e-24, nan 
-116.125, 89.625, 9.092847820201016e-24, nan 
-115.875, 89.625, 1.7784481112917275e-24, nan 
-115.625, 89.625, 6.250754030682994e-24, nan 
-115.375, 89.625, 4.645795563005441e-24, nan 
-115.125, 89.625, 4.045995320528006e-24, nan 
-114.875, 89.625, 6.62400649765431e-24, nan 
-114.625, 89.625, 4.161363094348353e-24, nan 
-114.375, 89.625, 7.662123176814362e-24, nan 
-114.125, 89.625, 1.0792963231895973e-23, nan 
-113.875, 89.625, 1.2008521116096842e-23, nan 
-113.625, 89.625, 1.3593801598472532e-23, nan 
-113.375, 89.625, 1.7369693045000882e-23, nan 
-113.125, 89.625, 1.343133137008169e-23, nan 
-112.875, 89.625, 1.32140612104288e-23, nan 
-112.625, 89.625, 1.2027174746133284e-23, nan 
-112.375, 89.625, 1.4340942758651576e-23, nan 
-112.125, 89.625, 9.317656560562275e-24, nan 
-111.875, 89.625, 2.198146175224312e-23, nan 
-111.625, 89.625, 7.814895161435222e-24, nan 
-111.375, 89.625, 1.5907295235637503e-23, nan 
-111.125, 89.625, 1.546331260619058e-23, nan 
-110.875, 89.625, 1.6727603088613237e-23, nan 
-110.625, 89.625, 1.2232002452259214e-23, nan 
-110.375, 89.625, 1.324524901103863e-23, nan 
-110.125, 89.625, 1.3616780125562714e-23, nan 
-109.875, 89.625, 1.3010433677351878e-23, nan 
-109.625, 89.625, 1.224859800967721e-23, nan 
-109.375, 89.625, 1.2562143682719966e-23, nan 
-109.125, 89.625, 2.112888721386237e-23, nan 
-108.875, 89.625, 1.5833590524232844e-23, nan 
-108.625, 89.625, 1.8299173420925898e-23, nan 
-108.375, 89.625, 1.6376937879131063e-23, nan 
-108.125, 89.625, 1.692026731873643e-23, nan 
-107.875, 89.625, 1.3099486407748555e-23, nan 
-107.625, 89.625, 1.643407273614699e-23, nan 
-107.375, 89.625, 2.210943428150926e-23, nan 
-107.125, 89.625, 2.330124069652732e-23, nan 
-106.875, 89.625, 2.340992296775289e-23, nan 
-106.625, 89.625, 2.3084090682788138e-23, nan 
-106.375, 89.625, 2.1825444227489564e-23, nan 
-106.125, 89.625, 2.0373145269701807e-23, nan 
-105.875, 89.625, 1.925144671065971e-23, nan 
-105.625, 89.625, 2.1003302637028178e-23, nan 
-105.375, 89.625, 2.1100024546640236e-23, nan 
-105.125, 89.625, 2.240324537811432e-23, nan 
-104.875, 89.625, 1.2821441930168576e-23, nan 
-104.625, 89.625, 2.16718924827069e-23, nan 
-104.375, 89.625, 1.5276284855022725e-23, nan 
-104.125, 89.625, 2.018469343203223e-23, nan 
-103.875, 89.625, 1.517823197201735e-23, nan 
-103.625, 89.625, 1.7629769734361274e-23, nan 
-103.375, 89.625, 1.510950828347034e-23, nan 
-103.125, 89.625, 1.6426837703774533e-23, nan 
-102.875, 89.625, 1.1161230464504264e-23, nan 
-102.625, 89.625, 1.7920800605321656e-23, nan 
-102.375, 89.625, 1.4445483872683315e-23, nan 
-102.125, 89.625, 1.0934203043649899e-23, nan 
-101.875, 89.625, 1.5930312108482386e-23, nan 
-101.625, 89.625, 1.6896547545381886e-23, nan 
-101.375, 89.625, 1.4292558831468275e-23, nan 
-101.125, 89.625, 1.6211465041837608e-23, nan 
-100.875, 89.625, 1.322354793109006e-23, nan 
-100.625, 89.625, 1.1220418743066674e-23, nan 
-100.375, 89.625, 1.7787754515991477e-23, nan 
-100.125, 89.625, 1.4715331170801453e-23, nan 
-99.875, 89.625, 1.6252035765567497e-23, nan 
-99.625, 89.625, 1.308845454285864e-23, nan 
-99.375, 89.625, 1.504323691900501e-23, nan 
-99.125, 89.625, 6.871981100534583e-24, nan 
-98.875, 89.625, 1.226067485886781e-23, nan 
-98.625, 89.625, 1.0579026783933777e-23, nan 
-98.375, 89.625, 1.459653262328966e-23, nan 
-98.125, 89.625, 1.2910110613649929e-23, nan 
-97.875, 89.625, 1.5851051313455294e-23, nan 
-97.625, 89.625, 1.3114502319676812e-23, nan 
-97.375, 89.625, 1.2723694292297533e-23, nan 
-97.125, 89.625, 1.0731968977777836e-23, nan 
-96.875, 89.625, 1.2127861863136287e-23, nan 
-96.625, 89.625, 1.5071285493462016e-23, nan 
-96.375, 89.625, 1.1431512737701254e-23, nan 
-96.125, 89.625, 1.4593340828674772e-23, nan 
-95.875, 89.625, 1.4493528690588936e-23, nan 
-95.625, 89.625, 1.3172116376625492e-23, nan 
-95.375, 89.625, 1.4414837740365945e-23, nan 
-95.125, 89.625, 1.4466539104759377e-23, nan 
-94.875, 89.625, 1.6086590408008313e-23, nan 
-94.625, 89.625, 1.4382574796793345e-23, nan 
-94.375, 89.625, 1.2647694529965225e-23, nan 
-94.125, 89.625, 1.6122001292615504e-23, nan 
-93.875, 89.625, 1.2658757353044558e-23, nan 
-93.625, 89.625, 1.1723042357407602e-23, nan 
-93.375, 89.625, 1.0953216570660444e-23, nan 
-93.125, 89.625, 1.2884395685715235e-23, nan 
-92.875, 89.625, 8.909011831974055e-24, nan 
-92.625, 89.625, 1.4910435517774343e-23, nan 
-92.375, 89.625, 1.2696783862275399e-23, nan 
-92.125, 89.625, 1.1192113570889601e-23, nan 
-91.875, 89.625, 1.568775906683317e-23, nan 
-91.625, 89.625, 1.9317732707581732e-23, nan 
-91.375, 89.625, 1.4826228337475877e-23, nan 
-91.125, 89.625, 1.686354190215275e-23, nan 
-90.875, 89.625, 1.4037924456330724e-23, nan 
-90.625, 89.625, 1.7884311171792458e-23, nan 
-90.375, 89.625, 1.8551272128662647e-23, nan 
-90.125, 89.625, 1.8656629624871373e-23, nan 
-89.875, 89.625, 1.8931948642746078e-23, nan 
-89.625, 89.625, 1.9688303561312874e-23, nan 
-89.375, 89.625, 2.165821003945038e-23, nan 
-89.125, 89.625, 2.135788885735228e-23, nan 
-88.875, 89.625, 2.1834417783830393e-23, nan 
-88.625, 89.625, 2.2877968474405244e-23, nan 
-88.375, 89.625, 2.3168064507459776e-23, nan 
-88.125, 89.625, 2.6485988304545757e-23, nan 
-87.875, 89.625, 2.6828207447010704e-23, nan 
-87.625, 89.625, 2.982116120092817e-23, nan 
-87.375, 89.625, 2.7155210673571084e-23, nan 
-87.125, 89.625, 2.459622859307433e-23, nan 
-86.875, 89.625, 2.5802418623862496e-23, nan 
-86.625, 89.625, 3.150023491001642e-23, nan 
-86.375, 89.625, 3.0337971196505697e-23, nan 
-86.125, 89.625, 2.5898283904245383e-23, nan 
-85.875, 89.625, 2.369497431686136e-23, nan 
-85.625, 89.625, 1.9752776135317934e-23, nan 
-85.375, 89.625, 1.700937377320184e-23, nan 
-85.125, 89.625, 1.2711774268901964e-23, nan 
-84.875, 89.625, 1.8944820245119932e-23, nan 
-84.625, 89.625, 1.4523678005123325e-23, nan 
-84.375, 89.625, 1.407275858830506e-23, nan 
-84.125, 89.625, 1.4424742857066215e-23, nan 
-83.875, 89.625, 1.5644080950054565e-23, nan 
-83.625, 89.625, 1.8771204282764888e-23, nan 
-83.375, 89.625, 2.0744962882034554e-23, nan 
-83.125, 89.625, 1.9197575345971788e-23, nan 
-82.875, 89.625, 1.7443791039917002e-23, nan 
-82.625, 89.625, 1.8729286764956008e-23, nan 
-82.375, 89.625, 1.5647951161543775e-23, nan 
-82.125, 89.625, 1.699200696441777e-23, nan 
-81.875, 89.625, 1.754123438090174e-23, nan 
-81.625, 89.625, 1.8513411138047387e-23, nan 
-81.375, 89.625, 1.6514993003117102e-23, nan 
-81.125, 89.625, 2.2290662094228183e-23, nan 
-80.875, 89.625, 1.9056743325059874e-23, nan 
-80.625, 89.625, 1.6337114881362235e-23, nan 
-80.375, 89.625, 1.696905344779377e-23, nan 
-80.125, 89.625, 1.6790289538911586e-23, nan 
-79.875, 89.625, 2.3275257696194618e-23, nan 
-79.625, 89.625, 2.6359494103440705e-23, nan 
-79.375, 89.625, 2.848008324341359e-23, nan 
-79.125, 89.625, 2.874321271861866e-23, nan 
-78.875, 89.625, 3.036758277374225e-23, nan 
-78.625, 89.625, 3.0820060611648906e-23, nan 
-78.375, 89.625, 2.9140756610262356e-23, nan 
-78.125, 89.625, 2.4958546358986377e-23, nan 
-77.875, 89.625, 2.8734538025838767e-23, nan 
-77.625, 89.625, 3.0376279959611446e-23, nan 
-77.375, 89.625, 2.791329979877591e-23, nan 
-77.125, 89.625, 3.1098613147045495e-23, nan 
-76.875, 89.625, 3.191228774659143e-23, nan 
-76.625, 89.625, 3.5908706741393883e-23, nan 
-76.375, 89.625, 3.8643342698642613e-23, nan 
-76.125, 89.625, 3.380712788165868e-23, nan 
-75.875, 89.625, 3.465647694976162e-23, nan 
-75.625, 89.625, 3.4755474831099007e-23, nan 
-75.375, 89.625, 3.3827620248813315e-23, nan 
-75.125, 89.625, 3.6932773997450493e-23, nan 
-74.875, 89.625, 3.528095051692574e-23, nan 
-74.625, 89.625, 3.401200090089629e-23, nan 
-74.375, 89.625, 3.6202111038548784e-23, nan 
-74.125, 89.625, 3.593680208665958e-23, nan 
-73.875, 89.625, 3.5597512823845216e-23, nan 
-73.625, 89.625, 3.7486631722292024e-23, nan 
-73.375, 89.625, 3.474273330235352e-23, nan 
-73.125, 89.625, 3.534637250646636e-23, nan 
-72.875, 89.625, 3.531577230020206e-23, nan 
-72.625, 89.625, 3.7864982687244243e-23, nan 
-72.375, 89.625, 3.7267412873800584e-23, nan 
-72.125, 89.625, 3.9321099257351024e-23, nan 
-71.875, 89.625, 3.5957766085503285e-23, nan 
-71.625, 89.625, 3.7107748592683145e-23, nan 
-71.375, 89.625, 3.689787596586546e-23, nan 
-71.125, 89.625, 4.109587038940172e-23, nan 
-70.875, 89.625, 4.159655061930969e-23, nan 
-70.625, 89.625, 3.7558056154483167e-23, nan 
-70.375, 89.625, 3.518763756312222e-23, nan 
-70.125, 89.625, 3.5101208478927524e-23, nan 
-69.875, 89.625, 4.3160764426891095e-23, nan 
-69.625, 89.625, 3.894150145383842e-23, nan 
-69.375, 89.625, 3.705201946095846e-23, nan 
-69.125, 89.625, 3.3200252501771075e-23, nan 
-68.875, 89.625, 3.178566111959204e-23, nan 
-68.625, 89.625, 3.553817095906505e-23, nan 
-68.375, 89.625, 3.6213584596302463e-23, nan 
-68.125, 89.625, 3.483683678465703e-23, nan 
-67.875, 89.625, 3.4386865312600716e-23, nan 
-67.625, 89.625, 3.290455140969368e-23, nan 
-67.375, 89.625, 3.260801969640388e-23, nan 
-67.125, 89.625, 3.6328494386028297e-23, nan 
-66.875, 89.625, 3.3515327082252614e-23, nan 
-66.625, 89.625, 3.4387167527767486e-23, nan 
-66.375, 89.625, 3.2350217537408213e-23, nan 
-66.125, 89.625, 3.6652440666447504e-23, nan 
-65.875, 89.625, 3.7204205947950726e-23, nan 
-65.625, 89.625, 3.665229945915063e-23, nan 
-65.375, 89.625, 3.8183495856487744e-23, nan 
-65.125, 89.625, 3.703598767632383e-23, nan 
-64.875, 89.625, 3.4172469133021847e-23, nan 
-64.625, 89.625, 3.869383825517452e-23, nan 
-64.375, 89.625, 3.418197776331919e-23, nan 
-64.125, 89.625, 3.9047688767258376e-23, nan 
-63.875, 89.625, 3.6331988980771345e-23, nan 
-63.625, 89.625, 3.757745773908243e-23, nan 
-63.375, 89.625, 3.697511528217757e-23, nan 
-63.125, 89.625, 4.334109382831122e-23, nan 
-62.875, 89.625, 3.86479775597135e-23, nan 
-62.625, 89.625, 3.3565886231914105e-23, nan 
-62.375, 89.625, 3.2562288910184425e-23, nan 
-62.125, 89.625, 3.4946113483411685e-23, nan 
-61.875, 89.625, 3.8183328534276566e-23, nan 
-61.625, 89.625, 4.712784596957187e-23, nan 
-61.375, 89.625, 5.299753654701996e-23, nan 
-61.125, 89.625, 5.494101923630052e-23, nan 
-60.875, 89.625, 5.556631838951192e-23, nan 
-60.625, 89.625, 4.4021598208642516e-23, nan 
-60.375, 89.625, 3.4560181947329645e-23, nan 
-60.125, 89.625, 3.25047591776713e-23, nan 
-59.875, 89.625, 3.6760624008335194e-23, nan 
-59.625, 89.625, 3.683647419867475e-23, nan 
-59.375, 89.625, 3.965886873006587e-23, nan 
-59.125, 89.625, 3.2511226191738555e-23, nan 
-58.875, 89.625, 2.439088138737779e-23, nan 
-58.625, 89.625, 2.214774174982288e-23, nan 
-58.375, 89.625, 2.210507408631337e-23, nan 
-58.125, 89.625, 2.1376166064947196e-23, nan 
-57.875, 89.625, 1.8942034747884002e-23, nan 
-57.625, 89.625, 2.1675526746813653e-23, nan 
-57.375, 89.625, 1.8972429739019355e-23, nan 
-57.125, 89.625, 2.5091809802952044e-23, nan 
-56.875, 89.625, 3.019844247945839e-23, nan 
-56.625, 89.625, 3.227631276271857e-23, nan 
-56.375, 89.625, 3.497140397351823e-23, nan 
-56.125, 89.625, 3.5287750730055777e-23, nan 
-55.875, 89.625, 3.6423469797149023e-23, nan 
-55.625, 89.625, 3.699470591013087e-23, nan 
-55.375, 89.625, 3.432620040809718e-23, nan 
-55.125, 89.625, 3.515102057703618e-23, nan 
-54.875, 89.625, 3.803972017581382e-23, nan 
-54.625, 89.625, 3.5915805513657905e-23, nan 
-54.375, 89.625, 3.673271176638465e-23, nan 
-54.125, 89.625, 3.556536661600271e-23, nan 
-53.875, 89.625, 3.4717835195474256e-23, nan 
-53.625, 89.625, 3.3852769282574815e-23, nan 
-53.375, 89.625, 2.9440744706742194e-23, nan 
-53.125, 89.625, 1.9014598640032322e-23, nan 
-52.875, 89.625, 2.652431245880858e-23, nan 
-52.625, 89.625, 3.740391952598855e-23, nan 
-52.375, 89.625, 3.760002925258202e-23, nan 
-52.125, 89.625, 3.143748781736728e-23, nan 
-51.875, 89.625, 3.413756216765082e-23, nan 
-51.625, 89.625, 3.5880285197311556e-23, nan 
-51.375, 89.625, 3.9735896987505353e-23, nan 
-51.125, 89.625, 3.5993964778972336e-23, nan 
-50.875, 89.625, 3.6064051958981305e-23, nan 
-50.625, 89.625, 3.839110581807636e-23, nan 
-50.375, 89.625, 4.719669111148372e-23, nan 
-50.125, 89.625, 4.2638327973830345e-23, nan 
-49.875, 89.625, 4.19742267219121e-23, nan 
-49.625, 89.625, 3.9934712453419656e-23, nan 
-49.375, 89.625, 4.379576002684468e-23, nan 
-49.125, 89.625, 3.543344013463699e-23, nan 
-48.875, 89.625, 3.612856660170052e-23, nan 
-48.625, 89.625, 3.4081685290595244e-23, nan 
-48.375, 89.625, 4.241678204180903e-23, nan 
-48.125, 89.625, 3.862004781821565e-23, nan 
-47.875, 89.625, 3.457456411487136e-23, nan 
-47.625, 89.625, 3.028771464473488e-23, nan 
-47.375, 89.625, 2.7172495132523294e-23, nan 
-47.125, 89.625, 2.7100595371965897e-23, nan 
-46.875, 89.625, 2.3744918326262703e-23, nan 
-46.625, 89.625, 3.0115083919206107e-23, nan 
-46.375, 89.625, 5.0868603619642683e-23, nan 
-46.125, 89.625, 4.079423218304697e-23, nan 
-45.875, 89.625, 3.4170285388079957e-23, nan 
-45.625, 89.625, 3.770512321124383e-23, nan 
-45.375, 89.625, 4.138507899494796e-23, nan 
-45.125, 89.625, 3.4217025876535797e-23, nan 
-44.875, 89.625, 2.701730731836056e-23, nan 
-44.625, 89.625, 3.444030529297879e-23, nan 
-44.375, 89.625, 4.1928818289341395e-23, nan 
-44.125, 89.625, 4.7439505623611e-23, nan 
-43.875, 89.625, 4.0662900824491054e-23, nan 
-43.625, 89.625, 3.0619613283992e-23, nan 
-43.375, 89.625, 3.5549261623640614e-23, nan 
-43.125, 89.625, 3.66660215435133e-23, nan 
-42.875, 89.625, 3.665854078586533e-23, nan 
-42.625, 89.625, 3.333159825535591e-23, nan 
-42.375, 89.625, 3.7285039578750945e-23, nan 
-42.125, 89.625, 3.360660303320659e-23, nan 
-41.875, 89.625, 2.984299329726401e-23, nan 
-41.625, 89.625, 3.175025976655398e-23, nan 
-41.375, 89.625, 3.3752513808633903e-23, nan 
-41.125, 89.625, 3.3595100484121765e-23, nan 
-40.875, 89.625, 3.428473164640794e-23, nan 
-40.625, 89.625, 3.5929737737909194e-23, nan 
-40.375, 89.625, 3.684038085534937e-23, nan 
-40.125, 89.625, 3.573218367741865e-23, nan 
-39.875, 89.625, 3.951705320295911e-23, nan 
-39.625, 89.625, 3.4802328059670114e-23, nan 
-39.375, 89.625, 3.9609405946078283e-23, nan 
-39.125, 89.625, 3.849857991033694e-23, nan 
-38.875, 89.625, 3.913333332635897e-23, nan 
-38.625, 89.625, 3.928131435657706e-23, nan 
-38.375, 89.625, 4.297660435594051e-23, nan 
-38.125, 89.625, 4.555420484827492e-23, nan 
-37.875, 89.625, 4.2283494460116295e-23, nan 
-37.625, 89.625, 4.0636820940658155e-23, nan 
-37.375, 89.625, 4.2647060084284885e-23, nan 
-37.125, 89.625, 4.8674955771617695e-23, nan 
-36.875, 89.625, 4.4969403479009214e-23, nan 
-36.625, 89.625, 4.578576774706622e-23, nan 
-36.375, 89.625, 4.2629260078124344e-23, nan 
-36.125, 89.625, 4.749470768271133e-23, nan 
-35.875, 89.625, 4.6241437380853346e-23, nan 
-35.625, 89.625, 4.60101464590739e-23, nan 
-35.375, 89.625, 4.4802967927266e-23, nan 
-35.125, 89.625, 4.712269659436508e-23, nan 
-34.875, 89.625, 4.709704848329317e-23, nan 
-34.625, 89.625, 4.852478770625683e-23, nan 
-34.375, 89.625, 4.785787244370896e-23, nan 
-34.125, 89.625, 4.88948183052191e-23, nan 
-33.875, 89.625, 4.775652098650386e-23, nan 
-33.625, 89.625, 4.860648110155486e-23, nan 
-33.375, 89.625, 5.003911724494102e-23, nan 
-33.125, 89.625, 4.708238215306913e-23, nan 
-32.875, 89.625, 5.403110154652116e-23, nan 
-32.625, 89.625, 4.8626247630455474e-23, nan 
-32.375, 89.625, 4.5254446370165704e-23, nan 
-32.125, 89.625, 5.0571672793385383e-23, nan 
-31.875, 89.625, 5.079185653084016e-23, nan 
-31.625, 89.625, 5.304162433850761e-23, nan 
-31.375, 89.625, 5.0597939233843565e-23, nan 
-31.125, 89.625, 5.119316918595886e-23, nan 
-30.875, 89.625, 4.647468392058177e-23, nan 
-30.625, 89.625, 4.701097660761014e-23, nan 
-30.375, 89.625, 4.314970714936187e-23, nan 
-30.125, 89.625, 4.357845314531427e-23, nan 
-29.875, 89.625, 4.644747124434335e-23, nan 
-29.625, 89.625, 4.783942209815068e-23, nan 
-29.375, 89.625, 5.004098863133461e-23, nan 
-29.125, 89.625, 4.9026392823309795e-23, nan 
-28.875, 89.625, 4.822609770843502e-23, nan 
-28.625, 89.625, 4.991904579716099e-23, nan 
-28.375, 89.625, 4.9701574648609885e-23, nan 
-28.125, 89.625, 5.2465233655021496e-23, nan 
-27.875, 89.625, 5.047230269689476e-23, nan 
-27.625, 89.625, 4.879212762043328e-23, nan 
-27.375, 89.625, 5.443790639676201e-23, nan 
-27.125, 89.625, 4.7823327526511416e-23, nan 
-26.875, 89.625, 4.6892568931615374e-23, nan 
-26.625, 89.625, 4.924649350427527e-23, nan 
-26.375, 89.625, 5.306822763196997e-23, nan 
-26.125, 89.625, 4.1027993606576095e-23, nan 
-25.875, 89.625, 4.7554121021923096e-23, nan 
-25.625, 89.625, 5.2843833419122504e-23, nan 
-25.375, 89.625, 5.303812196692309e-23, nan 
-25.125, 89.625, 5.0350670919177224e-23, nan 
-24.875, 89.625, 5.503793525113672e-23, nan 
-24.625, 89.625, 5.1001406636775527e-23, nan 
-24.375, 89.625, 5.1346620539830066e-23, nan 
-24.125, 89.625, 5.25951385117492e-23, nan 
-23.875, 89.625, 5.2049109503976104e-23, nan 
-23.625, 89.625, 5.325182163181623e-23, nan 
-23.375, 89.625, 4.879982885449088e-23, nan 
-23.125, 89.625, 5.735855403838926e-23, nan 
-22.875, 89.625, 6.580997633222108e-23, nan 
-22.625, 89.625, 6.075521770479656e-23, nan 
-22.375, 89.625, 5.0108616829204753e-23, nan 
-22.125, 89.625, 5.424165822509144e-23, nan 
-21.875, 89.625, 4.5859821459942166e-23, nan 
-21.625, 89.625, 4.945634165803087e-23, nan 
-21.375, 89.625, 5.516846646630894e-23, nan 
-21.125, 89.625, 4.274816890614408e-23, nan 
-20.875, 89.625, 3.800230508341464e-23, nan 
-20.625, 89.625, 4.9781448521593873e-23, nan 
-20.375, 89.625, 5.423980408083071e-23, nan 
-20.125, 89.625, 5.1818569496529944e-23, nan 
-19.875, 89.625, 5.493854434842562e-23, nan 
-19.625, 89.625, 5.445814914843094e-23, nan 
-19.375, 89.625, 5.887533418194305e-23, nan 
-19.125, 89.625, 4.710632524349176e-23, nan 
-18.875, 89.625, 4.2571092255834e-23, nan 
-18.625, 89.625, 4.933509967070266e-23, nan 
-18.375, 89.625, 4.3250768916958645e-23, nan 
-18.125, 89.625, 4.741560090113104e-23, nan 
-17.875, 89.625, 4.3693806365314314e-23, nan 
-17.625, 89.625, 4.7709086618821297e-23, nan 
-17.375, 89.625, 5.0065408860840515e-23, nan 
-17.125, 89.625, 4.3853872439374205e-23, nan 
-16.875, 89.625, 5.1583693418748895e-23, nan 
-16.625, 89.625, 5.316648097813321e-23, nan 
-16.375, 89.625, 5.533617228022846e-23, nan 
-16.125, 89.625, 5.423685586083051e-23, nan 
-15.875, 89.625, 5.421004769006887e-23, nan 
-15.625, 89.625, 5.325877420406987e-23, nan 
-15.375, 89.625, 5.094657929540376e-23, nan 
-15.125, 89.625, 4.548882754310036e-23, nan 
-14.875, 89.625, 5.072999210093879e-23, nan 
-14.625, 89.625, 4.76001365385569e-23, nan 
-14.375, 89.625, 5.724395211228226e-23, nan 
-14.125, 89.625, 5.537709147997337e-23, nan 
-13.875, 89.625, 5.364904826628924e-23, nan 
-13.625, 89.625, 5.046726763954276e-23, nan 
-13.375, 89.625, 5.2857807265078644e-23, nan 
-13.125, 89.625, 4.584767099680727e-23, nan 
-12.875, 89.625, 4.072374008047225e-23, nan 
-12.625, 89.625, 4.678897768510944e-23, nan 
-12.375, 89.625, 5.2641820398099615e-23, nan 
-12.125, 89.625, 5.615220815295823e-23, nan 
-11.875, 89.625, 5.42095299207034e-23, nan 
-11.625, 89.625, 5.335902551851391e-23, nan 
-11.375, 89.625, 5.477474156240956e-23, nan 
-11.125, 89.625, 5.396387275614497e-23, nan 
-10.875, 89.625, 4.6149652966240735e-23, nan 
-10.625, 89.625, 4.445483029941418e-23, nan 
-10.375, 89.625, 4.5147290115793846e-23, nan 
-10.125, 89.625, 4.670699201006196e-23, nan 
-9.875, 89.625, 4.753184117817403e-23, nan 
-9.625, 89.625, 4.417855965651548e-23, nan 
-9.375, 89.625, 4.6893773529946745e-23, nan 
-9.125, 89.625, 4.5118784403316174e-23, nan 
-8.875, 89.625, 4.6098686814716735e-23, nan 
-8.625, 89.625, 4.7989601693209827e-23, nan 
-8.375, 89.625, 4.8136666993740956e-23, nan 
-8.125, 89.625, 7.328456116365673e-23, nan 
-7.875, 89.625, 5.391925752747919e-23, nan 
-7.625, 89.625, 4.906018267793914e-23, nan 
-7.375, 89.625, 4.896743602319164e-23, nan 
-7.125, 89.625, 5.623168431669037e-23, nan 
-6.875, 89.625, 4.78557052176748e-23, nan 
-6.625, 89.625, 4.7769549489305116e-23, nan 
-6.375, 89.625, 4.670958435250271e-23, nan 
-6.125, 89.625, 4.411118966663654e-23, nan 
-5.875, 89.625, 4.8921521488912285e-23, nan 
-5.625, 89.625, 5.118322355357568e-23, nan 
-5.375, 89.625, 5.059442125064601e-23, nan 
-5.125, 89.625, 4.736645418461928e-23, nan 
-4.875, 89.625, 4.7799960497121916e-23, nan 
-4.625, 89.625, 4.849597595400394e-23, nan 
-4.375, 89.625, 4.871432077726009e-23, nan 
-4.125, 89.625, 4.7079136517399765e-23, nan 
-3.875, 89.625, 4.9107390928931365e-23, nan 
-3.625, 89.625, 5.304683339614342e-23, nan 
-3.375, 89.625, 4.659105853034799e-23, nan 
-3.125, 89.625, 4.605400421652955e-23, nan 
-2.875, 89.625, 5.1120367730506526e-23, nan 
-2.625, 89.625, 4.607518774800733e-23, nan 
-2.375, 89.625, 4.314730685504043e-23, nan 
-2.125, 89.625, 5.945731913622426e-23, nan 
-1.875, 89.625, 4.8881650573620056e-23, nan 
-1.625, 89.625, 4.585898080605307e-23, nan 
-1.375, 89.625, 4.8329976572718275e-23, nan 
-1.125, 89.625, 5.005885637247825e-23, nan 
-0.875, 89.625, 4.6205637862553727e-23, nan 
-0.625, 89.625, 4.5298466570068505e-23, nan 
-0.375, 89.625, 4.699250694861742e-23, nan 
-0.125, 89.625, 5.350163838948626e-23, nan 
0.125, 89.625, 4.865498893788347e-23, nan 
0.375, 89.625, 4.533197112667949e-23, nan 
0.625, 89.625, 4.749862507978875e-23, nan 
0.875, 89.625, 4.304391195956294e-23, nan 
1.125, 89.625, 4.8890487189986553e-23, nan 
1.375, 89.625, 4.676495665973494e-23, nan 
1.625, 89.625, 5.019956137567892e-23, nan 
1.875, 89.625, 4.399497364959088e-23, nan 
2.125, 89.625, 4.723060853718526e-23, nan 
2.375, 89.625, 4.1290082217475816e-23, nan 
2.625, 89.625, 3.96244832854433e-23, nan 
2.875, 89.625, 4.060691536255795e-23, nan 
3.125, 89.625, 4.5882539997636163e-23, nan 
3.375, 89.625, 4.949651464850271e-23, nan 
3.625, 89.625, 5.754598173966205e-23, nan 
3.875, 89.625, 5.090399121815802e-23, nan 
4.125, 89.625, 6.536130074213246e-23, nan 
4.375, 89.625, 4.611110160756673e-23, nan 
4.625, 89.625, 4.4670446029880896e-23, nan 
4.875, 89.625, 6.406447301291194e-23, nan 
5.125, 89.625, 3.9077754172775033e-23, nan 
5.375, 89.625, 4.804601414207628e-23, nan 
5.625, 89.625, 4.1663918070197705e-23, nan 
5.875, 89.625, 5.2533648879643784e-23, nan 
6.125, 89.625, 5.78795478624609e-23, nan 
6.375, 89.625, 4.587806734829485e-23, nan 
6.625, 89.625, 5.386635432887756e-23, nan 
6.875, 89.625, 4.543134456802074e-23, nan 
7.125, 89.625, 5.75878430585133e-23, nan 
7.375, 89.625, 5.437054733045865e-23, nan 
7.625, 89.625, 5.600692768401471e-23, nan 
7.875, 89.625, 4.6605683087774386e-23, nan 
8.125, 89.625, 5.827366357877623e-23, nan 
8.375, 89.625, 5.1430639946814674e-23, nan 
8.625, 89.625, 5.318577494239683e-23, nan 
8.875, 89.625, 5.465223423623687e-23, nan 
9.125, 89.625, 6.623964844777822e-23, nan 
9.375, 89.625, 5.560825922368498e-23, nan 
9.625, 89.625, 6.672930731076522e-23, nan 
9.875, 89.625, 5.334978039298267e-23, nan 
10.125, 89.625, 4.7564890915160765e-23, nan 
10.375, 89.625, 5.728242984132702e-23, nan 
10.625, 89.625, 5.588003262719042e-23, nan 
10.875, 89.625, 6.50551890589838e-23, nan 
11.125, 89.625, 5.425245231806831e-23, nan 
11.375, 89.625, 6.057350722049505e-23, nan 
11.625, 89.625, 5.073210418383436e-23, nan 
11.875, 89.625, 4.814791752408882e-23, nan 
12.125, 89.625, 4.68835411323297e-23, nan 
12.375, 89.625, 4.042794150452534e-23, nan 
12.625, 89.625, 7.101154184408279e-23, nan 
12.875, 89.625, 5.785655976875862e-23, nan 
13.125, 89.625, 4.640488524708016e-23, nan 
13.375, 89.625, 6.125838234394894e-23, nan 
13.625, 89.625, 6.039975450797353e-23, nan 
13.875, 89.625, 5.053758698100676e-23, nan 
14.125, 89.625, 4.75235263339094e-23, nan 
14.375, 89.625, 6.818651832881438e-23, nan 
14.625, 89.625, 4.741066998201995e-23, nan 
14.875, 89.625, 5.2685785665246454e-23, nan 
15.125, 89.625, 5.174018526929812e-23, nan 
15.375, 89.625, 7.253515109580755e-23, nan 
15.625, 89.625, 5.38618580798125e-23, nan 
15.875, 89.625, 4.9508820798040874e-23, nan 
16.125, 89.625, 4.672471546982787e-23, nan 
16.375, 89.625, 4.7405065724047333e-23, nan 
16.625, 89.625, 5.1441784827161545e-23, nan 
16.875, 89.625, 4.7506660427436475e-23, nan 
17.125, 89.625, 5.450997328792246e-23, nan 
17.375, 89.625, 5.625877020842272e-23, nan 
17.625, 89.625, 6.419261487624624e-23, nan 
17.875, 89.625, 5.492473631752774e-23, nan 
18.125, 89.625, 5.497985997234283e-23, nan 
18.375, 89.625, 5.322229799549241e-23, nan 
18.625, 89.625, 6.510978957841547e-23, nan 
18.875, 89.625, 5.868108656415258e-23, nan 
19.125, 89.625, 4.750428429932522e-23, nan 
19.375, 89.625, 3.5405119341774583e-23, nan 
19.625, 89.625, 3.803475056406348e-23, nan 
19.875, 89.625, 5.254288801193141e-23, nan 
20.125, 89.625, 5.537174754395723e-23, nan 
20.375, 89.625, 4.8073111173866473e-23, nan 
20.625, 89.625, 5.983009705968175e-23, nan 
20.875, 89.625, 4.8588164559550624e-23, nan 
21.125, 89.625, 6.302403594031585e-23, nan 
21.375, 89.625, 6.319256140850296e-23, nan 
21.625, 89.625, 6.336498433824949e-23, nan 
21.875, 89.625, 5.586749121425378e-23, nan 
22.125, 89.625, 6.603335033281455e-23, nan 
22.375, 89.625, 4.152535009866882e-23, nan 
22.625, 89.625, 6.702674538320002e-23, nan 
22.875, 89.625, 6.011887410464904e-23, nan 
23.125, 89.625, 4.0170479568824804e-23, nan 
23.375, 89.625, 4.577226360727677e-23, nan 
23.625, 89.625, 6.717331350972175e-23, nan 
23.875, 89.625, 4.9565149852013945e-23, nan 
24.125, 89.625, 6.372968777215276e-23, nan 
24.375, 89.625, 5.571634590463337e-23, nan 
24.625, 89.625, 4.465331836184898e-23, nan 
24.875, 89.625, 5.331878671382092e-23, nan 
25.125, 89.625, 4.559324575697031e-23, nan 
25.375, 89.625, 5.048475857280942e-23, nan 
25.625, 89.625, 3.225376224092467e-23, nan 
25.875, 89.625, 5.789133721715741e-23, nan 
26.125, 89.625, 5.948581469082877e-23, nan 
26.375, 89.625, 5.407581946503278e-23, nan 
26.625, 89.625, 5.510367189297591e-23, nan 
26.875, 89.625, 5.62056718350051e-23, nan 
27.125, 89.625, 5.119610812278854e-23, nan 
27.375, 89.625, 3.8193890483886724e-23, nan 
27.625, 89.625, 3.9694243887521877e-23, nan 
27.875, 89.625, 6.403631747614884e-23, nan 
28.125, 89.625, 3.4021007096985396e-23, nan 
28.375, 89.625, 2.6767898322412014e-23, nan 
28.625, 89.625, 3.400634562731503e-23, nan 
28.875, 89.625, 4.6458879069578814e-23, nan 
29.125, 89.625, 4.2928144418934776e-23, nan 
29.375, 89.625, 2.859748471220243e-23, nan 
29.625, 89.625, 4.3399148992580475e-23, nan 
29.875, 89.625, 3.913207220854932e-23, nan 
30.125, 89.625, 5.435549514528418e-23, nan 
30.375, 89.625, 2.996022348179144e-23, nan 
30.625, 89.625, 2.833952455140946e-23, nan 
30.875, 89.625, 6.467560271376565e-23, nan 
31.125, 89.625, 3.092841229798922e-23, nan 
31.375, 89.625, 2.3199785071127425e-23, nan 
31.625, 89.625, 2.3392883895013012e-23, nan 
31.875, 89.625, 2.955626383906311e-23, nan 
32.125, 89.625, 2.6071691261544178e-23, nan 
32.375, 89.625, 2.4239215053872314e-23, nan 
32.625, 89.625, 2.5258032698780184e-23, nan 
32.875, 89.625, 2.3062790040693565e-23, nan 
33.125, 89.625, 1.8728448460222574e-23, nan 
33.375, 89.625, 3.420619979889395e-23, nan 
33.625, 89.625, 3.333724588188196e-23, nan 
33.875, 89.625, 1.939894891617664e-23, nan 
34.125, 89.625, 2.2127723795636842e-23, nan 
34.375, 89.625, 2.3355491943733917e-23, nan 
34.625, 89.625, 2.561886470939908e-23, nan 
34.875, 89.625, 2.801006545422575e-23, nan 
35.125, 89.625, 3.0445046132264573e-23, nan 
35.375, 89.625, 3.649325655546751e-23, nan 
35.625, 89.625, 3.777447691251736e-23, nan 
35.875, 89.625, 4.1159051449865146e-23, nan 
36.125, 89.625, 4.459623988001352e-23, nan 
36.375, 89.625, 3.557969974951129e-23, nan 
36.625, 89.625, 3.003053561710151e-23, nan 
36.875, 89.625, 2.990090037505879e-23, nan 
37.125, 89.625, 2.4148085802156442e-23, nan 
37.375, 89.625, 2.633957265597134e-23, nan 
37.625, 89.625, 1.8725035360497807e-23, nan 
37.875, 89.625, 2.4542876188444118e-23, nan 
38.125, 89.625, 2.4077413901714226e-23, nan 
38.375, 89.625, 3.6896993173023023e-23, nan 
38.625, 89.625, 3.118065963542163e-23, nan 
38.875, 89.625, 3.583185889681709e-23, nan 
39.125, 89.625, 2.670002539475734e-23, nan 
39.375, 89.625, 2.0677413111035645e-23, nan 
39.625, 89.625, 2.693296168153782e-23, nan 
39.875, 89.625, 2.3327658062437315e-23, nan 
40.125, 89.625, 1.75369401436019e-23, nan 
40.375, 89.625, 1.9867536096041647e-23, nan 
40.625, 89.625, 1.7296985969934455e-23, nan 
40.875, 89.625, 2.4875285730207585e-23, nan 
41.125, 89.625, 1.7900167226465918e-23, nan 
41.375, 89.625, 1.6735550489886275e-23, nan 
41.625, 89.625, 2.1002743657874568e-23, nan 
41.875, 89.625, 3.02021151708504e-23, nan 
42.125, 89.625, 2.1680147895594102e-23, nan 
42.375, 89.625, 1.5306408023923797e-23, nan 
42.625, 89.625, 2.5578239482293727e-23, nan 
42.875, 89.625, 3.4375003840213603e-23, nan 
43.125, 89.625, 4.182000687944489e-23, nan 
43.375, 89.625, 2.3419685798196247e-23, nan 
43.625, 89.625, 3.196700442218948e-23, nan 
43.875, 89.625, 3.2369329684544304e-23, nan 
44.125, 89.625, 2.101131557486059e-23, nan 
44.375, 89.625, 2.736010337160855e-23, nan 
44.625, 89.625, 2.4458760901875207e-23, nan 
44.875, 89.625, 2.04239154914371e-23, nan 
45.125, 89.625, 2.0580265674651706e-23, nan 
45.375, 89.625, 1.8118303935079072e-23, nan 
45.625, 89.625, 4.0309074298859086e-23, nan 
45.875, 89.625, 3.134201391387472e-23, nan 
46.125, 89.625, 2.5370028424574164e-23, nan 
46.375, 89.625, 2.053196120418403e-23, nan 
46.625, 89.625, 1.858462439503735e-23, nan 
46.875, 89.625, 1.7214655699842543e-23, nan 
47.125, 89.625, 1.2987176930426579e-23, nan 
47.375, 89.625, 1.4221024411638967e-23, nan 
47.625, 89.625, 1.7512074711791057e-23, nan 
47.875, 89.625, 1.2415352990139236e-23, nan 
48.125, 89.625, 2.0599062559021483e-23, nan 
48.375, 89.625, 1.0194496117179456e-23, nan 
48.625, 89.625, 1.452248808092985e-23, nan 
48.875, 89.625, 1.4400110988782707e-23, nan 
49.125, 89.625, 1.3035852931490435e-23, nan 
49.375, 89.625, 1.6077832082457135e-23, nan 
49.625, 89.625, 1.1382383837449869e-23, nan 
49.875, 89.625, 1.7792588373302177e-23, nan 
50.125, 89.625, 1.743592795941421e-23, nan 
50.375, 89.625, 2.8094462321143286e-23, nan 
50.625, 89.625, 1.606235710742716e-23, nan 
50.875, 89.625, 1.6644841469715246e-23, nan 
51.125, 89.625, 1.4215427753306996e-23, nan 
51.375, 89.625, 1.8652291793359377e-23, nan 
51.625, 89.625, 1.662509546467502e-23, nan 
51.875, 89.625, 1.7342005423569875e-23, nan 
52.125, 89.625, 2.1188689539746887e-23, nan 
52.375, 89.625, 1.98463017679386e-23, nan 
52.625, 89.625, 1.6021051017586632e-23, nan 
52.875, 89.625, 1.8874521403258132e-23, nan 
53.125, 89.625, 2.536079610315467e-23, nan 
53.375, 89.625, 1.930206050296454e-23, nan 
53.625, 89.625, 1.959399979345445e-23, nan 
53.875, 89.625, 2.0084099328205583e-23, nan 
54.125, 89.625, 2.059476768788057e-23, nan 
54.375, 89.625, 1.7694197250767482e-23, nan 
54.625, 89.625, 2.547230801069151e-23, nan 
54.875, 89.625, 3.506053323470546e-23, nan 
55.125, 89.625, 3.525408388071664e-23, nan 
55.375, 89.625, 3.455527449375185e-23, nan 
55.625, 89.625, 3.6817589721961806e-23, nan 
55.875, 89.625, 3.5743132083931475e-23, nan 
56.125, 89.625, 3.1063635865050653e-23, nan 
56.375, 89.625, 3.6096803956106526e-23, nan 
56.625, 89.625, 3.310392049502797e-23, nan 
56.875, 89.625, 3.543451571551197e-23, nan 
57.125, 89.625, 3.1642937802393555e-23, nan 
57.375, 89.625, 2.9201302374652483e-23, nan 
57.625, 89.625, 2.693929420346575e-23, nan 
57.875, 89.625, 3.081984437808503e-23, nan 
58.125, 89.625, 2.927344120902191e-23, nan 
58.375, 89.625, 2.94872075023863e-23, nan 
58.625, 89.625, 2.5766059763903997e-23, nan 
58.875, 89.625, 2.4443539542720584e-23, nan 
59.125, 89.625, 2.3096234499358725e-23, nan 
59.375, 89.625, 2.4372470754243516e-23, nan 
59.625, 89.625, 2.5410825363964034e-23, nan 
59.875, 89.625, 3.04741538945184e-23, nan 
60.125, 89.625, 2.7457165850677375e-23, nan 
60.375, 89.625, 3.1131605886397524e-23, nan 
60.625, 89.625, 3.2592588989080425e-23, nan 
60.875, 89.625, 2.9314470631455967e-23, nan 
61.125, 89.625, 2.8213159612360736e-23, nan 
61.375, 89.625, 1.6512547704956788e-23, nan 
61.625, 89.625, 2.1807600908726624e-23, nan 
61.875, 89.625, 3.249624285186473e-23, nan 
62.125, 89.625, 2.910789735592471e-23, nan 
62.375, 89.625, 1.5995797441357513e-23, nan 
62.625, 89.625, 2.976940935054935e-23, nan 
62.875, 89.625, 2.254046590170009e-23, nan 
63.125, 89.625, 2.851044333591194e-23, nan 
63.375, 89.625, 3.0217577559526404e-23, nan 
63.625, 89.625, 3.501496500595237e-23, nan 
63.875, 89.625, 2.3618090693631585e-23, nan 
64.125, 89.625, 3.2345374592201943e-23, nan 
64.375, 89.625, 2.967351664386089e-23, nan 
64.625, 89.625, 3.57548408404146e-23, nan 
64.875, 89.625, 3.091840433283047e-23, nan 
65.125, 89.625, 3.3025165606839347e-23, nan 
65.375, 89.625, 3.354009814156617e-23, nan 
65.625, 89.625, 2.8746860462403775e-23, nan 
65.875, 89.625, 2.8709842626285077e-23, nan 
66.125, 89.625, 2.064062610932072e-23, nan 
66.375, 89.625, 2.0464580941659164e-23, nan 
66.625, 89.625, 2.1109450657245562e-23, nan 
66.875, 89.625, 2.3801971846453168e-23, nan 
67.125, 89.625, 2.128938470894481e-23, nan 
67.375, 89.625, 2.1833301418040472e-23, nan 
67.625, 89.625, 2.1012132084731198e-23, nan 
67.875, 89.625, 2.391284403107096e-23, nan 
68.125, 89.625, 2.5707041815465722e-23, nan 
68.375, 89.625, 2.782656552269103e-23, nan 
68.625, 89.625, 3.098599666150975e-23, nan 
68.875, 89.625, 3.4864955292293223e-23, nan 
69.125, 89.625, 3.5338090083486993e-23, nan 
69.375, 89.625, 2.5813114119390907e-23, nan 
69.625, 89.625, 1.9613174222147123e-23, nan 
69.875, 89.625, 1.950742725694538e-23, nan 
70.125, 89.625, 1.6565161629386674e-23, nan 
70.375, 89.625, 2.276340827660571e-23, nan 
70.625, 89.625, 1.831866862423308e-23, nan 
70.875, 89.625, 2.2126893771490247e-23, nan 
71.125, 89.625, 2.270643337393286e-23, nan 
71.375, 89.625, 2.200956282084404e-23, nan 
71.625, 89.625, 2.5791547252637614e-23, nan 
71.875, 89.625, 2.6614593850561304e-23, nan 
72.125, 89.625, 2.0406425635912205e-23, nan 
72.375, 89.625, 2.0036177609501517e-23, nan 
72.625, 89.625, 1.9331537261371792e-23, nan 
72.875, 89.625, 2.4215230207542506e-23, nan 
73.125, 89.625, 2.3098123436755006e-23, nan 
73.375, 89.625, 2.928406679415964e-23, nan 
73.625, 89.625, 2.991896667182096e-23, nan 
73.875, 89.625, 2.8526767038797423e-23, nan 
74.125, 89.625, 3.2371533609978854e-23, nan 
74.375, 89.625, 2.8166865324271826e-23, nan 
74.625, 89.625, 1.803819539301859e-23, nan 
74.875, 89.625, 1.49268450625301e-23, nan 
75.125, 89.625, 2.1772476286066778e-23, nan 
75.375, 89.625, 1.7298204327724982e-23, nan 
75.625, 89.625, 2.4460465665966168e-23, nan 
75.875, 89.625, 1.8525946739329798e-23, nan 
76.125, 89.625, 2.0026264145815452e-23, nan 
76.375, 89.625, 1.7448671661299672e-23, nan 
76.625, 89.625, 2.856141127840937e-23, nan 
76.875, 89.625, 1.9402289073691996e-23, nan 
77.125, 89.625, 2.232776134000451e-23, nan 
77.375, 89.625, 2.3973165688066947e-23, nan 
77.625, 89.625, 2.2173408236733488e-23, nan 
77.875, 89.625, 2.2076676736320093e-23, nan 
78.125, 89.625, 2.1316801187095243e-23, nan 
78.375, 89.625, 2.1637726762400953e-23, nan 
78.625, 89.625, 2.6343122461653015e-23, nan 
78.875, 89.625, 2.5103013209977923e-23, nan 
79.125, 89.625, 2.780910911002858e-23, nan 
79.375, 89.625, 2.703102334143377e-23, nan 
79.625, 89.625, 2.3814068743714263e-23, nan 
79.875, 89.625, 2.0263932457051486e-23, nan 
80.125, 89.625, 2.6331306652434443e-23, nan 
80.375, 89.625, 2.3130990072097358e-23, nan 
80.625, 89.625, 2.452428477113408e-23, nan 
80.875, 89.625, 2.409225407602745e-23, nan 
81.125, 89.625, 2.3922866790929219e-23, nan 
81.375, 89.625, 2.1154756464653652e-23, nan 
81.625, 89.625, 2.2675489768329092e-23, nan 
81.875, 89.625, 1.748844226875693e-23, nan 
82.125, 89.625, 1.7911829164938346e-23, nan 
82.375, 89.625, 2.0347168891412747e-23, nan 
82.625, 89.625, 2.2344560059199142e-23, nan 
82.875, 89.625, 1.8592592106437963e-23, nan 
83.125, 89.625, 2.0088634343504294e-23, nan 
83.375, 89.625, 1.6503042327117987e-23, nan 
83.625, 89.625, 1.7050346899401422e-23, nan 
83.875, 89.625, 1.619244711415075e-23, nan 
84.125, 89.625, 1.63974119747417e-23, nan 
84.375, 89.625, 2.1366483300041192e-23, nan 
84.625, 89.625, 1.882147474457111e-23, nan 
84.875, 89.625, 1.5463587424121638e-23, nan 
85.125, 89.625, 1.7701172676374826e-23, nan 
85.375, 89.625, 1.883667998656264e-23, nan 
85.625, 89.625, 1.6238053894986065e-23, nan 
85.875, 89.625, 1.874337441720663e-23, nan 
86.125, 89.625, 2.091737959721589e-23, nan 
86.375, 89.625, 2.1675402509769778e-23, nan 
86.625, 89.625, 2.3050774295540914e-23, nan 
86.875, 89.625, 1.8678417906798898e-23, nan 
87.125, 89.625, 1.7041626146021075e-23, nan 
87.375, 89.625, 1.788497426881228e-23, nan 
87.625, 89.625, 2.2199458359993547e-23, nan 
87.875, 89.625, 2.4962570954330737e-23, nan 
88.125, 89.625, 2.1399480085187026e-23, nan 
88.375, 89.625, 2.0058207403708937e-23, nan 
88.625, 89.625, 1.7435354387165868e-23, nan 
88.875, 89.625, 1.7896184402124641e-23, nan 
89.125, 89.625, 1.9442216222266108e-23, nan 
89.375, 89.625, 1.8789289318191313e-23, nan 
89.625, 89.625, 1.7589277906095423e-23, nan 
89.875, 89.625, 1.6125003436778637e-23, nan 
90.125, 89.625, 1.6698639562644905e-23, nan 
90.375, 89.625, 1.7965619392845423e-23, nan 
90.625, 89.625, 1.778116630881028e-23, nan 
90.875, 89.625, 1.7137827652753197e-23, nan 
91.125, 89.625, 1.7568120969043058e-23, nan 
91.375, 89.625, 1.8064283777072457e-23, nan 
91.625, 89.625, 1.578585753147162e-23, nan 
91.875, 89.625, 1.7656158287256377e-23, nan 
92.125, 89.625, 1.823420740380991e-23, nan 
92.375, 89.625, 1.775429736578166e-23, nan 
92.625, 89.625, 1.8273315992235126e-23, nan 
92.875, 89.625, 1.9248636052136098e-23, nan 
93.125, 89.625, 2.0789930573799837e-23, nan 
93.375, 89.625, 2.1682428334369383e-23, nan 
93.625, 89.625, 1.9652556915878784e-23, nan 
93.875, 89.625, 1.5307353168199332e-23, nan 
94.125, 89.625, 1.5188377735589974e-23, nan 
94.375, 89.625, 1.5127091969697134e-23, nan 
94.625, 89.625, 1.5233306679010354e-23, nan 
94.875, 89.625, 1.995829812230749e-23, nan 
95.125, 89.625, 1.8406448368037404e-23, nan 
95.375, 89.625, 1.9955881054351657e-23, nan 
95.625, 89.625, 1.6759220528102094e-23, nan 
95.875, 89.625, 1.6595763774499504e-23, nan 
96.125, 89.625, 1.811836049265803e-23, nan 
96.375, 89.625, 1.8641031471484697e-23, nan 
96.625, 89.625, 1.7938764108873823e-23, nan 
96.875, 89.625, 1.8603499749978118e-23, nan 
97.125, 89.625, 2.0524860153671386e-23, nan 
97.375, 89.625, 1.7970745290243543e-23, nan 
97.625, 89.625, 2.202122090723723e-23, nan 
97.875, 89.625, 1.9597513877665085e-23, nan 
98.125, 89.625, 1.6844519465425996e-23, nan 
98.375, 89.625, 2.006352913303734e-23, nan 
98.625, 89.625, 2.293329709701284e-23, nan 
98.875, 89.625, 2.0647332448229752e-23, nan 
99.125, 89.625, 2.0725829115851277e-23, nan 
99.375, 89.625, 2.3570770652673946e-23, nan 
99.625, 89.625, 1.7394828025723166e-23, nan 
99.875, 89.625, 2.0092540957899497e-23, nan 
100.125, 89.625, 2.010040262541503e-23, nan 
100.375, 89.625, 1.9525477663012777e-23, nan 
100.625, 89.625, 1.4514905485588707e-23, nan 
100.875, 89.625, 2.1385346829375586e-23, nan 
101.125, 89.625, 2.0577278269090012e-23, nan 
101.375, 89.625, 2.206324371176576e-23, nan 
101.625, 89.625, 2.1876928799959725e-23, nan 
101.875, 89.625, 2.36192644585457e-23, nan 
102.125, 89.625, 2.4655496314307848e-23, nan 
102.375, 89.625, 2.7423349585904773e-23, nan 
102.625, 89.625, 2.0719563866959831e-23, nan 
102.875, 89.625, 2.7843108762893997e-23, nan 
103.125, 89.625, 2.0976290141474053e-23, nan 
103.375, 89.625, 2.4158783055302362e-23, nan 
103.625, 89.625, 2.3723842466303993e-23, nan 
103.875, 89.625, 2.5988949810822076e-23, nan 
104.125, 89.625, 2.7113630199570915e-23, nan 
104.375, 89.625, 1.8584572202453017e-23, nan 
104.625, 89.625, 1.6425740219735465e-23, nan 
104.875, 89.625, 1.3796035247014045e-23, nan 
105.125, 89.625, 1.273185719274111e-23, nan 
105.375, 89.625, 1.7288011845142998e-23, nan 
105.625, 89.625, 2.007636167492714e-23, nan 
105.875, 89.625, 1.9913005351872813e-23, nan 
106.125, 89.625, 2.0072571642530656e-23, nan 
106.375, 89.625, 1.802394450725617e-23, nan 
106.625, 89.625, 2.230992634934976e-23, nan 
106.875, 89.625, 2.342073949138628e-23, nan 
107.125, 89.625, 2.28768935875107e-23, nan 
107.375, 89.625, 2.532680222252026e-23, nan 
107.625, 89.625, 2.0483026969371027e-23, nan 
107.875, 89.625, 1.3707171077961016e-23, nan 
108.125, 89.625, 1.4032660305310033e-23, nan 
108.375, 89.625, 1.363503370519778e-23, nan 
108.625, 89.625, 1.2108895372117913e-23, nan 
108.875, 89.625, 1.617596254792747e-23, nan 
109.125, 89.625, 1.8156096680405567e-23, nan 
109.375, 89.625, 1.3419423866302318e-23, nan 
109.625, 89.625, 1.4093524438112374e-23, nan 
109.875, 89.625, 1.3705845651043544e-23, nan 
110.125, 89.625, 1.5207916941347003e-23, nan 
110.375, 89.625, 1.2979145246047806e-23, nan 
110.625, 89.625, 1.48612743417702e-23, nan 
110.875, 89.625, 1.428837336289215e-23, nan 
111.125, 89.625, 1.2050591819390404e-23, nan 
111.375, 89.625, 1.2197590228617248e-23, nan 
111.625, 89.625, 1.6370027744791512e-23, nan 
111.875, 89.625, 9.78953808552496e-24, nan 
112.125, 89.625, 1.0979442092002164e-23, nan 
112.375, 89.625, 8.747445855660092e-24, nan 
112.625, 89.625, 1.39927942300329e-23, nan 
112.875, 89.625, 1.4035184563923403e-23, nan 
113.125, 89.625, 1.1983541439850088e-23, nan 
113.375, 89.625, 1.1161276243679004e-23, nan 
113.625, 89.625, 1.457417926280692e-23, nan 
113.875, 89.625, 1.2702098685072534e-23, nan 
114.125, 89.625, 1.8105674061045997e-23, nan 
114.375, 89.625, 1.6157282876849104e-23, nan 
114.625, 89.625, 1.3675166182344622e-23, nan 
114.875, 89.625, 1.309372275439145e-23, nan 
115.125, 89.625, 1.7264658470295128e-23, nan 
115.375, 89.625, 1.9396011527068676e-23, nan 
115.625, 89.625, 1.6195242329032502e-23, nan 
115.875, 89.625, 1.7317326268556056e-23, nan 
116.125, 89.625, 1.4324624789394076e-23, nan 
116.375, 89.625, 2.2886901779176882e-23, nan 
116.625, 89.625, 1.3661070358785003e-23, nan 
116.875, 89.625, 1.781890009424557e-23, nan 
117.125, 89.625, 1.763282299883274e-23, nan 
117.375, 89.625, 1.8786392599409807e-23, nan 
117.625, 89.625, 2.34841431453396e-23, nan 
117.875, 89.625, 1.911210436476304e-23, nan 
118.125, 89.625, 1.4545247222969325e-23, nan 
118.375, 89.625, 1.7764527012154332e-23, nan 
118.625, 89.625, 1.7271699552704528e-23, nan 
118.875, 89.625, 1.7547797892424943e-23, nan 
119.125, 89.625, 1.6760314175293853e-23, nan 
119.375, 89.625, 1.8170437327567883e-23, nan 
119.625, 89.625, 1.6825224578499544e-23, nan 
119.875, 89.625, 1.6372609103871302e-23, nan 
120.125, 89.625, 1.6633938639852284e-23, nan 
120.375, 89.625, 1.8182632908322131e-23, nan 
120.625, 89.625, 1.641246320423939e-23, nan 
120.875, 89.625, 1.6809972179441453e-23, nan 
121.125, 89.625, 1.684030043619433e-23, nan 
121.375, 89.625, 1.6835682005223253e-23, nan 
121.625, 89.625, 1.7625338635748106e-23, nan 
121.875, 89.625, 1.8178543213771922e-23, nan 
122.125, 89.625, 1.698170279805078e-23, nan 
122.375, 89.625, 1.622313967842994e-23, nan 
122.625, 89.625, 1.5470342623872638e-23, nan 
122.875, 89.625, 1.6154033812051736e-23, nan 
123.125, 89.625, 1.4861325623108667e-23, nan 
123.375, 89.625, 1.628762128830554e-23, nan 
123.625, 89.625, 1.7391795298592357e-23, nan 
123.875, 89.625, 1.5966406382656597e-23, nan 
124.125, 89.625, 1.9285537338052134e-23, nan 
124.375, 89.625, 1.8388995378402514e-23, nan 
124.625, 89.625, 1.8892026894353517e-23, nan 
124.875, 89.625, 2.1700639459407128e-23, nan 
125.125, 89.625, 1.8588365256092317e-23, nan 
125.375, 89.625, 1.8916598424778344e-23, nan 
125.625, 89.625, 1.699175614574175e-23, nan 
125.875, 89.625, 1.921369497982252e-23, nan 
126.125, 89.625, 1.9634275090388786e-23, nan 
126.375, 89.625, 2.0894062424242834e-23, nan 
126.625, 89.625, 1.8525048679830447e-23, nan 
126.875, 89.625, 1.7281683012939796e-23, nan 
127.125, 89.625, 1.865201968702151e-23, nan 
127.375, 89.625, 1.601021571432602e-23, nan 
127.625, 89.625, 1.3729476487156405e-23, nan 
127.875, 89.625, 1.3119766222361054e-23, nan 
128.125, 89.625, 1.0589751427740307e-23, nan 
128.375, 89.625, 1.0097602987688053e-23, nan 
128.625, 89.625, 1.025440181619728e-23, nan 
128.875, 89.625, 1.399453374491386e-23, nan 
129.125, 89.625, 1.3796511537856196e-23, nan 
129.375, 89.625, 1.553007289917599e-23, nan 
129.625, 89.625, 1.1394183244977427e-23, nan 
129.875, 89.625, 1.1198699612995493e-23, nan 
130.125, 89.625, 1.26616401568954e-23, nan 
130.375, 89.625, 9.038729763845835e-24, nan 
130.625, 89.625, 1.0154217680802385e-23, nan 
130.875, 89.625, 1.2446802267102992e-23, nan 
131.125, 89.625, 1.3825939051209224e-23, nan 
131.375, 89.625, 1.475905154006581e-23, nan 
131.625, 89.625, 5.405031379280248e-24, nan 
131.875, 89.625, 1.4024755808655832e-23, nan 
132.125, 89.625, 7.387852050906887e-24, nan 
132.375, 89.625, 9.110818124158834e-24, nan 
132.625, 89.625, 1.2301058161912088e-23, nan 
132.875, 89.625, 1.3908211399055078e-23, nan 
133.125, 89.625, 1.80937346159715e-23, nan 
133.375, 89.625, 1.3476710182464587e-23, nan 
133.625, 89.625, 1.2152118531405073e-23, nan 
133.875, 89.625, 1.2628768097718802e-23, nan 
134.125, 89.625, 1.2186755771768953e-23, nan 
134.375, 89.625, 1.4139310048882326e-23, nan 
134.625, 89.625, 1.4871749273246246e-23, nan 
134.875, 89.625, 1.906886804517476e-23, nan 
135.125, 89.625, 1.381757804531098e-23, nan 
135.375, 89.625, 1.1634335022189354e-23, nan 
135.625, 89.625, 1.4994303923372823e-23, nan 
135.875, 89.625, 1.8601771775675325e-23, nan 
136.125, 89.625, 1.2791463123863044e-23, nan 
136.375, 89.625, 1.1998905905518237e-23, nan 
136.625, 89.625, 1.696861097856205e-23, nan 
136.875, 89.625, 1.3038857479702955e-23, nan 
137.125, 89.625, 1.610896501132393e-23, nan 
137.375, 89.625, 1.1524370438235534e-23, nan 
137.625, 89.625, 1.3301584784562694e-23, nan 
137.875, 89.625, 1.3516140832591466e-23, nan 
138.125, 89.625, 1.4237951001529604e-23, nan 
138.375, 89.625, 5.38366428302859e-24, nan 
138.625, 89.625, 7.177929247384467e-24, nan 
138.875, 89.625, 2.632548266178861e-23, nan 
139.125, 89.625, 2.053452844793415e-23, nan 
139.375, 89.625, 3.339657275283252e-23, nan 
139.625, 89.625, 1.7808028796357277e-23, nan 
139.875, 89.625, 1.8416443847521004e-23, nan 
140.125, 89.625, 1.826701788317571e-23, nan 
140.375, 89.625, 1.9059802080305058e-23, nan 
140.625, 89.625, 8.40493405185033e-24, nan 
140.875, 89.625, 1.6671272396748293e-23, nan 
141.125, 89.625, 6.34904555971347e-24, nan 
141.375, 89.625, 2.0082082048023594e-23, nan 
141.625, 89.625, 1.3261025214678373e-23, nan 
141.875, 89.625, 1.534816532278662e-23, nan 
142.125, 89.625, 1.0865080649179084e-23, nan 
142.375, 89.625, 2.0067778519171396e-23, nan 
142.625, 89.625, 1.4714398106040728e-23, nan 
142.875, 89.625, 1.7668077850106507e-23, nan 
143.125, 89.625, 1.6579180403469944e-23, nan 
143.375, 89.625, 7.972311591458416e-24, nan 
143.625, 89.625, 1.7050599143281728e-23, nan 
143.875, 89.625, 1.2211804651294722e-23, nan 
144.125, 89.625, 1.8010169772009796e-23, nan 
144.375, 89.625, 1.70413427261738e-23, nan 
144.625, 89.625, 1.9019293942150448e-23, nan 
144.875, 89.625, 2.0747383743498428e-23, nan 
145.125, 89.625, 1.7886853571825998e-23, nan 
145.375, 89.625, 1.6777828550965475e-23, nan 
145.625, 89.625, 2.5815653378334794e-23, nan 
145.875, 89.625, 1.334910614290073e-23, nan 
146.125, 89.625, 1.7795721485027845e-23, nan 
146.375, 89.625, 1.0146864304642279e-23, nan 
146.625, 89.625, 1.1429972707587097e-23, nan 
146.875, 89.625, 4.50958310459782e-24, nan 
147.125, 89.625, 1.5295131194861274e-23, nan 
147.375, 89.625, 7.08565291151686e-24, nan 
147.625, 89.625, 1.6685830698639405e-23, nan 
147.875, 89.625, 1.0507873747486918e-23, nan 
148.125, 89.625, 1.404312225586178e-23, nan 
148.375, 89.625, 1.3764082675575457e-23, nan 
148.625, 89.625, 1.5615308337584613e-23, nan 
148.875, 89.625, 1.7452568006196427e-23, nan 
149.125, 89.625, 2.1769359433287415e-23, nan 
149.375, 89.625, 2.50112692457401e-23, nan 
149.625, 89.625, 2.317803853478429e-23, nan 
149.875, 89.625, 3.5594234414401746e-23, nan 
150.125, 89.625, 1.7654717143441764e-23, nan 
150.375, 89.625, 2.83308376935526e-23, nan 
150.625, 89.625, 1.762627758859391e-23, nan 
150.875, 89.625, 2.480559768198714e-23, nan 
151.125, 89.625, 2.5209320798901154e-23, nan 
151.375, 89.625, 2.888267680124645e-23, nan 
151.625, 89.625, 2.9798273518642396e-23, nan 
151.875, 89.625, 2.4875184831931213e-23, nan 
152.125, 89.625, 1.8578908388420982e-23, nan 
152.375, 89.625, 3.0209958642139e-23, nan 
152.625, 89.625, 2.4275207178777654e-23, nan 
152.875, 89.625, 4.0527948175233317e-23, nan 
153.125, 89.625, 2.4788374435351815e-23, nan 
153.375, 89.625, 2.704920230625158e-23, nan 
153.625, 89.625, 3.0109515502225517e-23, nan 
153.875, 89.625, 2.551136631945552e-23, nan 
154.125, 89.625, 4.380374746863026e-23, nan 
154.375, 89.625, 3.889120114993451e-23, nan 
154.625, 89.625, 3.1954493453101804e-23, nan 
154.875, 89.625, 3.371126654319561e-23, nan 
155.125, 89.625, 3.060845688712888e-23, nan 
155.375, 89.625, 7.479789850922219e-24, nan 
155.625, 89.625, 1.1791739266863995e-23, nan 
155.875, 89.625, 2.567737331227145e-23, nan 
156.125, 89.625, 3.599533537291801e-23, nan 
156.375, 89.625, 1.8125173164303574e-23, nan 
156.625, 89.625, 1.6228139424771215e-23, nan 
156.875, 89.625, 1.8728506778534706e-23, nan 
157.125, 89.625, 2.323652850791828e-23, nan 
157.375, 89.625, 1.908258489108362e-23, nan 
157.625, 89.625, 2.3951245217418022e-23, nan 
157.875, 89.625, 2.5794534955746745e-23, nan 
158.125, 89.625, 1.9412308219680942e-23, nan 
158.375, 89.625, 2.0529422187686324e-23, nan 
158.625, 89.625, 2.392438356241749e-23, nan 
158.875, 89.625, 1.83455595713004e-23, nan 
159.125, 89.625, 2.0301068281260012e-23, nan 
159.375, 89.625, 3.140342219122374e-23, nan 
159.625, 89.625, 2.2791529013087223e-23, nan 
159.875, 89.625, 2.4985366690531113e-23, nan 
160.125, 89.625, 2.2064445263543485e-23, nan 
160.375, 89.625, 2.2793819754838426e-23, nan 
160.625, 89.625, 2.535482227814314e-23, nan 
160.875, 89.625, 2.5470833581820892e-23, nan 
161.125, 89.625, 1.892697802242082e-23, nan 
161.375, 89.625, 2.2707669989068462e-23, nan 
161.625, 89.625, 2.6977635717706746e-23, nan 
161.875, 89.625, 2.1914173800698633e-23, nan 
162.125, 89.625, 2.5712351583962413e-23, nan 
162.375, 89.625, 2.4378248672125373e-23, nan 
162.625, 89.625, 2.5112335391102757e-23, nan 
162.875, 89.625, 2.592179127002026e-23, nan 
163.125, 89.625, 2.7775970662800476e-23, nan 
163.375, 89.625, 2.068878742402099e-23, nan 
163.625, 89.625, 2.5516213190106395e-23, nan 
163.875, 89.625, 2.2880815019644616e-23, nan 
164.125, 89.625, 2.667149933874593e-23, nan 
164.375, 89.625, 4.1683285183409026e-23, nan 
164.625, 89.625, 2.1657229936838123e-23, nan 
164.875, 89.625, 2.2934523249586505e-23, nan 
165.125, 89.625, 2.2896145332405653e-23, nan 
165.375, 89.625, 2.707189915706677e-23, nan 
165.625, 89.625, 1.576853214556145e-23, nan 
165.875, 89.625, 2.190404373201871e-23, nan 
166.125, 89.625, 2.361035214761685e-23, nan 
166.375, 89.625, 2.051827363028566e-23, nan 
166.625, 89.625, 3.405161641678291e-23, nan 
166.875, 89.625, 2.2731640743705796e-23, nan 
167.125, 89.625, 2.2191947412019776e-23, nan 
167.375, 89.625, 2.1394296727633815e-23, nan 
167.625, 89.625, 1.8692809473726243e-23, nan 
167.875, 89.625, 2.1082792968412615e-23, nan 
168.125, 89.625, 1.630246782086625e-23, nan 
168.375, 89.625, 5.89596229603072e-24, nan 
168.625, 89.625, 1.9374896143904974e-23, nan 
168.875, 89.625, 1.376216193859867e-23, nan 
169.125, 89.625, 1.7463888067133863e-23, nan 
169.375, 89.625, 2.5574992078934805e-23, nan 
169.625, 89.625, 2.046274962670323e-23, nan 
169.875, 89.625, 1.6154249930311014e-23, nan 
170.125, 89.625, 1.815453182933185e-23, nan 
170.375, 89.625, 1.8856167073324095e-23, nan 
170.625, 89.625, 2.339931102485742e-23, nan 
170.875, 89.625, 2.9612982274905946e-23, nan 
171.125, 89.625, 2.817814739278987e-23, nan 
171.375, 89.625, 3.31936486314824e-23, nan 
171.625, 89.625, 1.8937715922390307e-23, nan 
171.875, 89.625, 2.6001637358110905e-23, nan 
172.125, 89.625, 2.1446047765291995e-23, nan 
172.375, 89.625, 2.278208150095116e-23, nan 
172.625, 89.625, 3.197721822951677e-23, nan 
172.875, 89.625, 2.66022856444548e-23, nan 
173.125, 89.625, 2.565498108453426e-23, nan 
173.375, 89.625, 2.337245303015843e-23, nan 
173.625, 89.625, 2.074312001010457e-23, nan 
173.875, 89.625, 2.3290896056254872e-23, nan 
174.125, 89.625, 2.341272629362809e-23, nan 
174.375, 89.625, 1.8687313759057582e-23, nan 
174.625, 89.625, 2.3229454119399993e-23, nan 
174.875, 89.625, 2.3443140261085543e-23, nan 
175.125, 89.625, 1.8079149868445106e-23, nan 
175.375, 89.625, 2.374614059622017e-23, nan 
175.625, 89.625, 2.2373203812633782e-23, nan 
175.875, 89.625, 2.4069972661631518e-23, nan 
176.125, 89.625, 2.3746569691638586e-23, nan 
176.375, 89.625, 2.4324771507681874e-23, nan 
176.625, 89.625, 2.51466560060456e-23, nan 
176.875, 89.625, 2.4362957908358948e-23, nan 
177.125, 89.625, 2.5267041990760265e-23, nan 
177.375, 89.625, 2.34189896733992e-23, nan 
177.625, 89.625, 2.4647572440932765e-23, nan 
177.875, 89.625, 2.4085342086404137e-23, nan 
178.125, 89.625, 2.6226139350881043e-23, nan 
178.375, 89.625, 2.3389210767963313e-23, nan 
178.625, 89.625, 2.4478041761508908e-23, nan 
178.875, 89.625, 2.8111377079758854e-23, nan 
179.125, 89.625, 2.679586919735256e-23, nan 
179.375, 89.625, 2.4076738136960267e-23, nan 
179.625, 89.625, 2.8422300629733314e-23, nan 
179.875, 89.625, 3.1186990020770384e-23, nan 
-179.875, 89.875, 7.0325000240392e-24, nan 
-179.625, 89.875, 7.232739459655506e-24, nan 
-179.375, 89.875, 8.794029856137535e-24, nan 
-179.125, 89.875, 8.553344251450767e-24, nan 
-178.875, 89.875, 7.634971230133775e-24, nan 
-178.625, 89.875, 6.3052701247308756e-24, nan 
-178.375, 89.875, 4.675316653274921e-24, nan 
-178.125, 89.875, 6.438331199988336e-24, nan 
-177.875, 89.875, 6.209914476160938e-24, nan 
-177.625, 89.875, 8.809103062726532e-24, nan 
-177.375, 89.875, 7.425686633565292e-24, nan 
-177.125, 89.875, 4.245746595507551e-24, nan 
-176.875, 89.875, 4.935619008051617e-24, nan 
-176.625, 89.875, 5.628288620817255e-24, nan 
-176.375, 89.875, 5.504341259006548e-24, nan 
-176.125, 89.875, 4.259504081098741e-24, nan 
-175.875, 89.875, 3.921783260429807e-24, nan 
-175.625, 89.875, 5.187329277232265e-24, nan 
-175.375, 89.875, 6.89298112334381e-24, nan 
-175.125, 89.875, 7.715447870772749e-24, nan 
-174.875, 89.875, 4.881325496790216e-24, nan 
-174.625, 89.875, 8.90349215537133e-24, nan 
-174.375, 89.875, 7.490737691197332e-24, nan 
-174.125, 89.875, 7.970399779480641e-24, nan 
-173.875, 89.875, 6.211359244143747e-24, nan 
-173.625, 89.875, 7.44205766365738e-24, nan 
-173.375, 89.875, 6.744957803682745e-24, nan 
-173.125, 89.875, 6.706616720416763e-24, nan 
-172.875, 89.875, 6.975967572836098e-24, nan 
-172.625, 89.875, 7.427247836686444e-24, nan 
-172.375, 89.875, 5.425051092766551e-24, nan 
-172.125, 89.875, 7.209668478842298e-24, nan 
-171.875, 89.875, 6.947218886242428e-24, nan 
-171.625, 89.875, 5.1754966423388145e-24, nan 
-171.375, 89.875, 6.235609110378275e-24, nan 
-171.125, 89.875, 5.593526844449045e-24, nan 
-170.875, 89.875, 6.0805500274151294e-24, nan 
-170.625, 89.875, 6.204350528689038e-24, nan 
-170.375, 89.875, 4.260741505592268e-24, nan 
-170.125, 89.875, 2.1067976565279613e-24, nan 
-169.875, 89.875, 5.2342916026871946e-24, nan 
-169.625, 89.875, 3.4891149070351404e-24, nan 
-169.375, 89.875, 6.164353825966338e-24, nan 
-169.125, 89.875, 6.63234970078298e-24, nan 
-168.875, 89.875, 6.522886604888425e-24, nan 
-168.625, 89.875, 4.1566746655936005e-24, nan 
-168.375, 89.875, 8.03272030322624e-24, nan 
-168.125, 89.875, 5.66402716494946e-24, nan 
-167.875, 89.875, 4.464360412875976e-24, nan 
-167.625, 89.875, 3.992984032016412e-24, nan 
-167.375, 89.875, 3.435855909301248e-24, nan 
-167.125, 89.875, 5.037891494102798e-24, nan 
-166.875, 89.875, 7.270874679418077e-24, nan 
-166.625, 89.875, 6.798834853683282e-24, nan 
-166.375, 89.875, 5.0740336031775124e-24, nan 
-166.125, 89.875, 3.655468934473832e-24, nan 
-165.875, 89.875, 6.64349191780103e-24, nan 
-165.625, 89.875, 6.868555665118509e-24, nan 
-165.375, 89.875, 6.065245531626648e-24, nan 
-165.125, 89.875, 3.8030366078784694e-24, nan 
-164.875, 89.875, 1.7599296426500972e-24, nan 
-164.625, 89.875, 6.031345493457411e-24, nan 
-164.375, 89.875, 5.285645683522276e-24, nan 
-164.125, 89.875, 5.127025422226129e-24, nan 
-163.875, 89.875, 6.531177533039094e-24, nan 
-163.625, 89.875, 5.3855367317714594e-24, nan 
-163.375, 89.875, 6.2782829685291266e-24, nan 
-163.125, 89.875, 6.098480021770102e-24, nan 
-162.875, 89.875, 5.301262868655748e-24, nan 
-162.625, 89.875, 4.558155309159545e-24, nan 
-162.375, 89.875, 6.624694422416791e-24, nan 
-162.125, 89.875, 5.395451654800271e-24, nan 
-161.875, 89.875, 7.649246134332678e-24, nan 
-161.625, 89.875, 7.871469056706176e-24, nan 
-161.375, 89.875, 8.038983349651253e-24, nan 
-161.125, 89.875, 6.58338294040734e-24, nan 
-160.875, 89.875, 3.845063802538286e-24, nan 
-160.625, 89.875, 5.380484105936851e-24, nan 
-160.375, 89.875, 7.081546845142965e-24, nan 
-160.125, 89.875, 5.2444951720407095e-24, nan 
-159.875, 89.875, 5.333859478070112e-24, nan 
-159.625, 89.875, 6.638646567720196e-24, nan 
-159.375, 89.875, 3.749997260369158e-24, nan 
-159.125, 89.875, 6.1054768232562235e-24, nan 
-158.875, 89.875, 7.15640996989282e-24, nan 
-158.625, 89.875, 6.261799018902198e-24, nan 
-158.375, 89.875, 7.459436663321127e-24, nan 
-158.125, 89.875, 4.9146306134932235e-24, nan 
-157.875, 89.875, 7.891433447365693e-24, nan 
-157.625, 89.875, 6.626860283807511e-24, nan 
-157.375, 89.875, 8.415037474711628e-24, nan 
-157.125, 89.875, 6.412562579577124e-24, nan 
-156.875, 89.875, 4.5687409468803365e-24, nan 
-156.625, 89.875, 8.651147156494227e-24, nan 
-156.375, 89.875, 1.0294373065284176e-23, nan 
-156.125, 89.875, 8.076769947224066e-24, nan 
-155.875, 89.875, 6.76646544768896e-24, nan 
-155.625, 89.875, 8.133849367529754e-24, nan 
-155.375, 89.875, 9.9334141705065e-24, nan 
-155.125, 89.875, 8.907412102959532e-24, nan 
-154.875, 89.875, 8.670545326274845e-24, nan 
-154.625, 89.875, 4.397014823806729e-24, nan 
-154.375, 89.875, 9.309283154541366e-24, nan 
-154.125, 89.875, 6.080409618925198e-24, nan 
-153.875, 89.875, 6.66422789788737e-24, nan 
-153.625, 89.875, 7.681344101301296e-24, nan 
-153.375, 89.875, 7.724728240120758e-24, nan 
-153.125, 89.875, 9.94800711507099e-24, nan 
-152.875, 89.875, 9.65785596212341e-24, nan 
-152.625, 89.875, 7.396762451361313e-24, nan 
-152.375, 89.875, 7.310931955182694e-24, nan 
-152.125, 89.875, 7.608076461111386e-24, nan 
-151.875, 89.875, 5.251218063510012e-24, nan 
-151.625, 89.875, 7.821260764513466e-24, nan 
-151.375, 89.875, 5.8358761921076404e-24, nan 
-151.125, 89.875, 5.0768768834929785e-24, nan 
-150.875, 89.875, 7.836340348862107e-24, nan 
-150.625, 89.875, 9.170087613649817e-24, nan 
-150.375, 89.875, 6.223612128836144e-24, nan 
-150.125, 89.875, 8.027224516943063e-24, nan 
-149.875, 89.875, 5.122157427077628e-24, nan 
-149.625, 89.875, 5.021525633187975e-24, nan 
-149.375, 89.875, 5.979655970699485e-24, nan 
-149.125, 89.875, 7.054685397429617e-24, nan 
-148.875, 89.875, 5.641978923713683e-24, nan 
-148.625, 89.875, 5.999727742036059e-24, nan 
-148.375, 89.875, 6.372150688347926e-24, nan 
-148.125, 89.875, 8.90190053106436e-24, nan 
-147.875, 89.875, 6.3985601235422955e-24, nan 
-147.625, 89.875, 3.8562357583831325e-24, nan 
-147.375, 89.875, 9.598458877047807e-24, nan 
-147.125, 89.875, 9.002437641837557e-24, nan 
-146.875, 89.875, 4.108262875441613e-24, nan 
-146.625, 89.875, 2.623576785336371e-24, nan 
-146.375, 89.875, 5.5003219081511455e-24, nan 
-146.125, 89.875, 5.299392161758698e-24, nan 
-145.875, 89.875, 4.419536634763992e-24, nan 
-145.625, 89.875, 6.114088121714596e-24, nan 
-145.375, 89.875, 3.9490161601439865e-24, nan 
-145.125, 89.875, 9.105752576541434e-24, nan 
-144.875, 89.875, 1.1020594943513418e-23, nan 
-144.625, 89.875, 6.979434639899306e-24, nan 
-144.375, 89.875, 6.174112567764657e-24, nan 
-144.125, 89.875, 4.481300100225127e-24, nan 
-143.875, 89.875, 5.179058581507642e-24, nan 
-143.625, 89.875, 7.06515587304248e-24, nan 
-143.375, 89.875, 3.618727226890726e-24, nan 
-143.125, 89.875, 7.466028399333206e-24, nan 
-142.875, 89.875, 3.861779828800304e-24, nan 
-142.625, 89.875, 7.124504321719319e-24, nan 
-142.375, 89.875, 7.408722472917032e-24, nan 
-142.125, 89.875, 5.6059756332310096e-24, nan 
-141.875, 89.875, 1.0692587022701238e-23, nan 
-141.625, 89.875, 9.892311863172293e-24, nan 
-141.375, 89.875, 4.835386220640687e-24, nan 
-141.125, 89.875, 3.324581438208228e-24, nan 
-140.875, 89.875, 8.310487314606342e-24, nan 
-140.625, 89.875, 8.473599618217456e-24, nan 
-140.375, 89.875, 3.652121405318033e-24, nan 
-140.125, 89.875, 1.0951432634481177e-23, nan 
-139.875, 89.875, 6.3492301103193334e-24, nan 
-139.625, 89.875, 1.1802741153829892e-23, nan 
-139.375, 89.875, 1.1103226041480758e-23, nan 
-139.125, 89.875, 5.256029347677721e-24, nan 
-138.875, 89.875, 4.9175014657661235e-24, nan 
-138.625, 89.875, 5.904521978341895e-24, nan 
-138.375, 89.875, 7.039030706051983e-24, nan 
-138.125, 89.875, 1.377227027142579e-23, nan 
-137.875, 89.875, 1.9528563187307132e-23, nan 
-137.625, 89.875, 2.182936721800184e-23, nan 
-137.375, 89.875, 2.0557504534309122e-23, nan 
-137.125, 89.875, 1.366202456000511e-23, nan 
-136.875, 89.875, 4.457415149864935e-24, nan 
-136.625, 89.875, 5.9720965169709936e-24, nan 
-136.375, 89.875, 6.968770095644194e-24, nan 
-136.125, 89.875, 3.58382601597128e-24, nan 
-135.875, 89.875, 9.410040777806106e-24, nan 
-135.625, 89.875, 1.0204829827388692e-23, nan 
-135.375, 89.875, 6.480025693778855e-24, nan 
-135.125, 89.875, 4.948434806772393e-24, nan 
-134.875, 89.875, 4.20096257909584e-24, nan 
-134.625, 89.875, 4.1167950541604016e-24, nan 
-134.375, 89.875, 1.4642089370262853e-24, nan 
-134.125, 89.875, 2.9676755290479634e-24, nan 
-133.875, 89.875, 5.626229063072086e-24, nan 
-133.625, 89.875, 7.417307733280892e-24, nan 
-133.375, 89.875, 2.2920536727420052e-24, nan 
-133.125, 89.875, 7.176764504320048e-24, nan 
-132.875, 89.875, 5.532299601139882e-24, nan 
-132.625, 89.875, 6.844848665944357e-24, nan 
-132.375, 89.875, 6.029477942289492e-24, nan 
-132.125, 89.875, 5.9190120557175945e-24, nan 
-131.875, 89.875, 5.66256983666826e-24, nan 
-131.625, 89.875, 5.871822902776376e-24, nan 
-131.375, 89.875, 6.418427606713077e-24, nan 
-131.125, 89.875, 5.692322231750539e-24, nan 
-130.875, 89.875, 5.1952396115763394e-24, nan 
-130.625, 89.875, 6.641770933612326e-24, nan 
-130.375, 89.875, 6.334975190044766e-24, nan 
-130.125, 89.875, 4.642633465974435e-24, nan 
-129.875, 89.875, 3.9119282072386094e-24, nan 
-129.625, 89.875, 5.1905585951452145e-24, nan 
-129.375, 89.875, 5.3887981223821095e-24, nan 
-129.125, 89.875, 4.021190594744989e-24, nan 
-128.875, 89.875, 4.002842282821575e-24, nan 
-128.625, 89.875, 3.446929489297601e-24, nan 
-128.375, 89.875, 3.1336862573722764e-24, nan 
-128.125, 89.875, 3.652951475488034e-24, nan 
-127.875, 89.875, 8.697306152575446e-24, nan 
-127.625, 89.875, 8.09886996231328e-24, nan 
-127.375, 89.875, 3.223616354385785e-24, nan 
-127.125, 89.875, 4.026100311743997e-24, nan 
-126.875, 89.875, 1.0890235147850149e-23, nan 
-126.625, 89.875, 8.501438687581941e-24, nan 
-126.375, 89.875, 3.5366716537974e-24, nan 
-126.125, 89.875, 4.1322916822092616e-24, nan 
-125.875, 89.875, 6.408249631676747e-24, nan 
-125.625, 89.875, 5.098005200755924e-24, nan 
-125.375, 89.875, 7.620970546204772e-24, nan 
-125.125, 89.875, 6.335750298860256e-24, nan 
-124.875, 89.875, 4.493761648853763e-24, nan 
-124.625, 89.875, 3.1608796626558173e-24, nan 
-124.375, 89.875, 4.880879423682748e-24, nan 
-124.125, 89.875, 5.069738842194584e-24, nan 
-123.875, 89.875, 3.210660665825297e-24, nan 
-123.625, 89.875, 4.526326347510586e-24, nan 
-123.375, 89.875, 5.8454323880454996e-24, nan 
-123.125, 89.875, 2.0534766289970647e-24, nan 
-122.875, 89.875, 3.992814286199437e-24, nan 
-122.625, 89.875, 3.212104958982668e-24, nan 
-122.375, 89.875, 4.610297411258508e-24, nan 
-122.125, 89.875, 4.7368250418050355e-24, nan 
-121.875, 89.875, 4.207788347164926e-24, nan 
-121.625, 89.875, 3.4696919756573904e-24, nan 
-121.375, 89.875, 2.8878802229071096e-24, nan 
-121.125, 89.875, 5.4802437820899224e-24, nan 
-120.875, 89.875, 6.375669662828122e-24, nan 
-120.625, 89.875, 3.93472121352951e-24, nan 
-120.375, 89.875, 3.713048856575567e-24, nan 
-120.125, 89.875, 5.2235395651373535e-24, nan 
-119.875, 89.875, 4.947741154404413e-24, nan 
-119.625, 89.875, 3.5810965778601055e-24, nan 
-119.375, 89.875, 3.2809404916314337e-24, nan 
-119.125, 89.875, 3.753862556269691e-24, nan 
-118.875, 89.875, 4.669104698240686e-24, nan 
-118.625, 89.875, 4.037797555944697e-24, nan 
-118.375, 89.875, 3.599431900004348e-24, nan 
-118.125, 89.875, 3.511405267850728e-24, nan 
-117.875, 89.875, 2.9289321239153486e-24, nan 
-117.625, 89.875, 2.7047341170965948e-24, nan 
-117.375, 89.875, 3.716653700752017e-24, nan 
-117.125, 89.875, 5.549064175912655e-24, nan 
-116.875, 89.875, 1.5473175066093198e-24, nan 
-116.625, 89.875, 3.6986559655838894e-24, nan 
-116.375, 89.875, 3.67478261410059e-24, nan 
-116.125, 89.875, 3.6210496044458454e-24, nan 
-115.875, 89.875, 1.4822577223240857e-24, nan 
-115.625, 89.875, 6.749970064379721e-24, nan 
-115.375, 89.875, 4.472943015073994e-24, nan 
-115.125, 89.875, 3.3994054436481944e-24, nan 
-114.875, 89.875, 4.111739417797324e-24, nan 
-114.625, 89.875, 3.718279134188441e-24, nan 
-114.375, 89.875, 3.925007106462428e-24, nan 
-114.125, 89.875, 5.538616932956554e-24, nan 
-113.875, 89.875, 7.139029933559883e-24, nan 
-113.625, 89.875, 5.850876466680934e-24, nan 
-113.375, 89.875, 6.1387119080472005e-24, nan 
-113.125, 89.875, 4.221921014818118e-24, nan 
-112.875, 89.875, 4.8882833666741265e-24, nan 
-112.625, 89.875, 3.644185010697949e-24, nan 
-112.375, 89.875, 6.013604024256128e-24, nan 
-112.125, 89.875, 5.8424484773922004e-24, nan 
-111.875, 89.875, 4.716591056868376e-24, nan 
-111.625, 89.875, 6.883962822679705e-24, nan 
-111.375, 89.875, 6.420260350321136e-24, nan 
-111.125, 89.875, 8.857858232414634e-24, nan 
-110.875, 89.875, 5.3299151187690164e-24, nan 
-110.625, 89.875, 4.8165741828250044e-24, nan 
-110.375, 89.875, 7.95633842688923e-24, nan 
-110.125, 89.875, 9.75735165635829e-24, nan 
-109.875, 89.875, 6.174897024244048e-24, nan 
-109.625, 89.875, 4.32426653664529e-24, nan 
-109.375, 89.875, 1.0230232347564127e-23, nan 
-109.125, 89.875, 1.0369394406310127e-23, nan 
-108.875, 89.875, 6.332687119355876e-24, nan 
-108.625, 89.875, 5.766941480606525e-24, nan 
-108.375, 89.875, 5.210508378261889e-24, nan 
-108.125, 89.875, 6.083027478030231e-24, nan 
-107.875, 89.875, 6.4088457138568135e-24, nan 
-107.625, 89.875, 5.669479282620912e-24, nan 
-107.375, 89.875, 5.957054565292777e-24, nan 
-107.125, 89.875, 5.215433628301274e-24, nan 
-106.875, 89.875, 5.155297483058819e-24, nan 
-106.625, 89.875, 7.345897995696258e-24, nan 
-106.375, 89.875, 6.4703080476035274e-24, nan 
-106.125, 89.875, 6.228964196446358e-24, nan 
-105.875, 89.875, 6.604767539015176e-24, nan 
-105.625, 89.875, 5.3496541915912554e-24, nan 
-105.375, 89.875, 6.020669521761879e-24, nan 
-105.125, 89.875, 6.88212485197171e-24, nan 
-104.875, 89.875, 5.656302580111722e-24, nan 
-104.625, 89.875, 6.598312101300071e-24, nan 
-104.375, 89.875, 6.455333879260751e-24, nan 
-104.125, 89.875, 6.5699377721479126e-24, nan 
-103.875, 89.875, 6.45138551918657e-24, nan 
-103.625, 89.875, 5.698234812825629e-24, nan 
-103.375, 89.875, 5.004884593928077e-24, nan 
-103.125, 89.875, 4.666680634750633e-24, nan 
-102.875, 89.875, 5.7260836744436356e-24, nan 
-102.625, 89.875, 5.347095243887396e-24, nan 
-102.375, 89.875, 5.3421800268597086e-24, nan 
-102.125, 89.875, 4.63422732596118e-24, nan 
-101.875, 89.875, 5.015815939045623e-24, nan 
-101.625, 89.875, 5.669929868882077e-24, nan 
-101.375, 89.875, 5.264603650332046e-24, nan 
-101.125, 89.875, 5.7310200199209874e-24, nan 
-100.875, 89.875, 3.530678074819433e-24, nan 
-100.625, 89.875, 4.537949759731836e-24, nan 
-100.375, 89.875, 6.046595886237903e-24, nan 
-100.125, 89.875, 5.996830043939798e-24, nan 
-99.875, 89.875, 4.003229399860142e-24, nan 
-99.625, 89.875, 6.602859688779522e-24, nan 
-99.375, 89.875, 4.726032221290577e-24, nan 
-99.125, 89.875, 4.36716890425319e-24, nan 
-98.875, 89.875, 6.386801014711633e-24, nan 
-98.625, 89.875, 5.069850464259285e-24, nan 
-98.375, 89.875, 5.416292510166804e-24, nan 
-98.125, 89.875, 5.610710665614504e-24, nan 
-97.875, 89.875, 7.979815415238633e-24, nan 
-97.625, 89.875, 6.560309986380379e-24, nan 
-97.375, 89.875, 7.056925442194758e-24, nan 
-97.125, 89.875, 5.054965105237445e-24, nan 
-96.875, 89.875, 4.0364148142774686e-24, nan 
-96.625, 89.875, 5.4364851746001516e-24, nan 
-96.375, 89.875, 4.421142174487081e-24, nan 
-96.125, 89.875, 5.125928478048321e-24, nan 
-95.875, 89.875, 4.544293376954281e-24, nan 
-95.625, 89.875, 5.811757380560271e-24, nan 
-95.375, 89.875, 6.152211704849881e-24, nan 
-95.125, 89.875, 4.141940177573942e-24, nan 
-94.875, 89.875, 6.331794215642273e-24, nan 
-94.625, 89.875, 5.6100608529732e-24, nan 
-94.375, 89.875, 6.2623930815080624e-24, nan 
-94.125, 89.875, 5.605117916365452e-24, nan 
-93.875, 89.875, 5.306113162287543e-24, nan 
-93.625, 89.875, 5.0986229745885135e-24, nan 
-93.375, 89.875, 5.2356876404580905e-24, nan 
-93.125, 89.875, 6.753097399133743e-24, nan 
-92.875, 89.875, 2.366879895594606e-24, nan 
-92.625, 89.875, 6.269970538512669e-24, nan 
-92.375, 89.875, 6.375858903918701e-24, nan 
-92.125, 89.875, 4.9644785756030515e-24, nan 
-91.875, 89.875, 3.349838544373043e-24, nan 
-91.625, 89.875, 5.5461832571899575e-24, nan 
-91.375, 89.875, 6.213381666029483e-24, nan 
-91.125, 89.875, 3.4967460503245004e-24, nan 
-90.875, 89.875, 6.353398398091718e-24, nan 
-90.625, 89.875, 6.083741161086303e-24, nan 
-90.375, 89.875, 6.65942065389867e-24, nan 
-90.125, 89.875, 5.9958816269163665e-24, nan 
-89.875, 89.875, 5.57080410636779e-24, nan 
-89.625, 89.875, 5.251881516395068e-24, nan 
-89.375, 89.875, 5.390823195385067e-24, nan 
-89.125, 89.875, 5.4016426854064214e-24, nan 
-88.875, 89.875, 5.2746361525750336e-24, nan 
-88.625, 89.875, 5.9204556120572296e-24, nan 
-88.375, 89.875, 4.243569984574818e-24, nan 
-88.125, 89.875, 2.9804773804477173e-24, nan 
-87.875, 89.875, 5.462120256131768e-24, nan 
-87.625, 89.875, 5.999847173465696e-24, nan 
-87.375, 89.875, 7.159705533118307e-24, nan 
-87.125, 89.875, 5.518833455481888e-24, nan 
-86.875, 89.875, 6.439727622888252e-24, nan 
-86.625, 89.875, 5.292926395147537e-24, nan 
-86.375, 89.875, 5.687448633592561e-24, nan 
-86.125, 89.875, 5.800860559180156e-24, nan 
-85.875, 89.875, 6.6076464828557725e-24, nan 
-85.625, 89.875, 5.457481805359202e-24, nan 
-85.375, 89.875, 6.352915154885057e-24, nan 
-85.125, 89.875, 5.5015302852087056e-24, nan 
-84.875, 89.875, 6.135414679092745e-24, nan 
-84.625, 89.875, 7.048665168953287e-24, nan 
-84.375, 89.875, 5.1260655027102554e-24, nan 
-84.125, 89.875, 4.709495182687918e-24, nan 
-83.875, 89.875, 5.163735867605625e-24, nan 
-83.625, 89.875, 5.933149855067629e-24, nan 
-83.375, 89.875, 6.235161773727108e-24, nan 
-83.125, 89.875, 5.940323607646342e-24, nan 
-82.875, 89.875, 4.6635610484666424e-24, nan 
-82.625, 89.875, 4.364186869710249e-24, nan 
-82.375, 89.875, 5.018896233372052e-24, nan 
-82.125, 89.875, 5.0301539580642316e-24, nan 
-81.875, 89.875, 7.833227063271426e-24, nan 
-81.625, 89.875, 7.424963192474186e-24, nan 
-81.375, 89.875, 5.682830868548742e-24, nan 
-81.125, 89.875, 7.397636268195149e-24, nan 
-80.875, 89.875, 6.630153201248981e-24, nan 
-80.625, 89.875, 6.008842330236803e-24, nan 
-80.375, 89.875, 5.337515332151184e-24, nan 
-80.125, 89.875, 5.298847659401157e-24, nan 
-79.875, 89.875, 5.359651437659134e-24, nan 
-79.625, 89.875, 6.156121957999076e-24, nan 
-79.375, 89.875, 5.5400647452025174e-24, nan 
-79.125, 89.875, 5.0362390729211956e-24, nan 
-78.875, 89.875, 6.98537834596543e-24, nan 
-78.625, 89.875, 6.106882069951577e-24, nan 
-78.375, 89.875, 2.4543977133732317e-24, nan 
-78.125, 89.875, 2.4438120429690977e-24, nan 
-77.875, 89.875, 2.609341835504287e-24, nan 
-77.625, 89.875, 2.8700407037080817e-24, nan 
-77.375, 89.875, 4.628421451181479e-24, nan 
-77.125, 89.875, 5.5400767971097485e-24, nan 
-76.875, 89.875, 4.917794289954546e-24, nan 
-76.625, 89.875, 3.151020950770829e-24, nan 
-76.375, 89.875, 4.834153840723505e-24, nan 
-76.125, 89.875, 3.915588939098278e-24, nan 
-75.875, 89.875, 3.476119646924938e-24, nan 
-75.625, 89.875, 5.722963619796198e-24, nan 
-75.375, 89.875, 5.953591030820863e-24, nan 
-75.125, 89.875, 5.7328780725080265e-24, nan 
-74.875, 89.875, 3.502827319115117e-24, nan 
-74.625, 89.875, 6.03649652237949e-24, nan 
-74.375, 89.875, 9.379860381940924e-24, nan 
-74.125, 89.875, 7.236454851498809e-24, nan 
-73.875, 89.875, 3.807333377161908e-24, nan 
-73.625, 89.875, 5.6223746035721786e-24, nan 
-73.375, 89.875, 5.994778949690527e-24, nan 
-73.125, 89.875, 7.03186453135977e-24, nan 
-72.875, 89.875, 5.5203066926166664e-24, nan 
-72.625, 89.875, 5.393786927849854e-24, nan 
-72.375, 89.875, 6.512538893472113e-24, nan 
-72.125, 89.875, 4.950928343895134e-24, nan 
-71.875, 89.875, 4.557206582247162e-24, nan 
-71.625, 89.875, 4.947682989100948e-24, nan 
-71.375, 89.875, 5.452595769882625e-24, nan 
-71.125, 89.875, 5.8636943973502466e-24, nan 
-70.875, 89.875, 4.626059026959078e-24, nan 
-70.625, 89.875, 4.913123123586454e-24, nan 
-70.375, 89.875, 5.0494322041123104e-24, nan 
-70.125, 89.875, 5.406692809560284e-24, nan 
-69.875, 89.875, 4.955594118765177e-24, nan 
-69.625, 89.875, 4.7017718135295284e-24, nan 
-69.375, 89.875, 5.568716792338346e-24, nan 
-69.125, 89.875, 5.9314964588010124e-24, nan 
-68.875, 89.875, 8.065360230542358e-24, nan 
-68.625, 89.875, 8.909547500801434e-24, nan 
-68.375, 89.875, 7.094423452260732e-24, nan 
-68.125, 89.875, 5.131275021118095e-24, nan 
-67.875, 89.875, 5.9618891770218426e-24, nan 
-67.625, 89.875, 7.608096171452041e-24, nan 
-67.375, 89.875, 6.738875467153327e-24, nan 
-67.125, 89.875, 7.512456799654497e-24, nan 
-66.875, 89.875, 5.364333134822795e-24, nan 
-66.625, 89.875, 3.766534010376707e-24, nan 
-66.375, 89.875, 7.33578400537593e-24, nan 
-66.125, 89.875, 6.851701290131296e-24, nan 
-65.875, 89.875, 5.562528991334258e-24, nan 
-65.625, 89.875, 6.3919684893060154e-24, nan 
-65.375, 89.875, 7.50455192606004e-24, nan 
-65.125, 89.875, 6.842530714528543e-24, nan 
-64.875, 89.875, 6.870485964294775e-24, nan 
-64.625, 89.875, 5.561738502091132e-24, nan 
-64.375, 89.875, 7.2323048356604e-24, nan 
-64.125, 89.875, 5.6525428461559234e-24, nan 
-63.875, 89.875, 5.860955634606852e-24, nan 
-63.625, 89.875, 5.922201339150035e-24, nan 
-63.375, 89.875, 7.064756818709593e-24, nan 
-63.125, 89.875, 6.326427295597604e-24, nan 
-62.875, 89.875, 6.168596261174787e-24, nan 
-62.625, 89.875, 5.776009402385699e-24, nan 
-62.375, 89.875, 5.198472220838281e-24, nan 
-62.125, 89.875, 6.495819184174177e-24, nan 
-61.875, 89.875, 6.446104941177516e-24, nan 
-61.625, 89.875, 6.928178784191697e-24, nan 
-61.375, 89.875, 5.492420075117697e-24, nan 
-61.125, 89.875, 5.3005258042228955e-24, nan 
-60.875, 89.875, 6.415919107238612e-24, nan 
-60.625, 89.875, 6.811530733248697e-24, nan 
-60.375, 89.875, 5.779635601654267e-24, nan 
-60.125, 89.875, 6.517801682264936e-24, nan 
-59.875, 89.875, 4.101152197019028e-24, nan 
-59.625, 89.875, 4.8481281408674945e-24, nan 
-59.375, 89.875, 7.288009910845834e-24, nan 
-59.125, 89.875, 5.4542521552086456e-24, nan 
-58.875, 89.875, 5.5593852616206236e-24, nan 
-58.625, 89.875, 5.065911253248062e-24, nan 
-58.375, 89.875, 5.0425517819238284e-24, nan 
-58.125, 89.875, 4.671757210807659e-24, nan 
-57.875, 89.875, 5.457433286169256e-24, nan 
-57.625, 89.875, 5.656614944104167e-24, nan 
-57.375, 89.875, 6.4020683449781586e-24, nan 
-57.125, 89.875, 6.469809041121668e-24, nan 
-56.875, 89.875, 5.191601046580072e-24, nan 
-56.625, 89.875, 5.035362193625838e-24, nan 
-56.375, 89.875, 4.180758706358032e-24, nan 
-56.125, 89.875, 4.990467593366234e-24, nan 
-55.875, 89.875, 5.91264281754466e-24, nan 
-55.625, 89.875, 5.35954231227796e-24, nan 
-55.375, 89.875, 5.105554428282844e-24, nan 
-55.125, 89.875, 5.259733787707867e-24, nan 
-54.875, 89.875, 4.921974792327449e-24, nan 
-54.625, 89.875, 4.8474860737449355e-24, nan 
-54.375, 89.875, 5.722549679543728e-24, nan 
-54.125, 89.875, 5.336742591135039e-24, nan 
-53.875, 89.875, 4.048737170500653e-24, nan 
-53.625, 89.875, 6.0309130581042574e-24, nan 
-53.375, 89.875, 6.076477357972502e-24, nan 
-53.125, 89.875, 5.968810626263353e-24, nan 
-52.875, 89.875, 4.300416057243085e-24, nan 
-52.625, 89.875, 4.215701238159429e-24, nan 
-52.375, 89.875, 4.6315913277463014e-24, nan 
-52.125, 89.875, 7.365937166014514e-24, nan 
-51.875, 89.875, 6.545619786262349e-24, nan 
-51.625, 89.875, 6.158926638162433e-24, nan 
-51.375, 89.875, 5.244399505096671e-24, nan 
-51.125, 89.875, 7.140963947616851e-24, nan 
-50.875, 89.875, 7.841444343826629e-24, nan 
-50.625, 89.875, 7.234915600598989e-24, nan 
-50.375, 89.875, 6.401546174225768e-24, nan 
-50.125, 89.875, 7.458251197078035e-24, nan 
-49.875, 89.875, 7.318049718331957e-24, nan 
-49.625, 89.875, 8.399477078641831e-24, nan 
-49.375, 89.875, 8.782653156714067e-24, nan 
-49.125, 89.875, 8.201721623245752e-24, nan 
-48.875, 89.875, 7.672367436260408e-24, nan 
-48.625, 89.875, 7.207090087210144e-24, nan 
-48.375, 89.875, 9.101327984642072e-24, nan 
-48.125, 89.875, 8.275936842433771e-24, nan 
-47.875, 89.875, 7.470662625008554e-24, nan 
-47.625, 89.875, 7.566606486936889e-24, nan 
-47.375, 89.875, 7.473600712654404e-24, nan 
-47.125, 89.875, 7.15043131885323e-24, nan 
-46.875, 89.875, 6.308195848549108e-24, nan 
-46.625, 89.875, 6.62554296794784e-24, nan 
-46.375, 89.875, 5.593763289422223e-24, nan 
-46.125, 89.875, 4.777831877614887e-24, nan 
-45.875, 89.875, 4.684398780234955e-24, nan 
-45.625, 89.875, 5.8919179618192385e-24, nan 
-45.375, 89.875, 5.924028287441675e-24, nan 
-45.125, 89.875, 7.110517545688668e-24, nan 
-44.875, 89.875, 6.199147726306627e-24, nan 
-44.625, 89.875, 5.920084677145529e-24, nan 
-44.375, 89.875, 6.521309880001465e-24, nan 
-44.125, 89.875, 8.067013920786793e-24, nan 
-43.875, 89.875, 6.913696698820486e-24, nan 
-43.625, 89.875, 6.710166968756251e-24, nan 
-43.375, 89.875, 4.891861738432916e-24, nan 
-43.125, 89.875, 6.353715737828486e-24, nan 
-42.875, 89.875, 6.235591148376052e-24, nan 
-42.625, 89.875, 8.694311041213864e-24, nan 
-42.375, 89.875, 6.0470128317557324e-24, nan 
-42.125, 89.875, 5.0561674284504275e-24, nan 
-41.875, 89.875, 9.057303347507515e-24, nan 
-41.625, 89.875, 9.292495626193493e-24, nan 
-41.375, 89.875, 1.0223514594974142e-23, nan 
-41.125, 89.875, 1.0523876942174647e-23, nan 
-40.875, 89.875, 9.641272586569972e-24, nan 
-40.625, 89.875, 1.2173926705833392e-23, nan 
-40.375, 89.875, 1.0534816721813437e-23, nan 
-40.125, 89.875, 9.976305020662137e-24, nan 
-39.875, 89.875, 8.451906299874236e-24, nan 
-39.625, 89.875, 1.0366101232089401e-23, nan 
-39.375, 89.875, 9.236292781782127e-24, nan 
-39.125, 89.875, 9.1559162012297e-24, nan 
-38.875, 89.875, 1.0421792507213289e-23, nan 
-38.625, 89.875, 1.0196104106699411e-23, nan 
-38.375, 89.875, 1.355137415946465e-23, nan 
-38.125, 89.875, 1.4485706519678324e-23, nan 
-37.875, 89.875, 1.0732065228339494e-23, nan 
-37.625, 89.875, 1.1792819699868127e-23, nan 
-37.375, 89.875, 1.1585415700254519e-23, nan 
-37.125, 89.875, 1.0686064764488705e-23, nan 
-36.875, 89.875, 1.1618941277074784e-23, nan 
-36.625, 89.875, 9.85320420233138e-24, nan 
-36.375, 89.875, 1.0084817302909728e-23, nan 
-36.125, 89.875, 1.0942691474292588e-23, nan 
-35.875, 89.875, 1.1878251113323706e-23, nan 
-35.625, 89.875, 1.1719451886291967e-23, nan 
-35.375, 89.875, 1.3022338506334773e-23, nan 
-35.125, 89.875, 1.1344380396370652e-23, nan 
-34.875, 89.875, 1.1077013222234397e-23, nan 
-34.625, 89.875, 1.0669899633997426e-23, nan 
-34.375, 89.875, 1.1450242932658658e-23, nan 
-34.125, 89.875, 1.1341685686449619e-23, nan 
-33.875, 89.875, 1.2288670857494619e-23, nan 
-33.625, 89.875, 1.1861208542956642e-23, nan 
-33.375, 89.875, 1.395656530616666e-23, nan 
-33.125, 89.875, 1.1491134439693505e-23, nan 
-32.875, 89.875, 1.1448899783957085e-23, nan 
-32.625, 89.875, 1.3818921857984096e-23, nan 
-32.375, 89.875, 1.3116607023295202e-23, nan 
-32.125, 89.875, 1.1724265771401182e-23, nan 
-31.875, 89.875, 1.1269025169877609e-23, nan 
-31.625, 89.875, 1.1906249683557413e-23, nan 
-31.375, 89.875, 1.1387615772510197e-23, nan 
-31.125, 89.875, 1.1531968112906964e-23, nan 
-30.875, 89.875, 1.1680152930482144e-23, nan 
-30.625, 89.875, 1.140556394286051e-23, nan 
-30.375, 89.875, 1.4834086687473147e-23, nan 
-30.125, 89.875, 1.5902294406210287e-23, nan 
-29.875, 89.875, 1.25853487423446e-23, nan 
-29.625, 89.875, 1.2027594991690913e-23, nan 
-29.375, 89.875, 1.1882564737331806e-23, nan 
-29.125, 89.875, 1.1578393661426947e-23, nan 
-28.875, 89.875, 1.2350513196759662e-23, nan 
-28.625, 89.875, 1.1500152294132479e-23, nan 
-28.375, 89.875, 1.2491638006238014e-23, nan 
-28.125, 89.875, 1.1836271798102272e-23, nan 
-27.875, 89.875, 1.2384382737221439e-23, nan 
-27.625, 89.875, 1.3563350443553463e-23, nan 
-27.375, 89.875, 1.2588270623165696e-23, nan 
-27.125, 89.875, 1.572466119427143e-23, nan 
-26.875, 89.875, 1.635279019232778e-23, nan 
-26.625, 89.875, 1.2397406014467201e-23, nan 
-26.375, 89.875, 1.1986060406362008e-23, nan 
-26.125, 89.875, 1.331241226267373e-23, nan 
-25.875, 89.875, 1.3817250575909818e-23, nan 
-25.625, 89.875, 1.2423113013310293e-23, nan 
-25.375, 89.875, 1.5052096036493045e-23, nan 
-25.125, 89.875, 1.3370102757132073e-23, nan 
-24.875, 89.875, 1.7596983784577605e-23, nan 
-24.625, 89.875, 1.5713548942348077e-23, nan 
-24.375, 89.875, 1.2701670804049314e-23, nan 
-24.125, 89.875, 1.27737341376103e-23, nan 
-23.875, 89.875, 1.2774351935955963e-23, nan 
-23.625, 89.875, 1.3728612706408276e-23, nan 
-23.375, 89.875, 2.1829789423042354e-23, nan 
-23.125, 89.875, 2.977372516913352e-23, nan 
-22.875, 89.875, 3.3051365094989514e-23, nan 
-22.625, 89.875, 3.0656207080546406e-23, nan 
-22.375, 89.875, 2.107049186238449e-23, nan 
-22.125, 89.875, 1.2542915966649815e-23, nan 
-21.875, 89.875, 1.2153745177204499e-23, nan 
-21.625, 89.875, 1.3373234116576912e-23, nan 
-21.375, 89.875, 1.4034357742135345e-23, nan 
-21.125, 89.875, 1.636877226998713e-23, nan 
-20.875, 89.875, 1.4737177955547217e-23, nan 
-20.625, 89.875, 9.970799571622479e-24, nan 
-20.375, 89.875, 7.647732287468823e-24, nan 
-20.125, 89.875, 7.183265869867952e-24, nan 
-19.875, 89.875, 7.27418644237718e-24, nan 
-19.625, 89.875, 6.307542174685299e-24, nan 
-19.375, 89.875, 6.2692327654295776e-24, nan 
-19.125, 89.875, 7.237115494359396e-24, nan 
-18.875, 89.875, 1.2029906429200003e-23, nan 
-18.625, 89.875, 1.1475712059790582e-23, nan 
-18.375, 89.875, 1.2951674723164403e-23, nan 
-18.125, 89.875, 1.2886507778683089e-23, nan 
-17.875, 89.875, 1.2920751435421012e-23, nan 
-17.625, 89.875, 1.312482714975059e-23, nan 
-17.375, 89.875, 1.3226546661194881e-23, nan 
-17.125, 89.875, 1.192208164227847e-23, nan 
-16.875, 89.875, 1.2672725473267068e-23, nan 
-16.625, 89.875, 1.3701889633254674e-23, nan 
-16.375, 89.875, 1.2923029036723343e-23, nan 
-16.125, 89.875, 1.2919087715196196e-23, nan 
-15.875, 89.875, 1.2925484995491515e-23, nan 
-15.625, 89.875, 1.2375933120597427e-23, nan 
-15.375, 89.875, 1.1684263253810882e-23, nan 
-15.125, 89.875, 9.512011400646783e-24, nan 
-14.875, 89.875, 7.113149075604463e-24, nan 
-14.625, 89.875, 8.400284924027527e-24, nan 
-14.375, 89.875, 1.3426060471455504e-23, nan 
-14.125, 89.875, 1.3297626227579e-23, nan 
-13.875, 89.875, 1.2826968944538304e-23, nan 
-13.625, 89.875, 1.2462765265835821e-23, nan 
-13.375, 89.875, 1.2448116771843503e-23, nan 
-13.125, 89.875, 1.5060188009896691e-23, nan 
-12.875, 89.875, 1.4654126179564473e-23, nan 
-12.625, 89.875, 1.250818400531237e-23, nan 
-12.375, 89.875, 1.327379854804311e-23, nan 
-12.125, 89.875, 1.843071841181923e-23, nan 
-11.875, 89.875, 1.6785823062542406e-23, nan 
-11.625, 89.875, 1.3352329272308023e-23, nan 
-11.375, 89.875, 1.4041164083205707e-23, nan 
-11.125, 89.875, 1.3388744464012285e-23, nan 
-10.875, 89.875, 1.0198822997301412e-23, nan 
-10.625, 89.875, 1.2411977836542732e-23, nan 
-10.375, 89.875, 1.1464222974235289e-23, nan 
-10.125, 89.875, 1.0986333146845225e-23, nan 
-9.875, 89.875, 8.532079942948257e-24, nan 
-9.625, 89.875, 1.0319321429907333e-23, nan 
-9.375, 89.875, 8.456173316107257e-24, nan 
-9.125, 89.875, 8.187909055194452e-24, nan 
-8.875, 89.875, 9.862665634438953e-24, nan 
-8.625, 89.875, 8.728506442885578e-24, nan 
-8.375, 89.875, 8.279633087902336e-24, nan 
-8.125, 89.875, 1.8047069685844727e-23, nan 
-7.875, 89.875, 1.2437198736158512e-23, nan 
-7.625, 89.875, 1.0824133464304836e-23, nan 
-7.375, 89.875, 1.1214349152658382e-23, nan 
-7.125, 89.875, 1.4411674953440723e-23, nan 
-6.875, 89.875, 6.91881183085187e-24, nan 
-6.625, 89.875, 1.0006535607954463e-23, nan 
-6.375, 89.875, 1.1243329047650473e-23, nan 
-6.125, 89.875, 1.0785752447161644e-23, nan 
-5.875, 89.875, 7.284341806827213e-24, nan 
-5.625, 89.875, 1.2882590253410068e-23, nan 
-5.375, 89.875, 8.021692789517512e-24, nan 
-5.125, 89.875, 9.653158766404036e-24, nan 
-4.875, 89.875, 1.0230595840217398e-23, nan 
-4.625, 89.875, 8.896626382833569e-24, nan 
-4.375, 89.875, 7.811074267988049e-24, nan 
-4.125, 89.875, 9.792338199632214e-24, nan 
-3.875, 89.875, 7.492239848667424e-24, nan 
-3.625, 89.875, 5.832670362972511e-24, nan 
-3.375, 89.875, 8.390460725009814e-24, nan 
-3.125, 89.875, 9.426408662124842e-24, nan 
-2.875, 89.875, 7.523876918798733e-24, nan 
-2.625, 89.875, 9.800905679605822e-24, nan 
-2.375, 89.875, 9.446845375434635e-24, nan 
-2.125, 89.875, 5.007211685305479e-24, nan 
-1.875, 89.875, 8.071754750121164e-24, nan 
-1.625, 89.875, 8.727380539984834e-24, nan 
-1.375, 89.875, 9.524370810976761e-24, nan 
-1.125, 89.875, 6.79986402805929e-24, nan 
-0.875, 89.875, 1.0790800972470035e-23, nan 
-0.625, 89.875, 8.90821494225399e-24, nan 
-0.375, 89.875, 9.363659394654885e-24, nan 
-0.125, 89.875, 7.53465297028793e-24, nan 
0.125, 89.875, 7.027947769136289e-24, nan 
0.375, 89.875, 9.040573638457516e-24, nan 
0.625, 89.875, 8.612923407868539e-24, nan 
0.875, 89.875, 1.0872215629804299e-23, nan 
1.125, 89.875, 8.20721570393944e-24, nan 
1.375, 89.875, 9.862613827073521e-24, nan 
1.625, 89.875, 7.777387753618033e-24, nan 
1.875, 89.875, 9.41403216153514e-24, nan 
2.125, 89.875, 7.498039295277106e-24, nan 
2.375, 89.875, 1.086982386139882e-23, nan 
2.625, 89.875, 1.189359292307015e-23, nan 
2.875, 89.875, 9.317036702491884e-24, nan 
3.125, 89.875, 9.656751539395581e-24, nan 
3.375, 89.875, 1.2177075707444101e-23, nan 
3.625, 89.875, 1.598435178005745e-23, nan 
3.875, 89.875, 1.2073862357346864e-23, nan 
4.125, 89.875, 8.090540505255875e-24, nan 
4.375, 89.875, 1.3998874357010957e-23, nan 
4.625, 89.875, 1.7207968051552437e-23, nan 
4.875, 89.875, 1.8597816894874826e-23, nan 
5.125, 89.875, 1.1174018401578553e-23, nan 
5.375, 89.875, 1.7782615599695908e-23, nan 
5.625, 89.875, 1.679956752664384e-23, nan 
5.875, 89.875, 1.0445440212399616e-23, nan 
6.125, 89.875, 1.2226215096420256e-23, nan 
6.375, 89.875, 1.0963353425281658e-23, nan 
6.625, 89.875, 1.088207058281774e-23, nan 
6.875, 89.875, 1.0429138993072382e-23, nan 
7.125, 89.875, 1.0215991786174902e-23, nan 
7.375, 89.875, 1.577493239059747e-23, nan 
7.625, 89.875, 1.3070499777701181e-23, nan 
7.875, 89.875, 9.89553023100385e-24, nan 
8.125, 89.875, 1.0099177454546203e-23, nan 
8.375, 89.875, 9.895769889348522e-24, nan 
8.625, 89.875, 8.992338636032139e-24, nan 
8.875, 89.875, 1.0263190317751174e-23, nan 
9.125, 89.875, 8.689726250726608e-24, nan 
9.375, 89.875, 9.361947689202823e-24, nan 
9.625, 89.875, 9.7981065309829e-24, nan 
9.875, 89.875, 9.098534754322821e-24, nan 
10.125, 89.875, 9.558553440178575e-24, nan 
10.375, 89.875, 9.39055315859631e-24, nan 
10.625, 89.875, 9.575272837853656e-24, nan 
10.875, 89.875, 9.36287341482306e-24, nan 
11.125, 89.875, 9.060980719685697e-24, nan 
11.375, 89.875, 9.413397151969847e-24, nan 
11.625, 89.875, 9.126003284903156e-24, nan 
11.875, 89.875, 1.1063773606485153e-23, nan 
12.125, 89.875, 1.3527146978385113e-23, nan 
12.375, 89.875, 1.0428944011577047e-23, nan 
12.625, 89.875, 7.821884837783911e-24, nan 
12.875, 89.875, 7.191162663722315e-24, nan 
13.125, 89.875, 9.691852061419726e-24, nan 
13.375, 89.875, 7.95512065709083e-24, nan 
13.625, 89.875, 7.339456435850641e-24, nan 
13.875, 89.875, 9.235323808055793e-24, nan 
14.125, 89.875, 9.206957610550143e-24, nan 
14.375, 89.875, 8.401380400829341e-24, nan 
14.625, 89.875, 1.0573428009575473e-23, nan 
14.875, 89.875, 1.1920772190345288e-23, nan 
15.125, 89.875, 1.1502797901854404e-23, nan 
15.375, 89.875, 8.891254676549688e-24, nan 
15.625, 89.875, 9.819029281141194e-24, nan 
15.875, 89.875, 1.131698443805821e-23, nan 
16.125, 89.875, 8.231904828660386e-24, nan 
16.375, 89.875, 1.1849533157026423e-23, nan 
16.625, 89.875, 1.392496094890469e-23, nan 
16.875, 89.875, 1.6407888988625014e-23, nan 
17.125, 89.875, 1.6141123438002158e-23, nan 
17.375, 89.875, 1.5973480478804645e-23, nan 
17.625, 89.875, 1.5801275113939263e-23, nan 
17.875, 89.875, 1.3991214937258577e-23, nan 
18.125, 89.875, 1.429025325811907e-23, nan 
18.375, 89.875, 1.345064381943707e-23, nan 
18.625, 89.875, 1.5342611254671508e-23, nan 
18.875, 89.875, 1.444645929198384e-23, nan 
19.125, 89.875, 1.3057829021151422e-23, nan 
19.375, 89.875, 1.2111099559190534e-23, nan 
19.625, 89.875, 1.2598131064224202e-23, nan 
19.875, 89.875, 1.2285501167916463e-23, nan 
20.125, 89.875, 1.1192766386259024e-23, nan 
20.375, 89.875, 1.1109150445441648e-23, nan 
20.625, 89.875, 1.0746101107259255e-23, nan 
20.875, 89.875, 8.29681322954829e-24, nan 
21.125, 89.875, 8.215628843774163e-24, nan 
21.375, 89.875, 7.582513062491571e-24, nan 
21.625, 89.875, 9.065627945099643e-24, nan 
21.875, 89.875, 5.9627221541115984e-24, nan 
22.125, 89.875, 9.689908497094669e-24, nan 
22.375, 89.875, 1.0425969448568155e-23, nan 
22.625, 89.875, 6.804432164551472e-24, nan 
22.875, 89.875, 6.206916113192057e-24, nan 
23.125, 89.875, 8.546477307987168e-24, nan 
23.375, 89.875, 8.440095061084182e-24, nan 
23.625, 89.875, 4.9941127813990535e-24, nan 
23.875, 89.875, 8.210382895642453e-24, nan 
24.125, 89.875, 8.719469129865567e-24, nan 
24.375, 89.875, 8.8903809748011e-24, nan 
24.625, 89.875, 9.799132567371036e-24, nan 
24.875, 89.875, 8.246156206256533e-24, nan 
25.125, 89.875, 1.1031755491963407e-23, nan 
25.375, 89.875, 1.3048997862013158e-23, nan 
25.625, 89.875, 8.725581306773257e-24, nan 
25.875, 89.875, 7.979814133913882e-24, nan 
26.125, 89.875, 9.194219407930563e-24, nan 
26.375, 89.875, 5.5152300041427604e-24, nan 
26.625, 89.875, 5.623078793383276e-24, nan 
26.875, 89.875, 9.130527318268838e-24, nan 
27.125, 89.875, 8.809071820899106e-24, nan 
27.375, 89.875, 1.0801721659150314e-23, nan 
27.625, 89.875, 7.725298276530674e-24, nan 
27.875, 89.875, 1.0164756896497882e-23, nan 
28.125, 89.875, 8.487254810154081e-24, nan 
28.375, 89.875, 9.300747323646034e-24, nan 
28.625, 89.875, 8.669106817087195e-24, nan 
28.875, 89.875, 9.678825912555933e-24, nan 
29.125, 89.875, 9.083297275858616e-24, nan 
29.375, 89.875, 9.123786928886051e-24, nan 
29.625, 89.875, 8.07662141043773e-24, nan 
29.875, 89.875, 9.937720878894036e-24, nan 
30.125, 89.875, 1.1104271256580911e-23, nan 
30.375, 89.875, 8.671202607381162e-24, nan 
30.625, 89.875, 7.715159898502078e-24, nan 
30.875, 89.875, 8.180346346480738e-24, nan 
31.125, 89.875, 9.083728107904222e-24, nan 
31.375, 89.875, 1.0128273765929487e-23, nan 
31.625, 89.875, 1.0023219916020924e-23, nan 
31.875, 89.875, 7.958921083332226e-24, nan 
32.125, 89.875, 7.372914331600297e-24, nan 
32.375, 89.875, 9.088055919844085e-24, nan 
32.625, 89.875, 9.413276837030864e-24, nan 
32.875, 89.875, 1.2615253585001395e-23, nan 
33.125, 89.875, 1.1666337464537133e-23, nan 
33.375, 89.875, 1.0703648128790963e-23, nan 
33.625, 89.875, 1.279338959582211e-23, nan 
33.875, 89.875, 9.922049442190216e-24, nan 
34.125, 89.875, 9.113180136131354e-24, nan 
34.375, 89.875, 8.84739912786973e-24, nan 
34.625, 89.875, 9.138989632963632e-24, nan 
34.875, 89.875, 8.937079027808059e-24, nan 
35.125, 89.875, 1.0853166269465138e-23, nan 
35.375, 89.875, 1.0913433138372944e-23, nan 
35.625, 89.875, 1.0531823180058512e-23, nan 
35.875, 89.875, 1.2605764406080647e-23, nan 
36.125, 89.875, 1.0971205238166786e-23, nan 
36.375, 89.875, 4.619752281496024e-24, nan 
36.625, 89.875, 5.465059079352232e-24, nan 
36.875, 89.875, 4.96025528863492e-24, nan 
37.125, 89.875, 4.837030766896768e-24, nan 
37.375, 89.875, 8.59248657815497e-24, nan 
37.625, 89.875, 9.729892388063813e-24, nan 
37.875, 89.875, 7.342282619553762e-24, nan 
38.125, 89.875, 5.508947733650005e-24, nan 
38.375, 89.875, 9.661360818404252e-24, nan 
38.625, 89.875, 7.353973809608235e-24, nan 
38.875, 89.875, 4.5741771903905925e-24, nan 
39.125, 89.875, 9.449057016734167e-24, nan 
39.375, 89.875, 9.726516818667271e-24, nan 
39.625, 89.875, 8.466877740765916e-24, nan 
39.875, 89.875, 5.808257419917052e-24, nan 
40.125, 89.875, 8.724915614706457e-24, nan 
40.375, 89.875, 1.404324239682412e-23, nan 
40.625, 89.875, 1.2014353870957928e-23, nan 
40.875, 89.875, 8.367077382790788e-24, nan 
41.125, 89.875, 9.377462052861952e-24, nan 
41.375, 89.875, 9.798893414221165e-24, nan 
41.625, 89.875, 9.83545507846666e-24, nan 
41.875, 89.875, 8.281232613346421e-24, nan 
42.125, 89.875, 7.89557193511595e-24, nan 
42.375, 89.875, 9.258451287519558e-24, nan 
42.625, 89.875, 8.358979890059018e-24, nan 
42.875, 89.875, 6.66078198922415e-24, nan 
43.125, 89.875, 7.511205933104597e-24, nan 
43.375, 89.875, 8.761395006084529e-24, nan 
43.625, 89.875, 8.871836383521246e-24, nan 
43.875, 89.875, 6.920072596521464e-24, nan 
44.125, 89.875, 6.5728139423858055e-24, nan 
44.375, 89.875, 6.771434036421786e-24, nan 
44.625, 89.875, 7.44055152358754e-24, nan 
44.875, 89.875, 8.051758534930048e-24, nan 
45.125, 89.875, 8.112842560088104e-24, nan 
45.375, 89.875, 7.944344135801449e-24, nan 
45.625, 89.875, 4.6332019991857566e-24, nan 
45.875, 89.875, 4.722288986264314e-24, nan 
46.125, 89.875, 9.04172894913217e-24, nan 
46.375, 89.875, 4.435748895549308e-24, nan 
46.625, 89.875, 6.3506722429854e-24, nan 
46.875, 89.875, 5.6314694925074325e-24, nan 
47.125, 89.875, 8.997407404774758e-24, nan 
47.375, 89.875, 8.262067123943064e-24, nan 
47.625, 89.875, 9.566296744836614e-24, nan 
47.875, 89.875, 6.587171839697231e-24, nan 
48.125, 89.875, 5.239859577558946e-24, nan 
48.375, 89.875, 7.323441628112012e-24, nan 
48.625, 89.875, 8.099329147627305e-24, nan 
48.875, 89.875, 6.878624876203752e-24, nan 
49.125, 89.875, 7.74493460451403e-24, nan 
49.375, 89.875, 8.678972328769329e-24, nan 
49.625, 89.875, 7.711292524100153e-24, nan 
49.875, 89.875, 7.058787641823454e-24, nan 
50.125, 89.875, 9.290290183251093e-24, nan 
50.375, 89.875, 7.229713685851072e-24, nan 
50.625, 89.875, 8.296628074215849e-24, nan 
50.875, 89.875, 8.604645407819476e-24, nan 
51.125, 89.875, 8.182793737078987e-24, nan 
51.375, 89.875, 9.44394115854919e-24, nan 
51.625, 89.875, 9.047664768880648e-24, nan 
51.875, 89.875, 6.942987185681955e-24, nan 
52.125, 89.875, 7.748184095859892e-24, nan 
52.375, 89.875, 8.79034106346813e-24, nan 
52.625, 89.875, 9.153068129438362e-24, nan 
52.875, 89.875, 9.311389196007493e-24, nan 
53.125, 89.875, 7.932697406264287e-24, nan 
53.375, 89.875, 6.984558672341861e-24, nan 
53.625, 89.875, 7.47184485513309e-24, nan 
53.875, 89.875, 9.130192081387999e-24, nan 
54.125, 89.875, 7.15498835114193e-24, nan 
54.375, 89.875, 6.399015765882669e-24, nan 
54.625, 89.875, 8.912463012465699e-24, nan 
54.875, 89.875, 7.805379664871829e-24, nan 
55.125, 89.875, 6.4157389711419514e-24, nan 
55.375, 89.875, 1.0507244623174826e-23, nan 
55.625, 89.875, 6.985232610172978e-24, nan 
55.875, 89.875, 7.794178280562134e-24, nan 
56.125, 89.875, 6.667534407297115e-24, nan 
56.375, 89.875, 5.9571139376159714e-24, nan 
56.625, 89.875, 6.848706372872238e-24, nan 
56.875, 89.875, 6.549939862595575e-24, nan 
57.125, 89.875, 8.940294426052335e-24, nan 
57.375, 89.875, 6.1493123218583505e-24, nan 
57.625, 89.875, 5.661786050984147e-24, nan 
57.875, 89.875, 6.110272020348896e-24, nan 
58.125, 89.875, 6.902160298347369e-24, nan 
58.375, 89.875, 6.642927331033772e-24, nan 
58.625, 89.875, 5.642656762442447e-24, nan 
58.875, 89.875, 7.883464611721323e-24, nan 
59.125, 89.875, 7.44224836538045e-24, nan 
59.375, 89.875, 8.679516439241978e-24, nan 
59.625, 89.875, 6.66648321501618e-24, nan 
59.875, 89.875, 9.09868423508711e-24, nan 
60.125, 89.875, 7.334636410754456e-24, nan 
60.375, 89.875, 6.707942896413365e-24, nan 
60.625, 89.875, 5.921447531849571e-24, nan 
60.875, 89.875, 6.581178542328547e-24, nan 
61.125, 89.875, 7.597904756594833e-24, nan 
61.375, 89.875, 7.576190674006865e-24, nan 
61.625, 89.875, 7.825779356976605e-24, nan 
61.875, 89.875, 7.036564084170653e-24, nan 
62.125, 89.875, 6.776540498174527e-24, nan 
62.375, 89.875, 6.0960238712930275e-24, nan 
62.625, 89.875, 6.324114911953521e-24, nan 
62.875, 89.875, 7.91415438245372e-24, nan 
63.125, 89.875, 7.930469423904525e-24, nan 
63.375, 89.875, 7.857958690718896e-24, nan 
63.625, 89.875, 6.709221737303017e-24, nan 
63.875, 89.875, 9.409481594219393e-24, nan 
64.125, 89.875, 8.273035796893816e-24, nan 
64.375, 89.875, 7.752578582422927e-24, nan 
64.625, 89.875, 8.593203401775833e-24, nan 
64.875, 89.875, 7.245145638360713e-24, nan 
65.125, 89.875, 1.1331935695206197e-23, nan 
65.375, 89.875, 7.86116502757523e-24, nan 
65.625, 89.875, 6.325395770874007e-24, nan 
65.875, 89.875, 8.051156366752694e-24, nan 
66.125, 89.875, 4.830349423721168e-24, nan 
66.375, 89.875, 4.159669691600552e-24, nan 
66.625, 89.875, 1.0839687939775123e-23, nan 
66.875, 89.875, 1.8139814374622828e-23, nan 
67.125, 89.875, 1.6825681150436176e-23, nan 
67.375, 89.875, 1.3380926486745808e-23, nan 
67.625, 89.875, 8.278395269302178e-24, nan 
67.875, 89.875, 5.501082136815019e-24, nan 
68.125, 89.875, 4.97022425321878e-24, nan 
68.375, 89.875, 5.8033041476456e-24, nan 
68.625, 89.875, 6.25075545783854e-24, nan 
68.875, 89.875, 9.3192577796551e-24, nan 
69.125, 89.875, 8.245203671933068e-24, nan 
69.375, 89.875, 5.383092166740879e-24, nan 
69.625, 89.875, 4.46073472910953e-24, nan 
69.875, 89.875, 4.255665983085507e-24, nan 
70.125, 89.875, 6.118143012182633e-24, nan 
70.375, 89.875, 4.013257368900192e-24, nan 
70.625, 89.875, 6.902867053230245e-24, nan 
70.875, 89.875, 7.121369455583492e-24, nan 
71.125, 89.875, 6.0410683891599815e-24, nan 
71.375, 89.875, 5.5143112528644694e-24, nan 
71.625, 89.875, 4.371382187629201e-24, nan 
71.875, 89.875, 4.3620508105481e-24, nan 
72.125, 89.875, 4.303455594807883e-24, nan 
72.375, 89.875, 5.0483375035152514e-24, nan 
72.625, 89.875, 4.507630365161133e-24, nan 
72.875, 89.875, 6.264573653113382e-24, nan 
73.125, 89.875, 3.9679958662483335e-24, nan 
73.375, 89.875, 6.111509809291702e-24, nan 
73.625, 89.875, 5.974253072929611e-24, nan 
73.875, 89.875, 3.868891804497804e-24, nan 
74.125, 89.875, 5.2118872779765755e-24, nan 
74.375, 89.875, 4.129603324105146e-24, nan 
74.625, 89.875, 3.825039684979355e-24, nan 
74.875, 89.875, 3.695544626955601e-24, nan 
75.125, 89.875, 7.89383668440086e-24, nan 
75.375, 89.875, 3.849295543159891e-24, nan 
75.625, 89.875, 5.073935934922324e-24, nan 
75.875, 89.875, 5.835682656455766e-24, nan 
76.125, 89.875, 3.8066260025887896e-24, nan 
76.375, 89.875, 5.523212969876781e-24, nan 
76.625, 89.875, 8.579743896653162e-24, nan 
76.875, 89.875, 5.5159935758473416e-24, nan 
77.125, 89.875, 9.455435367472475e-24, nan 
77.375, 89.875, 6.5762603327908495e-24, nan 
77.625, 89.875, 4.772329757685156e-24, nan 
77.875, 89.875, 1.1867871448193674e-23, nan 
78.125, 89.875, 6.830005320431372e-24, nan 
78.375, 89.875, 5.023349863833983e-24, nan 
78.625, 89.875, 3.7271054593018206e-24, nan 
78.875, 89.875, 4.430796483275299e-24, nan 
79.125, 89.875, 6.971518867782455e-24, nan 
79.375, 89.875, 7.025369582684468e-24, nan 
79.625, 89.875, 5.161650194984731e-24, nan 
79.875, 89.875, 3.310469352966156e-24, nan 
80.125, 89.875, 3.886569533629711e-24, nan 
80.375, 89.875, 4.871381490362064e-24, nan 
80.625, 89.875, 4.0013400144692036e-24, nan 
80.875, 89.875, 7.163842616939316e-24, nan 
81.125, 89.875, 4.581777779585372e-24, nan 
81.375, 89.875, 5.493522199544053e-24, nan 
81.625, 89.875, 5.030360203576466e-24, nan 
81.875, 89.875, 4.167229715219368e-24, nan 
82.125, 89.875, 5.275109760263837e-24, nan 
82.375, 89.875, 5.815286655415217e-24, nan 
82.625, 89.875, 6.469714808988539e-24, nan 
82.875, 89.875, 3.995797136417794e-24, nan 
83.125, 89.875, 5.7184286028699806e-24, nan 
83.375, 89.875, 4.463747020756071e-24, nan 
83.625, 89.875, 4.74526309691399e-24, nan 
83.875, 89.875, 4.3716228089048674e-24, nan 
84.125, 89.875, 3.5911511956968554e-24, nan 
84.375, 89.875, 9.075325244497852e-24, nan 
84.625, 89.875, 7.7967920087995e-24, nan 
84.875, 89.875, 4.097304546317181e-24, nan 
85.125, 89.875, 4.639803626939506e-24, nan 
85.375, 89.875, 4.303457347522921e-24, nan 
85.625, 89.875, 3.7796105075525786e-24, nan 
85.875, 89.875, 4.770618875303012e-24, nan 
86.125, 89.875, 4.885510450272526e-24, nan 
86.375, 89.875, 5.4245404780103225e-24, nan 
86.625, 89.875, 4.4637351235090724e-24, nan 
86.875, 89.875, 4.938635862883832e-24, nan 
87.125, 89.875, 5.71200352385167e-24, nan 
87.375, 89.875, 4.110616980102558e-24, nan 
87.625, 89.875, 8.649393217451562e-24, nan 
87.875, 89.875, 1.0129417876855279e-23, nan 
88.125, 89.875, 4.655881885392845e-24, nan 
88.375, 89.875, 4.376743180525402e-24, nan 
88.625, 89.875, 5.1590550907132916e-24, nan 
88.875, 89.875, 6.011658204414936e-24, nan 
89.125, 89.875, 5.009805527361755e-24, nan 
89.375, 89.875, 5.124720928380236e-24, nan 
89.625, 89.875, 3.983570359632074e-24, nan 
89.875, 89.875, 7.083182030969109e-24, nan 
90.125, 89.875, 6.349636451609566e-24, nan 
90.375, 89.875, 3.0472330200391648e-24, nan 
90.625, 89.875, 2.731620120430995e-24, nan 
90.875, 89.875, 3.730729707083374e-24, nan 
91.125, 89.875, 3.1491194593690542e-24, nan 
91.375, 89.875, 1.0912702674150214e-23, nan 
91.625, 89.875, 1.637454104440192e-23, nan 
91.875, 89.875, 1.843596005044553e-23, nan 
92.125, 89.875, 1.7146189937455722e-23, nan 
92.375, 89.875, 1.0093014162417901e-23, nan 
92.625, 89.875, 3.62566438586348e-24, nan 
92.875, 89.875, 2.837352247387428e-24, nan 
93.125, 89.875, 4.8144526662394125e-24, nan 
93.375, 89.875, 2.785378524788457e-24, nan 
93.625, 89.875, 8.217681313346682e-24, nan 
93.875, 89.875, 7.09805359512201e-24, nan 
94.125, 89.875, 4.48904881844416e-24, nan 
94.375, 89.875, 6.0031930092092655e-24, nan 
94.625, 89.875, 6.985754923024926e-24, nan 
94.875, 89.875, 3.905184353035782e-24, nan 
95.125, 89.875, 3.390869695413285e-24, nan 
95.375, 89.875, 8.667055912667791e-24, nan 
95.625, 89.875, 7.42976628795761e-24, nan 
95.875, 89.875, 4.592287044764687e-24, nan 
96.125, 89.875, 2.922959656477172e-24, nan 
96.375, 89.875, 5.4900446002443556e-24, nan 
96.625, 89.875, 4.981125268508348e-24, nan 
96.875, 89.875, 5.447080052151082e-24, nan 
97.125, 89.875, 5.581804472599294e-24, nan 
97.375, 89.875, 6.088178774163551e-24, nan 
97.625, 89.875, 5.0378636586739565e-24, nan 
97.875, 89.875, 6.2812581761459665e-24, nan 
98.125, 89.875, 5.1847548009047165e-24, nan 
98.375, 89.875, 3.945799756349906e-24, nan 
98.625, 89.875, 3.9268204122902795e-24, nan 
98.875, 89.875, 4.177815275256572e-24, nan 
99.125, 89.875, 4.060089186701368e-24, nan 
99.375, 89.875, 4.7065887247519716e-24, nan 
99.625, 89.875, 5.73702621801663e-24, nan 
99.875, 89.875, 6.781700963317353e-24, nan 
100.125, 89.875, 5.115453609406134e-24, nan 
100.375, 89.875, 4.3024023434039496e-24, nan 
100.625, 89.875, 4.016339306287866e-24, nan 
100.875, 89.875, 4.2358475550175734e-24, nan 
101.125, 89.875, 3.900992116221897e-24, nan 
101.375, 89.875, 4.106517100321986e-24, nan 
101.625, 89.875, 7.323410704528302e-24, nan 
101.875, 89.875, 6.546795379527527e-24, nan 
102.125, 89.875, 2.6836967452598732e-24, nan 
102.375, 89.875, 4.676057129944307e-24, nan 
102.625, 89.875, 9.514507682338055e-24, nan 
102.875, 89.875, 8.108689439140207e-24, nan 
103.125, 89.875, 3.2647968920203202e-24, nan 
103.375, 89.875, 3.191739288321978e-24, nan 
103.625, 89.875, 4.751272067164489e-24, nan 
103.875, 89.875, 3.713357688951831e-24, nan 
104.125, 89.875, 5.478638443563743e-24, nan 
104.375, 89.875, 4.827367364751994e-24, nan 
104.625, 89.875, 3.5863540033410875e-24, nan 
104.875, 89.875, 2.687762742824237e-24, nan 
105.125, 89.875, 5.092355201997603e-24, nan 
105.375, 89.875, 4.484960200403638e-24, nan 
105.625, 89.875, 3.2572126584110535e-24, nan 
105.875, 89.875, 4.324285608889072e-24, nan 
106.125, 89.875, 3.8418168497420385e-24, nan 
106.375, 89.875, 3.5533763749653744e-24, nan 
106.625, 89.875, 3.6736095683288306e-24, nan 
106.875, 89.875, 6.3743536798054546e-24, nan 
107.125, 89.875, 4.734456131813407e-24, nan 
107.375, 89.875, 5.593748200358453e-24, nan 
107.625, 89.875, 4.1419251805387435e-24, nan 
107.875, 89.875, 3.5874274422590806e-24, nan 
108.125, 89.875, 5.5068613525428646e-24, nan 
108.375, 89.875, 7.005170052463349e-24, nan 
108.625, 89.875, 6.277060939078436e-24, nan 
108.875, 89.875, 4.2631722802973125e-24, nan 
109.125, 89.875, 5.2268809924863606e-24, nan 
109.375, 89.875, 5.258528470391571e-24, nan 
109.625, 89.875, 3.839252314069877e-24, nan 
109.875, 89.875, 5.25287258736733e-24, nan 
110.125, 89.875, 5.291239634790219e-24, nan 
110.375, 89.875, 4.612308788033563e-24, nan 
110.625, 89.875, 5.2693531428425585e-24, nan 
110.875, 89.875, 5.036292862831975e-24, nan 
111.125, 89.875, 5.0044889872814864e-24, nan 
111.375, 89.875, 3.5787250280365835e-24, nan 
111.625, 89.875, 5.6842015730854354e-24, nan 
111.875, 89.875, 1.3912128546950066e-24, nan 
112.125, 89.875, 4.572117544682011e-24, nan 
112.375, 89.875, 5.808796055719469e-24, nan 
112.625, 89.875, 4.154683663431857e-24, nan 
112.875, 89.875, 4.219688763864847e-24, nan 
113.125, 89.875, 4.447476166951538e-24, nan 
113.375, 89.875, 4.7538735465275234e-24, nan 
113.625, 89.875, 2.2204882773509025e-24, nan 
113.875, 89.875, 5.613073663167392e-24, nan 
114.125, 89.875, 5.063171755202909e-24, nan 
114.375, 89.875, 5.240392118400837e-24, nan 
114.625, 89.875, 5.0216082764601055e-24, nan 
114.875, 89.875, 5.256054111020581e-24, nan 
115.125, 89.875, 5.4144255642688284e-24, nan 
115.375, 89.875, 5.9812300506170145e-24, nan 
115.625, 89.875, 6.892460283858042e-24, nan 
115.875, 89.875, 6.4456311656574715e-24, nan 
116.125, 89.875, 6.445951118454399e-24, nan 
116.375, 89.875, 3.73192692597705e-24, nan 
116.625, 89.875, 3.686559743108427e-24, nan 
116.875, 89.875, 5.5344512072518945e-24, nan 
117.125, 89.875, 6.238900739661026e-24, nan 
117.375, 89.875, 7.837331093353578e-24, nan 
117.625, 89.875, 5.201699663654949e-24, nan 
117.875, 89.875, 7.723328436330414e-24, nan 
118.125, 89.875, 5.846685965698515e-24, nan 
118.375, 89.875, 7.182213942043873e-24, nan 
118.625, 89.875, 6.386764689774317e-24, nan 
118.875, 89.875, 6.504192732806209e-24, nan 
119.125, 89.875, 7.866354092349418e-24, nan 
119.375, 89.875, 9.37385352232117e-24, nan 
119.625, 89.875, 6.2046719644587495e-24, nan 
119.875, 89.875, 7.076858841293204e-24, nan 
120.125, 89.875, 1.1690751277573649e-23, nan 
120.375, 89.875, 1.0265535410473904e-23, nan 
120.625, 89.875, 6.4009667206367565e-24, nan 
120.875, 89.875, 6.078666274872727e-24, nan 
121.125, 89.875, 6.0722929966473874e-24, nan 
121.375, 89.875, 6.546760760267316e-24, nan 
121.625, 89.875, 8.649601174268803e-24, nan 
121.875, 89.875, 6.458324203512797e-24, nan 
122.125, 89.875, 5.1983053775378045e-24, nan 
122.375, 89.875, 6.703845688250518e-24, nan 
122.625, 89.875, 6.097340981319697e-24, nan 
122.875, 89.875, 8.462439646671798e-24, nan 
123.125, 89.875, 9.010763419393526e-24, nan 
123.375, 89.875, 7.71886438568356e-24, nan 
123.625, 89.875, 1.0240729054405766e-23, nan 
123.875, 89.875, 7.457852792174714e-24, nan 
124.125, 89.875, 6.63782116701113e-24, nan 
124.375, 89.875, 6.596867174404287e-24, nan 
124.625, 89.875, 7.70238712770481e-24, nan 
124.875, 89.875, 8.368381139435605e-24, nan 
125.125, 89.875, 8.718764119486877e-24, nan 
125.375, 89.875, 8.202934639531554e-24, nan 
125.625, 89.875, 6.839806974743502e-24, nan 
125.875, 89.875, 8.97876170959453e-24, nan 
126.125, 89.875, 8.058100793480721e-24, nan 
126.375, 89.875, 4.420532749650785e-24, nan 
126.625, 89.875, 4.233097785774913e-24, nan 
126.875, 89.875, 4.3204562106481135e-24, nan 
127.125, 89.875, 5.602444909469178e-24, nan 
127.375, 89.875, 7.919511010626631e-24, nan 
127.625, 89.875, 8.058005898951907e-24, nan 
127.875, 89.875, 6.759292335207906e-24, nan 
128.125, 89.875, 4.71453256263177e-24, nan 
128.375, 89.875, 6.287565269830493e-24, nan 
128.625, 89.875, 5.694196708641462e-24, nan 
128.875, 89.875, 5.447876759562543e-24, nan 
129.125, 89.875, 7.59074697140076e-24, nan 
129.375, 89.875, 8.51602288162541e-24, nan 
129.625, 89.875, 6.99493493597933e-24, nan 
129.875, 89.875, 5.9346772980373244e-24, nan 
130.125, 89.875, 9.90931814035418e-24, nan 
130.375, 89.875, 8.945359303222292e-24, nan 
130.625, 89.875, 9.259660651661059e-24, nan 
130.875, 89.875, 6.777281945071577e-24, nan 
131.125, 89.875, 7.9690532043769e-24, nan 
131.375, 89.875, 7.465067110567785e-24, nan 
131.625, 89.875, 9.391104224324799e-24, nan 
131.875, 89.875, 9.039415155336042e-24, nan 
132.125, 89.875, 8.671732571195746e-24, nan 
132.375, 89.875, 7.435067304558433e-24, nan 
132.625, 89.875, 7.844708782032569e-24, nan 
132.875, 89.875, 7.611666991031903e-24, nan 
133.125, 89.875, 7.42617469092156e-24, nan 
133.375, 89.875, 8.381931547262434e-24, nan 
133.625, 89.875, 7.983079210436263e-24, nan 
133.875, 89.875, 7.629596276637799e-24, nan 
134.125, 89.875, 6.069001882094378e-24, nan 
134.375, 89.875, 6.472821330099586e-24, nan 
134.625, 89.875, 8.593273339054719e-24, nan 
134.875, 89.875, 9.453399284716718e-24, nan 
135.125, 89.875, 6.608615297730993e-24, nan 
135.375, 89.875, 7.447923395141466e-24, nan 
135.625, 89.875, 7.381746592162349e-24, nan 
135.875, 89.875, 7.945804593224787e-24, nan 
136.125, 89.875, 8.876704681191141e-24, nan 
136.375, 89.875, 7.584382995876623e-24, nan 
136.625, 89.875, 6.1506816235541426e-24, nan 
136.875, 89.875, 8.504037942103006e-24, nan 
137.125, 89.875, 9.186027874162914e-24, nan 
137.375, 89.875, 6.90906368529441e-24, nan 
137.625, 89.875, 7.121405777113843e-24, nan 
137.875, 89.875, 7.621869797875895e-24, nan 
138.125, 89.875, 5.2963435046503094e-24, nan 
138.375, 89.875, 6.2887519094518925e-24, nan 
138.625, 89.875, 8.14815958739888e-24, nan 
138.875, 89.875, 7.780165349478603e-24, nan 
139.125, 89.875, 6.944034555222738e-24, nan 
139.375, 89.875, 8.479321592974173e-24, nan 
139.625, 89.875, 9.38030323800265e-24, nan 
139.875, 89.875, 1.0581101015791365e-23, nan 
140.125, 89.875, 1.020157579005695e-23, nan 
140.375, 89.875, 8.372794731498587e-24, nan 
140.625, 89.875, 9.052850190697602e-24, nan 
140.875, 89.875, 9.425351389473236e-24, nan 
141.125, 89.875, 7.273976253350448e-24, nan 
141.375, 89.875, 7.568091201173835e-24, nan 
141.625, 89.875, 8.950217659869835e-24, nan 
141.875, 89.875, 8.445223070553555e-24, nan 
142.125, 89.875, 9.735607702600338e-24, nan 
142.375, 89.875, 7.811083138559037e-24, nan 
142.625, 89.875, 1.0145459845233343e-23, nan 
142.875, 89.875, 8.564165976792113e-24, nan 
143.125, 89.875, 8.143536179788374e-24, nan 
143.375, 89.875, 8.149918629236955e-24, nan 
143.625, 89.875, 8.537056411863562e-24, nan 
143.875, 89.875, 8.745592720341266e-24, nan 
144.125, 89.875, 8.861258816109893e-24, nan 
144.375, 89.875, 8.235272736860786e-24, nan 
144.625, 89.875, 9.279452397151821e-24, nan 
144.875, 89.875, 8.56522698303141e-24, nan 
145.125, 89.875, 8.457105834225117e-24, nan 
145.375, 89.875, 8.711608611134041e-24, nan 
145.625, 89.875, 7.744249569800548e-24, nan 
145.875, 89.875, 7.707163006098045e-24, nan 
146.125, 89.875, 8.306467556540435e-24, nan 
146.375, 89.875, 6.922285477392215e-24, nan 
146.625, 89.875, 6.2067431433270965e-24, nan 
146.875, 89.875, 7.404331448151555e-24, nan 
147.125, 89.875, 9.869958181605477e-24, nan 
147.375, 89.875, 9.560687013459471e-24, nan 
147.625, 89.875, 1.0571562533206322e-23, nan 
147.875, 89.875, 9.6753794013263e-24, nan 
148.125, 89.875, 8.41195957519979e-24, nan 
148.375, 89.875, 8.90211269570009e-24, nan 
148.625, 89.875, 8.516573708395553e-24, nan 
148.875, 89.875, 8.72905094397342e-24, nan 
149.125, 89.875, 7.927107526760596e-24, nan 
149.375, 89.875, 8.938401475536243e-24, nan 
149.625, 89.875, 8.273555868457921e-24, nan 
149.875, 89.875, 8.97262691339021e-24, nan 
150.125, 89.875, 9.925967629095013e-24, nan 
150.375, 89.875, 8.486240038881486e-24, nan 
150.625, 89.875, 8.868176336245388e-24, nan 
150.875, 89.875, 7.505586438656052e-24, nan 
151.125, 89.875, 7.53143116648644e-24, nan 
151.375, 89.875, 9.574799533504495e-24, nan 
151.625, 89.875, 8.2762922596307e-24, nan 
151.875, 89.875, 5.1048673388595365e-24, nan 
152.125, 89.875, 8.736194432910382e-24, nan 
152.375, 89.875, 9.710255853313603e-24, nan 
152.625, 89.875, 7.947504847197294e-24, nan 
152.875, 89.875, 8.367961709410968e-24, nan 
153.125, 89.875, 9.408827306095674e-24, nan 
153.375, 89.875, 4.943623168308516e-24, nan 
153.625, 89.875, 6.927506815600086e-24, nan 
153.875, 89.875, 1.2092141389115748e-23, nan 
154.125, 89.875, 9.953386433553375e-24, nan 
154.375, 89.875, 7.222337980886098e-24, nan 
154.625, 89.875, 5.483871904755905e-24, nan 
154.875, 89.875, 6.154510581536382e-24, nan 
155.125, 89.875, 9.232477311638608e-24, nan 
155.375, 89.875, 9.330743038001137e-24, nan 
155.625, 89.875, 6.88208375761464e-24, nan 
155.875, 89.875, 8.869429184562726e-24, nan 
156.125, 89.875, 9.541072256884129e-24, nan 
156.375, 89.875, 7.422977001873869e-24, nan 
156.625, 89.875, 5.938330153445376e-24, nan 
156.875, 89.875, 5.610329526552802e-24, nan 
157.125, 89.875, 8.036053930546484e-24, nan 
157.375, 89.875, 9.922419242618192e-24, nan 
157.625, 89.875, 6.710202635076283e-24, nan 
157.875, 89.875, 8.248199405018854e-24, nan 
158.125, 89.875, 8.662057493523326e-24, nan 
158.375, 89.875, 7.486992207154925e-24, nan 
158.625, 89.875, 5.576091509291087e-24, nan 
158.875, 89.875, 5.078037895614137e-24, nan 
159.125, 89.875, 6.749164883095958e-24, nan 
159.375, 89.875, 5.944361935987238e-24, nan 
159.625, 89.875, 8.041318876845179e-24, nan 
159.875, 89.875, 9.76513976683652e-24, nan 
160.125, 89.875, 9.035680675084796e-24, nan 
160.375, 89.875, 4.309229989066569e-24, nan 
160.625, 89.875, 7.184472250096012e-24, nan 
160.875, 89.875, 9.488804074853017e-24, nan 
161.125, 89.875, 5.8742234822657146e-24, nan 
161.375, 89.875, 8.08239762128278e-24, nan 
161.625, 89.875, 5.116786742375872e-24, nan 
161.875, 89.875, 9.00678501970956e-24, nan 
162.125, 89.875, 9.534825320655874e-24, nan 
162.375, 89.875, 8.564746839101033e-24, nan 
162.625, 89.875, 6.704761216429527e-24, nan 
162.875, 89.875, 1.9807921882591208e-24, nan 
163.125, 89.875, 7.908253587610126e-24, nan 
163.375, 89.875, 7.182380129291594e-24, nan 
163.625, 89.875, 6.038884470279998e-24, nan 
163.875, 89.875, 7.339194699190794e-24, nan 
164.125, 89.875, 7.347454551705433e-24, nan 
164.375, 89.875, 8.123842097447224e-24, nan 
164.625, 89.875, 8.356810595545854e-24, nan 
164.875, 89.875, 8.317877829393857e-24, nan 
165.125, 89.875, 7.32303869798672e-24, nan 
165.375, 89.875, 9.545530561216203e-24, nan 
165.625, 89.875, 7.985685527020291e-24, nan 
165.875, 89.875, 1.0215426487596343e-23, nan 
166.125, 89.875, 9.587319025470217e-24, nan 
166.375, 89.875, 9.221428322879048e-24, nan 
166.625, 89.875, 5.9449039706496965e-24, nan 
166.875, 89.875, 1.0586054733774366e-23, nan 
167.125, 89.875, 8.984612279117849e-24, nan 
167.375, 89.875, 8.672724171787933e-24, nan 
167.625, 89.875, 7.314461927636192e-24, nan 
167.875, 89.875, 5.764252325570475e-24, nan 
168.125, 89.875, 6.202406355798135e-24, nan 
168.375, 89.875, 6.230291257144791e-24, nan 
168.625, 89.875, 7.631962132421386e-24, nan 
168.875, 89.875, 5.859966080203386e-24, nan 
169.125, 89.875, 4.8783793143368245e-24, nan 
169.375, 89.875, 9.223669147655276e-24, nan 
169.625, 89.875, 4.731873272656074e-24, nan 
169.875, 89.875, 5.188628759319194e-24, nan 
170.125, 89.875, 8.766862648642888e-24, nan 
170.375, 89.875, 6.713415267196832e-24, nan 
170.625, 89.875, 7.901752667105205e-24, nan 
170.875, 89.875, 5.3728512814840605e-24, nan 
171.125, 89.875, 3.819559579886454e-24, nan 
171.375, 89.875, 4.8667138606767475e-24, nan 
171.625, 89.875, 5.782907016326914e-24, nan 
171.875, 89.875, 9.504822259704829e-24, nan 
172.125, 89.875, 6.22135352655934e-24, nan 
172.375, 89.875, 5.109952358576578e-24, nan 
172.625, 89.875, 5.3272551580153556e-24, nan 
172.875, 89.875, 7.383154736878066e-24, nan 
173.125, 89.875, 2.7263736512613333e-24, nan 
173.375, 89.875, 5.912774945469759e-24, nan 
173.625, 89.875, 8.76972290668137e-24, nan 
173.875, 89.875, 8.54866902117313e-24, nan 
174.125, 89.875, 8.372832038684042e-24, nan 
174.375, 89.875, 6.061387669584853e-24, nan 
174.625, 89.875, 3.970038905282864e-24, nan 
174.875, 89.875, 7.80303074471053e-24, nan 
175.125, 89.875, 6.4714379312028775e-24, nan 
175.375, 89.875, 4.0298526001624736e-24, nan 
175.625, 89.875, 6.446186834068092e-24, nan 
175.875, 89.875, 6.605048902993693e-24, nan 
176.125, 89.875, 7.31598342794729e-24, nan 
176.375, 89.875, 8.196644474074201e-24, nan 
176.625, 89.875, 4.233510951451573e-24, nan 
176.875, 89.875, 7.417407145541695e-24, nan 
177.125, 89.875, 7.137250687694955e-24, nan 
177.375, 89.875, 6.716199435393426e-24, nan 
177.625, 89.875, 7.836829704509205e-24, nan 
177.875, 89.875, 6.388485519992945e-24, nan 
178.125, 89.875, 5.133206925950885e-24, nan 
178.375, 89.875, 6.069778419244909e-24, nan 
178.625, 89.875, 9.95330919126755e-24, nan 
178.875, 89.875, 9.173342655160361e-24, nan 
179.125, 89.875, 7.76645775630737e-24, nan 
179.375, 89.875, 2.7288505679020098e-24, nan 
179.625, 89.875, 7.37948791976657e-24, nan 
179.875, 89.875, 4.7353357705598845e-24, nan 
