# lon_gridpoint [deg], lat_gridpoint [deg], P_R_modelGRS [W], P_R_modelFREND [W] 
-58.875, 46.875, 6.771096807142243e-24, 6.758417705720138e-24 
-58.625, 46.875, 1.59830861582617e-23, 1.5955978694784788e-23 
-58.375, 46.875, 1.8210675630940304e-23, 1.8182182649905842e-23 
-58.125, 46.875, 8.595657239981344e-24, 8.583524400942981e-24 
-57.875, 46.875, 8.625146985871618e-24, 8.614433668961102e-24 
-59.375, 47.125, 5.581019126363518e-24, 5.568217650343303e-24 
-59.125, 47.125, 8.6128922840423e-24, 8.594704734656967e-24 
-58.875, 47.125, 6.4478709489659556e-24, 6.435393753136838e-24 
-58.625, 47.125, 1.1039629374049839e-23, 1.1020215723627737e-23 
-58.375, 47.125, 1.8349862378399576e-23, 1.832000448241872e-23 
-58.125, 47.125, 1.6652367926127344e-23, 1.6627822256496885e-23 
-57.875, 47.125, 6.107628479540013e-24, 6.0999521253248176e-24 
-57.625, 47.125, 8.096268852835432e-24, 8.088018619089239e-24 
-57.375, 47.125, 1.6230294244805994e-23, 1.621725204420156e-23 
-57.125, 47.125, 1.5749861548374833e-23, 1.5740465170383387e-23 
-56.875, 47.125, 3.311709476438873e-23, 3.310344909993688e-23 
-56.625, 47.125, 3.7485598725089705e-23, 3.74770707165642e-23 
-59.625, 47.375, 9.148050138824622e-24, 9.124739361541366e-24 
-59.375, 47.375, 1.1233075987490731e-23, 1.1206521480475813e-23 
-59.125, 47.375, 1.0838952741850838e-23, 1.0815326912333847e-23 
-58.875, 47.375, 8.97912679243931e-24, 8.961189601090078e-24 
-58.625, 47.375, 1.058538871784227e-23, 1.0566111813021478e-23 
-58.375, 47.375, 1.1367129641402388e-23, 1.1347922919306764e-23 
-58.125, 47.375, 1.2871007971252562e-23, 1.2851844139491817e-23 
-57.875, 47.375, 1.0672423481646546e-23, 1.065907184504997e-23 
-57.625, 47.375, 1.110506089348254e-23, 1.1093809348343866e-23 
-57.375, 47.375, 1.4701277200038504e-23, 1.4689549587117676e-23 
-57.125, 47.375, 1.3810050520181323e-23, 1.3802003000957603e-23 
-56.875, 47.375, 3.535779873153242e-23, 3.53445104082785e-23 
-56.625, 47.375, 4.246836625888786e-23, 4.246024337075197e-23 
-56.375, 47.375, 2.635159123128134e-23, 2.635102448912863e-23 
-56.125, 47.375, 9.371462244410827e-24, 9.372895859059457e-24 
-55.875, 47.375, 5.2786565941155634e-24, 5.280397954055042e-24 
-55.625, 47.375, 4.900602276681482e-24, 4.903085816446519e-24 
-60.125, 47.625, 2.858336282349259e-23, 2.8496686250008687e-23 
-59.875, 47.625, 2.5516084856907543e-23, 2.54441908517282e-23 
-59.625, 47.625, 2.780291200073732e-23, 2.773011255615906e-23 
-59.375, 47.625, 1.4587649376660916e-23, 1.4552140489883073e-23 
-59.125, 47.625, 1.1903166591013222e-23, 1.1876385549806453e-23 
-58.875, 47.625, 1.2389834255277774e-23, 1.236424085697173e-23 
-58.625, 47.625, 1.3046827600294995e-23, 1.3022252045067941e-23 
-58.375, 47.625, 1.3379496141381244e-23, 1.3356687494706813e-23 
-58.125, 47.625, 2.3876902866949493e-23, 2.3841490382237102e-23 
-57.875, 47.625, 1.9715647011340844e-23, 1.9691096426124717e-23 
-57.625, 47.625, 1.749740522898522e-23, 1.7479778976835118e-23 
-57.375, 47.625, 4.6170234241959836e-23, 4.6133672838395646e-23 
-57.125, 47.625, 6.081815263587779e-23, 6.078306868983002e-23 
-56.875, 47.625, 6.195893070431929e-23, 6.193650960449196e-23 
-56.625, 47.625, 4.6118630023884405e-23, 4.611148018119596e-23 
-56.375, 47.625, 2.5837177260803722e-23, 2.5837691063034705e-23 
-56.125, 47.625, 1.2634854449115237e-23, 1.2637341284050741e-23 
-55.875, 47.625, 1.2295917819699898e-23, 1.2300513368581639e-23 
-55.625, 47.625, 9.727550888177493e-24, 9.732907399898717e-24 
-55.375, 47.625, 9.013138875778121e-24, 9.019498325415651e-24 
-55.125, 47.625, 2.7546204171402796e-23, 2.756988453702646e-23 
-54.875, 47.625, 3.396314652323321e-23, 3.3997576065081834e-23 
-54.625, 47.625, 1.793889669875675e-23, 1.795974303077044e-23 
-60.375, 47.875, 2.0497843430799874e-23, 2.042984570853529e-23 
-60.125, 47.875, 1.1431790856368922e-23, 1.1396324589552746e-23 
-59.875, 47.875, 1.2291251173703234e-23, 1.225575921215141e-23 
-59.625, 47.875, 3.7901630097465007e-23, 3.780032754829186e-23 
-59.375, 47.875, 3.901186150753978e-23, 3.891478560492183e-23 
-59.125, 47.875, 2.5435384178068332e-23, 2.5376778991350401e-23 
-58.875, 47.875, 2.5335031191354092e-23, 2.5281325303481263e-23 
-58.625, 47.875, 2.2666979287354987e-23, 2.2623820146784605e-23 
-58.375, 47.875, 2.2042472321491092e-23, 2.20050226838583e-23 
-58.125, 47.875, 2.765439581291119e-23, 2.7613540899131135e-23 
-57.875, 47.875, 2.6242006010205437e-23, 2.6209481001793566e-23 
-57.625, 47.875, 5.795165707136305e-23, 5.789361641235998e-23 
-57.375, 47.875, 7.828247782158868e-23, 7.822136304681202e-23 
-57.125, 47.875, 6.975312163895811e-23, 6.971366496498133e-23 
-56.875, 47.875, 5.398918591413413e-23, 5.39702546988548e-23 
-56.625, 47.875, 3.4177290933226197e-23, 3.417265461284623e-23 
-56.375, 47.875, 3.176853323971036e-23, 3.176987925172215e-23 
-56.125, 47.875, 2.7710849308272586e-23, 2.771692685678775e-23 
-55.875, 47.875, 1.3218887695476684e-23, 1.3224125762839427e-23 
-55.625, 47.875, 2.0773918979962015e-23, 2.0785826126360095e-23 
-55.375, 47.875, 1.7672657727157124e-23, 1.768533670786705e-23 
-55.125, 47.875, 1.8454533807600083e-23, 1.8470617518366873e-23 
-54.875, 47.875, 2.1723366982642312e-23, 2.1745646829650195e-23 
-54.625, 47.875, 3.341699468187208e-23, 3.345641636978301e-23 
-54.375, 47.875, 2.130042008235144e-23, 2.1328088217595596e-23 
-54.125, 47.875, 2.1565892485978416e-23, 2.1596080798797442e-23 
-53.875, 47.875, 2.3891677495636354e-23, 2.3927712872838976e-23 
-53.625, 47.875, 1.7007625943998735e-23, 1.7035134416479937e-23 
-53.375, 47.875, 1.857350138202989e-23, 1.860543589709554e-23 
-60.875, 48.125, 4.372361936761144e-23, 4.354815569195578e-23 
-60.625, 48.125, 4.6645484972165e-23, 4.647188010349676e-23 
-60.375, 48.125, 2.5494078389388125e-23, 2.5406810648633926e-23 
-60.125, 48.125, 1.2190066601961307e-23, 1.2151668472865141e-23 
-59.875, 48.125, 1.5191645525323135e-23, 1.5147056787282112e-23 
-59.625, 48.125, 1.0712724300885833e-23, 1.0683582961375587e-23 
-59.375, 48.125, 2.2095898174010123e-23, 2.2039866803104966e-23 
-59.125, 48.125, 2.866525057615247e-23, 2.8597843733928557e-23 
-58.875, 48.125, 2.9594877106787624e-23, 2.9531669040108197e-23 
-58.625, 48.125, 2.2603721230858715e-23, 2.256064099410635e-23 
-58.375, 48.125, 3.159070621413725e-23, 3.153704568407783e-23 
-58.125, 48.125, 2.8860951497748113e-23, 2.881848117816085e-23 
-57.875, 48.125, 3.0304578141866906e-23, 3.026719392232268e-23 
-57.625, 48.125, 5.422028786115633e-23, 5.41663003500054e-23 
-57.375, 48.125, 5.242621219015434e-23, 5.2385700694571594e-23 
-57.125, 48.125, 2.1744530408284788e-23, 2.1732522891678294e-23 
-56.875, 48.125, 5.733410978801906e-24, 5.731477799871218e-24 
-56.625, 48.125, 6.762172132612272e-24, 6.761346016847217e-24 
-56.375, 48.125, 1.4807992196759527e-23, 1.4808819540247694e-23 
-56.125, 48.125, 2.0191957856514664e-23, 2.0196659280315547e-23 
-55.875, 48.125, 1.4497497533510993e-23, 1.45034384159689e-23 
-55.625, 48.125, 1.9394104521784224e-23, 1.9405483475954784e-23 
-55.375, 48.125, 2.0324266260947464e-23, 2.033904237699915e-23 
-55.125, 48.125, 2.665910026541934e-23, 2.6682291882918274e-23 
-54.875, 48.125, 2.676859319060166e-23, 2.679600505222268e-23 
-54.625, 48.125, 2.8877390121229293e-23, 2.891141106844785e-23 
-54.375, 48.125, 8.979716573140908e-24, 8.99141851341435e-24 
-54.125, 48.125, 6.767982135865442e-24, 6.777599508428193e-24 
-53.875, 48.125, 1.3014572162994045e-23, 1.3034378797503411e-23 
-53.625, 48.125, 1.3675283216738638e-23, 1.3697580209248182e-23 
-53.375, 48.125, 2.0067073895669615e-23, 2.010183820452244e-23 
-53.125, 48.125, 2.48039902322297e-23, 2.484955463242758e-23 
-52.875, 48.125, 3.2439598303618484e-23, 3.2502485550204135e-23 
-52.625, 48.125, 1.8432829949850152e-23, 1.847033571171105e-23 
-52.375, 48.125, 1.3191043988549231e-23, 1.3218816975812868e-23 
-61.375, 48.375, 3.6211153180916787e-23, 3.6040640068118165e-23 
-61.125, 48.375, 2.769477943171851e-23, 2.75719375694612e-23 
-60.875, 48.375, 2.674706493146305e-23, 2.66362178361117e-23 
-60.625, 48.375, 3.039041124788384e-23, 3.027331691502392e-23 
-60.375, 48.375, 3.548222162884351e-23, 3.535610990186842e-23 
-60.125, 48.375, 2.76933716160675e-23, 2.7603215620754815e-23 
-59.875, 48.375, 1.752765334267813e-23, 1.7475375448124942e-23 
-59.625, 48.375, 2.1923773235007973e-23, 2.186309386992154e-23 
-59.375, 48.375, 2.695255309688723e-23, 2.688292674290588e-23 
-59.125, 48.375, 2.663612030916812e-23, 2.657305699008921e-23 
-58.875, 48.375, 2.6629846779568036e-23, 2.657292187773028e-23 
-58.625, 48.375, 3.01299512379495e-23, 3.007247143988186e-23 
-58.375, 48.375, 3.012822276574958e-23, 3.00769915940878e-23 
-58.125, 48.375, 1.3963697573577497e-23, 1.3943154802389717e-23 
-57.875, 48.375, 1.4231853367537717e-23, 1.421437941117254e-23 
-57.625, 48.375, 5.824748872400217e-23, 5.818983088127016e-23 
-57.375, 48.375, 6.133323252940905e-23, 6.128619698800268e-23 
-57.125, 48.375, 1.5318125109697822e-23, 1.5309788812955093e-23 
-56.875, 48.375, 1.3197317741028252e-23, 1.3193045702224297e-23 
-56.625, 48.375, 1.0944481380067266e-23, 1.0943291964604637e-23 
-56.375, 48.375, 2.1008649333211257e-23, 2.1010106823750492e-23 
-56.125, 48.375, 2.2110935774898076e-23, 2.2116382913921544e-23 
-55.875, 48.375, 1.895846475982067e-23, 1.8966490247233548e-23 
-55.625, 48.375, 2.0116697930531934e-23, 2.012877336573565e-23 
-55.375, 48.375, 2.4661542688416886e-23, 2.4679806448817727e-23 
-55.125, 48.375, 2.5007382258594772e-23, 2.502937618914448e-23 
-54.875, 48.375, 1.4132865024000406e-23, 1.4147315094135387e-23 
-54.625, 48.375, 9.508146833863264e-24, 9.519333588245928e-24 
-54.375, 48.375, 6.4196929335967614e-24, 6.4280487436488655e-24 
-54.125, 48.375, 1.0201957246002467e-23, 1.0216497822622796e-23 
-53.875, 48.375, 1.9477225726415822e-23, 1.9507280748221698e-23 
-53.625, 48.375, 1.64940538908556e-23, 1.6521169418960672e-23 
-53.375, 48.375, 1.5865384439282053e-23, 1.5893076737433674e-23 
-53.125, 48.375, 5.1037946374126475e-23, 5.113187435113745e-23 
-52.875, 48.375, 5.630601305331167e-23, 5.641504939001973e-23 
-52.625, 48.375, 2.576609849474047e-23, 2.5818550126852436e-23 
-52.375, 48.375, 1.884924300258052e-23, 1.888897371365248e-23 
-52.125, 48.375, 7.317057336364722e-24, 7.332994498173513e-24 
-51.875, 48.375, 1.444945729799511e-23, 1.4481944773301832e-23 
-51.625, 48.375, 5.613429893426212e-23, 5.626445315943681e-23 
-51.375, 48.375, 8.23271809725964e-23, 8.252094228935083e-23 
-61.625, 48.625, 3.1878498710918074e-23, 3.1714912559295356e-23 
-61.375, 48.625, 3.61401894583546e-23, 3.5964610267248333e-23 
-61.125, 48.625, 3.862334125956927e-23, 3.844695289737277e-23 
-60.875, 48.625, 1.464600220493706e-23, 1.4583382462346348e-23 
-60.625, 48.625, 1.7185914891904816e-23, 1.7117442103358342e-23 
-60.375, 48.625, 3.0484061559120525e-23, 3.037171517424995e-23 
-60.125, 48.625, 3.083794085405971e-23, 3.073350342388954e-23 
-59.875, 48.625, 2.353560542659923e-23, 2.3462928455064797e-23 
-59.625, 48.625, 2.724081999458526e-23, 2.716413056162305e-23 
-59.375, 48.625, 2.5813153529472427e-23, 2.5746052723560946e-23 
-59.125, 48.625, 2.4086774596668858e-23, 2.402970183342144e-23 
-58.875, 48.625, 2.4085718929628546e-23, 2.4034187685281514e-23 
-58.625, 48.625, 2.1398951128763924e-23, 2.1358088375427338e-23 
-58.375, 48.625, 2.0645973346979826e-23, 2.0610828563715348e-23 
-58.125, 48.625, 1.7533860842285025e-23, 1.750803422994301e-23 
-57.875, 48.625, 1.3683266568747137e-23, 1.366647206388439e-23 
-57.625, 48.625, 2.043433358606494e-23, 2.0414225262828638e-23 
-57.375, 48.625, 3.5209607248602075e-23, 3.518281148443768e-23 
-57.125, 48.625, 3.2105485760925035e-23, 3.208820198903171e-23 
-56.875, 48.625, 2.681378662017931e-23, 2.6805322249432825e-23 
-56.625, 48.625, 1.0961642429423668e-23, 1.0960599046520892e-23 
-56.375, 48.625, 9.1621708214835e-24, 9.162930203390102e-24 
-56.125, 48.625, 7.494706082525116e-23, 7.496653774922903e-23 
-55.875, 48.625, 1.1160021102464417e-22, 1.1164896407463634e-22 
-55.625, 48.625, 2.044096255423551e-23, 2.0453509593857591e-23 
-55.375, 48.625, 2.537413738235727e-23, 2.5393272957005325e-23 
-55.125, 48.625, 2.477471361405197e-23, 2.479683914296864e-23 
-54.875, 48.625, 1.1271257945027043e-23, 1.1282889781609852e-23 
-54.625, 48.625, 1.2947479942186455e-23, 1.2962692854273161e-23 
-54.375, 48.625, 2.4896132408360197e-23, 2.4928498072929613e-23 
-54.125, 48.625, 2.1764063024154226e-23, 2.1795048986093326e-23 
-53.875, 48.625, 2.2313360081746735e-23, 2.2347887920461007e-23 
-53.625, 48.625, 1.4938379319159283e-23, 1.4963254304088386e-23 
-53.375, 48.625, 2.165755123052388e-23, 2.169543467577769e-23 
-53.125, 48.625, 3.4980169593602374e-23, 3.5044471837440374e-23 
-52.875, 48.625, 3.2034561870306197e-23, 3.209662514818127e-23 
-52.625, 48.625, 1.3200078877849508e-23, 1.3226981304865773e-23 
-52.375, 48.625, 8.450898643240489e-24, 8.468731620004417e-24 
-52.125, 48.625, 8.034021333931927e-24, 8.051539208118242e-24 
-51.875, 48.625, 1.684393151636874e-23, 1.6881842764085532e-23 
-51.625, 48.625, 1.720318808200005e-23, 1.72431168772592e-23 
-51.375, 48.625, 3.570558955086472e-23, 3.578970993103735e-23 
-51.125, 48.625, 7.678299125332682e-24, 7.69663668739951e-24 
-50.875, 48.625, 2.514975595179671e-23, 2.5210631459544092e-23 
-50.625, 48.625, 4.710362448096418e-23, 4.7219160713075566e-23 
-62.125, 48.875, 1.661112262539627e-22, 1.6513176045970592e-22 
-61.875, 48.875, 1.742891521013027e-22, 1.7330166241565468e-22 
-61.625, 48.875, 5.71768088835936e-23, 5.687296303190927e-23 
-61.375, 48.875, 4.228692925241064e-23, 4.207453715039178e-23 
-61.125, 48.875, 3.59996593501037e-23, 3.5829337712097855e-23 
-60.875, 48.875, 3.104820604425133e-23, 3.0910357491254856e-23 
-60.625, 48.875, 2.6679570980010515e-23, 2.657000673578998e-23 
-60.375, 48.875, 2.1120402721271462e-23, 2.1039980288233302e-23 
-60.125, 48.875, 2.6238855910184633e-23, 2.6146783545318238e-23 
-59.875, 48.875, 3.0865982185193604e-23, 3.0766893933468936e-23 
-59.625, 48.875, 3.124878599870189e-23, 3.115731444792595e-23 
-59.375, 48.875, 3.02591655930322e-23, 3.0178662808136284e-23 
-59.125, 48.875, 2.698773382209612e-23, 2.6922142765341884e-23 
-58.875, 48.875, 2.1679952164280235e-23, 2.163224743563611e-23 
-58.625, 48.875, 2.4161406846504142e-23, 2.4113797814788502e-23 
-58.375, 48.875, 2.3897489409482088e-23, 2.3855355121307878e-23 
-58.125, 48.875, 1.242507029224561e-23, 1.240601269693308e-23 
-57.875, 48.875, 1.6146778014388892e-23, 1.612597775986637e-23 
-57.625, 48.875, 2.1193596197926724e-23, 2.1171714136771e-23 
-57.375, 48.875, 1.6115269312359353e-23, 1.61022319007473e-23 
-57.125, 48.875, 7.753259307271575e-23, 7.748713585574794e-23 
-56.875, 48.875, 9.303003941184225e-23, 9.299621295575389e-23 
-56.625, 48.875, 4.2177511134618053e-23, 4.2170933672334226e-23 
-56.375, 48.875, 1.0578466461352522e-22, 1.0578751309216935e-22 
-56.125, 48.875, 1.5858478443486214e-22, 1.5861712568685308e-22 
-55.875, 48.875, 2.195427251972608e-22, 2.1962635592575207e-22 
-55.625, 48.875, 1.5175234911440963e-22, 1.51837013494913e-22 
-55.375, 48.875, 2.910603208550472e-23, 2.912711379254931e-23 
-55.125, 48.875, 2.1112407050252373e-23, 2.113063234763281e-23 
-54.875, 48.875, 1.0860845131586478e-23, 1.0871729695816979e-23 
-54.625, 48.875, 1.1304610494392418e-23, 1.1317510266493639e-23 
-54.375, 48.875, 2.013772272878142e-23, 2.0162997055773835e-23 
-54.125, 48.875, 1.8319178643224482e-23, 1.8344436728570206e-23 
-53.875, 48.875, 2.1779323528275242e-23, 2.181204640313061e-23 
-53.625, 48.875, 2.5273026168809597e-23, 2.5314124203139793e-23 
-53.375, 48.875, 2.5970236543528627e-23, 2.6014558931716782e-23 
-53.125, 48.875, 1.998209728276902e-23, 2.0018091477754303e-23 
-52.875, 48.875, 1.3122530680140725e-23, 1.3147489689248925e-23 
-52.625, 48.875, 1.287860665050485e-23, 1.2904398258408741e-23 
-52.375, 48.875, 2.4720423331306705e-23, 2.4772228799837155e-23 
-52.125, 48.875, 2.67205101379677e-23, 2.677838501825183e-23 
-51.875, 48.875, 1.5725634457902536e-23, 1.5760800359861668e-23 
-51.625, 48.875, 3.246832473257436e-23, 3.254321279063066e-23 
-51.375, 48.875, 6.26192008186183e-23, 6.276581939123961e-23 
-51.125, 48.875, 6.124844075707268e-23, 6.139382753262542e-23 
-50.875, 48.875, 4.475980299915237e-23, 4.4867495670510424e-23 
-50.625, 48.875, 1.2753376481167276e-23, 1.278447309740709e-23 
-50.375, 48.875, 4.8756352336113784e-23, 4.887673065555079e-23 
-50.125, 48.875, 4.099678092433653e-23, 4.109994794281019e-23 
-49.875, 48.875, 2.9171406861336886e-24, 2.9246201065587865e-24 
-49.625, 48.875, 6.79882988139554e-24, 6.816584660125854e-24 
-62.375, 49.125, 1.676611165208395e-22, 1.6657142588192376e-22 
-62.125, 49.125, 1.1973359968866469e-22, 1.1898303435234757e-22 
-61.875, 49.125, 1.6320092324267121e-22, 1.6223549242844321e-22 
-61.625, 49.125, 1.3553191593638064e-22, 1.3478497179663402e-22 
-61.375, 49.125, 7.369814590075711e-23, 7.331346658377793e-23 
-61.125, 49.125, 5.334950825883306e-23, 5.308659231772725e-23 
-60.875, 49.125, 3.521216263053534e-23, 3.505037174265949e-23 
-60.625, 49.125, 3.551104990934583e-23, 3.5360385853423455e-23 
-60.375, 49.125, 4.2616082991723203e-23, 4.244801194964359e-23 
-60.125, 49.125, 4.484412863473437e-23, 4.468067138855919e-23 
-59.875, 49.125, 2.9293024633831695e-23, 2.919454742895509e-23 
-59.625, 49.125, 2.8596381402453815e-23, 2.8508134786588595e-23 
-59.375, 49.125, 3.639592428942868e-23, 3.6293923204289176e-23 
-59.125, 49.125, 3.38203841130713e-23, 3.3734619138381234e-23 
-58.875, 49.125, 1.923283532673812e-23, 1.91884867582566e-23 
-58.625, 49.125, 2.0315839339411932e-23, 2.027366558523358e-23 
-58.375, 49.125, 2.0548756734043187e-23, 2.051036031349795e-23 
-58.125, 49.125, 2.3289270882010573e-23, 2.325109492971413e-23 
-57.875, 49.125, 2.6504689908010225e-23, 2.6468021200035764e-23 
-57.625, 49.125, 2.0981619684954067e-23, 2.0958064273257852e-23 
-57.375, 49.125, 1.606492526649767e-23, 1.605048003873141e-23 
-57.125, 49.125, 1.909808339909826e-23, 1.908516449583443e-23 
-56.875, 49.125, 4.297593024597192e-23, 4.295578715023286e-23 
-56.625, 49.125, 2.876629633820894e-23, 2.875856293531647e-23 
-56.375, 49.125, 1.98722350295185e-23, 1.9870570371370588e-23 
-56.125, 49.125, 5.860632227806823e-23, 5.861210473304398e-23 
-55.875, 49.125, 9.5892221249775e-23, 9.591865633261156e-23 
-55.625, 49.125, 1.9350226962382605e-23, 1.9358986212038845e-23 
-55.375, 49.125, 2.033621265836006e-23, 2.034901732420467e-23 
-55.125, 49.125, 1.6294489505819766e-23, 1.6307459332205382e-23 
-54.875, 49.125, 9.894717243443108e-24, 9.903967880163736e-24 
-54.625, 49.125, 1.0006974072482303e-23, 1.001771995365012e-23 
-54.375, 49.125, 4.83841751709302e-23, 4.8441448170166335e-23 
-54.125, 49.125, 1.5864816932538855e-23, 1.5885383406145893e-23 
-53.875, 49.125, 2.619663100385677e-23, 2.6233831863325836e-23 
-53.625, 49.125, 2.678738360842538e-23, 2.682873688840217e-23 
-53.375, 49.125, 1.8278146271753518e-23, 1.830816332085875e-23 
-53.125, 49.125, 1.559256740081429e-23, 1.5619805594240667e-23 
-52.875, 49.125, 1.2687801371982603e-23, 1.27112427612641e-23 
-52.625, 49.125, 1.3112038981649437e-23, 1.31375843262138e-23 
-52.375, 49.125, 1.884787107565876e-23, 1.8886488818394986e-23 
-52.125, 49.125, 2.1626118504580007e-23, 2.167243831734498e-23 
-51.875, 49.125, 3.21134167746604e-23, 3.218445588610065e-23 
-51.625, 49.125, 8.296685025537883e-23, 8.315621529640042e-23 
-51.375, 49.125, 8.89843257326588e-23, 8.919053412447589e-23 
-51.125, 49.125, 6.647608373653749e-23, 6.663227921593274e-23 
-50.875, 49.125, 8.497437231111192e-23, 8.5176776390089e-23 
-50.625, 49.125, 7.579804077410648e-23, 7.598103517031424e-23 
-50.375, 49.125, 4.890398030710569e-23, 4.902328276822634e-23 
-50.125, 49.125, 3.5965632879209284e-23, 3.6054455578598025e-23 
-49.875, 49.125, 8.319752616861189e-24, 8.340694667181033e-24 
-49.625, 49.125, 1.0615382188414351e-23, 1.064260684423865e-23 
-49.375, 49.125, 8.040787714004827e-24, 8.061847174441526e-24 
-49.125, 49.125, 5.217221252305506e-24, 5.231145646583812e-24 
-48.875, 49.125, 4.735215293616055e-24, 4.748006183728971e-24 
-48.625, 49.125, 4.1655565705391026e-24, 4.176943222402129e-24 
-62.875, 49.375, 4.545571834048996e-23, 4.511204411650367e-23 
-62.625, 49.375, 1.5026491838109014e-22, 1.4919765975875668e-22 
-62.375, 49.375, 1.8703219686685082e-22, 1.8574697273460304e-22 
-62.125, 49.375, 1.4585593866313498e-22, 1.4490512252473818e-22 
-61.875, 49.375, 9.549739156691964e-23, 9.491364133500747e-23 
-61.625, 49.375, 6.759942731073629e-23, 6.721355008809646e-23 
-61.375, 49.375, 5.979615316662582e-23, 5.947225496715042e-23 
-61.125, 49.375, 6.739866636647201e-23, 6.705605972087587e-23 
-60.875, 49.375, 8.657486985965476e-23, 8.616529604526268e-23 
-60.625, 49.375, 9.75172734215033e-23, 9.709026294772236e-23 
-60.375, 49.375, 8.525475445830994e-23, 8.490692445861122e-23 
-60.125, 49.375, 4.32078368403971e-23, 4.304379670958218e-23 
-59.875, 49.375, 3.4025903556341984e-23, 3.390611250627281e-23 
-59.625, 49.375, 3.929290797473766e-23, 3.9165414692761785e-23 
-59.375, 49.375, 3.712012424121355e-23, 3.7010201909388544e-23 
-59.125, 49.375, 2.7551517011507497e-23, 2.747773765322776e-23 
-58.875, 49.375, 1.8847157409377646e-23, 1.8801710132169573e-23 
-58.625, 49.375, 1.837265299431991e-23, 1.8332575550634628e-23 
-58.375, 49.375, 1.8810902814269582e-23, 1.8773770290517366e-23 
-58.125, 49.375, 2.4199471711864633e-23, 2.415749651874064e-23 
-57.875, 49.375, 2.3729137226397876e-23, 2.3694167776931516e-23 
-57.625, 49.375, 1.7748309506781183e-23, 1.7726783243687307e-23 
-57.375, 49.375, 1.3459449036326263e-23, 1.344613285345543e-23 
-57.125, 49.375, 1.3483602343267132e-23, 1.3473064519141652e-23 
-56.875, 49.375, 2.5981183980295577e-23, 2.596607270677758e-23 
-56.625, 49.375, 2.3362440527764944e-23, 2.335352222954784e-23 
-56.375, 49.375, 2.0208948903911635e-23, 2.0204974735493177e-23 
-56.125, 49.375, 2.1752284322314165e-23, 2.1752023062485105e-23 
-55.875, 49.375, 1.7480110707421488e-23, 1.7483089438615157e-23 
-55.625, 49.375, 1.5421161010508948e-23, 1.5426518555151746e-23 
-55.375, 49.375, 1.7067978132597492e-23, 1.7076928727742843e-23 
-55.125, 49.375, 9.846608272770224e-24, 9.853514559841677e-24 
-54.875, 49.375, 8.856378331404022e-24, 8.864062326069475e-24 
-54.625, 49.375, 8.135573734344953e-23, 8.143762714773968e-23 
-54.375, 49.375, 1.200316854946279e-22, 1.201656944428826e-22 
-54.125, 49.375, 6.087881539761981e-23, 6.095338988751278e-23 
-53.875, 49.375, 2.0497401625298504e-23, 2.052481982302802e-23 
-53.625, 49.375, 2.0502404905631953e-23, 2.0532726721090729e-23 
-53.375, 49.375, 2.1039043880425168e-23, 2.10724489909098e-23 
-53.125, 49.375, 1.0670257636058928e-23, 1.0688316080353847e-23 
-52.875, 49.375, 1.0939015274671223e-23, 1.0958630032557178e-23 
-52.625, 49.375, 1.286569229736598e-23, 1.289005724193632e-23 
-52.375, 49.375, 1.0692699487896241e-23, 1.0714025891304307e-23 
-52.125, 49.375, 2.0800481978936523e-23, 2.0844062585196678e-23 
-51.875, 49.375, 9.211380459196804e-23, 9.231535371368609e-23 
-51.625, 49.375, 8.36175035369505e-23, 8.380633999596678e-23 
-51.375, 49.375, 2.5483890332267583e-23, 2.5542331959994078e-23 
-51.125, 49.375, 6.198230148883845e-23, 6.212644583008179e-23 
-50.875, 49.375, 7.510586897094612e-23, 7.528295872199231e-23 
-50.625, 49.375, 4.998563596986286e-23, 5.010510986727073e-23 
-50.375, 49.375, 3.288028831099739e-23, 3.2959709150064714e-23 
-50.125, 49.375, 1.1772886950795978e-23, 1.1801614584780227e-23 
-49.875, 49.375, 1.2916110932425605e-23, 1.2948018023103688e-23 
-49.625, 49.375, 1.2970121157051046e-23, 1.300277771974994e-23 
-49.375, 49.375, 8.096372568138364e-24, 8.117198637912633e-24 
-49.125, 49.375, 4.68723784631802e-24, 4.6995529537881106e-24 
-48.875, 49.375, 4.069548528493164e-24, 4.080443428157532e-24 
-48.625, 49.375, 4.394429519002102e-24, 4.406351362462616e-24 
-48.375, 49.375, 4.158888895767756e-24, 4.170318227436114e-24 
-48.125, 49.375, 6.001471165816497e-24, 6.018124285725824e-24 
-47.875, 49.375, 1.1361140360893927e-23, 1.1393142135865445e-23 
-63.125, 49.625, 1.6238289823676976e-23, 1.6100979958274603e-23 
-62.875, 49.625, 2.1954570573230014e-23, 2.177955042248908e-23 
-62.625, 49.625, 2.2220927127266438e-23, 2.2054431111093192e-23 
-62.375, 49.625, 2.516769751872878e-23, 2.4988443668196483e-23 
-62.125, 49.625, 6.964964742416932e-23, 6.918187421682339e-23 
-61.875, 49.625, 1.0014773735584789e-22, 9.95158151556556e-23 
-61.625, 49.625, 9.16590798167468e-23, 9.111779586458036e-23 
-61.375, 49.625, 1.1499258522398155e-22, 1.1435184684646943e-22 
-61.125, 49.625, 8.421086474313175e-23, 8.377132981888699e-23 
-60.875, 49.625, 9.670400570973344e-23, 9.623334761070412e-23 
-60.625, 49.625, 1.0835343542014597e-22, 1.0786422870533645e-22 
-60.375, 49.625, 1.372247431613286e-22, 1.3664408739922208e-22 
-60.125, 49.625, 1.0835691157199736e-22, 1.0792831911701102e-22 
-59.875, 49.625, 7.165182183378928e-23, 7.138818678967682e-23 
-59.625, 49.625, 3.689052993133949e-23, 3.6764974408038796e-23 
-59.375, 49.625, 2.79523091306653e-23, 2.786509798154548e-23 
-59.125, 49.625, 1.8728351363699598e-23, 1.8675227030791952e-23 
-58.875, 49.625, 1.8863643303474654e-23, 1.8815480501383437e-23 
-58.625, 49.625, 1.7890417165826018e-23, 1.784950474281029e-23 
-58.375, 49.625, 1.6883378046204456e-23, 1.6848439695184207e-23 
-58.125, 49.625, 2.028484926753803e-23, 2.0247833666729313e-23 
-57.875, 49.625, 1.7621446898245106e-23, 1.759388846430594e-23 
-57.625, 49.625, 2.1038701127381866e-23, 2.101128630937491e-23 
-57.375, 49.625, 2.04679246543163e-23, 2.0445524264103813e-23 
-57.125, 49.625, 2.5110266296115318e-23, 2.5087805789699348e-23 
-56.875, 49.625, 2.5819745073364932e-23, 2.580181187436047e-23 
-56.625, 49.625, 1.6709524786387717e-23, 1.670125941554512e-23 
-56.375, 49.625, 1.2542670078185252e-23, 1.2538787464810155e-23 
-56.125, 49.625, 1.962110576260571e-23, 1.9618655203890565e-23 
-55.875, 49.625, 1.9326237982432607e-23, 1.932739269755956e-23 
-55.625, 49.625, 1.4138385601094036e-23, 1.4141809205649854e-23 
-55.375, 49.625, 1.378982370142087e-23, 1.3795603805538207e-23 
-55.125, 49.625, 1.0606245980827106e-23, 1.0612568895278977e-23 
-54.875, 49.625, 1.1808956086109774e-23, 1.1818085923318937e-23 
-54.625, 49.625, 1.2863321245999839e-23, 1.287540354876851e-23 
-54.375, 49.625, 5.195695990007717e-23, 5.201147172714728e-23 
-54.125, 49.625, 2.3417191419901873e-23, 2.344430150307906e-23 
-53.875, 49.625, 2.0433557887316425e-23, 2.0459782916638222e-23 
-53.625, 49.625, 1.8252932162262436e-23, 1.8278932587210014e-23 
-53.375, 49.625, 8.989497850612683e-24, 9.003281347737956e-24 
-53.125, 49.625, 3.2527789798031e-23, 3.258106834538123e-23 
-52.875, 49.625, 3.7741323171780085e-23, 3.7806941721787656e-23 
-52.625, 49.625, 3.599460301966851e-23, 3.606080929518918e-23 
-52.375, 49.625, 2.2619298147463146e-23, 2.2663180448744568e-23 
-52.125, 49.625, 6.864294023713462e-23, 6.878302242082442e-23 
-51.875, 49.625, 9.191026039398913e-23, 9.210708027252074e-23 
-51.625, 49.625, 4.2568669612702184e-23, 4.266377870742551e-23 
-51.375, 49.625, 3.8677328166696134e-23, 3.8765094546205105e-23 
-51.125, 49.625, 1.7754106219167856e-23, 1.7794967154752907e-23 
-50.875, 49.625, 2.135590328248403e-23, 2.1405743481471198e-23 
-50.625, 49.625, 2.294822127408183e-24, 2.300251880529979e-24 
-50.375, 49.625, 3.957291883648771e-24, 3.966755274464823e-24 
-50.125, 49.625, 4.476050479950965e-24, 4.4868649753704324e-24 
-49.875, 49.625, 1.3494895463653505e-23, 1.352783352928693e-23 
-49.625, 49.625, 1.2358096538520047e-23, 1.2388633526012698e-23 
-49.375, 49.625, 4.62726932495272e-24, 4.6389552916313694e-24 
-49.125, 49.625, 3.9753488934575544e-24, 3.985607515338827e-24 
-48.875, 49.625, 4.661754072275359e-24, 4.674056432693125e-24 
-48.625, 49.625, 5.505925541986579e-24, 5.520783643927132e-24 
-48.375, 49.625, 3.979042544213021e-24, 3.98988556323843e-24 
-48.125, 49.625, 4.773404832084542e-24, 4.786509242951594e-24 
-47.875, 49.625, 9.030724647685932e-24, 9.055895391391617e-24 
-47.625, 49.625, 8.123927328932425e-24, 8.146911347975438e-24 
-47.375, 49.625, 6.287072968069529e-24, 6.305252517270736e-24 
-47.125, 49.625, 1.5443390938176844e-23, 1.5488887168294404e-23 
-46.875, 49.625, 2.435819488227907e-23, 2.443119336489515e-23 
-63.625, 49.875, 2.6007324038714563e-23, nan 
-63.375, 49.875, 3.0588343059620334e-23, nan 
-63.125, 49.875, 3.0856998212083765e-23, nan 
-62.875, 49.875, 1.837495214262475e-23, nan 
-62.625, 49.875, 3.1986412892042076e-23, nan 
-62.375, 49.875, 2.810993331351354e-23, nan 
-62.125, 49.875, 3.0790015469778685e-23, nan 
-61.875, 49.875, 7.18117479492874e-23, nan 
-61.625, 49.875, 1.4057722135382154e-22, nan 
-61.375, 49.875, 1.7595448954225487e-22, nan 
-61.125, 49.875, 9.398484205719059e-23, nan 
-60.875, 49.875, 1.090424832198044e-22, nan 
-60.625, 49.875, 1.2424270329370848e-22, nan 
-60.375, 49.875, 1.2925750897317449e-22, nan 
-60.125, 49.875, 1.2024266320202907e-22, nan 
-59.875, 49.875, 9.691086011421153e-23, nan 
-59.625, 49.875, 7.057811836739447e-23, nan 
-59.375, 49.875, 5.1207098243271723e-23, nan 
-59.125, 49.875, 4.496674701476048e-23, nan 
-58.875, 49.875, 2.588346545485645e-23, nan 
-58.625, 49.875, 1.4555649054930175e-23, nan 
-58.375, 49.875, 1.3028789264883896e-23, nan 
-58.125, 49.875, 2.9277767054803563e-23, nan 
-57.875, 49.875, 3.447856934862633e-23, nan 
-57.625, 49.875, 2.8054520467403536e-23, nan 
-57.375, 49.875, 1.8717054652041586e-23, nan 
-57.125, 49.875, 2.0095724710002152e-23, nan 
-56.875, 49.875, 1.7903856015274683e-23, nan 
-56.625, 49.875, 1.547851790163634e-23, nan 
-56.375, 49.875, 1.512918856514748e-23, nan 
-56.125, 49.875, 2.3241878874598509e-23, nan 
-55.875, 49.875, 2.0055302573136163e-23, nan 
-55.625, 49.875, 8.667884488524418e-24, nan 
-55.375, 49.875, 8.716185077273419e-24, nan 
-55.125, 49.875, 1.2489374663400889e-23, nan 
-54.875, 49.875, 1.5103971222427277e-23, nan 
-54.625, 49.875, 1.8553687465280145e-23, nan 
-54.375, 49.875, 2.4044058750819743e-23, nan 
-54.125, 49.875, 1.647953237914119e-23, nan 
-53.875, 49.875, 1.9048816318473442e-23, nan 
-53.625, 49.875, 1.6341050988168707e-23, nan 
-53.375, 49.875, 3.5985391762864705e-23, nan 
-53.125, 49.875, 4.723281937982557e-23, nan 
-52.875, 49.875, 2.9175760976059645e-23, nan 
-52.625, 49.875, 3.156644216170869e-23, nan 
-52.375, 49.875, 3.011284787480333e-23, nan 
-52.125, 49.875, 3.802905855335517e-23, nan 
-51.875, 49.875, 3.5974332547821216e-23, nan 
-51.625, 49.875, 2.1544704183047444e-23, nan 
-51.375, 49.875, 2.6714585514029353e-24, nan 
-51.125, 49.875, 5.7580565754166225e-24, nan 
-50.875, 49.875, 3.8538722396223085e-24, nan 
-50.625, 49.875, 5.122861511910236e-24, nan 
-50.375, 49.875, 7.056296042006093e-24, nan 
-50.125, 49.875, 1.3304948854609533e-23, nan 
-49.875, 49.875, 1.4815581013895662e-23, nan 
-49.625, 49.875, 7.095490207818185e-24, nan 
-49.375, 49.875, 4.959132720776059e-24, nan 
-49.125, 49.875, 1.9294967683948148e-24, nan 
-48.875, 49.875, 1.0803497164756621e-23, nan 
-48.625, 49.875, 1.0167029953148025e-23, nan 
-48.375, 49.875, 5.289399954629865e-24, nan 
-48.125, 49.875, 7.023113280476736e-24, nan 
-47.875, 49.875, 7.278292777555187e-24, nan 
-47.625, 49.875, 6.350025882561094e-24, nan 
-47.375, 49.875, 1.8951388069803907e-23, nan 
-47.125, 49.875, 2.779135061017571e-23, nan 
-46.875, 49.875, 1.7916836611302626e-23, nan 
-46.625, 49.875, 1.8306985834600535e-23, nan 
-46.375, 49.875, 1.7264283165712485e-23, nan 
-46.125, 49.875, 2.1198687813196494e-23, nan 
-63.875, 50.125, 3.458332134583325e-23, nan 
-63.625, 50.125, 2.1508040520560355e-23, nan 
-63.375, 50.125, 2.5676395013190822e-23, nan 
-63.125, 50.125, 3.6081775384111915e-23, nan 
-62.875, 50.125, 4.705555491742247e-23, nan 
-62.625, 50.125, 3.001132147648784e-23, nan 
-62.375, 50.125, 3.952530652103067e-23, nan 
-62.125, 50.125, 3.553927030639789e-23, nan 
-61.875, 50.125, 7.196761371077311e-23, nan 
-61.625, 50.125, 7.931595157092619e-23, nan 
-61.375, 50.125, 8.801510562177987e-23, nan 
-61.125, 50.125, 7.182927464416073e-23, nan 
-60.875, 50.125, 8.185004085257127e-23, nan 
-60.625, 50.125, 1.0324512929873149e-22, nan 
-60.375, 50.125, 1.4331694867219713e-22, nan 
-60.125, 50.125, 1.1379514419324345e-22, nan 
-59.875, 50.125, 2.999957775683662e-23, nan 
-59.625, 50.125, 4.1018066016111706e-23, nan 
-59.375, 50.125, 4.7634993725305907e-23, nan 
-59.125, 50.125, 4.848524338309507e-23, nan 
-58.875, 50.125, 2.404727644055494e-23, nan 
-58.625, 50.125, 2.5656124865709215e-23, nan 
-58.375, 50.125, 2.4235589950417396e-23, nan 
-58.125, 50.125, 3.048897735593591e-23, nan 
-57.875, 50.125, 3.1055926082603343e-23, nan 
-57.625, 50.125, 2.1076733847047652e-23, nan 
-57.375, 50.125, 9.473009842881661e-24, nan 
-57.125, 50.125, 1.7639705619596414e-23, nan 
-56.875, 50.125, 2.349028357107015e-23, nan 
-56.625, 50.125, 2.2247746940060118e-23, nan 
-56.375, 50.125, 2.3190848061313395e-23, nan 
-56.125, 50.125, 2.3798441146497892e-23, nan 
-55.875, 50.125, 1.6225428021671453e-23, nan 
-55.625, 50.125, 8.054937363145855e-24, nan 
-55.375, 50.125, 1.136814697111035e-23, nan 
-55.125, 50.125, 1.7307984734076024e-23, nan 
-54.875, 50.125, 1.53863586179504e-23, nan 
-54.625, 50.125, 1.373650636225524e-23, nan 
-54.375, 50.125, 2.294330971856899e-23, nan 
-54.125, 50.125, 2.2524322583240808e-23, nan 
-53.875, 50.125, 1.8283731697015205e-23, nan 
-53.625, 50.125, 1.3136847973042225e-23, nan 
-53.375, 50.125, 3.056370449731328e-23, nan 
-53.125, 50.125, 2.90022379647105e-23, nan 
-52.875, 50.125, 2.725512632146458e-24, nan 
-52.625, 50.125, 2.6096566156038892e-23, nan 
-52.375, 50.125, 4.4231580863345983e-23, nan 
-52.125, 50.125, 3.9440925812170944e-23, nan 
-51.875, 50.125, 3.9217740216006035e-24, nan 
-51.625, 50.125, 2.3589792442974107e-24, nan 
-51.375, 50.125, 6.649990633648488e-24, nan 
-51.125, 50.125, 8.510747367174148e-24, nan 
-50.875, 50.125, 4.87118009962912e-24, nan 
-50.625, 50.125, 2.8429474548109344e-24, nan 
-50.375, 50.125, 8.066394334750137e-24, nan 
-50.125, 50.125, 1.3383025798438914e-23, nan 
-49.875, 50.125, 1.1383525218680954e-23, nan 
-49.625, 50.125, 8.013499470065502e-24, nan 
-49.375, 50.125, 3.383578856970164e-24, nan 
-49.125, 50.125, 1.0183785966917326e-23, nan 
-48.875, 50.125, 1.1482369337536258e-23, nan 
-48.625, 50.125, 4.410511537196267e-24, nan 
-48.375, 50.125, 9.382076424791873e-24, nan 
-48.125, 50.125, 1.028518344663209e-23, nan 
-47.875, 50.125, 5.5516494171119126e-24, nan 
-47.625, 50.125, 1.1886546130008516e-23, nan 
-47.375, 50.125, 1.5544814219929562e-23, nan 
-47.125, 50.125, 2.3290286715352512e-23, nan 
-46.875, 50.125, 1.895195058424696e-23, nan 
-46.625, 50.125, 1.1884103925208082e-23, nan 
-46.375, 50.125, 1.0474518693566398e-23, nan 
-46.125, 50.125, 1.3668596715448915e-23, nan 
-45.875, 50.125, 1.501942219166994e-23, nan 
-45.625, 50.125, 1.6691069701874824e-23, nan 
-45.375, 50.125, 1.6294421932371315e-23, nan 
-45.125, 50.125, 1.4693682147826934e-23, nan 
-64.125, 50.375, 4.4086125745153656e-23, nan 
-63.875, 50.375, 2.4914925128048757e-23, nan 
-63.625, 50.375, 1.892855063930976e-23, nan 
-63.375, 50.375, 2.2323957367675897e-23, nan 
-63.125, 50.375, 2.436353231954669e-23, nan 
-62.875, 50.375, 5.03735253329722e-23, nan 
-62.625, 50.375, 4.1539465512063556e-23, nan 
-62.375, 50.375, 4.134305928837101e-23, nan 
-62.125, 50.375, 3.081124713978616e-23, nan 
-61.875, 50.375, 3.763177339734562e-23, nan 
-61.625, 50.375, 1.2542826883184345e-22, nan 
-61.375, 50.375, 1.268128930390064e-22, nan 
-61.125, 50.375, 3.357633056509833e-23, nan 
-60.875, 50.375, 1.649884881641317e-23, nan 
-60.625, 50.375, 4.671512306004947e-23, nan 
-60.375, 50.375, 8.151400236688105e-23, nan 
-60.125, 50.375, 1.2081752855990811e-23, nan 
-59.875, 50.375, 2.168833365192691e-23, nan 
-59.625, 50.375, 3.7430193695655775e-23, nan 
-59.375, 50.375, 5.046402861668894e-23, nan 
-59.125, 50.375, 5.030873306305695e-23, nan 
-58.875, 50.375, 4.7241063017757394e-23, nan 
-58.625, 50.375, 5.359957531808638e-23, nan 
-58.375, 50.375, 2.2775512782310128e-23, nan 
-58.125, 50.375, 3.408881822548804e-23, nan 
-57.875, 50.375, 1.9069454644538133e-23, nan 
-57.625, 50.375, 1.0762803195398001e-23, nan 
-57.375, 50.375, 2.1701931671717195e-23, nan 
-57.125, 50.375, 3.074988550913824e-23, nan 
-56.875, 50.375, 3.089079992362051e-23, nan 
-56.625, 50.375, 2.664041307713859e-23, nan 
-56.375, 50.375, 2.3193362073405922e-23, nan 
-56.125, 50.375, 1.417460982000276e-23, nan 
-55.875, 50.375, 1.1604955103936962e-23, nan 
-55.625, 50.375, 1.6681757253614712e-23, nan 
-55.375, 50.375, 1.698824901909132e-23, nan 
-55.125, 50.375, 2.7408764119391455e-23, nan 
-54.875, 50.375, 2.4370361554720246e-23, nan 
-54.625, 50.375, 2.5031278961977082e-23, nan 
-54.375, 50.375, 2.81057758679287e-23, nan 
-54.125, 50.375, 2.1993019298475848e-23, nan 
-53.875, 50.375, 1.8252639857090737e-23, nan 
-53.625, 50.375, 1.4769188357632838e-23, nan 
-53.375, 50.375, 2.2670811103919132e-23, nan 
-53.125, 50.375, 2.2223032432358677e-23, nan 
-52.875, 50.375, 7.835799938578989e-24, nan 
-52.625, 50.375, 3.592380132168055e-24, nan 
-52.375, 50.375, 1.9924559834214996e-23, nan 
-52.125, 50.375, 8.462215516992486e-24, nan 
-51.875, 50.375, 3.794022546256748e-24, nan 
-51.625, 50.375, 2.446524746601614e-24, nan 
-51.375, 50.375, 8.977100179858761e-24, nan 
-51.125, 50.375, 1.1470850619464477e-23, nan 
-50.875, 50.375, 5.8697812183755496e-24, nan 
-50.625, 50.375, 2.7469096825277433e-24, nan 
-50.375, 50.375, 1.8629597783191265e-23, nan 
-50.125, 50.375, 1.9122460042756488e-23, nan 
-49.875, 50.375, 1.1924031857139754e-23, nan 
-49.625, 50.375, 9.638869527020057e-24, nan 
-49.375, 50.375, 9.22562571592199e-24, nan 
-49.125, 50.375, 1.0717578781198681e-23, nan 
-48.875, 50.375, 7.254230578906378e-24, nan 
-48.625, 50.375, 9.210818640614815e-24, nan 
-48.375, 50.375, 1.2651670828436287e-23, nan 
-48.125, 50.375, 1.0357838510231491e-23, nan 
-47.875, 50.375, 6.995971465837741e-24, nan 
-47.625, 50.375, 1.4677539404155755e-23, nan 
-47.375, 50.375, 1.7073513557969553e-23, nan 
-47.125, 50.375, 8.757766457364117e-24, nan 
-46.875, 50.375, 1.1109057058281366e-23, nan 
-46.625, 50.375, 1.5374379238397407e-23, nan 
-46.375, 50.375, 1.3336973730633738e-23, nan 
-46.125, 50.375, 1.1933198322511816e-23, nan 
-45.875, 50.375, 1.4026406764662946e-23, nan 
-45.625, 50.375, 1.330529266313591e-23, nan 
-45.375, 50.375, 1.4833754105780857e-23, nan 
-45.125, 50.375, 1.5422528044766456e-23, nan 
-44.875, 50.375, 1.1729022908772758e-23, nan 
-44.625, 50.375, 6.69919139257099e-24, nan 
-44.375, 50.375, 1.3439770665433598e-23, nan 
-64.625, 50.625, 1.9156253828581056e-23, nan 
-64.375, 50.625, 1.665521212704139e-23, nan 
-64.125, 50.625, 3.139545410799901e-23, nan 
-63.875, 50.625, 1.6912795895199502e-23, nan 
-63.625, 50.625, 2.6359759447695467e-23, nan 
-63.375, 50.625, 2.9110578238584314e-23, nan 
-63.125, 50.625, 2.857925916303252e-23, nan 
-62.875, 50.625, 4.1717366813860964e-23, nan 
-62.625, 50.625, 4.2551536591181005e-23, nan 
-62.375, 50.625, 3.11377112082361e-23, nan 
-62.125, 50.625, 4.069991474836744e-23, nan 
-61.875, 50.625, 4.868783427491188e-23, nan 
-61.625, 50.625, 9.792869080202372e-23, nan 
-61.375, 50.625, 1.0530304812911279e-22, nan 
-61.125, 50.625, 4.602956045066521e-23, nan 
-60.875, 50.625, 1.042997208435153e-23, nan 
-60.625, 50.625, 2.1568040692215843e-23, nan 
-60.375, 50.625, 7.201723604980083e-23, nan 
-60.125, 50.625, 1.230718532862123e-22, nan 
-59.875, 50.625, 1.1620203692840778e-22, nan 
-59.625, 50.625, 8.569635668709494e-23, nan 
-59.375, 50.625, 5.873975933246511e-23, nan 
-59.125, 50.625, 4.655644763401823e-23, nan 
-58.875, 50.625, 2.828724940652714e-23, nan 
-58.625, 50.625, 3.771528778933795e-23, nan 
-58.375, 50.625, 4.2825338808205014e-23, nan 
-58.125, 50.625, 4.954528876901233e-23, nan 
-57.875, 50.625, 2.5101964273006047e-23, nan 
-57.625, 50.625, 2.8628021429376837e-23, nan 
-57.375, 50.625, 3.872336722964555e-23, nan 
-57.125, 50.625, 3.1597968265978213e-23, nan 
-56.875, 50.625, 2.0082767779736108e-23, nan 
-56.625, 50.625, 1.9621060061594597e-23, nan 
-56.375, 50.625, 2.0735330207568446e-23, nan 
-56.125, 50.625, 1.376183748263834e-23, nan 
-55.875, 50.625, 1.743877149372837e-23, nan 
-55.625, 50.625, 2.263635267960043e-23, nan 
-55.375, 50.625, 1.7714752443649137e-23, nan 
-55.125, 50.625, 2.6785442615202404e-23, nan 
-54.875, 50.625, 2.3117606955667125e-23, nan 
-54.625, 50.625, 2.172633330602957e-23, nan 
-54.375, 50.625, 2.547129757841946e-23, nan 
-54.125, 50.625, 2.5947903623938737e-23, nan 
-53.875, 50.625, 1.996209930080898e-23, nan 
-53.625, 50.625, 1.8066102513492804e-23, nan 
-53.375, 50.625, 1.5744062014082962e-23, nan 
-53.125, 50.625, 2.0266138633986066e-23, nan 
-52.875, 50.625, 1.5576320224347075e-23, nan 
-52.625, 50.625, 6.53519591806719e-24, nan 
-52.375, 50.625, 8.636765922190527e-24, nan 
-52.125, 50.625, 8.531431266324642e-24, nan 
-51.875, 50.625, 1.1492262047547599e-23, nan 
-51.625, 50.625, 1.455567436243191e-23, nan 
-51.375, 50.625, 1.4562716517945853e-23, nan 
-51.125, 50.625, 1.4868094367455553e-23, nan 
-50.875, 50.625, 1.1312788860316835e-23, nan 
-50.625, 50.625, 1.4185312761320214e-23, nan 
-50.375, 50.625, 1.842864845093169e-23, nan 
-50.125, 50.625, 9.673434430815792e-24, nan 
-49.875, 50.625, 6.185702143125523e-24, nan 
-49.625, 50.625, 8.555701693451994e-24, nan 
-49.375, 50.625, 1.026656716294226e-23, nan 
-49.125, 50.625, 1.111409937985457e-23, nan 
-48.875, 50.625, 8.983622172482539e-24, nan 
-48.625, 50.625, 8.54345209913046e-24, nan 
-48.375, 50.625, 1.0476821415185276e-23, nan 
-48.125, 50.625, 9.93018661824591e-24, nan 
-47.875, 50.625, 1.00549927725777e-23, nan 
-47.625, 50.625, 7.37680749348263e-24, nan 
-47.375, 50.625, 1.2617311109811807e-23, nan 
-47.125, 50.625, 1.1146721260585214e-23, nan 
-46.875, 50.625, 1.0262216474414846e-23, nan 
-46.625, 50.625, 1.329644646262278e-23, nan 
-46.375, 50.625, 1.0710307639625373e-23, nan 
-46.125, 50.625, 1.5584163298577243e-23, nan 
-45.875, 50.625, 1.6121618773946094e-23, nan 
-45.625, 50.625, 1.578722754630915e-23, nan 
-45.375, 50.625, 1.6159732043173022e-23, nan 
-45.125, 50.625, 9.9726508891911e-24, nan 
-44.875, 50.625, 8.303259754419144e-24, nan 
-44.625, 50.625, 1.1338039093215758e-23, nan 
-44.375, 50.625, 1.1570947280364102e-23, nan 
-44.125, 50.625, 4.889884308481954e-24, nan 
-43.875, 50.625, 6.515067715762218e-24, nan 
-43.625, 50.625, 8.328835032884234e-24, nan 
-64.875, 50.875, 1.1787929605045584e-23, nan 
-64.625, 50.875, 3.990559128705863e-23, nan 
-64.375, 50.875, 4.0891159234370695e-23, nan 
-64.125, 50.875, 3.165582381551777e-23, nan 
-63.875, 50.875, 2.8487274827944487e-23, nan 
-63.625, 50.875, 2.1773768148245124e-23, nan 
-63.375, 50.875, 2.2993559563802135e-23, nan 
-63.125, 50.875, 3.17441391649429e-23, nan 
-62.875, 50.875, 3.1531917537901374e-23, nan 
-62.625, 50.875, 2.4584377355212104e-23, nan 
-62.375, 50.875, 3.335118501764852e-23, nan 
-62.125, 50.875, 4.706214108729448e-23, nan 
-61.875, 50.875, 4.7698202015170534e-23, nan 
-61.625, 50.875, 6.20846491202868e-23, nan 
-61.375, 50.875, 1.1575716215235088e-22, nan 
-61.125, 50.875, 1.1221626543366702e-22, nan 
-60.875, 50.875, 1.1491666291799939e-23, nan 
-60.625, 50.875, 1.3251493683170124e-22, nan 
-60.375, 50.875, 1.8018639928022508e-22, nan 
-60.125, 50.875, 1.4561866528380591e-22, nan 
-59.875, 50.875, 1.1454326932423178e-22, nan 
-59.625, 50.875, 8.858832591134655e-23, nan 
-59.375, 50.875, 9.302169811660701e-23, nan 
-59.125, 50.875, 7.346888694035545e-23, nan 
-58.875, 50.875, 5.381232385326873e-23, nan 
-58.625, 50.875, 4.0861456910709574e-23, nan 
-58.375, 50.875, 3.385220665963623e-23, nan 
-58.125, 50.875, 2.3141867996154836e-23, nan 
-57.875, 50.875, 2.834623748458718e-23, nan 
-57.625, 50.875, 4.177356574998144e-23, nan 
-57.375, 50.875, 3.836283977605422e-23, nan 
-57.125, 50.875, 2.6979923330992817e-23, nan 
-56.875, 50.875, 3.566984077319119e-23, nan 
-56.625, 50.875, 2.435311556617627e-23, nan 
-56.375, 50.875, 1.8066968230173785e-23, nan 
-56.125, 50.875, 2.216742004280284e-23, nan 
-55.875, 50.875, 1.5696133492214845e-23, nan 
-55.625, 50.875, 1.5200741716798482e-23, nan 
-55.375, 50.875, 3.126317046555408e-23, nan 
-55.125, 50.875, 3.5292915473316024e-23, nan 
-54.875, 50.875, 2.1155689277801416e-23, nan 
-54.625, 50.875, 1.5913314615210356e-23, nan 
-54.375, 50.875, 3.004827001366904e-23, nan 
-54.125, 50.875, 2.9221649114652657e-23, nan 
-53.875, 50.875, 1.9932270593113604e-23, nan 
-53.625, 50.875, 1.7494988553358748e-23, nan 
-53.375, 50.875, 1.4402334988455648e-23, nan 
-53.125, 50.875, 1.280171045341194e-23, nan 
-52.875, 50.875, 4.179579224187997e-24, nan 
-52.625, 50.875, 7.157489504176175e-24, nan 
-52.375, 50.875, 6.357540892104108e-24, nan 
-52.125, 50.875, 2.7496225756645275e-24, nan 
-51.875, 50.875, 1.1131276807124775e-23, nan 
-51.625, 50.875, 1.427204452593384e-23, nan 
-51.375, 50.875, 1.756417118340033e-23, nan 
-51.125, 50.875, 1.5334862983057608e-23, nan 
-50.875, 50.875, 1.1125963575284398e-23, nan 
-50.625, 50.875, 1.326091016941217e-23, nan 
-50.375, 50.875, 1.8092095206255068e-23, nan 
-50.125, 50.875, 7.270969201431344e-24, nan 
-49.875, 50.875, 1.0540217791104951e-23, nan 
-49.625, 50.875, 1.409297745833516e-23, nan 
-49.375, 50.875, 1.428859719799685e-23, nan 
-49.125, 50.875, 1.113521366046473e-23, nan 
-48.875, 50.875, 6.441874626734461e-24, nan 
-48.625, 50.875, 9.71811866252737e-24, nan 
-48.375, 50.875, 1.3002111251203613e-23, nan 
-48.125, 50.875, 1.1628295164909034e-23, nan 
-47.875, 50.875, 1.0531690479296546e-23, nan 
-47.625, 50.875, 9.147135221619277e-24, nan 
-47.375, 50.875, 1.1426918252269442e-23, nan 
-47.125, 50.875, 1.0892071157744433e-23, nan 
-46.875, 50.875, 7.875177988360263e-24, nan 
-46.625, 50.875, 7.30942714288876e-24, nan 
-46.375, 50.875, 6.657803740101942e-24, nan 
-46.125, 50.875, 1.5184572875771625e-23, nan 
-45.875, 50.875, 1.8629996937834966e-23, nan 
-45.625, 50.875, 1.686098231338814e-23, nan 
-45.375, 50.875, 1.393044201215917e-23, nan 
-45.125, 50.875, 9.05237714306552e-24, nan 
-44.875, 50.875, 7.335829642088852e-24, nan 
-44.625, 50.875, 2.076250957225066e-23, nan 
-44.375, 50.875, 1.83468452349623e-23, nan 
-44.125, 50.875, 6.723474892824008e-24, nan 
-43.875, 50.875, 1.0187886147409472e-23, nan 
-43.625, 50.875, 1.176330415860418e-23, nan 
-43.375, 50.875, 9.070221687990247e-24, nan 
-43.125, 50.875, 1.056429908894168e-23, nan 
-42.875, 50.875, 9.91491707079325e-24, nan 
-42.625, 50.875, 1.2759319510098153e-23, nan 
-65.375, 51.125, 2.3590114350077616e-23, nan 
-65.125, 51.125, 1.1719619493706778e-23, nan 
-64.875, 51.125, 9.186000347358502e-24, nan 
-64.625, 51.125, 3.949038412655891e-23, nan 
-64.375, 51.125, 4.144921795609733e-23, nan 
-64.125, 51.125, 1.659455145554891e-23, nan 
-63.875, 51.125, 1.7904315989525816e-23, nan 
-63.625, 51.125, 1.048680426768412e-23, nan 
-63.375, 51.125, 2.2602108759008478e-23, nan 
-63.125, 51.125, 2.3183827739801884e-23, nan 
-62.875, 51.125, 1.773126900095025e-23, nan 
-62.625, 51.125, 2.865029879271207e-23, nan 
-62.375, 51.125, 5.786301425979929e-23, nan 
-62.125, 51.125, 6.583648696775423e-23, nan 
-61.875, 51.125, 5.343573860796807e-23, nan 
-61.625, 51.125, 6.457158044350623e-23, nan 
-61.375, 51.125, 6.334284628089128e-23, nan 
-61.125, 51.125, 1.0562309131925009e-22, nan 
-60.875, 51.125, 8.669840521370148e-23, nan 
-60.625, 51.125, 3.4335118891634874e-23, nan 
-60.375, 51.125, 1.8731709930363213e-22, nan 
-60.125, 51.125, 1.9939842201130066e-22, nan 
-59.875, 51.125, 1.0354412375801329e-22, nan 
-59.625, 51.125, 9.917823709706531e-23, nan 
-59.375, 51.125, 7.443294841859662e-23, nan 
-59.125, 51.125, 5.1550861664638957e-23, nan 
-58.875, 51.125, 5.685632316342464e-23, nan 
-58.625, 51.125, 3.806107025286987e-23, nan 
-58.375, 51.125, 2.3919047389142963e-23, nan 
-58.125, 51.125, 2.061704467873679e-23, nan 
-57.875, 51.125, 2.0376249043955382e-23, nan 
-57.625, 51.125, 3.27424223413766e-23, nan 
-57.375, 51.125, 4.071054814216114e-23, nan 
-57.125, 51.125, 4.245720621970996e-23, nan 
-56.875, 51.125, 4.4440477088330264e-23, nan 
-56.625, 51.125, 2.9536634894749576e-23, nan 
-56.375, 51.125, 3.645358592705211e-23, nan 
-56.125, 51.125, 3.2568689098377156e-23, nan 
-55.875, 51.125, 2.4628038160103528e-23, nan 
-55.625, 51.125, 2.857461352600427e-23, nan 
-55.375, 51.125, 3.7029796676465227e-23, nan 
-55.125, 51.125, 3.9288041617795314e-23, nan 
-54.875, 51.125, 2.446735745163954e-23, nan 
-54.625, 51.125, 2.3635521161213818e-23, nan 
-54.375, 51.125, 3.0990864887488606e-23, nan 
-54.125, 51.125, 1.8361680307318077e-23, nan 
-53.875, 51.125, 1.2829435959796988e-23, nan 
-53.625, 51.125, 7.46398424184987e-24, nan 
-53.375, 51.125, 3.99690088199149e-24, nan 
-53.125, 51.125, 4.042091436025354e-24, nan 
-52.875, 51.125, 4.2474554129160514e-24, nan 
-52.625, 51.125, 4.0942419679620905e-24, nan 
-52.375, 51.125, 2.8581666094790993e-24, nan 
-52.125, 51.125, 2.4701320505470202e-24, nan 
-51.875, 51.125, 6.384425701537148e-24, nan 
-51.625, 51.125, 1.8106545090825574e-23, nan 
-51.375, 51.125, 2.087455901463901e-23, nan 
-51.125, 51.125, 1.1868471110020617e-23, nan 
-50.875, 51.125, 1.0675606243828675e-23, nan 
-50.625, 51.125, 1.1941133272793992e-23, nan 
-50.375, 51.125, 2.0512379253208863e-23, nan 
-50.125, 51.125, 1.5189583735859034e-23, nan 
-49.875, 51.125, 1.550265713027544e-23, nan 
-49.625, 51.125, 1.3741757956702624e-23, nan 
-49.375, 51.125, 8.477079429344251e-24, nan 
-49.125, 51.125, 8.413860602077779e-24, nan 
-48.875, 51.125, 9.915232697747903e-24, nan 
-48.625, 51.125, 1.2330746340683882e-23, nan 
-48.375, 51.125, 1.2875145542481442e-23, nan 
-48.125, 51.125, 8.165227044207639e-24, nan 
-47.875, 51.125, 6.3013631565021865e-24, nan 
-47.625, 51.125, 7.201397634613329e-24, nan 
-47.375, 51.125, 1.0425127222579667e-23, nan 
-47.125, 51.125, 8.614473132260534e-24, nan 
-46.875, 51.125, 1.0972247126332725e-23, nan 
-46.625, 51.125, 1.0680209616381642e-23, nan 
-46.375, 51.125, 1.0654718516174968e-23, nan 
-46.125, 51.125, 2.0856541048856717e-23, nan 
-45.875, 51.125, 2.3675197599771258e-23, nan 
-45.625, 51.125, 1.9928069659317754e-23, nan 
-45.375, 51.125, 1.5140132226696067e-23, nan 
-45.125, 51.125, 9.277814101379654e-24, nan 
-44.875, 51.125, 9.774528217354146e-24, nan 
-44.625, 51.125, 1.374471708905545e-23, nan 
-44.375, 51.125, 9.523111375943367e-24, nan 
-44.125, 51.125, 1.2494669438504566e-23, nan 
-43.875, 51.125, 1.3170328460769051e-23, nan 
-43.625, 51.125, 1.1420220472706495e-23, nan 
-43.375, 51.125, 1.4934934227332331e-23, nan 
-43.125, 51.125, 1.2806065833840759e-23, nan 
-42.875, 51.125, 1.0286979241831621e-23, nan 
-42.625, 51.125, 1.2101590170841671e-23, nan 
-42.375, 51.125, 1.4769191902676926e-23, nan 
-42.125, 51.125, 1.0774077537540979e-23, nan 
-41.875, 51.125, 1.2513866542609056e-23, nan 
-65.625, 51.375, 5.254104160696913e-23, nan 
-65.375, 51.375, 2.9617646634938227e-23, nan 
-65.125, 51.375, 2.1121775912603506e-23, nan 
-64.875, 51.375, 1.2825601141238114e-23, nan 
-64.625, 51.375, 2.713357438691067e-23, nan 
-64.375, 51.375, 2.996755233066992e-23, nan 
-64.125, 51.375, 2.1293472895113903e-23, nan 
-63.875, 51.375, 1.6422475859921223e-23, nan 
-63.625, 51.375, 8.556194338365787e-24, nan 
-63.375, 51.375, 9.03727194848706e-23, nan 
-63.125, 51.375, 3.732133862041002e-23, nan 
-62.875, 51.375, 3.608241612436985e-23, nan 
-62.625, 51.375, 3.8103286024779204e-23, nan 
-62.375, 51.375, 5.557683731367943e-23, nan 
-62.125, 51.375, 5.899385007826328e-23, nan 
-61.875, 51.375, 4.9461050618919994e-23, nan 
-61.625, 51.375, 4.161003156897187e-23, nan 
-61.375, 51.375, 4.93654922827419e-23, nan 
-61.125, 51.375, 5.683842919759623e-23, nan 
-60.875, 51.375, 8.123197813647574e-23, nan 
-60.625, 51.375, 7.076694750406247e-23, nan 
-60.375, 51.375, 3.041888021888828e-23, nan 
-60.125, 51.375, 1.0674718615849761e-22, nan 
-59.875, 51.375, 9.96552995307654e-23, nan 
-59.625, 51.375, 7.74869512587643e-23, nan 
-59.375, 51.375, 5.2387591593799345e-23, nan 
-59.125, 51.375, 4.2895993722466675e-23, nan 
-58.875, 51.375, 2.773344760109839e-23, nan 
-58.625, 51.375, 2.3288458303535476e-23, nan 
-58.375, 51.375, 1.730445944937916e-23, nan 
-58.125, 51.375, 1.9543304825912968e-23, nan 
-57.875, 51.375, 2.3318720818140994e-23, nan 
-57.625, 51.375, 2.773579391932301e-23, nan 
-57.375, 51.375, 3.3228200618844786e-23, nan 
-57.125, 51.375, 3.6235789570947316e-23, nan 
-56.875, 51.375, 2.7259575170458615e-23, nan 
-56.625, 51.375, 2.811530314118592e-23, nan 
-56.375, 51.375, 3.596342256804916e-23, nan 
-56.125, 51.375, 2.2477888942028146e-23, nan 
-55.875, 51.375, 3.2196284755941056e-23, nan 
-55.625, 51.375, 2.978334945879748e-23, nan 
-55.375, 51.375, 3.614552897271232e-23, nan 
-55.125, 51.375, 2.6872415467277217e-23, nan 
-54.875, 51.375, 2.40754752907418e-23, nan 
-54.625, 51.375, 3.125732492477728e-23, nan 
-54.375, 51.375, 2.730108127913256e-23, nan 
-54.125, 51.375, 2.197939852998425e-23, nan 
-53.875, 51.375, 1.2859679734823783e-23, nan 
-53.625, 51.375, 4.359590412115322e-24, nan 
-53.375, 51.375, 4.9494023125119046e-24, nan 
-53.125, 51.375, 3.330534214857866e-24, nan 
-52.875, 51.375, 3.519589046692554e-24, nan 
-52.625, 51.375, 2.2805738053400286e-24, nan 
-52.375, 51.375, 3.565247314765984e-24, nan 
-52.125, 51.375, 1.2633041976287842e-23, nan 
-51.875, 51.375, 1.7544516623679232e-23, nan 
-51.625, 51.375, 1.6358632892214837e-23, nan 
-51.375, 51.375, 1.2628211618063923e-23, nan 
-51.125, 51.375, 1.3643850028566813e-23, nan 
-50.875, 51.375, 1.2813908249806586e-23, nan 
-50.625, 51.375, 1.0636312310135896e-23, nan 
-50.375, 51.375, 9.984182684607376e-24, nan 
-50.125, 51.375, 1.3900371947040232e-23, nan 
-49.875, 51.375, 1.4819364070977147e-23, nan 
-49.625, 51.375, 8.303736871648537e-24, nan 
-49.375, 51.375, 9.561103737478669e-24, nan 
-49.125, 51.375, 1.3581874687549202e-23, nan 
-48.875, 51.375, 1.3175191422125822e-23, nan 
-48.625, 51.375, 1.4476639423254369e-23, nan 
-48.375, 51.375, 1.4008332594639943e-23, nan 
-48.125, 51.375, 1.0994591792967106e-23, nan 
-47.875, 51.375, 1.2032820734434449e-23, nan 
-47.625, 51.375, 9.890425690007747e-24, nan 
-47.375, 51.375, 8.204139152337435e-24, nan 
-47.125, 51.375, 9.217634190224289e-24, nan 
-46.875, 51.375, 9.809436184447085e-24, nan 
-46.625, 51.375, 1.0590849937387957e-23, nan 
-46.375, 51.375, 1.1321812870936096e-23, nan 
-46.125, 51.375, 2.6858687081051546e-23, nan 
-45.875, 51.375, 2.8647226330716765e-23, nan 
-45.625, 51.375, 1.9833847586024475e-23, nan 
-45.375, 51.375, 1.1964876237830466e-23, nan 
-45.125, 51.375, 1.060806610286076e-23, nan 
-44.875, 51.375, 1.0087965696849252e-23, nan 
-44.625, 51.375, 1.1883453830112135e-23, nan 
-44.375, 51.375, 1.3190730316116286e-23, nan 
-44.125, 51.375, 1.4329122788898267e-23, nan 
-43.875, 51.375, 1.2986291355906438e-23, nan 
-43.625, 51.375, 1.1847273047484418e-23, nan 
-43.375, 51.375, 1.4687613681289925e-23, nan 
-43.125, 51.375, 1.156741695278182e-23, nan 
-42.875, 51.375, 9.809629315847629e-24, nan 
-42.625, 51.375, 6.536424731828142e-24, nan 
-42.375, 51.375, 1.205177458246153e-23, nan 
-42.125, 51.375, 1.8234079900191188e-23, nan 
-41.875, 51.375, 2.2110847586819377e-23, nan 
-41.625, 51.375, 1.7502935704342088e-23, nan 
-41.375, 51.375, 4.2670945382943595e-24, nan 
-41.125, 51.375, 9.31800059749746e-24, nan 
-66.125, 51.625, 1.4114996852349682e-23, nan 
-65.875, 51.625, 4.13383324416012e-23, nan 
-65.625, 51.625, 1.0283518619168343e-22, nan 
-65.375, 51.625, 5.009658642072201e-23, nan 
-65.125, 51.625, 3.122367930833403e-23, nan 
-64.875, 51.625, 1.5548026128456612e-23, nan 
-64.625, 51.625, 1.9733674875686076e-23, nan 
-64.375, 51.625, 4.063557312473667e-23, nan 
-64.125, 51.625, 2.1215663408606468e-23, nan 
-63.875, 51.625, 2.1939348071886653e-23, nan 
-63.625, 51.625, 1.6687415880122898e-22, nan 
-63.375, 51.625, 2.364232378506546e-22, nan 
-63.125, 51.625, 1.1633293023841383e-22, nan 
-62.875, 51.625, 5.376495227062949e-23, nan 
-62.625, 51.625, 6.542195009919842e-23, nan 
-62.375, 51.625, 6.356863370562577e-23, nan 
-62.125, 51.625, 4.97337655378234e-23, nan 
-61.875, 51.625, 5.500784418428551e-23, nan 
-61.625, 51.625, 8.74896506946037e-23, nan 
-61.375, 51.625, 7.524753818335162e-23, nan 
-61.125, 51.625, 6.28498321773692e-23, nan 
-60.875, 51.625, 6.376445473881324e-23, nan 
-60.625, 51.625, 4.4677340970027334e-23, nan 
-60.375, 51.625, 5.786366878670955e-23, nan 
-60.125, 51.625, 6.418502374828036e-23, nan 
-59.875, 51.625, 7.553325292976181e-23, nan 
-59.625, 51.625, 7.357537613750587e-23, nan 
-59.375, 51.625, 5.712309856081668e-23, nan 
-59.125, 51.625, 2.8216399716816134e-23, nan 
-58.875, 51.625, 1.1555742180350376e-23, nan 
-58.625, 51.625, 8.32064269258166e-24, nan 
-58.375, 51.625, 1.2088114281691293e-23, nan 
-58.125, 51.625, 3.224305330301682e-23, nan 
-57.875, 51.625, 3.436266563697679e-23, nan 
-57.625, 51.625, 2.844396534847389e-23, nan 
-57.375, 51.625, 3.4405848670328796e-23, nan 
-57.125, 51.625, 2.940158991024893e-23, nan 
-56.875, 51.625, 1.4530558150356663e-23, nan 
-56.625, 51.625, 9.650966227575153e-24, nan 
-56.375, 51.625, 1.645151523614328e-23, nan 
-56.125, 51.625, 1.452485993725612e-23, nan 
-55.875, 51.625, 3.538988151203307e-23, nan 
-55.625, 51.625, 3.49366391531182e-23, nan 
-55.375, 51.625, 4.4102690554028903e-23, nan 
-55.125, 51.625, 5.377299268623733e-23, nan 
-54.875, 51.625, 5.927858718112001e-23, nan 
-54.625, 51.625, 5.058285347970832e-23, nan 
-54.375, 51.625, 4.6692334538776127e-23, nan 
-54.125, 51.625, 2.5231078197611976e-23, nan 
-53.875, 51.625, 1.2980264060148816e-23, nan 
-53.625, 51.625, 8.751441913784854e-24, nan 
-53.375, 51.625, 4.7203096051947e-24, nan 
-53.125, 51.625, 5.385720870775686e-24, nan 
-52.875, 51.625, 2.746944831282983e-24, nan 
-52.625, 51.625, 4.043798582699959e-24, nan 
-52.375, 51.625, 5.852398992200324e-24, nan 
-52.125, 51.625, 2.044095741757844e-23, nan 
-51.875, 51.625, 2.29619524490203e-23, nan 
-51.625, 51.625, 1.2891682662541592e-23, nan 
-51.375, 51.625, 1.1230166075280077e-23, nan 
-51.125, 51.625, 1.342093576384277e-23, nan 
-50.875, 51.625, 1.368122387828269e-23, nan 
-50.625, 51.625, 1.3467514118135414e-23, nan 
-50.375, 51.625, 1.0472747046888092e-23, nan 
-50.125, 51.625, 1.6019538740458427e-23, nan 
-49.875, 51.625, 1.6471866680249856e-23, nan 
-49.625, 51.625, 9.472788702635361e-24, nan 
-49.375, 51.625, 1.7314301834799883e-23, nan 
-49.125, 51.625, 1.873889620850085e-23, nan 
-48.875, 51.625, 1.1476755217751386e-23, nan 
-48.625, 51.625, 1.6073899585133881e-23, nan 
-48.375, 51.625, 1.6061830107112747e-23, nan 
-48.125, 51.625, 1.3760599851185175e-23, nan 
-47.875, 51.625, 1.1085170022923742e-23, nan 
-47.625, 51.625, 9.023292456930702e-24, nan 
-47.375, 51.625, 9.688697309900791e-24, nan 
-47.125, 51.625, 1.0103055934384495e-23, nan 
-46.875, 51.625, 8.838720267450621e-24, nan 
-46.625, 51.625, 1.3932479877026614e-23, nan 
-46.375, 51.625, 3.2135174211601327e-23, nan 
-46.125, 51.625, 3.2219698019105236e-23, nan 
-45.875, 51.625, 1.9305672403533187e-23, nan 
-45.625, 51.625, 1.0595117804826323e-23, nan 
-45.375, 51.625, 1.2551296455460875e-23, nan 
-45.125, 51.625, 1.440181356706141e-23, nan 
-44.875, 51.625, 9.136522724770577e-24, nan 
-44.625, 51.625, 1.0875459648498115e-23, nan 
-44.375, 51.625, 1.3434007050486396e-23, nan 
-44.125, 51.625, 1.5276955948864752e-23, nan 
-43.875, 51.625, 1.1643975972260973e-23, nan 
-43.625, 51.625, 7.751288776127732e-24, nan 
-43.375, 51.625, 6.753234812336643e-24, nan 
-43.125, 51.625, 4.8887106224862056e-24, nan 
-42.875, 51.625, 5.4234416564792046e-24, nan 
-42.625, 51.625, 8.769096309089984e-24, nan 
-42.375, 51.625, 8.697324193675922e-24, nan 
-42.125, 51.625, 1.825675318664992e-23, nan 
-41.875, 51.625, 1.9735586890298456e-23, nan 
-41.625, 51.625, 8.228353588753668e-24, nan 
-41.375, 51.625, 6.195797487745582e-24, nan 
-41.125, 51.625, 1.5298926429562386e-23, nan 
-40.875, 51.625, 2.256065840200637e-23, nan 
-40.625, 51.625, 2.5030780786743164e-23, nan 
-40.375, 51.625, 2.7681838650480836e-23, nan 
-66.375, 51.875, 3.747048946163495e-23, nan 
-66.125, 51.875, 3.6947509766886155e-23, nan 
-65.875, 51.875, 1.0201945005206577e-22, nan 
-65.625, 51.875, 1.5802089547124895e-22, nan 
-65.375, 51.875, 1.5788908631578842e-22, nan 
-65.125, 51.875, 2.811694539924063e-22, nan 
-64.875, 51.875, 2.644083043866774e-22, nan 
-64.625, 51.875, 2.632800307972368e-22, nan 
-64.375, 51.875, 2.867731697804597e-22, nan 
-64.125, 51.875, 1.5793385628908652e-22, nan 
-63.875, 51.875, 1.9025262446234522e-23, nan 
-63.625, 51.875, 4.1224077778347183e-23, nan 
-63.375, 51.875, 1.0033254633288858e-22, nan 
-63.125, 51.875, 3.3237514205935375e-23, nan 
-62.875, 51.875, 5.095368090904614e-23, nan 
-62.625, 51.875, 5.137650424958507e-23, nan 
-62.375, 51.875, 4.4564935701802087e-23, nan 
-62.125, 51.875, 5.22091146711322e-23, nan 
-61.875, 51.875, 6.88245730624936e-23, nan 
-61.625, 51.875, 9.577207558881297e-23, nan 
-61.375, 51.875, 7.525011298661938e-23, nan 
-61.125, 51.875, 5.481930581686089e-23, nan 
-60.875, 51.875, 9.834536102747932e-23, nan 
-60.625, 51.875, 9.384118375510846e-23, nan 
-60.375, 51.875, 6.416822740034821e-23, nan 
-60.125, 51.875, 5.939093282913191e-23, nan 
-59.875, 51.875, 6.442632045935256e-23, nan 
-59.625, 51.875, 4.314351973937442e-23, nan 
-59.375, 51.875, 4.2956586734963524e-23, nan 
-59.125, 51.875, 4.97111453925913e-23, nan 
-58.875, 51.875, 5.098657328347773e-23, nan 
-58.625, 51.875, 2.9007133778894957e-23, nan 
-58.375, 51.875, 2.4405019811776672e-23, nan 
-58.125, 51.875, 2.4221400112739783e-23, nan 
-57.875, 51.875, 2.9998666231565154e-23, nan 
-57.625, 51.875, 3.450947199568569e-23, nan 
-57.375, 51.875, 3.531526175109345e-23, nan 
-57.125, 51.875, 2.866865585507522e-23, nan 
-56.875, 51.875, 2.124931120003043e-23, nan 
-56.625, 51.875, 4.6873662513737316e-23, nan 
-56.375, 51.875, 4.746850826492496e-23, nan 
-56.125, 51.875, 4.817171430265779e-23, nan 
-55.875, 51.875, 5.898421188747878e-23, nan 
-55.625, 51.875, 5.1634285745918154e-23, nan 
-55.375, 51.875, 3.741139923522822e-23, nan 
-55.125, 51.875, 1.603290879024507e-23, nan 
-54.875, 51.875, 3.928143910983686e-23, nan 
-54.625, 51.875, 3.906161425254684e-23, nan 
-54.375, 51.875, 2.556016703161901e-23, nan 
-54.125, 51.875, 8.75126112996531e-24, nan 
-53.875, 51.875, 8.723471322912415e-24, nan 
-53.625, 51.875, 5.141096435434551e-24, nan 
-53.375, 51.875, 4.364026509151381e-24, nan 
-53.125, 51.875, 1.145205763915789e-23, nan 
-52.875, 51.875, 9.619161656292814e-24, nan 
-52.625, 51.875, 2.343874422389233e-24, nan 
-52.375, 51.875, 5.115555848837638e-24, nan 
-52.125, 51.875, 1.6576852255115847e-23, nan 
-51.875, 51.875, 1.819093493904344e-23, nan 
-51.625, 51.875, 9.35229350929855e-24, nan 
-51.375, 51.875, 1.188781017209503e-23, nan 
-51.125, 51.875, 1.5781560496088125e-23, nan 
-50.875, 51.875, 1.6288702239657672e-23, nan 
-50.625, 51.875, 1.2268532144370491e-23, nan 
-50.375, 51.875, 9.519316481641132e-24, nan 
-50.125, 51.875, 1.4605530173986137e-23, nan 
-49.875, 51.875, 1.498246788832509e-23, nan 
-49.625, 51.875, 1.215570411933432e-23, nan 
-49.375, 51.875, 1.6131301890092076e-23, nan 
-49.125, 51.875, 1.8585040240912524e-23, nan 
-48.875, 51.875, 1.2204714819690241e-23, nan 
-48.625, 51.875, 1.783734802633557e-23, nan 
-48.375, 51.875, 1.6764825308979083e-23, nan 
-48.125, 51.875, 2.1816735061756035e-23, nan 
-47.875, 51.875, 2.064025837992274e-23, nan 
-47.625, 51.875, 1.7138761981589795e-23, nan 
-47.375, 51.875, 1.349452199046026e-23, nan 
-47.125, 51.875, 1.195373965608526e-23, nan 
-46.875, 51.875, 2.8347851723055496e-23, nan 
-46.625, 51.875, 3.381536380051214e-23, nan 
-46.375, 51.875, 3.046515204866824e-23, nan 
-46.125, 51.875, 1.6324588513706013e-23, nan 
-45.875, 51.875, 8.855997173419185e-24, nan 
-45.625, 51.875, 1.188778891568833e-23, nan 
-45.375, 51.875, 1.7205993605099257e-23, nan 
-45.125, 51.875, 1.72962245757713e-23, nan 
-44.875, 51.875, 1.6565989405508048e-23, nan 
-44.625, 51.875, 1.7216469241841122e-23, nan 
-44.375, 51.875, 1.790265551878131e-23, nan 
-44.125, 51.875, 1.5196388178906357e-23, nan 
-43.875, 51.875, 9.545581930963797e-24, nan 
-43.625, 51.875, 6.941781352013619e-24, nan 
-43.375, 51.875, 9.776700746713107e-24, nan 
-43.125, 51.875, 8.846045508183552e-24, nan 
-42.875, 51.875, 7.959103312853403e-24, nan 
-42.625, 51.875, 1.3516240980073198e-23, nan 
-42.375, 51.875, 1.2712817817831871e-23, nan 
-42.125, 51.875, 2.1915144846417913e-23, nan 
-41.875, 51.875, 1.996683465176344e-23, nan 
-41.625, 51.875, 9.589892517498446e-24, nan 
-41.375, 51.875, 1.6050098672428767e-23, nan 
-41.125, 51.875, 2.4615060531347196e-23, nan 
-40.875, 51.875, 2.561835599486647e-23, nan 
-40.625, 51.875, 3.065302963889785e-23, nan 
-40.375, 51.875, 2.7427877755310636e-23, nan 
-40.125, 51.875, 1.8743131716301732e-23, nan 
-39.875, 51.875, 2.2886809337173082e-23, nan 
-39.625, 51.875, 2.3317760002407118e-23, nan 
-66.625, 52.125, 1.9290325051393597e-22, nan 
-66.375, 52.125, 2.1070663628482163e-22, nan 
-66.125, 52.125, 1.2234908705711154e-22, nan 
-65.875, 52.125, 9.987857675873654e-23, nan 
-65.625, 52.125, 2.7515830814565916e-22, nan 
-65.375, 52.125, 4.2013578266759026e-22, nan 
-65.125, 52.125, 3.950431478479597e-22, nan 
-64.875, 52.125, 2.6782225944039095e-22, nan 
-64.625, 52.125, 2.6947957423319514e-22, nan 
-64.375, 52.125, 3.284706879122863e-22, nan 
-64.125, 52.125, 3.456012667366764e-22, nan 
-63.875, 52.125, 2.8620053182185017e-22, nan 
-63.625, 52.125, 3.0577813983449707e-23, nan 
-63.375, 52.125, 5.59968347516273e-23, nan 
-63.125, 52.125, 4.9499262865045616e-23, nan 
-62.875, 52.125, 4.698158755811818e-23, nan 
-62.625, 52.125, 5.603333497482569e-23, nan 
-62.375, 52.125, 4.2277148404173127e-23, nan 
-62.125, 52.125, 3.265582285677595e-23, nan 
-61.875, 52.125, 5.2144132780606864e-23, nan 
-61.625, 52.125, 5.769871745808856e-23, nan 
-61.375, 52.125, 6.702162853069034e-23, nan 
-61.125, 52.125, 8.418533884374722e-23, nan 
-60.875, 52.125, 9.197850582933369e-23, nan 
-60.625, 52.125, 4.3184794368139864e-23, nan 
-60.375, 52.125, 2.6320124974137383e-23, nan 
-60.125, 52.125, 2.7595743093167363e-23, nan 
-59.875, 52.125, 2.6460873360938066e-23, nan 
-59.625, 52.125, 3.980755542261204e-23, nan 
-59.375, 52.125, 5.287207898172218e-23, nan 
-59.125, 52.125, 2.5290789685837317e-23, nan 
-58.875, 52.125, 4.151334095040647e-23, nan 
-58.625, 52.125, 3.1766750270308165e-23, nan 
-58.375, 52.125, 2.7363033482521137e-23, nan 
-58.125, 52.125, 4.218144194389848e-23, nan 
-57.875, 52.125, 3.310946215258984e-23, nan 
-57.625, 52.125, 1.810606712804443e-23, nan 
-57.375, 52.125, 2.2304125063411253e-23, nan 
-57.125, 52.125, 5.1547931865620244e-23, nan 
-56.875, 52.125, 5.94762439257975e-23, nan 
-56.625, 52.125, 4.94478633019889e-23, nan 
-56.375, 52.125, 2.1482989803044535e-23, nan 
-56.125, 52.125, 3.862031584182568e-23, nan 
-55.875, 52.125, 4.849623597777584e-23, nan 
-55.625, 52.125, 4.137848095460419e-23, nan 
-55.375, 52.125, 2.953878716307243e-23, nan 
-55.125, 52.125, 7.98668978260416e-24, nan 
-54.875, 52.125, 1.2368244214726877e-23, nan 
-54.625, 52.125, 9.328358498640839e-24, nan 
-54.375, 52.125, 1.3311692626972208e-23, nan 
-54.125, 52.125, 1.6130743613673221e-23, nan 
-53.875, 52.125, 1.1863851888711881e-23, nan 
-53.625, 52.125, 6.761726869826279e-24, nan 
-53.375, 52.125, 5.098730799602199e-24, nan 
-53.125, 52.125, 6.88582681747182e-24, nan 
-52.875, 52.125, 3.334810560342083e-24, nan 
-52.625, 52.125, 2.7940630812235238e-24, nan 
-52.375, 52.125, 3.1612811591475966e-24, nan 
-52.125, 52.125, 1.0570494112120197e-23, nan 
-51.875, 52.125, 1.3179170544984232e-23, nan 
-51.625, 52.125, 1.7526249637119993e-23, nan 
-51.375, 52.125, 1.9188434765269457e-23, nan 
-51.125, 52.125, 1.7549440577275145e-23, nan 
-50.875, 52.125, 1.911784214240397e-23, nan 
-50.625, 52.125, 1.9522297689658268e-23, nan 
-50.375, 52.125, 1.3944563981941978e-23, nan 
-50.125, 52.125, 1.2714349378786221e-23, nan 
-49.875, 52.125, 9.1379206844324e-24, nan 
-49.625, 52.125, 1.6954894522887597e-23, nan 
-49.375, 52.125, 2.80356429605523e-23, nan 
-49.125, 52.125, 2.426046019029581e-23, nan 
-48.875, 52.125, 1.1978313713638685e-23, nan 
-48.625, 52.125, 1.4327749420668817e-23, nan 
-48.375, 52.125, 2.118454664093717e-23, nan 
-48.125, 52.125, 3.313521119073507e-23, nan 
-47.875, 52.125, 2.5271093793458397e-23, nan 
-47.625, 52.125, 1.981107399530473e-23, nan 
-47.375, 52.125, 1.5944552689889376e-23, nan 
-47.125, 52.125, 1.6569380592531642e-23, nan 
-46.875, 52.125, 2.818421592346989e-23, nan 
-46.625, 52.125, 2.916656297763318e-23, nan 
-46.375, 52.125, 2.4675168865081063e-23, nan 
-46.125, 52.125, 9.605119807248841e-24, nan 
-45.875, 52.125, 1.8243764387293918e-23, nan 
-45.625, 52.125, 2.2353168690157474e-23, nan 
-45.375, 52.125, 1.8729370654359507e-23, nan 
-45.125, 52.125, 1.6706270460466373e-23, nan 
-44.875, 52.125, 1.5187605929140276e-23, nan 
-44.625, 52.125, 1.1482851685620702e-23, nan 
-44.375, 52.125, 1.0739325004150067e-23, nan 
-44.125, 52.125, 1.0670759190186933e-23, nan 
-43.875, 52.125, 8.284794363479748e-24, nan 
-43.625, 52.125, 9.760229959317431e-24, nan 
-43.375, 52.125, 1.1132330767833538e-23, nan 
-43.125, 52.125, 1.1159075283837097e-23, nan 
-42.875, 52.125, 2.265604873875246e-23, nan 
-42.625, 52.125, 2.7367490797001444e-23, nan 
-42.375, 52.125, 2.5100282775048458e-23, nan 
-42.125, 52.125, 2.4926600131672986e-23, nan 
-41.875, 52.125, 1.3550877345059632e-23, nan 
-41.625, 52.125, 1.52722291169386e-23, nan 
-41.375, 52.125, 2.1441422324545206e-23, nan 
-41.125, 52.125, 2.4522300558110784e-23, nan 
-40.875, 52.125, 2.3549545316831401e-23, nan 
-40.625, 52.125, 2.3714576838818536e-23, nan 
-40.375, 52.125, 1.8126948093905875e-23, nan 
-40.125, 52.125, 2.1161529871128403e-23, nan 
-39.875, 52.125, 1.940628322460042e-23, nan 
-39.625, 52.125, 7.849693937927221e-24, nan 
-39.375, 52.125, 1.335560189422268e-23, nan 
-39.125, 52.125, 1.7073794904886642e-23, nan 
-38.875, 52.125, 1.9175232988122765e-23, nan 
-67.125, 52.375, 6.934770542281472e-23, nan 
-66.875, 52.375, 7.970226844075527e-23, nan 
-66.625, 52.375, 7.79318894935659e-23, nan 
-66.375, 52.375, 2.38681291352907e-22, nan 
-66.125, 52.375, 3.11067203491719e-22, nan 
-65.875, 52.375, 3.1801324265095328e-22, nan 
-65.625, 52.375, 3.9756548779349816e-22, nan 
-65.375, 52.375, 3.35280305559293e-22, nan 
-65.125, 52.375, 7.90768273764596e-23, nan 
-64.875, 52.375, 3.404715481425467e-23, nan 
-64.625, 52.375, 5.122591000587944e-23, nan 
-64.375, 52.375, 3.400382416496181e-23, nan 
-64.125, 52.375, 2.0252366790402979e-22, nan 
-63.875, 52.375, 3.395808763156375e-22, nan 
-63.625, 52.375, 2.5095904146537683e-22, nan 
-63.375, 52.375, 4.912742604822891e-23, nan 
-63.125, 52.375, 3.684724411085194e-23, nan 
-62.875, 52.375, 4.4603207239619184e-23, nan 
-62.625, 52.375, 5.38937097881581e-23, nan 
-62.375, 52.375, 7.036682497616102e-23, nan 
-62.125, 52.375, 6.051397258000992e-23, nan 
-61.875, 52.375, 3.628104541384391e-23, nan 
-61.625, 52.375, 3.8652283625121706e-23, nan 
-61.375, 52.375, 3.133627667484462e-23, nan 
-61.125, 52.375, 4.900765557571349e-23, nan 
-60.875, 52.375, 7.270872823427345e-23, nan 
-60.625, 52.375, 6.549262809502933e-23, nan 
-60.375, 52.375, 3.6929964094028104e-23, nan 
-60.125, 52.375, 3.8808524659120317e-23, nan 
-59.875, 52.375, 4.6890931792618097e-23, nan 
-59.625, 52.375, 5.092018885826855e-23, nan 
-59.375, 52.375, 3.523655766260985e-23, nan 
-59.125, 52.375, 4.145718658667606e-23, nan 
-58.875, 52.375, 4.9423908387238426e-23, nan 
-58.625, 52.375, 4.348190896571498e-23, nan 
-58.375, 52.375, 6.198168834381118e-23, nan 
-58.125, 52.375, 5.491412912368943e-23, nan 
-57.875, 52.375, 3.4924654497699426e-23, nan 
-57.625, 52.375, 3.5288428500349e-23, nan 
-57.375, 52.375, 5.565892327827827e-23, nan 
-57.125, 52.375, 6.640106712959565e-23, nan 
-56.875, 52.375, 5.917859698757124e-23, nan 
-56.625, 52.375, 3.1494491848391465e-23, nan 
-56.375, 52.375, 2.954031257837076e-24, nan 
-56.125, 52.375, 4.797028301233715e-24, nan 
-55.875, 52.375, 7.06675231883903e-24, nan 
-55.625, 52.375, 2.062620830173971e-23, nan 
-55.375, 52.375, 6.386466057630343e-24, nan 
-55.125, 52.375, 3.2162190052456747e-24, nan 
-54.875, 52.375, 9.724584857986483e-24, nan 
-54.625, 52.375, 1.7624495844073977e-23, nan 
-54.375, 52.375, 1.9321040322539023e-23, nan 
-54.125, 52.375, 1.41999874169515e-23, nan 
-53.875, 52.375, 1.156614052313533e-23, nan 
-53.625, 52.375, 1.107625513808912e-23, nan 
-53.375, 52.375, 9.769471804631528e-24, nan 
-53.125, 52.375, 5.841114456107551e-24, nan 
-52.875, 52.375, 6.247477975503622e-24, nan 
-52.625, 52.375, 4.691127238454504e-24, nan 
-52.375, 52.375, 6.806383192494596e-24, nan 
-52.125, 52.375, 7.81983232605738e-24, nan 
-51.875, 52.375, 1.3843556389707956e-23, nan 
-51.625, 52.375, 1.8647548468173336e-23, nan 
-51.375, 52.375, 1.755719512449285e-23, nan 
-51.125, 52.375, 1.6722762082894393e-23, nan 
-50.875, 52.375, 1.2882434108165179e-23, nan 
-50.625, 52.375, 1.545311234526844e-23, nan 
-50.375, 52.375, 1.250547823462244e-23, nan 
-50.125, 52.375, 1.7123302818767908e-23, nan 
-49.875, 52.375, 1.9290469081041646e-23, nan 
-49.625, 52.375, 2.3657009894743064e-23, nan 
-49.375, 52.375, 2.2284012845778536e-23, nan 
-49.125, 52.375, 1.6046762810604153e-23, nan 
-48.875, 52.375, 1.7024456466411208e-23, nan 
-48.625, 52.375, 2.224435883901395e-23, nan 
-48.375, 52.375, 1.6085542455449502e-23, nan 
-48.125, 52.375, 1.422072441023706e-23, nan 
-47.875, 52.375, 1.3797081352464415e-23, nan 
-47.625, 52.375, 2.64149585780691e-23, nan 
-47.375, 52.375, 2.4636333471062967e-23, nan 
-47.125, 52.375, 1.4173930637272797e-23, nan 
-46.875, 52.375, 1.9664990313932935e-23, nan 
-46.625, 52.375, 1.8960504920943857e-23, nan 
-46.375, 52.375, 2.447150975472732e-23, nan 
-46.125, 52.375, 2.2326097297972544e-23, nan 
-45.875, 52.375, 2.9193370848971316e-23, nan 
-45.625, 52.375, 2.600145737798914e-23, nan 
-45.375, 52.375, 1.120615367351214e-23, nan 
-45.125, 52.375, 5.833681111207627e-24, nan 
-44.875, 52.375, 6.001741090389517e-24, nan 
-44.625, 52.375, 6.844489885880945e-24, nan 
-44.375, 52.375, 1.233059472592358e-23, nan 
-44.125, 52.375, 1.1182160439176486e-23, nan 
-43.875, 52.375, 1.0381021434915198e-23, nan 
-43.625, 52.375, 9.163091631069472e-24, nan 
-43.375, 52.375, 5.4704555895774475e-24, nan 
-43.125, 52.375, 2.0938664473040182e-23, nan 
-42.875, 52.375, 2.1487961752212792e-23, nan 
-42.625, 52.375, 1.999818618512749e-23, nan 
-42.375, 52.375, 2.3010437846186542e-23, nan 
-42.125, 52.375, 1.6428947456562802e-23, nan 
-41.875, 52.375, 1.6437346960822228e-23, nan 
-41.625, 52.375, 1.7701757523904161e-23, nan 
-41.375, 52.375, 1.8566937934719617e-23, nan 
-41.125, 52.375, 1.4750676981463383e-23, nan 
-40.875, 52.375, 1.9799812620419452e-23, nan 
-40.625, 52.375, 1.8472042105549372e-23, nan 
-40.375, 52.375, 1.4850507808657308e-23, nan 
-40.125, 52.375, 1.406056827759802e-23, nan 
-39.875, 52.375, 7.720511923801027e-24, nan 
-39.625, 52.375, 1.2728020818498595e-23, nan 
-39.375, 52.375, 1.4456429725676766e-23, nan 
-39.125, 52.375, 1.8942461905901972e-23, nan 
-38.875, 52.375, 2.1263424874526663e-23, nan 
-38.625, 52.375, 1.8480607791255326e-23, nan 
-38.375, 52.375, 9.161343133915515e-24, nan 
-38.125, 52.375, 1.018819836518882e-23, nan 
-67.375, 52.625, 1.8261353115452077e-22, nan 
-67.125, 52.625, 5.832573043761945e-23, nan 
-66.875, 52.625, 5.571586512234962e-23, nan 
-66.625, 52.625, 1.1022131309070242e-22, nan 
-66.375, 52.625, 1.4553201723271862e-22, nan 
-66.125, 52.625, 3.270673161096879e-22, nan 
-65.875, 52.625, 3.547353007672418e-22, nan 
-65.625, 52.625, 4.230806776705381e-22, nan 
-65.375, 52.625, 4.3456704492962985e-22, nan 
-65.125, 52.625, 2.431766591879626e-23, nan 
-64.875, 52.625, 1.1188564643582002e-23, nan 
-64.625, 52.625, 1.516301071011912e-23, nan 
-64.375, 52.625, 2.6778637661489366e-23, nan 
-64.125, 52.625, 2.1029475916934363e-22, nan 
-63.875, 52.625, 3.238244454426841e-22, nan 
-63.625, 52.625, 2.4927753625383755e-22, nan 
-63.375, 52.625, 7.336776848050493e-23, nan 
-63.125, 52.625, 6.371787122423248e-23, nan 
-62.875, 52.625, 4.9937229860180625e-23, nan 
-62.625, 52.625, 3.2597040257910855e-23, nan 
-62.375, 52.625, 5.143223053117748e-23, nan 
-62.125, 52.625, 6.038290419061546e-23, nan 
-61.875, 52.625, 4.343734875841045e-23, nan 
-61.625, 52.625, 3.489257495081634e-23, nan 
-61.375, 52.625, 3.366415224890922e-23, nan 
-61.125, 52.625, 3.813289924813649e-23, nan 
-60.875, 52.625, 3.6716346271978814e-23, nan 
-60.625, 52.625, 6.553277451228599e-23, nan 
-60.375, 52.625, 5.678981887919933e-23, nan 
-60.125, 52.625, 3.367703013281268e-23, nan 
-59.875, 52.625, 3.6527320550154966e-23, nan 
-59.625, 52.625, 8.253377659641602e-23, nan 
-59.375, 52.625, 6.730076258270147e-23, nan 
-59.125, 52.625, 4.7529184957714e-23, nan 
-58.875, 52.625, 4.8487839460980736e-23, nan 
-58.625, 52.625, 4.956753357032781e-23, nan 
-58.375, 52.625, 5.252913852158573e-23, nan 
-58.125, 52.625, 2.6389401656774327e-23, nan 
-57.875, 52.625, 2.762559826303201e-23, nan 
-57.625, 52.625, 4.664011430983129e-23, nan 
-57.375, 52.625, 6.177869336944314e-23, nan 
-57.125, 52.625, 4.684064889960787e-23, nan 
-56.875, 52.625, 1.8376229739257444e-23, nan 
-56.625, 52.625, 4.11089413563336e-24, nan 
-56.375, 52.625, 5.121314889264265e-24, nan 
-56.125, 52.625, 7.713025340389458e-24, nan 
-55.875, 52.625, 8.808728583757274e-24, nan 
-55.625, 52.625, 7.390729855239086e-24, nan 
-55.375, 52.625, 6.788682152368316e-24, nan 
-55.125, 52.625, 1.0858980523977883e-23, nan 
-54.875, 52.625, 1.739671258380676e-23, nan 
-54.625, 52.625, 1.6804079497004955e-23, nan 
-54.375, 52.625, 1.2418343422529983e-23, nan 
-54.125, 52.625, 1.4949889140780102e-23, nan 
-53.875, 52.625, 2.040686549813087e-23, nan 
-53.625, 52.625, 1.8507107015777066e-23, nan 
-53.375, 52.625, 1.923207251541371e-23, nan 
-53.125, 52.625, 1.2636620783904694e-23, nan 
-52.875, 52.625, 8.3506604214016e-24, nan 
-52.625, 52.625, 8.162708366235678e-24, nan 
-52.375, 52.625, 9.472027485622017e-24, nan 
-52.125, 52.625, 1.136586836838886e-23, nan 
-51.875, 52.625, 1.6451028087158796e-23, nan 
-51.625, 52.625, 1.4965462153331243e-23, nan 
-51.375, 52.625, 1.1597716225006613e-23, nan 
-51.125, 52.625, 1.3127760371809154e-23, nan 
-50.875, 52.625, 1.3028641762799117e-23, nan 
-50.625, 52.625, 1.1539855792741193e-23, nan 
-50.375, 52.625, 1.7003226412911328e-23, nan 
-50.125, 52.625, 1.987029369781287e-23, nan 
-49.875, 52.625, 1.7198007500967177e-23, nan 
-49.625, 52.625, 1.7870409802400934e-23, nan 
-49.375, 52.625, 1.2823389337760955e-23, nan 
-49.125, 52.625, 6.763675733178298e-24, nan 
-48.875, 52.625, 1.5775014019810474e-23, nan 
-48.625, 52.625, 2.381264751502184e-23, nan 
-48.375, 52.625, 1.8930568715342808e-23, nan 
-48.125, 52.625, 1.0845621637062462e-23, nan 
-47.875, 52.625, 2.117360998712269e-23, nan 
-47.625, 52.625, 2.2095290472495634e-23, nan 
-47.375, 52.625, 1.108822128130719e-23, nan 
-47.125, 52.625, 1.3861705794161796e-23, nan 
-46.875, 52.625, 2.5923866558593754e-23, nan 
-46.625, 52.625, 2.6389301443591735e-23, nan 
-46.375, 52.625, 2.0127564353181683e-23, nan 
-46.125, 52.625, 2.1107410755110383e-23, nan 
-45.875, 52.625, 1.8071497655944263e-23, nan 
-45.625, 52.625, 1.2720175815302323e-23, nan 
-45.375, 52.625, 8.601021601671742e-24, nan 
-45.125, 52.625, 7.558269250886999e-24, nan 
-44.875, 52.625, 1.11096134617368e-23, nan 
-44.625, 52.625, 2.0872561892276007e-23, nan 
-44.375, 52.625, 1.9439672849045982e-23, nan 
-44.125, 52.625, 8.740572296007995e-24, nan 
-43.875, 52.625, 1.3323225210282552e-23, nan 
-43.625, 52.625, 1.3029994183621004e-23, nan 
-43.375, 52.625, 1.08144324634167e-23, nan 
-43.125, 52.625, 1.665743177598522e-23, nan 
-42.875, 52.625, 1.8935185642624503e-23, nan 
-42.625, 52.625, 1.8812162445501437e-23, nan 
-42.375, 52.625, 2.2692344578823453e-23, nan 
-42.125, 52.625, 2.215199049000325e-23, nan 
-41.875, 52.625, 1.859393461232775e-23, nan 
-41.625, 52.625, 1.099001290151146e-23, nan 
-41.375, 52.625, 1.317708649426841e-23, nan 
-41.125, 52.625, 1.388639956087186e-23, nan 
-40.875, 52.625, 2.2918218982406296e-23, nan 
-40.625, 52.625, 2.1202363381441735e-23, nan 
-40.375, 52.625, 1.0304281539382698e-23, nan 
-40.125, 52.625, 1.278940830633419e-23, nan 
-39.875, 52.625, 2.0377149446955862e-23, nan 
-39.625, 52.625, 2.4436182078269666e-23, nan 
-39.375, 52.625, 2.1077562845369153e-23, nan 
-39.125, 52.625, 1.759619117918418e-23, nan 
-38.875, 52.625, 1.7876996395099878e-23, nan 
-38.625, 52.625, 1.5630352502088925e-23, nan 
-38.375, 52.625, 9.595605014815391e-24, nan 
-38.125, 52.625, 6.249164151621918e-24, nan 
-37.875, 52.625, 5.2648539912725016e-24, nan 
-37.625, 52.625, 9.56840196854171e-24, nan 
-37.375, 52.625, 1.84215071950262e-23, nan 
-67.875, 52.875, 9.539214110754929e-23, nan 
-67.625, 52.875, 1.05589067888997e-22, nan 
-67.375, 52.875, 1.276517076604656e-22, nan 
-67.125, 52.875, 1.206486336250099e-22, nan 
-66.875, 52.875, 9.250049286522743e-23, nan 
-66.625, 52.875, 1.0617372878360213e-22, nan 
-66.375, 52.875, 1.391603265129661e-22, nan 
-66.125, 52.875, 1.4257944598622355e-22, nan 
-65.875, 52.875, 2.228749770223762e-22, nan 
-65.625, 52.875, 2.5743363751722447e-22, nan 
-65.375, 52.875, 3.4333810986350377e-22, nan 
-65.125, 52.875, 2.7052917804105254e-22, nan 
-64.875, 52.875, 1.4317539117919683e-22, nan 
-64.625, 52.875, 2.180404642647697e-22, nan 
-64.375, 52.875, 2.879356034746438e-22, nan 
-64.125, 52.875, 3.295971777533498e-22, nan 
-63.875, 52.875, 2.604533778815425e-22, nan 
-63.625, 52.875, 7.222727312752454e-23, nan 
-63.375, 52.875, 4.824496782030076e-23, nan 
-63.125, 52.875, 5.070648073975779e-23, nan 
-62.875, 52.875, 5.451470955127344e-23, nan 
-62.625, 52.875, 4.3099525699081495e-23, nan 
-62.375, 52.875, 2.8686249047681777e-23, nan 
-62.125, 52.875, 7.212849801908898e-23, nan 
-61.875, 52.875, 6.900705674565995e-23, nan 
-61.625, 52.875, 4.026443598905297e-23, nan 
-61.375, 52.875, 6.503642013516383e-23, nan 
-61.125, 52.875, 5.847712496009434e-23, nan 
-60.875, 52.875, 7.141443702499904e-23, nan 
-60.625, 52.875, 7.619691759566782e-23, nan 
-60.375, 52.875, 5.607498776466881e-23, nan 
-60.125, 52.875, 4.033692623017817e-23, nan 
-59.875, 52.875, 1.156804851160248e-22, nan 
-59.625, 52.875, 1.1941754213944115e-22, nan 
-59.375, 52.875, 4.2822815357633396e-23, nan 
-59.125, 52.875, 2.3051079609259823e-23, nan 
-58.875, 52.875, 2.0909420901574512e-23, nan 
-58.625, 52.875, 2.029165294560315e-23, nan 
-58.375, 52.875, 1.129593106216612e-23, nan 
-58.125, 52.875, 1.3798067725116443e-23, nan 
-57.875, 52.875, 1.9421195770987036e-23, nan 
-57.625, 52.875, 2.7141856442900895e-23, nan 
-57.375, 52.875, 1.1565073102318712e-23, nan 
-57.125, 52.875, 1.2040923707437021e-23, nan 
-56.875, 52.875, 1.2905847059756937e-23, nan 
-56.625, 52.875, 1.0467642568874782e-23, nan 
-56.375, 52.875, 9.354927119285624e-24, nan 
-56.125, 52.875, 1.2919723522401319e-23, nan 
-55.875, 52.875, 1.1281053087935821e-23, nan 
-55.625, 52.875, 9.106458159078822e-24, nan 
-55.375, 52.875, 1.0615553454258201e-23, nan 
-55.125, 52.875, 2.1660138068420418e-23, nan 
-54.875, 52.875, 2.4415365390680767e-23, nan 
-54.625, 52.875, 1.7891275831152817e-23, nan 
-54.375, 52.875, 2.878703399904522e-23, nan 
-54.125, 52.875, 3.207183183723155e-23, nan 
-53.875, 52.875, 2.4140672656290447e-23, nan 
-53.625, 52.875, 1.6669709698989607e-23, nan 
-53.375, 52.875, 2.5699849855575854e-23, nan 
-53.125, 52.875, 2.3089925446137437e-23, nan 
-52.875, 52.875, 1.0849587375021278e-23, nan 
-52.625, 52.875, 8.968470637341813e-24, nan 
-52.375, 52.875, 8.537422345248137e-24, nan 
-52.125, 52.875, 1.3136255128828844e-23, nan 
-51.875, 52.875, 1.4615667016707155e-23, nan 
-51.625, 52.875, 1.149961065499294e-23, nan 
-51.375, 52.875, 1.4944836548014854e-23, nan 
-51.125, 52.875, 1.3822087556212675e-23, nan 
-50.875, 52.875, 1.5127192693710324e-23, nan 
-50.625, 52.875, 1.7362334505675978e-23, nan 
-50.375, 52.875, 1.664410575356867e-23, nan 
-50.125, 52.875, 1.225257302223134e-23, nan 
-49.875, 52.875, 1.7092342497335614e-23, nan 
-49.625, 52.875, 1.7862150420690973e-23, nan 
-49.375, 52.875, 9.892627322120472e-24, nan 
-49.125, 52.875, 5.859719682045987e-24, nan 
-48.875, 52.875, 3.413862181720142e-23, nan 
-48.625, 52.875, 4.043511990004301e-23, nan 
-48.375, 52.875, 3.021002101462466e-23, nan 
-48.125, 52.875, 2.480155751114359e-23, nan 
-47.875, 52.875, 2.3348026803831724e-23, nan 
-47.625, 52.875, 2.462707335668891e-23, nan 
-47.375, 52.875, 2.2113742139975797e-23, nan 
-47.125, 52.875, 2.187859153624119e-23, nan 
-46.875, 52.875, 1.7655755454379422e-23, nan 
-46.625, 52.875, 9.834597605100548e-24, nan 
-46.375, 52.875, 9.478710554337473e-24, nan 
-46.125, 52.875, 1.1647318385060645e-23, nan 
-45.875, 52.875, 1.2353359773010742e-23, nan 
-45.625, 52.875, 1.1840315477948442e-23, nan 
-45.375, 52.875, 8.512142825566777e-24, nan 
-45.125, 52.875, 8.201981735642281e-24, nan 
-44.875, 52.875, 1.6946277013644018e-23, nan 
-44.625, 52.875, 1.740733967127731e-23, nan 
-44.375, 52.875, 9.642741315006501e-24, nan 
-44.125, 52.875, 1.106520263081484e-23, nan 
-43.875, 52.875, 1.2381866787643488e-23, nan 
-43.625, 52.875, 9.937656989177842e-24, nan 
-43.375, 52.875, 1.7064265209703067e-23, nan 
-43.125, 52.875, 1.7306677721713246e-23, nan 
-42.875, 52.875, 1.7234825229757902e-23, nan 
-42.625, 52.875, 2.1858210649735162e-23, nan 
-42.375, 52.875, 2.3625138905694807e-23, nan 
-42.125, 52.875, 1.8608291240738422e-23, nan 
-41.875, 52.875, 1.4449902820449584e-23, nan 
-41.625, 52.875, 7.977878636158456e-24, nan 
-41.375, 52.875, 9.593547835993506e-24, nan 
-41.125, 52.875, 1.6819519773411697e-23, nan 
-40.875, 52.875, 1.4926457821380468e-23, nan 
-40.625, 52.875, 8.804743103230796e-24, nan 
-40.375, 52.875, 2.3490363327910968e-23, nan 
-40.125, 52.875, 2.8973285979927213e-23, nan 
-39.875, 52.875, 2.59362916990549e-23, nan 
-39.625, 52.875, 1.9966870662362348e-23, nan 
-39.375, 52.875, 1.215864749895872e-23, nan 
-39.125, 52.875, 1.5745766108861058e-23, nan 
-38.875, 52.875, 1.6897977800369274e-23, nan 
-38.625, 52.875, 7.654147660274475e-24, nan 
-38.375, 52.875, 9.128696392642025e-24, nan 
-38.125, 52.875, 1.2205278191340294e-23, nan 
-37.875, 52.875, 1.3473172492784966e-23, nan 
-37.625, 52.875, 2.1183318893021958e-23, nan 
-37.375, 52.875, 2.9956817190547925e-23, nan 
-37.125, 52.875, 3.354142518324356e-23, nan 
-36.875, 52.875, 3.7191950919076294e-23, nan 
-36.625, 52.875, 3.045862714647806e-23, nan 
-68.125, 53.125, 7.174680135521431e-24, nan 
-67.875, 53.125, 5.421353667937767e-23, nan 
-67.625, 53.125, 7.638192322069665e-23, nan 
-67.375, 53.125, 1.1827503101675497e-22, nan 
-67.125, 53.125, 1.4273534651548777e-22, nan 
-66.875, 53.125, 9.713645288713987e-23, nan 
-66.625, 53.125, 1.4939605819611161e-22, nan 
-66.375, 53.125, 1.6982251873913934e-22, nan 
-66.125, 53.125, 1.8346376794061348e-22, nan 
-65.875, 53.125, 1.4394597087802803e-22, nan 
-65.625, 53.125, 1.7362352417271612e-22, nan 
-65.375, 53.125, 6.686894337731548e-23, nan 
-65.125, 53.125, 1.5484248390245316e-22, nan 
-64.875, 53.125, 2.22287708466565e-22, nan 
-64.625, 53.125, 3.1962307415695254e-22, nan 
-64.375, 53.125, 2.519892186866775e-22, nan 
-64.125, 53.125, 1.864127040521881e-22, nan 
-63.875, 53.125, 2.2777571423246965e-22, nan 
-63.625, 53.125, 2.4061716393250953e-22, nan 
-63.375, 53.125, 2.285603269267857e-22, nan 
-63.125, 53.125, 2.238385189384484e-22, nan 
-62.875, 53.125, 1.2915321914798646e-22, nan 
-62.625, 53.125, 7.786620709197676e-23, nan 
-62.375, 53.125, 5.412447044575309e-23, nan 
-62.125, 53.125, 6.695865473845532e-23, nan 
-61.875, 53.125, 7.921116080569717e-23, nan 
-61.625, 53.125, 8.663917090195232e-23, nan 
-61.375, 53.125, 8.229425852550642e-23, nan 
-61.125, 53.125, 8.689954903495891e-23, nan 
-60.875, 53.125, 9.090449009955245e-23, nan 
-60.625, 53.125, 4.098345655132903e-23, nan 
-60.375, 53.125, 5.335824345501092e-23, nan 
-60.125, 53.125, 6.283543624672042e-23, nan 
-59.875, 53.125, 6.612056137255968e-23, nan 
-59.625, 53.125, 1.4411754975841327e-23, nan 
-59.375, 53.125, 4.7446290401641834e-24, nan 
-59.125, 53.125, 2.472426585730102e-24, nan 
-58.875, 53.125, 6.221872728943283e-24, nan 
-58.625, 53.125, 1.4537021907683e-23, nan 
-58.375, 53.125, 1.7345642620813958e-23, nan 
-58.125, 53.125, 1.4816937995878858e-23, nan 
-57.875, 53.125, 1.7004588760687708e-23, nan 
-57.625, 53.125, 1.3559108783798113e-23, nan 
-57.375, 53.125, 1.4282424681735958e-23, nan 
-57.125, 53.125, 1.3478934083436202e-23, nan 
-56.875, 53.125, 1.3636570241344014e-23, nan 
-56.625, 53.125, 1.2872030203795382e-23, nan 
-56.375, 53.125, 1.4413164095662673e-23, nan 
-56.125, 53.125, 1.370541752858561e-23, nan 
-55.875, 53.125, 8.780364175318653e-24, nan 
-55.625, 53.125, 9.095813501314892e-24, nan 
-55.375, 53.125, 1.927913228496061e-23, nan 
-55.125, 53.125, 2.775535038000948e-23, nan 
-54.875, 53.125, 2.4596682691891853e-23, nan 
-54.625, 53.125, 1.865605672765119e-23, nan 
-54.375, 53.125, 2.4245498489134382e-23, nan 
-54.125, 53.125, 1.8929272727994878e-23, nan 
-53.875, 53.125, 8.528002606134976e-24, nan 
-53.625, 53.125, 1.1545846541776202e-23, nan 
-53.375, 53.125, 9.872665674618164e-24, nan 
-53.125, 53.125, 9.331454648787504e-24, nan 
-52.875, 53.125, 1.1655268882842873e-23, nan 
-52.625, 53.125, 1.624149223430122e-23, nan 
-52.375, 53.125, 2.3616003240143967e-23, nan 
-52.125, 53.125, 2.11152548339162e-23, nan 
-51.875, 53.125, 1.7297309088387157e-23, nan 
-51.625, 53.125, 1.506696131885506e-23, nan 
-51.375, 53.125, 1.534562868261825e-23, nan 
-51.125, 53.125, 1.4889345701694874e-23, nan 
-50.875, 53.125, 1.8187670068334232e-23, nan 
-50.625, 53.125, 1.5542441668846198e-23, nan 
-50.375, 53.125, 1.452145539160211e-23, nan 
-50.125, 53.125, 2.0300223113985606e-23, nan 
-49.875, 53.125, 2.073205819745838e-23, nan 
-49.625, 53.125, 1.7181065470614863e-23, nan 
-49.375, 53.125, 1.1223983647810876e-23, nan 
-49.125, 53.125, 8.231431412785641e-24, nan 
-48.875, 53.125, 1.3506373641635823e-23, nan 
-48.625, 53.125, 2.264760769830737e-23, nan 
-48.375, 53.125, 2.798970970330596e-23, nan 
-48.125, 53.125, 3.097016401006154e-23, nan 
-47.875, 53.125, 2.336451122923307e-23, nan 
-47.625, 53.125, 2.0950845720870494e-23, nan 
-47.375, 53.125, 2.2550540308583317e-23, nan 
-47.125, 53.125, 1.925488205694709e-23, nan 
-46.875, 53.125, 1.037756587650308e-23, nan 
-46.625, 53.125, 8.216441087845737e-24, nan 
-46.375, 53.125, 5.1847662713813036e-24, nan 
-46.125, 53.125, 7.398060289596078e-24, nan 
-45.875, 53.125, 9.784114573056351e-24, nan 
-45.625, 53.125, 8.383309495034635e-24, nan 
-45.375, 53.125, 7.541371196900733e-24, nan 
-45.125, 53.125, 1.411885658764627e-23, nan 
-44.875, 53.125, 1.9049725112198313e-23, nan 
-44.625, 53.125, 1.2188158684753618e-23, nan 
-44.375, 53.125, 1.064307305567882e-23, nan 
-44.125, 53.125, 1.771117254467604e-23, nan 
-43.875, 53.125, 1.79437524708906e-23, nan 
-43.625, 53.125, 1.2125037651237465e-23, nan 
-43.375, 53.125, 1.7369353747893719e-23, nan 
-43.125, 53.125, 2.1025072127420465e-23, nan 
-42.875, 53.125, 1.8299490352290117e-23, nan 
-42.625, 53.125, 2.608157961552995e-23, nan 
-42.375, 53.125, 2.3146520948205863e-23, nan 
-42.125, 53.125, 7.553505073903558e-24, nan 
-41.875, 53.125, 5.120666922104645e-24, nan 
-41.625, 53.125, 6.670541775975822e-24, nan 
-41.375, 53.125, 1.9799877283085202e-23, nan 
-41.125, 53.125, 2.006466623445982e-23, nan 
-40.875, 53.125, 1.4138503424770423e-23, nan 
-40.625, 53.125, 1.5046030257475828e-23, nan 
-40.375, 53.125, 1.846271758452449e-23, nan 
-40.125, 53.125, 3.361476517635e-23, nan 
-39.875, 53.125, 3.36815649791213e-23, nan 
-39.625, 53.125, 2.0972710751182293e-23, nan 
-39.375, 53.125, 1.3580547223627315e-23, nan 
-39.125, 53.125, 1.5596049439563542e-23, nan 
-38.875, 53.125, 1.0002701917476461e-23, nan 
-38.625, 53.125, 1.5405693311943424e-23, nan 
-38.375, 53.125, 1.3067701813825558e-23, nan 
-38.125, 53.125, 1.689953144128489e-23, nan 
-37.875, 53.125, 3.7041232659484806e-23, nan 
-37.625, 53.125, 2.8417256388189195e-23, nan 
-37.375, 53.125, 1.1487772179490388e-23, nan 
-37.125, 53.125, 2.3781003645642602e-23, nan 
-36.875, 53.125, 2.711695953436097e-23, nan 
-36.625, 53.125, 2.70944200981876e-23, nan 
-36.375, 53.125, 1.886201597915098e-23, nan 
-36.125, 53.125, 1.9030506520570747e-23, nan 
-35.875, 53.125, 1.935727065561692e-23, nan 
-68.375, 53.375, 4.730142935308465e-24, nan 
-68.125, 53.375, 1.028781125736262e-23, nan 
-67.875, 53.375, 1.9577452349013757e-23, nan 
-67.625, 53.375, 3.713934823337433e-23, nan 
-67.375, 53.375, 4.18354827958157e-23, nan 
-67.125, 53.375, 1.4168929785297869e-22, nan 
-66.875, 53.375, 1.1740630850085896e-22, nan 
-66.625, 53.375, 1.2488663657021697e-22, nan 
-66.375, 53.375, 2.035134012899612e-22, nan 
-66.125, 53.375, 2.3728579172651603e-22, nan 
-65.875, 53.375, 2.3683588728627115e-22, nan 
-65.625, 53.375, 2.930345446822062e-22, nan 
-65.375, 53.375, 3.2274850584430397e-22, nan 
-65.125, 53.375, 2.306619256701866e-22, nan 
-64.875, 53.375, 1.5395005644089734e-22, nan 
-64.625, 53.375, 1.9509761576520696e-22, nan 
-64.375, 53.375, 1.6962451049955631e-22, nan 
-64.125, 53.375, 2.6462427202792698e-22, nan 
-63.875, 53.375, 2.9372581728667446e-22, nan 
-63.625, 53.375, 2.4865437060562294e-22, nan 
-63.375, 53.375, 2.3340552835700887e-22, nan 
-63.125, 53.375, 2.608413068607163e-22, nan 
-62.875, 53.375, 2.0297508787471333e-22, nan 
-62.625, 53.375, 1.0952391504765944e-22, nan 
-62.375, 53.375, 1.0778462408638683e-22, nan 
-62.125, 53.375, 1.013160511291213e-22, nan 
-61.875, 53.375, 9.099238011874547e-23, nan 
-61.625, 53.375, 9.183326495390084e-23, nan 
-61.375, 53.375, 9.385415807653333e-23, nan 
-61.125, 53.375, 8.259395389177777e-23, nan 
-60.875, 53.375, 5.61392818420071e-23, nan 
-60.625, 53.375, 5.408877259603974e-23, nan 
-60.375, 53.375, 5.396555249380565e-23, nan 
-60.125, 53.375, 2.681264293132187e-23, nan 
-59.875, 53.375, 9.138877038611904e-24, nan 
-59.625, 53.375, 8.318856363790459e-24, nan 
-59.375, 53.375, 1.088873351298104e-23, nan 
-59.125, 53.375, 9.79363998116524e-24, nan 
-58.875, 53.375, 1.2105066207220348e-23, nan 
-58.625, 53.375, 1.9560686094948408e-23, nan 
-58.375, 53.375, 1.795467562135233e-23, nan 
-58.125, 53.375, 1.5292384671281767e-23, nan 
-57.875, 53.375, 1.6326761680586828e-23, nan 
-57.625, 53.375, 1.083436178724758e-23, nan 
-57.375, 53.375, 1.138165673015877e-23, nan 
-57.125, 53.375, 9.18245525392142e-24, nan 
-56.875, 53.375, 1.0630589565671734e-23, nan 
-56.625, 53.375, 1.1178165695665459e-23, nan 
-56.375, 53.375, 1.1443254526673854e-23, nan 
-56.125, 53.375, 1.1945766021494419e-23, nan 
-55.875, 53.375, 7.743059313654488e-24, nan 
-55.625, 53.375, 7.510039805343528e-24, nan 
-55.375, 53.375, 1.9238130185465194e-23, nan 
-55.125, 53.375, 2.4506597837162462e-23, nan 
-54.875, 53.375, 1.9394591483019498e-23, nan 
-54.625, 53.375, 1.3229240904893653e-23, nan 
-54.375, 53.375, 1.783091152487663e-23, nan 
-54.125, 53.375, 1.8578944919795903e-23, nan 
-53.875, 53.375, 1.4795076819619794e-23, nan 
-53.625, 53.375, 7.056073103012349e-24, nan 
-53.375, 53.375, 1.0545995557137789e-23, nan 
-53.125, 53.375, 1.2326027659168085e-23, nan 
-52.875, 53.375, 1.5214956500444285e-23, nan 
-52.625, 53.375, 1.5910825433030696e-23, nan 
-52.375, 53.375, 2.1656481000943695e-23, nan 
-52.125, 53.375, 1.6824408259174983e-23, nan 
-51.875, 53.375, 1.2829089682840738e-23, nan 
-51.625, 53.375, 1.5622148163855132e-23, nan 
-51.375, 53.375, 2.013970099535067e-23, nan 
-51.125, 53.375, 1.9649116087069197e-23, nan 
-50.875, 53.375, 1.828188726161824e-23, nan 
-50.625, 53.375, 2.664103463432774e-23, nan 
-50.375, 53.375, 2.544681908510221e-23, nan 
-50.125, 53.375, 1.9564444407575174e-23, nan 
-49.875, 53.375, 1.9647512167028086e-23, nan 
-49.625, 53.375, 1.7541851168354203e-23, nan 
-49.375, 53.375, 2.5797604929224882e-23, nan 
-49.125, 53.375, 4.0750080556084823e-23, nan 
-48.875, 53.375, 2.916487508458082e-23, nan 
-48.625, 53.375, 2.688959673659519e-23, nan 
-48.375, 53.375, 2.3080225682603052e-23, nan 
-48.125, 53.375, 2.7297039705606714e-23, nan 
-47.875, 53.375, 2.648279810588816e-23, nan 
-47.625, 53.375, 2.3830816273763474e-23, nan 
-47.375, 53.375, 1.951215048152771e-23, nan 
-47.125, 53.375, 1.518797046869703e-23, nan 
-46.875, 53.375, 6.062128637237487e-24, nan 
-46.625, 53.375, 7.076278356095116e-24, nan 
-46.375, 53.375, 7.686827548458876e-24, nan 
-46.125, 53.375, 1.1148356388865344e-23, nan 
-45.875, 53.375, 1.1680016904216897e-23, nan 
-45.625, 53.375, 7.550282499317881e-24, nan 
-45.375, 53.375, 7.419746887809861e-24, nan 
-45.125, 53.375, 1.8303433750328402e-23, nan 
-44.875, 53.375, 1.761385321996696e-23, nan 
-44.625, 53.375, 1.081383026678394e-23, nan 
-44.375, 53.375, 1.3187015721392521e-23, nan 
-44.125, 53.375, 1.453141003382712e-23, nan 
-43.875, 53.375, 1.057569248528783e-23, nan 
-43.625, 53.375, 6.242620891336396e-24, nan 
-43.375, 53.375, 6.893820374548338e-24, nan 
-43.125, 53.375, 1.6085878550338206e-23, nan 
-42.875, 53.375, 1.935877201585036e-23, nan 
-42.625, 53.375, 2.134411827354594e-23, nan 
-42.375, 53.375, 8.452779634244763e-24, nan 
-42.125, 53.375, 1.2483238903806705e-24, nan 
-41.875, 53.375, 2.8861665491954804e-24, nan 
-41.625, 53.375, 1.2136884699128783e-23, nan 
-41.375, 53.375, 2.0180510840296263e-23, nan 
-41.125, 53.375, 2.0719376694630726e-23, nan 
-40.875, 53.375, 2.6982212091826566e-23, nan 
-40.625, 53.375, 1.7356736489993918e-23, nan 
-40.375, 53.375, 2.4726589404293218e-23, nan 
-40.125, 53.375, 3.234898869227813e-23, nan 
-39.875, 53.375, 2.506471748686578e-23, nan 
-39.625, 53.375, 1.54912653274622e-23, nan 
-39.375, 53.375, 2.008984072687551e-23, nan 
-39.125, 53.375, 2.1804567769212248e-23, nan 
-38.875, 53.375, 1.5048967713293523e-23, nan 
-38.625, 53.375, 1.9325998642046425e-23, nan 
-38.375, 53.375, 1.6778673578328585e-23, nan 
-38.125, 53.375, 1.866883872979298e-23, nan 
-37.875, 53.375, 2.8382693773173675e-23, nan 
-37.625, 53.375, 1.1521026515259476e-23, nan 
-37.375, 53.375, 2.007163466785226e-23, nan 
-37.125, 53.375, 2.9724312429313106e-23, nan 
-36.875, 53.375, 2.2609843302447388e-23, nan 
-36.625, 53.375, 3.0992808050810323e-23, nan 
-36.375, 53.375, 2.6852852357490636e-23, nan 
-36.125, 53.375, 3.878508944852923e-23, nan 
-35.875, 53.375, 2.815443610183383e-23, nan 
-35.625, 53.375, 2.760374637684304e-23, nan 
-35.375, 53.375, 2.464499571351997e-23, nan 
-35.125, 53.375, 1.6198899733752919e-23, nan 
-68.875, 53.625, 8.734118371295405e-24, nan 
-68.625, 53.625, 6.557549972787684e-24, nan 
-68.375, 53.625, 5.570051826331147e-24, nan 
-68.125, 53.625, 7.017752399462834e-24, nan 
-67.875, 53.625, 5.549357957264245e-24, nan 
-67.625, 53.625, 4.82087695618655e-23, nan 
-67.375, 53.625, 1.1339577446271046e-22, nan 
-67.125, 53.625, 1.3146844710723186e-22, nan 
-66.875, 53.625, 7.004264067647922e-23, nan 
-66.625, 53.625, 8.996375470388923e-23, nan 
-66.375, 53.625, 1.391958308355906e-22, nan 
-66.125, 53.625, 1.8849818958059416e-22, nan 
-65.875, 53.625, 2.458783203041201e-22, nan 
-65.625, 53.625, 3.419182504311185e-22, nan 
-65.375, 53.625, 2.9916734961796527e-22, nan 
-65.125, 53.625, 1.0752701934120538e-22, nan 
-64.875, 53.625, 5.846617840886928e-23, nan 
-64.625, 53.625, 6.310614932186797e-23, nan 
-64.375, 53.625, 9.917148927947476e-23, nan 
-64.125, 53.625, 1.3370261544662996e-22, nan 
-63.875, 53.625, 5.754111575755041e-23, nan 
-63.625, 53.625, 2.845937163638166e-23, nan 
-63.375, 53.625, 2.813156333747733e-23, nan 
-63.125, 53.625, 4.133402777368741e-23, nan 
-62.875, 53.625, 1.4794950087241415e-22, nan 
-62.625, 53.625, 1.4620689291854215e-22, nan 
-62.375, 53.625, 1.0900894653902355e-22, nan 
-62.125, 53.625, 9.999848422922729e-23, nan 
-61.875, 53.625, 8.578030770127116e-23, nan 
-61.625, 53.625, 8.755879015159259e-23, nan 
-61.375, 53.625, 7.801799317158124e-23, nan 
-61.125, 53.625, 5.706172635420608e-23, nan 
-60.875, 53.625, 2.2554599427422977e-23, nan 
-60.625, 53.625, 3.3757709261511074e-23, nan 
-60.375, 53.625, 1.465869398297408e-23, nan 
-60.125, 53.625, 1.1700291071099848e-23, nan 
-59.875, 53.625, 1.1964501530031892e-23, nan 
-59.625, 53.625, 9.897401041243226e-24, nan 
-59.375, 53.625, 1.2182887890229104e-23, nan 
-59.125, 53.625, 1.7207835544147887e-23, nan 
-58.875, 53.625, 1.913401236827749e-23, nan 
-58.625, 53.625, 1.6116871350116486e-23, nan 
-58.375, 53.625, 7.362739417093862e-24, nan 
-58.125, 53.625, 1.930818845441403e-23, nan 
-57.875, 53.625, 1.9680613172391555e-23, nan 
-57.625, 53.625, 1.570415274512147e-23, nan 
-57.375, 53.625, 1.3971474347942937e-23, nan 
-57.125, 53.625, 1.817447662544865e-23, nan 
-56.875, 53.625, 2.46090060853441e-23, nan 
-56.625, 53.625, 2.2984493366221067e-23, nan 
-56.375, 53.625, 2.2205371802549263e-23, nan 
-56.125, 53.625, 1.5193575772770557e-23, nan 
-55.875, 53.625, 1.0954575655758152e-23, nan 
-55.625, 53.625, 1.1331754269703823e-23, nan 
-55.375, 53.625, 1.2810985193656382e-23, nan 
-55.125, 53.625, 1.2054958037617033e-23, nan 
-54.875, 53.625, 1.56708108413872e-23, nan 
-54.625, 53.625, 1.8068960858412836e-23, nan 
-54.375, 53.625, 1.4210201610701772e-23, nan 
-54.125, 53.625, 7.45499238670086e-24, nan 
-53.875, 53.625, 8.645838470410251e-24, nan 
-53.625, 53.625, 6.63684569202807e-24, nan 
-53.375, 53.625, 7.232046917208477e-24, nan 
-53.125, 53.625, 2.718938471568068e-23, nan 
-52.875, 53.625, 2.796471402150694e-23, nan 
-52.625, 53.625, 2.88413896167132e-23, nan 
-52.375, 53.625, 2.412986398849025e-23, nan 
-52.125, 53.625, 2.7132385152353487e-23, nan 
-51.875, 53.625, 3.5198502144132046e-23, nan 
-51.625, 53.625, 2.5902477053525817e-23, nan 
-51.375, 53.625, 3.5228066333977767e-23, nan 
-51.125, 53.625, 2.848729155306076e-23, nan 
-50.875, 53.625, 1.75038356550617e-23, nan 
-50.625, 53.625, 2.392435986570471e-23, nan 
-50.375, 53.625, 1.9626560585388763e-23, nan 
-50.125, 53.625, 8.497610425765487e-24, nan 
-49.875, 53.625, 2.190631151016944e-23, nan 
-49.625, 53.625, 1.7561509057490334e-23, nan 
-49.375, 53.625, 1.933140027631624e-23, nan 
-49.125, 53.625, 3.320829378106334e-23, nan 
-48.875, 53.625, 2.816775040144888e-23, nan 
-48.625, 53.625, 2.963260252787059e-23, nan 
-48.375, 53.625, 2.3084242511759293e-23, nan 
-48.125, 53.625, 2.50528798697396e-23, nan 
-47.875, 53.625, 2.3270187780247555e-23, nan 
-47.625, 53.625, 1.8978323631651823e-23, nan 
-47.375, 53.625, 2.2561300612131974e-23, nan 
-47.125, 53.625, 1.3677304362893793e-23, nan 
-46.875, 53.625, 9.907967023005881e-24, nan 
-46.625, 53.625, 1.2274925330450696e-23, nan 
-46.375, 53.625, 1.0868895056376949e-23, nan 
-46.125, 53.625, 1.4023479194463602e-23, nan 
-45.875, 53.625, 1.0792794625523755e-23, nan 
-45.625, 53.625, 1.1428189954438586e-23, nan 
-45.375, 53.625, 1.2947691057550678e-23, nan 
-45.125, 53.625, 1.2233298021106124e-23, nan 
-44.875, 53.625, 1.0653784020493259e-23, nan 
-44.625, 53.625, 1.7745991118916495e-23, nan 
-44.375, 53.625, 1.565115187251308e-23, nan 
-44.125, 53.625, 1.0828408188552741e-23, nan 
-43.875, 53.625, 7.429191037610263e-24, nan 
-43.625, 53.625, 5.358930438806998e-24, nan 
-43.375, 53.625, 9.845533486081121e-24, nan 
-43.125, 53.625, 2.1684421859912214e-23, nan 
-42.875, 53.625, 2.1924591472420617e-23, nan 
-42.625, 53.625, 2.0901939679638756e-23, nan 
-42.375, 53.625, 2.3528216489213474e-23, nan 
-42.125, 53.625, 1.5985111295136578e-23, nan 
-41.875, 53.625, 1.6918066498249586e-23, nan 
-41.625, 53.625, 2.7931166301240654e-23, nan 
-41.375, 53.625, 2.7980185372585763e-23, nan 
-41.125, 53.625, 2.6009708528093263e-23, nan 
-40.875, 53.625, 3.4130973068339287e-23, nan 
-40.625, 53.625, 3.3383540797344706e-23, nan 
-40.375, 53.625, 3.8901535616189796e-23, nan 
-40.125, 53.625, 4.1932824938039024e-23, nan 
-39.875, 53.625, 2.2963226195831408e-23, nan 
-39.625, 53.625, 1.4501405046147226e-23, nan 
-39.375, 53.625, 2.1917869337679494e-23, nan 
-39.125, 53.625, 1.8711368240833083e-23, nan 
-38.875, 53.625, 1.3734688615407826e-23, nan 
-38.625, 53.625, 2.1005972221961035e-23, nan 
-38.375, 53.625, 2.80910762602413e-23, nan 
-38.125, 53.625, 1.9381807428190943e-23, nan 
-37.875, 53.625, 1.717011555999457e-23, nan 
-37.625, 53.625, 2.688661214185919e-23, nan 
-37.375, 53.625, 3.0739282471051875e-23, nan 
-37.125, 53.625, 5.33832931541566e-23, nan 
-36.875, 53.625, 3.835335654498487e-23, nan 
-36.625, 53.625, 2.0648274867402337e-23, nan 
-36.375, 53.625, 2.7177044048522264e-23, nan 
-36.125, 53.625, 4.392380549389099e-23, nan 
-35.875, 53.625, 2.5792019821026632e-23, nan 
-35.625, 53.625, 1.378186783277813e-23, nan 
-35.375, 53.625, 2.5417664257333888e-23, nan 
-35.125, 53.625, 2.4389729131220068e-23, nan 
-34.875, 53.625, 3.430355718531074e-23, nan 
-34.625, 53.625, 4.0944435392786527e-23, nan 
-69.125, 53.875, 8.859381092848607e-24, nan 
-68.875, 53.875, 7.067037557344455e-24, nan 
-68.625, 53.875, 4.470881121130455e-24, nan 
-68.375, 53.875, 2.2364806595510504e-24, nan 
-68.125, 53.875, 4.558232125874304e-24, nan 
-67.875, 53.875, 4.088879088754001e-24, nan 
-67.625, 53.875, 8.089365197639501e-24, nan 
-67.375, 53.875, 6.16614756042486e-23, nan 
-67.125, 53.875, 1.6437960814451965e-22, nan 
-66.875, 53.875, 1.998509998853845e-22, nan 
-66.625, 53.875, 1.293757296359051e-22, nan 
-66.375, 53.875, 9.215303418402489e-23, nan 
-66.125, 53.875, 1.0729704880351807e-22, nan 
-65.875, 53.875, 1.3267613624988032e-22, nan 
-65.625, 53.875, 1.8346830109736016e-22, nan 
-65.375, 53.875, 5.956194981951199e-23, nan 
-65.125, 53.875, 3.9592990187198723e-23, nan 
-64.875, 53.875, 2.550925260266185e-23, nan 
-64.625, 53.875, 5.842309424550983e-23, nan 
-64.375, 53.875, 5.607789460984362e-23, nan 
-64.125, 53.875, 4.447025749824516e-23, nan 
-63.875, 53.875, 3.013762127816979e-23, nan 
-63.625, 53.875, 1.6303552699992647e-23, nan 
-63.375, 53.875, 1.4198574231445687e-23, nan 
-63.125, 53.875, 2.1314395613933733e-23, nan 
-62.875, 53.875, 2.6767996574719885e-23, nan 
-62.625, 53.875, 8.212120356839336e-23, nan 
-62.375, 53.875, 7.216826337236509e-23, nan 
-62.125, 53.875, 6.504193905436092e-23, nan 
-61.875, 53.875, 5.793600633654578e-23, nan 
-61.625, 53.875, 5.460655167738964e-23, nan 
-61.375, 53.875, 2.653735330690427e-23, nan 
-61.125, 53.875, 1.9174721546961565e-23, nan 
-60.875, 53.875, 2.5076939322966145e-23, nan 
-60.625, 53.875, 1.6917764363486367e-23, nan 
-60.375, 53.875, 1.5777098954946942e-23, nan 
-60.125, 53.875, 1.4376393441092535e-23, nan 
-59.875, 53.875, 1.2270810066018821e-23, nan 
-59.625, 53.875, 1.2455283841119053e-23, nan 
-59.375, 53.875, 1.4752959989522797e-23, nan 
-59.125, 53.875, 1.6171892577321765e-23, nan 
-58.875, 53.875, 1.0548654478336591e-23, nan 
-58.625, 53.875, 9.716126258060035e-24, nan 
-58.375, 53.875, 1.4969687868481153e-23, nan 
-58.125, 53.875, 2.404460454323838e-23, nan 
-57.875, 53.875, 3.2237228741724084e-23, nan 
-57.625, 53.875, 3.296521207591187e-23, nan 
-57.375, 53.875, 1.9718274612982953e-23, nan 
-57.125, 53.875, 2.613090942992944e-23, nan 
-56.875, 53.875, 2.8834353817976834e-23, nan 
-56.625, 53.875, 2.2953986807769274e-23, nan 
-56.375, 53.875, 2.718748259628246e-23, nan 
-56.125, 53.875, 2.5170984913931596e-23, nan 
-55.875, 53.875, 2.4379398734058526e-23, nan 
-55.625, 53.875, 1.506283935924513e-23, nan 
-55.375, 53.875, 1.5167046362145148e-23, nan 
-55.125, 53.875, 1.498577028153405e-23, nan 
-54.875, 53.875, 1.925758020789985e-23, nan 
-54.625, 53.875, 2.1114021199474068e-23, nan 
-54.375, 53.875, 1.6441181774230488e-23, nan 
-54.125, 53.875, 5.446620588206884e-24, nan 
-53.875, 53.875, 1.1219100227274541e-23, nan 
-53.625, 53.875, 1.8620566764314304e-23, nan 
-53.375, 53.875, 5.213408292920326e-23, nan 
-53.125, 53.875, 5.2081801492758075e-23, nan 
-52.875, 53.875, 2.727455100388931e-23, nan 
-52.625, 53.875, 3.087675313477023e-23, nan 
-52.375, 53.875, 2.7148884844188317e-23, nan 
-52.125, 53.875, 3.3510738930421066e-23, nan 
-51.875, 53.875, 4.681063022597645e-23, nan 
-51.625, 53.875, 4.7237204257200597e-23, nan 
-51.375, 53.875, 3.958452548694319e-23, nan 
-51.125, 53.875, 2.8577142234585634e-23, nan 
-50.875, 53.875, 2.6233806438366976e-23, nan 
-50.625, 53.875, 2.866712315467048e-23, nan 
-50.375, 53.875, 2.757759527540265e-23, nan 
-50.125, 53.875, 4.1584732023255777e-23, nan 
-49.875, 53.875, 3.6361896871351895e-23, nan 
-49.625, 53.875, 2.3892450117303836e-23, nan 
-49.375, 53.875, 2.1770444839874197e-23, nan 
-49.125, 53.875, 2.7605158290056094e-23, nan 
-48.875, 53.875, 2.7075407650411393e-23, nan 
-48.625, 53.875, 1.2990581519678949e-23, nan 
-48.375, 53.875, 1.1427287971844484e-23, nan 
-48.125, 53.875, 1.1550264193009064e-23, nan 
-47.875, 53.875, 1.6865394762011424e-23, nan 
-47.625, 53.875, 2.249623752887224e-23, nan 
-47.375, 53.875, 1.9917587151073347e-23, nan 
-47.125, 53.875, 1.2692931443536154e-23, nan 
-46.875, 53.875, 1.3211727735317586e-23, nan 
-46.625, 53.875, 1.3665492561916477e-23, nan 
-46.375, 53.875, 1.3908332439661392e-23, nan 
-46.125, 53.875, 1.4527953679637897e-23, nan 
-45.875, 53.875, 1.3870858257440326e-23, nan 
-45.625, 53.875, 1.4004700347814764e-23, nan 
-45.375, 53.875, 1.575408583332565e-23, nan 
-45.125, 53.875, 1.8376486228951062e-23, nan 
-44.875, 53.875, 2.0590587695939257e-23, nan 
-44.625, 53.875, 1.7909109716184888e-23, nan 
-44.375, 53.875, 8.544028431351625e-24, nan 
-44.125, 53.875, 1.4466274007681558e-23, nan 
-43.875, 53.875, 1.356229941754672e-23, nan 
-43.625, 53.875, 9.645999448498047e-24, nan 
-43.375, 53.875, 1.4688703257446935e-23, nan 
-43.125, 53.875, 2.436975433614416e-23, nan 
-42.875, 53.875, 2.469242886171924e-23, nan 
-42.625, 53.875, 2.4602463081256428e-23, nan 
-42.375, 53.875, 2.625782703769739e-23, nan 
-42.125, 53.875, 1.509051327557967e-23, nan 
-41.875, 53.875, 2.1211239878450067e-23, nan 
-41.625, 53.875, 2.2286082006542654e-23, nan 
-41.375, 53.875, 1.4597634399555738e-23, nan 
-41.125, 53.875, 2.4678896710550305e-23, nan 
-40.875, 53.875, 2.352767600928959e-23, nan 
-40.625, 53.875, 2.787022272940395e-23, nan 
-40.375, 53.875, 3.6534451823340796e-23, nan 
-40.125, 53.875, 3.383416384734776e-23, nan 
-39.875, 53.875, 9.942746080073799e-24, nan 
-39.625, 53.875, 2.1095708318707793e-23, nan 
-39.375, 53.875, 2.9957365920256407e-23, nan 
-39.125, 53.875, 2.969472939559054e-23, nan 
-38.875, 53.875, 1.0185978409156977e-23, nan 
-38.625, 53.875, 2.0363148522027657e-23, nan 
-38.375, 53.875, 2.1056509829814905e-23, nan 
-38.125, 53.875, 2.6361265312831505e-23, nan 
-37.875, 53.875, 3.640606178389431e-23, nan 
-37.625, 53.875, 3.673529563149672e-23, nan 
-37.375, 53.875, 3.435445867437181e-23, nan 
-37.125, 53.875, 3.8057805634534923e-23, nan 
-36.875, 53.875, 1.9144922126563058e-23, nan 
-36.625, 53.875, 2.0790945121271685e-23, nan 
-36.375, 53.875, 1.9323498699394895e-23, nan 
-36.125, 53.875, 2.957825690613778e-23, nan 
-35.875, 53.875, 3.5111333506533567e-23, nan 
-35.625, 53.875, 2.2454549713696185e-23, nan 
-35.375, 53.875, 2.5568909927887913e-23, nan 
-35.125, 53.875, 3.161289461799662e-23, nan 
-34.875, 53.875, 3.920863548368583e-23, nan 
-34.625, 53.875, 5.426519459246124e-23, nan 
-34.375, 53.875, 4.4398211180443143e-23, nan 
-34.125, 53.875, 2.7205298432066633e-23, nan 
-33.875, 53.875, 3.649954316175357e-23, nan 
-69.375, 54.125, 8.555993189397748e-24, nan 
-69.125, 54.125, 6.0620253235487516e-24, nan 
-68.875, 54.125, 4.68129241804676e-24, nan 
-68.625, 54.125, 5.709428045042333e-24, nan 
-68.375, 54.125, 5.542854654104762e-24, nan 
-68.125, 54.125, 6.081224522484189e-24, nan 
-67.875, 54.125, 6.759188836940926e-24, nan 
-67.625, 54.125, 8.680587450275224e-24, nan 
-67.375, 54.125, 6.730836022796812e-24, nan 
-67.125, 54.125, 3.557303241256507e-23, nan 
-66.875, 54.125, 1.1571931466064919e-22, nan 
-66.625, 54.125, 6.458996434017923e-23, nan 
-66.375, 54.125, 3.012641153839793e-23, nan 
-66.125, 54.125, 3.173948607147529e-23, nan 
-65.875, 54.125, 1.9575735681094483e-23, nan 
-65.625, 54.125, 2.0430607999382984e-23, nan 
-65.375, 54.125, 1.6973749244224526e-23, nan 
-65.125, 54.125, 2.2079094015756638e-23, nan 
-64.875, 54.125, 3.597441951095206e-23, nan 
-64.625, 54.125, 4.736590827310821e-23, nan 
-64.375, 54.125, 3.149968837365224e-23, nan 
-64.125, 54.125, 1.6639558507217728e-23, nan 
-63.875, 54.125, 9.206789295779193e-24, nan 
-63.625, 54.125, 9.494465859641927e-24, nan 
-63.375, 54.125, 4.551364900122112e-24, nan 
-63.125, 54.125, 7.438200966752004e-24, nan 
-62.875, 54.125, 1.629217092484182e-23, nan 
-62.625, 54.125, 1.6339593932996935e-23, nan 
-62.375, 54.125, 2.814528577147001e-23, nan 
-62.125, 54.125, 3.634948880623762e-23, nan 
-61.875, 54.125, 3.3616340187591535e-23, nan 
-61.625, 54.125, 2.937083018996059e-23, nan 
-61.375, 54.125, 1.9472489426603186e-23, nan 
-61.125, 54.125, 1.6352404283763964e-23, nan 
-60.875, 54.125, 1.631881567279217e-23, nan 
-60.625, 54.125, 2.0614745077552918e-23, nan 
-60.375, 54.125, 1.842636222207557e-23, nan 
-60.125, 54.125, 1.7688921353025302e-23, nan 
-59.875, 54.125, 1.46396336837086e-23, nan 
-59.625, 54.125, 1.2321605703208583e-23, nan 
-59.375, 54.125, 1.0529324000904212e-23, nan 
-59.125, 54.125, 9.520174153710023e-24, nan 
-58.875, 54.125, 1.3737706923993694e-23, nan 
-58.625, 54.125, 3.9347500184418494e-23, nan 
-58.375, 54.125, 4.4226398480886666e-23, nan 
-58.125, 54.125, 3.592596296834722e-23, nan 
-57.875, 54.125, 2.3592986605360776e-23, nan 
-57.625, 54.125, 2.4333746264840853e-23, nan 
-57.375, 54.125, 1.6656577027765122e-23, nan 
-57.125, 54.125, 2.3570768780014385e-23, nan 
-56.875, 54.125, 2.4898571635913692e-23, nan 
-56.625, 54.125, 1.4161417088055525e-23, nan 
-56.375, 54.125, 1.0517853910982996e-23, nan 
-56.125, 54.125, 2.0503539495192042e-23, nan 
-55.875, 54.125, 2.7819133849731e-23, nan 
-55.625, 54.125, 2.647202063029849e-23, nan 
-55.375, 54.125, 2.3270120950854872e-23, nan 
-55.125, 54.125, 2.2985439410826034e-23, nan 
-54.875, 54.125, 2.2200661439117192e-23, nan 
-54.625, 54.125, 1.968657842768737e-23, nan 
-54.375, 54.125, 9.211186230445016e-24, nan 
-54.125, 54.125, 1.9721959791830846e-23, nan 
-53.875, 54.125, 2.2026915139442514e-23, nan 
-53.625, 54.125, 2.989961041120947e-23, nan 
-53.375, 54.125, 3.51859420057087e-23, nan 
-53.125, 54.125, 2.82280347321987e-23, nan 
-52.875, 54.125, 2.741279128185454e-23, nan 
-52.625, 54.125, 1.689281422452494e-23, nan 
-52.375, 54.125, 1.9780161307906516e-23, nan 
-52.125, 54.125, 1.8328001931291573e-23, nan 
-51.875, 54.125, 1.8225685089446288e-23, nan 
-51.625, 54.125, 3.431457263840938e-23, nan 
-51.375, 54.125, 3.009852665905924e-23, nan 
-51.125, 54.125, 2.7879139840193176e-23, nan 
-50.875, 54.125, 2.6064284681752585e-23, nan 
-50.625, 54.125, 2.705419533841903e-23, nan 
-50.375, 54.125, 2.1940762392588454e-23, nan 
-50.125, 54.125, 3.089237024477197e-23, nan 
-49.875, 54.125, 1.954840529194238e-23, nan 
-49.625, 54.125, 2.0913254393542537e-23, nan 
-49.375, 54.125, 2.484590163217287e-23, nan 
-49.125, 54.125, 2.01533272881065e-23, nan 
-48.875, 54.125, 1.583267446117626e-23, nan 
-48.625, 54.125, 1.5566449927166318e-23, nan 
-48.375, 54.125, 1.6457331979536295e-23, nan 
-48.125, 54.125, 1.848233788259911e-23, nan 
-47.875, 54.125, 1.872711612384097e-23, nan 
-47.625, 54.125, 1.821951237140348e-23, nan 
-47.375, 54.125, 1.43657568832236e-23, nan 
-47.125, 54.125, 1.3064049603022703e-23, nan 
-46.875, 54.125, 1.543010292936278e-23, nan 
-46.625, 54.125, 1.3621238207727108e-23, nan 
-46.375, 54.125, 1.5543813329293063e-23, nan 
-46.125, 54.125, 1.2617076303355767e-23, nan 
-45.875, 54.125, 1.1145123268802422e-23, nan 
-45.625, 54.125, 2.2129368355532007e-23, nan 
-45.375, 54.125, 2.5869214431077103e-23, nan 
-45.125, 54.125, 2.0482202853275563e-23, nan 
-44.875, 54.125, 1.5422392322297423e-23, nan 
-44.625, 54.125, 8.532556026939063e-24, nan 
-44.375, 54.125, 7.126680460634579e-24, nan 
-44.125, 54.125, 8.421181673438396e-24, nan 
-43.875, 54.125, 1.464430936588407e-23, nan 
-43.625, 54.125, 1.384972614926684e-23, nan 
-43.375, 54.125, 1.4886738272980728e-23, nan 
-43.125, 54.125, 1.922004668400632e-23, nan 
-42.875, 54.125, 1.9138557180167454e-23, nan 
-42.625, 54.125, 2.260046520741007e-23, nan 
-42.375, 54.125, 2.0754532088933798e-23, nan 
-42.125, 54.125, 1.5226285900046974e-23, nan 
-41.875, 54.125, 2.1031708500198088e-23, nan 
-41.625, 54.125, 1.9646816993323153e-23, nan 
-41.375, 54.125, 1.8120795606021725e-23, nan 
-41.125, 54.125, 2.3709095770376176e-23, nan 
-40.875, 54.125, 1.8494404402003405e-23, nan 
-40.625, 54.125, 9.775278925276288e-24, nan 
-40.375, 54.125, 1.444184289803772e-23, nan 
-40.125, 54.125, 1.366510099772705e-23, nan 
-39.875, 54.125, 2.6973926675733874e-23, nan 
-39.625, 54.125, 3.247699181236508e-23, nan 
-39.375, 54.125, 2.3964686471829555e-23, nan 
-39.125, 54.125, 3.708510824376369e-23, nan 
-38.875, 54.125, 2.9833082203138194e-23, nan 
-38.625, 54.125, 2.869196486501131e-23, nan 
-38.375, 54.125, 3.22651935297417e-23, nan 
-38.125, 54.125, 3.611530600540987e-23, nan 
-37.875, 54.125, 3.605050249409722e-23, nan 
-37.625, 54.125, 1.9849884186009722e-23, nan 
-37.375, 54.125, 2.1439717921186413e-23, nan 
-37.125, 54.125, 1.8703339470322365e-23, nan 
-36.875, 54.125, 2.6419916981624732e-23, nan 
-36.625, 54.125, 2.277745309230665e-23, nan 
-36.375, 54.125, 3.0365541950401545e-23, nan 
-36.125, 54.125, 3.373557135211975e-23, nan 
-35.875, 54.125, 2.460695779898335e-23, nan 
-35.625, 54.125, 2.3445126558901548e-23, nan 
-35.375, 54.125, 1.9214595834464818e-23, nan 
-35.125, 54.125, 2.1187241043543505e-23, nan 
-34.875, 54.125, 3.8153896645399536e-23, nan 
-34.625, 54.125, 4.4327296381105837e-23, nan 
-34.375, 54.125, 3.033488137502507e-23, nan 
-34.125, 54.125, 3.9706101174058494e-23, nan 
-33.875, 54.125, 4.094002553312208e-23, nan 
-33.625, 54.125, 2.901829210998316e-23, nan 
-33.375, 54.125, 2.2849235928972396e-23, nan 
-33.125, 54.125, 3.165027512130871e-23, nan 
-69.875, 54.375, 5.811882429757237e-24, nan 
-69.625, 54.375, 4.643130071262906e-24, nan 
-69.375, 54.375, 8.183717658288329e-24, nan 
-69.125, 54.375, 1.0259720752043355e-23, nan 
-68.875, 54.375, 8.209411387137116e-24, nan 
-68.625, 54.375, 6.965262265252858e-24, nan 
-68.375, 54.375, 7.44619428843383e-24, nan 
-68.125, 54.375, 9.710859714249759e-24, nan 
-67.875, 54.375, 7.767303959710701e-24, nan 
-67.625, 54.375, 8.50209737930984e-24, nan 
-67.375, 54.375, 8.177140440643966e-24, nan 
-67.125, 54.375, 1.1167370993042534e-23, nan 
-66.875, 54.375, 1.5295689896267337e-23, nan 
-66.625, 54.375, 2.0174918772766666e-23, nan 
-66.375, 54.375, 2.423492226650915e-23, nan 
-66.125, 54.375, 1.3796706064150873e-23, nan 
-65.875, 54.375, 1.5649856290561117e-23, nan 
-65.625, 54.375, 1.4327650329172458e-23, nan 
-65.375, 54.375, 1.2248992795807723e-23, nan 
-65.125, 54.375, 1.5243649535751693e-23, nan 
-64.875, 54.375, 2.082698336897668e-23, nan 
-64.625, 54.375, 2.1027425326848425e-23, nan 
-64.375, 54.375, 1.8192725756562637e-23, nan 
-64.125, 54.375, 1.451492748738796e-23, nan 
-63.875, 54.375, 1.5545248516335803e-23, nan 
-63.625, 54.375, 8.576076772645724e-24, nan 
-63.375, 54.375, 9.02538432468715e-24, nan 
-63.125, 54.375, 1.2894904581223583e-23, nan 
-62.875, 54.375, 1.0638205024887487e-23, nan 
-62.625, 54.375, 1.0083623985403921e-23, nan 
-62.375, 54.375, 1.1605329085818595e-23, nan 
-62.125, 54.375, 1.2830738366863179e-23, nan 
-61.875, 54.375, 2.397059629976244e-23, nan 
-61.625, 54.375, 3.410973882873435e-23, nan 
-61.375, 54.375, 2.909470149645136e-23, nan 
-61.125, 54.375, 2.2234216237293272e-23, nan 
-60.875, 54.375, 2.338101385689702e-23, nan 
-60.625, 54.375, 2.5152644234086672e-23, nan 
-60.375, 54.375, 2.3941277029309797e-23, nan 
-60.125, 54.375, 2.2074692257931088e-23, nan 
-59.875, 54.375, 1.7538597621828784e-23, nan 
-59.625, 54.375, 1.4236923165654143e-23, nan 
-59.375, 54.375, 9.077363597548237e-24, nan 
-59.125, 54.375, 1.0828549098762707e-23, nan 
-58.875, 54.375, 2.1740033983546102e-23, nan 
-58.625, 54.375, 3.0736275571267503e-23, nan 
-58.375, 54.375, 1.8214382405176925e-23, nan 
-58.125, 54.375, 1.1726202558197531e-23, nan 
-57.875, 54.375, 8.213447756868885e-24, nan 
-57.625, 54.375, 1.3093616026141448e-23, nan 
-57.375, 54.375, 9.672658460719878e-24, nan 
-57.125, 54.375, 1.9791370655599046e-23, nan 
-56.875, 54.375, 2.3410777082139693e-23, nan 
-56.625, 54.375, 2.704655774323811e-23, nan 
-56.375, 54.375, 2.70179532287715e-23, nan 
-56.125, 54.375, 1.955544984624412e-23, nan 
-55.875, 54.375, 1.3664741518193305e-23, nan 
-55.625, 54.375, 2.179256463637528e-23, nan 
-55.375, 54.375, 2.0751716787167625e-23, nan 
-55.125, 54.375, 1.821398233924673e-23, nan 
-54.875, 54.375, 1.8164940190045628e-23, nan 
-54.625, 54.375, 2.370886637670876e-23, nan 
-54.375, 54.375, 2.361978945668042e-23, nan 
-54.125, 54.375, 2.2189956648314828e-23, nan 
-53.875, 54.375, 2.0540542350182552e-23, nan 
-53.625, 54.375, 2.2415957345324652e-23, nan 
-53.375, 54.375, 1.868635718553869e-23, nan 
-53.125, 54.375, 2.161853792537177e-23, nan 
-52.875, 54.375, 1.6421178132634994e-23, nan 
-52.625, 54.375, 1.082991054863115e-23, nan 
-52.375, 54.375, 1.441412620338611e-23, nan 
-52.125, 54.375, 1.1340584426589292e-23, nan 
-51.875, 54.375, 1.2638132151185716e-23, nan 
-51.625, 54.375, 9.290731049654558e-24, nan 
-51.375, 54.375, 4.9232461711526296e-24, nan 
-51.125, 54.375, 9.857543645193214e-24, nan 
-50.875, 54.375, 1.0998808692463583e-23, nan 
-50.625, 54.375, 1.5754992930233346e-23, nan 
-50.375, 54.375, 1.2086224311349256e-23, nan 
-50.125, 54.375, 1.343123617348421e-23, nan 
-49.875, 54.375, 1.5676913357464402e-23, nan 
-49.625, 54.375, 1.8479695630941724e-23, nan 
-49.375, 54.375, 2.362616675294177e-23, nan 
-49.125, 54.375, 1.8761311729043328e-23, nan 
-48.875, 54.375, 1.6846350871654864e-23, nan 
-48.625, 54.375, 2.6194625280006708e-23, nan 
-48.375, 54.375, 1.447524827233701e-23, nan 
-48.125, 54.375, 9.596683240303011e-24, nan 
-47.875, 54.375, 1.6115316931152623e-23, nan 
-47.625, 54.375, 1.3771152215279102e-23, nan 
-47.375, 54.375, 1.4471118713794817e-23, nan 
-47.125, 54.375, 1.9780872719769106e-23, nan 
-46.875, 54.375, 1.876869825350288e-23, nan 
-46.625, 54.375, 1.465661551376038e-23, nan 
-46.375, 54.375, 1.4482056423357058e-23, nan 
-46.125, 54.375, 1.2538536550111036e-23, nan 
-45.875, 54.375, 2.1461178481886526e-23, nan 
-45.625, 54.375, 2.3126543569352825e-23, nan 
-45.375, 54.375, 1.5922657602109315e-23, nan 
-45.125, 54.375, 1.0083253049419997e-23, nan 
-44.875, 54.375, 8.669462043440705e-24, nan 
-44.625, 54.375, 9.547957667611086e-24, nan 
-44.375, 54.375, 8.183633845142964e-24, nan 
-44.125, 54.375, 1.061927392284446e-23, nan 
-43.875, 54.375, 1.5177208119200506e-23, nan 
-43.625, 54.375, 1.1856610379002807e-23, nan 
-43.375, 54.375, 8.917289678604409e-24, nan 
-43.125, 54.375, 1.5898171690587587e-23, nan 
-42.875, 54.375, 1.988692762535257e-23, nan 
-42.625, 54.375, 1.915973971830646e-23, nan 
-42.375, 54.375, 2.010311731243594e-23, nan 
-42.125, 54.375, 1.6496521808576447e-23, nan 
-41.875, 54.375, 1.458070454449398e-23, nan 
-41.625, 54.375, 1.3392043330735038e-23, nan 
-41.375, 54.375, 2.2708481933443032e-23, nan 
-41.125, 54.375, 2.31273272867513e-23, nan 
-40.875, 54.375, 1.513979906431276e-23, nan 
-40.625, 54.375, 1.6637720145154914e-23, nan 
-40.375, 54.375, 1.725790630192229e-23, nan 
-40.125, 54.375, 1.9977954509890228e-23, nan 
-39.875, 54.375, 3.302614686680785e-23, nan 
-39.625, 54.375, 3.402062551064994e-23, nan 
-39.375, 54.375, 3.74234545491584e-23, nan 
-39.125, 54.375, 7.350760032410266e-23, nan 
-38.875, 54.375, 5.755073692245082e-23, nan 
-38.625, 54.375, 2.8702100000955095e-23, nan 
-38.375, 54.375, 2.1934280606862503e-23, nan 
-38.125, 54.375, 2.830531907901278e-23, nan 
-37.875, 54.375, 2.8326631813148417e-23, nan 
-37.625, 54.375, 1.8911673056955258e-23, nan 
-37.375, 54.375, 1.5732609315773786e-23, nan 
-37.125, 54.375, 1.488800362508932e-23, nan 
-36.875, 54.375, 2.820799104284601e-23, nan 
-36.625, 54.375, 2.9007331978034437e-23, nan 
-36.375, 54.375, 1.3571251930477982e-23, nan 
-36.125, 54.375, 2.607946263102357e-23, nan 
-35.875, 54.375, 3.573139999749825e-23, nan 
-35.625, 54.375, 3.090123741821372e-23, nan 
-35.375, 54.375, 3.368040532343814e-23, nan 
-35.125, 54.375, 2.4315515046214834e-23, nan 
-34.875, 54.375, 4.825609716841621e-23, nan 
-34.625, 54.375, 5.373944147988076e-23, nan 
-34.375, 54.375, 3.284662959973666e-23, nan 
-34.125, 54.375, 2.8404084065145746e-23, nan 
-33.875, 54.375, 2.543097087107833e-23, nan 
-33.625, 54.375, 1.8859729719209844e-23, nan 
-33.375, 54.375, 2.3944516814363755e-23, nan 
-33.125, 54.375, 1.8979587140542173e-23, nan 
-32.875, 54.375, 1.9687692564331184e-23, nan 
-32.625, 54.375, 2.646702823069144e-23, nan 
-32.375, 54.375, 3.1368023797058377e-23, nan 
-70.125, 54.625, 4.007502134898581e-24, nan 
-69.875, 54.625, 8.167908564226463e-24, nan 
-69.625, 54.625, 9.845708522968085e-24, nan 
-69.375, 54.625, 1.0376511655279299e-23, nan 
-69.125, 54.625, 9.010004519071907e-24, nan 
-68.875, 54.625, 9.399996842213329e-24, nan 
-68.625, 54.625, 1.0189341927453524e-23, nan 
-68.375, 54.625, 1.0165433122472433e-23, nan 
-68.125, 54.625, 1.1899653916651241e-23, nan 
-67.875, 54.625, 1.2015076429293049e-23, nan 
-67.625, 54.625, 1.340601259333109e-23, nan 
-67.375, 54.625, 1.137321045541825e-23, nan 
-67.125, 54.625, 9.656334608420332e-24, nan 
-66.875, 54.625, 1.4149636112950266e-23, nan 
-66.625, 54.625, 1.578786939654004e-23, nan 
-66.375, 54.625, 1.2567009042691097e-23, nan 
-66.125, 54.625, 9.805233504178058e-24, nan 
-65.875, 54.625, 7.824828636653967e-24, nan 
-65.625, 54.625, 6.715561276515505e-24, nan 
-65.375, 54.625, 5.44944800840322e-24, nan 
-65.125, 54.625, 1.3375314548822187e-23, nan 
-64.875, 54.625, 1.5897347660758016e-23, nan 
-64.625, 54.625, 1.0874899284263345e-23, nan 
-64.375, 54.625, 9.159904974061783e-24, nan 
-64.125, 54.625, 1.9741733649955508e-23, nan 
-63.875, 54.625, 1.826540891389995e-23, nan 
-63.625, 54.625, 1.1673759279182197e-23, nan 
-63.375, 54.625, 1.4351610567920575e-23, nan 
-63.125, 54.625, 1.4595376982420023e-23, nan 
-62.875, 54.625, 7.925555423316391e-24, nan 
-62.625, 54.625, 7.157846097543808e-24, nan 
-62.375, 54.625, 7.085301950373026e-24, nan 
-62.125, 54.625, 6.241352198180208e-24, nan 
-61.875, 54.625, 9.042640766460103e-24, nan 
-61.625, 54.625, 1.0252564972552012e-23, nan 
-61.375, 54.625, 1.8342794769127904e-23, nan 
-61.125, 54.625, 1.8461435156521682e-23, nan 
-60.875, 54.625, 2.674924979324601e-23, nan 
-60.625, 54.625, 2.7771378387254406e-23, nan 
-60.375, 54.625, 1.8753103560008474e-23, nan 
-60.125, 54.625, 1.8518474313904038e-23, nan 
-59.875, 54.625, 2.3643959616751643e-23, nan 
-59.625, 54.625, 2.6193883149819475e-23, nan 
-59.375, 54.625, 2.681159892289741e-23, nan 
-59.125, 54.625, 1.972310002551187e-23, nan 
-58.875, 54.625, 2.300316179717196e-23, nan 
-58.625, 54.625, 2.6869901944359156e-23, nan 
-58.375, 54.625, 2.351278329584758e-23, nan 
-58.125, 54.625, 1.7558848090383468e-23, nan 
-57.875, 54.625, 1.4706774411736945e-23, nan 
-57.625, 54.625, 1.5866294306778478e-23, nan 
-57.375, 54.625, 1.7441409415415186e-23, nan 
-57.125, 54.625, 2.4264122466444086e-23, nan 
-56.875, 54.625, 3.0117082954819745e-23, nan 
-56.625, 54.625, 3.0689495201426034e-23, nan 
-56.375, 54.625, 1.9606440351361507e-23, nan 
-56.125, 54.625, 9.992285289044e-24, nan 
-55.875, 54.625, 8.724768247838766e-24, nan 
-55.625, 54.625, 1.626998901349824e-23, nan 
-55.375, 54.625, 2.047695611509771e-23, nan 
-55.125, 54.625, 2.1289973581271962e-23, nan 
-54.875, 54.625, 1.980153748204636e-23, nan 
-54.625, 54.625, 1.8623527499800892e-23, nan 
-54.375, 54.625, 2.4698223779512512e-23, nan 
-54.125, 54.625, 2.4292936328900883e-23, nan 
-53.875, 54.625, 1.6881241989084777e-23, nan 
-53.625, 54.625, 1.2774535668864104e-23, nan 
-53.375, 54.625, 1.2585243635616123e-23, nan 
-53.125, 54.625, 1.3668504125590275e-23, nan 
-52.875, 54.625, 1.0993416198332355e-23, nan 
-52.625, 54.625, 6.4132851319609295e-24, nan 
-52.375, 54.625, 4.651871962964133e-24, nan 
-52.125, 54.625, 8.332595312005521e-24, nan 
-51.875, 54.625, 9.935805066043609e-24, nan 
-51.625, 54.625, 7.874149722562857e-24, nan 
-51.375, 54.625, 1.7567847936798835e-23, nan 
-51.125, 54.625, 1.997284912541628e-23, nan 
-50.875, 54.625, 7.876450715941015e-24, nan 
-50.625, 54.625, 1.3003364094995629e-23, nan 
-50.375, 54.625, 1.660595981258524e-23, nan 
-50.125, 54.625, 1.7727442441251215e-23, nan 
-49.875, 54.625, 1.1848033269072673e-23, nan 
-49.625, 54.625, 1.0483044740294686e-23, nan 
-49.375, 54.625, 1.683346580715616e-23, nan 
-49.125, 54.625, 1.769440726879759e-23, nan 
-48.875, 54.625, 3.511884274231754e-23, nan 
-48.625, 54.625, 4.676373172713905e-23, nan 
-48.375, 54.625, 2.730998174419126e-23, nan 
-48.125, 54.625, 7.692608982632365e-24, nan 
-47.875, 54.625, 1.4086720927766154e-23, nan 
-47.625, 54.625, 2.0367329410500654e-23, nan 
-47.375, 54.625, 1.7753227001623656e-23, nan 
-47.125, 54.625, 1.8526161124832e-23, nan 
-46.875, 54.625, 1.8650750728694526e-23, nan 
-46.625, 54.625, 1.775333285559626e-23, nan 
-46.375, 54.625, 1.4589021741619866e-23, nan 
-46.125, 54.625, 1.5351291859050133e-23, nan 
-45.875, 54.625, 1.709391070452434e-23, nan 
-45.625, 54.625, 1.7487219983452197e-23, nan 
-45.375, 54.625, 1.691011558455911e-23, nan 
-45.125, 54.625, 8.012756529254101e-24, nan 
-44.875, 54.625, 6.864580256054911e-24, nan 
-44.625, 54.625, 1.0312966579388802e-23, nan 
-44.375, 54.625, 1.6395319412138802e-23, nan 
-44.125, 54.625, 1.6059883198167553e-23, nan 
-43.875, 54.625, 1.5114397446139066e-23, nan 
-43.625, 54.625, 9.264282798096785e-24, nan 
-43.375, 54.625, 1.204686080642177e-23, nan 
-43.125, 54.625, 1.5165006774246168e-23, nan 
-42.875, 54.625, 1.6353391132323378e-23, nan 
-42.625, 54.625, 1.622706008804142e-23, nan 
-42.375, 54.625, 1.3708080524378858e-23, nan 
-42.125, 54.625, 1.380990661689229e-23, nan 
-41.875, 54.625, 2.0953247675944613e-23, nan 
-41.625, 54.625, 2.3394717572263253e-23, nan 
-41.375, 54.625, 1.9747783085158262e-23, nan 
-41.125, 54.625, 9.403809899667367e-24, nan 
-40.875, 54.625, 2.6235913303294133e-23, nan 
-40.625, 54.625, 2.921452615316861e-23, nan 
-40.375, 54.625, 2.011900287340128e-23, nan 
-40.125, 54.625, 2.16589440559457e-23, nan 
-39.875, 54.625, 1.0588745733922575e-23, nan 
-39.625, 54.625, 2.4057674883673213e-23, nan 
-39.375, 54.625, 3.538884872235808e-23, nan 
-39.125, 54.625, 5.51507515849032e-23, nan 
-38.875, 54.625, 2.509924427997487e-23, nan 
-38.625, 54.625, 1.1933681917735318e-23, nan 
-38.375, 54.625, 1.156200672887343e-23, nan 
-38.125, 54.625, 2.0069374043990997e-23, nan 
-37.875, 54.625, 1.9380686733018058e-23, nan 
-37.625, 54.625, 3.6594704992051186e-24, nan 
-37.375, 54.625, 1.7988140000847605e-23, nan 
-37.125, 54.625, 2.182971775216821e-23, nan 
-36.875, 54.625, 2.9855211226021373e-23, nan 
-36.625, 54.625, 2.767616495361907e-23, nan 
-36.375, 54.625, 3.4714310144027295e-23, nan 
-36.125, 54.625, 4.039318107136836e-23, nan 
-35.875, 54.625, 3.609942953224661e-23, nan 
-35.625, 54.625, 3.7479018260040647e-23, nan 
-35.375, 54.625, 4.767018250506515e-23, nan 
-35.125, 54.625, 4.7361432959764e-23, nan 
-34.875, 54.625, 4.334401386335952e-23, nan 
-34.625, 54.625, 4.8163700206795224e-23, nan 
-34.375, 54.625, 3.354152834485059e-23, nan 
-34.125, 54.625, 3.661295506438306e-23, nan 
-33.875, 54.625, 3.0278802465658964e-23, nan 
-33.625, 54.625, 3.539692185899569e-23, nan 
-33.375, 54.625, 2.687857078324364e-23, nan 
-33.125, 54.625, 3.132637800010189e-23, nan 
-32.875, 54.625, 2.8826758579533296e-23, nan 
-32.625, 54.625, 2.3889654492455546e-23, nan 
-32.375, 54.625, 2.32732745317332e-23, nan 
-32.125, 54.625, 3.154208836734662e-23, nan 
-31.875, 54.625, 2.5639108549314294e-23, nan 
-31.625, 54.625, 8.723209678548807e-23, nan 
-70.375, 54.875, 7.232684987219468e-24, nan 
-70.125, 54.875, 7.695530435396262e-24, nan 
-69.875, 54.875, 9.400283693489954e-24, nan 
-69.625, 54.875, 9.470502226547935e-24, nan 
-69.375, 54.875, 1.0177675331150645e-23, nan 
-69.125, 54.875, 1.1330120129817275e-23, nan 
-68.875, 54.875, 1.085969946133241e-23, nan 
-68.625, 54.875, 1.0474530852518946e-23, nan 
-68.375, 54.875, 1.2728815598961871e-23, nan 
-68.125, 54.875, 1.1636352883045156e-23, nan 
-67.875, 54.875, 1.200528911046438e-23, nan 
-67.625, 54.875, 1.3204127644588167e-23, nan 
-67.375, 54.875, 1.1661611065682326e-23, nan 
-67.125, 54.875, 9.701202327187884e-24, nan 
-66.875, 54.875, 9.225673360836165e-24, nan 
-66.625, 54.875, 9.806789684337234e-24, nan 
-66.375, 54.875, 7.889338942363312e-24, nan 
-66.125, 54.875, 7.508944402819388e-24, nan 
-65.875, 54.875, 7.148142041742672e-24, nan 
-65.625, 54.875, 6.3317719938889505e-24, nan 
-65.375, 54.875, 8.939152198562975e-24, nan 
-65.125, 54.875, 1.0285613683684594e-23, nan 
-64.875, 54.875, 1.2311569950965198e-23, nan 
-64.625, 54.875, 9.440929838614386e-24, nan 
-64.375, 54.875, 1.955750004000876e-23, nan 
-64.125, 54.875, 2.154589580605355e-23, nan 
-63.875, 54.875, 9.804179724128481e-24, nan 
-63.625, 54.875, 7.925029391543087e-24, nan 
-63.375, 54.875, 1.1045588232631611e-23, nan 
-63.125, 54.875, 8.484565876401867e-24, nan 
-62.875, 54.875, 4.409521569804335e-24, nan 
-62.625, 54.875, 7.39077799022945e-24, nan 
-62.375, 54.875, 8.545727078689929e-24, nan 
-62.125, 54.875, 8.759481300700659e-24, nan 
-61.875, 54.875, 1.012707618381551e-23, nan 
-61.625, 54.875, 1.1530001192369789e-23, nan 
-61.375, 54.875, 1.4754581134263727e-23, nan 
-61.125, 54.875, 1.6384784426522683e-23, nan 
-60.875, 54.875, 1.6809324681802214e-23, nan 
-60.625, 54.875, 1.3449224766851185e-23, nan 
-60.375, 54.875, 1.0908525102172621e-23, nan 
-60.125, 54.875, 1.3415962139845696e-23, nan 
-59.875, 54.875, 2.1721462278479388e-23, nan 
-59.625, 54.875, 2.399876887417782e-23, nan 
-59.375, 54.875, 3.06781327063772e-23, nan 
-59.125, 54.875, 2.8143146026970555e-23, nan 
-58.875, 54.875, 3.1099906925695566e-23, nan 
-58.625, 54.875, 3.136204934123518e-23, nan 
-58.375, 54.875, 2.714122341279652e-23, nan 
-58.125, 54.875, 2.966721283476311e-23, nan 
-57.875, 54.875, 2.1693570062527195e-23, nan 
-57.625, 54.875, 2.0554418007950012e-23, nan 
-57.375, 54.875, 2.1673863426741997e-23, nan 
-57.125, 54.875, 2.5962527929966008e-23, nan 
-56.875, 54.875, 2.8829142223062385e-23, nan 
-56.625, 54.875, 2.356928020513344e-23, nan 
-56.375, 54.875, 1.169605341383398e-23, nan 
-56.125, 54.875, 8.90237044584739e-24, nan 
-55.875, 54.875, 2.785128139644976e-23, nan 
-55.625, 54.875, 2.695284595638344e-23, nan 
-55.375, 54.875, 2.0362716589219052e-23, nan 
-55.125, 54.875, 1.8709774317897285e-23, nan 
-54.875, 54.875, 1.6928910230950044e-23, nan 
-54.625, 54.875, 2.1874590964577758e-23, nan 
-54.375, 54.875, 1.962165483571397e-23, nan 
-54.125, 54.875, 2.417361163513457e-23, nan 
-53.875, 54.875, 2.0533683101744048e-23, nan 
-53.625, 54.875, 1.6932620951183706e-23, nan 
-53.375, 54.875, 1.6406676914669126e-23, nan 
-53.125, 54.875, 1.3568007829153385e-23, nan 
-52.875, 54.875, 1.0165934140736086e-23, nan 
-52.625, 54.875, 1.0864707225340242e-23, nan 
-52.375, 54.875, 1.458466943701447e-23, nan 
-52.125, 54.875, 1.7072280458139936e-23, nan 
-51.875, 54.875, 1.307621309943132e-23, nan 
-51.625, 54.875, 2.552028373824358e-23, nan 
-51.375, 54.875, 3.2320513005126073e-23, nan 
-51.125, 54.875, 2.906111198260443e-23, nan 
-50.875, 54.875, 2.1900511781628697e-23, nan 
-50.625, 54.875, 1.6173990709933282e-23, nan 
-50.375, 54.875, 1.5281279805135808e-23, nan 
-50.125, 54.875, 1.0642570284223393e-23, nan 
-49.875, 54.875, 9.712669046806741e-24, nan 
-49.625, 54.875, 1.9360411297922322e-23, nan 
-49.375, 54.875, 2.0899884793568363e-23, nan 
-49.125, 54.875, 1.522899047460928e-23, nan 
-48.875, 54.875, 1.5431112002583973e-23, nan 
-48.625, 54.875, 8.420363468851373e-24, nan 
-48.375, 54.875, 1.54056250211884e-23, nan 
-48.125, 54.875, 1.2502005860488972e-23, nan 
-47.875, 54.875, 8.933408571950477e-24, nan 
-47.625, 54.875, 1.7975242447942903e-23, nan 
-47.375, 54.875, 1.7496058455032973e-23, nan 
-47.125, 54.875, 1.918183445776355e-23, nan 
-46.875, 54.875, 1.8106136463916357e-23, nan 
-46.625, 54.875, 1.2614256652885005e-23, nan 
-46.375, 54.875, 8.019458149143709e-24, nan 
-46.125, 54.875, 1.423000774100507e-23, nan 
-45.875, 54.875, 1.363253004555042e-23, nan 
-45.625, 54.875, 1.4588657061571782e-23, nan 
-45.375, 54.875, 1.2070496409589122e-23, nan 
-45.125, 54.875, 1.140782535131769e-23, nan 
-44.875, 54.875, 1.6921463352486621e-23, nan 
-44.625, 54.875, 1.9774177345706955e-23, nan 
-44.375, 54.875, 2.1496302993619545e-23, nan 
-44.125, 54.875, 1.5244263391947282e-23, nan 
-43.875, 54.875, 1.1202156419572564e-23, nan 
-43.625, 54.875, 8.258903360228199e-24, nan 
-43.375, 54.875, 1.1516048151445213e-23, nan 
-43.125, 54.875, 9.219062987843238e-24, nan 
-42.875, 54.875, 1.592403488652782e-23, nan 
-42.625, 54.875, 1.7025669279846756e-23, nan 
-42.375, 54.875, 1.9622622455832634e-23, nan 
-42.125, 54.875, 1.9588512737435016e-23, nan 
-41.875, 54.875, 1.8643655220791003e-23, nan 
-41.625, 54.875, 1.3934236539305268e-23, nan 
-41.375, 54.875, 1.2690446394854015e-23, nan 
-41.125, 54.875, 1.9484122880647297e-23, nan 
-40.875, 54.875, 1.878454911755902e-23, nan 
-40.625, 54.875, 1.323161400404459e-23, nan 
-40.375, 54.875, 1.632785722084947e-23, nan 
-40.125, 54.875, 1.739736921206574e-23, nan 
-39.875, 54.875, 2.2122640703827395e-23, nan 
-39.625, 54.875, 2.824435891202247e-23, nan 
-39.375, 54.875, 2.6948091342900114e-23, nan 
-39.125, 54.875, 2.437303278427199e-23, nan 
-38.875, 54.875, 2.674903984436537e-23, nan 
-38.625, 54.875, 2.2066342609844106e-23, nan 
-38.375, 54.875, 1.6205314122992036e-23, nan 
-38.125, 54.875, 3.23571940317027e-23, nan 
-37.875, 54.875, 4.052482738566626e-23, nan 
-37.625, 54.875, 4.123195387862327e-23, nan 
-37.375, 54.875, 3.404246162482702e-23, nan 
-37.125, 54.875, 2.0537378546353945e-23, nan 
-36.875, 54.875, 1.852105235743428e-23, nan 
-36.625, 54.875, 3.267624254006181e-23, nan 
-36.375, 54.875, 4.0098749091904103e-23, nan 
-36.125, 54.875, 3.030906855701247e-23, nan 
-35.875, 54.875, 2.335716011700396e-23, nan 
-35.625, 54.875, 3.58854378430913e-23, nan 
-35.375, 54.875, 3.67671887659678e-23, nan 
-35.125, 54.875, 4.2064245055770386e-23, nan 
-34.875, 54.875, 6.008984685277742e-23, nan 
-34.625, 54.875, 6.28802188450405e-23, nan 
-34.375, 54.875, 5.401016704325129e-23, nan 
-34.125, 54.875, 5.540235545528119e-23, nan 
-33.875, 54.875, 3.094188527524589e-23, nan 
-33.625, 54.875, 5.463513968590964e-23, nan 
-33.375, 54.875, 4.806202648895949e-23, nan 
-33.125, 54.875, 3.807527650586025e-23, nan 
-32.875, 54.875, 4.2234503680055784e-23, nan 
-32.625, 54.875, 3.385814412805828e-23, nan 
-32.375, 54.875, 4.0523561738491025e-23, nan 
-32.125, 54.875, 4.877142668123513e-23, nan 
-31.875, 54.875, 5.568340978043261e-23, nan 
-31.625, 54.875, 1.3341005874676562e-22, nan 
-31.375, 54.875, 1.2878809275332347e-22, nan 
-31.125, 54.875, 5.68571672584972e-23, nan 
-70.875, 55.125, 7.722307550596596e-24, nan 
-70.625, 55.125, 9.961038894953079e-24, nan 
-70.375, 55.125, 1.0898127907940793e-23, nan 
-70.125, 55.125, 9.051205470276455e-24, nan 
-69.875, 55.125, 1.2266252900070991e-23, nan 
-69.625, 55.125, 1.2718854962998803e-23, nan 
-69.375, 55.125, 1.3267853426504397e-23, nan 
-69.125, 55.125, 1.3133564858281858e-23, nan 
-68.875, 55.125, 9.837750670664634e-24, nan 
-68.625, 55.125, 1.0599081759236478e-23, nan 
-68.375, 55.125, 1.2272944513886314e-23, nan 
-68.125, 55.125, 1.1618040886640165e-23, nan 
-67.875, 55.125, 9.615469868533046e-24, nan 
-67.625, 55.125, 9.187565561572759e-24, nan 
-67.375, 55.125, 9.98165493746107e-24, nan 
-67.125, 55.125, 7.910036441974954e-24, nan 
-66.875, 55.125, 8.065758943898092e-24, nan 
-66.625, 55.125, 9.426112081850388e-24, nan 
-66.375, 55.125, 7.896136484111796e-24, nan 
-66.125, 55.125, 7.740186423024752e-24, nan 
-65.875, 55.125, 7.117236456720545e-24, nan 
-65.625, 55.125, 7.764775427522405e-24, nan 
-65.375, 55.125, 1.3610416941640183e-23, nan 
-65.125, 55.125, 1.762218988507686e-23, nan 
-64.875, 55.125, 1.4479691203570867e-23, nan 
-64.625, 55.125, 1.1722357848234643e-23, nan 
-64.375, 55.125, 1.2156457190616066e-23, nan 
-64.125, 55.125, 1.431079846111272e-23, nan 
-63.875, 55.125, 1.286696632690758e-23, nan 
-63.625, 55.125, 1.0111483951362374e-23, nan 
-63.375, 55.125, 9.84255741309112e-24, nan 
-63.125, 55.125, 7.045726412441349e-24, nan 
-62.875, 55.125, 5.77770453047171e-24, nan 
-62.625, 55.125, 9.466048505718042e-24, nan 
-62.375, 55.125, 1.2581393279407807e-23, nan 
-62.125, 55.125, 1.2755543879941845e-23, nan 
-61.875, 55.125, 1.0510921810038923e-23, nan 
-61.625, 55.125, 1.1576760952672408e-23, nan 
-61.375, 55.125, 1.0587307164246494e-23, nan 
-61.125, 55.125, 1.309731122150773e-23, nan 
-60.875, 55.125, 1.30770512885836e-23, nan 
-60.625, 55.125, 1.1647361482321872e-23, nan 
-60.375, 55.125, 1.1098979721550708e-23, nan 
-60.125, 55.125, 1.2964702204045364e-23, nan 
-59.875, 55.125, 1.0808256226100844e-23, nan 
-59.625, 55.125, 1.1605933821730848e-23, nan 
-59.375, 55.125, 1.3700245592897934e-23, nan 
-59.125, 55.125, 2.1006862250559054e-23, nan 
-58.875, 55.125, 2.2149711250065473e-23, nan 
-58.625, 55.125, 1.6332711531338044e-23, nan 
-58.375, 55.125, 1.0852593764152364e-23, nan 
-58.125, 55.125, 2.204150107925787e-23, nan 
-57.875, 55.125, 2.2642748912768655e-23, nan 
-57.625, 55.125, 1.997705122128222e-23, nan 
-57.375, 55.125, 2.4526280440309496e-23, nan 
-57.125, 55.125, 2.649265180550508e-23, nan 
-56.875, 55.125, 1.9027320686065368e-23, nan 
-56.625, 55.125, 2.2202509269090174e-23, nan 
-56.375, 55.125, 1.7781928869722132e-23, nan 
-56.125, 55.125, 3.072300466696736e-23, nan 
-55.875, 55.125, 3.111227943686262e-23, nan 
-55.625, 55.125, 7.53964349753976e-24, nan 
-55.375, 55.125, 8.801059467957701e-24, nan 
-55.125, 55.125, 6.129793737568248e-24, nan 
-54.875, 55.125, 1.0714141947274253e-23, nan 
-54.625, 55.125, 1.0129123985482667e-23, nan 
-54.375, 55.125, 5.14730681833057e-24, nan 
-54.125, 55.125, 1.0358613050359953e-23, nan 
-53.875, 55.125, 1.7809057282817015e-23, nan 
-53.625, 55.125, 1.6169020693619516e-23, nan 
-53.375, 55.125, 1.2731921913812254e-23, nan 
-53.125, 55.125, 1.1865781591128793e-23, nan 
-52.875, 55.125, 1.0155961219359238e-23, nan 
-52.625, 55.125, 1.2454927785961813e-23, nan 
-52.375, 55.125, 1.451626521109174e-23, nan 
-52.125, 55.125, 1.4923534856606195e-23, nan 
-51.875, 55.125, 1.2942444174842128e-23, nan 
-51.625, 55.125, 1.2965603832075747e-23, nan 
-51.375, 55.125, 2.5688009115650108e-23, nan 
-51.125, 55.125, 2.893683221460853e-23, nan 
-50.875, 55.125, 2.1589499063654412e-23, nan 
-50.625, 55.125, 1.1425943515299687e-23, nan 
-50.375, 55.125, 7.089954644682262e-24, nan 
-50.125, 55.125, 7.847576410204875e-24, nan 
-49.875, 55.125, 1.2796278938386248e-23, nan 
-49.625, 55.125, 1.3000926623016254e-23, nan 
-49.375, 55.125, 1.0392647702000658e-23, nan 
-49.125, 55.125, 1.340139246380003e-23, nan 
-48.875, 55.125, 1.7730077553226524e-23, nan 
-48.625, 55.125, 1.400356997790745e-23, nan 
-48.375, 55.125, 1.1669987889621215e-23, nan 
-48.125, 55.125, 1.2591644295576061e-23, nan 
-47.875, 55.125, 1.3303433629462058e-23, nan 
-47.625, 55.125, 1.7119004462255997e-23, nan 
-47.375, 55.125, 1.4698847620909915e-23, nan 
-47.125, 55.125, 1.1681586907228107e-23, nan 
-46.875, 55.125, 1.1624792988291652e-23, nan 
-46.625, 55.125, 1.0929863148669644e-23, nan 
-46.375, 55.125, 2.122561188502232e-23, nan 
-46.125, 55.125, 2.120885994680882e-23, nan 
-45.875, 55.125, 1.28327783357806e-23, nan 
-45.625, 55.125, 1.3088357269833666e-23, nan 
-45.375, 55.125, 1.3143821091118264e-23, nan 
-45.125, 55.125, 1.5415385631593353e-23, nan 
-44.875, 55.125, 1.701955475447306e-23, nan 
-44.625, 55.125, 1.4190428022038868e-23, nan 
-44.375, 55.125, 1.0882598861264893e-23, nan 
-44.125, 55.125, 1.1913987015476793e-23, nan 
-43.875, 55.125, 1.3265776102098542e-23, nan 
-43.625, 55.125, 1.3614712198234119e-23, nan 
-43.375, 55.125, 1.2821784984510415e-23, nan 
-43.125, 55.125, 2.8031583811028633e-23, nan 
-42.875, 55.125, 2.930667064569062e-23, nan 
-42.625, 55.125, 2.3899706538648858e-23, nan 
-42.375, 55.125, 2.8020927530597704e-23, nan 
-42.125, 55.125, 2.5300179595623996e-23, nan 
-41.875, 55.125, 2.778411087586559e-23, nan 
-41.625, 55.125, 2.7228655081120096e-23, nan 
-41.375, 55.125, 2.180497055493384e-23, nan 
-41.125, 55.125, 2.0826588479755127e-23, nan 
-40.875, 55.125, 1.7737623775696476e-23, nan 
-40.625, 55.125, 1.9565374499909658e-23, nan 
-40.375, 55.125, 2.1817492263074852e-23, nan 
-40.125, 55.125, 3.9986857929694137e-23, nan 
-39.875, 55.125, 3.9869418860129516e-23, nan 
-39.625, 55.125, 2.738597309894266e-23, nan 
-39.375, 55.125, 2.2991596049142858e-23, nan 
-39.125, 55.125, 1.6164051439363235e-23, nan 
-38.875, 55.125, 3.456980797962747e-23, nan 
-38.625, 55.125, 3.093632228653006e-23, nan 
-38.375, 55.125, 2.1247520752380715e-23, nan 
-38.125, 55.125, 2.4331255547056438e-23, nan 
-37.875, 55.125, 1.3303727138027537e-23, nan 
-37.625, 55.125, 2.2911104620822818e-23, nan 
-37.375, 55.125, 9.919607758411972e-24, nan 
-37.125, 55.125, 2.661423270878569e-23, nan 
-36.875, 55.125, 3.533747893330885e-23, nan 
-36.625, 55.125, 1.9425312821767036e-23, nan 
-36.375, 55.125, 2.4272512095313205e-23, nan 
-36.125, 55.125, 2.8291611622663046e-23, nan 
-35.875, 55.125, 2.5287443148505465e-23, nan 
-35.625, 55.125, 2.7379199092680755e-23, nan 
-35.375, 55.125, 3.021097805765716e-23, nan 
-35.125, 55.125, 4.5507121572327275e-23, nan 
-34.875, 55.125, 5.604746144663929e-23, nan 
-34.625, 55.125, 5.278457530048816e-23, nan 
-34.375, 55.125, 3.1123594197051795e-23, nan 
-34.125, 55.125, 2.6197015029676787e-23, nan 
-33.875, 55.125, 2.215107817841596e-23, nan 
-33.625, 55.125, 2.7526281124051127e-23, nan 
-33.375, 55.125, 3.0924811538556175e-23, nan 
-33.125, 55.125, 4.348522018413373e-23, nan 
-32.875, 55.125, 4.0858572115077774e-23, nan 
-32.625, 55.125, 4.304053800566592e-23, nan 
-32.375, 55.125, 5.734694928684602e-23, nan 
-32.125, 55.125, 4.4562975414777385e-23, nan 
-31.875, 55.125, 2.0026400347182824e-23, nan 
-31.625, 55.125, 7.199982683999786e-23, nan 
-31.375, 55.125, 7.289661255885948e-23, nan 
-31.125, 55.125, 7.908322956063785e-23, nan 
-30.875, 55.125, 5.640344819457095e-23, nan 
-30.625, 55.125, 3.426113284011178e-23, nan 
-30.375, 55.125, 3.279579956566184e-23, nan 
-71.125, 55.375, 1.0339646549354382e-23, nan 
-70.875, 55.375, 9.848636014572885e-24, nan 
-70.625, 55.375, 1.220464254000202e-23, nan 
-70.375, 55.375, 1.2198183965581385e-23, nan 
-70.125, 55.375, 1.1032500496652788e-23, nan 
-69.875, 55.375, 1.47424617198836e-23, nan 
-69.625, 55.375, 1.408500031341621e-23, nan 
-69.375, 55.375, 1.003333979723629e-23, nan 
-69.125, 55.375, 9.450845301827602e-24, nan 
-68.875, 55.375, 1.3597318036033157e-23, nan 
-68.625, 55.375, 1.4074352507277998e-23, nan 
-68.375, 55.375, 1.1587507221568722e-23, nan 
-68.125, 55.375, 9.677988133514613e-24, nan 
-67.875, 55.375, 6.497404024909623e-24, nan 
-67.625, 55.375, 7.546429925188299e-24, nan 
-67.375, 55.375, 5.9643057109639116e-24, nan 
-67.125, 55.375, 7.15336241110116e-24, nan 
-66.875, 55.375, 9.145022373281399e-24, nan 
-66.625, 55.375, 1.1823848583962855e-23, nan 
-66.375, 55.375, 1.0560894793358561e-23, nan 
-66.125, 55.375, 8.220345155762594e-24, nan 
-65.875, 55.375, 4.8344179398257044e-24, nan 
-65.625, 55.375, 1.4881622463518008e-23, nan 
-65.375, 55.375, 1.4418212815614725e-23, nan 
-65.125, 55.375, 1.1659697170745564e-23, nan 
-64.875, 55.375, 9.766299683565234e-24, nan 
-64.625, 55.375, 1.1896513229092876e-23, nan 
-64.375, 55.375, 9.920349916180803e-24, nan 
-64.125, 55.375, 1.1264534109005877e-23, nan 
-63.875, 55.375, 1.1217028291713176e-23, nan 
-63.625, 55.375, 1.0123118964805584e-23, nan 
-63.375, 55.375, 1.1713589690961543e-23, nan 
-63.125, 55.375, 1.0964065678519093e-23, nan 
-62.875, 55.375, 8.738177734105052e-24, nan 
-62.625, 55.375, 6.807529138896041e-24, nan 
-62.375, 55.375, 1.2621668279323674e-23, nan 
-62.125, 55.375, 1.7285288295816904e-23, nan 
-61.875, 55.375, 1.3810424092230225e-23, nan 
-61.625, 55.375, 1.0560233218704764e-23, nan 
-61.375, 55.375, 1.478730743037844e-23, nan 
-61.125, 55.375, 1.3626496929881985e-23, nan 
-60.875, 55.375, 1.2893094710148625e-23, nan 
-60.625, 55.375, 1.5476362687678615e-23, nan 
-60.375, 55.375, 1.6366965052154693e-23, nan 
-60.125, 55.375, 1.3095739222462537e-23, nan 
-59.875, 55.375, 9.450849613432578e-24, nan 
-59.625, 55.375, 8.379708212889696e-24, nan 
-59.375, 55.375, 1.6519087528131146e-23, nan 
-59.125, 55.375, 1.513633619313941e-23, nan 
-58.875, 55.375, 1.4978031873570708e-23, nan 
-58.625, 55.375, 1.50712512287068e-23, nan 
-58.375, 55.375, 1.5365773496264902e-23, nan 
-58.125, 55.375, 1.898700804518469e-23, nan 
-57.875, 55.375, 1.5760798490899806e-23, nan 
-57.625, 55.375, 2.0179003683694254e-23, nan 
-57.375, 55.375, 2.5574417059879717e-23, nan 
-57.125, 55.375, 2.241945082080267e-23, nan 
-56.875, 55.375, 2.391305354594329e-23, nan 
-56.625, 55.375, 2.5373160889554145e-23, nan 
-56.375, 55.375, 1.5278899873278322e-23, nan 
-56.125, 55.375, 2.31858762008514e-23, nan 
-55.875, 55.375, 1.2417683346653514e-23, nan 
-55.625, 55.375, 1.0841064849171612e-23, nan 
-55.375, 55.375, 1.1669933047648277e-23, nan 
-55.125, 55.375, 1.3085809116091148e-23, nan 
-54.875, 55.375, 1.3349348768332383e-23, nan 
-54.625, 55.375, 1.1494939982615146e-23, nan 
-54.375, 55.375, 9.495379778581777e-24, nan 
-54.125, 55.375, 1.2258789416874877e-23, nan 
-53.875, 55.375, 1.1411622817614393e-23, nan 
-53.625, 55.375, 1.09791328568295e-23, nan 
-53.375, 55.375, 1.1164116100688078e-23, nan 
-53.125, 55.375, 1.1830736107884666e-23, nan 
-52.875, 55.375, 9.179087162384027e-24, nan 
-52.625, 55.375, 9.488409574159643e-24, nan 
-52.375, 55.375, 1.3053756887544996e-23, nan 
-52.125, 55.375, 1.1850769702241684e-23, nan 
-51.875, 55.375, 1.3828537746470643e-23, nan 
-51.625, 55.375, 1.631421856000338e-23, nan 
-51.375, 55.375, 1.2441101370507074e-23, nan 
-51.125, 55.375, 5.8146852091138466e-24, nan 
-50.875, 55.375, 9.228130742288916e-24, nan 
-50.625, 55.375, 7.627163241885114e-24, nan 
-50.375, 55.375, 9.947545863601678e-24, nan 
-50.125, 55.375, 9.513091527221088e-24, nan 
-49.875, 55.375, 9.418277832145115e-24, nan 
-49.625, 55.375, 2.4013667614962904e-23, nan 
-49.375, 55.375, 2.6016944125455785e-23, nan 
-49.125, 55.375, 1.586462981173546e-23, nan 
-48.875, 55.375, 1.3186616105040827e-23, nan 
-48.625, 55.375, 6.658929746981144e-24, nan 
-48.375, 55.375, 1.1220372593206885e-23, nan 
-48.125, 55.375, 1.2112881312323796e-23, nan 
-47.875, 55.375, 1.4435640502097118e-23, nan 
-47.625, 55.375, 2.379998064115383e-23, nan 
-47.375, 55.375, 1.9694262570953977e-23, nan 
-47.125, 55.375, 1.045363474804074e-23, nan 
-46.875, 55.375, 2.3489099891473452e-23, nan 
-46.625, 55.375, 2.267544117301348e-23, nan 
-46.375, 55.375, 1.734221790365401e-23, nan 
-46.125, 55.375, 1.716571564350484e-23, nan 
-45.875, 55.375, 1.6172339426976262e-23, nan 
-45.625, 55.375, 1.259830444512302e-23, nan 
-45.375, 55.375, 1.8511450526190738e-23, nan 
-45.125, 55.375, 2.3869081412403442e-23, nan 
-44.875, 55.375, 2.2882274139163463e-23, nan 
-44.625, 55.375, 1.771772929472705e-23, nan 
-44.375, 55.375, 1.306256519882543e-23, nan 
-44.125, 55.375, 8.789750820843456e-24, nan 
-43.875, 55.375, 1.4223860354108476e-23, nan 
-43.625, 55.375, 1.6106037651300792e-23, nan 
-43.375, 55.375, 3.3920650830986946e-23, nan 
-43.125, 55.375, 3.319782474584894e-23, nan 
-42.875, 55.375, 2.5988576385380227e-23, nan 
-42.625, 55.375, 2.869661477305509e-23, nan 
-42.375, 55.375, 2.774220224100926e-23, nan 
-42.125, 55.375, 2.6206182565406561e-23, nan 
-41.875, 55.375, 2.94325238161e-23, nan 
-41.625, 55.375, 2.827359645668735e-23, nan 
-41.375, 55.375, 2.7833493403875584e-23, nan 
-41.125, 55.375, 2.3922400990106116e-23, nan 
-40.875, 55.375, 2.5440203054226244e-23, nan 
-40.625, 55.375, 2.9348366830896656e-23, nan 
-40.375, 55.375, 4.3975000796176245e-23, nan 
-40.125, 55.375, 4.6716308831048155e-23, nan 
-39.875, 55.375, 3.642946381889263e-23, nan 
-39.625, 55.375, 1.409591928199276e-23, nan 
-39.375, 55.375, 1.2711037398721104e-23, nan 
-39.125, 55.375, 3.714706390833529e-23, nan 
-38.875, 55.375, 4.140274437543182e-23, nan 
-38.625, 55.375, 1.2451569129491832e-23, nan 
-38.375, 55.375, 2.4094418828652384e-23, nan 
-38.125, 55.375, 2.2476390549048914e-23, nan 
-37.875, 55.375, 1.3460271611078542e-23, nan 
-37.625, 55.375, 1.5827550554800862e-23, nan 
-37.375, 55.375, 2.147923779854079e-23, nan 
-37.125, 55.375, 2.125041656712979e-23, nan 
-36.875, 55.375, 3.198731087204625e-23, nan 
-36.625, 55.375, 3.0504485056873956e-23, nan 
-36.375, 55.375, 5.548415074285252e-23, nan 
-36.125, 55.375, 4.443952450235254e-23, nan 
-35.875, 55.375, 3.511934195102052e-23, nan 
-35.625, 55.375, 4.9109807824915855e-23, nan 
-35.375, 55.375, 6.355237978327532e-23, nan 
-35.125, 55.375, 5.973698915013893e-23, nan 
-34.875, 55.375, 5.436547494481646e-23, nan 
-34.625, 55.375, 6.365816067393301e-23, nan 
-34.375, 55.375, 3.6724806503186195e-23, nan 
-34.125, 55.375, 2.4998899219375976e-23, nan 
-33.875, 55.375, 4.0822728742266724e-23, nan 
-33.625, 55.375, 3.3510652659064493e-23, nan 
-33.375, 55.375, 4.9062209855847987e-23, nan 
-33.125, 55.375, 6.158752567980027e-23, nan 
-32.875, 55.375, 4.569499310276498e-23, nan 
-32.625, 55.375, 3.8127067290859636e-23, nan 
-32.375, 55.375, 2.98399100773464e-23, nan 
-32.125, 55.375, 2.3797572284795085e-23, nan 
-31.875, 55.375, 6.308611305486245e-23, nan 
-31.625, 55.375, 1.0138119697430602e-22, nan 
-31.375, 55.375, 8.603191260036742e-23, nan 
-31.125, 55.375, 6.801939439430122e-23, nan 
-30.875, 55.375, 4.866135500034933e-23, nan 
-30.625, 55.375, 2.8477080027508936e-23, nan 
-30.375, 55.375, 3.500593393247538e-23, nan 
-30.125, 55.375, 4.062704435934542e-23, nan 
-29.875, 55.375, 8.173202560919454e-23, nan 
-29.625, 55.375, 6.519489947853171e-23, nan 
-71.375, 55.625, 9.439194163112514e-24, nan 
-71.125, 55.625, 9.984582599485477e-24, nan 
-70.875, 55.625, 1.1036053145324581e-23, nan 
-70.625, 55.625, 1.2641590684398477e-23, nan 
-70.375, 55.625, 1.3082154894682059e-23, nan 
-70.125, 55.625, 1.2651921167083951e-23, nan 
-69.875, 55.625, 1.3088336988877437e-23, nan 
-69.625, 55.625, 1.208389370104928e-23, nan 
-69.375, 55.625, 1.028600790541302e-23, nan 
-69.125, 55.625, 9.473744492777962e-24, nan 
-68.875, 55.625, 1.2146579032235303e-23, nan 
-68.625, 55.625, 1.1068771516303713e-23, nan 
-68.375, 55.625, 1.0797704607164351e-23, nan 
-68.125, 55.625, 1.0206288245813025e-23, nan 
-67.875, 55.625, 8.453762294071525e-24, nan 
-67.625, 55.625, 7.034553610557207e-24, nan 
-67.375, 55.625, 1.3978586760704432e-23, nan 
-67.125, 55.625, 1.330859953887812e-23, nan 
-66.875, 55.625, 1.7073814412502647e-23, nan 
-66.625, 55.625, 2.0479451938704925e-23, nan 
-66.375, 55.625, 3.1277284974810335e-23, nan 
-66.125, 55.625, 1.6268776765697824e-22, nan 
-65.875, 55.625, 2.413185698874801e-23, nan 
-65.625, 55.625, 1.3561223874030858e-23, nan 
-65.375, 55.625, 8.041127830032621e-24, nan 
-65.125, 55.625, 3.2258210911943304e-24, nan 
-64.875, 55.625, 1.4837816057686423e-23, nan 
-64.625, 55.625, 1.643066836580048e-23, nan 
-64.375, 55.625, 1.8929957731475953e-23, nan 
-64.125, 55.625, 1.4530165862829643e-23, nan 
-63.875, 55.625, 9.853406651193032e-24, nan 
-63.625, 55.625, 1.220845072796459e-23, nan 
-63.375, 55.625, 1.1617097051311004e-23, nan 
-63.125, 55.625, 1.0015027103710515e-23, nan 
-62.875, 55.625, 9.469736713670951e-24, nan 
-62.625, 55.625, 6.957931756158055e-24, nan 
-62.375, 55.625, 8.699798570949008e-24, nan 
-62.125, 55.625, 3.3996953850634134e-23, nan 
-61.875, 55.625, 3.4534052212557976e-23, nan 
-61.625, 55.625, 1.6729475753522098e-23, nan 
-61.375, 55.625, 1.8311978127576432e-23, nan 
-61.125, 55.625, 9.548589902084837e-24, nan 
-60.875, 55.625, 1.0003063702886497e-23, nan 
-60.625, 55.625, 1.3970965788602675e-23, nan 
-60.375, 55.625, 1.1098087143145524e-23, nan 
-60.125, 55.625, 1.273718328518177e-23, nan 
-59.875, 55.625, 1.4610827721192878e-23, nan 
-59.625, 55.625, 1.9973684107941615e-23, nan 
-59.375, 55.625, 2.1158105830005933e-23, nan 
-59.125, 55.625, 9.881736119096965e-24, nan 
-58.875, 55.625, 1.0025715872898235e-23, nan 
-58.625, 55.625, 1.382585994327204e-23, nan 
-58.375, 55.625, 1.8688520137117067e-23, nan 
-58.125, 55.625, 1.9098389856060867e-23, nan 
-57.875, 55.625, 1.927819861338715e-23, nan 
-57.625, 55.625, 2.4844727067987555e-23, nan 
-57.375, 55.625, 1.864016522946278e-23, nan 
-57.125, 55.625, 1.5711547002244333e-23, nan 
-56.875, 55.625, 2.043078550518567e-23, nan 
-56.625, 55.625, 1.7633952838720913e-23, nan 
-56.375, 55.625, 1.9304759665612376e-23, nan 
-56.125, 55.625, 1.7771692847452587e-23, nan 
-55.875, 55.625, 1.0731838243259855e-23, nan 
-55.625, 55.625, 1.0823077444893563e-23, nan 
-55.375, 55.625, 8.788775562748052e-24, nan 
-55.125, 55.625, 1.3372294514493406e-23, nan 
-54.875, 55.625, 1.1364426638819039e-23, nan 
-54.625, 55.625, 1.3002021571395515e-23, nan 
-54.375, 55.625, 1.233757749708426e-23, nan 
-54.125, 55.625, 9.361144463192305e-24, nan 
-53.875, 55.625, 1.2440198143905092e-23, nan 
-53.625, 55.625, 1.3281793821285862e-23, nan 
-53.375, 55.625, 9.314044577165038e-24, nan 
-53.125, 55.625, 1.6962789169331543e-23, nan 
-52.875, 55.625, 1.4210924644203822e-23, nan 
-52.625, 55.625, 9.8303903650907e-24, nan 
-52.375, 55.625, 2.2006099868550803e-23, nan 
-52.125, 55.625, 2.1404646131761856e-23, nan 
-51.875, 55.625, 1.1655754244723413e-23, nan 
-51.625, 55.625, 1.0410583498738406e-23, nan 
-51.375, 55.625, 1.5612201184721598e-23, nan 
-51.125, 55.625, 1.4125216981676945e-23, nan 
-50.875, 55.625, 1.2839360221336664e-23, nan 
-50.625, 55.625, 1.3975760811868718e-23, nan 
-50.375, 55.625, 1.1924719116655006e-23, nan 
-50.125, 55.625, 1.3197429271797511e-23, nan 
-49.875, 55.625, 1.9544636108607323e-23, nan 
-49.625, 55.625, 3.361970098369031e-23, nan 
-49.375, 55.625, 3.040006406760052e-23, nan 
-49.125, 55.625, 1.006034168972179e-23, nan 
-48.875, 55.625, 7.219548751693032e-24, nan 
-48.625, 55.625, 8.025815528755598e-24, nan 
-48.375, 55.625, 6.044006301713425e-24, nan 
-48.125, 55.625, 1.0049588263799373e-23, nan 
-47.875, 55.625, 1.3456539882571176e-23, nan 
-47.625, 55.625, 1.3988024739076262e-23, nan 
-47.375, 55.625, 2.180405657697554e-23, nan 
-47.125, 55.625, 3.0483812017478e-23, nan 
-46.875, 55.625, 2.798832914634482e-23, nan 
-46.625, 55.625, 1.9879040315028926e-23, nan 
-46.375, 55.625, 1.883306571839236e-23, nan 
-46.125, 55.625, 1.7217890885989837e-23, nan 
-45.875, 55.625, 1.4368724771486148e-23, nan 
-45.625, 55.625, 1.6442852324419814e-23, nan 
-45.375, 55.625, 2.68088537422867e-23, nan 
-45.125, 55.625, 2.728409693477106e-23, nan 
-44.875, 55.625, 2.3759879244067053e-23, nan 
-44.625, 55.625, 1.807970546690554e-23, nan 
-44.375, 55.625, 1.1765569631162e-23, nan 
-44.125, 55.625, 1.2440291057689516e-23, nan 
-43.875, 55.625, 1.0831975068598981e-23, nan 
-43.625, 55.625, 3.378739362770693e-23, nan 
-43.375, 55.625, 4.178328198438247e-23, nan 
-43.125, 55.625, 2.08327757886571e-23, nan 
-42.875, 55.625, 1.9509049853963448e-23, nan 
-42.625, 55.625, 2.3877382639703392e-23, nan 
-42.375, 55.625, 1.900733543837271e-23, nan 
-42.125, 55.625, 1.729560784470328e-23, nan 
-41.875, 55.625, 2.1322733739925355e-23, nan 
-41.625, 55.625, 2.3068325974321218e-23, nan 
-41.375, 55.625, 2.4369428780100023e-23, nan 
-41.125, 55.625, 1.988813676199698e-23, nan 
-40.875, 55.625, 2.7168919180625285e-23, nan 
-40.625, 55.625, 2.8047275045847176e-23, nan 
-40.375, 55.625, 3.359960313433117e-23, nan 
-40.125, 55.625, 1.79839560536569e-23, nan 
-39.875, 55.625, 1.2978552097970142e-23, nan 
-39.625, 55.625, 1.312056775780582e-23, nan 
-39.375, 55.625, 1.9217255357682162e-23, nan 
-39.125, 55.625, 4.030040943716538e-23, nan 
-38.875, 55.625, 3.9582215808293466e-23, nan 
-38.625, 55.625, 1.6146536596625252e-23, nan 
-38.375, 55.625, 2.79827593073539e-23, nan 
-38.125, 55.625, 6.411491521403368e-23, nan 
-37.875, 55.625, 5.321722538927945e-23, nan 
-37.625, 55.625, 1.9102024947795222e-23, nan 
-37.375, 55.625, 2.398383097356596e-23, nan 
-37.125, 55.625, 2.9423402493003446e-23, nan 
-36.875, 55.625, 2.4801191356164662e-23, nan 
-36.625, 55.625, 2.8916966037787135e-23, nan 
-36.375, 55.625, 4.434386337077585e-23, nan 
-36.125, 55.625, 2.565699499530299e-23, nan 
-35.875, 55.625, 4.9144501206672956e-23, nan 
-35.625, 55.625, 5.926997134599299e-23, nan 
-35.375, 55.625, 7.35762913368317e-23, nan 
-35.125, 55.625, 6.86329612925072e-23, nan 
-34.875, 55.625, 3.443902182780282e-23, nan 
-34.625, 55.625, 4.1913345565375785e-23, nan 
-34.375, 55.625, 3.3338941104481273e-23, nan 
-34.125, 55.625, 5.53473428301978e-23, nan 
-33.875, 55.625, 6.036695968005409e-23, nan 
-33.625, 55.625, 2.3038455777341418e-23, nan 
-33.375, 55.625, 2.6765847910823046e-23, nan 
-33.125, 55.625, 4.827953843562272e-23, nan 
-32.875, 55.625, 4.944427319842889e-23, nan 
-32.625, 55.625, 2.5718504570693928e-23, nan 
-32.375, 55.625, 2.3232374456599278e-23, nan 
-32.125, 55.625, 2.3621513585820717e-23, nan 
-31.875, 55.625, 8.077190146474432e-23, nan 
-31.625, 55.625, 8.763386848599917e-23, nan 
-31.375, 55.625, 4.131944904393718e-23, nan 
-31.125, 55.625, 3.0588725766374164e-23, nan 
-30.875, 55.625, 4.9960846673813396e-23, nan 
-30.625, 55.625, 5.431111091233276e-23, nan 
-30.375, 55.625, 5.416335979250049e-23, nan 
-30.125, 55.625, 4.405692182964212e-23, nan 
-29.875, 55.625, 2.674438142260324e-23, nan 
-29.625, 55.625, 3.8350031342421514e-23, nan 
-29.375, 55.625, 4.088733547407925e-23, nan 
-29.125, 55.625, 7.768447088052901e-23, nan 
-71.625, 55.875, 1.0219647615188258e-23, nan 
-71.375, 55.875, 1.0123863619987786e-23, nan 
-71.125, 55.875, 9.804043575477723e-24, nan 
-70.875, 55.875, 1.2132338023849163e-23, nan 
-70.625, 55.875, 1.35190833762328e-23, nan 
-70.375, 55.875, 1.3531626462166572e-23, nan 
-70.125, 55.875, 1.44473468262033e-23, nan 
-69.875, 55.875, 1.2546643088132429e-23, nan 
-69.625, 55.875, 1.1457677059653235e-23, nan 
-69.375, 55.875, 1.1625753424863644e-23, nan 
-69.125, 55.875, 1.1205965496321174e-23, nan 
-68.875, 55.875, 1.2112005470796535e-23, nan 
-68.625, 55.875, 7.474164971202913e-24, nan 
-68.375, 55.875, 1.0535126554614609e-23, nan 
-68.125, 55.875, 1.1258502057901412e-23, nan 
-67.875, 55.875, 7.584504973622227e-24, nan 
-67.625, 55.875, 5.617376318347742e-24, nan 
-67.375, 55.875, 9.329540558969e-24, nan 
-67.125, 55.875, 1.8510754893883546e-23, nan 
-66.875, 55.875, 3.057479083377505e-23, nan 
-66.625, 55.875, 7.613574915184709e-23, nan 
-66.375, 55.875, 2.6154504753658515e-22, nan 
-66.125, 55.875, 4.371125302037734e-22, nan 
-65.875, 55.875, 2.8529170144947337e-22, nan 
-65.625, 55.875, 1.916689051883485e-23, nan 
-65.375, 55.875, 1.2054536776229434e-23, nan 
-65.125, 55.875, 2.9515830723698113e-23, nan 
-64.875, 55.875, 4.34506297112852e-23, nan 
-64.625, 55.875, 3.2325089637831664e-23, nan 
-64.375, 55.875, 3.441432511243214e-23, nan 
-64.125, 55.875, 2.487115868593861e-23, nan 
-63.875, 55.875, 1.9164759803575374e-23, nan 
-63.625, 55.875, 1.6752771058038217e-23, nan 
-63.375, 55.875, 9.567550933102609e-24, nan 
-63.125, 55.875, 1.1434522266245736e-23, nan 
-62.875, 55.875, 1.0781724559880867e-23, nan 
-62.625, 55.875, 1.0649898929262394e-23, nan 
-62.375, 55.875, 1.766690037343127e-23, nan 
-62.125, 55.875, 3.4946418044791024e-23, nan 
-61.875, 55.875, 3.984497370371596e-23, nan 
-61.625, 55.875, 2.756190643464792e-23, nan 
-61.375, 55.875, 8.395905063036683e-24, nan 
-61.125, 55.875, 1.0401777246852985e-23, nan 
-60.875, 55.875, 1.3065086932593839e-23, nan 
-60.625, 55.875, 2.0070917431587305e-23, nan 
-60.375, 55.875, 2.108884466084748e-23, nan 
-60.125, 55.875, 3.854279351469011e-23, nan 
-59.875, 55.875, 3.784111580104959e-23, nan 
-59.625, 55.875, 1.664012358142971e-23, nan 
-59.375, 55.875, 1.4404944035115287e-23, nan 
-59.125, 55.875, 1.5504536716263683e-23, nan 
-58.875, 55.875, 1.2114846711153656e-23, nan 
-58.625, 55.875, 7.387118787101938e-24, nan 
-58.375, 55.875, 1.923775045152507e-23, nan 
-58.125, 55.875, 2.2713438424589092e-23, nan 
-57.875, 55.875, 2.488341383925878e-23, nan 
-57.625, 55.875, 2.6929725356936774e-23, nan 
-57.375, 55.875, 1.861141265797974e-23, nan 
-57.125, 55.875, 1.5253862252999583e-23, nan 
-56.875, 55.875, 2.0790472057298786e-23, nan 
-56.625, 55.875, 1.9355904147701613e-23, nan 
-56.375, 55.875, 1.4932888714913577e-23, nan 
-56.125, 55.875, 9.022328048772808e-24, nan 
-55.875, 55.875, 1.1718232250640738e-23, nan 
-55.625, 55.875, 1.1298186473908954e-23, nan 
-55.375, 55.875, 9.404635120729724e-24, nan 
-55.125, 55.875, 1.1018874328526164e-23, nan 
-54.875, 55.875, 1.1817499291006784e-23, nan 
-54.625, 55.875, 1.1816939055542028e-23, nan 
-54.375, 55.875, 5.90399705468039e-24, nan 
-54.125, 55.875, 1.440598247977225e-23, nan 
-53.875, 55.875, 2.254991842251735e-23, nan 
-53.625, 55.875, 2.4795707306734036e-23, nan 
-53.375, 55.875, 2.3963346286935394e-23, nan 
-53.125, 55.875, 2.1247136994367273e-23, nan 
-52.875, 55.875, 1.3929458552561545e-23, nan 
-52.625, 55.875, 1.2757294137051185e-23, nan 
-52.375, 55.875, 1.8922932352774592e-23, nan 
-52.125, 55.875, 1.4286889581491563e-23, nan 
-51.875, 55.875, 1.2388876334225292e-23, nan 
-51.625, 55.875, 1.1371798119093311e-23, nan 
-51.375, 55.875, 1.2544503724491915e-23, nan 
-51.125, 55.875, 1.239616835066389e-23, nan 
-50.875, 55.875, 1.3869778912655407e-23, nan 
-50.625, 55.875, 1.4108734066454666e-23, nan 
-50.375, 55.875, 1.621107977990263e-23, nan 
-50.125, 55.875, 1.4440820642820924e-23, nan 
-49.875, 55.875, 1.9790954932726077e-23, nan 
-49.625, 55.875, 1.9966478296368314e-23, nan 
-49.375, 55.875, 1.420089302329332e-23, nan 
-49.125, 55.875, 9.35031742269097e-24, nan 
-48.875, 55.875, 4.382434407891385e-24, nan 
-48.625, 55.875, 1.016341837519975e-23, nan 
-48.375, 55.875, 1.6425921030309565e-23, nan 
-48.125, 55.875, 1.518068516144447e-23, nan 
-47.875, 55.875, 1.8983287924356633e-23, nan 
-47.625, 55.875, 1.671336368049734e-23, nan 
-47.375, 55.875, 3.4515378697503844e-23, nan 
-47.125, 55.875, 4.042189575991541e-23, nan 
-46.875, 55.875, 2.3445896438981793e-23, nan 
-46.625, 55.875, 1.8690306732836546e-23, nan 
-46.375, 55.875, 2.1504886735502617e-23, nan 
-46.125, 55.875, 1.9265376036823745e-23, nan 
-45.875, 55.875, 1.5020271772263715e-23, nan 
-45.625, 55.875, 1.1560328681316275e-23, nan 
-45.375, 55.875, 1.0310333151060762e-23, nan 
-45.125, 55.875, 7.916646086273144e-24, nan 
-44.875, 55.875, 8.391535183161379e-24, nan 
-44.625, 55.875, 1.2231529194063658e-23, nan 
-44.375, 55.875, 1.5562462054752996e-23, nan 
-44.125, 55.875, 1.5434742813894187e-23, nan 
-43.875, 55.875, 1.691218660757658e-23, nan 
-43.625, 55.875, 2.1340157741256518e-23, nan 
-43.375, 55.875, 1.8343146265382762e-23, nan 
-43.125, 55.875, 2.0875428095878346e-23, nan 
-42.875, 55.875, 2.3231660775719506e-23, nan 
-42.625, 55.875, 2.35658575878666e-23, nan 
-42.375, 55.875, 1.515617930582786e-23, nan 
-42.125, 55.875, 2.0615093364970757e-23, nan 
-41.875, 55.875, 2.0780958078188405e-23, nan 
-41.625, 55.875, 1.7256833066324074e-23, nan 
-41.375, 55.875, 1.198881518271815e-23, nan 
-41.125, 55.875, 3.002017395081101e-23, nan 
-40.875, 55.875, 3.40464529385482e-23, nan 
-40.625, 55.875, 2.3227108667645964e-23, nan 
-40.375, 55.875, 1.6869003499309015e-23, nan 
-40.125, 55.875, 2.342052988080759e-23, nan 
-39.875, 55.875, 2.033677407030657e-23, nan 
-39.625, 55.875, 1.6621558256355226e-23, nan 
-39.375, 55.875, 2.1245359338833974e-23, nan 
-39.125, 55.875, 2.7732000999887545e-23, nan 
-38.875, 55.875, 2.3165928130879996e-23, nan 
-38.625, 55.875, 7.886052922333797e-24, nan 
-38.375, 55.875, 3.251930996018747e-23, nan 
-38.125, 55.875, 4.737553399733691e-23, nan 
-37.875, 55.875, 1.9591017443143967e-23, nan 
-37.625, 55.875, 2.829224795929643e-23, nan 
-37.375, 55.875, 5.405233573267593e-23, nan 
-37.125, 55.875, 5.82106841440561e-23, nan 
-36.875, 55.875, 2.264425883317106e-23, nan 
-36.625, 55.875, 2.7695945506041193e-23, nan 
-36.375, 55.875, 3.064453093578897e-23, nan 
-36.125, 55.875, 3.6120592434428145e-23, nan 
-35.875, 55.875, 5.818946998043882e-23, nan 
-35.625, 55.875, 6.804061034656855e-23, nan 
-35.375, 55.875, 4.151717606412774e-23, nan 
-35.125, 55.875, 4.1381043327451407e-23, nan 
-34.875, 55.875, 4.21621141017898e-23, nan 
-34.625, 55.875, 3.6994070991613204e-23, nan 
-34.375, 55.875, 2.302766874349285e-23, nan 
-34.125, 55.875, 4.093907916755118e-23, nan 
-33.875, 55.875, 4.8809111106344236e-23, nan 
-33.625, 55.875, 5.615598001958983e-23, nan 
-33.375, 55.875, 3.557969315375142e-23, nan 
-33.125, 55.875, 2.663737847462872e-23, nan 
-32.875, 55.875, 2.105515531395241e-23, nan 
-32.625, 55.875, 3.6713537775624756e-23, nan 
-32.375, 55.875, 3.7025133531516795e-23, nan 
-32.125, 55.875, 3.49235322149505e-23, nan 
-31.875, 55.875, 5.874537938154637e-23, nan 
-31.625, 55.875, 5.417910361456611e-23, nan 
-31.375, 55.875, 3.1480913372124455e-23, nan 
-31.125, 55.875, 4.0948104736567946e-23, nan 
-30.875, 55.875, 5.473040978822152e-23, nan 
-30.625, 55.875, 7.545193646198366e-23, nan 
-30.375, 55.875, 6.648896330444577e-23, nan 
-30.125, 55.875, 7.736088343443812e-23, nan 
-29.875, 55.875, 1.0965969738906562e-22, nan 
-29.625, 55.875, 1.0555689623517337e-22, nan 
-29.375, 55.875, 3.150767480614843e-23, nan 
-29.125, 55.875, 3.5837297873190625e-23, nan 
-28.875, 55.875, 7.795152925465953e-23, nan 
-28.625, 55.875, 1.6460552764772985e-22, nan 
-28.375, 55.875, 2.4111651843426187e-22, nan 
-72.125, 56.125, 8.28245251043667e-24, nan 
-71.875, 56.125, 9.891487994370674e-24, nan 
-71.625, 56.125, 1.0738044490617004e-23, nan 
-71.375, 56.125, 1.1193599738674398e-23, nan 
-71.125, 56.125, 1.2317215952257119e-23, nan 
-70.875, 56.125, 1.2230643843970851e-23, nan 
-70.625, 56.125, 1.3494970331966114e-23, nan 
-70.375, 56.125, 1.3775616272145757e-23, nan 
-70.125, 56.125, 1.4048308787528743e-23, nan 
-69.875, 56.125, 1.399008876400206e-23, nan 
-69.625, 56.125, 1.2008712997838799e-23, nan 
-69.375, 56.125, 1.025636451443313e-23, nan 
-69.125, 56.125, 9.549410609263304e-24, nan 
-68.875, 56.125, 8.75228540095714e-24, nan 
-68.625, 56.125, 1.1088463526994408e-23, nan 
-68.375, 56.125, 1.3901529094072704e-23, nan 
-68.125, 56.125, 9.391977333118377e-24, nan 
-67.875, 56.125, 4.0812530562487356e-24, nan 
-67.625, 56.125, 8.168943184286765e-24, nan 
-67.375, 56.125, 9.157930167830216e-24, nan 
-67.125, 56.125, 6.349097958801089e-24, nan 
-66.875, 56.125, 2.3678500431788073e-23, nan 
-66.625, 56.125, 3.0985632097600255e-23, nan 
-66.375, 56.125, 3.6852429511381187e-23, nan 
-66.125, 56.125, 1.5616760954727158e-22, nan 
-65.875, 56.125, 1.8063176728817387e-23, nan 
-65.625, 56.125, 2.2569474669754746e-23, nan 
-65.375, 56.125, 2.0098084168178877e-23, nan 
-65.125, 56.125, 2.6029480419585766e-23, nan 
-64.875, 56.125, 3.8516410299949684e-23, nan 
-64.625, 56.125, 4.550369340985451e-23, nan 
-64.375, 56.125, 3.9312571200629894e-23, nan 
-64.125, 56.125, 1.7631529132944358e-23, nan 
-63.875, 56.125, 1.403748164933731e-23, nan 
-63.625, 56.125, 1.4651418119153696e-23, nan 
-63.375, 56.125, 1.4798309443582224e-23, nan 
-63.125, 56.125, 1.3636635630195135e-23, nan 
-62.875, 56.125, 1.6206131489313717e-23, nan 
-62.625, 56.125, 1.5923342942349746e-23, nan 
-62.375, 56.125, 1.283608957531601e-23, nan 
-62.125, 56.125, 2.783611780902414e-23, nan 
-61.875, 56.125, 2.3426668619562927e-23, nan 
-61.625, 56.125, 1.3962653646070932e-23, nan 
-61.375, 56.125, 1.5554978943431998e-23, nan 
-61.125, 56.125, 1.8096150463157277e-23, nan 
-60.875, 56.125, 1.5695358388847002e-23, nan 
-60.625, 56.125, 1.2252107081606131e-23, nan 
-60.375, 56.125, 1.9083611459780426e-23, nan 
-60.125, 56.125, 2.3437360018346812e-23, nan 
-59.875, 56.125, 2.444067234483453e-23, nan 
-59.625, 56.125, 2.297140360608565e-23, nan 
-59.375, 56.125, 9.771295713503854e-24, nan 
-59.125, 56.125, 1.4181197403145727e-23, nan 
-58.875, 56.125, 1.3360057523891327e-23, nan 
-58.625, 56.125, 1.965445397052991e-23, nan 
-58.375, 56.125, 3.000115378902638e-23, nan 
-58.125, 56.125, 2.462448439792151e-23, nan 
-57.875, 56.125, 2.6180331847976073e-23, nan 
-57.625, 56.125, 2.3506545198778865e-23, nan 
-57.375, 56.125, 1.447492767102254e-23, nan 
-57.125, 56.125, 1.6931821658393536e-23, nan 
-56.875, 56.125, 2.2521918597393495e-23, nan 
-56.625, 56.125, 1.4136933104046486e-23, nan 
-56.375, 56.125, 1.1545631184289544e-23, nan 
-56.125, 56.125, 1.6255661697203028e-23, nan 
-55.875, 56.125, 1.676437598759678e-23, nan 
-55.625, 56.125, 1.4578467135291333e-23, nan 
-55.375, 56.125, 1.6756619189813235e-23, nan 
-55.125, 56.125, 1.413091372462757e-23, nan 
-54.875, 56.125, 9.745898312685014e-24, nan 
-54.625, 56.125, 9.727965047851066e-24, nan 
-54.375, 56.125, 1.534134174631189e-23, nan 
-54.125, 56.125, 1.504632227867476e-23, nan 
-53.875, 56.125, 2.0282229618870478e-23, nan 
-53.625, 56.125, 2.0552253082939043e-23, nan 
-53.375, 56.125, 1.7220799778562972e-23, nan 
-53.125, 56.125, 1.329427134341607e-23, nan 
-52.875, 56.125, 1.1130771763127394e-23, nan 
-52.625, 56.125, 1.3531586725172272e-23, nan 
-52.375, 56.125, 1.474789475628806e-23, nan 
-52.125, 56.125, 1.1285557165171384e-23, nan 
-51.875, 56.125, 1.0659092726231376e-23, nan 
-51.625, 56.125, 8.976456664398035e-24, nan 
-51.375, 56.125, 1.0918205405654453e-23, nan 
-51.125, 56.125, 1.0776650571370613e-23, nan 
-50.875, 56.125, 8.210175137854468e-24, nan 
-50.625, 56.125, 7.517948054126068e-24, nan 
-50.375, 56.125, 1.2544546916816541e-23, nan 
-50.125, 56.125, 1.2811333147238148e-23, nan 
-49.875, 56.125, 1.1585134841609355e-23, nan 
-49.625, 56.125, 1.694085609819153e-23, nan 
-49.375, 56.125, 1.5708594443709787e-23, nan 
-49.125, 56.125, 1.9564290546192356e-24, nan 
-48.875, 56.125, 3.2770238021273944e-24, nan 
-48.625, 56.125, 1.1218601324828532e-23, nan 
-48.375, 56.125, 1.6618031165912056e-23, nan 
-48.125, 56.125, 2.8411433777038837e-23, nan 
-47.875, 56.125, 2.9957779003895997e-23, nan 
-47.625, 56.125, 2.828283087651794e-23, nan 
-47.375, 56.125, 4.475408647785078e-23, nan 
-47.125, 56.125, 4.128063397431116e-23, nan 
-46.875, 56.125, 2.293944323694945e-23, nan 
-46.625, 56.125, 2.0950263103053156e-23, nan 
-46.375, 56.125, 2.4104922607619316e-23, nan 
-46.125, 56.125, 1.9246548365737587e-23, nan 
-45.875, 56.125, 2.4568782508351416e-24, nan 
-45.625, 56.125, 9.063288945416337e-24, nan 
-45.375, 56.125, 1.03079533872233e-23, nan 
-45.125, 56.125, 8.159717698208496e-24, nan 
-44.875, 56.125, 9.305318084672106e-24, nan 
-44.625, 56.125, 2.0075026856589717e-23, nan 
-44.375, 56.125, 1.9912419903843274e-23, nan 
-44.125, 56.125, 1.2287211047801282e-23, nan 
-43.875, 56.125, 1.8963602479281204e-23, nan 
-43.625, 56.125, 1.9332171078712328e-23, nan 
-43.375, 56.125, 1.5821110204108972e-23, nan 
-43.125, 56.125, 1.9665874481623708e-23, nan 
-42.875, 56.125, 1.8855877800487316e-23, nan 
-42.625, 56.125, 1.1416129048277298e-23, nan 
-42.375, 56.125, 1.4862538733715268e-23, nan 
-42.125, 56.125, 1.472727002027132e-23, nan 
-41.875, 56.125, 1.3728138847374906e-23, nan 
-41.625, 56.125, 1.1955784651808772e-23, nan 
-41.375, 56.125, 1.779312416722724e-23, nan 
-41.125, 56.125, 2.116512628630905e-23, nan 
-40.875, 56.125, 1.6220105893823836e-23, nan 
-40.625, 56.125, 2.3701912322681277e-23, nan 
-40.375, 56.125, 2.6336550506858424e-23, nan 
-40.125, 56.125, 2.91524602084891e-23, nan 
-39.875, 56.125, 3.115958959395855e-23, nan 
-39.625, 56.125, 3.619857730750739e-23, nan 
-39.375, 56.125, 2.8728867566415507e-23, nan 
-39.125, 56.125, 2.400344391153067e-23, nan 
-38.875, 56.125, 1.9876591953613338e-23, nan 
-38.625, 56.125, 1.3017159589672947e-23, nan 
-38.375, 56.125, 1.2237328061863937e-23, nan 
-38.125, 56.125, 1.374381966475978e-23, nan 
-37.875, 56.125, 1.99667509993124e-23, nan 
-37.625, 56.125, 5.680270458304615e-23, nan 
-37.375, 56.125, 7.575539683400912e-23, nan 
-37.125, 56.125, 8.962125335573316e-23, nan 
-36.875, 56.125, 4.9616802828041474e-23, nan 
-36.625, 56.125, 3.8440195007688926e-23, nan 
-36.375, 56.125, 4.7648170616921533e-23, nan 
-36.125, 56.125, 5.755204104480375e-23, nan 
-35.875, 56.125, 4.981998073609716e-23, nan 
-35.625, 56.125, 5.1112261622424514e-23, nan 
-35.375, 56.125, 4.8068983583660965e-23, nan 
-35.125, 56.125, 5.2530284038114014e-23, nan 
-34.875, 56.125, 3.825411565830966e-23, nan 
-34.625, 56.125, 4.4578133263553805e-23, nan 
-34.375, 56.125, 8.225072871267659e-23, nan 
-34.125, 56.125, 7.715645444459687e-23, nan 
-33.875, 56.125, 5.194532703280277e-23, nan 
-33.625, 56.125, 6.707215028138762e-23, nan 
-33.375, 56.125, 5.156063332516083e-23, nan 
-33.125, 56.125, 3.540188863819476e-23, nan 
-32.875, 56.125, 2.1750083252389037e-23, nan 
-32.625, 56.125, 4.670056172508846e-23, nan 
-32.375, 56.125, 4.958105505312892e-23, nan 
-32.125, 56.125, 7.079339688206483e-23, nan 
-31.875, 56.125, 9.04151948094742e-23, nan 
-31.625, 56.125, 8.140395949513536e-23, nan 
-31.375, 56.125, 7.13220097058426e-23, nan 
-31.125, 56.125, 5.0103040515798544e-23, nan 
-30.875, 56.125, 4.8912179069846514e-23, nan 
-30.625, 56.125, 7.310521267138108e-23, nan 
-30.375, 56.125, 9.760663464636129e-23, nan 
-30.125, 56.125, 1.0536956065334727e-22, nan 
-29.875, 56.125, 1.2838174390479973e-22, nan 
-29.625, 56.125, 1.6793833010372858e-22, nan 
-29.375, 56.125, 1.2830210188796027e-22, nan 
-29.125, 56.125, 8.125450411335408e-23, nan 
-28.875, 56.125, 1.12463072024708e-22, nan 
-28.625, 56.125, 1.4936106911668834e-22, nan 
-28.375, 56.125, 1.7579165767004845e-22, nan 
-28.125, 56.125, 1.6446265839470296e-22, nan 
-27.875, 56.125, 1.9400082764358228e-22, nan 
-27.625, 56.125, 1.8998569601878372e-22, nan 
-72.375, 56.375, 9.244493921365022e-24, nan 
-72.125, 56.375, 8.634640037770142e-24, nan 
-71.875, 56.375, 8.023688863890183e-24, nan 
-71.625, 56.375, 1.175520284316456e-23, nan 
-71.375, 56.375, 1.406846341037081e-23, nan 
-71.125, 56.375, 1.4328297756825984e-23, nan 
-70.875, 56.375, 1.2940854493625438e-23, nan 
-70.625, 56.375, 1.3158380076573354e-23, nan 
-70.375, 56.375, 1.3300301977392077e-23, nan 
-70.125, 56.375, 1.3182822129259524e-23, nan 
-69.875, 56.375, 1.1452623906744877e-23, nan 
-69.625, 56.375, 9.508915077454789e-24, nan 
-69.375, 56.375, 9.45104556364277e-24, nan 
-69.125, 56.375, 1.1332187198556275e-23, nan 
-68.875, 56.375, 1.2147585985093675e-23, nan 
-68.625, 56.375, 1.1505046196583033e-23, nan 
-68.375, 56.375, 9.799503915788591e-24, nan 
-68.125, 56.375, 6.674957777375653e-24, nan 
-67.875, 56.375, 7.683305503381055e-24, nan 
-67.625, 56.375, 6.476904422404069e-24, nan 
-67.375, 56.375, 9.914285901639825e-24, nan 
-67.125, 56.375, 9.51106131503941e-24, nan 
-66.875, 56.375, 8.591382403411377e-24, nan 
-66.625, 56.375, 1.871120164296764e-23, nan 
-66.375, 56.375, 1.7285165280332148e-23, nan 
-66.125, 56.375, 1.1235191527727865e-23, nan 
-65.875, 56.375, 2.4873428990292375e-23, nan 
-65.625, 56.375, 2.815374148435209e-23, nan 
-65.375, 56.375, 2.24879377291575e-23, nan 
-65.125, 56.375, 3.589506150980306e-23, nan 
-64.875, 56.375, 3.9322571112255167e-23, nan 
-64.625, 56.375, 3.29092825922445e-23, nan 
-64.375, 56.375, 1.455932142611559e-23, nan 
-64.125, 56.375, 1.2661814677714397e-23, nan 
-63.875, 56.375, 1.1045689341816873e-23, nan 
-63.625, 56.375, 1.2447851355322563e-23, nan 
-63.375, 56.375, 1.2159333077152592e-23, nan 
-63.125, 56.375, 1.5246919396418842e-23, nan 
-62.875, 56.375, 1.7148751255927806e-23, nan 
-62.625, 56.375, 1.5793821912027616e-23, nan 
-62.375, 56.375, 1.0906877266598266e-23, nan 
-62.125, 56.375, 1.4118968089417676e-23, nan 
-61.875, 56.375, 2.3592038681073348e-23, nan 
-61.625, 56.375, 2.4993474113098207e-23, nan 
-61.375, 56.375, 1.6199460624355364e-23, nan 
-61.125, 56.375, 1.6148672120049658e-23, nan 
-60.875, 56.375, 8.898148024571317e-24, nan 
-60.625, 56.375, 7.628733911970703e-24, nan 
-60.375, 56.375, 1.1680729870559201e-23, nan 
-60.125, 56.375, 1.7687571145909663e-23, nan 
-59.875, 56.375, 2.0180236249852874e-23, nan 
-59.625, 56.375, 1.6317673765629326e-23, nan 
-59.375, 56.375, 8.324912347577257e-24, nan 
-59.125, 56.375, 1.3043013790429803e-23, nan 
-58.875, 56.375, 1.9189212828546798e-23, nan 
-58.625, 56.375, 2.8416578066113776e-23, nan 
-58.375, 56.375, 2.837179343027182e-23, nan 
-58.125, 56.375, 1.7547006049904647e-23, nan 
-57.875, 56.375, 2.058118017024035e-23, nan 
-57.625, 56.375, 1.3233271127515966e-23, nan 
-57.375, 56.375, 1.2001513507960119e-23, nan 
-57.125, 56.375, 2.5902567806803494e-23, nan 
-56.875, 56.375, 2.1650725900608784e-23, nan 
-56.625, 56.375, 1.4750405041694507e-23, nan 
-56.375, 56.375, 1.754800343583057e-23, nan 
-56.125, 56.375, 1.492920094814776e-23, nan 
-55.875, 56.375, 1.417753920758858e-23, nan 
-55.625, 56.375, 1.2198862899816263e-23, nan 
-55.375, 56.375, 1.3989259847875692e-23, nan 
-55.125, 56.375, 1.1885500211571998e-23, nan 
-54.875, 56.375, 7.365733549745844e-24, nan 
-54.625, 56.375, 1.0073954716415536e-23, nan 
-54.375, 56.375, 1.6699900599261806e-23, nan 
-54.125, 56.375, 1.3067921343597945e-23, nan 
-53.875, 56.375, 1.5834445190838036e-23, nan 
-53.625, 56.375, 1.215298316203865e-23, nan 
-53.375, 56.375, 1.2431194311818938e-23, nan 
-53.125, 56.375, 1.0719659669095821e-23, nan 
-52.875, 56.375, 9.315288321710343e-24, nan 
-52.625, 56.375, 1.2300573664823065e-23, nan 
-52.375, 56.375, 1.0268738431010253e-23, nan 
-52.125, 56.375, 8.408053575282902e-24, nan 
-51.875, 56.375, 1.0099914297060615e-23, nan 
-51.625, 56.375, 1.0886547018863236e-23, nan 
-51.375, 56.375, 1.2657814092055144e-23, nan 
-51.125, 56.375, 1.0093649285786798e-23, nan 
-50.875, 56.375, 1.0612458724300966e-23, nan 
-50.625, 56.375, 1.17891519233214e-23, nan 
-50.375, 56.375, 2.1669199903951736e-23, nan 
-50.125, 56.375, 1.8206176862167652e-23, nan 
-49.875, 56.375, 8.494429084295247e-24, nan 
-49.625, 56.375, 6.174240634909643e-24, nan 
-49.375, 56.375, 7.90818305865513e-24, nan 
-49.125, 56.375, 6.0223906503496366e-24, nan 
-48.875, 56.375, 1.6687709435521183e-23, nan 
-48.625, 56.375, 2.2113504550232066e-23, nan 
-48.375, 56.375, 1.941830613148777e-23, nan 
-48.125, 56.375, 3.3972833610788473e-23, nan 
-47.875, 56.375, 5.476801561142332e-23, nan 
-47.625, 56.375, 4.829990584763008e-23, nan 
-47.375, 56.375, 3.64963267451105e-23, nan 
-47.125, 56.375, 2.585179515998349e-23, nan 
-46.875, 56.375, 1.782733024295887e-23, nan 
-46.625, 56.375, 1.6176272341173946e-23, nan 
-46.375, 56.375, 1.3971181329223633e-23, nan 
-46.125, 56.375, 1.0210172244626751e-23, nan 
-45.875, 56.375, 1.3200744889020402e-23, nan 
-45.625, 56.375, 1.5689990393109913e-23, nan 
-45.375, 56.375, 1.4997117931683384e-23, nan 
-45.125, 56.375, 1.326707081282712e-23, nan 
-44.875, 56.375, 2.015263501049636e-23, nan 
-44.625, 56.375, 2.2215976974055377e-23, nan 
-44.375, 56.375, 1.329792098962629e-23, nan 
-44.125, 56.375, 9.374322436396054e-24, nan 
-43.875, 56.375, 1.4458638474862032e-23, nan 
-43.625, 56.375, 9.12906324286838e-24, nan 
-43.375, 56.375, 1.6953102970135674e-23, nan 
-43.125, 56.375, 1.9762424176519433e-23, nan 
-42.875, 56.375, 1.6876987610289994e-23, nan 
-42.625, 56.375, 1.2763052770851427e-23, nan 
-42.375, 56.375, 1.2293723259683074e-23, nan 
-42.125, 56.375, 1.045664555032705e-23, nan 
-41.875, 56.375, 1.2961304506161073e-23, nan 
-41.625, 56.375, 1.7472303786125892e-23, nan 
-41.375, 56.375, 1.4444779939699783e-23, nan 
-41.125, 56.375, 2.5258579845781125e-23, nan 
-40.875, 56.375, 3.182501132524613e-23, nan 
-40.625, 56.375, 2.3583700898667713e-23, nan 
-40.375, 56.375, 1.7052469672651664e-23, nan 
-40.125, 56.375, 2.5369536789898386e-23, nan 
-39.875, 56.375, 2.4309900426321368e-23, nan 
-39.625, 56.375, 2.1607221662135088e-23, nan 
-39.375, 56.375, 1.9531601606447587e-23, nan 
-39.125, 56.375, 1.8234838292468697e-23, nan 
-38.875, 56.375, 2.18864495650736e-23, nan 
-38.625, 56.375, 2.260790108326323e-23, nan 
-38.375, 56.375, 1.566807716573491e-23, nan 
-38.125, 56.375, 3.387089052445978e-23, nan 
-37.875, 56.375, 1.1651405544180455e-22, nan 
-37.625, 56.375, 2.464694664562242e-22, nan 
-37.375, 56.375, 8.53607244751526e-22, nan 
-37.125, 56.375, 1.3831719465375063e-22, nan 
-36.875, 56.375, 1.0165613067682748e-22, nan 
-36.625, 56.375, 8.176575088344917e-23, nan 
-36.375, 56.375, 9.17472828404831e-23, nan 
-36.125, 56.375, 1.437649801881047e-22, nan 
-35.875, 56.375, 8.761951799527642e-23, nan 
-35.625, 56.375, 4.4713266482650344e-23, nan 
-35.375, 56.375, 4.549770901674107e-23, nan 
-35.125, 56.375, 7.625980102856896e-23, nan 
-34.875, 56.375, 1.0403612067944722e-22, nan 
-34.625, 56.375, 1.0157776811649828e-22, nan 
-34.375, 56.375, 1.1981799527613434e-22, nan 
-34.125, 56.375, 1.0125182173214005e-22, nan 
-33.875, 56.375, 7.311843174959074e-23, nan 
-33.625, 56.375, 9.044241929910658e-23, nan 
-33.375, 56.375, 7.060474373092646e-23, nan 
-33.125, 56.375, 7.942502599205482e-23, nan 
-32.875, 56.375, 7.835064957921472e-23, nan 
-32.625, 56.375, 8.322395247003865e-23, nan 
-32.375, 56.375, 7.237211913453329e-23, nan 
-32.125, 56.375, 1.0920987239890872e-22, nan 
-31.875, 56.375, 1.2467556044369068e-22, nan 
-31.625, 56.375, 9.302417256714635e-23, nan 
-31.375, 56.375, 8.610686813697344e-23, nan 
-31.125, 56.375, 1.2393714508176654e-22, nan 
-30.875, 56.375, 1.095232398428726e-22, nan 
-30.625, 56.375, 3.969265222434885e-23, nan 
-30.375, 56.375, 5.818758808888751e-23, nan 
-30.125, 56.375, 6.942966809987839e-23, nan 
-29.875, 56.375, 1.7941058712368559e-22, nan 
-29.625, 56.375, 1.730225447065487e-22, nan 
-29.375, 56.375, 1.2333513593597273e-22, nan 
-29.125, 56.375, 9.080122717424107e-23, nan 
-28.875, 56.375, 1.8589399406340495e-22, nan 
-28.625, 56.375, 1.967336376784262e-22, nan 
-28.375, 56.375, 1.795227672658509e-22, nan 
-28.125, 56.375, 1.4094779529758947e-22, nan 
-27.875, 56.375, 1.2557765288351843e-22, nan 
-27.625, 56.375, 1.311361489715443e-22, nan 
-27.375, 56.375, 1.3938859957458015e-22, nan 
-27.125, 56.375, 1.239632941500972e-22, nan 
-72.625, 56.625, 1.2357330943947462e-23, nan 
-72.375, 56.625, 1.0035765959100122e-23, nan 
-72.125, 56.625, 7.055474098961423e-24, nan 
-71.875, 56.625, 9.502209049328346e-24, nan 
-71.625, 56.625, 1.430640154672577e-23, nan 
-71.375, 56.625, 1.58788273719605e-23, nan 
-71.125, 56.625, 1.2564168050911104e-23, nan 
-70.875, 56.625, 9.18307110253872e-24, nan 
-70.625, 56.625, 1.5129957988808388e-23, nan 
-70.375, 56.625, 1.5753075430483797e-23, nan 
-70.125, 56.625, 1.115034391468311e-23, nan 
-69.875, 56.625, 1.226333817980827e-23, nan 
-69.625, 56.625, 1.0977425954039457e-23, nan 
-69.375, 56.625, 7.066720058525043e-24, nan 
-69.125, 56.625, 7.888135869102257e-24, nan 
-68.875, 56.625, 9.573066398609332e-24, nan 
-68.625, 56.625, 1.0364831592868405e-23, nan 
-68.375, 56.625, 1.3578735754601647e-23, nan 
-68.125, 56.625, 1.2003432621388365e-23, nan 
-67.875, 56.625, 6.50917880492214e-24, nan 
-67.625, 56.625, 1.2705211124251191e-23, nan 
-67.375, 56.625, 1.4032269141775994e-23, nan 
-67.125, 56.625, 9.431376754124834e-24, nan 
-66.875, 56.625, 6.62146865752242e-24, nan 
-66.625, 56.625, 1.296298292909653e-23, nan 
-66.375, 56.625, 1.651859069032291e-23, nan 
-66.125, 56.625, 1.2766697179843774e-23, nan 
-65.875, 56.625, 2.39261129014338e-23, nan 
-65.625, 56.625, 2.3890853623949793e-23, nan 
-65.375, 56.625, 2.0819511612027794e-23, nan 
-65.125, 56.625, 1.81065087496447e-23, nan 
-64.875, 56.625, 1.1921817841865962e-23, nan 
-64.625, 56.625, 7.8450049770494e-24, nan 
-64.375, 56.625, 1.0072470743645965e-23, nan 
-64.125, 56.625, 1.4899260017051196e-23, nan 
-63.875, 56.625, 1.521420916173883e-23, nan 
-63.625, 56.625, 1.6300521319890405e-23, nan 
-63.375, 56.625, 1.6437489794862933e-23, nan 
-63.125, 56.625, 1.3855463833036786e-23, nan 
-62.875, 56.625, 8.499827667782573e-24, nan 
-62.625, 56.625, 1.4229700476722707e-23, nan 
-62.375, 56.625, 1.5352193736414276e-23, nan 
-62.125, 56.625, 1.5414029569233818e-23, nan 
-61.875, 56.625, 1.6830742659156425e-23, nan 
-61.625, 56.625, 1.6139820750141062e-23, nan 
-61.375, 56.625, 2.096185321963033e-23, nan 
-61.125, 56.625, 1.9307338552157288e-23, nan 
-60.875, 56.625, 8.565966696703788e-24, nan 
-60.625, 56.625, 1.315094657829433e-23, nan 
-60.375, 56.625, 2.1616699226409632e-23, nan 
-60.125, 56.625, 2.1525968355367706e-23, nan 
-59.875, 56.625, 1.8575145683623693e-23, nan 
-59.625, 56.625, 9.448984664383097e-24, nan 
-59.375, 56.625, 1.5984163233919048e-23, nan 
-59.125, 56.625, 2.128847812369913e-23, nan 
-58.875, 56.625, 2.1984521232521096e-23, nan 
-58.625, 56.625, 2.4200347796678456e-23, nan 
-58.375, 56.625, 2.004199536744097e-23, nan 
-58.125, 56.625, 1.6372273950858703e-23, nan 
-57.875, 56.625, 1.5546567505988327e-23, nan 
-57.625, 56.625, 1.9382096111449816e-23, nan 
-57.375, 56.625, 1.8413308205257546e-23, nan 
-57.125, 56.625, 1.7809089348872467e-23, nan 
-56.875, 56.625, 1.8808041392613466e-23, nan 
-56.625, 56.625, 2.111089131653629e-23, nan 
-56.375, 56.625, 1.5546404814931464e-23, nan 
-56.125, 56.625, 1.0340111988844039e-23, nan 
-55.875, 56.625, 1.080104984658935e-23, nan 
-55.625, 56.625, 8.169693961558614e-24, nan 
-55.375, 56.625, 9.602956414563291e-24, nan 
-55.125, 56.625, 1.5509591436670044e-23, nan 
-54.875, 56.625, 1.306923019390162e-23, nan 
-54.625, 56.625, 1.8190679024943967e-23, nan 
-54.375, 56.625, 1.821605646905664e-23, nan 
-54.125, 56.625, 1.619933584242413e-23, nan 
-53.875, 56.625, 1.814498326991923e-23, nan 
-53.625, 56.625, 1.7328571421029896e-23, nan 
-53.375, 56.625, 1.5440339073250172e-23, nan 
-53.125, 56.625, 1.384575841978023e-23, nan 
-52.875, 56.625, 1.0505440658872118e-23, nan 
-52.625, 56.625, 8.59250617759369e-24, nan 
-52.375, 56.625, 1.0420325844887217e-23, nan 
-52.125, 56.625, 1.6966565679518953e-23, nan 
-51.875, 56.625, 1.9140281500436383e-23, nan 
-51.625, 56.625, 1.4641116221496073e-23, nan 
-51.375, 56.625, 1.42343571620836e-23, nan 
-51.125, 56.625, 1.810032851665813e-23, nan 
-50.875, 56.625, 1.9111290010479802e-23, nan 
-50.625, 56.625, 1.6149471736552532e-23, nan 
-50.375, 56.625, 1.8057673705218265e-23, nan 
-50.125, 56.625, 1.187195281309007e-23, nan 
-49.875, 56.625, 1.6326726142099696e-23, nan 
-49.625, 56.625, 2.1125661817567777e-23, nan 
-49.375, 56.625, 1.8775771624188644e-23, nan 
-49.125, 56.625, 2.014301463658808e-23, nan 
-48.875, 56.625, 2.427703725740828e-23, nan 
-48.625, 56.625, 1.734298346348381e-23, nan 
-48.375, 56.625, 7.817827564966281e-24, nan 
-48.125, 56.625, 1.5883329472621678e-23, nan 
-47.875, 56.625, 3.5198404208487576e-23, nan 
-47.625, 56.625, 2.254606473953229e-23, nan 
-47.375, 56.625, 1.3802072800914936e-23, nan 
-47.125, 56.625, 1.7403106879890995e-23, nan 
-46.875, 56.625, 2.2978134432766117e-23, nan 
-46.625, 56.625, 2.1509425077866777e-23, nan 
-46.375, 56.625, 1.5076219959090666e-23, nan 
-46.125, 56.625, 1.915546073319986e-23, nan 
-45.875, 56.625, 1.8234579972662706e-23, nan 
-45.625, 56.625, 8.554602276724038e-24, nan 
-45.375, 56.625, 7.739248748363413e-24, nan 
-45.125, 56.625, 1.800456951641822e-23, nan 
-44.875, 56.625, 2.335224023529028e-23, nan 
-44.625, 56.625, 1.8159565061550845e-23, nan 
-44.375, 56.625, 1.6099308279362727e-23, nan 
-44.125, 56.625, 2.4866390815837737e-23, nan 
-43.875, 56.625, 2.1239322484138734e-23, nan 
-43.625, 56.625, 1.1942740512370616e-23, nan 
-43.375, 56.625, 1.6148497385624636e-23, nan 
-43.125, 56.625, 1.5649984498464162e-23, nan 
-42.875, 56.625, 1.1844110463157543e-23, nan 
-42.625, 56.625, 7.135380708656072e-24, nan 
-42.375, 56.625, 1.3572141395167544e-23, nan 
-42.125, 56.625, 1.956284971875848e-23, nan 
-41.875, 56.625, 2.4651521375686314e-23, nan 
-41.625, 56.625, 2.1507295056704774e-23, nan 
-41.375, 56.625, 2.0409023942351156e-23, nan 
-41.125, 56.625, 3.3170592111590884e-23, nan 
-40.875, 56.625, 2.858795490967455e-23, nan 
-40.625, 56.625, 1.1626303660017577e-23, nan 
-40.375, 56.625, 1.939518681035484e-23, nan 
-40.125, 56.625, 2.8802836286428837e-23, nan 
-39.875, 56.625, 2.690012488063961e-23, nan 
-39.625, 56.625, 3.4114670537687156e-23, nan 
-39.375, 56.625, 3.2239381368788607e-23, nan 
-39.125, 56.625, 2.0654587911026708e-23, nan 
-38.875, 56.625, 2.8743697176232564e-23, nan 
-38.625, 56.625, 3.8134252558040225e-23, nan 
-38.375, 56.625, 5.314415854321052e-23, nan 
-38.125, 56.625, 1.5966899722131547e-22, nan 
-37.875, 56.625, 5.829766059702256e-22, nan 
-37.625, 56.625, 1.3921253162728692e-21, nan 
-37.375, 56.625, 2.2796206091026134e-21, nan 
-37.125, 56.625, 1.797185061051454e-21, nan 
-36.875, 56.625, 2.6707401341063107e-22, nan 
-36.625, 56.625, 1.4312522902453057e-22, nan 
-36.375, 56.625, 6.971976232318795e-23, nan 
-36.125, 56.625, 1.0940481565424146e-22, nan 
-35.875, 56.625, 6.932013695174704e-23, nan 
-35.625, 56.625, 5.924781180723288e-23, nan 
-35.375, 56.625, 1.210526220601082e-22, nan 
-35.125, 56.625, 1.4295908726154388e-22, nan 
-34.875, 56.625, 1.1054729107525642e-22, nan 
-34.625, 56.625, 1.171891736622453e-22, nan 
-34.375, 56.625, 1.278625156467949e-22, nan 
-34.125, 56.625, 1.2089278010149333e-22, nan 
-33.875, 56.625, 1.1505308770719621e-22, nan 
-33.625, 56.625, 1.3795721684858015e-22, nan 
-33.375, 56.625, 8.702898299218363e-23, nan 
-33.125, 56.625, 7.098170609508046e-23, nan 
-32.875, 56.625, 7.07071404440756e-23, nan 
-32.625, 56.625, 9.564602469996245e-23, nan 
-32.375, 56.625, 1.0995291357436156e-22, nan 
-32.125, 56.625, 1.4789927160799438e-22, nan 
-31.875, 56.625, 1.3713371395605752e-22, nan 
-31.625, 56.625, 1.2640633991834056e-22, nan 
-31.375, 56.625, 9.316688005173015e-23, nan 
-31.125, 56.625, 7.405430868174651e-23, nan 
-30.875, 56.625, 7.982588974066825e-23, nan 
-30.625, 56.625, 7.102962326893956e-23, nan 
-30.375, 56.625, 7.389081965903613e-23, nan 
-30.125, 56.625, 8.512149423289388e-23, nan 
-29.875, 56.625, 1.2028716770205316e-22, nan 
-29.625, 56.625, 5.877884657203134e-23, nan 
-29.375, 56.625, 7.460292116646086e-23, nan 
-29.125, 56.625, 1.4307764101013592e-22, nan 
-28.875, 56.625, 1.706093471777273e-22, nan 
-28.625, 56.625, 5.523835824828654e-23, nan 
-28.375, 56.625, 9.061511227788195e-23, nan 
-28.125, 56.625, 4.35809072029384e-23, nan 
-27.875, 56.625, 1.3862318894510683e-22, nan 
-27.625, 56.625, 2.498473899696718e-22, nan 
-27.375, 56.625, 1.7436618325859731e-22, nan 
-27.125, 56.625, 1.631996626288018e-22, nan 
-26.875, 56.625, 1.776476358421484e-22, nan 
-26.625, 56.625, 1.006998578157241e-22, nan 
-26.375, 56.625, 1.050067146459044e-22, nan 
-73.125, 56.875, 1.1554005279765235e-23, nan 
-72.875, 56.875, 1.1533848240259873e-23, nan 
-72.625, 56.875, 1.1264269863066876e-23, nan 
-72.375, 56.875, 1.0293458186152667e-23, nan 
-72.125, 56.875, 1.0318064597340228e-23, nan 
-71.875, 56.875, 1.0498415679225316e-23, nan 
-71.625, 56.875, 1.6736637988780707e-23, nan 
-71.375, 56.875, 1.7924994877331862e-23, nan 
-71.125, 56.875, 1.1108745508720325e-23, nan 
-70.875, 56.875, 7.595024421702977e-24, nan 
-70.625, 56.875, 8.583326736108292e-24, nan 
-70.375, 56.875, 1.2024524094350777e-23, nan 
-70.125, 56.875, 1.3988212196400857e-23, nan 
-69.875, 56.875, 1.4233086757954904e-23, nan 
-69.625, 56.875, 1.1776324759119841e-23, nan 
-69.375, 56.875, 9.189928209277702e-24, nan 
-69.125, 56.875, 9.344842582683735e-24, nan 
-68.875, 56.875, 1.2195551318392694e-23, nan 
-68.625, 56.875, 1.3630714611426314e-23, nan 
-68.375, 56.875, 1.078990810795041e-23, nan 
-68.125, 56.875, 1.0423103847464521e-23, nan 
-67.875, 56.875, 1.1503407673065536e-23, nan 
-67.625, 56.875, 1.2165773828041404e-23, nan 
-67.375, 56.875, 1.175220334217415e-23, nan 
-67.125, 56.875, 1.0578649470157508e-23, nan 
-66.875, 56.875, 6.65701676694459e-24, nan 
-66.625, 56.875, 1.6114285858284274e-23, nan 
-66.375, 56.875, 1.7060739478349577e-23, nan 
-66.125, 56.875, 1.3158143147755545e-23, nan 
-65.875, 56.875, 1.6989215318789376e-23, nan 
-65.625, 56.875, 1.765354069297805e-23, nan 
-65.375, 56.875, 1.69475387047752e-23, nan 
-65.125, 56.875, 1.513620636651212e-23, nan 
-64.875, 56.875, 1.3370608723727524e-23, nan 
-64.625, 56.875, 8.90779384131191e-24, nan 
-64.375, 56.875, 1.1030693355849676e-23, nan 
-64.125, 56.875, 1.1772848520759912e-23, nan 
-63.875, 56.875, 1.7570613655038143e-23, nan 
-63.625, 56.875, 1.6893024091132855e-23, nan 
-63.375, 56.875, 1.4241889468077435e-23, nan 
-63.125, 56.875, 1.1814146904800577e-23, nan 
-62.875, 56.875, 2.0813254350247649e-23, nan 
-62.625, 56.875, 1.9310064936214683e-23, nan 
-62.375, 56.875, 1.7360949236736608e-23, nan 
-62.125, 56.875, 2.0010396203678787e-23, nan 
-61.875, 56.875, 1.9094572975538196e-23, nan 
-61.625, 56.875, 1.2108748989730095e-23, nan 
-61.375, 56.875, 1.1693390080720887e-23, nan 
-61.125, 56.875, 1.4802482267783035e-23, nan 
-60.875, 56.875, 2.0594847188675266e-23, nan 
-60.625, 56.875, 2.1007479913868137e-23, nan 
-60.375, 56.875, 1.5207395863998472e-23, nan 
-60.125, 56.875, 1.5374214857575712e-23, nan 
-59.875, 56.875, 4.053970368948975e-23, nan 
-59.625, 56.875, 3.88406875798459e-23, nan 
-59.375, 56.875, 2.5712672533055594e-23, nan 
-59.125, 56.875, 1.795362839452754e-23, nan 
-58.875, 56.875, 1.733450007773755e-23, nan 
-58.625, 56.875, 2.1695645950814163e-23, nan 
-58.375, 56.875, 1.6672606545125795e-23, nan 
-58.125, 56.875, 1.5982804431960246e-23, nan 
-57.875, 56.875, 1.6171984088237402e-23, nan 
-57.625, 56.875, 1.9224434234489474e-23, nan 
-57.375, 56.875, 1.3707243520846156e-23, nan 
-57.125, 56.875, 1.302437122625961e-23, nan 
-56.875, 56.875, 1.5329866508216257e-23, nan 
-56.625, 56.875, 1.86470694382921e-23, nan 
-56.375, 56.875, 1.9115904930690663e-23, nan 
-56.125, 56.875, 2.259869625050279e-23, nan 
-55.875, 56.875, 1.5993809944772837e-23, nan 
-55.625, 56.875, 1.0112497195134848e-23, nan 
-55.375, 56.875, 7.246644810764896e-24, nan 
-55.125, 56.875, 6.163847294073487e-24, nan 
-54.875, 56.875, 2.0368347279618188e-23, nan 
-54.625, 56.875, 2.21237701981535e-23, nan 
-54.375, 56.875, 1.3772189735507663e-23, nan 
-54.125, 56.875, 1.3889710100814862e-23, nan 
-53.875, 56.875, 1.3054966817869857e-23, nan 
-53.625, 56.875, 1.6960596236366138e-23, nan 
-53.375, 56.875, 1.1427206334908306e-23, nan 
-53.125, 56.875, 1.1556616932025824e-23, nan 
-52.875, 56.875, 1.519564369678466e-23, nan 
-52.625, 56.875, 1.7786647898265345e-23, nan 
-52.375, 56.875, 3.251751373270729e-23, nan 
-52.125, 56.875, 3.544193770207738e-23, nan 
-51.875, 56.875, 2.8843479360457163e-23, nan 
-51.625, 56.875, 1.308343521277992e-23, nan 
-51.375, 56.875, 1.1109709008621151e-23, nan 
-51.125, 56.875, 1.827037907566278e-23, nan 
-50.875, 56.875, 1.8533725671965661e-23, nan 
-50.625, 56.875, 1.2369949953116951e-23, nan 
-50.375, 56.875, 1.1411716618260263e-23, nan 
-50.125, 56.875, 1.3594609180990077e-23, nan 
-49.875, 56.875, 1.602585012807226e-23, nan 
-49.625, 56.875, 2.152727031691457e-23, nan 
-49.375, 56.875, 2.0098033459631522e-23, nan 
-49.125, 56.875, 2.328237494659588e-23, nan 
-48.875, 56.875, 2.122012150601088e-23, nan 
-48.625, 56.875, 1.1717515154191847e-23, nan 
-48.375, 56.875, 2.6415459343744144e-23, nan 
-48.125, 56.875, 2.919796184350165e-23, nan 
-47.875, 56.875, 2.0852738469506907e-23, nan 
-47.625, 56.875, 1.5929855840552464e-23, nan 
-47.375, 56.875, 1.2367606381867361e-23, nan 
-47.125, 56.875, 2.53686401265196e-23, nan 
-46.875, 56.875, 3.348765665858117e-23, nan 
-46.625, 56.875, 2.3317116993566476e-23, nan 
-46.375, 56.875, 6.932244375683338e-24, nan 
-46.125, 56.875, 1.2502955658396515e-23, nan 
-45.875, 56.875, 1.0124658512080362e-23, nan 
-45.625, 56.875, 1.2741563207263461e-23, nan 
-45.375, 56.875, 1.6074059317676798e-23, nan 
-45.125, 56.875, 1.2861369620550371e-23, nan 
-44.875, 56.875, 1.966114677332012e-23, nan 
-44.625, 56.875, 2.059016625124155e-23, nan 
-44.375, 56.875, 1.2043909689377195e-23, nan 
-44.125, 56.875, 1.0949448652006571e-23, nan 
-43.875, 56.875, 1.4152320752419338e-23, nan 
-43.625, 56.875, 1.971772849107588e-23, nan 
-43.375, 56.875, 1.8661997510302637e-23, nan 
-43.125, 56.875, 1.9115980488357164e-23, nan 
-42.875, 56.875, 1.471607290140437e-23, nan 
-42.625, 56.875, 1.5157012062728586e-23, nan 
-42.375, 56.875, 2.258379900118154e-23, nan 
-42.125, 56.875, 2.304191796651318e-23, nan 
-41.875, 56.875, 1.5184486086426256e-23, nan 
-41.625, 56.875, 1.789728647894016e-23, nan 
-41.375, 56.875, 2.2013862355981213e-23, nan 
-41.125, 56.875, 5.1021339003645e-23, nan 
-40.875, 56.875, 5.132928585905984e-23, nan 
-40.625, 56.875, 1.472484942426442e-23, nan 
-40.375, 56.875, 2.5656404010011508e-23, nan 
-40.125, 56.875, 3.043216320216856e-23, nan 
-39.875, 56.875, 3.6495652099176595e-23, nan 
-39.625, 56.875, 3.171933583043086e-23, nan 
-39.375, 56.875, 3.699048598970408e-23, nan 
-39.125, 56.875, 4.173137785390468e-23, nan 
-38.875, 56.875, 4.3075399151639083e-23, nan 
-38.625, 56.875, 2.0803471908750906e-23, nan 
-38.375, 56.875, 7.885312346702609e-23, nan 
-38.125, 56.875, 1.435295239981545e-22, nan 
-37.875, 56.875, 9.083743763504618e-22, nan 
-37.625, 56.875, 1.554508567505521e-21, nan 
-37.375, 56.875, 2.104585783918678e-21, nan 
-37.125, 56.875, 1.5560565468769058e-21, nan 
-36.875, 56.875, 3.269592030943836e-22, nan 
-36.625, 56.875, 1.655991268530369e-22, nan 
-36.375, 56.875, 1.516136156026047e-22, nan 
-36.125, 56.875, 3.9352062634370727e-23, nan 
-35.875, 56.875, 4.483922047280007e-23, nan 
-35.625, 56.875, 5.180859942455978e-23, nan 
-35.375, 56.875, 7.42734839416349e-23, nan 
-35.125, 56.875, 8.574316821552777e-23, nan 
-34.875, 56.875, 9.863072230858015e-23, nan 
-34.625, 56.875, 7.018147760143228e-23, nan 
-34.375, 56.875, 1.0951219436060442e-22, nan 
-34.125, 56.875, 1.1855019491556714e-22, nan 
-33.875, 56.875, 7.145864916653285e-23, nan 
-33.625, 56.875, 1.1867080336854817e-22, nan 
-33.375, 56.875, 1.0723666767949931e-22, nan 
-33.125, 56.875, 1.0413035531400187e-22, nan 
-32.875, 56.875, 1.4104179607199393e-22, nan 
-32.625, 56.875, 1.4795293434533278e-22, nan 
-32.375, 56.875, 1.01624570806147e-22, nan 
-32.125, 56.875, 1.1350757106133357e-22, nan 
-31.875, 56.875, 1.1418494603503956e-22, nan 
-31.625, 56.875, 1.0035727052888393e-22, nan 
-31.375, 56.875, 1.1297302402047647e-22, nan 
-31.125, 56.875, 1.0320518979934989e-22, nan 
-30.875, 56.875, 6.783387026530438e-23, nan 
-30.625, 56.875, 1.0021264716865487e-22, nan 
-30.375, 56.875, 6.783519792779972e-23, nan 
-30.125, 56.875, 1.1565879268512821e-22, nan 
-29.875, 56.875, 1.2600795961424448e-22, nan 
-29.625, 56.875, 1.0689767577033585e-22, nan 
-29.375, 56.875, 1.0361560624518743e-22, nan 
-29.125, 56.875, 1.2818516887502425e-22, nan 
-28.875, 56.875, 1.7936837983271173e-22, nan 
-28.625, 56.875, 1.695390396786029e-22, nan 
-28.375, 56.875, 1.2769746019924293e-22, nan 
-28.125, 56.875, 1.8779725157923835e-22, nan 
-27.875, 56.875, 2.6791150727580364e-22, nan 
-27.625, 56.875, 3.931165091954732e-22, nan 
-27.375, 56.875, 2.9579308822115605e-22, nan 
-27.125, 56.875, 1.2537927765593197e-22, nan 
-26.875, 56.875, 7.812623266956083e-23, nan 
-26.625, 56.875, 9.153538948199374e-23, nan 
-26.375, 56.875, 1.1456325037540855e-22, nan 
-26.125, 56.875, 2.8337638081141095e-22, nan 
-25.875, 56.875, 2.9651704118367237e-22, nan 
-25.625, 56.875, 1.6067217363420476e-22, nan 
-73.375, 57.125, 1.4644044319909438e-23, nan 
-73.125, 57.125, 1.2378989081378082e-23, nan 
-72.875, 57.125, 1.2098156661821833e-23, nan 
-72.625, 57.125, 1.3961672496337138e-23, nan 
-72.375, 57.125, 1.239546984367818e-23, nan 
-72.125, 57.125, 1.0581549072412048e-23, nan 
-71.875, 57.125, 9.468954618256601e-24, nan 
-71.625, 57.125, 1.766689732314511e-23, nan 
-71.375, 57.125, 1.7747140912002867e-23, nan 
-71.125, 57.125, 9.659508978827534e-24, nan 
-70.875, 57.125, 1.0005069989490917e-23, nan 
-70.625, 57.125, 1.1671463596693523e-23, nan 
-70.375, 57.125, 1.3069656944876261e-23, nan 
-70.125, 57.125, 1.4851383113302245e-23, nan 
-69.875, 57.125, 1.4091379010306132e-23, nan 
-69.625, 57.125, 1.1208411500800924e-23, nan 
-69.375, 57.125, 1.3110361725312894e-23, nan 
-69.125, 57.125, 1.3372796415927907e-23, nan 
-68.875, 57.125, 1.2668091109924144e-23, nan 
-68.625, 57.125, 1.078585440350842e-23, nan 
-68.375, 57.125, 1.3362352023539827e-23, nan 
-68.125, 57.125, 1.4536748143374034e-23, nan 
-67.875, 57.125, 1.111368491794101e-23, nan 
-67.625, 57.125, 1.3317206587493656e-23, nan 
-67.375, 57.125, 1.023124109048675e-23, nan 
-67.125, 57.125, 7.348689532860607e-24, nan 
-66.875, 57.125, 8.231547376818013e-24, nan 
-66.625, 57.125, 7.857023208002781e-24, nan 
-66.375, 57.125, 2.532713106098913e-23, nan 
-66.125, 57.125, 2.7197383084751514e-23, nan 
-65.875, 57.125, 1.7290174296307477e-23, nan 
-65.625, 57.125, 1.2948274511388831e-23, nan 
-65.375, 57.125, 1.5023151733096774e-23, nan 
-65.125, 57.125, 1.6631635264566787e-23, nan 
-64.875, 57.125, 1.1716553161580764e-23, nan 
-64.625, 57.125, 5.4060545220133056e-24, nan 
-64.375, 57.125, 8.853527272259206e-24, nan 
-64.125, 57.125, 2.58792703739976e-23, nan 
-63.875, 57.125, 2.806384246278581e-23, nan 
-63.625, 57.125, 1.5442083979024138e-23, nan 
-63.375, 57.125, 1.4252307593733743e-23, nan 
-63.125, 57.125, 3.085097937049224e-23, nan 
-62.875, 57.125, 3.419457936777286e-23, nan 
-62.625, 57.125, 1.537191538287724e-23, nan 
-62.375, 57.125, 1.642566545304947e-23, nan 
-62.125, 57.125, 1.600005742030439e-23, nan 
-61.875, 57.125, 1.3712455743012352e-23, nan 
-61.625, 57.125, 9.35794726891442e-24, nan 
-61.375, 57.125, 2.830104001847535e-23, nan 
-61.125, 57.125, 3.0999856608790923e-23, nan 
-60.875, 57.125, 2.6856400360138656e-23, nan 
-60.625, 57.125, 2.0449440021736125e-23, nan 
-60.375, 57.125, 2.2918922357439198e-23, nan 
-60.125, 57.125, 2.2796106692170574e-23, nan 
-59.875, 57.125, 3.0475907570168765e-23, nan 
-59.625, 57.125, 2.8933586624772214e-23, nan 
-59.375, 57.125, 2.1938182569887553e-23, nan 
-59.125, 57.125, 1.742326924449957e-23, nan 
-58.875, 57.125, 3.068296706617896e-23, nan 
-58.625, 57.125, 2.908482426223335e-23, nan 
-58.375, 57.125, 1.5345128405921058e-23, nan 
-58.125, 57.125, 1.1800761524081928e-23, nan 
-57.875, 57.125, 1.8418732160533658e-23, nan 
-57.625, 57.125, 1.968646464156445e-23, nan 
-57.375, 57.125, 1.344620265620995e-23, nan 
-57.125, 57.125, 1.4540588052203146e-23, nan 
-56.875, 57.125, 1.3570407215661437e-23, nan 
-56.625, 57.125, 1.2677006025002427e-23, nan 
-56.375, 57.125, 1.4488770076593403e-23, nan 
-56.125, 57.125, 1.9645290060345953e-23, nan 
-55.875, 57.125, 9.378037623694511e-24, nan 
-55.625, 57.125, 1.0552235433403459e-23, nan 
-55.375, 57.125, 1.025734783983953e-23, nan 
-55.125, 57.125, 2.677958032786999e-23, nan 
-54.875, 57.125, 2.9779346435669036e-23, nan 
-54.625, 57.125, 1.8557970030952963e-23, nan 
-54.375, 57.125, 1.1065233772650863e-23, nan 
-54.125, 57.125, 1.0925194271700316e-23, nan 
-53.875, 57.125, 1.2151973923353326e-23, nan 
-53.625, 57.125, 9.889768046808123e-24, nan 
-53.375, 57.125, 1.0176951389584396e-23, nan 
-53.125, 57.125, 1.0724273269805723e-23, nan 
-52.875, 57.125, 1.3621238522521107e-23, nan 
-52.625, 57.125, 2.1847319105808928e-23, nan 
-52.375, 57.125, 3.1066109709187665e-23, nan 
-52.125, 57.125, 2.2568352728434937e-23, nan 
-51.875, 57.125, 1.1384271330076721e-23, nan 
-51.625, 57.125, 1.74685374120559e-23, nan 
-51.375, 57.125, 3.82228320103889e-23, nan 
-51.125, 57.125, 3.515241025813124e-23, nan 
-50.875, 57.125, 1.840235621776997e-23, nan 
-50.625, 57.125, 1.0706580009168642e-23, nan 
-50.375, 57.125, 1.4106026012170537e-23, nan 
-50.125, 57.125, 1.3401553281494184e-23, nan 
-49.875, 57.125, 1.976150169644122e-23, nan 
-49.625, 57.125, 2.2235711975987218e-23, nan 
-49.375, 57.125, 1.6829513334721935e-23, nan 
-49.125, 57.125, 2.8796213812973597e-23, nan 
-48.875, 57.125, 2.2674082366428616e-23, nan 
-48.625, 57.125, 1.9062567854416367e-23, nan 
-48.375, 57.125, 2.3357637831550557e-23, nan 
-48.125, 57.125, 2.0424095266870664e-23, nan 
-47.875, 57.125, 1.0487632547916527e-23, nan 
-47.625, 57.125, 8.191345225348012e-24, nan 
-47.375, 57.125, 1.484345049001439e-23, nan 
-47.125, 57.125, 3.048461528389753e-23, nan 
-46.875, 57.125, 2.6112948088468348e-23, nan 
-46.625, 57.125, 1.0363787061394433e-23, nan 
-46.375, 57.125, 1.4544447995243478e-23, nan 
-46.125, 57.125, 1.6562633182875554e-23, nan 
-45.875, 57.125, 1.2445893456859904e-23, nan 
-45.625, 57.125, 1.4419187773339278e-23, nan 
-45.375, 57.125, 1.5465921127810153e-23, nan 
-45.125, 57.125, 3.8320288780245874e-23, nan 
-44.875, 57.125, 2.232468142522694e-23, nan 
-44.625, 57.125, 1.8823406025424298e-23, nan 
-44.375, 57.125, 1.845648350349322e-23, nan 
-44.125, 57.125, 2.2661894273063768e-23, nan 
-43.875, 57.125, 2.8401801130949986e-23, nan 
-43.625, 57.125, 1.0657533993578108e-23, nan 
-43.375, 57.125, 1.4824146873367902e-23, nan 
-43.125, 57.125, 3.7184948129907487e-23, nan 
-42.875, 57.125, 3.924117458849698e-23, nan 
-42.625, 57.125, 2.8852416874288265e-23, nan 
-42.375, 57.125, 1.948615093536364e-23, nan 
-42.125, 57.125, 2.440681139488781e-23, nan 
-41.875, 57.125, 2.9749202101068604e-23, nan 
-41.625, 57.125, 4.6985048072402823e-23, nan 
-41.375, 57.125, 4.742320755427306e-23, nan 
-41.125, 57.125, 2.175692635796041e-23, nan 
-40.875, 57.125, 2.2614298424430338e-23, nan 
-40.625, 57.125, 2.5397076765701344e-23, nan 
-40.375, 57.125, 2.78754914126279e-23, nan 
-40.125, 57.125, 3.431215749945125e-23, nan 
-39.875, 57.125, 3.9511923211880054e-23, nan 
-39.625, 57.125, 5.911925206408395e-23, nan 
-39.375, 57.125, 9.865134398253469e-23, nan 
-39.125, 57.125, 7.797988528164396e-23, nan 
-38.875, 57.125, 4.6527383936367124e-23, nan 
-38.625, 57.125, 4.2906651102441643e-23, nan 
-38.375, 57.125, 5.016849363911252e-23, nan 
-38.125, 57.125, 6.146442758716359e-23, nan 
-37.875, 57.125, 1.4958690484722564e-22, nan 
-37.625, 57.125, 4.852533636931847e-22, nan 
-37.375, 57.125, 1.097347408271889e-21, nan 
-37.125, 57.125, 2.444581034302671e-22, nan 
-36.875, 57.125, 1.7767659503021402e-22, nan 
-36.625, 57.125, 1.3567283460642912e-22, nan 
-36.375, 57.125, 3.873316322926992e-23, nan 
-36.125, 57.125, 8.793433231262812e-23, nan 
-35.875, 57.125, 3.868530959341948e-23, nan 
-35.625, 57.125, 6.245395285030087e-23, nan 
-35.375, 57.125, 5.915300352156029e-23, nan 
-35.125, 57.125, 3.441658156538105e-23, nan 
-34.875, 57.125, 6.339643569946303e-23, nan 
-34.625, 57.125, 8.330423469393209e-23, nan 
-34.375, 57.125, 1.147581478536761e-22, nan 
-34.125, 57.125, 6.561510480237795e-23, nan 
-33.875, 57.125, 1.148308043921046e-22, nan 
-33.625, 57.125, 1.603964090156922e-22, nan 
-33.375, 57.125, 1.4555142883206346e-22, nan 
-33.125, 57.125, 1.283873824393739e-22, nan 
-32.875, 57.125, 1.5153388033537e-22, nan 
-32.625, 57.125, 1.6083265634943957e-22, nan 
-32.375, 57.125, 1.4319127472967078e-22, nan 
-32.125, 57.125, 1.1133886510018348e-22, nan 
-31.875, 57.125, 1.0214166384599798e-22, nan 
-31.625, 57.125, 1.0281382787630698e-22, nan 
-31.375, 57.125, 9.06261746342358e-23, nan 
-31.125, 57.125, 9.250529348978653e-23, nan 
-30.875, 57.125, 1.0706976641936434e-22, nan 
-30.625, 57.125, 1.087851800153962e-22, nan 
-30.375, 57.125, 7.382433626508022e-23, nan 
-30.125, 57.125, 7.241689096337557e-23, nan 
-29.875, 57.125, 7.648938950472659e-23, nan 
-29.625, 57.125, 8.167825938701142e-23, nan 
-29.375, 57.125, 1.0791935604756603e-22, nan 
-29.125, 57.125, 1.4650416363154257e-22, nan 
-28.875, 57.125, 1.0489532179758852e-22, nan 
-28.625, 57.125, 7.378711664404751e-23, nan 
-28.375, 57.125, 1.165121525857777e-22, nan 
-28.125, 57.125, 2.8958322751306485e-22, nan 
-27.875, 57.125, 2.877613275681669e-22, nan 
-27.625, 57.125, 1.942572446449816e-22, nan 
-27.375, 57.125, 1.745459164008139e-22, nan 
-27.125, 57.125, 9.205181345308651e-23, nan 
-26.875, 57.125, 1.470628479306073e-22, nan 
-26.625, 57.125, 1.942936231144683e-22, nan 
-26.375, 57.125, 2.690000684517981e-22, nan 
-26.125, 57.125, 2.0338913118981374e-22, nan 
-25.875, 57.125, 1.28741122962637e-22, nan 
-25.625, 57.125, 1.8262889847277864e-22, nan 
-25.375, 57.125, 1.5850624985335138e-22, nan 
-25.125, 57.125, 3.757874577561133e-22, nan 
-73.625, 57.375, 1.363499685357286e-23, nan 
-73.375, 57.375, 1.593757000224779e-23, nan 
-73.125, 57.375, 1.436784099360821e-23, nan 
-72.875, 57.375, 1.5465305658178544e-23, nan 
-72.625, 57.375, 1.5338653305933235e-23, nan 
-72.375, 57.375, 1.0903367779407061e-23, nan 
-72.125, 57.375, 1.0635483767351215e-23, nan 
-71.875, 57.375, 1.4029224821326046e-23, nan 
-71.625, 57.375, 2.078367388808338e-23, nan 
-71.375, 57.375, 1.7637437992433404e-23, nan 
-71.125, 57.375, 1.0843463342333506e-23, nan 
-70.875, 57.375, 1.389574073867947e-23, nan 
-70.625, 57.375, 1.2847455034708598e-23, nan 
-70.375, 57.375, 1.2844657120792259e-23, nan 
-70.125, 57.375, 1.4205163429924167e-23, nan 
-69.875, 57.375, 1.328753752634775e-23, nan 
-69.625, 57.375, 1.4731353630837373e-23, nan 
-69.375, 57.375, 1.4497329764359477e-23, nan 
-69.125, 57.375, 8.669012052062574e-24, nan 
-68.875, 57.375, 1.2033016894130504e-23, nan 
-68.625, 57.375, 1.3535321525260024e-23, nan 
-68.375, 57.375, 1.5333904419682123e-23, nan 
-68.125, 57.375, 1.2808453632627976e-23, nan 
-67.875, 57.375, 1.6254850176492138e-23, nan 
-67.625, 57.375, 1.6346769828834962e-23, nan 
-67.375, 57.375, 7.208016717530676e-24, nan 
-67.125, 57.375, 9.461753126496712e-24, nan 
-66.875, 57.375, 1.4693289536400398e-23, nan 
-66.625, 57.375, 1.7821583344082742e-23, nan 
-66.375, 57.375, 2.1813597621506152e-23, nan 
-66.125, 57.375, 1.780314224751538e-23, nan 
-65.875, 57.375, 1.2398628425039039e-23, nan 
-65.625, 57.375, 1.2847466537765051e-23, nan 
-65.375, 57.375, 1.0786839959303738e-23, nan 
-65.125, 57.375, 8.848214453160198e-24, nan 
-64.875, 57.375, 8.197375062808067e-24, nan 
-64.625, 57.375, 2.0387956537242928e-23, nan 
-64.375, 57.375, 2.141564553793696e-23, nan 
-64.125, 57.375, 2.5716183591172428e-23, nan 
-63.875, 57.375, 2.4431969229144715e-23, nan 
-63.625, 57.375, 1.0331440558771888e-23, nan 
-63.375, 57.375, 1.2590345237363829e-23, nan 
-63.125, 57.375, 1.362299183672117e-23, nan 
-62.875, 57.375, 1.355524829810458e-23, nan 
-62.625, 57.375, 1.8037510063083029e-23, nan 
-62.375, 57.375, 1.872872431180088e-23, nan 
-62.125, 57.375, 1.670918321680015e-23, nan 
-61.875, 57.375, 1.602476318827528e-23, nan 
-61.625, 57.375, 1.8083923906684753e-23, nan 
-61.375, 57.375, 2.1761385653082396e-23, nan 
-61.125, 57.375, 3.1586709628936735e-23, nan 
-60.875, 57.375, 3.5810033585548205e-23, nan 
-60.625, 57.375, 2.57182979815664e-23, nan 
-60.375, 57.375, 2.394310193703899e-23, nan 
-60.125, 57.375, 1.6483404503145137e-23, nan 
-59.875, 57.375, 1.640582321324588e-23, nan 
-59.625, 57.375, 4.25179027903463e-23, nan 
-59.375, 57.375, 4.3242894276905014e-23, nan 
-59.125, 57.375, 2.3901988600198796e-23, nan 
-58.875, 57.375, 2.4547078335946072e-23, nan 
-58.625, 57.375, 1.819480282687681e-23, nan 
-58.375, 57.375, 1.088525930006788e-23, nan 
-58.125, 57.375, 1.25957990510523e-23, nan 
-57.875, 57.375, 1.9295073366987594e-23, nan 
-57.625, 57.375, 1.800667881580242e-23, nan 
-57.375, 57.375, 1.6556738723331936e-23, nan 
-57.125, 57.375, 1.3864280183997728e-23, nan 
-56.875, 57.375, 1.2843442704893139e-23, nan 
-56.625, 57.375, 1.1025793660590884e-23, nan 
-56.375, 57.375, 1.2998732442420701e-23, nan 
-56.125, 57.375, 1.2835700079058074e-23, nan 
-55.875, 57.375, 1.2974528501250793e-23, nan 
-55.625, 57.375, 1.2373629249258155e-23, nan 
-55.375, 57.375, 2.191866996306489e-23, nan 
-55.125, 57.375, 2.7231699337409146e-23, nan 
-54.875, 57.375, 1.604400039120947e-23, nan 
-54.625, 57.375, 5.067191625196287e-24, nan 
-54.375, 57.375, 9.814989279515235e-24, nan 
-54.125, 57.375, 1.2560290415693292e-23, nan 
-53.875, 57.375, 9.098785965180564e-24, nan 
-53.625, 57.375, 1.5141144165246288e-23, nan 
-53.375, 57.375, 1.3851735194075315e-23, nan 
-53.125, 57.375, 9.761566222214238e-24, nan 
-52.875, 57.375, 1.3844673547657658e-23, nan 
-52.625, 57.375, 1.6082147865228125e-23, nan 
-52.375, 57.375, 2.1081241617116356e-23, nan 
-52.125, 57.375, 2.184394545132965e-23, nan 
-51.875, 57.375, 9.85125769030791e-24, nan 
-51.625, 57.375, 9.059153542385658e-24, nan 
-51.375, 57.375, 2.1086104648997436e-23, nan 
-51.125, 57.375, 1.5381623646174363e-23, nan 
-50.875, 57.375, 1.0131314085812931e-23, nan 
-50.625, 57.375, 1.5556105207199492e-23, nan 
-50.375, 57.375, 1.6332424195446253e-23, nan 
-50.125, 57.375, 1.59770450808656e-23, nan 
-49.875, 57.375, 2.1948276932214312e-23, nan 
-49.625, 57.375, 3.366446622100194e-23, nan 
-49.375, 57.375, 4.8237425905562715e-23, nan 
-49.125, 57.375, 5.686107349422292e-23, nan 
-48.875, 57.375, 5.659357030060016e-23, nan 
-48.625, 57.375, 4.992614085923705e-23, nan 
-48.375, 57.375, 2.4433138721376963e-23, nan 
-48.125, 57.375, 1.7163347587539582e-23, nan 
-47.875, 57.375, 8.649592738645786e-24, nan 
-47.625, 57.375, 1.5075079143986694e-23, nan 
-47.375, 57.375, 2.967900273452202e-23, nan 
-47.125, 57.375, 3.023301574330563e-23, nan 
-46.875, 57.375, 1.521900924303696e-23, nan 
-46.625, 57.375, 1.5190786297670402e-23, nan 
-46.375, 57.375, 1.9162979480848835e-23, nan 
-46.125, 57.375, 1.8914788076168608e-23, nan 
-45.875, 57.375, 1.7451641048592622e-23, nan 
-45.625, 57.375, 2.1987673729470717e-23, nan 
-45.375, 57.375, 5.879849799595056e-23, nan 
-45.125, 57.375, 7.843632659998275e-23, nan 
-44.875, 57.375, 3.9325946937385027e-23, nan 
-44.625, 57.375, 2.2796922618625492e-23, nan 
-44.375, 57.375, 2.3145029026931177e-23, nan 
-44.125, 57.375, 1.788762062743308e-23, nan 
-43.875, 57.375, 3.41443237509519e-23, nan 
-43.625, 57.375, 3.4173477460463426e-23, nan 
-43.375, 57.375, 3.4475535398675726e-23, nan 
-43.125, 57.375, 3.6517025856199496e-23, nan 
-42.875, 57.375, 1.3105945133986285e-23, nan 
-42.625, 57.375, 2.3545227724041895e-23, nan 
-42.375, 57.375, 3.6059024921385674e-23, nan 
-42.125, 57.375, 3.628002546540513e-23, nan 
-41.875, 57.375, 3.229796444395535e-23, nan 
-41.625, 57.375, 4.731704091771022e-23, nan 
-41.375, 57.375, 4.169132694762378e-23, nan 
-41.125, 57.375, 2.0883739167318677e-23, nan 
-40.875, 57.375, 1.4654626557999737e-23, nan 
-40.625, 57.375, 7.967447081208437e-24, nan 
-40.375, 57.375, 1.9159408897032056e-23, nan 
-40.125, 57.375, 3.6185960639296304e-23, nan 
-39.875, 57.375, 3.431773930301585e-23, nan 
-39.625, 57.375, 2.5131353607789596e-23, nan 
-39.375, 57.375, 3.2069013723868705e-23, nan 
-39.125, 57.375, 5.1196749864866444e-23, nan 
-38.875, 57.375, 6.30929726552849e-23, nan 
-38.625, 57.375, 5.1833106222523734e-23, nan 
-38.375, 57.375, 2.9332113077613316e-23, nan 
-38.125, 57.375, 2.750547731797788e-23, nan 
-37.875, 57.375, 7.559452701113842e-23, nan 
-37.625, 57.375, 1.5029273622560934e-22, nan 
-37.375, 57.375, 1.4505324329287075e-22, nan 
-37.125, 57.375, 1.3580462145137405e-22, nan 
-36.875, 57.375, 1.1511990692317397e-22, nan 
-36.625, 57.375, 9.244153789131315e-23, nan 
-36.375, 57.375, 1.205366845135974e-22, nan 
-36.125, 57.375, 2.634189408001232e-22, nan 
-35.875, 57.375, 2.2931682225443143e-22, nan 
-35.625, 57.375, 6.828327508770541e-23, nan 
-35.375, 57.375, 2.9967928229706967e-23, nan 
-35.125, 57.375, 3.785354580704432e-23, nan 
-34.875, 57.375, 4.7550846885129293e-23, nan 
-34.625, 57.375, 8.52514963424829e-23, nan 
-34.375, 57.375, 1.0580298342232426e-22, nan 
-34.125, 57.375, 7.501253243359935e-23, nan 
-33.875, 57.375, 8.704780054699559e-23, nan 
-33.625, 57.375, 9.196004953952903e-23, nan 
-33.375, 57.375, 9.374585078918724e-23, nan 
-33.125, 57.375, 7.234660361863702e-23, nan 
-32.875, 57.375, 9.461339638830821e-23, nan 
-32.625, 57.375, 9.936939093966077e-23, nan 
-32.375, 57.375, 9.957651953414207e-23, nan 
-32.125, 57.375, 1.0845298195870808e-22, nan 
-31.875, 57.375, 1.4528063662490503e-22, nan 
-31.625, 57.375, 1.71083356805497e-22, nan 
-31.375, 57.375, 9.6111592060659e-23, nan 
-31.125, 57.375, 9.104546213353891e-23, nan 
-30.875, 57.375, 1.405372335868866e-22, nan 
-30.625, 57.375, 1.800590707022828e-22, nan 
-30.375, 57.375, 1.268872188186506e-22, nan 
-30.125, 57.375, 1.1528862182362694e-22, nan 
-29.875, 57.375, 1.3634379821856064e-22, nan 
-29.625, 57.375, 2.2701217276543314e-22, nan 
-29.375, 57.375, 2.4284759674326676e-22, nan 
-29.125, 57.375, 1.6698796643916418e-22, nan 
-28.875, 57.375, 9.795840671013873e-23, nan 
-28.625, 57.375, 1.223627688330239e-22, nan 
-28.375, 57.375, 1.875964872553239e-22, nan 
-28.125, 57.375, 1.7799096371177604e-22, nan 
-27.875, 57.375, 7.270755053025086e-23, nan 
-27.625, 57.375, 8.957129205729659e-23, nan 
-27.375, 57.375, 2.5611238616057206e-22, nan 
-27.125, 57.375, 2.928662416474328e-22, nan 
-26.875, 57.375, 1.790817817949689e-22, nan 
-26.625, 57.375, 1.7424586836071546e-22, nan 
-26.375, 57.375, 3.2890574625045244e-22, nan 
-26.125, 57.375, 2.3924792882136837e-22, nan 
-25.875, 57.375, 3.097960849465295e-22, nan 
-25.625, 57.375, 6.710747572608711e-22, nan 
-25.375, 57.375, 8.785725429329086e-22, nan 
-25.125, 57.375, 1.387006776571848e-21, nan 
-24.875, 57.375, 1.1049106258840009e-21, nan 
-24.625, 57.375, 4.055069938444565e-22, nan 
-24.375, 57.375, 2.253535403337036e-22, nan 
-73.875, 57.625, 1.4993740578211416e-23, nan 
-73.625, 57.625, 1.6069782457482908e-23, nan 
-73.375, 57.625, 1.455419208968921e-23, nan 
-73.125, 57.625, 1.402158339816704e-23, nan 
-72.875, 57.625, 1.659090359762532e-23, nan 
-72.625, 57.625, 1.2987271981983729e-23, nan 
-72.375, 57.625, 1.1432649243138236e-23, nan 
-72.125, 57.625, 1.0908281438240623e-23, nan 
-71.875, 57.625, 1.3186257421914772e-23, nan 
-71.625, 57.625, 1.7672558522094722e-23, nan 
-71.375, 57.625, 1.6110767517360067e-23, nan 
-71.125, 57.625, 1.4318583280841643e-23, nan 
-70.875, 57.625, 1.1452198030215569e-23, nan 
-70.625, 57.625, 9.728304846005702e-24, nan 
-70.375, 57.625, 1.4313678422234713e-23, nan 
-70.125, 57.625, 1.375469195681922e-23, nan 
-69.875, 57.625, 1.2714239612680566e-23, nan 
-69.625, 57.625, 1.3436776492054645e-23, nan 
-69.375, 57.625, 1.1216318753922563e-23, nan 
-69.125, 57.625, 9.98124205085974e-24, nan 
-68.875, 57.625, 1.139461053422734e-23, nan 
-68.625, 57.625, 1.0434125886109296e-23, nan 
-68.375, 57.625, 3.2112402839937086e-23, nan 
-68.125, 57.625, 3.2408928352412253e-23, nan 
-67.875, 57.625, 1.7229926308197846e-23, nan 
-67.625, 57.625, 1.6245997314275002e-23, nan 
-67.375, 57.625, 1.0327688641613576e-23, nan 
-67.125, 57.625, 1.2810671522579815e-23, nan 
-66.875, 57.625, 1.8597719450825676e-23, nan 
-66.625, 57.625, 1.9972526071787527e-23, nan 
-66.375, 57.625, 1.5985691735342567e-23, nan 
-66.125, 57.625, 1.230816673573512e-23, nan 
-65.875, 57.625, 1.8051042896086412e-23, nan 
-65.625, 57.625, 1.7400459605518428e-23, nan 
-65.375, 57.625, 9.968113411259129e-24, nan 
-65.125, 57.625, 2.1602912048427274e-23, nan 
-64.875, 57.625, 1.9200960224295937e-23, nan 
-64.625, 57.625, 1.5710993914008922e-23, nan 
-64.375, 57.625, 2.662570180028299e-23, nan 
-64.125, 57.625, 2.8275504212224364e-23, nan 
-63.875, 57.625, 1.4481099261033984e-23, nan 
-63.625, 57.625, 8.66701377036505e-24, nan 
-63.375, 57.625, 1.018859947966875e-23, nan 
-63.125, 57.625, 1.9257915230932866e-23, nan 
-62.875, 57.625, 2.3270469040457536e-23, nan 
-62.625, 57.625, 2.8233379155111e-23, nan 
-62.375, 57.625, 2.1505022870420356e-23, nan 
-62.125, 57.625, 1.6888051010739643e-23, nan 
-61.875, 57.625, 1.5568867875814067e-23, nan 
-61.625, 57.625, 1.6573580399678526e-23, nan 
-61.375, 57.625, 1.504160850914067e-23, nan 
-61.125, 57.625, 2.889092071414612e-23, nan 
-60.875, 57.625, 3.1673247283826445e-23, nan 
-60.625, 57.625, 2.7140263693685436e-23, nan 
-60.375, 57.625, 2.2812860180748566e-23, nan 
-60.125, 57.625, 1.4477387138404173e-23, nan 
-59.875, 57.625, 1.1995551298428295e-23, nan 
-59.625, 57.625, 1.7654279019158502e-23, nan 
-59.375, 57.625, 4.727816748269397e-23, nan 
-59.125, 57.625, 4.669602624513252e-23, nan 
-58.875, 57.625, 1.30766579618676e-23, nan 
-58.625, 57.625, 8.704926598418993e-24, nan 
-58.375, 57.625, 1.2065592211982645e-23, nan 
-58.125, 57.625, 1.4106850315190118e-23, nan 
-57.875, 57.625, 1.816594349864373e-23, nan 
-57.625, 57.625, 1.754032233600435e-23, nan 
-57.375, 57.625, 1.500587556148715e-23, nan 
-57.125, 57.625, 1.0250085568652448e-23, nan 
-56.875, 57.625, 1.1892245606674861e-23, nan 
-56.625, 57.625, 1.382491036618685e-23, nan 
-56.375, 57.625, 1.689696384944505e-23, nan 
-56.125, 57.625, 1.5326753508873954e-23, nan 
-55.875, 57.625, 1.374414546281141e-23, nan 
-55.625, 57.625, 2.568674244829316e-23, nan 
-55.375, 57.625, 2.578222357363732e-23, nan 
-55.125, 57.625, 1.525592810276132e-23, nan 
-54.875, 57.625, 1.665672825962458e-23, nan 
-54.625, 57.625, 2.162746135935556e-23, nan 
-54.375, 57.625, 1.9850093419488104e-23, nan 
-54.125, 57.625, 1.504546692697602e-23, nan 
-53.875, 57.625, 1.083637654728024e-23, nan 
-53.625, 57.625, 1.2726768710436988e-23, nan 
-53.375, 57.625, 6.85435530389737e-24, nan 
-53.125, 57.625, 1.7979573445346904e-23, nan 
-52.875, 57.625, 2.2707860802862986e-23, nan 
-52.625, 57.625, 1.9516783944290572e-23, nan 
-52.375, 57.625, 1.6040762843942764e-23, nan 
-52.125, 57.625, 9.317048354664395e-24, nan 
-51.875, 57.625, 1.4132752238353224e-23, nan 
-51.625, 57.625, 2.1742239202385306e-23, nan 
-51.375, 57.625, 1.9183791285816638e-23, nan 
-51.125, 57.625, 2.671508591921401e-23, nan 
-50.875, 57.625, 2.791877073125738e-23, nan 
-50.625, 57.625, 1.9701160497843584e-23, nan 
-50.375, 57.625, 1.7739257357951865e-23, nan 
-50.125, 57.625, 2.1872855862335328e-23, nan 
-49.875, 57.625, 1.8547695930452692e-23, nan 
-49.625, 57.625, 1.4697769997793818e-23, nan 
-49.375, 57.625, 3.3168664592309897e-23, nan 
-49.125, 57.625, 4.2077386471400514e-23, nan 
-48.875, 57.625, 3.7128442797542635e-23, nan 
-48.625, 57.625, 2.7703420215789785e-23, nan 
-48.375, 57.625, 1.7139037262750087e-23, nan 
-48.125, 57.625, 6.476335719860816e-24, nan 
-47.875, 57.625, 1.884487165060396e-23, nan 
-47.625, 57.625, 2.829100007858011e-23, nan 
-47.375, 57.625, 2.6436561383845793e-23, nan 
-47.125, 57.625, 2.1103744334715247e-23, nan 
-46.875, 57.625, 1.650122248871171e-23, nan 
-46.625, 57.625, 1.6190348694911817e-23, nan 
-46.375, 57.625, 1.658056661613151e-23, nan 
-46.125, 57.625, 1.3317469083983666e-23, nan 
-45.875, 57.625, 1.9287952996377756e-23, nan 
-45.625, 57.625, 1.9171166486033103e-23, nan 
-45.375, 57.625, 2.5982545521907263e-23, nan 
-45.125, 57.625, 2.833387060336636e-23, nan 
-44.875, 57.625, 1.7856472893804657e-23, nan 
-44.625, 57.625, 2.201930083907009e-23, nan 
-44.375, 57.625, 2.357690480444364e-23, nan 
-44.125, 57.625, 2.047188307305615e-23, nan 
-43.875, 57.625, 2.4580364109673183e-23, nan 
-43.625, 57.625, 3.021541741572255e-23, nan 
-43.375, 57.625, 1.8577307018323792e-23, nan 
-43.125, 57.625, 1.1697940013783212e-23, nan 
-42.875, 57.625, 2.8742907055063815e-23, nan 
-42.625, 57.625, 4.016481877635076e-23, nan 
-42.375, 57.625, 3.698483953713408e-23, nan 
-42.125, 57.625, 2.765102147500112e-23, nan 
-41.875, 57.625, 1.9309005457046247e-23, nan 
-41.625, 57.625, 3.1655718409239923e-23, nan 
-41.375, 57.625, 1.751034288547303e-23, nan 
-41.125, 57.625, 1.588217830964403e-23, nan 
-40.875, 57.625, 4.535859731218722e-23, nan 
-40.625, 57.625, 5.824471779253647e-23, nan 
-40.375, 57.625, 4.2375705380505057e-23, nan 
-40.125, 57.625, 2.749863471371826e-23, nan 
-39.875, 57.625, 2.1928918365148744e-23, nan 
-39.625, 57.625, 2.0751476965798718e-23, nan 
-39.375, 57.625, 4.6906797192600825e-23, nan 
-39.125, 57.625, 5.673366839760948e-23, nan 
-38.875, 57.625, 4.662022610565963e-23, nan 
-38.625, 57.625, 3.07070715415622e-23, nan 
-38.375, 57.625, 2.19780028715166e-23, nan 
-38.125, 57.625, 2.564324611030025e-23, nan 
-37.875, 57.625, 5.160467858530801e-23, nan 
-37.625, 57.625, 7.110282360489858e-23, nan 
-37.375, 57.625, 5.2763131808679414e-23, nan 
-37.125, 57.625, 4.2774821327482535e-23, nan 
-36.875, 57.625, 4.893376007709164e-23, nan 
-36.625, 57.625, 4.2704894043691375e-23, nan 
-36.375, 57.625, 6.794151044662784e-23, nan 
-36.125, 57.625, 1.1480236224367021e-22, nan 
-35.875, 57.625, 4.0895142522299343e-23, nan 
-35.625, 57.625, 5.220667480680699e-23, nan 
-35.375, 57.625, 5.703909737937396e-23, nan 
-35.125, 57.625, 4.5475916643767974e-23, nan 
-34.875, 57.625, 6.74990188063777e-23, nan 
-34.625, 57.625, 8.812085137865728e-23, nan 
-34.375, 57.625, 5.838619485469196e-23, nan 
-34.125, 57.625, 7.983657151122138e-23, nan 
-33.875, 57.625, 7.710570583946667e-23, nan 
-33.625, 57.625, 4.8776083250098264e-23, nan 
-33.375, 57.625, 2.9982181582929754e-23, nan 
-33.125, 57.625, 4.1241823182572966e-23, nan 
-32.875, 57.625, 1.3332144407371608e-22, nan 
-32.625, 57.625, 1.8050602949291074e-22, nan 
-32.375, 57.625, 1.5040319577576152e-22, nan 
-32.125, 57.625, 1.1352877062872343e-22, nan 
-31.875, 57.625, 1.121634792360858e-22, nan 
-31.625, 57.625, 1.4901380656878597e-22, nan 
-31.375, 57.625, 1.7380954529819544e-22, nan 
-31.125, 57.625, 2.0541159204148323e-22, nan 
-30.875, 57.625, 9.356954958825937e-23, nan 
-30.625, 57.625, 1.3429614203963828e-22, nan 
-30.375, 57.625, 1.1280927319830424e-22, nan 
-30.125, 57.625, 2.0879339967938718e-22, nan 
-29.875, 57.625, 2.921702628525791e-22, nan 
-29.625, 57.625, 2.825655403444068e-22, nan 
-29.375, 57.625, 1.561586788961621e-22, nan 
-29.125, 57.625, 1.1117368850415729e-22, nan 
-28.875, 57.625, 9.868660337124703e-23, nan 
-28.625, 57.625, 2.307798687662444e-22, nan 
-28.375, 57.625, 2.4022192736364854e-22, nan 
-28.125, 57.625, 1.7471468682791807e-22, nan 
-27.875, 57.625, 3.491032188571669e-22, nan 
-27.625, 57.625, 3.985657620275309e-22, nan 
-27.375, 57.625, 2.669253510063176e-22, nan 
-27.125, 57.625, 4.746173787073827e-22, nan 
-26.875, 57.625, 4.709793200973499e-22, nan 
-26.625, 57.625, 3.091792320962558e-22, nan 
-26.375, 57.625, 2.7212852008487994e-22, nan 
-26.125, 57.625, 3.0542219795331887e-22, nan 
-25.875, 57.625, 2.458752912957845e-22, nan 
-25.625, 57.625, 4.094672582615675e-22, nan 
-25.375, 57.625, 5.737621712595518e-22, nan 
-25.125, 57.625, 7.5437041296472765e-22, nan 
-24.875, 57.625, 2.9287990559027195e-22, nan 
-24.625, 57.625, 6.629023734927718e-22, nan 
-24.375, 57.625, 1.5341487816417499e-21, nan 
-24.125, 57.625, 1.311838680385423e-21, nan 
-23.875, 57.625, 9.555285933140377e-22, nan 
-74.375, 57.875, 1.2824553314146285e-23, nan 
-74.125, 57.875, 1.358432521654777e-23, nan 
-73.875, 57.875, 1.2473078608671081e-23, nan 
-73.625, 57.875, 1.539008803137375e-23, nan 
-73.375, 57.875, 1.449699360574539e-23, nan 
-73.125, 57.875, 1.4463098171807603e-23, nan 
-72.875, 57.875, 1.4313057458525614e-23, nan 
-72.625, 57.875, 1.1690935297624196e-23, nan 
-72.375, 57.875, 1.1559073320320039e-23, nan 
-72.125, 57.875, 1.0995138303302932e-23, nan 
-71.875, 57.875, 1.4012779199435523e-23, nan 
-71.625, 57.875, 1.3991418818153695e-23, nan 
-71.375, 57.875, 1.3329437763107257e-23, nan 
-71.125, 57.875, 1.4786372812958958e-23, nan 
-70.875, 57.875, 1.0107080987137621e-23, nan 
-70.625, 57.875, 1.3546240614600764e-23, nan 
-70.375, 57.875, 1.468563547048686e-23, nan 
-70.125, 57.875, 1.2906281254563897e-23, nan 
-69.875, 57.875, 1.323808042822265e-23, nan 
-69.625, 57.875, 1.1549327106080993e-23, nan 
-69.375, 57.875, 1.1540139324869495e-23, nan 
-69.125, 57.875, 1.0336895663438797e-23, nan 
-68.875, 57.875, 1.4555219555449866e-23, nan 
-68.625, 57.875, 1.9074168661846728e-23, nan 
-68.375, 57.875, 2.4629714980846316e-23, nan 
-68.125, 57.875, 3.630956344724387e-23, nan 
-67.875, 57.875, 3.202026598613734e-23, nan 
-67.625, 57.875, 1.4622730519838874e-23, nan 
-67.375, 57.875, 1.5851499587547168e-23, nan 
-67.125, 57.875, 1.7075551336637712e-23, nan 
-66.875, 57.875, 1.930318373769946e-23, nan 
-66.625, 57.875, 1.8809784292861582e-23, nan 
-66.375, 57.875, 1.1506453346037877e-23, nan 
-66.125, 57.875, 6.5907319195641355e-24, nan 
-65.875, 57.875, 1.0115683936172348e-23, nan 
-65.625, 57.875, 1.9032014669517584e-23, nan 
-65.375, 57.875, 2.6017884196972974e-23, nan 
-65.125, 57.875, 2.554134746122332e-23, nan 
-64.875, 57.875, 1.6240042346186474e-23, nan 
-64.625, 57.875, 1.9616845192887312e-23, nan 
-64.375, 57.875, 2.4307449453717942e-23, nan 
-64.125, 57.875, 2.2747790994828925e-23, nan 
-63.875, 57.875, 1.2730211491603832e-23, nan 
-63.625, 57.875, 1.1374652090605952e-23, nan 
-63.375, 57.875, 2.020955346675433e-23, nan 
-63.125, 57.875, 3.0810706771513935e-23, nan 
-62.875, 57.875, 3.9637772629302544e-23, nan 
-62.625, 57.875, 5.337721525356051e-23, nan 
-62.375, 57.875, 4.7311889269638014e-23, nan 
-62.125, 57.875, 2.0953904794769125e-23, nan 
-61.875, 57.875, 9.365757561903836e-24, nan 
-61.625, 57.875, 1.5414117801947918e-23, nan 
-61.375, 57.875, 2.1802087331079743e-23, nan 
-61.125, 57.875, 2.578699633099494e-23, nan 
-60.875, 57.875, 2.6034236160662876e-23, nan 
-60.625, 57.875, 3.1791214973547155e-23, nan 
-60.375, 57.875, 2.578996022229169e-23, nan 
-60.125, 57.875, 1.2222860644749105e-23, nan 
-59.875, 57.875, 1.3984347138919314e-23, nan 
-59.625, 57.875, 1.587663966734526e-23, nan 
-59.375, 57.875, 3.9789121605261977e-23, nan 
-59.125, 57.875, 3.52686648956565e-23, nan 
-58.875, 57.875, 1.0475600940393809e-23, nan 
-58.625, 57.875, 1.1417222485606995e-23, nan 
-58.375, 57.875, 1.2784339231272997e-23, nan 
-58.125, 57.875, 1.8233141456755778e-23, nan 
-57.875, 57.875, 2.0311347871867108e-23, nan 
-57.625, 57.875, 1.3350863887245703e-23, nan 
-57.375, 57.875, 1.2151158245556612e-23, nan 
-57.125, 57.875, 1.2110645167175097e-23, nan 
-56.875, 57.875, 1.0522321930381863e-23, nan 
-56.625, 57.875, 1.687137548125557e-23, nan 
-56.375, 57.875, 1.3351833850779804e-23, nan 
-56.125, 57.875, 1.0959166282521783e-23, nan 
-55.875, 57.875, 3.699827505329494e-23, nan 
-55.625, 57.875, 3.7951662122341916e-23, nan 
-55.375, 57.875, 3.309927958596076e-23, nan 
-55.125, 57.875, 3.1288604096223643e-23, nan 
-54.875, 57.875, 2.4091756388320657e-23, nan 
-54.625, 57.875, 1.8724697829843374e-23, nan 
-54.375, 57.875, 1.544729633540477e-23, nan 
-54.125, 57.875, 1.3122765063581414e-23, nan 
-53.875, 57.875, 1.3370785691159365e-23, nan 
-53.625, 57.875, 1.1130195174059074e-23, nan 
-53.375, 57.875, 2.007624235430991e-23, nan 
-53.125, 57.875, 2.5522267254423414e-23, nan 
-52.875, 57.875, 2.3392553733350927e-23, nan 
-52.625, 57.875, 1.7567597327104094e-23, nan 
-52.375, 57.875, 9.922999620242597e-24, nan 
-52.125, 57.875, 1.1997563659218421e-23, nan 
-51.875, 57.875, 1.801600030633748e-23, nan 
-51.625, 57.875, 2.314405733958111e-23, nan 
-51.375, 57.875, 2.3269192768405972e-23, nan 
-51.125, 57.875, 2.753683138525114e-23, nan 
-50.875, 57.875, 2.4774003491055247e-23, nan 
-50.625, 57.875, 1.66254819153982e-23, nan 
-50.375, 57.875, 1.926530066080144e-23, nan 
-50.125, 57.875, 1.775921071975051e-23, nan 
-49.875, 57.875, 1.1740301949362937e-23, nan 
-49.625, 57.875, 6.920978770739714e-24, nan 
-49.375, 57.875, 1.2593104995955269e-23, nan 
-49.125, 57.875, 2.0063203400107378e-23, nan 
-48.875, 57.875, 2.4751012020001745e-23, nan 
-48.625, 57.875, 2.4229320857017835e-23, nan 
-48.375, 57.875, 2.1568188347859424e-23, nan 
-48.125, 57.875, 2.0186751512858712e-23, nan 
-47.875, 57.875, 3.746439386520735e-23, nan 
-47.625, 57.875, 3.7735137771399415e-23, nan 
-47.375, 57.875, 2.738601447558778e-23, nan 
-47.125, 57.875, 2.3947823848483864e-23, nan 
-46.875, 57.875, 1.200999715285825e-23, nan 
-46.625, 57.875, 1.1948133013482818e-23, nan 
-46.375, 57.875, 1.682928514249597e-23, nan 
-46.125, 57.875, 1.7637853292312378e-23, nan 
-45.875, 57.875, 1.7836467401699405e-23, nan 
-45.625, 57.875, 3.921366808106232e-23, nan 
-45.375, 57.875, 4.075668962385854e-23, nan 
-45.125, 57.875, 2.7089536722130625e-23, nan 
-44.875, 57.875, 2.23005162843334e-23, nan 
-44.625, 57.875, 3.138635162013414e-23, nan 
-44.375, 57.875, 3.1275513232759804e-23, nan 
-44.125, 57.875, 1.7735288421271503e-23, nan 
-43.875, 57.875, 1.8446081691991712e-23, nan 
-43.625, 57.875, 1.9171615196242112e-23, nan 
-43.375, 57.875, 1.659582736778037e-23, nan 
-43.125, 57.875, 3.436812784796282e-23, nan 
-42.875, 57.875, 5.1548015360808294e-23, nan 
-42.625, 57.875, 5.169916189314289e-23, nan 
-42.375, 57.875, 1.8983433633672624e-23, nan 
-42.125, 57.875, 1.7121624880275965e-23, nan 
-41.875, 57.875, 1.4223151427207993e-23, nan 
-41.625, 57.875, 1.4880233068452193e-23, nan 
-41.375, 57.875, 2.830487191197753e-23, nan 
-41.125, 57.875, 6.20766402761944e-23, nan 
-40.875, 57.875, 9.384232851966608e-23, nan 
-40.625, 57.875, 8.118573745301007e-23, nan 
-40.375, 57.875, 6.00060771665997e-23, nan 
-40.125, 57.875, 5.284534235006608e-23, nan 
-39.875, 57.875, 4.5716279127936386e-23, nan 
-39.625, 57.875, 7.381880521337522e-23, nan 
-39.375, 57.875, 1.260175928358984e-22, nan 
-39.125, 57.875, 1.3682826679167793e-22, nan 
-38.875, 57.875, 1.071460846677226e-22, nan 
-38.625, 57.875, 3.7138639333967316e-23, nan 
-38.375, 57.875, 3.697047277106078e-23, nan 
-38.125, 57.875, 4.4696891351357254e-23, nan 
-37.875, 57.875, 5.189893431117659e-23, nan 
-37.625, 57.875, 3.7565503018091285e-23, nan 
-37.375, 57.875, 2.810223929749654e-23, nan 
-37.125, 57.875, 4.467478306640635e-23, nan 
-36.875, 57.875, 4.2884588596019927e-23, nan 
-36.625, 57.875, 5.2655309459399005e-23, nan 
-36.375, 57.875, 6.065031163926536e-23, nan 
-36.125, 57.875, 7.452549884455406e-23, nan 
-35.875, 57.875, 6.091790733604534e-23, nan 
-35.625, 57.875, 7.664899408862055e-23, nan 
-35.375, 57.875, 1.33745093377362e-22, nan 
-35.125, 57.875, 1.0394551311617721e-22, nan 
-34.875, 57.875, 6.864525184968894e-23, nan 
-34.625, 57.875, 9.674643892533643e-23, nan 
-34.375, 57.875, 5.813101163711403e-23, nan 
-34.125, 57.875, 8.283128218552263e-23, nan 
-33.875, 57.875, 4.4094106423185565e-23, nan 
-33.625, 57.875, 8.56193611599076e-23, nan 
-33.375, 57.875, 9.339865902547854e-23, nan 
-33.125, 57.875, 7.50832165460748e-23, nan 
-32.875, 57.875, 4.1727797091110236e-23, nan 
-32.625, 57.875, 1.4701188842050626e-22, nan 
-32.375, 57.875, 1.8326688326151323e-22, nan 
-32.125, 57.875, 1.7927086790660247e-22, nan 
-31.875, 57.875, 1.3564923471816608e-22, nan 
-31.625, 57.875, 5.729448518247094e-23, nan 
-31.375, 57.875, 9.603201073096596e-23, nan 
-31.125, 57.875, 2.932185643141476e-22, nan 
-30.875, 57.875, 2.539463693827493e-22, nan 
-30.625, 57.875, 1.7011628447654638e-22, nan 
-30.375, 57.875, 2.1476577888295557e-22, nan 
-30.125, 57.875, 2.0542915546704522e-22, nan 
-29.875, 57.875, 6.1292231831324715e-22, nan 
-29.625, 57.875, 8.3051367041841335e-22, nan 
-29.375, 57.875, 4.3987822094196e-22, nan 
-29.125, 57.875, 1.4969801701951052e-22, nan 
-28.875, 57.875, 7.606378208399495e-23, nan 
-28.625, 57.875, 2.614547901771976e-22, nan 
-28.375, 57.875, 4.295635684083775e-22, nan 
-28.125, 57.875, 4.861020913888027e-22, nan 
-27.875, 57.875, 5.357695620269574e-22, nan 
-27.625, 57.875, 7.520866102845733e-22, nan 
-27.375, 57.875, 7.129309052309024e-22, nan 
-27.125, 57.875, 4.845516162449672e-22, nan 
-26.875, 57.875, 3.0535701641546e-22, nan 
-26.625, 57.875, 3.8773688135361147e-22, nan 
-26.375, 57.875, 3.679774725268761e-22, nan 
-26.125, 57.875, 3.074792901109854e-22, nan 
-25.875, 57.875, 2.0991847454476475e-22, nan 
-25.625, 57.875, 5.868983348205726e-22, nan 
-25.375, 57.875, 6.947262739962854e-22, nan 
-25.125, 57.875, 4.343710920930964e-22, nan 
-24.875, 57.875, 1.4430862204290433e-21, nan 
-24.625, 57.875, 2.4719522002179562e-21, nan 
-24.375, 57.875, 3.028964394591657e-21, nan 
-24.125, 57.875, 2.018690924091397e-21, nan 
-23.875, 57.875, 2.0745309296193086e-21, nan 
-23.625, 57.875, 1.407276879370646e-21, nan 
-23.375, 57.875, 1.044945978793541e-21, nan 
-23.125, 57.875, 1.3937366396934762e-21, nan 
-74.625, 58.125, 1.2101276635760408e-23, nan 
-74.375, 58.125, 1.2854795976614631e-23, nan 
-74.125, 58.125, 2.852660332285831e-23, nan 
-73.875, 58.125, 2.6782542824228394e-23, nan 
-73.625, 58.125, 1.724462753670454e-23, nan 
-73.375, 58.125, 1.432747021958734e-23, nan 
-73.125, 58.125, 1.615946065888576e-23, nan 
-72.875, 58.125, 1.1950036235049644e-23, nan 
-72.625, 58.125, 1.0899384934676783e-23, nan 
-72.375, 58.125, 1.381453177143802e-23, nan 
-72.125, 58.125, 1.2678283049100528e-23, nan 
-71.875, 58.125, 1.2155553793568949e-23, nan 
-71.625, 58.125, 1.2851342436857307e-23, nan 
-71.375, 58.125, 2.4976515460688872e-23, nan 
-71.125, 58.125, 2.4355423767518557e-23, nan 
-70.875, 58.125, 1.335575069080859e-23, nan 
-70.625, 58.125, 1.6224543831168455e-23, nan 
-70.375, 58.125, 1.552207163585767e-23, nan 
-70.125, 58.125, 1.4838768598173198e-23, nan 
-69.875, 58.125, 1.4173417118740805e-23, nan 
-69.625, 58.125, 9.510242303655566e-24, nan 
-69.375, 58.125, 7.980157436738506e-24, nan 
-69.125, 58.125, 2.771075164144054e-23, nan 
-68.875, 58.125, 2.9676937337432134e-23, nan 
-68.625, 58.125, 2.2690351031579823e-23, nan 
-68.375, 58.125, 2.7079259770239896e-23, nan 
-68.125, 58.125, 2.677666081804563e-23, nan 
-67.875, 58.125, 2.0266796997589076e-23, nan 
-67.625, 58.125, 1.1549238782992773e-23, nan 
-67.375, 58.125, 1.4851320922850114e-23, nan 
-67.125, 58.125, 1.521921872833479e-23, nan 
-66.875, 58.125, 1.3619526537981534e-23, nan 
-66.625, 58.125, 1.827863998543552e-23, nan 
-66.375, 58.125, 1.6949131414825413e-23, nan 
-66.125, 58.125, 1.260182897655796e-23, nan 
-65.875, 58.125, 1.5595375682129443e-23, nan 
-65.625, 58.125, 1.2280790952279334e-23, nan 
-65.375, 58.125, 9.631280085398378e-24, nan 
-65.125, 58.125, 2.5920473794541224e-23, nan 
-64.875, 58.125, 3.325785578458096e-23, nan 
-64.625, 58.125, 2.9477431259999543e-23, nan 
-64.375, 58.125, 1.974052850419526e-23, nan 
-64.125, 58.125, 1.2043697717561391e-23, nan 
-63.875, 58.125, 1.5018400391965502e-23, nan 
-63.625, 58.125, 2.9004482681952394e-23, nan 
-63.375, 58.125, 3.230875880253581e-23, nan 
-63.125, 58.125, 4.3475208211509075e-23, nan 
-62.875, 58.125, 4.408057181346412e-23, nan 
-62.625, 58.125, 3.415315934086333e-23, nan 
-62.375, 58.125, 3.6494454031297524e-23, nan 
-62.125, 58.125, 2.4624015716072025e-23, nan 
-61.875, 58.125, 1.8149264043059647e-23, nan 
-61.625, 58.125, 2.3000433587128174e-23, nan 
-61.375, 58.125, 2.204370094880778e-23, nan 
-61.125, 58.125, 2.127550088388137e-23, nan 
-60.875, 58.125, 1.804088518621337e-23, nan 
-60.625, 58.125, 1.978485271237975e-23, nan 
-60.375, 58.125, 1.7570134283056127e-23, nan 
-60.125, 58.125, 1.7510874671976517e-23, nan 
-59.875, 58.125, 2.5277129492657857e-23, nan 
-59.625, 58.125, 4.016270276790811e-23, nan 
-59.375, 58.125, 3.960056735437133e-23, nan 
-59.125, 58.125, 2.1759665220577188e-23, nan 
-58.875, 58.125, 1.716649557117676e-23, nan 
-58.625, 58.125, 1.8103519682154392e-23, nan 
-58.375, 58.125, 2.0025698600913674e-23, nan 
-58.125, 58.125, 2.3613714284034008e-23, nan 
-57.875, 58.125, 1.5380307027574102e-23, nan 
-57.625, 58.125, 9.057767649215654e-24, nan 
-57.375, 58.125, 1.2219776576929018e-23, nan 
-57.125, 58.125, 1.3761487867968487e-23, nan 
-56.875, 58.125, 2.087682606789416e-23, nan 
-56.625, 58.125, 2.4398004701159977e-23, nan 
-56.375, 58.125, 1.4941359917841196e-23, nan 
-56.125, 58.125, 2.7787012753060454e-23, nan 
-55.875, 58.125, 3.482539786027805e-23, nan 
-55.625, 58.125, 1.7117368327103877e-23, nan 
-55.375, 58.125, 2.937579282646854e-23, nan 
-55.125, 58.125, 2.1155521726625794e-23, nan 
-54.875, 58.125, 1.8962595535342356e-23, nan 
-54.625, 58.125, 1.7616800314115366e-23, nan 
-54.375, 58.125, 1.5250807968180174e-23, nan 
-54.125, 58.125, 1.6681471960500686e-23, nan 
-53.875, 58.125, 2.047284958881145e-23, nan 
-53.625, 58.125, 2.996034632007094e-23, nan 
-53.375, 58.125, 2.953755543104746e-23, nan 
-53.125, 58.125, 2.3675892989906455e-23, nan 
-52.875, 58.125, 1.9150845275229105e-23, nan 
-52.625, 58.125, 1.4122289412613628e-23, nan 
-52.375, 58.125, 8.56613435710829e-24, nan 
-52.125, 58.125, 1.465287895097201e-23, nan 
-51.875, 58.125, 1.77036877691333e-23, nan 
-51.625, 58.125, 2.2412356321181756e-23, nan 
-51.375, 58.125, 2.2527198158737584e-23, nan 
-51.125, 58.125, 2.034293736123336e-23, nan 
-50.875, 58.125, 1.7033572537467472e-23, nan 
-50.625, 58.125, 2.18514825000019e-23, nan 
-50.375, 58.125, 1.9652643937606588e-23, nan 
-50.125, 58.125, 1.383526093687188e-23, nan 
-49.875, 58.125, 1.306020491789805e-23, nan 
-49.625, 58.125, 1.2806466396229003e-23, nan 
-49.375, 58.125, 1.4739759900993257e-23, nan 
-49.125, 58.125, 1.9589595676395226e-23, nan 
-48.875, 58.125, 1.84521368761346e-23, nan 
-48.625, 58.125, 3.0718543624407653e-23, nan 
-48.375, 58.125, 3.1976276293498145e-23, nan 
-48.125, 58.125, 3.92725847049608e-23, nan 
-47.875, 58.125, 4.037524214372308e-23, nan 
-47.625, 58.125, 2.20732180061769e-23, nan 
-47.375, 58.125, 1.7925628832495234e-23, nan 
-47.125, 58.125, 1.4768519185652717e-23, nan 
-46.875, 58.125, 2.637649997942687e-23, nan 
-46.625, 58.125, 3.3403502547962564e-23, nan 
-46.375, 58.125, 3.005990233242653e-23, nan 
-46.125, 58.125, 1.9143478533098102e-23, nan 
-45.875, 58.125, 3.168087870163352e-23, nan 
-45.625, 58.125, 3.667146312981919e-23, nan 
-45.375, 58.125, 2.1117632075104754e-23, nan 
-45.125, 58.125, 2.200576084653014e-23, nan 
-44.875, 58.125, 2.4957737509193472e-23, nan 
-44.625, 58.125, 3.1193297482465055e-23, nan 
-44.375, 58.125, 3.2402218994615243e-23, nan 
-44.125, 58.125, 2.5980640704199343e-23, nan 
-43.875, 58.125, 2.225101740045627e-23, nan 
-43.625, 58.125, 2.3962634921797372e-23, nan 
-43.375, 58.125, 2.2823364147333492e-23, nan 
-43.125, 58.125, 2.681653080829599e-23, nan 
-42.875, 58.125, 3.1785889262669615e-23, nan 
-42.625, 58.125, 6.274319632289192e-23, nan 
-42.375, 58.125, 6.955923493428937e-23, nan 
-42.125, 58.125, 4.8361347170691917e-23, nan 
-41.875, 58.125, 2.7881902422274135e-23, nan 
-41.625, 58.125, 3.0994162573584596e-23, nan 
-41.375, 58.125, 3.756810784848636e-23, nan 
-41.125, 58.125, 3.9993275154357645e-23, nan 
-40.875, 58.125, 7.904351181553325e-23, nan 
-40.625, 58.125, 9.791890119230279e-23, nan 
-40.375, 58.125, 1.0052757330198228e-22, nan 
-40.125, 58.125, 8.912143599307538e-23, nan 
-39.875, 58.125, 7.339753426171052e-23, nan 
-39.625, 58.125, 7.195884800016832e-23, nan 
-39.375, 58.125, 1.093887258563566e-22, nan 
-39.125, 58.125, 7.963983851929624e-23, nan 
-38.875, 58.125, 4.631577408856278e-23, nan 
-38.625, 58.125, 4.871466796283812e-23, nan 
-38.375, 58.125, 3.5185885215984225e-23, nan 
-38.125, 58.125, 3.067179197483256e-23, nan 
-37.875, 58.125, 2.750313428422964e-23, nan 
-37.625, 58.125, 5.694476988173603e-23, nan 
-37.375, 58.125, 6.575619497534286e-23, nan 
-37.125, 58.125, 5.054843468723876e-23, nan 
-36.875, 58.125, 4.093437883716236e-23, nan 
-36.625, 58.125, 4.7349716818738e-23, nan 
-36.375, 58.125, 3.75766099169924e-23, nan 
-36.125, 58.125, 3.3716142927312805e-23, nan 
-35.875, 58.125, 7.88073764503999e-23, nan 
-35.625, 58.125, 8.522133621295749e-23, nan 
-35.375, 58.125, 8.380083587854687e-23, nan 
-35.125, 58.125, 6.556721254076093e-23, nan 
-34.875, 58.125, 4.953647282052531e-23, nan 
-34.625, 58.125, 2.214335013580218e-22, nan 
-34.375, 58.125, 2.202978535850575e-22, nan 
-34.125, 58.125, 1.5331930362330998e-22, nan 
-33.875, 58.125, 1.1558125652377665e-22, nan 
-33.625, 58.125, 3.74939908007228e-23, nan 
-33.375, 58.125, 4.709751264341561e-23, nan 
-33.125, 58.125, 4.028383542796732e-23, nan 
-32.875, 58.125, 1.142787537534934e-22, nan 
-32.625, 58.125, 1.74339951988048e-22, nan 
-32.375, 58.125, 2.0380995635253933e-22, nan 
-32.125, 58.125, 1.781077669284445e-22, nan 
-31.875, 58.125, 1.7759390518186884e-22, nan 
-31.625, 58.125, 1.5715117800400145e-22, nan 
-31.375, 58.125, 1.128800932038869e-22, nan 
-31.125, 58.125, 2.378189031967008e-22, nan 
-30.875, 58.125, 1.9333456059134882e-22, nan 
-30.625, 58.125, 1.6838971106117516e-22, nan 
-30.375, 58.125, 1.5365717403956435e-22, nan 
-30.125, 58.125, 1.0544296503328947e-22, nan 
-29.875, 58.125, 4.0514551464364324e-22, nan 
-29.625, 58.125, 7.31276504017808e-22, nan 
-29.375, 58.125, 5.84604803867197e-22, nan 
-29.125, 58.125, 8.364154295142838e-22, nan 
-28.875, 58.125, 3.1546876023308453e-22, nan 
-28.625, 58.125, 6.014444384799205e-22, nan 
-28.375, 58.125, 7.3084124928019965e-22, nan 
-28.125, 58.125, 4.271902529793576e-22, nan 
-27.875, 58.125, 3.2557368921049125e-22, nan 
-27.625, 58.125, 5.801822634480176e-22, nan 
-27.375, 58.125, 5.131074416105445e-22, nan 
-27.125, 58.125, 2.937513725355166e-22, nan 
-26.875, 58.125, 3.803724465557002e-22, nan 
-26.625, 58.125, 3.8851656758266496e-22, nan 
-26.375, 58.125, 2.44457457826032e-22, nan 
-26.125, 58.125, 2.7190381829790894e-22, nan 
-25.875, 58.125, 3.0397614312466857e-22, nan 
-25.625, 58.125, 2.9363457739759056e-22, nan 
-25.375, 58.125, 3.5727752419458377e-22, nan 
-25.125, 58.125, 4.749796191823537e-22, nan 
-24.875, 58.125, 5.02168259271512e-22, nan 
-24.625, 58.125, 6.07550941279155e-22, nan 
-24.375, 58.125, 1.9945139491609277e-21, nan 
-24.125, 58.125, 1.88733634543049e-21, nan 
-23.875, 58.125, 1.6057491635887506e-21, nan 
-23.625, 58.125, 5.785898934377219e-22, nan 
-23.375, 58.125, 4.693738535333963e-22, nan 
-23.125, 58.125, 8.708506238508622e-22, nan 
-22.875, 58.125, 9.115839903155546e-22, nan 
-22.625, 58.125, 7.062987348534037e-22, nan 
-22.375, 58.125, 5.99191453356221e-22, nan 
-74.875, 58.375, 1.464099268240577e-23, nan 
-74.625, 58.375, 1.3385290161356347e-23, nan 
-74.375, 58.375, 1.0631440815656521e-23, nan 
-74.125, 58.375, 1.7927934828552865e-23, nan 
-73.875, 58.375, 1.3807471911696085e-23, nan 
-73.625, 58.375, 1.2898805332647517e-23, nan 
-73.375, 58.375, 1.2522456935146935e-23, nan 
-73.125, 58.375, 1.5845729772164112e-23, nan 
-72.875, 58.375, 1.6586294750552044e-23, nan 
-72.625, 58.375, 1.7568085794696558e-23, nan 
-72.375, 58.375, 1.9435266976716975e-23, nan 
-72.125, 58.375, 1.807306480439931e-23, nan 
-71.875, 58.375, 1.7989415022470115e-23, nan 
-71.625, 58.375, 2.0420594964465266e-23, nan 
-71.375, 58.375, 2.5219845122436317e-23, nan 
-71.125, 58.375, 2.039111301122382e-23, nan 
-70.875, 58.375, 1.349920005343211e-23, nan 
-70.625, 58.375, 1.5115178095499583e-23, nan 
-70.375, 58.375, 1.2491432175509693e-23, nan 
-70.125, 58.375, 1.1815512745652357e-23, nan 
-69.875, 58.375, 1.2197262197196672e-23, nan 
-69.625, 58.375, 1.4132929107753838e-23, nan 
-69.375, 58.375, 1.9703858099635778e-23, nan 
-69.125, 58.375, 2.941839282923509e-23, nan 
-68.875, 58.375, 2.1165501987609567e-23, nan 
-68.625, 58.375, 2.1805408150279486e-23, nan 
-68.375, 58.375, 2.2847972839596722e-23, nan 
-68.125, 58.375, 1.36714638435367e-23, nan 
-67.875, 58.375, 1.229431941455434e-23, nan 
-67.625, 58.375, 1.2532779665885045e-23, nan 
-67.375, 58.375, 1.2932901843299302e-23, nan 
-67.125, 58.375, 2.0419036583934751e-23, nan 
-66.875, 58.375, 2.322851011700033e-23, nan 
-66.625, 58.375, 1.9352453652330512e-23, nan 
-66.375, 58.375, 1.477319012738254e-23, nan 
-66.125, 58.375, 1.2903390775888275e-23, nan 
-65.875, 58.375, 1.5949782554009477e-23, nan 
-65.625, 58.375, 1.297071595078755e-23, nan 
-65.375, 58.375, 1.698272924946085e-23, nan 
-65.125, 58.375, 2.7567243707855496e-23, nan 
-64.875, 58.375, 4.703750555301772e-23, nan 
-64.625, 58.375, 4.328357165980569e-23, nan 
-64.375, 58.375, 1.718893150782867e-23, nan 
-64.125, 58.375, 1.8950196616088008e-23, nan 
-63.875, 58.375, 2.1791926879988825e-23, nan 
-63.625, 58.375, 2.763868305136545e-23, nan 
-63.375, 58.375, 2.957784255251204e-23, nan 
-63.125, 58.375, 3.566704017044213e-23, nan 
-62.875, 58.375, 3.089268929294131e-23, nan 
-62.625, 58.375, 2.1581795124186872e-23, nan 
-62.375, 58.375, 1.7057773550525214e-23, nan 
-62.125, 58.375, 2.4492045166931605e-23, nan 
-61.875, 58.375, 2.866487025130773e-23, nan 
-61.625, 58.375, 2.0014705287697497e-23, nan 
-61.375, 58.375, 1.7803410115019712e-23, nan 
-61.125, 58.375, 2.498694289367767e-23, nan 
-60.875, 58.375, 2.55814638284557e-23, nan 
-60.625, 58.375, 2.0992712901345673e-23, nan 
-60.375, 58.375, 1.254500547830504e-23, nan 
-60.125, 58.375, 2.703170301431293e-23, nan 
-59.875, 58.375, 4.5204496916214025e-23, nan 
-59.625, 58.375, 4.3528508557724535e-23, nan 
-59.375, 58.375, 2.5779390880986914e-23, nan 
-59.125, 58.375, 1.253739840023968e-23, nan 
-58.875, 58.375, 1.9196288899171966e-23, nan 
-58.625, 58.375, 1.6047849636253975e-23, nan 
-58.375, 58.375, 2.0448286251503887e-23, nan 
-58.125, 58.375, 2.0095596894798695e-23, nan 
-57.875, 58.375, 8.678255467241142e-24, nan 
-57.625, 58.375, 1.1243314100472541e-23, nan 
-57.375, 58.375, 1.497257387047039e-23, nan 
-57.125, 58.375, 2.08371610366549e-23, nan 
-56.875, 58.375, 2.807492989308693e-23, nan 
-56.625, 58.375, 2.5418978767953837e-23, nan 
-56.375, 58.375, 1.6745636179630847e-23, nan 
-56.125, 58.375, 3.6131130534956937e-23, nan 
-55.875, 58.375, 3.1963400957145915e-23, nan 
-55.625, 58.375, 2.768641692872378e-23, nan 
-55.375, 58.375, 3.3995338158956775e-23, nan 
-55.125, 58.375, 2.185517973659601e-23, nan 
-54.875, 58.375, 2.0727195534040563e-23, nan 
-54.625, 58.375, 1.8760507328508804e-23, nan 
-54.375, 58.375, 1.8785371650600248e-23, nan 
-54.125, 58.375, 1.9633663304701562e-23, nan 
-53.875, 58.375, 2.2632551940296666e-23, nan 
-53.625, 58.375, 2.685507910019093e-23, nan 
-53.375, 58.375, 1.7606675315764786e-23, nan 
-53.125, 58.375, 1.7548405173415374e-23, nan 
-52.875, 58.375, 1.856463905492746e-23, nan 
-52.625, 58.375, 2.1085187863600965e-23, nan 
-52.375, 58.375, 2.4639917233529678e-23, nan 
-52.125, 58.375, 3.083834126745299e-23, nan 
-51.875, 58.375, 2.927335856626621e-23, nan 
-51.625, 58.375, 1.8357247569258116e-23, nan 
-51.375, 58.375, 1.081146922801837e-23, nan 
-51.125, 58.375, 1.72474451971659e-23, nan 
-50.875, 58.375, 2.1940450310068305e-23, nan 
-50.625, 58.375, 2.7185890908790123e-23, nan 
-50.375, 58.375, 1.5232345123799846e-23, nan 
-50.125, 58.375, 1.3044064053730584e-23, nan 
-49.875, 58.375, 1.1216092657556377e-23, nan 
-49.625, 58.375, 1.4230281402534337e-23, nan 
-49.375, 58.375, 1.5055228190978178e-23, nan 
-49.125, 58.375, 1.3456506534438004e-23, nan 
-48.875, 58.375, 1.3385133955430122e-23, nan 
-48.625, 58.375, 1.1445265835168009e-23, nan 
-48.375, 58.375, 3.0543113841026507e-23, nan 
-48.125, 58.375, 4.1337137247165745e-23, nan 
-47.875, 58.375, 3.5983433828844436e-23, nan 
-47.625, 58.375, 2.648768410995516e-23, nan 
-47.375, 58.375, 2.6450291885931253e-23, nan 
-47.125, 58.375, 3.6024282111854774e-23, nan 
-46.875, 58.375, 3.347000498462296e-23, nan 
-46.625, 58.375, 2.285212166162434e-23, nan 
-46.375, 58.375, 2.0071840805090205e-23, nan 
-46.125, 58.375, 3.80297047978968e-23, nan 
-45.875, 58.375, 3.315126420994589e-23, nan 
-45.625, 58.375, 2.0695748980425003e-23, nan 
-45.375, 58.375, 2.686642564421506e-23, nan 
-45.125, 58.375, 2.609638907388237e-23, nan 
-44.875, 58.375, 2.0748060660281605e-23, nan 
-44.625, 58.375, 1.811577971626125e-23, nan 
-44.375, 58.375, 1.5313679481923432e-23, nan 
-44.125, 58.375, 2.104890714555262e-23, nan 
-43.875, 58.375, 3.6267694065979985e-23, nan 
-43.625, 58.375, 2.878585212201115e-23, nan 
-43.375, 58.375, 2.1146516164103428e-23, nan 
-43.125, 58.375, 2.0449929561749333e-23, nan 
-42.875, 58.375, 7.300238032718204e-23, nan 
-42.625, 58.375, 7.421206001783885e-23, nan 
-42.375, 58.375, 6.574227364138705e-23, nan 
-42.125, 58.375, 3.518226395705357e-23, nan 
-41.875, 58.375, 3.713545539841697e-23, nan 
-41.625, 58.375, 2.379644211346666e-23, nan 
-41.375, 58.375, 2.1157099991476196e-23, nan 
-41.125, 58.375, 3.509449904707353e-23, nan 
-40.875, 58.375, 4.627863168404339e-23, nan 
-40.625, 58.375, 6.422043343568922e-23, nan 
-40.375, 58.375, 7.489771390558482e-23, nan 
-40.125, 58.375, 4.8514832021590085e-23, nan 
-39.875, 58.375, 7.90857510815344e-23, nan 
-39.625, 58.375, 7.774241014225571e-23, nan 
-39.375, 58.375, 3.938896562261812e-23, nan 
-39.125, 58.375, 4.652590461483935e-23, nan 
-38.875, 58.375, 3.9058293928072343e-23, nan 
-38.625, 58.375, 2.0971795153788108e-23, nan 
-38.375, 58.375, 2.271101546279881e-23, nan 
-38.125, 58.375, 3.1873058501723626e-23, nan 
-37.875, 58.375, 3.622125115476357e-23, nan 
-37.625, 58.375, 2.609385231650297e-23, nan 
-37.375, 58.375, 3.6075478391068035e-23, nan 
-37.125, 58.375, 5.067636542180727e-23, nan 
-36.875, 58.375, 4.049593491969966e-23, nan 
-36.625, 58.375, 4.449299258188355e-23, nan 
-36.375, 58.375, 4.955950899462101e-23, nan 
-36.125, 58.375, 4.8525216691884097e-23, nan 
-35.875, 58.375, 6.670342612761624e-23, nan 
-35.625, 58.375, 9.590263319665257e-23, nan 
-35.375, 58.375, 8.403335798606376e-23, nan 
-35.125, 58.375, 3.529650645852872e-23, nan 
-34.875, 58.375, 5.2411317062489063e-23, nan 
-34.625, 58.375, 7.815084471614281e-23, nan 
-34.375, 58.375, 7.243635186073967e-23, nan 
-34.125, 58.375, 1.1360202776648495e-22, nan 
-33.875, 58.375, 9.268480949656956e-23, nan 
-33.625, 58.375, 7.93908310012776e-23, nan 
-33.375, 58.375, 1.3062743216485332e-22, nan 
-33.125, 58.375, 9.816341986203793e-23, nan 
-32.875, 58.375, 8.478603377146459e-23, nan 
-32.625, 58.375, 1.2302045348300644e-22, nan 
-32.375, 58.375, 1.7843723426986048e-22, nan 
-32.125, 58.375, 1.1186433621426617e-22, nan 
-31.875, 58.375, 4.3227048982211e-23, nan 
-31.625, 58.375, 8.03497125875466e-23, nan 
-31.375, 58.375, 1.2322646846988327e-22, nan 
-31.125, 58.375, 2.4099943562658834e-22, nan 
-30.875, 58.375, 1.948350531418283e-22, nan 
-30.625, 58.375, 1.2577882222441532e-22, nan 
-30.375, 58.375, 8.361787132684798e-23, nan 
-30.125, 58.375, 8.77962948336784e-22, nan 
-29.875, 58.375, 1.151553420144108e-21, nan 
-29.625, 58.375, 1.142836653591325e-21, nan 
-29.375, 58.375, 7.577630578129998e-22, nan 
-29.125, 58.375, 1.3660456675341961e-21, nan 
-28.875, 58.375, 1.2152200877099457e-21, nan 
-28.625, 58.375, 1.092505041188541e-21, nan 
-28.375, 58.375, 7.792726276962887e-22, nan 
-28.125, 58.375, 5.916159176451064e-22, nan 
-27.875, 58.375, 5.541194014254304e-22, nan 
-27.625, 58.375, 5.824760263865635e-22, nan 
-27.375, 58.375, 4.316972988239811e-22, nan 
-27.125, 58.375, 2.1881799579577277e-22, nan 
-26.875, 58.375, 3.8804201344039965e-22, nan 
-26.625, 58.375, 3.8253278056967087e-22, nan 
-26.375, 58.375, 3.428314138606148e-22, nan 
-26.125, 58.375, 5.7804666593640205e-22, nan 
-25.875, 58.375, 4.790187265638475e-22, nan 
-25.625, 58.375, 3.379431110533182e-22, nan 
-25.375, 58.375, 4.2241497516597512e-22, nan 
-25.125, 58.375, 4.0366584325086765e-22, nan 
-24.875, 58.375, 2.897235835455145e-22, nan 
-24.625, 58.375, 3.598999484877997e-22, nan 
-24.375, 58.375, 7.603355549794678e-22, nan 
-24.125, 58.375, 1.2378012554704264e-21, nan 
-23.875, 58.375, 1.0904019877662322e-21, nan 
-23.625, 58.375, 1.0126050849582268e-21, nan 
-23.375, 58.375, 7.562283917119358e-22, nan 
-23.125, 58.375, 6.895848100490545e-22, nan 
-22.875, 58.375, 5.542087579457399e-22, nan 
-22.625, 58.375, 5.999478220445517e-22, nan 
-22.375, 58.375, 8.2050363758647255e-22, nan 
-22.125, 58.375, 7.934339552651131e-22, nan 
-21.875, 58.375, 8.642493264254203e-22, nan 
-75.125, 58.625, 1.7076496521181846e-23, nan 
-74.875, 58.625, 1.6299385564873955e-23, nan 
-74.625, 58.625, 1.1240720185096785e-23, nan 
-74.375, 58.625, 1.0560210290741693e-23, nan 
-74.125, 58.625, 1.1737599017707102e-23, nan 
-73.875, 58.625, 1.2224566718010518e-23, nan 
-73.625, 58.625, 1.2633841541264174e-23, nan 
-73.375, 58.625, 1.2392026461777273e-23, nan 
-73.125, 58.625, 2.251632227573168e-23, nan 
-72.875, 58.625, 2.5480930227823405e-23, nan 
-72.625, 58.625, 2.221472898732214e-23, nan 
-72.375, 58.625, 2.2781812535052917e-23, nan 
-72.125, 58.625, 2.2441978272157726e-23, nan 
-71.875, 58.625, 2.0854215339766816e-23, nan 
-71.625, 58.625, 1.803984141198708e-23, nan 
-71.375, 58.625, 1.9387121127195643e-23, nan 
-71.125, 58.625, 1.3578407969468156e-23, nan 
-70.875, 58.625, 1.4138104800193565e-23, nan 
-70.625, 58.625, 1.3300393766927557e-23, nan 
-70.375, 58.625, 1.7488763613912773e-23, nan 
-70.125, 58.625, 2.4213079915962023e-23, nan 
-69.875, 58.625, 2.2083502110159042e-23, nan 
-69.625, 58.625, 2.0086144474999227e-23, nan 
-69.375, 58.625, 2.81405364522725e-23, nan 
-69.125, 58.625, 2.7704100528495744e-23, nan 
-68.875, 58.625, 9.640309240284554e-24, nan 
-68.625, 58.625, 8.098229998019552e-24, nan 
-68.375, 58.625, 1.871499216235785e-23, nan 
-68.125, 58.625, 2.1588163157881594e-23, nan 
-67.875, 58.625, 1.8739719606132013e-23, nan 
-67.625, 58.625, 1.858040183933451e-23, nan 
-67.375, 58.625, 1.4296858899711814e-23, nan 
-67.125, 58.625, 1.643527747125209e-23, nan 
-66.875, 58.625, 1.49781132355242e-23, nan 
-66.625, 58.625, 1.909092189302195e-23, nan 
-66.375, 58.625, 2.5500496238639684e-23, nan 
-66.125, 58.625, 2.6136828169989636e-23, nan 
-65.875, 58.625, 2.3242847424398427e-23, nan 
-65.625, 58.625, 1.8921602946941894e-23, nan 
-65.375, 58.625, 2.7340114139245274e-23, nan 
-65.125, 58.625, 2.779465582273593e-23, nan 
-64.875, 58.625, 4.1132540265393534e-23, nan 
-64.625, 58.625, 3.9433896986052717e-23, nan 
-64.375, 58.625, 2.2319265331047337e-23, nan 
-64.125, 58.625, 2.0143870952016968e-23, nan 
-63.875, 58.625, 2.0263085794379265e-23, nan 
-63.625, 58.625, 1.1810800090860779e-23, nan 
-63.375, 58.625, 2.1648852014306505e-23, nan 
-63.125, 58.625, 2.3120918609221416e-23, nan 
-62.875, 58.625, 2.9164348903487886e-23, nan 
-62.625, 58.625, 3.225670824367671e-23, nan 
-62.375, 58.625, 2.2017829108365804e-23, nan 
-62.125, 58.625, 1.944984173245032e-23, nan 
-61.875, 58.625, 2.7302138379343456e-23, nan 
-61.625, 58.625, 2.5641533704959978e-23, nan 
-61.375, 58.625, 2.472127287699487e-23, nan 
-61.125, 58.625, 2.184839641921011e-23, nan 
-60.875, 58.625, 2.5683201878038242e-23, nan 
-60.625, 58.625, 3.0556892460576856e-23, nan 
-60.375, 58.625, 2.746325144739963e-23, nan 
-60.125, 58.625, 4.478840532143822e-23, nan 
-59.875, 58.625, 4.916547078162107e-23, nan 
-59.625, 58.625, 1.8211947649479294e-23, nan 
-59.375, 58.625, 1.0999446608736136e-23, nan 
-59.125, 58.625, 1.885635177775613e-23, nan 
-58.875, 58.625, 2.2698599961096912e-23, nan 
-58.625, 58.625, 2.414712568913669e-23, nan 
-58.375, 58.625, 1.8940115414463382e-23, nan 
-58.125, 58.625, 7.557804352879223e-24, nan 
-57.875, 58.625, 1.3287889223836423e-23, nan 
-57.625, 58.625, 2.4143600748841294e-23, nan 
-57.375, 58.625, 2.3176672506708816e-23, nan 
-57.125, 58.625, 1.9795994302812977e-23, nan 
-56.875, 58.625, 2.0562171049986316e-23, nan 
-56.625, 58.625, 2.4396144770376106e-23, nan 
-56.375, 58.625, 4.537476640029679e-23, nan 
-56.125, 58.625, 4.1692712839147154e-23, nan 
-55.875, 58.625, 1.5423015119119182e-23, nan 
-55.625, 58.625, 1.6737544067454638e-23, nan 
-55.375, 58.625, 3.35383363469895e-23, nan 
-55.125, 58.625, 3.140389517393797e-23, nan 
-54.875, 58.625, 2.5987234574224352e-23, nan 
-54.625, 58.625, 2.4443900752838293e-23, nan 
-54.375, 58.625, 1.999806546008802e-23, nan 
-54.125, 58.625, 1.6065354661209664e-23, nan 
-53.875, 58.625, 1.6293886136176767e-23, nan 
-53.625, 58.625, 1.6939910619931812e-23, nan 
-53.375, 58.625, 1.2146489102289047e-23, nan 
-53.125, 58.625, 1.3255523558087975e-23, nan 
-52.875, 58.625, 9.452990629766205e-24, nan 
-52.625, 58.625, 1.2732346817843166e-23, nan 
-52.375, 58.625, 2.5232118156297914e-23, nan 
-52.125, 58.625, 2.891043989855361e-23, nan 
-51.875, 58.625, 1.8091574795570144e-23, nan 
-51.625, 58.625, 1.420872405544997e-23, nan 
-51.375, 58.625, 3.025311430511411e-23, nan 
-51.125, 58.625, 2.829624133833093e-23, nan 
-50.875, 58.625, 2.8785504203733637e-23, nan 
-50.625, 58.625, 2.5671879293381565e-23, nan 
-50.375, 58.625, 1.3020454031991036e-23, nan 
-50.125, 58.625, 1.0035039342365378e-23, nan 
-49.875, 58.625, 1.242076195175629e-23, nan 
-49.625, 58.625, 3.6791731803433355e-23, nan 
-49.375, 58.625, 3.0770992804370524e-23, nan 
-49.125, 58.625, 1.651875839836828e-23, nan 
-48.875, 58.625, 2.371774024502779e-23, nan 
-48.625, 58.625, 3.8730434659797784e-23, nan 
-48.375, 58.625, 4.082885631762694e-23, nan 
-48.125, 58.625, 3.5259230785380475e-23, nan 
-47.875, 58.625, 2.6317724460241958e-23, nan 
-47.625, 58.625, 2.5599054797999864e-23, nan 
-47.375, 58.625, 2.828994934647223e-23, nan 
-47.125, 58.625, 2.7409519228995556e-23, nan 
-46.875, 58.625, 2.2853218415126214e-23, nan 
-46.625, 58.625, 2.931807050603861e-23, nan 
-46.375, 58.625, 4.310264563708537e-23, nan 
-46.125, 58.625, 4.577677278286844e-23, nan 
-45.875, 58.625, 2.483505573430645e-23, nan 
-45.625, 58.625, 2.411455698407372e-23, nan 
-45.375, 58.625, 2.780912341468859e-23, nan 
-45.125, 58.625, 2.569471254775046e-23, nan 
-44.875, 58.625, 2.615502413501086e-23, nan 
-44.625, 58.625, 1.7409353946156135e-23, nan 
-44.375, 58.625, 3.840311483520862e-23, nan 
-44.125, 58.625, 5.37400440375549e-23, nan 
-43.875, 58.625, 4.279579742705503e-23, nan 
-43.625, 58.625, 4.234585344442123e-23, nan 
-43.375, 58.625, 5.53085980961704e-23, nan 
-43.125, 58.625, 1.3874424967047738e-22, nan 
-42.875, 58.625, 2.148836460188074e-22, nan 
-42.625, 58.625, 1.9964513185122461e-22, nan 
-42.375, 58.625, 1.5278756800721012e-22, nan 
-42.125, 58.625, 5.066776874472551e-23, nan 
-41.875, 58.625, 4.090946049818117e-23, nan 
-41.625, 58.625, 3.2335799914412926e-23, nan 
-41.375, 58.625, 2.995861519158626e-23, nan 
-41.125, 58.625, 2.2640893509218498e-23, nan 
-40.875, 58.625, 2.7635306828413503e-23, nan 
-40.625, 58.625, 2.686169970748722e-23, nan 
-40.375, 58.625, 2.4480813456888546e-23, nan 
-40.125, 58.625, 5.0214347980747705e-23, nan 
-39.875, 58.625, 5.256769453864707e-23, nan 
-39.625, 58.625, 3.758414878930938e-23, nan 
-39.375, 58.625, 3.9956031597120727e-23, nan 
-39.125, 58.625, 2.046506394842411e-23, nan 
-38.875, 58.625, 4.964752107992079e-23, nan 
-38.625, 58.625, 4.728720304362889e-23, nan 
-38.375, 58.625, 2.711246425801424e-23, nan 
-38.125, 58.625, 3.380212442787871e-23, nan 
-37.875, 58.625, 3.768908234746079e-23, nan 
-37.625, 58.625, 3.872400531181642e-23, nan 
-37.375, 58.625, 4.579055137252707e-23, nan 
-37.125, 58.625, 2.9627980700136407e-23, nan 
-36.875, 58.625, 1.513922634739384e-23, nan 
-36.625, 58.625, 6.64622194967653e-23, nan 
-36.375, 58.625, 8.319773774879988e-23, nan 
-36.125, 58.625, 6.6018718963125e-23, nan 
-35.875, 58.625, 5.434913007764006e-23, nan 
-35.625, 58.625, 5.994928336206409e-23, nan 
-35.375, 58.625, 1.0212053808516269e-22, nan 
-35.125, 58.625, 1.0342520008373851e-22, nan 
-34.875, 58.625, 6.62519153316305e-23, nan 
-34.625, 58.625, 4.680236929798727e-23, nan 
-34.375, 58.625, 2.254588822882847e-23, nan 
-34.125, 58.625, 2.764734374797929e-23, nan 
-33.875, 58.625, 4.531031554925262e-23, nan 
-33.625, 58.625, 2.2222735493662613e-22, nan 
-33.375, 58.625, 2.688036990318177e-22, nan 
-33.125, 58.625, 1.3883322610555726e-22, nan 
-32.875, 58.625, 1.1226341508045287e-22, nan 
-32.625, 58.625, 1.619486144062515e-22, nan 
-32.375, 58.625, 1.1173412628353939e-22, nan 
-32.125, 58.625, 5.410720721007486e-23, nan 
-31.875, 58.625, 7.082932785107531e-23, nan 
-31.625, 58.625, 7.467654541683801e-23, nan 
-31.375, 58.625, 7.477739920353185e-23, nan 
-31.125, 58.625, 1.600854363841574e-22, nan 
-30.875, 58.625, 2.5989698672469023e-22, nan 
-30.625, 58.625, 1.8800786131260334e-22, nan 
-30.375, 58.625, 1.7056414515891717e-22, nan 
-30.125, 58.625, 2.119684957547313e-22, nan 
-29.875, 58.625, 4.603136138999673e-22, nan 
-29.625, 58.625, 9.064628641736495e-22, nan 
-29.375, 58.625, 5.5220501204242365e-22, nan 
-29.125, 58.625, 5.3779712768039955e-22, nan 
-28.875, 58.625, 9.396730612680562e-22, nan 
-28.625, 58.625, 1.7424956060892665e-21, nan 
-28.375, 58.625, 1.6420783280331189e-21, nan 
-28.125, 58.625, 1.287363355569893e-21, nan 
-27.875, 58.625, 5.736534123816797e-22, nan 
-27.625, 58.625, 6.0734482857229745e-22, nan 
-27.375, 58.625, 5.379621897382406e-22, nan 
-27.125, 58.625, 4.836590433139918e-22, nan 
-26.875, 58.625, 5.531217858686201e-22, nan 
-26.625, 58.625, 5.701766474952348e-22, nan 
-26.375, 58.625, 5.668069110882584e-22, nan 
-26.125, 58.625, 6.478133642809165e-22, nan 
-25.875, 58.625, 4.547275051464276e-22, nan 
-25.625, 58.625, 4.974343687769994e-22, nan 
-25.375, 58.625, 4.893259691651126e-22, nan 
-25.125, 58.625, 4.0125342610990125e-22, nan 
-24.875, 58.625, 2.929212799337247e-22, nan 
-24.625, 58.625, 6.469030034269812e-22, nan 
-24.375, 58.625, 9.585115297657627e-22, nan 
-24.125, 58.625, 1.0873729936719949e-21, nan 
-23.875, 58.625, 1.3854510597670199e-21, nan 
-23.625, 58.625, 1.4090822992703945e-21, nan 
-23.375, 58.625, 8.52875186913725e-22, nan 
-23.125, 58.625, 6.850566118712489e-22, nan 
-22.875, 58.625, 7.587406394968558e-22, nan 
-22.625, 58.625, 6.497764129576894e-22, nan 
-22.375, 58.625, 9.090264653903928e-22, nan 
-22.125, 58.625, 9.563471324690848e-22, nan 
-21.875, 58.625, 9.495482027117209e-22, nan 
-21.625, 58.625, 1.0919742153944473e-21, nan 
-21.375, 58.625, 1.7748533684904503e-21, nan 
-21.125, 58.625, 4.012609485903475e-21, nan 
-75.625, 58.875, 3.446254154106194e-23, nan 
-75.375, 58.875, 3.286160043523517e-23, nan 
-75.125, 58.875, 1.6310856884655182e-23, nan 
-74.875, 58.875, 1.1740756263083805e-23, nan 
-74.625, 58.875, 1.3055391102862022e-23, nan 
-74.375, 58.875, 1.2021663656596224e-23, nan 
-74.125, 58.875, 1.2236584729447968e-23, nan 
-73.875, 58.875, 1.5846396726010312e-23, nan 
-73.625, 58.875, 1.3971682133249786e-23, nan 
-73.375, 58.875, 2.1460610534957884e-23, nan 
-73.125, 58.875, 2.7663745869957376e-23, nan 
-72.875, 58.875, 2.5423105164782872e-23, nan 
-72.625, 58.875, 2.8178208845516525e-23, nan 
-72.375, 58.875, 2.978870879630797e-23, nan 
-72.125, 58.875, 2.2897765062522718e-23, nan 
-71.875, 58.875, 2.1399848011717836e-23, nan 
-71.625, 58.875, 1.843753962652673e-23, nan 
-71.375, 58.875, 1.7678743181539405e-23, nan 
-71.125, 58.875, 1.8039484994584643e-23, nan 
-70.875, 58.875, 1.9776263930769324e-23, nan 
-70.625, 58.875, 2.6618884468004027e-23, nan 
-70.375, 58.875, 3.069320796348528e-23, nan 
-70.125, 58.875, 2.60499874102815e-23, nan 
-69.875, 58.875, 1.80523995360531e-23, nan 
-69.625, 58.875, 1.6180426887859098e-23, nan 
-69.375, 58.875, 1.3172040272227549e-23, nan 
-69.125, 58.875, 5.487217929634972e-24, nan 
-68.875, 58.875, 1.0559749205623282e-23, nan 
-68.625, 58.875, 2.0628830183150307e-23, nan 
-68.375, 58.875, 3.103949086520824e-23, nan 
-68.125, 58.875, 3.0797060285451185e-23, nan 
-67.875, 58.875, 2.41736486586148e-23, nan 
-67.625, 58.875, 1.9535545798831934e-23, nan 
-67.375, 58.875, 1.5992979757723963e-23, nan 
-67.125, 58.875, 2.7428968739922596e-23, nan 
-66.875, 58.875, 2.684859417353165e-23, nan 
-66.625, 58.875, 2.898876578438861e-23, nan 
-66.375, 58.875, 2.749797932139996e-23, nan 
-66.125, 58.875, 2.4039055461064624e-23, nan 
-65.875, 58.875, 2.2020992792804728e-23, nan 
-65.625, 58.875, 2.761109533169214e-23, nan 
-65.375, 58.875, 2.9326810631527354e-23, nan 
-65.125, 58.875, 2.4583537776297578e-23, nan 
-64.875, 58.875, 2.4092705894139826e-23, nan 
-64.625, 58.875, 5.287449876046295e-24, nan 
-64.375, 58.875, 2.0715941684802214e-23, nan 
-64.125, 58.875, 2.3403340241007975e-23, nan 
-63.875, 58.875, 3.4151080333134396e-23, nan 
-63.625, 58.875, 3.391060238694921e-23, nan 
-63.375, 58.875, 1.9398421425783135e-23, nan 
-63.125, 58.875, 1.3602035523413027e-23, nan 
-62.875, 58.875, 2.003242451153511e-23, nan 
-62.625, 58.875, 1.349163753929131e-23, nan 
-62.375, 58.875, 2.959999614318144e-23, nan 
-62.125, 58.875, 3.0742106229116174e-23, nan 
-61.875, 58.875, 2.5247956859753933e-23, nan 
-61.625, 58.875, 3.035044469362577e-23, nan 
-61.375, 58.875, 2.728924492586544e-23, nan 
-61.125, 58.875, 1.8373824775823823e-23, nan 
-60.875, 58.875, 3.274647840853099e-23, nan 
-60.625, 58.875, 3.591713812578517e-23, nan 
-60.375, 58.875, 2.1783495156106707e-23, nan 
-60.125, 58.875, 7.472268057550211e-24, nan 
-59.875, 58.875, 4.064999117921383e-23, nan 
-59.625, 58.875, 3.714625167416815e-23, nan 
-59.375, 58.875, 2.650461261841679e-23, nan 
-59.125, 58.875, 3.039126873093451e-23, nan 
-58.875, 58.875, 2.0724124838334665e-23, nan 
-58.625, 58.875, 1.5913829783099727e-23, nan 
-58.375, 58.875, 1.936478726596624e-23, nan 
-58.125, 58.875, 3.5432759776770544e-23, nan 
-57.875, 58.875, 3.7200500567432737e-23, nan 
-57.625, 58.875, 3.5354558616291457e-23, nan 
-57.375, 58.875, 4.4250283540831334e-23, nan 
-57.125, 58.875, 4.3208713324662054e-23, nan 
-56.875, 58.875, 2.850205563225751e-23, nan 
-56.625, 58.875, 2.4240911737852193e-23, nan 
-56.375, 58.875, 2.826353042774124e-23, nan 
-56.125, 58.875, 2.0739419774939762e-23, nan 
-55.875, 58.875, 2.4717088676517223e-23, nan 
-55.625, 58.875, 2.2119818367708148e-23, nan 
-55.375, 58.875, 3.009228374480583e-23, nan 
-55.125, 58.875, 2.352844415790097e-23, nan 
-54.875, 58.875, 2.39532832863424e-23, nan 
-54.625, 58.875, 1.765647035166102e-23, nan 
-54.375, 58.875, 2.0123268520288242e-23, nan 
-54.125, 58.875, 2.7814086588693943e-23, nan 
-53.875, 58.875, 3.872423406142221e-23, nan 
-53.625, 58.875, 3.3900567242168175e-23, nan 
-53.375, 58.875, 2.904702074572438e-23, nan 
-53.125, 58.875, 3.2331559360297264e-23, nan 
-52.875, 58.875, 2.90835379763235e-23, nan 
-52.625, 58.875, 2.2077420686766055e-23, nan 
-52.375, 58.875, 1.5909036841693087e-23, nan 
-52.125, 58.875, 1.540084243856415e-23, nan 
-51.875, 58.875, 1.3116562161627605e-23, nan 
-51.625, 58.875, 2.2828874349253033e-23, nan 
-51.375, 58.875, 2.589757769041443e-23, nan 
-51.125, 58.875, 1.749772677723754e-23, nan 
-50.875, 58.875, 2.3978818429939648e-23, nan 
-50.625, 58.875, 1.7757149937001298e-23, nan 
-50.375, 58.875, 1.0473769740076074e-23, nan 
-50.125, 58.875, 6.208729560844807e-24, nan 
-49.875, 58.875, 1.8659397065797196e-23, nan 
-49.625, 58.875, 2.5810524454210264e-23, nan 
-49.375, 58.875, 1.3607043181104667e-23, nan 
-49.125, 58.875, 1.559524878326628e-23, nan 
-48.875, 58.875, 4.3883698798027435e-23, nan 
-48.625, 58.875, 4.7619651489195703e-23, nan 
-48.375, 58.875, 2.7409765128804944e-23, nan 
-48.125, 58.875, 2.061890841949425e-23, nan 
-47.875, 58.875, 1.8980104013160292e-23, nan 
-47.625, 58.875, 1.8540629069266192e-23, nan 
-47.375, 58.875, 1.902423897386431e-23, nan 
-47.125, 58.875, 9.201856361663036e-24, nan 
-46.875, 58.875, 2.9045806941647694e-23, nan 
-46.625, 58.875, 3.4752865413883556e-23, nan 
-46.375, 58.875, 3.2197999498601005e-23, nan 
-46.125, 58.875, 2.221218234452315e-23, nan 
-45.875, 58.875, 2.214889518459515e-23, nan 
-45.625, 58.875, 2.518145791818848e-23, nan 
-45.375, 58.875, 2.5223364347922527e-23, nan 
-45.125, 58.875, 3.184842838699391e-23, nan 
-44.875, 58.875, 2.5460939708292857e-23, nan 
-44.625, 58.875, 2.5590167864261203e-23, nan 
-44.375, 58.875, 6.546079540700936e-23, nan 
-44.125, 58.875, 6.044652911247323e-23, nan 
-43.875, 58.875, 5.171582331701353e-23, nan 
-43.625, 58.875, 5.911578408374679e-23, nan 
-43.375, 58.875, 3.831440187925758e-23, nan 
-43.125, 58.875, 6.118421921633078e-23, nan 
-42.875, 58.875, 1.3933143370916535e-22, nan 
-42.625, 58.875, 1.0845218643142335e-22, nan 
-42.375, 58.875, 5.322508778621196e-23, nan 
-42.125, 58.875, 4.9141556402937355e-23, nan 
-41.875, 58.875, 5.037925535764616e-23, nan 
-41.625, 58.875, 3.992888977947308e-23, nan 
-41.375, 58.875, 3.861239136512001e-23, nan 
-41.125, 58.875, 4.336695711346476e-23, nan 
-40.875, 58.875, 4.153910903917658e-23, nan 
-40.625, 58.875, 2.4555477633553962e-23, nan 
-40.375, 58.875, 2.9088422129759634e-23, nan 
-40.125, 58.875, 3.952519604939163e-23, nan 
-39.875, 58.875, 2.868564478622896e-23, nan 
-39.625, 58.875, 2.4769362970486463e-23, nan 
-39.375, 58.875, 2.525748572812792e-23, nan 
-39.125, 58.875, 5.798053364647461e-23, nan 
-38.875, 58.875, 5.741202903562799e-23, nan 
-38.625, 58.875, 3.941910704056606e-23, nan 
-38.375, 58.875, 6.798496262586123e-23, nan 
-38.125, 58.875, 4.784766644653394e-23, nan 
-37.875, 58.875, 2.838259172086083e-23, nan 
-37.625, 58.875, 2.757213716641865e-23, nan 
-37.375, 58.875, 3.482442668556877e-23, nan 
-37.125, 58.875, 4.816796417231113e-23, nan 
-36.875, 58.875, 5.923070067738387e-23, nan 
-36.625, 58.875, 5.65551177643941e-23, nan 
-36.375, 58.875, 3.872412218327261e-23, nan 
-36.125, 58.875, 5.332784980868459e-23, nan 
-35.875, 58.875, 6.942672739400778e-23, nan 
-35.625, 58.875, 1.3749039751572783e-22, nan 
-35.375, 58.875, 1.386832485361455e-22, nan 
-35.125, 58.875, 7.451381140837487e-23, nan 
-34.875, 58.875, 4.012109973208251e-23, nan 
-34.625, 58.875, 5.956900446311391e-23, nan 
-34.375, 58.875, 7.755436654763922e-23, nan 
-34.125, 58.875, 6.468238532338668e-23, nan 
-33.875, 58.875, 7.093896962510307e-23, nan 
-33.625, 58.875, 8.254230338830796e-23, nan 
-33.375, 58.875, 1.330194409991029e-22, nan 
-33.125, 58.875, 1.4411731865779916e-22, nan 
-32.875, 58.875, 2.1266043953307974e-22, nan 
-32.625, 58.875, 2.712865902024005e-22, nan 
-32.375, 58.875, 2.426583177989646e-22, nan 
-32.125, 58.875, 2.13755048371772e-22, nan 
-31.875, 58.875, 1.770484556435836e-22, nan 
-31.625, 58.875, 1.6156945774060156e-22, nan 
-31.375, 58.875, 1.3918281631953688e-22, nan 
-31.125, 58.875, 3.0957370234614933e-22, nan 
-30.875, 58.875, 3.270929578378056e-22, nan 
-30.625, 58.875, 1.227103147568046e-22, nan 
-30.375, 58.875, 1.668734273978229e-22, nan 
-30.125, 58.875, 1.7289152879137223e-22, nan 
-29.875, 58.875, 1.016846657518493e-22, nan 
-29.625, 58.875, 9.357724955337134e-23, nan 
-29.375, 58.875, 1.7499571905198536e-22, nan 
-29.125, 58.875, 2.1230533661299396e-22, nan 
-28.875, 58.875, 6.070524245045727e-22, nan 
-28.625, 58.875, 1.14321484728424e-21, nan 
-28.375, 58.875, 7.284090464574378e-22, nan 
-28.125, 58.875, 1.6132142361752686e-22, nan 
-27.875, 58.875, 2.0463985373074844e-22, nan 
-27.625, 58.875, 3.829848641548993e-22, nan 
-27.375, 58.875, 6.06912497393774e-22, nan 
-27.125, 58.875, 6.1220464794188015e-22, nan 
-26.875, 58.875, 4.441848137007614e-22, nan 
-26.625, 58.875, 4.188664814270876e-22, nan 
-26.375, 58.875, 2.9574093775629815e-22, nan 
-26.125, 58.875, 2.340185706499647e-22, nan 
-25.875, 58.875, 4.986665478904892e-22, nan 
-25.625, 58.875, 5.665997030767549e-22, nan 
-25.375, 58.875, 5.408815213242567e-22, nan 
-25.125, 58.875, 5.827444129912123e-22, nan 
-24.875, 58.875, 8.495340878376749e-22, nan 
-24.625, 58.875, 9.644739717463461e-22, nan 
-24.375, 58.875, 6.760558878348145e-22, nan 
-24.125, 58.875, 1.2093554261148884e-21, nan 
-23.875, 58.875, 1.4073755107931686e-21, nan 
-23.625, 58.875, 1.0223594394070365e-21, nan 
-23.375, 58.875, 9.730004503419316e-22, nan 
-23.125, 58.875, 9.95782678519479e-22, nan 
-22.875, 58.875, 8.593415274893044e-22, nan 
-22.625, 58.875, 1.4973973395463813e-21, nan 
-22.375, 58.875, 1.496665670903476e-21, nan 
-22.125, 58.875, 9.169682137128464e-22, nan 
-21.875, 58.875, 1.0411018762195284e-21, nan 
-21.625, 58.875, 9.885524270924367e-22, nan 
-21.375, 58.875, 2.1428976711370423e-21, nan 
-21.125, 58.875, 3.419215143714072e-21, nan 
-20.875, 58.875, 1.1969256393544416e-21, nan 
-20.625, 58.875, 1.0997532506567671e-21, nan 
-75.875, 59.125, 2.0728617319025083e-23, nan 
-75.625, 59.125, 2.4327577287208507e-23, nan 
-75.375, 59.125, 1.4814407011811105e-23, nan 
-75.125, 59.125, 1.815415036873382e-23, nan 
-74.875, 59.125, 1.8750645392587897e-23, nan 
-74.625, 59.125, 1.5082308088930692e-23, nan 
-74.375, 59.125, 1.2297051698944606e-23, nan 
-74.125, 59.125, 1.49615205693157e-23, nan 
-73.875, 59.125, 1.8952310068873968e-23, nan 
-73.625, 59.125, 2.0220986616988253e-23, nan 
-73.375, 59.125, 2.321416376353162e-23, nan 
-73.125, 59.125, 2.0869315160253376e-23, nan 
-72.875, 59.125, 4.9818898977932826e-23, nan 
-72.625, 59.125, 4.718825011685551e-23, nan 
-72.375, 59.125, 2.665026767871849e-23, nan 
-72.125, 59.125, 2.8027127575890195e-23, nan 
-71.875, 59.125, 2.651449610637909e-23, nan 
-71.625, 59.125, 1.6864456127041014e-23, nan 
-71.375, 59.125, 1.739606015550818e-23, nan 
-71.125, 59.125, 2.7494852862064555e-23, nan 
-70.875, 59.125, 2.776089333150661e-23, nan 
-70.625, 59.125, 2.4263075731137018e-23, nan 
-70.375, 59.125, 1.9888034181669662e-23, nan 
-70.125, 59.125, 1.6081991967834848e-23, nan 
-69.875, 59.125, 9.966904779265049e-24, nan 
-69.625, 59.125, 6.509873555419361e-24, nan 
-69.375, 59.125, 1.2532606760660875e-23, nan 
-69.125, 59.125, 3.0542093157791526e-23, nan 
-68.875, 59.125, 3.837680397014412e-23, nan 
-68.625, 59.125, 3.734202980581177e-23, nan 
-68.375, 59.125, 2.809410985647181e-23, nan 
-68.125, 59.125, 2.4603792273614767e-23, nan 
-67.875, 59.125, 2.5330657901447464e-23, nan 
-67.625, 59.125, 1.970269506038944e-23, nan 
-67.375, 59.125, 2.4056085648662577e-23, nan 
-67.125, 59.125, 2.85699140113628e-23, nan 
-66.875, 59.125, 2.4161325458896618e-23, nan 
-66.625, 59.125, 2.816828198335674e-23, nan 
-66.375, 59.125, 2.4444018484078826e-23, nan 
-66.125, 59.125, 2.308564711506527e-23, nan 
-65.875, 59.125, 2.7195681469764263e-23, nan 
-65.625, 59.125, 3.079575773040861e-23, nan 
-65.375, 59.125, 2.3959439374848277e-23, nan 
-65.125, 59.125, 1.6270938198400405e-23, nan 
-64.875, 59.125, 1.8996138795567805e-23, nan 
-64.625, 59.125, 2.5153464264742732e-23, nan 
-64.375, 59.125, 5.369143927055491e-23, nan 
-64.125, 59.125, 5.1247206791381473e-23, nan 
-63.875, 59.125, 3.6663240190947097e-23, nan 
-63.625, 59.125, 2.415176648498409e-23, nan 
-63.375, 59.125, 1.8884376399259462e-23, nan 
-63.125, 59.125, 1.833463098441472e-23, nan 
-62.875, 59.125, 1.7514747186402559e-23, nan 
-62.625, 59.125, 1.660475510196889e-23, nan 
-62.375, 59.125, 1.3359611497296748e-23, nan 
-62.125, 59.125, 3.62662518848788e-23, nan 
-61.875, 59.125, 3.9454539448451093e-23, nan 
-61.625, 59.125, 2.2218949375240105e-23, nan 
-61.375, 59.125, 2.0232488300241668e-23, nan 
-61.125, 59.125, 2.961481936287212e-23, nan 
-60.875, 59.125, 3.0572435470368036e-23, nan 
-60.625, 59.125, 2.0326255267932188e-23, nan 
-60.375, 59.125, 2.4868374428215086e-23, nan 
-60.125, 59.125, 1.9568719744455666e-23, nan 
-59.875, 59.125, 3.5106435713306205e-23, nan 
-59.625, 59.125, 3.783888150760005e-23, nan 
-59.375, 59.125, 1.9375713743996522e-23, nan 
-59.125, 59.125, 3.1570330230904186e-23, nan 
-58.875, 59.125, 3.174477907564939e-23, nan 
-58.625, 59.125, 2.4597245230830245e-23, nan 
-58.375, 59.125, 3.774613099883524e-23, nan 
-58.125, 59.125, 3.402503136698991e-23, nan 
-57.875, 59.125, 5.678329510173989e-23, nan 
-57.625, 59.125, 5.573883536274849e-22, nan 
-57.375, 59.125, 5.915718615553939e-22, nan 
-57.125, 59.125, 1.0318027697797597e-22, nan 
-56.875, 59.125, 3.2579289708731116e-23, nan 
-56.625, 59.125, 6.022087780290293e-23, nan 
-56.375, 59.125, 5.206303947670182e-23, nan 
-56.125, 59.125, 1.3352384731485514e-23, nan 
-55.875, 59.125, 2.2199050610196246e-23, nan 
-55.625, 59.125, 2.698020157390854e-23, nan 
-55.375, 59.125, 2.588697040369743e-23, nan 
-55.125, 59.125, 1.7071510097278775e-23, nan 
-54.875, 59.125, 1.9100157493724774e-23, nan 
-54.625, 59.125, 2.6623543939739364e-23, nan 
-54.375, 59.125, 3.9921584568191486e-23, nan 
-54.125, 59.125, 4.6493927264249203e-23, nan 
-53.875, 59.125, 5.882593905496629e-23, nan 
-53.625, 59.125, 5.2252906664297733e-23, nan 
-53.375, 59.125, 3.566971271824971e-23, nan 
-53.125, 59.125, 3.3788372819630865e-23, nan 
-52.875, 59.125, 4.377880144127424e-23, nan 
-52.625, 59.125, 4.630163030577126e-23, nan 
-52.375, 59.125, 2.4068007545565952e-23, nan 
-52.125, 59.125, 1.6572383853906797e-23, nan 
-51.875, 59.125, 2.2246111897204062e-23, nan 
-51.625, 59.125, 2.0922361459324188e-23, nan 
-51.375, 59.125, 1.890113244081424e-23, nan 
-51.125, 59.125, 3.317729793759244e-23, nan 
-50.875, 59.125, 2.471341578276951e-23, nan 
-50.625, 59.125, 2.274516203398103e-23, nan 
-50.375, 59.125, 2.3292509018437848e-23, nan 
-50.125, 59.125, 2.916191421659953e-23, nan 
-49.875, 59.125, 2.7768901870936187e-23, nan 
-49.625, 59.125, 2.238850339922387e-23, nan 
-49.375, 59.125, 2.5846716287229044e-23, nan 
-49.125, 59.125, 3.889595634968424e-23, nan 
-48.875, 59.125, 4.127450211345514e-23, nan 
-48.625, 59.125, 2.448353475247635e-23, nan 
-48.375, 59.125, 1.3180857162148077e-23, nan 
-48.125, 59.125, 3.7455407114868723e-23, nan 
-47.875, 59.125, 7.82604435120485e-23, nan 
-47.625, 59.125, 6.397595870107637e-23, nan 
-47.375, 59.125, 2.4716744298248927e-23, nan 
-47.125, 59.125, 1.859103751524723e-23, nan 
-46.875, 59.125, 2.7638124422625444e-23, nan 
-46.625, 59.125, 3.004873345272107e-23, nan 
-46.375, 59.125, 2.086111449467689e-23, nan 
-46.125, 59.125, 1.9393842214170377e-23, nan 
-45.875, 59.125, 2.4606779535382055e-23, nan 
-45.625, 59.125, 2.1862884549228944e-23, nan 
-45.375, 59.125, 2.333600462041418e-23, nan 
-45.125, 59.125, 3.026869352139302e-23, nan 
-44.875, 59.125, 3.3121733345017895e-23, nan 
-44.625, 59.125, 6.867234937043025e-23, nan 
-44.375, 59.125, 6.292558799666368e-23, nan 
-44.125, 59.125, 3.3804963060140675e-23, nan 
-43.875, 59.125, 5.294248730425596e-23, nan 
-43.625, 59.125, 7.393485820699583e-23, nan 
-43.375, 59.125, 6.581607956847409e-23, nan 
-43.125, 59.125, 5.917851738525126e-23, nan 
-42.875, 59.125, 6.588918567661466e-23, nan 
-42.625, 59.125, 4.9706978361288336e-23, nan 
-42.375, 59.125, 4.273682824513699e-23, nan 
-42.125, 59.125, 4.170842562602817e-23, nan 
-41.875, 59.125, 2.001580909773047e-23, nan 
-41.625, 59.125, 7.209630511748453e-23, nan 
-41.375, 59.125, 9.237476298562304e-23, nan 
-41.125, 59.125, 7.410655037566653e-23, nan 
-40.875, 59.125, 6.835614603578922e-23, nan 
-40.625, 59.125, 7.572589259750592e-23, nan 
-40.375, 59.125, 5.424514135719705e-23, nan 
-40.125, 59.125, 4.416292990838443e-23, nan 
-39.875, 59.125, 4.109005707831958e-23, nan 
-39.625, 59.125, 3.874591199622649e-23, nan 
-39.375, 59.125, 5.1427072781252416e-23, nan 
-39.125, 59.125, 6.970028097808432e-23, nan 
-38.875, 59.125, 4.7490443190106884e-23, nan 
-38.625, 59.125, 4.375272464770736e-23, nan 
-38.375, 59.125, 6.016592529364494e-23, nan 
-38.125, 59.125, 5.74266053119164e-23, nan 
-37.875, 59.125, 5.71976439594396e-23, nan 
-37.625, 59.125, 3.440214193012655e-23, nan 
-37.375, 59.125, 3.6810526726438525e-23, nan 
-37.125, 59.125, 4.408698291426509e-23, nan 
-36.875, 59.125, 2.775053730991661e-23, nan 
-36.625, 59.125, 3.532794769633186e-23, nan 
-36.375, 59.125, 5.83454593344003e-23, nan 
-36.125, 59.125, 1.0437128952981877e-22, nan 
-35.875, 59.125, 1.0901172407261343e-22, nan 
-35.625, 59.125, 9.871669895425222e-23, nan 
-35.375, 59.125, 9.050932269600133e-23, nan 
-35.125, 59.125, 1.0053443910436366e-22, nan 
-34.875, 59.125, 9.904686742080922e-23, nan 
-34.625, 59.125, 8.694899485380977e-23, nan 
-34.375, 59.125, 5.683560556160002e-23, nan 
-34.125, 59.125, 5.822665551725379e-23, nan 
-33.875, 59.125, 1.5601422084031949e-22, nan 
-33.625, 59.125, 1.2314656722308594e-22, nan 
-33.375, 59.125, 1.3329091663090022e-22, nan 
-33.125, 59.125, 1.5314181109584113e-22, nan 
-32.875, 59.125, 1.1430460187743888e-22, nan 
-32.625, 59.125, 8.605130327871804e-23, nan 
-32.375, 59.125, 1.0628588181110165e-22, nan 
-32.125, 59.125, 1.651469668955485e-22, nan 
-31.875, 59.125, 2.0129768110059564e-22, nan 
-31.625, 59.125, 1.8480540576732556e-22, nan 
-31.375, 59.125, 2.140765185329284e-22, nan 
-31.125, 59.125, 2.4261071487171097e-22, nan 
-30.875, 59.125, 1.4514485356088764e-22, nan 
-30.625, 59.125, 1.2184173557904986e-22, nan 
-30.375, 59.125, 1.1582340316353206e-22, nan 
-30.125, 59.125, 2.4057526745852423e-22, nan 
-29.875, 59.125, 2.141720512117676e-22, nan 
-29.625, 59.125, 1.744130053369119e-22, nan 
-29.375, 59.125, 1.370111118397467e-22, nan 
-29.125, 59.125, 4.776697648569964e-22, nan 
-28.875, 59.125, 5.388110552883965e-22, nan 
-28.625, 59.125, 2.2217866937090526e-22, nan 
-28.375, 59.125, 2.3557317612652735e-22, nan 
-28.125, 59.125, 4.1202392544433e-22, nan 
-27.875, 59.125, 4.720470010066728e-22, nan 
-27.625, 59.125, 4.640882519157271e-22, nan 
-27.375, 59.125, 1.745706351114202e-22, nan 
-27.125, 59.125, 5.402468053667497e-22, nan 
-26.875, 59.125, 5.715476631183112e-22, nan 
-26.625, 59.125, 9.407446098879827e-22, nan 
-26.375, 59.125, 1.3665845741150825e-21, nan 
-26.125, 59.125, 9.376207371761538e-22, nan 
-25.875, 59.125, 7.304103152451532e-22, nan 
-25.625, 59.125, 5.404912477675313e-22, nan 
-25.375, 59.125, 1.0737701234482338e-21, nan 
-25.125, 59.125, 9.193402668392415e-22, nan 
-24.875, 59.125, 8.552948670562483e-22, nan 
-24.625, 59.125, 7.5026134696354675e-22, nan 
-24.375, 59.125, 7.589847935618833e-22, nan 
-24.125, 59.125, 7.577369636785377e-22, nan 
-23.875, 59.125, 1.0536588489660043e-21, nan 
-23.625, 59.125, 9.943517711833229e-22, nan 
-23.375, 59.125, 7.365661386097021e-22, nan 
-23.125, 59.125, 1.810092751017037e-21, nan 
-22.875, 59.125, 2.0601916611550326e-21, nan 
-22.625, 59.125, 1.916561636199327e-21, nan 
-22.375, 59.125, 2.1422187101473284e-21, nan 
-22.125, 59.125, 2.0310430340855867e-21, nan 
-21.875, 59.125, 1.362628560125305e-21, nan 
-21.625, 59.125, 1.2546043553297477e-21, nan 
-21.375, 59.125, 1.4291221712325195e-21, nan 
-21.125, 59.125, 2.067140145632488e-21, nan 
-20.875, 59.125, 1.4790751746348097e-21, nan 
-20.625, 59.125, 1.479709177961485e-21, nan 
-20.375, 59.125, 1.1902013737281136e-21, nan 
-20.125, 59.125, 8.02036555375413e-22, nan 
-19.875, 59.125, 7.874305952241285e-22, nan 
-76.125, 59.375, 2.2966405350936022e-23, nan 
-75.875, 59.375, 1.996331773163341e-23, nan 
-75.625, 59.375, 2.2434355338974125e-23, nan 
-75.375, 59.375, 2.0636071202563527e-23, nan 
-75.125, 59.375, 2.0061165471039892e-23, nan 
-74.875, 59.375, 1.8763827015302083e-23, nan 
-74.625, 59.375, 1.7708064606271652e-23, nan 
-74.375, 59.375, 1.221876541166435e-23, nan 
-74.125, 59.375, 2.3789599120328572e-23, nan 
-73.875, 59.375, 2.681106253258658e-23, nan 
-73.625, 59.375, 2.8441400498928605e-23, nan 
-73.375, 59.375, 3.0966220602610887e-23, nan 
-73.125, 59.375, 2.959507624024904e-23, nan 
-72.875, 59.375, 3.08088127323008e-23, nan 
-72.625, 59.375, 2.8010707669182164e-23, nan 
-72.375, 59.375, 2.885627730620949e-23, nan 
-72.125, 59.375, 1.9923011696399913e-23, nan 
-71.875, 59.375, 2.0631482496043348e-23, nan 
-71.625, 59.375, 1.9010608932532857e-23, nan 
-71.375, 59.375, 3.426600643171834e-23, nan 
-71.125, 59.375, 3.308976606085648e-23, nan 
-70.875, 59.375, 2.4403109644734637e-23, nan 
-70.625, 59.375, 2.118086524995451e-23, nan 
-70.375, 59.375, 1.9571236141075127e-23, nan 
-70.125, 59.375, 1.9073951947536065e-23, nan 
-69.875, 59.375, 2.710667902359777e-23, nan 
-69.625, 59.375, 3.427269091794615e-23, nan 
-69.375, 59.375, 3.793035311279717e-23, nan 
-69.125, 59.375, 3.944744495077024e-23, nan 
-68.875, 59.375, 3.649178491422972e-23, nan 
-68.625, 59.375, 2.7234053720974564e-23, nan 
-68.375, 59.375, 1.897590395624834e-23, nan 
-68.125, 59.375, 2.713241180023465e-23, nan 
-67.875, 59.375, 2.1811716123169693e-23, nan 
-67.625, 59.375, 1.5995365310251763e-23, nan 
-67.375, 59.375, 2.3429933363573096e-23, nan 
-67.125, 59.375, 3.26647108522094e-23, nan 
-66.875, 59.375, 3.300167784332301e-23, nan 
-66.625, 59.375, 3.165975316830421e-23, nan 
-66.375, 59.375, 2.73779309272352e-23, nan 
-66.125, 59.375, 2.090229210447178e-23, nan 
-65.875, 59.375, 3.1296748456987156e-23, nan 
-65.625, 59.375, 3.4560122034311024e-23, nan 
-65.375, 59.375, 2.453921358717881e-23, nan 
-65.125, 59.375, 1.8577716672143793e-23, nan 
-64.875, 59.375, 2.3025266650497356e-23, nan 
-64.625, 59.375, 3.2449019290111466e-23, nan 
-64.375, 59.375, 4.578150072858358e-23, nan 
-64.125, 59.375, 2.789260046703719e-23, nan 
-63.875, 59.375, 1.6823462084388263e-23, nan 
-63.625, 59.375, 2.1138271554341516e-23, nan 
-63.375, 59.375, 2.102721279859616e-23, nan 
-63.125, 59.375, 3.29931224320991e-23, nan 
-62.875, 59.375, 3.440271761805117e-23, nan 
-62.625, 59.375, 1.9791996101721264e-23, nan 
-62.375, 59.375, 8.784302223935894e-24, nan 
-62.125, 59.375, 4.1737933686037717e-23, nan 
-61.875, 59.375, 4.159008053668272e-23, nan 
-61.625, 59.375, 1.8735554370645017e-23, nan 
-61.375, 59.375, 2.5043163382279356e-23, nan 
-61.125, 59.375, 3.510285569524606e-23, nan 
-60.875, 59.375, 3.093968074492442e-23, nan 
-60.625, 59.375, 1.5196575888175045e-23, nan 
-60.375, 59.375, 3.0900764482787884e-23, nan 
-60.125, 59.375, 3.268966168735889e-23, nan 
-59.875, 59.375, 2.1076211887413992e-23, nan 
-59.625, 59.375, 3.892527124893531e-23, nan 
-59.375, 59.375, 4.1443619947712455e-23, nan 
-59.125, 59.375, 2.6228537104683216e-23, nan 
-58.875, 59.375, 2.4581579946687633e-23, nan 
-58.625, 59.375, 2.2663568309184812e-23, nan 
-58.375, 59.375, 2.616308241140035e-23, nan 
-58.125, 59.375, 8.22066903235384e-23, nan 
-57.875, 59.375, 1.2897269281464209e-21, nan 
-57.625, 59.375, 1.6032695285012524e-21, nan 
-57.375, 59.375, 1.5290082067016954e-21, nan 
-57.125, 59.375, 1.3326381434315265e-21, nan 
-56.875, 59.375, 2.3996999718289924e-22, nan 
-56.625, 59.375, 5.084186930243122e-23, nan 
-56.375, 59.375, 3.7521790626888076e-23, nan 
-56.125, 59.375, 3.7640045737168896e-23, nan 
-55.875, 59.375, 1.3656384725575697e-23, nan 
-55.625, 59.375, 1.7680859578013788e-23, nan 
-55.375, 59.375, 3.051212553496078e-23, nan 
-55.125, 59.375, 3.201404036162909e-23, nan 
-54.875, 59.375, 2.4828047985154022e-23, nan 
-54.625, 59.375, 2.889558033424207e-23, nan 
-54.375, 59.375, 3.194375355372772e-23, nan 
-54.125, 59.375, 2.5901379069226528e-23, nan 
-53.875, 59.375, 1.5111786716622766e-23, nan 
-53.625, 59.375, 3.031198000959533e-23, nan 
-53.375, 59.375, 3.9158179566360275e-23, nan 
-53.125, 59.375, 3.933395113459232e-23, nan 
-52.875, 59.375, 2.6400327741451453e-23, nan 
-52.625, 59.375, 1.4580525642453198e-23, nan 
-52.375, 59.375, 1.5770746996240512e-23, nan 
-52.125, 59.375, 2.5654090270739932e-23, nan 
-51.875, 59.375, 3.0570611078903867e-23, nan 
-51.625, 59.375, 4.9512487623729047e-23, nan 
-51.375, 59.375, 5.431701464230803e-23, nan 
-51.125, 59.375, 3.8520813900182247e-23, nan 
-50.875, 59.375, 3.521830207818904e-23, nan 
-50.625, 59.375, 4.698087300242847e-23, nan 
-50.375, 59.375, 3.587821015323463e-23, nan 
-50.125, 59.375, 3.2460318593755293e-23, nan 
-49.875, 59.375, 3.2220494594446446e-23, nan 
-49.625, 59.375, 3.6912852962372755e-23, nan 
-49.375, 59.375, 5.339348169850398e-23, nan 
-49.125, 59.375, 5.24275857802038e-23, nan 
-48.875, 59.375, 2.4418055965606778e-23, nan 
-48.625, 59.375, 2.3739118764028367e-23, nan 
-48.375, 59.375, 2.2734296266799876e-23, nan 
-48.125, 59.375, 3.176445548920798e-23, nan 
-47.875, 59.375, 4.786808383488716e-23, nan 
-47.625, 59.375, 3.369964537410493e-23, nan 
-47.375, 59.375, 1.7776782795885506e-23, nan 
-47.125, 59.375, 2.5406352005644016e-23, nan 
-46.875, 59.375, 2.168760364397077e-23, nan 
-46.625, 59.375, 1.7566873075545777e-23, nan 
-46.375, 59.375, 1.6969776095305207e-23, nan 
-46.125, 59.375, 1.2264001302525366e-23, nan 
-45.875, 59.375, 4.358086734410226e-23, nan 
-45.625, 59.375, 4.471162145089516e-23, nan 
-45.375, 59.375, 1.8586139558519222e-23, nan 
-45.125, 59.375, 2.8755964575699283e-23, nan 
-44.875, 59.375, 6.613785714162288e-23, nan 
-44.625, 59.375, 7.122037716453923e-23, nan 
-44.375, 59.375, 5.466430719686549e-23, nan 
-44.125, 59.375, 6.515431115729477e-23, nan 
-43.875, 59.375, 7.461188550959987e-23, nan 
-43.625, 59.375, 6.660928094163667e-23, nan 
-43.375, 59.375, 2.8934527605842204e-23, nan 
-43.125, 59.375, 4.9101795638784614e-23, nan 
-42.875, 59.375, 6.832679900620345e-23, nan 
-42.625, 59.375, 6.220094287183494e-23, nan 
-42.375, 59.375, 4.9002991116340424e-23, nan 
-42.125, 59.375, 4.6039225245010976e-23, nan 
-41.875, 59.375, 8.78761023094423e-23, nan 
-41.625, 59.375, 8.902831514394072e-23, nan 
-41.375, 59.375, 7.142999924885797e-23, nan 
-41.125, 59.375, 9.533677826727897e-23, nan 
-40.875, 59.375, 1.2615264878434785e-22, nan 
-40.625, 59.375, 1.141968139629025e-22, nan 
-40.375, 59.375, 5.239463596444497e-23, nan 
-40.125, 59.375, 4.93698306723411e-23, nan 
-39.875, 59.375, 3.906521458620015e-23, nan 
-39.625, 59.375, 3.901118724294359e-23, nan 
-39.375, 59.375, 6.905813304543973e-23, nan 
-39.125, 59.375, 7.936818251846626e-23, nan 
-38.875, 59.375, 6.776229290376764e-23, nan 
-38.625, 59.375, 5.70608654468295e-23, nan 
-38.375, 59.375, 4.687933221964341e-23, nan 
-38.125, 59.375, 6.675244815030807e-23, nan 
-37.875, 59.375, 7.19056079821856e-23, nan 
-37.625, 59.375, 7.045137822233842e-23, nan 
-37.375, 59.375, 6.660901964130681e-23, nan 
-37.125, 59.375, 5.479649568117739e-23, nan 
-36.875, 59.375, 4.187013643280337e-23, nan 
-36.625, 59.375, 4.654554694374456e-23, nan 
-36.375, 59.375, 1.1593837383348196e-22, nan 
-36.125, 59.375, 1.1554078843160286e-22, nan 
-35.875, 59.375, 7.122233028967009e-23, nan 
-35.625, 59.375, 5.0568120036698826e-23, nan 
-35.375, 59.375, 8.526206791755297e-23, nan 
-35.125, 59.375, 9.166825958284542e-23, nan 
-34.875, 59.375, 6.810970244561392e-23, nan 
-34.625, 59.375, 4.7983830743340143e-23, nan 
-34.375, 59.375, 4.35243733894864e-23, nan 
-34.125, 59.375, 2.294199413401049e-22, nan 
-33.875, 59.375, 2.400248321096837e-22, nan 
-33.625, 59.375, 1.0254278499543767e-22, nan 
-33.375, 59.375, 1.1679964004867844e-22, nan 
-33.125, 59.375, 6.809726972814301e-23, nan 
-32.875, 59.375, 4.8612815421080093e-23, nan 
-32.625, 59.375, 6.731647025822058e-23, nan 
-32.375, 59.375, 1.377317943101685e-22, nan 
-32.125, 59.375, 1.2914564519906859e-22, nan 
-31.875, 59.375, 1.5413557935388483e-22, nan 
-31.625, 59.375, 3.1055131589966e-22, nan 
-31.375, 59.375, 4.164688613797902e-22, nan 
-31.125, 59.375, 2.29955292143528e-22, nan 
-30.875, 59.375, 3.065939248196538e-22, nan 
-30.625, 59.375, 3.2953005995014723e-22, nan 
-30.375, 59.375, 2.5969070540265138e-22, nan 
-30.125, 59.375, 2.9876407261425044e-22, nan 
-29.875, 59.375, 1.93327104624971e-22, nan 
-29.625, 59.375, 1.0429727426185522e-22, nan 
-29.375, 59.375, 4.042331638141174e-23, nan 
-29.125, 59.375, 3.604646755759662e-22, nan 
-28.875, 59.375, 3.8359461932366313e-22, nan 
-28.625, 59.375, 2.3425006517391353e-22, nan 
-28.375, 59.375, 6.364102289928482e-22, nan 
-28.125, 59.375, 8.10472933419744e-22, nan 
-27.875, 59.375, 5.474586123464323e-22, nan 
-27.625, 59.375, 8.503288555797304e-22, nan 
-27.375, 59.375, 7.223859259761098e-22, nan 
-27.125, 59.375, 7.97211397633837e-23, nan 
-26.875, 59.375, 3.945714385571031e-22, nan 
-26.625, 59.375, 4.414494123771762e-22, nan 
-26.375, 59.375, 9.714009074430672e-22, nan 
-26.125, 59.375, 5.646446801488607e-22, nan 
-25.875, 59.375, 4.311398811603697e-22, nan 
-25.625, 59.375, 1.100225236420402e-21, nan 
-25.375, 59.375, 1.8648774510987696e-21, nan 
-25.125, 59.375, 1.336602935823844e-21, nan 
-24.875, 59.375, 1.8771934936231745e-21, nan 
-24.625, 59.375, 1.7297194689847258e-21, nan 
-24.375, 59.375, 8.48344212736166e-22, nan 
-24.125, 59.375, 1.4665681246402608e-21, nan 
-23.875, 59.375, 1.7537929126009448e-21, nan 
-23.625, 59.375, 1.4589863284136067e-21, nan 
-23.375, 59.375, 1.3757552933834117e-21, nan 
-23.125, 59.375, 8.909623045367618e-22, nan 
-22.875, 59.375, 9.27244976876127e-22, nan 
-22.625, 59.375, 1.6410284653978646e-21, nan 
-22.375, 59.375, 1.5844962572375851e-21, nan 
-22.125, 59.375, 1.288230197355304e-21, nan 
-21.875, 59.375, 8.656062339376221e-22, nan 
-21.625, 59.375, 1.2955352172821769e-21, nan 
-21.375, 59.375, 1.566158233991686e-21, nan 
-21.125, 59.375, 1.3282850976821382e-21, nan 
-20.875, 59.375, 1.9046496404535087e-21, nan 
-20.625, 59.375, 1.8736740427885233e-21, nan 
-20.375, 59.375, 1.6206565712815794e-21, nan 
-20.125, 59.375, 1.230427435905537e-21, nan 
-19.875, 59.375, 8.01875809421205e-22, nan 
-19.625, 59.375, 1.1837383370666676e-21, nan 
-19.375, 59.375, 9.35669012579941e-22, nan 
-76.375, 59.625, 1.1499076000038564e-23, nan 
-76.125, 59.625, 2.579550725830313e-23, nan 
-75.875, 59.625, 2.78480837945942e-23, nan 
-75.625, 59.625, 2.4576281971851596e-23, nan 
-75.375, 59.625, 2.146544769789984e-23, nan 
-75.125, 59.625, 2.125155811459689e-23, nan 
-74.875, 59.625, 2.1946595012914467e-23, nan 
-74.625, 59.625, 2.1859639942331713e-23, nan 
-74.375, 59.625, 3.024290570296824e-23, nan 
-74.125, 59.625, 2.935119623564746e-23, nan 
-73.875, 59.625, 2.56946640109719e-23, nan 
-73.625, 59.625, 2.8969901869424856e-23, nan 
-73.375, 59.625, 2.750516470278785e-23, nan 
-73.125, 59.625, 2.2635875118694737e-23, nan 
-72.875, 59.625, 2.76432542582123e-23, nan 
-72.625, 59.625, 3.514556823977232e-23, nan 
-72.375, 59.625, 2.693733438522581e-23, nan 
-72.125, 59.625, 2.8378764050722836e-23, nan 
-71.875, 59.625, 2.779243788862698e-23, nan 
-71.625, 59.625, 3.452578081184806e-23, nan 
-71.375, 59.625, 3.3892748792315674e-23, nan 
-71.125, 59.625, 2.623092549905844e-23, nan 
-70.875, 59.625, 2.940393201601701e-23, nan 
-70.625, 59.625, 2.6210374778494936e-23, nan 
-70.375, 59.625, 2.7026172704320664e-23, nan 
-70.125, 59.625, 3.1071413177646456e-23, nan 
-69.875, 59.625, 4.291748012856192e-23, nan 
-69.625, 59.625, 4.352392180599482e-23, nan 
-69.375, 59.625, 3.2308038305704595e-23, nan 
-69.125, 59.625, 2.885753970642607e-23, nan 
-68.875, 59.625, 2.870969870306321e-23, nan 
-68.625, 59.625, 1.76481391207996e-23, nan 
-68.375, 59.625, 3.812103457902433e-23, nan 
-68.125, 59.625, 3.6932243513154726e-23, nan 
-67.875, 59.625, 2.4651351774369636e-23, nan 
-67.625, 59.625, 2.90278283194351e-23, nan 
-67.375, 59.625, 6.054404298626283e-23, nan 
-67.125, 59.625, 5.662641342325375e-23, nan 
-66.875, 59.625, 2.9885385038473376e-23, nan 
-66.625, 59.625, 2.2047986981780718e-23, nan 
-66.375, 59.625, 1.8131190044473185e-23, nan 
-66.125, 59.625, 2.948994299816922e-23, nan 
-65.875, 59.625, 3.960497628466218e-23, nan 
-65.625, 59.625, 3.039250834081174e-23, nan 
-65.375, 59.625, 2.5069596522077478e-23, nan 
-65.125, 59.625, 3.217888062443515e-23, nan 
-64.875, 59.625, 2.754182244221737e-23, nan 
-64.625, 59.625, 2.1478598158837193e-23, nan 
-64.375, 59.625, 2.764436745929193e-23, nan 
-64.125, 59.625, 2.66968463411447e-23, nan 
-63.875, 59.625, 2.2439030792333666e-23, nan 
-63.625, 59.625, 3.294863199182574e-23, nan 
-63.375, 59.625, 2.5223296501376196e-23, nan 
-63.125, 59.625, 2.1150930298291216e-23, nan 
-62.875, 59.625, 1.4638765862240962e-23, nan 
-62.625, 59.625, 1.9456332722635148e-23, nan 
-62.375, 59.625, 3.066430458583448e-23, nan 
-62.125, 59.625, 6.061262131307858e-23, nan 
-61.875, 59.625, 5.132646425772311e-23, nan 
-61.625, 59.625, 2.5436851722742858e-23, nan 
-61.375, 59.625, 3.1123062983775034e-23, nan 
-61.125, 59.625, 2.963424933110766e-23, nan 
-60.875, 59.625, 2.2070091963006847e-23, nan 
-60.625, 59.625, 2.0484289154577752e-23, nan 
-60.375, 59.625, 2.2030223364241193e-23, nan 
-60.125, 59.625, 2.8633712321336196e-23, nan 
-59.875, 59.625, 2.539131548849752e-23, nan 
-59.625, 59.625, 1.9679698987462013e-23, nan 
-59.375, 59.625, 3.8277091467463213e-23, nan 
-59.125, 59.625, 4.391018565531316e-23, nan 
-58.875, 59.625, 4.526800013589397e-23, nan 
-58.625, 59.625, 3.990219023698126e-23, nan 
-58.375, 59.625, 2.6257839574637904e-23, nan 
-58.125, 59.625, 4.8963619375748715e-23, nan 
-57.875, 59.625, 6.640884228368787e-23, nan 
-57.625, 59.625, 6.586222225578303e-22, nan 
-57.375, 59.625, 6.6752857260619705e-22, nan 
-57.125, 59.625, 1.3902623745481247e-22, nan 
-56.875, 59.625, 4.3825077511199574e-23, nan 
-56.625, 59.625, 2.7634461031921084e-23, nan 
-56.375, 59.625, 5.487469189610206e-23, nan 
-56.125, 59.625, 4.824342565438387e-23, nan 
-55.875, 59.625, 1.9660194514464128e-23, nan 
-55.625, 59.625, 4.232685598316671e-23, nan 
-55.375, 59.625, 4.324517693940926e-23, nan 
-55.125, 59.625, 2.3060337899889575e-23, nan 
-54.875, 59.625, 1.49580206040803e-23, nan 
-54.625, 59.625, 1.791081238478837e-23, nan 
-54.375, 59.625, 3.47735748914456e-23, nan 
-54.125, 59.625, 3.1216750312474717e-23, nan 
-53.875, 59.625, 2.3409614358670507e-23, nan 
-53.625, 59.625, 3.244826834556392e-23, nan 
-53.375, 59.625, 2.872008796076235e-23, nan 
-53.125, 59.625, 3.6743438807633617e-23, nan 
-52.875, 59.625, 4.655039546216179e-23, nan 
-52.625, 59.625, 3.7365161023788397e-23, nan 
-52.375, 59.625, 1.85685473785249e-23, nan 
-52.125, 59.625, 3.0512720870609074e-23, nan 
-51.875, 59.625, 3.376548616548988e-23, nan 
-51.625, 59.625, 9.746422712649774e-23, nan 
-51.375, 59.625, 1.086130085097189e-22, nan 
-51.125, 59.625, 5.477677171403087e-23, nan 
-50.875, 59.625, 1.1403696488120858e-22, nan 
-50.625, 59.625, 1.0347771768820932e-22, nan 
-50.375, 59.625, 3.564732373296113e-23, nan 
-50.125, 59.625, 3.6913362973126883e-23, nan 
-49.875, 59.625, 3.9189069567247e-23, nan 
-49.625, 59.625, 4.0274996363309595e-23, nan 
-49.375, 59.625, 3.721942732869195e-23, nan 
-49.125, 59.625, 2.6911634093375356e-23, nan 
-48.875, 59.625, 2.1793332933943228e-23, nan 
-48.625, 59.625, 2.86265037889789e-23, nan 
-48.375, 59.625, 2.5014376104570934e-23, nan 
-48.125, 59.625, 3.562065223222786e-23, nan 
-47.875, 59.625, 2.4366154631304394e-23, nan 
-47.625, 59.625, 1.8777113789268635e-23, nan 
-47.375, 59.625, 1.388813228382461e-23, nan 
-47.125, 59.625, 2.1199628033599705e-23, nan 
-46.875, 59.625, 1.8109716440720894e-23, nan 
-46.625, 59.625, 1.5812515667501054e-23, nan 
-46.375, 59.625, 1.669574249288338e-23, nan 
-46.125, 59.625, 3.664318623989846e-23, nan 
-45.875, 59.625, 5.336213807035372e-23, nan 
-45.625, 59.625, 3.9229405243506123e-23, nan 
-45.375, 59.625, 1.3450590870175798e-23, nan 
-45.125, 59.625, 3.3537667111239524e-23, nan 
-44.875, 59.625, 4.4845473403919034e-23, nan 
-44.625, 59.625, 4.6068235648871355e-23, nan 
-44.375, 59.625, 5.901130279336309e-23, nan 
-44.125, 59.625, 5.485565064843926e-23, nan 
-43.875, 59.625, 4.903994162907453e-23, nan 
-43.625, 59.625, 3.7854664331853974e-23, nan 
-43.375, 59.625, 4.465241386784164e-23, nan 
-43.125, 59.625, 5.552176995687921e-23, nan 
-42.875, 59.625, 9.034109455448348e-23, nan 
-42.625, 59.625, 7.856684756037554e-23, nan 
-42.375, 59.625, 5.324725300749164e-23, nan 
-42.125, 59.625, 4.467103650500218e-23, nan 
-41.875, 59.625, 5.409906629128866e-23, nan 
-41.625, 59.625, 2.863206618716277e-23, nan 
-41.375, 59.625, 7.726798442446475e-23, nan 
-41.125, 59.625, 1.235766627372916e-22, nan 
-40.875, 59.625, 1.0850359957390085e-22, nan 
-40.625, 59.625, 5.742966542004198e-23, nan 
-40.375, 59.625, 4.384774006223572e-23, nan 
-40.125, 59.625, 5.853769511285305e-23, nan 
-39.875, 59.625, 7.368333751646461e-23, nan 
-39.625, 59.625, 7.037010275830211e-23, nan 
-39.375, 59.625, 5.596767772651006e-23, nan 
-39.125, 59.625, 5.1943161120390796e-23, nan 
-38.875, 59.625, 7.554268607579524e-23, nan 
-38.625, 59.625, 6.957686168775524e-23, nan 
-38.375, 59.625, 5.498875580667756e-23, nan 
-38.125, 59.625, 4.935829296609043e-23, nan 
-37.875, 59.625, 2.3217283442539525e-23, nan 
-37.625, 59.625, 4.308621715280716e-23, nan 
-37.375, 59.625, 6.195072903130497e-23, nan 
-37.125, 59.625, 6.788942804271551e-23, nan 
-36.875, 59.625, 7.239237332462872e-23, nan 
-36.625, 59.625, 1.582895050456133e-22, nan 
-36.375, 59.625, 1.4403551033655307e-22, nan 
-36.125, 59.625, 4.426071623386346e-23, nan 
-35.875, 59.625, 2.521883237801379e-23, nan 
-35.625, 59.625, 4.5994684177473446e-23, nan 
-35.375, 59.625, 7.584432751170597e-23, nan 
-35.125, 59.625, 7.330549657627635e-23, nan 
-34.875, 59.625, 6.851606326232316e-23, nan 
-34.625, 59.625, 7.461504896487599e-23, nan 
-34.375, 59.625, 2.135832098667085e-22, nan 
-34.125, 59.625, 2.3866717175074786e-22, nan 
-33.875, 59.625, 6.506100172783393e-23, nan 
-33.625, 59.625, 9.833228598466659e-23, nan 
-33.375, 59.625, 9.066898807053247e-23, nan 
-33.125, 59.625, 7.543542487243449e-23, nan 
-32.875, 59.625, 9.319907182731795e-23, nan 
-32.625, 59.625, 2.007030213573116e-22, nan 
-32.375, 59.625, 2.256878463176508e-22, nan 
-32.125, 59.625, 1.454658916807377e-22, nan 
-31.875, 59.625, 4.0098865887723e-22, nan 
-31.625, 59.625, 5.0674041040270045e-22, nan 
-31.375, 59.625, 5.887281849495152e-22, nan 
-31.125, 59.625, 6.14749970531521e-22, nan 
-30.875, 59.625, 5.049025085798168e-22, nan 
-30.625, 59.625, 4.580737708254438e-22, nan 
-30.375, 59.625, 3.546200436950307e-22, nan 
-30.125, 59.625, 1.9531601219232452e-22, nan 
-29.875, 59.625, 3.3665919669182476e-22, nan 
-29.625, 59.625, 3.055067457518432e-22, nan 
-29.375, 59.625, 1.8357172378607285e-22, nan 
-29.125, 59.625, 2.39453666963912e-22, nan 
-28.875, 59.625, 2.0685048956265747e-22, nan 
-28.625, 59.625, 1.1931092637377071e-22, nan 
-28.375, 59.625, 1.2174624151719097e-22, nan 
-28.125, 59.625, 4.806916240965128e-22, nan 
-27.875, 59.625, 4.0375018860674613e-22, nan 
-27.625, 59.625, 3.4922518028958873e-22, nan 
-27.375, 59.625, 4.9377281439857615e-22, nan 
-27.125, 59.625, 4.447380702537602e-22, nan 
-26.875, 59.625, 3.9644896993309397e-22, nan 
-26.625, 59.625, 3.34904421755471e-22, nan 
-26.375, 59.625, 3.061452686610466e-22, nan 
-26.125, 59.625, 1.7546422197377382e-22, nan 
-25.875, 59.625, 2.3791149322234063e-22, nan 
-25.625, 59.625, 2.8599626593039024e-22, nan 
-25.375, 59.625, 8.810770862567748e-22, nan 
-25.125, 59.625, 5.887929010533087e-22, nan 
-24.875, 59.625, 9.495401681052138e-22, nan 
-24.625, 59.625, 9.191574901562835e-22, nan 
-24.375, 59.625, 8.951003946096213e-22, nan 
-24.125, 59.625, 2.208002725928401e-21, nan 
-23.875, 59.625, 2.4690007884241176e-21, nan 
-23.625, 59.625, 1.823923759069892e-21, nan 
-23.375, 59.625, 2.2851989091185197e-21, nan 
-23.125, 59.625, 2.157648231697642e-21, nan 
-22.875, 59.625, 1.0816747062742347e-21, nan 
-22.625, 59.625, 1.0159074958058926e-21, nan 
-22.375, 59.625, 1.0992678401322175e-21, nan 
-22.125, 59.625, 6.618790150461547e-22, nan 
-21.875, 59.625, 6.55958499550646e-22, nan 
-21.625, 59.625, 9.158623362021461e-22, nan 
-21.375, 59.625, 1.0467858495299459e-21, nan 
-21.125, 59.625, 1.242306741641204e-21, nan 
-20.875, 59.625, 1.1820130317763846e-21, nan 
-20.625, 59.625, 8.171082114460053e-22, nan 
-20.375, 59.625, 2.1887361365438066e-21, nan 
-20.125, 59.625, 2.3407996572029896e-21, nan 
-19.875, 59.625, 1.729685514726865e-21, nan 
-19.625, 59.625, 3.574352226434522e-21, nan 
-19.375, 59.625, 3.80317743708904e-21, nan 
-19.125, 59.625, 2.3493813716179208e-21, nan 
-18.875, 59.625, 1.9696213240944583e-21, nan 
-18.625, 59.625, 2.4559124390132953e-21, nan 
-76.625, 59.875, 1.5555506668441225e-23, nan 
-76.375, 59.875, 7.640966299369097e-23, nan 
-76.125, 59.875, 5.0927825569799284e-23, nan 
-75.875, 59.875, 2.3435217185913983e-23, nan 
-75.625, 59.875, 2.1582595285317406e-23, nan 
-75.375, 59.875, 2.4416256333085942e-23, nan 
-75.125, 59.875, 2.829830483596935e-23, nan 
-74.875, 59.875, 3.175050972287714e-23, nan 
-74.625, 59.875, 2.7220359433961336e-23, nan 
-74.375, 59.875, 2.862685383189e-23, nan 
-74.125, 59.875, 2.6315911336026978e-23, nan 
-73.875, 59.875, 3.2641321422936867e-23, nan 
-73.625, 59.875, 3.590237877097933e-23, nan 
-73.375, 59.875, 3.211352613909787e-23, nan 
-73.125, 59.875, 2.0573152530395338e-23, nan 
-72.875, 59.875, 3.8532953819882617e-23, nan 
-72.625, 59.875, 4.2463367523527004e-23, nan 
-72.375, 59.875, 3.1835207664017426e-23, nan 
-72.125, 59.875, 2.844474163171785e-23, nan 
-71.875, 59.875, 3.656370343306024e-23, nan 
-71.625, 59.875, 3.477531875884067e-23, nan 
-71.375, 59.875, 3.4241007239999047e-23, nan 
-71.125, 59.875, 3.8804270456131626e-23, nan 
-70.875, 59.875, 2.7679157860000964e-23, nan 
-70.625, 59.875, 2.766399588368143e-23, nan 
-70.375, 59.875, 2.959405122882907e-23, nan 
-70.125, 59.875, 3.151735743140191e-23, nan 
-69.875, 59.875, 3.7932361581480726e-23, nan 
-69.625, 59.875, 3.097825401056078e-23, nan 
-69.375, 59.875, 2.3410340742937875e-23, nan 
-69.125, 59.875, 2.4807383173149292e-23, nan 
-68.875, 59.875, 2.4663588879015245e-23, nan 
-68.625, 59.875, 2.4981505416784603e-23, nan 
-68.375, 59.875, 2.115120960461873e-23, nan 
-68.125, 59.875, 3.917883526056827e-23, nan 
-67.875, 59.875, 4.2882303206625646e-23, nan 
-67.625, 59.875, 2.989070208840163e-23, nan 
-67.375, 59.875, 4.0932093852099854e-23, nan 
-67.125, 59.875, 2.9115609350273806e-23, nan 
-66.875, 59.875, 2.9512150229862683e-23, nan 
-66.625, 59.875, 2.4952507233767566e-23, nan 
-66.375, 59.875, 1.752068842937586e-23, nan 
-66.125, 59.875, 3.57723595561192e-23, nan 
-65.875, 59.875, 5.005419377567938e-23, nan 
-65.625, 59.875, 3.775849754572994e-23, nan 
-65.375, 59.875, 2.5550178192265844e-23, nan 
-65.125, 59.875, 2.5010496002995316e-23, nan 
-64.875, 59.875, 1.8761017663013993e-23, nan 
-64.625, 59.875, 2.6100864301468567e-23, nan 
-64.375, 59.875, 2.914965573076439e-23, nan 
-64.125, 59.875, 2.9329332999293596e-23, nan 
-63.875, 59.875, 4.062912197837479e-23, nan 
-63.625, 59.875, 3.939505154965743e-23, nan 
-63.375, 59.875, 1.9918212257144677e-23, nan 
-63.125, 59.875, 2.1719718610229088e-23, nan 
-62.875, 59.875, 2.72013269544406e-23, nan 
-62.625, 59.875, 3.376909786938385e-23, nan 
-62.375, 59.875, 2.6213109641892096e-23, nan 
-62.125, 59.875, 3.520991554717866e-23, nan 
-61.875, 59.875, 2.239275298661596e-23, nan 
-61.625, 59.875, 6.576873356080875e-23, nan 
-61.375, 59.875, 6.04618922372587e-23, nan 
-61.125, 59.875, 2.352912154601566e-23, nan 
-60.875, 59.875, 3.1283601255070145e-23, nan 
-60.625, 59.875, 2.5390538092826476e-23, nan 
-60.375, 59.875, 1.1164613087817157e-23, nan 
-60.125, 59.875, 3.2819981852189515e-23, nan 
-59.875, 59.875, 3.202854349468678e-23, nan 
-59.625, 59.875, 1.7498834756517098e-23, nan 
-59.375, 59.875, 1.9931097183904775e-23, nan 
-59.125, 59.875, 4.602206162157504e-23, nan 
-58.875, 59.875, 7.55350214248575e-23, nan 
-58.625, 59.875, 6.075072945867254e-23, nan 
-58.375, 59.875, 5.3732167905471275e-24, nan 
-58.125, 59.875, 3.111626341405374e-23, nan 
-57.875, 59.875, 5.903944757519147e-23, nan 
-57.625, 59.875, 7.643199636711124e-23, nan 
-57.375, 59.875, 5.55601245293485e-23, nan 
-57.125, 59.875, 8.203728897770094e-23, nan 
-56.875, 59.875, 9.786827588616083e-23, nan 
-56.625, 59.875, 8.190259569370066e-23, nan 
-56.375, 59.875, 4.2123790398266066e-23, nan 
-56.125, 59.875, 1.4256125540307656e-23, nan 
-55.875, 59.875, 4.4598017623076325e-23, nan 
-55.625, 59.875, 5.522593734435651e-23, nan 
-55.375, 59.875, 3.257503880366699e-23, nan 
-55.125, 59.875, 2.5581226640237377e-23, nan 
-54.875, 59.875, 2.579684686719405e-23, nan 
-54.625, 59.875, 2.920608503814367e-23, nan 
-54.375, 59.875, 3.1176244855670267e-23, nan 
-54.125, 59.875, 2.125268781530566e-23, nan 
-53.875, 59.875, 2.20600274439122e-23, nan 
-53.625, 59.875, 2.3113377973167358e-23, nan 
-53.375, 59.875, 2.1408802052128522e-23, nan 
-53.125, 59.875, 3.441570040721129e-23, nan 
-52.875, 59.875, 4.1680616089269996e-23, nan 
-52.625, 59.875, 3.179786989624169e-23, nan 
-52.375, 59.875, 3.958793493854115e-23, nan 
-52.125, 59.875, 4.85200499511861e-23, nan 
-51.875, 59.875, 4.048651759422387e-23, nan 
-51.625, 59.875, 2.3075189997779285e-23, nan 
-51.375, 59.875, 5.539692422762095e-23, nan 
-51.125, 59.875, 7.003322436389947e-23, nan 
-50.875, 59.875, 7.433410615786034e-23, nan 
-50.625, 59.875, 4.6215387758025915e-23, nan 
-50.375, 59.875, 4.257547238437605e-23, nan 
-50.125, 59.875, 4.25720713968559e-23, nan 
-49.875, 59.875, 3.8784137981511894e-23, nan 
-49.625, 59.875, 2.967364033862766e-23, nan 
-49.375, 59.875, 3.1370794005048493e-23, nan 
-49.125, 59.875, 4.8662604220400654e-23, nan 
-48.875, 59.875, 4.506133094356774e-23, nan 
-48.625, 59.875, 2.8894425812386975e-23, nan 
-48.375, 59.875, 2.7799203470608595e-23, nan 
-48.125, 59.875, 3.586035415403036e-23, nan 
-47.875, 59.875, 4.478293072909659e-23, nan 
-47.625, 59.875, 3.632607555201435e-23, nan 
-47.375, 59.875, 2.0637294557015728e-23, nan 
-47.125, 59.875, 2.816459211312745e-23, nan 
-46.875, 59.875, 3.6936392483275444e-23, nan 
-46.625, 59.875, 1.9397255282613812e-23, nan 
-46.375, 59.875, 3.0158868520868707e-23, nan 
-46.125, 59.875, 4.854553478737355e-23, nan 
-45.875, 59.875, 4.2186200958911744e-23, nan 
-45.625, 59.875, 2.3187714100440028e-23, nan 
-45.375, 59.875, 7.271794435356413e-23, nan 
-45.125, 59.875, 9.801138443829627e-23, nan 
-44.875, 59.875, 1.3108319630493547e-22, nan 
-44.625, 59.875, 1.1923279141475091e-22, nan 
-44.375, 59.875, 5.998289495083578e-23, nan 
-44.125, 59.875, 5.30288191015449e-23, nan 
-43.875, 59.875, 4.6158025827093516e-23, nan 
-43.625, 59.875, 5.149312597310282e-23, nan 
-43.375, 59.875, 5.461230061770082e-23, nan 
-43.125, 59.875, 8.06061626401929e-23, nan 
-42.875, 59.875, 8.135883332819593e-23, nan 
-42.625, 59.875, 1.066723741689845e-22, nan 
-42.375, 59.875, 1.3714963225382641e-22, nan 
-42.125, 59.875, 8.289319716962098e-23, nan 
-41.875, 59.875, 1.0088571565225274e-22, nan 
-41.625, 59.875, 1.1650893749463613e-22, nan 
-41.375, 59.875, 1.4105226497524109e-22, nan 
-41.125, 59.875, 1.2041423840586826e-22, nan 
-40.875, 59.875, 4.432763569497566e-23, nan 
-40.625, 59.875, 3.9759098130583697e-23, nan 
-40.375, 59.875, 7.627524730818989e-23, nan 
-40.125, 59.875, 8.094387224882915e-23, nan 
-39.875, 59.875, 7.870637498378325e-23, nan 
-39.625, 59.875, 6.488965101178727e-23, nan 
-39.375, 59.875, 5.0787041226149933e-23, nan 
-39.125, 59.875, 6.127015573796347e-23, nan 
-38.875, 59.875, 7.432629402463015e-23, nan 
-38.625, 59.875, 7.080561658267457e-23, nan 
-38.375, 59.875, 5.2695218941147006e-23, nan 
-38.125, 59.875, 5.192262731979951e-23, nan 
-37.875, 59.875, 4.0457406436958565e-23, nan 
-37.625, 59.875, 4.893888858022651e-23, nan 
-37.375, 59.875, 6.411424826361269e-23, nan 
-37.125, 59.875, 5.350707918018742e-23, nan 
-36.875, 59.875, 1.4395581828302388e-22, nan 
-36.625, 59.875, 1.5084069864435794e-22, nan 
-36.375, 59.875, 8.414210802642999e-23, nan 
-36.125, 59.875, 9.591393777080257e-23, nan 
-35.875, 59.875, 9.472803069678567e-23, nan 
-35.625, 59.875, 6.169701014430134e-23, nan 
-35.375, 59.875, 7.522666499397732e-23, nan 
-35.125, 59.875, 6.741351039563764e-23, nan 
-34.875, 59.875, 2.290982253270659e-23, nan 
-34.625, 59.875, 9.680882974337097e-23, nan 
-34.375, 59.875, 1.666611446912952e-22, nan 
-34.125, 59.875, 1.4096408746710961e-22, nan 
-33.875, 59.875, 8.808332248664756e-23, nan 
-33.625, 59.875, 7.95953169326309e-23, nan 
-33.375, 59.875, 1.4618440875991166e-22, nan 
-33.125, 59.875, 1.5930284667093855e-22, nan 
-32.875, 59.875, 1.33018540851229e-22, nan 
-32.625, 59.875, 1.4310696684429343e-22, nan 
-32.375, 59.875, 1.6247963954676503e-22, nan 
-32.125, 59.875, 4.0046842595247447e-22, nan 
-31.875, 59.875, 5.534834965243109e-22, nan 
-31.625, 59.875, 4.232033964597222e-22, nan 
-31.375, 59.875, 3.936829738437467e-22, nan 
-31.125, 59.875, 6.919222206440407e-22, nan 
-30.875, 59.875, 7.182063524281214e-22, nan 
-30.625, 59.875, 5.148450379147506e-22, nan 
-30.375, 59.875, 1.945593049589723e-22, nan 
-30.125, 59.875, 1.3986865321092305e-22, nan 
-29.875, 59.875, 2.981254305987103e-22, nan 
-29.625, 59.875, 3.4848424548395994e-22, nan 
-29.375, 59.875, 2.860106373924544e-22, nan 
-29.125, 59.875, 5.429152025495299e-22, nan 
-28.875, 59.875, 6.849949913130815e-22, nan 
-28.625, 59.875, 4.369864671572823e-22, nan 
-28.375, 59.875, 7.568625574465367e-22, nan 
-28.125, 59.875, 8.50494714751623e-22, nan 
-27.875, 59.875, 7.850984555027264e-22, nan 
-27.625, 59.875, 9.124814300497432e-22, nan 
-27.375, 59.875, 7.12254633130542e-22, nan 
-27.125, 59.875, 7.233048147436904e-22, nan 
-26.875, 59.875, 5.2657288651159e-22, nan 
-26.625, 59.875, 3.6111397925222713e-22, nan 
-26.375, 59.875, 5.2374527903236515e-22, nan 
-26.125, 59.875, 7.1647601657156e-22, nan 
-25.875, 59.875, 6.518261811395102e-22, nan 
-25.625, 59.875, 3.1352663783483268e-22, nan 
-25.375, 59.875, 6.21659824148197e-22, nan 
-25.125, 59.875, 7.859851306145352e-22, nan 
-24.875, 59.875, 6.376464166407063e-22, nan 
-24.625, 59.875, 7.901262004212448e-22, nan 
-24.375, 59.875, 8.339249915261888e-22, nan 
-24.125, 59.875, 1.608248021314931e-21, nan 
-23.875, 59.875, 1.9563696414619494e-21, nan 
-23.625, 59.875, 1.611227032694009e-21, nan 
-23.375, 59.875, 2.2943841833703224e-21, nan 
-23.125, 59.875, 2.04437698550643e-21, nan 
-22.875, 59.875, 8.688906103023648e-22, nan 
-22.625, 59.875, 1.0909238071567819e-21, nan 
-22.375, 59.875, 1.4585044992360937e-21, nan 
-22.125, 59.875, 1.850543679070182e-21, nan 
-21.875, 59.875, 2.1460275108138777e-21, nan 
-21.625, 59.875, 2.123193275868301e-21, nan 
-21.375, 59.875, 1.085838960373712e-21, nan 
-21.125, 59.875, 1.17312296360796e-21, nan 
-20.875, 59.875, 2.0812211253038735e-21, nan 
-20.625, 59.875, 1.6817321637321572e-21, nan 
-20.375, 59.875, 2.213925629183146e-21, nan 
-20.125, 59.875, 2.8854228710813323e-21, nan 
-19.875, 59.875, 3.933155267022739e-21, nan 
-19.625, 59.875, 4.755819546093528e-21, nan 
-19.375, 59.875, 5.761293157919966e-21, nan 
-19.125, 59.875, 4.846488680792411e-21, nan 
-18.875, 59.875, 2.2548865923765525e-21, nan 
-18.625, 59.875, 2.281664939659096e-21, nan 
-18.375, 59.875, 1.67910242391394e-21, nan 
-18.125, 59.875, 1.1922256355765977e-21, nan 
-77.125, 60.125, 5.298002461183464e-23, nan 
-76.875, 60.125, 2.766244442906798e-23, nan 
-76.625, 60.125, 6.329668486482018e-23, nan 
-76.375, 60.125, 1.204989985655855e-22, nan 
-76.125, 60.125, 2.785185568349567e-23, nan 
-75.875, 60.125, 2.877423169717539e-23, nan 
-75.625, 60.125, 3.1439427930564617e-23, nan 
-75.375, 60.125, 3.55094707385928e-23, nan 
-75.125, 60.125, 3.632483739482657e-23, nan 
-74.875, 60.125, 3.204885345855902e-23, nan 
-74.625, 60.125, 3.1012453742762076e-23, nan 
-74.375, 60.125, 2.700110265013896e-23, nan 
-74.125, 60.125, 3.0489077162676505e-23, nan 
-73.875, 60.125, 2.938176464682134e-23, nan 
-73.625, 60.125, 2.704336239331151e-23, nan 
-73.375, 60.125, 2.6582594510293267e-23, nan 
-73.125, 60.125, 3.0355897009557524e-23, nan 
-72.875, 60.125, 3.5083625708668335e-23, nan 
-72.625, 60.125, 3.5550813156571936e-23, nan 
-72.375, 60.125, 3.4295954893868976e-23, nan 
-72.125, 60.125, 2.6015245299774088e-23, nan 
-71.875, 60.125, 4.232191636299168e-23, nan 
-71.625, 60.125, 4.485107276437763e-23, nan 
-71.375, 60.125, 2.8920717107643654e-23, nan 
-71.125, 60.125, 2.843480223388423e-23, nan 
-70.875, 60.125, 2.7834748293535604e-23, nan 
-70.625, 60.125, 2.8459858060984724e-23, nan 
-70.375, 60.125, 2.6971437282430174e-23, nan 
-70.125, 60.125, 2.567368536684875e-23, nan 
-69.875, 60.125, 2.6837768487125826e-23, nan 
-69.625, 60.125, 1.9682773069433566e-23, nan 
-69.375, 60.125, 2.4324781534016908e-23, nan 
-69.125, 60.125, 2.5188855082405673e-23, nan 
-68.875, 60.125, 2.166120015801e-23, nan 
-68.625, 60.125, 2.284446800023276e-23, nan 
-68.375, 60.125, 2.683724927413414e-23, nan 
-68.125, 60.125, 2.6268508895512907e-23, nan 
-67.875, 60.125, 2.62988356597628e-23, nan 
-67.625, 60.125, 3.176512171073935e-23, nan 
-67.375, 60.125, 3.011902023990336e-23, nan 
-67.125, 60.125, 2.8167742371961357e-23, nan 
-66.875, 60.125, 2.5053580022620274e-23, nan 
-66.625, 60.125, 2.8014360823089844e-23, nan 
-66.375, 60.125, 4.0121511062825575e-23, nan 
-66.125, 60.125, 4.217038252470991e-23, nan 
-65.875, 60.125, 2.408315794754956e-23, nan 
-65.625, 60.125, 3.368690528457682e-23, nan 
-65.375, 60.125, 3.5267015552695213e-23, nan 
-65.125, 60.125, 2.2292378324763518e-23, nan 
-64.875, 60.125, 2.591312307838699e-23, nan 
-64.625, 60.125, 2.7589824165654696e-23, nan 
-64.375, 60.125, 2.5550927534633596e-23, nan 
-64.125, 60.125, 3.145341205142115e-23, nan 
-63.875, 60.125, 3.2082617385243253e-23, nan 
-63.625, 60.125, 1.360848110082095e-23, nan 
-63.375, 60.125, 2.0740761355409234e-23, nan 
-63.125, 60.125, 2.6647519267385594e-23, nan 
-62.875, 60.125, 2.809934846815446e-23, nan 
-62.625, 60.125, 2.514522173402586e-23, nan 
-62.375, 60.125, 2.1212078481893117e-23, nan 
-62.125, 60.125, 2.487959930504443e-23, nan 
-61.875, 60.125, 2.4142652004920276e-23, nan 
-61.625, 60.125, 3.3725106015192996e-23, nan 
-61.375, 60.125, 2.0058631022815967e-23, nan 
-61.125, 60.125, 2.671665509170055e-23, nan 
-60.875, 60.125, 2.6366541220353526e-23, nan 
-60.625, 60.125, 2.0145051309131536e-23, nan 
-60.375, 60.125, 1.665191687093272e-23, nan 
-60.125, 60.125, 1.3087530393957349e-23, nan 
-59.875, 60.125, 1.0562038642331977e-23, nan 
-59.625, 60.125, 1.4754940315758354e-23, nan 
-59.375, 60.125, 4.620075220825349e-23, nan 
-59.125, 60.125, 4.0543472073822806e-23, nan 
-58.875, 60.125, 4.1775049902723945e-23, nan 
-58.625, 60.125, 4.518586679797094e-23, nan 
-58.375, 60.125, 4.380036756042461e-23, nan 
-58.125, 60.125, 4.274946455880781e-23, nan 
-57.875, 60.125, 3.658788902700612e-23, nan 
-57.625, 60.125, 3.718190847795417e-23, nan 
-57.375, 60.125, 4.99407611831092e-23, nan 
-57.125, 60.125, 7.08588430179678e-23, nan 
-56.875, 60.125, 5.728068457333573e-23, nan 
-56.625, 60.125, 3.8526085213269407e-23, nan 
-56.375, 60.125, 3.8198254913883765e-23, nan 
-56.125, 60.125, 3.700142767587699e-23, nan 
-55.875, 60.125, 3.538049210943641e-23, nan 
-55.625, 60.125, 2.8624487885525235e-23, nan 
-55.375, 60.125, 2.4487489975366892e-23, nan 
-55.125, 60.125, 1.5306054345817964e-23, nan 
-54.875, 60.125, 1.5886454314580448e-23, nan 
-54.625, 60.125, 1.4743522545832654e-23, nan 
-54.375, 60.125, 1.1752590905131182e-23, nan 
-54.125, 60.125, 1.3541703019049397e-23, nan 
-53.875, 60.125, 1.9110013673827392e-23, nan 
-53.625, 60.125, 2.5465582109865955e-23, nan 
-53.375, 60.125, 2.871972573735659e-23, nan 
-53.125, 60.125, 1.433078539885049e-23, nan 
-52.875, 60.125, 3.5390287394352516e-23, nan 
-52.625, 60.125, 4.367333943706161e-23, nan 
-52.375, 60.125, 3.8621519289752115e-23, nan 
-52.125, 60.125, 3.8428164442057827e-23, nan 
-51.875, 60.125, 3.357148322412927e-23, nan 
-51.625, 60.125, 4.075930816120723e-23, nan 
-51.375, 60.125, 4.627506174905736e-23, nan 
-51.125, 60.125, 4.531446226037618e-23, nan 
-50.875, 60.125, 4.8212903708704825e-23, nan 
-50.625, 60.125, 5.321657170280752e-23, nan 
-50.375, 60.125, 3.970389148225699e-23, nan 
-50.125, 60.125, 3.511666061209892e-23, nan 
-49.875, 60.125, 2.1357206049237734e-23, nan 
-49.625, 60.125, 1.542595517561531e-23, nan 
-49.375, 60.125, 3.609083641487949e-23, nan 
-49.125, 60.125, 4.422590580169628e-23, nan 
-48.875, 60.125, 1.4245699327057584e-23, nan 
-48.625, 60.125, 2.811984623936345e-23, nan 
-48.375, 60.125, 3.299398978319008e-23, nan 
-48.125, 60.125, 3.9299893312946333e-23, nan 
-47.875, 60.125, 4.076901597064387e-23, nan 
-47.625, 60.125, 5.511734338323894e-23, nan 
-47.375, 60.125, 2.9279067965148756e-23, nan 
-47.125, 60.125, 1.0895363167595543e-23, nan 
-46.875, 60.125, 3.1368276165587605e-23, nan 
-46.625, 60.125, 5.050878445121171e-23, nan 
-46.375, 60.125, 3.7992779947593874e-23, nan 
-46.125, 60.125, 3.7976178468262527e-23, nan 
-45.875, 60.125, 3.5347259203611695e-23, nan 
-45.625, 60.125, 3.8683578533631204e-23, nan 
-45.375, 60.125, 3.2240029927083546e-23, nan 
-45.125, 60.125, 5.968743782664032e-23, nan 
-44.875, 60.125, 7.524425246337578e-23, nan 
-44.625, 60.125, 5.477522108673273e-23, nan 
-44.375, 60.125, 4.790845429981959e-23, nan 
-44.125, 60.125, 5.520915427601965e-23, nan 
-43.875, 60.125, 4.0081216689968906e-23, nan 
-43.625, 60.125, 4.212514854558179e-23, nan 
-43.375, 60.125, 4.92720342824081e-23, nan 
-43.125, 60.125, 5.0278067559440026e-23, nan 
-42.875, 60.125, 3.254763431964633e-23, nan 
-42.625, 60.125, 3.790277627288146e-23, nan 
-42.375, 60.125, 8.430252122271031e-23, nan 
-42.125, 60.125, 6.896028514400464e-23, nan 
-41.875, 60.125, 8.93701858796543e-23, nan 
-41.625, 60.125, 8.971210518375499e-23, nan 
-41.375, 60.125, 6.156144659692096e-23, nan 
-41.125, 60.125, 3.5964575633585265e-23, nan 
-40.875, 60.125, 2.060408642301218e-23, nan 
-40.625, 60.125, 3.171579414060745e-23, nan 
-40.375, 60.125, 4.37024374394587e-23, nan 
-40.125, 60.125, 2.4636422953301084e-23, nan 
-39.875, 60.125, 4.4457407700486335e-23, nan 
-39.625, 60.125, 3.9029881132177185e-23, nan 
-39.375, 60.125, 2.9242886775136443e-23, nan 
-39.125, 60.125, 3.960288663879465e-23, nan 
-38.875, 60.125, 4.30947378946017e-23, nan 
-38.625, 60.125, 6.471538455680542e-23, nan 
-38.375, 60.125, 5.502398106463607e-23, nan 
-38.125, 60.125, 4.168013954967127e-23, nan 
-37.875, 60.125, 6.43483862578429e-23, nan 
-37.625, 60.125, 7.435536716564693e-23, nan 
-37.375, 60.125, 7.449936434262795e-23, nan 
-37.125, 60.125, 8.818620965131888e-23, nan 
-36.875, 60.125, 1.2218657368855968e-22, nan 
-36.625, 60.125, 5.017185946331216e-23, nan 
-36.375, 60.125, 4.872713399749148e-23, nan 
-36.125, 60.125, 8.264111092160224e-23, nan 
-35.875, 60.125, 7.600861989143122e-23, nan 
-35.625, 60.125, 9.372101905168256e-23, nan 
-35.375, 60.125, 1.413110542659627e-22, nan 
-35.125, 60.125, 1.0903552293727113e-22, nan 
-34.875, 60.125, 7.476822694090227e-23, nan 
-34.625, 60.125, 7.500330103094716e-23, nan 
-34.375, 60.125, 9.690751682567102e-23, nan 
-34.125, 60.125, 1.0590149214281735e-22, nan 
-33.875, 60.125, 1.7659080212331692e-22, nan 
-33.625, 60.125, 2.1223910240603642e-22, nan 
-33.375, 60.125, 1.6894797884190923e-22, nan 
-33.125, 60.125, 1.994146447237358e-22, nan 
-32.875, 60.125, 1.8609479076545275e-22, nan 
-32.625, 60.125, 1.419072424897831e-22, nan 
-32.375, 60.125, 1.0703096130546124e-22, nan 
-32.125, 60.125, 9.973247936105018e-23, nan 
-31.875, 60.125, 2.582942030593663e-22, nan 
-31.625, 60.125, 2.734959908586442e-22, nan 
-31.375, 60.125, 3.19686944513481e-22, nan 
-31.125, 60.125, 3.817953944692927e-22, nan 
-30.875, 60.125, 2.216874178822281e-22, nan 
-30.625, 60.125, 2.0901614782538762e-22, nan 
-30.375, 60.125, 1.9952329387307447e-22, nan 
-30.125, 60.125, 1.3767641249612677e-22, nan 
-29.875, 60.125, 1.4543788448048694e-22, nan 
-29.625, 60.125, 2.80536204483923e-22, nan 
-29.375, 60.125, 2.4445889877509564e-22, nan 
-29.125, 60.125, 2.780100475024087e-22, nan 
-28.875, 60.125, 5.219934734106961e-22, nan 
-28.625, 60.125, 4.417847500646656e-22, nan 
-28.375, 60.125, 4.54901668688825e-22, nan 
-28.125, 60.125, 5.150767699153594e-22, nan 
-27.875, 60.125, 7.387300185544067e-22, nan 
-27.625, 60.125, 8.912635205448845e-22, nan 
-27.375, 60.125, 6.997438693514108e-22, nan 
-27.125, 60.125, 7.736745902189601e-22, nan 
-26.875, 60.125, 7.200009545636101e-22, nan 
-26.625, 60.125, 6.2562131507520905e-22, nan 
-26.375, 60.125, 7.418363901684676e-22, nan 
-26.125, 60.125, 8.980079523227895e-22, nan 
-25.875, 60.125, 1.0323087123465794e-21, nan 
-25.625, 60.125, 7.950013859526116e-22, nan 
-25.375, 60.125, 5.860469027990382e-22, nan 
-25.125, 60.125, 5.7347610294658e-22, nan 
-24.875, 60.125, 5.075169585678935e-22, nan 
-24.625, 60.125, 4.491839429050395e-22, nan 
-24.375, 60.125, 4.259313840447042e-22, nan 
-24.125, 60.125, 7.075390394484843e-22, nan 
-23.875, 60.125, 1.0625459848090376e-21, nan 
-23.625, 60.125, 1.1268294321290893e-21, nan 
-23.375, 60.125, 1.5471262650833767e-21, nan 
-23.125, 60.125, 1.1617117354649715e-21, nan 
-22.875, 60.125, 5.083383026015067e-22, nan 
-22.625, 60.125, 2.3676291952953197e-21, nan 
-22.375, 60.125, 2.7219799960062504e-21, nan 
-22.125, 60.125, 1.9027022899684792e-21, nan 
-21.875, 60.125, 1.7164903190349343e-21, nan 
-21.625, 60.125, 2.4690833048435316e-21, nan 
-21.375, 60.125, 2.6870614804294445e-21, nan 
-21.125, 60.125, 2.4592997006707266e-21, nan 
-20.875, 60.125, 2.9362779664448768e-21, nan 
-20.625, 60.125, 2.3256862560226874e-21, nan 
-20.375, 60.125, 3.3530000710008884e-21, nan 
-20.125, 60.125, 3.537166297481236e-21, nan 
-19.875, 60.125, 2.7536880074801156e-21, nan 
-19.625, 60.125, 4.793454615014391e-21, nan 
-19.375, 60.125, 4.3895899658634335e-21, nan 
-19.125, 60.125, 1.988507845947512e-21, nan 
-18.875, 60.125, 3.7996681842487625e-21, nan 
-18.625, 60.125, 3.3451780938422976e-21, nan 
-18.375, 60.125, 1.9073491283353748e-21, nan 
-18.125, 60.125, 1.6400497829300606e-21, nan 
-17.875, 60.125, 1.1257825150357307e-21, nan 
-17.625, 60.125, 1.0519955651233175e-21, nan 
-17.375, 60.125, 6.647210288080185e-22, nan 
-77.375, 60.375, 5.2424453205942304e-23, nan 
-77.125, 60.375, 5.2108393623626744e-23, nan 
-76.875, 60.375, 7.071571103874932e-23, nan 
-76.625, 60.375, 1.5241700538278243e-22, nan 
-76.375, 60.375, 1.3477990361189207e-22, nan 
-76.125, 60.375, 7.176324415095239e-23, nan 
-75.875, 60.375, 8.414635283630732e-23, nan 
-75.625, 60.375, 6.481961771539058e-23, nan 
-75.375, 60.375, 5.003485095439026e-23, nan 
-75.125, 60.375, 3.914099283237195e-23, nan 
-74.875, 60.375, 2.6456743175824608e-23, nan 
-74.625, 60.375, 3.4599957945404846e-23, nan 
-74.375, 60.375, 4.200436702721976e-23, nan 
-74.125, 60.375, 4.2041003763941704e-23, nan 
-73.875, 60.375, 3.348429422292564e-23, nan 
-73.625, 60.375, 3.530462520523131e-23, nan 
-73.375, 60.375, 3.6370190117657025e-23, nan 
-73.125, 60.375, 3.0396231147461763e-23, nan 
-72.875, 60.375, 3.609442485103442e-23, nan 
-72.625, 60.375, 3.0381902425258297e-23, nan 
-72.375, 60.375, 3.160405815523875e-23, nan 
-72.125, 60.375, 3.4046687146002465e-23, nan 
-71.875, 60.375, 6.067627633490848e-23, nan 
-71.625, 60.375, 7.518772306365412e-23, nan 
-71.375, 60.375, 3.6398227626975716e-23, nan 
-71.125, 60.375, 4.6438297920374526e-23, nan 
-70.875, 60.375, 5.609510757092713e-23, nan 
-70.625, 60.375, 3.38733250911923e-23, nan 
-70.375, 60.375, 2.4474595295095588e-23, nan 
-70.125, 60.375, 2.8186009266866476e-23, nan 
-69.875, 60.375, 3.450757019014757e-23, nan 
-69.625, 60.375, 3.021706744298219e-23, nan 
-69.375, 60.375, 2.8038229469094205e-23, nan 
-69.125, 60.375, 2.82018476092964e-23, nan 
-68.875, 60.375, 2.3097383110857453e-23, nan 
-68.625, 60.375, 2.5725707425013277e-23, nan 
-68.375, 60.375, 3.655765448214299e-23, nan 
-68.125, 60.375, 2.9967900278820625e-23, nan 
-67.875, 60.375, 3.071239924008768e-23, nan 
-67.625, 60.375, 2.787413181004168e-23, nan 
-67.375, 60.375, 3.063092749833647e-23, nan 
-67.125, 60.375, 2.5521211089149042e-23, nan 
-66.875, 60.375, 2.443489881706135e-23, nan 
-66.625, 60.375, 2.4083249827229686e-23, nan 
-66.375, 60.375, 3.9238909717975785e-23, nan 
-66.125, 60.375, 4.451935327315018e-23, nan 
-65.875, 60.375, 3.117638231289615e-23, nan 
-65.625, 60.375, 2.4865501159743657e-23, nan 
-65.375, 60.375, 2.646214111266277e-23, nan 
-65.125, 60.375, 2.326660884219135e-23, nan 
-64.875, 60.375, 3.0679771697378195e-23, nan 
-64.625, 60.375, 2.724257046563687e-23, nan 
-64.375, 60.375, 2.0788698011726783e-23, nan 
-64.125, 60.375, 2.824065628637294e-23, nan 
-63.875, 60.375, 3.361708322511997e-23, nan 
-63.625, 60.375, 2.8142140595429727e-23, nan 
-63.375, 60.375, 2.7854246598762843e-23, nan 
-63.125, 60.375, 3.192638270441636e-23, nan 
-62.875, 60.375, 2.998342216942917e-23, nan 
-62.625, 60.375, 2.1607974299772258e-23, nan 
-62.375, 60.375, 2.3657617629744628e-23, nan 
-62.125, 60.375, 1.6848681249980819e-23, nan 
-61.875, 60.375, 2.755504134370875e-23, nan 
-61.625, 60.375, 2.505939495631707e-23, nan 
-61.375, 60.375, 2.132773295206165e-23, nan 
-61.125, 60.375, 2.4937754974856015e-23, nan 
-60.875, 60.375, 2.4685770375536688e-23, nan 
-60.625, 60.375, 1.8721842620335428e-23, nan 
-60.375, 60.375, 1.4576020273558822e-23, nan 
-60.125, 60.375, 1.480460134382703e-23, nan 
-59.875, 60.375, 1.5679848977720614e-23, nan 
-59.625, 60.375, 2.341280782690957e-23, nan 
-59.375, 60.375, 5.869463778856431e-23, nan 
-59.125, 60.375, 5.539570951066796e-23, nan 
-58.875, 60.375, 5.788168727605537e-23, nan 
-58.625, 60.375, 5.98545234487163e-23, nan 
-58.375, 60.375, 5.003208306930631e-23, nan 
-58.125, 60.375, 5.42722106095445e-23, nan 
-57.875, 60.375, 5.176451170245909e-23, nan 
-57.625, 60.375, 4.6117011580863536e-23, nan 
-57.375, 60.375, 4.6234933972417034e-23, nan 
-57.125, 60.375, 5.1196162791509145e-23, nan 
-56.875, 60.375, 4.0016785882267336e-23, nan 
-56.625, 60.375, 2.9693962790955784e-23, nan 
-56.375, 60.375, 2.899877751238026e-23, nan 
-56.125, 60.375, 3.553681763494864e-23, nan 
-55.875, 60.375, 3.802944150030343e-23, nan 
-55.625, 60.375, 2.1874295581336292e-23, nan 
-55.375, 60.375, 2.049920797700561e-23, nan 
-55.125, 60.375, 9.272613940601673e-24, nan 
-54.875, 60.375, 1.763783186658326e-23, nan 
-54.625, 60.375, 2.741412052586126e-23, nan 
-54.375, 60.375, 1.8624331913189255e-23, nan 
-54.125, 60.375, 2.198787557659624e-23, nan 
-53.875, 60.375, 3.7790135324244844e-23, nan 
-53.625, 60.375, 2.2077598347040674e-23, nan 
-53.375, 60.375, 2.881956372400647e-23, nan 
-53.125, 60.375, 3.947717221311623e-23, nan 
-52.875, 60.375, 3.751314298765677e-23, nan 
-52.625, 60.375, 3.532687329262938e-23, nan 
-52.375, 60.375, 3.75879638366081e-23, nan 
-52.125, 60.375, 2.7311757546381725e-23, nan 
-51.875, 60.375, 2.610356512185253e-23, nan 
-51.625, 60.375, 4.283982112106504e-23, nan 
-51.375, 60.375, 4.96183468938459e-23, nan 
-51.125, 60.375, 3.986860177419012e-23, nan 
-50.875, 60.375, 3.8191520174598845e-23, nan 
-50.625, 60.375, 4.187057084825984e-23, nan 
-50.375, 60.375, 3.336986671981612e-23, nan 
-50.125, 60.375, 1.967951831467736e-23, nan 
-49.875, 60.375, 2.8785860185473643e-23, nan 
-49.625, 60.375, 2.4424751013635753e-23, nan 
-49.375, 60.375, 7.479413908499857e-23, nan 
-49.125, 60.375, 8.924742515661028e-23, nan 
-48.875, 60.375, 4.265487288881349e-23, nan 
-48.625, 60.375, 4.3681883075938486e-23, nan 
-48.375, 60.375, 6.577459364322676e-23, nan 
-48.125, 60.375, 5.991013132277612e-23, nan 
-47.875, 60.375, 3.469832219669447e-23, nan 
-47.625, 60.375, 7.714211363139772e-23, nan 
-47.375, 60.375, 7.558095845738015e-23, nan 
-47.125, 60.375, 9.202938896958313e-23, nan 
-46.875, 60.375, 4.0558256683508944e-22, nan 
-46.625, 60.375, 8.017136125323756e-23, nan 
-46.375, 60.375, 5.296195956407012e-23, nan 
-46.125, 60.375, 5.491352712326613e-23, nan 
-45.875, 60.375, 6.558673845259952e-23, nan 
-45.625, 60.375, 5.261140319944408e-23, nan 
-45.375, 60.375, 4.792149178002328e-23, nan 
-45.125, 60.375, 5.837496352861968e-23, nan 
-44.875, 60.375, 7.97884070911503e-23, nan 
-44.625, 60.375, 5.81357976584538e-23, nan 
-44.375, 60.375, 5.29956321780377e-23, nan 
-44.125, 60.375, 5.298525118563085e-23, nan 
-43.875, 60.375, 3.6468831565417763e-23, nan 
-43.625, 60.375, 3.182110155442705e-23, nan 
-43.375, 60.375, 3.6550177756809307e-23, nan 
-43.125, 60.375, 4.04134387892755e-23, nan 
-42.875, 60.375, 3.1541436148615936e-23, nan 
-42.625, 60.375, 3.509499424957675e-23, nan 
-42.375, 60.375, 4.0944070282135815e-23, nan 
-42.125, 60.375, 3.415660293763171e-23, nan 
-41.875, 60.375, 4.333540518788712e-23, nan 
-41.625, 60.375, 1.7594766540935347e-23, nan 
-41.375, 60.375, 7.835399724255682e-24, nan 
-41.125, 60.375, 2.2000164460783402e-23, nan 
-40.875, 60.375, 2.435268949702593e-23, nan 
-40.625, 60.375, 3.647021946669484e-23, nan 
-40.375, 60.375, 3.872911563075416e-23, nan 
-40.125, 60.375, 3.83065602651598e-23, nan 
-39.875, 60.375, 4.742422912817329e-23, nan 
-39.625, 60.375, 4.8068152366295036e-23, nan 
-39.375, 60.375, 4.188950489848773e-23, nan 
-39.125, 60.375, 6.389495147814301e-23, nan 
-38.875, 60.375, 7.921703510066731e-23, nan 
-38.625, 60.375, 8.13536530403519e-23, nan 
-38.375, 60.375, 7.68530203952842e-23, nan 
-38.125, 60.375, 1.0489724183101911e-22, nan 
-37.875, 60.375, 8.177995092987722e-23, nan 
-37.625, 60.375, 1.0416110205531538e-22, nan 
-37.375, 60.375, 8.582741091277726e-23, nan 
-37.125, 60.375, 9.994321983059992e-23, nan 
-36.875, 60.375, 5.61356916360553e-23, nan 
-36.625, 60.375, 5.587374980617487e-23, nan 
-36.375, 60.375, 7.15631854606129e-23, nan 
-36.125, 60.375, 1.0415537688172804e-22, nan 
-35.875, 60.375, 1.087131953500854e-22, nan 
-35.625, 60.375, 1.0296646860792907e-22, nan 
-35.375, 60.375, 2.0471305821580446e-22, nan 
-35.125, 60.375, 1.2022078804945567e-22, nan 
-34.875, 60.375, 9.788448754566124e-23, nan 
-34.625, 60.375, 1.7098087496199034e-22, nan 
-34.375, 60.375, 1.31382686869153e-22, nan 
-34.125, 60.375, 1.9106440972160053e-22, nan 
-33.875, 60.375, 2.5605651475205744e-22, nan 
-33.625, 60.375, 2.8830112368342305e-22, nan 
-33.375, 60.375, 1.8828587564250872e-22, nan 
-33.125, 60.375, 1.9276730758821447e-22, nan 
-32.875, 60.375, 1.8367631131477743e-22, nan 
-32.625, 60.375, 1.1600775837147492e-22, nan 
-32.375, 60.375, 1.1306606517917823e-22, nan 
-32.125, 60.375, 1.6720526872566084e-22, nan 
-31.875, 60.375, 1.531284046795459e-22, nan 
-31.625, 60.375, 1.7366286587750413e-22, nan 
-31.375, 60.375, 1.6427295944214875e-22, nan 
-31.125, 60.375, 2.2709352422348075e-22, nan 
-30.875, 60.375, 2.8124866234767626e-22, nan 
-30.625, 60.375, 2.7389303620581782e-22, nan 
-30.375, 60.375, 3.1314735240357857e-22, nan 
-30.125, 60.375, 2.514549968415375e-22, nan 
-29.875, 60.375, 3.3801029500571513e-22, nan 
-29.625, 60.375, 3.8603094769407373e-22, nan 
-29.375, 60.375, 2.638001033805491e-22, nan 
-29.125, 60.375, 4.669352920814513e-22, nan 
-28.875, 60.375, 4.920549787466442e-22, nan 
-28.625, 60.375, 6.066913220538781e-22, nan 
-28.375, 60.375, 4.71795876451734e-22, nan 
-28.125, 60.375, 3.5888781085859184e-22, nan 
-27.875, 60.375, 5.102442634758788e-22, nan 
-27.625, 60.375, 6.528355288714556e-22, nan 
-27.375, 60.375, 6.021479097887447e-22, nan 
-27.125, 60.375, 4.341716139530958e-22, nan 
-26.875, 60.375, 5.448017359251693e-22, nan 
-26.625, 60.375, 1.4064114609837901e-21, nan 
-26.375, 60.375, 1.912942282317243e-21, nan 
-26.125, 60.375, 1.910229614698453e-21, nan 
-25.875, 60.375, 1.605725572027078e-21, nan 
-25.625, 60.375, 1.593486268655917e-21, nan 
-25.375, 60.375, 1.6164821842922306e-21, nan 
-25.125, 60.375, 1.1430428083933068e-21, nan 
-24.875, 60.375, 4.035076937163742e-22, nan 
-24.625, 60.375, 4.187912320880549e-22, nan 
-24.375, 60.375, 4.775303193011622e-22, nan 
-24.125, 60.375, 4.9319333117675495e-22, nan 
-23.875, 60.375, 3.420335775624e-22, nan 
-23.625, 60.375, 4.0448000052089435e-22, nan 
-23.375, 60.375, 5.124758298005955e-22, nan 
-23.125, 60.375, 4.389511723107915e-22, nan 
-22.875, 60.375, 4.840767674769385e-22, nan 
-22.625, 60.375, 1.871740494380815e-21, nan 
-22.375, 60.375, 1.9900971815665706e-21, nan 
-22.125, 60.375, 1.4910786725800903e-21, nan 
-21.875, 60.375, 1.816263826195152e-21, nan 
-21.625, 60.375, 2.216488051169659e-21, nan 
-21.375, 60.375, 2.4425065731504367e-21, nan 
-21.125, 60.375, 2.985474663505266e-21, nan 
-20.875, 60.375, 3.137127527442132e-21, nan 
-20.625, 60.375, 2.35576502899143e-21, nan 
-20.375, 60.375, 2.547046957779725e-21, nan 
-20.125, 60.375, 3.6683514025929914e-21, nan 
-19.875, 60.375, 4.8179225734167554e-21, nan 
-19.625, 60.375, 5.094024541969457e-21, nan 
-19.375, 60.375, 3.791755547257497e-21, nan 
-19.125, 60.375, 3.35971840470288e-21, nan 
-18.875, 60.375, 4.179584705984456e-21, nan 
-18.625, 60.375, 2.5777432699576316e-21, nan 
-18.375, 60.375, 1.3359714192412845e-21, nan 
-18.125, 60.375, 1.8339338187957053e-21, nan 
-17.875, 60.375, 9.806273899265208e-22, nan 
-17.625, 60.375, 1.1632452463016797e-21, nan 
-17.375, 60.375, 2.028311777747745e-21, nan 
-17.125, 60.375, 1.3768625469008533e-21, nan 
-16.875, 60.375, 9.758017928793906e-22, nan 
-16.625, 60.375, 8.142964697048494e-22, nan 
-77.625, 60.625, 5.181460442729466e-23, nan 
-77.375, 60.625, 5.818851520592735e-23, nan 
-77.125, 60.625, 7.017792131747796e-23, nan 
-76.875, 60.625, 7.652503523908307e-23, nan 
-76.625, 60.625, 1.2598324922695652e-22, nan 
-76.375, 60.625, 8.890969472380571e-23, nan 
-76.125, 60.625, 6.435040557854317e-23, nan 
-75.875, 60.625, 5.151376035503978e-23, nan 
-75.625, 60.625, 3.0922292656303346e-23, nan 
-75.375, 60.625, 3.298605898437646e-23, nan 
-75.125, 60.625, 3.669943490501628e-23, nan 
-74.875, 60.625, 3.528794547799038e-23, nan 
-74.625, 60.625, 3.448614072186518e-23, nan 
-74.375, 60.625, 4.4020058741902913e-23, nan 
-74.125, 60.625, 4.666414182954482e-23, nan 
-73.875, 60.625, 4.7111078401686715e-23, nan 
-73.625, 60.625, 5.406331597644247e-23, nan 
-73.375, 60.625, 4.2190820055912627e-23, nan 
-73.125, 60.625, 4.14265116599333e-23, nan 
-72.875, 60.625, 3.9576277055492403e-23, nan 
-72.625, 60.625, 2.879593712675788e-23, nan 
-72.375, 60.625, 3.755421522507989e-23, nan 
-72.125, 60.625, 3.667643208513478e-23, nan 
-71.875, 60.625, 5.801880011510791e-23, nan 
-71.625, 60.625, 6.37445767907701e-23, nan 
-71.375, 60.625, 4.5255107005101555e-23, nan 
-71.125, 60.625, 4.4553802513910267e-23, nan 
-70.875, 60.625, 4.0276353381624204e-23, nan 
-70.625, 60.625, 3.312524953590755e-23, nan 
-70.375, 60.625, 3.229892972776671e-23, nan 
-70.125, 60.625, 3.092750395232283e-23, nan 
-69.875, 60.625, 3.3522812725634476e-23, nan 
-69.625, 60.625, 3.08261487562848e-23, nan 
-69.375, 60.625, 2.4495332554626513e-23, nan 
-69.125, 60.625, 3.211891564756211e-23, nan 
-68.875, 60.625, 2.5995107291805553e-23, nan 
-68.625, 60.625, 3.1249409201682785e-23, nan 
-68.375, 60.625, 3.589403772800825e-23, nan 
-68.125, 60.625, 4.1115231813763055e-23, nan 
-67.875, 60.625, 3.3012677462378734e-23, nan 
-67.625, 60.625, 2.826498350730532e-23, nan 
-67.375, 60.625, 3.4481463626261385e-23, nan 
-67.125, 60.625, 3.6046739111167105e-23, nan 
-66.875, 60.625, 3.39994006468758e-23, nan 
-66.625, 60.625, 3.6511364635703556e-23, nan 
-66.375, 60.625, 3.436421117456656e-23, nan 
-66.125, 60.625, 3.3749609554939013e-23, nan 
-65.875, 60.625, 3.6694875649562174e-23, nan 
-65.625, 60.625, 2.974153227842333e-23, nan 
-65.375, 60.625, 2.996265746725826e-23, nan 
-65.125, 60.625, 2.4916345418670197e-23, nan 
-64.875, 60.625, 2.984728444616947e-23, nan 
-64.625, 60.625, 3.2512767531338094e-23, nan 
-64.375, 60.625, 3.225761585764654e-23, nan 
-64.125, 60.625, 2.6956814816172256e-23, nan 
-63.875, 60.625, 2.812550838566126e-23, nan 
-63.625, 60.625, 3.316813490457716e-23, nan 
-63.375, 60.625, 2.856275970956108e-23, nan 
-63.125, 60.625, 3.202194753841205e-23, nan 
-62.875, 60.625, 3.096106592287337e-23, nan 
-62.625, 60.625, 2.2812815506698154e-23, nan 
-62.375, 60.625, 3.089255892583906e-23, nan 
-62.125, 60.625, 3.3473770514550887e-23, nan 
-61.875, 60.625, 2.655506832302938e-23, nan 
-61.625, 60.625, 2.9075149363727013e-23, nan 
-61.375, 60.625, 2.3891587266463107e-23, nan 
-61.125, 60.625, 2.5090846893307428e-23, nan 
-60.875, 60.625, 3.0425771970837544e-23, nan 
-60.625, 60.625, 2.6644116605698093e-23, nan 
-60.375, 60.625, 2.246688729178898e-23, nan 
-60.125, 60.625, 2.0353736165972728e-23, nan 
-59.875, 60.625, 3.5233685502791784e-23, nan 
-59.625, 60.625, 5.723271427042043e-23, nan 
-59.375, 60.625, 7.133731131701402e-23, nan 
-59.125, 60.625, 6.525498582313842e-23, nan 
-58.875, 60.625, 6.649653878089008e-23, nan 
-58.625, 60.625, 5.598537407426897e-23, nan 
-58.375, 60.625, 4.700174907953679e-23, nan 
-58.125, 60.625, 4.3363156460116653e-23, nan 
-57.875, 60.625, 3.975963823444721e-23, nan 
-57.625, 60.625, 4.1760134172391743e-23, nan 
-57.375, 60.625, 3.281527834618132e-23, nan 
-57.125, 60.625, 2.725054244744952e-23, nan 
-56.875, 60.625, 3.2946784366305567e-23, nan 
-56.625, 60.625, 2.798854107234897e-23, nan 
-56.375, 60.625, 2.595391374115928e-23, nan 
-56.125, 60.625, 3.052788950386064e-23, nan 
-55.875, 60.625, 2.992516529633295e-23, nan 
-55.625, 60.625, 2.767045311113323e-23, nan 
-55.375, 60.625, 2.077911563959519e-23, nan 
-55.125, 60.625, 2.6881654941479436e-23, nan 
-54.875, 60.625, 2.6160750510211236e-23, nan 
-54.625, 60.625, 2.0238090530462278e-23, nan 
-54.375, 60.625, 2.9959393743475446e-23, nan 
-54.125, 60.625, 4.178368821166384e-23, nan 
-53.875, 60.625, 3.4415862135517686e-23, nan 
-53.625, 60.625, 3.348691169942507e-23, nan 
-53.375, 60.625, 3.8661809930316895e-23, nan 
-53.125, 60.625, 3.5853919878477764e-23, nan 
-52.875, 60.625, 3.8582172553940445e-23, nan 
-52.625, 60.625, 3.827878859221351e-23, nan 
-52.375, 60.625, 3.284466589985473e-23, nan 
-52.125, 60.625, 2.4495753599928444e-23, nan 
-51.875, 60.625, 3.629338576094758e-23, nan 
-51.625, 60.625, 4.082329730346358e-23, nan 
-51.375, 60.625, 3.425321037369641e-23, nan 
-51.125, 60.625, 3.207227597535527e-23, nan 
-50.875, 60.625, 3.247109012234386e-23, nan 
-50.625, 60.625, 2.429083997068281e-23, nan 
-50.375, 60.625, 2.1773286896208026e-23, nan 
-50.125, 60.625, 3.2074049217408517e-23, nan 
-49.875, 60.625, 2.383008977089633e-23, nan 
-49.625, 60.625, 2.5797437536267705e-23, nan 
-49.375, 60.625, 6.879709979131894e-23, nan 
-49.125, 60.625, 9.345109606968378e-23, nan 
-48.875, 60.625, 6.641953528957321e-23, nan 
-48.625, 60.625, 6.627803170659355e-23, nan 
-48.375, 60.625, 8.565032207776017e-23, nan 
-48.125, 60.625, 1.2506828105675238e-22, nan 
-47.875, 60.625, 1.1086342722727583e-22, nan 
-47.625, 60.625, 2.9275534813729514e-22, nan 
-47.375, 60.625, 1.6891486178122868e-22, nan 
-47.125, 60.625, 1.602378754810079e-22, nan 
-46.875, 60.625, 7.742424171760331e-22, nan 
-46.625, 60.625, 8.845115341380225e-23, nan 
-46.375, 60.625, 1.0342125623380393e-22, nan 
-46.125, 60.625, 2.9536795696687747e-22, nan 
-45.875, 60.625, 6.57857049376048e-23, nan 
-45.625, 60.625, 6.740734742057617e-23, nan 
-45.375, 60.625, 8.672848568523775e-23, nan 
-45.125, 60.625, 6.693938931330956e-23, nan 
-44.875, 60.625, 8.119913854804735e-23, nan 
-44.625, 60.625, 5.1975826195155174e-23, nan 
-44.375, 60.625, 5.573794578970059e-23, nan 
-44.125, 60.625, 2.957829638585006e-23, nan 
-43.875, 60.625, 3.082710021357907e-23, nan 
-43.625, 60.625, 3.5571014223933464e-23, nan 
-43.375, 60.625, 2.2624455004745803e-23, nan 
-43.125, 60.625, 3.9333245037842466e-23, nan 
-42.875, 60.625, 4.399129020089076e-23, nan 
-42.625, 60.625, 5.537760533517195e-23, nan 
-42.375, 60.625, 2.879150300618238e-23, nan 
-42.125, 60.625, 3.5762167807571263e-23, nan 
-41.875, 60.625, 4.55278969921894e-23, nan 
-41.625, 60.625, 9.689212493639189e-24, nan 
-41.375, 60.625, 2.3502312931827772e-23, nan 
-41.125, 60.625, 2.6751702551421786e-23, nan 
-40.875, 60.625, 3.296799646722656e-23, nan 
-40.625, 60.625, 4.164263650681864e-23, nan 
-40.375, 60.625, 4.404394538035627e-23, nan 
-40.125, 60.625, 5.003429264880228e-23, nan 
-39.875, 60.625, 6.885336335192871e-23, nan 
-39.625, 60.625, 6.438487679666789e-23, nan 
-39.375, 60.625, 5.986170112645038e-23, nan 
-39.125, 60.625, 9.036663201271509e-23, nan 
-38.875, 60.625, 9.776888425280329e-23, nan 
-38.625, 60.625, 7.622958447577563e-23, nan 
-38.375, 60.625, 6.880775876066451e-23, nan 
-38.125, 60.625, 1.1854118720656441e-22, nan 
-37.875, 60.625, 8.889133761347064e-23, nan 
-37.625, 60.625, 1.2218384260305111e-22, nan 
-37.375, 60.625, 1.0028389950250184e-22, nan 
-37.125, 60.625, 9.664363975345123e-23, nan 
-36.875, 60.625, 1.0464397712359294e-22, nan 
-36.625, 60.625, 1.2431701653342896e-22, nan 
-36.375, 60.625, 1.3151563648191274e-22, nan 
-36.125, 60.625, 6.698468905306174e-23, nan 
-35.875, 60.625, 1.0870644171892192e-22, nan 
-35.625, 60.625, 9.574078883797491e-23, nan 
-35.375, 60.625, 1.0631510175634346e-22, nan 
-35.125, 60.625, 1.0276727474128128e-22, nan 
-34.875, 60.625, 1.7340697858646906e-22, nan 
-34.625, 60.625, 2.2150900519004106e-22, nan 
-34.375, 60.625, 3.259427898621337e-22, nan 
-34.125, 60.625, 2.3536805341107984e-22, nan 
-33.875, 60.625, 2.446558450111765e-22, nan 
-33.625, 60.625, 3.175436155385463e-22, nan 
-33.375, 60.625, 1.458650562792447e-22, nan 
-33.125, 60.625, 1.754200703199553e-22, nan 
-32.875, 60.625, 1.6202253071390447e-22, nan 
-32.625, 60.625, 2.1056547112743131e-22, nan 
-32.375, 60.625, 1.596058342396116e-22, nan 
-32.125, 60.625, 1.9057926883084272e-22, nan 
-31.875, 60.625, 2.266904776809e-22, nan 
-31.625, 60.625, 2.0568432269026324e-22, nan 
-31.375, 60.625, 1.7500155244595939e-22, nan 
-31.125, 60.625, 2.786150485191884e-22, nan 
-30.875, 60.625, 1.8690495511410544e-22, nan 
-30.625, 60.625, 3.604740607366816e-22, nan 
-30.375, 60.625, 2.867501786533822e-22, nan 
-30.125, 60.625, 3.1857434510866545e-22, nan 
-29.875, 60.625, 4.223832769988955e-22, nan 
-29.625, 60.625, 8.2258467261992e-22, nan 
-29.375, 60.625, 6.334496971237021e-22, nan 
-29.125, 60.625, 5.340612340533211e-22, nan 
-28.875, 60.625, 4.558221296326341e-22, nan 
-28.625, 60.625, 5.66188500440145e-22, nan 
-28.375, 60.625, 4.1104462076311135e-22, nan 
-28.125, 60.625, 1.6684534188144857e-22, nan 
-27.875, 60.625, 1.9128324849807657e-22, nan 
-27.625, 60.625, 4.757793794647214e-22, nan 
-27.375, 60.625, 4.593457988544133e-22, nan 
-27.125, 60.625, 9.619652502376753e-22, nan 
-26.875, 60.625, 1.3925846176041048e-21, nan 
-26.625, 60.625, 1.4504726011750546e-21, nan 
-26.375, 60.625, 2.259289759983085e-21, nan 
-26.125, 60.625, 2.267707748600938e-21, nan 
-25.875, 60.625, 1.4396458561564893e-21, nan 
-25.625, 60.625, 1.8016930022000195e-21, nan 
-25.375, 60.625, 1.993124304075701e-21, nan 
-25.125, 60.625, 1.6963899435455037e-21, nan 
-24.875, 60.625, 1.4991561881811433e-21, nan 
-24.625, 60.625, 1.3042868367686138e-21, nan 
-24.375, 60.625, 8.141261890799099e-22, nan 
-24.125, 60.625, 4.696762604804702e-22, nan 
-23.875, 60.625, 2.0054438977934342e-22, nan 
-23.625, 60.625, 2.4270156693707195e-22, nan 
-23.375, 60.625, 2.233020294691215e-22, nan 
-23.125, 60.625, 2.740931360996721e-22, nan 
-22.875, 60.625, 4.851191657408725e-22, nan 
-22.625, 60.625, 4.571210833263828e-22, nan 
-22.375, 60.625, 4.0924918932424503e-22, nan 
-22.125, 60.625, 7.24377789014267e-22, nan 
-21.875, 60.625, 1.2588059528995217e-21, nan 
-21.625, 60.625, 1.2205618585662905e-21, nan 
-21.375, 60.625, 1.4331276011274011e-21, nan 
-21.125, 60.625, 1.8590422099422667e-21, nan 
-20.875, 60.625, 2.0723173023366042e-21, nan 
-20.625, 60.625, 1.4407930030406503e-21, nan 
-20.375, 60.625, 1.3411408419343141e-21, nan 
-20.125, 60.625, 2.5889995883994003e-21, nan 
-19.875, 60.625, 4.037226215383543e-21, nan 
-19.625, 60.625, 4.3320746985089566e-21, nan 
-19.375, 60.625, 3.2153584860310665e-21, nan 
-19.125, 60.625, 2.4479823804350207e-21, nan 
-18.875, 60.625, 2.529496236401728e-21, nan 
-18.625, 60.625, 8.441953478410484e-22, nan 
-18.375, 60.625, 1.4351232928199255e-21, nan 
-18.125, 60.625, 1.4900949972976002e-21, nan 
-17.875, 60.625, 6.192120096022677e-22, nan 
-17.625, 60.625, 1.369523897438491e-21, nan 
-17.375, 60.625, 1.7573298998143782e-21, nan 
-17.125, 60.625, 1.2490530949388099e-21, nan 
-16.875, 60.625, 7.005163598294721e-22, nan 
-16.625, 60.625, 5.911556575330715e-22, nan 
-16.375, 60.625, 4.425343110277919e-22, nan 
-16.125, 60.625, 6.802487995589256e-22, nan 
-77.875, 60.875, 5.905030446253675e-23, nan 
-77.625, 60.875, 5.733700390705813e-23, nan 
-77.375, 60.875, 9.04419887492077e-23, nan 
-77.125, 60.875, 5.179298508968987e-23, nan 
-76.875, 60.875, 3.943761427793596e-23, nan 
-76.625, 60.875, 3.490626761456168e-23, nan 
-76.375, 60.875, 3.54275432116923e-23, nan 
-76.125, 60.875, 3.9240623886417723e-23, nan 
-75.875, 60.875, 3.5258385604987766e-23, nan 
-75.625, 60.875, 3.2725752513142305e-23, nan 
-75.375, 60.875, 3.559945983568783e-23, nan 
-75.125, 60.875, 3.6660345777173894e-23, nan 
-74.875, 60.875, 3.943737436946731e-23, nan 
-74.625, 60.875, 3.74096045534147e-23, nan 
-74.375, 60.875, 3.4399748708206785e-23, nan 
-74.125, 60.875, 3.267187058803434e-23, nan 
-73.875, 60.875, 4.2680124533159887e-23, nan 
-73.625, 60.875, 4.933261772574468e-23, nan 
-73.375, 60.875, 3.4225435232268875e-23, nan 
-73.125, 60.875, 3.900478142878585e-23, nan 
-72.875, 60.875, 2.8841078683985086e-23, nan 
-72.625, 60.875, 3.446339711221484e-23, nan 
-72.375, 60.875, 3.1885748170203013e-23, nan 
-72.125, 60.875, 4.092687670831526e-23, nan 
-71.875, 60.875, 5.126999806415249e-23, nan 
-71.625, 60.875, 5.074056041285208e-23, nan 
-71.375, 60.875, 5.0675552606776046e-23, nan 
-71.125, 60.875, 4.212525539249361e-23, nan 
-70.875, 60.875, 3.2023590945743293e-23, nan 
-70.625, 60.875, 3.0874745285837996e-23, nan 
-70.375, 60.875, 2.1991694013655242e-23, nan 
-70.125, 60.875, 2.3153488375842176e-23, nan 
-69.875, 60.875, 3.2122355776542364e-23, nan 
-69.625, 60.875, 3.3823312708348485e-23, nan 
-69.375, 60.875, 3.316937423504191e-23, nan 
-69.125, 60.875, 3.264640223308328e-23, nan 
-68.875, 60.875, 3.715860889230763e-23, nan 
-68.625, 60.875, 3.516621888057346e-23, nan 
-68.375, 60.875, 2.757012555992784e-23, nan 
-68.125, 60.875, 4.269685879292411e-23, nan 
-67.875, 60.875, 3.6439023654129176e-23, nan 
-67.625, 60.875, 3.4411989804597723e-23, nan 
-67.375, 60.875, 3.4168637891728345e-23, nan 
-67.125, 60.875, 3.6285354163014523e-23, nan 
-66.875, 60.875, 4.0914478104133664e-23, nan 
-66.625, 60.875, 3.968611862495094e-23, nan 
-66.375, 60.875, 3.686451058079944e-23, nan 
-66.125, 60.875, 3.576825696312134e-23, nan 
-65.875, 60.875, 3.1045032527382954e-23, nan 
-65.625, 60.875, 3.2754904958964486e-23, nan 
-65.375, 60.875, 3.4480167177052154e-23, nan 
-65.125, 60.875, 3.415835303788122e-23, nan 
-64.875, 60.875, 3.3198229952482e-23, nan 
-64.625, 60.875, 3.4598450047440844e-23, nan 
-64.375, 60.875, 4.1316731075981496e-23, nan 
-64.125, 60.875, 3.4353862267557317e-23, nan 
-63.875, 60.875, 3.1883657344758475e-23, nan 
-63.625, 60.875, 3.3338722321556546e-23, nan 
-63.375, 60.875, 2.8644849423642e-23, nan 
-63.125, 60.875, 3.000451929651258e-23, nan 
-62.875, 60.875, 3.299741264168782e-23, nan 
-62.625, 60.875, 2.677454433795586e-23, nan 
-62.375, 60.875, 2.99262735596952e-23, nan 
-62.125, 60.875, 3.39637953678901e-23, nan 
-61.875, 60.875, 2.3718030647107594e-23, nan 
-61.625, 60.875, 3.0637781171472074e-23, nan 
-61.375, 60.875, 3.357714181675702e-23, nan 
-61.125, 60.875, 2.94687402642821e-23, nan 
-60.875, 60.875, 2.915934072265253e-23, nan 
-60.625, 60.875, 3.144995672215968e-23, nan 
-60.375, 60.875, 4.2072036496424547e-23, nan 
-60.125, 60.875, 7.563622310363221e-23, nan 
-59.875, 60.875, 5.593607196425578e-23, nan 
-59.625, 60.875, 6.087016092313318e-23, nan 
-59.375, 60.875, 7.27929682809395e-23, nan 
-59.125, 60.875, 5.957570815415688e-23, nan 
-58.875, 60.875, 4.3680580293522155e-23, nan 
-58.625, 60.875, 3.3409030864969725e-23, nan 
-58.375, 60.875, 2.80333977149577e-23, nan 
-58.125, 60.875, 2.9380052029011083e-23, nan 
-57.875, 60.875, 2.9762471884361257e-23, nan 
-57.625, 60.875, 3.1862229020313435e-23, nan 
-57.375, 60.875, 2.9752830749060625e-23, nan 
-57.125, 60.875, 3.1182993997725064e-23, nan 
-56.875, 60.875, 3.482111057241978e-23, nan 
-56.625, 60.875, 2.5714522313229853e-23, nan 
-56.375, 60.875, 1.8753526650101075e-23, nan 
-56.125, 60.875, 2.1188180512602868e-23, nan 
-55.875, 60.875, 2.5399075953510024e-23, nan 
-55.625, 60.875, 1.9797049403409214e-23, nan 
-55.375, 60.875, 1.540539684756478e-23, nan 
-55.125, 60.875, 2.2315869529668782e-23, nan 
-54.875, 60.875, 2.434897941778577e-23, nan 
-54.625, 60.875, 2.4735561698910457e-23, nan 
-54.375, 60.875, 2.614269325692225e-23, nan 
-54.125, 60.875, 3.331250870104921e-23, nan 
-53.875, 60.875, 4.4274793023180814e-23, nan 
-53.625, 60.875, 5.2541196275505494e-23, nan 
-53.375, 60.875, 6.605208115922187e-23, nan 
-53.125, 60.875, 4.008556331472415e-23, nan 
-52.875, 60.875, 4.347943476351739e-23, nan 
-52.625, 60.875, 5.416136516489942e-23, nan 
-52.375, 60.875, 3.6011721696378996e-23, nan 
-52.125, 60.875, 2.3107606217351476e-23, nan 
-51.875, 60.875, 3.057525813711683e-23, nan 
-51.625, 60.875, 3.3679036405583573e-23, nan 
-51.375, 60.875, 2.875066074879384e-23, nan 
-51.125, 60.875, 2.9952472125735814e-23, nan 
-50.875, 60.875, 1.3669744845228513e-23, nan 
-50.625, 60.875, 2.501337311853822e-23, nan 
-50.375, 60.875, 3.044940587922924e-23, nan 
-50.125, 60.875, 3.657152482939593e-23, nan 
-49.875, 60.875, 4.01550203766014e-23, nan 
-49.625, 60.875, 3.437410970286274e-23, nan 
-49.375, 60.875, 3.5729205555959865e-23, nan 
-49.125, 60.875, 6.817857004848135e-23, nan 
-48.875, 60.875, 6.437378201094388e-23, nan 
-48.625, 60.875, 7.267522404989608e-23, nan 
-48.375, 60.875, 6.611220294261637e-23, nan 
-48.125, 60.875, 9.546131658846999e-23, nan 
-47.875, 60.875, 7.738734733305992e-23, nan 
-47.625, 60.875, 1.1039775686626652e-22, nan 
-47.375, 60.875, 1.260673756343566e-22, nan 
-47.125, 60.875, 1.5737126555167261e-22, nan 
-46.875, 60.875, 5.731676390427648e-22, nan 
-46.625, 60.875, 8.22010674035371e-23, nan 
-46.375, 60.875, 1.0103110763810323e-22, nan 
-46.125, 60.875, 1.4742768226394025e-22, nan 
-45.875, 60.875, 1.0438397028195986e-22, nan 
-45.625, 60.875, 8.005826038900825e-23, nan 
-45.375, 60.875, 8.430950200718955e-23, nan 
-45.125, 60.875, 6.518543952766907e-23, nan 
-44.875, 60.875, 5.255309519334282e-23, nan 
-44.625, 60.875, 2.3259496833205438e-23, nan 
-44.375, 60.875, 3.496884077534289e-23, nan 
-44.125, 60.875, 3.780671929521682e-23, nan 
-43.875, 60.875, 4.8421437964217174e-23, nan 
-43.625, 60.875, 4.4688375651524346e-23, nan 
-43.375, 60.875, 6.727026339666971e-23, nan 
-43.125, 60.875, 3.2757993694742476e-23, nan 
-42.875, 60.875, 4.455983531420047e-23, nan 
-42.625, 60.875, 7.593461881277389e-23, nan 
-42.375, 60.875, 3.7371107554124076e-23, nan 
-42.125, 60.875, 3.183578311302848e-23, nan 
-41.875, 60.875, 2.3586526414223227e-23, nan 
-41.625, 60.875, 2.97575778015357e-23, nan 
-41.375, 60.875, 3.7944711107987994e-23, nan 
-41.125, 60.875, 2.752778414553097e-23, nan 
-40.875, 60.875, 4.3129059806674666e-23, nan 
-40.625, 60.875, 5.04662971769398e-23, nan 
-40.375, 60.875, 5.558926647665142e-23, nan 
-40.125, 60.875, 5.407355625878315e-23, nan 
-39.875, 60.875, 7.850782691941889e-23, nan 
-39.625, 60.875, 7.937398739206467e-23, nan 
-39.375, 60.875, 9.095244297862688e-23, nan 
-39.125, 60.875, 7.357268890064537e-23, nan 
-38.875, 60.875, 6.760909009907808e-23, nan 
-38.625, 60.875, 6.508470569773044e-23, nan 
-38.375, 60.875, 4.263568891708892e-23, nan 
-38.125, 60.875, 6.899477444662424e-23, nan 
-37.875, 60.875, 1.0678649517882563e-22, nan 
-37.625, 60.875, 9.168140437600858e-23, nan 
-37.375, 60.875, 9.556815595712061e-23, nan 
-37.125, 60.875, 1.5826616476456314e-22, nan 
-36.875, 60.875, 1.048912402186911e-22, nan 
-36.625, 60.875, 1.0557701398421987e-22, nan 
-36.375, 60.875, 9.934233635986715e-23, nan 
-36.125, 60.875, 8.026463103147314e-23, nan 
-35.875, 60.875, 1.0198042967157788e-22, nan 
-35.625, 60.875, 6.517564312140814e-23, nan 
-35.375, 60.875, 8.352122286532097e-23, nan 
-35.125, 60.875, 1.7583280879413538e-22, nan 
-34.875, 60.875, 2.259262352413324e-22, nan 
-34.625, 60.875, 2.2525755616004115e-22, nan 
-34.375, 60.875, 2.9354471590297657e-22, nan 
-34.125, 60.875, 2.1958955251194265e-22, nan 
-33.875, 60.875, 2.1587065116502574e-22, nan 
-33.625, 60.875, 2.0567101035448684e-22, nan 
-33.375, 60.875, 1.7018585280697125e-22, nan 
-33.125, 60.875, 2.2295865725273227e-22, nan 
-32.875, 60.875, 2.2560465988431584e-22, nan 
-32.625, 60.875, 3.744659778387949e-22, nan 
-32.375, 60.875, 1.1116112740147284e-22, nan 
-32.125, 60.875, 1.8370119855070554e-22, nan 
-31.875, 60.875, 4.0386073963544854e-22, nan 
-31.625, 60.875, 2.1548646247425767e-22, nan 
-31.375, 60.875, 2.286040358825444e-22, nan 
-31.125, 60.875, 3.4165069147566626e-22, nan 
-30.875, 60.875, 5.085399431828505e-22, nan 
-30.625, 60.875, 5.5756610445361295e-22, nan 
-30.375, 60.875, 4.2043928873270535e-22, nan 
-30.125, 60.875, 3.419967208811636e-22, nan 
-29.875, 60.875, 4.237994397058871e-22, nan 
-29.625, 60.875, 9.564806273568805e-22, nan 
-29.375, 60.875, 8.335328331579639e-22, nan 
-29.125, 60.875, 6.242768202033599e-22, nan 
-28.875, 60.875, 6.538784500640905e-22, nan 
-28.625, 60.875, 4.1067741041634737e-22, nan 
-28.375, 60.875, 4.665940713365392e-22, nan 
-28.125, 60.875, 2.4622232002524603e-22, nan 
-27.875, 60.875, 4.31913950096748e-22, nan 
-27.625, 60.875, 8.515112892681837e-22, nan 
-27.375, 60.875, 7.63728679023996e-22, nan 
-27.125, 60.875, 7.498340936466133e-22, nan 
-26.875, 60.875, 1.3712439562071414e-21, nan 
-26.625, 60.875, 1.5602682611637129e-21, nan 
-26.375, 60.875, 7.12475268155165e-22, nan 
-26.125, 60.875, 7.471166473974383e-22, nan 
-25.875, 60.875, 7.931737000543618e-22, nan 
-25.625, 60.875, 1.2409506568009082e-21, nan 
-25.375, 60.875, 1.288923846827133e-21, nan 
-25.125, 60.875, 1.3977852285758757e-21, nan 
-24.875, 60.875, 1.4537675107782371e-21, nan 
-24.625, 60.875, 1.333346322710956e-21, nan 
-24.375, 60.875, 1.165988412156394e-21, nan 
-24.125, 60.875, 9.100550751479569e-22, nan 
-23.875, 60.875, 7.431006819867105e-22, nan 
-23.625, 60.875, 4.892553528197809e-22, nan 
-23.375, 60.875, 5.296754704756647e-22, nan 
-23.125, 60.875, 4.8731166401979065e-22, nan 
-22.875, 60.875, 7.945909151395789e-22, nan 
-22.625, 60.875, 4.252903891283169e-22, nan 
-22.375, 60.875, 3.4413120918678154e-22, nan 
-22.125, 60.875, 4.213047336986217e-22, nan 
-21.875, 60.875, 8.887691926010624e-22, nan 
-21.625, 60.875, 1.1940196513570919e-21, nan 
-21.375, 60.875, 1.7260853604142845e-21, nan 
-21.125, 60.875, 1.6402774475420542e-21, nan 
-20.875, 60.875, 1.422313511751433e-21, nan 
-20.625, 60.875, 1.3661831542341281e-21, nan 
-20.375, 60.875, 1.1346731940293621e-21, nan 
-20.125, 60.875, 1.6628402402724685e-21, nan 
-19.875, 60.875, 2.93141129973527e-21, nan 
-19.625, 60.875, 2.700628543090139e-21, nan 
-19.375, 60.875, 1.2820955872693404e-21, nan 
-19.125, 60.875, 1.3214346227155152e-21, nan 
-18.875, 60.875, 1.1432724670280152e-21, nan 
-18.625, 60.875, 4.0038869955435165e-22, nan 
-18.375, 60.875, 1.047570028167349e-21, nan 
-18.125, 60.875, 1.460505945449111e-21, nan 
-17.875, 60.875, 3.899410067585396e-22, nan 
-17.625, 60.875, 7.185436427031878e-22, nan 
-17.375, 60.875, 2.5121515797293886e-21, nan 
-17.125, 60.875, 2.8287011048196435e-21, nan 
-16.875, 60.875, 7.514666982197791e-22, nan 
-16.625, 60.875, 4.204674562154825e-22, nan 
-16.375, 60.875, 4.057158876287383e-22, nan 
-16.125, 60.875, 7.508035801431324e-22, nan 
-15.875, 60.875, 6.836100999264518e-22, nan 
-15.625, 60.875, 1.3743313812492474e-21, nan 
-15.375, 60.875, 1.9876512458422706e-21, nan 
-78.125, 61.125, 1.0625643907287674e-22, nan 
-77.875, 61.125, 5.090562364237289e-23, nan 
-77.625, 61.125, 6.480965893962233e-23, nan 
-77.375, 61.125, 5.257473646453463e-23, nan 
-77.125, 61.125, 3.4504331575570865e-23, nan 
-76.875, 61.125, 3.5066058957058426e-23, nan 
-76.625, 61.125, 3.106788402834372e-23, nan 
-76.375, 61.125, 3.358214196834482e-23, nan 
-76.125, 61.125, 3.9575648715312e-23, nan 
-75.875, 61.125, 3.659948255733251e-23, nan 
-75.625, 61.125, 3.6390504273819105e-23, nan 
-75.375, 61.125, 3.2259363075108493e-23, nan 
-75.125, 61.125, 3.455648759543561e-23, nan 
-74.875, 61.125, 3.602769364742964e-23, nan 
-74.625, 61.125, 3.029306399386966e-23, nan 
-74.375, 61.125, 3.104080501243443e-23, nan 
-74.125, 61.125, 3.665456434186996e-23, nan 
-73.875, 61.125, 3.502221546196177e-23, nan 
-73.625, 61.125, 2.3255505500238383e-23, nan 
-73.375, 61.125, 2.6729149982069367e-23, nan 
-73.125, 61.125, 4.0920280626860716e-23, nan 
-72.875, 61.125, 4.19511760810481e-23, nan 
-72.625, 61.125, 4.1789133425718986e-23, nan 
-72.375, 61.125, 4.1785551917042924e-23, nan 
-72.125, 61.125, 4.8311841483119213e-23, nan 
-71.875, 61.125, 3.845237164237302e-23, nan 
-71.625, 61.125, 3.1523070508173244e-23, nan 
-71.375, 61.125, 3.821390734081472e-23, nan 
-71.125, 61.125, 2.820618706822568e-23, nan 
-70.875, 61.125, 2.9432460531748016e-23, nan 
-70.625, 61.125, 3.5594889113761785e-23, nan 
-70.375, 61.125, 3.25242347311271e-23, nan 
-70.125, 61.125, 3.635336417170548e-23, nan 
-69.875, 61.125, 3.3151596371674804e-23, nan 
-69.625, 61.125, 4.192141370797259e-23, nan 
-69.375, 61.125, 4.2445021864684304e-23, nan 
-69.125, 61.125, 3.028967663221552e-23, nan 
-68.875, 61.125, 3.568192845928692e-23, nan 
-68.625, 61.125, 3.561564545316391e-23, nan 
-68.375, 61.125, 3.618212951672643e-23, nan 
-68.125, 61.125, 3.664707510784906e-23, nan 
-67.875, 61.125, 3.351531515105631e-23, nan 
-67.625, 61.125, 3.928937618469789e-23, nan 
-67.375, 61.125, 4.0247430737211434e-23, nan 
-67.125, 61.125, 4.0089683602016e-23, nan 
-66.875, 61.125, 4.74255289786906e-23, nan 
-66.625, 61.125, 4.368656315574304e-23, nan 
-66.375, 61.125, 3.7670884131438124e-23, nan 
-66.125, 61.125, 2.891640260827191e-23, nan 
-65.875, 61.125, 2.9069872591648743e-23, nan 
-65.625, 61.125, 2.8600570382915154e-23, nan 
-65.375, 61.125, 3.201999233699812e-23, nan 
-65.125, 61.125, 4.1917337559092544e-23, nan 
-64.875, 61.125, 3.905760333866837e-23, nan 
-64.625, 61.125, 3.59917926798568e-23, nan 
-64.375, 61.125, 4.102192949839228e-23, nan 
-64.125, 61.125, 3.311229649172837e-23, nan 
-63.875, 61.125, 3.30300975060692e-23, nan 
-63.625, 61.125, 3.276555627568224e-23, nan 
-63.375, 61.125, 3.4914418929469083e-23, nan 
-63.125, 61.125, 2.793797400576885e-23, nan 
-62.875, 61.125, 2.587501106191359e-23, nan 
-62.625, 61.125, 2.2606035935581625e-23, nan 
-62.375, 61.125, 1.2131880948075445e-23, nan 
-62.125, 61.125, 2.88291842452522e-23, nan 
-61.875, 61.125, 3.914680800421718e-23, nan 
-61.625, 61.125, 3.523658048430114e-23, nan 
-61.375, 61.125, 3.920734460815496e-23, nan 
-61.125, 61.125, 3.8169187810784514e-23, nan 
-60.875, 61.125, 3.798972220470316e-23, nan 
-60.625, 61.125, 4.262217303593393e-23, nan 
-60.375, 61.125, 4.330943266589465e-23, nan 
-60.125, 61.125, 6.839259511454648e-23, nan 
-59.875, 61.125, 5.2410457949917814e-23, nan 
-59.625, 61.125, 3.8300345347481147e-23, nan 
-59.375, 61.125, 3.669998505121597e-23, nan 
-59.125, 61.125, 3.594142649325865e-23, nan 
-58.875, 61.125, 3.1691628299728316e-23, nan 
-58.625, 61.125, 2.6431199121203395e-23, nan 
-58.375, 61.125, 2.12229256001473e-23, nan 
-58.125, 61.125, 3.5137184924175215e-23, nan 
-57.875, 61.125, 3.538929453021488e-23, nan 
-57.625, 61.125, 4.5506550089802437e-23, nan 
-57.375, 61.125, 3.721944975349882e-23, nan 
-57.125, 61.125, 3.603574554189054e-23, nan 
-56.875, 61.125, 3.6962589184806573e-23, nan 
-56.625, 61.125, 2.582462245394266e-23, nan 
-56.375, 61.125, 1.466047437251162e-23, nan 
-56.125, 61.125, 3.8243254399872775e-23, nan 
-55.875, 61.125, 3.0942827438388565e-23, nan 
-55.625, 61.125, 2.3028600279221693e-23, nan 
-55.375, 61.125, 1.807464324595862e-23, nan 
-55.125, 61.125, 3.194576832996477e-23, nan 
-54.875, 61.125, 3.1848634382120135e-23, nan 
-54.625, 61.125, 1.1074252504272144e-23, nan 
-54.375, 61.125, 2.4419410856143064e-23, nan 
-54.125, 61.125, 2.677452802859943e-23, nan 
-53.875, 61.125, 3.1007617912686666e-23, nan 
-53.625, 61.125, 4.970848763148503e-23, nan 
-53.375, 61.125, 5.957412240507124e-23, nan 
-53.125, 61.125, 3.206087814221907e-23, nan 
-52.875, 61.125, 3.177407193599038e-23, nan 
-52.625, 61.125, 3.688861499751209e-23, nan 
-52.375, 61.125, 3.514820458460526e-23, nan 
-52.125, 61.125, 2.3395327077680233e-23, nan 
-51.875, 61.125, 3.715189274975544e-23, nan 
-51.625, 61.125, 4.133714286329997e-23, nan 
-51.375, 61.125, 2.858248719306192e-23, nan 
-51.125, 61.125, 3.143430637973395e-23, nan 
-50.875, 61.125, 2.156186369518336e-23, nan 
-50.625, 61.125, 3.054761605630704e-23, nan 
-50.375, 61.125, 3.4066410700114804e-23, nan 
-50.125, 61.125, 2.955550272874764e-23, nan 
-49.875, 61.125, 4.373234255366943e-23, nan 
-49.625, 61.125, 4.976521485382928e-23, nan 
-49.375, 61.125, 3.166911331395595e-23, nan 
-49.125, 61.125, 5.438807104756071e-23, nan 
-48.875, 61.125, 6.270566584579483e-22, nan 
-48.625, 61.125, 1.3202829134960908e-21, nan 
-48.375, 61.125, 1.4077545783187907e-21, nan 
-48.125, 61.125, 3.250195561760385e-22, nan 
-47.875, 61.125, 8.313673936589973e-23, nan 
-47.625, 61.125, 6.047094200316626e-23, nan 
-47.375, 61.125, 1.0441215190561728e-22, nan 
-47.125, 61.125, 1.6915038536468055e-22, nan 
-46.875, 61.125, 1.684867183471086e-22, nan 
-46.625, 61.125, 1.6732303068527015e-22, nan 
-46.375, 61.125, 2.1870475922219727e-22, nan 
-46.125, 61.125, 1.0276646939119696e-22, nan 
-45.875, 61.125, 1.3884225664635796e-22, nan 
-45.625, 61.125, 1.4257569763809392e-22, nan 
-45.375, 61.125, 7.360426895985944e-23, nan 
-45.125, 61.125, 5.966411182318671e-23, nan 
-44.875, 61.125, 6.072586367109386e-23, nan 
-44.625, 61.125, 7.713666003688509e-23, nan 
-44.375, 61.125, 5.830361582197519e-23, nan 
-44.125, 61.125, 4.5351973042294856e-23, nan 
-43.875, 61.125, 5.497698774108818e-23, nan 
-43.625, 61.125, 3.657785397810345e-23, nan 
-43.375, 61.125, 5.879305987532938e-23, nan 
-43.125, 61.125, 1.8119317005678857e-23, nan 
-42.875, 61.125, 5.0242284406608957e-23, nan 
-42.625, 61.125, 4.19749843023436e-23, nan 
-42.375, 61.125, 4.6262126150858375e-23, nan 
-42.125, 61.125, 4.023183083210913e-23, nan 
-41.875, 61.125, 1.348972473468689e-23, nan 
-41.625, 61.125, 6.404414921947747e-23, nan 
-41.375, 61.125, 5.549356535185192e-23, nan 
-41.125, 61.125, 6.73499953899757e-23, nan 
-40.875, 61.125, 7.345879197705996e-23, nan 
-40.625, 61.125, 6.290768302041164e-23, nan 
-40.375, 61.125, 7.8758648230988e-23, nan 
-40.125, 61.125, 7.176433486410064e-23, nan 
-39.875, 61.125, 6.086007528653053e-23, nan 
-39.625, 61.125, 7.617832057784856e-23, nan 
-39.375, 61.125, 9.548348302649202e-23, nan 
-39.125, 61.125, 5.501798304998658e-23, nan 
-38.875, 61.125, 5.888692084916878e-23, nan 
-38.625, 61.125, 7.789048217682747e-23, nan 
-38.375, 61.125, 4.7044241118622e-23, nan 
-38.125, 61.125, 8.296336283589897e-23, nan 
-37.875, 61.125, 1.985358118271342e-22, nan 
-37.625, 61.125, 1.193893336516078e-22, nan 
-37.375, 61.125, 1.1129690569541705e-22, nan 
-37.125, 61.125, 3.1587164058871463e-22, nan 
-36.875, 61.125, 1.555964912105541e-22, nan 
-36.625, 61.125, 7.307963217308997e-23, nan 
-36.375, 61.125, 1.4452532862400648e-22, nan 
-36.125, 61.125, 1.0264382160955112e-22, nan 
-35.875, 61.125, 1.3138150270342538e-22, nan 
-35.625, 61.125, 1.834285412021593e-22, nan 
-35.375, 61.125, 1.9824676278659023e-22, nan 
-35.125, 61.125, 1.853346079481761e-22, nan 
-34.875, 61.125, 2.0469619067251861e-22, nan 
-34.625, 61.125, 1.8296640958736093e-22, nan 
-34.375, 61.125, 1.0904641272928144e-22, nan 
-34.125, 61.125, 1.017518877439307e-22, nan 
-33.875, 61.125, 1.7091093404703197e-22, nan 
-33.625, 61.125, 3.2043315620704844e-22, nan 
-33.375, 61.125, 3.261498232966132e-22, nan 
-33.125, 61.125, 2.9529060866257896e-22, nan 
-32.875, 61.125, 5.771594069251491e-22, nan 
-32.625, 61.125, 6.56505519567936e-22, nan 
-32.375, 61.125, 7.937836113855383e-23, nan 
-32.125, 61.125, 3.40067169069401e-22, nan 
-31.875, 61.125, 4.023946394469017e-22, nan 
-31.625, 61.125, 3.9989508666981125e-22, nan 
-31.375, 61.125, 4.946929536952409e-22, nan 
-31.125, 61.125, 3.013839731947182e-22, nan 
-30.875, 61.125, 6.804222960954361e-22, nan 
-30.625, 61.125, 7.311410812839185e-22, nan 
-30.375, 61.125, 3.72184102875681e-22, nan 
-30.125, 61.125, 4.633277174925241e-22, nan 
-29.875, 61.125, 4.832547433485911e-22, nan 
-29.625, 61.125, 5.656088007660535e-22, nan 
-29.375, 61.125, 7.973234840106541e-22, nan 
-29.125, 61.125, 7.783985736541251e-22, nan 
-28.875, 61.125, 5.2978199630980365e-22, nan 
-28.625, 61.125, 7.21049572712175e-22, nan 
-28.375, 61.125, 4.488501940555498e-22, nan 
-28.125, 61.125, 2.8346441767304207e-22, nan 
-27.875, 61.125, 7.545905002216359e-22, nan 
-27.625, 61.125, 6.541132582035521e-22, nan 
-27.375, 61.125, 8.56774065554367e-22, nan 
-27.125, 61.125, 1.0933923758246601e-21, nan 
-26.875, 61.125, 1.6265844626170607e-21, nan 
-26.625, 61.125, 3.1891085799883097e-21, nan 
-26.375, 61.125, 1.1027307090691956e-21, nan 
-26.125, 61.125, 1.614674323161123e-21, nan 
-25.875, 61.125, 2.1871212896838546e-21, nan 
-25.625, 61.125, 2.084832796440137e-21, nan 
-25.375, 61.125, 2.52808094707983e-21, nan 
-25.125, 61.125, 1.3583256558515036e-21, nan 
-24.875, 61.125, 1.360326142772338e-21, nan 
-24.625, 61.125, 1.753034885839945e-21, nan 
-24.375, 61.125, 1.3404629696038224e-21, nan 
-24.125, 61.125, 8.386845699211263e-22, nan 
-23.875, 61.125, 5.992087257967719e-22, nan 
-23.625, 61.125, 4.898555778939616e-22, nan 
-23.375, 61.125, 6.646326106781065e-22, nan 
-23.125, 61.125, 6.254290860981316e-22, nan 
-22.875, 61.125, 8.729510133852888e-22, nan 
-22.625, 61.125, 8.164037322907422e-22, nan 
-22.375, 61.125, 8.00286489171344e-22, nan 
-22.125, 61.125, 5.4539122512127605e-22, nan 
-21.875, 61.125, 6.967947992501605e-22, nan 
-21.625, 61.125, 8.024295210651799e-22, nan 
-21.375, 61.125, 1.1201300465211746e-21, nan 
-21.125, 61.125, 9.091804039763245e-22, nan 
-20.875, 61.125, 9.119686661534157e-22, nan 
-20.625, 61.125, 1.462777091551372e-21, nan 
-20.375, 61.125, 2.033323620699898e-21, nan 
-20.125, 61.125, 8.969958432230304e-22, nan 
-19.875, 61.125, 1.5129127666892163e-21, nan 
-19.625, 61.125, 1.3530058736405072e-21, nan 
-19.375, 61.125, 6.991045945637191e-22, nan 
-19.125, 61.125, 9.6065100675497e-22, nan 
-18.875, 61.125, 8.049023335248853e-22, nan 
-18.625, 61.125, 6.674170167758504e-22, nan 
-18.375, 61.125, 7.335029521392238e-22, nan 
-18.125, 61.125, 1.517746153261677e-21, nan 
-17.875, 61.125, 1.846735181192007e-21, nan 
-17.625, 61.125, 9.870320880657175e-22, nan 
-17.375, 61.125, 4.00676708372138e-21, nan 
-17.125, 61.125, 4.7639383804475944e-21, nan 
-16.875, 61.125, 1.0861592553325403e-21, nan 
-16.625, 61.125, 1.4349928348915196e-21, nan 
-16.375, 61.125, 1.9141389331564232e-21, nan 
-16.125, 61.125, 1.726992171503061e-21, nan 
-15.875, 61.125, 2.345403353314102e-21, nan 
-15.625, 61.125, 1.3255430973491547e-21, nan 
-15.375, 61.125, 2.562085088071097e-21, nan 
-15.125, 61.125, 3.1721005855223023e-21, nan 
-14.875, 61.125, 1.356163672228959e-21, nan 
-78.625, 61.375, 5.513222314748417e-23, nan 
-78.375, 61.375, 7.782710257958773e-23, nan 
-78.125, 61.375, 5.79842948039599e-23, nan 
-77.875, 61.375, 3.84093915349773e-23, nan 
-77.625, 61.375, 5.0423522761752275e-23, nan 
-77.375, 61.375, 4.287312796215032e-23, nan 
-77.125, 61.375, 3.383562123973742e-23, nan 
-76.875, 61.375, 3.670490013814182e-23, nan 
-76.625, 61.375, 3.4133567396451055e-23, nan 
-76.375, 61.375, 3.615563305670072e-23, nan 
-76.125, 61.375, 3.896216318295533e-23, nan 
-75.875, 61.375, 4.1893953157564836e-23, nan 
-75.625, 61.375, 3.2352566448989294e-23, nan 
-75.375, 61.375, 3.157169443637131e-23, nan 
-75.125, 61.375, 3.109480103391147e-23, nan 
-74.875, 61.375, 3.9623280883994143e-23, nan 
-74.625, 61.375, 3.7793455940177813e-23, nan 
-74.375, 61.375, 3.096263922388304e-23, nan 
-74.125, 61.375, 4.4243094077747675e-23, nan 
-73.875, 61.375, 4.6239556875045e-23, nan 
-73.625, 61.375, 4.0564897774437396e-23, nan 
-73.375, 61.375, 3.891656377116962e-23, nan 
-73.125, 61.375, 4.065317520737518e-23, nan 
-72.875, 61.375, 4.599966772541022e-23, nan 
-72.625, 61.375, 5.421599589011767e-23, nan 
-72.375, 61.375, 4.666049126776349e-23, nan 
-72.125, 61.375, 4.4098472602941465e-23, nan 
-71.875, 61.375, 3.859960949205178e-23, nan 
-71.625, 61.375, 3.0857640712518426e-23, nan 
-71.375, 61.375, 2.944029160923993e-23, nan 
-71.125, 61.375, 3.113297888248364e-23, nan 
-70.875, 61.375, 4.684175085921144e-23, nan 
-70.625, 61.375, 4.284539341210152e-23, nan 
-70.375, 61.375, 4.937538960904309e-23, nan 
-70.125, 61.375, 4.460911873559506e-23, nan 
-69.875, 61.375, 4.415140876607332e-23, nan 
-69.625, 61.375, 4.189971811304347e-23, nan 
-69.375, 61.375, 4.1146355208777033e-23, nan 
-69.125, 61.375, 4.1837062038882486e-23, nan 
-68.875, 61.375, 4.5292809199216224e-23, nan 
-68.625, 61.375, 3.969987698962372e-23, nan 
-68.375, 61.375, 4.156724783550338e-23, nan 
-68.125, 61.375, 4.391893910055187e-23, nan 
-67.875, 61.375, 3.747412796668193e-23, nan 
-67.625, 61.375, 4.375439628347113e-23, nan 
-67.375, 61.375, 4.67260448950993e-23, nan 
-67.125, 61.375, 4.290978201382867e-23, nan 
-66.875, 61.375, 4.1444037452546876e-23, nan 
-66.625, 61.375, 3.482852764027542e-23, nan 
-66.375, 61.375, 2.8298165650858496e-23, nan 
-66.125, 61.375, 3.239143086625391e-23, nan 
-65.875, 61.375, 3.3172611636171843e-23, nan 
-65.625, 61.375, 3.637548138812563e-23, nan 
-65.375, 61.375, 3.514575696817137e-23, nan 
-65.125, 61.375, 3.482954130884456e-23, nan 
-64.875, 61.375, 3.6343530336750994e-23, nan 
-64.625, 61.375, 3.393487599031678e-23, nan 
-64.375, 61.375, 3.655938400634411e-23, nan 
-64.125, 61.375, 3.3431912632232826e-23, nan 
-63.875, 61.375, 3.128102416328192e-23, nan 
-63.625, 61.375, 3.4772338758068897e-23, nan 
-63.375, 61.375, 3.410939412792501e-23, nan 
-63.125, 61.375, 2.7913905322442924e-23, nan 
-62.875, 61.375, 2.1826806347031452e-23, nan 
-62.625, 61.375, 4.406916521871221e-23, nan 
-62.375, 61.375, 6.005625991677134e-23, nan 
-62.125, 61.375, 4.228906427585795e-23, nan 
-61.875, 61.375, 4.7089490195225665e-23, nan 
-61.625, 61.375, 4.725393436702337e-23, nan 
-61.375, 61.375, 4.1981522478557015e-23, nan 
-61.125, 61.375, 3.979023231772334e-23, nan 
-60.875, 61.375, 3.395107133137678e-23, nan 
-60.625, 61.375, 4.05769217614982e-23, nan 
-60.375, 61.375, 3.069036893036954e-23, nan 
-60.125, 61.375, 3.0434471782732516e-23, nan 
-59.875, 61.375, 3.752516260602103e-23, nan 
-59.625, 61.375, 4.12023506181356e-23, nan 
-59.375, 61.375, 4.032027353813893e-23, nan 
-59.125, 61.375, 4.011840580789422e-23, nan 
-58.875, 61.375, 3.585225008452612e-23, nan 
-58.625, 61.375, 3.196540937819894e-23, nan 
-58.375, 61.375, 3.1952705250607775e-23, nan 
-58.125, 61.375, 3.6244388616362214e-23, nan 
-57.875, 61.375, 4.0016655790936755e-23, nan 
-57.625, 61.375, 4.684475601758475e-23, nan 
-57.375, 61.375, 3.979733251637036e-23, nan 
-57.125, 61.375, 3.363624096064444e-23, nan 
-56.875, 61.375, 3.3927826906740255e-23, nan 
-56.625, 61.375, 3.350387258523727e-23, nan 
-56.375, 61.375, 1.2425657809060158e-23, nan 
-56.125, 61.375, 6.308512144589731e-23, nan 
-55.875, 61.375, 4.688079718118618e-23, nan 
-55.625, 61.375, 3.274924665367542e-23, nan 
-55.375, 61.375, 4.8427770735762714e-23, nan 
-55.125, 61.375, 3.836182573051909e-23, nan 
-54.875, 61.375, 2.6963741183873594e-23, nan 
-54.625, 61.375, 1.0231269913741443e-23, nan 
-54.375, 61.375, 3.058367376918499e-23, nan 
-54.125, 61.375, 3.3431508422113017e-23, nan 
-53.875, 61.375, 3.1405895119751304e-23, nan 
-53.625, 61.375, 4.191458106199465e-23, nan 
-53.375, 61.375, 5.328779631913733e-23, nan 
-53.125, 61.375, 4.5631364337207587e-23, nan 
-52.875, 61.375, 1.4316653158833865e-23, nan 
-52.625, 61.375, 3.406038680747747e-23, nan 
-52.375, 61.375, 2.1689155561700207e-23, nan 
-52.125, 61.375, 6.536876491307754e-22, nan 
-51.875, 61.375, 7.403790268803778e-22, nan 
-51.625, 61.375, 4.849138487945588e-23, nan 
-51.375, 61.375, 3.0164452372719524e-23, nan 
-51.125, 61.375, 3.8136754886272807e-23, nan 
-50.875, 61.375, 5.310038423616297e-23, nan 
-50.625, 61.375, 5.701607457464936e-23, nan 
-50.375, 61.375, 1.356930884534696e-22, nan 
-50.125, 61.375, 7.99680695234295e-23, nan 
-49.875, 61.375, 4.9475071256003486e-23, nan 
-49.625, 61.375, 4.045777947020263e-22, nan 
-49.375, 61.375, 9.817930190215066e-22, nan 
-49.125, 61.375, 1.0322601680540014e-21, nan 
-48.875, 61.375, 1.114105902259475e-21, nan 
-48.625, 61.375, 2.4954179426928597e-21, nan 
-48.375, 61.375, 2.6054478172615866e-21, nan 
-48.125, 61.375, 5.589778264422753e-22, nan 
-47.875, 61.375, 1.0559615801840242e-21, nan 
-47.625, 61.375, 1.0778094500527536e-21, nan 
-47.375, 61.375, 1.3704622997189535e-22, nan 
-47.125, 61.375, 1.1140403525594257e-22, nan 
-46.875, 61.375, 2.1660251825475856e-22, nan 
-46.625, 61.375, 1.4801456605706856e-22, nan 
-46.375, 61.375, 1.8365202373553513e-22, nan 
-46.125, 61.375, 1.4248824951320213e-22, nan 
-45.875, 61.375, 7.959835156639358e-23, nan 
-45.625, 61.375, 5.925771980290755e-23, nan 
-45.375, 61.375, 5.269854046313138e-23, nan 
-45.125, 61.375, 4.8572046741038306e-23, nan 
-44.875, 61.375, 4.935511494686122e-23, nan 
-44.625, 61.375, 8.183183170258275e-23, nan 
-44.375, 61.375, 6.961869036693884e-23, nan 
-44.125, 61.375, 4.0846175033763243e-23, nan 
-43.875, 61.375, 2.992298343751445e-23, nan 
-43.625, 61.375, 3.9241491546752967e-23, nan 
-43.375, 61.375, 1.0571665957949147e-23, nan 
-43.125, 61.375, 3.628826094944866e-23, nan 
-42.875, 61.375, 5.150282232880731e-23, nan 
-42.625, 61.375, 6.050141760536604e-23, nan 
-42.375, 61.375, 5.334980866441593e-23, nan 
-42.125, 61.375, 2.472042843940298e-23, nan 
-41.875, 61.375, 2.648595544862098e-23, nan 
-41.625, 61.375, 7.858564267035767e-23, nan 
-41.375, 61.375, 5.937966536161879e-23, nan 
-41.125, 61.375, 7.243649934747189e-23, nan 
-40.875, 61.375, 7.494016491263082e-23, nan 
-40.625, 61.375, 7.109673546482034e-23, nan 
-40.375, 61.375, 8.077230058159547e-23, nan 
-40.125, 61.375, 1.028168543499904e-22, nan 
-39.875, 61.375, 1.1833667291728434e-22, nan 
-39.625, 61.375, 8.15203953593464e-23, nan 
-39.375, 61.375, 8.472856194544011e-23, nan 
-39.125, 61.375, 8.916109205447993e-23, nan 
-38.875, 61.375, 5.088887047728038e-23, nan 
-38.625, 61.375, 9.05523307658425e-23, nan 
-38.375, 61.375, 5.728526858598443e-23, nan 
-38.125, 61.375, 6.082219655910399e-23, nan 
-37.875, 61.375, 1.095115420556867e-22, nan 
-37.625, 61.375, 9.743249971868995e-23, nan 
-37.375, 61.375, 9.892204957792727e-23, nan 
-37.125, 61.375, 2.0680586499492383e-22, nan 
-36.875, 61.375, 1.4005738587164712e-22, nan 
-36.625, 61.375, 1.3902195598679235e-22, nan 
-36.375, 61.375, 1.5130126382444006e-22, nan 
-36.125, 61.375, 1.5106881314704513e-22, nan 
-35.875, 61.375, 1.6007912967521432e-22, nan 
-35.625, 61.375, 1.9072088794670057e-22, nan 
-35.375, 61.375, 2.0082907824573147e-22, nan 
-35.125, 61.375, 1.7147189961162484e-22, nan 
-34.875, 61.375, 1.1636592567265742e-22, nan 
-34.625, 61.375, 7.955244860375525e-23, nan 
-34.375, 61.375, 4.7292805641802515e-23, nan 
-34.125, 61.375, 2.6938567106383624e-23, nan 
-33.875, 61.375, 6.438685169916605e-23, nan 
-33.625, 61.375, 5.95502095482341e-23, nan 
-33.375, 61.375, 1.0194606396660993e-22, nan 
-33.125, 61.375, 3.2620617323592155e-22, nan 
-32.875, 61.375, 4.392505161218873e-22, nan 
-32.625, 61.375, 5.092495275647397e-22, nan 
-32.375, 61.375, 3.233198414571907e-22, nan 
-32.125, 61.375, 2.6996260940937864e-22, nan 
-31.875, 61.375, 2.712526393857976e-22, nan 
-31.625, 61.375, 3.6559675110698593e-22, nan 
-31.375, 61.375, 4.63460248970939e-22, nan 
-31.125, 61.375, 3.0807167708310705e-22, nan 
-30.875, 61.375, 7.075051185824123e-22, nan 
-30.625, 61.375, 7.778247128392547e-22, nan 
-30.375, 61.375, 5.735808292327028e-22, nan 
-30.125, 61.375, 8.47197564614628e-22, nan 
-29.875, 61.375, 1.0290430947068375e-21, nan 
-29.625, 61.375, 9.605046130434216e-22, nan 
-29.375, 61.375, 6.906064565329897e-22, nan 
-29.125, 61.375, 1.1864091768127966e-21, nan 
-28.875, 61.375, 5.136300340562054e-22, nan 
-28.625, 61.375, 6.570945732416731e-22, nan 
-28.375, 61.375, 8.910625404442878e-22, nan 
-28.125, 61.375, 6.588921309629762e-22, nan 
-27.875, 61.375, 8.39259134024587e-22, nan 
-27.625, 61.375, 8.43064818477794e-22, nan 
-27.375, 61.375, 6.570413059911939e-22, nan 
-27.125, 61.375, 9.02019860110087e-22, nan 
-26.875, 61.375, 1.185399318061067e-21, nan 
-26.625, 61.375, 2.4786121540702402e-21, nan 
-26.375, 61.375, 7.748380412084881e-22, nan 
-26.125, 61.375, 9.280933062075038e-22, nan 
-25.875, 61.375, 9.530030859304598e-22, nan 
-25.625, 61.375, 1.4328739272655591e-21, nan 
-25.375, 61.375, 2.027333786572773e-21, nan 
-25.125, 61.375, 1.042553619857942e-21, nan 
-24.875, 61.375, 6.916756113722511e-22, nan 
-24.625, 61.375, 7.320378216089247e-22, nan 
-24.375, 61.375, 8.283681160837496e-22, nan 
-24.125, 61.375, 5.160795852763001e-22, nan 
-23.875, 61.375, 3.771880786163524e-22, nan 
-23.625, 61.375, 5.977563520612662e-22, nan 
-23.375, 61.375, 8.766648720715546e-22, nan 
-23.125, 61.375, 1.0416811397757323e-21, nan 
-22.875, 61.375, 6.370178363657124e-22, nan 
-22.625, 61.375, 1.1612349505568021e-21, nan 
-22.375, 61.375, 1.4332704365210579e-21, nan 
-22.125, 61.375, 8.27067589933633e-22, nan 
-21.875, 61.375, 1.2245278959096992e-21, nan 
-21.625, 61.375, 1.0768987944919594e-21, nan 
-21.375, 61.375, 1.5888395652851399e-21, nan 
-21.125, 61.375, 1.7978761565493495e-21, nan 
-20.875, 61.375, 1.0568246555147003e-21, nan 
-20.625, 61.375, 2.065263940992445e-21, nan 
-20.375, 61.375, 4.152128040157437e-21, nan 
-20.125, 61.375, 1.759003316698292e-21, nan 
-19.875, 61.375, 2.3901483325903256e-21, nan 
-19.625, 61.375, 2.1599723080415572e-21, nan 
-19.375, 61.375, 1.2647830411812394e-21, nan 
-19.125, 61.375, 1.2684090533256116e-21, nan 
-18.875, 61.375, 1.1782961860024003e-21, nan 
-18.625, 61.375, 7.51961174678675e-22, nan 
-18.375, 61.375, 6.331133596447704e-22, nan 
-18.125, 61.375, 6.46163887052599e-22, nan 
-17.875, 61.375, 2.441644211287453e-22, nan 
-17.625, 61.375, 1.2093588848969067e-21, nan 
-17.375, 61.375, 2.7359320006250644e-21, nan 
-17.125, 61.375, 3.0235602724809035e-21, nan 
-16.875, 61.375, 1.0309693773989213e-21, nan 
-16.625, 61.375, 7.268684202098888e-22, nan 
-16.375, 61.375, 8.111406260570968e-22, nan 
-16.125, 61.375, 1.1481133061286848e-21, nan 
-15.875, 61.375, 1.4730731284690017e-21, nan 
-15.625, 61.375, 1.584455063011236e-21, nan 
-15.375, 61.375, 1.4739516180403022e-21, nan 
-15.125, 61.375, 1.623447828333498e-21, nan 
-14.875, 61.375, 1.5658454281774018e-21, nan 
-14.625, 61.375, 9.529930886952006e-22, nan 
-14.375, 61.375, 1.3703638970319399e-21, nan 
-14.125, 61.375, 1.5595477997530011e-21, nan 
-78.875, 61.625, 5.1755359645420435e-23, nan 
-78.625, 61.625, 4.393050260524749e-23, nan 
-78.375, 61.625, 6.687846375565627e-23, nan 
-78.125, 61.625, 5.2269765254285803e-23, nan 
-77.875, 61.625, 3.8660811238310915e-23, nan 
-77.625, 61.625, 2.584927443586678e-23, nan 
-77.375, 61.625, 3.548717642937661e-23, nan 
-77.125, 61.625, 3.3647578915674973e-23, nan 
-76.875, 61.625, 3.686394019968898e-23, nan 
-76.625, 61.625, 4.265414696388491e-23, nan 
-76.375, 61.625, 3.3476262732689686e-23, nan 
-76.125, 61.625, 4.219314371483711e-23, nan 
-75.875, 61.625, 4.3493622417891335e-23, nan 
-75.625, 61.625, 3.661189152001662e-23, nan 
-75.375, 61.625, 3.635588336191847e-23, nan 
-75.125, 61.625, 4.0712525968261297e-23, nan 
-74.875, 61.625, 5.241741227844237e-23, nan 
-74.625, 61.625, 4.829091441871935e-23, nan 
-74.375, 61.625, 4.773222285670125e-23, nan 
-74.125, 61.625, 4.3432910529935854e-23, nan 
-73.875, 61.625, 4.088343125340074e-23, nan 
-73.625, 61.625, 4.5691327295228784e-23, nan 
-73.375, 61.625, 4.890919865088692e-23, nan 
-73.125, 61.625, 3.48066640153316e-23, nan 
-72.875, 61.625, 3.561033851867243e-23, nan 
-72.625, 61.625, 5.454779645280018e-23, nan 
-72.375, 61.625, 5.769312705427285e-23, nan 
-72.125, 61.625, 5.487101789464944e-23, nan 
-71.875, 61.625, 1.0286550506952783e-22, nan 
-71.625, 61.625, 9.933806444424648e-23, nan 
-71.375, 61.625, 7.093578516242102e-23, nan 
-71.125, 61.625, 6.158371338997746e-23, nan 
-70.875, 61.625, 7.113546121080567e-23, nan 
-70.625, 61.625, 6.428971813661438e-23, nan 
-70.375, 61.625, 5.744556932982068e-23, nan 
-70.125, 61.625, 5.035463588933419e-23, nan 
-69.875, 61.625, 5.026467392648119e-23, nan 
-69.625, 61.625, 4.277891740289115e-23, nan 
-69.375, 61.625, 4.663820436647387e-23, nan 
-69.125, 61.625, 3.9176508656006413e-23, nan 
-68.875, 61.625, 4.5540506882546936e-23, nan 
-68.625, 61.625, 4.146075829679173e-23, nan 
-68.375, 61.625, 3.9775283388973796e-23, nan 
-68.125, 61.625, 3.713369128420656e-23, nan 
-67.875, 61.625, 4.006204521548983e-23, nan 
-67.625, 61.625, 3.944169434657601e-23, nan 
-67.375, 61.625, 3.604196756712586e-23, nan 
-67.125, 61.625, 3.642592325225407e-23, nan 
-66.875, 61.625, 3.046309364446813e-23, nan 
-66.625, 61.625, 2.662990666139167e-23, nan 
-66.375, 61.625, 3.8991029647280456e-23, nan 
-66.125, 61.625, 3.658334678471045e-23, nan 
-65.875, 61.625, 3.9912624041357075e-23, nan 
-65.625, 61.625, 4.148285888516833e-23, nan 
-65.375, 61.625, 3.6829826270833365e-23, nan 
-65.125, 61.625, 3.3450615563769853e-23, nan 
-64.875, 61.625, 3.4233876283220796e-23, nan 
-64.625, 61.625, 4.3308827011438475e-23, nan 
-64.375, 61.625, 3.9572240420820154e-23, nan 
-64.125, 61.625, 3.246364296190596e-23, nan 
-63.875, 61.625, 3.091333615252697e-23, nan 
-63.625, 61.625, 2.713234517757551e-23, nan 
-63.375, 61.625, 2.422293335356209e-23, nan 
-63.125, 61.625, 2.989932690981602e-23, nan 
-62.875, 61.625, 3.179608573648217e-23, nan 
-62.625, 61.625, 4.7034482590123174e-23, nan 
-62.375, 61.625, 5.507738149235937e-23, nan 
-62.125, 61.625, 4.2428350686487574e-23, nan 
-61.875, 61.625, 3.619075730978691e-23, nan 
-61.625, 61.625, 3.6619128742680636e-23, nan 
-61.375, 61.625, 3.7531927249221673e-23, nan 
-61.125, 61.625, 3.672057035605825e-23, nan 
-60.875, 61.625, 3.406995929916392e-23, nan 
-60.625, 61.625, 2.496551223804922e-23, nan 
-60.375, 61.625, 2.1326537420286914e-23, nan 
-60.125, 61.625, 2.297555374626702e-23, nan 
-59.875, 61.625, 3.722611591157117e-23, nan 
-59.625, 61.625, 5.59734474723948e-23, nan 
-59.375, 61.625, 4.751023739864422e-23, nan 
-59.125, 61.625, 4.296987219722081e-23, nan 
-58.875, 61.625, 5.302491025632006e-23, nan 
-58.625, 61.625, 5.19407408502078e-23, nan 
-58.375, 61.625, 4.1044856307474655e-23, nan 
-58.125, 61.625, 4.091952290631221e-23, nan 
-57.875, 61.625, 4.81204712660557e-23, nan 
-57.625, 61.625, 4.214713416285454e-23, nan 
-57.375, 61.625, 3.985454231894288e-23, nan 
-57.125, 61.625, 3.3720394400978015e-23, nan 
-56.875, 61.625, 3.2053795526491334e-23, nan 
-56.625, 61.625, 1.538557693961662e-23, nan 
-56.375, 61.625, 2.3730955350945833e-23, nan 
-56.125, 61.625, 6.459433456827133e-23, nan 
-55.875, 61.625, 4.02056812798759e-23, nan 
-55.625, 61.625, 3.431546198838375e-23, nan 
-55.375, 61.625, 4.131661353029506e-23, nan 
-55.125, 61.625, 2.687337319206397e-23, nan 
-54.875, 61.625, 2.1271932281999392e-23, nan 
-54.625, 61.625, 3.2942335515181554e-23, nan 
-54.375, 61.625, 4.253682580443166e-23, nan 
-54.125, 61.625, 6.467630088528108e-23, nan 
-53.875, 61.625, 6.453434906584832e-23, nan 
-53.625, 61.625, 5.0461555037552075e-23, nan 
-53.375, 61.625, 6.610445128414915e-23, nan 
-53.125, 61.625, 6.636558250747725e-23, nan 
-52.875, 61.625, 4.843140876268064e-22, nan 
-52.625, 61.625, 5.331477845850765e-22, nan 
-52.375, 61.625, 6.498831995388892e-23, nan 
-52.125, 61.625, 1.1680923004662938e-21, nan 
-51.875, 61.625, 1.3051560743202373e-21, nan 
-51.625, 61.625, 7.457378932226587e-23, nan 
-51.375, 61.625, 4.625633729321793e-22, nan 
-51.125, 61.625, 5.259992917082086e-22, nan 
-50.875, 61.625, 9.881748211448224e-23, nan 
-50.625, 61.625, 5.986639219646794e-23, nan 
-50.375, 61.625, 2.4578557945358054e-22, nan 
-50.125, 61.625, 1.1854644070501668e-22, nan 
-49.875, 61.625, 1.4248657483601371e-22, nan 
-49.625, 61.625, 1.270828106626985e-22, nan 
-49.375, 61.625, 1.2808049410357885e-22, nan 
-49.125, 61.625, 1.2742900413945635e-22, nan 
-48.875, 61.625, 7.862347972115442e-22, nan 
-48.625, 61.625, 1.5961263768211516e-21, nan 
-48.375, 61.625, 1.6430808561646155e-21, nan 
-48.125, 61.625, 4.008977931510414e-22, nan 
-47.875, 61.625, 1.602409459412714e-22, nan 
-47.625, 61.625, 1.4133431309436132e-22, nan 
-47.375, 61.625, 1.4120392549597063e-22, nan 
-47.125, 61.625, 1.5396294091125758e-22, nan 
-46.875, 61.625, 2.0672017813546167e-22, nan 
-46.625, 61.625, 8.718626389640033e-23, nan 
-46.375, 61.625, 4.875818852167855e-23, nan 
-46.125, 61.625, 5.657650579064296e-23, nan 
-45.875, 61.625, 4.49774069879809e-23, nan 
-45.625, 61.625, 4.2351163740712754e-23, nan 
-45.375, 61.625, 4.2670153428011225e-23, nan 
-45.125, 61.625, 4.689673901164219e-23, nan 
-44.875, 61.625, 4.0548944809770475e-23, nan 
-44.625, 61.625, 4.049708512062974e-23, nan 
-44.375, 61.625, 5.69696438444112e-23, nan 
-44.125, 61.625, 6.318094227515317e-23, nan 
-43.875, 61.625, 3.44234695170709e-23, nan 
-43.625, 61.625, 6.060559634819979e-23, nan 
-43.375, 61.625, 3.906537349540548e-23, nan 
-43.125, 61.625, 4.2262976844008e-23, nan 
-42.875, 61.625, 6.220265550950894e-23, nan 
-42.625, 61.625, 8.707931305321973e-23, nan 
-42.375, 61.625, 3.1944942889229656e-23, nan 
-42.125, 61.625, 8.049561709485996e-23, nan 
-41.875, 61.625, 1.0583973152471095e-22, nan 
-41.625, 61.625, 6.945616892514027e-23, nan 
-41.375, 61.625, 9.132530400227584e-23, nan 
-41.125, 61.625, 8.39543506052087e-23, nan 
-40.875, 61.625, 7.363357762139785e-23, nan 
-40.625, 61.625, 8.190518247601076e-23, nan 
-40.375, 61.625, 8.635170061130196e-23, nan 
-40.125, 61.625, 1.0490034176956291e-22, nan 
-39.875, 61.625, 1.156340655879918e-22, nan 
-39.625, 61.625, 7.109688060202009e-23, nan 
-39.375, 61.625, 6.804055720573328e-23, nan 
-39.125, 61.625, 9.756437953447161e-23, nan 
-38.875, 61.625, 7.425308973155478e-23, nan 
-38.625, 61.625, 6.880729047635376e-23, nan 
-38.375, 61.625, 5.2055527430116906e-23, nan 
-38.125, 61.625, 4.191044046245881e-23, nan 
-37.875, 61.625, 1.0793538719324219e-22, nan 
-37.625, 61.625, 7.70580510010554e-23, nan 
-37.375, 61.625, 7.376724426993274e-23, nan 
-37.125, 61.625, 8.559377869722049e-23, nan 
-36.875, 61.625, 1.251499152593172e-22, nan 
-36.625, 61.625, 1.3054859578226083e-22, nan 
-36.375, 61.625, 1.416345166414283e-22, nan 
-36.125, 61.625, 1.5343890817351742e-22, nan 
-35.875, 61.625, 1.2110615917035125e-22, nan 
-35.625, 61.625, 6.620413747770523e-23, nan 
-35.375, 61.625, 1.070190033162196e-22, nan 
-35.125, 61.625, 7.365115930376808e-23, nan 
-34.875, 61.625, 8.494513617299238e-23, nan 
-34.625, 61.625, 6.375499080877617e-23, nan 
-34.375, 61.625, 8.401863029364954e-23, nan 
-34.125, 61.625, 8.054130856991048e-23, nan 
-33.875, 61.625, 5.681967236965144e-23, nan 
-33.625, 61.625, 7.300350645190812e-23, nan 
-33.375, 61.625, 8.509547993928749e-23, nan 
-33.125, 61.625, 1.3593912580064818e-22, nan 
-32.875, 61.625, 2.1092274828353117e-22, nan 
-32.625, 61.625, 2.878454135874867e-22, nan 
-32.375, 61.625, 3.8939483209284212e-22, nan 
-32.125, 61.625, 3.4199214435657067e-22, nan 
-31.875, 61.625, 3.6416127450534316e-22, nan 
-31.625, 61.625, 5.491997147905048e-22, nan 
-31.375, 61.625, 4.987098373130478e-22, nan 
-31.125, 61.625, 3.8500406104782227e-22, nan 
-30.875, 61.625, 6.726957221858076e-22, nan 
-30.625, 61.625, 4.0344892521266134e-22, nan 
-30.375, 61.625, 2.9407522560413818e-22, nan 
-30.125, 61.625, 6.882291069537368e-22, nan 
-29.875, 61.625, 6.631669531159333e-22, nan 
-29.625, 61.625, 6.715088546335851e-22, nan 
-29.375, 61.625, 4.562836375010239e-22, nan 
-29.125, 61.625, 6.1858353728447435e-22, nan 
-28.875, 61.625, 4.992012932829592e-22, nan 
-28.625, 61.625, 6.70464173877911e-22, nan 
-28.375, 61.625, 5.727598512085935e-22, nan 
-28.125, 61.625, 5.914879364429144e-22, nan 
-27.875, 61.625, 6.835986991637393e-22, nan 
-27.625, 61.625, 6.893382334790329e-22, nan 
-27.375, 61.625, 3.6697952189137656e-22, nan 
-27.125, 61.625, 5.193363859537531e-22, nan 
-26.875, 61.625, 6.349233570434896e-22, nan 
-26.625, 61.625, 7.143307367504855e-22, nan 
-26.375, 61.625, 7.517061340473863e-22, nan 
-26.125, 61.625, 6.630830868167076e-22, nan 
-25.875, 61.625, 3.9502794011965315e-22, nan 
-25.625, 61.625, 3.756197393985688e-22, nan 
-25.375, 61.625, 5.2509639174091265e-22, nan 
-25.125, 61.625, 5.685926970603541e-22, nan 
-24.875, 61.625, 7.134669098907539e-22, nan 
-24.625, 61.625, 1.0949462243981672e-21, nan 
-24.375, 61.625, 6.629049201526151e-22, nan 
-24.125, 61.625, 4.639033503378775e-22, nan 
-23.875, 61.625, 8.135838744959165e-22, nan 
-23.625, 61.625, 7.312477118898843e-22, nan 
-23.375, 61.625, 1.101910590452927e-21, nan 
-23.125, 61.625, 9.218846715572016e-22, nan 
-22.875, 61.625, 8.88889017791042e-22, nan 
-22.625, 61.625, 1.2546205657768327e-21, nan 
-22.375, 61.625, 1.0213383968244188e-21, nan 
-22.125, 61.625, 1.0652038061020436e-21, nan 
-21.875, 61.625, 1.7618630714956584e-21, nan 
-21.625, 61.625, 1.5139591904043914e-21, nan 
-21.375, 61.625, 1.5216473811338566e-21, nan 
-21.125, 61.625, 1.4931859096580188e-21, nan 
-20.875, 61.625, 1.6583721423593581e-21, nan 
-20.625, 61.625, 2.5051848558835286e-21, nan 
-20.375, 61.625, 2.9031997902299003e-21, nan 
-20.125, 61.625, 1.726796399669651e-21, nan 
-19.875, 61.625, 3.221367543501098e-21, nan 
-19.625, 61.625, 5.00142419456529e-22, nan 
-19.375, 61.625, 1.2363770105500402e-21, nan 
-19.125, 61.625, 1.5353919787591394e-21, nan 
-18.875, 61.625, 1.8396337144069342e-21, nan 
-18.625, 61.625, 1.3914627519616372e-21, nan 
-18.375, 61.625, 9.628067722480374e-22, nan 
-18.125, 61.625, 9.52900112739243e-22, nan 
-17.875, 61.625, 1.5523741223486326e-21, nan 
-17.625, 61.625, 1.763524288592808e-21, nan 
-17.375, 61.625, 1.5123007234354108e-21, nan 
-17.125, 61.625, 7.5174294931374435e-22, nan 
-16.875, 61.625, 1.204057379064981e-21, nan 
-16.625, 61.625, 9.222758262525842e-22, nan 
-16.375, 61.625, 1.0843155969588785e-21, nan 
-16.125, 61.625, 1.4084363241523351e-21, nan 
-15.875, 61.625, 2.324409442181441e-21, nan 
-15.625, 61.625, 2.2641014506639625e-21, nan 
-15.375, 61.625, 1.2661531174485962e-21, nan 
-15.125, 61.625, 2.2012717585436397e-21, nan 
-14.875, 61.625, 2.9883201385907905e-21, nan 
-14.625, 61.625, 3.15946445704008e-21, nan 
-14.375, 61.625, 1.646404772823218e-21, nan 
-14.125, 61.625, 1.676011502069251e-21, nan 
-13.875, 61.625, 1.1897914593456473e-21, nan 
-13.625, 61.625, 1.0749280192438094e-21, nan 
-79.125, 61.875, 3.7485700235758114e-23, nan 
-78.875, 61.875, 3.7049561005869003e-23, nan 
-78.625, 61.875, 3.6503865694073586e-23, nan 
-78.375, 61.875, 3.2837762094759856e-23, nan 
-78.125, 61.875, 4.740623904235401e-23, nan 
-77.875, 61.875, 4.0266200031153955e-23, nan 
-77.625, 61.875, 2.708529408900417e-23, nan 
-77.375, 61.875, 3.894846944121571e-23, nan 
-77.125, 61.875, 5.011378399131036e-23, nan 
-76.875, 61.875, 7.942276999320748e-23, nan 
-76.625, 61.875, 6.543148352976733e-23, nan 
-76.375, 61.875, 6.121044968986691e-23, nan 
-76.125, 61.875, 6.350769517621557e-23, nan 
-75.875, 61.875, 5.726527724541266e-23, nan 
-75.625, 61.875, 5.732890845425978e-23, nan 
-75.375, 61.875, 4.419961631041777e-23, nan 
-75.125, 61.875, 4.6794419048032226e-23, nan 
-74.875, 61.875, 5.571029346678418e-23, nan 
-74.625, 61.875, 4.965584573380226e-23, nan 
-74.375, 61.875, 4.545211835767744e-23, nan 
-74.125, 61.875, 4.2282953361169094e-23, nan 
-73.875, 61.875, 4.1790391622841564e-23, nan 
-73.625, 61.875, 4.502916090622224e-23, nan 
-73.375, 61.875, 4.8202367312470655e-23, nan 
-73.125, 61.875, 5.830728235557361e-23, nan 
-72.875, 61.875, 5.510022302242133e-23, nan 
-72.625, 61.875, 4.325375996895068e-23, nan 
-72.375, 61.875, 5.957470912669542e-23, nan 
-72.125, 61.875, 6.44998687932046e-23, nan 
-71.875, 61.875, 1.0023885304990006e-22, nan 
-71.625, 61.875, 9.607658765994147e-23, nan 
-71.375, 61.875, 8.647403572539971e-23, nan 
-71.125, 61.875, 5.976210606463436e-23, nan 
-70.875, 61.875, 5.1375730439522146e-23, nan 
-70.625, 61.875, 5.196519481816512e-23, nan 
-70.375, 61.875, 4.5332511282720253e-23, nan 
-70.125, 61.875, 5.176491320567306e-23, nan 
-69.875, 61.875, 4.345996453841556e-23, nan 
-69.625, 61.875, 4.1209847641011066e-23, nan 
-69.375, 61.875, 4.2615144451830626e-23, nan 
-69.125, 61.875, 4.6334105913441485e-23, nan 
-68.875, 61.875, 4.472625236417208e-23, nan 
-68.625, 61.875, 3.925533135114184e-23, nan 
-68.375, 61.875, 4.948749335980577e-23, nan 
-68.125, 61.875, 4.141893914678872e-23, nan 
-67.875, 61.875, 3.8140971131823183e-23, nan 
-67.625, 61.875, 3.8230641900040913e-23, nan 
-67.375, 61.875, 4.758182501493253e-23, nan 
-67.125, 61.875, 3.933307447707852e-23, nan 
-66.875, 61.875, 3.6840326899097616e-23, nan 
-66.625, 61.875, 4.6699325293127864e-23, nan 
-66.375, 61.875, 4.405063001408062e-23, nan 
-66.125, 61.875, 3.923720426130581e-23, nan 
-65.875, 61.875, 4.4265409998453477e-23, nan 
-65.625, 61.875, 4.0001664453176215e-23, nan 
-65.375, 61.875, 4.4813095614313145e-23, nan 
-65.125, 61.875, 3.5957599343151586e-23, nan 
-64.875, 61.875, 3.7935260178593873e-23, nan 
-64.625, 61.875, 4.262706935160401e-23, nan 
-64.375, 61.875, 3.4356531431931277e-23, nan 
-64.125, 61.875, 2.7934139593680374e-23, nan 
-63.875, 61.875, 3.553467420803934e-23, nan 
-63.625, 61.875, 3.7219668260429916e-23, nan 
-63.375, 61.875, 4.1086867058279564e-23, nan 
-63.125, 61.875, 3.519782754037947e-23, nan 
-62.875, 61.875, 3.8407653298790466e-23, nan 
-62.625, 61.875, 3.721772019958676e-23, nan 
-62.375, 61.875, 4.1056401476171365e-23, nan 
-62.125, 61.875, 3.751655020723813e-23, nan 
-61.875, 61.875, 2.7184331028025437e-23, nan 
-61.625, 61.875, 3.7741670911761956e-23, nan 
-61.375, 61.875, 3.5203326068198653e-23, nan 
-61.125, 61.875, 3.74753699917147e-23, nan 
-60.875, 61.875, 2.963036725373631e-23, nan 
-60.625, 61.875, 3.1168012752065325e-23, nan 
-60.375, 61.875, 3.0380229459863407e-23, nan 
-60.125, 61.875, 3.061573106540678e-23, nan 
-59.875, 61.875, 4.976056262691349e-23, nan 
-59.625, 61.875, 5.949328823454395e-23, nan 
-59.375, 61.875, 5.0664537382504983e-23, nan 
-59.125, 61.875, 4.065025625179856e-23, nan 
-58.875, 61.875, 4.8605160521031796e-23, nan 
-58.625, 61.875, 5.674247615474896e-23, nan 
-58.375, 61.875, 4.980744404874099e-23, nan 
-58.125, 61.875, 4.581281250663234e-23, nan 
-57.875, 61.875, 4.771194009684814e-23, nan 
-57.625, 61.875, 4.1849054322261813e-23, nan 
-57.375, 61.875, 3.8760431294943177e-23, nan 
-57.125, 61.875, 2.0616048312444554e-23, nan 
-56.875, 61.875, 3.125578104507017e-23, nan 
-56.625, 61.875, 2.991311628178461e-23, nan 
-56.375, 61.875, 3.234777603591867e-23, nan 
-56.125, 61.875, 5.786518038209851e-23, nan 
-55.875, 61.875, 3.816658813778523e-23, nan 
-55.625, 61.875, 4.3368558100555204e-23, nan 
-55.375, 61.875, 3.7708277875607825e-23, nan 
-55.125, 61.875, 5.0789938585007805e-23, nan 
-54.875, 61.875, 5.541927533916557e-23, nan 
-54.625, 61.875, 6.356348793433484e-23, nan 
-54.375, 61.875, 6.49159295796573e-23, nan 
-54.125, 61.875, 6.659669722142323e-23, nan 
-53.875, 61.875, 6.753059853891333e-23, nan 
-53.625, 61.875, 5.781006517723844e-23, nan 
-53.375, 61.875, 4.349346304582273e-23, nan 
-53.125, 61.875, 4.602664020558566e-23, nan 
-52.875, 61.875, 5.91484385207771e-23, nan 
-52.625, 61.875, 5.1318550663856483e-23, nan 
-52.375, 61.875, 7.405223941096106e-23, nan 
-52.125, 61.875, 7.050306375268319e-22, nan 
-51.875, 61.875, 7.8515220563770745e-22, nan 
-51.625, 61.875, 7.069480828226765e-23, nan 
-51.375, 61.875, 6.021307390788007e-23, nan 
-51.125, 61.875, 9.102145080534864e-23, nan 
-50.875, 61.875, 1.1170941679697731e-22, nan 
-50.625, 61.875, 1.0376029995203638e-22, nan 
-50.375, 61.875, 1.7768733398312503e-22, nan 
-50.125, 61.875, 1.8972516003367983e-22, nan 
-49.875, 61.875, 2.134283027076932e-22, nan 
-49.625, 61.875, 1.5401281843673912e-22, nan 
-49.375, 61.875, 1.4946668828420746e-22, nan 
-49.125, 61.875, 2.5523654301802955e-22, nan 
-48.875, 61.875, 2.974574124723407e-22, nan 
-48.625, 61.875, 1.5310589602849834e-22, nan 
-48.375, 61.875, 1.6366132545367476e-22, nan 
-48.125, 61.875, 2.09033583443088e-22, nan 
-47.875, 61.875, 1.8995511924229503e-22, nan 
-47.625, 61.875, 1.4293635847736411e-22, nan 
-47.375, 61.875, 1.0817554048377371e-22, nan 
-47.125, 61.875, 1.2860562420593292e-22, nan 
-46.875, 61.875, 9.165508236568868e-23, nan 
-46.625, 61.875, 7.585318514528437e-23, nan 
-46.375, 61.875, 7.729770502118361e-23, nan 
-46.125, 61.875, 9.744791431181731e-23, nan 
-45.875, 61.875, 5.890960516896842e-23, nan 
-45.625, 61.875, 5.657447402718658e-23, nan 
-45.375, 61.875, 6.460793583289076e-23, nan 
-45.125, 61.875, 4.2192203176339997e-23, nan 
-44.875, 61.875, 5.614245407740361e-23, nan 
-44.625, 61.875, 5.33078271538647e-23, nan 
-44.375, 61.875, 4.22151697497215e-23, nan 
-44.125, 61.875, 6.870175064247503e-23, nan 
-43.875, 61.875, 4.8531261713255304e-23, nan 
-43.625, 61.875, 4.181455130335714e-23, nan 
-43.375, 61.875, 6.156990760225576e-23, nan 
-43.125, 61.875, 6.371067690561363e-23, nan 
-42.875, 61.875, 4.1730461438935396e-23, nan 
-42.625, 61.875, 7.248409825821588e-23, nan 
-42.375, 61.875, 5.931977005384087e-23, nan 
-42.125, 61.875, 1.0572478488059985e-22, nan 
-41.875, 61.875, 1.0923304611358582e-22, nan 
-41.625, 61.875, 8.204583758186403e-23, nan 
-41.375, 61.875, 9.162804761468388e-23, nan 
-41.125, 61.875, 1.1310771389955342e-22, nan 
-40.875, 61.875, 5.837697906176285e-23, nan 
-40.625, 61.875, 4.328259407589512e-23, nan 
-40.375, 61.875, 8.874287884142088e-23, nan 
-40.125, 61.875, 6.910871121354974e-23, nan 
-39.875, 61.875, 8.556953397034329e-23, nan 
-39.625, 61.875, 7.305649562658238e-23, nan 
-39.375, 61.875, 8.665591536915763e-23, nan 
-39.125, 61.875, 1.3952849241518222e-22, nan 
-38.875, 61.875, 9.706880431434568e-23, nan 
-38.625, 61.875, 6.865709152659993e-23, nan 
-38.375, 61.875, 9.708502507243784e-23, nan 
-38.125, 61.875, 1.0207626805085794e-22, nan 
-37.875, 61.875, 9.301573251890238e-23, nan 
-37.625, 61.875, 9.625987660227905e-23, nan 
-37.375, 61.875, 1.238145835523024e-22, nan 
-37.125, 61.875, 1.077663817740633e-22, nan 
-36.875, 61.875, 1.1202805041717951e-22, nan 
-36.625, 61.875, 1.291347520590285e-22, nan 
-36.375, 61.875, 1.2142022422439817e-22, nan 
-36.125, 61.875, 9.924221322781461e-23, nan 
-35.875, 61.875, 1.1694722377503628e-22, nan 
-35.625, 61.875, 1.1448243222564483e-22, nan 
-35.375, 61.875, 1.243877912184405e-22, nan 
-35.125, 61.875, 1.0299802675712848e-22, nan 
-34.875, 61.875, 1.0718426839981273e-22, nan 
-34.625, 61.875, 1.2766134289096946e-22, nan 
-34.375, 61.875, 7.53215501646285e-23, nan 
-34.125, 61.875, 1.2138692086966358e-22, nan 
-33.875, 61.875, 9.755799785655476e-23, nan 
-33.625, 61.875, 9.777206449536325e-23, nan 
-33.375, 61.875, 9.020616370285458e-23, nan 
-33.125, 61.875, 1.1542262291874428e-22, nan 
-32.875, 61.875, 2.0411901406583653e-22, nan 
-32.625, 61.875, 4.541729350377545e-22, nan 
-32.375, 61.875, 7.121218571479085e-22, nan 
-32.125, 61.875, 6.382339784861684e-22, nan 
-31.875, 61.875, 5.454912061247169e-22, nan 
-31.625, 61.875, 1.0461647392591825e-21, nan 
-31.375, 61.875, 1.1487679203209357e-21, nan 
-31.125, 61.875, 4.055039142675562e-22, nan 
-30.875, 61.875, 5.28831266930701e-22, nan 
-30.625, 61.875, 3.9085547083177656e-22, nan 
-30.375, 61.875, 8.788966899161299e-23, nan 
-30.125, 61.875, 2.539951672647761e-22, nan 
-29.875, 61.875, 3.4422694396699393e-22, nan 
-29.625, 61.875, 6.0076518426154e-22, nan 
-29.375, 61.875, 7.269664148155296e-22, nan 
-29.125, 61.875, 6.4914279598808255e-22, nan 
-28.875, 61.875, 1.0822161903809302e-21, nan 
-28.625, 61.875, 1.3580869091452707e-21, nan 
-28.375, 61.875, 8.372092305998562e-22, nan 
-28.125, 61.875, 5.231647229279959e-22, nan 
-27.875, 61.875, 8.19963316542477e-22, nan 
-27.625, 61.875, 7.34658509838931e-22, nan 
-27.375, 61.875, 4.330540551680771e-22, nan 
-27.125, 61.875, 6.098864323769961e-22, nan 
-26.875, 61.875, 7.551974655052105e-22, nan 
-26.625, 61.875, 4.934430659726284e-22, nan 
-26.375, 61.875, 7.867742758458715e-22, nan 
-26.125, 61.875, 6.25136409149794e-22, nan 
-25.875, 61.875, 2.764096329251928e-22, nan 
-25.625, 61.875, 4.1506790459193895e-22, nan 
-25.375, 61.875, 4.867499193181582e-22, nan 
-25.125, 61.875, 3.8235363924250256e-22, nan 
-24.875, 61.875, 8.859428802944504e-22, nan 
-24.625, 61.875, 1.6439024710257484e-21, nan 
-24.375, 61.875, 1.0438890728103298e-21, nan 
-24.125, 61.875, 1.2281050934995665e-21, nan 
-23.875, 61.875, 1.348150131323546e-21, nan 
-23.625, 61.875, 9.570286978526645e-22, nan 
-23.375, 61.875, 1.1175770916634922e-21, nan 
-23.125, 61.875, 1.2231598182115903e-21, nan 
-22.875, 61.875, 1.2138240267202293e-21, nan 
-22.625, 61.875, 1.8122923376542634e-21, nan 
-22.375, 61.875, 2.521060142173519e-21, nan 
-22.125, 61.875, 2.606605915020421e-21, nan 
-21.875, 61.875, 1.3506979575654593e-21, nan 
-21.625, 61.875, 2.500844234881552e-21, nan 
-21.375, 61.875, 1.859112562633464e-21, nan 
-21.125, 61.875, 9.255069197869777e-22, nan 
-20.875, 61.875, 1.6443498331029326e-21, nan 
-20.625, 61.875, 1.7607977862352623e-21, nan 
-20.375, 61.875, 6.552151909654715e-22, nan 
-20.125, 61.875, 8.383723397054033e-22, nan 
-19.875, 61.875, 2.0449686028335415e-21, nan 
-19.625, 61.875, 8.350898592571002e-22, nan 
-19.375, 61.875, 9.172242956308403e-22, nan 
-19.125, 61.875, 2.0549795819918342e-21, nan 
-18.875, 61.875, 2.0587930514977847e-21, nan 
-18.625, 61.875, 1.1780329121590712e-21, nan 
-18.375, 61.875, 1.3020315977834741e-21, nan 
-18.125, 61.875, 1.4492278906246174e-21, nan 
-17.875, 61.875, 2.2067321036712908e-21, nan 
-17.625, 61.875, 2.4917601974900204e-21, nan 
-17.375, 61.875, 1.4172813655525013e-21, nan 
-17.125, 61.875, 1.2599837448534845e-21, nan 
-16.875, 61.875, 1.8101741319074363e-21, nan 
-16.625, 61.875, 1.8419079121979798e-21, nan 
-16.375, 61.875, 2.4746231056374535e-21, nan 
-16.125, 61.875, 2.5981835917511363e-21, nan 
-15.875, 61.875, 3.8571619512539445e-21, nan 
-15.625, 61.875, 2.4697811855709596e-21, nan 
-15.375, 61.875, 2.358052683275206e-21, nan 
-15.125, 61.875, 2.5716015685142233e-21, nan 
-14.875, 61.875, 2.923299259369013e-21, nan 
-14.625, 61.875, 3.741758150468254e-21, nan 
-14.375, 61.875, 2.825597712406874e-21, nan 
-14.125, 61.875, 2.1714770689765778e-21, nan 
-13.875, 61.875, 1.4966609734333449e-21, nan 
-13.625, 61.875, 1.1327422836311747e-21, nan 
-13.375, 61.875, 1.262195832764678e-21, nan 
-13.125, 61.875, 1.0143529182201004e-21, nan 
-12.875, 61.875, 8.774218543944075e-22, nan 
-79.375, 62.125, 4.8196279909873884e-23, nan 
-79.125, 62.125, 4.84590496741511e-23, nan 
-78.875, 62.125, 5.555984794213552e-23, nan 
-78.625, 62.125, 5.1692726498166096e-23, nan 
-78.375, 62.125, 5.061285489915637e-23, nan 
-78.125, 62.125, 4.8382638858109053e-23, nan 
-77.875, 62.125, 4.7325356976682384e-23, nan 
-77.625, 62.125, 5.251342475254481e-23, nan 
-77.375, 62.125, 4.6041879758864537e-23, nan 
-77.125, 62.125, 6.041795648488834e-23, nan 
-76.875, 62.125, 7.962200977772868e-23, nan 
-76.625, 62.125, 6.49687932755078e-23, nan 
-76.375, 62.125, 5.828284865650039e-23, nan 
-76.125, 62.125, 4.5298460526257083e-23, nan 
-75.875, 62.125, 4.5357577230572185e-23, nan 
-75.625, 62.125, 5.2179841495382834e-23, nan 
-75.375, 62.125, 5.405775659094933e-23, nan 
-75.125, 62.125, 4.309218347472009e-23, nan 
-74.875, 62.125, 4.791091792360842e-23, nan 
-74.625, 62.125, 5.905080556214286e-23, nan 
-74.375, 62.125, 5.08223572372991e-23, nan 
-74.125, 62.125, 4.952056420822279e-23, nan 
-73.875, 62.125, 5.083177493239115e-23, nan 
-73.625, 62.125, 5.387423771563492e-23, nan 
-73.375, 62.125, 4.880174060969344e-23, nan 
-73.125, 62.125, 5.443773475237055e-23, nan 
-72.875, 62.125, 5.343089238411102e-23, nan 
-72.625, 62.125, 5.922896972096517e-23, nan 
-72.375, 62.125, 5.641523764652151e-23, nan 
-72.125, 62.125, 4.787432414239728e-23, nan 
-71.875, 62.125, 5.133772471965291e-23, nan 
-71.625, 62.125, 6.960694086262413e-23, nan 
-71.375, 62.125, 7.651198392041423e-23, nan 
-71.125, 62.125, 6.121260464295482e-23, nan 
-70.875, 62.125, 6.333919233307916e-23, nan 
-70.625, 62.125, 4.708766092141989e-23, nan 
-70.375, 62.125, 4.016493475937797e-23, nan 
-70.125, 62.125, 5.008859647943807e-23, nan 
-69.875, 62.125, 4.824942097575175e-23, nan 
-69.625, 62.125, 5.171845686996308e-23, nan 
-69.375, 62.125, 4.698057422850007e-23, nan 
-69.125, 62.125, 6.127215735465339e-23, nan 
-68.875, 62.125, 5.379643237877755e-23, nan 
-68.625, 62.125, 4.739520028733712e-23, nan 
-68.375, 62.125, 4.950067496971798e-23, nan 
-68.125, 62.125, 5.327096054009529e-23, nan 
-67.875, 62.125, 4.8183024760520265e-23, nan 
-67.625, 62.125, 3.638331861258622e-23, nan 
-67.375, 62.125, 5.337395677811701e-23, nan 
-67.125, 62.125, 4.306186683987772e-23, nan 
-66.875, 62.125, 3.953320004030192e-23, nan 
-66.625, 62.125, 4.520710937900353e-23, nan 
-66.375, 62.125, 3.778319089225405e-23, nan 
-66.125, 62.125, 4.332864312022285e-23, nan 
-65.875, 62.125, 4.172633502437461e-23, nan 
-65.625, 62.125, 3.992730966021169e-23, nan 
-65.375, 62.125, 3.883866500051576e-23, nan 
-65.125, 62.125, 2.708200575430305e-23, nan 
-64.875, 62.125, 3.2369853909577896e-23, nan 
-64.625, 62.125, 3.576539571220653e-23, nan 
-64.375, 62.125, 5.030767679019846e-23, nan 
-64.125, 62.125, 5.117403205333448e-23, nan 
-63.875, 62.125, 4.1752264220951843e-23, nan 
-63.625, 62.125, 4.8581011791184253e-23, nan 
-63.375, 62.125, 5.449214228805998e-23, nan 
-63.125, 62.125, 3.908276907305405e-23, nan 
-62.875, 62.125, 3.6230725257557095e-23, nan 
-62.625, 62.125, 3.49849195045305e-23, nan 
-62.375, 62.125, 4.542238799606025e-23, nan 
-62.125, 62.125, 4.4342417400274066e-23, nan 
-61.875, 62.125, 6.352569088493174e-23, nan 
-61.625, 62.125, 3.737952641098516e-23, nan 
-61.375, 62.125, 4.9365893072043393e-23, nan 
-61.125, 62.125, 5.596691596352622e-23, nan 
-60.875, 62.125, 4.622397912220547e-23, nan 
-60.625, 62.125, 4.6374525801659295e-23, nan 
-60.375, 62.125, 4.397502460786525e-23, nan 
-60.125, 62.125, 4.190601100383354e-23, nan 
-59.875, 62.125, 5.148863110697217e-23, nan 
-59.625, 62.125, 4.794948928472194e-23, nan 
-59.375, 62.125, 4.475985657563716e-23, nan 
-59.125, 62.125, 4.8460102464240476e-23, nan 
-58.875, 62.125, 3.702218773855407e-23, nan 
-58.625, 62.125, 6.047703313977834e-23, nan 
-58.375, 62.125, 5.665865496405628e-23, nan 
-58.125, 62.125, 5.609527657358115e-23, nan 
-57.875, 62.125, 5.277652243211954e-23, nan 
-57.625, 62.125, 4.502643153457027e-23, nan 
-57.375, 62.125, 4.3367832082596297e-23, nan 
-57.125, 62.125, 2.332240393636163e-23, nan 
-56.875, 62.125, 3.300871926907683e-23, nan 
-56.625, 62.125, 3.2911171220477656e-23, nan 
-56.375, 62.125, 4.0766013385012646e-23, nan 
-56.125, 62.125, 3.2581930350357724e-23, nan 
-55.875, 62.125, 5.369600077068612e-23, nan 
-55.625, 62.125, 5.721212594521924e-23, nan 
-55.375, 62.125, 5.086104486530837e-23, nan 
-55.125, 62.125, 6.092341014943543e-23, nan 
-54.875, 62.125, 4.8579935092852644e-23, nan 
-54.625, 62.125, 5.847671177686229e-23, nan 
-54.375, 62.125, 5.561210978750742e-23, nan 
-54.125, 62.125, 5.352602392805725e-23, nan 
-53.875, 62.125, 4.001161381747003e-23, nan 
-53.625, 62.125, 3.690678370696589e-23, nan 
-53.375, 62.125, 3.877078124972691e-23, nan 
-53.125, 62.125, 3.028172583934662e-23, nan 
-52.875, 62.125, 5.1021161861272305e-23, nan 
-52.625, 62.125, 4.731687802026251e-23, nan 
-52.375, 62.125, 5.522721576013515e-23, nan 
-52.125, 62.125, 6.087949772544303e-23, nan 
-51.875, 62.125, 5.538142354264997e-23, nan 
-51.625, 62.125, 4.9277284790160613e-23, nan 
-51.375, 62.125, 5.2324155821487436e-23, nan 
-51.125, 62.125, 1.9905064193378e-23, nan 
-50.875, 62.125, 1.883876837266785e-23, nan 
-50.625, 62.125, 2.6727966180381013e-23, nan 
-50.375, 62.125, 7.029583174263536e-23, nan 
-50.125, 62.125, 1.6463117342970325e-22, nan 
-49.875, 62.125, 1.5609198485815674e-22, nan 
-49.625, 62.125, 6.85922994871874e-23, nan 
-49.375, 62.125, 1.618203265292018e-22, nan 
-49.125, 62.125, 2.376577064975179e-22, nan 
-48.875, 62.125, 2.464612449175973e-22, nan 
-48.625, 62.125, 1.5659839319771725e-22, nan 
-48.375, 62.125, 1.0841435565080725e-22, nan 
-48.125, 62.125, 1.2327853901081093e-22, nan 
-47.875, 62.125, 1.296188339553716e-22, nan 
-47.625, 62.125, 1.273735425971763e-22, nan 
-47.375, 62.125, 1.0405658079569023e-22, nan 
-47.125, 62.125, 9.627367904572976e-23, nan 
-46.875, 62.125, 6.293805397975838e-23, nan 
-46.625, 62.125, 7.35962799338217e-23, nan 
-46.375, 62.125, 9.342356490836976e-23, nan 
-46.125, 62.125, 9.094550417586601e-23, nan 
-45.875, 62.125, 5.0576562155502923e-23, nan 
-45.625, 62.125, 4.0271570830640214e-23, nan 
-45.375, 62.125, 4.795112642929515e-23, nan 
-45.125, 62.125, 5.936787905222951e-23, nan 
-44.875, 62.125, 8.803105975198066e-23, nan 
-44.625, 62.125, 6.741497480095358e-23, nan 
-44.375, 62.125, 5.398185925210914e-23, nan 
-44.125, 62.125, 8.312612297300274e-23, nan 
-43.875, 62.125, 5.387673596815751e-23, nan 
-43.625, 62.125, 4.40410078143026e-23, nan 
-43.375, 62.125, 5.0110107602532464e-23, nan 
-43.125, 62.125, 6.830435153176539e-23, nan 
-42.875, 62.125, 5.105760252700702e-23, nan 
-42.625, 62.125, 5.816218812087879e-23, nan 
-42.375, 62.125, 6.515226982290476e-23, nan 
-42.125, 62.125, 9.29992577615222e-23, nan 
-41.875, 62.125, 8.814433252116337e-23, nan 
-41.625, 62.125, 7.625496865937439e-23, nan 
-41.375, 62.125, 6.607324336008735e-23, nan 
-41.125, 62.125, 9.822855153542814e-23, nan 
-40.875, 62.125, 4.847733074109835e-23, nan 
-40.625, 62.125, 5.1476724538504515e-23, nan 
-40.375, 62.125, 6.726842983177818e-23, nan 
-40.125, 62.125, 5.33245540768549e-23, nan 
-39.875, 62.125, 9.103870592411077e-23, nan 
-39.625, 62.125, 8.181162027873593e-23, nan 
-39.375, 62.125, 7.753650834711719e-23, nan 
-39.125, 62.125, 8.155463115854267e-23, nan 
-38.875, 62.125, 7.743505104154422e-23, nan 
-38.625, 62.125, 7.60547563227135e-23, nan 
-38.375, 62.125, 1.1222238628617195e-22, nan 
-38.125, 62.125, 1.311535451247174e-22, nan 
-37.875, 62.125, 9.522648643678025e-23, nan 
-37.625, 62.125, 1.6271963357512444e-22, nan 
-37.375, 62.125, 1.740932591979343e-22, nan 
-37.125, 62.125, 6.969132894507077e-23, nan 
-36.875, 62.125, 1.8762913419172366e-22, nan 
-36.625, 62.125, 2.841217876246859e-22, nan 
-36.375, 62.125, 1.524419896871029e-22, nan 
-36.125, 62.125, 1.6727289445683327e-22, nan 
-35.875, 62.125, 2.542465870339311e-22, nan 
-35.625, 62.125, 2.1028008273952756e-22, nan 
-35.375, 62.125, 2.0295080023594312e-22, nan 
-35.125, 62.125, 1.3672955096495818e-22, nan 
-34.875, 62.125, 1.4251864441434404e-22, nan 
-34.625, 62.125, 1.4922060865830376e-22, nan 
-34.375, 62.125, 7.300286908735915e-23, nan 
-34.125, 62.125, 1.2474570362818082e-22, nan 
-33.875, 62.125, 8.999825769111797e-23, nan 
-33.625, 62.125, 1.051946162675894e-22, nan 
-33.375, 62.125, 9.502738306179907e-23, nan 
-33.125, 62.125, 1.6698106580053586e-22, nan 
-32.875, 62.125, 3.775926614978319e-22, nan 
-32.625, 62.125, 5.185694146459737e-22, nan 
-32.375, 62.125, 4.1533680241282454e-22, nan 
-32.125, 62.125, 4.676953936250538e-22, nan 
-31.875, 62.125, 7.445217908950998e-22, nan 
-31.625, 62.125, 8.131567906155904e-22, nan 
-31.375, 62.125, 9.565328751517518e-22, nan 
-31.125, 62.125, 2.7931203825029575e-22, nan 
-30.875, 62.125, 5.982601300638101e-22, nan 
-30.625, 62.125, 5.744964760110912e-22, nan 
-30.375, 62.125, 3.7207737540346314e-22, nan 
-30.125, 62.125, 1.8492071672767875e-22, nan 
-29.875, 62.125, 2.5217713695077545e-22, nan 
-29.625, 62.125, 4.901419992658334e-22, nan 
-29.375, 62.125, 3.832211855042918e-22, nan 
-29.125, 62.125, 9.472227402351905e-22, nan 
-28.875, 62.125, 1.005218899282377e-21, nan 
-28.625, 62.125, 1.0634595573106785e-21, nan 
-28.375, 62.125, 8.157039155110756e-22, nan 
-28.125, 62.125, 5.176749719794663e-22, nan 
-27.875, 62.125, 5.059819071237685e-22, nan 
-27.625, 62.125, 6.459313816661813e-22, nan 
-27.375, 62.125, 4.796686444113796e-22, nan 
-27.125, 62.125, 7.218804091902956e-22, nan 
-26.875, 62.125, 4.890977305100578e-22, nan 
-26.625, 62.125, 1.18466920028883e-21, nan 
-26.375, 62.125, 1.6268706836234243e-21, nan 
-26.125, 62.125, 6.261012456190005e-22, nan 
-25.875, 62.125, 6.500721283701245e-22, nan 
-25.625, 62.125, 1.2177177171320626e-21, nan 
-25.375, 62.125, 1.120725514970668e-21, nan 
-25.125, 62.125, 8.090439731865726e-22, nan 
-24.875, 62.125, 1.4010925354748963e-21, nan 
-24.625, 62.125, 1.7342904234419615e-21, nan 
-24.375, 62.125, 1.3799312982606385e-21, nan 
-24.125, 62.125, 1.6285776373628689e-21, nan 
-23.875, 62.125, 1.6773861894735282e-21, nan 
-23.625, 62.125, 1.7383377405079368e-21, nan 
-23.375, 62.125, 2.558312773109767e-21, nan 
-23.125, 62.125, 9.001819796639715e-22, nan 
-22.875, 62.125, 1.0555505936046047e-21, nan 
-22.625, 62.125, 2.323229734487584e-21, nan 
-22.375, 62.125, 2.502371003060758e-21, nan 
-22.125, 62.125, 2.4905147419392246e-21, nan 
-21.875, 62.125, 1.6178334058687589e-21, nan 
-21.625, 62.125, 2.2494530436986817e-21, nan 
-21.375, 62.125, 1.6715102925321305e-21, nan 
-21.125, 62.125, 1.10636057064117e-21, nan 
-20.875, 62.125, 1.5675940418468222e-21, nan 
-20.625, 62.125, 1.4609276877394942e-21, nan 
-20.375, 62.125, 5.432425882448364e-22, nan 
-20.125, 62.125, 5.783735170794266e-22, nan 
-19.875, 62.125, 1.0183608984523188e-21, nan 
-19.625, 62.125, 1.0331380140149674e-21, nan 
-19.375, 62.125, 5.806662298912137e-22, nan 
-19.125, 62.125, 1.9285825201232378e-21, nan 
-18.875, 62.125, 1.3973573442326877e-21, nan 
-18.625, 62.125, 1.5853755963872808e-21, nan 
-18.375, 62.125, 1.7565834128875685e-21, nan 
-18.125, 62.125, 1.5119605617737749e-21, nan 
-17.875, 62.125, 2.061573046479392e-21, nan 
-17.625, 62.125, 1.736994049643061e-21, nan 
-17.375, 62.125, 1.4683436932565622e-21, nan 
-17.125, 62.125, 2.0877609531827366e-21, nan 
-16.875, 62.125, 2.963457573085586e-21, nan 
-16.625, 62.125, 4.492944069263657e-21, nan 
-16.375, 62.125, 3.0582992893568717e-21, nan 
-16.125, 62.125, 3.6820115992949935e-21, nan 
-15.875, 62.125, 6.779215594184137e-21, nan 
-15.625, 62.125, 3.051417243896767e-21, nan 
-15.375, 62.125, 2.9633445654670024e-21, nan 
-15.125, 62.125, 3.939447852726874e-21, nan 
-14.875, 62.125, 2.794051183113955e-21, nan 
-14.625, 62.125, 3.1868135041272058e-21, nan 
-14.375, 62.125, 3.3133779619858116e-21, nan 
-14.125, 62.125, 2.1400024456306742e-21, nan 
-13.875, 62.125, 1.8690833545373055e-21, nan 
-13.625, 62.125, 2.096003578479171e-21, nan 
-13.375, 62.125, 1.9922952508955353e-21, nan 
-13.125, 62.125, 1.9754945402951064e-21, nan 
-12.875, 62.125, 1.5563917977068967e-21, nan 
-12.625, 62.125, 9.287002101210496e-22, nan 
-12.375, 62.125, 8.50742253064318e-22, nan 
-79.625, 62.375, 4.6704701751743985e-23, nan 
-79.375, 62.375, 5.1574212771041746e-23, nan 
-79.125, 62.375, 5.294325517582715e-23, nan 
-78.875, 62.375, 6.051239565974139e-23, nan 
-78.625, 62.375, 5.571129222656804e-23, nan 
-78.375, 62.375, 5.577390675856569e-23, nan 
-78.125, 62.375, 5.606786048787487e-23, nan 
-77.875, 62.375, 4.7694359358295146e-23, nan 
-77.625, 62.375, 4.6069337807520795e-23, nan 
-77.375, 62.375, 4.2262934482334515e-23, nan 
-77.125, 62.375, 3.752865014997636e-23, nan 
-76.875, 62.375, 4.327254162111556e-23, nan 
-76.625, 62.375, 4.97186224748018e-23, nan 
-76.375, 62.375, 4.856368687141757e-23, nan 
-76.125, 62.375, 5.0148398005253547e-23, nan 
-75.875, 62.375, 4.6063959146362155e-23, nan 
-75.625, 62.375, 5.683284650310331e-23, nan 
-75.375, 62.375, 6.741360376982017e-23, nan 
-75.125, 62.375, 5.418373347297845e-23, nan 
-74.875, 62.375, 4.8601664218898255e-23, nan 
-74.625, 62.375, 6.2423220604376e-23, nan 
-74.375, 62.375, 7.419275642503196e-23, nan 
-74.125, 62.375, 5.992564011777147e-23, nan 
-73.875, 62.375, 5.450947354362538e-23, nan 
-73.625, 62.375, 5.65751905436991e-23, nan 
-73.375, 62.375, 5.521918529030069e-23, nan 
-73.125, 62.375, 6.305836720592185e-23, nan 
-72.875, 62.375, 6.88976501334779e-23, nan 
-72.625, 62.375, 6.972431389715996e-23, nan 
-72.375, 62.375, 8.200548364831178e-23, nan 
-72.125, 62.375, 6.866342400629998e-23, nan 
-71.875, 62.375, 6.078663933059604e-23, nan 
-71.625, 62.375, 6.992309875381907e-23, nan 
-71.375, 62.375, 5.917673184744079e-23, nan 
-71.125, 62.375, 6.401027459368841e-23, nan 
-70.875, 62.375, 7.26831133292737e-23, nan 
-70.625, 62.375, 7.998575520482561e-23, nan 
-70.375, 62.375, 6.696190150417335e-23, nan 
-70.125, 62.375, 5.524634024875571e-23, nan 
-69.875, 62.375, 5.374376577857231e-23, nan 
-69.625, 62.375, 5.724030785023592e-23, nan 
-69.375, 62.375, 5.35900924241448e-23, nan 
-69.125, 62.375, 5.527145278658819e-23, nan 
-68.875, 62.375, 5.049380959098882e-23, nan 
-68.625, 62.375, 4.924235887778616e-23, nan 
-68.375, 62.375, 3.8248629938365985e-23, nan 
-68.125, 62.375, 4.0126821052663743e-23, nan 
-67.875, 62.375, 4.3061005485502595e-23, nan 
-67.625, 62.375, 3.7245548011560835e-23, nan 
-67.375, 62.375, 4.5388768010298864e-23, nan 
-67.125, 62.375, 3.805102303278586e-23, nan 
-66.875, 62.375, 4.5866209227488514e-23, nan 
-66.625, 62.375, 5.141582215910026e-23, nan 
-66.375, 62.375, 4.3781474730219444e-23, nan 
-66.125, 62.375, 4.574360163908519e-23, nan 
-65.875, 62.375, 3.494969115671927e-23, nan 
-65.625, 62.375, 3.417315846953763e-23, nan 
-65.375, 62.375, 4.349161797490217e-23, nan 
-65.125, 62.375, 4.0713978228998253e-23, nan 
-64.875, 62.375, 4.172127977975621e-23, nan 
-64.625, 62.375, 4.111767154033026e-23, nan 
-64.375, 62.375, 5.758313420932098e-23, nan 
-64.125, 62.375, 6.118264650868668e-23, nan 
-63.875, 62.375, 4.370254930112549e-23, nan 
-63.625, 62.375, 4.393436039190591e-23, nan 
-63.375, 62.375, 4.3297266747726057e-23, nan 
-63.125, 62.375, 4.330987713532627e-23, nan 
-62.875, 62.375, 4.2632696955154954e-23, nan 
-62.625, 62.375, 4.6508462313842135e-23, nan 
-62.375, 62.375, 4.205529292295487e-23, nan 
-62.125, 62.375, 4.80505204915471e-23, nan 
-61.875, 62.375, 6.103360309115262e-23, nan 
-61.625, 62.375, 4.302724426376145e-23, nan 
-61.375, 62.375, 5.230099988793321e-23, nan 
-61.125, 62.375, 4.3028750467538346e-23, nan 
-60.875, 62.375, 5.165204681502164e-23, nan 
-60.625, 62.375, 4.043019945349516e-23, nan 
-60.375, 62.375, 4.248481316867754e-23, nan 
-60.125, 62.375, 3.3733266070158733e-23, nan 
-59.875, 62.375, 3.520939101337883e-23, nan 
-59.625, 62.375, 1.9191359528133653e-23, nan 
-59.375, 62.375, 4.0892526718094106e-23, nan 
-59.125, 62.375, 4.343692087627695e-23, nan 
-58.875, 62.375, 5.301770493121565e-23, nan 
-58.625, 62.375, 5.754703740899842e-23, nan 
-58.375, 62.375, 5.669469296787927e-23, nan 
-58.125, 62.375, 6.505069899634392e-23, nan 
-57.875, 62.375, 4.9578678020633195e-23, nan 
-57.625, 62.375, 5.386429060063706e-23, nan 
-57.375, 62.375, 4.268872594566364e-23, nan 
-57.125, 62.375, 3.049564078834892e-23, nan 
-56.875, 62.375, 2.2645471787993742e-23, nan 
-56.625, 62.375, 4.1942061191743e-23, nan 
-56.375, 62.375, 6.41845272059041e-23, nan 
-56.125, 62.375, 5.634187229131519e-23, nan 
-55.875, 62.375, 5.625335451297099e-23, nan 
-55.625, 62.375, 5.647193862477059e-23, nan 
-55.375, 62.375, 5.385418892371833e-23, nan 
-55.125, 62.375, 3.9317814289712845e-23, nan 
-54.875, 62.375, 3.983620250413492e-23, nan 
-54.625, 62.375, 4.2933889897221067e-23, nan 
-54.375, 62.375, 4.529540245409532e-23, nan 
-54.125, 62.375, 5.685157904763485e-23, nan 
-53.875, 62.375, 3.4505252385725024e-23, nan 
-53.625, 62.375, 2.541736194569941e-23, nan 
-53.375, 62.375, 2.3933434067714717e-23, nan 
-53.125, 62.375, 3.731837732004405e-23, nan 
-52.875, 62.375, 2.9862494242417764e-23, nan 
-52.625, 62.375, 2.773784003950717e-23, nan 
-52.375, 62.375, 3.932256870696694e-23, nan 
-52.125, 62.375, 3.2761127291825236e-23, nan 
-51.875, 62.375, 2.6656489078961905e-23, nan 
-51.625, 62.375, 2.9034250513020484e-23, nan 
-51.375, 62.375, 2.277621841066438e-23, nan 
-51.125, 62.375, 1.9587450282742138e-23, nan 
-50.875, 62.375, 9.00726488298618e-24, nan 
-50.625, 62.375, 2.0940031688261226e-23, nan 
-50.375, 62.375, 2.877141212505008e-23, nan 
-50.125, 62.375, 1.8882576443187682e-23, nan 
-49.875, 62.375, 2.5092152463616715e-23, nan 
-49.625, 62.375, 3.491122236384793e-23, nan 
-49.375, 62.375, 4.371514874403689e-23, nan 
-49.125, 62.375, 3.705235811754022e-23, nan 
-48.875, 62.375, 6.899917903157406e-23, nan 
-48.625, 62.375, 6.087804558144795e-23, nan 
-48.375, 62.375, 1.2881467828133634e-22, nan 
-48.125, 62.375, 1.1896685357701172e-22, nan 
-47.875, 62.375, 1.0130497264528896e-22, nan 
-47.625, 62.375, 1.2146200874705517e-22, nan 
-47.375, 62.375, 1.0859364043448898e-22, nan 
-47.125, 62.375, 1.0389944593426031e-22, nan 
-46.875, 62.375, 7.41254093328538e-23, nan 
-46.625, 62.375, 6.323568854390479e-23, nan 
-46.375, 62.375, 4.036701749685025e-23, nan 
-46.125, 62.375, 4.8285271492139543e-23, nan 
-45.875, 62.375, 4.6058534579322544e-23, nan 
-45.625, 62.375, 5.954896183872451e-23, nan 
-45.375, 62.375, 1.0345124898517759e-22, nan 
-45.125, 62.375, 7.563163832436505e-23, nan 
-44.875, 62.375, 6.84848217064452e-23, nan 
-44.625, 62.375, 7.499576842035973e-23, nan 
-44.375, 62.375, 2.801734815984947e-23, nan 
-44.125, 62.375, 6.54240623517881e-23, nan 
-43.875, 62.375, 6.810340963993043e-23, nan 
-43.625, 62.375, 5.145334148122783e-23, nan 
-43.375, 62.375, 3.6422333611852916e-23, nan 
-43.125, 62.375, 5.033081120032572e-23, nan 
-42.875, 62.375, 3.9254941763730914e-23, nan 
-42.625, 62.375, 4.05556452585132e-23, nan 
-42.375, 62.375, 4.2694097465224893e-23, nan 
-42.125, 62.375, 3.1878961420152005e-23, nan 
-41.875, 62.375, 8.494040440477846e-23, nan 
-41.625, 62.375, 1.4296439135769834e-22, nan 
-41.375, 62.375, 8.045255306753987e-23, nan 
-41.125, 62.375, 7.136408865295073e-23, nan 
-40.875, 62.375, 6.089987183193256e-23, nan 
-40.625, 62.375, 9.952727820064289e-23, nan 
-40.375, 62.375, 1.0532968761510956e-22, nan 
-40.125, 62.375, 1.0688694819415382e-22, nan 
-39.875, 62.375, 1.2286824794554212e-22, nan 
-39.625, 62.375, 1.0633156587422135e-22, nan 
-39.375, 62.375, 1.3654942449497062e-22, nan 
-39.125, 62.375, 5.1803010256176206e-23, nan 
-38.875, 62.375, 9.751852293772001e-23, nan 
-38.625, 62.375, 8.669179390210704e-23, nan 
-38.375, 62.375, 6.186270562051937e-23, nan 
-38.125, 62.375, 7.09071727961439e-23, nan 
-37.875, 62.375, 9.668489020470622e-23, nan 
-37.625, 62.375, 1.3717913779829898e-22, nan 
-37.375, 62.375, 1.6250349431469222e-22, nan 
-37.125, 62.375, 1.203139973150363e-22, nan 
-36.875, 62.375, 1.9487307797776793e-22, nan 
-36.625, 62.375, 2.2380668325922636e-22, nan 
-36.375, 62.375, 1.067174121638158e-22, nan 
-36.125, 62.375, 5.954456717708042e-23, nan 
-35.875, 62.375, 1.218768391990513e-22, nan 
-35.625, 62.375, 1.4643596392254658e-22, nan 
-35.375, 62.375, 1.880196519774043e-22, nan 
-35.125, 62.375, 3.120661995435529e-22, nan 
-34.875, 62.375, 4.241167113421583e-22, nan 
-34.625, 62.375, 2.0696875840489123e-22, nan 
-34.375, 62.375, 2.1356410325746272e-22, nan 
-34.125, 62.375, 1.7248309393475003e-22, nan 
-33.875, 62.375, 1.0321769155735911e-22, nan 
-33.625, 62.375, 8.280962356356752e-23, nan 
-33.375, 62.375, 2.218496963984701e-22, nan 
-33.125, 62.375, 2.1494987157839544e-22, nan 
-32.875, 62.375, 2.2119443502420693e-22, nan 
-32.625, 62.375, 2.2199079442896276e-22, nan 
-32.375, 62.375, 1.9572454137246465e-22, nan 
-32.125, 62.375, 3.815147871516666e-22, nan 
-31.875, 62.375, 6.251066097127878e-22, nan 
-31.625, 62.375, 5.998844670562674e-22, nan 
-31.375, 62.375, 5.31955600471433e-22, nan 
-31.125, 62.375, 6.425501724951731e-22, nan 
-30.875, 62.375, 8.466206049347871e-22, nan 
-30.625, 62.375, 1.0286481961842253e-21, nan 
-30.375, 62.375, 1.4526441645814641e-21, nan 
-30.125, 62.375, 8.268833785666589e-22, nan 
-29.875, 62.375, 7.33725212125711e-22, nan 
-29.625, 62.375, 8.3019132174274815e-22, nan 
-29.375, 62.375, 7.882790127077594e-22, nan 
-29.125, 62.375, 1.7464654295607335e-21, nan 
-28.875, 62.375, 1.026085205944135e-21, nan 
-28.625, 62.375, 7.403195173890485e-22, nan 
-28.375, 62.375, 1.1992782733988203e-21, nan 
-28.125, 62.375, 7.175611821594708e-22, nan 
-27.875, 62.375, 6.253862687509219e-22, nan 
-27.625, 62.375, 5.796529702876409e-22, nan 
-27.375, 62.375, 2.8256253938372334e-22, nan 
-27.125, 62.375, 4.925464349494477e-22, nan 
-26.875, 62.375, 7.012888865120262e-22, nan 
-26.625, 62.375, 9.839915795672313e-22, nan 
-26.375, 62.375, 1.3268752076018664e-21, nan 
-26.125, 62.375, 6.8600081788219405e-22, nan 
-25.875, 62.375, 4.939394499708091e-22, nan 
-25.625, 62.375, 1.1531523191319712e-21, nan 
-25.375, 62.375, 1.8540597567030008e-21, nan 
-25.125, 62.375, 1.804155658444264e-21, nan 
-24.875, 62.375, 1.3973870056067012e-21, nan 
-24.625, 62.375, 2.079840534368412e-21, nan 
-24.375, 62.375, 2.0033076145934115e-21, nan 
-24.125, 62.375, 2.2727011980199565e-21, nan 
-23.875, 62.375, 3.62134223626871e-21, nan 
-23.625, 62.375, 3.695135132394981e-21, nan 
-23.375, 62.375, 6.156488097007848e-21, nan 
-23.125, 62.375, 2.0624340337578812e-21, nan 
-22.875, 62.375, 2.644021416030545e-21, nan 
-22.625, 62.375, 4.386308250140029e-21, nan 
-22.375, 62.375, 9.053503455188035e-22, nan 
-22.125, 62.375, 1.158529035436469e-21, nan 
-21.875, 62.375, 2.7964622607098874e-21, nan 
-21.625, 62.375, 2.681206304770718e-21, nan 
-21.375, 62.375, 1.8656414497023134e-21, nan 
-21.125, 62.375, 2.3470411276054137e-21, nan 
-20.875, 62.375, 2.7283721637703405e-21, nan 
-20.625, 62.375, 1.6835159242955076e-21, nan 
-20.375, 62.375, 1.3087265321189925e-21, nan 
-20.125, 62.375, 1.6623047506857573e-21, nan 
-19.875, 62.375, 1.3922918782435663e-21, nan 
-19.625, 62.375, 1.3613115309076286e-21, nan 
-19.375, 62.375, 1.1677672168491254e-21, nan 
-19.125, 62.375, 8.871282052390068e-22, nan 
-18.875, 62.375, 1.5983611847763917e-21, nan 
-18.625, 62.375, 1.9774723168388837e-21, nan 
-18.375, 62.375, 1.6811040988627983e-21, nan 
-18.125, 62.375, 1.928634083336009e-21, nan 
-17.875, 62.375, 3.234822564441866e-21, nan 
-17.625, 62.375, 2.9641077561496045e-21, nan 
-17.375, 62.375, 2.4129331671867804e-21, nan 
-17.125, 62.375, 2.483380132088292e-21, nan 
-16.875, 62.375, 3.9395720693452566e-21, nan 
-16.625, 62.375, 2.7110899491529837e-21, nan 
-16.375, 62.375, 2.621169781325208e-21, nan 
-16.125, 62.375, 2.4418022080799853e-21, nan 
-15.875, 62.375, 4.157797874511791e-21, nan 
-15.625, 62.375, 2.849140492310813e-21, nan 
-15.375, 62.375, 2.9944463497835975e-21, nan 
-15.125, 62.375, 2.0084715684252315e-21, nan 
-14.875, 62.375, 2.0993562324539843e-21, nan 
-14.625, 62.375, 1.7139268017049108e-21, nan 
-14.375, 62.375, 1.8270095745141248e-21, nan 
-14.125, 62.375, 1.712545177845119e-21, nan 
-13.875, 62.375, 1.2780172893511088e-21, nan 
-13.625, 62.375, 1.4528834084256415e-21, nan 
-13.375, 62.375, 1.988670712707983e-21, nan 
-13.125, 62.375, 2.1512635459411597e-21, nan 
-12.875, 62.375, 1.699670998030736e-21, nan 
-12.625, 62.375, 1.5866319828585702e-21, nan 
-12.375, 62.375, 1.2760273232342243e-21, nan 
-12.125, 62.375, 1.081482738146241e-21, nan 
-11.875, 62.375, 8.358719429876453e-22, nan 
-11.625, 62.375, 7.863295258979326e-22, nan 
-80.125, 62.625, 4.937232807528861e-23, nan 
-79.875, 62.625, 5.60500996925858e-23, nan 
-79.625, 62.625, 5.618882757918007e-23, nan 
-79.375, 62.625, 5.727987954070225e-23, nan 
-79.125, 62.625, 5.491046952681717e-23, nan 
-78.875, 62.625, 6.021954050450317e-23, nan 
-78.625, 62.625, 5.0939357312657426e-23, nan 
-78.375, 62.625, 4.381140960622716e-23, nan 
-78.125, 62.625, 5.466114115410995e-23, nan 
-77.875, 62.625, 4.7819147535426787e-23, nan 
-77.625, 62.625, 5.42996504890204e-23, nan 
-77.375, 62.625, 5.620053603868436e-23, nan 
-77.125, 62.625, 5.2909637643445966e-23, nan 
-76.875, 62.625, 4.6426251315064623e-23, nan 
-76.625, 62.625, 4.8922567561626305e-23, nan 
-76.375, 62.625, 6.288725885884036e-23, nan 
-76.125, 62.625, 6.6095045747715e-23, nan 
-75.875, 62.625, 6.758536212103435e-23, nan 
-75.625, 62.625, 6.653677472428137e-23, nan 
-75.375, 62.625, 7.32573884038988e-23, nan 
-75.125, 62.625, 7.98188083736298e-23, nan 
-74.875, 62.625, 6.286326012919194e-23, nan 
-74.625, 62.625, 5.959526740620195e-23, nan 
-74.375, 62.625, 7.958600386792641e-23, nan 
-74.125, 62.625, 6.924106530307724e-23, nan 
-73.875, 62.625, 6.212222158679023e-23, nan 
-73.625, 62.625, 7.639394381223064e-23, nan 
-73.375, 62.625, 6.590281935708837e-23, nan 
-73.125, 62.625, 7.79014467093628e-23, nan 
-72.875, 62.625, 7.662049075717069e-23, nan 
-72.625, 62.625, 6.70313776050879e-23, nan 
-72.375, 62.625, 8.618162549794542e-23, nan 
-72.125, 62.625, 7.253193702186965e-23, nan 
-71.875, 62.625, 6.874127756393091e-23, nan 
-71.625, 62.625, 6.35464315965352e-23, nan 
-71.375, 62.625, 7.278285721222394e-23, nan 
-71.125, 62.625, 6.779377749621115e-23, nan 
-70.875, 62.625, 5.0524821842648473e-23, nan 
-70.625, 62.625, 8.94398065338646e-23, nan 
-70.375, 62.625, 6.59051178131787e-23, nan 
-70.125, 62.625, 6.176966470734225e-23, nan 
-69.875, 62.625, 6.455819020700883e-23, nan 
-69.625, 62.625, 6.001005741020519e-23, nan 
-69.375, 62.625, 4.849560081617162e-23, nan 
-69.125, 62.625, 3.860476825095748e-23, nan 
-68.875, 62.625, 4.041261482658223e-23, nan 
-68.625, 62.625, 4.243729323039519e-23, nan 
-68.375, 62.625, 3.960956038299369e-23, nan 
-68.125, 62.625, 4.402853481622616e-23, nan 
-67.875, 62.625, 4.480803703396921e-23, nan 
-67.625, 62.625, 4.1615003287642213e-23, nan 
-67.375, 62.625, 4.4945357920830135e-23, nan 
-67.125, 62.625, 4.702343152952512e-23, nan 
-66.875, 62.625, 5.569400527357718e-23, nan 
-66.625, 62.625, 5.353201410916802e-23, nan 
-66.375, 62.625, 5.426867677638512e-23, nan 
-66.125, 62.625, 5.347991982040681e-23, nan 
-65.875, 62.625, 5.693119395277601e-23, nan 
-65.625, 62.625, 4.734318466871833e-23, nan 
-65.375, 62.625, 4.360780301277207e-23, nan 
-65.125, 62.625, 5.957307220482288e-23, nan 
-64.875, 62.625, 5.970063864548126e-23, nan 
-64.625, 62.625, 5.393987706260203e-23, nan 
-64.375, 62.625, 5.593184031464324e-23, nan 
-64.125, 62.625, 4.7809978344481195e-23, nan 
-63.875, 62.625, 5.547695984621083e-23, nan 
-63.625, 62.625, 5.862454917864989e-23, nan 
-63.375, 62.625, 5.805974912195813e-23, nan 
-63.125, 62.625, 5.85408131150866e-23, nan 
-62.875, 62.625, 5.815377848516668e-23, nan 
-62.625, 62.625, 4.7756354400095103e-23, nan 
-62.375, 62.625, 4.3569852333762124e-23, nan 
-62.125, 62.625, 5.0365772306354955e-23, nan 
-61.875, 62.625, 5.222700664415135e-23, nan 
-61.625, 62.625, 6.20657097316319e-23, nan 
-61.375, 62.625, 2.943587436389356e-23, nan 
-61.125, 62.625, 3.4682464119718736e-23, nan 
-60.875, 62.625, 4.438069648147659e-23, nan 
-60.625, 62.625, 1.7674804702190214e-23, nan 
-60.375, 62.625, 2.5639017773104065e-23, nan 
-60.125, 62.625, 2.3434058090380553e-23, nan 
-59.875, 62.625, 2.5449072379709292e-23, nan 
-59.625, 62.625, 5.1876053576786776e-23, nan 
-59.375, 62.625, 6.33285042144211e-23, nan 
-59.125, 62.625, 4.0514923425263496e-23, nan 
-58.875, 62.625, 7.380967118580295e-23, nan 
-58.625, 62.625, 8.238549585335813e-23, nan 
-58.375, 62.625, 6.624207461504151e-23, nan 
-58.125, 62.625, 6.283083943721642e-23, nan 
-57.875, 62.625, 6.294382347440437e-23, nan 
-57.625, 62.625, 5.476980712074582e-23, nan 
-57.375, 62.625, 3.759246820790006e-23, nan 
-57.125, 62.625, 3.3758736945202064e-23, nan 
-56.875, 62.625, 4.551718909522383e-23, nan 
-56.625, 62.625, 4.637852516754228e-23, nan 
-56.375, 62.625, 5.930832878782025e-23, nan 
-56.125, 62.625, 6.339318202355339e-23, nan 
-55.875, 62.625, 4.63466170453309e-23, nan 
-55.625, 62.625, 3.0429271885857203e-23, nan 
-55.375, 62.625, 2.720563574480998e-23, nan 
-55.125, 62.625, 4.1835321837842455e-23, nan 
-54.875, 62.625, 4.2552487394084605e-23, nan 
-54.625, 62.625, 3.9279774642032284e-23, nan 
-54.375, 62.625, 3.7850857146414974e-23, nan 
-54.125, 62.625, 4.3763996187775515e-23, nan 
-53.875, 62.625, 4.8121816200584183e-23, nan 
-53.625, 62.625, 4.5897568089946624e-23, nan 
-53.375, 62.625, 3.460678771842566e-23, nan 
-53.125, 62.625, 4.613850404393757e-23, nan 
-52.875, 62.625, 4.698651678558699e-23, nan 
-52.625, 62.625, 2.5664442024422527e-23, nan 
-52.375, 62.625, 3.8570094455607354e-23, nan 
-52.125, 62.625, 2.4682058765013194e-23, nan 
-51.875, 62.625, 1.5903812667439435e-23, nan 
-51.625, 62.625, 2.2976122315165886e-23, nan 
-51.375, 62.625, 2.104451825965593e-23, nan 
-51.125, 62.625, 2.6663732528366466e-23, nan 
-50.875, 62.625, 2.3290531193666013e-23, nan 
-50.625, 62.625, 1.735845649975247e-23, nan 
-50.375, 62.625, 2.2258517642675424e-23, nan 
-50.125, 62.625, 2.3056651766827845e-23, nan 
-49.875, 62.625, 2.271669518909495e-23, nan 
-49.625, 62.625, 1.189651354062616e-23, nan 
-49.375, 62.625, 1.0077753078284243e-23, nan 
-49.125, 62.625, 3.156103802964945e-23, nan 
-48.875, 62.625, 5.502638936852715e-23, nan 
-48.625, 62.625, 8.765336645978645e-23, nan 
-48.375, 62.625, 1.2470329647937998e-22, nan 
-48.125, 62.625, 1.202763943062996e-22, nan 
-47.875, 62.625, 1.0836278863862637e-22, nan 
-47.625, 62.625, 8.371296951302386e-23, nan 
-47.375, 62.625, 6.469954706937318e-23, nan 
-47.125, 62.625, 6.655624348838946e-23, nan 
-46.875, 62.625, 6.279570469622498e-23, nan 
-46.625, 62.625, 6.944800336165398e-23, nan 
-46.375, 62.625, 3.0189419424982623e-23, nan 
-46.125, 62.625, 3.1435849353144827e-23, nan 
-45.875, 62.625, 5.017605246342893e-23, nan 
-45.625, 62.625, 9.072024102619806e-23, nan 
-45.375, 62.625, 1.2459528774087005e-22, nan 
-45.125, 62.625, 8.268823620967577e-23, nan 
-44.875, 62.625, 1.2277286658790753e-22, nan 
-44.625, 62.625, 1.847468413379535e-22, nan 
-44.375, 62.625, 9.758367125658707e-23, nan 
-44.125, 62.625, 6.092474409732401e-23, nan 
-43.875, 62.625, 1.1740991699872138e-22, nan 
-43.625, 62.625, 7.514184061106178e-23, nan 
-43.375, 62.625, 3.6489909544776725e-23, nan 
-43.125, 62.625, 3.9142271742372534e-23, nan 
-42.875, 62.625, 2.0565422593004333e-23, nan 
-42.625, 62.625, 4.2708889953549513e-23, nan 
-42.375, 62.625, 1.1265982524872639e-22, nan 
-42.125, 62.625, 5.232020629552556e-23, nan 
-41.875, 62.625, 1.0430312322476095e-22, nan 
-41.625, 62.625, 2.1261854555294177e-22, nan 
-41.375, 62.625, 1.1279131789637974e-22, nan 
-41.125, 62.625, 9.209197884093743e-23, nan 
-40.875, 62.625, 1.0830536003166193e-22, nan 
-40.625, 62.625, 1.3815031210482485e-22, nan 
-40.375, 62.625, 1.579569683109573e-22, nan 
-40.125, 62.625, 1.7936254478717834e-22, nan 
-39.875, 62.625, 1.8463999281871922e-22, nan 
-39.625, 62.625, 2.4921007481456303e-22, nan 
-39.375, 62.625, 1.5570730089276132e-22, nan 
-39.125, 62.625, 1.969837828882795e-22, nan 
-38.875, 62.625, 1.1780547299441608e-22, nan 
-38.625, 62.625, 5.931753867557615e-23, nan 
-38.375, 62.625, 8.608374541640918e-23, nan 
-38.125, 62.625, 1.0039856122909664e-22, nan 
-37.875, 62.625, 8.348971059498783e-23, nan 
-37.625, 62.625, 8.584719192294051e-23, nan 
-37.375, 62.625, 1.1050897022112e-22, nan 
-37.125, 62.625, 1.301989518494042e-22, nan 
-36.875, 62.625, 1.837061419539982e-22, nan 
-36.625, 62.625, 1.906217965674387e-22, nan 
-36.375, 62.625, 1.1639725812246308e-22, nan 
-36.125, 62.625, 1.164661201844342e-22, nan 
-35.875, 62.625, 2.2697042131374817e-22, nan 
-35.625, 62.625, 2.7120069725818633e-22, nan 
-35.375, 62.625, 2.180489780151231e-22, nan 
-35.125, 62.625, 3.602522022624371e-22, nan 
-34.875, 62.625, 5.294573194731512e-22, nan 
-34.625, 62.625, 2.447962195349875e-22, nan 
-34.375, 62.625, 1.873493922774468e-22, nan 
-34.125, 62.625, 1.716181924469777e-22, nan 
-33.875, 62.625, 1.6910089753775247e-22, nan 
-33.625, 62.625, 2.168062665960339e-22, nan 
-33.375, 62.625, 2.3482478186246694e-22, nan 
-33.125, 62.625, 2.4087536581952085e-22, nan 
-32.875, 62.625, 1.9077426817961408e-22, nan 
-32.625, 62.625, 6.295188127769275e-23, nan 
-32.375, 62.625, 2.2246098372746644e-22, nan 
-32.125, 62.625, 3.38309093678689e-22, nan 
-31.875, 62.625, 3.454089042308075e-22, nan 
-31.625, 62.625, 2.516642392996184e-22, nan 
-31.375, 62.625, 4.0175913226786896e-22, nan 
-31.125, 62.625, 5.186392269235932e-22, nan 
-30.875, 62.625, 7.01116681759962e-22, nan 
-30.625, 62.625, 1.0408834302392966e-21, nan 
-30.375, 62.625, 1.538151408326868e-21, nan 
-30.125, 62.625, 1.12961843978038e-21, nan 
-29.875, 62.625, 8.966043247575652e-22, nan 
-29.625, 62.625, 8.806338070862684e-22, nan 
-29.375, 62.625, 9.239701821138543e-22, nan 
-29.125, 62.625, 1.0855688064730814e-21, nan 
-28.875, 62.625, 6.564686608361044e-22, nan 
-28.625, 62.625, 4.597916247073978e-22, nan 
-28.375, 62.625, 3.860157938048072e-22, nan 
-28.125, 62.625, 2.8202449968533793e-22, nan 
-27.875, 62.625, 4.5517262507063275e-22, nan 
-27.625, 62.625, 4.877153256707854e-22, nan 
-27.375, 62.625, 2.3297379501834896e-22, nan 
-27.125, 62.625, 4.610692865167717e-22, nan 
-26.875, 62.625, 6.962660487200063e-22, nan 
-26.625, 62.625, 1.6755706385047284e-22, nan 
-26.375, 62.625, 7.816410938475166e-22, nan 
-26.125, 62.625, 1.2394630872056915e-21, nan 
-25.875, 62.625, 1.6760194182963713e-21, nan 
-25.625, 62.625, 1.6193413875833442e-21, nan 
-25.375, 62.625, 2.06769149256503e-21, nan 
-25.125, 62.625, 2.237449507323117e-21, nan 
-24.875, 62.625, 1.2265333655224934e-21, nan 
-24.625, 62.625, 5.709011163727483e-22, nan 
-24.375, 62.625, 7.479916429165815e-22, nan 
-24.125, 62.625, 7.389756411223236e-22, nan 
-23.875, 62.625, 2.90811824275556e-21, nan 
-23.625, 62.625, 2.9292666410741143e-21, nan 
-23.375, 62.625, 4.4058041891856065e-21, nan 
-23.125, 62.625, 3.18445620403861e-21, nan 
-22.875, 62.625, 1.6892604692079092e-21, nan 
-22.625, 62.625, 2.596875970201456e-21, nan 
-22.375, 62.625, 2.4257418797310327e-21, nan 
-22.125, 62.625, 1.762741313737967e-21, nan 
-21.875, 62.625, 3.199767431859385e-21, nan 
-21.625, 62.625, 3.4149337964104196e-21, nan 
-21.375, 62.625, 2.7884876092385203e-21, nan 
-21.125, 62.625, 2.7153585914380376e-21, nan 
-20.875, 62.625, 2.821540782253457e-21, nan 
-20.625, 62.625, 2.203716735344808e-21, nan 
-20.375, 62.625, 2.1547687472581525e-21, nan 
-20.125, 62.625, 2.711620582021023e-21, nan 
-19.875, 62.625, 2.1713401646802174e-21, nan 
-19.625, 62.625, 1.6815741990234758e-21, nan 
-19.375, 62.625, 3.0720719373474225e-21, nan 
-19.125, 62.625, 8.616531505403704e-22, nan 
-18.875, 62.625, 1.3236338031736392e-21, nan 
-18.625, 62.625, 1.8888719764420703e-21, nan 
-18.375, 62.625, 7.699509561416351e-22, nan 
-18.125, 62.625, 1.9258357709774296e-21, nan 
-17.875, 62.625, 3.399565332209601e-21, nan 
-17.625, 62.625, 1.9211568797910786e-21, nan 
-17.375, 62.625, 3.1800965568888633e-21, nan 
-17.125, 62.625, 3.598068228281436e-21, nan 
-16.875, 62.625, 3.855908948314651e-21, nan 
-16.625, 62.625, 4.328867909685941e-21, nan 
-16.375, 62.625, 4.2648907593446206e-21, nan 
-16.125, 62.625, 4.181051009880313e-21, nan 
-15.875, 62.625, 2.5806605118090833e-21, nan 
-15.625, 62.625, 6.248412676578297e-21, nan 
-15.375, 62.625, 6.371034219111222e-21, nan 
-15.125, 62.625, 2.334140620463224e-21, nan 
-14.875, 62.625, 2.058391091860146e-21, nan 
-14.625, 62.625, 2.7685558207924485e-21, nan 
-14.375, 62.625, 1.2484990572782318e-21, nan 
-14.125, 62.625, 2.1299602034921458e-21, nan 
-13.875, 62.625, 1.6288087666452277e-21, nan 
-13.625, 62.625, 2.5206640680630017e-21, nan 
-13.375, 62.625, 3.3877110741478066e-21, nan 
-13.125, 62.625, 2.0333520377922022e-21, nan 
-12.875, 62.625, 1.4747124405581606e-21, nan 
-12.625, 62.625, 1.8630024033792802e-21, nan 
-12.375, 62.625, 1.4192935645400951e-21, nan 
-12.125, 62.625, 1.2853266666217282e-21, nan 
-11.875, 62.625, 1.3276276181315941e-21, nan 
-11.625, 62.625, 7.569804683700259e-22, nan 
-11.375, 62.625, 2.511814375402537e-21, nan 
-11.125, 62.625, 1.733163093817628e-21, nan 
-10.875, 62.625, 1.8168610510022033e-21, nan 
-80.375, 62.875, 6.519714925157559e-23, nan 
-80.125, 62.875, 6.261639594221125e-23, nan 
-79.875, 62.875, 6.26551617110118e-23, nan 
-79.625, 62.875, 6.818319508257384e-23, nan 
-79.375, 62.875, 7.161409623653892e-23, nan 
-79.125, 62.875, 6.146279738334796e-23, nan 
-78.875, 62.875, 5.687459776914485e-23, nan 
-78.625, 62.875, 5.07906989168037e-23, nan 
-78.375, 62.875, 4.948658119647707e-23, nan 
-78.125, 62.875, 4.8260155478116643e-23, nan 
-77.875, 62.875, 5.635405909232404e-23, nan 
-77.625, 62.875, 6.023906428449497e-23, nan 
-77.375, 62.875, 5.586324272329901e-23, nan 
-77.125, 62.875, 5.324295112936822e-23, nan 
-76.875, 62.875, 4.599743336427771e-23, nan 
-76.625, 62.875, 5.562579159591244e-23, nan 
-76.375, 62.875, 6.916986095519283e-23, nan 
-76.125, 62.875, 7.084133117019773e-23, nan 
-75.875, 62.875, 7.843263235881623e-23, nan 
-75.625, 62.875, 6.931767026116547e-23, nan 
-75.375, 62.875, 6.150655609348323e-23, nan 
-75.125, 62.875, 6.65827255778958e-23, nan 
-74.875, 62.875, 7.465735473228626e-23, nan 
-74.625, 62.875, 6.702833221824398e-23, nan 
-74.375, 62.875, 7.62163494094599e-23, nan 
-74.125, 62.875, 7.549868972646361e-23, nan 
-73.875, 62.875, 8.145435479824323e-23, nan 
-73.625, 62.875, 7.443868185886088e-23, nan 
-73.375, 62.875, 6.166817236913829e-23, nan 
-73.125, 62.875, 6.60802877029044e-23, nan 
-72.875, 62.875, 5.592056895818682e-23, nan 
-72.625, 62.875, 5.653003144427857e-23, nan 
-72.375, 62.875, 5.2354402457951544e-23, nan 
-72.125, 62.875, 6.02994287263403e-23, nan 
-71.875, 62.875, 6.896556156492815e-23, nan 
-71.625, 62.875, 6.477789250544404e-23, nan 
-71.375, 62.875, 5.2597501780929346e-23, nan 
-71.125, 62.875, 4.983346769918587e-23, nan 
-70.875, 62.875, 6.389859547084004e-23, nan 
-70.625, 62.875, 8.69380172257637e-23, nan 
-70.375, 62.875, 6.32752966370013e-23, nan 
-70.125, 62.875, 7.236518995714854e-23, nan 
-69.875, 62.875, 8.383968931961102e-23, nan 
-69.625, 62.875, 6.88976248899606e-23, nan 
-69.375, 62.875, 6.160581142762477e-23, nan 
-69.125, 62.875, 6.316524697074822e-23, nan 
-68.875, 62.875, 6.001735542367293e-23, nan 
-68.625, 62.875, 4.474856917782585e-23, nan 
-68.375, 62.875, 4.668599574324345e-23, nan 
-68.125, 62.875, 4.6604996728983605e-23, nan 
-67.875, 62.875, 5.9315512182663e-23, nan 
-67.625, 62.875, 5.559434225979938e-23, nan 
-67.375, 62.875, 5.950150318385533e-23, nan 
-67.125, 62.875, 6.418394455966602e-23, nan 
-66.875, 62.875, 6.73363716811019e-23, nan 
-66.625, 62.875, 6.928618473763e-23, nan 
-66.375, 62.875, 7.365837535478877e-23, nan 
-66.125, 62.875, 6.242636114561426e-23, nan 
-65.875, 62.875, 6.87355884457177e-23, nan 
-65.625, 62.875, 6.274002866084755e-23, nan 
-65.375, 62.875, 6.226361250957419e-23, nan 
-65.125, 62.875, 6.393763468280973e-23, nan 
-64.875, 62.875, 6.049261448859918e-23, nan 
-64.625, 62.875, 5.9551628040613e-23, nan 
-64.375, 62.875, 5.372524470755941e-23, nan 
-64.125, 62.875, 6.539269932784019e-23, nan 
-63.875, 62.875, 5.99099891641489e-23, nan 
-63.625, 62.875, 6.838230744594485e-23, nan 
-63.375, 62.875, 6.918992746366792e-23, nan 
-63.125, 62.875, 5.584383682818994e-23, nan 
-62.875, 62.875, 5.849340403952074e-23, nan 
-62.625, 62.875, 5.1115846540303205e-23, nan 
-62.375, 62.875, 4.194122164067096e-23, nan 
-62.125, 62.875, 4.0831743802219727e-23, nan 
-61.875, 62.875, 6.220751502306675e-23, nan 
-61.625, 62.875, 6.379214288489104e-23, nan 
-61.375, 62.875, 2.1060088486828143e-23, nan 
-61.125, 62.875, 2.1426421949309362e-23, nan 
-60.875, 62.875, 2.0031227286487474e-23, nan 
-60.625, 62.875, 2.995635313870651e-23, nan 
-60.375, 62.875, 3.9517868798449346e-23, nan 
-60.125, 62.875, 3.5358415883542196e-23, nan 
-59.875, 62.875, 2.901829827696944e-23, nan 
-59.625, 62.875, 6.194669818123145e-23, nan 
-59.375, 62.875, 7.4848563510486e-23, nan 
-59.125, 62.875, 6.068109310265704e-23, nan 
-58.875, 62.875, 6.52448135432495e-23, nan 
-58.625, 62.875, 8.725298711972742e-23, nan 
-58.375, 62.875, 8.25959713664365e-23, nan 
-58.125, 62.875, 5.082277766113545e-23, nan 
-57.875, 62.875, 4.640669411000079e-23, nan 
-57.625, 62.875, 5.0916183915529475e-23, nan 
-57.375, 62.875, 3.5776306258083645e-23, nan 
-57.125, 62.875, 3.9266070535156e-23, nan 
-56.875, 62.875, 5.218485058276261e-23, nan 
-56.625, 62.875, 5.2009196951652235e-23, nan 
-56.375, 62.875, 4.26962071816704e-23, nan 
-56.125, 62.875, 4.8744323433850186e-23, nan 
-55.875, 62.875, 4.614301714546875e-23, nan 
-55.625, 62.875, 3.4218153992241225e-23, nan 
-55.375, 62.875, 2.5789695800972746e-23, nan 
-55.125, 62.875, 3.4687887956600483e-23, nan 
-54.875, 62.875, 4.6705515170471657e-23, nan 
-54.625, 62.875, 5.162877118324154e-23, nan 
-54.375, 62.875, 3.6588803378838466e-23, nan 
-54.125, 62.875, 4.884345474013037e-23, nan 
-53.875, 62.875, 5.987199560725978e-23, nan 
-53.625, 62.875, 5.771736943894296e-23, nan 
-53.375, 62.875, 4.2316369631254984e-23, nan 
-53.125, 62.875, 4.0969805865610397e-23, nan 
-52.875, 62.875, 4.076570349569892e-23, nan 
-52.625, 62.875, 2.761789834311666e-23, nan 
-52.375, 62.875, 3.785944643865103e-23, nan 
-52.125, 62.875, 4.287692984379569e-23, nan 
-51.875, 62.875, 2.0634962384326887e-23, nan 
-51.625, 62.875, 2.466359956131295e-23, nan 
-51.375, 62.875, 3.977206095394251e-23, nan 
-51.125, 62.875, 2.993501850943416e-23, nan 
-50.875, 62.875, 2.9361206082136146e-23, nan 
-50.625, 62.875, 2.6327018330099695e-23, nan 
-50.375, 62.875, 2.1181412514618076e-23, nan 
-50.125, 62.875, 2.7780204904737105e-23, nan 
-49.875, 62.875, 1.8245471512312614e-23, nan 
-49.625, 62.875, 1.2345431026707905e-23, nan 
-49.375, 62.875, 2.183136027461495e-23, nan 
-49.125, 62.875, 6.746722500784437e-23, nan 
-48.875, 62.875, 1.1673001860328554e-22, nan 
-48.625, 62.875, 1.1367169674442535e-22, nan 
-48.375, 62.875, 9.742960049482901e-23, nan 
-48.125, 62.875, 9.641084616511305e-23, nan 
-47.875, 62.875, 8.526839375017523e-23, nan 
-47.625, 62.875, 5.185755902994601e-23, nan 
-47.375, 62.875, 5.307430495576155e-23, nan 
-47.125, 62.875, 5.550090899241093e-23, nan 
-46.875, 62.875, 5.1635137027394714e-23, nan 
-46.625, 62.875, 4.4561549756554875e-23, nan 
-46.375, 62.875, 3.3319626706152937e-23, nan 
-46.125, 62.875, 2.7743924877513337e-23, nan 
-45.875, 62.875, 1.8774202328559447e-23, nan 
-45.625, 62.875, 2.889725209487114e-23, nan 
-45.375, 62.875, 4.096996305966203e-23, nan 
-45.125, 62.875, 5.86214226082148e-23, nan 
-44.875, 62.875, 9.225683786252746e-23, nan 
-44.625, 62.875, 1.4280389427563252e-22, nan 
-44.375, 62.875, 9.262815387588622e-23, nan 
-44.125, 62.875, 3.866551439507831e-23, nan 
-43.875, 62.875, 4.781165205695031e-23, nan 
-43.625, 62.875, 5.324408275656471e-23, nan 
-43.375, 62.875, 3.463065143186809e-23, nan 
-43.125, 62.875, 2.7987796566897674e-23, nan 
-42.875, 62.875, 3.2407860287668803e-23, nan 
-42.625, 62.875, 2.1126726988440487e-23, nan 
-42.375, 62.875, 6.992574441264535e-23, nan 
-42.125, 62.875, 5.716346616074686e-23, nan 
-41.875, 62.875, 4.7549816209661776e-23, nan 
-41.625, 62.875, 1.0267004678238538e-22, nan 
-41.375, 62.875, 7.690962659160639e-23, nan 
-41.125, 62.875, 9.24689361430399e-23, nan 
-40.875, 62.875, 9.271763058707522e-23, nan 
-40.625, 62.875, 1.269960395498046e-22, nan 
-40.375, 62.875, 2.229489745362246e-23, nan 
-40.125, 62.875, 1.8761057032652251e-22, nan 
-39.875, 62.875, 7.773029844247755e-22, nan 
-39.625, 62.875, 2.4822317165613616e-22, nan 
-39.375, 62.875, 2.1002195473277126e-22, nan 
-39.125, 62.875, 2.201208811424798e-22, nan 
-38.875, 62.875, 1.5645261016848448e-22, nan 
-38.625, 62.875, 1.182994720586098e-22, nan 
-38.375, 62.875, 9.582115563563957e-23, nan 
-38.125, 62.875, 7.618395971654282e-23, nan 
-37.875, 62.875, 1.0910197920476431e-22, nan 
-37.625, 62.875, 7.12552952097317e-23, nan 
-37.375, 62.875, 6.113842551573379e-23, nan 
-37.125, 62.875, 1.432344218614887e-22, nan 
-36.875, 62.875, 1.0858127005522348e-22, nan 
-36.625, 62.875, 1.3654629682849272e-22, nan 
-36.375, 62.875, 2.016380068720588e-22, nan 
-36.125, 62.875, 1.9183088700635821e-22, nan 
-35.875, 62.875, 2.4005587601491037e-22, nan 
-35.625, 62.875, 2.396492597177456e-22, nan 
-35.375, 62.875, 2.991481287394756e-22, nan 
-35.125, 62.875, 3.3527020560514327e-22, nan 
-34.875, 62.875, 2.4235894892350342e-22, nan 
-34.625, 62.875, 1.4673395017190087e-22, nan 
-34.375, 62.875, 9.24714275093313e-23, nan 
-34.125, 62.875, 2.752378740589064e-22, nan 
-33.875, 62.875, 1.6565238972310314e-22, nan 
-33.625, 62.875, 2.184837287570595e-22, nan 
-33.375, 62.875, 2.3501033036167746e-22, nan 
-33.125, 62.875, 1.3675197928719528e-22, nan 
-32.875, 62.875, 7.917400789146067e-23, nan 
-32.625, 62.875, 2.40470119394878e-22, nan 
-32.375, 62.875, 2.924569461720384e-22, nan 
-32.125, 62.875, 5.186147464548769e-22, nan 
-31.875, 62.875, 5.537870711166633e-22, nan 
-31.625, 62.875, 4.342089537260782e-22, nan 
-31.375, 62.875, 5.148388853717524e-22, nan 
-31.125, 62.875, 4.701963273392342e-22, nan 
-30.875, 62.875, 4.1562632104307503e-22, nan 
-30.625, 62.875, 9.661202426823446e-22, nan 
-30.375, 62.875, 8.86767283443762e-22, nan 
-30.125, 62.875, 8.064305953584682e-22, nan 
-29.875, 62.875, 1.4196377039145458e-21, nan 
-29.625, 62.875, 1.1838666234516219e-21, nan 
-29.375, 62.875, 7.325956272092702e-22, nan 
-29.125, 62.875, 6.229499826746844e-22, nan 
-28.875, 62.875, 5.944958548684062e-22, nan 
-28.625, 62.875, 3.0091741452642993e-22, nan 
-28.375, 62.875, 4.095063359078351e-22, nan 
-28.125, 62.875, 2.3165635585965206e-22, nan 
-27.875, 62.875, 3.1357198774886423e-22, nan 
-27.625, 62.875, 4.1272783273970937e-22, nan 
-27.375, 62.875, 4.41116543508705e-22, nan 
-27.125, 62.875, 3.408512725599888e-22, nan 
-26.875, 62.875, 4.654671151804782e-22, nan 
-26.625, 62.875, 4.398341006864742e-22, nan 
-26.375, 62.875, 1.4468663071809516e-21, nan 
-26.125, 62.875, 1.8543415346636815e-21, nan 
-25.875, 62.875, 1.8190140562403145e-21, nan 
-25.625, 62.875, 1.8573986917544306e-21, nan 
-25.375, 62.875, 2.0775837415848878e-21, nan 
-25.125, 62.875, 1.762471466792396e-21, nan 
-24.875, 62.875, 1.1035401920595073e-21, nan 
-24.625, 62.875, 8.931964796277078e-22, nan 
-24.375, 62.875, 1.4573416269793172e-21, nan 
-24.125, 62.875, 1.4313447239173243e-21, nan 
-23.875, 62.875, 1.2425614440654162e-21, nan 
-23.625, 62.875, 2.2966734236392453e-21, nan 
-23.375, 62.875, 2.9093117021704268e-21, nan 
-23.125, 62.875, 3.550485367122804e-21, nan 
-22.875, 62.875, 2.633326692724498e-21, nan 
-22.625, 62.875, 2.7430691057139005e-21, nan 
-22.375, 62.875, 2.9910688039038702e-21, nan 
-22.125, 62.875, 3.0091970797325627e-21, nan 
-21.875, 62.875, 2.591238181019806e-21, nan 
-21.625, 62.875, 2.796054558634105e-21, nan 
-21.375, 62.875, 3.0308695935802972e-21, nan 
-21.125, 62.875, 4.56634787133096e-21, nan 
-20.875, 62.875, 4.228361332253522e-21, nan 
-20.625, 62.875, 4.400509566189937e-21, nan 
-20.375, 62.875, 4.2811767655500044e-21, nan 
-20.125, 62.875, 3.181061559918792e-21, nan 
-19.875, 62.875, 3.4839977967830386e-21, nan 
-19.625, 62.875, 2.3933122668657334e-21, nan 
-19.375, 62.875, 3.0977123776996665e-21, nan 
-19.125, 62.875, 8.604464154562611e-22, nan 
-18.875, 62.875, 1.453651114913211e-21, nan 
-18.625, 62.875, 1.658979328109491e-21, nan 
-18.375, 62.875, 2.2744352554775557e-21, nan 
-18.125, 62.875, 2.4965115617630563e-21, nan 
-17.875, 62.875, 2.5990698821046752e-21, nan 
-17.625, 62.875, 4.015312936105974e-21, nan 
-17.375, 62.875, 1.6065142160546429e-21, nan 
-17.125, 62.875, 2.3161558610246536e-21, nan 
-16.875, 62.875, 4.777004593490406e-21, nan 
-16.625, 62.875, 4.1042975439454724e-21, nan 
-16.375, 62.875, 3.093175235575072e-21, nan 
-16.125, 62.875, 2.391372943429268e-21, nan 
-15.875, 62.875, 3.1998629642836625e-21, nan 
-15.625, 62.875, 5.711664765375527e-21, nan 
-15.375, 62.875, 4.613718431100504e-21, nan 
-15.125, 62.875, 2.1847196213377743e-21, nan 
-14.875, 62.875, 2.2708029974877987e-21, nan 
-14.625, 62.875, 2.4516801340830783e-21, nan 
-14.375, 62.875, 2.0066990882921726e-21, nan 
-14.125, 62.875, 2.2956103464367796e-21, nan 
-13.875, 62.875, 1.5621144157806316e-21, nan 
-13.625, 62.875, 2.7879912277107156e-21, nan 
-13.375, 62.875, 3.687866816788193e-21, nan 
-13.125, 62.875, 3.4708545124491e-21, nan 
-12.875, 62.875, 1.0058258900829423e-21, nan 
-12.625, 62.875, 3.351537954483536e-21, nan 
-12.375, 62.875, 1.179194313258882e-21, nan 
-12.125, 62.875, 2.543652141040382e-21, nan 
-11.875, 62.875, 1.3078677455932038e-21, nan 
-11.625, 62.875, 1.058314585630768e-21, nan 
-11.375, 62.875, 3.418356464906393e-21, nan 
-11.125, 62.875, 1.4124688872722017e-21, nan 
-10.875, 62.875, 1.880338624032635e-21, nan 
-10.625, 62.875, 2.9962534088214804e-21, nan 
-10.375, 62.875, 3.001598860112799e-21, nan 
-80.625, 63.125, 1.0804961169033396e-22, nan 
-80.375, 63.125, 1.0781423734079748e-22, nan 
-80.125, 63.125, 9.563226482224396e-23, nan 
-79.875, 63.125, 7.187833890075567e-23, nan 
-79.625, 63.125, 7.538198376426181e-23, nan 
-79.375, 63.125, 8.0699105029114e-23, nan 
-79.125, 63.125, 6.686092483602354e-23, nan 
-78.875, 63.125, 5.682421660820124e-23, nan 
-78.625, 63.125, 5.748122188661842e-23, nan 
-78.375, 63.125, 5.839544058014054e-23, nan 
-78.125, 63.125, 5.58348543371694e-23, nan 
-77.875, 63.125, 5.602195520349227e-23, nan 
-77.625, 63.125, 5.1893381600366834e-23, nan 
-77.375, 63.125, 2.931262014813558e-23, nan 
-77.125, 63.125, 4.13244407005919e-23, nan 
-76.875, 63.125, 7.327612944266966e-23, nan 
-76.625, 63.125, 6.713647732977368e-23, nan 
-76.375, 63.125, 7.272760960458962e-23, nan 
-76.125, 63.125, 9.648329615208021e-23, nan 
-75.875, 63.125, 8.801056703201081e-23, nan 
-75.625, 63.125, 8.162482661212135e-23, nan 
-75.375, 63.125, 8.071869527590994e-23, nan 
-75.125, 63.125, 8.746423234898489e-23, nan 
-74.875, 63.125, 9.243925389741845e-23, nan 
-74.625, 63.125, 9.243124019161123e-23, nan 
-74.375, 63.125, 8.390145736264205e-23, nan 
-74.125, 63.125, 7.334231914054046e-23, nan 
-73.875, 63.125, 7.461839205512356e-23, nan 
-73.625, 63.125, 6.063803712901503e-23, nan 
-73.375, 63.125, 5.90224130759634e-23, nan 
-73.125, 63.125, 6.066685925361701e-23, nan 
-72.875, 63.125, 7.857334100539433e-23, nan 
-72.625, 63.125, 8.691599915006115e-23, nan 
-72.375, 63.125, 7.507457942339135e-23, nan 
-72.125, 63.125, 6.722315912428882e-23, nan 
-71.875, 63.125, 7.889593806494684e-23, nan 
-71.625, 63.125, 7.848850724274499e-23, nan 
-71.375, 63.125, 7.970713455426821e-23, nan 
-71.125, 63.125, 6.408783803079598e-23, nan 
-70.875, 63.125, 6.786956810904446e-23, nan 
-70.625, 63.125, 8.847393638898843e-23, nan 
-70.375, 63.125, 7.709712094006852e-23, nan 
-70.125, 63.125, 5.258295490705353e-23, nan 
-69.875, 63.125, 5.014150540882095e-23, nan 
-69.625, 63.125, 4.948710620031463e-23, nan 
-69.375, 63.125, 6.264210454886541e-23, nan 
-69.125, 63.125, 7.104810679535102e-23, nan 
-68.875, 63.125, 6.162652696943191e-23, nan 
-68.625, 63.125, 6.647737784316116e-23, nan 
-68.375, 63.125, 4.658025780833563e-23, nan 
-68.125, 63.125, 4.9036913567152305e-23, nan 
-67.875, 63.125, 6.221873054243855e-23, nan 
-67.625, 63.125, 6.311041486803768e-23, nan 
-67.375, 63.125, 7.189556449457873e-23, nan 
-67.125, 63.125, 7.500469337250634e-23, nan 
-66.875, 63.125, 6.897378486606935e-23, nan 
-66.625, 63.125, 6.820971006780781e-23, nan 
-66.375, 63.125, 7.175101730553419e-23, nan 
-66.125, 63.125, 6.278770339147081e-23, nan 
-65.875, 63.125, 6.026138949012675e-23, nan 
-65.625, 63.125, 7.16750779289267e-23, nan 
-65.375, 63.125, 6.547354440410773e-23, nan 
-65.125, 63.125, 5.540099589351543e-23, nan 
-64.875, 63.125, 5.616676828352647e-23, nan 
-64.625, 63.125, 4.7012615325992756e-23, nan 
-64.375, 63.125, 4.783109638607184e-23, nan 
-64.125, 63.125, 5.906559578532004e-23, nan 
-63.875, 63.125, 5.837249736917732e-23, nan 
-63.625, 63.125, 5.840184151409188e-23, nan 
-63.375, 63.125, 5.609923832544575e-23, nan 
-63.125, 63.125, 4.918472297705471e-23, nan 
-62.875, 63.125, 4.343018391367468e-23, nan 
-62.625, 63.125, 6.334471791143341e-23, nan 
-62.375, 63.125, 4.456923664740604e-23, nan 
-62.125, 63.125, 2.653790735850644e-23, nan 
-61.875, 63.125, 4.8877785234317025e-23, nan 
-61.625, 63.125, 5.402529119317342e-23, nan 
-61.375, 63.125, 5.994421368282438e-23, nan 
-61.125, 63.125, 8.439977653613359e-23, nan 
-60.875, 63.125, 9.040143769368072e-23, nan 
-60.625, 63.125, 5.496924305204505e-23, nan 
-60.375, 63.125, 6.573000166092944e-23, nan 
-60.125, 63.125, 6.73869175190148e-23, nan 
-59.875, 63.125, 6.103296641248883e-23, nan 
-59.625, 63.125, 5.73872510509943e-23, nan 
-59.375, 63.125, 8.290815462953742e-23, nan 
-59.125, 63.125, 8.432141779063976e-23, nan 
-58.875, 63.125, 5.747081446011353e-23, nan 
-58.625, 63.125, 7.831694948062431e-23, nan 
-58.375, 63.125, 7.977434251914525e-23, nan 
-58.125, 63.125, 6.055195845094824e-23, nan 
-57.875, 63.125, 4.210311021474236e-23, nan 
-57.625, 63.125, 4.332862709567175e-23, nan 
-57.375, 63.125, 5.048659082459259e-23, nan 
-57.125, 63.125, 4.3240206859831744e-23, nan 
-56.875, 63.125, 4.631268834017196e-23, nan 
-56.625, 63.125, 5.860088089406933e-23, nan 
-56.375, 63.125, 4.6124093560007797e-23, nan 
-56.125, 63.125, 4.075199176730205e-23, nan 
-55.875, 63.125, 4.1275887895717715e-23, nan 
-55.625, 63.125, 4.269326769470994e-23, nan 
-55.375, 63.125, 3.452750736342295e-23, nan 
-55.125, 63.125, 2.6255912850184617e-23, nan 
-54.875, 63.125, 2.5999854589862884e-23, nan 
-54.625, 63.125, 5.574944802016669e-23, nan 
-54.375, 63.125, 5.500271031595953e-23, nan 
-54.125, 63.125, 5.97015221697592e-23, nan 
-53.875, 63.125, 6.504297770431947e-23, nan 
-53.625, 63.125, 6.256023006304337e-23, nan 
-53.375, 63.125, 6.480011831133753e-23, nan 
-53.125, 63.125, 3.3437459572517535e-23, nan 
-52.875, 63.125, 1.7699644029052314e-23, nan 
-52.625, 63.125, 5.102226145903741e-23, nan 
-52.375, 63.125, 2.4899574841467194e-23, nan 
-52.125, 63.125, 4.3135622419837783e-23, nan 
-51.875, 63.125, 3.781666190508498e-23, nan 
-51.625, 63.125, 3.699677187609955e-23, nan 
-51.375, 63.125, 3.676277871562341e-23, nan 
-51.125, 63.125, 2.3925471846181432e-23, nan 
-50.875, 63.125, 7.505729860516458e-24, nan 
-50.625, 63.125, 1.824575115302113e-23, nan 
-50.375, 63.125, 3.2942971567317445e-23, nan 
-50.125, 63.125, 1.9117833179463167e-23, nan 
-49.875, 63.125, 2.832588903257743e-23, nan 
-49.625, 63.125, 6.787717571343979e-23, nan 
-49.375, 63.125, 1.2764974883247122e-22, nan 
-49.125, 63.125, 1.462208067532615e-22, nan 
-48.875, 63.125, 1.359007068449151e-22, nan 
-48.625, 63.125, 1.305977878087292e-22, nan 
-48.375, 63.125, 9.275784217459108e-23, nan 
-48.125, 63.125, 5.853126718668218e-23, nan 
-47.875, 63.125, 4.26145586273644e-23, nan 
-47.625, 63.125, 5.787222740247693e-23, nan 
-47.375, 63.125, 5.608572889602119e-23, nan 
-47.125, 63.125, 3.0835595906769567e-23, nan 
-46.875, 63.125, 4.232658284493465e-23, nan 
-46.625, 63.125, 6.366693608953857e-23, nan 
-46.375, 63.125, 9.803043139814836e-23, nan 
-46.125, 63.125, 3.4913126071839354e-23, nan 
-45.875, 63.125, 2.6123157047650368e-23, nan 
-45.625, 63.125, 2.2708550222070513e-23, nan 
-45.375, 63.125, 3.221194597774782e-23, nan 
-45.125, 63.125, 4.184137854407007e-23, nan 
-44.875, 63.125, 4.5751449050429116e-23, nan 
-44.625, 63.125, 5.0361653227234856e-23, nan 
-44.375, 63.125, 4.612020913772563e-23, nan 
-44.125, 63.125, 4.568716816468269e-23, nan 
-43.875, 63.125, 3.7085986738120836e-23, nan 
-43.625, 63.125, 3.0111216374609217e-23, nan 
-43.375, 63.125, 4.520835503419597e-23, nan 
-43.125, 63.125, 5.084071835665818e-23, nan 
-42.875, 63.125, 2.672322914255999e-23, nan 
-42.625, 63.125, 1.9594175692464143e-23, nan 
-42.375, 63.125, 3.0932156738469695e-23, nan 
-42.125, 63.125, 4.600206743335085e-23, nan 
-41.875, 63.125, 1.0053283263408738e-22, nan 
-41.625, 63.125, 1.070933871021719e-22, nan 
-41.375, 63.125, 9.244072679362693e-23, nan 
-41.125, 63.125, 1.3282585755116006e-22, nan 
-40.875, 63.125, 1.4428427172444654e-22, nan 
-40.625, 63.125, 5.628455262496758e-22, nan 
-40.375, 63.125, 1.1559335465978708e-22, nan 
-40.125, 63.125, 2.1280733473333686e-22, nan 
-39.875, 63.125, 1.4082554604135163e-21, nan 
-39.625, 63.125, 1.352561130478899e-22, nan 
-39.375, 63.125, 1.9960789711709237e-22, nan 
-39.125, 63.125, 6.246481170717665e-22, nan 
-38.875, 63.125, 1.2123129029494624e-22, nan 
-38.625, 63.125, 1.6245732632142639e-22, nan 
-38.375, 63.125, 1.0092717998915474e-22, nan 
-38.125, 63.125, 7.292496786542474e-23, nan 
-37.875, 63.125, 1.6941159958372194e-22, nan 
-37.625, 63.125, 6.066648809817006e-23, nan 
-37.375, 63.125, 4.6344435889140375e-23, nan 
-37.125, 63.125, 1.441697062902626e-22, nan 
-36.875, 63.125, 1.6212709895686753e-22, nan 
-36.625, 63.125, 2.0787436465040039e-22, nan 
-36.375, 63.125, 2.3008473795543158e-22, nan 
-36.125, 63.125, 4.0713933267275815e-22, nan 
-35.875, 63.125, 4.134698149908822e-22, nan 
-35.625, 63.125, 2.8509633898992445e-22, nan 
-35.375, 63.125, 3.643525600919235e-22, nan 
-35.125, 63.125, 4.186417514530277e-22, nan 
-34.875, 63.125, 9.747213513042197e-23, nan 
-34.625, 63.125, 6.45366043305668e-23, nan 
-34.375, 63.125, 1.8256937057553722e-22, nan 
-34.125, 63.125, 2.582874749900309e-22, nan 
-33.875, 63.125, 1.5165396260245697e-22, nan 
-33.625, 63.125, 1.8383580828786817e-22, nan 
-33.375, 63.125, 2.0076138410387622e-22, nan 
-33.125, 63.125, 1.0930948480248297e-22, nan 
-32.875, 63.125, 2.8754009008660463e-22, nan 
-32.625, 63.125, 3.9414205360700763e-22, nan 
-32.375, 63.125, 4.117394371512198e-22, nan 
-32.125, 63.125, 4.737453967367035e-22, nan 
-31.875, 63.125, 5.436743413336629e-22, nan 
-31.625, 63.125, 5.675218402402725e-22, nan 
-31.375, 63.125, 3.7800823324888498e-22, nan 
-31.125, 63.125, 4.2490249230018985e-22, nan 
-30.875, 63.125, 4.2078599813132205e-22, nan 
-30.625, 63.125, 1.0409542172307124e-21, nan 
-30.375, 63.125, 1.4657195122658991e-21, nan 
-30.125, 63.125, 7.436620845437468e-22, nan 
-29.875, 63.125, 1.275338883014465e-21, nan 
-29.625, 63.125, 1.9172872074865406e-21, nan 
-29.375, 63.125, 1.3327039491323016e-21, nan 
-29.125, 63.125, 5.860977693782553e-22, nan 
-28.875, 63.125, 8.275201545900764e-22, nan 
-28.625, 63.125, 8.973972037425182e-22, nan 
-28.375, 63.125, 7.478545953117383e-22, nan 
-28.125, 63.125, 4.1818112837301046e-22, nan 
-27.875, 63.125, 4.551529628679569e-22, nan 
-27.625, 63.125, 5.225010446884027e-22, nan 
-27.375, 63.125, 5.089478070844382e-22, nan 
-27.125, 63.125, 8.141461344058192e-22, nan 
-26.875, 63.125, 9.561549082596817e-22, nan 
-26.625, 63.125, 1.173782965917946e-21, nan 
-26.375, 63.125, 1.3932758040182822e-21, nan 
-26.125, 63.125, 1.5189013755417303e-21, nan 
-25.875, 63.125, 1.613213579636775e-21, nan 
-25.625, 63.125, 1.242060769071566e-21, nan 
-25.375, 63.125, 1.3717349924746818e-21, nan 
-25.125, 63.125, 1.2952822135886216e-21, nan 
-24.875, 63.125, 1.2948800092308924e-21, nan 
-24.625, 63.125, 1.0151468553233504e-21, nan 
-24.375, 63.125, 1.527368741968972e-21, nan 
-24.125, 63.125, 1.471128804424463e-21, nan 
-23.875, 63.125, 1.0321333078099423e-21, nan 
-23.625, 63.125, 1.8984342082259905e-21, nan 
-23.375, 63.125, 2.1023112319756055e-21, nan 
-23.125, 63.125, 3.342549662170607e-21, nan 
-22.875, 63.125, 3.810744457006133e-21, nan 
-22.625, 63.125, 2.302762786390404e-21, nan 
-22.375, 63.125, 3.3857648430256695e-21, nan 
-22.125, 63.125, 3.756889830304038e-21, nan 
-21.875, 63.125, 4.333903148264287e-21, nan 
-21.625, 63.125, 4.621494954604312e-21, nan 
-21.375, 63.125, 7.296071760816656e-21, nan 
-21.125, 63.125, 9.973584070449497e-21, nan 
-20.875, 63.125, 7.890111241203732e-21, nan 
-20.625, 63.125, 6.3592792943084175e-21, nan 
-20.375, 63.125, 6.3113439886714964e-21, nan 
-20.125, 63.125, 5.7220896551025755e-21, nan 
-19.875, 63.125, 5.5811732603153325e-21, nan 
-19.625, 63.125, 4.645893391029786e-21, nan 
-19.375, 63.125, 2.6960926323446668e-21, nan 
-19.125, 63.125, 2.0675293427736473e-21, nan 
-18.875, 63.125, 1.5025083567732717e-21, nan 
-18.625, 63.125, 3.61186398375506e-21, nan 
-18.375, 63.125, 5.7838164218155364e-21, nan 
-18.125, 63.125, 3.3569926482386197e-21, nan 
-17.875, 63.125, 5.168224556303414e-21, nan 
-17.625, 63.125, 7.709290789791527e-21, nan 
-17.375, 63.125, 2.8051710548719294e-21, nan 
-17.125, 63.125, 3.04764635226368e-21, nan 
-16.875, 63.125, 7.82513367864962e-21, nan 
-16.625, 63.125, 2.477347397190761e-21, nan 
-16.375, 63.125, 2.3140268624769527e-21, nan 
-16.125, 63.125, 2.7087989721182518e-21, nan 
-15.875, 63.125, 2.730418029979433e-21, nan 
-15.625, 63.125, 2.3255887153213276e-21, nan 
-15.375, 63.125, 3.695621751496458e-21, nan 
-15.125, 63.125, 3.0641514531579027e-21, nan 
-14.875, 63.125, 2.712746834208997e-21, nan 
-14.625, 63.125, 3.781200877690242e-21, nan 
-14.375, 63.125, 2.549088352689815e-21, nan 
-14.125, 63.125, 2.9386844226663297e-21, nan 
-13.875, 63.125, 3.9457214224533434e-21, nan 
-13.625, 63.125, 2.397741827562532e-21, nan 
-13.375, 63.125, 3.85239642770244e-21, nan 
-13.125, 63.125, 4.3377076668751326e-21, nan 
-12.875, 63.125, 1.54716409044494e-21, nan 
-12.625, 63.125, 4.9371188137955175e-21, nan 
-12.375, 63.125, 1.9672823893281038e-21, nan 
-12.125, 63.125, 1.3421395398254651e-21, nan 
-11.875, 63.125, 1.4853349742669304e-21, nan 
-11.625, 63.125, 1.26018197742828e-21, nan 
-11.375, 63.125, 1.9148101715784365e-21, nan 
-11.125, 63.125, 2.4095016731574183e-21, nan 
-10.875, 63.125, 3.1165445949706763e-21, nan 
-10.625, 63.125, 3.170558927688408e-21, nan 
-10.375, 63.125, 3.1324525406573597e-21, nan 
-10.125, 63.125, 4.421973636226259e-21, nan 
-9.875, 63.125, 3.603548241512762e-21, nan 
-9.625, 63.125, 3.25856080965263e-21, nan 
-80.875, 63.375, 9.556533744942634e-23, nan 
-80.625, 63.375, 8.016912540618127e-23, nan 
-80.375, 63.375, 8.165252521069312e-23, nan 
-80.125, 63.375, 9.67936553983939e-23, nan 
-79.875, 63.375, 8.359969338327275e-23, nan 
-79.625, 63.375, 7.283410110202002e-23, nan 
-79.375, 63.375, 6.782853995786725e-23, nan 
-79.125, 63.375, 6.34466599295879e-23, nan 
-78.875, 63.375, 6.997893184282689e-23, nan 
-78.625, 63.375, 6.041048311822123e-23, nan 
-78.375, 63.375, 6.459733951857458e-23, nan 
-78.125, 63.375, 5.525561261325069e-23, nan 
-77.875, 63.375, 6.790308662388799e-23, nan 
-77.625, 63.375, 6.189836294008166e-23, nan 
-77.375, 63.375, 5.0170706831786253e-23, nan 
-77.125, 63.375, 1.0162524841550639e-22, nan 
-76.875, 63.375, 1.0925976540075629e-22, nan 
-76.625, 63.375, 1.2006370134649772e-22, nan 
-76.375, 63.375, 1.1076825412951057e-22, nan 
-76.125, 63.375, 1.1109880062843224e-22, nan 
-75.875, 63.375, 1.1239749631669066e-22, nan 
-75.625, 63.375, 9.601229746914321e-23, nan 
-75.375, 63.375, 9.325324146115394e-23, nan 
-75.125, 63.375, 9.545971962778181e-23, nan 
-74.875, 63.375, 8.830979950550189e-23, nan 
-74.625, 63.375, 8.17286579117628e-23, nan 
-74.375, 63.375, 6.776155621725671e-23, nan 
-74.125, 63.375, 5.855717446400262e-23, nan 
-73.875, 63.375, 7.485060456709717e-23, nan 
-73.625, 63.375, 8.648362234110207e-23, nan 
-73.375, 63.375, 8.705631657986579e-23, nan 
-73.125, 63.375, 8.637620263019432e-23, nan 
-72.875, 63.375, 8.346406199784304e-23, nan 
-72.625, 63.375, 1.0182453744237363e-22, nan 
-72.375, 63.375, 9.088559940786783e-23, nan 
-72.125, 63.375, 7.86922256976416e-23, nan 
-71.875, 63.375, 6.383330943301046e-23, nan 
-71.625, 63.375, 7.318238556834658e-23, nan 
-71.375, 63.375, 6.942502518004586e-23, nan 
-71.125, 63.375, 6.040035631389358e-23, nan 
-70.875, 63.375, 5.2752438068963006e-23, nan 
-70.625, 63.375, 5.22908074505752e-23, nan 
-70.375, 63.375, 6.774467035684904e-23, nan 
-70.125, 63.375, 6.05521106215358e-23, nan 
-69.875, 63.375, 5.75217852238329e-23, nan 
-69.625, 63.375, 5.641869130563495e-23, nan 
-69.375, 63.375, 6.073008254627773e-23, nan 
-69.125, 63.375, 6.141003761974091e-23, nan 
-68.875, 63.375, 4.431981878990257e-23, nan 
-68.625, 63.375, 5.909910177561701e-23, nan 
-68.375, 63.375, 5.639046231333032e-23, nan 
-68.125, 63.375, 4.8212319109885515e-23, nan 
-67.875, 63.375, 5.2759799645333614e-23, nan 
-67.625, 63.375, 5.868855519441608e-23, nan 
-67.375, 63.375, 5.965636224997617e-23, nan 
-67.125, 63.375, 6.429591482610494e-23, nan 
-66.875, 63.375, 6.891648310683832e-23, nan 
-66.625, 63.375, 7.483473831970156e-23, nan 
-66.375, 63.375, 6.647587427884164e-23, nan 
-66.125, 63.375, 6.959951491398884e-23, nan 
-65.875, 63.375, 6.645771541293854e-23, nan 
-65.625, 63.375, 5.980968281788021e-23, nan 
-65.375, 63.375, 5.442304926837371e-23, nan 
-65.125, 63.375, 3.6874888720728345e-23, nan 
-64.875, 63.375, 2.9537309870070714e-23, nan 
-64.625, 63.375, 6.33794919312157e-23, nan 
-64.375, 63.375, 9.807153204960023e-23, nan 
-64.125, 63.375, 4.9167642831608096e-23, nan 
-63.875, 63.375, 6.113623233081677e-23, nan 
-63.625, 63.375, 9.161734466777094e-23, nan 
-63.375, 63.375, 7.609328511729948e-23, nan 
-63.125, 63.375, 5.003613667828216e-23, nan 
-62.875, 63.375, 6.11691472099725e-23, nan 
-62.625, 63.375, 5.471842001817005e-23, nan 
-62.375, 63.375, 6.351440399860881e-23, nan 
-62.125, 63.375, 7.443402843352877e-23, nan 
-61.875, 63.375, 5.910731989839451e-23, nan 
-61.625, 63.375, 6.055660723401508e-23, nan 
-61.375, 63.375, 7.998659293260028e-23, nan 
-61.125, 63.375, 9.328257362322172e-23, nan 
-60.875, 63.375, 1.0126913913720321e-22, nan 
-60.625, 63.375, 7.39493381260418e-23, nan 
-60.375, 63.375, 5.793327480072225e-23, nan 
-60.125, 63.375, 6.347197016685862e-23, nan 
-59.875, 63.375, 7.726338069985039e-23, nan 
-59.625, 63.375, 5.75561261853162e-23, nan 
-59.375, 63.375, 6.017005178328009e-23, nan 
-59.125, 63.375, 6.062712020169431e-23, nan 
-58.875, 63.375, 6.28809113100589e-23, nan 
-58.625, 63.375, 6.802583386033602e-23, nan 
-58.375, 63.375, 5.792158992274422e-23, nan 
-58.125, 63.375, 6.613110737310621e-23, nan 
-57.875, 63.375, 5.500000242372092e-23, nan 
-57.625, 63.375, 5.0873728615599753e-23, nan 
-57.375, 63.375, 5.303179635421416e-23, nan 
-57.125, 63.375, 3.850283907675466e-23, nan 
-56.875, 63.375, 4.261231795728343e-23, nan 
-56.625, 63.375, 4.4531441461481206e-23, nan 
-56.375, 63.375, 4.065842923956406e-23, nan 
-56.125, 63.375, 4.2132617240153327e-23, nan 
-55.875, 63.375, 3.205847561959254e-23, nan 
-55.625, 63.375, 3.872280726667221e-23, nan 
-55.375, 63.375, 4.6069664065344757e-23, nan 
-55.125, 63.375, 3.778795200546525e-23, nan 
-54.875, 63.375, 3.9224786958261084e-23, nan 
-54.625, 63.375, 4.2489369771705664e-23, nan 
-54.375, 63.375, 8.167169443671171e-23, nan 
-54.125, 63.375, 8.034570943139119e-23, nan 
-53.875, 63.375, 8.12530829638619e-23, nan 
-53.625, 63.375, 6.567857832063578e-23, nan 
-53.375, 63.375, 6.69065932805846e-23, nan 
-53.125, 63.375, 6.32645223404758e-23, nan 
-52.875, 63.375, 2.6325555561770434e-23, nan 
-52.625, 63.375, 4.575752260916359e-23, nan 
-52.375, 63.375, 2.0123991977624823e-23, nan 
-52.125, 63.375, 2.4359837310554717e-23, nan 
-51.875, 63.375, 2.9661631722077154e-23, nan 
-51.625, 63.375, 4.1866188411120295e-23, nan 
-51.375, 63.375, 2.8086493325267046e-23, nan 
-51.125, 63.375, 2.0150245221800357e-23, nan 
-50.875, 63.375, 2.56134709002869e-23, nan 
-50.625, 63.375, 2.2438876708640099e-23, nan 
-50.375, 63.375, 5.485216783483626e-23, nan 
-50.125, 63.375, 1.0012287008093813e-22, nan 
-49.875, 63.375, 1.2958054486245406e-22, nan 
-49.625, 63.375, 1.3009036245428148e-22, nan 
-49.375, 63.375, 1.5057701499978454e-22, nan 
-49.125, 63.375, 1.7163581808394217e-22, nan 
-48.875, 63.375, 1.226902411034577e-22, nan 
-48.625, 63.375, 7.282198672485879e-23, nan 
-48.375, 63.375, 5.726410298709691e-23, nan 
-48.125, 63.375, 5.379062455065373e-23, nan 
-47.875, 63.375, 6.440633480313822e-23, nan 
-47.625, 63.375, 5.1628729544848266e-23, nan 
-47.375, 63.375, 7.068632318306621e-23, nan 
-47.125, 63.375, 9.76076596544393e-23, nan 
-46.875, 63.375, 4.4777904275792903e-23, nan 
-46.625, 63.375, 9.245698632440967e-23, nan 
-46.375, 63.375, 1.725990796361841e-22, nan 
-46.125, 63.375, 6.550573261192631e-23, nan 
-45.875, 63.375, 6.766033125099453e-23, nan 
-45.625, 63.375, 9.844051792947808e-23, nan 
-45.375, 63.375, 6.330274756547159e-23, nan 
-45.125, 63.375, 6.827742848803306e-23, nan 
-44.875, 63.375, 6.230653130165192e-23, nan 
-44.625, 63.375, 4.035034101093329e-23, nan 
-44.375, 63.375, 2.4132159209806674e-23, nan 
-44.125, 63.375, 1.1165270260370244e-23, nan 
-43.875, 63.375, 2.338886122839939e-23, nan 
-43.625, 63.375, 5.1193849992927886e-23, nan 
-43.375, 63.375, 5.145343231660145e-23, nan 
-43.125, 63.375, 5.903073804605106e-23, nan 
-42.875, 63.375, 3.098251024641332e-23, nan 
-42.625, 63.375, 6.742647281813693e-23, nan 
-42.375, 63.375, 1.0171569128508507e-22, nan 
-42.125, 63.375, 8.511574342231379e-23, nan 
-41.875, 63.375, 1.115568527106336e-22, nan 
-41.625, 63.375, 1.2769138019567089e-22, nan 
-41.375, 63.375, 1.3185064368797678e-22, nan 
-41.125, 63.375, 1.0969150590429108e-22, nan 
-40.875, 63.375, 8.878926132752582e-23, nan 
-40.625, 63.375, 6.108416580229583e-23, nan 
-40.375, 63.375, 2.5033776407543743e-22, nan 
-40.125, 63.375, 2.1088263071984114e-22, nan 
-39.875, 63.375, 8.751994044896666e-22, nan 
-39.625, 63.375, 1.3305130717091014e-22, nan 
-39.375, 63.375, 1.4077572116322715e-22, nan 
-39.125, 63.375, 1.4813943835798186e-22, nan 
-38.875, 63.375, 1.341507223486192e-22, nan 
-38.625, 63.375, 2.1934247514802567e-22, nan 
-38.375, 63.375, 1.9496379383669208e-22, nan 
-38.125, 63.375, 1.1957906242847925e-22, nan 
-37.875, 63.375, 2.3001088050055716e-22, nan 
-37.625, 63.375, 1.8058169146936666e-22, nan 
-37.375, 63.375, 1.4204474014914084e-22, nan 
-37.125, 63.375, 1.933004296070635e-22, nan 
-36.875, 63.375, 2.213004384846464e-22, nan 
-36.625, 63.375, 2.653168356535199e-22, nan 
-36.375, 63.375, 2.131153083769264e-22, nan 
-36.125, 63.375, 3.5857410147413795e-22, nan 
-35.875, 63.375, 3.0417409964609527e-22, nan 
-35.625, 63.375, 2.657902218100042e-22, nan 
-35.375, 63.375, 1.6794529816854771e-22, nan 
-35.125, 63.375, 9.151780273454091e-23, nan 
-34.875, 63.375, 1.807978230829076e-22, nan 
-34.625, 63.375, 8.026340467703002e-23, nan 
-34.375, 63.375, 1.8270649570332385e-22, nan 
-34.125, 63.375, 2.1328782825297044e-22, nan 
-33.875, 63.375, 1.7553647527594477e-22, nan 
-33.625, 63.375, 1.0414121759842824e-22, nan 
-33.375, 63.375, 4.770851712630108e-22, nan 
-33.125, 63.375, 3.342733864906522e-22, nan 
-32.875, 63.375, 2.0346726738488442e-22, nan 
-32.625, 63.375, 3.542470689198143e-22, nan 
-32.375, 63.375, 3.5025918371236555e-22, nan 
-32.125, 63.375, 1.8178279978417022e-22, nan 
-31.875, 63.375, 3.8130853620382136e-22, nan 
-31.625, 63.375, 3.8753141548912373e-22, nan 
-31.375, 63.375, 4.691780600727562e-22, nan 
-31.125, 63.375, 5.032309503996217e-22, nan 
-30.875, 63.375, 6.044573474601385e-22, nan 
-30.625, 63.375, 6.940005627912008e-22, nan 
-30.375, 63.375, 9.612581295077986e-22, nan 
-30.125, 63.375, 6.377711886237402e-22, nan 
-29.875, 63.375, 8.220848457888232e-22, nan 
-29.625, 63.375, 1.1426025239194202e-21, nan 
-29.375, 63.375, 6.757187624650669e-22, nan 
-29.125, 63.375, 3.463164461005744e-22, nan 
-28.875, 63.375, 2.2754110340690533e-22, nan 
-28.625, 63.375, 4.857247461016773e-22, nan 
-28.375, 63.375, 6.348776655584151e-22, nan 
-28.125, 63.375, 5.372205485732449e-22, nan 
-27.875, 63.375, 7.5778650874452305e-22, nan 
-27.625, 63.375, 4.1294806380576396e-22, nan 
-27.375, 63.375, 7.184633189845292e-22, nan 
-27.125, 63.375, 1.0641401745473095e-21, nan 
-26.875, 63.375, 7.694688103088244e-22, nan 
-26.625, 63.375, 1.0042714441302797e-21, nan 
-26.375, 63.375, 1.4678821001032526e-21, nan 
-26.125, 63.375, 1.0951669497695223e-21, nan 
-25.875, 63.375, 1.806800687812779e-21, nan 
-25.625, 63.375, 1.7836687358428135e-21, nan 
-25.375, 63.375, 1.5928246115905832e-21, nan 
-25.125, 63.375, 1.882975489171489e-21, nan 
-24.875, 63.375, 2.3463547387952824e-21, nan 
-24.625, 63.375, 1.5779276872547512e-21, nan 
-24.375, 63.375, 1.3530914248703866e-21, nan 
-24.125, 63.375, 1.9938820769625476e-21, nan 
-23.875, 63.375, 2.340073826148616e-21, nan 
-23.625, 63.375, 3.3139860557416448e-21, nan 
-23.375, 63.375, 2.5577566017934378e-21, nan 
-23.125, 63.375, 3.537254662463556e-21, nan 
-22.875, 63.375, 5.5111743256555094e-21, nan 
-22.625, 63.375, 2.7193993933006574e-21, nan 
-22.375, 63.375, 2.079914829469937e-21, nan 
-22.125, 63.375, 1.9651483001703315e-21, nan 
-21.875, 63.375, 3.964969042900968e-21, nan 
-21.625, 63.375, 3.9244398963003325e-21, nan 
-21.375, 63.375, 7.697733782200766e-21, nan 
-21.125, 63.375, 9.194593856882672e-21, nan 
-20.875, 63.375, 9.492470489934756e-21, nan 
-20.625, 63.375, 8.363349280624291e-21, nan 
-20.375, 63.375, 6.437055512958329e-21, nan 
-20.125, 63.375, 5.9501395099142845e-21, nan 
-19.875, 63.375, 5.066879792666242e-21, nan 
-19.625, 63.375, 3.4996652675622884e-21, nan 
-19.375, 63.375, 3.2069066026767252e-21, nan 
-19.125, 63.375, 9.952405435933366e-22, nan 
-18.875, 63.375, 7.644214845461284e-22, nan 
-18.625, 63.375, 2.4661912757795824e-21, nan 
-18.375, 63.375, 1.6682001822749286e-21, nan 
-18.125, 63.375, 1.7967440998823885e-21, nan 
-17.875, 63.375, 3.721431898788955e-21, nan 
-17.625, 63.375, 4.884339609920887e-21, nan 
-17.375, 63.375, 1.923241344797244e-21, nan 
-17.125, 63.375, 1.6347314192922984e-21, nan 
-16.875, 63.375, 5.980219880304454e-21, nan 
-16.625, 63.375, 3.908049597186544e-21, nan 
-16.375, 63.375, 2.427676332857336e-21, nan 
-16.125, 63.375, 2.497333470306129e-21, nan 
-15.875, 63.375, 2.7040002808272984e-21, nan 
-15.625, 63.375, 2.8186158433606153e-21, nan 
-15.375, 63.375, 4.963346787818821e-21, nan 
-15.125, 63.375, 3.1755775143966313e-21, nan 
-14.875, 63.375, 2.60436027253994e-21, nan 
-14.625, 63.375, 3.469328652060948e-21, nan 
-14.375, 63.375, 3.7091392982018714e-21, nan 
-14.125, 63.375, 2.880924461469519e-21, nan 
-13.875, 63.375, 5.396081611490567e-21, nan 
-13.625, 63.375, 2.7510150120321587e-21, nan 
-13.375, 63.375, 3.614266707206898e-21, nan 
-13.125, 63.375, 4.686800424828993e-21, nan 
-12.875, 63.375, 3.4045435006770865e-21, nan 
-12.625, 63.375, 4.7048866332391576e-21, nan 
-12.375, 63.375, 2.946620345702891e-21, nan 
-12.125, 63.375, 1.6807793050631242e-21, nan 
-11.875, 63.375, 2.0863453207083085e-21, nan 
-11.625, 63.375, 1.983293714619653e-21, nan 
-11.375, 63.375, 2.454020561588207e-21, nan 
-11.125, 63.375, 4.029531478551071e-21, nan 
-10.875, 63.375, 6.196844623642451e-21, nan 
-10.625, 63.375, 6.459454662452629e-21, nan 
-10.375, 63.375, 6.301715032802753e-21, nan 
-10.125, 63.375, 5.7244547194716604e-21, nan 
-9.875, 63.375, 4.735115530432822e-21, nan 
-9.625, 63.375, 4.699208792826455e-21, nan 
-9.375, 63.375, 4.5177317211185e-21, nan 
-9.125, 63.375, 7.724491053101398e-21, nan 
-81.125, 63.625, 7.836527788442306e-23, nan 
-80.875, 63.625, 8.778597322323706e-23, nan 
-80.625, 63.625, 8.293800285282248e-23, nan 
-80.375, 63.625, 8.55197092056253e-23, nan 
-80.125, 63.625, 8.86869690153377e-23, nan 
-79.875, 63.625, 9.308782812811731e-23, nan 
-79.625, 63.625, 8.131857694672134e-23, nan 
-79.375, 63.625, 6.499817157752158e-23, nan 
-79.125, 63.625, 6.302545531904524e-23, nan 
-78.875, 63.625, 7.141339687037663e-23, nan 
-78.625, 63.625, 7.792337061478039e-23, nan 
-78.375, 63.625, 7.159342306293632e-23, nan 
-78.125, 63.625, 5.815887182781533e-23, nan 
-77.875, 63.625, 7.508139226380292e-23, nan 
-77.625, 63.625, 6.834800869853542e-23, nan 
-77.375, 63.625, 8.902996462909925e-23, nan 
-77.125, 63.625, 1.3244199762812336e-22, nan 
-76.875, 63.625, 1.228149351812308e-22, nan 
-76.625, 63.625, 1.2942012267441636e-22, nan 
-76.375, 63.625, 1.0210348172873526e-22, nan 
-76.125, 63.625, 9.789903468429447e-23, nan 
-75.875, 63.625, 1.0619673668293522e-22, nan 
-75.625, 63.625, 1.1013037286641812e-22, nan 
-75.375, 63.625, 9.206832511504171e-23, nan 
-75.125, 63.625, 9.840741501974178e-23, nan 
-74.875, 63.625, 1.009929813556477e-22, nan 
-74.625, 63.625, 9.040037785468614e-23, nan 
-74.375, 63.625, 7.540277471420994e-23, nan 
-74.125, 63.625, 8.102373214983031e-23, nan 
-73.875, 63.625, 9.813766410762244e-23, nan 
-73.625, 63.625, 9.558382832845878e-23, nan 
-73.375, 63.625, 1.0522608924992717e-22, nan 
-73.125, 63.625, 9.604650594086313e-23, nan 
-72.875, 63.625, 8.113444898599176e-23, nan 
-72.625, 63.625, 7.702180198407311e-23, nan 
-72.375, 63.625, 8.908335541689542e-23, nan 
-72.125, 63.625, 7.94440619090914e-23, nan 
-71.875, 63.625, 6.24350200113318e-23, nan 
-71.625, 63.625, 6.00582182264869e-23, nan 
-71.375, 63.625, 5.931662896217015e-23, nan 
-71.125, 63.625, 7.606658025340964e-23, nan 
-70.875, 63.625, 5.696242283376276e-23, nan 
-70.625, 63.625, 6.428768303914271e-23, nan 
-70.375, 63.625, 8.063333301574963e-23, nan 
-70.125, 63.625, 8.204555355747005e-23, nan 
-69.875, 63.625, 7.239262882677361e-23, nan 
-69.625, 63.625, 5.422043409839604e-23, nan 
-69.375, 63.625, 4.913338655750482e-23, nan 
-69.125, 63.625, 6.00792195318533e-23, nan 
-68.875, 63.625, 6.921605798068768e-23, nan 
-68.625, 63.625, 7.853585901334441e-23, nan 
-68.375, 63.625, 5.727166174658829e-23, nan 
-68.125, 63.625, 7.096329966787997e-23, nan 
-67.875, 63.625, 6.555102245231033e-22, nan 
-67.625, 63.625, 1.2613602271438356e-22, nan 
-67.375, 63.625, 1.1004583538760698e-22, nan 
-67.125, 63.625, 1.0160922946388008e-22, nan 
-66.875, 63.625, 1.117929860316415e-22, nan 
-66.625, 63.625, 9.21031942821039e-23, nan 
-66.375, 63.625, 9.209912537002805e-23, nan 
-66.125, 63.625, 7.940047737052601e-23, nan 
-65.875, 63.625, 7.086602371028676e-23, nan 
-65.625, 63.625, 7.889414025290132e-23, nan 
-65.375, 63.625, 5.522718033283106e-23, nan 
-65.125, 63.625, 5.0804432735402703e-23, nan 
-64.875, 63.625, 5.90768543085849e-23, nan 
-64.625, 63.625, 4.724552103496108e-23, nan 
-64.375, 63.625, 3.8696337836459157e-22, nan 
-64.125, 63.625, 7.999445808869534e-22, nan 
-63.875, 63.625, 1.16609645634547e-22, nan 
-63.625, 63.625, 1.172134058481292e-22, nan 
-63.375, 63.625, 1.1458970962354807e-22, nan 
-63.125, 63.625, 7.63099830697973e-23, nan 
-62.875, 63.625, 1.1668167261101672e-22, nan 
-62.625, 63.625, 1.0496699742271277e-22, nan 
-62.375, 63.625, 8.264606548348516e-23, nan 
-62.125, 63.625, 7.864900225246208e-23, nan 
-61.875, 63.625, 7.317646661118295e-23, nan 
-61.625, 63.625, 6.540264696043568e-23, nan 
-61.375, 63.625, 6.45243251290416e-23, nan 
-61.125, 63.625, 5.967879225609076e-23, nan 
-60.875, 63.625, 6.974964382154152e-23, nan 
-60.625, 63.625, 6.307119532620184e-23, nan 
-60.375, 63.625, 4.729128058664989e-23, nan 
-60.125, 63.625, 4.4237046336026324e-23, nan 
-59.875, 63.625, 5.329205567299658e-23, nan 
-59.625, 63.625, 6.205316902603741e-23, nan 
-59.375, 63.625, 4.962286571336054e-23, nan 
-59.125, 63.625, 6.288740548229647e-23, nan 
-58.875, 63.625, 1.128624654963353e-22, nan 
-58.625, 63.625, 1.121091021714181e-22, nan 
-58.375, 63.625, 7.63496060480417e-23, nan 
-58.125, 63.625, 8.727457848291948e-23, nan 
-57.875, 63.625, 8.276761217107492e-23, nan 
-57.625, 63.625, 6.64480599755855e-23, nan 
-57.375, 63.625, 5.957397768670059e-23, nan 
-57.125, 63.625, 4.482126522440222e-23, nan 
-56.875, 63.625, 4.1228741513441064e-23, nan 
-56.625, 63.625, 3.594629605908116e-23, nan 
-56.375, 63.625, 5.548575567809587e-23, nan 
-56.125, 63.625, 7.251975498429842e-23, nan 
-55.875, 63.625, 5.0906197138996703e-23, nan 
-55.625, 63.625, 6.346554591596752e-23, nan 
-55.375, 63.625, 7.378242304625174e-23, nan 
-55.125, 63.625, 6.394725330802453e-23, nan 
-54.875, 63.625, 4.9692421537235937e-23, nan 
-54.625, 63.625, 4.1880344896147835e-23, nan 
-54.375, 63.625, 7.216505233819058e-23, nan 
-54.125, 63.625, 6.963828058969185e-23, nan 
-53.875, 63.625, 5.841837375605188e-23, nan 
-53.625, 63.625, 4.076990307771288e-23, nan 
-53.375, 63.625, 4.481454301628266e-23, nan 
-53.125, 63.625, 3.894740554211511e-23, nan 
-52.875, 63.625, 2.967624409305965e-23, nan 
-52.625, 63.625, 3.4224864221095013e-23, nan 
-52.375, 63.625, 2.0676586763212655e-23, nan 
-52.125, 63.625, 2.46182520606449e-23, nan 
-51.875, 63.625, 1.526202929014621e-23, nan 
-51.625, 63.625, 3.4195652523434936e-23, nan 
-51.375, 63.625, 4.540702343221455e-23, nan 
-51.125, 63.625, 1.6244204890465552e-23, nan 
-50.875, 63.625, 3.784228125883373e-23, nan 
-50.625, 63.625, 6.560613468774715e-23, nan 
-50.375, 63.625, 1.3779118836216194e-22, nan 
-50.125, 63.625, 1.2807487734114746e-22, nan 
-49.875, 63.625, 1.2556225641824404e-22, nan 
-49.625, 63.625, 1.347397434484271e-22, nan 
-49.375, 63.625, 1.0312147947328235e-22, nan 
-49.125, 63.625, 7.093169369584713e-23, nan 
-48.875, 63.625, 5.527174028050904e-23, nan 
-48.625, 63.625, 7.266389342083566e-23, nan 
-48.375, 63.625, 4.4658647263688915e-23, nan 
-48.125, 63.625, 4.5833229973134387e-23, nan 
-47.875, 63.625, 6.667609705927296e-23, nan 
-47.625, 63.625, 5.152224062556239e-23, nan 
-47.375, 63.625, 4.9810152583070604e-23, nan 
-47.125, 63.625, 7.070203468102863e-23, nan 
-46.875, 63.625, 1.0205169675671366e-22, nan 
-46.625, 63.625, 9.76253378306524e-23, nan 
-46.375, 63.625, 1.5771880722973197e-22, nan 
-46.125, 63.625, 1.082054841678112e-22, nan 
-45.875, 63.625, 8.10576658526128e-23, nan 
-45.625, 63.625, 8.533201719596305e-23, nan 
-45.375, 63.625, 6.243847725815785e-23, nan 
-45.125, 63.625, 6.405341900634042e-23, nan 
-44.875, 63.625, 5.3278284523555e-23, nan 
-44.625, 63.625, 2.3793602498840675e-23, nan 
-44.375, 63.625, 4.96548114530552e-23, nan 
-44.125, 63.625, 3.584004791591717e-23, nan 
-43.875, 63.625, 4.57779116340541e-23, nan 
-43.625, 63.625, 7.8831066566052e-23, nan 
-43.375, 63.625, 9.78856591141965e-24, nan 
-43.125, 63.625, 5.598045697074307e-23, nan 
-42.875, 63.625, 5.568569013576428e-23, nan 
-42.625, 63.625, 6.015728646733162e-23, nan 
-42.375, 63.625, 1.368682180796928e-22, nan 
-42.125, 63.625, 2.5972639728984986e-22, nan 
-41.875, 63.625, 1.272883302495063e-22, nan 
-41.625, 63.625, 1.532501940155456e-22, nan 
-41.375, 63.625, 1.537545548317455e-22, nan 
-41.125, 63.625, 2.7813100071437133e-22, nan 
-40.875, 63.625, 7.205789177400011e-23, nan 
-40.625, 63.625, 1.9124497529793974e-22, nan 
-40.375, 63.625, 6.363891545871838e-22, nan 
-40.125, 63.625, 1.63330491820564e-22, nan 
-39.875, 63.625, 1.6829127790948622e-22, nan 
-39.625, 63.625, 3.271858921778696e-22, nan 
-39.375, 63.625, 6.756924146597155e-23, nan 
-39.125, 63.625, 1.6261762637336532e-22, nan 
-38.875, 63.625, 1.257915688665346e-22, nan 
-38.625, 63.625, 1.4652318503777222e-22, nan 
-38.375, 63.625, 2.1452116226942476e-22, nan 
-38.125, 63.625, 1.6275809135130696e-22, nan 
-37.875, 63.625, 1.8911943864805829e-22, nan 
-37.625, 63.625, 1.5337558033726132e-22, nan 
-37.375, 63.625, 1.7316950738326606e-22, nan 
-37.125, 63.625, 1.9413096074081113e-22, nan 
-36.875, 63.625, 1.944471264170333e-22, nan 
-36.625, 63.625, 1.9900937443580308e-22, nan 
-36.375, 63.625, 2.0589661499176239e-22, nan 
-36.125, 63.625, 2.1146531115353194e-22, nan 
-35.875, 63.625, 1.2122220267372455e-22, nan 
-35.625, 63.625, 7.641102668308042e-23, nan 
-35.375, 63.625, 1.409172482368302e-22, nan 
-35.125, 63.625, 1.2664340842024764e-22, nan 
-34.875, 63.625, 1.4704821863557591e-22, nan 
-34.625, 63.625, 7.88818141465877e-23, nan 
-34.375, 63.625, 1.1344021137158822e-22, nan 
-34.125, 63.625, 4.0860354416249394e-22, nan 
-33.875, 63.625, 2.6388794691478777e-22, nan 
-33.625, 63.625, 1.1198385832199365e-22, nan 
-33.375, 63.625, 1.007925261996328e-21, nan 
-33.125, 63.625, 7.52400183307302e-22, nan 
-32.875, 63.625, 2.84440605305349e-22, nan 
-32.625, 63.625, 7.190265020302928e-22, nan 
-32.375, 63.625, 5.980860085362613e-22, nan 
-32.125, 63.625, 4.432565795764692e-22, nan 
-31.875, 63.625, 2.425767559823591e-22, nan 
-31.625, 63.625, 2.0455965654417337e-22, nan 
-31.375, 63.625, 9.097012184183732e-22, nan 
-31.125, 63.625, 7.188346816992425e-22, nan 
-30.875, 63.625, 6.4286168998000285e-22, nan 
-30.625, 63.625, 9.271311247506667e-22, nan 
-30.375, 63.625, 1.0743403998332063e-21, nan 
-30.125, 63.625, 7.816183217099128e-22, nan 
-29.875, 63.625, 5.009552174152258e-22, nan 
-29.625, 63.625, 5.7493670281239285e-22, nan 
-29.375, 63.625, 8.702083653419524e-22, nan 
-29.125, 63.625, 6.406502537514028e-22, nan 
-28.875, 63.625, 5.009368852279038e-22, nan 
-28.625, 63.625, 3.130100299171629e-22, nan 
-28.375, 63.625, 5.511335214641596e-22, nan 
-28.125, 63.625, 4.1093410305688246e-22, nan 
-27.875, 63.625, 5.59907545601431e-22, nan 
-27.625, 63.625, 6.012993964492229e-22, nan 
-27.375, 63.625, 6.679389625924524e-22, nan 
-27.125, 63.625, 6.260750423746477e-22, nan 
-26.875, 63.625, 4.825381158405616e-22, nan 
-26.625, 63.625, 8.120049917095892e-22, nan 
-26.375, 63.625, 1.300920074578019e-21, nan 
-26.125, 63.625, 1.0225377133935529e-21, nan 
-25.875, 63.625, 1.992770111694921e-21, nan 
-25.625, 63.625, 1.822022355001363e-21, nan 
-25.375, 63.625, 1.579815080285709e-21, nan 
-25.125, 63.625, 2.7874754274205467e-21, nan 
-24.875, 63.625, 2.3187112059707167e-21, nan 
-24.625, 63.625, 2.097720568998568e-21, nan 
-24.375, 63.625, 1.6495735895131424e-21, nan 
-24.125, 63.625, 2.309615984030461e-21, nan 
-23.875, 63.625, 2.842134444507339e-21, nan 
-23.625, 63.625, 2.187430897135476e-21, nan 
-23.375, 63.625, 3.3610989874374103e-21, nan 
-23.125, 63.625, 3.758837784057071e-21, nan 
-22.875, 63.625, 3.911809249439937e-21, nan 
-22.625, 63.625, 3.084415665701916e-21, nan 
-22.375, 63.625, 3.153469384954229e-21, nan 
-22.125, 63.625, 5.281093973369736e-21, nan 
-21.875, 63.625, 4.1070460964624375e-21, nan 
-21.625, 63.625, 3.0690947130670964e-21, nan 
-21.375, 63.625, 4.0594651147341585e-21, nan 
-21.125, 63.625, 3.2101268619630084e-21, nan 
-20.875, 63.625, 8.275893971967508e-21, nan 
-20.625, 63.625, 6.75049969320135e-21, nan 
-20.375, 63.625, 6.121284784667537e-21, nan 
-20.125, 63.625, 4.3692070935734625e-21, nan 
-19.875, 63.625, 2.100346050134483e-21, nan 
-19.625, 63.625, 2.382223676942745e-21, nan 
-19.375, 63.625, 9.215722414003632e-22, nan 
-19.125, 63.625, 1.5131984429844635e-21, nan 
-18.875, 63.625, 2.1778604222694417e-21, nan 
-18.625, 63.625, 2.282715371961869e-21, nan 
-18.375, 63.625, 1.177477369820202e-21, nan 
-18.125, 63.625, 1.2341351159190228e-21, nan 
-17.875, 63.625, 2.6861358945116953e-21, nan 
-17.625, 63.625, 4.5878347031497006e-21, nan 
-17.375, 63.625, 5.939049510696723e-21, nan 
-17.125, 63.625, 2.3133613333607768e-21, nan 
-16.875, 63.625, 2.6061749512722303e-21, nan 
-16.625, 63.625, 5.488919951028219e-21, nan 
-16.375, 63.625, 2.1325873164351213e-21, nan 
-16.125, 63.625, 4.8281424866878555e-21, nan 
-15.875, 63.625, 2.161652900503038e-21, nan 
-15.625, 63.625, 1.4597591178698084e-21, nan 
-15.375, 63.625, 4.99103518299675e-21, nan 
-15.125, 63.625, 1.4646964632504859e-21, nan 
-14.875, 63.625, 2.450687722657364e-21, nan 
-14.625, 63.625, 4.897878117893161e-21, nan 
-14.375, 63.625, 3.0177722699977397e-21, nan 
-14.125, 63.625, 3.816663160709016e-21, nan 
-13.875, 63.625, 7.172180492607082e-21, nan 
-13.625, 63.625, 4.556936672391289e-21, nan 
-13.375, 63.625, 5.535044089914773e-21, nan 
-13.125, 63.625, 4.503521246087259e-21, nan 
-12.875, 63.625, 4.142931542340941e-21, nan 
-12.625, 63.625, 3.819459638437108e-21, nan 
-12.375, 63.625, 3.2078129556250067e-21, nan 
-12.125, 63.625, 3.504955547147991e-21, nan 
-11.875, 63.625, 3.6040087097334836e-21, nan 
-11.625, 63.625, 7.137817192354108e-21, nan 
-11.375, 63.625, 8.232014461581958e-21, nan 
-11.125, 63.625, 7.560951002818096e-21, nan 
-10.875, 63.625, 8.747518651569396e-21, nan 
-10.625, 63.625, 7.949974769924371e-21, nan 
-10.375, 63.625, 1.0328656253305699e-20, nan 
-10.125, 63.625, 6.622673348891738e-21, nan 
-9.875, 63.625, 6.789314565714631e-21, nan 
-9.625, 63.625, 8.137896907579127e-21, nan 
-9.375, 63.625, 5.52233864817251e-21, nan 
-9.125, 63.625, 8.34761933059403e-21, nan 
-8.875, 63.625, 1.2518185799296935e-20, nan 
-8.625, 63.625, 7.603808697779675e-21, nan 
-8.375, 63.625, 1.1194071588543313e-20, nan 
-81.375, 63.875, 9.014528457314557e-23, nan 
-81.125, 63.875, 9.219967741565692e-23, nan 
-80.875, 63.875, 9.216181226327724e-23, nan 
-80.625, 63.875, 1.235379423958992e-22, nan 
-80.375, 63.875, 9.557030018191405e-23, nan 
-80.125, 63.875, 9.135742257049236e-23, nan 
-79.875, 63.875, 1.037626663235556e-22, nan 
-79.625, 63.875, 9.554787850916685e-23, nan 
-79.375, 63.875, 1.0275428593720906e-22, nan 
-79.125, 63.875, 1.0164489723651433e-22, nan 
-78.875, 63.875, 8.837300487850183e-23, nan 
-78.625, 63.875, 1.0804737601661879e-22, nan 
-78.375, 63.875, 1.09788208541808e-22, nan 
-78.125, 63.875, 9.2855526533689e-23, nan 
-77.875, 63.875, 8.794553399434382e-23, nan 
-77.625, 63.875, 8.319842249105108e-23, nan 
-77.375, 63.875, 1.1026574126410723e-22, nan 
-77.125, 63.875, 1.1835695505284603e-22, nan 
-76.875, 63.875, 1.179431993120932e-22, nan 
-76.625, 63.875, 1.1119863393436707e-22, nan 
-76.375, 63.875, 9.623418112338875e-23, nan 
-76.125, 63.875, 8.398090099970562e-23, nan 
-75.875, 63.875, 1.084480041476973e-22, nan 
-75.625, 63.875, 1.3094488370490283e-22, nan 
-75.375, 63.875, 1.0671007765053749e-22, nan 
-75.125, 63.875, 9.006552160676233e-23, nan 
-74.875, 63.875, 1.0146778389378248e-22, nan 
-74.625, 63.875, 1.0639978427936938e-22, nan 
-74.375, 63.875, 9.590806388665253e-23, nan 
-74.125, 63.875, 1.0381853334054205e-22, nan 
-73.875, 63.875, 9.161880281756955e-23, nan 
-73.625, 63.875, 9.28446991788167e-23, nan 
-73.375, 63.875, 9.695197904706123e-23, nan 
-73.125, 63.875, 9.834609570810178e-23, nan 
-72.875, 63.875, 8.955758214293906e-23, nan 
-72.625, 63.875, 8.508386620029409e-23, nan 
-72.375, 63.875, 8.275779077246121e-23, nan 
-72.125, 63.875, 8.27284052145932e-23, nan 
-71.875, 63.875, 9.352506369454987e-23, nan 
-71.625, 63.875, 7.621737356111187e-23, nan 
-71.375, 63.875, 6.952256868357905e-23, nan 
-71.125, 63.875, 8.404140022152106e-23, nan 
-70.875, 63.875, 9.67869876102104e-23, nan 
-70.625, 63.875, 8.542703605763558e-23, nan 
-70.375, 63.875, 7.974393382034291e-23, nan 
-70.125, 63.875, 9.471459018903361e-23, nan 
-69.875, 63.875, 9.587364015115204e-23, nan 
-69.625, 63.875, 7.973611839494406e-23, nan 
-69.375, 63.875, 6.444466821322337e-23, nan 
-69.125, 63.875, 6.827054771192438e-23, nan 
-68.875, 63.875, 9.452048798658075e-23, nan 
-68.625, 63.875, 5.580722168052187e-22, nan 
-68.375, 63.875, 9.008983555741057e-23, nan 
-68.125, 63.875, 1.0691384395602676e-22, nan 
-67.875, 63.875, 1.1651589026807316e-21, nan 
-67.625, 63.875, 1.4351204517130552e-22, nan 
-67.375, 63.875, 1.2263312239837834e-22, nan 
-67.125, 63.875, 4.697666045276536e-22, nan 
-66.875, 63.875, 1.2805948484438068e-22, nan 
-66.625, 63.875, 1.2238221023515607e-22, nan 
-66.375, 63.875, 1.0220613229481513e-22, nan 
-66.125, 63.875, 8.909835419984628e-23, nan 
-65.875, 63.875, 9.876364207184177e-23, nan 
-65.625, 63.875, 1.026015950174739e-22, nan 
-65.375, 63.875, 9.318580021721549e-23, nan 
-65.125, 63.875, 3.121987045015697e-22, nan 
-64.875, 63.875, 6.446432221375871e-22, nan 
-64.625, 63.875, 1.3634744992046928e-22, nan 
-64.375, 63.875, 6.814007150280685e-22, nan 
-64.125, 63.875, 1.466064236728782e-21, nan 
-63.875, 63.875, 3.001976402636785e-22, nan 
-63.625, 63.875, 3.7162892307486976e-22, nan 
-63.375, 63.875, 6.0580041112798355e-22, nan 
-63.125, 63.875, 1.876272582930901e-22, nan 
-62.875, 63.875, 1.4233234265634577e-22, nan 
-62.625, 63.875, 1.0445326464947439e-22, nan 
-62.375, 63.875, 8.743089787529987e-23, nan 
-62.125, 63.875, 6.612348372173021e-23, nan 
-61.875, 63.875, 5.446896147337432e-23, nan 
-61.625, 63.875, 5.352241871684565e-23, nan 
-61.375, 63.875, 5.332712398512189e-23, nan 
-61.125, 63.875, 3.538797516182786e-23, nan 
-60.875, 63.875, 3.9046002511357566e-23, nan 
-60.625, 63.875, 4.563836443036527e-23, nan 
-60.375, 63.875, 6.324983845874456e-23, nan 
-60.125, 63.875, 7.671051293104053e-23, nan 
-59.875, 63.875, 5.40693770569365e-23, nan 
-59.625, 63.875, 6.38693783080561e-23, nan 
-59.375, 63.875, 7.465484693972066e-23, nan 
-59.125, 63.875, 7.086805505727673e-23, nan 
-58.875, 63.875, 9.121935061338876e-23, nan 
-58.625, 63.875, 8.28261637763673e-23, nan 
-58.375, 63.875, 7.607894308980641e-23, nan 
-58.125, 63.875, 1.096773926534098e-22, nan 
-57.875, 63.875, 7.239413488555088e-23, nan 
-57.625, 63.875, 5.861257060904874e-23, nan 
-57.375, 63.875, 9.097055291277248e-23, nan 
-57.125, 63.875, 6.915510165268926e-23, nan 
-56.875, 63.875, 4.8479526812345583e-23, nan 
-56.625, 63.875, 5.467028907240908e-23, nan 
-56.375, 63.875, 7.520128073641024e-23, nan 
-56.125, 63.875, 8.924012037206308e-23, nan 
-55.875, 63.875, 8.068810423386446e-23, nan 
-55.625, 63.875, 6.373830102710174e-23, nan 
-55.375, 63.875, 6.072340685094097e-23, nan 
-55.125, 63.875, 6.204804381326937e-23, nan 
-54.875, 63.875, 2.892738334324106e-23, nan 
-54.625, 63.875, 2.152078552745772e-23, nan 
-54.375, 63.875, 4.208429733650176e-23, nan 
-54.125, 63.875, 4.167819694530259e-23, nan 
-53.875, 63.875, 3.961544156613295e-23, nan 
-53.625, 63.875, 3.8333752521273185e-23, nan 
-53.375, 63.875, 5.112589840057246e-23, nan 
-53.125, 63.875, 4.2544333705811434e-23, nan 
-52.875, 63.875, 4.6517561974476344e-23, nan 
-52.625, 63.875, 7.681068846272883e-23, nan 
-52.375, 63.875, 2.731682140416832e-23, nan 
-52.125, 63.875, 4.158749895105102e-23, nan 
-51.875, 63.875, 3.856396191133163e-23, nan 
-51.625, 63.875, 2.4565139470727376e-23, nan 
-51.375, 63.875, 4.8194434734704376e-23, nan 
-51.125, 63.875, 7.514711347872506e-23, nan 
-50.875, 63.875, 8.789047289395246e-23, nan 
-50.625, 63.875, 1.2267404609766688e-22, nan 
-50.375, 63.875, 1.4152912875309942e-22, nan 
-50.125, 63.875, 1.2754210601150084e-22, nan 
-49.875, 63.875, 1.0299836570708926e-22, nan 
-49.625, 63.875, 3.3096621889820514e-23, nan 
-49.375, 63.875, 4.770906015697665e-23, nan 
-49.125, 63.875, 5.20539028595882e-23, nan 
-48.875, 63.875, 7.702473062702033e-23, nan 
-48.625, 63.875, 9.613929180633339e-23, nan 
-48.375, 63.875, 6.310707182449156e-23, nan 
-48.125, 63.875, 7.244972416486755e-23, nan 
-47.875, 63.875, 6.706576017977874e-23, nan 
-47.625, 63.875, 3.2820585457795414e-23, nan 
-47.375, 63.875, 3.463281555644627e-23, nan 
-47.125, 63.875, 4.1972668761168843e-23, nan 
-46.875, 63.875, 9.516930844707055e-23, nan 
-46.625, 63.875, 8.926182967874047e-23, nan 
-46.375, 63.875, 1.2653162417297383e-22, nan 
-46.125, 63.875, 9.913779543687826e-23, nan 
-45.875, 63.875, 5.0210772212764915e-23, nan 
-45.625, 63.875, 2.9924702909913304e-23, nan 
-45.375, 63.875, 2.522263927271413e-23, nan 
-45.125, 63.875, 2.6522295503608406e-23, nan 
-44.875, 63.875, 4.131936235475686e-23, nan 
-44.625, 63.875, 5.721188623420843e-23, nan 
-44.375, 63.875, 4.3337423099502494e-23, nan 
-44.125, 63.875, 5.836324625116707e-23, nan 
-43.875, 63.875, 7.361479901480272e-23, nan 
-43.625, 63.875, 9.979008860003509e-23, nan 
-43.375, 63.875, 8.430728219821991e-23, nan 
-43.125, 63.875, 5.562415416297279e-23, nan 
-42.875, 63.875, 1.5257879839495637e-22, nan 
-42.625, 63.875, 2.524631595198179e-23, nan 
-42.375, 63.875, 2.171517676579369e-22, nan 
-42.125, 63.875, 5.213145817790208e-22, nan 
-41.875, 63.875, 2.5592724591299414e-22, nan 
-41.625, 63.875, 3.2262129072576606e-22, nan 
-41.375, 63.875, 2.9464488225606948e-22, nan 
-41.125, 63.875, 1.5665056812501186e-22, nan 
-40.875, 63.875, 1.9009247690224742e-22, nan 
-40.625, 63.875, 1.804122465429646e-22, nan 
-40.375, 63.875, 4.722560923956463e-22, nan 
-40.125, 63.875, 1.0006472283009908e-22, nan 
-39.875, 63.875, 1.4705608125653164e-22, nan 
-39.625, 63.875, 5.85638758866194e-23, nan 
-39.375, 63.875, 1.2461779284521773e-22, nan 
-39.125, 63.875, 1.992011397343413e-22, nan 
-38.875, 63.875, 1.5609917556733704e-22, nan 
-38.625, 63.875, 1.4434412116178638e-22, nan 
-38.375, 63.875, 1.7181471205269473e-22, nan 
-38.125, 63.875, 2.5361221792312917e-22, nan 
-37.875, 63.875, 2.8876832286910947e-22, nan 
-37.625, 63.875, 1.2582696622676678e-22, nan 
-37.375, 63.875, 1.680572896271112e-22, nan 
-37.125, 63.875, 1.4462825508634597e-22, nan 
-36.875, 63.875, 1.2568889473775355e-22, nan 
-36.625, 63.875, 1.7167303018448282e-22, nan 
-36.375, 63.875, 2.585012343779805e-22, nan 
-36.125, 63.875, 1.8869264259590832e-22, nan 
-35.875, 63.875, 1.4738312328005766e-22, nan 
-35.625, 63.875, 2.2340998245284452e-22, nan 
-35.375, 63.875, 1.4365050248492333e-22, nan 
-35.125, 63.875, 1.5332498004698658e-22, nan 
-34.875, 63.875, 1.5361500027490689e-22, nan 
-34.625, 63.875, 1.6184022857699612e-22, nan 
-34.375, 63.875, 2.177007325764222e-22, nan 
-34.125, 63.875, 2.5983867917685676e-22, nan 
-33.875, 63.875, 2.8867816005138827e-22, nan 
-33.625, 63.875, 3.073788378850442e-22, nan 
-33.375, 63.875, 6.2868174169163515e-22, nan 
-33.125, 63.875, 4.9380377129417785e-22, nan 
-32.875, 63.875, 2.6947125245169974e-22, nan 
-32.625, 63.875, 2.599560755582718e-22, nan 
-32.375, 63.875, 2.1131493577445448e-22, nan 
-32.125, 63.875, 1.8308447720221914e-22, nan 
-31.875, 63.875, 1.6163646852244795e-22, nan 
-31.625, 63.875, 3.493922144959266e-22, nan 
-31.375, 63.875, 7.740803199080639e-22, nan 
-31.125, 63.875, 9.061839425403842e-22, nan 
-30.875, 63.875, 5.5955428168893645e-22, nan 
-30.625, 63.875, 6.179726235752812e-22, nan 
-30.375, 63.875, 6.365925844590313e-22, nan 
-30.125, 63.875, 6.412539488628024e-22, nan 
-29.875, 63.875, 5.407680479664142e-22, nan 
-29.625, 63.875, 3.964731792904578e-22, nan 
-29.375, 63.875, 1.2611341924864899e-21, nan 
-29.125, 63.875, 7.62846560921258e-22, nan 
-28.875, 63.875, 4.776710243638677e-22, nan 
-28.625, 63.875, 8.922748623343573e-22, nan 
-28.375, 63.875, 7.070990849968617e-22, nan 
-28.125, 63.875, 5.342010630135295e-22, nan 
-27.875, 63.875, 5.130525604912801e-22, nan 
-27.625, 63.875, 6.801937380757744e-22, nan 
-27.375, 63.875, 6.437493888722893e-22, nan 
-27.125, 63.875, 5.420719089075805e-22, nan 
-26.875, 63.875, 7.79546152772858e-22, nan 
-26.625, 63.875, 7.69663416592024e-22, nan 
-26.375, 63.875, 6.694705573206221e-22, nan 
-26.125, 63.875, 8.737920499607782e-22, nan 
-25.875, 63.875, 6.000431952824975e-22, nan 
-25.625, 63.875, 1.4577156703383798e-21, nan 
-25.375, 63.875, 1.3973985955775649e-21, nan 
-25.125, 63.875, 2.8221302202940435e-21, nan 
-24.875, 63.875, 2.291457794096833e-21, nan 
-24.625, 63.875, 2.4711164060001644e-21, nan 
-24.375, 63.875, 3.2665856764806846e-21, nan 
-24.125, 63.875, 2.5378759678881224e-21, nan 
-23.875, 63.875, 2.659749156377663e-21, nan 
-23.625, 63.875, 2.3755761889056208e-21, nan 
-23.375, 63.875, 3.0475860605981702e-21, nan 
-23.125, 63.875, 3.9922304747029895e-21, nan 
-22.875, 63.875, 2.93456150847706e-21, nan 
-22.625, 63.875, 2.9934386897435398e-21, nan 
-22.375, 63.875, 3.98859210630842e-21, nan 
-22.125, 63.875, 5.03756323562056e-21, nan 
-21.875, 63.875, 1.7028426519926017e-21, nan 
-21.625, 63.875, 1.766187807980834e-21, nan 
-21.375, 63.875, 1.2304642250713478e-21, nan 
-21.125, 63.875, 2.4134221029380988e-21, nan 
-20.875, 63.875, 1.850650534562028e-21, nan 
-20.625, 63.875, 2.6039549787587327e-21, nan 
-20.375, 63.875, 3.786394614244001e-21, nan 
-20.125, 63.875, 2.523538532818183e-21, nan 
-19.875, 63.875, 2.665629599992898e-21, nan 
-19.625, 63.875, 2.7634208998779702e-21, nan 
-19.375, 63.875, 2.4224712878406698e-21, nan 
-19.125, 63.875, 1.9026983125647274e-21, nan 
-18.875, 63.875, 2.7083828783878516e-21, nan 
-18.625, 63.875, 1.9450791612500367e-21, nan 
-18.375, 63.875, 3.41100074032669e-21, nan 
-18.125, 63.875, 5.309077438484914e-21, nan 
-17.875, 63.875, 2.821607481636303e-21, nan 
-17.625, 63.875, 7.21477240925023e-21, nan 
-17.375, 63.875, 8.48741967642542e-21, nan 
-17.125, 63.875, 3.4439352128378635e-21, nan 
-16.875, 63.875, 3.740292610203866e-21, nan 
-16.625, 63.875, 2.59955433867076e-21, nan 
-16.375, 63.875, 1.1585532934713458e-21, nan 
-16.125, 63.875, 5.1856377712679326e-21, nan 
-15.875, 63.875, 1.9132961309664314e-21, nan 
-15.625, 63.875, 1.155279826661169e-21, nan 
-15.375, 63.875, 5.581978073262387e-21, nan 
-15.125, 63.875, 3.003650789406285e-21, nan 
-14.875, 63.875, 1.8471260109727286e-21, nan 
-14.625, 63.875, 8.042598862887605e-21, nan 
-14.375, 63.875, 5.44604273439685e-21, nan 
-14.125, 63.875, 6.665821698140365e-21, nan 
-13.875, 63.875, 6.944583880899284e-21, nan 
-13.625, 63.875, 7.21512493168428e-21, nan 
-13.375, 63.875, 6.946847870020069e-21, nan 
-13.125, 63.875, 1.874013584700055e-21, nan 
-12.875, 63.875, 2.24108602476096e-21, nan 
-12.625, 63.875, 1.5431869140727138e-21, nan 
-12.375, 63.875, 6.132408488320387e-21, nan 
-12.125, 63.875, 7.018316582370015e-21, nan 
-11.875, 63.875, 8.075754884231193e-21, nan 
-11.625, 63.875, 8.751607039267895e-21, nan 
-11.375, 63.875, 9.487108916577575e-21, nan 
-11.125, 63.875, 1.2429197965916867e-20, nan 
-10.875, 63.875, 1.1667153688180175e-20, nan 
-10.625, 63.875, 1.0389794176885063e-20, nan 
-10.375, 63.875, 1.3981407494877833e-20, nan 
-10.125, 63.875, 8.403865177416484e-21, nan 
-9.875, 63.875, 1.559079471629002e-20, nan 
-9.625, 63.875, 3.0450319025315134e-20, nan 
-9.375, 63.875, 3.020860251153678e-20, nan 
-9.125, 63.875, 2.318848474577028e-20, nan 
-8.875, 63.875, 2.037173112292387e-20, nan 
-8.625, 63.875, 3.283564516838892e-20, nan 
-8.375, 63.875, 2.444011200487954e-20, nan 
-8.125, 63.875, 1.9073960500800594e-20, nan 
-7.875, 63.875, 8.712806039018217e-21, nan 
-7.625, 63.875, 9.548023855792332e-21, nan 
-81.875, 64.125, 1.0096541790427833e-22, nan 
-81.625, 64.125, 9.325208326175617e-23, nan 
-81.375, 64.125, 1.0388178741860542e-22, nan 
-81.125, 64.125, 1.0181990232684356e-22, nan 
-80.875, 64.125, 1.0377553993279844e-22, nan 
-80.625, 64.125, 1.2038654998513282e-22, nan 
-80.375, 64.125, 1.1366404696693522e-22, nan 
-80.125, 64.125, 1.0624055498398572e-22, nan 
-79.875, 64.125, 8.960453505089038e-23, nan 
-79.625, 64.125, 1.1453336231512324e-22, nan 
-79.375, 64.125, 1.2733891225465588e-22, nan 
-79.125, 64.125, 1.324448633373845e-22, nan 
-78.875, 64.125, 1.1158865129150435e-22, nan 
-78.625, 64.125, 1.008397984425772e-22, nan 
-78.375, 64.125, 1.0623151451931325e-22, nan 
-78.125, 64.125, 1.0619246700648454e-22, nan 
-77.875, 64.125, 8.102604700217718e-23, nan 
-77.625, 64.125, 8.652391211857378e-23, nan 
-77.375, 64.125, 9.752078262904974e-23, nan 
-77.125, 64.125, 9.507797502436913e-23, nan 
-76.875, 64.125, 1.0644192476030192e-22, nan 
-76.625, 64.125, 8.99856776328691e-23, nan 
-76.375, 64.125, 1.0664919076368522e-22, nan 
-76.125, 64.125, 9.065228723336907e-23, nan 
-75.875, 64.125, 9.653619543525639e-23, nan 
-75.625, 64.125, 1.224566644974968e-22, nan 
-75.375, 64.125, 1.197212747396217e-22, nan 
-75.125, 64.125, 1.0720960660199707e-22, nan 
-74.875, 64.125, 1.091197842739819e-22, nan 
-74.625, 64.125, 1.02692918138012e-22, nan 
-74.375, 64.125, 9.511672521285017e-23, nan 
-74.125, 64.125, 7.974595495988373e-23, nan 
-73.875, 64.125, 9.929448952778943e-23, nan 
-73.625, 64.125, 1.1980989141221151e-22, nan 
-73.375, 64.125, 1.3490943550300686e-22, nan 
-73.125, 64.125, 9.904991106020252e-23, nan 
-72.875, 64.125, 1.315264217142618e-22, nan 
-72.625, 64.125, 1.3527838941955705e-22, nan 
-72.375, 64.125, 1.0884170881316607e-22, nan 
-72.125, 64.125, 9.227496970293071e-23, nan 
-71.875, 64.125, 1.0413650239061112e-22, nan 
-71.625, 64.125, 9.54932396528117e-23, nan 
-71.375, 64.125, 1.0415594688421671e-22, nan 
-71.125, 64.125, 1.0402882690126509e-22, nan 
-70.875, 64.125, 1.0200443908539195e-22, nan 
-70.625, 64.125, 1.1279890514062324e-22, nan 
-70.375, 64.125, 1.0351910068059603e-22, nan 
-70.125, 64.125, 8.495800469689274e-23, nan 
-69.875, 64.125, 1.069636756357536e-22, nan 
-69.625, 64.125, 1.0163196297713072e-22, nan 
-69.375, 64.125, 1.0632027813780192e-22, nan 
-69.125, 64.125, 9.329512197084007e-23, nan 
-68.875, 64.125, 1.1376794725322509e-22, nan 
-68.625, 64.125, 1.2168505485811395e-22, nan 
-68.375, 64.125, 1.352879817873752e-22, nan 
-68.125, 64.125, 1.265058357430652e-22, nan 
-67.875, 64.125, 6.557606138682047e-22, nan 
-67.625, 64.125, 1.384083498393241e-22, nan 
-67.375, 64.125, 1.274963107564808e-22, nan 
-67.125, 64.125, 1.3662104994994296e-22, nan 
-66.875, 64.125, 1.3872878786669208e-22, nan 
-66.625, 64.125, 1.4127749982322275e-22, nan 
-66.375, 64.125, 1.1070077923772145e-22, nan 
-66.125, 64.125, 1.1038201707860586e-22, nan 
-65.875, 64.125, 9.11571706750173e-23, nan 
-65.625, 64.125, 8.065072932132853e-23, nan 
-65.375, 64.125, 7.806639098052014e-23, nan 
-65.125, 64.125, 9.927383572446297e-23, nan 
-64.875, 64.125, 8.877257816544936e-23, nan 
-64.625, 64.125, 1.4813241967211282e-22, nan 
-64.375, 64.125, 3.6394659561451225e-22, nan 
-64.125, 64.125, 8.88295491124418e-22, nan 
-63.875, 64.125, 2.592041455824856e-22, nan 
-63.625, 64.125, 1.9757658882625768e-22, nan 
-63.375, 64.125, 1.584041773876593e-22, nan 
-63.125, 64.125, 1.1573378943909251e-22, nan 
-62.875, 64.125, 1.1138237316670147e-22, nan 
-62.625, 64.125, 6.629499009621069e-23, nan 
-62.375, 64.125, 7.570984040484438e-23, nan 
-62.125, 64.125, 5.088864795795661e-23, nan 
-61.875, 64.125, 5.783347478413039e-23, nan 
-61.625, 64.125, 5.457458230079603e-23, nan 
-61.375, 64.125, 3.5377409753764527e-23, nan 
-61.125, 64.125, 3.591792264993031e-23, nan 
-60.875, 64.125, 3.6952389845347446e-23, nan 
-60.625, 64.125, 6.212760108642272e-23, nan 
-60.375, 64.125, 6.213311916596278e-23, nan 
-60.125, 64.125, 8.041072169164293e-23, nan 
-59.875, 64.125, 6.60671037955767e-23, nan 
-59.625, 64.125, 5.940983300719429e-23, nan 
-59.375, 64.125, 7.129948107576168e-23, nan 
-59.125, 64.125, 7.741062875256063e-23, nan 
-58.875, 64.125, 6.669037649556932e-23, nan 
-58.625, 64.125, 6.048995070774096e-23, nan 
-58.375, 64.125, 5.899708238505274e-23, nan 
-58.125, 64.125, 8.983214044731406e-23, nan 
-57.875, 64.125, 7.713114752437248e-23, nan 
-57.625, 64.125, 6.801352520822995e-23, nan 
-57.375, 64.125, 6.146040949422069e-23, nan 
-57.125, 64.125, 6.89834225431727e-23, nan 
-56.875, 64.125, 7.723260057634078e-23, nan 
-56.625, 64.125, 7.584111089585839e-23, nan 
-56.375, 64.125, 7.638442611026623e-23, nan 
-56.125, 64.125, 7.635775721373824e-23, nan 
-55.875, 64.125, 7.204601127854168e-23, nan 
-55.625, 64.125, 4.1032069647975555e-23, nan 
-55.375, 64.125, 3.9290904430516634e-23, nan 
-55.125, 64.125, 4.583340724776049e-23, nan 
-54.875, 64.125, 6.043377430947246e-23, nan 
-54.625, 64.125, 4.662007731088747e-23, nan 
-54.375, 64.125, 3.61589557152797e-23, nan 
-54.125, 64.125, 3.4608070095734373e-23, nan 
-53.875, 64.125, 5.092181245422043e-23, nan 
-53.625, 64.125, 5.617953547277854e-23, nan 
-53.375, 64.125, 6.939661391676884e-23, nan 
-53.125, 64.125, 6.051017894914708e-23, nan 
-52.875, 64.125, 5.336633521502329e-23, nan 
-52.625, 64.125, 7.94011277921672e-23, nan 
-52.375, 64.125, 5.297663001734247e-23, nan 
-52.125, 64.125, 4.058619529973347e-23, nan 
-51.875, 64.125, 3.3000615216469725e-23, nan 
-51.625, 64.125, 4.132138665363271e-23, nan 
-51.375, 64.125, 1.2667115828740037e-22, nan 
-51.125, 64.125, 1.6605823408729037e-22, nan 
-50.875, 64.125, 1.5412548727271134e-22, nan 
-50.625, 64.125, 1.5082825346377366e-22, nan 
-50.375, 64.125, 1.537580809509245e-22, nan 
-50.125, 64.125, 1.2649173348500153e-22, nan 
-49.875, 64.125, 6.623984066923316e-23, nan 
-49.625, 64.125, 4.576064201715237e-23, nan 
-49.375, 64.125, 5.2753112231779415e-23, nan 
-49.125, 64.125, 9.624716808023721e-23, nan 
-48.875, 64.125, 7.938786472431853e-23, nan 
-48.625, 64.125, 7.482150463139215e-23, nan 
-48.375, 64.125, 1.0206512768371092e-22, nan 
-48.125, 64.125, 7.531181119751873e-23, nan 
-47.875, 64.125, 5.422125516939462e-23, nan 
-47.625, 64.125, 3.856713602627912e-23, nan 
-47.375, 64.125, 2.721706130678751e-23, nan 
-47.125, 64.125, 4.2767384232786964e-23, nan 
-46.875, 64.125, 3.928462928618091e-23, nan 
-46.625, 64.125, 4.0164580892969654e-23, nan 
-46.375, 64.125, 3.356936003908902e-23, nan 
-46.125, 64.125, 2.644155570563017e-23, nan 
-45.875, 64.125, 3.093929136037928e-23, nan 
-45.625, 64.125, 4.4272327127560583e-23, nan 
-45.375, 64.125, 3.631240465611725e-23, nan 
-45.125, 64.125, 5.185893754501537e-23, nan 
-44.875, 64.125, 6.413555333863771e-23, nan 
-44.625, 64.125, 6.922562428310195e-23, nan 
-44.375, 64.125, 1.30184505684267e-22, nan 
-44.125, 64.125, 1.532147754062405e-22, nan 
-43.875, 64.125, 2.192507785112235e-22, nan 
-43.625, 64.125, 1.182606609572177e-22, nan 
-43.375, 64.125, 1.2058493103979862e-22, nan 
-43.125, 64.125, 1.1800892314986597e-22, nan 
-42.875, 64.125, 1.4715051439544303e-22, nan 
-42.625, 64.125, 1.6142893905873124e-22, nan 
-42.375, 64.125, 2.435827827236443e-22, nan 
-42.125, 64.125, 4.059168841351783e-22, nan 
-41.875, 64.125, 2.722694656393926e-22, nan 
-41.625, 64.125, 2.7281721124287843e-22, nan 
-41.375, 64.125, 1.4775453267591306e-22, nan 
-41.125, 64.125, 1.6143371065420815e-22, nan 
-40.875, 64.125, 9.843134931462893e-23, nan 
-40.625, 64.125, 1.1950776289374516e-22, nan 
-40.375, 64.125, 1.2598241341199892e-22, nan 
-40.125, 64.125, 1.6525537881595648e-22, nan 
-39.875, 64.125, 2.8753174306211466e-22, nan 
-39.625, 64.125, 1.1256065300730544e-22, nan 
-39.375, 64.125, 2.663666152818159e-22, nan 
-39.125, 64.125, 4.876723103925105e-22, nan 
-38.875, 64.125, 8.285849350221922e-23, nan 
-38.625, 64.125, 1.8799937045547099e-22, nan 
-38.375, 64.125, 2.2590583626352992e-22, nan 
-38.125, 64.125, 1.8146113668575168e-22, nan 
-37.875, 64.125, 2.614082457175074e-22, nan 
-37.625, 64.125, 1.4320232398033868e-22, nan 
-37.375, 64.125, 1.1112808931626198e-22, nan 
-37.125, 64.125, 1.632656680716011e-22, nan 
-36.875, 64.125, 1.8281745288854132e-22, nan 
-36.625, 64.125, 1.5208233471433126e-22, nan 
-36.375, 64.125, 2.300376938126761e-22, nan 
-36.125, 64.125, 2.5408811425784217e-22, nan 
-35.875, 64.125, 2.1974635201076286e-22, nan 
-35.625, 64.125, 1.9953068725593113e-22, nan 
-35.375, 64.125, 1.0614236299011178e-22, nan 
-35.125, 64.125, 2.0420702212257573e-22, nan 
-34.875, 64.125, 2.349364638723601e-22, nan 
-34.625, 64.125, 2.0604272832365828e-22, nan 
-34.375, 64.125, 2.307228350096846e-22, nan 
-34.125, 64.125, 2.8015782552172383e-22, nan 
-33.875, 64.125, 3.1413574235666423e-22, nan 
-33.625, 64.125, 3.3596244798886744e-22, nan 
-33.375, 64.125, 4.0593437687717743e-22, nan 
-33.125, 64.125, 2.1307451889905073e-22, nan 
-32.875, 64.125, 2.275099996255926e-22, nan 
-32.625, 64.125, 6.948964562346643e-23, nan 
-32.375, 64.125, 2.5782115249104525e-22, nan 
-32.125, 64.125, 2.4237670557306874e-22, nan 
-31.875, 64.125, 5.732684120825431e-22, nan 
-31.625, 64.125, 1.0606778221776915e-21, nan 
-31.375, 64.125, 8.548157353411726e-22, nan 
-31.125, 64.125, 1.0502172676625738e-21, nan 
-30.875, 64.125, 7.305083463253935e-22, nan 
-30.625, 64.125, 5.471907274602201e-22, nan 
-30.375, 64.125, 2.277882298246196e-22, nan 
-30.125, 64.125, 8.697789112126398e-22, nan 
-29.875, 64.125, 1.2131806354619991e-21, nan 
-29.625, 64.125, 5.854786583323929e-22, nan 
-29.375, 64.125, 9.272176090401739e-22, nan 
-29.125, 64.125, 1.086746200896271e-21, nan 
-28.875, 64.125, 8.399209810278379e-22, nan 
-28.625, 64.125, 1.0129508955244766e-21, nan 
-28.375, 64.125, 1.171787935741213e-21, nan 
-28.125, 64.125, 1.2328346597770449e-21, nan 
-27.875, 64.125, 3.539328811358925e-22, nan 
-27.625, 64.125, 1.0669856278293853e-21, nan 
-27.375, 64.125, 1.2203164935754044e-21, nan 
-27.125, 64.125, 6.029942385349164e-22, nan 
-26.875, 64.125, 1.264753142541565e-21, nan 
-26.625, 64.125, 1.4232717980426538e-21, nan 
-26.375, 64.125, 1.1478866596103182e-21, nan 
-26.125, 64.125, 1.6328823739049594e-21, nan 
-25.875, 64.125, 1.2553576346516967e-21, nan 
-25.625, 64.125, 1.0905455028031822e-21, nan 
-25.375, 64.125, 1.2238068735901357e-21, nan 
-25.125, 64.125, 1.1555960493545528e-21, nan 
-24.875, 64.125, 2.118706418141425e-21, nan 
-24.625, 64.125, 2.5944226339706143e-21, nan 
-24.375, 64.125, 3.5924233467789865e-21, nan 
-24.125, 64.125, 2.879634101643712e-21, nan 
-23.875, 64.125, 3.3378470026517655e-21, nan 
-23.625, 64.125, 3.8226510440688315e-21, nan 
-23.375, 64.125, 3.0272789802740264e-21, nan 
-23.125, 64.125, 3.52178912497414e-21, nan 
-22.875, 64.125, 2.0581957787707115e-21, nan 
-22.625, 64.125, 2.4069215428162153e-21, nan 
-22.375, 64.125, 3.220866199505386e-21, nan 
-22.125, 64.125, 2.3593307742496725e-21, nan 
-21.875, 64.125, 1.769140215655755e-21, nan 
-21.625, 64.125, 1.7125082339437585e-21, nan 
-21.375, 64.125, 1.7528784833474575e-21, nan 
-21.125, 64.125, 1.624511850182104e-21, nan 
-20.875, 64.125, 3.6369439264290224e-21, nan 
-20.625, 64.125, 2.8236757902081554e-21, nan 
-20.375, 64.125, 2.23436675700969e-21, nan 
-20.125, 64.125, 2.255476220454592e-21, nan 
-19.875, 64.125, 3.2517112116512666e-21, nan 
-19.625, 64.125, 2.0995049284094274e-21, nan 
-19.375, 64.125, 2.2479054875655804e-21, nan 
-19.125, 64.125, 3.076484715494422e-21, nan 
-18.875, 64.125, 1.501544771149722e-21, nan 
-18.625, 64.125, 9.800761492026315e-22, nan 
-18.375, 64.125, 1.9407483177921774e-21, nan 
-18.125, 64.125, 4.054322178635755e-21, nan 
-17.875, 64.125, 2.2964283444680914e-21, nan 
-17.625, 64.125, 6.2271131716161974e-21, nan 
-17.375, 64.125, 7.338286828236835e-21, nan 
-17.125, 64.125, 3.789942173365651e-21, nan 
-16.875, 64.125, 3.489115759875269e-21, nan 
-16.625, 64.125, 3.381541292478374e-21, nan 
-16.375, 64.125, 2.4395775015465393e-21, nan 
-16.125, 64.125, 3.0933137719822738e-21, nan 
-15.875, 64.125, 3.949798742452305e-21, nan 
-15.625, 64.125, 1.8463601968849024e-21, nan 
-15.375, 64.125, 4.245610115575613e-21, nan 
-15.125, 64.125, 6.104910591738024e-21, nan 
-14.875, 64.125, 2.597148210961579e-21, nan 
-14.625, 64.125, 5.5860933376612984e-21, nan 
-14.375, 64.125, 7.263691036194983e-21, nan 
-14.125, 64.125, 6.709097593351195e-21, nan 
-13.875, 64.125, 5.8844141012978304e-21, nan 
-13.625, 64.125, 1.0758045079553093e-20, nan 
-13.375, 64.125, 7.824456190099633e-21, nan 
-13.125, 64.125, 3.661795358068614e-21, nan 
-12.875, 64.125, 3.679339327453933e-21, nan 
-12.625, 64.125, 3.853295576735771e-21, nan 
-12.375, 64.125, 6.6336139353948975e-21, nan 
-12.125, 64.125, 7.65999696154199e-21, nan 
-11.875, 64.125, 1.0791970497273406e-20, nan 
-11.625, 64.125, 1.1540046737480948e-20, nan 
-11.375, 64.125, 1.3532643748404872e-20, nan 
-11.125, 64.125, 1.391646362128551e-20, nan 
-10.875, 64.125, 2.6611276199286223e-20, nan 
-10.625, 64.125, 4.543410830502975e-20, nan 
-10.375, 64.125, 6.050059536423313e-20, nan 
-10.125, 64.125, 6.720680417551799e-20, nan 
-9.875, 64.125, 5.361088345083447e-20, nan 
-9.625, 64.125, 4.894674654788371e-20, nan 
-9.375, 64.125, 4.7409050179444356e-20, nan 
-9.125, 64.125, 4.316218833160912e-20, nan 
-8.875, 64.125, 4.0537516128148646e-20, nan 
-8.625, 64.125, 4.61761884155522e-20, nan 
-8.375, 64.125, 4.2945426742987956e-20, nan 
-8.125, 64.125, 3.774109036485793e-20, nan 
-7.875, 64.125, 3.106997004993676e-20, nan 
-7.625, 64.125, 1.8871723066390067e-20, nan 
-7.375, 64.125, 7.10992953954986e-21, nan 
-7.125, 64.125, 7.573750078846274e-21, nan 
-82.125, 64.375, 1.0128268671706488e-22, nan 
-81.875, 64.375, 9.81056370810441e-23, nan 
-81.625, 64.375, 9.911576590302217e-23, nan 
-81.375, 64.375, 1.0273124442124932e-22, nan 
-81.125, 64.375, 1.1047813190270948e-22, nan 
-80.875, 64.375, 9.075389228361451e-23, nan 
-80.625, 64.375, 8.796969024736874e-23, nan 
-80.375, 64.375, 1.3285550345326653e-22, nan 
-80.125, 64.375, 1.7524940754952644e-22, nan 
-79.875, 64.375, 1.9462206705555408e-22, nan 
-79.625, 64.375, 1.1773310598433462e-22, nan 
-79.375, 64.375, 1.3878599482634818e-22, nan 
-79.125, 64.375, 1.5540219181226025e-22, nan 
-78.875, 64.375, 1.1102730219943537e-22, nan 
-78.625, 64.375, 7.789689112127167e-23, nan 
-78.375, 64.375, 7.783343116210306e-23, nan 
-78.125, 64.375, 7.562565533131495e-23, nan 
-77.875, 64.375, 9.591060476047932e-23, nan 
-77.625, 64.375, 9.924608083814405e-23, nan 
-77.375, 64.375, 9.3746450509481e-23, nan 
-77.125, 64.375, 9.704707178948587e-23, nan 
-76.875, 64.375, 1.2227369935743256e-22, nan 
-76.625, 64.375, 1.2581739683528083e-22, nan 
-76.375, 64.375, 1.1893578253284972e-22, nan 
-76.125, 64.375, 1.1722071281861918e-22, nan 
-75.875, 64.375, 1.1674441302974059e-22, nan 
-75.625, 64.375, 1.2441884533404878e-22, nan 
-75.375, 64.375, 1.2770444945266402e-22, nan 
-75.125, 64.375, 1.2406213633003433e-22, nan 
-74.875, 64.375, 1.0989715024031453e-22, nan 
-74.625, 64.375, 1.1539455549077033e-22, nan 
-74.375, 64.375, 8.059340319638767e-23, nan 
-74.125, 64.375, 8.640596851654183e-23, nan 
-73.875, 64.375, 1.0287746326755361e-22, nan 
-73.625, 64.375, 1.5971522430262156e-22, nan 
-73.375, 64.375, 1.4009848214384422e-22, nan 
-73.125, 64.375, 1.158010318815227e-22, nan 
-72.875, 64.375, 1.3408305442857267e-22, nan 
-72.625, 64.375, 1.125980785642639e-22, nan 
-72.375, 64.375, 1.1705603498754176e-22, nan 
-72.125, 64.375, 1.03074911579413e-22, nan 
-71.875, 64.375, 1.0647507891251156e-22, nan 
-71.625, 64.375, 7.993126240983555e-23, nan 
-71.375, 64.375, 1.2238705784801248e-22, nan 
-71.125, 64.375, 1.1382932032937528e-22, nan 
-70.875, 64.375, 1.0847470978561607e-22, nan 
-70.625, 64.375, 1.1324114389273387e-22, nan 
-70.375, 64.375, 1.11287487574079e-22, nan 
-70.125, 64.375, 1.1354421112605822e-22, nan 
-69.875, 64.375, 1.09449330142477e-22, nan 
-69.625, 64.375, 1.1226990753314627e-22, nan 
-69.375, 64.375, 1.2306570770576213e-22, nan 
-69.125, 64.375, 1.2698505316805894e-22, nan 
-68.875, 64.375, 1.2755498574457956e-22, nan 
-68.625, 64.375, 1.2547753961466906e-22, nan 
-68.375, 64.375, 1.3650177201241702e-22, nan 
-68.125, 64.375, 1.2084117687204234e-22, nan 
-67.875, 64.375, 1.2859216575173039e-22, nan 
-67.625, 64.375, 1.3078495837652286e-22, nan 
-67.375, 64.375, 1.2636268854335283e-22, nan 
-67.125, 64.375, 1.0832441515065878e-22, nan 
-66.875, 64.375, 9.848044307763176e-23, nan 
-66.625, 64.375, 1.0713569013006223e-22, nan 
-66.375, 64.375, 9.854668065010213e-23, nan 
-66.125, 64.375, 1.1478270527753782e-22, nan 
-65.875, 64.375, 1.0802527738952312e-22, nan 
-65.625, 64.375, 1.0217733006133938e-22, nan 
-65.375, 64.375, 9.955405348573211e-23, nan 
-65.125, 64.375, 1.270009697289274e-22, nan 
-64.875, 64.375, 1.4239624263268676e-22, nan 
-64.625, 64.375, 1.5567658694944528e-22, nan 
-64.375, 64.375, 1.3476723418612207e-22, nan 
-64.125, 64.375, 1.7437781250929122e-22, nan 
-63.875, 64.375, 1.3767574864998378e-22, nan 
-63.625, 64.375, 1.282787301354668e-22, nan 
-63.375, 64.375, 8.376617734538631e-23, nan 
-63.125, 64.375, 8.281373228331469e-23, nan 
-62.875, 64.375, 7.256527801221896e-23, nan 
-62.625, 64.375, 6.590088452929215e-23, nan 
-62.375, 64.375, 8.206946291070183e-23, nan 
-62.125, 64.375, 8.332239099685494e-23, nan 
-61.875, 64.375, 6.990598899829497e-23, nan 
-61.625, 64.375, 7.685013061473805e-23, nan 
-61.375, 64.375, 7.315961006013453e-23, nan 
-61.125, 64.375, 6.044682002180611e-23, nan 
-60.875, 64.375, 5.541801251487116e-23, nan 
-60.625, 64.375, 5.63317160893463e-23, nan 
-60.375, 64.375, 7.608336527088012e-23, nan 
-60.125, 64.375, 7.375533275315749e-23, nan 
-59.875, 64.375, 6.377592941338586e-23, nan 
-59.625, 64.375, 8.701892716340057e-23, nan 
-59.375, 64.375, 7.431873587402025e-23, nan 
-59.125, 64.375, 7.491448871340722e-23, nan 
-58.875, 64.375, 4.119486644415029e-23, nan 
-58.625, 64.375, 5.638554698780954e-23, nan 
-58.375, 64.375, 6.36748701268402e-23, nan 
-58.125, 64.375, 8.588235288432848e-23, nan 
-57.875, 64.375, 7.729042941818744e-23, nan 
-57.625, 64.375, 9.453604311075456e-23, nan 
-57.375, 64.375, 8.815220188406976e-23, nan 
-57.125, 64.375, 1.0041612151144446e-22, nan 
-56.875, 64.375, 7.789482282891873e-23, nan 
-56.625, 64.375, 6.911559758549102e-23, nan 
-56.375, 64.375, 6.497414642791105e-23, nan 
-56.125, 64.375, 7.565784343111708e-23, nan 
-55.875, 64.375, 1.1252755763495832e-22, nan 
-55.625, 64.375, 7.530821058533693e-23, nan 
-55.375, 64.375, 6.760525607178464e-23, nan 
-55.125, 64.375, 9.605079887294482e-23, nan 
-54.875, 64.375, 1.0356728833069769e-22, nan 
-54.625, 64.375, 7.95639299064831e-23, nan 
-54.375, 64.375, 7.260941700099124e-23, nan 
-54.125, 64.375, 1.2028674370572122e-22, nan 
-53.875, 64.375, 6.550806914293265e-23, nan 
-53.625, 64.375, 6.211577254750188e-23, nan 
-53.375, 64.375, 8.571931767708088e-23, nan 
-53.125, 64.375, 5.591076870660102e-23, nan 
-52.875, 64.375, 2.881739996691821e-23, nan 
-52.625, 64.375, 2.8729598829841137e-23, nan 
-52.375, 64.375, 2.1613786065923234e-23, nan 
-52.125, 64.375, 1.9537377712146416e-23, nan 
-51.875, 64.375, 9.494192141974098e-23, nan 
-51.625, 64.375, 1.3051014058067874e-22, nan 
-51.375, 64.375, 1.9401587280053216e-22, nan 
-51.125, 64.375, 1.8999305957857602e-22, nan 
-50.875, 64.375, 1.7316171757069904e-22, nan 
-50.625, 64.375, 1.3673870257575932e-22, nan 
-50.375, 64.375, 1.0441542149219145e-22, nan 
-50.125, 64.375, 7.395420581714031e-23, nan 
-49.875, 64.375, 8.363426848506177e-23, nan 
-49.625, 64.375, 8.475459479417041e-23, nan 
-49.375, 64.375, 9.817378571109129e-23, nan 
-49.125, 64.375, 1.256914452082388e-22, nan 
-48.875, 64.375, 1.1583233226652237e-22, nan 
-48.625, 64.375, 9.120296467516174e-23, nan 
-48.375, 64.375, 8.704714814334458e-23, nan 
-48.125, 64.375, 7.27782403427107e-23, nan 
-47.875, 64.375, 4.698964075749043e-23, nan 
-47.625, 64.375, 4.178099052382899e-23, nan 
-47.375, 64.375, 4.377990127469425e-23, nan 
-47.125, 64.375, 5.441657227978013e-23, nan 
-46.875, 64.375, 7.066464483032951e-23, nan 
-46.625, 64.375, 8.80335364038116e-23, nan 
-46.375, 64.375, 7.180691791850463e-23, nan 
-46.125, 64.375, 4.642643460062743e-23, nan 
-45.875, 64.375, 4.700264883636426e-23, nan 
-45.625, 64.375, 4.7254734053331326e-23, nan 
-45.375, 64.375, 5.775255572520717e-23, nan 
-45.125, 64.375, 1.4410613088211517e-22, nan 
-44.875, 64.375, 1.7283844330005778e-22, nan 
-44.625, 64.375, 2.268070018047903e-22, nan 
-44.375, 64.375, 1.9932755269235237e-22, nan 
-44.125, 64.375, 2.5742429753970143e-22, nan 
-43.875, 64.375, 3.528824089411277e-22, nan 
-43.625, 64.375, 1.4024777309245033e-22, nan 
-43.375, 64.375, 2.0771706478754383e-22, nan 
-43.125, 64.375, 2.631973842743337e-22, nan 
-42.875, 64.375, 2.42041811727994e-22, nan 
-42.625, 64.375, 2.3733165870464973e-22, nan 
-42.375, 64.375, 1.9377352728852278e-22, nan 
-42.125, 64.375, 2.0254042425519467e-22, nan 
-41.875, 64.375, 1.7055181223749163e-22, nan 
-41.625, 64.375, 1.3048416647867634e-22, nan 
-41.375, 64.375, 1.3592254359082578e-22, nan 
-41.125, 64.375, 1.6760999943466866e-22, nan 
-40.875, 64.375, 1.0770791198374383e-22, nan 
-40.625, 64.375, 1.2682598091624804e-22, nan 
-40.375, 64.375, 8.168641459402555e-23, nan 
-40.125, 64.375, 1.543150070820692e-22, nan 
-39.875, 64.375, 8.088673375991657e-23, nan 
-39.625, 64.375, 1.8379376560161974e-22, nan 
-39.375, 64.375, 2.072315514817323e-22, nan 
-39.125, 64.375, 4.391077323192732e-22, nan 
-38.875, 64.375, 1.560430446815446e-22, nan 
-38.625, 64.375, 1.5980224413344896e-22, nan 
-38.375, 64.375, 2.1350807665336717e-22, nan 
-38.125, 64.375, 1.4623178988747958e-22, nan 
-37.875, 64.375, 1.2402189403437007e-22, nan 
-37.625, 64.375, 1.8560164447262343e-22, nan 
-37.375, 64.375, 1.7691488405957715e-22, nan 
-37.125, 64.375, 1.1524422276669924e-22, nan 
-36.875, 64.375, 1.4923620423730285e-22, nan 
-36.625, 64.375, 2.5481999767449276e-22, nan 
-36.375, 64.375, 2.751861637723911e-22, nan 
-36.125, 64.375, 2.474758743473508e-22, nan 
-35.875, 64.375, 2.103657828462085e-22, nan 
-35.625, 64.375, 3.0136483523347853e-22, nan 
-35.375, 64.375, 2.306353522477279e-22, nan 
-35.125, 64.375, 2.0566481496307852e-22, nan 
-34.875, 64.375, 1.6791331698475873e-22, nan 
-34.625, 64.375, 1.328542587391449e-22, nan 
-34.375, 64.375, 2.0182162288062323e-22, nan 
-34.125, 64.375, 3.1197456373446535e-22, nan 
-33.875, 64.375, 3.266838210581517e-22, nan 
-33.625, 64.375, 3.09138371120221e-22, nan 
-33.375, 64.375, 4.207363116905341e-22, nan 
-33.125, 64.375, 3.8688253769183053e-22, nan 
-32.875, 64.375, 6.278055688217505e-22, nan 
-32.625, 64.375, 4.161589016849217e-22, nan 
-32.375, 64.375, 5.901160411840932e-22, nan 
-32.125, 64.375, 7.329273870294885e-22, nan 
-31.875, 64.375, 7.818291077570631e-22, nan 
-31.625, 64.375, 1.2951311532711687e-21, nan 
-31.375, 64.375, 9.556245649967992e-22, nan 
-31.125, 64.375, 7.71974665887737e-22, nan 
-30.875, 64.375, 5.916716642500751e-22, nan 
-30.625, 64.375, 3.2787572771208854e-22, nan 
-30.375, 64.375, 6.6665577025172085e-22, nan 
-30.125, 64.375, 8.189245831446114e-22, nan 
-29.875, 64.375, 1.4527826618797453e-21, nan 
-29.625, 64.375, 7.976034516462543e-22, nan 
-29.375, 64.375, 1.0294910739217638e-21, nan 
-29.125, 64.375, 9.145597695249873e-22, nan 
-28.875, 64.375, 9.170171311671672e-22, nan 
-28.625, 64.375, 1.5397847951265772e-21, nan 
-28.375, 64.375, 1.3249706845743073e-21, nan 
-28.125, 64.375, 9.36264969109356e-22, nan 
-27.875, 64.375, 1.146580499522989e-21, nan 
-27.625, 64.375, 1.3438158292098474e-21, nan 
-27.375, 64.375, 1.417793635325869e-21, nan 
-27.125, 64.375, 9.858075035505627e-22, nan 
-26.875, 64.375, 1.2097581584405634e-21, nan 
-26.625, 64.375, 2.000377395609808e-21, nan 
-26.375, 64.375, 1.8097427485121502e-21, nan 
-26.125, 64.375, 2.1616758513893362e-21, nan 
-25.875, 64.375, 3.355547259426364e-21, nan 
-25.625, 64.375, 2.4209458832808202e-21, nan 
-25.375, 64.375, 1.9126853066058618e-21, nan 
-25.125, 64.375, 1.6745356162351442e-21, nan 
-24.875, 64.375, 2.5817953855428502e-21, nan 
-24.625, 64.375, 3.36258691155755e-21, nan 
-24.375, 64.375, 2.4392421743037605e-21, nan 
-24.125, 64.375, 2.8370429594389516e-21, nan 
-23.875, 64.375, 3.840253088348398e-21, nan 
-23.625, 64.375, 3.4600873359547385e-21, nan 
-23.375, 64.375, 2.152952119629939e-21, nan 
-23.125, 64.375, 2.4099978621188673e-21, nan 
-22.875, 64.375, 1.7646106262893655e-21, nan 
-22.625, 64.375, 8.703837639293408e-22, nan 
-22.375, 64.375, 1.043759674100224e-21, nan 
-22.125, 64.375, 1.7259831211059002e-21, nan 
-21.875, 64.375, 2.571118983839163e-21, nan 
-21.625, 64.375, 4.1202484868077245e-21, nan 
-21.375, 64.375, 4.970218345137545e-21, nan 
-21.125, 64.375, 2.810021762233947e-21, nan 
-20.875, 64.375, 4.841744107798038e-21, nan 
-20.625, 64.375, 5.002552479341128e-21, nan 
-20.375, 64.375, 3.3466276826285052e-21, nan 
-20.125, 64.375, 2.521337113627475e-21, nan 
-19.875, 64.375, 2.01466103934055e-21, nan 
-19.625, 64.375, 2.144102543640339e-21, nan 
-19.375, 64.375, 1.4994837090449669e-21, nan 
-19.125, 64.375, 2.195273920906469e-21, nan 
-18.875, 64.375, 1.3754865343918868e-21, nan 
-18.625, 64.375, 5.309008317057868e-22, nan 
-18.375, 64.375, 1.1284746589843245e-21, nan 
-18.125, 64.375, 1.1717750288356428e-21, nan 
-17.875, 64.375, 1.8190021124623183e-21, nan 
-17.625, 64.375, 1.9726294500997234e-21, nan 
-17.375, 64.375, 4.987212438772668e-21, nan 
-17.125, 64.375, 4.5485467261317066e-21, nan 
-16.875, 64.375, 3.053382163504292e-21, nan 
-16.625, 64.375, 4.1783285280562276e-21, nan 
-16.375, 64.375, 3.082574945593723e-21, nan 
-16.125, 64.375, 1.840182535325075e-21, nan 
-15.875, 64.375, 1.3505114900463256e-21, nan 
-15.625, 64.375, 1.8325895366072224e-21, nan 
-15.375, 64.375, 2.383412600715812e-21, nan 
-15.125, 64.375, 4.981948574916714e-21, nan 
-14.875, 64.375, 1.709768977319069e-21, nan 
-14.625, 64.375, 3.347599427211618e-21, nan 
-14.375, 64.375, 2.8859540179615987e-21, nan 
-14.125, 64.375, 3.0840374676438815e-21, nan 
-13.875, 64.375, 4.275729971813667e-21, nan 
-13.625, 64.375, 7.69036028199192e-21, nan 
-13.375, 64.375, 6.254150926805361e-21, nan 
-13.125, 64.375, 3.863171073030163e-21, nan 
-12.875, 64.375, 4.032009065751731e-21, nan 
-12.625, 64.375, 8.132313233989206e-21, nan 
-12.375, 64.375, 1.197906719452794e-20, nan 
-12.125, 64.375, 1.6201625627406407e-20, nan 
-11.875, 64.375, 1.8394153720640565e-20, nan 
-11.625, 64.375, 1.9436920411367945e-20, nan 
-11.375, 64.375, 3.264287214920692e-20, nan 
-11.125, 64.375, 6.082009004055732e-20, nan 
-10.875, 64.375, 5.61118870421063e-20, nan 
-10.625, 64.375, 7.38143749825419e-20, nan 
-10.375, 64.375, 7.814545476308718e-20, nan 
-10.125, 64.375, 7.132088044371816e-20, nan 
-9.875, 64.375, 5.071165789139905e-20, nan 
-9.625, 64.375, 2.839723630107073e-20, nan 
-9.375, 64.375, 2.515862476847466e-20, nan 
-9.125, 64.375, 3.1981021853254365e-20, nan 
-8.875, 64.375, 3.119838750381333e-20, nan 
-8.625, 64.375, 2.3798388131712898e-20, nan 
-8.375, 64.375, 3.7606765736359885e-20, nan 
-8.125, 64.375, 4.4015865083877166e-20, nan 
-7.875, 64.375, 3.844400109716002e-20, nan 
-7.625, 64.375, 3.344453832130069e-20, nan 
-7.375, 64.375, 3.102169674197499e-20, nan 
-7.125, 64.375, 1.5228441151626554e-20, nan 
-6.875, 64.375, 1.0873165848512008e-20, nan 
-6.625, 64.375, 6.468269454815498e-21, nan 
-6.375, 64.375, 5.896243023044671e-21, nan 
-82.375, 64.625, 1.0377829543663596e-22, nan 
-82.125, 64.625, 1.102571838967621e-22, nan 
-81.875, 64.625, 1.047045317273616e-22, nan 
-81.625, 64.625, 1.0816593761171623e-22, nan 
-81.375, 64.625, 1.0933158515558539e-22, nan 
-81.125, 64.625, 1.3136142011955993e-22, nan 
-80.875, 64.625, 1.3096841498123336e-22, nan 
-80.625, 64.625, 1.1927976163967385e-22, nan 
-80.375, 64.625, 1.3106105944107427e-22, nan 
-80.125, 64.625, 1.817505610752667e-22, nan 
-79.875, 64.625, 1.9590634061056654e-22, nan 
-79.625, 64.625, 1.2070848781546584e-22, nan 
-79.375, 64.625, 7.656622678049764e-23, nan 
-79.125, 64.625, 9.411801730474742e-23, nan 
-78.875, 64.625, 1.0427625803773742e-22, nan 
-78.625, 64.625, 8.080976437767424e-23, nan 
-78.375, 64.625, 8.934207499493738e-23, nan 
-78.125, 64.625, 7.889111587840051e-23, nan 
-77.875, 64.625, 8.77691824765924e-23, nan 
-77.625, 64.625, 7.434785016430032e-23, nan 
-77.375, 64.625, 7.616812114375833e-23, nan 
-77.125, 64.625, 1.1555425575661138e-22, nan 
-76.875, 64.625, 1.6874403577238103e-22, nan 
-76.625, 64.625, 1.849793423182976e-22, nan 
-76.375, 64.625, 1.3907461736591716e-22, nan 
-76.125, 64.625, 1.7535888222508516e-22, nan 
-75.875, 64.625, 1.842391174763209e-22, nan 
-75.625, 64.625, 1.3489849782940527e-22, nan 
-75.375, 64.625, 1.2767082462679076e-22, nan 
-75.125, 64.625, 1.2685441018306186e-22, nan 
-74.875, 64.625, 1.3684699059525203e-22, nan 
-74.625, 64.625, 1.406440238202132e-22, nan 
-74.375, 64.625, 1.124287949244668e-22, nan 
-74.125, 64.625, 1.0777616509376552e-22, nan 
-73.875, 64.625, 1.1113286905671505e-22, nan 
-73.625, 64.625, 1.5031121164622103e-22, nan 
-73.375, 64.625, 1.2726324057367055e-22, nan 
-73.125, 64.625, 1.2712267463892193e-22, nan 
-72.875, 64.625, 1.192964678699061e-22, nan 
-72.625, 64.625, 1.3553264386241668e-22, nan 
-72.375, 64.625, 1.0331260616235639e-22, nan 
-72.125, 64.625, 1.3018957477661325e-22, nan 
-71.875, 64.625, 1.1438252481513588e-22, nan 
-71.625, 64.625, 1.152693328067283e-22, nan 
-71.375, 64.625, 1.1978300772095736e-22, nan 
-71.125, 64.625, 1.0679748646974203e-22, nan 
-70.875, 64.625, 1.2808056934435138e-22, nan 
-70.625, 64.625, 1.1036211731992613e-22, nan 
-70.375, 64.625, 1.1210114706295728e-22, nan 
-70.125, 64.625, 1.113053010411622e-22, nan 
-69.875, 64.625, 1.1401531579628917e-22, nan 
-69.625, 64.625, 1.080714860757683e-22, nan 
-69.375, 64.625, 1.1179230402011713e-22, nan 
-69.125, 64.625, 1.1800056200423884e-22, nan 
-68.875, 64.625, 1.0642626011455925e-22, nan 
-68.625, 64.625, 1.1784713021090076e-22, nan 
-68.375, 64.625, 1.0368983084023138e-22, nan 
-68.125, 64.625, 1.1436988701073612e-22, nan 
-67.875, 64.625, 1.1161027171411596e-22, nan 
-67.625, 64.625, 1.103320642657013e-22, nan 
-67.375, 64.625, 1.0254656615003223e-22, nan 
-67.125, 64.625, 9.956010877048123e-23, nan 
-66.875, 64.625, 1.3941695127773997e-22, nan 
-66.625, 64.625, 2.0059050947146365e-22, nan 
-66.375, 64.625, 9.988930409451924e-23, nan 
-66.125, 64.625, 1.4182355509740035e-22, nan 
-65.875, 64.625, 1.7294013002142565e-22, nan 
-65.625, 64.625, 1.5160008683900391e-22, nan 
-65.375, 64.625, 1.2641504719014864e-22, nan 
-65.125, 64.625, 1.3715385149709278e-22, nan 
-64.875, 64.625, 1.4038329132054695e-22, nan 
-64.625, 64.625, 1.5685740206237708e-22, nan 
-64.375, 64.625, 1.146414328204654e-22, nan 
-64.125, 64.625, 1.1591858287166998e-22, nan 
-63.875, 64.625, 1.0541812583136538e-22, nan 
-63.625, 64.625, 8.356390736752306e-23, nan 
-63.375, 64.625, 9.288505925024097e-23, nan 
-63.125, 64.625, 1.066414730641424e-22, nan 
-62.875, 64.625, 1.3286086894262992e-22, nan 
-62.625, 64.625, 1.094780921412708e-22, nan 
-62.375, 64.625, 1.3477204524079274e-22, nan 
-62.125, 64.625, 1.382894227794188e-22, nan 
-61.875, 64.625, 1.0734505824155904e-22, nan 
-61.625, 64.625, 9.255148472815958e-23, nan 
-61.375, 64.625, 9.150685128925081e-23, nan 
-61.125, 64.625, 8.33732963088242e-23, nan 
-60.875, 64.625, 8.038813749625302e-23, nan 
-60.625, 64.625, 7.882661178221792e-23, nan 
-60.375, 64.625, 1.0263530264756672e-22, nan 
-60.125, 64.625, 9.486926992527091e-23, nan 
-59.875, 64.625, 7.419053211579713e-23, nan 
-59.625, 64.625, 8.377671848025262e-23, nan 
-59.375, 64.625, 4.5441191921005723e-23, nan 
-59.125, 64.625, 1.8417476758484982e-23, nan 
-58.875, 64.625, 1.0058635783491333e-22, nan 
-58.625, 64.625, 1.0241505981253182e-22, nan 
-58.375, 64.625, 1.3627863095843855e-22, nan 
-58.125, 64.625, 1.235729377555178e-22, nan 
-57.875, 64.625, 1.2979840363978257e-22, nan 
-57.625, 64.625, 1.1175404747086344e-22, nan 
-57.375, 64.625, 9.562159130008147e-23, nan 
-57.125, 64.625, 1.1411129008306657e-22, nan 
-56.875, 64.625, 8.109858425193404e-23, nan 
-56.625, 64.625, 8.955903552371773e-23, nan 
-56.375, 64.625, 9.179537238060728e-23, nan 
-56.125, 64.625, 9.42705581212333e-23, nan 
-55.875, 64.625, 1.1706865288088984e-22, nan 
-55.625, 64.625, 1.0805617318175147e-22, nan 
-55.375, 64.625, 9.328454704291738e-23, nan 
-55.125, 64.625, 7.216870685535277e-23, nan 
-54.875, 64.625, 8.443095583418382e-23, nan 
-54.625, 64.625, 8.315646328181972e-23, nan 
-54.375, 64.625, 7.812445092421181e-23, nan 
-54.125, 64.625, 1.0678224720555366e-22, nan 
-53.875, 64.625, 6.441755100118466e-23, nan 
-53.625, 64.625, 5.648324444889246e-23, nan 
-53.375, 64.625, 6.815104564848678e-23, nan 
-53.125, 64.625, 4.1807621969500796e-23, nan 
-52.875, 64.625, 5.51396925413709e-23, nan 
-52.625, 64.625, 6.066713605275372e-23, nan 
-52.375, 64.625, 8.338003622982737e-23, nan 
-52.125, 64.625, 1.7676889988301017e-22, nan 
-51.875, 64.625, 1.625150666118262e-22, nan 
-51.625, 64.625, 1.7438298302281155e-22, nan 
-51.375, 64.625, 2.0755067526031164e-22, nan 
-51.125, 64.625, 1.5983489168362643e-22, nan 
-50.875, 64.625, 1.192715281130202e-22, nan 
-50.625, 64.625, 6.628672370037604e-23, nan 
-50.375, 64.625, 4.9485022672260564e-23, nan 
-50.125, 64.625, 4.621055238507002e-23, nan 
-49.875, 64.625, 6.653695272291773e-23, nan 
-49.625, 64.625, 9.783105174055498e-23, nan 
-49.375, 64.625, 1.0576430447410993e-22, nan 
-49.125, 64.625, 1.078872026296799e-22, nan 
-48.875, 64.625, 1.0680754528726783e-22, nan 
-48.625, 64.625, 7.661734431811321e-23, nan 
-48.375, 64.625, 4.7762225147926383e-23, nan 
-48.125, 64.625, 3.8722832873750807e-23, nan 
-47.875, 64.625, 5.046449661609104e-23, nan 
-47.625, 64.625, 4.748337050094954e-23, nan 
-47.375, 64.625, 5.884278377360044e-23, nan 
-47.125, 64.625, 3.374776062187007e-23, nan 
-46.875, 64.625, 7.356863186247355e-23, nan 
-46.625, 64.625, 1.0395552815030189e-22, nan 
-46.375, 64.625, 8.628274728057937e-23, nan 
-46.125, 64.625, 5.817399679030992e-23, nan 
-45.875, 64.625, 6.896272999568101e-23, nan 
-45.625, 64.625, 7.476049542728804e-23, nan 
-45.375, 64.625, 1.5512576693084771e-22, nan 
-45.125, 64.625, 2.3401384249788644e-22, nan 
-44.875, 64.625, 1.1998517831669402e-22, nan 
-44.625, 64.625, 2.344259849800609e-22, nan 
-44.375, 64.625, 3.020374216140225e-22, nan 
-44.125, 64.625, 1.7210935489276344e-22, nan 
-43.875, 64.625, 3.6825677477070904e-22, nan 
-43.625, 64.625, 3.070097265639903e-22, nan 
-43.375, 64.625, 2.548568383070824e-22, nan 
-43.125, 64.625, 3.4323204022861173e-22, nan 
-42.875, 64.625, 2.7450305691286933e-22, nan 
-42.625, 64.625, 1.9157925083080772e-22, nan 
-42.375, 64.625, 1.533539932297931e-22, nan 
-42.125, 64.625, 1.2829138846931466e-22, nan 
-41.875, 64.625, 1.7562643903075754e-22, nan 
-41.625, 64.625, 1.0494990906118993e-22, nan 
-41.375, 64.625, 1.226942959415872e-22, nan 
-41.125, 64.625, 1.595327003835962e-22, nan 
-40.875, 64.625, 1.1194324804009625e-22, nan 
-40.625, 64.625, 1.6650793675069057e-22, nan 
-40.375, 64.625, 1.462636520342568e-22, nan 
-40.125, 64.625, 1.1576446896439948e-22, nan 
-39.875, 64.625, 1.5897644182739277e-22, nan 
-39.625, 64.625, 2.014605408607547e-22, nan 
-39.375, 64.625, 2.031233282275385e-22, nan 
-39.125, 64.625, 2.7039397559849705e-22, nan 
-38.875, 64.625, 2.34410573937928e-22, nan 
-38.625, 64.625, 1.3497024332207393e-22, nan 
-38.375, 64.625, 4.896786433186213e-23, nan 
-38.125, 64.625, 1.509805332667155e-22, nan 
-37.875, 64.625, 1.1230086149516976e-22, nan 
-37.625, 64.625, 1.6150974004975993e-22, nan 
-37.375, 64.625, 2.651336646940904e-22, nan 
-37.125, 64.625, 1.854766053180452e-22, nan 
-36.875, 64.625, 2.0678289666046887e-22, nan 
-36.625, 64.625, 4.0936659816734194e-22, nan 
-36.375, 64.625, 3.2423164157184444e-22, nan 
-36.125, 64.625, 3.5025769460571796e-22, nan 
-35.875, 64.625, 4.396228716821333e-22, nan 
-35.625, 64.625, 4.1596109459444613e-22, nan 
-35.375, 64.625, 4.1709811424244976e-22, nan 
-35.125, 64.625, 3.9686970734095356e-22, nan 
-34.875, 64.625, 4.624071127716948e-22, nan 
-34.625, 64.625, 4.459765966335995e-22, nan 
-34.375, 64.625, 2.6372906914882757e-22, nan 
-34.125, 64.625, 4.480407763131828e-22, nan 
-33.875, 64.625, 4.629246046165328e-22, nan 
-33.625, 64.625, 2.3137275519467014e-22, nan 
-33.375, 64.625, 2.470953074405732e-22, nan 
-33.125, 64.625, 4.639902299319989e-22, nan 
-32.875, 64.625, 7.315106186543175e-22, nan 
-32.625, 64.625, 5.5152038696178455e-22, nan 
-32.375, 64.625, 2.8755222397590336e-22, nan 
-32.125, 64.625, 6.996259869476259e-22, nan 
-31.875, 64.625, 7.433541051018046e-22, nan 
-31.625, 64.625, 5.699719780305815e-22, nan 
-31.375, 64.625, 1.0366769663798337e-21, nan 
-31.125, 64.625, 1.0051360072069228e-21, nan 
-30.875, 64.625, 1.0280926800416577e-21, nan 
-30.625, 64.625, 8.888408443128799e-22, nan 
-30.375, 64.625, 8.669320901360496e-22, nan 
-30.125, 64.625, 1.0200229220950694e-21, nan 
-29.875, 64.625, 2.335055603146411e-21, nan 
-29.625, 64.625, 1.8577237082152943e-21, nan 
-29.375, 64.625, 1.1388852146775995e-21, nan 
-29.125, 64.625, 1.6403704570713568e-21, nan 
-28.875, 64.625, 1.4953135281513693e-21, nan 
-28.625, 64.625, 1.7181699840793897e-21, nan 
-28.375, 64.625, 1.4331678784485242e-21, nan 
-28.125, 64.625, 7.832112413804521e-22, nan 
-27.875, 64.625, 1.432557416838993e-21, nan 
-27.625, 64.625, 1.6272352529647378e-21, nan 
-27.375, 64.625, 1.5921624969759606e-21, nan 
-27.125, 64.625, 2.670087432232001e-21, nan 
-26.875, 64.625, 2.5318617547001013e-21, nan 
-26.625, 64.625, 1.625316535684599e-21, nan 
-26.375, 64.625, 2.0647549217963402e-21, nan 
-26.125, 64.625, 2.975299084606841e-21, nan 
-25.875, 64.625, 3.4109137193561814e-21, nan 
-25.625, 64.625, 2.1649426455498394e-21, nan 
-25.375, 64.625, 1.8143086033327634e-21, nan 
-25.125, 64.625, 1.809497282389856e-21, nan 
-24.875, 64.625, 2.4005926530024815e-21, nan 
-24.625, 64.625, 2.8303943446280384e-21, nan 
-24.375, 64.625, 2.2321987467517898e-21, nan 
-24.125, 64.625, 3.3505351626803002e-21, nan 
-23.875, 64.625, 3.846576210022102e-21, nan 
-23.625, 64.625, 2.345255249715809e-21, nan 
-23.375, 64.625, 1.3192271884185462e-21, nan 
-23.125, 64.625, 2.1669254889222133e-21, nan 
-22.875, 64.625, 1.2722402464011207e-21, nan 
-22.625, 64.625, 1.6309547524124332e-21, nan 
-22.375, 64.625, 1.5475881560000784e-21, nan 
-22.125, 64.625, 2.076650140485991e-21, nan 
-21.875, 64.625, 2.8102785354536686e-21, nan 
-21.625, 64.625, 4.580501502142992e-21, nan 
-21.375, 64.625, 5.02201860028323e-21, nan 
-21.125, 64.625, 2.7909921527033253e-21, nan 
-20.875, 64.625, 3.105512679659756e-21, nan 
-20.625, 64.625, 4.445841933247085e-21, nan 
-20.375, 64.625, 3.0182274511117206e-21, nan 
-20.125, 64.625, 3.040477499290801e-21, nan 
-19.875, 64.625, 2.366049927546283e-21, nan 
-19.625, 64.625, 2.0393278362723415e-21, nan 
-19.375, 64.625, 2.0540052546496e-21, nan 
-19.125, 64.625, 2.0429563500852118e-21, nan 
-18.875, 64.625, 2.1470640891952425e-21, nan 
-18.625, 64.625, 2.10080442175482e-21, nan 
-18.375, 64.625, 1.1943982760561952e-21, nan 
-18.125, 64.625, 3.705083471209368e-21, nan 
-17.875, 64.625, 5.237022016207087e-21, nan 
-17.625, 64.625, 3.8212289662325986e-21, nan 
-17.375, 64.625, 4.350371723621441e-21, nan 
-17.125, 64.625, 5.416452027389342e-21, nan 
-16.875, 64.625, 2.7627743973140556e-21, nan 
-16.625, 64.625, 1.7969813599878317e-21, nan 
-16.375, 64.625, 1.3796454843260252e-21, nan 
-16.125, 64.625, 1.8676074968320504e-21, nan 
-15.875, 64.625, 1.7699276969306587e-21, nan 
-15.625, 64.625, 1.4875266160353917e-21, nan 
-15.375, 64.625, 2.57436603684856e-21, nan 
-15.125, 64.625, 3.515652693956455e-21, nan 
-14.875, 64.625, 1.977527468286746e-21, nan 
-14.625, 64.625, 2.9186093180273232e-21, nan 
-14.375, 64.625, 4.006233095049004e-21, nan 
-14.125, 64.625, 2.949646215599716e-21, nan 
-13.875, 64.625, 2.531185423308575e-21, nan 
-13.625, 64.625, 2.1149888391174767e-21, nan 
-13.375, 64.625, 4.794485189986528e-21, nan 
-13.125, 64.625, 7.691448838401009e-21, nan 
-12.875, 64.625, 1.129442234496989e-20, nan 
-12.625, 64.625, 1.4842945491858044e-20, nan 
-12.375, 64.625, 1.8807244204692986e-20, nan 
-12.125, 64.625, 1.6004549379562548e-20, nan 
-11.875, 64.625, 1.9701889867390157e-20, nan 
-11.625, 64.625, 4.331698583899713e-20, nan 
-11.375, 64.625, 6.245144709000933e-20, nan 
-11.125, 64.625, 5.2284881699556704e-20, nan 
-10.875, 64.625, 5.210463452811151e-20, nan 
-10.625, 64.625, 6.576477628879274e-20, nan 
-10.375, 64.625, 3.958454195034334e-20, nan 
-10.125, 64.625, 2.0003154953092858e-20, nan 
-9.875, 64.625, 4.422440416923186e-21, nan 
-9.625, 64.625, 2.324417529414882e-21, nan 
-9.375, 64.625, 1.1365458299825185e-21, nan 
-9.125, 64.625, 2.5172891939568142e-21, nan 
-8.875, 64.625, 1.5684335629189828e-21, nan 
-8.625, 64.625, 1.0731789246184629e-21, nan 
-8.375, 64.625, 5.686016913895282e-21, nan 
-8.125, 64.625, 1.6841200255758314e-20, nan 
-7.875, 64.625, 3.0454347478553275e-20, nan 
-7.625, 64.625, 3.0551818308388536e-20, nan 
-7.375, 64.625, 2.6615351502167786e-20, nan 
-7.125, 64.625, 2.1929721342540236e-20, nan 
-6.875, 64.625, 1.925333192012994e-20, nan 
-6.625, 64.625, 1.0673369199381484e-20, nan 
-6.375, 64.625, 7.692480245772562e-21, nan 
-6.125, 64.625, 7.703750942773205e-21, nan 
-5.875, 64.625, 4.3096080423599664e-21, nan 
-5.625, 64.625, 5.235185223715595e-21, nan 
-82.625, 64.875, 1.1044022566301965e-22, nan 
-82.375, 64.875, 1.2879319112173202e-22, nan 
-82.125, 64.875, 1.167655466270882e-22, nan 
-81.875, 64.875, 1.2075965652757326e-22, nan 
-81.625, 64.875, 1.2524289518683843e-22, nan 
-81.375, 64.875, 1.2179524120878428e-22, nan 
-81.125, 64.875, 1.3674153318303334e-22, nan 
-80.875, 64.875, 1.604173105713689e-22, nan 
-80.625, 64.875, 1.557814753273943e-22, nan 
-80.375, 64.875, 1.262870951359762e-22, nan 
-80.125, 64.875, 1.2212452276367834e-22, nan 
-79.875, 64.875, 1.295977489534536e-22, nan 
-79.625, 64.875, 1.0165280204422344e-22, nan 
-79.375, 64.875, 7.905520206666948e-23, nan 
-79.125, 64.875, 1.1449411425763783e-22, nan 
-78.875, 64.875, 1.3823283082656198e-22, nan 
-78.625, 64.875, 9.813652580124002e-23, nan 
-78.375, 64.875, 1.2611597896354335e-22, nan 
-78.125, 64.875, 1.032233440050898e-22, nan 
-77.875, 64.875, 1.1518054142418037e-22, nan 
-77.625, 64.875, 9.022594244249124e-23, nan 
-77.375, 64.875, 1.228481313304897e-22, nan 
-77.125, 64.875, 1.843192107786357e-22, nan 
-76.875, 64.875, 1.7345642221458777e-22, nan 
-76.625, 64.875, 1.9294579426002664e-22, nan 
-76.375, 64.875, 1.8480529774310676e-22, nan 
-76.125, 64.875, 1.800466175452159e-22, nan 
-75.875, 64.875, 1.4691512154887668e-22, nan 
-75.625, 64.875, 1.672951028321514e-22, nan 
-75.375, 64.875, 1.7431072147342347e-22, nan 
-75.125, 64.875, 1.385315606440883e-22, nan 
-74.875, 64.875, 1.646994941740876e-22, nan 
-74.625, 64.875, 1.7254176122407065e-22, nan 
-74.375, 64.875, 1.5280507407561143e-22, nan 
-74.125, 64.875, 1.2872733650058205e-22, nan 
-73.875, 64.875, 1.3372703206651747e-22, nan 
-73.625, 64.875, 1.372684649366471e-22, nan 
-73.375, 64.875, 1.437231466844362e-22, nan 
-73.125, 64.875, 1.2337558063918494e-22, nan 
-72.875, 64.875, 1.3829689288609646e-22, nan 
-72.625, 64.875, 1.3703702630826009e-22, nan 
-72.375, 64.875, 1.3081650751158792e-22, nan 
-72.125, 64.875, 1.3007163391871236e-22, nan 
-71.875, 64.875, 1.0763504053175093e-22, nan 
-71.625, 64.875, 1.3534750008564793e-22, nan 
-71.375, 64.875, 1.0933984067005336e-22, nan 
-71.125, 64.875, 1.1688267679415011e-22, nan 
-70.875, 64.875, 9.45820089290663e-23, nan 
-70.625, 64.875, 1.1348583919486136e-22, nan 
-70.375, 64.875, 1.1553615249659587e-22, nan 
-70.125, 64.875, 1.3524913107284856e-22, nan 
-69.875, 64.875, 1.1369977268862423e-22, nan 
-69.625, 64.875, 1.151387340053899e-22, nan 
-69.375, 64.875, 1.2838379562621055e-22, nan 
-69.125, 64.875, 1.0797707581525446e-22, nan 
-68.875, 64.875, 1.2334863086710703e-22, nan 
-68.625, 64.875, 1.1813767391608403e-22, nan 
-68.375, 64.875, 1.2729948787364655e-22, nan 
-68.125, 64.875, 1.3293299161959855e-22, nan 
-67.875, 64.875, 1.2258375404842072e-22, nan 
-67.625, 64.875, 1.0178051501624646e-22, nan 
-67.375, 64.875, 1.0667139886445216e-22, nan 
-67.125, 64.875, 1.119535206698739e-22, nan 
-66.875, 64.875, 1.5342642373248182e-22, nan 
-66.625, 64.875, 1.8695269823770553e-22, nan 
-66.375, 64.875, 1.9101065015564135e-22, nan 
-66.125, 64.875, 1.3217948120200551e-22, nan 
-65.875, 64.875, 1.2430138514297666e-22, nan 
-65.625, 64.875, 1.5754293183538466e-22, nan 
-65.375, 64.875, 1.3739946876803256e-22, nan 
-65.125, 64.875, 1.1636675215251587e-22, nan 
-64.875, 64.875, 1.0425263724744673e-22, nan 
-64.625, 64.875, 1.1635986892733205e-22, nan 
-64.375, 64.875, 1.524472936425998e-22, nan 
-64.125, 64.875, 1.3779719213525824e-22, nan 
-63.875, 64.875, 1.2569127774122369e-22, nan 
-63.625, 64.875, 1.4835807045869738e-22, nan 
-63.375, 64.875, 1.3884677950642329e-22, nan 
-63.125, 64.875, 1.480769909237585e-22, nan 
-62.875, 64.875, 1.777554620559459e-22, nan 
-62.625, 64.875, 1.3214430994103042e-22, nan 
-62.375, 64.875, 1.485100558501203e-22, nan 
-62.125, 64.875, 1.4189852553954448e-22, nan 
-61.875, 64.875, 1.2614648470722368e-22, nan 
-61.625, 64.875, 1.1181603627687338e-22, nan 
-61.375, 64.875, 1.142073962134735e-22, nan 
-61.125, 64.875, 1.3298067436170613e-22, nan 
-60.875, 64.875, 1.423874479690768e-22, nan 
-60.625, 64.875, 1.1905504443976078e-22, nan 
-60.375, 64.875, 9.1193038144639e-23, nan 
-60.125, 64.875, 9.858676406362372e-23, nan 
-59.875, 64.875, 8.385110663766555e-23, nan 
-59.625, 64.875, 7.234360314402945e-23, nan 
-59.375, 64.875, 1.4889304968608676e-22, nan 
-59.125, 64.875, 1.3340725201173932e-22, nan 
-58.875, 64.875, 1.4783960702474388e-22, nan 
-58.625, 64.875, 1.722603812773441e-22, nan 
-58.375, 64.875, 1.5284710917571361e-22, nan 
-58.125, 64.875, 1.319218986617272e-22, nan 
-57.875, 64.875, 1.4856314186875036e-22, nan 
-57.625, 64.875, 1.5417779620459426e-22, nan 
-57.375, 64.875, 1.2531050536729213e-22, nan 
-57.125, 64.875, 1.1708554714506336e-22, nan 
-56.875, 64.875, 1.4522228974000958e-22, nan 
-56.625, 64.875, 1.1292427281856174e-22, nan 
-56.375, 64.875, 1.2165415489723595e-22, nan 
-56.125, 64.875, 1.0547553184639155e-22, nan 
-55.875, 64.875, 8.224130912263369e-23, nan 
-55.625, 64.875, 9.278170915701647e-23, nan 
-55.375, 64.875, 8.206598552649509e-23, nan 
-55.125, 64.875, 5.513204484061289e-23, nan 
-54.875, 64.875, 6.70324323430126e-23, nan 
-54.625, 64.875, 3.114738241825632e-23, nan 
-54.375, 64.875, 4.386264503568704e-23, nan 
-54.125, 64.875, 6.138579893742547e-23, nan 
-53.875, 64.875, 4.862388010147225e-23, nan 
-53.625, 64.875, 8.064910553797447e-23, nan 
-53.375, 64.875, 6.351121817020324e-23, nan 
-53.125, 64.875, 4.8611851829759794e-23, nan 
-52.875, 64.875, 1.8456446017588163e-22, nan 
-52.625, 64.875, 1.8575615079941152e-22, nan 
-52.375, 64.875, 1.7440684744142799e-22, nan 
-52.125, 64.875, 2.176842067887768e-22, nan 
-51.875, 64.875, 1.8850651618786653e-22, nan 
-51.625, 64.875, 1.5659713529679025e-22, nan 
-51.375, 64.875, 7.266493677747726e-23, nan 
-51.125, 64.875, 5.968888689784087e-23, nan 
-50.875, 64.875, 5.921993825400542e-23, nan 
-50.625, 64.875, 3.450160500067456e-23, nan 
-50.375, 64.875, 4.778489199778828e-23, nan 
-50.125, 64.875, 6.460420081653786e-23, nan 
-49.875, 64.875, 8.016017887331343e-23, nan 
-49.625, 64.875, 7.10915313095544e-23, nan 
-49.375, 64.875, 6.372662495556666e-23, nan 
-49.125, 64.875, 7.864512741172055e-23, nan 
-48.875, 64.875, 6.989214957701171e-23, nan 
-48.625, 64.875, 6.020144189496535e-23, nan 
-48.375, 64.875, 6.802850688026082e-23, nan 
-48.125, 64.875, 7.338912957879383e-23, nan 
-47.875, 64.875, 5.812839228364499e-23, nan 
-47.625, 64.875, 1.2746217227606543e-22, nan 
-47.375, 64.875, 1.1940392392001555e-22, nan 
-47.125, 64.875, 2.2789933943290662e-23, nan 
-46.875, 64.875, 5.637518722542502e-23, nan 
-46.625, 64.875, 4.961325682499863e-23, nan 
-46.375, 64.875, 3.053418486446686e-23, nan 
-46.125, 64.875, 5.1866915142638167e-23, nan 
-45.875, 64.875, 5.416363273880664e-23, nan 
-45.625, 64.875, 6.529566845435568e-23, nan 
-45.375, 64.875, 1.212625338303323e-22, nan 
-45.125, 64.875, 1.6305838690525396e-22, nan 
-44.875, 64.875, 1.4956884660338724e-22, nan 
-44.625, 64.875, 1.4980136457543644e-22, nan 
-44.375, 64.875, 2.6200162993054707e-22, nan 
-44.125, 64.875, 2.8766867329480014e-22, nan 
-43.875, 64.875, 3.8261297185085656e-22, nan 
-43.625, 64.875, 3.0154825052841184e-22, nan 
-43.375, 64.875, 2.6125838745265077e-22, nan 
-43.125, 64.875, 2.1162485494864019e-22, nan 
-42.875, 64.875, 1.4846720829460824e-22, nan 
-42.625, 64.875, 9.457890250742403e-23, nan 
-42.375, 64.875, 1.356718978984443e-22, nan 
-42.125, 64.875, 1.3221234052250541e-22, nan 
-41.875, 64.875, 1.5316132529876724e-22, nan 
-41.625, 64.875, 1.6401423160758574e-22, nan 
-41.375, 64.875, 1.714076339184286e-22, nan 
-41.125, 64.875, 9.83915426919354e-23, nan 
-40.875, 64.875, 1.2584837550152075e-22, nan 
-40.625, 64.875, 1.769281839781684e-22, nan 
-40.375, 64.875, 2.028088700890797e-22, nan 
-40.125, 64.875, 2.833328693051886e-22, nan 
-39.875, 64.875, 2.7992697931106953e-22, nan 
-39.625, 64.875, 2.7792021486111997e-22, nan 
-39.375, 64.875, 3.6576107495637126e-22, nan 
-39.125, 64.875, 3.4299441700299037e-22, nan 
-38.875, 64.875, 3.162067675783717e-22, nan 
-38.625, 64.875, 1.3348693033128067e-22, nan 
-38.375, 64.875, 1.9105928920668727e-22, nan 
-38.125, 64.875, 2.684480458081684e-22, nan 
-37.875, 64.875, 1.6715357451151917e-22, nan 
-37.625, 64.875, 2.0903551002048373e-22, nan 
-37.375, 64.875, 3.142439731640381e-22, nan 
-37.125, 64.875, 2.570655238507993e-22, nan 
-36.875, 64.875, 2.362238544970965e-22, nan 
-36.625, 64.875, 5.4185916997744705e-22, nan 
-36.375, 64.875, 5.760092628186654e-22, nan 
-36.125, 64.875, 4.883951717783253e-22, nan 
-35.875, 64.875, 6.078500042516782e-22, nan 
-35.625, 64.875, 6.419807891847869e-22, nan 
-35.375, 64.875, 5.935956766382718e-22, nan 
-35.125, 64.875, 4.491879799435428e-22, nan 
-34.875, 64.875, 5.711246064616445e-22, nan 
-34.625, 64.875, 5.014153638868655e-22, nan 
-34.375, 64.875, 2.639236852782998e-22, nan 
-34.125, 64.875, 2.1673757505799347e-22, nan 
-33.875, 64.875, 2.0551762924436891e-22, nan 
-33.625, 64.875, 5.416601672759662e-22, nan 
-33.375, 64.875, 5.093721272645407e-22, nan 
-33.125, 64.875, 3.7949283511564394e-22, nan 
-32.875, 64.875, 1.1203443996483753e-21, nan 
-32.625, 64.875, 1.0164190367297345e-21, nan 
-32.375, 64.875, 3.5742476417010716e-22, nan 
-32.125, 64.875, 5.13137096871525e-22, nan 
-31.875, 64.875, 5.688724723252255e-22, nan 
-31.625, 64.875, 2.3632833214827497e-22, nan 
-31.375, 64.875, 8.261273851714416e-22, nan 
-31.125, 64.875, 9.321315493801006e-22, nan 
-30.875, 64.875, 7.924790962176216e-22, nan 
-30.625, 64.875, 6.448289924320872e-22, nan 
-30.375, 64.875, 1.1391896089310418e-21, nan 
-30.125, 64.875, 7.814498999540113e-22, nan 
-29.875, 64.875, 1.6234218905605659e-21, nan 
-29.625, 64.875, 1.883352163290798e-21, nan 
-29.375, 64.875, 7.891742703447844e-22, nan 
-29.125, 64.875, 1.1333265447583923e-21, nan 
-28.875, 64.875, 8.724172790267334e-22, nan 
-28.625, 64.875, 1.1320652388390191e-21, nan 
-28.375, 64.875, 1.1721897932705357e-21, nan 
-28.125, 64.875, 9.769021772956279e-22, nan 
-27.875, 64.875, 1.5223205723744503e-21, nan 
-27.625, 64.875, 1.5668936317293337e-21, nan 
-27.375, 64.875, 1.506112889092452e-21, nan 
-27.125, 64.875, 4.015933651994159e-21, nan 
-26.875, 64.875, 3.2438017812633866e-21, nan 
-26.625, 64.875, 1.775485866073308e-21, nan 
-26.375, 64.875, 4.0486104964182705e-21, nan 
-26.125, 64.875, 3.1020222540363578e-21, nan 
-25.875, 64.875, 1.854074815685897e-21, nan 
-25.625, 64.875, 2.9544534129074927e-21, nan 
-25.375, 64.875, 3.241331345824748e-21, nan 
-25.125, 64.875, 1.4555546129457713e-21, nan 
-24.875, 64.875, 1.5614861595348293e-21, nan 
-24.625, 64.875, 1.838187081074907e-21, nan 
-24.375, 64.875, 1.6012942703893644e-21, nan 
-24.125, 64.875, 3.9438987912936375e-21, nan 
-23.875, 64.875, 3.2793695342883282e-21, nan 
-23.625, 64.875, 3.910754097023786e-21, nan 
-23.375, 64.875, 5.385826777803676e-21, nan 
-23.125, 64.875, 3.998124897334467e-21, nan 
-22.875, 64.875, 3.6576583530973194e-21, nan 
-22.625, 64.875, 4.146226641092567e-21, nan 
-22.375, 64.875, 4.22225398223955e-21, nan 
-22.125, 64.875, 3.966408885999656e-21, nan 
-21.875, 64.875, 3.2853351193074197e-21, nan 
-21.625, 64.875, 4.1634141087363716e-21, nan 
-21.375, 64.875, 3.032534886395578e-21, nan 
-21.125, 64.875, 6.2189139782035126e-21, nan 
-20.875, 64.875, 5.385604086320563e-21, nan 
-20.625, 64.875, 6.221076306920812e-21, nan 
-20.375, 64.875, 3.1167976403100734e-21, nan 
-20.125, 64.875, 3.0873931936816265e-21, nan 
-19.875, 64.875, 2.4889518892527938e-21, nan 
-19.625, 64.875, 1.0825888109510508e-21, nan 
-19.375, 64.875, 2.686825975947638e-21, nan 
-19.125, 64.875, 1.4910949666271253e-21, nan 
-18.875, 64.875, 1.7298918087503325e-21, nan 
-18.625, 64.875, 3.679454814836416e-21, nan 
-18.375, 64.875, 3.811341440594724e-21, nan 
-18.125, 64.875, 4.6175684708722255e-21, nan 
-17.875, 64.875, 3.773997442924105e-21, nan 
-17.625, 64.875, 4.281995542868171e-21, nan 
-17.375, 64.875, 3.887430726468244e-21, nan 
-17.125, 64.875, 2.5676636220341666e-21, nan 
-16.875, 64.875, 9.600016763017953e-22, nan 
-16.625, 64.875, 1.207316167380385e-21, nan 
-16.375, 64.875, 1.5145219897274069e-21, nan 
-16.125, 64.875, 2.5462151762611276e-21, nan 
-15.875, 64.875, 3.302781273160141e-21, nan 
-15.625, 64.875, 2.6202560616439025e-21, nan 
-15.375, 64.875, 2.8503068224684325e-21, nan 
-15.125, 64.875, 3.975555596797227e-21, nan 
-14.875, 64.875, 2.7802354173346805e-21, nan 
-14.625, 64.875, 1.7695680425156686e-21, nan 
-14.375, 64.875, 2.666542383222492e-21, nan 
-14.125, 64.875, 2.187589101871255e-21, nan 
-13.875, 64.875, 3.0017350106267327e-21, nan 
-13.625, 64.875, 5.018388198035514e-21, nan 
-13.375, 64.875, 6.5206265675751485e-21, nan 
-13.125, 64.875, 1.1851036195919278e-20, nan 
-12.875, 64.875, 1.2728770469348357e-20, nan 
-12.625, 64.875, 1.3997340986731262e-20, nan 
-12.375, 64.875, 1.408240425113283e-20, nan 
-12.125, 64.875, 1.1191404481898192e-20, nan 
-11.875, 64.875, 1.722212662987812e-20, nan 
-11.625, 64.875, 4.520701300891794e-20, nan 
-11.375, 64.875, 5.2809586895046685e-20, nan 
-11.125, 64.875, 4.4653329816230755e-20, nan 
-10.875, 64.875, 4.423007912559993e-20, nan 
-10.625, 64.875, 4.406955286857817e-20, nan 
-10.375, 64.875, 3.619709702472985e-20, nan 
-10.125, 64.875, 1.378922768427347e-20, nan 
-9.875, 64.875, 6.669250013919076e-21, nan 
-9.625, 64.875, 1.8410132712768993e-21, nan 
-9.375, 64.875, 2.015054876606579e-21, nan 
-9.125, 64.875, 6.1403893615090306e-21, nan 
-8.875, 64.875, 2.6762219964426354e-21, nan 
-8.625, 64.875, 1.1666684512539902e-21, nan 
-8.375, 64.875, 3.257459071382878e-21, nan 
-8.125, 64.875, 1.1509200031950418e-20, nan 
-7.875, 64.875, 2.1399093027175267e-20, nan 
-7.625, 64.875, 2.339614367140738e-20, nan 
-7.375, 64.875, 1.9094384642673388e-20, nan 
-7.125, 64.875, 1.928287030375047e-20, nan 
-6.875, 64.875, 1.9607942593745404e-20, nan 
-6.625, 64.875, 1.3540660413863467e-20, nan 
-6.375, 64.875, 6.817631281871092e-21, nan 
-6.125, 64.875, 5.544048214419298e-21, nan 
-5.875, 64.875, 4.672418834937488e-21, nan 
-5.625, 64.875, 4.4568512486042484e-21, nan 
-5.375, 64.875, 4.4917414760435254e-21, nan 
-5.125, 64.875, 3.489186094903452e-21, nan 
-82.875, 65.125, 1.3069534945745173e-22, nan 
-82.625, 65.125, 1.3287065579550409e-22, nan 
-82.375, 65.125, 1.5534157281457746e-22, nan 
-82.125, 65.125, 1.3801018240823543e-22, nan 
-81.875, 65.125, 1.4511491258933372e-22, nan 
-81.625, 65.125, 1.304987918932087e-22, nan 
-81.375, 65.125, 1.3830258106692455e-22, nan 
-81.125, 65.125, 1.4315090101352872e-22, nan 
-80.875, 65.125, 1.5268263387880575e-22, nan 
-80.625, 65.125, 1.45287769790992e-22, nan 
-80.375, 65.125, 1.3687192503063998e-22, nan 
-80.125, 65.125, 1.1865101368470251e-22, nan 
-79.875, 65.125, 1.3029717990455934e-22, nan 
-79.625, 65.125, 1.4904086172365138e-22, nan 
-79.375, 65.125, 1.8907125437513522e-22, nan 
-79.125, 65.125, 2.907888101375219e-22, nan 
-78.875, 65.125, 1.7569330417853333e-22, nan 
-78.625, 65.125, 2.0773863909285009e-22, nan 
-78.375, 65.125, 2.2441733631812753e-22, nan 
-78.125, 65.125, 1.2442004194271741e-22, nan 
-77.875, 65.125, 1.6253558529693775e-22, nan 
-77.625, 65.125, 1.5974403693743753e-22, nan 
-77.375, 65.125, 1.6934066845778563e-22, nan 
-77.125, 65.125, 1.561130388675751e-22, nan 
-76.875, 65.125, 1.6912327869737836e-22, nan 
-76.625, 65.125, 2.0608030828333316e-22, nan 
-76.375, 65.125, 1.753461242006538e-21, nan 
-76.125, 65.125, 1.1437596470295895e-21, nan 
-75.875, 65.125, 3.0293969895717195e-22, nan 
-75.625, 65.125, 1.8790745969685426e-22, nan 
-75.375, 65.125, 1.99973276228389e-22, nan 
-75.125, 65.125, 1.6980027296189642e-22, nan 
-74.875, 65.125, 1.8189341792596008e-22, nan 
-74.625, 65.125, 1.6906639795505008e-22, nan 
-74.375, 65.125, 1.557492012252058e-22, nan 
-74.125, 65.125, 1.4380121915226382e-22, nan 
-73.875, 65.125, 1.504541876365488e-22, nan 
-73.625, 65.125, 1.3216618488364644e-22, nan 
-73.375, 65.125, 1.4341097167858289e-22, nan 
-73.125, 65.125, 1.3537274989399742e-22, nan 
-72.875, 65.125, 1.3454822786379282e-22, nan 
-72.625, 65.125, 1.4027086918304761e-22, nan 
-72.375, 65.125, 1.446794688368045e-22, nan 
-72.125, 65.125, 1.4401300286045499e-22, nan 
-71.875, 65.125, 1.2546786775180076e-22, nan 
-71.625, 65.125, 1.0816405600413e-22, nan 
-71.375, 65.125, 1.2440986721195895e-22, nan 
-71.125, 65.125, 1.4310130638401443e-22, nan 
-70.875, 65.125, 1.6381416259343196e-22, nan 
-70.625, 65.125, 1.4937055512159392e-22, nan 
-70.375, 65.125, 1.4225886271945227e-22, nan 
-70.125, 65.125, 1.7683271241993577e-22, nan 
-69.875, 65.125, 1.3934527412898212e-22, nan 
-69.625, 65.125, 1.3245798311294574e-22, nan 
-69.375, 65.125, 1.3014192949501966e-22, nan 
-69.125, 65.125, 1.4754724221548476e-22, nan 
-68.875, 65.125, 1.4413636837784931e-22, nan 
-68.625, 65.125, 1.29959313236052e-22, nan 
-68.375, 65.125, 1.392590885494425e-22, nan 
-68.125, 65.125, 1.3670696941240614e-22, nan 
-67.875, 65.125, 1.3543728345317675e-22, nan 
-67.625, 65.125, 1.1301844733372055e-22, nan 
-67.375, 65.125, 1.1744930377080574e-22, nan 
-67.125, 65.125, 1.3489406648349232e-22, nan 
-66.875, 65.125, 1.7454086677817444e-22, nan 
-66.625, 65.125, 1.5562781244529187e-22, nan 
-66.375, 65.125, 1.953379500857111e-22, nan 
-66.125, 65.125, 1.6573247756461318e-22, nan 
-65.875, 65.125, 1.2780660384347481e-22, nan 
-65.625, 65.125, 1.086052281540774e-22, nan 
-65.375, 65.125, 1.4641407613948947e-22, nan 
-65.125, 65.125, 1.4356807734115436e-22, nan 
-64.875, 65.125, 1.4502562987966529e-22, nan 
-64.625, 65.125, 1.4429594748908504e-22, nan 
-64.375, 65.125, 1.7579640551447639e-22, nan 
-64.125, 65.125, 1.6138647842634368e-22, nan 
-63.875, 65.125, 1.7138093107946618e-22, nan 
-63.625, 65.125, 1.9659283574166132e-22, nan 
-63.375, 65.125, 1.915826008204625e-22, nan 
-63.125, 65.125, 1.8381162105908618e-22, nan 
-62.875, 65.125, 1.7918083929171987e-22, nan 
-62.625, 65.125, 1.4932905565028032e-22, nan 
-62.375, 65.125, 1.4514736575489369e-22, nan 
-62.125, 65.125, 1.305293688778922e-22, nan 
-61.875, 65.125, 1.297145105650333e-22, nan 
-61.625, 65.125, 1.4224439059174577e-22, nan 
-61.375, 65.125, 1.565239286368517e-22, nan 
-61.125, 65.125, 1.7486370605776665e-22, nan 
-60.875, 65.125, 1.761880358052631e-22, nan 
-60.625, 65.125, 1.6183651921423188e-22, nan 
-60.375, 65.125, 1.528820690557782e-22, nan 
-60.125, 65.125, 2.0733580443916776e-22, nan 
-59.875, 65.125, 1.1795073409829697e-22, nan 
-59.625, 65.125, 1.7154641123850878e-22, nan 
-59.375, 65.125, 2.0894415252028313e-22, nan 
-59.125, 65.125, 2.0391732952255612e-22, nan 
-58.875, 65.125, 1.815379600244866e-22, nan 
-58.625, 65.125, 1.872695356674604e-22, nan 
-58.375, 65.125, 1.8317813548268575e-22, nan 
-58.125, 65.125, 1.5008288185988166e-22, nan 
-57.875, 65.125, 1.485196192263382e-22, nan 
-57.625, 65.125, 1.9938068631239537e-22, nan 
-57.375, 65.125, 1.4412040331692132e-22, nan 
-57.125, 65.125, 1.3518881929157178e-22, nan 
-56.875, 65.125, 1.3960827749675252e-22, nan 
-56.625, 65.125, 1.2200347412638038e-22, nan 
-56.375, 65.125, 1.0296741685154625e-22, nan 
-56.125, 65.125, 8.954115273616278e-23, nan 
-55.875, 65.125, 9.624090325373769e-23, nan 
-55.625, 65.125, 1.0216964418004452e-22, nan 
-55.375, 65.125, 8.810573576894939e-23, nan 
-55.125, 65.125, 7.800487028204462e-23, nan 
-54.875, 65.125, 5.599335103119751e-23, nan 
-54.625, 65.125, 4.6349894568459605e-23, nan 
-54.375, 65.125, 5.8110859257257e-23, nan 
-54.125, 65.125, 6.661740417728711e-23, nan 
-53.875, 65.125, 4.07767536333882e-23, nan 
-53.625, 65.125, 3.260987146000833e-23, nan 
-53.375, 65.125, 3.2419353756231195e-23, nan 
-53.125, 65.125, 1.2779618870589658e-22, nan 
-52.875, 65.125, 1.7929545049204087e-22, nan 
-52.625, 65.125, 1.528795071104359e-22, nan 
-52.375, 65.125, 1.8797540616465386e-22, nan 
-52.125, 65.125, 1.4800887311445855e-22, nan 
-51.875, 65.125, 1.0797168200523088e-22, nan 
-51.625, 65.125, 4.8446718781433615e-23, nan 
-51.375, 65.125, 3.534877073984691e-23, nan 
-51.125, 65.125, 3.685854783502122e-23, nan 
-50.875, 65.125, 3.187131492169509e-23, nan 
-50.625, 65.125, 4.10595206335397e-23, nan 
-50.375, 65.125, 4.075816256640321e-23, nan 
-50.125, 65.125, 5.677143900458768e-23, nan 
-49.875, 65.125, 7.413329509601956e-23, nan 
-49.625, 65.125, 6.549318643659705e-23, nan 
-49.375, 65.125, 6.665978121660426e-23, nan 
-49.125, 65.125, 6.737288201237976e-23, nan 
-48.875, 65.125, 7.987781713649249e-23, nan 
-48.625, 65.125, 7.480293544781713e-23, nan 
-48.375, 65.125, 5.332539775232838e-23, nan 
-48.125, 65.125, 8.169584873723192e-23, nan 
-47.875, 65.125, 7.055874881997256e-23, nan 
-47.625, 65.125, 1.2626099431326712e-22, nan 
-47.375, 65.125, 1.113864507504512e-22, nan 
-47.125, 65.125, 3.537471706490252e-23, nan 
-46.875, 65.125, 4.363210373557517e-23, nan 
-46.625, 65.125, 4.0099601876311446e-23, nan 
-46.375, 65.125, 3.823022085176224e-23, nan 
-46.125, 65.125, 4.863955754672518e-23, nan 
-45.875, 65.125, 5.628473133095285e-23, nan 
-45.625, 65.125, 1.3421467805080198e-22, nan 
-45.375, 65.125, 1.6358965606982312e-22, nan 
-45.125, 65.125, 1.5123527686284194e-22, nan 
-44.875, 65.125, 1.7419494730232385e-22, nan 
-44.625, 65.125, 2.761616426889922e-22, nan 
-44.375, 65.125, 2.3636662121210277e-22, nan 
-44.125, 65.125, 2.376254814155609e-22, nan 
-43.875, 65.125, 3.49143349116517e-22, nan 
-43.625, 65.125, 2.395201217303017e-22, nan 
-43.375, 65.125, 1.0231338138895414e-22, nan 
-43.125, 65.125, 1.3249237815928312e-22, nan 
-42.875, 65.125, 1.331466369264593e-22, nan 
-42.625, 65.125, 1.6716496495540288e-22, nan 
-42.375, 65.125, 1.7163141899094987e-22, nan 
-42.125, 65.125, 1.900698996503365e-22, nan 
-41.875, 65.125, 2.1068417734199456e-22, nan 
-41.625, 65.125, 2.9849130814163088e-22, nan 
-41.375, 65.125, 1.2620853847346344e-22, nan 
-41.125, 65.125, 1.6897185137486007e-22, nan 
-40.875, 65.125, 1.9312253380519165e-22, nan 
-40.625, 65.125, 7.645023651245601e-23, nan 
-40.375, 65.125, 1.1615077803166795e-22, nan 
-40.125, 65.125, 2.288866447784138e-22, nan 
-39.875, 65.125, 2.7994470376893146e-22, nan 
-39.625, 65.125, 2.3895918879248746e-22, nan 
-39.375, 65.125, 2.485405405678498e-22, nan 
-39.125, 65.125, 3.6951947733357647e-22, nan 
-38.875, 65.125, 3.111579804418671e-22, nan 
-38.625, 65.125, 1.652938524651193e-22, nan 
-38.375, 65.125, 2.7506457366246776e-22, nan 
-38.125, 65.125, 3.2152504337795043e-22, nan 
-37.875, 65.125, 3.0225889443838344e-22, nan 
-37.625, 65.125, 2.7524037536369487e-22, nan 
-37.375, 65.125, 1.7846718912282075e-22, nan 
-37.125, 65.125, 2.3811996041762825e-22, nan 
-36.875, 65.125, 5.009641272116443e-22, nan 
-36.625, 65.125, 5.948620420324148e-22, nan 
-36.375, 65.125, 6.154338074525278e-22, nan 
-36.125, 65.125, 6.358100768964498e-22, nan 
-35.875, 65.125, 9.767826995690788e-22, nan 
-35.625, 65.125, 5.504439387774761e-22, nan 
-35.375, 65.125, 6.103586068371955e-22, nan 
-35.125, 65.125, 7.235499350241098e-22, nan 
-34.875, 65.125, 3.5998134252570253e-22, nan 
-34.625, 65.125, 4.064937265095518e-22, nan 
-34.375, 65.125, 4.0086130427806554e-22, nan 
-34.125, 65.125, 3.3270033868356443e-22, nan 
-33.875, 65.125, 2.492153297398229e-22, nan 
-33.625, 65.125, 2.140235914802801e-22, nan 
-33.375, 65.125, 3.1165060600871353e-22, nan 
-33.125, 65.125, 2.419354784225408e-22, nan 
-32.875, 65.125, 8.873853740005853e-22, nan 
-32.625, 65.125, 7.664903283725705e-22, nan 
-32.375, 65.125, 3.125190051049604e-22, nan 
-32.125, 65.125, 2.840871101221128e-22, nan 
-31.875, 65.125, 3.482794068811962e-22, nan 
-31.625, 65.125, 2.4273448960494135e-22, nan 
-31.375, 65.125, 5.042145371493156e-22, nan 
-31.125, 65.125, 5.920027551707791e-22, nan 
-30.875, 65.125, 9.127642894839687e-22, nan 
-30.625, 65.125, 1.5179938529712681e-21, nan 
-30.375, 65.125, 1.6787207551165372e-21, nan 
-30.125, 65.125, 1.2313301128518305e-21, nan 
-29.875, 65.125, 1.7288384627210994e-21, nan 
-29.625, 65.125, 1.873497643186171e-21, nan 
-29.375, 65.125, 1.6916329260946266e-21, nan 
-29.125, 65.125, 3.225550020710002e-21, nan 
-28.875, 65.125, 2.133931520567035e-21, nan 
-28.625, 65.125, 1.3358316537971646e-21, nan 
-28.375, 65.125, 1.9335673965650695e-21, nan 
-28.125, 65.125, 1.0250776799796895e-21, nan 
-27.875, 65.125, 1.5935253367826457e-21, nan 
-27.625, 65.125, 1.5540374891400811e-21, nan 
-27.375, 65.125, 1.3914521048628566e-21, nan 
-27.125, 65.125, 2.058719534075979e-21, nan 
-26.875, 65.125, 2.163693976541935e-21, nan 
-26.625, 65.125, 2.7659887671892052e-21, nan 
-26.375, 65.125, 4.259052606475017e-21, nan 
-26.125, 65.125, 4.43308912905117e-21, nan 
-25.875, 65.125, 2.7165250139184714e-21, nan 
-25.625, 65.125, 4.6375695168285025e-21, nan 
-25.375, 65.125, 5.416944142747024e-21, nan 
-25.125, 65.125, 3.0432976729574322e-21, nan 
-24.875, 65.125, 1.9664788859550893e-21, nan 
-24.625, 65.125, 2.666944501130458e-21, nan 
-24.375, 65.125, 1.800202829585008e-21, nan 
-24.125, 65.125, 3.1993565026149068e-21, nan 
-23.875, 65.125, 1.8834393163545943e-21, nan 
-23.625, 65.125, 4.191300687059762e-21, nan 
-23.375, 65.125, 5.854452284391424e-21, nan 
-23.125, 65.125, 3.790725781572197e-21, nan 
-22.875, 65.125, 3.8919769957840524e-21, nan 
-22.625, 65.125, 3.947975178642116e-21, nan 
-22.375, 65.125, 3.8691007069699464e-21, nan 
-22.125, 65.125, 3.969263869100046e-21, nan 
-21.875, 65.125, 8.294752290352539e-21, nan 
-21.625, 65.125, 7.951870263276854e-21, nan 
-21.375, 65.125, 9.685399266061543e-21, nan 
-21.125, 65.125, 1.1782643415749504e-20, nan 
-20.875, 65.125, 9.209509947175583e-21, nan 
-20.625, 65.125, 8.832769654421944e-21, nan 
-20.375, 65.125, 5.630918366952068e-21, nan 
-20.125, 65.125, 4.959670502583785e-21, nan 
-19.875, 65.125, 6.819600543817827e-21, nan 
-19.625, 65.125, 1.3403524199198363e-21, nan 
-19.375, 65.125, 3.270641076355253e-21, nan 
-19.125, 65.125, 3.1908629500949166e-21, nan 
-18.875, 65.125, 2.3759080845498642e-21, nan 
-18.625, 65.125, 5.0178257977957806e-21, nan 
-18.375, 65.125, 3.888278740667722e-21, nan 
-18.125, 65.125, 4.056056961707006e-21, nan 
-17.875, 65.125, 2.1908515895735955e-21, nan 
-17.625, 65.125, 3.451332117597006e-21, nan 
-17.375, 65.125, 3.878074980450758e-21, nan 
-17.125, 65.125, 8.59882584105081e-22, nan 
-16.875, 65.125, 8.57801247108979e-22, nan 
-16.625, 65.125, 1.4190476503540301e-21, nan 
-16.375, 65.125, 1.0688664334755309e-21, nan 
-16.125, 65.125, 1.0188399924886592e-21, nan 
-15.875, 65.125, 1.419375659064384e-21, nan 
-15.625, 65.125, 1.861469241997731e-21, nan 
-15.375, 65.125, 2.362990766947422e-21, nan 
-15.125, 65.125, 2.9316200712581075e-21, nan 
-14.875, 65.125, 2.5550459116927145e-21, nan 
-14.625, 65.125, 1.939053481863068e-21, nan 
-14.375, 65.125, 2.588432548942271e-21, nan 
-14.125, 65.125, 3.193604875625963e-21, nan 
-13.875, 65.125, 3.827167799678276e-21, nan 
-13.625, 65.125, 5.162525535516689e-21, nan 
-13.375, 65.125, 8.499743124201176e-21, nan 
-13.125, 65.125, 1.0193805293653857e-20, nan 
-12.875, 65.125, 1.0610246478421285e-20, nan 
-12.625, 65.125, 1.2537202671625828e-20, nan 
-12.375, 65.125, 1.40502463274868e-20, nan 
-12.125, 65.125, 9.493547050204103e-21, nan 
-11.875, 65.125, 1.7139733957297424e-20, nan 
-11.625, 65.125, 4.227233692533182e-20, nan 
-11.375, 65.125, 4.9111829577153714e-20, nan 
-11.125, 65.125, 4.2233798620160104e-20, nan 
-10.875, 65.125, 4.4585483337843153e-20, nan 
-10.625, 65.125, 4.5354204326547496e-20, nan 
-10.375, 65.125, 3.3445301008590265e-20, nan 
-10.125, 65.125, 1.432162431191644e-20, nan 
-9.875, 65.125, 2.5995348382977845e-21, nan 
-9.625, 65.125, 1.0703622749845792e-21, nan 
-9.375, 65.125, 2.433249684481617e-21, nan 
-9.125, 65.125, 3.720174556989828e-21, nan 
-8.875, 65.125, 2.6582298668824427e-21, nan 
-8.625, 65.125, 2.2614362273104933e-21, nan 
-8.375, 65.125, 4.370129997225902e-21, nan 
-8.125, 65.125, 1.0972578451595768e-20, nan 
-7.875, 65.125, 2.168253349574404e-20, nan 
-7.625, 65.125, 2.387838597432168e-20, nan 
-7.375, 65.125, 2.039954916474325e-20, nan 
-7.125, 65.125, 1.8655156404592685e-20, nan 
-6.875, 65.125, 1.7823462357977422e-20, nan 
-6.625, 65.125, 1.2339953405123763e-20, nan 
-6.375, 65.125, 6.96226959686e-21, nan 
-6.125, 65.125, 5.911008682999054e-21, nan 
-5.875, 65.125, 3.8761628656163025e-21, nan 
-5.625, 65.125, 4.5642091028207225e-21, nan 
-5.375, 65.125, 4.695049024977837e-21, nan 
-5.125, 65.125, 3.0405175701475585e-21, nan 
-4.875, 65.125, 9.195661679023115e-22, nan 
-4.625, 65.125, 5.596237701788743e-22, nan 
-4.375, 65.125, 3.8342390284878573e-22, nan 
-83.125, 65.375, 1.4721918493563597e-22, nan 
-82.875, 65.375, 1.6410551008801328e-22, nan 
-82.625, 65.375, 1.58392436345133e-22, nan 
-82.375, 65.375, 1.573453080919998e-22, nan 
-82.125, 65.375, 1.4725614428853995e-22, nan 
-81.875, 65.375, 1.5120548613117925e-22, nan 
-81.625, 65.375, 1.3504717652065395e-22, nan 
-81.375, 65.375, 1.4718159645601267e-22, nan 
-81.125, 65.375, 1.6224922005014333e-22, nan 
-80.875, 65.375, 1.5340872702768816e-22, nan 
-80.625, 65.375, 1.6451142183710005e-22, nan 
-80.375, 65.375, 1.7195464533491631e-22, nan 
-80.125, 65.375, 2.0014088301805284e-22, nan 
-79.875, 65.375, 2.0730693629928664e-22, nan 
-79.625, 65.375, 1.8123647269474808e-22, nan 
-79.375, 65.375, 2.2973052535843624e-22, nan 
-79.125, 65.375, 3.1738441915679413e-22, nan 
-78.875, 65.375, 1.9955634491565939e-22, nan 
-78.625, 65.375, 2.8281923256461005e-22, nan 
-78.375, 65.375, 2.3507002979130444e-22, nan 
-78.125, 65.375, 2.0042694402037065e-22, nan 
-77.875, 65.375, 2.5416466621363793e-22, nan 
-77.625, 65.375, 2.7949798792954654e-22, nan 
-77.375, 65.375, 2.466655761260393e-22, nan 
-77.125, 65.375, 1.8265505966835072e-21, nan 
-76.875, 65.375, 1.2444842405452281e-21, nan 
-76.625, 65.375, 3.6319790646305857e-22, nan 
-76.375, 65.375, 2.9766481312812048e-21, nan 
-76.125, 65.375, 2.1639000484906812e-21, nan 
-75.875, 65.375, 5.109523750811743e-22, nan 
-75.625, 65.375, 1.4499927402072439e-21, nan 
-75.375, 65.375, 8.342685962233615e-22, nan 
-75.125, 65.375, 3.6694497918350757e-22, nan 
-74.875, 65.375, 2.4938886838049873e-22, nan 
-74.625, 65.375, 2.0148371421228033e-22, nan 
-74.375, 65.375, 1.9582273482080937e-22, nan 
-74.125, 65.375, 1.637757858048749e-22, nan 
-73.875, 65.375, 1.6589175748582111e-22, nan 
-73.625, 65.375, 1.5747788993643032e-22, nan 
-73.375, 65.375, 1.71894818806465e-22, nan 
-73.125, 65.375, 1.4849631394409654e-22, nan 
-72.875, 65.375, 1.6708726193383193e-22, nan 
-72.625, 65.375, 1.6692846791225509e-22, nan 
-72.375, 65.375, 1.5069928038380496e-22, nan 
-72.125, 65.375, 1.5578971962059206e-22, nan 
-71.875, 65.375, 1.3933126968796737e-22, nan 
-71.625, 65.375, 1.4415644430275986e-22, nan 
-71.375, 65.375, 1.5284829927091503e-22, nan 
-71.125, 65.375, 1.6158161105322696e-22, nan 
-70.875, 65.375, 1.8560440645530368e-22, nan 
-70.625, 65.375, 1.6555340753045018e-22, nan 
-70.375, 65.375, 1.4355885262633775e-22, nan 
-70.125, 65.375, 1.4220558810638712e-22, nan 
-69.875, 65.375, 1.3972660716698548e-22, nan 
-69.625, 65.375, 1.434682110083378e-22, nan 
-69.375, 65.375, 1.4293035315978525e-22, nan 
-69.125, 65.375, 1.3138736340065566e-22, nan 
-68.875, 65.375, 1.328877979947569e-22, nan 
-68.625, 65.375, 1.3669504322155528e-22, nan 
-68.375, 65.375, 1.1881969062894596e-22, nan 
-68.125, 65.375, 1.3186130201760012e-22, nan 
-67.875, 65.375, 1.686205206093776e-22, nan 
-67.625, 65.375, 1.9254659603414158e-22, nan 
-67.375, 65.375, 1.7842812545151497e-22, nan 
-67.125, 65.375, 1.6978720648350477e-22, nan 
-66.875, 65.375, 2.1294237496496107e-22, nan 
-66.625, 65.375, 1.8078386903856943e-22, nan 
-66.375, 65.375, 1.5705624689725303e-22, nan 
-66.125, 65.375, 1.5851702280670199e-22, nan 
-65.875, 65.375, 1.498348651565455e-22, nan 
-65.625, 65.375, 1.4321580833435427e-22, nan 
-65.375, 65.375, 1.4263978247486899e-22, nan 
-65.125, 65.375, 1.776102571616176e-22, nan 
-64.875, 65.375, 1.938432918186909e-22, nan 
-64.625, 65.375, 1.8084198432563012e-22, nan 
-64.375, 65.375, 1.5700823401442172e-22, nan 
-64.125, 65.375, 1.7072165342420951e-22, nan 
-63.875, 65.375, 1.771690824313664e-22, nan 
-63.625, 65.375, 1.9607678795352831e-22, nan 
-63.375, 65.375, 2.0150697548148863e-22, nan 
-63.125, 65.375, 1.8452617126025435e-22, nan 
-62.875, 65.375, 1.7087776643324187e-22, nan 
-62.625, 65.375, 1.9551781963939882e-22, nan 
-62.375, 65.375, 1.5368709649838862e-22, nan 
-62.125, 65.375, 1.5362760636819427e-22, nan 
-61.875, 65.375, 1.625600245510554e-22, nan 
-61.625, 65.375, 1.6097810063021065e-22, nan 
-61.375, 65.375, 1.6485189913364226e-22, nan 
-61.125, 65.375, 1.620711225140828e-22, nan 
-60.875, 65.375, 1.5162185702560453e-22, nan 
-60.625, 65.375, 1.8169482517199965e-22, nan 
-60.375, 65.375, 2.0497586637972851e-22, nan 
-60.125, 65.375, 2.375953310013671e-22, nan 
-59.875, 65.375, 1.8626836208746456e-22, nan 
-59.625, 65.375, 1.9956112953894167e-22, nan 
-59.375, 65.375, 1.6349331398443569e-22, nan 
-59.125, 65.375, 2.1394270178673165e-22, nan 
-58.875, 65.375, 1.7562369123051762e-22, nan 
-58.625, 65.375, 1.5486522143026967e-22, nan 
-58.375, 65.375, 1.783676533504651e-22, nan 
-58.125, 65.375, 1.4681823744340453e-22, nan 
-57.875, 65.375, 1.2993961655898667e-22, nan 
-57.625, 65.375, 1.3024696872937162e-22, nan 
-57.375, 65.375, 1.1692462479120515e-22, nan 
-57.125, 65.375, 1.0761571337111405e-22, nan 
-56.875, 65.375, 8.047045445650229e-23, nan 
-56.625, 65.375, 9.274332336809048e-23, nan 
-56.375, 65.375, 8.496443342035476e-23, nan 
-56.125, 65.375, 1.071321691245385e-22, nan 
-55.875, 65.375, 1.1212573292568171e-22, nan 
-55.625, 65.375, 1.165061166750443e-22, nan 
-55.375, 65.375, 1.2577845974739224e-22, nan 
-55.125, 65.375, 1.0353494762718309e-22, nan 
-54.875, 65.375, 7.998981874667922e-23, nan 
-54.625, 65.375, 9.229887705749779e-23, nan 
-54.375, 65.375, 9.575926814785088e-23, nan 
-54.125, 65.375, 8.886094282299755e-23, nan 
-53.875, 65.375, 5.364452944174148e-23, nan 
-53.625, 65.375, 6.669314169018852e-23, nan 
-53.375, 65.375, 9.826214513073009e-23, nan 
-53.125, 65.375, 1.1639168742961817e-22, nan 
-52.875, 65.375, 1.5175469379265598e-22, nan 
-52.625, 65.375, 1.5287307988897337e-22, nan 
-52.375, 65.375, 1.3363117573334148e-22, nan 
-52.125, 65.375, 9.041978954737327e-23, nan 
-51.875, 65.375, 1.0284598673182497e-22, nan 
-51.625, 65.375, 7.958038019158778e-23, nan 
-51.375, 65.375, 3.746440190183232e-23, nan 
-51.125, 65.375, 1.90839742542529e-23, nan 
-50.875, 65.375, 2.75372903482686e-23, nan 
-50.625, 65.375, 2.900197798492495e-23, nan 
-50.375, 65.375, 6.876113028546336e-23, nan 
-50.125, 65.375, 4.499455767777923e-23, nan 
-49.875, 65.375, 4.15668551650084e-23, nan 
-49.625, 65.375, 5.288359767576902e-23, nan 
-49.375, 65.375, 3.7877826756568874e-23, nan 
-49.125, 65.375, 5.108922385135947e-23, nan 
-48.875, 65.375, 6.318643756755449e-23, nan 
-48.625, 65.375, 7.637180575202149e-23, nan 
-48.375, 65.375, 7.104144232123363e-23, nan 
-48.125, 65.375, 7.21512560258984e-23, nan 
-47.875, 65.375, 6.881555086436183e-23, nan 
-47.625, 65.375, 5.433775018502088e-23, nan 
-47.375, 65.375, 3.73714543354493e-23, nan 
-47.125, 65.375, 4.3412347950706693e-23, nan 
-46.875, 65.375, 2.985281487312691e-23, nan 
-46.625, 65.375, 5.1921336224680806e-23, nan 
-46.375, 65.375, 5.144296518241e-23, nan 
-46.125, 65.375, 7.728521643514145e-23, nan 
-45.875, 65.375, 1.3991084546156109e-22, nan 
-45.625, 65.375, 1.824700797497858e-22, nan 
-45.375, 65.375, 1.3365619145074723e-22, nan 
-45.125, 65.375, 1.6553970889505406e-22, nan 
-44.875, 65.375, 2.0708858407256194e-22, nan 
-44.625, 65.375, 1.7562018903483822e-22, nan 
-44.375, 65.375, 1.8147809403478163e-22, nan 
-44.125, 65.375, 2.081693513136519e-22, nan 
-43.875, 65.375, 1.7493101332739295e-22, nan 
-43.625, 65.375, 2.201113359523286e-22, nan 
-43.375, 65.375, 2.0930266034584944e-22, nan 
-43.125, 65.375, 2.1462542595166803e-22, nan 
-42.875, 65.375, 2.694597226930816e-22, nan 
-42.625, 65.375, 3.191133853942667e-22, nan 
-42.375, 65.375, 1.738831520441975e-22, nan 
-42.125, 65.375, 2.3991971884980844e-22, nan 
-41.875, 65.375, 2.337165162660534e-22, nan 
-41.625, 65.375, 2.435615483257182e-22, nan 
-41.375, 65.375, 8.660842196457714e-23, nan 
-41.125, 65.375, 2.178114889493649e-22, nan 
-40.875, 65.375, 7.411133547421149e-23, nan 
-40.625, 65.375, 7.359111328204383e-23, nan 
-40.375, 65.375, 1.2957349565480122e-22, nan 
-40.125, 65.375, 2.960368248776343e-22, nan 
-39.875, 65.375, 3.017585352503642e-22, nan 
-39.625, 65.375, 2.0042478077993735e-22, nan 
-39.375, 65.375, 3.3768649558399437e-22, nan 
-39.125, 65.375, 4.269876732150848e-22, nan 
-38.875, 65.375, 3.1932576278493806e-22, nan 
-38.625, 65.375, 2.7105616061653923e-22, nan 
-38.375, 65.375, 2.6283069032805967e-22, nan 
-38.125, 65.375, 3.1513823839106825e-22, nan 
-37.875, 65.375, 3.1433618979735642e-22, nan 
-37.625, 65.375, 1.7404657174914274e-22, nan 
-37.375, 65.375, 3.488807827437196e-22, nan 
-37.125, 65.375, 4.0221109878720764e-22, nan 
-36.875, 65.375, 6.597926842254199e-22, nan 
-36.625, 65.375, 6.360281862299527e-22, nan 
-36.375, 65.375, 6.689704737858748e-22, nan 
-36.125, 65.375, 7.349180340674879e-22, nan 
-35.875, 65.375, 8.933201147851568e-22, nan 
-35.625, 65.375, 5.47427118476486e-22, nan 
-35.375, 65.375, 5.660321837405121e-22, nan 
-35.125, 65.375, 4.783171503573887e-22, nan 
-34.875, 65.375, 4.182744990013105e-22, nan 
-34.625, 65.375, 4.266150104132993e-22, nan 
-34.375, 65.375, 4.858716838431059e-22, nan 
-34.125, 65.375, 4.275570022439153e-22, nan 
-33.875, 65.375, 3.732516900817143e-22, nan 
-33.625, 65.375, 3.3872351352721846e-22, nan 
-33.375, 65.375, 4.2746754007685355e-22, nan 
-33.125, 65.375, 8.402865695854886e-22, nan 
-32.875, 65.375, 4.076030616546248e-22, nan 
-32.625, 65.375, 5.487342279977575e-22, nan 
-32.375, 65.375, 4.270649584553887e-22, nan 
-32.125, 65.375, 3.7950537661954883e-22, nan 
-31.875, 65.375, 6.021509515621703e-22, nan 
-31.625, 65.375, 7.5317436821807015e-22, nan 
-31.375, 65.375, 2.371999412384842e-21, nan 
-31.125, 65.375, 4.721418359390279e-21, nan 
-30.875, 65.375, 1.010584207514296e-20, nan 
-30.625, 65.375, 1.7554596611329043e-20, nan 
-30.375, 65.375, 6.1941662090083136e-21, nan 
-30.125, 65.375, 1.4068393906087525e-21, nan 
-29.875, 65.375, 7.661309502440912e-21, nan 
-29.625, 65.375, 4.905870481603401e-21, nan 
-29.375, 65.375, 1.9040563545086085e-21, nan 
-29.125, 65.375, 3.560292179676022e-21, nan 
-28.875, 65.375, 4.940494855920981e-21, nan 
-28.625, 65.375, 1.1610089556353208e-21, nan 
-28.375, 65.375, 2.3690698286972477e-21, nan 
-28.125, 65.375, 3.781786759101926e-21, nan 
-27.875, 65.375, 1.4473775605804843e-21, nan 
-27.625, 65.375, 1.8752502241227e-21, nan 
-27.375, 65.375, 2.756389539128983e-21, nan 
-27.125, 65.375, 1.8468657394973808e-21, nan 
-26.875, 65.375, 2.2838458882673913e-21, nan 
-26.625, 65.375, 3.6233333818971644e-21, nan 
-26.375, 65.375, 4.474070589140013e-21, nan 
-26.125, 65.375, 4.153309323089265e-21, nan 
-25.875, 65.375, 3.4493644130706035e-21, nan 
-25.625, 65.375, 4.948153304022143e-21, nan 
-25.375, 65.375, 4.476234336141196e-21, nan 
-25.125, 65.375, 4.1816959554454414e-21, nan 
-24.875, 65.375, 2.3566635704454425e-21, nan 
-24.625, 65.375, 3.855820073481082e-21, nan 
-24.375, 65.375, 3.3308107217565417e-21, nan 
-24.125, 65.375, 3.3343273958528653e-21, nan 
-23.875, 65.375, 3.500206022009882e-21, nan 
-23.625, 65.375, 3.957388249495984e-21, nan 
-23.375, 65.375, 4.7353324563965736e-21, nan 
-23.125, 65.375, 1.3893178669179591e-21, nan 
-22.875, 65.375, 2.615505676393412e-21, nan 
-22.625, 65.375, 3.100275985286979e-21, nan 
-22.375, 65.375, 4.573782439651791e-21, nan 
-22.125, 65.375, 1.1049906952972022e-20, nan 
-21.875, 65.375, 1.0096583959857274e-20, nan 
-21.625, 65.375, 7.686561532811726e-21, nan 
-21.375, 65.375, 8.662704292650999e-20, nan 
-21.125, 65.375, 8.496247621757281e-20, nan 
-20.875, 65.375, 1.0407942375754911e-20, nan 
-20.625, 65.375, 7.238390654931777e-21, nan 
-20.375, 65.375, 1.0039004182590491e-20, nan 
-20.125, 65.375, 8.223779108384503e-21, nan 
-19.875, 65.375, 5.283592772734416e-21, nan 
-19.625, 65.375, 1.4976147391689455e-21, nan 
-19.375, 65.375, 1.5308470255989477e-21, nan 
-19.125, 65.375, 2.9002582841761922e-21, nan 
-18.875, 65.375, 3.190306020842377e-21, nan 
-18.625, 65.375, 4.9368579030548976e-21, nan 
-18.375, 65.375, 3.3352779270566013e-21, nan 
-18.125, 65.375, 2.9046611447009287e-21, nan 
-17.875, 65.375, 3.233928946587484e-21, nan 
-17.625, 65.375, 2.3032285335541627e-21, nan 
-17.375, 65.375, 2.194675340446468e-21, nan 
-17.125, 65.375, 8.81218221649983e-22, nan 
-16.875, 65.375, 5.7684291950361455e-22, nan 
-16.625, 65.375, 5.999058579159819e-22, nan 
-16.375, 65.375, 1.2223961046230919e-21, nan 
-16.125, 65.375, 1.5016803038159714e-21, nan 
-15.875, 65.375, 1.6320442700297892e-21, nan 
-15.625, 65.375, 2.4859576399058236e-21, nan 
-15.375, 65.375, 1.9511640590678444e-21, nan 
-15.125, 65.375, 1.7161424113087323e-21, nan 
-14.875, 65.375, 2.6162966983856657e-21, nan 
-14.625, 65.375, 1.760063853085742e-21, nan 
-14.375, 65.375, 1.3888877396681695e-21, nan 
-14.125, 65.375, 2.3019381712858186e-21, nan 
-13.875, 65.375, 3.0014793690055375e-21, nan 
-13.625, 65.375, 3.75156426128612e-21, nan 
-13.375, 65.375, 6.066216690552003e-21, nan 
-13.125, 65.375, 8.111970630243074e-21, nan 
-12.875, 65.375, 1.464519313264382e-20, nan 
-12.625, 65.375, 1.5045078835957627e-20, nan 
-12.375, 65.375, 1.3907505810922884e-20, nan 
-12.125, 65.375, 1.6148495750442278e-20, nan 
-11.875, 65.375, 1.5504971462694198e-20, nan 
-11.625, 65.375, 1.821787016577568e-20, nan 
-11.375, 65.375, 3.393790863724986e-20, nan 
-11.125, 65.375, 4.0200679882662375e-20, nan 
-10.875, 65.375, 4.182570836650693e-20, nan 
-10.625, 65.375, 4.204696190865889e-20, nan 
-10.375, 65.375, 4.277744782926806e-20, nan 
-10.125, 65.375, 4.0393464008801645e-20, nan 
-9.875, 65.375, 1.936508123147452e-20, nan 
-9.625, 65.375, 1.2547637974433342e-20, nan 
-9.375, 65.375, 5.6634134382719715e-21, nan 
-9.125, 65.375, 5.789055709049018e-21, nan 
-8.875, 65.375, 6.964206340165243e-21, nan 
-8.625, 65.375, 1.0408126285754844e-20, nan 
-8.375, 65.375, 1.812466409136199e-20, nan 
-8.125, 65.375, 2.846941885848615e-20, nan 
-7.875, 65.375, 2.4919890170724882e-20, nan 
-7.625, 65.375, 2.1198569298858397e-20, nan 
-7.375, 65.375, 2.1899952119869492e-20, nan 
-7.125, 65.375, 1.6004929001331108e-20, nan 
-6.875, 65.375, 8.046097919968714e-21, nan 
-6.625, 65.375, 6.248334767833486e-21, nan 
-6.375, 65.375, 6.564223803285987e-21, nan 
-6.125, 65.375, 5.1722549832912705e-21, nan 
-5.875, 65.375, 4.9861003021253225e-21, nan 
-5.625, 65.375, 5.120576623687548e-21, nan 
-5.375, 65.375, 3.691184429992357e-21, nan 
-5.125, 65.375, 2.303349966319253e-21, nan 
-4.875, 65.375, 5.276776564932453e-22, nan 
-4.625, 65.375, 3.5850001431782736e-22, nan 
-4.375, 65.375, 2.9167777282405725e-22, nan 
-4.125, 65.375, 1.0435593028440644e-22, nan 
-3.875, 65.375, 5.601530920891984e-23, nan 
-3.625, 65.375, 3.036568284531508e-23, nan 
-83.375, 65.625, 1.4727493487887915e-22, nan 
-83.125, 65.625, 1.713187020672812e-22, nan 
-82.875, 65.625, 1.5413990900660254e-22, nan 
-82.625, 65.625, 1.6488109734263933e-22, nan 
-82.375, 65.625, 1.6003093751135673e-22, nan 
-82.125, 65.625, 1.5803788551435574e-22, nan 
-81.875, 65.625, 1.7769131482629971e-22, nan 
-81.625, 65.625, 1.6235071245129673e-22, nan 
-81.375, 65.625, 1.891108965176073e-22, nan 
-81.125, 65.625, 1.917854064211915e-22, nan 
-80.875, 65.625, 1.9798531598119236e-22, nan 
-80.625, 65.625, 1.889909239458555e-22, nan 
-80.375, 65.625, 1.847987046675289e-22, nan 
-80.125, 65.625, 2.0593059176509625e-22, nan 
-79.875, 65.625, 1.9231648089124413e-22, nan 
-79.625, 65.625, 1.9348070991113848e-22, nan 
-79.375, 65.625, 2.0634457883874177e-22, nan 
-79.125, 65.625, 1.7673771460394727e-22, nan 
-78.875, 65.625, 2.170763220273169e-22, nan 
-78.625, 65.625, 2.8921282408400944e-22, nan 
-78.375, 65.625, 2.1116597631752167e-22, nan 
-78.125, 65.625, 1.8844051387941708e-22, nan 
-77.875, 65.625, 2.395369719269929e-22, nan 
-77.625, 65.625, 2.4113172231133607e-22, nan 
-77.375, 65.625, 1.8367587695007212e-22, nan 
-77.125, 65.625, 1.4865588271881013e-21, nan 
-76.875, 65.625, 4.732152751840932e-22, nan 
-76.625, 65.625, 4.00576906187872e-22, nan 
-76.375, 65.625, 2.4953866153317335e-21, nan 
-76.125, 65.625, 1.1458822442771122e-21, nan 
-75.875, 65.625, 4.513631721151529e-22, nan 
-75.625, 65.625, 1.208461308992002e-21, nan 
-75.375, 65.625, 2.045131394569261e-22, nan 
-75.125, 65.625, 2.767886987917653e-22, nan 
-74.875, 65.625, 1.8582517608158627e-22, nan 
-74.625, 65.625, 1.9818538379823543e-22, nan 
-74.375, 65.625, 2.1423774655460613e-22, nan 
-74.125, 65.625, 1.8412786317375294e-22, nan 
-73.875, 65.625, 1.5485995138286538e-22, nan 
-73.625, 65.625, 1.8231339663657709e-22, nan 
-73.375, 65.625, 1.803473431856006e-22, nan 
-73.125, 65.625, 1.62927793868952e-22, nan 
-72.875, 65.625, 1.6474445483359774e-22, nan 
-72.625, 65.625, 1.480600654885705e-22, nan 
-72.375, 65.625, 1.5841600941782271e-22, nan 
-72.125, 65.625, 1.5555136598680284e-22, nan 
-71.875, 65.625, 1.5240092921382822e-22, nan 
-71.625, 65.625, 1.610510511616305e-22, nan 
-71.375, 65.625, 1.4990330813533416e-22, nan 
-71.125, 65.625, 1.8767765215068551e-22, nan 
-70.875, 65.625, 2.163605688751462e-22, nan 
-70.625, 65.625, 1.6776822626559392e-22, nan 
-70.375, 65.625, 1.7674710897527542e-22, nan 
-70.125, 65.625, 1.7446917144693046e-22, nan 
-69.875, 65.625, 1.5368249282525212e-22, nan 
-69.625, 65.625, 1.5355514810665986e-22, nan 
-69.375, 65.625, 1.5126996552561934e-22, nan 
-69.125, 65.625, 1.6209214335459952e-22, nan 
-68.875, 65.625, 2.0220909954579025e-22, nan 
-68.625, 65.625, 2.212362327014234e-22, nan 
-68.375, 65.625, 2.455503112844982e-22, nan 
-68.125, 65.625, 2.153557184668593e-22, nan 
-67.875, 65.625, 2.2004105121740705e-22, nan 
-67.625, 65.625, 2.653441760511712e-22, nan 
-67.375, 65.625, 2.329632701865631e-22, nan 
-67.125, 65.625, 2.1385220638517172e-22, nan 
-66.875, 65.625, 1.8302042013760175e-22, nan 
-66.625, 65.625, 1.7653473489854885e-22, nan 
-66.375, 65.625, 1.651656061589812e-22, nan 
-66.125, 65.625, 1.360478051193995e-22, nan 
-65.875, 65.625, 1.6231667848022834e-22, nan 
-65.625, 65.625, 2.050472395850747e-22, nan 
-65.375, 65.625, 1.9779876204370917e-22, nan 
-65.125, 65.625, 1.7045646341758425e-22, nan 
-64.875, 65.625, 1.8407629613605335e-22, nan 
-64.625, 65.625, 1.8562508380073932e-22, nan 
-64.375, 65.625, 1.86831314177751e-22, nan 
-64.125, 65.625, 1.4992306315087793e-22, nan 
-63.875, 65.625, 1.416513747499486e-22, nan 
-63.625, 65.625, 1.8499292709446628e-22, nan 
-63.375, 65.625, 1.6351958645432527e-22, nan 
-63.125, 65.625, 1.871086150655148e-22, nan 
-62.875, 65.625, 1.727874504095448e-22, nan 
-62.625, 65.625, 1.9438863991833975e-22, nan 
-62.375, 65.625, 1.7169078789818655e-22, nan 
-62.125, 65.625, 1.6534557446400975e-22, nan 
-61.875, 65.625, 1.967642850086996e-22, nan 
-61.625, 65.625, 1.7759213047779617e-22, nan 
-61.375, 65.625, 1.518252159970828e-22, nan 
-61.125, 65.625, 1.3520518598109442e-22, nan 
-60.875, 65.625, 1.5406578188186316e-22, nan 
-60.625, 65.625, 1.6194016650800153e-22, nan 
-60.375, 65.625, 1.8873479777947892e-22, nan 
-60.125, 65.625, 1.885400938913877e-22, nan 
-59.875, 65.625, 2.118320330907625e-22, nan 
-59.625, 65.625, 1.8373311203169873e-22, nan 
-59.375, 65.625, 1.763810704812859e-22, nan 
-59.125, 65.625, 1.7671502023043763e-22, nan 
-58.875, 65.625, 1.698430616202813e-22, nan 
-58.625, 65.625, 1.6140265451907683e-22, nan 
-58.375, 65.625, 1.3719882789532564e-22, nan 
-58.125, 65.625, 1.3975274550998737e-22, nan 
-57.875, 65.625, 1.5036207052747203e-22, nan 
-57.625, 65.625, 1.283664487703434e-22, nan 
-57.375, 65.625, 1.2585178132239155e-22, nan 
-57.125, 65.625, 9.762772860394233e-23, nan 
-56.875, 65.625, 9.695209271057678e-23, nan 
-56.625, 65.625, 9.980506250695132e-23, nan 
-56.375, 65.625, 8.123296614718815e-23, nan 
-56.125, 65.625, 1.2458237816399582e-22, nan 
-55.875, 65.625, 1.3450275173232833e-22, nan 
-55.625, 65.625, 1.0694867320587566e-22, nan 
-55.375, 65.625, 1.0707371785203487e-22, nan 
-55.125, 65.625, 1.1435798697975157e-22, nan 
-54.875, 65.625, 1.1113678303380582e-22, nan 
-54.625, 65.625, 1.0172372719222372e-22, nan 
-54.375, 65.625, 9.453809049147133e-23, nan 
-54.125, 65.625, 7.719290247124862e-23, nan 
-53.875, 65.625, 1.111261729036125e-22, nan 
-53.625, 65.625, 1.7254734601389382e-22, nan 
-53.375, 65.625, 1.8809090349890746e-22, nan 
-53.125, 65.625, 1.6307307449841807e-22, nan 
-52.875, 65.625, 1.3991864236403184e-22, nan 
-52.625, 65.625, 1.4168923686629894e-22, nan 
-52.375, 65.625, 1.1221260931244933e-22, nan 
-52.125, 65.625, 5.688696611816618e-23, nan 
-51.875, 65.625, 3.099524693354775e-23, nan 
-51.625, 65.625, 4.674896420144206e-23, nan 
-51.375, 65.625, 6.084889241968776e-23, nan 
-51.125, 65.625, 5.455585505348872e-23, nan 
-50.875, 65.625, 5.434306208292671e-23, nan 
-50.625, 65.625, 4.847825538702411e-23, nan 
-50.375, 65.625, 8.049063907619564e-23, nan 
-50.125, 65.625, 5.239389659470618e-23, nan 
-49.875, 65.625, 4.7194952462942417e-23, nan 
-49.625, 65.625, 5.450857691964136e-23, nan 
-49.375, 65.625, 5.620550883274722e-23, nan 
-49.125, 65.625, 5.2784644524075704e-23, nan 
-48.875, 65.625, 5.167139839514633e-23, nan 
-48.625, 65.625, 1.1157722688006078e-22, nan 
-48.375, 65.625, 6.576155447516814e-23, nan 
-48.125, 65.625, 6.589132610354382e-23, nan 
-47.875, 65.625, 7.252510819558641e-23, nan 
-47.625, 65.625, 6.508399372994996e-23, nan 
-47.375, 65.625, 7.206723019323893e-23, nan 
-47.125, 65.625, 6.447643813313235e-23, nan 
-46.875, 65.625, 6.337099606361056e-23, nan 
-46.625, 65.625, 1.067079613460988e-22, nan 
-46.375, 65.625, 9.289500276172354e-23, nan 
-46.125, 65.625, 8.901984721510942e-23, nan 
-45.875, 65.625, 1.8274666247716635e-22, nan 
-45.625, 65.625, 1.8750663118785265e-22, nan 
-45.375, 65.625, 1.767526847436764e-22, nan 
-45.125, 65.625, 1.6734832623243975e-22, nan 
-44.875, 65.625, 2.182381114545004e-22, nan 
-44.625, 65.625, 2.1172517863789619e-22, nan 
-44.375, 65.625, 1.1575997310061387e-22, nan 
-44.125, 65.625, 2.29219017652222e-22, nan 
-43.875, 65.625, 2.465142359733032e-22, nan 
-43.625, 65.625, 4.441906675883865e-22, nan 
-43.375, 65.625, 3.220308118577626e-22, nan 
-43.125, 65.625, 2.130734579806671e-22, nan 
-42.875, 65.625, 4.389037018851643e-22, nan 
-42.625, 65.625, 3.69835512692584e-22, nan 
-42.375, 65.625, 2.0850984823748305e-22, nan 
-42.125, 65.625, 2.617160783851349e-22, nan 
-41.875, 65.625, 1.8705530648772686e-22, nan 
-41.625, 65.625, 1.0528920521480402e-22, nan 
-41.375, 65.625, 1.078716734287062e-22, nan 
-41.125, 65.625, 2.750926961634644e-22, nan 
-40.875, 65.625, 1.616494007806855e-22, nan 
-40.625, 65.625, 1.6150728643089776e-22, nan 
-40.375, 65.625, 1.8163007492808068e-22, nan 
-40.125, 65.625, 2.0180354694751901e-22, nan 
-39.875, 65.625, 1.5676868850132226e-22, nan 
-39.625, 65.625, 1.8306371180386593e-22, nan 
-39.375, 65.625, 3.0991404822050043e-22, nan 
-39.125, 65.625, 3.076365716025062e-22, nan 
-38.875, 65.625, 3.430542906242403e-22, nan 
-38.625, 65.625, 2.3693332900356197e-22, nan 
-38.375, 65.625, 2.7770485204462793e-22, nan 
-38.125, 65.625, 3.439505601198544e-22, nan 
-37.875, 65.625, 4.674905823168297e-22, nan 
-37.625, 65.625, 5.7653070339641415e-22, nan 
-37.375, 65.625, 5.505024288992427e-22, nan 
-37.125, 65.625, 5.120450551425456e-22, nan 
-36.875, 65.625, 6.515852989546411e-22, nan 
-36.625, 65.625, 5.660919324006071e-22, nan 
-36.375, 65.625, 5.719515633299647e-22, nan 
-36.125, 65.625, 5.15467088528022e-22, nan 
-35.875, 65.625, 5.067655688844837e-22, nan 
-35.625, 65.625, 4.095516284492205e-22, nan 
-35.375, 65.625, 3.1929332134501913e-22, nan 
-35.125, 65.625, 4.587891548339468e-22, nan 
-34.875, 65.625, 4.992651409074355e-22, nan 
-34.625, 65.625, 5.620592627512668e-22, nan 
-34.375, 65.625, 4.470798091283288e-22, nan 
-34.125, 65.625, 3.6719906368933627e-22, nan 
-33.875, 65.625, 3.7408457976632543e-22, nan 
-33.625, 65.625, 6.5715957514231e-22, nan 
-33.375, 65.625, 6.365370315186128e-22, nan 
-33.125, 65.625, 9.74973779887402e-22, nan 
-32.875, 65.625, 8.958581508668163e-22, nan 
-32.625, 65.625, 6.313973501529945e-22, nan 
-32.375, 65.625, 5.101345751830023e-22, nan 
-32.125, 65.625, 1.8817541637566814e-21, nan 
-31.875, 65.625, 3.968786332562418e-21, nan 
-31.625, 65.625, 7.24431812862399e-21, nan 
-31.375, 65.625, 1.551099438164706e-20, nan 
-31.125, 65.625, 1.054336029848554e-20, nan 
-30.875, 65.625, 2.1954455755196648e-20, nan 
-30.625, 65.625, 3.806821320948179e-20, nan 
-30.375, 65.625, 1.1974510415259357e-20, nan 
-30.125, 65.625, 1.0930653144484989e-20, nan 
-29.875, 65.625, 2.3138532997317787e-20, nan 
-29.625, 65.625, 3.0511637633065377e-21, nan 
-29.375, 65.625, 2.0648966770313417e-21, nan 
-29.125, 65.625, 6.2509258994046405e-21, nan 
-28.875, 65.625, 3.6863726730014775e-21, nan 
-28.625, 65.625, 2.3226588955738196e-21, nan 
-28.375, 65.625, 3.436050015720029e-21, nan 
-28.125, 65.625, 4.703689447658863e-21, nan 
-27.875, 65.625, 3.1793236817106766e-21, nan 
-27.625, 65.625, 2.267291871641971e-21, nan 
-27.375, 65.625, 2.919379768497979e-21, nan 
-27.125, 65.625, 2.2951031780637005e-21, nan 
-26.875, 65.625, 1.683896564435402e-21, nan 
-26.625, 65.625, 3.9921111852090834e-21, nan 
-26.375, 65.625, 4.148837744079578e-21, nan 
-26.125, 65.625, 3.638373574998277e-21, nan 
-25.875, 65.625, 4.875804040490714e-21, nan 
-25.625, 65.625, 4.3986926524757585e-21, nan 
-25.375, 65.625, 3.8123033825458954e-21, nan 
-25.125, 65.625, 2.1935986349720156e-21, nan 
-24.875, 65.625, 1.7445492382574023e-21, nan 
-24.625, 65.625, 2.8439182101233344e-21, nan 
-24.375, 65.625, 1.7918373655242575e-21, nan 
-24.125, 65.625, 1.6558638407989992e-21, nan 
-23.875, 65.625, 3.407220342089562e-21, nan 
-23.625, 65.625, 6.0223721637830284e-21, nan 
-23.375, 65.625, 6.525353851488247e-21, nan 
-23.125, 65.625, 3.2615743273078566e-21, nan 
-22.875, 65.625, 7.422121439936365e-21, nan 
-22.625, 65.625, 5.553313776528655e-21, nan 
-22.375, 65.625, 6.090661310079578e-21, nan 
-22.125, 65.625, 6.79186890187564e-20, nan 
-21.875, 65.625, 5.733777002253401e-20, nan 
-21.625, 65.625, 5.0683204568505675e-21, nan 
-21.375, 65.625, 1.3249364330520114e-19, nan 
-21.125, 65.625, 1.23176625594154e-19, nan 
-20.875, 65.625, 6.953107634305916e-21, nan 
-20.625, 65.625, 5.034370066063359e-20, nan 
-20.375, 65.625, 4.7065770736981237e-20, nan 
-20.125, 65.625, 5.385790830742129e-21, nan 
-19.875, 65.625, 3.827432501434016e-21, nan 
-19.625, 65.625, 4.2514631374057256e-21, nan 
-19.375, 65.625, 2.537021538883914e-21, nan 
-19.125, 65.625, 2.9302976254762667e-21, nan 
-18.875, 65.625, 3.060329877103975e-21, nan 
-18.625, 65.625, 3.228330451711742e-21, nan 
-18.375, 65.625, 2.9605129325195166e-21, nan 
-18.125, 65.625, 2.684426558600803e-21, nan 
-17.875, 65.625, 2.1069666883112685e-21, nan 
-17.625, 65.625, 1.6602978286593801e-21, nan 
-17.375, 65.625, 1.1597265077176241e-21, nan 
-17.125, 65.625, 9.410224951793729e-22, nan 
-16.875, 65.625, 7.150511473206037e-22, nan 
-16.625, 65.625, 1.7697460112785715e-22, nan 
-16.375, 65.625, 3.5759182280711637e-22, nan 
-16.125, 65.625, 9.557942762769175e-22, nan 
-15.875, 65.625, 1.6023713828309345e-21, nan 
-15.625, 65.625, 1.5426491052240876e-21, nan 
-15.375, 65.625, 1.1709051648366031e-21, nan 
-15.125, 65.625, 1.7594810400459226e-21, nan 
-14.875, 65.625, 1.744009389039482e-21, nan 
-14.625, 65.625, 2.1149737913214053e-21, nan 
-14.375, 65.625, 1.4330432293780804e-21, nan 
-14.125, 65.625, 2.159485616859621e-21, nan 
-13.875, 65.625, 1.9524624844464066e-21, nan 
-13.625, 65.625, 2.4911152555495475e-21, nan 
-13.375, 65.625, 5.424988301589554e-21, nan 
-13.125, 65.625, 6.204863001449645e-21, nan 
-12.875, 65.625, 7.773342646045415e-21, nan 
-12.625, 65.625, 9.807806779487508e-21, nan 
-12.375, 65.625, 1.36218762277402e-20, nan 
-12.125, 65.625, 1.7207868962519128e-20, nan 
-11.875, 65.625, 1.4825399261509187e-20, nan 
-11.625, 65.625, 1.1974219551554157e-20, nan 
-11.375, 65.625, 1.550531376156534e-20, nan 
-11.125, 65.625, 1.8486372949920304e-20, nan 
-10.875, 65.625, 1.622729523765943e-20, nan 
-10.625, 65.625, 3.2683814812172916e-20, nan 
-10.375, 65.625, 3.5320508819492906e-20, nan 
-10.125, 65.625, 3.6258554634069726e-20, nan 
-9.875, 65.625, 3.4130160111112056e-20, nan 
-9.625, 65.625, 3.2372450951365806e-20, nan 
-9.375, 65.625, 3.4387304062415203e-20, nan 
-9.125, 65.625, 2.99321944043177e-20, nan 
-8.875, 65.625, 2.7472725272634125e-20, nan 
-8.625, 65.625, 2.8644581980849464e-20, nan 
-8.375, 65.625, 2.456468835693378e-20, nan 
-8.125, 65.625, 2.293992259517179e-20, nan 
-7.875, 65.625, 2.3257251137818483e-20, nan 
-7.625, 65.625, 1.658053733008696e-20, nan 
-7.375, 65.625, 6.211955422203631e-21, nan 
-7.125, 65.625, 5.369497309292114e-21, nan 
-6.875, 65.625, 2.5224561603656234e-21, nan 
-6.625, 65.625, 4.925234966829384e-21, nan 
-6.375, 65.625, 6.189901259047086e-21, nan 
-6.125, 65.625, 4.564309633935393e-21, nan 
-5.875, 65.625, 4.246939078106387e-21, nan 
-5.625, 65.625, 3.3671678779684564e-21, nan 
-5.375, 65.625, 2.2144252074242087e-21, nan 
-5.125, 65.625, 8.3506830885924935e-22, nan 
-4.875, 65.625, 3.423729468466655e-22, nan 
-4.625, 65.625, 2.1637710408557143e-22, nan 
-4.375, 65.625, 1.6678649576293821e-23, nan 
-4.125, 65.625, 8.156098622881083e-23, nan 
-3.875, 65.625, 4.7582953388225607e-23, nan 
-3.625, 65.625, 4.845285117149803e-23, nan 
-3.375, 65.625, 1.1265397690074388e-22, nan 
-3.125, 65.625, 3.7766983447609014e-23, nan 
-83.875, 65.875, 1.4320064040582245e-22, nan 
-83.625, 65.875, 1.784038056204911e-22, nan 
-83.375, 65.875, 1.7923288008968245e-22, nan 
-83.125, 65.875, 1.9665427991433913e-22, nan 
-82.875, 65.875, 1.4566852248506792e-22, nan 
-82.625, 65.875, 2.0379237388679075e-22, nan 
-82.375, 65.875, 1.642911619701231e-22, nan 
-82.125, 65.875, 1.859565554523583e-22, nan 
-81.875, 65.875, 1.9556170793943079e-22, nan 
-81.625, 65.875, 1.5882881508484846e-22, nan 
-81.375, 65.875, 1.859389131949283e-22, nan 
-81.125, 65.875, 1.8907267389150068e-22, nan 
-80.875, 65.875, 2.0857230157331512e-22, nan 
-80.625, 65.875, 1.9774691894902266e-22, nan 
-80.375, 65.875, 1.9028870440397692e-22, nan 
-80.125, 65.875, 1.8832544251620634e-22, nan 
-79.875, 65.875, 1.7938966015827047e-22, nan 
-79.625, 65.875, 1.826565411336966e-22, nan 
-79.375, 65.875, 1.6137341162593184e-22, nan 
-79.125, 65.875, 2.0188675905663093e-22, nan 
-78.875, 65.875, 1.6290786698497221e-22, nan 
-78.625, 65.875, 2.0078230081985841e-22, nan 
-78.375, 65.875, 1.9147816884636037e-22, nan 
-78.125, 65.875, 1.600363006760732e-22, nan 
-77.875, 65.875, 2.051383846410154e-22, nan 
-77.625, 65.875, 1.1160999901873903e-22, nan 
-77.375, 65.875, 1.9011075185470652e-22, nan 
-77.125, 65.875, 1.481021519476717e-22, nan 
-76.875, 65.875, 3.4258488888640676e-22, nan 
-76.625, 65.875, 2.804109695005078e-22, nan 
-76.375, 65.875, 1.8098887756941664e-21, nan 
-76.125, 65.875, 1.6563571467163805e-22, nan 
-75.875, 65.875, 3.037477388914369e-22, nan 
-75.625, 65.875, 3.086115854988956e-22, nan 
-75.375, 65.875, 2.0493137091269888e-22, nan 
-75.125, 65.875, 2.417874007228517e-22, nan 
-74.875, 65.875, 1.8071120852863032e-22, nan 
-74.625, 65.875, 1.9792491049144287e-22, nan 
-74.375, 65.875, 1.9356289817664137e-22, nan 
-74.125, 65.875, 1.8454241832878432e-22, nan 
-73.875, 65.875, 1.8670271655166834e-22, nan 
-73.625, 65.875, 1.8294754114052851e-22, nan 
-73.375, 65.875, 1.9993880719193988e-22, nan 
-73.125, 65.875, 2.3712046438763493e-22, nan 
-72.875, 65.875, 2.002046628018114e-22, nan 
-72.625, 65.875, 1.7603054801600902e-22, nan 
-72.375, 65.875, 1.8642171478512221e-22, nan 
-72.125, 65.875, 1.8631809247399792e-22, nan 
-71.875, 65.875, 2.5034677410718606e-22, nan 
-71.625, 65.875, 2.770082418297639e-22, nan 
-71.375, 65.875, 2.1567961382276604e-22, nan 
-71.125, 65.875, 2.29158459798495e-22, nan 
-70.875, 65.875, 2.7023311339016307e-22, nan 
-70.625, 65.875, 2.3738192044330065e-22, nan 
-70.375, 65.875, 2.1641536988351363e-22, nan 
-70.125, 65.875, 2.367774477703792e-22, nan 
-69.875, 65.875, 2.722021471680492e-22, nan 
-69.625, 65.875, 2.3691789940609234e-22, nan 
-69.375, 65.875, 2.1577887110683064e-22, nan 
-69.125, 65.875, 2.464448798102885e-22, nan 
-68.875, 65.875, 2.457661605423345e-22, nan 
-68.625, 65.875, 2.308751937549629e-22, nan 
-68.375, 65.875, 2.2599359066864244e-22, nan 
-68.125, 65.875, 2.421499859251711e-22, nan 
-67.875, 65.875, 2.5124463366339265e-22, nan 
-67.625, 65.875, 2.451347635580212e-22, nan 
-67.375, 65.875, 2.6247749446339076e-22, nan 
-67.125, 65.875, 2.6040374384617787e-22, nan 
-66.875, 65.875, 1.9900749083088542e-22, nan 
-66.625, 65.875, 1.8722851226448e-22, nan 
-66.375, 65.875, 1.7578185613848605e-22, nan 
-66.125, 65.875, 1.960625579425755e-22, nan 
-65.875, 65.875, 1.5760439872308803e-22, nan 
-65.625, 65.875, 1.968826714974536e-22, nan 
-65.375, 65.875, 2.117284231793327e-22, nan 
-65.125, 65.875, 2.0194059515183844e-22, nan 
-64.875, 65.875, 1.54480169905677e-22, nan 
-64.625, 65.875, 1.7350968703147233e-22, nan 
-64.375, 65.875, 1.9087182604709893e-22, nan 
-64.125, 65.875, 1.8697248392411272e-22, nan 
-63.875, 65.875, 1.7667627071535162e-22, nan 
-63.625, 65.875, 1.4294858180009737e-22, nan 
-63.375, 65.875, 1.5998167772461236e-22, nan 
-63.125, 65.875, 2.1414747635178813e-22, nan 
-62.875, 65.875, 1.8143945829158355e-22, nan 
-62.625, 65.875, 1.5739248835648346e-22, nan 
-62.375, 65.875, 1.8936566111020645e-22, nan 
-62.125, 65.875, 1.5953893974588438e-22, nan 
-61.875, 65.875, 1.9204536024730895e-22, nan 
-61.625, 65.875, 1.73716650451926e-22, nan 
-61.375, 65.875, 1.729128916001911e-22, nan 
-61.125, 65.875, 1.9087209594921804e-22, nan 
-60.875, 65.875, 1.8537716145194486e-22, nan 
-60.625, 65.875, 1.8154185590355272e-22, nan 
-60.375, 65.875, 1.9774729025289994e-22, nan 
-60.125, 65.875, 1.963957498940361e-22, nan 
-59.875, 65.875, 2.3271648431263476e-22, nan 
-59.625, 65.875, 1.9712427938839336e-22, nan 
-59.375, 65.875, 2.0766579379126275e-22, nan 
-59.125, 65.875, 2.0207219123975428e-22, nan 
-58.875, 65.875, 1.9268258427566703e-22, nan 
-58.625, 65.875, 1.946491824997521e-22, nan 
-58.375, 65.875, 1.8240937661920594e-22, nan 
-58.125, 65.875, 1.6926489894090903e-22, nan 
-57.875, 65.875, 1.5448978134518454e-22, nan 
-57.625, 65.875, 1.2882615117657714e-22, nan 
-57.375, 65.875, 1.3993340902159103e-22, nan 
-57.125, 65.875, 1.2854329640521493e-22, nan 
-56.875, 65.875, 1.4828178608890425e-22, nan 
-56.625, 65.875, 1.142371449717185e-22, nan 
-56.375, 65.875, 1.215735943968519e-22, nan 
-56.125, 65.875, 1.317400537986141e-22, nan 
-55.875, 65.875, 1.430724980629464e-22, nan 
-55.625, 65.875, 1.2469191030069182e-22, nan 
-55.375, 65.875, 1.0106859399339034e-22, nan 
-55.125, 65.875, 1.3527644590866924e-22, nan 
-54.875, 65.875, 1.4931027600073654e-22, nan 
-54.625, 65.875, 1.5633864473120117e-22, nan 
-54.375, 65.875, 2.194902826375127e-22, nan 
-54.125, 65.875, 2.1152479897450589e-22, nan 
-53.875, 65.875, 1.5536727650024122e-22, nan 
-53.625, 65.875, 1.945495219100856e-22, nan 
-53.375, 65.875, 1.8987747685196582e-22, nan 
-53.125, 65.875, 1.7141463380501965e-22, nan 
-52.875, 65.875, 1.0796696770097959e-22, nan 
-52.625, 65.875, 7.23973771742403e-23, nan 
-52.375, 65.875, 7.022486857329229e-23, nan 
-52.125, 65.875, 9.422574491101907e-23, nan 
-51.875, 65.875, 9.398134281098333e-23, nan 
-51.625, 65.875, 1.257295303868186e-22, nan 
-51.375, 65.875, 1.092283445347106e-22, nan 
-51.125, 65.875, 7.919369521047557e-23, nan 
-50.875, 65.875, 7.951624382978748e-23, nan 
-50.625, 65.875, 5.458338963596484e-23, nan 
-50.375, 65.875, 2.360136005591346e-23, nan 
-50.125, 65.875, 5.401389059762614e-23, nan 
-49.875, 65.875, 5.2729476323296985e-23, nan 
-49.625, 65.875, 2.7255240120485847e-23, nan 
-49.375, 65.875, 5.680893915591686e-23, nan 
-49.125, 65.875, 5.906945190590777e-23, nan 
-48.875, 65.875, 7.836153926529123e-23, nan 
-48.625, 65.875, 1.0836159035044856e-22, nan 
-48.375, 65.875, 7.07682140381708e-23, nan 
-48.125, 65.875, 7.183192628400234e-23, nan 
-47.875, 65.875, 6.427451357634155e-23, nan 
-47.625, 65.875, 1.2919988401061766e-22, nan 
-47.375, 65.875, 2.5450761374916377e-23, nan 
-47.125, 65.875, 1.2491840572072313e-22, nan 
-46.875, 65.875, 1.1245768578747202e-22, nan 
-46.625, 65.875, 1.505816010354919e-22, nan 
-46.375, 65.875, 1.6413957157060257e-22, nan 
-46.125, 65.875, 1.124228152437861e-22, nan 
-45.875, 65.875, 1.6142005208392635e-22, nan 
-45.625, 65.875, 1.6616211285037182e-22, nan 
-45.375, 65.875, 1.4703813880321056e-22, nan 
-45.125, 65.875, 1.7183516042923978e-22, nan 
-44.875, 65.875, 2.5889669739231356e-22, nan 
-44.625, 65.875, 2.561035794839969e-22, nan 
-44.375, 65.875, 2.1376581894954367e-22, nan 
-44.125, 65.875, 2.909775841120917e-22, nan 
-43.875, 65.875, 3.0526881481279184e-22, nan 
-43.625, 65.875, 3.771392791257248e-22, nan 
-43.375, 65.875, 2.844941708862278e-22, nan 
-43.125, 65.875, 2.945700618471834e-22, nan 
-42.875, 65.875, 4.063462676903023e-22, nan 
-42.625, 65.875, 1.4972537077039866e-22, nan 
-42.375, 65.875, 3.288422920577682e-22, nan 
-42.125, 65.875, 5.099831673047887e-22, nan 
-41.875, 65.875, 1.6464197467831734e-22, nan 
-41.625, 65.875, 1.7848585480520753e-22, nan 
-41.375, 65.875, 3.0357373001116423e-22, nan 
-41.125, 65.875, 2.91633073898462e-22, nan 
-40.875, 65.875, 2.2210370577479333e-22, nan 
-40.625, 65.875, 2.292404438155462e-22, nan 
-40.375, 65.875, 2.8226003675173333e-22, nan 
-40.125, 65.875, 1.869610649864979e-22, nan 
-39.875, 65.875, 1.7516074763374248e-22, nan 
-39.625, 65.875, 3.166768592583061e-22, nan 
-39.375, 65.875, 2.5536077451933967e-22, nan 
-39.125, 65.875, 3.1118827090217314e-22, nan 
-38.875, 65.875, 4.731305400070403e-22, nan 
-38.625, 65.875, 6.098501858112326e-22, nan 
-38.375, 65.875, 4.532173030917898e-22, nan 
-38.125, 65.875, 3.6448722289619693e-22, nan 
-37.875, 65.875, 6.747039653042887e-22, nan 
-37.625, 65.875, 6.525158405690468e-22, nan 
-37.375, 65.875, 5.403319051284746e-22, nan 
-37.125, 65.875, 4.411156139430514e-22, nan 
-36.875, 65.875, 3.569699612633482e-22, nan 
-36.625, 65.875, 3.84933577859272e-22, nan 
-36.375, 65.875, 5.3547095015227e-22, nan 
-36.125, 65.875, 4.692566156552197e-22, nan 
-35.875, 65.875, 4.6009763172571295e-22, nan 
-35.625, 65.875, 4.964716451195394e-22, nan 
-35.375, 65.875, 6.765570697474616e-22, nan 
-35.125, 65.875, 5.729193643096781e-22, nan 
-34.875, 65.875, 5.494448778828e-22, nan 
-34.625, 65.875, 7.887525493340586e-22, nan 
-34.375, 65.875, 6.130924103655482e-22, nan 
-34.125, 65.875, 5.942611811567021e-22, nan 
-33.875, 65.875, 9.330385338376565e-22, nan 
-33.625, 65.875, 1.2911579597168867e-21, nan 
-33.375, 65.875, 1.0912765638701092e-21, nan 
-33.125, 65.875, 1.0280140316695861e-21, nan 
-32.875, 65.875, 7.691415133421847e-22, nan 
-32.625, 65.875, 1.134777921802268e-21, nan 
-32.375, 65.875, 1.1333090630216056e-21, nan 
-32.125, 65.875, 1.4280046145951796e-21, nan 
-31.875, 65.875, 2.1834444366179023e-21, nan 
-31.625, 65.875, 3.034357574597764e-21, nan 
-31.375, 65.875, 3.804399609636169e-21, nan 
-31.125, 65.875, 6.045481268929943e-21, nan 
-30.875, 65.875, 1.7464931234516377e-20, nan 
-30.625, 65.875, 2.4972382063313508e-20, nan 
-30.375, 65.875, 8.407160746811728e-21, nan 
-30.125, 65.875, 8.298783413995512e-21, nan 
-29.875, 65.875, 7.718017445190307e-21, nan 
-29.625, 65.875, 3.9416962296332745e-21, nan 
-29.375, 65.875, 5.205213445289717e-21, nan 
-29.125, 65.875, 3.656735924443555e-21, nan 
-28.875, 65.875, 3.541364600653634e-21, nan 
-28.625, 65.875, 2.035905255994535e-21, nan 
-28.375, 65.875, 1.654188574948965e-21, nan 
-28.125, 65.875, 3.111639191227619e-21, nan 
-27.875, 65.875, 2.808478564175311e-21, nan 
-27.625, 65.875, 2.4423708164005377e-21, nan 
-27.375, 65.875, 2.2760298024462132e-21, nan 
-27.125, 65.875, 9.952735914012637e-22, nan 
-26.875, 65.875, 2.0644806638284682e-21, nan 
-26.625, 65.875, 3.974820783357494e-21, nan 
-26.375, 65.875, 4.268942967019469e-21, nan 
-26.125, 65.875, 4.0333587232030294e-21, nan 
-25.875, 65.875, 5.5918645342027376e-21, nan 
-25.625, 65.875, 5.708874952684503e-21, nan 
-25.375, 65.875, 4.945183766664449e-21, nan 
-25.125, 65.875, 3.966945693958218e-21, nan 
-24.875, 65.875, 4.050055480986037e-21, nan 
-24.625, 65.875, 4.639712241052791e-21, nan 
-24.375, 65.875, 5.3985763678109396e-21, nan 
-24.125, 65.875, 5.420230434715022e-21, nan 
-23.875, 65.875, 5.6127933040850125e-21, nan 
-23.625, 65.875, 7.894886876268272e-21, nan 
-23.375, 65.875, 8.138519244118089e-21, nan 
-23.125, 65.875, 4.646189261337919e-21, nan 
-22.875, 65.875, 5.1471050530731754e-21, nan 
-22.625, 65.875, 6.949649743458399e-21, nan 
-22.375, 65.875, 6.963104861436687e-21, nan 
-22.125, 65.875, 9.204175339496495e-21, nan 
-21.875, 65.875, 6.5189569483954114e-21, nan 
-21.625, 65.875, 7.693002195762248e-21, nan 
-21.375, 65.875, 5.935350459924053e-20, nan 
-21.125, 65.875, 5.592876884026559e-20, nan 
-20.875, 65.875, 6.693613303801533e-21, nan 
-20.625, 65.875, 4.783624118473454e-21, nan 
-20.375, 65.875, 3.3678869489574413e-21, nan 
-20.125, 65.875, 3.3594552239693265e-21, nan 
-19.875, 65.875, 2.6712644142926757e-21, nan 
-19.625, 65.875, 1.6268022740861727e-21, nan 
-19.375, 65.875, 1.4327781204002312e-21, nan 
-19.125, 65.875, 1.9797275436411813e-21, nan 
-18.875, 65.875, 2.3633115986891043e-21, nan 
-18.625, 65.875, 3.078612950249353e-21, nan 
-18.375, 65.875, 2.269113474165271e-21, nan 
-18.125, 65.875, 2.0545269116440267e-21, nan 
-17.875, 65.875, 2.658003986741765e-21, nan 
-17.625, 65.875, 1.1905026890592221e-21, nan 
-17.375, 65.875, 8.048399204025716e-22, nan 
-17.125, 65.875, 1.1493375299501988e-21, nan 
-16.875, 65.875, 8.979015672803224e-22, nan 
-16.625, 65.875, 2.9273181537257033e-22, nan 
-16.375, 65.875, 4.856923412157135e-22, nan 
-16.125, 65.875, 6.15995351308798e-22, nan 
-15.875, 65.875, 6.789676132640551e-22, nan 
-15.625, 65.875, 1.6873629514911195e-21, nan 
-15.375, 65.875, 2.577042724042268e-21, nan 
-15.125, 65.875, 2.42379284865698e-21, nan 
-14.875, 65.875, 2.1930781757967132e-21, nan 
-14.625, 65.875, 2.653235109033694e-21, nan 
-14.375, 65.875, 2.1486718413064843e-21, nan 
-14.125, 65.875, 2.2446366662093334e-21, nan 
-13.875, 65.875, 1.3809420771031618e-21, nan 
-13.625, 65.875, 1.413088842919403e-21, nan 
-13.375, 65.875, 1.7844757411261152e-21, nan 
-13.125, 65.875, 1.5409724778681614e-21, nan 
-12.875, 65.875, 2.5057420445983334e-21, nan 
-12.625, 65.875, 5.723911994877372e-21, nan 
-12.375, 65.875, 1.0174012449426258e-20, nan 
-12.125, 65.875, 1.1191939710140144e-20, nan 
-11.875, 65.875, 1.1543161000242004e-20, nan 
-11.625, 65.875, 1.1439807072414852e-20, nan 
-11.375, 65.875, 1.2243496682023745e-20, nan 
-11.125, 65.875, 1.0918746381232364e-20, nan 
-10.875, 65.875, 5.5188949035087075e-21, nan 
-10.625, 65.875, 7.29067050252068e-21, nan 
-10.375, 65.875, 1.4773230483347005e-20, nan 
-10.125, 65.875, 1.4911084982038746e-20, nan 
-9.875, 65.875, 2.505847260261063e-20, nan 
-9.625, 65.875, 2.746333965801872e-20, nan 
-9.375, 65.875, 2.9117403082755915e-20, nan 
-9.125, 65.875, 2.8330376115732114e-20, nan 
-8.875, 65.875, 2.2690161002334063e-20, nan 
-8.625, 65.875, 2.1633223506967434e-20, nan 
-8.375, 65.875, 1.7870669971255596e-20, nan 
-8.125, 65.875, 8.296714246884976e-21, nan 
-7.875, 65.875, 6.7065464098355356e-21, nan 
-7.625, 65.875, 1.8753901275727514e-21, nan 
-7.375, 65.875, 6.621401158536518e-21, nan 
-7.125, 65.875, 6.220843258072022e-21, nan 
-6.875, 65.875, 4.708423421349271e-21, nan 
-6.625, 65.875, 5.42621207070972e-21, nan 
-6.375, 65.875, 4.813868696480022e-21, nan 
-6.125, 65.875, 3.9010002624348436e-21, nan 
-5.875, 65.875, 2.4633469834051527e-21, nan 
-5.625, 65.875, 1.2946002597602789e-21, nan 
-5.375, 65.875, 7.281998034830544e-22, nan 
-5.125, 65.875, 3.844859395941556e-22, nan 
-4.875, 65.875, 2.9675089112031004e-22, nan 
-4.625, 65.875, 1.0479176617803157e-22, nan 
-4.375, 65.875, 4.604029024187533e-23, nan 
-4.125, 65.875, 9.992781147154018e-23, nan 
-3.875, 65.875, 1.2295349257998184e-22, nan 
-3.625, 65.875, 1.0838190137746615e-22, nan 
-3.375, 65.875, 7.487513561029952e-23, nan 
-3.125, 65.875, 1.2133908950447057e-22, nan 
-2.875, 65.875, 3.4574168597264204e-23, nan 
-2.625, 65.875, 9.199914406616964e-23, nan 
-2.375, 65.875, 1.1943871474787415e-22, nan 
-84.125, 66.125, 1.6749368699674756e-22, nan 
-83.875, 66.125, 1.6197489138803166e-22, nan 
-83.625, 66.125, 1.937101605097092e-22, nan 
-83.375, 66.125, 2.3697217192343936e-22, nan 
-83.125, 66.125, 2.203462474745852e-22, nan 
-82.875, 66.125, 2.3370713998696415e-22, nan 
-82.625, 66.125, 1.9400803951798825e-22, nan 
-82.375, 66.125, 1.8890827208134948e-22, nan 
-82.125, 66.125, 2.130796207109354e-22, nan 
-81.875, 66.125, 1.7858081224604319e-22, nan 
-81.625, 66.125, 1.6064522727010654e-22, nan 
-81.375, 66.125, 1.7501990455395467e-22, nan 
-81.125, 66.125, 1.8545886083775908e-22, nan 
-80.875, 66.125, 2.0813760688136118e-22, nan 
-80.625, 66.125, 2.1016243537440798e-22, nan 
-80.375, 66.125, 1.8736526980905075e-22, nan 
-80.125, 66.125, 1.9688362962806447e-22, nan 
-79.875, 66.125, 1.9473162295042093e-22, nan 
-79.625, 66.125, 1.8188919918244906e-22, nan 
-79.375, 66.125, 1.907064919886031e-22, nan 
-79.125, 66.125, 1.9542967914400718e-22, nan 
-78.875, 66.125, 1.896242314900758e-22, nan 
-78.625, 66.125, 1.9638310792720942e-22, nan 
-78.375, 66.125, 1.5838240293389828e-22, nan 
-78.125, 66.125, 1.6381027621812414e-22, nan 
-77.875, 66.125, 1.5493881952103169e-22, nan 
-77.625, 66.125, 2.0117526838939924e-22, nan 
-77.375, 66.125, 2.1117776835373526e-22, nan 
-77.125, 66.125, 2.087642872041404e-22, nan 
-76.875, 66.125, 2.0167017598875845e-22, nan 
-76.625, 66.125, 2.3106882553574465e-22, nan 
-76.375, 66.125, 2.768178953040325e-22, nan 
-76.125, 66.125, 2.254775721107506e-22, nan 
-75.875, 66.125, 3.1676302446164267e-22, nan 
-75.625, 66.125, 2.8705098421437475e-22, nan 
-75.375, 66.125, 2.4593429237345985e-22, nan 
-75.125, 66.125, 2.960447829913616e-22, nan 
-74.875, 66.125, 2.867469914532022e-22, nan 
-74.625, 66.125, 2.0792989540655756e-22, nan 
-74.375, 66.125, 2.2087326261859347e-22, nan 
-74.125, 66.125, 2.2446381599519716e-22, nan 
-73.875, 66.125, 2.723595181772988e-22, nan 
-73.625, 66.125, 2.5643600570285536e-22, nan 
-73.375, 66.125, 2.645025200507517e-22, nan 
-73.125, 66.125, 2.4171177171578424e-22, nan 
-72.875, 66.125, 2.258487266523356e-22, nan 
-72.625, 66.125, 2.6186116598184357e-22, nan 
-72.375, 66.125, 2.1555147593735333e-22, nan 
-72.125, 66.125, 2.3667175491128397e-22, nan 
-71.875, 66.125, 2.8177075239974608e-22, nan 
-71.625, 66.125, 2.959804998984481e-22, nan 
-71.375, 66.125, 2.7059353911186477e-22, nan 
-71.125, 66.125, 2.6246006462444902e-22, nan 
-70.875, 66.125, 3.1370243555029896e-22, nan 
-70.625, 66.125, 3.2990357712455196e-22, nan 
-70.375, 66.125, 3.044545627931886e-22, nan 
-70.125, 66.125, 3.3733798713558255e-22, nan 
-69.875, 66.125, 3.357543208244244e-22, nan 
-69.625, 66.125, 2.807495943890124e-22, nan 
-69.375, 66.125, 2.3783274915140987e-22, nan 
-69.125, 66.125, 2.1763012168330416e-22, nan 
-68.875, 66.125, 1.9474001100236394e-22, nan 
-68.625, 66.125, 2.405480988176285e-22, nan 
-68.375, 66.125, 2.6653215548200545e-22, nan 
-68.125, 66.125, 2.604526829549738e-22, nan 
-67.875, 66.125, 2.958836675907109e-22, nan 
-67.625, 66.125, 2.635105768462626e-22, nan 
-67.375, 66.125, 2.508284875035788e-22, nan 
-67.125, 66.125, 2.3501304864680934e-22, nan 
-66.875, 66.125, 1.9657421120670033e-22, nan 
-66.625, 66.125, 1.3331263874188276e-22, nan 
-66.375, 66.125, 1.4662998759681175e-22, nan 
-66.125, 66.125, 1.8533859141799397e-22, nan 
-65.875, 66.125, 2.296455276693551e-22, nan 
-65.625, 66.125, 1.6246128716331728e-22, nan 
-65.375, 66.125, 1.7238137847652478e-22, nan 
-65.125, 66.125, 2.100752444920524e-22, nan 
-64.875, 66.125, 1.7716319132423583e-22, nan 
-64.625, 66.125, 1.8281139465887862e-22, nan 
-64.375, 66.125, 1.4659254004947433e-22, nan 
-64.125, 66.125, 1.798467527057801e-22, nan 
-63.875, 66.125, 1.5481294256811337e-22, nan 
-63.625, 66.125, 1.410306690814373e-22, nan 
-63.375, 66.125, 1.3655040399044243e-22, nan 
-63.125, 66.125, 1.387109237388217e-22, nan 
-62.875, 66.125, 1.2582611587108187e-22, nan 
-62.625, 66.125, 1.7632733780896969e-22, nan 
-62.375, 66.125, 1.7332846033599349e-22, nan 
-62.125, 66.125, 1.5576799713276324e-22, nan 
-61.875, 66.125, 9.506947018643566e-23, nan 
-61.625, 66.125, 1.3135387544999923e-22, nan 
-61.375, 66.125, 1.563089158991433e-22, nan 
-61.125, 66.125, 2.067444967983214e-22, nan 
-60.875, 66.125, 2.292732577922085e-22, nan 
-60.625, 66.125, 2.2910168281329806e-22, nan 
-60.375, 66.125, 2.149860021946748e-22, nan 
-60.125, 66.125, 1.831380124403205e-22, nan 
-59.875, 66.125, 1.9579557032426034e-22, nan 
-59.625, 66.125, 1.6136897408222516e-22, nan 
-59.375, 66.125, 1.8015139522079645e-22, nan 
-59.125, 66.125, 1.7588062381963212e-22, nan 
-58.875, 66.125, 1.9050818107634514e-22, nan 
-58.625, 66.125, 1.8953227374800077e-22, nan 
-58.375, 66.125, 2.1061801675326174e-22, nan 
-58.125, 66.125, 1.866041303558634e-22, nan 
-57.875, 66.125, 1.5669053893199029e-22, nan 
-57.625, 66.125, 1.7120178366899094e-22, nan 
-57.375, 66.125, 1.68715809436717e-22, nan 
-57.125, 66.125, 1.8224047330288073e-22, nan 
-56.875, 66.125, 1.902723177081097e-22, nan 
-56.625, 66.125, 2.2246006472774287e-22, nan 
-56.375, 66.125, 1.437390545960558e-22, nan 
-56.125, 66.125, 8.989977598500199e-23, nan 
-55.875, 66.125, 1.1103091800814496e-22, nan 
-55.625, 66.125, 6.269581930738722e-23, nan 
-55.375, 66.125, 6.618353294857863e-23, nan 
-55.125, 66.125, 9.802622436711939e-23, nan 
-54.875, 66.125, 1.1398845511848148e-22, nan 
-54.625, 66.125, 1.800523982955375e-22, nan 
-54.375, 66.125, 2.0844599046632332e-22, nan 
-54.125, 66.125, 2.053528423235807e-22, nan 
-53.875, 66.125, 1.6893830747260858e-22, nan 
-53.625, 66.125, 1.1992543389417307e-22, nan 
-53.375, 66.125, 1.1549767936274201e-22, nan 
-53.125, 66.125, 1.3753080011596857e-22, nan 
-52.875, 66.125, 1.1512374464796184e-22, nan 
-52.625, 66.125, 8.986533962823905e-23, nan 
-52.375, 66.125, 1.0906690491158415e-22, nan 
-52.125, 66.125, 1.1708639999076517e-22, nan 
-51.875, 66.125, 9.3963916810044e-23, nan 
-51.625, 66.125, 1.3400109643706245e-22, nan 
-51.375, 66.125, 1.0154101860518775e-22, nan 
-51.125, 66.125, 6.31508279102149e-23, nan 
-50.875, 66.125, 5.014260574449785e-23, nan 
-50.625, 66.125, 6.867990032483994e-23, nan 
-50.375, 66.125, 4.106515291771962e-23, nan 
-50.125, 66.125, 6.091706090307686e-23, nan 
-49.875, 66.125, 4.556105389428711e-23, nan 
-49.625, 66.125, 5.87108439747037e-23, nan 
-49.375, 66.125, 6.308622600379727e-23, nan 
-49.125, 66.125, 7.205206903496589e-23, nan 
-48.875, 66.125, 8.944016272593581e-23, nan 
-48.625, 66.125, 1.0232056296163548e-22, nan 
-48.375, 66.125, 7.26491253683779e-23, nan 
-48.125, 66.125, 6.974907136000045e-23, nan 
-47.875, 66.125, 1.394096466900248e-22, nan 
-47.625, 66.125, 1.786986721174428e-22, nan 
-47.375, 66.125, 1.9307425589036036e-22, nan 
-47.125, 66.125, 1.5968696142039797e-22, nan 
-46.875, 66.125, 1.2508328087139042e-22, nan 
-46.625, 66.125, 2.6131859134230624e-22, nan 
-46.375, 66.125, 2.694662071860162e-22, nan 
-46.125, 66.125, 2.0819229601782429e-22, nan 
-45.875, 66.125, 2.1097131321451685e-22, nan 
-45.625, 66.125, 2.5055785460589154e-22, nan 
-45.375, 66.125, 1.8271735471260582e-22, nan 
-45.125, 66.125, 1.2712535874926695e-22, nan 
-44.875, 66.125, 2.240170151768951e-22, nan 
-44.625, 66.125, 3.4267707712620805e-22, nan 
-44.375, 66.125, 4.5965839265965295e-22, nan 
-44.125, 66.125, 3.266621927056477e-22, nan 
-43.875, 66.125, 3.7038597438220887e-22, nan 
-43.625, 66.125, 4.0913179686326984e-22, nan 
-43.375, 66.125, 2.540359445919797e-22, nan 
-43.125, 66.125, 2.73599451635003e-22, nan 
-42.875, 66.125, 2.608060845272424e-22, nan 
-42.625, 66.125, 1.0953256256993253e-22, nan 
-42.375, 66.125, 1.4596564000419958e-22, nan 
-42.125, 66.125, 1.783361415915487e-22, nan 
-41.875, 66.125, 9.266258773289693e-23, nan 
-41.625, 66.125, 1.7378061785151143e-22, nan 
-41.375, 66.125, 2.6525197440584827e-22, nan 
-41.125, 66.125, 2.7217490770623076e-22, nan 
-40.875, 66.125, 2.5903828877755015e-22, nan 
-40.625, 66.125, 3.607913785638859e-22, nan 
-40.375, 66.125, 4.175784969813319e-22, nan 
-40.125, 66.125, 2.566947938221465e-22, nan 
-39.875, 66.125, 3.6284782433686022e-22, nan 
-39.625, 66.125, 6.486159714026236e-22, nan 
-39.375, 66.125, 4.2473440027933675e-22, nan 
-39.125, 66.125, 4.1182528036552233e-22, nan 
-38.875, 66.125, 6.867099982609194e-22, nan 
-38.625, 66.125, 6.146411760097508e-22, nan 
-38.375, 66.125, 4.854006349491267e-22, nan 
-38.125, 66.125, 4.802075739649734e-22, nan 
-37.875, 66.125, 4.0164989398821696e-22, nan 
-37.625, 66.125, 4.384177204240557e-22, nan 
-37.375, 66.125, 4.317703938885047e-22, nan 
-37.125, 66.125, 6.499631943377652e-22, nan 
-36.875, 66.125, 5.934610586982959e-22, nan 
-36.625, 66.125, 8.391869262961638e-22, nan 
-36.375, 66.125, 7.912654607567087e-22, nan 
-36.125, 66.125, 5.782332825756332e-22, nan 
-35.875, 66.125, 7.94279251016522e-22, nan 
-35.625, 66.125, 5.628653494586763e-22, nan 
-35.375, 66.125, 6.608732018944415e-22, nan 
-35.125, 66.125, 8.231393597184934e-22, nan 
-34.875, 66.125, 5.421684382212764e-22, nan 
-34.625, 66.125, 5.491084195835378e-22, nan 
-34.375, 66.125, 8.672730934554099e-22, nan 
-34.125, 66.125, 8.207616787714865e-22, nan 
-33.875, 66.125, 8.431887976275763e-22, nan 
-33.625, 66.125, 1.405542732488379e-21, nan 
-33.375, 66.125, 1.4498655905264098e-21, nan 
-33.125, 66.125, 1.3964105663651452e-21, nan 
-32.875, 66.125, 1.1875328688165485e-21, nan 
-32.625, 66.125, 1.7233324395332194e-21, nan 
-32.375, 66.125, 1.5658441851268896e-21, nan 
-32.125, 66.125, 1.3920057012664529e-21, nan 
-31.875, 66.125, 1.5821779532126275e-21, nan 
-31.625, 66.125, 9.990918042218596e-22, nan 
-31.375, 66.125, 1.731479731200433e-21, nan 
-31.125, 66.125, 5.74502117387104e-21, nan 
-30.875, 66.125, 8.28160942204173e-21, nan 
-30.625, 66.125, 8.120301450983614e-21, nan 
-30.375, 66.125, 6.397779673704234e-21, nan 
-30.125, 66.125, 8.843251615227267e-21, nan 
-29.875, 66.125, 5.49187057190791e-21, nan 
-29.625, 66.125, 3.4376716256218746e-21, nan 
-29.375, 66.125, 2.6911242441426697e-21, nan 
-29.125, 66.125, 1.983955284913726e-21, nan 
-28.875, 66.125, 3.1951131895366264e-21, nan 
-28.625, 66.125, 1.6926231999422204e-21, nan 
-28.375, 66.125, 2.2089512865075156e-21, nan 
-28.125, 66.125, 2.3958126911748978e-21, nan 
-27.875, 66.125, 3.2859229127173254e-21, nan 
-27.625, 66.125, 3.3006959391799267e-21, nan 
-27.375, 66.125, 2.3792877127856943e-21, nan 
-27.125, 66.125, 1.6036676748289414e-21, nan 
-26.875, 66.125, 2.6713719516036316e-21, nan 
-26.625, 66.125, 3.111935924926929e-21, nan 
-26.375, 66.125, 3.45246996414175e-21, nan 
-26.125, 66.125, 2.580862954505076e-21, nan 
-25.875, 66.125, 4.155031410309536e-21, nan 
-25.625, 66.125, 5.141768985591074e-21, nan 
-25.375, 66.125, 4.787395759045065e-21, nan 
-25.125, 66.125, 5.4406032999379005e-21, nan 
-24.875, 66.125, 4.4166276723275956e-21, nan 
-24.625, 66.125, 7.09223333291166e-21, nan 
-24.375, 66.125, 9.13247943485923e-21, nan 
-24.125, 66.125, 8.083066775329161e-21, nan 
-23.875, 66.125, 5.826533838448863e-21, nan 
-23.625, 66.125, 8.609359559437384e-21, nan 
-23.375, 66.125, 7.843607003486157e-21, nan 
-23.125, 66.125, 3.492864099357791e-21, nan 
-22.875, 66.125, 1.8337578197844805e-21, nan 
-22.625, 66.125, 1.794369562786364e-21, nan 
-22.375, 66.125, 2.444029137106278e-21, nan 
-22.125, 66.125, 3.346608906141051e-21, nan 
-21.875, 66.125, 6.3295468455045684e-21, nan 
-21.625, 66.125, 6.552814358734755e-21, nan 
-21.375, 66.125, 4.360560016411188e-21, nan 
-21.125, 66.125, 5.742238430730513e-21, nan 
-20.875, 66.125, 5.486036253791511e-21, nan 
-20.625, 66.125, 3.71692652602268e-21, nan 
-20.375, 66.125, 1.6571858232096739e-21, nan 
-20.125, 66.125, 2.1020307350179137e-21, nan 
-19.875, 66.125, 5.928694993331001e-22, nan 
-19.625, 66.125, 7.396571166214458e-22, nan 
-19.375, 66.125, 1.6902401365506306e-21, nan 
-19.125, 66.125, 2.7604343955277584e-21, nan 
-18.875, 66.125, 2.7286253312135588e-21, nan 
-18.625, 66.125, 2.309703411137433e-21, nan 
-18.375, 66.125, 2.8217614408235663e-21, nan 
-18.125, 66.125, 3.2987512567742408e-21, nan 
-17.875, 66.125, 1.663161971525498e-21, nan 
-17.625, 66.125, 9.200348935927407e-22, nan 
-17.375, 66.125, 1.243798545358762e-21, nan 
-17.125, 66.125, 8.90666287839903e-22, nan 
-16.875, 66.125, 9.067912579524522e-22, nan 
-16.625, 66.125, 5.441392417424988e-22, nan 
-16.375, 66.125, 7.252618186172879e-22, nan 
-16.125, 66.125, 1.5099870553720338e-21, nan 
-15.875, 66.125, 1.0283318931606842e-21, nan 
-15.625, 66.125, 8.416092306585962e-22, nan 
-15.375, 66.125, 1.7174229054515813e-21, nan 
-15.125, 66.125, 1.5629398930759318e-21, nan 
-14.875, 66.125, 1.4701598904756089e-21, nan 
-14.625, 66.125, 1.556923199979764e-21, nan 
-14.375, 66.125, 1.1586755890850041e-21, nan 
-14.125, 66.125, 1.5441069172733004e-21, nan 
-13.875, 66.125, 1.1887495059541028e-21, nan 
-13.625, 66.125, 1.1718902538387007e-21, nan 
-13.375, 66.125, 1.2555174706501467e-21, nan 
-13.125, 66.125, 2.112541894337449e-21, nan 
-12.875, 66.125, 1.974391552154361e-21, nan 
-12.625, 66.125, 2.1934067959657426e-21, nan 
-12.375, 66.125, 3.6960630546100065e-21, nan 
-12.125, 66.125, 5.836030905354336e-21, nan 
-11.875, 66.125, 6.903313537618064e-21, nan 
-11.625, 66.125, 8.304356804160304e-21, nan 
-11.375, 66.125, 8.398458853317862e-21, nan 
-11.125, 66.125, 9.836379037082404e-21, nan 
-10.875, 66.125, 8.648383269010444e-21, nan 
-10.625, 66.125, 7.871611225768917e-21, nan 
-10.375, 66.125, 7.894276764256175e-21, nan 
-10.125, 66.125, 5.929130933601316e-21, nan 
-9.875, 66.125, 6.309166399041211e-21, nan 
-9.625, 66.125, 6.029887853191422e-21, nan 
-9.375, 66.125, 6.5012780054947035e-21, nan 
-9.125, 66.125, 6.0365451951502826e-21, nan 
-8.875, 66.125, 5.858452444402611e-21, nan 
-8.625, 66.125, 8.28571021160148e-21, nan 
-8.375, 66.125, 6.90038496886558e-21, nan 
-8.125, 66.125, 8.957645218406883e-21, nan 
-7.875, 66.125, 9.471135275773784e-21, nan 
-7.625, 66.125, 6.635315418181715e-21, nan 
-7.375, 66.125, 7.421287966727152e-21, nan 
-7.125, 66.125, 6.0487777834580886e-21, nan 
-6.875, 66.125, 4.916521354078261e-21, nan 
-6.625, 66.125, 4.598494160223146e-21, nan 
-6.375, 66.125, 2.348721970262046e-21, nan 
-6.125, 66.125, 1.400412004362104e-21, nan 
-5.875, 66.125, 5.098021488956306e-22, nan 
-5.625, 66.125, 3.5358201405009505e-22, nan 
-5.375, 66.125, 3.078412398584209e-22, nan 
-5.125, 66.125, 1.4055740273670958e-22, nan 
-4.875, 66.125, 2.1963026190367404e-22, nan 
-4.625, 66.125, 2.6499254065964523e-22, nan 
-4.375, 66.125, 1.0920536889467063e-22, nan 
-4.125, 66.125, 6.767839071305897e-23, nan 
-3.875, 66.125, 1.823569749414042e-22, nan 
-3.625, 66.125, 1.4797272735167445e-22, nan 
-3.375, 66.125, 1.022009843493301e-22, nan 
-3.125, 66.125, 1.745328532161329e-22, nan 
-2.875, 66.125, 7.489232375128511e-23, nan 
-2.625, 66.125, 7.572897282998929e-23, nan 
-2.375, 66.125, 1.0714297770931937e-22, nan 
-2.125, 66.125, 5.807851022954822e-23, nan 
-1.875, 66.125, 3.2622896534471257e-23, nan 
-1.625, 66.125, 2.75176754768342e-23, nan 
-84.375, 66.375, 2.0436921776492975e-22, nan 
-84.125, 66.375, 2.516197668432153e-22, nan 
-83.875, 66.375, 2.5318301945933756e-22, nan 
-83.625, 66.375, 2.07055654344817e-22, nan 
-83.375, 66.375, 2.680290690775219e-22, nan 
-83.125, 66.375, 2.573064697900799e-22, nan 
-82.875, 66.375, 2.830260821163416e-22, nan 
-82.625, 66.375, 2.2863342450829174e-22, nan 
-82.375, 66.375, 2.059684974478431e-22, nan 
-82.125, 66.375, 2.0969936951843517e-22, nan 
-81.875, 66.375, 1.958851498992461e-22, nan 
-81.625, 66.375, 2.0803186267975292e-22, nan 
-81.375, 66.375, 2.696661625467056e-22, nan 
-81.125, 66.375, 2.0493281900756946e-22, nan 
-80.875, 66.375, 2.811047726902512e-22, nan 
-80.625, 66.375, 2.833563976803826e-22, nan 
-80.375, 66.375, 2.413738096594855e-22, nan 
-80.125, 66.375, 2.6160042975112923e-22, nan 
-79.875, 66.375, 2.3946758726916627e-22, nan 
-79.625, 66.375, 2.1573752697826803e-22, nan 
-79.375, 66.375, 2.0552846711361952e-22, nan 
-79.125, 66.375, 1.8973376497200614e-22, nan 
-78.875, 66.375, 2.1336776763474487e-22, nan 
-78.625, 66.375, 1.9005632806234928e-22, nan 
-78.375, 66.375, 2.1669080492472015e-22, nan 
-78.125, 66.375, 2.0520198325326606e-22, nan 
-77.875, 66.375, 1.8176964505854385e-22, nan 
-77.625, 66.375, 2.4271803829622134e-22, nan 
-77.375, 66.375, 2.541257835809891e-22, nan 
-77.125, 66.375, 3.1680165395728394e-22, nan 
-76.875, 66.375, 3.219010051225539e-22, nan 
-76.625, 66.375, 2.6217384237597767e-22, nan 
-76.375, 66.375, 2.948743895758018e-22, nan 
-76.125, 66.375, 3.111816196947725e-22, nan 
-75.875, 66.375, 3.584353698037389e-22, nan 
-75.625, 66.375, 3.1788669556036514e-22, nan 
-75.375, 66.375, 2.72270279695729e-22, nan 
-75.125, 66.375, 2.7970687860986214e-22, nan 
-74.875, 66.375, 2.669411055398297e-22, nan 
-74.625, 66.375, 3.021461782631027e-22, nan 
-74.375, 66.375, 3.223233641048412e-22, nan 
-74.125, 66.375, 3.0154635692378547e-22, nan 
-73.875, 66.375, 3.018662123845303e-22, nan 
-73.625, 66.375, 2.531748032711028e-22, nan 
-73.375, 66.375, 2.907051822575596e-22, nan 
-73.125, 66.375, 3.2504586249043376e-22, nan 
-72.875, 66.375, 3.4233650545181647e-22, nan 
-72.625, 66.375, 3.09729219746115e-22, nan 
-72.375, 66.375, 3.21449902698312e-22, nan 
-72.125, 66.375, 3.4634203551648297e-22, nan 
-71.875, 66.375, 3.346911255700698e-22, nan 
-71.625, 66.375, 3.937936003178982e-22, nan 
-71.375, 66.375, 3.835846640209793e-22, nan 
-71.125, 66.375, 3.858359630928428e-22, nan 
-70.875, 66.375, 4.1798083718764234e-22, nan 
-70.625, 66.375, 3.805493473912894e-22, nan 
-70.375, 66.375, 3.4705212908630365e-22, nan 
-70.125, 66.375, 3.144856299904838e-22, nan 
-69.875, 66.375, 2.7788500953245926e-22, nan 
-69.625, 66.375, 2.4450358169932945e-22, nan 
-69.375, 66.375, 2.058159282554088e-22, nan 
-69.125, 66.375, 2.162527633058533e-22, nan 
-68.875, 66.375, 2.1212428963228725e-22, nan 
-68.625, 66.375, 2.6341521131324303e-22, nan 
-68.375, 66.375, 3.102953301404374e-22, nan 
-68.125, 66.375, 3.5823481499358355e-22, nan 
-67.875, 66.375, 2.5955504156515174e-22, nan 
-67.625, 66.375, 2.939729127722115e-22, nan 
-67.375, 66.375, 3.268750451619634e-22, nan 
-67.125, 66.375, 2.189129527241591e-22, nan 
-66.875, 66.375, 2.186723864885273e-22, nan 
-66.625, 66.375, 2.965155240231451e-22, nan 
-66.375, 66.375, 2.9183361949433624e-22, nan 
-66.125, 66.375, 2.2075391168145166e-22, nan 
-65.875, 66.375, 3.079762013128805e-22, nan 
-65.625, 66.375, 2.939900724295763e-22, nan 
-65.375, 66.375, 2.6006008641988993e-22, nan 
-65.125, 66.375, 2.4131666632828796e-22, nan 
-64.875, 66.375, 2.2994520305471155e-22, nan 
-64.625, 66.375, 2.33509992841908e-22, nan 
-64.375, 66.375, 1.6054949033449262e-22, nan 
-64.125, 66.375, 1.7923794492398968e-22, nan 
-63.875, 66.375, 2.420968995236577e-22, nan 
-63.625, 66.375, 1.5455034956204154e-22, nan 
-63.375, 66.375, 1.889857862878954e-22, nan 
-63.125, 66.375, 2.1447738550041973e-22, nan 
-62.875, 66.375, 1.2255305252678636e-22, nan 
-62.625, 66.375, 2.553667133808165e-22, nan 
-62.375, 66.375, 1.49933459589381e-22, nan 
-62.125, 66.375, 1.2242673816286667e-22, nan 
-61.875, 66.375, 2.200344693374768e-22, nan 
-61.625, 66.375, 2.1658133782550633e-22, nan 
-61.375, 66.375, 2.4275448508898427e-22, nan 
-61.125, 66.375, 2.3591906010856306e-22, nan 
-60.875, 66.375, 2.6270123854397205e-22, nan 
-60.625, 66.375, 2.7560377481985538e-22, nan 
-60.375, 66.375, 1.87875001028112e-22, nan 
-60.125, 66.375, 2.279615775625149e-22, nan 
-59.875, 66.375, 2.0958276042622085e-22, nan 
-59.625, 66.375, 2.6256479898243245e-22, nan 
-59.375, 66.375, 1.8998009966173994e-22, nan 
-59.125, 66.375, 1.5634031106197827e-22, nan 
-58.875, 66.375, 1.5394127707491846e-22, nan 
-58.625, 66.375, 1.915183770078434e-22, nan 
-58.375, 66.375, 2.1776628189934736e-22, nan 
-58.125, 66.375, 1.8802111009505702e-22, nan 
-57.875, 66.375, 2.0575694346632736e-22, nan 
-57.625, 66.375, 2.1778949590791914e-22, nan 
-57.375, 66.375, 1.6801776697195481e-22, nan 
-57.125, 66.375, 1.779482888313496e-22, nan 
-56.875, 66.375, 1.7388479572252344e-22, nan 
-56.625, 66.375, 2.403814933079833e-22, nan 
-56.375, 66.375, 1.6072668361282526e-22, nan 
-56.125, 66.375, 1.5928629340373005e-22, nan 
-55.875, 66.375, 8.525851973373253e-23, nan 
-55.625, 66.375, 8.286303785570605e-23, nan 
-55.375, 66.375, 7.520764232098274e-23, nan 
-55.125, 66.375, 9.441183248865285e-23, nan 
-54.875, 66.375, 1.1386735159276644e-22, nan 
-54.625, 66.375, 1.3404896015377522e-22, nan 
-54.375, 66.375, 8.526276950378648e-23, nan 
-54.125, 66.375, 1.0193783006051153e-22, nan 
-53.875, 66.375, 1.3975083931355107e-22, nan 
-53.625, 66.375, 1.0214468513101135e-22, nan 
-53.375, 66.375, 1.2129317914660355e-22, nan 
-53.125, 66.375, 7.18352004961578e-23, nan 
-52.875, 66.375, 1.0219173849380949e-22, nan 
-52.625, 66.375, 8.46932915986501e-23, nan 
-52.375, 66.375, 9.229732805924987e-23, nan 
-52.125, 66.375, 9.184889247429023e-23, nan 
-51.875, 66.375, 8.01355749864193e-23, nan 
-51.625, 66.375, 2.837402499136402e-23, nan 
-51.375, 66.375, 1.7595343930999575e-23, nan 
-51.125, 66.375, 3.5958941485377616e-23, nan 
-50.875, 66.375, 5.423762614528183e-23, nan 
-50.625, 66.375, 7.510509311361976e-23, nan 
-50.375, 66.375, 8.743532231307554e-23, nan 
-50.125, 66.375, 6.504436641484248e-23, nan 
-49.875, 66.375, 6.59285382915147e-23, nan 
-49.625, 66.375, 7.994712888054559e-23, nan 
-49.375, 66.375, 6.882918858878237e-23, nan 
-49.125, 66.375, 8.225986408199649e-23, nan 
-48.875, 66.375, 8.521714607429836e-23, nan 
-48.625, 66.375, 1.0058982262120224e-22, nan 
-48.375, 66.375, 1.1337398227077888e-22, nan 
-48.125, 66.375, 1.2486975951583053e-22, nan 
-47.875, 66.375, 1.6478597221149018e-22, nan 
-47.625, 66.375, 1.8424377791439112e-22, nan 
-47.375, 66.375, 1.99145491464386e-22, nan 
-47.125, 66.375, 1.3756031189418184e-22, nan 
-46.875, 66.375, 1.7936919517736284e-22, nan 
-46.625, 66.375, 2.4684510038662135e-22, nan 
-46.375, 66.375, 2.4576797155025966e-22, nan 
-46.125, 66.375, 2.286850090021502e-22, nan 
-45.875, 66.375, 2.9353885306469057e-22, nan 
-45.625, 66.375, 2.6964284241914763e-22, nan 
-45.375, 66.375, 2.3641073431560975e-22, nan 
-45.125, 66.375, 3.521416538751276e-22, nan 
-44.875, 66.375, 3.719509617023078e-22, nan 
-44.625, 66.375, 4.068197412378196e-22, nan 
-44.375, 66.375, 5.130197665194436e-22, nan 
-44.125, 66.375, 3.981756480016287e-22, nan 
-43.875, 66.375, 3.327641827454002e-22, nan 
-43.625, 66.375, 2.352428815048642e-22, nan 
-43.375, 66.375, 2.298629166614295e-22, nan 
-43.125, 66.375, 2.2166276047945367e-22, nan 
-42.875, 66.375, 1.282348162234337e-22, nan 
-42.625, 66.375, 1.4055782523631212e-22, nan 
-42.375, 66.375, 9.174637834738994e-23, nan 
-42.125, 66.375, 1.6292846173602658e-22, nan 
-41.875, 66.375, 2.2051725783931687e-22, nan 
-41.625, 66.375, 1.411611728493671e-22, nan 
-41.375, 66.375, 1.2032876904375934e-22, nan 
-41.125, 66.375, 1.3297094807755812e-22, nan 
-40.875, 66.375, 2.2124789485249134e-22, nan 
-40.625, 66.375, 4.502854442252088e-22, nan 
-40.375, 66.375, 3.2637391003991846e-22, nan 
-40.125, 66.375, 2.789188856065451e-22, nan 
-39.875, 66.375, 6.84145047092587e-22, nan 
-39.625, 66.375, 7.650474280594258e-22, nan 
-39.375, 66.375, 4.925721923310031e-22, nan 
-39.125, 66.375, 6.755798579943671e-22, nan 
-38.875, 66.375, 6.743156750683437e-22, nan 
-38.625, 66.375, 3.759322274233122e-22, nan 
-38.375, 66.375, 5.382533461053966e-22, nan 
-38.125, 66.375, 5.170430481570903e-22, nan 
-37.875, 66.375, 5.871852061589254e-22, nan 
-37.625, 66.375, 5.035786421335838e-22, nan 
-37.375, 66.375, 5.2280510361359e-22, nan 
-37.125, 66.375, 7.871028657309809e-22, nan 
-36.875, 66.375, 6.232206212748421e-22, nan 
-36.625, 66.375, 7.643935421524171e-22, nan 
-36.375, 66.375, 8.503683480293828e-22, nan 
-36.125, 66.375, 2.955502972950704e-22, nan 
-35.875, 66.375, 1.9312738142943545e-22, nan 
-35.625, 66.375, 2.0056615616702987e-22, nan 
-35.375, 66.375, 5.033684783810936e-22, nan 
-35.125, 66.375, 6.736216040696554e-22, nan 
-34.875, 66.375, 5.401969620206082e-22, nan 
-34.625, 66.375, 9.964506175577116e-22, nan 
-34.375, 66.375, 1.055010672386203e-21, nan 
-34.125, 66.375, 4.802201971830388e-22, nan 
-33.875, 66.375, 6.892781151521589e-22, nan 
-33.625, 66.375, 1.4499192510899732e-21, nan 
-33.375, 66.375, 1.008995603916639e-21, nan 
-33.125, 66.375, 1.0899838276055455e-21, nan 
-32.875, 66.375, 8.1531448233441235e-22, nan 
-32.625, 66.375, 1.2970113324444908e-21, nan 
-32.375, 66.375, 1.623860193539555e-21, nan 
-32.125, 66.375, 2.6831343248122966e-21, nan 
-31.875, 66.375, 3.607614374253857e-21, nan 
-31.625, 66.375, 4.318420316369054e-21, nan 
-31.375, 66.375, 4.595662574856957e-21, nan 
-31.125, 66.375, 7.40480247696149e-21, nan 
-30.875, 66.375, 1.069701508618298e-20, nan 
-30.625, 66.375, 1.341317051469533e-20, nan 
-30.375, 66.375, 6.672082614173742e-21, nan 
-30.125, 66.375, 7.572265049030284e-21, nan 
-29.875, 66.375, 7.412330209631208e-21, nan 
-29.625, 66.375, 4.415438640087283e-21, nan 
-29.375, 66.375, 4.421141041589399e-21, nan 
-29.125, 66.375, 2.230926812003704e-21, nan 
-28.875, 66.375, 1.0045801569704944e-21, nan 
-28.625, 66.375, 4.121493267300416e-21, nan 
-28.375, 66.375, 6.1087473890422216e-21, nan 
-28.125, 66.375, 3.928505988098535e-21, nan 
-27.875, 66.375, 4.613306965187545e-21, nan 
-27.625, 66.375, 5.198490128224761e-21, nan 
-27.375, 66.375, 2.4917104029705205e-21, nan 
-27.125, 66.375, 2.8834084684136335e-21, nan 
-26.875, 66.375, 3.350348730456982e-21, nan 
-26.625, 66.375, 3.202094745861065e-21, nan 
-26.375, 66.375, 2.3167947789878053e-21, nan 
-26.125, 66.375, 4.628894576525242e-21, nan 
-25.875, 66.375, 6.3750549379636675e-21, nan 
-25.625, 66.375, 7.61907621349015e-21, nan 
-25.375, 66.375, 7.588547760135993e-21, nan 
-25.125, 66.375, 8.042845804099998e-21, nan 
-24.875, 66.375, 9.225969033301357e-21, nan 
-24.625, 66.375, 1.0820547098855795e-20, nan 
-24.375, 66.375, 8.769818682771304e-21, nan 
-24.125, 66.375, 7.670393289084964e-21, nan 
-23.875, 66.375, 9.100575855492962e-21, nan 
-23.625, 66.375, 8.058881493001325e-21, nan 
-23.375, 66.375, 4.760850787768369e-21, nan 
-23.125, 66.375, 4.001812800838977e-21, nan 
-22.875, 66.375, 2.5580272470179375e-21, nan 
-22.625, 66.375, 2.363618767403497e-21, nan 
-22.375, 66.375, 2.3896272050921646e-21, nan 
-22.125, 66.375, 2.3267820781027854e-21, nan 
-21.875, 66.375, 3.5453232470730174e-21, nan 
-21.625, 66.375, 4.831881019654863e-21, nan 
-21.375, 66.375, 3.674965241279041e-21, nan 
-21.125, 66.375, 4.627884364283154e-21, nan 
-20.875, 66.375, 2.626167764387371e-21, nan 
-20.625, 66.375, 2.4536854584288863e-21, nan 
-20.375, 66.375, 3.086640419416147e-21, nan 
-20.125, 66.375, 2.057523456389523e-21, nan 
-19.875, 66.375, 1.5843672231972828e-21, nan 
-19.625, 66.375, 1.6970999723262925e-21, nan 
-19.375, 66.375, 1.271354123041128e-21, nan 
-19.125, 66.375, 2.1779937740259263e-21, nan 
-18.875, 66.375, 1.2013919423806357e-21, nan 
-18.625, 66.375, 1.3979840887702501e-21, nan 
-18.375, 66.375, 2.0618136379356724e-21, nan 
-18.125, 66.375, 1.8986403698668655e-21, nan 
-17.875, 66.375, 1.2106367775201881e-21, nan 
-17.625, 66.375, 9.47988820564562e-22, nan 
-17.375, 66.375, 1.2690273283121178e-21, nan 
-17.125, 66.375, 8.005926469284141e-22, nan 
-16.875, 66.375, 9.265987269860737e-22, nan 
-16.625, 66.375, 1.2812309784517057e-21, nan 
-16.375, 66.375, 1.0603661406498627e-21, nan 
-16.125, 66.375, 1.1750373114463562e-21, nan 
-15.875, 66.375, 1.7053297496997835e-21, nan 
-15.625, 66.375, 1.784560222473191e-21, nan 
-15.375, 66.375, 2.4053885351397793e-21, nan 
-15.125, 66.375, 1.750393490760871e-21, nan 
-14.875, 66.375, 1.6921428532490775e-21, nan 
-14.625, 66.375, 1.9965349611161143e-21, nan 
-14.375, 66.375, 1.0361716237062233e-21, nan 
-14.125, 66.375, 4.357067422381655e-22, nan 
-13.875, 66.375, 5.28836281854355e-22, nan 
-13.625, 66.375, 1.1312968775039057e-21, nan 
-13.375, 66.375, 1.194180505741465e-21, nan 
-13.125, 66.375, 1.7227675860651264e-21, nan 
-12.875, 66.375, 1.764617036830549e-21, nan 
-12.625, 66.375, 1.3400586698618461e-21, nan 
-12.375, 66.375, 2.1358999302286326e-21, nan 
-12.125, 66.375, 2.30288162222983e-21, nan 
-11.875, 66.375, 2.196467770250971e-21, nan 
-11.625, 66.375, 3.1727529388378337e-21, nan 
-11.375, 66.375, 5.184890845358272e-21, nan 
-11.125, 66.375, 6.618564995480288e-21, nan 
-10.875, 66.375, 7.503219231252166e-21, nan 
-10.625, 66.375, 6.91471873210733e-21, nan 
-10.375, 66.375, 8.145993427137115e-21, nan 
-10.125, 66.375, 8.442389393074647e-21, nan 
-9.875, 66.375, 9.042417670730425e-21, nan 
-9.625, 66.375, 4.921870426551445e-21, nan 
-9.375, 66.375, 4.4670630417163756e-21, nan 
-9.125, 66.375, 4.759063843729846e-21, nan 
-8.875, 66.375, 5.651572681218354e-21, nan 
-8.625, 66.375, 7.162625153369759e-21, nan 
-8.375, 66.375, 6.319697600663704e-21, nan 
-8.125, 66.375, 7.126879848406197e-21, nan 
-7.875, 66.375, 7.076499696622308e-21, nan 
-7.625, 66.375, 5.506462075087498e-21, nan 
-7.375, 66.375, 5.029308249134049e-21, nan 
-7.125, 66.375, 2.9084227545192673e-21, nan 
-6.875, 66.375, 1.902560029686954e-21, nan 
-6.625, 66.375, 5.926063978457101e-22, nan 
-6.375, 66.375, 3.8745250335413697e-22, nan 
-6.125, 66.375, 2.0057216276622775e-22, nan 
-5.875, 66.375, 1.7014305423923457e-22, nan 
-5.625, 66.375, 2.0387395173696413e-22, nan 
-5.375, 66.375, 2.0025319915860714e-22, nan 
-5.125, 66.375, 1.4076797209222856e-22, nan 
-4.875, 66.375, 1.3175601363628255e-22, nan 
-4.625, 66.375, 1.0190927420091898e-22, nan 
-4.375, 66.375, 4.461383272247211e-23, nan 
-4.125, 66.375, 9.319957358520308e-23, nan 
-3.875, 66.375, 1.0521923650277441e-22, nan 
-3.625, 66.375, 1.0190042701493221e-22, nan 
-3.375, 66.375, 1.0369019103503364e-22, nan 
-3.125, 66.375, 9.422288770275738e-23, nan 
-2.875, 66.375, 5.587966001994519e-23, nan 
-2.625, 66.375, 6.740671999246363e-23, nan 
-2.375, 66.375, 6.808376773263993e-23, nan 
-2.125, 66.375, 5.2278554862437344e-23, nan 
-1.875, 66.375, 3.7775585373733626e-23, nan 
-1.625, 66.375, 5.248856816735689e-23, nan 
-1.375, 66.375, 3.566656023186832e-23, nan 
-1.125, 66.375, 7.614212213616246e-23, nan 
-84.625, 66.625, 2.831446814577118e-22, nan 
-84.375, 66.625, 2.4613677706294323e-22, nan 
-84.125, 66.625, 2.7463490386374777e-22, nan 
-83.875, 66.625, 3.0565269268659083e-22, nan 
-83.625, 66.625, 2.486948354619564e-22, nan 
-83.375, 66.625, 2.2074983162971617e-22, nan 
-83.125, 66.625, 2.323825830670619e-22, nan 
-82.875, 66.625, 2.2479017408828235e-22, nan 
-82.625, 66.625, 2.473495908359681e-22, nan 
-82.375, 66.625, 1.7881777226883721e-22, nan 
-82.125, 66.625, 1.3628650268785056e-22, nan 
-81.875, 66.625, 1.6534201320627904e-22, nan 
-81.625, 66.625, 2.863032067324221e-22, nan 
-81.375, 66.625, 3.1836019112029355e-22, nan 
-81.125, 66.625, 3.1611734829078276e-22, nan 
-80.875, 66.625, 3.085120474667745e-22, nan 
-80.625, 66.625, 2.6282429004693593e-22, nan 
-80.375, 66.625, 2.719977698912866e-22, nan 
-80.125, 66.625, 3.2546042050566014e-22, nan 
-79.875, 66.625, 1.9845761112683541e-22, nan 
-79.625, 66.625, 2.5831808862515444e-22, nan 
-79.375, 66.625, 5.718061447614477e-22, nan 
-79.125, 66.625, 3.755224674493851e-22, nan 
-78.875, 66.625, 5.774052290998043e-22, nan 
-78.625, 66.625, 3.0930707709447634e-22, nan 
-78.375, 66.625, 3.4453836384385716e-22, nan 
-78.125, 66.625, 4.567889537046696e-22, nan 
-77.875, 66.625, 4.88458249838835e-22, nan 
-77.625, 66.625, 5.774059638481207e-22, nan 
-77.375, 66.625, 5.85389302591354e-22, nan 
-77.125, 66.625, 5.592462018578452e-22, nan 
-76.875, 66.625, 5.709424756618609e-22, nan 
-76.625, 66.625, 5.241968282900699e-22, nan 
-76.375, 66.625, 3.353376094726164e-22, nan 
-76.125, 66.625, 3.3801469355047897e-22, nan 
-75.875, 66.625, 4.562567856704103e-22, nan 
-75.625, 66.625, 4.541511416992149e-22, nan 
-75.375, 66.625, 4.098481091433334e-22, nan 
-75.125, 66.625, 4.249019638792185e-22, nan 
-74.875, 66.625, 3.8019814091556106e-22, nan 
-74.625, 66.625, 4.703817720118932e-22, nan 
-74.375, 66.625, 4.259518138373274e-22, nan 
-74.125, 66.625, 4.840321394253935e-22, nan 
-73.875, 66.625, 5.190598943111557e-22, nan 
-73.625, 66.625, 5.073859576773292e-22, nan 
-73.375, 66.625, 5.45820076380764e-22, nan 
-73.125, 66.625, 4.643747698836519e-22, nan 
-72.875, 66.625, 4.582371135714774e-22, nan 
-72.625, 66.625, 4.369712509776121e-22, nan 
-72.375, 66.625, 4.073288073366036e-22, nan 
-72.125, 66.625, 4.921890025734051e-22, nan 
-71.875, 66.625, 4.931737603049368e-22, nan 
-71.625, 66.625, 5.139851012193464e-22, nan 
-71.375, 66.625, 4.770322541926777e-22, nan 
-71.125, 66.625, 4.419096626450542e-22, nan 
-70.875, 66.625, 3.920464275477441e-22, nan 
-70.625, 66.625, 3.9448844433032617e-22, nan 
-70.375, 66.625, 3.6593843028304396e-22, nan 
-70.125, 66.625, 3.004196565512527e-22, nan 
-69.875, 66.625, 3.1653882411716304e-22, nan 
-69.625, 66.625, 3.447529313424104e-22, nan 
-69.375, 66.625, 3.3089642517391614e-22, nan 
-69.125, 66.625, 3.414627831433869e-22, nan 
-68.875, 66.625, 3.7669307154427075e-22, nan 
-68.625, 66.625, 3.7145612149778945e-22, nan 
-68.375, 66.625, 3.9113378515808114e-22, nan 
-68.125, 66.625, 4.346672856790247e-22, nan 
-67.875, 66.625, 3.3093864456898476e-22, nan 
-67.625, 66.625, 2.9974541531674468e-22, nan 
-67.375, 66.625, 3.465691144495949e-22, nan 
-67.125, 66.625, 3.365123710061927e-22, nan 
-66.875, 66.625, 2.99453807955945e-22, nan 
-66.625, 66.625, 3.3866658382295618e-22, nan 
-66.375, 66.625, 4.02716234725248e-22, nan 
-66.125, 66.625, 3.502523178515077e-22, nan 
-65.875, 66.625, 3.016010920928304e-22, nan 
-65.625, 66.625, 3.259578192213142e-22, nan 
-65.375, 66.625, 3.25733670708747e-22, nan 
-65.125, 66.625, 2.9841143496895415e-22, nan 
-64.875, 66.625, 2.890300148244345e-22, nan 
-64.625, 66.625, 2.7439005327250026e-22, nan 
-64.375, 66.625, 4.861374132259952e-22, nan 
-64.125, 66.625, 4.803812348065368e-22, nan 
-63.875, 66.625, 3.4296555660402405e-22, nan 
-63.625, 66.625, 3.410296134560911e-22, nan 
-63.375, 66.625, 3.4502018129334656e-22, nan 
-63.125, 66.625, 2.6679387533276656e-22, nan 
-62.875, 66.625, 2.364263228615918e-22, nan 
-62.625, 66.625, 3.2387140889909537e-22, nan 
-62.375, 66.625, 3.16445921867296e-22, nan 
-62.125, 66.625, 3.733626640206178e-22, nan 
-61.875, 66.625, 2.9486559574926163e-22, nan 
-61.625, 66.625, 2.80970654190316e-22, nan 
-61.375, 66.625, 3.4668207584329e-22, nan 
-61.125, 66.625, 2.6105349164690684e-22, nan 
-60.875, 66.625, 2.4037737616751913e-22, nan 
-60.625, 66.625, 2.3626317282024413e-22, nan 
-60.375, 66.625, 2.1473537095776667e-22, nan 
-60.125, 66.625, 2.5548028122374534e-22, nan 
-59.875, 66.625, 2.3437393377768005e-22, nan 
-59.625, 66.625, 2.9072284008973718e-22, nan 
-59.375, 66.625, 2.0472078471886648e-22, nan 
-59.125, 66.625, 2.0128796223315134e-22, nan 
-58.875, 66.625, 2.1661798221093237e-22, nan 
-58.625, 66.625, 1.780521265456101e-22, nan 
-58.375, 66.625, 1.942015101232329e-22, nan 
-58.125, 66.625, 1.813192326392478e-22, nan 
-57.875, 66.625, 1.8846106145743103e-22, nan 
-57.625, 66.625, 1.865053997519666e-22, nan 
-57.375, 66.625, 1.8286046174559769e-22, nan 
-57.125, 66.625, 1.8593234207351026e-22, nan 
-56.875, 66.625, 1.9844131318394384e-22, nan 
-56.625, 66.625, 1.8696553641148845e-22, nan 
-56.375, 66.625, 1.7585801584548516e-22, nan 
-56.125, 66.625, 2.407375955104211e-22, nan 
-55.875, 66.625, 1.4364280028180372e-22, nan 
-55.625, 66.625, 1.7871883288984152e-22, nan 
-55.375, 66.625, 2.8544789740382455e-22, nan 
-55.125, 66.625, 1.0367630223508846e-22, nan 
-54.875, 66.625, 1.0990719171165892e-22, nan 
-54.625, 66.625, 1.714273312146671e-22, nan 
-54.375, 66.625, 1.1754487895667795e-22, nan 
-54.125, 66.625, 1.121243082988546e-22, nan 
-53.875, 66.625, 1.0378324415820873e-22, nan 
-53.625, 66.625, 8.497864322882606e-23, nan 
-53.375, 66.625, 8.640009659876345e-23, nan 
-53.125, 66.625, 8.373143472001462e-23, nan 
-52.875, 66.625, 5.997050339075032e-23, nan 
-52.625, 66.625, 9.419179423922935e-23, nan 
-52.375, 66.625, 7.914276413017892e-23, nan 
-52.125, 66.625, 8.605647972063137e-23, nan 
-51.875, 66.625, 8.626327677215881e-23, nan 
-51.625, 66.625, 8.585007538548575e-23, nan 
-51.375, 66.625, 1.216310903664513e-22, nan 
-51.125, 66.625, 1.0896640322182316e-22, nan 
-50.875, 66.625, 1.0424473703385229e-22, nan 
-50.625, 66.625, 9.29058954818599e-23, nan 
-50.375, 66.625, 1.0838512117399775e-22, nan 
-50.125, 66.625, 7.668160035175606e-23, nan 
-49.875, 66.625, 8.243788359365244e-23, nan 
-49.625, 66.625, 9.690855470577758e-23, nan 
-49.375, 66.625, 1.0629943920645523e-22, nan 
-49.125, 66.625, 8.014826866528886e-23, nan 
-48.875, 66.625, 1.0368187826664819e-22, nan 
-48.625, 66.625, 1.2878611938200556e-22, nan 
-48.375, 66.625, 6.624561275536184e-23, nan 
-48.125, 66.625, 1.6539784979714732e-22, nan 
-47.875, 66.625, 1.813866726242702e-22, nan 
-47.625, 66.625, 7.93263470664733e-23, nan 
-47.375, 66.625, 1.1928866500222865e-22, nan 
-47.125, 66.625, 2.0588901091144583e-22, nan 
-46.875, 66.625, 1.8471490294433567e-22, nan 
-46.625, 66.625, 1.4715452001669895e-22, nan 
-46.375, 66.625, 1.8009251521454397e-22, nan 
-46.125, 66.625, 2.021903668599801e-22, nan 
-45.875, 66.625, 2.8736332088681213e-22, nan 
-45.625, 66.625, 2.991072016233052e-22, nan 
-45.375, 66.625, 3.3725747380506805e-22, nan 
-45.125, 66.625, 3.7495479528414576e-22, nan 
-44.875, 66.625, 3.8799378467366646e-22, nan 
-44.625, 66.625, 4.0826863261697754e-22, nan 
-44.375, 66.625, 3.3450953502057643e-22, nan 
-44.125, 66.625, 2.777434247107538e-22, nan 
-43.875, 66.625, 2.8830986349255523e-22, nan 
-43.625, 66.625, 2.386516441075878e-22, nan 
-43.375, 66.625, 2.5572047325719294e-22, nan 
-43.125, 66.625, 2.7873069169615014e-22, nan 
-42.875, 66.625, 2.0350543475582909e-22, nan 
-42.625, 66.625, 1.663123466526906e-22, nan 
-42.375, 66.625, 2.180963664066938e-22, nan 
-42.125, 66.625, 1.9884195832160624e-22, nan 
-41.875, 66.625, 2.175568776506038e-22, nan 
-41.625, 66.625, 3.3056088986971763e-22, nan 
-41.375, 66.625, 1.119506839350788e-22, nan 
-41.125, 66.625, 1.9350834612179696e-22, nan 
-40.875, 66.625, 2.667964205533771e-22, nan 
-40.625, 66.625, 3.358641717735083e-22, nan 
-40.375, 66.625, 1.8762063449509467e-22, nan 
-40.125, 66.625, 4.406665653703268e-22, nan 
-39.875, 66.625, 7.436399734085187e-22, nan 
-39.625, 66.625, 6.774735508913745e-22, nan 
-39.375, 66.625, 5.931229612112903e-22, nan 
-39.125, 66.625, 7.40846279066161e-22, nan 
-38.875, 66.625, 5.2567451584611655e-22, nan 
-38.625, 66.625, 4.351460943290529e-22, nan 
-38.375, 66.625, 4.1797939694314873e-22, nan 
-38.125, 66.625, 4.885895012922897e-22, nan 
-37.875, 66.625, 6.820846602798415e-22, nan 
-37.625, 66.625, 5.197533401154787e-22, nan 
-37.375, 66.625, 5.775525575658268e-22, nan 
-37.125, 66.625, 5.369745931168532e-22, nan 
-36.875, 66.625, 5.728924980645361e-22, nan 
-36.625, 66.625, 5.1617567643708305e-22, nan 
-36.375, 66.625, 5.223895406712178e-22, nan 
-36.125, 66.625, 4.802377828682401e-22, nan 
-35.875, 66.625, 6.978707393390666e-22, nan 
-35.625, 66.625, 4.49475522354188e-22, nan 
-35.375, 66.625, 5.368417967501745e-22, nan 
-35.125, 66.625, 5.833202287477608e-22, nan 
-34.875, 66.625, 6.124615939194787e-22, nan 
-34.625, 66.625, 5.650424377215844e-22, nan 
-34.375, 66.625, 1.2493533416798015e-22, nan 
-34.125, 66.625, 4.658791157971112e-22, nan 
-33.875, 66.625, 5.770276283727311e-22, nan 
-33.625, 66.625, 1.4886778577515892e-21, nan 
-33.375, 66.625, 1.1451540469469477e-21, nan 
-33.125, 66.625, 2.6725150467296376e-21, nan 
-32.875, 66.625, 3.053581453592201e-21, nan 
-32.625, 66.625, 3.1422747279127063e-21, nan 
-32.375, 66.625, 2.7235393007535722e-21, nan 
-32.125, 66.625, 3.1878060709359555e-21, nan 
-31.875, 66.625, 1.8683064608251247e-21, nan 
-31.625, 66.625, 3.8013486494556986e-21, nan 
-31.375, 66.625, 5.579811634794602e-21, nan 
-31.125, 66.625, 7.117722160621284e-21, nan 
-30.875, 66.625, 1.0058092037237314e-20, nan 
-30.625, 66.625, 1.1474472117104875e-20, nan 
-30.375, 66.625, 5.845022389538691e-21, nan 
-30.125, 66.625, 4.75631953029456e-21, nan 
-29.875, 66.625, 2.662468868120803e-21, nan 
-29.625, 66.625, 4.2987825018600074e-21, nan 
-29.375, 66.625, 1.917412060074885e-21, nan 
-29.125, 66.625, 2.1766355172440445e-21, nan 
-28.875, 66.625, 4.4241788364836965e-21, nan 
-28.625, 66.625, 5.760004275390414e-21, nan 
-28.375, 66.625, 5.945892631645332e-21, nan 
-28.125, 66.625, 6.55707910719113e-21, nan 
-27.875, 66.625, 6.386013115799525e-21, nan 
-27.625, 66.625, 4.651328142054977e-21, nan 
-27.375, 66.625, 3.891122443184318e-21, nan 
-27.125, 66.625, 5.0169618902284374e-21, nan 
-26.875, 66.625, 4.640346031848658e-21, nan 
-26.625, 66.625, 3.4748293179975805e-21, nan 
-26.375, 66.625, 3.745742977568743e-21, nan 
-26.125, 66.625, 6.053601633068736e-21, nan 
-25.875, 66.625, 9.683230191815192e-21, nan 
-25.625, 66.625, 8.605191655396082e-21, nan 
-25.375, 66.625, 7.240977962459776e-21, nan 
-25.125, 66.625, 1.11852610919846e-20, nan 
-24.875, 66.625, 1.0842352232382531e-20, nan 
-24.625, 66.625, 9.482198709532254e-21, nan 
-24.375, 66.625, 9.943932041261311e-21, nan 
-24.125, 66.625, 8.968979051245874e-21, nan 
-23.875, 66.625, 8.336709195514443e-21, nan 
-23.625, 66.625, 7.124065214746265e-21, nan 
-23.375, 66.625, 4.434551429779914e-21, nan 
-23.125, 66.625, 1.2544341765782833e-21, nan 
-22.875, 66.625, 2.86211220225901e-21, nan 
-22.625, 66.625, 2.0278013295303215e-21, nan 
-22.375, 66.625, 2.5061823674569833e-21, nan 
-22.125, 66.625, 2.45358000203131e-21, nan 
-21.875, 66.625, 2.002845442718533e-21, nan 
-21.625, 66.625, 2.3952376828175075e-21, nan 
-21.375, 66.625, 2.4373854898538467e-21, nan 
-21.125, 66.625, 2.3909845516399738e-21, nan 
-20.875, 66.625, 1.35781251279648e-21, nan 
-20.625, 66.625, 8.871933377452693e-22, nan 
-20.375, 66.625, 2.140237348553503e-21, nan 
-20.125, 66.625, 1.326565452797538e-21, nan 
-19.875, 66.625, 1.1733464579596307e-21, nan 
-19.625, 66.625, 1.850743146838207e-21, nan 
-19.375, 66.625, 1.7775827443934722e-21, nan 
-19.125, 66.625, 2.2201571528173874e-21, nan 
-18.875, 66.625, 1.8139048917129602e-21, nan 
-18.625, 66.625, 1.6234680232862207e-21, nan 
-18.375, 66.625, 1.782892325220258e-21, nan 
-18.125, 66.625, 1.0880013048275211e-21, nan 
-17.875, 66.625, 5.280161988928051e-22, nan 
-17.625, 66.625, 6.000401145242268e-22, nan 
-17.375, 66.625, 1.5903918066667088e-21, nan 
-17.125, 66.625, 1.0726144122737015e-21, nan 
-16.875, 66.625, 1.8757853543403837e-21, nan 
-16.625, 66.625, 2.4023820633793567e-21, nan 
-16.375, 66.625, 4.763628024780671e-21, nan 
-16.125, 66.625, 1.9309209379680372e-21, nan 
-15.875, 66.625, 2.4437736504838474e-21, nan 
-15.625, 66.625, 2.112944338818405e-21, nan 
-15.375, 66.625, 1.884997746328781e-21, nan 
-15.125, 66.625, 1.4352593606440441e-21, nan 
-14.875, 66.625, 1.4188857599128824e-21, nan 
-14.625, 66.625, 1.2630881511702269e-21, nan 
-14.375, 66.625, 5.098367150852173e-22, nan 
-14.125, 66.625, 5.193156218760801e-22, nan 
-13.875, 66.625, 1.4006195247555377e-21, nan 
-13.625, 66.625, 1.128040252566783e-21, nan 
-13.375, 66.625, 1.8177138080436773e-21, nan 
-13.125, 66.625, 2.0517562556422986e-21, nan 
-12.875, 66.625, 7.838444790512328e-22, nan 
-12.625, 66.625, 7.564428160794601e-22, nan 
-12.375, 66.625, 1.0481660883929243e-21, nan 
-12.125, 66.625, 1.1002107273749654e-21, nan 
-11.875, 66.625, 1.0580018412164168e-21, nan 
-11.625, 66.625, 1.4593438441746578e-21, nan 
-11.375, 66.625, 2.075241105510469e-21, nan 
-11.125, 66.625, 1.6606825461765894e-21, nan 
-10.875, 66.625, 1.8949744529476754e-21, nan 
-10.625, 66.625, 3.0185077251495082e-21, nan 
-10.375, 66.625, 4.959640855653483e-21, nan 
-10.125, 66.625, 5.957096584266814e-21, nan 
-9.875, 66.625, 6.374342644330896e-21, nan 
-9.625, 66.625, 4.270516413542399e-21, nan 
-9.375, 66.625, 3.0304323365380832e-21, nan 
-9.125, 66.625, 2.6714902962665264e-21, nan 
-8.875, 66.625, 3.1860429872530523e-21, nan 
-8.625, 66.625, 3.674246509366226e-21, nan 
-8.375, 66.625, 3.2440475316273692e-21, nan 
-8.125, 66.625, 2.201207743004599e-21, nan 
-7.875, 66.625, 1.4764805746176159e-21, nan 
-7.625, 66.625, 1.3562897870664365e-21, nan 
-7.375, 66.625, 6.237195239006703e-22, nan 
-7.125, 66.625, 3.994907853938116e-22, nan 
-6.875, 66.625, 3.277529720268231e-22, nan 
-6.625, 66.625, 2.399957330247046e-22, nan 
-6.375, 66.625, 1.9932225041029567e-22, nan 
-6.125, 66.625, 1.550814525078001e-22, nan 
-5.875, 66.625, 1.5505939057860329e-22, nan 
-5.625, 66.625, 1.5926068228573351e-22, nan 
-5.375, 66.625, 1.552675066884461e-22, nan 
-5.125, 66.625, 1.337681942304074e-22, nan 
-4.875, 66.625, 8.813329363988969e-23, nan 
-4.625, 66.625, 5.324694990660979e-23, nan 
-4.375, 66.625, 3.810244162045195e-23, nan 
-4.125, 66.625, 7.985216920557499e-23, nan 
-3.875, 66.625, 1.2430784854805205e-22, nan 
-3.625, 66.625, 1.3547397808044436e-22, nan 
-3.375, 66.625, 6.790144732401102e-23, nan 
-3.125, 66.625, 1.2628112935208147e-22, nan 
-2.875, 66.625, 1.1432575114028028e-22, nan 
-2.625, 66.625, 6.538450661248072e-23, nan 
-2.375, 66.625, 7.626056006574354e-23, nan 
-2.125, 66.625, 6.982399882682584e-23, nan 
-1.875, 66.625, 7.486436504473739e-23, nan 
-1.625, 66.625, 9.981876319675577e-23, nan 
-1.375, 66.625, 1.0036115090404267e-22, nan 
-1.125, 66.625, 9.527922316536695e-23, nan 
-0.875, 66.625, 1.6142296734591743e-22, nan 
-0.625, 66.625, 1.6451017295141078e-22, nan 
-0.375, 66.625, 5.30519014259428e-23, nan 
-84.875, 66.875, 2.7993366634735953e-22, nan 
-84.625, 66.875, 3.553576647319414e-22, nan 
-84.375, 66.875, 2.716061614658682e-22, nan 
-84.125, 66.875, 2.500645391785654e-22, nan 
-83.875, 66.875, 2.0020476088655427e-22, nan 
-83.625, 66.875, 2.192465858365494e-22, nan 
-83.375, 66.875, 2.142676317134627e-22, nan 
-83.125, 66.875, 1.8154597524367755e-22, nan 
-82.875, 66.875, 1.7670809804694332e-22, nan 
-82.625, 66.875, 1.8280269816128375e-22, nan 
-82.375, 66.875, 1.9286235824085724e-22, nan 
-82.125, 66.875, 2.9463135783681775e-22, nan 
-81.875, 66.875, 2.804791123050262e-22, nan 
-81.625, 66.875, 3.522049626716655e-22, nan 
-81.375, 66.875, 3.537424154169782e-22, nan 
-81.125, 66.875, 4.1928202962885785e-22, nan 
-80.875, 66.875, 3.9633079300749425e-22, nan 
-80.625, 66.875, 4.399957075812512e-22, nan 
-80.375, 66.875, 6.057139518317735e-22, nan 
-80.125, 66.875, 7.845371584913763e-22, nan 
-79.875, 66.875, 8.928170630107089e-22, nan 
-79.625, 66.875, 9.458695301808709e-22, nan 
-79.375, 66.875, 8.009833112063563e-22, nan 
-79.125, 66.875, 7.745064248864599e-22, nan 
-78.875, 66.875, 8.421866326911391e-22, nan 
-78.625, 66.875, 8.400832310578023e-22, nan 
-78.375, 66.875, 8.1740744265170235e-22, nan 
-78.125, 66.875, 6.852892675588474e-22, nan 
-77.875, 66.875, 7.602698218249898e-22, nan 
-77.625, 66.875, 7.65507744603283e-22, nan 
-77.375, 66.875, 7.054469616610386e-22, nan 
-77.125, 66.875, 6.246263190524148e-22, nan 
-76.875, 66.875, 5.599438639786346e-22, nan 
-76.625, 66.875, 6.890206562730603e-22, nan 
-76.375, 66.875, 7.208246601789025e-22, nan 
-76.125, 66.875, 6.127005513077028e-22, nan 
-75.875, 66.875, 5.596946799457242e-22, nan 
-75.625, 66.875, 7.370574956305032e-22, nan 
-75.375, 66.875, 7.322246611466362e-22, nan 
-75.125, 66.875, 7.090011707066541e-22, nan 
-74.875, 66.875, 7.705508764966091e-22, nan 
-74.625, 66.875, 6.334440605576742e-22, nan 
-74.375, 66.875, 6.052174151825633e-22, nan 
-74.125, 66.875, 6.76204952996751e-22, nan 
-73.875, 66.875, 6.218671320977263e-22, nan 
-73.625, 66.875, 6.457836207964444e-22, nan 
-73.375, 66.875, 6.348758003509231e-22, nan 
-73.125, 66.875, 4.5765582641579045e-22, nan 
-72.875, 66.875, 5.417541838772503e-22, nan 
-72.625, 66.875, 5.567174225605067e-22, nan 
-72.375, 66.875, 5.546079165084722e-22, nan 
-72.125, 66.875, 5.398074652135458e-22, nan 
-71.875, 66.875, 5.11487141348903e-22, nan 
-71.625, 66.875, 4.896540551435546e-22, nan 
-71.375, 66.875, 4.232306276423421e-22, nan 
-71.125, 66.875, 3.911466189494107e-22, nan 
-70.875, 66.875, 3.786907504193479e-22, nan 
-70.625, 66.875, 3.7687946347430676e-22, nan 
-70.375, 66.875, 3.9501987058781746e-22, nan 
-70.125, 66.875, 3.948215062285532e-22, nan 
-69.875, 66.875, 3.6480820541812684e-22, nan 
-69.625, 66.875, 3.7708631771902242e-22, nan 
-69.375, 66.875, 3.9274936828273893e-22, nan 
-69.125, 66.875, 3.8283581108518226e-22, nan 
-68.875, 66.875, 3.5824845223212947e-22, nan 
-68.625, 66.875, 3.8024890805708065e-22, nan 
-68.375, 66.875, 3.3470622665340236e-22, nan 
-68.125, 66.875, 3.441633834141859e-22, nan 
-67.875, 66.875, 3.656561820577705e-22, nan 
-67.625, 66.875, 2.9471132220428574e-22, nan 
-67.375, 66.875, 2.916926580557466e-22, nan 
-67.125, 66.875, 3.2100557790575033e-22, nan 
-66.875, 66.875, 3.378276068900542e-22, nan 
-66.625, 66.875, 2.7675462193846504e-22, nan 
-66.375, 66.875, 3.0868049112862634e-22, nan 
-66.125, 66.875, 2.9655422051105387e-22, nan 
-65.875, 66.875, 2.111580717542506e-22, nan 
-65.625, 66.875, 1.7191027640832378e-22, nan 
-65.375, 66.875, 1.754097067635692e-22, nan 
-65.125, 66.875, 1.9457121077784014e-22, nan 
-64.875, 66.875, 2.2627549365313945e-22, nan 
-64.625, 66.875, 2.6838397919528383e-22, nan 
-64.375, 66.875, 4.691107355875504e-22, nan 
-64.125, 66.875, 4.526648557007802e-22, nan 
-63.875, 66.875, 3.1958083075988856e-22, nan 
-63.625, 66.875, 2.618162838809074e-22, nan 
-63.375, 66.875, 2.134312180206914e-22, nan 
-63.125, 66.875, 1.7876591102363382e-22, nan 
-62.875, 66.875, 2.565796276751328e-22, nan 
-62.625, 66.875, 2.979591787419549e-22, nan 
-62.375, 66.875, 2.868173771638238e-22, nan 
-62.125, 66.875, 3.299090373624217e-22, nan 
-61.875, 66.875, 2.0904660341770897e-22, nan 
-61.625, 66.875, 1.985060815158214e-22, nan 
-61.375, 66.875, 1.7119687347153672e-22, nan 
-61.125, 66.875, 1.6790383004661027e-22, nan 
-60.875, 66.875, 2.0071496817422291e-22, nan 
-60.625, 66.875, 1.6266326683515437e-22, nan 
-60.375, 66.875, 2.299021952988483e-22, nan 
-60.125, 66.875, 1.57617883795413e-22, nan 
-59.875, 66.875, 1.369686532870268e-22, nan 
-59.625, 66.875, 1.364688602100191e-22, nan 
-59.375, 66.875, 1.601043466192251e-22, nan 
-59.125, 66.875, 1.9605212420494444e-22, nan 
-58.875, 66.875, 2.2285415042112357e-22, nan 
-58.625, 66.875, 1.5179264874610058e-22, nan 
-58.375, 66.875, 1.4281374356261146e-22, nan 
-58.125, 66.875, 1.3012719625504486e-22, nan 
-57.875, 66.875, 7.569620876781056e-23, nan 
-57.625, 66.875, 1.123758101297306e-22, nan 
-57.375, 66.875, 1.8118742393203208e-22, nan 
-57.125, 66.875, 1.9790927314714127e-22, nan 
-56.875, 66.875, 2.2306793690659174e-22, nan 
-56.625, 66.875, 1.9813107528241776e-22, nan 
-56.375, 66.875, 1.738182653516121e-22, nan 
-56.125, 66.875, 1.4865909954510547e-22, nan 
-55.875, 66.875, 1.7416377544663288e-22, nan 
-55.625, 66.875, 1.6687718427940007e-22, nan 
-55.375, 66.875, 2.1864629084490956e-22, nan 
-55.125, 66.875, 1.126239916434158e-22, nan 
-54.875, 66.875, 6.055025526151553e-23, nan 
-54.625, 66.875, 1.044260378759086e-22, nan 
-54.375, 66.875, 1.2642671597975683e-22, nan 
-54.125, 66.875, 1.2596672840520652e-22, nan 
-53.875, 66.875, 7.64601522048243e-23, nan 
-53.625, 66.875, 8.29508748357402e-23, nan 
-53.375, 66.875, 9.441558707866126e-23, nan 
-53.125, 66.875, 8.969948838100934e-23, nan 
-52.875, 66.875, 6.944657185774473e-23, nan 
-52.625, 66.875, 1.0497515410406944e-22, nan 
-52.375, 66.875, 8.61662598409843e-23, nan 
-52.125, 66.875, 7.88443520667852e-23, nan 
-51.875, 66.875, 8.571899201490035e-23, nan 
-51.625, 66.875, 1.0603260757452936e-22, nan 
-51.375, 66.875, 1.3038056856123888e-22, nan 
-51.125, 66.875, 1.2111600945873922e-22, nan 
-50.875, 66.875, 1.1140547721667442e-22, nan 
-50.625, 66.875, 6.581729070117384e-23, nan 
-50.375, 66.875, 9.933272259028617e-23, nan 
-50.125, 66.875, 1.1962757142131527e-22, nan 
-49.875, 66.875, 9.414133545596331e-23, nan 
-49.625, 66.875, 7.692674203854459e-23, nan 
-49.375, 66.875, 1.3099982962620168e-22, nan 
-49.125, 66.875, 1.0461072651242603e-22, nan 
-48.875, 66.875, 1.213574912705379e-22, nan 
-48.625, 66.875, 1.8966727145231276e-22, nan 
-48.375, 66.875, 6.036048359808618e-23, nan 
-48.125, 66.875, 2.5540661677018954e-22, nan 
-47.875, 66.875, 1.4902934562993541e-22, nan 
-47.625, 66.875, 1.679834070295919e-22, nan 
-47.375, 66.875, 2.0373541285810826e-22, nan 
-47.125, 66.875, 2.21963300264619e-22, nan 
-46.875, 66.875, 1.9206691605827134e-22, nan 
-46.625, 66.875, 1.8811100156905336e-22, nan 
-46.375, 66.875, 3.6069975674445036e-22, nan 
-46.125, 66.875, 2.409961552912744e-22, nan 
-45.875, 66.875, 2.832116446692684e-22, nan 
-45.625, 66.875, 3.970634877901328e-22, nan 
-45.375, 66.875, 4.161955572146912e-22, nan 
-45.125, 66.875, 3.6701526139378634e-22, nan 
-44.875, 66.875, 3.3127291950602025e-22, nan 
-44.625, 66.875, 3.5731804951341536e-22, nan 
-44.375, 66.875, 3.118697998029608e-22, nan 
-44.125, 66.875, 2.3693128596597423e-22, nan 
-43.875, 66.875, 2.426514725070647e-22, nan 
-43.625, 66.875, 2.0944983192987166e-22, nan 
-43.375, 66.875, 1.7879248925329123e-22, nan 
-43.125, 66.875, 1.8793779664135834e-22, nan 
-42.875, 66.875, 2.8369145654108586e-22, nan 
-42.625, 66.875, 2.626247576275437e-22, nan 
-42.375, 66.875, 2.1313875827156984e-22, nan 
-42.125, 66.875, 2.1955575260709047e-22, nan 
-41.875, 66.875, 1.800018378987979e-22, nan 
-41.625, 66.875, 2.9609668091279265e-22, nan 
-41.375, 66.875, 2.3428388366463685e-22, nan 
-41.125, 66.875, 2.2170572201596586e-22, nan 
-40.875, 66.875, 2.6421387379778536e-22, nan 
-40.625, 66.875, 2.5102785406116546e-22, nan 
-40.375, 66.875, 3.572569732295046e-22, nan 
-40.125, 66.875, 6.651013331231156e-22, nan 
-39.875, 66.875, 6.60254399438483e-22, nan 
-39.625, 66.875, 6.879017214936156e-22, nan 
-39.375, 66.875, 7.844772180767966e-22, nan 
-39.125, 66.875, 7.27183880990347e-22, nan 
-38.875, 66.875, 5.654696335856712e-22, nan 
-38.625, 66.875, 7.127493191941435e-22, nan 
-38.375, 66.875, 8.040935867065981e-22, nan 
-38.125, 66.875, 1.0426170589729428e-21, nan 
-37.875, 66.875, 9.651024975317368e-22, nan 
-37.625, 66.875, 9.893463881193653e-22, nan 
-37.375, 66.875, 9.355505682604035e-22, nan 
-37.125, 66.875, 2.374513574080375e-22, nan 
-36.875, 66.875, 1.7012800853513255e-21, nan 
-36.625, 66.875, 1.9675820065253024e-21, nan 
-36.375, 66.875, 5.945998250939263e-22, nan 
-36.125, 66.875, 1.6886051006589122e-21, nan 
-35.875, 66.875, 2.0110848795874455e-21, nan 
-35.625, 66.875, 8.0730559746551e-22, nan 
-35.375, 66.875, 1.2321100853246814e-21, nan 
-35.125, 66.875, 1.3451449909941079e-21, nan 
-34.875, 66.875, 8.381710317869582e-22, nan 
-34.625, 66.875, 2.1407415249380924e-21, nan 
-34.375, 66.875, 1.2299614367491775e-21, nan 
-34.125, 66.875, 4.0931212601176753e-22, nan 
-33.875, 66.875, 2.2244515635575567e-21, nan 
-33.625, 66.875, 3.421729586703073e-21, nan 
-33.375, 66.875, 4.882239736286195e-21, nan 
-33.125, 66.875, 4.146671478623105e-21, nan 
-32.875, 66.875, 5.080875385141985e-21, nan 
-32.625, 66.875, 6.569414988051946e-21, nan 
-32.375, 66.875, 3.1268820773961322e-21, nan 
-32.125, 66.875, 2.0889085733584057e-21, nan 
-31.875, 66.875, 4.485553837781133e-21, nan 
-31.625, 66.875, 4.74079112361822e-21, nan 
-31.375, 66.875, 5.06803171002268e-21, nan 
-31.125, 66.875, 4.4343812380315574e-21, nan 
-30.875, 66.875, 8.206108246391619e-21, nan 
-30.625, 66.875, 3.1270731435199837e-21, nan 
-30.375, 66.875, 3.2885813544210298e-21, nan 
-30.125, 66.875, 5.0804622672932686e-21, nan 
-29.875, 66.875, 4.820352327209751e-21, nan 
-29.625, 66.875, 3.174459071758123e-21, nan 
-29.375, 66.875, 2.622991407273013e-21, nan 
-29.125, 66.875, 6.04517719066555e-21, nan 
-28.875, 66.875, 6.1182541147588426e-21, nan 
-28.625, 66.875, 5.843912509364263e-21, nan 
-28.375, 66.875, 6.349644003289387e-21, nan 
-28.125, 66.875, 5.776734116406697e-21, nan 
-27.875, 66.875, 3.860639489217869e-21, nan 
-27.625, 66.875, 4.676600428591798e-21, nan 
-27.375, 66.875, 4.573419618725311e-21, nan 
-27.125, 66.875, 5.4900551566672334e-21, nan 
-26.875, 66.875, 4.964327106710502e-21, nan 
-26.625, 66.875, 4.8133336630857846e-21, nan 
-26.375, 66.875, 6.100417829887005e-21, nan 
-26.125, 66.875, 8.90946339838654e-21, nan 
-25.875, 66.875, 9.94156103425774e-21, nan 
-25.625, 66.875, 6.954722082051226e-21, nan 
-25.375, 66.875, 9.682691746966797e-21, nan 
-25.125, 66.875, 1.2761310939168374e-20, nan 
-24.875, 66.875, 9.810391181902429e-21, nan 
-24.625, 66.875, 7.939359486941736e-21, nan 
-24.375, 66.875, 9.686040209469802e-21, nan 
-24.125, 66.875, 8.47439232412249e-21, nan 
-23.875, 66.875, 5.835476045995297e-21, nan 
-23.625, 66.875, 4.1173994199540056e-21, nan 
-23.375, 66.875, 4.009172232640091e-21, nan 
-23.125, 66.875, 1.6657998844598712e-21, nan 
-22.875, 66.875, 2.568706984383285e-21, nan 
-22.625, 66.875, 3.614113826888422e-21, nan 
-22.375, 66.875, 2.5227610009374824e-21, nan 
-22.125, 66.875, 2.3113914309406805e-21, nan 
-21.875, 66.875, 2.2227299475728082e-21, nan 
-21.625, 66.875, 1.9951449936045073e-21, nan 
-21.375, 66.875, 2.7503401733285807e-21, nan 
-21.125, 66.875, 2.65392084256848e-21, nan 
-20.875, 66.875, 1.0200558049926963e-21, nan 
-20.625, 66.875, 1.0394776098087022e-21, nan 
-20.375, 66.875, 1.0568081200978548e-21, nan 
-20.125, 66.875, 3.4218924740909575e-22, nan 
-19.875, 66.875, 1.663389210574561e-21, nan 
-19.625, 66.875, 2.1086502612124084e-21, nan 
-19.375, 66.875, 2.5637539333041386e-21, nan 
-19.125, 66.875, 2.230443754150615e-21, nan 
-18.875, 66.875, 2.135155649705689e-21, nan 
-18.625, 66.875, 2.485124462048443e-21, nan 
-18.375, 66.875, 1.6132319652667725e-21, nan 
-18.125, 66.875, 7.362199746194204e-22, nan 
-17.875, 66.875, 6.415533785753524e-22, nan 
-17.625, 66.875, 1.8253592954125733e-21, nan 
-17.375, 66.875, 2.988890734836883e-21, nan 
-17.125, 66.875, 3.171278954925012e-21, nan 
-16.875, 66.875, 2.2860610981956018e-21, nan 
-16.625, 66.875, 3.2612885447061825e-21, nan 
-16.375, 66.875, 9.083630409727608e-21, nan 
-16.125, 66.875, 2.014385606133926e-21, nan 
-15.875, 66.875, 1.9237213096852862e-21, nan 
-15.625, 66.875, 4.716930439701204e-21, nan 
-15.375, 66.875, 9.195805370890186e-22, nan 
-15.125, 66.875, 8.613430149993735e-22, nan 
-14.875, 66.875, 7.320919810457769e-22, nan 
-14.625, 66.875, 3.1327057815075496e-22, nan 
-14.375, 66.875, 9.641191634469735e-22, nan 
-14.125, 66.875, 1.6551137534149166e-21, nan 
-13.875, 66.875, 1.8753486747231483e-21, nan 
-13.625, 66.875, 9.148851532016051e-22, nan 
-13.375, 66.875, 2.22203254114172e-21, nan 
-13.125, 66.875, 3.034134898088651e-21, nan 
-12.875, 66.875, 5.382538191669595e-22, nan 
-12.625, 66.875, 6.501115868840427e-22, nan 
-12.375, 66.875, 1.1686917126181973e-21, nan 
-12.125, 66.875, 5.801813903446631e-22, nan 
-11.875, 66.875, 7.004608007798299e-22, nan 
-11.625, 66.875, 7.075008122926621e-22, nan 
-11.375, 66.875, 5.65323045182759e-22, nan 
-11.125, 66.875, 6.290592431483824e-22, nan 
-10.875, 66.875, 5.581682248602664e-22, nan 
-10.625, 66.875, 6.1088706663664125e-22, nan 
-10.375, 66.875, 6.155594514607797e-22, nan 
-10.125, 66.875, 6.618977808121879e-22, nan 
-9.875, 66.875, 4.902241673169969e-22, nan 
-9.625, 66.875, 7.773907457611426e-22, nan 
-9.375, 66.875, 1.0044322255905703e-21, nan 
-9.125, 66.875, 8.016190939359225e-22, nan 
-8.875, 66.875, 3.3949674879887004e-22, nan 
-8.625, 66.875, 8.411191659399962e-22, nan 
-8.375, 66.875, 4.909814782253611e-22, nan 
-8.125, 66.875, 5.412932151037684e-22, nan 
-7.875, 66.875, 5.1234755023906115e-22, nan 
-7.625, 66.875, 3.675264108625233e-22, nan 
-7.375, 66.875, 3.3568206943063505e-22, nan 
-7.125, 66.875, 3.821267243798973e-22, nan 
-6.875, 66.875, 3.19458172850183e-22, nan 
-6.625, 66.875, 1.8288243354165602e-22, nan 
-6.375, 66.875, 1.8995657567526302e-22, nan 
-6.125, 66.875, 2.1347437701372104e-22, nan 
-5.875, 66.875, 1.0772424743607e-22, nan 
-5.625, 66.875, 1.1039900168244238e-22, nan 
-5.375, 66.875, 1.6637521152787155e-22, nan 
-5.125, 66.875, 1.095102562220247e-22, nan 
-4.875, 66.875, 6.123790293929275e-23, nan 
-4.625, 66.875, 1.0022398738304219e-22, nan 
-4.375, 66.875, 8.077172433982927e-23, nan 
-4.125, 66.875, 4.3031395296368954e-23, nan 
-3.875, 66.875, 4.8106974633000685e-23, nan 
-3.625, 66.875, 1.1289805214592966e-22, nan 
-3.375, 66.875, 3.9470281560873805e-23, nan 
-3.125, 66.875, 9.632541086233556e-23, nan 
-2.875, 66.875, 1.1355242869116141e-22, nan 
-2.625, 66.875, 6.955369002712238e-23, nan 
-2.375, 66.875, 4.0649380884610064e-23, nan 
-2.125, 66.875, 4.880515988960257e-23, nan 
-1.875, 66.875, 7.824681518799692e-23, nan 
-1.625, 66.875, 7.096271554281184e-23, nan 
-1.375, 66.875, 7.590234435110415e-23, nan 
-1.125, 66.875, 7.333048363983316e-23, nan 
-0.875, 66.875, 8.459531751045968e-23, nan 
-0.625, 66.875, 7.393423335804797e-23, nan 
-0.375, 66.875, 5.1132742228261317e-23, nan 
-0.125, 66.875, 4.5758251280376176e-23, nan 
0.125, 66.875, 9.341633144602683e-23, nan 
0.375, 66.875, 8.385839457854663e-23, nan 
-85.125, 67.125, 2.5025709693876753e-22, nan 
-84.875, 67.125, 2.4331374975740104e-22, nan 
-84.625, 67.125, 3.2594801230207156e-22, nan 
-84.375, 67.125, 2.305201545909339e-22, nan 
-84.125, 67.125, 2.3601195592558604e-22, nan 
-83.875, 67.125, 1.9145339495285074e-22, nan 
-83.625, 67.125, 2.753539003245874e-22, nan 
-83.375, 67.125, 3.102652511536131e-22, nan 
-83.125, 67.125, 5.966350572436169e-22, nan 
-82.875, 67.125, 5.674923382438449e-22, nan 
-82.625, 67.125, 7.314983758293021e-22, nan 
-82.375, 67.125, 9.418975159831777e-22, nan 
-82.125, 67.125, 7.549236901578275e-22, nan 
-81.875, 67.125, 6.932743325760807e-22, nan 
-81.625, 67.125, 5.851357901054378e-22, nan 
-81.375, 67.125, 5.308589020722573e-22, nan 
-81.125, 67.125, 6.990390556708207e-22, nan 
-80.875, 67.125, 1.030880500955743e-21, nan 
-80.625, 67.125, 9.884670503775406e-22, nan 
-80.375, 67.125, 9.437899682240604e-22, nan 
-80.125, 67.125, 9.410211040479727e-22, nan 
-79.875, 67.125, 1.077940702625262e-21, nan 
-79.625, 67.125, 9.611465581834744e-22, nan 
-79.375, 67.125, 4.692519401573664e-22, nan 
-79.125, 67.125, 6.890801487156262e-22, nan 
-78.875, 67.125, 3.952685392584585e-22, nan 
-78.625, 67.125, 8.233133172636246e-22, nan 
-78.375, 67.125, 7.786505779586794e-22, nan 
-78.125, 67.125, 5.683333781854427e-22, nan 
-77.875, 67.125, 6.108364658748939e-22, nan 
-77.625, 67.125, 6.662964185521237e-22, nan 
-77.375, 67.125, 6.898783707423781e-22, nan 
-77.125, 67.125, 5.496582293449583e-22, nan 
-76.875, 67.125, 6.308957779213846e-22, nan 
-76.625, 67.125, 6.73976967164182e-22, nan 
-76.375, 67.125, 8.855585904674749e-22, nan 
-76.125, 67.125, 8.074323948809966e-22, nan 
-75.875, 67.125, 6.268378163550271e-22, nan 
-75.625, 67.125, 6.982942444920851e-22, nan 
-75.375, 67.125, 7.050178566514382e-22, nan 
-75.125, 67.125, 7.322602087264127e-22, nan 
-74.875, 67.125, 7.401517996034632e-22, nan 
-74.625, 67.125, 5.6396938640684915e-22, nan 
-74.375, 67.125, 5.669449842005952e-22, nan 
-74.125, 67.125, 5.093291259736834e-22, nan 
-73.875, 67.125, 5.127034893770344e-22, nan 
-73.625, 67.125, 4.870565575858265e-22, nan 
-73.375, 67.125, 4.315181883757376e-22, nan 
-73.125, 67.125, 4.661445870108839e-22, nan 
-72.875, 67.125, 5.13120542350001e-22, nan 
-72.625, 67.125, 5.105421354543071e-22, nan 
-72.375, 67.125, 4.987864185182198e-22, nan 
-72.125, 67.125, 3.768356830315658e-22, nan 
-71.875, 67.125, 3.6060526454335597e-22, nan 
-71.625, 67.125, 3.437935481141114e-22, nan 
-71.375, 67.125, 3.3506692420891912e-22, nan 
-71.125, 67.125, 3.7481793885056586e-22, nan 
-70.875, 67.125, 4.027127291227444e-22, nan 
-70.625, 67.125, 3.6206364150234564e-22, nan 
-70.375, 67.125, 3.577522357037257e-22, nan 
-70.125, 67.125, 3.3529038091470766e-22, nan 
-69.875, 67.125, 3.229874305640846e-22, nan 
-69.625, 67.125, 3.1845073140253624e-22, nan 
-69.375, 67.125, 2.9076555511792984e-22, nan 
-69.125, 67.125, 3.25438932366587e-22, nan 
-68.875, 67.125, 3.929827326250482e-22, nan 
-68.625, 67.125, 3.5295085326215314e-22, nan 
-68.375, 67.125, 2.9747312408010255e-22, nan 
-68.125, 67.125, 3.8220802862035675e-22, nan 
-67.875, 67.125, 3.59262680355118e-22, nan 
-67.625, 67.125, 3.050648299240893e-22, nan 
-67.375, 67.125, 2.639243640801077e-22, nan 
-67.125, 67.125, 2.4217516747855213e-22, nan 
-66.875, 67.125, 2.5375625222498135e-22, nan 
-66.625, 67.125, 2.2243821037035206e-22, nan 
-66.375, 67.125, 2.220724826680796e-22, nan 
-66.125, 67.125, 2.5343600810742074e-22, nan 
-65.875, 67.125, 2.2769244817662824e-22, nan 
-65.625, 67.125, 2.4087425716841407e-22, nan 
-65.375, 67.125, 2.494035717183134e-22, nan 
-65.125, 67.125, 2.201926868652454e-22, nan 
-64.875, 67.125, 2.2175188326477166e-22, nan 
-64.625, 67.125, 2.4656520270531185e-22, nan 
-64.375, 67.125, 1.8695744004478948e-22, nan 
-64.125, 67.125, 2.0077400993262894e-22, nan 
-63.875, 67.125, 1.5190373127265582e-22, nan 
-63.625, 67.125, 1.3270616873442927e-22, nan 
-63.375, 67.125, 1.1284367728682278e-22, nan 
-63.125, 67.125, 1.2364892788617383e-22, nan 
-62.875, 67.125, 1.6473795954902078e-22, nan 
-62.625, 67.125, 1.3194197632639383e-22, nan 
-62.375, 67.125, 1.3529948618378026e-22, nan 
-62.125, 67.125, 1.2872273573762651e-22, nan 
-61.875, 67.125, 1.4249446664143102e-22, nan 
-61.625, 67.125, 1.4891933931387061e-22, nan 
-61.375, 67.125, 1.118207462545796e-22, nan 
-61.125, 67.125, 1.5710585599495522e-22, nan 
-60.875, 67.125, 1.6258248260860985e-22, nan 
-60.625, 67.125, 1.762125116531175e-22, nan 
-60.375, 67.125, 1.5562755880127196e-22, nan 
-60.125, 67.125, 1.5973179116508062e-22, nan 
-59.875, 67.125, 1.6760421908225496e-22, nan 
-59.625, 67.125, 1.656081831342337e-22, nan 
-59.375, 67.125, 1.5363203982603906e-22, nan 
-59.125, 67.125, 1.7190238338062225e-22, nan 
-58.875, 67.125, 1.1535210814010609e-22, nan 
-58.625, 67.125, 1.7948213317342233e-22, nan 
-58.375, 67.125, 1.9438735106494358e-22, nan 
-58.125, 67.125, 1.4302616035127607e-22, nan 
-57.875, 67.125, 1.2417522306828746e-22, nan 
-57.625, 67.125, 1.2488692637676994e-22, nan 
-57.375, 67.125, 8.075917801681209e-23, nan 
-57.125, 67.125, 7.318129999519997e-23, nan 
-56.875, 67.125, 1.2737888077516346e-22, nan 
-56.625, 67.125, 1.6638521300584252e-22, nan 
-56.375, 67.125, 2.1663631461247067e-22, nan 
-56.125, 67.125, 1.9759069971400196e-22, nan 
-55.875, 67.125, 1.9621930994695513e-22, nan 
-55.625, 67.125, 2.3200196949782026e-22, nan 
-55.375, 67.125, 1.739257512243904e-22, nan 
-55.125, 67.125, 5.0226374729607533e-23, nan 
-54.875, 67.125, 8.421407412327473e-23, nan 
-54.625, 67.125, 1.5686709318926639e-22, nan 
-54.375, 67.125, 8.396777824984622e-23, nan 
-54.125, 67.125, 4.635544854190366e-23, nan 
-53.875, 67.125, 1.3218667500183663e-22, nan 
-53.625, 67.125, 1.7663007154693162e-22, nan 
-53.375, 67.125, 3.0269496699183473e-22, nan 
-53.125, 67.125, 2.639706643711428e-22, nan 
-52.875, 67.125, 2.2290357792989137e-22, nan 
-52.625, 67.125, 1.6976724267186524e-22, nan 
-52.375, 67.125, 1.1470943477313907e-22, nan 
-52.125, 67.125, 6.097457785258002e-23, nan 
-51.875, 67.125, 8.588700868159771e-23, nan 
-51.625, 67.125, 6.682802909464556e-23, nan 
-51.375, 67.125, 8.213329799319903e-23, nan 
-51.125, 67.125, 6.360372479493671e-23, nan 
-50.875, 67.125, 9.065289496965932e-23, nan 
-50.625, 67.125, 7.805982524120114e-23, nan 
-50.375, 67.125, 1.1796288887222475e-22, nan 
-50.125, 67.125, 1.7955403137293534e-22, nan 
-49.875, 67.125, 1.3817878373481666e-22, nan 
-49.625, 67.125, 1.470882358861673e-22, nan 
-49.375, 67.125, 3.29057736514117e-22, nan 
-49.125, 67.125, 2.154734507674347e-22, nan 
-48.875, 67.125, 1.1273962742005984e-22, nan 
-48.625, 67.125, 2.447903314848779e-22, nan 
-48.375, 67.125, 8.355867307076352e-23, nan 
-48.125, 67.125, 2.124791231670239e-22, nan 
-47.875, 67.125, 1.0929563559318937e-22, nan 
-47.625, 67.125, 7.864791828674393e-23, nan 
-47.375, 67.125, 8.484797947584486e-23, nan 
-47.125, 67.125, 8.619327446627867e-23, nan 
-46.875, 67.125, 9.849776538721719e-23, nan 
-46.625, 67.125, 1.488273819071796e-22, nan 
-46.375, 67.125, 3.1976802052469157e-22, nan 
-46.125, 67.125, 6.129004660705687e-22, nan 
-45.875, 67.125, 8.22118155136457e-22, nan 
-45.625, 67.125, 4.3751376877708205e-22, nan 
-45.375, 67.125, 3.795698806427028e-22, nan 
-45.125, 67.125, 3.5516486081356393e-22, nan 
-44.875, 67.125, 2.810636512557167e-22, nan 
-44.625, 67.125, 2.670486789016242e-22, nan 
-44.375, 67.125, 2.508566399894105e-22, nan 
-44.125, 67.125, 2.5471364801381245e-22, nan 
-43.875, 67.125, 2.568891698618369e-22, nan 
-43.625, 67.125, 1.2951949250100892e-22, nan 
-43.375, 67.125, 2.264459960483765e-22, nan 
-43.125, 67.125, 1.4790886555681077e-22, nan 
-42.875, 67.125, 9.52385468556147e-23, nan 
-42.625, 67.125, 3.5934539867635765e-22, nan 
-42.375, 67.125, 2.760549205238108e-22, nan 
-42.125, 67.125, 1.912179139499324e-22, nan 
-41.875, 67.125, 3.1194829518467166e-22, nan 
-41.625, 67.125, 2.757599579528245e-22, nan 
-41.375, 67.125, 2.1869868353291834e-22, nan 
-41.125, 67.125, 4.210192176844581e-22, nan 
-40.875, 67.125, 3.0508584901904556e-22, nan 
-40.625, 67.125, 3.488693485151625e-22, nan 
-40.375, 67.125, 8.553172632067472e-22, nan 
-40.125, 67.125, 9.72397430722597e-22, nan 
-39.875, 67.125, 8.994910804523655e-22, nan 
-39.625, 67.125, 1.0161537259327e-21, nan 
-39.375, 67.125, 1.0632204598563555e-21, nan 
-39.125, 67.125, 9.535721343968065e-22, nan 
-38.875, 67.125, 8.356731577282897e-22, nan 
-38.625, 67.125, 8.109066395266232e-22, nan 
-38.375, 67.125, 9.624777981838884e-22, nan 
-38.125, 67.125, 1.4004122081461192e-21, nan 
-37.875, 67.125, 1.1892123508654703e-21, nan 
-37.625, 67.125, 6.922777977398415e-22, nan 
-37.375, 67.125, 6.122040470872554e-22, nan 
-37.125, 67.125, 1.3652156850378885e-21, nan 
-36.875, 67.125, 1.397621279666982e-21, nan 
-36.625, 67.125, 1.5200383662899404e-21, nan 
-36.375, 67.125, 1.0361793883297465e-21, nan 
-36.125, 67.125, 1.5317563597369931e-21, nan 
-35.875, 67.125, 1.3499742265162389e-21, nan 
-35.625, 67.125, 1.1411231318012668e-21, nan 
-35.375, 67.125, 2.2865693410653843e-21, nan 
-35.125, 67.125, 1.5876682289091214e-21, nan 
-34.875, 67.125, 1.2978362936976483e-21, nan 
-34.625, 67.125, 4.460889902547336e-21, nan 
-34.375, 67.125, 3.637823085305277e-21, nan 
-34.125, 67.125, 2.5282088734822078e-21, nan 
-33.875, 67.125, 6.339577422214503e-21, nan 
-33.625, 67.125, 5.347763927265203e-21, nan 
-33.375, 67.125, 5.340036878608975e-21, nan 
-33.125, 67.125, 4.2708322241316464e-21, nan 
-32.875, 67.125, 3.1469467110855915e-21, nan 
-32.625, 67.125, 1.9908062085503948e-21, nan 
-32.375, 67.125, 1.5319945729160193e-21, nan 
-32.125, 67.125, 1.9622073479920883e-21, nan 
-31.875, 67.125, 3.666538517590986e-21, nan 
-31.625, 67.125, 3.007274059319495e-21, nan 
-31.375, 67.125, 1.7502567898439144e-21, nan 
-31.125, 67.125, 1.502208661166072e-21, nan 
-30.875, 67.125, 3.843744921153254e-21, nan 
-30.625, 67.125, 4.2507987360916745e-21, nan 
-30.375, 67.125, 4.977639387239005e-21, nan 
-30.125, 67.125, 4.1883591503243154e-21, nan 
-29.875, 67.125, 5.435676279844629e-21, nan 
-29.625, 67.125, 6.863203850269344e-21, nan 
-29.375, 67.125, 7.223774253487515e-21, nan 
-29.125, 67.125, 7.859674442315468e-21, nan 
-28.875, 67.125, 6.921819884268811e-21, nan 
-28.625, 67.125, 7.755118652469439e-21, nan 
-28.375, 67.125, 7.614909861292536e-21, nan 
-28.125, 67.125, 6.41395882235224e-21, nan 
-27.875, 67.125, 4.40513104927646e-21, nan 
-27.625, 67.125, 4.770224989843098e-21, nan 
-27.375, 67.125, 5.704980525869372e-21, nan 
-27.125, 67.125, 5.473471649685273e-21, nan 
-26.875, 67.125, 6.985062779995329e-21, nan 
-26.625, 67.125, 7.412358474176748e-21, nan 
-26.375, 67.125, 7.668060173205777e-21, nan 
-26.125, 67.125, 1.1152941041182314e-20, nan 
-25.875, 67.125, 8.421897706335733e-21, nan 
-25.625, 67.125, 6.256106754044304e-21, nan 
-25.375, 67.125, 8.389141149451262e-21, nan 
-25.125, 67.125, 1.0248034969521748e-20, nan 
-24.875, 67.125, 7.940189678675014e-21, nan 
-24.625, 67.125, 6.819582736290496e-21, nan 
-24.375, 67.125, 7.570507194213312e-21, nan 
-24.125, 67.125, 6.737416116292327e-21, nan 
-23.875, 67.125, 4.876851359108071e-21, nan 
-23.625, 67.125, 2.8055024814083378e-21, nan 
-23.375, 67.125, 2.245082307612458e-21, nan 
-23.125, 67.125, 1.706884297956865e-21, nan 
-22.875, 67.125, 1.747606577090718e-21, nan 
-22.625, 67.125, 1.802625610853105e-21, nan 
-22.375, 67.125, 1.4346624955578745e-21, nan 
-22.125, 67.125, 2.3476899345516823e-21, nan 
-21.875, 67.125, 1.7948267648035723e-21, nan 
-21.625, 67.125, 9.458599506745952e-22, nan 
-21.375, 67.125, 2.293081030523228e-21, nan 
-21.125, 67.125, 1.9831121256025057e-21, nan 
-20.875, 67.125, 7.916064111917158e-22, nan 
-20.625, 67.125, 1.092270633473515e-21, nan 
-20.375, 67.125, 1.2998300943993199e-21, nan 
-20.125, 67.125, 1.005265868051303e-21, nan 
-19.875, 67.125, 1.594623445697423e-21, nan 
-19.625, 67.125, 2.2000703602760897e-21, nan 
-19.375, 67.125, 2.1145732336784307e-21, nan 
-19.125, 67.125, 1.436968237732262e-21, nan 
-18.875, 67.125, 1.7599051029399987e-21, nan 
-18.625, 67.125, 1.6715402289066e-21, nan 
-18.375, 67.125, 1.2035197840612046e-21, nan 
-18.125, 67.125, 8.363626583900521e-22, nan 
-17.875, 67.125, 9.867275878713208e-22, nan 
-17.625, 67.125, 9.697609608405483e-22, nan 
-17.375, 67.125, 1.9341806757952934e-21, nan 
-17.125, 67.125, 2.2657502368710905e-21, nan 
-16.875, 67.125, 2.8920695515018386e-21, nan 
-16.625, 67.125, 2.5391638484424393e-21, nan 
-16.375, 67.125, 5.572112179763846e-21, nan 
-16.125, 67.125, 3.3786715769682748e-21, nan 
-15.875, 67.125, 1.7268168236204456e-21, nan 
-15.625, 67.125, 5.8185080297769755e-22, nan 
-15.375, 67.125, 8.91962881923376e-22, nan 
-15.125, 67.125, 8.640133673757892e-22, nan 
-14.875, 67.125, 3.435569356405464e-22, nan 
-14.625, 67.125, 6.307632046377152e-22, nan 
-14.375, 67.125, 8.310711363786783e-22, nan 
-14.125, 67.125, 6.689712157405777e-22, nan 
-13.875, 67.125, 6.170895879284806e-22, nan 
-13.625, 67.125, 5.687094339234388e-22, nan 
-13.375, 67.125, 1.2858360368652028e-21, nan 
-13.125, 67.125, 1.5090058990562396e-21, nan 
-12.875, 67.125, 4.777968783873953e-22, nan 
-12.625, 67.125, 4.738865682109714e-22, nan 
-12.375, 67.125, 3.6745825953276773e-22, nan 
-12.125, 67.125, 8.56943372854368e-22, nan 
-11.875, 67.125, 5.745371865019056e-22, nan 
-11.625, 67.125, 5.779907187598455e-22, nan 
-11.375, 67.125, 8.015744314841629e-22, nan 
-11.125, 67.125, 5.820036542110227e-22, nan 
-10.875, 67.125, 6.647499878167577e-22, nan 
-10.625, 67.125, 5.153989865915736e-22, nan 
-10.375, 67.125, 1.9574105931329673e-22, nan 
-10.125, 67.125, 2.04120334643204e-22, nan 
-9.875, 67.125, 4.2113958294716234e-22, nan 
-9.625, 67.125, 5.576419804922337e-22, nan 
-9.375, 67.125, 4.570532748471317e-22, nan 
-9.125, 67.125, 4.1025399557929394e-22, nan 
-8.875, 67.125, 3.4452661533920933e-22, nan 
-8.625, 67.125, 2.802820168610063e-22, nan 
-8.375, 67.125, 3.3359429889692144e-22, nan 
-8.125, 67.125, 3.288431834273427e-22, nan 
-7.875, 67.125, 3.8736915070919633e-22, nan 
-7.625, 67.125, 3.3521122435945363e-22, nan 
-7.375, 67.125, 2.7157960817232946e-22, nan 
-7.125, 67.125, 2.9120570812945916e-22, nan 
-6.875, 67.125, 2.6852331271112493e-22, nan 
-6.625, 67.125, 2.4745311055365205e-22, nan 
-6.375, 67.125, 2.4175620626782726e-22, nan 
-6.125, 67.125, 2.1351333348708924e-22, nan 
-5.875, 67.125, 1.6699928797841255e-22, nan 
-5.625, 67.125, 9.527649680313046e-23, nan 
-5.375, 67.125, 1.838605043089071e-22, nan 
-5.125, 67.125, 1.7001897422980411e-22, nan 
-4.875, 67.125, 8.706725201502986e-23, nan 
-4.625, 67.125, 1.2368014597870138e-22, nan 
-4.375, 67.125, 9.341001063088593e-23, nan 
-4.125, 67.125, 6.46838815073606e-23, nan 
-3.875, 67.125, 1.068466442990799e-22, nan 
-3.625, 67.125, 1.028330624733971e-22, nan 
-3.375, 67.125, 6.294294278340407e-23, nan 
-3.125, 67.125, 1.0052456479453652e-22, nan 
-2.875, 67.125, 1.0925190169335153e-22, nan 
-2.625, 67.125, 7.237822027946975e-23, nan 
-2.375, 67.125, 2.7004824411500814e-23, nan 
-2.125, 67.125, 4.3518832760244547e-23, nan 
-1.875, 67.125, 5.162908193069617e-23, nan 
-1.625, 67.125, 9.1042758388527e-23, nan 
-1.375, 67.125, 6.669381282907592e-23, nan 
-1.125, 67.125, 5.824608361648231e-23, nan 
-0.875, 67.125, 9.962993899725877e-23, nan 
-0.625, 67.125, 6.574421584999065e-23, nan 
-0.375, 67.125, 5.586823283956146e-23, nan 
-0.125, 67.125, 2.752102818702983e-23, nan 
0.125, 67.125, 5.514771954898041e-23, nan 
0.375, 67.125, 6.294478652054372e-23, nan 
0.625, 67.125, 7.534168773178438e-23, nan 
0.875, 67.125, 7.606417273872771e-23, nan 
1.125, 67.125, 5.85993356034071e-23, nan 
-85.375, 67.375, 2.225064680487707e-22, nan 
-85.125, 67.375, 2.1196052349336386e-22, nan 
-84.875, 67.375, 2.3152782344179817e-22, nan 
-84.625, 67.375, 2.662841619776509e-22, nan 
-84.375, 67.375, 3.2204587244183095e-22, nan 
-84.125, 67.375, 6.438072123164963e-22, nan 
-83.875, 67.375, 9.503043555734406e-22, nan 
-83.625, 67.375, 8.42941778006392e-22, nan 
-83.375, 67.375, 8.276352970001523e-22, nan 
-83.125, 67.375, 9.188473215313116e-22, nan 
-82.875, 67.375, 7.850611917005403e-22, nan 
-82.625, 67.375, 9.801723695878976e-22, nan 
-82.375, 67.375, 1.065641160696703e-21, nan 
-82.125, 67.375, 9.570928962523904e-22, nan 
-81.875, 67.375, 8.733495913055486e-22, nan 
-81.625, 67.375, 9.44507541614846e-22, nan 
-81.375, 67.375, 1.1376752300165651e-21, nan 
-81.125, 67.375, 9.611728838124899e-22, nan 
-80.875, 67.375, 1.046293168863306e-21, nan 
-80.625, 67.375, 1.0424004217088086e-21, nan 
-80.375, 67.375, 7.827182009994257e-22, nan 
-80.125, 67.375, 3.947897438787626e-22, nan 
-79.875, 67.375, 3.1380763655918357e-22, nan 
-79.625, 67.375, 3.476291043965751e-22, nan 
-79.375, 67.375, 3.605934631315214e-22, nan 
-79.125, 67.375, 4.292749091485619e-22, nan 
-78.875, 67.375, 5.25990350191508e-22, nan 
-78.625, 67.375, 5.287070098296279e-22, nan 
-78.375, 67.375, 6.55965215441971e-22, nan 
-78.125, 67.375, 6.471570178836712e-22, nan 
-77.875, 67.375, 6.18109300828634e-22, nan 
-77.625, 67.375, 7.363096145366136e-22, nan 
-77.375, 67.375, 6.949378371817222e-22, nan 
-77.125, 67.375, 7.175523381940322e-22, nan 
-76.875, 67.375, 6.727455483344939e-22, nan 
-76.625, 67.375, 4.1543270649763326e-22, nan 
-76.375, 67.375, 6.075888315743611e-22, nan 
-76.125, 67.375, 5.08814649674535e-22, nan 
-75.875, 67.375, 5.280056190743111e-22, nan 
-75.625, 67.375, 5.625554779911692e-22, nan 
-75.375, 67.375, 4.820080451706015e-22, nan 
-75.125, 67.375, 3.7760526823219053e-22, nan 
-74.875, 67.375, 5.104343084896679e-22, nan 
-74.625, 67.375, 5.2696062873617055e-22, nan 
-74.375, 67.375, 4.0931570401024194e-22, nan 
-74.125, 67.375, 4.836206449265464e-22, nan 
-73.875, 67.375, 4.605230354464108e-22, nan 
-73.625, 67.375, 4.184247406750803e-22, nan 
-73.375, 67.375, 3.8449677822925936e-22, nan 
-73.125, 67.375, 3.6599739128885445e-22, nan 
-72.875, 67.375, 3.97148574867351e-22, nan 
-72.625, 67.375, 4.333815809503165e-22, nan 
-72.375, 67.375, 3.3743847740493204e-22, nan 
-72.125, 67.375, 2.997505779558532e-22, nan 
-71.875, 67.375, 2.96305357865555e-22, nan 
-71.625, 67.375, 3.51731229456407e-22, nan 
-71.375, 67.375, 5.193370687652389e-22, nan 
-71.125, 67.375, 5.795933090685729e-22, nan 
-70.875, 67.375, 4.954883785131392e-22, nan 
-70.625, 67.375, 4.604044940900257e-22, nan 
-70.375, 67.375, 5.177277351605996e-22, nan 
-70.125, 67.375, 4.835032465733735e-22, nan 
-69.875, 67.375, 3.2374157923973214e-22, nan 
-69.625, 67.375, 3.3171390473000593e-22, nan 
-69.375, 67.375, 2.910642525846113e-22, nan 
-69.125, 67.375, 3.680126256917114e-22, nan 
-68.875, 67.375, 3.7317583031828354e-22, nan 
-68.625, 67.375, 2.993997559898674e-22, nan 
-68.375, 67.375, 3.067706815976716e-22, nan 
-68.125, 67.375, 3.52703947680219e-22, nan 
-67.875, 67.375, 3.005098558366937e-22, nan 
-67.625, 67.375, 2.3523592327114053e-22, nan 
-67.375, 67.375, 2.398744457433954e-22, nan 
-67.125, 67.375, 2.6799046223853623e-22, nan 
-66.875, 67.375, 2.962357787988436e-22, nan 
-66.625, 67.375, 2.6736979008696935e-22, nan 
-66.375, 67.375, 3.291793169403638e-22, nan 
-66.125, 67.375, 3.466571626498149e-22, nan 
-65.875, 67.375, 3.307221697524714e-22, nan 
-65.625, 67.375, 3.18895891726563e-22, nan 
-65.375, 67.375, 2.8585601339318524e-22, nan 
-65.125, 67.375, 2.177915232070095e-22, nan 
-64.875, 67.375, 1.89748704756755e-22, nan 
-64.625, 67.375, 1.5269813058991817e-22, nan 
-64.375, 67.375, 1.5511472737425114e-22, nan 
-64.125, 67.375, 1.9008962012617215e-22, nan 
-63.875, 67.375, 1.8356248696159268e-22, nan 
-63.625, 67.375, 2.5331324785146117e-22, nan 
-63.375, 67.375, 1.556731925197794e-22, nan 
-63.125, 67.375, 1.5965102736405968e-22, nan 
-62.875, 67.375, 2.674561845430007e-22, nan 
-62.625, 67.375, 1.300860790998831e-22, nan 
-62.375, 67.375, 1.3487394584495182e-22, nan 
-62.125, 67.375, 1.5659518031783196e-22, nan 
-61.875, 67.375, 1.9508388276271378e-22, nan 
-61.625, 67.375, 2.0902376071472397e-22, nan 
-61.375, 67.375, 1.8601830860881183e-22, nan 
-61.125, 67.375, 2.00028040592868e-22, nan 
-60.875, 67.375, 2.0835731467580648e-22, nan 
-60.625, 67.375, 2.0954301694731117e-22, nan 
-60.375, 67.375, 2.073332369668244e-22, nan 
-60.125, 67.375, 2.1480059455981443e-22, nan 
-59.875, 67.375, 2.1693561670658255e-22, nan 
-59.625, 67.375, 1.4188610938202385e-22, nan 
-59.375, 67.375, 1.3903394846368026e-22, nan 
-59.125, 67.375, 7.220177972808617e-23, nan 
-58.875, 67.375, 7.027755444216135e-23, nan 
-58.625, 67.375, 6.744955418529242e-23, nan 
-58.375, 67.375, 9.25716946885123e-23, nan 
-58.125, 67.375, 8.304224361185582e-23, nan 
-57.875, 67.375, 1.3568023117450559e-22, nan 
-57.625, 67.375, 1.3023736361376223e-22, nan 
-57.375, 67.375, 1.6807507050836411e-22, nan 
-57.125, 67.375, 2.623260878928033e-22, nan 
-56.875, 67.375, 2.0864668231625312e-22, nan 
-56.625, 67.375, 1.6973602665631242e-22, nan 
-56.375, 67.375, 2.206769567069397e-22, nan 
-56.125, 67.375, 2.4978037869670727e-22, nan 
-55.875, 67.375, 2.4489962765682874e-22, nan 
-55.625, 67.375, 2.6533002843749145e-22, nan 
-55.375, 67.375, 3.2553479794085476e-22, nan 
-55.125, 67.375, 3.326768720377508e-22, nan 
-54.875, 67.375, 1.0191724457480244e-22, nan 
-54.625, 67.375, 1.6486633057556375e-22, nan 
-54.375, 67.375, 3.114441541272515e-22, nan 
-54.125, 67.375, 3.5871081089223834e-22, nan 
-53.875, 67.375, 3.587868882621592e-22, nan 
-53.625, 67.375, 3.6543773692589443e-22, nan 
-53.375, 67.375, 5.409579516935484e-22, nan 
-53.125, 67.375, 5.035782679115478e-22, nan 
-52.875, 67.375, 3.7763932721297054e-22, nan 
-52.625, 67.375, 2.816838601365128e-22, nan 
-52.375, 67.375, 2.745490531337752e-22, nan 
-52.125, 67.375, 2.657966001215844e-22, nan 
-51.875, 67.375, 1.9748807379310042e-22, nan 
-51.625, 67.375, 1.8049245780046972e-22, nan 
-51.375, 67.375, 7.150410284117148e-23, nan 
-51.125, 67.375, 6.003965870842073e-23, nan 
-50.875, 67.375, 1.7570995421405953e-22, nan 
-50.625, 67.375, 8.149832274392903e-23, nan 
-50.375, 67.375, 4.475276805174707e-23, nan 
-50.125, 67.375, 7.637819053483294e-23, nan 
-49.875, 67.375, 1.1771194146504192e-22, nan 
-49.625, 67.375, 1.4326234087120003e-22, nan 
-49.375, 67.375, 2.7070024271906996e-22, nan 
-49.125, 67.375, 2.1953555094811716e-22, nan 
-48.875, 67.375, 1.949347426216555e-22, nan 
-48.625, 67.375, 1.6225491758749484e-22, nan 
-48.375, 67.375, 1.5038804354906636e-22, nan 
-48.125, 67.375, 1.7647708182616968e-22, nan 
-47.875, 67.375, 1.1434060270930686e-22, nan 
-47.625, 67.375, 1.03894265446228e-22, nan 
-47.375, 67.375, 9.458552249715343e-23, nan 
-47.125, 67.375, 1.0519635656991192e-22, nan 
-46.875, 67.375, 5.476642457390816e-22, nan 
-46.625, 67.375, 8.187403473847179e-22, nan 
-46.375, 67.375, 4.652574610331219e-22, nan 
-46.125, 67.375, 9.144140020481522e-22, nan 
-45.875, 67.375, 1.373644099612793e-21, nan 
-45.625, 67.375, 5.578248522563277e-22, nan 
-45.375, 67.375, 3.732907993044614e-22, nan 
-45.125, 67.375, 5.674336676799359e-22, nan 
-44.875, 67.375, 2.862475889884925e-22, nan 
-44.625, 67.375, 2.8807637937238e-22, nan 
-44.375, 67.375, 2.8209450971324626e-22, nan 
-44.125, 67.375, 3.148387074119965e-22, nan 
-43.875, 67.375, 1.9610162433626883e-22, nan 
-43.625, 67.375, 1.151398389410129e-22, nan 
-43.375, 67.375, 1.5486394413339175e-22, nan 
-43.125, 67.375, 1.8554667928301279e-22, nan 
-42.875, 67.375, 1.5147457506677357e-22, nan 
-42.625, 67.375, 3.310077524910285e-22, nan 
-42.375, 67.375, 3.484955561232461e-22, nan 
-42.125, 67.375, 3.219536874313202e-22, nan 
-41.875, 67.375, 2.916220767119996e-22, nan 
-41.625, 67.375, 5.177558345605733e-22, nan 
-41.375, 67.375, 6.345175647386286e-22, nan 
-41.125, 67.375, 6.647760751208178e-22, nan 
-40.875, 67.375, 5.33791938883304e-22, nan 
-40.625, 67.375, 1.2722115619553788e-21, nan 
-40.375, 67.375, 1.6336356870095144e-21, nan 
-40.125, 67.375, 1.3918134020103546e-21, nan 
-39.875, 67.375, 1.4643697009522873e-21, nan 
-39.625, 67.375, 1.4256375492120697e-21, nan 
-39.375, 67.375, 1.2011158025672967e-21, nan 
-39.125, 67.375, 9.233947163091081e-22, nan 
-38.875, 67.375, 7.687216588026039e-22, nan 
-38.625, 67.375, 5.934861637761792e-22, nan 
-38.375, 67.375, 6.346210103127838e-22, nan 
-38.125, 67.375, 7.514191221478391e-22, nan 
-37.875, 67.375, 4.894903331493648e-22, nan 
-37.625, 67.375, 5.785476592108803e-22, nan 
-37.375, 67.375, 3.412579099505207e-22, nan 
-37.125, 67.375, 1.3009966619632235e-21, nan 
-36.875, 67.375, 1.1251038766220934e-21, nan 
-36.625, 67.375, 7.010126316115414e-22, nan 
-36.375, 67.375, 9.370787663112236e-22, nan 
-36.125, 67.375, 1.1402290987110338e-21, nan 
-35.875, 67.375, 1.280102054021572e-21, nan 
-35.625, 67.375, 1.7707381391960534e-21, nan 
-35.375, 67.375, 1.9059362301857387e-21, nan 
-35.125, 67.375, 2.351877739342519e-21, nan 
-34.875, 67.375, 2.8655345894085494e-21, nan 
-34.625, 67.375, 7.036976237865879e-21, nan 
-34.375, 67.375, 8.647176253425833e-21, nan 
-34.125, 67.375, 7.397304372920088e-21, nan 
-33.875, 67.375, 1.0172293324176918e-20, nan 
-33.625, 67.375, 9.68208656271987e-21, nan 
-33.375, 67.375, 5.9957091137302625e-21, nan 
-33.125, 67.375, 2.5514294255251343e-21, nan 
-32.875, 67.375, 3.1320149294343712e-21, nan 
-32.625, 67.375, 2.1900775395404367e-21, nan 
-32.375, 67.375, 2.1369367154645042e-21, nan 
-32.125, 67.375, 1.8735663986537197e-21, nan 
-31.875, 67.375, 2.2635642319805595e-21, nan 
-31.625, 67.375, 2.4921145012612793e-21, nan 
-31.375, 67.375, 3.187823160593316e-21, nan 
-31.125, 67.375, 3.621812886145196e-21, nan 
-30.875, 67.375, 3.824371166942509e-21, nan 
-30.625, 67.375, 5.8415642659411394e-21, nan 
-30.375, 67.375, 7.969283372101322e-21, nan 
-30.125, 67.375, 7.925569011208611e-21, nan 
-29.875, 67.375, 5.830726459506534e-21, nan 
-29.625, 67.375, 1.3261373655028716e-20, nan 
-29.375, 67.375, 1.3350157243144943e-20, nan 
-29.125, 67.375, 7.069028032919209e-21, nan 
-28.875, 67.375, 1.0651479495685536e-20, nan 
-28.625, 67.375, 1.1817006835106737e-20, nan 
-28.375, 67.375, 6.1481125944472286e-21, nan 
-28.125, 67.375, 2.4573864995901575e-21, nan 
-27.875, 67.375, 4.931661921442417e-21, nan 
-27.625, 67.375, 7.931553946267117e-21, nan 
-27.375, 67.375, 8.684850812689184e-21, nan 
-27.125, 67.375, 9.417067208447328e-21, nan 
-26.875, 67.375, 1.212118473872361e-20, nan 
-26.625, 67.375, 9.729528897128137e-21, nan 
-26.375, 67.375, 9.956738304448898e-21, nan 
-26.125, 67.375, 1.0971681348065796e-20, nan 
-25.875, 67.375, 8.88903697861655e-21, nan 
-25.625, 67.375, 6.211935509189325e-21, nan 
-25.375, 67.375, 5.8578065872565456e-21, nan 
-25.125, 67.375, 7.02992765428351e-21, nan 
-24.875, 67.375, 5.7512807919671594e-21, nan 
-24.625, 67.375, 5.4409011760261206e-21, nan 
-24.375, 67.375, 4.846072764656828e-21, nan 
-24.125, 67.375, 4.1365314192163165e-21, nan 
-23.875, 67.375, 3.3311421141821518e-21, nan 
-23.625, 67.375, 1.9119595428217848e-21, nan 
-23.375, 67.375, 2.0009430537528948e-21, nan 
-23.125, 67.375, 2.2994427594117282e-21, nan 
-22.875, 67.375, 1.7484785367201433e-21, nan 
-22.625, 67.375, 1.218001953984621e-21, nan 
-22.375, 67.375, 2.3073896731457523e-21, nan 
-22.125, 67.375, 3.0911743176023548e-21, nan 
-21.875, 67.375, 1.8103041991083042e-21, nan 
-21.625, 67.375, 1.238961998980987e-21, nan 
-21.375, 67.375, 2.082257689144083e-21, nan 
-21.125, 67.375, 1.4014825710910675e-21, nan 
-20.875, 67.375, 4.946395615169592e-22, nan 
-20.625, 67.375, 1.1609158931407895e-21, nan 
-20.375, 67.375, 1.0128092571743608e-21, nan 
-20.125, 67.375, 1.1098314898873535e-21, nan 
-19.875, 67.375, 1.3341988989341701e-21, nan 
-19.625, 67.375, 1.2810921690630406e-21, nan 
-19.375, 67.375, 1.670329869633037e-21, nan 
-19.125, 67.375, 1.0590221804353772e-21, nan 
-18.875, 67.375, 1.3499158869215338e-21, nan 
-18.625, 67.375, 1.4396014479138898e-21, nan 
-18.375, 67.375, 1.1620849380111349e-21, nan 
-18.125, 67.375, 1.1090901940109193e-21, nan 
-17.875, 67.375, 9.003005714714845e-22, nan 
-17.625, 67.375, 7.726437385100562e-22, nan 
-17.375, 67.375, 6.3189322298370725e-22, nan 
-17.125, 67.375, 7.1147525418783115e-22, nan 
-16.875, 67.375, 8.93167305957259e-22, nan 
-16.625, 67.375, 1.7352503920713477e-21, nan 
-16.375, 67.375, 1.784024934219314e-21, nan 
-16.125, 67.375, 1.880435156844669e-21, nan 
-15.875, 67.375, 1.5077127940206394e-21, nan 
-15.625, 67.375, 1.106732034325611e-21, nan 
-15.375, 67.375, 7.349763050124807e-22, nan 
-15.125, 67.375, 4.460738535755737e-22, nan 
-14.875, 67.375, 4.907310227729238e-22, nan 
-14.625, 67.375, 3.8250950248308956e-22, nan 
-14.375, 67.375, 5.9294447311000875e-22, nan 
-14.125, 67.375, 3.1723741767538124e-22, nan 
-13.875, 67.375, 5.450960665498647e-22, nan 
-13.625, 67.375, 8.43982464554467e-22, nan 
-13.375, 67.375, 9.78065452648776e-22, nan 
-13.125, 67.375, 5.61700728294134e-22, nan 
-12.875, 67.375, 3.2877148941773034e-22, nan 
-12.625, 67.375, 4.401161545494787e-22, nan 
-12.375, 67.375, 4.403807948355443e-22, nan 
-12.125, 67.375, 3.6848186264390575e-22, nan 
-11.875, 67.375, 3.407189071373306e-22, nan 
-11.625, 67.375, 3.209990957667757e-22, nan 
-11.375, 67.375, 4.672672847218112e-22, nan 
-11.125, 67.375, 4.43271601438264e-22, nan 
-10.875, 67.375, 6.360163386264782e-22, nan 
-10.625, 67.375, 5.299483570581959e-22, nan 
-10.375, 67.375, 3.8460710624174332e-22, nan 
-10.125, 67.375, 4.400562950370376e-22, nan 
-9.875, 67.375, 4.81632760952253e-22, nan 
-9.625, 67.375, 3.9398227538989756e-22, nan 
-9.375, 67.375, 3.3982997305856914e-22, nan 
-9.125, 67.375, 2.601954107725434e-22, nan 
-8.875, 67.375, 2.4221579126670928e-22, nan 
-8.625, 67.375, 2.6352727264043123e-22, nan 
-8.375, 67.375, 1.8859369118281156e-22, nan 
-8.125, 67.375, 3.711109545439578e-22, nan 
-7.875, 67.375, 3.264341597921545e-22, nan 
-7.625, 67.375, 3.1857913413213222e-22, nan 
-7.375, 67.375, 4.364583284120083e-22, nan 
-7.125, 67.375, 4.1382521788529445e-22, nan 
-6.875, 67.375, 3.080307247197725e-22, nan 
-6.625, 67.375, 3.3570336477873396e-22, nan 
-6.375, 67.375, 3.970158187131502e-22, nan 
-6.125, 67.375, 2.50610188731769e-22, nan 
-5.875, 67.375, 1.1413066417302236e-22, nan 
-5.625, 67.375, 2.381568991559858e-22, nan 
-5.375, 67.375, 2.2967515968205633e-22, nan 
-5.125, 67.375, 1.1202230044092641e-22, nan 
-4.875, 67.375, 1.18576896597298e-22, nan 
-4.625, 67.375, 1.9872218856396772e-22, nan 
-4.375, 67.375, 8.17510943473152e-23, nan 
-4.125, 67.375, 5.967326806077112e-23, nan 
-3.875, 67.375, 1.4070852903001026e-22, nan 
-3.625, 67.375, 6.828443293728343e-23, nan 
-3.375, 67.375, 5.839485839226016e-23, nan 
-3.125, 67.375, 1.2429398326949943e-22, nan 
-2.875, 67.375, 6.138662487629506e-23, nan 
-2.625, 67.375, 5.452371474718963e-23, nan 
-2.375, 67.375, 8.698937257176126e-23, nan 
-2.125, 67.375, 2.6416736599706713e-23, nan 
-1.875, 67.375, 4.950423872489856e-23, nan 
-1.625, 67.375, 7.406498514611785e-23, nan 
-1.375, 67.375, 2.9089320435365363e-23, nan 
-1.125, 67.375, 3.351391862256922e-23, nan 
-0.875, 67.375, 8.278530613058162e-23, nan 
-0.625, 67.375, 8.242428623659356e-23, nan 
-0.375, 67.375, 5.871189593978232e-23, nan 
-0.125, 67.375, 5.644871680545008e-23, nan 
0.125, 67.375, 7.450625207270794e-23, nan 
0.375, 67.375, 6.120684081383689e-23, nan 
0.625, 67.375, 4.41786683897409e-23, nan 
0.875, 67.375, 2.9493553531589657e-23, nan 
1.125, 67.375, 4.5372522937132036e-23, nan 
1.375, 67.375, 4.7317548094782325e-23, nan 
1.625, 67.375, 4.6608374529883277e-23, nan 
1.875, 67.375, 9.036936482699066e-23, nan 
-85.875, 67.625, 3.110085311395774e-22, nan 
-85.625, 67.625, 3.119782352462069e-22, nan 
-85.375, 67.625, 4.4203347806458875e-22, nan 
-85.125, 67.625, 5.205001346843861e-22, nan 
-84.875, 67.625, 9.278619361180493e-22, nan 
-84.625, 67.625, 1.028170152942621e-21, nan 
-84.375, 67.625, 9.37005371887732e-22, nan 
-84.125, 67.625, 8.755562216302526e-22, nan 
-83.875, 67.625, 1.057727507078606e-21, nan 
-83.625, 67.625, 9.749783353146905e-22, nan 
-83.375, 67.625, 8.16079271718095e-22, nan 
-83.125, 67.625, 8.851344646729165e-22, nan 
-82.875, 67.625, 1.0797070139968306e-21, nan 
-82.625, 67.625, 1.0409732369585037e-21, nan 
-82.375, 67.625, 8.081761705807369e-22, nan 
-82.125, 67.625, 9.796524740743916e-22, nan 
-81.875, 67.625, 9.456649841997037e-22, nan 
-81.625, 67.625, 9.206483517753747e-22, nan 
-81.375, 67.625, 1.0085846901179828e-21, nan 
-81.125, 67.625, 8.275951256082028e-22, nan 
-80.875, 67.625, 5.016095871781036e-22, nan 
-80.625, 67.625, 4.899311230868869e-22, nan 
-80.375, 67.625, 5.064824093061256e-22, nan 
-80.125, 67.625, 5.638891144677779e-22, nan 
-79.875, 67.625, 6.53790357080219e-22, nan 
-79.625, 67.625, 5.963037389381107e-22, nan 
-79.375, 67.625, 5.844368159741586e-22, nan 
-79.125, 67.625, 6.168244247914298e-22, nan 
-78.875, 67.625, 7.035013981654538e-22, nan 
-78.625, 67.625, 7.457440596254864e-22, nan 
-78.375, 67.625, 6.96715449055175e-22, nan 
-78.125, 67.625, 6.786815489616845e-22, nan 
-77.875, 67.625, 5.970373581597898e-22, nan 
-77.625, 67.625, 4.853971293077487e-22, nan 
-77.375, 67.625, 4.963387820158332e-22, nan 
-77.125, 67.625, 5.499705555824701e-22, nan 
-76.875, 67.625, 5.959795462710646e-22, nan 
-76.625, 67.625, 6.950671980052343e-22, nan 
-76.375, 67.625, 6.10201629971461e-22, nan 
-76.125, 67.625, 4.69486303720144e-22, nan 
-75.875, 67.625, 4.2216688616791326e-22, nan 
-75.625, 67.625, 6.2103408075424045e-22, nan 
-75.375, 67.625, 5.3463275329995675e-22, nan 
-75.125, 67.625, 3.329342101864236e-22, nan 
-74.875, 67.625, 5.328400347775936e-22, nan 
-74.625, 67.625, 8.300035725937985e-22, nan 
-74.375, 67.625, 6.8645696162254e-22, nan 
-74.125, 67.625, 4.9519593097139985e-22, nan 
-73.875, 67.625, 5.933362871365686e-22, nan 
-73.625, 67.625, 5.511547094715441e-22, nan 
-73.375, 67.625, 4.288421422220517e-22, nan 
-73.125, 67.625, 3.8675641738433123e-22, nan 
-72.875, 67.625, 2.629009898671252e-22, nan 
-72.625, 67.625, 3.305477570820357e-22, nan 
-72.375, 67.625, 4.143409717477039e-22, nan 
-72.125, 67.625, 5.154702156670984e-22, nan 
-71.875, 67.625, 4.457408265199092e-22, nan 
-71.625, 67.625, 4.54890409862423e-22, nan 
-71.375, 67.625, 5.24596590190454e-22, nan 
-71.125, 67.625, 5.287448858970213e-22, nan 
-70.875, 67.625, 4.864453601776726e-22, nan 
-70.625, 67.625, 3.516908824608681e-22, nan 
-70.375, 67.625, 2.984930323882438e-22, nan 
-70.125, 67.625, 4.022851284046672e-22, nan 
-69.875, 67.625, 4.431303714120454e-22, nan 
-69.625, 67.625, 3.7587137439770084e-22, nan 
-69.375, 67.625, 3.284100818046705e-22, nan 
-69.125, 67.625, 3.7397293246057646e-22, nan 
-68.875, 67.625, 4.79249234249587e-22, nan 
-68.625, 67.625, 4.06392803173445e-22, nan 
-68.375, 67.625, 3.7594697537575867e-22, nan 
-68.125, 67.625, 3.626813614824947e-22, nan 
-67.875, 67.625, 3.412095446317865e-22, nan 
-67.625, 67.625, 3.117415426133465e-22, nan 
-67.375, 67.625, 1.880816719530071e-22, nan 
-67.125, 67.625, 3.1253599428949643e-22, nan 
-66.875, 67.625, 4.0128634750042155e-22, nan 
-66.625, 67.625, 3.9250390565884755e-22, nan 
-66.375, 67.625, 4.211554502733949e-22, nan 
-66.125, 67.625, 3.825119094169119e-22, nan 
-65.875, 67.625, 3.838766229998374e-22, nan 
-65.625, 67.625, 2.8804273313191476e-22, nan 
-65.375, 67.625, 1.9422737711782028e-22, nan 
-65.125, 67.625, 1.7486264688144135e-22, nan 
-64.875, 67.625, 2.3548894822553776e-22, nan 
-64.625, 67.625, 1.6913576087131597e-22, nan 
-64.375, 67.625, 2.0195688929940638e-22, nan 
-64.125, 67.625, 1.7099198397411195e-22, nan 
-63.875, 67.625, 1.9471621170023234e-22, nan 
-63.625, 67.625, 1.5707592792904048e-22, nan 
-63.375, 67.625, 1.218445301524564e-22, nan 
-63.125, 67.625, 1.655172626789295e-22, nan 
-62.875, 67.625, 2.2661408550328743e-22, nan 
-62.625, 67.625, 2.0375667782988846e-22, nan 
-62.375, 67.625, 2.368281920598491e-22, nan 
-62.125, 67.625, 2.392855687921044e-22, nan 
-61.875, 67.625, 2.3269883943886954e-22, nan 
-61.625, 67.625, 2.0690344379625158e-22, nan 
-61.375, 67.625, 1.749599852328037e-22, nan 
-61.125, 67.625, 1.6801022971780758e-22, nan 
-60.875, 67.625, 8.416031709725717e-23, nan 
-60.625, 67.625, 1.366031047877628e-22, nan 
-60.375, 67.625, 2.3240462011020746e-22, nan 
-60.125, 67.625, 2.169500019003494e-22, nan 
-59.875, 67.625, 2.647777819944234e-22, nan 
-59.625, 67.625, 3.364592273541911e-22, nan 
-59.375, 67.625, 2.4244427535428902e-22, nan 
-59.125, 67.625, 2.1090770614841928e-22, nan 
-58.875, 67.625, 1.3143495668258375e-22, nan 
-58.625, 67.625, 1.163538399822247e-22, nan 
-58.375, 67.625, 7.081334937667553e-23, nan 
-58.125, 67.625, 8.785715248736094e-23, nan 
-57.875, 67.625, 1.0642355063796286e-22, nan 
-57.625, 67.625, 8.244415420098154e-23, nan 
-57.375, 67.625, 1.870244221464505e-22, nan 
-57.125, 67.625, 2.690158143533948e-22, nan 
-56.875, 67.625, 2.330111726669648e-22, nan 
-56.625, 67.625, 2.0199563277690633e-22, nan 
-56.375, 67.625, 1.7755440416813169e-22, nan 
-56.125, 67.625, 1.8403943485632293e-22, nan 
-55.875, 67.625, 2.209322988718125e-22, nan 
-55.625, 67.625, 2.663982178279938e-22, nan 
-55.375, 67.625, 3.1055977630216516e-22, nan 
-55.125, 67.625, 3.3644675561279033e-22, nan 
-54.875, 67.625, 1.8959044686311076e-22, nan 
-54.625, 67.625, 2.202822041251084e-22, nan 
-54.375, 67.625, 2.865636638720953e-22, nan 
-54.125, 67.625, 2.9789866500577624e-22, nan 
-53.875, 67.625, 4.580759625309428e-22, nan 
-53.625, 67.625, 4.042117206346273e-22, nan 
-53.375, 67.625, 4.5029920708175265e-22, nan 
-53.125, 67.625, 6.73366669637488e-22, nan 
-52.875, 67.625, 3.943531393900557e-22, nan 
-52.625, 67.625, 3.0739735174208954e-22, nan 
-52.375, 67.625, 3.4351976601568977e-22, nan 
-52.125, 67.625, 2.2982728335897643e-22, nan 
-51.875, 67.625, 2.1111790532943176e-22, nan 
-51.625, 67.625, 2.0161638266617593e-22, nan 
-51.375, 67.625, 9.586776769973027e-23, nan 
-51.125, 67.625, 6.849269578337283e-23, nan 
-50.875, 67.625, 1.8620636491325455e-22, nan 
-50.625, 67.625, 1.115515898636627e-22, nan 
-50.375, 67.625, 1.2835245086274576e-22, nan 
-50.125, 67.625, 8.366158461455378e-23, nan 
-49.875, 67.625, 1.207824603427679e-22, nan 
-49.625, 67.625, 1.9486637288359825e-22, nan 
-49.375, 67.625, 2.3298768460283883e-22, nan 
-49.125, 67.625, 1.959332521051886e-22, nan 
-48.875, 67.625, 2.878780715517938e-22, nan 
-48.625, 67.625, 2.5461249734882487e-22, nan 
-48.375, 67.625, 1.6678766704536178e-22, nan 
-48.125, 67.625, 1.6000002881453578e-22, nan 
-47.875, 67.625, 8.20330781235104e-23, nan 
-47.625, 67.625, 9.783301936266312e-23, nan 
-47.375, 67.625, 2.4839217868551303e-22, nan 
-47.125, 67.625, 3.951411424403636e-22, nan 
-46.875, 67.625, 4.005141790397665e-22, nan 
-46.625, 67.625, 5.5222049914146895e-22, nan 
-46.375, 67.625, 6.043459639518356e-22, nan 
-46.125, 67.625, 4.298411440307952e-22, nan 
-45.875, 67.625, 6.450947721500476e-22, nan 
-45.625, 67.625, 5.540502392434315e-22, nan 
-45.375, 67.625, 1.637814602307898e-22, nan 
-45.125, 67.625, 2.1304150442244534e-22, nan 
-44.875, 67.625, 5.974889975552125e-22, nan 
-44.625, 67.625, 5.547236529382801e-22, nan 
-44.375, 67.625, 4.559150161404322e-22, nan 
-44.125, 67.625, 5.08754312570656e-22, nan 
-43.875, 67.625, 4.916474657138085e-22, nan 
-43.625, 67.625, 4.102005733432482e-22, nan 
-43.375, 67.625, 2.50288606636103e-22, nan 
-43.125, 67.625, 2.5529429768367894e-22, nan 
-42.875, 67.625, 2.823165180924943e-22, nan 
-42.625, 67.625, 4.581626739139596e-22, nan 
-42.375, 67.625, 4.1812002641789183e-22, nan 
-42.125, 67.625, 5.914275502445007e-22, nan 
-41.875, 67.625, 9.026996393344941e-22, nan 
-41.625, 67.625, 5.977860870366273e-22, nan 
-41.375, 67.625, 7.493056791063067e-22, nan 
-41.125, 67.625, 1.7910497172767078e-21, nan 
-40.875, 67.625, 1.824665748753465e-21, nan 
-40.625, 67.625, 1.6587730557951956e-21, nan 
-40.375, 67.625, 2.224433664501797e-21, nan 
-40.125, 67.625, 2.091595143950231e-21, nan 
-39.875, 67.625, 1.6260255677399013e-21, nan 
-39.625, 67.625, 9.058450136515214e-22, nan 
-39.375, 67.625, 1.1141856322677512e-21, nan 
-39.125, 67.625, 9.929676196824125e-22, nan 
-38.875, 67.625, 7.49642831981267e-22, nan 
-38.625, 67.625, 6.797060472235009e-22, nan 
-38.375, 67.625, 6.6611333601879625e-22, nan 
-38.125, 67.625, 4.691370427445571e-22, nan 
-37.875, 67.625, 2.1790723059273456e-22, nan 
-37.625, 67.625, 3.0539171451096893e-22, nan 
-37.375, 67.625, 4.545077606013172e-22, nan 
-37.125, 67.625, 1.167477473546756e-21, nan 
-36.875, 67.625, 1.2581539541998263e-21, nan 
-36.625, 67.625, 7.80503785628965e-22, nan 
-36.375, 67.625, 1.5219359332623656e-21, nan 
-36.125, 67.625, 2.4956330680602615e-21, nan 
-35.875, 67.625, 2.7244320051132e-21, nan 
-35.625, 67.625, 2.779205007230591e-21, nan 
-35.375, 67.625, 1.6472437673332822e-21, nan 
-35.125, 67.625, 5.8575621574200335e-21, nan 
-34.875, 67.625, 9.931364266118959e-21, nan 
-34.625, 67.625, 1.0096820459586725e-20, nan 
-34.375, 67.625, 1.2467241161101247e-20, nan 
-34.125, 67.625, 1.3018112052691335e-20, nan 
-33.875, 67.625, 1.2727360081155118e-20, nan 
-33.625, 67.625, 1.1562175406064225e-20, nan 
-33.375, 67.625, 3.959535901576396e-21, nan 
-33.125, 67.625, 5.304717025205037e-21, nan 
-32.875, 67.625, 8.12671336634616e-21, nan 
-32.625, 67.625, 9.328352608904586e-21, nan 
-32.375, 67.625, 3.0645660211860475e-21, nan 
-32.125, 67.625, 3.092843850478533e-21, nan 
-31.875, 67.625, 4.3134715629817725e-21, nan 
-31.625, 67.625, 3.3646522062828665e-21, nan 
-31.375, 67.625, 4.6489374878721774e-21, nan 
-31.125, 67.625, 4.1840405219990986e-21, nan 
-30.875, 67.625, 9.232982115249328e-21, nan 
-30.625, 67.625, 9.170851138898403e-21, nan 
-30.375, 67.625, 8.003816231644907e-21, nan 
-30.125, 67.625, 1.071269886703526e-20, nan 
-29.875, 67.625, 1.0419972761130725e-20, nan 
-29.625, 67.625, 1.077520191666489e-20, nan 
-29.375, 67.625, 8.830576570637094e-21, nan 
-29.125, 67.625, 7.223873231836151e-21, nan 
-28.875, 67.625, 8.21216060991165e-21, nan 
-28.625, 67.625, 8.19971893717458e-21, nan 
-28.375, 67.625, 4.695369478923768e-21, nan 
-28.125, 67.625, 3.501968598562173e-21, nan 
-27.875, 67.625, 5.6167058248760834e-21, nan 
-27.625, 67.625, 1.0434537738873346e-20, nan 
-27.375, 67.625, 8.539431410638733e-21, nan 
-27.125, 67.625, 9.940736901841528e-21, nan 
-26.875, 67.625, 1.3651236616088393e-20, nan 
-26.625, 67.625, 1.2864580056203474e-20, nan 
-26.375, 67.625, 8.7648598835736e-21, nan 
-26.125, 67.625, 1.0336584938234632e-20, nan 
-25.875, 67.625, 1.6025034935335703e-20, nan 
-25.625, 67.625, 7.528250397472449e-21, nan 
-25.375, 67.625, 5.803920500194661e-21, nan 
-25.125, 67.625, 8.04738334861666e-21, nan 
-24.875, 67.625, 5.038952146895614e-21, nan 
-24.625, 67.625, 3.540569581639472e-21, nan 
-24.375, 67.625, 2.7165316858960333e-21, nan 
-24.125, 67.625, 2.585463146891601e-21, nan 
-23.875, 67.625, 2.5521276460828178e-21, nan 
-23.625, 67.625, 1.9168151670051377e-21, nan 
-23.375, 67.625, 1.6659488567044084e-21, nan 
-23.125, 67.625, 1.6317539261108407e-21, nan 
-22.875, 67.625, 8.824198497326667e-22, nan 
-22.625, 67.625, 8.511874036486976e-22, nan 
-22.375, 67.625, 1.455657294689024e-21, nan 
-22.125, 67.625, 2.1024429954342397e-21, nan 
-21.875, 67.625, 1.1837908059411966e-21, nan 
-21.625, 67.625, 4.358300191355974e-22, nan 
-21.375, 67.625, 1.947436439065584e-21, nan 
-21.125, 67.625, 1.1171912921489897e-21, nan 
-20.875, 67.625, 3.0667742387084064e-22, nan 
-20.625, 67.625, 1.4784359922586617e-21, nan 
-20.375, 67.625, 8.78579454088301e-22, nan 
-20.125, 67.625, 6.165283321443779e-22, nan 
-19.875, 67.625, 5.194847706445348e-22, nan 
-19.625, 67.625, 1.2624480111693551e-21, nan 
-19.375, 67.625, 1.9123626746356536e-21, nan 
-19.125, 67.625, 1.2137348545766157e-21, nan 
-18.875, 67.625, 1.3926578740440768e-21, nan 
-18.625, 67.625, 1.876663764186254e-21, nan 
-18.375, 67.625, 1.176057149916555e-21, nan 
-18.125, 67.625, 6.770270737431203e-22, nan 
-17.875, 67.625, 4.455604595739249e-22, nan 
-17.625, 67.625, 5.819964109181607e-22, nan 
-17.375, 67.625, 5.313317252156171e-22, nan 
-17.125, 67.625, 1.1660939183393547e-21, nan 
-16.875, 67.625, 1.6295245797563948e-21, nan 
-16.625, 67.625, 1.0452086919230163e-21, nan 
-16.375, 67.625, 9.695070349799097e-22, nan 
-16.125, 67.625, 8.027010720679721e-22, nan 
-15.875, 67.625, 7.66535770375007e-22, nan 
-15.625, 67.625, 6.85216402784587e-22, nan 
-15.375, 67.625, 6.415361876193429e-22, nan 
-15.125, 67.625, 4.510651350320614e-22, nan 
-14.875, 67.625, 7.350799189436463e-22, nan 
-14.625, 67.625, 6.903990359794902e-22, nan 
-14.375, 67.625, 4.7372159033564895e-22, nan 
-14.125, 67.625, 6.575617364127808e-22, nan 
-13.875, 67.625, 7.002467263310748e-22, nan 
-13.625, 67.625, 8.270060471264354e-22, nan 
-13.375, 67.625, 5.9698605010956655e-22, nan 
-13.125, 67.625, 5.060818420131685e-22, nan 
-12.875, 67.625, 5.644079332711742e-22, nan 
-12.625, 67.625, 4.868055286095413e-22, nan 
-12.375, 67.625, 4.761419394766493e-22, nan 
-12.125, 67.625, 3.5811080581693207e-22, nan 
-11.875, 67.625, 3.652005907652149e-22, nan 
-11.625, 67.625, 4.331131459925391e-22, nan 
-11.375, 67.625, 2.4246359099118402e-22, nan 
-11.125, 67.625, 2.8125020709906923e-22, nan 
-10.875, 67.625, 3.998258714693969e-22, nan 
-10.625, 67.625, 3.8351108784412583e-22, nan 
-10.375, 67.625, 2.6460665091430635e-22, nan 
-10.125, 67.625, 3.8005399890644105e-22, nan 
-9.875, 67.625, 4.240841565795044e-22, nan 
-9.625, 67.625, 4.335756225111344e-22, nan 
-9.375, 67.625, 1.5877731962370292e-22, nan 
-9.125, 67.625, 2.1853256842705567e-22, nan 
-8.875, 67.625, 2.938122389461913e-22, nan 
-8.625, 67.625, 1.952253435192092e-22, nan 
-8.375, 67.625, 3.0058425703073475e-22, nan 
-8.125, 67.625, 2.9283540049272884e-22, nan 
-7.875, 67.625, 2.807943098165532e-22, nan 
-7.625, 67.625, 3.1444044979555267e-22, nan 
-7.375, 67.625, 3.5860855905874537e-22, nan 
-7.125, 67.625, 2.882492193616026e-22, nan 
-6.875, 67.625, 2.275648985763436e-22, nan 
-6.625, 67.625, 2.526626324004251e-22, nan 
-6.375, 67.625, 2.8175014335598558e-22, nan 
-6.125, 67.625, 1.6944826975854417e-22, nan 
-5.875, 67.625, 1.4240994673093745e-22, nan 
-5.625, 67.625, 1.7502012450822072e-22, nan 
-5.375, 67.625, 1.2528448392881852e-22, nan 
-5.125, 67.625, 8.441485437543628e-23, nan 
-4.875, 67.625, 1.0877331147249696e-22, nan 
-4.625, 67.625, 1.1677285191806157e-22, nan 
-4.375, 67.625, 6.750161951592853e-23, nan 
-4.125, 67.625, 8.096322728439752e-23, nan 
-3.875, 67.625, 1.2137076915616358e-22, nan 
-3.625, 67.625, 8.208836244243062e-23, nan 
-3.375, 67.625, 8.31216877709744e-23, nan 
-3.125, 67.625, 8.364620449883524e-23, nan 
-2.875, 67.625, 7.915760688527788e-23, nan 
-2.625, 67.625, 1.0810206116067456e-22, nan 
-2.375, 67.625, 6.009898334880135e-23, nan 
-2.125, 67.625, 3.3938509114139566e-23, nan 
-1.875, 67.625, 8.172721743388602e-23, nan 
-1.625, 67.625, 4.405082540394298e-23, nan 
-1.375, 67.625, 4.038755378481683e-23, nan 
-1.125, 67.625, 2.489263629705873e-23, nan 
-0.875, 67.625, 3.5053327614073497e-23, nan 
-0.625, 67.625, 4.9585256887829326e-23, nan 
-0.375, 67.625, 3.683887563437638e-23, nan 
-0.125, 67.625, 7.530354339618848e-23, nan 
0.125, 67.625, 6.254603036547329e-23, nan 
0.375, 67.625, 7.187385455248206e-23, nan 
0.625, 67.625, 6.276449851981835e-23, nan 
0.875, 67.625, 3.97272492975099e-23, nan 
1.125, 67.625, 4.287495642418499e-23, nan 
1.375, 67.625, 2.962555755608142e-23, nan 
1.625, 67.625, 6.192431009749264e-23, nan 
1.875, 67.625, 8.303703929511525e-23, nan 
2.125, 67.625, 7.288036762228824e-23, nan 
2.375, 67.625, 5.819810992230567e-23, nan 
2.625, 67.625, 6.296297575651332e-23, nan 
-86.125, 67.875, 9.155819827626582e-22, nan 
-85.875, 67.875, 9.859791913920262e-22, nan 
-85.625, 67.875, 1.2878982964024175e-21, nan 
-85.375, 67.875, 1.151043471617638e-21, nan 
-85.125, 67.875, 1.061866972665848e-21, nan 
-84.875, 67.875, 1.211107249288665e-21, nan 
-84.625, 67.875, 1.0831601871849497e-21, nan 
-84.375, 67.875, 7.994903822137819e-22, nan 
-84.125, 67.875, 6.377003555569273e-22, nan 
-83.875, 67.875, 6.793528260670447e-22, nan 
-83.625, 67.875, 9.439598812138783e-22, nan 
-83.375, 67.875, 8.988145572018636e-22, nan 
-83.125, 67.875, 1.0860806581503308e-21, nan 
-82.875, 67.875, 1.1905994541764203e-21, nan 
-82.625, 67.875, 9.725664408337705e-22, nan 
-82.375, 67.875, 7.553898198536994e-22, nan 
-82.125, 67.875, 4.893496345035551e-22, nan 
-81.875, 67.875, 5.790290474165103e-22, nan 
-81.625, 67.875, 6.13363482890345e-22, nan 
-81.375, 67.875, 6.597120626381896e-22, nan 
-81.125, 67.875, 6.311524318887177e-22, nan 
-80.875, 67.875, 6.4289316817170035e-22, nan 
-80.625, 67.875, 6.705648488747469e-22, nan 
-80.375, 67.875, 6.213892395253821e-22, nan 
-80.125, 67.875, 6.371851550456785e-22, nan 
-79.875, 67.875, 6.6615384054973515e-22, nan 
-79.625, 67.875, 5.982064492357484e-22, nan 
-79.375, 67.875, 6.611609558855509e-22, nan 
-79.125, 67.875, 7.293875659841316e-22, nan 
-78.875, 67.875, 5.750141445133224e-22, nan 
-78.625, 67.875, 6.778391031410007e-22, nan 
-78.375, 67.875, 6.767391349774658e-22, nan 
-78.125, 67.875, 6.328438636113044e-22, nan 
-77.875, 67.875, 4.1192069075176356e-22, nan 
-77.625, 67.875, 6.302421675544419e-22, nan 
-77.375, 67.875, 6.405254946635001e-22, nan 
-77.125, 67.875, 6.70694195454969e-22, nan 
-76.875, 67.875, 7.342245336707006e-22, nan 
-76.625, 67.875, 7.775201513244983e-22, nan 
-76.375, 67.875, 7.72810860802588e-22, nan 
-76.125, 67.875, 5.463720683957283e-22, nan 
-75.875, 67.875, 4.759941634446253e-22, nan 
-75.625, 67.875, 4.985015141441801e-22, nan 
-75.375, 67.875, 4.980971239861751e-22, nan 
-75.125, 67.875, 6.076547670578411e-22, nan 
-74.875, 67.875, 6.539771067688594e-22, nan 
-74.625, 67.875, 8.551104814522468e-22, nan 
-74.375, 67.875, 7.489122922388872e-22, nan 
-74.125, 67.875, 4.688641065570074e-22, nan 
-73.875, 67.875, 3.526943783972545e-22, nan 
-73.625, 67.875, 3.4570491582021857e-22, nan 
-73.375, 67.875, 4.8235170249581515e-22, nan 
-73.125, 67.875, 4.277486371753517e-22, nan 
-72.875, 67.875, 5.045653678754312e-22, nan 
-72.625, 67.875, 5.029732014804424e-22, nan 
-72.375, 67.875, 5.041028630473098e-22, nan 
-72.125, 67.875, 5.860298328978857e-22, nan 
-71.875, 67.875, 5.117450644851948e-22, nan 
-71.625, 67.875, 4.2049543661410633e-22, nan 
-71.375, 67.875, 3.1221094628318714e-22, nan 
-71.125, 67.875, 3.6261220450707615e-22, nan 
-70.875, 67.875, 3.841722093150068e-22, nan 
-70.625, 67.875, 3.7880648118834024e-22, nan 
-70.375, 67.875, 4.151746047954641e-22, nan 
-70.125, 67.875, 4.259287533582958e-22, nan 
-69.875, 67.875, 4.820331941017829e-22, nan 
-69.625, 67.875, 5.325246981177292e-22, nan 
-69.375, 67.875, 4.6056511050798175e-22, nan 
-69.125, 67.875, 4.942819334047725e-22, nan 
-68.875, 67.875, 5.358584061372469e-22, nan 
-68.625, 67.875, 3.985819163185449e-22, nan 
-68.375, 67.875, 3.8974093014247894e-22, nan 
-68.125, 67.875, 2.3416030864313743e-22, nan 
-67.875, 67.875, 3.1349064582537383e-22, nan 
-67.625, 67.875, 2.8204386684192817e-22, nan 
-67.375, 67.875, 2.684134955896844e-22, nan 
-67.125, 67.875, 4.09066552054062e-22, nan 
-66.875, 67.875, 3.768608354346704e-22, nan 
-66.625, 67.875, 3.537680472038371e-22, nan 
-66.375, 67.875, 3.8872710660157185e-22, nan 
-66.125, 67.875, 3.534140746799228e-22, nan 
-65.875, 67.875, 3.3399106227201803e-22, nan 
-65.625, 67.875, 3.615484136474961e-22, nan 
-65.375, 67.875, 2.7959408619452755e-22, nan 
-65.125, 67.875, 1.3277040456522356e-22, nan 
-64.875, 67.875, 3.054408340645788e-22, nan 
-64.625, 67.875, 2.3922230660404044e-22, nan 
-64.375, 67.875, 1.4920843820718064e-22, nan 
-64.125, 67.875, 2.1912807570531694e-22, nan 
-63.875, 67.875, 3.180212590788187e-22, nan 
-63.625, 67.875, 1.7016269241120807e-22, nan 
-63.375, 67.875, 1.6367564007408066e-22, nan 
-63.125, 67.875, 2.042105910457902e-22, nan 
-62.875, 67.875, 1.9034923629777753e-22, nan 
-62.625, 67.875, 1.925222287552828e-22, nan 
-62.375, 67.875, 2.27704974410867e-22, nan 
-62.125, 67.875, 1.7957822671494454e-22, nan 
-61.875, 67.875, 1.3649184337714028e-22, nan 
-61.625, 67.875, 1.4224701412900494e-22, nan 
-61.375, 67.875, 1.9546541760953086e-22, nan 
-61.125, 67.875, 2.3204301842033254e-22, nan 
-60.875, 67.875, 1.1408798266717094e-22, nan 
-60.625, 67.875, 9.738978812983719e-23, nan 
-60.375, 67.875, 1.3479287005722928e-22, nan 
-60.125, 67.875, 1.0916529875644306e-22, nan 
-59.875, 67.875, 1.9876186676877976e-22, nan 
-59.625, 67.875, 3.4231996956078446e-22, nan 
-59.375, 67.875, 2.0920672124359795e-22, nan 
-59.125, 67.875, 2.680617853806108e-22, nan 
-58.875, 67.875, 2.379033757489401e-22, nan 
-58.625, 67.875, 1.7733616213194099e-22, nan 
-58.375, 67.875, 1.8672967597696157e-22, nan 
-58.125, 67.875, 1.8364502364624765e-22, nan 
-57.875, 67.875, 1.4558195455974118e-22, nan 
-57.625, 67.875, 1.0156980648892912e-22, nan 
-57.375, 67.875, 1.2183922248258026e-22, nan 
-57.125, 67.875, 1.3357501094394108e-22, nan 
-56.875, 67.875, 1.1533020110728448e-22, nan 
-56.625, 67.875, 1.292317019167798e-22, nan 
-56.375, 67.875, 1.0652430946582292e-22, nan 
-56.125, 67.875, 1.7730235860283035e-22, nan 
-55.875, 67.875, 2.506930600456874e-22, nan 
-55.625, 67.875, 1.6611568563233374e-22, nan 
-55.375, 67.875, 1.566320822114453e-22, nan 
-55.125, 67.875, 1.892309901778736e-22, nan 
-54.875, 67.875, 2.508483275953177e-22, nan 
-54.625, 67.875, 1.9755389256253192e-22, nan 
-54.375, 67.875, 1.912271120730575e-22, nan 
-54.125, 67.875, 2.147313129669493e-22, nan 
-53.875, 67.875, 2.700372334169134e-22, nan 
-53.625, 67.875, 3.2362635177689083e-22, nan 
-53.375, 67.875, 3.320207296282013e-22, nan 
-53.125, 67.875, 5.383954732254616e-22, nan 
-52.875, 67.875, 3.54299784744156e-22, nan 
-52.625, 67.875, 2.9780411387519566e-22, nan 
-52.375, 67.875, 1.7387749296702015e-22, nan 
-52.125, 67.875, 7.432203704197137e-23, nan 
-51.875, 67.875, 5.880350907849822e-23, nan 
-51.625, 67.875, 8.406445595358158e-23, nan 
-51.375, 67.875, 1.0081644292008983e-22, nan 
-51.125, 67.875, 1.169256704522549e-22, nan 
-50.875, 67.875, 1.805672235233622e-22, nan 
-50.625, 67.875, 2.1127858437428603e-22, nan 
-50.375, 67.875, 2.90812736566906e-22, nan 
-50.125, 67.875, 2.45171916072039e-22, nan 
-49.875, 67.875, 2.2815619322790657e-22, nan 
-49.625, 67.875, 3.6348594309816e-22, nan 
-49.375, 67.875, 3.4583990158625065e-22, nan 
-49.125, 67.875, 2.2752031701642257e-22, nan 
-48.875, 67.875, 4.4324837318982235e-22, nan 
-48.625, 67.875, 3.735221856861919e-22, nan 
-48.375, 67.875, 2.8054740561790094e-22, nan 
-48.125, 67.875, 3.24358682259678e-22, nan 
-47.875, 67.875, 3.6222420983741603e-22, nan 
-47.625, 67.875, 3.6709241370902577e-22, nan 
-47.375, 67.875, 2.768051835282411e-22, nan 
-47.125, 67.875, 5.052050137850217e-22, nan 
-46.875, 67.875, 4.553268014943704e-22, nan 
-46.625, 67.875, 5.6329752345855965e-22, nan 
-46.375, 67.875, 5.643448585456656e-22, nan 
-46.125, 67.875, 3.552648062780885e-22, nan 
-45.875, 67.875, 6.856441118296544e-22, nan 
-45.625, 67.875, 5.183866639842603e-22, nan 
-45.375, 67.875, 4.318256558012332e-22, nan 
-45.125, 67.875, 4.804283313590626e-22, nan 
-44.875, 67.875, 6.341597344091028e-22, nan 
-44.625, 67.875, 7.879838592961134e-22, nan 
-44.375, 67.875, 7.409395425248064e-22, nan 
-44.125, 67.875, 5.519880932119504e-22, nan 
-43.875, 67.875, 5.844218613873763e-22, nan 
-43.625, 67.875, 4.2884298200588565e-22, nan 
-43.375, 67.875, 2.0815598742532308e-22, nan 
-43.125, 67.875, 1.822101496031332e-22, nan 
-42.875, 67.875, 4.837402643799621e-22, nan 
-42.625, 67.875, 7.779015191337228e-22, nan 
-42.375, 67.875, 7.933720225435605e-22, nan 
-42.125, 67.875, 7.072095992452747e-22, nan 
-41.875, 67.875, 1.1588102420031414e-21, nan 
-41.625, 67.875, 1.4941906848489305e-21, nan 
-41.375, 67.875, 1.3961456498626826e-21, nan 
-41.125, 67.875, 1.9895775112127198e-21, nan 
-40.875, 67.875, 2.3553662653089406e-21, nan 
-40.625, 67.875, 2.003882779300864e-21, nan 
-40.375, 67.875, 1.7454101431022726e-21, nan 
-40.125, 67.875, 1.3493196354669284e-21, nan 
-39.875, 67.875, 1.1330541235205771e-21, nan 
-39.625, 67.875, 5.82280082431467e-22, nan 
-39.375, 67.875, 9.054207008205324e-22, nan 
-39.125, 67.875, 8.68713638224182e-22, nan 
-38.875, 67.875, 7.842080337184289e-22, nan 
-38.625, 67.875, 9.448497079342041e-22, nan 
-38.375, 67.875, 1.0841335189923882e-21, nan 
-38.125, 67.875, 9.093302012012845e-22, nan 
-37.875, 67.875, 1.2024915047495022e-21, nan 
-37.625, 67.875, 1.008280451411747e-21, nan 
-37.375, 67.875, 1.2475082896253539e-21, nan 
-37.125, 67.875, 1.6339885628860831e-21, nan 
-36.875, 67.875, 2.7566268818887134e-21, nan 
-36.625, 67.875, 2.1814758683652735e-21, nan 
-36.375, 67.875, 2.258800494818897e-21, nan 
-36.125, 67.875, 4.221584887390554e-21, nan 
-35.875, 67.875, 2.733192392311032e-21, nan 
-35.625, 67.875, 2.1751901382617158e-21, nan 
-35.375, 67.875, 1.5127093749165617e-21, nan 
-35.125, 67.875, 8.605587217858158e-21, nan 
-34.875, 67.875, 1.152934042983047e-20, nan 
-34.625, 67.875, 1.5146648750164498e-20, nan 
-34.375, 67.875, 1.1062578065031394e-20, nan 
-34.125, 67.875, 1.0094009610683096e-20, nan 
-33.875, 67.875, 1.7509352652202552e-20, nan 
-33.625, 67.875, 1.2165268857079971e-20, nan 
-33.375, 67.875, 1.1531634373628405e-20, nan 
-33.125, 67.875, 1.470279160193979e-20, nan 
-32.875, 67.875, 1.8890728088572122e-20, nan 
-32.625, 67.875, 2.268200923106105e-20, nan 
-32.375, 67.875, 7.65370908117548e-21, nan 
-32.125, 67.875, 7.070183243774685e-21, nan 
-31.875, 67.875, 6.83051110143875e-21, nan 
-31.625, 67.875, 6.355298851442346e-21, nan 
-31.375, 67.875, 6.89969616148475e-21, nan 
-31.125, 67.875, 7.286609708746989e-21, nan 
-30.875, 67.875, 1.0296152436246395e-20, nan 
-30.625, 67.875, 1.2596539189512555e-20, nan 
-30.375, 67.875, 1.2291980230251714e-20, nan 
-30.125, 67.875, 1.0090277148616176e-20, nan 
-29.875, 67.875, 1.549534515564442e-20, nan 
-29.625, 67.875, 1.429660877255847e-20, nan 
-29.375, 67.875, 9.570057448944113e-21, nan 
-29.125, 67.875, 1.0356226285021379e-20, nan 
-28.875, 67.875, 1.0568515695010524e-20, nan 
-28.625, 67.875, 7.238818857451423e-21, nan 
-28.375, 67.875, 4.951964751644792e-21, nan 
-28.125, 67.875, 6.4510804279425085e-21, nan 
-27.875, 67.875, 4.9708887417106826e-21, nan 
-27.625, 67.875, 6.990692769646082e-21, nan 
-27.375, 67.875, 9.226954825368324e-21, nan 
-27.125, 67.875, 1.1321262988991067e-20, nan 
-26.875, 67.875, 9.386370015267209e-21, nan 
-26.625, 67.875, 7.278343454913887e-21, nan 
-26.375, 67.875, 1.0237902986698216e-20, nan 
-26.125, 67.875, 7.789493131609586e-21, nan 
-25.875, 67.875, 7.314649301456426e-21, nan 
-25.625, 67.875, 5.936725018291276e-21, nan 
-25.375, 67.875, 4.560690476138201e-21, nan 
-25.125, 67.875, 2.4415334964147103e-21, nan 
-24.875, 67.875, 2.5044894305765807e-21, nan 
-24.625, 67.875, 3.367472635183201e-21, nan 
-24.375, 67.875, 2.4681247270838798e-21, nan 
-24.125, 67.875, 2.106336538282703e-21, nan 
-23.875, 67.875, 2.1880834854464377e-21, nan 
-23.625, 67.875, 1.290743052880483e-21, nan 
-23.375, 67.875, 8.675178091493773e-22, nan 
-23.125, 67.875, 9.706966321659755e-22, nan 
-22.875, 67.875, 9.610658004171276e-22, nan 
-22.625, 67.875, 7.353853888430449e-22, nan 
-22.375, 67.875, 8.113521379284933e-22, nan 
-22.125, 67.875, 1.6420791734380585e-21, nan 
-21.875, 67.875, 7.676850435752314e-22, nan 
-21.625, 67.875, 9.888542854265478e-22, nan 
-21.375, 67.875, 2.5764211628348477e-21, nan 
-21.125, 67.875, 1.2897360431621552e-21, nan 
-20.875, 67.875, 6.806855254675364e-22, nan 
-20.625, 67.875, 1.4311398089417097e-21, nan 
-20.375, 67.875, 8.205039138810738e-22, nan 
-20.125, 67.875, 7.257977708050398e-22, nan 
-19.875, 67.875, 5.960988050183429e-22, nan 
-19.625, 67.875, 1.1494893081117757e-21, nan 
-19.375, 67.875, 1.4578028543940879e-21, nan 
-19.125, 67.875, 1.4383304903746425e-21, nan 
-18.875, 67.875, 1.2767500349644238e-21, nan 
-18.625, 67.875, 1.5546303121002069e-21, nan 
-18.375, 67.875, 1.4338285725455005e-21, nan 
-18.125, 67.875, 9.346769119729637e-22, nan 
-17.875, 67.875, 8.763619629894303e-22, nan 
-17.625, 67.875, 1.5067872745516237e-21, nan 
-17.375, 67.875, 9.42176529878327e-22, nan 
-17.125, 67.875, 7.953746462961807e-22, nan 
-16.875, 67.875, 1.789347064337767e-21, nan 
-16.625, 67.875, 1.0636452745858894e-21, nan 
-16.375, 67.875, 3.0854809918684916e-22, nan 
-16.125, 67.875, 7.49956082738069e-22, nan 
-15.875, 67.875, 6.558272933057944e-22, nan 
-15.625, 67.875, 4.346696337541622e-22, nan 
-15.375, 67.875, 5.437065135156773e-22, nan 
-15.125, 67.875, 4.364123294523292e-22, nan 
-14.875, 67.875, 5.640581158626107e-22, nan 
-14.625, 67.875, 5.483205621609376e-22, nan 
-14.375, 67.875, 5.258435611583901e-22, nan 
-14.125, 67.875, 5.4129165235436855e-22, nan 
-13.875, 67.875, 6.571281218416551e-22, nan 
-13.625, 67.875, 5.0552007070169245e-22, nan 
-13.375, 67.875, 4.681110308728457e-22, nan 
-13.125, 67.875, 4.3664638347645625e-22, nan 
-12.875, 67.875, 5.175557800167492e-22, nan 
-12.625, 67.875, 5.392032276839433e-22, nan 
-12.375, 67.875, 3.7962080004620566e-22, nan 
-12.125, 67.875, 4.5093867601736625e-22, nan 
-11.875, 67.875, 5.040731554468468e-22, nan 
-11.625, 67.875, 3.124546576779249e-22, nan 
-11.375, 67.875, 2.7891011216074186e-22, nan 
-11.125, 67.875, 1.996389115538054e-22, nan 
-10.875, 67.875, 2.752688250620801e-22, nan 
-10.625, 67.875, 2.631232175931373e-22, nan 
-10.375, 67.875, 1.8287797330337018e-22, nan 
-10.125, 67.875, 2.545115535752993e-22, nan 
-9.875, 67.875, 2.329604577897257e-22, nan 
-9.625, 67.875, 1.9264777396052881e-22, nan 
-9.375, 67.875, 1.9585324186318672e-22, nan 
-9.125, 67.875, 2.4181435058588483e-22, nan 
-8.875, 67.875, 2.475346566826402e-22, nan 
-8.625, 67.875, 2.542338044607222e-22, nan 
-8.375, 67.875, 2.6650263644414444e-22, nan 
-8.125, 67.875, 2.562914991358098e-22, nan 
-7.875, 67.875, 2.6190615011530186e-22, nan 
-7.625, 67.875, 2.9543726395388403e-22, nan 
-7.375, 67.875, 2.815237205266364e-22, nan 
-7.125, 67.875, 1.6971763835606086e-22, nan 
-6.875, 67.875, 2.841107316857477e-22, nan 
-6.625, 67.875, 2.8049580487753054e-22, nan 
-6.375, 67.875, 1.803515844155956e-22, nan 
-6.125, 67.875, 1.068668007560555e-22, nan 
-5.875, 67.875, 1.1206625066643894e-22, nan 
-5.625, 67.875, 6.965572164614783e-23, nan 
-5.375, 67.875, 6.996408926808267e-23, nan 
-5.125, 67.875, 9.202463087922719e-23, nan 
-4.875, 67.875, 1.2159645594082962e-22, nan 
-4.625, 67.875, 1.2017884483070004e-22, nan 
-4.375, 67.875, 4.290088120512957e-23, nan 
-4.125, 67.875, 1.2911210726417617e-22, nan 
-3.875, 67.875, 1.9765901999705268e-22, nan 
-3.625, 67.875, 1.0113179525614108e-22, nan 
-3.375, 67.875, 8.89929345477992e-23, nan 
-3.125, 67.875, 1.3027622906022616e-22, nan 
-2.875, 67.875, 7.9776416277589e-23, nan 
-2.625, 67.875, 6.648548929241245e-23, nan 
-2.375, 67.875, 4.941280667964021e-23, nan 
-2.125, 67.875, 5.321357330284082e-23, nan 
-1.875, 67.875, 4.856894252859576e-23, nan 
-1.625, 67.875, 4.697945490855223e-23, nan 
-1.375, 67.875, 5.141204460392049e-23, nan 
-1.125, 67.875, 4.1833761914732336e-23, nan 
-0.875, 67.875, 8.015308845013598e-23, nan 
-0.625, 67.875, 8.028260739963034e-23, nan 
-0.375, 67.875, 8.947476315489606e-23, nan 
-0.125, 67.875, 8.738383050350868e-23, nan 
0.125, 67.875, 6.741237343777272e-23, nan 
0.375, 67.875, 8.457417785754957e-23, nan 
0.625, 67.875, 4.8452872609374804e-23, nan 
0.875, 67.875, 6.210244736733614e-23, nan 
1.125, 67.875, 5.140907024946613e-23, nan 
1.375, 67.875, 3.1937405804536026e-23, nan 
1.625, 67.875, 7.528107764662474e-23, nan 
1.875, 67.875, 6.77666280109427e-23, nan 
2.125, 67.875, 4.773168924590892e-23, nan 
2.375, 67.875, 3.339240579116501e-23, nan 
2.625, 67.875, 1.3234661532003276e-23, nan 
2.875, 67.875, 2.095058793038696e-23, nan 
3.125, 67.875, 2.9569735108426663e-23, nan 
-86.375, 68.125, 1.26859545710079e-21, nan 
-86.125, 68.125, 1.2323556861565097e-21, nan 
-85.875, 68.125, 1.2543056478448474e-21, nan 
-85.625, 68.125, 1.2450049829179385e-21, nan 
-85.375, 68.125, 1.0088465310254027e-21, nan 
-85.125, 68.125, 1.0693517504612746e-21, nan 
-84.875, 68.125, 5.393805688853754e-22, nan 
-84.625, 68.125, 3.700008305747639e-22, nan 
-84.375, 68.125, 1.1436673276005934e-21, nan 
-84.125, 68.125, 6.546473154963219e-22, nan 
-83.875, 68.125, 7.274418181282867e-22, nan 
-83.625, 68.125, 1.122827514710236e-21, nan 
-83.375, 68.125, 6.487985067076282e-22, nan 
-83.125, 68.125, 8.362840262057078e-22, nan 
-82.875, 68.125, 8.699105379718341e-22, nan 
-82.625, 68.125, 7.944090036542743e-22, nan 
-82.375, 68.125, 7.442263578740599e-22, nan 
-82.125, 68.125, 8.460231667482372e-22, nan 
-81.875, 68.125, 7.953049455285438e-22, nan 
-81.625, 68.125, 7.042096383929834e-22, nan 
-81.375, 68.125, 7.944897303990874e-22, nan 
-81.125, 68.125, 6.451346890388551e-22, nan 
-80.875, 68.125, 4.992328471846281e-22, nan 
-80.625, 68.125, 5.278673202539601e-22, nan 
-80.375, 68.125, 3.834414534368946e-22, nan 
-80.125, 68.125, 4.243285342362469e-22, nan 
-79.875, 68.125, 1.0785302723703586e-21, nan 
-79.625, 68.125, 6.438733339277894e-22, nan 
-79.375, 68.125, 7.335817977360267e-22, nan 
-79.125, 68.125, 9.86854556692441e-22, nan 
-78.875, 68.125, 7.581479637437343e-22, nan 
-78.625, 68.125, 5.721321624888731e-22, nan 
-78.375, 68.125, 5.365677826617367e-22, nan 
-78.125, 68.125, 5.1233196728046625e-22, nan 
-77.875, 68.125, 6.832747582850843e-22, nan 
-77.625, 68.125, 6.837696978616918e-22, nan 
-77.375, 68.125, 5.380178567342152e-22, nan 
-77.125, 68.125, 7.78974878798577e-22, nan 
-76.875, 68.125, 6.366090517160323e-22, nan 
-76.625, 68.125, 4.787161232633671e-22, nan 
-76.375, 68.125, 4.710092029370277e-22, nan 
-76.125, 68.125, 4.70385791340636e-22, nan 
-75.875, 68.125, 4.677008494364722e-22, nan 
-75.625, 68.125, 5.32228008081861e-22, nan 
-75.375, 68.125, 6.547827496877526e-22, nan 
-75.125, 68.125, 5.596839706119185e-22, nan 
-74.875, 68.125, 5.591907364791961e-22, nan 
-74.625, 68.125, 6.253024107055268e-22, nan 
-74.375, 68.125, 5.52161458789918e-22, nan 
-74.125, 68.125, 5.560572787411512e-22, nan 
-73.875, 68.125, 4.374204709608214e-22, nan 
-73.625, 68.125, 4.942457316239462e-22, nan 
-73.375, 68.125, 5.975520838200603e-22, nan 
-73.125, 68.125, 5.104472607595953e-22, nan 
-72.875, 68.125, 5.699409648866304e-22, nan 
-72.625, 68.125, 4.981836194295464e-22, nan 
-72.375, 68.125, 5.209872525890032e-22, nan 
-72.125, 68.125, 4.493314097186461e-22, nan 
-71.875, 68.125, 4.6963057229226325e-22, nan 
-71.625, 68.125, 3.649518344858467e-22, nan 
-71.375, 68.125, 3.862910688882244e-22, nan 
-71.125, 68.125, 4.537445708005194e-22, nan 
-70.875, 68.125, 4.27936087011401e-22, nan 
-70.625, 68.125, 3.8188845696781306e-22, nan 
-70.375, 68.125, 4.272014273857565e-22, nan 
-70.125, 68.125, 4.843985916051853e-22, nan 
-69.875, 68.125, 4.781757115825654e-22, nan 
-69.625, 68.125, 4.979323912408009e-22, nan 
-69.375, 68.125, 5.034343502733849e-22, nan 
-69.125, 68.125, 4.53124315794891e-22, nan 
-68.875, 68.125, 4.806753523156581e-22, nan 
-68.625, 68.125, 4.672359011310319e-22, nan 
-68.375, 68.125, 3.5510437135237064e-22, nan 
-68.125, 68.125, 3.400186632325679e-22, nan 
-67.875, 68.125, 3.5836820550031753e-22, nan 
-67.625, 68.125, 3.5169695044143907e-22, nan 
-67.375, 68.125, 3.299663222080527e-22, nan 
-67.125, 68.125, 3.001008218414937e-22, nan 
-66.875, 68.125, 2.9346085498557213e-22, nan 
-66.625, 68.125, 2.5682774116392295e-22, nan 
-66.375, 68.125, 2.361578236509984e-22, nan 
-66.125, 68.125, 3.257001833634494e-22, nan 
-65.875, 68.125, 4.06912329605823e-22, nan 
-65.625, 68.125, 4.317637167697321e-22, nan 
-65.375, 68.125, 4.209219900603877e-22, nan 
-65.125, 68.125, 2.9948557812847206e-22, nan 
-64.875, 68.125, 3.096919047616859e-22, nan 
-64.625, 68.125, 2.880768266697041e-22, nan 
-64.375, 68.125, 1.956430563567491e-22, nan 
-64.125, 68.125, 2.2397574364198376e-22, nan 
-63.875, 68.125, 1.9764052319676802e-22, nan 
-63.625, 68.125, 2.159948953504476e-22, nan 
-63.375, 68.125, 2.426761987709849e-22, nan 
-63.125, 68.125, 2.1462074800983626e-22, nan 
-62.875, 68.125, 2.4684058108410056e-22, nan 
-62.625, 68.125, 1.9835341447413328e-22, nan 
-62.375, 68.125, 2.391472247058844e-22, nan 
-62.125, 68.125, 2.537625128817951e-22, nan 
-61.875, 68.125, 2.061838535289569e-22, nan 
-61.625, 68.125, 2.09743951695555e-22, nan 
-61.375, 68.125, 2.8396872745015693e-22, nan 
-61.125, 68.125, 2.3976409733428066e-22, nan 
-60.875, 68.125, 1.162452765867788e-22, nan 
-60.625, 68.125, 7.713561010100328e-23, nan 
-60.375, 68.125, 8.937022453459815e-23, nan 
-60.125, 68.125, 1.3159514503181204e-22, nan 
-59.875, 68.125, 1.625503173901357e-22, nan 
-59.625, 68.125, 1.5606134951752791e-22, nan 
-59.375, 68.125, 1.6690363565702034e-22, nan 
-59.125, 68.125, 1.680173634678955e-22, nan 
-58.875, 68.125, 1.7351355822224185e-22, nan 
-58.625, 68.125, 1.7334670297688019e-22, nan 
-58.375, 68.125, 1.5364470864569281e-22, nan 
-58.125, 68.125, 1.7006569654952395e-22, nan 
-57.875, 68.125, 1.626597944031776e-22, nan 
-57.625, 68.125, 1.1794816319938852e-22, nan 
-57.375, 68.125, 1.5356599163186621e-22, nan 
-57.125, 68.125, 1.708716515403897e-22, nan 
-56.875, 68.125, 2.128323263749852e-22, nan 
-56.625, 68.125, 2.5859318909687e-22, nan 
-56.375, 68.125, 2.720506981160506e-22, nan 
-56.125, 68.125, 3.4158951890982693e-22, nan 
-55.875, 68.125, 5.118094554322651e-22, nan 
-55.625, 68.125, 1.9163337560352578e-22, nan 
-55.375, 68.125, 2.8342966407288253e-22, nan 
-55.125, 68.125, 3.897919560013995e-22, nan 
-54.875, 68.125, 2.8258436160848377e-22, nan 
-54.625, 68.125, 1.5698633700842387e-22, nan 
-54.375, 68.125, 1.4287527589773834e-22, nan 
-54.125, 68.125, 2.2478562178475443e-22, nan 
-53.875, 68.125, 2.025311107185978e-22, nan 
-53.625, 68.125, 1.7596853807580413e-22, nan 
-53.375, 68.125, 2.1983922399909967e-22, nan 
-53.125, 68.125, 2.368310488263055e-22, nan 
-52.875, 68.125, 1.8415103718299282e-22, nan 
-52.625, 68.125, 1.9470519904357288e-22, nan 
-52.375, 68.125, 2.1016610650566373e-22, nan 
-52.125, 68.125, 1.3658903017326324e-22, nan 
-51.875, 68.125, 2.860267948608464e-22, nan 
-51.625, 68.125, 2.8446469935383006e-22, nan 
-51.375, 68.125, 2.264149180385782e-22, nan 
-51.125, 68.125, 2.6545958529987466e-22, nan 
-50.875, 68.125, 2.502493820417287e-22, nan 
-50.625, 68.125, 2.761566628863828e-22, nan 
-50.375, 68.125, 3.5413410398982114e-22, nan 
-50.125, 68.125, 3.508726934183029e-22, nan 
-49.875, 68.125, 3.8825521589132533e-22, nan 
-49.625, 68.125, 3.6378677558362442e-22, nan 
-49.375, 68.125, 3.8065803857991836e-22, nan 
-49.125, 68.125, 4.140701759728879e-22, nan 
-48.875, 68.125, 3.5725410127068726e-22, nan 
-48.625, 68.125, 4.047109536442848e-22, nan 
-48.375, 68.125, 4.2135710608279023e-22, nan 
-48.125, 68.125, 3.0585527478718904e-22, nan 
-47.875, 68.125, 3.5186872162255216e-22, nan 
-47.625, 68.125, 3.694300209678241e-22, nan 
-47.375, 68.125, 2.603891572417721e-22, nan 
-47.125, 68.125, 2.634677133609964e-22, nan 
-46.875, 68.125, 3.4721795386424123e-22, nan 
-46.625, 68.125, 4.0995952049549747e-22, nan 
-46.375, 68.125, 3.4175191992257675e-22, nan 
-46.125, 68.125, 3.3904128584888144e-22, nan 
-45.875, 68.125, 4.598997395121191e-22, nan 
-45.625, 68.125, 6.031355495865877e-22, nan 
-45.375, 68.125, 3.658815526315154e-22, nan 
-45.125, 68.125, 4.1117243560602115e-22, nan 
-44.875, 68.125, 6.097293187669705e-22, nan 
-44.625, 68.125, 5.187040558793937e-22, nan 
-44.375, 68.125, 4.925006531446882e-22, nan 
-44.125, 68.125, 2.254932685656635e-22, nan 
-43.875, 68.125, 8.580710828846925e-22, nan 
-43.625, 68.125, 6.624268719302658e-22, nan 
-43.375, 68.125, 3.1417074917434684e-22, nan 
-43.125, 68.125, 6.662535156946981e-22, nan 
-42.875, 68.125, 8.372854590597126e-22, nan 
-42.625, 68.125, 1.0037420171496758e-21, nan 
-42.375, 68.125, 7.491369162628562e-22, nan 
-42.125, 68.125, 1.1336686133204413e-21, nan 
-41.875, 68.125, 2.128571400351449e-21, nan 
-41.625, 68.125, 1.912384968460098e-21, nan 
-41.375, 68.125, 1.75216873418922e-21, nan 
-41.125, 68.125, 2.6326582562466624e-21, nan 
-40.875, 68.125, 2.4013945332629993e-21, nan 
-40.625, 68.125, 1.3649334112213773e-21, nan 
-40.375, 68.125, 8.393649705840977e-22, nan 
-40.125, 68.125, 1.031313521197389e-21, nan 
-39.875, 68.125, 7.62387182676164e-22, nan 
-39.625, 68.125, 9.195135530350724e-22, nan 
-39.375, 68.125, 5.659983626295374e-22, nan 
-39.125, 68.125, 9.035314005573435e-22, nan 
-38.875, 68.125, 8.859760638558159e-22, nan 
-38.625, 68.125, 7.250404681794713e-22, nan 
-38.375, 68.125, 1.0266170144365431e-21, nan 
-38.125, 68.125, 1.8635359694227814e-21, nan 
-37.875, 68.125, 2.157588343104832e-21, nan 
-37.625, 68.125, 1.867309385557334e-21, nan 
-37.375, 68.125, 2.2389364148504292e-21, nan 
-37.125, 68.125, 3.145758401695234e-21, nan 
-36.875, 68.125, 3.6923218876392255e-21, nan 
-36.625, 68.125, 2.8750574686339526e-21, nan 
-36.375, 68.125, 3.542290062133916e-21, nan 
-36.125, 68.125, 5.290292828743133e-21, nan 
-35.875, 68.125, 5.587053207084231e-21, nan 
-35.625, 68.125, 7.471323586202016e-21, nan 
-35.375, 68.125, 1.2947413582112951e-20, nan 
-35.125, 68.125, 1.3422297673484061e-20, nan 
-34.875, 68.125, 1.3285865138284468e-20, nan 
-34.625, 68.125, 1.743559195194099e-20, nan 
-34.375, 68.125, 1.1116055341061618e-20, nan 
-34.125, 68.125, 6.769117531494868e-21, nan 
-33.875, 68.125, 6.443376612142959e-21, nan 
-33.625, 68.125, 6.028026540015891e-21, nan 
-33.375, 68.125, 3.407739964098137e-21, nan 
-33.125, 68.125, 1.0184421930572241e-20, nan 
-32.875, 68.125, 1.5129597220211703e-20, nan 
-32.625, 68.125, 1.9869141720438772e-20, nan 
-32.375, 68.125, 6.321641886852943e-21, nan 
-32.125, 68.125, 7.662435141109884e-21, nan 
-31.875, 68.125, 7.384255932214067e-21, nan 
-31.625, 68.125, 1.1544276778896612e-20, nan 
-31.375, 68.125, 1.3790300987500518e-20, nan 
-31.125, 68.125, 1.5967228646279152e-20, nan 
-30.875, 68.125, 1.4975364255278763e-20, nan 
-30.625, 68.125, 1.2960733531347652e-20, nan 
-30.375, 68.125, 1.640412165794407e-20, nan 
-30.125, 68.125, 1.3490034507143556e-20, nan 
-29.875, 68.125, 1.1927678284828518e-20, nan 
-29.625, 68.125, 9.259376239447437e-21, nan 
-29.375, 68.125, 8.17797301735472e-21, nan 
-29.125, 68.125, 1.1684280266031494e-20, nan 
-28.875, 68.125, 1.6524793088523177e-20, nan 
-28.625, 68.125, 7.65692017270693e-21, nan 
-28.375, 68.125, 4.066195060592815e-21, nan 
-28.125, 68.125, 3.531679286853051e-21, nan 
-27.875, 68.125, 2.868031783945183e-21, nan 
-27.625, 68.125, 9.198224057218109e-21, nan 
-27.375, 68.125, 1.1204045112007709e-20, nan 
-27.125, 68.125, 1.1532686357954033e-20, nan 
-26.875, 68.125, 7.594342387627883e-21, nan 
-26.625, 68.125, 8.483194584310916e-21, nan 
-26.375, 68.125, 8.558715032850956e-21, nan 
-26.125, 68.125, 4.383734666038408e-21, nan 
-25.875, 68.125, 3.6202992309376065e-21, nan 
-25.625, 68.125, 5.2683029441693646e-21, nan 
-25.375, 68.125, 7.676032982002888e-21, nan 
-25.125, 68.125, 4.490070913203754e-21, nan 
-24.875, 68.125, 2.7814291580453793e-21, nan 
-24.625, 68.125, 4.638574919638148e-21, nan 
-24.375, 68.125, 3.112570612900316e-21, nan 
-24.125, 68.125, 1.9939019237741496e-21, nan 
-23.875, 68.125, 1.4180053991832184e-21, nan 
-23.625, 68.125, 1.0221532621806353e-21, nan 
-23.375, 68.125, 7.885625005690945e-22, nan 
-23.125, 68.125, 1.6305184495946957e-21, nan 
-22.875, 68.125, 1.7342676633240303e-21, nan 
-22.625, 68.125, 1.1154262252044898e-21, nan 
-22.375, 68.125, 8.276378275416479e-22, nan 
-22.125, 68.125, 1.0117216857357918e-21, nan 
-21.875, 68.125, 7.142247660359122e-22, nan 
-21.625, 68.125, 8.876186183858205e-22, nan 
-21.375, 68.125, 2.026968038538474e-21, nan 
-21.125, 68.125, 8.281530129982817e-22, nan 
-20.875, 68.125, 3.807273557561207e-22, nan 
-20.625, 68.125, 1.4855081415011093e-21, nan 
-20.375, 68.125, 2.419821907748225e-22, nan 
-20.125, 68.125, 6.070527143102622e-22, nan 
-19.875, 68.125, 9.898481011576596e-22, nan 
-19.625, 68.125, 1.7456462567518773e-21, nan 
-19.375, 68.125, 2.1779647218313002e-21, nan 
-19.125, 68.125, 1.9840556306650973e-21, nan 
-18.875, 68.125, 1.7117394489351468e-21, nan 
-18.625, 68.125, 1.8550841130171762e-21, nan 
-18.375, 68.125, 1.6355028456751203e-21, nan 
-18.125, 68.125, 8.74894853455535e-22, nan 
-17.875, 68.125, 5.58956856144903e-22, nan 
-17.625, 68.125, 7.770838006054596e-22, nan 
-17.375, 68.125, 5.69678593402102e-22, nan 
-17.125, 68.125, 4.1203149642336086e-22, nan 
-16.875, 68.125, 6.105514396983086e-22, nan 
-16.625, 68.125, 6.958149728885556e-22, nan 
-16.375, 68.125, 4.031925796996172e-22, nan 
-16.125, 68.125, 5.965850214181718e-22, nan 
-15.875, 68.125, 5.220600849987653e-22, nan 
-15.625, 68.125, 3.2889654265064405e-22, nan 
-15.375, 68.125, 6.3578052674678e-22, nan 
-15.125, 68.125, 3.621216852982621e-22, nan 
-14.875, 68.125, 2.77478036835151e-22, nan 
-14.625, 68.125, 3.870937027779182e-22, nan 
-14.375, 68.125, 3.497092616654059e-22, nan 
-14.125, 68.125, 3.1511097065433216e-22, nan 
-13.875, 68.125, 5.351186939725558e-22, nan 
-13.625, 68.125, 4.987561693640247e-22, nan 
-13.375, 68.125, 3.7087120540060078e-22, nan 
-13.125, 68.125, 3.9263004753596467e-22, nan 
-12.875, 68.125, 4.37663562153678e-22, nan 
-12.625, 68.125, 3.36721179683046e-22, nan 
-12.375, 68.125, 3.518220080651506e-22, nan 
-12.125, 68.125, 3.1644308717310517e-22, nan 
-11.875, 68.125, 4.704074000453582e-22, nan 
-11.625, 68.125, 2.360939065425088e-22, nan 
-11.375, 68.125, 3.3090250602079287e-22, nan 
-11.125, 68.125, 3.479516457201781e-22, nan 
-10.875, 68.125, 3.1503723558308574e-22, nan 
-10.625, 68.125, 2.7405480935507303e-22, nan 
-10.375, 68.125, 2.758383474701303e-22, nan 
-10.125, 68.125, 3.3792255668649105e-22, nan 
-9.875, 68.125, 3.1650982135150015e-22, nan 
-9.625, 68.125, 2.9064106688628337e-22, nan 
-9.375, 68.125, 1.5063438917149108e-22, nan 
-9.125, 68.125, 1.3143626416153886e-22, nan 
-8.875, 68.125, 2.330113374845603e-22, nan 
-8.625, 68.125, 1.7828768671558825e-22, nan 
-8.375, 68.125, 1.823179527866348e-22, nan 
-8.125, 68.125, 2.208687091321346e-22, nan 
-7.875, 68.125, 2.6962195862661564e-22, nan 
-7.625, 68.125, 2.330639290237431e-22, nan 
-7.375, 68.125, 2.349511722431272e-22, nan 
-7.125, 68.125, 1.8903414959398084e-22, nan 
-6.875, 68.125, 2.2302075887039795e-22, nan 
-6.625, 68.125, 2.016227940298901e-22, nan 
-6.375, 68.125, 1.1160969574259735e-22, nan 
-6.125, 68.125, 9.523247918108307e-23, nan 
-5.875, 68.125, 7.768712299528303e-23, nan 
-5.625, 68.125, 3.75445851241232e-23, nan 
-5.375, 68.125, 7.66224619618036e-23, nan 
-5.125, 68.125, 9.185712137052725e-23, nan 
-4.875, 68.125, 9.025938711316738e-23, nan 
-4.625, 68.125, 8.101055836253319e-23, nan 
-4.375, 68.125, 7.820335630871737e-23, nan 
-4.125, 68.125, 1.826063542150752e-22, nan 
-3.875, 68.125, 1.4000187071955684e-22, nan 
-3.625, 68.125, 9.256748679771621e-23, nan 
-3.375, 68.125, 6.88512449204059e-23, nan 
-3.125, 68.125, 1.049257440255951e-22, nan 
-2.875, 68.125, 6.258768215613043e-23, nan 
-2.625, 68.125, 4.85391554416759e-23, nan 
-2.375, 68.125, 6.475895618182371e-23, nan 
-2.125, 68.125, 5.516226458817078e-23, nan 
-1.875, 68.125, 6.540285072232213e-23, nan 
-1.625, 68.125, 7.386581425684726e-23, nan 
-1.375, 68.125, 8.483137451373891e-23, nan 
-1.125, 68.125, 7.237506631754707e-23, nan 
-0.875, 68.125, 5.611046890671087e-23, nan 
-0.625, 68.125, 8.793237129186317e-23, nan 
-0.375, 68.125, 7.185661241172002e-23, nan 
-0.125, 68.125, 7.78813360756721e-23, nan 
0.125, 68.125, 5.473944828390093e-23, nan 
0.375, 68.125, 7.080996839656224e-23, nan 
0.625, 68.125, 4.894864893015219e-23, nan 
0.875, 68.125, 5.288568909625569e-23, nan 
1.125, 68.125, 4.5523282706204405e-23, nan 
1.375, 68.125, 4.068368540260075e-23, nan 
1.625, 68.125, 5.204509068283782e-23, nan 
1.875, 68.125, 4.7510330476726523e-23, nan 
2.125, 68.125, 3.385617539604354e-23, nan 
2.375, 68.125, 2.738755594938637e-23, nan 
2.625, 68.125, 2.1617351661491528e-23, nan 
2.875, 68.125, 2.3942644215260176e-23, nan 
3.125, 68.125, 2.0287977193170702e-23, nan 
3.375, 68.125, 1.588112723043089e-23, nan 
3.625, 68.125, 1.737716348255823e-23, nan 
3.875, 68.125, 1.5681498617865775e-23, nan 
-86.625, 68.375, 1.2386833358749467e-21, nan 
-86.375, 68.375, 6.927051090431539e-22, nan 
-86.125, 68.375, 5.89830051816599e-22, nan 
-85.875, 68.375, 5.532349093697943e-22, nan 
-85.625, 68.375, 6.377707301110717e-22, nan 
-85.375, 68.375, 4.951273210639515e-22, nan 
-85.125, 68.375, 4.416794048383872e-22, nan 
-84.875, 68.375, 4.727370010229305e-22, nan 
-84.625, 68.375, 6.092086615044409e-22, nan 
-84.375, 68.375, 1.1328872103428486e-21, nan 
-84.125, 68.375, 7.712329251637722e-22, nan 
-83.875, 68.375, 9.487452962472584e-22, nan 
-83.625, 68.375, 9.611608058547316e-22, nan 
-83.375, 68.375, 8.428456404937521e-22, nan 
-83.125, 68.375, 9.11827026747394e-22, nan 
-82.875, 68.375, 9.114594602561487e-22, nan 
-82.625, 68.375, 7.972577759263437e-22, nan 
-82.375, 68.375, 5.81411469384051e-22, nan 
-82.125, 68.375, 6.467230710411036e-22, nan 
-81.875, 68.375, 4.5252874496386e-22, nan 
-81.625, 68.375, 5.031918005467171e-22, nan 
-81.375, 68.375, 6.341132393839976e-22, nan 
-81.125, 68.375, 4.819448709656337e-22, nan 
-80.875, 68.375, 3.640450824530508e-22, nan 
-80.625, 68.375, 6.624525353497243e-22, nan 
-80.375, 68.375, 8.261129550926168e-22, nan 
-80.125, 68.375, 9.308917568298336e-22, nan 
-79.875, 68.375, 1.1958676219412353e-21, nan 
-79.625, 68.375, 9.82511629784165e-22, nan 
-79.375, 68.375, 8.34078226857784e-22, nan 
-79.125, 68.375, 5.856692096056246e-22, nan 
-78.875, 68.375, 7.205912666399217e-22, nan 
-78.625, 68.375, 5.265223728075742e-22, nan 
-78.375, 68.375, 4.896883185652489e-22, nan 
-78.125, 68.375, 5.764199816135785e-22, nan 
-77.875, 68.375, 7.012505107460407e-22, nan 
-77.625, 68.375, 8.117076555240635e-22, nan 
-77.375, 68.375, 7.920067927224395e-22, nan 
-77.125, 68.375, 6.841026053919563e-22, nan 
-76.875, 68.375, 5.957454627007988e-22, nan 
-76.625, 68.375, 5.132153713418239e-22, nan 
-76.375, 68.375, 4.602435717459764e-22, nan 
-76.125, 68.375, 3.580393391841478e-22, nan 
-75.875, 68.375, 3.901712655498325e-22, nan 
-75.625, 68.375, 4.2112212492603554e-22, nan 
-75.375, 68.375, 5.538539658071767e-22, nan 
-75.125, 68.375, 5.241886643708771e-22, nan 
-74.875, 68.375, 5.405762580100973e-22, nan 
-74.625, 68.375, 6.0387057761768065e-22, nan 
-74.375, 68.375, 6.700811625958363e-22, nan 
-74.125, 68.375, 6.545590304950115e-22, nan 
-73.875, 68.375, 5.906648560119859e-22, nan 
-73.625, 68.375, 5.721379360169592e-22, nan 
-73.375, 68.375, 4.422251217239301e-22, nan 
-73.125, 68.375, 5.122713453878605e-22, nan 
-72.875, 68.375, 4.0856102484066797e-22, nan 
-72.625, 68.375, 5.197375706718494e-22, nan 
-72.375, 68.375, 4.558139469919214e-22, nan 
-72.125, 68.375, 4.273922208850352e-22, nan 
-71.875, 68.375, 5.644488985568187e-22, nan 
-71.625, 68.375, 4.7648154712310825e-22, nan 
-71.375, 68.375, 4.486925678844266e-22, nan 
-71.125, 68.375, 4.1097817520054528e-22, nan 
-70.875, 68.375, 4.50608405472675e-22, nan 
-70.625, 68.375, 4.149480911577721e-22, nan 
-70.375, 68.375, 4.063256832976721e-22, nan 
-70.125, 68.375, 4.444150237221565e-22, nan 
-69.875, 68.375, 4.299188056058656e-22, nan 
-69.625, 68.375, 3.973864753374097e-22, nan 
-69.375, 68.375, 2.816418906173874e-22, nan 
-69.125, 68.375, 4.983724434713082e-22, nan 
-68.875, 68.375, 5.996865097890904e-22, nan 
-68.625, 68.375, 7.148427733604781e-22, nan 
-68.375, 68.375, 5.258650298734946e-22, nan 
-68.125, 68.375, 5.282936582664622e-22, nan 
-67.875, 68.375, 5.672439198291759e-22, nan 
-67.625, 68.375, 3.9209669813288884e-22, nan 
-67.375, 68.375, 3.6375245080300322e-22, nan 
-67.125, 68.375, 3.531072604162648e-22, nan 
-66.875, 68.375, 3.955045501900492e-22, nan 
-66.625, 68.375, 3.1939580486233663e-22, nan 
-66.375, 68.375, 3.2344669513999115e-22, nan 
-66.125, 68.375, 3.9983840008550216e-22, nan 
-65.875, 68.375, 2.984776935270484e-22, nan 
-65.625, 68.375, 2.577805311093427e-22, nan 
-65.375, 68.375, 2.6961151230381998e-22, nan 
-65.125, 68.375, 2.628966721661793e-22, nan 
-64.875, 68.375, 2.804602813699143e-22, nan 
-64.625, 68.375, 1.6364371528129633e-22, nan 
-64.375, 68.375, 2.486670872279841e-22, nan 
-64.125, 68.375, 3.0069069084766406e-22, nan 
-63.875, 68.375, 2.3620442408341507e-22, nan 
-63.625, 68.375, 3.283085441095134e-22, nan 
-63.375, 68.375, 1.758181681792297e-22, nan 
-63.125, 68.375, 2.2153477799015385e-22, nan 
-62.875, 68.375, 2.811341410350526e-22, nan 
-62.625, 68.375, 1.6285994079239233e-22, nan 
-62.375, 68.375, 1.575835888254409e-22, nan 
-62.125, 68.375, 1.77690756124565e-22, nan 
-61.875, 68.375, 2.0110458621181367e-22, nan 
-61.625, 68.375, 2.1167660399040952e-22, nan 
-61.375, 68.375, 2.227470273735931e-22, nan 
-61.125, 68.375, 1.7007343185309486e-22, nan 
-60.875, 68.375, 1.4356628067518513e-22, nan 
-60.625, 68.375, 1.443632276186003e-22, nan 
-60.375, 68.375, 1.2685262724950053e-22, nan 
-60.125, 68.375, 2.004448857108071e-22, nan 
-59.875, 68.375, 2.4412527365588663e-22, nan 
-59.625, 68.375, 1.477183122364901e-22, nan 
-59.375, 68.375, 1.9239235902758484e-22, nan 
-59.125, 68.375, 2.2936226473864434e-22, nan 
-58.875, 68.375, 2.016248161053446e-22, nan 
-58.625, 68.375, 1.5254325567369916e-22, nan 
-58.375, 68.375, 2.0271690565978165e-22, nan 
-58.125, 68.375, 2.464976624314708e-22, nan 
-57.875, 68.375, 2.39446926645875e-22, nan 
-57.625, 68.375, 1.6034972258970715e-22, nan 
-57.375, 68.375, 2.04850689579448e-22, nan 
-57.125, 68.375, 1.9340395664757714e-22, nan 
-56.875, 68.375, 1.725411077149255e-22, nan 
-56.625, 68.375, 2.0154146757165524e-22, nan 
-56.375, 68.375, 2.3161997281683972e-22, nan 
-56.125, 68.375, 3.584999057053323e-22, nan 
-55.875, 68.375, 4.60316695880562e-22, nan 
-55.625, 68.375, 3.4699781752570693e-22, nan 
-55.375, 68.375, 4.0668557931806413e-22, nan 
-55.125, 68.375, 5.127376388995153e-22, nan 
-54.875, 68.375, 5.222204735170089e-22, nan 
-54.625, 68.375, 1.3820110794791153e-22, nan 
-54.375, 68.375, 1.7735345051547665e-22, nan 
-54.125, 68.375, 3.4522925996199617e-22, nan 
-53.875, 68.375, 1.48752248438506e-22, nan 
-53.625, 68.375, 2.3258230526493793e-22, nan 
-53.375, 68.375, 3.1678540703524923e-22, nan 
-53.125, 68.375, 3.49098296517115e-22, nan 
-52.875, 68.375, 2.1532044687905465e-22, nan 
-52.625, 68.375, 1.7603333125686692e-22, nan 
-52.375, 68.375, 4.860173503919014e-22, nan 
-52.125, 68.375, 3.4390079975304706e-22, nan 
-51.875, 68.375, 2.926686927475398e-22, nan 
-51.625, 68.375, 4.504335239458444e-22, nan 
-51.375, 68.375, 3.526772022713788e-22, nan 
-51.125, 68.375, 3.3404377238641145e-22, nan 
-50.875, 68.375, 3.0578653622262338e-22, nan 
-50.625, 68.375, 3.083935831602242e-22, nan 
-50.375, 68.375, 4.9593814696428755e-22, nan 
-50.125, 68.375, 4.866588478989692e-22, nan 
-49.875, 68.375, 4.562364052398267e-22, nan 
-49.625, 68.375, 5.333040638244465e-22, nan 
-49.375, 68.375, 6.009258650616473e-22, nan 
-49.125, 68.375, 6.839694212924831e-22, nan 
-48.875, 68.375, 4.808657654194957e-22, nan 
-48.625, 68.375, 5.310809339073928e-22, nan 
-48.375, 68.375, 5.23045887135937e-22, nan 
-48.125, 68.375, 3.4489968000794915e-22, nan 
-47.875, 68.375, 4.318448613110523e-22, nan 
-47.625, 68.375, 5.076512284626203e-22, nan 
-47.375, 68.375, 5.501378592407576e-22, nan 
-47.125, 68.375, 4.965340933336422e-22, nan 
-46.875, 68.375, 5.033723552840717e-22, nan 
-46.625, 68.375, 5.168293169734606e-22, nan 
-46.375, 68.375, 4.464640320886921e-22, nan 
-46.125, 68.375, 6.173441927829379e-22, nan 
-45.875, 68.375, 7.9316176772714055e-22, nan 
-45.625, 68.375, 6.9061420295642515e-22, nan 
-45.375, 68.375, 8.104727869199238e-22, nan 
-45.125, 68.375, 9.349513039256152e-22, nan 
-44.875, 68.375, 7.4565892736955115e-22, nan 
-44.625, 68.375, 3.684208269417142e-22, nan 
-44.375, 68.375, 3.4327113090450863e-22, nan 
-44.125, 68.375, 3.3410736421702796e-22, nan 
-43.875, 68.375, 6.696775285804203e-22, nan 
-43.625, 68.375, 5.875847417606953e-22, nan 
-43.375, 68.375, 8.425688948802743e-22, nan 
-43.125, 68.375, 7.114721269608203e-22, nan 
-42.875, 68.375, 7.382417257316863e-22, nan 
-42.625, 68.375, 1.1750981025573655e-21, nan 
-42.375, 68.375, 7.807133709410785e-22, nan 
-42.125, 68.375, 1.6567068479563111e-21, nan 
-41.875, 68.375, 2.4571333220699528e-21, nan 
-41.625, 68.375, 2.4948762343683433e-21, nan 
-41.375, 68.375, 2.269628623934099e-21, nan 
-41.125, 68.375, 2.9782039462562485e-21, nan 
-40.875, 68.375, 3.15925460806868e-21, nan 
-40.625, 68.375, 1.7839989003726065e-21, nan 
-40.375, 68.375, 1.4303577390020978e-21, nan 
-40.125, 68.375, 1.110489875540927e-21, nan 
-39.875, 68.375, 1.1245697427757223e-21, nan 
-39.625, 68.375, 1.6051878084797543e-21, nan 
-39.375, 68.375, 8.172770719499969e-22, nan 
-39.125, 68.375, 1.1310190675040422e-21, nan 
-38.875, 68.375, 2.0693997902292795e-21, nan 
-38.625, 68.375, 3.1163323172588468e-21, nan 
-38.375, 68.375, 2.3562226908533964e-21, nan 
-38.125, 68.375, 2.7823480642229145e-21, nan 
-37.875, 68.375, 1.7423668750934982e-21, nan 
-37.625, 68.375, 3.1902446453914186e-21, nan 
-37.375, 68.375, 3.9969176161891865e-21, nan 
-37.125, 68.375, 3.2757750072345905e-21, nan 
-36.875, 68.375, 2.1924605657981853e-21, nan 
-36.625, 68.375, 3.1128488979149047e-21, nan 
-36.375, 68.375, 4.844966988517505e-21, nan 
-36.125, 68.375, 9.631947879731e-21, nan 
-35.875, 68.375, 1.3460941569182773e-20, nan 
-35.625, 68.375, 1.518233703519266e-20, nan 
-35.375, 68.375, 1.9320067038419684e-20, nan 
-35.125, 68.375, 2.2196889717435526e-20, nan 
-34.875, 68.375, 1.889279402120399e-20, nan 
-34.625, 68.375, 1.081249998773377e-20, nan 
-34.375, 68.375, 1.1876705153489631e-20, nan 
-34.125, 68.375, 6.183261731575639e-21, nan 
-33.875, 68.375, 3.958694844557662e-21, nan 
-33.625, 68.375, 5.265556090456954e-21, nan 
-33.375, 68.375, 2.7363483083277055e-21, nan 
-33.125, 68.375, 6.973363426621193e-21, nan 
-32.875, 68.375, 8.163525541311639e-21, nan 
-32.625, 68.375, 8.803329614667719e-21, nan 
-32.375, 68.375, 1.0142354963902644e-20, nan 
-32.125, 68.375, 1.0664731994233996e-20, nan 
-31.875, 68.375, 8.571248294246137e-21, nan 
-31.625, 68.375, 9.420036009323356e-21, nan 
-31.375, 68.375, 8.918691057430567e-21, nan 
-31.125, 68.375, 1.1566346534232973e-20, nan 
-30.875, 68.375, 1.8025084518546335e-20, nan 
-30.625, 68.375, 1.1514988479057565e-20, nan 
-30.375, 68.375, 1.1032740698702238e-20, nan 
-30.125, 68.375, 1.3225159462477412e-20, nan 
-29.875, 68.375, 7.833234527820558e-21, nan 
-29.625, 68.375, 1.2998588169963441e-20, nan 
-29.375, 68.375, 8.039267335922493e-21, nan 
-29.125, 68.375, 1.1073778059046884e-20, nan 
-28.875, 68.375, 2.4067944475464428e-20, nan 
-28.625, 68.375, 9.536883711025598e-21, nan 
-28.375, 68.375, 6.780772138809374e-21, nan 
-28.125, 68.375, 1.0733326462675601e-20, nan 
-27.875, 68.375, 8.983944916794533e-21, nan 
-27.625, 68.375, 8.978408700837802e-21, nan 
-27.375, 68.375, 7.816114884982602e-21, nan 
-27.125, 68.375, 9.767432130345826e-21, nan 
-26.875, 68.375, 6.4037637302665486e-21, nan 
-26.625, 68.375, 4.036070078834954e-21, nan 
-26.375, 68.375, 5.2354427893113535e-21, nan 
-26.125, 68.375, 4.38315602916417e-21, nan 
-25.875, 68.375, 3.6486672351646424e-21, nan 
-25.625, 68.375, 4.705677654761375e-21, nan 
-25.375, 68.375, 4.989456331412967e-21, nan 
-25.125, 68.375, 2.9446401387916252e-21, nan 
-24.875, 68.375, 2.3407038414907105e-21, nan 
-24.625, 68.375, 1.950591140736552e-21, nan 
-24.375, 68.375, 1.3234177333481277e-21, nan 
-24.125, 68.375, 2.025742354445265e-21, nan 
-23.875, 68.375, 2.2614261652381454e-21, nan 
-23.625, 68.375, 1.7442728852277164e-21, nan 
-23.375, 68.375, 1.545577930733635e-21, nan 
-23.125, 68.375, 1.7815456244179525e-21, nan 
-22.875, 68.375, 2.3049320075153076e-21, nan 
-22.625, 68.375, 1.0592928743958056e-21, nan 
-22.375, 68.375, 6.179917010003662e-22, nan 
-22.125, 68.375, 1.1873776971538528e-21, nan 
-21.875, 68.375, 6.339275566741766e-22, nan 
-21.625, 68.375, 9.956367845371556e-22, nan 
-21.375, 68.375, 8.414781270451276e-22, nan 
-21.125, 68.375, 7.54202153108429e-22, nan 
-20.875, 68.375, 8.160215627896449e-22, nan 
-20.625, 68.375, 7.035212958240536e-22, nan 
-20.375, 68.375, 7.108470359420847e-22, nan 
-20.125, 68.375, 1.4601584554837616e-21, nan 
-19.875, 68.375, 1.4862813914987682e-21, nan 
-19.625, 68.375, 1.6477234571407759e-21, nan 
-19.375, 68.375, 1.5630332793290213e-21, nan 
-19.125, 68.375, 1.5523264943136985e-21, nan 
-18.875, 68.375, 1.2296217591061636e-21, nan 
-18.625, 68.375, 8.09147662167483e-22, nan 
-18.375, 68.375, 7.343276041050806e-22, nan 
-18.125, 68.375, 5.707189913799687e-22, nan 
-17.875, 68.375, 5.6969364599564e-22, nan 
-17.625, 68.375, 5.674804056512707e-22, nan 
-17.375, 68.375, 8.637227675397335e-22, nan 
-17.125, 68.375, 9.155464373080474e-22, nan 
-16.875, 68.375, 6.13117924096779e-22, nan 
-16.625, 68.375, 8.523072200854032e-22, nan 
-16.375, 68.375, 6.578832011817124e-22, nan 
-16.125, 68.375, 4.29281058421507e-22, nan 
-15.875, 68.375, 4.342596997995336e-22, nan 
-15.625, 68.375, 3.3143285463514164e-22, nan 
-15.375, 68.375, 3.304804422328061e-22, nan 
-15.125, 68.375, 4.947176870618969e-22, nan 
-14.875, 68.375, 4.0646341943238646e-22, nan 
-14.625, 68.375, 4.2071940178213443e-22, nan 
-14.375, 68.375, 3.9305255620730066e-22, nan 
-14.125, 68.375, 4.0882098893166554e-22, nan 
-13.875, 68.375, 5.734374544832981e-22, nan 
-13.625, 68.375, 5.737288332843252e-22, nan 
-13.375, 68.375, 4.391570355531759e-22, nan 
-13.125, 68.375, 2.568201740297001e-22, nan 
-12.875, 68.375, 2.322774156185237e-22, nan 
-12.625, 68.375, 2.883288017294558e-22, nan 
-12.375, 68.375, 2.5466193703024617e-22, nan 
-12.125, 68.375, 1.3224103108712687e-22, nan 
-11.875, 68.375, 1.683051817173674e-22, nan 
-11.625, 68.375, 1.9229953558047935e-22, nan 
-11.375, 68.375, 2.531897863708615e-22, nan 
-11.125, 68.375, 1.8819997368465603e-22, nan 
-10.875, 68.375, 1.8147751919677306e-22, nan 
-10.625, 68.375, 2.0501685796116197e-22, nan 
-10.375, 68.375, 2.28796212195202e-22, nan 
-10.125, 68.375, 3.1417470509781227e-22, nan 
-9.875, 68.375, 3.0734369629286607e-22, nan 
-9.625, 68.375, 2.6039382956769077e-22, nan 
-9.375, 68.375, 2.151780628776302e-22, nan 
-9.125, 68.375, 2.3700038525817143e-22, nan 
-8.875, 68.375, 2.4559641214068785e-22, nan 
-8.625, 68.375, 1.7999574996550948e-22, nan 
-8.375, 68.375, 2.474046085360353e-22, nan 
-8.125, 68.375, 3.2711887241687403e-22, nan 
-7.875, 68.375, 2.9655246367715313e-22, nan 
-7.625, 68.375, 2.086874789548293e-22, nan 
-7.375, 68.375, 2.9318292041464683e-22, nan 
-7.125, 68.375, 2.165773461399043e-22, nan 
-6.875, 68.375, 1.1726949145221833e-22, nan 
-6.625, 68.375, 1.2732551087461387e-22, nan 
-6.375, 68.375, 6.804721077534972e-23, nan 
-6.125, 68.375, 1.2355445649190824e-22, nan 
-5.875, 68.375, 1.2679144594330355e-22, nan 
-5.625, 68.375, 4.7872607390236144e-23, nan 
-5.375, 68.375, 9.914849050316671e-23, nan 
-5.125, 68.375, 1.304836166695539e-22, nan 
-4.875, 68.375, 2.304507063468183e-22, nan 
-4.625, 68.375, 1.085113719619031e-22, nan 
-4.375, 68.375, 9.251300607028618e-23, nan 
-4.125, 68.375, 2.764053085545298e-22, nan 
-3.875, 68.375, 1.3193824737901697e-22, nan 
-3.625, 68.375, 9.768775516905447e-23, nan 
-3.375, 68.375, 1.4234007975048087e-22, nan 
-3.125, 68.375, 1.0781488579245676e-22, nan 
-2.875, 68.375, 8.170690811845579e-23, nan 
-2.625, 68.375, 9.751851522781945e-23, nan 
-2.375, 68.375, 6.839093249987345e-23, nan 
-2.125, 68.375, 4.135929541804897e-23, nan 
-1.875, 68.375, 7.442315790541649e-23, nan 
-1.625, 68.375, 9.719200585205403e-23, nan 
-1.375, 68.375, 1.3115917793828382e-22, nan 
-1.125, 68.375, 8.926667073370473e-23, nan 
-0.875, 68.375, 1.1682723729323852e-22, nan 
-0.625, 68.375, 1.005388074270337e-22, nan 
-0.375, 68.375, 9.698002592118488e-23, nan 
-0.125, 68.375, 8.947072595656838e-23, nan 
0.125, 68.375, 7.356019789601244e-23, nan 
0.375, 68.375, 9.280341964392719e-23, nan 
0.625, 68.375, 3.5446523360996324e-23, nan 
0.875, 68.375, 6.694291026080428e-23, nan 
1.125, 68.375, 6.531582763179945e-23, nan 
1.375, 68.375, 4.214101442833708e-23, nan 
1.625, 68.375, 8.447036072083929e-23, nan 
1.875, 68.375, 1.1286192071052717e-22, nan 
2.125, 68.375, 5.289760690390225e-23, nan 
2.375, 68.375, 3.8442722237990106e-23, nan 
2.625, 68.375, 5.461612652146913e-23, nan 
2.875, 68.375, 5.2510353285654126e-23, nan 
3.125, 68.375, 2.445992967766721e-23, nan 
3.375, 68.375, 2.526808618453888e-23, nan 
3.625, 68.375, 2.631395010700165e-23, nan 
3.875, 68.375, 3.1576807415721976e-23, nan 
4.125, 68.375, 3.1988675820035247e-23, nan 
4.375, 68.375, 1.4917002126052788e-23, nan 
4.625, 68.375, 3.5154366054495995e-23, nan 
-86.875, 68.625, 5.240303707572993e-22, nan 
-86.625, 68.625, 5.006361300103877e-22, nan 
-86.375, 68.625, 5.62401076164861e-22, nan 
-86.125, 68.625, 6.012652309017221e-22, nan 
-85.875, 68.625, 5.264558729064848e-22, nan 
-85.625, 68.625, 5.943328150684153e-22, nan 
-85.375, 68.625, 5.950828366803093e-22, nan 
-85.125, 68.625, 5.654120069588779e-22, nan 
-84.875, 68.625, 6.011925471451197e-22, nan 
-84.625, 68.625, 7.700467600037424e-22, nan 
-84.375, 68.625, 1.0179152332886033e-21, nan 
-84.125, 68.625, 8.873819260652331e-22, nan 
-83.875, 68.625, 8.476168869955404e-22, nan 
-83.625, 68.625, 7.329327258423461e-22, nan 
-83.375, 68.625, 6.884273687693557e-22, nan 
-83.125, 68.625, 5.411647907556325e-22, nan 
-82.875, 68.625, 5.179236314312807e-22, nan 
-82.625, 68.625, 3.390834785178541e-22, nan 
-82.375, 68.625, 3.8343237359264693e-22, nan 
-82.125, 68.625, 3.0124960292534425e-22, nan 
-81.875, 68.625, 6.062457650769675e-22, nan 
-81.625, 68.625, 5.5414572432502445e-22, nan 
-81.375, 68.625, 5.67796142516427e-22, nan 
-81.125, 68.625, 8.52488797444922e-22, nan 
-80.875, 68.625, 1.0849329016477399e-21, nan 
-80.625, 68.625, 1.1349776705684176e-21, nan 
-80.375, 68.625, 1.0963214534760182e-21, nan 
-80.125, 68.625, 1.1505939351749222e-21, nan 
-79.875, 68.625, 1.0009772245434705e-21, nan 
-79.625, 68.625, 7.953358517844896e-22, nan 
-79.375, 68.625, 5.833365239494778e-22, nan 
-79.125, 68.625, 5.875045778008382e-22, nan 
-78.875, 68.625, 5.487875999627606e-22, nan 
-78.625, 68.625, 6.725801220292068e-22, nan 
-78.375, 68.625, 6.585395171077445e-22, nan 
-78.125, 68.625, 8.091459313006061e-22, nan 
-77.875, 68.625, 8.07945039377585e-22, nan 
-77.625, 68.625, 8.706871030463966e-22, nan 
-77.375, 68.625, 8.328347058177473e-22, nan 
-77.125, 68.625, 6.333836952330213e-22, nan 
-76.875, 68.625, 5.139539480853071e-22, nan 
-76.625, 68.625, 4.210748975815661e-22, nan 
-76.375, 68.625, 4.255631276045765e-22, nan 
-76.125, 68.625, 3.9706708887378345e-22, nan 
-75.875, 68.625, 4.080438336089351e-22, nan 
-75.625, 68.625, 4.3502869027142825e-22, nan 
-75.375, 68.625, 6.767021137104195e-22, nan 
-75.125, 68.625, 9.145418717192825e-22, nan 
-74.875, 68.625, 9.438856796727193e-22, nan 
-74.625, 68.625, 7.375925933542219e-22, nan 
-74.375, 68.625, 8.851185787787197e-22, nan 
-74.125, 68.625, 8.407086033145625e-22, nan 
-73.875, 68.625, 6.340034765428449e-22, nan 
-73.625, 68.625, 5.607464303355285e-22, nan 
-73.375, 68.625, 4.525263275271196e-22, nan 
-73.125, 68.625, 4.986059265336386e-22, nan 
-72.875, 68.625, 3.816273336891e-22, nan 
-72.625, 68.625, 4.573770264223506e-22, nan 
-72.375, 68.625, 3.2629617899434397e-22, nan 
-72.125, 68.625, 3.9763141327972946e-22, nan 
-71.875, 68.625, 4.778981679415596e-22, nan 
-71.625, 68.625, 5.131035741579098e-22, nan 
-71.375, 68.625, 4.607575674439421e-22, nan 
-71.125, 68.625, 5.20033432774985e-22, nan 
-70.875, 68.625, 5.3958404851389e-22, nan 
-70.625, 68.625, 4.701422443703037e-22, nan 
-70.375, 68.625, 3.690594744780776e-22, nan 
-70.125, 68.625, 3.426363864408938e-22, nan 
-69.875, 68.625, 4.173120518897816e-22, nan 
-69.625, 68.625, 5.163244789162916e-22, nan 
-69.375, 68.625, 6.3835585451212e-22, nan 
-69.125, 68.625, 6.275788867299112e-22, nan 
-68.875, 68.625, 6.24444340750475e-22, nan 
-68.625, 68.625, 7.703317547795556e-22, nan 
-68.375, 68.625, 5.533047928133424e-22, nan 
-68.125, 68.625, 4.39802027415977e-22, nan 
-67.875, 68.625, 2.6165055701966577e-22, nan 
-67.625, 68.625, 3.173363031968226e-22, nan 
-67.375, 68.625, 3.6547210526231023e-22, nan 
-67.125, 68.625, 3.3143999894638813e-22, nan 
-66.875, 68.625, 2.847915450397749e-22, nan 
-66.625, 68.625, 2.3724370917967253e-22, nan 
-66.375, 68.625, 3.0108276565074963e-22, nan 
-66.125, 68.625, 2.2261537307608723e-22, nan 
-65.875, 68.625, 1.9964423046357442e-22, nan 
-65.625, 68.625, 2.7515183370457834e-22, nan 
-65.375, 68.625, 2.405566836502295e-22, nan 
-65.125, 68.625, 2.983214069639268e-22, nan 
-64.875, 68.625, 3.8836986766384405e-22, nan 
-64.625, 68.625, 3.421362607501292e-22, nan 
-64.375, 68.625, 3.373322234681807e-22, nan 
-64.125, 68.625, 3.90181412111077e-22, nan 
-63.875, 68.625, 3.9000101022738204e-22, nan 
-63.625, 68.625, 3.2228906632217283e-22, nan 
-63.375, 68.625, 2.2196608719765992e-22, nan 
-63.125, 68.625, 1.8651995005438885e-22, nan 
-62.875, 68.625, 1.5094766556173566e-22, nan 
-62.625, 68.625, 2.1434751368943937e-22, nan 
-62.375, 68.625, 1.9685058733409132e-22, nan 
-62.125, 68.625, 2.1500357591923096e-22, nan 
-61.875, 68.625, 1.9916478321409876e-22, nan 
-61.625, 68.625, 1.8922960248920575e-22, nan 
-61.375, 68.625, 1.689673753974456e-22, nan 
-61.125, 68.625, 1.720147298505228e-22, nan 
-60.875, 68.625, 1.4105660473670386e-22, nan 
-60.625, 68.625, 1.591688241430546e-22, nan 
-60.375, 68.625, 7.727226675936333e-23, nan 
-60.125, 68.625, 1.6451265831667454e-22, nan 
-59.875, 68.625, 1.7546681379107258e-22, nan 
-59.625, 68.625, 7.825987950426156e-23, nan 
-59.375, 68.625, 1.3102587900823289e-22, nan 
-59.125, 68.625, 1.4326728119883512e-22, nan 
-58.875, 68.625, 1.1398339633997404e-22, nan 
-58.625, 68.625, 1.2966412168429388e-22, nan 
-58.375, 68.625, 2.3615861321897935e-22, nan 
-58.125, 68.625, 2.5207794646733282e-22, nan 
-57.875, 68.625, 2.6326089113507722e-22, nan 
-57.625, 68.625, 2.968406187854752e-22, nan 
-57.375, 68.625, 2.3995520140595085e-22, nan 
-57.125, 68.625, 2.794238377415857e-22, nan 
-56.875, 68.625, 2.0033959458966605e-22, nan 
-56.625, 68.625, 2.2573214033280513e-22, nan 
-56.375, 68.625, 2.1712142779535106e-22, nan 
-56.125, 68.625, 4.97169433479801e-22, nan 
-55.875, 68.625, 6.140306911419432e-22, nan 
-55.625, 68.625, 4.683972250914088e-22, nan 
-55.375, 68.625, 5.91634615419377e-22, nan 
-55.125, 68.625, 8.76564707964857e-22, nan 
-54.875, 68.625, 7.50519251819652e-22, nan 
-54.625, 68.625, 2.524155450111672e-22, nan 
-54.375, 68.625, 4.290090736768279e-22, nan 
-54.125, 68.625, 4.430521820171461e-22, nan 
-53.875, 68.625, 1.7644464312975693e-22, nan 
-53.625, 68.625, 3.216133782698815e-22, nan 
-53.375, 68.625, 3.8512368917940813e-22, nan 
-53.125, 68.625, 3.036241196282441e-22, nan 
-52.875, 68.625, 2.8220322611740214e-22, nan 
-52.625, 68.625, 3.369061030475314e-22, nan 
-52.375, 68.625, 5.395057602313146e-22, nan 
-52.125, 68.625, 3.9750112491829933e-22, nan 
-51.875, 68.625, 1.0202779990396475e-22, nan 
-51.625, 68.625, 4.328944204954085e-22, nan 
-51.375, 68.625, 3.9957893901044123e-22, nan 
-51.125, 68.625, 2.586068512514559e-22, nan 
-50.875, 68.625, 4.9291802361747585e-22, nan 
-50.625, 68.625, 3.5581242311830193e-22, nan 
-50.375, 68.625, 3.4643403446036523e-22, nan 
-50.125, 68.625, 3.962380188062799e-22, nan 
-49.875, 68.625, 3.1314091002192675e-22, nan 
-49.625, 68.625, 5.258699606214777e-22, nan 
-49.375, 68.625, 7.594906974503416e-22, nan 
-49.125, 68.625, 7.047230285757669e-22, nan 
-48.875, 68.625, 7.133479393182103e-22, nan 
-48.625, 68.625, 7.544408871556618e-22, nan 
-48.375, 68.625, 5.884248361865233e-22, nan 
-48.125, 68.625, 5.055801421489787e-22, nan 
-47.875, 68.625, 6.30143141397153e-22, nan 
-47.625, 68.625, 8.349099897201686e-22, nan 
-47.375, 68.625, 6.8317854843225085e-22, nan 
-47.125, 68.625, 5.638819675631066e-22, nan 
-46.875, 68.625, 5.911157893697748e-22, nan 
-46.625, 68.625, 4.327765420119295e-22, nan 
-46.375, 68.625, 7.107446990988055e-22, nan 
-46.125, 68.625, 1.1940129140311501e-21, nan 
-45.875, 68.625, 1.0554392375865462e-21, nan 
-45.625, 68.625, 8.974064226857575e-22, nan 
-45.375, 68.625, 1.4015097124956293e-21, nan 
-45.125, 68.625, 9.976895836334023e-22, nan 
-44.875, 68.625, 7.91618245991767e-22, nan 
-44.625, 68.625, 1.1039952884494763e-21, nan 
-44.375, 68.625, 5.341039192202846e-22, nan 
-44.125, 68.625, 5.102936870662801e-22, nan 
-43.875, 68.625, 8.521926406839052e-22, nan 
-43.625, 68.625, 7.116551934358359e-22, nan 
-43.375, 68.625, 8.19418906318702e-22, nan 
-43.125, 68.625, 1.096998808991112e-21, nan 
-42.875, 68.625, 9.462995297109769e-22, nan 
-42.625, 68.625, 1.0457863117749884e-21, nan 
-42.375, 68.625, 1.6918718280135854e-21, nan 
-42.125, 68.625, 2.8675562761232008e-21, nan 
-41.875, 68.625, 4.112200055538088e-21, nan 
-41.625, 68.625, 5.674653821977593e-21, nan 
-41.375, 68.625, 3.804833435491321e-21, nan 
-41.125, 68.625, 4.526086263857737e-21, nan 
-40.875, 68.625, 5.295779345114486e-21, nan 
-40.625, 68.625, 2.7818110910138993e-21, nan 
-40.375, 68.625, 2.649202795027195e-21, nan 
-40.125, 68.625, 1.950596965829865e-21, nan 
-39.875, 68.625, 2.3323597144132278e-21, nan 
-39.625, 68.625, 4.29383845084757e-21, nan 
-39.375, 68.625, 4.6335449312726174e-21, nan 
-39.125, 68.625, 2.352400991397315e-21, nan 
-38.875, 68.625, 3.123738123741994e-21, nan 
-38.625, 68.625, 7.563639557231806e-21, nan 
-38.375, 68.625, 4.201385951595664e-21, nan 
-38.125, 68.625, 4.550595250759824e-21, nan 
-37.875, 68.625, 6.309490897731433e-21, nan 
-37.625, 68.625, 6.663488029407558e-21, nan 
-37.375, 68.625, 7.75166557881988e-21, nan 
-37.125, 68.625, 5.400535568326086e-21, nan 
-36.875, 68.625, 6.593843412525281e-21, nan 
-36.625, 68.625, 1.1351613926589215e-20, nan 
-36.375, 68.625, 1.429527063089947e-20, nan 
-36.125, 68.625, 2.5415230413801634e-20, nan 
-35.875, 68.625, 2.9029335570296554e-20, nan 
-35.625, 68.625, 2.9998264068575244e-20, nan 
-35.375, 68.625, 2.73385762105292e-20, nan 
-35.125, 68.625, 3.044259474533754e-20, nan 
-34.875, 68.625, 2.540168763793521e-20, nan 
-34.625, 68.625, 1.1489035901367802e-20, nan 
-34.375, 68.625, 9.702577639520194e-21, nan 
-34.125, 68.625, 9.237928318988116e-21, nan 
-33.875, 68.625, 9.976274320809515e-21, nan 
-33.625, 68.625, 7.79081855401539e-21, nan 
-33.375, 68.625, 9.277465134668052e-21, nan 
-33.125, 68.625, 1.379436650639768e-20, nan 
-32.875, 68.625, 1.6300006778857743e-20, nan 
-32.625, 68.625, 1.1312640423145828e-20, nan 
-32.375, 68.625, 1.584844284118633e-20, nan 
-32.125, 68.625, 1.8865237356707552e-20, nan 
-31.875, 68.625, 1.1830864366687721e-20, nan 
-31.625, 68.625, 1.9836361442216875e-20, nan 
-31.375, 68.625, 1.68036469292965e-20, nan 
-31.125, 68.625, 1.1770112220034514e-20, nan 
-30.875, 68.625, 1.6581977899819832e-20, nan 
-30.625, 68.625, 1.1753918790592865e-20, nan 
-30.375, 68.625, 9.709956253024084e-21, nan 
-30.125, 68.625, 6.245979296037087e-21, nan 
-29.875, 68.625, 6.767338587427263e-21, nan 
-29.625, 68.625, 5.292381388176978e-21, nan 
-29.375, 68.625, 3.7587641992619455e-21, nan 
-29.125, 68.625, 6.593916159346938e-21, nan 
-28.875, 68.625, 1.2060006642025567e-20, nan 
-28.625, 68.625, 6.0838472222486645e-21, nan 
-28.375, 68.625, 5.587712510162135e-21, nan 
-28.125, 68.625, 7.469682855143594e-21, nan 
-27.875, 68.625, 8.592242413299102e-21, nan 
-27.625, 68.625, 6.894326509366905e-21, nan 
-27.375, 68.625, 5.694641692810704e-21, nan 
-27.125, 68.625, 7.104789738968113e-21, nan 
-26.875, 68.625, 5.533330575430489e-21, nan 
-26.625, 68.625, 4.31377229650277e-21, nan 
-26.375, 68.625, 4.7179766422518e-21, nan 
-26.125, 68.625, 3.7604536754171546e-21, nan 
-25.875, 68.625, 2.6239082617384554e-21, nan 
-25.625, 68.625, 1.8233655952357458e-21, nan 
-25.375, 68.625, 8.587396356708306e-22, nan 
-25.125, 68.625, 1.2217237600896362e-21, nan 
-24.875, 68.625, 2.4931594956877624e-21, nan 
-24.625, 68.625, 1.9211051081652592e-21, nan 
-24.375, 68.625, 1.2648332340307707e-21, nan 
-24.125, 68.625, 1.7427704777317873e-21, nan 
-23.875, 68.625, 1.3566893299066164e-21, nan 
-23.625, 68.625, 1.3946237151803049e-21, nan 
-23.375, 68.625, 9.535114171676523e-22, nan 
-23.125, 68.625, 6.658984569299961e-22, nan 
-22.875, 68.625, 1.9622435755928082e-21, nan 
-22.625, 68.625, 6.298840179136869e-22, nan 
-22.375, 68.625, 4.851646020482366e-22, nan 
-22.125, 68.625, 1.0010183515461836e-21, nan 
-21.875, 68.625, 5.083672285106899e-22, nan 
-21.625, 68.625, 7.265720806147794e-22, nan 
-21.375, 68.625, 5.092318533959957e-22, nan 
-21.125, 68.625, 6.919989106695375e-22, nan 
-20.875, 68.625, 9.881317801336997e-22, nan 
-20.625, 68.625, 4.2200434337089038e-22, nan 
-20.375, 68.625, 1.0637434620577818e-21, nan 
-20.125, 68.625, 1.2926083929027925e-21, nan 
-19.875, 68.625, 1.2281686843318333e-21, nan 
-19.625, 68.625, 1.211643856216642e-21, nan 
-19.375, 68.625, 9.934020794840594e-22, nan 
-19.125, 68.625, 1.0969225864086118e-21, nan 
-18.875, 68.625, 7.602709193573861e-22, nan 
-18.625, 68.625, 5.055429943332333e-22, nan 
-18.375, 68.625, 4.29799174942735e-22, nan 
-18.125, 68.625, 6.545422361224618e-22, nan 
-17.875, 68.625, 4.952799599497828e-22, nan 
-17.625, 68.625, 4.88327643487042e-22, nan 
-17.375, 68.625, 5.838404600306467e-22, nan 
-17.125, 68.625, 6.552552236203377e-22, nan 
-16.875, 68.625, 4.96906914709931e-22, nan 
-16.625, 68.625, 4.768829830896305e-22, nan 
-16.375, 68.625, 3.007486110898254e-22, nan 
-16.125, 68.625, 2.266984917696682e-22, nan 
-15.875, 68.625, 1.573813510859213e-22, nan 
-15.625, 68.625, 3.111773189598642e-22, nan 
-15.375, 68.625, 3.61510434131836e-22, nan 
-15.125, 68.625, 3.6548088209247735e-22, nan 
-14.875, 68.625, 3.486843804211861e-22, nan 
-14.625, 68.625, 6.923419619928589e-22, nan 
-14.375, 68.625, 5.966487615432352e-22, nan 
-14.125, 68.625, 3.5324359338439777e-22, nan 
-13.875, 68.625, 6.887660984987873e-22, nan 
-13.625, 68.625, 7.232878138677966e-22, nan 
-13.375, 68.625, 3.356638877793363e-22, nan 
-13.125, 68.625, 2.457538484435755e-22, nan 
-12.875, 68.625, 2.410536141477093e-22, nan 
-12.625, 68.625, 1.678216548455225e-22, nan 
-12.375, 68.625, 2.2207327868982996e-22, nan 
-12.125, 68.625, 1.7118766042203516e-22, nan 
-11.875, 68.625, 2.0917328409920861e-22, nan 
-11.625, 68.625, 1.5511729698256504e-22, nan 
-11.375, 68.625, 1.606506029836918e-22, nan 
-11.125, 68.625, 1.5810590352556719e-22, nan 
-10.875, 68.625, 6.916251904352118e-23, nan 
-10.625, 68.625, 1.5417338214377022e-22, nan 
-10.375, 68.625, 1.2590060641756107e-22, nan 
-10.125, 68.625, 1.9577280570264093e-22, nan 
-9.875, 68.625, 1.8818908502906272e-22, nan 
-9.625, 68.625, 1.35959026797718e-22, nan 
-9.375, 68.625, 1.5710044691745437e-22, nan 
-9.125, 68.625, 1.764836431860269e-22, nan 
-8.875, 68.625, 2.8160103573445756e-22, nan 
-8.625, 68.625, 3.3973061617263625e-22, nan 
-8.375, 68.625, 2.985289477277999e-22, nan 
-8.125, 68.625, 2.7747641630301907e-22, nan 
-7.875, 68.625, 3.3570472330284785e-22, nan 
-7.625, 68.625, 2.898692187093283e-22, nan 
-7.375, 68.625, 2.0330979884304061e-22, nan 
-7.125, 68.625, 1.1621646369129512e-22, nan 
-6.875, 68.625, 1.4725259518875934e-22, nan 
-6.625, 68.625, 1.8347788266940246e-22, nan 
-6.375, 68.625, 7.417944239343402e-23, nan 
-6.125, 68.625, 8.329448258554812e-23, nan 
-5.875, 68.625, 1.1020352446837956e-22, nan 
-5.625, 68.625, 1.418338459809305e-22, nan 
-5.375, 68.625, 6.029412213523805e-23, nan 
-5.125, 68.625, 1.5470037408102572e-22, nan 
-4.875, 68.625, 1.5106702867188536e-22, nan 
-4.625, 68.625, 1.072920413346412e-22, nan 
-4.375, 68.625, 1.387403497588867e-22, nan 
-4.125, 68.625, 9.769264960920073e-23, nan 
-3.875, 68.625, 1.0565091671504696e-22, nan 
-3.625, 68.625, 9.101126341816723e-23, nan 
-3.375, 68.625, 8.71006219536188e-23, nan 
-3.125, 68.625, 9.194199705583477e-23, nan 
-2.875, 68.625, 9.706094915955273e-23, nan 
-2.625, 68.625, 9.713304989190118e-23, nan 
-2.375, 68.625, 7.936570481584015e-23, nan 
-2.125, 68.625, 1.2695630772002324e-22, nan 
-1.875, 68.625, 7.716349056713779e-23, nan 
-1.625, 68.625, 1.0486721338587694e-22, nan 
-1.375, 68.625, 1.4357827001742394e-22, nan 
-1.125, 68.625, 8.269087047784565e-23, nan 
-0.875, 68.625, 8.828574288997834e-23, nan 
-0.625, 68.625, 4.1734476852423946e-23, nan 
-0.375, 68.625, 3.8884274450675214e-23, nan 
-0.125, 68.625, 2.4919580027714984e-23, nan 
0.125, 68.625, 3.0554814185973705e-23, nan 
0.375, 68.625, 4.9400582011022775e-23, nan 
0.625, 68.625, 2.390724607289196e-23, nan 
0.875, 68.625, 4.346593099770093e-23, nan 
1.125, 68.625, 2.3733114959792194e-23, nan 
1.375, 68.625, 2.341258087165375e-23, nan 
1.625, 68.625, 5.405379668420305e-23, nan 
1.875, 68.625, 6.569115317879032e-23, nan 
2.125, 68.625, 3.7075552804160746e-23, nan 
2.375, 68.625, 1.6386148839435415e-23, nan 
2.625, 68.625, 6.735780535551868e-24, nan 
2.875, 68.625, 3.903436958387251e-23, nan 
3.125, 68.625, 8.921331510343252e-24, nan 
3.375, 68.625, 2.734919542520707e-23, nan 
3.625, 68.625, 3.4730134143851826e-23, nan 
3.875, 68.625, 2.26447455968083e-23, nan 
4.125, 68.625, 2.721483183008824e-23, nan 
4.375, 68.625, 2.864796190889227e-23, nan 
4.625, 68.625, 3.115639956462279e-23, nan 
4.875, 68.625, 2.9804464058448826e-23, nan 
5.125, 68.625, 2.4528582342682624e-23, nan 
5.375, 68.625, 2.5556471778750475e-23, nan 
-87.125, 68.875, 4.665779992406423e-22, nan 
-86.875, 68.875, 4.603816342653675e-22, nan 
-86.625, 68.875, 5.632786947024556e-22, nan 
-86.375, 68.875, 9.048437056093793e-22, nan 
-86.125, 68.875, 6.848715433445804e-22, nan 
-85.875, 68.875, 8.006141790871191e-22, nan 
-85.625, 68.875, 1.0395664177289721e-21, nan 
-85.375, 68.875, 9.560029834184512e-22, nan 
-85.125, 68.875, 1.1125799262774031e-21, nan 
-84.875, 68.875, 9.065691803157595e-22, nan 
-84.625, 68.875, 8.457334467737256e-22, nan 
-84.375, 68.875, 1.0801182828194325e-21, nan 
-84.125, 68.875, 8.2211706765546165e-22, nan 
-83.875, 68.875, 6.149535023381458e-22, nan 
-83.625, 68.875, 4.182231059301777e-22, nan 
-83.375, 68.875, 4.418967164681605e-22, nan 
-83.125, 68.875, 3.95580176718297e-22, nan 
-82.875, 68.875, 3.4165580888076983e-22, nan 
-82.625, 68.875, 6.516189554842679e-22, nan 
-82.375, 68.875, 9.189008523707241e-22, nan 
-82.125, 68.875, 9.198637231417166e-22, nan 
-81.875, 68.875, 1.0232800575068188e-21, nan 
-81.625, 68.875, 1.1020957009588407e-21, nan 
-81.375, 68.875, 1.0789478201388511e-21, nan 
-81.125, 68.875, 1.0681597396703182e-21, nan 
-80.875, 68.875, 1.1398197367638122e-21, nan 
-80.625, 68.875, 1.2372265134399265e-21, nan 
-80.375, 68.875, 8.959359232382174e-22, nan 
-80.125, 68.875, 6.737985887741088e-22, nan 
-79.875, 68.875, 7.366236265935316e-22, nan 
-79.625, 68.875, 5.009797641773173e-22, nan 
-79.375, 68.875, 5.644464758953715e-22, nan 
-79.125, 68.875, 6.365714890212251e-22, nan 
-78.875, 68.875, 6.856860891166672e-22, nan 
-78.625, 68.875, 7.722582370664714e-22, nan 
-78.375, 68.875, 6.557295822080074e-22, nan 
-78.125, 68.875, 6.98998162098442e-22, nan 
-77.875, 68.875, 7.136218827738031e-22, nan 
-77.625, 68.875, 5.575956159468814e-22, nan 
-77.375, 68.875, 4.1509578106255723e-22, nan 
-77.125, 68.875, 3.637974983135439e-22, nan 
-76.875, 68.875, 4.800335403617263e-22, nan 
-76.625, 68.875, 4.824662875676572e-22, nan 
-76.375, 68.875, 6.2090237382479585e-22, nan 
-76.125, 68.875, 5.345229823639765e-22, nan 
-75.875, 68.875, 5.27262604928953e-22, nan 
-75.625, 68.875, 6.554042751527522e-22, nan 
-75.375, 68.875, 7.113025351689001e-22, nan 
-75.125, 68.875, 8.54280713325022e-22, nan 
-74.875, 68.875, 8.481206969097358e-22, nan 
-74.625, 68.875, 5.798558307527016e-22, nan 
-74.375, 68.875, 5.83423075572327e-22, nan 
-74.125, 68.875, 5.674244076030524e-22, nan 
-73.875, 68.875, 5.828514879419637e-22, nan 
-73.625, 68.875, 5.388379119075166e-22, nan 
-73.375, 68.875, 6.3072927895157535e-22, nan 
-73.125, 68.875, 5.403024096972811e-22, nan 
-72.875, 68.875, 4.440906721446816e-22, nan 
-72.625, 68.875, 3.8061895966906044e-22, nan 
-72.375, 68.875, 3.7380260055303104e-22, nan 
-72.125, 68.875, 3.8852153839907377e-22, nan 
-71.875, 68.875, 5.444322265194875e-22, nan 
-71.625, 68.875, 5.491814640092877e-22, nan 
-71.375, 68.875, 5.39748494294093e-22, nan 
-71.125, 68.875, 5.575623578655661e-22, nan 
-70.875, 68.875, 5.343071957990213e-22, nan 
-70.625, 68.875, 4.852924093493798e-22, nan 
-70.375, 68.875, 4.267590385226685e-22, nan 
-70.125, 68.875, 4.403332336713658e-22, nan 
-69.875, 68.875, 4.947830445161769e-22, nan 
-69.625, 68.875, 5.584945790982213e-22, nan 
-69.375, 68.875, 5.2953929894203445e-22, nan 
-69.125, 68.875, 6.0533828268124395e-22, nan 
-68.875, 68.875, 5.961356508577086e-22, nan 
-68.625, 68.875, 5.311719275867526e-22, nan 
-68.375, 68.875, 4.935788477436816e-22, nan 
-68.125, 68.875, 4.745613937449242e-22, nan 
-67.875, 68.875, 4.024803300703681e-22, nan 
-67.625, 68.875, 4.447858384607933e-22, nan 
-67.375, 68.875, 4.984921950439523e-22, nan 
-67.125, 68.875, 4.819819504791571e-22, nan 
-66.875, 68.875, 4.784942882584162e-22, nan 
-66.625, 68.875, 4.953060010419082e-22, nan 
-66.375, 68.875, 4.375271140562904e-22, nan 
-66.125, 68.875, 3.24692832434344e-22, nan 
-65.875, 68.875, 3.707817470907992e-22, nan 
-65.625, 68.875, 3.0178963669107305e-22, nan 
-65.375, 68.875, 3.2294247519160987e-22, nan 
-65.125, 68.875, 2.966891789466667e-22, nan 
-64.875, 68.875, 2.9261390160688212e-22, nan 
-64.625, 68.875, 3.628181034140667e-22, nan 
-64.375, 68.875, 3.6702062692287046e-22, nan 
-64.125, 68.875, 4.261796280135413e-22, nan 
-63.875, 68.875, 4.453605595291035e-22, nan 
-63.625, 68.875, 3.5738777089402873e-22, nan 
-63.375, 68.875, 4.4321289639828515e-22, nan 
-63.125, 68.875, 4.430282534928838e-22, nan 
-62.875, 68.875, 3.3069148663477894e-22, nan 
-62.625, 68.875, 3.1896784412778285e-22, nan 
-62.375, 68.875, 3.33485697913786e-22, nan 
-62.125, 68.875, 2.6761926287379226e-22, nan 
-61.875, 68.875, 1.7347306489839974e-22, nan 
-61.625, 68.875, 1.7318609766114222e-22, nan 
-61.375, 68.875, 1.777050155880395e-22, nan 
-61.125, 68.875, 1.3423063534630257e-22, nan 
-60.875, 68.875, 1.7345798278526381e-22, nan 
-60.625, 68.875, 1.360524270782729e-22, nan 
-60.375, 68.875, 1.4978197665705167e-22, nan 
-60.125, 68.875, 2.589547764677004e-22, nan 
-59.875, 68.875, 1.9913303162094145e-22, nan 
-59.625, 68.875, 2.8940618686303684e-22, nan 
-59.375, 68.875, 2.0875177226106794e-22, nan 
-59.125, 68.875, 1.7933501698978378e-22, nan 
-58.875, 68.875, 1.0404129585774622e-22, nan 
-58.625, 68.875, 3.0489507786517265e-22, nan 
-58.375, 68.875, 2.279703487038335e-22, nan 
-58.125, 68.875, 2.063667037587923e-22, nan 
-57.875, 68.875, 2.067783183071919e-22, nan 
-57.625, 68.875, 2.820492230515713e-22, nan 
-57.375, 68.875, 1.991823145889278e-22, nan 
-57.125, 68.875, 2.762613979042131e-22, nan 
-56.875, 68.875, 2.633368019658162e-22, nan 
-56.625, 68.875, 1.60907922657638e-22, nan 
-56.375, 68.875, 2.4084556839414656e-22, nan 
-56.125, 68.875, 3.178051472496712e-22, nan 
-55.875, 68.875, 3.5506293930136683e-22, nan 
-55.625, 68.875, 2.3452870008313473e-22, nan 
-55.375, 68.875, 3.244092048221859e-22, nan 
-55.125, 68.875, 5.062334648934358e-22, nan 
-54.875, 68.875, 5.43403636165942e-22, nan 
-54.625, 68.875, 2.3207170024750696e-22, nan 
-54.375, 68.875, 3.1645282825779535e-22, nan 
-54.125, 68.875, 1.5118706674444249e-22, nan 
-53.875, 68.875, 2.649158751204618e-22, nan 
-53.625, 68.875, 2.6231978937462914e-22, nan 
-53.375, 68.875, 6.258121891538289e-22, nan 
-53.125, 68.875, 2.0217632570528627e-22, nan 
-52.875, 68.875, 2.2256767613026963e-22, nan 
-52.625, 68.875, 1.521735937852951e-22, nan 
-52.375, 68.875, 3.320008310740219e-22, nan 
-52.125, 68.875, 3.815613991800762e-22, nan 
-51.875, 68.875, 3.0031277632937906e-22, nan 
-51.625, 68.875, 5.055036368611408e-22, nan 
-51.375, 68.875, 4.609201639163981e-22, nan 
-51.125, 68.875, 3.346912215784838e-22, nan 
-50.875, 68.875, 6.002068248826123e-22, nan 
-50.625, 68.875, 3.8868329129386034e-22, nan 
-50.375, 68.875, 2.4404740326761654e-22, nan 
-50.125, 68.875, 5.231463222668304e-22, nan 
-49.875, 68.875, 8.2783818542325515e-22, nan 
-49.625, 68.875, 8.736044930142505e-22, nan 
-49.375, 68.875, 9.12275601024722e-22, nan 
-49.125, 68.875, 8.321613650656654e-22, nan 
-48.875, 68.875, 7.30815288038699e-22, nan 
-48.625, 68.875, 6.017541816237079e-22, nan 
-48.375, 68.875, 7.087414210715717e-22, nan 
-48.125, 68.875, 6.77657052592379e-22, nan 
-47.875, 68.875, 5.693132061676712e-22, nan 
-47.625, 68.875, 9.460967959814959e-22, nan 
-47.375, 68.875, 6.48888424585455e-22, nan 
-47.125, 68.875, 7.759921567681551e-22, nan 
-46.875, 68.875, 6.704070025732046e-22, nan 
-46.625, 68.875, 7.176046059992451e-22, nan 
-46.375, 68.875, 1.2096103151033716e-21, nan 
-46.125, 68.875, 1.42613788268311e-21, nan 
-45.875, 68.875, 1.2485405978647034e-21, nan 
-45.625, 68.875, 1.2423685829167119e-21, nan 
-45.375, 68.875, 1.2708475043212638e-21, nan 
-45.125, 68.875, 1.1642393221887087e-21, nan 
-44.875, 68.875, 1.0512128936089516e-21, nan 
-44.625, 68.875, 1.5739951358427908e-21, nan 
-44.375, 68.875, 1.0797053202771161e-21, nan 
-44.125, 68.875, 9.35918797799753e-22, nan 
-43.875, 68.875, 1.2645468323858635e-21, nan 
-43.625, 68.875, 1.575492216825507e-21, nan 
-43.375, 68.875, 9.592430673964056e-22, nan 
-43.125, 68.875, 4.241489742650459e-22, nan 
-42.875, 68.875, 1.7944623375038618e-21, nan 
-42.625, 68.875, 2.8241482715200357e-21, nan 
-42.375, 68.875, 4.4911549969344305e-21, nan 
-42.125, 68.875, 4.841494880467514e-21, nan 
-41.875, 68.875, 5.505154062492917e-21, nan 
-41.625, 68.875, 7.017119371838328e-21, nan 
-41.375, 68.875, 5.034432506804241e-21, nan 
-41.125, 68.875, 4.273907632033795e-21, nan 
-40.875, 68.875, 2.8436747632319567e-21, nan 
-40.625, 68.875, 1.1055265108361995e-21, nan 
-40.375, 68.875, 2.849910875444457e-21, nan 
-40.125, 68.875, 5.286743505205968e-21, nan 
-39.875, 68.875, 7.89186190382805e-21, nan 
-39.625, 68.875, 1.3443244759519709e-20, nan 
-39.375, 68.875, 1.1490215205569706e-20, nan 
-39.125, 68.875, 6.580200824263401e-21, nan 
-38.875, 68.875, 1.2164802129367719e-20, nan 
-38.625, 68.875, 1.0953924880788673e-20, nan 
-38.375, 68.875, 6.779198159261518e-21, nan 
-38.125, 68.875, 6.129555792680778e-21, nan 
-37.875, 68.875, 5.947990775717012e-21, nan 
-37.625, 68.875, 8.722829570931333e-21, nan 
-37.375, 68.875, 9.526123255139248e-21, nan 
-37.125, 68.875, 6.777982282862431e-21, nan 
-36.875, 68.875, 1.6968832574101997e-20, nan 
-36.625, 68.875, 2.3683812959837118e-20, nan 
-36.375, 68.875, 3.1176601921265246e-20, nan 
-36.125, 68.875, 4.045408886773168e-20, nan 
-35.875, 68.875, 3.789082449553225e-20, nan 
-35.625, 68.875, 3.647766552584814e-20, nan 
-35.375, 68.875, 2.396405911809916e-20, nan 
-35.125, 68.875, 2.1624844453882195e-20, nan 
-34.875, 68.875, 1.3582089149003295e-20, nan 
-34.625, 68.875, 9.44937201445213e-21, nan 
-34.375, 68.875, 7.699531355241939e-21, nan 
-34.125, 68.875, 4.679169056553329e-21, nan 
-33.875, 68.875, 1.9791848828742985e-20, nan 
-33.625, 68.875, 9.969975220844903e-21, nan 
-33.375, 68.875, 8.940231941610044e-21, nan 
-33.125, 68.875, 1.285196129704862e-20, nan 
-32.875, 68.875, 8.542692122090481e-21, nan 
-32.625, 68.875, 7.376947504956539e-21, nan 
-32.375, 68.875, 1.3579260030804987e-20, nan 
-32.125, 68.875, 1.5823466393580302e-20, nan 
-31.875, 68.875, 1.4357201210804532e-20, nan 
-31.625, 68.875, 1.375455634368434e-20, nan 
-31.375, 68.875, 1.2345267924115758e-20, nan 
-31.125, 68.875, 1.0274469503328872e-20, nan 
-30.875, 68.875, 6.326657450145196e-21, nan 
-30.625, 68.875, 5.060494718879969e-21, nan 
-30.375, 68.875, 4.966115053886113e-21, nan 
-30.125, 68.875, 4.733534254332137e-21, nan 
-29.875, 68.875, 7.180272008606977e-21, nan 
-29.625, 68.875, 4.73758444823857e-21, nan 
-29.375, 68.875, 4.741432541652012e-21, nan 
-29.125, 68.875, 5.8337591864676036e-21, nan 
-28.875, 68.875, 5.9292890212653556e-21, nan 
-28.625, 68.875, 7.914859871784526e-21, nan 
-28.375, 68.875, 8.186899693241076e-21, nan 
-28.125, 68.875, 8.41560615663276e-21, nan 
-27.875, 68.875, 7.75854327116477e-21, nan 
-27.625, 68.875, 5.367648670281047e-21, nan 
-27.375, 68.875, 4.952797793667153e-21, nan 
-27.125, 68.875, 6.797432587882035e-21, nan 
-26.875, 68.875, 7.724297487001638e-21, nan 
-26.625, 68.875, 5.560657062711166e-21, nan 
-26.375, 68.875, 5.66687165887107e-21, nan 
-26.125, 68.875, 4.308840302834501e-21, nan 
-25.875, 68.875, 3.0061051752409148e-21, nan 
-25.625, 68.875, 2.8293917021198572e-21, nan 
-25.375, 68.875, 2.4688666605582136e-21, nan 
-25.125, 68.875, 1.8802970274887455e-21, nan 
-24.875, 68.875, 1.1789730971421402e-21, nan 
-24.625, 68.875, 8.157956438578251e-22, nan 
-24.375, 68.875, 9.88417030454629e-22, nan 
-24.125, 68.875, 6.7435729565361265e-22, nan 
-23.875, 68.875, 3.6455831141068144e-22, nan 
-23.625, 68.875, 4.451843378818317e-22, nan 
-23.375, 68.875, 6.737002763934274e-22, nan 
-23.125, 68.875, 4.928786923632429e-22, nan 
-22.875, 68.875, 9.809924587125867e-22, nan 
-22.625, 68.875, 5.219946390950219e-22, nan 
-22.375, 68.875, 6.029409435798725e-22, nan 
-22.125, 68.875, 6.371720553330308e-22, nan 
-21.875, 68.875, 1.0494162877545618e-21, nan 
-21.625, 68.875, 4.387658872727771e-22, nan 
-21.375, 68.875, 5.27715813158905e-22, nan 
-21.125, 68.875, 4.456092762584805e-22, nan 
-20.875, 68.875, 4.531342533192008e-22, nan 
-20.625, 68.875, 5.723273330615521e-22, nan 
-20.375, 68.875, 9.006028643626623e-22, nan 
-20.125, 68.875, 1.0066504077853253e-21, nan 
-19.875, 68.875, 8.862322722342868e-22, nan 
-19.625, 68.875, 7.5230519981613055e-22, nan 
-19.375, 68.875, 8.074799146868995e-22, nan 
-19.125, 68.875, 7.2195474970813595e-22, nan 
-18.875, 68.875, 5.929915822666214e-22, nan 
-18.625, 68.875, 5.613872812460356e-22, nan 
-18.375, 68.875, 3.8341172367191547e-22, nan 
-18.125, 68.875, 5.475038782707671e-22, nan 
-17.875, 68.875, 5.776115988453158e-22, nan 
-17.625, 68.875, 3.3968425605139917e-22, nan 
-17.375, 68.875, 3.097712115349604e-22, nan 
-17.125, 68.875, 3.547678462930652e-22, nan 
-16.875, 68.875, 4.070064395588428e-22, nan 
-16.625, 68.875, 5.867749401560101e-22, nan 
-16.375, 68.875, 2.3521275256815336e-22, nan 
-16.125, 68.875, 1.722281137803959e-22, nan 
-15.875, 68.875, 1.809617177806524e-22, nan 
-15.625, 68.875, 2.3605470979171535e-22, nan 
-15.375, 68.875, 1.263279013739717e-22, nan 
-15.125, 68.875, 3.533812168940966e-22, nan 
-14.875, 68.875, 3.9334589945159394e-22, nan 
-14.625, 68.875, 4.361189377434058e-22, nan 
-14.375, 68.875, 3.4449848390662232e-22, nan 
-14.125, 68.875, 3.71724162604872e-22, nan 
-13.875, 68.875, 4.446939311204117e-22, nan 
-13.625, 68.875, 4.299929049313442e-22, nan 
-13.375, 68.875, 2.560201881588018e-22, nan 
-13.125, 68.875, 1.9051285325838935e-22, nan 
-12.875, 68.875, 3.0999488832781545e-22, nan 
-12.625, 68.875, 2.464370009502769e-22, nan 
-12.375, 68.875, 2.0939645012669403e-22, nan 
-12.125, 68.875, 2.3733330255596267e-22, nan 
-11.875, 68.875, 1.7869903135813517e-22, nan 
-11.625, 68.875, 1.5543236792485655e-22, nan 
-11.375, 68.875, 2.8232692874947954e-22, nan 
-11.125, 68.875, 2.289419368615348e-22, nan 
-10.875, 68.875, 1.996509531356654e-22, nan 
-10.625, 68.875, 1.7889800809768367e-22, nan 
-10.375, 68.875, 1.7694132401152678e-22, nan 
-10.125, 68.875, 2.5442470782030847e-22, nan 
-9.875, 68.875, 3.9893042686908764e-22, nan 
-9.625, 68.875, 5.190171551717603e-22, nan 
-9.375, 68.875, 1.830508071408266e-22, nan 
-9.125, 68.875, 1.3467303867496086e-22, nan 
-8.875, 68.875, 1.8381034786881995e-22, nan 
-8.625, 68.875, 1.8837515117690815e-22, nan 
-8.375, 68.875, 1.6624136589224003e-22, nan 
-8.125, 68.875, 2.473635068264454e-22, nan 
-7.875, 68.875, 2.139593230163997e-22, nan 
-7.625, 68.875, 2.3248743431883124e-22, nan 
-7.375, 68.875, 1.906231456543683e-22, nan 
-7.125, 68.875, 2.100928419995103e-22, nan 
-6.875, 68.875, 1.6087225536929175e-22, nan 
-6.625, 68.875, 1.2921329699180173e-22, nan 
-6.375, 68.875, 4.1097600435564154e-23, nan 
-6.125, 68.875, 1.0255723274697228e-22, nan 
-5.875, 68.875, 1.6636370834100404e-22, nan 
-5.625, 68.875, 1.7357389902995603e-22, nan 
-5.375, 68.875, 1.2108463591344014e-22, nan 
-5.125, 68.875, 1.5253486608887328e-22, nan 
-4.875, 68.875, 1.9179062726831042e-22, nan 
-4.625, 68.875, 1.6706197600077409e-22, nan 
-4.375, 68.875, 1.3666619169746264e-22, nan 
-4.125, 68.875, 1.301680313427903e-22, nan 
-3.875, 68.875, 1.1843386997645925e-22, nan 
-3.625, 68.875, 1.0484487017616073e-22, nan 
-3.375, 68.875, 7.296211757310696e-23, nan 
-3.125, 68.875, 9.33256512748749e-23, nan 
-2.875, 68.875, 8.94603489901884e-23, nan 
-2.625, 68.875, 7.01124769189535e-23, nan 
-2.375, 68.875, 7.664854774968364e-23, nan 
-2.125, 68.875, 8.076038936963635e-23, nan 
-1.875, 68.875, 6.44527816095474e-23, nan 
-1.625, 68.875, 8.256920458804766e-23, nan 
-1.375, 68.875, 6.903725475087641e-23, nan 
-1.125, 68.875, 9.015956626952928e-23, nan 
-0.875, 68.875, 1.0065421152528404e-22, nan 
-0.625, 68.875, 4.1680036012682854e-23, nan 
-0.375, 68.875, 2.5682708084525768e-23, nan 
-0.125, 68.875, 2.1605811812308246e-23, nan 
0.125, 68.875, 2.982908265582487e-23, nan 
0.375, 68.875, 3.3950684026974696e-23, nan 
0.625, 68.875, 2.690810362785906e-23, nan 
0.875, 68.875, 4.083808802933913e-23, nan 
1.125, 68.875, 4.6450341432804067e-23, nan 
1.375, 68.875, 1.9918102954267977e-23, nan 
1.625, 68.875, 1.4097394859777576e-23, nan 
1.875, 68.875, 1.89966576710397e-23, nan 
2.125, 68.875, 1.3873578116118572e-23, nan 
2.375, 68.875, 1.4236185821695286e-23, nan 
2.625, 68.875, 1.4338555873781983e-23, nan 
2.875, 68.875, 2.1670785641991616e-23, nan 
3.125, 68.875, 1.7136087034437907e-23, nan 
3.375, 68.875, 2.33491081059058e-23, nan 
3.625, 68.875, 2.817453289701307e-23, nan 
3.875, 68.875, 2.5412573179006822e-23, nan 
4.125, 68.875, 1.925376574824116e-23, nan 
4.375, 68.875, 2.2825093258960303e-23, nan 
4.625, 68.875, 3.1596112360017735e-23, nan 
4.875, 68.875, 3.068674687984193e-23, nan 
5.125, 68.875, 2.3591101249687342e-23, nan 
5.375, 68.875, 2.3796928892310728e-23, nan 
5.625, 68.875, 2.5020111143714697e-23, nan 
5.875, 68.875, 1.8330246150956134e-23, nan 
6.125, 68.875, 1.4326946680772696e-23, nan 
-87.375, 69.125, 6.454943949719009e-22, nan 
-87.125, 69.125, 4.87493670715612e-22, nan 
-86.875, 69.125, 6.285064631226167e-22, nan 
-86.625, 69.125, 4.713875903930939e-22, nan 
-86.375, 69.125, 4.929676791107472e-22, nan 
-86.125, 69.125, 1.0829974487209195e-21, nan 
-85.875, 69.125, 1.0435134860695924e-21, nan 
-85.625, 69.125, 1.0629526654331173e-21, nan 
-85.375, 69.125, 1.169056492578193e-21, nan 
-85.125, 69.125, 1.2101231736875771e-21, nan 
-84.875, 69.125, 1.2601771324561053e-21, nan 
-84.625, 69.125, 8.698329931019078e-22, nan 
-84.375, 69.125, 7.641631850400675e-22, nan 
-84.125, 69.125, 7.375911550281321e-22, nan 
-83.875, 69.125, 7.219240831467879e-22, nan 
-83.625, 69.125, 6.673292524608997e-22, nan 
-83.375, 69.125, 7.503246078588563e-22, nan 
-83.125, 69.125, 9.830098796201089e-22, nan 
-82.875, 69.125, 1.0093943966936527e-21, nan 
-82.625, 69.125, 9.949625608358977e-22, nan 
-82.375, 69.125, 1.1831503507970346e-21, nan 
-82.125, 69.125, 1.1676078649293935e-21, nan 
-81.875, 69.125, 9.828186613257175e-22, nan 
-81.625, 69.125, 8.811283784166655e-22, nan 
-81.375, 69.125, 9.832486079608492e-22, nan 
-81.125, 69.125, 8.905226167164606e-22, nan 
-80.875, 69.125, 7.99773003813069e-22, nan 
-80.625, 69.125, 8.70934831185955e-22, nan 
-80.375, 69.125, 7.186876319395606e-22, nan 
-80.125, 69.125, 6.286278156504534e-22, nan 
-79.875, 69.125, 4.224145565097897e-22, nan 
-79.625, 69.125, 4.069808389104013e-22, nan 
-79.375, 69.125, 5.448835812038369e-22, nan 
-79.125, 69.125, 5.934489718961133e-22, nan 
-78.875, 69.125, 6.496977155024431e-22, nan 
-78.625, 69.125, 6.201932141265523e-22, nan 
-78.375, 69.125, 5.09764642495625e-22, nan 
-78.125, 69.125, 5.303622143141248e-22, nan 
-77.875, 69.125, 4.427176045631865e-22, nan 
-77.625, 69.125, 5.743825934961823e-22, nan 
-77.375, 69.125, 4.37180201160901e-22, nan 
-77.125, 69.125, 5.003173635582988e-22, nan 
-76.875, 69.125, 4.0759662411562463e-22, nan 
-76.625, 69.125, 3.32914164308637e-22, nan 
-76.375, 69.125, 5.854743543277615e-22, nan 
-76.125, 69.125, 2.885444280481349e-22, nan 
-75.875, 69.125, 5.237079206412217e-22, nan 
-75.625, 69.125, 4.9721212128874875e-22, nan 
-75.375, 69.125, 4.566151615411778e-22, nan 
-75.125, 69.125, 7.338258812527335e-22, nan 
-74.875, 69.125, 7.116793854158091e-22, nan 
-74.625, 69.125, 6.886445573798498e-22, nan 
-74.375, 69.125, 6.493359244107978e-22, nan 
-74.125, 69.125, 7.075605901524713e-22, nan 
-73.875, 69.125, 7.774501722880049e-22, nan 
-73.625, 69.125, 6.503432543288857e-22, nan 
-73.375, 69.125, 6.453506865929858e-22, nan 
-73.125, 69.125, 5.203405682562282e-22, nan 
-72.875, 69.125, 4.9137613750056415e-22, nan 
-72.625, 69.125, 3.828353411212348e-22, nan 
-72.375, 69.125, 4.172389223680454e-22, nan 
-72.125, 69.125, 5.951594905203783e-22, nan 
-71.875, 69.125, 6.241857902561797e-22, nan 
-71.625, 69.125, 7.379102368093491e-22, nan 
-71.375, 69.125, 6.265642361133628e-22, nan 
-71.125, 69.125, 5.843953514339289e-22, nan 
-70.875, 69.125, 6.390080086409154e-22, nan 
-70.625, 69.125, 4.303843614057928e-22, nan 
-70.375, 69.125, 4.9395642714246e-22, nan 
-70.125, 69.125, 5.159963745151928e-22, nan 
-69.875, 69.125, 5.826317052699661e-22, nan 
-69.625, 69.125, 7.519938163286701e-22, nan 
-69.375, 69.125, 7.416795582798105e-22, nan 
-69.125, 69.125, 6.589905766444352e-22, nan 
-68.875, 69.125, 6.551788479182529e-22, nan 
-68.625, 69.125, 6.280561030414004e-22, nan 
-68.375, 69.125, 5.184012561024347e-22, nan 
-68.125, 69.125, 4.743419118915706e-22, nan 
-67.875, 69.125, 4.28339003970269e-22, nan 
-67.625, 69.125, 4.8951454974010855e-22, nan 
-67.375, 69.125, 5.384464357411269e-22, nan 
-67.125, 69.125, 4.990881390735302e-22, nan 
-66.875, 69.125, 5.23879194886205e-22, nan 
-66.625, 69.125, 4.238589376844248e-22, nan 
-66.375, 69.125, 5.345983628340521e-22, nan 
-66.125, 69.125, 4.783758488928313e-22, nan 
-65.875, 69.125, 4.294194886703805e-22, nan 
-65.625, 69.125, 3.155345363988019e-22, nan 
-65.375, 69.125, 3.7992544698841797e-22, nan 
-65.125, 69.125, 3.588649635377466e-22, nan 
-64.875, 69.125, 4.582816783435759e-22, nan 
-64.625, 69.125, 7.057548777643304e-22, nan 
-64.375, 69.125, 5.803041054544715e-22, nan 
-64.125, 69.125, 5.575308030238922e-22, nan 
-63.875, 69.125, 6.780805366589236e-22, nan 
-63.625, 69.125, 5.891547052316077e-22, nan 
-63.375, 69.125, 6.401904328602026e-22, nan 
-63.125, 69.125, 5.107014143566196e-22, nan 
-62.875, 69.125, 4.7247460231584645e-22, nan 
-62.625, 69.125, 5.133076183766502e-22, nan 
-62.375, 69.125, 3.9755672589489955e-22, nan 
-62.125, 69.125, 3.320113801143966e-22, nan 
-61.875, 69.125, 2.578339091010222e-22, nan 
-61.625, 69.125, 1.8154648882270586e-22, nan 
-61.375, 69.125, 1.8972263635432096e-22, nan 
-61.125, 69.125, 2.0536143099386833e-22, nan 
-60.875, 69.125, 1.1804468200165541e-22, nan 
-60.625, 69.125, 1.3578836033025835e-22, nan 
-60.375, 69.125, 2.39815138621033e-22, nan 
-60.125, 69.125, 2.3672909574114984e-22, nan 
-59.875, 69.125, 2.935132302471709e-22, nan 
-59.625, 69.125, 5.801133968315274e-22, nan 
-59.375, 69.125, 2.3904144757226934e-22, nan 
-59.125, 69.125, 1.9525003650698393e-22, nan 
-58.875, 69.125, 3.394862205958439e-22, nan 
-58.625, 69.125, 4.545961908168634e-22, nan 
-58.375, 69.125, 3.14268893926952e-22, nan 
-58.125, 69.125, 2.781676823484599e-22, nan 
-57.875, 69.125, 3.2800943578395156e-22, nan 
-57.625, 69.125, 2.8492273139101628e-22, nan 
-57.375, 69.125, 5.037559776992996e-22, nan 
-57.125, 69.125, 3.6239154104888116e-22, nan 
-56.875, 69.125, 3.603001366555086e-22, nan 
-56.625, 69.125, 3.231347829452231e-22, nan 
-56.375, 69.125, 4.407027901316986e-22, nan 
-56.125, 69.125, 3.5471884876110756e-22, nan 
-55.875, 69.125, 3.826313678081616e-22, nan 
-55.625, 69.125, 4.619214103846447e-22, nan 
-55.375, 69.125, 4.0201657398240454e-22, nan 
-55.125, 69.125, 3.0319687437203796e-22, nan 
-54.875, 69.125, 4.2617284220135175e-22, nan 
-54.625, 69.125, 3.6762372477095967e-22, nan 
-54.375, 69.125, 4.8686377443206105e-22, nan 
-54.125, 69.125, 8.400977168557644e-22, nan 
-53.875, 69.125, 4.909254578363687e-22, nan 
-53.625, 69.125, 3.9799411135349723e-22, nan 
-53.375, 69.125, 1.2393039742027244e-21, nan 
-53.125, 69.125, 2.4849879953277003e-22, nan 
-52.875, 69.125, 3.8231869671266647e-22, nan 
-52.625, 69.125, 6.688848305652173e-22, nan 
-52.375, 69.125, 4.193228205005792e-22, nan 
-52.125, 69.125, 4.951323841689431e-22, nan 
-51.875, 69.125, 4.314409195532004e-22, nan 
-51.625, 69.125, 4.968620621771764e-22, nan 
-51.375, 69.125, 5.920670078244074e-22, nan 
-51.125, 69.125, 4.407437805666605e-22, nan 
-50.875, 69.125, 3.767526471702955e-22, nan 
-50.625, 69.125, 5.484574409349536e-22, nan 
-50.375, 69.125, 6.67309165634196e-22, nan 
-50.125, 69.125, 8.997888308949404e-22, nan 
-49.875, 69.125, 8.804067014192543e-22, nan 
-49.625, 69.125, 9.965153833395357e-22, nan 
-49.375, 69.125, 8.970311954029363e-22, nan 
-49.125, 69.125, 8.042150452537258e-22, nan 
-48.875, 69.125, 8.199788889540163e-22, nan 
-48.625, 69.125, 3.4777075177673745e-22, nan 
-48.375, 69.125, 1.1261448088079706e-21, nan 
-48.125, 69.125, 1.0095447717122436e-21, nan 
-47.875, 69.125, 7.148350094698622e-22, nan 
-47.625, 69.125, 1.903166036883904e-21, nan 
-47.375, 69.125, 8.304724138469312e-22, nan 
-47.125, 69.125, 1.1253360681468006e-21, nan 
-46.875, 69.125, 1.5849310212579252e-21, nan 
-46.625, 69.125, 1.045295907875405e-21, nan 
-46.375, 69.125, 1.0540496190605096e-21, nan 
-46.125, 69.125, 9.454224359278868e-22, nan 
-45.875, 69.125, 1.0792205126600598e-21, nan 
-45.625, 69.125, 8.928161582272347e-22, nan 
-45.375, 69.125, 8.64238746678627e-22, nan 
-45.125, 69.125, 1.575989051215082e-21, nan 
-44.875, 69.125, 1.2230582718365175e-21, nan 
-44.625, 69.125, 1.7217114714977534e-21, nan 
-44.375, 69.125, 2.192608893498085e-21, nan 
-44.125, 69.125, 1.0481122359679186e-21, nan 
-43.875, 69.125, 1.802465172999377e-21, nan 
-43.625, 69.125, 2.276667901437495e-21, nan 
-43.375, 69.125, 2.6718828579339624e-21, nan 
-43.125, 69.125, 3.582912853377097e-21, nan 
-42.875, 69.125, 4.089322679882894e-21, nan 
-42.625, 69.125, 4.665191799707797e-21, nan 
-42.375, 69.125, 6.482706170067905e-21, nan 
-42.125, 69.125, 7.581613076543877e-21, nan 
-41.875, 69.125, 5.679515219637076e-21, nan 
-41.625, 69.125, 3.656759574837789e-21, nan 
-41.375, 69.125, 6.799566546453104e-21, nan 
-41.125, 69.125, 5.639536700270443e-21, nan 
-40.875, 69.125, 9.568165041200714e-21, nan 
-40.625, 69.125, 8.153005932389909e-21, nan 
-40.375, 69.125, 8.190243179217072e-21, nan 
-40.125, 69.125, 1.2235962436884313e-20, nan 
-39.875, 69.125, 1.2847222896231752e-20, nan 
-39.625, 69.125, 1.6069445155434327e-20, nan 
-39.375, 69.125, 1.4642122358272355e-20, nan 
-39.125, 69.125, 6.538946407175057e-21, nan 
-38.875, 69.125, 8.033675185238857e-21, nan 
-38.625, 69.125, 1.0036758991594585e-20, nan 
-38.375, 69.125, 1.1375869560307652e-20, nan 
-38.125, 69.125, 1.0971791260207517e-20, nan 
-37.875, 69.125, 7.567135641929628e-21, nan 
-37.625, 69.125, 1.038052230605036e-20, nan 
-37.375, 69.125, 1.751041578193602e-20, nan 
-37.125, 69.125, 1.3272720663639311e-20, nan 
-36.875, 69.125, 4.694305942220179e-20, nan 
-36.625, 69.125, 4.469942971742931e-20, nan 
-36.375, 69.125, 4.1300728797699024e-20, nan 
-36.125, 69.125, 4.7973328644061756e-20, nan 
-35.875, 69.125, 4.0506169976397857e-20, nan 
-35.625, 69.125, 3.2536980366571765e-20, nan 
-35.375, 69.125, 1.0679480177588028e-20, nan 
-35.125, 69.125, 2.1370935860058034e-20, nan 
-34.875, 69.125, 1.7134400180960902e-20, nan 
-34.625, 69.125, 8.722687330428666e-21, nan 
-34.375, 69.125, 1.103314068511852e-20, nan 
-34.125, 69.125, 6.440379262227709e-21, nan 
-33.875, 69.125, 8.797594593936636e-21, nan 
-33.625, 69.125, 6.0664238360841856e-21, nan 
-33.375, 69.125, 4.329281606437598e-21, nan 
-33.125, 69.125, 9.029662863665856e-21, nan 
-32.875, 69.125, 5.841984107514545e-21, nan 
-32.625, 69.125, 7.664442158058503e-21, nan 
-32.375, 69.125, 1.3811905140041036e-20, nan 
-32.125, 69.125, 1.3154836789609907e-20, nan 
-31.875, 69.125, 1.046737359465785e-20, nan 
-31.625, 69.125, 1.1693969451081054e-20, nan 
-31.375, 69.125, 1.1414627798493642e-20, nan 
-31.125, 69.125, 7.384901490670653e-21, nan 
-30.875, 69.125, 4.800386463385069e-21, nan 
-30.625, 69.125, 6.666225227853678e-21, nan 
-30.375, 69.125, 1.032108081889666e-20, nan 
-30.125, 69.125, 5.7699945366371054e-21, nan 
-29.875, 69.125, 1.1617409354302345e-20, nan 
-29.625, 69.125, 6.208572179396382e-21, nan 
-29.375, 69.125, 7.742899516904502e-21, nan 
-29.125, 69.125, 9.559892868536432e-21, nan 
-28.875, 69.125, 7.318964733304933e-21, nan 
-28.625, 69.125, 6.978298149343229e-21, nan 
-28.375, 69.125, 8.351641336626566e-21, nan 
-28.125, 69.125, 6.64449474067394e-21, nan 
-27.875, 69.125, 2.8723433732407743e-21, nan 
-27.625, 69.125, 3.572369958829718e-21, nan 
-27.375, 69.125, 4.143013650466842e-21, nan 
-27.125, 69.125, 3.747238307930527e-21, nan 
-26.875, 69.125, 5.380740263827631e-21, nan 
-26.625, 69.125, 5.258296685448039e-21, nan 
-26.375, 69.125, 4.801728817735765e-21, nan 
-26.125, 69.125, 3.2164593766560386e-21, nan 
-25.875, 69.125, 3.141730730969683e-21, nan 
-25.625, 69.125, 3.5816092496268174e-21, nan 
-25.375, 69.125, 1.8136777509474765e-21, nan 
-25.125, 69.125, 6.820072022202062e-22, nan 
-24.875, 69.125, 4.1747947351182847e-22, nan 
-24.625, 69.125, 4.0208172084801725e-22, nan 
-24.375, 69.125, 6.283820124188069e-22, nan 
-24.125, 69.125, 4.889602404547913e-22, nan 
-23.875, 69.125, 1.6457668328862712e-22, nan 
-23.625, 69.125, 3.5138221936743907e-22, nan 
-23.375, 69.125, 7.9502769150826e-22, nan 
-23.125, 69.125, 6.487686519848001e-22, nan 
-22.875, 69.125, 3.578239002569439e-22, nan 
-22.625, 69.125, 1.039598887927634e-21, nan 
-22.375, 69.125, 8.2857264558540025e-22, nan 
-22.125, 69.125, 7.461202529059002e-22, nan 
-21.875, 69.125, 1.299722526502303e-21, nan 
-21.625, 69.125, 9.75949345309852e-22, nan 
-21.375, 69.125, 7.8178116499400865e-22, nan 
-21.125, 69.125, 8.21826973352929e-22, nan 
-20.875, 69.125, 6.286423880537385e-22, nan 
-20.625, 69.125, 5.228440664972338e-22, nan 
-20.375, 69.125, 6.004214137288191e-22, nan 
-20.125, 69.125, 7.398122832840663e-22, nan 
-19.875, 69.125, 5.767346796769942e-22, nan 
-19.625, 69.125, 4.1133282521918246e-22, nan 
-19.375, 69.125, 4.328518768341387e-22, nan 
-19.125, 69.125, 3.334264968958032e-22, nan 
-18.875, 69.125, 3.9959553138226044e-22, nan 
-18.625, 69.125, 4.820137173536618e-22, nan 
-18.375, 69.125, 4.579608984770787e-22, nan 
-18.125, 69.125, 3.591394488164579e-22, nan 
-17.875, 69.125, 4.311084050286051e-22, nan 
-17.625, 69.125, 3.529125114814493e-22, nan 
-17.375, 69.125, 3.0310407523427235e-22, nan 
-17.125, 69.125, 1.8937166126297528e-22, nan 
-16.875, 69.125, 3.955062344156108e-22, nan 
-16.625, 69.125, 7.507274904767388e-22, nan 
-16.375, 69.125, 2.8057101730488774e-22, nan 
-16.125, 69.125, 4.882180035523487e-22, nan 
-15.875, 69.125, 4.926970806611905e-22, nan 
-15.625, 69.125, 3.326078066926664e-22, nan 
-15.375, 69.125, 3.260163656720593e-22, nan 
-15.125, 69.125, 3.3194906885808863e-22, nan 
-14.875, 69.125, 4.0085069120909826e-22, nan 
-14.625, 69.125, 3.4530683571862924e-22, nan 
-14.375, 69.125, 3.1207837056295865e-22, nan 
-14.125, 69.125, 2.7338820595446537e-22, nan 
-13.875, 69.125, 2.8167896853175404e-22, nan 
-13.625, 69.125, 2.689413724177563e-22, nan 
-13.375, 69.125, 2.6518198797078e-22, nan 
-13.125, 69.125, 2.6137383179837526e-22, nan 
-12.875, 69.125, 2.3712645811632426e-22, nan 
-12.625, 69.125, 2.4965897301097743e-22, nan 
-12.375, 69.125, 2.15177231562764e-22, nan 
-12.125, 69.125, 2.647259769909384e-22, nan 
-11.875, 69.125, 1.9019773419997323e-22, nan 
-11.625, 69.125, 1.6933577106544952e-22, nan 
-11.375, 69.125, 2.97415216844506e-22, nan 
-11.125, 69.125, 2.5887081074538e-22, nan 
-10.875, 69.125, 2.4244858517799387e-22, nan 
-10.625, 69.125, 3.8151907374600374e-22, nan 
-10.375, 69.125, 4.497458893866634e-22, nan 
-10.125, 69.125, 2.438794967808357e-22, nan 
-9.875, 69.125, 5.226931217687283e-22, nan 
-9.625, 69.125, 6.57870072367324e-22, nan 
-9.375, 69.125, 1.433730189106813e-22, nan 
-9.125, 69.125, 2.4683644684689704e-22, nan 
-8.875, 69.125, 2.81128745915232e-22, nan 
-8.625, 69.125, 3.37862682855086e-22, nan 
-8.375, 69.125, 5.443907157427454e-22, nan 
-8.125, 69.125, 5.166977283190912e-22, nan 
-7.875, 69.125, 6.095897223437002e-22, nan 
-7.625, 69.125, 4.557808639742684e-22, nan 
-7.375, 69.125, 4.684242415311228e-22, nan 
-7.125, 69.125, 3.1522678122802434e-22, nan 
-6.875, 69.125, 1.6523556187699393e-22, nan 
-6.625, 69.125, 1.0450617218032731e-22, nan 
-6.375, 69.125, 1.4616002383738988e-22, nan 
-6.125, 69.125, 1.5560949771728952e-22, nan 
-5.875, 69.125, 1.417995194343484e-22, nan 
-5.625, 69.125, 1.4552260940021488e-22, nan 
-5.375, 69.125, 1.4332862269828764e-22, nan 
-5.125, 69.125, 1.2728072393501175e-22, nan 
-4.875, 69.125, 1.2228402945318342e-22, nan 
-4.625, 69.125, 1.2952832342074805e-22, nan 
-4.375, 69.125, 1.203468938049093e-22, nan 
-4.125, 69.125, 1.103638016953525e-22, nan 
-3.875, 69.125, 1.5668345973326982e-22, nan 
-3.625, 69.125, 1.364025562590024e-22, nan 
-3.375, 69.125, 1.3245667235881686e-22, nan 
-3.125, 69.125, 7.568089595734501e-23, nan 
-2.875, 69.125, 8.590426215228473e-23, nan 
-2.625, 69.125, 9.214017583118727e-23, nan 
-2.375, 69.125, 5.386498801753898e-23, nan 
-2.125, 69.125, 8.002677549389829e-23, nan 
-1.875, 69.125, 2.1006581220302134e-23, nan 
-1.625, 69.125, 3.6624587906752083e-23, nan 
-1.375, 69.125, 5.117289607013852e-23, nan 
-1.125, 69.125, 6.680760178708948e-23, nan 
-0.875, 69.125, 9.176075038918729e-23, nan 
-0.625, 69.125, 4.7757944005964724e-23, nan 
-0.375, 69.125, 4.6413898754559434e-23, nan 
-0.125, 69.125, 4.5251389620470074e-23, nan 
0.125, 69.125, 2.840704322564574e-23, nan 
0.375, 69.125, 3.054616851993601e-23, nan 
0.625, 69.125, 2.9826534279570306e-23, nan 
0.875, 69.125, 4.2579852283152364e-23, nan 
1.125, 69.125, 3.500095148607501e-23, nan 
1.375, 69.125, 2.4217725652519e-23, nan 
1.625, 69.125, 3.0847460068350276e-23, nan 
1.875, 69.125, 2.553452282869149e-23, nan 
2.125, 69.125, 2.4448939522867927e-23, nan 
2.375, 69.125, 1.9427998005492836e-23, nan 
2.625, 69.125, 4.314615652604568e-23, nan 
2.875, 69.125, 3.030060604773855e-23, nan 
3.125, 69.125, 2.6608883819350884e-23, nan 
3.375, 69.125, 2.0198168736868197e-23, nan 
3.625, 69.125, 2.0956987372536158e-23, nan 
3.875, 69.125, 2.8387665192914825e-23, nan 
4.125, 69.125, 2.456871776400181e-23, nan 
4.375, 69.125, 2.269956424470082e-23, nan 
4.625, 69.125, 2.533497703307172e-23, nan 
4.875, 69.125, 2.723682109337366e-23, nan 
5.125, 69.125, 2.221715193516584e-23, nan 
5.375, 69.125, 1.8893306816925997e-23, nan 
5.625, 69.125, 1.6356932616923833e-23, nan 
5.875, 69.125, 1.352356398850442e-23, nan 
6.125, 69.125, 1.3307310650928667e-23, nan 
6.375, 69.125, 8.262983137283861e-24, nan 
6.625, 69.125, 1.0799357389455328e-23, nan 
6.875, 69.125, 9.698791519396418e-24, nan 
-87.875, 69.375, 6.729818080967782e-22, nan 
-87.625, 69.375, 7.387550187903622e-22, nan 
-87.375, 69.375, 8.450485601478089e-22, nan 
-87.125, 69.375, 6.566773742604919e-22, nan 
-86.875, 69.375, 4.611674053203279e-22, nan 
-86.625, 69.375, 1.1359932934356755e-21, nan 
-86.375, 69.375, 1.3796080319028883e-21, nan 
-86.125, 69.375, 1.1480584634133166e-21, nan 
-85.875, 69.375, 1.51217821849926e-21, nan 
-85.625, 69.375, 2.138923425862169e-21, nan 
-85.375, 69.375, 1.8834584229997466e-21, nan 
-85.125, 69.375, 1.1027123383878434e-21, nan 
-84.875, 69.375, 1.6265146196836541e-21, nan 
-84.625, 69.375, 1.5970081384615274e-21, nan 
-84.375, 69.375, 1.182683833830749e-21, nan 
-84.125, 69.375, 1.0377187019966999e-21, nan 
-83.875, 69.375, 1.0200623182320082e-21, nan 
-83.625, 69.375, 1.1176220487089553e-21, nan 
-83.375, 69.375, 1.0739222111247525e-21, nan 
-83.125, 69.375, 9.996186343500382e-22, nan 
-82.875, 69.375, 9.905109335217836e-22, nan 
-82.625, 69.375, 8.31548923204901e-22, nan 
-82.375, 69.375, 7.181291753416089e-22, nan 
-82.125, 69.375, 7.666985771052667e-22, nan 
-81.875, 69.375, 7.956832156944015e-22, nan 
-81.625, 69.375, 8.553036045472371e-22, nan 
-81.375, 69.375, 7.878569174516878e-22, nan 
-81.125, 69.375, 7.871863030749463e-22, nan 
-80.875, 69.375, 7.377110510940332e-22, nan 
-80.625, 69.375, 5.924285800020812e-22, nan 
-80.375, 69.375, 5.590570876978099e-22, nan 
-80.125, 69.375, 4.116124556691136e-22, nan 
-79.875, 69.375, 5.072058079608591e-22, nan 
-79.625, 69.375, 6.098543023543752e-22, nan 
-79.375, 69.375, 5.567652624958929e-22, nan 
-79.125, 69.375, 6.797730609036941e-22, nan 
-78.875, 69.375, 8.328155523013193e-22, nan 
-78.625, 69.375, 9.641681415417361e-22, nan 
-78.375, 69.375, 1.0666303228155638e-21, nan 
-78.125, 69.375, 7.846955887113938e-22, nan 
-77.875, 69.375, 1.0120581176867547e-21, nan 
-77.625, 69.375, 9.847817410349469e-22, nan 
-77.375, 69.375, 5.695006453591618e-22, nan 
-77.125, 69.375, 4.2028894506496178e-22, nan 
-76.875, 69.375, 4.0787669726638293e-22, nan 
-76.625, 69.375, 3.552124361615516e-22, nan 
-76.375, 69.375, 1.881117801275142e-22, nan 
-76.125, 69.375, 2.0819537479605842e-22, nan 
-75.875, 69.375, 3.356548774009857e-22, nan 
-75.625, 69.375, 3.5516715742349978e-22, nan 
-75.375, 69.375, 5.293794661770455e-22, nan 
-75.125, 69.375, 5.73849699008762e-22, nan 
-74.875, 69.375, 1.1475969975270303e-21, nan 
-74.625, 69.375, 1.0322918665595918e-21, nan 
-74.375, 69.375, 1.3320263602429786e-21, nan 
-74.125, 69.375, 1.1978543593323425e-21, nan 
-73.875, 69.375, 1.0898177251560924e-21, nan 
-73.625, 69.375, 1.2070767753703228e-21, nan 
-73.375, 69.375, 8.417298051749184e-22, nan 
-73.125, 69.375, 5.905767370979769e-22, nan 
-72.875, 69.375, 5.345680450118846e-22, nan 
-72.625, 69.375, 5.652533992517026e-22, nan 
-72.375, 69.375, 6.984773722772195e-22, nan 
-72.125, 69.375, 6.143127140536478e-22, nan 
-71.875, 69.375, 5.544175431942927e-22, nan 
-71.625, 69.375, 6.366949895608077e-22, nan 
-71.375, 69.375, 5.701049979222979e-22, nan 
-71.125, 69.375, 5.920455303902617e-22, nan 
-70.875, 69.375, 6.268144863628002e-22, nan 
-70.625, 69.375, 6.801456278515398e-22, nan 
-70.375, 69.375, 6.83321484704433e-22, nan 
-70.125, 69.375, 6.937768810747403e-22, nan 
-69.875, 69.375, 7.372187968237774e-22, nan 
-69.625, 69.375, 7.263442153120104e-22, nan 
-69.375, 69.375, 6.977157689145424e-22, nan 
-69.125, 69.375, 6.724509651194538e-22, nan 
-68.875, 69.375, 5.721499181204667e-22, nan 
-68.625, 69.375, 6.266823278431493e-22, nan 
-68.375, 69.375, 6.469892282789696e-22, nan 
-68.125, 69.375, 4.2246742632754693e-22, nan 
-67.875, 69.375, 4.7229734344780535e-22, nan 
-67.625, 69.375, 4.399658848846612e-22, nan 
-67.375, 69.375, 4.1845403757967104e-22, nan 
-67.125, 69.375, 3.6878661552108243e-22, nan 
-66.875, 69.375, 3.3036426585264834e-22, nan 
-66.625, 69.375, 5.076334170553753e-22, nan 
-66.375, 69.375, 5.288574420198499e-22, nan 
-66.125, 69.375, 4.850220752781258e-22, nan 
-65.875, 69.375, 5.262797250183567e-22, nan 
-65.625, 69.375, 5.164493830587589e-22, nan 
-65.375, 69.375, 5.691346587287432e-22, nan 
-65.125, 69.375, 5.725690961968766e-22, nan 
-64.875, 69.375, 6.298828260358482e-22, nan 
-64.625, 69.375, 8.324371573085752e-22, nan 
-64.375, 69.375, 5.626412792111318e-22, nan 
-64.125, 69.375, 6.512733362012782e-22, nan 
-63.875, 69.375, 7.272384446204474e-22, nan 
-63.625, 69.375, 7.499802023461351e-22, nan 
-63.375, 69.375, 5.905352631002653e-22, nan 
-63.125, 69.375, 3.75137467297875e-22, nan 
-62.875, 69.375, 5.449424159734291e-22, nan 
-62.625, 69.375, 4.622145962625482e-22, nan 
-62.375, 69.375, 3.390990622077212e-22, nan 
-62.125, 69.375, 3.5620585371984736e-22, nan 
-61.875, 69.375, 3.2641018839001626e-22, nan 
-61.625, 69.375, 3.7391944189791168e-22, nan 
-61.375, 69.375, 4.722937563809147e-22, nan 
-61.125, 69.375, 6.248142338418869e-22, nan 
-60.875, 69.375, 1.0914213714507945e-21, nan 
-60.625, 69.375, 8.798403254198843e-22, nan 
-60.375, 69.375, 4.380104671912059e-22, nan 
-60.125, 69.375, 3.624725462154569e-22, nan 
-59.875, 69.375, 3.8784047563892814e-22, nan 
-59.625, 69.375, 5.991682807634523e-22, nan 
-59.375, 69.375, 4.82963835344525e-22, nan 
-59.125, 69.375, 2.557902531958448e-22, nan 
-58.875, 69.375, 4.008925300080341e-22, nan 
-58.625, 69.375, 4.0320952333485494e-22, nan 
-58.375, 69.375, 4.598182692463619e-22, nan 
-58.125, 69.375, 5.893859086807675e-22, nan 
-57.875, 69.375, 3.646637736057388e-22, nan 
-57.625, 69.375, 3.926828361620178e-22, nan 
-57.375, 69.375, 6.441813764316017e-22, nan 
-57.125, 69.375, 4.629416521723777e-22, nan 
-56.875, 69.375, 4.776381129985865e-22, nan 
-56.625, 69.375, 4.958135711044619e-22, nan 
-56.375, 69.375, 6.023375087983121e-22, nan 
-56.125, 69.375, 6.04077624097046e-22, nan 
-55.875, 69.375, 5.182484529948418e-22, nan 
-55.625, 69.375, 5.7027195132392e-22, nan 
-55.375, 69.375, 5.6925914506060515e-22, nan 
-55.125, 69.375, 3.83404080542421e-22, nan 
-54.875, 69.375, 4.617912626444034e-22, nan 
-54.625, 69.375, 4.973005490190099e-22, nan 
-54.375, 69.375, 3.5475646654006765e-22, nan 
-54.125, 69.375, 6.712848521229993e-22, nan 
-53.875, 69.375, 6.435148391749014e-22, nan 
-53.625, 69.375, 7.976463221332372e-22, nan 
-53.375, 69.375, 8.862652457965131e-22, nan 
-53.125, 69.375, 7.543996067550452e-22, nan 
-52.875, 69.375, 5.900817564917446e-22, nan 
-52.625, 69.375, 5.054347644344924e-22, nan 
-52.375, 69.375, 5.226222239201878e-22, nan 
-52.125, 69.375, 6.679928060386439e-22, nan 
-51.875, 69.375, 1.1433766667443829e-21, nan 
-51.625, 69.375, 8.543496632512195e-22, nan 
-51.375, 69.375, 7.037703555934362e-22, nan 
-51.125, 69.375, 7.443538439826067e-22, nan 
-50.875, 69.375, 1.0164108939037832e-21, nan 
-50.625, 69.375, 6.313585216462288e-22, nan 
-50.375, 69.375, 8.830628862214606e-22, nan 
-50.125, 69.375, 1.1899746844110167e-21, nan 
-49.875, 69.375, 9.57477099079665e-22, nan 
-49.625, 69.375, 6.793425017112693e-22, nan 
-49.375, 69.375, 5.454832330725898e-22, nan 
-49.125, 69.375, 9.06477442252103e-22, nan 
-48.875, 69.375, 7.229792333300363e-22, nan 
-48.625, 69.375, 6.553306994797228e-22, nan 
-48.375, 69.375, 9.515589180309852e-22, nan 
-48.125, 69.375, 8.585272042469292e-22, nan 
-47.875, 69.375, 1.116915015546221e-21, nan 
-47.625, 69.375, 2.03896546475684e-21, nan 
-47.375, 69.375, 1.2497574234521112e-21, nan 
-47.125, 69.375, 9.680466417741682e-22, nan 
-46.875, 69.375, 1.2830698985145062e-21, nan 
-46.625, 69.375, 1.0270276799205235e-21, nan 
-46.375, 69.375, 8.50856812163739e-22, nan 
-46.125, 69.375, 4.93356089414353e-22, nan 
-45.875, 69.375, 1.8711561486995975e-21, nan 
-45.625, 69.375, 1.8116470229261215e-21, nan 
-45.375, 69.375, 9.53071687292307e-22, nan 
-45.125, 69.375, 3.228466216762472e-21, nan 
-44.875, 69.375, 3.936558029386683e-21, nan 
-44.625, 69.375, 3.2134092272364393e-21, nan 
-44.375, 69.375, 3.171852249909135e-21, nan 
-44.125, 69.375, 3.317765429866416e-21, nan 
-43.875, 69.375, 3.900357108536804e-21, nan 
-43.625, 69.375, 4.006945601044622e-21, nan 
-43.375, 69.375, 1.089281538705421e-20, nan 
-43.125, 69.375, 1.3307819867268183e-20, nan 
-42.875, 69.375, 1.511040535897685e-20, nan 
-42.625, 69.375, 1.0838837836179893e-20, nan 
-42.375, 69.375, 1.3069579114916229e-20, nan 
-42.125, 69.375, 1.6585311892035805e-20, nan 
-41.875, 69.375, 1.055174537700965e-20, nan 
-41.625, 69.375, 8.544744020162456e-21, nan 
-41.375, 69.375, 4.8832519226067595e-21, nan 
-41.125, 69.375, 1.0855635120435828e-20, nan 
-40.875, 69.375, 1.546286236861078e-20, nan 
-40.625, 69.375, 1.0671584552081818e-20, nan 
-40.375, 69.375, 1.504155450719744e-20, nan 
-40.125, 69.375, 2.179193264159315e-20, nan 
-39.875, 69.375, 1.3471976875995764e-20, nan 
-39.625, 69.375, 8.324665377212458e-21, nan 
-39.375, 69.375, 2.6194369108410964e-20, nan 
-39.125, 69.375, 2.1739255812785015e-20, nan 
-38.875, 69.375, 4.907486975458913e-20, nan 
-38.625, 69.375, 8.785357041256449e-21, nan 
-38.375, 69.375, 2.2177645376291418e-20, nan 
-38.125, 69.375, 4.1797209675021726e-20, nan 
-37.875, 69.375, 2.8434225484555273e-20, nan 
-37.625, 69.375, 3.7719778367342306e-20, nan 
-37.375, 69.375, 5.045264317327337e-20, nan 
-37.125, 69.375, 8.291021001615174e-20, nan 
-36.875, 69.375, 6.287684227870537e-20, nan 
-36.625, 69.375, 6.005658770996429e-20, nan 
-36.375, 69.375, 5.761150399283623e-20, nan 
-36.125, 69.375, 5.835591216116971e-20, nan 
-35.875, 69.375, 2.0199507484689356e-20, nan 
-35.625, 69.375, 3.3834335024687786e-20, nan 
-35.375, 69.375, 6.097070312367451e-20, nan 
-35.125, 69.375, 3.2184788250081237e-20, nan 
-34.875, 69.375, 3.139922242133001e-20, nan 
-34.625, 69.375, 6.4913620358764125e-21, nan 
-34.375, 69.375, 1.7306966828583925e-20, nan 
-34.125, 69.375, 3.723690767385962e-21, nan 
-33.875, 69.375, 1.0030815302474399e-20, nan 
-33.625, 69.375, 5.4347001361256754e-21, nan 
-33.375, 69.375, 2.7144557162816384e-21, nan 
-33.125, 69.375, 6.82100498917986e-21, nan 
-32.875, 69.375, 2.6622169309350847e-21, nan 
-32.625, 69.375, 3.2070018856708512e-21, nan 
-32.375, 69.375, 1.0622892575848476e-20, nan 
-32.125, 69.375, 4.8307776362359085e-21, nan 
-31.875, 69.375, 6.0486602179608876e-21, nan 
-31.625, 69.375, 7.027898161699416e-21, nan 
-31.375, 69.375, 6.1263611306197564e-21, nan 
-31.125, 69.375, 1.14933880897764e-20, nan 
-30.875, 69.375, 5.0118775325134916e-21, nan 
-30.625, 69.375, 3.1511095710094536e-21, nan 
-30.375, 69.375, 1.5886355501188327e-20, nan 
-30.125, 69.375, 3.5990849750323556e-21, nan 
-29.875, 69.375, 3.9215099161676215e-21, nan 
-29.625, 69.375, 6.780507181972765e-21, nan 
-29.375, 69.375, 5.080751751780763e-21, nan 
-29.125, 69.375, 4.890720224118165e-21, nan 
-28.875, 69.375, 5.3877537928736654e-21, nan 
-28.625, 69.375, 4.325540233250052e-21, nan 
-28.375, 69.375, 3.8291205779285415e-21, nan 
-28.125, 69.375, 4.6131990315164095e-21, nan 
-27.875, 69.375, 2.4267725779251544e-21, nan 
-27.625, 69.375, 3.0912990428374974e-21, nan 
-27.375, 69.375, 3.7004059698522025e-21, nan 
-27.125, 69.375, 3.532530577890317e-21, nan 
-26.875, 69.375, 1.1137008553977764e-21, nan 
-26.625, 69.375, 3.1828581639202096e-21, nan 
-26.375, 69.375, 4.8339351009823154e-21, nan 
-26.125, 69.375, 3.998887650072215e-21, nan 
-25.875, 69.375, 2.6759029571378906e-21, nan 
-25.625, 69.375, 3.985705316667427e-21, nan 
-25.375, 69.375, 2.98853372150031e-21, nan 
-25.125, 69.375, 5.933146254381712e-22, nan 
-24.875, 69.375, 4.727448959969215e-22, nan 
-24.625, 69.375, 3.447963854716467e-22, nan 
-24.375, 69.375, 3.144236107724826e-22, nan 
-24.125, 69.375, 2.118553283316879e-22, nan 
-23.875, 69.375, 6.987237082696619e-22, nan 
-23.625, 69.375, 3.58427090846036e-22, nan 
-23.375, 69.375, 5.199516884030199e-22, nan 
-23.125, 69.375, 7.966038904561233e-22, nan 
-22.875, 69.375, 6.657087485933702e-22, nan 
-22.625, 69.375, 9.208393359769406e-22, nan 
-22.375, 69.375, 8.704074509373718e-22, nan 
-22.125, 69.375, 7.871514460317425e-22, nan 
-21.875, 69.375, 8.334055515199984e-22, nan 
-21.625, 69.375, 1.1277582681914562e-21, nan 
-21.375, 69.375, 9.12182462460319e-22, nan 
-21.125, 69.375, 5.654600996939476e-22, nan 
-20.875, 69.375, 9.199732436848766e-22, nan 
-20.625, 69.375, 9.364374538913974e-22, nan 
-20.375, 69.375, 4.801249844908855e-22, nan 
-20.125, 69.375, 6.628218333465528e-22, nan 
-19.875, 69.375, 6.3891335582467e-22, nan 
-19.625, 69.375, 3.2000220393408765e-22, nan 
-19.375, 69.375, 2.9214350807158913e-22, nan 
-19.125, 69.375, 1.6632849439305056e-22, nan 
-18.875, 69.375, 3.7878964034584225e-22, nan 
-18.625, 69.375, 3.769099219773466e-22, nan 
-18.375, 69.375, 3.145863772578953e-22, nan 
-18.125, 69.375, 3.21666872984016e-22, nan 
-17.875, 69.375, 4.064935927317114e-22, nan 
-17.625, 69.375, 4.360605283125038e-22, nan 
-17.375, 69.375, 2.610591428032811e-22, nan 
-17.125, 69.375, 2.3286728612729222e-22, nan 
-16.875, 69.375, 2.9842244390131905e-22, nan 
-16.625, 69.375, 2.6545874905558703e-22, nan 
-16.375, 69.375, 3.336092164598798e-22, nan 
-16.125, 69.375, 5.32601621762598e-22, nan 
-15.875, 69.375, 2.1976155747675325e-22, nan 
-15.625, 69.375, 2.8137733387851205e-22, nan 
-15.375, 69.375, 3.143619286793644e-22, nan 
-15.125, 69.375, 1.8564943896555602e-22, nan 
-14.875, 69.375, 3.2000889307464133e-22, nan 
-14.625, 69.375, 1.8190829560480307e-22, nan 
-14.375, 69.375, 2.1336346786922726e-22, nan 
-14.125, 69.375, 2.5312691333576053e-22, nan 
-13.875, 69.375, 3.375165151326422e-22, nan 
-13.625, 69.375, 3.1211472277162773e-22, nan 
-13.375, 69.375, 2.84489499278894e-22, nan 
-13.125, 69.375, 3.162153379314684e-22, nan 
-12.875, 69.375, 2.5682623139356137e-22, nan 
-12.625, 69.375, 2.20178679727946e-22, nan 
-12.375, 69.375, 1.60764203442984e-22, nan 
-12.125, 69.375, 2.2724642408086647e-22, nan 
-11.875, 69.375, 1.8612947430403e-22, nan 
-11.625, 69.375, 1.551666369434516e-22, nan 
-11.375, 69.375, 2.44994274880714e-22, nan 
-11.125, 69.375, 2.128833642671006e-22, nan 
-10.875, 69.375, 1.4078764578057554e-22, nan 
-10.625, 69.375, 1.274474711503969e-22, nan 
-10.375, 69.375, 1.501391822782966e-22, nan 
-10.125, 69.375, 7.372262800815214e-23, nan 
-9.875, 69.375, 1.9683368303181045e-22, nan 
-9.625, 69.375, 4.511347216615106e-22, nan 
-9.375, 69.375, 5.678459953569996e-22, nan 
-9.125, 69.375, 6.755487318600356e-22, nan 
-8.875, 69.375, 6.90750375065171e-22, nan 
-8.625, 69.375, 6.602809931718393e-22, nan 
-8.375, 69.375, 7.256422643594284e-22, nan 
-8.125, 69.375, 7.57821792116535e-22, nan 
-7.875, 69.375, 7.384931016721115e-22, nan 
-7.625, 69.375, 7.058079082618173e-22, nan 
-7.375, 69.375, 5.837690387005342e-22, nan 
-7.125, 69.375, 3.690521893475252e-22, nan 
-6.875, 69.375, 2.959865391656055e-22, nan 
-6.625, 69.375, 2.949724633921209e-22, nan 
-6.375, 69.375, 2.975709139907124e-22, nan 
-6.125, 69.375, 2.2255607646548633e-22, nan 
-5.875, 69.375, 1.5676576205724237e-22, nan 
-5.625, 69.375, 4.2648417236595616e-23, nan 
-5.375, 69.375, 7.571118972655331e-23, nan 
-5.125, 69.375, 5.579796311166426e-23, nan 
-4.875, 69.375, 8.34831909930787e-23, nan 
-4.625, 69.375, 1.3171139207314434e-22, nan 
-4.375, 69.375, 6.063907223001839e-23, nan 
-4.125, 69.375, 8.92992685226959e-23, nan 
-3.875, 69.375, 1.4673190134060183e-22, nan 
-3.625, 69.375, 1.2534703814605012e-22, nan 
-3.375, 69.375, 1.317192822783335e-22, nan 
-3.125, 69.375, 9.90577532581404e-23, nan 
-2.875, 69.375, 7.078154846405379e-23, nan 
-2.625, 69.375, 1.0046421205815549e-22, nan 
-2.375, 69.375, 1.3026241200417333e-22, nan 
-2.125, 69.375, 1.157147749765791e-22, nan 
-1.875, 69.375, 5.054312650143302e-23, nan 
-1.625, 69.375, 5.227846613902603e-23, nan 
-1.375, 69.375, 4.698088284270522e-23, nan 
-1.125, 69.375, 3.1379755186801706e-23, nan 
-0.875, 69.375, 5.898462222034153e-23, nan 
-0.625, 69.375, 3.268578047611584e-23, nan 
-0.375, 69.375, 3.363733706852282e-23, nan 
-0.125, 69.375, 5.0651208038048443e-23, nan 
0.125, 69.375, 1.8422847328673186e-23, nan 
0.375, 69.375, 3.406409041207289e-23, nan 
0.625, 69.375, 3.2921453709473576e-23, nan 
0.875, 69.375, 2.3976554109360413e-23, nan 
1.125, 69.375, 1.7272558888762473e-23, nan 
1.375, 69.375, 2.2210686953286816e-23, nan 
1.625, 69.375, 3.1428619224827624e-23, nan 
1.875, 69.375, 5.542819884037953e-23, nan 
2.125, 69.375, 3.2121087707956335e-23, nan 
2.375, 69.375, 2.732738401310786e-23, nan 
2.625, 69.375, 6.970914237452332e-23, nan 
2.875, 69.375, 3.5674504110798116e-23, nan 
3.125, 69.375, 2.6051818787542082e-23, nan 
3.375, 69.375, 2.0917399053103894e-23, nan 
3.625, 69.375, 2.3975589794068944e-23, nan 
3.875, 69.375, 2.694075613094857e-23, nan 
4.125, 69.375, 2.556588697616697e-23, nan 
4.375, 69.375, 2.4902221065929366e-23, nan 
4.625, 69.375, 2.4729542374798923e-23, nan 
4.875, 69.375, 2.360931981580113e-23, nan 
5.125, 69.375, 2.1531128270550954e-23, nan 
5.375, 69.375, 1.8029291339597245e-23, nan 
5.625, 69.375, 1.9367246278807204e-23, nan 
5.875, 69.375, 1.6174994977217068e-23, nan 
6.125, 69.375, 1.1826371265707099e-23, nan 
6.375, 69.375, 9.654991881507616e-24, nan 
6.625, 69.375, 1.4243344782069248e-23, nan 
6.875, 69.375, 1.3967148514671744e-23, nan 
7.125, 69.375, 1.3265774817206345e-23, nan 
7.375, 69.375, 1.0180233171590578e-23, nan 
7.625, 69.375, 1.3299060000146743e-23, nan 
7.875, 69.375, 2.141857585022519e-23, nan 
-88.125, 69.625, 6.114774152372863e-22, nan 
-87.875, 69.625, 6.359342033676047e-22, nan 
-87.625, 69.625, 7.519019366145208e-22, nan 
-87.375, 69.625, 6.518924450862814e-22, nan 
-87.125, 69.625, 8.93966831362063e-22, nan 
-86.875, 69.625, 8.622094697146599e-22, nan 
-86.625, 69.625, 1.3138737688263146e-21, nan 
-86.375, 69.625, 1.715298334241795e-21, nan 
-86.125, 69.625, 1.3794773027420513e-21, nan 
-85.875, 69.625, 1.4100205374295777e-21, nan 
-85.625, 69.625, 1.9511229760623083e-21, nan 
-85.375, 69.625, 1.758940389557201e-21, nan 
-85.125, 69.625, 1.034870817480055e-21, nan 
-84.875, 69.625, 9.80676171677946e-22, nan 
-84.625, 69.625, 1.0396187890605164e-21, nan 
-84.375, 69.625, 1.2387155683708838e-21, nan 
-84.125, 69.625, 1.076448046502591e-21, nan 
-83.875, 69.625, 9.160688543733946e-22, nan 
-83.625, 69.625, 8.018685712573739e-22, nan 
-83.375, 69.625, 8.534834917426162e-22, nan 
-83.125, 69.625, 8.477483509913477e-22, nan 
-82.875, 69.625, 8.240259831272092e-22, nan 
-82.625, 69.625, 7.94623123344195e-22, nan 
-82.375, 69.625, 8.658848813179143e-22, nan 
-82.125, 69.625, 8.92984003568234e-22, nan 
-81.875, 69.625, 7.767018043873467e-22, nan 
-81.625, 69.625, 7.783593506189832e-22, nan 
-81.375, 69.625, 6.853873920453522e-22, nan 
-81.125, 69.625, 5.656578750399061e-22, nan 
-80.875, 69.625, 8.596542042384926e-22, nan 
-80.625, 69.625, 8.121229273339545e-22, nan 
-80.375, 69.625, 8.347299149038167e-22, nan 
-80.125, 69.625, 9.386684816427557e-22, nan 
-79.875, 69.625, 1.1812839047699246e-21, nan 
-79.625, 69.625, 8.972221677330544e-22, nan 
-79.375, 69.625, 8.2824091049102975e-22, nan 
-79.125, 69.625, 1.0924425178498817e-21, nan 
-78.875, 69.625, 9.914489599877848e-22, nan 
-78.625, 69.625, 1.232544710649273e-21, nan 
-78.375, 69.625, 1.1556560035905088e-21, nan 
-78.125, 69.625, 8.278869533145088e-22, nan 
-77.875, 69.625, 1.076045107597674e-21, nan 
-77.625, 69.625, 1.0897997647567368e-21, nan 
-77.375, 69.625, 1.1072923842685345e-21, nan 
-77.125, 69.625, 7.513452210945909e-22, nan 
-76.875, 69.625, 1.387945503764469e-21, nan 
-76.625, 69.625, 1.6755906889159102e-21, nan 
-76.375, 69.625, 5.934229503687052e-22, nan 
-76.125, 69.625, 6.78532040453404e-22, nan 
-75.875, 69.625, 7.39277559328359e-22, nan 
-75.625, 69.625, 6.035731119158555e-22, nan 
-75.375, 69.625, 5.194384095992804e-21, nan 
-75.125, 69.625, 1.6889733851485907e-20, nan 
-74.875, 69.625, 1.7996025751440688e-20, nan 
-74.625, 69.625, 7.611817171190704e-21, nan 
-74.375, 69.625, 2.0256380506073114e-21, nan 
-74.125, 69.625, 1.1966921743148049e-21, nan 
-73.875, 69.625, 1.4575004344747977e-21, nan 
-73.625, 69.625, 8.922572303228784e-22, nan 
-73.375, 69.625, 1.2024825965207961e-21, nan 
-73.125, 69.625, 1.165689314710676e-21, nan 
-72.875, 69.625, 8.694234211058478e-22, nan 
-72.625, 69.625, 1.016391713397035e-21, nan 
-72.375, 69.625, 8.365211031310603e-22, nan 
-72.125, 69.625, 8.416314706215054e-22, nan 
-71.875, 69.625, 8.499238288929077e-22, nan 
-71.625, 69.625, 7.877936830855262e-22, nan 
-71.375, 69.625, 8.395684060529224e-22, nan 
-71.125, 69.625, 8.67350810752005e-22, nan 
-70.875, 69.625, 8.971767491487747e-22, nan 
-70.625, 69.625, 8.409302736182761e-22, nan 
-70.375, 69.625, 6.6434329573869335e-22, nan 
-70.125, 69.625, 6.812302329340372e-22, nan 
-69.875, 69.625, 7.288628979098001e-22, nan 
-69.625, 69.625, 6.674517102177162e-22, nan 
-69.375, 69.625, 5.472121908368963e-22, nan 
-69.125, 69.625, 5.260326211647929e-22, nan 
-68.875, 69.625, 5.404294434100977e-22, nan 
-68.625, 69.625, 5.342696770930627e-22, nan 
-68.375, 69.625, 5.700972575707111e-22, nan 
-68.125, 69.625, 5.953743509630078e-22, nan 
-67.875, 69.625, 5.522759200500837e-22, nan 
-67.625, 69.625, 5.236320964365681e-22, nan 
-67.375, 69.625, 5.142595998927227e-22, nan 
-67.125, 69.625, 4.976075103583549e-22, nan 
-66.875, 69.625, 3.7678135725232414e-22, nan 
-66.625, 69.625, 5.801978597513276e-22, nan 
-66.375, 69.625, 6.051839101926728e-22, nan 
-66.125, 69.625, 6.577373614148805e-22, nan 
-65.875, 69.625, 9.827749138201292e-22, nan 
-65.625, 69.625, 9.569638823063664e-22, nan 
-65.375, 69.625, 9.289889816761814e-22, nan 
-65.125, 69.625, 8.21930608293623e-22, nan 
-64.875, 69.625, 9.17171583860055e-22, nan 
-64.625, 69.625, 1.1057892934780426e-21, nan 
-64.375, 69.625, 8.756708442359501e-22, nan 
-64.125, 69.625, 8.81722721548846e-22, nan 
-63.875, 69.625, 1.2000730310492388e-21, nan 
-63.625, 69.625, 9.670889359305042e-22, nan 
-63.375, 69.625, 3.6250613132741056e-22, nan 
-63.125, 69.625, 3.86504435508987e-22, nan 
-62.875, 69.625, 2.879880116421341e-22, nan 
-62.625, 69.625, 2.868524238579691e-22, nan 
-62.375, 69.625, 5.617473694715154e-22, nan 
-62.125, 69.625, 5.085565983750105e-22, nan 
-61.875, 69.625, 5.61057070311725e-22, nan 
-61.625, 69.625, 9.091177206409737e-22, nan 
-61.375, 69.625, 7.508342826336966e-22, nan 
-61.125, 69.625, 1.1410340461543862e-21, nan 
-60.875, 69.625, 2.1662109968855438e-21, nan 
-60.625, 69.625, 1.6378199486659744e-21, nan 
-60.375, 69.625, 7.251788287373088e-22, nan 
-60.125, 69.625, 1.323329576196878e-21, nan 
-59.875, 69.625, 1.11116874332136e-21, nan 
-59.625, 69.625, 5.239758033875107e-22, nan 
-59.375, 69.625, 5.145372399603217e-22, nan 
-59.125, 69.625, 4.653395809491284e-22, nan 
-58.875, 69.625, 5.321830800063274e-22, nan 
-58.625, 69.625, 5.32744071972619e-22, nan 
-58.375, 69.625, 6.174474605324235e-22, nan 
-58.125, 69.625, 6.842376974500971e-22, nan 
-57.875, 69.625, 5.4178226063844215e-22, nan 
-57.625, 69.625, 4.451328366041415e-22, nan 
-57.375, 69.625, 3.1841967194795754e-22, nan 
-57.125, 69.625, 4.996425223695207e-22, nan 
-56.875, 69.625, 4.698669519735607e-22, nan 
-56.625, 69.625, 5.028422582714961e-22, nan 
-56.375, 69.625, 6.006882899028039e-22, nan 
-56.125, 69.625, 7.658474999807981e-22, nan 
-55.875, 69.625, 9.023413347543837e-22, nan 
-55.625, 69.625, 7.670007207767932e-22, nan 
-55.375, 69.625, 5.103288360029129e-22, nan 
-55.125, 69.625, 5.773768490936303e-22, nan 
-54.875, 69.625, 6.501394216039381e-22, nan 
-54.625, 69.625, 5.156257540867886e-22, nan 
-54.375, 69.625, 5.800437453907983e-22, nan 
-54.125, 69.625, 5.593669055303633e-22, nan 
-53.875, 69.625, 6.84498361499069e-22, nan 
-53.625, 69.625, 1.120353197741705e-21, nan 
-53.375, 69.625, 9.94069906453159e-22, nan 
-53.125, 69.625, 9.64441671975732e-22, nan 
-52.875, 69.625, 6.858823320762554e-22, nan 
-52.625, 69.625, 1.1678536011433948e-21, nan 
-52.375, 69.625, 6.833282861059522e-22, nan 
-52.125, 69.625, 1.127597378158812e-21, nan 
-51.875, 69.625, 3.1735157780034667e-21, nan 
-51.625, 69.625, 1.848910923488546e-21, nan 
-51.375, 69.625, 1.2661840712135297e-21, nan 
-51.125, 69.625, 2.555321673866147e-21, nan 
-50.875, 69.625, 1.7641569923774797e-21, nan 
-50.625, 69.625, 1.0318204116996094e-21, nan 
-50.375, 69.625, 6.175629228917311e-22, nan 
-50.125, 69.625, 1.090559842960421e-21, nan 
-49.875, 69.625, 1.1098895940324824e-21, nan 
-49.625, 69.625, 4.840631441379457e-22, nan 
-49.375, 69.625, 8.605472340919609e-22, nan 
-49.125, 69.625, 9.655732912757916e-22, nan 
-48.875, 69.625, 1.0156259936835518e-21, nan 
-48.625, 69.625, 1.3151901210927819e-21, nan 
-48.375, 69.625, 1.6098019449924801e-21, nan 
-48.125, 69.625, 1.4747550342595575e-21, nan 
-47.875, 69.625, 1.5509463171782734e-21, nan 
-47.625, 69.625, 1.6456134065832342e-21, nan 
-47.375, 69.625, 9.754932370291547e-22, nan 
-47.125, 69.625, 8.72009025183153e-22, nan 
-46.875, 69.625, 3.6724544343038685e-22, nan 
-46.625, 69.625, 7.16038801390888e-22, nan 
-46.375, 69.625, 1.617264853734575e-21, nan 
-46.125, 69.625, 8.621227782613073e-22, nan 
-45.875, 69.625, 1.2521917232862945e-21, nan 
-45.625, 69.625, 1.2446922035846063e-21, nan 
-45.375, 69.625, 1.0987554047212914e-21, nan 
-45.125, 69.625, 3.781428076701182e-21, nan 
-44.875, 69.625, 6.4020657239778094e-21, nan 
-44.625, 69.625, 5.17600631396068e-21, nan 
-44.375, 69.625, 4.502623723578172e-21, nan 
-44.125, 69.625, 7.213951080865367e-21, nan 
-43.875, 69.625, 1.3527153308800518e-20, nan 
-43.625, 69.625, 1.0898932837336835e-20, nan 
-43.375, 69.625, 1.5878155351238936e-20, nan 
-43.125, 69.625, 2.2106677974384897e-20, nan 
-42.875, 69.625, 2.255432045936479e-20, nan 
-42.625, 69.625, 1.2368670424037074e-20, nan 
-42.375, 69.625, 9.619097481809737e-21, nan 
-42.125, 69.625, 1.0580056859802195e-20, nan 
-41.875, 69.625, 9.518798156775847e-21, nan 
-41.625, 69.625, 1.2366288572258444e-20, nan 
-41.375, 69.625, 9.21421812256809e-21, nan 
-41.125, 69.625, 1.9098831560725845e-20, nan 
-40.875, 69.625, 1.254524162362119e-20, nan 
-40.625, 69.625, 1.649046883805722e-20, nan 
-40.375, 69.625, 2.5458445168011435e-20, nan 
-40.125, 69.625, 4.215561747931139e-20, nan 
-39.875, 69.625, 3.7358340431676116e-20, nan 
-39.625, 69.625, 1.1739792629380845e-19, nan 
-39.375, 69.625, 7.628116625813498e-20, nan 
-39.125, 69.625, 1.0747507701412507e-19, nan 
-38.875, 69.625, 2.7834223805536936e-19, nan 
-38.625, 69.625, 8.276507680984148e-20, nan 
-38.375, 69.625, 8.697372066556836e-20, nan 
-38.125, 69.625, 1.6665137872079217e-19, nan 
-37.875, 69.625, 8.332118698390435e-20, nan 
-37.625, 69.625, 7.637165868417658e-20, nan 
-37.375, 69.625, 7.839687098273664e-20, nan 
-37.125, 69.625, 8.096873675334661e-20, nan 
-36.875, 69.625, 7.543053691294539e-20, nan 
-36.625, 69.625, 4.5678666989393e-20, nan 
-36.375, 69.625, 5.569053029423925e-20, nan 
-36.125, 69.625, 9.220244778800921e-20, nan 
-35.875, 69.625, 3.831118753841171e-20, nan 
-35.625, 69.625, 3.8411989818722357e-20, nan 
-35.375, 69.625, 7.625599607556073e-20, nan 
-35.125, 69.625, 3.901362965311104e-20, nan 
-34.875, 69.625, 2.7750703870852356e-20, nan 
-34.625, 69.625, 2.995238679964498e-20, nan 
-34.375, 69.625, 2.307842602507276e-20, nan 
-34.125, 69.625, 1.0731019515076199e-20, nan 
-33.875, 69.625, 5.271816141944911e-21, nan 
-33.625, 69.625, 3.729520103213161e-21, nan 
-33.375, 69.625, 4.265423781612357e-21, nan 
-33.125, 69.625, 6.815695887395565e-21, nan 
-32.875, 69.625, 3.595623953561116e-21, nan 
-32.625, 69.625, 3.158969672064265e-21, nan 
-32.375, 69.625, 8.815564866792727e-21, nan 
-32.125, 69.625, 3.639080986833549e-21, nan 
-31.875, 69.625, 3.200841591905227e-21, nan 
-31.625, 69.625, 3.2209858667951735e-21, nan 
-31.375, 69.625, 1.8891586108321033e-21, nan 
-31.125, 69.625, 3.0863198449503996e-21, nan 
-30.875, 69.625, 3.780594208003675e-21, nan 
-30.625, 69.625, 2.621885156813267e-21, nan 
-30.375, 69.625, 6.662664618316949e-21, nan 
-30.125, 69.625, 3.5146244052416535e-21, nan 
-29.875, 69.625, 4.6048087276985086e-21, nan 
-29.625, 69.625, 5.7676048808843056e-21, nan 
-29.375, 69.625, 4.892359142165863e-21, nan 
-29.125, 69.625, 5.8230721636446125e-21, nan 
-28.875, 69.625, 5.226520032097926e-21, nan 
-28.625, 69.625, 5.497321334707906e-21, nan 
-28.375, 69.625, 5.7344859146603845e-21, nan 
-28.125, 69.625, 5.114539953665812e-21, nan 
-27.875, 69.625, 3.961434614841486e-21, nan 
-27.625, 69.625, 4.3103400508276834e-21, nan 
-27.375, 69.625, 3.2802362824694657e-21, nan 
-27.125, 69.625, 2.7815459507428494e-21, nan 
-26.875, 69.625, 2.2501364175092936e-21, nan 
-26.625, 69.625, 4.7155783035871786e-21, nan 
-26.375, 69.625, 4.336453765852675e-21, nan 
-26.125, 69.625, 3.251804622136648e-21, nan 
-25.875, 69.625, 3.410495472500127e-21, nan 
-25.625, 69.625, 2.582258236279309e-21, nan 
-25.375, 69.625, 1.309626966696015e-21, nan 
-25.125, 69.625, 3.1603354190940665e-22, nan 
-24.875, 69.625, 3.766411649472385e-22, nan 
-24.625, 69.625, 5.132472649332138e-22, nan 
-24.375, 69.625, 2.802639640926125e-22, nan 
-24.125, 69.625, 3.1749991259854825e-22, nan 
-23.875, 69.625, 5.296467091570916e-22, nan 
-23.625, 69.625, 2.394968783057854e-22, nan 
-23.375, 69.625, 3.1406382747710933e-22, nan 
-23.125, 69.625, 4.105662433341572e-22, nan 
-22.875, 69.625, 5.263914747492338e-22, nan 
-22.625, 69.625, 4.5581170867571455e-22, nan 
-22.375, 69.625, 5.883266294835265e-22, nan 
-22.125, 69.625, 6.5728326925148255e-22, nan 
-21.875, 69.625, 5.377686474978942e-22, nan 
-21.625, 69.625, 4.0328458231814035e-22, nan 
-21.375, 69.625, 3.392149960024508e-22, nan 
-21.125, 69.625, 4.379286749366744e-22, nan 
-20.875, 69.625, 6.044415688848013e-22, nan 
-20.625, 69.625, 5.1150555721978835e-22, nan 
-20.375, 69.625, 5.945974685600707e-22, nan 
-20.125, 69.625, 6.509945698150941e-22, nan 
-19.875, 69.625, 2.794870742450587e-22, nan 
-19.625, 69.625, 1.6603082964036708e-22, nan 
-19.375, 69.625, 1.322691917669065e-22, nan 
-19.125, 69.625, 1.791388312831219e-22, nan 
-18.875, 69.625, 2.050577693990131e-22, nan 
-18.625, 69.625, 1.731913978788572e-22, nan 
-18.375, 69.625, 1.893448210630364e-22, nan 
-18.125, 69.625, 2.230983709154778e-22, nan 
-17.875, 69.625, 2.1575599133929744e-22, nan 
-17.625, 69.625, 2.8042405998539256e-22, nan 
-17.375, 69.625, 2.481976389112838e-22, nan 
-17.125, 69.625, 2.409560462943245e-22, nan 
-16.875, 69.625, 2.0320271291510166e-22, nan 
-16.625, 69.625, 2.9992647125470635e-22, nan 
-16.375, 69.625, 2.9918008431025427e-22, nan 
-16.125, 69.625, 3.3770008819230634e-22, nan 
-15.875, 69.625, 2.696276362714602e-22, nan 
-15.625, 69.625, 2.0076942794728002e-22, nan 
-15.375, 69.625, 1.5264972828318593e-22, nan 
-15.125, 69.625, 2.462915963470167e-22, nan 
-14.875, 69.625, 3.628334904633082e-22, nan 
-14.625, 69.625, 1.5276682650791902e-22, nan 
-14.375, 69.625, 2.591639747463835e-22, nan 
-14.125, 69.625, 3.460214708968418e-22, nan 
-13.875, 69.625, 2.514028025375659e-22, nan 
-13.625, 69.625, 2.0833578840058823e-22, nan 
-13.375, 69.625, 1.5664102983298968e-22, nan 
-13.125, 69.625, 1.9486102663338499e-22, nan 
-12.875, 69.625, 1.4482838864354754e-22, nan 
-12.625, 69.625, 1.4139550463274699e-22, nan 
-12.375, 69.625, 1.3801500805859011e-22, nan 
-12.125, 69.625, 1.0946848711534308e-22, nan 
-11.875, 69.625, 1.287965139316811e-22, nan 
-11.625, 69.625, 1.646220378943139e-22, nan 
-11.375, 69.625, 1.93542226399966e-22, nan 
-11.125, 69.625, 1.6749706877570271e-22, nan 
-10.875, 69.625, 1.182422526577004e-22, nan 
-10.625, 69.625, 1.7929040462770313e-22, nan 
-10.375, 69.625, 4.723021714816492e-22, nan 
-10.125, 69.625, 5.127430076834826e-22, nan 
-9.875, 69.625, 6.607574359940167e-22, nan 
-9.625, 69.625, 6.134593635853255e-22, nan 
-9.375, 69.625, 6.914711902475866e-22, nan 
-9.125, 69.625, 8.2461272084537e-22, nan 
-8.875, 69.625, 9.741553556236182e-22, nan 
-8.625, 69.625, 9.75387592369756e-22, nan 
-8.375, 69.625, 5.2644247388744716e-21, nan 
-8.125, 69.625, 7.110417872580516e-21, nan 
-7.875, 69.625, 6.28417862530716e-21, nan 
-7.625, 69.625, 5.52530005079889e-21, nan 
-7.375, 69.625, 3.718440224127715e-21, nan 
-7.125, 69.625, 7.341959137270695e-22, nan 
-6.875, 69.625, 6.124212917688265e-22, nan 
-6.625, 69.625, 3.7149748271375223e-22, nan 
-6.375, 69.625, 3.5712857891758266e-22, nan 
-6.125, 69.625, 3.275839211264846e-22, nan 
-5.875, 69.625, 2.7121836245251376e-22, nan 
-5.625, 69.625, 2.266495591494462e-22, nan 
-5.375, 69.625, 2.03022477758305e-22, nan 
-5.125, 69.625, 1.8264058476762397e-22, nan 
-4.875, 69.625, 1.1222054593782658e-22, nan 
-4.625, 69.625, 1.1508617068545282e-22, nan 
-4.375, 69.625, 1.2577044667209405e-22, nan 
-4.125, 69.625, 8.585729367347202e-23, nan 
-3.875, 69.625, 6.52967360551581e-23, nan 
-3.625, 69.625, 1.099347396177882e-22, nan 
-3.375, 69.625, 8.842749022004779e-23, nan 
-3.125, 69.625, 4.54169096771044e-23, nan 
-2.875, 69.625, 1.2470477265935254e-22, nan 
-2.625, 69.625, 1.1529271188724469e-22, nan 
-2.375, 69.625, 7.80560953450786e-23, nan 
-2.125, 69.625, 9.262635870288936e-23, nan 
-1.875, 69.625, 7.14745841686398e-23, nan 
-1.625, 69.625, 4.913413337835246e-23, nan 
-1.375, 69.625, 4.375321923699083e-23, nan 
-1.125, 69.625, 4.088008027262149e-23, nan 
-0.875, 69.625, 4.755212308644889e-23, nan 
-0.625, 69.625, 3.8985216498382366e-23, nan 
-0.375, 69.625, 4.070480133723892e-23, nan 
-0.125, 69.625, 4.604454861725872e-23, nan 
0.125, 69.625, 2.108957207639418e-23, nan 
0.375, 69.625, 3.928316493993021e-23, nan 
0.625, 69.625, 5.481402705782527e-23, nan 
0.875, 69.625, 2.7221094525915054e-23, nan 
1.125, 69.625, 1.6589644321398672e-23, nan 
1.375, 69.625, 2.712754616115523e-23, nan 
1.625, 69.625, 3.5155711614052516e-23, nan 
1.875, 69.625, 2.3893181683333132e-23, nan 
2.125, 69.625, 2.1689737620961332e-23, nan 
2.375, 69.625, 2.948548650281056e-23, nan 
2.625, 69.625, 4.0031131436344237e-23, nan 
2.875, 69.625, 2.5880132203534037e-23, nan 
3.125, 69.625, 3.092396872258027e-23, nan 
3.375, 69.625, 3.4262924910839484e-23, nan 
3.625, 69.625, 4.334687375970211e-23, nan 
3.875, 69.625, 3.419683630314003e-23, nan 
4.125, 69.625, 3.4242543506108085e-23, nan 
4.375, 69.625, 3.8278175364842444e-23, nan 
4.625, 69.625, 3.189419749364377e-23, nan 
4.875, 69.625, 2.7592041617554844e-23, nan 
5.125, 69.625, 2.0238740842294767e-23, nan 
5.375, 69.625, 1.589671299966605e-23, nan 
5.625, 69.625, 2.1340344815542697e-23, nan 
5.875, 69.625, 1.3909392610337473e-23, nan 
6.125, 69.625, 1.0017436525370683e-23, nan 
6.375, 69.625, 1.104852181777349e-23, nan 
6.625, 69.625, 1.9381573422150637e-23, nan 
6.875, 69.625, 2.0842221784601237e-23, nan 
7.125, 69.625, 1.8744039764261954e-23, nan 
7.375, 69.625, 1.4359362543258247e-23, nan 
7.625, 69.625, 1.442175652940913e-23, nan 
7.875, 69.625, 1.5438914186916007e-23, nan 
8.125, 69.625, 9.984977698004524e-24, nan 
8.375, 69.625, 2.1822415831672585e-23, nan 
8.625, 69.625, 2.4098385671073698e-23, nan 
-88.375, 69.875, 9.266854076406418e-22, nan 
-88.125, 69.875, 7.444823071198593e-22, nan 
-87.875, 69.875, 6.113411261245589e-22, nan 
-87.625, 69.875, 5.770242644451031e-22, nan 
-87.375, 69.875, 6.884564108861396e-22, nan 
-87.125, 69.875, 9.579050748598214e-22, nan 
-86.875, 69.875, 9.008940317544737e-22, nan 
-86.625, 69.875, 9.577333846235622e-22, nan 
-86.375, 69.875, 9.126907132036853e-22, nan 
-86.125, 69.875, 9.209738397331972e-22, nan 
-85.875, 69.875, 9.451974500455377e-22, nan 
-85.625, 69.875, 8.030233078183927e-22, nan 
-85.375, 69.875, 8.813950756557646e-22, nan 
-85.125, 69.875, 8.953541311083655e-22, nan 
-84.875, 69.875, 8.15899799784424e-22, nan 
-84.625, 69.875, 7.805094787813886e-22, nan 
-84.375, 69.875, 8.85224950472505e-22, nan 
-84.125, 69.875, 9.415041606854202e-22, nan 
-83.875, 69.875, 9.337747339890439e-22, nan 
-83.625, 69.875, 8.709397727896842e-22, nan 
-83.375, 69.875, 8.483536383086321e-22, nan 
-83.125, 69.875, 9.345437789236772e-22, nan 
-82.875, 69.875, 1.0074211729041457e-21, nan 
-82.625, 69.875, 8.869723608031164e-22, nan 
-82.375, 69.875, 9.53475284627513e-22, nan 
-82.125, 69.875, 7.850590822542838e-22, nan 
-81.875, 69.875, 7.336524824120877e-22, nan 
-81.625, 69.875, 9.48043042895677e-22, nan 
-81.375, 69.875, 1.1517093283049068e-21, nan 
-81.125, 69.875, 1.256269494122743e-21, nan 
-80.875, 69.875, 1.1442704833621802e-21, nan 
-80.625, 69.875, 1.2559302663377406e-21, nan 
-80.375, 69.875, 1.2555409195581336e-21, nan 
-80.125, 69.875, 7.54273084222005e-22, nan 
-79.875, 69.875, 9.792141692732087e-22, nan 
-79.625, 69.875, 8.076630133232828e-22, nan 
-79.375, 69.875, 8.80146806556678e-22, nan 
-79.125, 69.875, 8.617976198647312e-22, nan 
-78.875, 69.875, 8.830390084726651e-22, nan 
-78.625, 69.875, 1.2294066798657311e-21, nan 
-78.375, 69.875, 1.15658064355122e-21, nan 
-78.125, 69.875, 1.1328250588912206e-21, nan 
-77.875, 69.875, 8.3226477643761975e-22, nan 
-77.625, 69.875, 4.611605757932519e-22, nan 
-77.375, 69.875, 7.893791013629277e-22, nan 
-77.125, 69.875, 1.0039044422463484e-21, nan 
-76.875, 69.875, 2.31900126935612e-21, nan 
-76.625, 69.875, 1.5602741381030882e-21, nan 
-76.375, 69.875, 1.2727217571580098e-21, nan 
-76.125, 69.875, 7.47402924071824e-21, nan 
-75.875, 69.875, 2.0762217400895973e-20, nan 
-75.625, 69.875, 2.3038426008741994e-20, nan 
-75.375, 69.875, 1.1308859625849606e-20, nan 
-75.125, 69.875, 3.9741107247967186e-20, nan 
-74.875, 69.875, 4.224591783217232e-20, nan 
-74.625, 69.875, 1.3847899957058966e-20, nan 
-74.375, 69.875, 1.9638518720060574e-20, nan 
-74.125, 69.875, 1.8421727281637117e-20, nan 
-73.875, 69.875, 6.831102937962003e-21, nan 
-73.625, 69.875, 2.29343593787901e-21, nan 
-73.375, 69.875, 1.6296812236179933e-21, nan 
-73.125, 69.875, 1.1560038775999083e-21, nan 
-72.875, 69.875, 1.4408317944972337e-21, nan 
-72.625, 69.875, 1.6058249885717717e-21, nan 
-72.375, 69.875, 1.2255681525111842e-21, nan 
-72.125, 69.875, 1.3173397677024316e-21, nan 
-71.875, 69.875, 1.1836993939660405e-21, nan 
-71.625, 69.875, 8.770317987690763e-22, nan 
-71.375, 69.875, 9.788140431690532e-22, nan 
-71.125, 69.875, 9.076639387840302e-22, nan 
-70.875, 69.875, 8.29469680888668e-22, nan 
-70.625, 69.875, 7.021486670591269e-22, nan 
-70.375, 69.875, 7.28970520270435e-22, nan 
-70.125, 69.875, 6.973442060761354e-22, nan 
-69.875, 69.875, 6.6976653247314355e-22, nan 
-69.625, 69.875, 6.821843934717444e-22, nan 
-69.375, 69.875, 6.197936163432973e-22, nan 
-69.125, 69.875, 6.16513409840428e-22, nan 
-68.875, 69.875, 5.120440802684603e-22, nan 
-68.625, 69.875, 5.600950338255602e-22, nan 
-68.375, 69.875, 5.584132522092224e-22, nan 
-68.125, 69.875, 6.204897782253049e-22, nan 
-67.875, 69.875, 6.3390379928069345e-22, nan 
-67.625, 69.875, 6.889878768752809e-22, nan 
-67.375, 69.875, 8.486442935647873e-22, nan 
-67.125, 69.875, 9.447364749551093e-22, nan 
-66.875, 69.875, 8.949163551474546e-22, nan 
-66.625, 69.875, 1.0655821549697057e-21, nan 
-66.375, 69.875, 1.2070404267657042e-21, nan 
-66.125, 69.875, 1.076075847680051e-21, nan 
-65.875, 69.875, 1.2525393424083035e-21, nan 
-65.625, 69.875, 1.2472757145964685e-21, nan 
-65.375, 69.875, 1.2484755230956342e-21, nan 
-65.125, 69.875, 8.993102612266956e-22, nan 
-64.875, 69.875, 5.568189810177048e-22, nan 
-64.625, 69.875, 9.586258639601603e-22, nan 
-64.375, 69.875, 6.63879016793704e-22, nan 
-64.125, 69.875, 1.0678229098961483e-21, nan 
-63.875, 69.875, 1.255395364590284e-21, nan 
-63.625, 69.875, 6.833889019716782e-22, nan 
-63.375, 69.875, 9.770315781812265e-22, nan 
-63.125, 69.875, 8.468334206263636e-22, nan 
-62.875, 69.875, 4.41181359363894e-22, nan 
-62.625, 69.875, 3.325275060553321e-22, nan 
-62.375, 69.875, 4.61304489180159e-22, nan 
-62.125, 69.875, 3.9149459021521205e-22, nan 
-61.875, 69.875, 5.662988852229129e-22, nan 
-61.625, 69.875, 4.191502524307214e-22, nan 
-61.375, 69.875, 3.868048944972414e-22, nan 
-61.125, 69.875, 6.014365537718884e-22, nan 
-60.875, 69.875, 1.1681052732607865e-21, nan 
-60.625, 69.875, 9.834118120256373e-22, nan 
-60.375, 69.875, 3.579541098428229e-22, nan 
-60.125, 69.875, 5.923656264371736e-22, nan 
-59.875, 69.875, 6.8489160421588e-22, nan 
-59.625, 69.875, 9.498426800610977e-22, nan 
-59.375, 69.875, 7.9814597898820505e-22, nan 
-59.125, 69.875, 6.482034248745357e-22, nan 
-58.875, 69.875, 4.937627508349226e-22, nan 
-58.625, 69.875, 4.719666198650908e-22, nan 
-58.375, 69.875, 4.4861095794434085e-22, nan 
-58.125, 69.875, 4.402369147233816e-22, nan 
-57.875, 69.875, 4.2251726288338325e-22, nan 
-57.625, 69.875, 4.0752783093391406e-22, nan 
-57.375, 69.875, 5.333749370541567e-22, nan 
-57.125, 69.875, 5.916779959164213e-22, nan 
-56.875, 69.875, 6.523734416780097e-22, nan 
-56.625, 69.875, 8.73547816064949e-22, nan 
-56.375, 69.875, 7.1848009684078055e-22, nan 
-56.125, 69.875, 7.374576224914083e-22, nan 
-55.875, 69.875, 1.165294788354057e-21, nan 
-55.625, 69.875, 9.38380304100245e-22, nan 
-55.375, 69.875, 6.088540471909023e-22, nan 
-55.125, 69.875, 8.692901719639362e-22, nan 
-54.875, 69.875, 8.597735330362041e-22, nan 
-54.625, 69.875, 6.555640296794168e-22, nan 
-54.375, 69.875, 1.0497211518124996e-21, nan 
-54.125, 69.875, 9.736345933706345e-22, nan 
-53.875, 69.875, 9.216031886916795e-22, nan 
-53.625, 69.875, 1.160093986532177e-21, nan 
-53.375, 69.875, 1.063143175595576e-21, nan 
-53.125, 69.875, 8.8869848239614e-22, nan 
-52.875, 69.875, 1.1512972543057912e-21, nan 
-52.625, 69.875, 1.19868943943647e-21, nan 
-52.375, 69.875, 9.886737581189027e-22, nan 
-52.125, 69.875, 1.2646175588500396e-21, nan 
-51.875, 69.875, 2.9068730598287717e-21, nan 
-51.625, 69.875, 2.1881391117609322e-21, nan 
-51.375, 69.875, 1.893573805072309e-21, nan 
-51.125, 69.875, 1.9190206217810574e-21, nan 
-50.875, 69.875, 2.0357626160691655e-21, nan 
-50.625, 69.875, 2.0043137465327506e-21, nan 
-50.375, 69.875, 1.2349456525856761e-21, nan 
-50.125, 69.875, 1.0726967311594504e-21, nan 
-49.875, 69.875, 1.686149743762708e-21, nan 
-49.625, 69.875, 1.2200892913817772e-21, nan 
-49.375, 69.875, 1.3688827428299836e-21, nan 
-49.125, 69.875, 1.2157539621597346e-21, nan 
-48.875, 69.875, 1.1112639820595063e-21, nan 
-48.625, 69.875, 2.0063316090868722e-21, nan 
-48.375, 69.875, 1.7123160196917264e-21, nan 
-48.125, 69.875, 1.4193714089810037e-21, nan 
-47.875, 69.875, 2.1606452511110622e-21, nan 
-47.625, 69.875, 2.723597430412057e-21, nan 
-47.375, 69.875, 2.874402927001527e-21, nan 
-47.125, 69.875, 3.1673382545917858e-21, nan 
-46.875, 69.875, 2.6506079352373294e-21, nan 
-46.625, 69.875, 2.8715568680559932e-21, nan 
-46.375, 69.875, 3.927012672279312e-21, nan 
-46.125, 69.875, 2.2793975405214665e-21, nan 
-45.875, 69.875, 2.7107371212115405e-21, nan 
-45.625, 69.875, 1.7740122813782624e-21, nan 
-45.375, 69.875, 4.2000056111426956e-21, nan 
-45.125, 69.875, 4.419375516594874e-21, nan 
-44.875, 69.875, 3.118490066434612e-21, nan 
-44.625, 69.875, 5.818200772389118e-21, nan 
-44.375, 69.875, 3.3783159099342508e-21, nan 
-44.125, 69.875, 1.1430159444142902e-20, nan 
-43.875, 69.875, 2.2802716650130127e-20, nan 
-43.625, 69.875, 1.9500878944000425e-20, nan 
-43.375, 69.875, 2.2455409708954272e-20, nan 
-43.125, 69.875, 4.1232869468345697e-20, nan 
-42.875, 69.875, 1.8677346083685364e-20, nan 
-42.625, 69.875, 2.5770314631996305e-20, nan 
-42.375, 69.875, 4.792322003979696e-20, nan 
-42.125, 69.875, 1.198753058046677e-20, nan 
-41.875, 69.875, 1.103568073140242e-20, nan 
-41.625, 69.875, 5.548498321990781e-20, nan 
-41.375, 69.875, 4.834342965583906e-20, nan 
-41.125, 69.875, 5.1288925188070265e-20, nan 
-40.875, 69.875, 8.58242705100497e-20, nan 
-40.625, 69.875, 9.288798808855958e-20, nan 
-40.375, 69.875, 1.8599618573300318e-19, nan 
-40.125, 69.875, 2.142966585994593e-19, nan 
-39.875, 69.875, 1.5773979679124271e-19, nan 
-39.625, 69.875, 3.308657360702591e-19, nan 
-39.375, 69.875, 3.38135349363374e-19, nan 
-39.125, 69.875, 2.989459508251809e-19, nan 
-38.875, 69.875, 3.0790423428822833e-19, nan 
-38.625, 69.875, 1.5029621237600008e-19, nan 
-38.375, 69.875, 1.5529197256070443e-19, nan 
-38.125, 69.875, 6.163740175547265e-20, nan 
-37.875, 69.875, 7.233817962757528e-20, nan 
-37.625, 69.875, 6.64116050684626e-20, nan 
-37.375, 69.875, 4.478064188388931e-20, nan 
-37.125, 69.875, 4.229103350054043e-20, nan 
-36.875, 69.875, 3.237823679817567e-20, nan 
-36.625, 69.875, 2.1867445087715116e-20, nan 
-36.375, 69.875, 3.391588376318236e-20, nan 
-36.125, 69.875, 4.9268880644915645e-20, nan 
-35.875, 69.875, 3.3418069194515015e-20, nan 
-35.625, 69.875, 2.6461040914496948e-20, nan 
-35.375, 69.875, 3.058918275291581e-20, nan 
-35.125, 69.875, 1.7634364501230935e-20, nan 
-34.875, 69.875, 9.919193004357978e-21, nan 
-34.625, 69.875, 5.519373945996546e-21, nan 
-34.375, 69.875, 7.83585976721361e-21, nan 
-34.125, 69.875, 3.611493520214588e-21, nan 
-33.875, 69.875, 3.611801098183959e-21, nan 
-33.625, 69.875, 3.0364752159958235e-21, nan 
-33.375, 69.875, 3.6586633270016744e-21, nan 
-33.125, 69.875, 3.272761105685738e-21, nan 
-32.875, 69.875, 3.741968692702777e-21, nan 
-32.625, 69.875, 5.708800191051259e-21, nan 
-32.375, 69.875, 4.1808124021228954e-21, nan 
-32.125, 69.875, 1.9977976703204708e-21, nan 
-31.875, 69.875, 1.0636689912224963e-21, nan 
-31.625, 69.875, 1.941983061698559e-21, nan 
-31.375, 69.875, 1.7429620529380416e-21, nan 
-31.125, 69.875, 1.9499325646065406e-21, nan 
-30.875, 69.875, 2.7231230343888683e-21, nan 
-30.625, 69.875, 4.887219522596721e-21, nan 
-30.375, 69.875, 6.778841614450595e-21, nan 
-30.125, 69.875, 3.962774734678048e-21, nan 
-29.875, 69.875, 4.937674041241198e-21, nan 
-29.625, 69.875, 7.427689934287762e-21, nan 
-29.375, 69.875, 3.770098440601731e-21, nan 
-29.125, 69.875, 2.2505607173769863e-21, nan 
-28.875, 69.875, 4.1307259346599314e-21, nan 
-28.625, 69.875, 4.351863652924005e-21, nan 
-28.375, 69.875, 4.133365340015805e-21, nan 
-28.125, 69.875, 4.442081353996459e-21, nan 
-27.875, 69.875, 4.439969143765727e-21, nan 
-27.625, 69.875, 4.125076346004289e-21, nan 
-27.375, 69.875, 2.7210585723022986e-21, nan 
-27.125, 69.875, 2.6792555615342997e-21, nan 
-26.875, 69.875, 3.008213572042974e-21, nan 
-26.625, 69.875, 2.898829546419513e-21, nan 
-26.375, 69.875, 2.867343195084707e-21, nan 
-26.125, 69.875, 2.8484531410417032e-21, nan 
-25.875, 69.875, 1.8254165312006385e-21, nan 
-25.625, 69.875, 4.553474258619741e-22, nan 
-25.375, 69.875, 6.101075279970199e-22, nan 
-25.125, 69.875, 5.847661849197207e-22, nan 
-24.875, 69.875, 3.944804748743049e-22, nan 
-24.625, 69.875, 4.460724091519894e-22, nan 
-24.375, 69.875, 2.5965119162880225e-22, nan 
-24.125, 69.875, 3.1982361300744685e-22, nan 
-23.875, 69.875, 2.0069221637539107e-22, nan 
-23.625, 69.875, 2.2217009715642653e-22, nan 
-23.375, 69.875, 8.361341756796076e-23, nan 
-23.125, 69.875, 1.9223956995862598e-22, nan 
-22.875, 69.875, 1.9885541410345414e-22, nan 
-22.625, 69.875, 3.1882509894467286e-22, nan 
-22.375, 69.875, 5.12056467138311e-22, nan 
-22.125, 69.875, 5.183529168853001e-22, nan 
-21.875, 69.875, 3.801015141565467e-22, nan 
-21.625, 69.875, 3.710343615934655e-22, nan 
-21.375, 69.875, 2.849068492639782e-22, nan 
-21.125, 69.875, 2.7639956756290893e-22, nan 
-20.875, 69.875, 2.317320288561813e-22, nan 
-20.625, 69.875, 3.7287888622199004e-22, nan 
-20.375, 69.875, 3.975261739164423e-22, nan 
-20.125, 69.875, 3.9377463568627746e-22, nan 
-19.875, 69.875, 3.261667779883147e-22, nan 
-19.625, 69.875, 2.5454733791740855e-22, nan 
-19.375, 69.875, 2.814942424778737e-22, nan 
-19.125, 69.875, 2.746701318310187e-22, nan 
-18.875, 69.875, 3.2555844303247875e-22, nan 
-18.625, 69.875, 3.7729282382682593e-22, nan 
-18.375, 69.875, 2.5763843463317043e-22, nan 
-18.125, 69.875, 1.1727813128299662e-22, nan 
-17.875, 69.875, 2.3033239205468313e-22, nan 
-17.625, 69.875, 1.955949573988598e-22, nan 
-17.375, 69.875, 2.4379862113330257e-22, nan 
-17.125, 69.875, 2.330884282562221e-22, nan 
-16.875, 69.875, 2.1407420805199173e-22, nan 
-16.625, 69.875, 2.9826199862491864e-22, nan 
-16.375, 69.875, 1.237994040238137e-22, nan 
-16.125, 69.875, 2.863121915427581e-22, nan 
-15.875, 69.875, 3.2204299632942256e-22, nan 
-15.625, 69.875, 2.1748199618870185e-22, nan 
-15.375, 69.875, 2.2997541213715585e-22, nan 
-15.125, 69.875, 2.843345573842984e-22, nan 
-14.875, 69.875, 2.87052602316154e-22, nan 
-14.625, 69.875, 2.290381014849133e-22, nan 
-14.375, 69.875, 2.1053567461627937e-22, nan 
-14.125, 69.875, 2.3233190140522056e-22, nan 
-13.875, 69.875, 2.1521261264643064e-22, nan 
-13.625, 69.875, 1.3615453585774493e-22, nan 
-13.375, 69.875, 7.709926292709776e-23, nan 
-13.125, 69.875, 1.4883989551964342e-22, nan 
-12.875, 69.875, 7.26366338481288e-23, nan 
-12.625, 69.875, 7.647935309864959e-23, nan 
-12.375, 69.875, 1.16570308105412e-22, nan 
-12.125, 69.875, 5.954720451942054e-23, nan 
-11.875, 69.875, 8.654653579108094e-23, nan 
-11.625, 69.875, 1.2898995605353052e-22, nan 
-11.375, 69.875, 1.6247825098436689e-22, nan 
-11.125, 69.875, 1.4628233942266328e-22, nan 
-10.875, 69.875, 2.3764587889379037e-22, nan 
-10.625, 69.875, 5.362025156385118e-22, nan 
-10.375, 69.875, 3.813965773969857e-22, nan 
-10.125, 69.875, 5.871528015120025e-22, nan 
-9.875, 69.875, 7.778307903911081e-22, nan 
-9.625, 69.875, 1.081012602002544e-21, nan 
-9.375, 69.875, 6.234537269451625e-22, nan 
-9.125, 69.875, 4.6729851013808845e-21, nan 
-8.875, 69.875, 6.337838139066148e-21, nan 
-8.625, 69.875, 5.336919519600593e-21, nan 
-8.375, 69.875, 6.95939627790514e-21, nan 
-8.125, 69.875, 9.572494806324055e-21, nan 
-7.875, 69.875, 9.691764887572506e-21, nan 
-7.625, 69.875, 7.447271161637926e-21, nan 
-7.375, 69.875, 5.3376031311996935e-21, nan 
-7.125, 69.875, 5.089387753617516e-21, nan 
-6.875, 69.875, 4.108342571776145e-21, nan 
-6.625, 69.875, 2.552479265149371e-21, nan 
-6.375, 69.875, 6.893320796553293e-22, nan 
-6.125, 69.875, 4.990426171654133e-22, nan 
-5.875, 69.875, 4.472417823270893e-22, nan 
-5.625, 69.875, 2.475148292271468e-22, nan 
-5.375, 69.875, 3.5373621162631464e-22, nan 
-5.125, 69.875, 3.552599294762536e-22, nan 
-4.875, 69.875, 8.780739562603998e-23, nan 
-4.625, 69.875, 8.306141802842414e-23, nan 
-4.375, 69.875, 1.1032841515178224e-22, nan 
-4.125, 69.875, 9.705042868969861e-23, nan 
-3.875, 69.875, 7.892400748311273e-23, nan 
-3.625, 69.875, 4.794149869544112e-23, nan 
-3.375, 69.875, 6.038200973996035e-23, nan 
-3.125, 69.875, 5.743858321400997e-23, nan 
-2.875, 69.875, 7.956898602474349e-23, nan 
-2.625, 69.875, 6.643829267034988e-23, nan 
-2.375, 69.875, 3.078112587750316e-23, nan 
-2.125, 69.875, 3.930363535600107e-23, nan 
-1.875, 69.875, 4.6921988735898386e-23, nan 
-1.625, 69.875, 3.083854161474273e-23, nan 
-1.375, 69.875, 3.031839751700777e-23, nan 
-1.125, 69.875, 5.1618681007839334e-23, nan 
-0.875, 69.875, 4.5778765987874616e-23, nan 
-0.625, 69.875, 4.554084031749741e-23, nan 
-0.375, 69.875, 3.130704492213586e-23, nan 
-0.125, 69.875, 2.4604188681426875e-23, nan 
0.125, 69.875, 3.510205163749367e-23, nan 
0.375, 69.875, 2.795048667730888e-23, nan 
0.625, 69.875, 2.738951197456116e-23, nan 
0.875, 69.875, 1.5547439670180552e-23, nan 
1.125, 69.875, 1.6733464395094252e-23, nan 
1.375, 69.875, 1.827032150888632e-23, nan 
1.625, 69.875, 2.638797773243309e-23, nan 
1.875, 69.875, 2.6082165596277882e-23, nan 
2.125, 69.875, 2.740690717637784e-23, nan 
2.375, 69.875, 3.7539645101831174e-23, nan 
2.625, 69.875, 3.417620933910267e-23, nan 
2.875, 69.875, 3.299303074997461e-23, nan 
3.125, 69.875, 3.562641934124004e-23, nan 
3.375, 69.875, 3.3789030865160976e-23, nan 
3.625, 69.875, 3.993172173745165e-23, nan 
3.875, 69.875, 3.7270216445827417e-23, nan 
4.125, 69.875, 2.85238357466186e-23, nan 
4.375, 69.875, 3.026498570428179e-23, nan 
4.625, 69.875, 3.2642278401339634e-23, nan 
4.875, 69.875, 2.4352288906386587e-23, nan 
5.125, 69.875, 1.3689736000646018e-23, nan 
5.375, 69.875, 8.87083200191634e-24, nan 
5.625, 69.875, 3.149687024012108e-23, nan 
5.875, 69.875, 3.2431059864407166e-23, nan 
6.125, 69.875, 2.760409681180112e-23, nan 
6.375, 69.875, 2.6099236763300558e-23, nan 
6.625, 69.875, 2.579202053450836e-23, nan 
6.875, 69.875, 2.2274725961871333e-23, nan 
7.125, 69.875, 1.7787123800001974e-23, nan 
7.375, 69.875, 6.466823700778818e-24, nan 
7.625, 69.875, 7.418153577342739e-25, nan 
7.875, 69.875, 8.351590514082281e-24, nan 
8.125, 69.875, 8.003248115802757e-24, nan 
8.375, 69.875, 1.287243997599797e-23, nan 
8.625, 69.875, 1.471465960297779e-23, nan 
8.875, 69.875, 3.131135414055645e-23, nan 
9.125, 69.875, 5.61221113432846e-23, nan 
9.375, 69.875, 6.192799978478685e-23, nan 
-88.625, 70.125, 5.136143852297947e-22, nan 
-88.375, 70.125, 5.33235934216884e-22, nan 
-88.125, 70.125, 5.303631892848695e-22, nan 
-87.875, 70.125, 6.132375071783397e-22, nan 
-87.625, 70.125, 5.333574103952999e-22, nan 
-87.375, 70.125, 5.713146164326903e-22, nan 
-87.125, 70.125, 5.655512177256547e-22, nan 
-86.875, 70.125, 6.454824278379956e-22, nan 
-86.625, 70.125, 9.234888354193168e-22, nan 
-86.375, 70.125, 8.512318858663653e-22, nan 
-86.125, 70.125, 8.449814951152296e-22, nan 
-85.875, 70.125, 9.842835354020912e-22, nan 
-85.625, 70.125, 8.964493065583696e-22, nan 
-85.375, 70.125, 9.551509565780418e-22, nan 
-85.125, 70.125, 8.957617794367727e-22, nan 
-84.875, 70.125, 9.584855955442358e-22, nan 
-84.625, 70.125, 9.77401257279992e-22, nan 
-84.375, 70.125, 8.580495661114473e-22, nan 
-84.125, 70.125, 9.08145695518677e-22, nan 
-83.875, 70.125, 1.055309006262332e-21, nan 
-83.625, 70.125, 1.038174712801844e-21, nan 
-83.375, 70.125, 1.1684788896864175e-21, nan 
-83.125, 70.125, 1.035338581126109e-21, nan 
-82.875, 70.125, 1.0446916826686235e-21, nan 
-82.625, 70.125, 1.1508318480822275e-21, nan 
-82.375, 70.125, 7.900728284434645e-22, nan 
-82.125, 70.125, 7.418017808290131e-22, nan 
-81.875, 70.125, 9.479087227004991e-22, nan 
-81.625, 70.125, 8.81115075591121e-22, nan 
-81.375, 70.125, 1.0353399198616335e-21, nan 
-81.125, 70.125, 1.1131252131053116e-21, nan 
-80.875, 70.125, 6.719058573465544e-22, nan 
-80.625, 70.125, 7.654205867685289e-22, nan 
-80.375, 70.125, 7.57690797441636e-22, nan 
-80.125, 70.125, 7.837135310972166e-22, nan 
-79.875, 70.125, 7.09425884511087e-22, nan 
-79.625, 70.125, 8.661059057804274e-22, nan 
-79.375, 70.125, 1.2716007322598785e-21, nan 
-79.125, 70.125, 1.4775931949297495e-21, nan 
-78.875, 70.125, 1.1799351130715968e-21, nan 
-78.625, 70.125, 1.2328422056245137e-21, nan 
-78.375, 70.125, 1.4363617375324285e-21, nan 
-78.125, 70.125, 1.2034535319760657e-21, nan 
-77.875, 70.125, 6.859695238545158e-22, nan 
-77.625, 70.125, 8.119234579929808e-22, nan 
-77.375, 70.125, 2.2696575415696573e-22, nan 
-77.125, 70.125, 3.527803652144589e-22, nan 
-76.875, 70.125, 1.0165188784378862e-21, nan 
-76.625, 70.125, 1.6907459351727868e-21, nan 
-76.375, 70.125, 1.268281208271183e-21, nan 
-76.125, 70.125, 3.0675624377806687e-21, nan 
-75.875, 70.125, 3.2832775824285997e-21, nan 
-75.625, 70.125, 2.137030935432835e-21, nan 
-75.375, 70.125, 6.5107040880184035e-21, nan 
-75.125, 70.125, 2.4106865294041414e-20, nan 
-74.875, 70.125, 2.6078395164049233e-20, nan 
-74.625, 70.125, 9.353847130857701e-21, nan 
-74.375, 70.125, 3.185888609964254e-21, nan 
-74.125, 70.125, 1.4881769466474928e-21, nan 
-73.875, 70.125, 8.970540205331022e-22, nan 
-73.625, 70.125, 2.129526557944838e-21, nan 
-73.375, 70.125, 1.361896215453818e-21, nan 
-73.125, 70.125, 1.1725279672613049e-21, nan 
-72.875, 70.125, 1.886349339697149e-21, nan 
-72.625, 70.125, 1.0609103085204393e-21, nan 
-72.375, 70.125, 1.090720205134387e-21, nan 
-72.125, 70.125, 1.4548453920722355e-21, nan 
-71.875, 70.125, 1.6901494457990445e-21, nan 
-71.625, 70.125, 1.4279169985788558e-21, nan 
-71.375, 70.125, 1.5613634090828155e-21, nan 
-71.125, 70.125, 1.83474772001508e-21, nan 
-70.875, 70.125, 1.4425275094170083e-21, nan 
-70.625, 70.125, 4.5115539101347995e-22, nan 
-70.375, 70.125, 5.30330823136238e-22, nan 
-70.125, 70.125, 4.408820818626158e-22, nan 
-69.875, 70.125, 6.283856516124812e-22, nan 
-69.625, 70.125, 4.8221026472308115e-22, nan 
-69.375, 70.125, 5.720377070753796e-22, nan 
-69.125, 70.125, 5.893445608582676e-22, nan 
-68.875, 70.125, 6.637899756142556e-22, nan 
-68.625, 70.125, 8.626964675260156e-22, nan 
-68.375, 70.125, 9.78969859652477e-22, nan 
-68.125, 70.125, 9.804214046424812e-22, nan 
-67.875, 70.125, 9.536139550721161e-22, nan 
-67.625, 70.125, 1.1750753837790117e-21, nan 
-67.375, 70.125, 1.0896491156435498e-21, nan 
-67.125, 70.125, 8.186745849269334e-22, nan 
-66.875, 70.125, 9.149275021657095e-22, nan 
-66.625, 70.125, 7.279562015411367e-22, nan 
-66.375, 70.125, 7.973930081995953e-22, nan 
-66.125, 70.125, 9.556837455331043e-22, nan 
-65.875, 70.125, 7.461849878408841e-22, nan 
-65.625, 70.125, 1.080270492460514e-21, nan 
-65.375, 70.125, 1.420196376951541e-21, nan 
-65.125, 70.125, 1.5266061008132265e-21, nan 
-64.875, 70.125, 1.0772761020770736e-21, nan 
-64.625, 70.125, 1.497870781882583e-21, nan 
-64.375, 70.125, 1.4680636794724078e-21, nan 
-64.125, 70.125, 1.2726023831175525e-21, nan 
-63.875, 70.125, 1.2835938071740803e-21, nan 
-63.625, 70.125, 1.0193156672353584e-21, nan 
-63.375, 70.125, 1.1436298283565253e-21, nan 
-63.125, 70.125, 1.014878940681224e-21, nan 
-62.875, 70.125, 9.922642576118392e-22, nan 
-62.625, 70.125, 8.62176902638546e-22, nan 
-62.375, 70.125, 6.9097927119030605e-22, nan 
-62.125, 70.125, 4.553193281188169e-22, nan 
-61.875, 70.125, 6.876311932515551e-22, nan 
-61.625, 70.125, 7.8962914564327905e-22, nan 
-61.375, 70.125, 4.882312289740474e-22, nan 
-61.125, 70.125, 6.084618999523394e-22, nan 
-60.875, 70.125, 9.148659909059611e-22, nan 
-60.625, 70.125, 7.80700700976845e-22, nan 
-60.375, 70.125, 8.60080084963851e-22, nan 
-60.125, 70.125, 6.079698791874782e-22, nan 
-59.875, 70.125, 1.014701643342568e-21, nan 
-59.625, 70.125, 1.5831581751517186e-21, nan 
-59.375, 70.125, 1.2266397891008562e-21, nan 
-59.125, 70.125, 1.0655469192709961e-21, nan 
-58.875, 70.125, 1.2060460873762992e-21, nan 
-58.625, 70.125, 1.1241284755537832e-21, nan 
-58.375, 70.125, 1.2409058030117915e-21, nan 
-58.125, 70.125, 9.713910911740092e-22, nan 
-57.875, 70.125, 1.0312910000911217e-21, nan 
-57.625, 70.125, 9.33930930906457e-22, nan 
-57.375, 70.125, 6.613352566642981e-22, nan 
-57.125, 70.125, 5.869639128206457e-22, nan 
-56.875, 70.125, 6.23020155114088e-22, nan 
-56.625, 70.125, 6.482347553464677e-22, nan 
-56.375, 70.125, 4.900986421200616e-22, nan 
-56.125, 70.125, 1.2061799059223026e-22, nan 
-55.875, 70.125, 3.3761666112725437e-22, nan 
-55.625, 70.125, 3.5317628715975726e-22, nan 
-55.375, 70.125, 3.341699074240207e-22, nan 
-55.125, 70.125, 6.930389050321332e-22, nan 
-54.875, 70.125, 8.342383600775772e-22, nan 
-54.625, 70.125, 9.136163141024803e-22, nan 
-54.375, 70.125, 1.2302254500146288e-21, nan 
-54.125, 70.125, 1.4565022657489218e-21, nan 
-53.875, 70.125, 8.422680299226216e-22, nan 
-53.625, 70.125, 7.271474837949453e-22, nan 
-53.375, 70.125, 7.220566301869446e-22, nan 
-53.125, 70.125, 1.2109016326462926e-21, nan 
-52.875, 70.125, 1.4318544405671252e-21, nan 
-52.625, 70.125, 1.4885917872370811e-21, nan 
-52.375, 70.125, 1.2306924598312425e-21, nan 
-52.125, 70.125, 2.111024700956687e-21, nan 
-51.875, 70.125, 4.899710664760246e-21, nan 
-51.625, 70.125, 3.577173313812554e-21, nan 
-51.375, 70.125, 2.32953254705177e-21, nan 
-51.125, 70.125, 4.2721912685838634e-21, nan 
-50.875, 70.125, 3.5811901594757685e-21, nan 
-50.625, 70.125, 2.7510348212352104e-21, nan 
-50.375, 70.125, 2.5064551855109413e-21, nan 
-50.125, 70.125, 2.411009688602471e-21, nan 
-49.875, 70.125, 4.304123767115184e-21, nan 
-49.625, 70.125, 3.4716924132181165e-21, nan 
-49.375, 70.125, 2.449163139756199e-21, nan 
-49.125, 70.125, 4.122157665935983e-21, nan 
-48.875, 70.125, 3.64901320204148e-21, nan 
-48.625, 70.125, 3.821149405634219e-21, nan 
-48.375, 70.125, 3.908904972845137e-21, nan 
-48.125, 70.125, 3.8394127084302065e-21, nan 
-47.875, 70.125, 6.418908658767377e-21, nan 
-47.625, 70.125, 4.8221859651580545e-21, nan 
-47.375, 70.125, 6.2823302720726494e-21, nan 
-47.125, 70.125, 9.903059238046337e-21, nan 
-46.875, 70.125, 4.919126497256263e-21, nan 
-46.625, 70.125, 4.223205614775519e-21, nan 
-46.375, 70.125, 9.398810387082538e-21, nan 
-46.125, 70.125, 1.14344376704229e-20, nan 
-45.875, 70.125, 7.359176471432492e-21, nan 
-45.625, 70.125, 9.24471332700824e-21, nan 
-45.375, 70.125, 1.9842280358398506e-20, nan 
-45.125, 70.125, 1.5530570817602015e-20, nan 
-44.875, 70.125, 9.55612263671861e-21, nan 
-44.625, 70.125, 1.7042184215602747e-20, nan 
-44.375, 70.125, 2.4968665929049457e-20, nan 
-44.125, 70.125, 2.4368652973386533e-20, nan 
-43.875, 70.125, 3.2003036033898216e-20, nan 
-43.625, 70.125, 4.929018532248095e-20, nan 
-43.375, 70.125, 8.693550929488547e-20, nan 
-43.125, 70.125, 1.0555531923263105e-19, nan 
-42.875, 70.125, 4.6159580653996506e-20, nan 
-42.625, 70.125, 1.3385663891900374e-19, nan 
-42.375, 70.125, 1.2396949029402585e-19, nan 
-42.125, 70.125, 1.1976002970161638e-19, nan 
-41.875, 70.125, 1.4599273410966161e-19, nan 
-41.625, 70.125, 3.4718803331770693e-19, nan 
-41.375, 70.125, 3.9954221013489846e-19, nan 
-41.125, 70.125, 4.901069901564178e-19, nan 
-40.875, 70.125, 6.77606655979547e-19, nan 
-40.625, 70.125, 2.4943418870818537e-19, nan 
-40.375, 70.125, 2.555140832885904e-19, nan 
-40.125, 70.125, 2.3175417564164683e-19, nan 
-39.875, 70.125, 2.0744006534512093e-19, nan 
-39.625, 70.125, 2.954947127425854e-19, nan 
-39.375, 70.125, 1.6431509057252794e-19, nan 
-39.125, 70.125, 1.5125595343026326e-19, nan 
-38.875, 70.125, 1.3498876211788475e-19, nan 
-38.625, 70.125, 4.556583325741327e-20, nan 
-38.375, 70.125, 7.496997560873412e-20, nan 
-38.125, 70.125, 4.187447126452042e-20, nan 
-37.875, 70.125, 3.3527788831665624e-20, nan 
-37.625, 70.125, 3.3188074794846825e-20, nan 
-37.375, 70.125, 2.088968516349292e-20, nan 
-37.125, 70.125, 1.694600050593152e-20, nan 
-36.875, 70.125, 1.905640178743008e-20, nan 
-36.625, 70.125, 1.0604379882638927e-20, nan 
-36.375, 70.125, 1.912160142604459e-20, nan 
-36.125, 70.125, 2.147980944350531e-20, nan 
-35.875, 70.125, 2.2773736545428314e-20, nan 
-35.625, 70.125, 2.1564037965379864e-20, nan 
-35.375, 70.125, 1.608268767643924e-20, nan 
-35.125, 70.125, 9.978624286396581e-21, nan 
-34.875, 70.125, 5.367125284675806e-21, nan 
-34.625, 70.125, 5.27237399528365e-21, nan 
-34.375, 70.125, 5.503826368524512e-21, nan 
-34.125, 70.125, 3.582026220691031e-21, nan 
-33.875, 70.125, 2.784001845103399e-21, nan 
-33.625, 70.125, 4.25340558843757e-21, nan 
-33.375, 70.125, 6.451509291521943e-21, nan 
-33.125, 70.125, 3.1792988364987132e-21, nan 
-32.875, 70.125, 3.9014341003750816e-21, nan 
-32.625, 70.125, 6.956997088943882e-21, nan 
-32.375, 70.125, 2.971958586198366e-21, nan 
-32.125, 70.125, 9.719839512273576e-22, nan 
-31.875, 70.125, 2.463840489384903e-21, nan 
-31.625, 70.125, 1.6414586602822735e-21, nan 
-31.375, 70.125, 1.5571113997087278e-21, nan 
-31.125, 70.125, 9.50477000416446e-22, nan 
-30.875, 70.125, 2.192207123086232e-21, nan 
-30.625, 70.125, 3.2339302288030003e-21, nan 
-30.375, 70.125, 3.845879505909959e-21, nan 
-30.125, 70.125, 3.2151087575306576e-21, nan 
-29.875, 70.125, 3.020662571135538e-21, nan 
-29.625, 70.125, 4.0168956140554886e-21, nan 
-29.375, 70.125, 2.602059145270285e-21, nan 
-29.125, 70.125, 1.574799367026899e-21, nan 
-28.875, 70.125, 2.9995616469230585e-21, nan 
-28.625, 70.125, 2.2121196269370284e-21, nan 
-28.375, 70.125, 1.6676806884126842e-21, nan 
-28.125, 70.125, 3.0469635622105532e-21, nan 
-27.875, 70.125, 3.001647322334053e-21, nan 
-27.625, 70.125, 2.873500627036611e-21, nan 
-27.375, 70.125, 1.915471271378185e-21, nan 
-27.125, 70.125, 1.6680731484757836e-21, nan 
-26.875, 70.125, 1.8086511805830184e-21, nan 
-26.625, 70.125, 6.2165020132475995e-22, nan 
-26.375, 70.125, 2.5431135730039825e-22, nan 
-26.125, 70.125, 5.851908761463926e-22, nan 
-25.875, 70.125, 8.263160070440222e-22, nan 
-25.625, 70.125, 4.336923976470687e-22, nan 
-25.375, 70.125, 3.850303627702101e-22, nan 
-25.125, 70.125, 4.0062222298256577e-22, nan 
-24.875, 70.125, 4.811350208053615e-22, nan 
-24.625, 70.125, 4.736650870086689e-22, nan 
-24.375, 70.125, 2.7872284157297086e-22, nan 
-24.125, 70.125, 5.38769015579438e-22, nan 
-23.875, 70.125, 1.50880579998824e-22, nan 
-23.625, 70.125, 2.208053330132231e-22, nan 
-23.375, 70.125, 3.474036013488341e-22, nan 
-23.125, 70.125, 2.417792572866047e-22, nan 
-22.875, 70.125, 2.308743677229957e-22, nan 
-22.625, 70.125, 6.808154598145888e-22, nan 
-22.375, 70.125, 4.9152428815063695e-22, nan 
-22.125, 70.125, 1.865993116908029e-22, nan 
-21.875, 70.125, 8.937059990505689e-23, nan 
-21.625, 70.125, 8.852918277995498e-23, nan 
-21.375, 70.125, 1.8030118900796235e-22, nan 
-21.125, 70.125, 2.7809423978318486e-22, nan 
-20.875, 70.125, 2.170529514320348e-22, nan 
-20.625, 70.125, 2.580221117180905e-22, nan 
-20.375, 70.125, 3.3572125098288984e-22, nan 
-20.125, 70.125, 3.8486507573323734e-22, nan 
-19.875, 70.125, 3.9133471417637004e-22, nan 
-19.625, 70.125, 4.0757084499311985e-22, nan 
-19.375, 70.125, 4.540742489445341e-22, nan 
-19.125, 70.125, 6.673760312074014e-22, nan 
-18.875, 70.125, 1.0293724031682306e-21, nan 
-18.625, 70.125, 4.786712956351003e-22, nan 
-18.375, 70.125, 5.592005222904727e-22, nan 
-18.125, 70.125, 5.654019687689067e-22, nan 
-17.875, 70.125, 3.247550437144216e-22, nan 
-17.625, 70.125, 2.5380464196703955e-22, nan 
-17.375, 70.125, 3.1254823433751883e-22, nan 
-17.125, 70.125, 2.3866420375524516e-22, nan 
-16.875, 70.125, 1.3743625868020356e-22, nan 
-16.625, 70.125, 1.208494170321205e-22, nan 
-16.375, 70.125, 1.6494681525783666e-22, nan 
-16.125, 70.125, 1.8660201926973097e-22, nan 
-15.875, 70.125, 2.141381039808166e-22, nan 
-15.625, 70.125, 2.1639803069854407e-22, nan 
-15.375, 70.125, 2.0644345113492012e-22, nan 
-15.125, 70.125, 2.4083645674466884e-22, nan 
-14.875, 70.125, 2.2653533674671586e-22, nan 
-14.625, 70.125, 2.256854391964535e-22, nan 
-14.375, 70.125, 1.966784554805475e-22, nan 
-14.125, 70.125, 1.8262407804652915e-22, nan 
-13.875, 70.125, 1.9164924749576583e-22, nan 
-13.625, 70.125, 1.480956518993883e-22, nan 
-13.375, 70.125, 1.0537025618295364e-22, nan 
-13.125, 70.125, 7.587137558232546e-23, nan 
-12.875, 70.125, 6.031134727141978e-23, nan 
-12.625, 70.125, 1.2093798262140326e-22, nan 
-12.375, 70.125, 1.2933681186990645e-22, nan 
-12.125, 70.125, 1.6236257349419228e-22, nan 
-11.875, 70.125, 1.4965722985701607e-22, nan 
-11.625, 70.125, 1.3659541733755807e-22, nan 
-11.375, 70.125, 1.9075959387948248e-22, nan 
-11.125, 70.125, 1.1911135618402607e-22, nan 
-10.875, 70.125, 5.650789804524053e-22, nan 
-10.625, 70.125, 4.255621176969453e-22, nan 
-10.375, 70.125, 4.324663753519459e-22, nan 
-10.125, 70.125, 7.011178233056129e-22, nan 
-9.875, 70.125, 5.677150131111219e-22, nan 
-9.625, 70.125, 1.1436723026340208e-21, nan 
-9.375, 70.125, 2.6769499609846496e-21, nan 
-9.125, 70.125, 5.407691625457835e-21, nan 
-8.875, 70.125, 6.400860885551117e-21, nan 
-8.625, 70.125, 4.87072883710884e-21, nan 
-8.375, 70.125, 6.630978569263173e-21, nan 
-8.125, 70.125, 7.115572445888397e-21, nan 
-7.875, 70.125, 7.101275807941982e-21, nan 
-7.625, 70.125, 6.937498317929567e-21, nan 
-7.375, 70.125, 5.330640650227033e-21, nan 
-7.125, 70.125, 4.854588239031357e-21, nan 
-6.875, 70.125, 4.907551238940496e-21, nan 
-6.625, 70.125, 3.4670363329077854e-21, nan 
-6.375, 70.125, 3.868470641194055e-22, nan 
-6.125, 70.125, 4.778550090196771e-22, nan 
-5.875, 70.125, 3.646028198746751e-22, nan 
-5.625, 70.125, 1.8119807401547343e-22, nan 
-5.375, 70.125, 2.616873546860412e-22, nan 
-5.125, 70.125, 2.262151114438558e-22, nan 
-4.875, 70.125, 3.6872050530949824e-23, nan 
-4.625, 70.125, 8.60915084930604e-24, nan 
-4.375, 70.125, 4.9783411688755806e-23, nan 
-4.125, 70.125, 8.168090225228758e-23, nan 
-3.875, 70.125, 6.824162341378668e-23, nan 
-3.625, 70.125, 6.188905216844948e-23, nan 
-3.375, 70.125, 7.09936143005353e-23, nan 
-3.125, 70.125, 6.475548074919807e-23, nan 
-2.875, 70.125, 5.198270651201405e-23, nan 
-2.625, 70.125, 3.802515786824024e-23, nan 
-2.375, 70.125, 3.3779609007851276e-23, nan 
-2.125, 70.125, 3.8481834708426643e-23, nan 
-1.875, 70.125, 1.975428415703194e-23, nan 
-1.625, 70.125, 3.6481336857880504e-23, nan 
-1.375, 70.125, 3.195708166537922e-23, nan 
-1.125, 70.125, 3.371707256966591e-23, nan 
-0.875, 70.125, 6.738350388173573e-23, nan 
-0.625, 70.125, 5.62410542915379e-23, nan 
-0.375, 70.125, 3.134379208991446e-23, nan 
-0.125, 70.125, 4.6040814428643285e-23, nan 
0.125, 70.125, 5.49580879452504e-23, nan 
0.375, 70.125, 3.986966820978707e-23, nan 
0.625, 70.125, 2.779748470386278e-23, nan 
0.875, 70.125, 3.9971814462209266e-23, nan 
1.125, 70.125, 3.141651132489413e-23, nan 
1.375, 70.125, 2.701439145501267e-23, nan 
1.625, 70.125, 2.6569292869360607e-23, nan 
1.875, 70.125, 3.3129079069426874e-23, nan 
2.125, 70.125, 3.504683374611875e-23, nan 
2.375, 70.125, 3.286155602196235e-23, nan 
2.625, 70.125, 3.212383674026477e-23, nan 
2.875, 70.125, 3.330889833879508e-23, nan 
3.125, 70.125, 2.9148261553951035e-23, nan 
3.375, 70.125, 2.9721836897136154e-23, nan 
3.625, 70.125, 2.707027799400718e-23, nan 
3.875, 70.125, 3.3206193296158025e-23, nan 
4.125, 70.125, 3.0253185028375976e-23, nan 
4.375, 70.125, 2.8294853431123684e-23, nan 
4.625, 70.125, 2.6113139062355455e-23, nan 
4.875, 70.125, 2.145208957694936e-23, nan 
5.125, 70.125, 2.674015405977327e-23, nan 
5.375, 70.125, 3.823340579597205e-23, nan 
5.625, 70.125, 2.8174392668039337e-23, nan 
5.875, 70.125, 3.0483703870124785e-23, nan 
6.125, 70.125, 3.3389096858254713e-23, nan 
6.375, 70.125, 1.899642511783324e-23, nan 
6.625, 70.125, 7.215034206301344e-24, nan 
6.875, 70.125, 4.669313765075533e-24, nan 
7.125, 70.125, 4.5963483077512715e-24, nan 
7.375, 70.125, 2.6054393680349786e-24, nan 
7.625, 70.125, 5.3339730813860915e-24, nan 
7.875, 70.125, 1.3693608363123713e-23, nan 
8.125, 70.125, 1.180648218500997e-23, nan 
8.375, 70.125, 1.0971647723182678e-23, nan 
8.625, 70.125, 1.7189414738653424e-23, nan 
8.875, 70.125, 2.4219257522567168e-23, nan 
9.125, 70.125, 2.5733743528641672e-23, nan 
9.375, 70.125, 2.872602486719287e-23, nan 
9.625, 70.125, 1.2764178643476816e-23, nan 
9.875, 70.125, 2.0330422614671328e-23, nan 
10.125, 70.125, 2.4075434281704614e-23, nan 
-88.875, 70.375, 3.510881904657865e-22, nan 
-88.625, 70.375, 4.6855819406819895e-22, nan 
-88.375, 70.375, 4.0931082233530204e-22, nan 
-88.125, 70.375, 5.158957706239599e-22, nan 
-87.875, 70.375, 5.658733701302279e-22, nan 
-87.625, 70.375, 5.501375993726547e-22, nan 
-87.375, 70.375, 6.168412511517019e-22, nan 
-87.125, 70.375, 6.945021519861327e-22, nan 
-86.875, 70.375, 9.082350515455596e-22, nan 
-86.625, 70.375, 7.591648026629391e-22, nan 
-86.375, 70.375, 1.0711853292542551e-21, nan 
-86.125, 70.375, 1.3569372624118607e-21, nan 
-85.875, 70.375, 1.1484103453679434e-21, nan 
-85.625, 70.375, 1.0909444471505456e-21, nan 
-85.375, 70.375, 1.4137296638923572e-21, nan 
-85.125, 70.375, 1.4267611473471207e-21, nan 
-84.875, 70.375, 1.0811889083895345e-21, nan 
-84.625, 70.375, 9.22464261051053e-22, nan 
-84.375, 70.375, 1.0193212328891153e-21, nan 
-84.125, 70.375, 1.2406950547420266e-21, nan 
-83.875, 70.375, 1.1042824907404987e-21, nan 
-83.625, 70.375, 1.0939514274608089e-21, nan 
-83.375, 70.375, 1.3238467070036532e-21, nan 
-83.125, 70.375, 1.1090953746807457e-21, nan 
-82.875, 70.375, 9.631780622708672e-22, nan 
-82.625, 70.375, 7.815176402831974e-22, nan 
-82.375, 70.375, 6.935102159436675e-22, nan 
-82.125, 70.375, 7.637175686415385e-22, nan 
-81.875, 70.375, 8.67051428897814e-22, nan 
-81.625, 70.375, 9.88648382380878e-22, nan 
-81.375, 70.375, 1.014969662057398e-21, nan 
-81.125, 70.375, 1.0547531573675835e-21, nan 
-80.875, 70.375, 1.1540668152593878e-21, nan 
-80.625, 70.375, 8.851473221296675e-22, nan 
-80.375, 70.375, 9.360608831389738e-22, nan 
-80.125, 70.375, 1.1373655280441662e-21, nan 
-79.875, 70.375, 1.1906499383903664e-21, nan 
-79.625, 70.375, 9.050194455340142e-22, nan 
-79.375, 70.375, 1.0186517663254614e-21, nan 
-79.125, 70.375, 1.247329300078841e-21, nan 
-78.875, 70.375, 1.0856499548875164e-21, nan 
-78.625, 70.375, 9.205291131055873e-22, nan 
-78.375, 70.375, 1.1559995346639048e-21, nan 
-78.125, 70.375, 7.872897958350015e-22, nan 
-77.875, 70.375, 1.063824219515687e-21, nan 
-77.625, 70.375, 2.541578176093588e-21, nan 
-77.375, 70.375, 1.6674569910909235e-21, nan 
-77.125, 70.375, 2.5238966914243233e-21, nan 
-76.875, 70.375, 2.1681323517089015e-21, nan 
-76.625, 70.375, 1.6392538991280031e-21, nan 
-76.375, 70.375, 1.602951713102086e-21, nan 
-76.125, 70.375, 1.3356893799511894e-21, nan 
-75.875, 70.375, 2.89816683578263e-21, nan 
-75.625, 70.375, 2.0690270739189794e-21, nan 
-75.375, 70.375, 2.0006516293020963e-21, nan 
-75.125, 70.375, 2.2140297777431067e-21, nan 
-74.875, 70.375, 1.6097097989527968e-21, nan 
-74.625, 70.375, 2.593980485352055e-21, nan 
-74.375, 70.375, 4.410907059696382e-21, nan 
-74.125, 70.375, 3.522260303951506e-21, nan 
-73.875, 70.375, 2.0031148881456028e-21, nan 
-73.625, 70.375, 3.1914602206038993e-21, nan 
-73.375, 70.375, 2.429446624287334e-21, nan 
-73.125, 70.375, 8.08941744100668e-22, nan 
-72.875, 70.375, 7.123094108023445e-22, nan 
-72.625, 70.375, 1.0140129799396543e-21, nan 
-72.375, 70.375, 1.0332749960122032e-21, nan 
-72.125, 70.375, 1.4395476569776633e-21, nan 
-71.875, 70.375, 2.527661199648203e-21, nan 
-71.625, 70.375, 1.6987517559246853e-21, nan 
-71.375, 70.375, 1.538211640514018e-21, nan 
-71.125, 70.375, 2.83889511404108e-21, nan 
-70.875, 70.375, 1.5719992043960258e-21, nan 
-70.625, 70.375, 8.61196095288573e-22, nan 
-70.375, 70.375, 1.025522092353477e-21, nan 
-70.125, 70.375, 6.564672861398592e-22, nan 
-69.875, 70.375, 6.214552578203169e-22, nan 
-69.625, 70.375, 9.313578333560549e-22, nan 
-69.375, 70.375, 8.362138037112273e-22, nan 
-69.125, 70.375, 9.67985897316261e-22, nan 
-68.875, 70.375, 8.970340347955642e-22, nan 
-68.625, 70.375, 7.570228459408748e-22, nan 
-68.375, 70.375, 1.0492915993799266e-21, nan 
-68.125, 70.375, 5.512490512497028e-22, nan 
-67.875, 70.375, 6.768870999396122e-22, nan 
-67.625, 70.375, 1.0843657037269426e-21, nan 
-67.375, 70.375, 8.311694261213706e-22, nan 
-67.125, 70.375, 8.768131398797924e-22, nan 
-66.875, 70.375, 1.2630720652849167e-21, nan 
-66.625, 70.375, 1.1707411925310546e-21, nan 
-66.375, 70.375, 1.0633178866598618e-21, nan 
-66.125, 70.375, 1.2485857005053307e-21, nan 
-65.875, 70.375, 9.784637814368872e-22, nan 
-65.625, 70.375, 9.04073200475722e-22, nan 
-65.375, 70.375, 6.955587150621426e-22, nan 
-65.125, 70.375, 8.088362838267111e-22, nan 
-64.875, 70.375, 7.369212435001093e-22, nan 
-64.625, 70.375, 7.340338246812253e-22, nan 
-64.375, 70.375, 1.1523873923965317e-21, nan 
-64.125, 70.375, 1.35041027805331e-21, nan 
-63.875, 70.375, 1.5508708270084818e-21, nan 
-63.625, 70.375, 1.4785309527314914e-21, nan 
-63.375, 70.375, 1.5483745826655422e-21, nan 
-63.125, 70.375, 1.6784624623121571e-21, nan 
-62.875, 70.375, 1.7126744033010004e-21, nan 
-62.625, 70.375, 1.4076377545265942e-21, nan 
-62.375, 70.375, 1.665908690478822e-21, nan 
-62.125, 70.375, 1.7382616281669266e-21, nan 
-61.875, 70.375, 1.4354887182713154e-21, nan 
-61.625, 70.375, 1.1344320370993183e-21, nan 
-61.375, 70.375, 1.0624280409429536e-21, nan 
-61.125, 70.375, 1.433053475175454e-21, nan 
-60.875, 70.375, 1.143560733356717e-21, nan 
-60.625, 70.375, 1.091268601925107e-21, nan 
-60.375, 70.375, 1.474350205820098e-21, nan 
-60.125, 70.375, 8.597869964458086e-22, nan 
-59.875, 70.375, 7.953714958410869e-22, nan 
-59.625, 70.375, 1.3360364946651212e-21, nan 
-59.375, 70.375, 1.6129012740632478e-21, nan 
-59.125, 70.375, 1.26680944090394e-21, nan 
-58.875, 70.375, 2.2733815875493054e-21, nan 
-58.625, 70.375, 3.0316238697106085e-21, nan 
-58.375, 70.375, 2.460547793483657e-21, nan 
-58.125, 70.375, 1.5414322421109131e-21, nan 
-57.875, 70.375, 1.6387743646422224e-21, nan 
-57.625, 70.375, 1.4476730266889058e-21, nan 
-57.375, 70.375, 1.152872375814097e-21, nan 
-57.125, 70.375, 1.1116666203870292e-21, nan 
-56.875, 70.375, 1.0308490282299811e-21, nan 
-56.625, 70.375, 9.142755844096205e-22, nan 
-56.375, 70.375, 9.248274527050598e-22, nan 
-56.125, 70.375, 1.3985080185962786e-21, nan 
-55.875, 70.375, 9.675529851925539e-22, nan 
-55.625, 70.375, 8.73484980696706e-22, nan 
-55.375, 70.375, 9.06174661508757e-22, nan 
-55.125, 70.375, 7.595963068855529e-22, nan 
-54.875, 70.375, 7.110991606829179e-22, nan 
-54.625, 70.375, 1.275469071698162e-21, nan 
-54.375, 70.375, 8.086585762413936e-22, nan 
-54.125, 70.375, 6.7451111594430515e-22, nan 
-53.875, 70.375, 1.150073494785316e-21, nan 
-53.625, 70.375, 3.0892608083369476e-21, nan 
-53.375, 70.375, 1.5007129658655083e-21, nan 
-53.125, 70.375, 1.355056422929163e-21, nan 
-52.875, 70.375, 3.1350552155616252e-21, nan 
-52.625, 70.375, 2.0031143377383992e-21, nan 
-52.375, 70.375, 1.745810413500749e-21, nan 
-52.125, 70.375, 2.322727667057844e-21, nan 
-51.875, 70.375, 4.047539108499144e-21, nan 
-51.625, 70.375, 3.0586887978576332e-21, nan 
-51.375, 70.375, 1.5166722877545412e-21, nan 
-51.125, 70.375, 1.782026834927751e-21, nan 
-50.875, 70.375, 2.6911466997825488e-21, nan 
-50.625, 70.375, 2.676156375393477e-21, nan 
-50.375, 70.375, 4.4966749428766744e-21, nan 
-50.125, 70.375, 5.103127583558262e-21, nan 
-49.875, 70.375, 6.02418565546759e-21, nan 
-49.625, 70.375, 5.9418846097054e-21, nan 
-49.375, 70.375, 5.540295222265868e-21, nan 
-49.125, 70.375, 8.04391223788129e-21, nan 
-48.875, 70.375, 5.6242964099752845e-21, nan 
-48.625, 70.375, 1.0320815171635367e-20, nan 
-48.375, 70.375, 9.102684405042165e-21, nan 
-48.125, 70.375, 4.402648636004553e-21, nan 
-47.875, 70.375, 8.511199651012961e-21, nan 
-47.625, 70.375, 1.1363624784244086e-20, nan 
-47.375, 70.375, 7.169891503972933e-21, nan 
-47.125, 70.375, 1.3369126465542376e-20, nan 
-46.875, 70.375, 1.272317111606015e-20, nan 
-46.625, 70.375, 1.5708639233098346e-20, nan 
-46.375, 70.375, 1.8798433842155528e-20, nan 
-46.125, 70.375, 2.1707153071359138e-20, nan 
-45.875, 70.375, 2.892305583727388e-20, nan 
-45.625, 70.375, 4.000400932834126e-20, nan 
-45.375, 70.375, 3.816990510371193e-20, nan 
-45.125, 70.375, 3.768486943204007e-20, nan 
-44.875, 70.375, 6.310839576941901e-20, nan 
-44.625, 70.375, 2.3877479356689053e-20, nan 
-44.375, 70.375, 5.692918355728071e-20, nan 
-44.125, 70.375, 1.0636025483081001e-19, nan 
-43.875, 70.375, 1.5357464101126044e-19, nan 
-43.625, 70.375, 1.4519608736497932e-19, nan 
-43.375, 70.375, 1.2265595908675555e-18, nan 
-43.125, 70.375, 1.250581348910538e-18, nan 
-42.875, 70.375, 1.560617703949746e-18, nan 
-42.625, 70.375, 8.8148060928322e-18, nan 
-42.375, 70.375, 8.992396925324938e-18, nan 
-42.125, 70.375, 6.072029746953299e-18, nan 
-41.875, 70.375, 5.521287650975414e-18, nan 
-41.625, 70.375, 1.832690037230774e-18, nan 
-41.375, 70.375, 1.4125702310920886e-18, nan 
-41.125, 70.375, 4.905308863618059e-19, nan 
-40.875, 70.375, 6.996439749855451e-19, nan 
-40.625, 70.375, 2.0263673787346244e-19, nan 
-40.375, 70.375, 1.4080528502713297e-19, nan 
-40.125, 70.375, 1.644419860621435e-19, nan 
-39.875, 70.375, 6.245236202678872e-20, nan 
-39.625, 70.375, 4.526046467674716e-20, nan 
-39.375, 70.375, 4.8573161804319737e-20, nan 
-39.125, 70.375, 3.690123578750215e-20, nan 
-38.875, 70.375, 4.0152759788341356e-20, nan 
-38.625, 70.375, 3.3436628057895765e-20, nan 
-38.375, 70.375, 2.838225359626523e-20, nan 
-38.125, 70.375, 2.7309104552217134e-20, nan 
-37.875, 70.375, 1.8301896516692487e-20, nan 
-37.625, 70.375, 9.368235440556569e-21, nan 
-37.375, 70.375, 7.147230111629573e-21, nan 
-37.125, 70.375, 3.952331483944435e-21, nan 
-36.875, 70.375, 8.822549941150077e-21, nan 
-36.625, 70.375, 1.6250726756545935e-20, nan 
-36.375, 70.375, 2.0008499038517848e-20, nan 
-36.125, 70.375, 1.1358602633761284e-20, nan 
-35.875, 70.375, 1.6749856376526794e-20, nan 
-35.625, 70.375, 2.1735993438335627e-20, nan 
-35.375, 70.375, 1.2686949462009772e-20, nan 
-35.125, 70.375, 7.005225262889972e-21, nan 
-34.875, 70.375, 1.0189448796792324e-20, nan 
-34.625, 70.375, 7.901057990197679e-21, nan 
-34.375, 70.375, 4.6241665020353956e-21, nan 
-34.125, 70.375, 2.5508022877776192e-21, nan 
-33.875, 70.375, 1.647691258373875e-21, nan 
-33.625, 70.375, 1.847295503247547e-21, nan 
-33.375, 70.375, 1.990003684593254e-21, nan 
-33.125, 70.375, 1.2423821146605982e-21, nan 
-32.875, 70.375, 1.2440497635548126e-21, nan 
-32.625, 70.375, 2.1354755803716802e-21, nan 
-32.375, 70.375, 7.68765705941513e-22, nan 
-32.125, 70.375, 4.904776023828808e-22, nan 
-31.875, 70.375, 6.043696257266584e-22, nan 
-31.625, 70.375, 3.0301970641314446e-22, nan 
-31.375, 70.375, 5.382070115396143e-22, nan 
-31.125, 70.375, 1.5582221647010133e-21, nan 
-30.875, 70.375, 2.624678027344839e-21, nan 
-30.625, 70.375, 3.0266963474774074e-21, nan 
-30.375, 70.375, 2.4318764051285653e-21, nan 
-30.125, 70.375, 2.8706144753138446e-21, nan 
-29.875, 70.375, 2.8565367449920406e-21, nan 
-29.625, 70.375, 2.0582266194039385e-21, nan 
-29.375, 70.375, 2.004801195671227e-21, nan 
-29.125, 70.375, 1.9589235167665317e-21, nan 
-28.875, 70.375, 1.9582074322592505e-21, nan 
-28.625, 70.375, 1.4677761736443876e-21, nan 
-28.375, 70.375, 1.6189365816609072e-21, nan 
-28.125, 70.375, 1.9356774318125857e-21, nan 
-27.875, 70.375, 2.6947036578388735e-21, nan 
-27.625, 70.375, 1.4960521954128503e-21, nan 
-27.375, 70.375, 1.4203419628188476e-21, nan 
-27.125, 70.375, 1.7662289314585474e-21, nan 
-26.875, 70.375, 7.134670521621187e-22, nan 
-26.625, 70.375, 5.308334168503686e-22, nan 
-26.375, 70.375, 6.326447070381021e-22, nan 
-26.125, 70.375, 3.997132820296427e-22, nan 
-25.875, 70.375, 5.044044114629345e-22, nan 
-25.625, 70.375, 3.145682678407421e-22, nan 
-25.375, 70.375, 1.6775410021653423e-22, nan 
-25.125, 70.375, 3.4402211952225826e-22, nan 
-24.875, 70.375, 3.1837728948382957e-22, nan 
-24.625, 70.375, 5.090058311343548e-22, nan 
-24.375, 70.375, 3.58482481852101e-22, nan 
-24.125, 70.375, 4.2201677452507933e-22, nan 
-23.875, 70.375, 4.611621266136513e-22, nan 
-23.625, 70.375, 4.0643550141905693e-22, nan 
-23.375, 70.375, 7.5349905425836785e-22, nan 
-23.125, 70.375, 4.816154203389259e-22, nan 
-22.875, 70.375, 4.1138453449859965e-22, nan 
-22.625, 70.375, 1.1672207804949281e-21, nan 
-22.375, 70.375, 7.592486438944767e-22, nan 
-22.125, 70.375, 1.9300529176084926e-22, nan 
-21.875, 70.375, 4.751393699905377e-22, nan 
-21.625, 70.375, 2.6956296529241617e-22, nan 
-21.375, 70.375, 8.991455972201628e-23, nan 
-21.125, 70.375, 3.016218953394835e-22, nan 
-20.875, 70.375, 2.6288477947378236e-22, nan 
-20.625, 70.375, 4.0543130241606156e-22, nan 
-20.375, 70.375, 3.8204205487885926e-22, nan 
-20.125, 70.375, 3.9739964855339595e-22, nan 
-19.875, 70.375, 7.515555248447796e-22, nan 
-19.625, 70.375, 1.0922723388856098e-21, nan 
-19.375, 70.375, 4.385658612935315e-22, nan 
-19.125, 70.375, 9.03132129268656e-22, nan 
-18.875, 70.375, 1.667797088309335e-21, nan 
-18.625, 70.375, 5.531301501566143e-22, nan 
-18.375, 70.375, 9.228297569835207e-22, nan 
-18.125, 70.375, 1.0033351177239373e-21, nan 
-17.875, 70.375, 4.521879424300771e-22, nan 
-17.625, 70.375, 5.867092251091565e-22, nan 
-17.375, 70.375, 5.631283701881018e-22, nan 
-17.125, 70.375, 2.4832841408721696e-22, nan 
-16.875, 70.375, 1.8167879367229408e-22, nan 
-16.625, 70.375, 1.203329364554356e-22, nan 
-16.375, 70.375, 9.025429319011549e-23, nan 
-16.125, 70.375, 1.2743056333828768e-22, nan 
-15.875, 70.375, 1.6662476924190932e-22, nan 
-15.625, 70.375, 2.0892102789474468e-22, nan 
-15.375, 70.375, 1.8650583701958372e-22, nan 
-15.125, 70.375, 2.0758818101685296e-22, nan 
-14.875, 70.375, 2.0592628724985363e-22, nan 
-14.625, 70.375, 2.0358950224270898e-22, nan 
-14.375, 70.375, 2.0420474432789168e-22, nan 
-14.125, 70.375, 1.8511458021435706e-22, nan 
-13.875, 70.375, 1.5069389267546449e-22, nan 
-13.625, 70.375, 1.3359180942824674e-22, nan 
-13.375, 70.375, 1.2507512915074016e-22, nan 
-13.125, 70.375, 6.547819912643029e-23, nan 
-12.875, 70.375, 3.7489198418080534e-23, nan 
-12.625, 70.375, 9.476500303325605e-23, nan 
-12.375, 70.375, 1.101727757758913e-22, nan 
-12.125, 70.375, 1.0275600714984671e-22, nan 
-11.875, 70.375, 1.110507103491831e-22, nan 
-11.625, 70.375, 1.306765543809431e-22, nan 
-11.375, 70.375, 1.6314861838158032e-22, nan 
-11.125, 70.375, 1.7313745051188767e-22, nan 
-10.875, 70.375, 2.413559121422959e-22, nan 
-10.625, 70.375, 5.0152471654147755e-22, nan 
-10.375, 70.375, 5.571166894277591e-22, nan 
-10.125, 70.375, 5.0635646096382935e-22, nan 
-9.875, 70.375, 5.69311448181586e-22, nan 
-9.625, 70.375, 6.5710619391301935e-22, nan 
-9.375, 70.375, 4.752760058544137e-22, nan 
-9.125, 70.375, 4.424105995969706e-22, nan 
-8.875, 70.375, 7.892998391186945e-22, nan 
-8.625, 70.375, 2.325563451357373e-21, nan 
-8.375, 70.375, 4.256970467824626e-21, nan 
-8.125, 70.375, 4.3650439808017546e-21, nan 
-7.875, 70.375, 4.300989472468864e-21, nan 
-7.625, 70.375, 4.3112878578915295e-21, nan 
-7.375, 70.375, 3.335566488386815e-21, nan 
-7.125, 70.375, 2.2117559225767338e-22, nan 
-6.875, 70.375, 4.599169206013863e-22, nan 
-6.625, 70.375, 3.937031349023744e-22, nan 
-6.375, 70.375, 3.6194988194124e-22, nan 
-6.125, 70.375, 2.9834448672892338e-22, nan 
-5.875, 70.375, 2.959585947410368e-22, nan 
-5.625, 70.375, 2.2528321916825483e-22, nan 
-5.375, 70.375, 9.667615878267095e-23, nan 
-5.125, 70.375, 5.202837696145391e-23, nan 
-4.875, 70.375, 6.530394694009445e-23, nan 
-4.625, 70.375, 2.1691148566785003e-23, nan 
-4.375, 70.375, 4.2863298506063655e-23, nan 
-4.125, 70.375, 5.992004553708357e-23, nan 
-3.875, 70.375, 3.2416344907568143e-23, nan 
-3.625, 70.375, 4.0023008178747594e-23, nan 
-3.375, 70.375, 2.766465441725187e-23, nan 
-3.125, 70.375, 4.981828982134742e-23, nan 
-2.875, 70.375, 6.780571114165499e-23, nan 
-2.625, 70.375, 5.08493841585184e-23, nan 
-2.375, 70.375, 4.9751654193701704e-23, nan 
-2.125, 70.375, 6.226091078846366e-23, nan 
-1.875, 70.375, 3.763258609599976e-23, nan 
-1.625, 70.375, 2.852458742436464e-23, nan 
-1.375, 70.375, 7.93210276187655e-24, nan 
-1.125, 70.375, 1.8573969332175398e-23, nan 
-0.875, 70.375, 3.415720346340932e-23, nan 
-0.625, 70.375, 2.9199198814802236e-23, nan 
-0.375, 70.375, 3.464252826516305e-23, nan 
-0.125, 70.375, 3.0194256607433104e-23, nan 
0.125, 70.375, 3.2852446408453973e-23, nan 
0.375, 70.375, 4.471581146477739e-23, nan 
0.625, 70.375, 4.6141135289361794e-23, nan 
0.875, 70.375, 3.6653008827077705e-23, nan 
1.125, 70.375, 3.885382723827778e-23, nan 
1.375, 70.375, 3.666733679882508e-23, nan 
1.625, 70.375, 3.18652877129031e-23, nan 
1.875, 70.375, 3.6723160886925897e-23, nan 
2.125, 70.375, 3.409881498511054e-23, nan 
2.375, 70.375, 3.1234499290771483e-23, nan 
2.625, 70.375, 3.25607114922114e-23, nan 
2.875, 70.375, 3.520534405385906e-23, nan 
3.125, 70.375, 3.825269759210152e-23, nan 
3.375, 70.375, 3.364905864190946e-23, nan 
3.625, 70.375, 3.5806350893433697e-23, nan 
3.875, 70.375, 3.667786013583113e-23, nan 
4.125, 70.375, 2.1669594627109378e-23, nan 
4.375, 70.375, 3.427881381049151e-23, nan 
4.625, 70.375, 3.925036028628046e-23, nan 
4.875, 70.375, 2.76711152907409e-23, nan 
5.125, 70.375, 2.4812250642114978e-23, nan 
5.375, 70.375, 3.6064788410133387e-23, nan 
5.625, 70.375, 2.630617420669456e-23, nan 
5.875, 70.375, 2.1380921622773682e-23, nan 
6.125, 70.375, 1.2081512943085443e-23, nan 
6.375, 70.375, 6.0298669796361e-24, nan 
6.625, 70.375, 2.3927646262298904e-24, nan 
6.875, 70.375, 4.343302914791609e-24, nan 
7.125, 70.375, 9.824149812629334e-24, nan 
7.375, 70.375, 5.356735078572755e-24, nan 
7.625, 70.375, 9.984636203501383e-24, nan 
7.875, 70.375, 1.9313150514991223e-23, nan 
8.125, 70.375, 1.4576677792542952e-23, nan 
8.375, 70.375, 1.1934710613046278e-23, nan 
8.625, 70.375, 1.8241620113067374e-23, nan 
8.875, 70.375, 1.427204323432716e-23, nan 
9.125, 70.375, 1.1529186385134832e-23, nan 
9.375, 70.375, 9.982127533564109e-24, nan 
9.625, 70.375, 1.1365653611593953e-23, nan 
9.875, 70.375, 7.785930296738836e-24, nan 
10.125, 70.375, 5.202059280632241e-24, nan 
10.375, 70.375, 1.1644809455741279e-23, nan 
10.625, 70.375, 9.259444139720351e-24, nan 
10.875, 70.375, 3.690199535928164e-24, nan 
-89.125, 70.625, 3.669623626612442e-22, nan 
-88.875, 70.625, 4.268809430901971e-22, nan 
-88.625, 70.625, 4.5007028217447e-22, nan 
-88.375, 70.625, 6.220547324010316e-22, nan 
-88.125, 70.625, 6.568135015547022e-22, nan 
-87.875, 70.625, 4.747131274939022e-22, nan 
-87.625, 70.625, 8.800218723943364e-22, nan 
-87.375, 70.625, 8.431074240097528e-22, nan 
-87.125, 70.625, 9.628958588159737e-22, nan 
-86.875, 70.625, 1.0025537695466807e-21, nan 
-86.625, 70.625, 9.991932333908421e-22, nan 
-86.375, 70.625, 1.1660151685911178e-21, nan 
-86.125, 70.625, 1.3077200498879713e-21, nan 
-85.875, 70.625, 1.5809845292739438e-21, nan 
-85.625, 70.625, 1.225454854383113e-21, nan 
-85.375, 70.625, 1.2894885587891917e-21, nan 
-85.125, 70.625, 1.6583357998393443e-21, nan 
-84.875, 70.625, 1.1164882054054244e-21, nan 
-84.625, 70.625, 7.65682832072665e-22, nan 
-84.375, 70.625, 7.738016210227341e-22, nan 
-84.125, 70.625, 1.0666858331515888e-21, nan 
-83.875, 70.625, 9.66764693929282e-22, nan 
-83.625, 70.625, 9.414200926286883e-22, nan 
-83.375, 70.625, 5.210777568130005e-22, nan 
-83.125, 70.625, 6.381849755040808e-22, nan 
-82.875, 70.625, 8.62676992169381e-22, nan 
-82.625, 70.625, 1.1966361074802745e-21, nan 
-82.375, 70.625, 1.2420463422362502e-21, nan 
-82.125, 70.625, 1.2382106897118212e-21, nan 
-81.875, 70.625, 1.3933651626256591e-21, nan 
-81.625, 70.625, 1.3205765465356611e-21, nan 
-81.375, 70.625, 1.1412523028607298e-21, nan 
-81.125, 70.625, 1.0213688010351564e-21, nan 
-80.875, 70.625, 1.0869088135545663e-21, nan 
-80.625, 70.625, 9.600718051337035e-22, nan 
-80.375, 70.625, 6.790336407366561e-22, nan 
-80.125, 70.625, 6.982250228383672e-22, nan 
-79.875, 70.625, 1.0843706674457278e-21, nan 
-79.625, 70.625, 1.071684490373811e-21, nan 
-79.375, 70.625, 1.148442643802563e-21, nan 
-79.125, 70.625, 1.0307306194858288e-21, nan 
-78.875, 70.625, 1.2881265789760507e-21, nan 
-78.625, 70.625, 1.2890941936516506e-21, nan 
-78.375, 70.625, 9.121279827396285e-22, nan 
-78.125, 70.625, 1.0898927234954043e-21, nan 
-77.875, 70.625, 1.6554069022588043e-21, nan 
-77.625, 70.625, 2.397484708222888e-21, nan 
-77.375, 70.625, 1.9620255137912026e-21, nan 
-77.125, 70.625, 2.7437238178145576e-21, nan 
-76.875, 70.625, 1.975506100996736e-21, nan 
-76.625, 70.625, 1.6891675942408769e-21, nan 
-76.375, 70.625, 1.0112581894229555e-21, nan 
-76.125, 70.625, 8.991646568619162e-22, nan 
-75.875, 70.625, 1.300679034271092e-21, nan 
-75.625, 70.625, 1.0552959003004035e-21, nan 
-75.375, 70.625, 1.930665002816967e-21, nan 
-75.125, 70.625, 2.2347397847675464e-21, nan 
-74.875, 70.625, 2.08562572689051e-21, nan 
-74.625, 70.625, 2.6327723586423935e-21, nan 
-74.375, 70.625, 3.3154214526006948e-21, nan 
-74.125, 70.625, 2.7553949522861612e-21, nan 
-73.875, 70.625, 1.285709911171737e-21, nan 
-73.625, 70.625, 1.1277652007011317e-21, nan 
-73.375, 70.625, 7.914650414831248e-22, nan 
-73.125, 70.625, 7.690585796942042e-22, nan 
-72.875, 70.625, 1.0466644775554787e-21, nan 
-72.625, 70.625, 8.3466702246107e-22, nan 
-72.375, 70.625, 1.0329497785324666e-21, nan 
-72.125, 70.625, 1.3214882084581763e-21, nan 
-71.875, 70.625, 1.7225343962368197e-21, nan 
-71.625, 70.625, 1.9868239014962462e-21, nan 
-71.375, 70.625, 1.4459834214080028e-21, nan 
-71.125, 70.625, 2.3945193910445572e-21, nan 
-70.875, 70.625, 1.71492825094311e-21, nan 
-70.625, 70.625, 1.1344785286612712e-21, nan 
-70.375, 70.625, 9.371754599621268e-22, nan 
-70.125, 70.625, 1.1037995575720018e-21, nan 
-69.875, 70.625, 9.024544847146797e-22, nan 
-69.625, 70.625, 8.59778848710654e-22, nan 
-69.375, 70.625, 7.869035832188906e-22, nan 
-69.125, 70.625, 9.995056891094734e-22, nan 
-68.875, 70.625, 7.666641963315794e-22, nan 
-68.625, 70.625, 8.339465426356731e-22, nan 
-68.375, 70.625, 1.268234276122981e-21, nan 
-68.125, 70.625, 9.520003915705076e-22, nan 
-67.875, 70.625, 8.985968674721084e-22, nan 
-67.625, 70.625, 8.089621727871755e-22, nan 
-67.375, 70.625, 9.287800610639584e-22, nan 
-67.125, 70.625, 1.1404619665011622e-21, nan 
-66.875, 70.625, 1.0357292729146907e-21, nan 
-66.625, 70.625, 1.338965181570708e-21, nan 
-66.375, 70.625, 1.0770244521129894e-21, nan 
-66.125, 70.625, 1.3853088982717185e-21, nan 
-65.875, 70.625, 1.4171653578110813e-21, nan 
-65.625, 70.625, 1.0076732752931847e-21, nan 
-65.375, 70.625, 1.2070550681448705e-21, nan 
-65.125, 70.625, 1.0038315366109594e-21, nan 
-64.875, 70.625, 1.404328417144625e-21, nan 
-64.625, 70.625, 1.2728097552212748e-21, nan 
-64.375, 70.625, 1.2499356263415775e-21, nan 
-64.125, 70.625, 1.105703229501987e-21, nan 
-63.875, 70.625, 1.4986072340703937e-21, nan 
-63.625, 70.625, 1.735839307574993e-21, nan 
-63.375, 70.625, 1.5525415166870019e-21, nan 
-63.125, 70.625, 1.594527092828789e-21, nan 
-62.875, 70.625, 1.5501221768043762e-21, nan 
-62.625, 70.625, 2.1164621044801387e-21, nan 
-62.375, 70.625, 2.6248722305600606e-21, nan 
-62.125, 70.625, 3.0501999458017435e-21, nan 
-61.875, 70.625, 2.121626775964463e-21, nan 
-61.625, 70.625, 1.819934982779246e-21, nan 
-61.375, 70.625, 1.6922338313047188e-21, nan 
-61.125, 70.625, 2.1781506691697774e-21, nan 
-60.875, 70.625, 2.0663742619128768e-21, nan 
-60.625, 70.625, 1.751875287980834e-21, nan 
-60.375, 70.625, 1.9784705269465214e-21, nan 
-60.125, 70.625, 2.33637336713406e-21, nan 
-59.875, 70.625, 1.498509690741449e-21, nan 
-59.625, 70.625, 1.4787111663362094e-21, nan 
-59.375, 70.625, 2.490476036831991e-21, nan 
-59.125, 70.625, 1.8175383720620023e-21, nan 
-58.875, 70.625, 3.4376654578773815e-21, nan 
-58.625, 70.625, 5.087744601432926e-21, nan 
-58.375, 70.625, 3.731224377071632e-21, nan 
-58.125, 70.625, 2.572928186060414e-21, nan 
-57.875, 70.625, 3.668512353040599e-21, nan 
-57.625, 70.625, 2.8734703333889022e-21, nan 
-57.375, 70.625, 1.48103149125419e-21, nan 
-57.125, 70.625, 1.7451677463769898e-21, nan 
-56.875, 70.625, 1.2905797862277851e-21, nan 
-56.625, 70.625, 1.6427382548941782e-21, nan 
-56.375, 70.625, 1.6284023461778759e-21, nan 
-56.125, 70.625, 2.1111145431154948e-21, nan 
-55.875, 70.625, 1.6714144538574716e-21, nan 
-55.625, 70.625, 1.7584700344748513e-21, nan 
-55.375, 70.625, 1.4481708413611272e-21, nan 
-55.125, 70.625, 1.881339068026029e-21, nan 
-54.875, 70.625, 1.7670904032164875e-21, nan 
-54.625, 70.625, 2.022159969358824e-21, nan 
-54.375, 70.625, 2.311333386445867e-21, nan 
-54.125, 70.625, 1.8746115454489297e-21, nan 
-53.875, 70.625, 2.259000911444366e-21, nan 
-53.625, 70.625, 2.6912846264792877e-21, nan 
-53.375, 70.625, 1.5602730478710023e-21, nan 
-53.125, 70.625, 2.2387749003827218e-21, nan 
-52.875, 70.625, 2.300600502082163e-21, nan 
-52.625, 70.625, 2.3427937131736802e-21, nan 
-52.375, 70.625, 3.347014708470175e-21, nan 
-52.125, 70.625, 3.0133673885828045e-21, nan 
-51.875, 70.625, 4.495047234799e-21, nan 
-51.625, 70.625, 5.811420953064683e-21, nan 
-51.375, 70.625, 5.665184185578916e-21, nan 
-51.125, 70.625, 7.185880716082049e-21, nan 
-50.875, 70.625, 7.269199770825666e-21, nan 
-50.625, 70.625, 8.651980053500796e-21, nan 
-50.375, 70.625, 1.2573597102943666e-20, nan 
-50.125, 70.625, 9.031516214211004e-21, nan 
-49.875, 70.625, 8.668814701114604e-21, nan 
-49.625, 70.625, 9.692944725519101e-21, nan 
-49.375, 70.625, 1.2589655043918718e-20, nan 
-49.125, 70.625, 1.0604697168653184e-20, nan 
-48.875, 70.625, 1.164382093799656e-20, nan 
-48.625, 70.625, 3.262456122354103e-20, nan 
-48.375, 70.625, 2.0413862434556154e-20, nan 
-48.125, 70.625, 1.4998104509542962e-20, nan 
-47.875, 70.625, 3.9033702874162745e-20, nan 
-47.625, 70.625, 3.038432537035951e-20, nan 
-47.375, 70.625, 1.6040640135460784e-20, nan 
-47.125, 70.625, 1.8032633218920777e-20, nan 
-46.875, 70.625, 2.3555152743718142e-20, nan 
-46.625, 70.625, 5.471598189006579e-20, nan 
-46.375, 70.625, 8.287438238569704e-20, nan 
-46.125, 70.625, 1.167697614901157e-19, nan 
-45.875, 70.625, 1.5005717762204765e-19, nan 
-45.625, 70.625, 2.4520246042699904e-19, nan 
-45.375, 70.625, 3.6718001889461676e-19, nan 
-45.125, 70.625, 1.7931558317784761e-19, nan 
-44.875, 70.625, 4.073403830554796e-19, nan 
-44.625, 70.625, 6.026524980404387e-19, nan 
-44.375, 70.625, 1.9656798798124693e-18, nan 
-44.125, 70.625, 4.949904871755485e-18, nan 
-43.875, 70.625, 2.1069705806142296e-17, nan 
-43.625, 70.625, 7.535608862264554e-17, nan 
-43.375, 70.625, 9.144446735047056e-17, nan 
-43.125, 70.625, 1.9336079851618164e-17, nan 
-42.875, 70.625, 9.295104612408555e-18, nan 
-42.625, 70.625, 1.7174668954495306e-18, nan 
-42.375, 70.625, 3.073923322703856e-19, nan 
-42.125, 70.625, 3.2381548636048065e-19, nan 
-41.875, 70.625, 2.649017895287354e-19, nan 
-41.625, 70.625, 8.617664917468595e-20, nan 
-41.375, 70.625, 1.0762432177836559e-19, nan 
-41.125, 70.625, 8.459328753669559e-20, nan 
-40.875, 70.625, 8.957377488042087e-20, nan 
-40.625, 70.625, 5.4144058977884357e-20, nan 
-40.375, 70.625, 3.5044054614000113e-20, nan 
-40.125, 70.625, 3.080031916807271e-20, nan 
-39.875, 70.625, 3.715165203478132e-20, nan 
-39.625, 70.625, 2.2626820510478732e-20, nan 
-39.375, 70.625, 1.8722868580529166e-20, nan 
-39.125, 70.625, 3.4093285475062044e-20, nan 
-38.875, 70.625, 2.4820780050592097e-20, nan 
-38.625, 70.625, 1.574159230650792e-20, nan 
-38.375, 70.625, 1.9581619002731757e-20, nan 
-38.125, 70.625, 1.6977502480882736e-20, nan 
-37.875, 70.625, 9.128123565387013e-21, nan 
-37.625, 70.625, 5.310564911339828e-21, nan 
-37.375, 70.625, 5.600456111487547e-21, nan 
-37.125, 70.625, 6.6428385646906004e-21, nan 
-36.875, 70.625, 6.477999022996028e-21, nan 
-36.625, 70.625, 8.214020330610243e-21, nan 
-36.375, 70.625, 6.845834659350046e-21, nan 
-36.125, 70.625, 4.9399914523043696e-21, nan 
-35.875, 70.625, 6.615047696064817e-21, nan 
-35.625, 70.625, 6.709201895256595e-21, nan 
-35.375, 70.625, 4.253960991576704e-21, nan 
-35.125, 70.625, 3.644360606924516e-21, nan 
-34.875, 70.625, 3.8617318609433135e-21, nan 
-34.625, 70.625, 2.9153492220531886e-21, nan 
-34.375, 70.625, 2.7728065413367066e-21, nan 
-34.125, 70.625, 1.4925312403227262e-21, nan 
-33.875, 70.625, 1.067130727965907e-21, nan 
-33.625, 70.625, 5.48795337755503e-22, nan 
-33.375, 70.625, 3.557012530368885e-22, nan 
-33.125, 70.625, 9.317091161707018e-22, nan 
-32.875, 70.625, 1.1271421326217266e-21, nan 
-32.625, 70.625, 1.1175209286802962e-21, nan 
-32.375, 70.625, 5.649499866238903e-22, nan 
-32.125, 70.625, 7.635491213027525e-22, nan 
-31.875, 70.625, 5.453743254110704e-22, nan 
-31.625, 70.625, 4.618804278267646e-22, nan 
-31.375, 70.625, 6.894388799636949e-22, nan 
-31.125, 70.625, 1.482149995849229e-21, nan 
-30.875, 70.625, 2.6230163363857156e-21, nan 
-30.625, 70.625, 2.236404359282733e-21, nan 
-30.375, 70.625, 2.0068076940711035e-21, nan 
-30.125, 70.625, 2.2112133390158703e-21, nan 
-29.875, 70.625, 1.8374394459992724e-21, nan 
-29.625, 70.625, 1.2648493266252363e-21, nan 
-29.375, 70.625, 9.97435073014592e-22, nan 
-29.125, 70.625, 1.3211964058422897e-21, nan 
-28.875, 70.625, 1.287319210081e-21, nan 
-28.625, 70.625, 1.0928268059092021e-21, nan 
-28.375, 70.625, 1.1402943511420308e-21, nan 
-28.125, 70.625, 1.7396113989374166e-21, nan 
-27.875, 70.625, 1.747176973650338e-21, nan 
-27.625, 70.625, 1.0775081982890884e-21, nan 
-27.375, 70.625, 6.982842000900644e-22, nan 
-27.125, 70.625, 5.141915941260731e-22, nan 
-26.875, 70.625, 3.368752086692213e-22, nan 
-26.625, 70.625, 6.308923931567386e-22, nan 
-26.375, 70.625, 6.826130756522407e-22, nan 
-26.125, 70.625, 3.225062452800054e-22, nan 
-25.875, 70.625, 3.831288246194859e-22, nan 
-25.625, 70.625, 4.713504181081345e-22, nan 
-25.375, 70.625, 3.951816918509342e-22, nan 
-25.125, 70.625, 1.0120029228228467e-22, nan 
-24.875, 70.625, 7.82394954851557e-23, nan 
-24.625, 70.625, 1.3087511639326817e-22, nan 
-24.375, 70.625, 1.356763967856554e-22, nan 
-24.125, 70.625, 2.180857928015194e-22, nan 
-23.875, 70.625, 3.223775014826107e-22, nan 
-23.625, 70.625, 2.409522726412311e-22, nan 
-23.375, 70.625, 2.171960915679584e-22, nan 
-23.125, 70.625, 2.35418468789789e-22, nan 
-22.875, 70.625, 3.020211718739294e-22, nan 
-22.625, 70.625, 5.566942469313548e-22, nan 
-22.375, 70.625, 3.99307926616145e-22, nan 
-22.125, 70.625, 2.1923540554359005e-22, nan 
-21.875, 70.625, 1.4859540294114008e-22, nan 
-21.625, 70.625, 2.6373552372069266e-22, nan 
-21.375, 70.625, 2.5621794368656487e-22, nan 
-21.125, 70.625, 3.000858575780734e-22, nan 
-20.875, 70.625, 3.0723324015614064e-22, nan 
-20.625, 70.625, 2.6941590106714405e-22, nan 
-20.375, 70.625, 2.777385475123888e-22, nan 
-20.125, 70.625, 1.8845040237266083e-22, nan 
-19.875, 70.625, 2.663600212567382e-22, nan 
-19.625, 70.625, 3.0280583113814917e-22, nan 
-19.375, 70.625, 1.5962224756703754e-22, nan 
-19.125, 70.625, 5.243837620028464e-22, nan 
-18.875, 70.625, 8.846737538243962e-22, nan 
-18.625, 70.625, 3.9226896435825146e-22, nan 
-18.375, 70.625, 5.750816206556028e-22, nan 
-18.125, 70.625, 5.21034065132394e-22, nan 
-17.875, 70.625, 2.650136844038764e-22, nan 
-17.625, 70.625, 2.253212545795869e-22, nan 
-17.375, 70.625, 2.785611168530864e-22, nan 
-17.125, 70.625, 9.901253972984395e-23, nan 
-16.875, 70.625, 1.1669210436511367e-22, nan 
-16.625, 70.625, 2.058685362704217e-22, nan 
-16.375, 70.625, 1.564854107693317e-22, nan 
-16.125, 70.625, 1.73738281551522e-22, nan 
-15.875, 70.625, 1.0513687736129597e-22, nan 
-15.625, 70.625, 1.2720031380178336e-22, nan 
-15.375, 70.625, 1.2548563971612173e-22, nan 
-15.125, 70.625, 1.2338416719296874e-22, nan 
-14.875, 70.625, 1.203628533903432e-22, nan 
-14.625, 70.625, 1.4009757076232396e-22, nan 
-14.375, 70.625, 1.8851725507343073e-22, nan 
-14.125, 70.625, 1.536493509676233e-22, nan 
-13.875, 70.625, 1.4596426191032458e-22, nan 
-13.625, 70.625, 1.3949862233691532e-22, nan 
-13.375, 70.625, 1.9974752197973e-22, nan 
-13.125, 70.625, 1.4217364235299126e-22, nan 
-12.875, 70.625, 6.396532434593028e-23, nan 
-12.625, 70.625, 5.90230266843582e-23, nan 
-12.375, 70.625, 6.084862096908422e-23, nan 
-12.125, 70.625, 7.601347162594636e-23, nan 
-11.875, 70.625, 1.2881201967712203e-22, nan 
-11.625, 70.625, 1.8422135616869685e-22, nan 
-11.375, 70.625, 1.0185323047536936e-22, nan 
-11.125, 70.625, 1.3515645150151815e-22, nan 
-10.875, 70.625, 1.6936952587965725e-22, nan 
-10.625, 70.625, 1.8886066275962915e-22, nan 
-10.375, 70.625, 1.8632439247805532e-22, nan 
-10.125, 70.625, 1.7424854341826857e-22, nan 
-9.875, 70.625, 3.398668477050749e-22, nan 
-9.625, 70.625, 3.8934554672245975e-22, nan 
-9.375, 70.625, 5.718688902497246e-22, nan 
-9.125, 70.625, 4.8427605933748665e-22, nan 
-8.875, 70.625, 5.888332699543151e-22, nan 
-8.625, 70.625, 6.592799577326563e-22, nan 
-8.375, 70.625, 5.85393100107017e-22, nan 
-8.125, 70.625, 6.72014955262138e-22, nan 
-7.875, 70.625, 5.38860696487573e-22, nan 
-7.625, 70.625, 4.1048078178996255e-22, nan 
-7.375, 70.625, 4.432629037219867e-22, nan 
-7.125, 70.625, 5.159129630383309e-22, nan 
-6.875, 70.625, 2.9280116560094984e-22, nan 
-6.625, 70.625, 3.137391454943675e-22, nan 
-6.375, 70.625, 3.9277770944157833e-22, nan 
-6.125, 70.625, 1.3306848581350685e-22, nan 
-5.875, 70.625, 6.34301781269533e-23, nan 
-5.625, 70.625, 5.274173054032491e-23, nan 
-5.375, 70.625, 2.664158050624762e-23, nan 
-5.125, 70.625, 3.941612387649458e-23, nan 
-4.875, 70.625, 4.3619661039283677e-23, nan 
-4.625, 70.625, 3.2407211868469194e-23, nan 
-4.375, 70.625, 4.125992515055055e-23, nan 
-4.125, 70.625, 4.3916013157719464e-23, nan 
-3.875, 70.625, 3.522709559403525e-23, nan 
-3.625, 70.625, 4.342030424122156e-23, nan 
-3.375, 70.625, 4.8571050164089566e-23, nan 
-3.125, 70.625, 5.510635299575065e-23, nan 
-2.875, 70.625, 4.7554805783938896e-23, nan 
-2.625, 70.625, 5.305991354687627e-23, nan 
-2.375, 70.625, 5.636692583524896e-23, nan 
-2.125, 70.625, 3.718508636102646e-23, nan 
-1.875, 70.625, 3.065655724033446e-23, nan 
-1.625, 70.625, 2.029317161471185e-23, nan 
-1.375, 70.625, 1.600840650596165e-23, nan 
-1.125, 70.625, 1.9736210701828274e-23, nan 
-0.875, 70.625, 1.715723019201102e-23, nan 
-0.625, 70.625, 3.552244152031716e-23, nan 
-0.375, 70.625, 4.510189506840047e-23, nan 
-0.125, 70.625, 5.279612283907172e-23, nan 
0.125, 70.625, 4.3785074094074176e-23, nan 
0.375, 70.625, 4.829733465500574e-23, nan 
0.625, 70.625, 5.371053696730648e-23, nan 
0.875, 70.625, 3.746496583466382e-23, nan 
1.125, 70.625, 3.685006922662597e-23, nan 
1.375, 70.625, 3.467290259289333e-23, nan 
1.625, 70.625, 3.7277027116860184e-23, nan 
1.875, 70.625, 2.734882272407791e-23, nan 
2.125, 70.625, 3.5655250768522105e-23, nan 
2.375, 70.625, 3.863228487936413e-23, nan 
2.625, 70.625, 3.6392052207306415e-23, nan 
2.875, 70.625, 3.4580145500500705e-23, nan 
3.125, 70.625, 3.358210716083606e-23, nan 
3.375, 70.625, 3.516656452087512e-23, nan 
3.625, 70.625, 2.216631037273896e-23, nan 
3.875, 70.625, 1.2028457690179656e-23, nan 
4.125, 70.625, 1.1310375675852964e-23, nan 
4.375, 70.625, 1.7058527828442305e-23, nan 
4.625, 70.625, 3.6251060874006e-23, nan 
4.875, 70.625, 2.940650590118073e-23, nan 
5.125, 70.625, 3.048524982028529e-23, nan 
5.375, 70.625, 2.44903618061912e-23, nan 
5.625, 70.625, 2.096927404074999e-23, nan 
5.875, 70.625, 1.8869885084687577e-23, nan 
6.125, 70.625, 5.574216688035563e-24, nan 
6.375, 70.625, 8.05345014095314e-24, nan 
6.625, 70.625, 5.3527511770697e-24, nan 
6.875, 70.625, 3.8190744795237146e-24, nan 
7.125, 70.625, 7.745987356747206e-24, nan 
7.375, 70.625, 1.0038278745696609e-23, nan 
7.625, 70.625, 1.2249612590075226e-23, nan 
7.875, 70.625, 1.711738892977485e-23, nan 
8.125, 70.625, 1.5765210333405524e-23, nan 
8.375, 70.625, 1.7152243470969595e-23, nan 
8.625, 70.625, 1.8955518212187605e-23, nan 
8.875, 70.625, 1.6120952547690837e-23, nan 
9.125, 70.625, 1.1334587391827188e-23, nan 
9.375, 70.625, 9.55294870898302e-24, nan 
9.625, 70.625, 1.6230232197837063e-23, nan 
9.875, 70.625, 6.729562631080706e-24, nan 
10.125, 70.625, 5.139890449373352e-24, nan 
10.375, 70.625, 6.828449365543228e-24, nan 
10.625, 70.625, 4.924999003465754e-24, nan 
10.875, 70.625, 4.051794000881915e-24, nan 
11.125, 70.625, 1.0555350885798444e-23, nan 
11.375, 70.625, 8.729255684809565e-24, nan 
11.625, 70.625, 6.970277332078524e-24, nan 
11.875, 70.625, 7.837043861795969e-24, nan 
-89.375, 70.875, 3.9848576820275874e-22, nan 
-89.125, 70.875, 6.455268285211174e-22, nan 
-88.875, 70.875, 7.639453606179765e-22, nan 
-88.625, 70.875, 7.374099802129999e-22, nan 
-88.375, 70.875, 1.8768363214857128e-21, nan 
-88.125, 70.875, 2.0001458748078844e-21, nan 
-87.875, 70.875, 1.0341376236640808e-21, nan 
-87.625, 70.875, 1.5381840642206627e-21, nan 
-87.375, 70.875, 1.63573584495217e-21, nan 
-87.125, 70.875, 9.359633585955446e-22, nan 
-86.875, 70.875, 6.251068021437446e-22, nan 
-86.625, 70.875, 9.288696376277173e-22, nan 
-86.375, 70.875, 1.1309790494301738e-21, nan 
-86.125, 70.875, 1.1886265133436766e-21, nan 
-85.875, 70.875, 1.0659770779580637e-21, nan 
-85.625, 70.875, 1.1414442337905568e-21, nan 
-85.375, 70.875, 1.1948495471978482e-21, nan 
-85.125, 70.875, 1.137367621780472e-21, nan 
-84.875, 70.875, 8.82666125226138e-22, nan 
-84.625, 70.875, 1.1479501763743002e-21, nan 
-84.375, 70.875, 1.1485317923403433e-21, nan 
-84.125, 70.875, 7.841354393119328e-22, nan 
-83.875, 70.875, 1.2126944799322056e-21, nan 
-83.625, 70.875, 1.413517388946401e-21, nan 
-83.375, 70.875, 5.98846589681731e-22, nan 
-83.125, 70.875, 5.604891778196942e-22, nan 
-82.875, 70.875, 1.2319848573540723e-21, nan 
-82.625, 70.875, 1.9841988747886827e-21, nan 
-82.375, 70.875, 1.9657349138065832e-21, nan 
-82.125, 70.875, 1.8505317891547057e-21, nan 
-81.875, 70.875, 1.8145950796809557e-21, nan 
-81.625, 70.875, 1.7646187926558346e-21, nan 
-81.375, 70.875, 1.5109534433845427e-21, nan 
-81.125, 70.875, 8.95317134075683e-22, nan 
-80.875, 70.875, 9.91839284896868e-22, nan 
-80.625, 70.875, 1.1035514021805663e-21, nan 
-80.375, 70.875, 1.190444332550016e-21, nan 
-80.125, 70.875, 1.0202487175065835e-21, nan 
-79.875, 70.875, 1.375073103940708e-21, nan 
-79.625, 70.875, 1.5146669670666426e-21, nan 
-79.375, 70.875, 1.5819921893105435e-21, nan 
-79.125, 70.875, 1.6790717996775739e-21, nan 
-78.875, 70.875, 1.6418803175496096e-21, nan 
-78.625, 70.875, 1.3812886811078993e-21, nan 
-78.375, 70.875, 1.4556981031137346e-21, nan 
-78.125, 70.875, 2.1558442101585787e-21, nan 
-77.875, 70.875, 2.0154356121654225e-21, nan 
-77.625, 70.875, 1.370440829110273e-21, nan 
-77.375, 70.875, 1.7436416552516166e-21, nan 
-77.125, 70.875, 1.6774129085959845e-21, nan 
-76.875, 70.875, 1.005867560426746e-21, nan 
-76.625, 70.875, 8.29260986703102e-22, nan 
-76.375, 70.875, 1.2751828230016996e-21, nan 
-76.125, 70.875, 1.4660002656324786e-21, nan 
-75.875, 70.875, 1.1999072679310973e-21, nan 
-75.625, 70.875, 1.3619685699710316e-21, nan 
-75.375, 70.875, 1.6704434071279692e-21, nan 
-75.125, 70.875, 1.4975077074358385e-21, nan 
-74.875, 70.875, 1.845358336239999e-21, nan 
-74.625, 70.875, 1.8000094906571502e-21, nan 
-74.375, 70.875, 1.4970592584131343e-21, nan 
-74.125, 70.875, 1.353357822138644e-21, nan 
-73.875, 70.875, 9.257851044201992e-22, nan 
-73.625, 70.875, 7.837494824334754e-22, nan 
-73.375, 70.875, 9.132050703616714e-22, nan 
-73.125, 70.875, 1.3193147713853233e-21, nan 
-72.875, 70.875, 7.882425051499235e-22, nan 
-72.625, 70.875, 1.3298644896681359e-21, nan 
-72.375, 70.875, 1.7193812206162724e-21, nan 
-72.125, 70.875, 1.4303169816725975e-21, nan 
-71.875, 70.875, 3.052173193899364e-21, nan 
-71.625, 70.875, 5.020261185953035e-21, nan 
-71.375, 70.875, 2.199138022563887e-21, nan 
-71.125, 70.875, 2.6233593510147773e-21, nan 
-70.875, 70.875, 3.63708269923536e-21, nan 
-70.625, 70.875, 1.6648477332662818e-21, nan 
-70.375, 70.875, 1.5382664008976448e-21, nan 
-70.125, 70.875, 1.8654048166070988e-21, nan 
-69.875, 70.875, 1.8480021344004817e-21, nan 
-69.625, 70.875, 1.1978762732864354e-21, nan 
-69.375, 70.875, 1.0677602920992777e-21, nan 
-69.125, 70.875, 1.2475067376275704e-21, nan 
-68.875, 70.875, 9.783878558927465e-22, nan 
-68.625, 70.875, 1.0539485277683713e-21, nan 
-68.375, 70.875, 9.129482702263351e-22, nan 
-68.125, 70.875, 8.983361220656244e-22, nan 
-67.875, 70.875, 9.578732089977402e-22, nan 
-67.625, 70.875, 1.1749839525029803e-21, nan 
-67.375, 70.875, 1.2101321426999638e-21, nan 
-67.125, 70.875, 1.4414992586743906e-21, nan 
-66.875, 70.875, 1.3350873921247688e-21, nan 
-66.625, 70.875, 1.3233817899158093e-21, nan 
-66.375, 70.875, 1.582116030997069e-21, nan 
-66.125, 70.875, 1.4594248921685395e-21, nan 
-65.875, 70.875, 1.5483751667645467e-21, nan 
-65.625, 70.875, 1.2759744027249333e-21, nan 
-65.375, 70.875, 1.2033301163335206e-21, nan 
-65.125, 70.875, 1.122234532757937e-21, nan 
-64.875, 70.875, 1.8997261845944384e-21, nan 
-64.625, 70.875, 1.6154089957166557e-21, nan 
-64.375, 70.875, 1.6038664520451548e-21, nan 
-64.125, 70.875, 1.8501689163965645e-21, nan 
-63.875, 70.875, 1.487789367213027e-21, nan 
-63.625, 70.875, 1.679571122339725e-21, nan 
-63.375, 70.875, 1.60682770669298e-21, nan 
-63.125, 70.875, 1.9814077176390226e-21, nan 
-62.875, 70.875, 2.8362762072576893e-21, nan 
-62.625, 70.875, 2.0430487550123285e-21, nan 
-62.375, 70.875, 3.1836194345075418e-21, nan 
-62.125, 70.875, 4.326740835294277e-21, nan 
-61.875, 70.875, 1.6839255633930409e-21, nan 
-61.625, 70.875, 1.8525388871137147e-21, nan 
-61.375, 70.875, 2.4722451530816676e-21, nan 
-61.125, 70.875, 1.8969518887054394e-21, nan 
-60.875, 70.875, 2.4139930939487992e-21, nan 
-60.625, 70.875, 2.3741985652555263e-21, nan 
-60.375, 70.875, 2.3605212336815114e-21, nan 
-60.125, 70.875, 2.4294670182954804e-21, nan 
-59.875, 70.875, 1.9891482723485838e-21, nan 
-59.625, 70.875, 1.155036643716391e-21, nan 
-59.375, 70.875, 7.439882833066562e-22, nan 
-59.125, 70.875, 1.4269852122622445e-21, nan 
-58.875, 70.875, 1.46587605873137e-21, nan 
-58.625, 70.875, 2.4497783020217413e-21, nan 
-58.375, 70.875, 2.0705979422193424e-21, nan 
-58.125, 70.875, 2.6441394845981922e-21, nan 
-57.875, 70.875, 2.6143639433789432e-21, nan 
-57.625, 70.875, 2.6055614453368107e-21, nan 
-57.375, 70.875, 3.3934647947536635e-21, nan 
-57.125, 70.875, 2.3398273943963987e-21, nan 
-56.875, 70.875, 2.0156817545627004e-21, nan 
-56.625, 70.875, 1.9538117100374494e-21, nan 
-56.375, 70.875, 2.0144225682022426e-21, nan 
-56.125, 70.875, 2.0096029652922614e-21, nan 
-55.875, 70.875, 2.2195004137904317e-21, nan 
-55.625, 70.875, 2.7628814206904042e-21, nan 
-55.375, 70.875, 2.8581004844297054e-21, nan 
-55.125, 70.875, 3.836959255128154e-21, nan 
-54.875, 70.875, 3.85456023901093e-21, nan 
-54.625, 70.875, 4.2326491601884156e-21, nan 
-54.375, 70.875, 4.770352354220228e-21, nan 
-54.125, 70.875, 4.32278706670759e-21, nan 
-53.875, 70.875, 5.4586590981796346e-21, nan 
-53.625, 70.875, 4.698201293682593e-21, nan 
-53.375, 70.875, 3.6172817649542396e-21, nan 
-53.125, 70.875, 2.347818919766207e-21, nan 
-52.875, 70.875, 2.118035811458236e-21, nan 
-52.625, 70.875, 3.459426471401166e-21, nan 
-52.375, 70.875, 3.905327991303266e-21, nan 
-52.125, 70.875, 9.179269542074723e-21, nan 
-51.875, 70.875, 6.1428682200445404e-21, nan 
-51.625, 70.875, 1.0599604620288766e-20, nan 
-51.375, 70.875, 1.1095199486495513e-20, nan 
-51.125, 70.875, 1.7860345299746143e-20, nan 
-50.875, 70.875, 2.1680641969723e-20, nan 
-50.625, 70.875, 2.619653256723074e-20, nan 
-50.375, 70.875, 4.614148035894273e-20, nan 
-50.125, 70.875, 4.295210015282134e-20, nan 
-49.875, 70.875, 2.9448466635007247e-20, nan 
-49.625, 70.875, 4.922926453317796e-20, nan 
-49.375, 70.875, 3.034989159571803e-20, nan 
-49.125, 70.875, 2.1378526283543752e-20, nan 
-48.875, 70.875, 2.693903694626569e-20, nan 
-48.625, 70.875, 4.017519498270566e-20, nan 
-48.375, 70.875, 4.270574783767395e-20, nan 
-48.125, 70.875, 4.50461710188252e-20, nan 
-47.875, 70.875, 6.149166666081046e-20, nan 
-47.625, 70.875, 6.04525252308371e-20, nan 
-47.375, 70.875, 9.1964399625218e-20, nan 
-47.125, 70.875, 1.1015727160674547e-19, nan 
-46.875, 70.875, 1.3466143098702408e-19, nan 
-46.625, 70.875, 2.7503918908994536e-19, nan 
-46.375, 70.875, 3.689219387297586e-19, nan 
-46.125, 70.875, 4.526831654200045e-19, nan 
-45.875, 70.875, 8.89631388288934e-19, nan 
-45.625, 70.875, 1.1085621843158815e-18, nan 
-45.375, 70.875, 1.2385191792704364e-18, nan 
-45.125, 70.875, 1.925407155000475e-18, nan 
-44.875, 70.875, 1.5498304174651876e-18, nan 
-44.625, 70.875, 1.5004371796221149e-18, nan 
-44.375, 70.875, 2.3559764329269936e-18, nan 
-44.125, 70.875, 1.6951866410962711e-18, nan 
-43.875, 70.875, 8.3742036778891e-19, nan 
-43.625, 70.875, 9.427507922259207e-19, nan 
-43.375, 70.875, 8.437336078414434e-19, nan 
-43.125, 70.875, 9.240851068686512e-20, nan 
-42.875, 70.875, 3.615271621519951e-19, nan 
-42.625, 70.875, 1.5328718601313218e-19, nan 
-42.375, 70.875, 1.6800161961124674e-20, nan 
-42.125, 70.875, 9.98642895867398e-20, nan 
-41.875, 70.875, 5.932363263857746e-20, nan 
-41.625, 70.875, 2.8521496828756063e-20, nan 
-41.375, 70.875, 3.344991580645854e-20, nan 
-41.125, 70.875, 2.847684815546806e-20, nan 
-40.875, 70.875, 1.7230408852543358e-20, nan 
-40.625, 70.875, 1.7593255403338398e-20, nan 
-40.375, 70.875, 2.4807808030110387e-20, nan 
-40.125, 70.875, 1.3855759443317303e-20, nan 
-39.875, 70.875, 1.7543141280888694e-20, nan 
-39.625, 70.875, 1.8756862778923163e-20, nan 
-39.375, 70.875, 1.7740835950590863e-20, nan 
-39.125, 70.875, 1.5472693919067202e-20, nan 
-38.875, 70.875, 1.1120464638430545e-20, nan 
-38.625, 70.875, 1.3075810699832237e-20, nan 
-38.375, 70.875, 7.19340917229054e-21, nan 
-38.125, 70.875, 7.922989272382567e-21, nan 
-37.875, 70.875, 8.591223413892742e-21, nan 
-37.625, 70.875, 4.101190081774613e-21, nan 
-37.375, 70.875, 6.373095032305255e-21, nan 
-37.125, 70.875, 4.767837445701224e-21, nan 
-36.875, 70.875, 3.0732940234512547e-21, nan 
-36.625, 70.875, 3.0956776856772987e-21, nan 
-36.375, 70.875, 2.7242255629464794e-21, nan 
-36.125, 70.875, 2.4502891488267795e-21, nan 
-35.875, 70.875, 2.1333319320758072e-21, nan 
-35.625, 70.875, 3.1942788892049507e-21, nan 
-35.375, 70.875, 2.2381724314630384e-21, nan 
-35.125, 70.875, 9.629710600085924e-22, nan 
-34.875, 70.875, 1.2404691675647845e-21, nan 
-34.625, 70.875, 1.4195282937340403e-21, nan 
-34.375, 70.875, 1.3990210326582938e-21, nan 
-34.125, 70.875, 1.2119013837099493e-21, nan 
-33.875, 70.875, 1.9741700806237406e-21, nan 
-33.625, 70.875, 1.0010523381572242e-21, nan 
-33.375, 70.875, 1.2962380349071048e-21, nan 
-33.125, 70.875, 1.4366505114358854e-21, nan 
-32.875, 70.875, 1.1027685624483358e-21, nan 
-32.625, 70.875, 1.0261411082441491e-21, nan 
-32.375, 70.875, 9.117658103120357e-22, nan 
-32.125, 70.875, 7.2720842223471e-22, nan 
-31.875, 70.875, 6.605136083982989e-22, nan 
-31.625, 70.875, 4.453683243763611e-22, nan 
-31.375, 70.875, 1.2046983725622312e-21, nan 
-31.125, 70.875, 2.4094224528119953e-21, nan 
-30.875, 70.875, 2.18496350013401e-21, nan 
-30.625, 70.875, 1.6927453728617123e-21, nan 
-30.375, 70.875, 2.1130493148790934e-21, nan 
-30.125, 70.875, 1.8441850537483634e-21, nan 
-29.875, 70.875, 1.3238444746949234e-21, nan 
-29.625, 70.875, 3.6426672106585975e-22, nan 
-29.375, 70.875, 5.573915277061975e-22, nan 
-29.125, 70.875, 9.333791148166144e-22, nan 
-28.875, 70.875, 1.4874021290123762e-21, nan 
-28.625, 70.875, 1.061962044830263e-21, nan 
-28.375, 70.875, 8.106642357917758e-22, nan 
-28.125, 70.875, 2.1195902268623856e-21, nan 
-27.875, 70.875, 1.5526402465126322e-21, nan 
-27.625, 70.875, 1.2956215471229733e-21, nan 
-27.375, 70.875, 1.3414624883888244e-21, nan 
-27.125, 70.875, 1.0884232406027089e-21, nan 
-26.875, 70.875, 9.834908289440755e-22, nan 
-26.625, 70.875, 1.0279893524712733e-21, nan 
-26.375, 70.875, 9.938562071163928e-22, nan 
-26.125, 70.875, 5.014852622654334e-22, nan 
-25.875, 70.875, 7.111574090121859e-22, nan 
-25.625, 70.875, 9.081763793651216e-22, nan 
-25.375, 70.875, 6.814174132980983e-22, nan 
-25.125, 70.875, 1.8894567990103024e-22, nan 
-24.875, 70.875, 4.337985909134567e-22, nan 
-24.625, 70.875, 4.448001493652455e-22, nan 
-24.375, 70.875, 1.619888450401453e-22, nan 
-24.125, 70.875, 4.404004551572449e-22, nan 
-23.875, 70.875, 1.6652426182731736e-22, nan 
-23.625, 70.875, 2.1510212820779524e-22, nan 
-23.375, 70.875, 2.523618086870653e-22, nan 
-23.125, 70.875, 1.7494369608897457e-22, nan 
-22.875, 70.875, 1.9062098203883216e-22, nan 
-22.625, 70.875, 1.7948880445442233e-22, nan 
-22.375, 70.875, 1.5727331196638885e-22, nan 
-22.125, 70.875, 1.245654663169041e-22, nan 
-21.875, 70.875, 9.90521634083262e-23, nan 
-21.625, 70.875, 1.320774618271031e-22, nan 
-21.375, 70.875, 1.8722124897643795e-22, nan 
-21.125, 70.875, 1.9045045928375608e-22, nan 
-20.875, 70.875, 2.6780076715274097e-22, nan 
-20.625, 70.875, 2.5981653322167466e-22, nan 
-20.375, 70.875, 2.882491979882007e-22, nan 
-20.125, 70.875, 2.409725308227007e-22, nan 
-19.875, 70.875, 1.9591032884739548e-22, nan 
-19.625, 70.875, 2.2668515900084467e-22, nan 
-19.375, 70.875, 1.638676452086846e-22, nan 
-19.125, 70.875, 2.3198738747351915e-22, nan 
-18.875, 70.875, 1.921628172050487e-22, nan 
-18.625, 70.875, 1.9613629876176016e-22, nan 
-18.375, 70.875, 1.1380572303114894e-22, nan 
-18.125, 70.875, 1.9931249024911476e-22, nan 
-17.875, 70.875, 1.5849553392319438e-22, nan 
-17.625, 70.875, 1.5227950829845928e-22, nan 
-17.375, 70.875, 2.1921065067881396e-22, nan 
-17.125, 70.875, 2.148383078572741e-22, nan 
-16.875, 70.875, 1.7925866780175094e-22, nan 
-16.625, 70.875, 2.1298915139923193e-22, nan 
-16.375, 70.875, 1.8927339285645824e-22, nan 
-16.125, 70.875, 1.713410035897598e-22, nan 
-15.875, 70.875, 1.7402924033186322e-22, nan 
-15.625, 70.875, 1.4454511208742863e-22, nan 
-15.375, 70.875, 2.0317267809794865e-22, nan 
-15.125, 70.875, 1.8433638334105792e-22, nan 
-14.875, 70.875, 2.208746518016067e-22, nan 
-14.625, 70.875, 1.6415826762914465e-22, nan 
-14.375, 70.875, 2.41762787832701e-22, nan 
-14.125, 70.875, 3.1640957250367965e-22, nan 
-13.875, 70.875, 2.173920769226085e-22, nan 
-13.625, 70.875, 1.8300476899051634e-22, nan 
-13.375, 70.875, 3.472515817257563e-22, nan 
-13.125, 70.875, 1.9856720792713723e-22, nan 
-12.875, 70.875, 7.584424335036258e-23, nan 
-12.625, 70.875, 1.3260655541621103e-22, nan 
-12.375, 70.875, 1.6773661545219768e-22, nan 
-12.125, 70.875, 1.0226394278112558e-22, nan 
-11.875, 70.875, 1.1788276842653706e-22, nan 
-11.625, 70.875, 1.6359380493604264e-22, nan 
-11.375, 70.875, 1.300537676894302e-22, nan 
-11.125, 70.875, 1.5943767824046165e-22, nan 
-10.875, 70.875, 1.3531942055989023e-22, nan 
-10.625, 70.875, 2.5484002186805636e-22, nan 
-10.375, 70.875, 2.798836847630938e-22, nan 
-10.125, 70.875, 2.3708277881524735e-22, nan 
-9.875, 70.875, 2.733015558983637e-22, nan 
-9.625, 70.875, 1.4457041880381632e-22, nan 
-9.375, 70.875, 8.745453525938461e-23, nan 
-9.125, 70.875, 9.107123845558896e-23, nan 
-8.875, 70.875, 1.1814714386572678e-22, nan 
-8.625, 70.875, 4.39388995803213e-22, nan 
-8.375, 70.875, 3.983658636225462e-22, nan 
-8.125, 70.875, 4.486688135774757e-22, nan 
-7.875, 70.875, 4.823036292067353e-22, nan 
-7.625, 70.875, 2.736653083668662e-22, nan 
-7.375, 70.875, 2.4745623310082405e-22, nan 
-7.125, 70.875, 3.488916285282763e-22, nan 
-6.875, 70.875, 9.466578186336611e-23, nan 
-6.625, 70.875, 4.4767373571459244e-23, nan 
-6.375, 70.875, 3.531351692311999e-23, nan 
-6.125, 70.875, 3.8384836490192747e-23, nan 
-5.875, 70.875, 3.2977353992991416e-23, nan 
-5.625, 70.875, 3.95978189637854e-23, nan 
-5.375, 70.875, 4.469634576751928e-23, nan 
-5.125, 70.875, 4.6781165090405454e-23, nan 
-4.875, 70.875, 3.924597200865288e-23, nan 
-4.625, 70.875, 2.283081251183041e-23, nan 
-4.375, 70.875, 2.878975296817976e-23, nan 
-4.125, 70.875, 2.350776314067463e-23, nan 
-3.875, 70.875, 4.771386884793176e-23, nan 
-3.625, 70.875, 5.614304831841284e-23, nan 
-3.375, 70.875, 4.5860674155544514e-23, nan 
-3.125, 70.875, 4.562855877047291e-23, nan 
-2.875, 70.875, 5.559787231670689e-23, nan 
-2.625, 70.875, 6.249490375664408e-23, nan 
-2.375, 70.875, 5.673721037275821e-23, nan 
-2.125, 70.875, 4.008470289634707e-23, nan 
-1.875, 70.875, 5.0410448329010123e-23, nan 
-1.625, 70.875, 4.824359625565641e-23, nan 
-1.375, 70.875, 3.092398303407374e-23, nan 
-1.125, 70.875, 2.1129223075887828e-23, nan 
-0.875, 70.875, 2.534277872498094e-23, nan 
-0.625, 70.875, 3.3618249051381885e-23, nan 
-0.375, 70.875, 3.484531214715562e-23, nan 
-0.125, 70.875, 4.9301190051906744e-23, nan 
0.125, 70.875, 5.185138723455206e-23, nan 
0.375, 70.875, 4.609953439017949e-23, nan 
0.625, 70.875, 4.426173999599446e-23, nan 
0.875, 70.875, 4.01343722527934e-23, nan 
1.125, 70.875, 4.286891798495666e-23, nan 
1.375, 70.875, 3.318069624914261e-23, nan 
1.625, 70.875, 3.210726055780525e-23, nan 
1.875, 70.875, 2.5207220632169355e-23, nan 
2.125, 70.875, 2.2746315398833445e-23, nan 
2.375, 70.875, 2.0873699961448707e-23, nan 
2.625, 70.875, 3.0167993295361167e-23, nan 
2.875, 70.875, 2.1261751488584843e-23, nan 
3.125, 70.875, 1.394421530549131e-23, nan 
3.375, 70.875, 1.4495728687806246e-23, nan 
3.625, 70.875, 1.9556993547858532e-23, nan 
3.875, 70.875, 1.7819775305037383e-23, nan 
4.125, 70.875, 1.96903399505375e-23, nan 
4.375, 70.875, 2.3040385083795765e-23, nan 
4.625, 70.875, 2.8591661302905974e-23, nan 
4.875, 70.875, 2.1876886918695947e-23, nan 
5.125, 70.875, 2.714658317632681e-23, nan 
5.375, 70.875, 9.167277546571668e-24, nan 
5.625, 70.875, 9.396638967994363e-24, nan 
5.875, 70.875, 8.864323927493321e-24, nan 
6.125, 70.875, 2.1124239479028607e-24, nan 
6.375, 70.875, 1.2772103877790367e-23, nan 
6.625, 70.875, 2.996727002886593e-24, nan 
6.875, 70.875, 9.655935002305474e-24, nan 
7.125, 70.875, 1.9398504353114105e-23, nan 
7.375, 70.875, 1.4390775257832325e-23, nan 
7.625, 70.875, 1.9788898026878136e-23, nan 
7.875, 70.875, 2.307491764205268e-23, nan 
8.125, 70.875, 1.4777808560895312e-23, nan 
8.375, 70.875, 1.8670450343097724e-23, nan 
8.625, 70.875, 1.8372759177974904e-23, nan 
8.875, 70.875, 7.186210563815326e-24, nan 
9.125, 70.875, 3.4348622407500885e-24, nan 
9.375, 70.875, 3.866228859532781e-24, nan 
9.625, 70.875, 8.28047893548887e-24, nan 
9.875, 70.875, 6.406906182013042e-24, nan 
10.125, 70.875, 8.638478750599385e-24, nan 
10.375, 70.875, 6.342179768861378e-24, nan 
10.625, 70.875, 5.293135240415456e-24, nan 
10.875, 70.875, 7.884071896406728e-24, nan 
11.125, 70.875, 7.946461207253694e-24, nan 
11.375, 70.875, 6.348084045348597e-24, nan 
11.625, 70.875, 7.99257307879595e-24, nan 
11.875, 70.875, 6.4796276112595435e-24, nan 
12.125, 70.875, 7.207903637622923e-24, nan 
12.375, 70.875, 6.000631206688036e-24, nan 
12.625, 70.875, 5.705777039128183e-24, nan 
-89.875, 71.125, 5.225287974570237e-22, nan 
-89.625, 71.125, 7.012250768560427e-22, nan 
-89.375, 71.125, 7.750290411800581e-22, nan 
-89.125, 71.125, 7.509591863184104e-22, nan 
-88.875, 71.125, 8.919321543010235e-22, nan 
-88.625, 71.125, 9.625080694354727e-22, nan 
-88.375, 71.125, 1.369589752730923e-21, nan 
-88.125, 71.125, 1.43579163478889e-21, nan 
-87.875, 71.125, 9.558176801809967e-22, nan 
-87.625, 71.125, 6.751739858701888e-22, nan 
-87.375, 71.125, 8.614836502859203e-22, nan 
-87.125, 71.125, 1.3617580497599776e-21, nan 
-86.875, 71.125, 9.625130829406201e-22, nan 
-86.625, 71.125, 1.1409073912901063e-21, nan 
-86.375, 71.125, 1.38102868690698e-21, nan 
-86.125, 71.125, 1.183756791203523e-21, nan 
-85.875, 71.125, 1.2377888655522649e-21, nan 
-85.625, 71.125, 1.245380040569163e-21, nan 
-85.375, 71.125, 1.1783188417922725e-21, nan 
-85.125, 71.125, 1.1279158704907354e-21, nan 
-84.875, 71.125, 1.0858247520557646e-21, nan 
-84.625, 71.125, 1.0575026644091089e-21, nan 
-84.375, 71.125, 7.970790426891355e-22, nan 
-84.125, 71.125, 7.59895328458857e-22, nan 
-83.875, 71.125, 1.0640414638380404e-21, nan 
-83.625, 71.125, 1.0226149154334984e-21, nan 
-83.375, 71.125, 1.1824757234928379e-21, nan 
-83.125, 71.125, 1.7257800255157193e-21, nan 
-82.875, 71.125, 2.136223601660044e-21, nan 
-82.625, 71.125, 1.942427375663911e-21, nan 
-82.375, 71.125, 2.069099194859602e-21, nan 
-82.125, 71.125, 1.890109172775731e-21, nan 
-81.875, 71.125, 1.4499182597299193e-21, nan 
-81.625, 71.125, 1.6680506330814379e-21, nan 
-81.375, 71.125, 2.190012928528697e-21, nan 
-81.125, 71.125, 1.8827137412352985e-21, nan 
-80.875, 71.125, 1.7339178102968125e-21, nan 
-80.625, 71.125, 1.9958787668804542e-21, nan 
-80.375, 71.125, 1.8306607931437573e-21, nan 
-80.125, 71.125, 1.6179406249821974e-21, nan 
-79.875, 71.125, 2.125145127566503e-21, nan 
-79.625, 71.125, 1.6569912005528354e-21, nan 
-79.375, 71.125, 1.712312531064554e-21, nan 
-79.125, 71.125, 1.8033121592637926e-21, nan 
-78.875, 71.125, 1.6775683482105538e-21, nan 
-78.625, 71.125, 1.2989773916608917e-21, nan 
-78.375, 71.125, 1.4068996928769008e-21, nan 
-78.125, 71.125, 1.6982870117895234e-21, nan 
-77.875, 71.125, 1.6446131861381918e-21, nan 
-77.625, 71.125, 1.040217181461151e-21, nan 
-77.375, 71.125, 1.1917630376642239e-21, nan 
-77.125, 71.125, 1.1232126598198607e-21, nan 
-76.875, 71.125, 9.425098096979769e-22, nan 
-76.625, 71.125, 1.098523590952827e-21, nan 
-76.375, 71.125, 1.2575457716257372e-21, nan 
-76.125, 71.125, 1.2598157786097419e-21, nan 
-75.875, 71.125, 1.024709232240552e-21, nan 
-75.625, 71.125, 9.234809075963032e-22, nan 
-75.375, 71.125, 4.864476216234275e-22, nan 
-75.125, 71.125, 6.467929655594477e-22, nan 
-74.875, 71.125, 5.4016249823814095e-22, nan 
-74.625, 71.125, 3.5064821881050767e-22, nan 
-74.375, 71.125, 1.0296733046960099e-21, nan 
-74.125, 71.125, 6.052015135024807e-22, nan 
-73.875, 71.125, 5.996650699507121e-22, nan 
-73.625, 71.125, 2.0861056527061522e-21, nan 
-73.375, 71.125, 1.409381067179436e-21, nan 
-73.125, 71.125, 1.378280025539061e-21, nan 
-72.875, 71.125, 1.8097759378797417e-21, nan 
-72.625, 71.125, 1.8024390636494084e-21, nan 
-72.375, 71.125, 1.699349245983144e-21, nan 
-72.125, 71.125, 1.8794275100473192e-21, nan 
-71.875, 71.125, 3.0962312523631696e-21, nan 
-71.625, 71.125, 3.584721852207163e-21, nan 
-71.375, 71.125, 1.5580849316966296e-21, nan 
-71.125, 71.125, 1.579986181559957e-21, nan 
-70.875, 71.125, 1.8898741298223893e-21, nan 
-70.625, 71.125, 1.4230893493348986e-21, nan 
-70.375, 71.125, 6.372706253794954e-22, nan 
-70.125, 71.125, 4.1460939051854615e-21, nan 
-69.875, 71.125, 4.052736790604805e-21, nan 
-69.625, 71.125, 1.7738231684997735e-21, nan 
-69.375, 71.125, 2.7196592146566397e-21, nan 
-69.125, 71.125, 3.458362620582483e-21, nan 
-68.875, 71.125, 2.0270661042876314e-21, nan 
-68.625, 71.125, 1.1447921647057894e-21, nan 
-68.375, 71.125, 8.55362405494025e-22, nan 
-68.125, 71.125, 8.083951237203285e-22, nan 
-67.875, 71.125, 9.163163784425637e-22, nan 
-67.625, 71.125, 1.246066713885515e-21, nan 
-67.375, 71.125, 1.3188490822553752e-21, nan 
-67.125, 71.125, 1.4652609069343184e-21, nan 
-66.875, 71.125, 1.4734769274323077e-21, nan 
-66.625, 71.125, 1.3906585664087471e-21, nan 
-66.375, 71.125, 1.54808903333274e-21, nan 
-66.125, 71.125, 1.7259609110011965e-21, nan 
-65.875, 71.125, 1.812589626204646e-21, nan 
-65.625, 71.125, 1.781439776190154e-21, nan 
-65.375, 71.125, 1.8505306139772866e-21, nan 
-65.125, 71.125, 1.4563387133102906e-21, nan 
-64.875, 71.125, 1.2231359379756659e-21, nan 
-64.625, 71.125, 1.2372865667512612e-21, nan 
-64.375, 71.125, 1.30861982150392e-21, nan 
-64.125, 71.125, 1.446148084348796e-21, nan 
-63.875, 71.125, 1.5745089660287881e-21, nan 
-63.625, 71.125, 1.6874621516711028e-21, nan 
-63.375, 71.125, 1.9702706043530702e-21, nan 
-63.125, 71.125, 2.2353288508542437e-21, nan 
-62.875, 71.125, 2.5252401854505012e-21, nan 
-62.625, 71.125, 1.530533629214926e-21, nan 
-62.375, 71.125, 1.8123164440811556e-21, nan 
-62.125, 71.125, 2.308369855949756e-21, nan 
-61.875, 71.125, 2.0716521635798845e-21, nan 
-61.625, 71.125, 1.6244707329141083e-21, nan 
-61.375, 71.125, 1.7435994679504456e-21, nan 
-61.125, 71.125, 1.4634033073957467e-21, nan 
-60.875, 71.125, 2.0815641219440675e-21, nan 
-60.625, 71.125, 2.449797700911548e-21, nan 
-60.375, 71.125, 2.2950698931681376e-21, nan 
-60.125, 71.125, 2.5421949452524567e-21, nan 
-59.875, 71.125, 2.590480606955662e-21, nan 
-59.625, 71.125, 3.1372732108938504e-21, nan 
-59.375, 71.125, 3.678538462464217e-21, nan 
-59.125, 71.125, 2.325186330069932e-21, nan 
-58.875, 71.125, 2.567353769954638e-21, nan 
-58.625, 71.125, 2.6529956938794443e-21, nan 
-58.375, 71.125, 2.3827305772974146e-21, nan 
-58.125, 71.125, 2.358448921158507e-21, nan 
-57.875, 71.125, 2.954313540618747e-21, nan 
-57.625, 71.125, 2.9123671987680697e-21, nan 
-57.375, 71.125, 3.8636594887996866e-21, nan 
-57.125, 71.125, 2.517270596992781e-21, nan 
-56.875, 71.125, 2.641770931251217e-21, nan 
-56.625, 71.125, 2.2479425628211977e-21, nan 
-56.375, 71.125, 2.020536504522921e-21, nan 
-56.125, 71.125, 2.1353399009945666e-21, nan 
-55.875, 71.125, 1.8017444223057458e-21, nan 
-55.625, 71.125, 2.5069919977967765e-21, nan 
-55.375, 71.125, 4.5508023546405205e-21, nan 
-55.125, 71.125, 6.338299365518888e-21, nan 
-54.875, 71.125, 5.401719012641274e-21, nan 
-54.625, 71.125, 5.802040357751374e-21, nan 
-54.375, 71.125, 8.070874464498917e-21, nan 
-54.125, 71.125, 8.599558884191633e-21, nan 
-53.875, 71.125, 8.62531937632964e-21, nan 
-53.625, 71.125, 9.206685471395639e-21, nan 
-53.375, 71.125, 1.060611238767245e-20, nan 
-53.125, 71.125, 1.0879069582451907e-20, nan 
-52.875, 71.125, 1.6199502285619994e-20, nan 
-52.625, 71.125, 1.2860568096368407e-20, nan 
-52.375, 71.125, 1.0492750308684288e-20, nan 
-52.125, 71.125, 1.5759773199783936e-20, nan 
-51.875, 71.125, 1.6359966659693067e-20, nan 
-51.625, 71.125, 2.6086400500388816e-20, nan 
-51.375, 71.125, 3.1703813359684545e-20, nan 
-51.125, 71.125, 7.252434033463759e-20, nan 
-50.875, 71.125, 5.574764965705084e-20, nan 
-50.625, 71.125, 5.610343788243455e-20, nan 
-50.375, 71.125, 1.2359763753271902e-19, nan 
-50.125, 71.125, 1.0781059629178491e-19, nan 
-49.875, 71.125, 8.149403623678064e-20, nan 
-49.625, 71.125, 1.3584000918398547e-19, nan 
-49.375, 71.125, 1.1112828215909844e-19, nan 
-49.125, 71.125, 2.6040234259956433e-20, nan 
-48.875, 71.125, 6.512442872215154e-20, nan 
-48.625, 71.125, 9.068173533717438e-20, nan 
-48.375, 71.125, 6.185810379702544e-20, nan 
-48.125, 71.125, 9.084153209136434e-20, nan 
-47.875, 71.125, 1.2129055806772703e-19, nan 
-47.625, 71.125, 9.602649586516204e-20, nan 
-47.375, 71.125, 1.5594548858037024e-19, nan 
-47.125, 71.125, 2.233857054068143e-19, nan 
-46.875, 71.125, 3.249435190160106e-19, nan 
-46.625, 71.125, 3.7159332054294985e-19, nan 
-46.375, 71.125, 3.7361791436555785e-19, nan 
-46.125, 71.125, 2.8781425443069173e-19, nan 
-45.875, 71.125, 3.5412244505917896e-19, nan 
-45.625, 71.125, 2.741458077862225e-19, nan 
-45.375, 71.125, 2.118023463067444e-19, nan 
-45.125, 71.125, 2.3907490739101846e-19, nan 
-44.875, 71.125, 2.1199026782081753e-19, nan 
-44.625, 71.125, 1.1352657275858855e-19, nan 
-44.375, 71.125, 1.43074310320671e-19, nan 
-44.125, 71.125, 1.3166878525590676e-19, nan 
-43.875, 71.125, 1.2377599098612414e-19, nan 
-43.625, 71.125, 7.664633171759298e-20, nan 
-43.375, 71.125, 7.946981569994947e-20, nan 
-43.125, 71.125, 5.783938621282744e-20, nan 
-42.875, 71.125, 3.8732843540680583e-20, nan 
-42.625, 71.125, 2.5195695643610268e-20, nan 
-42.375, 71.125, 1.4975077833576648e-20, nan 
-42.125, 71.125, 1.4288906546666943e-20, nan 
-41.875, 71.125, 1.2518580398469362e-20, nan 
-41.625, 71.125, 1.3336241529885345e-20, nan 
-41.375, 71.125, 8.06658970541693e-21, nan 
-41.125, 71.125, 8.61173642440179e-21, nan 
-40.875, 71.125, 1.0161558947573748e-20, nan 
-40.625, 71.125, 5.5839844327911466e-21, nan 
-40.375, 71.125, 1.1972633036175884e-20, nan 
-40.125, 71.125, 1.2805491185914116e-20, nan 
-39.875, 71.125, 8.571347822853804e-21, nan 
-39.625, 71.125, 8.881551839399623e-21, nan 
-39.375, 71.125, 1.2397047977690148e-20, nan 
-39.125, 71.125, 5.906692513606808e-21, nan 
-38.875, 71.125, 3.740115757930583e-21, nan 
-38.625, 71.125, 5.186661811314484e-21, nan 
-38.375, 71.125, 1.97004155777337e-21, nan 
-38.125, 71.125, 1.752164697788581e-21, nan 
-37.875, 71.125, 2.1651509183066425e-21, nan 
-37.625, 71.125, 2.0676951503716353e-21, nan 
-37.375, 71.125, 4.804552603158303e-21, nan 
-37.125, 71.125, 2.509167517228981e-21, nan 
-36.875, 71.125, 3.475802722004668e-21, nan 
-36.625, 71.125, 3.238371216260745e-21, nan 
-36.375, 71.125, 2.09955017365837e-21, nan 
-36.125, 71.125, 1.9849135903113896e-21, nan 
-35.875, 71.125, 1.4813657257222428e-21, nan 
-35.625, 71.125, 2.3439720612721737e-21, nan 
-35.375, 71.125, 1.4971438576249807e-21, nan 
-35.125, 71.125, 5.975957700528028e-22, nan 
-34.875, 71.125, 1.0174521753291302e-21, nan 
-34.625, 71.125, 1.2697590542771699e-21, nan 
-34.375, 71.125, 3.1948142434554664e-22, nan 
-34.125, 71.125, 2.3598713826760916e-21, nan 
-33.875, 71.125, 2.7136002380341896e-21, nan 
-33.625, 71.125, 9.651882578712105e-22, nan 
-33.375, 71.125, 1.6126764053919252e-21, nan 
-33.125, 71.125, 1.7302631572340865e-21, nan 
-32.875, 71.125, 7.916830828019184e-22, nan 
-32.625, 71.125, 4.529464816652554e-22, nan 
-32.375, 71.125, 9.000033215818945e-22, nan 
-32.125, 71.125, 7.544051601678668e-22, nan 
-31.875, 71.125, 1.1045521935946434e-21, nan 
-31.625, 71.125, 1.3202523673413055e-21, nan 
-31.375, 71.125, 1.5159750318307866e-21, nan 
-31.125, 71.125, 1.4417815297572246e-21, nan 
-30.875, 71.125, 1.2813025079412714e-21, nan 
-30.625, 71.125, 1.0704815478225141e-21, nan 
-30.375, 71.125, 7.271478007260131e-22, nan 
-30.125, 71.125, 7.6434067913344175e-22, nan 
-29.875, 71.125, 6.685132419305748e-22, nan 
-29.625, 71.125, 3.9582691642420243e-22, nan 
-29.375, 71.125, 3.4911582434075687e-22, nan 
-29.125, 71.125, 7.421420311814548e-22, nan 
-28.875, 71.125, 9.830558488202606e-22, nan 
-28.625, 71.125, 8.691797310356765e-22, nan 
-28.375, 71.125, 1.0238641734880272e-21, nan 
-28.125, 71.125, 1.331085280094607e-21, nan 
-27.875, 71.125, 1.1991307245170814e-21, nan 
-27.625, 71.125, 1.113812780993209e-21, nan 
-27.375, 71.125, 1.0730380534183183e-21, nan 
-27.125, 71.125, 8.043214010347131e-22, nan 
-26.875, 71.125, 7.61099767610012e-22, nan 
-26.625, 71.125, 8.047719629421305e-22, nan 
-26.375, 71.125, 7.049754849236961e-22, nan 
-26.125, 71.125, 6.337938730384137e-22, nan 
-25.875, 71.125, 4.0745867883718655e-22, nan 
-25.625, 71.125, 5.559393464635916e-22, nan 
-25.375, 71.125, 7.696775334139727e-22, nan 
-25.125, 71.125, 2.61871699150662e-22, nan 
-24.875, 71.125, 1.7882463489314794e-22, nan 
-24.625, 71.125, 3.4503052010764706e-22, nan 
-24.375, 71.125, 2.1054242888841022e-22, nan 
-24.125, 71.125, 3.386561106141471e-22, nan 
-23.875, 71.125, 1.5938723256850045e-22, nan 
-23.625, 71.125, 1.5359224779224451e-22, nan 
-23.375, 71.125, 2.1592959327336593e-22, nan 
-23.125, 71.125, 1.863274950620601e-22, nan 
-22.875, 71.125, 1.2935754038570286e-22, nan 
-22.625, 71.125, 1.40322408443513e-22, nan 
-22.375, 71.125, 1.7186520678154953e-22, nan 
-22.125, 71.125, 1.7944858264064754e-22, nan 
-21.875, 71.125, 1.4062782804949786e-22, nan 
-21.625, 71.125, 1.63369526998149e-22, nan 
-21.375, 71.125, 2.3471552099138554e-22, nan 
-21.125, 71.125, 2.6862609714072193e-22, nan 
-20.875, 71.125, 2.4774091872428794e-22, nan 
-20.625, 71.125, 2.246754051414262e-22, nan 
-20.375, 71.125, 2.512068040105524e-22, nan 
-20.125, 71.125, 2.1537698241585697e-22, nan 
-19.875, 71.125, 1.7901901382041762e-22, nan 
-19.625, 71.125, 1.218189122574426e-22, nan 
-19.375, 71.125, 1.6495999798636228e-22, nan 
-19.125, 71.125, 1.3335909358911922e-22, nan 
-18.875, 71.125, 1.0331263075625549e-22, nan 
-18.625, 71.125, 1.3217602007482267e-22, nan 
-18.375, 71.125, 8.653885376318483e-23, nan 
-18.125, 71.125, 1.5790095968271864e-22, nan 
-17.875, 71.125, 2.043748773091656e-22, nan 
-17.625, 71.125, 1.2357851748475913e-22, nan 
-17.375, 71.125, 1.339815309398065e-22, nan 
-17.125, 71.125, 2.145304997028672e-22, nan 
-16.875, 71.125, 1.2663460370738758e-22, nan 
-16.625, 71.125, 8.677800997779225e-23, nan 
-16.375, 71.125, 1.1716598412914076e-22, nan 
-16.125, 71.125, 1.2163816025013533e-22, nan 
-15.875, 71.125, 1.565686337131141e-22, nan 
-15.625, 71.125, 1.5870629741511874e-22, nan 
-15.375, 71.125, 1.9269732501562498e-22, nan 
-15.125, 71.125, 1.7742025409088063e-22, nan 
-14.875, 71.125, 2.0434369937593956e-22, nan 
-14.625, 71.125, 1.7408171685152384e-22, nan 
-14.375, 71.125, 1.3492452924100784e-22, nan 
-14.125, 71.125, 1.4358091840288028e-22, nan 
-13.875, 71.125, 1.2213985563327747e-22, nan 
-13.625, 71.125, 6.800374195407997e-23, nan 
-13.375, 71.125, 1.2934309792268078e-22, nan 
-13.125, 71.125, 1.1113000615158045e-22, nan 
-12.875, 71.125, 7.119579552857295e-23, nan 
-12.625, 71.125, 6.469221520737416e-23, nan 
-12.375, 71.125, 1.497353405461152e-22, nan 
-12.125, 71.125, 8.888446981740801e-23, nan 
-11.875, 71.125, 1.0158118499932843e-22, nan 
-11.625, 71.125, 1.106886631183119e-22, nan 
-11.375, 71.125, 2.972325714762273e-22, nan 
-11.125, 71.125, 3.421100695209221e-22, nan 
-10.875, 71.125, 2.3560302525418815e-22, nan 
-10.625, 71.125, 4.567778456067143e-22, nan 
-10.375, 71.125, 5.150214201656314e-22, nan 
-10.125, 71.125, 3.4127038251628285e-22, nan 
-9.875, 71.125, 4.660045359216556e-22, nan 
-9.625, 71.125, 2.283338692778152e-22, nan 
-9.375, 71.125, 1.5714265751098948e-22, nan 
-9.125, 71.125, 2.4141903031734517e-22, nan 
-8.875, 71.125, 3.14781566161362e-23, nan 
-8.625, 71.125, 2.8020539538239597e-23, nan 
-8.375, 71.125, 3.836720048264717e-23, nan 
-8.125, 71.125, 5.475146151933677e-23, nan 
-7.875, 71.125, 3.5478538196065087e-23, nan 
-7.625, 71.125, 3.3813084927168167e-23, nan 
-7.375, 71.125, 4.986531538096356e-23, nan 
-7.125, 71.125, 5.692310025309215e-23, nan 
-6.875, 71.125, 3.248374480698029e-23, nan 
-6.625, 71.125, 4.954781675309318e-23, nan 
-6.375, 71.125, 6.40636215452565e-23, nan 
-6.125, 71.125, 5.621591691231284e-23, nan 
-5.875, 71.125, 4.392797394389233e-23, nan 
-5.625, 71.125, 5.752729992289575e-23, nan 
-5.375, 71.125, 5.487196034068135e-23, nan 
-5.125, 71.125, 4.3456711177280645e-23, nan 
-4.875, 71.125, 3.4647650416610675e-23, nan 
-4.625, 71.125, 1.936392980592646e-23, nan 
-4.375, 71.125, 4.317628908510938e-23, nan 
-4.125, 71.125, 4.204721377631924e-23, nan 
-3.875, 71.125, 3.639669808680247e-23, nan 
-3.625, 71.125, 4.758839578505265e-23, nan 
-3.375, 71.125, 4.398936029430555e-23, nan 
-3.125, 71.125, 4.2356933670594986e-23, nan 
-2.875, 71.125, 3.544975581298422e-23, nan 
-2.625, 71.125, 3.266114705292182e-23, nan 
-2.375, 71.125, 3.112451328461742e-23, nan 
-2.125, 71.125, 2.2780736458918743e-23, nan 
-1.875, 71.125, 3.864913281647658e-23, nan 
-1.625, 71.125, 3.8850606124038994e-23, nan 
-1.375, 71.125, 3.278743129777954e-23, nan 
-1.125, 71.125, 3.801331247540784e-23, nan 
-0.875, 71.125, 4.5206401744003225e-23, nan 
-0.625, 71.125, 6.071493256439087e-23, nan 
-0.375, 71.125, 4.754263011553613e-23, nan 
-0.125, 71.125, 4.652478019759899e-23, nan 
0.125, 71.125, 6.285351185037392e-23, nan 
0.375, 71.125, 5.335911521839543e-23, nan 
0.625, 71.125, 3.829840764071667e-23, nan 
0.875, 71.125, 2.2943763173201114e-23, nan 
1.125, 71.125, 3.500821741152105e-23, nan 
1.375, 71.125, 2.5151281744480098e-23, nan 
1.625, 71.125, 2.1329816959845907e-23, nan 
1.875, 71.125, 3.5807392516745193e-23, nan 
2.125, 71.125, 2.3852912511414845e-23, nan 
2.375, 71.125, 1.824615646060811e-23, nan 
2.625, 71.125, 4.604529427006053e-23, nan 
2.875, 71.125, 2.8293393630719376e-23, nan 
3.125, 71.125, 1.4874336738894363e-23, nan 
3.375, 71.125, 2.1942664187283015e-23, nan 
3.625, 71.125, 2.4744309087911576e-23, nan 
3.875, 71.125, 2.770596656273546e-23, nan 
4.125, 71.125, 1.9799432579371e-23, nan 
4.375, 71.125, 1.2861906360413358e-23, nan 
4.625, 71.125, 1.665416607446792e-23, nan 
4.875, 71.125, 9.140578852225663e-24, nan 
5.125, 71.125, 3.5805967413328545e-24, nan 
5.375, 71.125, 3.2876013811913135e-24, nan 
5.625, 71.125, 5.744380858487917e-24, nan 
5.875, 71.125, 1.00060460254248e-23, nan 
6.125, 71.125, 2.0596165518962872e-24, nan 
6.375, 71.125, 5.3545554569236646e-24, nan 
6.625, 71.125, 8.00933750494397e-24, nan 
6.875, 71.125, 1.1098756991809753e-23, nan 
7.125, 71.125, 1.4703123646241877e-23, nan 
7.375, 71.125, 1.1876548963676795e-23, nan 
7.625, 71.125, 1.2648034440404213e-23, nan 
7.875, 71.125, 1.482238217461182e-23, nan 
8.125, 71.125, 1.0212561646617623e-23, nan 
8.375, 71.125, 7.736950033634767e-24, nan 
8.625, 71.125, 1.1076405421938271e-23, nan 
8.875, 71.125, 1.0216874456449427e-23, nan 
9.125, 71.125, 9.521798155854837e-24, nan 
9.375, 71.125, 1.0693493278429755e-23, nan 
9.625, 71.125, 9.849201583229711e-24, nan 
9.875, 71.125, 9.681438983813986e-24, nan 
10.125, 71.125, 7.260786698377753e-24, nan 
10.375, 71.125, 2.1695173789333415e-23, nan 
10.625, 71.125, 6.901529315313867e-24, nan 
10.875, 71.125, 1.402358444856861e-23, nan 
11.125, 71.125, 7.495473271631336e-24, nan 
11.375, 71.125, 4.809119778030729e-24, nan 
11.625, 71.125, 1.7648452988479638e-23, nan 
11.875, 71.125, 6.968880366336424e-24, nan 
12.125, 71.125, 5.473155170775492e-24, nan 
12.375, 71.125, 6.949149530234058e-24, nan 
12.625, 71.125, 5.52668247590448e-24, nan 
12.875, 71.125, 6.555586008821327e-24, nan 
13.125, 71.125, 5.118395936361775e-24, nan 
13.375, 71.125, 5.3267445063345e-24, nan 
-90.125, 71.375, 5.856955767947389e-22, nan 
-89.875, 71.375, 6.698230428924212e-22, nan 
-89.625, 71.375, 7.321343186894179e-22, nan 
-89.375, 71.375, 7.0155500752774665e-22, nan 
-89.125, 71.375, 7.1056651223182e-22, nan 
-88.875, 71.375, 5.883461860223823e-22, nan 
-88.625, 71.375, 6.088378499567399e-22, nan 
-88.375, 71.375, 6.350893769941174e-22, nan 
-88.125, 71.375, 6.159697868583293e-22, nan 
-87.875, 71.375, 6.579200157986384e-22, nan 
-87.625, 71.375, 8.109953546982698e-22, nan 
-87.375, 71.375, 1.0156136812973133e-21, nan 
-87.125, 71.375, 1.3255778328223547e-21, nan 
-86.875, 71.375, 1.394433694679668e-21, nan 
-86.625, 71.375, 1.4522383493058562e-21, nan 
-86.375, 71.375, 1.6160723032238726e-21, nan 
-86.125, 71.375, 1.4528486070330644e-21, nan 
-85.875, 71.375, 1.489074792039794e-21, nan 
-85.625, 71.375, 1.6900098743078191e-21, nan 
-85.375, 71.375, 1.5692218816526326e-21, nan 
-85.125, 71.375, 9.379335745632664e-22, nan 
-84.875, 71.375, 8.045612013979491e-22, nan 
-84.625, 71.375, 1.4453721487035892e-21, nan 
-84.375, 71.375, 1.32803302047321e-21, nan 
-84.125, 71.375, 1.3142020706845109e-21, nan 
-83.875, 71.375, 1.8200150681154916e-21, nan 
-83.625, 71.375, 1.9201734565271204e-21, nan 
-83.375, 71.375, 2.0140463640770837e-21, nan 
-83.125, 71.375, 1.7464701549481817e-21, nan 
-82.875, 71.375, 1.8471733934208193e-21, nan 
-82.625, 71.375, 1.6113541072547149e-21, nan 
-82.375, 71.375, 1.5987700481087355e-21, nan 
-82.125, 71.375, 1.3765224188695879e-21, nan 
-81.875, 71.375, 1.4821327682317897e-21, nan 
-81.625, 71.375, 1.6154547395190636e-21, nan 
-81.375, 71.375, 1.9888380016770404e-21, nan 
-81.125, 71.375, 1.7741112113199432e-21, nan 
-80.875, 71.375, 1.5665492294127097e-21, nan 
-80.625, 71.375, 1.3496674208017437e-21, nan 
-80.375, 71.375, 1.1674990737126852e-21, nan 
-80.125, 71.375, 1.191605309357982e-21, nan 
-79.875, 71.375, 1.7620294568880567e-21, nan 
-79.625, 71.375, 1.7484940596091943e-21, nan 
-79.375, 71.375, 1.324858269660708e-21, nan 
-79.125, 71.375, 1.0253843755981153e-21, nan 
-78.875, 71.375, 1.5711775290143457e-21, nan 
-78.625, 71.375, 1.4410865616549635e-21, nan 
-78.375, 71.375, 1.0867698216219702e-21, nan 
-78.125, 71.375, 1.250190958671138e-21, nan 
-77.875, 71.375, 1.1846709485968744e-21, nan 
-77.625, 71.375, 9.54193866812626e-22, nan 
-77.375, 71.375, 9.308721165478097e-22, nan 
-77.125, 71.375, 1.0236474797399541e-21, nan 
-76.875, 71.375, 1.080581447826638e-21, nan 
-76.625, 71.375, 6.650511290397654e-22, nan 
-76.375, 71.375, 6.428579703078971e-22, nan 
-76.125, 71.375, 9.162293059647168e-22, nan 
-75.875, 71.375, 9.858081111293272e-22, nan 
-75.625, 71.375, 1.0260353703865006e-21, nan 
-75.375, 71.375, 1.11701670710529e-21, nan 
-75.125, 71.375, 4.611453291123851e-22, nan 
-74.875, 71.375, 5.276818709342954e-22, nan 
-74.625, 71.375, 6.6478039086752585e-22, nan 
-74.375, 71.375, 6.646366009647384e-22, nan 
-74.125, 71.375, 1.0796814207514841e-21, nan 
-73.875, 71.375, 1.1769250905263215e-21, nan 
-73.625, 71.375, 1.7974117403254176e-21, nan 
-73.375, 71.375, 1.6504024620833884e-21, nan 
-73.125, 71.375, 1.3909051274848966e-21, nan 
-72.875, 71.375, 1.2202932023208994e-21, nan 
-72.625, 71.375, 1.1132863684572742e-21, nan 
-72.375, 71.375, 1.1189969257519501e-21, nan 
-72.125, 71.375, 7.344455352724712e-22, nan 
-71.875, 71.375, 9.162562365822604e-22, nan 
-71.625, 71.375, 6.904615026596322e-22, nan 
-71.375, 71.375, 6.851813684932155e-22, nan 
-71.125, 71.375, 8.781359091035151e-22, nan 
-70.875, 71.375, 7.030732176276048e-22, nan 
-70.625, 71.375, 4.2155414153818982e-22, nan 
-70.375, 71.375, 5.060753922177557e-22, nan 
-70.125, 71.375, 2.5153054093387093e-21, nan 
-69.875, 71.375, 1.9080440434385863e-21, nan 
-69.625, 71.375, 7.255075913789229e-22, nan 
-69.375, 71.375, 6.11503621934852e-22, nan 
-69.125, 71.375, 1.247068529635867e-21, nan 
-68.875, 71.375, 1.2697836166738927e-21, nan 
-68.625, 71.375, 8.983291255964043e-22, nan 
-68.375, 71.375, 1.1564459763493179e-21, nan 
-68.125, 71.375, 9.103629404194406e-22, nan 
-67.875, 71.375, 6.165064237849269e-22, nan 
-67.625, 71.375, 1.2697184457606149e-21, nan 
-67.375, 71.375, 1.9643943663041882e-21, nan 
-67.125, 71.375, 1.9823383370440033e-21, nan 
-66.875, 71.375, 1.5075186731276096e-21, nan 
-66.625, 71.375, 1.6533096248915304e-21, nan 
-66.375, 71.375, 1.6477275880162268e-21, nan 
-66.125, 71.375, 1.5118284949787155e-21, nan 
-65.875, 71.375, 1.861593729106711e-21, nan 
-65.625, 71.375, 2.2068426059894873e-21, nan 
-65.375, 71.375, 2.6302517301517334e-21, nan 
-65.125, 71.375, 2.1911338969356496e-21, nan 
-64.875, 71.375, 2.137676608114368e-21, nan 
-64.625, 71.375, 2.113475713094315e-21, nan 
-64.375, 71.375, 1.8149950582556205e-21, nan 
-64.125, 71.375, 1.5421049737314324e-21, nan 
-63.875, 71.375, 1.4727190846945256e-21, nan 
-63.625, 71.375, 1.7058358171143667e-21, nan 
-63.375, 71.375, 2.2210469583888466e-21, nan 
-63.125, 71.375, 2.3163282647616387e-21, nan 
-62.875, 71.375, 2.2038816134109618e-21, nan 
-62.625, 71.375, 2.297535589197077e-21, nan 
-62.375, 71.375, 2.8248142496905277e-21, nan 
-62.125, 71.375, 2.2755900222542332e-21, nan 
-61.875, 71.375, 2.0015349227639446e-21, nan 
-61.625, 71.375, 1.9247043283713405e-21, nan 
-61.375, 71.375, 1.9618681537067657e-21, nan 
-61.125, 71.375, 2.097987369263717e-21, nan 
-60.875, 71.375, 4.4980384801812015e-22, nan 
-60.625, 71.375, 2.0321672763461833e-21, nan 
-60.375, 71.375, 2.5707143252787894e-21, nan 
-60.125, 71.375, 2.024724250206438e-21, nan 
-59.875, 71.375, 2.6351032314173504e-21, nan 
-59.625, 71.375, 3.524722206570597e-21, nan 
-59.375, 71.375, 4.231302088400861e-21, nan 
-59.125, 71.375, 2.9254911313595514e-21, nan 
-58.875, 71.375, 3.4413186056912715e-21, nan 
-58.625, 71.375, 3.8710325151044326e-21, nan 
-58.375, 71.375, 3.717760293829192e-21, nan 
-58.125, 71.375, 4.713760569715709e-21, nan 
-57.875, 71.375, 4.797089062476635e-21, nan 
-57.625, 71.375, 3.88800500700098e-21, nan 
-57.375, 71.375, 4.4526782462399704e-21, nan 
-57.125, 71.375, 5.234114864252517e-21, nan 
-56.875, 71.375, 4.957496335326625e-21, nan 
-56.625, 71.375, 4.199444483839217e-21, nan 
-56.375, 71.375, 5.114076093985829e-21, nan 
-56.125, 71.375, 5.111042033893145e-21, nan 
-55.875, 71.375, 4.961365904358655e-21, nan 
-55.625, 71.375, 5.143319516830082e-21, nan 
-55.375, 71.375, 4.9612012469239744e-21, nan 
-55.125, 71.375, 4.504295708403195e-21, nan 
-54.875, 71.375, 6.501537039335853e-21, nan 
-54.625, 71.375, 7.353003265908822e-21, nan 
-54.375, 71.375, 5.986662328009534e-21, nan 
-54.125, 71.375, 6.024684984384213e-21, nan 
-53.875, 71.375, 7.793971349313751e-21, nan 
-53.625, 71.375, 1.0985135207201036e-20, nan 
-53.375, 71.375, 9.736839146649631e-21, nan 
-53.125, 71.375, 1.2167807494774826e-20, nan 
-52.875, 71.375, 2.918301839670834e-20, nan 
-52.625, 71.375, 2.1651885733766773e-20, nan 
-52.375, 71.375, 1.4887607356059085e-20, nan 
-52.125, 71.375, 3.1542471531550556e-20, nan 
-51.875, 71.375, 2.1373233748355086e-20, nan 
-51.625, 71.375, 2.941825012684325e-20, nan 
-51.375, 71.375, 6.816803431496416e-20, nan 
-51.125, 71.375, 6.28590541987421e-20, nan 
-50.875, 71.375, 5.1844918526286155e-20, nan 
-50.625, 71.375, 6.703569945773275e-20, nan 
-50.375, 71.375, 9.496078347208772e-20, nan 
-50.125, 71.375, 1.353970179734984e-19, nan 
-49.875, 71.375, 9.388086270547878e-20, nan 
-49.625, 71.375, 1.1706302459367587e-19, nan 
-49.375, 71.375, 1.6180857410543444e-19, nan 
-49.125, 71.375, 7.702702701771294e-20, nan 
-48.875, 71.375, 7.210193662418936e-20, nan 
-48.625, 71.375, 5.718570068556521e-20, nan 
-48.375, 71.375, 4.606664740951967e-20, nan 
-48.125, 71.375, 5.509473130325038e-20, nan 
-47.875, 71.375, 1.2533067407274081e-19, nan 
-47.625, 71.375, 1.3945566668951435e-19, nan 
-47.375, 71.375, 8.751825195593011e-20, nan 
-47.125, 71.375, 1.0559524798404765e-19, nan 
-46.875, 71.375, 1.6349485416652596e-19, nan 
-46.625, 71.375, 1.533469532680229e-19, nan 
-46.375, 71.375, 1.303026510101088e-19, nan 
-46.125, 71.375, 7.786308704687116e-20, nan 
-45.875, 71.375, 1.0602251994465537e-19, nan 
-45.625, 71.375, 9.211216392549626e-20, nan 
-45.375, 71.375, 4.063533781997656e-20, nan 
-45.125, 71.375, 2.9276191043210224e-20, nan 
-44.875, 71.375, 3.627636512118858e-20, nan 
-44.625, 71.375, 5.2011651450456914e-20, nan 
-44.375, 71.375, 3.8149074452508956e-20, nan 
-44.125, 71.375, 2.827263786115762e-20, nan 
-43.875, 71.375, 3.625883744612013e-20, nan 
-43.625, 71.375, 2.3571863546134324e-20, nan 
-43.375, 71.375, 1.4068449183385813e-20, nan 
-43.125, 71.375, 1.2876136781744108e-20, nan 
-42.875, 71.375, 1.6624058173263103e-20, nan 
-42.625, 71.375, 1.707336014858917e-20, nan 
-42.375, 71.375, 1.2489038829760056e-20, nan 
-42.125, 71.375, 1.3340292060979875e-20, nan 
-41.875, 71.375, 9.668935650519554e-21, nan 
-41.625, 71.375, 7.548848343523527e-21, nan 
-41.375, 71.375, 3.652779950547235e-21, nan 
-41.125, 71.375, 4.5339935101381336e-21, nan 
-40.875, 71.375, 5.3664503154220935e-21, nan 
-40.625, 71.375, 6.0965099775984906e-21, nan 
-40.375, 71.375, 4.696785784377015e-21, nan 
-40.125, 71.375, 4.212170398530773e-21, nan 
-39.875, 71.375, 2.801279080920542e-21, nan 
-39.625, 71.375, 3.930868924478669e-21, nan 
-39.375, 71.375, 4.335567762774346e-21, nan 
-39.125, 71.375, 2.6463029600753935e-21, nan 
-38.875, 71.375, 3.2738342165868863e-21, nan 
-38.625, 71.375, 3.546303015459947e-21, nan 
-38.375, 71.375, 3.2362265266843732e-21, nan 
-38.125, 71.375, 3.65186940289875e-21, nan 
-37.875, 71.375, 3.383531079145635e-21, nan 
-37.625, 71.375, 3.0914963662980518e-21, nan 
-37.375, 71.375, 2.6918978913049143e-21, nan 
-37.125, 71.375, 1.8256654382587095e-21, nan 
-36.875, 71.375, 2.693323727974709e-21, nan 
-36.625, 71.375, 9.47850768751683e-22, nan 
-36.375, 71.375, 3.5500400695199065e-22, nan 
-36.125, 71.375, 1.1598087720815677e-21, nan 
-35.875, 71.375, 8.374735266038248e-22, nan 
-35.625, 71.375, 7.290740407723416e-22, nan 
-35.375, 71.375, 6.571979379743913e-22, nan 
-35.125, 71.375, 4.751076940680486e-22, nan 
-34.875, 71.375, 7.3407616713711675e-22, nan 
-34.625, 71.375, 5.080476394352257e-22, nan 
-34.375, 71.375, 5.830888366377757e-22, nan 
-34.125, 71.375, 1.1734293991250825e-21, nan 
-33.875, 71.375, 1.3047961509075074e-21, nan 
-33.625, 71.375, 6.594881085200018e-22, nan 
-33.375, 71.375, 4.263421259003951e-22, nan 
-33.125, 71.375, 7.131478126468646e-22, nan 
-32.875, 71.375, 4.670294920675235e-22, nan 
-32.625, 71.375, 6.327257391197874e-22, nan 
-32.375, 71.375, 7.47188778047963e-22, nan 
-32.125, 71.375, 1.3673938737085082e-21, nan 
-31.875, 71.375, 1.6882656759395234e-21, nan 
-31.625, 71.375, 1.2818273183235393e-21, nan 
-31.375, 71.375, 1.2103089902081774e-21, nan 
-31.125, 71.375, 1.3068844808137735e-21, nan 
-30.875, 71.375, 9.669005368081987e-22, nan 
-30.625, 71.375, 3.9407107262565163e-22, nan 
-30.375, 71.375, 4.0229169878317215e-22, nan 
-30.125, 71.375, 5.315864557126615e-22, nan 
-29.875, 71.375, 3.872213392685349e-22, nan 
-29.625, 71.375, 3.043771625156396e-22, nan 
-29.375, 71.375, 1.9679714629741354e-22, nan 
-29.125, 71.375, 2.8772688174718907e-22, nan 
-28.875, 71.375, 2.7924269775332498e-22, nan 
-28.625, 71.375, 2.5827273361859096e-22, nan 
-28.375, 71.375, 6.912537006209173e-22, nan 
-28.125, 71.375, 7.603656923690421e-22, nan 
-27.875, 71.375, 5.819508618990544e-22, nan 
-27.625, 71.375, 6.601943722882324e-22, nan 
-27.375, 71.375, 5.618872996863941e-22, nan 
-27.125, 71.375, 3.1891574679361927e-22, nan 
-26.875, 71.375, 3.6664649069336533e-22, nan 
-26.625, 71.375, 4.67123209450225e-22, nan 
-26.375, 71.375, 2.3225948726048266e-22, nan 
-26.125, 71.375, 2.140713039139722e-22, nan 
-25.875, 71.375, 3.650428619539178e-22, nan 
-25.625, 71.375, 1.835980618177923e-22, nan 
-25.375, 71.375, 3.820733907037279e-22, nan 
-25.125, 71.375, 3.710878336312513e-22, nan 
-24.875, 71.375, 5.0105112843456345e-22, nan 
-24.625, 71.375, 1.3830908750781749e-22, nan 
-24.375, 71.375, 1.46755137792716e-22, nan 
-24.125, 71.375, 1.2007292531506092e-22, nan 
-23.875, 71.375, 1.1984577629919108e-22, nan 
-23.625, 71.375, 1.3764133838864366e-22, nan 
-23.375, 71.375, 1.875093962032836e-22, nan 
-23.125, 71.375, 1.5469710287826653e-22, nan 
-22.875, 71.375, 1.2552543669081557e-22, nan 
-22.625, 71.375, 1.5488945720789464e-22, nan 
-22.375, 71.375, 1.8005421888413187e-22, nan 
-22.125, 71.375, 1.8212140024178592e-22, nan 
-21.875, 71.375, 2.041849764143859e-22, nan 
-21.625, 71.375, 2.160270678725993e-22, nan 
-21.375, 71.375, 2.4493476199188947e-22, nan 
-21.125, 71.375, 2.437831477194952e-22, nan 
-20.875, 71.375, 2.2110070986180942e-22, nan 
-20.625, 71.375, 2.60544497363957e-22, nan 
-20.375, 71.375, 1.728498694732864e-22, nan 
-20.125, 71.375, 1.4556272762556192e-22, nan 
-19.875, 71.375, 2.4843522195631627e-22, nan 
-19.625, 71.375, 1.2000599039063024e-22, nan 
-19.375, 71.375, 8.468468968639579e-23, nan 
-19.125, 71.375, 1.327405706152263e-22, nan 
-18.875, 71.375, 7.356263134787569e-23, nan 
-18.625, 71.375, 1.0394769879344292e-22, nan 
-18.375, 71.375, 6.379984857300837e-23, nan 
-18.125, 71.375, 1.072559581124673e-22, nan 
-17.875, 71.375, 1.5578508628795368e-22, nan 
-17.625, 71.375, 1.4709407081089539e-22, nan 
-17.375, 71.375, 2.2292366003027813e-22, nan 
-17.125, 71.375, 2.807864093123311e-22, nan 
-16.875, 71.375, 3.077162946876643e-22, nan 
-16.625, 71.375, 1.1490245107520418e-22, nan 
-16.375, 71.375, 1.1182135583214565e-22, nan 
-16.125, 71.375, 3.4160914053093865e-22, nan 
-15.875, 71.375, 2.9998782232585707e-22, nan 
-15.625, 71.375, 3.5287804716536725e-22, nan 
-15.375, 71.375, 3.9601225182501235e-22, nan 
-15.125, 71.375, 3.5877763365225654e-22, nan 
-14.875, 71.375, 3.744725340383695e-22, nan 
-14.625, 71.375, 3.131589833432283e-22, nan 
-14.375, 71.375, 9.651905778905415e-23, nan 
-14.125, 71.375, 1.493540908062312e-22, nan 
-13.875, 71.375, 9.564161531161495e-23, nan 
-13.625, 71.375, 1.0394130975314917e-22, nan 
-13.375, 71.375, 6.254353653084523e-23, nan 
-13.125, 71.375, 5.137580181401373e-23, nan 
-12.875, 71.375, 5.1998290119222454e-23, nan 
-12.625, 71.375, 4.765723962808223e-23, nan 
-12.375, 71.375, 5.452660383578926e-23, nan 
-12.125, 71.375, 3.4500001297158654e-23, nan 
-11.875, 71.375, 3.887605782790919e-23, nan 
-11.625, 71.375, 4.7942103435353094e-23, nan 
-11.375, 71.375, 5.050664686342125e-23, nan 
-11.125, 71.375, 1.3629629340488229e-22, nan 
-10.875, 71.375, 1.275571247294672e-22, nan 
-10.625, 71.375, 2.7645383754501546e-22, nan 
-10.375, 71.375, 2.919789151197454e-22, nan 
-10.125, 71.375, 1.4463291494985712e-22, nan 
-9.875, 71.375, 2.781789088255439e-22, nan 
-9.625, 71.375, 7.429294229310581e-23, nan 
-9.375, 71.375, 5.476880882084602e-23, nan 
-9.125, 71.375, 4.193048237166909e-23, nan 
-8.875, 71.375, 5.832354470074459e-23, nan 
-8.625, 71.375, 4.460976075796206e-23, nan 
-8.375, 71.375, 5.107568861553733e-23, nan 
-8.125, 71.375, 5.645399152346688e-23, nan 
-7.875, 71.375, 7.567362616818056e-23, nan 
-7.625, 71.375, 5.154707861971862e-23, nan 
-7.375, 71.375, 6.877541826584916e-23, nan 
-7.125, 71.375, 8.238144307225923e-23, nan 
-6.875, 71.375, 5.314668579245968e-23, nan 
-6.625, 71.375, 5.580718514110221e-23, nan 
-6.375, 71.375, 5.779563872491375e-23, nan 
-6.125, 71.375, 6.961513132772941e-23, nan 
-5.875, 71.375, 6.980240653921581e-23, nan 
-5.625, 71.375, 5.98297599453233e-23, nan 
-5.375, 71.375, 3.060752065039761e-23, nan 
-5.125, 71.375, 2.526421342010039e-23, nan 
-4.875, 71.375, 3.311750179976115e-23, nan 
-4.625, 71.375, 2.2960340722724542e-23, nan 
-4.375, 71.375, 3.501776073354633e-23, nan 
-4.125, 71.375, 3.2879569709771595e-23, nan 
-3.875, 71.375, 4.709763889551673e-23, nan 
-3.625, 71.375, 2.2847276756738382e-23, nan 
-3.375, 71.375, 3.2506341151184443e-23, nan 
-3.125, 71.375, 3.6409358849304283e-23, nan 
-2.875, 71.375, 2.2153661483999662e-23, nan 
-2.625, 71.375, 3.4331292141128796e-23, nan 
-2.375, 71.375, 3.152791630846273e-23, nan 
-2.125, 71.375, 3.918764794035912e-23, nan 
-1.875, 71.375, 3.391315196868822e-23, nan 
-1.625, 71.375, 4.1325196986896284e-23, nan 
-1.375, 71.375, 4.2275229977897493e-23, nan 
-1.125, 71.375, 3.589962653834641e-23, nan 
-0.875, 71.375, 3.429789761907504e-23, nan 
-0.625, 71.375, 3.7018256037783904e-23, nan 
-0.375, 71.375, 4.014910929231993e-23, nan 
-0.125, 71.375, 3.795758964013497e-23, nan 
0.125, 71.375, 3.837430595842242e-23, nan 
0.375, 71.375, 4.881111474889115e-23, nan 
0.625, 71.375, 3.7763773245697353e-23, nan 
0.875, 71.375, 3.283339025201577e-23, nan 
1.125, 71.375, 2.034485691164419e-23, nan 
1.375, 71.375, 2.148556020259134e-23, nan 
1.625, 71.375, 2.744065461982373e-23, nan 
1.875, 71.375, 2.5290152189008205e-23, nan 
2.125, 71.375, 2.2382439612773912e-23, nan 
2.375, 71.375, 3.682350707348558e-23, nan 
2.625, 71.375, 2.208948630761069e-23, nan 
2.875, 71.375, 2.0475091351973695e-23, nan 
3.125, 71.375, 2.6841298632456804e-23, nan 
3.375, 71.375, 2.4624260679214988e-23, nan 
3.625, 71.375, 2.1212909805987238e-23, nan 
3.875, 71.375, 2.394339605083063e-23, nan 
4.125, 71.375, 2.04007424460416e-23, nan 
4.375, 71.375, 7.297444080230495e-24, nan 
4.625, 71.375, 8.997675694370608e-24, nan 
4.875, 71.375, 9.38354745347248e-24, nan 
5.125, 71.375, 2.2846128246693716e-24, nan 
5.375, 71.375, 4.044696986962455e-24, nan 
5.625, 71.375, 4.444385120553814e-24, nan 
5.875, 71.375, 8.68172561120123e-24, nan 
6.125, 71.375, 5.1059398963669926e-24, nan 
6.375, 71.375, 2.2652014455770836e-24, nan 
6.625, 71.375, 7.8558882763388e-24, nan 
6.875, 71.375, 8.96806242524635e-24, nan 
7.125, 71.375, 6.478084290022689e-24, nan 
7.375, 71.375, 1.0044860881077852e-23, nan 
7.625, 71.375, 1.0896248406544557e-23, nan 
7.875, 71.375, 1.159219123359253e-23, nan 
8.125, 71.375, 9.279985901023061e-24, nan 
8.375, 71.375, 8.11744448049448e-24, nan 
8.625, 71.375, 8.09752800696389e-24, nan 
8.875, 71.375, 1.0755928838565418e-23, nan 
9.125, 71.375, 1.039678201556789e-23, nan 
9.375, 71.375, 1.7028319525329625e-23, nan 
9.625, 71.375, 2.742772208936024e-23, nan 
9.875, 71.375, 1.0471405680978081e-23, nan 
10.125, 71.375, 1.733886323190998e-23, nan 
10.375, 71.375, 4.436087843607285e-23, nan 
10.625, 71.375, 1.1209406752135136e-23, nan 
10.875, 71.375, 8.757223284071509e-24, nan 
11.125, 71.375, 2.1608279009693793e-23, nan 
11.375, 71.375, 6.721861292001236e-24, nan 
11.625, 71.375, 1.0092448791029099e-23, nan 
11.875, 71.375, 7.467181964795864e-24, nan 
12.125, 71.375, 5.6633260587623536e-24, nan 
12.375, 71.375, 5.41173256271347e-24, nan 
12.625, 71.375, 5.436436537374842e-24, nan 
12.875, 71.375, 4.9397562493014874e-24, nan 
13.125, 71.375, 3.767974122894002e-24, nan 
13.375, 71.375, 4.8881796800209126e-24, nan 
13.625, 71.375, 4.32085444869242e-24, nan 
13.875, 71.375, 3.121972654377686e-24, nan 
14.125, 71.375, 3.905494638815094e-24, nan 
14.375, 71.375, 5.813607750688978e-24, nan 
-90.375, 71.625, 7.119621812620996e-22, nan 
-90.125, 71.625, 5.596993998545998e-22, nan 
-89.875, 71.625, 5.813563998879763e-22, nan 
-89.625, 71.625, 5.434185730438681e-22, nan 
-89.375, 71.625, 6.114316571359079e-22, nan 
-89.125, 71.625, 4.516637914313069e-22, nan 
-88.875, 71.625, 5.746686937333877e-22, nan 
-88.625, 71.625, 7.565658654892644e-22, nan 
-88.375, 71.625, 7.12784008880675e-22, nan 
-88.125, 71.625, 7.069740915695341e-22, nan 
-87.875, 71.625, 7.927864116087325e-22, nan 
-87.625, 71.625, 1.2426977313139473e-21, nan 
-87.375, 71.625, 1.3349815711810358e-21, nan 
-87.125, 71.625, 1.3643451590646143e-21, nan 
-86.875, 71.625, 1.7064984710766363e-21, nan 
-86.625, 71.625, 1.7843951203638545e-21, nan 
-86.375, 71.625, 1.812508406003371e-21, nan 
-86.125, 71.625, 1.4845102746142373e-21, nan 
-85.875, 71.625, 1.2967751983473552e-21, nan 
-85.625, 71.625, 1.5058704283247496e-21, nan 
-85.375, 71.625, 1.5521436963489383e-21, nan 
-85.125, 71.625, 1.0778194203819392e-21, nan 
-84.875, 71.625, 1.4919250402497371e-21, nan 
-84.625, 71.625, 1.8538014092241413e-21, nan 
-84.375, 71.625, 2.1012742824613282e-21, nan 
-84.125, 71.625, 2.0786686496050465e-21, nan 
-83.875, 71.625, 1.6795774643029027e-21, nan 
-83.625, 71.625, 2.1848711403077573e-21, nan 
-83.375, 71.625, 2.03053874032213e-21, nan 
-83.125, 71.625, 8.950389162662285e-22, nan 
-82.875, 71.625, 8.510105101408283e-22, nan 
-82.625, 71.625, 7.542758068815732e-22, nan 
-82.375, 71.625, 8.283854158677989e-22, nan 
-82.125, 71.625, 1.111348350294947e-21, nan 
-81.875, 71.625, 9.824597736987743e-22, nan 
-81.625, 71.625, 1.126482523063985e-21, nan 
-81.375, 71.625, 1.4100596096553815e-21, nan 
-81.125, 71.625, 1.0195918680907724e-21, nan 
-80.875, 71.625, 8.398144543180653e-22, nan 
-80.625, 71.625, 7.86438859929792e-22, nan 
-80.375, 71.625, 1.1860289865470323e-21, nan 
-80.125, 71.625, 1.2973942503614039e-21, nan 
-79.875, 71.625, 1.3026859501186216e-21, nan 
-79.625, 71.625, 1.7991762332716823e-21, nan 
-79.375, 71.625, 2.2623013374926224e-21, nan 
-79.125, 71.625, 2.6020357178374014e-21, nan 
-78.875, 71.625, 2.102889947437113e-21, nan 
-78.625, 71.625, 1.869013934670846e-21, nan 
-78.375, 71.625, 1.392086931526154e-21, nan 
-78.125, 71.625, 2.5214988422855287e-21, nan 
-77.875, 71.625, 3.427475106184892e-21, nan 
-77.625, 71.625, 2.115964398472387e-21, nan 
-77.375, 71.625, 1.1689793692943356e-21, nan 
-77.125, 71.625, 1.233953220480296e-21, nan 
-76.875, 71.625, 1.2770776774124664e-21, nan 
-76.625, 71.625, 1.0073780217425674e-21, nan 
-76.375, 71.625, 1.1346119549603944e-21, nan 
-76.125, 71.625, 9.207033209824215e-22, nan 
-75.875, 71.625, 1.1874656986189123e-21, nan 
-75.625, 71.625, 1.4409021321325557e-21, nan 
-75.375, 71.625, 1.4225271299989107e-21, nan 
-75.125, 71.625, 8.622553761309638e-22, nan 
-74.875, 71.625, 1.0302092215881356e-21, nan 
-74.625, 71.625, 1.1811670454953785e-21, nan 
-74.375, 71.625, 7.285566478196227e-22, nan 
-74.125, 71.625, 9.683566891037436e-22, nan 
-73.875, 71.625, 1.1188976785870382e-21, nan 
-73.625, 71.625, 1.0071054671462251e-21, nan 
-73.375, 71.625, 1.1333714934869518e-21, nan 
-73.125, 71.625, 8.551044178383664e-22, nan 
-72.875, 71.625, 5.019395201872076e-22, nan 
-72.625, 71.625, 5.96256491911959e-22, nan 
-72.375, 71.625, 4.1610386849413424e-22, nan 
-72.125, 71.625, 6.119034525120477e-22, nan 
-71.875, 71.625, 6.572493935173658e-22, nan 
-71.625, 71.625, 5.062174351252628e-22, nan 
-71.375, 71.625, 6.567540568819408e-22, nan 
-71.125, 71.625, 6.77678852074744e-22, nan 
-70.875, 71.625, 8.187786835767473e-22, nan 
-70.625, 71.625, 4.968345495996002e-22, nan 
-70.375, 71.625, 4.952280692319728e-22, nan 
-70.125, 71.625, 7.110347835662618e-22, nan 
-69.875, 71.625, 7.038624559598056e-22, nan 
-69.625, 71.625, 7.280618991109404e-22, nan 
-69.375, 71.625, 5.063068144851958e-22, nan 
-69.125, 71.625, 6.157518895725295e-22, nan 
-68.875, 71.625, 8.819373853634877e-22, nan 
-68.625, 71.625, 1.2574072566058173e-21, nan 
-68.375, 71.625, 6.393677506380494e-22, nan 
-68.125, 71.625, 1.536557141626407e-21, nan 
-67.875, 71.625, 1.496529460785937e-21, nan 
-67.625, 71.625, 7.1893166441389415e-22, nan 
-67.375, 71.625, 3.0102973565828106e-21, nan 
-67.125, 71.625, 2.9531717900204946e-21, nan 
-66.875, 71.625, 1.8358200400612486e-21, nan 
-66.625, 71.625, 2.455889483776636e-21, nan 
-66.375, 71.625, 2.4937126566334697e-21, nan 
-66.125, 71.625, 1.6328819939931048e-21, nan 
-65.875, 71.625, 1.6378960629694617e-21, nan 
-65.625, 71.625, 1.700405578137868e-21, nan 
-65.375, 71.625, 2.312007067805575e-21, nan 
-65.125, 71.625, 1.5741268264693034e-21, nan 
-64.875, 71.625, 2.140445820053743e-21, nan 
-64.625, 71.625, 2.499813834053896e-21, nan 
-64.375, 71.625, 1.8707919916506947e-21, nan 
-64.125, 71.625, 1.72587799941571e-21, nan 
-63.875, 71.625, 1.6807326450207192e-21, nan 
-63.625, 71.625, 1.912220270578956e-21, nan 
-63.375, 71.625, 1.5374783625519588e-21, nan 
-63.125, 71.625, 1.5957087256240544e-21, nan 
-62.875, 71.625, 2.4513777972508668e-21, nan 
-62.625, 71.625, 3.2792677403141142e-21, nan 
-62.375, 71.625, 3.6820287661097554e-21, nan 
-62.125, 71.625, 3.200605555862151e-21, nan 
-61.875, 71.625, 3.591866203635225e-21, nan 
-61.625, 71.625, 4.512740896210691e-21, nan 
-61.375, 71.625, 4.906589373529658e-21, nan 
-61.125, 71.625, 3.231036776828394e-21, nan 
-60.875, 71.625, 3.1289482595777313e-21, nan 
-60.625, 71.625, 3.336460365880289e-21, nan 
-60.375, 71.625, 2.852412170638476e-21, nan 
-60.125, 71.625, 2.249033758943719e-21, nan 
-59.875, 71.625, 1.7858112566090815e-21, nan 
-59.625, 71.625, 2.5811241012882863e-21, nan 
-59.375, 71.625, 2.833260595837015e-21, nan 
-59.125, 71.625, 2.644721098895079e-21, nan 
-58.875, 71.625, 2.3021485592022556e-21, nan 
-58.625, 71.625, 3.8151993399449704e-21, nan 
-58.375, 71.625, 4.348084966253657e-21, nan 
-58.125, 71.625, 4.297083630757274e-21, nan 
-57.875, 71.625, 3.2430740202438696e-21, nan 
-57.625, 71.625, 4.7641948145441105e-21, nan 
-57.375, 71.625, 6.209319105908548e-21, nan 
-57.125, 71.625, 5.466098490828198e-21, nan 
-56.875, 71.625, 7.034673805573617e-21, nan 
-56.625, 71.625, 8.925921490677404e-21, nan 
-56.375, 71.625, 7.889839694975183e-21, nan 
-56.125, 71.625, 7.797731117927071e-21, nan 
-55.875, 71.625, 9.057588157711687e-21, nan 
-55.625, 71.625, 9.031106765109129e-21, nan 
-55.375, 71.625, 9.339635555617772e-21, nan 
-55.125, 71.625, 8.610004322895377e-21, nan 
-54.875, 71.625, 9.791882787230198e-21, nan 
-54.625, 71.625, 1.0860515591801749e-20, nan 
-54.375, 71.625, 8.154691706339827e-21, nan 
-54.125, 71.625, 8.626259513066187e-21, nan 
-53.875, 71.625, 1.0439920262601205e-20, nan 
-53.625, 71.625, 9.358007021507026e-21, nan 
-53.375, 71.625, 9.373144529243938e-21, nan 
-53.125, 71.625, 9.445081012163794e-21, nan 
-52.875, 71.625, 1.4909343031390725e-20, nan 
-52.625, 71.625, 1.4312492625246556e-20, nan 
-52.375, 71.625, 1.8670224806110455e-20, nan 
-52.125, 71.625, 1.79243541565144e-20, nan 
-51.875, 71.625, 1.4385736054614534e-20, nan 
-51.625, 71.625, 2.405241994435047e-20, nan 
-51.375, 71.625, 3.602271322106656e-20, nan 
-51.125, 71.625, 3.614899741075883e-20, nan 
-50.875, 71.625, 2.8019578865956764e-20, nan 
-50.625, 71.625, 4.4303023706529887e-20, nan 
-50.375, 71.625, 5.624406227286643e-20, nan 
-50.125, 71.625, 5.399040683696529e-20, nan 
-49.875, 71.625, 4.5920853256814587e-20, nan 
-49.625, 71.625, 2.932424286917899e-20, nan 
-49.375, 71.625, 3.690353470695482e-20, nan 
-49.125, 71.625, 3.095814481465118e-20, nan 
-48.875, 71.625, 2.5045563226250124e-20, nan 
-48.625, 71.625, 2.431021814608557e-20, nan 
-48.375, 71.625, 2.1539253529229966e-20, nan 
-48.125, 71.625, 2.2481951194100648e-20, nan 
-47.875, 71.625, 2.880952749921622e-20, nan 
-47.625, 71.625, 3.086213628329655e-20, nan 
-47.375, 71.625, 2.1535404106192003e-20, nan 
-47.125, 71.625, 2.016684736103686e-20, nan 
-46.875, 71.625, 3.9118485902595555e-20, nan 
-46.625, 71.625, 3.315522288320528e-20, nan 
-46.375, 71.625, 2.743649445464397e-20, nan 
-46.125, 71.625, 2.840178567999578e-20, nan 
-45.875, 71.625, 2.567887815812697e-20, nan 
-45.625, 71.625, 2.3199283895725517e-20, nan 
-45.375, 71.625, 2.3510608865195303e-20, nan 
-45.125, 71.625, 2.259070499827665e-20, nan 
-44.875, 71.625, 2.2752556479951888e-20, nan 
-44.625, 71.625, 2.5640965030742844e-20, nan 
-44.375, 71.625, 2.4943893277246282e-20, nan 
-44.125, 71.625, 2.726839124921096e-20, nan 
-43.875, 71.625, 2.667575607397709e-20, nan 
-43.625, 71.625, 3.0396099049585837e-20, nan 
-43.375, 71.625, 2.7406975385699244e-20, nan 
-43.125, 71.625, 2.5461625991215454e-20, nan 
-42.875, 71.625, 2.489124666045085e-20, nan 
-42.625, 71.625, 1.7794708377479738e-20, nan 
-42.375, 71.625, 7.495908775017979e-21, nan 
-42.125, 71.625, 8.166808729808233e-21, nan 
-41.875, 71.625, 3.59919963005223e-21, nan 
-41.625, 71.625, 2.0922300961241385e-21, nan 
-41.375, 71.625, 3.318262208916125e-21, nan 
-41.125, 71.625, 3.434123705009515e-21, nan 
-40.875, 71.625, 4.313208639362265e-21, nan 
-40.625, 71.625, 6.001258991247967e-21, nan 
-40.375, 71.625, 2.631002156985785e-21, nan 
-40.125, 71.625, 3.329392616452651e-21, nan 
-39.875, 71.625, 4.639213797074004e-21, nan 
-39.625, 71.625, 2.3966284486745724e-21, nan 
-39.375, 71.625, 1.6343129809752074e-21, nan 
-39.125, 71.625, 2.0194781017127615e-21, nan 
-38.875, 71.625, 2.37516528941434e-21, nan 
-38.625, 71.625, 2.5462407923232325e-21, nan 
-38.375, 71.625, 2.2275027417982693e-21, nan 
-38.125, 71.625, 2.2599474344031517e-21, nan 
-37.875, 71.625, 2.0877508688993066e-21, nan 
-37.625, 71.625, 1.6314381531766943e-21, nan 
-37.375, 71.625, 1.300896023753031e-21, nan 
-37.125, 71.625, 1.1008954517888827e-21, nan 
-36.875, 71.625, 1.2666221750275011e-21, nan 
-36.625, 71.625, 1.0547764978011836e-21, nan 
-36.375, 71.625, 9.545647649913719e-22, nan 
-36.125, 71.625, 1.1054097007596896e-21, nan 
-35.875, 71.625, 7.952445319046388e-22, nan 
-35.625, 71.625, 6.712583449442982e-22, nan 
-35.375, 71.625, 7.585287988390704e-22, nan 
-35.125, 71.625, 5.209645927970247e-22, nan 
-34.875, 71.625, 6.7094608094222985e-22, nan 
-34.625, 71.625, 7.361477313714715e-22, nan 
-34.375, 71.625, 4.726126886836679e-22, nan 
-34.125, 71.625, 3.6352182899765185e-22, nan 
-33.875, 71.625, 6.287191632734963e-22, nan 
-33.625, 71.625, 3.556673578073826e-22, nan 
-33.375, 71.625, 5.376352624252738e-22, nan 
-33.125, 71.625, 7.810484909416341e-22, nan 
-32.875, 71.625, 9.441436043879584e-22, nan 
-32.625, 71.625, 1.2569059428965893e-21, nan 
-32.375, 71.625, 1.0185720691805651e-21, nan 
-32.125, 71.625, 1.0615797044431377e-21, nan 
-31.875, 71.625, 1.1983166768077155e-21, nan 
-31.625, 71.625, 8.243628769323277e-22, nan 
-31.375, 71.625, 6.054136328043844e-22, nan 
-31.125, 71.625, 4.782001837557025e-22, nan 
-30.875, 71.625, 2.4925504844160835e-22, nan 
-30.625, 71.625, 3.8929995006859172e-22, nan 
-30.375, 71.625, 4.259175948880896e-22, nan 
-30.125, 71.625, 1.033265906284128e-22, nan 
-29.875, 71.625, 2.1052244696347785e-22, nan 
-29.625, 71.625, 1.441908807232689e-22, nan 
-29.375, 71.625, 1.3004490093888241e-22, nan 
-29.125, 71.625, 1.8241837097426105e-22, nan 
-28.875, 71.625, 1.1786697673905853e-22, nan 
-28.625, 71.625, 2.282470323373415e-22, nan 
-28.375, 71.625, 1.4950796263979507e-22, nan 
-28.125, 71.625, 1.7616050910202945e-22, nan 
-27.875, 71.625, 2.88637685085929e-22, nan 
-27.625, 71.625, 2.6490130672979897e-22, nan 
-27.375, 71.625, 2.15994938364764e-22, nan 
-27.125, 71.625, 2.4616173928052547e-22, nan 
-26.875, 71.625, 3.5891088343322515e-22, nan 
-26.625, 71.625, 2.595357531274921e-22, nan 
-26.375, 71.625, 1.1556604515994228e-22, nan 
-26.125, 71.625, 2.209462587501727e-22, nan 
-25.875, 71.625, 4.521384737815201e-22, nan 
-25.625, 71.625, 6.785561940934005e-22, nan 
-25.375, 71.625, 5.32792775339674e-22, nan 
-25.125, 71.625, 4.421703531159897e-22, nan 
-24.875, 71.625, 6.866300223780338e-22, nan 
-24.625, 71.625, 2.17781456789127e-22, nan 
-24.375, 71.625, 2.5536915152862805e-22, nan 
-24.125, 71.625, 3.439381583161617e-22, nan 
-23.875, 71.625, 1.0943546078170498e-22, nan 
-23.625, 71.625, 1.3573623426312566e-22, nan 
-23.375, 71.625, 1.3777028695303153e-22, nan 
-23.125, 71.625, 1.6371974076254587e-22, nan 
-22.875, 71.625, 1.4097394518098506e-22, nan 
-22.625, 71.625, 1.4859985695325888e-22, nan 
-22.375, 71.625, 1.8912989734396842e-22, nan 
-22.125, 71.625, 2.1006229370032264e-22, nan 
-21.875, 71.625, 2.168690850874593e-22, nan 
-21.625, 71.625, 1.7289129505438717e-22, nan 
-21.375, 71.625, 2.0158294275382212e-22, nan 
-21.125, 71.625, 1.891779362018055e-22, nan 
-20.875, 71.625, 1.9981266552500406e-22, nan 
-20.625, 71.625, 1.6175076094485787e-22, nan 
-20.375, 71.625, 1.07713850791353e-22, nan 
-20.125, 71.625, 1.6650121169161777e-22, nan 
-19.875, 71.625, 1.3984122150022422e-22, nan 
-19.625, 71.625, 6.459313355454588e-23, nan 
-19.375, 71.625, 4.6266251685851083e-23, nan 
-19.125, 71.625, 1.3464651742652212e-22, nan 
-18.875, 71.625, 1.059445118086914e-22, nan 
-18.625, 71.625, 5.66950277208209e-23, nan 
-18.375, 71.625, 1.0463262046543099e-22, nan 
-18.125, 71.625, 2.885098077545087e-22, nan 
-17.875, 71.625, 3.335657546975421e-22, nan 
-17.625, 71.625, 3.094501969882699e-22, nan 
-17.375, 71.625, 3.6412071911071974e-22, nan 
-17.125, 71.625, 4.344756398259776e-22, nan 
-16.875, 71.625, 4.3571206748527925e-22, nan 
-16.625, 71.625, 2.925858055848433e-22, nan 
-16.375, 71.625, 4.066236661408251e-22, nan 
-16.125, 71.625, 3.3049227372802774e-22, nan 
-15.875, 71.625, 3.7308259853358118e-22, nan 
-15.625, 71.625, 4.220180153646352e-22, nan 
-15.375, 71.625, 3.4298057854080895e-21, nan 
-15.125, 71.625, 3.269007333503919e-21, nan 
-14.875, 71.625, 2.136915173114498e-21, nan 
-14.625, 71.625, 3.28544192043371e-22, nan 
-14.375, 71.625, 4.456976469982116e-22, nan 
-14.125, 71.625, 3.0911806881633365e-22, nan 
-13.875, 71.625, 2.0780520022231221e-22, nan 
-13.625, 71.625, 8.584072908624316e-23, nan 
-13.375, 71.625, 7.628179066502155e-23, nan 
-13.125, 71.625, 7.198773353180482e-23, nan 
-12.875, 71.625, 3.525626595182059e-23, nan 
-12.625, 71.625, 2.6122304412721896e-23, nan 
-12.375, 71.625, 4.5262939321144647e-23, nan 
-12.125, 71.625, 2.124631052418907e-23, nan 
-11.875, 71.625, 7.340668238442397e-23, nan 
-11.625, 71.625, 5.285020507889061e-23, nan 
-11.375, 71.625, 2.883998786538928e-23, nan 
-11.125, 71.625, 9.762040801273159e-23, nan 
-10.875, 71.625, 8.228195040952922e-23, nan 
-10.625, 71.625, 7.426939598510039e-23, nan 
-10.375, 71.625, 6.790252492165078e-23, nan 
-10.125, 71.625, 6.878023898678946e-23, nan 
-9.875, 71.625, 6.956328111234322e-23, nan 
-9.625, 71.625, 4.469161462309189e-23, nan 
-9.375, 71.625, 5.090459742629756e-23, nan 
-9.125, 71.625, 6.936519987068614e-23, nan 
-8.875, 71.625, 5.610008297777562e-23, nan 
-8.625, 71.625, 5.235971484041018e-23, nan 
-8.375, 71.625, 5.65136736487559e-23, nan 
-8.125, 71.625, 6.921156402354433e-23, nan 
-7.875, 71.625, 9.506996305599798e-23, nan 
-7.625, 71.625, 8.680587039475471e-23, nan 
-7.375, 71.625, 8.80903713770679e-23, nan 
-7.125, 71.625, 9.677986821884808e-23, nan 
-6.875, 71.625, 9.323812997954094e-23, nan 
-6.625, 71.625, 9.239782706477629e-23, nan 
-6.375, 71.625, 6.828681567434501e-23, nan 
-6.125, 71.625, 7.750116009617545e-23, nan 
-5.875, 71.625, 9.32403908366356e-23, nan 
-5.625, 71.625, 7.116932217179028e-23, nan 
-5.375, 71.625, 4.778530652721547e-23, nan 
-5.125, 71.625, 7.54435559281488e-23, nan 
-4.875, 71.625, 3.8330715867602647e-23, nan 
-4.625, 71.625, 4.0036867732516896e-23, nan 
-4.375, 71.625, 3.11464385593268e-23, nan 
-4.125, 71.625, 2.1459536857257282e-23, nan 
-3.875, 71.625, 3.588812056024808e-23, nan 
-3.625, 71.625, 2.0564728468568714e-23, nan 
-3.375, 71.625, 2.5230651591326964e-23, nan 
-3.125, 71.625, 3.230726918152886e-23, nan 
-2.875, 71.625, 3.2870824767072547e-23, nan 
-2.625, 71.625, 3.527455859947174e-23, nan 
-2.375, 71.625, 4.139336674691524e-23, nan 
-2.125, 71.625, 4.053200670606676e-23, nan 
-1.875, 71.625, 3.1704388437619295e-23, nan 
-1.625, 71.625, 3.2180186697611143e-23, nan 
-1.375, 71.625, 2.904036155911046e-23, nan 
-1.125, 71.625, 2.1947020597770375e-23, nan 
-0.875, 71.625, 2.4567731999137697e-23, nan 
-0.625, 71.625, 3.410916017235867e-23, nan 
-0.375, 71.625, 7.362614388671501e-23, nan 
-0.125, 71.625, 5.1683256368810564e-23, nan 
0.125, 71.625, 4.6100991204220456e-23, nan 
0.375, 71.625, 8.641471237278243e-23, nan 
0.625, 71.625, 5.952383544429688e-23, nan 
0.875, 71.625, 4.681927864794178e-23, nan 
1.125, 71.625, 2.5107823891062616e-23, nan 
1.375, 71.625, 2.9655170864807183e-23, nan 
1.625, 71.625, 3.1265120596869436e-23, nan 
1.875, 71.625, 3.5201791229149155e-23, nan 
2.125, 71.625, 2.3232774488146877e-23, nan 
2.375, 71.625, 2.5749900822299875e-23, nan 
2.625, 71.625, 5.212055397786689e-23, nan 
2.875, 71.625, 2.429424572490562e-23, nan 
3.125, 71.625, 1.2723163492322493e-23, nan 
3.375, 71.625, 3.3001209415932264e-23, nan 
3.625, 71.625, 1.872170664363466e-23, nan 
3.875, 71.625, 9.925408673375585e-24, nan 
4.125, 71.625, 9.330629273489008e-24, nan 
4.375, 71.625, 5.8833943605759124e-24, nan 
4.625, 71.625, 9.922324384820422e-24, nan 
4.875, 71.625, 7.526215063033768e-24, nan 
5.125, 71.625, 8.031451867800865e-24, nan 
5.375, 71.625, 5.701592602651673e-24, nan 
5.625, 71.625, 7.005992444747366e-24, nan 
5.875, 71.625, 7.510117066179307e-24, nan 
6.125, 71.625, 6.650230665090689e-24, nan 
6.375, 71.625, 8.693813281002763e-24, nan 
6.625, 71.625, 3.828163624188383e-24, nan 
6.875, 71.625, 7.775112069299074e-24, nan 
7.125, 71.625, 8.286344377913488e-24, nan 
7.375, 71.625, 7.891599119514713e-24, nan 
7.625, 71.625, 7.11102617784763e-24, nan 
7.875, 71.625, 1.1341038034510755e-23, nan 
8.125, 71.625, 8.915363477360966e-24, nan 
8.375, 71.625, 1.0372580661814846e-23, nan 
8.625, 71.625, 9.733788417098021e-24, nan 
8.875, 71.625, 8.827155843337904e-24, nan 
9.125, 71.625, 8.865953993972678e-24, nan 
9.375, 71.625, 6.726659407536271e-24, nan 
9.625, 71.625, 4.392085414192364e-24, nan 
9.875, 71.625, 2.958105882789972e-24, nan 
10.125, 71.625, 5.764389465649182e-24, nan 
10.375, 71.625, 2.1289176768715877e-23, nan 
10.625, 71.625, 1.0786721763275213e-23, nan 
10.875, 71.625, 3.719933483222298e-24, nan 
11.125, 71.625, 5.240686618313535e-24, nan 
11.375, 71.625, 7.05548792696901e-24, nan 
11.625, 71.625, 9.451977069025812e-24, nan 
11.875, 71.625, 9.510912504514562e-24, nan 
12.125, 71.625, 4.3698999846573016e-24, nan 
12.375, 71.625, 7.439735969495905e-24, nan 
12.625, 71.625, 7.473610223064058e-24, nan 
12.875, 71.625, 1.8792283653387322e-24, nan 
13.125, 71.625, 1.2749229287800492e-24, nan 
13.375, 71.625, 5.191312261277969e-24, nan 
13.625, 71.625, 4.3970369785619666e-24, nan 
13.875, 71.625, 2.4096736571853465e-24, nan 
14.125, 71.625, 3.049731201627532e-24, nan 
14.375, 71.625, 3.1088928341183947e-24, nan 
14.625, 71.625, 3.097711088480871e-24, nan 
14.875, 71.625, 4.373257390252369e-24, nan 
15.125, 71.625, 5.127412721622066e-24, nan 
-90.625, 71.875, 5.269554275379022e-22, nan 
-90.375, 71.875, 5.002554017237641e-22, nan 
-90.125, 71.875, 5.037788233270218e-22, nan 
-89.875, 71.875, 4.8737918280244605e-22, nan 
-89.625, 71.875, 4.462823606914775e-22, nan 
-89.375, 71.875, 6.591249951816108e-22, nan 
-89.125, 71.875, 1.0046742324865205e-21, nan 
-88.875, 71.875, 8.224432549977046e-22, nan 
-88.625, 71.875, 7.64775846138816e-22, nan 
-88.375, 71.875, 9.167964173485916e-22, nan 
-88.125, 71.875, 8.41392601965765e-22, nan 
-87.875, 71.875, 9.345628088381832e-22, nan 
-87.625, 71.875, 1.3928631065717098e-21, nan 
-87.375, 71.875, 1.4941352862148619e-21, nan 
-87.125, 71.875, 1.3983003540997403e-21, nan 
-86.875, 71.875, 1.4342411652454106e-21, nan 
-86.625, 71.875, 1.4395929062413869e-21, nan 
-86.375, 71.875, 1.3453337527279537e-21, nan 
-86.125, 71.875, 8.62512700220604e-22, nan 
-85.875, 71.875, 7.524739405204723e-22, nan 
-85.625, 71.875, 7.763239585583879e-22, nan 
-85.375, 71.875, 8.903730065807684e-22, nan 
-85.125, 71.875, 1.1312258813137703e-21, nan 
-84.875, 71.875, 1.5236888389982472e-21, nan 
-84.625, 71.875, 1.6880784130348432e-21, nan 
-84.375, 71.875, 1.6310569474695028e-21, nan 
-84.125, 71.875, 1.453442655243488e-21, nan 
-83.875, 71.875, 1.1166213942319823e-21, nan 
-83.625, 71.875, 1.2137682644259735e-21, nan 
-83.375, 71.875, 6.864842746948639e-22, nan 
-83.125, 71.875, 6.062651238380127e-22, nan 
-82.875, 71.875, 9.856320232165677e-22, nan 
-82.625, 71.875, 7.433195031046587e-22, nan 
-82.375, 71.875, 8.9220716807248e-22, nan 
-82.125, 71.875, 1.0441012491404265e-21, nan 
-81.875, 71.875, 1.1175495313856769e-21, nan 
-81.625, 71.875, 1.94540811601782e-21, nan 
-81.375, 71.875, 3.0435468446999104e-21, nan 
-81.125, 71.875, 1.3324443325171044e-21, nan 
-80.875, 71.875, 1.5804281958582672e-21, nan 
-80.625, 71.875, 2.0928370223685877e-21, nan 
-80.375, 71.875, 2.114885260712494e-21, nan 
-80.125, 71.875, 2.6696211144846885e-21, nan 
-79.875, 71.875, 3.400828563446193e-21, nan 
-79.625, 71.875, 2.7923288538906546e-21, nan 
-79.375, 71.875, 3.090010050166931e-21, nan 
-79.125, 71.875, 4.387485433992786e-21, nan 
-78.875, 71.875, 2.925802458297962e-21, nan 
-78.625, 71.875, 2.679029645053585e-21, nan 
-78.375, 71.875, 2.261412154523841e-21, nan 
-78.125, 71.875, 2.9363552897494354e-21, nan 
-77.875, 71.875, 4.610173884100361e-21, nan 
-77.625, 71.875, 2.3119920226770403e-21, nan 
-77.375, 71.875, 2.16048858859258e-21, nan 
-77.125, 71.875, 2.4647568355685356e-21, nan 
-76.875, 71.875, 1.1186128276591692e-21, nan 
-76.625, 71.875, 8.206689925456104e-22, nan 
-76.375, 71.875, 8.860802744462682e-22, nan 
-76.125, 71.875, 7.139480082532127e-22, nan 
-75.875, 71.875, 7.110707128423628e-22, nan 
-75.625, 71.875, 6.488475299327869e-22, nan 
-75.375, 71.875, 5.132461062321728e-22, nan 
-75.125, 71.875, 9.191099781423762e-22, nan 
-74.875, 71.875, 1.0472870905820387e-21, nan 
-74.625, 71.875, 1.0388599209360666e-21, nan 
-74.375, 71.875, 9.79833970596072e-22, nan 
-74.125, 71.875, 1.288979485376585e-21, nan 
-73.875, 71.875, 1.5519371581807056e-21, nan 
-73.625, 71.875, 1.4137320969872166e-21, nan 
-73.375, 71.875, 1.2389327936379549e-21, nan 
-73.125, 71.875, 1.0349978204940961e-21, nan 
-72.875, 71.875, 1.3657752638527646e-21, nan 
-72.625, 71.875, 1.3717068252271135e-21, nan 
-72.375, 71.875, 9.464081511146395e-22, nan 
-72.125, 71.875, 1.0747881237059668e-21, nan 
-71.875, 71.875, 1.1909374570757935e-21, nan 
-71.625, 71.875, 7.953838108176925e-22, nan 
-71.375, 71.875, 8.760596751218147e-22, nan 
-71.125, 71.875, 9.253792953410202e-22, nan 
-70.875, 71.875, 8.854494353072058e-22, nan 
-70.625, 71.875, 6.387116169773974e-22, nan 
-70.375, 71.875, 4.774142620525697e-22, nan 
-70.125, 71.875, 4.241499542298008e-22, nan 
-69.875, 71.875, 7.3289617142424655e-22, nan 
-69.625, 71.875, 5.211919069122023e-22, nan 
-69.375, 71.875, 6.131282509549672e-22, nan 
-69.125, 71.875, 3.819892586166483e-22, nan 
-68.875, 71.875, 4.832852110627045e-22, nan 
-68.625, 71.875, 8.279625615757385e-22, nan 
-68.375, 71.875, 6.953660894004566e-22, nan 
-68.125, 71.875, 1.4387424992731997e-21, nan 
-67.875, 71.875, 1.3598083723672577e-21, nan 
-67.625, 71.875, 1.169328861557182e-21, nan 
-67.375, 71.875, 2.1895146793946844e-21, nan 
-67.125, 71.875, 2.3821554657134097e-21, nan 
-66.875, 71.875, 1.499780353427948e-21, nan 
-66.625, 71.875, 1.1870032560192887e-21, nan 
-66.375, 71.875, 1.9091460803054298e-21, nan 
-66.125, 71.875, 1.906087378755341e-21, nan 
-65.875, 71.875, 1.4200808570384116e-21, nan 
-65.625, 71.875, 1.8247845162768944e-21, nan 
-65.375, 71.875, 2.2833049177450707e-21, nan 
-65.125, 71.875, 1.7524687720804733e-21, nan 
-64.875, 71.875, 1.370561013182376e-21, nan 
-64.625, 71.875, 1.5333544191313867e-21, nan 
-64.375, 71.875, 1.3291788267572037e-21, nan 
-64.125, 71.875, 1.3939615675129525e-21, nan 
-63.875, 71.875, 1.405684171047532e-21, nan 
-63.625, 71.875, 2.836382010045341e-21, nan 
-63.375, 71.875, 5.0029719136416036e-21, nan 
-63.125, 71.875, 6.682426134798691e-21, nan 
-62.875, 71.875, 2.8901000521855095e-21, nan 
-62.625, 71.875, 1.842669437163744e-21, nan 
-62.375, 71.875, 1.7234574566973463e-21, nan 
-62.125, 71.875, 2.7218866215211135e-21, nan 
-61.875, 71.875, 2.7045343565141156e-21, nan 
-61.625, 71.875, 3.534319963478227e-21, nan 
-61.375, 71.875, 5.073285888237293e-21, nan 
-61.125, 71.875, 3.514183596053516e-21, nan 
-60.875, 71.875, 3.435315701279158e-21, nan 
-60.625, 71.875, 3.472213611165336e-21, nan 
-60.375, 71.875, 2.8113425124354702e-21, nan 
-60.125, 71.875, 3.057784669381737e-21, nan 
-59.875, 71.875, 3.419841056836106e-21, nan 
-59.625, 71.875, 2.948785560933872e-21, nan 
-59.375, 71.875, 2.446912784988298e-21, nan 
-59.125, 71.875, 3.568348571528143e-21, nan 
-58.875, 71.875, 2.9862109521267837e-21, nan 
-58.625, 71.875, 3.334428627550202e-21, nan 
-58.375, 71.875, 2.6418525743842835e-21, nan 
-58.125, 71.875, 1.621735846135829e-21, nan 
-57.875, 71.875, 3.286338306678983e-21, nan 
-57.625, 71.875, 4.341161336852555e-21, nan 
-57.375, 71.875, 2.998679105700075e-21, nan 
-57.125, 71.875, 2.814603657155772e-21, nan 
-56.875, 71.875, 7.845981276537262e-21, nan 
-56.625, 71.875, 1.0379936311116348e-20, nan 
-56.375, 71.875, 9.926491222449217e-21, nan 
-56.125, 71.875, 1.1386320253589721e-20, nan 
-55.875, 71.875, 1.1299639830170534e-20, nan 
-55.625, 71.875, 1.236446562685647e-20, nan 
-55.375, 71.875, 1.280295681819317e-20, nan 
-55.125, 71.875, 1.0167996975366377e-20, nan 
-54.875, 71.875, 9.824723890159762e-21, nan 
-54.625, 71.875, 7.54029213104249e-21, nan 
-54.375, 71.875, 5.540968076783985e-21, nan 
-54.125, 71.875, 5.508716174373628e-21, nan 
-53.875, 71.875, 5.8427301158308266e-21, nan 
-53.625, 71.875, 7.763365100123212e-21, nan 
-53.375, 71.875, 7.925084407317313e-21, nan 
-53.125, 71.875, 6.283576033422691e-21, nan 
-52.875, 71.875, 5.839234412772701e-21, nan 
-52.625, 71.875, 1.1293099807518492e-20, nan 
-52.375, 71.875, 1.46490498383939e-20, nan 
-52.125, 71.875, 1.8605069516564163e-20, nan 
-51.875, 71.875, 1.417743335029959e-20, nan 
-51.625, 71.875, 1.7320465932535316e-20, nan 
-51.375, 71.875, 2.252004766483023e-20, nan 
-51.125, 71.875, 1.7956239925947288e-20, nan 
-50.875, 71.875, 1.2247648896610523e-20, nan 
-50.625, 71.875, 1.4000922177479416e-20, nan 
-50.375, 71.875, 7.026811342266083e-21, nan 
-50.125, 71.875, 1.1386540483620535e-20, nan 
-49.875, 71.875, 1.9305422243557393e-20, nan 
-49.625, 71.875, 1.808542336104813e-20, nan 
-49.375, 71.875, 1.4570139330949705e-20, nan 
-49.125, 71.875, 1.8214740941803574e-20, nan 
-48.875, 71.875, 1.539434274423949e-20, nan 
-48.625, 71.875, 9.597978562524472e-21, nan 
-48.375, 71.875, 7.011943884790747e-21, nan 
-48.125, 71.875, 7.253226915190258e-21, nan 
-47.875, 71.875, 8.720997726579448e-21, nan 
-47.625, 71.875, 3.935104186318786e-21, nan 
-47.375, 71.875, 9.682992041194226e-21, nan 
-47.125, 71.875, 1.2427035581941834e-20, nan 
-46.875, 71.875, 1.5314511057120392e-20, nan 
-46.625, 71.875, 1.1865648349405458e-20, nan 
-46.375, 71.875, 1.0525210043171433e-20, nan 
-46.125, 71.875, 1.315440427664217e-20, nan 
-45.875, 71.875, 8.219375456811075e-21, nan 
-45.625, 71.875, 8.588956600243722e-21, nan 
-45.375, 71.875, 1.2546658049011403e-20, nan 
-45.125, 71.875, 1.0207400118363983e-20, nan 
-44.875, 71.875, 9.634130343667765e-21, nan 
-44.625, 71.875, 1.0642862573101257e-20, nan 
-44.375, 71.875, 1.2351808766645305e-20, nan 
-44.125, 71.875, 1.4746691235602834e-20, nan 
-43.875, 71.875, 1.5134216003802933e-20, nan 
-43.625, 71.875, 1.6683683445001412e-20, nan 
-43.375, 71.875, 1.4440879979864144e-20, nan 
-43.125, 71.875, 1.5530491195538823e-20, nan 
-42.875, 71.875, 1.745042360362802e-20, nan 
-42.625, 71.875, 1.306054088336184e-20, nan 
-42.375, 71.875, 7.198010603240859e-21, nan 
-42.125, 71.875, 9.389798886172347e-21, nan 
-41.875, 71.875, 7.252206867558437e-21, nan 
-41.625, 71.875, 2.631181862883647e-21, nan 
-41.375, 71.875, 9.89075273820577e-22, nan 
-41.125, 71.875, 1.5557190764232414e-21, nan 
-40.875, 71.875, 1.2104056547797343e-21, nan 
-40.625, 71.875, 1.1320583464706036e-21, nan 
-40.375, 71.875, 7.017859289117248e-22, nan 
-40.125, 71.875, 1.4196590973930212e-21, nan 
-39.875, 71.875, 1.8287625771043178e-21, nan 
-39.625, 71.875, 1.148756183475489e-21, nan 
-39.375, 71.875, 1.5253064840768684e-21, nan 
-39.125, 71.875, 1.1355467821399177e-21, nan 
-38.875, 71.875, 8.045972028750684e-22, nan 
-38.625, 71.875, 9.664636522935101e-22, nan 
-38.375, 71.875, 5.94322033359679e-22, nan 
-38.125, 71.875, 2.8149578258688824e-22, nan 
-37.875, 71.875, 1.9284160352430282e-22, nan 
-37.625, 71.875, 7.607114553917632e-22, nan 
-37.375, 71.875, 9.437578206128314e-22, nan 
-37.125, 71.875, 8.587184750314439e-22, nan 
-36.875, 71.875, 1.0133516715108597e-21, nan 
-36.625, 71.875, 9.60535669638167e-22, nan 
-36.375, 71.875, 8.15931514180126e-22, nan 
-36.125, 71.875, 7.736117875363583e-22, nan 
-35.875, 71.875, 6.3921130843653445e-22, nan 
-35.625, 71.875, 4.373608998159791e-22, nan 
-35.375, 71.875, 3.069191861451086e-22, nan 
-35.125, 71.875, 4.251221757423765e-22, nan 
-34.875, 71.875, 6.525980098589722e-22, nan 
-34.625, 71.875, 6.584912732171166e-22, nan 
-34.375, 71.875, 3.0285238854387104e-22, nan 
-34.125, 71.875, 3.3240245481745983e-22, nan 
-33.875, 71.875, 7.553085296697714e-22, nan 
-33.625, 71.875, 5.153471972621846e-22, nan 
-33.375, 71.875, 5.398890226268331e-22, nan 
-33.125, 71.875, 6.989786963281783e-22, nan 
-32.875, 71.875, 7.719921986201434e-22, nan 
-32.625, 71.875, 7.245595512110941e-22, nan 
-32.375, 71.875, 6.60355994298851e-22, nan 
-32.125, 71.875, 5.895686224201372e-22, nan 
-31.875, 71.875, 2.800073578404614e-22, nan 
-31.625, 71.875, 4.559943750902678e-22, nan 
-31.375, 71.875, 2.7169632645849936e-22, nan 
-31.125, 71.875, 2.2090640901723023e-22, nan 
-30.875, 71.875, 3.167802649971598e-22, nan 
-30.625, 71.875, 1.374751836292353e-22, nan 
-30.375, 71.875, 1.415061002043584e-22, nan 
-30.125, 71.875, 1.58745039147503e-22, nan 
-29.875, 71.875, 1.1607144385198572e-22, nan 
-29.625, 71.875, 7.047149925985906e-23, nan 
-29.375, 71.875, 2.459181829209066e-22, nan 
-29.125, 71.875, 2.056056622373942e-22, nan 
-28.875, 71.875, 1.6328367265186396e-22, nan 
-28.625, 71.875, 1.972864102224672e-22, nan 
-28.375, 71.875, 2.0683541023929263e-22, nan 
-28.125, 71.875, 2.5791195467653534e-22, nan 
-27.875, 71.875, 1.8313318427199394e-22, nan 
-27.625, 71.875, 1.1648674709553715e-22, nan 
-27.375, 71.875, 2.254981763337081e-22, nan 
-27.125, 71.875, 1.416790253716378e-22, nan 
-26.875, 71.875, 2.4778504497631477e-22, nan 
-26.625, 71.875, 3.22102869921361e-22, nan 
-26.375, 71.875, 4.928342795718772e-22, nan 
-26.125, 71.875, 5.248544406022381e-22, nan 
-25.875, 71.875, 4.0867204115968995e-22, nan 
-25.625, 71.875, 6.761816796272246e-22, nan 
-25.375, 71.875, 6.898982921996148e-22, nan 
-25.125, 71.875, 1.5165068866985576e-22, nan 
-24.875, 71.875, 3.2228426647771327e-22, nan 
-24.625, 71.875, 2.7501782397007987e-22, nan 
-24.375, 71.875, 1.8904595789634004e-22, nan 
-24.125, 71.875, 2.7529378866139343e-22, nan 
-23.875, 71.875, 8.325763896299425e-23, nan 
-23.625, 71.875, 9.217115311602465e-23, nan 
-23.375, 71.875, 7.37408667536797e-23, nan 
-23.125, 71.875, 9.22938655205841e-23, nan 
-22.875, 71.875, 1.996264881580198e-22, nan 
-22.625, 71.875, 1.5080586695161346e-22, nan 
-22.375, 71.875, 1.9152153966208905e-22, nan 
-22.125, 71.875, 1.9952672753162026e-22, nan 
-21.875, 71.875, 1.9978409191334059e-22, nan 
-21.625, 71.875, 1.9534653796781896e-22, nan 
-21.375, 71.875, 1.4548524595994627e-22, nan 
-21.125, 71.875, 1.5552420035918678e-22, nan 
-20.875, 71.875, 1.6724515754679735e-22, nan 
-20.625, 71.875, 1.4502861423635481e-22, nan 
-20.375, 71.875, 7.565760098242666e-23, nan 
-20.125, 71.875, 1.1184532315450327e-22, nan 
-19.875, 71.875, 1.09924257013923e-22, nan 
-19.625, 71.875, 1.196333166474796e-22, nan 
-19.375, 71.875, 6.951805860141526e-23, nan 
-19.125, 71.875, 1.2907415948599653e-22, nan 
-18.875, 71.875, 1.286326924901512e-22, nan 
-18.625, 71.875, 6.014108320176596e-23, nan 
-18.375, 71.875, 7.149096728195742e-23, nan 
-18.125, 71.875, 8.49972849976195e-23, nan 
-17.875, 71.875, 1.0176027020507352e-22, nan 
-17.625, 71.875, 1.3192347009674017e-22, nan 
-17.375, 71.875, 2.915643375948617e-22, nan 
-17.125, 71.875, 4.1348312977901143e-22, nan 
-16.875, 71.875, 3.8134302569611087e-22, nan 
-16.625, 71.875, 2.7335441897168257e-22, nan 
-16.375, 71.875, 4.373889302049043e-22, nan 
-16.125, 71.875, 3.100942750831404e-21, nan 
-15.875, 71.875, 2.8683595269097282e-21, nan 
-15.625, 71.875, 2.0670817171841056e-21, nan 
-15.375, 71.875, 5.902363540708677e-21, nan 
-15.125, 71.875, 5.659235220398942e-21, nan 
-14.875, 71.875, 3.813156714173559e-21, nan 
-14.625, 71.875, 3.011294814380056e-21, nan 
-14.375, 71.875, 2.9906408549120612e-21, nan 
-14.125, 71.875, 1.9635559687866428e-21, nan 
-13.875, 71.875, 1.9322961416658477e-22, nan 
-13.625, 71.875, 2.988416636162508e-22, nan 
-13.375, 71.875, 2.8110502467353627e-22, nan 
-13.125, 71.875, 6.025845651403278e-23, nan 
-12.875, 71.875, 2.9915464289970613e-23, nan 
-12.625, 71.875, 2.8630814685519865e-23, nan 
-12.375, 71.875, 4.198335383310364e-23, nan 
-12.125, 71.875, 3.091665970837523e-23, nan 
-11.875, 71.875, 1.8261198244755892e-23, nan 
-11.625, 71.875, 2.5976220708818556e-23, nan 
-11.375, 71.875, 3.042312585654265e-23, nan 
-11.125, 71.875, 4.7727511996267466e-23, nan 
-10.875, 71.875, 4.4243548592940453e-23, nan 
-10.625, 71.875, 4.836800444036506e-23, nan 
-10.375, 71.875, 3.292894991535421e-23, nan 
-10.125, 71.875, 4.5932885028162233e-23, nan 
-9.875, 71.875, 2.8927874891339116e-23, nan 
-9.625, 71.875, 3.802606635165801e-23, nan 
-9.375, 71.875, 2.303875611483886e-23, nan 
-9.125, 71.875, 7.601028768365628e-23, nan 
-8.875, 71.875, 5.531320424923001e-23, nan 
-8.625, 71.875, 5.2532493762624567e-23, nan 
-8.375, 71.875, 6.119665912604514e-23, nan 
-8.125, 71.875, 5.364275006293028e-23, nan 
-7.875, 71.875, 6.559943092777446e-23, nan 
-7.625, 71.875, 8.839596181566883e-23, nan 
-7.375, 71.875, 9.906856271707069e-23, nan 
-7.125, 71.875, 9.603170301679808e-23, nan 
-6.875, 71.875, 1.0245363994504882e-22, nan 
-6.625, 71.875, 1.0703604204069008e-22, nan 
-6.375, 71.875, 8.312921847020594e-23, nan 
-6.125, 71.875, 6.45394927705867e-23, nan 
-5.875, 71.875, 5.780788361429865e-23, nan 
-5.625, 71.875, 3.611094941632558e-23, nan 
-5.375, 71.875, 5.05033768136088e-23, nan 
-5.125, 71.875, 7.85028501183617e-23, nan 
-4.875, 71.875, 2.2562578655757873e-23, nan 
-4.625, 71.875, 3.353031734619577e-23, nan 
-4.375, 71.875, 4.6656078082876464e-23, nan 
-4.125, 71.875, 2.6325262876402325e-23, nan 
-3.875, 71.875, 1.8758302560875792e-23, nan 
-3.625, 71.875, 2.8898892720868716e-23, nan 
-3.375, 71.875, 3.58576899610315e-23, nan 
-3.125, 71.875, 4.024433270612941e-23, nan 
-2.875, 71.875, 3.596306572535821e-23, nan 
-2.625, 71.875, 3.094411033774626e-23, nan 
-2.375, 71.875, 3.596768873405477e-23, nan 
-2.125, 71.875, 2.9159857082011914e-23, nan 
-1.875, 71.875, 2.352909016062553e-23, nan 
-1.625, 71.875, 3.059702435628128e-23, nan 
-1.375, 71.875, 3.617032755279368e-23, nan 
-1.125, 71.875, 3.169283795957521e-23, nan 
-0.875, 71.875, 3.3079104943816407e-23, nan 
-0.625, 71.875, 4.141551426759189e-23, nan 
-0.375, 71.875, 3.8463774765128253e-23, nan 
-0.125, 71.875, 3.986482971849989e-23, nan 
0.125, 71.875, 4.329819435404146e-23, nan 
0.375, 71.875, 5.743856977979909e-23, nan 
0.625, 71.875, 4.2778281108605174e-23, nan 
0.875, 71.875, 4.7755983003708927e-23, nan 
1.125, 71.875, 3.317275406967699e-23, nan 
1.375, 71.875, 1.1069015430331002e-23, nan 
1.625, 71.875, 1.7034710519248264e-23, nan 
1.875, 71.875, 1.1794410949594311e-23, nan 
2.125, 71.875, 6.927579445197506e-24, nan 
2.375, 71.875, 1.104252287581788e-23, nan 
2.625, 71.875, 2.933569567611206e-23, nan 
2.875, 71.875, 2.044574666000902e-23, nan 
3.125, 71.875, 1.342986457435498e-23, nan 
3.375, 71.875, 4.353147133207372e-24, nan 
3.625, 71.875, 2.1576204044600838e-23, nan 
3.875, 71.875, 1.1096431236497116e-23, nan 
4.125, 71.875, 8.977411587949226e-24, nan 
4.375, 71.875, 1.7722268977762006e-23, nan 
4.625, 71.875, 1.2082175716901352e-23, nan 
4.875, 71.875, 9.940128902157041e-24, nan 
5.125, 71.875, 9.480739084468493e-24, nan 
5.375, 71.875, 1.1990070074737144e-23, nan 
5.625, 71.875, 1.124271375828378e-23, nan 
5.875, 71.875, 2.826906914024473e-24, nan 
6.125, 71.875, 1.6457995214187432e-23, nan 
6.375, 71.875, 1.4881997979359417e-23, nan 
6.625, 71.875, 6.3822018825876715e-24, nan 
6.875, 71.875, 1.2788431344218161e-23, nan 
7.125, 71.875, 9.633998333276353e-24, nan 
7.375, 71.875, 9.140340507674137e-24, nan 
7.625, 71.875, 1.3014066416175015e-23, nan 
7.875, 71.875, 1.592618696643751e-23, nan 
8.125, 71.875, 1.1575331094491746e-23, nan 
8.375, 71.875, 1.1582030607002621e-23, nan 
8.625, 71.875, 1.3546962462204193e-23, nan 
8.875, 71.875, 9.20521792854985e-24, nan 
9.125, 71.875, 4.463803993952928e-24, nan 
9.375, 71.875, 4.410686476197204e-24, nan 
9.625, 71.875, 6.2423940358081264e-24, nan 
9.875, 71.875, 6.139081194716473e-24, nan 
10.125, 71.875, 5.6063508055952234e-24, nan 
10.375, 71.875, 7.376810420825956e-24, nan 
10.625, 71.875, 8.55271548570521e-24, nan 
10.875, 71.875, 7.735571805723832e-24, nan 
11.125, 71.875, 9.371624751320398e-24, nan 
11.375, 71.875, 5.6975299715544935e-24, nan 
11.625, 71.875, 9.098371305449882e-24, nan 
11.875, 71.875, 8.42983732323448e-24, nan 
12.125, 71.875, 4.94705522757394e-24, nan 
12.375, 71.875, 5.346182406609047e-24, nan 
12.625, 71.875, 2.263951706652227e-24, nan 
12.875, 71.875, 1.889247537311048e-24, nan 
13.125, 71.875, 4.355244188872166e-24, nan 
13.375, 71.875, 2.0525601061543785e-24, nan 
13.625, 71.875, 2.4064918492108252e-24, nan 
13.875, 71.875, 1.483154835522523e-24, nan 
14.125, 71.875, 2.8314546273838123e-24, nan 
14.375, 71.875, 2.8067728935622035e-24, nan 
14.625, 71.875, 3.109300125560787e-24, nan 
14.875, 71.875, 3.1698849479677093e-24, nan 
15.125, 71.875, 2.743658219269532e-24, nan 
15.375, 71.875, 2.9677642615231188e-24, nan 
15.625, 71.875, 3.345659090749766e-24, nan 
15.875, 71.875, 2.8335489606860168e-24, nan 
16.125, 71.875, 2.5239506589368394e-24, nan 
-90.875, 72.125, 3.5106003208432715e-22, nan 
-90.625, 72.125, 4.392221670557976e-22, nan 
-90.375, 72.125, 3.3536759847547473e-22, nan 
-90.125, 72.125, 4.16696338589897e-22, nan 
-89.875, 72.125, 5.973434114928338e-22, nan 
-89.625, 72.125, 7.1242199808567635e-22, nan 
-89.375, 72.125, 8.79219533700439e-22, nan 
-89.125, 72.125, 8.824311258309283e-22, nan 
-88.875, 72.125, 9.171969312730242e-22, nan 
-88.625, 72.125, 7.884924600872898e-22, nan 
-88.375, 72.125, 9.329839849210077e-22, nan 
-88.125, 72.125, 9.89183363167755e-22, nan 
-87.875, 72.125, 9.936490352196343e-22, nan 
-87.625, 72.125, 1.1887553817637858e-21, nan 
-87.375, 72.125, 1.0057096215362561e-21, nan 
-87.125, 72.125, 9.188075646214436e-22, nan 
-86.875, 72.125, 9.668605944218975e-22, nan 
-86.625, 72.125, 1.01598382639267e-21, nan 
-86.375, 72.125, 1.2187239744649839e-21, nan 
-86.125, 72.125, 1.0343996126850923e-21, nan 
-85.875, 72.125, 1.0751912962475755e-21, nan 
-85.625, 72.125, 1.2318370332954373e-21, nan 
-85.375, 72.125, 1.1566484471977283e-21, nan 
-85.125, 72.125, 1.092462809647115e-21, nan 
-84.875, 72.125, 1.0907388726035339e-21, nan 
-84.625, 72.125, 1.1294289774046954e-21, nan 
-84.375, 72.125, 1.0113743973102563e-21, nan 
-84.125, 72.125, 7.543216482352993e-22, nan 
-83.875, 72.125, 5.038964177441395e-22, nan 
-83.625, 72.125, 6.8682317502991e-22, nan 
-83.375, 72.125, 6.341442954705575e-22, nan 
-83.125, 72.125, 9.535678392931776e-22, nan 
-82.875, 72.125, 7.446699927684494e-22, nan 
-82.625, 72.125, 1.779052025763045e-21, nan 
-82.375, 72.125, 2.260643171184828e-21, nan 
-82.125, 72.125, 2.558404106479446e-21, nan 
-81.875, 72.125, 2.9307010184849468e-21, nan 
-81.625, 72.125, 3.896889472953136e-21, nan 
-81.375, 72.125, 6.1398946654581596e-21, nan 
-81.125, 72.125, 2.9362750606449585e-21, nan 
-80.875, 72.125, 2.781457088656053e-21, nan 
-80.625, 72.125, 4.150616179503003e-21, nan 
-80.375, 72.125, 2.5060040697278217e-21, nan 
-80.125, 72.125, 2.3014635390331598e-21, nan 
-79.875, 72.125, 2.297115359841915e-21, nan 
-79.625, 72.125, 2.947236736964636e-21, nan 
-79.375, 72.125, 3.1456733552576084e-21, nan 
-79.125, 72.125, 3.2408196663302026e-21, nan 
-78.875, 72.125, 3.817179852718873e-21, nan 
-78.625, 72.125, 3.9262481278059995e-21, nan 
-78.375, 72.125, 3.572330761733192e-21, nan 
-78.125, 72.125, 1.313947334997918e-21, nan 
-77.875, 72.125, 1.79707158224758e-21, nan 
-77.625, 72.125, 1.845622066352301e-21, nan 
-77.375, 72.125, 1.962048088962157e-21, nan 
-77.125, 72.125, 5.971871711032153e-22, nan 
-76.875, 72.125, 1.3157696389597806e-21, nan 
-76.625, 72.125, 1.3633036662958203e-21, nan 
-76.375, 72.125, 6.266937244711182e-22, nan 
-76.125, 72.125, 7.034037334467777e-22, nan 
-75.875, 72.125, 8.262109613300643e-22, nan 
-75.625, 72.125, 1.1121915903485394e-21, nan 
-75.375, 72.125, 1.1702910535344002e-21, nan 
-75.125, 72.125, 1.4405079127751026e-21, nan 
-74.875, 72.125, 1.0252762579227246e-21, nan 
-74.625, 72.125, 7.185820734775047e-22, nan 
-74.375, 72.125, 1.4243799185767103e-21, nan 
-74.125, 72.125, 2.080677667273946e-21, nan 
-73.875, 72.125, 1.6290837046063218e-21, nan 
-73.625, 72.125, 1.3899323450175277e-21, nan 
-73.375, 72.125, 1.5860593767302088e-21, nan 
-73.125, 72.125, 1.8986242760122933e-21, nan 
-72.875, 72.125, 2.034891426395579e-21, nan 
-72.625, 72.125, 1.9966247977705525e-21, nan 
-72.375, 72.125, 1.1596547543993074e-21, nan 
-72.125, 72.125, 9.31280762370785e-22, nan 
-71.875, 72.125, 4.466221748043171e-22, nan 
-71.625, 72.125, 9.257992839183213e-22, nan 
-71.375, 72.125, 4.505691868679137e-22, nan 
-71.125, 72.125, 4.533934957018904e-22, nan 
-70.875, 72.125, 6.804024535509948e-22, nan 
-70.625, 72.125, 9.376057086898288e-22, nan 
-70.375, 72.125, 1.1296450386170852e-21, nan 
-70.125, 72.125, 6.198530322637975e-22, nan 
-69.875, 72.125, 9.068210197050765e-22, nan 
-69.625, 72.125, 8.418893315707231e-22, nan 
-69.375, 72.125, 6.096389267948717e-22, nan 
-69.125, 72.125, 5.377931594723855e-22, nan 
-68.875, 72.125, 1.259741325500039e-21, nan 
-68.625, 72.125, 1.7438059911375836e-21, nan 
-68.375, 72.125, 1.1735439643663612e-21, nan 
-68.125, 72.125, 1.3889687312145458e-21, nan 
-67.875, 72.125, 2.0013799597081677e-21, nan 
-67.625, 72.125, 8.335007749233969e-22, nan 
-67.375, 72.125, 1.8107494159255114e-21, nan 
-67.125, 72.125, 2.6267726838582552e-21, nan 
-66.875, 72.125, 1.637699399679394e-21, nan 
-66.625, 72.125, 1.881283024617767e-21, nan 
-66.375, 72.125, 2.515794094100178e-21, nan 
-66.125, 72.125, 2.7810650489691386e-21, nan 
-65.875, 72.125, 2.9199208335374085e-21, nan 
-65.625, 72.125, 1.9379324962862515e-21, nan 
-65.375, 72.125, 3.140546491505848e-21, nan 
-65.125, 72.125, 3.00272472891812e-21, nan 
-64.875, 72.125, 1.3104621678562316e-21, nan 
-64.625, 72.125, 1.9218320652599575e-21, nan 
-64.375, 72.125, 3.3620004170287397e-21, nan 
-64.125, 72.125, 4.7046555775913455e-21, nan 
-63.875, 72.125, 5.9982599883611385e-21, nan 
-63.625, 72.125, 4.48180961110512e-21, nan 
-63.375, 72.125, 1.017334002792815e-20, nan 
-63.125, 72.125, 1.3467170940345253e-20, nan 
-62.875, 72.125, 4.2926414646685075e-21, nan 
-62.625, 72.125, 7.50986713768507e-21, nan 
-62.375, 72.125, 9.654612490279526e-21, nan 
-62.125, 72.125, 4.157890705826523e-21, nan 
-61.875, 72.125, 8.279447123457037e-22, nan 
-61.625, 72.125, 1.4635846183460673e-21, nan 
-61.375, 72.125, 2.573296699239875e-21, nan 
-61.125, 72.125, 1.442916605069257e-21, nan 
-60.875, 72.125, 1.457363613907018e-21, nan 
-60.625, 72.125, 2.1620272336479657e-21, nan 
-60.375, 72.125, 2.365401083858142e-21, nan 
-60.125, 72.125, 3.751394846906698e-21, nan 
-59.875, 72.125, 2.6234038666058656e-21, nan 
-59.625, 72.125, 3.8934950183661306e-21, nan 
-59.375, 72.125, 6.286251205634175e-21, nan 
-59.125, 72.125, 5.680706729313958e-21, nan 
-58.875, 72.125, 5.6153907639236124e-21, nan 
-58.625, 72.125, 8.655646966814957e-21, nan 
-58.375, 72.125, 5.271385638284932e-21, nan 
-58.125, 72.125, 3.400099962900788e-21, nan 
-57.875, 72.125, 2.759742554716415e-21, nan 
-57.625, 72.125, 4.3397979887174726e-21, nan 
-57.375, 72.125, 3.3819908784026868e-21, nan 
-57.125, 72.125, 5.275194802908739e-21, nan 
-56.875, 72.125, 7.934850738917385e-21, nan 
-56.625, 72.125, 9.298407617598925e-21, nan 
-56.375, 72.125, 8.940951437135825e-21, nan 
-56.125, 72.125, 7.330995354323355e-21, nan 
-55.875, 72.125, 7.472624138087709e-21, nan 
-55.625, 72.125, 7.713591018796797e-21, nan 
-55.375, 72.125, 6.830364310816459e-21, nan 
-55.125, 72.125, 6.556089173726184e-21, nan 
-54.875, 72.125, 7.121779531280715e-21, nan 
-54.625, 72.125, 6.575220915550866e-21, nan 
-54.375, 72.125, 4.307097121128099e-21, nan 
-54.125, 72.125, 4.682071432422903e-21, nan 
-53.875, 72.125, 2.7999742201784505e-21, nan 
-53.625, 72.125, 3.1254974244401006e-21, nan 
-53.375, 72.125, 4.534368338695835e-21, nan 
-53.125, 72.125, 5.2844732891197526e-21, nan 
-52.875, 72.125, 5.9700179788841365e-21, nan 
-52.625, 72.125, 7.026574194278414e-21, nan 
-52.375, 72.125, 6.962056662256193e-21, nan 
-52.125, 72.125, 7.709416662482021e-21, nan 
-51.875, 72.125, 7.7140099123879e-21, nan 
-51.625, 72.125, 6.943840744622424e-21, nan 
-51.375, 72.125, 7.323911346112055e-21, nan 
-51.125, 72.125, 8.111559247253754e-21, nan 
-50.875, 72.125, 5.0514781113411764e-21, nan 
-50.625, 72.125, 5.630748545251845e-21, nan 
-50.375, 72.125, 6.38638041777633e-21, nan 
-50.125, 72.125, 5.99705944715415e-21, nan 
-49.875, 72.125, 1.0474147275329441e-20, nan 
-49.625, 72.125, 8.991045510027692e-21, nan 
-49.375, 72.125, 8.194293366382618e-21, nan 
-49.125, 72.125, 1.0660983465249094e-20, nan 
-48.875, 72.125, 9.443629177751269e-21, nan 
-48.625, 72.125, 7.17831856873421e-21, nan 
-48.375, 72.125, 6.207542316847432e-21, nan 
-48.125, 72.125, 5.720060617120899e-21, nan 
-47.875, 72.125, 6.797580078722621e-21, nan 
-47.625, 72.125, 6.252269456193372e-21, nan 
-47.375, 72.125, 4.965595256794758e-21, nan 
-47.125, 72.125, 5.154542291716037e-21, nan 
-46.875, 72.125, 6.0661280586707435e-21, nan 
-46.625, 72.125, 4.755751759031055e-21, nan 
-46.375, 72.125, 4.1169226229002234e-21, nan 
-46.125, 72.125, 4.28765607525006e-21, nan 
-45.875, 72.125, 4.314508858123855e-21, nan 
-45.625, 72.125, 5.671147044272806e-21, nan 
-45.375, 72.125, 6.428460103763908e-21, nan 
-45.125, 72.125, 6.3664932510680686e-21, nan 
-44.875, 72.125, 7.460353538656813e-21, nan 
-44.625, 72.125, 7.867459727104071e-21, nan 
-44.375, 72.125, 7.27248476631318e-21, nan 
-44.125, 72.125, 6.0921080655378536e-21, nan 
-43.875, 72.125, 6.073381526497533e-21, nan 
-43.625, 72.125, 5.329618602380671e-21, nan 
-43.375, 72.125, 5.458206926572434e-21, nan 
-43.125, 72.125, 4.134823049294272e-21, nan 
-42.875, 72.125, 4.808325050835962e-21, nan 
-42.625, 72.125, 4.4511642680160295e-21, nan 
-42.375, 72.125, 3.4173164802603e-21, nan 
-42.125, 72.125, 2.861367648810357e-21, nan 
-41.875, 72.125, 1.5410774453051148e-21, nan 
-41.625, 72.125, 8.322574762516339e-22, nan 
-41.375, 72.125, 1.071569073705271e-21, nan 
-41.125, 72.125, 1.0238290366682686e-21, nan 
-40.875, 72.125, 8.412498007118073e-22, nan 
-40.625, 72.125, 3.2773992811992985e-22, nan 
-40.375, 72.125, 6.301586432984751e-22, nan 
-40.125, 72.125, 4.854779810974894e-22, nan 
-39.875, 72.125, 6.323986542380424e-22, nan 
-39.625, 72.125, 4.039557261805295e-22, nan 
-39.375, 72.125, 8.387312217173692e-22, nan 
-39.125, 72.125, 8.3409198640985925e-22, nan 
-38.875, 72.125, 4.394626177661644e-22, nan 
-38.625, 72.125, 4.840554985214107e-22, nan 
-38.375, 72.125, 6.164260846413329e-22, nan 
-38.125, 72.125, 6.258660495519255e-22, nan 
-37.875, 72.125, 2.7805223919847466e-22, nan 
-37.625, 72.125, 1.0485136202473734e-21, nan 
-37.375, 72.125, 1.2123387419438264e-21, nan 
-37.125, 72.125, 8.903522421287951e-22, nan 
-36.875, 72.125, 1.0324361835920061e-21, nan 
-36.625, 72.125, 1.036546723703333e-21, nan 
-36.375, 72.125, 7.952195346567418e-22, nan 
-36.125, 72.125, 6.936093124070752e-22, nan 
-35.875, 72.125, 6.117715696554454e-22, nan 
-35.625, 72.125, 1.3117880317472198e-22, nan 
-35.375, 72.125, 2.67916140757158e-22, nan 
-35.125, 72.125, 4.437594336502277e-22, nan 
-34.875, 72.125, 2.847764163054518e-22, nan 
-34.625, 72.125, 2.1509187450330194e-22, nan 
-34.375, 72.125, 1.8236201246201506e-22, nan 
-34.125, 72.125, 1.9985445926213614e-22, nan 
-33.875, 72.125, 3.717401170227723e-22, nan 
-33.625, 72.125, 3.67813286957298e-22, nan 
-33.375, 72.125, 3.351344075517492e-22, nan 
-33.125, 72.125, 4.0435472494124517e-22, nan 
-32.875, 72.125, 2.808018438019004e-22, nan 
-32.625, 72.125, 3.543771532285036e-22, nan 
-32.375, 72.125, 3.8621112627178554e-22, nan 
-32.125, 72.125, 2.568143121072473e-22, nan 
-31.875, 72.125, 3.851865450680246e-22, nan 
-31.625, 72.125, 4.806133456863313e-22, nan 
-31.375, 72.125, 4.0195136089988474e-22, nan 
-31.125, 72.125, 2.380853599762991e-22, nan 
-30.875, 72.125, 3.8571194001780805e-22, nan 
-30.625, 72.125, 2.833392302339991e-22, nan 
-30.375, 72.125, 1.860253504917952e-22, nan 
-30.125, 72.125, 2.5013248813273173e-22, nan 
-29.875, 72.125, 2.2232958076673933e-22, nan 
-29.625, 72.125, 2.9753899331202817e-22, nan 
-29.375, 72.125, 2.428989053400918e-22, nan 
-29.125, 72.125, 2.94151626527074e-22, nan 
-28.875, 72.125, 3.0702609221029786e-22, nan 
-28.625, 72.125, 2.1257650092495227e-22, nan 
-28.375, 72.125, 1.7598026278251936e-22, nan 
-28.125, 72.125, 2.0703220792922695e-22, nan 
-27.875, 72.125, 1.6660127407263867e-22, nan 
-27.625, 72.125, 1.4363202125457417e-22, nan 
-27.375, 72.125, 1.578333449704571e-22, nan 
-27.125, 72.125, 1.8089527982845621e-22, nan 
-26.875, 72.125, 1.2289932524275622e-22, nan 
-26.625, 72.125, 1.7910213839227705e-22, nan 
-26.375, 72.125, 1.831934694026391e-22, nan 
-26.125, 72.125, 2.8878986599195686e-22, nan 
-25.875, 72.125, 2.5384539899936083e-22, nan 
-25.625, 72.125, 3.148778307038598e-22, nan 
-25.375, 72.125, 3.474350529549162e-22, nan 
-25.125, 72.125, 2.0896246958553916e-22, nan 
-24.875, 72.125, 2.1025740147140714e-22, nan 
-24.625, 72.125, 8.508224658018328e-23, nan 
-24.375, 72.125, 1.0716716658967037e-22, nan 
-24.125, 72.125, 8.457841719853243e-23, nan 
-23.875, 72.125, 7.862680670101089e-23, nan 
-23.625, 72.125, 1.7364909223383416e-22, nan 
-23.375, 72.125, 9.59655823861573e-23, nan 
-23.125, 72.125, 1.3681059735108122e-22, nan 
-22.875, 72.125, 1.7171149645275378e-22, nan 
-22.625, 72.125, 1.2435157144231219e-22, nan 
-22.375, 72.125, 1.3942089845146892e-22, nan 
-22.125, 72.125, 1.0719746751802463e-22, nan 
-21.875, 72.125, 1.0531874443995932e-22, nan 
-21.625, 72.125, 1.2728695782728757e-22, nan 
-21.375, 72.125, 9.938450764229435e-23, nan 
-21.125, 72.125, 1.5182745388648422e-22, nan 
-20.875, 72.125, 1.681308404296632e-22, nan 
-20.625, 72.125, 1.2247245797227728e-22, nan 
-20.375, 72.125, 1.6734713186381998e-22, nan 
-20.125, 72.125, 2.541464216011623e-22, nan 
-19.875, 72.125, 3.3760375266332114e-22, nan 
-19.625, 72.125, 2.659706086223267e-22, nan 
-19.375, 72.125, 2.2280154888593987e-22, nan 
-19.125, 72.125, 2.316165011247746e-22, nan 
-18.875, 72.125, 2.0129101272291425e-22, nan 
-18.625, 72.125, 5.411598664097638e-23, nan 
-18.375, 72.125, 6.807837390268708e-23, nan 
-18.125, 72.125, 1.1813121568776562e-22, nan 
-17.875, 72.125, 1.3845715661403546e-22, nan 
-17.625, 72.125, 1.2194134668238174e-22, nan 
-17.375, 72.125, 1.294542922366629e-22, nan 
-17.125, 72.125, 3.7596503134676603e-22, nan 
-16.875, 72.125, 3.872503471988881e-22, nan 
-16.625, 72.125, 1.7918116766408171e-22, nan 
-16.375, 72.125, 4.57654912968285e-22, nan 
-16.125, 72.125, 4.869702030603257e-22, nan 
-15.875, 72.125, 1.5920601940474035e-22, nan 
-15.625, 72.125, 1.665515864309616e-22, nan 
-15.375, 72.125, 2.3657559687190594e-21, nan 
-15.125, 72.125, 2.2677898141465056e-21, nan 
-14.875, 72.125, 1.5586782921483864e-21, nan 
-14.625, 72.125, 2.4230797018365743e-22, nan 
-14.375, 72.125, 3.1865071865798566e-22, nan 
-14.125, 72.125, 3.950263772015671e-22, nan 
-13.875, 72.125, 1.669348050179252e-22, nan 
-13.625, 72.125, 1.886760028755344e-22, nan 
-13.375, 72.125, 2.39496271764734e-22, nan 
-13.125, 72.125, 9.602456387074198e-23, nan 
-12.875, 72.125, 3.990894878629466e-23, nan 
-12.625, 72.125, 1.595495244239122e-23, nan 
-12.375, 72.125, 2.819322021860758e-23, nan 
-12.125, 72.125, 1.5689469682903456e-23, nan 
-11.875, 72.125, 3.381544530746384e-23, nan 
-11.625, 72.125, 1.5781277739885065e-23, nan 
-11.375, 72.125, 1.683112002266816e-23, nan 
-11.125, 72.125, 4.102508059836248e-23, nan 
-10.875, 72.125, 6.386697126386123e-24, nan 
-10.625, 72.125, 2.861693072295334e-23, nan 
-10.375, 72.125, 3.1401186594363757e-23, nan 
-10.125, 72.125, 3.341114683883552e-23, nan 
-9.875, 72.125, 2.391836821277054e-23, nan 
-9.625, 72.125, 2.8401149420104165e-23, nan 
-9.375, 72.125, 4.7824459252184946e-23, nan 
-9.125, 72.125, 4.5676812321868823e-23, nan 
-8.875, 72.125, 4.57618558808858e-23, nan 
-8.625, 72.125, 5.249572135516798e-23, nan 
-8.375, 72.125, 4.8177585134677454e-23, nan 
-8.125, 72.125, 4.190888261045989e-23, nan 
-7.875, 72.125, 3.128343728076272e-23, nan 
-7.625, 72.125, 4.0501107907041125e-23, nan 
-7.375, 72.125, 4.637857749537882e-23, nan 
-7.125, 72.125, 8.398322581685152e-23, nan 
-6.875, 72.125, 7.904762220082472e-23, nan 
-6.625, 72.125, 8.81530054874269e-23, nan 
-6.375, 72.125, 9.836082105213218e-23, nan 
-6.125, 72.125, 9.249852615512047e-23, nan 
-5.875, 72.125, 9.094641712081644e-23, nan 
-5.625, 72.125, 5.618944731709216e-23, nan 
-5.375, 72.125, 9.563647093126627e-23, nan 
-5.125, 72.125, 6.896811359840091e-23, nan 
-4.875, 72.125, 3.217877942643252e-23, nan 
-4.625, 72.125, 4.050097886705046e-23, nan 
-4.375, 72.125, 4.0468436941568926e-23, nan 
-4.125, 72.125, 3.496777475393652e-23, nan 
-3.875, 72.125, 4.3546336280700764e-23, nan 
-3.625, 72.125, 2.2158274964210503e-23, nan 
-3.375, 72.125, 2.4428558314817504e-23, nan 
-3.125, 72.125, 3.917641724365171e-23, nan 
-2.875, 72.125, 3.3943788178199625e-23, nan 
-2.625, 72.125, 2.3231628408787856e-23, nan 
-2.375, 72.125, 1.6419505711738553e-23, nan 
-2.125, 72.125, 3.016448766285506e-23, nan 
-1.875, 72.125, 2.0029761496584775e-23, nan 
-1.625, 72.125, 1.7029646527472033e-23, nan 
-1.375, 72.125, 1.795189641444835e-23, nan 
-1.125, 72.125, 1.7879098298494377e-23, nan 
-0.875, 72.125, 2.4422240418263506e-23, nan 
-0.625, 72.125, 3.0659383568359785e-23, nan 
-0.375, 72.125, 2.4710245271302727e-23, nan 
-0.125, 72.125, 3.6239347026505174e-23, nan 
0.125, 72.125, 3.694581507521467e-23, nan 
0.375, 72.125, 4.7150664334161376e-23, nan 
0.625, 72.125, 3.9969677977361995e-23, nan 
0.875, 72.125, 4.1227297583801736e-23, nan 
1.125, 72.125, 3.9202236008647286e-23, nan 
1.375, 72.125, 2.0586318626224347e-23, nan 
1.625, 72.125, 1.3986523167807114e-23, nan 
1.875, 72.125, 1.0900668209612816e-23, nan 
2.125, 72.125, 1.0496909282716049e-23, nan 
2.375, 72.125, 7.181671634967361e-24, nan 
2.625, 72.125, 3.619810550555836e-24, nan 
2.875, 72.125, 1.3522832250179895e-23, nan 
3.125, 72.125, 6.39248532522472e-24, nan 
3.375, 72.125, 1.4802721203982135e-23, nan 
3.625, 72.125, 1.447890752552343e-23, nan 
3.875, 72.125, 2.308973619179131e-23, nan 
4.125, 72.125, 1.6197067738768248e-23, nan 
4.375, 72.125, 1.8245625038889685e-23, nan 
4.625, 72.125, 9.551582020063726e-24, nan 
4.875, 72.125, 1.1656373066139361e-23, nan 
5.125, 72.125, 1.1755687398108507e-23, nan 
5.375, 72.125, 8.187898394499789e-24, nan 
5.625, 72.125, 1.2259063089035484e-23, nan 
5.875, 72.125, 8.707093136481086e-24, nan 
6.125, 72.125, 1.40056772425075e-23, nan 
6.375, 72.125, 1.2004947703109386e-23, nan 
6.625, 72.125, 9.044743771554219e-24, nan 
6.875, 72.125, 1.045032728093524e-23, nan 
7.125, 72.125, 1.3559222262406773e-23, nan 
7.375, 72.125, 1.1581555957547945e-23, nan 
7.625, 72.125, 1.1027584719039129e-23, nan 
7.875, 72.125, 1.521075878326561e-23, nan 
8.125, 72.125, 1.383569671712974e-23, nan 
8.375, 72.125, 1.1703845541730185e-23, nan 
8.625, 72.125, 9.398058907824561e-24, nan 
8.875, 72.125, 7.969447878910316e-24, nan 
9.125, 72.125, 5.924913322546043e-24, nan 
9.375, 72.125, 7.061161139327333e-24, nan 
9.625, 72.125, 6.775553289698647e-24, nan 
9.875, 72.125, 8.155247982152432e-24, nan 
10.125, 72.125, 6.0933128747508784e-24, nan 
10.375, 72.125, 9.555765316771824e-24, nan 
10.625, 72.125, 6.916447999682511e-24, nan 
10.875, 72.125, 6.766332584989751e-24, nan 
11.125, 72.125, 9.60431710334964e-24, nan 
11.375, 72.125, 5.2501035084468254e-24, nan 
11.625, 72.125, 5.687772300796933e-24, nan 
11.875, 72.125, 5.444831528688834e-24, nan 
12.125, 72.125, 6.439826788884973e-24, nan 
12.375, 72.125, 4.4113941074325506e-24, nan 
12.625, 72.125, 4.6316843579843364e-24, nan 
12.875, 72.125, 4.0611338722279304e-24, nan 
13.125, 72.125, 4.570052853327573e-24, nan 
13.375, 72.125, 3.9074740963689184e-24, nan 
13.625, 72.125, 3.5654716707197854e-24, nan 
13.875, 72.125, 1.9688441737544734e-24, nan 
14.125, 72.125, 4.571153853377029e-24, nan 
14.375, 72.125, 4.1673643388388436e-24, nan 
14.625, 72.125, 3.389522940851646e-24, nan 
14.875, 72.125, 2.0765732564583348e-24, nan 
15.125, 72.125, 2.9663229266770898e-24, nan 
15.375, 72.125, 3.9359146280649886e-24, nan 
15.625, 72.125, 2.914500371204162e-24, nan 
15.875, 72.125, 3.125354912967534e-24, nan 
16.125, 72.125, 2.274494129345963e-24, nan 
16.375, 72.125, 2.5263998457770464e-24, nan 
16.625, 72.125, 2.3279875914624928e-24, nan 
16.875, 72.125, 3.493263749602748e-24, nan 
17.125, 72.125, 7.044826368685789e-24, nan 
-91.125, 72.375, 4.78466308088751e-22, nan 
-90.875, 72.375, 4.323404118537441e-22, nan 
-90.625, 72.375, 5.233850771963723e-22, nan 
-90.375, 72.375, 5.832842196955914e-22, nan 
-90.125, 72.375, 6.310072171536418e-22, nan 
-89.875, 72.375, 7.484412280861429e-22, nan 
-89.625, 72.375, 9.117061731131207e-22, nan 
-89.375, 72.375, 8.462987382021893e-22, nan 
-89.125, 72.375, 6.89281479811422e-22, nan 
-88.875, 72.375, 8.434270761563386e-22, nan 
-88.625, 72.375, 8.78133016266981e-22, nan 
-88.375, 72.375, 8.986166874487486e-22, nan 
-88.125, 72.375, 8.699145788740403e-22, nan 
-87.875, 72.375, 1.0908410369713636e-21, nan 
-87.625, 72.375, 7.46029242356929e-22, nan 
-87.375, 72.375, 6.401698939905382e-22, nan 
-87.125, 72.375, 1.150979867972051e-21, nan 
-86.875, 72.375, 9.30558259775645e-22, nan 
-86.625, 72.375, 9.379943793060413e-22, nan 
-86.375, 72.375, 1.33786873275694e-21, nan 
-86.125, 72.375, 1.013131554503692e-21, nan 
-85.875, 72.375, 1.032588576417045e-21, nan 
-85.625, 72.375, 1.0571052091629108e-21, nan 
-85.375, 72.375, 1.087747815380279e-21, nan 
-85.125, 72.375, 1.169211867190027e-21, nan 
-84.875, 72.375, 6.583221930355879e-22, nan 
-84.625, 72.375, 7.227110827967367e-22, nan 
-84.375, 72.375, 8.241875482124745e-22, nan 
-84.125, 72.375, 7.189452461640354e-22, nan 
-83.875, 72.375, 4.51710411065164e-22, nan 
-83.625, 72.375, 9.457882773150843e-22, nan 
-83.375, 72.375, 1.0005778938792167e-21, nan 
-83.125, 72.375, 6.648235080732933e-22, nan 
-82.875, 72.375, 4.949134556230582e-22, nan 
-82.625, 72.375, 4.394266409987718e-22, nan 
-82.375, 72.375, 3.297838010352118e-22, nan 
-82.125, 72.375, 1.149856527338506e-21, nan 
-81.875, 72.375, 1.90111258005072e-21, nan 
-81.625, 72.375, 2.1637163015938716e-21, nan 
-81.375, 72.375, 3.8221863294094684e-21, nan 
-81.125, 72.375, 1.89414844211393e-21, nan 
-80.875, 72.375, 1.4414157170154042e-21, nan 
-80.625, 72.375, 1.2756676975494732e-21, nan 
-80.375, 72.375, 1.3381609628838576e-21, nan 
-80.125, 72.375, 1.633433113266972e-21, nan 
-79.875, 72.375, 1.2536520246654135e-21, nan 
-79.625, 72.375, 5.488434581551346e-22, nan 
-79.375, 72.375, 1.3193685574950834e-21, nan 
-79.125, 72.375, 1.129300421686329e-21, nan 
-78.875, 72.375, 2.635748205003472e-21, nan 
-78.625, 72.375, 2.8954686959330462e-21, nan 
-78.375, 72.375, 2.270756923486232e-21, nan 
-78.125, 72.375, 1.8810385401937e-21, nan 
-77.875, 72.375, 1.5258854284329539e-21, nan 
-77.625, 72.375, 1.955953575675359e-21, nan 
-77.375, 72.375, 2.5526985616453398e-21, nan 
-77.125, 72.375, 1.1379265256722066e-21, nan 
-76.875, 72.375, 1.8196915883067293e-21, nan 
-76.625, 72.375, 1.9613292883900888e-21, nan 
-76.375, 72.375, 1.1579809801618915e-21, nan 
-76.125, 72.375, 8.024861368798016e-22, nan 
-75.875, 72.375, 8.454329730224797e-22, nan 
-75.625, 72.375, 1.293919491586249e-21, nan 
-75.375, 72.375, 2.2419957038171958e-21, nan 
-75.125, 72.375, 3.0007485404274534e-21, nan 
-74.875, 72.375, 3.182960595400119e-21, nan 
-74.625, 72.375, 3.161332430247899e-21, nan 
-74.375, 72.375, 4.3470347590496824e-21, nan 
-74.125, 72.375, 5.471786135499691e-21, nan 
-73.875, 72.375, 3.5180072758324724e-21, nan 
-73.625, 72.375, 3.128317961780534e-21, nan 
-73.375, 72.375, 4.014462834363524e-21, nan 
-73.125, 72.375, 3.5026007812128995e-21, nan 
-72.875, 72.375, 2.6286876808669545e-21, nan 
-72.625, 72.375, 2.5016093543518406e-21, nan 
-72.375, 72.375, 1.4575279721167138e-21, nan 
-72.125, 72.375, 1.9655794664384427e-21, nan 
-71.875, 72.375, 2.602489657764933e-21, nan 
-71.625, 72.375, 1.86687699676931e-21, nan 
-71.375, 72.375, 2.9243173065459428e-21, nan 
-71.125, 72.375, 1.8997013289405553e-21, nan 
-70.875, 72.375, 7.989633917674788e-22, nan 
-70.625, 72.375, 1.2120925770594414e-21, nan 
-70.375, 72.375, 1.1756131505616172e-21, nan 
-70.125, 72.375, 2.606575990566214e-21, nan 
-69.875, 72.375, 3.352359498603225e-21, nan 
-69.625, 72.375, 4.0493506528651515e-21, nan 
-69.375, 72.375, 3.529144908514926e-21, nan 
-69.125, 72.375, 1.8305847434437152e-21, nan 
-68.875, 72.375, 2.422856920361108e-21, nan 
-68.625, 72.375, 2.189493095362815e-21, nan 
-68.375, 72.375, 1.8948675921350474e-21, nan 
-68.125, 72.375, 1.6774524557893301e-21, nan 
-67.875, 72.375, 2.926591180362055e-21, nan 
-67.625, 72.375, 2.638174490722374e-21, nan 
-67.375, 72.375, 2.3133061360823865e-21, nan 
-67.125, 72.375, 2.431335089063595e-21, nan 
-66.875, 72.375, 2.694266463282843e-21, nan 
-66.625, 72.375, 2.4287911863838154e-21, nan 
-66.375, 72.375, 2.422205340688656e-21, nan 
-66.125, 72.375, 1.2279000322416775e-21, nan 
-65.875, 72.375, 1.3795551695962157e-21, nan 
-65.625, 72.375, 1.72867039098862e-21, nan 
-65.375, 72.375, 1.29998990322579e-21, nan 
-65.125, 72.375, 1.1592728103703993e-21, nan 
-64.875, 72.375, 1.6649495878212529e-21, nan 
-64.625, 72.375, 2.790347465374789e-21, nan 
-64.375, 72.375, 1.423289906982263e-21, nan 
-64.125, 72.375, 2.8238952305781694e-21, nan 
-63.875, 72.375, 3.628262030832383e-21, nan 
-63.625, 72.375, 1.4931341029544915e-21, nan 
-63.375, 72.375, 3.992184456501788e-21, nan 
-63.125, 72.375, 5.2520602150167636e-21, nan 
-62.875, 72.375, 2.956670632002014e-21, nan 
-62.625, 72.375, 3.567991942293171e-21, nan 
-62.375, 72.375, 4.5007112357116044e-21, nan 
-62.125, 72.375, 4.062529013024488e-21, nan 
-61.875, 72.375, 3.3422067385661505e-21, nan 
-61.625, 72.375, 2.4375908767341845e-21, nan 
-61.375, 72.375, 2.1799916737105236e-21, nan 
-61.125, 72.375, 3.344632163528844e-21, nan 
-60.875, 72.375, 3.1946224119899225e-21, nan 
-60.625, 72.375, 2.1733727260272296e-21, nan 
-60.375, 72.375, 3.353569701444966e-21, nan 
-60.125, 72.375, 3.2666973466934534e-21, nan 
-59.875, 72.375, 2.8423531127675143e-21, nan 
-59.625, 72.375, 3.322341749846655e-21, nan 
-59.375, 72.375, 3.7080046260447865e-21, nan 
-59.125, 72.375, 5.094295758788708e-21, nan 
-58.875, 72.375, 7.190116084306337e-21, nan 
-58.625, 72.375, 9.817344916824127e-21, nan 
-58.375, 72.375, 6.4216106434774155e-21, nan 
-58.125, 72.375, 7.27993904899379e-21, nan 
-57.875, 72.375, 9.15017723802515e-21, nan 
-57.625, 72.375, 7.609253537818689e-21, nan 
-57.375, 72.375, 7.90703550919246e-21, nan 
-57.125, 72.375, 6.965969895121366e-21, nan 
-56.875, 72.375, 8.105270946865796e-21, nan 
-56.625, 72.375, 1.006821583421484e-20, nan 
-56.375, 72.375, 8.053856470890362e-21, nan 
-56.125, 72.375, 4.793576707684813e-21, nan 
-55.875, 72.375, 3.640396168994472e-21, nan 
-55.625, 72.375, 3.3379553857052712e-21, nan 
-55.375, 72.375, 3.2058471088395353e-21, nan 
-55.125, 72.375, 4.7374544431555565e-21, nan 
-54.875, 72.375, 4.8031688134161104e-21, nan 
-54.625, 72.375, 3.210076207027535e-21, nan 
-54.375, 72.375, 5.3262302857096335e-21, nan 
-54.125, 72.375, 5.7605188299643955e-21, nan 
-53.875, 72.375, 1.654322739688553e-21, nan 
-53.625, 72.375, 2.1936090302477326e-21, nan 
-53.375, 72.375, 2.2692275245548197e-21, nan 
-53.125, 72.375, 2.6348821692648522e-21, nan 
-52.875, 72.375, 2.3709228796810373e-21, nan 
-52.625, 72.375, 3.397341282452017e-21, nan 
-52.375, 72.375, 4.660781255964857e-21, nan 
-52.125, 72.375, 5.619571120197365e-21, nan 
-51.875, 72.375, 5.1144550085625025e-21, nan 
-51.625, 72.375, 4.926595268567832e-21, nan 
-51.375, 72.375, 5.2534161747261614e-21, nan 
-51.125, 72.375, 4.330808925830744e-21, nan 
-50.875, 72.375, 4.1272868162489875e-21, nan 
-50.625, 72.375, 3.849830147081699e-21, nan 
-50.375, 72.375, 2.959570650816856e-21, nan 
-50.125, 72.375, 3.905564650519503e-21, nan 
-49.875, 72.375, 4.384281989190478e-21, nan 
-49.625, 72.375, 3.1038365322927873e-21, nan 
-49.375, 72.375, 2.9940011988534965e-21, nan 
-49.125, 72.375, 3.991333449355815e-21, nan 
-48.875, 72.375, 4.98986776026228e-21, nan 
-48.625, 72.375, 5.823398239813985e-21, nan 
-48.375, 72.375, 5.285286874311055e-21, nan 
-48.125, 72.375, 4.825867269583437e-21, nan 
-47.875, 72.375, 4.886153202435822e-21, nan 
-47.625, 72.375, 4.2493804065239296e-21, nan 
-47.375, 72.375, 3.031381795596738e-21, nan 
-47.125, 72.375, 1.0796206267861753e-21, nan 
-46.875, 72.375, 1.882088386770676e-21, nan 
-46.625, 72.375, 4.225732839558669e-21, nan 
-46.375, 72.375, 3.1963326170486123e-21, nan 
-46.125, 72.375, 2.1008791522669206e-21, nan 
-45.875, 72.375, 1.708884085400543e-21, nan 
-45.625, 72.375, 1.6583885034481888e-21, nan 
-45.375, 72.375, 2.2564510983656865e-21, nan 
-45.125, 72.375, 3.961683085704978e-21, nan 
-44.875, 72.375, 5.105639116845049e-21, nan 
-44.625, 72.375, 3.825381993391308e-21, nan 
-44.375, 72.375, 4.17339725763841e-21, nan 
-44.125, 72.375, 5.400209921937427e-21, nan 
-43.875, 72.375, 2.5028756985378126e-21, nan 
-43.625, 72.375, 3.1229640201763754e-21, nan 
-43.375, 72.375, 6.672342588817731e-21, nan 
-43.125, 72.375, 2.7234063626719682e-21, nan 
-42.875, 72.375, 2.576198133822732e-21, nan 
-42.625, 72.375, 4.467983127191723e-21, nan 
-42.375, 72.375, 2.3722855836812e-21, nan 
-42.125, 72.375, 1.781183372863772e-21, nan 
-41.875, 72.375, 1.3755268796117295e-21, nan 
-41.625, 72.375, 1.2366757996555683e-21, nan 
-41.375, 72.375, 1.0906837615364808e-21, nan 
-41.125, 72.375, 1.1988254966332406e-21, nan 
-40.875, 72.375, 5.531396837335961e-22, nan 
-40.625, 72.375, 5.11431395053613e-22, nan 
-40.375, 72.375, 7.605225633906736e-22, nan 
-40.125, 72.375, 8.929588767090334e-22, nan 
-39.875, 72.375, 4.708239342218658e-22, nan 
-39.625, 72.375, 5.2542107046332995e-22, nan 
-39.375, 72.375, 4.332240021497903e-22, nan 
-39.125, 72.375, 6.851776734579828e-22, nan 
-38.875, 72.375, 4.402149048349015e-22, nan 
-38.625, 72.375, 1.8308299241090764e-22, nan 
-38.375, 72.375, 3.7191795429091334e-22, nan 
-38.125, 72.375, 4.986624929762502e-22, nan 
-37.875, 72.375, 5.114866475213973e-22, nan 
-37.625, 72.375, 7.214373146775266e-22, nan 
-37.375, 72.375, 7.036807768902062e-22, nan 
-37.125, 72.375, 8.92770354790406e-22, nan 
-36.875, 72.375, 8.62129693092889e-22, nan 
-36.625, 72.375, 7.943944856246381e-22, nan 
-36.375, 72.375, 6.74000742450703e-22, nan 
-36.125, 72.375, 5.478647185733051e-22, nan 
-35.875, 72.375, 4.1828595115848116e-22, nan 
-35.625, 72.375, 2.5142846018652245e-22, nan 
-35.375, 72.375, 2.0193628466576705e-22, nan 
-35.125, 72.375, 2.7145321976657797e-22, nan 
-34.875, 72.375, 2.1039121189925644e-22, nan 
-34.625, 72.375, 1.16002170458992e-22, nan 
-34.375, 72.375, 1.6052001387113085e-22, nan 
-34.125, 72.375, 1.6898373447369361e-22, nan 
-33.875, 72.375, 2.3168819216057114e-22, nan 
-33.625, 72.375, 3.230327039201113e-22, nan 
-33.375, 72.375, 3.4629288237890993e-22, nan 
-33.125, 72.375, 3.4748142223920326e-22, nan 
-32.875, 72.375, 3.307250922489783e-22, nan 
-32.625, 72.375, 3.697593186752783e-22, nan 
-32.375, 72.375, 3.5809414961084246e-22, nan 
-32.125, 72.375, 2.3264850207024045e-22, nan 
-31.875, 72.375, 2.335306584838923e-22, nan 
-31.625, 72.375, 3.039383864802486e-22, nan 
-31.375, 72.375, 2.662249249594974e-22, nan 
-31.125, 72.375, 3.6833269421673166e-22, nan 
-30.875, 72.375, 3.2972245869864657e-22, nan 
-30.625, 72.375, 2.6578478761975005e-22, nan 
-30.375, 72.375, 6.135541786831447e-22, nan 
-30.125, 72.375, 6.591497181932022e-22, nan 
-29.875, 72.375, 5.06171923542167e-22, nan 
-29.625, 72.375, 3.8774710194257045e-22, nan 
-29.375, 72.375, 4.0702329858467806e-22, nan 
-29.125, 72.375, 3.991721374597283e-22, nan 
-28.875, 72.375, 2.844514067774629e-22, nan 
-28.625, 72.375, 1.9922840759979204e-22, nan 
-28.375, 72.375, 9.455744511510214e-23, nan 
-28.125, 72.375, 1.5901745400453031e-22, nan 
-27.875, 72.375, 1.6519549225555425e-22, nan 
-27.625, 72.375, 1.1577800533604033e-22, nan 
-27.375, 72.375, 7.224188400250236e-23, nan 
-27.125, 72.375, 1.6339406175603562e-22, nan 
-26.875, 72.375, 1.442327186400454e-22, nan 
-26.625, 72.375, 1.659313565066459e-22, nan 
-26.375, 72.375, 1.770066383021985e-22, nan 
-26.125, 72.375, 1.3348165047605422e-22, nan 
-25.875, 72.375, 2.288364559700146e-22, nan 
-25.625, 72.375, 1.9308762902220563e-22, nan 
-25.375, 72.375, 1.768576706243525e-22, nan 
-25.125, 72.375, 2.3809689922326467e-22, nan 
-24.875, 72.375, 1.5857113508387393e-22, nan 
-24.625, 72.375, 1.1244026626391333e-22, nan 
-24.375, 72.375, 1.4989098203207393e-22, nan 
-24.125, 72.375, 1.2031391735131955e-22, nan 
-23.875, 72.375, 9.633945000965056e-23, nan 
-23.625, 72.375, 1.5358012267900276e-22, nan 
-23.375, 72.375, 1.2726984032999572e-22, nan 
-23.125, 72.375, 9.357836170097746e-23, nan 
-22.875, 72.375, 5.978547473497477e-23, nan 
-22.625, 72.375, 8.533132606749093e-23, nan 
-22.375, 72.375, 6.872849346395371e-23, nan 
-22.125, 72.375, 9.891487651532017e-23, nan 
-21.875, 72.375, 1.5913764937091522e-22, nan 
-21.625, 72.375, 1.7860593355135357e-22, nan 
-21.375, 72.375, 1.3301649915434769e-22, nan 
-21.125, 72.375, 1.9205059295542177e-22, nan 
-20.875, 72.375, 3.373254068796002e-22, nan 
-20.625, 72.375, 3.633801776144595e-22, nan 
-20.375, 72.375, 2.772565918399589e-22, nan 
-20.125, 72.375, 3.6292266366420965e-22, nan 
-19.875, 72.375, 4.393017654149303e-22, nan 
-19.625, 72.375, 3.238923585712141e-22, nan 
-19.375, 72.375, 3.7048983062917747e-22, nan 
-19.125, 72.375, 3.034478032857556e-22, nan 
-18.875, 72.375, 2.8474569990453915e-22, nan 
-18.625, 72.375, 2.5313861568743323e-22, nan 
-18.375, 72.375, 2.2169141758527377e-22, nan 
-18.125, 72.375, 2.23201149311562e-22, nan 
-17.875, 72.375, 8.2001448488479e-23, nan 
-17.625, 72.375, 9.890871283187278e-23, nan 
-17.375, 72.375, 1.005692794797241e-22, nan 
-17.125, 72.375, 6.818566269610122e-23, nan 
-16.875, 72.375, 7.017934421741179e-23, nan 
-16.625, 72.375, 1.1002900650171433e-22, nan 
-16.375, 72.375, 2.903298505837233e-22, nan 
-16.125, 72.375, 3.0755173297350534e-22, nan 
-15.875, 72.375, 1.6151163814434425e-22, nan 
-15.625, 72.375, 1.6163167499227184e-22, nan 
-15.375, 72.375, 2.0817700369218403e-22, nan 
-15.125, 72.375, 1.883469192880543e-22, nan 
-14.875, 72.375, 1.3784908482157283e-22, nan 
-14.625, 72.375, 1.8429933120384983e-22, nan 
-14.375, 72.375, 2.138998610104436e-22, nan 
-14.125, 72.375, 2.549464388791665e-22, nan 
-13.875, 72.375, 6.151553260410737e-23, nan 
-13.625, 72.375, 2.670640121335307e-23, nan 
-13.375, 72.375, 3.565466972552129e-23, nan 
-13.125, 72.375, 2.4411807607154593e-23, nan 
-12.875, 72.375, 1.2448476831296688e-23, nan 
-12.625, 72.375, 3.5029982659053574e-23, nan 
-12.375, 72.375, 3.4735692202029426e-23, nan 
-12.125, 72.375, 3.2265997702621204e-23, nan 
-11.875, 72.375, 2.8294829880258023e-23, nan 
-11.625, 72.375, 2.4844020453790247e-23, nan 
-11.375, 72.375, 3.9433906146746473e-23, nan 
-11.125, 72.375, 6.029060356871173e-23, nan 
-10.875, 72.375, 2.3650093863206534e-23, nan 
-10.625, 72.375, 2.869414469172036e-23, nan 
-10.375, 72.375, 4.276333203902719e-23, nan 
-10.125, 72.375, 2.8307355715000587e-23, nan 
-9.875, 72.375, 1.7502279949641893e-23, nan 
-9.625, 72.375, 2.6254513719627697e-23, nan 
-9.375, 72.375, 2.8781734048544273e-23, nan 
-9.125, 72.375, 3.561737569811464e-23, nan 
-8.875, 72.375, 4.3636534447844086e-23, nan 
-8.625, 72.375, 3.972172169639041e-23, nan 
-8.375, 72.375, 4.642626060404425e-23, nan 
-8.125, 72.375, 4.483176552247666e-23, nan 
-7.875, 72.375, 3.921012851278041e-23, nan 
-7.625, 72.375, 4.068001323711886e-23, nan 
-7.375, 72.375, 3.1915213176952703e-23, nan 
-7.125, 72.375, 3.00506969323699e-23, nan 
-6.875, 72.375, 5.189698318782813e-23, nan 
-6.625, 72.375, 3.9716460182882795e-23, nan 
-6.375, 72.375, 6.614204925883751e-23, nan 
-6.125, 72.375, 6.038525624339088e-23, nan 
-5.875, 72.375, 6.384369578759418e-23, nan 
-5.625, 72.375, 7.437664004314918e-23, nan 
-5.375, 72.375, 7.203378077362683e-23, nan 
-5.125, 72.375, 7.082641828684425e-23, nan 
-4.875, 72.375, 6.564398519733246e-23, nan 
-4.625, 72.375, 4.9767542989813264e-23, nan 
-4.375, 72.375, 4.0362910291147186e-23, nan 
-4.125, 72.375, 3.7206009390908787e-23, nan 
-3.875, 72.375, 3.5102433482829036e-23, nan 
-3.625, 72.375, 1.780213966539129e-23, nan 
-3.375, 72.375, 3.4240116186487965e-23, nan 
-3.125, 72.375, 3.977981073472895e-23, nan 
-2.875, 72.375, 2.7688630506739915e-23, nan 
-2.625, 72.375, 3.5186465283025465e-23, nan 
-2.375, 72.375, 2.9512570381154094e-23, nan 
-2.125, 72.375, 2.961964201727937e-23, nan 
-1.875, 72.375, 1.5273543229710556e-23, nan 
-1.625, 72.375, 1.6504326304946375e-23, nan 
-1.375, 72.375, 1.2430199275025884e-23, nan 
-1.125, 72.375, 1.744494957028167e-23, nan 
-0.875, 72.375, 1.7240971204530438e-23, nan 
-0.625, 72.375, 2.078881345818742e-23, nan 
-0.375, 72.375, 1.3084425798396432e-23, nan 
-0.125, 72.375, 1.2564731736596469e-23, nan 
0.125, 72.375, 2.306692656032627e-23, nan 
0.375, 72.375, 2.4339405582642552e-23, nan 
0.625, 72.375, 2.771013355694979e-23, nan 
0.875, 72.375, 2.896454683921359e-23, nan 
1.125, 72.375, 3.112041871277881e-23, nan 
1.375, 72.375, 2.961291203350776e-23, nan 
1.625, 72.375, 2.2688711677691958e-23, nan 
1.875, 72.375, 2.5104590524606256e-23, nan 
2.125, 72.375, 1.855051179736759e-23, nan 
2.375, 72.375, 9.759441652213714e-24, nan 
2.625, 72.375, 1.5766298455917573e-23, nan 
2.875, 72.375, 1.2975648595728346e-23, nan 
3.125, 72.375, 2.139005189983389e-23, nan 
3.375, 72.375, 2.0768124116495107e-23, nan 
3.625, 72.375, 1.497184763900656e-23, nan 
3.875, 72.375, 3.2688102384073723e-23, nan 
4.125, 72.375, 1.6486307919345012e-23, nan 
4.375, 72.375, 1.3225130131154028e-23, nan 
4.625, 72.375, 1.2508550796719875e-23, nan 
4.875, 72.375, 7.996809475837032e-24, nan 
5.125, 72.375, 4.465961945227132e-24, nan 
5.375, 72.375, 3.6055110755602655e-24, nan 
5.625, 72.375, 4.815986725633237e-24, nan 
5.875, 72.375, 3.888786908577756e-24, nan 
6.125, 72.375, 4.689939528267151e-24, nan 
6.375, 72.375, 7.397774686220908e-24, nan 
6.625, 72.375, 9.016314543210775e-24, nan 
6.875, 72.375, 8.126267039601009e-24, nan 
7.125, 72.375, 7.342939042474609e-24, nan 
7.375, 72.375, 9.002507696343188e-24, nan 
7.625, 72.375, 9.467109041173324e-24, nan 
7.875, 72.375, 1.1041410462102858e-23, nan 
8.125, 72.375, 1.0746301341401196e-23, nan 
8.375, 72.375, 1.3352046379158125e-23, nan 
8.625, 72.375, 1.4790735613502066e-23, nan 
8.875, 72.375, 1.1060958927105187e-23, nan 
9.125, 72.375, 1.2025505520092684e-23, nan 
9.375, 72.375, 1.2601878975721764e-23, nan 
9.625, 72.375, 7.421800635878883e-24, nan 
9.875, 72.375, 6.936178166560233e-24, nan 
10.125, 72.375, 3.6460449336430175e-24, nan 
10.375, 72.375, 6.550243436435747e-24, nan 
10.625, 72.375, 6.562794697534102e-24, nan 
10.875, 72.375, 5.3131979891488944e-24, nan 
11.125, 72.375, 8.311824082486987e-24, nan 
11.375, 72.375, 6.4242647325732235e-24, nan 
11.625, 72.375, 5.16794597345441e-24, nan 
11.875, 72.375, 4.922177814885966e-24, nan 
12.125, 72.375, 3.642624705915552e-24, nan 
12.375, 72.375, 2.753199941795521e-24, nan 
12.625, 72.375, 3.884117359058146e-24, nan 
12.875, 72.375, 3.837816670694497e-24, nan 
13.125, 72.375, 2.935797482569513e-24, nan 
13.375, 72.375, 3.581625116936385e-24, nan 
13.625, 72.375, 1.891709849635825e-24, nan 
13.875, 72.375, 1.0097463347697909e-24, nan 
14.125, 72.375, 2.4691366217655358e-24, nan 
14.375, 72.375, 3.855586701581557e-24, nan 
14.625, 72.375, 4.713979020520926e-24, nan 
14.875, 72.375, 4.425971590770635e-24, nan 
15.125, 72.375, 4.362836673445831e-24, nan 
15.375, 72.375, 4.717751215120876e-24, nan 
15.625, 72.375, 4.261205271608954e-24, nan 
15.875, 72.375, 2.6215712535406943e-24, nan 
16.125, 72.375, 2.889819159163154e-24, nan 
16.375, 72.375, 2.957624723209711e-24, nan 
16.625, 72.375, 2.2888419608531174e-24, nan 
16.875, 72.375, 3.028703232991347e-24, nan 
17.125, 72.375, 3.420219638134789e-24, nan 
17.375, 72.375, 2.178432013929757e-24, nan 
17.625, 72.375, 3.2874434876945037e-24, nan 
17.875, 72.375, 3.791471503164878e-24, nan 
-91.625, 72.625, 2.7261972690147854e-22, nan 
-91.375, 72.625, 4.524047500403946e-22, nan 
-91.125, 72.625, 5.838122147173505e-22, nan 
-90.875, 72.625, 4.924772661337823e-22, nan 
-90.625, 72.625, 5.88661850991113e-22, nan 
-90.375, 72.625, 6.294933839889101e-22, nan 
-90.125, 72.625, 5.7711689658733e-22, nan 
-89.875, 72.625, 7.569132352790153e-22, nan 
-89.625, 72.625, 8.707730134755527e-22, nan 
-89.375, 72.625, 6.373532007550099e-22, nan 
-89.125, 72.625, 5.063512314836942e-22, nan 
-88.875, 72.625, 4.912547050726563e-22, nan 
-88.625, 72.625, 6.541096136226968e-22, nan 
-88.375, 72.625, 5.366034399383683e-22, nan 
-88.125, 72.625, 4.46507308610086e-22, nan 
-87.875, 72.625, 4.272253245595283e-22, nan 
-87.625, 72.625, 5.928119191569108e-22, nan 
-87.375, 72.625, 6.207467964241592e-22, nan 
-87.125, 72.625, 7.656335991271262e-22, nan 
-86.875, 72.625, 8.810304996885353e-22, nan 
-86.625, 72.625, 8.527765711655325e-22, nan 
-86.375, 72.625, 9.22738218683254e-22, nan 
-86.125, 72.625, 1.0512181220089302e-21, nan 
-85.875, 72.625, 1.2022695689225982e-21, nan 
-85.625, 72.625, 8.832683486207832e-22, nan 
-85.375, 72.625, 1.0402616801345236e-21, nan 
-85.125, 72.625, 1.2964458624097898e-21, nan 
-84.875, 72.625, 6.046874422872725e-22, nan 
-84.625, 72.625, 5.180018919574021e-22, nan 
-84.375, 72.625, 8.330326829239222e-22, nan 
-84.125, 72.625, 5.271268298306346e-22, nan 
-83.875, 72.625, 5.661931211761796e-22, nan 
-83.625, 72.625, 7.490281710046618e-22, nan 
-83.375, 72.625, 4.896285793811783e-22, nan 
-83.125, 72.625, 3.4511804056439665e-22, nan 
-82.875, 72.625, 3.4414441043024834e-22, nan 
-82.625, 72.625, 2.9832717728349244e-22, nan 
-82.375, 72.625, 4.621884282550158e-22, nan 
-82.125, 72.625, 5.6326521770496815e-22, nan 
-81.875, 72.625, 7.488289311002003e-22, nan 
-81.625, 72.625, 5.878091482015667e-22, nan 
-81.375, 72.625, 4.77254558117015e-22, nan 
-81.125, 72.625, 6.916383990843175e-22, nan 
-80.875, 72.625, 7.64335822755071e-22, nan 
-80.625, 72.625, 9.169650644928403e-22, nan 
-80.375, 72.625, 1.6331817839202235e-21, nan 
-80.125, 72.625, 1.8705656456454777e-21, nan 
-79.875, 72.625, 1.0242845900280352e-21, nan 
-79.625, 72.625, 1.4669963059053523e-21, nan 
-79.375, 72.625, 1.610598083496053e-21, nan 
-79.125, 72.625, 1.2694537547074942e-21, nan 
-78.875, 72.625, 1.322636514120532e-21, nan 
-78.625, 72.625, 1.4895273467050262e-21, nan 
-78.375, 72.625, 1.6523333128974477e-21, nan 
-78.125, 72.625, 1.9627682738099163e-21, nan 
-77.875, 72.625, 2.032998413850209e-21, nan 
-77.625, 72.625, 2.2546302851987577e-21, nan 
-77.375, 72.625, 2.1018889706367477e-21, nan 
-77.125, 72.625, 1.751376789622986e-21, nan 
-76.875, 72.625, 2.3097300863422766e-21, nan 
-76.625, 72.625, 2.3459081555472836e-21, nan 
-76.375, 72.625, 2.1857451824082996e-21, nan 
-76.125, 72.625, 2.4154142435847332e-21, nan 
-75.875, 72.625, 1.4481385489581338e-21, nan 
-75.625, 72.625, 7.941524303404245e-22, nan 
-75.375, 72.625, 8.902170711812585e-22, nan 
-75.125, 72.625, 1.38085923706672e-21, nan 
-74.875, 72.625, 1.7709522517005546e-21, nan 
-74.625, 72.625, 2.4928717241739296e-21, nan 
-74.375, 72.625, 2.991734784908836e-21, nan 
-74.125, 72.625, 3.629849567629607e-21, nan 
-73.875, 72.625, 2.8108151633853243e-21, nan 
-73.625, 72.625, 2.0476654894677417e-21, nan 
-73.375, 72.625, 2.5614986799041082e-21, nan 
-73.125, 72.625, 2.3139800348963673e-21, nan 
-72.875, 72.625, 1.239444264165742e-21, nan 
-72.625, 72.625, 9.67397052950233e-22, nan 
-72.375, 72.625, 1.542130728384463e-21, nan 
-72.125, 72.625, 1.9688580095805645e-21, nan 
-71.875, 72.625, 2.265710610440147e-21, nan 
-71.625, 72.625, 2.5230552586995972e-21, nan 
-71.375, 72.625, 3.909810574780403e-21, nan 
-71.125, 72.625, 2.2940697772644096e-21, nan 
-70.875, 72.625, 3.614070834131538e-21, nan 
-70.625, 72.625, 5.217679527294982e-21, nan 
-70.375, 72.625, 3.6408848452773986e-21, nan 
-70.125, 72.625, 3.414107201517207e-21, nan 
-69.875, 72.625, 5.9111854009193906e-21, nan 
-69.625, 72.625, 6.027606625756697e-21, nan 
-69.375, 72.625, 6.017995875285606e-21, nan 
-69.125, 72.625, 4.542309651844399e-21, nan 
-68.875, 72.625, 4.207793694453096e-21, nan 
-68.625, 72.625, 7.870293237448466e-21, nan 
-68.375, 72.625, 6.1923974939731704e-21, nan 
-68.125, 72.625, 4.7966224071515774e-21, nan 
-67.875, 72.625, 4.429315795043881e-21, nan 
-67.625, 72.625, 4.0930115072062105e-21, nan 
-67.375, 72.625, 3.0869415870843253e-21, nan 
-67.125, 72.625, 8.481792912883753e-22, nan 
-66.875, 72.625, 1.818640734647483e-21, nan 
-66.625, 72.625, 9.58989370038566e-22, nan 
-66.375, 72.625, 1.946599544589082e-21, nan 
-66.125, 72.625, 1.34298537384025e-21, nan 
-65.875, 72.625, 1.6453085462848457e-21, nan 
-65.625, 72.625, 2.4362885364796936e-21, nan 
-65.375, 72.625, 1.3958700213026265e-21, nan 
-65.125, 72.625, 1.997052135656658e-21, nan 
-64.875, 72.625, 2.979775164581908e-21, nan 
-64.625, 72.625, 1.629104651609215e-21, nan 
-64.375, 72.625, 1.768547604439193e-21, nan 
-64.125, 72.625, 4.040716874297986e-21, nan 
-63.875, 72.625, 2.5042270819182885e-21, nan 
-63.625, 72.625, 2.490695496017292e-21, nan 
-63.375, 72.625, 4.861665818077445e-21, nan 
-63.125, 72.625, 1.9264657066082373e-21, nan 
-62.875, 72.625, 3.370998322736029e-21, nan 
-62.625, 72.625, 4.510635818720892e-21, nan 
-62.375, 72.625, 4.054165321679755e-21, nan 
-62.125, 72.625, 3.834904648189674e-21, nan 
-61.875, 72.625, 3.0315207969542206e-21, nan 
-61.625, 72.625, 3.808702173346495e-21, nan 
-61.375, 72.625, 3.723771467087463e-21, nan 
-61.125, 72.625, 2.8857182731084075e-21, nan 
-60.875, 72.625, 2.8192746603755656e-21, nan 
-60.625, 72.625, 2.566632643387362e-21, nan 
-60.375, 72.625, 2.3710609849094546e-21, nan 
-60.125, 72.625, 2.3018750773243985e-21, nan 
-59.875, 72.625, 3.0618739410228864e-21, nan 
-59.625, 72.625, 2.5928145558242062e-21, nan 
-59.375, 72.625, 2.5893080278817653e-21, nan 
-59.125, 72.625, 4.110019468411694e-21, nan 
-58.875, 72.625, 5.452447987271129e-21, nan 
-58.625, 72.625, 5.988851367068981e-21, nan 
-58.375, 72.625, 5.375249721469726e-21, nan 
-58.125, 72.625, 5.843481174320173e-21, nan 
-57.875, 72.625, 9.681157138069607e-21, nan 
-57.625, 72.625, 1.1748754173667212e-20, nan 
-57.375, 72.625, 7.300077833071264e-21, nan 
-57.125, 72.625, 4.458726535479213e-21, nan 
-56.875, 72.625, 5.604389963980846e-21, nan 
-56.625, 72.625, 5.328763069592322e-21, nan 
-56.375, 72.625, 4.026867668166986e-21, nan 
-56.125, 72.625, 4.8696267734475895e-21, nan 
-55.875, 72.625, 4.0199137872740574e-21, nan 
-55.625, 72.625, 3.564960755446707e-21, nan 
-55.375, 72.625, 2.7550127687749834e-21, nan 
-55.125, 72.625, 3.556521539874294e-21, nan 
-54.875, 72.625, 3.747531411724254e-21, nan 
-54.625, 72.625, 2.9745886503577102e-21, nan 
-54.375, 72.625, 2.9942788815902154e-21, nan 
-54.125, 72.625, 2.700981094132471e-21, nan 
-53.875, 72.625, 2.4279929132061297e-21, nan 
-53.625, 72.625, 1.3344806137013041e-21, nan 
-53.375, 72.625, 2.171833792263064e-21, nan 
-53.125, 72.625, 1.790913380754707e-21, nan 
-52.875, 72.625, 2.3717858833174794e-21, nan 
-52.625, 72.625, 2.291358086345909e-21, nan 
-52.375, 72.625, 2.1885232320773878e-21, nan 
-52.125, 72.625, 3.146661736203331e-21, nan 
-51.875, 72.625, 3.130277415558799e-21, nan 
-51.625, 72.625, 3.2513464403706055e-21, nan 
-51.375, 72.625, 2.896495452526969e-21, nan 
-51.125, 72.625, 3.3329168735838306e-21, nan 
-50.875, 72.625, 3.0973932586614984e-21, nan 
-50.625, 72.625, 2.400522421010765e-21, nan 
-50.375, 72.625, 2.4518706635485264e-21, nan 
-50.125, 72.625, 2.575457525970922e-21, nan 
-49.875, 72.625, 2.431846068966879e-21, nan 
-49.625, 72.625, 2.5911221554940066e-21, nan 
-49.375, 72.625, 3.0203679389911298e-21, nan 
-49.125, 72.625, 3.588666779786723e-21, nan 
-48.875, 72.625, 3.634063169557995e-21, nan 
-48.625, 72.625, 3.393581443895779e-21, nan 
-48.375, 72.625, 3.5296129361526265e-21, nan 
-48.125, 72.625, 3.815517106763313e-21, nan 
-47.875, 72.625, 2.798026098073656e-21, nan 
-47.625, 72.625, 2.8983938966622356e-21, nan 
-47.375, 72.625, 3.175653459087782e-21, nan 
-47.125, 72.625, 3.423073058274374e-21, nan 
-46.875, 72.625, 1.6320631967914938e-21, nan 
-46.625, 72.625, 3.6619700752891294e-21, nan 
-46.375, 72.625, 3.303292933855815e-21, nan 
-46.125, 72.625, 1.2724258393541836e-21, nan 
-45.875, 72.625, 2.7493302166621405e-21, nan 
-45.625, 72.625, 4.129154642204994e-21, nan 
-45.375, 72.625, 2.5027503272433038e-21, nan 
-45.125, 72.625, 2.2241096777653547e-21, nan 
-44.875, 72.625, 2.659295728365151e-21, nan 
-44.625, 72.625, 2.0164891615656437e-21, nan 
-44.375, 72.625, 1.2837459612491743e-21, nan 
-44.125, 72.625, 2.091538376980963e-21, nan 
-43.875, 72.625, 1.239082579330353e-21, nan 
-43.625, 72.625, 1.6236520698871855e-21, nan 
-43.375, 72.625, 3.6792997438973614e-21, nan 
-43.125, 72.625, 2.592262023003787e-21, nan 
-42.875, 72.625, 1.7200792403710174e-21, nan 
-42.625, 72.625, 1.860955649717171e-21, nan 
-42.375, 72.625, 1.7472812438754935e-21, nan 
-42.125, 72.625, 1.208275584200189e-21, nan 
-41.875, 72.625, 8.667471758111695e-22, nan 
-41.625, 72.625, 1.0780413688431946e-21, nan 
-41.375, 72.625, 1.1513399043074902e-21, nan 
-41.125, 72.625, 1.6265188904517434e-21, nan 
-40.875, 72.625, 9.96998298324982e-22, nan 
-40.625, 72.625, 9.371851437911818e-22, nan 
-40.375, 72.625, 1.3725186856535162e-21, nan 
-40.125, 72.625, 1.1438144976843108e-21, nan 
-39.875, 72.625, 4.671684577602683e-22, nan 
-39.625, 72.625, 5.422660918974046e-22, nan 
-39.375, 72.625, 6.369371431947358e-22, nan 
-39.125, 72.625, 5.934811379301079e-22, nan 
-38.875, 72.625, 8.960534960768545e-22, nan 
-38.625, 72.625, 7.1195716744764055e-22, nan 
-38.375, 72.625, 5.403068525557196e-22, nan 
-38.125, 72.625, 7.664979903579984e-22, nan 
-37.875, 72.625, 6.919614183613181e-22, nan 
-37.625, 72.625, 6.629148149073621e-22, nan 
-37.375, 72.625, 7.524765538677244e-22, nan 
-37.125, 72.625, 5.452453828936325e-22, nan 
-36.875, 72.625, 5.537473813972741e-22, nan 
-36.625, 72.625, 6.627584951103853e-22, nan 
-36.375, 72.625, 3.3011968434304183e-22, nan 
-36.125, 72.625, 1.5487885182430677e-22, nan 
-35.875, 72.625, 5.2343973484537366e-23, nan 
-35.625, 72.625, 2.1022805848504175e-22, nan 
-35.375, 72.625, 1.3035656715983976e-22, nan 
-35.125, 72.625, 1.1710327283235795e-22, nan 
-34.875, 72.625, 1.0996225264495e-22, nan 
-34.625, 72.625, 1.55094936674261e-22, nan 
-34.375, 72.625, 1.5531093315223716e-22, nan 
-34.125, 72.625, 1.2495443771727214e-22, nan 
-33.875, 72.625, 3.258596193999364e-22, nan 
-33.625, 72.625, 4.2927603208195215e-22, nan 
-33.375, 72.625, 5.763790203720371e-22, nan 
-33.125, 72.625, 5.243149493414852e-22, nan 
-32.875, 72.625, 4.801648793268164e-22, nan 
-32.625, 72.625, 6.146993781662707e-22, nan 
-32.375, 72.625, 5.642471312096902e-22, nan 
-32.125, 72.625, 3.1554531253548754e-22, nan 
-31.875, 72.625, 2.7391927249206177e-22, nan 
-31.625, 72.625, 3.7162625587055136e-22, nan 
-31.375, 72.625, 2.5559844763914737e-22, nan 
-31.125, 72.625, 1.2412937670265705e-22, nan 
-30.875, 72.625, 1.4032458190735683e-22, nan 
-30.625, 72.625, 2.1470222444152734e-22, nan 
-30.375, 72.625, 3.570953242715694e-22, nan 
-30.125, 72.625, 3.751440033494274e-22, nan 
-29.875, 72.625, 2.8916641844843137e-22, nan 
-29.625, 72.625, 1.777929307945802e-22, nan 
-29.375, 72.625, 1.3853417661793534e-22, nan 
-29.125, 72.625, 1.322964587671059e-22, nan 
-28.875, 72.625, 1.932761460989715e-22, nan 
-28.625, 72.625, 2.8426420440499925e-22, nan 
-28.375, 72.625, 1.4536326325202414e-22, nan 
-28.125, 72.625, 1.7410624051334888e-22, nan 
-27.875, 72.625, 2.6181303736229444e-22, nan 
-27.625, 72.625, 1.3908155010167795e-22, nan 
-27.375, 72.625, 1.351704804995561e-22, nan 
-27.125, 72.625, 2.1113714132958694e-22, nan 
-26.875, 72.625, 1.452434847695155e-22, nan 
-26.625, 72.625, 2.1966646677300467e-22, nan 
-26.375, 72.625, 1.5984263886950342e-22, nan 
-26.125, 72.625, 1.729320168684131e-22, nan 
-25.875, 72.625, 1.9582145494073785e-22, nan 
-25.625, 72.625, 1.6711089198198837e-22, nan 
-25.375, 72.625, 1.5132678548392173e-22, nan 
-25.125, 72.625, 1.3456893764537356e-22, nan 
-24.875, 72.625, 1.4485768577466739e-22, nan 
-24.625, 72.625, 7.168421615594435e-23, nan 
-24.375, 72.625, 8.604484970712328e-23, nan 
-24.125, 72.625, 9.219647221084925e-23, nan 
-23.875, 72.625, 8.405113385750356e-23, nan 
-23.625, 72.625, 1.0016715413559694e-22, nan 
-23.375, 72.625, 1.2840330201528448e-22, nan 
-23.125, 72.625, 1.2336465254986657e-22, nan 
-22.875, 72.625, 1.0161216972152426e-22, nan 
-22.625, 72.625, 1.0956823639337182e-22, nan 
-22.375, 72.625, 1.6050112145685563e-22, nan 
-22.125, 72.625, 1.1770903433932576e-22, nan 
-21.875, 72.625, 1.02879717623175e-22, nan 
-21.625, 72.625, 1.7158563356363624e-22, nan 
-21.375, 72.625, 1.4525706095181701e-22, nan 
-21.125, 72.625, 1.572864121504059e-22, nan 
-20.875, 72.625, 3.3981301771946034e-22, nan 
-20.625, 72.625, 2.332567728165833e-22, nan 
-20.375, 72.625, 1.9248440150188185e-22, nan 
-20.125, 72.625, 4.454324207109637e-22, nan 
-19.875, 72.625, 2.391643791967977e-22, nan 
-19.625, 72.625, 2.0870309064940185e-22, nan 
-19.375, 72.625, 2.8896627010696816e-22, nan 
-19.125, 72.625, 2.6162675621902937e-22, nan 
-18.875, 72.625, 2.102617456694027e-22, nan 
-18.625, 72.625, 4.491064919597122e-23, nan 
-18.375, 72.625, 1.3910052416838957e-22, nan 
-18.125, 72.625, 1.1110907750462147e-22, nan 
-17.875, 72.625, 7.896896413194912e-23, nan 
-17.625, 72.625, 4.829773717143553e-23, nan 
-17.375, 72.625, 6.817140257247993e-23, nan 
-17.125, 72.625, 8.536293665901344e-23, nan 
-16.875, 72.625, 4.9592215681846297e-23, nan 
-16.625, 72.625, 5.30660749878769e-23, nan 
-16.375, 72.625, 4.79801096046167e-23, nan 
-16.125, 72.625, 1.842176621001961e-23, nan 
-15.875, 72.625, 6.368697080128539e-23, nan 
-15.625, 72.625, 8.503680555681589e-23, nan 
-15.375, 72.625, 1.2775322916352714e-22, nan 
-15.125, 72.625, 1.180834605109678e-22, nan 
-14.875, 72.625, 4.626815669359062e-23, nan 
-14.625, 72.625, 4.937836903242956e-23, nan 
-14.375, 72.625, 5.348746501801092e-23, nan 
-14.125, 72.625, 5.157866972204947e-23, nan 
-13.875, 72.625, 3.529387381044205e-23, nan 
-13.625, 72.625, 3.103485121008565e-23, nan 
-13.375, 72.625, 4.296755616996687e-23, nan 
-13.125, 72.625, 5.548515364236522e-23, nan 
-12.875, 72.625, 2.7912390890976694e-23, nan 
-12.625, 72.625, 6.307052637961147e-23, nan 
-12.375, 72.625, 6.885774724236387e-23, nan 
-12.125, 72.625, 3.663897812023787e-23, nan 
-11.875, 72.625, 4.9984468925998134e-23, nan 
-11.625, 72.625, 4.8629069070166274e-23, nan 
-11.375, 72.625, 3.4127403752183124e-23, nan 
-11.125, 72.625, 3.79957355421571e-23, nan 
-10.875, 72.625, 2.801330316805229e-23, nan 
-10.625, 72.625, 1.710436707696849e-23, nan 
-10.375, 72.625, 2.1516791832140393e-23, nan 
-10.125, 72.625, 2.1041361844567842e-23, nan 
-9.875, 72.625, 1.9723969910262372e-23, nan 
-9.625, 72.625, 2.627316704728857e-23, nan 
-9.375, 72.625, 3.031631193674125e-23, nan 
-9.125, 72.625, 2.9846080319269605e-23, nan 
-8.875, 72.625, 2.2862344797082618e-23, nan 
-8.625, 72.625, 3.16503163430781e-23, nan 
-8.375, 72.625, 2.5130462200676693e-23, nan 
-8.125, 72.625, 3.063051827633723e-23, nan 
-7.875, 72.625, 3.8097043266113265e-23, nan 
-7.625, 72.625, 3.4371774110882e-23, nan 
-7.375, 72.625, 3.914497286172486e-23, nan 
-7.125, 72.625, 4.2051138438565033e-23, nan 
-6.875, 72.625, 3.3970171129226963e-23, nan 
-6.625, 72.625, 4.14291053465252e-23, nan 
-6.375, 72.625, 2.350000219009153e-23, nan 
-6.125, 72.625, 3.7428497120213674e-23, nan 
-5.875, 72.625, 3.858199321103368e-23, nan 
-5.625, 72.625, 3.827444633387736e-23, nan 
-5.375, 72.625, 2.4520189701712522e-23, nan 
-5.125, 72.625, 3.998500574800698e-23, nan 
-4.875, 72.625, 5.22206053942794e-23, nan 
-4.625, 72.625, 3.915856394201112e-23, nan 
-4.375, 72.625, 3.472745484093574e-23, nan 
-4.125, 72.625, 3.171166081844504e-23, nan 
-3.875, 72.625, 2.832132825129125e-23, nan 
-3.625, 72.625, 3.356272690456579e-23, nan 
-3.375, 72.625, 2.772255041468685e-23, nan 
-3.125, 72.625, 3.114776034648233e-23, nan 
-2.875, 72.625, 2.5173878233904616e-23, nan 
-2.625, 72.625, 2.911736251272871e-23, nan 
-2.375, 72.625, 2.334211871769415e-23, nan 
-2.125, 72.625, 1.6431842646688756e-23, nan 
-1.875, 72.625, 1.9459292662229138e-23, nan 
-1.625, 72.625, 6.729537393280126e-24, nan 
-1.375, 72.625, 1.230991838654839e-23, nan 
-1.125, 72.625, 2.0897565888498574e-23, nan 
-0.875, 72.625, 1.908271914834981e-23, nan 
-0.625, 72.625, 2.6741479960200637e-23, nan 
-0.375, 72.625, 2.4932888991524108e-23, nan 
-0.125, 72.625, 2.0738468839177838e-23, nan 
0.125, 72.625, 2.9161446135394617e-23, nan 
0.375, 72.625, 2.6076692606448527e-23, nan 
0.625, 72.625, 2.5376435054614802e-23, nan 
0.875, 72.625, 1.4283750236810852e-23, nan 
1.125, 72.625, 1.2977180148859248e-23, nan 
1.375, 72.625, 2.449573417115727e-23, nan 
1.625, 72.625, 2.4235978584173075e-23, nan 
1.875, 72.625, 2.9389910757115973e-23, nan 
2.125, 72.625, 2.520859884572502e-23, nan 
2.375, 72.625, 2.3432634134729653e-23, nan 
2.625, 72.625, 2.3601058850769223e-23, nan 
2.875, 72.625, 1.2978409024968583e-23, nan 
3.125, 72.625, 1.0632851393818327e-23, nan 
3.375, 72.625, 7.662346242558651e-24, nan 
3.625, 72.625, 7.906693123950576e-24, nan 
3.875, 72.625, 1.1382688746664948e-23, nan 
4.125, 72.625, 7.827780464699443e-24, nan 
4.375, 72.625, 3.892212672643775e-24, nan 
4.625, 72.625, 2.606352500464519e-24, nan 
4.875, 72.625, 6.5539631135542e-24, nan 
5.125, 72.625, 5.501371480915362e-24, nan 
5.375, 72.625, 4.427012143374653e-24, nan 
5.625, 72.625, 6.179434942734512e-24, nan 
5.875, 72.625, 7.275842600359339e-24, nan 
6.125, 72.625, 6.68633540433089e-24, nan 
6.375, 72.625, 1.4164061736320538e-23, nan 
6.625, 72.625, 1.0048653774059533e-23, nan 
6.875, 72.625, 7.944226295935169e-24, nan 
7.125, 72.625, 9.644824577887158e-24, nan 
7.375, 72.625, 7.913320120059096e-24, nan 
7.625, 72.625, 8.20361349763192e-24, nan 
7.875, 72.625, 1.059818470412808e-23, nan 
8.125, 72.625, 1.2141586723196555e-23, nan 
8.375, 72.625, 1.4246997613571168e-23, nan 
8.625, 72.625, 1.1268270473926577e-23, nan 
8.875, 72.625, 1.1326242255462564e-23, nan 
9.125, 72.625, 1.396074527258292e-23, nan 
9.375, 72.625, 1.2451558118842785e-23, nan 
9.625, 72.625, 1.0192528231019894e-23, nan 
9.875, 72.625, 7.641202870110416e-24, nan 
10.125, 72.625, 8.081709511492712e-24, nan 
10.375, 72.625, 1.4214559033278835e-23, nan 
10.625, 72.625, 9.060971911252035e-24, nan 
10.875, 72.625, 6.621338395352615e-24, nan 
11.125, 72.625, 1.3991795594600683e-23, nan 
11.375, 72.625, 9.371208351901699e-24, nan 
11.625, 72.625, 5.2531221215113165e-24, nan 
11.875, 72.625, 7.35811229799564e-24, nan 
12.125, 72.625, 5.565478710232668e-24, nan 
12.375, 72.625, 2.9897673198693983e-24, nan 
12.625, 72.625, 3.355836639653382e-24, nan 
12.875, 72.625, 2.6804148905477435e-24, nan 
13.125, 72.625, 2.6904730364722573e-24, nan 
13.375, 72.625, 3.02871395042247e-24, nan 
13.625, 72.625, 2.630379587698677e-24, nan 
13.875, 72.625, 4.352101252819015e-24, nan 
14.125, 72.625, 2.62312343488232e-24, nan 
14.375, 72.625, 4.854493432329289e-24, nan 
14.625, 72.625, 6.363358390982418e-24, nan 
14.875, 72.625, 4.3642084397076995e-24, nan 
15.125, 72.625, 4.7397100198478085e-24, nan 
15.375, 72.625, 5.007300694370476e-24, nan 
15.625, 72.625, 5.087556664631935e-24, nan 
15.875, 72.625, 4.370361844510509e-24, nan 
16.125, 72.625, 5.7634488057190504e-24, nan 
16.375, 72.625, 3.772564117008133e-24, nan 
16.625, 72.625, 3.1616285568515433e-24, nan 
16.875, 72.625, 4.003587355630112e-24, nan 
17.125, 72.625, 3.141597897877685e-24, nan 
17.375, 72.625, 2.6507369874117697e-24, nan 
17.625, 72.625, 2.1123333515901683e-24, nan 
17.875, 72.625, 2.941462432722261e-24, nan 
18.125, 72.625, 3.775393899676119e-24, nan 
18.375, 72.625, 5.066937632607389e-24, nan 
18.625, 72.625, 4.305795406433959e-24, nan 
18.875, 72.625, 4.517929610273931e-24, nan 
-91.875, 72.875, 4.1292443382016327e-22, nan 
-91.625, 72.875, 4.213513454105179e-22, nan 
-91.375, 72.875, 3.649867950380539e-22, nan 
-91.125, 72.875, 5.329974528351851e-22, nan 
-90.875, 72.875, 4.72660091312676e-22, nan 
-90.625, 72.875, 3.766131753575925e-22, nan 
-90.375, 72.875, 6.556726093655733e-22, nan 
-90.125, 72.875, 6.063405883115852e-22, nan 
-89.875, 72.875, 4.546488066895775e-22, nan 
-89.625, 72.875, 6.97714223037591e-22, nan 
-89.375, 72.875, 6.359385224083197e-22, nan 
-89.125, 72.875, 5.24049432053808e-22, nan 
-88.875, 72.875, 4.0641425201447726e-22, nan 
-88.625, 72.875, 3.9136473926752407e-22, nan 
-88.375, 72.875, 3.91360084852313e-22, nan 
-88.125, 72.875, 4.782539024109454e-22, nan 
-87.875, 72.875, 4.687397190010848e-22, nan 
-87.625, 72.875, 5.852839426549775e-22, nan 
-87.375, 72.875, 6.782003247093312e-22, nan 
-87.125, 72.875, 8.693470780373266e-22, nan 
-86.875, 72.875, 1.0386365543536035e-21, nan 
-86.625, 72.875, 9.296627136306294e-22, nan 
-86.375, 72.875, 8.605087529109745e-22, nan 
-86.125, 72.875, 8.620772464192722e-22, nan 
-85.875, 72.875, 6.687385492696301e-22, nan 
-85.625, 72.875, 2.7724547852638986e-22, nan 
-85.375, 72.875, 4.546468161214394e-22, nan 
-85.125, 72.875, 5.844206480692072e-22, nan 
-84.875, 72.875, 6.685593908335029e-22, nan 
-84.625, 72.875, 7.499840611746162e-22, nan 
-84.375, 72.875, 9.939255812996718e-22, nan 
-84.125, 72.875, 7.486057265202685e-22, nan 
-83.875, 72.875, 1.0375486045078449e-21, nan 
-83.625, 72.875, 9.462661422306746e-22, nan 
-83.375, 72.875, 4.301002719831389e-22, nan 
-83.125, 72.875, 3.8448092534174673e-22, nan 
-82.875, 72.875, 5.428735920900278e-22, nan 
-82.625, 72.875, 3.6185760784725853e-22, nan 
-82.375, 72.875, 4.605285347698962e-22, nan 
-82.125, 72.875, 6.072931680791358e-22, nan 
-81.875, 72.875, 7.272154667453003e-22, nan 
-81.625, 72.875, 9.372080862928101e-22, nan 
-81.375, 72.875, 6.979865308984114e-22, nan 
-81.125, 72.875, 8.83651491570293e-22, nan 
-80.875, 72.875, 1.2664601435604786e-21, nan 
-80.625, 72.875, 1.1705996129928672e-21, nan 
-80.375, 72.875, 1.3868183353845373e-21, nan 
-80.125, 72.875, 1.3914623011298842e-21, nan 
-79.875, 72.875, 1.283812578056565e-21, nan 
-79.625, 72.875, 1.1941872607355454e-21, nan 
-79.375, 72.875, 1.2443198938782523e-21, nan 
-79.125, 72.875, 1.4623197401742423e-21, nan 
-78.875, 72.875, 1.5203343046209125e-21, nan 
-78.625, 72.875, 1.6058373584522945e-21, nan 
-78.375, 72.875, 1.5552241603807392e-21, nan 
-78.125, 72.875, 1.6095363372326582e-21, nan 
-77.875, 72.875, 1.7093996401586476e-21, nan 
-77.625, 72.875, 1.8390587240307477e-21, nan 
-77.375, 72.875, 2.815837564206205e-21, nan 
-77.125, 72.875, 2.1675504821479292e-21, nan 
-76.875, 72.875, 1.3628298136050385e-21, nan 
-76.625, 72.875, 3.880017037594024e-21, nan 
-76.375, 72.875, 3.793254877482696e-21, nan 
-76.125, 72.875, 2.6238748270738565e-21, nan 
-75.875, 72.875, 2.4693588741198078e-21, nan 
-75.625, 72.875, 2.734256482643716e-21, nan 
-75.375, 72.875, 1.5450313367730326e-21, nan 
-75.125, 72.875, 6.475957728858084e-22, nan 
-74.875, 72.875, 8.568837649481114e-22, nan 
-74.625, 72.875, 9.015106803467354e-22, nan 
-74.375, 72.875, 1.537259783543991e-21, nan 
-74.125, 72.875, 1.7562150670320993e-21, nan 
-73.875, 72.875, 1.6579760167331488e-21, nan 
-73.625, 72.875, 1.304022283225907e-21, nan 
-73.375, 72.875, 1.1756268086468327e-21, nan 
-73.125, 72.875, 1.0507201440778526e-21, nan 
-72.875, 72.875, 8.416086634735911e-22, nan 
-72.625, 72.875, 9.176741910570223e-22, nan 
-72.375, 72.875, 1.6499523109341003e-21, nan 
-72.125, 72.875, 1.2786566091497673e-21, nan 
-71.875, 72.875, 1.2895648742298787e-21, nan 
-71.625, 72.875, 1.9928272910013603e-21, nan 
-71.375, 72.875, 1.7022546286114474e-21, nan 
-71.125, 72.875, 2.1055487084925313e-21, nan 
-70.875, 72.875, 2.493699591792457e-21, nan 
-70.625, 72.875, 2.6552098527195063e-21, nan 
-70.375, 72.875, 2.1247189136202134e-21, nan 
-70.125, 72.875, 1.2419409845397994e-21, nan 
-69.875, 72.875, 2.0877531314579042e-21, nan 
-69.625, 72.875, 1.4961554233318934e-21, nan 
-69.375, 72.875, 2.007583673529476e-21, nan 
-69.125, 72.875, 1.9809790377405966e-21, nan 
-68.875, 72.875, 1.1500381149123594e-21, nan 
-68.625, 72.875, 4.8342478115826745e-21, nan 
-68.375, 72.875, 4.012981339005411e-21, nan 
-68.125, 72.875, 3.105425523587198e-21, nan 
-67.875, 72.875, 3.1380745462955424e-21, nan 
-67.625, 72.875, 2.565369163933598e-21, nan 
-67.375, 72.875, 2.6740632276591126e-21, nan 
-67.125, 72.875, 2.28544291155722e-21, nan 
-66.875, 72.875, 1.721831790449217e-21, nan 
-66.625, 72.875, 2.3150203011131693e-21, nan 
-66.375, 72.875, 1.4881124140919165e-21, nan 
-66.125, 72.875, 1.4124729013688785e-21, nan 
-65.875, 72.875, 1.5329315441129074e-21, nan 
-65.625, 72.875, 1.6914670741615816e-21, nan 
-65.375, 72.875, 1.4840105041582602e-21, nan 
-65.125, 72.875, 1.84722024368612e-21, nan 
-64.875, 72.875, 2.302423387344504e-21, nan 
-64.625, 72.875, 1.4381564638799559e-21, nan 
-64.375, 72.875, 1.663249953720374e-21, nan 
-64.125, 72.875, 9.382427678843795e-22, nan 
-63.875, 72.875, 1.5540183528133365e-21, nan 
-63.625, 72.875, 2.6891781499463265e-21, nan 
-63.375, 72.875, 3.651659911109199e-21, nan 
-63.125, 72.875, 1.876874302609744e-21, nan 
-62.875, 72.875, 3.77373252462319e-21, nan 
-62.625, 72.875, 5.662894299175301e-21, nan 
-62.375, 72.875, 3.1429123688340605e-21, nan 
-62.125, 72.875, 3.936388023062386e-21, nan 
-61.875, 72.875, 4.914713972181151e-21, nan 
-61.625, 72.875, 3.851731401257053e-21, nan 
-61.375, 72.875, 3.2024640139376576e-21, nan 
-61.125, 72.875, 2.835959850696709e-21, nan 
-60.875, 72.875, 3.0918724409165105e-21, nan 
-60.625, 72.875, 1.2856314035332951e-21, nan 
-60.375, 72.875, 1.8502046744479896e-21, nan 
-60.125, 72.875, 2.2922918670271617e-21, nan 
-59.875, 72.875, 3.298900568695677e-21, nan 
-59.625, 72.875, 4.452175974384644e-21, nan 
-59.375, 72.875, 4.077823371554189e-21, nan 
-59.125, 72.875, 7.406077933646718e-21, nan 
-58.875, 72.875, 6.6073942908000725e-21, nan 
-58.625, 72.875, 4.402312218069414e-21, nan 
-58.375, 72.875, 7.919985853219e-21, nan 
-58.125, 72.875, 5.550326630332542e-21, nan 
-57.875, 72.875, 1.1760219260751245e-20, nan 
-57.625, 72.875, 1.8115415024570345e-20, nan 
-57.375, 72.875, 9.562424482215824e-21, nan 
-57.125, 72.875, 7.495438600885747e-21, nan 
-56.875, 72.875, 1.211211735720682e-20, nan 
-56.625, 72.875, 6.943025387298241e-21, nan 
-56.375, 72.875, 2.2801943599794287e-21, nan 
-56.125, 72.875, 3.84088392562474e-21, nan 
-55.875, 72.875, 3.634393158625623e-21, nan 
-55.625, 72.875, 2.6672681777612977e-21, nan 
-55.375, 72.875, 2.7768772965004573e-21, nan 
-55.125, 72.875, 3.4095712619898676e-21, nan 
-54.875, 72.875, 2.3130539536079025e-21, nan 
-54.625, 72.875, 2.0043575382460113e-21, nan 
-54.375, 72.875, 2.2568977122318784e-21, nan 
-54.125, 72.875, 1.778034007002775e-21, nan 
-53.875, 72.875, 2.0540487984512168e-21, nan 
-53.625, 72.875, 1.8037226941601237e-21, nan 
-53.375, 72.875, 1.503822401540152e-21, nan 
-53.125, 72.875, 1.6012086135945916e-21, nan 
-52.875, 72.875, 1.2635357217011334e-21, nan 
-52.625, 72.875, 1.6301734363498594e-21, nan 
-52.375, 72.875, 1.2575709243434823e-21, nan 
-52.125, 72.875, 1.4903295578337937e-21, nan 
-51.875, 72.875, 1.5605462613914616e-21, nan 
-51.625, 72.875, 1.6324798847907156e-21, nan 
-51.375, 72.875, 1.7946923165675348e-21, nan 
-51.125, 72.875, 1.950612051581351e-21, nan 
-50.875, 72.875, 1.9412440057593797e-21, nan 
-50.625, 72.875, 2.0404434395263e-21, nan 
-50.375, 72.875, 1.9311414121708552e-21, nan 
-50.125, 72.875, 1.9879444778646964e-21, nan 
-49.875, 72.875, 2.2870636984069305e-21, nan 
-49.625, 72.875, 2.2063643241953606e-21, nan 
-49.375, 72.875, 1.8819176351713616e-21, nan 
-49.125, 72.875, 1.7865036580274924e-21, nan 
-48.875, 72.875, 1.805171600400375e-21, nan 
-48.625, 72.875, 1.451403928392608e-21, nan 
-48.375, 72.875, 1.3195478990364924e-21, nan 
-48.125, 72.875, 1.7078929247323844e-21, nan 
-47.875, 72.875, 1.5902058224714893e-21, nan 
-47.625, 72.875, 2.145013269711351e-21, nan 
-47.375, 72.875, 2.11023225987751e-21, nan 
-47.125, 72.875, 2.21980867985206e-21, nan 
-46.875, 72.875, 1.1097478294796528e-21, nan 
-46.625, 72.875, 1.023126957572869e-21, nan 
-46.375, 72.875, 1.3728511306162641e-21, nan 
-46.125, 72.875, 1.5982879650851381e-21, nan 
-45.875, 72.875, 1.851589377073136e-21, nan 
-45.625, 72.875, 2.3652488048467006e-21, nan 
-45.375, 72.875, 1.506420274584721e-21, nan 
-45.125, 72.875, 1.2238488077047652e-21, nan 
-44.875, 72.875, 8.66680383988191e-22, nan 
-44.625, 72.875, 5.3707402652109755e-22, nan 
-44.375, 72.875, 8.507332272264652e-22, nan 
-44.125, 72.875, 7.657438984892312e-22, nan 
-43.875, 72.875, 8.293275790379121e-22, nan 
-43.625, 72.875, 1.1440415238118814e-21, nan 
-43.375, 72.875, 1.7149920864759567e-21, nan 
-43.125, 72.875, 1.3204064968359247e-21, nan 
-42.875, 72.875, 8.900411364679073e-22, nan 
-42.625, 72.875, 5.1552586785585225e-22, nan 
-42.375, 72.875, 1.0061724242356448e-21, nan 
-42.125, 72.875, 5.662495873379916e-22, nan 
-41.875, 72.875, 6.348202736972691e-22, nan 
-41.625, 72.875, 1.0890426052962074e-21, nan 
-41.375, 72.875, 9.33822624278358e-22, nan 
-41.125, 72.875, 1.0843026597104996e-21, nan 
-40.875, 72.875, 1.112966689459605e-21, nan 
-40.625, 72.875, 8.869083262248974e-22, nan 
-40.375, 72.875, 9.166257618671394e-22, nan 
-40.125, 72.875, 8.314201160358367e-22, nan 
-39.875, 72.875, 4.249987834933369e-22, nan 
-39.625, 72.875, 3.154984215270885e-22, nan 
-39.375, 72.875, 3.717978897308054e-22, nan 
-39.125, 72.875, 4.848253538947401e-22, nan 
-38.875, 72.875, 5.109802568680937e-22, nan 
-38.625, 72.875, 4.80040913874406e-22, nan 
-38.375, 72.875, 5.130618314225609e-22, nan 
-38.125, 72.875, 4.5546274019242e-22, nan 
-37.875, 72.875, 4.376170941364225e-22, nan 
-37.625, 72.875, 3.479535936771984e-22, nan 
-37.375, 72.875, 4.0362455292673643e-22, nan 
-37.125, 72.875, 2.812722447822477e-22, nan 
-36.875, 72.875, 2.4107259530903983e-22, nan 
-36.625, 72.875, 1.3616490241610938e-22, nan 
-36.375, 72.875, 2.7411982561636016e-22, nan 
-36.125, 72.875, 2.4561862315637167e-22, nan 
-35.875, 72.875, 1.8631804281914712e-22, nan 
-35.625, 72.875, 9.295505733335105e-23, nan 
-35.375, 72.875, 3.7441912995887886e-23, nan 
-35.125, 72.875, 1.8090731737003408e-22, nan 
-34.875, 72.875, 9.807274808218666e-23, nan 
-34.625, 72.875, 1.8411891464078917e-22, nan 
-34.375, 72.875, 2.2507562933126025e-22, nan 
-34.125, 72.875, 3.713991687226303e-22, nan 
-33.875, 72.875, 3.474498520203937e-22, nan 
-33.625, 72.875, 4.435226321654869e-22, nan 
-33.375, 72.875, 5.882001225816027e-22, nan 
-33.125, 72.875, 4.460600702216382e-22, nan 
-32.875, 72.875, 4.3986950994067e-22, nan 
-32.625, 72.875, 6.054283437884888e-22, nan 
-32.375, 72.875, 5.230128207138292e-22, nan 
-32.125, 72.875, 2.5734524251736297e-22, nan 
-31.875, 72.875, 3.9682536048839225e-22, nan 
-31.625, 72.875, 3.966190471849801e-22, nan 
-31.375, 72.875, 2.204627949801591e-22, nan 
-31.125, 72.875, 1.4040747729710816e-22, nan 
-30.875, 72.875, 1.6020503183770518e-22, nan 
-30.625, 72.875, 1.2491285763670563e-22, nan 
-30.375, 72.875, 9.723106762824773e-23, nan 
-30.125, 72.875, 1.2565070966884418e-22, nan 
-29.875, 72.875, 1.2094501445311677e-22, nan 
-29.625, 72.875, 2.0319624633624978e-22, nan 
-29.375, 72.875, 3.55440234433928e-22, nan 
-29.125, 72.875, 1.967006582789957e-22, nan 
-28.875, 72.875, 1.0775477163750022e-22, nan 
-28.625, 72.875, 3.9580274670749704e-22, nan 
-28.375, 72.875, 2.2200519521751753e-22, nan 
-28.125, 72.875, 1.0953203331349387e-22, nan 
-27.875, 72.875, 1.9820802067871822e-22, nan 
-27.625, 72.875, 1.2151346759054218e-22, nan 
-27.375, 72.875, 1.283046060036909e-22, nan 
-27.125, 72.875, 1.8644573692987501e-22, nan 
-26.875, 72.875, 9.04815960623557e-23, nan 
-26.625, 72.875, 1.0996213511237359e-22, nan 
-26.375, 72.875, 1.4138870344121042e-22, nan 
-26.125, 72.875, 1.2503943690887187e-22, nan 
-25.875, 72.875, 1.368988859834473e-22, nan 
-25.625, 72.875, 1.0127281215543337e-22, nan 
-25.375, 72.875, 1.13245319205079e-22, nan 
-25.125, 72.875, 1.0120857114373045e-22, nan 
-24.875, 72.875, 9.340428645131656e-23, nan 
-24.625, 72.875, 8.43389492732403e-23, nan 
-24.375, 72.875, 9.551805610645859e-23, nan 
-24.125, 72.875, 9.63345543730376e-23, nan 
-23.875, 72.875, 5.425312004280437e-23, nan 
-23.625, 72.875, 8.55333414523484e-23, nan 
-23.375, 72.875, 1.4578646033165365e-22, nan 
-23.125, 72.875, 1.0203293687859435e-22, nan 
-22.875, 72.875, 1.0613967893057487e-22, nan 
-22.625, 72.875, 1.1261927529717043e-22, nan 
-22.375, 72.875, 1.3347468154986427e-22, nan 
-22.125, 72.875, 1.331490927898235e-22, nan 
-21.875, 72.875, 1.211979161907816e-22, nan 
-21.625, 72.875, 1.5590536840198203e-22, nan 
-21.375, 72.875, 1.5046632118203704e-22, nan 
-21.125, 72.875, 1.2477856961668708e-22, nan 
-20.875, 72.875, 1.3250017894254176e-22, nan 
-20.625, 72.875, 1.245954002007726e-22, nan 
-20.375, 72.875, 9.546969929902611e-23, nan 
-20.125, 72.875, 2.2284209205414245e-22, nan 
-19.875, 72.875, 2.534536393178281e-22, nan 
-19.625, 72.875, 2.0903315174156235e-22, nan 
-19.375, 72.875, 1.229550482488222e-22, nan 
-19.125, 72.875, 2.576459220226219e-22, nan 
-18.875, 72.875, 1.7949709819930737e-22, nan 
-18.625, 72.875, 7.006359447307225e-23, nan 
-18.375, 72.875, 1.1064362912656434e-22, nan 
-18.125, 72.875, 8.075996589390193e-23, nan 
-17.875, 72.875, 5.935308586595697e-23, nan 
-17.625, 72.875, 9.189405151949114e-23, nan 
-17.375, 72.875, 1.0938602086353122e-22, nan 
-17.125, 72.875, 6.490136958110365e-23, nan 
-16.875, 72.875, 5.363228235078571e-23, nan 
-16.625, 72.875, 1.1578117152956524e-22, nan 
-16.375, 72.875, 5.1766451649783543e-23, nan 
-16.125, 72.875, 4.8094432634048087e-23, nan 
-15.875, 72.875, 6.344539622514058e-23, nan 
-15.625, 72.875, 5.2615542750122123e-23, nan 
-15.375, 72.875, 6.041937479444147e-23, nan 
-15.125, 72.875, 6.524364159830684e-23, nan 
-14.875, 72.875, 6.133754217534109e-23, nan 
-14.625, 72.875, 4.0666733405178425e-23, nan 
-14.375, 72.875, 6.60386775180885e-23, nan 
-14.125, 72.875, 6.690130949896375e-23, nan 
-13.875, 72.875, 4.8077983754413273e-23, nan 
-13.625, 72.875, 2.424900215641928e-23, nan 
-13.375, 72.875, 4.6181827274455735e-23, nan 
-13.125, 72.875, 5.053023438184509e-23, nan 
-12.875, 72.875, 2.5341746455536852e-23, nan 
-12.625, 72.875, 3.142511414594189e-23, nan 
-12.375, 72.875, 3.671383205452995e-23, nan 
-12.125, 72.875, 2.2163595360716396e-23, nan 
-11.875, 72.875, 2.0851051316634544e-23, nan 
-11.625, 72.875, 3.3947473708494003e-23, nan 
-11.375, 72.875, 2.143275696089206e-23, nan 
-11.125, 72.875, 2.4599348799099003e-23, nan 
-10.875, 72.875, 3.7912178284667054e-23, nan 
-10.625, 72.875, 2.6639193187447816e-23, nan 
-10.375, 72.875, 2.3280549901565825e-23, nan 
-10.125, 72.875, 2.885742235302079e-23, nan 
-9.875, 72.875, 2.3540699629869434e-23, nan 
-9.625, 72.875, 1.1721864463625425e-23, nan 
-9.375, 72.875, 2.1652428461440775e-23, nan 
-9.125, 72.875, 2.9101777127457707e-23, nan 
-8.875, 72.875, 2.871104722622752e-23, nan 
-8.625, 72.875, 2.879214840757263e-23, nan 
-8.375, 72.875, 3.3832176318385195e-23, nan 
-8.125, 72.875, 3.006137185403999e-23, nan 
-7.875, 72.875, 2.6347026048356956e-23, nan 
-7.625, 72.875, 2.504423037515763e-23, nan 
-7.375, 72.875, 2.5872456311521158e-23, nan 
-7.125, 72.875, 3.004246204925965e-23, nan 
-6.875, 72.875, 3.22370586904376e-23, nan 
-6.625, 72.875, 2.3123675404694435e-23, nan 
-6.375, 72.875, 3.252572864687269e-23, nan 
-6.125, 72.875, 2.845400658752817e-23, nan 
-5.875, 72.875, 4.5203751898700505e-23, nan 
-5.625, 72.875, 2.2447387240260063e-23, nan 
-5.375, 72.875, 1.4871993223745125e-23, nan 
-5.125, 72.875, 3.621217567921123e-23, nan 
-4.875, 72.875, 2.0669279162204238e-23, nan 
-4.625, 72.875, 2.586916201104645e-23, nan 
-4.375, 72.875, 2.0446308443989813e-23, nan 
-4.125, 72.875, 2.5693208073583385e-23, nan 
-3.875, 72.875, 2.5335738169032486e-23, nan 
-3.625, 72.875, 2.1861763138475866e-23, nan 
-3.375, 72.875, 2.274265871073699e-23, nan 
-3.125, 72.875, 2.5598588064562974e-23, nan 
-2.875, 72.875, 2.3149229498071002e-23, nan 
-2.625, 72.875, 2.3164210298540873e-23, nan 
-2.375, 72.875, 2.5304048341649675e-23, nan 
-2.125, 72.875, 1.6190098648061065e-23, nan 
-1.875, 72.875, 1.859542316824461e-23, nan 
-1.625, 72.875, 9.783361504386291e-24, nan 
-1.375, 72.875, 8.554223121109583e-24, nan 
-1.125, 72.875, 1.6591361613494647e-23, nan 
-0.875, 72.875, 2.389103885319992e-23, nan 
-0.625, 72.875, 1.56982510606312e-23, nan 
-0.375, 72.875, 1.7542659172464272e-23, nan 
-0.125, 72.875, 2.3767284439490572e-23, nan 
0.125, 72.875, 2.2185368769414262e-23, nan 
0.375, 72.875, 2.9189048987449176e-23, nan 
0.625, 72.875, 3.572163316013174e-23, nan 
0.875, 72.875, 2.4667042563809662e-23, nan 
1.125, 72.875, 2.2587193015841077e-23, nan 
1.375, 72.875, 2.924878900954023e-23, nan 
1.625, 72.875, 1.9169563006215638e-23, nan 
1.875, 72.875, 2.6490866173323875e-23, nan 
2.125, 72.875, 3.15160931068259e-23, nan 
2.375, 72.875, 2.3960716652165427e-23, nan 
2.625, 72.875, 2.208708675011604e-23, nan 
2.875, 72.875, 2.3792755682496995e-23, nan 
3.125, 72.875, 1.969066897522619e-23, nan 
3.375, 72.875, 1.4716985929912738e-23, nan 
3.625, 72.875, 7.158986479014155e-24, nan 
3.875, 72.875, 1.012704597860917e-23, nan 
4.125, 72.875, 1.5480925480865762e-23, nan 
4.375, 72.875, 8.099157442092762e-24, nan 
4.625, 72.875, 7.172023684909538e-24, nan 
4.875, 72.875, 1.2673395677476215e-23, nan 
5.125, 72.875, 9.084025236809516e-24, nan 
5.375, 72.875, 7.689661606254258e-24, nan 
5.625, 72.875, 1.0490880463386033e-23, nan 
5.875, 72.875, 9.593094529334742e-24, nan 
6.125, 72.875, 1.244125654441148e-23, nan 
6.375, 72.875, 1.7793683292980588e-23, nan 
6.625, 72.875, 1.1582276863296237e-23, nan 
6.875, 72.875, 6.0720794495854025e-24, nan 
7.125, 72.875, 9.80144406035383e-24, nan 
7.375, 72.875, 1.0535641354845304e-23, nan 
7.625, 72.875, 6.06132243880658e-24, nan 
7.875, 72.875, 9.08035920039248e-24, nan 
8.125, 72.875, 1.4007884847605048e-23, nan 
8.375, 72.875, 1.7871783413448745e-23, nan 
8.625, 72.875, 1.627590570651885e-23, nan 
8.875, 72.875, 1.5590146223980542e-23, nan 
9.125, 72.875, 1.8682759873477548e-23, nan 
9.375, 72.875, 1.3429012605317805e-23, nan 
9.625, 72.875, 6.695959543304102e-24, nan 
9.875, 72.875, 3.4896908865812736e-24, nan 
10.125, 72.875, 5.337410339312113e-24, nan 
10.375, 72.875, 9.507142223787195e-24, nan 
10.625, 72.875, 5.326714183084859e-24, nan 
10.875, 72.875, 6.722261903196218e-24, nan 
11.125, 72.875, 8.977092569134761e-24, nan 
11.375, 72.875, 9.836886552149143e-24, nan 
11.625, 72.875, 7.590031984798612e-24, nan 
11.875, 72.875, 6.924276038544271e-24, nan 
12.125, 72.875, 7.436447011991766e-24, nan 
12.375, 72.875, 4.9067843329502404e-24, nan 
12.625, 72.875, 4.696612409941822e-24, nan 
12.875, 72.875, 2.810244251503629e-24, nan 
13.125, 72.875, 2.045605226976554e-24, nan 
13.375, 72.875, 5.405769448229038e-24, nan 
13.625, 72.875, 3.932175269494495e-24, nan 
13.875, 72.875, 4.4533612699866405e-24, nan 
14.125, 72.875, 4.182679506056066e-24, nan 
14.375, 72.875, 4.699495277664896e-24, nan 
14.625, 72.875, 5.593710804026065e-24, nan 
14.875, 72.875, 5.057353916636505e-24, nan 
15.125, 72.875, 5.1413429718625854e-24, nan 
15.375, 72.875, 4.173677366804857e-24, nan 
15.625, 72.875, 5.113831920142378e-24, nan 
15.875, 72.875, 4.81330548865515e-24, nan 
16.125, 72.875, 5.7332741545732054e-24, nan 
16.375, 72.875, 2.827449484490394e-24, nan 
16.625, 72.875, 2.471371392811187e-24, nan 
16.875, 72.875, 3.956741737429528e-24, nan 
17.125, 72.875, 4.180307650097499e-24, nan 
17.375, 72.875, 3.902619050085689e-24, nan 
17.625, 72.875, 3.997574114124337e-24, nan 
17.875, 72.875, 6.0958570630564824e-24, nan 
18.125, 72.875, 7.963232874793596e-24, nan 
18.375, 72.875, 6.760690561402684e-24, nan 
18.625, 72.875, 5.857147989633444e-24, nan 
18.875, 72.875, 8.985327433980834e-24, nan 
19.125, 72.875, 6.279590920162334e-24, nan 
19.375, 72.875, 4.4813272905692535e-24, nan 
19.625, 72.875, 4.913018347537118e-24, nan 
19.875, 72.875, 2.8968180824089238e-24, nan 
-92.125, 73.125, 3.7849042182352475e-22, nan 
-91.875, 73.125, 4.0179990046959284e-22, nan 
-91.625, 73.125, 3.712756269281482e-22, nan 
-91.375, 73.125, 3.627809332648103e-22, nan 
-91.125, 73.125, 2.4506518852501994e-22, nan 
-90.875, 73.125, 2.5816694051406093e-22, nan 
-90.625, 73.125, 3.584278741499696e-22, nan 
-90.375, 73.125, 3.906490898410346e-22, nan 
-90.125, 73.125, 5.1624402901416105e-22, nan 
-89.875, 73.125, 5.012260000612569e-22, nan 
-89.625, 73.125, 3.8711433353191757e-22, nan 
-89.375, 73.125, 4.517791360045728e-22, nan 
-89.125, 73.125, 3.774159186032346e-22, nan 
-88.875, 73.125, 3.8171805128402418e-22, nan 
-88.625, 73.125, 2.7049583114512103e-22, nan 
-88.375, 73.125, 2.797659444747334e-22, nan 
-88.125, 73.125, 4.296723741468302e-22, nan 
-87.875, 73.125, 6.169079992899734e-22, nan 
-87.625, 73.125, 7.589497933787565e-22, nan 
-87.375, 73.125, 7.326183993275613e-22, nan 
-87.125, 73.125, 8.404188016239612e-22, nan 
-86.875, 73.125, 9.601164076829733e-22, nan 
-86.625, 73.125, 6.974430888372243e-22, nan 
-86.375, 73.125, 5.40941915590395e-22, nan 
-86.125, 73.125, 4.941054518031692e-22, nan 
-85.875, 73.125, 2.7994334445114786e-22, nan 
-85.625, 73.125, 1.0022867090743426e-21, nan 
-85.375, 73.125, 2.203229623838192e-21, nan 
-85.125, 73.125, 1.3858662710151128e-21, nan 
-84.875, 73.125, 6.323905699305702e-22, nan 
-84.625, 73.125, 1.2896881359913852e-21, nan 
-84.375, 73.125, 1.2722953598533481e-21, nan 
-84.125, 73.125, 1.1627591649800495e-21, nan 
-83.875, 73.125, 1.65549368550043e-21, nan 
-83.625, 73.125, 9.444263828440649e-22, nan 
-83.375, 73.125, 8.156201064377306e-22, nan 
-83.125, 73.125, 1.2240488953265151e-21, nan 
-82.875, 73.125, 5.544636466924935e-22, nan 
-82.625, 73.125, 4.987332399431471e-22, nan 
-82.375, 73.125, 6.242287464710217e-22, nan 
-82.125, 73.125, 6.106151551784032e-22, nan 
-81.875, 73.125, 7.035712061630183e-22, nan 
-81.625, 73.125, 8.926450321928512e-22, nan 
-81.375, 73.125, 1.0093821852721595e-21, nan 
-81.125, 73.125, 8.07458369562337e-22, nan 
-80.875, 73.125, 8.591808005359074e-22, nan 
-80.625, 73.125, 1.2217626229117548e-21, nan 
-80.375, 73.125, 1.062578706654801e-21, nan 
-80.125, 73.125, 1.115185043781738e-21, nan 
-79.875, 73.125, 9.183960315357697e-22, nan 
-79.625, 73.125, 1.0183349690267528e-21, nan 
-79.375, 73.125, 9.872384558366404e-22, nan 
-79.125, 73.125, 1.044241833404171e-21, nan 
-78.875, 73.125, 1.2175494417473378e-21, nan 
-78.625, 73.125, 1.65412942249699e-21, nan 
-78.375, 73.125, 1.6297298350655014e-21, nan 
-78.125, 73.125, 1.5337665767686527e-21, nan 
-77.875, 73.125, 1.6644548773555754e-21, nan 
-77.625, 73.125, 1.67302413464577e-21, nan 
-77.375, 73.125, 1.952014772947477e-21, nan 
-77.125, 73.125, 8.158272988267734e-22, nan 
-76.875, 73.125, 2.065563718156814e-21, nan 
-76.625, 73.125, 1.2547422845139766e-21, nan 
-76.375, 73.125, 1.6914278865478562e-21, nan 
-76.125, 73.125, 3.0370937986708438e-21, nan 
-75.875, 73.125, 1.6312797569770387e-21, nan 
-75.625, 73.125, 1.7370565555382534e-21, nan 
-75.375, 73.125, 2.6750250839722198e-21, nan 
-75.125, 73.125, 1.9388929126580622e-21, nan 
-74.875, 73.125, 1.7931812488445657e-21, nan 
-74.625, 73.125, 1.1229200216729127e-21, nan 
-74.375, 73.125, 1.6215043087731492e-21, nan 
-74.125, 73.125, 1.9314178343955323e-21, nan 
-73.875, 73.125, 1.802059564704869e-21, nan 
-73.625, 73.125, 1.7468270933598654e-21, nan 
-73.375, 73.125, 1.6027921211955965e-21, nan 
-73.125, 73.125, 9.928260218221388e-22, nan 
-72.875, 73.125, 8.918734502427393e-22, nan 
-72.625, 73.125, 9.21646233382737e-22, nan 
-72.375, 73.125, 1.0254730937479846e-21, nan 
-72.125, 73.125, 9.225025083053234e-22, nan 
-71.875, 73.125, 2.0482327751093853e-21, nan 
-71.625, 73.125, 1.3175340235704554e-21, nan 
-71.375, 73.125, 1.2435119805524745e-21, nan 
-71.125, 73.125, 2.5803977211368343e-21, nan 
-70.875, 73.125, 1.300829538001584e-21, nan 
-70.625, 73.125, 1.6347408469398812e-21, nan 
-70.375, 73.125, 1.805317636851045e-21, nan 
-70.125, 73.125, 1.3607223031674664e-21, nan 
-69.875, 73.125, 1.2686276552481379e-21, nan 
-69.625, 73.125, 6.184126586066338e-22, nan 
-69.375, 73.125, 1.151250927607317e-21, nan 
-69.125, 73.125, 1.2353775296419664e-21, nan 
-68.875, 73.125, 6.765433270845135e-22, nan 
-68.625, 73.125, 1.6598787755328243e-21, nan 
-68.375, 73.125, 1.7275273518531235e-21, nan 
-68.125, 73.125, 1.6524844996348177e-21, nan 
-67.875, 73.125, 2.2651385183021806e-21, nan 
-67.625, 73.125, 1.647297531403395e-21, nan 
-67.375, 73.125, 2.1574446871176528e-21, nan 
-67.125, 73.125, 1.407123593067422e-21, nan 
-66.875, 73.125, 1.518350113667692e-21, nan 
-66.625, 73.125, 2.2696949005337444e-21, nan 
-66.375, 73.125, 1.9053038837351076e-21, nan 
-66.125, 73.125, 1.3764968738740234e-21, nan 
-65.875, 73.125, 1.136536925003818e-21, nan 
-65.625, 73.125, 1.8268375794149996e-21, nan 
-65.375, 73.125, 2.4327015781272354e-21, nan 
-65.125, 73.125, 2.6780415451780243e-21, nan 
-64.875, 73.125, 2.258749468922194e-21, nan 
-64.625, 73.125, 1.5569865995173027e-21, nan 
-64.375, 73.125, 2.431289838266364e-21, nan 
-64.125, 73.125, 2.015816309281791e-21, nan 
-63.875, 73.125, 8.644282221613795e-22, nan 
-63.625, 73.125, 2.1206345716083893e-21, nan 
-63.375, 73.125, 2.2338938231605864e-21, nan 
-63.125, 73.125, 1.727808204210032e-21, nan 
-62.875, 73.125, 1.8648534476756137e-21, nan 
-62.625, 73.125, 2.404101305784922e-21, nan 
-62.375, 73.125, 2.829881690001502e-21, nan 
-62.125, 73.125, 3.547234225428924e-21, nan 
-61.875, 73.125, 2.5041034144147378e-21, nan 
-61.625, 73.125, 2.587215365342361e-21, nan 
-61.375, 73.125, 3.52086550062655e-21, nan 
-61.125, 73.125, 2.49184011848947e-21, nan 
-60.875, 73.125, 2.9375821098433916e-21, nan 
-60.625, 73.125, 2.208218613247026e-21, nan 
-60.375, 73.125, 3.18568150363191e-21, nan 
-60.125, 73.125, 3.2541975482756005e-21, nan 
-59.875, 73.125, 3.7064910387055716e-21, nan 
-59.625, 73.125, 4.281345773037859e-21, nan 
-59.375, 73.125, 3.4792305697702746e-21, nan 
-59.125, 73.125, 5.570281269264009e-21, nan 
-58.875, 73.125, 4.769333858140048e-21, nan 
-58.625, 73.125, 3.57733551767037e-21, nan 
-58.375, 73.125, 2.5143630194617708e-21, nan 
-58.125, 73.125, 3.4024304957623905e-21, nan 
-57.875, 73.125, 5.916742549390648e-21, nan 
-57.625, 73.125, 7.275870353573585e-21, nan 
-57.375, 73.125, 4.367612229597824e-21, nan 
-57.125, 73.125, 1.0797482097327656e-21, nan 
-56.875, 73.125, 1.5178283288481379e-21, nan 
-56.625, 73.125, 1.688879617032943e-21, nan 
-56.375, 73.125, 1.1550480554819119e-21, nan 
-56.125, 73.125, 1.7963982936912937e-21, nan 
-55.875, 73.125, 2.515952016480419e-21, nan 
-55.625, 73.125, 2.2998257534637297e-21, nan 
-55.375, 73.125, 2.8594790806122955e-21, nan 
-55.125, 73.125, 2.5838569469753518e-21, nan 
-54.875, 73.125, 2.051110898509694e-21, nan 
-54.625, 73.125, 2.637413038590348e-21, nan 
-54.375, 73.125, 1.738978740283524e-21, nan 
-54.125, 73.125, 1.6521692292407785e-21, nan 
-53.875, 73.125, 2.6933488148662177e-21, nan 
-53.625, 73.125, 2.2501362299371737e-21, nan 
-53.375, 73.125, 6.649350771277416e-22, nan 
-53.125, 73.125, 1.1448586607813421e-21, nan 
-52.875, 73.125, 1.1877616083644487e-21, nan 
-52.625, 73.125, 1.1789106872807408e-21, nan 
-52.375, 73.125, 9.601936734918038e-22, nan 
-52.125, 73.125, 1.0868252859678708e-21, nan 
-51.875, 73.125, 1.3276589924341372e-21, nan 
-51.625, 73.125, 1.1015038792677218e-21, nan 
-51.375, 73.125, 1.2177379894301403e-21, nan 
-51.125, 73.125, 1.1973384729145644e-21, nan 
-50.875, 73.125, 1.159879268165648e-21, nan 
-50.625, 73.125, 1.2140972300379526e-21, nan 
-50.375, 73.125, 1.1508236946656743e-21, nan 
-50.125, 73.125, 1.104039557817375e-21, nan 
-49.875, 73.125, 1.1094048585225101e-21, nan 
-49.625, 73.125, 1.0639724535672388e-21, nan 
-49.375, 73.125, 9.996668593534536e-22, nan 
-49.125, 73.125, 9.567166356606193e-22, nan 
-48.875, 73.125, 1.196302906084777e-21, nan 
-48.625, 73.125, 1.2744084561007539e-21, nan 
-48.375, 73.125, 1.1051806965878052e-21, nan 
-48.125, 73.125, 1.1678668744172359e-21, nan 
-47.875, 73.125, 1.0846528861274397e-21, nan 
-47.625, 73.125, 1.2040771060408608e-21, nan 
-47.375, 73.125, 8.85480662603479e-22, nan 
-47.125, 73.125, 8.106143359760611e-22, nan 
-46.875, 73.125, 1.8562555238404677e-21, nan 
-46.625, 73.125, 2.032176876543062e-21, nan 
-46.375, 73.125, 1.0929482395302262e-21, nan 
-46.125, 73.125, 1.7538428730914416e-21, nan 
-45.875, 73.125, 1.8222442869477268e-21, nan 
-45.625, 73.125, 1.0144478265789367e-21, nan 
-45.375, 73.125, 1.004268707191619e-21, nan 
-45.125, 73.125, 9.400089834095285e-22, nan 
-44.875, 73.125, 7.83076498608182e-22, nan 
-44.625, 73.125, 8.69251355956457e-22, nan 
-44.375, 73.125, 9.94265005026774e-22, nan 
-44.125, 73.125, 7.364645580042505e-22, nan 
-43.875, 73.125, 9.039476420395057e-22, nan 
-43.625, 73.125, 6.967046499553941e-22, nan 
-43.375, 73.125, 4.3538168155694135e-22, nan 
-43.125, 73.125, 1.1661785330902705e-21, nan 
-42.875, 73.125, 6.12967283284902e-22, nan 
-42.625, 73.125, 8.050934816580813e-22, nan 
-42.375, 73.125, 9.121758431425964e-22, nan 
-42.125, 73.125, 5.533397598716887e-22, nan 
-41.875, 73.125, 8.251248830967905e-22, nan 
-41.625, 73.125, 6.933333512883392e-22, nan 
-41.375, 73.125, 8.307579151740951e-22, nan 
-41.125, 73.125, 1.107978810449156e-21, nan 
-40.875, 73.125, 7.785861841127694e-22, nan 
-40.625, 73.125, 7.734176203305536e-22, nan 
-40.375, 73.125, 9.78071899619227e-22, nan 
-40.125, 73.125, 4.028798229630871e-22, nan 
-39.875, 73.125, 2.4875648719717424e-22, nan 
-39.625, 73.125, 2.889363113478914e-22, nan 
-39.375, 73.125, 3.3321347374746056e-22, nan 
-39.125, 73.125, 4.290378914132476e-22, nan 
-38.875, 73.125, 4.317676902060287e-22, nan 
-38.625, 73.125, 4.412738597761389e-22, nan 
-38.375, 73.125, 3.572929404586023e-22, nan 
-38.125, 73.125, 3.211480368243476e-22, nan 
-37.875, 73.125, 3.423861831830565e-22, nan 
-37.625, 73.125, 1.9799226956359338e-22, nan 
-37.375, 73.125, 2.4241999483186974e-22, nan 
-37.125, 73.125, 3.760314586641464e-22, nan 
-36.875, 73.125, 4.76877576478574e-22, nan 
-36.625, 73.125, 2.2178993789854285e-22, nan 
-36.375, 73.125, 3.699306330852158e-22, nan 
-36.125, 73.125, 2.447451182062429e-22, nan 
-35.875, 73.125, 1.5935715796181434e-22, nan 
-35.625, 73.125, 1.6886477069039348e-22, nan 
-35.375, 73.125, 1.756796624379848e-22, nan 
-35.125, 73.125, 1.4585632630852135e-22, nan 
-34.875, 73.125, 9.187050690963535e-23, nan 
-34.625, 73.125, 1.4108869552239129e-22, nan 
-34.375, 73.125, 4.157721905001233e-22, nan 
-34.125, 73.125, 4.324907312670216e-22, nan 
-33.875, 73.125, 4.1850358320511506e-22, nan 
-33.625, 73.125, 4.182541829682298e-22, nan 
-33.375, 73.125, 4.1422473933482555e-22, nan 
-33.125, 73.125, 4.2210807541666257e-22, nan 
-32.875, 73.125, 3.46550166610766e-22, nan 
-32.625, 73.125, 3.6187222247901013e-22, nan 
-32.375, 73.125, 2.552377379294982e-22, nan 
-32.125, 73.125, 2.221001324541829e-22, nan 
-31.875, 73.125, 2.478806840714503e-22, nan 
-31.625, 73.125, 1.4387539332441317e-22, nan 
-31.375, 73.125, 1.3501685474797866e-22, nan 
-31.125, 73.125, 1.4812789691812615e-22, nan 
-30.875, 73.125, 1.3130296065168097e-22, nan 
-30.625, 73.125, 1.0317541951061235e-22, nan 
-30.375, 73.125, 1.4417269637239958e-22, nan 
-30.125, 73.125, 1.0198229022245152e-22, nan 
-29.875, 73.125, 8.907698283569732e-23, nan 
-29.625, 73.125, 1.4224758636604312e-22, nan 
-29.375, 73.125, 1.076030431671607e-22, nan 
-29.125, 73.125, 8.305927773304352e-23, nan 
-28.875, 73.125, 1.385657483476145e-22, nan 
-28.625, 73.125, 1.3022011414430353e-22, nan 
-28.375, 73.125, 1.0796265090514238e-22, nan 
-28.125, 73.125, 1.1311369866473613e-22, nan 
-27.875, 73.125, 8.358070683530089e-23, nan 
-27.625, 73.125, 9.349667322184307e-23, nan 
-27.375, 73.125, 8.447121049709571e-23, nan 
-27.125, 73.125, 1.0117841992855032e-22, nan 
-26.875, 73.125, 1.1412122867165383e-22, nan 
-26.625, 73.125, 8.641757590794057e-23, nan 
-26.375, 73.125, 8.679509918554034e-23, nan 
-26.125, 73.125, 1.0155322687924572e-22, nan 
-25.875, 73.125, 6.846633108198061e-23, nan 
-25.625, 73.125, 7.340647346952709e-23, nan 
-25.375, 73.125, 5.561787807655494e-23, nan 
-25.125, 73.125, 7.908635760558122e-23, nan 
-24.875, 73.125, 7.00231217600485e-23, nan 
-24.625, 73.125, 6.600652307184874e-23, nan 
-24.375, 73.125, 9.500395010589062e-23, nan 
-24.125, 73.125, 1.0956798025033885e-22, nan 
-23.875, 73.125, 9.476720461906523e-23, nan 
-23.625, 73.125, 1.266308233053776e-22, nan 
-23.375, 73.125, 1.16002954261397e-22, nan 
-23.125, 73.125, 1.1650071059922843e-22, nan 
-22.875, 73.125, 1.1503225247493872e-22, nan 
-22.625, 73.125, 1.1922346375509905e-22, nan 
-22.375, 73.125, 1.190619506777126e-22, nan 
-22.125, 73.125, 9.435626048518306e-23, nan 
-21.875, 73.125, 1.3172546578078195e-22, nan 
-21.625, 73.125, 1.0709392345101573e-22, nan 
-21.375, 73.125, 7.929852956012188e-23, nan 
-21.125, 73.125, 5.928558463600926e-23, nan 
-20.875, 73.125, 8.013279729609776e-23, nan 
-20.625, 73.125, 1.0078439663269826e-22, nan 
-20.375, 73.125, 1.123486223592661e-22, nan 
-20.125, 73.125, 1.1560340495407845e-22, nan 
-19.875, 73.125, 1.5472482796006442e-22, nan 
-19.625, 73.125, 1.537361641605831e-22, nan 
-19.375, 73.125, 6.683987606854292e-23, nan 
-19.125, 73.125, 1.4896911432058088e-23, nan 
-18.875, 73.125, 9.178490245353853e-23, nan 
-18.625, 73.125, 8.887046779269125e-23, nan 
-18.375, 73.125, 7.007243069987551e-23, nan 
-18.125, 73.125, 7.067322576358097e-23, nan 
-17.875, 73.125, 7.33013712720457e-23, nan 
-17.625, 73.125, 7.309660927641504e-23, nan 
-17.375, 73.125, 6.080098265928077e-23, nan 
-17.125, 73.125, 5.49231805390952e-23, nan 
-16.875, 73.125, 6.667149827496058e-23, nan 
-16.625, 73.125, 9.380908074007009e-23, nan 
-16.375, 73.125, 6.386336543580856e-23, nan 
-16.125, 73.125, 5.469100181104193e-23, nan 
-15.875, 73.125, 6.509906317794988e-23, nan 
-15.625, 73.125, 7.077956099117937e-23, nan 
-15.375, 73.125, 6.974595722389824e-23, nan 
-15.125, 73.125, 3.4987159417065377e-23, nan 
-14.875, 73.125, 5.5286523882489e-23, nan 
-14.625, 73.125, 7.559933580354159e-23, nan 
-14.375, 73.125, 4.081031514576343e-23, nan 
-14.125, 73.125, 4.9455082342098634e-23, nan 
-13.875, 73.125, 5.2590324705903377e-23, nan 
-13.625, 73.125, 9.499166838492418e-24, nan 
-13.375, 73.125, 3.93863035643279e-23, nan 
-13.125, 73.125, 4.2268640886314446e-23, nan 
-12.875, 73.125, 1.2743456477551748e-23, nan 
-12.625, 73.125, 9.234124703218232e-23, nan 
-12.375, 73.125, 6.937122076402053e-23, nan 
-12.125, 73.125, 9.56789440860914e-23, nan 
-11.875, 73.125, 9.367524699398247e-23, nan 
-11.625, 73.125, 8.937147982885495e-23, nan 
-11.375, 73.125, 8.475455001118713e-23, nan 
-11.125, 73.125, 6.453509398045119e-23, nan 
-10.875, 73.125, 9.628878155361526e-23, nan 
-10.625, 73.125, 2.0310199818035146e-23, nan 
-10.375, 73.125, 1.323999957049373e-23, nan 
-10.125, 73.125, 1.3515382317131792e-23, nan 
-9.875, 73.125, 1.8916015074165375e-23, nan 
-9.625, 73.125, 1.76755001110787e-23, nan 
-9.375, 73.125, 1.6586465307496625e-23, nan 
-9.125, 73.125, 2.015764954162366e-23, nan 
-8.875, 73.125, 1.8439446276359207e-23, nan 
-8.625, 73.125, 2.209014820217753e-23, nan 
-8.375, 73.125, 3.215932897558312e-23, nan 
-8.125, 73.125, 2.6994905512936857e-23, nan 
-7.875, 73.125, 2.7360968676459883e-23, nan 
-7.625, 73.125, 3.367117031621895e-23, nan 
-7.375, 73.125, 3.012803827656525e-23, nan 
-7.125, 73.125, 2.9666233127614767e-23, nan 
-6.875, 73.125, 2.4295436108613702e-23, nan 
-6.625, 73.125, 1.9973311117336664e-23, nan 
-6.375, 73.125, 2.785590250607949e-23, nan 
-6.125, 73.125, 1.8491733919602222e-23, nan 
-5.875, 73.125, 1.7799156930695256e-23, nan 
-5.625, 73.125, 1.5146941570291547e-23, nan 
-5.375, 73.125, 1.5667306488766952e-23, nan 
-5.125, 73.125, 1.7036047561976716e-23, nan 
-4.875, 73.125, 2.358337532501418e-23, nan 
-4.625, 73.125, 2.104622882632887e-23, nan 
-4.375, 73.125, 2.2599115128997495e-23, nan 
-4.125, 73.125, 2.1476334577532544e-23, nan 
-3.875, 73.125, 1.5874767631299204e-23, nan 
-3.625, 73.125, 2.05326061272865e-23, nan 
-3.375, 73.125, 5.2078757137799434e-24, nan 
-3.125, 73.125, 1.4635481650674193e-23, nan 
-2.875, 73.125, 1.895349721707339e-23, nan 
-2.625, 73.125, 1.8515032370232657e-23, nan 
-2.375, 73.125, 2.5028767934654086e-23, nan 
-2.125, 73.125, 1.858313701727234e-23, nan 
-1.875, 73.125, 1.728837535565879e-23, nan 
-1.625, 73.125, 1.7756550765134566e-23, nan 
-1.375, 73.125, 1.0180983071807875e-23, nan 
-1.125, 73.125, 8.200453305736278e-24, nan 
-0.875, 73.125, 1.634914782627769e-23, nan 
-0.625, 73.125, 1.958852190266199e-23, nan 
-0.375, 73.125, 1.8282805873102716e-23, nan 
-0.125, 73.125, 2.1028946921392888e-23, nan 
0.125, 73.125, 1.911479362273328e-23, nan 
0.375, 73.125, 2.2567676814371046e-23, nan 
0.625, 73.125, 2.672590555302258e-23, nan 
0.875, 73.125, 2.881886801495048e-23, nan 
1.125, 73.125, 3.936217092747446e-23, nan 
1.375, 73.125, 3.353959063669066e-23, nan 
1.625, 73.125, 2.879714786013922e-23, nan 
1.875, 73.125, 3.6207882172384744e-23, nan 
2.125, 73.125, 2.801986208344663e-23, nan 
2.375, 73.125, 2.818071044918398e-23, nan 
2.625, 73.125, 2.016519437357719e-23, nan 
2.875, 73.125, 1.491918905437829e-23, nan 
3.125, 73.125, 1.7411121816838012e-23, nan 
3.375, 73.125, 1.2039260199421026e-23, nan 
3.625, 73.125, 1.994187468987382e-23, nan 
3.875, 73.125, 1.0469294251272362e-23, nan 
4.125, 73.125, 9.991411823487734e-24, nan 
4.375, 73.125, 6.244780494686572e-24, nan 
4.625, 73.125, 7.410585470608149e-24, nan 
4.875, 73.125, 1.1051293692138808e-23, nan 
5.125, 73.125, 1.6546387480487447e-23, nan 
5.375, 73.125, 1.7934855484815954e-23, nan 
5.625, 73.125, 1.0958232214054561e-23, nan 
5.875, 73.125, 1.3606722174195192e-23, nan 
6.125, 73.125, 2.1569714566400932e-23, nan 
6.375, 73.125, 1.834659316913239e-23, nan 
6.625, 73.125, 6.3134189547901114e-24, nan 
6.875, 73.125, 9.12038126558675e-24, nan 
7.125, 73.125, 9.359995828926161e-24, nan 
7.375, 73.125, 5.558029176927389e-24, nan 
7.625, 73.125, 7.505344113658899e-24, nan 
7.875, 73.125, 7.24980751020492e-24, nan 
8.125, 73.125, 6.994551114380706e-24, nan 
8.375, 73.125, 1.196419636687066e-23, nan 
8.625, 73.125, 1.523196367863967e-23, nan 
8.875, 73.125, 1.5596335720861993e-23, nan 
9.125, 73.125, 2.0100072806807555e-23, nan 
9.375, 73.125, 1.805359409268868e-23, nan 
9.625, 73.125, 1.7030050042435405e-23, nan 
9.875, 73.125, 1.5293888406018674e-23, nan 
10.125, 73.125, 1.2621155373893922e-23, nan 
10.375, 73.125, 1.3491832158906227e-23, nan 
10.625, 73.125, 8.785407723297523e-24, nan 
10.875, 73.125, 7.336261218454886e-24, nan 
11.125, 73.125, 6.847237310691527e-24, nan 
11.375, 73.125, 9.455341502519863e-24, nan 
11.625, 73.125, 6.813953506181496e-24, nan 
11.875, 73.125, 7.50967816453621e-24, nan 
12.125, 73.125, 8.166812158305066e-24, nan 
12.375, 73.125, 4.706656233018754e-24, nan 
12.625, 73.125, 5.296255453063181e-24, nan 
12.875, 73.125, 5.831203878916171e-24, nan 
13.125, 73.125, 3.8264519497552805e-24, nan 
13.375, 73.125, 3.969627675452698e-24, nan 
13.625, 73.125, 3.0910582240379063e-24, nan 
13.875, 73.125, 2.146141982924087e-24, nan 
14.125, 73.125, 3.2843173379711365e-24, nan 
14.375, 73.125, 3.563200239410251e-24, nan 
14.625, 73.125, 5.593122637593892e-24, nan 
14.875, 73.125, 6.80168616008676e-24, nan 
15.125, 73.125, 6.02412049575073e-24, nan 
15.375, 73.125, 6.1838331254764506e-24, nan 
15.625, 73.125, 7.876589379404841e-24, nan 
15.875, 73.125, 6.63353886452319e-24, nan 
16.125, 73.125, 4.789263466015456e-24, nan 
16.375, 73.125, 4.120902736181517e-24, nan 
16.625, 73.125, 2.6622401937046676e-24, nan 
16.875, 73.125, 1.7986936581569465e-24, nan 
17.125, 73.125, 1.987538223672066e-24, nan 
17.375, 73.125, 2.7342413819038056e-24, nan 
17.625, 73.125, 3.2660839105855873e-24, nan 
17.875, 73.125, 3.3540229423779214e-24, nan 
18.125, 73.125, 5.324402845048995e-24, nan 
18.375, 73.125, 5.233637381399507e-24, nan 
18.625, 73.125, 3.568310905627056e-24, nan 
18.875, 73.125, 6.173941571777505e-24, nan 
19.125, 73.125, 5.351247364304351e-24, nan 
19.375, 73.125, 3.748716621134304e-24, nan 
19.625, 73.125, 2.7298281736696848e-24, nan 
19.875, 73.125, 2.797233028120303e-24, nan 
20.125, 73.125, 3.526631735986725e-24, nan 
20.375, 73.125, 4.421902796719152e-24, nan 
20.625, 73.125, 7.90855080823779e-24, nan 
20.875, 73.125, 7.782771325651067e-24, nan 
-92.375, 73.375, 5.302967946577037e-22, nan 
-92.125, 73.375, 4.913764921563504e-22, nan 
-91.875, 73.375, 4.137841532532024e-22, nan 
-91.625, 73.375, 3.0914843089361905e-22, nan 
-91.375, 73.375, 2.6196433894962243e-22, nan 
-91.125, 73.375, 1.566591055867291e-22, nan 
-90.875, 73.375, 2.339957361198767e-22, nan 
-90.625, 73.375, 3.600091853569812e-22, nan 
-90.375, 73.375, 3.6457075596141485e-22, nan 
-90.125, 73.375, 3.574721790382955e-22, nan 
-89.875, 73.375, 4.395897809084443e-22, nan 
-89.625, 73.375, 4.870327462448041e-22, nan 
-89.375, 73.375, 3.6659499282883964e-22, nan 
-89.125, 73.375, 2.987837273941915e-22, nan 
-88.875, 73.375, 3.5277886570839416e-22, nan 
-88.625, 73.375, 2.4669897203411895e-22, nan 
-88.375, 73.375, 1.5499604417747244e-22, nan 
-88.125, 73.375, 3.335194478238385e-22, nan 
-87.875, 73.375, 6.26199284576798e-22, nan 
-87.625, 73.375, 8.037677240527707e-22, nan 
-87.375, 73.375, 8.337768167974072e-22, nan 
-87.125, 73.375, 1.2580407934294186e-21, nan 
-86.875, 73.375, 1.2170652408352238e-21, nan 
-86.625, 73.375, 8.385944913815299e-22, nan 
-86.375, 73.375, 1.463776978198958e-21, nan 
-86.125, 73.375, 2.9003923257647895e-21, nan 
-85.875, 73.375, 1.2937377530414265e-21, nan 
-85.625, 73.375, 2.4500686886637406e-21, nan 
-85.375, 73.375, 5.381409364943623e-21, nan 
-85.125, 73.375, 2.75739114392774e-21, nan 
-84.875, 73.375, 2.5524885641065694e-21, nan 
-84.625, 73.375, 3.600300369041296e-21, nan 
-84.375, 73.375, 2.523027911642708e-21, nan 
-84.125, 73.375, 1.7158739154251144e-21, nan 
-83.875, 73.375, 1.4437267539224405e-21, nan 
-83.625, 73.375, 1.4436482559930793e-21, nan 
-83.375, 73.375, 1.1151813709453845e-21, nan 
-83.125, 73.375, 1.101450778132141e-21, nan 
-82.875, 73.375, 1.262295528399971e-21, nan 
-82.625, 73.375, 8.978066510863048e-22, nan 
-82.375, 73.375, 6.998780065841199e-22, nan 
-82.125, 73.375, 5.428166649086626e-22, nan 
-81.875, 73.375, 6.6427756169533175e-22, nan 
-81.625, 73.375, 1.148873556061501e-21, nan 
-81.375, 73.375, 1.7385222956574348e-21, nan 
-81.125, 73.375, 1.2457408712649025e-21, nan 
-80.875, 73.375, 1.6134265825195488e-21, nan 
-80.625, 73.375, 1.6770469432890674e-21, nan 
-80.375, 73.375, 1.7672442160319374e-21, nan 
-80.125, 73.375, 1.5862546505422539e-21, nan 
-79.875, 73.375, 9.677778033380894e-22, nan 
-79.625, 73.375, 7.120935494383434e-22, nan 
-79.375, 73.375, 6.834549236007184e-22, nan 
-79.125, 73.375, 7.069256542776268e-22, nan 
-78.875, 73.375, 9.727905490301589e-22, nan 
-78.625, 73.375, 1.1449320214067848e-21, nan 
-78.375, 73.375, 9.740177118163444e-22, nan 
-78.125, 73.375, 9.777647763057132e-22, nan 
-77.875, 73.375, 1.0410161517476871e-21, nan 
-77.625, 73.375, 1.1822169153132862e-21, nan 
-77.375, 73.375, 1.7440320303076656e-21, nan 
-77.125, 73.375, 2.1390963599981554e-21, nan 
-76.875, 73.375, 1.869528752522412e-21, nan 
-76.625, 73.375, 1.8899947454989624e-21, nan 
-76.375, 73.375, 2.9167064722110388e-21, nan 
-76.125, 73.375, 2.816239409653521e-21, nan 
-75.875, 73.375, 2.421548062729572e-21, nan 
-75.625, 73.375, 1.6699560425673829e-21, nan 
-75.375, 73.375, 1.6850973488942368e-21, nan 
-75.125, 73.375, 1.3694498248678464e-21, nan 
-74.875, 73.375, 1.3406054364406343e-21, nan 
-74.625, 73.375, 1.4051366470218149e-21, nan 
-74.375, 73.375, 1.1929792562426472e-21, nan 
-74.125, 73.375, 1.2611599780115305e-21, nan 
-73.875, 73.375, 1.6754719651146367e-21, nan 
-73.625, 73.375, 1.9297905107233126e-21, nan 
-73.375, 73.375, 2.296525152368187e-21, nan 
-73.125, 73.375, 9.837550879458006e-22, nan 
-72.875, 73.375, 1.7743348909455882e-21, nan 
-72.625, 73.375, 2.1239877351451135e-21, nan 
-72.375, 73.375, 7.394533387583495e-22, nan 
-72.125, 73.375, 1.93954837625973e-21, nan 
-71.875, 73.375, 1.4911739384524057e-21, nan 
-71.625, 73.375, 1.575563429401782e-21, nan 
-71.375, 73.375, 1.4257333243195864e-21, nan 
-71.125, 73.375, 1.254009571315893e-21, nan 
-70.875, 73.375, 1.4570871194477962e-21, nan 
-70.625, 73.375, 1.3765953180553756e-21, nan 
-70.375, 73.375, 1.3250113257440926e-21, nan 
-70.125, 73.375, 1.364917318916681e-21, nan 
-69.875, 73.375, 1.1290035683586599e-21, nan 
-69.625, 73.375, 2.0212793343691375e-21, nan 
-69.375, 73.375, 1.962181671917434e-21, nan 
-69.125, 73.375, 1.3963623368350776e-21, nan 
-68.875, 73.375, 8.83139902081486e-22, nan 
-68.625, 73.375, 2.0413144371902944e-21, nan 
-68.375, 73.375, 2.9084438676102445e-21, nan 
-68.125, 73.375, 2.7510470938883626e-21, nan 
-67.875, 73.375, 1.6397519604589054e-21, nan 
-67.625, 73.375, 2.231305842453071e-21, nan 
-67.375, 73.375, 1.8980172220589333e-21, nan 
-67.125, 73.375, 6.018197124028731e-22, nan 
-66.875, 73.375, 1.1069360502648487e-21, nan 
-66.625, 73.375, 1.73884239684483e-21, nan 
-66.375, 73.375, 1.4268167791632545e-21, nan 
-66.125, 73.375, 1.519866250222467e-21, nan 
-65.875, 73.375, 1.8309806029771783e-21, nan 
-65.625, 73.375, 1.786115190370675e-21, nan 
-65.375, 73.375, 2.0969300888469297e-21, nan 
-65.125, 73.375, 2.9274965200874482e-21, nan 
-64.875, 73.375, 3.2594776185148815e-21, nan 
-64.625, 73.375, 2.399652528268009e-21, nan 
-64.375, 73.375, 2.32027441694981e-21, nan 
-64.125, 73.375, 2.844242736792445e-21, nan 
-63.875, 73.375, 2.192054925988282e-21, nan 
-63.625, 73.375, 1.1288991810346731e-21, nan 
-63.375, 73.375, 1.0057768147447363e-21, nan 
-63.125, 73.375, 2.1917793797577187e-21, nan 
-62.875, 73.375, 2.0884022453127896e-21, nan 
-62.625, 73.375, 2.0699682479609076e-21, nan 
-62.375, 73.375, 2.5848861629336277e-21, nan 
-62.125, 73.375, 2.3089528908833603e-21, nan 
-61.875, 73.375, 2.0241838738579874e-21, nan 
-61.625, 73.375, 1.9836955018038515e-21, nan 
-61.375, 73.375, 3.225728761474566e-21, nan 
-61.125, 73.375, 2.981979144375061e-21, nan 
-60.875, 73.375, 2.4712957320607435e-21, nan 
-60.625, 73.375, 2.7983702504624406e-21, nan 
-60.375, 73.375, 3.018972938616039e-21, nan 
-60.125, 73.375, 2.426425609087901e-21, nan 
-59.875, 73.375, 1.6098447747923326e-21, nan 
-59.625, 73.375, 1.5452810399060946e-21, nan 
-59.375, 73.375, 1.5678149968618259e-21, nan 
-59.125, 73.375, 1.165138772976119e-21, nan 
-58.875, 73.375, 8.466668612421146e-22, nan 
-58.625, 73.375, 1.125137247509093e-21, nan 
-58.375, 73.375, 8.837806679028764e-22, nan 
-58.125, 73.375, 1.2674362321479807e-21, nan 
-57.875, 73.375, 1.1569115210263475e-21, nan 
-57.625, 73.375, 1.3627581638723575e-21, nan 
-57.375, 73.375, 1.287070813191379e-21, nan 
-57.125, 73.375, 1.3109847699411806e-21, nan 
-56.875, 73.375, 8.84441961510841e-22, nan 
-56.625, 73.375, 9.92219677482948e-22, nan 
-56.375, 73.375, 1.3240488838405068e-21, nan 
-56.125, 73.375, 2.1540037097395393e-21, nan 
-55.875, 73.375, 2.01419644717741e-21, nan 
-55.625, 73.375, 1.4677818121207071e-21, nan 
-55.375, 73.375, 2.0309869068909658e-21, nan 
-55.125, 73.375, 1.7897387804337063e-21, nan 
-54.875, 73.375, 1.3661092878632267e-21, nan 
-54.625, 73.375, 8.988931009672792e-22, nan 
-54.375, 73.375, 8.812137331818008e-22, nan 
-54.125, 73.375, 1.6317162248424617e-21, nan 
-53.875, 73.375, 2.0817633813798493e-21, nan 
-53.625, 73.375, 1.7772062534559954e-21, nan 
-53.375, 73.375, 2.5503639131043598e-21, nan 
-53.125, 73.375, 2.751216526375231e-21, nan 
-52.875, 73.375, 1.796738193353503e-21, nan 
-52.625, 73.375, 1.1534868755608522e-21, nan 
-52.375, 73.375, 1.0726001567452616e-21, nan 
-52.125, 73.375, 9.974887945255704e-22, nan 
-51.875, 73.375, 8.861402504918597e-22, nan 
-51.625, 73.375, 7.784193109385069e-22, nan 
-51.375, 73.375, 8.526839747880019e-22, nan 
-51.125, 73.375, 7.612817715559764e-22, nan 
-50.875, 73.375, 7.46142290706826e-22, nan 
-50.625, 73.375, 8.646572321490655e-22, nan 
-50.375, 73.375, 7.8390618528161545e-22, nan 
-50.125, 73.375, 8.132093215386729e-22, nan 
-49.875, 73.375, 7.956201293036056e-22, nan 
-49.625, 73.375, 9.222521889089963e-22, nan 
-49.375, 73.375, 9.812705031526675e-22, nan 
-49.125, 73.375, 9.492570586892874e-22, nan 
-48.875, 73.375, 1.3164562404854194e-21, nan 
-48.625, 73.375, 1.2231861758814345e-21, nan 
-48.375, 73.375, 1.1454841469566023e-21, nan 
-48.125, 73.375, 1.1241162401541809e-21, nan 
-47.875, 73.375, 1.0491910436636738e-21, nan 
-47.625, 73.375, 1.696171018555072e-21, nan 
-47.375, 73.375, 1.5425840128640182e-21, nan 
-47.125, 73.375, 1.605004327651144e-21, nan 
-46.875, 73.375, 1.5532777382164368e-21, nan 
-46.625, 73.375, 1.4715889582028439e-21, nan 
-46.375, 73.375, 7.967768122470354e-22, nan 
-46.125, 73.375, 5.4579007353520555e-22, nan 
-45.875, 73.375, 4.282996394811173e-22, nan 
-45.625, 73.375, 5.121985659473612e-22, nan 
-45.375, 73.375, 4.816246410168324e-22, nan 
-45.125, 73.375, 4.440687329814802e-22, nan 
-44.875, 73.375, 4.6266297026573185e-22, nan 
-44.625, 73.375, 2.9831626756229545e-22, nan 
-44.375, 73.375, 5.2680652931253665e-22, nan 
-44.125, 73.375, 5.672792028357922e-22, nan 
-43.875, 73.375, 5.259400331768699e-22, nan 
-43.625, 73.375, 5.4118131277494635e-22, nan 
-43.375, 73.375, 4.883077433471855e-22, nan 
-43.125, 73.375, 5.0804784258453875e-22, nan 
-42.875, 73.375, 3.8086393694683876e-22, nan 
-42.625, 73.375, 4.0222767466858046e-22, nan 
-42.375, 73.375, 3.3211340334073904e-22, nan 
-42.125, 73.375, 3.221916930088861e-22, nan 
-41.875, 73.375, 4.289725506458393e-22, nan 
-41.625, 73.375, 4.1471990017869707e-22, nan 
-41.375, 73.375, 8.323254680592123e-22, nan 
-41.125, 73.375, 9.407434898878665e-22, nan 
-40.875, 73.375, 5.30312510128835e-22, nan 
-40.625, 73.375, 5.230800174925973e-22, nan 
-40.375, 73.375, 7.173728618612072e-22, nan 
-40.125, 73.375, 5.054120246169569e-22, nan 
-39.875, 73.375, 4.376174781015651e-22, nan 
-39.625, 73.375, 3.2940546703919644e-22, nan 
-39.375, 73.375, 3.02599801481922e-22, nan 
-39.125, 73.375, 4.387363853015273e-22, nan 
-38.875, 73.375, 3.6128406824368434e-22, nan 
-38.625, 73.375, 2.543796032730475e-22, nan 
-38.375, 73.375, 2.302536582209305e-22, nan 
-38.125, 73.375, 2.5665047337026536e-22, nan 
-37.875, 73.375, 4.165632819305026e-22, nan 
-37.625, 73.375, 6.117589375553933e-22, nan 
-37.375, 73.375, 5.149118760850543e-22, nan 
-37.125, 73.375, 5.596578932603694e-22, nan 
-36.875, 73.375, 6.370804623883121e-22, nan 
-36.625, 73.375, 3.866574480349241e-22, nan 
-36.375, 73.375, 2.6112339200500723e-22, nan 
-36.125, 73.375, 2.83387996487662e-22, nan 
-35.875, 73.375, 1.5294937834133972e-22, nan 
-35.625, 73.375, 1.190971426592278e-22, nan 
-35.375, 73.375, 1.625910442264022e-22, nan 
-35.125, 73.375, 2.190849390580781e-22, nan 
-34.875, 73.375, 1.957595619063677e-22, nan 
-34.625, 73.375, 1.6606739757144628e-22, nan 
-34.375, 73.375, 2.91264375811723e-22, nan 
-34.125, 73.375, 3.356927446313872e-22, nan 
-33.875, 73.375, 2.6972934937055895e-22, nan 
-33.625, 73.375, 1.4589207502230533e-22, nan 
-33.375, 73.375, 2.745710905641211e-22, nan 
-33.125, 73.375, 2.885532062838361e-22, nan 
-32.875, 73.375, 1.6007670802265823e-22, nan 
-32.625, 73.375, 2.358809730627053e-22, nan 
-32.375, 73.375, 2.387153635220472e-22, nan 
-32.125, 73.375, 1.093193479093065e-22, nan 
-31.875, 73.375, 1.3183908382335956e-22, nan 
-31.625, 73.375, 1.4392761194376087e-22, nan 
-31.375, 73.375, 1.3502758711433092e-22, nan 
-31.125, 73.375, 1.294632333952107e-22, nan 
-30.875, 73.375, 1.2380655492114597e-22, nan 
-30.625, 73.375, 1.1469965426399932e-22, nan 
-30.375, 73.375, 1.1424157301692937e-22, nan 
-30.125, 73.375, 1.0408320909663218e-22, nan 
-29.875, 73.375, 9.699782976795507e-23, nan 
-29.625, 73.375, 1.3216326160809906e-22, nan 
-29.375, 73.375, 6.597095648497565e-23, nan 
-29.125, 73.375, 7.891759520989656e-23, nan 
-28.875, 73.375, 1.1234439882645617e-22, nan 
-28.625, 73.375, 5.670581039201583e-23, nan 
-28.375, 73.375, 7.629218172819787e-23, nan 
-28.125, 73.375, 3.504967820556023e-23, nan 
-27.875, 73.375, 7.087222836655759e-23, nan 
-27.625, 73.375, 6.32684403829313e-23, nan 
-27.375, 73.375, 8.479716480460922e-23, nan 
-27.125, 73.375, 1.0703325699174466e-22, nan 
-26.875, 73.375, 7.102094186468923e-23, nan 
-26.625, 73.375, 8.996438523580871e-23, nan 
-26.375, 73.375, 9.454698646112914e-23, nan 
-26.125, 73.375, 9.414921466046131e-23, nan 
-25.875, 73.375, 8.624488640282745e-23, nan 
-25.625, 73.375, 5.168413387174336e-23, nan 
-25.375, 73.375, 7.928540703337092e-23, nan 
-25.125, 73.375, 7.536830692005159e-23, nan 
-24.875, 73.375, 7.270558498502232e-23, nan 
-24.625, 73.375, 7.16553143162677e-23, nan 
-24.375, 73.375, 8.99149320138812e-23, nan 
-24.125, 73.375, 1.1025525066768528e-22, nan 
-23.875, 73.375, 9.874239666930985e-23, nan 
-23.625, 73.375, 1.0336246411222974e-22, nan 
-23.375, 73.375, 1.08037993802929e-22, nan 
-23.125, 73.375, 1.1806706558275115e-22, nan 
-22.875, 73.375, 1.0587486280425338e-22, nan 
-22.625, 73.375, 7.857192216770451e-23, nan 
-22.375, 73.375, 1.0197438352104239e-22, nan 
-22.125, 73.375, 9.548077938536525e-23, nan 
-21.875, 73.375, 7.46895678443085e-23, nan 
-21.625, 73.375, 6.095084853853187e-23, nan 
-21.375, 73.375, 2.610028352166494e-23, nan 
-21.125, 73.375, 6.257646077287021e-23, nan 
-20.875, 73.375, 1.045858748258192e-22, nan 
-20.625, 73.375, 7.237832878995347e-23, nan 
-20.375, 73.375, 6.219232512833418e-23, nan 
-20.125, 73.375, 9.510902878428026e-23, nan 
-19.875, 73.375, 7.072357378260363e-23, nan 
-19.625, 73.375, 6.069540581527746e-23, nan 
-19.375, 73.375, 4.0108480717207395e-23, nan 
-19.125, 73.375, 5.32389374997741e-23, nan 
-18.875, 73.375, 6.169276787884273e-23, nan 
-18.625, 73.375, 5.06243416210943e-23, nan 
-18.375, 73.375, 5.647778805702222e-23, nan 
-18.125, 73.375, 2.6040439863870105e-23, nan 
-17.875, 73.375, 3.3456387011755244e-23, nan 
-17.625, 73.375, 2.2510420769107943e-23, nan 
-17.375, 73.375, 2.754466171158001e-23, nan 
-17.125, 73.375, 4.0867834816787365e-23, nan 
-16.875, 73.375, 4.914480307866978e-23, nan 
-16.625, 73.375, 3.6353101194403276e-23, nan 
-16.375, 73.375, 3.955756645149133e-23, nan 
-16.125, 73.375, 4.6970950949107556e-23, nan 
-15.875, 73.375, 8.119078903936176e-23, nan 
-15.625, 73.375, 5.836480730432962e-23, nan 
-15.375, 73.375, 3.682032249666161e-23, nan 
-15.125, 73.375, 7.97142034018645e-23, nan 
-14.875, 73.375, 5.3551429746148e-23, nan 
-14.625, 73.375, 6.784429798078163e-23, nan 
-14.375, 73.375, 3.708779008800189e-23, nan 
-14.125, 73.375, 4.29292967804091e-23, nan 
-13.875, 73.375, 4.8066377007651377e-23, nan 
-13.625, 73.375, 3.813433365572091e-23, nan 
-13.375, 73.375, 1.0099506024170395e-22, nan 
-13.125, 73.375, 9.355357429623869e-23, nan 
-12.875, 73.375, 1.2668933804237067e-22, nan 
-12.625, 73.375, 1.2189523303306074e-22, nan 
-12.375, 73.375, 1.078215595924522e-22, nan 
-12.125, 73.375, 1.2945607495269695e-22, nan 
-11.875, 73.375, 1.3852914408155737e-22, nan 
-11.625, 73.375, 3.4466944786860576e-22, nan 
-11.375, 73.375, 1.1593083207928236e-22, nan 
-11.125, 73.375, 8.637821301856164e-23, nan 
-10.875, 73.375, 1.266196802773129e-22, nan 
-10.625, 73.375, 1.042638828931348e-22, nan 
-10.375, 73.375, 6.176296993669798e-23, nan 
-10.125, 73.375, 8.778733362118797e-23, nan 
-9.875, 73.375, 2.3635166887499694e-23, nan 
-9.625, 73.375, 2.5062584177815345e-23, nan 
-9.375, 73.375, 2.0207438176015677e-23, nan 
-9.125, 73.375, 1.3484298629805638e-23, nan 
-8.875, 73.375, 1.0630298148946957e-23, nan 
-8.625, 73.375, 1.258413713076867e-23, nan 
-8.375, 73.375, 9.633297052185157e-24, nan 
-8.125, 73.375, 1.2042790461339647e-23, nan 
-7.875, 73.375, 1.94250968372978e-23, nan 
-7.625, 73.375, 1.946895597195082e-23, nan 
-7.375, 73.375, 2.5626403731432302e-23, nan 
-7.125, 73.375, 1.7787250307509937e-23, nan 
-6.875, 73.375, 3.009808849641946e-23, nan 
-6.625, 73.375, 2.661362748197198e-23, nan 
-6.375, 73.375, 3.011144439067489e-23, nan 
-6.125, 73.375, 3.185740426875565e-23, nan 
-5.875, 73.375, 2.1376583518953847e-23, nan 
-5.625, 73.375, 2.4640325647864378e-23, nan 
-5.375, 73.375, 1.9724700473691668e-23, nan 
-5.125, 73.375, 2.1813945382877688e-23, nan 
-4.875, 73.375, 3.105084013593285e-23, nan 
-4.625, 73.375, 1.6464060555188136e-23, nan 
-4.375, 73.375, 1.9237468050501752e-23, nan 
-4.125, 73.375, 3.2357531813944024e-23, nan 
-3.875, 73.375, 1.558319095090893e-23, nan 
-3.625, 73.375, 8.279045384404476e-24, nan 
-3.375, 73.375, 1.4978327204453352e-23, nan 
-3.125, 73.375, 1.405559956841179e-23, nan 
-2.875, 73.375, 2.1274952620286573e-23, nan 
-2.625, 73.375, 1.4474853721967384e-23, nan 
-2.375, 73.375, 1.8175005202471146e-23, nan 
-2.125, 73.375, 1.934280697542233e-23, nan 
-1.875, 73.375, 1.0839772124800795e-23, nan 
-1.625, 73.375, 1.9937413497887822e-23, nan 
-1.375, 73.375, 5.0758187249187166e-24, nan 
-1.125, 73.375, 1.9020943427331843e-23, nan 
-0.875, 73.375, 1.3411726088754877e-23, nan 
-0.625, 73.375, 1.6226957176999175e-23, nan 
-0.375, 73.375, 1.8824627883711944e-23, nan 
-0.125, 73.375, 1.6131669162178502e-23, nan 
0.125, 73.375, 1.8543213366745057e-23, nan 
0.375, 73.375, 3.6849718623730495e-23, nan 
0.625, 73.375, 3.8833962102565234e-23, nan 
0.875, 73.375, 5.390964618152069e-23, nan 
1.125, 73.375, 4.858323840188798e-23, nan 
1.375, 73.375, 3.975460874833944e-23, nan 
1.625, 73.375, 3.735137092070467e-23, nan 
1.875, 73.375, 3.141345876706699e-23, nan 
2.125, 73.375, 2.0588673814978026e-22, nan 
2.375, 73.375, 2.935240425411029e-22, nan 
2.625, 73.375, 2.1947912122737203e-22, nan 
2.875, 73.375, 2.4045766842960424e-23, nan 
3.125, 73.375, 7.261784284699444e-24, nan 
3.375, 73.375, 7.654077529010684e-24, nan 
3.625, 73.375, 3.081543049062084e-23, nan 
3.875, 73.375, 1.2849321722571379e-23, nan 
4.125, 73.375, 1.1859925581350295e-23, nan 
4.375, 73.375, 2.667371607756017e-23, nan 
4.625, 73.375, 1.1486024033700908e-23, nan 
4.875, 73.375, 1.4009125433195773e-23, nan 
5.125, 73.375, 2.4119643003043067e-23, nan 
5.375, 73.375, 2.0104444986680495e-23, nan 
5.625, 73.375, 1.0003001413420582e-23, nan 
5.875, 73.375, 1.2093165706418911e-23, nan 
6.125, 73.375, 1.5452365208567924e-23, nan 
6.375, 73.375, 1.753917254242451e-23, nan 
6.625, 73.375, 7.887989068139545e-24, nan 
6.875, 73.375, 6.67354285923709e-24, nan 
7.125, 73.375, 9.078845102265832e-24, nan 
7.375, 73.375, 6.949151380701081e-24, nan 
7.625, 73.375, 8.259299062788854e-24, nan 
7.875, 73.375, 6.889172780947163e-24, nan 
8.125, 73.375, 5.4650644523126536e-24, nan 
8.375, 73.375, 8.314450544950039e-24, nan 
8.625, 73.375, 9.178165620056215e-24, nan 
8.875, 73.375, 1.0657713063447074e-23, nan 
9.125, 73.375, 1.4322885914451425e-23, nan 
9.375, 73.375, 1.342279785115757e-23, nan 
9.625, 73.375, 1.550870938543512e-23, nan 
9.875, 73.375, 1.6248417022479228e-23, nan 
10.125, 73.375, 1.1374288966467313e-23, nan 
10.375, 73.375, 1.2307593187488728e-23, nan 
10.625, 73.375, 1.1672809382348609e-23, nan 
10.875, 73.375, 7.090203774296818e-24, nan 
11.125, 73.375, 7.210802260737202e-24, nan 
11.375, 73.375, 4.1739187236712516e-24, nan 
11.625, 73.375, 5.295784042573625e-24, nan 
11.875, 73.375, 7.296317429087441e-24, nan 
12.125, 73.375, 5.515736229030337e-24, nan 
12.375, 73.375, 5.1432972287745305e-24, nan 
12.625, 73.375, 4.9917344370798934e-24, nan 
12.875, 73.375, 4.794295868587377e-24, nan 
13.125, 73.375, 5.357215139052428e-24, nan 
13.375, 73.375, 4.5030713462693036e-24, nan 
13.625, 73.375, 3.755941476641261e-24, nan 
13.875, 73.375, 3.628229201411334e-24, nan 
14.125, 73.375, 3.567870786704587e-24, nan 
14.375, 73.375, 3.414453789130245e-24, nan 
14.625, 73.375, 5.251010568043005e-24, nan 
14.875, 73.375, 5.124678695632588e-24, nan 
15.125, 73.375, 3.495010922788801e-24, nan 
15.375, 73.375, 6.187079863817134e-24, nan 
15.625, 73.375, 7.473045973661702e-24, nan 
15.875, 73.375, 7.58484463242416e-24, nan 
16.125, 73.375, 7.46169150891981e-24, nan 
16.375, 73.375, 7.154847530586646e-24, nan 
16.625, 73.375, 6.443623449710414e-24, nan 
16.875, 73.375, 7.29871543080222e-24, nan 
17.125, 73.375, 6.072346953202321e-24, nan 
17.375, 73.375, 3.845142625290208e-24, nan 
17.625, 73.375, 2.252623720823666e-24, nan 
17.875, 73.375, 2.6154322402996515e-24, nan 
18.125, 73.375, 6.822505770836105e-24, nan 
18.375, 73.375, 2.4249548066633534e-24, nan 
18.625, 73.375, 1.659147110888077e-24, nan 
18.875, 73.375, 4.713541914570386e-24, nan 
19.125, 73.375, 3.482571055964427e-24, nan 
19.375, 73.375, 3.0865887782078202e-24, nan 
19.625, 73.375, 4.221716736828984e-24, nan 
19.875, 73.375, 4.3736830358079224e-24, nan 
20.125, 73.375, 3.76475416819103e-24, nan 
20.375, 73.375, 4.435796626959393e-24, nan 
20.625, 73.375, 3.2447163866656335e-24, nan 
20.875, 73.375, 4.048494346517436e-24, nan 
21.125, 73.375, 3.357721341507919e-24, nan 
21.375, 73.375, 5.076112679580816e-24, nan 
21.625, 73.375, 4.835114232864849e-24, nan 
21.875, 73.375, 1.1844268293449699e-24, nan 
-92.625, 73.625, 4.291210780143442e-22, nan 
-92.375, 73.625, 4.308943234570657e-22, nan 
-92.125, 73.625, 5.348079152887718e-22, nan 
-91.875, 73.625, 4.0084575459914464e-22, nan 
-91.625, 73.625, 3.228611459377829e-22, nan 
-91.375, 73.625, 3.212794534213841e-22, nan 
-91.125, 73.625, 3.8168372785356657e-22, nan 
-90.875, 73.625, 4.0866612828607187e-22, nan 
-90.625, 73.625, 3.336333361612952e-22, nan 
-90.375, 73.625, 5.00737542174268e-22, nan 
-90.125, 73.625, 4.1187083310516106e-22, nan 
-89.875, 73.625, 3.1366131467157935e-22, nan 
-89.625, 73.625, 5.205501882392516e-22, nan 
-89.375, 73.625, 3.827022868068804e-22, nan 
-89.125, 73.625, 2.638833222484346e-22, nan 
-88.875, 73.625, 4.306543333848142e-22, nan 
-88.625, 73.625, 5.804715451129682e-22, nan 
-88.375, 73.625, 6.398604062592623e-22, nan 
-88.125, 73.625, 8.084025554509118e-22, nan 
-87.875, 73.625, 7.114371325323756e-22, nan 
-87.625, 73.625, 4.623509475415244e-22, nan 
-87.375, 73.625, 1.0021382028364104e-21, nan 
-87.125, 73.625, 1.4781062760279358e-21, nan 
-86.875, 73.625, 1.1723657570288013e-21, nan 
-86.625, 73.625, 1.1951211167786008e-21, nan 
-86.375, 73.625, 1.2962396000592714e-21, nan 
-86.125, 73.625, 1.2029631324690078e-21, nan 
-85.875, 73.625, 1.710926254474235e-21, nan 
-85.625, 73.625, 2.513507378442012e-21, nan 
-85.375, 73.625, 2.7414811147069972e-21, nan 
-85.125, 73.625, 2.8042990161516014e-21, nan 
-84.875, 73.625, 4.388329173529889e-21, nan 
-84.625, 73.625, 2.901272393926051e-21, nan 
-84.375, 73.625, 2.4322997365924055e-21, nan 
-84.125, 73.625, 3.5167262185346975e-21, nan 
-83.875, 73.625, 2.617188606885549e-21, nan 
-83.625, 73.625, 1.4630320632694355e-21, nan 
-83.375, 73.625, 1.6094217401799626e-21, nan 
-83.125, 73.625, 8.837211130565818e-22, nan 
-82.875, 73.625, 8.516796933031407e-22, nan 
-82.625, 73.625, 9.534615389088009e-22, nan 
-82.375, 73.625, 7.310228727641636e-22, nan 
-82.125, 73.625, 6.955082238338911e-22, nan 
-81.875, 73.625, 5.995856313123984e-22, nan 
-81.625, 73.625, 1.1003716639605204e-21, nan 
-81.375, 73.625, 1.4909245044578056e-21, nan 
-81.125, 73.625, 1.7156691745869354e-21, nan 
-80.875, 73.625, 1.6273380891651351e-21, nan 
-80.625, 73.625, 1.1630240272121405e-21, nan 
-80.375, 73.625, 2.1011759891178418e-21, nan 
-80.125, 73.625, 1.5423217599329278e-21, nan 
-79.875, 73.625, 8.81190703554215e-22, nan 
-79.625, 73.625, 8.638204886122597e-22, nan 
-79.375, 73.625, 1.1761898939814741e-21, nan 
-79.125, 73.625, 1.1022011540689564e-21, nan 
-78.875, 73.625, 8.633763363057616e-22, nan 
-78.625, 73.625, 8.173587834890507e-22, nan 
-78.375, 73.625, 7.316860814310692e-22, nan 
-78.125, 73.625, 3.830508598787091e-22, nan 
-77.875, 73.625, 5.803031856071516e-22, nan 
-77.625, 73.625, 1.1714450564901804e-21, nan 
-77.375, 73.625, 1.1047487370165247e-21, nan 
-77.125, 73.625, 8.437707862765274e-22, nan 
-76.875, 73.625, 1.2066308869987688e-21, nan 
-76.625, 73.625, 1.7812730944328553e-21, nan 
-76.375, 73.625, 1.5507036400830253e-21, nan 
-76.125, 73.625, 2.6416080048010996e-21, nan 
-75.875, 73.625, 3.625123646220493e-21, nan 
-75.625, 73.625, 1.2370456731931127e-21, nan 
-75.375, 73.625, 1.6744846895534678e-21, nan 
-75.125, 73.625, 2.386299181408636e-21, nan 
-74.875, 73.625, 1.456654678932261e-21, nan 
-74.625, 73.625, 9.743849389108341e-22, nan 
-74.375, 73.625, 1.2117310313155307e-21, nan 
-74.125, 73.625, 1.6645046108987209e-21, nan 
-73.875, 73.625, 1.315867010002759e-21, nan 
-73.625, 73.625, 1.9909079289839553e-21, nan 
-73.375, 73.625, 2.16363267588617e-21, nan 
-73.125, 73.625, 1.176473043303841e-21, nan 
-72.875, 73.625, 3.3282016199087424e-21, nan 
-72.625, 73.625, 3.2809671030273902e-21, nan 
-72.375, 73.625, 7.207599089124753e-22, nan 
-72.125, 73.625, 3.07075601317647e-21, nan 
-71.875, 73.625, 2.5329349351762014e-21, nan 
-71.625, 73.625, 1.6935311764423693e-21, nan 
-71.375, 73.625, 1.4186742581532896e-21, nan 
-71.125, 73.625, 1.3372322480872269e-21, nan 
-70.875, 73.625, 1.806036955565612e-21, nan 
-70.625, 73.625, 1.1587561423239374e-21, nan 
-70.375, 73.625, 9.85829734378554e-22, nan 
-70.125, 73.625, 1.4562864159616573e-21, nan 
-69.875, 73.625, 1.1999526736513766e-21, nan 
-69.625, 73.625, 1.6145929724373345e-21, nan 
-69.375, 73.625, 7.536946284258895e-22, nan 
-69.125, 73.625, 7.190192132777548e-22, nan 
-68.875, 73.625, 1.8960204736268682e-21, nan 
-68.625, 73.625, 1.5589329441419599e-21, nan 
-68.375, 73.625, 1.195869284384846e-21, nan 
-68.125, 73.625, 2.4993267331249616e-21, nan 
-67.875, 73.625, 1.8030708765032947e-21, nan 
-67.625, 73.625, 9.883753774404102e-22, nan 
-67.375, 73.625, 1.5777289441792055e-21, nan 
-67.125, 73.625, 1.0851176325003659e-21, nan 
-66.875, 73.625, 8.328839450656677e-22, nan 
-66.625, 73.625, 1.7513067540723317e-21, nan 
-66.375, 73.625, 1.1841659301037008e-21, nan 
-66.125, 73.625, 1.0984905461783927e-21, nan 
-65.875, 73.625, 1.4850242401658302e-21, nan 
-65.625, 73.625, 7.895381542702427e-22, nan 
-65.375, 73.625, 1.3832433635491173e-21, nan 
-65.125, 73.625, 2.241186958535984e-21, nan 
-64.875, 73.625, 2.0281342353807394e-21, nan 
-64.625, 73.625, 1.7340923067892476e-21, nan 
-64.375, 73.625, 2.004896831704466e-21, nan 
-64.125, 73.625, 2.1412869370190355e-21, nan 
-63.875, 73.625, 1.9506644306047914e-21, nan 
-63.625, 73.625, 4.124537980505842e-22, nan 
-63.375, 73.625, 7.002008583164944e-22, nan 
-63.125, 73.625, 1.3679391256965537e-21, nan 
-62.875, 73.625, 2.1468636749399317e-21, nan 
-62.625, 73.625, 2.54870069061693e-21, nan 
-62.375, 73.625, 3.456800075197938e-21, nan 
-62.125, 73.625, 3.2244627271464227e-21, nan 
-61.875, 73.625, 3.046940786345288e-21, nan 
-61.625, 73.625, 2.8653292971606557e-21, nan 
-61.375, 73.625, 2.379742807572305e-21, nan 
-61.125, 73.625, 2.0071400194813776e-21, nan 
-60.875, 73.625, 1.583052235164359e-21, nan 
-60.625, 73.625, 1.3301705981562864e-21, nan 
-60.375, 73.625, 1.3969488139619552e-21, nan 
-60.125, 73.625, 1.1852783524683767e-21, nan 
-59.875, 73.625, 9.020941538329316e-22, nan 
-59.625, 73.625, 7.247526428573137e-22, nan 
-59.375, 73.625, 8.785635285571201e-22, nan 
-59.125, 73.625, 9.497433331948694e-22, nan 
-58.875, 73.625, 1.0673096807116434e-21, nan 
-58.625, 73.625, 1.0527491056226427e-21, nan 
-58.375, 73.625, 9.548678689136934e-22, nan 
-58.125, 73.625, 1.1550869591140002e-21, nan 
-57.875, 73.625, 1.3726024790325705e-21, nan 
-57.625, 73.625, 1.1395240215050299e-21, nan 
-57.375, 73.625, 1.145990258256331e-21, nan 
-57.125, 73.625, 1.4090686292239103e-21, nan 
-56.875, 73.625, 1.2697148742271503e-21, nan 
-56.625, 73.625, 1.1503224681983106e-21, nan 
-56.375, 73.625, 1.0283288124486794e-21, nan 
-56.125, 73.625, 1.3221395859839479e-21, nan 
-55.875, 73.625, 1.4400915271516034e-21, nan 
-55.625, 73.625, 1.4594118839091936e-21, nan 
-55.375, 73.625, 1.0796985478542242e-21, nan 
-55.125, 73.625, 1.1595490154089476e-21, nan 
-54.875, 73.625, 1.189155605893554e-21, nan 
-54.625, 73.625, 1.0455466533100904e-21, nan 
-54.375, 73.625, 1.026081059922484e-21, nan 
-54.125, 73.625, 1.1620908367989076e-21, nan 
-53.875, 73.625, 9.680469930089546e-22, nan 
-53.625, 73.625, 9.080106712689381e-22, nan 
-53.375, 73.625, 1.9537303898864645e-21, nan 
-53.125, 73.625, 2.0122228348293506e-21, nan 
-52.875, 73.625, 1.5481667971529712e-21, nan 
-52.625, 73.625, 1.6898074678642533e-21, nan 
-52.375, 73.625, 1.8864858592094013e-21, nan 
-52.125, 73.625, 1.6364619087862947e-21, nan 
-51.875, 73.625, 1.3951346124612094e-21, nan 
-51.625, 73.625, 1.2316966497602183e-21, nan 
-51.375, 73.625, 1.0036778979322812e-21, nan 
-51.125, 73.625, 8.792845028423479e-22, nan 
-50.875, 73.625, 9.73099934317921e-22, nan 
-50.625, 73.625, 8.677000298271212e-22, nan 
-50.375, 73.625, 6.513085031074702e-22, nan 
-50.125, 73.625, 6.579229070935505e-22, nan 
-49.875, 73.625, 6.889169211044862e-22, nan 
-49.625, 73.625, 8.630628842457569e-22, nan 
-49.375, 73.625, 1.0193192351553487e-21, nan 
-49.125, 73.625, 8.561226651340308e-22, nan 
-48.875, 73.625, 9.53871118667654e-22, nan 
-48.625, 73.625, 8.596320857939588e-22, nan 
-48.375, 73.625, 8.013671521518749e-22, nan 
-48.125, 73.625, 1.0731057379898992e-21, nan 
-47.875, 73.625, 1.3745030078631815e-21, nan 
-47.625, 73.625, 1.1906609673533152e-21, nan 
-47.375, 73.625, 1.2832494805616275e-21, nan 
-47.125, 73.625, 1.6400330168557464e-21, nan 
-46.875, 73.625, 1.115233877876203e-21, nan 
-46.625, 73.625, 7.531471789508294e-22, nan 
-46.375, 73.625, 4.5758676622272e-22, nan 
-46.125, 73.625, 5.089725537623849e-22, nan 
-45.875, 73.625, 5.395302052061329e-22, nan 
-45.625, 73.625, 2.693750964475557e-22, nan 
-45.375, 73.625, 2.5751777510503316e-22, nan 
-45.125, 73.625, 4.494091707459778e-22, nan 
-44.875, 73.625, 2.9975659970779512e-22, nan 
-44.625, 73.625, 4.152953340710128e-22, nan 
-44.375, 73.625, 5.989962189329933e-22, nan 
-44.125, 73.625, 5.586754106918514e-22, nan 
-43.875, 73.625, 2.8666553705497884e-22, nan 
-43.625, 73.625, 6.183087738651344e-22, nan 
-43.375, 73.625, 6.059158023639569e-22, nan 
-43.125, 73.625, 3.3434999087580284e-22, nan 
-42.875, 73.625, 3.4748272509838223e-22, nan 
-42.625, 73.625, 3.5921574431799075e-22, nan 
-42.375, 73.625, 5.039525166273909e-22, nan 
-42.125, 73.625, 9.607032883714e-22, nan 
-41.875, 73.625, 8.663405263202018e-22, nan 
-41.625, 73.625, 4.684586354659103e-22, nan 
-41.375, 73.625, 1.0506521866785372e-21, nan 
-41.125, 73.625, 1.013776052915725e-21, nan 
-40.875, 73.625, 1.9134337110074718e-22, nan 
-40.625, 73.625, 2.834227660534252e-22, nan 
-40.375, 73.625, 5.8488438699643695e-22, nan 
-40.125, 73.625, 4.2229617767932343e-22, nan 
-39.875, 73.625, 3.2815371119160957e-22, nan 
-39.625, 73.625, 3.662586098456756e-22, nan 
-39.375, 73.625, 3.5144726448565876e-22, nan 
-39.125, 73.625, 3.4590550851276587e-22, nan 
-38.875, 73.625, 2.716652970068636e-22, nan 
-38.625, 73.625, 2.7045352156706945e-22, nan 
-38.375, 73.625, 4.0444101460094057e-22, nan 
-38.125, 73.625, 4.1431945840484025e-22, nan 
-37.875, 73.625, 5.072074578537611e-22, nan 
-37.625, 73.625, 4.699478403168666e-22, nan 
-37.375, 73.625, 4.843146426184511e-22, nan 
-37.125, 73.625, 6.060316489902523e-22, nan 
-36.875, 73.625, 4.286629769569056e-22, nan 
-36.625, 73.625, 4.5023689192574045e-22, nan 
-36.375, 73.625, 4.626175436300342e-22, nan 
-36.125, 73.625, 3.619876977458598e-22, nan 
-35.875, 73.625, 3.7923867726724374e-22, nan 
-35.625, 73.625, 3.160702371342276e-22, nan 
-35.375, 73.625, 1.3397326750563598e-22, nan 
-35.125, 73.625, 2.4840100529900557e-22, nan 
-34.875, 73.625, 1.3023520314215394e-22, nan 
-34.625, 73.625, 1.9862524824478445e-22, nan 
-34.375, 73.625, 2.2491147353611215e-22, nan 
-34.125, 73.625, 2.406858799260255e-22, nan 
-33.875, 73.625, 1.8363875320562303e-22, nan 
-33.625, 73.625, 1.4556257340597893e-22, nan 
-33.375, 73.625, 2.4708373929282514e-22, nan 
-33.125, 73.625, 1.1539656890616877e-22, nan 
-32.875, 73.625, 6.887122714769245e-23, nan 
-32.625, 73.625, 8.179330185966343e-23, nan 
-32.375, 73.625, 7.001587250952468e-23, nan 
-32.125, 73.625, 5.029807646033235e-23, nan 
-31.875, 73.625, 7.345348246520324e-23, nan 
-31.625, 73.625, 1.2968870726829079e-22, nan 
-31.375, 73.625, 1.1341212262123471e-22, nan 
-31.125, 73.625, 1.0900354837390508e-22, nan 
-30.875, 73.625, 1.3269334237228605e-22, nan 
-30.625, 73.625, 1.4846150037418634e-22, nan 
-30.375, 73.625, 9.864182852586789e-23, nan 
-30.125, 73.625, 7.031851936020738e-23, nan 
-29.875, 73.625, 1.2728104464258391e-22, nan 
-29.625, 73.625, 1.1161280023330563e-22, nan 
-29.375, 73.625, 5.418247936771473e-23, nan 
-29.125, 73.625, 4.2564738970219076e-23, nan 
-28.875, 73.625, 4.717459830326256e-23, nan 
-28.625, 73.625, 3.107511065790019e-23, nan 
-28.375, 73.625, 4.041728926229444e-23, nan 
-28.125, 73.625, 4.4981494528079023e-23, nan 
-27.875, 73.625, 5.0962525034603417e-23, nan 
-27.625, 73.625, 4.8234740703938934e-23, nan 
-27.375, 73.625, 6.136841761545977e-23, nan 
-27.125, 73.625, 6.036898355906965e-23, nan 
-26.875, 73.625, 6.271929502239745e-23, nan 
-26.625, 73.625, 7.900571208441697e-23, nan 
-26.375, 73.625, 6.685254237923305e-23, nan 
-26.125, 73.625, 6.526894849726804e-23, nan 
-25.875, 73.625, 6.683747246357077e-23, nan 
-25.625, 73.625, 7.463042917836698e-23, nan 
-25.375, 73.625, 6.727252583078288e-23, nan 
-25.125, 73.625, 7.127855483060594e-23, nan 
-24.875, 73.625, 8.175557043247256e-23, nan 
-24.625, 73.625, 9.190478804383059e-23, nan 
-24.375, 73.625, 1.0312126906457925e-22, nan 
-24.125, 73.625, 9.49440864466362e-23, nan 
-23.875, 73.625, 1.3597265513499007e-22, nan 
-23.625, 73.625, 1.123367184787167e-22, nan 
-23.375, 73.625, 9.964478579125066e-23, nan 
-23.125, 73.625, 8.025108466342999e-23, nan 
-22.875, 73.625, 9.121539689606076e-23, nan 
-22.625, 73.625, 7.905181886044209e-23, nan 
-22.375, 73.625, 8.999958271834938e-23, nan 
-22.125, 73.625, 7.829478647635388e-23, nan 
-21.875, 73.625, 5.145044821345922e-23, nan 
-21.625, 73.625, 7.52476106287636e-23, nan 
-21.375, 73.625, 3.091136843552093e-23, nan 
-21.125, 73.625, 4.00564037888935e-23, nan 
-20.875, 73.625, 6.296078698761284e-23, nan 
-20.625, 73.625, 4.956389821872087e-23, nan 
-20.375, 73.625, 6.974466816536212e-23, nan 
-20.125, 73.625, 3.810468246619138e-23, nan 
-19.875, 73.625, 4.9244307443655177e-23, nan 
-19.625, 73.625, 5.0672694275033196e-23, nan 
-19.375, 73.625, 3.668692067004587e-23, nan 
-19.125, 73.625, 4.268955573502905e-23, nan 
-18.875, 73.625, 4.4703641982467656e-23, nan 
-18.625, 73.625, 4.1344641622057633e-23, nan 
-18.375, 73.625, 3.459882328512772e-23, nan 
-18.125, 73.625, 2.5714599902959417e-23, nan 
-17.875, 73.625, 2.74930315873631e-23, nan 
-17.625, 73.625, 1.570575125581426e-23, nan 
-17.375, 73.625, 4.4491396168372633e-23, nan 
-17.125, 73.625, 4.1940689951165284e-23, nan 
-16.875, 73.625, 2.2591933780030832e-23, nan 
-16.625, 73.625, 3.6861170414181916e-23, nan 
-16.375, 73.625, 5.345677888948835e-23, nan 
-16.125, 73.625, 4.047519638938755e-23, nan 
-15.875, 73.625, 2.5767722622725434e-23, nan 
-15.625, 73.625, 3.552968979742171e-23, nan 
-15.375, 73.625, 3.5744139199450645e-23, nan 
-15.125, 73.625, 5.937567024293737e-23, nan 
-14.875, 73.625, 4.43980520309914e-23, nan 
-14.625, 73.625, 4.6425195213568563e-23, nan 
-14.375, 73.625, 6.724890446313027e-23, nan 
-14.125, 73.625, 6.146101704130801e-23, nan 
-13.875, 73.625, 5.7354029398838e-23, nan 
-13.625, 73.625, 1.0673744799387893e-22, nan 
-13.375, 73.625, 8.585301353921454e-23, nan 
-13.125, 73.625, 7.234348029658786e-23, nan 
-12.875, 73.625, 1.3102190700912643e-22, nan 
-12.625, 73.625, 1.3456023130666455e-22, nan 
-12.375, 73.625, 3.574770691542541e-22, nan 
-12.125, 73.625, 9.006548961046627e-23, nan 
-11.875, 73.625, 1.9296812420190872e-22, nan 
-11.625, 73.625, 6.407720468811639e-22, nan 
-11.375, 73.625, 6.517851480772336e-23, nan 
-11.125, 73.625, 1.2634436861691877e-22, nan 
-10.875, 73.625, 3.5773862395931982e-22, nan 
-10.625, 73.625, 9.003655103590337e-23, nan 
-10.375, 73.625, 8.006709185366399e-23, nan 
-10.125, 73.625, 6.844146012417906e-23, nan 
-9.875, 73.625, 4.3566353915646387e-23, nan 
-9.625, 73.625, 3.1264737292840696e-23, nan 
-9.375, 73.625, 1.570621957438984e-23, nan 
-9.125, 73.625, 1.9686759220189897e-23, nan 
-8.875, 73.625, 6.575511519733125e-24, nan 
-8.625, 73.625, 1.009673621876506e-23, nan 
-8.375, 73.625, 1.9804841762879198e-23, nan 
-8.125, 73.625, 1.6855255585461293e-23, nan 
-7.875, 73.625, 1.4501077632251237e-23, nan 
-7.625, 73.625, 1.6263855258795418e-23, nan 
-7.375, 73.625, 1.870114035331641e-23, nan 
-7.125, 73.625, 2.1198689052546963e-23, nan 
-6.875, 73.625, 3.5306687742497374e-23, nan 
-6.625, 73.625, 3.137483462525037e-23, nan 
-6.375, 73.625, 1.9750029085434776e-23, nan 
-6.125, 73.625, 3.2306817898608654e-23, nan 
-5.875, 73.625, 2.830423183186766e-23, nan 
-5.625, 73.625, 2.321981684841519e-23, nan 
-5.375, 73.625, 1.31347935175822e-23, nan 
-5.125, 73.625, 1.4320837704311597e-23, nan 
-4.875, 73.625, 2.2275087129560177e-23, nan 
-4.625, 73.625, 1.1970067206053633e-23, nan 
-4.375, 73.625, 9.950614959365615e-24, nan 
-4.125, 73.625, 1.3497881207292273e-23, nan 
-3.875, 73.625, 1.0616101467219747e-23, nan 
-3.625, 73.625, 1.1093103079375836e-23, nan 
-3.375, 73.625, 1.4449349251727025e-23, nan 
-3.125, 73.625, 1.3429163779619528e-23, nan 
-2.875, 73.625, 1.1623789316688668e-23, nan 
-2.625, 73.625, 1.1532370285881769e-23, nan 
-2.375, 73.625, 1.4367405225013426e-23, nan 
-2.125, 73.625, 1.820997680842378e-23, nan 
-1.875, 73.625, 1.815563804586001e-23, nan 
-1.625, 73.625, 3.055442524316103e-23, nan 
-1.375, 73.625, 2.2142344071247576e-23, nan 
-1.125, 73.625, 2.2317519497889773e-23, nan 
-0.875, 73.625, 2.193074930665322e-23, nan 
-0.625, 73.625, 1.9030146089977003e-23, nan 
-0.375, 73.625, 2.0007107959354393e-23, nan 
-0.125, 73.625, 1.6493638294672525e-23, nan 
0.125, 73.625, 6.076849364788495e-23, nan 
0.375, 73.625, 6.130515247649633e-23, nan 
0.625, 73.625, 3.012389696825012e-23, nan 
0.875, 73.625, 7.72660221857218e-23, nan 
1.125, 73.625, 6.42175185657043e-23, nan 
1.375, 73.625, 2.257077515820322e-22, nan 
1.625, 73.625, 3.227677206179825e-22, nan 
1.875, 73.625, 2.656158650672971e-22, nan 
2.125, 73.625, 4.269186463632172e-22, nan 
2.375, 73.625, 5.915879841495535e-22, nan 
2.625, 73.625, 4.505766561676848e-22, nan 
2.875, 73.625, 2.364271875547335e-22, nan 
3.125, 73.625, 3.06813366317669e-22, nan 
3.375, 73.625, 2.255689306995105e-22, nan 
3.625, 73.625, 1.9392907231559812e-23, nan 
3.875, 73.625, 2.1182442804832413e-23, nan 
4.125, 73.625, 1.1711062635333329e-23, nan 
4.375, 73.625, 1.2989882626176842e-23, nan 
4.625, 73.625, 1.4397993548295015e-23, nan 
4.875, 73.625, 1.9236537199017718e-23, nan 
5.125, 73.625, 1.238031707059816e-23, nan 
5.375, 73.625, 1.4445324848578274e-23, nan 
5.625, 73.625, 1.160496998523737e-23, nan 
5.875, 73.625, 9.231061089917784e-24, nan 
6.125, 73.625, 7.543776011751355e-24, nan 
6.375, 73.625, 6.912266948353051e-24, nan 
6.625, 73.625, 7.896684056139574e-24, nan 
6.875, 73.625, 6.561100658510915e-24, nan 
7.125, 73.625, 4.333430582995667e-24, nan 
7.375, 73.625, 2.7023058474997845e-24, nan 
7.625, 73.625, 2.399804921247843e-24, nan 
7.875, 73.625, 5.708793206351588e-24, nan 
8.125, 73.625, 5.08656197644568e-24, nan 
8.375, 73.625, 8.237468579136635e-24, nan 
8.625, 73.625, 7.980128065168367e-24, nan 
8.875, 73.625, 8.377182675989414e-24, nan 
9.125, 73.625, 8.972517196084317e-24, nan 
9.375, 73.625, 1.0880990197136362e-23, nan 
9.625, 73.625, 1.0869679192210544e-23, nan 
9.875, 73.625, 1.0465457761763798e-23, nan 
10.125, 73.625, 8.97318172075843e-24, nan 
10.375, 73.625, 9.92827199156635e-24, nan 
10.625, 73.625, 1.0146110536207627e-23, nan 
10.875, 73.625, 6.416585957291097e-24, nan 
11.125, 73.625, 4.943376969626958e-24, nan 
11.375, 73.625, 4.7802500797560976e-24, nan 
11.625, 73.625, 5.157636741110189e-24, nan 
11.875, 73.625, 3.3297863455843505e-24, nan 
12.125, 73.625, 4.161896542280125e-24, nan 
12.375, 73.625, 5.05664190702481e-24, nan 
12.625, 73.625, 5.380957520013649e-24, nan 
12.875, 73.625, 6.769023336003928e-24, nan 
13.125, 73.625, 7.268989858493028e-24, nan 
13.375, 73.625, 7.123677570252967e-24, nan 
13.625, 73.625, 5.808195835684987e-24, nan 
13.875, 73.625, 4.63431350886507e-24, nan 
14.125, 73.625, 4.163770546614297e-24, nan 
14.375, 73.625, 3.930637107777559e-24, nan 
14.625, 73.625, 7.482528885711978e-24, nan 
14.875, 73.625, 7.07175576935887e-24, nan 
15.125, 73.625, 4.525452786183259e-24, nan 
15.375, 73.625, 4.64546504798369e-24, nan 
15.625, 73.625, 4.390438550211283e-24, nan 
15.875, 73.625, 4.243915448714679e-24, nan 
16.125, 73.625, 3.958035092024983e-24, nan 
16.375, 73.625, 3.213206849137034e-24, nan 
16.625, 73.625, 4.013342003392373e-24, nan 
16.875, 73.625, 6.067346410983694e-24, nan 
17.125, 73.625, 4.383439248389192e-24, nan 
17.375, 73.625, 2.805487430028065e-24, nan 
17.625, 73.625, 3.941173720536459e-24, nan 
17.875, 73.625, 4.541041606271181e-24, nan 
18.125, 73.625, 7.04923915577115e-24, nan 
18.375, 73.625, 3.2618737552990176e-24, nan 
18.625, 73.625, 3.0516564150559086e-24, nan 
18.875, 73.625, 4.5928239086729565e-24, nan 
19.125, 73.625, 3.814623051378467e-24, nan 
19.375, 73.625, 3.769131717236108e-24, nan 
19.625, 73.625, 4.4569625940816126e-24, nan 
19.875, 73.625, 4.1480034164552024e-24, nan 
20.125, 73.625, 3.824042478830881e-24, nan 
20.375, 73.625, 3.658321598151169e-24, nan 
20.625, 73.625, 2.6237344538901665e-24, nan 
20.875, 73.625, 2.248296914448035e-24, nan 
21.125, 73.625, 2.276224504461973e-24, nan 
21.375, 73.625, 1.3440002200482237e-24, nan 
21.625, 73.625, 1.3058491478936448e-24, nan 
21.875, 73.625, 1.216357882178493e-24, nan 
22.125, 73.625, 1.798722104652852e-24, nan 
22.375, 73.625, 2.502206685101365e-24, nan 
22.625, 73.625, 2.0307319491932307e-24, nan 
22.875, 73.625, 2.9010456854392e-24, nan 
-92.875, 73.875, 3.7937164889548993e-22, nan 
-92.625, 73.875, 3.182811498573298e-22, nan 
-92.375, 73.875, 2.2985335468802463e-22, nan 
-92.125, 73.875, 2.400535943490511e-22, nan 
-91.875, 73.875, 2.429038222641288e-22, nan 
-91.625, 73.875, 2.866705150521654e-22, nan 
-91.375, 73.875, 3.0250119931040955e-22, nan 
-91.125, 73.875, 3.5124874224376447e-22, nan 
-90.875, 73.875, 3.5207654980442306e-22, nan 
-90.625, 73.875, 2.421814319563858e-22, nan 
-90.375, 73.875, 3.1954396342270607e-22, nan 
-90.125, 73.875, 2.2522547151098203e-22, nan 
-89.875, 73.875, 1.7193611804181385e-22, nan 
-89.625, 73.875, 3.4097950919804226e-22, nan 
-89.375, 73.875, 5.463130182540092e-22, nan 
-89.125, 73.875, 6.111432721614045e-22, nan 
-88.875, 73.875, 7.20986816163746e-22, nan 
-88.625, 73.875, 9.060615241567192e-22, nan 
-88.375, 73.875, 7.4248227659490265e-22, nan 
-88.125, 73.875, 6.328275897279179e-22, nan 
-87.875, 73.875, 5.574576017335219e-22, nan 
-87.625, 73.875, 4.329109676313672e-22, nan 
-87.375, 73.875, 6.9521011226697695e-22, nan 
-87.125, 73.875, 1.2693923202953287e-21, nan 
-86.875, 73.875, 1.5093737510634222e-21, nan 
-86.625, 73.875, 1.4679171038573274e-21, nan 
-86.375, 73.875, 1.5775786969779569e-21, nan 
-86.125, 73.875, 1.6489803704619127e-21, nan 
-85.875, 73.875, 1.3152236600609212e-21, nan 
-85.625, 73.875, 1.5485356888771303e-21, nan 
-85.375, 73.875, 1.0195677340436504e-21, nan 
-85.125, 73.875, 1.3212782066422704e-21, nan 
-84.875, 73.875, 2.1400418661343283e-21, nan 
-84.625, 73.875, 1.5554142512598308e-21, nan 
-84.375, 73.875, 7.558603055101092e-22, nan 
-84.125, 73.875, 1.2946071904053603e-21, nan 
-83.875, 73.875, 1.2659562734556436e-21, nan 
-83.625, 73.875, 1.0470611959841858e-21, nan 
-83.375, 73.875, 9.118665190741534e-22, nan 
-83.125, 73.875, 7.560816238652878e-22, nan 
-82.875, 73.875, 5.099287055430653e-22, nan 
-82.625, 73.875, 3.0205420260407183e-22, nan 
-82.375, 73.875, 5.07249276015213e-22, nan 
-82.125, 73.875, 3.223734781424277e-22, nan 
-81.875, 73.875, 2.73895079898358e-22, nan 
-81.625, 73.875, 4.907486208980082e-22, nan 
-81.375, 73.875, 1.7435683296336066e-21, nan 
-81.125, 73.875, 1.9113057047711118e-21, nan 
-80.875, 73.875, 1.3712628837422904e-21, nan 
-80.625, 73.875, 1.6408954958541338e-21, nan 
-80.375, 73.875, 1.9184139942908187e-21, nan 
-80.125, 73.875, 1.2819762769487498e-21, nan 
-79.875, 73.875, 6.540013179686069e-22, nan 
-79.625, 73.875, 7.466791112452568e-22, nan 
-79.375, 73.875, 5.736628587144436e-22, nan 
-79.125, 73.875, 1.0558646182968584e-21, nan 
-78.875, 73.875, 9.580078494472889e-22, nan 
-78.625, 73.875, 3.248392501612028e-22, nan 
-78.375, 73.875, 2.9908466536743816e-22, nan 
-78.125, 73.875, 3.832038952582543e-22, nan 
-77.875, 73.875, 3.3209021711855614e-22, nan 
-77.625, 73.875, 5.6859545402569e-22, nan 
-77.375, 73.875, 6.8354718818947645e-22, nan 
-77.125, 73.875, 7.162903318401572e-22, nan 
-76.875, 73.875, 9.754420696454108e-22, nan 
-76.625, 73.875, 1.2423885892254124e-21, nan 
-76.375, 73.875, 1.2314796265545828e-21, nan 
-76.125, 73.875, 1.4894378967337513e-21, nan 
-75.875, 73.875, 2.0348077958312844e-21, nan 
-75.625, 73.875, 1.1392141236794176e-21, nan 
-75.375, 73.875, 8.982671193649283e-22, nan 
-75.125, 73.875, 6.98949401013397e-22, nan 
-74.875, 73.875, 5.286096837311848e-22, nan 
-74.625, 73.875, 3.521903982616275e-22, nan 
-74.375, 73.875, 5.456166227226343e-22, nan 
-74.125, 73.875, 5.738428551916009e-22, nan 
-73.875, 73.875, 6.203781575490094e-22, nan 
-73.625, 73.875, 1.2828203597528152e-21, nan 
-73.375, 73.875, 1.5118339334199738e-21, nan 
-73.125, 73.875, 5.599781287586629e-22, nan 
-72.875, 73.875, 1.90188660879582e-21, nan 
-72.625, 73.875, 1.835291039988209e-21, nan 
-72.375, 73.875, 1.455128522592108e-21, nan 
-72.125, 73.875, 1.5433193631541579e-21, nan 
-71.875, 73.875, 1.1373005965934313e-21, nan 
-71.625, 73.875, 1.89251550116587e-21, nan 
-71.375, 73.875, 1.6872943177266814e-21, nan 
-71.125, 73.875, 9.55997685693613e-22, nan 
-70.875, 73.875, 1.179976664470525e-21, nan 
-70.625, 73.875, 1.3965191220126189e-21, nan 
-70.375, 73.875, 1.171344206789262e-21, nan 
-70.125, 73.875, 1.1501778772463989e-21, nan 
-69.875, 73.875, 1.214369555960425e-21, nan 
-69.625, 73.875, 1.3684524944481755e-21, nan 
-69.375, 73.875, 1.0294830595661335e-21, nan 
-69.125, 73.875, 5.547086167444039e-22, nan 
-68.875, 73.875, 1.3462268334651757e-21, nan 
-68.625, 73.875, 1.2243196651201198e-21, nan 
-68.375, 73.875, 5.124219284136789e-22, nan 
-68.125, 73.875, 1.1515840403933105e-21, nan 
-67.875, 73.875, 9.991771540624806e-22, nan 
-67.625, 73.875, 7.885405075259034e-22, nan 
-67.375, 73.875, 7.719909111390091e-22, nan 
-67.125, 73.875, 6.846400426575391e-22, nan 
-66.875, 73.875, 9.91543328689888e-22, nan 
-66.625, 73.875, 1.2840276334627334e-21, nan 
-66.375, 73.875, 1.7897838915821102e-21, nan 
-66.125, 73.875, 2.0881304973288798e-21, nan 
-65.875, 73.875, 2.1579858459728985e-21, nan 
-65.625, 73.875, 1.854053435433981e-21, nan 
-65.375, 73.875, 1.2806453545943306e-21, nan 
-65.125, 73.875, 1.231726851270434e-21, nan 
-64.875, 73.875, 1.1595816599500407e-21, nan 
-64.625, 73.875, 6.9523223224596305e-22, nan 
-64.375, 73.875, 1.6008726375321763e-21, nan 
-64.125, 73.875, 1.7386629891224325e-21, nan 
-63.875, 73.875, 1.5283636742916979e-21, nan 
-63.625, 73.875, 2.2451189880332715e-21, nan 
-63.375, 73.875, 2.246805175782235e-21, nan 
-63.125, 73.875, 2.967473959585172e-21, nan 
-62.875, 73.875, 3.3063367208919737e-21, nan 
-62.625, 73.875, 3.438332113000295e-21, nan 
-62.375, 73.875, 2.9690698019038205e-21, nan 
-62.125, 73.875, 2.8939817465416042e-21, nan 
-61.875, 73.875, 2.8900601871660244e-21, nan 
-61.625, 73.875, 1.3191692052633635e-21, nan 
-61.375, 73.875, 9.212573507578126e-22, nan 
-61.125, 73.875, 1.0037876325276144e-21, nan 
-60.875, 73.875, 8.265872356672571e-22, nan 
-60.625, 73.875, 7.746644339720213e-22, nan 
-60.375, 73.875, 7.9026512702467945e-22, nan 
-60.125, 73.875, 6.168896525491142e-22, nan 
-59.875, 73.875, 5.505658550101572e-22, nan 
-59.625, 73.875, 5.9339226425531375e-22, nan 
-59.375, 73.875, 6.788963676446553e-22, nan 
-59.125, 73.875, 7.708940285468511e-22, nan 
-58.875, 73.875, 8.577422468566572e-22, nan 
-58.625, 73.875, 1.155098102044772e-21, nan 
-58.375, 73.875, 1.6553917560210545e-21, nan 
-58.125, 73.875, 1.6968443633005348e-21, nan 
-57.875, 73.875, 1.4745377297962952e-21, nan 
-57.625, 73.875, 1.4924366951195675e-21, nan 
-57.375, 73.875, 1.4221962297684321e-21, nan 
-57.125, 73.875, 1.2851822183865749e-21, nan 
-56.875, 73.875, 1.0230489757634862e-21, nan 
-56.625, 73.875, 1.1212271472379776e-21, nan 
-56.375, 73.875, 1.2130827011707592e-21, nan 
-56.125, 73.875, 1.0700377068281636e-21, nan 
-55.875, 73.875, 1.1634015469557193e-21, nan 
-55.625, 73.875, 1.0016909289226946e-21, nan 
-55.375, 73.875, 9.38648013633304e-22, nan 
-55.125, 73.875, 9.24455911419199e-22, nan 
-54.875, 73.875, 8.38682097457893e-22, nan 
-54.625, 73.875, 9.222171695161522e-22, nan 
-54.375, 73.875, 6.332850191756026e-22, nan 
-54.125, 73.875, 6.7236009554844e-22, nan 
-53.875, 73.875, 6.219324065807773e-22, nan 
-53.625, 73.875, 7.038958886811652e-22, nan 
-53.375, 73.875, 7.462597295858211e-22, nan 
-53.125, 73.875, 6.405668208677968e-22, nan 
-52.875, 73.875, 1.0518551258117113e-21, nan 
-52.625, 73.875, 1.2035982943121728e-21, nan 
-52.375, 73.875, 1.2703859222968772e-21, nan 
-52.125, 73.875, 1.2381484141495896e-21, nan 
-51.875, 73.875, 1.0558996815021593e-21, nan 
-51.625, 73.875, 9.31168012079722e-22, nan 
-51.375, 73.875, 8.474610976520028e-22, nan 
-51.125, 73.875, 8.010864902890279e-22, nan 
-50.875, 73.875, 8.577093984694705e-22, nan 
-50.625, 73.875, 7.159337825879483e-22, nan 
-50.375, 73.875, 6.226084713815646e-22, nan 
-50.125, 73.875, 7.446607392892494e-22, nan 
-49.875, 73.875, 5.571638602266123e-22, nan 
-49.625, 73.875, 5.939347252107911e-22, nan 
-49.375, 73.875, 5.72689930223352e-22, nan 
-49.125, 73.875, 5.722882240708551e-22, nan 
-48.875, 73.875, 4.24613491533876e-22, nan 
-48.625, 73.875, 3.82912933913256e-22, nan 
-48.375, 73.875, 6.182174913261995e-22, nan 
-48.125, 73.875, 9.272847316275732e-22, nan 
-47.875, 73.875, 8.739989342926945e-22, nan 
-47.625, 73.875, 7.282048039169453e-22, nan 
-47.375, 73.875, 8.461215999661953e-22, nan 
-47.125, 73.875, 8.22487647792146e-22, nan 
-46.875, 73.875, 7.171889889489135e-22, nan 
-46.625, 73.875, 3.0408012890350147e-22, nan 
-46.375, 73.875, 3.646743067326066e-22, nan 
-46.125, 73.875, 4.720763128872344e-22, nan 
-45.875, 73.875, 3.949455054281209e-22, nan 
-45.625, 73.875, 6.857531555321975e-22, nan 
-45.375, 73.875, 4.161272062802903e-22, nan 
-45.125, 73.875, 4.7742053542007915e-22, nan 
-44.875, 73.875, 5.364554302000655e-22, nan 
-44.625, 73.875, 4.912102702252938e-22, nan 
-44.375, 73.875, 3.7332047338352766e-22, nan 
-44.125, 73.875, 2.1271984308701134e-22, nan 
-43.875, 73.875, 2.159838935819013e-22, nan 
-43.625, 73.875, 2.646027079661007e-22, nan 
-43.375, 73.875, 3.336262023012757e-22, nan 
-43.125, 73.875, 2.4222011992761508e-22, nan 
-42.875, 73.875, 2.970442804970709e-22, nan 
-42.625, 73.875, 5.915165277963385e-22, nan 
-42.375, 73.875, 4.0538217424046136e-22, nan 
-42.125, 73.875, 3.709803100564445e-22, nan 
-41.875, 73.875, 5.71108643859304e-22, nan 
-41.625, 73.875, 5.336597254562742e-22, nan 
-41.375, 73.875, 3.95632518164751e-22, nan 
-41.125, 73.875, 3.707336046541597e-22, nan 
-40.875, 73.875, 4.2149624694198814e-22, nan 
-40.625, 73.875, 3.414084930687459e-22, nan 
-40.375, 73.875, 4.23174195436894e-22, nan 
-40.125, 73.875, 3.884498753120394e-22, nan 
-39.875, 73.875, 4.674820492276515e-22, nan 
-39.625, 73.875, 3.2648421460926135e-22, nan 
-39.375, 73.875, 3.740273350263616e-22, nan 
-39.125, 73.875, 3.7772359745182466e-22, nan 
-38.875, 73.875, 2.9091615432381413e-22, nan 
-38.625, 73.875, 2.3157819837419876e-22, nan 
-38.375, 73.875, 3.0318346753149174e-22, nan 
-38.125, 73.875, 2.595666625238764e-22, nan 
-37.875, 73.875, 2.1702318860500996e-22, nan 
-37.625, 73.875, 2.8108831509751856e-22, nan 
-37.375, 73.875, 3.5782407550506136e-22, nan 
-37.125, 73.875, 4.1396004221682183e-22, nan 
-36.875, 73.875, 3.3757291294158064e-22, nan 
-36.625, 73.875, 3.283521343396766e-22, nan 
-36.375, 73.875, 3.136928752294359e-22, nan 
-36.125, 73.875, 2.6161260059921266e-22, nan 
-35.875, 73.875, 2.231998431316067e-22, nan 
-35.625, 73.875, 1.134449773784575e-22, nan 
-35.375, 73.875, 1.1514298856121745e-22, nan 
-35.125, 73.875, 1.4387448987016861e-22, nan 
-34.875, 73.875, 1.0087956986717402e-22, nan 
-34.625, 73.875, 1.3509940771585153e-22, nan 
-34.375, 73.875, 9.704914173097374e-23, nan 
-34.125, 73.875, 5.995665053454722e-23, nan 
-33.875, 73.875, 1.2433926483188152e-22, nan 
-33.625, 73.875, 8.824980086964572e-23, nan 
-33.375, 73.875, 1.127656838844161e-22, nan 
-33.125, 73.875, 8.613603194909682e-23, nan 
-32.875, 73.875, 5.302639676626399e-23, nan 
-32.625, 73.875, 5.360980315947944e-23, nan 
-32.375, 73.875, 6.249899440259087e-23, nan 
-32.125, 73.875, 5.0806311166274875e-23, nan 
-31.875, 73.875, 1.3363232246607651e-22, nan 
-31.625, 73.875, 1.0360541017172714e-22, nan 
-31.375, 73.875, 9.031985138565962e-23, nan 
-31.125, 73.875, 1.437716433196269e-22, nan 
-30.875, 73.875, 8.664697287835786e-23, nan 
-30.625, 73.875, 9.429531664095873e-23, nan 
-30.375, 73.875, 6.445693425677465e-23, nan 
-30.125, 73.875, 5.12875463460231e-23, nan 
-29.875, 73.875, 5.528991751177167e-23, nan 
-29.625, 73.875, 6.073236899023533e-23, nan 
-29.375, 73.875, 3.53267135864985e-23, nan 
-29.125, 73.875, 3.021052850212223e-23, nan 
-28.875, 73.875, 3.7141426483286624e-23, nan 
-28.625, 73.875, 5.438479244240698e-23, nan 
-28.375, 73.875, 6.384533371888925e-23, nan 
-28.125, 73.875, 4.649339322073505e-23, nan 
-27.875, 73.875, 6.470397959578299e-23, nan 
-27.625, 73.875, 9.549648922640518e-23, nan 
-27.375, 73.875, 8.900833146897142e-23, nan 
-27.125, 73.875, 6.678448204591136e-23, nan 
-26.875, 73.875, 8.788964342534298e-23, nan 
-26.625, 73.875, 9.045459866071698e-23, nan 
-26.375, 73.875, 5.542237042132956e-23, nan 
-26.125, 73.875, 4.796196422096802e-23, nan 
-25.875, 73.875, 4.9041640666344693e-23, nan 
-25.625, 73.875, 9.690404662129402e-23, nan 
-25.375, 73.875, 7.249325066147298e-23, nan 
-25.125, 73.875, 7.618715003271363e-23, nan 
-24.875, 73.875, 1.2059276213696038e-22, nan 
-24.625, 73.875, 1.6931178902498993e-22, nan 
-24.375, 73.875, 1.5003268403805038e-22, nan 
-24.125, 73.875, 1.0524022605906036e-22, nan 
-23.875, 73.875, 1.6929903919445122e-22, nan 
-23.625, 73.875, 1.3861746127052228e-22, nan 
-23.375, 73.875, 8.568447680382666e-23, nan 
-23.125, 73.875, 5.686265224914961e-23, nan 
-22.875, 73.875, 8.467530706508794e-23, nan 
-22.625, 73.875, 5.508245563068883e-23, nan 
-22.375, 73.875, 6.350245252276724e-23, nan 
-22.125, 73.875, 8.959641572750082e-23, nan 
-21.875, 73.875, 3.6919867243413325e-23, nan 
-21.625, 73.875, 5.107278400695503e-23, nan 
-21.375, 73.875, 5.764230980250633e-23, nan 
-21.125, 73.875, 7.191203317470076e-23, nan 
-20.875, 73.875, 5.677880169457145e-23, nan 
-20.625, 73.875, 5.88750010268561e-23, nan 
-20.375, 73.875, 8.630158636794092e-23, nan 
-20.125, 73.875, 2.823385689657307e-23, nan 
-19.875, 73.875, 6.51159602150638e-23, nan 
-19.625, 73.875, 4.093784674003289e-23, nan 
-19.375, 73.875, 4.905870437822917e-23, nan 
-19.125, 73.875, 7.091634908135197e-23, nan 
-18.875, 73.875, 5.470632258585369e-23, nan 
-18.625, 73.875, 5.101085515677944e-23, nan 
-18.375, 73.875, 5.739198961170541e-23, nan 
-18.125, 73.875, 4.639007200126835e-23, nan 
-17.875, 73.875, 2.1889862765418933e-23, nan 
-17.625, 73.875, 8.800241914092083e-24, nan 
-17.375, 73.875, 3.790677006261583e-23, nan 
-17.125, 73.875, 1.2727679313867646e-23, nan 
-16.875, 73.875, 1.2119967935624774e-23, nan 
-16.625, 73.875, 3.252945452092185e-23, nan 
-16.375, 73.875, 4.05274427299418e-23, nan 
-16.125, 73.875, 2.3901660184039774e-23, nan 
-15.875, 73.875, 1.662828897150465e-23, nan 
-15.625, 73.875, 3.9700756566450946e-23, nan 
-15.375, 73.875, 3.957885283711956e-23, nan 
-15.125, 73.875, 3.896137001499699e-23, nan 
-14.875, 73.875, 3.062041320637528e-23, nan 
-14.625, 73.875, 4.253247503831058e-23, nan 
-14.375, 73.875, 4.968256932396192e-23, nan 
-14.125, 73.875, 5.1186935157624455e-23, nan 
-13.875, 73.875, 4.418500044143151e-23, nan 
-13.625, 73.875, 5.426066142292049e-23, nan 
-13.375, 73.875, 5.884524982164992e-23, nan 
-13.125, 73.875, 5.776780450128154e-23, nan 
-12.875, 73.875, 8.156775958259978e-23, nan 
-12.625, 73.875, 8.360849688952904e-23, nan 
-12.375, 73.875, 6.185679948861811e-23, nan 
-12.125, 73.875, 7.367633227560782e-23, nan 
-11.875, 73.875, 9.709870204430506e-23, nan 
-11.625, 73.875, 2.585801903417365e-22, nan 
-11.375, 73.875, 8.809787137657018e-23, nan 
-11.125, 73.875, 6.241582851740329e-23, nan 
-10.875, 73.875, 6.385738977382563e-23, nan 
-10.625, 73.875, 5.76877682870867e-23, nan 
-10.375, 73.875, 3.11005801389793e-23, nan 
-10.125, 73.875, 2.2718048786932292e-23, nan 
-9.875, 73.875, 1.2755074505457273e-23, nan 
-9.625, 73.875, 9.645235147413764e-24, nan 
-9.375, 73.875, 7.219157909640164e-24, nan 
-9.125, 73.875, 1.3162374723010827e-23, nan 
-8.875, 73.875, 7.951509866410683e-24, nan 
-8.625, 73.875, 1.0748223546929079e-23, nan 
-8.375, 73.875, 1.3434416667501395e-23, nan 
-8.125, 73.875, 1.4857550082484214e-23, nan 
-7.875, 73.875, 1.5899332214456603e-23, nan 
-7.625, 73.875, 2.763016886592893e-23, nan 
-7.375, 73.875, 3.7287405154749536e-23, nan 
-7.125, 73.875, 2.506335297037626e-23, nan 
-6.875, 73.875, 2.9922861742443473e-23, nan 
-6.625, 73.875, 2.9273712804595704e-23, nan 
-6.375, 73.875, 1.9136437388856288e-23, nan 
-6.125, 73.875, 1.8601935284774896e-23, nan 
-5.875, 73.875, 1.397219276070746e-23, nan 
-5.625, 73.875, 1.7644479484650013e-23, nan 
-5.375, 73.875, 1.394315545901274e-23, nan 
-5.125, 73.875, 1.0172590600378945e-23, nan 
-4.875, 73.875, 1.1420269556212628e-23, nan 
-4.625, 73.875, 2.0031285164486143e-23, nan 
-4.375, 73.875, 1.9797243668966128e-23, nan 
-4.125, 73.875, 2.3282615430260644e-23, nan 
-3.875, 73.875, 1.8664135423654847e-23, nan 
-3.625, 73.875, 1.6428801144307081e-23, nan 
-3.375, 73.875, 2.1021357882054514e-23, nan 
-3.125, 73.875, 1.9937292937206303e-23, nan 
-2.875, 73.875, 2.4947524275929994e-23, nan 
-2.625, 73.875, 1.5700903287481762e-23, nan 
-2.375, 73.875, 1.604637022060564e-23, nan 
-2.125, 73.875, 2.6540136335379347e-23, nan 
-1.875, 73.875, 2.1803434015931798e-23, nan 
-1.625, 73.875, 2.0593462900666187e-23, nan 
-1.375, 73.875, 1.5288367833205342e-23, nan 
-1.125, 73.875, 1.7269317050336342e-23, nan 
-0.875, 73.875, 1.5359333370610257e-23, nan 
-0.625, 73.875, 8.450083812801019e-24, nan 
-0.375, 73.875, 1.524548076724881e-23, nan 
-0.125, 73.875, 2.976872203665963e-23, nan 
0.125, 73.875, 3.580626665665688e-23, nan 
0.375, 73.875, 5.178541035736523e-23, nan 
0.625, 73.875, 3.7494825351142413e-23, nan 
0.875, 73.875, 4.26647105067392e-23, nan 
1.125, 73.875, 4.8725674893383055e-23, nan 
1.375, 73.875, 3.2797354874470405e-23, nan 
1.625, 73.875, 3.210846942912582e-23, nan 
1.875, 73.875, 2.697464761036225e-23, nan 
2.125, 73.875, 1.8434949349248372e-22, nan 
2.375, 73.875, 2.618404104806104e-22, nan 
2.625, 73.875, 1.9321616883072635e-22, nan 
2.875, 73.875, 1.3293778837697202e-23, nan 
3.125, 73.875, 1.3685210625696058e-23, nan 
3.375, 73.875, 2.5849566792303533e-23, nan 
3.625, 73.875, 1.5887362436816814e-23, nan 
3.875, 73.875, 1.5117646615523085e-23, nan 
4.125, 73.875, 1.3986943062887726e-23, nan 
4.375, 73.875, 5.962660432509782e-24, nan 
4.625, 73.875, 1.004988062162228e-23, nan 
4.875, 73.875, 1.3928244954507685e-23, nan 
5.125, 73.875, 1.1083253599759799e-23, nan 
5.375, 73.875, 7.324100945383231e-24, nan 
5.625, 73.875, 1.0398009022118541e-23, nan 
5.875, 73.875, 8.13737351302293e-24, nan 
6.125, 73.875, 5.0905503696018305e-24, nan 
6.375, 73.875, 1.0046972009723604e-23, nan 
6.625, 73.875, 7.876996723267487e-24, nan 
6.875, 73.875, 8.917403687208918e-24, nan 
7.125, 73.875, 9.594532759091073e-24, nan 
7.375, 73.875, 6.231707468520134e-24, nan 
7.625, 73.875, 8.494487512194603e-24, nan 
7.875, 73.875, 1.156479832414486e-23, nan 
8.125, 73.875, 6.706239607775836e-24, nan 
8.375, 73.875, 7.138110975326597e-24, nan 
8.625, 73.875, 6.650911205358742e-24, nan 
8.875, 73.875, 7.138654834419772e-24, nan 
9.125, 73.875, 1.1325721681554335e-23, nan 
9.375, 73.875, 8.432933066943431e-24, nan 
9.625, 73.875, 7.82555805200789e-24, nan 
9.875, 73.875, 1.2752968143202968e-23, nan 
10.125, 73.875, 1.005060874402006e-23, nan 
10.375, 73.875, 9.68060093349324e-24, nan 
10.625, 73.875, 9.632366483348014e-24, nan 
10.875, 73.875, 6.258384682610777e-24, nan 
11.125, 73.875, 9.700921732397266e-24, nan 
11.375, 73.875, 9.719344256921765e-24, nan 
11.625, 73.875, 7.011684494581678e-24, nan 
11.875, 73.875, 4.886448368826989e-24, nan 
12.125, 73.875, 6.498631752191874e-24, nan 
12.375, 73.875, 5.23856247040952e-24, nan 
12.625, 73.875, 3.6632879855721945e-24, nan 
12.875, 73.875, 7.390589304600518e-24, nan 
13.125, 73.875, 7.959294815466562e-24, nan 
13.375, 73.875, 5.7733579280953215e-24, nan 
13.625, 73.875, 8.51533416394084e-24, nan 
13.875, 73.875, 1.0788528481238664e-23, nan 
14.125, 73.875, 7.908703222412063e-24, nan 
14.375, 73.875, 5.1930913294062e-24, nan 
14.625, 73.875, 1.2033461490591906e-23, nan 
14.875, 73.875, 9.392309999541877e-24, nan 
15.125, 73.875, 3.4757795644110314e-24, nan 
15.375, 73.875, 4.9977219429452175e-24, nan 
15.625, 73.875, 3.2344037199291245e-24, nan 
15.875, 73.875, 1.8263744213623074e-24, nan 
16.125, 73.875, 2.840774675688355e-24, nan 
16.375, 73.875, 2.343790930170172e-24, nan 
16.625, 73.875, 3.038509329351229e-24, nan 
16.875, 73.875, 4.1606900708639916e-24, nan 
17.125, 73.875, 5.621389744623564e-24, nan 
17.375, 73.875, 4.806255789896855e-24, nan 
17.625, 73.875, 4.460129769810907e-24, nan 
17.875, 73.875, 6.134333932480188e-24, nan 
18.125, 73.875, 6.4630545324528086e-24, nan 
18.375, 73.875, 3.9542696700148465e-24, nan 
18.625, 73.875, 2.924891302820226e-24, nan 
18.875, 73.875, 3.1793735767171736e-24, nan 
19.125, 73.875, 3.528724523381513e-24, nan 
19.375, 73.875, 2.7489869706182105e-24, nan 
19.625, 73.875, 2.5961198604029484e-24, nan 
19.875, 73.875, 3.045667019466845e-24, nan 
20.125, 73.875, 3.0163031603180126e-24, nan 
20.375, 73.875, 2.687919394664165e-24, nan 
20.625, 73.875, 3.098219149496456e-24, nan 
20.875, 73.875, 2.467653635500852e-24, nan 
21.125, 73.875, 3.375630981629917e-24, nan 
21.375, 73.875, 2.381464575969799e-24, nan 
21.625, 73.875, 2.7540771559425347e-24, nan 
21.875, 73.875, 3.732565902158565e-24, nan 
22.125, 73.875, 4.191553185285373e-24, nan 
22.375, 73.875, 4.2393081818060564e-24, nan 
22.625, 73.875, 3.731221762038803e-24, nan 
22.875, 73.875, 6.03013797217005e-24, nan 
23.125, 73.875, 4.913431561256113e-24, nan 
23.375, 73.875, 2.2029321836977086e-24, nan 
23.625, 73.875, 2.2984817379664647e-24, nan 
23.875, 73.875, 1.9781095705856065e-24, nan 
-93.375, 74.125, 1.207430106078044e-22, nan 
-93.125, 74.125, 1.810127094685111e-22, nan 
-92.875, 74.125, 3.487687891473864e-22, nan 
-92.625, 74.125, 3.554697892243889e-22, nan 
-92.375, 74.125, 3.534341419142014e-22, nan 
-92.125, 74.125, 3.3042799037242207e-22, nan 
-91.875, 74.125, 3.123366686896511e-22, nan 
-91.625, 74.125, 3.7568941570591764e-22, nan 
-91.375, 74.125, 2.5461496595011136e-22, nan 
-91.125, 74.125, 1.8641699151524745e-22, nan 
-90.875, 74.125, 2.2705437251531314e-22, nan 
-90.625, 74.125, 1.7684783565453907e-22, nan 
-90.375, 74.125, 1.7034727760394477e-22, nan 
-90.125, 74.125, 3.104957694510498e-22, nan 
-89.875, 74.125, 2.2870244377244704e-22, nan 
-89.625, 74.125, 2.354463458664432e-22, nan 
-89.375, 74.125, 3.0907669364324867e-22, nan 
-89.125, 74.125, 8.118606408199812e-22, nan 
-88.875, 74.125, 8.598383286930633e-22, nan 
-88.625, 74.125, 7.296115138965004e-22, nan 
-88.375, 74.125, 9.24265747801645e-22, nan 
-88.125, 74.125, 9.454438162171117e-22, nan 
-87.875, 74.125, 9.224207659758152e-22, nan 
-87.625, 74.125, 6.313334602567908e-22, nan 
-87.375, 74.125, 1.1634468975761546e-21, nan 
-87.125, 74.125, 1.6038547293307013e-21, nan 
-86.875, 74.125, 1.346127358017728e-21, nan 
-86.625, 74.125, 1.3266267621535567e-21, nan 
-86.375, 74.125, 1.63502232182608e-21, nan 
-86.125, 74.125, 1.2952021642781465e-21, nan 
-85.875, 74.125, 8.83742522242045e-22, nan 
-85.625, 74.125, 1.0446411698734752e-21, nan 
-85.375, 74.125, 8.633524566541872e-22, nan 
-85.125, 74.125, 9.277479479067907e-22, nan 
-84.875, 74.125, 1.4614548513312892e-21, nan 
-84.625, 74.125, 1.0124569841678338e-21, nan 
-84.375, 74.125, 6.905281108909594e-22, nan 
-84.125, 74.125, 9.274763596386798e-22, nan 
-83.875, 74.125, 5.518847249279305e-22, nan 
-83.625, 74.125, 3.7385536411960937e-22, nan 
-83.375, 74.125, 4.0966554336033593e-22, nan 
-83.125, 74.125, 5.014927142770812e-22, nan 
-82.875, 74.125, 5.558118669410487e-22, nan 
-82.625, 74.125, 4.244388001405501e-22, nan 
-82.375, 74.125, 5.82153364426949e-22, nan 
-82.125, 74.125, 7.219932456793865e-22, nan 
-81.875, 74.125, 6.9090130307066385e-22, nan 
-81.625, 74.125, 7.154235931639252e-22, nan 
-81.375, 74.125, 8.218474605542935e-22, nan 
-81.125, 74.125, 9.97038118542258e-22, nan 
-80.875, 74.125, 8.689676418092639e-22, nan 
-80.625, 74.125, 6.247790075322247e-22, nan 
-80.375, 74.125, 7.285765946238841e-22, nan 
-80.125, 74.125, 6.097948252030845e-22, nan 
-79.875, 74.125, 7.575867736044126e-22, nan 
-79.625, 74.125, 4.749009254260606e-22, nan 
-79.375, 74.125, 4.0460034573279353e-22, nan 
-79.125, 74.125, 6.72299592485285e-22, nan 
-78.875, 74.125, 4.695189845868933e-22, nan 
-78.625, 74.125, 2.942975330075564e-22, nan 
-78.375, 74.125, 4.1297041697385182e-22, nan 
-78.125, 74.125, 2.9498395947907076e-22, nan 
-77.875, 74.125, 3.129355203542207e-22, nan 
-77.625, 74.125, 4.9101313287958455e-22, nan 
-77.375, 74.125, 5.9846572655048495e-22, nan 
-77.125, 74.125, 9.053967615036756e-22, nan 
-76.875, 74.125, 1.3031398864032711e-21, nan 
-76.625, 74.125, 1.2441284098592146e-21, nan 
-76.375, 74.125, 1.6453552699865231e-21, nan 
-76.125, 74.125, 1.1095070047451038e-21, nan 
-75.875, 74.125, 1.161482777573289e-21, nan 
-75.625, 74.125, 1.3538972244274855e-21, nan 
-75.375, 74.125, 9.240986407888318e-22, nan 
-75.125, 74.125, 9.17575803628429e-22, nan 
-74.875, 74.125, 4.985650233946714e-22, nan 
-74.625, 74.125, 8.515348499640773e-22, nan 
-74.375, 74.125, 8.301665124655939e-22, nan 
-74.125, 74.125, 8.411792371465539e-22, nan 
-73.875, 74.125, 1.3338712349772247e-21, nan 
-73.625, 74.125, 8.929946729912845e-22, nan 
-73.375, 74.125, 1.1852204622146353e-21, nan 
-73.125, 74.125, 1.1744688368663325e-21, nan 
-72.875, 74.125, 1.082962026849285e-21, nan 
-72.625, 74.125, 1.1056061300827692e-21, nan 
-72.375, 74.125, 6.761918054254369e-22, nan 
-72.125, 74.125, 1.1050954298570008e-21, nan 
-71.875, 74.125, 1.6741110129863496e-21, nan 
-71.625, 74.125, 9.773063232744173e-22, nan 
-71.375, 74.125, 9.737977408019367e-22, nan 
-71.125, 74.125, 7.149851226677418e-22, nan 
-70.875, 74.125, 9.389798412269536e-22, nan 
-70.625, 74.125, 1.1815291923027736e-21, nan 
-70.375, 74.125, 1.349682308074049e-21, nan 
-70.125, 74.125, 1.3247896641613974e-21, nan 
-69.875, 74.125, 1.2249995630094261e-21, nan 
-69.625, 74.125, 1.2795895856799042e-21, nan 
-69.375, 74.125, 6.782776268410895e-22, nan 
-69.125, 74.125, 5.589041640362069e-22, nan 
-68.875, 74.125, 9.266978502258427e-22, nan 
-68.625, 74.125, 1.5141311389342806e-21, nan 
-68.375, 74.125, 1.0388508938508154e-21, nan 
-68.125, 74.125, 1.422302906383226e-21, nan 
-67.875, 74.125, 1.537028541004128e-21, nan 
-67.625, 74.125, 1.4179978998776254e-21, nan 
-67.375, 74.125, 1.410529917995476e-21, nan 
-67.125, 74.125, 1.87208702788005e-21, nan 
-66.875, 74.125, 1.364343456172388e-21, nan 
-66.625, 74.125, 1.2936584027085047e-21, nan 
-66.375, 74.125, 1.6841592456568752e-21, nan 
-66.125, 74.125, 1.88358119949158e-21, nan 
-65.875, 74.125, 1.755710908028066e-21, nan 
-65.625, 74.125, 1.5303802818279435e-21, nan 
-65.375, 74.125, 1.3128588917992951e-21, nan 
-65.125, 74.125, 9.43565097104217e-22, nan 
-64.875, 74.125, 9.309731840921306e-22, nan 
-64.625, 74.125, 1.2269271863720011e-21, nan 
-64.375, 74.125, 1.3094113504621342e-21, nan 
-64.125, 74.125, 1.4391431078790653e-21, nan 
-63.875, 74.125, 1.378473259769224e-21, nan 
-63.625, 74.125, 1.849327558466989e-21, nan 
-63.375, 74.125, 1.9103364947203215e-21, nan 
-63.125, 74.125, 1.783468386731042e-21, nan 
-62.875, 74.125, 1.6991630199689764e-21, nan 
-62.625, 74.125, 1.742213630078141e-21, nan 
-62.375, 74.125, 7.228238554675183e-22, nan 
-62.125, 74.125, 6.295269292938545e-22, nan 
-61.875, 74.125, 6.990007241410768e-22, nan 
-61.625, 74.125, 6.491021840242712e-22, nan 
-61.375, 74.125, 6.672269677639473e-22, nan 
-61.125, 74.125, 6.891873233520901e-22, nan 
-60.875, 74.125, 5.564539963909266e-22, nan 
-60.625, 74.125, 5.845112596281411e-22, nan 
-60.375, 74.125, 1.440997855786862e-21, nan 
-60.125, 74.125, 1.0531113944314658e-21, nan 
-59.875, 74.125, 5.187261565918524e-22, nan 
-59.625, 74.125, 4.876948649775722e-22, nan 
-59.375, 74.125, 3.1749499219794256e-22, nan 
-59.125, 74.125, 1.2883234327276025e-21, nan 
-58.875, 74.125, 1.2901341923260384e-21, nan 
-58.625, 74.125, 1.1749483363750204e-21, nan 
-58.375, 74.125, 1.3539010240091444e-21, nan 
-58.125, 74.125, 1.3265613426383456e-21, nan 
-57.875, 74.125, 1.1139717768577942e-21, nan 
-57.625, 74.125, 8.139836860775482e-22, nan 
-57.375, 74.125, 6.652521678744667e-22, nan 
-57.125, 74.125, 8.857573035782983e-22, nan 
-56.875, 74.125, 8.524452757568728e-22, nan 
-56.625, 74.125, 7.686946378819187e-22, nan 
-56.375, 74.125, 8.4461937019874145e-22, nan 
-56.125, 74.125, 8.103782630959631e-22, nan 
-55.875, 74.125, 7.093914772439598e-22, nan 
-55.625, 74.125, 8.147137563229241e-22, nan 
-55.375, 74.125, 9.382494522115234e-22, nan 
-55.125, 74.125, 7.358155994463421e-22, nan 
-54.875, 74.125, 9.336575937138341e-22, nan 
-54.625, 74.125, 9.15921632259318e-22, nan 
-54.375, 74.125, 7.722272915379785e-22, nan 
-54.125, 74.125, 1.0055738935150067e-21, nan 
-53.875, 74.125, 6.695653186364716e-22, nan 
-53.625, 74.125, 7.836127801555216e-22, nan 
-53.375, 74.125, 6.555100359569094e-22, nan 
-53.125, 74.125, 5.196175445763998e-22, nan 
-52.875, 74.125, 5.442529871419741e-22, nan 
-52.625, 74.125, 3.927694336295842e-22, nan 
-52.375, 74.125, 2.1086380660059255e-22, nan 
-52.125, 74.125, 3.8512919317209737e-22, nan 
-51.875, 74.125, 3.109790024551187e-22, nan 
-51.625, 74.125, 3.195374333043792e-22, nan 
-51.375, 74.125, 4.511739711239569e-22, nan 
-51.125, 74.125, 3.838490031466376e-22, nan 
-50.875, 74.125, 4.5336867456651745e-22, nan 
-50.625, 74.125, 4.0634478494208275e-22, nan 
-50.375, 74.125, 4.0489423856784095e-22, nan 
-50.125, 74.125, 4.860999176050664e-22, nan 
-49.875, 74.125, 4.0130372177225174e-22, nan 
-49.625, 74.125, 4.252738515366667e-22, nan 
-49.375, 74.125, 3.575220081424123e-22, nan 
-49.125, 74.125, 2.8789123850044108e-22, nan 
-48.875, 74.125, 2.936408643197971e-22, nan 
-48.625, 74.125, 4.301190702120252e-22, nan 
-48.375, 74.125, 4.708883007093869e-22, nan 
-48.125, 74.125, 5.7075022840810595e-22, nan 
-47.875, 74.125, 4.716388079730509e-22, nan 
-47.625, 74.125, 5.111151207501933e-22, nan 
-47.375, 74.125, 5.059244853702668e-22, nan 
-47.125, 74.125, 3.2919819575750837e-22, nan 
-46.875, 74.125, 3.654596202440516e-22, nan 
-46.625, 74.125, 4.1255908085956786e-22, nan 
-46.375, 74.125, 3.4799546845686043e-22, nan 
-46.125, 74.125, 3.279263288276166e-22, nan 
-45.875, 74.125, 4.478769931784254e-22, nan 
-45.625, 74.125, 4.734415490419806e-22, nan 
-45.375, 74.125, 3.781046456128994e-22, nan 
-45.125, 74.125, 3.4677985212533417e-22, nan 
-44.875, 74.125, 3.705094179022933e-22, nan 
-44.625, 74.125, 4.88802882488327e-22, nan 
-44.375, 74.125, 1.9562860390116812e-22, nan 
-44.125, 74.125, 2.7762083123166043e-22, nan 
-43.875, 74.125, 3.6144853638855476e-22, nan 
-43.625, 74.125, 2.5358506886899823e-22, nan 
-43.375, 74.125, 3.1197828133412426e-22, nan 
-43.125, 74.125, 2.8679078788620207e-22, nan 
-42.875, 74.125, 3.712814684107232e-22, nan 
-42.625, 74.125, 5.239858849584406e-22, nan 
-42.375, 74.125, 4.137339009463904e-22, nan 
-42.125, 74.125, 3.9987574058653694e-22, nan 
-41.875, 74.125, 4.861977130083619e-22, nan 
-41.625, 74.125, 3.4569293723927865e-22, nan 
-41.375, 74.125, 2.252704001908344e-22, nan 
-41.125, 74.125, 3.585410841310454e-22, nan 
-40.875, 74.125, 3.6681521829390956e-22, nan 
-40.625, 74.125, 3.3131632757299195e-22, nan 
-40.375, 74.125, 6.22674560892372e-22, nan 
-40.125, 74.125, 4.5189697944951565e-22, nan 
-39.875, 74.125, 4.830965763678123e-22, nan 
-39.625, 74.125, 3.2331004383859896e-22, nan 
-39.375, 74.125, 2.9936532820723527e-22, nan 
-39.125, 74.125, 3.751597889036162e-22, nan 
-38.875, 74.125, 2.51157834832663e-22, nan 
-38.625, 74.125, 2.441989661760504e-22, nan 
-38.375, 74.125, 2.368040124905056e-22, nan 
-38.125, 74.125, 1.8956277847398078e-22, nan 
-37.875, 74.125, 1.893963038508955e-22, nan 
-37.625, 74.125, 2.8129810841166913e-22, nan 
-37.375, 74.125, 2.870312133489114e-22, nan 
-37.125, 74.125, 2.3229964489718594e-22, nan 
-36.875, 74.125, 1.9878912100720434e-22, nan 
-36.625, 74.125, 2.0418948293933164e-22, nan 
-36.375, 74.125, 1.4240746442957604e-22, nan 
-36.125, 74.125, 1.0805745633065917e-22, nan 
-35.875, 74.125, 6.711794968422021e-23, nan 
-35.625, 74.125, 6.763779594457042e-23, nan 
-35.375, 74.125, 6.258419545588337e-23, nan 
-35.125, 74.125, 7.174268918170441e-23, nan 
-34.875, 74.125, 9.748263971042255e-23, nan 
-34.625, 74.125, 7.764411574845246e-23, nan 
-34.375, 74.125, 4.8444174087154275e-23, nan 
-34.125, 74.125, 3.501978233030166e-23, nan 
-33.875, 74.125, 1.051515252904645e-22, nan 
-33.625, 74.125, 1.1629741064162466e-22, nan 
-33.375, 74.125, 9.399867464435908e-23, nan 
-33.125, 74.125, 1.0243082833332202e-22, nan 
-32.875, 74.125, 8.872848816383666e-23, nan 
-32.625, 74.125, 1.472394194261712e-22, nan 
-32.375, 74.125, 1.2124326205031618e-22, nan 
-32.125, 74.125, 7.838473420447244e-23, nan 
-31.875, 74.125, 6.292920558530871e-23, nan 
-31.625, 74.125, 9.371655876962321e-23, nan 
-31.375, 74.125, 9.332606534715457e-23, nan 
-31.125, 74.125, 9.117177155674697e-23, nan 
-30.875, 74.125, 9.412472496385662e-23, nan 
-30.625, 74.125, 8.475890203873188e-23, nan 
-30.375, 74.125, 7.833589149435549e-23, nan 
-30.125, 74.125, 6.83602292103114e-23, nan 
-29.875, 74.125, 4.825109129655104e-23, nan 
-29.625, 74.125, 6.126284337027125e-23, nan 
-29.375, 74.125, 4.778358083947714e-23, nan 
-29.125, 74.125, 3.069615821603206e-23, nan 
-28.875, 74.125, 2.4812476381724336e-23, nan 
-28.625, 74.125, 4.629912902324195e-23, nan 
-28.375, 74.125, 4.668946985514059e-23, nan 
-28.125, 74.125, 3.857958108957586e-23, nan 
-27.875, 74.125, 5.980919141214649e-23, nan 
-27.625, 74.125, 6.35112764130889e-23, nan 
-27.375, 74.125, 8.579726219260211e-23, nan 
-27.125, 74.125, 7.43744082499556e-23, nan 
-26.875, 74.125, 7.205726061921503e-23, nan 
-26.625, 74.125, 8.446645677791093e-23, nan 
-26.375, 74.125, 6.333806885322746e-23, nan 
-26.125, 74.125, 5.766470142111931e-23, nan 
-25.875, 74.125, 4.2683010775314174e-23, nan 
-25.625, 74.125, 4.883049376883541e-23, nan 
-25.375, 74.125, 9.041885976678673e-23, nan 
-25.125, 74.125, 9.960877815198625e-23, nan 
-24.875, 74.125, 1.1665900843605266e-22, nan 
-24.625, 74.125, 1.1939205455070586e-22, nan 
-24.375, 74.125, 1.1985179918660696e-22, nan 
-24.125, 74.125, 1.0364869865234955e-22, nan 
-23.875, 74.125, 9.326734186942158e-23, nan 
-23.625, 74.125, 7.952749330709049e-23, nan 
-23.375, 74.125, 4.984411772517559e-23, nan 
-23.125, 74.125, 5.634309070323811e-23, nan 
-22.875, 74.125, 6.064888121072443e-23, nan 
-22.625, 74.125, 4.764417655005641e-23, nan 
-22.375, 74.125, 5.1098823093163836e-23, nan 
-22.125, 74.125, 8.053067058840764e-23, nan 
-21.875, 74.125, 3.940576616293721e-23, nan 
-21.625, 74.125, 2.367346066902388e-23, nan 
-21.375, 74.125, 4.317000408878046e-23, nan 
-21.125, 74.125, 3.590312980601281e-23, nan 
-20.875, 74.125, 5.357438237604626e-23, nan 
-20.625, 74.125, 6.718562124685248e-23, nan 
-20.375, 74.125, 4.9131158520898595e-23, nan 
-20.125, 74.125, 4.290710828508903e-23, nan 
-19.875, 74.125, 3.624922537871698e-23, nan 
-19.625, 74.125, 3.466643882974689e-23, nan 
-19.375, 74.125, 4.6429927437419634e-23, nan 
-19.125, 74.125, 4.3886402378942887e-23, nan 
-18.875, 74.125, 5.722190225402853e-23, nan 
-18.625, 74.125, 4.9396701811885966e-23, nan 
-18.375, 74.125, 4.020492296465436e-23, nan 
-18.125, 74.125, 5.353449848884936e-23, nan 
-17.875, 74.125, 3.352191053189992e-23, nan 
-17.625, 74.125, 2.2267752856824887e-23, nan 
-17.375, 74.125, 2.7041769541840003e-23, nan 
-17.125, 74.125, 2.3047425358814266e-23, nan 
-16.875, 74.125, 1.4362514593011675e-23, nan 
-16.625, 74.125, 1.9290576076058744e-23, nan 
-16.375, 74.125, 2.243112798898724e-23, nan 
-16.125, 74.125, 2.3349474624913204e-23, nan 
-15.875, 74.125, 2.064586047327894e-23, nan 
-15.625, 74.125, 2.515443944086092e-23, nan 
-15.375, 74.125, 2.5821712677638713e-23, nan 
-15.125, 74.125, 3.417127877463658e-23, nan 
-14.875, 74.125, 2.0044125858347948e-23, nan 
-14.625, 74.125, 4.1686657664020014e-23, nan 
-14.375, 74.125, 6.475571748510569e-23, nan 
-14.125, 74.125, 1.1261757439941872e-22, nan 
-13.875, 74.125, 9.690779356321597e-23, nan 
-13.625, 74.125, 1.0096989491637429e-22, nan 
-13.375, 74.125, 1.2944692754056492e-22, nan 
-13.125, 74.125, 1.036413354676144e-22, nan 
-12.875, 74.125, 8.787455823928038e-23, nan 
-12.625, 74.125, 1.7683387441117955e-22, nan 
-12.375, 74.125, 1.5419073403162492e-22, nan 
-12.125, 74.125, 7.780122769450367e-23, nan 
-11.875, 74.125, 1.4516532739919478e-22, nan 
-11.625, 74.125, 1.669898023436799e-22, nan 
-11.375, 74.125, 1.3557082024389298e-22, nan 
-11.125, 74.125, 7.607916213899421e-23, nan 
-10.875, 74.125, 5.014992413014883e-23, nan 
-10.625, 74.125, 5.909787386158949e-23, nan 
-10.375, 74.125, 4.8219566289920203e-23, nan 
-10.125, 74.125, 2.5650291423551637e-23, nan 
-9.875, 74.125, 1.4805773905492565e-23, nan 
-9.625, 74.125, 1.7032730583571898e-23, nan 
-9.375, 74.125, 1.1552629508862498e-23, nan 
-9.125, 74.125, 1.2164006559848711e-23, nan 
-8.875, 74.125, 1.437171793080347e-23, nan 
-8.625, 74.125, 1.5869136500973632e-23, nan 
-8.375, 74.125, 3.1713145603382135e-23, nan 
-8.125, 74.125, 4.9179380233504204e-23, nan 
-7.875, 74.125, 3.306937664022536e-23, nan 
-7.625, 74.125, 3.2191330527145945e-23, nan 
-7.375, 74.125, 5.313359109990424e-23, nan 
-7.125, 74.125, 3.1969062158734094e-23, nan 
-6.875, 74.125, 1.354166256639296e-23, nan 
-6.625, 74.125, 8.532595769501858e-24, nan 
-6.375, 74.125, 4.633401060627578e-24, nan 
-6.125, 74.125, 1.2666619889816924e-23, nan 
-5.875, 74.125, 1.1326212854128706e-23, nan 
-5.625, 74.125, 1.6445835370723103e-23, nan 
-5.375, 74.125, 2.8754058464869554e-23, nan 
-5.125, 74.125, 2.5980963121987984e-23, nan 
-4.875, 74.125, 2.4146207985784242e-23, nan 
-4.625, 74.125, 3.0333151760197464e-23, nan 
-4.375, 74.125, 2.705607650551919e-23, nan 
-4.125, 74.125, 2.2673483998221702e-23, nan 
-3.875, 74.125, 2.2091556587681208e-23, nan 
-3.625, 74.125, 1.4123088064232362e-23, nan 
-3.375, 74.125, 1.3188708145987741e-23, nan 
-3.125, 74.125, 1.836506003326812e-23, nan 
-2.875, 74.125, 1.771431356769993e-23, nan 
-2.625, 74.125, 1.2758968885192815e-23, nan 
-2.375, 74.125, 1.1471798968487865e-23, nan 
-2.125, 74.125, 1.457884670666718e-23, nan 
-1.875, 74.125, 9.366182478054338e-24, nan 
-1.625, 74.125, 5.6634371127296534e-24, nan 
-1.375, 74.125, 8.95322046145723e-24, nan 
-1.125, 74.125, 1.3587693411155013e-23, nan 
-0.875, 74.125, 4.305277200309736e-23, nan 
-0.625, 74.125, 4.268809304909366e-23, nan 
-0.375, 74.125, 3.1689734400868086e-23, nan 
-0.125, 74.125, 4.89488910499331e-23, nan 
0.125, 74.125, 4.874374569264992e-23, nan 
0.375, 74.125, 3.734354619202266e-23, nan 
0.625, 74.125, 3.037259685834055e-23, nan 
0.875, 74.125, 9.679938748550533e-24, nan 
1.125, 74.125, 2.1899998219185537e-23, nan 
1.375, 74.125, 2.3092189359987536e-23, nan 
1.625, 74.125, 1.5384939570203016e-23, nan 
1.875, 74.125, 1.956947982368199e-23, nan 
2.125, 74.125, 1.922959787549701e-23, nan 
2.375, 74.125, 1.9958034231981626e-23, nan 
2.625, 74.125, 1.928437364577094e-23, nan 
2.875, 74.125, 1.0385555572302024e-23, nan 
3.125, 74.125, 1.5435720475361004e-23, nan 
3.375, 74.125, 2.124584215694191e-23, nan 
3.625, 74.125, 7.470993545477508e-24, nan 
3.875, 74.125, 1.5176886688918524e-23, nan 
4.125, 74.125, 1.7987984842652878e-23, nan 
4.375, 74.125, 9.026333351221445e-24, nan 
4.625, 74.125, 7.596588048482706e-24, nan 
4.875, 74.125, 1.726540453044656e-23, nan 
5.125, 74.125, 1.1845293229916133e-23, nan 
5.375, 74.125, 9.441437153216307e-24, nan 
5.625, 74.125, 1.4886651913173895e-23, nan 
5.875, 74.125, 1.0741494331770178e-23, nan 
6.125, 74.125, 8.225226237536196e-24, nan 
6.375, 74.125, 7.580173945737296e-24, nan 
6.625, 74.125, 1.0721272741860148e-23, nan 
6.875, 74.125, 1.0477667204111543e-23, nan 
7.125, 74.125, 6.520606780095104e-24, nan 
7.375, 74.125, 7.544297623806845e-24, nan 
7.625, 74.125, 8.509035060659462e-24, nan 
7.875, 74.125, 6.630460234871441e-24, nan 
8.125, 74.125, 4.764984896616687e-24, nan 
8.375, 74.125, 7.256018311779367e-24, nan 
8.625, 74.125, 6.675283559157149e-24, nan 
8.875, 74.125, 3.791725830560027e-24, nan 
9.125, 74.125, 5.5797960701190484e-24, nan 
9.375, 74.125, 5.004083270834768e-24, nan 
9.625, 74.125, 4.518888643492016e-24, nan 
9.875, 74.125, 6.518578137999259e-24, nan 
10.125, 74.125, 1.0193644083539989e-23, nan 
10.375, 74.125, 7.526157283014702e-24, nan 
10.625, 74.125, 7.464068780111956e-24, nan 
10.875, 74.125, 9.364547925470399e-24, nan 
11.125, 74.125, 1.0350966748386672e-23, nan 
11.375, 74.125, 9.347813568522922e-24, nan 
11.625, 74.125, 6.612078464300838e-24, nan 
11.875, 74.125, 6.475393362794366e-24, nan 
12.125, 74.125, 8.970142401047571e-24, nan 
12.375, 74.125, 7.709915185620688e-24, nan 
12.625, 74.125, 5.481244882901541e-24, nan 
12.875, 74.125, 6.449121602857703e-24, nan 
13.125, 74.125, 5.2168896891608876e-24, nan 
13.375, 74.125, 3.599787347032593e-24, nan 
13.625, 74.125, 4.0241077142507046e-24, nan 
13.875, 74.125, 3.503304457216826e-24, nan 
14.125, 74.125, 3.1260576101195817e-24, nan 
14.375, 74.125, 1.0674168505261633e-24, nan 
14.625, 74.125, 5.295297460453863e-24, nan 
14.875, 74.125, 3.6094243361176106e-24, nan 
15.125, 74.125, 2.066901241654438e-24, nan 
15.375, 74.125, 4.602119960525259e-24, nan 
15.625, 74.125, 2.490767412888405e-24, nan 
15.875, 74.125, 1.9932730807886447e-24, nan 
16.125, 74.125, 4.506410046115736e-24, nan 
16.375, 74.125, 2.3030703293274756e-24, nan 
16.625, 74.125, 3.6454113243180114e-24, nan 
16.875, 74.125, 7.730180824066158e-24, nan 
17.125, 74.125, 7.356751306703628e-24, nan 
17.375, 74.125, 7.520089875827021e-24, nan 
17.625, 74.125, 8.479709010872244e-24, nan 
17.875, 74.125, 7.680685609366442e-24, nan 
18.125, 74.125, 9.291511492469986e-24, nan 
18.375, 74.125, 5.5232307718788074e-24, nan 
18.625, 74.125, 3.827068540831334e-24, nan 
18.875, 74.125, 5.06757550515588e-24, nan 
19.125, 74.125, 4.013384812618508e-24, nan 
19.375, 74.125, 2.409457892103955e-24, nan 
19.625, 74.125, 1.5507871115971258e-24, nan 
19.875, 74.125, 1.3365789915473136e-24, nan 
20.125, 74.125, 2.1374056919125616e-24, nan 
20.375, 74.125, 1.9468284504581955e-24, nan 
20.625, 74.125, 2.042123665606896e-24, nan 
20.875, 74.125, 1.3361394002660414e-24, nan 
21.125, 74.125, 1.871832254400573e-24, nan 
21.375, 74.125, 2.3408459549485285e-24, nan 
21.625, 74.125, 1.7534589009488865e-24, nan 
21.875, 74.125, 2.522438854948297e-24, nan 
22.125, 74.125, 1.1486283210519677e-24, nan 
22.375, 74.125, 2.0968167036729692e-24, nan 
22.625, 74.125, 2.2520208983530345e-24, nan 
22.875, 74.125, 3.6073433311097335e-24, nan 
23.125, 74.125, 3.6076616187200806e-24, nan 
23.375, 74.125, 2.7033167561457475e-24, nan 
23.625, 74.125, 1.9485754802256665e-24, nan 
23.875, 74.125, 2.2826082388217133e-24, nan 
24.125, 74.125, 2.096868004046349e-24, nan 
24.375, 74.125, 1.1020882634203374e-24, nan 
24.625, 74.125, 2.879648096819617e-24, nan 
24.875, 74.125, 2.3762487380580306e-24, nan 
25.125, 74.125, 1.988085712535569e-24, nan 
-93.625, 74.375, 3.081443896615814e-22, nan 
-93.375, 74.375, 3.495442897636976e-22, nan 
-93.125, 74.375, 3.5071042473372905e-22, nan 
-92.875, 74.375, 4.019260818016467e-22, nan 
-92.625, 74.375, 3.922475603932225e-22, nan 
-92.375, 74.375, 3.8543043377014634e-22, nan 
-92.125, 74.375, 2.3088958215883e-22, nan 
-91.875, 74.375, 1.6577629095886323e-22, nan 
-91.625, 74.375, 3.82883485695803e-22, nan 
-91.375, 74.375, 3.0594022345630243e-22, nan 
-91.125, 74.375, 2.0746022930524996e-22, nan 
-90.875, 74.375, 2.5181575152994973e-22, nan 
-90.625, 74.375, 2.332388687508245e-22, nan 
-90.375, 74.375, 2.0282322861092362e-22, nan 
-90.125, 74.375, 2.435089911468598e-22, nan 
-89.875, 74.375, 2.1357879235636894e-22, nan 
-89.625, 74.375, 2.3058917948370415e-22, nan 
-89.375, 74.375, 5.105994943414679e-22, nan 
-89.125, 74.375, 6.159249211441994e-22, nan 
-88.875, 74.375, 4.457953189372564e-22, nan 
-88.625, 74.375, 5.200245681191623e-22, nan 
-88.375, 74.375, 7.873483801826042e-22, nan 
-88.125, 74.375, 6.5403192557165425e-22, nan 
-87.875, 74.375, 5.567994177360338e-22, nan 
-87.625, 74.375, 7.5077179472139065e-22, nan 
-87.375, 74.375, 9.745249940546692e-22, nan 
-87.125, 74.375, 1.010886278768395e-21, nan 
-86.875, 74.375, 8.471131647578083e-22, nan 
-86.625, 74.375, 9.440431609722836e-22, nan 
-86.375, 74.375, 1.0142892241752133e-21, nan 
-86.125, 74.375, 3.8330921344341007e-22, nan 
-85.875, 74.375, 4.624752225237073e-22, nan 
-85.625, 74.375, 6.611662898369996e-22, nan 
-85.375, 74.375, 4.478936824055202e-22, nan 
-85.125, 74.375, 6.164949801328983e-22, nan 
-84.875, 74.375, 1.1022997548180887e-21, nan 
-84.625, 74.375, 6.812412778131741e-22, nan 
-84.375, 74.375, 8.863925462201798e-22, nan 
-84.125, 74.375, 3.1768278323260134e-22, nan 
-83.875, 74.375, 4.683967232939737e-22, nan 
-83.625, 74.375, 3.5082576747487945e-22, nan 
-83.375, 74.375, 1.5498043428099248e-22, nan 
-83.125, 74.375, 2.044066294587155e-22, nan 
-82.875, 74.375, 5.186765270536072e-22, nan 
-82.625, 74.375, 8.04253775539372e-22, nan 
-82.375, 74.375, 7.693931452652333e-22, nan 
-82.125, 74.375, 5.605682002947158e-22, nan 
-81.875, 74.375, 7.781484882158769e-22, nan 
-81.625, 74.375, 1.1587090825492058e-21, nan 
-81.375, 74.375, 8.476633021806138e-22, nan 
-81.125, 74.375, 1.0802643855355769e-21, nan 
-80.875, 74.375, 9.469477685846219e-22, nan 
-80.625, 74.375, 8.041924257853199e-22, nan 
-80.375, 74.375, 1.1038143202241177e-21, nan 
-80.125, 74.375, 7.060198755816309e-22, nan 
-79.875, 74.375, 8.653568316811035e-22, nan 
-79.625, 74.375, 5.320542585811436e-22, nan 
-79.375, 74.375, 1.7903746333520646e-22, nan 
-79.125, 74.375, 5.356744430723722e-22, nan 
-78.875, 74.375, 4.1151552254747063e-22, nan 
-78.625, 74.375, 6.374573855506136e-23, nan 
-78.375, 74.375, 7.381383465047566e-22, nan 
-78.125, 74.375, 1.0082649581067916e-21, nan 
-77.875, 74.375, 1.5119118252430533e-21, nan 
-77.625, 74.375, 1.5471008322113136e-21, nan 
-77.375, 74.375, 1.4384542375970905e-21, nan 
-77.125, 74.375, 1.4429984902603807e-21, nan 
-76.875, 74.375, 1.5578279945991044e-21, nan 
-76.625, 74.375, 9.528106075514728e-22, nan 
-76.375, 74.375, 9.279418268779864e-22, nan 
-76.125, 74.375, 7.638219542155438e-22, nan 
-75.875, 74.375, 7.721330775410279e-22, nan 
-75.625, 74.375, 7.299804784389935e-22, nan 
-75.375, 74.375, 5.951025739988023e-22, nan 
-75.125, 74.375, 1.3075365799372609e-21, nan 
-74.875, 74.375, 9.523926528789246e-22, nan 
-74.625, 74.375, 4.087029589337618e-22, nan 
-74.375, 74.375, 1.4198798083912341e-21, nan 
-74.125, 74.375, 4.962445743348185e-22, nan 
-73.875, 74.375, 5.693003035959559e-22, nan 
-73.625, 74.375, 1.0408333973028123e-21, nan 
-73.375, 74.375, 8.253894457339171e-22, nan 
-73.125, 74.375, 8.096745601578926e-22, nan 
-72.875, 74.375, 7.101912555333452e-22, nan 
-72.625, 74.375, 5.897682665277782e-22, nan 
-72.375, 74.375, 6.151904533737555e-22, nan 
-72.125, 74.375, 7.307682308326692e-22, nan 
-71.875, 74.375, 1.1559297510866502e-21, nan 
-71.625, 74.375, 9.661819699234603e-22, nan 
-71.375, 74.375, 5.556466967315219e-22, nan 
-71.125, 74.375, 1.334253512312751e-21, nan 
-70.875, 74.375, 1.984929331469482e-21, nan 
-70.625, 74.375, 1.1188913086983036e-21, nan 
-70.375, 74.375, 1.5077651892940328e-21, nan 
-70.125, 74.375, 2.1298938163583306e-21, nan 
-69.875, 74.375, 1.5712423148233663e-21, nan 
-69.625, 74.375, 1.4170943180768369e-21, nan 
-69.375, 74.375, 1.78630847687128e-21, nan 
-69.125, 74.375, 1.4362621214938007e-21, nan 
-68.875, 74.375, 1.940664048406635e-21, nan 
-68.625, 74.375, 1.5925424285026567e-21, nan 
-68.375, 74.375, 1.2027858601377642e-21, nan 
-68.125, 74.375, 1.5604924153925426e-21, nan 
-67.875, 74.375, 1.2931276995162651e-21, nan 
-67.625, 74.375, 1.3387553891242137e-21, nan 
-67.375, 74.375, 1.245726381538969e-21, nan 
-67.125, 74.375, 1.4439249182918517e-21, nan 
-66.875, 74.375, 1.0006055496977304e-21, nan 
-66.625, 74.375, 1.0879964767391034e-21, nan 
-66.375, 74.375, 6.762423370650159e-22, nan 
-66.125, 74.375, 4.850842356101739e-22, nan 
-65.875, 74.375, 6.5585260436059175e-22, nan 
-65.625, 74.375, 4.364635691105325e-22, nan 
-65.375, 74.375, 3.26821369364214e-22, nan 
-65.125, 74.375, 4.060027998762656e-22, nan 
-64.875, 74.375, 5.123172296266152e-22, nan 
-64.625, 74.375, 7.136702993727895e-22, nan 
-64.375, 74.375, 6.022637177338921e-22, nan 
-64.125, 74.375, 6.616130002896973e-22, nan 
-63.875, 74.375, 7.140788125686363e-22, nan 
-63.625, 74.375, 5.40369842969515e-22, nan 
-63.375, 74.375, 5.369004576308017e-22, nan 
-63.125, 74.375, 5.956592974241575e-22, nan 
-62.875, 74.375, 6.071580371503851e-22, nan 
-62.625, 74.375, 6.329326507982929e-22, nan 
-62.375, 74.375, 5.471996531240862e-22, nan 
-62.125, 74.375, 5.185511936242812e-22, nan 
-61.875, 74.375, 5.958933676332822e-22, nan 
-61.625, 74.375, 4.532140322893922e-22, nan 
-61.375, 74.375, 5.105256358942871e-22, nan 
-61.125, 74.375, 1.4336106209999493e-21, nan 
-60.875, 74.375, 1.2177362827994312e-21, nan 
-60.625, 74.375, 2.5127114663528366e-22, nan 
-60.375, 74.375, 2.2807267332006466e-21, nan 
-60.125, 74.375, 2.026931012968905e-21, nan 
-59.875, 74.375, 7.053168241708416e-22, nan 
-59.625, 74.375, 1.2830910846569342e-21, nan 
-59.375, 74.375, 1.3034175767086267e-21, nan 
-59.125, 74.375, 1.0952221447425114e-21, nan 
-58.875, 74.375, 1.0358845027358723e-21, nan 
-58.625, 74.375, 9.859392403538568e-22, nan 
-58.375, 74.375, 7.498858049752865e-22, nan 
-58.125, 74.375, 5.828487459226282e-22, nan 
-57.875, 74.375, 6.923710477497768e-22, nan 
-57.625, 74.375, 7.650232129939006e-22, nan 
-57.375, 74.375, 7.964435360377923e-22, nan 
-57.125, 74.375, 7.8708161073298915e-22, nan 
-56.875, 74.375, 8.878687727503478e-22, nan 
-56.625, 74.375, 8.609568195295948e-22, nan 
-56.375, 74.375, 6.151672821265347e-22, nan 
-56.125, 74.375, 7.3527549981785675e-22, nan 
-55.875, 74.375, 7.436200093710479e-22, nan 
-55.625, 74.375, 7.759915504837503e-22, nan 
-55.375, 74.375, 8.559902032047581e-22, nan 
-55.125, 74.375, 7.655447910698972e-22, nan 
-54.875, 74.375, 6.9086395343907135e-22, nan 
-54.625, 74.375, 6.434577519630018e-22, nan 
-54.375, 74.375, 7.161792726540287e-22, nan 
-54.125, 74.375, 7.529636168381063e-22, nan 
-53.875, 74.375, 5.229471258220897e-22, nan 
-53.625, 74.375, 4.884907055795824e-22, nan 
-53.375, 74.375, 3.1966838493184024e-22, nan 
-53.125, 74.375, 5.496795997229337e-22, nan 
-52.875, 74.375, 5.787512026084422e-22, nan 
-52.625, 74.375, 5.263694518103504e-22, nan 
-52.375, 74.375, 3.1334446282943202e-22, nan 
-52.125, 74.375, 4.267088265630488e-22, nan 
-51.875, 74.375, 3.4867519060291035e-22, nan 
-51.625, 74.375, 3.9867953781471593e-22, nan 
-51.375, 74.375, 8.683288088233787e-22, nan 
-51.125, 74.375, 4.537061420377843e-22, nan 
-50.875, 74.375, 2.8115252696835324e-22, nan 
-50.625, 74.375, 5.517326316409858e-22, nan 
-50.375, 74.375, 3.7700272306786524e-22, nan 
-50.125, 74.375, 1.6528023747148726e-22, nan 
-49.875, 74.375, 1.7093781560757313e-22, nan 
-49.625, 74.375, 3.3562394390478423e-22, nan 
-49.375, 74.375, 2.5378862201139667e-22, nan 
-49.125, 74.375, 1.9103321651816528e-22, nan 
-48.875, 74.375, 2.8900590639405624e-22, nan 
-48.625, 74.375, 5.0475744136738925e-22, nan 
-48.375, 74.375, 7.265273377163156e-22, nan 
-48.125, 74.375, 6.455835586293126e-22, nan 
-47.875, 74.375, 4.987166488323392e-22, nan 
-47.625, 74.375, 7.244764261128253e-22, nan 
-47.375, 74.375, 6.659497455857294e-22, nan 
-47.125, 74.375, 3.404904255684083e-22, nan 
-46.875, 74.375, 3.9656316956111724e-22, nan 
-46.625, 74.375, 5.213417476713922e-22, nan 
-46.375, 74.375, 4.4946264345164485e-22, nan 
-46.125, 74.375, 3.634842865931688e-22, nan 
-45.875, 74.375, 4.514491778826896e-22, nan 
-45.625, 74.375, 3.8515440586902033e-22, nan 
-45.375, 74.375, 2.0729311379841182e-22, nan 
-45.125, 74.375, 2.0588507897689222e-22, nan 
-44.875, 74.375, 1.733968652446657e-22, nan 
-44.625, 74.375, 1.5783013355621617e-22, nan 
-44.375, 74.375, 2.3338327166646166e-22, nan 
-44.125, 74.375, 1.9114446493067562e-22, nan 
-43.875, 74.375, 2.1477335404486684e-22, nan 
-43.625, 74.375, 3.9725852801320164e-22, nan 
-43.375, 74.375, 4.0468235184717377e-22, nan 
-43.125, 74.375, 3.5983228681992733e-22, nan 
-42.875, 74.375, 6.564218188615436e-22, nan 
-42.625, 74.375, 6.371599093122171e-22, nan 
-42.375, 74.375, 5.963888890057863e-22, nan 
-42.125, 74.375, 5.852131408333997e-22, nan 
-41.875, 74.375, 3.638348502627257e-22, nan 
-41.625, 74.375, 3.684606587759158e-22, nan 
-41.375, 74.375, 3.248732907394676e-22, nan 
-41.125, 74.375, 6.1413492784788455e-22, nan 
-40.875, 74.375, 3.999521065062936e-22, nan 
-40.625, 74.375, 2.521885533112661e-22, nan 
-40.375, 74.375, 1.0143516337651936e-21, nan 
-40.125, 74.375, 8.965649696449452e-22, nan 
-39.875, 74.375, 3.5356038445261527e-22, nan 
-39.625, 74.375, 6.319897027626832e-22, nan 
-39.375, 74.375, 5.910460255727171e-22, nan 
-39.125, 74.375, 2.732717925792832e-22, nan 
-38.875, 74.375, 1.8755168944804792e-22, nan 
-38.625, 74.375, 1.3873343095821246e-22, nan 
-38.375, 74.375, 1.5147765538910447e-22, nan 
-38.125, 74.375, 1.4804269527939059e-22, nan 
-37.875, 74.375, 6.479393336961848e-23, nan 
-37.625, 74.375, 1.4689768083826039e-22, nan 
-37.375, 74.375, 1.300916620254555e-22, nan 
-37.125, 74.375, 5.854314822283014e-23, nan 
-36.875, 74.375, 8.746481946958343e-23, nan 
-36.625, 74.375, 1.626650867873729e-22, nan 
-36.375, 74.375, 1.4128847021925718e-22, nan 
-36.125, 74.375, 1.3518488827289425e-22, nan 
-35.875, 74.375, 1.347892219431588e-22, nan 
-35.625, 74.375, 9.91094756551733e-23, nan 
-35.375, 74.375, 1.2547646317642318e-22, nan 
-35.125, 74.375, 7.99632268014552e-23, nan 
-34.875, 74.375, 7.921848684403986e-23, nan 
-34.625, 74.375, 6.690971887850549e-23, nan 
-34.375, 74.375, 1.0893431549512846e-22, nan 
-34.125, 74.375, 1.3575543929333147e-22, nan 
-33.875, 74.375, 1.373047722428844e-22, nan 
-33.625, 74.375, 1.3101586401332882e-22, nan 
-33.375, 74.375, 1.8388780339227873e-22, nan 
-33.125, 74.375, 1.4037521333037033e-22, nan 
-32.875, 74.375, 7.521360428763463e-23, nan 
-32.625, 74.375, 2.1908848442489787e-22, nan 
-32.375, 74.375, 2.0467782718410222e-22, nan 
-32.125, 74.375, 1.5461803079960128e-22, nan 
-31.875, 74.375, 1.4049623140083497e-22, nan 
-31.625, 74.375, 1.371057300891548e-22, nan 
-31.375, 74.375, 1.3268359785824231e-22, nan 
-31.125, 74.375, 8.662329730767349e-23, nan 
-30.875, 74.375, 6.364346194158969e-23, nan 
-30.625, 74.375, 2.6103945287800414e-23, nan 
-30.375, 74.375, 4.919960935358562e-23, nan 
-30.125, 74.375, 6.438729727789184e-23, nan 
-29.875, 74.375, 4.1357526551933135e-23, nan 
-29.625, 74.375, 6.491281029696751e-23, nan 
-29.375, 74.375, 6.299536800295565e-23, nan 
-29.125, 74.375, 3.5663695589318504e-23, nan 
-28.875, 74.375, 6.401329693129983e-23, nan 
-28.625, 74.375, 8.15014964600724e-23, nan 
-28.375, 74.375, 7.370653629506233e-23, nan 
-28.125, 74.375, 5.600154045201959e-23, nan 
-27.875, 74.375, 7.219432032793348e-23, nan 
-27.625, 74.375, 8.670948028651176e-23, nan 
-27.375, 74.375, 9.669315679659124e-23, nan 
-27.125, 74.375, 6.53520230513469e-23, nan 
-26.875, 74.375, 6.484031586664722e-23, nan 
-26.625, 74.375, 9.624794792552406e-23, nan 
-26.375, 74.375, 5.833692858603658e-23, nan 
-26.125, 74.375, 3.000804401358056e-23, nan 
-25.875, 74.375, 7.041860330212784e-23, nan 
-25.625, 74.375, 7.290312104727e-23, nan 
-25.375, 74.375, 7.178614281251125e-23, nan 
-25.125, 74.375, 9.188557621209468e-23, nan 
-24.875, 74.375, 1.0177746612101468e-22, nan 
-24.625, 74.375, 1.022358881153376e-22, nan 
-24.375, 74.375, 7.3225574386195e-23, nan 
-24.125, 74.375, 6.951896589822442e-23, nan 
-23.875, 74.375, 8.199242941377466e-23, nan 
-23.625, 74.375, 4.064587887046662e-23, nan 
-23.375, 74.375, 3.440088024727689e-23, nan 
-23.125, 74.375, 3.3931009837684665e-23, nan 
-22.875, 74.375, 2.000796708943436e-23, nan 
-22.625, 74.375, 3.3335265897485706e-23, nan 
-22.375, 74.375, 4.3387565829329457e-23, nan 
-22.125, 74.375, 3.580310066720859e-23, nan 
-21.875, 74.375, 2.4599930729346124e-23, nan 
-21.625, 74.375, 6.477284712222592e-23, nan 
-21.375, 74.375, 7.566290984014977e-23, nan 
-21.125, 74.375, 3.0800628426154286e-23, nan 
-20.875, 74.375, 9.992094965369944e-23, nan 
-20.625, 74.375, 1.1458664247291268e-22, nan 
-20.375, 74.375, 5.761971128150124e-23, nan 
-20.125, 74.375, 5.396748084672657e-23, nan 
-19.875, 74.375, 6.820455220302979e-23, nan 
-19.625, 74.375, 5.405045773460605e-23, nan 
-19.375, 74.375, 3.0086855829775214e-23, nan 
-19.125, 74.375, 2.7993215347357933e-23, nan 
-18.875, 74.375, 3.2933312621770614e-23, nan 
-18.625, 74.375, 2.2500522267441315e-23, nan 
-18.375, 74.375, 2.4189471876999777e-23, nan 
-18.125, 74.375, 1.9719364951715036e-23, nan 
-17.875, 74.375, 1.459793891966192e-23, nan 
-17.625, 74.375, 1.7450289674799737e-23, nan 
-17.375, 74.375, 2.393781052830523e-23, nan 
-17.125, 74.375, 2.0281887027868274e-23, nan 
-16.875, 74.375, 3.581078936936062e-23, nan 
-16.625, 74.375, 2.6051404246383337e-23, nan 
-16.375, 74.375, 4.351407604472154e-23, nan 
-16.125, 74.375, 3.717456497537484e-23, nan 
-15.875, 74.375, 2.977749474802843e-23, nan 
-15.625, 74.375, 2.63744279602414e-23, nan 
-15.375, 74.375, 5.333139418992793e-23, nan 
-15.125, 74.375, 9.705574155630297e-23, nan 
-14.875, 74.375, 1.3537644738599752e-22, nan 
-14.625, 74.375, 1.0864681483571046e-22, nan 
-14.375, 74.375, 1.2784799245403574e-22, nan 
-14.125, 74.375, 1.6094689755903915e-22, nan 
-13.875, 74.375, 1.1551694216963747e-22, nan 
-13.625, 74.375, 1.4540290979052345e-22, nan 
-13.375, 74.375, 4.642272618301761e-22, nan 
-13.125, 74.375, 5.4324287843023e-22, nan 
-12.875, 74.375, 5.519168918523308e-22, nan 
-12.625, 74.375, 4.1003397199305255e-22, nan 
-12.375, 74.375, 5.608778780736892e-23, nan 
-12.125, 74.375, 4.828568476630946e-23, nan 
-11.875, 74.375, 7.529875549935516e-23, nan 
-11.625, 74.375, 8.138689294738142e-23, nan 
-11.375, 74.375, 8.569448048476379e-23, nan 
-11.125, 74.375, 4.472438679918318e-23, nan 
-10.875, 74.375, 3.9724044362570823e-23, nan 
-10.625, 74.375, 3.96887774523069e-23, nan 
-10.375, 74.375, 2.823086580315215e-23, nan 
-10.125, 74.375, 2.0114588905318127e-23, nan 
-9.875, 74.375, 2.4531294456973322e-23, nan 
-9.625, 74.375, 3.8162847687677756e-23, nan 
-9.375, 74.375, 2.835659146440693e-23, nan 
-9.125, 74.375, 1.5352692004566615e-23, nan 
-8.875, 74.375, 1.7597910898059978e-23, nan 
-8.625, 74.375, 1.732196227298347e-23, nan 
-8.375, 74.375, 2.118419075171222e-23, nan 
-8.125, 74.375, 3.808179721634516e-23, nan 
-7.875, 74.375, 2.1376826676109875e-23, nan 
-7.625, 74.375, 2.7028856929074426e-23, nan 
-7.375, 74.375, 3.133368474057911e-23, nan 
-7.125, 74.375, 1.980638741949808e-23, nan 
-6.875, 74.375, 1.5545334857710632e-23, nan 
-6.625, 74.375, 1.5773041327738933e-23, nan 
-6.375, 74.375, 1.406597901608017e-23, nan 
-6.125, 74.375, 1.7312813330019018e-23, nan 
-5.875, 74.375, 2.1284685906700196e-23, nan 
-5.625, 74.375, 3.1182059172711337e-23, nan 
-5.375, 74.375, 2.4375790008853043e-23, nan 
-5.125, 74.375, 2.5342171612211805e-23, nan 
-4.875, 74.375, 2.5326678648460195e-23, nan 
-4.625, 74.375, 2.2457763880713846e-23, nan 
-4.375, 74.375, 2.062103874149424e-23, nan 
-4.125, 74.375, 1.4616662798456897e-23, nan 
-3.875, 74.375, 1.8339441544756786e-23, nan 
-3.625, 74.375, 9.352280431673182e-24, nan 
-3.375, 74.375, 7.791129578578245e-24, nan 
-3.125, 74.375, 3.58506021183951e-24, nan 
-2.875, 74.375, 9.1664973984716e-24, nan 
-2.625, 74.375, 1.183382440927446e-23, nan 
-2.375, 74.375, 9.707375778736865e-24, nan 
-2.125, 74.375, 1.1495113229175627e-23, nan 
-1.875, 74.375, 1.1619958132896875e-23, nan 
-1.625, 74.375, 8.303449309052683e-24, nan 
-1.375, 74.375, 9.23773944627015e-24, nan 
-1.125, 74.375, 1.3712811063019034e-23, nan 
-0.875, 74.375, 2.336437987322293e-23, nan 
-0.625, 74.375, 2.349254761384041e-23, nan 
-0.375, 74.375, 1.675422415059962e-23, nan 
-0.125, 74.375, 2.5174247912658926e-23, nan 
0.125, 74.375, 2.4733111137593597e-23, nan 
0.375, 74.375, 1.6189927152665967e-23, nan 
0.625, 74.375, 1.6829936407293113e-23, nan 
0.875, 74.375, 5.467613076387517e-24, nan 
1.125, 74.375, 1.385395285771279e-23, nan 
1.375, 74.375, 1.6509996392764303e-23, nan 
1.625, 74.375, 1.4516762740838856e-23, nan 
1.875, 74.375, 1.373508246085511e-23, nan 
2.125, 74.375, 1.806767945274166e-23, nan 
2.375, 74.375, 1.6110556256882074e-23, nan 
2.625, 74.375, 1.0904489237185638e-23, nan 
2.875, 74.375, 9.780843920083273e-24, nan 
3.125, 74.375, 1.1392835205544342e-23, nan 
3.375, 74.375, 6.95512109720105e-24, nan 
3.625, 74.375, 8.64845429192909e-24, nan 
3.875, 74.375, 1.1101946485956986e-23, nan 
4.125, 74.375, 1.0263895480600527e-23, nan 
4.375, 74.375, 6.46129397186305e-24, nan 
4.625, 74.375, 5.063335117826044e-24, nan 
4.875, 74.375, 3.0925979487931498e-24, nan 
5.125, 74.375, 2.6066123843507193e-24, nan 
5.375, 74.375, 5.764823108403281e-24, nan 
5.625, 74.375, 1.2343789668318751e-23, nan 
5.875, 74.375, 1.4134979268918707e-23, nan 
6.125, 74.375, 1.4827942435623753e-23, nan 
6.375, 74.375, 1.0259195533952496e-23, nan 
6.625, 74.375, 1.312717918082861e-23, nan 
6.875, 74.375, 1.4450271260097825e-23, nan 
7.125, 74.375, 5.736336248703291e-24, nan 
7.375, 74.375, 4.052212707406429e-24, nan 
7.625, 74.375, 4.075904045009425e-24, nan 
7.875, 74.375, 3.4759370910951115e-24, nan 
8.125, 74.375, 4.974357732324687e-24, nan 
8.375, 74.375, 8.189278880598515e-24, nan 
8.625, 74.375, 8.374043751220234e-24, nan 
8.875, 74.375, 5.135218101425582e-24, nan 
9.125, 74.375, 7.9365434161219e-24, nan 
9.375, 74.375, 8.292255426343594e-24, nan 
9.625, 74.375, 5.432176100768298e-24, nan 
9.875, 74.375, 3.1627587622276614e-24, nan 
10.125, 74.375, 4.346795708173099e-24, nan 
10.375, 74.375, 1.673103135064394e-24, nan 
10.625, 74.375, 3.2585394451019523e-24, nan 
10.875, 74.375, 7.347209753215499e-24, nan 
11.125, 74.375, 7.510670251788287e-24, nan 
11.375, 74.375, 6.173007161204008e-24, nan 
11.625, 74.375, 5.289708957758864e-24, nan 
11.875, 74.375, 6.41599525616082e-24, nan 
12.125, 74.375, 6.445460846257401e-24, nan 
12.375, 74.375, 1.0155101551422175e-23, nan 
12.625, 74.375, 9.107971048266436e-24, nan 
12.875, 74.375, 7.578618080802189e-24, nan 
13.125, 74.375, 1.2037772201602037e-23, nan 
13.375, 74.375, 1.1352323358309447e-23, nan 
13.625, 74.375, 6.775140765110932e-24, nan 
13.875, 74.375, 5.743369125605502e-24, nan 
14.125, 74.375, 6.276743538157189e-24, nan 
14.375, 74.375, 1.3841931835361465e-24, nan 
14.625, 74.375, 2.6209030541467966e-24, nan 
14.875, 74.375, 3.586189834167591e-24, nan 
15.125, 74.375, 2.744947756453835e-24, nan 
15.375, 74.375, 4.879585688842427e-24, nan 
15.625, 74.375, 3.999336301020725e-24, nan 
15.875, 74.375, 2.4800515802744822e-24, nan 
16.125, 74.375, 5.4526669776571856e-24, nan 
16.375, 74.375, 2.4746207207707168e-24, nan 
16.625, 74.375, 2.3318414421376875e-24, nan 
16.875, 74.375, 3.810019036146833e-24, nan 
17.125, 74.375, 3.910878779241295e-24, nan 
17.375, 74.375, 4.022036864556173e-24, nan 
17.625, 74.375, 5.163175277085842e-24, nan 
17.875, 74.375, 4.88444795400029e-24, nan 
18.125, 74.375, 4.8384208991665405e-24, nan 
18.375, 74.375, 3.891778711380776e-24, nan 
18.625, 74.375, 4.474159472806424e-24, nan 
18.875, 74.375, 1.357620550391754e-24, nan 
19.125, 74.375, 1.6610831111404412e-24, nan 
19.375, 74.375, 2.6868565089403667e-24, nan 
19.625, 74.375, 2.3398116007789458e-24, nan 
19.875, 74.375, 1.4370815280691153e-24, nan 
20.125, 74.375, 1.5249703893481386e-24, nan 
20.375, 74.375, 2.2786189793726565e-24, nan 
20.625, 74.375, 1.909464181671038e-24, nan 
20.875, 74.375, 1.39634285682078e-24, nan 
21.125, 74.375, 1.4369158512147432e-24, nan 
21.375, 74.375, 2.6693098745819417e-24, nan 
21.625, 74.375, 2.7402310601855073e-24, nan 
21.875, 74.375, 3.1745472894375565e-24, nan 
22.125, 74.375, 2.4971778458714512e-24, nan 
22.375, 74.375, 2.4855824819789236e-24, nan 
22.625, 74.375, 2.8804132239335848e-24, nan 
22.875, 74.375, 2.0275381867967476e-24, nan 
23.125, 74.375, 1.6844657260473445e-24, nan 
23.375, 74.375, 1.769406918949389e-24, nan 
23.625, 74.375, 2.3092368992899357e-24, nan 
23.875, 74.375, 3.1981882454644375e-24, nan 
24.125, 74.375, 1.8580002707185478e-24, nan 
24.375, 74.375, 1.925138418577845e-24, nan 
24.625, 74.375, 2.0357334139152877e-24, nan 
24.875, 74.375, 1.3689868038490928e-24, nan 
25.125, 74.375, 1.3201436152736738e-24, nan 
25.375, 74.375, 1.6247195221342752e-24, nan 
25.625, 74.375, 1.662827239992207e-24, nan 
25.875, 74.375, 1.8669060759795863e-24, nan 
26.125, 74.375, 1.3471929719276194e-24, nan 
-93.875, 74.625, 3.162546710171093e-22, nan 
-93.625, 74.625, 3.116995501031899e-22, nan 
-93.375, 74.625, 3.6601943101301644e-22, nan 
-93.125, 74.625, 3.49590611295628e-22, nan 
-92.875, 74.625, 2.6491970380646075e-22, nan 
-92.625, 74.625, 1.5769806782029755e-22, nan 
-92.375, 74.625, 1.1773961851230387e-22, nan 
-92.125, 74.625, 1.2097406307739693e-22, nan 
-91.875, 74.625, 1.5063087717101988e-22, nan 
-91.625, 74.625, 1.6284654925894965e-22, nan 
-91.375, 74.625, 7.544347681594661e-23, nan 
-91.125, 74.625, 1.2156820473294658e-22, nan 
-90.875, 74.625, 1.1960466996415687e-22, nan 
-90.625, 74.625, 8.51205304047059e-23, nan 
-90.375, 74.625, 1.369138236411894e-22, nan 
-90.125, 74.625, 1.2700474607132244e-22, nan 
-89.875, 74.625, 2.303904552549741e-22, nan 
-89.625, 74.625, 8.307925779567207e-23, nan 
-89.375, 74.625, 2.2444994575300844e-22, nan 
-89.125, 74.625, 4.967979796699343e-22, nan 
-88.875, 74.625, 4.242675707111915e-22, nan 
-88.625, 74.625, 3.7246134854090503e-22, nan 
-88.375, 74.625, 5.845002181576215e-22, nan 
-88.125, 74.625, 5.245363380326923e-22, nan 
-87.875, 74.625, 3.599841818646409e-22, nan 
-87.625, 74.625, 6.89646472312001e-22, nan 
-87.375, 74.625, 9.015458915291649e-22, nan 
-87.125, 74.625, 7.770018432155448e-22, nan 
-86.875, 74.625, 7.246787545433573e-22, nan 
-86.625, 74.625, 9.533603452891079e-22, nan 
-86.375, 74.625, 7.811718116646094e-22, nan 
-86.125, 74.625, 1.0427336234301496e-22, nan 
-85.875, 74.625, 4.109113532459363e-22, nan 
-85.625, 74.625, 9.28877269137098e-22, nan 
-85.375, 74.625, 7.062637439920412e-22, nan 
-85.125, 74.625, 9.686387995711518e-22, nan 
-84.875, 74.625, 1.9638306570518755e-21, nan 
-84.625, 74.625, 8.826709114339063e-22, nan 
-84.375, 74.625, 6.647641399867754e-22, nan 
-84.125, 74.625, 1.535237320474086e-21, nan 
-83.875, 74.625, 1.1514613258726991e-21, nan 
-83.625, 74.625, 7.467521594599966e-22, nan 
-83.375, 74.625, 5.193691409303966e-22, nan 
-83.125, 74.625, 4.825214992670456e-22, nan 
-82.875, 74.625, 6.940553914644988e-22, nan 
-82.625, 74.625, 7.412353589018302e-22, nan 
-82.375, 74.625, 9.421998262026028e-22, nan 
-82.125, 74.625, 7.856149693312638e-22, nan 
-81.875, 74.625, 6.313952843628716e-22, nan 
-81.625, 74.625, 9.322351518116531e-22, nan 
-81.375, 74.625, 9.163588624407526e-22, nan 
-81.125, 74.625, 8.472345953447163e-22, nan 
-80.875, 74.625, 1.0944320891544715e-21, nan 
-80.625, 74.625, 9.841929003317993e-22, nan 
-80.375, 74.625, 7.184281404191286e-22, nan 
-80.125, 74.625, 1.2582233737409448e-21, nan 
-79.875, 74.625, 1.1699724151039834e-21, nan 
-79.625, 74.625, 5.179750057838286e-22, nan 
-79.375, 74.625, 7.751071137572333e-22, nan 
-79.125, 74.625, 6.55963634211636e-22, nan 
-78.875, 74.625, 5.193706509929658e-22, nan 
-78.625, 74.625, 1.158207080612261e-21, nan 
-78.375, 74.625, 1.619411365883014e-21, nan 
-78.125, 74.625, 1.4987192700925393e-21, nan 
-77.875, 74.625, 1.3772191208043612e-21, nan 
-77.625, 74.625, 1.6331189586058825e-21, nan 
-77.375, 74.625, 1.678358365232907e-21, nan 
-77.125, 74.625, 6.7757673103820285e-22, nan 
-76.875, 74.625, 5.924494600985396e-22, nan 
-76.625, 74.625, 5.959099798395368e-22, nan 
-76.375, 74.625, 5.749046247856269e-22, nan 
-76.125, 74.625, 8.071006314043026e-22, nan 
-75.875, 74.625, 6.976767359957301e-22, nan 
-75.625, 74.625, 5.696393443807132e-22, nan 
-75.375, 74.625, 9.22408743437894e-22, nan 
-75.125, 74.625, 1.3528749286963744e-21, nan 
-74.875, 74.625, 9.593322309966127e-22, nan 
-74.625, 74.625, 4.861364678706652e-22, nan 
-74.375, 74.625, 7.159870482679381e-22, nan 
-74.125, 74.625, 4.1291814890012486e-22, nan 
-73.875, 74.625, 3.2771050969920063e-22, nan 
-73.625, 74.625, 3.5573505085974987e-22, nan 
-73.375, 74.625, 2.961701574922495e-22, nan 
-73.125, 74.625, 4.698434604648336e-22, nan 
-72.875, 74.625, 4.755805831130326e-22, nan 
-72.625, 74.625, 3.067299004674941e-22, nan 
-72.375, 74.625, 5.192237414290082e-22, nan 
-72.125, 74.625, 5.794882174322422e-22, nan 
-71.875, 74.625, 4.3853965010858e-22, nan 
-71.625, 74.625, 6.300180521367445e-22, nan 
-71.375, 74.625, 3.71338579226468e-22, nan 
-71.125, 74.625, 7.892074844637511e-22, nan 
-70.875, 74.625, 1.0923610082906024e-21, nan 
-70.625, 74.625, 4.646936511151632e-22, nan 
-70.375, 74.625, 1.3014432625507948e-21, nan 
-70.125, 74.625, 2.2990275014743496e-21, nan 
-69.875, 74.625, 1.8680968642839257e-21, nan 
-69.625, 74.625, 1.9442164259982688e-21, nan 
-69.375, 74.625, 2.0268480201847854e-21, nan 
-69.125, 74.625, 5.469096162236454e-21, nan 
-68.875, 74.625, 3.1216178638829192e-21, nan 
-68.625, 74.625, 8.053384201349351e-22, nan 
-68.375, 74.625, 1.3073089362874013e-21, nan 
-68.125, 74.625, 1.0680676913571582e-21, nan 
-67.875, 74.625, 9.514143262956496e-22, nan 
-67.625, 74.625, 7.975073406307027e-22, nan 
-67.375, 74.625, 1.1106076137603374e-21, nan 
-67.125, 74.625, 1.3887293404396343e-21, nan 
-66.875, 74.625, 8.653994757576577e-22, nan 
-66.625, 74.625, 1.0551586391682611e-21, nan 
-66.375, 74.625, 1.1713705077998799e-21, nan 
-66.125, 74.625, 5.174282788246762e-22, nan 
-65.875, 74.625, 2.9760464853023494e-22, nan 
-65.625, 74.625, 2.406338340600098e-22, nan 
-65.375, 74.625, 3.0712924525600356e-22, nan 
-65.125, 74.625, 3.628555744430323e-22, nan 
-64.875, 74.625, 3.588999869697441e-22, nan 
-64.625, 74.625, 4.215345503560273e-22, nan 
-64.375, 74.625, 4.22982563986971e-22, nan 
-64.125, 74.625, 4.339104044445662e-22, nan 
-63.875, 74.625, 4.383762949373643e-22, nan 
-63.625, 74.625, 4.5174526851786775e-22, nan 
-63.375, 74.625, 4.49889980497575e-22, nan 
-63.125, 74.625, 3.8220570237177524e-22, nan 
-62.875, 74.625, 4.275214291520721e-22, nan 
-62.625, 74.625, 4.588869398775152e-22, nan 
-62.375, 74.625, 4.12958200934517e-22, nan 
-62.125, 74.625, 3.9834131038959175e-22, nan 
-61.875, 74.625, 4.799859128623981e-22, nan 
-61.625, 74.625, 2.669334850063129e-22, nan 
-61.375, 74.625, 6.99998444828582e-22, nan 
-61.125, 74.625, 1.1364303602615528e-21, nan 
-60.875, 74.625, 8.798623413169914e-22, nan 
-60.625, 74.625, 6.717201272383775e-22, nan 
-60.375, 74.625, 1.211582081675703e-21, nan 
-60.125, 74.625, 1.1796142908482933e-21, nan 
-59.875, 74.625, 9.438779527504933e-22, nan 
-59.625, 74.625, 8.778094067931589e-22, nan 
-59.375, 74.625, 8.751680425593425e-22, nan 
-59.125, 74.625, 8.969026521307365e-22, nan 
-58.875, 74.625, 8.356466526128956e-22, nan 
-58.625, 74.625, 7.377318422932691e-22, nan 
-58.375, 74.625, 6.282849952458888e-22, nan 
-58.125, 74.625, 5.018555974492175e-22, nan 
-57.875, 74.625, 5.876924151734689e-22, nan 
-57.625, 74.625, 7.647569138145603e-22, nan 
-57.375, 74.625, 8.939359821245858e-22, nan 
-57.125, 74.625, 6.514504915523301e-22, nan 
-56.875, 74.625, 7.523818637148065e-22, nan 
-56.625, 74.625, 6.095658095791203e-22, nan 
-56.375, 74.625, 4.879332306222287e-22, nan 
-56.125, 74.625, 4.738822858619125e-22, nan 
-55.875, 74.625, 5.34925782870782e-22, nan 
-55.625, 74.625, 5.201649701117744e-22, nan 
-55.375, 74.625, 5.623723584873168e-22, nan 
-55.125, 74.625, 5.665635583928763e-22, nan 
-54.875, 74.625, 4.393970435678874e-22, nan 
-54.625, 74.625, 4.270703616992573e-22, nan 
-54.375, 74.625, 4.19104123253843e-22, nan 
-54.125, 74.625, 2.703457556509751e-22, nan 
-53.875, 74.625, 6.724089837447997e-22, nan 
-53.625, 74.625, 8.103375548305783e-22, nan 
-53.375, 74.625, 6.623816923619485e-22, nan 
-53.125, 74.625, 7.86480329141614e-22, nan 
-52.875, 74.625, 1.297450013984061e-21, nan 
-52.625, 74.625, 1.236340851490821e-21, nan 
-52.375, 74.625, 8.096043192869224e-22, nan 
-52.125, 74.625, 6.931352778939539e-22, nan 
-51.875, 74.625, 8.178702901920553e-22, nan 
-51.625, 74.625, 6.341238718306943e-22, nan 
-51.375, 74.625, 4.977634007685414e-22, nan 
-51.125, 74.625, 2.8840923616842286e-22, nan 
-50.875, 74.625, 2.6971284339664086e-22, nan 
-50.625, 74.625, 1.813492122466453e-22, nan 
-50.375, 74.625, 1.9194518903423317e-22, nan 
-50.125, 74.625, 1.9034119583137721e-22, nan 
-49.875, 74.625, 1.8880443255096702e-22, nan 
-49.625, 74.625, 5.993594586125671e-23, nan 
-49.375, 74.625, 8.993124737945019e-23, nan 
-49.125, 74.625, 3.5662325802154256e-22, nan 
-48.875, 74.625, 3.8281920250969747e-22, nan 
-48.625, 74.625, 6.145937473603249e-22, nan 
-48.375, 74.625, 6.032639725157534e-22, nan 
-48.125, 74.625, 5.074601748737396e-22, nan 
-47.875, 74.625, 4.5216295498500795e-22, nan 
-47.625, 74.625, 4.406270488207107e-22, nan 
-47.375, 74.625, 3.426857974204126e-22, nan 
-47.125, 74.625, 1.7094471126522034e-22, nan 
-46.875, 74.625, 2.5576383682941505e-22, nan 
-46.625, 74.625, 3.76554311217545e-22, nan 
-46.375, 74.625, 3.5330565683732983e-22, nan 
-46.125, 74.625, 2.9003233321215496e-22, nan 
-45.875, 74.625, 3.413693847613294e-22, nan 
-45.625, 74.625, 3.2269041944240897e-22, nan 
-45.375, 74.625, 2.6681884052996555e-22, nan 
-45.125, 74.625, 1.9026938918808117e-22, nan 
-44.875, 74.625, 1.4001099272524577e-22, nan 
-44.625, 74.625, 1.9914113509516587e-22, nan 
-44.375, 74.625, 2.4422771092337096e-22, nan 
-44.125, 74.625, 1.6549496175757354e-22, nan 
-43.875, 74.625, 1.3108569054493882e-22, nan 
-43.625, 74.625, 3.0609487564449874e-22, nan 
-43.375, 74.625, 2.9226691922691044e-22, nan 
-43.125, 74.625, 2.52666488507373e-22, nan 
-42.875, 74.625, 4.857763514846681e-22, nan 
-42.625, 74.625, 5.016926243895346e-22, nan 
-42.375, 74.625, 3.8915079229445354e-22, nan 
-42.125, 74.625, 4.00870246413171e-22, nan 
-41.875, 74.625, 3.4421598701164767e-22, nan 
-41.625, 74.625, 3.5892047885144306e-22, nan 
-41.375, 74.625, 2.260582310963021e-22, nan 
-41.125, 74.625, 1.3649679060710344e-22, nan 
-40.875, 74.625, 2.9648542174466156e-22, nan 
-40.625, 74.625, 3.7287853236593643e-22, nan 
-40.375, 74.625, 4.758367775194362e-22, nan 
-40.125, 74.625, 4.26607921945714e-22, nan 
-39.875, 74.625, 2.9805024637320163e-22, nan 
-39.625, 74.625, 2.4208887567522383e-22, nan 
-39.375, 74.625, 1.5116267993876392e-22, nan 
-39.125, 74.625, 1.2581462609683157e-22, nan 
-38.875, 74.625, 1.066078030725038e-22, nan 
-38.625, 74.625, 8.68902170920814e-23, nan 
-38.375, 74.625, 8.046100104177407e-23, nan 
-38.125, 74.625, 9.785846423036242e-23, nan 
-37.875, 74.625, 7.639823920776851e-23, nan 
-37.625, 74.625, 7.619040583291676e-23, nan 
-37.375, 74.625, 2.657881207939038e-23, nan 
-37.125, 74.625, 2.2228067999160933e-23, nan 
-36.875, 74.625, 2.8924163550821265e-23, nan 
-36.625, 74.625, 5.930912442302474e-23, nan 
-36.375, 74.625, 4.9310068850408737e-23, nan 
-36.125, 74.625, 3.0972253440247605e-23, nan 
-35.875, 74.625, 7.862581221909073e-23, nan 
-35.625, 74.625, 3.953510325989188e-23, nan 
-35.375, 74.625, 6.75726240897118e-23, nan 
-35.125, 74.625, 6.803425193760496e-23, nan 
-34.875, 74.625, 6.357422851381619e-23, nan 
-34.625, 74.625, 1.217452911835877e-22, nan 
-34.375, 74.625, 1.2853905652135805e-22, nan 
-34.125, 74.625, 8.791354196885638e-23, nan 
-33.875, 74.625, 1.5263044686607641e-22, nan 
-33.625, 74.625, 1.5110182049175667e-22, nan 
-33.375, 74.625, 1.080631098777575e-22, nan 
-33.125, 74.625, 1.3762520412888875e-22, nan 
-32.875, 74.625, 1.5611224836588913e-22, nan 
-32.625, 74.625, 1.1378477977692574e-22, nan 
-32.375, 74.625, 1.1878857343136965e-22, nan 
-32.125, 74.625, 8.404979669666149e-23, nan 
-31.875, 74.625, 8.257429308499588e-23, nan 
-31.625, 74.625, 6.77387857598502e-23, nan 
-31.375, 74.625, 6.439570452699306e-23, nan 
-31.125, 74.625, 5.159650793299163e-23, nan 
-30.875, 74.625, 7.054392918378883e-23, nan 
-30.625, 74.625, 5.007082009728265e-23, nan 
-30.375, 74.625, 3.413380734361772e-23, nan 
-30.125, 74.625, 4.4975505004994586e-23, nan 
-29.875, 74.625, 4.3324965044166677e-23, nan 
-29.625, 74.625, 4.1183502629967274e-23, nan 
-29.375, 74.625, 3.3585808358124427e-23, nan 
-29.125, 74.625, 2.8055742441367055e-23, nan 
-28.875, 74.625, 3.2831438407015936e-23, nan 
-28.625, 74.625, 4.088514313875311e-23, nan 
-28.375, 74.625, 5.09296035880211e-23, nan 
-28.125, 74.625, 9.750667808624902e-23, nan 
-27.875, 74.625, 6.673875764548523e-23, nan 
-27.625, 74.625, 4.329984240193012e-23, nan 
-27.375, 74.625, 7.96225897059725e-23, nan 
-27.125, 74.625, 7.269198527967328e-23, nan 
-26.875, 74.625, 4.4963853046603914e-23, nan 
-26.625, 74.625, 3.1597522203702223e-23, nan 
-26.375, 74.625, 6.616728740005141e-23, nan 
-26.125, 74.625, 6.310194607955703e-23, nan 
-25.875, 74.625, 6.283828064814951e-23, nan 
-25.625, 74.625, 9.058397034236574e-23, nan 
-25.375, 74.625, 7.32122099339452e-23, nan 
-25.125, 74.625, 7.430634675713702e-23, nan 
-24.875, 74.625, 8.254168814655015e-23, nan 
-24.625, 74.625, 6.663064823661526e-23, nan 
-24.375, 74.625, 5.805851826659889e-23, nan 
-24.125, 74.625, 6.686469345520592e-23, nan 
-23.875, 74.625, 6.115321740808155e-23, nan 
-23.625, 74.625, 4.6034715644288913e-23, nan 
-23.375, 74.625, 6.02688434315767e-23, nan 
-23.125, 74.625, 4.542593780877931e-23, nan 
-22.875, 74.625, 2.705223287919427e-23, nan 
-22.625, 74.625, 1.1874672659123168e-23, nan 
-22.375, 74.625, 6.000666167725026e-23, nan 
-22.125, 74.625, 2.0425533162041517e-23, nan 
-21.875, 74.625, 6.753984425934114e-24, nan 
-21.625, 74.625, 2.854742947870571e-23, nan 
-21.375, 74.625, 3.659618521760998e-23, nan 
-21.125, 74.625, 3.703410433625979e-23, nan 
-20.875, 74.625, 7.805827555546653e-23, nan 
-20.625, 74.625, 4.850810710171333e-23, nan 
-20.375, 74.625, 3.758686618118921e-23, nan 
-20.125, 74.625, 5.806301692170461e-23, nan 
-19.875, 74.625, 5.580577237952935e-23, nan 
-19.625, 74.625, 2.684755226332884e-23, nan 
-19.375, 74.625, 3.634211073011632e-23, nan 
-19.125, 74.625, 3.9796455288329956e-23, nan 
-18.875, 74.625, 2.7626958194313706e-23, nan 
-18.625, 74.625, 3.12086176029336e-23, nan 
-18.375, 74.625, 1.6545380714504955e-23, nan 
-18.125, 74.625, 1.9631053257339515e-23, nan 
-17.875, 74.625, 1.9000608639557754e-23, nan 
-17.625, 74.625, 3.190596865144295e-23, nan 
-17.375, 74.625, 2.913166819592077e-23, nan 
-17.125, 74.625, 6.863333277429222e-23, nan 
-16.875, 74.625, 9.167600072168145e-23, nan 
-16.625, 74.625, 1.0088220403355715e-22, nan 
-16.375, 74.625, 6.439210904681697e-23, nan 
-16.125, 74.625, 3.838156319658179e-23, nan 
-15.875, 74.625, 3.253403789792511e-23, nan 
-15.625, 74.625, 2.132185558906525e-23, nan 
-15.375, 74.625, 1.0141753918329252e-22, nan 
-15.125, 74.625, 1.5845829819493622e-22, nan 
-14.875, 74.625, 8.002823629890685e-23, nan 
-14.625, 74.625, 1.433823422119056e-22, nan 
-14.375, 74.625, 2.6832120140295025e-22, nan 
-14.125, 74.625, 5.372690432697692e-22, nan 
-13.875, 74.625, 6.84616011544601e-22, nan 
-13.625, 74.625, 5.489958501668666e-22, nan 
-13.375, 74.625, 7.960799386176316e-22, nan 
-13.125, 74.625, 1.1739110416124113e-21, nan 
-12.875, 74.625, 1.053462907652006e-21, nan 
-12.625, 74.625, 7.062719037149322e-22, nan 
-12.375, 74.625, 6.709180941566651e-22, nan 
-12.125, 74.625, 6.182109130177001e-22, nan 
-11.875, 74.625, 4.252883806289808e-22, nan 
-11.625, 74.625, 7.716283370328405e-23, nan 
-11.375, 74.625, 4.433264902463843e-23, nan 
-11.125, 74.625, 3.8594707830362544e-23, nan 
-10.875, 74.625, 2.2879807743883152e-23, nan 
-10.625, 74.625, 4.432098048873865e-23, nan 
-10.375, 74.625, 5.0312443112217863e-23, nan 
-10.125, 74.625, 3.100729383077766e-23, nan 
-9.875, 74.625, 3.0880676338500325e-23, nan 
-9.625, 74.625, 6.476001062859169e-23, nan 
-9.375, 74.625, 3.813580940546443e-23, nan 
-9.125, 74.625, 1.2030292604420757e-23, nan 
-8.875, 74.625, 2.9422115779773724e-23, nan 
-8.625, 74.625, 1.6882561761276664e-23, nan 
-8.375, 74.625, 3.170945917889253e-23, nan 
-8.125, 74.625, 2.8007345189087414e-23, nan 
-7.875, 74.625, 1.7781061142719708e-23, nan 
-7.625, 74.625, 3.45614090210932e-23, nan 
-7.375, 74.625, 2.0107173886680652e-23, nan 
-7.125, 74.625, 1.496671578077923e-23, nan 
-6.875, 74.625, 1.151334114801172e-23, nan 
-6.625, 74.625, 1.5350172218136302e-23, nan 
-6.375, 74.625, 2.8828767042409143e-23, nan 
-6.125, 74.625, 2.0832656673628057e-23, nan 
-5.875, 74.625, 1.8385632644705693e-23, nan 
-5.625, 74.625, 3.3646447323306946e-23, nan 
-5.375, 74.625, 3.0902721207659616e-23, nan 
-5.125, 74.625, 2.4420923400253213e-23, nan 
-4.875, 74.625, 1.2003402748207664e-23, nan 
-4.625, 74.625, 1.982340609681913e-23, nan 
-4.375, 74.625, 2.0302506963188238e-23, nan 
-4.125, 74.625, 1.3837863646069065e-23, nan 
-3.875, 74.625, 4.995280943046082e-24, nan 
-3.625, 74.625, 1.0537939214452369e-23, nan 
-3.375, 74.625, 1.1586267637870068e-23, nan 
-3.125, 74.625, 9.377361030343787e-24, nan 
-2.875, 74.625, 1.56459472630521e-23, nan 
-2.625, 74.625, 1.744614481336559e-23, nan 
-2.375, 74.625, 1.891185658865923e-23, nan 
-2.125, 74.625, 1.2731055559821074e-23, nan 
-1.875, 74.625, 1.1278750480787693e-23, nan 
-1.625, 74.625, 1.4646832016402322e-23, nan 
-1.375, 74.625, 1.1007880456966044e-23, nan 
-1.125, 74.625, 1.0253290253265293e-23, nan 
-0.875, 74.625, 9.726825288794327e-24, nan 
-0.625, 74.625, 8.796595741770379e-24, nan 
-0.375, 74.625, 1.4886692556668788e-23, nan 
-0.125, 74.625, 1.230479229125312e-23, nan 
0.125, 74.625, 1.6777767011534074e-23, nan 
0.375, 74.625, 1.3055292001350253e-23, nan 
0.625, 74.625, 1.2267518260036653e-23, nan 
0.875, 74.625, 1.2924066756777512e-23, nan 
1.125, 74.625, 1.9029914890832032e-23, nan 
1.375, 74.625, 1.0797417362090676e-23, nan 
1.625, 74.625, 8.96628831266608e-24, nan 
1.875, 74.625, 2.342763181610492e-23, nan 
2.125, 74.625, 1.033174498954366e-23, nan 
2.375, 74.625, 9.249386638790658e-24, nan 
2.625, 74.625, 1.13265661808531e-23, nan 
2.875, 74.625, 8.642621220662187e-24, nan 
3.125, 74.625, 1.0475536350378764e-23, nan 
3.375, 74.625, 7.547163496002539e-24, nan 
3.625, 74.625, 7.738730949669855e-24, nan 
3.875, 74.625, 8.367286576264907e-24, nan 
4.125, 74.625, 6.308401010849753e-24, nan 
4.375, 74.625, 6.98976090043085e-24, nan 
4.625, 74.625, 7.971694693197269e-24, nan 
4.875, 74.625, 5.5747682525723284e-24, nan 
5.125, 74.625, 6.791765530142468e-24, nan 
5.375, 74.625, 8.221535293518424e-24, nan 
5.625, 74.625, 8.748164706423207e-24, nan 
5.875, 74.625, 1.1023194626586447e-23, nan 
6.125, 74.625, 6.887580831148338e-24, nan 
6.375, 74.625, 7.985172103709955e-24, nan 
6.625, 74.625, 1.0008712661428982e-23, nan 
6.875, 74.625, 5.635112466146506e-24, nan 
7.125, 74.625, 5.188078105917273e-24, nan 
7.375, 74.625, 4.33888384821135e-24, nan 
7.625, 74.625, 4.135782335784739e-24, nan 
7.875, 74.625, 2.1984808375842272e-24, nan 
8.125, 74.625, 4.5016842146980726e-24, nan 
8.375, 74.625, 5.6201821825946295e-24, nan 
8.625, 74.625, 6.595803928367939e-24, nan 
8.875, 74.625, 6.547302977376331e-24, nan 
9.125, 74.625, 8.053921651330746e-24, nan 
9.375, 74.625, 7.528690301985415e-24, nan 
9.625, 74.625, 6.75814292850868e-24, nan 
9.875, 74.625, 5.177804367874795e-24, nan 
10.125, 74.625, 3.12397114127861e-24, nan 
10.375, 74.625, 6.563624249442404e-24, nan 
10.625, 74.625, 1.848405811483387e-24, nan 
10.875, 74.625, 4.8373186173322466e-24, nan 
11.125, 74.625, 4.226098584698283e-24, nan 
11.375, 74.625, 4.4488997733715875e-24, nan 
11.625, 74.625, 6.2388106243430554e-24, nan 
11.875, 74.625, 9.145439245140738e-24, nan 
12.125, 74.625, 1.0555670891965459e-23, nan 
12.375, 74.625, 1.918626893457616e-23, nan 
12.625, 74.625, 1.7096253509203767e-23, nan 
12.875, 74.625, 1.2470596839404234e-23, nan 
13.125, 74.625, 2.063828847481119e-23, nan 
13.375, 74.625, 1.7342663330746852e-23, nan 
13.625, 74.625, 1.173293142872803e-23, nan 
13.875, 74.625, 8.903636066117877e-24, nan 
14.125, 74.625, 7.850898325324868e-24, nan 
14.375, 74.625, 1.1381724225382268e-23, nan 
14.625, 74.625, 1.2572174621307163e-23, nan 
14.875, 74.625, 1.6796819802597445e-23, nan 
15.125, 74.625, 2.0336491672781218e-23, nan 
15.375, 74.625, 7.897501582628321e-24, nan 
15.625, 74.625, 3.991806316042838e-24, nan 
15.875, 74.625, 3.834553723847278e-24, nan 
16.125, 74.625, 5.6089978023832785e-24, nan 
16.375, 74.625, 2.0854584098399967e-24, nan 
16.625, 74.625, 2.5754366914324464e-24, nan 
16.875, 74.625, 3.141865679176424e-24, nan 
17.125, 74.625, 6.019223360502192e-24, nan 
17.375, 74.625, 5.679757291641623e-24, nan 
17.625, 74.625, 3.5531018282618834e-24, nan 
17.875, 74.625, 5.138567226270521e-24, nan 
18.125, 74.625, 6.112495057674244e-24, nan 
18.375, 74.625, 3.375406894286285e-24, nan 
18.625, 74.625, 2.2992044753193005e-24, nan 
18.875, 74.625, 3.1293759636921395e-24, nan 
19.125, 74.625, 1.7379648508787617e-24, nan 
19.375, 74.625, 1.6459978031533035e-24, nan 
19.625, 74.625, 1.3368193417903105e-24, nan 
19.875, 74.625, 1.828666618523182e-24, nan 
20.125, 74.625, 1.4908008822253254e-24, nan 
20.375, 74.625, 1.5844703012823607e-24, nan 
20.625, 74.625, 1.5966756118852187e-24, nan 
20.875, 74.625, 1.668813642232173e-24, nan 
21.125, 74.625, 2.570967168952885e-24, nan 
21.375, 74.625, 4.668999861459962e-24, nan 
21.625, 74.625, 4.3005800964346765e-24, nan 
21.875, 74.625, 4.353181878050157e-24, nan 
22.125, 74.625, 5.446102330320994e-24, nan 
22.375, 74.625, 4.490094941367237e-24, nan 
22.625, 74.625, 4.444725728110342e-24, nan 
22.875, 74.625, 1.658152154802475e-24, nan 
23.125, 74.625, 2.2642491940340697e-24, nan 
23.375, 74.625, 2.773465049650399e-24, nan 
23.625, 74.625, 2.078813289432688e-24, nan 
23.875, 74.625, 2.848434537647164e-24, nan 
24.125, 74.625, 2.584046056445224e-24, nan 
24.375, 74.625, 2.8917406854683902e-24, nan 
24.625, 74.625, 1.700417907897101e-24, nan 
24.875, 74.625, 1.4868601203212752e-24, nan 
25.125, 74.625, 1.446975826248636e-24, nan 
25.375, 74.625, 1.7210337717540987e-24, nan 
25.625, 74.625, 9.402851774008614e-25, nan 
25.875, 74.625, 1.6201775660684863e-24, nan 
26.125, 74.625, 1.4184577516334909e-24, nan 
26.375, 74.625, 7.638350675613054e-25, nan 
26.625, 74.625, 7.545786783357105e-25, nan 
26.875, 74.625, 1.1196021221827662e-24, nan 
27.125, 74.625, 1.6487024622274735e-24, nan 
27.375, 74.625, 1.399624765568233e-24, nan 
-94.125, 74.875, 2.2198647096944854e-22, nan 
-93.875, 74.875, 1.7101955042646226e-22, nan 
-93.625, 74.875, 9.095103578497343e-23, nan 
-93.375, 74.875, 9.48859007644464e-23, nan 
-93.125, 74.875, 5.876053255830081e-23, nan 
-92.875, 74.875, 1.230196115516144e-22, nan 
-92.625, 74.875, 1.371797049687523e-22, nan 
-92.375, 74.875, 8.781996408878005e-23, nan 
-92.125, 74.875, 2.18819613059324e-22, nan 
-91.875, 74.875, 3.0735641815749534e-22, nan 
-91.625, 74.875, 2.0458209880901255e-22, nan 
-91.375, 74.875, 1.7915941966351095e-22, nan 
-91.125, 74.875, 2.752928944083544e-22, nan 
-90.875, 74.875, 2.0315461572811292e-22, nan 
-90.625, 74.875, 1.776194582397989e-22, nan 
-90.375, 74.875, 1.737545165293311e-22, nan 
-90.125, 74.875, 2.7196523328353e-22, nan 
-89.875, 74.875, 2.818881627629135e-22, nan 
-89.625, 74.875, 1.2831409115467317e-22, nan 
-89.375, 74.875, 4.369446707257649e-22, nan 
-89.125, 74.875, 3.983085849285034e-22, nan 
-88.875, 74.875, 6.766280829296923e-22, nan 
-88.625, 74.875, 3.652589435260017e-22, nan 
-88.375, 74.875, 1.6214338197613221e-21, nan 
-88.125, 74.875, 8.246619469265943e-22, nan 
-87.875, 74.875, 9.662951272984808e-22, nan 
-87.625, 74.875, 4.510007931702007e-22, nan 
-87.375, 74.875, 5.989312200182263e-22, nan 
-87.125, 74.875, 6.400437986322429e-22, nan 
-86.875, 74.875, 4.966535994010805e-22, nan 
-86.625, 74.875, 4.162776186762504e-22, nan 
-86.375, 74.875, 5.507279051548469e-22, nan 
-86.125, 74.875, 6.8015469067205635e-22, nan 
-85.875, 74.875, 6.42657060777862e-22, nan 
-85.625, 74.875, 8.110639129778613e-22, nan 
-85.375, 74.875, 1.2111571227505262e-21, nan 
-85.125, 74.875, 1.5181660103355624e-21, nan 
-84.875, 74.875, 1.545190698323041e-21, nan 
-84.625, 74.875, 1.2537673305036243e-21, nan 
-84.375, 74.875, 1.3160798726517149e-21, nan 
-84.125, 74.875, 2.2273070072970904e-21, nan 
-83.875, 74.875, 1.9531234294925608e-21, nan 
-83.625, 74.875, 1.1241421105380039e-21, nan 
-83.375, 74.875, 1.277968419691757e-21, nan 
-83.125, 74.875, 1.3785800806870052e-21, nan 
-82.875, 74.875, 1.0565333356388901e-21, nan 
-82.625, 74.875, 5.91260485546741e-22, nan 
-82.375, 74.875, 8.227854326791798e-22, nan 
-82.125, 74.875, 7.349902577550801e-22, nan 
-81.875, 74.875, 5.855943278540012e-22, nan 
-81.625, 74.875, 6.372081703654199e-22, nan 
-81.375, 74.875, 6.33478373364311e-22, nan 
-81.125, 74.875, 6.212454922151778e-22, nan 
-80.875, 74.875, 8.17779329230406e-22, nan 
-80.625, 74.875, 5.871257774235933e-22, nan 
-80.375, 74.875, 6.059701041731133e-22, nan 
-80.125, 74.875, 8.613085015530397e-22, nan 
-79.875, 74.875, 5.85829860871734e-22, nan 
-79.625, 74.875, 2.6159077691980397e-22, nan 
-79.375, 74.875, 5.156307539861718e-22, nan 
-79.125, 74.875, 5.5133091684976285e-22, nan 
-78.875, 74.875, 5.949835268189242e-22, nan 
-78.625, 74.875, 5.582477658901966e-22, nan 
-78.375, 74.875, 8.325424805301227e-22, nan 
-78.125, 74.875, 7.643587489874669e-22, nan 
-77.875, 74.875, 2.471301399310175e-22, nan 
-77.625, 74.875, 3.334200696089952e-22, nan 
-77.375, 74.875, 4.896987583214243e-22, nan 
-77.125, 74.875, 3.4986471479585224e-22, nan 
-76.875, 74.875, 5.624593510284106e-22, nan 
-76.625, 74.875, 6.092288888756435e-22, nan 
-76.375, 74.875, 4.1786843444241727e-22, nan 
-76.125, 74.875, 2.318408451341531e-22, nan 
-75.875, 74.875, 7.984350219534899e-22, nan 
-75.625, 74.875, 2.8070993448398755e-22, nan 
-75.375, 74.875, 7.764491614474071e-22, nan 
-75.125, 74.875, 1.49499676950951e-21, nan 
-74.875, 74.875, 5.348754787100422e-22, nan 
-74.625, 74.875, 5.171397711775473e-22, nan 
-74.375, 74.875, 6.986188726357474e-22, nan 
-74.125, 74.875, 3.673019382044104e-22, nan 
-73.875, 74.875, 2.5678428911893756e-22, nan 
-73.625, 74.875, 1.8473451185069118e-22, nan 
-73.375, 74.875, 2.7859700192205856e-22, nan 
-73.125, 74.875, 2.734084812060196e-22, nan 
-72.875, 74.875, 1.6013267446474173e-22, nan 
-72.625, 74.875, 2.9327586021259477e-22, nan 
-72.375, 74.875, 4.508409544935189e-22, nan 
-72.125, 74.875, 3.3783290161444865e-22, nan 
-71.875, 74.875, 2.4127273151344906e-22, nan 
-71.625, 74.875, 3.1141500457196734e-22, nan 
-71.375, 74.875, 3.5317726213503684e-22, nan 
-71.125, 74.875, 5.901757847084933e-22, nan 
-70.875, 74.875, 1.1270202550891214e-21, nan 
-70.625, 74.875, 9.139891447323998e-22, nan 
-70.375, 74.875, 1.1239649344589295e-21, nan 
-70.125, 74.875, 1.4693606515552202e-21, nan 
-69.875, 74.875, 5.8793771832928974e-21, nan 
-69.625, 74.875, 2.9500863830066153e-21, nan 
-69.375, 74.875, 6.204600707238565e-22, nan 
-69.125, 74.875, 9.875754504841958e-21, nan 
-68.875, 74.875, 5.167336248228046e-21, nan 
-68.625, 74.875, 9.65929723298218e-22, nan 
-68.375, 74.875, 6.470346919994697e-21, nan 
-68.125, 74.875, 3.814608235442944e-21, nan 
-67.875, 74.875, 1.7605429456605768e-21, nan 
-67.625, 74.875, 1.4335504959975331e-21, nan 
-67.375, 74.875, 1.4640723752332922e-21, nan 
-67.125, 74.875, 1.6481242250752757e-21, nan 
-66.875, 74.875, 1.1606954363549076e-21, nan 
-66.625, 74.875, 7.440572350242297e-22, nan 
-66.375, 74.875, 3.1498064889954507e-22, nan 
-66.125, 74.875, 1.725723365376445e-22, nan 
-65.875, 74.875, 1.9969505560548632e-22, nan 
-65.625, 74.875, 2.3016035139699354e-22, nan 
-65.375, 74.875, 2.8086313229368935e-22, nan 
-65.125, 74.875, 2.9611925620580754e-22, nan 
-64.875, 74.875, 3.0145888184004826e-22, nan 
-64.625, 74.875, 2.628795315330069e-22, nan 
-64.375, 74.875, 2.929538974405055e-22, nan 
-64.125, 74.875, 3.128880397026097e-22, nan 
-63.875, 74.875, 2.2168785629312665e-22, nan 
-63.625, 74.875, 1.586524799424541e-22, nan 
-63.375, 74.875, 2.154448399439684e-22, nan 
-63.125, 74.875, 2.2714373533175513e-22, nan 
-62.875, 74.875, 2.6814236869148315e-22, nan 
-62.625, 74.875, 4.077086351413683e-22, nan 
-62.375, 74.875, 3.4872081040515025e-22, nan 
-62.125, 74.875, 4.786616398188521e-22, nan 
-61.875, 74.875, 6.867009614538409e-22, nan 
-61.625, 74.875, 6.922285193061194e-22, nan 
-61.375, 74.875, 8.256934180315104e-22, nan 
-61.125, 74.875, 8.356788749473371e-22, nan 
-60.875, 74.875, 8.332436035042206e-22, nan 
-60.625, 74.875, 8.0436712757986505e-22, nan 
-60.375, 74.875, 6.923800277921103e-22, nan 
-60.125, 74.875, 6.175518727821006e-22, nan 
-59.875, 74.875, 6.936716290907984e-22, nan 
-59.625, 74.875, 6.14888995346447e-22, nan 
-59.375, 74.875, 5.7128776752643715e-22, nan 
-59.125, 74.875, 4.859821755459933e-22, nan 
-58.875, 74.875, 3.8687884561767494e-22, nan 
-58.625, 74.875, 3.8161343747384543e-22, nan 
-58.375, 74.875, 3.3336405055910345e-22, nan 
-58.125, 74.875, 4.612411372073047e-22, nan 
-57.875, 74.875, 5.183637395581677e-22, nan 
-57.625, 74.875, 5.791819000487327e-22, nan 
-57.375, 74.875, 6.803257199494702e-22, nan 
-57.125, 74.875, 5.776925972859474e-22, nan 
-56.875, 74.875, 6.072591796681851e-22, nan 
-56.625, 74.875, 2.913985163934688e-22, nan 
-56.375, 74.875, 2.95383730784286e-22, nan 
-56.125, 74.875, 2.866817262204906e-22, nan 
-55.875, 74.875, 2.8196946826012253e-22, nan 
-55.625, 74.875, 3.8676498190937014e-22, nan 
-55.375, 74.875, 3.465762418933893e-22, nan 
-55.125, 74.875, 3.1600305364149474e-22, nan 
-54.875, 74.875, 4.1282421277068346e-22, nan 
-54.625, 74.875, 3.329715469072938e-22, nan 
-54.375, 74.875, 4.0074631816209823e-22, nan 
-54.125, 74.875, 3.310773040351945e-22, nan 
-53.875, 74.875, 2.1827468337061247e-22, nan 
-53.625, 74.875, 4.824133057761686e-22, nan 
-53.375, 74.875, 3.364711916633619e-22, nan 
-53.125, 74.875, 4.25435184192865e-22, nan 
-52.875, 74.875, 6.274787432983029e-22, nan 
-52.625, 74.875, 4.943518864270002e-22, nan 
-52.375, 74.875, 4.579232814005213e-22, nan 
-52.125, 74.875, 2.0131998228526712e-22, nan 
-51.875, 74.875, 2.7067040085384167e-22, nan 
-51.625, 74.875, 2.415824296279146e-22, nan 
-51.375, 74.875, 2.231476252221054e-22, nan 
-51.125, 74.875, 2.764813947070148e-22, nan 
-50.875, 74.875, 2.6708607029275965e-22, nan 
-50.625, 74.875, 2.260704417085673e-22, nan 
-50.375, 74.875, 2.0847084397457967e-22, nan 
-50.125, 74.875, 2.096076130598877e-22, nan 
-49.875, 74.875, 2.9494113692010735e-22, nan 
-49.625, 74.875, 3.2144749525506035e-22, nan 
-49.375, 74.875, 4.494646583084862e-22, nan 
-49.125, 74.875, 4.622021111615874e-22, nan 
-48.875, 74.875, 4.69807867680467e-22, nan 
-48.625, 74.875, 5.243571705934961e-22, nan 
-48.375, 74.875, 4.431714232039249e-22, nan 
-48.125, 74.875, 4.1481077773756093e-22, nan 
-47.875, 74.875, 1.920208221294265e-22, nan 
-47.625, 74.875, 8.633676751382465e-23, nan 
-47.375, 74.875, 1.5208679148610476e-22, nan 
-47.125, 74.875, 2.8285074074467006e-22, nan 
-46.875, 74.875, 3.636854577602048e-22, nan 
-46.625, 74.875, 2.4255200008014085e-22, nan 
-46.375, 74.875, 2.767037907671e-22, nan 
-46.125, 74.875, 3.470258310460749e-22, nan 
-45.875, 74.875, 2.1958367581042486e-22, nan 
-45.625, 74.875, 1.317647504588297e-22, nan 
-45.375, 74.875, 1.419888302948529e-22, nan 
-45.125, 74.875, 1.8994602133894123e-22, nan 
-44.875, 74.875, 2.2316921902652604e-22, nan 
-44.625, 74.875, 1.353325234205129e-22, nan 
-44.375, 74.875, 1.0140929088800517e-22, nan 
-44.125, 74.875, 1.4497422527468387e-22, nan 
-43.875, 74.875, 1.8140068239859397e-22, nan 
-43.625, 74.875, 2.7654422700458607e-22, nan 
-43.375, 74.875, 2.8845164393853496e-22, nan 
-43.125, 74.875, 2.423147677081523e-22, nan 
-42.875, 74.875, 2.712924545085142e-22, nan 
-42.625, 74.875, 2.4934317374700546e-22, nan 
-42.375, 74.875, 2.1137532210129972e-22, nan 
-42.125, 74.875, 1.6393140657098974e-22, nan 
-41.875, 74.875, 3.112331066679847e-22, nan 
-41.625, 74.875, 1.8563057849738483e-22, nan 
-41.375, 74.875, 1.198646397393937e-22, nan 
-41.125, 74.875, 2.3849711538036155e-22, nan 
-40.875, 74.875, 2.0652837528858937e-22, nan 
-40.625, 74.875, 2.1884994221215795e-22, nan 
-40.375, 74.875, 1.9475241353065252e-22, nan 
-40.125, 74.875, 1.2411743475764496e-22, nan 
-39.875, 74.875, 1.5162782095634138e-22, nan 
-39.625, 74.875, 1.4296346224699449e-22, nan 
-39.375, 74.875, 9.882933268108936e-23, nan 
-39.125, 74.875, 1.1428695521561334e-22, nan 
-38.875, 74.875, 1.1448027393038463e-22, nan 
-38.625, 74.875, 7.345746054216247e-23, nan 
-38.375, 74.875, 6.341817899963077e-23, nan 
-38.125, 74.875, 4.8448197065121934e-23, nan 
-37.875, 74.875, 5.736586538720815e-23, nan 
-37.625, 74.875, 7.561935848235948e-23, nan 
-37.375, 74.875, 6.60877300151344e-23, nan 
-37.125, 74.875, 4.686179849077226e-23, nan 
-36.875, 74.875, 5.1351563470474806e-23, nan 
-36.625, 74.875, 8.302759982162275e-23, nan 
-36.375, 74.875, 5.2764976095903436e-23, nan 
-36.125, 74.875, 6.968945128991519e-23, nan 
-35.875, 74.875, 6.24956033634033e-23, nan 
-35.625, 74.875, 5.1938846742379604e-23, nan 
-35.375, 74.875, 9.587395803103393e-23, nan 
-35.125, 74.875, 8.998777446978207e-23, nan 
-34.875, 74.875, 9.964216564145718e-23, nan 
-34.625, 74.875, 6.726623877846497e-23, nan 
-34.375, 74.875, 1.0448027235016085e-22, nan 
-34.125, 74.875, 1.4242343327817848e-22, nan 
-33.875, 74.875, 1.5711124342432366e-22, nan 
-33.625, 74.875, 1.6152911009059256e-22, nan 
-33.375, 74.875, 1.6307428305268724e-22, nan 
-33.125, 74.875, 2.3833644146270356e-22, nan 
-32.875, 74.875, 2.771025674250581e-22, nan 
-32.625, 74.875, 1.3401737336575526e-22, nan 
-32.375, 74.875, 1.6378426916309472e-22, nan 
-32.125, 74.875, 1.5019292791518767e-22, nan 
-31.875, 74.875, 1.1530749761072667e-22, nan 
-31.625, 74.875, 1.2865488993764628e-22, nan 
-31.375, 74.875, 1.2067127223263934e-22, nan 
-31.125, 74.875, 1.5268824800413567e-22, nan 
-30.875, 74.875, 7.626839789344241e-23, nan 
-30.625, 74.875, 7.806225693398206e-23, nan 
-30.375, 74.875, 7.220298260539656e-23, nan 
-30.125, 74.875, 8.778654119053131e-23, nan 
-29.875, 74.875, 6.483404184365168e-23, nan 
-29.625, 74.875, 5.532630819248715e-23, nan 
-29.375, 74.875, 6.291282507557898e-23, nan 
-29.125, 74.875, 5.845666900777609e-23, nan 
-28.875, 74.875, 8.318667430560344e-23, nan 
-28.625, 74.875, 8.378256737211768e-23, nan 
-28.375, 74.875, 5.711929757823652e-23, nan 
-28.125, 74.875, 7.942800265309171e-23, nan 
-27.875, 74.875, 6.537998557039092e-23, nan 
-27.625, 74.875, 5.983737620828709e-23, nan 
-27.375, 74.875, 3.831866639769617e-23, nan 
-27.125, 74.875, 5.0396926144962223e-23, nan 
-26.875, 74.875, 6.484465989985547e-23, nan 
-26.625, 74.875, 5.545645115757597e-23, nan 
-26.375, 74.875, 4.4150157203206316e-23, nan 
-26.125, 74.875, 5.2328931312662345e-23, nan 
-25.875, 74.875, 6.850295106032123e-23, nan 
-25.625, 74.875, 7.390796968595948e-23, nan 
-25.375, 74.875, 5.999967359867021e-23, nan 
-25.125, 74.875, 6.203908058520281e-23, nan 
-24.875, 74.875, 6.944170984045123e-23, nan 
-24.625, 74.875, 6.008788128622389e-23, nan 
-24.375, 74.875, 5.586112020789386e-23, nan 
-24.125, 74.875, 5.390191580353401e-23, nan 
-23.875, 74.875, 4.9304699515104934e-23, nan 
-23.625, 74.875, 4.868638573443931e-23, nan 
-23.375, 74.875, 4.6048825124339584e-23, nan 
-23.125, 74.875, 4.530972969129312e-23, nan 
-22.875, 74.875, 2.229299203033516e-23, nan 
-22.625, 74.875, 1.8920517799176783e-23, nan 
-22.375, 74.875, 6.332099349267228e-23, nan 
-22.125, 74.875, 3.5734511697892666e-23, nan 
-21.875, 74.875, 1.3675294002984688e-23, nan 
-21.625, 74.875, 6.125062404146508e-23, nan 
-21.375, 74.875, 7.034192906400047e-23, nan 
-21.125, 74.875, 5.890214445597138e-23, nan 
-20.875, 74.875, 6.105861218851491e-23, nan 
-20.625, 74.875, 5.880933029945109e-23, nan 
-20.375, 74.875, 5.778929039447055e-23, nan 
-20.125, 74.875, 4.9265394534108057e-23, nan 
-19.875, 74.875, 1.1546222119522832e-22, nan 
-19.625, 74.875, 1.655916362072761e-22, nan 
-19.375, 74.875, 3.004483832862098e-23, nan 
-19.125, 74.875, 5.469221827292381e-23, nan 
-18.875, 74.875, 4.705608646332609e-23, nan 
-18.625, 74.875, 2.5917795454325436e-23, nan 
-18.375, 74.875, 1.5124060709615845e-23, nan 
-18.125, 74.875, 3.610486074847209e-23, nan 
-17.875, 74.875, 4.782366515938394e-23, nan 
-17.625, 74.875, 1.1063590069353537e-22, nan 
-17.375, 74.875, 1.1747841596971905e-22, nan 
-17.125, 74.875, 7.059898733157212e-23, nan 
-16.875, 74.875, 1.61442351932899e-22, nan 
-16.625, 74.875, 1.9588663871951767e-22, nan 
-16.375, 74.875, 5.64919138663382e-23, nan 
-16.125, 74.875, 6.296817005479821e-23, nan 
-15.875, 74.875, 9.227512875965703e-23, nan 
-15.625, 74.875, 4.373323159718185e-23, nan 
-15.375, 74.875, 2.7369469835854205e-23, nan 
-15.125, 74.875, 8.98288926126395e-23, nan 
-14.875, 74.875, 7.431001723857755e-23, nan 
-14.625, 74.875, 1.1950390984275483e-22, nan 
-14.375, 74.875, 1.184867215673355e-22, nan 
-14.125, 74.875, 7.853572096710265e-23, nan 
-13.875, 74.875, 1.1234757735888002e-22, nan 
-13.625, 74.875, 1.7803356874430953e-22, nan 
-13.375, 74.875, 4.136243720118458e-22, nan 
-13.125, 74.875, 4.394037424524682e-22, nan 
-12.875, 74.875, 4.426048270881529e-22, nan 
-12.625, 74.875, 3.666271488878591e-22, nan 
-12.375, 74.875, 1.221254733418e-22, nan 
-12.125, 74.875, 6.61703673073447e-23, nan 
-11.875, 74.875, 8.641853696524383e-23, nan 
-11.625, 74.875, 7.222418588723097e-23, nan 
-11.375, 74.875, 4.7280483731240166e-23, nan 
-11.125, 74.875, 6.234129517239343e-23, nan 
-10.875, 74.875, 1.9553308663046862e-23, nan 
-10.625, 74.875, 2.2787357197612892e-23, nan 
-10.375, 74.875, 2.6821956784267647e-23, nan 
-10.125, 74.875, 2.208904274183835e-23, nan 
-9.875, 74.875, 2.1810942452625568e-23, nan 
-9.625, 74.875, 3.1634644639366005e-23, nan 
-9.375, 74.875, 2.251606900088032e-23, nan 
-9.125, 74.875, 1.7059185710805742e-23, nan 
-8.875, 74.875, 1.2431577296498338e-23, nan 
-8.625, 74.875, 1.717809151892891e-23, nan 
-8.375, 74.875, 1.658395036696123e-23, nan 
-8.125, 74.875, 1.6525598916827002e-23, nan 
-7.875, 74.875, 1.5033314720751402e-23, nan 
-7.625, 74.875, 1.4220780490758546e-23, nan 
-7.375, 74.875, 1.3918301926652595e-23, nan 
-7.125, 74.875, 1.7243840157709117e-23, nan 
-6.875, 74.875, 2.249945983035452e-23, nan 
-6.625, 74.875, 2.3629514467047976e-23, nan 
-6.375, 74.875, 3.4093010428422475e-23, nan 
-6.125, 74.875, 3.4221246545179975e-23, nan 
-5.875, 74.875, 2.7642367123082984e-23, nan 
-5.625, 74.875, 3.2817349835858025e-23, nan 
-5.375, 74.875, 3.1791944794011586e-23, nan 
-5.125, 74.875, 1.94994239734414e-23, nan 
-4.875, 74.875, 6.884506836175674e-24, nan 
-4.625, 74.875, 6.81204097194808e-24, nan 
-4.375, 74.875, 1.2881188933867795e-23, nan 
-4.125, 74.875, 1.9911591854860705e-23, nan 
-3.875, 74.875, 9.711250831458488e-24, nan 
-3.625, 74.875, 1.640184348431592e-23, nan 
-3.375, 74.875, 1.0940285496816098e-23, nan 
-3.125, 74.875, 8.365878777407256e-24, nan 
-2.875, 74.875, 2.032057884502059e-23, nan 
-2.625, 74.875, 9.667319694542658e-24, nan 
-2.375, 74.875, 8.338026095733073e-24, nan 
-2.125, 74.875, 9.422299417984013e-24, nan 
-1.875, 74.875, 4.3305989583130936e-24, nan 
-1.625, 74.875, 3.3709545286901645e-24, nan 
-1.375, 74.875, 5.208854518713939e-24, nan 
-1.125, 74.875, 5.768664401646083e-24, nan 
-0.875, 74.875, 8.129190134131751e-24, nan 
-0.625, 74.875, 1.097778818159037e-23, nan 
-0.375, 74.875, 1.8681788792684335e-23, nan 
-0.125, 74.875, 1.0964291894275269e-23, nan 
0.125, 74.875, 1.4284612290144815e-23, nan 
0.375, 74.875, 1.8115733604032015e-23, nan 
0.625, 74.875, 1.0321354881885072e-23, nan 
0.875, 74.875, 1.607137146121822e-23, nan 
1.125, 74.875, 4.369599633406025e-24, nan 
1.375, 74.875, 7.506903286552899e-24, nan 
1.625, 74.875, 1.5601554473166868e-23, nan 
1.875, 74.875, 1.4152987034379527e-23, nan 
2.125, 74.875, 7.342888203711691e-24, nan 
2.375, 74.875, 5.277411981965937e-24, nan 
2.625, 74.875, 6.317356387194153e-24, nan 
2.875, 74.875, 6.913545331154392e-24, nan 
3.125, 74.875, 4.277761803560016e-24, nan 
3.375, 74.875, 3.7756339661722456e-24, nan 
3.625, 74.875, 6.367993028404826e-24, nan 
3.875, 74.875, 7.546641220710213e-24, nan 
4.125, 74.875, 7.567399520746387e-24, nan 
4.375, 74.875, 7.336901929755282e-24, nan 
4.625, 74.875, 8.849876161035493e-24, nan 
4.875, 74.875, 1.1113854930583932e-23, nan 
5.125, 74.875, 7.995025930419473e-24, nan 
5.375, 74.875, 9.635630748834254e-24, nan 
5.625, 74.875, 9.861375754547407e-24, nan 
5.875, 74.875, 9.691021889449351e-24, nan 
6.125, 74.875, 7.567300795554245e-24, nan 
6.375, 74.875, 3.8721013390701605e-24, nan 
6.625, 74.875, 7.166507109836575e-24, nan 
6.875, 74.875, 3.465137039677311e-24, nan 
7.125, 74.875, 3.751039568120228e-24, nan 
7.375, 74.875, 1.649702365997432e-24, nan 
7.625, 74.875, 2.59326439850727e-24, nan 
7.875, 74.875, 3.2219327047363766e-24, nan 
8.125, 74.875, 3.155545657247861e-24, nan 
8.375, 74.875, 3.429401488572345e-24, nan 
8.625, 74.875, 4.986039187432028e-24, nan 
8.875, 74.875, 7.332830272384614e-24, nan 
9.125, 74.875, 6.411563263264173e-24, nan 
9.375, 74.875, 5.777692253072788e-24, nan 
9.625, 74.875, 4.851268472241589e-24, nan 
9.875, 74.875, 7.916115441296204e-24, nan 
10.125, 74.875, 5.907687079695281e-24, nan 
10.375, 74.875, 5.348699711782997e-24, nan 
10.625, 74.875, 7.903034460904848e-24, nan 
10.875, 74.875, 6.63653123537535e-24, nan 
11.125, 74.875, 4.344531373652e-24, nan 
11.375, 74.875, 5.3867076516671135e-24, nan 
11.625, 74.875, 6.461912682905159e-24, nan 
11.875, 74.875, 1.2002806865103609e-23, nan 
12.125, 74.875, 1.1330728580656124e-23, nan 
12.375, 74.875, 1.2030563942571233e-23, nan 
12.625, 74.875, 1.561136325837349e-23, nan 
12.875, 74.875, 1.4758872153903185e-23, nan 
13.125, 74.875, 1.830599793130878e-23, nan 
13.375, 74.875, 1.8701749486464872e-23, nan 
13.625, 74.875, 1.6048955708601716e-23, nan 
13.875, 74.875, 1.7901593653241282e-23, nan 
14.125, 74.875, 3.469203031444874e-23, nan 
14.375, 74.875, 3.504784044232588e-23, nan 
14.625, 74.875, 2.284839972049641e-23, nan 
14.875, 74.875, 3.876272759831579e-23, nan 
15.125, 74.875, 4.9264634397861097e-23, nan 
15.375, 74.875, 1.021988047816844e-23, nan 
15.625, 74.875, 1.8410008056342448e-23, nan 
15.875, 74.875, 2.629329770663694e-23, nan 
16.125, 74.875, 8.133578350221527e-24, nan 
16.375, 74.875, 6.419993132235573e-24, nan 
16.625, 74.875, 6.1791010643912346e-24, nan 
16.875, 74.875, 5.642489330207187e-24, nan 
17.125, 74.875, 9.733594570197128e-24, nan 
17.375, 74.875, 8.247454906448616e-24, nan 
17.625, 74.875, 6.500255079830671e-24, nan 
17.875, 74.875, 3.3081225684230422e-24, nan 
18.125, 74.875, 4.7235298395608676e-24, nan 
18.375, 74.875, 4.156325623537899e-24, nan 
18.625, 74.875, 1.5711380699855053e-24, nan 
18.875, 74.875, 2.7289238191302498e-24, nan 
19.125, 74.875, 2.5896397879565565e-24, nan 
19.375, 74.875, 2.5767801318254295e-24, nan 
19.625, 74.875, 1.652813655993469e-24, nan 
19.875, 74.875, 1.0949198868394448e-24, nan 
20.125, 74.875, 1.7426735282853738e-24, nan 
20.375, 74.875, 1.0678405851685221e-24, nan 
20.625, 74.875, 1.6430170156547467e-24, nan 
20.875, 74.875, 1.2349428756311464e-24, nan 
21.125, 74.875, 5.4632358278129175e-25, nan 
21.375, 74.875, 2.4754391379481563e-24, nan 
21.625, 74.875, 3.693577378890769e-24, nan 
21.875, 74.875, 3.7643092709966774e-24, nan 
22.125, 74.875, 4.1807515557984405e-24, nan 
22.375, 74.875, 3.4891029542268395e-24, nan 
22.625, 74.875, 3.346346424064048e-24, nan 
22.875, 74.875, 2.7722725620512684e-24, nan 
23.125, 74.875, 1.2734305696004588e-24, nan 
23.375, 74.875, 1.674794378345625e-24, nan 
23.625, 74.875, 1.7316474765591618e-24, nan 
23.875, 74.875, 2.104867130628766e-24, nan 
24.125, 74.875, 1.7586345487641054e-24, nan 
24.375, 74.875, 2.7572202700755515e-24, nan 
24.625, 74.875, 2.268212478759609e-24, nan 
24.875, 74.875, 2.022988954466103e-24, nan 
25.125, 74.875, 2.149553217608684e-24, nan 
25.375, 74.875, 2.1829754437463124e-24, nan 
25.625, 74.875, 1.7420349268735403e-24, nan 
25.875, 74.875, 1.9349519089408614e-24, nan 
26.125, 74.875, 3.1228148876159345e-24, nan 
26.375, 74.875, 2.2558052055965985e-24, nan 
26.625, 74.875, 1.8397932478926028e-24, nan 
26.875, 74.875, 2.85163886780277e-24, nan 
27.125, 74.875, 3.5371056170434656e-24, nan 
27.375, 74.875, 2.5048481608490876e-24, nan 
27.625, 74.875, 1.6245363586817576e-24, nan 
27.875, 74.875, 2.4240203443605473e-24, nan 
28.125, 74.875, 2.4512504412473292e-24, nan 
28.375, 74.875, 1.3218719707305486e-24, nan 
28.625, 74.875, 1.9168993826709467e-24, nan 
-94.375, 75.125, 1.2258047149227077e-22, nan 
-94.125, 75.125, 1.1002975913793799e-22, nan 
-93.875, 75.125, 1.1443826036042696e-22, nan 
-93.625, 75.125, 1.0836783863035957e-22, nan 
-93.375, 75.125, 1.2843585955795858e-22, nan 
-93.125, 75.125, 1.2018093754185e-22, nan 
-92.875, 75.125, 7.350291069125667e-23, nan 
-92.625, 75.125, 7.508589059936925e-23, nan 
-92.375, 75.125, 9.24444474828395e-23, nan 
-92.125, 75.125, 1.396700800033321e-22, nan 
-91.875, 75.125, 1.9208836325598645e-22, nan 
-91.625, 75.125, 1.5929957946472709e-22, nan 
-91.375, 75.125, 1.797580425856875e-22, nan 
-91.125, 75.125, 1.950219904181261e-22, nan 
-90.875, 75.125, 8.51946140386613e-23, nan 
-90.625, 75.125, 1.381399452406723e-22, nan 
-90.375, 75.125, 1.7091542123779543e-22, nan 
-90.125, 75.125, 3.0379932632253216e-22, nan 
-89.875, 75.125, 3.735646135079694e-22, nan 
-89.625, 75.125, 5.6850654003258265e-22, nan 
-89.375, 75.125, 4.828485661636218e-22, nan 
-89.125, 75.125, 2.0692400721072683e-21, nan 
-88.875, 75.125, 1.335500117806515e-21, nan 
-88.625, 75.125, 1.1051435357172776e-21, nan 
-88.375, 75.125, 3.5806829306395395e-21, nan 
-88.125, 75.125, 1.3554933791979293e-21, nan 
-87.875, 75.125, 2.134500391005845e-21, nan 
-87.625, 75.125, 2.082706815618722e-21, nan 
-87.375, 75.125, 6.263463973942607e-22, nan 
-87.125, 75.125, 1.5364263928207892e-21, nan 
-86.875, 75.125, 4.850703436700137e-22, nan 
-86.625, 75.125, 4.769099416286128e-22, nan 
-86.375, 75.125, 2.1297450521810218e-22, nan 
-86.125, 75.125, 3.1814467222265955e-22, nan 
-85.875, 75.125, 3.4358674639523255e-22, nan 
-85.625, 75.125, 4.720069973280426e-22, nan 
-85.375, 75.125, 6.159492025899422e-22, nan 
-85.125, 75.125, 5.34728570735005e-22, nan 
-84.875, 75.125, 5.10972681712008e-22, nan 
-84.625, 75.125, 8.869167094539733e-22, nan 
-84.375, 75.125, 7.782602303031792e-22, nan 
-84.125, 75.125, 1.237406651125561e-21, nan 
-83.875, 75.125, 1.0525021642660756e-21, nan 
-83.625, 75.125, 5.709176026401846e-22, nan 
-83.375, 75.125, 5.433056755350942e-22, nan 
-83.125, 75.125, 2.69647658497648e-22, nan 
-82.875, 75.125, 2.9090726822644623e-22, nan 
-82.625, 75.125, 4.871817850302156e-22, nan 
-82.375, 75.125, 5.696369487318556e-22, nan 
-82.125, 75.125, 4.907264285210446e-22, nan 
-81.875, 75.125, 4.385944035614663e-22, nan 
-81.625, 75.125, 5.691329926037475e-22, nan 
-81.375, 75.125, 5.357194803376731e-22, nan 
-81.125, 75.125, 4.779067136972447e-22, nan 
-80.875, 75.125, 3.5310654373434475e-22, nan 
-80.625, 75.125, 3.9310105428640926e-22, nan 
-80.375, 75.125, 4.0718173323914023e-22, nan 
-80.125, 75.125, 3.849791468927308e-22, nan 
-79.875, 75.125, 3.2290867231061147e-22, nan 
-79.625, 75.125, 2.835745260317048e-22, nan 
-79.375, 75.125, 2.0003089386006778e-22, nan 
-79.125, 75.125, 2.6860131061032884e-22, nan 
-78.875, 75.125, 3.033355033197167e-22, nan 
-78.625, 75.125, 2.1986209964502915e-22, nan 
-78.375, 75.125, 2.944968926889278e-22, nan 
-78.125, 75.125, 2.760500879030135e-22, nan 
-77.875, 75.125, 2.149237676995808e-22, nan 
-77.625, 75.125, 6.003941457962537e-22, nan 
-77.375, 75.125, 6.124144028514939e-22, nan 
-77.125, 75.125, 4.779809834294638e-22, nan 
-76.875, 75.125, 9.405358948556445e-22, nan 
-76.625, 75.125, 8.081234034030517e-22, nan 
-76.375, 75.125, 5.507856315017783e-22, nan 
-76.125, 75.125, 5.169834262079126e-22, nan 
-75.875, 75.125, 5.515591316390376e-22, nan 
-75.625, 75.125, 3.7946658641587694e-22, nan 
-75.375, 75.125, 4.159731911361155e-22, nan 
-75.125, 75.125, 6.656439609417157e-22, nan 
-74.875, 75.125, 3.569141486320836e-22, nan 
-74.625, 75.125, 3.7558523298978893e-22, nan 
-74.375, 75.125, 3.9181670263998454e-22, nan 
-74.125, 75.125, 5.154041049916984e-22, nan 
-73.875, 75.125, 6.47756315521332e-22, nan 
-73.625, 75.125, 4.862715319806451e-22, nan 
-73.375, 75.125, 5.546512507466068e-22, nan 
-73.125, 75.125, 7.33224324759307e-22, nan 
-72.875, 75.125, 6.5168171750617455e-22, nan 
-72.625, 75.125, 7.583604772593459e-22, nan 
-72.375, 75.125, 9.251004059671417e-22, nan 
-72.125, 75.125, 1.072299756556967e-21, nan 
-71.875, 75.125, 7.576084792392326e-22, nan 
-71.625, 75.125, 8.887428686591113e-22, nan 
-71.375, 75.125, 8.326164495208634e-22, nan 
-71.125, 75.125, 8.046368626720369e-22, nan 
-70.875, 75.125, 9.558157071610639e-22, nan 
-70.625, 75.125, 9.047859974790733e-22, nan 
-70.375, 75.125, 9.081704243706877e-22, nan 
-70.125, 75.125, 5.005587243944533e-22, nan 
-69.875, 75.125, 4.9581988066934515e-21, nan 
-69.625, 75.125, 4.2408200208632094e-21, nan 
-69.375, 75.125, 1.3850018150042086e-21, nan 
-69.125, 75.125, 8.324849153168816e-21, nan 
-68.875, 75.125, 7.078978426334462e-21, nan 
-68.625, 75.125, 1.3700401449022423e-21, nan 
-68.375, 75.125, 6.0041604540634424e-21, nan 
-68.125, 75.125, 5.2156229527577696e-21, nan 
-67.875, 75.125, 1.384499543687544e-21, nan 
-67.625, 75.125, 1.849557472351217e-21, nan 
-67.375, 75.125, 2.1179711689830177e-21, nan 
-67.125, 75.125, 1.3575486206448377e-21, nan 
-66.875, 75.125, 6.99797280604462e-22, nan 
-66.625, 75.125, 3.033587437706121e-22, nan 
-66.375, 75.125, 1.4145288149961856e-22, nan 
-66.125, 75.125, 1.7153923862937433e-22, nan 
-65.875, 75.125, 1.686590580773893e-22, nan 
-65.625, 75.125, 1.7509081508923475e-22, nan 
-65.375, 75.125, 2.0309482725513197e-22, nan 
-65.125, 75.125, 2.0352104891329523e-22, nan 
-64.875, 75.125, 1.6378376369020227e-22, nan 
-64.625, 75.125, 1.64910844794365e-22, nan 
-64.375, 75.125, 1.6410103549539047e-22, nan 
-64.125, 75.125, 2.1672105190785377e-22, nan 
-63.875, 75.125, 2.5640210990436904e-22, nan 
-63.625, 75.125, 2.583139733274365e-22, nan 
-63.375, 75.125, 3.024352385220375e-22, nan 
-63.125, 75.125, 2.6604667685908973e-22, nan 
-62.875, 75.125, 3.23048885072946e-22, nan 
-62.625, 75.125, 4.1265706620676715e-22, nan 
-62.375, 75.125, 4.0671147977323504e-22, nan 
-62.125, 75.125, 4.911703759881577e-22, nan 
-61.875, 75.125, 5.320162639950976e-22, nan 
-61.625, 75.125, 5.693654297434137e-22, nan 
-61.375, 75.125, 6.131704868360906e-22, nan 
-61.125, 75.125, 5.275034299168631e-22, nan 
-60.875, 75.125, 4.731507404808227e-22, nan 
-60.625, 75.125, 4.94338560253251e-22, nan 
-60.375, 75.125, 4.889993365487488e-22, nan 
-60.125, 75.125, 4.136455256295683e-22, nan 
-59.875, 75.125, 4.1532421824848494e-22, nan 
-59.625, 75.125, 3.2570074185445976e-22, nan 
-59.375, 75.125, 3.1091536346972813e-22, nan 
-59.125, 75.125, 2.2458437444309763e-22, nan 
-58.875, 75.125, 1.9951376195194575e-22, nan 
-58.625, 75.125, 7.430570739837595e-23, nan 
-58.375, 75.125, 1.5577483727590548e-22, nan 
-58.125, 75.125, 3.1367446082182646e-22, nan 
-57.875, 75.125, 4.674306170893941e-22, nan 
-57.625, 75.125, 4.2418640375201555e-22, nan 
-57.375, 75.125, 3.6032965075796043e-22, nan 
-57.125, 75.125, 3.601690034300023e-22, nan 
-56.875, 75.125, 3.0994323782306996e-22, nan 
-56.625, 75.125, 1.6289825963167386e-22, nan 
-56.375, 75.125, 2.1966011507339744e-22, nan 
-56.125, 75.125, 2.4952943070396866e-22, nan 
-55.875, 75.125, 3.690013031738236e-22, nan 
-55.625, 75.125, 4.306081038547165e-22, nan 
-55.375, 75.125, 3.5775060231138573e-22, nan 
-55.125, 75.125, 4.315009259985981e-22, nan 
-54.875, 75.125, 4.397271317994804e-22, nan 
-54.625, 75.125, 3.5653432041376994e-22, nan 
-54.375, 75.125, 3.8730292487960105e-22, nan 
-54.125, 75.125, 3.0691435067777414e-22, nan 
-53.875, 75.125, 1.7394780732033125e-22, nan 
-53.625, 75.125, 3.017810874215694e-22, nan 
-53.375, 75.125, 2.5466246669382743e-22, nan 
-53.125, 75.125, 1.898125461306962e-22, nan 
-52.875, 75.125, 1.0619095421390038e-22, nan 
-52.625, 75.125, 2.0446637683800168e-22, nan 
-52.375, 75.125, 1.8290967749317973e-22, nan 
-52.125, 75.125, 9.352249165595915e-23, nan 
-51.875, 75.125, 1.3482750680308274e-22, nan 
-51.625, 75.125, 1.7139126964044653e-22, nan 
-51.375, 75.125, 1.405782817132621e-22, nan 
-51.125, 75.125, 1.140729007654291e-22, nan 
-50.875, 75.125, 1.506480495358544e-22, nan 
-50.625, 75.125, 1.6807034914400986e-22, nan 
-50.375, 75.125, 2.0714835984920938e-22, nan 
-50.125, 75.125, 2.1254290047571374e-22, nan 
-49.875, 75.125, 1.840637365435727e-22, nan 
-49.625, 75.125, 2.7531020559251605e-22, nan 
-49.375, 75.125, 2.9391793713424255e-22, nan 
-49.125, 75.125, 2.739655352332445e-22, nan 
-48.875, 75.125, 2.3359686703683125e-22, nan 
-48.625, 75.125, 2.3058287500081976e-22, nan 
-48.375, 75.125, 2.2721934647702626e-22, nan 
-48.125, 75.125, 1.4572343180666794e-22, nan 
-47.875, 75.125, 1.9129903502787419e-22, nan 
-47.625, 75.125, 2.6135102581114146e-22, nan 
-47.375, 75.125, 2.2715903951368047e-22, nan 
-47.125, 75.125, 2.2523157067600015e-22, nan 
-46.875, 75.125, 2.236487130631198e-22, nan 
-46.625, 75.125, 1.1918728059006163e-22, nan 
-46.375, 75.125, 1.620189422151994e-22, nan 
-46.125, 75.125, 1.7869628337962517e-22, nan 
-45.875, 75.125, 1.407793965289587e-22, nan 
-45.625, 75.125, 1.1907556212330386e-22, nan 
-45.375, 75.125, 1.0391205417021334e-22, nan 
-45.125, 75.125, 2.6157586942226267e-22, nan 
-44.875, 75.125, 2.610782323082907e-22, nan 
-44.625, 75.125, 1.136705887361747e-22, nan 
-44.375, 75.125, 1.6632190029345785e-22, nan 
-44.125, 75.125, 2.2984268832051773e-22, nan 
-43.875, 75.125, 7.344927987555526e-23, nan 
-43.625, 75.125, 1.7534439555901248e-22, nan 
-43.375, 75.125, 3.6338558538380135e-22, nan 
-43.125, 75.125, 1.8197797522182827e-22, nan 
-42.875, 75.125, 2.029299387429426e-22, nan 
-42.625, 75.125, 2.6049174953449174e-22, nan 
-42.375, 75.125, 1.651333824957225e-22, nan 
-42.125, 75.125, 1.4199521383260983e-22, nan 
-41.875, 75.125, 1.3527325442041153e-22, nan 
-41.625, 75.125, 1.688089269376388e-22, nan 
-41.375, 75.125, 2.9706132466119185e-22, nan 
-41.125, 75.125, 2.714454147921676e-22, nan 
-40.875, 75.125, 1.625949791553405e-22, nan 
-40.625, 75.125, 1.397693239506371e-22, nan 
-40.375, 75.125, 1.548647638928569e-22, nan 
-40.125, 75.125, 7.139093669537775e-23, nan 
-39.875, 75.125, 9.033789283826373e-23, nan 
-39.625, 75.125, 7.709149415374222e-23, nan 
-39.375, 75.125, 3.270112179219761e-23, nan 
-39.125, 75.125, 3.0045428174583785e-23, nan 
-38.875, 75.125, 3.879559261887477e-23, nan 
-38.625, 75.125, 4.365786044968829e-23, nan 
-38.375, 75.125, 3.484859643325225e-23, nan 
-38.125, 75.125, 3.7000216487437675e-23, nan 
-37.875, 75.125, 4.3951505689563096e-23, nan 
-37.625, 75.125, 4.527303319576077e-23, nan 
-37.375, 75.125, 4.428874162184246e-23, nan 
-37.125, 75.125, 4.6913953569462256e-23, nan 
-36.875, 75.125, 5.494588775555794e-23, nan 
-36.625, 75.125, 6.388887937248836e-23, nan 
-36.375, 75.125, 3.3765605942360877e-23, nan 
-36.125, 75.125, 6.781177907586686e-23, nan 
-35.875, 75.125, 5.872147110833306e-23, nan 
-35.625, 75.125, 3.8300357311314903e-23, nan 
-35.375, 75.125, 3.193423068561503e-23, nan 
-35.125, 75.125, 7.499724296877101e-23, nan 
-34.875, 75.125, 5.596210540961074e-23, nan 
-34.625, 75.125, 2.776111105532735e-23, nan 
-34.375, 75.125, 7.190723299707834e-23, nan 
-34.125, 75.125, 4.856208644773186e-23, nan 
-33.875, 75.125, 5.008691944455074e-23, nan 
-33.625, 75.125, 7.209056926817227e-23, nan 
-33.375, 75.125, 1.0233047658934551e-22, nan 
-33.125, 75.125, 1.420698768839349e-22, nan 
-32.875, 75.125, 1.7870425264112667e-22, nan 
-32.625, 75.125, 1.2323247712464722e-22, nan 
-32.375, 75.125, 1.3401042271312426e-22, nan 
-32.125, 75.125, 1.0921760600581834e-22, nan 
-31.875, 75.125, 1.3045104070753298e-22, nan 
-31.625, 75.125, 1.1365046375591783e-22, nan 
-31.375, 75.125, 1.1474440113706696e-22, nan 
-31.125, 75.125, 1.9861337779322293e-22, nan 
-30.875, 75.125, 6.628143905738163e-23, nan 
-30.625, 75.125, 7.951981688877542e-23, nan 
-30.375, 75.125, 1.232107355295875e-22, nan 
-30.125, 75.125, 9.778951321577926e-23, nan 
-29.875, 75.125, 7.196709241107575e-23, nan 
-29.625, 75.125, 8.169803168381076e-23, nan 
-29.375, 75.125, 1.049444049277473e-22, nan 
-29.125, 75.125, 6.94679902590256e-23, nan 
-28.875, 75.125, 6.056717123432548e-23, nan 
-28.625, 75.125, 7.048205227873254e-23, nan 
-28.375, 75.125, 5.331743053076113e-23, nan 
-28.125, 75.125, 4.5097341878544677e-23, nan 
-27.875, 75.125, 6.46733251155131e-23, nan 
-27.625, 75.125, 5.905893583252158e-23, nan 
-27.375, 75.125, 4.771674920744912e-23, nan 
-27.125, 75.125, 5.904752666009817e-23, nan 
-26.875, 75.125, 5.939619324999097e-23, nan 
-26.625, 75.125, 5.304761556821619e-23, nan 
-26.375, 75.125, 3.810047629857565e-23, nan 
-26.125, 75.125, 5.167621208854914e-23, nan 
-25.875, 75.125, 4.636915167989957e-23, nan 
-25.625, 75.125, 4.500671105028916e-23, nan 
-25.375, 75.125, 3.582588601691513e-23, nan 
-25.125, 75.125, 3.105047920613957e-23, nan 
-24.875, 75.125, 3.206591183734292e-23, nan 
-24.625, 75.125, 4.021279661968562e-23, nan 
-24.375, 75.125, 3.195585249963203e-23, nan 
-24.125, 75.125, 3.667195822313177e-23, nan 
-23.875, 75.125, 3.554705987859282e-23, nan 
-23.625, 75.125, 3.578113956307649e-23, nan 
-23.375, 75.125, 3.358039539992872e-23, nan 
-23.125, 75.125, 5.447143200811814e-23, nan 
-22.875, 75.125, 2.5051011613135274e-23, nan 
-22.625, 75.125, 2.7758880221925304e-23, nan 
-22.375, 75.125, 7.413522153428015e-23, nan 
-22.125, 75.125, 2.5531305639575786e-23, nan 
-21.875, 75.125, 3.6361581876440235e-23, nan 
-21.625, 75.125, 6.157378572385769e-23, nan 
-21.375, 75.125, 5.085231717431977e-23, nan 
-21.125, 75.125, 7.204575343371869e-23, nan 
-20.875, 75.125, 4.7922878934005324e-23, nan 
-20.625, 75.125, 1.4516000773620879e-22, nan 
-20.375, 75.125, 2.4151681697320734e-22, nan 
-20.125, 75.125, 3.9027389862555774e-23, nan 
-19.875, 75.125, 2.8421540709246954e-22, nan 
-19.625, 75.125, 3.9147735548934075e-22, nan 
-19.375, 75.125, 3.074836208645116e-23, nan 
-19.125, 75.125, 2.0912923805499082e-22, nan 
-18.875, 75.125, 2.3696285704830525e-22, nan 
-18.625, 75.125, 3.645525310883122e-23, nan 
-18.375, 75.125, 5.455042723917621e-23, nan 
-18.125, 75.125, 5.267620003525509e-23, nan 
-17.875, 75.125, 2.5831450747145703e-23, nan 
-17.625, 75.125, 2.6308625170918816e-23, nan 
-17.375, 75.125, 2.453585205824217e-23, nan 
-17.125, 75.125, 3.601459136346955e-23, nan 
-16.875, 75.125, 7.792055685980933e-23, nan 
-16.625, 75.125, 9.427946078483659e-23, nan 
-16.375, 75.125, 4.7147617580966283e-23, nan 
-16.125, 75.125, 6.132137120327376e-23, nan 
-15.875, 75.125, 5.424832124451067e-23, nan 
-15.625, 75.125, 5.0583386603607375e-23, nan 
-15.375, 75.125, 6.559052050642417e-23, nan 
-15.125, 75.125, 5.511737978885194e-23, nan 
-14.875, 75.125, 5.1248147133385754e-23, nan 
-14.625, 75.125, 5.50081070749997e-23, nan 
-14.375, 75.125, 5.772484899474065e-23, nan 
-14.125, 75.125, 4.7242890685265985e-23, nan 
-13.875, 75.125, 5.586377037314721e-23, nan 
-13.625, 75.125, 6.953916807818338e-23, nan 
-13.375, 75.125, 5.755127939704179e-23, nan 
-13.125, 75.125, 5.292734495190703e-23, nan 
-12.875, 75.125, 3.6259377268711447e-23, nan 
-12.625, 75.125, 7.738499441070035e-23, nan 
-12.375, 75.125, 8.218922151310997e-23, nan 
-12.125, 75.125, 4.534034706797773e-23, nan 
-11.875, 75.125, 4.939546490620527e-23, nan 
-11.625, 75.125, 2.0862329053599368e-23, nan 
-11.375, 75.125, 1.4318606505209284e-23, nan 
-11.125, 75.125, 1.9739203252075326e-23, nan 
-10.875, 75.125, 2.5436068331468993e-23, nan 
-10.625, 75.125, 3.4962268746385253e-23, nan 
-10.375, 75.125, 4.142789611381535e-23, nan 
-10.125, 75.125, 3.2778521850234374e-23, nan 
-9.875, 75.125, 2.3290434583876965e-23, nan 
-9.625, 75.125, 2.1669810308015118e-23, nan 
-9.375, 75.125, 1.8572042801687636e-23, nan 
-9.125, 75.125, 1.6371840109734495e-23, nan 
-8.875, 75.125, 2.1108481363505526e-23, nan 
-8.625, 75.125, 2.045664300750122e-23, nan 
-8.375, 75.125, 1.9919481101346835e-23, nan 
-8.125, 75.125, 2.5491641094450572e-23, nan 
-7.875, 75.125, 2.8478529499185535e-23, nan 
-7.625, 75.125, 3.863955696394328e-23, nan 
-7.375, 75.125, 3.19128322804554e-23, nan 
-7.125, 75.125, 4.1442316423307686e-23, nan 
-6.875, 75.125, 2.904227486527536e-23, nan 
-6.625, 75.125, 2.6861797721205134e-23, nan 
-6.375, 75.125, 2.2514771072551512e-23, nan 
-6.125, 75.125, 2.2648162072810224e-23, nan 
-5.875, 75.125, 2.1028718513679367e-23, nan 
-5.625, 75.125, 2.0037174518432355e-23, nan 
-5.375, 75.125, 1.9758080584660075e-23, nan 
-5.125, 75.125, 1.692682070429237e-23, nan 
-4.875, 75.125, 2.1611395963501888e-23, nan 
-4.625, 75.125, 2.4641558482245542e-23, nan 
-4.375, 75.125, 3.223834995989778e-23, nan 
-4.125, 75.125, 2.772215943608284e-23, nan 
-3.875, 75.125, 2.9263225734379277e-23, nan 
-3.625, 75.125, 2.3952588164105137e-23, nan 
-3.375, 75.125, 1.2136859607655e-23, nan 
-3.125, 75.125, 1.085018918100764e-23, nan 
-2.875, 75.125, 9.154518373967896e-24, nan 
-2.625, 75.125, 9.783755872965268e-24, nan 
-2.375, 75.125, 7.092361621821418e-24, nan 
-2.125, 75.125, 1.1250177070697819e-24, nan 
-1.875, 75.125, 7.036634781619747e-24, nan 
-1.625, 75.125, 5.035003137831314e-24, nan 
-1.375, 75.125, 6.983336822943108e-24, nan 
-1.125, 75.125, 8.918480378353142e-24, nan 
-0.875, 75.125, 6.642210071517155e-24, nan 
-0.625, 75.125, 7.429482849369218e-24, nan 
-0.375, 75.125, 9.196234488539443e-24, nan 
-0.125, 75.125, 7.882477049023063e-24, nan 
0.125, 75.125, 8.257012061736799e-24, nan 
0.375, 75.125, 1.0872035408476506e-23, nan 
0.625, 75.125, 8.594204946734287e-24, nan 
0.875, 75.125, 9.724452157192164e-24, nan 
1.125, 75.125, 7.98986916297191e-24, nan 
1.375, 75.125, 6.773894715197965e-24, nan 
1.625, 75.125, 1.1011096701448542e-23, nan 
1.875, 75.125, 6.041547976089172e-24, nan 
2.125, 75.125, 3.727445727027427e-24, nan 
2.375, 75.125, 7.594907628703575e-24, nan 
2.625, 75.125, 9.519479241776798e-24, nan 
2.875, 75.125, 5.1047125822945336e-24, nan 
3.125, 75.125, 5.519831131285738e-24, nan 
3.375, 75.125, 8.220151767653342e-24, nan 
3.625, 75.125, 5.301019750450981e-24, nan 
3.875, 75.125, 5.2939017353488294e-24, nan 
4.125, 75.125, 3.515556341774924e-24, nan 
4.375, 75.125, 8.748273148562621e-24, nan 
4.625, 75.125, 7.249004088401332e-24, nan 
4.875, 75.125, 9.202426649864758e-24, nan 
5.125, 75.125, 1.1301394156732287e-23, nan 
5.375, 75.125, 9.527890584752361e-24, nan 
5.625, 75.125, 1.1416783306035027e-23, nan 
5.875, 75.125, 9.79159718979928e-24, nan 
6.125, 75.125, 9.487928762117197e-24, nan 
6.375, 75.125, 7.451070564822241e-24, nan 
6.625, 75.125, 4.952743764149106e-24, nan 
6.875, 75.125, 5.4241744360465174e-24, nan 
7.125, 75.125, 2.587342842822331e-24, nan 
7.375, 75.125, 4.816491714685111e-24, nan 
7.625, 75.125, 1.1608985946743155e-24, nan 
7.875, 75.125, 1.3517457146594508e-24, nan 
8.125, 75.125, 4.154842100547333e-24, nan 
8.375, 75.125, 3.693695934300274e-24, nan 
8.625, 75.125, 3.626614772224999e-24, nan 
8.875, 75.125, 5.297311187559518e-24, nan 
9.125, 75.125, 4.948488600356763e-24, nan 
9.375, 75.125, 4.016971065739463e-24, nan 
9.625, 75.125, 2.9196429673631876e-24, nan 
9.875, 75.125, 4.2778279078432314e-24, nan 
10.125, 75.125, 3.328400132388952e-24, nan 
10.375, 75.125, 2.416056925729284e-24, nan 
10.625, 75.125, 6.037769168681475e-24, nan 
10.875, 75.125, 4.358004634790538e-24, nan 
11.125, 75.125, 3.7376437348469304e-24, nan 
11.375, 75.125, 4.731671013712471e-24, nan 
11.625, 75.125, 8.648469233142418e-24, nan 
11.875, 75.125, 6.659759402433384e-24, nan 
12.125, 75.125, 7.73998758574838e-24, nan 
12.375, 75.125, 1.1634720088750098e-23, nan 
12.625, 75.125, 1.5423448258737537e-23, nan 
12.875, 75.125, 1.5776616721016307e-23, nan 
13.125, 75.125, 1.807200209486349e-23, nan 
13.375, 75.125, 2.2065540373666998e-23, nan 
13.625, 75.125, 2.3444532802255463e-23, nan 
13.875, 75.125, 2.0988507273845493e-23, nan 
14.125, 75.125, 2.825361548102869e-23, nan 
14.375, 75.125, 2.4094563344084e-23, nan 
14.625, 75.125, 2.7502645423789383e-23, nan 
14.875, 75.125, 2.9366930274967714e-23, nan 
15.125, 75.125, 2.3342509811866554e-23, nan 
15.375, 75.125, 1.987445980759941e-23, nan 
15.625, 75.125, 8.25400065434323e-24, nan 
15.875, 75.125, 4.562903636418857e-24, nan 
16.125, 75.125, 4.475437201997767e-24, nan 
16.375, 75.125, 5.8981425111111545e-24, nan 
16.625, 75.125, 3.2287497640105986e-24, nan 
16.875, 75.125, 5.380731059244831e-24, nan 
17.125, 75.125, 9.44992704988736e-24, nan 
17.375, 75.125, 5.68394390608925e-24, nan 
17.625, 75.125, 5.38874674609735e-24, nan 
17.875, 75.125, 5.100316674720117e-24, nan 
18.125, 75.125, 3.4034326685355044e-24, nan 
18.375, 75.125, 2.4902610993586177e-24, nan 
18.625, 75.125, 2.8206169656078313e-24, nan 
18.875, 75.125, 2.8987240194874932e-24, nan 
19.125, 75.125, 1.7835222100760958e-24, nan 
19.375, 75.125, 1.4988474492751949e-24, nan 
19.625, 75.125, 1.6832472494695644e-24, nan 
19.875, 75.125, 1.873874057086931e-24, nan 
20.125, 75.125, 1.7441156203636768e-24, nan 
20.375, 75.125, 1.628183048604891e-24, nan 
20.625, 75.125, 1.903831141532395e-24, nan 
20.875, 75.125, 1.3425862876046562e-24, nan 
21.125, 75.125, 5.222055687025439e-24, nan 
21.375, 75.125, 5.205520870570573e-24, nan 
21.625, 75.125, 3.3569651632534314e-24, nan 
21.875, 75.125, 3.786822749967938e-24, nan 
22.125, 75.125, 2.1304645164036168e-24, nan 
22.375, 75.125, 1.735604820779838e-24, nan 
22.625, 75.125, 1.3107174803845203e-24, nan 
22.875, 75.125, 2.2550274565173386e-24, nan 
23.125, 75.125, 2.0361994543569585e-24, nan 
23.375, 75.125, 2.215939190543173e-24, nan 
23.625, 75.125, 1.6485859351538207e-24, nan 
23.875, 75.125, 2.0824297263810065e-24, nan 
24.125, 75.125, 1.5642518707276163e-24, nan 
24.375, 75.125, 1.4350794756844136e-24, nan 
24.625, 75.125, 2.1047119898277447e-24, nan 
24.875, 75.125, 2.3027592997805002e-24, nan 
25.125, 75.125, 2.4478860545516505e-24, nan 
25.375, 75.125, 3.385515409040565e-24, nan 
25.625, 75.125, 2.7658710476332198e-24, nan 
25.875, 75.125, 2.2075086560799396e-24, nan 
26.125, 75.125, 3.2647956000661963e-24, nan 
26.375, 75.125, 2.0270227044152637e-24, nan 
26.625, 75.125, 3.1271457564663443e-24, nan 
26.875, 75.125, 1.3493930762210409e-24, nan 
27.125, 75.125, 1.4811958912902951e-24, nan 
27.375, 75.125, 3.0649193724756846e-24, nan 
27.625, 75.125, 1.808421952541376e-24, nan 
27.875, 75.125, 8.769918877013908e-25, nan 
28.125, 75.125, 2.336828985422493e-24, nan 
28.375, 75.125, 1.533035015066658e-24, nan 
28.625, 75.125, 1.4035283145995543e-24, nan 
28.875, 75.125, 1.2840625470868702e-24, nan 
29.125, 75.125, 1.5004004984862038e-24, nan 
29.375, 75.125, 1.4340044811413174e-24, nan 
29.625, 75.125, 1.1198865446889772e-24, nan 
-94.875, 75.375, 6.411788139271973e-23, nan 
-94.625, 75.375, 5.995149061808749e-23, nan 
-94.375, 75.375, 8.790570837636834e-23, nan 
-94.125, 75.375, 6.376511323154531e-23, nan 
-93.875, 75.375, 5.465166352179731e-23, nan 
-93.625, 75.375, 7.053079632905772e-23, nan 
-93.375, 75.375, 6.657487888849885e-23, nan 
-93.125, 75.375, 6.645853815938784e-23, nan 
-92.875, 75.375, 6.823745635332109e-23, nan 
-92.625, 75.375, 5.519562978275091e-23, nan 
-92.375, 75.375, 6.547517496695165e-23, nan 
-92.125, 75.375, 7.673880519053545e-23, nan 
-91.875, 75.375, 8.063859917217215e-23, nan 
-91.625, 75.375, 9.783305559452714e-23, nan 
-91.375, 75.375, 1.752736129455665e-22, nan 
-91.125, 75.375, 1.9803367153414415e-22, nan 
-90.875, 75.375, 1.451563009503775e-22, nan 
-90.625, 75.375, 2.2804069952350672e-22, nan 
-90.375, 75.375, 2.5902402791513646e-22, nan 
-90.125, 75.375, 1.9218764834020832e-22, nan 
-89.875, 75.375, 1.943049705077246e-22, nan 
-89.625, 75.375, 3.0463230464062395e-22, nan 
-89.375, 75.375, 3.1028602323994393e-22, nan 
-89.125, 75.375, 4.659685924353141e-22, nan 
-88.875, 75.375, 4.858150976130727e-22, nan 
-88.625, 75.375, 3.5208090250687424e-22, nan 
-88.375, 75.375, 1.5305492459928384e-21, nan 
-88.125, 75.375, 4.870132998035129e-22, nan 
-87.875, 75.375, 8.764311859370946e-22, nan 
-87.625, 75.375, 5.742548248695376e-22, nan 
-87.375, 75.375, 4.242512550100509e-22, nan 
-87.125, 75.375, 4.3822815457410385e-22, nan 
-86.875, 75.375, 5.199414028495008e-22, nan 
-86.625, 75.375, 3.266706555172073e-22, nan 
-86.375, 75.375, 2.511950004150689e-22, nan 
-86.125, 75.375, 2.7055889144529145e-22, nan 
-85.875, 75.375, 2.0408161307598253e-22, nan 
-85.625, 75.375, 1.7734116493649123e-22, nan 
-85.375, 75.375, 2.249873619911268e-22, nan 
-85.125, 75.375, 2.3051599093769714e-22, nan 
-84.875, 75.375, 2.9164365908326656e-22, nan 
-84.625, 75.375, 2.8600227030923443e-22, nan 
-84.375, 75.375, 3.00574827454414e-22, nan 
-84.125, 75.375, 3.3327727660531494e-22, nan 
-83.875, 75.375, 2.6003212879659527e-22, nan 
-83.625, 75.375, 3.662901980090145e-22, nan 
-83.375, 75.375, 3.29916561558857e-22, nan 
-83.125, 75.375, 3.8318821631821813e-22, nan 
-82.875, 75.375, 3.5329385606618547e-22, nan 
-82.625, 75.375, 4.015687821466292e-22, nan 
-82.375, 75.375, 4.679166665777981e-22, nan 
-82.125, 75.375, 4.042430348207153e-22, nan 
-81.875, 75.375, 4.112639284993055e-22, nan 
-81.625, 75.375, 4.223223823513749e-22, nan 
-81.375, 75.375, 3.719776310271492e-22, nan 
-81.125, 75.375, 3.4528385043906165e-22, nan 
-80.875, 75.375, 3.1380723188874313e-22, nan 
-80.625, 75.375, 3.135421047259761e-22, nan 
-80.375, 75.375, 2.60554074468438e-22, nan 
-80.125, 75.375, 2.2980358177423615e-22, nan 
-79.875, 75.375, 2.963442418393829e-22, nan 
-79.625, 75.375, 4.202420375545978e-22, nan 
-79.375, 75.375, 4.267077370220044e-22, nan 
-79.125, 75.375, 4.191241231683181e-22, nan 
-78.875, 75.375, 3.786310072998146e-22, nan 
-78.625, 75.375, 4.199655622299713e-22, nan 
-78.375, 75.375, 3.9728300516724415e-22, nan 
-78.125, 75.375, 3.2633990820335106e-22, nan 
-77.875, 75.375, 3.3218163936875055e-22, nan 
-77.625, 75.375, 2.2528088609003455e-22, nan 
-77.375, 75.375, 6.824183127903675e-22, nan 
-77.125, 75.375, 1.101296301881321e-21, nan 
-76.875, 75.375, 6.178004641521688e-22, nan 
-76.625, 75.375, 5.153379322387362e-22, nan 
-76.375, 75.375, 1.2479757019591767e-21, nan 
-76.125, 75.375, 6.877875347652832e-22, nan 
-75.875, 75.375, 2.010086672329111e-22, nan 
-75.625, 75.375, 6.724099377708543e-22, nan 
-75.375, 75.375, 4.532583417820767e-22, nan 
-75.125, 75.375, 3.101740452478063e-22, nan 
-74.875, 75.375, 1.6512413008634763e-22, nan 
-74.625, 75.375, 2.5209632050415595e-22, nan 
-74.375, 75.375, 3.3427804158640316e-22, nan 
-74.125, 75.375, 5.244960180617425e-22, nan 
-73.875, 75.375, 5.432587082219823e-22, nan 
-73.625, 75.375, 5.055244365064664e-22, nan 
-73.375, 75.375, 6.409412212821978e-22, nan 
-73.125, 75.375, 5.8136072894002365e-22, nan 
-72.875, 75.375, 6.336261151762011e-22, nan 
-72.625, 75.375, 7.125858096095224e-22, nan 
-72.375, 75.375, 7.768396232093252e-22, nan 
-72.125, 75.375, 8.227547851418782e-22, nan 
-71.875, 75.375, 7.225985281065361e-22, nan 
-71.625, 75.375, 7.15262790991269e-22, nan 
-71.375, 75.375, 7.325787240513994e-22, nan 
-71.125, 75.375, 6.269673106553634e-22, nan 
-70.875, 75.375, 5.872359793602273e-22, nan 
-70.625, 75.375, 6.613603901678297e-22, nan 
-70.375, 75.375, 6.208569358967126e-22, nan 
-70.125, 75.375, 5.409645436717995e-22, nan 
-69.875, 75.375, 5.089928055141173e-22, nan 
-69.625, 75.375, 4.570650977085574e-22, nan 
-69.375, 75.375, 7.167960167240379e-22, nan 
-69.125, 75.375, 3.300544899642266e-21, nan 
-68.875, 75.375, 2.677570019929462e-21, nan 
-68.625, 75.375, 2.6423642392769474e-22, nan 
-68.375, 75.375, 6.81244239758352e-22, nan 
-68.125, 75.375, 6.816870178289882e-22, nan 
-67.875, 75.375, 6.249662610554789e-22, nan 
-67.625, 75.375, 7.419034886919479e-22, nan 
-67.375, 75.375, 8.843696122880908e-22, nan 
-67.125, 75.375, 9.033335684361046e-22, nan 
-66.875, 75.375, 7.792930103155598e-22, nan 
-66.625, 75.375, 7.830723020377168e-22, nan 
-66.375, 75.375, 6.135312750310047e-22, nan 
-66.125, 75.375, 4.477723132585409e-22, nan 
-65.875, 75.375, 2.226243563952645e-22, nan 
-65.625, 75.375, 1.6913871477785971e-22, nan 
-65.375, 75.375, 1.9878337299700006e-22, nan 
-65.125, 75.375, 1.9781628717137693e-22, nan 
-64.875, 75.375, 2.0351514715537696e-22, nan 
-64.625, 75.375, 2.0088756214451307e-22, nan 
-64.375, 75.375, 2.084388183852717e-22, nan 
-64.125, 75.375, 2.270564914084505e-22, nan 
-63.875, 75.375, 2.3970794511993853e-22, nan 
-63.625, 75.375, 2.525273205454496e-22, nan 
-63.375, 75.375, 2.7616715331251e-22, nan 
-63.125, 75.375, 2.8065993358933746e-22, nan 
-62.875, 75.375, 2.770722363232372e-22, nan 
-62.625, 75.375, 2.919434910077627e-22, nan 
-62.375, 75.375, 3.272144208578873e-22, nan 
-62.125, 75.375, 3.730287165284618e-22, nan 
-61.875, 75.375, 3.3756286562413333e-22, nan 
-61.625, 75.375, 3.494353633189991e-22, nan 
-61.375, 75.375, 3.8531282236752387e-22, nan 
-61.125, 75.375, 3.8845768645658144e-22, nan 
-60.875, 75.375, 3.881642246964114e-22, nan 
-60.625, 75.375, 3.8266346177968753e-22, nan 
-60.375, 75.375, 3.891034800257237e-22, nan 
-60.125, 75.375, 3.350027928773422e-22, nan 
-59.875, 75.375, 2.4786823294433753e-22, nan 
-59.625, 75.375, 2.4310952687553413e-22, nan 
-59.375, 75.375, 2.8944631086883227e-22, nan 
-59.125, 75.375, 2.6779726970837383e-22, nan 
-58.875, 75.375, 3.481947921628361e-22, nan 
-58.625, 75.375, 4.639998330446036e-22, nan 
-58.375, 75.375, 5.056306625224142e-22, nan 
-58.125, 75.375, 4.727278020042795e-22, nan 
-57.875, 75.375, 4.865200995681068e-22, nan 
-57.625, 75.375, 4.731845125501084e-22, nan 
-57.375, 75.375, 3.6106352929175048e-22, nan 
-57.125, 75.375, 2.119837298618925e-22, nan 
-56.875, 75.375, 2.1457958642335975e-22, nan 
-56.625, 75.375, 2.6936505479212224e-22, nan 
-56.375, 75.375, 1.535297455074537e-22, nan 
-56.125, 75.375, 2.256508078624947e-22, nan 
-55.875, 75.375, 3.253924907930595e-22, nan 
-55.625, 75.375, 2.659717634931169e-22, nan 
-55.375, 75.375, 3.04639747182026e-22, nan 
-55.125, 75.375, 1.6411992923051463e-22, nan 
-54.875, 75.375, 2.0016636229373509e-22, nan 
-54.625, 75.375, 2.998039110843341e-22, nan 
-54.375, 75.375, 1.7486386434002431e-22, nan 
-54.125, 75.375, 1.1824800243616184e-22, nan 
-53.875, 75.375, 2.0646231777814362e-22, nan 
-53.625, 75.375, 1.5760101473453638e-22, nan 
-53.375, 75.375, 6.441942453834552e-23, nan 
-53.125, 75.375, 1.499745599448381e-22, nan 
-52.875, 75.375, 1.5920524770774364e-22, nan 
-52.625, 75.375, 8.593101758175413e-23, nan 
-52.375, 75.375, 7.255447015098135e-23, nan 
-52.125, 75.375, 1.3605619259503144e-22, nan 
-51.875, 75.375, 1.3921568692761966e-22, nan 
-51.625, 75.375, 1.5973418757496043e-22, nan 
-51.375, 75.375, 1.775532530309971e-22, nan 
-51.125, 75.375, 1.7620629267236577e-22, nan 
-50.875, 75.375, 2.2912397237861296e-22, nan 
-50.625, 75.375, 1.5941350704429152e-22, nan 
-50.375, 75.375, 1.3723190305453056e-22, nan 
-50.125, 75.375, 1.1733182237834988e-22, nan 
-49.875, 75.375, 9.958600238791529e-23, nan 
-49.625, 75.375, 2.1067521858001342e-22, nan 
-49.375, 75.375, 1.3381340875378824e-22, nan 
-49.125, 75.375, 1.8282901203751116e-22, nan 
-48.875, 75.375, 2.2585408841036177e-22, nan 
-48.625, 75.375, 1.5083425599474988e-22, nan 
-48.375, 75.375, 2.3692204341507855e-22, nan 
-48.125, 75.375, 2.2956377004664543e-22, nan 
-47.875, 75.375, 1.7469848753169573e-22, nan 
-47.625, 75.375, 2.356409062739347e-22, nan 
-47.375, 75.375, 2.724694430385892e-22, nan 
-47.125, 75.375, 3.3950865509659623e-22, nan 
-46.875, 75.375, 3.1975618866023694e-22, nan 
-46.625, 75.375, 1.1423836014602977e-22, nan 
-46.375, 75.375, 2.838444792732935e-22, nan 
-46.125, 75.375, 3.2007440341925156e-22, nan 
-45.875, 75.375, 1.6193434358136093e-22, nan 
-45.625, 75.375, 1.6389767658789714e-22, nan 
-45.375, 75.375, 1.9280576487566518e-22, nan 
-45.125, 75.375, 2.4209346078239572e-22, nan 
-44.875, 75.375, 2.3630553482744563e-22, nan 
-44.625, 75.375, 8.415535333600592e-23, nan 
-44.375, 75.375, 1.4497591769226125e-22, nan 
-44.125, 75.375, 1.7865678516715502e-22, nan 
-43.875, 75.375, 1.0173814766955263e-22, nan 
-43.625, 75.375, 1.421035473373578e-22, nan 
-43.375, 75.375, 2.0227024653245254e-22, nan 
-43.125, 75.375, 1.100106446164858e-22, nan 
-42.875, 75.375, 9.22352365064773e-23, nan 
-42.625, 75.375, 1.1156251227480808e-22, nan 
-42.375, 75.375, 1.4338620937361078e-22, nan 
-42.125, 75.375, 2.836880332590889e-22, nan 
-41.875, 75.375, 2.9749102687758723e-22, nan 
-41.625, 75.375, 2.0291418112501326e-22, nan 
-41.375, 75.375, 4.890879574255746e-22, nan 
-41.125, 75.375, 5.012936857362352e-22, nan 
-40.875, 75.375, 2.320221551882868e-22, nan 
-40.625, 75.375, 2.863417709866994e-22, nan 
-40.375, 75.375, 3.1150534942004386e-22, nan 
-40.125, 75.375, 1.7578860072039717e-22, nan 
-39.875, 75.375, 8.633116384129709e-23, nan 
-39.625, 75.375, 6.057258278117383e-23, nan 
-39.375, 75.375, 7.003880314178531e-23, nan 
-39.125, 75.375, 7.380307360857774e-23, nan 
-38.875, 75.375, 7.798673662443155e-23, nan 
-38.625, 75.375, 9.215867165303082e-23, nan 
-38.375, 75.375, 1.8826437386993796e-22, nan 
-38.125, 75.375, 1.8274892889633314e-22, nan 
-37.875, 75.375, 2.301463189251602e-22, nan 
-37.625, 75.375, 1.040836276244774e-22, nan 
-37.375, 75.375, 5.005980609869914e-23, nan 
-37.125, 75.375, 9.723452264340439e-23, nan 
-36.875, 75.375, 3.130581402392776e-23, nan 
-36.625, 75.375, 4.3722017758373586e-23, nan 
-36.375, 75.375, 8.681768367693981e-23, nan 
-36.125, 75.375, 7.115288500359019e-23, nan 
-35.875, 75.375, 5.021882828805448e-23, nan 
-35.625, 75.375, 6.996174577687886e-23, nan 
-35.375, 75.375, 7.275675476826104e-23, nan 
-35.125, 75.375, 7.458743840299188e-23, nan 
-34.875, 75.375, 5.504855502060988e-23, nan 
-34.625, 75.375, 5.708701661633142e-23, nan 
-34.375, 75.375, 7.27058105108655e-23, nan 
-34.125, 75.375, 6.849358964776826e-23, nan 
-33.875, 75.375, 7.211150297695727e-23, nan 
-33.625, 75.375, 9.375827826421936e-23, nan 
-33.375, 75.375, 9.380279467505911e-23, nan 
-33.125, 75.375, 8.307356225385667e-23, nan 
-32.875, 75.375, 8.801328602176838e-23, nan 
-32.625, 75.375, 1.2387340279637805e-22, nan 
-32.375, 75.375, 1.07032246678498e-22, nan 
-32.125, 75.375, 8.136232996612536e-23, nan 
-31.875, 75.375, 5.43065654582615e-23, nan 
-31.625, 75.375, 7.1464778153155e-23, nan 
-31.375, 75.375, 1.0656338921746236e-22, nan 
-31.125, 75.375, 1.1133547440066797e-22, nan 
-30.875, 75.375, 9.177758444197837e-23, nan 
-30.625, 75.375, 7.629422241718719e-23, nan 
-30.375, 75.375, 5.051440397795806e-23, nan 
-30.125, 75.375, 3.819438145411578e-23, nan 
-29.875, 75.375, 5.358456894387778e-23, nan 
-29.625, 75.375, 6.636388725397017e-23, nan 
-29.375, 75.375, 6.369815101061481e-23, nan 
-29.125, 75.375, 5.31786676152803e-23, nan 
-28.875, 75.375, 5.354474877994421e-23, nan 
-28.625, 75.375, 5.812572848170099e-23, nan 
-28.375, 75.375, 3.5278108085052945e-23, nan 
-28.125, 75.375, 3.9547905067591046e-23, nan 
-27.875, 75.375, 5.668990290731781e-23, nan 
-27.625, 75.375, 4.148821965188672e-23, nan 
-27.375, 75.375, 3.910558257607207e-23, nan 
-27.125, 75.375, 2.496762475402668e-23, nan 
-26.875, 75.375, 3.0188785817638584e-23, nan 
-26.625, 75.375, 2.1465064593022603e-23, nan 
-26.375, 75.375, 2.803422929295431e-23, nan 
-26.125, 75.375, 2.8039611139550757e-23, nan 
-25.875, 75.375, 1.5364445509385953e-23, nan 
-25.625, 75.375, 2.2915361069379853e-23, nan 
-25.375, 75.375, 2.2048061308638498e-23, nan 
-25.125, 75.375, 2.436860772934327e-23, nan 
-24.875, 75.375, 4.5025444350818175e-23, nan 
-24.625, 75.375, 3.436511648398653e-23, nan 
-24.375, 75.375, 2.976296919982122e-23, nan 
-24.125, 75.375, 4.465874983968566e-23, nan 
-23.875, 75.375, 2.854359605652362e-23, nan 
-23.625, 75.375, 2.733859534641177e-23, nan 
-23.375, 75.375, 4.824241103520939e-24, nan 
-23.125, 75.375, 1.800563986291179e-23, nan 
-22.875, 75.375, 2.568653066302468e-23, nan 
-22.625, 75.375, 1.5069122014701414e-23, nan 
-22.375, 75.375, 2.805262277194815e-23, nan 
-22.125, 75.375, 2.1231670657649562e-23, nan 
-21.875, 75.375, 1.5062187090741148e-23, nan 
-21.625, 75.375, 1.0290203664912028e-23, nan 
-21.375, 75.375, 3.872893030810971e-23, nan 
-21.125, 75.375, 7.463374057117978e-23, nan 
-20.875, 75.375, 3.735242513271896e-23, nan 
-20.625, 75.375, 3.9674910251288664e-23, nan 
-20.375, 75.375, 6.824939645132082e-23, nan 
-20.125, 75.375, 3.593363136918719e-23, nan 
-19.875, 75.375, 1.0105539694636796e-22, nan 
-19.625, 75.375, 1.455214825309244e-22, nan 
-19.375, 75.375, 3.577532531126259e-23, nan 
-19.125, 75.375, 4.325608300995869e-23, nan 
-18.875, 75.375, 4.3914571746661406e-23, nan 
-18.625, 75.375, 2.087817348158111e-23, nan 
-18.375, 75.375, 2.8514448562546834e-23, nan 
-18.125, 75.375, 1.0113552023791216e-23, nan 
-17.875, 75.375, 4.993953506419309e-24, nan 
-17.625, 75.375, 1.8758206669705294e-23, nan 
-17.375, 75.375, 1.339798786556771e-23, nan 
-17.125, 75.375, 1.9889224532332916e-23, nan 
-16.875, 75.375, 1.5852668032147976e-23, nan 
-16.625, 75.375, 1.0296313528571864e-23, nan 
-16.375, 75.375, 1.8496344948011298e-23, nan 
-16.125, 75.375, 4.1804630073057075e-23, nan 
-15.875, 75.375, 4.239625635323084e-23, nan 
-15.625, 75.375, 4.8882192488488894e-23, nan 
-15.375, 75.375, 5.609870407899488e-23, nan 
-15.125, 75.375, 6.423563966736992e-23, nan 
-14.875, 75.375, 5.781156135430371e-23, nan 
-14.625, 75.375, 4.222455587782512e-23, nan 
-14.375, 75.375, 5.489044716271827e-23, nan 
-14.125, 75.375, 4.164972505084683e-23, nan 
-13.875, 75.375, 3.5507810787190175e-23, nan 
-13.625, 75.375, 3.4504773591845564e-23, nan 
-13.375, 75.375, 3.8312410623445763e-23, nan 
-13.125, 75.375, 3.609915901478867e-23, nan 
-12.875, 75.375, 3.8106278981141227e-23, nan 
-12.625, 75.375, 4.376851600026666e-23, nan 
-12.375, 75.375, 3.8185720320965434e-23, nan 
-12.125, 75.375, 3.134293554389994e-23, nan 
-11.875, 75.375, 3.8352784687307274e-23, nan 
-11.625, 75.375, 3.978061730588905e-23, nan 
-11.375, 75.375, 3.884190602418863e-23, nan 
-11.125, 75.375, 4.586148824877367e-23, nan 
-10.875, 75.375, 3.674813028021618e-23, nan 
-10.625, 75.375, 4.43217927139378e-23, nan 
-10.375, 75.375, 5.10127590018551e-23, nan 
-10.125, 75.375, 3.7860947117567825e-23, nan 
-9.875, 75.375, 1.339578394665576e-23, nan 
-9.625, 75.375, 2.0545774821612824e-23, nan 
-9.375, 75.375, 1.7718912037610698e-23, nan 
-9.125, 75.375, 1.761929805323908e-23, nan 
-8.875, 75.375, 2.689993842698965e-23, nan 
-8.625, 75.375, 3.3231594244548096e-23, nan 
-8.375, 75.375, 4.5030165534250054e-23, nan 
-8.125, 75.375, 3.5319208162388476e-23, nan 
-7.875, 75.375, 4.289061404590359e-23, nan 
-7.625, 75.375, 5.1291191273821633e-23, nan 
-7.375, 75.375, 3.722068189361375e-23, nan 
-7.125, 75.375, 5.138001833956976e-23, nan 
-6.875, 75.375, 2.9967483122583355e-23, nan 
-6.625, 75.375, 2.72196141341556e-23, nan 
-6.375, 75.375, 2.930576171256572e-23, nan 
-6.125, 75.375, 1.87182048939954e-23, nan 
-5.875, 75.375, 1.4519465825672537e-23, nan 
-5.625, 75.375, 9.415043707735881e-24, nan 
-5.375, 75.375, 2.5647281635550362e-23, nan 
-5.125, 75.375, 4.435891150808533e-23, nan 
-4.875, 75.375, 3.02392941752081e-23, nan 
-4.625, 75.375, 4.0060693432293534e-23, nan 
-4.375, 75.375, 5.564265896128362e-23, nan 
-4.125, 75.375, 3.6354822357309064e-23, nan 
-3.875, 75.375, 4.894650092466172e-23, nan 
-3.625, 75.375, 4.271535561889395e-23, nan 
-3.375, 75.375, 2.213158230586823e-23, nan 
-3.125, 75.375, 2.9897991761138047e-23, nan 
-2.875, 75.375, 3.397195387169116e-23, nan 
-2.625, 75.375, 2.009677125058546e-23, nan 
-2.375, 75.375, 9.853596430136001e-24, nan 
-2.125, 75.375, 8.935349833018906e-24, nan 
-1.875, 75.375, 7.349048613942958e-24, nan 
-1.625, 75.375, 8.827127842090939e-24, nan 
-1.375, 75.375, 8.449091883825857e-24, nan 
-1.125, 75.375, 5.957827612995894e-24, nan 
-0.875, 75.375, 3.623257965991856e-24, nan 
-0.625, 75.375, 6.832164738732374e-24, nan 
-0.375, 75.375, 7.049302484866228e-24, nan 
-0.125, 75.375, 7.833114642391331e-24, nan 
0.125, 75.375, 1.073061079217382e-23, nan 
0.375, 75.375, 9.055029530035053e-24, nan 
0.625, 75.375, 8.339223360300301e-24, nan 
0.875, 75.375, 9.262392956285056e-24, nan 
1.125, 75.375, 6.5837492256310355e-24, nan 
1.375, 75.375, 5.244085027061933e-24, nan 
1.625, 75.375, 1.7303016319585627e-24, nan 
1.875, 75.375, 1.6427201546137023e-24, nan 
2.125, 75.375, 8.382245880858823e-24, nan 
2.375, 75.375, 1.5786278076252665e-23, nan 
2.625, 75.375, 7.718925409071195e-24, nan 
2.875, 75.375, 8.80794363793638e-24, nan 
3.125, 75.375, 1.6995421787635623e-23, nan 
3.375, 75.375, 7.464369546540256e-24, nan 
3.625, 75.375, 7.585363838332666e-24, nan 
3.875, 75.375, 7.352083842348844e-24, nan 
4.125, 75.375, 5.9084328812214006e-24, nan 
4.375, 75.375, 7.708985874873159e-24, nan 
4.625, 75.375, 1.0060590509046773e-23, nan 
4.875, 75.375, 1.05538346453817e-23, nan 
5.125, 75.375, 1.0382950118678043e-23, nan 
5.375, 75.375, 1.0454321925898073e-23, nan 
5.625, 75.375, 1.1512405064757478e-23, nan 
5.875, 75.375, 1.082598908436248e-23, nan 
6.125, 75.375, 8.246707355214255e-24, nan 
6.375, 75.375, 5.604276285823208e-24, nan 
6.625, 75.375, 5.4869506234734285e-24, nan 
6.875, 75.375, 6.002930901144433e-24, nan 
7.125, 75.375, 2.379583550946247e-24, nan 
7.375, 75.375, 3.635158547928032e-24, nan 
7.625, 75.375, 3.680755461352518e-24, nan 
7.875, 75.375, 3.434470608574317e-24, nan 
8.125, 75.375, 1.5599580554471753e-24, nan 
8.375, 75.375, 4.685148561344848e-24, nan 
8.625, 75.375, 6.25628572731459e-24, nan 
8.875, 75.375, 4.5329763960515006e-24, nan 
9.125, 75.375, 4.3578525950676634e-24, nan 
9.375, 75.375, 4.9603840894383695e-24, nan 
9.625, 75.375, 3.0983749028071862e-24, nan 
9.875, 75.375, 3.691534878732473e-24, nan 
10.125, 75.375, 3.923872825887028e-24, nan 
10.375, 75.375, 2.3608434947128223e-24, nan 
10.625, 75.375, 2.0961163618225057e-24, nan 
10.875, 75.375, 2.05960093005648e-24, nan 
11.125, 75.375, 2.1592201074479485e-24, nan 
11.375, 75.375, 3.9742845571953896e-24, nan 
11.625, 75.375, 4.204330826494291e-24, nan 
11.875, 75.375, 8.533996648072675e-24, nan 
12.125, 75.375, 9.343654433276912e-24, nan 
12.375, 75.375, 1.3058272077229953e-23, nan 
12.625, 75.375, 1.7062876238891248e-23, nan 
12.875, 75.375, 1.6862867127860402e-23, nan 
13.125, 75.375, 1.637422811943196e-23, nan 
13.375, 75.375, 1.8210267079787666e-23, nan 
13.625, 75.375, 1.8953742054866243e-23, nan 
13.875, 75.375, 1.5375221740495327e-23, nan 
14.125, 75.375, 1.43494504547913e-23, nan 
14.375, 75.375, 2.348146899823409e-23, nan 
14.625, 75.375, 1.976666995147596e-23, nan 
14.875, 75.375, 2.840852926755889e-23, nan 
15.125, 75.375, 2.3001568753795325e-23, nan 
15.375, 75.375, 2.0690770138535363e-23, nan 
15.625, 75.375, 2.0603155510059077e-23, nan 
15.875, 75.375, 1.4105035321097757e-23, nan 
16.125, 75.375, 9.58330952390609e-24, nan 
16.375, 75.375, 7.35454595174802e-24, nan 
16.625, 75.375, 4.5778639362216775e-24, nan 
16.875, 75.375, 5.96724960197678e-24, nan 
17.125, 75.375, 5.227660198300361e-24, nan 
17.375, 75.375, 4.901026317691216e-24, nan 
17.625, 75.375, 3.594109658902273e-24, nan 
17.875, 75.375, 3.29621288929231e-24, nan 
18.125, 75.375, 1.925539706331023e-24, nan 
18.375, 75.375, 2.055673235281228e-24, nan 
18.625, 75.375, 3.311821835272809e-24, nan 
18.875, 75.375, 4.71310591131131e-24, nan 
19.125, 75.375, 2.8107101550847463e-24, nan 
19.375, 75.375, 3.534327351232184e-24, nan 
19.625, 75.375, 5.906254868976353e-24, nan 
19.875, 75.375, 2.246789001003468e-24, nan 
20.125, 75.375, 3.487743880069356e-24, nan 
20.375, 75.375, 4.437589447128888e-24, nan 
20.625, 75.375, 6.161771764547155e-24, nan 
20.875, 75.375, 3.8268247186749244e-24, nan 
21.125, 75.375, 6.665419086888216e-24, nan 
21.375, 75.375, 9.543537069356564e-24, nan 
21.625, 75.375, 6.3400541133471145e-24, nan 
21.875, 75.375, 4.6353886004043715e-24, nan 
22.125, 75.375, 4.732889635196235e-24, nan 
22.375, 75.375, 3.0143222887628753e-24, nan 
22.625, 75.375, 3.490026094844451e-24, nan 
22.875, 75.375, 3.495226664771973e-24, nan 
23.125, 75.375, 1.694904010399621e-24, nan 
23.375, 75.375, 2.0776208482425484e-24, nan 
23.625, 75.375, 1.76449972690365e-24, nan 
23.875, 75.375, 1.2502396153873615e-24, nan 
24.125, 75.375, 2.7420795167226506e-24, nan 
24.375, 75.375, 6.449244888145652e-25, nan 
24.625, 75.375, 1.3898683272251667e-24, nan 
24.875, 75.375, 2.859303348056771e-24, nan 
25.125, 75.375, 1.8675721513115147e-24, nan 
25.375, 75.375, 2.6453156916619433e-24, nan 
25.625, 75.375, 4.6980193411912345e-24, nan 
25.875, 75.375, 5.955859125286298e-24, nan 
26.125, 75.375, 4.832754167447725e-24, nan 
26.375, 75.375, 5.128023769831277e-24, nan 
26.625, 75.375, 7.562910050184063e-24, nan 
26.875, 75.375, 5.3615639248915364e-24, nan 
27.125, 75.375, 2.43307516734952e-24, nan 
27.375, 75.375, 3.774724611135133e-24, nan 
27.625, 75.375, 2.659739043069968e-24, nan 
27.875, 75.375, 2.287956090405741e-24, nan 
28.125, 75.375, 3.160100953128881e-24, nan 
28.375, 75.375, 2.6615959901424157e-24, nan 
28.625, 75.375, 3.572980995218416e-24, nan 
28.875, 75.375, 2.936557538997366e-24, nan 
29.125, 75.375, 3.570324401134679e-24, nan 
29.375, 75.375, 4.2517749939944364e-24, nan 
29.625, 75.375, 6.647725492506814e-24, nan 
29.875, 75.375, 4.198057725180562e-24, nan 
30.125, 75.375, 7.701457280879165e-24, nan 
30.375, 75.375, 1.2760905527527611e-23, nan 
30.625, 75.375, 3.8684200725612304e-24, nan 
30.875, 75.375, 4.0912889373891936e-24, nan 
31.125, 75.375, 7.28717326557308e-24, nan 
-95.125, 75.625, 5.04281056419267e-23, nan 
-94.875, 75.625, 8.310847836008079e-23, nan 
-94.625, 75.625, 6.665728047405955e-23, nan 
-94.375, 75.625, 8.006177040135727e-23, nan 
-94.125, 75.625, 5.551251516465015e-23, nan 
-93.875, 75.625, 4.9594330310134e-23, nan 
-93.625, 75.625, 6.569385529001962e-23, nan 
-93.375, 75.625, 7.301447069019384e-23, nan 
-93.125, 75.625, 8.867081008286751e-23, nan 
-92.875, 75.625, 6.907190857721416e-23, nan 
-92.625, 75.625, 9.572556219475677e-23, nan 
-92.375, 75.625, 1.3877598524779845e-22, nan 
-92.125, 75.625, 1.7830575116085097e-22, nan 
-91.875, 75.625, 1.6473864698161652e-22, nan 
-91.625, 75.625, 1.4498156270414254e-22, nan 
-91.375, 75.625, 1.5824710138073996e-22, nan 
-91.125, 75.625, 2.1662644006885537e-22, nan 
-90.875, 75.625, 2.0833729410773215e-22, nan 
-90.625, 75.625, 2.807749146801623e-22, nan 
-90.375, 75.625, 3.246137965828554e-22, nan 
-90.125, 75.625, 3.541136717203004e-22, nan 
-89.875, 75.625, 4.0087088411004357e-22, nan 
-89.625, 75.625, 5.347391979624736e-22, nan 
-89.375, 75.625, 5.077048054754421e-22, nan 
-89.125, 75.625, 5.704330151933979e-22, nan 
-88.875, 75.625, 5.410944405725469e-22, nan 
-88.625, 75.625, 4.522723719857022e-22, nan 
-88.375, 75.625, 4.2226790136314536e-22, nan 
-88.125, 75.625, 3.5624210951439775e-22, nan 
-87.875, 75.625, 3.6103911570171713e-22, nan 
-87.625, 75.625, 3.8872890415285426e-22, nan 
-87.375, 75.625, 2.619601947068659e-22, nan 
-87.125, 75.625, 1.876738849701016e-22, nan 
-86.875, 75.625, 2.375110054521493e-22, nan 
-86.625, 75.625, 1.756260352894381e-22, nan 
-86.375, 75.625, 1.8103253065477518e-22, nan 
-86.125, 75.625, 1.0123410529580815e-22, nan 
-85.875, 75.625, 1.7781851200898117e-22, nan 
-85.625, 75.625, 1.5011383836819268e-22, nan 
-85.375, 75.625, 1.8247504704600376e-22, nan 
-85.125, 75.625, 2.4715817103092367e-22, nan 
-84.875, 75.625, 2.9434154012235785e-22, nan 
-84.625, 75.625, 1.9305015959565217e-22, nan 
-84.375, 75.625, 2.147695469229023e-22, nan 
-84.125, 75.625, 1.511569944471244e-22, nan 
-83.875, 75.625, 2.3303258574925907e-22, nan 
-83.625, 75.625, 3.5023073432841216e-22, nan 
-83.375, 75.625, 3.3479930833074113e-22, nan 
-83.125, 75.625, 3.903965303895925e-22, nan 
-82.875, 75.625, 3.4420281869103285e-22, nan 
-82.625, 75.625, 2.609118398304422e-22, nan 
-82.375, 75.625, 1.5083504591071657e-22, nan 
-82.125, 75.625, 4.131371126758821e-22, nan 
-81.875, 75.625, 4.904539903261388e-22, nan 
-81.625, 75.625, 4.400525365646798e-22, nan 
-81.375, 75.625, 3.422876071627005e-22, nan 
-81.125, 75.625, 3.5174861432935856e-22, nan 
-80.875, 75.625, 2.9288318461337287e-22, nan 
-80.625, 75.625, 2.0520512585590463e-22, nan 
-80.375, 75.625, 1.8865757774470802e-22, nan 
-80.125, 75.625, 2.474503536269886e-22, nan 
-79.875, 75.625, 3.688200367897124e-22, nan 
-79.625, 75.625, 3.448024862741696e-22, nan 
-79.375, 75.625, 1.6659846417837006e-22, nan 
-79.125, 75.625, 1.7146197077369334e-22, nan 
-78.875, 75.625, 1.208980650152791e-22, nan 
-78.625, 75.625, 1.1511754112736657e-22, nan 
-78.375, 75.625, 1.1127996966536532e-22, nan 
-78.125, 75.625, 8.538161801974519e-23, nan 
-77.875, 75.625, 1.2428363903569254e-22, nan 
-77.625, 75.625, 1.362084984175577e-22, nan 
-77.375, 75.625, 3.168007095909571e-22, nan 
-77.125, 75.625, 2.7181498980388357e-22, nan 
-76.875, 75.625, 7.703317748610242e-23, nan 
-76.625, 75.625, 1.312948326992575e-22, nan 
-76.375, 75.625, 3.3665567028970357e-22, nan 
-76.125, 75.625, 2.5512805739658417e-22, nan 
-75.875, 75.625, 1.4496874323222672e-22, nan 
-75.625, 75.625, 1.4491841636726323e-22, nan 
-75.375, 75.625, 2.8517867749077843e-22, nan 
-75.125, 75.625, 4.102103711134051e-22, nan 
-74.875, 75.625, 4.307066274852892e-22, nan 
-74.625, 75.625, 4.16278721683753e-22, nan 
-74.375, 75.625, 3.8505468039506766e-22, nan 
-74.125, 75.625, 4.965062436045045e-22, nan 
-73.875, 75.625, 5.091847861710052e-22, nan 
-73.625, 75.625, 4.896630768315661e-22, nan 
-73.375, 75.625, 5.371801672580346e-22, nan 
-73.125, 75.625, 4.656157814198765e-22, nan 
-72.875, 75.625, 4.583353246230992e-22, nan 
-72.625, 75.625, 5.156221585795075e-22, nan 
-72.375, 75.625, 4.894288704305381e-22, nan 
-72.125, 75.625, 2.9927818805942763e-22, nan 
-71.875, 75.625, 4.269484398914103e-22, nan 
-71.625, 75.625, 4.185482740228964e-22, nan 
-71.375, 75.625, 4.214138993703687e-22, nan 
-71.125, 75.625, 3.6550042580226e-22, nan 
-70.875, 75.625, 3.6069130313163994e-22, nan 
-70.625, 75.625, 3.5045572588216966e-22, nan 
-70.375, 75.625, 4.2439311421011025e-22, nan 
-70.125, 75.625, 3.048263745768964e-22, nan 
-69.875, 75.625, 4.476404778664104e-22, nan 
-69.625, 75.625, 4.050148175764472e-22, nan 
-69.375, 75.625, 2.4504226753185004e-22, nan 
-69.125, 75.625, 3.356957742032157e-22, nan 
-68.875, 75.625, 3.295736848532814e-22, nan 
-68.625, 75.625, 3.445432302513014e-22, nan 
-68.375, 75.625, 3.986939325249917e-22, nan 
-68.125, 75.625, 2.8855392353371163e-22, nan 
-67.875, 75.625, 3.0809728636780577e-22, nan 
-67.625, 75.625, 4.265503793491725e-22, nan 
-67.375, 75.625, 4.603168684941175e-22, nan 
-67.125, 75.625, 6.18794311454079e-22, nan 
-66.875, 75.625, 6.110819595887413e-22, nan 
-66.625, 75.625, 6.484895888168348e-22, nan 
-66.375, 75.625, 6.266384503572901e-22, nan 
-66.125, 75.625, 6.600981469538399e-22, nan 
-65.875, 75.625, 5.380327945664726e-22, nan 
-65.625, 75.625, 4.578689752776371e-22, nan 
-65.375, 75.625, 3.488155225759889e-22, nan 
-65.125, 75.625, 2.8539258592590996e-22, nan 
-64.875, 75.625, 1.6891376964659832e-22, nan 
-64.625, 75.625, 1.9198428804114909e-22, nan 
-64.375, 75.625, 1.917188386346473e-22, nan 
-64.125, 75.625, 2.0158361873572706e-22, nan 
-63.875, 75.625, 2.251851147557082e-22, nan 
-63.625, 75.625, 2.496141533087516e-22, nan 
-63.375, 75.625, 2.525587030535469e-22, nan 
-63.125, 75.625, 2.7075076703410406e-22, nan 
-62.875, 75.625, 2.874865255740008e-22, nan 
-62.625, 75.625, 3.0274258984522975e-22, nan 
-62.375, 75.625, 3.1865516627971073e-22, nan 
-62.125, 75.625, 3.4902078051995125e-22, nan 
-61.875, 75.625, 3.9186426042294377e-22, nan 
-61.625, 75.625, 4.1514776343899866e-22, nan 
-61.375, 75.625, 3.900062188878681e-22, nan 
-61.125, 75.625, 3.8948696470680336e-22, nan 
-60.875, 75.625, 3.985355625396846e-22, nan 
-60.625, 75.625, 4.327519459406625e-22, nan 
-60.375, 75.625, 4.019565809654288e-22, nan 
-60.125, 75.625, 3.3544083202614517e-22, nan 
-59.875, 75.625, 3.1220381127878716e-22, nan 
-59.625, 75.625, 3.317437311351873e-22, nan 
-59.375, 75.625, 3.2185957533272965e-22, nan 
-59.125, 75.625, 2.9799309357190345e-22, nan 
-58.875, 75.625, 3.298958526012334e-22, nan 
-58.625, 75.625, 3.350737991723882e-22, nan 
-58.375, 75.625, 3.44204408732786e-22, nan 
-58.125, 75.625, 3.381156470476669e-22, nan 
-57.875, 75.625, 2.8931497438542627e-22, nan 
-57.625, 75.625, 2.6274294598778454e-22, nan 
-57.375, 75.625, 1.7596468924842296e-22, nan 
-57.125, 75.625, 1.6536910630144935e-22, nan 
-56.875, 75.625, 2.326200874987426e-22, nan 
-56.625, 75.625, 2.3228322558480404e-22, nan 
-56.375, 75.625, 2.8298860214332037e-22, nan 
-56.125, 75.625, 1.0815823914260468e-22, nan 
-55.875, 75.625, 6.340088844078913e-23, nan 
-55.625, 75.625, 9.157111773330249e-23, nan 
-55.375, 75.625, 1.3090016488892638e-22, nan 
-55.125, 75.625, 1.7953522814687766e-22, nan 
-54.875, 75.625, 1.2653754029630178e-22, nan 
-54.625, 75.625, 2.0400631130408608e-22, nan 
-54.375, 75.625, 2.0467331873058655e-22, nan 
-54.125, 75.625, 2.0153826843915136e-22, nan 
-53.875, 75.625, 2.3558407394662927e-22, nan 
-53.625, 75.625, 1.6505297654252668e-22, nan 
-53.375, 75.625, 1.5095138922343909e-22, nan 
-53.125, 75.625, 1.6622273591500885e-22, nan 
-52.875, 75.625, 1.355810328717748e-22, nan 
-52.625, 75.625, 1.1026755114959087e-22, nan 
-52.375, 75.625, 9.136392157065342e-23, nan 
-52.125, 75.625, 8.991401065988435e-23, nan 
-51.875, 75.625, 1.1308584418701434e-22, nan 
-51.625, 75.625, 1.2620773820430399e-22, nan 
-51.375, 75.625, 1.6945320899211262e-22, nan 
-51.125, 75.625, 1.4582025834656214e-22, nan 
-50.875, 75.625, 1.5972393214186547e-22, nan 
-50.625, 75.625, 1.1708804219810212e-22, nan 
-50.375, 75.625, 1.077274224540441e-22, nan 
-50.125, 75.625, 1.0488053552307186e-22, nan 
-49.875, 75.625, 1.0777909093525335e-22, nan 
-49.625, 75.625, 1.2544495031927495e-22, nan 
-49.375, 75.625, 1.1329317666009898e-22, nan 
-49.125, 75.625, 8.304402844729238e-23, nan 
-48.875, 75.625, 1.1845031566669802e-22, nan 
-48.625, 75.625, 9.634689068525245e-23, nan 
-48.375, 75.625, 1.2566024475697745e-22, nan 
-48.125, 75.625, 1.3514205331766423e-22, nan 
-47.875, 75.625, 9.220115558114909e-23, nan 
-47.625, 75.625, 1.1923030498232373e-22, nan 
-47.375, 75.625, 1.2642730962694535e-22, nan 
-47.125, 75.625, 1.3479963643908978e-22, nan 
-46.875, 75.625, 1.6246106620796945e-22, nan 
-46.625, 75.625, 6.518961650240612e-23, nan 
-46.375, 75.625, 1.3397788574933243e-22, nan 
-46.125, 75.625, 1.6632890466550552e-22, nan 
-45.875, 75.625, 3.4009449772996905e-23, nan 
-45.625, 75.625, 5.885243241603827e-23, nan 
-45.375, 75.625, 9.346147700909235e-23, nan 
-45.125, 75.625, 1.1979864899473972e-22, nan 
-44.875, 75.625, 1.3518985305945463e-22, nan 
-44.625, 75.625, 1.094979469924294e-22, nan 
-44.375, 75.625, 1.0091470388450727e-22, nan 
-44.125, 75.625, 1.0265107803516726e-22, nan 
-43.875, 75.625, 1.0017792608007639e-22, nan 
-43.625, 75.625, 8.529063085942501e-23, nan 
-43.375, 75.625, 9.594957995959323e-23, nan 
-43.125, 75.625, 1.1416614144849382e-22, nan 
-42.875, 75.625, 1.1990345220644468e-22, nan 
-42.625, 75.625, 1.2785628990143738e-22, nan 
-42.375, 75.625, 1.067070693925241e-22, nan 
-42.125, 75.625, 1.2072521806291597e-22, nan 
-41.875, 75.625, 1.0800369928030015e-22, nan 
-41.625, 75.625, 1.0195764913857652e-22, nan 
-41.375, 75.625, 1.6195385795845649e-22, nan 
-41.125, 75.625, 1.8614839614696942e-22, nan 
-40.875, 75.625, 8.855313710861491e-23, nan 
-40.625, 75.625, 4.73902419123721e-23, nan 
-40.375, 75.625, 8.942483128596147e-23, nan 
-40.125, 75.625, 8.854210982259465e-23, nan 
-39.875, 75.625, 7.732425153780735e-23, nan 
-39.625, 75.625, 1.2461736011457045e-22, nan 
-39.375, 75.625, 1.1977113629221558e-22, nan 
-39.125, 75.625, 1.6124268583559147e-22, nan 
-38.875, 75.625, 9.035540844444287e-23, nan 
-38.625, 75.625, 1.1916953674363352e-22, nan 
-38.375, 75.625, 2.529890709984702e-22, nan 
-38.125, 75.625, 2.6689941596198465e-22, nan 
-37.875, 75.625, 3.534894612466703e-22, nan 
-37.625, 75.625, 1.3606054034578057e-22, nan 
-37.375, 75.625, 4.265265980953166e-23, nan 
-37.125, 75.625, 1.097097622452789e-22, nan 
-36.875, 75.625, 1.0746611092561792e-22, nan 
-36.625, 75.625, 1.574182989690378e-22, nan 
-36.375, 75.625, 7.035304761209627e-23, nan 
-36.125, 75.625, 5.936471834672515e-23, nan 
-35.875, 75.625, 4.0868719210469844e-23, nan 
-35.625, 75.625, 5.388630269373786e-23, nan 
-35.375, 75.625, 6.111847298871412e-23, nan 
-35.125, 75.625, 7.213635417208559e-23, nan 
-34.875, 75.625, 6.61531924821346e-23, nan 
-34.625, 75.625, 7.586189043275808e-23, nan 
-34.375, 75.625, 9.811745887644007e-23, nan 
-34.125, 75.625, 1.1187470376999197e-22, nan 
-33.875, 75.625, 8.57851514193793e-23, nan 
-33.625, 75.625, 5.0829976675737906e-23, nan 
-33.375, 75.625, 5.2388251973661144e-23, nan 
-33.125, 75.625, 3.026056691418035e-23, nan 
-32.875, 75.625, 7.437748153260804e-23, nan 
-32.625, 75.625, 7.915240466057378e-23, nan 
-32.375, 75.625, 8.287621036982536e-23, nan 
-32.125, 75.625, 8.307429839495859e-23, nan 
-31.875, 75.625, 5.409041281093137e-23, nan 
-31.625, 75.625, 6.595697161303113e-23, nan 
-31.375, 75.625, 1.0554888209141987e-22, nan 
-31.125, 75.625, 1.2314386770109716e-22, nan 
-30.875, 75.625, 1.2825233214126023e-22, nan 
-30.625, 75.625, 9.739178770148983e-23, nan 
-30.375, 75.625, 4.998258766909976e-23, nan 
-30.125, 75.625, 5.578747878136961e-23, nan 
-29.875, 75.625, 8.959565430725537e-23, nan 
-29.625, 75.625, 8.445212322781334e-23, nan 
-29.375, 75.625, 6.753698330086668e-23, nan 
-29.125, 75.625, 4.077971849763607e-23, nan 
-28.875, 75.625, 2.752337392355056e-23, nan 
-28.625, 75.625, 3.4126947863431063e-23, nan 
-28.375, 75.625, 2.7835572809231256e-23, nan 
-28.125, 75.625, 2.955771387588189e-23, nan 
-27.875, 75.625, 9.946991411742802e-24, nan 
-27.625, 75.625, 1.2256305528233076e-23, nan 
-27.375, 75.625, 1.867014167522383e-23, nan 
-27.125, 75.625, 2.6778935332621375e-23, nan 
-26.875, 75.625, 2.1432737104021047e-23, nan 
-26.625, 75.625, 1.4412090232810847e-23, nan 
-26.375, 75.625, 2.2551288581097076e-23, nan 
-26.125, 75.625, 2.221961380010618e-23, nan 
-25.875, 75.625, 2.077086146075307e-23, nan 
-25.625, 75.625, 2.660477874700214e-23, nan 
-25.375, 75.625, 2.811412241435824e-23, nan 
-25.125, 75.625, 2.948731392210723e-23, nan 
-24.875, 75.625, 2.6304911508862405e-23, nan 
-24.625, 75.625, 2.6239660564839617e-23, nan 
-24.375, 75.625, 2.5817865913072998e-23, nan 
-24.125, 75.625, 2.0202107646232635e-23, nan 
-23.875, 75.625, 1.8680447300082454e-23, nan 
-23.625, 75.625, 1.552901904681476e-23, nan 
-23.375, 75.625, 7.381458043685493e-24, nan 
-23.125, 75.625, 5.935501124098733e-24, nan 
-22.875, 75.625, 7.382907449376685e-24, nan 
-22.625, 75.625, 4.472068155603442e-24, nan 
-22.375, 75.625, 1.5511658201842147e-23, nan 
-22.125, 75.625, 2.546780361850232e-23, nan 
-21.875, 75.625, 1.301051781025874e-23, nan 
-21.625, 75.625, 1.3086990757548097e-23, nan 
-21.375, 75.625, 1.7210855210674192e-23, nan 
-21.125, 75.625, 2.7827122870731745e-23, nan 
-20.875, 75.625, 3.005495788418982e-23, nan 
-20.625, 75.625, 1.9116428188118152e-23, nan 
-20.375, 75.625, 2.8630358092233e-23, nan 
-20.125, 75.625, 1.9506539543416665e-23, nan 
-19.875, 75.625, 1.4342517265843776e-23, nan 
-19.625, 75.625, 1.9390503496846094e-23, nan 
-19.375, 75.625, 1.8058200597709502e-23, nan 
-19.125, 75.625, 1.3291231724255087e-23, nan 
-18.875, 75.625, 1.2078167373340675e-23, nan 
-18.625, 75.625, 8.104242477492761e-24, nan 
-18.375, 75.625, 1.3740847385663464e-23, nan 
-18.125, 75.625, 1.4347949714601538e-23, nan 
-17.875, 75.625, 1.2528962609482232e-23, nan 
-17.625, 75.625, 9.114287969142627e-24, nan 
-17.375, 75.625, 1.8803614186705733e-23, nan 
-17.125, 75.625, 1.2310359728212876e-23, nan 
-16.875, 75.625, 8.043873144034598e-24, nan 
-16.625, 75.625, 8.324893992004931e-24, nan 
-16.375, 75.625, 1.1327162901860881e-23, nan 
-16.125, 75.625, 1.0803828403849936e-23, nan 
-15.875, 75.625, 1.455111212566855e-23, nan 
-15.625, 75.625, 1.6180542440002284e-23, nan 
-15.375, 75.625, 3.418254960429196e-23, nan 
-15.125, 75.625, 3.854662174191487e-23, nan 
-14.875, 75.625, 3.6580135666851335e-23, nan 
-14.625, 75.625, 3.686307730949961e-23, nan 
-14.375, 75.625, 4.4353047804028377e-23, nan 
-14.125, 75.625, 3.5449517784992895e-23, nan 
-13.875, 75.625, 3.054101190265516e-23, nan 
-13.625, 75.625, 2.827215574447385e-23, nan 
-13.375, 75.625, 2.3526801372491097e-23, nan 
-13.125, 75.625, 2.5262399196427275e-23, nan 
-12.875, 75.625, 2.632560984289892e-23, nan 
-12.625, 75.625, 2.6214641073209282e-23, nan 
-12.375, 75.625, 2.331681723307529e-23, nan 
-12.125, 75.625, 2.367278928947522e-23, nan 
-11.875, 75.625, 3.121868921159772e-23, nan 
-11.625, 75.625, 3.678507631840859e-23, nan 
-11.375, 75.625, 3.179981626140159e-23, nan 
-11.125, 75.625, 2.80279544715721e-23, nan 
-10.875, 75.625, 2.7899438408052647e-23, nan 
-10.625, 75.625, 3.16990186720783e-23, nan 
-10.375, 75.625, 3.6244805980264443e-23, nan 
-10.125, 75.625, 2.406858189920762e-23, nan 
-9.875, 75.625, 2.1610746746064623e-23, nan 
-9.625, 75.625, 2.417418870779539e-23, nan 
-9.375, 75.625, 2.3970874105212055e-23, nan 
-9.125, 75.625, 2.6054956002662115e-23, nan 
-8.875, 75.625, 3.0585847142078526e-23, nan 
-8.625, 75.625, 3.0512618640473294e-23, nan 
-8.375, 75.625, 2.047880952618192e-23, nan 
-8.125, 75.625, 2.696282020552421e-23, nan 
-7.875, 75.625, 2.5100028633617733e-23, nan 
-7.625, 75.625, 3.045815590914615e-23, nan 
-7.375, 75.625, 3.470692416351591e-23, nan 
-7.125, 75.625, 2.172898539553423e-23, nan 
-6.875, 75.625, 1.292934479227405e-23, nan 
-6.625, 75.625, 1.0923609274812153e-23, nan 
-6.375, 75.625, 1.4800988272430825e-23, nan 
-6.125, 75.625, 1.890451591647614e-23, nan 
-5.875, 75.625, 1.3122630735063202e-23, nan 
-5.625, 75.625, 1.2058178506952068e-23, nan 
-5.375, 75.625, 1.1247171708006757e-23, nan 
-5.125, 75.625, 1.2216136297355356e-23, nan 
-4.875, 75.625, 1.472465147443206e-23, nan 
-4.625, 75.625, 1.7977491134726585e-23, nan 
-4.375, 75.625, 2.557843574452674e-23, nan 
-4.125, 75.625, 2.1392077203828668e-23, nan 
-3.875, 75.625, 2.718420666456458e-23, nan 
-3.625, 75.625, 2.538035998607378e-23, nan 
-3.375, 75.625, 2.1893895457033952e-23, nan 
-3.125, 75.625, 4.7661177370984796e-24, nan 
-2.875, 75.625, 9.968215684539826e-24, nan 
-2.625, 75.625, 7.57438697412351e-24, nan 
-2.375, 75.625, 1.644116646676372e-23, nan 
-2.125, 75.625, 9.349719448056977e-24, nan 
-1.875, 75.625, 7.736330221842753e-24, nan 
-1.625, 75.625, 8.542124257765764e-24, nan 
-1.375, 75.625, 5.454634402120269e-24, nan 
-1.125, 75.625, 5.396398382601504e-24, nan 
-0.875, 75.625, 5.2843732899233805e-24, nan 
-0.625, 75.625, 5.946937109976305e-24, nan 
-0.375, 75.625, 5.4287138290617324e-24, nan 
-0.125, 75.625, 5.4793394438594764e-24, nan 
0.125, 75.625, 6.791070664556177e-24, nan 
0.375, 75.625, 4.7153454917292885e-24, nan 
0.625, 75.625, 6.920042726492083e-24, nan 
0.875, 75.625, 8.086357264873379e-24, nan 
1.125, 75.625, 6.124839766246506e-24, nan 
1.375, 75.625, 6.241872712171117e-24, nan 
1.625, 75.625, 5.5630690366706315e-24, nan 
1.875, 75.625, 5.940015002292569e-24, nan 
2.125, 75.625, 7.67874845961677e-24, nan 
2.375, 75.625, 7.519510001026505e-24, nan 
2.625, 75.625, 5.7765902190088705e-24, nan 
2.875, 75.625, 1.0120249093877388e-23, nan 
3.125, 75.625, 9.207739146962137e-24, nan 
3.375, 75.625, 3.408984125442426e-24, nan 
3.625, 75.625, 6.0014386107556815e-24, nan 
3.875, 75.625, 5.849148503122602e-24, nan 
4.125, 75.625, 5.008045450229672e-24, nan 
4.375, 75.625, 1.278755866161067e-23, nan 
4.625, 75.625, 1.2751611686502332e-23, nan 
4.875, 75.625, 9.028380594625654e-24, nan 
5.125, 75.625, 8.972638865325266e-24, nan 
5.375, 75.625, 7.556331121198073e-24, nan 
5.625, 75.625, 1.5190839652543375e-23, nan 
5.875, 75.625, 1.3131125133892849e-23, nan 
6.125, 75.625, 8.376571155111702e-24, nan 
6.375, 75.625, 8.101019582375648e-24, nan 
6.625, 75.625, 8.91314032394316e-24, nan 
6.875, 75.625, 5.326920812485013e-24, nan 
7.125, 75.625, 2.34116692311402e-24, nan 
7.375, 75.625, 2.7808112706439347e-24, nan 
7.625, 75.625, 2.790568632716523e-24, nan 
7.875, 75.625, 2.342260483743348e-24, nan 
8.125, 75.625, 2.481130525684474e-24, nan 
8.375, 75.625, 3.9428056106166516e-24, nan 
8.625, 75.625, 4.079958236298231e-24, nan 
8.875, 75.625, 2.6042462861622546e-24, nan 
9.125, 75.625, 2.7948021062951683e-24, nan 
9.375, 75.625, 2.9234044169240504e-24, nan 
9.625, 75.625, 3.918635793268516e-24, nan 
9.875, 75.625, 4.75439430000531e-24, nan 
10.125, 75.625, 3.500638515205785e-24, nan 
10.375, 75.625, 2.748347959138908e-24, nan 
10.625, 75.625, 2.097532144016978e-24, nan 
10.875, 75.625, 1.5822580640825827e-24, nan 
11.125, 75.625, 4.619398609123439e-24, nan 
11.375, 75.625, 8.703898509167691e-24, nan 
11.625, 75.625, 1.0971798361051881e-23, nan 
11.875, 75.625, 1.2358528002175016e-23, nan 
12.125, 75.625, 1.1679748888455041e-23, nan 
12.375, 75.625, 1.2033546380901196e-23, nan 
12.625, 75.625, 1.3901741580983578e-23, nan 
12.875, 75.625, 1.474995101763823e-23, nan 
13.125, 75.625, 1.4693935871235585e-23, nan 
13.375, 75.625, 1.638076174831341e-23, nan 
13.625, 75.625, 1.342363891427269e-23, nan 
13.875, 75.625, 1.040246056347462e-23, nan 
14.125, 75.625, 1.3766077929298192e-23, nan 
14.375, 75.625, 1.8553303098895065e-23, nan 
14.625, 75.625, 1.7982849445341685e-23, nan 
14.875, 75.625, 1.8203955116175634e-23, nan 
15.125, 75.625, 1.7698513367369552e-23, nan 
15.375, 75.625, 1.6353136813918334e-23, nan 
15.625, 75.625, 1.4964714063255077e-23, nan 
15.875, 75.625, 1.448714022699557e-23, nan 
16.125, 75.625, 1.4131400951461174e-23, nan 
16.375, 75.625, 1.2053527601794572e-23, nan 
16.625, 75.625, 9.348259385049188e-24, nan 
16.875, 75.625, 5.0175073700258045e-24, nan 
17.125, 75.625, 4.464325709079011e-24, nan 
17.375, 75.625, 3.877367748952056e-24, nan 
17.625, 75.625, 3.489106919455545e-24, nan 
17.875, 75.625, 2.6286135766444966e-24, nan 
18.125, 75.625, 2.4965693511540986e-24, nan 
18.375, 75.625, 1.4886649869983875e-24, nan 
18.625, 75.625, 2.1878444405387694e-24, nan 
18.875, 75.625, 3.0098508267709253e-24, nan 
19.125, 75.625, 2.377449974414117e-24, nan 
19.375, 75.625, 2.5887783087678164e-24, nan 
19.625, 75.625, 4.300241132712187e-24, nan 
19.875, 75.625, 2.8699554795644024e-24, nan 
20.125, 75.625, 3.3316781765701456e-24, nan 
20.375, 75.625, 3.798495878974648e-24, nan 
20.625, 75.625, 3.391187243127896e-24, nan 
20.875, 75.625, 2.9146393518853454e-24, nan 
21.125, 75.625, 5.001867487502979e-24, nan 
21.375, 75.625, 5.126165223561064e-24, nan 
21.625, 75.625, 3.910466842380931e-24, nan 
21.875, 75.625, 2.7398684211668686e-24, nan 
22.125, 75.625, 1.7755858154061125e-24, nan 
22.375, 75.625, 2.8302709496939396e-24, nan 
22.625, 75.625, 1.8296419146930556e-24, nan 
22.875, 75.625, 1.5103035260239676e-24, nan 
23.125, 75.625, 1.0934304232965902e-24, nan 
23.375, 75.625, 1.1089252065601908e-24, nan 
23.625, 75.625, 7.953261602870532e-25, nan 
23.875, 75.625, 7.679550615045048e-25, nan 
24.125, 75.625, 9.777184071751112e-25, nan 
24.375, 75.625, 1.0031207639331427e-24, nan 
24.625, 75.625, 1.0697832040437123e-24, nan 
24.875, 75.625, 1.3887715249012544e-24, nan 
25.125, 75.625, 1.761037707369037e-24, nan 
25.375, 75.625, 2.0730449191991808e-24, nan 
25.625, 75.625, 1.517407137699751e-24, nan 
25.875, 75.625, 1.9304791994758757e-24, nan 
26.125, 75.625, 1.8371288894324213e-24, nan 
26.375, 75.625, 3.2612441154002037e-24, nan 
26.625, 75.625, 4.160601641316589e-24, nan 
26.875, 75.625, 3.599177080547902e-24, nan 
27.125, 75.625, 2.2851523170752744e-24, nan 
27.375, 75.625, 2.0176977223518895e-24, nan 
27.625, 75.625, 2.6258951246112645e-24, nan 
27.875, 75.625, 2.0253046476257917e-24, nan 
28.125, 75.625, 2.762374156220415e-24, nan 
28.375, 75.625, 2.8143267642197972e-24, nan 
28.625, 75.625, 3.718839594241439e-24, nan 
28.875, 75.625, 3.0651437852998065e-24, nan 
29.125, 75.625, 3.0797125830215893e-24, nan 
29.375, 75.625, 2.0628420410023177e-24, nan 
29.625, 75.625, 2.01139634341456e-24, nan 
29.875, 75.625, 3.3059188428241314e-24, nan 
30.125, 75.625, 3.924227772199608e-24, nan 
30.375, 75.625, 5.688232523946377e-24, nan 
30.625, 75.625, 3.190388865546443e-24, nan 
30.875, 75.625, 1.1647267644457769e-24, nan 
31.125, 75.625, 6.341824116220852e-25, nan 
31.375, 75.625, 7.660157027293862e-25, nan 
31.625, 75.625, 6.58668165386107e-25, nan 
31.875, 75.625, 2.1850906756435436e-24, nan 
32.125, 75.625, 1.776353316313445e-24, nan 
32.375, 75.625, 7.831686133092179e-25, nan 
-95.375, 75.875, 6.758560454843739e-23, nan 
-95.125, 75.875, 7.996149246883738e-23, nan 
-94.875, 75.875, 9.039185537343077e-23, nan 
-94.625, 75.875, 7.661391970069634e-23, nan 
-94.375, 75.875, 1.1595186505338342e-22, nan 
-94.125, 75.875, 1.2566710207250983e-22, nan 
-93.875, 75.875, 6.046237891989896e-23, nan 
-93.625, 75.875, 4.259322803063731e-23, nan 
-93.375, 75.875, 4.2616146067591337e-23, nan 
-93.125, 75.875, 1.0653703878430282e-22, nan 
-92.875, 75.875, 1.182459626904899e-22, nan 
-92.625, 75.875, 1.5381366228289435e-22, nan 
-92.375, 75.875, 1.4043157811569094e-22, nan 
-92.125, 75.875, 1.3752216899270842e-22, nan 
-91.875, 75.875, 2.001980896949066e-22, nan 
-91.625, 75.875, 2.17299172930406e-22, nan 
-91.375, 75.875, 2.5006396637769886e-22, nan 
-91.125, 75.875, 3.0660318095187377e-22, nan 
-90.875, 75.875, 4.620462486521305e-22, nan 
-90.625, 75.875, 4.568135585061702e-22, nan 
-90.375, 75.875, 6.154104921744028e-22, nan 
-90.125, 75.875, 7.604764651567025e-22, nan 
-89.875, 75.875, 6.828298040171553e-22, nan 
-89.625, 75.875, 6.876636904842081e-22, nan 
-89.375, 75.875, 7.231513495586199e-22, nan 
-89.125, 75.875, 8.030143421767027e-22, nan 
-88.875, 75.875, 8.756771197474677e-22, nan 
-88.625, 75.875, 8.400172151195268e-22, nan 
-88.375, 75.875, 6.805627725335734e-22, nan 
-88.125, 75.875, 4.76684010684387e-22, nan 
-87.875, 75.875, 3.593345116848874e-22, nan 
-87.625, 75.875, 2.4846406640212943e-22, nan 
-87.375, 75.875, 1.627672360909488e-22, nan 
-87.125, 75.875, 1.554129291250307e-22, nan 
-86.875, 75.875, 1.294942751218372e-22, nan 
-86.625, 75.875, 1.325493462894737e-22, nan 
-86.375, 75.875, 1.8386372029785044e-22, nan 
-86.125, 75.875, 1.2222114977954433e-22, nan 
-85.875, 75.875, 1.418354300597116e-22, nan 
-85.625, 75.875, 1.4745681679457172e-22, nan 
-85.375, 75.875, 1.3571757069730344e-22, nan 
-85.125, 75.875, 1.510302552219938e-22, nan 
-84.875, 75.875, 1.8652095559871293e-22, nan 
-84.625, 75.875, 1.8261385286662766e-22, nan 
-84.375, 75.875, 2.266742763224709e-22, nan 
-84.125, 75.875, 2.4123824196823056e-22, nan 
-83.875, 75.875, 1.7965210072182815e-22, nan 
-83.625, 75.875, 1.4990936079323567e-22, nan 
-83.375, 75.875, 1.3068895811203017e-22, nan 
-83.125, 75.875, 1.923829860167952e-22, nan 
-82.875, 75.875, 2.924295760666375e-22, nan 
-82.625, 75.875, 2.4617307825412814e-22, nan 
-82.375, 75.875, 2.8082380618375875e-22, nan 
-82.125, 75.875, 3.3593243882854634e-22, nan 
-81.875, 75.875, 3.6302266646785777e-22, nan 
-81.625, 75.875, 3.2428444530129803e-22, nan 
-81.375, 75.875, 2.588818659698398e-22, nan 
-81.125, 75.875, 2.7521438102717415e-22, nan 
-80.875, 75.875, 3.1342196013303407e-22, nan 
-80.625, 75.875, 3.491921155580363e-22, nan 
-80.375, 75.875, 2.7566231136209045e-22, nan 
-80.125, 75.875, 2.5758763529315634e-22, nan 
-79.875, 75.875, 2.245921800843617e-22, nan 
-79.625, 75.875, 1.9598099848629359e-22, nan 
-79.375, 75.875, 1.7560040091320286e-22, nan 
-79.125, 75.875, 2.0049086718619748e-22, nan 
-78.875, 75.875, 1.8028347431851393e-22, nan 
-78.625, 75.875, 1.0077210599263288e-22, nan 
-78.375, 75.875, 1.0537428762218833e-22, nan 
-78.125, 75.875, 1.5213175727339492e-22, nan 
-77.875, 75.875, 1.95121805884483e-22, nan 
-77.625, 75.875, 1.1860215371248894e-22, nan 
-77.375, 75.875, 1.3082271657047016e-22, nan 
-77.125, 75.875, 1.6916956198754636e-22, nan 
-76.875, 75.875, 1.1459293585639163e-22, nan 
-76.625, 75.875, 1.8186032989887187e-22, nan 
-76.375, 75.875, 1.075264202121513e-22, nan 
-76.125, 75.875, 8.160893276110518e-23, nan 
-75.875, 75.875, 1.440951871706675e-22, nan 
-75.625, 75.875, 2.465039468843622e-22, nan 
-75.375, 75.875, 3.2410599744247863e-22, nan 
-75.125, 75.875, 6.759984060222578e-22, nan 
-74.875, 75.875, 3.2532946028926314e-22, nan 
-74.625, 75.875, 4.703541947791434e-22, nan 
-74.375, 75.875, 3.7463411998237324e-22, nan 
-74.125, 75.875, 5.489360873696776e-22, nan 
-73.875, 75.875, 3.9014689356729562e-22, nan 
-73.625, 75.875, 3.965291848885979e-22, nan 
-73.375, 75.875, 3.9206836325637927e-22, nan 
-73.125, 75.875, 3.72294865511876e-22, nan 
-72.875, 75.875, 4.267336477803754e-22, nan 
-72.625, 75.875, 3.8111250816101985e-22, nan 
-72.375, 75.875, 3.4510280906981867e-22, nan 
-72.125, 75.875, 3.004609270033356e-22, nan 
-71.875, 75.875, 3.179999809633295e-22, nan 
-71.625, 75.875, 3.0998523851008027e-22, nan 
-71.375, 75.875, 2.2944973109116376e-22, nan 
-71.125, 75.875, 2.4425500862680253e-22, nan 
-70.875, 75.875, 2.4545148734876022e-22, nan 
-70.625, 75.875, 2.232840840879751e-22, nan 
-70.375, 75.875, 2.2244137452368253e-22, nan 
-70.125, 75.875, 2.8837927593034926e-22, nan 
-69.875, 75.875, 1.920663416522181e-22, nan 
-69.625, 75.875, 1.936288531522834e-22, nan 
-69.375, 75.875, 1.7778502119942488e-22, nan 
-69.125, 75.875, 3.349297446581921e-22, nan 
-68.875, 75.875, 3.2370549195851427e-22, nan 
-68.625, 75.875, 2.298626008739507e-22, nan 
-68.375, 75.875, 2.290622751653653e-22, nan 
-68.125, 75.875, 2.203835595692229e-22, nan 
-67.875, 75.875, 2.53552570566363e-22, nan 
-67.625, 75.875, 3.7686849684967086e-22, nan 
-67.375, 75.875, 4.097634911069891e-22, nan 
-67.125, 75.875, 3.7948188146366452e-22, nan 
-66.875, 75.875, 3.886953090785596e-22, nan 
-66.625, 75.875, 5.047537599174459e-22, nan 
-66.375, 75.875, 6.092709537412772e-22, nan 
-66.125, 75.875, 6.668687476837533e-22, nan 
-65.875, 75.875, 6.9529458730799e-22, nan 
-65.625, 75.875, 6.610496709468775e-22, nan 
-65.375, 75.875, 6.572706271069349e-22, nan 
-65.125, 75.875, 4.6846679178779125e-22, nan 
-64.875, 75.875, 4.890980741742574e-22, nan 
-64.625, 75.875, 3.2466343016590997e-22, nan 
-64.375, 75.875, 3.459599128909992e-22, nan 
-64.125, 75.875, 2.646145981738278e-22, nan 
-63.875, 75.875, 3.2833406717193826e-22, nan 
-63.625, 75.875, 3.065451949205063e-22, nan 
-63.375, 75.875, 3.0945342818898595e-22, nan 
-63.125, 75.875, 3.3233204241485825e-22, nan 
-62.875, 75.875, 3.656720809712769e-22, nan 
-62.625, 75.875, 3.7562540357069968e-22, nan 
-62.375, 75.875, 4.285850817564667e-22, nan 
-62.125, 75.875, 4.440127902553456e-22, nan 
-61.875, 75.875, 5.206746355061378e-22, nan 
-61.625, 75.875, 4.733637069231007e-22, nan 
-61.375, 75.875, 4.240721893499198e-22, nan 
-61.125, 75.875, 4.055239669587451e-22, nan 
-60.875, 75.875, 3.79747590423221e-22, nan 
-60.625, 75.875, 3.7466564911332234e-22, nan 
-60.375, 75.875, 2.952465297886848e-22, nan 
-60.125, 75.875, 2.3569266590538454e-22, nan 
-59.875, 75.875, 2.3515575905422005e-22, nan 
-59.625, 75.875, 2.1551154248729222e-22, nan 
-59.375, 75.875, 1.6581595218022825e-22, nan 
-59.125, 75.875, 2.0288347390438376e-22, nan 
-58.875, 75.875, 1.8724868074765722e-22, nan 
-58.625, 75.875, 1.684353481686538e-22, nan 
-58.375, 75.875, 1.7636356866767978e-22, nan 
-58.125, 75.875, 1.6145198599498944e-22, nan 
-57.875, 75.875, 1.7021400165711351e-22, nan 
-57.625, 75.875, 1.4789095419694587e-22, nan 
-57.375, 75.875, 1.8253843593182699e-22, nan 
-57.125, 75.875, 1.9926224391044994e-22, nan 
-56.875, 75.875, 1.803758641511068e-22, nan 
-56.625, 75.875, 2.0620323508074568e-22, nan 
-56.375, 75.875, 2.816784903147703e-22, nan 
-56.125, 75.875, 2.6766729631203247e-22, nan 
-55.875, 75.875, 2.734537463201729e-22, nan 
-55.625, 75.875, 1.8894705644748151e-22, nan 
-55.375, 75.875, 1.296925982987299e-22, nan 
-55.125, 75.875, 1.583413217755869e-22, nan 
-54.875, 75.875, 1.71491917779476e-22, nan 
-54.625, 75.875, 2.413941542405334e-22, nan 
-54.375, 75.875, 2.294554576168408e-22, nan 
-54.125, 75.875, 1.9441323501482278e-22, nan 
-53.875, 75.875, 2.8418838166140153e-22, nan 
-53.625, 75.875, 2.716566292324404e-22, nan 
-53.375, 75.875, 1.7190484347821593e-22, nan 
-53.125, 75.875, 1.4351632565629183e-22, nan 
-52.875, 75.875, 1.1303370311155188e-22, nan 
-52.625, 75.875, 1.5661323974040353e-22, nan 
-52.375, 75.875, 1.7737731535518596e-22, nan 
-52.125, 75.875, 1.077182988802656e-22, nan 
-51.875, 75.875, 5.890357050138711e-23, nan 
-51.625, 75.875, 4.756722170692556e-23, nan 
-51.375, 75.875, 3.5680399596233334e-23, nan 
-51.125, 75.875, 2.1603941614592483e-23, nan 
-50.875, 75.875, 2.192948836859715e-23, nan 
-50.625, 75.875, 5.867194986820453e-23, nan 
-50.375, 75.875, 8.88607870923854e-23, nan 
-50.125, 75.875, 8.001722845773022e-23, nan 
-49.875, 75.875, 1.1745011452380415e-22, nan 
-49.625, 75.875, 1.2379481420490876e-22, nan 
-49.375, 75.875, 9.244327880002838e-23, nan 
-49.125, 75.875, 6.554687612965105e-23, nan 
-48.875, 75.875, 6.318532062998321e-23, nan 
-48.625, 75.875, 7.270275321380277e-23, nan 
-48.375, 75.875, 8.887241570273721e-23, nan 
-48.125, 75.875, 1.3697347378173047e-22, nan 
-47.875, 75.875, 1.3704030310317772e-22, nan 
-47.625, 75.875, 1.5337588789519863e-22, nan 
-47.375, 75.875, 1.5857530545841353e-22, nan 
-47.125, 75.875, 1.3372479333797948e-22, nan 
-46.875, 75.875, 1.2951142538028741e-22, nan 
-46.625, 75.875, 1.077094538902197e-22, nan 
-46.375, 75.875, 1.1412936270772228e-22, nan 
-46.125, 75.875, 1.637968994980958e-22, nan 
-45.875, 75.875, 1.1241709232533936e-22, nan 
-45.625, 75.875, 1.7786688244650149e-22, nan 
-45.375, 75.875, 1.2024217139548148e-22, nan 
-45.125, 75.875, 6.730907001189898e-23, nan 
-44.875, 75.875, 7.160535437785343e-23, nan 
-44.625, 75.875, 8.45145402482875e-23, nan 
-44.375, 75.875, 9.735636172040685e-23, nan 
-44.125, 75.875, 7.647313574040054e-23, nan 
-43.875, 75.875, 6.745756822654183e-23, nan 
-43.625, 75.875, 7.796489817132043e-23, nan 
-43.375, 75.875, 1.0525968082360782e-22, nan 
-43.125, 75.875, 9.546859675239743e-23, nan 
-42.875, 75.875, 8.964038627292956e-23, nan 
-42.625, 75.875, 1.099552873486051e-22, nan 
-42.375, 75.875, 1.3392728880037086e-22, nan 
-42.125, 75.875, 1.6491495501628537e-22, nan 
-41.875, 75.875, 1.3579891110187463e-22, nan 
-41.625, 75.875, 5.0414758937552854e-23, nan 
-41.375, 75.875, 5.527737734123615e-23, nan 
-41.125, 75.875, 8.460938782285715e-23, nan 
-40.875, 75.875, 1.0416769410809752e-22, nan 
-40.625, 75.875, 1.0144086710198472e-22, nan 
-40.375, 75.875, 9.720639501914866e-23, nan 
-40.125, 75.875, 8.784157192134192e-23, nan 
-39.875, 75.875, 6.985582095919666e-23, nan 
-39.625, 75.875, 2.660166098209549e-23, nan 
-39.375, 75.875, 5.185389602501522e-23, nan 
-39.125, 75.875, 8.071579833952549e-23, nan 
-38.875, 75.875, 9.512980682046327e-23, nan 
-38.625, 75.875, 1.3132606699382763e-22, nan 
-38.375, 75.875, 2.0135793990251122e-22, nan 
-38.125, 75.875, 1.6284369665250535e-22, nan 
-37.875, 75.875, 1.7590717378914027e-22, nan 
-37.625, 75.875, 1.3333892375121915e-22, nan 
-37.375, 75.875, 1.4827705860901353e-22, nan 
-37.125, 75.875, 1.0136044052611216e-22, nan 
-36.875, 75.875, 5.2146409606274366e-23, nan 
-36.625, 75.875, 3.748300151347969e-23, nan 
-36.375, 75.875, 2.395699515881044e-23, nan 
-36.125, 75.875, 6.563851611654844e-23, nan 
-35.875, 75.875, 5.766791263650309e-23, nan 
-35.625, 75.875, 7.999804027833181e-23, nan 
-35.375, 75.875, 7.239551583944975e-23, nan 
-35.125, 75.875, 5.679711803153219e-23, nan 
-34.875, 75.875, 5.900676565443694e-23, nan 
-34.625, 75.875, 7.883726169451217e-23, nan 
-34.375, 75.875, 1.1282478045667996e-22, nan 
-34.125, 75.875, 1.1964811984314665e-22, nan 
-33.875, 75.875, 9.220704345824183e-23, nan 
-33.625, 75.875, 6.217638632178147e-23, nan 
-33.375, 75.875, 5.728849900422334e-23, nan 
-33.125, 75.875, 5.744703028555835e-23, nan 
-32.875, 75.875, 9.289507549550986e-23, nan 
-32.625, 75.875, 8.545270974694998e-23, nan 
-32.375, 75.875, 7.366168006349912e-23, nan 
-32.125, 75.875, 7.935342331692933e-23, nan 
-31.875, 75.875, 7.884362934187102e-23, nan 
-31.625, 75.875, 5.374659885788024e-23, nan 
-31.375, 75.875, 2.930682249029732e-23, nan 
-31.125, 75.875, 9.283077698758994e-23, nan 
-30.875, 75.875, 9.66180508611601e-23, nan 
-30.625, 75.875, 1.0237000325448535e-22, nan 
-30.375, 75.875, 6.635612645050475e-23, nan 
-30.125, 75.875, 3.785510778719146e-23, nan 
-29.875, 75.875, 7.004827846038387e-23, nan 
-29.625, 75.875, 6.071857388296331e-23, nan 
-29.375, 75.875, 6.873558700115119e-23, nan 
-29.125, 75.875, 5.097795405316634e-23, nan 
-28.875, 75.875, 3.405383866054597e-23, nan 
-28.625, 75.875, 2.2430279371967097e-23, nan 
-28.375, 75.875, 1.924629347846248e-23, nan 
-28.125, 75.875, 2.887260256542419e-23, nan 
-27.875, 75.875, 3.0709364362219814e-23, nan 
-27.625, 75.875, 3.643310974417506e-23, nan 
-27.375, 75.875, 5.2046341507364917e-23, nan 
-27.125, 75.875, 2.9810969927942934e-23, nan 
-26.875, 75.875, 2.8932962608129026e-23, nan 
-26.625, 75.875, 2.926602014322819e-23, nan 
-26.375, 75.875, 3.088165014769307e-23, nan 
-26.125, 75.875, 2.196917737693602e-23, nan 
-25.875, 75.875, 2.5786378573667885e-23, nan 
-25.625, 75.875, 2.0503989703516068e-23, nan 
-25.375, 75.875, 2.0139132662808963e-23, nan 
-25.125, 75.875, 2.574873685257919e-23, nan 
-24.875, 75.875, 2.7503368397042244e-23, nan 
-24.625, 75.875, 2.5685951350126325e-23, nan 
-24.375, 75.875, 1.570781878514999e-23, nan 
-24.125, 75.875, 1.0395254224713004e-23, nan 
-23.875, 75.875, 2.2965567134223552e-23, nan 
-23.625, 75.875, 2.6232983484413884e-23, nan 
-23.375, 75.875, 1.8256274391845276e-23, nan 
-23.125, 75.875, 4.5043929453985746e-24, nan 
-22.875, 75.875, 2.9745479314624307e-24, nan 
-22.625, 75.875, 1.0547455427947712e-23, nan 
-22.375, 75.875, 1.6487763044176226e-23, nan 
-22.125, 75.875, 1.609564005054526e-23, nan 
-21.875, 75.875, 1.4740065262422067e-23, nan 
-21.625, 75.875, 2.0509908198901043e-23, nan 
-21.375, 75.875, 2.069954832270924e-23, nan 
-21.125, 75.875, 2.692903692637716e-23, nan 
-20.875, 75.875, 2.209082546591784e-23, nan 
-20.625, 75.875, 1.8996183286371073e-23, nan 
-20.375, 75.875, 1.7489915781990677e-23, nan 
-20.125, 75.875, 1.921729703019271e-23, nan 
-19.875, 75.875, 1.8636517140942336e-23, nan 
-19.625, 75.875, 1.97609660840302e-23, nan 
-19.375, 75.875, 1.8317370612216105e-23, nan 
-19.125, 75.875, 1.1312605874238363e-23, nan 
-18.875, 75.875, 1.4982355247033303e-23, nan 
-18.625, 75.875, 1.8971832991604917e-23, nan 
-18.375, 75.875, 1.5640556821315083e-23, nan 
-18.125, 75.875, 1.6667040114671527e-23, nan 
-17.875, 75.875, 1.4152970007687667e-23, nan 
-17.625, 75.875, 1.5823803314749e-23, nan 
-17.375, 75.875, 2.4130325085179734e-23, nan 
-17.125, 75.875, 3.0434319744141735e-23, nan 
-16.875, 75.875, 1.7159432615531836e-23, nan 
-16.625, 75.875, 2.2483399020197156e-23, nan 
-16.375, 75.875, 2.347291042671683e-23, nan 
-16.125, 75.875, 3.0215115523177495e-23, nan 
-15.875, 75.875, 3.35100753637159e-23, nan 
-15.625, 75.875, 3.311920123002801e-23, nan 
-15.375, 75.875, 3.1945333317791936e-23, nan 
-15.125, 75.875, 3.309390417374187e-23, nan 
-14.875, 75.875, 3.495703268257218e-23, nan 
-14.625, 75.875, 2.8537615631285513e-23, nan 
-14.375, 75.875, 2.955279764930932e-23, nan 
-14.125, 75.875, 2.946096471440341e-23, nan 
-13.875, 75.875, 2.475275424018534e-23, nan 
-13.625, 75.875, 2.6602496222077626e-23, nan 
-13.375, 75.875, 2.7537815911376707e-23, nan 
-13.125, 75.875, 2.1661035708014185e-23, nan 
-12.875, 75.875, 2.2691401892411014e-23, nan 
-12.625, 75.875, 2.1186618426381672e-23, nan 
-12.375, 75.875, 2.190038562215118e-23, nan 
-12.125, 75.875, 2.284410590797318e-23, nan 
-11.875, 75.875, 1.8990152295135233e-23, nan 
-11.625, 75.875, 2.1826921465777323e-23, nan 
-11.375, 75.875, 2.5995792891082556e-23, nan 
-11.125, 75.875, 2.68480710717192e-23, nan 
-10.875, 75.875, 2.8330743769633935e-23, nan 
-10.625, 75.875, 2.617563757037116e-23, nan 
-10.375, 75.875, 2.7303948458204895e-23, nan 
-10.125, 75.875, 2.0700313536800873e-23, nan 
-9.875, 75.875, 2.0825937519669912e-23, nan 
-9.625, 75.875, 2.8323135228734825e-23, nan 
-9.375, 75.875, 2.1973694425467694e-23, nan 
-9.125, 75.875, 2.5794782419174635e-23, nan 
-8.875, 75.875, 2.933955381049662e-23, nan 
-8.625, 75.875, 4.355885333695012e-23, nan 
-8.375, 75.875, 2.8001552349477926e-23, nan 
-8.125, 75.875, 2.5424093720307826e-23, nan 
-7.875, 75.875, 2.685293231448386e-23, nan 
-7.625, 75.875, 2.6837355998265154e-23, nan 
-7.375, 75.875, 4.9834445579112355e-23, nan 
-7.125, 75.875, 3.012797469417256e-23, nan 
-6.875, 75.875, 1.925149458255292e-23, nan 
-6.625, 75.875, 9.77197408921901e-24, nan 
-6.375, 75.875, 1.1963664947903389e-23, nan 
-6.125, 75.875, 1.9481543882289545e-23, nan 
-5.875, 75.875, 1.3525029613730022e-23, nan 
-5.625, 75.875, 1.0447773377484995e-23, nan 
-5.375, 75.875, 9.618572318915619e-24, nan 
-5.125, 75.875, 1.0025369990372461e-23, nan 
-4.875, 75.875, 8.870262476788564e-24, nan 
-4.625, 75.875, 6.572762889859391e-24, nan 
-4.375, 75.875, 1.3385929421697188e-23, nan 
-4.125, 75.875, 1.3046679722850601e-23, nan 
-3.875, 75.875, 1.8569258784537137e-23, nan 
-3.625, 75.875, 2.4542536631400062e-23, nan 
-3.375, 75.875, 2.2239190552602376e-23, nan 
-3.125, 75.875, 1.0919195718875642e-23, nan 
-2.875, 75.875, 9.233502750248454e-24, nan 
-2.625, 75.875, 1.3080891401087801e-23, nan 
-2.375, 75.875, 2.5838324695013731e-23, nan 
-2.125, 75.875, 1.7413036155639353e-23, nan 
-1.875, 75.875, 1.1928944737834446e-23, nan 
-1.625, 75.875, 5.37343585324575e-24, nan 
-1.375, 75.875, 6.199675514966562e-24, nan 
-1.125, 75.875, 7.72259603387351e-24, nan 
-0.875, 75.875, 2.4993198941670968e-24, nan 
-0.625, 75.875, 3.9797719749628406e-24, nan 
-0.375, 75.875, 3.7416270448849566e-24, nan 
-0.125, 75.875, 6.84293360276767e-24, nan 
0.125, 75.875, 6.3238090736670116e-24, nan 
0.375, 75.875, 4.489778474894877e-24, nan 
0.625, 75.875, 4.38433042927006e-24, nan 
0.875, 75.875, 6.003612600842325e-24, nan 
1.125, 75.875, 4.743783837543758e-24, nan 
1.375, 75.875, 6.537055054501343e-24, nan 
1.625, 75.875, 6.013249019504716e-24, nan 
1.875, 75.875, 5.568151053510959e-24, nan 
2.125, 75.875, 6.106955623318136e-24, nan 
2.375, 75.875, 8.20387109321368e-24, nan 
2.625, 75.875, 1.4869127960380172e-23, nan 
2.875, 75.875, 2.6919943431781736e-23, nan 
3.125, 75.875, 2.5057008298298823e-23, nan 
3.375, 75.875, 2.099015595749398e-23, nan 
3.625, 75.875, 1.1760638082838598e-23, nan 
3.875, 75.875, 7.114693732503865e-24, nan 
4.125, 75.875, 8.830281483623473e-24, nan 
4.375, 75.875, 8.716355674180788e-24, nan 
4.625, 75.875, 1.1618592663368485e-23, nan 
4.875, 75.875, 1.0301618780615141e-23, nan 
5.125, 75.875, 1.1501499929608911e-23, nan 
5.375, 75.875, 1.2394138856001674e-23, nan 
5.625, 75.875, 1.4650881787668564e-23, nan 
5.875, 75.875, 1.4332773551595443e-23, nan 
6.125, 75.875, 1.1053240140906463e-23, nan 
6.375, 75.875, 1.2576946832187967e-23, nan 
6.625, 75.875, 1.5340702952476587e-23, nan 
6.875, 75.875, 1.2580958895160808e-23, nan 
7.125, 75.875, 7.728502471914643e-24, nan 
7.375, 75.875, 3.0958403455768552e-24, nan 
7.625, 75.875, 3.854795153411086e-24, nan 
7.875, 75.875, 3.724846858907889e-24, nan 
8.125, 75.875, 2.766269858989673e-24, nan 
8.375, 75.875, 3.2587643097367797e-24, nan 
8.625, 75.875, 4.3677264553856574e-24, nan 
8.875, 75.875, 3.523117892633451e-24, nan 
9.125, 75.875, 2.0708925987359182e-24, nan 
9.375, 75.875, 2.8900988010684646e-24, nan 
9.625, 75.875, 1.4488537358156386e-24, nan 
9.875, 75.875, 2.7952728652266735e-24, nan 
10.125, 75.875, 2.648279640541145e-24, nan 
10.375, 75.875, 1.8372117216617285e-24, nan 
10.625, 75.875, 2.1845689184637945e-24, nan 
10.875, 75.875, 4.713570266023517e-25, nan 
11.125, 75.875, 1.29809002788968e-24, nan 
11.375, 75.875, 1.5274875267087651e-24, nan 
11.625, 75.875, 3.456271485760081e-24, nan 
11.875, 75.875, 5.8501318578991544e-24, nan 
12.125, 75.875, 3.882284840773702e-24, nan 
12.375, 75.875, 9.972989638759054e-24, nan 
12.625, 75.875, 1.1439994776676323e-23, nan 
12.875, 75.875, 1.0497908487836276e-23, nan 
13.125, 75.875, 1.2758480155418823e-23, nan 
13.375, 75.875, 1.2971735509440271e-23, nan 
13.625, 75.875, 1.6601042911646973e-23, nan 
13.875, 75.875, 1.763077705480857e-23, nan 
14.125, 75.875, 1.5616453403127223e-23, nan 
14.375, 75.875, 1.508321602386214e-23, nan 
14.625, 75.875, 1.371397120087101e-23, nan 
14.875, 75.875, 1.3671065822530817e-23, nan 
15.125, 75.875, 1.3843776493833523e-23, nan 
15.375, 75.875, 1.2361262516910162e-23, nan 
15.625, 75.875, 9.599000638251699e-24, nan 
15.875, 75.875, 7.458544244897419e-24, nan 
16.125, 75.875, 7.149485322190191e-24, nan 
16.375, 75.875, 4.6638579663551345e-24, nan 
16.625, 75.875, 3.00659931773724e-24, nan 
16.875, 75.875, 2.8100800713964838e-24, nan 
17.125, 75.875, 3.771065309986293e-24, nan 
17.375, 75.875, 3.954790586588495e-24, nan 
17.625, 75.875, 5.475665066374297e-24, nan 
17.875, 75.875, 2.5092705586889863e-24, nan 
18.125, 75.875, 3.0141527387287333e-24, nan 
18.375, 75.875, 4.8755492013179415e-24, nan 
18.625, 75.875, 4.087493928284808e-24, nan 
18.875, 75.875, 8.558128235735485e-24, nan 
19.125, 75.875, 3.1411055509721064e-24, nan 
19.375, 75.875, 1.5513191223214443e-24, nan 
19.625, 75.875, 1.9112833056218117e-24, nan 
19.875, 75.875, 2.678014955759361e-24, nan 
20.125, 75.875, 3.3730141725805636e-24, nan 
20.375, 75.875, 4.332114591705813e-24, nan 
20.625, 75.875, 4.3075306200658444e-24, nan 
20.875, 75.875, 3.94385069155026e-24, nan 
21.125, 75.875, 3.953945444418318e-24, nan 
21.375, 75.875, 3.5124652942302066e-24, nan 
21.625, 75.875, 3.1581374298753605e-24, nan 
21.875, 75.875, 3.8495249889883285e-24, nan 
22.125, 75.875, 3.9825692489741815e-24, nan 
22.375, 75.875, 3.8339199857395935e-24, nan 
22.625, 75.875, 3.9935665765020804e-24, nan 
22.875, 75.875, 2.358109499681858e-24, nan 
23.125, 75.875, 1.8824563320819005e-24, nan 
23.375, 75.875, 1.494977674438165e-24, nan 
23.625, 75.875, 3.058831172525283e-24, nan 
23.875, 75.875, 3.321678862404021e-24, nan 
24.125, 75.875, 2.6424598113473962e-24, nan 
24.375, 75.875, 2.0169753168347617e-24, nan 
24.625, 75.875, 1.6722595999635008e-24, nan 
24.875, 75.875, 1.7216355213886862e-24, nan 
25.125, 75.875, 2.243621394525838e-24, nan 
25.375, 75.875, 2.2440825721593745e-24, nan 
25.625, 75.875, 1.7274252156861985e-24, nan 
25.875, 75.875, 2.3171263203410535e-24, nan 
26.125, 75.875, 2.3660753979932056e-24, nan 
26.375, 75.875, 2.088859455728786e-24, nan 
26.625, 75.875, 2.339235273236137e-24, nan 
26.875, 75.875, 2.031871630677951e-24, nan 
27.125, 75.875, 1.825209445983294e-24, nan 
27.375, 75.875, 2.0428852352464318e-24, nan 
27.625, 75.875, 1.4980513052447686e-24, nan 
27.875, 75.875, 1.6249951782131172e-24, nan 
28.125, 75.875, 1.2297708216686168e-24, nan 
28.375, 75.875, 1.3070892227606242e-24, nan 
28.625, 75.875, 1.3049473861030078e-24, nan 
28.875, 75.875, 1.1833492486682113e-24, nan 
29.125, 75.875, 9.433033975737808e-25, nan 
29.375, 75.875, 1.2055605839876809e-24, nan 
29.625, 75.875, 1.9645145144630644e-24, nan 
29.875, 75.875, 2.1947844939365354e-24, nan 
30.125, 75.875, 1.7604333828456088e-24, nan 
30.375, 75.875, 1.3191677959213563e-24, nan 
30.625, 75.875, 7.827045423639934e-25, nan 
30.875, 75.875, 9.326160969824512e-25, nan 
31.125, 75.875, 8.73310680715037e-25, nan 
31.375, 75.875, 7.176686842070303e-25, nan 
31.625, 75.875, 8.468519107001e-25, nan 
31.875, 75.875, 1.704983299043439e-24, nan 
32.125, 75.875, 1.6488896202332947e-24, nan 
32.375, 75.875, 1.1541608433812357e-24, nan 
32.625, 75.875, 8.636090554911835e-25, nan 
32.875, 75.875, 8.444560888725688e-25, nan 
33.125, 75.875, 1.1665037112011317e-24, nan 
33.375, 75.875, 1.2246122421704484e-24, nan 
33.625, 75.875, 9.88112742785178e-25, nan 
-95.625, 76.125, 5.654561591774257e-23, nan 
-95.375, 76.125, 3.5621932793974413e-23, nan 
-95.125, 76.125, 1.292555698575497e-22, nan 
-94.875, 76.125, 8.593921410201202e-23, nan 
-94.625, 76.125, 8.300008765069281e-23, nan 
-94.375, 76.125, 1.1197967631793234e-22, nan 
-94.125, 76.125, 1.0914350656952461e-22, nan 
-93.875, 76.125, 1.2638180649167487e-22, nan 
-93.625, 76.125, 9.803477882232516e-23, nan 
-93.375, 76.125, 9.052761234969425e-23, nan 
-93.125, 76.125, 1.0770804558059443e-22, nan 
-92.875, 76.125, 1.284859586098381e-22, nan 
-92.625, 76.125, 1.3946247899747244e-22, nan 
-92.375, 76.125, 2.0749002945027346e-22, nan 
-92.125, 76.125, 2.8440714266336426e-22, nan 
-91.875, 76.125, 3.679630867391915e-22, nan 
-91.625, 76.125, 5.122426690299473e-22, nan 
-91.375, 76.125, 6.212710428385975e-22, nan 
-91.125, 76.125, 5.1097222980615e-22, nan 
-90.875, 76.125, 4.74964051782566e-22, nan 
-90.625, 76.125, 5.947554154685207e-22, nan 
-90.375, 76.125, 8.4033531554928325e-22, nan 
-90.125, 76.125, 1.052204400757381e-21, nan 
-89.875, 76.125, 7.745695039155416e-22, nan 
-89.625, 76.125, 4.171272887470118e-22, nan 
-89.375, 76.125, 7.729173538870253e-22, nan 
-89.125, 76.125, 9.390745692661775e-22, nan 
-88.875, 76.125, 1.1239662682704371e-21, nan 
-88.625, 76.125, 1.1573529373340742e-21, nan 
-88.375, 76.125, 8.272362519549038e-22, nan 
-88.125, 76.125, 5.656692463952106e-22, nan 
-87.875, 76.125, 6.361289557764956e-22, nan 
-87.625, 76.125, 7.498437286302075e-22, nan 
-87.375, 76.125, 6.934885962699281e-22, nan 
-87.125, 76.125, 4.5004064184885055e-22, nan 
-86.875, 76.125, 2.4294668885066274e-22, nan 
-86.625, 76.125, 1.2082327094984676e-22, nan 
-86.375, 76.125, 1.1535508092178848e-22, nan 
-86.125, 76.125, 1.1149700574882026e-22, nan 
-85.875, 76.125, 1.6932374339266379e-22, nan 
-85.625, 76.125, 2.1645098245424203e-22, nan 
-85.375, 76.125, 2.585265647580848e-22, nan 
-85.125, 76.125, 1.9165699207530142e-22, nan 
-84.875, 76.125, 1.8520167971414284e-22, nan 
-84.625, 76.125, 1.8739822725838208e-22, nan 
-84.375, 76.125, 2.467201547502745e-22, nan 
-84.125, 76.125, 2.92757368125405e-22, nan 
-83.875, 76.125, 2.198687497591104e-22, nan 
-83.625, 76.125, 2.0882636968879662e-22, nan 
-83.375, 76.125, 1.9215033227044265e-22, nan 
-83.125, 76.125, 1.4320622528972318e-22, nan 
-82.875, 76.125, 2.1036085342406622e-22, nan 
-82.625, 76.125, 2.0278785355126925e-22, nan 
-82.375, 76.125, 2.371588120772391e-22, nan 
-82.125, 76.125, 2.157110099507846e-22, nan 
-81.875, 76.125, 2.425949181459757e-22, nan 
-81.625, 76.125, 2.4222265422783633e-22, nan 
-81.375, 76.125, 1.8967050117367195e-22, nan 
-81.125, 76.125, 1.2456707540387335e-22, nan 
-80.875, 76.125, 2.929296743461902e-22, nan 
-80.625, 76.125, 3.5668554615278936e-22, nan 
-80.375, 76.125, 3.3996562986849047e-22, nan 
-80.125, 76.125, 2.937979977765383e-22, nan 
-79.875, 76.125, 2.205099051113036e-22, nan 
-79.625, 76.125, 2.305318389652958e-22, nan 
-79.375, 76.125, 3.000914054865206e-22, nan 
-79.125, 76.125, 3.2635981314450526e-22, nan 
-78.875, 76.125, 2.744569127682772e-22, nan 
-78.625, 76.125, 2.0930361772644411e-22, nan 
-78.375, 76.125, 1.5874862017671515e-22, nan 
-78.125, 76.125, 1.22754556082896e-22, nan 
-77.875, 76.125, 1.3971692963863676e-22, nan 
-77.625, 76.125, 1.3361794433596402e-22, nan 
-77.375, 76.125, 1.7153303115476095e-22, nan 
-77.125, 76.125, 2.355509168881479e-22, nan 
-76.875, 76.125, 1.9459192732672296e-22, nan 
-76.625, 76.125, 2.36209348394218e-22, nan 
-76.375, 76.125, 4.599381989526647e-22, nan 
-76.125, 76.125, 1.5750370898703468e-22, nan 
-75.875, 76.125, 2.436187295809381e-22, nan 
-75.625, 76.125, 2.6684477911069203e-22, nan 
-75.375, 76.125, 3.3164587970599163e-22, nan 
-75.125, 76.125, 8.514480353544018e-22, nan 
-74.875, 76.125, 3.064570224102802e-22, nan 
-74.625, 76.125, 5.312470220924487e-22, nan 
-74.375, 76.125, 3.857420471353735e-22, nan 
-74.125, 76.125, 5.736157547403086e-22, nan 
-73.875, 76.125, 5.622053433890515e-22, nan 
-73.625, 76.125, 3.852544431885868e-22, nan 
-73.375, 76.125, 4.731565327681644e-22, nan 
-73.125, 76.125, 4.238668707246752e-22, nan 
-72.875, 76.125, 5.468544847703009e-22, nan 
-72.625, 76.125, 4.252567802904446e-22, nan 
-72.375, 76.125, 3.9392231606065627e-22, nan 
-72.125, 76.125, 3.670136073065008e-22, nan 
-71.875, 76.125, 3.4627052106409134e-22, nan 
-71.625, 76.125, 3.766399531350066e-22, nan 
-71.375, 76.125, 3.7316030689980097e-22, nan 
-71.125, 76.125, 3.379701285769381e-22, nan 
-70.875, 76.125, 2.856529169565674e-22, nan 
-70.625, 76.125, 2.427848468352569e-22, nan 
-70.375, 76.125, 2.1917711002043815e-22, nan 
-70.125, 76.125, 2.9745883741317316e-22, nan 
-69.875, 76.125, 2.512060636374284e-22, nan 
-69.625, 76.125, 9.748789933146078e-23, nan 
-69.375, 76.125, 3.799674389071301e-23, nan 
-69.125, 76.125, 6.17581062790323e-23, nan 
-68.875, 76.125, 4.5499290248863285e-23, nan 
-68.625, 76.125, 1.0373186647138121e-22, nan 
-68.375, 76.125, 1.9719471307232802e-22, nan 
-68.125, 76.125, 2.222910016134439e-22, nan 
-67.875, 76.125, 1.9777782503230629e-22, nan 
-67.625, 76.125, 2.4327276228312865e-22, nan 
-67.375, 76.125, 2.854044236782858e-22, nan 
-67.125, 76.125, 2.670138045000976e-22, nan 
-66.875, 76.125, 2.300848003837297e-22, nan 
-66.625, 76.125, 2.6166859356473603e-22, nan 
-66.375, 76.125, 4.497174462644532e-22, nan 
-66.125, 76.125, 4.122569705101996e-22, nan 
-65.875, 76.125, 5.782769801722057e-22, nan 
-65.625, 76.125, 6.004284687107613e-22, nan 
-65.375, 76.125, 6.599541077961793e-22, nan 
-65.125, 76.125, 7.259524333142921e-22, nan 
-64.875, 76.125, 6.6652710268799855e-22, nan 
-64.625, 76.125, 6.935660428662374e-22, nan 
-64.375, 76.125, 4.938345352049165e-22, nan 
-64.125, 76.125, 5.927398930785359e-22, nan 
-63.875, 76.125, 4.767639662358706e-22, nan 
-63.625, 76.125, 4.773430774238337e-22, nan 
-63.375, 76.125, 4.552538549187837e-22, nan 
-63.125, 76.125, 4.885624567283783e-22, nan 
-62.875, 76.125, 4.4514733091694715e-22, nan 
-62.625, 76.125, 4.167619762475199e-22, nan 
-62.375, 76.125, 3.9232590923790305e-22, nan 
-62.125, 76.125, 3.756846652471887e-22, nan 
-61.875, 76.125, 4.0466415800878177e-22, nan 
-61.625, 76.125, 3.6148592544249446e-22, nan 
-61.375, 76.125, 3.470381764077769e-22, nan 
-61.125, 76.125, 2.6244527410848626e-22, nan 
-60.875, 76.125, 2.139073500796726e-22, nan 
-60.625, 76.125, 1.221695280120904e-22, nan 
-60.375, 76.125, 1.4866912706898337e-22, nan 
-60.125, 76.125, 1.5791922080926562e-22, nan 
-59.875, 76.125, 1.8842777915465204e-22, nan 
-59.625, 76.125, 1.904889880098936e-22, nan 
-59.375, 76.125, 2.0696245822181838e-22, nan 
-59.125, 76.125, 1.7922866896899054e-22, nan 
-58.875, 76.125, 1.9748784202301126e-22, nan 
-58.625, 76.125, 1.7344026767086403e-22, nan 
-58.375, 76.125, 1.8727992898628506e-22, nan 
-58.125, 76.125, 1.9275224728186495e-22, nan 
-57.875, 76.125, 1.7327101809620188e-22, nan 
-57.625, 76.125, 1.4380805526928515e-22, nan 
-57.375, 76.125, 1.6207012187496e-22, nan 
-57.125, 76.125, 1.6990220411666322e-22, nan 
-56.875, 76.125, 1.744700906194408e-22, nan 
-56.625, 76.125, 1.7508028693254674e-22, nan 
-56.375, 76.125, 2.140606987078111e-22, nan 
-56.125, 76.125, 1.8737172981678878e-22, nan 
-55.875, 76.125, 1.6515189217061367e-22, nan 
-55.625, 76.125, 1.0477192275446895e-22, nan 
-55.375, 76.125, 1.0578896457523197e-21, nan 
-55.125, 76.125, 9.029052635459053e-22, nan 
-54.875, 76.125, 6.392651725089532e-22, nan 
-54.625, 76.125, 3.408323547835464e-22, nan 
-54.375, 76.125, 2.485101746440179e-22, nan 
-54.125, 76.125, 1.4064181488667321e-22, nan 
-53.875, 76.125, 2.474808739541572e-22, nan 
-53.625, 76.125, 3.871021489718233e-22, nan 
-53.375, 76.125, 1.9708972681681427e-22, nan 
-53.125, 76.125, 1.2868404306825647e-22, nan 
-52.875, 76.125, 6.231200177387648e-23, nan 
-52.625, 76.125, 1.7290046833231697e-22, nan 
-52.375, 76.125, 2.6874665941877205e-22, nan 
-52.125, 76.125, 1.4719937089080782e-22, nan 
-51.875, 76.125, 1.1345974127361903e-22, nan 
-51.625, 76.125, 1.075773490590637e-22, nan 
-51.375, 76.125, 8.589411688740564e-23, nan 
-51.125, 76.125, 1.366199245905369e-22, nan 
-50.875, 76.125, 1.1064645001729202e-22, nan 
-50.625, 76.125, 9.79586533246456e-23, nan 
-50.375, 76.125, 1.1521053749062829e-22, nan 
-50.125, 76.125, 9.318324365990957e-23, nan 
-49.875, 76.125, 1.2210201730204729e-22, nan 
-49.625, 76.125, 1.220450909903161e-22, nan 
-49.375, 76.125, 1.230220160728027e-22, nan 
-49.125, 76.125, 1.4190610127970274e-22, nan 
-48.875, 76.125, 1.7791957069577441e-22, nan 
-48.625, 76.125, 1.7330830975013766e-22, nan 
-48.375, 76.125, 1.6255814578309036e-22, nan 
-48.125, 76.125, 1.208617239085917e-22, nan 
-47.875, 76.125, 1.2484502128340951e-22, nan 
-47.625, 76.125, 1.550778850012713e-22, nan 
-47.375, 76.125, 1.7337397647175632e-22, nan 
-47.125, 76.125, 1.5607807650713497e-22, nan 
-46.875, 76.125, 8.095189080197001e-23, nan 
-46.625, 76.125, 7.551631345378272e-23, nan 
-46.375, 76.125, 7.843872373950051e-23, nan 
-46.125, 76.125, 1.2116920247527287e-22, nan 
-45.875, 76.125, 9.894845978148353e-23, nan 
-45.625, 76.125, 1.321708490977857e-22, nan 
-45.375, 76.125, 9.81527143107301e-23, nan 
-45.125, 76.125, 7.088431209046886e-23, nan 
-44.875, 76.125, 6.314998051165007e-23, nan 
-44.625, 76.125, 6.125109096620523e-23, nan 
-44.375, 76.125, 5.763838181319484e-23, nan 
-44.125, 76.125, 5.343451222066722e-23, nan 
-43.875, 76.125, 4.404978343119809e-23, nan 
-43.625, 76.125, 4.7394848692987273e-23, nan 
-43.375, 76.125, 5.798957627379969e-23, nan 
-43.125, 76.125, 4.9230978682310855e-23, nan 
-42.875, 76.125, 4.610729885599358e-23, nan 
-42.625, 76.125, 4.388899508852383e-23, nan 
-42.375, 76.125, 5.422830015423826e-23, nan 
-42.125, 76.125, 6.375353223483139e-23, nan 
-41.875, 76.125, 6.485490400500464e-23, nan 
-41.625, 76.125, 5.875731213410222e-23, nan 
-41.375, 76.125, 5.502454062011552e-23, nan 
-41.125, 76.125, 5.272563978182399e-23, nan 
-40.875, 76.125, 6.317842865818084e-23, nan 
-40.625, 76.125, 7.939690065888895e-23, nan 
-40.375, 76.125, 8.988993088860044e-23, nan 
-40.125, 76.125, 1.0189317190532768e-22, nan 
-39.875, 76.125, 1.3082381159449766e-22, nan 
-39.625, 76.125, 1.3980800258621954e-22, nan 
-39.375, 76.125, 9.465030060736267e-23, nan 
-39.125, 76.125, 7.446321026172614e-23, nan 
-38.875, 76.125, 1.6631919424221803e-22, nan 
-38.625, 76.125, 2.6093462175372726e-22, nan 
-38.375, 76.125, 2.9028020945697884e-22, nan 
-38.125, 76.125, 1.7732632132677033e-22, nan 
-37.875, 76.125, 8.54424907862806e-23, nan 
-37.625, 76.125, 1.773964079706238e-22, nan 
-37.375, 76.125, 2.6542332065875757e-22, nan 
-37.125, 76.125, 2.2966133305953683e-22, nan 
-36.875, 76.125, 1.18091049430163e-22, nan 
-36.625, 76.125, 3.441526236105648e-23, nan 
-36.375, 76.125, 6.283680381557309e-23, nan 
-36.125, 76.125, 9.209266325966662e-23, nan 
-35.875, 76.125, 6.609492619837853e-23, nan 
-35.625, 76.125, 3.51587804002472e-23, nan 
-35.375, 76.125, 3.5960794819621575e-23, nan 
-35.125, 76.125, 7.47438901140968e-23, nan 
-34.875, 76.125, 5.397411398674345e-23, nan 
-34.625, 76.125, 5.2827338443564555e-23, nan 
-34.375, 76.125, 6.08212274423715e-23, nan 
-34.125, 76.125, 8.636544765176735e-23, nan 
-33.875, 76.125, 1.4871167232584992e-22, nan 
-33.625, 76.125, 1.30854696574301e-22, nan 
-33.375, 76.125, 1.2186930443346782e-22, nan 
-33.125, 76.125, 6.267092495992343e-23, nan 
-32.875, 76.125, 9.130908193955116e-23, nan 
-32.625, 76.125, 1.3839851931413534e-22, nan 
-32.375, 76.125, 1.1499229100104818e-22, nan 
-32.125, 76.125, 1.1010928935249524e-22, nan 
-31.875, 76.125, 7.93341535822451e-23, nan 
-31.625, 76.125, 5.194474969993019e-23, nan 
-31.375, 76.125, 9.98686624346534e-23, nan 
-31.125, 76.125, 9.557844177128383e-23, nan 
-30.875, 76.125, 8.30448576831971e-23, nan 
-30.625, 76.125, 8.877456003630024e-23, nan 
-30.375, 76.125, 6.367325656358741e-23, nan 
-30.125, 76.125, 6.13117664869947e-23, nan 
-29.875, 76.125, 4.1361773619946747e-23, nan 
-29.625, 76.125, 6.12689849953702e-23, nan 
-29.375, 76.125, 5.1441602593039974e-23, nan 
-29.125, 76.125, 4.069895337025972e-23, nan 
-28.875, 76.125, 4.394447516304411e-23, nan 
-28.625, 76.125, 4.2617851777609966e-23, nan 
-28.375, 76.125, 5.911376686551444e-23, nan 
-28.125, 76.125, 4.55719341068532e-23, nan 
-27.875, 76.125, 4.9228802358913416e-23, nan 
-27.625, 76.125, 6.533791952831349e-23, nan 
-27.375, 76.125, 8.793527674983739e-23, nan 
-27.125, 76.125, 3.4679981896350123e-23, nan 
-26.875, 76.125, 9.750510146180036e-23, nan 
-26.625, 76.125, 2.9287119080497817e-23, nan 
-26.375, 76.125, 2.3147055692701135e-23, nan 
-26.125, 76.125, 4.739214766338992e-23, nan 
-25.875, 76.125, 2.482495030987137e-23, nan 
-25.625, 76.125, 3.342077372451676e-23, nan 
-25.375, 76.125, 2.758819955335105e-23, nan 
-25.125, 76.125, 1.4857901008973816e-23, nan 
-24.875, 76.125, 2.2978040022955565e-23, nan 
-24.625, 76.125, 1.9303534662081418e-23, nan 
-24.375, 76.125, 1.6826897669483974e-23, nan 
-24.125, 76.125, 9.843622110293157e-24, nan 
-23.875, 76.125, 1.4225779836705097e-23, nan 
-23.625, 76.125, 1.8421902157428895e-23, nan 
-23.375, 76.125, 1.7547688966489205e-23, nan 
-23.125, 76.125, 1.16830899861901e-23, nan 
-22.875, 76.125, 9.323180858666676e-24, nan 
-22.625, 76.125, 1.7614413706240605e-23, nan 
-22.375, 76.125, 1.396591835382015e-23, nan 
-22.125, 76.125, 1.502215557596285e-23, nan 
-21.875, 76.125, 1.8796778485272404e-23, nan 
-21.625, 76.125, 1.958756994098873e-23, nan 
-21.375, 76.125, 2.250297881064124e-23, nan 
-21.125, 76.125, 2.1815900770425844e-23, nan 
-20.875, 76.125, 2.100184676939364e-23, nan 
-20.625, 76.125, 2.54650913961019e-23, nan 
-20.375, 76.125, 2.0113842618132227e-23, nan 
-20.125, 76.125, 2.3541344656561816e-23, nan 
-19.875, 76.125, 1.8801751164700592e-23, nan 
-19.625, 76.125, 2.0597170797756432e-23, nan 
-19.375, 76.125, 1.3620579763979413e-23, nan 
-19.125, 76.125, 1.1121881790053318e-23, nan 
-18.875, 76.125, 2.2034181320973946e-23, nan 
-18.625, 76.125, 2.248579899361028e-23, nan 
-18.375, 76.125, 3.5681285518920906e-23, nan 
-18.125, 76.125, 2.0308087268050218e-23, nan 
-17.875, 76.125, 1.99520960793961e-23, nan 
-17.625, 76.125, 2.0240886685178303e-23, nan 
-17.375, 76.125, 1.9458871276354288e-23, nan 
-17.125, 76.125, 3.4653371665808875e-23, nan 
-16.875, 76.125, 2.1820884327822275e-23, nan 
-16.625, 76.125, 2.4796696446108528e-23, nan 
-16.375, 76.125, 2.6005515332373787e-23, nan 
-16.125, 76.125, 2.985259315079531e-23, nan 
-15.875, 76.125, 2.979968879117372e-23, nan 
-15.625, 76.125, 3.100381476434036e-23, nan 
-15.375, 76.125, 2.983176361972993e-23, nan 
-15.125, 76.125, 2.647421682562382e-23, nan 
-14.875, 76.125, 2.741881412828333e-23, nan 
-14.625, 76.125, 2.290923158215836e-23, nan 
-14.375, 76.125, 2.1923094166306045e-23, nan 
-14.125, 76.125, 2.3983522789101738e-23, nan 
-13.875, 76.125, 1.7496111397684343e-23, nan 
-13.625, 76.125, 1.5002445788221925e-23, nan 
-13.375, 76.125, 1.6507307967749408e-23, nan 
-13.125, 76.125, 1.2725690622066452e-23, nan 
-12.875, 76.125, 1.5570219796301078e-23, nan 
-12.625, 76.125, 1.6173210230969176e-23, nan 
-12.375, 76.125, 2.203114670656785e-23, nan 
-12.125, 76.125, 2.069431224336841e-23, nan 
-11.875, 76.125, 1.3582414772648386e-23, nan 
-11.625, 76.125, 2.0461104212584357e-23, nan 
-11.375, 76.125, 1.8546996923886556e-23, nan 
-11.125, 76.125, 2.3511921322740554e-23, nan 
-10.875, 76.125, 2.2602514793446087e-23, nan 
-10.625, 76.125, 1.990665419903538e-23, nan 
-10.375, 76.125, 2.0200736203299533e-23, nan 
-10.125, 76.125, 1.67340524462022e-23, nan 
-9.875, 76.125, 1.5231208971128506e-23, nan 
-9.625, 76.125, 2.3183772135490872e-23, nan 
-9.375, 76.125, 2.524222547521639e-23, nan 
-9.125, 76.125, 3.2303626924945595e-23, nan 
-8.875, 76.125, 2.689628546119789e-23, nan 
-8.625, 76.125, 2.4593078142135885e-23, nan 
-8.375, 76.125, 2.2736385208594237e-23, nan 
-8.125, 76.125, 2.3672173302192027e-23, nan 
-7.875, 76.125, 3.890533282203385e-23, nan 
-7.625, 76.125, 2.6844317584595134e-23, nan 
-7.375, 76.125, 3.0823619645166453e-23, nan 
-7.125, 76.125, 1.7396562002672483e-23, nan 
-6.875, 76.125, 9.375059248992433e-24, nan 
-6.625, 76.125, 9.236768279599487e-24, nan 
-6.375, 76.125, 5.363820499911108e-24, nan 
-6.125, 76.125, 6.994329560563223e-24, nan 
-5.875, 76.125, 7.958669034547556e-24, nan 
-5.625, 76.125, 9.60745058954214e-24, nan 
-5.375, 76.125, 1.1102397825117279e-23, nan 
-5.125, 76.125, 1.3922378023471239e-23, nan 
-4.875, 76.125, 1.0531581937031968e-23, nan 
-4.625, 76.125, 1.2617266772404447e-23, nan 
-4.375, 76.125, 1.4593627254759356e-23, nan 
-4.125, 76.125, 1.2904513867009545e-23, nan 
-3.875, 76.125, 1.2196764619604052e-23, nan 
-3.625, 76.125, 8.211905690667705e-24, nan 
-3.375, 76.125, 4.3787092784916636e-24, nan 
-3.125, 76.125, 5.803814266159742e-24, nan 
-2.875, 76.125, 8.9740621282214e-24, nan 
-2.625, 76.125, 1.0719693548950403e-23, nan 
-2.375, 76.125, 1.1632785386232342e-23, nan 
-2.125, 76.125, 1.2592515114828316e-23, nan 
-1.875, 76.125, 7.917228723666069e-24, nan 
-1.625, 76.125, 7.270086024310274e-24, nan 
-1.375, 76.125, 4.48546659779489e-24, nan 
-1.125, 76.125, 2.3570919114096255e-24, nan 
-0.875, 76.125, 9.963790807962572e-24, nan 
-0.625, 76.125, 7.039650587890152e-24, nan 
-0.375, 76.125, 6.419663148388866e-24, nan 
-0.125, 76.125, 7.436937609153438e-24, nan 
0.125, 76.125, 8.004017055782815e-24, nan 
0.375, 76.125, 6.4164322833845906e-24, nan 
0.625, 76.125, 6.0204742285158136e-24, nan 
0.875, 76.125, 6.1989941148671575e-24, nan 
1.125, 76.125, 8.775476194366791e-24, nan 
1.375, 76.125, 1.6690656473125362e-23, nan 
1.625, 76.125, 2.6430738835107832e-23, nan 
1.875, 76.125, 2.52430377843283e-23, nan 
2.125, 76.125, 1.633239182109588e-23, nan 
2.375, 76.125, 1.4118781163752283e-23, nan 
2.625, 76.125, 2.899612950980043e-23, nan 
2.875, 76.125, 5.090557580385908e-23, nan 
3.125, 76.125, 4.9629717216094784e-23, nan 
3.375, 76.125, 3.4484844604210317e-23, nan 
3.625, 76.125, 1.7814279823205004e-23, nan 
3.875, 76.125, 1.4556169458994183e-23, nan 
4.125, 76.125, 2.519099687124764e-23, nan 
4.375, 76.125, 2.4854018985531228e-23, nan 
4.625, 76.125, 1.620788366318246e-23, nan 
4.875, 76.125, 1.1166952019326382e-23, nan 
5.125, 76.125, 6.814588247341683e-24, nan 
5.375, 76.125, 6.346711151215741e-24, nan 
5.625, 76.125, 8.371902165074558e-24, nan 
5.875, 76.125, 1.2418928526833339e-23, nan 
6.125, 76.125, 9.41541434122296e-24, nan 
6.375, 76.125, 9.545968032073388e-24, nan 
6.625, 76.125, 9.592307920803562e-24, nan 
6.875, 76.125, 9.804348321103167e-24, nan 
7.125, 76.125, 8.904761550987901e-24, nan 
7.375, 76.125, 6.252215392661527e-24, nan 
7.625, 76.125, 5.277480840273241e-24, nan 
7.875, 76.125, 3.523087306268233e-24, nan 
8.125, 76.125, 3.60394251132343e-24, nan 
8.375, 76.125, 2.5084203405339714e-24, nan 
8.625, 76.125, 3.125014892891833e-24, nan 
8.875, 76.125, 2.861835326579429e-24, nan 
9.125, 76.125, 1.752152117908266e-24, nan 
9.375, 76.125, 2.0169138548127952e-24, nan 
9.625, 76.125, 8.96348883295323e-25, nan 
9.875, 76.125, 1.1396036020710013e-24, nan 
10.125, 76.125, 1.8131497957627824e-24, nan 
10.375, 76.125, 7.2438131695754735e-25, nan 
10.625, 76.125, 1.668278041972075e-24, nan 
10.875, 76.125, 8.676052202750343e-25, nan 
11.125, 76.125, 1.2432867767981731e-24, nan 
11.375, 76.125, 1.0388297202204595e-24, nan 
11.625, 76.125, 2.0612473058154476e-24, nan 
11.875, 76.125, 2.5721474400276464e-24, nan 
12.125, 76.125, 2.0339625809250504e-24, nan 
12.375, 76.125, 2.654659372404059e-24, nan 
12.625, 76.125, 3.403405814177137e-24, nan 
12.875, 76.125, 6.088347438752847e-24, nan 
13.125, 76.125, 8.664907123077035e-24, nan 
13.375, 76.125, 7.166319276301182e-24, nan 
13.625, 76.125, 1.098955149331414e-23, nan 
13.875, 76.125, 1.2309009573765695e-23, nan 
14.125, 76.125, 9.422124484223572e-24, nan 
14.375, 76.125, 7.296188125480151e-24, nan 
14.625, 76.125, 8.227892684493604e-24, nan 
14.875, 76.125, 5.766691047287543e-24, nan 
15.125, 76.125, 4.1915063449014695e-24, nan 
15.375, 76.125, 4.845277583865157e-24, nan 
15.625, 76.125, 5.30694175687466e-24, nan 
15.875, 76.125, 3.3196671147221066e-24, nan 
16.125, 76.125, 3.314852557617329e-24, nan 
16.375, 76.125, 3.4456555995831245e-24, nan 
16.625, 76.125, 4.0320307382460925e-24, nan 
16.875, 76.125, 4.541800525948483e-24, nan 
17.125, 76.125, 1.529274093627268e-24, nan 
17.375, 76.125, 3.1130252946674932e-24, nan 
17.625, 76.125, 1.6382534614504363e-24, nan 
17.875, 76.125, 2.1828062096692124e-24, nan 
18.125, 76.125, 3.561058358459024e-24, nan 
18.375, 76.125, 4.446608577146091e-24, nan 
18.625, 76.125, 3.691557095697026e-24, nan 
18.875, 76.125, 5.958342399237659e-24, nan 
19.125, 76.125, 2.74712971040143e-24, nan 
19.375, 76.125, 2.606768404148549e-24, nan 
19.625, 76.125, 3.0534872402264368e-24, nan 
19.875, 76.125, 1.3524430131790056e-24, nan 
20.125, 76.125, 1.8852607288164052e-24, nan 
20.375, 76.125, 1.884931358545603e-24, nan 
20.625, 76.125, 1.352252415906657e-24, nan 
20.875, 76.125, 2.017115205985476e-24, nan 
21.125, 76.125, 2.076381896248574e-24, nan 
21.375, 76.125, 1.4278225277250708e-24, nan 
21.625, 76.125, 2.3529375332891385e-24, nan 
21.875, 76.125, 3.2418413541338335e-24, nan 
22.125, 76.125, 3.562637519020648e-24, nan 
22.375, 76.125, 3.778141320099603e-24, nan 
22.625, 76.125, 3.1763726881825617e-24, nan 
22.875, 76.125, 2.491730435012169e-24, nan 
23.125, 76.125, 3.1665179974714688e-24, nan 
23.375, 76.125, 2.2284851540024195e-24, nan 
23.625, 76.125, 2.9091486581165184e-24, nan 
23.875, 76.125, 2.9756878690326186e-24, nan 
24.125, 76.125, 2.9442888866169423e-24, nan 
24.375, 76.125, 2.108187710226664e-24, nan 
24.625, 76.125, 1.6875121358602617e-24, nan 
24.875, 76.125, 1.1836218717395547e-24, nan 
25.125, 76.125, 1.007058971156999e-24, nan 
25.375, 76.125, 1.6438823684292082e-24, nan 
25.625, 76.125, 1.0309066842002054e-24, nan 
25.875, 76.125, 1.159992499332634e-24, nan 
26.125, 76.125, 1.8178050962468604e-24, nan 
26.375, 76.125, 1.8776436315631986e-24, nan 
26.625, 76.125, 2.343158934652236e-24, nan 
26.875, 76.125, 2.1491312892227795e-24, nan 
27.125, 76.125, 1.5481435617843043e-24, nan 
27.375, 76.125, 1.8726388217218825e-24, nan 
27.625, 76.125, 2.1726797776760955e-24, nan 
27.875, 76.125, 2.057272296532402e-24, nan 
28.125, 76.125, 1.5779360570425485e-24, nan 
28.375, 76.125, 1.3078984415271614e-24, nan 
28.625, 76.125, 1.4719705510490713e-24, nan 
28.875, 76.125, 1.879721719753553e-24, nan 
29.125, 76.125, 2.1699626214153743e-24, nan 
29.375, 76.125, 1.6170116047608452e-24, nan 
29.625, 76.125, 1.763054567360344e-24, nan 
29.875, 76.125, 2.260614770257311e-24, nan 
30.125, 76.125, 1.9125717999835413e-24, nan 
30.375, 76.125, 1.3830780065946497e-24, nan 
30.625, 76.125, 1.3744264495883657e-24, nan 
30.875, 76.125, 1.5381739834112082e-24, nan 
31.125, 76.125, 2.0267052684792566e-24, nan 
31.375, 76.125, 1.5239344950873758e-24, nan 
31.625, 76.125, 7.061186079273904e-25, nan 
31.875, 76.125, 1.2430739868075897e-24, nan 
32.125, 76.125, 1.1939617234177515e-24, nan 
32.375, 76.125, 7.531715387023855e-25, nan 
32.625, 76.125, 5.012156208958474e-25, nan 
32.875, 76.125, 7.464233477326429e-25, nan 
33.125, 76.125, 1.0078714488736429e-24, nan 
33.375, 76.125, 4.668487501615581e-25, nan 
33.625, 76.125, 1.0811077071345814e-24, nan 
33.875, 76.125, 1.3046309829002973e-24, nan 
34.125, 76.125, 1.235737469890036e-24, nan 
34.375, 76.125, 1.6524323827535188e-24, nan 
34.625, 76.125, 1.5764044370574793e-24, nan 
34.875, 76.125, 1.4383987065137527e-24, nan 
35.125, 76.125, 1.3244669485681154e-24, nan 
-95.875, 76.375, 6.642970134646478e-23, nan 
-95.625, 76.375, 9.950413742472411e-23, nan 
-95.375, 76.375, 5.211961685965015e-23, nan 
-95.125, 76.375, 1.7685351547312694e-22, nan 
-94.875, 76.375, 4.737228982574817e-23, nan 
-94.625, 76.375, 9.817021221210917e-23, nan 
-94.375, 76.375, 1.394201428196537e-22, nan 
-94.125, 76.375, 9.174718765206992e-23, nan 
-93.875, 76.375, 2.0533546678353936e-22, nan 
-93.625, 76.375, 1.4188305148639452e-22, nan 
-93.375, 76.375, 1.5740412687329176e-22, nan 
-93.125, 76.375, 1.6638179639583377e-22, nan 
-92.875, 76.375, 1.4158757798805702e-22, nan 
-92.625, 76.375, 2.068250649279078e-22, nan 
-92.375, 76.375, 2.108188657230452e-22, nan 
-92.125, 76.375, 2.1859558324393983e-22, nan 
-91.875, 76.375, 1.9342734711392784e-22, nan 
-91.625, 76.375, 2.130306300500498e-22, nan 
-91.375, 76.375, 2.9399234677355637e-22, nan 
-91.125, 76.375, 2.806208706506303e-22, nan 
-90.875, 76.375, 2.3231237042912686e-22, nan 
-90.625, 76.375, 2.8244837254909275e-22, nan 
-90.375, 76.375, 4.281343886146273e-22, nan 
-90.125, 76.375, 5.642517827745306e-22, nan 
-89.875, 76.375, 4.999844818677153e-22, nan 
-89.625, 76.375, 3.5073822605169646e-22, nan 
-89.375, 76.375, 4.37984008122939e-22, nan 
-89.125, 76.375, 5.093651682877762e-22, nan 
-88.875, 76.375, 5.619103540700293e-22, nan 
-88.625, 76.375, 6.353393130320063e-22, nan 
-88.375, 76.375, 4.893869342010475e-22, nan 
-88.125, 76.375, 2.0829061799363301e-22, nan 
-87.875, 76.375, 1.5249037076572578e-22, nan 
-87.625, 76.375, 1.8066201660237712e-22, nan 
-87.375, 76.375, 1.10978612073555e-22, nan 
-87.125, 76.375, 1.0871802879728914e-22, nan 
-86.875, 76.375, 1.3545928896427256e-22, nan 
-86.625, 76.375, 1.3494999090551812e-22, nan 
-86.375, 76.375, 1.5928929744031132e-22, nan 
-86.125, 76.375, 1.480885832638154e-22, nan 
-85.875, 76.375, 1.4337497920025344e-22, nan 
-85.625, 76.375, 1.5422586256076336e-22, nan 
-85.375, 76.375, 1.6801690721429527e-22, nan 
-85.125, 76.375, 1.6729641682241958e-22, nan 
-84.875, 76.375, 1.6920105393001268e-22, nan 
-84.625, 76.375, 1.249575536329552e-22, nan 
-84.375, 76.375, 1.1327243523633255e-22, nan 
-84.125, 76.375, 1.0172886070708475e-22, nan 
-83.875, 76.375, 1.3748182986216944e-22, nan 
-83.625, 76.375, 1.3484898558881636e-22, nan 
-83.375, 76.375, 1.5122875718473103e-22, nan 
-83.125, 76.375, 1.2403573344058115e-22, nan 
-82.875, 76.375, 8.775038445988869e-23, nan 
-82.625, 76.375, 1.398834272153321e-22, nan 
-82.375, 76.375, 1.2929678282661235e-22, nan 
-82.125, 76.375, 1.9914147765887388e-22, nan 
-81.875, 76.375, 1.9074763346867353e-22, nan 
-81.625, 76.375, 2.002232074970327e-22, nan 
-81.375, 76.375, 2.276125932392817e-22, nan 
-81.125, 76.375, 2.474209624988206e-22, nan 
-80.875, 76.375, 5.855883715547307e-22, nan 
-80.625, 76.375, 4.528158891507373e-22, nan 
-80.375, 76.375, 2.6555361040289532e-22, nan 
-80.125, 76.375, 2.265602017078181e-22, nan 
-79.875, 76.375, 2.2822430473070874e-22, nan 
-79.625, 76.375, 3.753423295504667e-22, nan 
-79.375, 76.375, 3.279522210152293e-22, nan 
-79.125, 76.375, 2.4455103574982593e-22, nan 
-78.875, 76.375, 2.115691131902603e-22, nan 
-78.625, 76.375, 2.0500215697564796e-22, nan 
-78.375, 76.375, 1.5180657692534825e-22, nan 
-78.125, 76.375, 9.98732301398302e-23, nan 
-77.875, 76.375, 9.420108262054953e-23, nan 
-77.625, 76.375, 1.7441644832700509e-22, nan 
-77.375, 76.375, 1.530126775649552e-22, nan 
-77.125, 76.375, 1.753445856543741e-22, nan 
-76.875, 76.375, 1.5765880031892343e-22, nan 
-76.625, 76.375, 2.0344222279949468e-22, nan 
-76.375, 76.375, 3.4168962210583606e-22, nan 
-76.125, 76.375, 2.175857186272846e-22, nan 
-75.875, 76.375, 2.0732489172878427e-22, nan 
-75.625, 76.375, 2.1037870212259394e-22, nan 
-75.375, 76.375, 3.130985419865242e-22, nan 
-75.125, 76.375, 6.33832867939447e-22, nan 
-74.875, 76.375, 3.750796875364584e-22, nan 
-74.625, 76.375, 3.722870250220358e-22, nan 
-74.375, 76.375, 2.692984033785378e-22, nan 
-74.125, 76.375, 3.976907015118788e-22, nan 
-73.875, 76.375, 4.549950584761994e-22, nan 
-73.625, 76.375, 4.554961748034766e-22, nan 
-73.375, 76.375, 4.685017236851258e-22, nan 
-73.125, 76.375, 4.741014378215764e-22, nan 
-72.875, 76.375, 4.801552492835085e-22, nan 
-72.625, 76.375, 4.0319002292951843e-22, nan 
-72.375, 76.375, 4.227495318367726e-22, nan 
-72.125, 76.375, 3.630891562431765e-22, nan 
-71.875, 76.375, 3.3322982677235913e-22, nan 
-71.625, 76.375, 3.287871276561607e-22, nan 
-71.375, 76.375, 2.8895788608407953e-22, nan 
-71.125, 76.375, 2.6387680665105436e-22, nan 
-70.875, 76.375, 2.092152465128447e-22, nan 
-70.625, 76.375, 1.9038334983913787e-22, nan 
-70.375, 76.375, 2.4974740013250294e-22, nan 
-70.125, 76.375, 2.295568818292292e-22, nan 
-69.875, 76.375, 1.6453599445506334e-22, nan 
-69.625, 76.375, 1.3881950874917678e-22, nan 
-69.375, 76.375, 1.4847523014923728e-22, nan 
-69.125, 76.375, 8.694305668548504e-23, nan 
-68.875, 76.375, 9.731835797760108e-23, nan 
-68.625, 76.375, 1.2852256754977845e-22, nan 
-68.375, 76.375, 1.1029091486954943e-22, nan 
-68.125, 76.375, 2.457792667219088e-22, nan 
-67.875, 76.375, 2.162818534279665e-22, nan 
-67.625, 76.375, 1.418547592252532e-22, nan 
-67.375, 76.375, 1.2717432387879173e-22, nan 
-67.125, 76.375, 1.9019839795982083e-22, nan 
-66.875, 76.375, 2.230034536022718e-22, nan 
-66.625, 76.375, 2.396841393844811e-22, nan 
-66.375, 76.375, 1.954247276323609e-22, nan 
-66.125, 76.375, 1.380333547824756e-22, nan 
-65.875, 76.375, 1.5487615627095304e-22, nan 
-65.625, 76.375, 3.640468963778984e-22, nan 
-65.375, 76.375, 4.563423414076075e-22, nan 
-65.125, 76.375, 5.738223592972295e-22, nan 
-64.875, 76.375, 4.84437276606411e-22, nan 
-64.625, 76.375, 5.244140331912965e-22, nan 
-64.375, 76.375, 3.439369714317556e-22, nan 
-64.125, 76.375, 4.491638987688125e-22, nan 
-63.875, 76.375, 3.7394169845254423e-22, nan 
-63.625, 76.375, 3.5611431134830967e-22, nan 
-63.375, 76.375, 3.3328503357461833e-22, nan 
-63.125, 76.375, 3.0494411303961517e-22, nan 
-62.875, 76.375, 2.4711750414492896e-22, nan 
-62.625, 76.375, 2.310574454635943e-22, nan 
-62.375, 76.375, 1.8598303444733405e-22, nan 
-62.125, 76.375, 1.554038559146897e-22, nan 
-61.875, 76.375, 6.682041836416911e-23, nan 
-61.625, 76.375, 8.876276604287372e-23, nan 
-61.375, 76.375, 1.1209095932945407e-22, nan 
-61.125, 76.375, 1.5305779712003562e-22, nan 
-60.875, 76.375, 1.6451285405743514e-22, nan 
-60.625, 76.375, 1.8949331902286038e-22, nan 
-60.375, 76.375, 9.521947591192027e-23, nan 
-60.125, 76.375, 1.678702555813049e-22, nan 
-59.875, 76.375, 1.7757152631929105e-22, nan 
-59.625, 76.375, 2.0478368826950294e-22, nan 
-59.375, 76.375, 2.4797096024603004e-22, nan 
-59.125, 76.375, 1.4513619818932964e-22, nan 
-58.875, 76.375, 2.357252402186588e-22, nan 
-58.625, 76.375, 1.6148326205402046e-22, nan 
-58.375, 76.375, 1.124352233421817e-22, nan 
-58.125, 76.375, 1.2413068985471162e-22, nan 
-57.875, 76.375, 1.3528467845444728e-22, nan 
-57.625, 76.375, 1.4407858743600357e-22, nan 
-57.375, 76.375, 2.2246299400629895e-22, nan 
-57.125, 76.375, 1.3031636897356303e-21, nan 
-56.875, 76.375, 1.3735728112093717e-21, nan 
-56.625, 76.375, 2.5358460670214692e-21, nan 
-56.375, 76.375, 1.0828389436674703e-21, nan 
-56.125, 76.375, 1.414680196724081e-21, nan 
-55.875, 76.375, 1.9489414461024697e-21, nan 
-55.625, 76.375, 2.0090225733004373e-21, nan 
-55.375, 76.375, 1.6846202933993608e-21, nan 
-55.125, 76.375, 1.5201339337460273e-21, nan 
-54.875, 76.375, 1.2976069826290887e-21, nan 
-54.625, 76.375, 1.0666114544189389e-21, nan 
-54.375, 76.375, 1.030530361975592e-21, nan 
-54.125, 76.375, 1.0368575448596829e-21, nan 
-53.875, 76.375, 1.1190936234279296e-21, nan 
-53.625, 76.375, 6.805600311418436e-22, nan 
-53.375, 76.375, 4.1506002112294286e-22, nan 
-53.125, 76.375, 2.3166965400228386e-22, nan 
-52.875, 76.375, 1.453388595066837e-22, nan 
-52.625, 76.375, 1.1854614477593327e-22, nan 
-52.375, 76.375, 2.1885949754036935e-22, nan 
-52.125, 76.375, 1.9507650673995872e-22, nan 
-51.875, 76.375, 1.9384872669710196e-22, nan 
-51.625, 76.375, 1.7107208631567253e-22, nan 
-51.375, 76.375, 1.6358622926342697e-22, nan 
-51.125, 76.375, 2.040098467457913e-22, nan 
-50.875, 76.375, 1.9674091411872277e-22, nan 
-50.625, 76.375, 1.778769124451789e-22, nan 
-50.375, 76.375, 1.6128660229224243e-22, nan 
-50.125, 76.375, 1.5635052207994049e-22, nan 
-49.875, 76.375, 1.2707086113657704e-22, nan 
-49.625, 76.375, 1.2301831536095852e-22, nan 
-49.375, 76.375, 1.265133158765707e-22, nan 
-49.125, 76.375, 1.4554285034679247e-22, nan 
-48.875, 76.375, 1.5751585612708332e-22, nan 
-48.625, 76.375, 1.4007728309737859e-22, nan 
-48.375, 76.375, 1.2307395555585522e-22, nan 
-48.125, 76.375, 8.654035240548697e-23, nan 
-47.875, 76.375, 6.580628647659559e-23, nan 
-47.625, 76.375, 3.937467372715348e-23, nan 
-47.375, 76.375, 3.672038914415025e-23, nan 
-47.125, 76.375, 3.059260039779798e-23, nan 
-46.875, 76.375, 3.732572600348247e-23, nan 
-46.625, 76.375, 6.586269527478314e-23, nan 
-46.375, 76.375, 8.213189710669138e-23, nan 
-46.125, 76.375, 8.645364413353661e-23, nan 
-45.875, 76.375, 7.646264998744914e-23, nan 
-45.625, 76.375, 7.40125329280241e-23, nan 
-45.375, 76.375, 6.136339030398099e-23, nan 
-45.125, 76.375, 7.623529565771495e-23, nan 
-44.875, 76.375, 8.450874764492311e-23, nan 
-44.625, 76.375, 1.124305823205165e-22, nan 
-44.375, 76.375, 8.756307380336403e-23, nan 
-44.125, 76.375, 5.987805646828888e-23, nan 
-43.875, 76.375, 3.305554510861386e-23, nan 
-43.625, 76.375, 3.5307342201766025e-23, nan 
-43.375, 76.375, 7.318543248663247e-23, nan 
-43.125, 76.375, 6.778708181380923e-23, nan 
-42.875, 76.375, 7.437868960447234e-23, nan 
-42.625, 76.375, 7.51987414928346e-23, nan 
-42.375, 76.375, 6.149278549560767e-23, nan 
-42.125, 76.375, 4.417863049315484e-23, nan 
-41.875, 76.375, 3.4913217812191746e-23, nan 
-41.625, 76.375, 6.817369357418528e-23, nan 
-41.375, 76.375, 8.526241393444653e-23, nan 
-41.125, 76.375, 7.195237580810237e-23, nan 
-40.875, 76.375, 6.679985132420372e-23, nan 
-40.625, 76.375, 7.126482345473461e-23, nan 
-40.375, 76.375, 8.07147704414109e-23, nan 
-40.125, 76.375, 9.630086092187852e-23, nan 
-39.875, 76.375, 1.0548108324423077e-22, nan 
-39.625, 76.375, 1.0383197049012683e-22, nan 
-39.375, 76.375, 8.274269923738081e-23, nan 
-39.125, 76.375, 9.598362131541227e-23, nan 
-38.875, 76.375, 1.3238496807771174e-22, nan 
-38.625, 76.375, 1.5336278214948016e-22, nan 
-38.375, 76.375, 1.431017314394318e-22, nan 
-38.125, 76.375, 8.963165037101177e-23, nan 
-37.875, 76.375, 1.019768513465364e-22, nan 
-37.625, 76.375, 1.1113465476792738e-22, nan 
-37.375, 76.375, 1.0813966019452573e-22, nan 
-37.125, 76.375, 9.256515516014394e-23, nan 
-36.875, 76.375, 4.0807820041629906e-23, nan 
-36.625, 76.375, 4.3233800614590026e-23, nan 
-36.375, 76.375, 4.335377182362957e-23, nan 
-36.125, 76.375, 3.629030898201371e-23, nan 
-35.875, 76.375, 3.9278739665232555e-23, nan 
-35.625, 76.375, 4.5927603611114933e-23, nan 
-35.375, 76.375, 3.525241364821895e-23, nan 
-35.125, 76.375, 1.521700250130439e-23, nan 
-34.875, 76.375, 1.7412391069481177e-23, nan 
-34.625, 76.375, 2.269720212803898e-23, nan 
-34.375, 76.375, 3.93207224034237e-23, nan 
-34.125, 76.375, 4.972234055936211e-23, nan 
-33.875, 76.375, 7.420822734121709e-23, nan 
-33.625, 76.375, 6.824711120912917e-23, nan 
-33.375, 76.375, 6.850903004986777e-23, nan 
-33.125, 76.375, 3.2917963209373334e-23, nan 
-32.875, 76.375, 3.8698203626170866e-23, nan 
-32.625, 76.375, 3.658841012697419e-23, nan 
-32.375, 76.375, 3.4975913533270784e-23, nan 
-32.125, 76.375, 2.9009398160664204e-23, nan 
-31.875, 76.375, 1.6521002697310057e-23, nan 
-31.625, 76.375, 2.175362614474411e-23, nan 
-31.375, 76.375, 7.433629308406737e-23, nan 
-31.125, 76.375, 6.651077858888678e-23, nan 
-30.875, 76.375, 5.1915993329372257e-23, nan 
-30.625, 76.375, 5.098023968827688e-23, nan 
-30.375, 76.375, 4.0807229339186706e-23, nan 
-30.125, 76.375, 4.361835088134959e-23, nan 
-29.875, 76.375, 2.323489987522164e-23, nan 
-29.625, 76.375, 7.533136470203068e-23, nan 
-29.375, 76.375, 5.900202462498884e-23, nan 
-29.125, 76.375, 4.1760538669330046e-23, nan 
-28.875, 76.375, 4.8498341993001746e-23, nan 
-28.625, 76.375, 2.379409922064466e-23, nan 
-28.375, 76.375, 5.762321154202973e-23, nan 
-28.125, 76.375, 7.046782246350223e-23, nan 
-27.875, 76.375, 4.2621852647445847e-23, nan 
-27.625, 76.375, 7.356142059296936e-23, nan 
-27.375, 76.375, 1.0055928393592872e-22, nan 
-27.125, 76.375, 1.98461008212678e-23, nan 
-26.875, 76.375, 1.4579037821107775e-22, nan 
-26.625, 76.375, 2.1972420390639017e-23, nan 
-26.375, 76.375, 3.1880370528317305e-23, nan 
-26.125, 76.375, 6.313401616621793e-23, nan 
-25.875, 76.375, 1.5738699061434308e-23, nan 
-25.625, 76.375, 6.079792034751323e-23, nan 
-25.375, 76.375, 2.6649975638853276e-23, nan 
-25.125, 76.375, 1.6103125267739453e-23, nan 
-24.875, 76.375, 1.634316339111966e-23, nan 
-24.625, 76.375, 1.510305817782248e-23, nan 
-24.375, 76.375, 1.3068879122760218e-23, nan 
-24.125, 76.375, 1.5152621827234432e-23, nan 
-23.875, 76.375, 1.1077614491256057e-23, nan 
-23.625, 76.375, 2.0375113205874775e-23, nan 
-23.375, 76.375, 2.0223684407075914e-23, nan 
-23.125, 76.375, 1.7233221923834032e-23, nan 
-22.875, 76.375, 1.713711729349499e-23, nan 
-22.625, 76.375, 1.4534301293345923e-23, nan 
-22.375, 76.375, 1.6009318154279126e-23, nan 
-22.125, 76.375, 2.077385145592557e-23, nan 
-21.875, 76.375, 2.556378592420435e-23, nan 
-21.625, 76.375, 2.2293543495834548e-23, nan 
-21.375, 76.375, 1.8109499503772368e-23, nan 
-21.125, 76.375, 1.70418384013994e-23, nan 
-20.875, 76.375, 2.24046614398626e-23, nan 
-20.625, 76.375, 2.6759292602305763e-23, nan 
-20.375, 76.375, 2.1516790819070394e-23, nan 
-20.125, 76.375, 2.370430832328735e-23, nan 
-19.875, 76.375, 1.9869585036510754e-23, nan 
-19.625, 76.375, 2.398257788800142e-23, nan 
-19.375, 76.375, 2.1767269525748008e-23, nan 
-19.125, 76.375, 1.9614005226184857e-23, nan 
-18.875, 76.375, 1.914726646168611e-23, nan 
-18.625, 76.375, 2.0149867665829257e-23, nan 
-18.375, 76.375, 3.054369033682083e-23, nan 
-18.125, 76.375, 2.3999561600827166e-23, nan 
-17.875, 76.375, 2.658376309925297e-23, nan 
-17.625, 76.375, 1.8430168440463033e-23, nan 
-17.375, 76.375, 1.8132612957465264e-23, nan 
-17.125, 76.375, 1.0744300248743707e-23, nan 
-16.875, 76.375, 1.5536215266466194e-23, nan 
-16.625, 76.375, 1.377690173394662e-23, nan 
-16.375, 76.375, 1.464475236940576e-23, nan 
-16.125, 76.375, 1.1982139046653417e-23, nan 
-15.875, 76.375, 1.4852888285966402e-23, nan 
-15.625, 76.375, 1.5925150204156255e-23, nan 
-15.375, 76.375, 1.4127640326598377e-23, nan 
-15.125, 76.375, 1.0435933311582233e-23, nan 
-14.875, 76.375, 8.010403602391059e-24, nan 
-14.625, 76.375, 8.381616030815838e-24, nan 
-14.375, 76.375, 6.3871121478992876e-24, nan 
-14.125, 76.375, 1.277324411917132e-23, nan 
-13.875, 76.375, 1.0345918245858172e-23, nan 
-13.625, 76.375, 1.1296549182741595e-23, nan 
-13.375, 76.375, 9.654783555645131e-24, nan 
-13.125, 76.375, 1.2049771729986876e-23, nan 
-12.875, 76.375, 1.2192932143937633e-23, nan 
-12.625, 76.375, 2.2131255197337695e-23, nan 
-12.375, 76.375, 1.778161513060658e-23, nan 
-12.125, 76.375, 1.568893787440943e-23, nan 
-11.875, 76.375, 1.0520123500121815e-23, nan 
-11.625, 76.375, 1.0345750644843122e-23, nan 
-11.375, 76.375, 1.4449678080678156e-23, nan 
-11.125, 76.375, 1.7566019718925093e-23, nan 
-10.875, 76.375, 2.3567204004768464e-23, nan 
-10.625, 76.375, 2.0628243939453006e-23, nan 
-10.375, 76.375, 1.593479986409539e-23, nan 
-10.125, 76.375, 1.3893121415878733e-23, nan 
-9.875, 76.375, 1.5489881252602668e-23, nan 
-9.625, 76.375, 2.1218027664732234e-23, nan 
-9.375, 76.375, 2.0955202280431764e-23, nan 
-9.125, 76.375, 1.7262451945434663e-23, nan 
-8.875, 76.375, 1.9695139446500703e-23, nan 
-8.625, 76.375, 2.1632140900935147e-23, nan 
-8.375, 76.375, 1.9630605745420922e-23, nan 
-8.125, 76.375, 2.1536211085670992e-23, nan 
-7.875, 76.375, 3.2652008907194565e-23, nan 
-7.625, 76.375, 2.423762903586889e-23, nan 
-7.375, 76.375, 2.1127790575191504e-23, nan 
-7.125, 76.375, 1.7433435771025168e-23, nan 
-6.875, 76.375, 1.702084634799306e-23, nan 
-6.625, 76.375, 2.2893685056915038e-23, nan 
-6.375, 76.375, 1.7585599618109085e-23, nan 
-6.125, 76.375, 1.315938294168715e-23, nan 
-5.875, 76.375, 1.3661349280466967e-23, nan 
-5.625, 76.375, 1.0685896691213635e-23, nan 
-5.375, 76.375, 9.180112387033523e-24, nan 
-5.125, 76.375, 1.5521091917689862e-23, nan 
-4.875, 76.375, 1.181979269107722e-23, nan 
-4.625, 76.375, 1.566340737042377e-23, nan 
-4.375, 76.375, 1.469245099930922e-23, nan 
-4.125, 76.375, 1.3235419516513236e-23, nan 
-3.875, 76.375, 1.064672545209509e-23, nan 
-3.625, 76.375, 7.564141882439391e-24, nan 
-3.375, 76.375, 1.0718985527078536e-23, nan 
-3.125, 76.375, 1.0359673166235155e-23, nan 
-2.875, 76.375, 1.6236019103278912e-23, nan 
-2.625, 76.375, 9.92214898548037e-24, nan 
-2.375, 76.375, 8.914000905081542e-24, nan 
-2.125, 76.375, 8.307791163338386e-24, nan 
-1.875, 76.375, 9.149474746117521e-24, nan 
-1.625, 76.375, 1.7148689352152272e-23, nan 
-1.375, 76.375, 9.063542141846543e-24, nan 
-1.125, 76.375, 5.0656544523134354e-24, nan 
-0.875, 76.375, 8.912544490535154e-24, nan 
-0.625, 76.375, 8.869555333787647e-24, nan 
-0.375, 76.375, 5.2012218977365285e-24, nan 
-0.125, 76.375, 6.515961245145684e-24, nan 
0.125, 76.375, 8.184275591726655e-24, nan 
0.375, 76.375, 7.058016703916372e-24, nan 
0.625, 76.375, 8.479363933442418e-24, nan 
0.875, 76.375, 9.643358622746828e-24, nan 
1.125, 76.375, 7.887819718809314e-24, nan 
1.375, 76.375, 9.011552851520847e-24, nan 
1.625, 76.375, 4.5811861567141484e-24, nan 
1.875, 76.375, 4.747999875314795e-24, nan 
2.125, 76.375, 1.2496970583261e-23, nan 
2.375, 76.375, 1.280744885705566e-23, nan 
2.625, 76.375, 1.692744553361657e-23, nan 
2.875, 76.375, 2.698922261724e-23, nan 
3.125, 76.375, 2.614869384185602e-23, nan 
3.375, 76.375, 1.9493155950535653e-23, nan 
3.625, 76.375, 1.0553305208151754e-23, nan 
3.875, 76.375, 5.166200025366884e-24, nan 
4.125, 76.375, 3.826891488703515e-24, nan 
4.375, 76.375, 3.1718279927836834e-24, nan 
4.625, 76.375, 5.7811323001616315e-24, nan 
4.875, 76.375, 4.264566918864617e-24, nan 
5.125, 76.375, 3.125634640665167e-24, nan 
5.375, 76.375, 5.398704153281646e-24, nan 
5.625, 76.375, 5.316231145068861e-24, nan 
5.875, 76.375, 6.094620205440084e-24, nan 
6.125, 76.375, 6.0723912272039366e-24, nan 
6.375, 76.375, 6.923220263422899e-24, nan 
6.625, 76.375, 5.4608791203558536e-24, nan 
6.875, 76.375, 7.015890851133255e-24, nan 
7.125, 76.375, 8.083701070515105e-24, nan 
7.375, 76.375, 7.146026514262352e-24, nan 
7.625, 76.375, 6.234245839675716e-24, nan 
7.875, 76.375, 5.516154425917874e-24, nan 
8.125, 76.375, 4.285430316222732e-24, nan 
8.375, 76.375, 7.075568135668184e-24, nan 
8.625, 76.375, 2.9990734794462847e-24, nan 
8.875, 76.375, 2.201781140435242e-24, nan 
9.125, 76.375, 2.3419401377809855e-24, nan 
9.375, 76.375, 3.5609269221289274e-24, nan 
9.625, 76.375, 3.372991634819324e-24, nan 
9.875, 76.375, 1.771990062613025e-24, nan 
10.125, 76.375, 2.9971362383711105e-24, nan 
10.375, 76.375, 1.9280888315902446e-24, nan 
10.625, 76.375, 2.6712085748430894e-24, nan 
10.875, 76.375, 1.5357041672022044e-24, nan 
11.125, 76.375, 2.2907824111564012e-24, nan 
11.375, 76.375, 1.6587494439906055e-24, nan 
11.625, 76.375, 2.2728820608574802e-24, nan 
11.875, 76.375, 2.7813592200574227e-24, nan 
12.125, 76.375, 1.5171907842781768e-24, nan 
12.375, 76.375, 2.6270586383552716e-24, nan 
12.625, 76.375, 9.611054156716376e-25, nan 
12.875, 76.375, 8.789515424250877e-25, nan 
13.125, 76.375, 1.3975072415422873e-24, nan 
13.375, 76.375, 2.0234967126183635e-24, nan 
13.625, 76.375, 3.17571351067199e-24, nan 
13.875, 76.375, 4.616663393176736e-24, nan 
14.125, 76.375, 3.544586104097571e-24, nan 
14.375, 76.375, 2.6054437391068798e-24, nan 
14.625, 76.375, 4.00550043507583e-24, nan 
14.875, 76.375, 3.955129244705337e-24, nan 
15.125, 76.375, 5.000602607778766e-24, nan 
15.375, 76.375, 5.1784515570043476e-24, nan 
15.625, 76.375, 4.565660843340563e-24, nan 
15.875, 76.375, 4.111808389564644e-24, nan 
16.125, 76.375, 2.878454128153754e-24, nan 
16.375, 76.375, 4.3408869806290115e-24, nan 
16.625, 76.375, 5.82504886253747e-24, nan 
16.875, 76.375, 4.5522432480185304e-24, nan 
17.125, 76.375, 2.973363037258803e-24, nan 
17.375, 76.375, 1.5207565899757228e-24, nan 
17.625, 76.375, 2.4479318384076356e-24, nan 
17.875, 76.375, 1.4252765106694536e-24, nan 
18.125, 76.375, 1.2306461935668796e-24, nan 
18.375, 76.375, 1.7803557682791995e-24, nan 
18.625, 76.375, 2.30527650568987e-24, nan 
18.875, 76.375, 3.626508715661323e-24, nan 
19.125, 76.375, 3.201526434672776e-24, nan 
19.375, 76.375, 3.0151830141937372e-24, nan 
19.625, 76.375, 2.624301031109581e-24, nan 
19.875, 76.375, 1.7062831920041544e-24, nan 
20.125, 76.375, 2.211644910413674e-24, nan 
20.375, 76.375, 2.44176281177896e-24, nan 
20.625, 76.375, 2.4421203032891708e-24, nan 
20.875, 76.375, 1.9049533062941564e-24, nan 
21.125, 76.375, 1.5094842580184193e-24, nan 
21.375, 76.375, 1.213767775331041e-24, nan 
21.625, 76.375, 1.2825146474714539e-24, nan 
21.875, 76.375, 1.3479540372861588e-24, nan 
22.125, 76.375, 1.876238689654887e-24, nan 
22.375, 76.375, 3.0661226803335636e-24, nan 
22.625, 76.375, 1.913736845514877e-24, nan 
22.875, 76.375, 1.8592361648453413e-24, nan 
23.125, 76.375, 2.362761454099826e-24, nan 
23.375, 76.375, 1.925795879830518e-24, nan 
23.625, 76.375, 1.662768875327827e-24, nan 
23.875, 76.375, 1.198356436759027e-24, nan 
24.125, 76.375, 1.0649485189975854e-24, nan 
24.375, 76.375, 1.350709572652412e-24, nan 
24.625, 76.375, 1.0193719981132171e-24, nan 
24.875, 76.375, 8.744923581920216e-25, nan 
25.125, 76.375, 1.2816711751726393e-24, nan 
25.375, 76.375, 9.46170964217331e-25, nan 
25.625, 76.375, 1.1780317652237313e-24, nan 
25.875, 76.375, 1.906558732851055e-24, nan 
26.125, 76.375, 3.6908957827140295e-24, nan 
26.375, 76.375, 3.2813185476775265e-24, nan 
26.625, 76.375, 2.5443258145077932e-24, nan 
26.875, 76.375, 1.814928399229848e-24, nan 
27.125, 76.375, 1.1923649591342685e-24, nan 
27.375, 76.375, 1.620377044611216e-24, nan 
27.625, 76.375, 2.9426628599426706e-24, nan 
27.875, 76.375, 1.920878080290049e-24, nan 
28.125, 76.375, 1.3772026219726813e-24, nan 
28.375, 76.375, 1.4554422859358624e-24, nan 
28.625, 76.375, 1.623309761642777e-24, nan 
28.875, 76.375, 2.2822939435573675e-24, nan 
29.125, 76.375, 2.38176569092188e-24, nan 
29.375, 76.375, 2.009115101360229e-24, nan 
29.625, 76.375, 1.6836641826496826e-24, nan 
29.875, 76.375, 1.7395834771180382e-24, nan 
30.125, 76.375, 1.7279859977346864e-24, nan 
30.375, 76.375, 2.13087543145941e-24, nan 
30.625, 76.375, 1.6569911267395355e-24, nan 
30.875, 76.375, 1.545939947413182e-24, nan 
31.125, 76.375, 2.0094736779562404e-24, nan 
31.375, 76.375, 1.689593823812364e-24, nan 
31.625, 76.375, 1.7172080309517283e-24, nan 
31.875, 76.375, 1.537842658535995e-24, nan 
32.125, 76.375, 1.2087377403433063e-24, nan 
32.375, 76.375, 2.329099364763178e-24, nan 
32.625, 76.375, 1.607130157941201e-24, nan 
32.875, 76.375, 1.0308357964831945e-24, nan 
33.125, 76.375, 1.2201616370605349e-24, nan 
33.375, 76.375, 6.5720941638107e-25, nan 
33.625, 76.375, 1.1388263927087996e-24, nan 
33.875, 76.375, 1.3968562970393164e-24, nan 
34.125, 76.375, 1.0055626714947814e-24, nan 
34.375, 76.375, 1.2480028467230584e-24, nan 
34.625, 76.375, 7.37882105228966e-25, nan 
34.875, 76.375, 7.7351573375959615e-25, nan 
35.125, 76.375, 7.996030754613638e-25, nan 
35.375, 76.375, 1.0077784477649334e-24, nan 
35.625, 76.375, 1.007980936812838e-24, nan 
35.875, 76.375, 7.791854094555733e-25, nan 
36.125, 76.375, 5.681392707260659e-25, nan 
36.375, 76.375, 5.504315794985806e-25, nan 
36.625, 76.375, 1.3170332526078395e-24, nan 
-96.375, 76.625, 8.223059299840848e-23, nan 
-96.125, 76.625, 9.617391456333455e-23, nan 
-95.875, 76.625, 6.811740928925917e-23, nan 
-95.625, 76.625, 8.572131832026974e-23, nan 
-95.375, 76.625, 1.173776727926039e-22, nan 
-95.125, 76.625, 1.3278954292337065e-22, nan 
-94.875, 76.625, 1.342099594757597e-22, nan 
-94.625, 76.625, 9.914240547953765e-23, nan 
-94.375, 76.625, 1.0776744618394952e-22, nan 
-94.125, 76.625, 6.389755286840329e-23, nan 
-93.875, 76.625, 8.662468141250923e-23, nan 
-93.625, 76.625, 8.130687362777059e-23, nan 
-93.375, 76.625, 6.9055235981328e-23, nan 
-93.125, 76.625, 1.0573549110605708e-22, nan 
-92.875, 76.625, 6.702460175316019e-23, nan 
-92.625, 76.625, 9.15684250691137e-23, nan 
-92.375, 76.625, 1.211951254763089e-22, nan 
-92.125, 76.625, 1.306635142866581e-22, nan 
-91.875, 76.625, 1.0691667421622513e-22, nan 
-91.625, 76.625, 1.4059523012448095e-22, nan 
-91.375, 76.625, 2.9303194700235846e-22, nan 
-91.125, 76.625, 2.139415619676193e-22, nan 
-90.875, 76.625, 1.821339481639464e-22, nan 
-90.625, 76.625, 1.7448000527678986e-22, nan 
-90.375, 76.625, 2.1418430244400964e-22, nan 
-90.125, 76.625, 3.0077683032908464e-22, nan 
-89.875, 76.625, 2.822355182085743e-22, nan 
-89.625, 76.625, 1.8164654318004663e-22, nan 
-89.375, 76.625, 1.467163670397131e-22, nan 
-89.125, 76.625, 1.693318309828023e-22, nan 
-88.875, 76.625, 1.6104343838933782e-22, nan 
-88.625, 76.625, 8.39726526125502e-23, nan 
-88.375, 76.625, 9.334644628853161e-23, nan 
-88.125, 76.625, 1.2841651122884895e-22, nan 
-87.875, 76.625, 6.25273622077592e-23, nan 
-87.625, 76.625, 6.773475903407312e-23, nan 
-87.375, 76.625, 9.48441188424696e-23, nan 
-87.125, 76.625, 9.288795717768082e-23, nan 
-86.875, 76.625, 1.2892232785135133e-22, nan 
-86.625, 76.625, 1.2406439139586058e-22, nan 
-86.375, 76.625, 1.3386417487117756e-22, nan 
-86.125, 76.625, 1.0732776268771635e-22, nan 
-85.875, 76.625, 8.691631353816162e-23, nan 
-85.625, 76.625, 1.2413229856332554e-22, nan 
-85.375, 76.625, 1.0941925872585121e-22, nan 
-85.125, 76.625, 7.409739101386736e-23, nan 
-84.875, 76.625, 6.270905988838287e-23, nan 
-84.625, 76.625, 7.234273505112364e-23, nan 
-84.375, 76.625, 9.454648430526093e-23, nan 
-84.125, 76.625, 1.2510960164474983e-22, nan 
-83.875, 76.625, 1.3511830609777745e-22, nan 
-83.625, 76.625, 1.3820471447209868e-22, nan 
-83.375, 76.625, 1.107212623088969e-22, nan 
-83.125, 76.625, 1.5657775393897811e-22, nan 
-82.875, 76.625, 1.488729495130526e-22, nan 
-82.625, 76.625, 2.045723852459527e-22, nan 
-82.375, 76.625, 1.855415841475612e-22, nan 
-82.125, 76.625, 1.7873919575808486e-22, nan 
-81.875, 76.625, 1.9695952579358576e-22, nan 
-81.625, 76.625, 1.7585652201360367e-22, nan 
-81.375, 76.625, 2.446740875541209e-22, nan 
-81.125, 76.625, 2.199045958868051e-22, nan 
-80.875, 76.625, 3.868666091471298e-22, nan 
-80.625, 76.625, 2.9184170855818225e-22, nan 
-80.375, 76.625, 1.3657796881465323e-22, nan 
-80.125, 76.625, 1.250047429777858e-22, nan 
-79.875, 76.625, 1.7167945122635894e-22, nan 
-79.625, 76.625, 1.5033830690393887e-22, nan 
-79.375, 76.625, 1.9903552370750755e-22, nan 
-79.125, 76.625, 1.4379315654748593e-22, nan 
-78.875, 76.625, 2.0898238770599182e-22, nan 
-78.625, 76.625, 1.653528434813544e-22, nan 
-78.375, 76.625, 1.5608032928426277e-22, nan 
-78.125, 76.625, 1.7054375928614385e-22, nan 
-77.875, 76.625, 1.857897454031954e-22, nan 
-77.625, 76.625, 2.629617989804813e-22, nan 
-77.375, 76.625, 1.9779152657045936e-22, nan 
-77.125, 76.625, 1.562984694513488e-22, nan 
-76.875, 76.625, 9.529483453262684e-23, nan 
-76.625, 76.625, 1.6214508184704078e-22, nan 
-76.375, 76.625, 2.9031399942053046e-22, nan 
-76.125, 76.625, 2.3035242665255503e-22, nan 
-75.875, 76.625, 2.1218929520240624e-22, nan 
-75.625, 76.625, 1.6169902554252405e-22, nan 
-75.375, 76.625, 2.9894726613420995e-22, nan 
-75.125, 76.625, 4.367577095991298e-22, nan 
-74.875, 76.625, 3.255283752375593e-22, nan 
-74.625, 76.625, 3.259883333455591e-22, nan 
-74.375, 76.625, 3.572402457458018e-22, nan 
-74.125, 76.625, 4.1425307082478197e-22, nan 
-73.875, 76.625, 3.85331618858698e-22, nan 
-73.625, 76.625, 3.857730716622566e-22, nan 
-73.375, 76.625, 3.2545431771869613e-22, nan 
-73.125, 76.625, 3.9119997950973724e-22, nan 
-72.875, 76.625, 4.1572680568016804e-22, nan 
-72.625, 76.625, 3.7538170237468287e-22, nan 
-72.375, 76.625, 2.894650044422214e-22, nan 
-72.125, 76.625, 2.2554294519457854e-22, nan 
-71.875, 76.625, 1.7592906321130286e-22, nan 
-71.625, 76.625, 1.5942850832116676e-22, nan 
-71.375, 76.625, 1.2799432963336281e-22, nan 
-71.125, 76.625, 1.61518478066347e-22, nan 
-70.875, 76.625, 1.7680628291482818e-22, nan 
-70.625, 76.625, 1.5225582227073963e-22, nan 
-70.375, 76.625, 1.7931725543632615e-22, nan 
-70.125, 76.625, 1.5411439298524532e-22, nan 
-69.875, 76.625, 5.78804698584848e-22, nan 
-69.625, 76.625, 5.789404755031613e-22, nan 
-69.375, 76.625, 2.0053322765135795e-21, nan 
-69.125, 76.625, 1.0003168741600002e-21, nan 
-68.875, 76.625, 1.7364279491818239e-22, nan 
-68.625, 76.625, 9.944129950978007e-23, nan 
-68.375, 76.625, 9.10839085999649e-23, nan 
-68.125, 76.625, 1.6357453905732889e-22, nan 
-67.875, 76.625, 1.4879103246083563e-22, nan 
-67.625, 76.625, 1.1030531386539185e-22, nan 
-67.375, 76.625, 9.099660050040916e-23, nan 
-67.125, 76.625, 8.214924060450513e-23, nan 
-66.875, 76.625, 8.965286673691671e-23, nan 
-66.625, 76.625, 1.0309423983027978e-22, nan 
-66.375, 76.625, 1.1554851786794955e-22, nan 
-66.125, 76.625, 8.769414875985354e-23, nan 
-65.875, 76.625, 9.478424668232477e-23, nan 
-65.625, 76.625, 1.5435225867729173e-22, nan 
-65.375, 76.625, 1.9142756628396427e-22, nan 
-65.125, 76.625, 1.6793406131031653e-22, nan 
-64.875, 76.625, 1.0622370997689009e-22, nan 
-64.625, 76.625, 1.1332282932072917e-22, nan 
-64.375, 76.625, 8.015404722640747e-23, nan 
-64.125, 76.625, 5.332969046529324e-23, nan 
-63.875, 76.625, 3.443477444517327e-23, nan 
-63.625, 76.625, 4.720434646513529e-23, nan 
-63.375, 76.625, 7.616312126237343e-23, nan 
-63.125, 76.625, 5.764059582856197e-23, nan 
-62.875, 76.625, 8.388521306885165e-23, nan 
-62.625, 76.625, 8.151155631089592e-23, nan 
-62.375, 76.625, 4.467140516481658e-23, nan 
-62.125, 76.625, 6.323473220447926e-23, nan 
-61.875, 76.625, 8.103467933446247e-23, nan 
-61.625, 76.625, 7.506024054916317e-23, nan 
-61.375, 76.625, 8.379745243934564e-23, nan 
-61.125, 76.625, 1.0427010085854103e-22, nan 
-60.875, 76.625, 9.044618263367524e-23, nan 
-60.625, 76.625, 9.276418351832812e-23, nan 
-60.375, 76.625, 5.098951105057825e-23, nan 
-60.125, 76.625, 6.610921844718224e-23, nan 
-59.875, 76.625, 1.0317685456846052e-22, nan 
-59.625, 76.625, 1.1265847794430004e-22, nan 
-59.375, 76.625, 1.4144663628560175e-22, nan 
-59.125, 76.625, 1.5788575871141675e-22, nan 
-58.875, 76.625, 1.5494234105728873e-22, nan 
-58.625, 76.625, 9.583483036182462e-23, nan 
-58.375, 76.625, 9.988610897997932e-22, nan 
-58.125, 76.625, 1.0960926898085886e-21, nan 
-57.875, 76.625, 1.896364982012864e-21, nan 
-57.625, 76.625, 5.323852102935781e-22, nan 
-57.375, 76.625, 9.633934409393993e-22, nan 
-57.125, 76.625, 1.674001681936243e-21, nan 
-56.875, 76.625, 2.1202938762181455e-21, nan 
-56.625, 76.625, 2.755843904243198e-21, nan 
-56.375, 76.625, 2.0468825126494977e-21, nan 
-56.125, 76.625, 1.914310708731258e-21, nan 
-55.875, 76.625, 1.9097598324211334e-21, nan 
-55.625, 76.625, 1.9234387382913846e-21, nan 
-55.375, 76.625, 1.5533130237459614e-21, nan 
-55.125, 76.625, 2.10790769034941e-21, nan 
-54.875, 76.625, 2.3825817022551773e-21, nan 
-54.625, 76.625, 1.8341531651403366e-21, nan 
-54.375, 76.625, 1.3236609692496388e-21, nan 
-54.125, 76.625, 1.0694096484670165e-21, nan 
-53.875, 76.625, 1.0738955746718762e-21, nan 
-53.625, 76.625, 1.1341621808747909e-21, nan 
-53.375, 76.625, 9.667487763694954e-22, nan 
-53.125, 76.625, 8.034372933989193e-22, nan 
-52.875, 76.625, 6.100285501042693e-22, nan 
-52.625, 76.625, 5.845038075883949e-22, nan 
-52.375, 76.625, 2.7650330720047653e-22, nan 
-52.125, 76.625, 2.0964461710515978e-22, nan 
-51.875, 76.625, 1.4430386298009873e-22, nan 
-51.625, 76.625, 1.5264313033846651e-22, nan 
-51.375, 76.625, 1.5162325219867877e-22, nan 
-51.125, 76.625, 1.5489634089724147e-22, nan 
-50.875, 76.625, 1.5414081122846505e-22, nan 
-50.625, 76.625, 1.1147530933374666e-22, nan 
-50.375, 76.625, 9.8520175521378e-23, nan 
-50.125, 76.625, 1.0043624712040984e-22, nan 
-49.875, 76.625, 8.960564307766894e-23, nan 
-49.625, 76.625, 7.681351347074602e-23, nan 
-49.375, 76.625, 6.624346608296458e-23, nan 
-49.125, 76.625, 5.690564192161106e-23, nan 
-48.875, 76.625, 7.149174148006679e-23, nan 
-48.625, 76.625, 8.96581409617416e-23, nan 
-48.375, 76.625, 8.691508261134047e-23, nan 
-48.125, 76.625, 9.56821085225791e-23, nan 
-47.875, 76.625, 7.362715955669308e-23, nan 
-47.625, 76.625, 4.789949486067502e-23, nan 
-47.375, 76.625, 4.521476456749674e-23, nan 
-47.125, 76.625, 5.1213394514541765e-23, nan 
-46.875, 76.625, 6.995111625744292e-23, nan 
-46.625, 76.625, 7.473506831298671e-23, nan 
-46.375, 76.625, 8.627534139620316e-23, nan 
-46.125, 76.625, 1.0071841831161427e-22, nan 
-45.875, 76.625, 9.529628559807522e-23, nan 
-45.625, 76.625, 8.218615786026254e-23, nan 
-45.375, 76.625, 6.154917812819277e-23, nan 
-45.125, 76.625, 6.844813005654651e-23, nan 
-44.875, 76.625, 8.58564678328112e-23, nan 
-44.625, 76.625, 1.4177575651911405e-22, nan 
-44.375, 76.625, 1.3096597616388908e-22, nan 
-44.125, 76.625, 1.0485844427513092e-22, nan 
-43.875, 76.625, 5.44012095790738e-23, nan 
-43.625, 76.625, 4.948157964700444e-23, nan 
-43.375, 76.625, 1.106557934477537e-22, nan 
-43.125, 76.625, 1.1681903050488146e-22, nan 
-42.875, 76.625, 1.0441323315215432e-22, nan 
-42.625, 76.625, 7.035977068923392e-23, nan 
-42.375, 76.625, 4.9127124195147543e-23, nan 
-42.125, 76.625, 4.476553440330874e-23, nan 
-41.875, 76.625, 5.30994195707395e-23, nan 
-41.625, 76.625, 7.25428078224387e-23, nan 
-41.375, 76.625, 7.38989824223427e-23, nan 
-41.125, 76.625, 6.615093992304628e-23, nan 
-40.875, 76.625, 5.614142820685604e-23, nan 
-40.625, 76.625, 4.954699001042786e-23, nan 
-40.375, 76.625, 5.870242365273452e-23, nan 
-40.125, 76.625, 6.64550914927071e-23, nan 
-39.875, 76.625, 7.303967841689189e-23, nan 
-39.625, 76.625, 7.602698400475321e-23, nan 
-39.375, 76.625, 7.294510592327816e-23, nan 
-39.125, 76.625, 7.549995158527007e-23, nan 
-38.875, 76.625, 8.693786250158782e-23, nan 
-38.625, 76.625, 1.0426614690871908e-22, nan 
-38.375, 76.625, 1.0409849442834431e-22, nan 
-38.125, 76.625, 7.592052061047254e-23, nan 
-37.875, 76.625, 7.687977154687785e-23, nan 
-37.625, 76.625, 7.847473245417232e-23, nan 
-37.375, 76.625, 5.614621828727535e-23, nan 
-37.125, 76.625, 3.6374655164449765e-23, nan 
-36.875, 76.625, 3.851111078841353e-23, nan 
-36.625, 76.625, 3.729892015842406e-23, nan 
-36.375, 76.625, 3.2046867569140815e-23, nan 
-36.125, 76.625, 5.1055020487893815e-23, nan 
-35.875, 76.625, 5.470609717331183e-23, nan 
-35.625, 76.625, 6.074303159585645e-23, nan 
-35.375, 76.625, 4.91994691228778e-23, nan 
-35.125, 76.625, 3.189494176245512e-23, nan 
-34.875, 76.625, 3.1224288981871165e-23, nan 
-34.625, 76.625, 4.110346623208582e-23, nan 
-34.375, 76.625, 5.504055182656365e-23, nan 
-34.125, 76.625, 5.1570332470856304e-23, nan 
-33.875, 76.625, 3.868470696747924e-23, nan 
-33.625, 76.625, 2.7638567454378844e-23, nan 
-33.375, 76.625, 3.292939961588775e-23, nan 
-33.125, 76.625, 3.2394998463269965e-23, nan 
-32.875, 76.625, 3.44771909224326e-23, nan 
-32.625, 76.625, 3.3289735998683287e-23, nan 
-32.375, 76.625, 2.997918958453475e-23, nan 
-32.125, 76.625, 1.8061530154246263e-23, nan 
-31.875, 76.625, 1.617134696672812e-23, nan 
-31.625, 76.625, 2.4907969680809e-23, nan 
-31.375, 76.625, 2.679603639530324e-23, nan 
-31.125, 76.625, 3.145677502547312e-23, nan 
-30.875, 76.625, 2.4985810288541033e-23, nan 
-30.625, 76.625, 2.6319951088479227e-23, nan 
-30.375, 76.625, 2.1378266445965073e-23, nan 
-30.125, 76.625, 6.774301358124868e-24, nan 
-29.875, 76.625, 2.1095066505958974e-23, nan 
-29.625, 76.625, 5.942289529795461e-23, nan 
-29.375, 76.625, 6.148862123558379e-23, nan 
-29.125, 76.625, 5.822502205132762e-23, nan 
-28.875, 76.625, 4.574794760216021e-23, nan 
-28.625, 76.625, 3.4104904522221036e-23, nan 
-28.375, 76.625, 4.500540178133753e-23, nan 
-28.125, 76.625, 3.564737177030987e-23, nan 
-27.875, 76.625, 3.4873780757521875e-23, nan 
-27.625, 76.625, 4.8380324584202745e-23, nan 
-27.375, 76.625, 6.672113146364987e-23, nan 
-27.125, 76.625, 2.3706497864119948e-23, nan 
-26.875, 76.625, 8.150622205961685e-23, nan 
-26.625, 76.625, 2.2800066420844217e-23, nan 
-26.375, 76.625, 2.174620292726313e-23, nan 
-26.125, 76.625, 2.8644859601315365e-23, nan 
-25.875, 76.625, 1.1737256666128573e-23, nan 
-25.625, 76.625, 2.2359174929342706e-23, nan 
-25.375, 76.625, 2.182644524788739e-23, nan 
-25.125, 76.625, 1.6806223315557864e-23, nan 
-24.875, 76.625, 5.962825531379169e-24, nan 
-24.625, 76.625, 4.923127372787152e-24, nan 
-24.375, 76.625, 7.647682884273437e-24, nan 
-24.125, 76.625, 2.0701852587941118e-23, nan 
-23.875, 76.625, 1.0917731071044496e-23, nan 
-23.625, 76.625, 1.1310333683662237e-23, nan 
-23.375, 76.625, 1.262468636858374e-23, nan 
-23.125, 76.625, 1.2057796901636456e-23, nan 
-22.875, 76.625, 1.2786142247014995e-23, nan 
-22.625, 76.625, 8.623868679999535e-24, nan 
-22.375, 76.625, 1.7544819693154795e-23, nan 
-22.125, 76.625, 2.0397390430728454e-23, nan 
-21.875, 76.625, 1.881682441666836e-23, nan 
-21.625, 76.625, 2.1256356176544223e-23, nan 
-21.375, 76.625, 1.7801900121888054e-23, nan 
-21.125, 76.625, 2.1727669334595515e-23, nan 
-20.875, 76.625, 2.2939309558502968e-23, nan 
-20.625, 76.625, 2.2379547752667197e-23, nan 
-20.375, 76.625, 2.2876883358471465e-23, nan 
-20.125, 76.625, 1.612528413001867e-23, nan 
-19.875, 76.625, 1.669581831115499e-23, nan 
-19.625, 76.625, 1.3945366078905887e-23, nan 
-19.375, 76.625, 2.2237920527142014e-23, nan 
-19.125, 76.625, 2.3733832158886182e-23, nan 
-18.875, 76.625, 2.254747078697039e-23, nan 
-18.625, 76.625, 1.9112309668576766e-23, nan 
-18.375, 76.625, 2.0767641264450184e-23, nan 
-18.125, 76.625, 1.2717303124546023e-23, nan 
-17.875, 76.625, 2.5711436299350855e-23, nan 
-17.625, 76.625, 2.3037408815725717e-23, nan 
-17.375, 76.625, 1.9522127965323423e-23, nan 
-17.125, 76.625, 1.9039338479593235e-23, nan 
-16.875, 76.625, 1.208113817435312e-23, nan 
-16.625, 76.625, 1.210929633310301e-23, nan 
-16.375, 76.625, 9.639917249325297e-24, nan 
-16.125, 76.625, 9.36522675731804e-24, nan 
-15.875, 76.625, 1.2865292243071528e-23, nan 
-15.625, 76.625, 1.0079599583766746e-23, nan 
-15.375, 76.625, 1.2099899061196092e-23, nan 
-15.125, 76.625, 1.9803678623533318e-23, nan 
-14.875, 76.625, 1.6988633910246517e-23, nan 
-14.625, 76.625, 1.6942502447966768e-23, nan 
-14.375, 76.625, 1.7568692593496838e-23, nan 
-14.125, 76.625, 1.3669433251283662e-23, nan 
-13.875, 76.625, 1.6782395741823302e-23, nan 
-13.625, 76.625, 1.4580488050162845e-23, nan 
-13.375, 76.625, 1.2754850507012719e-23, nan 
-13.125, 76.625, 1.3473053292107273e-23, nan 
-12.875, 76.625, 9.219849157967806e-24, nan 
-12.625, 76.625, 1.8735377065253604e-23, nan 
-12.375, 76.625, 1.3927725908722536e-23, nan 
-12.125, 76.625, 1.532433205405288e-23, nan 
-11.875, 76.625, 1.5886442352441905e-23, nan 
-11.625, 76.625, 1.3281254777148022e-23, nan 
-11.375, 76.625, 7.65678805180786e-24, nan 
-11.125, 76.625, 8.316877237152499e-24, nan 
-10.875, 76.625, 1.1696508769346551e-23, nan 
-10.625, 76.625, 1.654859883472424e-23, nan 
-10.375, 76.625, 1.618974644507173e-23, nan 
-10.125, 76.625, 1.7206925045990317e-23, nan 
-9.875, 76.625, 1.8292675436103088e-23, nan 
-9.625, 76.625, 2.0035868850462506e-23, nan 
-9.375, 76.625, 1.9003625813563007e-23, nan 
-9.125, 76.625, 1.5640046009180808e-23, nan 
-8.875, 76.625, 1.774481683634251e-23, nan 
-8.625, 76.625, 2.013404670577478e-23, nan 
-8.375, 76.625, 1.9217022472909357e-23, nan 
-8.125, 76.625, 1.8712696196455124e-23, nan 
-7.875, 76.625, 1.9079700579282424e-23, nan 
-7.625, 76.625, 2.490289065985888e-23, nan 
-7.375, 76.625, 1.9930881217902643e-23, nan 
-7.125, 76.625, 2.2889319603128847e-23, nan 
-6.875, 76.625, 2.0102919984569532e-23, nan 
-6.625, 76.625, 1.9511955392341852e-23, nan 
-6.375, 76.625, 2.6811734747493075e-23, nan 
-6.125, 76.625, 1.8721282264866696e-23, nan 
-5.875, 76.625, 2.1023257790873363e-23, nan 
-5.625, 76.625, 1.6922010543797135e-23, nan 
-5.375, 76.625, 1.4232969773192237e-23, nan 
-5.125, 76.625, 1.448162890763102e-23, nan 
-4.875, 76.625, 1.2421251522259279e-23, nan 
-4.625, 76.625, 1.0870747706222093e-23, nan 
-4.375, 76.625, 1.3438127163549197e-23, nan 
-4.125, 76.625, 1.4028852734639223e-23, nan 
-3.875, 76.625, 1.3542953100329253e-23, nan 
-3.625, 76.625, 1.1779860103003957e-23, nan 
-3.375, 76.625, 1.0713109157240007e-23, nan 
-3.125, 76.625, 1.2207856693930808e-23, nan 
-2.875, 76.625, 1.3158857795831191e-23, nan 
-2.625, 76.625, 9.199100733913386e-24, nan 
-2.375, 76.625, 9.868224660393057e-24, nan 
-2.125, 76.625, 1.1560856812643808e-23, nan 
-1.875, 76.625, 1.2017082706255567e-23, nan 
-1.625, 76.625, 1.4199668888237402e-23, nan 
-1.375, 76.625, 1.0291387217938608e-23, nan 
-1.125, 76.625, 1.0192442263552624e-23, nan 
-0.875, 76.625, 9.289445245004856e-24, nan 
-0.625, 76.625, 8.871989068054717e-24, nan 
-0.375, 76.625, 6.62048368888926e-24, nan 
-0.125, 76.625, 7.44870702644414e-24, nan 
0.125, 76.625, 9.706154877496544e-24, nan 
0.375, 76.625, 6.788495716497155e-24, nan 
0.625, 76.625, 6.778905890106574e-24, nan 
0.875, 76.625, 6.660307280061275e-24, nan 
1.125, 76.625, 7.272599939970226e-24, nan 
1.375, 76.625, 7.676172042199047e-24, nan 
1.625, 76.625, 6.074146093443648e-24, nan 
1.875, 76.625, 6.497466714865901e-24, nan 
2.125, 76.625, 9.148673966149186e-24, nan 
2.375, 76.625, 6.805606774102827e-24, nan 
2.625, 76.625, 6.100579726114087e-24, nan 
2.875, 76.625, 4.64190265360158e-24, nan 
3.125, 76.625, 5.3438286518459684e-24, nan 
3.375, 76.625, 4.391012366629752e-24, nan 
3.625, 76.625, 6.729480669710049e-24, nan 
3.875, 76.625, 5.355669745597109e-24, nan 
4.125, 76.625, 3.024136925120034e-24, nan 
4.375, 76.625, 3.4644680339703245e-24, nan 
4.625, 76.625, 4.7815413356768204e-24, nan 
4.875, 76.625, 6.504222256992645e-24, nan 
5.125, 76.625, 7.30139978541796e-24, nan 
5.375, 76.625, 9.381151192561549e-24, nan 
5.625, 76.625, 1.0634250440567415e-23, nan 
5.875, 76.625, 9.63044611375451e-24, nan 
6.125, 76.625, 7.261815665350561e-24, nan 
6.375, 76.625, 7.777574915948429e-24, nan 
6.625, 76.625, 8.816092773962472e-24, nan 
6.875, 76.625, 1.0409360672159456e-23, nan 
7.125, 76.625, 1.1436651409766841e-23, nan 
7.375, 76.625, 7.772675569811717e-24, nan 
7.625, 76.625, 6.366966692495204e-24, nan 
7.875, 76.625, 6.65176269903417e-24, nan 
8.125, 76.625, 3.3696885489272796e-24, nan 
8.375, 76.625, 7.094729295925158e-24, nan 
8.625, 76.625, 2.6787332915314736e-24, nan 
8.875, 76.625, 4.312505410853701e-24, nan 
9.125, 76.625, 6.851040348304781e-24, nan 
9.375, 76.625, 7.294327432250125e-24, nan 
9.625, 76.625, 7.596238295684897e-24, nan 
9.875, 76.625, 6.912659274496183e-24, nan 
10.125, 76.625, 2.9934211442726772e-24, nan 
10.375, 76.625, 3.103955677021336e-24, nan 
10.625, 76.625, 2.853132642313419e-24, nan 
10.875, 76.625, 1.6492086914865182e-24, nan 
11.125, 76.625, 2.1224034472521536e-24, nan 
11.375, 76.625, 2.27909784114964e-24, nan 
11.625, 76.625, 2.084289234858139e-24, nan 
11.875, 76.625, 2.4676172224964855e-24, nan 
12.125, 76.625, 9.390897140382856e-25, nan 
12.375, 76.625, 2.5811493252381672e-24, nan 
12.625, 76.625, 1.746050623127283e-24, nan 
12.875, 76.625, 2.1169280369819532e-24, nan 
13.125, 76.625, 2.7723981661468395e-24, nan 
13.375, 76.625, 3.468208285620714e-24, nan 
13.625, 76.625, 2.27505769980652e-24, nan 
13.875, 76.625, 2.9635448884777334e-24, nan 
14.125, 76.625, 2.619359504972787e-24, nan 
14.375, 76.625, 2.71885912988217e-24, nan 
14.625, 76.625, 3.512412526135639e-24, nan 
14.875, 76.625, 3.824297425507906e-24, nan 
15.125, 76.625, 3.3408171296047104e-24, nan 
15.375, 76.625, 2.8094675215991498e-24, nan 
15.625, 76.625, 3.158878667120487e-24, nan 
15.875, 76.625, 4.518547128851007e-24, nan 
16.125, 76.625, 3.232696393280196e-24, nan 
16.375, 76.625, 3.83285068722847e-24, nan 
16.625, 76.625, 4.5796037492869496e-24, nan 
16.875, 76.625, 2.851574525655245e-24, nan 
17.125, 76.625, 3.1095792764979826e-24, nan 
17.375, 76.625, 2.0528041721959626e-24, nan 
17.625, 76.625, 1.5233701193889909e-24, nan 
17.875, 76.625, 2.3491027905953824e-24, nan 
18.125, 76.625, 9.966595932727016e-25, nan 
18.375, 76.625, 1.8468342401766095e-24, nan 
18.625, 76.625, 1.303543238887576e-24, nan 
18.875, 76.625, 3.394395117146167e-24, nan 
19.125, 76.625, 3.2419399251581735e-24, nan 
19.375, 76.625, 2.0871868334145344e-24, nan 
19.625, 76.625, 6.480044323263668e-25, nan 
19.875, 76.625, 1.3022296197711843e-24, nan 
20.125, 76.625, 2.8631770213346356e-24, nan 
20.375, 76.625, 2.9180756030233453e-24, nan 
20.625, 76.625, 2.2798691679906418e-24, nan 
20.875, 76.625, 1.6207243441521731e-24, nan 
21.125, 76.625, 1.3705423580806576e-24, nan 
21.375, 76.625, 2.2428119733677496e-24, nan 
21.625, 76.625, 1.6513423733633505e-24, nan 
21.875, 76.625, 1.0932440281728694e-24, nan 
22.125, 76.625, 1.1549747791712e-24, nan 
22.375, 76.625, 1.243593309243767e-24, nan 
22.625, 76.625, 2.2358954631118083e-24, nan 
22.875, 76.625, 2.0542986565938153e-24, nan 
23.125, 76.625, 1.483918345127542e-24, nan 
23.375, 76.625, 1.757719794605355e-24, nan 
23.625, 76.625, 2.1412226878552077e-24, nan 
23.875, 76.625, 2.3962975930269014e-24, nan 
24.125, 76.625, 1.8801853426903945e-24, nan 
24.375, 76.625, 2.025241462761662e-24, nan 
24.625, 76.625, 1.514814038632371e-24, nan 
24.875, 76.625, 3.3056788509107663e-24, nan 
25.125, 76.625, 2.9428932575778674e-24, nan 
25.375, 76.625, 3.876622667458779e-24, nan 
25.625, 76.625, 2.781419637072552e-24, nan 
25.875, 76.625, 3.787788408242789e-24, nan 
26.125, 76.625, 5.584083403070383e-24, nan 
26.375, 76.625, 1.0295610734249462e-23, nan 
26.625, 76.625, 2.124523340454903e-23, nan 
26.875, 76.625, 4.975701894254951e-24, nan 
27.125, 76.625, 3.480696736985186e-24, nan 
27.375, 76.625, 2.6563040586177166e-24, nan 
27.625, 76.625, 3.351452385925051e-24, nan 
27.875, 76.625, 5.403668074679116e-24, nan 
28.125, 76.625, 3.3917406706061645e-24, nan 
28.375, 76.625, 1.8925236179883524e-24, nan 
28.625, 76.625, 2.4326976690838426e-24, nan 
28.875, 76.625, 1.0806488950336163e-24, nan 
29.125, 76.625, 2.4839916622099433e-24, nan 
29.375, 76.625, 2.7698184274730983e-24, nan 
29.625, 76.625, 1.661137628604119e-24, nan 
29.875, 76.625, 1.667429286826622e-24, nan 
30.125, 76.625, 1.6458647440355497e-24, nan 
30.375, 76.625, 1.7137548211152334e-24, nan 
30.625, 76.625, 2.1392729370804536e-24, nan 
30.875, 76.625, 2.0615961701185216e-24, nan 
31.125, 76.625, 2.2281056446463396e-24, nan 
31.375, 76.625, 1.852884258364557e-24, nan 
31.625, 76.625, 1.8183700278860325e-24, nan 
31.875, 76.625, 1.729014138620856e-24, nan 
32.125, 76.625, 1.63603209846934e-24, nan 
32.375, 76.625, 2.2089053419453217e-24, nan 
32.625, 76.625, 1.5738827129191155e-24, nan 
32.875, 76.625, 1.3551421711633918e-24, nan 
33.125, 76.625, 1.055224448117039e-24, nan 
33.375, 76.625, 1.2860877902624235e-24, nan 
33.625, 76.625, 1.1716410076620723e-24, nan 
33.875, 76.625, 9.653455534862036e-25, nan 
34.125, 76.625, 1.2327273578916734e-24, nan 
34.375, 76.625, 1.4951103959022571e-24, nan 
34.625, 76.625, 1.005930109098e-24, nan 
34.875, 76.625, 1.0488833599317858e-24, nan 
35.125, 76.625, 1.1736717099683198e-24, nan 
35.375, 76.625, 1.2321856145318402e-24, nan 
35.625, 76.625, 9.881893925404287e-25, nan 
35.875, 76.625, 8.814460823414534e-25, nan 
36.125, 76.625, 1.2797555118050188e-24, nan 
36.375, 76.625, 1.1418540266607959e-24, nan 
36.625, 76.625, 8.816178973970972e-25, nan 
36.875, 76.625, 1.030619072483515e-24, nan 
37.125, 76.625, 9.58681173922331e-25, nan 
37.375, 76.625, 9.78793822117016e-25, nan 
37.625, 76.625, 9.54008122735861e-25, nan 
37.875, 76.625, 6.5345704017743375e-25, nan 
38.125, 76.625, 6.515600304325806e-25, nan 
-96.625, 76.875, 5.512825782039925e-23, nan 
-96.375, 76.875, 5.1472283454229633e-23, nan 
-96.125, 76.875, 4.656123162283985e-23, nan 
-95.875, 76.875, 4.300862799700728e-23, nan 
-95.625, 76.875, 5.699046628953728e-23, nan 
-95.375, 76.875, 9.137994182176078e-23, nan 
-95.125, 76.875, 8.001336234642725e-23, nan 
-94.875, 76.875, 8.723446069244897e-23, nan 
-94.625, 76.875, 6.747485806885403e-23, nan 
-94.375, 76.875, 6.206153875771469e-23, nan 
-94.125, 76.875, 6.639178162156479e-23, nan 
-93.875, 76.875, 8.90808725667555e-23, nan 
-93.625, 76.875, 7.773017583468588e-23, nan 
-93.375, 76.875, 5.448481213611423e-23, nan 
-93.125, 76.875, 5.684402400866616e-23, nan 
-92.875, 76.875, 5.2603962697675346e-23, nan 
-92.625, 76.875, 7.549375847445603e-23, nan 
-92.375, 76.875, 1.0709992377127454e-22, nan 
-92.125, 76.875, 1.0572890716592121e-22, nan 
-91.875, 76.875, 1.0201326270783069e-22, nan 
-91.625, 76.875, 1.078105951378983e-22, nan 
-91.375, 76.875, 1.5146437214733743e-22, nan 
-91.125, 76.875, 1.4295404842816711e-22, nan 
-90.875, 76.875, 1.3837020591382817e-22, nan 
-90.625, 76.875, 1.2590589894179224e-22, nan 
-90.375, 76.875, 9.965200444348476e-23, nan 
-90.125, 76.875, 1.200655745621754e-22, nan 
-89.875, 76.875, 1.1944084398245045e-22, nan 
-89.625, 76.875, 1.464879852846858e-22, nan 
-89.375, 76.875, 1.3603495542054302e-22, nan 
-89.125, 76.875, 1.2485373408326466e-22, nan 
-88.875, 76.875, 6.138950406147771e-23, nan 
-88.625, 76.875, 6.503721749179941e-23, nan 
-88.375, 76.875, 5.973161813964372e-23, nan 
-88.125, 76.875, 1.2140601625975699e-22, nan 
-87.875, 76.875, 1.0828118841406848e-22, nan 
-87.625, 76.875, 8.244227897253447e-23, nan 
-87.375, 76.875, 6.759608310297032e-23, nan 
-87.125, 76.875, 4.466633558935902e-23, nan 
-86.875, 76.875, 3.964119897950322e-23, nan 
-86.625, 76.875, 1.0760617180609083e-22, nan 
-86.375, 76.875, 1.1322353199449873e-22, nan 
-86.125, 76.875, 7.042215799017096e-23, nan 
-85.875, 76.875, 7.396059771113675e-23, nan 
-85.625, 76.875, 1.1203689934640054e-22, nan 
-85.375, 76.875, 1.2960307471121545e-22, nan 
-85.125, 76.875, 1.614749169717551e-22, nan 
-84.875, 76.875, 1.2826756234906808e-22, nan 
-84.625, 76.875, 2.0180951388604214e-22, nan 
-84.375, 76.875, 1.3590126003687015e-22, nan 
-84.125, 76.875, 1.237504603467715e-22, nan 
-83.875, 76.875, 1.4539491552324817e-22, nan 
-83.625, 76.875, 1.564325698872914e-22, nan 
-83.375, 76.875, 1.5341871252488244e-22, nan 
-83.125, 76.875, 1.5423468858977913e-22, nan 
-82.875, 76.875, 1.3102983804039256e-22, nan 
-82.625, 76.875, 1.2704284309197497e-22, nan 
-82.375, 76.875, 1.2909357380844553e-22, nan 
-82.125, 76.875, 1.2244449064839842e-22, nan 
-81.875, 76.875, 1.2256810863199982e-22, nan 
-81.625, 76.875, 8.546632961838662e-23, nan 
-81.375, 76.875, 1.2887420683773643e-22, nan 
-81.125, 76.875, 1.0551878705293875e-22, nan 
-80.875, 76.875, 1.129983984182283e-22, nan 
-80.625, 76.875, 1.123867579611159e-22, nan 
-80.375, 76.875, 1.1794183563341946e-22, nan 
-80.125, 76.875, 1.7536806551738245e-22, nan 
-79.875, 76.875, 1.7442716662888037e-22, nan 
-79.625, 76.875, 1.6364699973216744e-22, nan 
-79.375, 76.875, 1.9956830371425444e-22, nan 
-79.125, 76.875, 1.728763496605599e-22, nan 
-78.875, 76.875, 1.771388796218045e-22, nan 
-78.625, 76.875, 1.5046805113712875e-22, nan 
-78.375, 76.875, 1.509732043066881e-22, nan 
-78.125, 76.875, 1.4961694151785127e-22, nan 
-77.875, 76.875, 1.8887561689459647e-22, nan 
-77.625, 76.875, 1.1693443982702199e-22, nan 
-77.375, 76.875, 1.599448526569688e-22, nan 
-77.125, 76.875, 1.0729611098086051e-22, nan 
-76.875, 76.875, 1.439884659968081e-22, nan 
-76.625, 76.875, 1.9802424551529968e-22, nan 
-76.375, 76.875, 2.412526427262951e-22, nan 
-76.125, 76.875, 2.2573720870354617e-22, nan 
-75.875, 76.875, 1.6581206856988714e-22, nan 
-75.625, 76.875, 1.5317837142601415e-22, nan 
-75.375, 76.875, 1.974821970975494e-22, nan 
-75.125, 76.875, 2.679551682101441e-22, nan 
-74.875, 76.875, 4.849106323303671e-22, nan 
-74.625, 76.875, 5.654132859388058e-22, nan 
-74.375, 76.875, 3.448946819414775e-22, nan 
-74.125, 76.875, 2.297359553844759e-22, nan 
-73.875, 76.875, 2.460378075277865e-22, nan 
-73.625, 76.875, 2.259953766039582e-22, nan 
-73.375, 76.875, 2.120100113011043e-22, nan 
-73.125, 76.875, 2.0710882193674461e-22, nan 
-72.875, 76.875, 2.0005678268309783e-22, nan 
-72.625, 76.875, 1.9572788494654712e-22, nan 
-72.375, 76.875, 1.138829827980921e-22, nan 
-72.125, 76.875, 1.4515632175252319e-22, nan 
-71.875, 76.875, 1.3718789373796227e-22, nan 
-71.625, 76.875, 1.0400632983396871e-22, nan 
-71.375, 76.875, 7.244220323060615e-23, nan 
-71.125, 76.875, 3.087352459724292e-22, nan 
-70.875, 76.875, 3.7658156197428556e-22, nan 
-70.625, 76.875, 1.466932204632906e-21, nan 
-70.375, 76.875, 9.885473627099194e-22, nan 
-70.125, 76.875, 1.6347417132806605e-21, nan 
-69.875, 76.875, 1.065311305442449e-21, nan 
-69.625, 76.875, 9.292209056011808e-22, nan 
-69.375, 76.875, 2.9874510688460506e-21, nan 
-69.125, 76.875, 1.5464945986880496e-21, nan 
-68.875, 76.875, 2.991833767364839e-22, nan 
-68.625, 76.875, 4.0187111638640234e-22, nan 
-68.375, 76.875, 4.531628796178782e-22, nan 
-68.125, 76.875, 1.4485829924227517e-21, nan 
-67.875, 76.875, 7.670131399150106e-22, nan 
-67.625, 76.875, 2.2853014366299054e-22, nan 
-67.375, 76.875, 1.0984771632622464e-22, nan 
-67.125, 76.875, 7.80691504057429e-23, nan 
-66.875, 76.875, 4.7837793587349383e-23, nan 
-66.625, 76.875, 5.899793761247295e-23, nan 
-66.375, 76.875, 3.622289092808984e-23, nan 
-66.125, 76.875, 1.0061831768471839e-22, nan 
-65.875, 76.875, 6.157661334726423e-23, nan 
-65.625, 76.875, 6.643515154729061e-23, nan 
-65.375, 76.875, 9.465981203041961e-23, nan 
-65.125, 76.875, 6.597025270364467e-23, nan 
-64.875, 76.875, 9.051819694365194e-23, nan 
-64.625, 76.875, 5.234276350588947e-23, nan 
-64.375, 76.875, 6.442970132230495e-23, nan 
-64.125, 76.875, 8.230845843381539e-23, nan 
-63.875, 76.875, 9.709706361822358e-23, nan 
-63.625, 76.875, 1.2591315540546614e-22, nan 
-63.375, 76.875, 8.782996659506175e-23, nan 
-63.125, 76.875, 8.350795961755631e-23, nan 
-62.875, 76.875, 7.212543736196646e-23, nan 
-62.625, 76.875, 7.933460385378073e-23, nan 
-62.375, 76.875, 8.13297871018084e-23, nan 
-62.125, 76.875, 1.213321525626378e-22, nan 
-61.875, 76.875, 1.0833603726313468e-22, nan 
-61.625, 76.875, 1.0935821906791057e-22, nan 
-61.375, 76.875, 1.0043979073883063e-22, nan 
-61.125, 76.875, 9.184648652909744e-23, nan 
-60.875, 76.875, 9.994480359634148e-23, nan 
-60.625, 76.875, 1.0034952023212263e-22, nan 
-60.375, 76.875, 1.0063204485547133e-22, nan 
-60.125, 76.875, 9.175384408929217e-23, nan 
-59.875, 76.875, 9.298445618935843e-23, nan 
-59.625, 76.875, 1.384341263828504e-22, nan 
-59.375, 76.875, 1.6511180038376844e-22, nan 
-59.125, 76.875, 1.1518095630214623e-22, nan 
-58.875, 76.875, 9.499778188290487e-23, nan 
-58.625, 76.875, 6.1435506822547e-23, nan 
-58.375, 76.875, 4.516231958034691e-22, nan 
-58.125, 76.875, 1.7140820994752644e-21, nan 
-57.875, 76.875, 1.7364040396078217e-21, nan 
-57.625, 76.875, 1.7539800021618836e-21, nan 
-57.375, 76.875, 1.797700362902569e-21, nan 
-57.125, 76.875, 1.4899731866232707e-21, nan 
-56.875, 76.875, 1.912158016894303e-21, nan 
-56.625, 76.875, 2.141031116503136e-21, nan 
-56.375, 76.875, 2.875186048773863e-21, nan 
-56.125, 76.875, 2.9967622184852308e-21, nan 
-55.875, 76.875, 2.4015440318765724e-21, nan 
-55.625, 76.875, 9.515781970876628e-22, nan 
-55.375, 76.875, 2.3041613381884018e-21, nan 
-55.125, 76.875, 3.205165148441839e-21, nan 
-54.875, 76.875, 3.905617185525578e-21, nan 
-54.625, 76.875, 3.015258413466302e-21, nan 
-54.375, 76.875, 1.1692046546602137e-21, nan 
-54.125, 76.875, 8.402562630492754e-22, nan 
-53.875, 76.875, 1.1940469809805742e-21, nan 
-53.625, 76.875, 1.7620264315847297e-21, nan 
-53.375, 76.875, 1.2635689919061234e-21, nan 
-53.125, 76.875, 3.81123653008816e-22, nan 
-52.875, 76.875, 5.54010313575889e-22, nan 
-52.625, 76.875, 6.103337908663157e-22, nan 
-52.375, 76.875, 6.95191573449343e-22, nan 
-52.125, 76.875, 5.4544978941293e-22, nan 
-51.875, 76.875, 1.6808235304333564e-22, nan 
-51.625, 76.875, 1.115499213553386e-22, nan 
-51.375, 76.875, 1.293936252275761e-22, nan 
-51.125, 76.875, 9.942172200927499e-23, nan 
-50.875, 76.875, 8.057175325287856e-23, nan 
-50.625, 76.875, 7.27452695265887e-23, nan 
-50.375, 76.875, 7.45107302342159e-23, nan 
-50.125, 76.875, 7.895599414992739e-23, nan 
-49.875, 76.875, 8.289480681517355e-23, nan 
-49.625, 76.875, 9.736501305869695e-23, nan 
-49.375, 76.875, 9.008088843939147e-23, nan 
-49.125, 76.875, 6.312124749673279e-23, nan 
-48.875, 76.875, 5.0905205621635545e-23, nan 
-48.625, 76.875, 4.6810346226001184e-23, nan 
-48.375, 76.875, 4.6867159245761064e-23, nan 
-48.125, 76.875, 5.764407496366034e-23, nan 
-47.875, 76.875, 5.799870072420644e-23, nan 
-47.625, 76.875, 6.035585238723649e-23, nan 
-47.375, 76.875, 6.796077405485916e-23, nan 
-47.125, 76.875, 5.860905192483906e-23, nan 
-46.875, 76.875, 6.060131002866567e-23, nan 
-46.625, 76.875, 4.7584748055317463e-23, nan 
-46.375, 76.875, 6.069490527948975e-23, nan 
-46.125, 76.875, 7.932217878043414e-23, nan 
-45.875, 76.875, 5.474488995199328e-23, nan 
-45.625, 76.875, 2.6066246732988153e-23, nan 
-45.375, 76.875, 4.397014720649211e-23, nan 
-45.125, 76.875, 7.436928639459697e-23, nan 
-44.875, 76.875, 7.92984628104785e-23, nan 
-44.625, 76.875, 9.381779552251594e-23, nan 
-44.375, 76.875, 7.083735100178915e-23, nan 
-44.125, 76.875, 5.689029241656519e-23, nan 
-43.875, 76.875, 6.089916034461176e-23, nan 
-43.625, 76.875, 6.563018442394212e-23, nan 
-43.375, 76.875, 7.51135829776867e-23, nan 
-43.125, 76.875, 5.918300517860384e-23, nan 
-42.875, 76.875, 3.7847753831838573e-23, nan 
-42.625, 76.875, 3.136371002733053e-23, nan 
-42.375, 76.875, 1.7850802985540958e-23, nan 
-42.125, 76.875, 2.653943615276207e-23, nan 
-41.875, 76.875, 3.4839917802482764e-23, nan 
-41.625, 76.875, 4.4233549951842654e-23, nan 
-41.375, 76.875, 4.036413557903814e-23, nan 
-41.125, 76.875, 3.8448365012309277e-23, nan 
-40.875, 76.875, 3.4227566480414996e-23, nan 
-40.625, 76.875, 4.341943748286451e-23, nan 
-40.375, 76.875, 3.9249222415095466e-23, nan 
-40.125, 76.875, 3.5440915074714504e-23, nan 
-39.875, 76.875, 3.412253557843626e-23, nan 
-39.625, 76.875, 3.510100828390127e-23, nan 
-39.375, 76.875, 4.347947785664943e-23, nan 
-39.125, 76.875, 4.8471782938423364e-23, nan 
-38.875, 76.875, 5.403564211424456e-23, nan 
-38.625, 76.875, 5.707676667163824e-23, nan 
-38.375, 76.875, 6.085199600343686e-23, nan 
-38.125, 76.875, 5.331693224882884e-23, nan 
-37.875, 76.875, 4.85428877384204e-23, nan 
-37.625, 76.875, 4.959582952834053e-23, nan 
-37.375, 76.875, 4.5480976948950963e-23, nan 
-37.125, 76.875, 3.992420415837583e-23, nan 
-36.875, 76.875, 3.08615292379404e-23, nan 
-36.625, 76.875, 3.1300213344012336e-23, nan 
-36.375, 76.875, 3.199818708060054e-23, nan 
-36.125, 76.875, 4.176640641440664e-23, nan 
-35.875, 76.875, 3.717430635162398e-23, nan 
-35.625, 76.875, 2.937531232339324e-23, nan 
-35.375, 76.875, 3.826402466977358e-23, nan 
-35.125, 76.875, 3.141662474483964e-23, nan 
-34.875, 76.875, 3.7015780326909424e-23, nan 
-34.625, 76.875, 4.329468800644669e-23, nan 
-34.375, 76.875, 3.4571985484825155e-23, nan 
-34.125, 76.875, 3.801685402041927e-23, nan 
-33.875, 76.875, 2.927334221567873e-23, nan 
-33.625, 76.875, 1.9997117302615836e-23, nan 
-33.375, 76.875, 2.2380697010526277e-23, nan 
-33.125, 76.875, 1.607078417943926e-23, nan 
-32.875, 76.875, 3.151003395697344e-23, nan 
-32.625, 76.875, 3.613910510499675e-23, nan 
-32.375, 76.875, 3.145278751267082e-23, nan 
-32.125, 76.875, 2.816583507058418e-23, nan 
-31.875, 76.875, 2.4697474320875434e-23, nan 
-31.625, 76.875, 3.318526589742762e-23, nan 
-31.375, 76.875, 4.1340287000769954e-23, nan 
-31.125, 76.875, 2.338508902912305e-23, nan 
-30.875, 76.875, 2.0020945648444677e-23, nan 
-30.625, 76.875, 1.729710344643738e-23, nan 
-30.375, 76.875, 2.2186975612359774e-23, nan 
-30.125, 76.875, 2.781341257795846e-23, nan 
-29.875, 76.875, 2.994547545568592e-23, nan 
-29.625, 76.875, 3.393189816513077e-23, nan 
-29.375, 76.875, 3.687617269475923e-23, nan 
-29.125, 76.875, 3.850064573181342e-23, nan 
-28.875, 76.875, 2.4892438862220273e-23, nan 
-28.625, 76.875, 2.4090568297504688e-23, nan 
-28.375, 76.875, 3.425414504560839e-23, nan 
-28.125, 76.875, 2.8049710263457563e-23, nan 
-27.875, 76.875, 1.2591216078827935e-23, nan 
-27.625, 76.875, 2.2505734655863214e-23, nan 
-27.375, 76.875, 2.9596550256081764e-23, nan 
-27.125, 76.875, 2.794702702372173e-23, nan 
-26.875, 76.875, 2.8202366306510053e-23, nan 
-26.625, 76.875, 2.2111944053214398e-23, nan 
-26.375, 76.875, 1.8691544306140177e-23, nan 
-26.125, 76.875, 2.0663973594946615e-23, nan 
-25.875, 76.875, 2.1560939227392311e-23, nan 
-25.625, 76.875, 3.207378142665337e-23, nan 
-25.375, 76.875, 2.2711305625307308e-23, nan 
-25.125, 76.875, 2.181055026597733e-23, nan 
-24.875, 76.875, 8.950669941919515e-24, nan 
-24.625, 76.875, 1.0533561378267504e-23, nan 
-24.375, 76.875, 2.296130175275621e-23, nan 
-24.125, 76.875, 1.6790215597687335e-23, nan 
-23.875, 76.875, 1.821585160890251e-23, nan 
-23.625, 76.875, 4.7763659016233585e-24, nan 
-23.375, 76.875, 9.157332458678023e-24, nan 
-23.125, 76.875, 1.0978652528899767e-23, nan 
-22.875, 76.875, 7.097356959347206e-24, nan 
-22.625, 76.875, 8.655092475359979e-24, nan 
-22.375, 76.875, 1.1884328883346963e-23, nan 
-22.125, 76.875, 1.6939269215527182e-23, nan 
-21.875, 76.875, 1.8095932086509814e-23, nan 
-21.625, 76.875, 1.8342997934675647e-23, nan 
-21.375, 76.875, 3.748103601437099e-23, nan 
-21.125, 76.875, 3.208979379032884e-23, nan 
-20.875, 76.875, 2.694177536050324e-23, nan 
-20.625, 76.875, 1.457358403481629e-23, nan 
-20.375, 76.875, 1.5502596761666758e-23, nan 
-20.125, 76.875, 1.3045323553460785e-23, nan 
-19.875, 76.875, 1.5868021552390765e-23, nan 
-19.625, 76.875, 2.6491221272206005e-23, nan 
-19.375, 76.875, 2.441747763771819e-23, nan 
-19.125, 76.875, 2.3449772679219902e-23, nan 
-18.875, 76.875, 2.0326546377226032e-23, nan 
-18.625, 76.875, 2.1026894969375262e-23, nan 
-18.375, 76.875, 1.714916214050472e-23, nan 
-18.125, 76.875, 2.1327387938896346e-23, nan 
-17.875, 76.875, 2.2072222643544133e-23, nan 
-17.625, 76.875, 1.7706184333054696e-23, nan 
-17.375, 76.875, 2.0533358272283338e-23, nan 
-17.125, 76.875, 1.494833223407472e-23, nan 
-16.875, 76.875, 1.4479370424927846e-23, nan 
-16.625, 76.875, 1.4408694904697015e-23, nan 
-16.375, 76.875, 1.2535842078442836e-23, nan 
-16.125, 76.875, 1.1431284927470328e-23, nan 
-15.875, 76.875, 1.1551941633851378e-23, nan 
-15.625, 76.875, 1.813967845075608e-23, nan 
-15.375, 76.875, 1.3845246310234625e-23, nan 
-15.125, 76.875, 1.6566080299190918e-23, nan 
-14.875, 76.875, 1.4153731162883182e-23, nan 
-14.625, 76.875, 1.3302824153237998e-23, nan 
-14.375, 76.875, 2.0404815551499103e-23, nan 
-14.125, 76.875, 1.32894643689091e-23, nan 
-13.875, 76.875, 8.284562798312827e-24, nan 
-13.625, 76.875, 8.046611907295326e-24, nan 
-13.375, 76.875, 7.361391257398803e-24, nan 
-13.125, 76.875, 6.828225130554693e-24, nan 
-12.875, 76.875, 8.58422815192446e-24, nan 
-12.625, 76.875, 5.282639872755104e-24, nan 
-12.375, 76.875, 1.0533976456903604e-23, nan 
-12.125, 76.875, 1.5137270572583348e-23, nan 
-11.875, 76.875, 1.6728890481474363e-23, nan 
-11.625, 76.875, 1.6582940670326517e-23, nan 
-11.375, 76.875, 1.2957803490911818e-23, nan 
-11.125, 76.875, 1.0557236003945715e-23, nan 
-10.875, 76.875, 7.706593734068642e-24, nan 
-10.625, 76.875, 1.0001998537212354e-23, nan 
-10.375, 76.875, 1.3456623480831992e-23, nan 
-10.125, 76.875, 1.3058540430537048e-23, nan 
-9.875, 76.875, 1.531731890634599e-23, nan 
-9.625, 76.875, 1.2941178168866694e-23, nan 
-9.375, 76.875, 1.2901206272511851e-23, nan 
-9.125, 76.875, 1.1835203431186424e-23, nan 
-8.875, 76.875, 1.547790173801354e-23, nan 
-8.625, 76.875, 1.9316909261141635e-23, nan 
-8.375, 76.875, 2.3315780799506142e-23, nan 
-8.125, 76.875, 2.3617640726969e-23, nan 
-7.875, 76.875, 1.8781510591471635e-23, nan 
-7.625, 76.875, 1.4467130051578343e-23, nan 
-7.375, 76.875, 1.6151647564416745e-23, nan 
-7.125, 76.875, 2.2821210412375296e-23, nan 
-6.875, 76.875, 2.1590263603351212e-23, nan 
-6.625, 76.875, 1.7385452582865155e-23, nan 
-6.375, 76.875, 1.688572265689592e-23, nan 
-6.125, 76.875, 1.180995402647749e-23, nan 
-5.875, 76.875, 8.398660075801888e-24, nan 
-5.625, 76.875, 7.074321552237331e-24, nan 
-5.375, 76.875, 8.027904028905725e-24, nan 
-5.125, 76.875, 9.961056340451672e-24, nan 
-4.875, 76.875, 1.1975067666585177e-23, nan 
-4.625, 76.875, 1.418106947606992e-23, nan 
-4.375, 76.875, 1.3448100393098495e-23, nan 
-4.125, 76.875, 1.5863410929255064e-23, nan 
-3.875, 76.875, 1.2961317415818607e-23, nan 
-3.625, 76.875, 1.1281771444473344e-23, nan 
-3.375, 76.875, 1.3706776996614693e-23, nan 
-3.125, 76.875, 1.2192344404994091e-23, nan 
-2.875, 76.875, 1.4082266243320262e-23, nan 
-2.625, 76.875, 1.2406874629566083e-23, nan 
-2.375, 76.875, 8.811187297869275e-24, nan 
-2.125, 76.875, 1.1033656540157146e-23, nan 
-1.875, 76.875, 1.185986371021399e-23, nan 
-1.625, 76.875, 1.4717139368383592e-23, nan 
-1.375, 76.875, 1.0822789251150593e-23, nan 
-1.125, 76.875, 7.585655576922364e-24, nan 
-0.875, 76.875, 9.425044692810577e-24, nan 
-0.625, 76.875, 9.674922910756771e-24, nan 
-0.375, 76.875, 1.3412925181173812e-23, nan 
-0.125, 76.875, 9.70441740530259e-24, nan 
0.125, 76.875, 9.468299800205821e-24, nan 
0.375, 76.875, 6.009781661850901e-24, nan 
0.625, 76.875, 4.6989643654904695e-24, nan 
0.875, 76.875, 6.279592380715784e-24, nan 
1.125, 76.875, 6.292573448609987e-24, nan 
1.375, 76.875, 4.763444315405262e-24, nan 
1.625, 76.875, 5.809930376892001e-24, nan 
1.875, 76.875, 5.263815226481478e-24, nan 
2.125, 76.875, 6.551786272300334e-24, nan 
2.375, 76.875, 5.609864975643511e-24, nan 
2.625, 76.875, 6.4458247651771295e-24, nan 
2.875, 76.875, 6.643734214514064e-24, nan 
3.125, 76.875, 7.398488144900261e-24, nan 
3.375, 76.875, 6.931000731299605e-24, nan 
3.625, 76.875, 7.580715598718023e-24, nan 
3.875, 76.875, 8.740312543664039e-24, nan 
4.125, 76.875, 7.222332574403192e-24, nan 
4.375, 76.875, 6.947776562262569e-24, nan 
4.625, 76.875, 6.006711622461115e-24, nan 
4.875, 76.875, 7.176210598594564e-24, nan 
5.125, 76.875, 8.223197245969105e-24, nan 
5.375, 76.875, 7.557526765691321e-24, nan 
5.625, 76.875, 7.123812084127712e-24, nan 
5.875, 76.875, 8.085091116884797e-24, nan 
6.125, 76.875, 6.81865972054752e-24, nan 
6.375, 76.875, 1.381125752371008e-23, nan 
6.625, 76.875, 9.19911651392679e-24, nan 
6.875, 76.875, 1.0338160200772746e-23, nan 
7.125, 76.875, 1.052541393718333e-23, nan 
7.375, 76.875, 6.544406070195811e-24, nan 
7.625, 76.875, 7.74321757995148e-24, nan 
7.875, 76.875, 8.945391368346062e-24, nan 
8.125, 76.875, 7.555859258477497e-24, nan 
8.375, 76.875, 8.392584394968715e-24, nan 
8.625, 76.875, 5.924465518319672e-24, nan 
8.875, 76.875, 6.42031995102481e-24, nan 
9.125, 76.875, 1.1044420543076531e-23, nan 
9.375, 76.875, 1.1494458885426508e-23, nan 
9.625, 76.875, 1.2912090202964148e-23, nan 
9.875, 76.875, 1.1228697555068424e-23, nan 
10.125, 76.875, 2.2400897768831082e-24, nan 
10.375, 76.875, 4.895751146076958e-24, nan 
10.625, 76.875, 5.8339029980365235e-24, nan 
10.875, 76.875, 6.65205144053093e-24, nan 
11.125, 76.875, 5.9970902802138765e-24, nan 
11.375, 76.875, 1.813860959647401e-24, nan 
11.625, 76.875, 2.319880698927583e-24, nan 
11.875, 76.875, 1.8829264679202495e-24, nan 
12.125, 76.875, 3.388476341940215e-24, nan 
12.375, 76.875, 5.07867708530869e-24, nan 
12.625, 76.875, 2.639201975331171e-24, nan 
12.875, 76.875, 3.0678577705995005e-24, nan 
13.125, 76.875, 2.4532506176931543e-24, nan 
13.375, 76.875, 5.284125000773919e-24, nan 
13.625, 76.875, 2.532458470231562e-24, nan 
13.875, 76.875, 2.5169020638982967e-24, nan 
14.125, 76.875, 1.543529123074211e-24, nan 
14.375, 76.875, 1.2921774842028047e-24, nan 
14.625, 76.875, 2.827382144328565e-24, nan 
14.875, 76.875, 4.019755792778715e-24, nan 
15.125, 76.875, 1.9717458481668935e-24, nan 
15.375, 76.875, 2.234883847608458e-24, nan 
15.625, 76.875, 2.772710019711218e-24, nan 
15.875, 76.875, 3.918495388064651e-24, nan 
16.125, 76.875, 3.587142991217368e-24, nan 
16.375, 76.875, 2.658592866470794e-24, nan 
16.625, 76.875, 2.5782879564976986e-24, nan 
16.875, 76.875, 3.323667681586047e-24, nan 
17.125, 76.875, 3.761421081707414e-24, nan 
17.375, 76.875, 2.94545664756751e-24, nan 
17.625, 76.875, 2.5524214194014617e-24, nan 
17.875, 76.875, 2.1186797266741967e-24, nan 
18.125, 76.875, 4.730754636054313e-24, nan 
18.375, 76.875, 3.581688190987319e-24, nan 
18.625, 76.875, 2.1424825422976074e-24, nan 
18.875, 76.875, 2.225163854461949e-24, nan 
19.125, 76.875, 1.692529142158288e-24, nan 
19.375, 76.875, 1.4699859134513532e-24, nan 
19.625, 76.875, 9.876256663506807e-25, nan 
19.875, 76.875, 9.560868617995528e-25, nan 
20.125, 76.875, 1.1045549286070017e-24, nan 
20.375, 76.875, 1.7379091050844037e-24, nan 
20.625, 76.875, 1.083908102821304e-24, nan 
20.875, 76.875, 1.0244509545452367e-24, nan 
21.125, 76.875, 1.2649567160027252e-24, nan 
21.375, 76.875, 1.3093470184009343e-24, nan 
21.625, 76.875, 1.270081657325698e-24, nan 
21.875, 76.875, 9.807229985478528e-25, nan 
22.125, 76.875, 1.1036247472209507e-24, nan 
22.375, 76.875, 1.220024822224523e-24, nan 
22.625, 76.875, 1.6264539801897853e-24, nan 
22.875, 76.875, 2.206006695383524e-24, nan 
23.125, 76.875, 2.494026135137102e-24, nan 
23.375, 76.875, 2.4873194895435433e-24, nan 
23.625, 76.875, 1.195689686225884e-24, nan 
23.875, 76.875, 1.823458506482148e-24, nan 
24.125, 76.875, 4.298497922559884e-24, nan 
24.375, 76.875, 3.454741361497595e-24, nan 
24.625, 76.875, 4.349721671855873e-24, nan 
24.875, 76.875, 6.759117004447752e-24, nan 
25.125, 76.875, 5.946501491719958e-24, nan 
25.375, 76.875, 2.127417640632678e-23, nan 
25.625, 76.875, 5.4013423909391195e-24, nan 
25.875, 76.875, 6.0253270852238785e-24, nan 
26.125, 76.875, 9.97794937943198e-24, nan 
26.375, 76.875, 1.5384267918335983e-23, nan 
26.625, 76.875, 3.940300278879343e-23, nan 
26.875, 76.875, 7.063979872445373e-24, nan 
27.125, 76.875, 5.6561801509995684e-24, nan 
27.375, 76.875, 3.9570245758007494e-24, nan 
27.625, 76.875, 8.737664372789828e-24, nan 
27.875, 76.875, 1.9937865155339634e-23, nan 
28.125, 76.875, 3.27666492043023e-24, nan 
28.375, 76.875, 3.953275674684726e-24, nan 
28.625, 76.875, 2.024097709866505e-24, nan 
28.875, 76.875, 1.835699297681293e-24, nan 
29.125, 76.875, 3.0699796089830323e-24, nan 
29.375, 76.875, 2.2414109872845506e-24, nan 
29.625, 76.875, 1.386534829588307e-24, nan 
29.875, 76.875, 1.134778736048847e-24, nan 
30.125, 76.875, 1.3421744745887248e-24, nan 
30.375, 76.875, 4.069070703042573e-25, nan 
30.625, 76.875, 1.76231039028772e-24, nan 
30.875, 76.875, 1.9911077635624668e-24, nan 
31.125, 76.875, 2.4993311599955e-24, nan 
31.375, 76.875, 1.7025405407602092e-24, nan 
31.625, 76.875, 1.2206996724576264e-24, nan 
31.875, 76.875, 1.614862874729407e-24, nan 
32.125, 76.875, 1.5924986767150789e-24, nan 
32.375, 76.875, 1.2940558620926084e-24, nan 
32.625, 76.875, 9.906982146234512e-25, nan 
32.875, 76.875, 9.72629087590485e-25, nan 
33.125, 76.875, 1.026885634555229e-24, nan 
33.375, 76.875, 1.3291609732183339e-24, nan 
33.625, 76.875, 1.2761996776299988e-24, nan 
33.875, 76.875, 9.627619698971143e-25, nan 
34.125, 76.875, 1.0825183176817815e-24, nan 
34.375, 76.875, 1.2727902525633574e-24, nan 
34.625, 76.875, 9.290254784836544e-25, nan 
34.875, 76.875, 7.31409213233286e-25, nan 
35.125, 76.875, 8.230459750199481e-25, nan 
35.375, 76.875, 1.138141323071829e-24, nan 
35.625, 76.875, 1.0322371031619762e-24, nan 
35.875, 76.875, 8.821237435469507e-25, nan 
36.125, 76.875, 1.233532237966422e-24, nan 
36.375, 76.875, 1.0085166052441119e-24, nan 
36.625, 76.875, 9.421831647893193e-25, nan 
36.875, 76.875, 8.1523171965891e-25, nan 
37.125, 76.875, 1.0678578707050266e-24, nan 
37.375, 76.875, 1.1253418658186012e-24, nan 
37.625, 76.875, 9.943222269081872e-25, nan 
37.875, 76.875, 7.615053900699704e-25, nan 
38.125, 76.875, 6.079870074770039e-25, nan 
38.375, 76.875, 9.727170594460808e-25, nan 
38.625, 76.875, 9.129832380311297e-25, nan 
38.875, 76.875, 1.0837709188769272e-24, nan 
39.125, 76.875, 6.11455798512133e-25, nan 
39.375, 76.875, 1.1172369607785118e-24, nan 
39.625, 76.875, 7.422888013170294e-25, nan 
-96.875, 77.125, 5.836798516534047e-23, nan 
-96.625, 77.125, 5.906625634862232e-23, nan 
-96.375, 77.125, 5.551483989917226e-23, nan 
-96.125, 77.125, 4.782717880654967e-23, nan 
-95.875, 77.125, 5.857939282969279e-23, nan 
-95.625, 77.125, 6.37441173421415e-23, nan 
-95.375, 77.125, 7.728253036622114e-23, nan 
-95.125, 77.125, 6.420461377797846e-23, nan 
-94.875, 77.125, 4.457941299022864e-23, nan 
-94.625, 77.125, 2.179565187938545e-23, nan 
-94.375, 77.125, 3.422887675589459e-23, nan 
-94.125, 77.125, 4.571461612027475e-23, nan 
-93.875, 77.125, 6.44601430792063e-23, nan 
-93.625, 77.125, 6.298180998752165e-23, nan 
-93.375, 77.125, 8.526238151882386e-23, nan 
-93.125, 77.125, 1.208482301756683e-22, nan 
-92.875, 77.125, 1.0510136213447236e-22, nan 
-92.625, 77.125, 1.0764346198215454e-22, nan 
-92.375, 77.125, 9.59562141059434e-23, nan 
-92.125, 77.125, 1.1149704103327322e-22, nan 
-91.875, 77.125, 1.1879542693326963e-22, nan 
-91.625, 77.125, 1.177078303906603e-22, nan 
-91.375, 77.125, 1.275083245984078e-22, nan 
-91.125, 77.125, 1.391370167811323e-22, nan 
-90.875, 77.125, 1.4802528639544225e-22, nan 
-90.625, 77.125, 1.1585002443629696e-22, nan 
-90.375, 77.125, 1.00386388774437e-22, nan 
-90.125, 77.125, 1.0126316759866035e-22, nan 
-89.875, 77.125, 1.1719816705832484e-22, nan 
-89.625, 77.125, 1.3760825284747085e-22, nan 
-89.375, 77.125, 1.1599429857404846e-22, nan 
-89.125, 77.125, 9.183852588149001e-23, nan 
-88.875, 77.125, 7.51606751817933e-23, nan 
-88.625, 77.125, 8.468857213419487e-23, nan 
-88.375, 77.125, 9.79076582833768e-23, nan 
-88.125, 77.125, 9.24808098914897e-23, nan 
-87.875, 77.125, 6.89296130072579e-23, nan 
-87.625, 77.125, 5.956634987323721e-23, nan 
-87.375, 77.125, 6.420486493123095e-23, nan 
-87.125, 77.125, 5.823432211105725e-23, nan 
-86.875, 77.125, 7.862810917018793e-23, nan 
-86.625, 77.125, 9.925581776364297e-23, nan 
-86.375, 77.125, 1.2720691396299245e-22, nan 
-86.125, 77.125, 1.0266968885102537e-22, nan 
-85.875, 77.125, 1.576493489852782e-22, nan 
-85.625, 77.125, 1.1929635594985674e-22, nan 
-85.375, 77.125, 1.334119489831816e-22, nan 
-85.125, 77.125, 1.6030936858146947e-22, nan 
-84.875, 77.125, 1.5341424847175522e-22, nan 
-84.625, 77.125, 2.1458486731868763e-22, nan 
-84.375, 77.125, 1.3347928350208824e-22, nan 
-84.125, 77.125, 1.2469243831043197e-22, nan 
-83.875, 77.125, 8.029907101911295e-23, nan 
-83.625, 77.125, 7.286900313965542e-23, nan 
-83.375, 77.125, 9.217460413680746e-23, nan 
-83.125, 77.125, 6.400928228075054e-23, nan 
-82.875, 77.125, 1.0122145103232155e-22, nan 
-82.625, 77.125, 8.787823705555033e-23, nan 
-82.375, 77.125, 5.904014798877453e-23, nan 
-82.125, 77.125, 6.238634291048073e-23, nan 
-81.875, 77.125, 4.142250508400192e-23, nan 
-81.625, 77.125, 3.4529683233025624e-23, nan 
-81.375, 77.125, 7.642722206315033e-23, nan 
-81.125, 77.125, 7.283571885795483e-23, nan 
-80.875, 77.125, 7.3302865108124e-23, nan 
-80.625, 77.125, 4.9962070620557827e-23, nan 
-80.375, 77.125, 4.980196984943892e-23, nan 
-80.125, 77.125, 8.922018214680585e-23, nan 
-79.875, 77.125, 8.137525581306885e-23, nan 
-79.625, 77.125, 7.975161430646076e-23, nan 
-79.375, 77.125, 1.2529125392224734e-22, nan 
-79.125, 77.125, 9.973871222372764e-23, nan 
-78.875, 77.125, 1.467729815062951e-22, nan 
-78.625, 77.125, 1.2948306982932013e-22, nan 
-78.375, 77.125, 1.2909028857595016e-22, nan 
-78.125, 77.125, 1.1995974151160981e-22, nan 
-77.875, 77.125, 1.1832039286353813e-22, nan 
-77.625, 77.125, 9.963964771613532e-23, nan 
-77.375, 77.125, 1.1110899321302753e-22, nan 
-77.125, 77.125, 1.0786936730361382e-22, nan 
-76.875, 77.125, 9.972801049246295e-23, nan 
-76.625, 77.125, 1.2463482564879814e-22, nan 
-76.375, 77.125, 1.9140123575936977e-22, nan 
-76.125, 77.125, 3.5739588892125315e-22, nan 
-75.875, 77.125, 4.1130033329675872e-22, nan 
-75.625, 77.125, 2.3623249765969037e-22, nan 
-75.375, 77.125, 8.68999336143278e-23, nan 
-75.125, 77.125, 3.5667906291853383e-22, nan 
-74.875, 77.125, 7.828773858245961e-22, nan 
-74.625, 77.125, 9.662230633811299e-22, nan 
-74.375, 77.125, 5.30424989480304e-22, nan 
-74.125, 77.125, 1.0806676525781093e-22, nan 
-73.875, 77.125, 2.3124249065869356e-22, nan 
-73.625, 77.125, 4.498243013773499e-22, nan 
-73.375, 77.125, 5.29888329073925e-22, nan 
-73.125, 77.125, 3.295162497169153e-22, nan 
-72.875, 77.125, 1.05850634236614e-22, nan 
-72.625, 77.125, 1.1145759869894856e-22, nan 
-72.375, 77.125, 1.1442241075299946e-22, nan 
-72.125, 77.125, 9.971080298373444e-23, nan 
-71.875, 77.125, 9.910047359330302e-23, nan 
-71.625, 77.125, 5.308115508835526e-22, nan 
-71.375, 77.125, 1.198891777892221e-21, nan 
-71.125, 77.125, 8.497436950769294e-22, nan 
-70.875, 77.125, 6.838789607617862e-22, nan 
-70.625, 77.125, 2.2119509514631284e-22, nan 
-70.375, 77.125, 1.2572359236052248e-21, nan 
-70.125, 77.125, 2.675608301038507e-21, nan 
-69.875, 77.125, 1.84844257992161e-21, nan 
-69.625, 77.125, 1.5098075739571104e-21, nan 
-69.375, 77.125, 1.2428439776924532e-21, nan 
-69.125, 77.125, 9.335309949573462e-22, nan 
-68.875, 77.125, 1.29703723423545e-21, nan 
-68.625, 77.125, 1.0060157159211398e-21, nan 
-68.375, 77.125, 8.625494684426916e-22, nan 
-68.125, 77.125, 3.9386990998368916e-22, nan 
-67.875, 77.125, 1.7391961313735944e-22, nan 
-67.625, 77.125, 2.204679192169342e-22, nan 
-67.375, 77.125, 1.670407652649222e-22, nan 
-67.125, 77.125, 1.5215185064025865e-22, nan 
-66.875, 77.125, 1.3294662358695006e-22, nan 
-66.625, 77.125, 1.4703518191437563e-22, nan 
-66.375, 77.125, 1.94956994322003e-22, nan 
-66.125, 77.125, 1.425615979369957e-22, nan 
-65.875, 77.125, 1.552065381185208e-22, nan 
-65.625, 77.125, 1.5880563339610312e-22, nan 
-65.375, 77.125, 1.521970684175819e-22, nan 
-65.125, 77.125, 1.8193906493782255e-22, nan 
-64.875, 77.125, 1.5912981030290426e-22, nan 
-64.625, 77.125, 1.3664625894219719e-22, nan 
-64.375, 77.125, 1.2689027932424247e-22, nan 
-64.125, 77.125, 1.3353521850011054e-22, nan 
-63.875, 77.125, 1.5764263344368453e-22, nan 
-63.625, 77.125, 1.4642762465193385e-22, nan 
-63.375, 77.125, 1.2250264086937872e-22, nan 
-63.125, 77.125, 8.92069313620373e-23, nan 
-62.875, 77.125, 5.475791524316394e-23, nan 
-62.625, 77.125, 8.786971059428181e-23, nan 
-62.375, 77.125, 8.042778515071473e-23, nan 
-62.125, 77.125, 1.129738501463532e-22, nan 
-61.875, 77.125, 9.836626289010895e-23, nan 
-61.625, 77.125, 9.685769814751298e-23, nan 
-61.375, 77.125, 1.5388171074730009e-22, nan 
-61.125, 77.125, 1.0869116688412706e-22, nan 
-60.875, 77.125, 8.413645344801011e-23, nan 
-60.625, 77.125, 1.0186533488165156e-22, nan 
-60.375, 77.125, 6.292183719827695e-23, nan 
-60.125, 77.125, 5.869665055400774e-23, nan 
-59.875, 77.125, 4.4728190635720714e-23, nan 
-59.625, 77.125, 6.430484212243705e-23, nan 
-59.375, 77.125, 6.218468509747953e-23, nan 
-59.125, 77.125, 1.0936098811401622e-22, nan 
-58.875, 77.125, 1.0448300633358043e-22, nan 
-58.625, 77.125, 8.779910905192e-23, nan 
-58.375, 77.125, 5.619270943392167e-22, nan 
-58.125, 77.125, 1.7124114133919487e-21, nan 
-57.875, 77.125, 1.7365296805712073e-21, nan 
-57.625, 77.125, 1.6980128784423666e-21, nan 
-57.375, 77.125, 1.5713981758674e-21, nan 
-57.125, 77.125, 1.288021580177742e-21, nan 
-56.875, 77.125, 1.642071928379891e-21, nan 
-56.625, 77.125, 1.6698144164177126e-21, nan 
-56.375, 77.125, 1.62818481420853e-21, nan 
-56.125, 77.125, 1.4893645644272239e-21, nan 
-55.875, 77.125, 1.0445518883366914e-21, nan 
-55.625, 77.125, 5.559261878410759e-22, nan 
-55.375, 77.125, 1.3897308779487887e-21, nan 
-55.125, 77.125, 1.765916532508351e-21, nan 
-54.875, 77.125, 2.0499081384956116e-21, nan 
-54.625, 77.125, 1.6618514983459769e-21, nan 
-54.375, 77.125, 9.727748741564564e-22, nan 
-54.125, 77.125, 8.494702692705513e-22, nan 
-53.875, 77.125, 7.265935038538049e-22, nan 
-53.625, 77.125, 7.126360539878674e-22, nan 
-53.375, 77.125, 6.874796628688776e-22, nan 
-53.125, 77.125, 6.454493564972948e-22, nan 
-52.875, 77.125, 6.616130738826018e-22, nan 
-52.625, 77.125, 5.731996521577553e-22, nan 
-52.375, 77.125, 4.768221523792661e-22, nan 
-52.125, 77.125, 3.9195215197546385e-22, nan 
-51.875, 77.125, 2.761488615276494e-22, nan 
-51.625, 77.125, 1.5623856088939051e-22, nan 
-51.375, 77.125, 1.1012769570504195e-22, nan 
-51.125, 77.125, 6.234194406881738e-23, nan 
-50.875, 77.125, 7.002722899031745e-23, nan 
-50.625, 77.125, 8.241857444394204e-23, nan 
-50.375, 77.125, 4.869243762717641e-23, nan 
-50.125, 77.125, 7.380575073430142e-23, nan 
-49.875, 77.125, 1.0411179622501548e-22, nan 
-49.625, 77.125, 1.1990846452985077e-22, nan 
-49.375, 77.125, 1.1723386569463726e-22, nan 
-49.125, 77.125, 7.799718556894407e-23, nan 
-48.875, 77.125, 9.51140273557877e-23, nan 
-48.625, 77.125, 1.2952357543539024e-22, nan 
-48.375, 77.125, 1.0657223702843427e-22, nan 
-48.125, 77.125, 8.766683930321029e-23, nan 
-47.875, 77.125, 6.469330499073827e-23, nan 
-47.625, 77.125, 8.654799239952578e-23, nan 
-47.375, 77.125, 8.400856619438672e-23, nan 
-47.125, 77.125, 7.80682248091872e-23, nan 
-46.875, 77.125, 4.837149323688439e-23, nan 
-46.625, 77.125, 3.766242550415223e-23, nan 
-46.375, 77.125, 6.093251138488191e-23, nan 
-46.125, 77.125, 7.445963478975184e-23, nan 
-45.875, 77.125, 7.93472020706981e-23, nan 
-45.625, 77.125, 6.74025388250225e-23, nan 
-45.375, 77.125, 4.352350725439554e-23, nan 
-45.125, 77.125, 5.1467919164964786e-23, nan 
-44.875, 77.125, 4.855435948188032e-23, nan 
-44.625, 77.125, 6.03177960934974e-23, nan 
-44.375, 77.125, 4.6931389800260434e-23, nan 
-44.125, 77.125, 3.8632670974048245e-23, nan 
-43.875, 77.125, 3.4320590015422176e-23, nan 
-43.625, 77.125, 3.813788451547221e-23, nan 
-43.375, 77.125, 3.478185973427182e-23, nan 
-43.125, 77.125, 3.889823466970643e-23, nan 
-42.875, 77.125, 3.7667038898212184e-23, nan 
-42.625, 77.125, 3.4067365111467155e-23, nan 
-42.375, 77.125, 3.473255384091946e-23, nan 
-42.125, 77.125, 3.480889508606402e-23, nan 
-41.875, 77.125, 4.0321529109078796e-23, nan 
-41.625, 77.125, 4.498902249208852e-23, nan 
-41.375, 77.125, 3.527064483761958e-23, nan 
-41.125, 77.125, 3.844082913628052e-23, nan 
-40.875, 77.125, 3.2588820201563486e-23, nan 
-40.625, 77.125, 2.5310802115163278e-23, nan 
-40.375, 77.125, 2.8231134610689025e-23, nan 
-40.125, 77.125, 2.5681088327175423e-23, nan 
-39.875, 77.125, 3.013654984746737e-23, nan 
-39.625, 77.125, 2.67149427364884e-23, nan 
-39.375, 77.125, 2.720465531203343e-23, nan 
-39.125, 77.125, 3.5034024675781046e-23, nan 
-38.875, 77.125, 3.5592404501075115e-23, nan 
-38.625, 77.125, 3.342523285381692e-23, nan 
-38.375, 77.125, 3.8336516836046006e-23, nan 
-38.125, 77.125, 2.990589460991127e-23, nan 
-37.875, 77.125, 2.872622681965208e-23, nan 
-37.625, 77.125, 3.023952505002254e-23, nan 
-37.375, 77.125, 3.372568058271767e-23, nan 
-37.125, 77.125, 2.6143504697362134e-23, nan 
-36.875, 77.125, 2.704137077747776e-23, nan 
-36.625, 77.125, 2.7962384699155267e-23, nan 
-36.375, 77.125, 2.9786394767268373e-23, nan 
-36.125, 77.125, 4.6054497766057526e-23, nan 
-35.875, 77.125, 1.5740585178777282e-23, nan 
-35.625, 77.125, 1.894952784225603e-23, nan 
-35.375, 77.125, 2.4580301951317282e-23, nan 
-35.125, 77.125, 2.658005938382007e-23, nan 
-34.875, 77.125, 3.753009501790513e-23, nan 
-34.625, 77.125, 3.2680650585780686e-23, nan 
-34.375, 77.125, 2.693929122132635e-23, nan 
-34.125, 77.125, 3.03524845443866e-23, nan 
-33.875, 77.125, 4.0554423001960866e-23, nan 
-33.625, 77.125, 3.4264588412823615e-23, nan 
-33.375, 77.125, 2.638991829981882e-23, nan 
-33.125, 77.125, 2.705433482999037e-23, nan 
-32.875, 77.125, 2.8319615869363e-23, nan 
-32.625, 77.125, 3.610801223325697e-23, nan 
-32.375, 77.125, 2.8368551152130246e-23, nan 
-32.125, 77.125, 3.1090012690885926e-23, nan 
-31.875, 77.125, 3.162561414642452e-23, nan 
-31.625, 77.125, 2.328697481659417e-23, nan 
-31.375, 77.125, 2.042666337208492e-23, nan 
-31.125, 77.125, 9.24689216257837e-24, nan 
-30.875, 77.125, 1.2128708843612313e-23, nan 
-30.625, 77.125, 1.1930545411706588e-23, nan 
-30.375, 77.125, 1.5961284445019623e-23, nan 
-30.125, 77.125, 2.0034368152800803e-23, nan 
-29.875, 77.125, 2.1406991940699565e-23, nan 
-29.625, 77.125, 1.6219537370415892e-23, nan 
-29.375, 77.125, 1.4483720665485703e-23, nan 
-29.125, 77.125, 5.0405131308709664e-24, nan 
-28.875, 77.125, 8.421685636558251e-24, nan 
-28.625, 77.125, 1.1413025139270921e-23, nan 
-28.375, 77.125, 1.1238086448449427e-23, nan 
-28.125, 77.125, 1.507258413898149e-23, nan 
-27.875, 77.125, 5.83295507399605e-24, nan 
-27.625, 77.125, 1.820737716975435e-23, nan 
-27.375, 77.125, 2.1829019774521422e-23, nan 
-27.125, 77.125, 1.8617388340381153e-23, nan 
-26.875, 77.125, 1.3686201457172708e-23, nan 
-26.625, 77.125, 1.337892366440292e-23, nan 
-26.375, 77.125, 2.1488276217674997e-23, nan 
-26.125, 77.125, 1.418678645167927e-23, nan 
-25.875, 77.125, 2.1570398264992963e-23, nan 
-25.625, 77.125, 1.435161251025498e-23, nan 
-25.375, 77.125, 1.9089885738276388e-23, nan 
-25.125, 77.125, 2.5874195153603174e-23, nan 
-24.875, 77.125, 1.3722331237837013e-23, nan 
-24.625, 77.125, 3.005180119776073e-23, nan 
-24.375, 77.125, 2.3688396314908407e-23, nan 
-24.125, 77.125, 2.8522646296407566e-23, nan 
-23.875, 77.125, 3.397941244499155e-23, nan 
-23.625, 77.125, 1.1223241047436534e-23, nan 
-23.375, 77.125, 2.4193995184015575e-23, nan 
-23.125, 77.125, 3.292378781738629e-23, nan 
-22.875, 77.125, 3.1301875849186874e-23, nan 
-22.625, 77.125, 4.078268137880815e-23, nan 
-22.375, 77.125, 2.636764956138281e-23, nan 
-22.125, 77.125, 2.311370393898546e-23, nan 
-21.875, 77.125, 3.0868148925282624e-23, nan 
-21.625, 77.125, 3.296552966865936e-23, nan 
-21.375, 77.125, 5.142143929915971e-23, nan 
-21.125, 77.125, 3.979033552891584e-23, nan 
-20.875, 77.125, 2.1869088370908487e-23, nan 
-20.625, 77.125, 1.7677441056596017e-23, nan 
-20.375, 77.125, 2.036514751671408e-23, nan 
-20.125, 77.125, 3.2117956409472916e-23, nan 
-19.875, 77.125, 3.127781442621941e-23, nan 
-19.625, 77.125, 4.313529561948882e-23, nan 
-19.375, 77.125, 3.8267897807027276e-23, nan 
-19.125, 77.125, 3.396277152650781e-23, nan 
-18.875, 77.125, 2.6064771913851378e-23, nan 
-18.625, 77.125, 2.7039216243938006e-23, nan 
-18.375, 77.125, 3.354984068866539e-23, nan 
-18.125, 77.125, 3.365965966558794e-23, nan 
-17.875, 77.125, 3.027008027441361e-23, nan 
-17.625, 77.125, 2.4161401398624218e-23, nan 
-17.375, 77.125, 2.4047906180648507e-23, nan 
-17.125, 77.125, 1.901119409217121e-23, nan 
-16.875, 77.125, 1.3654040121197504e-23, nan 
-16.625, 77.125, 9.410110433131843e-24, nan 
-16.375, 77.125, 1.3442014067772687e-23, nan 
-16.125, 77.125, 1.800219316628153e-23, nan 
-15.875, 77.125, 1.7959322623099312e-23, nan 
-15.625, 77.125, 1.4500058196088673e-23, nan 
-15.375, 77.125, 9.741047698097124e-24, nan 
-15.125, 77.125, 7.205867694741246e-24, nan 
-14.875, 77.125, 9.734490995116132e-24, nan 
-14.625, 77.125, 5.62111291198497e-24, nan 
-14.375, 77.125, 3.8980854930712385e-24, nan 
-14.125, 77.125, 7.194967545856502e-24, nan 
-13.875, 77.125, 1.0469002355857929e-23, nan 
-13.625, 77.125, 1.447894552103028e-23, nan 
-13.375, 77.125, 1.3083350388278083e-23, nan 
-13.125, 77.125, 1.5526782445148127e-23, nan 
-12.875, 77.125, 1.2809594025576307e-23, nan 
-12.625, 77.125, 1.2974799541244823e-23, nan 
-12.375, 77.125, 1.3210704958015953e-23, nan 
-12.125, 77.125, 1.450043124967738e-23, nan 
-11.875, 77.125, 1.7228421488975244e-23, nan 
-11.625, 77.125, 1.6476387325415238e-23, nan 
-11.375, 77.125, 1.3635741296041042e-23, nan 
-11.125, 77.125, 1.1208757566586128e-23, nan 
-10.875, 77.125, 6.045909574550745e-24, nan 
-10.625, 77.125, 4.4744501342955435e-24, nan 
-10.375, 77.125, 7.039007403661798e-24, nan 
-10.125, 77.125, 9.684425661055992e-24, nan 
-9.875, 77.125, 9.38714484601852e-24, nan 
-9.625, 77.125, 1.0724270985729312e-23, nan 
-9.375, 77.125, 1.1063667147047077e-23, nan 
-9.125, 77.125, 1.1291283555875814e-23, nan 
-8.875, 77.125, 1.2060815257496496e-23, nan 
-8.625, 77.125, 1.2654433427381491e-23, nan 
-8.375, 77.125, 1.6004971269823354e-23, nan 
-8.125, 77.125, 1.695311536693642e-23, nan 
-7.875, 77.125, 1.6166973446729218e-23, nan 
-7.625, 77.125, 1.4909482805745017e-23, nan 
-7.375, 77.125, 1.5929206360074304e-23, nan 
-7.125, 77.125, 1.7537748449643126e-23, nan 
-6.875, 77.125, 1.6210902781091795e-23, nan 
-6.625, 77.125, 1.447319983084852e-23, nan 
-6.375, 77.125, 1.337122368191266e-23, nan 
-6.125, 77.125, 1.1335207753505342e-23, nan 
-5.875, 77.125, 1.0444070584735558e-23, nan 
-5.625, 77.125, 7.514034299652869e-24, nan 
-5.375, 77.125, 6.785667114435478e-24, nan 
-5.125, 77.125, 5.808990726965864e-24, nan 
-4.875, 77.125, 5.245173137866893e-24, nan 
-4.625, 77.125, 7.729863195760843e-24, nan 
-4.375, 77.125, 8.66080951188732e-24, nan 
-4.125, 77.125, 1.0856302348377803e-23, nan 
-3.875, 77.125, 8.809581389586051e-24, nan 
-3.625, 77.125, 8.594857073346622e-24, nan 
-3.375, 77.125, 8.047663846924186e-24, nan 
-3.125, 77.125, 7.527196514076435e-24, nan 
-2.875, 77.125, 9.432787429646993e-24, nan 
-2.625, 77.125, 8.430890607651219e-24, nan 
-2.375, 77.125, 8.329772034015484e-24, nan 
-2.125, 77.125, 8.013022749170272e-24, nan 
-1.875, 77.125, 6.839394029563147e-24, nan 
-1.625, 77.125, 7.6139974483578e-24, nan 
-1.375, 77.125, 8.494487214021627e-24, nan 
-1.125, 77.125, 1.1110188374806806e-23, nan 
-0.875, 77.125, 8.567475255356405e-24, nan 
-0.625, 77.125, 5.979187934178352e-24, nan 
-0.375, 77.125, 7.282356794035234e-24, nan 
-0.125, 77.125, 7.8459989340563e-24, nan 
0.125, 77.125, 1.2412563872787762e-23, nan 
0.375, 77.125, 3.5364294600035455e-24, nan 
0.625, 77.125, 4.3850489959122286e-24, nan 
0.875, 77.125, 5.10999539587735e-24, nan 
1.125, 77.125, 3.6386802418442105e-24, nan 
1.375, 77.125, 5.5163455338080345e-24, nan 
1.625, 77.125, 2.2820496518877096e-24, nan 
1.875, 77.125, 4.0589988026948005e-24, nan 
2.125, 77.125, 5.076606541795445e-24, nan 
2.375, 77.125, 6.013879961391989e-24, nan 
2.625, 77.125, 5.346432957301573e-24, nan 
2.875, 77.125, 6.273528034416166e-24, nan 
3.125, 77.125, 7.76909915620329e-24, nan 
3.375, 77.125, 7.247215104659433e-24, nan 
3.625, 77.125, 7.611475565073138e-24, nan 
3.875, 77.125, 7.567906643256343e-24, nan 
4.125, 77.125, 8.834513831944587e-24, nan 
4.375, 77.125, 1.0222163210531138e-23, nan 
4.625, 77.125, 1.1971693447619287e-23, nan 
4.875, 77.125, 1.0483374317439161e-23, nan 
5.125, 77.125, 1.6963120473851054e-23, nan 
5.375, 77.125, 1.2106225245853088e-23, nan 
5.625, 77.125, 1.1173602897616119e-23, nan 
5.875, 77.125, 1.2639375179569398e-23, nan 
6.125, 77.125, 1.1182091623766733e-23, nan 
6.375, 77.125, 2.1013291843295304e-23, nan 
6.625, 77.125, 1.934154819890572e-23, nan 
6.875, 77.125, 1.6064873211155107e-23, nan 
7.125, 77.125, 1.7467782952319762e-23, nan 
7.375, 77.125, 1.1430493502867856e-23, nan 
7.625, 77.125, 5.318467033897327e-23, nan 
7.875, 77.125, 1.0846727682627958e-23, nan 
8.125, 77.125, 1.3165806995724905e-23, nan 
8.375, 77.125, 1.1206652470371881e-23, nan 
8.625, 77.125, 4.158291004557063e-24, nan 
8.875, 77.125, 2.7320138234806396e-24, nan 
9.125, 77.125, 4.914307835059886e-24, nan 
9.375, 77.125, 6.080715922856952e-24, nan 
9.625, 77.125, 6.270490850365847e-24, nan 
9.875, 77.125, 6.254530408733561e-24, nan 
10.125, 77.125, 3.0146447555597667e-24, nan 
10.375, 77.125, 3.9409529508986835e-24, nan 
10.625, 77.125, 5.999718126366503e-24, nan 
10.875, 77.125, 3.850195710611225e-24, nan 
11.125, 77.125, 1.91736282221816e-24, nan 
11.375, 77.125, 1.9484775727147824e-24, nan 
11.625, 77.125, 3.943499917377415e-24, nan 
11.875, 77.125, 2.6220172477674507e-24, nan 
12.125, 77.125, 2.497384191194306e-24, nan 
12.375, 77.125, 4.7177668409746196e-24, nan 
12.625, 77.125, 3.341713447888347e-24, nan 
12.875, 77.125, 1.7640866126025747e-24, nan 
13.125, 77.125, 1.3703552332899113e-24, nan 
13.375, 77.125, 3.12792230012721e-24, nan 
13.625, 77.125, 2.4508590364955314e-24, nan 
13.875, 77.125, 2.7325875948815956e-24, nan 
14.125, 77.125, 2.20197936750761e-24, nan 
14.375, 77.125, 1.3983136261371775e-24, nan 
14.625, 77.125, 1.9765891091165427e-24, nan 
14.875, 77.125, 1.8332961033709115e-24, nan 
15.125, 77.125, 1.979195243512656e-24, nan 
15.375, 77.125, 2.3702108048712237e-24, nan 
15.625, 77.125, 1.016291792586628e-24, nan 
15.875, 77.125, 1.5643502105500562e-24, nan 
16.125, 77.125, 1.81842901900116e-24, nan 
16.375, 77.125, 2.3536360977047026e-24, nan 
16.625, 77.125, 3.0077115284071175e-24, nan 
16.875, 77.125, 7.516109184730263e-24, nan 
17.125, 77.125, 5.572480431029429e-24, nan 
17.375, 77.125, 4.50071785478411e-24, nan 
17.625, 77.125, 3.2510501945319e-24, nan 
17.875, 77.125, 3.2871840245748583e-24, nan 
18.125, 77.125, 1.0809349793965101e-23, nan 
18.375, 77.125, 6.335497409057489e-24, nan 
18.625, 77.125, 4.532328602137111e-24, nan 
18.875, 77.125, 2.837312413378337e-24, nan 
19.125, 77.125, 2.4031378404935335e-24, nan 
19.375, 77.125, 2.825155148179317e-24, nan 
19.625, 77.125, 1.0413653526220239e-24, nan 
19.875, 77.125, 1.2168545007788909e-24, nan 
20.125, 77.125, 8.626566310189914e-25, nan 
20.375, 77.125, 2.3849779250277495e-24, nan 
20.625, 77.125, 1.2917834666667172e-24, nan 
20.875, 77.125, 1.3688104701397087e-24, nan 
21.125, 77.125, 1.1944541778147254e-24, nan 
21.375, 77.125, 8.134333335946397e-25, nan 
21.625, 77.125, 1.3372609080764258e-24, nan 
21.875, 77.125, 1.2982778083016954e-24, nan 
22.125, 77.125, 1.7114336788336165e-24, nan 
22.375, 77.125, 7.441350704024411e-25, nan 
22.625, 77.125, 2.2770175472761898e-24, nan 
22.875, 77.125, 2.0766378836294515e-24, nan 
23.125, 77.125, 2.000319878728309e-24, nan 
23.375, 77.125, 2.393604689825293e-24, nan 
23.625, 77.125, 1.2939140656291445e-24, nan 
23.875, 77.125, 2.9104883946321146e-24, nan 
24.125, 77.125, 2.085943905380087e-24, nan 
24.375, 77.125, 3.1344933856849042e-24, nan 
24.625, 77.125, 2.6361112035550945e-24, nan 
24.875, 77.125, 1.8547083104304784e-24, nan 
25.125, 77.125, 2.146731861258055e-24, nan 
25.375, 77.125, 4.885904281375509e-24, nan 
25.625, 77.125, 4.2486483821716735e-24, nan 
25.875, 77.125, 3.9156509392717126e-24, nan 
26.125, 77.125, 6.366963109150304e-24, nan 
26.375, 77.125, 7.726891043376876e-24, nan 
26.625, 77.125, 1.9417798907332686e-23, nan 
26.875, 77.125, 4.649400293351864e-24, nan 
27.125, 77.125, 3.8347969664961495e-24, nan 
27.375, 77.125, 2.87715069152871e-24, nan 
27.625, 77.125, 3.7776246293386194e-24, nan 
27.875, 77.125, 5.4821882684313186e-24, nan 
28.125, 77.125, 2.416886222965097e-24, nan 
28.375, 77.125, 1.9695776907161e-24, nan 
28.625, 77.125, 1.5723756437705125e-24, nan 
28.875, 77.125, 2.1411165175855008e-24, nan 
29.125, 77.125, 1.8950773538185843e-24, nan 
29.375, 77.125, 1.4841883072637028e-24, nan 
29.625, 77.125, 2.491653765784398e-24, nan 
29.875, 77.125, 1.5171786933573685e-24, nan 
30.125, 77.125, 9.94754406798139e-25, nan 
30.375, 77.125, 4.0781632446491754e-25, nan 
30.625, 77.125, 1.4481359433400899e-24, nan 
30.875, 77.125, 1.579102472939792e-24, nan 
31.125, 77.125, 1.3365254741493225e-24, nan 
31.375, 77.125, 9.813798666386303e-25, nan 
31.625, 77.125, 6.488749146013808e-25, nan 
31.875, 77.125, 1.4008113738367015e-24, nan 
32.125, 77.125, 2.2881402751027667e-24, nan 
32.375, 77.125, 2.0092759389155715e-24, nan 
32.625, 77.125, 1.8434861591260648e-24, nan 
32.875, 77.125, 4.464638240770338e-25, nan 
33.125, 77.125, 8.145842802791563e-25, nan 
33.375, 77.125, 1.0900042594102477e-24, nan 
33.625, 77.125, 2.476120372708852e-24, nan 
33.875, 77.125, 2.057025464129656e-24, nan 
34.125, 77.125, 6.399288799671448e-25, nan 
34.375, 77.125, 6.457194655146937e-25, nan 
34.625, 77.125, 9.681322370102618e-25, nan 
34.875, 77.125, 1.3714190465286185e-24, nan 
35.125, 77.125, 9.67366890862786e-25, nan 
35.375, 77.125, 7.227079124458025e-25, nan 
35.625, 77.125, 3.155299579793905e-25, nan 
35.875, 77.125, 1.0831055698676053e-24, nan 
36.125, 77.125, 4.483821865920477e-25, nan 
36.375, 77.125, 4.784089623519975e-25, nan 
36.625, 77.125, 7.086672335958552e-25, nan 
36.875, 77.125, 6.516660488493775e-25, nan 
37.125, 77.125, 1.0187513728458215e-24, nan 
37.375, 77.125, 9.039844455488334e-25, nan 
37.625, 77.125, 7.706272481538742e-25, nan 
37.875, 77.125, 7.402161141825116e-25, nan 
38.125, 77.125, 7.387060381887795e-25, nan 
38.375, 77.125, 1.1224892011358174e-24, nan 
38.625, 77.125, 8.878335492174975e-25, nan 
38.875, 77.125, 7.354347172173464e-25, nan 
39.125, 77.125, 6.976964525933011e-25, nan 
39.375, 77.125, 8.47351964906234e-25, nan 
39.625, 77.125, 1.1336657968487684e-24, nan 
39.875, 77.125, 4.992942489967484e-25, nan 
40.125, 77.125, 5.923194928701176e-25, nan 
40.375, 77.125, 6.297950050164488e-25, nan 
40.625, 77.125, 7.130310693800386e-25, nan 
40.875, 77.125, 8.959865123120399e-25, nan 
41.125, 77.125, 9.725851336850151e-25, nan 
41.375, 77.125, 5.3119307686125455e-25, nan 
-97.125, 77.375, 5.109454602043217e-23, nan 
-96.875, 77.375, 5.993813934961425e-23, nan 
-96.625, 77.375, 3.401340999664224e-23, nan 
-96.375, 77.375, 4.0040985110848e-23, nan 
-96.125, 77.375, 5.457641169699968e-23, nan 
-95.875, 77.375, 6.11072192993677e-23, nan 
-95.625, 77.375, 5.2043484256135417e-23, nan 
-95.375, 77.375, 5.92541769924137e-23, nan 
-95.125, 77.375, 5.276764774076749e-23, nan 
-94.875, 77.375, 5.624926120307337e-23, nan 
-94.625, 77.375, 7.668578362657718e-23, nan 
-94.375, 77.375, 9.469003506614992e-23, nan 
-94.125, 77.375, 8.843296262979726e-23, nan 
-93.875, 77.375, 8.822730784826311e-23, nan 
-93.625, 77.375, 1.0488333505615608e-22, nan 
-93.375, 77.375, 1.114189706687474e-22, nan 
-93.125, 77.375, 1.188504079836493e-22, nan 
-92.875, 77.375, 1.1596729819733593e-22, nan 
-92.625, 77.375, 1.1537437496495774e-22, nan 
-92.375, 77.375, 1.1422472684067116e-22, nan 
-92.125, 77.375, 9.417874004138844e-23, nan 
-91.875, 77.375, 7.821040852429244e-23, nan 
-91.625, 77.375, 8.373160809666143e-23, nan 
-91.375, 77.375, 1.0539852116047244e-22, nan 
-91.125, 77.375, 1.2323993910355014e-22, nan 
-90.875, 77.375, 1.2966797094545264e-22, nan 
-90.625, 77.375, 9.470115211432208e-23, nan 
-90.375, 77.375, 7.65336740676628e-23, nan 
-90.125, 77.375, 6.373170996887787e-23, nan 
-89.875, 77.375, 6.696700403223271e-23, nan 
-89.625, 77.375, 6.005857437005609e-23, nan 
-89.375, 77.375, 4.636819038832754e-23, nan 
-89.125, 77.375, 5.0788974452694766e-23, nan 
-88.875, 77.375, 6.081920842051383e-23, nan 
-88.625, 77.375, 6.69843095267929e-23, nan 
-88.375, 77.375, 8.001722634012201e-23, nan 
-88.125, 77.375, 7.041018261375301e-23, nan 
-87.875, 77.375, 6.992627330581975e-23, nan 
-87.625, 77.375, 7.502182691461725e-23, nan 
-87.375, 77.375, 7.785290705196591e-23, nan 
-87.125, 77.375, 1.0101346750539425e-22, nan 
-86.875, 77.375, 9.553554935544061e-23, nan 
-86.625, 77.375, 1.125447555000041e-22, nan 
-86.375, 77.375, 1.0909259231717453e-22, nan 
-86.125, 77.375, 1.1589811003573536e-22, nan 
-85.875, 77.375, 1.2986804588227969e-22, nan 
-85.625, 77.375, 1.0988674486602682e-22, nan 
-85.375, 77.375, 1.0238569791304705e-22, nan 
-85.125, 77.375, 9.98345626220335e-23, nan 
-84.875, 77.375, 1.5111511270572341e-22, nan 
-84.625, 77.375, 1.4254485040300672e-22, nan 
-84.375, 77.375, 1.3601663061453973e-22, nan 
-84.125, 77.375, 1.369414003392663e-22, nan 
-83.875, 77.375, 6.35176362323205e-23, nan 
-83.625, 77.375, 5.229726595151635e-23, nan 
-83.375, 77.375, 7.209543765328172e-23, nan 
-83.125, 77.375, 5.225151793168204e-23, nan 
-82.875, 77.375, 6.238535604863033e-23, nan 
-82.625, 77.375, 5.753529441371896e-23, nan 
-82.375, 77.375, 5.403724291182981e-23, nan 
-82.125, 77.375, 4.0876336327298675e-23, nan 
-81.875, 77.375, 2.5450859718954362e-23, nan 
-81.625, 77.375, 4.535759718277681e-23, nan 
-81.375, 77.375, 6.347134051023888e-23, nan 
-81.125, 77.375, 5.579010833769245e-23, nan 
-80.875, 77.375, 3.467038228813827e-23, nan 
-80.625, 77.375, 5.2304251875471615e-23, nan 
-80.375, 77.375, 8.861447321062322e-23, nan 
-80.125, 77.375, 8.409754118573537e-23, nan 
-79.875, 77.375, 8.049080873928455e-23, nan 
-79.625, 77.375, 7.320183838784285e-23, nan 
-79.375, 77.375, 1.1049039986419435e-22, nan 
-79.125, 77.375, 1.2707373938893617e-22, nan 
-78.875, 77.375, 1.4854498789608197e-22, nan 
-78.625, 77.375, 1.2874050771755991e-22, nan 
-78.375, 77.375, 1.4459960346883277e-22, nan 
-78.125, 77.375, 1.4509153111934882e-22, nan 
-77.875, 77.375, 1.363302882348943e-22, nan 
-77.625, 77.375, 1.3152172612131415e-22, nan 
-77.375, 77.375, 1.2082325868357767e-22, nan 
-77.125, 77.375, 1.4020100956993589e-22, nan 
-76.875, 77.375, 1.254898818621108e-22, nan 
-76.625, 77.375, 5.71949571983419e-23, nan 
-76.375, 77.375, 1.8469769811475872e-23, nan 
-76.125, 77.375, 6.868868779193827e-23, nan 
-75.875, 77.375, 9.433756724863017e-23, nan 
-75.625, 77.375, 8.617099904586683e-23, nan 
-75.375, 77.375, 9.194940575473792e-23, nan 
-75.125, 77.375, 1.801380433362025e-22, nan 
-74.875, 77.375, 3.591786193612902e-22, nan 
-74.625, 77.375, 4.669969643175353e-22, nan 
-74.375, 77.375, 2.5696710442544848e-22, nan 
-74.125, 77.375, 8.5375268717497e-23, nan 
-73.875, 77.375, 8.934432362603175e-23, nan 
-73.625, 77.375, 1.1876821017979052e-22, nan 
-73.375, 77.375, 8.831857301372125e-23, nan 
-73.125, 77.375, 9.772243453585603e-23, nan 
-72.875, 77.375, 5.815165460169244e-23, nan 
-72.625, 77.375, 5.0624309546222463e-23, nan 
-72.375, 77.375, 8.3155405403287e-23, nan 
-72.125, 77.375, 9.214513407252567e-23, nan 
-71.875, 77.375, 9.872813639243703e-23, nan 
-71.625, 77.375, 1.1240675327899497e-22, nan 
-71.375, 77.375, 1.24878147767944e-22, nan 
-71.125, 77.375, 1.2853494245673974e-22, nan 
-70.875, 77.375, 1.382010150784237e-22, nan 
-70.625, 77.375, 1.5583715047384867e-22, nan 
-70.375, 77.375, 6.336635539241641e-22, nan 
-70.125, 77.375, 1.2589904140486984e-21, nan 
-69.875, 77.375, 9.613252660333932e-22, nan 
-69.625, 77.375, 8.195544108033532e-22, nan 
-69.375, 77.375, 3.2170074802216735e-22, nan 
-69.125, 77.375, 1.2728407675380303e-22, nan 
-68.875, 77.375, 1.3565147916740113e-22, nan 
-68.625, 77.375, 1.338413479358579e-22, nan 
-68.375, 77.375, 1.1966335768552686e-22, nan 
-68.125, 77.375, 1.0110567546710532e-22, nan 
-67.875, 77.375, 1.2337358168248367e-22, nan 
-67.625, 77.375, 1.3545050383835e-22, nan 
-67.375, 77.375, 1.8525994329283292e-22, nan 
-67.125, 77.375, 1.7134395372303756e-22, nan 
-66.875, 77.375, 9.890745518017219e-23, nan 
-66.625, 77.375, 1.183727294447138e-22, nan 
-66.375, 77.375, 1.9406866407448945e-22, nan 
-66.125, 77.375, 2.5737864585171545e-22, nan 
-65.875, 77.375, 2.29752739006891e-22, nan 
-65.625, 77.375, 2.123488758464637e-22, nan 
-65.375, 77.375, 1.9978688929481801e-22, nan 
-65.125, 77.375, 1.6717586930070886e-22, nan 
-64.875, 77.375, 1.3704582270244186e-22, nan 
-64.625, 77.375, 1.270432730240919e-22, nan 
-64.375, 77.375, 1.0642407488965049e-22, nan 
-64.125, 77.375, 1.3764442915481795e-22, nan 
-63.875, 77.375, 9.654895389536492e-23, nan 
-63.625, 77.375, 7.101435753050513e-23, nan 
-63.375, 77.375, 9.926019638509228e-23, nan 
-63.125, 77.375, 7.950502402591991e-23, nan 
-62.875, 77.375, 8.090810900630564e-23, nan 
-62.625, 77.375, 1.018092984760413e-22, nan 
-62.375, 77.375, 6.302596582819822e-23, nan 
-62.125, 77.375, 7.849447658692184e-23, nan 
-61.875, 77.375, 9.173699512408907e-23, nan 
-61.625, 77.375, 1.1959743298963016e-22, nan 
-61.375, 77.375, 1.5789315753907748e-22, nan 
-61.125, 77.375, 1.3279384884635865e-22, nan 
-60.875, 77.375, 1.2589342825861892e-22, nan 
-60.625, 77.375, 1.2555090099176036e-22, nan 
-60.375, 77.375, 1.1980028167660372e-22, nan 
-60.125, 77.375, 1.5039145558146859e-22, nan 
-59.875, 77.375, 1.432303448563646e-22, nan 
-59.625, 77.375, 1.3678646592906653e-22, nan 
-59.375, 77.375, 9.563362377610361e-23, nan 
-59.125, 77.375, 7.474322191080731e-23, nan 
-58.875, 77.375, 9.754848281241688e-23, nan 
-58.625, 77.375, 2.606235798194242e-22, nan 
-58.375, 77.375, 9.133877942794591e-22, nan 
-58.125, 77.375, 1.681947105071357e-21, nan 
-57.875, 77.375, 1.6665852052975399e-21, nan 
-57.625, 77.375, 1.5504255418298765e-21, nan 
-57.375, 77.375, 1.3159459051888914e-21, nan 
-57.125, 77.375, 1.2446276189606998e-21, nan 
-56.875, 77.375, 1.630809222817301e-21, nan 
-56.625, 77.375, 1.6060542294010032e-21, nan 
-56.375, 77.375, 1.4874115089672326e-21, nan 
-56.125, 77.375, 1.226735905195013e-21, nan 
-55.875, 77.375, 9.424359041556827e-22, nan 
-55.625, 77.375, 1.2955120046311155e-21, nan 
-55.375, 77.375, 1.2141676356424596e-21, nan 
-55.125, 77.375, 1.2438741029135032e-21, nan 
-54.875, 77.375, 1.0795352729588248e-21, nan 
-54.625, 77.375, 9.648639863661536e-22, nan 
-54.375, 77.375, 7.236135523790736e-22, nan 
-54.125, 77.375, 6.581529615460411e-22, nan 
-53.875, 77.375, 5.8682967163932415e-22, nan 
-53.625, 77.375, 5.512406394682674e-22, nan 
-53.375, 77.375, 5.305983489929864e-22, nan 
-53.125, 77.375, 4.328659851640208e-22, nan 
-52.875, 77.375, 4.1178164544848234e-22, nan 
-52.625, 77.375, 4.060001542786826e-22, nan 
-52.375, 77.375, 2.9297599021916364e-22, nan 
-52.125, 77.375, 2.6378473018204356e-22, nan 
-51.875, 77.375, 2.20689349334475e-22, nan 
-51.625, 77.375, 1.7911886941256284e-22, nan 
-51.375, 77.375, 1.156770832114624e-22, nan 
-51.125, 77.375, 1.0457161943931288e-22, nan 
-50.875, 77.375, 8.903359114197215e-23, nan 
-50.625, 77.375, 1.1837914274650745e-22, nan 
-50.375, 77.375, 1.0502085630290156e-22, nan 
-50.125, 77.375, 9.265820552474522e-23, nan 
-49.875, 77.375, 8.750981840271778e-23, nan 
-49.625, 77.375, 8.374013858806139e-23, nan 
-49.375, 77.375, 9.435990153077564e-23, nan 
-49.125, 77.375, 1.2146513780660176e-22, nan 
-48.875, 77.375, 1.3655847561202696e-22, nan 
-48.625, 77.375, 1.307268169401209e-22, nan 
-48.375, 77.375, 1.2472869254207844e-22, nan 
-48.125, 77.375, 1.212121704185473e-22, nan 
-47.875, 77.375, 1.130350413811108e-22, nan 
-47.625, 77.375, 9.924557424249644e-23, nan 
-47.375, 77.375, 8.855588787041548e-23, nan 
-47.125, 77.375, 7.760657951419882e-23, nan 
-46.875, 77.375, 5.863425163639107e-23, nan 
-46.625, 77.375, 4.1969318362620443e-23, nan 
-46.375, 77.375, 3.252593439130265e-23, nan 
-46.125, 77.375, 3.7601087631478236e-23, nan 
-45.875, 77.375, 5.511640792288685e-23, nan 
-45.625, 77.375, 5.84360651856346e-23, nan 
-45.375, 77.375, 4.447838376678543e-23, nan 
-45.125, 77.375, 2.515073286935903e-23, nan 
-44.875, 77.375, 1.1700112658468584e-23, nan 
-44.625, 77.375, 3.8216790937254883e-23, nan 
-44.375, 77.375, 3.9332645251012743e-23, nan 
-44.125, 77.375, 4.186694906602204e-23, nan 
-43.875, 77.375, 3.058432687260542e-23, nan 
-43.625, 77.375, 2.968387460743523e-23, nan 
-43.375, 77.375, 3.1446771559244996e-23, nan 
-43.125, 77.375, 3.2054096451816165e-23, nan 
-42.875, 77.375, 3.6354496097865795e-23, nan 
-42.625, 77.375, 3.341864493426341e-23, nan 
-42.375, 77.375, 3.1722563275775605e-23, nan 
-42.125, 77.375, 2.735580385943838e-23, nan 
-41.875, 77.375, 2.8413514060028036e-23, nan 
-41.625, 77.375, 2.9766287859566806e-23, nan 
-41.375, 77.375, 3.011744649911315e-23, nan 
-41.125, 77.375, 2.5832085659081663e-23, nan 
-40.875, 77.375, 1.816407444196794e-23, nan 
-40.625, 77.375, 1.5579232162924892e-23, nan 
-40.375, 77.375, 1.7018164190509602e-23, nan 
-40.125, 77.375, 2.5262791624744608e-23, nan 
-39.875, 77.375, 2.4398129645689962e-23, nan 
-39.625, 77.375, 2.4475598588961318e-23, nan 
-39.375, 77.375, 1.5532103650949918e-23, nan 
-39.125, 77.375, 2.3839255812197713e-23, nan 
-38.875, 77.375, 4.4260779688894545e-23, nan 
-38.625, 77.375, 4.088006327399948e-23, nan 
-38.375, 77.375, 4.6474384856711803e-23, nan 
-38.125, 77.375, 3.0261187963216437e-23, nan 
-37.875, 77.375, 3.119883372757597e-23, nan 
-37.625, 77.375, 4.4338368863911604e-23, nan 
-37.375, 77.375, 3.0201165940914425e-23, nan 
-37.125, 77.375, 3.3233897864698934e-23, nan 
-36.875, 77.375, 2.5132253137213482e-23, nan 
-36.625, 77.375, 2.561933370702272e-23, nan 
-36.375, 77.375, 1.6530424859079436e-23, nan 
-36.125, 77.375, 1.572668317195253e-23, nan 
-35.875, 77.375, 1.533233790345074e-23, nan 
-35.625, 77.375, 1.7340308853856002e-23, nan 
-35.375, 77.375, 2.2320887642733688e-23, nan 
-35.125, 77.375, 1.7579335284576222e-23, nan 
-34.875, 77.375, 1.647773008962802e-23, nan 
-34.625, 77.375, 2.0209289692095422e-23, nan 
-34.375, 77.375, 2.1762907304655474e-23, nan 
-34.125, 77.375, 2.603523514114623e-23, nan 
-33.875, 77.375, 3.15212667177378e-23, nan 
-33.625, 77.375, 2.347532799875805e-23, nan 
-33.375, 77.375, 2.6983907884684907e-23, nan 
-33.125, 77.375, 2.8706026689957833e-23, nan 
-32.875, 77.375, 2.3497868585540624e-23, nan 
-32.625, 77.375, 2.8867901732847476e-23, nan 
-32.375, 77.375, 1.5052293243060553e-23, nan 
-32.125, 77.375, 3.757255963072446e-23, nan 
-31.875, 77.375, 3.926454066812449e-23, nan 
-31.625, 77.375, 2.0848362341662066e-23, nan 
-31.375, 77.375, 1.507018531149809e-23, nan 
-31.125, 77.375, 4.155240631205119e-24, nan 
-30.875, 77.375, 1.6867373062229232e-23, nan 
-30.625, 77.375, 1.460634994728818e-23, nan 
-30.375, 77.375, 6.021352562326229e-24, nan 
-30.125, 77.375, 1.2069913075709687e-23, nan 
-29.875, 77.375, 1.5551484088409395e-23, nan 
-29.625, 77.375, 1.0760412602556498e-23, nan 
-29.375, 77.375, 1.4031341341476802e-23, nan 
-29.125, 77.375, 2.0482735317149547e-23, nan 
-28.875, 77.375, 2.2670483942433812e-23, nan 
-28.625, 77.375, 1.5457575111187203e-23, nan 
-28.375, 77.375, 1.4357310354905554e-23, nan 
-28.125, 77.375, 2.239240152286421e-23, nan 
-27.875, 77.375, 1.4150357675994866e-23, nan 
-27.625, 77.375, 2.5105106179881305e-23, nan 
-27.375, 77.375, 2.871951489926842e-23, nan 
-27.125, 77.375, 3.0219968775541564e-23, nan 
-26.875, 77.375, 3.104169464294654e-23, nan 
-26.625, 77.375, 3.18450125972877e-23, nan 
-26.375, 77.375, 4.505447353670017e-23, nan 
-26.125, 77.375, 3.362408835559862e-23, nan 
-25.875, 77.375, 2.1106966347525137e-23, nan 
-25.625, 77.375, 3.2728607894216176e-23, nan 
-25.375, 77.375, 2.2983005052870458e-23, nan 
-25.125, 77.375, 2.095735524185023e-23, nan 
-24.875, 77.375, 1.3532931345458718e-23, nan 
-24.625, 77.375, 3.7742827569477457e-23, nan 
-24.375, 77.375, 4.464676082955571e-23, nan 
-24.125, 77.375, 5.083478335694671e-23, nan 
-23.875, 77.375, 4.698318260205996e-23, nan 
-23.625, 77.375, 3.160077004556224e-23, nan 
-23.375, 77.375, 4.0108976903202585e-23, nan 
-23.125, 77.375, 5.0865623346167315e-23, nan 
-22.875, 77.375, 5.483409581789379e-23, nan 
-22.625, 77.375, 5.406426492174886e-23, nan 
-22.375, 77.375, 4.031075598344805e-23, nan 
-22.125, 77.375, 2.3790123438974082e-23, nan 
-21.875, 77.375, 2.754176117175027e-23, nan 
-21.625, 77.375, 3.8488144774007376e-23, nan 
-21.375, 77.375, 3.4478254018740847e-23, nan 
-21.125, 77.375, 4.290676622624694e-23, nan 
-20.875, 77.375, 4.8503776391981783e-23, nan 
-20.625, 77.375, 4.513938184595368e-23, nan 
-20.375, 77.375, 3.575678712194544e-23, nan 
-20.125, 77.375, 2.7556591203311086e-23, nan 
-19.875, 77.375, 3.302562355567465e-23, nan 
-19.625, 77.375, 4.5408797770480377e-23, nan 
-19.375, 77.375, 4.0683915724148207e-23, nan 
-19.125, 77.375, 3.3144032939766315e-23, nan 
-18.875, 77.375, 2.7208982861172586e-23, nan 
-18.625, 77.375, 2.762444610972325e-23, nan 
-18.375, 77.375, 3.057237909640409e-23, nan 
-18.125, 77.375, 2.927725593672984e-23, nan 
-17.875, 77.375, 1.96148744365122e-23, nan 
-17.625, 77.375, 2.2378213459237792e-23, nan 
-17.375, 77.375, 2.2575472598448016e-23, nan 
-17.125, 77.375, 2.8667872887030935e-23, nan 
-16.875, 77.375, 2.499707585221299e-23, nan 
-16.625, 77.375, 1.3777550201015712e-23, nan 
-16.375, 77.375, 1.9740436738239376e-23, nan 
-16.125, 77.375, 2.5633334051505657e-23, nan 
-15.875, 77.375, 2.3334172802456983e-23, nan 
-15.625, 77.375, 1.3084272609979262e-23, nan 
-15.375, 77.375, 1.2872348777160596e-23, nan 
-15.125, 77.375, 1.78015402550099e-23, nan 
-14.875, 77.375, 1.9152642012782855e-23, nan 
-14.625, 77.375, 1.608387716074096e-23, nan 
-14.375, 77.375, 1.1092575575431617e-23, nan 
-14.125, 77.375, 1.0118475305301312e-23, nan 
-13.875, 77.375, 1.1030466789929096e-23, nan 
-13.625, 77.375, 1.2122396701209783e-23, nan 
-13.375, 77.375, 1.1848227377939376e-23, nan 
-13.125, 77.375, 1.349688935639788e-23, nan 
-12.875, 77.375, 9.112518444838675e-24, nan 
-12.625, 77.375, 1.1439983365690482e-23, nan 
-12.375, 77.375, 1.2260334400044294e-23, nan 
-12.125, 77.375, 1.539069095886016e-23, nan 
-11.875, 77.375, 1.7885205254526967e-23, nan 
-11.625, 77.375, 1.3629117142830874e-23, nan 
-11.375, 77.375, 9.566279381556536e-24, nan 
-11.125, 77.375, 1.1278297848118141e-23, nan 
-10.875, 77.375, 9.942945208303488e-24, nan 
-10.625, 77.375, 8.241835694236102e-24, nan 
-10.375, 77.375, 9.2210919498721e-24, nan 
-10.125, 77.375, 7.073061138626265e-24, nan 
-9.875, 77.375, 9.191812594753391e-24, nan 
-9.625, 77.375, 9.937396531705595e-24, nan 
-9.375, 77.375, 8.763925859816187e-24, nan 
-9.125, 77.375, 1.043748314489885e-23, nan 
-8.875, 77.375, 9.20067331671699e-24, nan 
-8.625, 77.375, 1.0612277879834239e-23, nan 
-8.375, 77.375, 1.320906512875634e-23, nan 
-8.125, 77.375, 1.3143933643717562e-23, nan 
-7.875, 77.375, 1.2090996430563879e-23, nan 
-7.625, 77.375, 1.2746542057016531e-23, nan 
-7.375, 77.375, 1.3134421282304894e-23, nan 
-7.125, 77.375, 1.3355052814495325e-23, nan 
-6.875, 77.375, 1.3413817679817632e-23, nan 
-6.625, 77.375, 1.2660230583290251e-23, nan 
-6.375, 77.375, 1.1819377636153442e-23, nan 
-6.125, 77.375, 1.1932664638889256e-23, nan 
-5.875, 77.375, 9.910785039987476e-24, nan 
-5.625, 77.375, 7.996804487152672e-24, nan 
-5.375, 77.375, 8.071287933020452e-24, nan 
-5.125, 77.375, 6.2145948270104895e-24, nan 
-4.875, 77.375, 7.412723022757292e-24, nan 
-4.625, 77.375, 6.0810053295013296e-24, nan 
-4.375, 77.375, 5.045782441278886e-24, nan 
-4.125, 77.375, 6.395113410962155e-24, nan 
-3.875, 77.375, 5.357624017624294e-24, nan 
-3.625, 77.375, 6.1268147921049165e-24, nan 
-3.375, 77.375, 6.017018760544465e-24, nan 
-3.125, 77.375, 5.8225236725263645e-24, nan 
-2.875, 77.375, 7.137334232373938e-24, nan 
-2.625, 77.375, 5.702042668665476e-24, nan 
-2.375, 77.375, 4.374475849332855e-24, nan 
-2.125, 77.375, 5.031096152802712e-24, nan 
-1.875, 77.375, 6.723756671461535e-24, nan 
-1.625, 77.375, 9.230866773008447e-24, nan 
-1.375, 77.375, 8.13878891505204e-24, nan 
-1.125, 77.375, 9.830850124194246e-24, nan 
-0.875, 77.375, 8.214903861222408e-24, nan 
-0.625, 77.375, 6.264880599463555e-24, nan 
-0.375, 77.375, 9.158638052607952e-24, nan 
-0.125, 77.375, 8.129346390493578e-24, nan 
0.125, 77.375, 9.308149700412565e-24, nan 
0.375, 77.375, 7.172951691059677e-24, nan 
0.625, 77.375, 8.976690090930715e-24, nan 
0.875, 77.375, 1.0939870915895135e-23, nan 
1.125, 77.375, 6.1477656044409415e-24, nan 
1.375, 77.375, 4.85167878619139e-24, nan 
1.625, 77.375, 5.3709088673449984e-24, nan 
1.875, 77.375, 4.5787938995964746e-24, nan 
2.125, 77.375, 4.863992293572373e-24, nan 
2.375, 77.375, 5.885934366696355e-24, nan 
2.625, 77.375, 5.910371776121974e-24, nan 
2.875, 77.375, 8.69463349787414e-24, nan 
3.125, 77.375, 8.838150761231176e-24, nan 
3.375, 77.375, 7.05422982562595e-24, nan 
3.625, 77.375, 7.686458056698666e-24, nan 
3.875, 77.375, 7.585909365232224e-24, nan 
4.125, 77.375, 8.941551286981464e-24, nan 
4.375, 77.375, 9.388096011738809e-24, nan 
4.625, 77.375, 1.380952363791435e-23, nan 
4.875, 77.375, 1.429212623735118e-23, nan 
5.125, 77.375, 1.956906712348636e-23, nan 
5.375, 77.375, 2.238054145423259e-23, nan 
5.625, 77.375, 1.7456864080159524e-23, nan 
5.875, 77.375, 1.9614246519580612e-23, nan 
6.125, 77.375, 1.5783363365528896e-23, nan 
6.375, 77.375, 6.30665028198929e-23, nan 
6.625, 77.375, 3.0192185391530407e-23, nan 
6.875, 77.375, 2.0334561086873822e-23, nan 
7.125, 77.375, 2.3975194528749924e-23, nan 
7.375, 77.375, 1.384836919422126e-23, nan 
7.625, 77.375, 1.0454367618643296e-22, nan 
7.875, 77.375, 1.2369934457503615e-23, nan 
8.125, 77.375, 1.365738139041233e-23, nan 
8.375, 77.375, 1.5866039872867393e-23, nan 
8.625, 77.375, 8.187065058721331e-24, nan 
8.875, 77.375, 4.569567885254184e-23, nan 
9.125, 77.375, 7.977868796254713e-24, nan 
9.375, 77.375, 7.554172058922624e-24, nan 
9.625, 77.375, 1.0856157126744944e-23, nan 
9.875, 77.375, 6.79403460980746e-24, nan 
10.125, 77.375, 5.0193851624637284e-24, nan 
10.375, 77.375, 5.386767927907803e-24, nan 
10.625, 77.375, 6.89418327556861e-24, nan 
10.875, 77.375, 4.70832614741876e-24, nan 
11.125, 77.375, 3.344146080649483e-24, nan 
11.375, 77.375, 4.446326476221436e-24, nan 
11.625, 77.375, 5.612418156991102e-24, nan 
11.875, 77.375, 5.335540762484357e-24, nan 
12.125, 77.375, 2.3328765562296336e-24, nan 
12.375, 77.375, 1.7155667765384342e-24, nan 
12.625, 77.375, 1.6023021406992901e-24, nan 
12.875, 77.375, 2.4258144986102248e-24, nan 
13.125, 77.375, 2.647907421039234e-24, nan 
13.375, 77.375, 2.574221613281692e-24, nan 
13.625, 77.375, 1.8808048888603213e-24, nan 
13.875, 77.375, 1.890997702379701e-24, nan 
14.125, 77.375, 2.3563756230691453e-24, nan 
14.375, 77.375, 2.2464700640372235e-24, nan 
14.625, 77.375, 1.0474845814125413e-24, nan 
14.875, 77.375, 2.5239988683218755e-24, nan 
15.125, 77.375, 1.8392371978005513e-24, nan 
15.375, 77.375, 2.154153037517505e-24, nan 
15.625, 77.375, 2.5860982943023904e-24, nan 
15.875, 77.375, 3.3603024398261574e-24, nan 
16.125, 77.375, 2.5020176789538943e-24, nan 
16.375, 77.375, 1.9608403797416872e-24, nan 
16.625, 77.375, 2.0970888037398205e-24, nan 
16.875, 77.375, 2.1035893704776378e-24, nan 
17.125, 77.375, 3.518188617289961e-24, nan 
17.375, 77.375, 2.4149177739769597e-24, nan 
17.625, 77.375, 2.9350699870760998e-24, nan 
17.875, 77.375, 4.3584942103279326e-24, nan 
18.125, 77.375, 7.800565337713519e-24, nan 
18.375, 77.375, 4.0789592454848646e-24, nan 
18.625, 77.375, 3.8346274282089036e-24, nan 
18.875, 77.375, 3.474905548393561e-24, nan 
19.125, 77.375, 4.99017727917143e-24, nan 
19.375, 77.375, 5.209057653470181e-24, nan 
19.625, 77.375, 2.925304452307219e-24, nan 
19.875, 77.375, 2.6851666681396605e-24, nan 
20.125, 77.375, 2.0427423280413244e-24, nan 
20.375, 77.375, 2.963698940846558e-24, nan 
20.625, 77.375, 3.0884308193929674e-24, nan 
20.875, 77.375, 2.0123691898932424e-24, nan 
21.125, 77.375, 1.9472889219976024e-24, nan 
21.375, 77.375, 1.5341125106756905e-24, nan 
21.625, 77.375, 1.5405249258265639e-24, nan 
21.875, 77.375, 1.702117170015678e-24, nan 
22.125, 77.375, 1.5910859912645586e-24, nan 
22.375, 77.375, 1.924169026136689e-24, nan 
22.625, 77.375, 1.8828214787220932e-24, nan 
22.875, 77.375, 2.003740999931051e-24, nan 
23.125, 77.375, 1.835104964580231e-24, nan 
23.375, 77.375, 1.5589493706516223e-24, nan 
23.625, 77.375, 3.351418078579856e-24, nan 
23.875, 77.375, 2.6744045720012963e-24, nan 
24.125, 77.375, 2.4424678383650335e-24, nan 
24.375, 77.375, 1.8078790979999188e-24, nan 
24.625, 77.375, 2.5003610600657424e-24, nan 
24.875, 77.375, 1.774795027360658e-24, nan 
25.125, 77.375, 1.6106400395882324e-24, nan 
25.375, 77.375, 2.340414673304065e-24, nan 
25.625, 77.375, 3.7348314933726e-24, nan 
25.875, 77.375, 1.8701223601165268e-24, nan 
26.125, 77.375, 1.882845768159244e-24, nan 
26.375, 77.375, 2.0049611211106123e-24, nan 
26.625, 77.375, 2.7006926048307174e-24, nan 
26.875, 77.375, 2.7568931119773537e-24, nan 
27.125, 77.375, 2.4745304826714726e-24, nan 
27.375, 77.375, 2.4912075552774083e-24, nan 
27.625, 77.375, 5.7762762932967585e-25, nan 
27.875, 77.375, 9.926749366938082e-25, nan 
28.125, 77.375, 1.9989291458688026e-24, nan 
28.375, 77.375, 1.2790149613042453e-24, nan 
28.625, 77.375, 1.540064344569512e-24, nan 
28.875, 77.375, 1.691201471921414e-24, nan 
29.125, 77.375, 1.702753799381978e-24, nan 
29.375, 77.375, 1.6833251947103393e-24, nan 
29.625, 77.375, 2.3992397870832926e-24, nan 
29.875, 77.375, 1.8227859277992617e-24, nan 
30.125, 77.375, 1.4292095557054544e-24, nan 
30.375, 77.375, 1.5437431966766497e-24, nan 
30.625, 77.375, 1.7318751498969743e-24, nan 
30.875, 77.375, 2.3799592985007485e-24, nan 
31.125, 77.375, 1.8398732208536112e-24, nan 
31.375, 77.375, 1.631549833191418e-24, nan 
31.625, 77.375, 1.776020636575718e-24, nan 
31.875, 77.375, 2.1770487799114256e-24, nan 
32.125, 77.375, 2.8589220570652542e-24, nan 
32.375, 77.375, 1.9523120215337893e-24, nan 
32.625, 77.375, 1.2315459993915022e-24, nan 
32.875, 77.375, 6.2057888742558355e-25, nan 
33.125, 77.375, 5.422064489901158e-25, nan 
33.375, 77.375, 1.0018513661397645e-24, nan 
33.625, 77.375, 1.5297189094997069e-24, nan 
33.875, 77.375, 1.1625400673130361e-24, nan 
34.125, 77.375, 5.997329219737681e-25, nan 
34.375, 77.375, 7.6353729581711655e-25, nan 
34.625, 77.375, 9.66515973965521e-25, nan 
34.875, 77.375, 6.792856441592143e-25, nan 
35.125, 77.375, 4.930065649613624e-25, nan 
35.375, 77.375, 6.699230100974253e-25, nan 
35.625, 77.375, 7.427509492202289e-25, nan 
35.875, 77.375, 8.624144046549876e-25, nan 
36.125, 77.375, 8.53385996663356e-25, nan 
36.375, 77.375, 5.542183863104828e-25, nan 
36.625, 77.375, 6.229442113369428e-25, nan 
36.875, 77.375, 8.909399054838159e-25, nan 
37.125, 77.375, 9.914449331737048e-25, nan 
37.375, 77.375, 9.236659421027617e-25, nan 
37.625, 77.375, 9.249332702289372e-25, nan 
37.875, 77.375, 1.2640403902383964e-24, nan 
38.125, 77.375, 1.2297407846080302e-24, nan 
38.375, 77.375, 1.1929702345494238e-24, nan 
38.625, 77.375, 9.801368782845768e-25, nan 
38.875, 77.375, 9.217585166798263e-25, nan 
39.125, 77.375, 1.283481375959649e-24, nan 
39.375, 77.375, 6.820404979837964e-25, nan 
39.625, 77.375, 8.799200061429587e-25, nan 
39.875, 77.375, 9.479368395780993e-25, nan 
40.125, 77.375, 6.002050082405264e-25, nan 
40.375, 77.375, 3.7340480735720612e-25, nan 
40.625, 77.375, 6.606146897661704e-25, nan 
40.875, 77.375, 7.626049984179583e-25, nan 
41.125, 77.375, 1.4112885617331683e-24, nan 
41.375, 77.375, 5.545190610336569e-25, nan 
41.625, 77.375, 8.45780215471213e-25, nan 
41.875, 77.375, 1.277910581558719e-24, nan 
42.125, 77.375, 6.535628278962607e-25, nan 
42.375, 77.375, 1.2593108609625774e-24, nan 
42.625, 77.375, 5.256247972992583e-25, nan 
42.875, 77.375, 6.331017185649207e-25, nan 
43.125, 77.375, 7.6804600909491e-25, nan 
-97.625, 77.625, 3.783328874623194e-23, nan 
-97.375, 77.625, 4.837924970979853e-23, nan 
-97.125, 77.625, 4.729216520309427e-23, nan 
-96.875, 77.625, 6.912852478142475e-23, nan 
-96.625, 77.625, 3.643028423992827e-23, nan 
-96.375, 77.625, 4.781435048739202e-23, nan 
-96.125, 77.625, 7.473740467514547e-23, nan 
-95.875, 77.625, 9.484514991738722e-23, nan 
-95.625, 77.625, 1.003446369714601e-22, nan 
-95.375, 77.625, 7.800093606424403e-23, nan 
-95.125, 77.625, 7.202295311996852e-23, nan 
-94.875, 77.625, 8.016682441204787e-23, nan 
-94.625, 77.625, 8.921844877390334e-23, nan 
-94.375, 77.625, 9.272933273899112e-23, nan 
-94.125, 77.625, 9.356147347775741e-23, nan 
-93.875, 77.625, 8.08717146596761e-23, nan 
-93.625, 77.625, 8.243195128124736e-23, nan 
-93.375, 77.625, 8.376914894630058e-23, nan 
-93.125, 77.625, 5.675919428623412e-23, nan 
-92.875, 77.625, 6.001676621851738e-23, nan 
-92.625, 77.625, 5.1398545018675417e-23, nan 
-92.375, 77.625, 7.873492808803343e-23, nan 
-92.125, 77.625, 6.76068985937486e-23, nan 
-91.875, 77.625, 4.2478993787297414e-23, nan 
-91.625, 77.625, 2.892699220290257e-23, nan 
-91.375, 77.625, 5.139309848770815e-23, nan 
-91.125, 77.625, 9.020308675435168e-23, nan 
-90.875, 77.625, 7.444448039279288e-23, nan 
-90.625, 77.625, 4.120874009683808e-23, nan 
-90.375, 77.625, 2.934574551927668e-23, nan 
-90.125, 77.625, 4.7326529386306526e-23, nan 
-89.875, 77.625, 5.51792363327997e-23, nan 
-89.625, 77.625, 4.650910819538454e-23, nan 
-89.375, 77.625, 6.468489185790613e-23, nan 
-89.125, 77.625, 4.2269559060961376e-23, nan 
-88.875, 77.625, 4.108177398722311e-23, nan 
-88.625, 77.625, 4.9627364578100656e-23, nan 
-88.375, 77.625, 6.532731550564542e-23, nan 
-88.125, 77.625, 7.83571615281052e-23, nan 
-87.875, 77.625, 4.746101381541702e-23, nan 
-87.625, 77.625, 3.750561250528378e-23, nan 
-87.375, 77.625, 6.651721141611932e-23, nan 
-87.125, 77.625, 8.588839872354805e-23, nan 
-86.875, 77.625, 7.760382299513776e-23, nan 
-86.625, 77.625, 8.576083538820209e-23, nan 
-86.375, 77.625, 5.613677525560359e-23, nan 
-86.125, 77.625, 7.238051004518504e-23, nan 
-85.875, 77.625, 9.781455687438837e-23, nan 
-85.625, 77.625, 9.573435688144161e-23, nan 
-85.375, 77.625, 9.408166238363135e-23, nan 
-85.125, 77.625, 7.054591090464303e-23, nan 
-84.875, 77.625, 1.0305174353924789e-22, nan 
-84.625, 77.625, 1.11586502568964e-22, nan 
-84.375, 77.625, 1.080393493320109e-22, nan 
-84.125, 77.625, 1.0379928481829938e-22, nan 
-83.875, 77.625, 6.335595840000628e-23, nan 
-83.625, 77.625, 5.217299883235451e-23, nan 
-83.375, 77.625, 7.568258778388732e-23, nan 
-83.125, 77.625, 5.166761201243213e-23, nan 
-82.875, 77.625, 7.105478748384562e-23, nan 
-82.625, 77.625, 7.334327685055329e-23, nan 
-82.375, 77.625, 5.192273126722495e-23, nan 
-82.125, 77.625, 6.771996506046296e-23, nan 
-81.875, 77.625, 6.17900900547566e-23, nan 
-81.625, 77.625, 7.828460917140989e-23, nan 
-81.375, 77.625, 7.418474010390855e-23, nan 
-81.125, 77.625, 3.856688073201636e-23, nan 
-80.875, 77.625, 3.60146143733843e-23, nan 
-80.625, 77.625, 6.783669717318545e-23, nan 
-80.375, 77.625, 1.0107562343724667e-22, nan 
-80.125, 77.625, 9.092569598115677e-23, nan 
-79.875, 77.625, 6.846586638107077e-23, nan 
-79.625, 77.625, 7.231710902320549e-23, nan 
-79.375, 77.625, 7.443292086462721e-23, nan 
-79.125, 77.625, 6.578039724038892e-23, nan 
-78.875, 77.625, 6.249624359464365e-23, nan 
-78.625, 77.625, 6.367980847096138e-23, nan 
-78.375, 77.625, 7.270253408950583e-23, nan 
-78.125, 77.625, 1.0090523337962652e-22, nan 
-77.875, 77.625, 1.1211982024144541e-22, nan 
-77.625, 77.625, 1.0567932277305176e-22, nan 
-77.375, 77.625, 1.0094451643911663e-22, nan 
-77.125, 77.625, 8.743969172913371e-23, nan 
-76.875, 77.625, 1.1127336931388733e-22, nan 
-76.625, 77.625, 1.1313611571280063e-22, nan 
-76.375, 77.625, 5.801067322186324e-23, nan 
-76.125, 77.625, 1.0993388811590858e-22, nan 
-75.875, 77.625, 6.931285700853173e-23, nan 
-75.625, 77.625, 8.598818329428447e-23, nan 
-75.375, 77.625, 6.558182574137355e-23, nan 
-75.125, 77.625, 6.357320048452456e-23, nan 
-74.875, 77.625, 7.767046884831463e-23, nan 
-74.625, 77.625, 8.207056033000927e-23, nan 
-74.375, 77.625, 8.288536873544182e-23, nan 
-74.125, 77.625, 7.448601646549025e-23, nan 
-73.875, 77.625, 6.191795064413559e-23, nan 
-73.625, 77.625, 8.684683315421486e-23, nan 
-73.375, 77.625, 7.483310531950342e-23, nan 
-73.125, 77.625, 1.1367460710057967e-22, nan 
-72.875, 77.625, 8.504542387638917e-23, nan 
-72.625, 77.625, 4.470566266972752e-23, nan 
-72.375, 77.625, 4.8638858730244623e-23, nan 
-72.125, 77.625, 7.700162073688808e-23, nan 
-71.875, 77.625, 7.394462006866632e-23, nan 
-71.625, 77.625, 7.332923376198262e-23, nan 
-71.375, 77.625, 9.417780051850923e-23, nan 
-71.125, 77.625, 1.0777454692378626e-22, nan 
-70.875, 77.625, 9.460794086370061e-23, nan 
-70.625, 77.625, 1.0972675559990132e-22, nan 
-70.375, 77.625, 1.1646653872742727e-22, nan 
-70.125, 77.625, 1.3213376215712033e-22, nan 
-69.875, 77.625, 1.3054082985238773e-22, nan 
-69.625, 77.625, 1.354784400051811e-22, nan 
-69.375, 77.625, 1.1855634584248291e-22, nan 
-69.125, 77.625, 1.516988764882517e-22, nan 
-68.875, 77.625, 1.4684713113128947e-22, nan 
-68.625, 77.625, 1.6168796794556444e-22, nan 
-68.375, 77.625, 1.548063326556776e-22, nan 
-68.125, 77.625, 8.323228535608313e-23, nan 
-67.875, 77.625, 1.8499831359162806e-22, nan 
-67.625, 77.625, 3.2408999728945935e-22, nan 
-67.375, 77.625, 7.851077248225338e-22, nan 
-67.125, 77.625, 9.632300664053791e-22, nan 
-66.875, 77.625, 5.581284838325022e-22, nan 
-66.625, 77.625, 2.3485006091971473e-22, nan 
-66.375, 77.625, 2.3507640711587315e-22, nan 
-66.125, 77.625, 4.0271493729027476e-22, nan 
-65.875, 77.625, 3.720123226621492e-22, nan 
-65.625, 77.625, 2.9354338535358278e-22, nan 
-65.375, 77.625, 2.266405371267515e-22, nan 
-65.125, 77.625, 1.3535079948737882e-22, nan 
-64.875, 77.625, 1.6064766784635703e-22, nan 
-64.625, 77.625, 1.5105703177479012e-22, nan 
-64.375, 77.625, 1.4554221062260733e-22, nan 
-64.125, 77.625, 1.3254369924355133e-22, nan 
-63.875, 77.625, 1.20786547169117e-22, nan 
-63.625, 77.625, 1.2738561978355978e-22, nan 
-63.375, 77.625, 1.1918422757952124e-22, nan 
-63.125, 77.625, 1.3672993575730482e-22, nan 
-62.875, 77.625, 1.4113725836109003e-22, nan 
-62.625, 77.625, 1.18588925620363e-22, nan 
-62.375, 77.625, 1.027292748175437e-22, nan 
-62.125, 77.625, 1.0710216846588466e-22, nan 
-61.875, 77.625, 1.1649668295999457e-22, nan 
-61.625, 77.625, 1.310937847948103e-22, nan 
-61.375, 77.625, 9.358790771457964e-23, nan 
-61.125, 77.625, 8.51932439967208e-23, nan 
-60.875, 77.625, 9.003784720529974e-23, nan 
-60.625, 77.625, 9.593872670298258e-23, nan 
-60.375, 77.625, 1.3176547903830843e-22, nan 
-60.125, 77.625, 1.5948980534464966e-22, nan 
-59.875, 77.625, 1.5434768475482061e-22, nan 
-59.625, 77.625, 1.43225258595009e-22, nan 
-59.375, 77.625, 1.8139446376342171e-22, nan 
-59.125, 77.625, 1.446661339662666e-22, nan 
-58.875, 77.625, 1.342403067171885e-22, nan 
-58.625, 77.625, 8.316293278628058e-23, nan 
-58.375, 77.625, 3.422609930079418e-22, nan 
-58.125, 77.625, 1.3062807080014334e-21, nan 
-57.875, 77.625, 1.577205762186923e-21, nan 
-57.625, 77.625, 1.5357628862170912e-21, nan 
-57.375, 77.625, 1.3919209726030598e-21, nan 
-57.125, 77.625, 7.385877438155429e-22, nan 
-56.875, 77.625, 2.0205856903591338e-21, nan 
-56.625, 77.625, 2.388307044068904e-21, nan 
-56.375, 77.625, 2.352163996486498e-21, nan 
-56.125, 77.625, 2.124343885345138e-21, nan 
-55.875, 77.625, 8.938513162502757e-22, nan 
-55.625, 77.625, 1.46989083440536e-21, nan 
-55.375, 77.625, 1.540571732970028e-21, nan 
-55.125, 77.625, 1.6456536389422827e-21, nan 
-54.875, 77.625, 1.359615042646136e-21, nan 
-54.625, 77.625, 8.171134848903107e-22, nan 
-54.375, 77.625, 4.834425031117476e-22, nan 
-54.125, 77.625, 4.2192371742584876e-22, nan 
-53.875, 77.625, 5.363039768798158e-22, nan 
-53.625, 77.625, 2.563914486909127e-22, nan 
-53.375, 77.625, 1.6808523218710089e-22, nan 
-53.125, 77.625, 1.2561894896799766e-22, nan 
-52.875, 77.625, 1.3710835666634887e-22, nan 
-52.625, 77.625, 2.3899194524215125e-22, nan 
-52.375, 77.625, 1.4626729049265979e-22, nan 
-52.125, 77.625, 1.515660643442782e-22, nan 
-51.875, 77.625, 1.4225557786635613e-22, nan 
-51.625, 77.625, 1.4886621798052785e-22, nan 
-51.375, 77.625, 1.450123561199697e-22, nan 
-51.125, 77.625, 1.445491633599176e-22, nan 
-50.875, 77.625, 1.388870730462151e-22, nan 
-50.625, 77.625, 1.4754303065533603e-22, nan 
-50.375, 77.625, 1.4137216488364492e-22, nan 
-50.125, 77.625, 1.220090299312652e-22, nan 
-49.875, 77.625, 1.0063231456708699e-22, nan 
-49.625, 77.625, 8.667182361650684e-23, nan 
-49.375, 77.625, 1.0982288653339778e-22, nan 
-49.125, 77.625, 1.2169960348163612e-22, nan 
-48.875, 77.625, 1.2323367124141864e-22, nan 
-48.625, 77.625, 9.06430763015965e-23, nan 
-48.375, 77.625, 1.0736937552483952e-22, nan 
-48.125, 77.625, 1.2023014096237922e-22, nan 
-47.875, 77.625, 1.2497223039072712e-22, nan 
-47.625, 77.625, 1.1036248837755048e-22, nan 
-47.375, 77.625, 1.0072368550077673e-22, nan 
-47.125, 77.625, 9.482016652320141e-23, nan 
-46.875, 77.625, 9.260765574741705e-23, nan 
-46.625, 77.625, 9.3800192037614e-23, nan 
-46.375, 77.625, 8.821146466181534e-23, nan 
-46.125, 77.625, 1.0364545654353678e-22, nan 
-45.875, 77.625, 1.0096835095972779e-22, nan 
-45.625, 77.625, 8.85573848817726e-23, nan 
-45.375, 77.625, 7.810021460936686e-23, nan 
-45.125, 77.625, 9.287511504799301e-23, nan 
-44.875, 77.625, 9.463416187582614e-23, nan 
-44.625, 77.625, 6.397287705413362e-23, nan 
-44.375, 77.625, 5.882674191357142e-23, nan 
-44.125, 77.625, 5.511613919182863e-23, nan 
-43.875, 77.625, 4.5500857385722757e-23, nan 
-43.625, 77.625, 3.570266950210447e-23, nan 
-43.375, 77.625, 3.076897320638626e-23, nan 
-43.125, 77.625, 3.0533556463556685e-23, nan 
-42.875, 77.625, 3.614852763659673e-23, nan 
-42.625, 77.625, 3.020738285637902e-23, nan 
-42.375, 77.625, 3.5275037865277635e-23, nan 
-42.125, 77.625, 3.2731879194360314e-23, nan 
-41.875, 77.625, 2.646211804208009e-23, nan 
-41.625, 77.625, 2.4127317125488312e-23, nan 
-41.375, 77.625, 2.6002560530341927e-23, nan 
-41.125, 77.625, 1.929823031442162e-23, nan 
-40.875, 77.625, 1.7067228051412815e-23, nan 
-40.625, 77.625, 2.5396352815422953e-23, nan 
-40.375, 77.625, 3.497803626463596e-23, nan 
-40.125, 77.625, 3.1905177036072076e-23, nan 
-39.875, 77.625, 3.308788136887601e-23, nan 
-39.625, 77.625, 2.84051964139502e-23, nan 
-39.375, 77.625, 2.0535996227202773e-23, nan 
-39.125, 77.625, 2.1207917482770433e-23, nan 
-38.875, 77.625, 2.2243537574019968e-23, nan 
-38.625, 77.625, 3.6292421360847877e-23, nan 
-38.375, 77.625, 3.6388828833797976e-23, nan 
-38.125, 77.625, 3.4372417728430537e-23, nan 
-37.875, 77.625, 2.7968753047824463e-23, nan 
-37.625, 77.625, 3.0670099828940485e-23, nan 
-37.375, 77.625, 3.0920385007530446e-23, nan 
-37.125, 77.625, 3.243411591216127e-23, nan 
-36.875, 77.625, 2.717003435676919e-23, nan 
-36.625, 77.625, 3.105322307340135e-23, nan 
-36.375, 77.625, 1.8679788439789684e-23, nan 
-36.125, 77.625, 2.140445062645199e-23, nan 
-35.875, 77.625, 3.008406542345821e-23, nan 
-35.625, 77.625, 2.7850174663195973e-23, nan 
-35.375, 77.625, 4.844399796931256e-23, nan 
-35.125, 77.625, 2.1695778945522686e-23, nan 
-34.875, 77.625, 1.966210102535257e-23, nan 
-34.625, 77.625, 1.6462457098909466e-23, nan 
-34.375, 77.625, 1.855922538907042e-23, nan 
-34.125, 77.625, 2.664347709499293e-23, nan 
-33.875, 77.625, 2.1912596005966673e-23, nan 
-33.625, 77.625, 2.0390275211759987e-23, nan 
-33.375, 77.625, 2.367413453330014e-23, nan 
-33.125, 77.625, 2.1541339468161482e-23, nan 
-32.875, 77.625, 1.0514895191163171e-23, nan 
-32.625, 77.625, 1.855635067962638e-23, nan 
-32.375, 77.625, 1.8322389497944627e-23, nan 
-32.125, 77.625, 2.179242539927042e-23, nan 
-31.875, 77.625, 2.6721162424787465e-23, nan 
-31.625, 77.625, 2.1283337408692727e-23, nan 
-31.375, 77.625, 2.937766603527052e-23, nan 
-31.125, 77.625, 1.746328154917969e-23, nan 
-30.875, 77.625, 1.1109361637128065e-23, nan 
-30.625, 77.625, 2.1440024002639012e-23, nan 
-30.375, 77.625, 2.4563565220061057e-23, nan 
-30.125, 77.625, 3.8849046857892926e-23, nan 
-29.875, 77.625, 3.209457796102214e-23, nan 
-29.625, 77.625, 2.58603157638741e-23, nan 
-29.375, 77.625, 2.2619346795796778e-23, nan 
-29.125, 77.625, 3.214951011577524e-23, nan 
-28.875, 77.625, 3.27440669665191e-23, nan 
-28.625, 77.625, 2.3392432687501476e-23, nan 
-28.375, 77.625, 1.6516144281146357e-23, nan 
-28.125, 77.625, 1.4010722828510483e-23, nan 
-27.875, 77.625, 1.689790581332125e-23, nan 
-27.625, 77.625, 2.0890207251936707e-23, nan 
-27.375, 77.625, 2.341466331454115e-23, nan 
-27.125, 77.625, 3.351794473397616e-23, nan 
-26.875, 77.625, 2.8454072584734215e-23, nan 
-26.625, 77.625, 3.7414211787158925e-23, nan 
-26.375, 77.625, 4.8110453410249684e-23, nan 
-26.125, 77.625, 3.347004871385778e-23, nan 
-25.875, 77.625, 3.516370474003181e-23, nan 
-25.625, 77.625, 3.5647840544226945e-23, nan 
-25.375, 77.625, 2.6729622651808176e-23, nan 
-25.125, 77.625, 2.75393548249958e-23, nan 
-24.875, 77.625, 2.1257092847731324e-23, nan 
-24.625, 77.625, 2.602353722844089e-23, nan 
-24.375, 77.625, 2.5946649800301095e-23, nan 
-24.125, 77.625, 2.0469086609122833e-23, nan 
-23.875, 77.625, 2.0987839932986254e-23, nan 
-23.625, 77.625, 1.954630705782171e-23, nan 
-23.375, 77.625, 2.741658452983844e-23, nan 
-23.125, 77.625, 2.7458235326003343e-23, nan 
-22.875, 77.625, 2.5008826159609135e-23, nan 
-22.625, 77.625, 2.8600425176125666e-23, nan 
-22.375, 77.625, 3.151869070340128e-23, nan 
-22.125, 77.625, 4.153050638243643e-23, nan 
-21.875, 77.625, 4.473344435305028e-23, nan 
-21.625, 77.625, 3.46260569482264e-23, nan 
-21.375, 77.625, 3.254102585766876e-23, nan 
-21.125, 77.625, 3.1595964894152113e-23, nan 
-20.875, 77.625, 5.0362037131209347e-23, nan 
-20.625, 77.625, 5.63932034191205e-23, nan 
-20.375, 77.625, 3.8761503984488006e-23, nan 
-20.125, 77.625, 3.0939218305734197e-23, nan 
-19.875, 77.625, 1.1944141538175706e-23, nan 
-19.625, 77.625, 3.2866863549214916e-23, nan 
-19.375, 77.625, 4.468033625398982e-23, nan 
-19.125, 77.625, 4.133177692209048e-23, nan 
-18.875, 77.625, 4.019056084656176e-23, nan 
-18.625, 77.625, 3.309418704979653e-23, nan 
-18.375, 77.625, 2.993481401768916e-23, nan 
-18.125, 77.625, 3.3517532416617343e-23, nan 
-17.875, 77.625, 3.146593694228081e-23, nan 
-17.625, 77.625, 3.0192731595022124e-23, nan 
-17.375, 77.625, 2.6487008555736676e-23, nan 
-17.125, 77.625, 2.755067436887393e-23, nan 
-16.875, 77.625, 2.677366722327212e-23, nan 
-16.625, 77.625, 2.0685585629537143e-23, nan 
-16.375, 77.625, 1.895502086752669e-23, nan 
-16.125, 77.625, 2.4866030174886378e-23, nan 
-15.875, 77.625, 2.789910792140427e-23, nan 
-15.625, 77.625, 3.2470154261617e-23, nan 
-15.375, 77.625, 2.4479330245919582e-23, nan 
-15.125, 77.625, 1.9674698796071414e-23, nan 
-14.875, 77.625, 2.046266561766989e-23, nan 
-14.625, 77.625, 1.9092609058187687e-23, nan 
-14.375, 77.625, 1.9853864203298668e-23, nan 
-14.125, 77.625, 1.518965231643469e-23, nan 
-13.875, 77.625, 9.127071698982276e-24, nan 
-13.625, 77.625, 9.350723545230709e-24, nan 
-13.375, 77.625, 7.044280544418848e-24, nan 
-13.125, 77.625, 1.448035199382017e-23, nan 
-12.875, 77.625, 1.2081880439341312e-23, nan 
-12.625, 77.625, 1.367107505311834e-23, nan 
-12.375, 77.625, 1.2124879663561398e-23, nan 
-12.125, 77.625, 1.0166338545440218e-23, nan 
-11.875, 77.625, 1.2629265805280593e-23, nan 
-11.625, 77.625, 1.3775517239333382e-23, nan 
-11.375, 77.625, 1.0625308105985203e-23, nan 
-11.125, 77.625, 1.30052362598333e-23, nan 
-10.875, 77.625, 1.7094594945201827e-23, nan 
-10.625, 77.625, 1.0083612010308365e-23, nan 
-10.375, 77.625, 1.274064279546174e-23, nan 
-10.125, 77.625, 1.0905663749211494e-23, nan 
-9.875, 77.625, 1.263111868808625e-23, nan 
-9.625, 77.625, 1.4273894332760316e-23, nan 
-9.375, 77.625, 1.140906375090114e-23, nan 
-9.125, 77.625, 1.0970152271712807e-23, nan 
-8.875, 77.625, 8.487324629196161e-24, nan 
-8.625, 77.625, 9.095562791499914e-24, nan 
-8.375, 77.625, 1.0301705569929323e-23, nan 
-8.125, 77.625, 1.3061966733399711e-23, nan 
-7.875, 77.625, 1.2933156303553136e-23, nan 
-7.625, 77.625, 1.3189088072881202e-23, nan 
-7.375, 77.625, 1.1898933783904981e-23, nan 
-7.125, 77.625, 1.1494156277138892e-23, nan 
-6.875, 77.625, 1.1843220853987442e-23, nan 
-6.625, 77.625, 1.1567896356091658e-23, nan 
-6.375, 77.625, 1.2259053194561138e-23, nan 
-6.125, 77.625, 1.1233103844966288e-23, nan 
-5.875, 77.625, 9.658902454081585e-24, nan 
-5.625, 77.625, 7.386602729617094e-24, nan 
-5.375, 77.625, 5.289008469708123e-24, nan 
-5.125, 77.625, 3.337696344433294e-24, nan 
-4.875, 77.625, 4.563282909097009e-24, nan 
-4.625, 77.625, 8.118423977830898e-24, nan 
-4.375, 77.625, 7.884329330264373e-24, nan 
-4.125, 77.625, 4.564426516418005e-24, nan 
-3.875, 77.625, 3.41496676806234e-24, nan 
-3.625, 77.625, 3.801246210751532e-24, nan 
-3.375, 77.625, 5.958085643478129e-24, nan 
-3.125, 77.625, 6.196162479120063e-24, nan 
-2.875, 77.625, 6.0393516820326475e-24, nan 
-2.625, 77.625, 4.703055685814856e-24, nan 
-2.375, 77.625, 5.333178175580121e-24, nan 
-2.125, 77.625, 7.066757677458279e-24, nan 
-1.875, 77.625, 6.929946895392124e-24, nan 
-1.625, 77.625, 1.0790470282739041e-23, nan 
-1.375, 77.625, 9.747307159338205e-24, nan 
-1.125, 77.625, 8.916862682493696e-24, nan 
-0.875, 77.625, 8.630120273132822e-24, nan 
-0.625, 77.625, 1.0176439655810468e-23, nan 
-0.375, 77.625, 1.1063507514003779e-23, nan 
-0.125, 77.625, 9.376927565101952e-24, nan 
0.125, 77.625, 7.789002149790828e-24, nan 
0.375, 77.625, 7.742385214908438e-24, nan 
0.625, 77.625, 1.2344713747564109e-23, nan 
0.875, 77.625, 1.247640768865314e-23, nan 
1.125, 77.625, 3.9074594617650935e-24, nan 
1.375, 77.625, 6.146337067905457e-24, nan 
1.625, 77.625, 5.848594746324901e-24, nan 
1.875, 77.625, 5.773287301558119e-24, nan 
2.125, 77.625, 4.635952517445061e-24, nan 
2.375, 77.625, 5.817337592888154e-24, nan 
2.625, 77.625, 6.119156521508951e-24, nan 
2.875, 77.625, 6.51314247529475e-24, nan 
3.125, 77.625, 6.164176334314894e-24, nan 
3.375, 77.625, 5.707119889108138e-24, nan 
3.625, 77.625, 6.079217750820024e-24, nan 
3.875, 77.625, 6.86880845256963e-24, nan 
4.125, 77.625, 8.997662413598053e-24, nan 
4.375, 77.625, 8.946449978384947e-24, nan 
4.625, 77.625, 8.879879765615607e-24, nan 
4.875, 77.625, 1.0271901951039859e-23, nan 
5.125, 77.625, 6.683271860089087e-24, nan 
5.375, 77.625, 8.381311134821236e-24, nan 
5.625, 77.625, 1.0622123696602185e-23, nan 
5.875, 77.625, 1.2063744781672207e-23, nan 
6.125, 77.625, 1.4575039775506184e-23, nan 
6.375, 77.625, 1.745551182547475e-23, nan 
6.625, 77.625, 1.965457911396307e-23, nan 
6.875, 77.625, 1.2695096371955726e-23, nan 
7.125, 77.625, 1.392959823908265e-23, nan 
7.375, 77.625, 9.378702683972207e-24, nan 
7.625, 77.625, 5.338043637601001e-23, nan 
7.875, 77.625, 1.1128640718408894e-23, nan 
8.125, 77.625, 1.2482908964504881e-23, nan 
8.375, 77.625, 5.949324536650321e-24, nan 
8.625, 77.625, 8.512204358377751e-24, nan 
8.875, 77.625, 1.0977092944758505e-23, nan 
9.125, 77.625, 8.380697674604962e-24, nan 
9.375, 77.625, 7.08188993391779e-24, nan 
9.625, 77.625, 5.638510450400807e-24, nan 
9.875, 77.625, 7.111430989823905e-24, nan 
10.125, 77.625, 8.183417961218944e-24, nan 
10.375, 77.625, 1.113952725540121e-23, nan 
10.625, 77.625, 9.606682118995252e-24, nan 
10.875, 77.625, 1.0379704767655514e-23, nan 
11.125, 77.625, 1.1248652003397414e-23, nan 
11.375, 77.625, 8.908368269677138e-24, nan 
11.625, 77.625, 1.20191139487516e-23, nan 
11.875, 77.625, 1.2904213595949897e-23, nan 
12.125, 77.625, 9.905649673649914e-24, nan 
12.375, 77.625, 1.1758619898474788e-23, nan 
12.625, 77.625, 1.0735744055240849e-23, nan 
12.875, 77.625, 9.465052996651415e-24, nan 
13.125, 77.625, 6.688748753289361e-24, nan 
13.375, 77.625, 8.460481933446803e-24, nan 
13.625, 77.625, 3.878051621216825e-24, nan 
13.875, 77.625, 3.70121717766225e-24, nan 
14.125, 77.625, 4.75506316941814e-24, nan 
14.375, 77.625, 2.4409067379612278e-24, nan 
14.625, 77.625, 3.193462022623775e-24, nan 
14.875, 77.625, 2.6922761515624904e-24, nan 
15.125, 77.625, 2.906307439289589e-24, nan 
15.375, 77.625, 3.888010444758984e-24, nan 
15.625, 77.625, 2.38280021088055e-24, nan 
15.875, 77.625, 2.84380368490087e-24, nan 
16.125, 77.625, 2.3356517079789844e-24, nan 
16.375, 77.625, 2.7576201173493727e-24, nan 
16.625, 77.625, 1.2835100427837039e-24, nan 
16.875, 77.625, 1.997022467631714e-24, nan 
17.125, 77.625, 2.0154366950005402e-24, nan 
17.375, 77.625, 1.1563008915830285e-24, nan 
17.625, 77.625, 1.3281350407953223e-24, nan 
17.875, 77.625, 1.7425647928036438e-24, nan 
18.125, 77.625, 1.4118652613211183e-24, nan 
18.375, 77.625, 2.4704163092787935e-24, nan 
18.625, 77.625, 2.7515958754795456e-24, nan 
18.875, 77.625, 2.6151716830665237e-24, nan 
19.125, 77.625, 3.702305844791391e-24, nan 
19.375, 77.625, 3.3824593500030166e-24, nan 
19.625, 77.625, 2.8269741330705285e-24, nan 
19.875, 77.625, 3.0307157870234077e-24, nan 
20.125, 77.625, 2.572059602359594e-24, nan 
20.375, 77.625, 3.276050709513835e-24, nan 
20.625, 77.625, 3.832064051259972e-24, nan 
20.875, 77.625, 2.3424688971994112e-24, nan 
21.125, 77.625, 2.196199970232656e-24, nan 
21.375, 77.625, 1.5573641353923855e-24, nan 
21.625, 77.625, 2.162189605227798e-24, nan 
21.875, 77.625, 3.110756232192259e-24, nan 
22.125, 77.625, 2.0665442626591974e-24, nan 
22.375, 77.625, 1.822109724260073e-24, nan 
22.625, 77.625, 1.6350299924289746e-24, nan 
22.875, 77.625, 1.6495314789986333e-24, nan 
23.125, 77.625, 1.8158889435666317e-24, nan 
23.375, 77.625, 1.584139052406443e-24, nan 
23.625, 77.625, 2.7727599479940693e-24, nan 
23.875, 77.625, 2.0120572866336488e-24, nan 
24.125, 77.625, 1.8123503355513098e-24, nan 
24.375, 77.625, 1.2121941618317231e-24, nan 
24.625, 77.625, 2.628292563271547e-24, nan 
24.875, 77.625, 1.6085833567020926e-24, nan 
25.125, 77.625, 1.5658389883710943e-24, nan 
25.375, 77.625, 1.309789840728092e-24, nan 
25.625, 77.625, 1.3136328955562285e-24, nan 
25.875, 77.625, 2.1634043304738126e-24, nan 
26.125, 77.625, 1.661078718945181e-24, nan 
26.375, 77.625, 1.576228307849607e-24, nan 
26.625, 77.625, 1.402613184546085e-24, nan 
26.875, 77.625, 1.3693057615277738e-24, nan 
27.125, 77.625, 1.0755547188152503e-24, nan 
27.375, 77.625, 8.226373977788509e-25, nan 
27.625, 77.625, 8.068498961982691e-25, nan 
27.875, 77.625, 4.732287667468874e-25, nan 
28.125, 77.625, 7.655408776195078e-25, nan 
28.375, 77.625, 5.662709926113722e-25, nan 
28.625, 77.625, 7.044932966501926e-25, nan 
28.875, 77.625, 9.839058710349032e-25, nan 
29.125, 77.625, 1.0862788347366075e-24, nan 
29.375, 77.625, 9.659226755390007e-25, nan 
29.625, 77.625, 1.3954233796467439e-24, nan 
29.875, 77.625, 1.6865959683604756e-24, nan 
30.125, 77.625, 1.5895222623721998e-24, nan 
30.375, 77.625, 1.3803890040396265e-24, nan 
30.625, 77.625, 1.2336427371375342e-24, nan 
30.875, 77.625, 2.03117928118126e-24, nan 
31.125, 77.625, 2.0136142411351344e-24, nan 
31.375, 77.625, 2.3049774016141624e-24, nan 
31.625, 77.625, 2.462317748060993e-24, nan 
31.875, 77.625, 2.4635287263755985e-24, nan 
32.125, 77.625, 2.998078544138728e-24, nan 
32.375, 77.625, 2.3880147786718787e-24, nan 
32.625, 77.625, 1.9558466840459922e-24, nan 
32.875, 77.625, 1.6613515541158966e-24, nan 
33.125, 77.625, 1.8608734170728108e-24, nan 
33.375, 77.625, 1.5547215864916896e-24, nan 
33.625, 77.625, 2.21650154385313e-24, nan 
33.875, 77.625, 2.085289626720714e-24, nan 
34.125, 77.625, 7.338018553716427e-25, nan 
34.375, 77.625, 7.301199909848361e-25, nan 
34.625, 77.625, 1.0529193374473795e-24, nan 
34.875, 77.625, 1.4526052070824734e-24, nan 
35.125, 77.625, 1.4223861394457453e-24, nan 
35.375, 77.625, 7.757645457417368e-25, nan 
35.625, 77.625, 5.1819777764300095e-25, nan 
35.875, 77.625, 5.578896414331747e-25, nan 
36.125, 77.625, 1.008065581772054e-24, nan 
36.375, 77.625, 4.366371961412764e-25, nan 
36.625, 77.625, 6.427994574268425e-25, nan 
36.875, 77.625, 3.630293713738906e-25, nan 
37.125, 77.625, 8.462459082748923e-25, nan 
37.375, 77.625, 1.1233517243126865e-24, nan 
37.625, 77.625, 9.615655376594542e-25, nan 
37.875, 77.625, 1.2553664253270241e-24, nan 
38.125, 77.625, 1.827494987900086e-24, nan 
38.375, 77.625, 1.703999138204256e-24, nan 
38.625, 77.625, 2.024553028792372e-24, nan 
38.875, 77.625, 1.7080105762433763e-24, nan 
39.125, 77.625, 1.2659695236914794e-24, nan 
39.375, 77.625, 1.3337411971352592e-24, nan 
39.625, 77.625, 1.727624915025042e-24, nan 
39.875, 77.625, 1.0963934945856495e-24, nan 
40.125, 77.625, 1.1891566184799143e-24, nan 
40.375, 77.625, 1.2726309701345362e-24, nan 
40.625, 77.625, 2.047686188656822e-24, nan 
40.875, 77.625, 1.5167989153098832e-24, nan 
41.125, 77.625, 1.0243813675725267e-24, nan 
41.375, 77.625, 1.1322331285259716e-24, nan 
41.625, 77.625, 1.7672629505360967e-24, nan 
41.875, 77.625, 2.216712959924332e-24, nan 
42.125, 77.625, 1.0111882139492772e-24, nan 
42.375, 77.625, 3.373023735992354e-25, nan 
42.625, 77.625, 7.149347653112175e-25, nan 
42.875, 77.625, 8.93621471194299e-25, nan 
43.125, 77.625, 1.5836674558329836e-24, nan 
43.375, 77.625, 1.571883439277351e-24, nan 
43.625, 77.625, 1.4426331077819264e-24, nan 
43.875, 77.625, 1.1281953080144977e-24, nan 
44.125, 77.625, 1.07718342886285e-24, nan 
44.375, 77.625, 1.2262918061753903e-24, nan 
44.625, 77.625, 1.4889080251854586e-24, nan 
44.875, 77.625, 1.4652273660912251e-24, nan 
-97.875, 77.875, 2.2595551794451468e-23, nan 
-97.625, 77.875, 4.656265182476283e-23, nan 
-97.375, 77.875, 4.136995976475716e-23, nan 
-97.125, 77.875, 3.068185590212044e-23, nan 
-96.875, 77.875, 3.410784435596581e-23, nan 
-96.625, 77.875, 3.619852886791917e-23, nan 
-96.375, 77.875, 5.331727020243552e-23, nan 
-96.125, 77.875, 6.386465883516795e-23, nan 
-95.875, 77.875, 7.836906067432222e-23, nan 
-95.625, 77.875, 8.297019955264391e-23, nan 
-95.375, 77.875, 7.533869863586118e-23, nan 
-95.125, 77.875, 6.446960391901355e-23, nan 
-94.875, 77.875, 6.701683938064113e-23, nan 
-94.625, 77.875, 5.896873707509385e-23, nan 
-94.375, 77.875, 5.908505221228921e-23, nan 
-94.125, 77.875, 6.367400566140516e-23, nan 
-93.875, 77.875, 7.255737628335679e-23, nan 
-93.625, 77.875, 7.361272798465184e-23, nan 
-93.375, 77.875, 5.722500450088374e-23, nan 
-93.125, 77.875, 5.424259785711376e-23, nan 
-92.875, 77.875, 4.2342668656435296e-23, nan 
-92.625, 77.875, 8.115524798990056e-23, nan 
-92.375, 77.875, 1.0236877810938545e-22, nan 
-92.125, 77.875, 1.0376154561835343e-22, nan 
-91.875, 77.875, 5.692883182767146e-23, nan 
-91.625, 77.875, 3.649357252260617e-23, nan 
-91.375, 77.875, 6.326616351995734e-23, nan 
-91.125, 77.875, 8.605382725179073e-23, nan 
-90.875, 77.875, 8.635232200568009e-23, nan 
-90.625, 77.875, 6.216892355506422e-23, nan 
-90.375, 77.875, 6.275193996901301e-23, nan 
-90.125, 77.875, 8.472803780602717e-23, nan 
-89.875, 77.875, 8.076558288935501e-23, nan 
-89.625, 77.875, 6.227778507943695e-23, nan 
-89.375, 77.875, 6.343166212325313e-23, nan 
-89.125, 77.875, 4.729811839823047e-23, nan 
-88.875, 77.875, 1.929327611258569e-23, nan 
-88.625, 77.875, 4.89996010127598e-23, nan 
-88.375, 77.875, 5.441665096633968e-23, nan 
-88.125, 77.875, 8.970652931213558e-23, nan 
-87.875, 77.875, 6.801830302901864e-23, nan 
-87.625, 77.875, 6.325024323355176e-23, nan 
-87.375, 77.875, 7.722744438497267e-23, nan 
-87.125, 77.875, 6.507375373417616e-23, nan 
-86.875, 77.875, 5.472660277777304e-23, nan 
-86.625, 77.875, 2.7615091989604456e-23, nan 
-86.375, 77.875, 4.214398505039834e-23, nan 
-86.125, 77.875, 7.916866761884334e-23, nan 
-85.875, 77.875, 6.781002083695893e-23, nan 
-85.625, 77.875, 8.167318801812884e-23, nan 
-85.375, 77.875, 5.979671698785976e-23, nan 
-85.125, 77.875, 4.048383088339194e-23, nan 
-84.875, 77.875, 8.815563082018646e-23, nan 
-84.625, 77.875, 8.03082901260454e-23, nan 
-84.375, 77.875, 9.617374027998479e-23, nan 
-84.125, 77.875, 7.404699372758259e-23, nan 
-83.875, 77.875, 8.396414558356394e-23, nan 
-83.625, 77.875, 7.694692039420097e-23, nan 
-83.375, 77.875, 8.787002591952807e-23, nan 
-83.125, 77.875, 8.800927422620241e-23, nan 
-82.875, 77.875, 7.774415986668929e-23, nan 
-82.625, 77.875, 7.62092191987533e-23, nan 
-82.375, 77.875, 6.363141596994737e-23, nan 
-82.125, 77.875, 6.534062898333218e-23, nan 
-81.875, 77.875, 5.37500948868461e-23, nan 
-81.625, 77.875, 3.5912582766143883e-23, nan 
-81.375, 77.875, 4.357479092654777e-23, nan 
-81.125, 77.875, 6.251886500185932e-23, nan 
-80.875, 77.875, 6.499562255959758e-23, nan 
-80.625, 77.875, 5.996242658455045e-23, nan 
-80.375, 77.875, 5.81585269029572e-23, nan 
-80.125, 77.875, 6.499935293557693e-23, nan 
-79.875, 77.875, 8.723195447989689e-23, nan 
-79.625, 77.875, 1.1684203458683556e-22, nan 
-79.375, 77.875, 1.0754040693433224e-22, nan 
-79.125, 77.875, 4.068549132879782e-23, nan 
-78.875, 77.875, 8.288915177333729e-23, nan 
-78.625, 77.875, 8.759697037428197e-23, nan 
-78.375, 77.875, 6.220277911517783e-23, nan 
-78.125, 77.875, 9.209672976924349e-23, nan 
-77.875, 77.875, 7.103260560329509e-23, nan 
-77.625, 77.875, 1.1523022143729437e-22, nan 
-77.375, 77.875, 8.569336348917706e-23, nan 
-77.125, 77.875, 5.930256588942497e-23, nan 
-76.875, 77.875, 8.964660489576414e-23, nan 
-76.625, 77.875, 8.67507254775307e-23, nan 
-76.375, 77.875, 9.20099846232777e-23, nan 
-76.125, 77.875, 9.297651181435865e-23, nan 
-75.875, 77.875, 5.268458081687313e-23, nan 
-75.625, 77.875, 8.245443580538734e-23, nan 
-75.375, 77.875, 8.180615697375137e-23, nan 
-75.125, 77.875, 7.821818639081129e-23, nan 
-74.875, 77.875, 6.722741732624997e-23, nan 
-74.625, 77.875, 8.04424258715291e-23, nan 
-74.375, 77.875, 4.6840955728596304e-23, nan 
-74.125, 77.875, 5.854340068200965e-23, nan 
-73.875, 77.875, 5.724322204817486e-23, nan 
-73.625, 77.875, 6.449442190017853e-23, nan 
-73.375, 77.875, 8.53963012168637e-23, nan 
-73.125, 77.875, 8.546115820492989e-23, nan 
-72.875, 77.875, 7.328229817477476e-23, nan 
-72.625, 77.875, 6.131080024157717e-23, nan 
-72.375, 77.875, 5.87056422746461e-23, nan 
-72.125, 77.875, 6.579242137060438e-23, nan 
-71.875, 77.875, 7.706186238340203e-23, nan 
-71.625, 77.875, 7.607986584155518e-23, nan 
-71.375, 77.875, 8.588922847366454e-23, nan 
-71.125, 77.875, 8.106891057837157e-23, nan 
-70.875, 77.875, 9.424203443950184e-23, nan 
-70.625, 77.875, 9.97817204339393e-23, nan 
-70.375, 77.875, 1.2805433997570025e-22, nan 
-70.125, 77.875, 1.3964772631618845e-22, nan 
-69.875, 77.875, 1.189935640426598e-22, nan 
-69.625, 77.875, 1.0478347019787028e-22, nan 
-69.375, 77.875, 9.150253653123411e-23, nan 
-69.125, 77.875, 1.1896879499602724e-22, nan 
-68.875, 77.875, 1.8852000424624603e-22, nan 
-68.625, 77.875, 4.742040689618212e-22, nan 
-68.375, 77.875, 6.579639054750822e-22, nan 
-68.125, 77.875, 4.0864421831046527e-22, nan 
-67.875, 77.875, 1.8150813147531517e-22, nan 
-67.625, 77.875, 2.757884271252878e-22, nan 
-67.375, 77.875, 9.475913419743247e-22, nan 
-67.125, 77.875, 1.346410122362591e-21, nan 
-66.875, 77.875, 8.37965746644124e-22, nan 
-66.625, 77.875, 3.35581854244901e-22, nan 
-66.375, 77.875, 1.1763652675953325e-22, nan 
-66.125, 77.875, 3.833405366219181e-22, nan 
-65.875, 77.875, 5.696438558685578e-22, nan 
-65.625, 77.875, 3.7459197393389226e-22, nan 
-65.375, 77.875, 2.0542266739489974e-22, nan 
-65.125, 77.875, 1.3930415816866373e-22, nan 
-64.875, 77.875, 1.4013131673614325e-22, nan 
-64.625, 77.875, 1.2039383741452583e-22, nan 
-64.375, 77.875, 9.493956882059245e-23, nan 
-64.125, 77.875, 1.195382778656961e-22, nan 
-63.875, 77.875, 1.2491443853261272e-22, nan 
-63.625, 77.875, 9.905794148498261e-23, nan 
-63.375, 77.875, 1.068078004807179e-22, nan 
-63.125, 77.875, 1.098305324185495e-22, nan 
-62.875, 77.875, 1.1323221218789409e-22, nan 
-62.625, 77.875, 9.184985762143108e-23, nan 
-62.375, 77.875, 6.427427222830451e-23, nan 
-62.125, 77.875, 5.365037586416351e-23, nan 
-61.875, 77.875, 5.530469076288133e-23, nan 
-61.625, 77.875, 8.138153832723951e-23, nan 
-61.375, 77.875, 9.481277908643175e-23, nan 
-61.125, 77.875, 1.0359228417314188e-22, nan 
-60.875, 77.875, 7.76522494688087e-23, nan 
-60.625, 77.875, 1.0071198772256803e-22, nan 
-60.375, 77.875, 9.918522866070023e-23, nan 
-60.125, 77.875, 1.5577800268150635e-22, nan 
-59.875, 77.875, 2.2022657943544095e-22, nan 
-59.625, 77.875, 2.3879382864877326e-22, nan 
-59.375, 77.875, 2.443455321201751e-22, nan 
-59.125, 77.875, 1.8027657502727426e-22, nan 
-58.875, 77.875, 1.669997113003111e-22, nan 
-58.625, 77.875, 2.832708328552385e-22, nan 
-58.375, 77.875, 1.0086804413674421e-22, nan 
-58.125, 77.875, 1.2410691519155884e-22, nan 
-57.875, 77.875, 1.0869772967296726e-22, nan 
-57.625, 77.875, 9.683932615476817e-23, nan 
-57.375, 77.875, 3.8399189912051594e-22, nan 
-57.125, 77.875, 3.5548394517030307e-22, nan 
-56.875, 77.875, 1.1049770089546442e-21, nan 
-56.625, 77.875, 1.3058030969688495e-21, nan 
-56.375, 77.875, 1.2746957184420323e-21, nan 
-56.125, 77.875, 1.182980373383393e-21, nan 
-55.875, 77.875, 4.539946588462875e-22, nan 
-55.625, 77.875, 2.6939839905206014e-22, nan 
-55.375, 77.875, 2.952147921337823e-22, nan 
-55.125, 77.875, 3.67523762271777e-22, nan 
-54.875, 77.875, 3.4355460343853876e-22, nan 
-54.625, 77.875, 2.266107657675008e-22, nan 
-54.375, 77.875, 1.6786451950060379e-22, nan 
-54.125, 77.875, 1.265834883583372e-22, nan 
-53.875, 77.875, 1.6657556551328266e-22, nan 
-53.625, 77.875, 1.0821756036219125e-22, nan 
-53.375, 77.875, 9.891758625694887e-23, nan 
-53.125, 77.875, 1.0836188614868964e-22, nan 
-52.875, 77.875, 1.1387105246102056e-22, nan 
-52.625, 77.875, 1.2355559089010597e-22, nan 
-52.375, 77.875, 1.3332838263133836e-22, nan 
-52.125, 77.875, 1.3937975342752274e-22, nan 
-51.875, 77.875, 1.7652884037111464e-22, nan 
-51.625, 77.875, 1.7162870967834096e-22, nan 
-51.375, 77.875, 1.6115337792308438e-22, nan 
-51.125, 77.875, 1.5229809377579787e-22, nan 
-50.875, 77.875, 1.5110202057096714e-22, nan 
-50.625, 77.875, 1.6928069806507413e-22, nan 
-50.375, 77.875, 1.544010141286021e-22, nan 
-50.125, 77.875, 1.2573894502129113e-22, nan 
-49.875, 77.875, 1.0250968483787305e-22, nan 
-49.625, 77.875, 1.077069442219586e-22, nan 
-49.375, 77.875, 8.903913393304363e-23, nan 
-49.125, 77.875, 9.614118368952801e-23, nan 
-48.875, 77.875, 8.659315318281317e-23, nan 
-48.625, 77.875, 4.672292790771707e-23, nan 
-48.375, 77.875, 3.5214549293626773e-23, nan 
-48.125, 77.875, 6.785887314343674e-23, nan 
-47.875, 77.875, 7.829476093393381e-23, nan 
-47.625, 77.875, 7.524621317459887e-23, nan 
-47.375, 77.875, 5.713299352224817e-23, nan 
-47.125, 77.875, 4.9198993574187657e-23, nan 
-46.875, 77.875, 5.349174761696453e-23, nan 
-46.625, 77.875, 6.261432347863153e-23, nan 
-46.375, 77.875, 6.772733062863503e-23, nan 
-46.125, 77.875, 7.663243266560775e-23, nan 
-45.875, 77.875, 7.441097777145707e-23, nan 
-45.625, 77.875, 7.03510345448194e-23, nan 
-45.375, 77.875, 6.997571670953703e-23, nan 
-45.125, 77.875, 9.300848129505146e-23, nan 
-44.875, 77.875, 9.856074688299619e-23, nan 
-44.625, 77.875, 6.516397562505016e-23, nan 
-44.375, 77.875, 6.004281425184362e-23, nan 
-44.125, 77.875, 5.434639218999197e-23, nan 
-43.875, 77.875, 5.49108508246709e-23, nan 
-43.625, 77.875, 5.161978492500451e-23, nan 
-43.375, 77.875, 4.673048962632737e-23, nan 
-43.125, 77.875, 4.829711852302689e-23, nan 
-42.875, 77.875, 4.648833777088851e-23, nan 
-42.625, 77.875, 4.0584377731932384e-23, nan 
-42.375, 77.875, 3.9935510680660796e-23, nan 
-42.125, 77.875, 3.3810012926425046e-23, nan 
-41.875, 77.875, 1.8465852756602862e-23, nan 
-41.625, 77.875, 3.213315890325663e-23, nan 
-41.375, 77.875, 3.686989334399088e-23, nan 
-41.125, 77.875, 3.1500860697250176e-23, nan 
-40.875, 77.875, 2.8661612666342794e-23, nan 
-40.625, 77.875, 1.8387595753878683e-23, nan 
-40.375, 77.875, 3.7767649055907315e-23, nan 
-40.125, 77.875, 3.090463347902629e-23, nan 
-39.875, 77.875, 3.376842641611946e-23, nan 
-39.625, 77.875, 2.428633941635406e-23, nan 
-39.375, 77.875, 1.4983950408851077e-23, nan 
-39.125, 77.875, 2.4204455652713073e-23, nan 
-38.875, 77.875, 2.2354001785940436e-23, nan 
-38.625, 77.875, 2.847927357887844e-23, nan 
-38.375, 77.875, 2.2644125101526546e-23, nan 
-38.125, 77.875, 1.4141242012171128e-23, nan 
-37.875, 77.875, 6.4625046862110124e-24, nan 
-37.625, 77.875, 4.314870417717634e-24, nan 
-37.375, 77.875, 1.0827644536836798e-23, nan 
-37.125, 77.875, 5.746353024793657e-24, nan 
-36.875, 77.875, 9.50335761015278e-24, nan 
-36.625, 77.875, 1.1848821282341104e-23, nan 
-36.375, 77.875, 1.4562697697086312e-23, nan 
-36.125, 77.875, 1.6219515593506603e-23, nan 
-35.875, 77.875, 2.334281298024997e-23, nan 
-35.625, 77.875, 2.709246401631642e-23, nan 
-35.375, 77.875, 3.7398378143420206e-23, nan 
-35.125, 77.875, 2.1988111530732308e-23, nan 
-34.875, 77.875, 1.6472449200130326e-23, nan 
-34.625, 77.875, 1.8793688859730122e-23, nan 
-34.375, 77.875, 1.7223798413034305e-23, nan 
-34.125, 77.875, 2.0380729513049584e-23, nan 
-33.875, 77.875, 2.1474352996287837e-23, nan 
-33.625, 77.875, 2.3749404317073998e-23, nan 
-33.375, 77.875, 2.5604916879890973e-23, nan 
-33.125, 77.875, 2.0406052431802377e-23, nan 
-32.875, 77.875, 2.867920854889147e-23, nan 
-32.625, 77.875, 2.3131794437265538e-23, nan 
-32.375, 77.875, 2.158351350692571e-23, nan 
-32.125, 77.875, 1.7108595414176533e-23, nan 
-31.875, 77.875, 1.8829900754630274e-23, nan 
-31.625, 77.875, 2.0260638684261498e-23, nan 
-31.375, 77.875, 3.455643371000006e-23, nan 
-31.125, 77.875, 3.3566088114410285e-23, nan 
-30.875, 77.875, 2.672467130855831e-23, nan 
-30.625, 77.875, 2.2404241825913967e-23, nan 
-30.375, 77.875, 2.2228733927973408e-23, nan 
-30.125, 77.875, 4.359124754697294e-23, nan 
-29.875, 77.875, 4.4155673394965586e-23, nan 
-29.625, 77.875, 4.482318597715952e-23, nan 
-29.375, 77.875, 3.9651133016501327e-23, nan 
-29.125, 77.875, 3.590303353508526e-23, nan 
-28.875, 77.875, 5.1556912204631387e-23, nan 
-28.625, 77.875, 6.219594423010914e-23, nan 
-28.375, 77.875, 5.777341434719301e-23, nan 
-28.125, 77.875, 6.118106793087235e-23, nan 
-27.875, 77.875, 4.734357296667654e-23, nan 
-27.625, 77.875, 4.501117384662218e-23, nan 
-27.375, 77.875, 3.17625825673948e-23, nan 
-27.125, 77.875, 4.0821360858027855e-23, nan 
-26.875, 77.875, 2.2054099488816266e-23, nan 
-26.625, 77.875, 1.7483100190932587e-23, nan 
-26.375, 77.875, 1.720110423132009e-23, nan 
-26.125, 77.875, 2.3591812044559385e-23, nan 
-25.875, 77.875, 4.587208791529943e-23, nan 
-25.625, 77.875, 1.561138795195982e-23, nan 
-25.375, 77.875, 7.827076993090175e-24, nan 
-25.125, 77.875, 1.4066322730306082e-23, nan 
-24.875, 77.875, 1.8384601810753132e-23, nan 
-24.625, 77.875, 2.759360500086531e-23, nan 
-24.375, 77.875, 1.7899755808916332e-23, nan 
-24.125, 77.875, 1.2198663990247e-23, nan 
-23.875, 77.875, 1.6981995072449436e-23, nan 
-23.625, 77.875, 2.0976169800240702e-23, nan 
-23.375, 77.875, 2.1445713948766103e-23, nan 
-23.125, 77.875, 2.936934827927143e-23, nan 
-22.875, 77.875, 2.181112262249721e-23, nan 
-22.625, 77.875, 1.3775908495696145e-23, nan 
-22.375, 77.875, 3.0513961924180376e-23, nan 
-22.125, 77.875, 4.115782351161624e-23, nan 
-21.875, 77.875, 5.785905353844706e-23, nan 
-21.625, 77.875, 5.515846431805785e-23, nan 
-21.375, 77.875, 4.6205711545222543e-23, nan 
-21.125, 77.875, 2.5594244389979964e-23, nan 
-20.875, 77.875, 3.302056565885738e-23, nan 
-20.625, 77.875, 4.421224882517628e-23, nan 
-20.375, 77.875, 4.5556716670309825e-23, nan 
-20.125, 77.875, 3.287463883432609e-23, nan 
-19.875, 77.875, 1.2465602270561291e-23, nan 
-19.625, 77.875, 1.743036562285441e-23, nan 
-19.375, 77.875, 2.0360672923022594e-23, nan 
-19.125, 77.875, 2.6167399143520154e-23, nan 
-18.875, 77.875, 2.2397768186136048e-23, nan 
-18.625, 77.875, 2.2142204818302142e-23, nan 
-18.375, 77.875, 2.1589512745960113e-23, nan 
-18.125, 77.875, 2.5599815704489565e-23, nan 
-17.875, 77.875, 2.903495912707874e-23, nan 
-17.625, 77.875, 2.8445458998338447e-23, nan 
-17.375, 77.875, 2.665343149232057e-23, nan 
-17.125, 77.875, 2.7350302518357394e-23, nan 
-16.875, 77.875, 2.981472340249263e-23, nan 
-16.625, 77.875, 2.687402593617531e-23, nan 
-16.375, 77.875, 2.995520669424099e-23, nan 
-16.125, 77.875, 2.78841318347934e-23, nan 
-15.875, 77.875, 2.517555683844274e-23, nan 
-15.625, 77.875, 2.9269212042286396e-23, nan 
-15.375, 77.875, 2.0250994363178965e-23, nan 
-15.125, 77.875, 1.6938558087626205e-23, nan 
-14.875, 77.875, 1.3523733409621828e-23, nan 
-14.625, 77.875, 7.058585298080324e-24, nan 
-14.375, 77.875, 1.398716722341018e-23, nan 
-14.125, 77.875, 9.81966985976343e-24, nan 
-13.875, 77.875, 1.1261002890539186e-23, nan 
-13.625, 77.875, 9.188824927892495e-24, nan 
-13.375, 77.875, 1.2176501141834249e-23, nan 
-13.125, 77.875, 2.5963560316715285e-23, nan 
-12.875, 77.875, 1.8521592881616794e-23, nan 
-12.625, 77.875, 1.847165154455856e-23, nan 
-12.375, 77.875, 1.6622289349509682e-23, nan 
-12.125, 77.875, 7.279184321765293e-24, nan 
-11.875, 77.875, 1.4681395308720724e-23, nan 
-11.625, 77.875, 1.3267807796764254e-23, nan 
-11.375, 77.875, 1.2663855578313706e-23, nan 
-11.125, 77.875, 1.3707945290205214e-23, nan 
-10.875, 77.875, 1.3020436944573151e-23, nan 
-10.625, 77.875, 1.3571270534912523e-23, nan 
-10.375, 77.875, 1.3229806509499903e-23, nan 
-10.125, 77.875, 1.1556377615099424e-23, nan 
-9.875, 77.875, 8.400429124059437e-24, nan 
-9.625, 77.875, 5.9077699931051206e-24, nan 
-9.375, 77.875, 6.707337753028137e-24, nan 
-9.125, 77.875, 5.924760573350456e-24, nan 
-8.875, 77.875, 4.939677028524194e-24, nan 
-8.625, 77.875, 6.677939323531662e-24, nan 
-8.375, 77.875, 8.246158805335933e-24, nan 
-8.125, 77.875, 9.775480284684795e-24, nan 
-7.875, 77.875, 1.2132328892821583e-23, nan 
-7.625, 77.875, 1.1009107541197021e-23, nan 
-7.375, 77.875, 9.612643304765343e-24, nan 
-7.125, 77.875, 1.1817916705441436e-23, nan 
-6.875, 77.875, 1.1575509178567234e-23, nan 
-6.625, 77.875, 1.2436366535211324e-23, nan 
-6.375, 77.875, 1.2304954983817093e-23, nan 
-6.125, 77.875, 1.0166731941100548e-23, nan 
-5.875, 77.875, 1.0273812094865719e-23, nan 
-5.625, 77.875, 8.75950168379357e-24, nan 
-5.375, 77.875, 6.4500855570180784e-24, nan 
-5.125, 77.875, 6.6126466822202875e-24, nan 
-4.875, 77.875, 5.214597650476344e-24, nan 
-4.625, 77.875, 5.6038460860081495e-24, nan 
-4.375, 77.875, 5.4800796935257345e-24, nan 
-4.125, 77.875, 1.7370296361736306e-24, nan 
-3.875, 77.875, 4.725223638106459e-24, nan 
-3.625, 77.875, 4.3120358949032736e-24, nan 
-3.375, 77.875, 4.011810480825287e-24, nan 
-3.125, 77.875, 3.488604420315971e-24, nan 
-2.875, 77.875, 4.023715586756728e-24, nan 
-2.625, 77.875, 4.966349098070426e-24, nan 
-2.375, 77.875, 6.833116119424483e-24, nan 
-2.125, 77.875, 6.384596100808563e-24, nan 
-1.875, 77.875, 4.837181367095825e-24, nan 
-1.625, 77.875, 6.033868797897864e-24, nan 
-1.375, 77.875, 5.244124734804463e-24, nan 
-1.125, 77.875, 4.440483044425409e-24, nan 
-0.875, 77.875, 6.029996424985305e-24, nan 
-0.625, 77.875, 6.860524913173156e-24, nan 
-0.375, 77.875, 6.705499479113589e-24, nan 
-0.125, 77.875, 6.24656950282314e-24, nan 
0.125, 77.875, 1.0989132282639439e-23, nan 
0.375, 77.875, 9.247454975142065e-24, nan 
0.625, 77.875, 6.805450047605777e-24, nan 
0.875, 77.875, 6.397575206003262e-24, nan 
1.125, 77.875, 4.685038295939882e-24, nan 
1.375, 77.875, 1.0004024879644726e-23, nan 
1.625, 77.875, 9.317273958824405e-24, nan 
1.875, 77.875, 7.95041451209035e-24, nan 
2.125, 77.875, 1.0403918235057977e-23, nan 
2.375, 77.875, 5.6725794840863414e-24, nan 
2.625, 77.875, 1.4997661438856052e-23, nan 
2.875, 77.875, 1.2741901128851395e-23, nan 
3.125, 77.875, 1.2393497698202283e-23, nan 
3.375, 77.875, 1.1543398445311641e-23, nan 
3.625, 77.875, 9.837408860879377e-24, nan 
3.875, 77.875, 8.70779085633316e-24, nan 
4.125, 77.875, 9.705408668480502e-24, nan 
4.375, 77.875, 9.425261698053225e-24, nan 
4.625, 77.875, 9.355942401631874e-24, nan 
4.875, 77.875, 1.3474987156404916e-23, nan 
5.125, 77.875, 1.2322368056129673e-23, nan 
5.375, 77.875, 1.4585876223048125e-23, nan 
5.625, 77.875, 1.391417495000479e-23, nan 
5.875, 77.875, 1.4191292074839292e-23, nan 
6.125, 77.875, 1.4217898412720983e-23, nan 
6.375, 77.875, 1.3512055916646248e-23, nan 
6.625, 77.875, 1.36768542984308e-23, nan 
6.875, 77.875, 9.70507595729392e-24, nan 
7.125, 77.875, 7.46419545397736e-24, nan 
7.375, 77.875, 4.021882212368564e-24, nan 
7.625, 77.875, 2.7914935694277534e-24, nan 
7.875, 77.875, 7.098914828026787e-24, nan 
8.125, 77.875, 1.0431863663006222e-23, nan 
8.375, 77.875, 4.333853456160315e-24, nan 
8.625, 77.875, 8.88224748535465e-24, nan 
8.875, 77.875, 1.5923814448444007e-23, nan 
9.125, 77.875, 1.3202987248867397e-23, nan 
9.375, 77.875, 1.739778831576867e-23, nan 
9.625, 77.875, 2.0394859935204588e-23, nan 
9.875, 77.875, 1.6116335911099746e-23, nan 
10.125, 77.875, 1.4457529686894574e-23, nan 
10.375, 77.875, 1.446982051238818e-23, nan 
10.625, 77.875, 1.354629646471561e-23, nan 
10.875, 77.875, 1.3627795535549835e-23, nan 
11.125, 77.875, 1.1934497571149348e-23, nan 
11.375, 77.875, 1.266200917923542e-23, nan 
11.625, 77.875, 1.32362962774506e-23, nan 
11.875, 77.875, 1.3753273768964402e-23, nan 
12.125, 77.875, 1.231362476417479e-23, nan 
12.375, 77.875, 1.4046424511339778e-23, nan 
12.625, 77.875, 1.3292097409250015e-23, nan 
12.875, 77.875, 1.2532431857866596e-23, nan 
13.125, 77.875, 1.0920900937069884e-23, nan 
13.375, 77.875, 1.0779014776750019e-23, nan 
13.625, 77.875, 1.1136362961897939e-23, nan 
13.875, 77.875, 9.875697281011794e-24, nan 
14.125, 77.875, 9.985403967114127e-24, nan 
14.375, 77.875, 7.521980456947851e-24, nan 
14.625, 77.875, 7.033391016770548e-24, nan 
14.875, 77.875, 4.402672725557857e-24, nan 
15.125, 77.875, 3.011532666752993e-24, nan 
15.375, 77.875, 2.3686216011090647e-24, nan 
15.625, 77.875, 3.3813754852361135e-24, nan 
15.875, 77.875, 4.4627576862168235e-24, nan 
16.125, 77.875, 4.38246515388127e-24, nan 
16.375, 77.875, 3.580354650746903e-24, nan 
16.625, 77.875, 3.3992430996063745e-24, nan 
16.875, 77.875, 3.0117582778149025e-24, nan 
17.125, 77.875, 3.1292682603763083e-24, nan 
17.375, 77.875, 2.529160730194913e-24, nan 
17.625, 77.875, 1.447740748660536e-24, nan 
17.875, 77.875, 1.3642367729681872e-24, nan 
18.125, 77.875, 1.750854453892418e-24, nan 
18.375, 77.875, 1.5229791391509382e-24, nan 
18.625, 77.875, 1.1109443949351902e-24, nan 
18.875, 77.875, 9.778928327661953e-25, nan 
19.125, 77.875, 1.4696475534663712e-24, nan 
19.375, 77.875, 1.9217288913618523e-24, nan 
19.625, 77.875, 1.515263044455931e-24, nan 
19.875, 77.875, 2.080074469805201e-24, nan 
20.125, 77.875, 2.0552739320826793e-24, nan 
20.375, 77.875, 1.6821706547073485e-24, nan 
20.625, 77.875, 1.1850224089872236e-24, nan 
20.875, 77.875, 1.3719974510654498e-24, nan 
21.125, 77.875, 1.551042016179035e-24, nan 
21.375, 77.875, 1.6553550720623805e-24, nan 
21.625, 77.875, 2.0031761903267836e-24, nan 
21.875, 77.875, 2.7965772232253642e-24, nan 
22.125, 77.875, 1.4783784309452762e-24, nan 
22.375, 77.875, 1.3783642101315961e-24, nan 
22.625, 77.875, 9.601918152089559e-25, nan 
22.875, 77.875, 1.1201523688717315e-24, nan 
23.125, 77.875, 2.0301314561539874e-24, nan 
23.375, 77.875, 1.4827284647055763e-24, nan 
23.625, 77.875, 9.666400720609863e-25, nan 
23.875, 77.875, 1.2525938392912317e-24, nan 
24.125, 77.875, 4.98313488840865e-25, nan 
24.375, 77.875, 1.1661893516560025e-24, nan 
24.625, 77.875, 1.1482961892463708e-24, nan 
24.875, 77.875, 5.385576691380094e-25, nan 
25.125, 77.875, 1.1033030601696183e-24, nan 
25.375, 77.875, 8.064729672423504e-25, nan 
25.625, 77.875, 7.1515405988105945e-25, nan 
25.875, 77.875, 1.218350592305168e-24, nan 
26.125, 77.875, 1.3102858379586293e-24, nan 
26.375, 77.875, 1.1335541380333472e-24, nan 
26.625, 77.875, 1.152972493725566e-24, nan 
26.875, 77.875, 7.915815063297206e-25, nan 
27.125, 77.875, 1.0691022580676434e-24, nan 
27.375, 77.875, 1.0225525894659995e-24, nan 
27.625, 77.875, 7.14713339239099e-25, nan 
27.875, 77.875, 7.326783421317209e-25, nan 
28.125, 77.875, 2.2947791735573098e-25, nan 
28.375, 77.875, 1.000374533905663e-24, nan 
28.625, 77.875, 1.2051467653196088e-24, nan 
28.875, 77.875, 8.829480165716875e-25, nan 
29.125, 77.875, 9.02274204859445e-25, nan 
29.375, 77.875, 5.32311281529771e-25, nan 
29.625, 77.875, 1.906145033943455e-24, nan 
29.875, 77.875, 1.9914313484540976e-24, nan 
30.125, 77.875, 1.4386200858610952e-24, nan 
30.375, 77.875, 7.743325128596227e-25, nan 
30.625, 77.875, 8.810696488204612e-25, nan 
30.875, 77.875, 1.096735907313116e-24, nan 
31.125, 77.875, 1.6503524895041666e-24, nan 
31.375, 77.875, 2.26132065395358e-24, nan 
31.625, 77.875, 2.19006010771963e-24, nan 
31.875, 77.875, 1.8627910539048645e-24, nan 
32.125, 77.875, 2.853741044589024e-24, nan 
32.375, 77.875, 2.2204156011621536e-24, nan 
32.625, 77.875, 2.445147129015692e-24, nan 
32.875, 77.875, 2.668211434444825e-24, nan 
33.125, 77.875, 2.3841281813752774e-24, nan 
33.375, 77.875, 2.775707037722692e-24, nan 
33.625, 77.875, 2.602946451034146e-24, nan 
33.875, 77.875, 2.129015104928026e-24, nan 
34.125, 77.875, 1.350771772476933e-24, nan 
34.375, 77.875, 1.7495119241659956e-24, nan 
34.625, 77.875, 2.0843233355995388e-24, nan 
34.875, 77.875, 1.8298609703530693e-24, nan 
35.125, 77.875, 1.324130325229688e-24, nan 
35.375, 77.875, 8.980945958788093e-25, nan 
35.625, 77.875, 1.1270924260671758e-24, nan 
35.875, 77.875, 1.3741503810169875e-24, nan 
36.125, 77.875, 1.23285815794188e-24, nan 
36.375, 77.875, 8.162569628332704e-25, nan 
36.625, 77.875, 7.154425498560157e-25, nan 
36.875, 77.875, 1.1086862646802977e-24, nan 
37.125, 77.875, 2.2219299533316388e-24, nan 
37.375, 77.875, 2.125604351974306e-24, nan 
37.625, 77.875, 1.9069173100428535e-24, nan 
37.875, 77.875, 1.3280318400983577e-24, nan 
38.125, 77.875, 1.6190555490492067e-24, nan 
38.375, 77.875, 2.8264599429263143e-24, nan 
38.625, 77.875, 2.749351897730295e-24, nan 
38.875, 77.875, 2.2138129174845205e-24, nan 
39.125, 77.875, 1.3043920001156302e-24, nan 
39.375, 77.875, 1.9663512310811215e-24, nan 
39.625, 77.875, 3.270358555748442e-24, nan 
39.875, 77.875, 2.930887293530187e-24, nan 
40.125, 77.875, 2.764016936064052e-24, nan 
40.375, 77.875, 2.277407084884821e-24, nan 
40.625, 77.875, 2.4457505383001716e-24, nan 
40.875, 77.875, 1.3456153170141001e-24, nan 
41.125, 77.875, 1.0482467686099286e-24, nan 
41.375, 77.875, 1.0608638629819032e-24, nan 
41.625, 77.875, 9.421436791051339e-25, nan 
41.875, 77.875, 1.955879503849001e-24, nan 
42.125, 77.875, 9.397902895497196e-25, nan 
42.375, 77.875, 4.261934805287345e-25, nan 
42.625, 77.875, 7.912252574631199e-25, nan 
42.875, 77.875, 8.378575293472196e-25, nan 
43.125, 77.875, 1.8021152758490862e-24, nan 
43.375, 77.875, 1.37906795457094e-24, nan 
43.625, 77.875, 7.649360868930148e-25, nan 
43.875, 77.875, 9.18126966125663e-25, nan 
44.125, 77.875, 1.2499309574404915e-24, nan 
44.375, 77.875, 1.4245989598688585e-24, nan 
44.625, 77.875, 1.1622069136661216e-24, nan 
44.875, 77.875, 9.029103106958358e-25, nan 
45.125, 77.875, 8.245651663572497e-25, nan 
45.375, 77.875, 1.3247277837675321e-24, nan 
45.625, 77.875, 1.7186935210293472e-24, nan 
45.875, 77.875, 7.915440562929305e-25, nan 
46.125, 77.875, 1.0179298767319751e-24, nan 
46.375, 77.875, 6.2366386108517455e-25, nan 
46.625, 77.875, 5.189548555047339e-25, nan 
46.875, 77.875, 2.831599612347186e-25, nan 
-98.125, 78.125, 6.980091288162048e-23, nan 
-97.875, 78.125, 6.061784192774842e-23, nan 
-97.625, 78.125, 4.9667558577361593e-23, nan 
-97.375, 78.125, 5.083076647720038e-23, nan 
-97.125, 78.125, 6.842065406852235e-23, nan 
-96.875, 78.125, 7.928040272854937e-23, nan 
-96.625, 78.125, 3.6015013523257837e-23, nan 
-96.375, 78.125, 8.411031833023564e-23, nan 
-96.125, 78.125, 6.95661269502432e-23, nan 
-95.875, 78.125, 3.06396732123555e-23, nan 
-95.625, 78.125, 5.0318735690163994e-23, nan 
-95.375, 78.125, 3.858005924424973e-23, nan 
-95.125, 78.125, 8.007564697851658e-23, nan 
-94.875, 78.125, 6.106244246472931e-23, nan 
-94.625, 78.125, 2.5943355460735312e-23, nan 
-94.375, 78.125, 3.547681605506839e-23, nan 
-94.125, 78.125, 2.2037895829849388e-23, nan 
-93.875, 78.125, 3.6955416800713797e-23, nan 
-93.625, 78.125, 3.9165036624943555e-23, nan 
-93.375, 78.125, 3.005227566468116e-23, nan 
-93.125, 78.125, 4.7520677941026253e-23, nan 
-92.875, 78.125, 3.53564372481114e-23, nan 
-92.625, 78.125, 5.603848175639072e-23, nan 
-92.375, 78.125, 5.58920820148043e-23, nan 
-92.125, 78.125, 7.501262960201721e-23, nan 
-91.875, 78.125, 8.017073411462566e-23, nan 
-91.625, 78.125, 9.57719649333148e-23, nan 
-91.375, 78.125, 5.65738469677236e-23, nan 
-91.125, 78.125, 4.272511792125113e-23, nan 
-90.875, 78.125, 6.838630352418305e-23, nan 
-90.625, 78.125, 8.820857586645266e-23, nan 
-90.375, 78.125, 1.0620630556113456e-22, nan 
-90.125, 78.125, 9.855069163903122e-23, nan 
-89.875, 78.125, 8.78376621974541e-23, nan 
-89.625, 78.125, 7.871238594012747e-23, nan 
-89.375, 78.125, 6.740415527074656e-23, nan 
-89.125, 78.125, 7.898652554316035e-23, nan 
-88.875, 78.125, 9.057295043536746e-23, nan 
-88.625, 78.125, 8.983981477268673e-23, nan 
-88.375, 78.125, 8.929099333805984e-23, nan 
-88.125, 78.125, 4.4751099526831464e-23, nan 
-87.875, 78.125, 6.248029277622111e-23, nan 
-87.625, 78.125, 1.058913886160103e-22, nan 
-87.375, 78.125, 9.671143860536883e-23, nan 
-87.125, 78.125, 1.034660641433265e-22, nan 
-86.875, 78.125, 4.188366516682519e-23, nan 
-86.625, 78.125, 5.018329686464582e-23, nan 
-86.375, 78.125, 8.018751827896003e-23, nan 
-86.125, 78.125, 9.669490505077701e-23, nan 
-85.875, 78.125, 9.464610952945144e-23, nan 
-85.625, 78.125, 1.0767218615559387e-22, nan 
-85.375, 78.125, 7.435458517719411e-23, nan 
-85.125, 78.125, 6.52261683511403e-23, nan 
-84.875, 78.125, 7.85673132627367e-23, nan 
-84.625, 78.125, 8.371576031202192e-23, nan 
-84.375, 78.125, 8.917186611589622e-23, nan 
-84.125, 78.125, 7.20560193701497e-23, nan 
-83.875, 78.125, 6.778022961616922e-23, nan 
-83.625, 78.125, 6.444606859688682e-23, nan 
-83.375, 78.125, 6.490265054740946e-23, nan 
-83.125, 78.125, 5.576470171968861e-23, nan 
-82.875, 78.125, 6.58072392068074e-23, nan 
-82.625, 78.125, 6.428657135330313e-23, nan 
-82.375, 78.125, 1.0402365430256073e-22, nan 
-82.125, 78.125, 5.999996870661332e-23, nan 
-81.875, 78.125, 6.723644260883708e-23, nan 
-81.625, 78.125, 4.276357263663413e-23, nan 
-81.375, 78.125, 5.2077580289135016e-23, nan 
-81.125, 78.125, 3.649655005497555e-23, nan 
-80.875, 78.125, 4.428452023936481e-23, nan 
-80.625, 78.125, 3.2936358228888055e-23, nan 
-80.375, 78.125, 4.6432410676974625e-23, nan 
-80.125, 78.125, 4.38048941145797e-23, nan 
-79.875, 78.125, 6.435420581566163e-23, nan 
-79.625, 78.125, 8.284395603033466e-23, nan 
-79.375, 78.125, 7.674821817310133e-23, nan 
-79.125, 78.125, 3.774809147167556e-23, nan 
-78.875, 78.125, 6.635192773089238e-23, nan 
-78.625, 78.125, 9.966415579500268e-23, nan 
-78.375, 78.125, 6.34292387499302e-23, nan 
-78.125, 78.125, 9.158575939007922e-23, nan 
-77.875, 78.125, 9.462440148082918e-23, nan 
-77.625, 78.125, 7.407295705252793e-23, nan 
-77.375, 78.125, 7.78022404626621e-23, nan 
-77.125, 78.125, 7.104430253430339e-23, nan 
-76.875, 78.125, 8.276557282426542e-23, nan 
-76.625, 78.125, 7.176203154609097e-23, nan 
-76.375, 78.125, 6.948852834391682e-23, nan 
-76.125, 78.125, 6.804030090128513e-23, nan 
-75.875, 78.125, 9.189502058610507e-23, nan 
-75.625, 78.125, 9.989739244889332e-23, nan 
-75.375, 78.125, 1.1550080799030737e-22, nan 
-75.125, 78.125, 1.1819515764918084e-22, nan 
-74.875, 78.125, 8.308169502491987e-23, nan 
-74.625, 78.125, 7.930607999027274e-23, nan 
-74.375, 78.125, 8.095935958625166e-23, nan 
-74.125, 78.125, 8.56165013077091e-23, nan 
-73.875, 78.125, 8.779945181001438e-23, nan 
-73.625, 78.125, 6.561594071168567e-23, nan 
-73.375, 78.125, 5.542752873729297e-23, nan 
-73.125, 78.125, 6.214060746992603e-23, nan 
-72.875, 78.125, 4.193521860168792e-23, nan 
-72.625, 78.125, 4.6958630085566854e-23, nan 
-72.375, 78.125, 4.598572496335278e-23, nan 
-72.125, 78.125, 6.602748219139434e-23, nan 
-71.875, 78.125, 7.737480680208875e-23, nan 
-71.625, 78.125, 7.883755434371018e-23, nan 
-71.375, 78.125, 6.499854185833385e-23, nan 
-71.125, 78.125, 8.572162649586178e-23, nan 
-70.875, 78.125, 7.990101416493391e-23, nan 
-70.625, 78.125, 7.998150377756183e-23, nan 
-70.375, 78.125, 9.654699306149317e-23, nan 
-70.125, 78.125, 1.2118500219863786e-22, nan 
-69.875, 78.125, 1.1996220814638896e-22, nan 
-69.625, 78.125, 9.552333338950486e-23, nan 
-69.375, 78.125, 8.290974510459946e-23, nan 
-69.125, 78.125, 8.700292398674957e-23, nan 
-68.875, 78.125, 1.1361105581121787e-22, nan 
-68.625, 78.125, 9.567530585106417e-23, nan 
-68.375, 78.125, 7.837731921588355e-23, nan 
-68.125, 78.125, 7.45485688306767e-23, nan 
-67.875, 78.125, 4.580698506176742e-23, nan 
-67.625, 78.125, 1.0279406693722083e-22, nan 
-67.375, 78.125, 4.0610636141722703e-22, nan 
-67.125, 78.125, 5.946038585078376e-22, nan 
-66.875, 78.125, 4.087732479106475e-22, nan 
-66.625, 78.125, 2.004695419996184e-22, nan 
-66.375, 78.125, 9.931759662271871e-23, nan 
-66.125, 78.125, 1.5311813755487454e-22, nan 
-65.875, 78.125, 1.1691106196839142e-22, nan 
-65.625, 78.125, 1.1897230177405262e-22, nan 
-65.375, 78.125, 1.3127034649100516e-22, nan 
-65.125, 78.125, 1.1933317833642915e-22, nan 
-64.875, 78.125, 1.1346567723293347e-22, nan 
-64.625, 78.125, 1.3653556551658375e-22, nan 
-64.375, 78.125, 1.0851601947123927e-22, nan 
-64.125, 78.125, 6.932090983235927e-23, nan 
-63.875, 78.125, 6.2817466317005e-23, nan 
-63.625, 78.125, 5.786343154049818e-23, nan 
-63.375, 78.125, 7.793576724345727e-23, nan 
-63.125, 78.125, 6.707726406842786e-23, nan 
-62.875, 78.125, 3.132457542471979e-23, nan 
-62.625, 78.125, 3.8893883057011997e-23, nan 
-62.375, 78.125, 5.349885402450333e-23, nan 
-62.125, 78.125, 8.178954776358827e-23, nan 
-61.875, 78.125, 2.444410029231687e-23, nan 
-61.625, 78.125, 8.712766455600821e-23, nan 
-61.375, 78.125, 1.5618124430565405e-22, nan 
-61.125, 78.125, 2.1534417702690284e-22, nan 
-60.875, 78.125, 2.269139743100989e-22, nan 
-60.625, 78.125, 2.027785204548488e-22, nan 
-60.375, 78.125, 1.304515852513495e-22, nan 
-60.125, 78.125, 2.352167507822219e-22, nan 
-59.875, 78.125, 3.6640176407443175e-22, nan 
-59.625, 78.125, 4.141873777914858e-22, nan 
-59.375, 78.125, 3.822594559428337e-22, nan 
-59.125, 78.125, 2.6689371224357636e-22, nan 
-58.875, 78.125, 2.650882748542832e-22, nan 
-58.625, 78.125, 2.2479592231854367e-22, nan 
-58.375, 78.125, 2.1369499650932074e-22, nan 
-58.125, 78.125, 1.9253357099468083e-22, nan 
-57.875, 78.125, 1.580070061968597e-22, nan 
-57.625, 78.125, 1.5287491587513683e-22, nan 
-57.375, 78.125, 2.2876042455590693e-22, nan 
-57.125, 78.125, 1.1548431289871026e-22, nan 
-56.875, 78.125, 9.86646966693253e-23, nan 
-56.625, 78.125, 1.6023708593900502e-22, nan 
-56.375, 78.125, 1.7277031773516925e-22, nan 
-56.125, 78.125, 1.5937891641502253e-22, nan 
-55.875, 78.125, 1.9682425017891355e-22, nan 
-55.625, 78.125, 2.006736560088998e-22, nan 
-55.375, 78.125, 2.2120871895530624e-22, nan 
-55.125, 78.125, 2.3109725194541586e-22, nan 
-54.875, 78.125, 2.1375336895472226e-22, nan 
-54.625, 78.125, 2.361529719209993e-22, nan 
-54.375, 78.125, 2.2999185550375506e-22, nan 
-54.125, 78.125, 1.7928835949814022e-22, nan 
-53.875, 78.125, 1.9236349459088664e-22, nan 
-53.625, 78.125, 1.28249537335632e-22, nan 
-53.375, 78.125, 1.178303030734056e-22, nan 
-53.125, 78.125, 1.3829987117030282e-22, nan 
-52.875, 78.125, 1.2064154900039595e-22, nan 
-52.625, 78.125, 1.0410212627903766e-22, nan 
-52.375, 78.125, 9.533168540365668e-23, nan 
-52.125, 78.125, 1.1047654024801718e-22, nan 
-51.875, 78.125, 1.100429336466979e-22, nan 
-51.625, 78.125, 1.1918715619624435e-22, nan 
-51.375, 78.125, 1.424639265267924e-22, nan 
-51.125, 78.125, 1.3571298334964916e-22, nan 
-50.875, 78.125, 1.209905605304076e-22, nan 
-50.625, 78.125, 1.2058872011001346e-22, nan 
-50.375, 78.125, 1.1437057638647958e-22, nan 
-50.125, 78.125, 1.2913238435201362e-22, nan 
-49.875, 78.125, 1.12681842813689e-22, nan 
-49.625, 78.125, 8.795584934922024e-23, nan 
-49.375, 78.125, 6.801796265022276e-23, nan 
-49.125, 78.125, 5.906282470189493e-23, nan 
-48.875, 78.125, 6.798763397963979e-23, nan 
-48.625, 78.125, 5.327045987297434e-23, nan 
-48.375, 78.125, 3.6508373389886606e-23, nan 
-48.125, 78.125, 3.3796482694267934e-23, nan 
-47.875, 78.125, 4.306379169370486e-23, nan 
-47.625, 78.125, 6.243167752242673e-23, nan 
-47.375, 78.125, 6.324746591466775e-23, nan 
-47.125, 78.125, 5.463697782461218e-23, nan 
-46.875, 78.125, 4.5953218079335436e-23, nan 
-46.625, 78.125, 3.997281938274067e-23, nan 
-46.375, 78.125, 4.223959984106158e-23, nan 
-46.125, 78.125, 3.128634843900494e-23, nan 
-45.875, 78.125, 2.4526727266367007e-23, nan 
-45.625, 78.125, 3.0823305289804446e-23, nan 
-45.375, 78.125, 4.407186081378071e-23, nan 
-45.125, 78.125, 4.098852897655713e-23, nan 
-44.875, 78.125, 6.160817317114184e-23, nan 
-44.625, 78.125, 5.494171067852373e-23, nan 
-44.375, 78.125, 4.185642288580329e-23, nan 
-44.125, 78.125, 4.3131637591625973e-23, nan 
-43.875, 78.125, 4.727888167238418e-23, nan 
-43.625, 78.125, 5.503419312180023e-23, nan 
-43.375, 78.125, 4.982021097012064e-23, nan 
-43.125, 78.125, 3.837405073178911e-23, nan 
-42.875, 78.125, 2.837803416691878e-23, nan 
-42.625, 78.125, 2.8256633017534525e-23, nan 
-42.375, 78.125, 2.084991196994709e-23, nan 
-42.125, 78.125, 1.8425026894676926e-23, nan 
-41.875, 78.125, 2.420781068346323e-23, nan 
-41.625, 78.125, 3.1684411753767365e-23, nan 
-41.375, 78.125, 3.313887954097301e-23, nan 
-41.125, 78.125, 1.877726071225428e-23, nan 
-40.875, 78.125, 1.4705248272306027e-23, nan 
-40.625, 78.125, 1.267576053074707e-23, nan 
-40.375, 78.125, 2.503670562293056e-23, nan 
-40.125, 78.125, 2.586258938424872e-23, nan 
-39.875, 78.125, 2.0774269558310662e-23, nan 
-39.625, 78.125, 1.7472271590373913e-23, nan 
-39.375, 78.125, 1.370492664992832e-23, nan 
-39.125, 78.125, 1.4372139019117792e-23, nan 
-38.875, 78.125, 1.934175025941162e-23, nan 
-38.625, 78.125, 1.9755533982348603e-23, nan 
-38.375, 78.125, 1.8454096604048106e-23, nan 
-38.125, 78.125, 1.681180998253473e-23, nan 
-37.875, 78.125, 1.2416432835731346e-23, nan 
-37.625, 78.125, 2.0090056706811214e-23, nan 
-37.375, 78.125, 1.642601596829654e-23, nan 
-37.125, 78.125, 1.557176246247274e-23, nan 
-36.875, 78.125, 1.8708905149492865e-23, nan 
-36.625, 78.125, 1.684689200808329e-23, nan 
-36.375, 78.125, 1.6792311212531095e-23, nan 
-36.125, 78.125, 1.8842446141337675e-23, nan 
-35.875, 78.125, 1.808976212805307e-23, nan 
-35.625, 78.125, 2.0652040483608012e-23, nan 
-35.375, 78.125, 1.5290387780529482e-23, nan 
-35.125, 78.125, 1.7785941436634875e-23, nan 
-34.875, 78.125, 1.5370860316480642e-23, nan 
-34.625, 78.125, 1.4555467422718497e-23, nan 
-34.375, 78.125, 2.605194275657438e-23, nan 
-34.125, 78.125, 2.7205289100902886e-23, nan 
-33.875, 78.125, 1.630614916213661e-23, nan 
-33.625, 78.125, 1.7894451858173382e-23, nan 
-33.375, 78.125, 1.8426591555648876e-23, nan 
-33.125, 78.125, 2.50789674404235e-23, nan 
-32.875, 78.125, 3.2711197593868834e-23, nan 
-32.625, 78.125, 2.1094255941374357e-23, nan 
-32.375, 78.125, 2.2466637614491823e-23, nan 
-32.125, 78.125, 2.7245376277759145e-23, nan 
-31.875, 78.125, 2.725141145858185e-23, nan 
-31.625, 78.125, 3.627752349648948e-23, nan 
-31.375, 78.125, 3.150267763066156e-23, nan 
-31.125, 78.125, 2.4208872754459498e-23, nan 
-30.875, 78.125, 2.648236507969253e-23, nan 
-30.625, 78.125, 2.706737501842655e-23, nan 
-30.375, 78.125, 2.3659591918916903e-23, nan 
-30.125, 78.125, 2.5060471459141482e-23, nan 
-29.875, 78.125, 6.410919561594862e-23, nan 
-29.625, 78.125, 5.0602973542910576e-23, nan 
-29.375, 78.125, 7.205524337537444e-23, nan 
-29.125, 78.125, 8.424260318331892e-23, nan 
-28.875, 78.125, 9.046732495729163e-23, nan 
-28.625, 78.125, 8.929196109911495e-23, nan 
-28.375, 78.125, 9.72134085202981e-23, nan 
-28.125, 78.125, 1.1200368168872407e-22, nan 
-27.875, 78.125, 1.1067470900073498e-22, nan 
-27.625, 78.125, 1.0522573744328299e-22, nan 
-27.375, 78.125, 7.282229547927157e-23, nan 
-27.125, 78.125, 5.06768163620409e-23, nan 
-26.875, 78.125, 5.673601454298004e-23, nan 
-26.625, 78.125, 3.1330014397692776e-23, nan 
-26.375, 78.125, 4.25395084126136e-23, nan 
-26.125, 78.125, 2.5142866804157853e-23, nan 
-25.875, 78.125, 3.189195578048362e-23, nan 
-25.625, 78.125, 1.972520432803092e-23, nan 
-25.375, 78.125, 9.058476401558424e-24, nan 
-25.125, 78.125, 1.3522177855964383e-23, nan 
-24.875, 78.125, 6.76871448225445e-24, nan 
-24.625, 78.125, 7.557150385712097e-24, nan 
-24.375, 78.125, 7.37005021243393e-24, nan 
-24.125, 78.125, 1.2867996060391196e-23, nan 
-23.875, 78.125, 1.0564800510051687e-23, nan 
-23.625, 78.125, 1.4988245483722334e-23, nan 
-23.375, 78.125, 5.2643137522718485e-24, nan 
-23.125, 78.125, 6.823887900736097e-24, nan 
-22.875, 78.125, 1.9915592238539343e-23, nan 
-22.625, 78.125, 3.9451236066242555e-23, nan 
-22.375, 78.125, 4.375789184119743e-23, nan 
-22.125, 78.125, 2.110194765431882e-23, nan 
-21.875, 78.125, 2.751066405503419e-23, nan 
-21.625, 78.125, 3.145625338427009e-23, nan 
-21.375, 78.125, 4.2589754134211825e-23, nan 
-21.125, 78.125, 3.4461314912779664e-23, nan 
-20.875, 78.125, 1.5323054971278148e-23, nan 
-20.625, 78.125, 1.2505623925093883e-23, nan 
-20.375, 78.125, 1.4902975572377505e-23, nan 
-20.125, 78.125, 1.181775487990069e-23, nan 
-19.875, 78.125, 1.2880167460786359e-23, nan 
-19.625, 78.125, 1.5745781635152945e-23, nan 
-19.375, 78.125, 8.018006145230543e-24, nan 
-19.125, 78.125, 1.4633397000366592e-23, nan 
-18.875, 78.125, 1.8663255402510335e-23, nan 
-18.625, 78.125, 2.0699640250453957e-23, nan 
-18.375, 78.125, 2.1051330674156612e-23, nan 
-18.125, 78.125, 2.2629733957187257e-23, nan 
-17.875, 78.125, 3.069110684913742e-23, nan 
-17.625, 78.125, 3.344313259906241e-23, nan 
-17.375, 78.125, 3.219095959475584e-23, nan 
-17.125, 78.125, 2.5546219280531734e-23, nan 
-16.875, 78.125, 3.061892644257123e-23, nan 
-16.625, 78.125, 3.1159654780414297e-23, nan 
-16.375, 78.125, 3.1287355173690244e-23, nan 
-16.125, 78.125, 2.830743757121914e-23, nan 
-15.875, 78.125, 1.709177156718311e-23, nan 
-15.625, 78.125, 1.4888346581596077e-23, nan 
-15.375, 78.125, 1.3251105091408438e-23, nan 
-15.125, 78.125, 3.3407334605019675e-24, nan 
-14.875, 78.125, 7.140840981096656e-24, nan 
-14.625, 78.125, 1.2415006668518977e-23, nan 
-14.375, 78.125, 9.252501029225531e-24, nan 
-14.125, 78.125, 1.3266713749541864e-23, nan 
-13.875, 78.125, 1.2501365244537815e-23, nan 
-13.625, 78.125, 1.7869108950795764e-23, nan 
-13.375, 78.125, 2.290782096599003e-23, nan 
-13.125, 78.125, 3.136499965848959e-23, nan 
-12.875, 78.125, 2.853868203493347e-23, nan 
-12.625, 78.125, 2.4364839397572013e-23, nan 
-12.375, 78.125, 2.1369916943213753e-23, nan 
-12.125, 78.125, 1.835078818565148e-23, nan 
-11.875, 78.125, 2.1069205093780994e-23, nan 
-11.625, 78.125, 1.8636196869054938e-23, nan 
-11.375, 78.125, 1.2600381646707592e-23, nan 
-11.125, 78.125, 1.4010329470114716e-23, nan 
-10.875, 78.125, 1.8307067756946833e-23, nan 
-10.625, 78.125, 2.5655774038586257e-23, nan 
-10.375, 78.125, 2.3938724186833755e-23, nan 
-10.125, 78.125, 1.49056321879609e-23, nan 
-9.875, 78.125, 7.19800842133468e-24, nan 
-9.625, 78.125, 8.1421415016227e-24, nan 
-9.375, 78.125, 8.383308140326262e-24, nan 
-9.125, 78.125, 6.248026815165715e-24, nan 
-8.875, 78.125, 8.693278505447329e-24, nan 
-8.625, 78.125, 1.0926147425190947e-23, nan 
-8.375, 78.125, 1.0660301127591489e-23, nan 
-8.125, 78.125, 1.4582691162697393e-23, nan 
-7.875, 78.125, 1.3744003291839874e-23, nan 
-7.625, 78.125, 1.9625658986693685e-23, nan 
-7.375, 78.125, 1.835780673604446e-23, nan 
-7.125, 78.125, 3.1875121544044156e-23, nan 
-6.875, 78.125, 2.4212060691116436e-23, nan 
-6.625, 78.125, 2.838051577810212e-23, nan 
-6.375, 78.125, 2.9996008822791187e-23, nan 
-6.125, 78.125, 3.297763597998439e-23, nan 
-5.875, 78.125, 2.5346508640830722e-23, nan 
-5.625, 78.125, 2.8225391685817217e-23, nan 
-5.375, 78.125, 2.067776084967214e-23, nan 
-5.125, 78.125, 2.3324492330954525e-23, nan 
-4.875, 78.125, 1.7913352457640534e-23, nan 
-4.625, 78.125, 1.6119780987775313e-23, nan 
-4.375, 78.125, 1.1284552867943822e-23, nan 
-4.125, 78.125, 7.807493539379763e-24, nan 
-3.875, 78.125, 1.426622177314862e-23, nan 
-3.625, 78.125, 6.1069343013234024e-24, nan 
-3.375, 78.125, 4.2001886946407926e-24, nan 
-3.125, 78.125, 2.6607893803298037e-24, nan 
-2.875, 78.125, 1.7327636017267983e-24, nan 
-2.625, 78.125, 3.9740281215458764e-24, nan 
-2.375, 78.125, 5.8271255053562656e-24, nan 
-2.125, 78.125, 4.934111196921398e-24, nan 
-1.875, 78.125, 4.603394795699165e-24, nan 
-1.625, 78.125, 3.878911025000808e-24, nan 
-1.375, 78.125, 6.824107429794143e-24, nan 
-1.125, 78.125, 7.330993563298445e-24, nan 
-0.875, 78.125, 7.357840396698915e-24, nan 
-0.625, 78.125, 5.789450683110151e-24, nan 
-0.375, 78.125, 5.106128940622943e-24, nan 
-0.125, 78.125, 5.577883285257653e-24, nan 
0.125, 78.125, 8.283907428109598e-24, nan 
0.375, 78.125, 9.934769462483422e-24, nan 
0.625, 78.125, 8.149944247676866e-24, nan 
0.875, 78.125, 9.953634895723078e-24, nan 
1.125, 78.125, 1.2430560474969554e-23, nan 
1.375, 78.125, 1.5393898961521795e-23, nan 
1.625, 78.125, 1.6414936323843345e-23, nan 
1.875, 78.125, 1.42228500499466e-23, nan 
2.125, 78.125, 1.3997704387195855e-23, nan 
2.375, 78.125, 1.2989075292958601e-23, nan 
2.625, 78.125, 1.7699383541254738e-23, nan 
2.875, 78.125, 1.4730459135240063e-23, nan 
3.125, 78.125, 1.6273094684158894e-23, nan 
3.375, 78.125, 1.509010218630526e-23, nan 
3.625, 78.125, 1.418064550580425e-23, nan 
3.875, 78.125, 5.642531188574748e-24, nan 
4.125, 78.125, 8.417087966328377e-24, nan 
4.375, 78.125, 1.513825774410188e-23, nan 
4.625, 78.125, 1.903234897123679e-23, nan 
4.875, 78.125, 1.5664459480111678e-23, nan 
5.125, 78.125, 1.654362963480901e-23, nan 
5.375, 78.125, 1.581038328831872e-23, nan 
5.625, 78.125, 1.6805609361432135e-23, nan 
5.875, 78.125, 2.0360728490867088e-23, nan 
6.125, 78.125, 1.8074350431495194e-23, nan 
6.375, 78.125, 2.0011049077189193e-23, nan 
6.625, 78.125, 1.5378475700851657e-23, nan 
6.875, 78.125, 1.0052911224434649e-23, nan 
7.125, 78.125, 9.980135840583244e-24, nan 
7.375, 78.125, 1.39389861831461e-23, nan 
7.625, 78.125, 1.8628738266649766e-23, nan 
7.875, 78.125, 1.76772678799793e-23, nan 
8.125, 78.125, 1.8813011732217857e-23, nan 
8.375, 78.125, 2.212244670231541e-23, nan 
8.625, 78.125, 1.616191777723382e-23, nan 
8.875, 78.125, 1.9656707674344476e-23, nan 
9.125, 78.125, 1.5462214506470553e-23, nan 
9.375, 78.125, 1.9394712478609498e-23, nan 
9.625, 78.125, 2.834063638758143e-23, nan 
9.875, 78.125, 2.2089004258356007e-23, nan 
10.125, 78.125, 1.4282291672351274e-23, nan 
10.375, 78.125, 1.1527562992895253e-23, nan 
10.625, 78.125, 8.061048675655133e-24, nan 
10.875, 78.125, 7.457106383906454e-24, nan 
11.125, 78.125, 6.965010981789481e-24, nan 
11.375, 78.125, 1.0482388718559925e-23, nan 
11.625, 78.125, 8.685492403217547e-24, nan 
11.875, 78.125, 8.161276883478467e-24, nan 
12.125, 78.125, 9.830738348363215e-24, nan 
12.375, 78.125, 7.477254360295674e-24, nan 
12.625, 78.125, 1.0546378341743737e-23, nan 
12.875, 78.125, 8.346544344456778e-24, nan 
13.125, 78.125, 1.1014361641761966e-23, nan 
13.375, 78.125, 1.1353032344442834e-23, nan 
13.625, 78.125, 1.1793170695051778e-23, nan 
13.875, 78.125, 1.0183380918407232e-23, nan 
14.125, 78.125, 9.767683478374447e-24, nan 
14.375, 78.125, 8.865497047048147e-24, nan 
14.625, 78.125, 9.740544919634e-24, nan 
14.875, 78.125, 8.311303580022057e-24, nan 
15.125, 78.125, 7.550035853936717e-24, nan 
15.375, 78.125, 7.059905847119885e-24, nan 
15.625, 78.125, 2.984074154392815e-24, nan 
15.875, 78.125, 4.9565060754902876e-24, nan 
16.125, 78.125, 4.96936410663224e-24, nan 
16.375, 78.125, 4.004358422986002e-24, nan 
16.625, 78.125, 4.042472790047811e-24, nan 
16.875, 78.125, 3.206584579236535e-24, nan 
17.125, 78.125, 3.29205337235577e-24, nan 
17.375, 78.125, 3.178976824354061e-24, nan 
17.625, 78.125, 2.4968132160201968e-24, nan 
17.875, 78.125, 1.8402955508987697e-24, nan 
18.125, 78.125, 4.3294726767963076e-24, nan 
18.375, 78.125, 2.0628669128574286e-24, nan 
18.625, 78.125, 1.2525971472488336e-24, nan 
18.875, 78.125, 3.608198165532853e-24, nan 
19.125, 78.125, 2.056044110161099e-24, nan 
19.375, 78.125, 2.640794939884625e-24, nan 
19.625, 78.125, 1.2617527695452446e-24, nan 
19.875, 78.125, 1.9108928747491003e-24, nan 
20.125, 78.125, 2.1615193586687326e-24, nan 
20.375, 78.125, 2.319090596916726e-24, nan 
20.625, 78.125, 3.128991540861215e-24, nan 
20.875, 78.125, 1.896460034720184e-24, nan 
21.125, 78.125, 1.738273080884174e-24, nan 
21.375, 78.125, 1.821935794902979e-24, nan 
21.625, 78.125, 2.2344157904627897e-24, nan 
21.875, 78.125, 3.0320230025405802e-24, nan 
22.125, 78.125, 1.9476632897094338e-24, nan 
22.375, 78.125, 1.7716208943468707e-24, nan 
22.625, 78.125, 1.3557017519878847e-24, nan 
22.875, 78.125, 8.371733919703385e-25, nan 
23.125, 78.125, 1.1025050397339904e-24, nan 
23.375, 78.125, 1.1134501921479183e-24, nan 
23.625, 78.125, 1.265836900979164e-24, nan 
23.875, 78.125, 1.265977212583437e-24, nan 
24.125, 78.125, 5.660880370027904e-25, nan 
24.375, 78.125, 7.294648206826141e-25, nan 
24.625, 78.125, 5.26320099574208e-25, nan 
24.875, 78.125, 7.821001304303663e-25, nan 
25.125, 78.125, 5.7779640651164815e-25, nan 
25.375, 78.125, 6.514765762561711e-25, nan 
25.625, 78.125, 8.435583132491211e-25, nan 
25.875, 78.125, 1.2346724388153171e-24, nan 
26.125, 78.125, 1.4643403942095288e-24, nan 
26.375, 78.125, 7.820462207575289e-25, nan 
26.625, 78.125, 2.474698092308328e-25, nan 
26.875, 78.125, 5.002870119919217e-25, nan 
27.125, 78.125, 9.744347960057526e-25, nan 
27.375, 78.125, 1.03519897948018e-24, nan 
27.625, 78.125, 6.634521319101396e-25, nan 
27.875, 78.125, 4.70584964614777e-25, nan 
28.125, 78.125, 3.614812860102721e-25, nan 
28.375, 78.125, 5.540886198535147e-25, nan 
28.625, 78.125, 4.467778868423107e-25, nan 
28.875, 78.125, 5.1494996127342885e-25, nan 
29.125, 78.125, 3.6752799223462293e-25, nan 
29.375, 78.125, 6.020298782627289e-25, nan 
29.625, 78.125, 1.0198353045053329e-24, nan 
29.875, 78.125, 1.038364634352087e-24, nan 
30.125, 78.125, 1.0583756641535658e-24, nan 
30.375, 78.125, 3.590881919696225e-25, nan 
30.625, 78.125, 8.437457646207674e-25, nan 
30.875, 78.125, 8.192373325246053e-25, nan 
31.125, 78.125, 7.924195958465475e-25, nan 
31.375, 78.125, 8.844508018580336e-25, nan 
31.625, 78.125, 5.61395375501827e-25, nan 
31.875, 78.125, 7.300748602567653e-25, nan 
32.125, 78.125, 8.707926743891214e-25, nan 
32.375, 78.125, 8.806738530565664e-25, nan 
32.625, 78.125, 1.3519815504178385e-24, nan 
32.875, 78.125, 2.174754728533821e-24, nan 
33.125, 78.125, 1.6959110977396522e-24, nan 
33.375, 78.125, 1.9811586557266776e-24, nan 
33.625, 78.125, 2.0995944529920295e-24, nan 
33.875, 78.125, 1.845894508644634e-24, nan 
34.125, 78.125, 1.9095485294463534e-24, nan 
34.375, 78.125, 1.947994282411999e-24, nan 
34.625, 78.125, 1.9779267889919846e-24, nan 
34.875, 78.125, 1.5948737322995434e-24, nan 
35.125, 78.125, 1.1228447822778135e-24, nan 
35.375, 78.125, 7.524329786060244e-25, nan 
35.625, 78.125, 1.4787459695838199e-24, nan 
35.875, 78.125, 1.7542897033528058e-24, nan 
36.125, 78.125, 1.3194769790059279e-24, nan 
36.375, 78.125, 1.3334866911261145e-24, nan 
36.625, 78.125, 1.0050340456518642e-24, nan 
36.875, 78.125, 1.0646499064810683e-24, nan 
37.125, 78.125, 1.4394276342628049e-24, nan 
37.375, 78.125, 1.4877860523065162e-24, nan 
37.625, 78.125, 1.8618514162775718e-24, nan 
37.875, 78.125, 1.8146181382821935e-24, nan 
38.125, 78.125, 2.7220260679480703e-24, nan 
38.375, 78.125, 4.904500325741031e-24, nan 
38.625, 78.125, 3.2217411658347803e-24, nan 
38.875, 78.125, 2.7995086884420482e-24, nan 
39.125, 78.125, 2.594542497953545e-24, nan 
39.375, 78.125, 3.743327485418624e-24, nan 
39.625, 78.125, 6.96555476163255e-24, nan 
39.875, 78.125, 5.019089767638007e-24, nan 
40.125, 78.125, 4.132290856375583e-24, nan 
40.375, 78.125, 3.84083749394927e-24, nan 
40.625, 78.125, 3.637071591366836e-24, nan 
40.875, 78.125, 2.8286690384948706e-24, nan 
41.125, 78.125, 1.925342047701285e-24, nan 
41.375, 78.125, 1.9329250304636874e-24, nan 
41.625, 78.125, 1.8821568616436933e-24, nan 
41.875, 78.125, 2.369636805546504e-24, nan 
42.125, 78.125, 1.224424595251478e-24, nan 
42.375, 78.125, 1.0894489616608303e-24, nan 
42.625, 78.125, 1.2193337415446181e-24, nan 
42.875, 78.125, 1.2287152909287039e-24, nan 
43.125, 78.125, 1.656880508430995e-24, nan 
43.375, 78.125, 1.0913519156101303e-24, nan 
43.625, 78.125, 8.363292724205016e-25, nan 
43.875, 78.125, 1.3779797171428e-24, nan 
44.125, 78.125, 1.2868807106833735e-24, nan 
44.375, 78.125, 1.0413518567836504e-24, nan 
44.625, 78.125, 6.280707314851807e-25, nan 
44.875, 78.125, 7.078523173024347e-25, nan 
45.125, 78.125, 1.3475820955976024e-24, nan 
45.375, 78.125, 1.2724652900327298e-24, nan 
45.625, 78.125, 1.684997588366812e-24, nan 
45.875, 78.125, 1.140974478051435e-24, nan 
46.125, 78.125, 1.3885878782056986e-24, nan 
46.375, 78.125, 7.373931996165827e-25, nan 
46.625, 78.125, 6.469687657940863e-25, nan 
46.875, 78.125, 1.333854358087711e-24, nan 
47.125, 78.125, 1.3288256700388449e-24, nan 
47.375, 78.125, 1.3822479207014195e-24, nan 
47.625, 78.125, 6.672821477636795e-25, nan 
47.875, 78.125, 4.465463061084894e-25, nan 
48.125, 78.125, 3.165067560497562e-25, nan 
48.375, 78.125, 4.241932561874145e-25, nan 
48.625, 78.125, 5.832149316152018e-25, nan 
48.875, 78.125, 2.4263767149350767e-25, nan 
-98.625, 78.375, 5.45401767639318e-23, nan 
-98.375, 78.375, 4.2740676764911135e-23, nan 
-98.125, 78.375, 5.301477912283624e-23, nan 
-97.875, 78.375, 8.278990317358505e-23, nan 
-97.625, 78.375, 7.398257092279936e-23, nan 
-97.375, 78.375, 8.434377832914052e-23, nan 
-97.125, 78.375, 8.269074313425214e-23, nan 
-96.875, 78.375, 8.24873437082943e-23, nan 
-96.625, 78.375, 6.023419157324462e-23, nan 
-96.375, 78.375, 6.251529340466648e-23, nan 
-96.125, 78.375, 7.20665567166949e-23, nan 
-95.875, 78.375, 6.033583081187695e-23, nan 
-95.625, 78.375, 6.062191433344859e-23, nan 
-95.375, 78.375, 4.9299742729738063e-23, nan 
-95.125, 78.375, 4.271712696403712e-23, nan 
-94.875, 78.375, 1.413497993398788e-23, nan 
-94.625, 78.375, 3.7912343626394e-23, nan 
-94.375, 78.375, 2.375644294905817e-23, nan 
-94.125, 78.375, 1.3194624045735666e-23, nan 
-93.875, 78.375, 2.1974511603451808e-23, nan 
-93.625, 78.375, 3.042478691494614e-23, nan 
-93.375, 78.375, 2.6938752097414325e-23, nan 
-93.125, 78.375, 7.584713696761543e-23, nan 
-92.875, 78.375, 7.470707215507713e-23, nan 
-92.625, 78.375, 8.327358337922568e-23, nan 
-92.375, 78.375, 6.156876354302125e-23, nan 
-92.125, 78.375, 4.679934645498746e-23, nan 
-91.875, 78.375, 1.0468863130605001e-22, nan 
-91.625, 78.375, 1.070266578878694e-22, nan 
-91.375, 78.375, 9.295420079123977e-23, nan 
-91.125, 78.375, 6.78415165375571e-23, nan 
-90.875, 78.375, 4.7101380925408255e-23, nan 
-90.625, 78.375, 4.0943042580996904e-23, nan 
-90.375, 78.375, 4.997428609787101e-23, nan 
-90.125, 78.375, 7.756274278437497e-23, nan 
-89.875, 78.375, 7.171943253614915e-23, nan 
-89.625, 78.375, 5.498388241660999e-23, nan 
-89.375, 78.375, 5.188438058308955e-23, nan 
-89.125, 78.375, 7.219537358359792e-23, nan 
-88.875, 78.375, 7.85474453373692e-23, nan 
-88.625, 78.375, 7.089452432098468e-23, nan 
-88.375, 78.375, 5.502495341431171e-23, nan 
-88.125, 78.375, 5.452668055827297e-23, nan 
-87.875, 78.375, 5.711068590560744e-23, nan 
-87.625, 78.375, 6.321124845226812e-23, nan 
-87.375, 78.375, 6.505184399463557e-23, nan 
-87.125, 78.375, 6.612472836238635e-23, nan 
-86.875, 78.375, 6.535428183063707e-23, nan 
-86.625, 78.375, 4.778622452798526e-23, nan 
-86.375, 78.375, 6.549993939630609e-23, nan 
-86.125, 78.375, 7.457146302842549e-23, nan 
-85.875, 78.375, 6.012650515440475e-23, nan 
-85.625, 78.375, 7.382667117099972e-23, nan 
-85.375, 78.375, 4.820479815482094e-23, nan 
-85.125, 78.375, 3.9000530763679377e-23, nan 
-84.875, 78.375, 4.672042771203119e-23, nan 
-84.625, 78.375, 3.63976933550678e-23, nan 
-84.375, 78.375, 3.5976185235670176e-23, nan 
-84.125, 78.375, 3.861539656220645e-23, nan 
-83.875, 78.375, 4.698428721785358e-23, nan 
-83.625, 78.375, 4.543667656194785e-23, nan 
-83.375, 78.375, 6.238115767995705e-23, nan 
-83.125, 78.375, 4.800901518715069e-23, nan 
-82.875, 78.375, 4.555074957193013e-23, nan 
-82.625, 78.375, 5.218163091781434e-23, nan 
-82.375, 78.375, 1.0299018219725598e-22, nan 
-82.125, 78.375, 6.916733040123871e-23, nan 
-81.875, 78.375, 8.103061792285873e-23, nan 
-81.625, 78.375, 4.4713577822571036e-23, nan 
-81.375, 78.375, 5.146530587505338e-23, nan 
-81.125, 78.375, 5.951819623594138e-23, nan 
-80.875, 78.375, 5.2749029759704e-23, nan 
-80.625, 78.375, 5.769390960061166e-23, nan 
-80.375, 78.375, 5.23226441156531e-23, nan 
-80.125, 78.375, 9.24212169132774e-23, nan 
-79.875, 78.375, 3.9608294097407423e-23, nan 
-79.625, 78.375, 4.010289623150931e-23, nan 
-79.375, 78.375, 5.959614360470563e-23, nan 
-79.125, 78.375, 8.729722728562242e-23, nan 
-78.875, 78.375, 9.310313745972373e-23, nan 
-78.625, 78.375, 9.957550925757219e-23, nan 
-78.375, 78.375, 1.1549600753076775e-22, nan 
-78.125, 78.375, 1.0319008011171967e-22, nan 
-77.875, 78.375, 1.0056050952685307e-22, nan 
-77.625, 78.375, 1.1737322610335185e-22, nan 
-77.375, 78.375, 1.047709457936894e-22, nan 
-77.125, 78.375, 9.800730477163662e-23, nan 
-76.875, 78.375, 6.407230671094141e-23, nan 
-76.625, 78.375, 3.9941500340981625e-23, nan 
-76.375, 78.375, 6.042604056315007e-23, nan 
-76.125, 78.375, 7.018120400925219e-23, nan 
-75.875, 78.375, 7.819158034632134e-23, nan 
-75.625, 78.375, 7.858850629417807e-23, nan 
-75.375, 78.375, 8.114593123241685e-23, nan 
-75.125, 78.375, 7.759925668827451e-23, nan 
-74.875, 78.375, 5.0222011151434283e-23, nan 
-74.625, 78.375, 7.771003472414611e-23, nan 
-74.375, 78.375, 5.170698711851181e-23, nan 
-74.125, 78.375, 4.027271229134062e-23, nan 
-73.875, 78.375, 4.752656170864932e-23, nan 
-73.625, 78.375, 4.914331647909729e-23, nan 
-73.375, 78.375, 7.553412910851491e-23, nan 
-73.125, 78.375, 8.023007679249629e-23, nan 
-72.875, 78.375, 7.476359673249927e-23, nan 
-72.625, 78.375, 5.977035828719733e-23, nan 
-72.375, 78.375, 6.693662253292988e-23, nan 
-72.125, 78.375, 8.247522105010303e-23, nan 
-71.875, 78.375, 8.022603832034372e-23, nan 
-71.625, 78.375, 7.376796005504376e-23, nan 
-71.375, 78.375, 4.9244719275551575e-23, nan 
-71.125, 78.375, 5.778617623536366e-23, nan 
-70.875, 78.375, 3.488577405163779e-23, nan 
-70.625, 78.375, 3.8180704887932666e-23, nan 
-70.375, 78.375, 5.930418593389876e-23, nan 
-70.125, 78.375, 9.438801575883765e-23, nan 
-69.875, 78.375, 1.0459298586232372e-22, nan 
-69.625, 78.375, 5.682412650683333e-23, nan 
-69.375, 78.375, 5.916459460896229e-23, nan 
-69.125, 78.375, 6.796766328923668e-23, nan 
-68.875, 78.375, 9.888562738693662e-23, nan 
-68.625, 78.375, 1.147547385946492e-22, nan 
-68.375, 78.375, 7.974343928696481e-23, nan 
-68.125, 78.375, 7.445365827075496e-23, nan 
-67.875, 78.375, 9.527410043218014e-23, nan 
-67.625, 78.375, 8.367855967638462e-23, nan 
-67.375, 78.375, 7.135432079273432e-23, nan 
-67.125, 78.375, 8.385713728063057e-23, nan 
-66.875, 78.375, 9.920801287978876e-23, nan 
-66.625, 78.375, 1.1896737060446109e-22, nan 
-66.375, 78.375, 1.0591377749764679e-22, nan 
-66.125, 78.375, 1.0266079054174313e-22, nan 
-65.875, 78.375, 1.0725904279590034e-22, nan 
-65.625, 78.375, 7.907387068129414e-23, nan 
-65.375, 78.375, 5.0026834588601355e-23, nan 
-65.125, 78.375, 9.337145792872016e-23, nan 
-64.875, 78.375, 1.5792989110409343e-22, nan 
-64.625, 78.375, 1.957867184399268e-22, nan 
-64.375, 78.375, 1.45136281285647e-22, nan 
-64.125, 78.375, 5.1961111064493845e-23, nan 
-63.875, 78.375, 6.026786997245719e-23, nan 
-63.625, 78.375, 5.86845243966036e-23, nan 
-63.375, 78.375, 7.833981035055192e-23, nan 
-63.125, 78.375, 7.216466276075402e-23, nan 
-62.875, 78.375, 4.7915494047912135e-23, nan 
-62.625, 78.375, 4.2881575044552153e-23, nan 
-62.375, 78.375, 4.251277720903484e-23, nan 
-62.125, 78.375, 4.9103954578519175e-23, nan 
-61.875, 78.375, 4.5962397035395354e-23, nan 
-61.625, 78.375, 2.91849973476679e-23, nan 
-61.375, 78.375, 3.8848737011501665e-23, nan 
-61.125, 78.375, 2.4626613948048395e-23, nan 
-60.875, 78.375, 2.953915203176691e-23, nan 
-60.625, 78.375, 8.235994017926949e-23, nan 
-60.375, 78.375, 1.0339695297858187e-22, nan 
-60.125, 78.375, 1.7419651085875272e-22, nan 
-59.875, 78.375, 2.1768907912311345e-22, nan 
-59.625, 78.375, 2.281035559596065e-22, nan 
-59.375, 78.375, 2.217390107094246e-22, nan 
-59.125, 78.375, 1.6668644489836933e-22, nan 
-58.875, 78.375, 1.8499952828063492e-22, nan 
-58.625, 78.375, 1.2315245094661027e-22, nan 
-58.375, 78.375, 8.417964580195299e-23, nan 
-58.125, 78.375, 4.2631529720359034e-23, nan 
-57.875, 78.375, 3.298358093881874e-23, nan 
-57.625, 78.375, 4.193222957662296e-23, nan 
-57.375, 78.375, 3.362546590825484e-23, nan 
-57.125, 78.375, 5.156983895585884e-23, nan 
-56.875, 78.375, 4.9178545804670124e-23, nan 
-56.625, 78.375, 7.764398180110854e-23, nan 
-56.375, 78.375, 8.480218166175028e-23, nan 
-56.125, 78.375, 8.786653375682536e-23, nan 
-55.875, 78.375, 8.491891959241727e-23, nan 
-55.625, 78.375, 6.893840449650485e-23, nan 
-55.375, 78.375, 1.3931555711975879e-22, nan 
-55.125, 78.375, 1.5069159674064354e-22, nan 
-54.875, 78.375, 1.5281413630677953e-22, nan 
-54.625, 78.375, 1.930174963562797e-22, nan 
-54.375, 78.375, 1.6945241107779201e-22, nan 
-54.125, 78.375, 1.727155632434215e-22, nan 
-53.875, 78.375, 1.9676769714064528e-22, nan 
-53.625, 78.375, 1.816499292202615e-22, nan 
-53.375, 78.375, 1.9671523241906174e-22, nan 
-53.125, 78.375, 1.7766329496000236e-22, nan 
-52.875, 78.375, 1.685952139968393e-22, nan 
-52.625, 78.375, 1.7268427432177006e-22, nan 
-52.375, 78.375, 1.2887649252466127e-22, nan 
-52.125, 78.375, 1.1219391026408799e-22, nan 
-51.875, 78.375, 1.120065547966185e-22, nan 
-51.625, 78.375, 1.118923106303215e-22, nan 
-51.375, 78.375, 1.0890847582062023e-22, nan 
-51.125, 78.375, 1.1965476323761714e-22, nan 
-50.875, 78.375, 9.625107697129678e-23, nan 
-50.625, 78.375, 9.317726571840309e-23, nan 
-50.375, 78.375, 8.652410801906656e-23, nan 
-50.125, 78.375, 9.030693532687029e-23, nan 
-49.875, 78.375, 1.2076772612734427e-22, nan 
-49.625, 78.375, 9.646509194129688e-23, nan 
-49.375, 78.375, 8.747699707269669e-23, nan 
-49.125, 78.375, 6.589160762385717e-23, nan 
-48.875, 78.375, 5.819975591485136e-23, nan 
-48.625, 78.375, 5.653587535770485e-23, nan 
-48.375, 78.375, 5.85714611612593e-23, nan 
-48.125, 78.375, 4.005731756020516e-23, nan 
-47.875, 78.375, 4.3957103062168796e-23, nan 
-47.625, 78.375, 4.7775054225507304e-23, nan 
-47.375, 78.375, 4.8375620639307034e-23, nan 
-47.125, 78.375, 4.2888498512066835e-23, nan 
-46.875, 78.375, 2.9886848427032877e-23, nan 
-46.625, 78.375, 3.128360271897055e-23, nan 
-46.375, 78.375, 3.820490610959817e-23, nan 
-46.125, 78.375, 4.191427603107118e-23, nan 
-45.875, 78.375, 4.2045040140968355e-23, nan 
-45.625, 78.375, 3.7382352741520004e-23, nan 
-45.375, 78.375, 3.948449068026825e-23, nan 
-45.125, 78.375, 4.9461252948161256e-23, nan 
-44.875, 78.375, 5.304403720130404e-23, nan 
-44.625, 78.375, 4.4874987622899665e-23, nan 
-44.375, 78.375, 4.1123824162008785e-23, nan 
-44.125, 78.375, 3.749916500355064e-23, nan 
-43.875, 78.375, 4.774365430223213e-23, nan 
-43.625, 78.375, 4.475884052125756e-23, nan 
-43.375, 78.375, 4.106481695555758e-23, nan 
-43.125, 78.375, 4.216448553582323e-23, nan 
-42.875, 78.375, 3.3881907664309663e-23, nan 
-42.625, 78.375, 3.455322337910031e-23, nan 
-42.375, 78.375, 2.537929596065924e-23, nan 
-42.125, 78.375, 1.9491890366940365e-23, nan 
-41.875, 78.375, 2.720569051229167e-23, nan 
-41.625, 78.375, 2.1205658259946287e-23, nan 
-41.375, 78.375, 3.142468423885842e-23, nan 
-41.125, 78.375, 3.062639402055246e-23, nan 
-40.875, 78.375, 2.5594651063964118e-23, nan 
-40.625, 78.375, 2.5897437493748808e-23, nan 
-40.375, 78.375, 2.725019863050383e-23, nan 
-40.125, 78.375, 2.965640085704489e-23, nan 
-39.875, 78.375, 2.865455241600579e-23, nan 
-39.625, 78.375, 2.72719860726318e-23, nan 
-39.375, 78.375, 2.363982952579297e-23, nan 
-39.125, 78.375, 2.251228253513524e-23, nan 
-38.875, 78.375, 2.428402921238823e-23, nan 
-38.625, 78.375, 2.003886488909659e-23, nan 
-38.375, 78.375, 1.967633305775295e-23, nan 
-38.125, 78.375, 1.9981128795525014e-23, nan 
-37.875, 78.375, 1.702710675874214e-23, nan 
-37.625, 78.375, 1.733225947691632e-23, nan 
-37.375, 78.375, 1.5715860226414982e-23, nan 
-37.125, 78.375, 1.4718011050357727e-23, nan 
-36.875, 78.375, 1.4288881457049797e-23, nan 
-36.625, 78.375, 1.2133504382820628e-23, nan 
-36.375, 78.375, 1.7753461169242924e-23, nan 
-36.125, 78.375, 2.048636502766388e-23, nan 
-35.875, 78.375, 1.3334046674075143e-23, nan 
-35.625, 78.375, 1.2006107654481292e-23, nan 
-35.375, 78.375, 1.6638757713747861e-23, nan 
-35.125, 78.375, 2.4852802080591333e-23, nan 
-34.875, 78.375, 1.7788246738542383e-23, nan 
-34.625, 78.375, 1.6939626120986665e-23, nan 
-34.375, 78.375, 2.876795731514571e-23, nan 
-34.125, 78.375, 2.5983619006761775e-23, nan 
-33.875, 78.375, 2.327421632790022e-23, nan 
-33.625, 78.375, 1.770355760870839e-23, nan 
-33.375, 78.375, 2.0960371795414122e-23, nan 
-33.125, 78.375, 2.186108738506074e-23, nan 
-32.875, 78.375, 1.4272699451941574e-23, nan 
-32.625, 78.375, 1.8806823487507187e-23, nan 
-32.375, 78.375, 3.546981458968998e-23, nan 
-32.125, 78.375, 4.3469223847148946e-23, nan 
-31.875, 78.375, 3.739721610612134e-23, nan 
-31.625, 78.375, 2.4339503735393523e-23, nan 
-31.375, 78.375, 2.3195801428632027e-23, nan 
-31.125, 78.375, 8.085873992677358e-23, nan 
-30.875, 78.375, 7.86518817402616e-23, nan 
-30.625, 78.375, 1.0445891128454527e-22, nan 
-30.375, 78.375, 9.150537858269221e-23, nan 
-30.125, 78.375, 1.1082318771741588e-22, nan 
-29.875, 78.375, 9.741454120894104e-23, nan 
-29.625, 78.375, 9.350472479117604e-23, nan 
-29.375, 78.375, 1.2234957857798395e-22, nan 
-29.125, 78.375, 1.1925380146102646e-22, nan 
-28.875, 78.375, 1.1311047128998e-22, nan 
-28.625, 78.375, 1.2221601088859258e-22, nan 
-28.375, 78.375, 2.95659067469504e-22, nan 
-28.125, 78.375, 3.6672845012031915e-22, nan 
-27.875, 78.375, 3.052438444349834e-22, nan 
-27.625, 78.375, 1.2967894413556596e-22, nan 
-27.375, 78.375, 1.0129185333871468e-22, nan 
-27.125, 78.375, 8.743244330770464e-23, nan 
-26.875, 78.375, 9.121559379745075e-23, nan 
-26.625, 78.375, 1.0395993271343018e-22, nan 
-26.375, 78.375, 1.0274263793903106e-22, nan 
-26.125, 78.375, 9.715479753185294e-23, nan 
-25.875, 78.375, 7.847549178204953e-23, nan 
-25.625, 78.375, 6.26517010883875e-23, nan 
-25.375, 78.375, 3.6037962097954446e-23, nan 
-25.125, 78.375, 4.4731666762452943e-23, nan 
-24.875, 78.375, 2.341142318716671e-23, nan 
-24.625, 78.375, 1.652579416562476e-23, nan 
-24.375, 78.375, 4.185519769564131e-23, nan 
-24.125, 78.375, 2.8660842620570375e-23, nan 
-23.875, 78.375, 3.74156632340479e-23, nan 
-23.625, 78.375, 2.7399567592826595e-23, nan 
-23.375, 78.375, 2.6175974225871926e-23, nan 
-23.125, 78.375, 1.3597538240763934e-23, nan 
-22.875, 78.375, 2.256904431830216e-23, nan 
-22.625, 78.375, 3.372704118835407e-23, nan 
-22.375, 78.375, 3.191418858049704e-23, nan 
-22.125, 78.375, 2.0244560564701397e-23, nan 
-21.875, 78.375, 1.8646786629952238e-23, nan 
-21.625, 78.375, 2.669449991403904e-23, nan 
-21.375, 78.375, 2.1294102212653638e-23, nan 
-21.125, 78.375, 1.412491295993589e-23, nan 
-20.875, 78.375, 1.1546773898237872e-23, nan 
-20.625, 78.375, 1.536460993331633e-23, nan 
-20.375, 78.375, 2.21360952984066e-23, nan 
-20.125, 78.375, 1.582710826776792e-23, nan 
-19.875, 78.375, 1.8829516892874283e-23, nan 
-19.625, 78.375, 2.2612096277082633e-23, nan 
-19.375, 78.375, 2.092856298611099e-23, nan 
-19.125, 78.375, 2.4501994275416928e-23, nan 
-18.875, 78.375, 2.7557252478522705e-23, nan 
-18.625, 78.375, 2.285186444867767e-23, nan 
-18.375, 78.375, 3.69496243991458e-23, nan 
-18.125, 78.375, 3.606030027557969e-23, nan 
-17.875, 78.375, 3.061344883630799e-23, nan 
-17.625, 78.375, 2.8511581705205305e-23, nan 
-17.375, 78.375, 2.4843538772044166e-23, nan 
-17.125, 78.375, 3.391870102392737e-23, nan 
-16.875, 78.375, 3.626314172536072e-23, nan 
-16.625, 78.375, 3.004736625244152e-23, nan 
-16.375, 78.375, 2.6445012116752016e-23, nan 
-16.125, 78.375, 2.0794851920101446e-23, nan 
-15.875, 78.375, 1.6967601768975633e-23, nan 
-15.625, 78.375, 1.2572057479325923e-23, nan 
-15.375, 78.375, 8.33335177557835e-24, nan 
-15.125, 78.375, 1.0271491494954409e-23, nan 
-14.875, 78.375, 1.3597515780846627e-23, nan 
-14.625, 78.375, 1.8741870773607297e-23, nan 
-14.375, 78.375, 2.4293517836930407e-23, nan 
-14.125, 78.375, 2.5616734166106054e-23, nan 
-13.875, 78.375, 1.779882072417997e-23, nan 
-13.625, 78.375, 2.210424014598496e-23, nan 
-13.375, 78.375, 3.4343094214774096e-23, nan 
-13.125, 78.375, 3.618119409945308e-23, nan 
-12.875, 78.375, 3.403937878894196e-23, nan 
-12.625, 78.375, 3.40941596180321e-23, nan 
-12.375, 78.375, 3.244665100252441e-23, nan 
-12.125, 78.375, 2.4014044237491046e-23, nan 
-11.875, 78.375, 3.078711521228052e-23, nan 
-11.625, 78.375, 2.6358084566581805e-23, nan 
-11.375, 78.375, 2.5731412621240856e-23, nan 
-11.125, 78.375, 4.1975877004212285e-23, nan 
-10.875, 78.375, 3.2088899547018767e-23, nan 
-10.625, 78.375, 2.9319025401117123e-23, nan 
-10.375, 78.375, 2.2266199310912757e-23, nan 
-10.125, 78.375, 1.556577851613118e-23, nan 
-9.875, 78.375, 2.022574251503318e-23, nan 
-9.625, 78.375, 1.881318576277959e-23, nan 
-9.375, 78.375, 1.9331556147655666e-23, nan 
-9.125, 78.375, 1.8986178266758464e-23, nan 
-8.875, 78.375, 2.405373661487858e-23, nan 
-8.625, 78.375, 2.163865886448522e-23, nan 
-8.375, 78.375, 3.773625146669972e-23, nan 
-8.125, 78.375, 3.1779655445542497e-23, nan 
-7.875, 78.375, 4.4695841465172334e-23, nan 
-7.625, 78.375, 3.7060243419922525e-23, nan 
-7.375, 78.375, 4.423259068033391e-23, nan 
-7.125, 78.375, 4.296855857485788e-23, nan 
-6.875, 78.375, 4.417077044183588e-23, nan 
-6.625, 78.375, 4.3006145037572146e-23, nan 
-6.375, 78.375, 4.18274208351058e-23, nan 
-6.125, 78.375, 4.397505115828967e-23, nan 
-5.875, 78.375, 3.3859505521428445e-23, nan 
-5.625, 78.375, 3.53725650338468e-23, nan 
-5.375, 78.375, 2.898265936756146e-23, nan 
-5.125, 78.375, 2.536613337243598e-23, nan 
-4.875, 78.375, 2.5094562041780888e-23, nan 
-4.625, 78.375, 2.3352092479106775e-23, nan 
-4.375, 78.375, 2.2182941098910004e-23, nan 
-4.125, 78.375, 1.4970116480006554e-23, nan 
-3.875, 78.375, 1.775684155310789e-23, nan 
-3.625, 78.375, 1.1477533094670142e-23, nan 
-3.375, 78.375, 1.1827346802057461e-23, nan 
-3.125, 78.375, 9.988066010801094e-24, nan 
-2.875, 78.375, 6.221361253833152e-24, nan 
-2.625, 78.375, 1.2752315434554435e-23, nan 
-2.375, 78.375, 5.0871262048653105e-24, nan 
-2.125, 78.375, 3.085966162277573e-24, nan 
-1.875, 78.375, 5.084406353241085e-24, nan 
-1.625, 78.375, 4.257114246083005e-24, nan 
-1.375, 78.375, 6.810411339850467e-23, nan 
-1.125, 78.375, 1.067508302067001e-22, nan 
-0.875, 78.375, 1.0950166497144793e-22, nan 
-0.625, 78.375, 1.0837000926654286e-22, nan 
-0.375, 78.375, 1.0494763733100738e-22, nan 
-0.125, 78.375, 1.0395198642663409e-22, nan 
0.125, 78.375, 9.866102904140434e-23, nan 
0.375, 78.375, 7.937895614550652e-23, nan 
0.625, 78.375, 6.555264418106142e-23, nan 
0.875, 78.375, 9.988203916771871e-23, nan 
1.125, 78.375, 2.87926091000453e-23, nan 
1.375, 78.375, 2.2898036256679962e-23, nan 
1.625, 78.375, 2.809608146238811e-23, nan 
1.875, 78.375, 3.0503252567784037e-23, nan 
2.125, 78.375, 1.58830532991578e-23, nan 
2.375, 78.375, 1.0513365894532802e-23, nan 
2.625, 78.375, 8.959245271475886e-24, nan 
2.875, 78.375, 1.5266350715689794e-23, nan 
3.125, 78.375, 1.0494258022619853e-23, nan 
3.375, 78.375, 1.396562410962999e-23, nan 
3.625, 78.375, 2.777109276958919e-23, nan 
3.875, 78.375, 3.675505624910099e-23, nan 
4.125, 78.375, 4.652580862354092e-23, nan 
4.375, 78.375, 4.8278956496540717e-23, nan 
4.625, 78.375, 4.492507124423033e-23, nan 
4.875, 78.375, 4.15364379584038e-23, nan 
5.125, 78.375, 3.1436348975684844e-23, nan 
5.375, 78.375, 2.2677255252396354e-23, nan 
5.625, 78.375, 2.341270468934664e-23, nan 
5.875, 78.375, 2.6852166324273974e-23, nan 
6.125, 78.375, 2.950405074744428e-23, nan 
6.375, 78.375, 2.729623544487643e-23, nan 
6.625, 78.375, 1.791642891813821e-23, nan 
6.875, 78.375, 1.8531904689603734e-23, nan 
7.125, 78.375, 1.676651237490888e-23, nan 
7.375, 78.375, 1.5484072093479712e-23, nan 
7.625, 78.375, 1.4430517141636466e-23, nan 
7.875, 78.375, 1.2709399154094707e-23, nan 
8.125, 78.375, 1.3338277899697012e-23, nan 
8.375, 78.375, 1.3403192175932157e-23, nan 
8.625, 78.375, 1.3467153111392075e-23, nan 
8.875, 78.375, 1.517256305455064e-23, nan 
9.125, 78.375, 1.763398535204337e-23, nan 
9.375, 78.375, 1.8894255652476042e-23, nan 
9.625, 78.375, 1.2651666816447116e-23, nan 
9.875, 78.375, 2.006295671885141e-23, nan 
10.125, 78.375, 1.4390998825344728e-23, nan 
10.375, 78.375, 9.367834958098122e-24, nan 
10.625, 78.375, 6.0648423704724076e-24, nan 
10.875, 78.375, 8.099188039783072e-24, nan 
11.125, 78.375, 5.597087506968403e-24, nan 
11.375, 78.375, 6.2483762655464336e-24, nan 
11.625, 78.375, 6.656265157922844e-24, nan 
11.875, 78.375, 6.4836851058926625e-24, nan 
12.125, 78.375, 6.201189168626118e-24, nan 
12.375, 78.375, 7.453767427965923e-24, nan 
12.625, 78.375, 1.1783268476211398e-23, nan 
12.875, 78.375, 9.946172340350889e-24, nan 
13.125, 78.375, 1.0298375127371491e-23, nan 
13.375, 78.375, 1.0595525669786613e-23, nan 
13.625, 78.375, 9.994591976179944e-24, nan 
13.875, 78.375, 9.917232581578027e-24, nan 
14.125, 78.375, 7.114674337396162e-24, nan 
14.375, 78.375, 9.356358023352815e-24, nan 
14.625, 78.375, 9.169191954148128e-24, nan 
14.875, 78.375, 8.67991690232604e-24, nan 
15.125, 78.375, 7.969638531384789e-24, nan 
15.375, 78.375, 8.096225505150537e-24, nan 
15.625, 78.375, 7.127086294835328e-24, nan 
15.875, 78.375, 6.17920229262564e-24, nan 
16.125, 78.375, 5.9382986254102795e-24, nan 
16.375, 78.375, 4.676199362463436e-24, nan 
16.625, 78.375, 2.7931955508207073e-24, nan 
16.875, 78.375, 5.231613550589598e-24, nan 
17.125, 78.375, 2.674863228515045e-23, nan 
17.375, 78.375, 3.5175295921777366e-23, nan 
17.625, 78.375, 3.542625032905132e-23, nan 
17.875, 78.375, 2.6246655418364463e-23, nan 
18.125, 78.375, 1.7857864509560215e-23, nan 
18.375, 78.375, 1.535756889622712e-23, nan 
18.625, 78.375, 1.2902126122679621e-23, nan 
18.875, 78.375, 9.631299372499862e-24, nan 
19.125, 78.375, 7.371183136667758e-24, nan 
19.375, 78.375, 4.0825114266613104e-24, nan 
19.625, 78.375, 3.074550907260693e-24, nan 
19.875, 78.375, 2.458121948456641e-24, nan 
20.125, 78.375, 2.109018710633199e-24, nan 
20.375, 78.375, 1.498169171439963e-24, nan 
20.625, 78.375, 2.831094695350002e-24, nan 
20.875, 78.375, 3.424000965998806e-24, nan 
21.125, 78.375, 1.656761593739831e-24, nan 
21.375, 78.375, 1.6425851472270717e-24, nan 
21.625, 78.375, 1.374141561833055e-24, nan 
21.875, 78.375, 1.9036379082989533e-24, nan 
22.125, 78.375, 2.5926615147002763e-24, nan 
22.375, 78.375, 1.802616130180867e-24, nan 
22.625, 78.375, 1.776017025931767e-24, nan 
22.875, 78.375, 2.4467501367459986e-24, nan 
23.125, 78.375, 1.2845624384391768e-24, nan 
23.375, 78.375, 4.0666042362763525e-24, nan 
23.625, 78.375, 4.1191416370570795e-24, nan 
23.875, 78.375, 4.0014275460810235e-24, nan 
24.125, 78.375, 2.5548148775981804e-24, nan 
24.375, 78.375, 2.0288891513268926e-24, nan 
24.625, 78.375, 8.845263143600009e-25, nan 
24.875, 78.375, 1.8626919573623118e-24, nan 
25.125, 78.375, 1.1950150321055885e-24, nan 
25.375, 78.375, 9.59830894754502e-25, nan 
25.625, 78.375, 1.335784478452628e-24, nan 
25.875, 78.375, 1.0269103393950864e-24, nan 
26.125, 78.375, 1.7267741167200413e-24, nan 
26.375, 78.375, 1.037107409528365e-24, nan 
26.625, 78.375, 1.2479280511565046e-24, nan 
26.875, 78.375, 3.421171590991441e-25, nan 
27.125, 78.375, 1.2498451662299291e-24, nan 
27.375, 78.375, 2.0654921718125284e-24, nan 
27.625, 78.375, 4.326052508802493e-24, nan 
27.875, 78.375, 1.5060482588346956e-24, nan 
28.125, 78.375, 7.7912107426295765e-25, nan 
28.375, 78.375, 9.739457415351784e-25, nan 
28.625, 78.375, 8.652022293319199e-25, nan 
28.875, 78.375, 2.5931583543180966e-25, nan 
29.125, 78.375, 4.883066502419305e-25, nan 
29.375, 78.375, 5.708935913398135e-25, nan 
29.625, 78.375, 7.987853933831e-25, nan 
29.875, 78.375, 7.164109057254686e-25, nan 
30.125, 78.375, 4.227608802622226e-25, nan 
30.375, 78.375, 4.097517240512378e-25, nan 
30.625, 78.375, 7.207033450651161e-25, nan 
30.875, 78.375, 8.663469995779238e-25, nan 
31.125, 78.375, 4.398332625757008e-25, nan 
31.375, 78.375, 7.293419598238793e-25, nan 
31.625, 78.375, 5.43918130313766e-25, nan 
31.875, 78.375, 2.8763492676812e-25, nan 
32.125, 78.375, 4.0289283712010763e-25, nan 
32.375, 78.375, 2.979626158368661e-25, nan 
32.625, 78.375, 6.72031385011225e-25, nan 
32.875, 78.375, 3.8525630443596026e-25, nan 
33.125, 78.375, 1.1215149564116268e-24, nan 
33.375, 78.375, 1.129203481346736e-24, nan 
33.625, 78.375, 1.3620627378940448e-24, nan 
33.875, 78.375, 1.2385110842138217e-24, nan 
34.125, 78.375, 1.3947127963762175e-24, nan 
34.375, 78.375, 1.2748496177894007e-24, nan 
34.625, 78.375, 1.3723103268433827e-24, nan 
34.875, 78.375, 1.2341427113866661e-24, nan 
35.125, 78.375, 1.3078801148983408e-24, nan 
35.375, 78.375, 9.356177462310854e-25, nan 
35.625, 78.375, 3.9663538006896525e-25, nan 
35.875, 78.375, 6.655915797877405e-25, nan 
36.125, 78.375, 6.481024276965403e-25, nan 
36.375, 78.375, 5.767715465766134e-25, nan 
36.625, 78.375, 1.1109167592052181e-24, nan 
36.875, 78.375, 9.323420536777076e-25, nan 
37.125, 78.375, 7.905320928988787e-25, nan 
37.375, 78.375, 7.562506775708399e-25, nan 
37.625, 78.375, 7.709678318170779e-25, nan 
37.875, 78.375, 1.122424642231163e-24, nan 
38.125, 78.375, 1.1274579209590143e-24, nan 
38.375, 78.375, 1.213493595414424e-24, nan 
38.625, 78.375, 1.3825582418316723e-24, nan 
38.875, 78.375, 2.342719449260225e-24, nan 
39.125, 78.375, 1.717986222813793e-24, nan 
39.375, 78.375, 2.241919262220125e-24, nan 
39.625, 78.375, 3.986417823390351e-24, nan 
39.875, 78.375, 2.8690763508295192e-24, nan 
40.125, 78.375, 2.5945605143115488e-24, nan 
40.375, 78.375, 2.2525661296549138e-24, nan 
40.625, 78.375, 2.6223240408833338e-24, nan 
40.875, 78.375, 1.574605681518051e-24, nan 
41.125, 78.375, 9.36043029670988e-25, nan 
41.375, 78.375, 8.2375648723939e-25, nan 
41.625, 78.375, 4.340671388598633e-25, nan 
41.875, 78.375, 1.222614690192859e-24, nan 
42.125, 78.375, 1.1091995009193015e-24, nan 
42.375, 78.375, 1.3168306898477755e-24, nan 
42.625, 78.375, 5.253651502727298e-25, nan 
42.875, 78.375, 4.295663637760986e-25, nan 
43.125, 78.375, 6.503867416220077e-25, nan 
43.375, 78.375, 1.1357947943397354e-24, nan 
43.625, 78.375, 1.3035607531291072e-24, nan 
43.875, 78.375, 1.1012742296651543e-24, nan 
44.125, 78.375, 1.0272896755841682e-24, nan 
44.375, 78.375, 1.1060703784188884e-24, nan 
44.625, 78.375, 1.3451612577231416e-24, nan 
44.875, 78.375, 1.2461065538910713e-24, nan 
45.125, 78.375, 1.769857287188796e-24, nan 
45.375, 78.375, 1.1532121349416874e-24, nan 
45.625, 78.375, 8.481467251565904e-25, nan 
45.875, 78.375, 8.85691576959645e-25, nan 
46.125, 78.375, 8.96212707116593e-25, nan 
46.375, 78.375, 1.4720807698271724e-24, nan 
46.625, 78.375, 1.5096840010488607e-24, nan 
46.875, 78.375, 1.3144468696678384e-24, nan 
47.125, 78.375, 1.287172271873327e-24, nan 
47.375, 78.375, 1.1916051281074283e-24, nan 
47.625, 78.375, 7.9422010757504e-25, nan 
47.875, 78.375, 1.7606123569421468e-24, nan 
48.125, 78.375, 9.47401660253488e-25, nan 
48.375, 78.375, 1.0179005140198556e-24, nan 
48.625, 78.375, 6.988390059008175e-25, nan 
48.875, 78.375, 6.879456130953149e-25, nan 
49.125, 78.375, 3.7410589917947104e-25, nan 
49.375, 78.375, 4.726882461718565e-25, nan 
49.625, 78.375, 6.273681261585262e-25, nan 
49.875, 78.375, 6.8280815087376855e-25, nan 
50.125, 78.375, 5.043058466774741e-25, nan 
50.375, 78.375, 5.737835637944368e-25, nan 
50.625, 78.375, 1.1089701304132964e-24, nan 
50.875, 78.375, 1.6018076648963038e-24, nan 
51.125, 78.375, 1.2726881352086595e-24, nan 
-98.875, 78.625, 5.309777099169389e-23, nan 
-98.625, 78.625, 7.244020211395115e-23, nan 
-98.375, 78.625, 5.950402763142034e-23, nan 
-98.125, 78.625, 5.371298260701294e-23, nan 
-97.875, 78.625, 4.864091744817716e-23, nan 
-97.625, 78.625, 6.341848591099411e-23, nan 
-97.375, 78.625, 5.527578936834174e-23, nan 
-97.125, 78.625, 5.357199835432692e-23, nan 
-96.875, 78.625, 5.016534329425346e-23, nan 
-96.625, 78.625, 5.89307172215671e-23, nan 
-96.375, 78.625, 6.867871365352435e-23, nan 
-96.125, 78.625, 3.6251987027549576e-23, nan 
-95.875, 78.625, 4.1882937369014497e-23, nan 
-95.625, 78.625, 4.4259755980016474e-23, nan 
-95.375, 78.625, 7.080961804259599e-23, nan 
-95.125, 78.625, 7.132734717025388e-23, nan 
-94.875, 78.625, 2.76767360388933e-23, nan 
-94.625, 78.625, 6.276445504695916e-23, nan 
-94.375, 78.625, 2.8038547053822065e-23, nan 
-94.125, 78.625, 2.8035545698498745e-23, nan 
-93.875, 78.625, 2.460898413590957e-23, nan 
-93.625, 78.625, 1.979220220127511e-23, nan 
-93.375, 78.625, 4.1073378805153493e-23, nan 
-93.125, 78.625, 3.08299769685891e-23, nan 
-92.875, 78.625, 5.019589219385194e-23, nan 
-92.625, 78.625, 5.823967344728889e-23, nan 
-92.375, 78.625, 4.655221218475205e-23, nan 
-92.125, 78.625, 4.4848150290169886e-23, nan 
-91.875, 78.625, 7.135403988553252e-23, nan 
-91.625, 78.625, 5.32928011616926e-23, nan 
-91.375, 78.625, 6.124240667289537e-23, nan 
-91.125, 78.625, 4.9496951741789304e-23, nan 
-90.875, 78.625, 4.7152327496759006e-23, nan 
-90.625, 78.625, 5.986685306937905e-23, nan 
-90.375, 78.625, 6.366842939358613e-23, nan 
-90.125, 78.625, 6.091551998969317e-23, nan 
-89.875, 78.625, 4.212197374123205e-23, nan 
-89.625, 78.625, 4.180757397776059e-23, nan 
-89.375, 78.625, 5.641590992594134e-23, nan 
-89.125, 78.625, 7.03851685679066e-23, nan 
-88.875, 78.625, 6.351606902562367e-23, nan 
-88.625, 78.625, 4.598499923787421e-23, nan 
-88.375, 78.625, 3.274251891498236e-23, nan 
-88.125, 78.625, 3.199471014838194e-23, nan 
-87.875, 78.625, 2.937989441426299e-23, nan 
-87.625, 78.625, 1.8826013418243372e-23, nan 
-87.375, 78.625, 2.4999913637947912e-23, nan 
-87.125, 78.625, 3.364900210103964e-23, nan 
-86.875, 78.625, 2.788329888099711e-23, nan 
-86.625, 78.625, 3.046903744838381e-23, nan 
-86.375, 78.625, 3.5139758982581626e-23, nan 
-86.125, 78.625, 3.310298611478889e-23, nan 
-85.875, 78.625, 3.8750311156044865e-23, nan 
-85.625, 78.625, 3.6580855472702865e-23, nan 
-85.375, 78.625, 3.0628133505864796e-23, nan 
-85.125, 78.625, 2.8170826050649103e-23, nan 
-84.875, 78.625, 3.965902605242937e-23, nan 
-84.625, 78.625, 3.7921313165508036e-23, nan 
-84.375, 78.625, 3.4510475433440285e-23, nan 
-84.125, 78.625, 2.868546962163873e-23, nan 
-83.875, 78.625, 3.658075307511252e-23, nan 
-83.625, 78.625, 2.6242863625384163e-23, nan 
-83.375, 78.625, 4.221065626166804e-23, nan 
-83.125, 78.625, 4.9447600851124e-23, nan 
-82.875, 78.625, 2.9339982614624113e-23, nan 
-82.625, 78.625, 3.440176988373273e-23, nan 
-82.375, 78.625, 5.2727960544696186e-23, nan 
-82.125, 78.625, 5.262014897902416e-23, nan 
-81.875, 78.625, 4.9228044442328135e-23, nan 
-81.625, 78.625, 4.699984214900982e-23, nan 
-81.375, 78.625, 8.620601570787522e-23, nan 
-81.125, 78.625, 5.1667268203362596e-23, nan 
-80.875, 78.625, 5.687021789870327e-23, nan 
-80.625, 78.625, 5.884652208564792e-23, nan 
-80.375, 78.625, 6.776087009278604e-23, nan 
-80.125, 78.625, 1.0100332457650834e-22, nan 
-79.875, 78.625, 1.1466630005545682e-22, nan 
-79.625, 78.625, 7.504920415810182e-23, nan 
-79.375, 78.625, 8.426376007208681e-23, nan 
-79.125, 78.625, 8.940504930628814e-23, nan 
-78.875, 78.625, 9.547953807595455e-23, nan 
-78.625, 78.625, 1.274833046732145e-22, nan 
-78.375, 78.625, 9.51738858417523e-23, nan 
-78.125, 78.625, 1.03935219736593e-22, nan 
-77.875, 78.625, 8.144606272129558e-23, nan 
-77.625, 78.625, 1.2457860893130945e-22, nan 
-77.375, 78.625, 9.145754175627788e-23, nan 
-77.125, 78.625, 6.131888572956845e-23, nan 
-76.875, 78.625, 8.673075612269051e-23, nan 
-76.625, 78.625, 6.286388229790528e-23, nan 
-76.375, 78.625, 4.609502472048218e-23, nan 
-76.125, 78.625, 2.654865674190256e-23, nan 
-75.875, 78.625, 1.2618751277061903e-22, nan 
-75.625, 78.625, 9.453203802482256e-23, nan 
-75.375, 78.625, 8.522474682902227e-23, nan 
-75.125, 78.625, 4.847668664548924e-23, nan 
-74.875, 78.625, 4.2987788340468816e-23, nan 
-74.625, 78.625, 1.692244398849782e-22, nan 
-74.375, 78.625, 6.241448574402376e-23, nan 
-74.125, 78.625, 4.97391863768165e-23, nan 
-73.875, 78.625, 3.131472714352843e-23, nan 
-73.625, 78.625, 5.373226099839569e-23, nan 
-73.375, 78.625, 9.953222073350102e-23, nan 
-73.125, 78.625, 5.652406482872218e-23, nan 
-72.875, 78.625, 5.821195990733356e-23, nan 
-72.625, 78.625, 4.797383582642151e-23, nan 
-72.375, 78.625, 7.280457620075365e-23, nan 
-72.125, 78.625, 7.418206036361744e-23, nan 
-71.875, 78.625, 5.468239443949224e-23, nan 
-71.625, 78.625, 3.946678845480245e-23, nan 
-71.375, 78.625, 3.4694491871780955e-23, nan 
-71.125, 78.625, 5.123663773357108e-23, nan 
-70.875, 78.625, 5.0162198295714254e-23, nan 
-70.625, 78.625, 3.39901433491154e-23, nan 
-70.375, 78.625, 3.601426075486274e-23, nan 
-70.125, 78.625, 3.66665679769318e-23, nan 
-69.875, 78.625, 2.8038337885220923e-23, nan 
-69.625, 78.625, 2.0616558293776735e-23, nan 
-69.375, 78.625, 4.505834893358879e-23, nan 
-69.125, 78.625, 5.023296266419049e-23, nan 
-68.875, 78.625, 4.884883597111703e-23, nan 
-68.625, 78.625, 7.496732410176443e-23, nan 
-68.375, 78.625, 4.518292809430161e-23, nan 
-68.125, 78.625, 5.944610050904887e-23, nan 
-67.875, 78.625, 6.398114466615717e-23, nan 
-67.625, 78.625, 7.379857222547827e-23, nan 
-67.375, 78.625, 7.643454877504968e-23, nan 
-67.125, 78.625, 1.0324585402469968e-22, nan 
-66.875, 78.625, 9.630396326190905e-23, nan 
-66.625, 78.625, 1.1186478437331178e-22, nan 
-66.375, 78.625, 7.514771669072404e-23, nan 
-66.125, 78.625, 6.506542171128622e-23, nan 
-65.875, 78.625, 8.985090618548441e-23, nan 
-65.625, 78.625, 8.681316618171412e-23, nan 
-65.375, 78.625, 1.021048398115761e-22, nan 
-65.125, 78.625, 7.262300656638922e-23, nan 
-64.875, 78.625, 1.030809230119267e-22, nan 
-64.625, 78.625, 1.0911396258816673e-22, nan 
-64.375, 78.625, 1.0163905679728839e-22, nan 
-64.125, 78.625, 5.88609468943389e-23, nan 
-63.875, 78.625, 5.647541135296931e-23, nan 
-63.625, 78.625, 5.94038554199908e-23, nan 
-63.375, 78.625, 5.220833007228439e-23, nan 
-63.125, 78.625, 7.16618819707322e-23, nan 
-62.875, 78.625, 5.784332291652803e-23, nan 
-62.625, 78.625, 4.82430303893631e-23, nan 
-62.375, 78.625, 4.571142873849684e-23, nan 
-62.125, 78.625, 4.7351366982595457e-23, nan 
-61.875, 78.625, 6.574257137639612e-23, nan 
-61.625, 78.625, 9.551563308091388e-23, nan 
-61.375, 78.625, 6.879591116124082e-23, nan 
-61.125, 78.625, 4.6050133212768137e-23, nan 
-60.875, 78.625, 4.2401245013610504e-23, nan 
-60.625, 78.625, 6.298941267393036e-23, nan 
-60.375, 78.625, 9.278334315201096e-23, nan 
-60.125, 78.625, 9.249977632637473e-23, nan 
-59.875, 78.625, 5.844888314001291e-23, nan 
-59.625, 78.625, 6.84055484247408e-23, nan 
-59.375, 78.625, 5.567229319905776e-23, nan 
-59.125, 78.625, 5.0158819878759193e-23, nan 
-58.875, 78.625, 4.43413339795113e-23, nan 
-58.625, 78.625, 2.7829767203453555e-23, nan 
-58.375, 78.625, 3.713507158671578e-23, nan 
-58.125, 78.625, 2.4080427626727213e-23, nan 
-57.875, 78.625, 3.6291984846026994e-23, nan 
-57.625, 78.625, 4.073747275140086e-23, nan 
-57.375, 78.625, 4.5107873787252913e-23, nan 
-57.125, 78.625, 4.376688605207807e-23, nan 
-56.875, 78.625, 2.7278399245969175e-23, nan 
-56.625, 78.625, 2.4775793194697333e-23, nan 
-56.375, 78.625, 3.7748395064212493e-23, nan 
-56.125, 78.625, 4.20684441185362e-23, nan 
-55.875, 78.625, 3.82338352709834e-23, nan 
-55.625, 78.625, 3.368090268084629e-23, nan 
-55.375, 78.625, 4.180469865972267e-23, nan 
-55.125, 78.625, 6.400026542642123e-23, nan 
-54.875, 78.625, 7.660811970149894e-23, nan 
-54.625, 78.625, 7.227531260076429e-23, nan 
-54.375, 78.625, 6.62963068397759e-23, nan 
-54.125, 78.625, 9.273423717913356e-23, nan 
-53.875, 78.625, 9.377543257066219e-23, nan 
-53.625, 78.625, 1.4549950420413975e-22, nan 
-53.375, 78.625, 1.5023240999728557e-22, nan 
-53.125, 78.625, 1.2630702002226703e-22, nan 
-52.875, 78.625, 1.3611004514877013e-22, nan 
-52.625, 78.625, 1.4750790834997182e-22, nan 
-52.375, 78.625, 1.362105934598891e-22, nan 
-52.125, 78.625, 1.2850784278602784e-22, nan 
-51.875, 78.625, 1.299273661942482e-22, nan 
-51.625, 78.625, 1.2164228009233064e-22, nan 
-51.375, 78.625, 1.1125940924502354e-22, nan 
-51.125, 78.625, 1.010078608570071e-22, nan 
-50.875, 78.625, 1.0248756777141791e-22, nan 
-50.625, 78.625, 9.649425192194059e-23, nan 
-50.375, 78.625, 1.073523103821295e-22, nan 
-50.125, 78.625, 8.917570804319468e-23, nan 
-49.875, 78.625, 9.556867219543287e-23, nan 
-49.625, 78.625, 9.958737014440921e-23, nan 
-49.375, 78.625, 8.457531598107209e-23, nan 
-49.125, 78.625, 9.214703917172547e-23, nan 
-48.875, 78.625, 8.922979812277634e-23, nan 
-48.625, 78.625, 8.586979355949219e-23, nan 
-48.375, 78.625, 1.0197011401805292e-22, nan 
-48.125, 78.625, 8.847947304349924e-23, nan 
-47.875, 78.625, 6.967778907854107e-23, nan 
-47.625, 78.625, 5.245941542887009e-23, nan 
-47.375, 78.625, 3.022612969621527e-23, nan 
-47.125, 78.625, 2.7359956245759717e-23, nan 
-46.875, 78.625, 2.956140204617255e-23, nan 
-46.625, 78.625, 3.631180815980092e-23, nan 
-46.375, 78.625, 4.09680008389765e-23, nan 
-46.125, 78.625, 4.0641261430293867e-23, nan 
-45.875, 78.625, 3.988696307930634e-23, nan 
-45.625, 78.625, 3.485001129696309e-23, nan 
-45.375, 78.625, 3.585726118350514e-23, nan 
-45.125, 78.625, 3.619974979151491e-23, nan 
-44.875, 78.625, 3.929358210774198e-23, nan 
-44.625, 78.625, 3.18732454261804e-23, nan 
-44.375, 78.625, 2.6983486662429875e-23, nan 
-44.125, 78.625, 2.770916495426951e-23, nan 
-43.875, 78.625, 3.1487183680772966e-23, nan 
-43.625, 78.625, 3.0898211372781664e-23, nan 
-43.375, 78.625, 3.035867458929807e-23, nan 
-43.125, 78.625, 3.044091661284e-23, nan 
-42.875, 78.625, 2.394412892972835e-23, nan 
-42.625, 78.625, 2.9139059931092847e-23, nan 
-42.375, 78.625, 2.5845127078941764e-23, nan 
-42.125, 78.625, 2.333112522708147e-23, nan 
-41.875, 78.625, 2.804637641396074e-23, nan 
-41.625, 78.625, 3.4682505665689666e-23, nan 
-41.375, 78.625, 5.374832405900836e-23, nan 
-41.125, 78.625, 5.682740676007129e-23, nan 
-40.875, 78.625, 5.050903597024101e-23, nan 
-40.625, 78.625, 2.9971455829148295e-23, nan 
-40.375, 78.625, 3.401719588931742e-23, nan 
-40.125, 78.625, 4.310859190996669e-23, nan 
-39.875, 78.625, 4.458284861772998e-23, nan 
-39.625, 78.625, 4.084233239873664e-23, nan 
-39.375, 78.625, 2.43492385828231e-23, nan 
-39.125, 78.625, 2.2635393024411523e-23, nan 
-38.875, 78.625, 1.9021394241348814e-23, nan 
-38.625, 78.625, 1.670298688935926e-23, nan 
-38.375, 78.625, 2.6433506466833104e-23, nan 
-38.125, 78.625, 2.609298963043978e-23, nan 
-37.875, 78.625, 2.6019672308539788e-23, nan 
-37.625, 78.625, 1.2459636303259828e-23, nan 
-37.375, 78.625, 8.341071578280092e-24, nan 
-37.125, 78.625, 8.733263581140536e-24, nan 
-36.875, 78.625, 4.549570634921907e-24, nan 
-36.625, 78.625, 1.146713139486697e-23, nan 
-36.375, 78.625, 1.6674765458748342e-23, nan 
-36.125, 78.625, 1.9396118382282103e-23, nan 
-35.875, 78.625, 1.7811506405773673e-23, nan 
-35.625, 78.625, 9.849879206655269e-24, nan 
-35.375, 78.625, 1.019148572724336e-23, nan 
-35.125, 78.625, 2.5487275015900104e-23, nan 
-34.875, 78.625, 2.731867827518058e-23, nan 
-34.625, 78.625, 2.572730447468265e-23, nan 
-34.375, 78.625, 2.3681460794501916e-23, nan 
-34.125, 78.625, 9.329186792456128e-24, nan 
-33.875, 78.625, 2.907378836206352e-23, nan 
-33.625, 78.625, 1.9259145108899194e-23, nan 
-33.375, 78.625, 1.8429542872461664e-23, nan 
-33.125, 78.625, 1.8410698334442443e-23, nan 
-32.875, 78.625, 1.675800875941238e-23, nan 
-32.625, 78.625, 2.0607644711886097e-23, nan 
-32.375, 78.625, 1.6360054236827085e-23, nan 
-32.125, 78.625, 2.0808273362191868e-23, nan 
-31.875, 78.625, 2.05840877771587e-23, nan 
-31.625, 78.625, 3.351043512284115e-23, nan 
-31.375, 78.625, 9.648003181477436e-23, nan 
-31.125, 78.625, 8.586137335054363e-23, nan 
-30.875, 78.625, 6.193751457986237e-23, nan 
-30.625, 78.625, 6.695127840722431e-23, nan 
-30.375, 78.625, 9.454452639964467e-23, nan 
-30.125, 78.625, 1.3649776551759612e-22, nan 
-29.875, 78.625, 1.2146955310609905e-22, nan 
-29.625, 78.625, 2.221834603038453e-22, nan 
-29.375, 78.625, 2.8376304178113746e-22, nan 
-29.125, 78.625, 2.7209659490209085e-22, nan 
-28.875, 78.625, 5.928031091259054e-23, nan 
-28.625, 78.625, 1.9346942866651026e-22, nan 
-28.375, 78.625, 4.717979875238732e-22, nan 
-28.125, 78.625, 5.726679075825634e-22, nan 
-27.875, 78.625, 4.758307356356701e-22, nan 
-27.625, 78.625, 6.159950948262778e-23, nan 
-27.375, 78.625, 1.0483041360981186e-22, nan 
-27.125, 78.625, 2.2073414216990236e-22, nan 
-26.875, 78.625, 2.526643087476563e-22, nan 
-26.625, 78.625, 2.089776512172056e-22, nan 
-26.375, 78.625, 6.40925336797442e-23, nan 
-26.125, 78.625, 8.221099718655204e-23, nan 
-25.875, 78.625, 7.362684530049442e-23, nan 
-25.625, 78.625, 5.757193647164694e-23, nan 
-25.375, 78.625, 6.973582810005791e-23, nan 
-25.125, 78.625, 7.029984723060537e-23, nan 
-24.875, 78.625, 7.2038615418711e-23, nan 
-24.625, 78.625, 6.619801772749998e-23, nan 
-24.375, 78.625, 5.0816433514569526e-23, nan 
-24.125, 78.625, 4.758675436925926e-23, nan 
-23.875, 78.625, 5.081178965166989e-23, nan 
-23.625, 78.625, 4.2834868562169625e-23, nan 
-23.375, 78.625, 4.0119255402593464e-23, nan 
-23.125, 78.625, 4.160701253420904e-23, nan 
-22.875, 78.625, 2.870887219609131e-23, nan 
-22.625, 78.625, 2.850416347173933e-23, nan 
-22.375, 78.625, 2.4269229741939557e-23, nan 
-22.125, 78.625, 1.583419488142531e-23, nan 
-21.875, 78.625, 1.586647948950321e-23, nan 
-21.625, 78.625, 1.9367865457890862e-23, nan 
-21.375, 78.625, 2.0404384741599829e-23, nan 
-21.125, 78.625, 2.0684559826952847e-23, nan 
-20.875, 78.625, 2.992734451857644e-23, nan 
-20.625, 78.625, 2.4230293270924762e-23, nan 
-20.375, 78.625, 2.977582466855186e-23, nan 
-20.125, 78.625, 3.0245099583660625e-23, nan 
-19.875, 78.625, 2.7564904110614323e-23, nan 
-19.625, 78.625, 3.005490864305869e-23, nan 
-19.375, 78.625, 3.05376960804326e-23, nan 
-19.125, 78.625, 3.236357882490329e-23, nan 
-18.875, 78.625, 3.312667107112805e-23, nan 
-18.625, 78.625, 2.9477103027188826e-23, nan 
-18.375, 78.625, 3.775277291115924e-23, nan 
-18.125, 78.625, 4.490179309826382e-23, nan 
-17.875, 78.625, 4.5228911624216976e-23, nan 
-17.625, 78.625, 3.8639716741641854e-23, nan 
-17.375, 78.625, 2.550533085429426e-23, nan 
-17.125, 78.625, 2.2909609959041727e-23, nan 
-16.875, 78.625, 2.73894025968867e-23, nan 
-16.625, 78.625, 3.08914564317994e-23, nan 
-16.375, 78.625, 2.343773580496098e-23, nan 
-16.125, 78.625, 1.9458448334448505e-23, nan 
-15.875, 78.625, 1.5229907585951096e-23, nan 
-15.625, 78.625, 1.5516831461544146e-23, nan 
-15.375, 78.625, 2.470794074093999e-23, nan 
-15.125, 78.625, 1.4776393829086755e-23, nan 
-14.875, 78.625, 1.760041088498237e-23, nan 
-14.625, 78.625, 3.469267232910289e-23, nan 
-14.375, 78.625, 1.7696023630594646e-23, nan 
-14.125, 78.625, 2.7121476743438474e-23, nan 
-13.875, 78.625, 2.5859536498207128e-23, nan 
-13.625, 78.625, 1.9897769456767042e-23, nan 
-13.375, 78.625, 4.4421939876297266e-23, nan 
-13.125, 78.625, 2.0633623235674304e-23, nan 
-12.875, 78.625, 3.25765640643603e-23, nan 
-12.625, 78.625, 4.0397857629468437e-23, nan 
-12.375, 78.625, 4.6894113618178213e-23, nan 
-12.125, 78.625, 5.823542996170918e-23, nan 
-11.875, 78.625, 5.110925733338026e-23, nan 
-11.625, 78.625, 5.154988357948745e-23, nan 
-11.375, 78.625, 4.741402197606563e-23, nan 
-11.125, 78.625, 4.74897700066815e-23, nan 
-10.875, 78.625, 3.0457298273007025e-23, nan 
-10.625, 78.625, 2.1482731386064458e-23, nan 
-10.375, 78.625, 1.9572358368214198e-23, nan 
-10.125, 78.625, 1.6065692249694523e-23, nan 
-9.875, 78.625, 3.7655000306747173e-23, nan 
-9.625, 78.625, 4.703214814930497e-23, nan 
-9.375, 78.625, 4.6918147785538317e-23, nan 
-9.125, 78.625, 5.874828512226392e-23, nan 
-8.875, 78.625, 5.483779816050621e-23, nan 
-8.625, 78.625, 6.54862311811305e-23, nan 
-8.375, 78.625, 5.646707448315915e-23, nan 
-8.125, 78.625, 5.469610369621511e-23, nan 
-7.875, 78.625, 5.0782194398825315e-23, nan 
-7.625, 78.625, 4.7589434957336005e-23, nan 
-7.375, 78.625, 4.672535298135258e-23, nan 
-7.125, 78.625, 3.22518598697008e-23, nan 
-6.875, 78.625, 4.157534614976228e-23, nan 
-6.625, 78.625, 2.7995241919224315e-23, nan 
-6.375, 78.625, 5.418131481121841e-23, nan 
-6.125, 78.625, 3.1177312667764887e-23, nan 
-5.875, 78.625, 4.669465781603203e-23, nan 
-5.625, 78.625, 4.997438509498498e-23, nan 
-5.375, 78.625, 5.26088812403671e-23, nan 
-5.125, 78.625, 4.87719065692856e-23, nan 
-4.875, 78.625, 4.9904606944575265e-23, nan 
-4.625, 78.625, 4.4457604061512657e-23, nan 
-4.375, 78.625, 4.1166172065076616e-23, nan 
-4.125, 78.625, 3.177976364517513e-23, nan 
-3.875, 78.625, 2.7221387562239047e-23, nan 
-3.625, 78.625, 2.8076930351251757e-23, nan 
-3.375, 78.625, 1.3039791621780344e-22, nan 
-3.125, 78.625, 1.2736595424483692e-22, nan 
-2.875, 78.625, 1.2063561585689366e-22, nan 
-2.625, 78.625, 1.3995806494857778e-22, nan 
-2.375, 78.625, 1.6259984403454356e-22, nan 
-2.125, 78.625, 1.555833617753842e-22, nan 
-1.875, 78.625, 1.54279980914473e-22, nan 
-1.625, 78.625, 1.445947483106937e-22, nan 
-1.375, 78.625, 1.089032332999161e-22, nan 
-1.125, 78.625, 1.50141928631484e-22, nan 
-0.875, 78.625, 1.5432165767962632e-22, nan 
-0.625, 78.625, 1.554258659757299e-22, nan 
-0.375, 78.625, 1.449776437239193e-22, nan 
-0.125, 78.625, 1.2592636763641524e-22, nan 
0.125, 78.625, 1.163858032396647e-22, nan 
0.375, 78.625, 9.061526108147878e-23, nan 
0.625, 78.625, 7.55257522978615e-23, nan 
0.875, 78.625, 1.2551907332997298e-22, nan 
1.125, 78.625, 7.393870436507604e-23, nan 
1.375, 78.625, 8.27434255350376e-23, nan 
1.625, 78.625, 6.158633431807746e-23, nan 
1.875, 78.625, 5.235199000787272e-23, nan 
2.125, 78.625, 8.44634400957657e-23, nan 
2.375, 78.625, 5.67243312796532e-23, nan 
2.625, 78.625, 7.226856721037965e-23, nan 
2.875, 78.625, 7.21802846343282e-23, nan 
3.125, 78.625, 7.660628054650957e-23, nan 
3.375, 78.625, 4.999913381805255e-23, nan 
3.625, 78.625, 3.6832550149984533e-23, nan 
3.875, 78.625, 5.211124574664433e-23, nan 
4.125, 78.625, 6.495150759698533e-23, nan 
4.375, 78.625, 6.409237199204802e-23, nan 
4.625, 78.625, 4.4388353221924654e-23, nan 
4.875, 78.625, 3.3818370890476844e-23, nan 
5.125, 78.625, 2.5895763623099735e-23, nan 
5.375, 78.625, 2.670875749651385e-23, nan 
5.625, 78.625, 5.38270354029251e-23, nan 
5.875, 78.625, 4.543228626039307e-23, nan 
6.125, 78.625, 5.502737993917448e-23, nan 
6.375, 78.625, 5.81290720519809e-23, nan 
6.625, 78.625, 5.971352694510683e-23, nan 
6.875, 78.625, 5.437499029434854e-23, nan 
7.125, 78.625, 4.957205914144064e-23, nan 
7.375, 78.625, 4.5972085031117553e-23, nan 
7.625, 78.625, 4.2363545439728357e-23, nan 
7.875, 78.625, 4.195513917615281e-23, nan 
8.125, 78.625, 5.382589050833552e-23, nan 
8.375, 78.625, 5.940447506997498e-23, nan 
8.625, 78.625, 5.409519677737759e-23, nan 
8.875, 78.625, 5.0701638344026346e-23, nan 
9.125, 78.625, 5.54207273794142e-23, nan 
9.375, 78.625, 4.394657235762909e-23, nan 
9.625, 78.625, 9.350263625884121e-24, nan 
9.875, 78.625, 3.045804029949369e-23, nan 
10.125, 78.625, 2.5670060689170434e-23, nan 
10.375, 78.625, 2.957970668158503e-23, nan 
10.625, 78.625, 3.011122530697509e-23, nan 
10.875, 78.625, 2.791512728059669e-23, nan 
11.125, 78.625, 5.506942292065517e-23, nan 
11.375, 78.625, 5.693101800570612e-23, nan 
11.625, 78.625, 4.3210658386691555e-24, nan 
11.875, 78.625, 1.2933885850227836e-23, nan 
12.125, 78.625, 1.649544040312101e-23, nan 
12.375, 78.625, 1.4139586050758026e-23, nan 
12.625, 78.625, 1.1389098584406415e-23, nan 
12.875, 78.625, 1.610327415076226e-23, nan 
13.125, 78.625, 1.1889773520432881e-23, nan 
13.375, 78.625, 1.5414964034255997e-23, nan 
13.625, 78.625, 1.6109586682693308e-23, nan 
13.875, 78.625, 1.7847572952621702e-23, nan 
14.125, 78.625, 2.1935890113155834e-23, nan 
14.375, 78.625, 1.5702467468440853e-23, nan 
14.625, 78.625, 1.3513008802405234e-23, nan 
14.875, 78.625, 1.1985182299746326e-23, nan 
15.125, 78.625, 8.643477860368905e-24, nan 
15.375, 78.625, 9.899138263301939e-24, nan 
15.625, 78.625, 1.885286308406934e-23, nan 
15.875, 78.625, 5.2336521153934144e-23, nan 
16.125, 78.625, 7.14916044448934e-23, nan 
16.375, 78.625, 7.176325764077005e-23, nan 
16.625, 78.625, 6.152704402864207e-23, nan 
16.875, 78.625, 6.203665473403098e-23, nan 
17.125, 78.625, 4.7921418439980444e-23, nan 
17.375, 78.625, 5.41172802644765e-23, nan 
17.625, 78.625, 5.455044562472512e-23, nan 
17.875, 78.625, 3.916304276921674e-23, nan 
18.125, 78.625, 3.139432845725065e-23, nan 
18.375, 78.625, 2.1119869375112303e-23, nan 
18.625, 78.625, 2.4678309466493664e-23, nan 
18.875, 78.625, 2.4979813017453844e-23, nan 
19.125, 78.625, 1.835039716371357e-23, nan 
19.375, 78.625, 1.431325120663859e-23, nan 
19.625, 78.625, 1.3231754017070035e-23, nan 
19.875, 78.625, 1.0304853773929672e-23, nan 
20.125, 78.625, 9.103434380201318e-24, nan 
20.375, 78.625, 6.442732215494447e-24, nan 
20.625, 78.625, 3.9883937639678536e-24, nan 
20.875, 78.625, 3.324242851316546e-24, nan 
21.125, 78.625, 2.3197677560633785e-24, nan 
21.375, 78.625, 2.4552222020908396e-24, nan 
21.625, 78.625, 2.7888270274914615e-24, nan 
21.875, 78.625, 2.950441015293162e-23, nan 
22.125, 78.625, 3.9043679720142946e-23, nan 
22.375, 78.625, 1.7912552348422176e-23, nan 
22.625, 78.625, 3.740423861791927e-24, nan 
22.875, 78.625, 3.2024464362647403e-24, nan 
23.125, 78.625, 3.0371335214695346e-24, nan 
23.375, 78.625, 6.270451372574141e-24, nan 
23.625, 78.625, 6.024324209015914e-24, nan 
23.875, 78.625, 5.451527457005106e-24, nan 
24.125, 78.625, 2.8173343589614876e-24, nan 
24.375, 78.625, 1.523095495219798e-24, nan 
24.625, 78.625, 3.249548206083123e-24, nan 
24.875, 78.625, 3.2157001196160612e-24, nan 
25.125, 78.625, 2.7840504815701586e-24, nan 
25.375, 78.625, 1.525811864158784e-24, nan 
25.625, 78.625, 4.771664943581783e-25, nan 
25.875, 78.625, 1.3492857590150538e-24, nan 
26.125, 78.625, 2.421954446687596e-24, nan 
26.375, 78.625, 4.340275777120304e-24, nan 
26.625, 78.625, 1.650669931581718e-24, nan 
26.875, 78.625, 1.5176603155903186e-24, nan 
27.125, 78.625, 5.039998655226548e-24, nan 
27.375, 78.625, 5.9647758161344064e-24, nan 
27.625, 78.625, 8.151615778817334e-24, nan 
27.875, 78.625, 7.35022867431877e-24, nan 
28.125, 78.625, 7.067804432850839e-24, nan 
28.375, 78.625, 6.4916554505294444e-24, nan 
28.625, 78.625, 4.886400550462893e-24, nan 
28.875, 78.625, 4.741878809144077e-24, nan 
29.125, 78.625, 2.0774258375207614e-24, nan 
29.375, 78.625, 1.766677920722617e-24, nan 
29.625, 78.625, 1.4090192634437683e-24, nan 
29.875, 78.625, 1.2916059742648329e-24, nan 
30.125, 78.625, 9.951825960467505e-25, nan 
30.375, 78.625, 1.0350867800029727e-24, nan 
30.625, 78.625, 9.05219483106827e-25, nan 
30.875, 78.625, 7.474681032583146e-25, nan 
31.125, 78.625, 4.612282823378421e-25, nan 
31.375, 78.625, 8.335261257020283e-25, nan 
31.625, 78.625, 1.764593808480321e-24, nan 
31.875, 78.625, 1.2977419240319003e-24, nan 
32.125, 78.625, 1.453479163879731e-24, nan 
32.375, 78.625, 1.4104587372410546e-24, nan 
32.625, 78.625, 6.527627831148951e-25, nan 
32.875, 78.625, 9.46090011030805e-25, nan 
33.125, 78.625, 8.234247969418898e-25, nan 
33.375, 78.625, 6.686652638996835e-25, nan 
33.625, 78.625, 1.613517698372005e-24, nan 
33.875, 78.625, 3.6836292027790476e-25, nan 
34.125, 78.625, 8.397712777630266e-25, nan 
34.375, 78.625, 6.232209147588874e-25, nan 
34.625, 78.625, 9.828881156274954e-25, nan 
34.875, 78.625, 7.986433543131867e-25, nan 
35.125, 78.625, 8.834630590355069e-25, nan 
35.375, 78.625, 6.957190746293734e-25, nan 
35.625, 78.625, 5.307591677008822e-25, nan 
35.875, 78.625, 8.246700200217128e-25, nan 
36.125, 78.625, 9.328384953171492e-25, nan 
36.375, 78.625, 7.164481385816434e-25, nan 
36.625, 78.625, 7.435306710081617e-25, nan 
36.875, 78.625, 6.408074214568081e-25, nan 
37.125, 78.625, 6.3240495986998645e-25, nan 
37.375, 78.625, 7.8020422106455275e-25, nan 
37.625, 78.625, 6.507466210835687e-25, nan 
37.875, 78.625, 6.940522406018884e-25, nan 
38.125, 78.625, 6.435234969440867e-25, nan 
38.375, 78.625, 1.0198608266150207e-24, nan 
38.625, 78.625, 1.2666383216777105e-24, nan 
38.875, 78.625, 1.805583029503364e-24, nan 
39.125, 78.625, 1.6920329969108772e-24, nan 
39.375, 78.625, 1.3438997281650911e-24, nan 
39.625, 78.625, 1.3712917767756046e-24, nan 
39.875, 78.625, 1.2390065826261533e-24, nan 
40.125, 78.625, 1.8505599563841523e-24, nan 
40.375, 78.625, 1.881145411412204e-24, nan 
40.625, 78.625, 1.142755318530738e-24, nan 
40.875, 78.625, 1.1233342637097244e-24, nan 
41.125, 78.625, 5.2282528943939445e-25, nan 
41.375, 78.625, 2.916597536982067e-25, nan 
41.625, 78.625, 7.505359990820418e-25, nan 
41.875, 78.625, 4.217978814640672e-25, nan 
42.125, 78.625, 8.814616237832626e-25, nan 
42.375, 78.625, 5.507337935134967e-25, nan 
42.625, 78.625, 5.057640765973535e-25, nan 
42.875, 78.625, 5.647915739121447e-25, nan 
43.125, 78.625, 3.8910066425839773e-25, nan 
43.375, 78.625, 1.0537768705442858e-24, nan 
43.625, 78.625, 9.321292301901495e-25, nan 
43.875, 78.625, 6.936915506258127e-25, nan 
44.125, 78.625, 1.0054396874407352e-24, nan 
44.375, 78.625, 1.0035842250787268e-24, nan 
44.625, 78.625, 1.3885357049240347e-24, nan 
44.875, 78.625, 1.20339212968003e-24, nan 
45.125, 78.625, 5.4831020338896905e-25, nan 
45.375, 78.625, 8.876527787402875e-25, nan 
45.625, 78.625, 8.712660406464802e-25, nan 
45.875, 78.625, 9.565234657560816e-25, nan 
46.125, 78.625, 9.997118168038393e-25, nan 
46.375, 78.625, 1.1631439243825142e-24, nan 
46.625, 78.625, 8.857327424118378e-25, nan 
46.875, 78.625, 1.2347986098471404e-24, nan 
47.125, 78.625, 8.707577155666692e-25, nan 
47.375, 78.625, 9.823918727536495e-25, nan 
47.625, 78.625, 8.839209625227483e-25, nan 
47.875, 78.625, 1.714410213625033e-24, nan 
48.125, 78.625, 1.2141085095158818e-24, nan 
48.375, 78.625, 1.702283322421698e-24, nan 
48.625, 78.625, 1.3718886094339396e-24, nan 
48.875, 78.625, 1.2931845048527725e-24, nan 
49.125, 78.625, 8.887554588803658e-25, nan 
49.375, 78.625, 7.52457417747115e-25, nan 
49.625, 78.625, 1.7846025255639757e-24, nan 
49.875, 78.625, 1.593670053380915e-24, nan 
50.125, 78.625, 1.4466589083400183e-24, nan 
50.375, 78.625, 6.378788570280663e-25, nan 
50.625, 78.625, 4.969772248089959e-25, nan 
50.875, 78.625, 9.854810675815854e-25, nan 
51.125, 78.625, 8.400856334151751e-25, nan 
51.375, 78.625, 1.0855105375888888e-24, nan 
51.625, 78.625, 1.2607820217478788e-24, nan 
51.875, 78.625, 1.2051815830266973e-24, nan 
52.125, 78.625, 1.3099189431943388e-24, nan 
52.375, 78.625, 8.82421992540926e-25, nan 
52.625, 78.625, 7.461443172106444e-25, nan 
52.875, 78.625, 8.806851016055728e-25, nan 
53.125, 78.625, 7.774680563377089e-25, nan 
53.375, 78.625, 9.787012931909017e-25, nan 
-99.125, 78.875, 3.551974399310591e-23, nan 
-98.875, 78.875, 3.2107140017835334e-23, nan 
-98.625, 78.875, 4.947057335457356e-23, nan 
-98.375, 78.875, 3.843271807230306e-23, nan 
-98.125, 78.875, 4.006049946589975e-23, nan 
-97.875, 78.875, 3.395219613846882e-23, nan 
-97.625, 78.875, 3.0616055262363766e-23, nan 
-97.375, 78.875, 2.7012715038979674e-23, nan 
-97.125, 78.875, 3.360561419651734e-23, nan 
-96.875, 78.875, 2.521553167501475e-23, nan 
-96.625, 78.875, 3.413936181400206e-23, nan 
-96.375, 78.875, 4.22108429952812e-23, nan 
-96.125, 78.875, 2.3442537534034422e-23, nan 
-95.875, 78.875, 3.118110785435711e-23, nan 
-95.625, 78.875, 2.2144999359012942e-23, nan 
-95.375, 78.875, 2.7670956920683693e-23, nan 
-95.125, 78.875, 2.929052277039773e-23, nan 
-94.875, 78.875, 1.688740581677376e-23, nan 
-94.625, 78.875, 2.1041126272119342e-23, nan 
-94.375, 78.875, 8.114771209707514e-24, nan 
-94.125, 78.875, 2.1742954223936195e-23, nan 
-93.875, 78.875, 2.203297787997443e-23, nan 
-93.625, 78.875, 1.935775968420844e-23, nan 
-93.375, 78.875, 2.888469622941289e-23, nan 
-93.125, 78.875, 3.946671590869025e-23, nan 
-92.875, 78.875, 3.348420135943377e-23, nan 
-92.625, 78.875, 2.694772757089646e-23, nan 
-92.375, 78.875, 3.562984275611484e-23, nan 
-92.125, 78.875, 4.884479789559619e-23, nan 
-91.875, 78.875, 5.169751552919327e-23, nan 
-91.625, 78.875, 2.014354562938526e-23, nan 
-91.375, 78.875, 2.744347863770155e-23, nan 
-91.125, 78.875, 1.7462075819832517e-23, nan 
-90.875, 78.875, 3.216364746771316e-23, nan 
-90.625, 78.875, 2.532333885917199e-23, nan 
-90.375, 78.875, 2.992797267759366e-23, nan 
-90.125, 78.875, 3.764286638147535e-23, nan 
-89.875, 78.875, 1.7438400918228363e-23, nan 
-89.625, 78.875, 4.1091784899642483e-23, nan 
-89.375, 78.875, 3.049831810023655e-23, nan 
-89.125, 78.875, 4.02534931506929e-23, nan 
-88.875, 78.875, 4.7269566689040336e-23, nan 
-88.625, 78.875, 3.6929545408597374e-23, nan 
-88.375, 78.875, 3.920845184894099e-23, nan 
-88.125, 78.875, 3.287989389121913e-23, nan 
-87.875, 78.875, 3.4056198001209006e-23, nan 
-87.625, 78.875, 3.951414354449088e-23, nan 
-87.375, 78.875, 3.43726581520528e-23, nan 
-87.125, 78.875, 2.1817208798442013e-23, nan 
-86.875, 78.875, 3.0932275820926293e-23, nan 
-86.625, 78.875, 4.38546823955803e-23, nan 
-86.375, 78.875, 4.9681912619520865e-23, nan 
-86.125, 78.875, 4.5194006909758335e-23, nan 
-85.875, 78.875, 3.5412208376582133e-23, nan 
-85.625, 78.875, 3.2469687142770725e-23, nan 
-85.375, 78.875, 3.145921407683309e-23, nan 
-85.125, 78.875, 2.822035620517659e-23, nan 
-84.875, 78.875, 2.1486121444952047e-23, nan 
-84.625, 78.875, 3.493675912616455e-23, nan 
-84.375, 78.875, 3.534456814851499e-23, nan 
-84.125, 78.875, 3.310499781590484e-23, nan 
-83.875, 78.875, 3.5878562843840587e-23, nan 
-83.625, 78.875, 3.364493468130968e-23, nan 
-83.375, 78.875, 3.569308538277837e-23, nan 
-83.125, 78.875, 3.859296319148439e-23, nan 
-82.875, 78.875, 4.688105207042375e-23, nan 
-82.625, 78.875, 5.414333541506162e-23, nan 
-82.375, 78.875, 5.0854932750075043e-23, nan 
-82.125, 78.875, 5.354667025322154e-23, nan 
-81.875, 78.875, 4.651733227428987e-23, nan 
-81.625, 78.875, 5.434110903832707e-23, nan 
-81.375, 78.875, 6.384486626826662e-23, nan 
-81.125, 78.875, 6.189144829940179e-23, nan 
-80.875, 78.875, 5.357147930377152e-23, nan 
-80.625, 78.875, 5.498047658411409e-23, nan 
-80.375, 78.875, 5.665149795256868e-23, nan 
-80.125, 78.875, 5.719404500905793e-23, nan 
-79.875, 78.875, 8.022200747636635e-23, nan 
-79.625, 78.875, 4.0351166068671696e-23, nan 
-79.375, 78.875, 3.873765678922499e-23, nan 
-79.125, 78.875, 5.168336212128653e-23, nan 
-78.875, 78.875, 6.548065170667159e-23, nan 
-78.625, 78.875, 6.340702498551563e-23, nan 
-78.375, 78.875, 6.333522282722587e-23, nan 
-78.125, 78.875, 5.78126180908643e-23, nan 
-77.875, 78.875, 5.373467019905711e-23, nan 
-77.625, 78.875, 7.141772480277352e-23, nan 
-77.375, 78.875, 5.1493856579449477e-23, nan 
-77.125, 78.875, 5.840738206807921e-23, nan 
-76.875, 78.875, 6.87062000919202e-23, nan 
-76.625, 78.875, 6.680425508406208e-23, nan 
-76.375, 78.875, 4.119419538475328e-23, nan 
-76.125, 78.875, 2.8372810071808505e-23, nan 
-75.875, 78.875, 6.415150063580389e-23, nan 
-75.625, 78.875, 7.539382726454683e-23, nan 
-75.375, 78.875, 6.331510438838246e-23, nan 
-75.125, 78.875, 2.9689463420587364e-23, nan 
-74.875, 78.875, 3.566818520834381e-23, nan 
-74.625, 78.875, 8.076162114814557e-23, nan 
-74.375, 78.875, 4.825735764417794e-23, nan 
-74.125, 78.875, 4.7982090196736076e-23, nan 
-73.875, 78.875, 4.412324082478001e-23, nan 
-73.625, 78.875, 5.380183460722047e-23, nan 
-73.375, 78.875, 5.047916401120826e-23, nan 
-73.125, 78.875, 3.5602286842122235e-23, nan 
-72.875, 78.875, 5.950827942530461e-23, nan 
-72.625, 78.875, 6.236528527296755e-23, nan 
-72.375, 78.875, 7.096136010732256e-23, nan 
-72.125, 78.875, 6.087516857402875e-23, nan 
-71.875, 78.875, 4.365801532780628e-23, nan 
-71.625, 78.875, 3.315809207196151e-23, nan 
-71.375, 78.875, 2.4436388271151021e-23, nan 
-71.125, 78.875, 4.2177273624607525e-23, nan 
-70.875, 78.875, 3.0585916615809786e-23, nan 
-70.625, 78.875, 3.201831193752222e-23, nan 
-70.375, 78.875, 3.4216870449655096e-23, nan 
-70.125, 78.875, 1.8144371884840433e-23, nan 
-69.875, 78.875, 2.817072665763219e-23, nan 
-69.625, 78.875, 1.555076467066054e-23, nan 
-69.375, 78.875, 2.5389147419078333e-23, nan 
-69.125, 78.875, 4.504092291138971e-23, nan 
-68.875, 78.875, 1.9996676459169514e-23, nan 
-68.625, 78.875, 5.33383427114346e-23, nan 
-68.375, 78.875, 2.767057348726204e-23, nan 
-68.125, 78.875, 4.1632611270044945e-23, nan 
-67.875, 78.875, 4.7905687065331755e-23, nan 
-67.625, 78.875, 7.962187026816899e-23, nan 
-67.375, 78.875, 8.925324257894399e-23, nan 
-67.125, 78.875, 8.394785946195112e-23, nan 
-66.875, 78.875, 7.622458194155048e-23, nan 
-66.625, 78.875, 1.0576528552455664e-22, nan 
-66.375, 78.875, 1.3811310906937043e-22, nan 
-66.125, 78.875, 1.3101446755088038e-22, nan 
-65.875, 78.875, 9.545988335484145e-23, nan 
-65.625, 78.875, 9.059288633215976e-23, nan 
-65.375, 78.875, 9.198328447402245e-23, nan 
-65.125, 78.875, 4.343293324419558e-23, nan 
-64.875, 78.875, 1.7287332906490124e-23, nan 
-64.625, 78.875, 2.3211695155104885e-23, nan 
-64.375, 78.875, 3.863092553972416e-23, nan 
-64.125, 78.875, 4.102298160614022e-23, nan 
-63.875, 78.875, 3.7023845727708183e-23, nan 
-63.625, 78.875, 4.117127449493888e-23, nan 
-63.375, 78.875, 4.204476052982746e-23, nan 
-63.125, 78.875, 3.686215082629404e-23, nan 
-62.875, 78.875, 2.7820798257019645e-23, nan 
-62.625, 78.875, 3.017280244153921e-23, nan 
-62.375, 78.875, 3.8600458581501244e-23, nan 
-62.125, 78.875, 4.8356502072607633e-23, nan 
-61.875, 78.875, 4.866798893160348e-23, nan 
-61.625, 78.875, 6.425305919107704e-23, nan 
-61.375, 78.875, 4.5535973433082843e-23, nan 
-61.125, 78.875, 4.089185688990406e-23, nan 
-60.875, 78.875, 4.9366632413142864e-23, nan 
-60.625, 78.875, 5.969686358621618e-23, nan 
-60.375, 78.875, 8.495894724658486e-23, nan 
-60.125, 78.875, 6.818877300536017e-23, nan 
-59.875, 78.875, 5.91582534291491e-23, nan 
-59.625, 78.875, 6.04947567583423e-23, nan 
-59.375, 78.875, 5.2561876553040354e-23, nan 
-59.125, 78.875, 3.9988224052747084e-23, nan 
-58.875, 78.875, 5.694124384030363e-23, nan 
-58.625, 78.875, 4.1393521983315737e-23, nan 
-58.375, 78.875, 4.328832891418534e-23, nan 
-58.125, 78.875, 3.224694683534017e-23, nan 
-57.875, 78.875, 5.2895118988423774e-23, nan 
-57.625, 78.875, 6.610169285119447e-23, nan 
-57.375, 78.875, 6.343943968131861e-23, nan 
-57.125, 78.875, 5.413242823482504e-23, nan 
-56.875, 78.875, 2.267974013423053e-23, nan 
-56.625, 78.875, 4.074905776534606e-23, nan 
-56.375, 78.875, 6.231456428589714e-23, nan 
-56.125, 78.875, 6.062549307032193e-23, nan 
-55.875, 78.875, 4.3384711305020086e-23, nan 
-55.625, 78.875, 2.5690343622306316e-23, nan 
-55.375, 78.875, 2.0242959380019566e-23, nan 
-55.125, 78.875, 4.022248685624267e-23, nan 
-54.875, 78.875, 4.3993839052056713e-23, nan 
-54.625, 78.875, 5.267317655102537e-23, nan 
-54.375, 78.875, 4.070249125846101e-23, nan 
-54.125, 78.875, 3.8346475497828794e-23, nan 
-53.875, 78.875, 5.367967559150018e-23, nan 
-53.625, 78.875, 5.318127453270157e-23, nan 
-53.375, 78.875, 5.90605797091609e-23, nan 
-53.125, 78.875, 5.481640542703932e-23, nan 
-52.875, 78.875, 5.951608165987055e-23, nan 
-52.625, 78.875, 6.461313018009704e-23, nan 
-52.375, 78.875, 5.628129244712949e-23, nan 
-52.125, 78.875, 6.434522713940881e-23, nan 
-51.875, 78.875, 6.637017205920491e-23, nan 
-51.625, 78.875, 6.447414000414811e-23, nan 
-51.375, 78.875, 8.79244801128366e-23, nan 
-51.125, 78.875, 1.0194410691741359e-22, nan 
-50.875, 78.875, 9.634078233287849e-23, nan 
-50.625, 78.875, 9.757541540774586e-23, nan 
-50.375, 78.875, 1.0276957975764991e-22, nan 
-50.125, 78.875, 1.2191482647799881e-22, nan 
-49.875, 78.875, 1.3131510591763556e-22, nan 
-49.625, 78.875, 1.2894532399101836e-22, nan 
-49.375, 78.875, 1.224350277745389e-22, nan 
-49.125, 78.875, 1.0168917676913665e-22, nan 
-48.875, 78.875, 7.928849928865008e-23, nan 
-48.625, 78.875, 8.874740216844277e-23, nan 
-48.375, 78.875, 1.1906748689544281e-22, nan 
-48.125, 78.875, 1.258912743415421e-22, nan 
-47.875, 78.875, 1.13344571597841e-22, nan 
-47.625, 78.875, 7.988559744627228e-23, nan 
-47.375, 78.875, 3.5923243484425224e-23, nan 
-47.125, 78.875, 3.7665604113705435e-23, nan 
-46.875, 78.875, 5.2237000878471465e-23, nan 
-46.625, 78.875, 5.869537246217187e-23, nan 
-46.375, 78.875, 5.2657512857073226e-23, nan 
-46.125, 78.875, 3.6693023128194893e-23, nan 
-45.875, 78.875, 4.34229113678616e-23, nan 
-45.625, 78.875, 3.7198372982475764e-23, nan 
-45.375, 78.875, 3.642040886521191e-23, nan 
-45.125, 78.875, 2.732225602933616e-23, nan 
-44.875, 78.875, 3.556723119220637e-23, nan 
-44.625, 78.875, 3.207400146895214e-23, nan 
-44.375, 78.875, 3.6955911438837415e-23, nan 
-44.125, 78.875, 4.1365910748897225e-23, nan 
-43.875, 78.875, 3.3986044503912484e-23, nan 
-43.625, 78.875, 3.685009920552741e-23, nan 
-43.375, 78.875, 2.8659731766967815e-23, nan 
-43.125, 78.875, 2.8761266341483125e-23, nan 
-42.875, 78.875, 2.7059937867865684e-23, nan 
-42.625, 78.875, 2.805997639498562e-23, nan 
-42.375, 78.875, 2.8733971881260265e-23, nan 
-42.125, 78.875, 2.992386421065328e-23, nan 
-41.875, 78.875, 2.19224819408275e-23, nan 
-41.625, 78.875, 2.1888921689821406e-23, nan 
-41.375, 78.875, 3.186426802221579e-23, nan 
-41.125, 78.875, 3.748138802461994e-23, nan 
-40.875, 78.875, 3.4447289737185147e-23, nan 
-40.625, 78.875, 2.1113592074391043e-23, nan 
-40.375, 78.875, 2.463670102744642e-23, nan 
-40.125, 78.875, 1.865193146258639e-23, nan 
-39.875, 78.875, 2.6188368166866303e-23, nan 
-39.625, 78.875, 2.2996635661936757e-23, nan 
-39.375, 78.875, 2.294316981694766e-23, nan 
-39.125, 78.875, 2.0375538119412013e-23, nan 
-38.875, 78.875, 1.4348794354516324e-23, nan 
-38.625, 78.875, 1.53927321105106e-23, nan 
-38.375, 78.875, 3.9759169540211524e-23, nan 
-38.125, 78.875, 3.5801323179379993e-23, nan 
-37.875, 78.875, 2.5094693302141724e-23, nan 
-37.625, 78.875, 2.0139556320591032e-23, nan 
-37.375, 78.875, 1.6927164507176584e-23, nan 
-37.125, 78.875, 2.68854981867668e-23, nan 
-36.875, 78.875, 2.4858039658399554e-23, nan 
-36.625, 78.875, 2.398520153276747e-23, nan 
-36.375, 78.875, 2.78988127160376e-23, nan 
-36.125, 78.875, 2.3377841044253783e-23, nan 
-35.875, 78.875, 2.99385022204304e-23, nan 
-35.625, 78.875, 2.918761597458066e-23, nan 
-35.375, 78.875, 2.1971756512537533e-23, nan 
-35.125, 78.875, 2.189798288227503e-23, nan 
-34.875, 78.875, 2.3424679437303688e-23, nan 
-34.625, 78.875, 2.181583579260964e-23, nan 
-34.375, 78.875, 2.32987698608114e-23, nan 
-34.125, 78.875, 1.936672455824529e-23, nan 
-33.875, 78.875, 3.073547364918918e-23, nan 
-33.625, 78.875, 3.3863205114223785e-23, nan 
-33.375, 78.875, 3.2886527738388376e-23, nan 
-33.125, 78.875, 2.6972868357606e-23, nan 
-32.875, 78.875, 2.392915111185727e-23, nan 
-32.625, 78.875, 2.715780106847435e-23, nan 
-32.375, 78.875, 2.2569179950385825e-23, nan 
-32.125, 78.875, 2.313616072932046e-23, nan 
-31.875, 78.875, 2.7178185543575236e-23, nan 
-31.625, 78.875, 2.1383025845090536e-23, nan 
-31.375, 78.875, 2.7805926706348635e-23, nan 
-31.125, 78.875, 4.2393725205320336e-23, nan 
-30.875, 78.875, 6.818577154255515e-23, nan 
-30.625, 78.875, 7.616168313009598e-23, nan 
-30.375, 78.875, 8.514400998505877e-23, nan 
-30.125, 78.875, 9.351995200678818e-23, nan 
-29.875, 78.875, 6.817456568267629e-23, nan 
-29.625, 78.875, 8.383111178234454e-23, nan 
-29.375, 78.875, 8.824181316198338e-23, nan 
-29.125, 78.875, 9.478878284255296e-23, nan 
-28.875, 78.875, 8.514116245104077e-23, nan 
-28.625, 78.875, 1.2742393444082605e-22, nan 
-28.375, 78.875, 2.395992471888639e-22, nan 
-28.125, 78.875, 2.769785315099787e-22, nan 
-27.875, 78.875, 2.2497222182774002e-22, nan 
-27.625, 78.875, 5.777444249155366e-23, nan 
-27.375, 78.875, 2.9095278355148744e-23, nan 
-27.125, 78.875, 2.834191466346151e-23, nan 
-26.875, 78.875, 3.764886998900152e-23, nan 
-26.625, 78.875, 2.5943026280451545e-23, nan 
-26.375, 78.875, 2.3022123302045737e-23, nan 
-26.125, 78.875, 2.7415444380504033e-23, nan 
-25.875, 78.875, 3.642559600724402e-23, nan 
-25.625, 78.875, 4.3953639203545097e-23, nan 
-25.375, 78.875, 5.656958548283756e-23, nan 
-25.125, 78.875, 4.904583503104965e-23, nan 
-24.875, 78.875, 6.0197403761596e-23, nan 
-24.625, 78.875, 5.572877503402925e-23, nan 
-24.375, 78.875, 3.262719048750793e-23, nan 
-24.125, 78.875, 4.471961272440876e-23, nan 
-23.875, 78.875, 4.3870687058240047e-23, nan 
-23.625, 78.875, 4.3171896177071845e-23, nan 
-23.375, 78.875, 4.165880056653625e-23, nan 
-23.125, 78.875, 4.1390330338119904e-23, nan 
-22.875, 78.875, 3.436728063816933e-23, nan 
-22.625, 78.875, 2.6274158709740327e-23, nan 
-22.375, 78.875, 2.1777940049582218e-23, nan 
-22.125, 78.875, 2.947729512210205e-23, nan 
-21.875, 78.875, 3.157721682937609e-23, nan 
-21.625, 78.875, 4.081499635397856e-23, nan 
-21.375, 78.875, 3.405733285131779e-23, nan 
-21.125, 78.875, 3.6877654078977486e-23, nan 
-20.875, 78.875, 3.055198046065272e-23, nan 
-20.625, 78.875, 3.143160775592327e-23, nan 
-20.375, 78.875, 3.792383993809768e-23, nan 
-20.125, 78.875, 3.4007625795461735e-23, nan 
-19.875, 78.875, 3.270742769646306e-23, nan 
-19.625, 78.875, 2.346844087568092e-23, nan 
-19.375, 78.875, 2.337207502926917e-23, nan 
-19.125, 78.875, 2.3202018514153042e-23, nan 
-18.875, 78.875, 1.9904277723588903e-23, nan 
-18.625, 78.875, 2.5330527717164644e-23, nan 
-18.375, 78.875, 2.4121607720227614e-23, nan 
-18.125, 78.875, 3.1547727937572504e-23, nan 
-17.875, 78.875, 3.0215883186520265e-23, nan 
-17.625, 78.875, 2.990825390192307e-23, nan 
-17.375, 78.875, 2.133390484407798e-23, nan 
-17.125, 78.875, 1.605526939057365e-23, nan 
-16.875, 78.875, 1.9279139275377414e-23, nan 
-16.625, 78.875, 1.2617115098948939e-23, nan 
-16.375, 78.875, 1.2630398860484968e-23, nan 
-16.125, 78.875, 1.713634991509434e-23, nan 
-15.875, 78.875, 2.3368270276442926e-23, nan 
-15.625, 78.875, 1.7678131202570953e-23, nan 
-15.375, 78.875, 2.059280144452855e-23, nan 
-15.125, 78.875, 1.811567369328374e-23, nan 
-14.875, 78.875, 1.173866311705072e-23, nan 
-14.625, 78.875, 2.0034359340062664e-23, nan 
-14.375, 78.875, 2.168179560621341e-23, nan 
-14.125, 78.875, 2.5415703370122656e-23, nan 
-13.875, 78.875, 4.3859265773073875e-23, nan 
-13.625, 78.875, 6.013083076546897e-23, nan 
-13.375, 78.875, 5.396023119587518e-23, nan 
-13.125, 78.875, 4.8841357782287334e-23, nan 
-12.875, 78.875, 5.12012780818375e-23, nan 
-12.625, 78.875, 4.585447355240065e-23, nan 
-12.375, 78.875, 6.729228570963172e-23, nan 
-12.125, 78.875, 7.451968453228658e-23, nan 
-11.875, 78.875, 7.737616431337452e-23, nan 
-11.625, 78.875, 7.630936624923334e-23, nan 
-11.375, 78.875, 5.971548398714121e-23, nan 
-11.125, 78.875, 4.2134303959795627e-23, nan 
-10.875, 78.875, 4.51436256020027e-23, nan 
-10.625, 78.875, 6.997505574614414e-23, nan 
-10.375, 78.875, 8.612548244387728e-23, nan 
-10.125, 78.875, 7.165577546257222e-23, nan 
-9.875, 78.875, 5.542802981077033e-23, nan 
-9.625, 78.875, 4.9098312601914286e-23, nan 
-9.375, 78.875, 6.095207226437376e-23, nan 
-9.125, 78.875, 8.012431745787203e-23, nan 
-8.875, 78.875, 7.214017161493899e-23, nan 
-8.625, 78.875, 7.363212274163643e-23, nan 
-8.375, 78.875, 5.0531509419910826e-23, nan 
-8.125, 78.875, 5.987746573684531e-23, nan 
-7.875, 78.875, 4.395106497508287e-23, nan 
-7.625, 78.875, 7.508743276482476e-23, nan 
-7.375, 78.875, 5.970884840318575e-23, nan 
-7.125, 78.875, 6.796382178562087e-23, nan 
-6.875, 78.875, 1.3229406895701493e-22, nan 
-6.625, 78.875, 5.2790017517529393e-23, nan 
-6.375, 78.875, 1.1002449663251896e-22, nan 
-6.125, 78.875, 1.6584581318471475e-22, nan 
-5.875, 78.875, 1.8335870502138186e-22, nan 
-5.625, 78.875, 1.9410271607513515e-22, nan 
-5.375, 78.875, 1.9380436791164375e-22, nan 
-5.125, 78.875, 1.8642470748640958e-22, nan 
-4.875, 78.875, 1.7490817590436297e-22, nan 
-4.625, 78.875, 2.1255098225270793e-22, nan 
-4.375, 78.875, 2.045640458171965e-22, nan 
-4.125, 78.875, 1.9302796738483491e-22, nan 
-3.875, 78.875, 1.4903317999490916e-22, nan 
-3.625, 78.875, 1.6827480168641117e-22, nan 
-3.375, 78.875, 1.7968624585628802e-22, nan 
-3.125, 78.875, 1.750892838500217e-22, nan 
-2.875, 78.875, 1.713923152896887e-22, nan 
-2.625, 78.875, 1.5025603531971694e-22, nan 
-2.375, 78.875, 1.7148475589273401e-22, nan 
-2.125, 78.875, 1.0903436079923177e-22, nan 
-1.875, 78.875, 1.1402495948277951e-22, nan 
-1.625, 78.875, 9.842613413727577e-23, nan 
-1.375, 78.875, 4.239829313688089e-23, nan 
-1.125, 78.875, 4.11426139032607e-23, nan 
-0.875, 78.875, 4.947747326095535e-23, nan 
-0.625, 78.875, 2.458843351368259e-23, nan 
-0.375, 78.875, 3.4244412022143745e-23, nan 
-0.125, 78.875, 3.2318703212476374e-23, nan 
0.125, 78.875, 8.239820271249641e-23, nan 
0.375, 78.875, 8.359050637080043e-23, nan 
0.625, 78.875, 5.877640998101716e-23, nan 
0.875, 78.875, 6.788520455523249e-23, nan 
1.125, 78.875, 4.693970845189288e-23, nan 
1.375, 78.875, 6.517813044086679e-23, nan 
1.625, 78.875, 4.579521694038679e-23, nan 
1.875, 78.875, 4.112975698849612e-23, nan 
2.125, 78.875, 4.7718029179527115e-23, nan 
2.375, 78.875, 5.2628848903641774e-23, nan 
2.625, 78.875, 6.039019036376874e-23, nan 
2.875, 78.875, 5.2601507101783355e-23, nan 
3.125, 78.875, 5.964370264345035e-23, nan 
3.375, 78.875, 4.287695514251279e-23, nan 
3.625, 78.875, 2.6713228428682515e-23, nan 
3.875, 78.875, 2.1267904164166761e-23, nan 
4.125, 78.875, 3.0632702180201587e-23, nan 
4.375, 78.875, 6.692421477585068e-23, nan 
4.625, 78.875, 4.7821711044253404e-23, nan 
4.875, 78.875, 7.060469114083747e-23, nan 
5.125, 78.875, 7.825457988749971e-23, nan 
5.375, 78.875, 9.17263992864728e-23, nan 
5.625, 78.875, 7.40480622682326e-23, nan 
5.875, 78.875, 6.077689258203872e-23, nan 
6.125, 78.875, 8.829458798036295e-23, nan 
6.375, 78.875, 8.664618728628669e-23, nan 
6.625, 78.875, 8.292845219005955e-23, nan 
6.875, 78.875, 4.7933946823684653e-23, nan 
7.125, 78.875, 5.511159165599213e-23, nan 
7.375, 78.875, 4.527439759846914e-23, nan 
7.625, 78.875, 4.849511188037262e-23, nan 
7.875, 78.875, 5.297362049669734e-23, nan 
8.125, 78.875, 5.565925490123071e-23, nan 
8.375, 78.875, 6.684242403124028e-23, nan 
8.625, 78.875, 6.042652584018146e-23, nan 
8.875, 78.875, 5.251094903437478e-23, nan 
9.125, 78.875, 4.6027298770300834e-23, nan 
9.375, 78.875, 4.014851297409752e-23, nan 
9.625, 78.875, 4.9340693116607694e-23, nan 
9.875, 78.875, 8.146518610759248e-23, nan 
10.125, 78.875, 7.394653220187771e-23, nan 
10.375, 78.875, 3.318495439851506e-23, nan 
10.625, 78.875, 4.6290589506976267e-23, nan 
10.875, 78.875, 6.178695736629212e-23, nan 
11.125, 78.875, 9.460783287276253e-23, nan 
11.375, 78.875, 9.390313429018905e-23, nan 
11.625, 78.875, 5.995322375085521e-23, nan 
11.875, 78.875, 7.130869492549561e-23, nan 
12.125, 78.875, 7.416888353771333e-23, nan 
12.375, 78.875, 8.861061132701044e-23, nan 
12.625, 78.875, 8.190921668914602e-23, nan 
12.875, 78.875, 6.509120180947349e-23, nan 
13.125, 78.875, 3.7180414896062183e-23, nan 
13.375, 78.875, 2.9984144516911247e-23, nan 
13.625, 78.875, 3.015409395584647e-23, nan 
13.875, 78.875, 2.7889759509171015e-23, nan 
14.125, 78.875, 2.5865494953259828e-23, nan 
14.375, 78.875, 1.08814348353206e-23, nan 
14.625, 78.875, 3.878501589303194e-23, nan 
14.875, 78.875, 6.631555259662554e-23, nan 
15.125, 78.875, 6.667589293973709e-23, nan 
15.375, 78.875, 6.312763551966929e-23, nan 
15.625, 78.875, 5.362021737578294e-23, nan 
15.875, 78.875, 5.467423752051626e-23, nan 
16.125, 78.875, 8.643294147751031e-23, nan 
16.375, 78.875, 9.285573305677508e-23, nan 
16.625, 78.875, 8.918073373521691e-23, nan 
16.875, 78.875, 8.712853891419957e-23, nan 
17.125, 78.875, 7.164342185180027e-23, nan 
17.375, 78.875, 5.548264120331156e-23, nan 
17.625, 78.875, 4.286033097083084e-23, nan 
17.875, 78.875, 4.088951173024637e-23, nan 
18.125, 78.875, 4.0477913546259063e-23, nan 
18.375, 78.875, 4.1847884824089025e-23, nan 
18.625, 78.875, 3.317094126142706e-23, nan 
18.875, 78.875, 2.5451832401081884e-23, nan 
19.125, 78.875, 6.088897245890648e-23, nan 
19.375, 78.875, 6.667813299775657e-23, nan 
19.625, 78.875, 6.742312062961085e-23, nan 
19.875, 78.875, 6.892657650761122e-23, nan 
20.125, 78.875, 6.935069189106988e-23, nan 
20.375, 78.875, 6.604123301466676e-23, nan 
20.625, 78.875, 7.298752297783394e-23, nan 
20.875, 78.875, 7.73534014294469e-23, nan 
21.125, 78.875, 6.656488840474962e-23, nan 
21.375, 78.875, 6.193643215515777e-23, nan 
21.625, 78.875, 6.137255067454667e-23, nan 
21.875, 78.875, 5.709488952519758e-23, nan 
22.125, 78.875, 6.86021043632066e-23, nan 
22.375, 78.875, 4.70558288504256e-23, nan 
22.625, 78.875, 4.393544858112993e-23, nan 
22.875, 78.875, 9.115503022610968e-24, nan 
23.125, 78.875, 2.6134898795886653e-23, nan 
23.375, 78.875, 3.423374738083053e-23, nan 
23.625, 78.875, 1.465120582432665e-23, nan 
23.875, 78.875, 7.084834055753222e-24, nan 
24.125, 78.875, 4.201443163486893e-24, nan 
24.375, 78.875, 2.573943679870159e-24, nan 
24.625, 78.875, 3.390528466034509e-24, nan 
24.875, 78.875, 2.828123822157165e-23, nan 
25.125, 78.875, 3.5872979105764046e-23, nan 
25.375, 78.875, 2.683171815702506e-23, nan 
25.625, 78.875, 2.4654616449210813e-23, nan 
25.875, 78.875, 2.974898166050589e-23, nan 
26.125, 78.875, 1.9323305340449936e-23, nan 
26.375, 78.875, 1.3905794513167315e-23, nan 
26.625, 78.875, 1.0581544105730372e-23, nan 
26.875, 78.875, 6.810643092338217e-24, nan 
27.125, 78.875, 9.0927789311546e-24, nan 
27.375, 78.875, 1.0801255751717871e-23, nan 
27.625, 78.875, 1.268657249409878e-23, nan 
27.875, 78.875, 1.5403801810279333e-23, nan 
28.125, 78.875, 1.3271380774059068e-23, nan 
28.375, 78.875, 1.0218261021057894e-23, nan 
28.625, 78.875, 6.463623698250203e-24, nan 
28.875, 78.875, 6.174792258129944e-24, nan 
29.125, 78.875, 7.516148103472156e-24, nan 
29.375, 78.875, 7.212396807698842e-24, nan 
29.625, 78.875, 5.470567304869498e-24, nan 
29.875, 78.875, 4.014723088823198e-24, nan 
30.125, 78.875, 2.6636503200731513e-24, nan 
30.375, 78.875, 1.618440114636422e-24, nan 
30.625, 78.875, 1.3422188805804155e-24, nan 
30.875, 78.875, 2.2080887308964165e-24, nan 
31.125, 78.875, 2.973526403513879e-24, nan 
31.375, 78.875, 2.5447161223124233e-24, nan 
31.625, 78.875, 3.155158140342301e-24, nan 
31.875, 78.875, 3.5542785260756884e-24, nan 
32.125, 78.875, 3.970762690051757e-24, nan 
32.375, 78.875, 3.1627449158273208e-24, nan 
32.625, 78.875, 2.928783343108806e-24, nan 
32.875, 78.875, 2.7239236023820508e-24, nan 
33.125, 78.875, 2.716699065482601e-24, nan 
33.375, 78.875, 2.320417202031989e-24, nan 
33.625, 78.875, 2.6068623488623723e-24, nan 
33.875, 78.875, 1.6885405067506818e-24, nan 
34.125, 78.875, 2.032644425520959e-24, nan 
34.375, 78.875, 1.3023750362585933e-24, nan 
34.625, 78.875, 1.4254103933419332e-24, nan 
34.875, 78.875, 9.078319306423932e-25, nan 
35.125, 78.875, 8.027947059809699e-25, nan 
35.375, 78.875, 1.0320272497685157e-24, nan 
35.625, 78.875, 3.704190121127459e-25, nan 
35.875, 78.875, 5.543048155630081e-25, nan 
36.125, 78.875, 6.0503831687867745e-25, nan 
36.375, 78.875, 8.149646478768585e-25, nan 
36.625, 78.875, 8.29474246235036e-25, nan 
36.875, 78.875, 5.615269660542749e-25, nan 
37.125, 78.875, 5.891333789034977e-25, nan 
37.375, 78.875, 4.894991284067356e-25, nan 
37.625, 78.875, 5.279344080850476e-25, nan 
37.875, 78.875, 6.617757573410658e-25, nan 
38.125, 78.875, 6.979799269851775e-25, nan 
38.375, 78.875, 8.974847732990651e-25, nan 
38.625, 78.875, 6.677643010407954e-25, nan 
38.875, 78.875, 6.904286935926426e-25, nan 
39.125, 78.875, 7.13938327896771e-25, nan 
39.375, 78.875, 8.538266558855128e-25, nan 
39.625, 78.875, 7.3235407405366335e-25, nan 
39.875, 78.875, 8.779346317342688e-25, nan 
40.125, 78.875, 1.0805402283467299e-24, nan 
40.375, 78.875, 9.64601570200818e-25, nan 
40.625, 78.875, 9.965183141187719e-25, nan 
40.875, 78.875, 1.0710262235908347e-24, nan 
41.125, 78.875, 8.263212125062487e-25, nan 
41.375, 78.875, 9.40345435638022e-25, nan 
41.625, 78.875, 9.16288655864326e-25, nan 
41.875, 78.875, 4.68360358910079e-25, nan 
42.125, 78.875, 6.017581613235415e-25, nan 
42.375, 78.875, 3.0542407937059555e-25, nan 
42.625, 78.875, 9.738882820405148e-25, nan 
42.875, 78.875, 1.291402643607381e-24, nan 
43.125, 78.875, 3.014170090805705e-25, nan 
43.375, 78.875, 6.06705257670155e-25, nan 
43.625, 78.875, 1.8533453406421708e-25, nan 
43.875, 78.875, 8.991517627719425e-25, nan 
44.125, 78.875, 7.594192146717052e-25, nan 
44.375, 78.875, 4.650118884179154e-25, nan 
44.625, 78.875, 4.904706502128185e-25, nan 
44.875, 78.875, 2.0519151553469985e-25, nan 
45.125, 78.875, 3.7466200890317284e-25, nan 
45.375, 78.875, 6.633905965320612e-25, nan 
45.625, 78.875, 5.25694596419753e-25, nan 
45.875, 78.875, 7.048637284132491e-25, nan 
46.125, 78.875, 6.629427361483824e-25, nan 
46.375, 78.875, 8.170136654950288e-25, nan 
46.625, 78.875, 6.485564062580738e-25, nan 
46.875, 78.875, 1.1084666043918533e-24, nan 
47.125, 78.875, 9.540933001409693e-25, nan 
47.375, 78.875, 8.604129872108272e-25, nan 
47.625, 78.875, 1.456389545233217e-24, nan 
47.875, 78.875, 1.3877322824373168e-24, nan 
48.125, 78.875, 1.6499444980099531e-24, nan 
48.375, 78.875, 1.271182825076871e-24, nan 
48.625, 78.875, 1.097302414280324e-24, nan 
48.875, 78.875, 1.6861628905359674e-24, nan 
49.125, 78.875, 1.3665093875379288e-24, nan 
49.375, 78.875, 1.6872779642780614e-24, nan 
49.625, 78.875, 1.4932751714016517e-24, nan 
49.875, 78.875, 1.3563131321694797e-24, nan 
50.125, 78.875, 8.883504893961866e-25, nan 
50.375, 78.875, 7.577869924285225e-25, nan 
50.625, 78.875, 8.749720888917013e-25, nan 
50.875, 78.875, 8.001468554838032e-25, nan 
51.125, 78.875, 6.926498117324511e-25, nan 
51.375, 78.875, 5.940892155646926e-25, nan 
51.625, 78.875, 5.808205125723255e-25, nan 
51.875, 78.875, 6.79601715577801e-25, nan 
52.125, 78.875, 5.806875103084853e-25, nan 
52.375, 78.875, 6.413784630920924e-25, nan 
52.625, 78.875, 6.761747150289871e-25, nan 
52.875, 78.875, 6.955806124113693e-25, nan 
53.125, 78.875, 6.156347830563592e-25, nan 
53.375, 78.875, 8.734951993577855e-25, nan 
53.625, 78.875, 4.897330856108194e-25, nan 
53.875, 78.875, 5.61791802383129e-25, nan 
54.125, 78.875, 5.893490416863052e-25, nan 
54.375, 78.875, 5.170583168194815e-25, nan 
54.625, 78.875, 6.418997986021439e-25, nan 
54.875, 78.875, 3.514094627835497e-25, nan 
55.125, 78.875, 7.298707249428313e-25, nan 
55.375, 78.875, 8.208372371516886e-25, nan 
55.625, 78.875, 2.8608763405305664e-25, nan 
55.875, 78.875, 3.4410865742329046e-25, nan 
56.125, 78.875, 4.238808552332388e-25, nan 
-99.625, 79.125, 1.8396341492838702e-23, nan 
-99.375, 79.125, 2.610490269034926e-23, nan 
-99.125, 79.125, 2.4541242107323017e-23, nan 
-98.875, 79.125, 2.8134422548814716e-23, nan 
-98.625, 79.125, 3.1150583301501476e-23, nan 
-98.375, 79.125, 2.8410149149873317e-23, nan 
-98.125, 79.125, 4.502043023738345e-23, nan 
-97.875, 79.125, 4.6361581491796546e-23, nan 
-97.625, 79.125, 3.8490264699850884e-23, nan 
-97.375, 79.125, 2.8808868013466573e-23, nan 
-97.125, 79.125, 2.9374500377073177e-23, nan 
-96.875, 79.125, 3.7622734062984354e-23, nan 
-96.625, 79.125, 3.062016819674573e-23, nan 
-96.375, 79.125, 2.808124100578379e-23, nan 
-96.125, 79.125, 1.8507850181017875e-23, nan 
-95.875, 79.125, 3.555043559933687e-23, nan 
-95.625, 79.125, 3.324611276726508e-23, nan 
-95.375, 79.125, 3.3441029587866024e-23, nan 
-95.125, 79.125, 2.716867409055047e-23, nan 
-94.875, 79.125, 2.4657772946387176e-23, nan 
-94.625, 79.125, 1.5920324370554858e-23, nan 
-94.375, 79.125, 1.4977353772056248e-23, nan 
-94.125, 79.125, 2.682620039963154e-23, nan 
-93.875, 79.125, 2.2951148940296e-23, nan 
-93.625, 79.125, 3.808117431313664e-23, nan 
-93.375, 79.125, 4.555523113987897e-23, nan 
-93.125, 79.125, 3.9289966373962337e-23, nan 
-92.875, 79.125, 2.758167214451129e-23, nan 
-92.625, 79.125, 2.4616537641744047e-23, nan 
-92.375, 79.125, 4.563411478124128e-23, nan 
-92.125, 79.125, 6.592021941934701e-23, nan 
-91.875, 79.125, 5.763685044211931e-23, nan 
-91.625, 79.125, 3.7224356431885425e-23, nan 
-91.375, 79.125, 3.3115644065888973e-23, nan 
-91.125, 79.125, 1.832281439438931e-23, nan 
-90.875, 79.125, 2.9984609890350943e-23, nan 
-90.625, 79.125, 3.10781630481211e-23, nan 
-90.375, 79.125, 2.371871752060007e-23, nan 
-90.125, 79.125, 1.9246895987718544e-23, nan 
-89.875, 79.125, 2.6154943245266717e-23, nan 
-89.625, 79.125, 3.3432326803284706e-23, nan 
-89.375, 79.125, 5.063021004070688e-23, nan 
-89.125, 79.125, 3.851445576375393e-23, nan 
-88.875, 79.125, 3.3543065198586973e-23, nan 
-88.625, 79.125, 3.562500843972253e-23, nan 
-88.375, 79.125, 2.8390041204831775e-23, nan 
-88.125, 79.125, 2.528439561965721e-23, nan 
-87.875, 79.125, 2.8598105900917447e-23, nan 
-87.625, 79.125, 3.3264977764463523e-23, nan 
-87.375, 79.125, 4.031284307856866e-23, nan 
-87.125, 79.125, 3.411312757920951e-23, nan 
-86.875, 79.125, 2.473593352507286e-23, nan 
-86.625, 79.125, 2.831930641631508e-23, nan 
-86.375, 79.125, 3.6056584313995656e-23, nan 
-86.125, 79.125, 5.484219851724499e-23, nan 
-85.875, 79.125, 5.270808169918291e-23, nan 
-85.625, 79.125, 3.426070377518348e-23, nan 
-85.375, 79.125, 3.109419580152202e-23, nan 
-85.125, 79.125, 4.5957304979801986e-23, nan 
-84.875, 79.125, 4.390129107200987e-23, nan 
-84.625, 79.125, 4.103651808525471e-23, nan 
-84.375, 79.125, 5.2021403867575554e-23, nan 
-84.125, 79.125, 3.57814328264515e-23, nan 
-83.875, 79.125, 4.266779401590897e-23, nan 
-83.625, 79.125, 5.326380310944579e-23, nan 
-83.375, 79.125, 7.174401970242579e-23, nan 
-83.125, 79.125, 7.574971751936145e-23, nan 
-82.875, 79.125, 7.505314436880148e-23, nan 
-82.625, 79.125, 9.124255797108111e-23, nan 
-82.375, 79.125, 8.113126539953727e-23, nan 
-82.125, 79.125, 7.042631615399627e-23, nan 
-81.875, 79.125, 7.054498805473841e-23, nan 
-81.625, 79.125, 6.973457388942904e-23, nan 
-81.375, 79.125, 7.744780191449574e-23, nan 
-81.125, 79.125, 7.745105524490487e-23, nan 
-80.875, 79.125, 5.484026175375595e-23, nan 
-80.625, 79.125, 5.644482421260488e-23, nan 
-80.375, 79.125, 4.17213119085851e-23, nan 
-80.125, 79.125, 8.926932794136672e-23, nan 
-79.875, 79.125, 8.129226830793983e-23, nan 
-79.625, 79.125, 7.179227409165975e-23, nan 
-79.375, 79.125, 3.791380873019119e-23, nan 
-79.125, 79.125, 4.244707634329177e-23, nan 
-78.875, 79.125, 8.886994927707857e-23, nan 
-78.625, 79.125, 8.387811284186395e-23, nan 
-78.375, 79.125, 8.855630154007873e-23, nan 
-78.125, 79.125, 4.412690351775136e-23, nan 
-77.875, 79.125, 3.535031436927692e-23, nan 
-77.625, 79.125, 3.267116320997861e-23, nan 
-77.375, 79.125, 3.741819344159945e-23, nan 
-77.125, 79.125, 3.6959661980205374e-23, nan 
-76.875, 79.125, 1.69685490446178e-23, nan 
-76.625, 79.125, 2.790785017350675e-23, nan 
-76.375, 79.125, 3.062865824960945e-23, nan 
-76.125, 79.125, 4.033165935673933e-23, nan 
-75.875, 79.125, 4.4276368150620363e-23, nan 
-75.625, 79.125, 3.967696173995327e-23, nan 
-75.375, 79.125, 2.2878796357873774e-23, nan 
-75.125, 79.125, 4.274198381506967e-23, nan 
-74.875, 79.125, 4.3173429328374784e-23, nan 
-74.625, 79.125, 3.616089360312084e-23, nan 
-74.375, 79.125, 4.5999456018047117e-23, nan 
-74.125, 79.125, 1.9238991967650573e-23, nan 
-73.875, 79.125, 2.1521886875336016e-23, nan 
-73.625, 79.125, 1.9226020322897774e-23, nan 
-73.375, 79.125, 4.178296426648054e-23, nan 
-73.125, 79.125, 5.1537128402022367e-23, nan 
-72.875, 79.125, 2.89646517656271e-23, nan 
-72.625, 79.125, 4.0073769301477634e-23, nan 
-72.375, 79.125, 4.397169581882512e-23, nan 
-72.125, 79.125, 5.2841853671481085e-23, nan 
-71.875, 79.125, 5.169463329131952e-23, nan 
-71.625, 79.125, 4.2553473504688326e-23, nan 
-71.375, 79.125, 3.8736085619594066e-23, nan 
-71.125, 79.125, 6.101260683310751e-23, nan 
-70.875, 79.125, 5.400972935157543e-23, nan 
-70.625, 79.125, 4.874978752093561e-23, nan 
-70.375, 79.125, 4.001112670743659e-23, nan 
-70.125, 79.125, 3.413820708432698e-23, nan 
-69.875, 79.125, 4.631391387948529e-23, nan 
-69.625, 79.125, 2.953547413014969e-23, nan 
-69.375, 79.125, 2.967209742271108e-23, nan 
-69.125, 79.125, 3.31797330543567e-23, nan 
-68.875, 79.125, 3.7177965617820776e-23, nan 
-68.625, 79.125, 4.828623102445064e-23, nan 
-68.375, 79.125, 4.5761877790695744e-23, nan 
-68.125, 79.125, 4.1955184715385853e-23, nan 
-67.875, 79.125, 4.6389709622617524e-23, nan 
-67.625, 79.125, 5.81011610797784e-23, nan 
-67.375, 79.125, 5.636839469261246e-23, nan 
-67.125, 79.125, 7.490462599865209e-23, nan 
-66.875, 79.125, 7.217927243473736e-23, nan 
-66.625, 79.125, 1.1100511812956715e-22, nan 
-66.375, 79.125, 1.643408938118899e-22, nan 
-66.125, 79.125, 1.377508822124472e-22, nan 
-65.875, 79.125, 9.93362263224195e-23, nan 
-65.625, 79.125, 9.14864972785018e-23, nan 
-65.375, 79.125, 9.706724549978264e-23, nan 
-65.125, 79.125, 1.3388620331996913e-22, nan 
-64.875, 79.125, 1.0956018820867602e-22, nan 
-64.625, 79.125, 8.879232235791261e-23, nan 
-64.375, 79.125, 7.802946487081407e-23, nan 
-64.125, 79.125, 6.294593421111193e-23, nan 
-63.875, 79.125, 4.89224216348202e-23, nan 
-63.625, 79.125, 5.485770574478881e-23, nan 
-63.375, 79.125, 4.820108810591195e-23, nan 
-63.125, 79.125, 3.897333704174907e-23, nan 
-62.875, 79.125, 2.965411499656137e-23, nan 
-62.625, 79.125, 6.311266430894929e-23, nan 
-62.375, 79.125, 5.4074724646968e-23, nan 
-62.125, 79.125, 5.07913239161416e-23, nan 
-61.875, 79.125, 5.1258110526428726e-23, nan 
-61.625, 79.125, 6.72275449390273e-23, nan 
-61.375, 79.125, 3.304962895072809e-23, nan 
-61.125, 79.125, 3.5758065967773733e-23, nan 
-60.875, 79.125, 4.029112089898187e-23, nan 
-60.625, 79.125, 8.771359546122903e-23, nan 
-60.375, 79.125, 1.3587840834166264e-22, nan 
-60.125, 79.125, 1.1367381003307196e-22, nan 
-59.875, 79.125, 8.804899980314401e-23, nan 
-59.625, 79.125, 6.577991848282846e-23, nan 
-59.375, 79.125, 7.74837730499682e-23, nan 
-59.125, 79.125, 1.0902940859319747e-22, nan 
-58.875, 79.125, 1.3382863167481562e-22, nan 
-58.625, 79.125, 1.1234686286185248e-22, nan 
-58.375, 79.125, 7.301793353034721e-23, nan 
-58.125, 79.125, 5.0286728365331754e-23, nan 
-57.875, 79.125, 3.025384381387229e-23, nan 
-57.625, 79.125, 4.867337197003418e-23, nan 
-57.375, 79.125, 3.6051810829753854e-23, nan 
-57.125, 79.125, 3.0228468728588523e-23, nan 
-56.875, 79.125, 2.0804679001376383e-23, nan 
-56.625, 79.125, 3.5191694035358857e-23, nan 
-56.375, 79.125, 4.646762867255427e-23, nan 
-56.125, 79.125, 3.652490170466544e-23, nan 
-55.875, 79.125, 2.2264437044380432e-23, nan 
-55.625, 79.125, 1.872555588329703e-23, nan 
-55.375, 79.125, 1.7453250929012716e-23, nan 
-55.125, 79.125, 1.803867536551508e-23, nan 
-54.875, 79.125, 1.6178666768524965e-23, nan 
-54.625, 79.125, 2.6902674746098266e-22, nan 
-54.375, 79.125, 2.5531741793086806e-22, nan 
-54.125, 79.125, 2.5709366998505487e-22, nan 
-53.875, 79.125, 2.4774178130520626e-22, nan 
-53.625, 79.125, 2.4929724870113207e-22, nan 
-53.375, 79.125, 2.35947200120653e-22, nan 
-53.125, 79.125, 2.2923704765730597e-22, nan 
-52.875, 79.125, 2.272093018753913e-22, nan 
-52.625, 79.125, 2.2267632994822753e-22, nan 
-52.375, 79.125, 1.8692087034876433e-22, nan 
-52.125, 79.125, 1.0108709653772577e-22, nan 
-51.875, 79.125, 1.5603304248309658e-22, nan 
-51.625, 79.125, 8.289027669782639e-23, nan 
-51.375, 79.125, 1.5191357417294745e-22, nan 
-51.125, 79.125, 1.2057701368296302e-22, nan 
-50.875, 79.125, 8.852559507736687e-23, nan 
-50.625, 79.125, 1.186016872872881e-22, nan 
-50.375, 79.125, 1.2248580428621348e-22, nan 
-50.125, 79.125, 1.2333401511991632e-22, nan 
-49.875, 79.125, 1.080268966830456e-22, nan 
-49.625, 79.125, 9.907838155849482e-23, nan 
-49.375, 79.125, 1.3199241086475775e-22, nan 
-49.125, 79.125, 1.2305791319405408e-22, nan 
-48.875, 79.125, 9.480171768512804e-23, nan 
-48.625, 79.125, 7.429469822757684e-23, nan 
-48.375, 79.125, 6.44599309798072e-23, nan 
-48.125, 79.125, 1.144472563798499e-22, nan 
-47.875, 79.125, 8.61566922614979e-23, nan 
-47.625, 79.125, 6.15262087672652e-23, nan 
-47.375, 79.125, 5.199703282750235e-23, nan 
-47.125, 79.125, 2.4057008701975525e-23, nan 
-46.875, 79.125, 4.730337382209988e-23, nan 
-46.625, 79.125, 4.8550780714778504e-23, nan 
-46.375, 79.125, 5.531163176380491e-23, nan 
-46.125, 79.125, 5.233020429783646e-23, nan 
-45.875, 79.125, 6.136503248990309e-23, nan 
-45.625, 79.125, 5.464560726829875e-23, nan 
-45.375, 79.125, 5.493264096565001e-23, nan 
-45.125, 79.125, 5.519368088931204e-23, nan 
-44.875, 79.125, 5.381078338340295e-23, nan 
-44.625, 79.125, 5.311899546253684e-23, nan 
-44.375, 79.125, 4.831955292252215e-23, nan 
-44.125, 79.125, 4.594411957649892e-23, nan 
-43.875, 79.125, 4.18666600435326e-23, nan 
-43.625, 79.125, 4.004579633077213e-23, nan 
-43.375, 79.125, 3.0778133818772603e-23, nan 
-43.125, 79.125, 2.6579015915480145e-23, nan 
-42.875, 79.125, 2.072207323455651e-23, nan 
-42.625, 79.125, 1.6964267400484528e-23, nan 
-42.375, 79.125, 1.541101739841353e-23, nan 
-42.125, 79.125, 1.2999521130056353e-23, nan 
-41.875, 79.125, 1.0259745462373499e-23, nan 
-41.625, 79.125, 8.026198072597957e-24, nan 
-41.375, 79.125, 1.3198589970987922e-23, nan 
-41.125, 79.125, 1.2729651177785512e-23, nan 
-40.875, 79.125, 1.2815573731895322e-23, nan 
-40.625, 79.125, 1.3009387400309224e-23, nan 
-40.375, 79.125, 2.232104877414493e-23, nan 
-40.125, 79.125, 1.6126035978793074e-23, nan 
-39.875, 79.125, 2.8045751524367615e-23, nan 
-39.625, 79.125, 2.4628576454109737e-23, nan 
-39.375, 79.125, 2.1704776955313133e-23, nan 
-39.125, 79.125, 2.3678581280012487e-23, nan 
-38.875, 79.125, 1.9184670447678523e-23, nan 
-38.625, 79.125, 2.0591612923235718e-23, nan 
-38.375, 79.125, 2.56272165058327e-23, nan 
-38.125, 79.125, 2.549152511590442e-23, nan 
-37.875, 79.125, 3.1158109203642897e-23, nan 
-37.625, 79.125, 3.414180762597366e-23, nan 
-37.375, 79.125, 3.168816699437985e-23, nan 
-37.125, 79.125, 3.513831818979959e-23, nan 
-36.875, 79.125, 3.1001896177572044e-23, nan 
-36.625, 79.125, 3.274500262201352e-23, nan 
-36.375, 79.125, 3.6387932653256064e-23, nan 
-36.125, 79.125, 3.6541973695234095e-23, nan 
-35.875, 79.125, 4.407847111276625e-23, nan 
-35.625, 79.125, 3.811022562380784e-23, nan 
-35.375, 79.125, 3.0496246007382875e-23, nan 
-35.125, 79.125, 3.991458646410034e-23, nan 
-34.875, 79.125, 4.186650790677278e-23, nan 
-34.625, 79.125, 3.972695235046445e-23, nan 
-34.375, 79.125, 3.2455071412845244e-23, nan 
-34.125, 79.125, 3.2390583237907785e-23, nan 
-33.875, 79.125, 3.596839012275866e-23, nan 
-33.625, 79.125, 4.18336306377979e-23, nan 
-33.375, 79.125, 3.895041454750638e-23, nan 
-33.125, 79.125, 3.185361465376574e-23, nan 
-32.875, 79.125, 2.8317681327777455e-23, nan 
-32.625, 79.125, 2.887677460174889e-23, nan 
-32.375, 79.125, 3.119252784417868e-23, nan 
-32.125, 79.125, 3.025326767214621e-23, nan 
-31.875, 79.125, 2.970050940263759e-23, nan 
-31.625, 79.125, 3.0574172289869275e-23, nan 
-31.375, 79.125, 2.0410468505807722e-23, nan 
-31.125, 79.125, 1.7790393556825202e-23, nan 
-30.875, 79.125, 2.149562471515178e-23, nan 
-30.625, 79.125, 3.2193522799319065e-23, nan 
-30.375, 79.125, 3.079655695626895e-23, nan 
-30.125, 79.125, 3.462547657209362e-23, nan 
-29.875, 79.125, 2.9321073319742245e-23, nan 
-29.625, 79.125, 4.56568628777736e-23, nan 
-29.375, 79.125, 4.481312984293685e-23, nan 
-29.125, 79.125, 4.8525521369729793e-23, nan 
-28.875, 79.125, 4.283969600124123e-23, nan 
-28.625, 79.125, 5.368740039004564e-23, nan 
-28.375, 79.125, 5.0061931536579306e-23, nan 
-28.125, 79.125, 4.628037260717787e-23, nan 
-27.875, 79.125, 5.1199228456743754e-23, nan 
-27.625, 79.125, 4.804203226596341e-23, nan 
-27.375, 79.125, 4.0133259696682665e-23, nan 
-27.125, 79.125, 3.1585448288708636e-23, nan 
-26.875, 79.125, 2.8932155999292825e-23, nan 
-26.625, 79.125, 3.3732909132064165e-23, nan 
-26.375, 79.125, 3.3931638709305244e-23, nan 
-26.125, 79.125, 3.312255657862675e-23, nan 
-25.875, 79.125, 3.2476828806576645e-23, nan 
-25.625, 79.125, 3.725148626832742e-23, nan 
-25.375, 79.125, 3.931840233951014e-23, nan 
-25.125, 79.125, 2.966171874246524e-23, nan 
-24.875, 79.125, 4.535265847246109e-23, nan 
-24.625, 79.125, 5.206819555283024e-23, nan 
-24.375, 79.125, 4.2699949121392187e-23, nan 
-24.125, 79.125, 5.23831364708133e-23, nan 
-23.875, 79.125, 4.900529240839509e-23, nan 
-23.625, 79.125, 2.9963884173331105e-23, nan 
-23.375, 79.125, 2.683629644929961e-23, nan 
-23.125, 79.125, 2.6629360302113216e-23, nan 
-22.875, 79.125, 2.9167327566089734e-23, nan 
-22.625, 79.125, 4.023614647840916e-23, nan 
-22.375, 79.125, 2.3409333752551298e-23, nan 
-22.125, 79.125, 2.6767183803976333e-23, nan 
-21.875, 79.125, 2.8793861680919614e-23, nan 
-21.625, 79.125, 2.97402435774494e-23, nan 
-21.375, 79.125, 2.5527112142859517e-23, nan 
-21.125, 79.125, 4.9271295998151666e-23, nan 
-20.875, 79.125, 2.4090655906291037e-23, nan 
-20.625, 79.125, 5.151722520789338e-23, nan 
-20.375, 79.125, 3.9617912126301675e-23, nan 
-20.125, 79.125, 5.309628205305757e-23, nan 
-19.875, 79.125, 4.757533450120598e-23, nan 
-19.625, 79.125, 3.3992825766700403e-23, nan 
-19.375, 79.125, 3.0416969202193596e-23, nan 
-19.125, 79.125, 2.5575249313148146e-23, nan 
-18.875, 79.125, 2.3161294996196957e-23, nan 
-18.625, 79.125, 1.9173505607924015e-23, nan 
-18.375, 79.125, 2.4510144834364996e-23, nan 
-18.125, 79.125, 2.310383840160015e-23, nan 
-17.875, 79.125, 2.383243324572481e-23, nan 
-17.625, 79.125, 2.2193806522246313e-23, nan 
-17.375, 79.125, 2.2408672379857282e-23, nan 
-17.125, 79.125, 1.925735369416901e-23, nan 
-16.875, 79.125, 2.2698393835662216e-23, nan 
-16.625, 79.125, 1.3297691859818137e-23, nan 
-16.375, 79.125, 1.2566963609251462e-23, nan 
-16.125, 79.125, 2.3121271602622073e-23, nan 
-15.875, 79.125, 6.173992790070709e-23, nan 
-15.625, 79.125, 1.2480143210453674e-22, nan 
-15.375, 79.125, 1.485255713445672e-22, nan 
-15.125, 79.125, 1.7539279446684848e-22, nan 
-14.875, 79.125, 1.8097731985424874e-22, nan 
-14.625, 79.125, 1.8459603058786786e-22, nan 
-14.375, 79.125, 1.751755673645753e-22, nan 
-14.125, 79.125, 1.7538892176381123e-22, nan 
-13.875, 79.125, 1.5987312472682664e-22, nan 
-13.625, 79.125, 1.4941936645025053e-22, nan 
-13.375, 79.125, 1.3584124592379385e-22, nan 
-13.125, 79.125, 1.2478669630615653e-22, nan 
-12.875, 79.125, 1.1549741821352356e-22, nan 
-12.625, 79.125, 1.0372437858171252e-22, nan 
-12.375, 79.125, 9.513906238701176e-23, nan 
-12.125, 79.125, 9.448116783990913e-23, nan 
-11.875, 79.125, 8.643071212914731e-23, nan 
-11.625, 79.125, 7.228715891077233e-23, nan 
-11.375, 79.125, 4.510731749812166e-23, nan 
-11.125, 79.125, 2.3679785706286004e-23, nan 
-10.875, 79.125, 5.668534163256262e-23, nan 
-10.625, 79.125, 7.758218062370686e-23, nan 
-10.375, 79.125, 7.567465925462169e-23, nan 
-10.125, 79.125, 5.0389097613704513e-23, nan 
-9.875, 79.125, 1.1511132537450137e-23, nan 
-9.625, 79.125, 3.849761989584923e-23, nan 
-9.375, 79.125, 6.640378844949095e-23, nan 
-9.125, 79.125, 8.875820869127541e-23, nan 
-8.875, 79.125, 1.3345087148980956e-22, nan 
-8.625, 79.125, 1.88141431967701e-22, nan 
-8.375, 79.125, 1.8133915640954927e-22, nan 
-8.125, 79.125, 2.6863295545575383e-22, nan 
-7.875, 79.125, 1.9727120627580204e-22, nan 
-7.625, 79.125, 2.439301790309961e-22, nan 
-7.375, 79.125, 3.104968101945352e-22, nan 
-7.125, 79.125, 3.0537775058213544e-22, nan 
-6.875, 79.125, 2.0593908081952905e-22, nan 
-6.625, 79.125, 2.6174411162762625e-22, nan 
-6.375, 79.125, 1.8810062083469809e-22, nan 
-6.125, 79.125, 2.571350101829299e-22, nan 
-5.875, 79.125, 2.616326874103609e-22, nan 
-5.625, 79.125, 1.7771559805629753e-22, nan 
-5.375, 79.125, 2.470933702591628e-22, nan 
-5.125, 79.125, 1.9088492231141415e-22, nan 
-4.875, 79.125, 1.6479283351965728e-22, nan 
-4.625, 79.125, 1.635520458584156e-22, nan 
-4.375, 79.125, 1.5587297302650776e-22, nan 
-4.125, 79.125, 1.648878448074031e-22, nan 
-3.875, 79.125, 1.2671290332274012e-22, nan 
-3.625, 79.125, 1.3838907068649802e-22, nan 
-3.375, 79.125, 6.652145075909414e-23, nan 
-3.125, 79.125, 7.29023667083835e-23, nan 
-2.875, 79.125, 7.255880887604078e-23, nan 
-2.625, 79.125, 6.595014941578913e-23, nan 
-2.375, 79.125, 1.5620826401631276e-22, nan 
-2.125, 79.125, 1.2105116534803063e-22, nan 
-1.875, 79.125, 1.5646183063270755e-22, nan 
-1.625, 79.125, 1.4617391734319083e-22, nan 
-1.375, 79.125, 1.3317788068115964e-22, nan 
-1.125, 79.125, 1.7146423410274955e-22, nan 
-0.875, 79.125, 1.7245527939187225e-22, nan 
-0.625, 79.125, 1.320154830322359e-22, nan 
-0.375, 79.125, 1.0104769173220535e-22, nan 
-0.125, 79.125, 9.630528488423409e-23, nan 
0.125, 79.125, 1.3382219237939425e-22, nan 
0.375, 79.125, 1.3266477175673324e-22, nan 
0.625, 79.125, 9.920989828663585e-23, nan 
0.875, 79.125, 8.133114287622984e-23, nan 
1.125, 79.125, 8.022010839695123e-23, nan 
1.375, 79.125, 7.736390715520205e-23, nan 
1.625, 79.125, 9.422187475884195e-23, nan 
1.875, 79.125, 8.044073010021098e-23, nan 
2.125, 79.125, 8.411277577456099e-23, nan 
2.375, 79.125, 8.18925080535373e-23, nan 
2.625, 79.125, 9.035269756186304e-23, nan 
2.875, 79.125, 1.1277045493404274e-22, nan 
3.125, 79.125, 8.483308964860028e-23, nan 
3.375, 79.125, 1.0372592067494597e-22, nan 
3.625, 79.125, 9.692477090074269e-23, nan 
3.875, 79.125, 1.0321660019064676e-22, nan 
4.125, 79.125, 7.742630603033294e-23, nan 
4.375, 79.125, 6.319809915959443e-23, nan 
4.625, 79.125, 5.7018208349977e-23, nan 
4.875, 79.125, 9.643058030001059e-23, nan 
5.125, 79.125, 6.146189446402654e-23, nan 
5.375, 79.125, 9.791878944962117e-23, nan 
5.625, 79.125, 5.931658362550887e-23, nan 
5.875, 79.125, 6.351694743475369e-23, nan 
6.125, 79.125, 8.95839010659666e-23, nan 
6.375, 79.125, 3.4391168516205927e-23, nan 
6.625, 79.125, 3.497572163386055e-23, nan 
6.875, 79.125, 1.376968728783742e-23, nan 
7.125, 79.125, 6.928836676318646e-23, nan 
7.375, 79.125, 5.587201362813178e-23, nan 
7.625, 79.125, 7.55689598105888e-23, nan 
7.875, 79.125, 8.667777517916213e-23, nan 
8.125, 79.125, 5.708759766582615e-23, nan 
8.375, 79.125, 7.4219824944411e-23, nan 
8.625, 79.125, 3.705650953455222e-23, nan 
8.875, 79.125, 7.451616458398084e-23, nan 
9.125, 79.125, 1.0368615774841065e-22, nan 
9.375, 79.125, 8.904551146860966e-23, nan 
9.625, 79.125, 1.0096070676260301e-22, nan 
9.875, 79.125, 6.070585666660387e-23, nan 
10.125, 79.125, 6.63117469478323e-23, nan 
10.375, 79.125, 6.819422264889761e-23, nan 
10.625, 79.125, 6.439416228992211e-23, nan 
10.875, 79.125, 7.768204062778804e-23, nan 
11.125, 79.125, 4.57164919945667e-23, nan 
11.375, 79.125, 4.579927418770048e-23, nan 
11.625, 79.125, 6.258844761728665e-23, nan 
11.875, 79.125, 6.496412597438597e-23, nan 
12.125, 79.125, 9.099281111907398e-23, nan 
12.375, 79.125, 9.529251868706021e-23, nan 
12.625, 79.125, 1.0101908586881707e-22, nan 
12.875, 79.125, 9.62345194311315e-23, nan 
13.125, 79.125, 6.087023430947833e-23, nan 
13.375, 79.125, 9.628650148803486e-23, nan 
13.625, 79.125, 9.211753655126276e-23, nan 
13.875, 79.125, 1.0183977370594649e-22, nan 
14.125, 79.125, 9.183914537742886e-23, nan 
14.375, 79.125, 7.154656963803969e-23, nan 
14.625, 79.125, 5.500448690448284e-23, nan 
14.875, 79.125, 3.390236755339842e-23, nan 
15.125, 79.125, 3.615293297646499e-23, nan 
15.375, 79.125, 4.8276091531026384e-23, nan 
15.625, 79.125, 3.2516372717300166e-23, nan 
15.875, 79.125, 4.179346660135596e-23, nan 
16.125, 79.125, 4.9633334371924113e-23, nan 
16.375, 79.125, 4.4560026026341706e-23, nan 
16.625, 79.125, 4.8003706959478593e-23, nan 
16.875, 79.125, 3.927194266433197e-23, nan 
17.125, 79.125, 5.987950004642328e-23, nan 
17.375, 79.125, 5.352249569047644e-23, nan 
17.625, 79.125, 3.2792878076676055e-23, nan 
17.875, 79.125, 7.648387797062524e-23, nan 
18.125, 79.125, 8.765073060147086e-23, nan 
18.375, 79.125, 9.08659262994758e-23, nan 
18.625, 79.125, 9.82831610835715e-23, nan 
18.875, 79.125, 9.841718358207936e-23, nan 
19.125, 79.125, 8.564141505854669e-23, nan 
19.375, 79.125, 9.354438606291734e-23, nan 
19.625, 79.125, 8.882089283653108e-23, nan 
19.875, 79.125, 9.475584882191343e-23, nan 
20.125, 79.125, 9.53959955540845e-23, nan 
20.375, 79.125, 6.422301849502174e-23, nan 
20.625, 79.125, 6.348106593270429e-23, nan 
20.875, 79.125, 6.210112069445285e-23, nan 
21.125, 79.125, 6.155871470336351e-23, nan 
21.375, 79.125, 6.219486434316423e-23, nan 
21.625, 79.125, 7.785174129941422e-23, nan 
21.875, 79.125, 5.505425758599024e-23, nan 
22.125, 79.125, 5.531494387951084e-23, nan 
22.375, 79.125, 6.752938672441669e-23, nan 
22.625, 79.125, 6.462864758011351e-23, nan 
22.875, 79.125, 6.655760096941875e-23, nan 
23.125, 79.125, 6.366206697783585e-23, nan 
23.375, 79.125, 6.869071432527928e-23, nan 
23.625, 79.125, 8.030213125920626e-23, nan 
23.875, 79.125, 7.455703866892013e-23, nan 
24.125, 79.125, 5.58808675251872e-23, nan 
24.375, 79.125, 5.2609557630460853e-23, nan 
24.625, 79.125, 5.405265382703713e-23, nan 
24.875, 79.125, 4.410448554031597e-23, nan 
25.125, 79.125, 5.664839163452276e-23, nan 
25.375, 79.125, 4.449103756574354e-23, nan 
25.625, 79.125, 4.2549053736241495e-23, nan 
25.875, 79.125, 5.207264607111971e-23, nan 
26.125, 79.125, 2.914438404006786e-23, nan 
26.375, 79.125, 2.949050912205048e-23, nan 
26.625, 79.125, 2.2931287067066642e-23, nan 
26.875, 79.125, 2.2120182861850446e-23, nan 
27.125, 79.125, 2.9842900419082725e-23, nan 
27.375, 79.125, 2.948685072787422e-23, nan 
27.625, 79.125, 2.4460590489542695e-23, nan 
27.875, 79.125, 2.123366811500406e-23, nan 
28.125, 79.125, 1.6964424455617956e-23, nan 
28.375, 79.125, 1.3870167430347173e-23, nan 
28.625, 79.125, 1.149685573926234e-23, nan 
28.875, 79.125, 1.0349655973699675e-23, nan 
29.125, 79.125, 8.326584366536789e-24, nan 
29.375, 79.125, 7.710253537450972e-24, nan 
29.625, 79.125, 9.106950215623218e-24, nan 
29.875, 79.125, 7.704985159936933e-24, nan 
30.125, 79.125, 7.492587782411779e-24, nan 
30.375, 79.125, 8.562815073736678e-24, nan 
30.625, 79.125, 1.0435929344917012e-23, nan 
30.875, 79.125, 9.046328457052356e-24, nan 
31.125, 79.125, 7.40877984113929e-24, nan 
31.375, 79.125, 6.420121506930113e-24, nan 
31.625, 79.125, 6.1471286945644e-24, nan 
31.875, 79.125, 6.0528120157008315e-24, nan 
32.125, 79.125, 5.643112745969486e-24, nan 
32.375, 79.125, 4.282565087133886e-24, nan 
32.625, 79.125, 3.9446326293541474e-24, nan 
32.875, 79.125, 3.6632277758439204e-24, nan 
33.125, 79.125, 3.861041735148657e-24, nan 
33.375, 79.125, 4.103278123330344e-24, nan 
33.625, 79.125, 3.491643600819408e-24, nan 
33.875, 79.125, 3.2961959614796774e-24, nan 
34.125, 79.125, 3.007226903637715e-24, nan 
34.375, 79.125, 2.1649289792978962e-24, nan 
34.625, 79.125, 1.6185309227508137e-24, nan 
34.875, 79.125, 1.8551909924617847e-24, nan 
35.125, 79.125, 1.6935060379322415e-24, nan 
35.375, 79.125, 1.3826692840256797e-24, nan 
35.625, 79.125, 1.0968653971346304e-24, nan 
35.875, 79.125, 7.795659417352428e-25, nan 
36.125, 79.125, 5.531198473884478e-25, nan 
36.375, 79.125, 7.7149871241795135e-25, nan 
36.625, 79.125, 1.2486422748269752e-24, nan 
36.875, 79.125, 6.446027662552382e-25, nan 
37.125, 79.125, 1.768139741143724e-25, nan 
37.375, 79.125, 2.08294776777419e-25, nan 
37.625, 79.125, 7.098123733217746e-25, nan 
37.875, 79.125, 9.690503682537297e-25, nan 
38.125, 79.125, 9.90456277503495e-25, nan 
38.375, 79.125, 1.878609147139147e-24, nan 
38.625, 79.125, 1.4008265014978983e-24, nan 
38.875, 79.125, 7.837807702592576e-25, nan 
39.125, 79.125, 7.2650955891888445e-25, nan 
39.375, 79.125, 1.802896006185396e-24, nan 
39.625, 79.125, 1.0030096583449361e-24, nan 
39.875, 79.125, 1.0206899248175848e-24, nan 
40.125, 79.125, 4.890205297052415e-25, nan 
40.375, 79.125, 4.414589022240954e-25, nan 
40.625, 79.125, 7.109972398440689e-25, nan 
40.875, 79.125, 1.1449037191314494e-24, nan 
41.125, 79.125, 6.792426404124468e-25, nan 
41.375, 79.125, 9.343812359781108e-25, nan 
41.625, 79.125, 5.473444067322542e-25, nan 
41.875, 79.125, 6.656103466054068e-25, nan 
42.125, 79.125, 1.0639566686188512e-24, nan 
42.375, 79.125, 4.944787291762932e-25, nan 
42.625, 79.125, 9.04291915517198e-25, nan 
42.875, 79.125, 8.557821454040146e-25, nan 
43.125, 79.125, 7.891262658228052e-25, nan 
43.375, 79.125, 4.749621480008271e-25, nan 
43.625, 79.125, 3.4116533200103965e-25, nan 
43.875, 79.125, 7.620304940427641e-25, nan 
44.125, 79.125, 6.802836992733509e-25, nan 
44.375, 79.125, 6.97655785365906e-25, nan 
44.625, 79.125, 4.111324949439301e-25, nan 
44.875, 79.125, 5.058587452019201e-25, nan 
45.125, 79.125, 6.828403564730019e-25, nan 
45.375, 79.125, 4.615857252398333e-25, nan 
45.625, 79.125, 1.1338034708291105e-24, nan 
45.875, 79.125, 8.8137036106524e-25, nan 
46.125, 79.125, 1.0985654572976067e-24, nan 
46.375, 79.125, 1.0121383888630217e-24, nan 
46.625, 79.125, 4.234555261768916e-25, nan 
46.875, 79.125, 6.219889891738562e-25, nan 
47.125, 79.125, 8.708649723556346e-25, nan 
47.375, 79.125, 9.334775849443992e-25, nan 
47.625, 79.125, 9.98782875960635e-25, nan 
47.875, 79.125, 8.988874443221585e-25, nan 
48.125, 79.125, 1.0262398444748914e-24, nan 
48.375, 79.125, 1.3296488704933626e-24, nan 
48.625, 79.125, 1.7729999014155187e-24, nan 
48.875, 79.125, 1.717926938314136e-24, nan 
49.125, 79.125, 1.1211204284177528e-24, nan 
49.375, 79.125, 1.984119905632298e-24, nan 
49.625, 79.125, 2.2373008247351855e-24, nan 
49.875, 79.125, 1.503253338030739e-24, nan 
50.125, 79.125, 1.0179482941094151e-24, nan 
50.375, 79.125, 4.94414616471117e-25, nan 
50.625, 79.125, 5.060289678047922e-25, nan 
50.875, 79.125, 4.17641399234835e-25, nan 
51.125, 79.125, 4.393615440337408e-25, nan 
51.375, 79.125, 7.100532424390784e-25, nan 
51.625, 79.125, 5.955655069236701e-25, nan 
51.875, 79.125, 7.306119952985471e-25, nan 
52.125, 79.125, 4.145084150684572e-25, nan 
52.375, 79.125, 7.144966614745456e-25, nan 
52.625, 79.125, 6.558620993244516e-25, nan 
52.875, 79.125, 6.233959447041232e-25, nan 
53.125, 79.125, 6.754333020203446e-25, nan 
53.375, 79.125, 6.209942665350964e-25, nan 
53.625, 79.125, 8.511991131949635e-25, nan 
53.875, 79.125, 1.0572960785392384e-24, nan 
54.125, 79.125, 1.3407416409163855e-24, nan 
54.375, 79.125, 9.379410866265148e-25, nan 
54.625, 79.125, 7.817667598694863e-25, nan 
54.875, 79.125, 7.5391898805269e-25, nan 
55.125, 79.125, 1.064830040346056e-24, nan 
55.375, 79.125, 1.782253281594399e-24, nan 
55.625, 79.125, 9.403966385656965e-25, nan 
55.875, 79.125, 6.508319696009697e-25, nan 
56.125, 79.125, 2.8013708130470066e-25, nan 
56.375, 79.125, 3.605818889371226e-25, nan 
56.625, 79.125, 9.334051486421033e-25, nan 
56.875, 79.125, 1.286252506129969e-24, nan 
57.125, 79.125, 2.99825361519005e-24, nan 
57.375, 79.125, 2.9828832680448748e-24, nan 
57.625, 79.125, 2.807755785615418e-24, nan 
57.875, 79.125, 2.4645650142708858e-24, nan 
58.125, 79.125, 2.802780316773963e-24, nan 
58.375, 79.125, 4.728676006394026e-24, nan 
58.625, 79.125, 6.708297002802465e-24, nan 
58.875, 79.125, 5.140141376023445e-24, nan 
-99.875, 79.375, 2.2727807691084177e-23, nan 
-99.625, 79.375, 3.092363325084251e-23, nan 
-99.375, 79.375, 2.8021543461258774e-23, nan 
-99.125, 79.375, 2.4243540623617446e-23, nan 
-98.875, 79.375, 2.0695416087965567e-23, nan 
-98.625, 79.375, 2.342645115292493e-23, nan 
-98.375, 79.375, 2.1034618109817342e-23, nan 
-98.125, 79.375, 3.2220428284321e-23, nan 
-97.875, 79.375, 3.4599453039964936e-23, nan 
-97.625, 79.375, 2.843007238966875e-23, nan 
-97.375, 79.375, 2.2878968604744863e-23, nan 
-97.125, 79.375, 2.6729783351514355e-23, nan 
-96.875, 79.375, 3.286448945735099e-23, nan 
-96.625, 79.375, 2.5776505387383126e-23, nan 
-96.375, 79.375, 2.4919879295589242e-23, nan 
-96.125, 79.375, 2.3975195245034965e-23, nan 
-95.875, 79.375, 3.5429881419781645e-23, nan 
-95.625, 79.375, 3.107062897484215e-23, nan 
-95.375, 79.375, 2.4866826905677586e-23, nan 
-95.125, 79.375, 2.4285413912472512e-23, nan 
-94.875, 79.375, 2.742558557097425e-23, nan 
-94.625, 79.375, 3.6112562107561855e-23, nan 
-94.375, 79.375, 2.676704071120024e-23, nan 
-94.125, 79.375, 1.214624457578626e-23, nan 
-93.875, 79.375, 9.572699399569522e-24, nan 
-93.625, 79.375, 1.5115595028905025e-23, nan 
-93.375, 79.375, 2.3556117971982615e-23, nan 
-93.125, 79.375, 1.6860127438231734e-23, nan 
-92.875, 79.375, 1.857839799784407e-23, nan 
-92.625, 79.375, 1.906926813031296e-23, nan 
-92.375, 79.375, 3.279141535889808e-23, nan 
-92.125, 79.375, 4.050688097024661e-23, nan 
-91.875, 79.375, 3.605222769533344e-23, nan 
-91.625, 79.375, 3.930600443047012e-23, nan 
-91.375, 79.375, 4.298540969161372e-23, nan 
-91.125, 79.375, 3.9428809429430507e-23, nan 
-90.875, 79.375, 4.336495224620977e-23, nan 
-90.625, 79.375, 6.005436367640449e-23, nan 
-90.375, 79.375, 5.01092062499973e-23, nan 
-90.125, 79.375, 3.753311514164289e-23, nan 
-89.875, 79.375, 6.439887949302455e-23, nan 
-89.625, 79.375, 8.413629594342158e-23, nan 
-89.375, 79.375, 1.0076485296736933e-22, nan 
-89.125, 79.375, 9.063391935677892e-23, nan 
-88.875, 79.375, 7.313281651231961e-23, nan 
-88.625, 79.375, 7.305832348310927e-23, nan 
-88.375, 79.375, 6.051954924610512e-23, nan 
-88.125, 79.375, 8.318057526986282e-23, nan 
-87.875, 79.375, 7.099846844453977e-23, nan 
-87.625, 79.375, 7.482233445442453e-23, nan 
-87.375, 79.375, 8.771358785540287e-23, nan 
-87.125, 79.375, 8.017092546137433e-23, nan 
-86.875, 79.375, 8.17487024079798e-23, nan 
-86.625, 79.375, 6.301653519604785e-23, nan 
-86.375, 79.375, 8.487084435811582e-23, nan 
-86.125, 79.375, 8.498373825592863e-23, nan 
-85.875, 79.375, 7.627656300214081e-23, nan 
-85.625, 79.375, 7.016941871437468e-23, nan 
-85.375, 79.375, 6.773855779996144e-23, nan 
-85.125, 79.375, 7.220616718064808e-23, nan 
-84.875, 79.375, 6.638726800611704e-23, nan 
-84.625, 79.375, 7.017170584370475e-23, nan 
-84.375, 79.375, 6.996075905119862e-23, nan 
-84.125, 79.375, 6.197358623678646e-23, nan 
-83.875, 79.375, 6.45711512124175e-23, nan 
-83.625, 79.375, 5.907049614179891e-23, nan 
-83.375, 79.375, 6.904064798293604e-23, nan 
-83.125, 79.375, 6.734387501505211e-23, nan 
-82.875, 79.375, 7.613295724831887e-23, nan 
-82.625, 79.375, 6.894107530433091e-23, nan 
-82.375, 79.375, 5.1607030620744175e-23, nan 
-82.125, 79.375, 4.6365632308618466e-23, nan 
-81.875, 79.375, 4.522262474577112e-23, nan 
-81.625, 79.375, 4.880913558402566e-23, nan 
-81.375, 79.375, 4.291538729841957e-23, nan 
-81.125, 79.375, 2.151970348267983e-23, nan 
-80.875, 79.375, 2.6464322683234885e-23, nan 
-80.625, 79.375, 4.0555778455545204e-23, nan 
-80.375, 79.375, 5.900278791911053e-23, nan 
-80.125, 79.375, 4.757901696174235e-23, nan 
-79.875, 79.375, 4.0279872283018546e-23, nan 
-79.625, 79.375, 4.0007836522258783e-23, nan 
-79.375, 79.375, 4.4947393730483455e-23, nan 
-79.125, 79.375, 6.186368005932068e-23, nan 
-78.875, 79.375, 2.563397276733831e-23, nan 
-78.625, 79.375, 4.2181516097797837e-23, nan 
-78.375, 79.375, 2.5354500166209035e-23, nan 
-78.125, 79.375, 1.1321477935153246e-23, nan 
-77.875, 79.375, 1.4682421690996656e-23, nan 
-77.625, 79.375, 1.0518418102831108e-23, nan 
-77.375, 79.375, 1.817676254976825e-23, nan 
-77.125, 79.375, 1.9307145426557115e-23, nan 
-76.875, 79.375, 1.2180554471702755e-23, nan 
-76.625, 79.375, 1.715672020373085e-23, nan 
-76.375, 79.375, 2.083963228383967e-23, nan 
-76.125, 79.375, 2.586084965087857e-23, nan 
-75.875, 79.375, 3.4288578156771895e-23, nan 
-75.625, 79.375, 2.7803876094363794e-23, nan 
-75.375, 79.375, 3.3345200877006045e-23, nan 
-75.125, 79.375, 3.721755327819335e-23, nan 
-74.875, 79.375, 2.659247823953859e-23, nan 
-74.625, 79.375, 3.4162508620645925e-23, nan 
-74.375, 79.375, 2.323079727697132e-23, nan 
-74.125, 79.375, 3.8021679229682954e-23, nan 
-73.875, 79.375, 3.594138150513419e-23, nan 
-73.625, 79.375, 1.0340445833728935e-23, nan 
-73.375, 79.375, 2.100877446949742e-23, nan 
-73.125, 79.375, 2.486770373656005e-23, nan 
-72.875, 79.375, 1.7481259608849295e-23, nan 
-72.625, 79.375, 2.6050748497745392e-23, nan 
-72.375, 79.375, 4.4653431446612586e-23, nan 
-72.125, 79.375, 6.599560743229248e-23, nan 
-71.875, 79.375, 7.185910303105077e-23, nan 
-71.625, 79.375, 4.739597955636907e-23, nan 
-71.375, 79.375, 4.625135127226538e-23, nan 
-71.125, 79.375, 4.8093569272339414e-23, nan 
-70.875, 79.375, 7.28476620641403e-23, nan 
-70.625, 79.375, 7.534498518404368e-23, nan 
-70.375, 79.375, 4.899077389585044e-23, nan 
-70.125, 79.375, 5.075679556902143e-23, nan 
-69.875, 79.375, 1.8667488511806268e-23, nan 
-69.625, 79.375, 1.1850657757370208e-23, nan 
-69.375, 79.375, 2.9303335476356607e-23, nan 
-69.125, 79.375, 3.807042820040347e-23, nan 
-68.875, 79.375, 2.6181282002617028e-23, nan 
-68.625, 79.375, 2.5182677676340497e-23, nan 
-68.375, 79.375, 3.1585784210646773e-23, nan 
-68.125, 79.375, 3.19410751508014e-23, nan 
-67.875, 79.375, 4.1365404871676593e-23, nan 
-67.625, 79.375, 1.6988345691093723e-23, nan 
-67.375, 79.375, 2.067543109487312e-23, nan 
-67.125, 79.375, 4.085360517987204e-23, nan 
-66.875, 79.375, 3.844611775134351e-23, nan 
-66.625, 79.375, 4.686216490600735e-23, nan 
-66.375, 79.375, 4.3560751111443356e-23, nan 
-66.125, 79.375, 2.84531666992512e-23, nan 
-65.875, 79.375, 4.5372510590853373e-23, nan 
-65.625, 79.375, 5.422171162055724e-23, nan 
-65.375, 79.375, 5.932998198076921e-23, nan 
-65.125, 79.375, 7.510349587544984e-23, nan 
-64.875, 79.375, 6.088738097443828e-23, nan 
-64.625, 79.375, 6.55901757098782e-23, nan 
-64.375, 79.375, 6.02457200129107e-23, nan 
-64.125, 79.375, 6.42070427827113e-23, nan 
-63.875, 79.375, 4.656955773081834e-23, nan 
-63.625, 79.375, 6.436734135570795e-23, nan 
-63.375, 79.375, 5.0276940056746796e-23, nan 
-63.125, 79.375, 3.972116915332609e-23, nan 
-62.875, 79.375, 5.823407513258028e-23, nan 
-62.625, 79.375, 5.504507908469973e-23, nan 
-62.375, 79.375, 7.547627251132447e-23, nan 
-62.125, 79.375, 5.76820337295732e-23, nan 
-61.875, 79.375, 3.5807257095255185e-23, nan 
-61.625, 79.375, 2.4713386587537092e-23, nan 
-61.375, 79.375, 3.005161778485067e-23, nan 
-61.125, 79.375, 3.0436389054872355e-23, nan 
-60.875, 79.375, 6.098142595266027e-24, nan 
-60.625, 79.375, 2.9519493179927564e-23, nan 
-60.375, 79.375, 4.7061818796591566e-23, nan 
-60.125, 79.375, 2.794099403877452e-23, nan 
-59.875, 79.375, 2.4174292674890188e-23, nan 
-59.625, 79.375, 3.612323111994386e-23, nan 
-59.375, 79.375, 5.328095887860132e-23, nan 
-59.125, 79.375, 7.103102575226728e-23, nan 
-58.875, 79.375, 8.103236466821044e-23, nan 
-58.625, 79.375, 8.278366785537231e-23, nan 
-58.375, 79.375, 5.582005129665044e-23, nan 
-58.125, 79.375, 5.557724122511489e-23, nan 
-57.875, 79.375, 5.956606111637862e-23, nan 
-57.625, 79.375, 6.050830446746729e-23, nan 
-57.375, 79.375, 1.0464453374958219e-22, nan 
-57.125, 79.375, 2.2209051669861535e-22, nan 
-56.875, 79.375, 2.9172522828236385e-22, nan 
-56.625, 79.375, 3.1817247917042727e-22, nan 
-56.375, 79.375, 3.278112385445042e-22, nan 
-56.125, 79.375, 3.2138416807492704e-22, nan 
-55.875, 79.375, 4.34356516343655e-22, nan 
-55.625, 79.375, 4.055370411361648e-22, nan 
-55.375, 79.375, 3.9649031177596753e-22, nan 
-55.125, 79.375, 3.8544323518679953e-22, nan 
-54.875, 79.375, 3.8905522115248723e-22, nan 
-54.625, 79.375, 3.8368419421387473e-22, nan 
-54.375, 79.375, 3.5711346301261153e-22, nan 
-54.125, 79.375, 3.5313822296218957e-22, nan 
-53.875, 79.375, 3.419781187090602e-22, nan 
-53.625, 79.375, 3.523872403590152e-22, nan 
-53.375, 79.375, 2.5280561392176563e-22, nan 
-53.125, 79.375, 2.2336169459259577e-22, nan 
-52.875, 79.375, 2.715248842881574e-22, nan 
-52.625, 79.375, 2.22137026613133e-22, nan 
-52.375, 79.375, 2.1184807913847782e-22, nan 
-52.125, 79.375, 2.1309451053068922e-22, nan 
-51.875, 79.375, 2.082708515503395e-22, nan 
-51.625, 79.375, 2.596032130089094e-22, nan 
-51.375, 79.375, 2.6804791969407076e-22, nan 
-51.125, 79.375, 2.3884161969325307e-22, nan 
-50.875, 79.375, 1.8286471279173813e-22, nan 
-50.625, 79.375, 1.8489467740105351e-22, nan 
-50.375, 79.375, 8.304364489065034e-23, nan 
-50.125, 79.375, 2.370946591050188e-22, nan 
-49.875, 79.375, 2.0926647819512962e-22, nan 
-49.625, 79.375, 1.464479534655502e-22, nan 
-49.375, 79.375, 7.75324260973666e-23, nan 
-49.125, 79.375, 4.8757118689555814e-23, nan 
-48.875, 79.375, 1.0818979633069432e-22, nan 
-48.625, 79.375, 1.06999409875323e-22, nan 
-48.375, 79.375, 7.653842738044246e-23, nan 
-48.125, 79.375, 6.375743553287318e-23, nan 
-47.875, 79.375, 4.0949603360404457e-23, nan 
-47.625, 79.375, 5.634232746664753e-23, nan 
-47.375, 79.375, 4.848131968325088e-23, nan 
-47.125, 79.375, 3.9349351540982963e-23, nan 
-46.875, 79.375, 3.5179371079243525e-23, nan 
-46.625, 79.375, 3.53419513766142e-23, nan 
-46.375, 79.375, 4.483682658793957e-23, nan 
-46.125, 79.375, 4.41056414571784e-23, nan 
-45.875, 79.375, 4.279711024755749e-23, nan 
-45.625, 79.375, 3.756180943673255e-23, nan 
-45.375, 79.375, 3.570216804161518e-23, nan 
-45.125, 79.375, 3.3567093075548396e-23, nan 
-44.875, 79.375, 3.260795917948531e-23, nan 
-44.625, 79.375, 2.7729541461276e-23, nan 
-44.375, 79.375, 2.8411457010112556e-23, nan 
-44.125, 79.375, 2.4411848570375168e-23, nan 
-43.875, 79.375, 2.5541381170388617e-23, nan 
-43.625, 79.375, 2.2614961295331678e-23, nan 
-43.375, 79.375, 2.3499040764249827e-23, nan 
-43.125, 79.375, 2.371857271876196e-23, nan 
-42.875, 79.375, 2.1897304160789182e-23, nan 
-42.625, 79.375, 2.0030096152908523e-23, nan 
-42.375, 79.375, 1.918977360425236e-23, nan 
-42.125, 79.375, 2.0385547619107598e-23, nan 
-41.875, 79.375, 2.105324659064723e-23, nan 
-41.625, 79.375, 2.261247639960692e-23, nan 
-41.375, 79.375, 2.1660244749746948e-23, nan 
-41.125, 79.375, 1.9863919843060987e-23, nan 
-40.875, 79.375, 2.0569125844033537e-23, nan 
-40.625, 79.375, 2.124403900766724e-23, nan 
-40.375, 79.375, 2.3191310971736554e-23, nan 
-40.125, 79.375, 2.395616987911165e-23, nan 
-39.875, 79.375, 2.724098360528284e-23, nan 
-39.625, 79.375, 2.857529199547917e-23, nan 
-39.375, 79.375, 2.803332323838021e-23, nan 
-39.125, 79.375, 2.2092330455818252e-23, nan 
-38.875, 79.375, 1.613725934282668e-23, nan 
-38.625, 79.375, 1.7020845229364327e-23, nan 
-38.375, 79.375, 1.9407434330289996e-23, nan 
-38.125, 79.375, 1.98563272763068e-23, nan 
-37.875, 79.375, 1.4405929600843205e-23, nan 
-37.625, 79.375, 1.940429237648699e-23, nan 
-37.375, 79.375, 1.7580610540334575e-23, nan 
-37.125, 79.375, 3.7683796312699485e-23, nan 
-36.875, 79.375, 4.29617321292538e-23, nan 
-36.625, 79.375, 4.615102979709079e-23, nan 
-36.375, 79.375, 4.2355701711850173e-23, nan 
-36.125, 79.375, 4.5601677510502e-23, nan 
-35.875, 79.375, 3.702391939978927e-23, nan 
-35.625, 79.375, 4.0669091776140246e-23, nan 
-35.375, 79.375, 4.599833776679011e-23, nan 
-35.125, 79.375, 4.7680000893310743e-23, nan 
-34.875, 79.375, 4.7748885203114607e-23, nan 
-34.625, 79.375, 3.121838642308132e-23, nan 
-34.375, 79.375, 2.6017479194188936e-23, nan 
-34.125, 79.375, 2.819798983610962e-23, nan 
-33.875, 79.375, 2.162628118140976e-23, nan 
-33.625, 79.375, 1.8297648832453614e-23, nan 
-33.375, 79.375, 1.6805577640500437e-23, nan 
-33.125, 79.375, 2.125361141310233e-23, nan 
-32.875, 79.375, 2.2407372972889498e-23, nan 
-32.625, 79.375, 2.2698088918225724e-23, nan 
-32.375, 79.375, 2.398112390660377e-23, nan 
-32.125, 79.375, 2.1575486490318422e-23, nan 
-31.875, 79.375, 1.5190273308755368e-23, nan 
-31.625, 79.375, 2.330384498858215e-23, nan 
-31.375, 79.375, 1.6237575305979906e-23, nan 
-31.125, 79.375, 1.3889518941921668e-23, nan 
-30.875, 79.375, 1.7956483954163053e-23, nan 
-30.625, 79.375, 2.404824540992269e-23, nan 
-30.375, 79.375, 2.350193912219758e-23, nan 
-30.125, 79.375, 2.217363220120988e-23, nan 
-29.875, 79.375, 1.2950836349915874e-23, nan 
-29.625, 79.375, 1.0781304523252568e-23, nan 
-29.375, 79.375, 8.370491868771027e-24, nan 
-29.125, 79.375, 1.7730379599676618e-23, nan 
-28.875, 79.375, 2.9601366494731816e-23, nan 
-28.625, 79.375, 3.219317494311479e-23, nan 
-28.375, 79.375, 4.114705113301707e-23, nan 
-28.125, 79.375, 4.768567350824208e-23, nan 
-27.875, 79.375, 2.8439461556896304e-23, nan 
-27.625, 79.375, 2.841927199036409e-23, nan 
-27.375, 79.375, 2.965455019214714e-23, nan 
-27.125, 79.375, 3.252960445138101e-23, nan 
-26.875, 79.375, 3.175168389881191e-23, nan 
-26.625, 79.375, 3.0527658305754966e-23, nan 
-26.375, 79.375, 2.746573915133869e-23, nan 
-26.125, 79.375, 4.038691067648841e-23, nan 
-25.875, 79.375, 5.2256900314560145e-23, nan 
-25.625, 79.375, 4.606593780296218e-23, nan 
-25.375, 79.375, 5.2741903294965425e-23, nan 
-25.125, 79.375, 4.377531398685949e-23, nan 
-24.875, 79.375, 5.367776263534042e-23, nan 
-24.625, 79.375, 6.595163304866637e-23, nan 
-24.375, 79.375, 5.372856160255767e-23, nan 
-24.125, 79.375, 7.715530634013785e-23, nan 
-23.875, 79.375, 8.486401150533102e-23, nan 
-23.625, 79.375, 7.386466566398771e-23, nan 
-23.375, 79.375, 1.0123896187453679e-22, nan 
-23.125, 79.375, 1.4771747057354735e-22, nan 
-22.875, 79.375, 1.7833403173667054e-22, nan 
-22.625, 79.375, 1.9182622343136663e-22, nan 
-22.375, 79.375, 1.318148412457122e-22, nan 
-22.125, 79.375, 1.6702446455601916e-22, nan 
-21.875, 79.375, 1.8625764737597157e-22, nan 
-21.625, 79.375, 1.6521088416636936e-22, nan 
-21.375, 79.375, 1.7082001618980753e-22, nan 
-21.125, 79.375, 1.1726346022489147e-22, nan 
-20.875, 79.375, 1.1722169934442486e-22, nan 
-20.625, 79.375, 7.766887928623894e-23, nan 
-20.375, 79.375, 5.551505074759158e-23, nan 
-20.125, 79.375, 8.614729632663242e-23, nan 
-19.875, 79.375, 9.800236720779548e-23, nan 
-19.625, 79.375, 9.33518735411134e-23, nan 
-19.375, 79.375, 7.906056077672308e-23, nan 
-19.125, 79.375, 6.129664998532237e-23, nan 
-18.875, 79.375, 6.072892846830336e-23, nan 
-18.625, 79.375, 1.1414558996864629e-22, nan 
-18.375, 79.375, 1.3622566063931505e-22, nan 
-18.125, 79.375, 2.203389188351045e-22, nan 
-17.875, 79.375, 2.4144510450886877e-22, nan 
-17.625, 79.375, 2.369112853307283e-22, nan 
-17.375, 79.375, 2.3606220328555714e-22, nan 
-17.125, 79.375, 2.4134231212740146e-22, nan 
-16.875, 79.375, 2.664747577524594e-22, nan 
-16.625, 79.375, 2.8376242277651265e-22, nan 
-16.375, 79.375, 2.9247259531255405e-22, nan 
-16.125, 79.375, 2.702448054489433e-22, nan 
-15.875, 79.375, 2.282806831617912e-22, nan 
-15.625, 79.375, 2.1062810134095367e-22, nan 
-15.375, 79.375, 2.258164271067269e-22, nan 
-15.125, 79.375, 2.49087224377525e-22, nan 
-14.875, 79.375, 2.4137810725719992e-22, nan 
-14.625, 79.375, 2.174257210812775e-22, nan 
-14.375, 79.375, 1.7457515030541253e-22, nan 
-14.125, 79.375, 1.6547119585251978e-22, nan 
-13.875, 79.375, 1.469690505809505e-22, nan 
-13.625, 79.375, 1.3537056108695375e-22, nan 
-13.375, 79.375, 1.2724533341189386e-22, nan 
-13.125, 79.375, 1.2366729210807714e-22, nan 
-12.875, 79.375, 1.3016535358177414e-22, nan 
-12.625, 79.375, 1.38943641357982e-22, nan 
-12.375, 79.375, 1.5442492551779867e-22, nan 
-12.125, 79.375, 1.860376663588479e-22, nan 
-11.875, 79.375, 1.6455442396020638e-22, nan 
-11.625, 79.375, 1.428368720311397e-22, nan 
-11.375, 79.375, 1.1727413422666601e-22, nan 
-11.125, 79.375, 1.0991918269675608e-22, nan 
-10.875, 79.375, 2.383416439769625e-22, nan 
-10.625, 79.375, 2.53579749191768e-22, nan 
-10.375, 79.375, 2.64098420636985e-22, nan 
-10.125, 79.375, 2.8359091979456484e-22, nan 
-9.875, 79.375, 2.8704902276685407e-22, nan 
-9.625, 79.375, 2.5970034664818155e-22, nan 
-9.375, 79.375, 2.4109191570184824e-22, nan 
-9.125, 79.375, 2.127557646182399e-22, nan 
-8.875, 79.375, 2.2358392705422927e-22, nan 
-8.625, 79.375, 2.643406128200428e-22, nan 
-8.375, 79.375, 2.421495460339333e-22, nan 
-8.125, 79.375, 2.488100160716865e-22, nan 
-7.875, 79.375, 2.166108761507268e-22, nan 
-7.625, 79.375, 2.059756018464878e-22, nan 
-7.375, 79.375, 2.0039379025629562e-22, nan 
-7.125, 79.375, 1.9714790474125952e-22, nan 
-6.875, 79.375, 4.214338536881076e-23, nan 
-6.625, 79.375, 1.7449197676947833e-22, nan 
-6.375, 79.375, 9.67503233230358e-23, nan 
-6.125, 79.375, 4.6098966359758345e-23, nan 
-5.875, 79.375, 7.228533556630047e-23, nan 
-5.625, 79.375, 5.794937926988741e-23, nan 
-5.375, 79.375, 1.0374347666760014e-22, nan 
-5.125, 79.375, 7.41196874441802e-23, nan 
-4.875, 79.375, 5.747616284618338e-23, nan 
-4.625, 79.375, 8.143798053564691e-23, nan 
-4.375, 79.375, 7.848797942758441e-23, nan 
-4.125, 79.375, 1.1604855745215627e-22, nan 
-3.875, 79.375, 8.40196392084635e-23, nan 
-3.625, 79.375, 9.767444709693438e-23, nan 
-3.375, 79.375, 1.237251851622744e-22, nan 
-3.125, 79.375, 1.769194759458617e-22, nan 
-2.875, 79.375, 1.738430983755612e-22, nan 
-2.625, 79.375, 1.864275570459095e-22, nan 
-2.375, 79.375, 1.4570536389005737e-22, nan 
-2.125, 79.375, 1.3451561240071909e-22, nan 
-1.875, 79.375, 1.7825964782722004e-22, nan 
-1.625, 79.375, 1.6920350312981085e-22, nan 
-1.375, 79.375, 1.7550332408321648e-22, nan 
-1.125, 79.375, 1.2291984237717152e-22, nan 
-0.875, 79.375, 1.335519124051595e-22, nan 
-0.625, 79.375, 1.0421535807236008e-22, nan 
-0.375, 79.375, 7.191871905728573e-23, nan 
-0.125, 79.375, 8.206720854624657e-23, nan 
0.125, 79.375, 3.296574749897565e-23, nan 
0.375, 79.375, 4.246331513390279e-23, nan 
0.625, 79.375, 4.3579519398768317e-23, nan 
0.875, 79.375, 4.951183714766474e-23, nan 
1.125, 79.375, 6.829303657446875e-23, nan 
1.375, 79.375, 4.497180028897532e-23, nan 
1.625, 79.375, 6.89986067288953e-23, nan 
1.875, 79.375, 6.432503232414038e-23, nan 
2.125, 79.375, 6.563747743224858e-23, nan 
2.375, 79.375, 7.45596810401169e-23, nan 
2.625, 79.375, 7.46458644513476e-23, nan 
2.875, 79.375, 1.2262911736811286e-22, nan 
3.125, 79.375, 1.1806735080173198e-22, nan 
3.375, 79.375, 1.1190106897868327e-22, nan 
3.625, 79.375, 9.915052123380477e-23, nan 
3.875, 79.375, 9.48209820530201e-23, nan 
4.125, 79.375, 9.638441180280514e-23, nan 
4.375, 79.375, 1.3190537132646404e-22, nan 
4.625, 79.375, 9.330540294037324e-23, nan 
4.875, 79.375, 7.090555694286902e-23, nan 
5.125, 79.375, 4.751121706715554e-23, nan 
5.375, 79.375, 3.892106594292169e-23, nan 
5.625, 79.375, 7.406174266629405e-23, nan 
5.875, 79.375, 6.319121442708597e-23, nan 
6.125, 79.375, 6.810397969559013e-23, nan 
6.375, 79.375, 9.448534507684663e-23, nan 
6.625, 79.375, 9.284080966619025e-23, nan 
6.875, 79.375, 7.726225504197891e-23, nan 
7.125, 79.375, 7.590059850653405e-23, nan 
7.375, 79.375, 9.836755178346405e-23, nan 
7.625, 79.375, 1.4913569634656444e-22, nan 
7.875, 79.375, 1.701285922644017e-22, nan 
8.125, 79.375, 1.4387229196626552e-22, nan 
8.375, 79.375, 1.5136262194201999e-22, nan 
8.625, 79.375, 1.0214273987986015e-22, nan 
8.875, 79.375, 8.744785358259034e-23, nan 
9.125, 79.375, 1.0712635620029277e-22, nan 
9.375, 79.375, 9.895901952138922e-23, nan 
9.625, 79.375, 1.0229526026729994e-22, nan 
9.875, 79.375, 6.992302144180971e-23, nan 
10.125, 79.375, 4.6413592403267537e-23, nan 
10.375, 79.375, 3.785489524961844e-23, nan 
10.625, 79.375, 3.154117986451627e-23, nan 
10.875, 79.375, 2.3036789058407957e-23, nan 
11.125, 79.375, 2.844104620704685e-23, nan 
11.375, 79.375, 1.547386070237577e-23, nan 
11.625, 79.375, 1.5194850781888667e-23, nan 
11.875, 79.375, 2.1952924697198524e-23, nan 
12.125, 79.375, 3.0859186916238627e-23, nan 
12.375, 79.375, 1.186607145316398e-23, nan 
12.625, 79.375, 9.05366262271988e-24, nan 
12.875, 79.375, 1.6124702757518984e-23, nan 
13.125, 79.375, 3.9119012222366436e-23, nan 
13.375, 79.375, 7.59075323020197e-23, nan 
13.625, 79.375, 8.172553080238981e-23, nan 
13.875, 79.375, 8.0503113532844e-23, nan 
14.125, 79.375, 7.160134850212692e-23, nan 
14.375, 79.375, 7.056754924581061e-23, nan 
14.625, 79.375, 6.559157761035975e-23, nan 
14.875, 79.375, 6.595390570534022e-23, nan 
15.125, 79.375, 6.588910983389977e-23, nan 
15.375, 79.375, 6.124453062370269e-23, nan 
15.625, 79.375, 5.0033770964136784e-23, nan 
15.875, 79.375, 4.954696558510793e-23, nan 
16.125, 79.375, 2.2933906250100117e-23, nan 
16.375, 79.375, 1.9978117393372795e-23, nan 
16.625, 79.375, 2.5360797145950368e-23, nan 
16.875, 79.375, 4.500788010135934e-23, nan 
17.125, 79.375, 7.213106114827216e-23, nan 
17.375, 79.375, 9.703547703721602e-23, nan 
17.625, 79.375, 9.632039166621345e-23, nan 
17.875, 79.375, 8.387477366348882e-23, nan 
18.125, 79.375, 7.035409695442315e-23, nan 
18.375, 79.375, 8.885141721965286e-23, nan 
18.625, 79.375, 9.465384180743514e-23, nan 
18.875, 79.375, 9.159662476869937e-23, nan 
19.125, 79.375, 5.475031814090667e-23, nan 
19.375, 79.375, 2.6079541026051293e-23, nan 
19.625, 79.375, 7.315150195160399e-24, nan 
19.875, 79.375, 4.1633454149471804e-24, nan 
20.125, 79.375, 3.521238587345738e-24, nan 
20.375, 79.375, 3.355452872170366e-24, nan 
20.625, 79.375, 3.635807240360186e-24, nan 
20.875, 79.375, 3.289253447296071e-24, nan 
21.125, 79.375, 3.459152175861031e-24, nan 
21.375, 79.375, 3.632709034276973e-24, nan 
21.625, 79.375, 3.1102338512741203e-24, nan 
21.875, 79.375, 3.723220857603701e-24, nan 
22.125, 79.375, 4.909533104337328e-24, nan 
22.375, 79.375, 6.267506758318714e-24, nan 
22.625, 79.375, 1.4105354920147223e-23, nan 
22.875, 79.375, 4.35972478451121e-23, nan 
23.125, 79.375, 4.2683565811948094e-23, nan 
23.375, 79.375, 4.7547903806927687e-23, nan 
23.625, 79.375, 4.8711368104744515e-23, nan 
23.875, 79.375, 4.628790807176254e-23, nan 
24.125, 79.375, 4.7589589678855296e-23, nan 
24.375, 79.375, 4.719284676828558e-23, nan 
24.625, 79.375, 4.563672538310869e-23, nan 
24.875, 79.375, 3.8367660303289686e-23, nan 
25.125, 79.375, 3.83788536119795e-23, nan 
25.375, 79.375, 3.9276665471057974e-23, nan 
25.625, 79.375, 3.5540740044811354e-23, nan 
25.875, 79.375, 3.280218308857492e-23, nan 
26.125, 79.375, 4.630276592684558e-23, nan 
26.375, 79.375, 4.8955864170724955e-23, nan 
26.625, 79.375, 5.121524900767835e-23, nan 
26.875, 79.375, 4.525180397782347e-23, nan 
27.125, 79.375, 3.7808641799147857e-23, nan 
27.375, 79.375, 2.9780722655724244e-23, nan 
27.625, 79.375, 2.846145357546006e-23, nan 
27.875, 79.375, 2.782435691938788e-23, nan 
28.125, 79.375, 2.4148318130841588e-23, nan 
28.375, 79.375, 1.8677478208686932e-23, nan 
28.625, 79.375, 1.510099742145507e-23, nan 
28.875, 79.375, 1.355840094177182e-23, nan 
29.125, 79.375, 1.1744316217393929e-23, nan 
29.375, 79.375, 1.0836136505152214e-23, nan 
29.625, 79.375, 1.0236622962618927e-23, nan 
29.875, 79.375, 7.562506734001007e-24, nan 
30.125, 79.375, 7.227124642279587e-24, nan 
30.375, 79.375, 8.223203703995957e-24, nan 
30.625, 79.375, 9.73918874495247e-24, nan 
30.875, 79.375, 8.703148840212143e-24, nan 
31.125, 79.375, 7.507386479615942e-24, nan 
31.375, 79.375, 6.965392626805933e-24, nan 
31.625, 79.375, 6.5066861277325e-24, nan 
31.875, 79.375, 5.4524935402324e-24, nan 
32.125, 79.375, 4.987769603703431e-24, nan 
32.375, 79.375, 5.179681422189712e-24, nan 
32.625, 79.375, 4.5806296472804845e-24, nan 
32.875, 79.375, 4.750953596494688e-24, nan 
33.125, 79.375, 4.168110772782682e-24, nan 
33.375, 79.375, 4.1828467786774264e-24, nan 
33.625, 79.375, 3.635362526784405e-24, nan 
33.875, 79.375, 3.38078444087226e-24, nan 
34.125, 79.375, 3.1747533503957186e-24, nan 
34.375, 79.375, 3.3855032877057e-24, nan 
34.625, 79.375, 3.222027660815244e-24, nan 
34.875, 79.375, 3.027232894502203e-24, nan 
35.125, 79.375, 3.37535289849838e-24, nan 
35.375, 79.375, 2.9706806205372018e-24, nan 
35.625, 79.375, 2.3723112443210746e-24, nan 
35.875, 79.375, 1.4273381476435961e-24, nan 
36.125, 79.375, 1.1088391181391658e-24, nan 
36.375, 79.375, 2.5998642379291872e-24, nan 
36.625, 79.375, 3.305529909598135e-24, nan 
36.875, 79.375, 3.7848942274610634e-24, nan 
37.125, 79.375, 3.551834147693923e-24, nan 
37.375, 79.375, 4.881486551161391e-24, nan 
37.625, 79.375, 5.0616287241396596e-24, nan 
37.875, 79.375, 5.211921937838293e-24, nan 
38.125, 79.375, 5.528110294414309e-24, nan 
38.375, 79.375, 4.6637936916990815e-24, nan 
38.625, 79.375, 4.386896488643068e-24, nan 
38.875, 79.375, 4.5089982002666144e-24, nan 
39.125, 79.375, 4.0213132348395295e-24, nan 
39.375, 79.375, 3.887548999385885e-24, nan 
39.625, 79.375, 3.225781776864258e-24, nan 
39.875, 79.375, 3.1484028030934756e-24, nan 
40.125, 79.375, 2.0623462520576746e-24, nan 
40.375, 79.375, 2.269593721524146e-24, nan 
40.625, 79.375, 2.666299212156843e-24, nan 
40.875, 79.375, 1.95045128987731e-24, nan 
41.125, 79.375, 1.2914398461599484e-24, nan 
41.375, 79.375, 8.44077891293782e-25, nan 
41.625, 79.375, 8.215583972578064e-25, nan 
41.875, 79.375, 7.502024992229849e-25, nan 
42.125, 79.375, 6.319820282615451e-25, nan 
42.375, 79.375, 4.3363682833915545e-25, nan 
42.625, 79.375, 1.0124044067701051e-24, nan 
42.875, 79.375, 9.022008816418061e-25, nan 
43.125, 79.375, 6.421952140276483e-25, nan 
43.375, 79.375, 6.835346171938544e-25, nan 
43.625, 79.375, 6.594746816082856e-25, nan 
43.875, 79.375, 6.707097216657618e-25, nan 
44.125, 79.375, 7.239578635489127e-25, nan 
44.375, 79.375, 1.1620396179361564e-24, nan 
44.625, 79.375, 5.273529262540102e-25, nan 
44.875, 79.375, 5.7408834619496395e-25, nan 
45.125, 79.375, 5.089403493205251e-25, nan 
45.375, 79.375, 9.023982297902538e-25, nan 
45.625, 79.375, 1.706720618012535e-24, nan 
45.875, 79.375, 1.2154669157810267e-24, nan 
46.125, 79.375, 1.1836079090859536e-24, nan 
46.375, 79.375, 1.2982765716276633e-24, nan 
46.625, 79.375, 1.617968202303999e-24, nan 
46.875, 79.375, 2.3343057640461923e-24, nan 
47.125, 79.375, 2.0332108140163714e-24, nan 
47.375, 79.375, 2.0565274181652383e-24, nan 
47.625, 79.375, 2.4331296457137106e-24, nan 
47.875, 79.375, 2.304870313178297e-24, nan 
48.125, 79.375, 2.556201916125084e-24, nan 
48.375, 79.375, 2.538401497481212e-24, nan 
48.625, 79.375, 2.836503251405199e-24, nan 
48.875, 79.375, 3.568366341628944e-24, nan 
49.125, 79.375, 3.713427849946056e-24, nan 
49.375, 79.375, 4.025394506209574e-24, nan 
49.625, 79.375, 3.945106969113586e-24, nan 
49.875, 79.375, 3.0735275486243725e-24, nan 
50.125, 79.375, 2.8441196509375704e-24, nan 
50.375, 79.375, 2.7662422147636193e-24, nan 
50.625, 79.375, 3.269908447324148e-24, nan 
50.875, 79.375, 3.3848015251030686e-24, nan 
51.125, 79.375, 3.1318467558806048e-24, nan 
51.375, 79.375, 2.6234706593811956e-24, nan 
51.625, 79.375, 1.792253610680376e-24, nan 
51.875, 79.375, 1.2452842651617003e-24, nan 
52.125, 79.375, 1.4443326062481285e-24, nan 
52.375, 79.375, 2.83190039301021e-25, nan 
52.625, 79.375, 1.1777196700857633e-24, nan 
52.875, 79.375, 8.732425783942835e-25, nan 
53.125, 79.375, 1.888856531650428e-24, nan 
53.375, 79.375, 1.4578915517822588e-24, nan 
53.625, 79.375, 1.0172976381096862e-24, nan 
53.875, 79.375, 9.38858924917093e-25, nan 
54.125, 79.375, 1.0054592604343447e-24, nan 
54.375, 79.375, 1.1008472980882563e-24, nan 
54.625, 79.375, 8.427503239252047e-25, nan 
54.875, 79.375, 7.464866162325761e-25, nan 
55.125, 79.375, 9.656044896106062e-25, nan 
55.375, 79.375, 1.1036696027602758e-24, nan 
55.625, 79.375, 7.965094600001453e-25, nan 
55.875, 79.375, 5.75784811690955e-25, nan 
56.125, 79.375, 1.0164611892706311e-24, nan 
56.375, 79.375, 1.0117213999200405e-24, nan 
56.625, 79.375, 8.691927240925963e-25, nan 
56.875, 79.375, 8.58049509928431e-25, nan 
57.125, 79.375, 7.517256819176579e-25, nan 
57.375, 79.375, 1.1000995127755033e-24, nan 
57.625, 79.375, 3.945641087557156e-24, nan 
57.875, 79.375, 3.669781805558652e-24, nan 
58.125, 79.375, 3.7338434819177955e-24, nan 
58.375, 79.375, 4.027558279386014e-24, nan 
58.625, 79.375, 3.8741969733347716e-24, nan 
58.875, 79.375, 5.3656758031762246e-24, nan 
59.125, 79.375, 4.857310078419147e-24, nan 
59.375, 79.375, 5.087161709245519e-24, nan 
59.625, 79.375, 5.6990334101847175e-24, nan 
59.875, 79.375, 6.158998175957824e-24, nan 
60.125, 79.375, 7.554000245363702e-24, nan 
60.375, 79.375, 1.0014588590692975e-23, nan 
60.625, 79.375, 1.1978879586515368e-23, nan 
60.875, 79.375, 1.5587778875557257e-23, nan 
61.125, 79.375, 2.1609887210446294e-23, nan 
61.375, 79.375, 1.7353289472420555e-23, nan 
61.625, 79.375, 1.1620444714527568e-23, nan 
61.875, 79.375, 5.709065914668312e-24, nan 
62.125, 79.375, 5.603951223734146e-24, nan 
-100.375, 79.625, 8.238464255686e-24, nan 
-100.125, 79.625, 4.7977099390246346e-24, nan 
-99.875, 79.625, 1.367644435939968e-23, nan 
-99.625, 79.625, 2.8252314875297454e-23, nan 
-99.375, 79.625, 1.5218411001777015e-23, nan 
-99.125, 79.625, 1.0568039617193128e-23, nan 
-98.875, 79.625, 8.498431906182114e-24, nan 
-98.625, 79.625, 1.0238408551412874e-23, nan 
-98.375, 79.625, 1.7853589569430038e-23, nan 
-98.125, 79.625, 1.5911163702728232e-23, nan 
-97.875, 79.625, 1.0756586015985206e-23, nan 
-97.625, 79.625, 1.6161889089742695e-23, nan 
-97.375, 79.625, 1.3617714217482457e-23, nan 
-97.125, 79.625, 1.420064417745365e-23, nan 
-96.875, 79.625, 2.6486465616935146e-23, nan 
-96.625, 79.625, 2.4193443079163534e-23, nan 
-96.375, 79.625, 2.548337472584925e-23, nan 
-96.125, 79.625, 2.4539170374057612e-23, nan 
-95.875, 79.625, 1.5920847230444217e-23, nan 
-95.625, 79.625, 1.4685288628902715e-23, nan 
-95.375, 79.625, 1.3197460851478644e-23, nan 
-95.125, 79.625, 1.4086660622071064e-23, nan 
-94.875, 79.625, 2.5093678278554853e-23, nan 
-94.625, 79.625, 2.5989104899956643e-23, nan 
-94.375, 79.625, 2.077213542736737e-23, nan 
-94.125, 79.625, 1.596990283241322e-23, nan 
-93.875, 79.625, 2.0153006636989256e-23, nan 
-93.625, 79.625, 2.254561712229382e-23, nan 
-93.375, 79.625, 2.3642948402948525e-23, nan 
-93.125, 79.625, 2.284331554689856e-23, nan 
-92.875, 79.625, 1.6979095943519622e-23, nan 
-92.625, 79.625, 2.475238289527799e-23, nan 
-92.375, 79.625, 3.0123068925506293e-23, nan 
-92.125, 79.625, 3.0155230222051485e-23, nan 
-91.875, 79.625, 3.532258868069063e-23, nan 
-91.625, 79.625, 3.4144975666447866e-23, nan 
-91.375, 79.625, 3.738743744293052e-23, nan 
-91.125, 79.625, 3.765243951175776e-23, nan 
-90.875, 79.625, 4.089725091877616e-23, nan 
-90.625, 79.625, 5.1976452164275166e-23, nan 
-90.375, 79.625, 3.584038409946792e-23, nan 
-90.125, 79.625, 4.232729863760764e-23, nan 
-89.875, 79.625, 6.01128391475111e-23, nan 
-89.625, 79.625, 6.875106078127463e-23, nan 
-89.375, 79.625, 7.755956128312167e-23, nan 
-89.125, 79.625, 7.05183764108645e-23, nan 
-88.875, 79.625, 6.59158964472518e-23, nan 
-88.625, 79.625, 6.515446986616504e-23, nan 
-88.375, 79.625, 5.1403258695199033e-23, nan 
-88.125, 79.625, 6.875147425705259e-23, nan 
-87.875, 79.625, 5.53705830830919e-23, nan 
-87.625, 79.625, 6.698407358534691e-23, nan 
-87.375, 79.625, 7.215713664968202e-23, nan 
-87.125, 79.625, 6.468446679937049e-23, nan 
-86.875, 79.625, 6.600374111481988e-23, nan 
-86.625, 79.625, 5.800875910924284e-23, nan 
-86.375, 79.625, 6.868711168329515e-23, nan 
-86.125, 79.625, 6.246567638097745e-23, nan 
-85.875, 79.625, 5.603653927773283e-23, nan 
-85.625, 79.625, 4.742191862904247e-23, nan 
-85.375, 79.625, 5.6142682611935e-23, nan 
-85.125, 79.625, 4.6184687996693535e-23, nan 
-84.875, 79.625, 3.9960502915506747e-23, nan 
-84.625, 79.625, 5.1279896877506666e-23, nan 
-84.375, 79.625, 4.247656529433177e-23, nan 
-84.125, 79.625, 4.8262094342673093e-23, nan 
-83.875, 79.625, 4.2752407544359655e-23, nan 
-83.625, 79.625, 3.3825607347709993e-23, nan 
-83.375, 79.625, 2.952713838241489e-23, nan 
-83.125, 79.625, 3.215478600178743e-23, nan 
-82.875, 79.625, 4.686761112566247e-23, nan 
-82.625, 79.625, 3.7976121771716953e-23, nan 
-82.375, 79.625, 4.063755105936041e-23, nan 
-82.125, 79.625, 3.9225542376444506e-23, nan 
-81.875, 79.625, 3.5613853235543974e-23, nan 
-81.625, 79.625, 1.982378113494841e-23, nan 
-81.375, 79.625, 3.141512167930089e-23, nan 
-81.125, 79.625, 1.738903558768755e-23, nan 
-80.875, 79.625, 1.967488894623473e-23, nan 
-80.625, 79.625, 3.3797162354857505e-23, nan 
-80.375, 79.625, 3.824641377642807e-23, nan 
-80.125, 79.625, 2.412172664402475e-23, nan 
-79.875, 79.625, 3.09382907156091e-23, nan 
-79.625, 79.625, 4.5429918070639544e-23, nan 
-79.375, 79.625, 5.066802377118063e-23, nan 
-79.125, 79.625, 8.503001982415003e-23, nan 
-78.875, 79.625, 6.543304925050367e-23, nan 
-78.625, 79.625, 8.529327247310596e-23, nan 
-78.375, 79.625, 9.036717640042659e-23, nan 
-78.125, 79.625, 9.87640016194492e-23, nan 
-77.875, 79.625, 8.93095583522153e-23, nan 
-77.625, 79.625, 7.166319032217956e-23, nan 
-77.375, 79.625, 8.149684932955185e-23, nan 
-77.125, 79.625, 1.0963890348334753e-22, nan 
-76.875, 79.625, 1.160122695487868e-22, nan 
-76.625, 79.625, 1.1131087880456812e-22, nan 
-76.375, 79.625, 8.704013203705061e-23, nan 
-76.125, 79.625, 8.640111086399751e-23, nan 
-75.875, 79.625, 9.558819756786367e-23, nan 
-75.625, 79.625, 1.0580246488758394e-22, nan 
-75.375, 79.625, 7.42939835592093e-23, nan 
-75.125, 79.625, 9.431509882559743e-23, nan 
-74.875, 79.625, 7.978155776120023e-23, nan 
-74.625, 79.625, 1.0650106543626275e-22, nan 
-74.375, 79.625, 7.923718558570163e-23, nan 
-74.125, 79.625, 6.954152139074607e-23, nan 
-73.875, 79.625, 8.355322371905507e-23, nan 
-73.625, 79.625, 9.331937720279824e-23, nan 
-73.375, 79.625, 8.181842835233153e-23, nan 
-73.125, 79.625, 8.003435886653367e-23, nan 
-72.875, 79.625, 5.652103718089432e-23, nan 
-72.625, 79.625, 4.700181737333792e-23, nan 
-72.375, 79.625, 4.7939789448037e-23, nan 
-72.125, 79.625, 4.111939694735909e-23, nan 
-71.875, 79.625, 3.962967544207465e-23, nan 
-71.625, 79.625, 4.262555288486581e-23, nan 
-71.375, 79.625, 4.0190009511190746e-23, nan 
-71.125, 79.625, 2.984790565603242e-23, nan 
-70.875, 79.625, 3.649086868560166e-23, nan 
-70.625, 79.625, 3.1106550589109425e-23, nan 
-70.375, 79.625, 2.6111261268866037e-23, nan 
-70.125, 79.625, 3.1734145234534795e-23, nan 
-69.875, 79.625, 2.359170920116383e-23, nan 
-69.625, 79.625, 2.6966245856675955e-23, nan 
-69.375, 79.625, 2.694616936394311e-23, nan 
-69.125, 79.625, 2.6145164592736608e-23, nan 
-68.875, 79.625, 2.87420576602343e-23, nan 
-68.625, 79.625, 1.8131561247340762e-23, nan 
-68.375, 79.625, 1.8214191090241032e-23, nan 
-68.125, 79.625, 1.9798180996204204e-23, nan 
-67.875, 79.625, 3.283242265316627e-23, nan 
-67.625, 79.625, 3.612160973814648e-23, nan 
-67.375, 79.625, 3.2882242065223934e-23, nan 
-67.125, 79.625, 3.0107681982988474e-23, nan 
-66.875, 79.625, 2.5052791437151124e-23, nan 
-66.625, 79.625, 2.488091588028108e-23, nan 
-66.375, 79.625, 4.0095026596381835e-23, nan 
-66.125, 79.625, 3.2934396824601975e-23, nan 
-65.875, 79.625, 4.294865213338341e-23, nan 
-65.625, 79.625, 4.078326970516428e-23, nan 
-65.375, 79.625, 3.367877347361536e-23, nan 
-65.125, 79.625, 2.3696225434155438e-23, nan 
-64.875, 79.625, 1.7840644479683468e-23, nan 
-64.625, 79.625, 3.457604559378372e-23, nan 
-64.375, 79.625, 1.87517703822389e-23, nan 
-64.125, 79.625, 1.547606429589717e-23, nan 
-63.875, 79.625, 1.8484701998053087e-23, nan 
-63.625, 79.625, 2.3453243001073236e-23, nan 
-63.375, 79.625, 2.4866662564067928e-23, nan 
-63.125, 79.625, 2.424392760804392e-23, nan 
-62.875, 79.625, 4.4947792365140805e-23, nan 
-62.625, 79.625, 3.115001257494489e-23, nan 
-62.375, 79.625, 5.072346298644726e-23, nan 
-62.125, 79.625, 4.574042994032413e-23, nan 
-61.875, 79.625, 3.773395479865716e-23, nan 
-61.625, 79.625, 3.705914505534669e-23, nan 
-61.375, 79.625, 4.256841324625208e-23, nan 
-61.125, 79.625, 4.2646642233147265e-23, nan 
-60.875, 79.625, 4.89734343557203e-23, nan 
-60.625, 79.625, 5.676918086068801e-23, nan 
-60.375, 79.625, 5.551968172767352e-23, nan 
-60.125, 79.625, 4.017352331541355e-23, nan 
-59.875, 79.625, 2.971721042055149e-23, nan 
-59.625, 79.625, 2.900654555778449e-23, nan 
-59.375, 79.625, 5.715271324585143e-23, nan 
-59.125, 79.625, 6.992744121167944e-23, nan 
-58.875, 79.625, 5.623085613529862e-23, nan 
-58.625, 79.625, 5.206973421691873e-23, nan 
-58.375, 79.625, 1.8659776573179133e-22, nan 
-58.125, 79.625, 2.7185017130480044e-22, nan 
-57.875, 79.625, 3.2765089913845977e-22, nan 
-57.625, 79.625, 3.402840655377083e-22, nan 
-57.375, 79.625, 2.936971641521057e-22, nan 
-57.125, 79.625, 2.814539095999814e-22, nan 
-56.875, 79.625, 3.667265452133348e-22, nan 
-56.625, 79.625, 3.9736673723469683e-22, nan 
-56.375, 79.625, 3.9065753455887684e-22, nan 
-56.125, 79.625, 3.586768760238767e-22, nan 
-55.875, 79.625, 2.8270019181506824e-22, nan 
-55.625, 79.625, 2.5968801788667663e-22, nan 
-55.375, 79.625, 2.5584772624353055e-22, nan 
-55.125, 79.625, 2.4924642955607845e-22, nan 
-54.875, 79.625, 2.489339313481296e-22, nan 
-54.625, 79.625, 3.907967037635129e-23, nan 
-54.375, 79.625, 3.170098180052312e-23, nan 
-54.125, 79.625, 4.650735946041767e-23, nan 
-53.875, 79.625, 5.353926316708209e-23, nan 
-53.625, 79.625, 4.594641939650604e-23, nan 
-53.375, 79.625, 3.032294984403701e-23, nan 
-53.125, 79.625, 3.4092203103542465e-23, nan 
-52.875, 79.625, 5.514114179827711e-23, nan 
-52.625, 79.625, 6.354704921134278e-23, nan 
-52.375, 79.625, 7.696722423394967e-23, nan 
-52.125, 79.625, 1.2738396048382862e-22, nan 
-51.875, 79.625, 9.50188742349449e-23, nan 
-51.625, 79.625, 2.4861284573293685e-22, nan 
-51.375, 79.625, 2.0615287967861386e-22, nan 
-51.125, 79.625, 2.254227028812974e-22, nan 
-50.875, 79.625, 2.2666193833541425e-22, nan 
-50.625, 79.625, 2.247586851614844e-22, nan 
-50.375, 79.625, 2.328699231353424e-22, nan 
-50.125, 79.625, 1.9793019511048788e-22, nan 
-49.875, 79.625, 2.0161845936121316e-22, nan 
-49.625, 79.625, 1.9214765557753895e-22, nan 
-49.375, 79.625, 1.8222738978917687e-22, nan 
-49.125, 79.625, 3.650564437021596e-23, nan 
-48.875, 79.625, 3.4828432422382813e-23, nan 
-48.625, 79.625, 2.090246547006577e-23, nan 
-48.375, 79.625, 2.1642991310140402e-23, nan 
-48.125, 79.625, 2.493284455873987e-23, nan 
-47.875, 79.625, 3.4557657508574194e-23, nan 
-47.625, 79.625, 3.371355341219336e-23, nan 
-47.375, 79.625, 3.057652311415579e-23, nan 
-47.125, 79.625, 3.3765213249909384e-23, nan 
-46.875, 79.625, 3.191331813678667e-23, nan 
-46.625, 79.625, 3.939092050329108e-23, nan 
-46.375, 79.625, 2.933354427471254e-23, nan 
-46.125, 79.625, 3.2840343531058334e-23, nan 
-45.875, 79.625, 3.6282339802461165e-23, nan 
-45.625, 79.625, 3.894702533982798e-23, nan 
-45.375, 79.625, 4.479551506977128e-23, nan 
-45.125, 79.625, 3.8644371330085727e-23, nan 
-44.875, 79.625, 3.4384474511051633e-23, nan 
-44.625, 79.625, 3.921253004075939e-23, nan 
-44.375, 79.625, 3.938489112596594e-23, nan 
-44.125, 79.625, 3.2410815843231374e-23, nan 
-43.875, 79.625, 2.725773018466234e-23, nan 
-43.625, 79.625, 2.641541240544318e-23, nan 
-43.375, 79.625, 2.512169671026056e-23, nan 
-43.125, 79.625, 2.6963117613672246e-23, nan 
-42.875, 79.625, 2.9132022665114994e-23, nan 
-42.625, 79.625, 2.8097229875951616e-23, nan 
-42.375, 79.625, 3.0033304380425734e-23, nan 
-42.125, 79.625, 3.2078050286727193e-23, nan 
-41.875, 79.625, 3.4706440478026904e-23, nan 
-41.625, 79.625, 2.953719815872519e-23, nan 
-41.375, 79.625, 3.404061782724499e-23, nan 
-41.125, 79.625, 3.7980337837875995e-23, nan 
-40.875, 79.625, 3.315811580121291e-23, nan 
-40.625, 79.625, 3.1255922435190676e-23, nan 
-40.375, 79.625, 2.787581212401279e-23, nan 
-40.125, 79.625, 2.981014632048441e-23, nan 
-39.875, 79.625, 2.842252741372755e-23, nan 
-39.625, 79.625, 3.091165605535876e-23, nan 
-39.375, 79.625, 3.111633200747882e-23, nan 
-39.125, 79.625, 2.5547749463300963e-23, nan 
-38.875, 79.625, 3.3536813058347193e-23, nan 
-38.625, 79.625, 3.10905713354824e-23, nan 
-38.375, 79.625, 3.2334132107674654e-23, nan 
-38.125, 79.625, 3.624749271984165e-23, nan 
-37.875, 79.625, 3.7065134300257617e-23, nan 
-37.625, 79.625, 3.351584788053767e-23, nan 
-37.375, 79.625, 4.498721998775082e-23, nan 
-37.125, 79.625, 4.120216638117069e-23, nan 
-36.875, 79.625, 4.3839519482660704e-23, nan 
-36.625, 79.625, 5.123284475159492e-23, nan 
-36.375, 79.625, 4.9106427259307626e-23, nan 
-36.125, 79.625, 4.813703186156091e-23, nan 
-35.875, 79.625, 3.941647149693008e-23, nan 
-35.625, 79.625, 3.69433250335963e-23, nan 
-35.375, 79.625, 4.0574564387177974e-23, nan 
-35.125, 79.625, 4.1826387192100854e-23, nan 
-34.875, 79.625, 3.286697313925724e-23, nan 
-34.625, 79.625, 2.663222943935163e-23, nan 
-34.375, 79.625, 2.1290103881566703e-23, nan 
-34.125, 79.625, 1.9621413616069495e-23, nan 
-33.875, 79.625, 1.5379492059509846e-23, nan 
-33.625, 79.625, 1.2494255106836303e-23, nan 
-33.375, 79.625, 1.270634862920432e-23, nan 
-33.125, 79.625, 1.6108711297104855e-23, nan 
-32.875, 79.625, 2.179477187537054e-23, nan 
-32.625, 79.625, 2.4794674022090854e-23, nan 
-32.375, 79.625, 2.3510763651590886e-23, nan 
-32.125, 79.625, 1.7863732044948583e-23, nan 
-31.875, 79.625, 1.6200512812210773e-23, nan 
-31.625, 79.625, 1.532944841669387e-23, nan 
-31.375, 79.625, 1.7858204701336153e-23, nan 
-31.125, 79.625, 1.855630613183264e-23, nan 
-30.875, 79.625, 1.3289574327199726e-23, nan 
-30.625, 79.625, 7.573169090863975e-24, nan 
-30.375, 79.625, 7.0082620761146e-24, nan 
-30.125, 79.625, 1.0081022093331516e-22, nan 
-29.875, 79.625, 2.967251173105281e-23, nan 
-29.625, 79.625, 1.099297885439326e-22, nan 
-29.375, 79.625, 6.839065636685134e-23, nan 
-29.125, 79.625, 8.336164750047181e-23, nan 
-28.875, 79.625, 6.73333398298353e-23, nan 
-28.625, 79.625, 6.693083254610359e-23, nan 
-28.375, 79.625, 5.571060933717482e-23, nan 
-28.125, 79.625, 5.827605269172729e-23, nan 
-27.875, 79.625, 3.53614195160284e-23, nan 
-27.625, 79.625, 6.676464247878867e-23, nan 
-27.375, 79.625, 7.569726708821632e-23, nan 
-27.125, 79.625, 7.280182480237931e-23, nan 
-26.875, 79.625, 6.852103478084105e-23, nan 
-26.625, 79.625, 8.624710683239765e-23, nan 
-26.375, 79.625, 9.648251748981497e-23, nan 
-26.125, 79.625, 8.665581648368601e-23, nan 
-25.875, 79.625, 1.6840489764457405e-22, nan 
-25.625, 79.625, 1.8732802764718467e-22, nan 
-25.375, 79.625, 2.117564097329517e-22, nan 
-25.125, 79.625, 1.8716133487480046e-22, nan 
-24.875, 79.625, 1.92272882370506e-22, nan 
-24.625, 79.625, 2.261826628709066e-22, nan 
-24.375, 79.625, 2.3617747904089794e-22, nan 
-24.125, 79.625, 2.338693438763488e-22, nan 
-23.875, 79.625, 2.135274121152839e-22, nan 
-23.625, 79.625, 1.6971232168484855e-22, nan 
-23.375, 79.625, 1.9601496879550944e-22, nan 
-23.125, 79.625, 2.0726960569188486e-22, nan 
-22.875, 79.625, 2.1710740559832665e-22, nan 
-22.625, 79.625, 2.1093109085742256e-22, nan 
-22.375, 79.625, 1.302103985601463e-22, nan 
-22.125, 79.625, 1.8285997625742764e-22, nan 
-21.875, 79.625, 2.0293411493343944e-22, nan 
-21.625, 79.625, 1.8913014364828078e-22, nan 
-21.375, 79.625, 2.14228092714959e-22, nan 
-21.125, 79.625, 2.0877336092892284e-22, nan 
-20.875, 79.625, 1.9603554255821499e-22, nan 
-20.625, 79.625, 1.6374344052619418e-22, nan 
-20.375, 79.625, 1.6655503978380708e-22, nan 
-20.125, 79.625, 1.9184491861422265e-22, nan 
-19.875, 79.625, 3.239870952989357e-22, nan 
-19.625, 79.625, 3.1754501268931577e-22, nan 
-19.375, 79.625, 3.639557661080173e-22, nan 
-19.125, 79.625, 3.7845811588729317e-22, nan 
-18.875, 79.625, 3.7175363438399114e-22, nan 
-18.625, 79.625, 2.5222814658820476e-22, nan 
-18.375, 79.625, 2.5603562261026847e-22, nan 
-18.125, 79.625, 3.145901051064988e-22, nan 
-17.875, 79.625, 3.4036075165918936e-22, nan 
-17.625, 79.625, 3.362344272027208e-22, nan 
-17.375, 79.625, 2.513235122001198e-22, nan 
-17.125, 79.625, 2.4596237617703367e-22, nan 
-16.875, 79.625, 2.1139860645965165e-22, nan 
-16.625, 79.625, 2.1209871716150357e-22, nan 
-16.375, 79.625, 2.0200218139411116e-22, nan 
-16.125, 79.625, 1.8310880558871453e-22, nan 
-15.875, 79.625, 1.4421180767228327e-22, nan 
-15.625, 79.625, 8.196746661701124e-23, nan 
-15.375, 79.625, 6.642840580237433e-23, nan 
-15.125, 79.625, 4.767225563401762e-23, nan 
-14.875, 79.625, 8.321037351765829e-23, nan 
-14.625, 79.625, 1.126470350069252e-22, nan 
-14.375, 79.625, 1.1770403975537334e-22, nan 
-14.125, 79.625, 1.288313690596811e-22, nan 
-13.875, 79.625, 1.281087807215575e-22, nan 
-13.625, 79.625, 1.1483568305768852e-22, nan 
-13.375, 79.625, 1.1055564880544157e-22, nan 
-13.125, 79.625, 1.072740123382599e-22, nan 
-12.875, 79.625, 1.7966232972792115e-22, nan 
-12.625, 79.625, 2.0737697012127027e-22, nan 
-12.375, 79.625, 2.14244018806698e-22, nan 
-12.125, 79.625, 3.1473822558949497e-22, nan 
-11.875, 79.625, 3.2206624263709734e-22, nan 
-11.625, 79.625, 3.3404712997882446e-22, nan 
-11.375, 79.625, 3.2933445668023187e-22, nan 
-11.125, 79.625, 2.4413327421127036e-22, nan 
-10.875, 79.625, 2.627458683851485e-22, nan 
-10.625, 79.625, 2.840340623127925e-22, nan 
-10.375, 79.625, 2.9564160186790775e-22, nan 
-10.125, 79.625, 2.940306209579025e-22, nan 
-9.875, 79.625, 2.453496750430626e-22, nan 
-9.625, 79.625, 1.671693763738441e-22, nan 
-9.375, 79.625, 1.4524003655789418e-22, nan 
-9.125, 79.625, 1.0584625160276888e-22, nan 
-8.875, 79.625, 5.808294486808347e-23, nan 
-8.625, 79.625, 1.5701731180054678e-23, nan 
-8.375, 79.625, 8.260719725500739e-24, nan 
-8.125, 79.625, 6.865845228772736e-24, nan 
-7.875, 79.625, 3.2315861689332173e-24, nan 
-7.625, 79.625, 2.3461744467225936e-24, nan 
-7.375, 79.625, 5.58611491602107e-24, nan 
-7.125, 79.625, 9.316781723556562e-24, nan 
-6.875, 79.625, 2.521869038914787e-23, nan 
-6.625, 79.625, 4.624055506105052e-23, nan 
-6.375, 79.625, 4.987751926199852e-23, nan 
-6.125, 79.625, 7.112289853192779e-23, nan 
-5.875, 79.625, 7.647650980681141e-23, nan 
-5.625, 79.625, 7.832429575867659e-23, nan 
-5.375, 79.625, 6.962166215038312e-23, nan 
-5.125, 79.625, 5.336036436929006e-23, nan 
-4.875, 79.625, 6.950530805740901e-23, nan 
-4.625, 79.625, 1.0298309346452243e-22, nan 
-4.375, 79.625, 1.4473929974448125e-22, nan 
-4.125, 79.625, 1.4364436984213885e-22, nan 
-3.875, 79.625, 1.0590624664895337e-22, nan 
-3.625, 79.625, 8.8038116001032e-23, nan 
-3.375, 79.625, 1.1216135774668503e-22, nan 
-3.125, 79.625, 1.4620735480260814e-22, nan 
-2.875, 79.625, 1.5369465622491714e-22, nan 
-2.625, 79.625, 1.4192119810849254e-22, nan 
-2.375, 79.625, 6.00171861863531e-23, nan 
-2.125, 79.625, 2.957309591051754e-23, nan 
-1.875, 79.625, 1.0052105467141283e-23, nan 
-1.625, 79.625, 1.1405461631245175e-23, nan 
-1.375, 79.625, 3.324104351838675e-24, nan 
-1.125, 79.625, 1.1013923684317352e-23, nan 
-0.875, 79.625, 1.0202994783868442e-23, nan 
-0.625, 79.625, 6.449123604310008e-24, nan 
-0.375, 79.625, 1.2045571405285542e-23, nan 
-0.125, 79.625, 1.7037804879799164e-23, nan 
0.125, 79.625, 1.558267201009392e-23, nan 
0.375, 79.625, 1.7090123616811756e-23, nan 
0.625, 79.625, 1.389723047567916e-23, nan 
0.875, 79.625, 1.2789198895659283e-23, nan 
1.125, 79.625, 1.3347761176877236e-23, nan 
1.375, 79.625, 1.493215639761648e-23, nan 
1.625, 79.625, 1.4575830017807198e-23, nan 
1.875, 79.625, 1.3445828827973243e-23, nan 
2.125, 79.625, 1.7546382335329562e-23, nan 
2.375, 79.625, 1.7886397506538013e-23, nan 
2.625, 79.625, 1.8342030257131822e-23, nan 
2.875, 79.625, 2.2246377967157072e-23, nan 
3.125, 79.625, 2.9738274905918124e-23, nan 
3.375, 79.625, 2.714345825198056e-23, nan 
3.625, 79.625, 2.5248791700367364e-23, nan 
3.875, 79.625, 2.797457441445746e-23, nan 
4.125, 79.625, 5.467186609991966e-23, nan 
4.375, 79.625, 7.21884691080667e-23, nan 
4.625, 79.625, 5.44960945657379e-23, nan 
4.875, 79.625, 4.139108595555415e-23, nan 
5.125, 79.625, 2.411524424821299e-23, nan 
5.375, 79.625, 4.632513511045125e-23, nan 
5.625, 79.625, 2.80130700564657e-23, nan 
5.875, 79.625, 3.428386796243725e-23, nan 
6.125, 79.625, 7.134436562184068e-23, nan 
6.375, 79.625, 2.5559638769925126e-23, nan 
6.625, 79.625, 9.699901705127696e-23, nan 
6.875, 79.625, 4.9486895509299346e-23, nan 
7.125, 79.625, 1.0128894940365294e-22, nan 
7.375, 79.625, 8.850295630469033e-23, nan 
7.625, 79.625, 9.435999415193966e-23, nan 
7.875, 79.625, 1.2350305750555616e-22, nan 
8.125, 79.625, 9.675098182664566e-23, nan 
8.375, 79.625, 1.1890118800104314e-22, nan 
8.625, 79.625, 8.731624992930578e-23, nan 
8.875, 79.625, 4.547546318401398e-23, nan 
9.125, 79.625, 3.4732277455234715e-23, nan 
9.375, 79.625, 2.847982515424017e-23, nan 
9.625, 79.625, 3.063651140337454e-23, nan 
9.875, 79.625, 4.8193541740558856e-23, nan 
10.125, 79.625, 3.997862749394709e-23, nan 
10.375, 79.625, 2.700639614409165e-23, nan 
10.625, 79.625, 2.3763020599450153e-23, nan 
10.875, 79.625, 1.8374576781426944e-23, nan 
11.125, 79.625, 1.7275771533183152e-23, nan 
11.375, 79.625, 2.4241478686032575e-23, nan 
11.625, 79.625, 2.3196238269522732e-23, nan 
11.875, 79.625, 2.051503712900294e-23, nan 
12.125, 79.625, 1.9700083818910884e-23, nan 
12.375, 79.625, 1.935728125924865e-23, nan 
12.625, 79.625, 1.13176495738894e-23, nan 
12.875, 79.625, 1.2058244448221154e-23, nan 
13.125, 79.625, 2.8957931522035324e-23, nan 
13.375, 79.625, 1.769507820048407e-23, nan 
13.625, 79.625, 1.9551146087361193e-23, nan 
13.875, 79.625, 8.296349897301771e-24, nan 
14.125, 79.625, 1.7691048848577633e-23, nan 
14.375, 79.625, 3.974775501420233e-23, nan 
14.625, 79.625, 3.9735702701107265e-23, nan 
14.875, 79.625, 6.412023554609769e-23, nan 
15.125, 79.625, 8.080422387981276e-23, nan 
15.375, 79.625, 7.64300160819025e-23, nan 
15.625, 79.625, 7.157102491879884e-23, nan 
15.875, 79.625, 5.761365243345207e-23, nan 
16.125, 79.625, 6.500536374164315e-23, nan 
16.375, 79.625, 1.2646009862065332e-22, nan 
16.625, 79.625, 1.4644883704467347e-22, nan 
16.875, 79.625, 1.426422231036484e-22, nan 
17.125, 79.625, 8.404390261759866e-23, nan 
17.375, 79.625, 8.02965158673578e-23, nan 
17.625, 79.625, 1.0184594648741118e-22, nan 
17.875, 79.625, 1.0745137775108402e-22, nan 
18.125, 79.625, 9.590522992718128e-23, nan 
18.375, 79.625, 5.795507889502338e-23, nan 
18.625, 79.625, 1.6541526043080594e-23, nan 
18.875, 79.625, 1.4119028517895836e-23, nan 
19.125, 79.625, 1.130913529593896e-23, nan 
19.375, 79.625, 1.1292595407140194e-23, nan 
19.625, 79.625, 1.1559875196198754e-23, nan 
19.875, 79.625, 1.0622474075156911e-23, nan 
20.125, 79.625, 8.688727186620234e-24, nan 
20.375, 79.625, 9.057507837710814e-24, nan 
20.625, 79.625, 6.862935520711443e-24, nan 
20.875, 79.625, 9.593591323642951e-24, nan 
21.125, 79.625, 7.9304904122869e-24, nan 
21.375, 79.625, 1.1580041425871e-23, nan 
21.625, 79.625, 1.2959464077613055e-23, nan 
21.875, 79.625, 9.77839248869911e-24, nan 
22.125, 79.625, 2.1085061678644184e-23, nan 
22.375, 79.625, 1.9236619383217305e-23, nan 
22.625, 79.625, 1.429587944565969e-23, nan 
22.875, 79.625, 2.2669669770935354e-23, nan 
23.125, 79.625, 2.386225053075323e-23, nan 
23.375, 79.625, 2.1324523391827272e-23, nan 
23.625, 79.625, 1.1333209697673352e-23, nan 
23.875, 79.625, 1.5523577293838887e-23, nan 
24.125, 79.625, 2.518375585233258e-23, nan 
24.375, 79.625, 3.430639818874255e-23, nan 
24.625, 79.625, 2.009376755895122e-23, nan 
24.875, 79.625, 1.8007731653272845e-23, nan 
25.125, 79.625, 2.2540578564007367e-23, nan 
25.375, 79.625, 1.603435627288813e-23, nan 
25.625, 79.625, 1.1674909631881521e-23, nan 
25.875, 79.625, 1.4754648368260137e-23, nan 
26.125, 79.625, 2.7335062876314205e-23, nan 
26.375, 79.625, 3.0043488909751625e-23, nan 
26.625, 79.625, 3.2732921369426524e-23, nan 
26.875, 79.625, 2.911200178568473e-23, nan 
27.125, 79.625, 2.552264214996558e-23, nan 
27.375, 79.625, 1.4630378061611568e-23, nan 
27.625, 79.625, 1.9512159101157285e-23, nan 
27.875, 79.625, 1.8696402691925722e-23, nan 
28.125, 79.625, 1.6997272486255047e-23, nan 
28.375, 79.625, 1.2516821401182066e-23, nan 
28.625, 79.625, 1.955809949940003e-23, nan 
28.875, 79.625, 2.3997682023376552e-23, nan 
29.125, 79.625, 2.5558652637035998e-23, nan 
29.375, 79.625, 1.8588958105030537e-23, nan 
29.625, 79.625, 2.2204190334790596e-23, nan 
29.875, 79.625, 2.8308521080904786e-23, nan 
30.125, 79.625, 3.067623033843321e-23, nan 
30.375, 79.625, 2.3256102871445593e-23, nan 
30.625, 79.625, 1.1830524627743146e-23, nan 
30.875, 79.625, 6.862783437476555e-24, nan 
31.125, 79.625, 5.812072228712924e-24, nan 
31.375, 79.625, 6.171956635450076e-24, nan 
31.625, 79.625, 4.1144881603571e-24, nan 
31.875, 79.625, 4.338317312534195e-24, nan 
32.125, 79.625, 4.069572714697647e-24, nan 
32.375, 79.625, 4.287404573070528e-24, nan 
32.625, 79.625, 5.017843736084016e-24, nan 
32.875, 79.625, 5.467547212948526e-24, nan 
33.125, 79.625, 6.440634684138057e-24, nan 
33.375, 79.625, 7.06352563448637e-24, nan 
33.625, 79.625, 6.492011897353906e-24, nan 
33.875, 79.625, 6.215322425004411e-24, nan 
34.125, 79.625, 6.350443547016885e-24, nan 
34.375, 79.625, 5.992806621039944e-24, nan 
34.625, 79.625, 6.303619882199263e-24, nan 
34.875, 79.625, 6.367572051283871e-24, nan 
35.125, 79.625, 1.0895670979114341e-23, nan 
35.375, 79.625, 1.3602655084634632e-23, nan 
35.625, 79.625, 1.5411069159139688e-23, nan 
35.875, 79.625, 1.3343081642187315e-23, nan 
36.125, 79.625, 1.0968621995257379e-23, nan 
36.375, 79.625, 9.374842161252087e-24, nan 
36.625, 79.625, 6.5438718415077656e-24, nan 
36.875, 79.625, 7.429869381677996e-24, nan 
37.125, 79.625, 6.189016439994094e-24, nan 
37.375, 79.625, 7.055628947803598e-24, nan 
37.625, 79.625, 6.977744534676307e-24, nan 
37.875, 79.625, 6.4321294381933425e-24, nan 
38.125, 79.625, 5.972405772874034e-24, nan 
38.375, 79.625, 5.201177895578423e-24, nan 
38.625, 79.625, 4.3321756250219555e-24, nan 
38.875, 79.625, 5.099065299453835e-24, nan 
39.125, 79.625, 4.431675635096972e-24, nan 
39.375, 79.625, 3.541905798310158e-24, nan 
39.625, 79.625, 4.1525352210663646e-24, nan 
39.875, 79.625, 4.267977330314429e-24, nan 
40.125, 79.625, 4.327129910068489e-24, nan 
40.375, 79.625, 3.876304513959657e-24, nan 
40.625, 79.625, 3.653198218977996e-24, nan 
40.875, 79.625, 3.360576132933906e-24, nan 
41.125, 79.625, 3.183985501229591e-24, nan 
41.375, 79.625, 2.1611916324948043e-24, nan 
41.625, 79.625, 2.3715641151073694e-24, nan 
41.875, 79.625, 2.1446602661277256e-24, nan 
42.125, 79.625, 1.6830116152325397e-24, nan 
42.375, 79.625, 1.4520121131307698e-24, nan 
42.625, 79.625, 1.760394432312697e-24, nan 
42.875, 79.625, 1.992104150560309e-24, nan 
43.125, 79.625, 1.5760896483352326e-24, nan 
43.375, 79.625, 1.5086075572508546e-24, nan 
43.625, 79.625, 1.3940557110711984e-24, nan 
43.875, 79.625, 1.962986587673952e-24, nan 
44.125, 79.625, 3.0705694521731898e-24, nan 
44.375, 79.625, 2.6201604893501462e-24, nan 
44.625, 79.625, 3.6039111171878736e-24, nan 
44.875, 79.625, 3.2669511390957342e-24, nan 
45.125, 79.625, 3.604571265939932e-24, nan 
45.375, 79.625, 3.1433272976314136e-24, nan 
45.625, 79.625, 2.7294967116892218e-24, nan 
45.875, 79.625, 2.8250212903969666e-24, nan 
46.125, 79.625, 2.713792764420846e-24, nan 
46.375, 79.625, 3.265096634546473e-24, nan 
46.625, 79.625, 3.1961257998997403e-24, nan 
46.875, 79.625, 3.162921131453768e-24, nan 
47.125, 79.625, 3.1719260166463403e-24, nan 
47.375, 79.625, 4.599865671307855e-24, nan 
47.625, 79.625, 4.3567468744314934e-24, nan 
47.875, 79.625, 5.45190428662685e-24, nan 
48.125, 79.625, 5.3768882185456014e-24, nan 
48.375, 79.625, 4.823050403695057e-24, nan 
48.625, 79.625, 3.6721413637176765e-24, nan 
48.875, 79.625, 4.208838211457799e-24, nan 
49.125, 79.625, 4.791216197712762e-24, nan 
49.375, 79.625, 4.446668672176144e-24, nan 
49.625, 79.625, 3.744819539596823e-24, nan 
49.875, 79.625, 2.6917495223635908e-24, nan 
50.125, 79.625, 2.8708593317780676e-24, nan 
50.375, 79.625, 3.2250499419329324e-24, nan 
50.625, 79.625, 3.587082201785219e-24, nan 
50.875, 79.625, 3.1346255978989548e-24, nan 
51.125, 79.625, 3.998689987131435e-24, nan 
51.375, 79.625, 3.126335208509961e-24, nan 
51.625, 79.625, 2.599831668978128e-24, nan 
51.875, 79.625, 2.828302943050321e-24, nan 
52.125, 79.625, 3.738255051994593e-24, nan 
52.375, 79.625, 4.8235249009238864e-24, nan 
52.625, 79.625, 3.7300214812026926e-24, nan 
52.875, 79.625, 3.2140431194274256e-24, nan 
53.125, 79.625, 2.9036834406726405e-24, nan 
53.375, 79.625, 2.3778406801053807e-24, nan 
53.625, 79.625, 2.7974884562291424e-24, nan 
53.875, 79.625, 2.39035565798758e-24, nan 
54.125, 79.625, 2.1536951059026626e-24, nan 
54.375, 79.625, 2.0694017348439673e-24, nan 
54.625, 79.625, 1.4402779112157765e-24, nan 
54.875, 79.625, 1.4934165746712096e-24, nan 
55.125, 79.625, 1.795628202586143e-24, nan 
55.375, 79.625, 1.3334380231052452e-24, nan 
55.625, 79.625, 8.861076969982602e-25, nan 
55.875, 79.625, 8.857505510171105e-25, nan 
56.125, 79.625, 8.210833892116236e-25, nan 
56.375, 79.625, 1.937916928590735e-24, nan 
56.625, 79.625, 1.6073051572756524e-24, nan 
56.875, 79.625, 1.2423624770416906e-24, nan 
57.125, 79.625, 1.2679431861996023e-24, nan 
57.375, 79.625, 6.15940943600193e-25, nan 
57.625, 79.625, 6.648938492650688e-25, nan 
57.875, 79.625, 1.9363257632981726e-24, nan 
58.125, 79.625, 2.9406185854620075e-24, nan 
58.375, 79.625, 3.9290989041301414e-24, nan 
58.625, 79.625, 4.2545692173744086e-24, nan 
58.875, 79.625, 5.032216471413804e-24, nan 
59.125, 79.625, 4.1156381001859624e-24, nan 
59.375, 79.625, 3.8484787007540025e-24, nan 
59.625, 79.625, 4.0273885337643245e-24, nan 
59.875, 79.625, 4.24044272718963e-24, nan 
60.125, 79.625, 4.1749403137811684e-24, nan 
60.375, 79.625, 3.527769399620056e-24, nan 
60.625, 79.625, 3.132900073558344e-24, nan 
60.875, 79.625, 2.88003249659364e-24, nan 
61.125, 79.625, 2.508793897788936e-24, nan 
61.375, 79.625, 2.6901238927500164e-24, nan 
61.625, 79.625, 3.2732658310190146e-24, nan 
61.875, 79.625, 3.491651790106919e-24, nan 
62.125, 79.625, 2.997877185824622e-24, nan 
62.375, 79.625, 2.5254437742621122e-24, nan 
62.625, 79.625, 2.1539519316734946e-24, nan 
62.875, 79.625, 1.620132709804194e-24, nan 
63.125, 79.625, 1.2066079356177517e-24, nan 
63.375, 79.625, 1.260267373018774e-24, nan 
63.625, 79.625, 1.3425501914485049e-24, nan 
63.875, 79.625, 1.641078347634633e-24, nan 
64.125, 79.625, 1.71227212735261e-24, nan 
64.375, 79.625, 1.9105588922765706e-24, nan 
64.625, 79.625, 1.8018550006539614e-24, nan 
64.875, 79.625, 1.801492679110226e-24, nan 
65.125, 79.625, 1.9835174361341332e-24, nan 
65.375, 79.625, 2.4754312237192e-24, nan 
65.625, 79.625, 2.307286700721801e-24, nan 
-100.625, 79.875, 9.749837129520426e-24, nan 
-100.375, 79.875, 6.17779007144611e-24, nan 
-100.125, 79.875, 4.638672688711813e-24, nan 
-99.875, 79.875, 7.820273323470185e-24, nan 
-99.625, 79.875, 1.3942905422756582e-23, nan 
-99.375, 79.875, 6.529288098456423e-24, nan 
-99.125, 79.875, 6.798811620845649e-24, nan 
-98.875, 79.875, 8.302460926804414e-24, nan 
-98.625, 79.875, 4.534228993604475e-24, nan 
-98.375, 79.875, 1.744607530552085e-24, nan 
-98.125, 79.875, 6.906781267844552e-24, nan 
-97.875, 79.875, 9.250066895475654e-24, nan 
-97.625, 79.875, 9.089998020043092e-24, nan 
-97.375, 79.875, 8.060382625281926e-24, nan 
-97.125, 79.875, 1.78003501155964e-23, nan 
-96.875, 79.875, 2.684770817260922e-23, nan 
-96.625, 79.875, 2.745162599466175e-23, nan 
-96.375, 79.875, 2.3526527339480248e-23, nan 
-96.125, 79.875, 2.805988327464707e-23, nan 
-95.875, 79.875, 2.599010968739613e-23, nan 
-95.625, 79.875, 2.9827514390212947e-23, nan 
-95.375, 79.875, 2.839612813325283e-23, nan 
-95.125, 79.875, 1.935541510957912e-23, nan 
-94.875, 79.875, 1.9733579033046594e-23, nan 
-94.625, 79.875, 1.457415848006564e-23, nan 
-94.375, 79.875, 1.6071512493493274e-23, nan 
-94.125, 79.875, 1.9032712210985877e-23, nan 
-93.875, 79.875, 2.0820876533791795e-23, nan 
-93.625, 79.875, 2.0359186043179195e-23, nan 
-93.375, 79.875, 2.2428408220018063e-23, nan 
-93.125, 79.875, 2.4732893592725466e-23, nan 
-92.875, 79.875, 2.7255254008011735e-23, nan 
-92.625, 79.875, 2.940058567552813e-23, nan 
-92.375, 79.875, 2.828669859568547e-23, nan 
-92.125, 79.875, 3.1044642111219295e-23, nan 
-91.875, 79.875, 3.1920174520534183e-23, nan 
-91.625, 79.875, 3.531234911846932e-23, nan 
-91.375, 79.875, 3.5925669503911264e-23, nan 
-91.125, 79.875, 3.609205513263654e-23, nan 
-90.875, 79.875, 3.772238099305081e-23, nan 
-90.625, 79.875, 4.0593978022865247e-23, nan 
-90.375, 79.875, 4.3904529827840517e-23, nan 
-90.125, 79.875, 5.389921162329626e-23, nan 
-89.875, 79.875, 4.682113552659858e-23, nan 
-89.625, 79.875, 5.102008357285513e-23, nan 
-89.375, 79.875, 4.7398231026388226e-23, nan 
-89.125, 79.875, 3.8531100193117153e-23, nan 
-88.875, 79.875, 4.045387917316533e-23, nan 
-88.625, 79.875, 2.907503952527526e-23, nan 
-88.375, 79.875, 3.310839623847289e-23, nan 
-88.125, 79.875, 1.8733910375556958e-23, nan 
-87.875, 79.875, 2.3122631778943558e-23, nan 
-87.625, 79.875, 1.5347878421168067e-23, nan 
-87.375, 79.875, 1.722192679066271e-23, nan 
-87.125, 79.875, 2.194291059398237e-23, nan 
-86.875, 79.875, 1.8639723096972968e-23, nan 
-86.625, 79.875, 2.6547067527960266e-23, nan 
-86.375, 79.875, 1.5559409056661252e-23, nan 
-86.125, 79.875, 1.7590043575850193e-23, nan 
-85.875, 79.875, 2.4700369453434703e-23, nan 
-85.625, 79.875, 1.91359319256124e-23, nan 
-85.375, 79.875, 1.0604602444953684e-23, nan 
-85.125, 79.875, 1.2200329562742046e-23, nan 
-84.875, 79.875, 1.1047010633586411e-23, nan 
-84.625, 79.875, 2.1088479684054433e-23, nan 
-84.375, 79.875, 1.7345121768308197e-23, nan 
-84.125, 79.875, 2.1678922764316595e-23, nan 
-83.875, 79.875, 1.0934583464185836e-23, nan 
-83.625, 79.875, 1.4401505439732933e-23, nan 
-83.375, 79.875, 2.2227584319900443e-23, nan 
-83.125, 79.875, 1.8025779781334155e-23, nan 
-82.875, 79.875, 2.2184832758753474e-23, nan 
-82.625, 79.875, 2.4609558628774363e-23, nan 
-82.375, 79.875, 5.126217562108832e-23, nan 
-82.125, 79.875, 2.4213791615821344e-23, nan 
-81.875, 79.875, 1.580223149111177e-23, nan 
-81.625, 79.875, 1.3734683949770448e-23, nan 
-81.375, 79.875, 2.3750478879648957e-23, nan 
-81.125, 79.875, 4.811896662454641e-23, nan 
-80.875, 79.875, 5.099162700136418e-23, nan 
-80.625, 79.875, 6.871032470408527e-23, nan 
-80.375, 79.875, 1.086656692197411e-22, nan 
-80.125, 79.875, 9.058368939850834e-23, nan 
-79.875, 79.875, 9.165542164948853e-23, nan 
-79.625, 79.875, 7.845925434493002e-23, nan 
-79.375, 79.875, 8.022757358909515e-23, nan 
-79.125, 79.875, 1.0977060919001352e-22, nan 
-78.875, 79.875, 9.433826732812576e-23, nan 
-78.625, 79.875, 1.082586129674499e-22, nan 
-78.375, 79.875, 1.0315839022796507e-22, nan 
-78.125, 79.875, 1.0932984535416112e-22, nan 
-77.875, 79.875, 1.0198770032042389e-22, nan 
-77.625, 79.875, 9.760321617984744e-23, nan 
-77.375, 79.875, 9.990255127448575e-23, nan 
-77.125, 79.875, 1.1696934190391017e-22, nan 
-76.875, 79.875, 1.1769011327796285e-22, nan 
-76.625, 79.875, 1.2202663018712063e-22, nan 
-76.375, 79.875, 1.029753787268422e-22, nan 
-76.125, 79.875, 1.1094786445393354e-22, nan 
-75.875, 79.875, 1.0367724730341339e-22, nan 
-75.625, 79.875, 1.2941020089604133e-22, nan 
-75.375, 79.875, 1.1099486727333383e-22, nan 
-75.125, 79.875, 1.2208083739258307e-22, nan 
-74.875, 79.875, 1.151524892867245e-22, nan 
-74.625, 79.875, 1.170957688960389e-22, nan 
-74.375, 79.875, 1.1464837639794416e-22, nan 
-74.125, 79.875, 1.1070441048129798e-22, nan 
-73.875, 79.875, 1.2051801944000944e-22, nan 
-73.625, 79.875, 1.187974716665525e-22, nan 
-73.375, 79.875, 1.2592518364683266e-22, nan 
-73.125, 79.875, 1.197916766761672e-22, nan 
-72.875, 79.875, 1.1485366897612764e-22, nan 
-72.625, 79.875, 1.272405821012237e-22, nan 
-72.375, 79.875, 1.3021767381314742e-22, nan 
-72.125, 79.875, 1.2252751358783738e-22, nan 
-71.875, 79.875, 1.3372591433571224e-22, nan 
-71.625, 79.875, 1.1556083799472586e-22, nan 
-71.375, 79.875, 1.0662852867950741e-22, nan 
-71.125, 79.875, 1.2465565312020279e-22, nan 
-70.875, 79.875, 1.2266041614000241e-22, nan 
-70.625, 79.875, 1.2253565055085794e-22, nan 
-70.375, 79.875, 1.2392872975788453e-22, nan 
-70.125, 79.875, 1.0002551297021663e-22, nan 
-69.875, 79.875, 7.475377155046503e-23, nan 
-69.625, 79.875, 6.174667376186149e-23, nan 
-69.375, 79.875, 5.749417542781741e-23, nan 
-69.125, 79.875, 5.808876219958393e-23, nan 
-68.875, 79.875, 3.705396962155417e-23, nan 
-68.625, 79.875, 2.842325676236948e-23, nan 
-68.375, 79.875, 3.536237677073376e-23, nan 
-68.125, 79.875, 4.1675219079517455e-23, nan 
-67.875, 79.875, 5.006314858439279e-23, nan 
-67.625, 79.875, 3.8917577031989193e-23, nan 
-67.375, 79.875, 3.058498725886927e-23, nan 
-67.125, 79.875, 2.0699014801771562e-23, nan 
-66.875, 79.875, 2.5811082387852873e-23, nan 
-66.625, 79.875, 1.993570960629823e-23, nan 
-66.375, 79.875, 2.018351520031841e-23, nan 
-66.125, 79.875, 2.4511052915786684e-23, nan 
-65.875, 79.875, 2.721261672968537e-23, nan 
-65.625, 79.875, 3.3206254477020714e-23, nan 
-65.375, 79.875, 2.4915816982880117e-23, nan 
-65.125, 79.875, 1.439991728392441e-23, nan 
-64.875, 79.875, 1.395392326892567e-23, nan 
-64.625, 79.875, 1.1612860735726614e-23, nan 
-64.375, 79.875, 2.0314256782808712e-23, nan 
-64.125, 79.875, 1.7501687672152464e-23, nan 
-63.875, 79.875, 3.5757047332626815e-23, nan 
-63.625, 79.875, 2.743565375508647e-23, nan 
-63.375, 79.875, 3.2748679976137944e-23, nan 
-63.125, 79.875, 1.8817945461531037e-23, nan 
-62.875, 79.875, 8.518839231555979e-24, nan 
-62.625, 79.875, 2.5768014577594042e-23, nan 
-62.375, 79.875, 2.0863300238995924e-23, nan 
-62.125, 79.875, 1.861432086528052e-23, nan 
-61.875, 79.875, 1.4736682139927667e-23, nan 
-61.625, 79.875, 2.252272063493981e-23, nan 
-61.375, 79.875, 2.8906012947995885e-23, nan 
-61.125, 79.875, 3.4256152582834173e-23, nan 
-60.875, 79.875, 3.5363718219270145e-23, nan 
-60.625, 79.875, 3.6837965904193173e-23, nan 
-60.375, 79.875, 4.1439523486538914e-23, nan 
-60.125, 79.875, 4.167633446997549e-23, nan 
-59.875, 79.875, 4.359048521863582e-23, nan 
-59.625, 79.875, 4.50126924660017e-23, nan 
-59.375, 79.875, 5.778134056108776e-23, nan 
-59.125, 79.875, 1.13481642445579e-22, nan 
-58.875, 79.875, 1.7718855435982505e-22, nan 
-58.625, 79.875, 2.000833450741733e-22, nan 
-58.375, 79.875, 1.9393748986069982e-22, nan 
-58.125, 79.875, 1.7948125875247804e-22, nan 
-57.875, 79.875, 1.9314071053436022e-22, nan 
-57.625, 79.875, 2.498440686390998e-22, nan 
-57.375, 79.875, 2.3893717655016365e-22, nan 
-57.125, 79.875, 1.7698512556116556e-22, nan 
-56.875, 79.875, 1.524426116440616e-22, nan 
-56.625, 79.875, 7.849732484077089e-23, nan 
-56.375, 79.875, 2.2444843234309504e-23, nan 
-56.125, 79.875, 2.435065810829046e-23, nan 
-55.875, 79.875, 2.8142081557952494e-23, nan 
-55.625, 79.875, 2.7204543440518236e-23, nan 
-55.375, 79.875, 3.2931500824980276e-23, nan 
-55.125, 79.875, 4.078669925852064e-23, nan 
-54.875, 79.875, 4.0479553484304427e-23, nan 
-54.625, 79.875, 3.978516942196969e-23, nan 
-54.375, 79.875, 3.8500220662816e-23, nan 
-54.125, 79.875, 3.594110623640838e-23, nan 
-53.875, 79.875, 3.828226744148571e-23, nan 
-53.625, 79.875, 3.685771711861261e-23, nan 
-53.375, 79.875, 2.755796856206459e-23, nan 
-53.125, 79.875, 3.4968293799822366e-23, nan 
-52.875, 79.875, 3.430461841431822e-23, nan 
-52.625, 79.875, 3.084009440742758e-23, nan 
-52.375, 79.875, 2.6257659712529906e-23, nan 
-52.125, 79.875, 1.8748592342840587e-23, nan 
-51.875, 79.875, 1.8123489409527952e-23, nan 
-51.625, 79.875, 3.2831455602632614e-23, nan 
-51.375, 79.875, 1.727970238702144e-22, nan 
-51.125, 79.875, 1.86622953564366e-22, nan 
-50.875, 79.875, 2.0461843599910464e-22, nan 
-50.625, 79.875, 1.8196328410971915e-22, nan 
-50.375, 79.875, 1.9572727149265192e-22, nan 
-50.125, 79.875, 2.148146635312674e-22, nan 
-49.875, 79.875, 2.276826281298519e-22, nan 
-49.625, 79.875, 2.085186386067794e-22, nan 
-49.375, 79.875, 1.7873547829695788e-22, nan 
-49.125, 79.875, 1.52471137791078e-22, nan 
-48.875, 79.875, 4.166238850379503e-23, nan 
-48.625, 79.875, 3.309605655620943e-23, nan 
-48.375, 79.875, 3.784699317373442e-23, nan 
-48.125, 79.875, 2.924814119533562e-23, nan 
-47.875, 79.875, 3.396423717074636e-23, nan 
-47.625, 79.875, 4.1969104749872496e-23, nan 
-47.375, 79.875, 3.712775520487761e-23, nan 
-47.125, 79.875, 3.0073800654162973e-23, nan 
-46.875, 79.875, 2.550204227322185e-23, nan 
-46.625, 79.875, 3.6827981196204453e-23, nan 
-46.375, 79.875, 3.454927006191698e-23, nan 
-46.125, 79.875, 3.3569544027395395e-23, nan 
-45.875, 79.875, 4.9164485204628824e-23, nan 
-45.625, 79.875, 5.0577765245605723e-23, nan 
-45.375, 79.875, 4.26062568112927e-23, nan 
-45.125, 79.875, 4.252879583203135e-23, nan 
-44.875, 79.875, 4.272955386567178e-23, nan 
-44.625, 79.875, 4.6251727086030974e-23, nan 
-44.375, 79.875, 4.198334167068302e-23, nan 
-44.125, 79.875, 4.152326055114354e-23, nan 
-43.875, 79.875, 4.248576804665751e-23, nan 
-43.625, 79.875, 4.228205262354803e-23, nan 
-43.375, 79.875, 4.5209127337664767e-23, nan 
-43.125, 79.875, 4.364044944848698e-23, nan 
-42.875, 79.875, 5.349326621591402e-23, nan 
-42.625, 79.875, 5.515979709519572e-23, nan 
-42.375, 79.875, 5.958035506030257e-23, nan 
-42.125, 79.875, 4.919317593449683e-23, nan 
-41.875, 79.875, 4.854267989223451e-23, nan 
-41.625, 79.875, 5.338899458193108e-23, nan 
-41.375, 79.875, 4.853282673201584e-23, nan 
-41.125, 79.875, 4.699027004770636e-23, nan 
-40.875, 79.875, 4.386233102773983e-23, nan 
-40.625, 79.875, 3.9540972291245935e-23, nan 
-40.375, 79.875, 4.1463811760875017e-23, nan 
-40.125, 79.875, 3.903714342516163e-23, nan 
-39.875, 79.875, 3.975658334112229e-23, nan 
-39.625, 79.875, 3.417521806506379e-23, nan 
-39.375, 79.875, 3.500667627020238e-23, nan 
-39.125, 79.875, 3.403164945562003e-23, nan 
-38.875, 79.875, 3.5751328492828284e-23, nan 
-38.625, 79.875, 3.858416046867375e-23, nan 
-38.375, 79.875, 3.4458292044062576e-23, nan 
-38.125, 79.875, 3.581029253251977e-23, nan 
-37.875, 79.875, 4.038997796018134e-23, nan 
-37.625, 79.875, 3.2987094379448784e-23, nan 
-37.375, 79.875, 4.0173115944062233e-23, nan 
-37.125, 79.875, 3.5496078717146676e-23, nan 
-36.875, 79.875, 3.3556235167619636e-23, nan 
-36.625, 79.875, 3.893693339806312e-23, nan 
-36.375, 79.875, 3.8645508391371373e-23, nan 
-36.125, 79.875, 3.934046709994726e-23, nan 
-35.875, 79.875, 4.255624169669064e-23, nan 
-35.625, 79.875, 4.157419503072419e-23, nan 
-35.375, 79.875, 3.507090390560094e-23, nan 
-35.125, 79.875, 3.392747848863657e-23, nan 
-34.875, 79.875, 2.843155858356464e-23, nan 
-34.625, 79.875, 3.042562439317829e-23, nan 
-34.375, 79.875, 2.5623171590441688e-23, nan 
-34.125, 79.875, 2.367537442887117e-23, nan 
-33.875, 79.875, 2.938037261067582e-23, nan 
-33.625, 79.875, 2.9076981343862695e-23, nan 
-33.375, 79.875, 3.850845541427413e-23, nan 
-33.125, 79.875, 5.898037986608148e-23, nan 
-32.875, 79.875, 1.0054770712704739e-22, nan 
-32.625, 79.875, 1.080664055077308e-22, nan 
-32.375, 79.875, 1.017615191848924e-22, nan 
-32.125, 79.875, 1.0491403199906012e-22, nan 
-31.875, 79.875, 1.0337121643701818e-22, nan 
-31.625, 79.875, 9.281457109365896e-23, nan 
-31.375, 79.875, 1.4666546515848061e-22, nan 
-31.125, 79.875, 8.501703897951652e-23, nan 
-30.875, 79.875, 1.1778881434347845e-22, nan 
-30.625, 79.875, 1.193473992077609e-22, nan 
-30.375, 79.875, 1.4734984344075014e-22, nan 
-30.125, 79.875, 1.6447167199634386e-22, nan 
-29.875, 79.875, 1.5576024794233097e-22, nan 
-29.625, 79.875, 1.4950186249310734e-22, nan 
-29.375, 79.875, 9.664258007200705e-23, nan 
-29.125, 79.875, 1.384581929674626e-22, nan 
-28.875, 79.875, 1.295460077252742e-22, nan 
-28.625, 79.875, 1.6020969071210287e-22, nan 
-28.375, 79.875, 1.2846191404619295e-22, nan 
-28.125, 79.875, 9.781276863096378e-23, nan 
-27.875, 79.875, 1.482426726447618e-22, nan 
-27.625, 79.875, 2.5000598824837083e-22, nan 
-27.375, 79.875, 2.6206215257449626e-22, nan 
-27.125, 79.875, 2.9296456502244426e-22, nan 
-26.875, 79.875, 3.0689174086348834e-22, nan 
-26.625, 79.875, 1.5980856913813443e-22, nan 
-26.375, 79.875, 2.1315254592227724e-22, nan 
-26.125, 79.875, 2.3852109092876713e-22, nan 
-25.875, 79.875, 2.6568379176689197e-22, nan 
-25.625, 79.875, 2.890872359936444e-22, nan 
-25.375, 79.875, 2.227404774679175e-22, nan 
-25.125, 79.875, 2.005446666723596e-22, nan 
-24.875, 79.875, 2.1622470913042333e-22, nan 
-24.625, 79.875, 1.9704603557750283e-22, nan 
-24.375, 79.875, 1.832354852793212e-22, nan 
-24.125, 79.875, 1.6281305628152954e-22, nan 
-23.875, 79.875, 1.5105546958498747e-22, nan 
-23.625, 79.875, 1.427965744884463e-22, nan 
-23.375, 79.875, 1.1763270840695848e-22, nan 
-23.125, 79.875, 1.2082173016414213e-22, nan 
-22.875, 79.875, 1.3508551602434484e-22, nan 
-22.625, 79.875, 2.0703263634448265e-22, nan 
-22.375, 79.875, 1.6035334780449428e-22, nan 
-22.125, 79.875, 1.5559556458232856e-22, nan 
-21.875, 79.875, 1.6196979019105614e-22, nan 
-21.625, 79.875, 1.614303066430904e-22, nan 
-21.375, 79.875, 3.2912867350104543e-22, nan 
-21.125, 79.875, 3.021926599803927e-22, nan 
-20.875, 79.875, 3.082894510471859e-22, nan 
-20.625, 79.875, 3.7075132640360544e-22, nan 
-20.375, 79.875, 1.8600017460975396e-22, nan 
-20.125, 79.875, 2.713762168510685e-22, nan 
-19.875, 79.875, 3.2327891136065676e-22, nan 
-19.625, 79.875, 3.249627259734464e-22, nan 
-19.375, 79.875, 3.5312326554708407e-22, nan 
-19.125, 79.875, 2.534640317025557e-22, nan 
-18.875, 79.875, 2.35994284094524e-22, nan 
-18.625, 79.875, 1.2685396117139636e-22, nan 
-18.375, 79.875, 1.192932613989106e-22, nan 
-18.125, 79.875, 4.448138157834551e-23, nan 
-17.875, 79.875, 2.20776397870683e-23, nan 
-17.625, 79.875, 2.0443659945336668e-23, nan 
-17.375, 79.875, 2.1161792625826e-23, nan 
-17.125, 79.875, 2.743129387383028e-23, nan 
-16.875, 79.875, 3.4159137059679333e-23, nan 
-16.625, 79.875, 4.228476748496458e-23, nan 
-16.375, 79.875, 6.217541196499061e-23, nan 
-16.125, 79.875, 1.280531872288587e-22, nan 
-15.875, 79.875, 1.7107363019405086e-22, nan 
-15.625, 79.875, 1.6388667601898992e-22, nan 
-15.375, 79.875, 1.429282324070745e-22, nan 
-15.125, 79.875, 1.3021432769261815e-22, nan 
-14.875, 79.875, 1.5104444731478715e-22, nan 
-14.625, 79.875, 2.169208798048338e-22, nan 
-14.375, 79.875, 2.251890589867742e-22, nan 
-14.125, 79.875, 3.0395640024113766e-22, nan 
-13.875, 79.875, 3.42068454882242e-22, nan 
-13.625, 79.875, 2.898478221973087e-22, nan 
-13.375, 79.875, 1.9943024755465858e-22, nan 
-13.125, 79.875, 2.1083634922477343e-22, nan 
-12.875, 79.875, 2.457026681703103e-22, nan 
-12.625, 79.875, 2.8901435880965617e-22, nan 
-12.375, 79.875, 2.7315195866447017e-22, nan 
-12.125, 79.875, 2.445318587598121e-22, nan 
-11.875, 79.875, 2.4714460592090535e-22, nan 
-11.625, 79.875, 2.1536877713562182e-22, nan 
-11.375, 79.875, 2.123129228686187e-22, nan 
-11.125, 79.875, 1.6284763608337124e-22, nan 
-10.875, 79.875, 5.117974583868685e-23, nan 
-10.625, 79.875, 3.2988758499478193e-23, nan 
-10.375, 79.875, 2.958706923887991e-23, nan 
-10.125, 79.875, 2.717221241203354e-23, nan 
-9.875, 79.875, 2.2760570077643937e-23, nan 
-9.625, 79.875, 1.8143287821219958e-23, nan 
-9.375, 79.875, 1.6322364956891023e-23, nan 
-9.125, 79.875, 1.5567268994455596e-23, nan 
-8.875, 79.875, 1.459848052248375e-23, nan 
-8.625, 79.875, 1.3627134792985457e-23, nan 
-8.375, 79.875, 1.5086266489132654e-23, nan 
-8.125, 79.875, 8.235680291023893e-24, nan 
-7.875, 79.875, 7.086232963892481e-24, nan 
-7.625, 79.875, 7.994912905750143e-24, nan 
-7.375, 79.875, 3.97126376733483e-23, nan 
-7.125, 79.875, 6.189698308664761e-23, nan 
-6.875, 79.875, 7.289673931183555e-23, nan 
-6.625, 79.875, 6.733290253619375e-23, nan 
-6.375, 79.875, 6.60500009285674e-23, nan 
-6.125, 79.875, 4.846291617195147e-23, nan 
-5.875, 79.875, 7.949638435189487e-23, nan 
-5.625, 79.875, 8.142200930540657e-23, nan 
-5.375, 79.875, 9.093753393597522e-23, nan 
-5.125, 79.875, 9.975889352965296e-23, nan 
-4.875, 79.875, 1.0299193601455483e-22, nan 
-4.625, 79.875, 8.394662484448711e-23, nan 
-4.375, 79.875, 9.649431357754002e-23, nan 
-4.125, 79.875, 1.037633686901902e-22, nan 
-3.875, 79.875, 9.064444741413163e-23, nan 
-3.625, 79.875, 7.940576028610676e-23, nan 
-3.375, 79.875, 5.0196710984181526e-23, nan 
-3.125, 79.875, 3.266995353538081e-23, nan 
-2.875, 79.875, 2.3992793793438048e-23, nan 
-2.625, 79.875, 2.4544480571856388e-23, nan 
-2.375, 79.875, 2.0780356985394932e-23, nan 
-2.125, 79.875, 1.895537168014182e-23, nan 
-1.875, 79.875, 1.539905118149564e-23, nan 
-1.625, 79.875, 2.187869221999611e-23, nan 
-1.375, 79.875, 2.035924167562718e-23, nan 
-1.125, 79.875, 4.041913044274174e-23, nan 
-0.875, 79.875, 4.009454538950234e-23, nan 
-0.625, 79.875, 2.2669976383906517e-23, nan 
-0.375, 79.875, 1.7671896041705056e-23, nan 
-0.125, 79.875, 2.1621761318326764e-23, nan 
0.125, 79.875, 2.742272805604693e-23, nan 
0.375, 79.875, 2.9655077376047687e-23, nan 
0.625, 79.875, 1.8000951905948709e-23, nan 
0.875, 79.875, 1.4420792177831366e-23, nan 
1.125, 79.875, 1.315975775690708e-23, nan 
1.375, 79.875, 1.1266268894831458e-23, nan 
1.625, 79.875, 1.0082008746885029e-23, nan 
1.875, 79.875, 1.5717370007305017e-23, nan 
2.125, 79.875, 2.168667764627653e-23, nan 
2.375, 79.875, 3.384770385880598e-23, nan 
2.625, 79.875, 3.341382228998263e-23, nan 
2.875, 79.875, 2.3600024312914736e-23, nan 
3.125, 79.875, 1.6806857577211549e-23, nan 
3.375, 79.875, 2.2114680639697542e-23, nan 
3.625, 79.875, 3.784116253691086e-23, nan 
3.875, 79.875, 3.5320327322658936e-23, nan 
4.125, 79.875, 3.3283291472813994e-23, nan 
4.375, 79.875, 4.365320817044676e-23, nan 
4.625, 79.875, 5.63339005240778e-23, nan 
4.875, 79.875, 2.825750694727228e-23, nan 
5.125, 79.875, 2.5633472850975445e-23, nan 
5.375, 79.875, 6.666645168870995e-23, nan 
5.625, 79.875, 6.633020241983508e-23, nan 
5.875, 79.875, 7.060701903674535e-23, nan 
6.125, 79.875, 4.834387838656727e-23, nan 
6.375, 79.875, 4.03670418325195e-23, nan 
6.625, 79.875, 7.822974490412839e-23, nan 
6.875, 79.875, 5.556535917657803e-23, nan 
7.125, 79.875, 8.4835635411386e-23, nan 
7.375, 79.875, 3.6810889574162194e-23, nan 
7.625, 79.875, 3.2742438483733574e-23, nan 
7.875, 79.875, 1.166500902004082e-23, nan 
8.125, 79.875, 1.4877194599266858e-23, nan 
8.375, 79.875, 1.5943626014933306e-23, nan 
8.625, 79.875, 2.1571413068253402e-23, nan 
8.875, 79.875, 2.290464478960299e-23, nan 
9.125, 79.875, 2.3703580429890948e-23, nan 
9.375, 79.875, 2.664901479700747e-23, nan 
9.625, 79.875, 3.0607797053503297e-23, nan 
9.875, 79.875, 2.764765066865538e-23, nan 
10.125, 79.875, 2.913276781478943e-23, nan 
10.375, 79.875, 3.596309332047028e-23, nan 
10.625, 79.875, 3.749980611038565e-23, nan 
10.875, 79.875, 3.6062884433154096e-23, nan 
11.125, 79.875, 3.3503188553405536e-23, nan 
11.375, 79.875, 3.304759768751183e-23, nan 
11.625, 79.875, 3.661604450909813e-23, nan 
11.875, 79.875, 3.92077120192871e-23, nan 
12.125, 79.875, 2.215854386579313e-23, nan 
12.375, 79.875, 2.724755254509733e-23, nan 
12.625, 79.875, 2.959679154561606e-23, nan 
12.875, 79.875, 2.983134941841996e-23, nan 
13.125, 79.875, 3.237632332611196e-23, nan 
13.375, 79.875, 3.6491977884697234e-23, nan 
13.625, 79.875, 4.386861868985774e-23, nan 
13.875, 79.875, 4.892005422786135e-23, nan 
14.125, 79.875, 3.1944854485706035e-23, nan 
14.375, 79.875, 4.7107750069982037e-23, nan 
14.625, 79.875, 4.742680662187591e-23, nan 
14.875, 79.875, 7.564905544116595e-23, nan 
15.125, 79.875, 4.4364067035800704e-23, nan 
15.375, 79.875, 6.373685767575468e-23, nan 
15.625, 79.875, 7.811538970303458e-23, nan 
15.875, 79.875, 4.8006171495198644e-23, nan 
16.125, 79.875, 9.763899697185959e-23, nan 
16.375, 79.875, 7.317576506813219e-23, nan 
16.625, 79.875, 9.513036229500526e-23, nan 
16.875, 79.875, 9.756259470194216e-23, nan 
17.125, 79.875, 5.515581741832433e-23, nan 
17.375, 79.875, 5.709170070026987e-23, nan 
17.625, 79.875, 1.1262551149659562e-23, nan 
17.875, 79.875, 7.604360491268059e-24, nan 
18.125, 79.875, 8.055651739815543e-24, nan 
18.375, 79.875, 8.49540114071441e-24, nan 
18.625, 79.875, 7.374567303422938e-24, nan 
18.875, 79.875, 2.0940484013747306e-23, nan 
19.125, 79.875, 2.05399461597813e-23, nan 
19.375, 79.875, 1.8097831687934046e-23, nan 
19.625, 79.875, 2.26848315640512e-23, nan 
19.875, 79.875, 1.906754342485806e-23, nan 
20.125, 79.875, 2.3652273825634974e-23, nan 
20.375, 79.875, 2.5692647086296723e-23, nan 
20.625, 79.875, 2.3077735201460334e-23, nan 
20.875, 79.875, 3.1854932496526157e-23, nan 
21.125, 79.875, 3.21707282398817e-23, nan 
21.375, 79.875, 2.9641676454263146e-23, nan 
21.625, 79.875, 2.843262906257904e-23, nan 
21.875, 79.875, 1.9777370888661114e-23, nan 
22.125, 79.875, 1.9216394957794974e-23, nan 
22.375, 79.875, 3.164279459414692e-23, nan 
22.625, 79.875, 3.421496282958843e-23, nan 
22.875, 79.875, 3.9614810692794416e-23, nan 
23.125, 79.875, 3.237930116630429e-23, nan 
23.375, 79.875, 3.0672444010841786e-23, nan 
23.625, 79.875, 2.463165461820689e-23, nan 
23.875, 79.875, 2.2253333597191258e-23, nan 
24.125, 79.875, 2.5511677106924246e-23, nan 
24.375, 79.875, 3.042740066611138e-23, nan 
24.625, 79.875, 3.2697949234925776e-23, nan 
24.875, 79.875, 2.9493357914457184e-23, nan 
25.125, 79.875, 3.554714577979806e-23, nan 
25.375, 79.875, 2.7392459848192187e-23, nan 
25.625, 79.875, 2.4709116081775377e-23, nan 
25.875, 79.875, 2.863839299035882e-23, nan 
26.125, 79.875, 2.607210921288525e-23, nan 
26.375, 79.875, 3.462951038909121e-23, nan 
26.625, 79.875, 3.3396326706027776e-23, nan 
26.875, 79.875, 3.1145712763567605e-23, nan 
27.125, 79.875, 2.7242936601760544e-23, nan 
27.375, 79.875, 1.5959699139154337e-23, nan 
27.625, 79.875, 5.0208625842601656e-23, nan 
27.875, 79.875, 4.619764307864174e-23, nan 
28.125, 79.875, 3.986649529981961e-23, nan 
28.375, 79.875, 3.822905188993509e-23, nan 
28.625, 79.875, 3.0100170600697925e-23, nan 
28.875, 79.875, 4.1399182870331653e-23, nan 
29.125, 79.875, 3.7778842785125617e-23, nan 
29.375, 79.875, 3.383625591719612e-23, nan 
29.625, 79.875, 3.623099258443554e-23, nan 
29.875, 79.875, 3.8879933665862514e-23, nan 
30.125, 79.875, 4.240475225318974e-23, nan 
30.375, 79.875, 3.2258668825377625e-23, nan 
30.625, 79.875, 3.376305551115126e-23, nan 
30.875, 79.875, 3.9881747082894654e-23, nan 
31.125, 79.875, 3.6276017845993465e-23, nan 
31.375, 79.875, 3.322906609370045e-23, nan 
31.625, 79.875, 2.3405852831034832e-23, nan 
31.875, 79.875, 1.0618857219030223e-23, nan 
32.125, 79.875, 6.967168633761313e-24, nan 
32.375, 79.875, 6.780466306291662e-24, nan 
32.625, 79.875, 9.297718844072512e-24, nan 
32.875, 79.875, 1.077963020775052e-23, nan 
33.125, 79.875, 9.31671414050104e-24, nan 
33.375, 79.875, 7.645533602681086e-24, nan 
33.625, 79.875, 5.254139478519492e-24, nan 
33.875, 79.875, 1.1422592388465259e-23, nan 
34.125, 79.875, 1.827453598910304e-23, nan 
34.375, 79.875, 2.120472407361015e-23, nan 
34.625, 79.875, 2.229648345744218e-23, nan 
34.875, 79.875, 1.4404111689655856e-23, nan 
35.125, 79.875, 1.4561097869126697e-23, nan 
35.375, 79.875, 2.1312613969162763e-23, nan 
35.625, 79.875, 2.360809256071848e-23, nan 
35.875, 79.875, 2.2079515948989603e-23, nan 
36.125, 79.875, 1.4619144596545075e-23, nan 
36.375, 79.875, 1.2275070784142651e-23, nan 
36.625, 79.875, 1.383941033691371e-23, nan 
36.875, 79.875, 1.0375486901975579e-23, nan 
37.125, 79.875, 9.157646800809125e-24, nan 
37.375, 79.875, 4.689076965577493e-24, nan 
37.625, 79.875, 3.143835710688317e-24, nan 
37.875, 79.875, 2.8205808762078622e-24, nan 
38.125, 79.875, 1.3328240128685457e-24, nan 
38.375, 79.875, 1.6316724423164238e-24, nan 
38.625, 79.875, 1.3896311855828102e-24, nan 
38.875, 79.875, 1.6045104953978186e-24, nan 
39.125, 79.875, 1.3900439560456602e-24, nan 
39.375, 79.875, 1.9682204346046725e-24, nan 
39.625, 79.875, 2.7434206580830724e-24, nan 
39.875, 79.875, 3.548938644710142e-24, nan 
40.125, 79.875, 4.497352926933469e-24, nan 
40.375, 79.875, 4.432252354889451e-24, nan 
40.625, 79.875, 3.861653149558439e-24, nan 
40.875, 79.875, 4.117702822280978e-24, nan 
41.125, 79.875, 4.251075369735364e-24, nan 
41.375, 79.875, 5.548661011244615e-24, nan 
41.625, 79.875, 6.109150260569506e-24, nan 
41.875, 79.875, 7.525773140241393e-24, nan 
42.125, 79.875, 5.4410546643444814e-24, nan 
42.375, 79.875, 9.117345639389488e-24, nan 
42.625, 79.875, 6.390915582736112e-24, nan 
42.875, 79.875, 8.90072843381641e-24, nan 
43.125, 79.875, 7.200279121446791e-24, nan 
43.375, 79.875, 4.959380111087287e-24, nan 
43.625, 79.875, 5.7364534110383505e-24, nan 
43.875, 79.875, 4.4915509882429205e-24, nan 
44.125, 79.875, 4.686324976721838e-24, nan 
44.375, 79.875, 3.999409793049601e-24, nan 
44.625, 79.875, 4.29565830765877e-24, nan 
44.875, 79.875, 3.918118125821476e-24, nan 
45.125, 79.875, 3.6497602718243454e-24, nan 
45.375, 79.875, 3.046202665154736e-24, nan 
45.625, 79.875, 2.8377184498921307e-24, nan 
45.875, 79.875, 2.6075554054254274e-24, nan 
46.125, 79.875, 2.9214109470498474e-24, nan 
46.375, 79.875, 2.831582270985573e-24, nan 
46.625, 79.875, 3.711227645112795e-24, nan 
46.875, 79.875, 3.2628336293308298e-24, nan 
47.125, 79.875, 3.395279480646114e-24, nan 
47.375, 79.875, 4.0143318024253854e-24, nan 
47.625, 79.875, 2.8076811909323826e-24, nan 
47.875, 79.875, 4.7696578278405886e-24, nan 
48.125, 79.875, 4.438162115095304e-24, nan 
48.375, 79.875, 3.9296489774788186e-24, nan 
48.625, 79.875, 1.9390109100841058e-24, nan 
48.875, 79.875, 1.051583656406504e-24, nan 
49.125, 79.875, 1.2371231362067873e-24, nan 
49.375, 79.875, 8.921756368746387e-25, nan 
49.625, 79.875, 1.0342191198814205e-24, nan 
49.875, 79.875, 8.425242681769638e-25, nan 
50.125, 79.875, 1.2366755409639384e-24, nan 
50.375, 79.875, 1.6115756551811114e-24, nan 
50.625, 79.875, 1.9233659611463834e-24, nan 
50.875, 79.875, 2.4245577465851845e-24, nan 
51.125, 79.875, 1.810447058580227e-24, nan 
51.375, 79.875, 2.3676082931866772e-24, nan 
51.625, 79.875, 2.762762217717113e-24, nan 
51.875, 79.875, 3.402679897579795e-24, nan 
52.125, 79.875, 3.824271447587897e-24, nan 
52.375, 79.875, 4.138746570766818e-24, nan 
52.625, 79.875, 3.75675831037664e-24, nan 
52.875, 79.875, 3.475466322676897e-24, nan 
53.125, 79.875, 2.604933739087354e-24, nan 
53.375, 79.875, 2.7626052867074216e-24, nan 
53.625, 79.875, 2.984719984608236e-24, nan 
53.875, 79.875, 2.978470729861039e-24, nan 
54.125, 79.875, 2.763590026551838e-24, nan 
54.375, 79.875, 2.9182028801988456e-24, nan 
54.625, 79.875, 2.7940049323623918e-24, nan 
54.875, 79.875, 2.974984542246591e-24, nan 
55.125, 79.875, 2.8660877493599314e-24, nan 
55.375, 79.875, 2.4857648923854083e-24, nan 
55.625, 79.875, 2.1985105905053045e-24, nan 
55.875, 79.875, 2.1350240196712335e-24, nan 
56.125, 79.875, 1.2099396358572947e-24, nan 
56.375, 79.875, 2.0223108638537635e-24, nan 
56.625, 79.875, 1.208228008385859e-24, nan 
56.875, 79.875, 1.06321153663542e-24, nan 
57.125, 79.875, 1.6236416591426736e-24, nan 
57.375, 79.875, 1.289005992276623e-24, nan 
57.625, 79.875, 2.146090319586531e-24, nan 
57.875, 79.875, 2.7074996286271258e-24, nan 
58.125, 79.875, 3.1104875347104624e-24, nan 
58.375, 79.875, 3.4661689425565515e-24, nan 
58.625, 79.875, 6.2725790653004e-24, nan 
58.875, 79.875, 7.837258445028078e-24, nan 
59.125, 79.875, 7.401208302134292e-24, nan 
59.375, 79.875, 6.276862535456663e-24, nan 
59.625, 79.875, 4.975309153934479e-24, nan 
59.875, 79.875, 4.74217626123751e-24, nan 
60.125, 79.875, 3.763708597368696e-24, nan 
60.375, 79.875, 2.9346997289048553e-24, nan 
60.625, 79.875, 2.3748317437815433e-24, nan 
60.875, 79.875, 1.9920441588380285e-24, nan 
61.125, 79.875, 1.515238075736427e-24, nan 
61.375, 79.875, 1.3535218682962742e-24, nan 
61.625, 79.875, 1.0243130194028455e-24, nan 
61.875, 79.875, 8.1850819908086955e-25, nan 
62.125, 79.875, 6.240172919016257e-25, nan 
62.375, 79.875, 6.670477588391421e-25, nan 
62.625, 79.875, 6.145917437402343e-25, nan 
62.875, 79.875, 5.268985601829329e-25, nan 
63.125, 79.875, 5.882751020495596e-25, nan 
63.375, 79.875, 6.13585839805927e-25, nan 
63.625, 79.875, 7.1510364705083405e-25, nan 
63.875, 79.875, 1.0072344824719242e-24, nan 
64.125, 79.875, 1.0444385499403894e-24, nan 
64.375, 79.875, 8.955621573801502e-25, nan 
64.625, 79.875, 1.0773909093711802e-24, nan 
64.875, 79.875, 1.1026824010218456e-24, nan 
65.125, 79.875, 9.384007591933315e-25, nan 
65.375, 79.875, 8.355317446563117e-25, nan 
65.625, 79.875, 9.531799388925648e-25, nan 
65.875, 79.875, 1.0185142894240012e-24, nan 
66.125, 79.875, 9.947515616510097e-25, nan 
66.375, 79.875, 1.425507415453704e-24, nan 
66.625, 79.875, 1.0619276134237234e-24, nan 
66.875, 79.875, 1.162174789143662e-24, nan 
67.125, 79.875, 1.658220682901805e-24, nan 
67.375, 79.875, 1.5570132782416117e-24, nan 
67.625, 79.875, 1.544883241364934e-24, nan 
67.875, 79.875, 1.6252128099138912e-24, nan 
68.125, 79.875, 1.721837068723564e-24, nan 
68.375, 79.875, 1.9031358118772764e-24, nan 
68.625, 79.875, 1.6015725723734722e-24, nan 
68.875, 79.875, 1.276782600401447e-24, nan 
69.125, 79.875, 1.471935704141788e-24, nan 
69.375, 79.875, 1.1977929565118534e-24, nan 
69.625, 79.875, 1.0612253590901291e-24, nan 
69.875, 79.875, 9.967780355699815e-25, nan 
-100.875, 80.125, 5.576646491449507e-24, nan 
-100.625, 80.125, 9.757440573696059e-24, nan 
-100.375, 80.125, 9.631824148701084e-24, nan 
-100.125, 80.125, 1.6553918611636398e-23, nan 
-99.875, 80.125, 1.333833934330699e-23, nan 
-99.625, 80.125, 9.803509542328451e-24, nan 
-99.375, 80.125, 1.213361065609814e-23, nan 
-99.125, 80.125, 1.229409492258565e-23, nan 
-98.875, 80.125, 1.1395489841321478e-23, nan 
-98.625, 80.125, 9.708305393010103e-24, nan 
-98.375, 80.125, 1.5333567720738132e-23, nan 
-98.125, 80.125, 1.9739224422106228e-23, nan 
-97.875, 80.125, 1.7541704068918164e-23, nan 
-97.625, 80.125, 1.9878017394508128e-23, nan 
-97.375, 80.125, 2.0975697076332718e-23, nan 
-97.125, 80.125, 2.133545464029859e-23, nan 
-96.875, 80.125, 2.5989261600336817e-23, nan 
-96.625, 80.125, 2.2620223596619573e-23, nan 
-96.375, 80.125, 2.699818508907919e-23, nan 
-96.125, 80.125, 3.440255453127538e-23, nan 
-95.875, 80.125, 3.0285748927575145e-23, nan 
-95.625, 80.125, 3.0468520799412313e-23, nan 
-95.375, 80.125, 2.649995215260988e-23, nan 
-95.125, 80.125, 2.2656997117346236e-23, nan 
-94.875, 80.125, 2.5292749896895233e-23, nan 
-94.625, 80.125, 2.671836124255496e-23, nan 
-94.375, 80.125, 2.1576529963512907e-23, nan 
-94.125, 80.125, 2.1708952022766525e-23, nan 
-93.875, 80.125, 2.0242300889738393e-23, nan 
-93.625, 80.125, 2.2777982702173584e-23, nan 
-93.375, 80.125, 2.1449127138979076e-23, nan 
-93.125, 80.125, 2.1810949619825935e-23, nan 
-92.875, 80.125, 1.680049608195326e-23, nan 
-92.625, 80.125, 2.316614352588953e-23, nan 
-92.375, 80.125, 2.527488942241844e-23, nan 
-92.125, 80.125, 2.6182881666912223e-23, nan 
-91.875, 80.125, 2.538232922123078e-23, nan 
-91.625, 80.125, 2.77737132588351e-23, nan 
-91.375, 80.125, 2.5973386634550282e-23, nan 
-91.125, 80.125, 2.3338528495753152e-23, nan 
-90.875, 80.125, 2.8667952138360323e-23, nan 
-90.625, 80.125, 3.3540680601877557e-23, nan 
-90.375, 80.125, 3.637465062345233e-23, nan 
-90.125, 80.125, 3.964372631062208e-23, nan 
-89.875, 80.125, 4.189021391123571e-23, nan 
-89.625, 80.125, 4.90257500693107e-23, nan 
-89.375, 80.125, 4.566954895125492e-23, nan 
-89.125, 80.125, 4.270236026241764e-23, nan 
-88.875, 80.125, 5.1937151947157835e-23, nan 
-88.625, 80.125, 4.980488776057237e-23, nan 
-88.375, 80.125, 5.497658598250888e-23, nan 
-88.125, 80.125, 5.2722166019925004e-23, nan 
-87.875, 80.125, 4.9802713774097354e-23, nan 
-87.625, 80.125, 6.465847337813059e-23, nan 
-87.375, 80.125, 5.870083392471606e-23, nan 
-87.125, 80.125, 4.84359382197406e-23, nan 
-86.875, 80.125, 5.362234252815586e-23, nan 
-86.625, 80.125, 5.581154789540419e-23, nan 
-86.375, 80.125, 4.650883034258968e-23, nan 
-86.125, 80.125, 4.811924383055792e-23, nan 
-85.875, 80.125, 4.6314437836333296e-23, nan 
-85.625, 80.125, 4.357313079396903e-23, nan 
-85.375, 80.125, 4.258083698687518e-23, nan 
-85.125, 80.125, 4.4612964673565744e-23, nan 
-84.875, 80.125, 3.9598687035236525e-23, nan 
-84.625, 80.125, 3.92474587863663e-23, nan 
-84.375, 80.125, 3.877059519849984e-23, nan 
-84.125, 80.125, 4.531025047325852e-23, nan 
-83.875, 80.125, 3.848895499375999e-23, nan 
-83.625, 80.125, 3.094054259644431e-23, nan 
-83.375, 80.125, 4.906341659086586e-23, nan 
-83.125, 80.125, 3.374626951170566e-23, nan 
-82.875, 80.125, 3.2276890444598825e-23, nan 
-82.625, 80.125, 3.525371709375315e-23, nan 
-82.375, 80.125, 4.470692078624738e-23, nan 
-82.125, 80.125, 5.671729221621468e-23, nan 
-81.875, 80.125, 6.368003019969009e-23, nan 
-81.625, 80.125, 6.326572213175283e-23, nan 
-81.375, 80.125, 7.279778599134293e-23, nan 
-81.125, 80.125, 5.418526536849505e-23, nan 
-80.875, 80.125, 6.960037406038573e-23, nan 
-80.625, 80.125, 8.556359498167176e-23, nan 
-80.375, 80.125, 9.454248662077331e-23, nan 
-80.125, 80.125, 1.0265968161823003e-22, nan 
-79.875, 80.125, 7.849500531139095e-23, nan 
-79.625, 80.125, 9.924110446106902e-23, nan 
-79.375, 80.125, 9.330309055158227e-23, nan 
-79.125, 80.125, 9.574752996916092e-23, nan 
-78.875, 80.125, 9.012991715161737e-23, nan 
-78.625, 80.125, 8.55461205064169e-23, nan 
-78.375, 80.125, 1.632966662508934e-22, nan 
-78.125, 80.125, 1.4876136940728255e-22, nan 
-77.875, 80.125, 1.5492640703958084e-22, nan 
-77.625, 80.125, 1.486851996941915e-22, nan 
-77.375, 80.125, 1.353493721766212e-22, nan 
-77.125, 80.125, 1.1244887368320798e-22, nan 
-76.875, 80.125, 9.771668296970474e-23, nan 
-76.625, 80.125, 8.616488266285425e-23, nan 
-76.375, 80.125, 8.538688046871471e-23, nan 
-76.125, 80.125, 8.044465894910458e-23, nan 
-75.875, 80.125, 7.497560684260661e-23, nan 
-75.625, 80.125, 8.409797653041845e-23, nan 
-75.375, 80.125, 8.548173581917098e-23, nan 
-75.125, 80.125, 9.004425041184472e-23, nan 
-74.875, 80.125, 1.0285408278225158e-22, nan 
-74.625, 80.125, 9.104873602823246e-23, nan 
-74.375, 80.125, 1.0912648304652042e-22, nan 
-74.125, 80.125, 1.1156886960285553e-22, nan 
-73.875, 80.125, 1.0816528378975201e-22, nan 
-73.625, 80.125, 1.0243520883650633e-22, nan 
-73.375, 80.125, 1.1359004908555668e-22, nan 
-73.125, 80.125, 1.077048327534348e-22, nan 
-72.875, 80.125, 1.2262286209917981e-22, nan 
-72.625, 80.125, 1.285213663529354e-22, nan 
-72.375, 80.125, 1.3696089533747407e-22, nan 
-72.125, 80.125, 1.44006753158755e-22, nan 
-71.875, 80.125, 1.4026649686971824e-22, nan 
-71.625, 80.125, 1.3382663082255648e-22, nan 
-71.375, 80.125, 1.2899030034303466e-22, nan 
-71.125, 80.125, 1.341193391011436e-22, nan 
-70.875, 80.125, 1.3844264732811517e-22, nan 
-70.625, 80.125, 1.4581248498053923e-22, nan 
-70.375, 80.125, 1.4635417947149886e-22, nan 
-70.125, 80.125, 1.3906223254041755e-22, nan 
-69.875, 80.125, 1.4613032063167763e-22, nan 
-69.625, 80.125, 1.3079975169976185e-22, nan 
-69.375, 80.125, 1.2833680149579287e-22, nan 
-69.125, 80.125, 1.2304672670103743e-22, nan 
-68.875, 80.125, 1.2621957081029958e-22, nan 
-68.625, 80.125, 1.3198581716585182e-22, nan 
-68.375, 80.125, 9.523949585808478e-23, nan 
-68.125, 80.125, 9.264513843311194e-23, nan 
-67.875, 80.125, 8.856603516758143e-23, nan 
-67.625, 80.125, 6.62346391082586e-23, nan 
-67.375, 80.125, 5.603936690062779e-23, nan 
-67.125, 80.125, 5.489033113920161e-23, nan 
-66.875, 80.125, 3.3339373823127186e-23, nan 
-66.625, 80.125, 2.7459771714866894e-23, nan 
-66.375, 80.125, 2.962580079606848e-23, nan 
-66.125, 80.125, 1.1480899031395791e-23, nan 
-65.875, 80.125, 8.005770297669879e-24, nan 
-65.625, 80.125, 3.881262830763643e-23, nan 
-65.375, 80.125, 2.2446029740039885e-23, nan 
-65.125, 80.125, 1.724906918555859e-23, nan 
-64.875, 80.125, 6.900229382606114e-24, nan 
-64.625, 80.125, 9.77492320713976e-24, nan 
-64.375, 80.125, 2.485760260367945e-23, nan 
-64.125, 80.125, 2.0624261712636928e-23, nan 
-63.875, 80.125, 2.2810220535547174e-23, nan 
-63.625, 80.125, 1.6084043450648817e-23, nan 
-63.375, 80.125, 1.7901557471259598e-23, nan 
-63.125, 80.125, 1.4703460484561788e-23, nan 
-62.875, 80.125, 1.1463216644250188e-23, nan 
-62.625, 80.125, 9.577702328970788e-24, nan 
-62.375, 80.125, 1.69657703350197e-23, nan 
-62.125, 80.125, 1.8568073280548414e-23, nan 
-61.875, 80.125, 2.2801359350930624e-23, nan 
-61.625, 80.125, 1.4748101847852635e-23, nan 
-61.375, 80.125, 7.455508988380178e-24, nan 
-61.125, 80.125, 2.0890748931129446e-23, nan 
-60.875, 80.125, 1.5111989848902303e-23, nan 
-60.625, 80.125, 7.893140118926089e-23, nan 
-60.375, 80.125, 7.484236316292785e-23, nan 
-60.125, 80.125, 7.172056884256752e-23, nan 
-59.875, 80.125, 9.691371138117533e-23, nan 
-59.625, 80.125, 9.386264441841081e-23, nan 
-59.375, 80.125, 9.425210037625851e-23, nan 
-59.125, 80.125, 1.013035290438077e-22, nan 
-58.875, 80.125, 1.24129566129914e-22, nan 
-58.625, 80.125, 1.397476648307468e-22, nan 
-58.375, 80.125, 1.2882002884504778e-22, nan 
-58.125, 80.125, 9.839179087344765e-23, nan 
-57.875, 80.125, 9.806171966379004e-23, nan 
-57.625, 80.125, 9.410739386602372e-23, nan 
-57.375, 80.125, 8.588577943176068e-23, nan 
-57.125, 80.125, 8.270511011993527e-23, nan 
-56.875, 80.125, 7.682213663178687e-23, nan 
-56.625, 80.125, 6.839507108242621e-23, nan 
-56.375, 80.125, 3.657721831690559e-23, nan 
-56.125, 80.125, 4.185104954010207e-23, nan 
-55.875, 80.125, 4.426625597470425e-23, nan 
-55.625, 80.125, 3.422693424622679e-23, nan 
-55.375, 80.125, 2.149837766386538e-23, nan 
-55.125, 80.125, 3.76754575378894e-23, nan 
-54.875, 80.125, 4.565248232317312e-23, nan 
-54.625, 80.125, 4.467546193270909e-23, nan 
-54.375, 80.125, 3.9454240001101364e-23, nan 
-54.125, 80.125, 2.29283498697383e-23, nan 
-53.875, 80.125, 2.6131055232318836e-23, nan 
-53.625, 80.125, 2.751015952650316e-23, nan 
-53.375, 80.125, 1.8331744521176973e-23, nan 
-53.125, 80.125, 2.176934507200798e-23, nan 
-52.875, 80.125, 2.4301981255383694e-23, nan 
-52.625, 80.125, 2.4036268648581454e-23, nan 
-52.375, 80.125, 2.754149764015423e-23, nan 
-52.125, 80.125, 2.0013037792195082e-23, nan 
-51.875, 80.125, 1.5612805622593084e-23, nan 
-51.625, 80.125, 2.209408760346388e-23, nan 
-51.375, 80.125, 2.980024843144751e-23, nan 
-51.125, 80.125, 3.836115106516456e-23, nan 
-50.875, 80.125, 1.367310345599091e-22, nan 
-50.625, 80.125, 1.7907235979052225e-22, nan 
-50.375, 80.125, 1.752831943148823e-22, nan 
-50.125, 80.125, 2.0671245099838788e-22, nan 
-49.875, 80.125, 1.9728443629666176e-22, nan 
-49.625, 80.125, 1.5013484365385432e-22, nan 
-49.375, 80.125, 1.837081658275163e-22, nan 
-49.125, 80.125, 1.7683441817113924e-22, nan 
-48.875, 80.125, 1.684565640768132e-22, nan 
-48.625, 80.125, 1.456586775692751e-22, nan 
-48.375, 80.125, 4.2339843684024636e-23, nan 
-48.125, 80.125, 3.613067461795554e-23, nan 
-47.875, 80.125, 4.5854132883198835e-23, nan 
-47.625, 80.125, 5.2830648461496244e-23, nan 
-47.375, 80.125, 3.6835780035392405e-23, nan 
-47.125, 80.125, 4.1693509018784846e-23, nan 
-46.875, 80.125, 4.2172315916575525e-23, nan 
-46.625, 80.125, 3.875187266603903e-23, nan 
-46.375, 80.125, 4.7107014047321996e-23, nan 
-46.125, 80.125, 5.833897951850668e-23, nan 
-45.875, 80.125, 5.372037586653014e-23, nan 
-45.625, 80.125, 5.47576495663338e-23, nan 
-45.375, 80.125, 5.773233583580669e-23, nan 
-45.125, 80.125, 6.13370596974888e-23, nan 
-44.875, 80.125, 6.141594911666723e-23, nan 
-44.625, 80.125, 5.522058449855405e-23, nan 
-44.375, 80.125, 5.64764480802441e-23, nan 
-44.125, 80.125, 6.014008802851419e-23, nan 
-43.875, 80.125, 5.852741728956178e-23, nan 
-43.625, 80.125, 6.161945445652015e-23, nan 
-43.375, 80.125, 6.580054470495259e-23, nan 
-43.125, 80.125, 6.025746291290044e-23, nan 
-42.875, 80.125, 6.449447827836028e-23, nan 
-42.625, 80.125, 5.727494239904883e-23, nan 
-42.375, 80.125, 5.799582729791122e-23, nan 
-42.125, 80.125, 5.889888774475181e-23, nan 
-41.875, 80.125, 5.0900286637805963e-23, nan 
-41.625, 80.125, 4.968238377438433e-23, nan 
-41.375, 80.125, 4.167164093752357e-23, nan 
-41.125, 80.125, 3.3498012480292034e-23, nan 
-40.875, 80.125, 3.6351977137352066e-23, nan 
-40.625, 80.125, 3.253226330200787e-23, nan 
-40.375, 80.125, 3.253560042934274e-23, nan 
-40.125, 80.125, 2.9484903905139604e-23, nan 
-39.875, 80.125, 4.305995764992395e-23, nan 
-39.625, 80.125, 2.614129162664429e-23, nan 
-39.375, 80.125, 2.4303923061271604e-23, nan 
-39.125, 80.125, 2.4107948227110144e-23, nan 
-38.875, 80.125, 1.7682375739616175e-23, nan 
-38.625, 80.125, 1.9285567465854123e-23, nan 
-38.375, 80.125, 3.560856754994538e-23, nan 
-38.125, 80.125, 2.2260181622923633e-23, nan 
-37.875, 80.125, 4.488363642685957e-23, nan 
-37.625, 80.125, 9.958626178061976e-23, nan 
-37.375, 80.125, 7.457215425499015e-23, nan 
-37.125, 80.125, 1.2367319257493198e-22, nan 
-36.875, 80.125, 1.1989584953022356e-22, nan 
-36.625, 80.125, 1.2241346574680006e-22, nan 
-36.375, 80.125, 1.0441225189593529e-22, nan 
-36.125, 80.125, 7.742606464642431e-23, nan 
-35.875, 80.125, 7.446888749388295e-23, nan 
-35.625, 80.125, 7.123492628984656e-23, nan 
-35.375, 80.125, 6.69092293545706e-23, nan 
-35.125, 80.125, 6.437850807830485e-23, nan 
-34.875, 80.125, 5.042853504244946e-23, nan 
-34.625, 80.125, 4.5937790360723294e-23, nan 
-34.375, 80.125, 6.303514768460176e-23, nan 
-34.125, 80.125, 1.0406947539099714e-22, nan 
-33.875, 80.125, 1.227185879821959e-22, nan 
-33.625, 80.125, 1.2163946134850553e-22, nan 
-33.375, 80.125, 1.0166385382682251e-22, nan 
-33.125, 80.125, 1.0330400524761921e-22, nan 
-32.875, 80.125, 1.3063470177168983e-22, nan 
-32.625, 80.125, 1.4272192441562472e-22, nan 
-32.375, 80.125, 1.3147675458020886e-22, nan 
-32.125, 80.125, 1.2546241466858588e-22, nan 
-31.875, 80.125, 1.0644143342897508e-22, nan 
-31.625, 80.125, 9.66297356455271e-23, nan 
-31.375, 80.125, 1.5976109712361082e-22, nan 
-31.125, 80.125, 1.810464285781024e-22, nan 
-30.875, 80.125, 1.683987648852048e-22, nan 
-30.625, 80.125, 1.3473986938089847e-22, nan 
-30.375, 80.125, 1.747988479003062e-22, nan 
-30.125, 80.125, 1.8830502676802853e-22, nan 
-29.875, 80.125, 2.1287958199267975e-22, nan 
-29.625, 80.125, 1.774703383224479e-22, nan 
-29.375, 80.125, 8.09859102045295e-23, nan 
-29.125, 80.125, 2.154576571743485e-22, nan 
-28.875, 80.125, 2.106176442429918e-22, nan 
-28.625, 80.125, 2.438419775368038e-22, nan 
-28.375, 80.125, 2.5650006924937247e-22, nan 
-28.125, 80.125, 1.137145790284089e-22, nan 
-27.875, 80.125, 1.9060244875931564e-22, nan 
-27.625, 80.125, 2.1411960320316597e-22, nan 
-27.375, 80.125, 2.5460125221186763e-22, nan 
-27.125, 80.125, 2.572164387954347e-22, nan 
-26.875, 80.125, 2.200044666291616e-22, nan 
-26.625, 80.125, 1.4764459210732078e-22, nan 
-26.375, 80.125, 1.1902500052755548e-22, nan 
-26.125, 80.125, 1.409307114277151e-22, nan 
-25.875, 80.125, 9.745295091670327e-23, nan 
-25.625, 80.125, 9.899626662423452e-23, nan 
-25.375, 80.125, 1.0098103348985478e-22, nan 
-25.125, 80.125, 5.344170191562032e-23, nan 
-24.875, 80.125, 4.366460632385381e-23, nan 
-24.625, 80.125, 3.6336040395751847e-23, nan 
-24.375, 80.125, 5.442040133719164e-23, nan 
-24.125, 80.125, 1.1359351101786327e-22, nan 
-23.875, 80.125, 1.516104014876866e-22, nan 
-23.625, 80.125, 1.648237814765033e-22, nan 
-23.375, 80.125, 1.377308451249717e-22, nan 
-23.125, 80.125, 1.1578527208491624e-22, nan 
-22.875, 80.125, 1.3993622768074218e-22, nan 
-22.625, 80.125, 1.9694681562015496e-22, nan 
-22.375, 80.125, 2.3412297108557685e-22, nan 
-22.125, 80.125, 2.4524745738683453e-22, nan 
-21.875, 80.125, 2.213857887670198e-22, nan 
-21.625, 80.125, 2.466311623588383e-22, nan 
-21.375, 80.125, 2.3610568788483956e-22, nan 
-21.125, 80.125, 2.424535855037301e-22, nan 
-20.875, 80.125, 2.305279717237713e-22, nan 
-20.625, 80.125, 2.404874119596476e-22, nan 
-20.375, 80.125, 1.8283887380110903e-22, nan 
-20.125, 80.125, 1.4977659633287126e-22, nan 
-19.875, 80.125, 1.5601096539198782e-22, nan 
-19.625, 80.125, 1.3212608560191115e-22, nan 
-19.375, 80.125, 7.215358047824143e-23, nan 
-19.125, 80.125, 3.2610447808315516e-23, nan 
-18.875, 80.125, 2.3809896126222247e-23, nan 
-18.625, 80.125, 3.119969451227897e-23, nan 
-18.375, 80.125, 3.149776529076914e-23, nan 
-18.125, 80.125, 2.5786928572070945e-23, nan 
-17.875, 80.125, 2.3856289606553427e-23, nan 
-17.625, 80.125, 5.27534008539485e-23, nan 
-17.375, 80.125, 9.263846971403287e-23, nan 
-17.125, 80.125, 1.4930075404117902e-22, nan 
-16.875, 80.125, 1.4157108404444184e-22, nan 
-16.625, 80.125, 1.0097373396542747e-22, nan 
-16.375, 80.125, 6.543513603763441e-23, nan 
-16.125, 80.125, 1.2581087135106564e-22, nan 
-15.875, 80.125, 2.333536677726186e-22, nan 
-15.625, 80.125, 2.243508869573684e-22, nan 
-15.375, 80.125, 1.6142766125252145e-22, nan 
-15.125, 80.125, 1.2453374065661036e-22, nan 
-14.875, 80.125, 1.2657586715617594e-22, nan 
-14.625, 80.125, 1.8714737192317934e-22, nan 
-14.375, 80.125, 1.959757414894676e-22, nan 
-14.125, 80.125, 1.976967099487234e-22, nan 
-13.875, 80.125, 2.1053457873374735e-22, nan 
-13.625, 80.125, 1.8663201246182752e-22, nan 
-13.375, 80.125, 1.3333292737676322e-22, nan 
-13.125, 80.125, 1.4213730303805997e-22, nan 
-12.875, 80.125, 7.591798689403939e-23, nan 
-12.625, 80.125, 3.8678268060740395e-23, nan 
-12.375, 80.125, 2.3763210878012847e-23, nan 
-12.125, 80.125, 1.614420073723779e-23, nan 
-11.875, 80.125, 1.3311034026193566e-23, nan 
-11.625, 80.125, 1.1004903189892821e-23, nan 
-11.375, 80.125, 1.0569280546367003e-23, nan 
-11.125, 80.125, 9.331189583787344e-24, nan 
-10.875, 80.125, 1.208347654517153e-23, nan 
-10.625, 80.125, 1.333492473111734e-23, nan 
-10.375, 80.125, 1.8057014401312608e-23, nan 
-10.125, 80.125, 1.8249648998827245e-23, nan 
-9.875, 80.125, 1.3461544931618142e-23, nan 
-9.625, 80.125, 9.711863905721115e-24, nan 
-9.375, 80.125, 1.2871582893588568e-23, nan 
-9.125, 80.125, 2.1015458970245797e-23, nan 
-8.875, 80.125, 1.9323996083307825e-23, nan 
-8.625, 80.125, 2.634751642965898e-23, nan 
-8.375, 80.125, 4.686655475538924e-23, nan 
-8.125, 80.125, 4.9769914693977234e-23, nan 
-7.875, 80.125, 3.685047575348914e-23, nan 
-7.625, 80.125, 2.3638744371767628e-23, nan 
-7.375, 80.125, 3.2004608838615307e-23, nan 
-7.125, 80.125, 7.967582179385048e-23, nan 
-6.875, 80.125, 1.0504199150303036e-22, nan 
-6.625, 80.125, 9.320432405345435e-23, nan 
-6.375, 80.125, 7.402049335578899e-23, nan 
-6.125, 80.125, 1.0306767468207674e-22, nan 
-5.875, 80.125, 8.18427457783433e-23, nan 
-5.625, 80.125, 9.337536656646424e-23, nan 
-5.375, 80.125, 9.266286892003075e-23, nan 
-5.125, 80.125, 8.844229747527814e-23, nan 
-4.875, 80.125, 1.0107480151839455e-22, nan 
-4.625, 80.125, 7.193386304357815e-23, nan 
-4.375, 80.125, 7.408198829475789e-23, nan 
-4.125, 80.125, 6.513884279313632e-23, nan 
-3.875, 80.125, 6.013426078904522e-23, nan 
-3.625, 80.125, 2.389112892955576e-23, nan 
-3.375, 80.125, 2.0641743085658358e-23, nan 
-3.125, 80.125, 2.0888470768402033e-23, nan 
-2.875, 80.125, 1.904358878635621e-23, nan 
-2.625, 80.125, 1.8333169350100952e-23, nan 
-2.375, 80.125, 1.736322574039872e-23, nan 
-2.125, 80.125, 1.7072277230408417e-23, nan 
-1.875, 80.125, 1.8320200180432688e-23, nan 
-1.625, 80.125, 1.894235895109093e-23, nan 
-1.375, 80.125, 1.608353727738338e-23, nan 
-1.125, 80.125, 2.71897809911022e-23, nan 
-0.875, 80.125, 2.6699729785041926e-23, nan 
-0.625, 80.125, 1.979136952631897e-23, nan 
-0.375, 80.125, 1.1544070100503316e-23, nan 
-0.125, 80.125, 1.1686576935401947e-23, nan 
0.125, 80.125, 1.0421044447878176e-23, nan 
0.375, 80.125, 1.4790298270636138e-23, nan 
0.625, 80.125, 1.3344318515431134e-23, nan 
0.875, 80.125, 1.2261854069807758e-23, nan 
1.125, 80.125, 1.257751780840906e-23, nan 
1.375, 80.125, 2.1248378317682716e-23, nan 
1.625, 80.125, 2.3718535947818257e-23, nan 
1.875, 80.125, 2.5103454995700714e-23, nan 
2.125, 80.125, 3.888036092282199e-23, nan 
2.375, 80.125, 3.1807800609732416e-23, nan 
2.625, 80.125, 4.264397173380973e-23, nan 
2.875, 80.125, 4.2244342641800175e-23, nan 
3.125, 80.125, 4.682476522401015e-23, nan 
3.375, 80.125, 4.8722604607113074e-23, nan 
3.625, 80.125, 4.230503767264459e-23, nan 
3.875, 80.125, 3.707478732688755e-23, nan 
4.125, 80.125, 4.442297748685175e-23, nan 
4.375, 80.125, 7.591347997798996e-23, nan 
4.625, 80.125, 9.882388255940099e-23, nan 
4.875, 80.125, 9.505817027232805e-23, nan 
5.125, 80.125, 9.87426652987182e-23, nan 
5.375, 80.125, 6.962449949321523e-23, nan 
5.625, 80.125, 6.735912980328683e-23, nan 
5.875, 80.125, 6.717517779522511e-23, nan 
6.125, 80.125, 6.0217557157616e-23, nan 
6.375, 80.125, 6.493655698354855e-23, nan 
6.625, 80.125, 4.678828945602135e-23, nan 
6.875, 80.125, 4.2761419388054496e-23, nan 
7.125, 80.125, 2.4323102993697822e-23, nan 
7.375, 80.125, 1.9868428180602554e-23, nan 
7.625, 80.125, 1.2770874786250392e-23, nan 
7.875, 80.125, 1.1051427812322545e-23, nan 
8.125, 80.125, 1.2183521925286193e-23, nan 
8.375, 80.125, 1.299627288265229e-23, nan 
8.625, 80.125, 1.9302118776996897e-23, nan 
8.875, 80.125, 1.939390155128462e-23, nan 
9.125, 80.125, 1.6161544386380257e-23, nan 
9.375, 80.125, 1.8633579766444432e-23, nan 
9.625, 80.125, 2.0133194709945256e-23, nan 
9.875, 80.125, 2.1337386558323966e-23, nan 
10.125, 80.125, 2.5614518845042453e-23, nan 
10.375, 80.125, 2.9244164195543975e-23, nan 
10.625, 80.125, 3.1834667986613317e-23, nan 
10.875, 80.125, 3.9059787036748474e-23, nan 
11.125, 80.125, 3.73755396173689e-23, nan 
11.375, 80.125, 4.166719741604029e-23, nan 
11.625, 80.125, 4.7820106213854605e-23, nan 
11.875, 80.125, 5.121572638740511e-23, nan 
12.125, 80.125, 4.2485753218441374e-23, nan 
12.375, 80.125, 3.144784777537937e-23, nan 
12.625, 80.125, 5.893361794722414e-23, nan 
12.875, 80.125, 7.522075044522632e-23, nan 
13.125, 80.125, 7.472066127764051e-23, nan 
13.375, 80.125, 5.735561832344698e-23, nan 
13.625, 80.125, 2.6227083243137134e-23, nan 
13.875, 80.125, 4.0700863981942916e-23, nan 
14.125, 80.125, 5.049577828355642e-23, nan 
14.375, 80.125, 4.834559517381186e-23, nan 
14.625, 80.125, 4.1208855077499227e-23, nan 
14.875, 80.125, 2.178984608244733e-23, nan 
15.125, 80.125, 9.801680633681188e-24, nan 
15.375, 80.125, 4.196471355924795e-23, nan 
15.625, 80.125, 4.766914491352833e-23, nan 
15.875, 80.125, 1.1429784476921517e-23, nan 
16.125, 80.125, 5.36278636892291e-23, nan 
16.375, 80.125, 1.4170580686551184e-23, nan 
16.625, 80.125, 1.5749538882556297e-23, nan 
16.875, 80.125, 1.2694439750642689e-23, nan 
17.125, 80.125, 1.9359253949388213e-23, nan 
17.375, 80.125, 1.4631817595267245e-23, nan 
17.625, 80.125, 1.4988729539358567e-23, nan 
17.875, 80.125, 1.336489195158709e-23, nan 
18.125, 80.125, 1.2040400505116574e-23, nan 
18.375, 80.125, 9.964274665913194e-24, nan 
18.625, 80.125, 1.5405465179397117e-23, nan 
18.875, 80.125, 1.3286927148482668e-23, nan 
19.125, 80.125, 1.0999227346408844e-23, nan 
19.375, 80.125, 9.821550083431359e-24, nan 
19.625, 80.125, 9.123612666388476e-24, nan 
19.875, 80.125, 1.2365799283139272e-23, nan 
20.125, 80.125, 1.5849715144152603e-23, nan 
20.375, 80.125, 1.5790255746624032e-23, nan 
20.625, 80.125, 1.5687734784423588e-23, nan 
20.875, 80.125, 2.692888398810959e-23, nan 
21.125, 80.125, 2.859985818814821e-23, nan 
21.375, 80.125, 2.791493532781252e-23, nan 
21.625, 80.125, 2.4712322981295185e-23, nan 
21.875, 80.125, 2.3582071040023484e-23, nan 
22.125, 80.125, 2.3582999068693915e-23, nan 
22.375, 80.125, 3.40392859970047e-23, nan 
22.625, 80.125, 3.036558539826007e-23, nan 
22.875, 80.125, 3.337897072499193e-23, nan 
23.125, 80.125, 2.745161277896575e-23, nan 
23.375, 80.125, 2.748267663928639e-23, nan 
23.625, 80.125, 2.913940370523102e-23, nan 
23.875, 80.125, 3.8453733842200143e-23, nan 
24.125, 80.125, 3.8621236460785146e-23, nan 
24.375, 80.125, 3.873223073440962e-23, nan 
24.625, 80.125, 4.149897332264098e-23, nan 
24.875, 80.125, 3.094388303740747e-23, nan 
25.125, 80.125, 4.155744983365993e-23, nan 
25.375, 80.125, 4.435117971554828e-23, nan 
25.625, 80.125, 4.7446674698366287e-23, nan 
25.875, 80.125, 4.752770505980986e-23, nan 
26.125, 80.125, 2.780018515888163e-23, nan 
26.375, 80.125, 2.3549696981368953e-23, nan 
26.625, 80.125, 5.741114956247504e-23, nan 
26.875, 80.125, 7.042509756441257e-23, nan 
27.125, 80.125, 7.496574010970597e-23, nan 
27.375, 80.125, 4.1698500091709393e-23, nan 
27.625, 80.125, 3.8852900007922955e-23, nan 
27.875, 80.125, 5.214919758119706e-23, nan 
28.125, 80.125, 6.252394909900091e-23, nan 
28.375, 80.125, 6.51807889716819e-23, nan 
28.625, 80.125, 4.4310227236475955e-23, nan 
28.875, 80.125, 3.13023757229797e-23, nan 
29.125, 80.125, 2.5131382707990079e-23, nan 
29.375, 80.125, 3.090325481977699e-23, nan 
29.625, 80.125, 2.141850434279538e-23, nan 
29.875, 80.125, 1.385209996455304e-23, nan 
30.125, 80.125, 2.1373076711229375e-23, nan 
30.375, 80.125, 2.3796965315549835e-23, nan 
30.625, 80.125, 5.1094290164697706e-23, nan 
30.875, 80.125, 5.492780523899714e-23, nan 
31.125, 80.125, 4.288297407401076e-23, nan 
31.375, 80.125, 3.482243937015727e-23, nan 
31.625, 80.125, 2.6568536812771687e-23, nan 
31.875, 80.125, 4.260856262426936e-23, nan 
32.125, 80.125, 4.1638876380565607e-23, nan 
32.375, 80.125, 3.563502479696505e-23, nan 
32.625, 80.125, 3.250647798095154e-23, nan 
32.875, 80.125, 2.4678751975292367e-23, nan 
33.125, 80.125, 2.466521461291779e-23, nan 
33.375, 80.125, 2.443662902795808e-23, nan 
33.625, 80.125, 2.4268599113232816e-23, nan 
33.875, 80.125, 2.4521536607242195e-23, nan 
34.125, 80.125, 2.4232274609914245e-23, nan 
34.375, 80.125, 2.087936109641528e-23, nan 
34.625, 80.125, 2.0680999574797485e-23, nan 
34.875, 80.125, 1.8527141848424892e-23, nan 
35.125, 80.125, 1.6993637565655176e-23, nan 
35.375, 80.125, 1.5487887816399082e-23, nan 
35.625, 80.125, 1.1218128485517694e-23, nan 
35.875, 80.125, 1.0299852014917254e-23, nan 
36.125, 80.125, 1.1272342485163825e-23, nan 
36.375, 80.125, 1.5016940825975448e-23, nan 
36.625, 80.125, 1.4156494968944172e-23, nan 
36.875, 80.125, 1.0105001285846921e-23, nan 
37.125, 80.125, 9.210288223263007e-24, nan 
37.375, 80.125, 8.752901194543074e-24, nan 
37.625, 80.125, 1.1074481041171002e-23, nan 
37.875, 80.125, 9.48710640748765e-24, nan 
38.125, 80.125, 7.932231762036356e-24, nan 
38.375, 80.125, 3.848675886093363e-24, nan 
38.625, 80.125, 9.471314128442589e-24, nan 
38.875, 80.125, 3.2421206317897436e-24, nan 
39.125, 80.125, 2.5731313684566753e-24, nan 
39.375, 80.125, 2.314702339949671e-24, nan 
39.625, 80.125, 4.413851100217522e-24, nan 
39.875, 80.125, 5.1056278125303295e-24, nan 
40.125, 80.125, 9.65216951540717e-25, nan 
40.375, 80.125, 1.845880304909879e-24, nan 
40.625, 80.125, 4.697559346558296e-24, nan 
40.875, 80.125, 7.844812019799415e-24, nan 
41.125, 80.125, 1.278474630886982e-23, nan 
41.375, 80.125, 5.7210104952760736e-24, nan 
41.625, 80.125, 7.057757454118065e-24, nan 
41.875, 80.125, 8.774193330402858e-24, nan 
42.125, 80.125, 8.317232480944326e-24, nan 
42.375, 80.125, 1.2846474000087799e-23, nan 
42.625, 80.125, 7.425422314463235e-24, nan 
42.875, 80.125, 9.633731928446416e-24, nan 
43.125, 80.125, 7.663622193918684e-24, nan 
43.375, 80.125, 6.010589419359004e-24, nan 
43.625, 80.125, 6.394991979086584e-24, nan 
43.875, 80.125, 3.734768695653355e-24, nan 
44.125, 80.125, 4.828077789120816e-24, nan 
44.375, 80.125, 3.903925735671798e-24, nan 
44.625, 80.125, 1.9214264148708396e-24, nan 
44.875, 80.125, 2.5146197021045134e-24, nan 
45.125, 80.125, 1.38802866025569e-24, nan 
45.375, 80.125, 1.5174954672419956e-24, nan 
45.625, 80.125, 1.304753069260268e-24, nan 
45.875, 80.125, 1.0207892208772666e-24, nan 
46.125, 80.125, 1.174921971675872e-24, nan 
46.375, 80.125, 1.1255732890684376e-24, nan 
46.625, 80.125, 1.2279768405970437e-24, nan 
46.875, 80.125, 1.1741133588009323e-24, nan 
47.125, 80.125, 1.1310920774838838e-24, nan 
47.375, 80.125, 1.060992425190415e-24, nan 
47.625, 80.125, 1.0773068257230376e-24, nan 
47.875, 80.125, 1.4576562977286988e-24, nan 
48.125, 80.125, 1.2353529958388608e-24, nan 
48.375, 80.125, 9.723056915209732e-25, nan 
48.625, 80.125, 6.925860597093488e-25, nan 
48.875, 80.125, 5.777142894350768e-25, nan 
49.125, 80.125, 7.207387075442814e-25, nan 
49.375, 80.125, 7.581076333105009e-25, nan 
49.625, 80.125, 1.5837843136515412e-24, nan 
49.875, 80.125, 1.1874490133581704e-24, nan 
50.125, 80.125, 2.1889210868802338e-24, nan 
50.375, 80.125, 1.5381229305798438e-24, nan 
50.625, 80.125, 1.3964318979313155e-24, nan 
50.875, 80.125, 1.836805401447386e-24, nan 
51.125, 80.125, 1.4754822033032796e-24, nan 
51.375, 80.125, 1.7917615234221086e-24, nan 
51.625, 80.125, 2.1669423643905255e-24, nan 
51.875, 80.125, 2.5806738269487562e-24, nan 
52.125, 80.125, 8.39192004724951e-25, nan 
52.375, 80.125, 1.0275861585172465e-24, nan 
52.625, 80.125, 1.0278740640106687e-24, nan 
52.875, 80.125, 1.2592576355399905e-24, nan 
53.125, 80.125, 1.4073454413696496e-24, nan 
53.375, 80.125, 1.4287606358162771e-24, nan 
53.625, 80.125, 1.3534829075238497e-24, nan 
53.875, 80.125, 1.6354711263328041e-24, nan 
54.125, 80.125, 1.7375127606004525e-24, nan 
54.375, 80.125, 2.4484639366721423e-24, nan 
54.625, 80.125, 2.530901712584521e-24, nan 
54.875, 80.125, 3.523020077206912e-24, nan 
55.125, 80.125, 3.7630645898666296e-24, nan 
55.375, 80.125, 3.7535657671681895e-24, nan 
55.625, 80.125, 4.107422182423859e-24, nan 
55.875, 80.125, 3.8060304172137984e-24, nan 
56.125, 80.125, 3.538038934824029e-24, nan 
56.375, 80.125, 3.684547391025667e-24, nan 
56.625, 80.125, 3.3333966277079146e-24, nan 
56.875, 80.125, 4.0517666928192606e-24, nan 
57.125, 80.125, 3.311550387532832e-24, nan 
57.375, 80.125, 7.844120700571285e-24, nan 
57.625, 80.125, 1.1538926591655908e-23, nan 
57.875, 80.125, 1.1437418367164235e-23, nan 
58.125, 80.125, 1.0220378817492022e-23, nan 
58.375, 80.125, 8.773701841631434e-24, nan 
58.625, 80.125, 9.327771099248766e-24, nan 
58.875, 80.125, 1.3525444435397513e-23, nan 
59.125, 80.125, 1.3241985778270688e-23, nan 
59.375, 80.125, 1.1543336347843157e-23, nan 
59.625, 80.125, 9.523489062398532e-24, nan 
59.875, 80.125, 3.915189607509201e-24, nan 
60.125, 80.125, 3.858798628095105e-24, nan 
60.375, 80.125, 3.75599521096029e-24, nan 
60.625, 80.125, 3.025922047201105e-24, nan 
60.875, 80.125, 2.2397325252013784e-24, nan 
61.125, 80.125, 1.878056753324564e-24, nan 
61.375, 80.125, 1.4495926655745428e-24, nan 
61.625, 80.125, 1.3089123505582169e-24, nan 
61.875, 80.125, 1.1694072622811945e-24, nan 
62.125, 80.125, 9.073208670831923e-25, nan 
62.375, 80.125, 9.82924830718095e-25, nan 
62.625, 80.125, 9.459413487139137e-25, nan 
62.875, 80.125, 8.860913168990795e-25, nan 
63.125, 80.125, 7.936718403779714e-25, nan 
63.375, 80.125, 5.199994994557268e-25, nan 
63.625, 80.125, 6.340275738957323e-25, nan 
63.875, 80.125, 4.659836407305151e-25, nan 
64.125, 80.125, 6.114326221421838e-25, nan 
64.375, 80.125, 4.9505262069293625e-25, nan 
64.625, 80.125, 5.300441755832911e-25, nan 
64.875, 80.125, 5.273209151048327e-25, nan 
65.125, 80.125, 5.476241050377968e-25, nan 
65.375, 80.125, 4.606703829202782e-25, nan 
65.625, 80.125, 5.544877082362751e-25, nan 
65.875, 80.125, 7.493486923360203e-25, nan 
66.125, 80.125, 8.139133069507746e-25, nan 
66.375, 80.125, 6.557865873552094e-25, nan 
66.625, 80.125, 7.397128809146383e-25, nan 
66.875, 80.125, 9.766929638746142e-25, nan 
67.125, 80.125, 9.796593739981339e-25, nan 
67.375, 80.125, 1.029779640365945e-24, nan 
67.625, 80.125, 1.0888576216097735e-24, nan 
67.875, 80.125, 1.17197420920907e-24, nan 
68.125, 80.125, 1.0552376286226103e-24, nan 
68.375, 80.125, 1.1098871770783325e-24, nan 
68.625, 80.125, 9.40005652232021e-25, nan 
68.875, 80.125, 1.0831804861253606e-24, nan 
69.125, 80.125, 1.071057493139429e-24, nan 
69.375, 80.125, 8.453484233153598e-25, nan 
69.625, 80.125, 9.259280400537406e-25, nan 
69.875, 80.125, 6.251300852320739e-25, nan 
70.125, 80.125, 6.176697870810608e-25, nan 
70.375, 80.125, 3.6326770389705225e-25, nan 
-101.375, 80.375, 1.7455845710036236e-23, nan 
-101.125, 80.375, 1.9748044875106187e-23, nan 
-100.875, 80.375, 1.5591128595553444e-23, nan 
-100.625, 80.375, 1.935180311900407e-23, nan 
-100.375, 80.375, 2.1517555358869994e-23, nan 
-100.125, 80.375, 1.9277256105993434e-23, nan 
-99.875, 80.375, 2.0103713874848315e-23, nan 
-99.625, 80.375, 2.317625845035752e-23, nan 
-99.375, 80.375, 2.461133183942457e-23, nan 
-99.125, 80.375, 2.5301604964128858e-23, nan 
-98.875, 80.375, 2.5827201795413382e-23, nan 
-98.625, 80.375, 2.1511734773615137e-23, nan 
-98.375, 80.375, 1.6237541486622808e-23, nan 
-98.125, 80.375, 2.2239557186879374e-23, nan 
-97.875, 80.375, 2.4025399581929263e-23, nan 
-97.625, 80.375, 4.278142779677868e-23, nan 
-97.375, 80.375, 2.790955443199899e-23, nan 
-97.125, 80.375, 2.0914855866215262e-23, nan 
-96.875, 80.375, 2.5554726052257303e-23, nan 
-96.625, 80.375, 3.007288265562481e-23, nan 
-96.375, 80.375, 2.8689223463549477e-23, nan 
-96.125, 80.375, 2.3884793914073122e-23, nan 
-95.875, 80.375, 2.2042834286264008e-23, nan 
-95.625, 80.375, 2.3300232063114576e-23, nan 
-95.375, 80.375, 2.5846013357869253e-23, nan 
-95.125, 80.375, 1.950033076928273e-23, nan 
-94.875, 80.375, 2.0454348112756863e-23, nan 
-94.625, 80.375, 2.454015932948863e-23, nan 
-94.375, 80.375, 1.967915814442966e-23, nan 
-94.125, 80.375, 2.3829794090895157e-23, nan 
-93.875, 80.375, 1.9297980684826032e-23, nan 
-93.625, 80.375, 2.1300827575080772e-23, nan 
-93.375, 80.375, 2.068403604142335e-23, nan 
-93.125, 80.375, 2.605182394858392e-23, nan 
-92.875, 80.375, 2.0535065005817903e-23, nan 
-92.625, 80.375, 1.9613787826198335e-23, nan 
-92.375, 80.375, 2.5518312509240618e-23, nan 
-92.125, 80.375, 1.7508361511731582e-23, nan 
-91.875, 80.375, 1.7289952944098876e-23, nan 
-91.625, 80.375, 2.0220971367147255e-23, nan 
-91.375, 80.375, 1.7741540026832085e-23, nan 
-91.125, 80.375, 2.1362575838082345e-23, nan 
-90.875, 80.375, 2.0677975288471863e-23, nan 
-90.625, 80.375, 2.223007124282808e-23, nan 
-90.375, 80.375, 2.3630642247755453e-23, nan 
-90.125, 80.375, 2.1597605287112793e-23, nan 
-89.875, 80.375, 2.478611320991572e-23, nan 
-89.625, 80.375, 2.626649609721298e-23, nan 
-89.375, 80.375, 4.515534472368432e-23, nan 
-89.125, 80.375, 3.2923070866976374e-23, nan 
-88.875, 80.375, 5.0634289362106896e-23, nan 
-88.625, 80.375, 4.2753830334101225e-23, nan 
-88.375, 80.375, 4.271156329508622e-23, nan 
-88.125, 80.375, 4.415236304074585e-23, nan 
-87.875, 80.375, 3.968962089369313e-23, nan 
-87.625, 80.375, 5.703353621664952e-23, nan 
-87.375, 80.375, 5.2833388804260354e-23, nan 
-87.125, 80.375, 4.571046024767336e-23, nan 
-86.875, 80.375, 5.466656653845228e-23, nan 
-86.625, 80.375, 5.887080760824316e-23, nan 
-86.375, 80.375, 6.331303333644955e-23, nan 
-86.125, 80.375, 6.822205503500001e-23, nan 
-85.875, 80.375, 6.27898460276387e-23, nan 
-85.625, 80.375, 6.73723126767758e-23, nan 
-85.375, 80.375, 6.282932534537309e-23, nan 
-85.125, 80.375, 6.708314868381042e-23, nan 
-84.875, 80.375, 6.710066813129425e-23, nan 
-84.625, 80.375, 5.440955444927542e-23, nan 
-84.375, 80.375, 6.471403057861925e-23, nan 
-84.125, 80.375, 6.497470805396799e-23, nan 
-83.875, 80.375, 6.397494697044538e-23, nan 
-83.625, 80.375, 7.198350580160505e-23, nan 
-83.375, 80.375, 6.431084436645092e-23, nan 
-83.125, 80.375, 7.462287991117083e-23, nan 
-82.875, 80.375, 6.842986795761531e-23, nan 
-82.625, 80.375, 6.685485588062599e-23, nan 
-82.375, 80.375, 7.261158320620316e-23, nan 
-82.125, 80.375, 6.156513329421919e-23, nan 
-81.875, 80.375, 6.42942678556331e-23, nan 
-81.625, 80.375, 7.422549921479759e-23, nan 
-81.375, 80.375, 5.197810383181897e-23, nan 
-81.125, 80.375, 6.116830530613729e-23, nan 
-80.875, 80.375, 6.72116300189324e-23, nan 
-80.625, 80.375, 7.010560604632938e-23, nan 
-80.375, 80.375, 5.585227935793438e-23, nan 
-80.125, 80.375, 1.3166266088572416e-22, nan 
-79.875, 80.375, 1.4183369135949516e-22, nan 
-79.625, 80.375, 2.8183522227637785e-22, nan 
-79.375, 80.375, 3.5335113119530326e-22, nan 
-79.125, 80.375, 4.0041874305998374e-22, nan 
-78.875, 80.375, 2.2813436728788053e-22, nan 
-78.625, 80.375, 2.3110279464286265e-22, nan 
-78.375, 80.375, 3.05643668327909e-22, nan 
-78.125, 80.375, 2.9124514291725984e-22, nan 
-77.875, 80.375, 2.993934767825248e-22, nan 
-77.625, 80.375, 1.561385214485807e-22, nan 
-77.375, 80.375, 1.4685264349991024e-22, nan 
-77.125, 80.375, 9.972900892747361e-23, nan 
-76.875, 80.375, 8.776700461090415e-23, nan 
-76.625, 80.375, 1.1707004217622295e-22, nan 
-76.375, 80.375, 8.87715811645237e-23, nan 
-76.125, 80.375, 1.2396740035309806e-22, nan 
-75.875, 80.375, 1.4922123960517678e-22, nan 
-75.625, 80.375, 1.9431180864378538e-22, nan 
-75.375, 80.375, 1.7462437661182388e-22, nan 
-75.125, 80.375, 1.5568786176342725e-22, nan 
-74.875, 80.375, 1.541607917054201e-22, nan 
-74.625, 80.375, 1.442672879032845e-22, nan 
-74.375, 80.375, 1.3574259006693831e-22, nan 
-74.125, 80.375, 1.2121534150010846e-22, nan 
-73.875, 80.375, 1.1997925334463742e-22, nan 
-73.625, 80.375, 1.2192477367946702e-22, nan 
-73.375, 80.375, 1.2445456938851904e-22, nan 
-73.125, 80.375, 1.1717595302338583e-22, nan 
-72.875, 80.375, 1.210230816246591e-22, nan 
-72.625, 80.375, 1.0746295899322246e-22, nan 
-72.375, 80.375, 1.3457678810166939e-22, nan 
-72.125, 80.375, 1.3915945001256668e-22, nan 
-71.875, 80.375, 1.2270007523682168e-22, nan 
-71.625, 80.375, 1.2464178295995254e-22, nan 
-71.375, 80.375, 1.1544976795514667e-22, nan 
-71.125, 80.375, 1.1411536853767765e-22, nan 
-70.875, 80.375, 1.2107029890843888e-22, nan 
-70.625, 80.375, 1.1312266803001655e-22, nan 
-70.375, 80.375, 1.1521645109375322e-22, nan 
-70.125, 80.375, 1.3032967556008042e-22, nan 
-69.875, 80.375, 1.307174651271832e-22, nan 
-69.625, 80.375, 1.3140812608794256e-22, nan 
-69.375, 80.375, 1.1831278392300323e-22, nan 
-69.125, 80.375, 1.124332219999651e-22, nan 
-68.875, 80.375, 1.1935273990452526e-22, nan 
-68.625, 80.375, 1.382224052272437e-22, nan 
-68.375, 80.375, 1.2511241436168626e-22, nan 
-68.125, 80.375, 1.1807775580465041e-22, nan 
-67.875, 80.375, 1.0660801287558165e-22, nan 
-67.625, 80.375, 9.627920306379654e-23, nan 
-67.375, 80.375, 1.122383232081498e-22, nan 
-67.125, 80.375, 8.170396232361639e-23, nan 
-66.875, 80.375, 7.240924901903229e-23, nan 
-66.625, 80.375, 6.759218275118111e-23, nan 
-66.375, 80.375, 6.589871113747794e-23, nan 
-66.125, 80.375, 7.176288463736985e-23, nan 
-65.875, 80.375, 5.743449964678774e-23, nan 
-65.625, 80.375, 2.6857797355712536e-23, nan 
-65.375, 80.375, 2.3872356083220025e-23, nan 
-65.125, 80.375, 1.8114705283479636e-23, nan 
-64.875, 80.375, 2.4300400034266742e-23, nan 
-64.625, 80.375, 2.2238084985091817e-23, nan 
-64.375, 80.375, 2.042534827676294e-23, nan 
-64.125, 80.375, 2.0722316367835775e-23, nan 
-63.875, 80.375, 1.497745985354505e-23, nan 
-63.625, 80.375, 2.269748432529055e-23, nan 
-63.375, 80.375, 3.726281323177942e-23, nan 
-63.125, 80.375, 2.4484730259031246e-23, nan 
-62.875, 80.375, 1.25743577820151e-23, nan 
-62.625, 80.375, 1.6931289985330782e-23, nan 
-62.375, 80.375, 3.211684536069632e-23, nan 
-62.125, 80.375, 3.148077962291079e-23, nan 
-61.875, 80.375, 2.7375676262243395e-23, nan 
-61.625, 80.375, 2.321708500345475e-23, nan 
-61.375, 80.375, 3.5453941615616883e-23, nan 
-61.125, 80.375, 5.925390306884937e-23, nan 
-60.875, 80.375, 7.007085531465351e-23, nan 
-60.625, 80.375, 8.413604877454682e-23, nan 
-60.375, 80.375, 9.915684278278403e-23, nan 
-60.125, 80.375, 7.462884474102972e-23, nan 
-59.875, 80.375, 6.913809048968508e-23, nan 
-59.625, 80.375, 8.368592953924846e-23, nan 
-59.375, 80.375, 1.0347778610092599e-22, nan 
-59.125, 80.375, 1.3476246929163675e-22, nan 
-58.875, 80.375, 1.1905112935566018e-22, nan 
-58.625, 80.375, 9.818050543547956e-23, nan 
-58.375, 80.375, 1.2514468059475383e-22, nan 
-58.125, 80.375, 1.10432733728427e-22, nan 
-57.875, 80.375, 7.814582421461889e-23, nan 
-57.625, 80.375, 7.435798382708816e-23, nan 
-57.375, 80.375, 8.025767933057467e-23, nan 
-57.125, 80.375, 8.482939605400446e-23, nan 
-56.875, 80.375, 7.719233465444666e-23, nan 
-56.625, 80.375, 1.8017967484197585e-23, nan 
-56.375, 80.375, 1.4800141517676174e-23, nan 
-56.125, 80.375, 9.155501818604736e-24, nan 
-55.875, 80.375, 1.406719186427024e-23, nan 
-55.625, 80.375, 8.205173240618382e-24, nan 
-55.375, 80.375, 2.2471864075604694e-23, nan 
-55.125, 80.375, 2.4465572454818844e-23, nan 
-54.875, 80.375, 2.3412285440524205e-23, nan 
-54.625, 80.375, 2.276528376258124e-23, nan 
-54.375, 80.375, 2.29749420015666e-23, nan 
-54.125, 80.375, 2.1499719244333136e-23, nan 
-53.875, 80.375, 2.2807385503965593e-23, nan 
-53.625, 80.375, 2.0183485482197567e-23, nan 
-53.375, 80.375, 2.269735959880094e-23, nan 
-53.125, 80.375, 2.42886790181362e-23, nan 
-52.875, 80.375, 2.0565117312635673e-23, nan 
-52.625, 80.375, 1.935353703991968e-23, nan 
-52.375, 80.375, 2.2058294104885337e-23, nan 
-52.125, 80.375, 1.4911463236317932e-23, nan 
-51.875, 80.375, 2.6289026737351474e-23, nan 
-51.625, 80.375, 3.1723379376792284e-23, nan 
-51.375, 80.375, 4.1178823100132535e-23, nan 
-51.125, 80.375, 6.232407428245154e-23, nan 
-50.875, 80.375, 9.347299176155689e-23, nan 
-50.625, 80.375, 1.1112461304004914e-22, nan 
-50.375, 80.375, 1.3280442393433816e-22, nan 
-50.125, 80.375, 1.5849392347528782e-22, nan 
-49.875, 80.375, 1.285144238456719e-22, nan 
-49.625, 80.375, 1.322291334237631e-22, nan 
-49.375, 80.375, 1.4158868797786564e-22, nan 
-49.125, 80.375, 1.5776160220728633e-22, nan 
-48.875, 80.375, 1.8423434819495171e-22, nan 
-48.625, 80.375, 1.2667582737134145e-22, nan 
-48.375, 80.375, 1.1678934077898108e-22, nan 
-48.125, 80.375, 9.769849692664005e-23, nan 
-47.875, 80.375, 7.631585885478257e-23, nan 
-47.625, 80.375, 7.568789875958644e-23, nan 
-47.375, 80.375, 7.188147906106344e-23, nan 
-47.125, 80.375, 6.89223425762108e-23, nan 
-46.875, 80.375, 6.969508421669728e-23, nan 
-46.625, 80.375, 7.181661093730397e-23, nan 
-46.375, 80.375, 8.137977620478284e-23, nan 
-46.125, 80.375, 8.215638541157339e-23, nan 
-45.875, 80.375, 8.102319483865358e-23, nan 
-45.625, 80.375, 7.849634624161773e-23, nan 
-45.375, 80.375, 7.762990935050733e-23, nan 
-45.125, 80.375, 7.329001381466297e-23, nan 
-44.875, 80.375, 6.690156498859722e-23, nan 
-44.625, 80.375, 7.55570688606689e-23, nan 
-44.375, 80.375, 7.305642767885846e-23, nan 
-44.125, 80.375, 6.725620425846949e-23, nan 
-43.875, 80.375, 6.236976953976379e-23, nan 
-43.625, 80.375, 6.279205499700899e-23, nan 
-43.375, 80.375, 6.298175990136141e-23, nan 
-43.125, 80.375, 5.235294376509991e-23, nan 
-42.875, 80.375, 4.730034517944312e-23, nan 
-42.625, 80.375, 5.70602838256522e-23, nan 
-42.375, 80.375, 4.9813724457251785e-23, nan 
-42.125, 80.375, 4.850472613326319e-23, nan 
-41.875, 80.375, 4.1502583084731663e-23, nan 
-41.625, 80.375, 2.728767824460761e-23, nan 
-41.375, 80.375, 3.259472202324094e-23, nan 
-41.125, 80.375, 5.53199333068663e-23, nan 
-40.875, 80.375, 3.5566518462348135e-23, nan 
-40.625, 80.375, 2.89930809681922e-23, nan 
-40.375, 80.375, 3.989431603903935e-23, nan 
-40.125, 80.375, 4.1596684331152433e-23, nan 
-39.875, 80.375, 1.3154175205978838e-22, nan 
-39.625, 80.375, 1.239394500623505e-22, nan 
-39.375, 80.375, 1.3349256443095375e-22, nan 
-39.125, 80.375, 1.2365638142287388e-22, nan 
-38.875, 80.375, 1.6600250527533684e-22, nan 
-38.625, 80.375, 1.4239092903609207e-22, nan 
-38.375, 80.375, 1.4745438674012687e-22, nan 
-38.125, 80.375, 1.5979336535145316e-22, nan 
-37.875, 80.375, 1.2776574294469098e-22, nan 
-37.625, 80.375, 1.4210597840101863e-22, nan 
-37.375, 80.375, 1.162723186268331e-22, nan 
-37.125, 80.375, 1.4167620135517584e-22, nan 
-36.875, 80.375, 1.4690779833646975e-22, nan 
-36.625, 80.375, 1.3750534162378277e-22, nan 
-36.375, 80.375, 9.709012096512098e-23, nan 
-36.125, 80.375, 8.878931997768476e-23, nan 
-35.875, 80.375, 7.275409927627717e-23, nan 
-35.625, 80.375, 5.589587204370802e-23, nan 
-35.375, 80.375, 7.130951949329458e-23, nan 
-35.125, 80.375, 9.757587595413885e-23, nan 
-34.875, 80.375, 1.044669576140143e-22, nan 
-34.625, 80.375, 1.089505244343678e-22, nan 
-34.375, 80.375, 1.4733722490158995e-22, nan 
-34.125, 80.375, 1.5306255453064423e-22, nan 
-33.875, 80.375, 1.442902076790799e-22, nan 
-33.625, 80.375, 1.1441213922396476e-22, nan 
-33.375, 80.375, 8.826267869626424e-23, nan 
-33.125, 80.375, 1.0803776660070596e-22, nan 
-32.875, 80.375, 8.680629727166826e-23, nan 
-32.625, 80.375, 9.410180184983527e-23, nan 
-32.375, 80.375, 1.3970839613090614e-22, nan 
-32.125, 80.375, 1.52097081574044e-22, nan 
-31.875, 80.375, 1.8691763989733151e-22, nan 
-31.625, 80.375, 1.3109739882138004e-22, nan 
-31.375, 80.375, 1.1735329496140051e-22, nan 
-31.125, 80.375, 1.9305898766956306e-22, nan 
-30.875, 80.375, 2.0905272067705399e-22, nan 
-30.625, 80.375, 2.0554107713079866e-22, nan 
-30.375, 80.375, 1.4682527792025676e-22, nan 
-30.125, 80.375, 9.813700724801543e-23, nan 
-29.875, 80.375, 8.717153269722238e-23, nan 
-29.625, 80.375, 1.2148203937131366e-22, nan 
-29.375, 80.375, 1.4483089831756672e-22, nan 
-29.125, 80.375, 1.3451022499431811e-22, nan 
-28.875, 80.375, 1.333642766167734e-22, nan 
-28.625, 80.375, 1.75524349400427e-22, nan 
-28.375, 80.375, 1.9726707139637652e-22, nan 
-28.125, 80.375, 1.875848416809459e-22, nan 
-27.875, 80.375, 1.8098301083715683e-22, nan 
-27.625, 80.375, 1.5197537187120577e-22, nan 
-27.375, 80.375, 1.414851050539882e-22, nan 
-27.125, 80.375, 1.4154799025235856e-22, nan 
-26.875, 80.375, 1.5348331545244128e-22, nan 
-26.625, 80.375, 1.5824990228282488e-22, nan 
-26.375, 80.375, 1.080318998212541e-22, nan 
-26.125, 80.375, 4.5972312935522856e-23, nan 
-25.875, 80.375, 5.059319845402076e-23, nan 
-25.625, 80.375, 5.0071218892423666e-23, nan 
-25.375, 80.375, 5.699469142371146e-23, nan 
-25.125, 80.375, 8.123152715768457e-23, nan 
-24.875, 80.375, 1.3309459648613632e-22, nan 
-24.625, 80.375, 1.091285538800561e-22, nan 
-24.375, 80.375, 1.242366380699511e-22, nan 
-24.125, 80.375, 4.273168671006713e-23, nan 
-23.875, 80.375, 1.0441576360147742e-22, nan 
-23.625, 80.375, 2.2731491109718915e-22, nan 
-23.375, 80.375, 2.1160551665271343e-22, nan 
-23.125, 80.375, 2.6364600964120756e-22, nan 
-22.875, 80.375, 1.2602987198224193e-22, nan 
-22.625, 80.375, 1.5754472399812388e-22, nan 
-22.375, 80.375, 2.294015878204591e-22, nan 
-22.125, 80.375, 2.3495753644345273e-22, nan 
-21.875, 80.375, 2.5362204805203163e-22, nan 
-21.625, 80.375, 1.9281132359378962e-22, nan 
-21.375, 80.375, 1.7770073769988985e-22, nan 
-21.125, 80.375, 1.4790169228755933e-22, nan 
-20.875, 80.375, 1.1718672773804944e-22, nan 
-20.625, 80.375, 6.934881402966859e-23, nan 
-20.375, 80.375, 3.4724389356704756e-23, nan 
-20.125, 80.375, 2.766494648350502e-23, nan 
-19.875, 80.375, 2.5079601509988946e-23, nan 
-19.625, 80.375, 2.0743359543583132e-23, nan 
-19.375, 80.375, 1.8981295751390748e-23, nan 
-19.125, 80.375, 2.836865964518485e-23, nan 
-18.875, 80.375, 2.4138497529646318e-23, nan 
-18.625, 80.375, 3.723896888415694e-23, nan 
-18.375, 80.375, 4.181717543007184e-23, nan 
-18.125, 80.375, 4.658108069420797e-23, nan 
-17.875, 80.375, 6.755454769847589e-23, nan 
-17.625, 80.375, 6.313882682755919e-23, nan 
-17.375, 80.375, 5.672472104248554e-23, nan 
-17.125, 80.375, 4.732552169465355e-23, nan 
-16.875, 80.375, 4.217724508657952e-23, nan 
-16.625, 80.375, 7.158355688839383e-23, nan 
-16.375, 80.375, 1.0724349518124038e-22, nan 
-16.125, 80.375, 1.1421497510352417e-22, nan 
-15.875, 80.375, 1.4194236044325152e-22, nan 
-15.625, 80.375, 1.4213284922894258e-22, nan 
-15.375, 80.375, 1.5845902475590246e-22, nan 
-15.125, 80.375, 1.545077510239922e-22, nan 
-14.875, 80.375, 1.3779860055049113e-22, nan 
-14.625, 80.375, 9.786984391903597e-23, nan 
-14.375, 80.375, 9.489138274307427e-23, nan 
-14.125, 80.375, 1.1613262008688242e-22, nan 
-13.875, 80.375, 1.1147851467609686e-22, nan 
-13.625, 80.375, 9.840260973129272e-23, nan 
-13.375, 80.375, 5.032461043032326e-23, nan 
-13.125, 80.375, 4.864467587342517e-23, nan 
-12.875, 80.375, 1.9593560800856704e-23, nan 
-12.625, 80.375, 1.8602279465268745e-23, nan 
-12.375, 80.375, 1.7216234731829005e-23, nan 
-12.125, 80.375, 1.3205462183990799e-23, nan 
-11.875, 80.375, 1.4235246651667327e-23, nan 
-11.625, 80.375, 9.029439617490569e-24, nan 
-11.375, 80.375, 7.975047059156534e-24, nan 
-11.125, 80.375, 8.938595559364832e-24, nan 
-10.875, 80.375, 1.659930077399937e-23, nan 
-10.625, 80.375, 2.105187197267979e-23, nan 
-10.375, 80.375, 2.173236716411671e-23, nan 
-10.125, 80.375, 2.1133282212152103e-23, nan 
-9.875, 80.375, 2.3920231541864525e-23, nan 
-9.625, 80.375, 4.4201452670900014e-23, nan 
-9.375, 80.375, 3.4080285807360144e-23, nan 
-9.125, 80.375, 3.6165620324421863e-23, nan 
-8.875, 80.375, 4.611298315927167e-23, nan 
-8.625, 80.375, 2.6565592213320964e-23, nan 
-8.375, 80.375, 1.0674911628849143e-22, nan 
-8.125, 80.375, 9.512090724732107e-23, nan 
-7.875, 80.375, 9.348558486115018e-23, nan 
-7.625, 80.375, 9.496309331894409e-23, nan 
-7.375, 80.375, 8.299219323082154e-23, nan 
-7.125, 80.375, 1.003210266612046e-22, nan 
-6.875, 80.375, 1.0416056933222705e-22, nan 
-6.625, 80.375, 1.0054820636981785e-22, nan 
-6.375, 80.375, 9.280738520879635e-23, nan 
-6.125, 80.375, 9.037668986491632e-23, nan 
-5.875, 80.375, 5.442092806189161e-23, nan 
-5.625, 80.375, 5.770084183427838e-23, nan 
-5.375, 80.375, 5.901999205324572e-23, nan 
-5.125, 80.375, 5.596750245914191e-23, nan 
-4.875, 80.375, 1.376094992326865e-23, nan 
-4.625, 80.375, 1.7598215201881107e-23, nan 
-4.375, 80.375, 1.1518276782350606e-23, nan 
-4.125, 80.375, 1.0096860597628048e-23, nan 
-3.875, 80.375, 1.1620695357000115e-23, nan 
-3.625, 80.375, 9.048280866035828e-24, nan 
-3.375, 80.375, 1.4492727498824987e-23, nan 
-3.125, 80.375, 1.9149934622323425e-23, nan 
-2.875, 80.375, 1.8507762004086407e-23, nan 
-2.625, 80.375, 1.8324900916551676e-23, nan 
-2.375, 80.375, 1.8783761090643357e-23, nan 
-2.125, 80.375, 1.7115313065326414e-23, nan 
-1.875, 80.375, 2.1451134389278222e-23, nan 
-1.625, 80.375, 2.567585966681777e-23, nan 
-1.375, 80.375, 2.7300988325938423e-23, nan 
-1.125, 80.375, 2.5508584551839943e-23, nan 
-0.875, 80.375, 3.032685503817866e-23, nan 
-0.625, 80.375, 2.6058781665637468e-23, nan 
-0.375, 80.375, 2.873233787720772e-23, nan 
-0.125, 80.375, 2.736328856662007e-23, nan 
0.125, 80.375, 2.793355269790793e-23, nan 
0.375, 80.375, 2.4128944840630974e-23, nan 
0.625, 80.375, 2.2542440274230924e-23, nan 
0.875, 80.375, 3.528678613957666e-23, nan 
1.125, 80.375, 3.8091943579190295e-23, nan 
1.375, 80.375, 7.572199944861816e-23, nan 
1.625, 80.375, 7.591428806650582e-23, nan 
1.875, 80.375, 6.300857148798562e-23, nan 
2.125, 80.375, 4.478154913944945e-23, nan 
2.375, 80.375, 4.5783905602148735e-23, nan 
2.625, 80.375, 8.32858570756424e-23, nan 
2.875, 80.375, 1.1730709664584267e-22, nan 
3.125, 80.375, 1.1145901760420135e-22, nan 
3.375, 80.375, 7.738337166784811e-23, nan 
3.625, 80.375, 6.834850282005951e-23, nan 
3.875, 80.375, 7.51185980754401e-23, nan 
4.125, 80.375, 8.10059175935286e-23, nan 
4.375, 80.375, 9.22171813896085e-23, nan 
4.625, 80.375, 8.881116704001237e-23, nan 
4.875, 80.375, 8.435267955732881e-23, nan 
5.125, 80.375, 8.48873108465147e-23, nan 
5.375, 80.375, 4.810121532512107e-23, nan 
5.625, 80.375, 4.479730568968876e-23, nan 
5.875, 80.375, 2.727319883469544e-23, nan 
6.125, 80.375, 2.3007239116436646e-23, nan 
6.375, 80.375, 1.5428322629275515e-23, nan 
6.625, 80.375, 1.3365823617760986e-23, nan 
6.875, 80.375, 1.5376716091259882e-23, nan 
7.125, 80.375, 1.2778739790753874e-23, nan 
7.375, 80.375, 1.1891050877681923e-23, nan 
7.625, 80.375, 1.2430623774073918e-23, nan 
7.875, 80.375, 1.1496549174581795e-23, nan 
8.125, 80.375, 1.1716327666056738e-23, nan 
8.375, 80.375, 1.116626321499441e-23, nan 
8.625, 80.375, 9.864224035216082e-24, nan 
8.875, 80.375, 1.2571495322541546e-23, nan 
9.125, 80.375, 2.4650198882264783e-23, nan 
9.375, 80.375, 3.870745878670878e-23, nan 
9.625, 80.375, 5.1124697451572174e-23, nan 
9.875, 80.375, 5.640402259352737e-23, nan 
10.125, 80.375, 4.235148902806534e-23, nan 
10.375, 80.375, 2.9373030069528237e-23, nan 
10.625, 80.375, 4.26847967643339e-23, nan 
10.875, 80.375, 6.477397615431381e-23, nan 
11.125, 80.375, 6.738160901831121e-23, nan 
11.375, 80.375, 5.704088180971367e-23, nan 
11.625, 80.375, 2.080302893780573e-23, nan 
11.875, 80.375, 2.875983726353472e-23, nan 
12.125, 80.375, 4.5961326559255106e-23, nan 
12.375, 80.375, 5.2494025684382195e-23, nan 
12.625, 80.375, 5.151625648271312e-23, nan 
12.875, 80.375, 4.123736845738045e-23, nan 
13.125, 80.375, 3.901094247460514e-23, nan 
13.375, 80.375, 3.592083477609221e-23, nan 
13.625, 80.375, 3.055132881682964e-23, nan 
13.875, 80.375, 2.42678139597558e-23, nan 
14.125, 80.375, 5.957571859242149e-24, nan 
14.375, 80.375, 1.3868996139793077e-23, nan 
14.625, 80.375, 2.1212499274588447e-23, nan 
14.875, 80.375, 2.6491539203504206e-23, nan 
15.125, 80.375, 2.997923565805825e-23, nan 
15.375, 80.375, 2.7011391804250304e-23, nan 
15.625, 80.375, 3.599961024469369e-23, nan 
15.875, 80.375, 3.63375399597223e-23, nan 
16.125, 80.375, 4.090534502407071e-23, nan 
16.375, 80.375, 3.682506841333499e-23, nan 
16.625, 80.375, 4.7795456158225537e-23, nan 
16.875, 80.375, 3.3690358171036466e-23, nan 
17.125, 80.375, 4.200569364895036e-23, nan 
17.375, 80.375, 3.819340664416048e-23, nan 
17.625, 80.375, 3.538751091534837e-23, nan 
17.875, 80.375, 4.17806758683626e-23, nan 
18.125, 80.375, 3.0979328119988983e-23, nan 
18.375, 80.375, 3.016836699972901e-23, nan 
18.625, 80.375, 3.245358459304896e-23, nan 
18.875, 80.375, 3.385317073216967e-23, nan 
19.125, 80.375, 4.2460462107765676e-23, nan 
19.375, 80.375, 3.0051090662833386e-23, nan 
19.625, 80.375, 2.820652458490307e-23, nan 
19.875, 80.375, 2.0193393483250288e-23, nan 
20.125, 80.375, 1.5565573644659802e-23, nan 
20.375, 80.375, 1.8480305455357037e-23, nan 
20.625, 80.375, 2.8935642707205585e-23, nan 
20.875, 80.375, 1.9329007641352692e-23, nan 
21.125, 80.375, 1.4388839889436754e-23, nan 
21.375, 80.375, 2.164110442147132e-23, nan 
21.625, 80.375, 1.989818794790023e-23, nan 
21.875, 80.375, 4.9357565486983976e-23, nan 
22.125, 80.375, 2.877751231740086e-23, nan 
22.375, 80.375, 3.342103186785416e-23, nan 
22.625, 80.375, 3.565915122848075e-23, nan 
22.875, 80.375, 2.2916817174364526e-23, nan 
23.125, 80.375, 2.5455970542663411e-23, nan 
23.375, 80.375, 1.8548131131532854e-23, nan 
23.625, 80.375, 3.044796213919228e-23, nan 
23.875, 80.375, 3.617820102890464e-23, nan 
24.125, 80.375, 2.6463416012481647e-23, nan 
24.375, 80.375, 2.3028504918989188e-23, nan 
24.625, 80.375, 2.3415328377209554e-23, nan 
24.875, 80.375, 1.622302737972758e-23, nan 
25.125, 80.375, 3.654903074241017e-23, nan 
25.375, 80.375, 2.845648584148626e-23, nan 
25.625, 80.375, 2.921795512393546e-23, nan 
25.875, 80.375, 2.582953559629506e-23, nan 
26.125, 80.375, 2.3138685487108796e-23, nan 
26.375, 80.375, 2.5618664030434554e-23, nan 
26.625, 80.375, 3.419450521513657e-23, nan 
26.875, 80.375, 4.035916833853638e-23, nan 
27.125, 80.375, 4.0171347359583826e-23, nan 
27.375, 80.375, 3.11245980412173e-23, nan 
27.625, 80.375, 2.1474133913070045e-23, nan 
27.875, 80.375, 1.9850423406277214e-23, nan 
28.125, 80.375, 2.325559791736424e-23, nan 
28.375, 80.375, 1.9069034215610212e-23, nan 
28.625, 80.375, 2.748941714700921e-23, nan 
28.875, 80.375, 1.5996885175484045e-23, nan 
29.125, 80.375, 7.408851124477204e-24, nan 
29.375, 80.375, 1.3927265603943366e-23, nan 
29.625, 80.375, 9.58995668317946e-24, nan 
29.875, 80.375, 2.7725150651983337e-23, nan 
30.125, 80.375, 2.228333262385896e-23, nan 
30.375, 80.375, 3.4843166324473393e-23, nan 
30.625, 80.375, 4.944872587631266e-23, nan 
30.875, 80.375, 3.678292179078028e-23, nan 
31.125, 80.375, 1.9426694569698654e-23, nan 
31.375, 80.375, 1.4879330127231934e-23, nan 
31.625, 80.375, 3.6237461920648464e-23, nan 
31.875, 80.375, 5.460469977404115e-23, nan 
32.125, 80.375, 4.054957120605156e-23, nan 
32.375, 80.375, 2.5023304138901575e-23, nan 
32.625, 80.375, 3.0980626709514584e-23, nan 
32.875, 80.375, 2.8232420527474574e-23, nan 
33.125, 80.375, 2.78009150741049e-23, nan 
33.375, 80.375, 2.7555924630798344e-23, nan 
33.625, 80.375, 2.3246121338972904e-23, nan 
33.875, 80.375, 2.2432220940400623e-23, nan 
34.125, 80.375, 2.010527981903687e-23, nan 
34.375, 80.375, 1.359120183801955e-23, nan 
34.625, 80.375, 8.236287740922513e-24, nan 
34.875, 80.375, 7.102673673746798e-24, nan 
35.125, 80.375, 5.388072298530168e-24, nan 
35.375, 80.375, 5.116589887606042e-24, nan 
35.625, 80.375, 6.641951280237152e-24, nan 
35.875, 80.375, 7.369586474056932e-24, nan 
36.125, 80.375, 1.1983492569584191e-23, nan 
36.375, 80.375, 1.206226529078845e-23, nan 
36.625, 80.375, 1.2273176723068381e-23, nan 
36.875, 80.375, 6.6002081874441105e-24, nan 
37.125, 80.375, 7.666203701989139e-24, nan 
37.375, 80.375, 1.430175377884124e-23, nan 
37.625, 80.375, 1.187937642568981e-23, nan 
37.875, 80.375, 1.1830891524545765e-23, nan 
38.125, 80.375, 9.742157707495237e-24, nan 
38.375, 80.375, 5.680960664395018e-24, nan 
38.625, 80.375, 1.9544351321240017e-23, nan 
38.875, 80.375, 5.107946480445192e-24, nan 
39.125, 80.375, 4.382111754021569e-24, nan 
39.375, 80.375, 7.060557356010644e-24, nan 
39.625, 80.375, 8.106424219195504e-24, nan 
39.875, 80.375, 1.4234771641196862e-23, nan 
40.125, 80.375, 7.935411608714567e-24, nan 
40.375, 80.375, 9.344806855224029e-24, nan 
40.625, 80.375, 1.1505099026151684e-23, nan 
40.875, 80.375, 9.277826408328664e-24, nan 
41.125, 80.375, 1.0503450155595453e-23, nan 
41.375, 80.375, 7.51825191964533e-24, nan 
41.625, 80.375, 8.780767499283423e-24, nan 
41.875, 80.375, 1.1187463556291699e-23, nan 
42.125, 80.375, 8.877415385596936e-24, nan 
42.375, 80.375, 6.704906866926175e-24, nan 
42.625, 80.375, 7.764046022057392e-24, nan 
42.875, 80.375, 4.8551197434339985e-24, nan 
43.125, 80.375, 7.690096968239685e-24, nan 
43.375, 80.375, 6.369153916938803e-24, nan 
43.625, 80.375, 6.93374369407406e-24, nan 
43.875, 80.375, 7.416570920099195e-24, nan 
44.125, 80.375, 7.249638575981253e-24, nan 
44.375, 80.375, 4.58971585487831e-24, nan 
44.625, 80.375, 4.429689107709025e-24, nan 
44.875, 80.375, 6.5942052178509605e-24, nan 
45.125, 80.375, 7.234442496762974e-24, nan 
45.375, 80.375, 2.3461680326562154e-24, nan 
45.625, 80.375, 3.590376867374282e-24, nan 
45.875, 80.375, 3.0685154112162497e-24, nan 
46.125, 80.375, 2.9424887368302673e-24, nan 
46.375, 80.375, 1.9570847256227973e-24, nan 
46.625, 80.375, 1.6495008480027807e-24, nan 
46.875, 80.375, 1.339561029274651e-24, nan 
47.125, 80.375, 1.2511461559986242e-24, nan 
47.375, 80.375, 1.1925656811338696e-24, nan 
47.625, 80.375, 1.1403018157254732e-24, nan 
47.875, 80.375, 1.163486681934459e-24, nan 
48.125, 80.375, 1.185235755513747e-24, nan 
48.375, 80.375, 1.791123477943023e-24, nan 
48.625, 80.375, 1.2155876866706496e-24, nan 
48.875, 80.375, 2.068211544068216e-24, nan 
49.125, 80.375, 1.1049130216482224e-24, nan 
49.375, 80.375, 1.265468263777094e-24, nan 
49.625, 80.375, 3.490878279579064e-24, nan 
49.875, 80.375, 2.3169493887858527e-24, nan 
50.125, 80.375, 4.91550147733632e-24, nan 
50.375, 80.375, 2.0542581376473213e-24, nan 
50.625, 80.375, 1.8932152162538902e-24, nan 
50.875, 80.375, 2.4770639364185608e-24, nan 
51.125, 80.375, 1.8333858921397944e-24, nan 
51.375, 80.375, 3.275672195634731e-24, nan 
51.625, 80.375, 1.6539696610095439e-24, nan 
51.875, 80.375, 1.834617394760449e-24, nan 
52.125, 80.375, 1.6223793842679953e-24, nan 
52.375, 80.375, 1.0225731749119034e-24, nan 
52.625, 80.375, 1.0740570153488995e-24, nan 
52.875, 80.375, 8.056087813751356e-25, nan 
53.125, 80.375, 7.041739167393926e-25, nan 
53.375, 80.375, 1.0553256767696844e-24, nan 
53.625, 80.375, 2.1590981673237215e-24, nan 
53.875, 80.375, 2.06217689951146e-24, nan 
54.125, 80.375, 2.145897471865303e-24, nan 
54.375, 80.375, 2.046069066748716e-24, nan 
54.625, 80.375, 2.3839302115770318e-24, nan 
54.875, 80.375, 2.0243225481620097e-24, nan 
55.125, 80.375, 2.4702695963068436e-24, nan 
55.375, 80.375, 3.157396967518829e-24, nan 
55.625, 80.375, 2.407972404052463e-24, nan 
55.875, 80.375, 3.319391165933393e-24, nan 
56.125, 80.375, 3.020851968716484e-24, nan 
56.375, 80.375, 3.822348994748906e-24, nan 
56.625, 80.375, 3.9785309525288494e-24, nan 
56.875, 80.375, 3.8077280876698e-24, nan 
57.125, 80.375, 3.379149025765322e-24, nan 
57.375, 80.375, 9.32002955616872e-24, nan 
57.625, 80.375, 1.3009827061286816e-23, nan 
57.875, 80.375, 1.1894552203705073e-23, nan 
58.125, 80.375, 1.2082892573788656e-23, nan 
58.375, 80.375, 1.044611640694402e-23, nan 
58.625, 80.375, 9.319926486668245e-24, nan 
58.875, 80.375, 1.3797315466273405e-23, nan 
59.125, 80.375, 1.2334533053403346e-23, nan 
59.375, 80.375, 1.2157290977927857e-23, nan 
59.625, 80.375, 1.0551647697793593e-23, nan 
59.875, 80.375, 3.454808661597928e-24, nan 
60.125, 80.375, 3.945496395643175e-24, nan 
60.375, 80.375, 3.1521363813519556e-24, nan 
60.625, 80.375, 2.9358948668806526e-24, nan 
60.875, 80.375, 2.8090062463186782e-24, nan 
61.125, 80.375, 2.949898232915815e-24, nan 
61.375, 80.375, 2.581688524092659e-24, nan 
61.625, 80.375, 1.9482230980047535e-24, nan 
61.875, 80.375, 1.4425744572464394e-24, nan 
62.125, 80.375, 2.3438865867413845e-24, nan 
62.375, 80.375, 2.8698471778081184e-24, nan 
62.625, 80.375, 1.9091093912007877e-24, nan 
62.875, 80.375, 3.0714686987274958e-24, nan 
63.125, 80.375, 2.6997526685838407e-24, nan 
63.375, 80.375, 2.802998273024569e-24, nan 
63.625, 80.375, 2.7276037147793535e-24, nan 
63.875, 80.375, 2.5602225353324325e-24, nan 
64.125, 80.375, 2.1431606376962212e-24, nan 
64.375, 80.375, 1.928137400349109e-24, nan 
64.625, 80.375, 1.762648892721995e-24, nan 
64.875, 80.375, 1.6173288888738064e-24, nan 
65.125, 80.375, 1.399039335261692e-24, nan 
65.375, 80.375, 1.6208648561688714e-24, nan 
65.625, 80.375, 1.7247815446600757e-24, nan 
65.875, 80.375, 1.4121332437813516e-24, nan 
66.125, 80.375, 1.4630814660280982e-24, nan 
66.375, 80.375, 1.905522986000174e-24, nan 
66.625, 80.375, 1.7744684184982408e-24, nan 
66.875, 80.375, 1.723237995513474e-24, nan 
67.125, 80.375, 1.466355654991057e-24, nan 
67.375, 80.375, 1.7407669210673105e-24, nan 
67.625, 80.375, 1.4624381079858796e-24, nan 
67.875, 80.375, 1.4385812859316134e-24, nan 
68.125, 80.375, 1.4841475609138219e-24, nan 
68.375, 80.375, 1.5158912081564033e-24, nan 
68.625, 80.375, 1.4630936530015988e-24, nan 
68.875, 80.375, 1.3910676932895815e-24, nan 
69.125, 80.375, 1.4088074510689959e-24, nan 
69.375, 80.375, 1.2401542016345628e-24, nan 
69.625, 80.375, 1.2335399109331802e-24, nan 
69.875, 80.375, 9.238869079113477e-25, nan 
70.125, 80.375, 8.710317397392804e-25, nan 
70.375, 80.375, 8.522468142529361e-25, nan 
70.625, 80.375, 8.883491914353062e-25, nan 
-101.625, 80.625, 1.598565224558518e-22, nan 
-101.375, 80.625, 1.7057375151566642e-22, nan 
-101.125, 80.625, 1.6791973090657047e-22, nan 
-100.875, 80.625, 1.634434716213648e-22, nan 
-100.625, 80.625, 1.462766439854611e-22, nan 
-100.375, 80.625, 1.4640661778473677e-22, nan 
-100.125, 80.625, 2.84563113390613e-23, nan 
-99.875, 80.625, 4.19405342815932e-23, nan 
-99.625, 80.625, 3.8252480918124635e-23, nan 
-99.375, 80.625, 1.6771708048772912e-23, nan 
-99.125, 80.625, 1.9033938539897415e-23, nan 
-98.875, 80.625, 2.075470547876186e-23, nan 
-98.625, 80.625, 4.1290753135340775e-23, nan 
-98.375, 80.625, 4.69337672563489e-23, nan 
-98.125, 80.625, 5.636535878040423e-23, nan 
-97.875, 80.625, 5.572455386352387e-23, nan 
-97.625, 80.625, 3.266916814645073e-23, nan 
-97.375, 80.625, 3.459458698037709e-23, nan 
-97.125, 80.625, 2.5489793664757044e-23, nan 
-96.875, 80.625, 2.9025605335552056e-23, nan 
-96.625, 80.625, 3.1620553452859106e-23, nan 
-96.375, 80.625, 3.483231958132084e-23, nan 
-96.125, 80.625, 3.4758789850222316e-23, nan 
-95.875, 80.625, 3.120894396746547e-23, nan 
-95.625, 80.625, 3.192416050033906e-23, nan 
-95.375, 80.625, 3.193798678823108e-23, nan 
-95.125, 80.625, 3.439518758080024e-23, nan 
-94.875, 80.625, 4.24682896991847e-23, nan 
-94.625, 80.625, 3.692756108145106e-23, nan 
-94.375, 80.625, 3.854011117469045e-23, nan 
-94.125, 80.625, 4.072203536794296e-23, nan 
-93.875, 80.625, 3.918864001985601e-23, nan 
-93.625, 80.625, 4.574423911744962e-23, nan 
-93.375, 80.625, 5.033855560947751e-23, nan 
-93.125, 80.625, 6.306233653578988e-23, nan 
-92.875, 80.625, 5.1665778916833607e-23, nan 
-92.625, 80.625, 4.1770333296135273e-23, nan 
-92.375, 80.625, 3.974256028585653e-23, nan 
-92.125, 80.625, 3.608425771411466e-23, nan 
-91.875, 80.625, 3.1918683301245915e-23, nan 
-91.625, 80.625, 3.5664691822027256e-23, nan 
-91.375, 80.625, 3.916305874540557e-23, nan 
-91.125, 80.625, 3.676376682120062e-23, nan 
-90.875, 80.625, 2.6455259475688843e-23, nan 
-90.625, 80.625, 3.0055573094181644e-23, nan 
-90.375, 80.625, 1.7889252592697534e-23, nan 
-90.125, 80.625, 1.2080154258440225e-23, nan 
-89.875, 80.625, 2.3938971209461135e-23, nan 
-89.625, 80.625, 2.3561592116262027e-23, nan 
-89.375, 80.625, 4.197523085608818e-23, nan 
-89.125, 80.625, 3.6791950634767943e-23, nan 
-88.875, 80.625, 5.851761883147073e-23, nan 
-88.625, 80.625, 4.881739683186385e-23, nan 
-88.375, 80.625, 4.849730171723965e-23, nan 
-88.125, 80.625, 5.1471904825391954e-23, nan 
-87.875, 80.625, 5.433372656176162e-23, nan 
-87.625, 80.625, 5.741740793997658e-23, nan 
-87.375, 80.625, 6.685854794525469e-23, nan 
-87.125, 80.625, 8.003569887493013e-23, nan 
-86.875, 80.625, 7.583178873706035e-23, nan 
-86.625, 80.625, 7.769993578023588e-23, nan 
-86.375, 80.625, 8.561613382006331e-23, nan 
-86.125, 80.625, 7.946565772390515e-23, nan 
-85.875, 80.625, 6.482688136251746e-23, nan 
-85.625, 80.625, 6.71263311833616e-23, nan 
-85.375, 80.625, 4.445785809186131e-23, nan 
-85.125, 80.625, 5.287048421194353e-23, nan 
-84.875, 80.625, 5.371481383420306e-23, nan 
-84.625, 80.625, 5.411173425869928e-23, nan 
-84.375, 80.625, 5.562772344171896e-23, nan 
-84.125, 80.625, 5.347455883160707e-23, nan 
-83.875, 80.625, 5.698684644038359e-23, nan 
-83.625, 80.625, 6.709329986662978e-23, nan 
-83.375, 80.625, 5.635407041623271e-23, nan 
-83.125, 80.625, 6.834225317270122e-23, nan 
-82.875, 80.625, 6.306477908055341e-23, nan 
-82.625, 80.625, 5.817838817368017e-23, nan 
-82.375, 80.625, 6.228584488335612e-23, nan 
-82.125, 80.625, 5.736810203808602e-23, nan 
-81.875, 80.625, 6.649646572117205e-23, nan 
-81.625, 80.625, 7.283356724160958e-23, nan 
-81.375, 80.625, 5.665843169352579e-23, nan 
-81.125, 80.625, 1.2078306234485152e-22, nan 
-80.875, 80.625, 1.6254793974757673e-22, nan 
-80.625, 80.625, 1.7030186293951735e-22, nan 
-80.375, 80.625, 1.743829263805234e-22, nan 
-80.125, 80.625, 1.791844857307838e-22, nan 
-79.875, 80.625, 2.3293381079129623e-22, nan 
-79.625, 80.625, 2.3017875163076767e-22, nan 
-79.375, 80.625, 2.4639665470542714e-22, nan 
-79.125, 80.625, 3.1051544625531223e-22, nan 
-78.875, 80.625, 2.352979450014543e-22, nan 
-78.625, 80.625, 2.4067380685478096e-22, nan 
-78.375, 80.625, 1.966017078472089e-22, nan 
-78.125, 80.625, 1.8478182609815298e-22, nan 
-77.875, 80.625, 1.3199364740162096e-22, nan 
-77.625, 80.625, 7.685503788616301e-23, nan 
-77.375, 80.625, 1.7747241475526485e-22, nan 
-77.125, 80.625, 2.164294329979731e-22, nan 
-76.875, 80.625, 1.8734267505352824e-22, nan 
-76.625, 80.625, 1.5516473503042417e-22, nan 
-76.375, 80.625, 2.1053446465993582e-22, nan 
-76.125, 80.625, 1.667226815667467e-22, nan 
-75.875, 80.625, 1.489895500260522e-22, nan 
-75.625, 80.625, 2.0384281382858216e-22, nan 
-75.375, 80.625, 1.8031748605843182e-22, nan 
-75.125, 80.625, 1.7135351694625051e-22, nan 
-74.875, 80.625, 1.4939010588195878e-22, nan 
-74.625, 80.625, 1.4822072459260825e-22, nan 
-74.375, 80.625, 1.2449240595823652e-22, nan 
-74.125, 80.625, 9.383483015229357e-23, nan 
-73.875, 80.625, 1.0808544724099835e-22, nan 
-73.625, 80.625, 1.0015587681054626e-22, nan 
-73.375, 80.625, 1.1824026726098858e-22, nan 
-73.125, 80.625, 1.0132628917871207e-22, nan 
-72.875, 80.625, 1.0288051718168059e-22, nan 
-72.625, 80.625, 8.956341447566631e-23, nan 
-72.375, 80.625, 9.512136701774264e-23, nan 
-72.125, 80.625, 8.946870553942194e-23, nan 
-71.875, 80.625, 8.567922337490388e-23, nan 
-71.625, 80.625, 9.265415126369307e-23, nan 
-71.375, 80.625, 1.1413496674466811e-22, nan 
-71.125, 80.625, 1.254785774726221e-22, nan 
-70.875, 80.625, 1.2194361578010886e-22, nan 
-70.625, 80.625, 1.1619108490196204e-22, nan 
-70.375, 80.625, 1.0892508281147082e-22, nan 
-70.125, 80.625, 1.4813831627379659e-22, nan 
-69.875, 80.625, 1.3972020054952054e-22, nan 
-69.625, 80.625, 1.0085534316622412e-22, nan 
-69.375, 80.625, 1.1317414341653621e-22, nan 
-69.125, 80.625, 9.915994712833741e-23, nan 
-68.875, 80.625, 1.3014123083650904e-22, nan 
-68.625, 80.625, 1.439912741124422e-22, nan 
-68.375, 80.625, 1.4761534266343542e-22, nan 
-68.125, 80.625, 1.406030672349557e-22, nan 
-67.875, 80.625, 1.1626960197571842e-22, nan 
-67.625, 80.625, 9.997895388313076e-23, nan 
-67.375, 80.625, 1.002325589617104e-22, nan 
-67.125, 80.625, 9.149745694331768e-23, nan 
-66.875, 80.625, 9.407326478554571e-23, nan 
-66.625, 80.625, 8.014586216330651e-23, nan 
-66.375, 80.625, 6.490874924921969e-23, nan 
-66.125, 80.625, 6.745847751634623e-23, nan 
-65.875, 80.625, 4.518040055372839e-23, nan 
-65.625, 80.625, 4.9561180550956985e-23, nan 
-65.375, 80.625, 2.0784373293716396e-22, nan 
-65.125, 80.625, 1.8252801930846341e-22, nan 
-64.875, 80.625, 3.7730372736120794e-22, nan 
-64.625, 80.625, 2.459183982335159e-22, nan 
-64.375, 80.625, 4.1999694093746314e-22, nan 
-64.125, 80.625, 5.247866948258772e-22, nan 
-63.875, 80.625, 6.199557370254919e-22, nan 
-63.625, 80.625, 6.018117985463703e-22, nan 
-63.375, 80.625, 4.0899518319398434e-22, nan 
-63.125, 80.625, 5.8804324475258035e-22, nan 
-62.875, 80.625, 5.227765667576221e-22, nan 
-62.625, 80.625, 3.9264360320833466e-22, nan 
-62.375, 80.625, 1.8223224303428742e-22, nan 
-62.125, 80.625, 2.0742406209238748e-22, nan 
-61.875, 80.625, 3.4699205423961114e-23, nan 
-61.625, 80.625, 3.26244719923578e-23, nan 
-61.375, 80.625, 3.8458962167958866e-23, nan 
-61.125, 80.625, 5.033505551509331e-23, nan 
-60.875, 80.625, 3.7230416558421165e-23, nan 
-60.625, 80.625, 4.0469512454703666e-23, nan 
-60.375, 80.625, 4.4725097152156976e-23, nan 
-60.125, 80.625, 9.762271489038921e-23, nan 
-59.875, 80.625, 1.0270051442304692e-22, nan 
-59.625, 80.625, 1.3660336745227364e-22, nan 
-59.375, 80.625, 1.617124017446863e-22, nan 
-59.125, 80.625, 1.4250288759856158e-22, nan 
-58.875, 80.625, 1.763882503980682e-22, nan 
-58.625, 80.625, 1.124706482704462e-22, nan 
-58.375, 80.625, 1.2427648122536597e-22, nan 
-58.125, 80.625, 1.2240579732902932e-22, nan 
-57.875, 80.625, 1.147661122209309e-22, nan 
-57.625, 80.625, 1.2975833381968545e-22, nan 
-57.375, 80.625, 1.1162405318458416e-22, nan 
-57.125, 80.625, 1.1180905644302564e-22, nan 
-56.875, 80.625, 6.191573244672393e-23, nan 
-56.625, 80.625, 9.376844472871579e-24, nan 
-56.375, 80.625, 1.433679269551937e-23, nan 
-56.125, 80.625, 1.5541743917314805e-23, nan 
-55.875, 80.625, 1.4253462918640567e-23, nan 
-55.625, 80.625, 1.5578778886808631e-23, nan 
-55.375, 80.625, 1.3526790201956706e-23, nan 
-55.125, 80.625, 8.431107770436327e-24, nan 
-54.875, 80.625, 1.804124298414363e-23, nan 
-54.625, 80.625, 1.2951379615633461e-23, nan 
-54.375, 80.625, 1.3525193778484668e-23, nan 
-54.125, 80.625, 1.6641827585274815e-23, nan 
-53.875, 80.625, 1.3541028424782103e-23, nan 
-53.625, 80.625, 1.968505333621708e-23, nan 
-53.375, 80.625, 2.1102154689692207e-23, nan 
-53.125, 80.625, 2.112414332048236e-23, nan 
-52.875, 80.625, 2.0742951751929428e-23, nan 
-52.625, 80.625, 2.1533632682662975e-23, nan 
-52.375, 80.625, 1.9314745005695877e-23, nan 
-52.125, 80.625, 2.1505588109968483e-23, nan 
-51.875, 80.625, 2.2478585516604672e-23, nan 
-51.625, 80.625, 2.6513571128181707e-23, nan 
-51.375, 80.625, 2.9646044023496004e-23, nan 
-51.125, 80.625, 2.808301311656178e-23, nan 
-50.875, 80.625, 3.0501251156858145e-23, nan 
-50.625, 80.625, 3.313006777240513e-23, nan 
-50.375, 80.625, 5.180527021880096e-23, nan 
-50.125, 80.625, 3.622644786494089e-23, nan 
-49.875, 80.625, 4.384802876986843e-23, nan 
-49.625, 80.625, 5.509872316353007e-23, nan 
-49.375, 80.625, 8.61876331865995e-23, nan 
-49.125, 80.625, 1.0521188539625615e-22, nan 
-48.875, 80.625, 1.1622072160141168e-22, nan 
-48.625, 80.625, 9.195085954776357e-23, nan 
-48.375, 80.625, 8.913535401297399e-23, nan 
-48.125, 80.625, 8.196043107514103e-23, nan 
-47.875, 80.625, 7.125564892047068e-23, nan 
-47.625, 80.625, 8.922981271739134e-23, nan 
-47.375, 80.625, 8.652195765180342e-23, nan 
-47.125, 80.625, 9.376171997583485e-23, nan 
-46.875, 80.625, 9.077598397680143e-23, nan 
-46.625, 80.625, 8.253805209205669e-23, nan 
-46.375, 80.625, 7.64273951492012e-23, nan 
-46.125, 80.625, 7.151732090086569e-23, nan 
-45.875, 80.625, 7.180019216454912e-23, nan 
-45.625, 80.625, 8.096798308289673e-23, nan 
-45.375, 80.625, 9.023293339030013e-23, nan 
-45.125, 80.625, 9.316437791026173e-23, nan 
-44.875, 80.625, 8.49524251281415e-23, nan 
-44.625, 80.625, 8.185136443950216e-23, nan 
-44.375, 80.625, 8.269219281465359e-23, nan 
-44.125, 80.625, 7.348263882455914e-23, nan 
-43.875, 80.625, 6.88014517348785e-23, nan 
-43.625, 80.625, 6.03388093860404e-23, nan 
-43.375, 80.625, 4.6730938434226895e-23, nan 
-43.125, 80.625, 4.6605510619269165e-23, nan 
-42.875, 80.625, 3.3985308762920286e-23, nan 
-42.625, 80.625, 6.02821182368163e-23, nan 
-42.375, 80.625, 5.690740625802427e-23, nan 
-42.125, 80.625, 2.2166638596711076e-23, nan 
-41.875, 80.625, 7.757140457672777e-23, nan 
-41.625, 80.625, 1.0014737755933112e-22, nan 
-41.375, 80.625, 1.3213767213078404e-22, nan 
-41.125, 80.625, 1.395349151487131e-22, nan 
-40.875, 80.625, 1.531750656801308e-22, nan 
-40.625, 80.625, 1.5910937872609816e-22, nan 
-40.375, 80.625, 1.2293460830096e-22, nan 
-40.125, 80.625, 1.4013139824504045e-22, nan 
-39.875, 80.625, 1.326922669235929e-22, nan 
-39.625, 80.625, 1.3085168383581053e-22, nan 
-39.375, 80.625, 1.439407641638207e-22, nan 
-39.125, 80.625, 1.3744788557726677e-22, nan 
-38.875, 80.625, 1.481258466766088e-22, nan 
-38.625, 80.625, 1.3299299976244672e-22, nan 
-38.375, 80.625, 1.279300733993628e-22, nan 
-38.125, 80.625, 1.2870221214170537e-22, nan 
-37.875, 80.625, 1.1244660052141793e-22, nan 
-37.625, 80.625, 8.33443352797824e-23, nan 
-37.375, 80.625, 9.520250319959603e-23, nan 
-37.125, 80.625, 2.725880455392219e-23, nan 
-36.875, 80.625, 5.500795778747616e-23, nan 
-36.625, 80.625, 1.337689776977087e-22, nan 
-36.375, 80.625, 1.4131351065972544e-22, nan 
-36.125, 80.625, 1.8430727470961865e-22, nan 
-35.875, 80.625, 1.8789985326310408e-22, nan 
-35.625, 80.625, 1.6043110812588223e-22, nan 
-35.375, 80.625, 8.866933250923929e-23, nan 
-35.125, 80.625, 9.567630727989841e-23, nan 
-34.875, 80.625, 1.1712007357155516e-22, nan 
-34.625, 80.625, 1.3957518432795657e-22, nan 
-34.375, 80.625, 1.787437016575707e-22, nan 
-34.125, 80.625, 1.7268129962647427e-22, nan 
-33.875, 80.625, 1.5294476693317658e-22, nan 
-33.625, 80.625, 1.0457039680117557e-22, nan 
-33.375, 80.625, 7.856280301501978e-23, nan 
-33.125, 80.625, 8.94549330899761e-23, nan 
-32.875, 80.625, 1.3118991225560721e-22, nan 
-32.625, 80.625, 1.4187289423886207e-22, nan 
-32.375, 80.625, 1.1555515659179246e-22, nan 
-32.125, 80.625, 7.723972439091761e-23, nan 
-31.875, 80.625, 1.2543162589806913e-22, nan 
-31.625, 80.625, 1.4708380211158848e-22, nan 
-31.375, 80.625, 1.3127420394017155e-22, nan 
-31.125, 80.625, 1.3512975471462505e-22, nan 
-30.875, 80.625, 1.259138020290459e-22, nan 
-30.625, 80.625, 6.63404193539884e-23, nan 
-30.375, 80.625, 4.827602551494269e-23, nan 
-30.125, 80.625, 1.6655045228114045e-22, nan 
-29.875, 80.625, 1.9645138655490167e-22, nan 
-29.625, 80.625, 1.97377697977806e-22, nan 
-29.375, 80.625, 1.9260913462791014e-22, nan 
-29.125, 80.625, 1.7195137761668285e-22, nan 
-28.875, 80.625, 1.521623302558871e-22, nan 
-28.625, 80.625, 1.2489033471033945e-22, nan 
-28.375, 80.625, 1.602567479913496e-22, nan 
-28.125, 80.625, 1.7171020219300273e-22, nan 
-27.875, 80.625, 1.6289661965869311e-22, nan 
-27.625, 80.625, 1.4191645552421026e-22, nan 
-27.375, 80.625, 1.0779730848796788e-22, nan 
-27.125, 80.625, 9.111033061478776e-23, nan 
-26.875, 80.625, 5.43670025947772e-23, nan 
-26.625, 80.625, 3.3226746117304955e-23, nan 
-26.375, 80.625, 3.541561932475647e-23, nan 
-26.125, 80.625, 4.354040263980988e-23, nan 
-25.875, 80.625, 7.885277450485536e-23, nan 
-25.625, 80.625, 7.148367588152956e-23, nan 
-25.375, 80.625, 6.989530097498016e-23, nan 
-25.125, 80.625, 4.5098202678836154e-23, nan 
-24.875, 80.625, 2.670308243980113e-23, nan 
-24.625, 80.625, 1.7914873501977452e-23, nan 
-24.375, 80.625, 3.260933252545442e-23, nan 
-24.125, 80.625, 8.416511784397202e-23, nan 
-23.875, 80.625, 8.966472569271968e-23, nan 
-23.625, 80.625, 1.0772061460564505e-22, nan 
-23.375, 80.625, 1.0433818162039263e-22, nan 
-23.125, 80.625, 1.3410400787466373e-22, nan 
-22.875, 80.625, 1.1298334511158904e-22, nan 
-22.625, 80.625, 9.430692296429184e-23, nan 
-22.375, 80.625, 8.673148250405786e-23, nan 
-22.125, 80.625, 7.624211065188733e-23, nan 
-21.875, 80.625, 7.785672835305865e-23, nan 
-21.625, 80.625, 7.420348885947494e-23, nan 
-21.375, 80.625, 7.194049782220766e-23, nan 
-21.125, 80.625, 7.163685281723435e-23, nan 
-20.875, 80.625, 5.385397018239558e-23, nan 
-20.625, 80.625, 4.4016822702408813e-23, nan 
-20.375, 80.625, 3.035013293036376e-23, nan 
-20.125, 80.625, 2.1775859946815055e-23, nan 
-19.875, 80.625, 2.396855856084958e-23, nan 
-19.625, 80.625, 4.905253290084332e-23, nan 
-19.375, 80.625, 4.203063440543899e-23, nan 
-19.125, 80.625, 4.674356489118023e-23, nan 
-18.875, 80.625, 5.838561796778239e-23, nan 
-18.625, 80.625, 4.107797004839595e-23, nan 
-18.375, 80.625, 3.3690863176584867e-23, nan 
-18.125, 80.625, 5.813284021473899e-23, nan 
-17.875, 80.625, 1.3332738475342465e-22, nan 
-17.625, 80.625, 1.24654759362919e-22, nan 
-17.375, 80.625, 1.2552192498782393e-22, nan 
-17.125, 80.625, 1.3794576872050124e-22, nan 
-16.875, 80.625, 1.1635673188160494e-22, nan 
-16.625, 80.625, 7.547155228883302e-23, nan 
-16.375, 80.625, 1.0362534521231715e-22, nan 
-16.125, 80.625, 1.2164029780415208e-22, nan 
-15.875, 80.625, 1.13524534590077e-22, nan 
-15.625, 80.625, 1.170988026421207e-22, nan 
-15.375, 80.625, 1.2854667611521318e-22, nan 
-15.125, 80.625, 1.2102136349482419e-22, nan 
-14.875, 80.625, 9.467548081888555e-23, nan 
-14.625, 80.625, 4.9415794968783254e-23, nan 
-14.375, 80.625, 4.555740299903657e-23, nan 
-14.125, 80.625, 2.148772680272147e-23, nan 
-13.875, 80.625, 1.823391073174411e-23, nan 
-13.625, 80.625, 1.4876222248010676e-23, nan 
-13.375, 80.625, 1.703975948546412e-23, nan 
-13.125, 80.625, 1.9867977512537683e-23, nan 
-12.875, 80.625, 1.8317456818609576e-23, nan 
-12.625, 80.625, 1.3020576360194643e-23, nan 
-12.375, 80.625, 1.221654993527959e-23, nan 
-12.125, 80.625, 1.0653378831085447e-23, nan 
-11.875, 80.625, 2.075372314532247e-23, nan 
-11.625, 80.625, 1.9468502326478485e-23, nan 
-11.375, 80.625, 1.2211313744932328e-23, nan 
-11.125, 80.625, 1.008416604160205e-23, nan 
-10.875, 80.625, 2.594429419183721e-23, nan 
-10.625, 80.625, 4.7152158575542835e-23, nan 
-10.375, 80.625, 4.308822349321611e-23, nan 
-10.125, 80.625, 1.2541696959412869e-23, nan 
-9.875, 80.625, 2.7177180436804584e-23, nan 
-9.625, 80.625, 2.2053919750246385e-23, nan 
-9.375, 80.625, 3.7932795508921904e-23, nan 
-9.125, 80.625, 6.560252045505496e-23, nan 
-8.875, 80.625, 1.068624364003605e-22, nan 
-8.625, 80.625, 9.401648811813034e-23, nan 
-8.375, 80.625, 5.604338656317241e-23, nan 
-8.125, 80.625, 5.551197097751831e-23, nan 
-7.875, 80.625, 5.621294310191286e-23, nan 
-7.625, 80.625, 6.092149045241298e-23, nan 
-7.375, 80.625, 6.504092515649687e-23, nan 
-7.125, 80.625, 5.946054398797331e-23, nan 
-6.875, 80.625, 5.517517051243076e-23, nan 
-6.625, 80.625, 1.9821682877093904e-23, nan 
-6.375, 80.625, 9.297423706503555e-24, nan 
-6.125, 80.625, 1.183914985141655e-23, nan 
-5.875, 80.625, 1.3335834711727263e-23, nan 
-5.625, 80.625, 1.788027736850847e-23, nan 
-5.375, 80.625, 1.5396393216336745e-23, nan 
-5.125, 80.625, 1.2619419744114053e-23, nan 
-4.875, 80.625, 1.3822823198423184e-23, nan 
-4.625, 80.625, 1.2620106080326553e-23, nan 
-4.375, 80.625, 1.1870956007096008e-23, nan 
-4.125, 80.625, 2.0202879061897893e-23, nan 
-3.875, 80.625, 2.3283411502695925e-23, nan 
-3.625, 80.625, 2.1079772698042518e-23, nan 
-3.375, 80.625, 1.444210156941214e-23, nan 
-3.125, 80.625, 1.4067426121422987e-23, nan 
-2.875, 80.625, 1.6139755876240366e-23, nan 
-2.625, 80.625, 1.6518022553573213e-23, nan 
-2.375, 80.625, 1.9792563337966194e-23, nan 
-2.125, 80.625, 2.3759182501137026e-23, nan 
-1.875, 80.625, 2.5850164188541993e-23, nan 
-1.625, 80.625, 2.6118862260038374e-23, nan 
-1.375, 80.625, 2.710541231491216e-23, nan 
-1.125, 80.625, 2.691917403499416e-23, nan 
-0.875, 80.625, 2.717000699988903e-23, nan 
-0.625, 80.625, 2.465860298942435e-23, nan 
-0.375, 80.625, 2.8066742038405986e-23, nan 
-0.125, 80.625, 2.9229917366143695e-23, nan 
0.125, 80.625, 3.6843295236202696e-23, nan 
0.375, 80.625, 5.1540233748210303e-23, nan 
0.625, 80.625, 6.266319747248896e-23, nan 
0.875, 80.625, 4.569571224024948e-23, nan 
1.125, 80.625, 2.6495373852178814e-23, nan 
1.375, 80.625, 1.312257409630884e-23, nan 
1.625, 80.625, 1.5856196096379644e-23, nan 
1.875, 80.625, 3.144668688477944e-23, nan 
2.125, 80.625, 6.686650737705917e-23, nan 
2.375, 80.625, 9.206242719272431e-23, nan 
2.625, 80.625, 6.257386614305456e-23, nan 
2.875, 80.625, 5.47771966641003e-23, nan 
3.125, 80.625, 5.708138630645686e-23, nan 
3.375, 80.625, 4.688052487131526e-23, nan 
3.625, 80.625, 4.161656844524166e-23, nan 
3.875, 80.625, 5.951772815805365e-23, nan 
4.125, 80.625, 5.512329491090231e-23, nan 
4.375, 80.625, 4.025306076571261e-23, nan 
4.625, 80.625, 2.3404328845661298e-23, nan 
4.875, 80.625, 1.879043402183527e-23, nan 
5.125, 80.625, 2.286902293956387e-23, nan 
5.375, 80.625, 1.8770642725581646e-23, nan 
5.625, 80.625, 1.3328057184771962e-23, nan 
5.875, 80.625, 1.1863177715528134e-23, nan 
6.125, 80.625, 1.4473734714815913e-23, nan 
6.375, 80.625, 1.2980888328149041e-23, nan 
6.625, 80.625, 1.4018590553993232e-23, nan 
6.875, 80.625, 1.4339198276873403e-23, nan 
7.125, 80.625, 1.3441683307270192e-23, nan 
7.375, 80.625, 1.6135597658800076e-23, nan 
7.625, 80.625, 2.1913944716352732e-23, nan 
7.875, 80.625, 3.0697554303460484e-23, nan 
8.125, 80.625, 4.203901452267375e-23, nan 
8.375, 80.625, 3.6390914565487026e-23, nan 
8.625, 80.625, 3.584430410965132e-23, nan 
8.875, 80.625, 3.1171901751489246e-23, nan 
9.125, 80.625, 2.296650407234888e-23, nan 
9.375, 80.625, 2.4359556331702215e-23, nan 
9.625, 80.625, 4.501810851359931e-23, nan 
9.875, 80.625, 7.024473984789882e-23, nan 
10.125, 80.625, 6.485842733179586e-23, nan 
10.375, 80.625, 6.313935131348333e-23, nan 
10.625, 80.625, 5.003662018155518e-23, nan 
10.875, 80.625, 3.621787885196246e-23, nan 
11.125, 80.625, 3.6551999729315046e-23, nan 
11.375, 80.625, 4.547913827712288e-23, nan 
11.625, 80.625, 4.6016673472127684e-23, nan 
11.875, 80.625, 3.612203373253223e-23, nan 
12.125, 80.625, 2.8339470091752095e-23, nan 
12.375, 80.625, 1.7512387636762966e-23, nan 
12.625, 80.625, 2.5535723240130816e-23, nan 
12.875, 80.625, 3.421829581122055e-23, nan 
13.125, 80.625, 4.4090500506876475e-23, nan 
13.375, 80.625, 4.9760320766270735e-23, nan 
13.625, 80.625, 4.060405617845097e-23, nan 
13.875, 80.625, 3.5579007700003924e-23, nan 
14.125, 80.625, 2.9553896145142785e-23, nan 
14.375, 80.625, 3.074821660402854e-23, nan 
14.625, 80.625, 2.943596584156532e-23, nan 
14.875, 80.625, 3.015122971808132e-23, nan 
15.125, 80.625, 3.857795320881719e-23, nan 
15.375, 80.625, 3.199797500778092e-23, nan 
15.625, 80.625, 3.752786475398849e-23, nan 
15.875, 80.625, 3.523729015212655e-23, nan 
16.125, 80.625, 3.831870972514474e-23, nan 
16.375, 80.625, 3.6102212407298784e-23, nan 
16.625, 80.625, 3.404047494603398e-23, nan 
16.875, 80.625, 3.1036105426132816e-23, nan 
17.125, 80.625, 3.6053991980281647e-23, nan 
17.375, 80.625, 3.4745785629194584e-23, nan 
17.625, 80.625, 3.245037134474175e-23, nan 
17.875, 80.625, 1.2288731009780887e-23, nan 
18.125, 80.625, 2.957932377144446e-23, nan 
18.375, 80.625, 2.918455766301887e-23, nan 
18.625, 80.625, 3.162800712282847e-23, nan 
18.875, 80.625, 3.368690189848262e-23, nan 
19.125, 80.625, 3.602121519299975e-23, nan 
19.375, 80.625, 3.5234219595737776e-23, nan 
19.625, 80.625, 3.574403848150421e-23, nan 
19.875, 80.625, 2.365478603304376e-23, nan 
20.125, 80.625, 1.6136249979125823e-23, nan 
20.375, 80.625, 1.4449801902784356e-23, nan 
20.625, 80.625, 1.8602522330324416e-23, nan 
20.875, 80.625, 3.085148363833465e-23, nan 
21.125, 80.625, 3.603985614149429e-23, nan 
21.375, 80.625, 3.697810007363963e-23, nan 
21.625, 80.625, 2.4721665269535323e-23, nan 
21.875, 80.625, 4.632259236476116e-23, nan 
22.125, 80.625, 4.392342253361067e-23, nan 
22.375, 80.625, 4.16765024122739e-23, nan 
22.625, 80.625, 4.1417917681516845e-23, nan 
22.875, 80.625, 3.823467382559821e-23, nan 
23.125, 80.625, 1.462086489619561e-23, nan 
23.375, 80.625, 3.237119547883533e-23, nan 
23.625, 80.625, 4.3662839271518936e-23, nan 
23.875, 80.625, 5.2404659105014715e-23, nan 
24.125, 80.625, 5.0349120968242427e-23, nan 
24.375, 80.625, 4.7300963140741756e-23, nan 
24.625, 80.625, 3.627219843594241e-23, nan 
24.875, 80.625, 1.8514191530287423e-23, nan 
25.125, 80.625, 4.6456309307417417e-23, nan 
25.375, 80.625, 3.477299519135653e-23, nan 
25.625, 80.625, 4.058941420261277e-23, nan 
25.875, 80.625, 3.2480500005762956e-23, nan 
26.125, 80.625, 2.4869285063002503e-23, nan 
26.375, 80.625, 1.6027409179931153e-23, nan 
26.625, 80.625, 2.6093735281465568e-23, nan 
26.875, 80.625, 3.4739174748755384e-23, nan 
27.125, 80.625, 2.696466617591307e-23, nan 
27.375, 80.625, 2.938080464502901e-23, nan 
27.625, 80.625, 2.477406790627948e-23, nan 
27.875, 80.625, 2.1515222324188125e-23, nan 
28.125, 80.625, 2.008941632680923e-23, nan 
28.375, 80.625, 1.769255328764438e-23, nan 
28.625, 80.625, 1.353988585405239e-23, nan 
28.875, 80.625, 1.6785067775000478e-23, nan 
29.125, 80.625, 1.6269066553490147e-23, nan 
29.375, 80.625, 2.777284963548327e-23, nan 
29.625, 80.625, 2.2117019615760403e-23, nan 
29.875, 80.625, 3.491454057474707e-23, nan 
30.125, 80.625, 2.1877369199596594e-23, nan 
30.375, 80.625, 1.3153354658641179e-23, nan 
30.625, 80.625, 1.8617460966153515e-23, nan 
30.875, 80.625, 2.2733851470340384e-23, nan 
31.125, 80.625, 1.8121038624181497e-23, nan 
31.375, 80.625, 1.630740701570061e-23, nan 
31.625, 80.625, 2.7514555436641796e-23, nan 
31.875, 80.625, 2.5039068363640283e-23, nan 
32.125, 80.625, 3.047043399128225e-23, nan 
32.375, 80.625, 2.9735733658401e-23, nan 
32.625, 80.625, 3.6497999272175216e-23, nan 
32.875, 80.625, 3.370831623386705e-23, nan 
33.125, 80.625, 3.440051824749364e-23, nan 
33.375, 80.625, 3.1741668317146034e-23, nan 
33.625, 80.625, 3.2331265778343224e-23, nan 
33.875, 80.625, 3.300297935370032e-23, nan 
34.125, 80.625, 3.35587844610052e-23, nan 
34.375, 80.625, 4.0911099106314787e-23, nan 
34.625, 80.625, 3.758289855586797e-23, nan 
34.875, 80.625, 3.3483205296126066e-23, nan 
35.125, 80.625, 9.207753291333549e-24, nan 
35.375, 80.625, 1.7255929416086727e-23, nan 
35.625, 80.625, 3.617702736015326e-23, nan 
35.875, 80.625, 1.3097458928902726e-23, nan 
36.125, 80.625, 3.188649902374077e-23, nan 
36.375, 80.625, 2.6453506706065483e-23, nan 
36.625, 80.625, 3.3437803505679006e-23, nan 
36.875, 80.625, 4.039878284850662e-23, nan 
37.125, 80.625, 2.233332524170003e-23, nan 
37.375, 80.625, 1.4097572325494267e-23, nan 
37.625, 80.625, 8.601599137223889e-24, nan 
37.875, 80.625, 9.264810367421456e-24, nan 
38.125, 80.625, 1.364637130135913e-23, nan 
38.375, 80.625, 1.2205079293076774e-23, nan 
38.625, 80.625, 1.3476274780143186e-23, nan 
38.875, 80.625, 3.1208570265028977e-24, nan 
39.125, 80.625, 4.976505280665596e-24, nan 
39.375, 80.625, 5.8647597382639215e-24, nan 
39.625, 80.625, 5.3245722643123765e-24, nan 
39.875, 80.625, 6.3336165415160616e-24, nan 
40.125, 80.625, 9.520626139085016e-24, nan 
40.375, 80.625, 7.6556883642942e-24, nan 
40.625, 80.625, 9.729826749743723e-24, nan 
40.875, 80.625, 1.18722060343891e-23, nan 
41.125, 80.625, 1.0248414800828e-23, nan 
41.375, 80.625, 1.3175430883048297e-23, nan 
41.625, 80.625, 1.2952625438059109e-23, nan 
41.875, 80.625, 9.796317935421254e-24, nan 
42.125, 80.625, 1.597258223134776e-23, nan 
42.375, 80.625, 1.285560838587404e-23, nan 
42.625, 80.625, 1.0458164837916512e-23, nan 
42.875, 80.625, 9.303385458686493e-24, nan 
43.125, 80.625, 1.706768411165007e-23, nan 
43.375, 80.625, 7.177603171923472e-24, nan 
43.625, 80.625, 1.0053868058526782e-23, nan 
43.875, 80.625, 1.0577718679027803e-23, nan 
44.125, 80.625, 1.0076962627474264e-23, nan 
44.375, 80.625, 1.0706258738105505e-23, nan 
44.625, 80.625, 1.1469940210427483e-23, nan 
44.875, 80.625, 1.0641023867071311e-23, nan 
45.125, 80.625, 8.917510888517898e-24, nan 
45.375, 80.625, 9.342725213435885e-24, nan 
45.625, 80.625, 7.609677230257972e-24, nan 
45.875, 80.625, 6.715573960024686e-24, nan 
46.125, 80.625, 2.9681204509582865e-24, nan 
46.375, 80.625, 2.6836721211349698e-24, nan 
46.625, 80.625, 4.6604768610218274e-24, nan 
46.875, 80.625, 5.179580287905792e-24, nan 
47.125, 80.625, 1.2046584080102117e-24, nan 
47.375, 80.625, 1.958770722837169e-24, nan 
47.625, 80.625, 1.1852780681064717e-24, nan 
47.875, 80.625, 1.1542273803846633e-24, nan 
48.125, 80.625, 1.0253872942829402e-24, nan 
48.375, 80.625, 1.0971004481147254e-24, nan 
48.625, 80.625, 1.5208715931835448e-24, nan 
48.875, 80.625, 1.560592535191414e-24, nan 
49.125, 80.625, 1.3826617661570859e-24, nan 
49.375, 80.625, 1.3099035206747448e-24, nan 
49.625, 80.625, 2.5963040491260848e-24, nan 
49.875, 80.625, 1.783146238871638e-24, nan 
50.125, 80.625, 3.1731945952176204e-24, nan 
50.375, 80.625, 2.2283625185201953e-24, nan 
50.625, 80.625, 2.1088247826193615e-24, nan 
50.875, 80.625, 1.6368289542600619e-24, nan 
51.125, 80.625, 1.3631176152129446e-24, nan 
51.375, 80.625, 1.3593085305711156e-24, nan 
51.625, 80.625, 1.0106439006200847e-24, nan 
51.875, 80.625, 2.605072122177698e-24, nan 
52.125, 80.625, 2.8492524593101537e-24, nan 
52.375, 80.625, 3.235217522368207e-24, nan 
52.625, 80.625, 3.6185163707126484e-24, nan 
52.875, 80.625, 2.6561156661895662e-24, nan 
53.125, 80.625, 4.412818969570616e-24, nan 
53.375, 80.625, 2.3153296638735696e-24, nan 
53.625, 80.625, 5.365727211214978e-24, nan 
53.875, 80.625, 4.904276637808519e-24, nan 
54.125, 80.625, 3.1233825140277627e-24, nan 
54.375, 80.625, 6.2735864828692105e-24, nan 
54.625, 80.625, 1.019023457855498e-23, nan 
54.875, 80.625, 1.63778737238114e-24, nan 
55.125, 80.625, 1.3143197448668456e-24, nan 
55.375, 80.625, 2.187683280256808e-24, nan 
55.625, 80.625, 3.52556675550456e-24, nan 
55.875, 80.625, 4.148918373527704e-24, nan 
56.125, 80.625, 3.578146558207099e-24, nan 
56.375, 80.625, 4.447841526370186e-24, nan 
56.625, 80.625, 4.3347616280591955e-24, nan 
56.875, 80.625, 5.153643345344042e-24, nan 
57.125, 80.625, 4.757459623404147e-24, nan 
57.375, 80.625, 5.707167325663793e-24, nan 
57.625, 80.625, 7.01937731189263e-24, nan 
57.875, 80.625, 1.568566104329711e-23, nan 
58.125, 80.625, 1.2713886481194485e-23, nan 
58.375, 80.625, 1.3120218920183703e-23, nan 
58.625, 80.625, 7.868661730063803e-24, nan 
58.875, 80.625, 9.914051373577821e-24, nan 
59.125, 80.625, 8.896689560253156e-24, nan 
59.375, 80.625, 8.858061732938918e-24, nan 
59.625, 80.625, 7.860900341668244e-24, nan 
59.875, 80.625, 7.0111567847942e-24, nan 
60.125, 80.625, 6.486559069257151e-24, nan 
60.375, 80.625, 4.471315831498853e-24, nan 
60.625, 80.625, 5.174799753097494e-24, nan 
60.875, 80.625, 4.775192826709279e-24, nan 
61.125, 80.625, 4.357595565598546e-24, nan 
61.375, 80.625, 3.912186958933877e-24, nan 
61.625, 80.625, 3.534721556326943e-24, nan 
61.875, 80.625, 3.2326563737241446e-24, nan 
62.125, 80.625, 2.7279689075371026e-24, nan 
62.375, 80.625, 3.4971941165607996e-24, nan 
62.625, 80.625, 2.6708235066420233e-24, nan 
62.875, 80.625, 3.7114304687619345e-24, nan 
63.125, 80.625, 2.9945976191040333e-24, nan 
63.375, 80.625, 3.3331830909830345e-24, nan 
63.625, 80.625, 3.165321724685324e-24, nan 
63.875, 80.625, 2.6985205689539974e-24, nan 
64.125, 80.625, 2.2867518355356913e-24, nan 
64.375, 80.625, 1.919691864764184e-24, nan 
64.625, 80.625, 2.2091272194590713e-24, nan 
64.875, 80.625, 1.986386241101688e-24, nan 
65.125, 80.625, 1.9397305288489796e-24, nan 
65.375, 80.625, 2.018775979487715e-24, nan 
65.625, 80.625, 1.927464540899398e-24, nan 
65.875, 80.625, 1.730733477312503e-24, nan 
66.125, 80.625, 2.0878811310161866e-24, nan 
66.375, 80.625, 2.9810132820545918e-24, nan 
66.625, 80.625, 2.2212091485517488e-24, nan 
66.875, 80.625, 2.5335706541102036e-24, nan 
67.125, 80.625, 1.5668470773497533e-24, nan 
67.375, 80.625, 1.942909117604044e-24, nan 
67.625, 80.625, 1.9425200142138697e-24, nan 
67.875, 80.625, 1.997405314921022e-24, nan 
68.125, 80.625, 2.2594399340806147e-24, nan 
68.375, 80.625, 2.4505102919779545e-24, nan 
68.625, 80.625, 2.362768132381553e-24, nan 
68.875, 80.625, 2.392116739211931e-24, nan 
69.125, 80.625, 2.1816553697736545e-24, nan 
69.375, 80.625, 1.960631462467224e-24, nan 
69.625, 80.625, 2.4039441663398482e-24, nan 
69.875, 80.625, 2.654002831965472e-24, nan 
70.125, 80.625, 2.6974872505008667e-24, nan 
70.375, 80.625, 2.7389762700567972e-24, nan 
70.625, 80.625, 2.7712771598987964e-24, nan 
70.875, 80.625, 2.792021158947663e-24, nan 
71.125, 80.625, 2.5347795181113453e-24, nan 
-102.125, 80.875, 1.554054830260194e-22, nan 
-101.875, 80.875, 1.7800330237141445e-22, nan 
-101.625, 80.875, 1.8675655376681126e-22, nan 
-101.375, 80.875, 1.9110333051756446e-22, nan 
-101.125, 80.875, 2.0121475439288632e-22, nan 
-100.875, 80.875, 1.9321344620496528e-22, nan 
-100.625, 80.875, 1.7636590881748641e-22, nan 
-100.375, 80.875, 1.7174616560550231e-22, nan 
-100.125, 80.875, 1.9645428644899008e-22, nan 
-99.875, 80.875, 2.19264156436337e-22, nan 
-99.625, 80.875, 2.1901303532097865e-22, nan 
-99.375, 80.875, 2.2708981460950063e-22, nan 
-99.125, 80.875, 1.9887907507200606e-22, nan 
-98.875, 80.875, 1.3202743385268413e-22, nan 
-98.625, 80.875, 1.159919107601116e-22, nan 
-98.375, 80.875, 3.9003168574125807e-23, nan 
-98.125, 80.875, 4.454110923511125e-23, nan 
-97.875, 80.875, 4.393307241951431e-23, nan 
-97.625, 80.875, 2.695425332571561e-23, nan 
-97.375, 80.875, 3.061424802646739e-23, nan 
-97.125, 80.875, 1.7629462239115562e-23, nan 
-96.875, 80.875, 2.6473936163194874e-23, nan 
-96.625, 80.875, 2.6102040285671315e-23, nan 
-96.375, 80.875, 1.9902546591946194e-23, nan 
-96.125, 80.875, 2.1477038720745097e-23, nan 
-95.875, 80.875, 3.1430089352235413e-23, nan 
-95.625, 80.875, 2.843330371495042e-23, nan 
-95.375, 80.875, 2.4969513730795023e-23, nan 
-95.125, 80.875, 2.3152145204785434e-23, nan 
-94.875, 80.875, 2.0819309363831751e-23, nan 
-94.625, 80.875, 2.3224072435506545e-23, nan 
-94.375, 80.875, 3.2028792208775724e-23, nan 
-94.125, 80.875, 3.4305165989497267e-23, nan 
-93.875, 80.875, 3.5790854126059514e-23, nan 
-93.625, 80.875, 4.1288337101707986e-23, nan 
-93.375, 80.875, 4.243341211709672e-23, nan 
-93.125, 80.875, 4.729095841543903e-23, nan 
-92.875, 80.875, 4.2554490822471267e-23, nan 
-92.625, 80.875, 4.0298600591631424e-23, nan 
-92.375, 80.875, 3.783395953431609e-23, nan 
-92.125, 80.875, 3.9115326981580535e-23, nan 
-91.875, 80.875, 3.8718396234611404e-23, nan 
-91.625, 80.875, 3.977640675137565e-23, nan 
-91.375, 80.875, 5.113609465179842e-23, nan 
-91.125, 80.875, 4.9481773461869245e-23, nan 
-90.875, 80.875, 4.8730305650610614e-23, nan 
-90.625, 80.875, 5.159619947125104e-23, nan 
-90.375, 80.875, 4.6607953970247193e-23, nan 
-90.125, 80.875, 4.883687846824726e-23, nan 
-89.875, 80.875, 4.873699487413047e-23, nan 
-89.625, 80.875, 5.922483941489742e-23, nan 
-89.375, 80.875, 6.372810350765817e-23, nan 
-89.125, 80.875, 5.596778775377326e-23, nan 
-88.875, 80.875, 5.205268732951344e-23, nan 
-88.625, 80.875, 5.0820507593376237e-23, nan 
-88.375, 80.875, 4.104266442182185e-23, nan 
-88.125, 80.875, 4.1893117952554486e-23, nan 
-87.875, 80.875, 4.1883748653509964e-23, nan 
-87.625, 80.875, 5.409019545056947e-23, nan 
-87.375, 80.875, 6.429847518829776e-23, nan 
-87.125, 80.875, 8.903069054578377e-23, nan 
-86.875, 80.875, 9.109631475634593e-23, nan 
-86.625, 80.875, 8.941724380740924e-23, nan 
-86.375, 80.875, 8.932286256496854e-23, nan 
-86.125, 80.875, 8.121475169736372e-23, nan 
-85.875, 80.875, 8.116125936329058e-23, nan 
-85.625, 80.875, 8.39089144708908e-23, nan 
-85.375, 80.875, 1.2064841165640624e-22, nan 
-85.125, 80.875, 1.3513603207186836e-22, nan 
-84.875, 80.875, 1.331980069229532e-22, nan 
-84.625, 80.875, 1.2725917682734662e-22, nan 
-84.375, 80.875, 1.1918766637269613e-22, nan 
-84.125, 80.875, 7.6246222541253e-23, nan 
-83.875, 80.875, 5.88656715911177e-23, nan 
-83.625, 80.875, 3.1900511270912546e-23, nan 
-83.375, 80.875, 2.843545123624634e-23, nan 
-83.125, 80.875, 3.275567945489218e-23, nan 
-82.875, 80.875, 3.361348527713194e-23, nan 
-82.625, 80.875, 3.185712894321436e-23, nan 
-82.375, 80.875, 3.5859559376075316e-23, nan 
-82.125, 80.875, 4.7132584377049777e-23, nan 
-81.875, 80.875, 6.309673793792883e-23, nan 
-81.625, 80.875, 8.335235297249405e-23, nan 
-81.375, 80.875, 1.1575726410654936e-22, nan 
-81.125, 80.875, 1.2977065204109236e-22, nan 
-80.875, 80.875, 1.4009542735142357e-22, nan 
-80.625, 80.875, 1.6060334789053597e-22, nan 
-80.375, 80.875, 2.01317489014609e-22, nan 
-80.125, 80.875, 2.368537642371998e-22, nan 
-79.875, 80.875, 1.6660124701995653e-22, nan 
-79.625, 80.875, 1.9306901464384554e-22, nan 
-79.375, 80.875, 1.4300502572685889e-22, nan 
-79.125, 80.875, 1.4101238411971533e-22, nan 
-78.875, 80.875, 1.6329386939256073e-22, nan 
-78.625, 80.875, 1.851874773892721e-22, nan 
-78.375, 80.875, 1.971661859722776e-22, nan 
-78.125, 80.875, 1.2305319078378925e-22, nan 
-77.875, 80.875, 1.3477025938000106e-22, nan 
-77.625, 80.875, 9.135714076635725e-23, nan 
-77.375, 80.875, 1.1707667637396444e-22, nan 
-77.125, 80.875, 1.655367972687858e-22, nan 
-76.875, 80.875, 1.6152795042884718e-22, nan 
-76.625, 80.875, 1.698734596402624e-22, nan 
-76.375, 80.875, 2.2140571508911763e-22, nan 
-76.125, 80.875, 1.9127115338814189e-22, nan 
-75.875, 80.875, 1.3920929205699568e-22, nan 
-75.625, 80.875, 1.1720824100472974e-22, nan 
-75.375, 80.875, 1.2892839586071833e-22, nan 
-75.125, 80.875, 2.2596875866017207e-22, nan 
-74.875, 80.875, 2.191596182448504e-22, nan 
-74.625, 80.875, 2.215128225243663e-22, nan 
-74.375, 80.875, 2.1488528759093037e-22, nan 
-74.125, 80.875, 2.0830484630351282e-22, nan 
-73.875, 80.875, 1.9891172781735654e-22, nan 
-73.625, 80.875, 1.7901235120433484e-22, nan 
-73.375, 80.875, 1.3662201990373213e-22, nan 
-73.125, 80.875, 1.6559143898728315e-22, nan 
-72.875, 80.875, 1.1725097474911784e-22, nan 
-72.625, 80.875, 1.3158837136646172e-22, nan 
-72.375, 80.875, 1.1410935299885008e-22, nan 
-72.125, 80.875, 7.800935668920143e-23, nan 
-71.875, 80.875, 1.2647745573729744e-22, nan 
-71.625, 80.875, 1.2585452450951847e-22, nan 
-71.375, 80.875, 1.8133358450140333e-22, nan 
-71.125, 80.875, 2.1739431397909497e-22, nan 
-70.875, 80.875, 2.035631499761936e-22, nan 
-70.625, 80.875, 2.0718784843252958e-22, nan 
-70.375, 80.875, 1.8326154727150336e-22, nan 
-70.125, 80.875, 1.8419498707363291e-22, nan 
-69.875, 80.875, 1.8710513719469127e-22, nan 
-69.625, 80.875, 1.8003783964549337e-22, nan 
-69.375, 80.875, 1.7981980978624733e-22, nan 
-69.125, 80.875, 1.7278918560493907e-22, nan 
-68.875, 80.875, 1.7624996436466e-22, nan 
-68.625, 80.875, 1.456953973831414e-22, nan 
-68.375, 80.875, 1.387725534531174e-22, nan 
-68.125, 80.875, 4.715307272587668e-22, nan 
-67.875, 80.875, 3.720621806707516e-22, nan 
-67.625, 80.875, 4.595300326915946e-22, nan 
-67.375, 80.875, 6.096773529587168e-22, nan 
-67.125, 80.875, 6.424421143466838e-22, nan 
-66.875, 80.875, 6.429965013279181e-22, nan 
-66.625, 80.875, 7.133395745955355e-22, nan 
-66.375, 80.875, 6.5138170214548505e-22, nan 
-66.125, 80.875, 7.298116709695595e-22, nan 
-65.875, 80.875, 7.828156449026003e-22, nan 
-65.625, 80.875, 7.953782272419792e-22, nan 
-65.375, 80.875, 5.959863985222909e-22, nan 
-65.125, 80.875, 5.276479244036809e-22, nan 
-64.875, 80.875, 5.749800745542326e-22, nan 
-64.625, 80.875, 5.302144761415365e-22, nan 
-64.375, 80.875, 5.655325640394936e-22, nan 
-64.125, 80.875, 7.140522775770873e-22, nan 
-63.875, 80.875, 8.175582249333016e-22, nan 
-63.625, 80.875, 7.6172582512046085e-22, nan 
-63.375, 80.875, 5.3523493342427815e-22, nan 
-63.125, 80.875, 6.943098267178189e-22, nan 
-62.875, 80.875, 6.407465924991541e-22, nan 
-62.625, 80.875, 4.729003250890697e-22, nan 
-62.375, 80.875, 4.609452449545634e-22, nan 
-62.125, 80.875, 4.809396795038446e-22, nan 
-61.875, 80.875, 6.015970488527966e-22, nan 
-61.625, 80.875, 5.198298672427972e-22, nan 
-61.375, 80.875, 5.866961335539109e-22, nan 
-61.125, 80.875, 5.458399489665173e-22, nan 
-60.875, 80.875, 4.8943078268670625e-22, nan 
-60.625, 80.875, 2.68446780058733e-22, nan 
-60.375, 80.875, 3.467432323079807e-22, nan 
-60.125, 80.875, 2.240772316096528e-22, nan 
-59.875, 80.875, 1.4600175857394568e-22, nan 
-59.625, 80.875, 1.2012764762305581e-22, nan 
-59.375, 80.875, 1.3462238097770713e-22, nan 
-59.125, 80.875, 1.2080891883579499e-22, nan 
-58.875, 80.875, 1.3344972911926405e-22, nan 
-58.625, 80.875, 1.2319924263581146e-22, nan 
-58.375, 80.875, 9.826434547129215e-23, nan 
-58.125, 80.875, 9.929376199740093e-23, nan 
-57.875, 80.875, 6.53169448822358e-23, nan 
-57.625, 80.875, 6.954696928666052e-23, nan 
-57.375, 80.875, 6.901286074722902e-23, nan 
-57.125, 80.875, 1.4709760014073292e-23, nan 
-56.875, 80.875, 2.3237305900310647e-23, nan 
-56.625, 80.875, 2.2099679753902193e-23, nan 
-56.375, 80.875, 2.3582340845103632e-23, nan 
-56.125, 80.875, 2.3093093990849668e-23, nan 
-55.875, 80.875, 2.1482803791772615e-23, nan 
-55.625, 80.875, 2.3141285670240952e-23, nan 
-55.375, 80.875, 1.9581358078810928e-23, nan 
-55.125, 80.875, 1.4155605106562486e-23, nan 
-54.875, 80.875, 2.546247845049348e-23, nan 
-54.625, 80.875, 2.652684091779666e-23, nan 
-54.375, 80.875, 2.3930025468184032e-23, nan 
-54.125, 80.875, 2.4506530772090853e-23, nan 
-53.875, 80.875, 2.05964312914077e-23, nan 
-53.625, 80.875, 1.8802192717021103e-23, nan 
-53.375, 80.875, 1.34155538175688e-23, nan 
-53.125, 80.875, 1.338933441421326e-23, nan 
-52.875, 80.875, 1.8767515808270302e-23, nan 
-52.625, 80.875, 2.1281491592930598e-23, nan 
-52.375, 80.875, 2.0300188893728176e-23, nan 
-52.125, 80.875, 2.8359420778334757e-23, nan 
-51.875, 80.875, 2.841592397460719e-23, nan 
-51.625, 80.875, 2.884000831704511e-23, nan 
-51.375, 80.875, 2.332157868777422e-23, nan 
-51.125, 80.875, 2.166970913144075e-23, nan 
-50.875, 80.875, 2.1716262486424497e-23, nan 
-50.625, 80.875, 2.255780081679408e-23, nan 
-50.375, 80.875, 3.1302924220359074e-23, nan 
-50.125, 80.875, 3.0088749404562426e-23, nan 
-49.875, 80.875, 2.8191545758619767e-23, nan 
-49.625, 80.875, 2.3237462459594568e-23, nan 
-49.375, 80.875, 2.143675390178832e-23, nan 
-49.125, 80.875, 5.0392935543459056e-23, nan 
-48.875, 80.875, 5.527443862531563e-23, nan 
-48.625, 80.875, 5.387996477987856e-23, nan 
-48.375, 80.875, 3.161232513794828e-23, nan 
-48.125, 80.875, 2.2343631122662412e-23, nan 
-47.875, 80.875, 2.8577629986857084e-23, nan 
-47.625, 80.875, 5.32022768697888e-23, nan 
-47.375, 80.875, 8.967862702214352e-23, nan 
-47.125, 80.875, 1.1808728800108974e-22, nan 
-46.875, 80.875, 1.0933828487797203e-22, nan 
-46.625, 80.875, 9.390352282967241e-23, nan 
-46.375, 80.875, 8.222602313040875e-23, nan 
-46.125, 80.875, 7.69800509098432e-23, nan 
-45.875, 80.875, 6.779275031549843e-23, nan 
-45.625, 80.875, 7.891611010079409e-23, nan 
-45.375, 80.875, 8.716878746733443e-23, nan 
-45.125, 80.875, 8.635060295099488e-23, nan 
-44.875, 80.875, 8.423275303624605e-23, nan 
-44.625, 80.875, 7.755254306461784e-23, nan 
-44.375, 80.875, 7.194675552907293e-23, nan 
-44.125, 80.875, 6.459610725158862e-23, nan 
-43.875, 80.875, 5.913242140711385e-23, nan 
-43.625, 80.875, 6.322860713420324e-23, nan 
-43.375, 80.875, 6.331552807456629e-23, nan 
-43.125, 80.875, 6.597091684414584e-23, nan 
-42.875, 80.875, 7.040573798701973e-23, nan 
-42.625, 80.875, 8.999733494611295e-23, nan 
-42.375, 80.875, 1.1090917389505894e-22, nan 
-42.125, 80.875, 1.060130874610443e-22, nan 
-41.875, 80.875, 9.168161618231635e-23, nan 
-41.625, 80.875, 9.743747904639548e-23, nan 
-41.375, 80.875, 1.162822299183705e-22, nan 
-41.125, 80.875, 1.1879438558550698e-22, nan 
-40.875, 80.875, 1.3163538624285853e-22, nan 
-40.625, 80.875, 1.3648732573736682e-22, nan 
-40.375, 80.875, 1.2345963933657195e-22, nan 
-40.125, 80.875, 1.1495101115156325e-22, nan 
-39.875, 80.875, 7.762909264954262e-23, nan 
-39.625, 80.875, 7.184809849244843e-23, nan 
-39.375, 80.875, 6.251289557309189e-23, nan 
-39.125, 80.875, 6.755833617124298e-23, nan 
-38.875, 80.875, 5.377090999581126e-23, nan 
-38.625, 80.875, 7.417415215333128e-23, nan 
-38.375, 80.875, 1.0740692312009252e-22, nan 
-38.125, 80.875, 1.4184716594673804e-22, nan 
-37.875, 80.875, 1.6019250675964567e-22, nan 
-37.625, 80.875, 1.5758577017620192e-22, nan 
-37.375, 80.875, 1.531613201941407e-22, nan 
-37.125, 80.875, 1.3340100184582386e-22, nan 
-36.875, 80.875, 1.2006289994465293e-22, nan 
-36.625, 80.875, 1.3263057316961055e-22, nan 
-36.375, 80.875, 1.4273976893707483e-22, nan 
-36.125, 80.875, 1.6148072572978655e-22, nan 
-35.875, 80.875, 1.5822451095107402e-22, nan 
-35.625, 80.875, 1.3794452141349373e-22, nan 
-35.375, 80.875, 9.767809654768903e-23, nan 
-35.125, 80.875, 7.608532574700675e-23, nan 
-34.875, 80.875, 6.580988262582227e-23, nan 
-34.625, 80.875, 9.690119634948803e-23, nan 
-34.375, 80.875, 8.260000550558083e-23, nan 
-34.125, 80.875, 6.662131452498368e-23, nan 
-33.875, 80.875, 6.412909303804115e-23, nan 
-33.625, 80.875, 6.400957716245414e-23, nan 
-33.375, 80.875, 7.126888551640949e-23, nan 
-33.125, 80.875, 8.284006444138869e-23, nan 
-32.875, 80.875, 1.2539548686557853e-22, nan 
-32.625, 80.875, 9.066171242959406e-23, nan 
-32.375, 80.875, 7.285738204738199e-23, nan 
-32.125, 80.875, 3.2343042154518434e-23, nan 
-31.875, 80.875, 2.2823431479290496e-23, nan 
-31.625, 80.875, 5.49178269724023e-23, nan 
-31.375, 80.875, 8.344749966290756e-23, nan 
-31.125, 80.875, 1.2762740823626556e-22, nan 
-30.875, 80.875, 1.738834332382116e-22, nan 
-30.625, 80.875, 1.2756133991056305e-22, nan 
-30.375, 80.875, 1.193774023197214e-22, nan 
-30.125, 80.875, 1.452154427646888e-22, nan 
-29.875, 80.875, 1.5470233108083994e-22, nan 
-29.625, 80.875, 1.4871614301468594e-22, nan 
-29.375, 80.875, 1.5582926084228807e-22, nan 
-29.125, 80.875, 1.61325686871043e-22, nan 
-28.875, 80.875, 1.3536599030185574e-22, nan 
-28.625, 80.875, 1.0251926067331467e-22, nan 
-28.375, 80.875, 9.143555772135925e-23, nan 
-28.125, 80.875, 8.76622680345344e-23, nan 
-27.875, 80.875, 4.821082637230192e-23, nan 
-27.625, 80.875, 3.001193431255112e-23, nan 
-27.375, 80.875, 2.1269447510168872e-23, nan 
-27.125, 80.875, 1.5661582046187926e-23, nan 
-26.875, 80.875, 1.951085812642672e-23, nan 
-26.625, 80.875, 3.3011955424795796e-23, nan 
-26.375, 80.875, 4.6139884447662315e-23, nan 
-26.125, 80.875, 6.273791446245715e-23, nan 
-25.875, 80.875, 6.290400486891829e-23, nan 
-25.625, 80.875, 5.79391923318934e-23, nan 
-25.375, 80.875, 5.113228785804708e-23, nan 
-25.125, 80.875, 2.562995358654273e-23, nan 
-24.875, 80.875, 3.977502608408606e-23, nan 
-24.625, 80.875, 7.306663700429657e-23, nan 
-24.375, 80.875, 9.520757733490111e-23, nan 
-24.125, 80.875, 1.325265336112447e-22, nan 
-23.875, 80.875, 1.3478612006457766e-22, nan 
-23.625, 80.875, 1.3327752328313072e-22, nan 
-23.375, 80.875, 1.1277693859581636e-22, nan 
-23.125, 80.875, 8.345348818885263e-23, nan 
-22.875, 80.875, 1.0113216825358105e-22, nan 
-22.625, 80.875, 9.889424201704113e-23, nan 
-22.375, 80.875, 9.985113333696167e-23, nan 
-22.125, 80.875, 9.269691762271019e-23, nan 
-21.875, 80.875, 8.677571800851362e-23, nan 
-21.625, 80.875, 6.9286616765571e-23, nan 
-21.375, 80.875, 3.4198381245641313e-23, nan 
-21.125, 80.875, 3.395777648699636e-23, nan 
-20.875, 80.875, 3.388773438604891e-23, nan 
-20.625, 80.875, 4.625868439649113e-23, nan 
-20.375, 80.875, 4.421544031886345e-23, nan 
-20.125, 80.875, 3.968444503616252e-23, nan 
-19.875, 80.875, 3.341532243932303e-23, nan 
-19.625, 80.875, 2.701763266139613e-23, nan 
-19.375, 80.875, 6.236413569234787e-23, nan 
-19.125, 80.875, 8.947440602960798e-23, nan 
-18.875, 80.875, 1.1739650979613402e-22, nan 
-18.625, 80.875, 1.2367613637772936e-22, nan 
-18.375, 80.875, 1.2066514370785029e-22, nan 
-18.125, 80.875, 1.075782557843056e-22, nan 
-17.875, 80.875, 8.805354194702129e-23, nan 
-17.625, 80.875, 9.638412695725392e-23, nan 
-17.375, 80.875, 1.021301873732849e-22, nan 
-17.125, 80.875, 1.158777916344947e-22, nan 
-16.875, 80.875, 1.1032816735328225e-22, nan 
-16.625, 80.875, 8.298187121925663e-23, nan 
-16.375, 80.875, 6.840448498149747e-23, nan 
-16.125, 80.875, 2.622797225598554e-23, nan 
-15.875, 80.875, 1.5901837282518746e-23, nan 
-15.625, 80.875, 8.424417254748992e-24, nan 
-15.375, 80.875, 4.949205161571365e-24, nan 
-15.125, 80.875, 1.5459740287353737e-23, nan 
-14.875, 80.875, 1.0758300738712942e-23, nan 
-14.625, 80.875, 1.2227772080622463e-23, nan 
-14.375, 80.875, 1.7519666698053593e-23, nan 
-14.125, 80.875, 1.6539837160822556e-23, nan 
-13.875, 80.875, 1.7687934739276033e-23, nan 
-13.625, 80.875, 2.7929788929287247e-23, nan 
-13.375, 80.875, 3.2454636579893196e-23, nan 
-13.125, 80.875, 2.1439420665783715e-23, nan 
-12.875, 80.875, 1.9661065775788853e-23, nan 
-12.625, 80.875, 1.2269850052866293e-23, nan 
-12.375, 80.875, 1.166863854354483e-23, nan 
-12.125, 80.875, 3.1191790292509564e-23, nan 
-11.875, 80.875, 5.908966087544273e-23, nan 
-11.625, 80.875, 5.419412847713743e-23, nan 
-11.375, 80.875, 3.3743974162145747e-23, nan 
-11.125, 80.875, 3.242188766644326e-23, nan 
-10.875, 80.875, 1.9097705576497433e-23, nan 
-10.625, 80.875, 2.1885989142736115e-23, nan 
-10.375, 80.875, 2.5751711244571597e-23, nan 
-10.125, 80.875, 3.9232519880356285e-23, nan 
-9.875, 80.875, 6.799801084026941e-23, nan 
-9.625, 80.875, 5.365179176320316e-23, nan 
-9.375, 80.875, 3.315659163404025e-23, nan 
-9.125, 80.875, 4.6112562781553715e-23, nan 
-8.875, 80.875, 6.732463731981579e-23, nan 
-8.625, 80.875, 6.095997645358263e-23, nan 
-8.375, 80.875, 2.7723307415416195e-23, nan 
-8.125, 80.875, 4.259810293176136e-23, nan 
-7.875, 80.875, 3.4122888107258194e-23, nan 
-7.625, 80.875, 1.1729900432393307e-23, nan 
-7.375, 80.875, 1.073898035159653e-23, nan 
-7.125, 80.875, 9.771655042448187e-24, nan 
-6.875, 80.875, 8.079273401479605e-24, nan 
-6.625, 80.875, 2.5195193664210546e-23, nan 
-6.375, 80.875, 2.2713485827712736e-23, nan 
-6.125, 80.875, 1.383789659475534e-23, nan 
-5.875, 80.875, 1.374902911904947e-23, nan 
-5.625, 80.875, 1.6672114603423248e-23, nan 
-5.375, 80.875, 1.316030629422417e-23, nan 
-5.125, 80.875, 1.3147441678213016e-23, nan 
-4.875, 80.875, 1.8725687211166195e-23, nan 
-4.625, 80.875, 1.7770386187876285e-23, nan 
-4.375, 80.875, 1.50626652449848e-23, nan 
-4.125, 80.875, 1.743926224994463e-23, nan 
-3.875, 80.875, 1.9897192120887394e-23, nan 
-3.625, 80.875, 1.9340775520645122e-23, nan 
-3.375, 80.875, 1.4423879721889357e-23, nan 
-3.125, 80.875, 1.2133585075800667e-23, nan 
-2.875, 80.875, 1.4640284703664643e-23, nan 
-2.625, 80.875, 1.381475010326431e-23, nan 
-2.375, 80.875, 1.3440798230182939e-23, nan 
-2.125, 80.875, 1.596619945966498e-23, nan 
-1.875, 80.875, 1.5979669306315167e-23, nan 
-1.625, 80.875, 1.564226968870924e-23, nan 
-1.375, 80.875, 1.5612517620027307e-23, nan 
-1.125, 80.875, 1.3996960788927016e-23, nan 
-0.875, 80.875, 1.2489644783597835e-23, nan 
-0.625, 80.875, 1.2952340457932729e-23, nan 
-0.375, 80.875, 1.5771099178838486e-23, nan 
-0.125, 80.875, 2.091233390594403e-23, nan 
0.125, 80.875, 3.242446441710729e-23, nan 
0.375, 80.875, 3.425031957657226e-23, nan 
0.625, 80.875, 3.1541041887753976e-23, nan 
0.875, 80.875, 2.877308483798824e-23, nan 
1.125, 80.875, 1.250114920071875e-23, nan 
1.375, 80.875, 1.6866618018900312e-23, nan 
1.625, 80.875, 2.3138935478557277e-23, nan 
1.875, 80.875, 4.274116901420992e-23, nan 
2.125, 80.875, 5.801379570825635e-23, nan 
2.375, 80.875, 6.484371686567135e-23, nan 
2.625, 80.875, 5.805300121518666e-23, nan 
2.875, 80.875, 3.012179788291589e-23, nan 
3.125, 80.875, 2.2343742688589138e-23, nan 
3.375, 80.875, 2.7772892915376434e-23, nan 
3.625, 80.875, 2.828536528646644e-23, nan 
3.875, 80.875, 3.3603372721280025e-23, nan 
4.125, 80.875, 3.182388819036638e-23, nan 
4.375, 80.875, 3.310836677063224e-23, nan 
4.625, 80.875, 2.0421020324535036e-23, nan 
4.875, 80.875, 1.4491504119893434e-23, nan 
5.125, 80.875, 1.542864690583984e-23, nan 
5.375, 80.875, 1.6080063338899734e-23, nan 
5.625, 80.875, 1.1418804611067919e-23, nan 
5.875, 80.875, 1.1328919505803801e-23, nan 
6.125, 80.875, 1.1853636912784615e-23, nan 
6.375, 80.875, 1.138755936803574e-23, nan 
6.625, 80.875, 1.4004659385671382e-23, nan 
6.875, 80.875, 1.5407985415251096e-23, nan 
7.125, 80.875, 3.11450940395343e-23, nan 
7.375, 80.875, 3.5870151651787574e-23, nan 
7.625, 80.875, 2.982336284346759e-23, nan 
7.875, 80.875, 2.79592294549853e-23, nan 
8.125, 80.875, 1.8444835803256994e-23, nan 
8.375, 80.875, 1.6474251312971426e-23, nan 
8.625, 80.875, 2.1576190324021846e-23, nan 
8.875, 80.875, 4.0806130066728005e-23, nan 
9.125, 80.875, 5.173415959822698e-23, nan 
9.375, 80.875, 4.777520346845173e-23, nan 
9.625, 80.875, 4.414247118939785e-23, nan 
9.875, 80.875, 4.3364301936734666e-23, nan 
10.125, 80.875, 5.053183196336671e-23, nan 
10.375, 80.875, 5.458583283583462e-23, nan 
10.625, 80.875, 4.981008343754914e-23, nan 
10.875, 80.875, 4.024582038066113e-23, nan 
11.125, 80.875, 3.1058818091762715e-23, nan 
11.375, 80.875, 2.0980099591921708e-23, nan 
11.625, 80.875, 3.5004742969775906e-23, nan 
11.875, 80.875, 6.049478645056834e-23, nan 
12.125, 80.875, 6.392554549492608e-23, nan 
12.375, 80.875, 4.596298474112858e-23, nan 
12.625, 80.875, 2.746072817228809e-23, nan 
12.875, 80.875, 3.064919793710708e-23, nan 
13.125, 80.875, 3.6180837895281276e-23, nan 
13.375, 80.875, 4.4339553350222773e-23, nan 
13.625, 80.875, 4.625109954738219e-23, nan 
13.875, 80.875, 4.3532096138336085e-23, nan 
14.125, 80.875, 3.4259192881781384e-23, nan 
14.375, 80.875, 2.3360663861174132e-23, nan 
14.625, 80.875, 2.1285555120169267e-23, nan 
14.875, 80.875, 1.16529549503115e-23, nan 
15.125, 80.875, 5.7440881374975534e-24, nan 
15.375, 80.875, 4.534335710448677e-24, nan 
15.625, 80.875, 4.558645271331168e-24, nan 
15.875, 80.875, 3.8488014686996194e-24, nan 
16.125, 80.875, 4.451057810085389e-24, nan 
16.375, 80.875, 5.0858406468418385e-24, nan 
16.625, 80.875, 4.608763653378512e-24, nan 
16.875, 80.875, 4.983767002808891e-24, nan 
17.125, 80.875, 3.9697462855323164e-24, nan 
17.375, 80.875, 4.10371726344312e-24, nan 
17.625, 80.875, 5.476130514467829e-24, nan 
17.875, 80.875, 6.739060799426081e-24, nan 
18.125, 80.875, 6.992290801664527e-24, nan 
18.375, 80.875, 1.2692222857638798e-23, nan 
18.625, 80.875, 1.8801751790521965e-23, nan 
18.875, 80.875, 2.2921123784744472e-23, nan 
19.125, 80.875, 1.1899039865880379e-23, nan 
19.375, 80.875, 1.0730410293085506e-23, nan 
19.625, 80.875, 8.960352506258462e-24, nan 
19.875, 80.875, 1.0288982735520549e-23, nan 
20.125, 80.875, 1.246200635553069e-23, nan 
20.375, 80.875, 2.0429656916501307e-23, nan 
20.625, 80.875, 2.6224066061681794e-23, nan 
20.875, 80.875, 1.7175566069351027e-23, nan 
21.125, 80.875, 2.0852163598600785e-23, nan 
21.375, 80.875, 2.686016085934795e-23, nan 
21.625, 80.875, 2.202913847359683e-23, nan 
21.875, 80.875, 2.3527926003703692e-23, nan 
22.125, 80.875, 3.0341518854373424e-23, nan 
22.375, 80.875, 2.791427335473611e-23, nan 
22.625, 80.875, 1.0819320908468475e-23, nan 
22.875, 80.875, 6.989434656994719e-24, nan 
23.125, 80.875, 9.703135188810275e-24, nan 
23.375, 80.875, 2.1604098428143796e-23, nan 
23.625, 80.875, 2.933574032320719e-23, nan 
23.875, 80.875, 3.2793762183191764e-23, nan 
24.125, 80.875, 2.852356648134501e-23, nan 
24.375, 80.875, 2.8845342147220497e-23, nan 
24.625, 80.875, 2.5945941003090704e-23, nan 
24.875, 80.875, 2.107991132665654e-23, nan 
25.125, 80.875, 2.045681674677293e-23, nan 
25.375, 80.875, 1.573402528652569e-23, nan 
25.625, 80.875, 2.67663116931593e-23, nan 
25.875, 80.875, 2.7457436072134026e-23, nan 
26.125, 80.875, 3.377623264327512e-23, nan 
26.375, 80.875, 2.5204832006104832e-23, nan 
26.625, 80.875, 2.2777145850418515e-23, nan 
26.875, 80.875, 2.8413275449669854e-23, nan 
27.125, 80.875, 2.5362767717778963e-23, nan 
27.375, 80.875, 3.125645800462832e-23, nan 
27.625, 80.875, 2.9291195220094225e-23, nan 
27.875, 80.875, 3.301696352735854e-23, nan 
28.125, 80.875, 2.913134293137855e-23, nan 
28.375, 80.875, 3.82103654773187e-23, nan 
28.625, 80.875, 2.6393133889941484e-23, nan 
28.875, 80.875, 2.84270188594976e-23, nan 
29.125, 80.875, 2.5872389986570124e-23, nan 
29.375, 80.875, 2.908399933104147e-23, nan 
29.625, 80.875, 3.1637771212367765e-23, nan 
29.875, 80.875, 3.1615460277750386e-23, nan 
30.125, 80.875, 4.837094545650241e-23, nan 
30.375, 80.875, 4.4628204856809047e-23, nan 
30.625, 80.875, 4.795902568133694e-23, nan 
30.875, 80.875, 4.9561380046064617e-23, nan 
31.125, 80.875, 4.587684562178475e-23, nan 
31.375, 80.875, 4.819187774901019e-23, nan 
31.625, 80.875, 4.86504742539176e-23, nan 
31.875, 80.875, 4.446354745739385e-23, nan 
32.125, 80.875, 3.4535232415126225e-23, nan 
32.375, 80.875, 3.663753875171524e-23, nan 
32.625, 80.875, 3.343341631690704e-23, nan 
32.875, 80.875, 3.095607868958617e-23, nan 
33.125, 80.875, 4.213513555654441e-23, nan 
33.375, 80.875, 5.234985780616011e-23, nan 
33.625, 80.875, 4.668158699916936e-23, nan 
33.875, 80.875, 3.255626511197125e-23, nan 
34.125, 80.875, 4.1786256609766805e-23, nan 
34.375, 80.875, 3.769862760620789e-23, nan 
34.625, 80.875, 3.6657822507856917e-23, nan 
34.875, 80.875, 3.2571028169924066e-23, nan 
35.125, 80.875, 5.308332962368574e-23, nan 
35.375, 80.875, 3.3326083803558194e-23, nan 
35.625, 80.875, 4.1504748144522767e-23, nan 
35.875, 80.875, 3.98584857588048e-23, nan 
36.125, 80.875, 4.681288535852653e-23, nan 
36.375, 80.875, 4.039239159536002e-23, nan 
36.625, 80.875, 4.541864651184483e-23, nan 
36.875, 80.875, 5.761243356387424e-23, nan 
37.125, 80.875, 2.7878117016967996e-23, nan 
37.375, 80.875, 2.974948337554045e-23, nan 
37.625, 80.875, 2.3633213279972386e-23, nan 
37.875, 80.875, 3.9772229134844826e-23, nan 
38.125, 80.875, 3.253206786373506e-23, nan 
38.375, 80.875, 3.4774971323357536e-23, nan 
38.625, 80.875, 3.2942511219545906e-23, nan 
38.875, 80.875, 1.9385021483864545e-23, nan 
39.125, 80.875, 1.9774356104359618e-23, nan 
39.375, 80.875, 2.0016452356059212e-23, nan 
39.625, 80.875, 1.6184250905301e-23, nan 
39.875, 80.875, 1.390466308242055e-23, nan 
40.125, 80.875, 1.5861147034919023e-23, nan 
40.375, 80.875, 8.469111664143733e-24, nan 
40.625, 80.875, 9.865043490044806e-24, nan 
40.875, 80.875, 1.8280677757305472e-23, nan 
41.125, 80.875, 1.839364434739838e-23, nan 
41.375, 80.875, 2.0635487428551834e-23, nan 
41.625, 80.875, 2.0559598757896208e-23, nan 
41.875, 80.875, 1.7552995052279323e-23, nan 
42.125, 80.875, 1.880786049105493e-23, nan 
42.375, 80.875, 1.8833049607655603e-23, nan 
42.625, 80.875, 1.9300023344841857e-23, nan 
42.875, 80.875, 1.8393728840012608e-23, nan 
43.125, 80.875, 1.938476113719805e-23, nan 
43.375, 80.875, 1.525069283034264e-23, nan 
43.625, 80.875, 1.1069015596078053e-23, nan 
43.875, 80.875, 9.809658629306632e-24, nan 
44.125, 80.875, 1.3018989253147956e-23, nan 
44.375, 80.875, 1.446007726969878e-23, nan 
44.625, 80.875, 1.466389689003149e-23, nan 
44.875, 80.875, 1.211040272622506e-23, nan 
45.125, 80.875, 1.0988911834943294e-23, nan 
45.375, 80.875, 1.1649858052230122e-23, nan 
45.625, 80.875, 1.0425196328666206e-23, nan 
45.875, 80.875, 8.58940627925456e-24, nan 
46.125, 80.875, 7.195975862385057e-24, nan 
46.375, 80.875, 7.75565347991904e-24, nan 
46.625, 80.875, 9.29515546568375e-24, nan 
46.875, 80.875, 8.4876095572398e-24, nan 
47.125, 80.875, 7.363697424245075e-24, nan 
47.375, 80.875, 7.855260067495986e-24, nan 
47.625, 80.875, 5.462800811230975e-24, nan 
47.875, 80.875, 2.5222907696928704e-24, nan 
48.125, 80.875, 1.870267384412433e-24, nan 
48.375, 80.875, 1.2108088926558597e-24, nan 
48.625, 80.875, 1.9454190414944446e-24, nan 
48.875, 80.875, 3.010353593723684e-24, nan 
49.125, 80.875, 3.3347160594634456e-24, nan 
49.375, 80.875, 3.533211306477783e-24, nan 
49.625, 80.875, 4.799172455142944e-24, nan 
49.875, 80.875, 4.741418714329609e-24, nan 
50.125, 80.875, 5.9562489608905806e-24, nan 
50.375, 80.875, 6.388037426864045e-24, nan 
50.625, 80.875, 7.31249696324507e-24, nan 
50.875, 80.875, 4.738714502685956e-24, nan 
51.125, 80.875, 2.2750347361292926e-24, nan 
51.375, 80.875, 2.575711572634561e-24, nan 
51.625, 80.875, 2.4669180729310026e-24, nan 
51.875, 80.875, 2.4651909735038854e-24, nan 
52.125, 80.875, 4.584223293651718e-24, nan 
52.375, 80.875, 9.895490805330879e-24, nan 
52.625, 80.875, 1.4865376125259883e-23, nan 
52.875, 80.875, 1.785619835802535e-23, nan 
53.125, 80.875, 1.669622868844866e-23, nan 
53.375, 80.875, 1.4107363591053062e-23, nan 
53.625, 80.875, 1.617701599594833e-23, nan 
53.875, 80.875, 1.562002660702885e-23, nan 
54.125, 80.875, 1.15123850712806e-23, nan 
54.375, 80.875, 1.460317010418748e-23, nan 
54.625, 80.875, 2.0565178161620242e-23, nan 
54.875, 80.875, 1.228988243301884e-23, nan 
55.125, 80.875, 1.0025344459506768e-23, nan 
55.375, 80.875, 8.23879173100519e-24, nan 
55.625, 80.875, 7.245886666217142e-24, nan 
55.875, 80.875, 7.26038610554113e-24, nan 
56.125, 80.875, 1.3226316077552015e-23, nan 
56.375, 80.875, 1.919981311266587e-23, nan 
56.625, 80.875, 1.5804737930735488e-23, nan 
56.875, 80.875, 1.664114547692103e-23, nan 
57.125, 80.875, 1.592864670345357e-23, nan 
57.375, 80.875, 1.5605377340723203e-23, nan 
57.625, 80.875, 1.6060839279347976e-23, nan 
57.875, 80.875, 1.777454368402633e-23, nan 
58.125, 80.875, 1.5939321329478763e-23, nan 
58.375, 80.875, 1.7459888736662363e-23, nan 
58.625, 80.875, 1.4591200100612812e-23, nan 
58.875, 80.875, 1.543102123688671e-23, nan 
59.125, 80.875, 1.3909119154973626e-23, nan 
59.375, 80.875, 1.3222616559368991e-23, nan 
59.625, 80.875, 4.728426798764476e-24, nan 
59.875, 80.875, 4.59895145845781e-24, nan 
60.125, 80.875, 5.2850358478420535e-24, nan 
60.375, 80.875, 5.475457029910114e-24, nan 
60.625, 80.875, 7.324813566999818e-24, nan 
60.875, 80.875, 5.9116512271952016e-24, nan 
61.125, 80.875, 6.73725805919145e-24, nan 
61.375, 80.875, 6.223322407058851e-24, nan 
61.625, 80.875, 4.8939874480892465e-24, nan 
61.875, 80.875, 4.868660135316242e-24, nan 
62.125, 80.875, 4.232085839403601e-24, nan 
62.375, 80.875, 4.801967568597247e-24, nan 
62.625, 80.875, 4.9132484775496425e-24, nan 
62.875, 80.875, 5.3434592384667374e-24, nan 
63.125, 80.875, 5.055768621560212e-24, nan 
63.375, 80.875, 4.258482356623985e-24, nan 
63.625, 80.875, 3.81504111896863e-24, nan 
63.875, 80.875, 2.9696201736159598e-24, nan 
64.125, 80.875, 2.288546219824589e-24, nan 
64.375, 80.875, 2.6158213184959125e-24, nan 
64.625, 80.875, 2.8156276643643325e-24, nan 
64.875, 80.875, 3.1260438352439864e-24, nan 
65.125, 80.875, 3.1117501321524952e-24, nan 
65.375, 80.875, 4.654729626093253e-24, nan 
65.625, 80.875, 2.4914694155753908e-24, nan 
65.875, 80.875, 3.130681556803411e-24, nan 
66.125, 80.875, 6.073279871798912e-24, nan 
66.375, 80.875, 6.570304886517085e-24, nan 
66.625, 80.875, 4.325955628574736e-24, nan 
66.875, 80.875, 5.3618794141637485e-24, nan 
67.125, 80.875, 3.795746434007934e-24, nan 
67.375, 80.875, 2.4424567421709637e-24, nan 
67.625, 80.875, 2.6637690568072965e-24, nan 
67.875, 80.875, 3.322820027554541e-24, nan 
68.125, 80.875, 3.866650366015141e-24, nan 
68.375, 80.875, 4.646958110259653e-24, nan 
68.625, 80.875, 4.7544121519764764e-24, nan 
68.875, 80.875, 4.547978076950522e-24, nan 
69.125, 80.875, 4.155867943221768e-24, nan 
69.375, 80.875, 3.8907179238742156e-24, nan 
69.625, 80.875, 3.2937804875680543e-24, nan 
69.875, 80.875, 3.856643682821914e-24, nan 
70.125, 80.875, 8.637340265956991e-24, nan 
70.375, 80.875, 1.0535953898219697e-23, nan 
70.625, 80.875, 1.0027956813379339e-23, nan 
70.875, 80.875, 8.434784889140757e-24, nan 
71.125, 80.875, 1.0902477539885817e-23, nan 
71.375, 80.875, 1.0597645336999724e-23, nan 
-102.625, 81.125, 2.803184677920319e-23, nan 
-102.375, 81.125, 2.8317384084930566e-23, nan 
-102.125, 81.125, 2.9335691917617544e-23, nan 
-101.875, 81.125, 2.4942984755088949e-23, nan 
-101.625, 81.125, 3.2640213797314615e-23, nan 
-101.375, 81.125, 2.762774218338891e-23, nan 
-101.125, 81.125, 2.176888987823824e-23, nan 
-100.875, 81.125, 2.6363424294523092e-23, nan 
-100.625, 81.125, 9.476641805836762e-23, nan 
-100.375, 81.125, 1.3851731361584434e-22, nan 
-100.125, 81.125, 1.9740667278513187e-22, nan 
-99.875, 81.125, 2.1597618509389842e-22, nan 
-99.625, 81.125, 2.2218831662391366e-22, nan 
-99.375, 81.125, 2.2541380593735567e-22, nan 
-99.125, 81.125, 2.0283811616374392e-22, nan 
-98.875, 81.125, 1.7965650311152446e-22, nan 
-98.625, 81.125, 2.374801851662139e-22, nan 
-98.375, 81.125, 2.453251874037559e-22, nan 
-98.125, 81.125, 2.463425319166804e-22, nan 
-97.875, 81.125, 2.6417129156495027e-22, nan 
-97.625, 81.125, 2.7478950918327985e-22, nan 
-97.375, 81.125, 2.606396572180626e-22, nan 
-97.125, 81.125, 2.1776841526171662e-22, nan 
-96.875, 81.125, 2.2293186645915003e-22, nan 
-96.625, 81.125, 2.2383014425130025e-22, nan 
-96.375, 81.125, 2.0231435267692063e-22, nan 
-96.125, 81.125, 1.4614251302730545e-22, nan 
-95.875, 81.125, 1.032829605903628e-22, nan 
-95.625, 81.125, 2.91888748622034e-23, nan 
-95.375, 81.125, 2.276115583710378e-23, nan 
-95.125, 81.125, 1.7321740778734998e-23, nan 
-94.875, 81.125, 2.4975588298145985e-23, nan 
-94.625, 81.125, 1.9845668778187602e-23, nan 
-94.375, 81.125, 1.9594921465509753e-23, nan 
-94.125, 81.125, 2.9318741516272786e-23, nan 
-93.875, 81.125, 1.76000350688521e-23, nan 
-93.625, 81.125, 3.4578697533353813e-23, nan 
-93.375, 81.125, 2.758920926217576e-23, nan 
-93.125, 81.125, 1.9262955898791752e-23, nan 
-92.875, 81.125, 1.93314420551092e-23, nan 
-92.625, 81.125, 2.5639377425831188e-23, nan 
-92.375, 81.125, 2.5723320473917487e-23, nan 
-92.125, 81.125, 2.98263687732625e-23, nan 
-91.875, 81.125, 2.549313184678248e-23, nan 
-91.625, 81.125, 2.5598580434311635e-23, nan 
-91.375, 81.125, 2.4515420081266073e-23, nan 
-91.125, 81.125, 2.0252625768229706e-23, nan 
-90.875, 81.125, 3.464527461393288e-23, nan 
-90.625, 81.125, 3.872741334595344e-23, nan 
-90.375, 81.125, 3.9685617601180915e-23, nan 
-90.125, 81.125, 5.097949432412413e-23, nan 
-89.875, 81.125, 5.603526142764445e-23, nan 
-89.625, 81.125, 6.263938769278062e-23, nan 
-89.375, 81.125, 6.396737756114305e-23, nan 
-89.125, 81.125, 6.605948675306131e-23, nan 
-88.875, 81.125, 7.257018624184184e-23, nan 
-88.625, 81.125, 7.341243489955226e-23, nan 
-88.375, 81.125, 7.609063436562056e-23, nan 
-88.125, 81.125, 9.00376146347967e-23, nan 
-87.875, 81.125, 9.013904426350959e-23, nan 
-87.625, 81.125, 9.008941324756246e-23, nan 
-87.375, 81.125, 9.102884368545377e-23, nan 
-87.125, 81.125, 8.397422301924625e-23, nan 
-86.875, 81.125, 5.902751454289259e-23, nan 
-86.625, 81.125, 3.986899474352591e-23, nan 
-86.375, 81.125, 2.3235850141533214e-23, nan 
-86.125, 81.125, 3.325045982035552e-23, nan 
-85.875, 81.125, 6.62278778338078e-23, nan 
-85.625, 81.125, 9.062052136010204e-23, nan 
-85.375, 81.125, 1.2515280796996317e-22, nan 
-85.125, 81.125, 1.3784857325524103e-22, nan 
-84.875, 81.125, 1.3234424407169077e-22, nan 
-84.625, 81.125, 1.2587331291388254e-22, nan 
-84.375, 81.125, 1.237360543736223e-22, nan 
-84.125, 81.125, 8.951245716834149e-23, nan 
-83.875, 81.125, 1.134098049438817e-22, nan 
-83.625, 81.125, 1.1798995156574823e-22, nan 
-83.375, 81.125, 1.2637206612964568e-22, nan 
-83.125, 81.125, 1.2276206220101446e-22, nan 
-82.875, 81.125, 1.039487739196155e-22, nan 
-82.625, 81.125, 1.0358636031708431e-22, nan 
-82.375, 81.125, 6.116413314080999e-23, nan 
-82.125, 81.125, 3.899627565491952e-23, nan 
-81.875, 81.125, 6.210977566458411e-23, nan 
-81.625, 81.125, 8.122631827516494e-23, nan 
-81.375, 81.125, 9.89714259862143e-23, nan 
-81.125, 81.125, 9.809215112827253e-23, nan 
-80.875, 81.125, 1.0370022892333588e-22, nan 
-80.625, 81.125, 1.1131626309768467e-22, nan 
-80.375, 81.125, 1.2869331991710516e-22, nan 
-80.125, 81.125, 1.6374479397847923e-22, nan 
-79.875, 81.125, 1.1015830348921845e-22, nan 
-79.625, 81.125, 1.2028271007829817e-22, nan 
-79.375, 81.125, 1.125512425550811e-22, nan 
-79.125, 81.125, 1.0881880182456473e-22, nan 
-78.875, 81.125, 1.1116990788223483e-22, nan 
-78.625, 81.125, 9.926872225549723e-23, nan 
-78.375, 81.125, 8.332569784526314e-23, nan 
-78.125, 81.125, 8.687861478452809e-23, nan 
-77.875, 81.125, 8.995301261787447e-23, nan 
-77.625, 81.125, 6.83377753543447e-23, nan 
-77.375, 81.125, 6.09703236729834e-23, nan 
-77.125, 81.125, 6.150608140727586e-23, nan 
-76.875, 81.125, 6.959450339445095e-23, nan 
-76.625, 81.125, 6.780824515472406e-23, nan 
-76.375, 81.125, 9.607632248621125e-23, nan 
-76.125, 81.125, 7.532679565316995e-23, nan 
-75.875, 81.125, 7.566511823118615e-23, nan 
-75.625, 81.125, 9.528828350662312e-23, nan 
-75.375, 81.125, 1.1573250360092058e-22, nan 
-75.125, 81.125, 1.8236251066115445e-22, nan 
-74.875, 81.125, 1.7729210005487047e-22, nan 
-74.625, 81.125, 1.8185707998897482e-22, nan 
-74.375, 81.125, 1.7564322718800578e-22, nan 
-74.125, 81.125, 1.708562725364521e-22, nan 
-73.875, 81.125, 1.8663357730663396e-22, nan 
-73.625, 81.125, 1.7300244302192314e-22, nan 
-73.375, 81.125, 1.7058748684508904e-22, nan 
-73.125, 81.125, 2.3592495098616788e-22, nan 
-72.875, 81.125, 2.4132900963913702e-22, nan 
-72.625, 81.125, 2.3597372819096855e-22, nan 
-72.375, 81.125, 2.4346193202763683e-22, nan 
-72.125, 81.125, 2.623403691710678e-22, nan 
-71.875, 81.125, 2.703890895074898e-22, nan 
-71.625, 81.125, 2.4493746546262207e-22, nan 
-71.375, 81.125, 2.474433032872806e-22, nan 
-71.125, 81.125, 2.699129619190228e-22, nan 
-70.875, 81.125, 2.488900347382765e-22, nan 
-70.625, 81.125, 2.2995431118490946e-22, nan 
-70.375, 81.125, 2.4487394079853086e-22, nan 
-70.125, 81.125, 3.009909976173001e-22, nan 
-69.875, 81.125, 5.366303060947634e-22, nan 
-69.625, 81.125, 6.219170506607407e-22, nan 
-69.375, 81.125, 6.738222361169403e-22, nan 
-69.125, 81.125, 7.644255289018527e-22, nan 
-68.875, 81.125, 6.683507074572485e-22, nan 
-68.625, 81.125, 6.900270855333893e-22, nan 
-68.375, 81.125, 6.702797805950448e-22, nan 
-68.125, 81.125, 6.12324318479837e-22, nan 
-67.875, 81.125, 5.415015876261238e-22, nan 
-67.625, 81.125, 5.9538927602820905e-22, nan 
-67.375, 81.125, 7.570067143137606e-22, nan 
-67.125, 81.125, 7.12308529801985e-22, nan 
-66.875, 81.125, 7.229252703449006e-22, nan 
-66.625, 81.125, 7.105732232047122e-22, nan 
-66.375, 81.125, 5.510300429102311e-22, nan 
-66.125, 81.125, 5.794483366206017e-22, nan 
-65.875, 81.125, 5.532323473833588e-22, nan 
-65.625, 81.125, 5.083656348234837e-22, nan 
-65.375, 81.125, 3.465839379072942e-22, nan 
-65.125, 81.125, 3.6437342287740713e-22, nan 
-64.875, 81.125, 2.0482649608266408e-22, nan 
-64.625, 81.125, 3.0236007962501673e-22, nan 
-64.375, 81.125, 1.613564967678564e-22, nan 
-64.125, 81.125, 8.62588080638093e-23, nan 
-63.875, 81.125, 5.1869736456461933e-23, nan 
-63.625, 81.125, 5.497639192752273e-23, nan 
-63.375, 81.125, 1.469705714070287e-22, nan 
-63.125, 81.125, 6.449801672317054e-23, nan 
-62.875, 81.125, 8.097564896813158e-23, nan 
-62.625, 81.125, 1.536604198681877e-22, nan 
-62.375, 81.125, 3.580239682113393e-22, nan 
-62.125, 81.125, 3.0063786943845077e-22, nan 
-61.875, 81.125, 4.398293814743633e-22, nan 
-61.625, 81.125, 4.763162941502055e-22, nan 
-61.375, 81.125, 4.485125263584591e-22, nan 
-61.125, 81.125, 4.380498598969989e-22, nan 
-60.875, 81.125, 4.347478927038866e-22, nan 
-60.625, 81.125, 3.472416371870208e-22, nan 
-60.375, 81.125, 3.4934740324090384e-22, nan 
-60.125, 81.125, 3.2883845990925726e-22, nan 
-59.875, 81.125, 3.8625616028041734e-22, nan 
-59.625, 81.125, 3.378308925098906e-22, nan 
-59.375, 81.125, 3.152499819951673e-22, nan 
-59.125, 81.125, 2.7695573956105503e-22, nan 
-58.875, 81.125, 9.837656349389731e-23, nan 
-58.625, 81.125, 1.6481963623805451e-22, nan 
-58.375, 81.125, 7.246742516683147e-23, nan 
-58.125, 81.125, 8.187758907014882e-24, nan 
-57.875, 81.125, 1.4590074232722516e-23, nan 
-57.625, 81.125, 1.9267900676828652e-23, nan 
-57.375, 81.125, 1.1157813900915865e-23, nan 
-57.125, 81.125, 8.59080035350338e-24, nan 
-56.875, 81.125, 1.6971485347292752e-23, nan 
-56.625, 81.125, 1.2686780381679862e-23, nan 
-56.375, 81.125, 1.015307901301068e-23, nan 
-56.125, 81.125, 1.3278564959679426e-23, nan 
-55.875, 81.125, 1.0877138255806641e-23, nan 
-55.625, 81.125, 1.7660421009652302e-23, nan 
-55.375, 81.125, 1.6231394520288625e-23, nan 
-55.125, 81.125, 2.636413480113017e-23, nan 
-54.875, 81.125, 2.7073229848577024e-23, nan 
-54.625, 81.125, 2.4666236451340532e-23, nan 
-54.375, 81.125, 2.0102522999442458e-23, nan 
-54.125, 81.125, 2.020029274660062e-23, nan 
-53.875, 81.125, 1.736866925883785e-23, nan 
-53.625, 81.125, 1.9522362457778842e-23, nan 
-53.375, 81.125, 2.2562554592001078e-23, nan 
-53.125, 81.125, 2.0369176931420594e-23, nan 
-52.875, 81.125, 1.874007893309409e-23, nan 
-52.625, 81.125, 1.809457563195038e-23, nan 
-52.375, 81.125, 1.54226275494781e-23, nan 
-52.125, 81.125, 1.7167314570344614e-23, nan 
-51.875, 81.125, 1.7578733372452104e-23, nan 
-51.625, 81.125, 1.9858260959817165e-23, nan 
-51.375, 81.125, 1.926173531323669e-23, nan 
-51.125, 81.125, 1.807098618936201e-23, nan 
-50.875, 81.125, 1.466170736570175e-23, nan 
-50.625, 81.125, 1.4069262561060416e-23, nan 
-50.375, 81.125, 2.3465875143729217e-23, nan 
-50.125, 81.125, 1.964909699605604e-23, nan 
-49.875, 81.125, 1.9005109397539976e-23, nan 
-49.625, 81.125, 1.6725955028988742e-23, nan 
-49.375, 81.125, 1.2037024087610911e-23, nan 
-49.125, 81.125, 8.498079094871408e-24, nan 
-48.875, 81.125, 1.7372987825744976e-23, nan 
-48.625, 81.125, 1.9449833558822038e-23, nan 
-48.375, 81.125, 1.8684300558989216e-23, nan 
-48.125, 81.125, 1.9523323895132674e-23, nan 
-47.875, 81.125, 2.3922510768408136e-23, nan 
-47.625, 81.125, 2.3858308064960452e-23, nan 
-47.375, 81.125, 5.356565752941403e-23, nan 
-47.125, 81.125, 7.352946343533368e-23, nan 
-46.875, 81.125, 7.227947813608756e-23, nan 
-46.625, 81.125, 7.666074051758529e-23, nan 
-46.375, 81.125, 7.656205672945902e-23, nan 
-46.125, 81.125, 7.291591768964271e-23, nan 
-45.875, 81.125, 6.811306881938805e-23, nan 
-45.625, 81.125, 6.854986417725103e-23, nan 
-45.375, 81.125, 5.822134677374087e-23, nan 
-45.125, 81.125, 6.044150377246877e-23, nan 
-44.875, 81.125, 6.605577479151483e-23, nan 
-44.625, 81.125, 6.736806572177444e-23, nan 
-44.375, 81.125, 6.876141091373407e-23, nan 
-44.125, 81.125, 7.219794329646296e-23, nan 
-43.875, 81.125, 7.351341205009477e-23, nan 
-43.625, 81.125, 7.094886444460935e-23, nan 
-43.375, 81.125, 6.000029684444249e-23, nan 
-43.125, 81.125, 6.601290365860948e-23, nan 
-42.875, 81.125, 7.265392598632243e-23, nan 
-42.625, 81.125, 7.58287922269412e-23, nan 
-42.375, 81.125, 9.022017389770769e-23, nan 
-42.125, 81.125, 8.734027808448142e-23, nan 
-41.875, 81.125, 5.997117193316798e-23, nan 
-41.625, 81.125, 5.636395686592495e-23, nan 
-41.375, 81.125, 6.098286122081445e-23, nan 
-41.125, 81.125, 6.332166949135734e-23, nan 
-40.875, 81.125, 6.515680206505734e-23, nan 
-40.625, 81.125, 8.067936390184944e-23, nan 
-40.375, 81.125, 4.1509027733956545e-23, nan 
-40.125, 81.125, 3.5661740925469576e-23, nan 
-39.875, 81.125, 4.3712129377337063e-23, nan 
-39.625, 81.125, 5.885836332864137e-23, nan 
-39.375, 81.125, 6.979436746619664e-23, nan 
-39.125, 81.125, 1.0599484818852231e-22, nan 
-38.875, 81.125, 1.5571552956085285e-22, nan 
-38.625, 81.125, 1.0535268881263833e-22, nan 
-38.375, 81.125, 1.0506655380890045e-22, nan 
-38.125, 81.125, 9.973293467292737e-23, nan 
-37.875, 81.125, 1.2034078706992826e-22, nan 
-37.625, 81.125, 1.2531055107131192e-22, nan 
-37.375, 81.125, 1.359262128054789e-22, nan 
-37.125, 81.125, 1.5006942218834962e-22, nan 
-36.875, 81.125, 1.2274126929677576e-22, nan 
-36.625, 81.125, 9.180243693125546e-23, nan 
-36.375, 81.125, 6.573016112051258e-23, nan 
-36.125, 81.125, 6.81169613906406e-23, nan 
-35.875, 81.125, 6.639696638031449e-23, nan 
-35.625, 81.125, 6.00055245681008e-23, nan 
-35.375, 81.125, 6.302242084005115e-23, nan 
-35.125, 81.125, 5.733594198284624e-23, nan 
-34.875, 81.125, 6.469365346009387e-23, nan 
-34.625, 81.125, 4.9492583230742713e-23, nan 
-34.375, 81.125, 6.03590804362069e-23, nan 
-34.125, 81.125, 7.270324000185123e-23, nan 
-33.875, 81.125, 7.872133673267256e-23, nan 
-33.625, 81.125, 8.577008585335957e-23, nan 
-33.375, 81.125, 8.529400912425669e-23, nan 
-33.125, 81.125, 8.009048616987467e-23, nan 
-32.875, 81.125, 8.960091754224817e-23, nan 
-32.625, 81.125, 8.183509421127479e-23, nan 
-32.375, 81.125, 8.486854903749067e-23, nan 
-32.125, 81.125, 9.040141443387068e-23, nan 
-31.875, 81.125, 1.1225608135767459e-22, nan 
-31.625, 81.125, 1.286771951615536e-22, nan 
-31.375, 81.125, 1.1851822697099883e-22, nan 
-31.125, 81.125, 9.306575621979918e-23, nan 
-30.875, 81.125, 1.248699195839723e-22, nan 
-30.625, 81.125, 1.07751758379752e-22, nan 
-30.375, 81.125, 1.0849276544859167e-22, nan 
-30.125, 81.125, 1.2516753713698434e-22, nan 
-29.875, 81.125, 1.294932489349823e-22, nan 
-29.625, 81.125, 9.799681447051864e-23, nan 
-29.375, 81.125, 5.927955135828395e-23, nan 
-29.125, 81.125, 4.6658229286955875e-23, nan 
-28.875, 81.125, 3.013524065863597e-23, nan 
-28.625, 81.125, 1.9975070862687222e-23, nan 
-28.375, 81.125, 1.7120539561294224e-23, nan 
-28.125, 81.125, 2.4000364464076496e-23, nan 
-27.875, 81.125, 2.619688606677348e-23, nan 
-27.625, 81.125, 4.2451109642763435e-23, nan 
-27.375, 81.125, 4.592687136814807e-23, nan 
-27.125, 81.125, 3.996515759546442e-23, nan 
-26.875, 81.125, 3.4021089513450915e-23, nan 
-26.625, 81.125, 6.382241982411953e-23, nan 
-26.375, 81.125, 7.454548031389348e-23, nan 
-26.125, 81.125, 7.236637807998052e-23, nan 
-25.875, 81.125, 3.401041597857379e-23, nan 
-25.625, 81.125, 5.607054673000211e-23, nan 
-25.375, 81.125, 5.2662246969738706e-23, nan 
-25.125, 81.125, 5.590564008431559e-23, nan 
-24.875, 81.125, 1.1642329066544833e-22, nan 
-24.625, 81.125, 1.4633822764124134e-22, nan 
-24.375, 81.125, 1.4252718353820783e-22, nan 
-24.125, 81.125, 8.77662316095757e-23, nan 
-23.875, 81.125, 9.068765521942008e-23, nan 
-23.625, 81.125, 9.331708465917046e-23, nan 
-23.375, 81.125, 9.482588936881256e-23, nan 
-23.125, 81.125, 8.784232018574772e-23, nan 
-22.875, 81.125, 8.884396178101421e-23, nan 
-22.625, 81.125, 8.931578403752239e-23, nan 
-22.375, 81.125, 4.4900877968898537e-23, nan 
-22.125, 81.125, 3.4943166394244255e-23, nan 
-21.875, 81.125, 4.0333421491068534e-23, nan 
-21.625, 81.125, 3.563559525860342e-23, nan 
-21.375, 81.125, 2.388054991958128e-23, nan 
-21.125, 81.125, 9.97564796325971e-24, nan 
-20.875, 81.125, 2.4122752906405394e-23, nan 
-20.625, 81.125, 5.1144904171356827e-23, nan 
-20.375, 81.125, 4.649782399267111e-23, nan 
-20.125, 81.125, 8.219955537470367e-23, nan 
-19.875, 81.125, 8.714059208530611e-23, nan 
-19.625, 81.125, 7.727799347631423e-23, nan 
-19.375, 81.125, 6.378187352315351e-23, nan 
-19.125, 81.125, 6.120635973497951e-23, nan 
-18.875, 81.125, 8.208450619079199e-23, nan 
-18.625, 81.125, 8.655268528125908e-23, nan 
-18.375, 81.125, 9.505638004037316e-23, nan 
-18.125, 81.125, 9.130597779107061e-23, nan 
-17.875, 81.125, 5.622574683980433e-23, nan 
-17.625, 81.125, 4.2108779663594414e-23, nan 
-17.375, 81.125, 1.938666107185582e-23, nan 
-17.125, 81.125, 1.2625657909053652e-23, nan 
-16.875, 81.125, 2.0118485370422133e-23, nan 
-16.625, 81.125, 1.4934563900773203e-23, nan 
-16.375, 81.125, 1.1000899467074976e-23, nan 
-16.125, 81.125, 1.021324083826849e-23, nan 
-15.875, 81.125, 1.3177424068537813e-23, nan 
-15.625, 81.125, 3.41590354833675e-23, nan 
-15.375, 81.125, 2.3739119612769727e-23, nan 
-15.125, 81.125, 3.39027231626975e-23, nan 
-14.875, 81.125, 2.829259140033077e-23, nan 
-14.625, 81.125, 1.869634031490091e-23, nan 
-14.375, 81.125, 1.6771073978466612e-23, nan 
-14.125, 81.125, 1.9812237201360334e-23, nan 
-13.875, 81.125, 2.1768736791365824e-23, nan 
-13.625, 81.125, 2.3251864053462753e-23, nan 
-13.375, 81.125, 2.8264688190780193e-23, nan 
-13.125, 81.125, 2.4283171237551888e-23, nan 
-12.875, 81.125, 1.9264360334820943e-23, nan 
-12.625, 81.125, 1.8855367428974195e-23, nan 
-12.375, 81.125, 2.666724183846714e-23, nan 
-12.125, 81.125, 2.7086953971246856e-23, nan 
-11.875, 81.125, 4.386335491879956e-23, nan 
-11.625, 81.125, 4.452837963649e-23, nan 
-11.375, 81.125, 3.0941702015807415e-23, nan 
-11.125, 81.125, 2.591750060858122e-23, nan 
-10.875, 81.125, 1.6709599062135037e-23, nan 
-10.625, 81.125, 2.13572320963111e-23, nan 
-10.375, 81.125, 1.9084268544066918e-23, nan 
-10.125, 81.125, 2.5675186509752125e-23, nan 
-9.875, 81.125, 4.7259787201153715e-23, nan 
-9.625, 81.125, 3.930873316004577e-23, nan 
-9.375, 81.125, 1.3792664540555842e-23, nan 
-9.125, 81.125, 9.737352175848571e-24, nan 
-8.875, 81.125, 4.915869776998131e-24, nan 
-8.625, 81.125, 7.314198140573172e-24, nan 
-8.375, 81.125, 9.28293026788191e-24, nan 
-8.125, 81.125, 1.0968406562333132e-23, nan 
-7.875, 81.125, 1.3969509622863117e-23, nan 
-7.625, 81.125, 1.6992880925071737e-23, nan 
-7.375, 81.125, 1.7903341582213455e-23, nan 
-7.125, 81.125, 1.7303580137548284e-23, nan 
-6.875, 81.125, 1.401619004821188e-23, nan 
-6.625, 81.125, 2.0981528584794891e-23, nan 
-6.375, 81.125, 2.075079274671798e-23, nan 
-6.125, 81.125, 1.5776089429200455e-23, nan 
-5.875, 81.125, 1.6550340832550684e-23, nan 
-5.625, 81.125, 1.639122410117794e-23, nan 
-5.375, 81.125, 1.3867466131116398e-23, nan 
-5.125, 81.125, 1.2610310343331797e-23, nan 
-4.875, 81.125, 1.2578333259743548e-23, nan 
-4.625, 81.125, 1.2493747969275092e-23, nan 
-4.375, 81.125, 1.3084945196421099e-23, nan 
-4.125, 81.125, 9.608703759215437e-24, nan 
-3.875, 81.125, 1.0836946204537964e-23, nan 
-3.625, 81.125, 1.0610755336487403e-23, nan 
-3.375, 81.125, 1.1926165998628542e-23, nan 
-3.125, 81.125, 1.3426248609785596e-23, nan 
-2.875, 81.125, 1.3277857198341373e-23, nan 
-2.625, 81.125, 1.0493052263284626e-23, nan 
-2.375, 81.125, 1.0270035313374957e-23, nan 
-2.125, 81.125, 9.856455336762225e-24, nan 
-1.875, 81.125, 1.0057493018904192e-23, nan 
-1.625, 81.125, 1.1944270530555892e-23, nan 
-1.375, 81.125, 1.2120334785534361e-23, nan 
-1.125, 81.125, 1.081118229607383e-23, nan 
-0.875, 81.125, 9.834394524160443e-24, nan 
-0.625, 81.125, 1.7232959194451543e-23, nan 
-0.375, 81.125, 2.4306423405123505e-23, nan 
-0.125, 81.125, 3.2566322054397404e-23, nan 
0.125, 81.125, 1.4575264786998974e-23, nan 
0.375, 81.125, 8.70355649163214e-24, nan 
0.625, 81.125, 4.9171802870697435e-24, nan 
0.875, 81.125, 1.348437261532945e-23, nan 
1.125, 81.125, 2.835281451848466e-23, nan 
1.375, 81.125, 4.0363618440514544e-23, nan 
1.625, 81.125, 5.359294565782243e-23, nan 
1.875, 81.125, 2.9711533994969036e-23, nan 
2.125, 81.125, 3.132672854102183e-23, nan 
2.375, 81.125, 3.28038822618586e-23, nan 
2.625, 81.125, 3.6315384492584854e-23, nan 
2.875, 81.125, 2.4669601246515972e-23, nan 
3.125, 81.125, 2.3244701241106674e-23, nan 
3.375, 81.125, 3.0127314874852624e-23, nan 
3.625, 81.125, 1.9477977684382976e-23, nan 
3.875, 81.125, 1.283152453948336e-23, nan 
4.125, 81.125, 1.0753833126963288e-23, nan 
4.375, 81.125, 1.1206884829344864e-23, nan 
4.625, 81.125, 1.0438846576624682e-23, nan 
4.875, 81.125, 1.1380078626942346e-23, nan 
5.125, 81.125, 1.186522670503056e-23, nan 
5.375, 81.125, 1.076855682901287e-23, nan 
5.625, 81.125, 8.40466240195311e-24, nan 
5.875, 81.125, 8.934507636697735e-24, nan 
6.125, 81.125, 1.2416054491336846e-23, nan 
6.375, 81.125, 1.6907234761856596e-23, nan 
6.625, 81.125, 2.6543224197254024e-23, nan 
6.875, 81.125, 3.173363930074186e-23, nan 
7.125, 81.125, 3.129599120503402e-23, nan 
7.375, 81.125, 1.5219552092561923e-23, nan 
7.625, 81.125, 7.589242948653507e-24, nan 
7.875, 81.125, 2.1148299462302206e-23, nan 
8.125, 81.125, 3.137324162620017e-23, nan 
8.375, 81.125, 4.801400391508503e-23, nan 
8.625, 81.125, 5.56507140204981e-23, nan 
8.875, 81.125, 5.2130882247680714e-23, nan 
9.125, 81.125, 3.411896434061041e-23, nan 
9.375, 81.125, 3.0425455861975097e-23, nan 
9.625, 81.125, 3.5366324947992906e-23, nan 
9.875, 81.125, 4.053167425828148e-23, nan 
10.125, 81.125, 2.8387754890598294e-23, nan 
10.375, 81.125, 2.6803827229809835e-23, nan 
10.625, 81.125, 2.5530868102829562e-23, nan 
10.875, 81.125, 1.9698374188319434e-23, nan 
11.125, 81.125, 1.9785798840210083e-23, nan 
11.375, 81.125, 3.0686065376369794e-23, nan 
11.625, 81.125, 4.637545299650802e-23, nan 
11.875, 81.125, 3.7230761834731393e-23, nan 
12.125, 81.125, 3.804294629963276e-23, nan 
12.375, 81.125, 3.102938052045998e-23, nan 
12.625, 81.125, 1.8306095938560017e-23, nan 
12.875, 81.125, 1.740742274122585e-23, nan 
13.125, 81.125, 1.871635139789891e-23, nan 
13.375, 81.125, 2.6078160586893383e-23, nan 
13.625, 81.125, 1.348988491105e-23, nan 
13.875, 81.125, 6.5477990019069165e-24, nan 
14.125, 81.125, 4.273403571124494e-24, nan 
14.375, 81.125, 3.375017418689899e-24, nan 
14.625, 81.125, 3.645598456537844e-24, nan 
14.875, 81.125, 4.445009051493518e-24, nan 
15.125, 81.125, 4.815469584215716e-24, nan 
15.375, 81.125, 5.106567216364385e-24, nan 
15.625, 81.125, 6.0187155075986134e-24, nan 
15.875, 81.125, 6.112873719052303e-24, nan 
16.125, 81.125, 5.7159505516577864e-24, nan 
16.375, 81.125, 6.624379483220757e-24, nan 
16.625, 81.125, 6.484093772075974e-24, nan 
16.875, 81.125, 5.8985514925949764e-24, nan 
17.125, 81.125, 6.143408353974052e-24, nan 
17.375, 81.125, 5.589388632147554e-24, nan 
17.625, 81.125, 6.98329085727035e-24, nan 
17.875, 81.125, 9.491420890990463e-24, nan 
18.125, 81.125, 1.2672298913575232e-23, nan 
18.375, 81.125, 1.6497436310005892e-23, nan 
18.625, 81.125, 1.833323663138603e-23, nan 
18.875, 81.125, 1.7057714742382126e-23, nan 
19.125, 81.125, 1.2583151547894691e-23, nan 
19.375, 81.125, 1.0004115495771318e-23, nan 
19.625, 81.125, 7.840321700784945e-24, nan 
19.875, 81.125, 1.3624979803894355e-23, nan 
20.125, 81.125, 2.2600472874643857e-23, nan 
20.375, 81.125, 2.938000305804715e-23, nan 
20.625, 81.125, 3.1746343072164796e-23, nan 
20.875, 81.125, 1.7708004175742736e-23, nan 
21.125, 81.125, 1.5628248234935113e-23, nan 
21.375, 81.125, 1.5513694452120334e-23, nan 
21.625, 81.125, 1.8891814061441335e-23, nan 
21.875, 81.125, 2.4160530413332756e-23, nan 
22.125, 81.125, 3.3854015523730086e-23, nan 
22.375, 81.125, 3.26840781002719e-23, nan 
22.625, 81.125, 2.190216716094145e-23, nan 
22.875, 81.125, 2.5336642696594725e-23, nan 
23.125, 81.125, 2.0828573729220125e-23, nan 
23.375, 81.125, 2.666418874505167e-23, nan 
23.625, 81.125, 2.3106712554361282e-23, nan 
23.875, 81.125, 3.009044626709712e-23, nan 
24.125, 81.125, 2.865226042476441e-23, nan 
24.375, 81.125, 2.6323368953011612e-23, nan 
24.625, 81.125, 3.236759269684145e-23, nan 
24.875, 81.125, 3.805284835033599e-23, nan 
25.125, 81.125, 2.2169974692325122e-23, nan 
25.375, 81.125, 9.236810473038942e-24, nan 
25.625, 81.125, 2.3819102013425097e-23, nan 
25.875, 81.125, 2.6645057083988537e-23, nan 
26.125, 81.125, 3.44737079383819e-23, nan 
26.375, 81.125, 2.9115455361672304e-23, nan 
26.625, 81.125, 3.1460264704196873e-23, nan 
26.875, 81.125, 2.2176087631479108e-23, nan 
27.125, 81.125, 1.429319359965684e-23, nan 
27.375, 81.125, 2.2524359829361045e-23, nan 
27.625, 81.125, 1.9610665486226594e-23, nan 
27.875, 81.125, 3.458731328096856e-23, nan 
28.125, 81.125, 2.6590066693612383e-23, nan 
28.375, 81.125, 4.327443933151138e-23, nan 
28.625, 81.125, 3.607963349013078e-23, nan 
28.875, 81.125, 3.8089288906737303e-23, nan 
29.125, 81.125, 4.4799936802972044e-23, nan 
29.375, 81.125, 3.195267141465963e-23, nan 
29.625, 81.125, 2.610303792712276e-23, nan 
29.875, 81.125, 2.5458510966576555e-23, nan 
30.125, 81.125, 4.222370431667151e-23, nan 
30.375, 81.125, 3.861958139696459e-23, nan 
30.625, 81.125, 4.14409042145798e-23, nan 
30.875, 81.125, 4.3777414850195313e-23, nan 
31.125, 81.125, 3.7572953717025753e-23, nan 
31.375, 81.125, 3.2999418669911893e-23, nan 
31.625, 81.125, 3.449882464555314e-23, nan 
31.875, 81.125, 3.229754641269462e-23, nan 
32.125, 81.125, 1.2374707197625372e-23, nan 
32.375, 81.125, 9.122127401291714e-24, nan 
32.625, 81.125, 4.6032015513884575e-24, nan 
32.875, 81.125, 6.1869043373353134e-24, nan 
33.125, 81.125, 4.937947912053943e-24, nan 
33.375, 81.125, 7.783354290733932e-24, nan 
33.625, 81.125, 7.18938153673448e-24, nan 
33.875, 81.125, 3.9767924596456965e-24, nan 
34.125, 81.125, 2.8476180474483767e-24, nan 
34.375, 81.125, 2.86110925308509e-24, nan 
34.625, 81.125, 3.054990808932713e-24, nan 
34.875, 81.125, 5.6149859887934964e-24, nan 
35.125, 81.125, 3.1959559010486435e-23, nan 
35.375, 81.125, 2.7185142067106313e-23, nan 
35.625, 81.125, 1.9502616322051527e-23, nan 
35.875, 81.125, 3.4656173871360993e-23, nan 
36.125, 81.125, 2.458329712487759e-23, nan 
36.375, 81.125, 3.089604972407307e-23, nan 
36.625, 81.125, 3.369862900057899e-23, nan 
36.875, 81.125, 3.4179078151279124e-23, nan 
37.125, 81.125, 2.2076638415221336e-23, nan 
37.375, 81.125, 2.253351274708109e-23, nan 
37.625, 81.125, 2.955786470027522e-23, nan 
37.875, 81.125, 3.081065485432842e-23, nan 
38.125, 81.125, 2.953076124421503e-23, nan 
38.375, 81.125, 2.9288659311982976e-23, nan 
38.625, 81.125, 2.6163413296381695e-23, nan 
38.875, 81.125, 1.846869761110419e-23, nan 
39.125, 81.125, 1.6687263119616015e-23, nan 
39.375, 81.125, 1.9408284664726332e-23, nan 
39.625, 81.125, 1.5410983654238173e-23, nan 
39.875, 81.125, 1.383673639701083e-23, nan 
40.125, 81.125, 1.6418691802558265e-23, nan 
40.375, 81.125, 1.4068110736264675e-23, nan 
40.625, 81.125, 1.2722612402477082e-23, nan 
40.875, 81.125, 2.2306953729601743e-23, nan 
41.125, 81.125, 2.4215211799120613e-23, nan 
41.375, 81.125, 2.7624342916624825e-23, nan 
41.625, 81.125, 3.27998102554619e-23, nan 
41.875, 81.125, 3.397621520244165e-23, nan 
42.125, 81.125, 3.3187148635084947e-23, nan 
42.375, 81.125, 3.837867852866192e-23, nan 
42.625, 81.125, 4.2532609331224346e-23, nan 
42.875, 81.125, 4.281097074937113e-23, nan 
43.125, 81.125, 3.933851249922754e-23, nan 
43.375, 81.125, 3.900147349222439e-23, nan 
43.625, 81.125, 3.0290749168569846e-23, nan 
43.875, 81.125, 2.938521037533171e-23, nan 
44.125, 81.125, 3.2718126523056416e-23, nan 
44.375, 81.125, 3.274662002064431e-23, nan 
44.625, 81.125, 3.2409943620113804e-23, nan 
44.875, 81.125, 3.34650887075801e-23, nan 
45.125, 81.125, 3.242305500980427e-23, nan 
45.375, 81.125, 3.1388936912515715e-23, nan 
45.625, 81.125, 2.8453815056492105e-23, nan 
45.875, 81.125, 1.4750501273644048e-23, nan 
46.125, 81.125, 6.190251477923714e-24, nan 
46.375, 81.125, 5.654043608103997e-24, nan 
46.625, 81.125, 9.005319560022696e-24, nan 
46.875, 81.125, 8.766075785413763e-24, nan 
47.125, 81.125, 9.548620204454729e-24, nan 
47.375, 81.125, 1.0910959768956269e-23, nan 
47.625, 81.125, 9.669650559129361e-24, nan 
47.875, 81.125, 6.296528464124993e-24, nan 
48.125, 81.125, 5.226167994899941e-24, nan 
48.375, 81.125, 8.296399706856637e-24, nan 
48.625, 81.125, 7.878918723799799e-24, nan 
48.875, 81.125, 7.556598574639881e-24, nan 
49.125, 81.125, 7.757741836255801e-24, nan 
49.375, 81.125, 7.426903429852255e-24, nan 
49.625, 81.125, 8.461951181304927e-24, nan 
49.875, 81.125, 9.279411828192153e-24, nan 
50.125, 81.125, 1.0040384829546736e-23, nan 
50.375, 81.125, 1.2435915855434788e-23, nan 
50.625, 81.125, 9.053643766759816e-24, nan 
50.875, 81.125, 7.525260626089691e-24, nan 
51.125, 81.125, 1.0284264990951774e-23, nan 
51.375, 81.125, 1.4422154667416357e-23, nan 
51.625, 81.125, 1.642444921224894e-23, nan 
51.875, 81.125, 1.7678848865453825e-23, nan 
52.125, 81.125, 2.1516682058552863e-23, nan 
52.375, 81.125, 1.1112495923703896e-23, nan 
52.625, 81.125, 1.3457305268803253e-23, nan 
52.875, 81.125, 1.6311951066245904e-23, nan 
53.125, 81.125, 2.2943259775046006e-23, nan 
53.375, 81.125, 2.2828350674869646e-23, nan 
53.625, 81.125, 2.273528487577854e-23, nan 
53.875, 81.125, 2.582148579710837e-23, nan 
54.125, 81.125, 1.7637717585447435e-23, nan 
54.375, 81.125, 1.7741685731907187e-23, nan 
54.625, 81.125, 1.464830738480868e-23, nan 
54.875, 81.125, 1.6913024728613774e-23, nan 
55.125, 81.125, 1.2460610391871074e-23, nan 
55.375, 81.125, 9.80920929867804e-24, nan 
55.625, 81.125, 9.865635045921662e-24, nan 
55.875, 81.125, 1.4602976084996263e-23, nan 
56.125, 81.125, 1.7144188941269892e-23, nan 
56.375, 81.125, 1.7839658924679667e-23, nan 
56.625, 81.125, 1.6028842057069674e-23, nan 
56.875, 81.125, 1.634698356123973e-23, nan 
57.125, 81.125, 1.6013540787854982e-23, nan 
57.375, 81.125, 1.5667194036899104e-23, nan 
57.625, 81.125, 1.450560866377105e-23, nan 
57.875, 81.125, 1.1982342404495202e-23, nan 
58.125, 81.125, 8.12453640739788e-24, nan 
58.375, 81.125, 5.565684750514225e-24, nan 
58.625, 81.125, 4.465243817062789e-24, nan 
58.875, 81.125, 6.0035117564017124e-24, nan 
59.125, 81.125, 5.14125355194423e-24, nan 
59.375, 81.125, 5.364467032661834e-24, nan 
59.625, 81.125, 7.782039063186271e-24, nan 
59.875, 81.125, 6.819091865745576e-24, nan 
60.125, 81.125, 7.685565261567916e-24, nan 
60.375, 81.125, 7.618512832118431e-24, nan 
60.625, 81.125, 1.2426609006915021e-23, nan 
60.875, 81.125, 8.515672247527854e-24, nan 
61.125, 81.125, 1.1545118707714891e-23, nan 
61.375, 81.125, 1.130675952054174e-23, nan 
61.625, 81.125, 7.809004591639604e-24, nan 
61.875, 81.125, 7.058035111094415e-24, nan 
62.125, 81.125, 6.44647923925958e-24, nan 
62.375, 81.125, 9.454797688016289e-24, nan 
62.625, 81.125, 8.779341893277642e-24, nan 
62.875, 81.125, 1.1072018272593329e-23, nan 
63.125, 81.125, 1.101821328552746e-23, nan 
63.375, 81.125, 9.153690382247731e-24, nan 
63.625, 81.125, 9.986413598247808e-24, nan 
63.875, 81.125, 4.031585130723973e-24, nan 
64.125, 81.125, 4.726663219553581e-24, nan 
64.375, 81.125, 7.25187410865933e-24, nan 
64.625, 81.125, 1.0115571638783655e-23, nan 
64.875, 81.125, 1.1682086439505967e-23, nan 
65.125, 81.125, 1.2304490815857261e-23, nan 
65.375, 81.125, 1.5712647342450868e-23, nan 
65.625, 81.125, 5.163932119686147e-24, nan 
65.875, 81.125, 5.212088665575845e-24, nan 
66.125, 81.125, 7.16227022273404e-24, nan 
66.375, 81.125, 8.122017727004456e-24, nan 
66.625, 81.125, 7.226690249480985e-24, nan 
66.875, 81.125, 7.923400963325193e-24, nan 
67.125, 81.125, 9.18239532768586e-24, nan 
67.375, 81.125, 5.535442392840271e-24, nan 
67.625, 81.125, 5.16354568409711e-24, nan 
67.875, 81.125, 6.101276927132371e-24, nan 
68.125, 81.125, 4.9578172416548e-24, nan 
68.375, 81.125, 5.411136758160074e-24, nan 
68.625, 81.125, 5.10864340213509e-24, nan 
68.875, 81.125, 5.256895406206655e-24, nan 
69.125, 81.125, 3.045072820803386e-24, nan 
69.375, 81.125, 4.315747232213383e-24, nan 
69.625, 81.125, 6.15601640734891e-24, nan 
69.875, 81.125, 7.091815807767933e-24, nan 
70.125, 81.125, 7.870304939936766e-24, nan 
70.375, 81.125, 9.56319808409406e-24, nan 
70.625, 81.125, 1.059312704894882e-23, nan 
70.875, 81.125, 7.058306823105852e-24, nan 
71.125, 81.125, 8.645652155901565e-24, nan 
71.375, 81.125, 9.79096852645809e-24, nan 
71.625, 81.125, 1.099532624951868e-23, nan 
71.875, 81.125, 7.26145072108134e-24, nan 
-102.875, 81.375, 3.030887350792217e-23, nan 
-102.625, 81.375, 2.8509335272825e-23, nan 
-102.375, 81.375, 2.5942641987705402e-23, nan 
-102.125, 81.375, 2.903590793195683e-23, nan 
-101.875, 81.375, 1.7368983068104765e-23, nan 
-101.625, 81.375, 1.3695838332807277e-23, nan 
-101.375, 81.375, 1.6912881599491517e-23, nan 
-101.125, 81.375, 1.9252979159092922e-23, nan 
-100.875, 81.375, 2.375528955585749e-23, nan 
-100.625, 81.375, 3.713650340672012e-23, nan 
-100.375, 81.375, 4.5823300708910505e-23, nan 
-100.125, 81.375, 3.854371586355711e-23, nan 
-99.875, 81.375, 2.8795847914162646e-23, nan 
-99.625, 81.375, 3.255235309574633e-23, nan 
-99.375, 81.375, 3.672544914822658e-23, nan 
-99.125, 81.375, 4.893648340836731e-23, nan 
-98.875, 81.375, 1.259288612021785e-22, nan 
-98.625, 81.375, 1.7606148089636004e-22, nan 
-98.375, 81.375, 1.8413968947018178e-22, nan 
-98.125, 81.375, 1.818143073437778e-22, nan 
-97.875, 81.375, 2.0539588133897706e-22, nan 
-97.625, 81.375, 2.343660255182701e-22, nan 
-97.375, 81.375, 2.5218371333420814e-22, nan 
-97.125, 81.375, 2.751540612933046e-22, nan 
-96.875, 81.375, 2.642604453331265e-22, nan 
-96.625, 81.375, 2.697392445450705e-22, nan 
-96.375, 81.375, 2.4050590093618874e-22, nan 
-96.125, 81.375, 2.0576088169776485e-22, nan 
-95.875, 81.375, 2.1047075830693038e-22, nan 
-95.625, 81.375, 2.549921189781124e-22, nan 
-95.375, 81.375, 3.020538914456639e-22, nan 
-95.125, 81.375, 2.693390379401876e-22, nan 
-94.875, 81.375, 2.7515419334336473e-22, nan 
-94.625, 81.375, 2.455035944378905e-22, nan 
-94.375, 81.375, 2.1934920914840823e-22, nan 
-94.125, 81.375, 1.82490880770511e-22, nan 
-93.875, 81.375, 1.3844278159385392e-22, nan 
-93.625, 81.375, 1.381725442061036e-22, nan 
-93.375, 81.375, 1.4272744409092277e-22, nan 
-93.125, 81.375, 1.3926584715377397e-22, nan 
-92.875, 81.375, 1.3649289329647578e-22, nan 
-92.625, 81.375, 1.1456129389836348e-22, nan 
-92.375, 81.375, 1.2990520781791504e-22, nan 
-92.125, 81.375, 3.416463563015247e-23, nan 
-91.875, 81.375, 4.746016727597679e-23, nan 
-91.625, 81.375, 6.81104321972266e-23, nan 
-91.375, 81.375, 3.7841357118948217e-23, nan 
-91.125, 81.375, 1.457342581878054e-22, nan 
-90.875, 81.375, 1.4730479698387954e-22, nan 
-90.625, 81.375, 1.5395958541412272e-22, nan 
-90.375, 81.375, 1.5570295879519118e-22, nan 
-90.125, 81.375, 1.3050288873104212e-22, nan 
-89.875, 81.375, 3.724937587811853e-23, nan 
-89.625, 81.375, 1.0431934300830275e-22, nan 
-89.375, 81.375, 1.2869534187024054e-22, nan 
-89.125, 81.375, 5.1578053788862155e-23, nan 
-88.875, 81.375, 5.714012099793543e-23, nan 
-88.625, 81.375, 6.277176548436944e-23, nan 
-88.375, 81.375, 7.670514336128645e-23, nan 
-88.125, 81.375, 9.607705371851613e-23, nan 
-87.875, 81.375, 1.0565044664541747e-22, nan 
-87.625, 81.375, 1.197097718236762e-22, nan 
-87.375, 81.375, 2.0381946797359846e-22, nan 
-87.125, 81.375, 1.9720255571423358e-22, nan 
-86.875, 81.375, 2.1680879844672327e-22, nan 
-86.625, 81.375, 2.3524112117595847e-22, nan 
-86.375, 81.375, 2.752711002692796e-22, nan 
-86.125, 81.375, 2.8049433454636354e-22, nan 
-85.875, 81.375, 2.772466956453085e-22, nan 
-85.625, 81.375, 2.995279306861965e-22, nan 
-85.375, 81.375, 2.9953162596703336e-22, nan 
-85.125, 81.375, 3.041739593540952e-22, nan 
-84.875, 81.375, 1.8900870897122285e-22, nan 
-84.625, 81.375, 4.0001926695405166e-23, nan 
-84.375, 81.375, 3.486368771694703e-23, nan 
-84.125, 81.375, 7.501703070152956e-23, nan 
-83.875, 81.375, 1.2088435640044013e-22, nan 
-83.625, 81.375, 1.0170533965624318e-22, nan 
-83.375, 81.375, 1.090150812077969e-22, nan 
-83.125, 81.375, 1.0925199052763563e-22, nan 
-82.875, 81.375, 8.471216042599678e-23, nan 
-82.625, 81.375, 8.863898111790695e-23, nan 
-82.375, 81.375, 9.640084085907474e-23, nan 
-82.125, 81.375, 1.0277966403208555e-22, nan 
-81.875, 81.375, 1.0094835568835775e-22, nan 
-81.625, 81.375, 1.0606462888824817e-22, nan 
-81.375, 81.375, 1.0099307674234623e-22, nan 
-81.125, 81.375, 8.147868951595346e-23, nan 
-80.875, 81.375, 9.061376317699098e-23, nan 
-80.625, 81.375, 7.851601832838153e-23, nan 
-80.375, 81.375, 9.528399718242725e-23, nan 
-80.125, 81.375, 9.520490592693844e-23, nan 
-79.875, 81.375, 1.011278209170336e-22, nan 
-79.625, 81.375, 1.045017311700789e-22, nan 
-79.375, 81.375, 9.169193108477495e-23, nan 
-79.125, 81.375, 9.161139928787428e-23, nan 
-78.875, 81.375, 9.298961636144638e-23, nan 
-78.625, 81.375, 1.0845724598237646e-22, nan 
-78.375, 81.375, 1.1228971714067586e-22, nan 
-78.125, 81.375, 1.1747505925484488e-22, nan 
-77.875, 81.375, 1.2366553583541446e-22, nan 
-77.625, 81.375, 1.2305060033517146e-22, nan 
-77.375, 81.375, 1.4170903419025164e-22, nan 
-77.125, 81.375, 9.1051431406513e-23, nan 
-76.875, 81.375, 9.01630301826877e-23, nan 
-76.625, 81.375, 7.40152250923222e-23, nan 
-76.375, 81.375, 8.786975336034545e-23, nan 
-76.125, 81.375, 8.860625273674356e-23, nan 
-75.875, 81.375, 1.0082456592259382e-22, nan 
-75.625, 81.375, 8.690123671637404e-23, nan 
-75.375, 81.375, 9.042428837549017e-23, nan 
-75.125, 81.375, 9.736848023762678e-23, nan 
-74.875, 81.375, 7.908154186459908e-23, nan 
-74.625, 81.375, 8.240388441838488e-23, nan 
-74.375, 81.375, 1.119863448664254e-22, nan 
-74.125, 81.375, 1.597144141175667e-22, nan 
-73.875, 81.375, 2.187955715374256e-22, nan 
-73.625, 81.375, 2.189274213995859e-22, nan 
-73.375, 81.375, 2.588462577636712e-22, nan 
-73.125, 81.375, 2.606020871692141e-22, nan 
-72.875, 81.375, 2.5665516056250966e-22, nan 
-72.625, 81.375, 2.4446081559271535e-22, nan 
-72.375, 81.375, 2.416226197324658e-22, nan 
-72.125, 81.375, 2.5062386916823525e-22, nan 
-71.875, 81.375, 2.722666268145936e-22, nan 
-71.625, 81.375, 3.725748277881283e-22, nan 
-71.375, 81.375, 5.143378148765474e-22, nan 
-71.125, 81.375, 5.35850413707637e-22, nan 
-70.875, 81.375, 5.386805826395043e-22, nan 
-70.625, 81.375, 5.702788738685178e-22, nan 
-70.375, 81.375, 5.855429400426394e-22, nan 
-70.125, 81.375, 4.839804594887272e-22, nan 
-69.875, 81.375, 4.89214464760756e-22, nan 
-69.625, 81.375, 6.745925342817215e-22, nan 
-69.375, 81.375, 7.021264990135927e-22, nan 
-69.125, 81.375, 7.052586860339027e-22, nan 
-68.875, 81.375, 6.586733146132438e-22, nan 
-68.625, 81.375, 6.295396519012963e-22, nan 
-68.375, 81.375, 5.320162798207564e-22, nan 
-68.125, 81.375, 2.224257765322358e-22, nan 
-67.875, 81.375, 1.9231018958824434e-22, nan 
-67.625, 81.375, 1.162323522823214e-22, nan 
-67.375, 81.375, 2.3595892327797707e-23, nan 
-67.125, 81.375, 3.21916423735165e-23, nan 
-66.875, 81.375, 3.0277221312252726e-23, nan 
-66.625, 81.375, 2.8813127670834305e-23, nan 
-66.375, 81.375, 2.666184096751403e-23, nan 
-66.125, 81.375, 2.6515505538831974e-23, nan 
-65.875, 81.375, 2.8811732956053776e-23, nan 
-65.625, 81.375, 2.9484185519376116e-23, nan 
-65.375, 81.375, 5.098306493250124e-23, nan 
-65.125, 81.375, 5.17068288130533e-23, nan 
-64.875, 81.375, 5.343090402076009e-23, nan 
-64.625, 81.375, 5.570344229045092e-23, nan 
-64.375, 81.375, 5.551622593866608e-23, nan 
-64.125, 81.375, 5.522214686970778e-23, nan 
-63.875, 81.375, 5.2141828305369073e-23, nan 
-63.625, 81.375, 5.98293002222495e-23, nan 
-63.375, 81.375, 6.274470342822534e-23, nan 
-63.125, 81.375, 6.714900618628036e-23, nan 
-62.875, 81.375, 6.643756190949992e-23, nan 
-62.625, 81.375, 6.934790092393014e-23, nan 
-62.375, 81.375, 6.979372004754174e-23, nan 
-62.125, 81.375, 7.362667494180574e-23, nan 
-61.875, 81.375, 7.860639583784161e-23, nan 
-61.625, 81.375, 8.271511954049666e-23, nan 
-61.375, 81.375, 9.38455192194291e-23, nan 
-61.125, 81.375, 1.0654243145573558e-22, nan 
-60.875, 81.375, 1.6090868596891539e-22, nan 
-60.625, 81.375, 2.859819906531455e-22, nan 
-60.375, 81.375, 2.460498680594747e-22, nan 
-60.125, 81.375, 2.729944536920718e-22, nan 
-59.875, 81.375, 3.1120353907367555e-22, nan 
-59.625, 81.375, 2.796645943409435e-22, nan 
-59.375, 81.375, 2.486364810507969e-22, nan 
-59.125, 81.375, 2.0358722265470506e-22, nan 
-58.875, 81.375, 2.2846003527159413e-22, nan 
-58.625, 81.375, 2.2015203783125763e-22, nan 
-58.375, 81.375, 2.0906832966559398e-22, nan 
-58.125, 81.375, 2.0251993288333343e-22, nan 
-57.875, 81.375, 1.8772451547227352e-22, nan 
-57.625, 81.375, 1.6069484617852657e-22, nan 
-57.375, 81.375, 9.679895816381973e-23, nan 
-57.125, 81.375, 2.4166908266683183e-23, nan 
-56.875, 81.375, 2.7204230444569025e-23, nan 
-56.625, 81.375, 2.834040939867153e-23, nan 
-56.375, 81.375, 2.7852889295534823e-23, nan 
-56.125, 81.375, 2.4413186706480272e-23, nan 
-55.875, 81.375, 2.2722373882656144e-23, nan 
-55.625, 81.375, 2.637146793348541e-23, nan 
-55.375, 81.375, 2.303733052994753e-23, nan 
-55.125, 81.375, 2.8872143319613396e-23, nan 
-54.875, 81.375, 3.406458501711253e-23, nan 
-54.625, 81.375, 3.280752176022348e-23, nan 
-54.375, 81.375, 2.670277717264629e-23, nan 
-54.125, 81.375, 1.9981710186340292e-23, nan 
-53.875, 81.375, 1.4751579972489678e-23, nan 
-53.625, 81.375, 1.497258764065421e-23, nan 
-53.375, 81.375, 1.2732962617217269e-23, nan 
-53.125, 81.375, 1.4429416172812698e-23, nan 
-52.875, 81.375, 1.3281120783600453e-23, nan 
-52.625, 81.375, 1.163864904608463e-23, nan 
-52.375, 81.375, 8.547303241118347e-24, nan 
-52.125, 81.375, 8.98507525415586e-24, nan 
-51.875, 81.375, 7.951035694628636e-24, nan 
-51.625, 81.375, 9.235993472134121e-24, nan 
-51.375, 81.375, 1.7577568384355386e-23, nan 
-51.125, 81.375, 1.7131780930004807e-23, nan 
-50.875, 81.375, 1.2906743050052377e-23, nan 
-50.625, 81.375, 1.398460807827333e-23, nan 
-50.375, 81.375, 1.556099859147011e-23, nan 
-50.125, 81.375, 1.4624619538018333e-23, nan 
-49.875, 81.375, 1.567655835745442e-23, nan 
-49.625, 81.375, 1.5618936740075483e-23, nan 
-49.375, 81.375, 1.2065302641359258e-23, nan 
-49.125, 81.375, 6.898865827154354e-24, nan 
-48.875, 81.375, 1.5817661418678187e-23, nan 
-48.625, 81.375, 2.6141726663140788e-23, nan 
-48.375, 81.375, 3.122159225088465e-23, nan 
-48.125, 81.375, 3.8892833878538664e-23, nan 
-47.875, 81.375, 4.6686303429728667e-23, nan 
-47.625, 81.375, 4.870764921932997e-23, nan 
-47.375, 81.375, 5.435042314014265e-23, nan 
-47.125, 81.375, 5.550209586032306e-23, nan 
-46.875, 81.375, 5.953590090558917e-23, nan 
-46.625, 81.375, 6.30684949297213e-23, nan 
-46.375, 81.375, 6.737066294442204e-23, nan 
-46.125, 81.375, 7.143810863086542e-23, nan 
-45.875, 81.375, 7.115359942346756e-23, nan 
-45.625, 81.375, 7.34248596523326e-23, nan 
-45.375, 81.375, 6.686070395635814e-23, nan 
-45.125, 81.375, 6.091845632352301e-23, nan 
-44.875, 81.375, 5.790410490451113e-23, nan 
-44.625, 81.375, 5.949829788460639e-23, nan 
-44.375, 81.375, 6.243940129377314e-23, nan 
-44.125, 81.375, 6.362864607567096e-23, nan 
-43.875, 81.375, 5.599170345319659e-23, nan 
-43.625, 81.375, 5.339774643813542e-23, nan 
-43.375, 81.375, 6.651856797625983e-23, nan 
-43.125, 81.375, 6.129763262756438e-23, nan 
-42.875, 81.375, 5.770981849255255e-23, nan 
-42.625, 81.375, 4.665461384679853e-23, nan 
-42.375, 81.375, 4.303153770510377e-23, nan 
-42.125, 81.375, 4.1195103187361266e-23, nan 
-41.875, 81.375, 4.4186290033221786e-23, nan 
-41.625, 81.375, 6.16182989535459e-23, nan 
-41.375, 81.375, 5.135822771601545e-23, nan 
-41.125, 81.375, 4.1641814544991424e-23, nan 
-40.875, 81.375, 3.581510195534803e-23, nan 
-40.625, 81.375, 3.1151178399379325e-23, nan 
-40.375, 81.375, 2.7959755902664146e-23, nan 
-40.125, 81.375, 2.5828023865897002e-23, nan 
-39.875, 81.375, 4.9796025814526523e-23, nan 
-39.625, 81.375, 5.872832556583506e-23, nan 
-39.375, 81.375, 7.914770403808214e-23, nan 
-39.125, 81.375, 1.0442873632770503e-22, nan 
-38.875, 81.375, 1.0381343420018544e-22, nan 
-38.625, 81.375, 7.777145605915537e-23, nan 
-38.375, 81.375, 8.527515720300096e-23, nan 
-38.125, 81.375, 5.531288640570402e-23, nan 
-37.875, 81.375, 5.46170574423811e-23, nan 
-37.625, 81.375, 6.88799004593793e-23, nan 
-37.375, 81.375, 7.781498378211503e-23, nan 
-37.125, 81.375, 6.642471343230841e-23, nan 
-36.875, 81.375, 5.65463906678576e-23, nan 
-36.625, 81.375, 6.140140819083696e-23, nan 
-36.375, 81.375, 4.5756044794491773e-23, nan 
-36.125, 81.375, 4.174781345086338e-23, nan 
-35.875, 81.375, 7.26681802532939e-23, nan 
-35.625, 81.375, 6.282540099254176e-23, nan 
-35.375, 81.375, 4.4225779572929696e-23, nan 
-35.125, 81.375, 4.460934682031896e-23, nan 
-34.875, 81.375, 5.353171981572613e-23, nan 
-34.625, 81.375, 5.313988058120038e-23, nan 
-34.375, 81.375, 5.07518246873623e-23, nan 
-34.125, 81.375, 6.32601781235596e-23, nan 
-33.875, 81.375, 6.266915431991292e-23, nan 
-33.625, 81.375, 4.514519747414272e-23, nan 
-33.375, 81.375, 2.2197940920116205e-23, nan 
-33.125, 81.375, 3.384578794200094e-23, nan 
-32.875, 81.375, 5.148905871458402e-23, nan 
-32.625, 81.375, 6.218754266031783e-23, nan 
-32.375, 81.375, 8.609571382402951e-23, nan 
-32.125, 81.375, 1.1005585177088911e-22, nan 
-31.875, 81.375, 1.2339533434112063e-22, nan 
-31.625, 81.375, 9.814560315321831e-23, nan 
-31.375, 81.375, 8.573691583026397e-23, nan 
-31.125, 81.375, 6.403898745555404e-23, nan 
-30.875, 81.375, 5.868147511380167e-23, nan 
-30.625, 81.375, 6.524863239041228e-23, nan 
-30.375, 81.375, 7.546060810344435e-23, nan 
-30.125, 81.375, 8.447394758404802e-23, nan 
-29.875, 81.375, 6.4963596662532e-23, nan 
-29.625, 81.375, 4.4941485050198346e-23, nan 
-29.375, 81.375, 2.5930973387030923e-23, nan 
-29.125, 81.375, 1.4646943486145313e-23, nan 
-28.875, 81.375, 1.597254374911333e-23, nan 
-28.625, 81.375, 2.1500701677958516e-23, nan 
-28.375, 81.375, 4.668375904658019e-23, nan 
-28.125, 81.375, 5.9034430555207e-23, nan 
-27.875, 81.375, 4.0977236752057174e-23, nan 
-27.625, 81.375, 3.331344640657967e-23, nan 
-27.375, 81.375, 5.512860561671599e-23, nan 
-27.125, 81.375, 6.511546200986665e-23, nan 
-26.875, 81.375, 5.80454690198354e-23, nan 
-26.625, 81.375, 3.9741769381350704e-23, nan 
-26.375, 81.375, 4.735341853431962e-23, nan 
-26.125, 81.375, 4.3306958093779454e-23, nan 
-25.875, 81.375, 3.195419105593333e-23, nan 
-25.625, 81.375, 1.1715797850685898e-22, nan 
-25.375, 81.375, 1.295586113597432e-22, nan 
-25.125, 81.375, 1.1498332064654836e-22, nan 
-24.875, 81.375, 7.935909709059647e-23, nan 
-24.625, 81.375, 9.157660523847763e-23, nan 
-24.375, 81.375, 8.907841219509007e-23, nan 
-24.125, 81.375, 4.098952899760845e-23, nan 
-23.875, 81.375, 7.875699998804399e-23, nan 
-23.625, 81.375, 8.251714902397754e-23, nan 
-23.375, 81.375, 7.526228534462735e-23, nan 
-23.125, 81.375, 4.341815142987541e-23, nan 
-22.875, 81.375, 2.9310497755165283e-23, nan 
-22.625, 81.375, 2.8708533363765325e-23, nan 
-22.375, 81.375, 2.9878521440008415e-23, nan 
-22.125, 81.375, 1.682582739093557e-23, nan 
-21.875, 81.375, 8.957146501229449e-24, nan 
-21.625, 81.375, 1.8589947573698777e-23, nan 
-21.375, 81.375, 2.9993610630794287e-23, nan 
-21.125, 81.375, 4.119724312533933e-23, nan 
-20.875, 81.375, 5.845581484640104e-23, nan 
-20.625, 81.375, 6.838758053801766e-23, nan 
-20.375, 81.375, 5.0859554126669886e-23, nan 
-20.125, 81.375, 5.1239406767700256e-23, nan 
-19.875, 81.375, 5.602258399523619e-23, nan 
-19.625, 81.375, 5.621363484889582e-23, nan 
-19.375, 81.375, 5.445060907807985e-23, nan 
-19.125, 81.375, 5.0305595530651154e-23, nan 
-18.875, 81.375, 4.980931993878547e-23, nan 
-18.625, 81.375, 3.6155852160898896e-23, nan 
-18.375, 81.375, 2.1095283825448098e-23, nan 
-18.125, 81.375, 1.5734112837773963e-23, nan 
-17.875, 81.375, 1.1025043342160662e-23, nan 
-17.625, 81.375, 1.3452495304891855e-23, nan 
-17.375, 81.375, 3.489566573709391e-23, nan 
-17.125, 81.375, 2.678079597257312e-23, nan 
-16.875, 81.375, 1.085952923469587e-23, nan 
-16.625, 81.375, 7.804308851874466e-24, nan 
-16.375, 81.375, 9.576542603684049e-24, nan 
-16.125, 81.375, 1.5138249059158858e-23, nan 
-15.875, 81.375, 3.168745995903947e-23, nan 
-15.625, 81.375, 6.497266236534636e-23, nan 
-15.375, 81.375, 5.279970457843437e-23, nan 
-15.125, 81.375, 3.298308220583987e-23, nan 
-14.875, 81.375, 2.4243869620975208e-23, nan 
-14.625, 81.375, 1.8601707713257715e-23, nan 
-14.375, 81.375, 1.548397924851516e-23, nan 
-14.125, 81.375, 2.3978799299584703e-23, nan 
-13.875, 81.375, 4.662504728085284e-23, nan 
-13.625, 81.375, 4.066850365008252e-23, nan 
-13.375, 81.375, 2.793225542908447e-23, nan 
-13.125, 81.375, 1.97816938511935e-23, nan 
-12.875, 81.375, 1.687457887175284e-23, nan 
-12.625, 81.375, 1.8694972135913282e-23, nan 
-12.375, 81.375, 2.2079849385560895e-23, nan 
-12.125, 81.375, 1.3434907722228e-23, nan 
-11.875, 81.375, 1.259782686225779e-23, nan 
-11.625, 81.375, 1.4720907642546922e-23, nan 
-11.375, 81.375, 1.0938398938510135e-23, nan 
-11.125, 81.375, 1.0208051749755026e-23, nan 
-10.875, 81.375, 1.2594550462274205e-23, nan 
-10.625, 81.375, 1.4400630219539245e-23, nan 
-10.375, 81.375, 1.383348325368378e-23, nan 
-10.125, 81.375, 6.352128910092614e-24, nan 
-9.875, 81.375, 8.631892442723775e-24, nan 
-9.625, 81.375, 8.322577887510815e-24, nan 
-9.375, 81.375, 8.937324754620008e-24, nan 
-9.125, 81.375, 1.024629511563411e-23, nan 
-8.875, 81.375, 2.2124080557327038e-23, nan 
-8.625, 81.375, 2.2808238181846556e-23, nan 
-8.375, 81.375, 1.8196461720707844e-23, nan 
-8.125, 81.375, 1.2947560785459097e-23, nan 
-7.875, 81.375, 1.429994053379188e-23, nan 
-7.625, 81.375, 1.527157162949878e-23, nan 
-7.375, 81.375, 1.6104495220613116e-23, nan 
-7.125, 81.375, 2.055596918250012e-23, nan 
-6.875, 81.375, 1.999535948178012e-23, nan 
-6.625, 81.375, 1.6517796061686935e-23, nan 
-6.375, 81.375, 1.2288863955791418e-23, nan 
-6.125, 81.375, 1.1620788321307198e-23, nan 
-5.875, 81.375, 1.02925326151104e-23, nan 
-5.625, 81.375, 7.750671871286422e-24, nan 
-5.375, 81.375, 8.168416899248714e-24, nan 
-5.125, 81.375, 1.0558323542760045e-23, nan 
-4.875, 81.375, 1.190069569582439e-23, nan 
-4.625, 81.375, 6.324273195842859e-24, nan 
-4.375, 81.375, 4.378753169769467e-24, nan 
-4.125, 81.375, 6.49825445728711e-24, nan 
-3.875, 81.375, 1.0441136175198319e-23, nan 
-3.625, 81.375, 1.479069494620261e-23, nan 
-3.375, 81.375, 1.6752184228589084e-23, nan 
-3.125, 81.375, 1.4578956847841704e-23, nan 
-2.875, 81.375, 1.2352364635249717e-23, nan 
-2.625, 81.375, 1.1103599064354385e-23, nan 
-2.375, 81.375, 1.1404025998332239e-23, nan 
-2.125, 81.375, 1.1974516756221865e-23, nan 
-1.875, 81.375, 1.2645474884257938e-23, nan 
-1.625, 81.375, 1.1908598230818538e-23, nan 
-1.375, 81.375, 9.905384248499057e-24, nan 
-1.125, 81.375, 9.606798430209853e-24, nan 
-0.875, 81.375, 1.0160462473795628e-23, nan 
-0.625, 81.375, 1.2795128152532572e-23, nan 
-0.375, 81.375, 1.1821336261686971e-23, nan 
-0.125, 81.375, 8.682519137966434e-24, nan 
0.125, 81.375, 6.077548810248694e-24, nan 
0.375, 81.375, 9.170571253082091e-24, nan 
0.625, 81.375, 9.237264637484264e-24, nan 
0.875, 81.375, 1.1548653755824069e-23, nan 
1.125, 81.375, 1.9845418585264705e-23, nan 
1.375, 81.375, 2.579513696006366e-23, nan 
1.625, 81.375, 3.250974771452683e-23, nan 
1.875, 81.375, 1.4942719693014086e-23, nan 
2.125, 81.375, 1.6792783314279156e-23, nan 
2.375, 81.375, 1.5350421640935564e-23, nan 
2.625, 81.375, 1.0827229839747857e-23, nan 
2.875, 81.375, 1.1331907957406145e-23, nan 
3.125, 81.375, 1.2443641762283464e-23, nan 
3.375, 81.375, 1.1939637131652852e-23, nan 
3.625, 81.375, 1.2783668527733697e-23, nan 
3.875, 81.375, 1.358264369605866e-23, nan 
4.125, 81.375, 1.2280736360077626e-23, nan 
4.375, 81.375, 9.074207210475729e-24, nan 
4.625, 81.375, 8.976893079996478e-24, nan 
4.875, 81.375, 8.107124323290893e-24, nan 
5.125, 81.375, 5.880611061914128e-24, nan 
5.375, 81.375, 4.302213193920368e-24, nan 
5.625, 81.375, 4.347373169842233e-24, nan 
5.875, 81.375, 3.9272030334296596e-24, nan 
6.125, 81.375, 3.2880253460406434e-24, nan 
6.375, 81.375, 4.4637818932177595e-24, nan 
6.625, 81.375, 4.051179360060634e-24, nan 
6.875, 81.375, 4.298522456391379e-24, nan 
7.125, 81.375, 5.2205760802996854e-24, nan 
7.375, 81.375, 7.852193635338206e-24, nan 
7.625, 81.375, 1.027191093019691e-23, nan 
7.875, 81.375, 1.5042738411967632e-23, nan 
8.125, 81.375, 1.9920019085757877e-23, nan 
8.375, 81.375, 2.886620437894058e-23, nan 
8.625, 81.375, 3.4604121574120504e-23, nan 
8.875, 81.375, 3.494065110608622e-23, nan 
9.125, 81.375, 2.2994771463853338e-23, nan 
9.375, 81.375, 1.1372856139386428e-23, nan 
9.625, 81.375, 7.572311993280265e-24, nan 
9.875, 81.375, 6.2231487922323895e-24, nan 
10.125, 81.375, 6.958298546598517e-24, nan 
10.375, 81.375, 8.545510851508964e-24, nan 
10.625, 81.375, 1.1221058329594378e-23, nan 
10.875, 81.375, 1.472656230968209e-23, nan 
11.125, 81.375, 1.4481260044582418e-23, nan 
11.375, 81.375, 2.0369025144804595e-23, nan 
11.625, 81.375, 2.8501604119447296e-23, nan 
11.875, 81.375, 1.6545704889652433e-23, nan 
12.125, 81.375, 7.847657998607114e-24, nan 
12.375, 81.375, 4.478688165078249e-24, nan 
12.625, 81.375, 5.2226416011166245e-24, nan 
12.875, 81.375, 4.9851615641489125e-24, nan 
13.125, 81.375, 3.585475835662229e-24, nan 
13.375, 81.375, 3.1256169455618107e-24, nan 
13.625, 81.375, 3.293854845343748e-24, nan 
13.875, 81.375, 3.76575179219152e-24, nan 
14.125, 81.375, 4.33483003811255e-24, nan 
14.375, 81.375, 4.815998106953732e-24, nan 
14.625, 81.375, 4.860515418929474e-24, nan 
14.875, 81.375, 4.861890845640294e-24, nan 
15.125, 81.375, 5.718291914915174e-24, nan 
15.375, 81.375, 5.6469719816918115e-24, nan 
15.625, 81.375, 6.005994713786394e-24, nan 
15.875, 81.375, 6.2586463719268194e-24, nan 
16.125, 81.375, 5.313107988374239e-24, nan 
16.375, 81.375, 4.2733941449829895e-24, nan 
16.625, 81.375, 4.0802814811651e-24, nan 
16.875, 81.375, 5.473602690781765e-24, nan 
17.125, 81.375, 5.917330100044588e-24, nan 
17.375, 81.375, 7.6922550799578e-24, nan 
17.625, 81.375, 1.616298225000356e-23, nan 
17.875, 81.375, 1.887200905782176e-23, nan 
18.125, 81.375, 1.641862863983946e-23, nan 
18.375, 81.375, 1.3925564059317248e-23, nan 
18.625, 81.375, 1.2976829485847251e-23, nan 
18.875, 81.375, 7.869896231021824e-24, nan 
19.125, 81.375, 9.920711360138694e-24, nan 
19.375, 81.375, 2.587428695198636e-23, nan 
19.625, 81.375, 3.0277886504662424e-23, nan 
19.875, 81.375, 2.5713778415069758e-23, nan 
20.125, 81.375, 2.4141152628775213e-23, nan 
20.375, 81.375, 2.4526282948050075e-23, nan 
20.625, 81.375, 2.0591434317740732e-23, nan 
20.875, 81.375, 1.7035626375492903e-23, nan 
21.125, 81.375, 1.811764023587115e-23, nan 
21.375, 81.375, 2.780337492326275e-23, nan 
21.625, 81.375, 1.518204505294602e-23, nan 
21.875, 81.375, 1.8227917420444052e-23, nan 
22.125, 81.375, 3.407916699365238e-23, nan 
22.375, 81.375, 3.062963775042501e-23, nan 
22.625, 81.375, 2.2850532431582152e-23, nan 
22.875, 81.375, 2.5445457871215014e-23, nan 
23.125, 81.375, 3.1613131261055183e-23, nan 
23.375, 81.375, 2.4372429759236457e-23, nan 
23.625, 81.375, 2.0684805543116886e-23, nan 
23.875, 81.375, 4.768928648600015e-23, nan 
24.125, 81.375, 4.25710676124046e-23, nan 
24.375, 81.375, 2.5177211793949488e-23, nan 
24.625, 81.375, 2.673747745375812e-23, nan 
24.875, 81.375, 2.5310725342493806e-23, nan 
25.125, 81.375, 2.2093712631930252e-23, nan 
25.375, 81.375, 5.986741136717369e-24, nan 
25.625, 81.375, 1.5948295002210305e-23, nan 
25.875, 81.375, 1.799944765770603e-23, nan 
26.125, 81.375, 2.5043487509660568e-23, nan 
26.375, 81.375, 2.915543904957247e-23, nan 
26.625, 81.375, 3.032400055334406e-23, nan 
26.875, 81.375, 2.578107211330871e-23, nan 
27.125, 81.375, 2.0782455474454005e-23, nan 
27.375, 81.375, 1.7634800946265513e-23, nan 
27.625, 81.375, 1.7400695592801606e-23, nan 
27.875, 81.375, 2.5310844311598054e-23, nan 
28.125, 81.375, 2.4983687217458493e-23, nan 
28.375, 81.375, 3.121871446318499e-23, nan 
28.625, 81.375, 2.864717486568113e-23, nan 
28.875, 81.375, 2.87632156502446e-23, nan 
29.125, 81.375, 3.243102043838423e-23, nan 
29.375, 81.375, 2.3820342906793698e-23, nan 
29.625, 81.375, 4.738075621973084e-24, nan 
29.875, 81.375, 5.1728194734186904e-24, nan 
30.125, 81.375, 5.5130762278835514e-24, nan 
30.375, 81.375, 5.336097166012017e-24, nan 
30.625, 81.375, 4.6657559455917836e-24, nan 
30.875, 81.375, 5.6165856458861594e-24, nan 
31.125, 81.375, 6.542853131248267e-24, nan 
31.375, 81.375, 8.128989720729935e-24, nan 
31.625, 81.375, 1.0029605126106689e-23, nan 
31.875, 81.375, 1.179278032627419e-23, nan 
32.125, 81.375, 9.168366893270765e-24, nan 
32.375, 81.375, 7.731569216567396e-24, nan 
32.625, 81.375, 5.4575294261698885e-24, nan 
32.875, 81.375, 8.833398832268435e-24, nan 
33.125, 81.375, 1.1317504021235879e-23, nan 
33.375, 81.375, 1.5993128041680256e-23, nan 
33.625, 81.375, 1.4321001493280742e-23, nan 
33.875, 81.375, 8.88166994548007e-24, nan 
34.125, 81.375, 6.654083137395211e-24, nan 
34.375, 81.375, 1.1294746142213853e-23, nan 
34.625, 81.375, 1.5939550121481218e-23, nan 
34.875, 81.375, 2.185439171614268e-23, nan 
35.125, 81.375, 2.2328942572615426e-23, nan 
35.375, 81.375, 2.1982049246476896e-23, nan 
35.625, 81.375, 2.154984713014575e-23, nan 
35.875, 81.375, 2.566093506935626e-23, nan 
36.125, 81.375, 2.6747238838702564e-23, nan 
36.375, 81.375, 3.050353459262877e-23, nan 
36.625, 81.375, 3.972821021108119e-23, nan 
36.875, 81.375, 3.9789543614761203e-23, nan 
37.125, 81.375, 3.6471008081852616e-23, nan 
37.375, 81.375, 2.238742903950185e-23, nan 
37.625, 81.375, 2.3473003406381688e-23, nan 
37.875, 81.375, 2.2980662466974474e-23, nan 
38.125, 81.375, 1.64712753386125e-23, nan 
38.375, 81.375, 1.8665910098657082e-23, nan 
38.625, 81.375, 2.3268659013780834e-23, nan 
38.875, 81.375, 3.4639063989866544e-23, nan 
39.125, 81.375, 2.7598029913130805e-23, nan 
39.375, 81.375, 3.9277716326283597e-23, nan 
39.625, 81.375, 1.5174300146045036e-23, nan 
39.875, 81.375, 1.9050981584531872e-23, nan 
40.125, 81.375, 1.9998758526055282e-23, nan 
40.375, 81.375, 2.2817107465628243e-23, nan 
40.625, 81.375, 2.6066824616914606e-23, nan 
40.875, 81.375, 2.6883968958915635e-23, nan 
41.125, 81.375, 3.2994796261062476e-23, nan 
41.375, 81.375, 2.67108813026834e-23, nan 
41.625, 81.375, 3.2576058595304773e-23, nan 
41.875, 81.375, 3.3062399638562565e-23, nan 
42.125, 81.375, 3.270956520614999e-23, nan 
42.375, 81.375, 3.794624582087828e-23, nan 
42.625, 81.375, 3.8646838915379863e-23, nan 
42.875, 81.375, 3.777190119257992e-23, nan 
43.125, 81.375, 3.608518614220037e-23, nan 
43.375, 81.375, 3.604878063563444e-23, nan 
43.625, 81.375, 2.851906109588677e-23, nan 
43.875, 81.375, 2.818006810032668e-23, nan 
44.125, 81.375, 3.396600704488941e-23, nan 
44.375, 81.375, 3.8927635168849154e-23, nan 
44.625, 81.375, 4.6836607150270875e-23, nan 
44.875, 81.375, 4.792425987904233e-23, nan 
45.125, 81.375, 4.7020362100043926e-23, nan 
45.375, 81.375, 4.6001546289736926e-23, nan 
45.625, 81.375, 4.304901707373545e-23, nan 
45.875, 81.375, 2.962627624287177e-23, nan 
46.125, 81.375, 3.032948436611738e-23, nan 
46.375, 81.375, 4.4618360825843627e-23, nan 
46.625, 81.375, 4.6241094554890045e-23, nan 
46.875, 81.375, 4.612650475657892e-23, nan 
47.125, 81.375, 4.514902776434013e-23, nan 
47.375, 81.375, 4.448184898437693e-23, nan 
47.625, 81.375, 3.5420438708971877e-23, nan 
47.875, 81.375, 2.684147420379976e-23, nan 
48.125, 81.375, 2.3128335052151788e-23, nan 
48.375, 81.375, 2.119877812509062e-23, nan 
48.625, 81.375, 2.1677999739415566e-23, nan 
48.875, 81.375, 1.9763368184329834e-23, nan 
49.125, 81.375, 1.615682749553159e-23, nan 
49.375, 81.375, 1.1800835927156884e-23, nan 
49.625, 81.375, 7.117127977847886e-24, nan 
49.875, 81.375, 3.1920059394822764e-24, nan 
50.125, 81.375, 5.885714231718124e-24, nan 
50.375, 81.375, 7.323494612314144e-24, nan 
50.625, 81.375, 9.05234588039233e-24, nan 
50.875, 81.375, 9.202808516134451e-24, nan 
51.125, 81.375, 1.361808951580614e-23, nan 
51.375, 81.375, 4.8961214644520925e-24, nan 
51.625, 81.375, 1.927114141388422e-23, nan 
51.875, 81.375, 1.745736972786271e-23, nan 
52.125, 81.375, 1.9591384826277205e-23, nan 
52.375, 81.375, 1.785952786834734e-23, nan 
52.625, 81.375, 1.5866756187653685e-23, nan 
52.875, 81.375, 1.567357916568456e-23, nan 
53.125, 81.375, 2.114208781499043e-23, nan 
53.375, 81.375, 2.1032020771953293e-23, nan 
53.625, 81.375, 1.6661988464515052e-23, nan 
53.875, 81.375, 2.4771839944653928e-23, nan 
54.125, 81.375, 2.5052305511634882e-23, nan 
54.375, 81.375, 2.683702356950998e-23, nan 
54.625, 81.375, 2.6776007588542483e-23, nan 
54.875, 81.375, 2.717266943336166e-23, nan 
55.125, 81.375, 2.317444420775977e-23, nan 
55.375, 81.375, 2.2026707577970613e-23, nan 
55.625, 81.375, 1.4805959371447028e-23, nan 
55.875, 81.375, 1.8510320949458058e-23, nan 
56.125, 81.375, 2.0181763033143026e-23, nan 
56.375, 81.375, 2.0832422341525326e-23, nan 
56.625, 81.375, 2.115578854298696e-23, nan 
56.875, 81.375, 2.0464220880008454e-23, nan 
57.125, 81.375, 2.104939259482543e-23, nan 
57.375, 81.375, 1.7285077475847453e-23, nan 
57.625, 81.375, 1.3906364592618305e-23, nan 
57.875, 81.375, 1.0767213137391381e-23, nan 
58.125, 81.375, 8.997138531307365e-24, nan 
58.375, 81.375, 1.0121750966972741e-23, nan 
58.625, 81.375, 1.0975447043080953e-23, nan 
58.875, 81.375, 1.3104745555963732e-23, nan 
59.125, 81.375, 1.5624926920879934e-23, nan 
59.375, 81.375, 1.3141244428665344e-23, nan 
59.625, 81.375, 7.42701886521667e-24, nan 
59.875, 81.375, 7.378232387098258e-24, nan 
60.125, 81.375, 9.23316838770957e-24, nan 
60.375, 81.375, 8.349268930683396e-24, nan 
60.625, 81.375, 9.753847827148321e-24, nan 
60.875, 81.375, 7.30096196699524e-24, nan 
61.125, 81.375, 7.280658084226773e-24, nan 
61.375, 81.375, 8.991083151519511e-24, nan 
61.625, 81.375, 8.590918763882665e-24, nan 
61.875, 81.375, 9.661983517115551e-24, nan 
62.125, 81.375, 1.0349994942785413e-23, nan 
62.375, 81.375, 1.0623943315798806e-23, nan 
62.625, 81.375, 1.0001601709017131e-23, nan 
62.875, 81.375, 9.257378205603655e-24, nan 
63.125, 81.375, 1.063795743260571e-23, nan 
63.375, 81.375, 8.24012440633745e-24, nan 
63.625, 81.375, 8.513332726744684e-24, nan 
63.875, 81.375, 7.908130893886813e-24, nan 
64.125, 81.375, 8.129840741089945e-24, nan 
64.375, 81.375, 7.721444884600276e-24, nan 
64.625, 81.375, 7.74942619495349e-24, nan 
64.875, 81.375, 8.508706930524835e-24, nan 
65.125, 81.375, 8.74579015040088e-24, nan 
65.375, 81.375, 1.0722696237357492e-23, nan 
65.625, 81.375, 5.335002479534169e-24, nan 
65.875, 81.375, 5.498880905670196e-24, nan 
66.125, 81.375, 3.893553811316704e-24, nan 
66.375, 81.375, 3.4491379759739436e-24, nan 
66.625, 81.375, 3.1706423073439502e-24, nan 
66.875, 81.375, 3.455611342106416e-24, nan 
67.125, 81.375, 8.53090267972063e-24, nan 
67.375, 81.375, 9.04192602926601e-24, nan 
67.625, 81.375, 8.199835865245514e-24, nan 
67.875, 81.375, 9.997933994572797e-24, nan 
68.125, 81.375, 7.357361030117248e-24, nan 
68.375, 81.375, 8.068227228719972e-24, nan 
68.625, 81.375, 4.553265759343193e-24, nan 
68.875, 81.375, 1.0062400646881498e-23, nan 
69.125, 81.375, 1.1068746269084246e-23, nan 
69.375, 81.375, 1.3118371321291205e-23, nan 
69.625, 81.375, 1.641811707590728e-23, nan 
69.875, 81.375, 1.5007117943732438e-23, nan 
70.125, 81.375, 1.7526578048419118e-23, nan 
70.375, 81.375, 1.2836108234402874e-23, nan 
70.625, 81.375, 1.1099024708858728e-23, nan 
70.875, 81.375, 9.96139664468282e-24, nan 
71.125, 81.375, 8.23690161134408e-24, nan 
71.375, 81.375, 8.37525867444764e-24, nan 
71.625, 81.375, 8.837585984585146e-24, nan 
71.875, 81.375, 9.844643973335776e-24, nan 
72.125, 81.375, 6.879403843090654e-24, nan 
72.375, 81.375, 5.767926568405493e-24, nan 
-103.375, 81.625, 4.8110835585334825e-23, nan 
-103.125, 81.625, 4.775982772503171e-23, nan 
-102.875, 81.625, 4.1083047945720446e-23, nan 
-102.625, 81.625, 3.6501455157051976e-23, nan 
-102.375, 81.625, 2.010021673480294e-23, nan 
-102.125, 81.625, 1.348176976401918e-23, nan 
-101.875, 81.625, 1.9932898705154618e-23, nan 
-101.625, 81.625, 3.240678146802412e-23, nan 
-101.375, 81.625, 4.448123821213936e-23, nan 
-101.125, 81.625, 4.350485839158397e-23, nan 
-100.875, 81.625, 4.7136199603687476e-23, nan 
-100.625, 81.625, 3.135099283132176e-23, nan 
-100.375, 81.625, 3.720565980978689e-23, nan 
-100.125, 81.625, 3.525632156623381e-23, nan 
-99.875, 81.625, 3.336991212709325e-23, nan 
-99.625, 81.625, 3.799281880584622e-23, nan 
-99.375, 81.625, 3.568045119765438e-23, nan 
-99.125, 81.625, 3.827475097791806e-23, nan 
-98.875, 81.625, 2.938076203501869e-23, nan 
-98.625, 81.625, 2.886882618887437e-23, nan 
-98.375, 81.625, 2.8344888084268834e-23, nan 
-98.125, 81.625, 2.6206963249990364e-23, nan 
-97.875, 81.625, 2.7138314925865115e-23, nan 
-97.625, 81.625, 2.7596541270526706e-23, nan 
-97.375, 81.625, 3.1205614658422127e-23, nan 
-97.125, 81.625, 2.755517570780126e-23, nan 
-96.875, 81.625, 2.8922926724027293e-23, nan 
-96.625, 81.625, 3.2202339224716914e-23, nan 
-96.375, 81.625, 4.037790340072546e-23, nan 
-96.125, 81.625, 8.739294291209668e-23, nan 
-95.875, 81.625, 1.2608690838269708e-22, nan 
-95.625, 81.625, 1.8544461237435342e-22, nan 
-95.375, 81.625, 2.1565135439194657e-22, nan 
-95.125, 81.625, 1.990441326518985e-22, nan 
-94.875, 81.625, 1.9536494515166984e-22, nan 
-94.625, 81.625, 1.805634274303436e-22, nan 
-94.375, 81.625, 1.8442158725986012e-22, nan 
-94.125, 81.625, 1.675518872191613e-22, nan 
-93.875, 81.625, 1.879003908494375e-22, nan 
-93.625, 81.625, 1.8618245261594304e-22, nan 
-93.375, 81.625, 1.8262361327927126e-22, nan 
-93.125, 81.625, 1.8134063756920522e-22, nan 
-92.875, 81.625, 1.4958202698895798e-22, nan 
-92.625, 81.625, 1.427049863141617e-22, nan 
-92.375, 81.625, 1.404089922844461e-22, nan 
-92.125, 81.625, 2.3273134227338223e-22, nan 
-91.875, 81.625, 1.9633431647465084e-22, nan 
-91.625, 81.625, 1.5549230171671605e-22, nan 
-91.375, 81.625, 1.9572457755970968e-22, nan 
-91.125, 81.625, 1.4852991215133468e-22, nan 
-90.875, 81.625, 1.781008727146955e-22, nan 
-90.625, 81.625, 1.8061949261899587e-22, nan 
-90.375, 81.625, 2.2357438119460625e-22, nan 
-90.125, 81.625, 1.8368429554465083e-22, nan 
-89.875, 81.625, 1.6803709192448905e-22, nan 
-89.625, 81.625, 1.8164447196858022e-22, nan 
-89.375, 81.625, 2.0530984500394493e-22, nan 
-89.125, 81.625, 2.340577485785119e-22, nan 
-88.875, 81.625, 2.376291950648672e-22, nan 
-88.625, 81.625, 2.609879151640043e-22, nan 
-88.375, 81.625, 2.3724671399278753e-22, nan 
-88.125, 81.625, 2.8772914863119467e-22, nan 
-87.875, 81.625, 3.1147178007466717e-22, nan 
-87.625, 81.625, 3.6511586209508043e-22, nan 
-87.375, 81.625, 2.0348860462099389e-22, nan 
-87.125, 81.625, 1.9833180985936713e-22, nan 
-86.875, 81.625, 2.386770616266084e-22, nan 
-86.625, 81.625, 2.607534123182881e-22, nan 
-86.375, 81.625, 3.785760119486028e-22, nan 
-86.125, 81.625, 3.945908904495759e-22, nan 
-85.875, 81.625, 3.9847952572919533e-22, nan 
-85.625, 81.625, 3.2482397668708915e-22, nan 
-85.375, 81.625, 3.5917252724664893e-22, nan 
-85.125, 81.625, 3.7105020920424146e-22, nan 
-84.875, 81.625, 2.819284387712614e-22, nan 
-84.625, 81.625, 3.808423390661364e-22, nan 
-84.375, 81.625, 4.0838273057183056e-22, nan 
-84.125, 81.625, 4.029033354090701e-22, nan 
-83.875, 81.625, 3.439534159412001e-22, nan 
-83.625, 81.625, 4.146738948397096e-22, nan 
-83.375, 81.625, 4.0384156665496043e-22, nan 
-83.125, 81.625, 3.6202352525918023e-22, nan 
-82.875, 81.625, 3.11519741930941e-22, nan 
-82.625, 81.625, 1.515840931091589e-22, nan 
-82.375, 81.625, 1.523091295375522e-22, nan 
-82.125, 81.625, 1.021643767930628e-22, nan 
-81.875, 81.625, 8.749378704025796e-23, nan 
-81.625, 81.625, 9.131447291309156e-23, nan 
-81.375, 81.625, 7.405132067879671e-23, nan 
-81.125, 81.625, 7.727311659216716e-23, nan 
-80.875, 81.625, 8.566311406415181e-23, nan 
-80.625, 81.625, 8.599996838831135e-23, nan 
-80.375, 81.625, 9.016521995782068e-23, nan 
-80.125, 81.625, 9.091496363303872e-23, nan 
-79.875, 81.625, 9.34273798924731e-23, nan 
-79.625, 81.625, 7.892519156007346e-23, nan 
-79.375, 81.625, 6.382342991865438e-23, nan 
-79.125, 81.625, 6.929622336099054e-23, nan 
-78.875, 81.625, 1.0017486104018902e-22, nan 
-78.625, 81.625, 1.2432079107423423e-22, nan 
-78.375, 81.625, 1.2907862624153989e-22, nan 
-78.125, 81.625, 1.3070686687893194e-22, nan 
-77.875, 81.625, 1.4052578497120836e-22, nan 
-77.625, 81.625, 1.466266431009986e-22, nan 
-77.375, 81.625, 1.9559658258092008e-22, nan 
-77.125, 81.625, 1.128585585935017e-22, nan 
-76.875, 81.625, 1.213644065506382e-22, nan 
-76.625, 81.625, 1.2295686993707094e-22, nan 
-76.375, 81.625, 1.1923516885559944e-22, nan 
-76.125, 81.625, 1.251619656086854e-22, nan 
-75.875, 81.625, 1.3543448487798876e-22, nan 
-75.625, 81.625, 1.6601893382985516e-22, nan 
-75.375, 81.625, 1.0865405581637211e-22, nan 
-75.125, 81.625, 1.290976149729353e-22, nan 
-74.875, 81.625, 1.524980850136491e-22, nan 
-74.625, 81.625, 1.572510321577181e-22, nan 
-74.375, 81.625, 2.0126432316472437e-22, nan 
-74.125, 81.625, 2.327096313551667e-22, nan 
-73.875, 81.625, 2.2204113635911856e-22, nan 
-73.625, 81.625, 2.193674412732411e-22, nan 
-73.375, 81.625, 2.1548770425743697e-22, nan 
-73.125, 81.625, 2.1951833278976344e-22, nan 
-72.875, 81.625, 2.060307610865213e-22, nan 
-72.625, 81.625, 2.1976820269339056e-22, nan 
-72.375, 81.625, 3.0058719086222e-22, nan 
-72.125, 81.625, 4.0191770428914556e-22, nan 
-71.875, 81.625, 4.42268462720687e-22, nan 
-71.625, 81.625, 4.417606568338182e-22, nan 
-71.375, 81.625, 4.642979150415156e-22, nan 
-71.125, 81.625, 4.850544345832965e-22, nan 
-70.875, 81.625, 4.348245526262565e-22, nan 
-70.625, 81.625, 4.0076986680706227e-22, nan 
-70.375, 81.625, 4.943043283811356e-22, nan 
-70.125, 81.625, 4.85638278257362e-22, nan 
-69.875, 81.625, 4.445077326240074e-22, nan 
-69.625, 81.625, 4.1202710022787227e-22, nan 
-69.375, 81.625, 3.8104295765766586e-22, nan 
-69.125, 81.625, 3.0402977821591976e-22, nan 
-68.875, 81.625, 1.877916516550885e-22, nan 
-68.625, 81.625, 5.859083361077158e-23, nan 
-68.375, 81.625, 2.502551408711926e-23, nan 
-68.125, 81.625, 1.5568582172825112e-23, nan 
-67.875, 81.625, 9.229613020210173e-24, nan 
-67.625, 81.625, 1.7854874857878086e-23, nan 
-67.375, 81.625, 3.6154880874651364e-23, nan 
-67.125, 81.625, 3.7366478082990387e-23, nan 
-66.875, 81.625, 4.157786285261558e-23, nan 
-66.625, 81.625, 3.8514314524167175e-23, nan 
-66.375, 81.625, 3.0227523779961453e-23, nan 
-66.125, 81.625, 2.2005656821848662e-23, nan 
-65.875, 81.625, 3.075036713558968e-23, nan 
-65.625, 81.625, 3.635115996250737e-23, nan 
-65.375, 81.625, 3.360629036517601e-23, nan 
-65.125, 81.625, 3.760922848674216e-23, nan 
-64.875, 81.625, 3.705066949054296e-23, nan 
-64.625, 81.625, 3.5787688356955045e-23, nan 
-64.375, 81.625, 3.4074498358277625e-23, nan 
-64.125, 81.625, 3.9718283322783336e-23, nan 
-63.875, 81.625, 4.5088639274168277e-23, nan 
-63.625, 81.625, 5.438058204959244e-23, nan 
-63.375, 81.625, 6.206266014027968e-23, nan 
-63.125, 81.625, 6.278199419402819e-23, nan 
-62.875, 81.625, 6.030159449013745e-23, nan 
-62.625, 81.625, 6.125817053740056e-23, nan 
-62.375, 81.625, 6.771738151992599e-23, nan 
-62.125, 81.625, 6.723906465073522e-23, nan 
-61.875, 81.625, 6.867238043703179e-23, nan 
-61.625, 81.625, 7.706953173327484e-23, nan 
-61.375, 81.625, 9.335497906145511e-23, nan 
-61.125, 81.625, 1.0951408986982296e-22, nan 
-60.875, 81.625, 1.582477757634508e-22, nan 
-60.625, 81.625, 2.0380428773671433e-22, nan 
-60.375, 81.625, 2.162479000192459e-22, nan 
-60.125, 81.625, 2.0869395377032477e-22, nan 
-59.875, 81.625, 1.9475638901241858e-22, nan 
-59.625, 81.625, 1.8437698248504157e-22, nan 
-59.375, 81.625, 1.8227745232838174e-22, nan 
-59.125, 81.625, 1.8079381827094103e-22, nan 
-58.875, 81.625, 2.2815637538874633e-22, nan 
-58.625, 81.625, 2.3535591691041115e-22, nan 
-58.375, 81.625, 2.1306972199927866e-22, nan 
-58.125, 81.625, 1.8067243280731934e-22, nan 
-57.875, 81.625, 1.5839964081262058e-22, nan 
-57.625, 81.625, 1.464553668186323e-22, nan 
-57.375, 81.625, 9.121415896488966e-23, nan 
-57.125, 81.625, 5.045883306829765e-23, nan 
-56.875, 81.625, 3.5135396310114254e-23, nan 
-56.625, 81.625, 3.047758385915686e-23, nan 
-56.375, 81.625, 3.426892291539039e-23, nan 
-56.125, 81.625, 3.4934822450342085e-23, nan 
-55.875, 81.625, 2.3794150889078652e-23, nan 
-55.625, 81.625, 2.6804977272768573e-23, nan 
-55.375, 81.625, 4.3317518305178216e-23, nan 
-55.125, 81.625, 3.69225068664514e-23, nan 
-54.875, 81.625, 2.738447546369081e-23, nan 
-54.625, 81.625, 2.826144641015589e-23, nan 
-54.375, 81.625, 2.702197970423118e-23, nan 
-54.125, 81.625, 2.11774011456976e-23, nan 
-53.875, 81.625, 1.3810505284719598e-23, nan 
-53.625, 81.625, 1.3230091289310847e-23, nan 
-53.375, 81.625, 1.0307908481242176e-23, nan 
-53.125, 81.625, 1.0392581284307748e-23, nan 
-52.875, 81.625, 1.2972151959863444e-23, nan 
-52.625, 81.625, 1.4089823502744182e-23, nan 
-52.375, 81.625, 1.014082081644632e-23, nan 
-52.125, 81.625, 9.831449986971626e-24, nan 
-51.875, 81.625, 1.0261279302319484e-23, nan 
-51.625, 81.625, 9.783434423369943e-24, nan 
-51.375, 81.625, 1.4853615440134653e-23, nan 
-51.125, 81.625, 1.352778480842019e-23, nan 
-50.875, 81.625, 1.443375414268294e-23, nan 
-50.625, 81.625, 1.84037119785967e-23, nan 
-50.375, 81.625, 1.5271428929044785e-23, nan 
-50.125, 81.625, 1.5450643068704481e-23, nan 
-49.875, 81.625, 1.6096821939146613e-23, nan 
-49.625, 81.625, 1.4712875519137706e-23, nan 
-49.375, 81.625, 1.4454904188038624e-23, nan 
-49.125, 81.625, 1.4212988866098515e-23, nan 
-48.875, 81.625, 1.6834239823514643e-23, nan 
-48.625, 81.625, 1.7751917904575067e-23, nan 
-48.375, 81.625, 2.44330780727139e-23, nan 
-48.125, 81.625, 3.2127222454476795e-23, nan 
-47.875, 81.625, 3.941374891503308e-23, nan 
-47.625, 81.625, 4.120831396996813e-23, nan 
-47.375, 81.625, 4.6457218731572045e-23, nan 
-47.125, 81.625, 6.040236759661261e-23, nan 
-46.875, 81.625, 6.762890896416357e-23, nan 
-46.625, 81.625, 7.021139166497392e-23, nan 
-46.375, 81.625, 7.228453229294695e-23, nan 
-46.125, 81.625, 6.78328418128121e-23, nan 
-45.875, 81.625, 7.44776318597027e-23, nan 
-45.625, 81.625, 7.555380198798083e-23, nan 
-45.375, 81.625, 7.56094938330538e-23, nan 
-45.125, 81.625, 8.075404225470103e-23, nan 
-44.875, 81.625, 7.492840855235144e-23, nan 
-44.625, 81.625, 6.417469928478003e-23, nan 
-44.375, 81.625, 5.725770377801667e-23, nan 
-44.125, 81.625, 6.770328269561586e-23, nan 
-43.875, 81.625, 6.641552872397767e-23, nan 
-43.625, 81.625, 5.552235715191781e-23, nan 
-43.375, 81.625, 6.19498965381215e-23, nan 
-43.125, 81.625, 5.2591005443812343e-23, nan 
-42.875, 81.625, 4.498538010198416e-23, nan 
-42.625, 81.625, 4.505889335867175e-23, nan 
-42.375, 81.625, 3.9495410567122545e-23, nan 
-42.125, 81.625, 3.8488849878692896e-23, nan 
-41.875, 81.625, 3.8233716985319455e-23, nan 
-41.625, 81.625, 5.284996636952127e-23, nan 
-41.375, 81.625, 4.7277215768294904e-23, nan 
-41.125, 81.625, 4.465104959271353e-23, nan 
-40.875, 81.625, 4.7020775057110846e-23, nan 
-40.625, 81.625, 4.492183617832203e-23, nan 
-40.375, 81.625, 4.182922489231233e-23, nan 
-40.125, 81.625, 4.939646290863082e-23, nan 
-39.875, 81.625, 9.483339572518485e-23, nan 
-39.625, 81.625, 9.086779117773401e-23, nan 
-39.375, 81.625, 5.691075555657951e-23, nan 
-39.125, 81.625, 6.957903766076534e-23, nan 
-38.875, 81.625, 5.485136230665486e-23, nan 
-38.625, 81.625, 5.101905103639674e-23, nan 
-38.375, 81.625, 6.89049902693642e-23, nan 
-38.125, 81.625, 7.091877812645152e-23, nan 
-37.875, 81.625, 6.522478159918199e-23, nan 
-37.625, 81.625, 3.447521985038921e-23, nan 
-37.375, 81.625, 3.348642301918995e-23, nan 
-37.125, 81.625, 3.431772152639539e-23, nan 
-36.875, 81.625, 3.8488435923408635e-23, nan 
-36.625, 81.625, 4.317041399695659e-23, nan 
-36.375, 81.625, 5.425421689790574e-23, nan 
-36.125, 81.625, 4.304796387375261e-23, nan 
-35.875, 81.625, 4.856597812023448e-23, nan 
-35.625, 81.625, 4.8504222827929337e-23, nan 
-35.375, 81.625, 3.355092538648644e-23, nan 
-35.125, 81.625, 3.562965964223864e-23, nan 
-34.875, 81.625, 4.9915207851295806e-23, nan 
-34.625, 81.625, 6.42623998247817e-23, nan 
-34.375, 81.625, 5.0165602205153673e-23, nan 
-34.125, 81.625, 1.7811453843109252e-23, nan 
-33.875, 81.625, 2.6220901167003487e-23, nan 
-33.625, 81.625, 4.583137086978305e-23, nan 
-33.375, 81.625, 3.950362963838899e-23, nan 
-33.125, 81.625, 5.591999038342561e-23, nan 
-32.875, 81.625, 8.46510648067223e-23, nan 
-32.625, 81.625, 8.714887340411688e-23, nan 
-32.375, 81.625, 6.095640959897928e-23, nan 
-32.125, 81.625, 7.138083031783193e-23, nan 
-31.875, 81.625, 8.166155046883912e-23, nan 
-31.625, 81.625, 6.498572024578847e-23, nan 
-31.375, 81.625, 6.441668974189761e-23, nan 
-31.125, 81.625, 7.274603091809276e-23, nan 
-30.875, 81.625, 6.49737335822068e-23, nan 
-30.625, 81.625, 3.857167622711361e-23, nan 
-30.375, 81.625, 3.1404716641336955e-23, nan 
-30.125, 81.625, 2.0893909640168286e-23, nan 
-29.875, 81.625, 1.8117385819963064e-23, nan 
-29.625, 81.625, 1.7922520580946235e-23, nan 
-29.375, 81.625, 1.828315037069686e-23, nan 
-29.125, 81.625, 2.4966972825893016e-23, nan 
-28.875, 81.625, 3.527923631234059e-23, nan 
-28.625, 81.625, 2.716995833968345e-23, nan 
-28.375, 81.625, 2.81438134832915e-23, nan 
-28.125, 81.625, 3.5641905553031403e-23, nan 
-27.875, 81.625, 4.3049770959318233e-23, nan 
-27.625, 81.625, 3.524073579555469e-23, nan 
-27.375, 81.625, 2.709019775863052e-23, nan 
-27.125, 81.625, 3.1641540716818203e-23, nan 
-26.875, 81.625, 2.769337814282644e-23, nan 
-26.625, 81.625, 2.5843976835301162e-23, nan 
-26.375, 81.625, 6.336238476404675e-23, nan 
-26.125, 81.625, 8.50935161864909e-23, nan 
-25.875, 81.625, 6.816449872209397e-23, nan 
-25.625, 81.625, 6.567723888175447e-23, nan 
-25.375, 81.625, 7.395638266526166e-23, nan 
-25.125, 81.625, 6.990430402022051e-23, nan 
-24.875, 81.625, 4.231613360228767e-23, nan 
-24.625, 81.625, 5.047634866446949e-23, nan 
-24.375, 81.625, 6.056433779045951e-23, nan 
-24.125, 81.625, 5.173150138162973e-23, nan 
-23.875, 81.625, 2.3441102074910748e-23, nan 
-23.625, 81.625, 1.9557157076436934e-23, nan 
-23.375, 81.625, 1.7528229747143868e-23, nan 
-23.125, 81.625, 2.6753159715734086e-23, nan 
-22.875, 81.625, 2.939928087586709e-23, nan 
-22.625, 81.625, 1.0181664787114041e-23, nan 
-22.375, 81.625, 1.0633359560510853e-23, nan 
-22.125, 81.625, 1.6865554077820273e-23, nan 
-21.875, 81.625, 1.8657802754963937e-23, nan 
-21.625, 81.625, 2.4777908043622162e-23, nan 
-21.375, 81.625, 5.189245426967489e-23, nan 
-21.125, 81.625, 6.204556826671971e-23, nan 
-20.875, 81.625, 4.0432833012928336e-23, nan 
-20.625, 81.625, 4.1579715892294014e-23, nan 
-20.375, 81.625, 3.480235675633915e-23, nan 
-20.125, 81.625, 2.5075687386649184e-23, nan 
-19.875, 81.625, 2.5723909453642915e-23, nan 
-19.625, 81.625, 3.908870976076862e-23, nan 
-19.375, 81.625, 4.3141985187658524e-23, nan 
-19.125, 81.625, 2.4192627709465258e-23, nan 
-18.875, 81.625, 1.5603565537639324e-23, nan 
-18.625, 81.625, 1.1276018757326408e-23, nan 
-18.375, 81.625, 1.0664911986086139e-23, nan 
-18.125, 81.625, 1.0974415623876869e-23, nan 
-17.875, 81.625, 1.5475940929369554e-23, nan 
-17.625, 81.625, 3.4225413220030933e-23, nan 
-17.375, 81.625, 3.444699549932023e-23, nan 
-17.125, 81.625, 1.2536255220195164e-23, nan 
-16.875, 81.625, 6.008654533275657e-24, nan 
-16.625, 81.625, 9.458973155686749e-24, nan 
-16.375, 81.625, 9.363493041175628e-24, nan 
-16.125, 81.625, 2.933952097726088e-23, nan 
-15.875, 81.625, 6.172288550704263e-23, nan 
-15.625, 81.625, 6.2688232300915e-23, nan 
-15.375, 81.625, 3.7402675117062434e-23, nan 
-15.125, 81.625, 2.079427284108999e-23, nan 
-14.875, 81.625, 1.558999021924334e-23, nan 
-14.625, 81.625, 1.3634321998237342e-23, nan 
-14.375, 81.625, 2.4967228775689933e-23, nan 
-14.125, 81.625, 4.512876374708228e-23, nan 
-13.875, 81.625, 4.774253063256004e-23, nan 
-13.625, 81.625, 2.8958640194742893e-23, nan 
-13.375, 81.625, 1.420173293924408e-23, nan 
-13.125, 81.625, 1.1468418505536472e-23, nan 
-12.875, 81.625, 1.0622826881517923e-23, nan 
-12.625, 81.625, 9.802736745988044e-24, nan 
-12.375, 81.625, 9.249240171009026e-24, nan 
-12.125, 81.625, 1.0654742332487132e-23, nan 
-11.875, 81.625, 1.0515544318253092e-23, nan 
-11.625, 81.625, 8.142607545132609e-24, nan 
-11.375, 81.625, 7.961860324007848e-24, nan 
-11.125, 81.625, 8.523469406904218e-24, nan 
-10.875, 81.625, 1.0800073554257125e-23, nan 
-10.625, 81.625, 4.307649861861525e-24, nan 
-10.375, 81.625, 7.253680120862785e-24, nan 
-10.125, 81.625, 1.0616911100636623e-23, nan 
-9.875, 81.625, 8.884085457242308e-24, nan 
-9.625, 81.625, 8.471726939370081e-24, nan 
-9.375, 81.625, 9.846902362576724e-24, nan 
-9.125, 81.625, 1.421549296093144e-23, nan 
-8.875, 81.625, 1.5715103344023e-23, nan 
-8.625, 81.625, 1.615645849803909e-23, nan 
-8.375, 81.625, 1.5303785540247073e-23, nan 
-8.125, 81.625, 1.1552059629301824e-23, nan 
-7.875, 81.625, 1.0957992636378725e-23, nan 
-7.625, 81.625, 1.1145601794708867e-23, nan 
-7.375, 81.625, 1.3227901801511639e-23, nan 
-7.125, 81.625, 1.0961886027867364e-23, nan 
-6.875, 81.625, 1.088483569145853e-23, nan 
-6.625, 81.625, 9.99250488752725e-24, nan 
-6.375, 81.625, 9.424164795339776e-24, nan 
-6.125, 81.625, 7.929172317512891e-24, nan 
-5.875, 81.625, 6.85987865394365e-24, nan 
-5.625, 81.625, 6.651200689489546e-24, nan 
-5.375, 81.625, 6.800442341684587e-24, nan 
-5.125, 81.625, 5.031034751537872e-24, nan 
-4.875, 81.625, 4.425110114691244e-24, nan 
-4.625, 81.625, 4.9306124695820634e-24, nan 
-4.375, 81.625, 7.157809208930755e-24, nan 
-4.125, 81.625, 1.0067309234140608e-23, nan 
-3.875, 81.625, 1.0151055970549362e-23, nan 
-3.625, 81.625, 1.1760806664579033e-23, nan 
-3.375, 81.625, 1.2290397439209422e-23, nan 
-3.125, 81.625, 1.0445167880505977e-23, nan 
-2.875, 81.625, 9.177431978137775e-24, nan 
-2.625, 81.625, 9.513624332483219e-24, nan 
-2.375, 81.625, 1.0301035770155661e-23, nan 
-2.125, 81.625, 9.237658684571131e-24, nan 
-1.875, 81.625, 8.004328779719303e-24, nan 
-1.625, 81.625, 7.707117418061538e-24, nan 
-1.375, 81.625, 7.468672799437754e-24, nan 
-1.125, 81.625, 6.4804928396064825e-24, nan 
-0.875, 81.625, 5.884595695088249e-24, nan 
-0.625, 81.625, 4.893112892332613e-24, nan 
-0.375, 81.625, 4.380180694653582e-24, nan 
-0.125, 81.625, 4.5139534827629545e-24, nan 
0.125, 81.625, 6.145652974451294e-24, nan 
0.375, 81.625, 9.427427182819606e-24, nan 
0.625, 81.625, 8.022471040895435e-24, nan 
0.875, 81.625, 6.4495768621033865e-24, nan 
1.125, 81.625, 8.498673494587031e-24, nan 
1.375, 81.625, 8.530875562031791e-24, nan 
1.625, 81.625, 8.706168617305137e-24, nan 
1.875, 81.625, 1.030841989014376e-23, nan 
2.125, 81.625, 1.209590895252722e-23, nan 
2.375, 81.625, 1.1395498677529139e-23, nan 
2.625, 81.625, 8.242187451200265e-24, nan 
2.875, 81.625, 7.976952662710565e-24, nan 
3.125, 81.625, 8.585394143754199e-24, nan 
3.375, 81.625, 8.067723026868583e-24, nan 
3.625, 81.625, 8.066616830205497e-24, nan 
3.875, 81.625, 6.5652344843889605e-24, nan 
4.125, 81.625, 6.3703563806391734e-24, nan 
4.375, 81.625, 5.134865733531286e-24, nan 
4.625, 81.625, 4.083475268415846e-24, nan 
4.875, 81.625, 3.200385593865057e-24, nan 
5.125, 81.625, 3.1234852749906688e-24, nan 
5.375, 81.625, 2.9506769149764758e-24, nan 
5.625, 81.625, 3.435356110893982e-24, nan 
5.875, 81.625, 4.767686767983898e-24, nan 
6.125, 81.625, 5.577811905408393e-24, nan 
6.375, 81.625, 4.505565843447054e-24, nan 
6.625, 81.625, 3.7847477379082486e-24, nan 
6.875, 81.625, 4.316903181764267e-24, nan 
7.125, 81.625, 4.704173118142784e-24, nan 
7.375, 81.625, 5.758852282601059e-24, nan 
7.625, 81.625, 7.430436597104227e-24, nan 
7.875, 81.625, 7.19712969564506e-24, nan 
8.125, 81.625, 5.099432535286134e-24, nan 
8.375, 81.625, 4.2456191135117756e-24, nan 
8.625, 81.625, 4.072707526208947e-24, nan 
8.875, 81.625, 4.306761430878053e-24, nan 
9.125, 81.625, 3.1805707506886944e-24, nan 
9.375, 81.625, 3.3000778013385898e-24, nan 
9.625, 81.625, 4.39789873505872e-24, nan 
9.875, 81.625, 5.839040214919968e-24, nan 
10.125, 81.625, 6.409539594978924e-24, nan 
10.375, 81.625, 5.586355644842038e-24, nan 
10.625, 81.625, 6.667854749559426e-24, nan 
10.875, 81.625, 7.07386939166117e-24, nan 
11.125, 81.625, 6.66916070349231e-24, nan 
11.375, 81.625, 4.466322390468748e-24, nan 
11.625, 81.625, 4.7751866748652534e-24, nan 
11.875, 81.625, 4.521115736021715e-24, nan 
12.125, 81.625, 4.148778875547675e-24, nan 
12.375, 81.625, 3.948321307892554e-24, nan 
12.625, 81.625, 3.566110045100728e-24, nan 
12.875, 81.625, 3.511059414895551e-24, nan 
13.125, 81.625, 3.914725129216493e-24, nan 
13.375, 81.625, 4.84732537951312e-24, nan 
13.625, 81.625, 4.978169995088362e-24, nan 
13.875, 81.625, 4.366707487956952e-24, nan 
14.125, 81.625, 4.078317934030929e-24, nan 
14.375, 81.625, 4.509915261919921e-24, nan 
14.625, 81.625, 4.067403223203777e-24, nan 
14.875, 81.625, 3.5881640499211035e-24, nan 
15.125, 81.625, 4.631294447011816e-24, nan 
15.375, 81.625, 4.315042374396398e-24, nan 
15.625, 81.625, 3.419332443838165e-24, nan 
15.875, 81.625, 2.893167203897469e-24, nan 
16.125, 81.625, 2.827169049814793e-24, nan 
16.375, 81.625, 2.4675533263765628e-24, nan 
16.625, 81.625, 2.935576226832044e-24, nan 
16.875, 81.625, 2.2400397065403068e-24, nan 
17.125, 81.625, 2.214964895092256e-24, nan 
17.375, 81.625, 2.5930713632991938e-24, nan 
17.625, 81.625, 2.3981403720086127e-24, nan 
17.875, 81.625, 2.1466991531450775e-24, nan 
18.125, 81.625, 2.5592618571988857e-24, nan 
18.375, 81.625, 4.764548094544207e-24, nan 
18.625, 81.625, 5.492341649437278e-24, nan 
18.875, 81.625, 5.5506649896999654e-24, nan 
19.125, 81.625, 8.072991404289766e-24, nan 
19.375, 81.625, 1.5989403932927353e-23, nan 
19.625, 81.625, 1.8313414802520704e-23, nan 
19.875, 81.625, 1.613966710594004e-23, nan 
20.125, 81.625, 1.4779668830622614e-23, nan 
20.375, 81.625, 1.464660221469769e-23, nan 
20.625, 81.625, 7.10785768311162e-24, nan 
20.875, 81.625, 8.943304531731086e-24, nan 
21.125, 81.625, 4.329714828334723e-24, nan 
21.375, 81.625, 3.2708522866733923e-24, nan 
21.625, 81.625, 3.614886060359975e-24, nan 
21.875, 81.625, 3.273928939047996e-24, nan 
22.125, 81.625, 2.998927913925287e-24, nan 
22.375, 81.625, 2.7376293350787963e-24, nan 
22.625, 81.625, 3.329014964582723e-24, nan 
22.875, 81.625, 8.745811583673868e-24, nan 
23.125, 81.625, 2.3735822594148302e-23, nan 
23.375, 81.625, 1.0626770713236846e-23, nan 
23.625, 81.625, 2.194861729568293e-23, nan 
23.875, 81.625, 3.3617372825613756e-23, nan 
24.125, 81.625, 3.0593479121726385e-23, nan 
24.375, 81.625, 1.46799595565002e-23, nan 
24.625, 81.625, 1.6884332959247704e-23, nan 
24.875, 81.625, 1.4413428501147948e-23, nan 
25.125, 81.625, 1.7705027624344028e-23, nan 
25.375, 81.625, 2.784103484836954e-23, nan 
25.625, 81.625, 1.8721173448832386e-23, nan 
25.875, 81.625, 1.8935127723910438e-23, nan 
26.125, 81.625, 1.6970624604277857e-23, nan 
26.375, 81.625, 1.9704023196653268e-23, nan 
26.625, 81.625, 1.9858366821304793e-23, nan 
26.875, 81.625, 1.9544406427055463e-23, nan 
27.125, 81.625, 2.0311084992125644e-23, nan 
27.375, 81.625, 1.4301117358282365e-23, nan 
27.625, 81.625, 9.407145002144292e-24, nan 
27.875, 81.625, 3.3356476857156065e-24, nan 
28.125, 81.625, 2.2435126551806556e-24, nan 
28.375, 81.625, 2.838082742177424e-24, nan 
28.625, 81.625, 4.2320750748052326e-24, nan 
28.875, 81.625, 4.5659879307843096e-24, nan 
29.125, 81.625, 8.244783479916496e-24, nan 
29.375, 81.625, 9.343147829694999e-24, nan 
29.625, 81.625, 1.0107967673526156e-23, nan 
29.875, 81.625, 1.0078815483744073e-23, nan 
30.125, 81.625, 1.386490624125204e-23, nan 
30.375, 81.625, 1.2753813973707385e-23, nan 
30.625, 81.625, 1.1796283018467874e-23, nan 
30.875, 81.625, 8.713597481943767e-24, nan 
31.125, 81.625, 9.315186993325924e-24, nan 
31.375, 81.625, 1.1802090042374167e-23, nan 
31.625, 81.625, 1.3154576449753504e-23, nan 
31.875, 81.625, 2.1510446809699887e-23, nan 
32.125, 81.625, 1.981420423173942e-23, nan 
32.375, 81.625, 1.654960856305552e-23, nan 
32.625, 81.625, 1.1433061167048677e-23, nan 
32.875, 81.625, 1.995608113265298e-23, nan 
33.125, 81.625, 1.9505395112271687e-23, nan 
33.375, 81.625, 1.1951643570340526e-23, nan 
33.625, 81.625, 1.3855406068506864e-23, nan 
33.875, 81.625, 1.2470345124754591e-23, nan 
34.125, 81.625, 1.426450287012151e-23, nan 
34.375, 81.625, 2.76621735262525e-23, nan 
34.625, 81.625, 3.5976472135716016e-23, nan 
34.875, 81.625, 3.410553587783905e-23, nan 
35.125, 81.625, 8.576131950390313e-24, nan 
35.375, 81.625, 9.07735265623485e-24, nan 
35.625, 81.625, 2.6910681088782387e-23, nan 
35.875, 81.625, 3.6094149431027447e-23, nan 
36.125, 81.625, 2.889781729360763e-23, nan 
36.375, 81.625, 3.956046973029646e-23, nan 
36.625, 81.625, 4.257461553055713e-23, nan 
36.875, 81.625, 3.080159558082831e-23, nan 
37.125, 81.625, 2.9031890332065986e-23, nan 
37.375, 81.625, 3.34886032017967e-23, nan 
37.625, 81.625, 4.163138603180108e-23, nan 
37.875, 81.625, 2.725416052782739e-23, nan 
38.125, 81.625, 3.9676535366445914e-23, nan 
38.375, 81.625, 4.158871219647377e-23, nan 
38.625, 81.625, 3.264149832980452e-23, nan 
38.875, 81.625, 3.2932704874439375e-23, nan 
39.125, 81.625, 2.5834447349738275e-23, nan 
39.375, 81.625, 2.9155235128326093e-23, nan 
39.625, 81.625, 1.885011587876858e-23, nan 
39.875, 81.625, 2.097323259199011e-23, nan 
40.125, 81.625, 1.9627678796811888e-23, nan 
40.375, 81.625, 1.6350302736011878e-23, nan 
40.625, 81.625, 1.7377602868572873e-23, nan 
40.875, 81.625, 1.5337809412492393e-23, nan 
41.125, 81.625, 1.2998128895761349e-23, nan 
41.375, 81.625, 9.335851805826224e-24, nan 
41.625, 81.625, 8.69712707933282e-24, nan 
41.875, 81.625, 8.86314876566195e-24, nan 
42.125, 81.625, 7.631392349602888e-24, nan 
42.375, 81.625, 9.156867397452449e-24, nan 
42.625, 81.625, 8.455867114635136e-24, nan 
42.875, 81.625, 8.559364822456675e-24, nan 
43.125, 81.625, 5.492284008919556e-24, nan 
43.375, 81.625, 5.61572856310087e-24, nan 
43.625, 81.625, 4.587503197040439e-24, nan 
43.875, 81.625, 5.5112218125179666e-24, nan 
44.125, 81.625, 5.462411940195236e-24, nan 
44.375, 81.625, 7.924331131219997e-24, nan 
44.625, 81.625, 6.969328246999311e-24, nan 
44.875, 81.625, 7.340499919379755e-24, nan 
45.125, 81.625, 6.621192912206831e-24, nan 
45.375, 81.625, 6.917490289345275e-24, nan 
45.625, 81.625, 5.084189199116849e-24, nan 
45.875, 81.625, 9.146690440608682e-24, nan 
46.125, 81.625, 1.729201896796697e-23, nan 
46.375, 81.625, 2.757174141983797e-23, nan 
46.625, 81.625, 2.8266720266366604e-23, nan 
46.875, 81.625, 2.8589220936803686e-23, nan 
47.125, 81.625, 2.810305357052523e-23, nan 
47.375, 81.625, 2.932614059784766e-23, nan 
47.625, 81.625, 2.931536148082397e-23, nan 
47.875, 81.625, 2.906590433556642e-23, nan 
48.125, 81.625, 3.023596230429223e-23, nan 
48.375, 81.625, 2.7269768490512715e-23, nan 
48.625, 81.625, 3.098634585941997e-23, nan 
48.875, 81.625, 2.937595389304048e-23, nan 
49.125, 81.625, 2.100960361965906e-23, nan 
49.375, 81.625, 1.750446793625479e-23, nan 
49.625, 81.625, 2.1261764752143545e-23, nan 
49.875, 81.625, 3.4751657260950484e-23, nan 
50.125, 81.625, 3.553502181906431e-23, nan 
50.375, 81.625, 4.1664969307063514e-23, nan 
50.625, 81.625, 4.3469053943394405e-23, nan 
50.875, 81.625, 3.044467376363831e-23, nan 
51.125, 81.625, 1.6121638766039798e-23, nan 
51.375, 81.625, 2.2281367214093756e-23, nan 
51.625, 81.625, 2.653265166810684e-23, nan 
51.875, 81.625, 2.464752832882051e-23, nan 
52.125, 81.625, 2.82623913576711e-23, nan 
52.375, 81.625, 2.9688171600567826e-23, nan 
52.625, 81.625, 2.2236364435925386e-23, nan 
52.875, 81.625, 1.4715823100444354e-23, nan 
53.125, 81.625, 2.3187659179142482e-23, nan 
53.375, 81.625, 1.7621436876748817e-23, nan 
53.625, 81.625, 1.434784670209496e-23, nan 
53.875, 81.625, 1.8578334705660763e-23, nan 
54.125, 81.625, 1.6858813628724123e-23, nan 
54.375, 81.625, 1.7270187200711653e-23, nan 
54.625, 81.625, 1.7437246389160974e-23, nan 
54.875, 81.625, 1.8238906657416178e-23, nan 
55.125, 81.625, 1.6264795614648997e-23, nan 
55.375, 81.625, 1.5769170620161684e-23, nan 
55.625, 81.625, 6.75450028903767e-24, nan 
55.875, 81.625, 1.1964839399874645e-24, nan 
56.125, 81.625, 1.2046973161719686e-24, nan 
56.375, 81.625, 1.1664209873224359e-24, nan 
56.625, 81.625, 1.2109852596601514e-24, nan 
56.875, 81.625, 9.289505787862935e-25, nan 
57.125, 81.625, 1.0992333198424371e-24, nan 
57.375, 81.625, 9.35887048799919e-25, nan 
57.625, 81.625, 1.324707460081515e-24, nan 
57.875, 81.625, 1.980897389927631e-24, nan 
58.125, 81.625, 6.3586159072227e-24, nan 
58.375, 81.625, 7.23181362874914e-24, nan 
58.625, 81.625, 8.935280135856898e-24, nan 
58.875, 81.625, 1.108973493397554e-23, nan 
59.125, 81.625, 1.2328521847706294e-23, nan 
59.375, 81.625, 1.0428241236331371e-23, nan 
59.625, 81.625, 3.684233697566992e-24, nan 
59.875, 81.625, 3.2259431582015405e-24, nan 
60.125, 81.625, 3.0164721501122112e-24, nan 
60.375, 81.625, 5.814217664730565e-24, nan 
60.625, 81.625, 8.284460397192815e-24, nan 
60.875, 81.625, 8.418560480295003e-24, nan 
61.125, 81.625, 7.294004762342736e-24, nan 
61.375, 81.625, 5.2158826902043045e-24, nan 
61.625, 81.625, 6.456057336877649e-24, nan 
61.875, 81.625, 7.265714776326187e-24, nan 
62.125, 81.625, 9.111599123419027e-24, nan 
62.375, 81.625, 1.1136161251089105e-23, nan 
62.625, 81.625, 1.2288511403686082e-23, nan 
62.875, 81.625, 1.1248734777213755e-23, nan 
63.125, 81.625, 1.0796235481184447e-23, nan 
63.375, 81.625, 9.333251330341602e-24, nan 
63.625, 81.625, 1.2059215454254912e-23, nan 
63.875, 81.625, 1.1209920451728754e-23, nan 
64.125, 81.625, 9.83953350819167e-24, nan 
64.375, 81.625, 1.0085902193273422e-23, nan 
64.625, 81.625, 8.095173743351243e-24, nan 
64.875, 81.625, 6.964171295108997e-24, nan 
65.125, 81.625, 5.9420447781389784e-24, nan 
65.375, 81.625, 5.256488604078806e-24, nan 
65.625, 81.625, 4.5347054326482344e-24, nan 
65.875, 81.625, 4.051432918682944e-24, nan 
66.125, 81.625, 4.14680156240426e-24, nan 
66.375, 81.625, 3.665061471922466e-24, nan 
66.625, 81.625, 3.477614081866132e-24, nan 
66.875, 81.625, 3.663466849925711e-24, nan 
67.125, 81.625, 2.3339355451914267e-24, nan 
67.375, 81.625, 2.7327042358599705e-24, nan 
67.625, 81.625, 5.3504814969741035e-24, nan 
67.875, 81.625, 7.015570178904095e-24, nan 
68.125, 81.625, 6.799866669766673e-24, nan 
68.375, 81.625, 6.959515664782184e-24, nan 
68.625, 81.625, 7.5838365821133e-24, nan 
68.875, 81.625, 7.905107682280374e-24, nan 
69.125, 81.625, 8.124566366249889e-24, nan 
69.375, 81.625, 1.1081211362172516e-23, nan 
69.625, 81.625, 1.3835548156175027e-23, nan 
69.875, 81.625, 1.376790237705797e-23, nan 
70.125, 81.625, 1.4177928575523917e-23, nan 
70.375, 81.625, 1.198224439345415e-23, nan 
70.625, 81.625, 9.036978268548706e-24, nan 
70.875, 81.625, 8.302296361700553e-24, nan 
71.125, 81.625, 6.71528363371871e-24, nan 
71.375, 81.625, 5.681717359417568e-24, nan 
71.625, 81.625, 6.702921447144259e-24, nan 
71.875, 81.625, 4.505484919973398e-24, nan 
72.125, 81.625, 5.810216662328727e-24, nan 
72.375, 81.625, 7.058835030247898e-24, nan 
72.625, 81.625, 7.60421576995934e-24, nan 
-103.625, 81.875, 2.8414481636276195e-23, nan 
-103.375, 81.875, 2.7209822912686893e-23, nan 
-103.125, 81.875, 2.8926541752724486e-23, nan 
-102.875, 81.875, 2.9567070791963047e-23, nan 
-102.625, 81.875, 2.8666082348095323e-23, nan 
-102.375, 81.875, 3.3744752768945157e-23, nan 
-102.125, 81.875, 3.109833827543212e-23, nan 
-101.875, 81.875, 3.752559704900357e-23, nan 
-101.625, 81.875, 3.832131976602327e-23, nan 
-101.375, 81.875, 3.44844482393996e-23, nan 
-101.125, 81.875, 3.431123058019919e-23, nan 
-100.875, 81.875, 3.795936533563154e-23, nan 
-100.625, 81.875, 3.118364454523416e-23, nan 
-100.375, 81.875, 2.8624766135949307e-23, nan 
-100.125, 81.875, 2.9615893076567597e-23, nan 
-99.875, 81.875, 2.9753488311971265e-23, nan 
-99.625, 81.875, 2.359958239456568e-23, nan 
-99.375, 81.875, 2.105548351332513e-23, nan 
-99.125, 81.875, 2.2452810827859986e-23, nan 
-98.875, 81.875, 2.5226674249750636e-23, nan 
-98.625, 81.875, 2.4529442805250595e-23, nan 
-98.375, 81.875, 2.1800330817549102e-23, nan 
-98.125, 81.875, 2.132933730980383e-23, nan 
-97.875, 81.875, 1.7174822608124355e-23, nan 
-97.625, 81.875, 2.0678110329845476e-23, nan 
-97.375, 81.875, 1.7201376749196776e-23, nan 
-97.125, 81.875, 2.178743659576914e-23, nan 
-96.875, 81.875, 2.3728295290530498e-23, nan 
-96.625, 81.875, 2.3303642483714158e-23, nan 
-96.375, 81.875, 2.3769672131746567e-23, nan 
-96.125, 81.875, 2.4584347561147714e-23, nan 
-95.875, 81.875, 2.938336074370627e-23, nan 
-95.625, 81.875, 2.6146540143780264e-23, nan 
-95.375, 81.875, 3.0035511293987953e-23, nan 
-95.125, 81.875, 2.883277438772233e-23, nan 
-94.875, 81.875, 3.158933575826244e-23, nan 
-94.625, 81.875, 3.344047166519247e-23, nan 
-94.375, 81.875, 3.4997580038115276e-23, nan 
-94.125, 81.875, 4.394144932963268e-23, nan 
-93.875, 81.875, 7.319191809768967e-23, nan 
-93.625, 81.875, 9.0172942646069e-23, nan 
-93.375, 81.875, 8.854573103357495e-23, nan 
-93.125, 81.875, 7.446830845417521e-23, nan 
-92.875, 81.875, 6.220758798979065e-23, nan 
-92.625, 81.875, 7.22102778338775e-23, nan 
-92.375, 81.875, 6.622719985075193e-23, nan 
-92.125, 81.875, 1.5819829920598927e-22, nan 
-91.875, 81.875, 1.483214143121e-22, nan 
-91.625, 81.875, 1.2509225934038396e-22, nan 
-91.375, 81.875, 1.4797811884447267e-22, nan 
-91.125, 81.875, 6.285427174925165e-23, nan 
-90.875, 81.875, 5.960493064343503e-23, nan 
-90.625, 81.875, 5.434443974647451e-23, nan 
-90.375, 81.875, 5.236404703437191e-23, nan 
-90.125, 81.875, 7.169871420132959e-23, nan 
-89.875, 81.875, 1.4731321627509815e-22, nan 
-89.625, 81.875, 9.41914544394479e-23, nan 
-89.375, 81.875, 7.436785803532229e-23, nan 
-89.125, 81.875, 1.5355046455042311e-22, nan 
-88.875, 81.875, 1.6079238746511737e-22, nan 
-88.625, 81.875, 1.6968985159008368e-22, nan 
-88.375, 81.875, 1.6033606985527997e-22, nan 
-88.125, 81.875, 1.9980826599279974e-22, nan 
-87.875, 81.875, 2.0593700394355251e-22, nan 
-87.625, 81.875, 2.298321691109096e-22, nan 
-87.375, 81.875, 5.463789545759332e-23, nan 
-87.125, 81.875, 6.15494412806397e-23, nan 
-86.875, 81.875, 5.37794254719969e-23, nan 
-86.625, 81.875, 5.679224879313911e-23, nan 
-86.375, 81.875, 5.305729493028332e-23, nan 
-86.125, 81.875, 5.536840770986736e-23, nan 
-85.875, 81.875, 5.922176157274149e-23, nan 
-85.625, 81.875, 5.361074270033831e-23, nan 
-85.375, 81.875, 5.132949244690011e-23, nan 
-85.125, 81.875, 4.239603389804674e-23, nan 
-84.875, 81.875, 1.2999392478948917e-22, nan 
-84.625, 81.875, 2.764823221143156e-22, nan 
-84.375, 81.875, 3.3584545959931375e-22, nan 
-84.125, 81.875, 3.3482356409834444e-22, nan 
-83.875, 81.875, 3.507486964207916e-22, nan 
-83.625, 81.875, 3.892405659926168e-22, nan 
-83.375, 81.875, 3.6013533506926717e-22, nan 
-83.125, 81.875, 3.7089896056727975e-22, nan 
-82.875, 81.875, 3.4840842055839023e-22, nan 
-82.625, 81.875, 2.8442346455864416e-22, nan 
-82.375, 81.875, 2.8161972902008603e-22, nan 
-82.125, 81.875, 3.6992248852330754e-22, nan 
-81.875, 81.875, 3.7274632595123664e-22, nan 
-81.625, 81.875, 3.447662409639109e-22, nan 
-81.375, 81.875, 3.349788563783245e-22, nan 
-81.125, 81.875, 2.7564520243674004e-22, nan 
-80.875, 81.875, 1.205024153504621e-22, nan 
-80.625, 81.875, 9.707065271600913e-23, nan 
-80.375, 81.875, 5.473862325920672e-23, nan 
-80.125, 81.875, 7.070696235125527e-23, nan 
-79.875, 81.875, 7.053702665452947e-23, nan 
-79.625, 81.875, 6.895581415825076e-23, nan 
-79.375, 81.875, 6.075870078523797e-23, nan 
-79.125, 81.875, 8.434074267558274e-23, nan 
-78.875, 81.875, 1.1387007171993412e-22, nan 
-78.625, 81.875, 1.217556330763824e-22, nan 
-78.375, 81.875, 1.321615134054566e-22, nan 
-78.125, 81.875, 1.4653590243107653e-22, nan 
-77.875, 81.875, 1.4699078875508578e-22, nan 
-77.625, 81.875, 1.3987440926802428e-22, nan 
-77.375, 81.875, 1.5472988691461436e-22, nan 
-77.125, 81.875, 1.5326563563874072e-22, nan 
-76.875, 81.875, 1.4207945557356764e-22, nan 
-76.625, 81.875, 1.3439297960657104e-22, nan 
-76.375, 81.875, 1.3022341694919869e-22, nan 
-76.125, 81.875, 1.346909487894954e-22, nan 
-75.875, 81.875, 1.363255657484611e-22, nan 
-75.625, 81.875, 1.28476327582438e-22, nan 
-75.375, 81.875, 1.2700515663694966e-22, nan 
-75.125, 81.875, 1.5026973517778159e-22, nan 
-74.875, 81.875, 1.787903310349994e-22, nan 
-74.625, 81.875, 2.1101936676186519e-22, nan 
-74.375, 81.875, 2.2996449429140237e-22, nan 
-74.125, 81.875, 2.239039447499577e-22, nan 
-73.875, 81.875, 2.098769030301928e-22, nan 
-73.625, 81.875, 1.8849905756055196e-22, nan 
-73.375, 81.875, 1.6662851989174544e-22, nan 
-73.125, 81.875, 1.7262754203849136e-22, nan 
-72.875, 81.875, 2.871224572153912e-22, nan 
-72.625, 81.875, 3.767878854030568e-22, nan 
-72.375, 81.875, 3.9714446989641537e-22, nan 
-72.125, 81.875, 4.0170098120130857e-22, nan 
-71.875, 81.875, 3.808025797635649e-22, nan 
-71.625, 81.875, 3.414805447169547e-22, nan 
-71.375, 81.875, 2.6635974451251886e-22, nan 
-71.125, 81.875, 3.308700969631908e-22, nan 
-70.875, 81.875, 3.9352631495864124e-22, nan 
-70.625, 81.875, 3.7180737416062607e-22, nan 
-70.375, 81.875, 3.6071405249429186e-22, nan 
-70.125, 81.875, 3.540121580565864e-22, nan 
-69.875, 81.875, 3.2853593372417865e-22, nan 
-69.625, 81.875, 2.2575519614703677e-22, nan 
-69.375, 81.875, 1.0012205168753142e-22, nan 
-69.125, 81.875, 3.6689710936917e-23, nan 
-68.875, 81.875, 2.869288985809608e-23, nan 
-68.625, 81.875, 2.6733482875158607e-23, nan 
-68.375, 81.875, 2.5610959717617192e-23, nan 
-68.125, 81.875, 2.0486996912369152e-23, nan 
-67.875, 81.875, 1.673273923336288e-23, nan 
-67.625, 81.875, 1.475083261389412e-23, nan 
-67.375, 81.875, 1.9119789573173126e-23, nan 
-67.125, 81.875, 1.6888191780038142e-23, nan 
-66.875, 81.875, 1.8264136507500142e-23, nan 
-66.625, 81.875, 1.7695248377232792e-23, nan 
-66.375, 81.875, 1.6427287226806397e-23, nan 
-66.125, 81.875, 1.1859376725229437e-23, nan 
-65.875, 81.875, 1.9694265753938798e-23, nan 
-65.625, 81.875, 1.2666987528461319e-23, nan 
-65.375, 81.875, 1.1930088630102158e-23, nan 
-65.125, 81.875, 1.716215910889941e-23, nan 
-64.875, 81.875, 1.8371512158979966e-23, nan 
-64.625, 81.875, 2.7015070703605553e-23, nan 
-64.375, 81.875, 2.5297836366193112e-23, nan 
-64.125, 81.875, 3.2726112292551264e-23, nan 
-63.875, 81.875, 3.813318734002064e-23, nan 
-63.625, 81.875, 4.0656932218154835e-23, nan 
-63.375, 81.875, 4.0676684380677366e-23, nan 
-63.125, 81.875, 4.6928775764636847e-23, nan 
-62.875, 81.875, 4.7593871600513766e-23, nan 
-62.625, 81.875, 4.7839158674070465e-23, nan 
-62.375, 81.875, 3.8667962254523e-23, nan 
-62.125, 81.875, 4.79362651257133e-23, nan 
-61.875, 81.875, 5.302089093579906e-23, nan 
-61.625, 81.875, 5.605163668981861e-23, nan 
-61.375, 81.875, 6.622064251987658e-23, nan 
-61.125, 81.875, 7.27934581716167e-23, nan 
-60.875, 81.875, 1.0581882063110816e-22, nan 
-60.625, 81.875, 1.127665376653717e-22, nan 
-60.375, 81.875, 1.277722326193055e-22, nan 
-60.125, 81.875, 1.5438493135147112e-22, nan 
-59.875, 81.875, 2.0481959630778971e-22, nan 
-59.625, 81.875, 2.0742629416112651e-22, nan 
-59.375, 81.875, 1.8074851779524816e-22, nan 
-59.125, 81.875, 1.4847255376689613e-22, nan 
-58.875, 81.875, 1.8039678205164736e-22, nan 
-58.625, 81.875, 1.867574064125783e-22, nan 
-58.375, 81.875, 1.7961964253825369e-22, nan 
-58.125, 81.875, 2.0822579812592839e-22, nan 
-57.875, 81.875, 2.0783702819297912e-22, nan 
-57.625, 81.875, 1.7656830913498295e-22, nan 
-57.375, 81.875, 1.2766929031184569e-22, nan 
-57.125, 81.875, 1.192186755922355e-22, nan 
-56.875, 81.875, 1.117996515248503e-22, nan 
-56.625, 81.875, 8.562628102605196e-23, nan 
-56.375, 81.875, 3.469258906528963e-23, nan 
-56.125, 81.875, 2.9610227424379466e-23, nan 
-55.875, 81.875, 3.622086847927316e-23, nan 
-55.625, 81.875, 3.993653447645005e-23, nan 
-55.375, 81.875, 3.819437794299222e-23, nan 
-55.125, 81.875, 2.819662726908535e-23, nan 
-54.875, 81.875, 2.702030818180488e-23, nan 
-54.625, 81.875, 2.830635562459593e-23, nan 
-54.375, 81.875, 2.5945836877989284e-23, nan 
-54.125, 81.875, 1.768875606101138e-23, nan 
-53.875, 81.875, 1.5656560912551865e-23, nan 
-53.625, 81.875, 1.441176968282718e-23, nan 
-53.375, 81.875, 1.56776998608153e-23, nan 
-53.125, 81.875, 1.87218651710385e-23, nan 
-52.875, 81.875, 2.0227475009830986e-23, nan 
-52.625, 81.875, 1.8586637434019284e-23, nan 
-52.375, 81.875, 1.3963801127672365e-23, nan 
-52.125, 81.875, 1.2410956061880991e-23, nan 
-51.875, 81.875, 1.2640091743971881e-23, nan 
-51.625, 81.875, 1.373107624199789e-23, nan 
-51.375, 81.875, 9.917211547276355e-24, nan 
-51.125, 81.875, 1.313043258566958e-23, nan 
-50.875, 81.875, 1.709550055051972e-23, nan 
-50.625, 81.875, 1.7877237242504293e-23, nan 
-50.375, 81.875, 1.8913521447184162e-23, nan 
-50.125, 81.875, 1.8356036392771534e-23, nan 
-49.875, 81.875, 1.6815735666810854e-23, nan 
-49.625, 81.875, 1.625909318472633e-23, nan 
-49.375, 81.875, 1.6097336317408698e-23, nan 
-49.125, 81.875, 1.8687489536116762e-23, nan 
-48.875, 81.875, 1.7058050396002816e-23, nan 
-48.625, 81.875, 1.8301103338024604e-23, nan 
-48.375, 81.875, 1.7608409789404636e-23, nan 
-48.125, 81.875, 1.2347064909044482e-23, nan 
-47.875, 81.875, 2.239301816375225e-23, nan 
-47.625, 81.875, 3.216852579855115e-23, nan 
-47.375, 81.875, 3.727644695219109e-23, nan 
-47.125, 81.875, 4.403603173268558e-23, nan 
-46.875, 81.875, 4.566781282425275e-23, nan 
-46.625, 81.875, 5.923860516032264e-23, nan 
-46.375, 81.875, 8.132928694986706e-23, nan 
-46.125, 81.875, 8.282433302336561e-23, nan 
-45.875, 81.875, 8.101681880712628e-23, nan 
-45.625, 81.875, 8.425598818869188e-23, nan 
-45.375, 81.875, 8.67134575108094e-23, nan 
-45.125, 81.875, 8.875708155526957e-23, nan 
-44.875, 81.875, 8.455851921651952e-23, nan 
-44.625, 81.875, 9.399114531365927e-23, nan 
-44.375, 81.875, 8.853571986481474e-23, nan 
-44.125, 81.875, 8.188161471831158e-23, nan 
-43.875, 81.875, 8.302878028042159e-23, nan 
-43.625, 81.875, 7.97008353808451e-23, nan 
-43.375, 81.875, 7.747745440503843e-23, nan 
-43.125, 81.875, 6.208197969532017e-23, nan 
-42.875, 81.875, 4.7749079049035925e-23, nan 
-42.625, 81.875, 3.941257224301709e-23, nan 
-42.375, 81.875, 3.1317279226677844e-23, nan 
-42.125, 81.875, 4.0417669746804486e-23, nan 
-41.875, 81.875, 3.643296168405323e-23, nan 
-41.625, 81.875, 3.777649363884949e-23, nan 
-41.375, 81.875, 4.0557267447121654e-23, nan 
-41.125, 81.875, 4.640721350404208e-23, nan 
-40.875, 81.875, 4.732832860867826e-23, nan 
-40.625, 81.875, 6.152326225497296e-23, nan 
-40.375, 81.875, 8.086132592113021e-23, nan 
-40.125, 81.875, 5.199906786641786e-23, nan 
-39.875, 81.875, 5.719061053304105e-23, nan 
-39.625, 81.875, 5.829222886019723e-23, nan 
-39.375, 81.875, 3.4651312267132267e-23, nan 
-39.125, 81.875, 4.107747821901646e-23, nan 
-38.875, 81.875, 5.587262818081778e-23, nan 
-38.625, 81.875, 6.663351187535115e-23, nan 
-38.375, 81.875, 4.553886272532124e-23, nan 
-38.125, 81.875, 2.280262913554848e-23, nan 
-37.875, 81.875, 2.9045950593077094e-23, nan 
-37.625, 81.875, 2.738213813813083e-23, nan 
-37.375, 81.875, 2.731785788833822e-23, nan 
-37.125, 81.875, 3.720495641812035e-23, nan 
-36.875, 81.875, 5.801194818006746e-23, nan 
-36.625, 81.875, 5.755599666468415e-23, nan 
-36.375, 81.875, 4.2844589143674674e-23, nan 
-36.125, 81.875, 3.28714645075509e-23, nan 
-35.875, 81.875, 2.8492377304878566e-23, nan 
-35.625, 81.875, 2.5970526084177482e-23, nan 
-35.375, 81.875, 2.8437788962057206e-23, nan 
-35.125, 81.875, 5.303635543609318e-23, nan 
-34.875, 81.875, 5.727021499771166e-23, nan 
-34.625, 81.875, 4.2103720012726274e-23, nan 
-34.375, 81.875, 1.6091625121747057e-23, nan 
-34.125, 81.875, 2.4896301955709753e-23, nan 
-33.875, 81.875, 2.7168271884333164e-23, nan 
-33.625, 81.875, 3.225339975921317e-23, nan 
-33.375, 81.875, 3.2554967115078836e-23, nan 
-33.125, 81.875, 6.194591550522276e-23, nan 
-32.875, 81.875, 7.512331340050679e-23, nan 
-32.625, 81.875, 5.308716260222887e-23, nan 
-32.375, 81.875, 3.67113182661975e-23, nan 
-32.125, 81.875, 3.08762112359124e-23, nan 
-31.875, 81.875, 2.6827114693136153e-23, nan 
-31.625, 81.875, 3.253824501878388e-23, nan 
-31.375, 81.875, 4.93146825396813e-23, nan 
-31.125, 81.875, 5.272930898598879e-23, nan 
-30.875, 81.875, 2.762100953523727e-23, nan 
-30.625, 81.875, 1.4086455010782295e-23, nan 
-30.375, 81.875, 1.6866698521215506e-23, nan 
-30.125, 81.875, 1.866653316353593e-23, nan 
-29.875, 81.875, 1.4213154496599972e-23, nan 
-29.625, 81.875, 1.276506478633074e-23, nan 
-29.375, 81.875, 1.6786877325351864e-23, nan 
-29.125, 81.875, 2.0477213114838454e-23, nan 
-28.875, 81.875, 2.0884194546413622e-23, nan 
-28.625, 81.875, 1.6731484801409304e-23, nan 
-28.375, 81.875, 1.4695521836340984e-23, nan 
-28.125, 81.875, 1.5914680251095776e-23, nan 
-27.875, 81.875, 1.2749335217950025e-23, nan 
-27.625, 81.875, 1.6156050563332805e-23, nan 
-27.375, 81.875, 1.5979082868800524e-23, nan 
-27.125, 81.875, 2.1592107115583642e-23, nan 
-26.875, 81.875, 3.403215507049894e-23, nan 
-26.625, 81.875, 3.612336589170086e-23, nan 
-26.375, 81.875, 3.791908092329918e-23, nan 
-26.125, 81.875, 4.578835016526514e-23, nan 
-25.875, 81.875, 3.895677743337204e-23, nan 
-25.625, 81.875, 1.990288882801668e-23, nan 
-25.375, 81.875, 2.3070080812566906e-23, nan 
-25.125, 81.875, 2.970174915034905e-23, nan 
-24.875, 81.875, 3.056851688770655e-23, nan 
-24.625, 81.875, 1.9526102199414713e-23, nan 
-24.375, 81.875, 2.1895996353176482e-23, nan 
-24.125, 81.875, 2.294045533995745e-23, nan 
-23.875, 81.875, 1.7312805061818096e-23, nan 
-23.625, 81.875, 2.0011237039507346e-23, nan 
-23.375, 81.875, 2.7242893678287453e-23, nan 
-23.125, 81.875, 1.2081627916088066e-23, nan 
-22.875, 81.875, 1.0601805226152697e-23, nan 
-22.625, 81.875, 1.6898052041696554e-23, nan 
-22.375, 81.875, 1.414662649291563e-23, nan 
-22.125, 81.875, 1.7149503454331946e-23, nan 
-21.875, 81.875, 3.336077308176097e-23, nan 
-21.625, 81.875, 4.9807401132362406e-23, nan 
-21.375, 81.875, 3.260439416408744e-23, nan 
-21.125, 81.875, 3.6478846151247907e-23, nan 
-20.875, 81.875, 2.4422330207916686e-23, nan 
-20.625, 81.875, 1.7623194906335284e-23, nan 
-20.375, 81.875, 1.7687222561105624e-23, nan 
-20.125, 81.875, 2.673419832384782e-23, nan 
-19.875, 81.875, 3.581655369788056e-23, nan 
-19.625, 81.875, 2.0256944262415905e-23, nan 
-19.375, 81.875, 1.3083510221358869e-23, nan 
-19.125, 81.875, 8.856968921281988e-24, nan 
-18.875, 81.875, 8.419659424808627e-24, nan 
-18.625, 81.875, 7.89507377488578e-24, nan 
-18.375, 81.875, 8.961256217991538e-24, nan 
-18.125, 81.875, 8.872899983329708e-24, nan 
-17.875, 81.875, 1.1201366933332972e-23, nan 
-17.625, 81.875, 1.7168738159037946e-23, nan 
-17.375, 81.875, 1.477482930705114e-23, nan 
-17.125, 81.875, 5.818457148090668e-24, nan 
-16.875, 81.875, 7.235840275440162e-24, nan 
-16.625, 81.875, 1.1321773269092532e-23, nan 
-16.375, 81.875, 1.4910139528541555e-23, nan 
-16.125, 81.875, 2.414207747499894e-23, nan 
-15.875, 81.875, 3.790733579699894e-23, nan 
-15.625, 81.875, 3.891640350916656e-23, nan 
-15.375, 81.875, 2.193558323778947e-23, nan 
-15.125, 81.875, 1.2995910210916161e-23, nan 
-14.875, 81.875, 1.3114616431832791e-23, nan 
-14.625, 81.875, 1.5430206610694238e-23, nan 
-14.375, 81.875, 2.1887696255230166e-23, nan 
-14.125, 81.875, 2.9530973480063e-23, nan 
-13.875, 81.875, 2.889930528626936e-23, nan 
-13.625, 81.875, 1.757502998790944e-23, nan 
-13.375, 81.875, 1.2424471300801144e-23, nan 
-13.125, 81.875, 1.0361627478665072e-23, nan 
-12.875, 81.875, 8.703424639506559e-24, nan 
-12.625, 81.875, 7.681282459638239e-24, nan 
-12.375, 81.875, 6.5620185194759644e-24, nan 
-12.125, 81.875, 7.769420587770433e-24, nan 
-11.875, 81.875, 7.68558380935924e-24, nan 
-11.625, 81.875, 8.019046192232538e-24, nan 
-11.375, 81.875, 8.512378109835435e-24, nan 
-11.125, 81.875, 7.01757539787141e-24, nan 
-10.875, 81.875, 6.1648932768047696e-24, nan 
-10.625, 81.875, 6.3745847652416984e-24, nan 
-10.375, 81.875, 7.94059282809073e-24, nan 
-10.125, 81.875, 9.31155309326208e-24, nan 
-9.875, 81.875, 6.08226632951531e-24, nan 
-9.625, 81.875, 7.545288152370715e-24, nan 
-9.375, 81.875, 8.708934900420774e-24, nan 
-9.125, 81.875, 1.0548700814573341e-23, nan 
-8.875, 81.875, 9.793873001383516e-24, nan 
-8.625, 81.875, 9.008302604607876e-24, nan 
-8.375, 81.875, 8.143782288598833e-24, nan 
-8.125, 81.875, 7.387240274303369e-24, nan 
-7.875, 81.875, 8.252865939542059e-24, nan 
-7.625, 81.875, 8.330110614567665e-24, nan 
-7.375, 81.875, 8.770739431121e-24, nan 
-7.125, 81.875, 8.367523596263571e-24, nan 
-6.875, 81.875, 7.242637307642112e-24, nan 
-6.625, 81.875, 6.0432131294616346e-24, nan 
-6.375, 81.875, 4.696108600986039e-24, nan 
-6.125, 81.875, 4.3922987798610004e-24, nan 
-5.875, 81.875, 4.492191376391875e-24, nan 
-5.625, 81.875, 5.9541681593702266e-24, nan 
-5.375, 81.875, 5.038625491698124e-24, nan 
-5.125, 81.875, 4.111314707399989e-24, nan 
-4.875, 81.875, 4.506666608547235e-24, nan 
-4.625, 81.875, 5.429164737202209e-24, nan 
-4.375, 81.875, 6.303704688483182e-24, nan 
-4.125, 81.875, 7.197092791499392e-24, nan 
-3.875, 81.875, 6.100436410554873e-24, nan 
-3.625, 81.875, 5.907115773849812e-24, nan 
-3.375, 81.875, 6.092798751172378e-24, nan 
-3.125, 81.875, 6.380244638584399e-24, nan 
-2.875, 81.875, 6.25597847684834e-24, nan 
-2.625, 81.875, 6.0287103982426684e-24, nan 
-2.375, 81.875, 5.752493734106784e-24, nan 
-2.125, 81.875, 5.3971150796371825e-24, nan 
-1.875, 81.875, 5.464867204099828e-24, nan 
-1.625, 81.875, 5.5024141459171305e-24, nan 
-1.375, 81.875, 6.024636349947887e-24, nan 
-1.125, 81.875, 5.308801566233131e-24, nan 
-0.875, 81.875, 4.39018268775577e-24, nan 
-0.625, 81.875, 3.562406757913054e-24, nan 
-0.375, 81.875, 4.032040442710033e-24, nan 
-0.125, 81.875, 4.169561777127226e-24, nan 
0.125, 81.875, 4.164505769464799e-24, nan 
0.375, 81.875, 5.0680212122751384e-24, nan 
0.625, 81.875, 4.678807645459206e-24, nan 
0.875, 81.875, 4.1731626380574376e-24, nan 
1.125, 81.875, 4.0880189038034964e-24, nan 
1.375, 81.875, 4.659774247619792e-24, nan 
1.625, 81.875, 5.233466996787825e-24, nan 
1.875, 81.875, 5.832132942899897e-24, nan 
2.125, 81.875, 4.9710888483460375e-24, nan 
2.375, 81.875, 4.776718478262863e-24, nan 
2.625, 81.875, 3.769382797618463e-24, nan 
2.875, 81.875, 4.0153583732769884e-24, nan 
3.125, 81.875, 3.887604132501059e-24, nan 
3.375, 81.875, 3.547920523362652e-24, nan 
3.625, 81.875, 3.748534965625371e-24, nan 
3.875, 81.875, 4.393166241423507e-24, nan 
4.125, 81.875, 3.9000862222965084e-24, nan 
4.375, 81.875, 2.951342364670265e-24, nan 
4.625, 81.875, 2.386355762023004e-24, nan 
4.875, 81.875, 2.4074982142250905e-24, nan 
5.125, 81.875, 3.0426521077009057e-24, nan 
5.375, 81.875, 3.189385525081802e-24, nan 
5.625, 81.875, 3.409393641688494e-24, nan 
5.875, 81.875, 3.3642812593289854e-24, nan 
6.125, 81.875, 3.486646101427981e-24, nan 
6.375, 81.875, 2.4778808545721157e-24, nan 
6.625, 81.875, 2.0546895059567556e-24, nan 
6.875, 81.875, 3.1437413233591326e-24, nan 
7.125, 81.875, 3.472277741407575e-24, nan 
7.375, 81.875, 3.00333052191978e-24, nan 
7.625, 81.875, 2.1754284278822214e-24, nan 
7.875, 81.875, 2.1270847709998222e-24, nan 
8.125, 81.875, 3.0570712349200466e-24, nan 
8.375, 81.875, 3.7181538694802145e-24, nan 
8.625, 81.875, 3.5080619271507544e-24, nan 
8.875, 81.875, 3.4887777266768634e-24, nan 
9.125, 81.875, 3.36891066693312e-24, nan 
9.375, 81.875, 3.3759530835289124e-24, nan 
9.625, 81.875, 3.0986786706680108e-24, nan 
9.875, 81.875, 4.0951324397823785e-24, nan 
10.125, 81.875, 4.5114809891043895e-24, nan 
10.375, 81.875, 3.574759000632644e-24, nan 
10.625, 81.875, 2.7871086793255433e-24, nan 
10.875, 81.875, 3.2769912658909258e-24, nan 
11.125, 81.875, 3.4700473402292596e-24, nan 
11.375, 81.875, 3.2014592241216977e-24, nan 
11.625, 81.875, 3.124210879964224e-24, nan 
11.875, 81.875, 1.9740649050336102e-24, nan 
12.125, 81.875, 1.6073174366824218e-24, nan 
12.375, 81.875, 2.5960850415527124e-24, nan 
12.625, 81.875, 2.4275442107685645e-24, nan 
12.875, 81.875, 1.6481505243992078e-24, nan 
13.125, 81.875, 2.2762927335798473e-24, nan 
13.375, 81.875, 3.0764767476840395e-24, nan 
13.625, 81.875, 2.9924250071588105e-24, nan 
13.875, 81.875, 2.706128899099308e-24, nan 
14.125, 81.875, 1.7572414572227683e-24, nan 
14.375, 81.875, 1.2516332977132082e-24, nan 
14.625, 81.875, 1.1517543855206848e-24, nan 
14.875, 81.875, 1.6263747770420137e-24, nan 
15.125, 81.875, 1.6092888643266921e-24, nan 
15.375, 81.875, 1.4748634395428184e-24, nan 
15.625, 81.875, 1.5057597570133795e-24, nan 
15.875, 81.875, 1.456169343395202e-24, nan 
16.125, 81.875, 1.3651075836486208e-24, nan 
16.375, 81.875, 1.2646298931432244e-24, nan 
16.625, 81.875, 1.207634312431129e-24, nan 
16.875, 81.875, 1.1827441383402082e-24, nan 
17.125, 81.875, 1.4592451380080447e-24, nan 
17.375, 81.875, 1.771712679455149e-24, nan 
17.625, 81.875, 2.111044809218146e-24, nan 
17.875, 81.875, 1.918015913114751e-24, nan 
18.125, 81.875, 1.4014766889094173e-24, nan 
18.375, 81.875, 8.208784461453814e-25, nan 
18.625, 81.875, 7.416853077876311e-25, nan 
18.875, 81.875, 8.422163075956402e-25, nan 
19.125, 81.875, 1.26963804710408e-24, nan 
19.375, 81.875, 1.4925364672576337e-24, nan 
19.625, 81.875, 1.2882897943028023e-24, nan 
19.875, 81.875, 1.5829236827360202e-24, nan 
20.125, 81.875, 1.5851951017068046e-24, nan 
20.375, 81.875, 1.1898006577296504e-24, nan 
20.625, 81.875, 7.554192239245267e-25, nan 
20.875, 81.875, 1.071076147351607e-24, nan 
21.125, 81.875, 7.005124286405198e-25, nan 
21.375, 81.875, 3.5291572992244454e-25, nan 
21.625, 81.875, 2.68207137191225e-25, nan 
21.875, 81.875, 4.522042754170512e-25, nan 
22.125, 81.875, 5.483728719833089e-25, nan 
22.375, 81.875, 5.321835109600711e-25, nan 
22.625, 81.875, 9.60574778288893e-25, nan 
22.875, 81.875, 1.0881656914673726e-24, nan 
23.125, 81.875, 8.821205009987676e-25, nan 
23.375, 81.875, 1.0511707672746735e-24, nan 
23.625, 81.875, 1.5719813657589008e-24, nan 
23.875, 81.875, 1.912504117484184e-24, nan 
24.125, 81.875, 2.502943465098335e-24, nan 
24.375, 81.875, 3.709354023937964e-24, nan 
24.625, 81.875, 9.274832504809713e-24, nan 
24.875, 81.875, 6.738637675105725e-24, nan 
25.125, 81.875, 9.275544070269712e-24, nan 
25.375, 81.875, 1.6945216244889092e-23, nan 
25.625, 81.875, 1.1790308097245112e-23, nan 
25.875, 81.875, 1.1983380901594012e-23, nan 
26.125, 81.875, 6.870701821316863e-24, nan 
26.375, 81.875, 5.633952097625411e-24, nan 
26.625, 81.875, 4.015491256796254e-24, nan 
26.875, 81.875, 2.248694317855352e-24, nan 
27.125, 81.875, 2.8765448182057522e-24, nan 
27.375, 81.875, 2.41132441506479e-24, nan 
27.625, 81.875, 4.047517320887693e-24, nan 
27.875, 81.875, 6.125210904287843e-24, nan 
28.125, 81.875, 3.4823634982435705e-24, nan 
28.375, 81.875, 4.935567512129023e-24, nan 
28.625, 81.875, 7.88198276260157e-24, nan 
28.875, 81.875, 9.784638155454091e-24, nan 
29.125, 81.875, 1.0662702688681532e-23, nan 
29.375, 81.875, 9.787275243682809e-24, nan 
29.625, 81.875, 4.929024035122678e-24, nan 
29.875, 81.875, 4.1087384379264256e-24, nan 
30.125, 81.875, 6.176929287184296e-24, nan 
30.375, 81.875, 1.0171190755573437e-23, nan 
30.625, 81.875, 1.2473552616015351e-23, nan 
30.875, 81.875, 1.363293605800574e-23, nan 
31.125, 81.875, 1.1404857310221768e-23, nan 
31.375, 81.875, 5.8734853241537344e-24, nan 
31.625, 81.875, 7.464573390847489e-24, nan 
31.875, 81.875, 1.1583124073535102e-23, nan 
32.125, 81.875, 1.2061362089355493e-23, nan 
32.375, 81.875, 1.21479627766226e-23, nan 
32.625, 81.875, 8.759972261715651e-24, nan 
32.875, 81.875, 6.753699664759746e-24, nan 
33.125, 81.875, 6.448497559202445e-24, nan 
33.375, 81.875, 6.729136653119947e-24, nan 
33.625, 81.875, 5.068544268755716e-24, nan 
33.875, 81.875, 5.923317281933037e-24, nan 
34.125, 81.875, 1.0691158804770834e-23, nan 
34.375, 81.875, 1.8674507374560296e-23, nan 
34.625, 81.875, 2.21186263060495e-23, nan 
34.875, 81.875, 2.1499441484202615e-23, nan 
35.125, 81.875, 8.234795965682649e-24, nan 
35.375, 81.875, 1.0226635165001515e-23, nan 
35.625, 81.875, 8.69501467025924e-24, nan 
35.875, 81.875, 5.7729046002053515e-24, nan 
36.125, 81.875, 5.1597863522731164e-24, nan 
36.375, 81.875, 1.0060415439347026e-23, nan 
36.625, 81.875, 9.533424560667104e-24, nan 
36.875, 81.875, 9.430825345796096e-24, nan 
37.125, 81.875, 7.920097263136243e-24, nan 
37.375, 81.875, 2.4466317327535201e-23, nan 
37.625, 81.875, 2.8651518551668724e-23, nan 
37.875, 81.875, 1.7581709311893243e-23, nan 
38.125, 81.875, 2.785332992527774e-23, nan 
38.375, 81.875, 2.833132174041756e-23, nan 
38.625, 81.875, 2.3469994920564843e-23, nan 
38.875, 81.875, 1.9239890900612312e-23, nan 
39.125, 81.875, 2.112163079260661e-23, nan 
39.375, 81.875, 1.7771293296703e-23, nan 
39.625, 81.875, 1.6608684989196684e-23, nan 
39.875, 81.875, 1.771345027757209e-23, nan 
40.125, 81.875, 1.6427616661454678e-23, nan 
40.375, 81.875, 1.4334390459832487e-23, nan 
40.625, 81.875, 1.395680159091691e-23, nan 
40.875, 81.875, 1.2520136839869948e-23, nan 
41.125, 81.875, 1.0374474556098209e-23, nan 
41.375, 81.875, 5.969358186832024e-24, nan 
41.625, 81.875, 6.24525226853527e-24, nan 
41.875, 81.875, 4.947556101533555e-24, nan 
42.125, 81.875, 3.909109373584399e-24, nan 
42.375, 81.875, 2.6608281472214755e-24, nan 
42.625, 81.875, 8.606345279319618e-24, nan 
42.875, 81.875, 5.569393613397166e-24, nan 
43.125, 81.875, 5.014799724432298e-24, nan 
43.375, 81.875, 9.191593571004414e-24, nan 
43.625, 81.875, 8.334238068617582e-24, nan 
43.875, 81.875, 8.552457591472722e-24, nan 
44.125, 81.875, 7.469696899443613e-24, nan 
44.375, 81.875, 1.2150615109223404e-23, nan 
44.625, 81.875, 7.200919069339262e-24, nan 
44.875, 81.875, 6.5596108786424325e-24, nan 
45.125, 81.875, 1.1014432143336914e-23, nan 
45.375, 81.875, 1.0732155366635174e-23, nan 
45.625, 81.875, 9.926182379892531e-24, nan 
45.875, 81.875, 8.960711498572871e-24, nan 
46.125, 81.875, 6.354377048371293e-24, nan 
46.375, 81.875, 5.822753443033486e-24, nan 
46.625, 81.875, 5.84845785957828e-24, nan 
46.875, 81.875, 4.7331714349846316e-24, nan 
47.125, 81.875, 3.857214314309193e-24, nan 
47.375, 81.875, 3.6930791425127136e-24, nan 
47.625, 81.875, 5.427376397732408e-24, nan 
47.875, 81.875, 9.915892604352466e-24, nan 
48.125, 81.875, 2.228921517824672e-24, nan 
48.375, 81.875, 2.068492374727177e-24, nan 
48.625, 81.875, 6.230836294971373e-24, nan 
48.875, 81.875, 2.2743906452386393e-24, nan 
49.125, 81.875, 6.376063756496469e-24, nan 
49.375, 81.875, 1.113395911303579e-23, nan 
49.625, 81.875, 1.5311878883965553e-23, nan 
49.875, 81.875, 2.030022916182098e-23, nan 
50.125, 81.875, 2.0744365114578695e-23, nan 
50.375, 81.875, 2.4085635589315248e-23, nan 
50.625, 81.875, 2.5654986596996387e-23, nan 
50.875, 81.875, 1.905444218620811e-23, nan 
51.125, 81.875, 7.579728367807063e-24, nan 
51.375, 81.875, 1.5508791499633082e-23, nan 
51.625, 81.875, 3.2608872626883048e-24, nan 
51.875, 81.875, 4.2916439018904386e-24, nan 
52.125, 81.875, 3.859598967391157e-24, nan 
52.375, 81.875, 3.413270860219463e-24, nan 
52.625, 81.875, 2.817726268815586e-24, nan 
52.875, 81.875, 2.543333899930252e-24, nan 
53.125, 81.875, 1.789243471026824e-24, nan 
53.375, 81.875, 1.627073973274043e-24, nan 
53.625, 81.875, 1.4027899787965464e-24, nan 
53.875, 81.875, 1.4636107458123271e-24, nan 
54.125, 81.875, 1.0800817859686695e-24, nan 
54.375, 81.875, 1.4703305345472585e-24, nan 
54.625, 81.875, 1.0984419065671645e-24, nan 
54.875, 81.875, 9.430045850217553e-25, nan 
55.125, 81.875, 8.90302571892438e-25, nan 
55.375, 81.875, 2.1135564799773735e-24, nan 
55.625, 81.875, 1.8455802440926168e-24, nan 
55.875, 81.875, 1.4238788045702243e-24, nan 
56.125, 81.875, 2.4630970603524987e-24, nan 
56.375, 81.875, 5.274315557254402e-24, nan 
56.625, 81.875, 3.340308604183192e-24, nan 
56.875, 81.875, 3.0762389147596085e-24, nan 
57.125, 81.875, 3.1385496884689328e-24, nan 
57.375, 81.875, 3.589687916678979e-24, nan 
57.625, 81.875, 4.15369670707434e-24, nan 
57.875, 81.875, 4.332757013448634e-24, nan 
58.125, 81.875, 8.912627325752445e-24, nan 
58.375, 81.875, 5.438698359922481e-24, nan 
58.625, 81.875, 5.161221937041449e-24, nan 
58.875, 81.875, 4.968991156285745e-24, nan 
59.125, 81.875, 5.596565165642593e-24, nan 
59.375, 81.875, 6.319732160728999e-24, nan 
59.625, 81.875, 4.103243421679245e-24, nan 
59.875, 81.875, 5.071821267603946e-24, nan 
60.125, 81.875, 3.636903894637545e-24, nan 
60.375, 81.875, 3.1532810860407935e-24, nan 
60.625, 81.875, 3.668622604822271e-24, nan 
60.875, 81.875, 2.6828766278491786e-24, nan 
61.125, 81.875, 2.0369791502527196e-24, nan 
61.375, 81.875, 1.8329459724832077e-24, nan 
61.625, 81.875, 5.718912316229993e-24, nan 
61.875, 81.875, 9.469969084081113e-24, nan 
62.125, 81.875, 1.0661733035010082e-23, nan 
62.375, 81.875, 9.341963114604445e-24, nan 
62.625, 81.875, 1.0035348838017606e-23, nan 
62.875, 81.875, 8.163482254879679e-24, nan 
63.125, 81.875, 6.323014630928646e-24, nan 
63.375, 81.875, 6.189357669821513e-24, nan 
63.625, 81.875, 1.1453590907407155e-23, nan 
63.875, 81.875, 1.3634073556140944e-23, nan 
64.125, 81.875, 1.2049043234249704e-23, nan 
64.375, 81.875, 1.5096995858128507e-23, nan 
64.625, 81.875, 1.2606627743395225e-23, nan 
64.875, 81.875, 1.2206053771261406e-23, nan 
65.125, 81.875, 1.1905625031092585e-23, nan 
65.375, 81.875, 1.0824859220077278e-23, nan 
65.625, 81.875, 1.0473517420395831e-23, nan 
65.875, 81.875, 9.044934207736088e-24, nan 
66.125, 81.875, 9.605838739176926e-24, nan 
66.375, 81.875, 9.463631504644386e-24, nan 
66.625, 81.875, 9.51154856587915e-24, nan 
66.875, 81.875, 7.988936304652856e-24, nan 
67.125, 81.875, 8.184940001654621e-24, nan 
67.375, 81.875, 7.791033681135617e-24, nan 
67.625, 81.875, 7.278286894024408e-24, nan 
67.875, 81.875, 8.438981113306469e-24, nan 
68.125, 81.875, 7.315632288846588e-24, nan 
68.375, 81.875, 7.358375256874866e-24, nan 
68.625, 81.875, 7.16377816705208e-24, nan 
68.875, 81.875, 6.383362953538156e-24, nan 
69.125, 81.875, 4.955618108815205e-24, nan 
69.375, 81.875, 3.3054372686702187e-24, nan 
69.625, 81.875, 3.356688556186667e-24, nan 
69.875, 81.875, 1.9227242389097197e-24, nan 
70.125, 81.875, 3.730303536242213e-24, nan 
70.375, 81.875, 4.978179775569285e-24, nan 
70.625, 81.875, 5.94581175849413e-24, nan 
70.875, 81.875, 6.030704120562502e-24, nan 
71.125, 81.875, 3.697404045457944e-24, nan 
71.375, 81.875, 5.105505201573157e-24, nan 
71.625, 81.875, 8.299795016613757e-24, nan 
71.875, 81.875, 1.0234753899557456e-23, nan 
72.125, 81.875, 1.0062232170071911e-23, nan 
72.375, 81.875, 8.537472340120585e-24, nan 
72.625, 81.875, 5.76373166759689e-24, nan 
72.875, 81.875, 3.349792236882043e-24, nan 
73.125, 81.875, 9.607823344244206e-24, nan 
-104.125, 82.125, 6.311295641387793e-23, nan 
-103.875, 82.125, 6.560715321900007e-23, nan 
-103.625, 82.125, 5.70628032599639e-23, nan 
-103.375, 82.125, 3.221503616177391e-23, nan 
-103.125, 82.125, 2.5987997748975103e-23, nan 
-102.875, 82.125, 2.6487425396262494e-23, nan 
-102.625, 82.125, 2.651274973217618e-23, nan 
-102.375, 82.125, 3.115915313915869e-23, nan 
-102.125, 82.125, 2.724403743377542e-23, nan 
-101.875, 82.125, 2.9796720186175714e-23, nan 
-101.625, 82.125, 2.7330213053063266e-23, nan 
-101.375, 82.125, 1.546312656677427e-23, nan 
-101.125, 82.125, 1.2652131191335068e-23, nan 
-100.875, 82.125, 1.2763329420695935e-23, nan 
-100.625, 82.125, 1.5944830362348528e-23, nan 
-100.375, 82.125, 1.4411090286200228e-23, nan 
-100.125, 82.125, 1.5209003152612645e-23, nan 
-99.875, 82.125, 1.476413711847262e-23, nan 
-99.625, 82.125, 1.0596765439201095e-23, nan 
-99.375, 82.125, 1.3740978622072248e-23, nan 
-99.125, 82.125, 1.3719183240309903e-23, nan 
-98.875, 82.125, 1.4645717402407707e-23, nan 
-98.625, 82.125, 1.444781523692949e-23, nan 
-98.375, 82.125, 1.3220299398415908e-23, nan 
-98.125, 82.125, 1.3862559458541136e-23, nan 
-97.875, 82.125, 1.2187767532477706e-23, nan 
-97.625, 82.125, 1.3512348006648293e-23, nan 
-97.375, 82.125, 1.4157792522800986e-23, nan 
-97.125, 82.125, 1.744099710443925e-23, nan 
-96.875, 82.125, 1.9083131558276855e-23, nan 
-96.625, 82.125, 1.935259219469061e-23, nan 
-96.375, 82.125, 2.349762364427144e-23, nan 
-96.125, 82.125, 2.4302591604917628e-23, nan 
-95.875, 82.125, 2.3037179089850512e-23, nan 
-95.625, 82.125, 2.2116863892551856e-23, nan 
-95.375, 82.125, 2.3327261851382212e-23, nan 
-95.125, 82.125, 2.5480412712859043e-23, nan 
-94.875, 82.125, 2.665669216486856e-23, nan 
-94.625, 82.125, 2.4171350461691796e-23, nan 
-94.375, 82.125, 2.925945408325865e-23, nan 
-94.125, 82.125, 2.3883119248255135e-23, nan 
-93.875, 82.125, 2.1117768724688612e-23, nan 
-93.625, 82.125, 2.051069348728882e-23, nan 
-93.375, 82.125, 2.111917744784453e-23, nan 
-93.125, 82.125, 2.2954567199236895e-23, nan 
-92.875, 82.125, 2.2016577650690917e-23, nan 
-92.625, 82.125, 2.6314617540013876e-23, nan 
-92.375, 82.125, 3.1871367359935995e-23, nan 
-92.125, 82.125, 3.55819316275676e-23, nan 
-91.875, 82.125, 3.4075672992086484e-23, nan 
-91.625, 82.125, 3.5136509280112444e-23, nan 
-91.375, 82.125, 3.567984658354869e-23, nan 
-91.125, 82.125, 4.012241583114058e-23, nan 
-90.875, 82.125, 4.063868394074038e-23, nan 
-90.625, 82.125, 3.5728841351847194e-23, nan 
-90.375, 82.125, 4.491831995734347e-23, nan 
-90.125, 82.125, 4.2210391112533234e-23, nan 
-89.875, 82.125, 4.1049721075595004e-23, nan 
-89.625, 82.125, 3.994948002751447e-23, nan 
-89.375, 82.125, 4.010165336516636e-23, nan 
-89.125, 82.125, 3.6936825480576977e-23, nan 
-88.875, 82.125, 3.451734634769082e-23, nan 
-88.625, 82.125, 3.469465163250909e-23, nan 
-88.375, 82.125, 3.52287397037053e-23, nan 
-88.125, 82.125, 2.815293299846556e-23, nan 
-87.875, 82.125, 3.0506078715607634e-23, nan 
-87.625, 82.125, 3.190848902800329e-23, nan 
-87.375, 82.125, 3.268229226938474e-23, nan 
-87.125, 82.125, 3.893342710777905e-23, nan 
-86.875, 82.125, 3.13048299022155e-23, nan 
-86.625, 82.125, 2.696107784877218e-23, nan 
-86.375, 82.125, 3.226328446653013e-23, nan 
-86.125, 82.125, 3.432388568896204e-23, nan 
-85.875, 82.125, 3.420894014590937e-23, nan 
-85.625, 82.125, 2.1664946646141517e-23, nan 
-85.375, 82.125, 2.8813679008064176e-23, nan 
-85.125, 82.125, 3.05111236972555e-23, nan 
-84.875, 82.125, 2.1185470331740354e-23, nan 
-84.625, 82.125, 1.2072378755224558e-23, nan 
-84.375, 82.125, 1.6641809885886923e-23, nan 
-84.125, 82.125, 1.803326349786364e-23, nan 
-83.875, 82.125, 2.079600486123399e-23, nan 
-83.625, 82.125, 1.87070009884529e-23, nan 
-83.375, 82.125, 4.240324282833963e-23, nan 
-83.125, 82.125, 4.2368778289414493e-23, nan 
-82.875, 82.125, 9.838267560946609e-23, nan 
-82.625, 82.125, 2.3156282796528637e-22, nan 
-82.375, 82.125, 2.706629278046177e-22, nan 
-82.125, 82.125, 3.155926681272404e-22, nan 
-81.875, 82.125, 3.1568498273266344e-22, nan 
-81.625, 82.125, 3.064858923654221e-22, nan 
-81.375, 82.125, 2.890716528132981e-22, nan 
-81.125, 82.125, 2.5039071040997117e-22, nan 
-80.875, 82.125, 2.71981553926132e-22, nan 
-80.625, 82.125, 3.2973962202274403e-22, nan 
-80.375, 82.125, 3.156467864917643e-22, nan 
-80.125, 82.125, 3.0460271621214975e-22, nan 
-79.875, 82.125, 3.0161184802335773e-22, nan 
-79.625, 82.125, 2.8694163066792157e-22, nan 
-79.375, 82.125, 2.5681533498343977e-22, nan 
-79.125, 82.125, 2.1166545355147598e-22, nan 
-78.875, 82.125, 2.0515426281540778e-22, nan 
-78.625, 82.125, 1.8613957496127122e-22, nan 
-78.375, 82.125, 1.4658374227985997e-22, nan 
-78.125, 82.125, 2.124768478097333e-22, nan 
-77.875, 82.125, 1.3432540616248615e-22, nan 
-77.625, 82.125, 1.1795066460247732e-22, nan 
-77.375, 82.125, 1.486502730144425e-22, nan 
-77.125, 82.125, 1.569666422421112e-22, nan 
-76.875, 82.125, 1.7079045851304648e-22, nan 
-76.625, 82.125, 1.938068336759245e-22, nan 
-76.375, 82.125, 2.109838925934594e-22, nan 
-76.125, 82.125, 2.0570107537804265e-22, nan 
-75.875, 82.125, 1.5279507325046432e-22, nan 
-75.625, 82.125, 1.7668620613903019e-22, nan 
-75.375, 82.125, 1.8463729507567965e-22, nan 
-75.125, 82.125, 2.1866279639997546e-22, nan 
-74.875, 82.125, 2.5270657775971315e-22, nan 
-74.625, 82.125, 2.7061342754002595e-22, nan 
-74.375, 82.125, 2.7931332473403945e-22, nan 
-74.125, 82.125, 2.200580948464766e-22, nan 
-73.875, 82.125, 1.8542560125264912e-22, nan 
-73.625, 82.125, 1.6882173316695134e-22, nan 
-73.375, 82.125, 1.5005455601403882e-22, nan 
-73.125, 82.125, 1.4988743597773296e-22, nan 
-72.875, 82.125, 2.7470594319821865e-22, nan 
-72.625, 82.125, 3.773823628806038e-22, nan 
-72.375, 82.125, 3.8237646833661525e-22, nan 
-72.125, 82.125, 4.356666970109438e-22, nan 
-71.875, 82.125, 4.313790678574805e-22, nan 
-71.625, 82.125, 3.9249981963646822e-22, nan 
-71.375, 82.125, 2.681809438145632e-22, nan 
-71.125, 82.125, 2.3688310470623557e-22, nan 
-70.875, 82.125, 2.918580527705936e-22, nan 
-70.625, 82.125, 3.1135665914460157e-22, nan 
-70.375, 82.125, 3.2081894528583624e-22, nan 
-70.125, 82.125, 3.15365101466323e-22, nan 
-69.875, 82.125, 2.949320732437577e-22, nan 
-69.625, 82.125, 2.1541785126235275e-22, nan 
-69.375, 82.125, 1.4011399907667494e-22, nan 
-69.125, 82.125, 5.0410662550996556e-23, nan 
-68.875, 82.125, 4.603444349099712e-23, nan 
-68.625, 82.125, 7.42127469779326e-23, nan 
-68.375, 82.125, 7.295399701878851e-23, nan 
-68.125, 82.125, 5.407758609404732e-23, nan 
-67.875, 82.125, 4.119114122342472e-23, nan 
-67.625, 82.125, 3.463445393356844e-23, nan 
-67.375, 82.125, 3.0970611116653747e-23, nan 
-67.125, 82.125, 2.8345959451188974e-23, nan 
-66.875, 82.125, 2.8033797349262065e-23, nan 
-66.625, 82.125, 2.3004773155961157e-23, nan 
-66.375, 82.125, 1.9183753911064787e-23, nan 
-66.125, 82.125, 1.7470342234166424e-23, nan 
-65.875, 82.125, 1.7334310151590327e-23, nan 
-65.625, 82.125, 1.533635677452947e-23, nan 
-65.375, 82.125, 1.5747986927983406e-23, nan 
-65.125, 82.125, 1.8284716499771035e-23, nan 
-64.875, 82.125, 2.2198146130675985e-23, nan 
-64.625, 82.125, 3.334970487662391e-23, nan 
-64.375, 82.125, 2.8654662346101165e-23, nan 
-64.125, 82.125, 2.3993631703344515e-23, nan 
-63.875, 82.125, 2.031747032248051e-23, nan 
-63.625, 82.125, 2.703900906113997e-23, nan 
-63.375, 82.125, 3.277743191938971e-23, nan 
-63.125, 82.125, 4.05676418241692e-23, nan 
-62.875, 82.125, 6.110895379198458e-23, nan 
-62.625, 82.125, 5.512799475636208e-23, nan 
-62.375, 82.125, 5.487043560433267e-23, nan 
-62.125, 82.125, 4.8922227968567906e-23, nan 
-61.875, 82.125, 4.591596031959779e-23, nan 
-61.625, 82.125, 4.8636801382352775e-23, nan 
-61.375, 82.125, 5.266539002178385e-23, nan 
-61.125, 82.125, 6.206003680701396e-23, nan 
-60.875, 82.125, 1.166758362048964e-22, nan 
-60.625, 82.125, 1.3567627829527648e-22, nan 
-60.375, 82.125, 1.564268407773645e-22, nan 
-60.125, 82.125, 1.9853535183789787e-22, nan 
-59.875, 82.125, 1.5668166179253703e-22, nan 
-59.625, 82.125, 1.5294098385859322e-22, nan 
-59.375, 82.125, 1.4675178318569128e-22, nan 
-59.125, 82.125, 1.501582251205309e-22, nan 
-58.875, 82.125, 1.7722118147377808e-22, nan 
-58.625, 82.125, 1.958424379856849e-22, nan 
-58.375, 82.125, 2.3991794391803537e-22, nan 
-58.125, 82.125, 1.9400563790172878e-22, nan 
-57.875, 82.125, 1.8118504850347784e-22, nan 
-57.625, 82.125, 1.7508542183314683e-22, nan 
-57.375, 82.125, 1.1635174865304758e-22, nan 
-57.125, 82.125, 9.698915329016892e-23, nan 
-56.875, 82.125, 8.541998064109966e-23, nan 
-56.625, 82.125, 5.343774670974929e-23, nan 
-56.375, 82.125, 8.865634880321759e-23, nan 
-56.125, 82.125, 9.369511985915665e-23, nan 
-55.875, 82.125, 8.764274357775451e-23, nan 
-55.625, 82.125, 7.956062027728282e-23, nan 
-55.375, 82.125, 5.530062798943809e-23, nan 
-55.125, 82.125, 4.0831139332833225e-23, nan 
-54.875, 82.125, 3.855921956131794e-23, nan 
-54.625, 82.125, 3.5741094914975303e-23, nan 
-54.375, 82.125, 2.997708258210659e-23, nan 
-54.125, 82.125, 2.246975043190915e-23, nan 
-53.875, 82.125, 1.9177121826088114e-23, nan 
-53.625, 82.125, 1.6018522860117083e-23, nan 
-53.375, 82.125, 1.3688647989833004e-23, nan 
-53.125, 82.125, 1.1541588515160359e-23, nan 
-52.875, 82.125, 1.0806774893316083e-23, nan 
-52.625, 82.125, 1.0671176891664803e-23, nan 
-52.375, 82.125, 1.0971789068539307e-23, nan 
-52.125, 82.125, 9.484807134814398e-24, nan 
-51.875, 82.125, 9.74817035297761e-24, nan 
-51.625, 82.125, 9.930732534794356e-24, nan 
-51.375, 82.125, 1.1117143749997898e-23, nan 
-51.125, 82.125, 1.2083260997985249e-23, nan 
-50.875, 82.125, 1.2223535072393892e-23, nan 
-50.625, 82.125, 1.2014067963122985e-23, nan 
-50.375, 82.125, 1.4341441335783512e-23, nan 
-50.125, 82.125, 1.3369837396367829e-23, nan 
-49.875, 82.125, 1.2925827170170185e-23, nan 
-49.625, 82.125, 1.2204102327397241e-23, nan 
-49.375, 82.125, 1.03829621069627e-23, nan 
-49.125, 82.125, 1.1283138310866564e-23, nan 
-48.875, 82.125, 1.0493359434068281e-23, nan 
-48.625, 82.125, 1.2392365933986515e-23, nan 
-48.375, 82.125, 1.2237097310990776e-23, nan 
-48.125, 82.125, 1.0997123344666155e-23, nan 
-47.875, 82.125, 9.557147612904473e-24, nan 
-47.625, 82.125, 7.436543498880355e-24, nan 
-47.375, 82.125, 8.923036241705545e-24, nan 
-47.125, 82.125, 1.4764913614547452e-23, nan 
-46.875, 82.125, 2.0139529117697795e-23, nan 
-46.625, 82.125, 2.9783941767757047e-23, nan 
-46.375, 82.125, 3.249838912914684e-23, nan 
-46.125, 82.125, 4.7841615342622087e-23, nan 
-45.875, 82.125, 6.095623568621227e-23, nan 
-45.625, 82.125, 6.577536596073777e-23, nan 
-45.375, 82.125, 6.652539643080717e-23, nan 
-45.125, 82.125, 6.939794266188889e-23, nan 
-44.875, 82.125, 8.772091283292388e-23, nan 
-44.625, 82.125, 9.461514699480449e-23, nan 
-44.375, 82.125, 8.773558426259055e-23, nan 
-44.125, 82.125, 8.856328867067574e-23, nan 
-43.875, 82.125, 9.350488525840458e-23, nan 
-43.625, 82.125, 9.244631942567844e-23, nan 
-43.375, 82.125, 8.542464762433561e-23, nan 
-43.125, 82.125, 8.523627959619562e-23, nan 
-42.875, 82.125, 8.132631599196699e-23, nan 
-42.625, 82.125, 6.64471430701545e-23, nan 
-42.375, 82.125, 6.380791167256968e-23, nan 
-42.125, 82.125, 6.661944168894671e-23, nan 
-41.875, 82.125, 6.384751354832745e-23, nan 
-41.625, 82.125, 5.652519419410088e-23, nan 
-41.375, 82.125, 4.281824329780525e-23, nan 
-41.125, 82.125, 4.582273697514385e-23, nan 
-40.875, 82.125, 4.5531053973362543e-23, nan 
-40.625, 82.125, 4.8004577347481545e-23, nan 
-40.375, 82.125, 5.397321562990997e-23, nan 
-40.125, 82.125, 4.1730832494343704e-23, nan 
-39.875, 82.125, 2.995330624032171e-23, nan 
-39.625, 82.125, 3.456436028263654e-23, nan 
-39.375, 82.125, 4.12768467736122e-23, nan 
-39.125, 82.125, 3.926206061163262e-23, nan 
-38.875, 82.125, 3.727705358717574e-23, nan 
-38.625, 82.125, 3.1399348496824394e-23, nan 
-38.375, 82.125, 2.689311463269748e-23, nan 
-38.125, 82.125, 2.548404507412081e-23, nan 
-37.875, 82.125, 2.863475395355174e-23, nan 
-37.625, 82.125, 2.7175835242443953e-23, nan 
-37.375, 82.125, 3.6844730273503043e-23, nan 
-37.125, 82.125, 6.592056373286749e-23, nan 
-36.875, 82.125, 5.400488911610937e-23, nan 
-36.625, 82.125, 3.6382470772408046e-23, nan 
-36.375, 82.125, 3.2380553275319365e-23, nan 
-36.125, 82.125, 3.025420775781338e-23, nan 
-35.875, 82.125, 2.5401112578756333e-23, nan 
-35.625, 82.125, 3.5599987991458446e-23, nan 
-35.375, 82.125, 5.524590684686026e-23, nan 
-35.125, 82.125, 4.927671389302751e-23, nan 
-34.875, 82.125, 3.0042022504853537e-23, nan 
-34.625, 82.125, 2.4170048708059217e-23, nan 
-34.375, 82.125, 2.0641802121173333e-23, nan 
-34.125, 82.125, 2.064380116356624e-23, nan 
-33.875, 82.125, 2.2823068189053915e-23, nan 
-33.625, 82.125, 2.817427754821232e-23, nan 
-33.375, 82.125, 3.438086230967753e-23, nan 
-33.125, 82.125, 3.469844623589978e-23, nan 
-32.875, 82.125, 4.1726931428688214e-23, nan 
-32.625, 82.125, 2.4076174411524575e-23, nan 
-32.375, 82.125, 2.0252426168446927e-23, nan 
-32.125, 82.125, 2.437839293357345e-23, nan 
-31.875, 82.125, 2.968462275504228e-23, nan 
-31.625, 82.125, 3.242220953610136e-23, nan 
-31.375, 82.125, 2.2896233405779032e-23, nan 
-31.125, 82.125, 1.442830419401088e-23, nan 
-30.875, 82.125, 1.2558431588629009e-23, nan 
-30.625, 82.125, 1.302273343329545e-23, nan 
-30.375, 82.125, 1.152904553991587e-23, nan 
-30.125, 82.125, 1.0906876450298064e-23, nan 
-29.875, 82.125, 1.0073311616949968e-23, nan 
-29.625, 82.125, 1.1380187378901261e-23, nan 
-29.375, 82.125, 1.444822276223258e-23, nan 
-29.125, 82.125, 1.7689229212339938e-23, nan 
-28.875, 82.125, 2.108904174713839e-23, nan 
-28.625, 82.125, 2.1628402100078723e-23, nan 
-28.375, 82.125, 1.8850906645849e-23, nan 
-28.125, 82.125, 9.965927104461992e-24, nan 
-27.875, 82.125, 7.683765399978866e-24, nan 
-27.625, 82.125, 1.2900303657354082e-23, nan 
-27.375, 82.125, 1.751809660764012e-23, nan 
-27.125, 82.125, 2.2885491069257127e-23, nan 
-26.875, 82.125, 2.776492339319902e-23, nan 
-26.625, 82.125, 2.6694201277556126e-23, nan 
-26.375, 82.125, 1.9692027157982676e-23, nan 
-26.125, 82.125, 2.2262093043076035e-23, nan 
-25.875, 82.125, 2.0515217675249963e-23, nan 
-25.625, 82.125, 1.8984926782960263e-23, nan 
-25.375, 82.125, 1.6702872341880083e-23, nan 
-25.125, 82.125, 1.2012985562476116e-23, nan 
-24.875, 82.125, 1.2263729952333698e-23, nan 
-24.625, 82.125, 1.8138595398961346e-23, nan 
-24.375, 82.125, 2.2281202216829405e-23, nan 
-24.125, 82.125, 1.9335052557887794e-23, nan 
-23.875, 82.125, 1.8173300840780733e-23, nan 
-23.625, 82.125, 1.4581562416297823e-23, nan 
-23.375, 82.125, 1.0483235701881959e-23, nan 
-23.125, 82.125, 1.0127522348768802e-23, nan 
-22.875, 82.125, 1.2385536905200654e-23, nan 
-22.625, 82.125, 1.5269810547462669e-23, nan 
-22.375, 82.125, 1.2799943589379009e-23, nan 
-22.125, 82.125, 1.408175534258504e-23, nan 
-21.875, 82.125, 2.0281530470276066e-23, nan 
-21.625, 82.125, 2.819354780992785e-23, nan 
-21.375, 82.125, 1.7025814353212005e-23, nan 
-21.125, 82.125, 1.2381257605502814e-23, nan 
-20.875, 82.125, 1.061444602061981e-23, nan 
-20.625, 82.125, 1.3388324091106776e-23, nan 
-20.375, 82.125, 1.49460997475113e-23, nan 
-20.125, 82.125, 1.436534152828248e-23, nan 
-19.875, 82.125, 1.3544524862742438e-23, nan 
-19.625, 82.125, 1.2405703246854088e-23, nan 
-19.375, 82.125, 9.02789675007474e-24, nan 
-19.125, 82.125, 6.5227697041254446e-24, nan 
-18.875, 82.125, 7.46675892066833e-24, nan 
-18.625, 82.125, 8.16920926925493e-24, nan 
-18.375, 82.125, 6.1819126181768625e-24, nan 
-18.125, 82.125, 4.475517523069535e-24, nan 
-17.875, 82.125, 1.2343837002995119e-23, nan 
-17.625, 82.125, 1.6447273623437052e-23, nan 
-17.375, 82.125, 9.01115907869527e-24, nan 
-17.125, 82.125, 1.6017105042929629e-24, nan 
-16.875, 82.125, 5.286622536617295e-24, nan 
-16.625, 82.125, 7.873924447969756e-24, nan 
-16.375, 82.125, 1.2066059025758018e-23, nan 
-16.125, 82.125, 2.5529286009180477e-23, nan 
-15.875, 82.125, 3.1380001631723424e-23, nan 
-15.625, 82.125, 2.3114461899295164e-23, nan 
-15.375, 82.125, 1.5175692532662568e-23, nan 
-15.125, 82.125, 1.508403723120468e-23, nan 
-14.875, 82.125, 1.1185159502643823e-23, nan 
-14.625, 82.125, 1.2274623907473753e-23, nan 
-14.375, 82.125, 2.1425771096255033e-23, nan 
-14.125, 82.125, 2.6114777012174584e-23, nan 
-13.875, 82.125, 2.0841431393761718e-23, nan 
-13.625, 82.125, 1.5403281102432228e-23, nan 
-13.375, 82.125, 1.2314183378100887e-23, nan 
-13.125, 82.125, 9.666308851764155e-24, nan 
-12.875, 82.125, 8.615368265645825e-24, nan 
-12.625, 82.125, 8.704707758866996e-24, nan 
-12.375, 82.125, 8.420691321229573e-24, nan 
-12.125, 82.125, 7.79871048066457e-24, nan 
-11.875, 82.125, 7.272718560344394e-24, nan 
-11.625, 82.125, 6.914802880370403e-24, nan 
-11.375, 82.125, 6.463955127859133e-24, nan 
-11.125, 82.125, 6.431497948687513e-24, nan 
-10.875, 82.125, 7.218093047918798e-24, nan 
-10.625, 82.125, 7.110037023516639e-24, nan 
-10.375, 82.125, 5.25295128645644e-24, nan 
-10.125, 82.125, 4.585873913788525e-24, nan 
-9.875, 82.125, 4.5992226240947694e-24, nan 
-9.625, 82.125, 5.875062071645842e-24, nan 
-9.375, 82.125, 5.4108364765575755e-24, nan 
-9.125, 82.125, 5.972449951485417e-24, nan 
-8.875, 82.125, 6.128050036946139e-24, nan 
-8.625, 82.125, 6.1256311192949e-24, nan 
-8.375, 82.125, 6.797762539901742e-24, nan 
-8.125, 82.125, 7.140126201327221e-24, nan 
-7.875, 82.125, 7.72777755066507e-24, nan 
-7.625, 82.125, 7.645633940423665e-24, nan 
-7.375, 82.125, 7.43341323063583e-24, nan 
-7.125, 82.125, 7.058562102885995e-24, nan 
-6.875, 82.125, 6.54231170528965e-24, nan 
-6.625, 82.125, 6.0940867468228514e-24, nan 
-6.375, 82.125, 6.16972001065708e-24, nan 
-6.125, 82.125, 6.355425022299522e-24, nan 
-5.875, 82.125, 5.4726707142964214e-24, nan 
-5.625, 82.125, 4.2321108220871056e-24, nan 
-5.375, 82.125, 3.9578211843578804e-24, nan 
-5.125, 82.125, 4.185528089534666e-24, nan 
-4.875, 82.125, 4.187544615839199e-24, nan 
-4.625, 82.125, 3.93102772243196e-24, nan 
-4.375, 82.125, 3.903901535850777e-24, nan 
-4.125, 82.125, 3.745405842927889e-24, nan 
-3.875, 82.125, 3.681958830440941e-24, nan 
-3.625, 82.125, 3.8566424727169226e-24, nan 
-3.375, 82.125, 4.043089557005743e-24, nan 
-3.125, 82.125, 4.3041702742325826e-24, nan 
-2.875, 82.125, 4.44444070459209e-24, nan 
-2.625, 82.125, 4.3186081450472566e-24, nan 
-2.375, 82.125, 4.387022869896568e-24, nan 
-2.125, 82.125, 4.726641700208406e-24, nan 
-1.875, 82.125, 4.894959979999043e-24, nan 
-1.625, 82.125, 4.725385818948189e-24, nan 
-1.375, 82.125, 4.599493272384382e-24, nan 
-1.125, 82.125, 4.600629743914676e-24, nan 
-0.875, 82.125, 4.23542981381355e-24, nan 
-0.625, 82.125, 3.5757800775769764e-24, nan 
-0.375, 82.125, 3.4067414608036205e-24, nan 
-0.125, 82.125, 3.945006124249334e-24, nan 
0.125, 82.125, 3.995956237327905e-24, nan 
0.375, 82.125, 3.0479337118747706e-24, nan 
0.625, 82.125, 2.5452935273407906e-24, nan 
0.875, 82.125, 2.4654569436382493e-24, nan 
1.125, 82.125, 2.483313429887652e-24, nan 
1.375, 82.125, 2.2223373822533582e-24, nan 
1.625, 82.125, 2.0505750525549017e-24, nan 
1.875, 82.125, 2.498890196369369e-24, nan 
2.125, 82.125, 2.799845927729903e-24, nan 
2.375, 82.125, 2.5348329728330793e-24, nan 
2.625, 82.125, 2.5056681559400956e-24, nan 
2.875, 82.125, 2.693094574698896e-24, nan 
3.125, 82.125, 3.0066479140486134e-24, nan 
3.375, 82.125, 3.3224080635296126e-24, nan 
3.625, 82.125, 3.527329974882339e-24, nan 
3.875, 82.125, 3.612965070781521e-24, nan 
4.125, 82.125, 3.7426910712399e-24, nan 
4.375, 82.125, 3.720209351469777e-24, nan 
4.625, 82.125, 3.3135220974552125e-24, nan 
4.875, 82.125, 3.105035575705416e-24, nan 
5.125, 82.125, 2.8971182929984358e-24, nan 
5.375, 82.125, 3.158474928779824e-24, nan 
5.625, 82.125, 3.023863674926551e-24, nan 
5.875, 82.125, 2.7943044491160906e-24, nan 
6.125, 82.125, 2.2759661458408254e-24, nan 
6.375, 82.125, 1.7635080104646953e-24, nan 
6.625, 82.125, 1.563885548778298e-24, nan 
6.875, 82.125, 1.775582722639879e-24, nan 
7.125, 82.125, 2.2628590151940693e-24, nan 
7.375, 82.125, 1.927846502352807e-24, nan 
7.625, 82.125, 1.5140250940644666e-24, nan 
7.875, 82.125, 1.4197788359007428e-24, nan 
8.125, 82.125, 1.715721053206685e-24, nan 
8.375, 82.125, 2.4517138189954426e-24, nan 
8.625, 82.125, 2.8119006923732936e-24, nan 
8.875, 82.125, 2.749485710904217e-24, nan 
9.125, 82.125, 2.543479013244572e-24, nan 
9.375, 82.125, 2.5700960310103825e-24, nan 
9.625, 82.125, 2.8620472751557906e-24, nan 
9.875, 82.125, 3.463027539716511e-24, nan 
10.125, 82.125, 3.6226092921026115e-24, nan 
10.375, 82.125, 3.3922315541824014e-24, nan 
10.625, 82.125, 3.0013213776173593e-24, nan 
10.875, 82.125, 2.9662608501023347e-24, nan 
11.125, 82.125, 2.9122406677893556e-24, nan 
11.375, 82.125, 3.037671269369282e-24, nan 
11.625, 82.125, 3.0823551083583486e-24, nan 
11.875, 82.125, 2.7582580544402467e-24, nan 
12.125, 82.125, 2.339838610870072e-24, nan 
12.375, 82.125, 1.5850815073212434e-24, nan 
12.625, 82.125, 1.5076561057673119e-24, nan 
12.875, 82.125, 1.8647387497703855e-24, nan 
13.125, 82.125, 1.5353363596716196e-24, nan 
13.375, 82.125, 1.2370000856143666e-24, nan 
13.625, 82.125, 1.3056026067059912e-24, nan 
13.875, 82.125, 1.3196949663344684e-24, nan 
14.125, 82.125, 1.3941953033502032e-24, nan 
14.375, 82.125, 1.3910770564694451e-24, nan 
14.625, 82.125, 1.3210177225899746e-24, nan 
14.875, 82.125, 1.5268089181217076e-24, nan 
15.125, 82.125, 1.6583180957985337e-24, nan 
15.375, 82.125, 1.7663823527515856e-24, nan 
15.625, 82.125, 1.5693311762440444e-24, nan 
15.875, 82.125, 1.3967101090251127e-24, nan 
16.125, 82.125, 1.610271471315555e-24, nan 
16.375, 82.125, 1.701770749246817e-24, nan 
16.625, 82.125, 1.7515935141438424e-24, nan 
16.875, 82.125, 1.6420721875357582e-24, nan 
17.125, 82.125, 1.3524559314877523e-24, nan 
17.375, 82.125, 1.2583593881423975e-24, nan 
17.625, 82.125, 1.135036799698043e-24, nan 
17.875, 82.125, 1.0238470343133403e-24, nan 
18.125, 82.125, 1.039501190304734e-24, nan 
18.375, 82.125, 1.1378346751220517e-24, nan 
18.625, 82.125, 9.517842078049449e-25, nan 
18.875, 82.125, 7.469557376246202e-25, nan 
19.125, 82.125, 6.476577854356282e-25, nan 
19.375, 82.125, 7.9827454384589685e-25, nan 
19.625, 82.125, 7.8067204893900615e-25, nan 
19.875, 82.125, 5.400348753385485e-25, nan 
20.125, 82.125, 3.0408000171151812e-25, nan 
20.375, 82.125, 3.010551027126327e-25, nan 
20.625, 82.125, 3.549354718842577e-25, nan 
20.875, 82.125, 4.8938343287626855e-25, nan 
21.125, 82.125, 4.966410147344513e-25, nan 
21.375, 82.125, 6.7768204834189e-25, nan 
21.625, 82.125, 8.356520125985488e-25, nan 
21.875, 82.125, 8.695997870226876e-25, nan 
22.125, 82.125, 8.98075898848455e-25, nan 
22.375, 82.125, 1.0332464862302443e-24, nan 
22.625, 82.125, 1.25175002436736e-24, nan 
22.875, 82.125, 1.3492664815491797e-24, nan 
23.125, 82.125, 1.2238520338398487e-24, nan 
23.375, 82.125, 1.1433350990103061e-24, nan 
23.625, 82.125, 1.2850220831158903e-24, nan 
23.875, 82.125, 1.3973709090233626e-24, nan 
24.125, 82.125, 1.6020831119475654e-24, nan 
24.375, 82.125, 2.067947255657488e-24, nan 
24.625, 82.125, 2.64381251911281e-24, nan 
24.875, 82.125, 2.918145507051996e-24, nan 
25.125, 82.125, 3.505572543520126e-24, nan 
25.375, 82.125, 4.2134930781684876e-24, nan 
25.625, 82.125, 4.7914010281909326e-24, nan 
25.875, 82.125, 4.49521866602891e-24, nan 
26.125, 82.125, 3.453068716067298e-24, nan 
26.375, 82.125, 3.8199171162409916e-24, nan 
26.625, 82.125, 4.265469274665569e-24, nan 
26.875, 82.125, 4.486092932954858e-24, nan 
27.125, 82.125, 6.230957487177451e-24, nan 
27.375, 82.125, 7.077029254355574e-24, nan 
27.625, 82.125, 6.509607282804699e-24, nan 
27.875, 82.125, 5.2119691430511195e-24, nan 
28.125, 82.125, 4.991852609655902e-24, nan 
28.375, 82.125, 5.544335833009499e-24, nan 
28.625, 82.125, 4.520012682530146e-24, nan 
28.875, 82.125, 4.783030648438077e-24, nan 
29.125, 82.125, 6.216397219036686e-24, nan 
29.375, 82.125, 6.693814798327897e-24, nan 
29.625, 82.125, 7.404952661478019e-24, nan 
29.875, 82.125, 7.71836043552331e-24, nan 
30.125, 82.125, 6.375566489619943e-24, nan 
30.375, 82.125, 8.358406986291882e-24, nan 
30.625, 82.125, 9.660881400861957e-24, nan 
30.875, 82.125, 9.909915086107404e-24, nan 
31.125, 82.125, 8.49270491026775e-24, nan 
31.375, 82.125, 1.1782079198414794e-23, nan 
31.625, 82.125, 1.2486493874452025e-23, nan 
31.875, 82.125, 1.0409332994829192e-23, nan 
32.125, 82.125, 1.1925200081559654e-23, nan 
32.375, 82.125, 1.0699452640121287e-23, nan 
32.625, 82.125, 7.955931011863977e-24, nan 
32.875, 82.125, 5.513677210017029e-24, nan 
33.125, 82.125, 7.76116620308557e-24, nan 
33.375, 82.125, 9.310840373984484e-24, nan 
33.625, 82.125, 1.0493514415089696e-23, nan 
33.875, 82.125, 1.2038186587330733e-23, nan 
34.125, 82.125, 9.329862348863329e-24, nan 
34.375, 82.125, 7.855038783029561e-24, nan 
34.625, 82.125, 1.0164876061808437e-23, nan 
34.875, 82.125, 9.520820996336614e-24, nan 
35.125, 82.125, 7.533077236454511e-24, nan 
35.375, 82.125, 9.255869590877584e-24, nan 
35.625, 82.125, 1.426242393433404e-23, nan 
35.875, 82.125, 1.0565618741410536e-23, nan 
36.125, 82.125, 1.0634525256712823e-23, nan 
36.375, 82.125, 1.6363838888758656e-23, nan 
36.625, 82.125, 1.4034573274974577e-23, nan 
36.875, 82.125, 1.176056572905795e-23, nan 
37.125, 82.125, 1.300336290411699e-23, nan 
37.375, 82.125, 1.603177158072731e-23, nan 
37.625, 82.125, 1.460393001989492e-23, nan 
37.875, 82.125, 1.8127551649784748e-23, nan 
38.125, 82.125, 1.7271510230611503e-23, nan 
38.375, 82.125, 1.376776827152952e-23, nan 
38.625, 82.125, 1.4274021210713772e-23, nan 
38.875, 82.125, 1.446038874906404e-23, nan 
39.125, 82.125, 1.4345230294399703e-23, nan 
39.375, 82.125, 1.163024101403773e-23, nan 
39.625, 82.125, 8.740487501667391e-24, nan 
39.875, 82.125, 6.698148430443291e-24, nan 
40.125, 82.125, 9.251677302558114e-24, nan 
40.375, 82.125, 6.497786844877052e-24, nan 
40.625, 82.125, 6.552663299495932e-24, nan 
40.875, 82.125, 6.123105880761391e-24, nan 
41.125, 82.125, 4.528947158130395e-24, nan 
41.375, 82.125, 4.223225538594017e-24, nan 
41.625, 82.125, 3.944208378701772e-24, nan 
41.875, 82.125, 3.629283474173071e-24, nan 
42.125, 82.125, 2.7167744584035032e-24, nan 
42.375, 82.125, 2.9992629362965848e-24, nan 
42.625, 82.125, 2.1196012965539438e-24, nan 
42.875, 82.125, 1.4608372956773188e-24, nan 
43.125, 82.125, 1.5950388036421653e-24, nan 
43.375, 82.125, 2.3216477990826536e-24, nan 
43.625, 82.125, 2.779286248741777e-24, nan 
43.875, 82.125, 2.5601649932050522e-24, nan 
44.125, 82.125, 3.0817925580427622e-24, nan 
44.375, 82.125, 8.226551605408754e-24, nan 
44.625, 82.125, 5.671754736152877e-24, nan 
44.875, 82.125, 4.5178142980520464e-24, nan 
45.125, 82.125, 7.340605423487596e-24, nan 
45.375, 82.125, 7.009356246431394e-24, nan 
45.625, 82.125, 6.624736399512699e-24, nan 
45.875, 82.125, 5.828899368160165e-24, nan 
46.125, 82.125, 5.9983242257614306e-24, nan 
46.375, 82.125, 5.719031400697997e-24, nan 
46.625, 82.125, 5.3404928359679245e-24, nan 
46.875, 82.125, 4.788123448821025e-24, nan 
47.125, 82.125, 4.3883392040391586e-24, nan 
47.375, 82.125, 4.2348691626011575e-24, nan 
47.625, 82.125, 6.014057876775745e-24, nan 
47.875, 82.125, 7.558131277296124e-24, nan 
48.125, 82.125, 3.859053352692302e-24, nan 
48.375, 82.125, 4.548480111016669e-24, nan 
48.625, 82.125, 5.606608801059945e-24, nan 
48.875, 82.125, 3.009439521465913e-24, nan 
49.125, 82.125, 1.958057746921804e-24, nan 
49.375, 82.125, 3.2849402349400022e-24, nan 
49.625, 82.125, 1.8431999088068857e-24, nan 
49.875, 82.125, 1.731449901586966e-24, nan 
50.125, 82.125, 1.625291985695775e-24, nan 
50.375, 82.125, 1.6013141983932595e-24, nan 
50.625, 82.125, 8.872699337145505e-25, nan 
50.875, 82.125, 2.479259846582203e-24, nan 
51.125, 82.125, 2.1017544887007687e-24, nan 
51.375, 82.125, 2.55303224068811e-24, nan 
51.625, 82.125, 3.365877032768921e-24, nan 
51.875, 82.125, 3.9765397981789925e-24, nan 
52.125, 82.125, 3.469379908386819e-24, nan 
52.375, 82.125, 2.649861977396327e-24, nan 
52.625, 82.125, 2.3234500279586762e-24, nan 
52.875, 82.125, 2.067263522422185e-24, nan 
53.125, 82.125, 2.0836452121810324e-24, nan 
53.375, 82.125, 2.1431943113660213e-24, nan 
53.625, 82.125, 1.8352938579316866e-24, nan 
53.875, 82.125, 1.652498780307727e-24, nan 
54.125, 82.125, 1.7368865023947657e-24, nan 
54.375, 82.125, 1.9608686303425823e-24, nan 
54.625, 82.125, 7.87247015106988e-25, nan 
54.875, 82.125, 1.4284452041268734e-24, nan 
55.125, 82.125, 1.0719312693299763e-24, nan 
55.375, 82.125, 1.8698661113340715e-24, nan 
55.625, 82.125, 8.44891821332604e-25, nan 
55.875, 82.125, 1.5377672812948152e-24, nan 
56.125, 82.125, 2.239044768980343e-24, nan 
56.375, 82.125, 1.0183697113413031e-24, nan 
56.625, 82.125, 3.605784684037675e-24, nan 
56.875, 82.125, 2.681495345452169e-24, nan 
57.125, 82.125, 3.1781891168162646e-24, nan 
57.375, 82.125, 5.181293781288529e-24, nan 
57.625, 82.125, 6.3093818479611255e-24, nan 
57.875, 82.125, 6.68913555050679e-24, nan 
58.125, 82.125, 9.006601001863878e-24, nan 
58.375, 82.125, 8.253381997068408e-24, nan 
58.625, 82.125, 6.52170391074871e-24, nan 
58.875, 82.125, 5.364422090005232e-24, nan 
59.125, 82.125, 8.475253150777548e-24, nan 
59.375, 82.125, 8.622758445146041e-24, nan 
59.625, 82.125, 5.635988006393353e-24, nan 
59.875, 82.125, 7.234130563595556e-24, nan 
60.125, 82.125, 9.387001654366599e-24, nan 
60.375, 82.125, 9.798221229311785e-24, nan 
60.625, 82.125, 9.871737248653622e-24, nan 
60.875, 82.125, 9.004398104988126e-24, nan 
61.125, 82.125, 7.567028441110098e-24, nan 
61.375, 82.125, 6.831353522932487e-24, nan 
61.625, 82.125, 5.96271860915735e-24, nan 
61.875, 82.125, 9.57692957089314e-24, nan 
62.125, 82.125, 1.3977047957350367e-23, nan 
62.375, 82.125, 1.6624299000082142e-23, nan 
62.625, 82.125, 1.7615582438039268e-23, nan 
62.875, 82.125, 1.7201437839064285e-23, nan 
63.125, 82.125, 1.621993950884698e-23, nan 
63.375, 82.125, 1.4194491881931506e-23, nan 
63.625, 82.125, 1.247314599804675e-23, nan 
63.875, 82.125, 1.2347018466886913e-23, nan 
64.125, 82.125, 1.423208329111469e-23, nan 
64.375, 82.125, 1.6846369919480938e-23, nan 
64.625, 82.125, 1.535569674764728e-23, nan 
64.875, 82.125, 1.4637023208028633e-23, nan 
65.125, 82.125, 1.4169520110396546e-23, nan 
65.375, 82.125, 1.3021197056515614e-23, nan 
65.625, 82.125, 1.0765364271426262e-23, nan 
65.875, 82.125, 8.744587860951945e-24, nan 
66.125, 82.125, 9.115382304920121e-24, nan 
66.375, 82.125, 9.144518432370415e-24, nan 
66.625, 82.125, 9.237703986194611e-24, nan 
66.875, 82.125, 7.653460887105418e-24, nan 
67.125, 82.125, 8.271254973090397e-24, nan 
67.375, 82.125, 8.00376011241081e-24, nan 
67.625, 82.125, 7.407587004050215e-24, nan 
67.875, 82.125, 8.679534533302211e-24, nan 
68.125, 82.125, 8.758308657361223e-24, nan 
68.375, 82.125, 1.0490510896169781e-23, nan 
68.625, 82.125, 1.0284814169433737e-23, nan 
68.875, 82.125, 1.0594655727632987e-23, nan 
69.125, 82.125, 9.999379635128641e-24, nan 
69.375, 82.125, 7.675472992069141e-24, nan 
69.625, 82.125, 7.205132045866402e-24, nan 
69.875, 82.125, 7.13617492807735e-24, nan 
70.125, 82.125, 9.863080354068791e-24, nan 
70.375, 82.125, 1.175833703562108e-23, nan 
70.625, 82.125, 1.3907790170143093e-23, nan 
70.875, 82.125, 1.467189450337483e-23, nan 
71.125, 82.125, 9.209724729711312e-24, nan 
71.375, 82.125, 1.0597237708882987e-23, nan 
71.625, 82.125, 1.1551981626625696e-23, nan 
71.875, 82.125, 6.815704882371259e-24, nan 
72.125, 82.125, 1.0173752320336197e-23, nan 
72.375, 82.125, 1.1592957255480987e-23, nan 
72.625, 82.125, 1.3560457668032322e-23, nan 
72.875, 82.125, 6.865663352752893e-24, nan 
73.125, 82.125, 7.783787961149577e-24, nan 
73.375, 82.125, 1.1003659034138295e-23, nan 
73.625, 82.125, 1.1471237854620365e-23, nan 
-104.625, 82.375, 4.757689319905673e-23, nan 
-104.375, 82.375, 2.0284376433704994e-23, nan 
-104.125, 82.375, 1.7057381867403584e-23, nan 
-103.875, 82.375, 1.6670225532749158e-23, nan 
-103.625, 82.375, 1.9652235878295007e-23, nan 
-103.375, 82.375, 1.838985121865349e-23, nan 
-103.125, 82.375, 1.5953179654071437e-23, nan 
-102.875, 82.375, 1.5613062193131532e-23, nan 
-102.625, 82.375, 1.5168942910661148e-23, nan 
-102.375, 82.375, 1.750797245022616e-23, nan 
-102.125, 82.375, 1.5514178671474796e-23, nan 
-101.875, 82.375, 1.6873307472018377e-23, nan 
-101.625, 82.375, 1.8759191959280316e-23, nan 
-101.375, 82.375, 1.6600319910638575e-23, nan 
-101.125, 82.375, 1.6828659786074468e-23, nan 
-100.875, 82.375, 1.7651915948590667e-23, nan 
-100.625, 82.375, 1.713930263476646e-23, nan 
-100.375, 82.375, 1.5035830966770914e-23, nan 
-100.125, 82.375, 1.478372426044934e-23, nan 
-99.875, 82.375, 1.8780330880757664e-23, nan 
-99.625, 82.375, 1.6691578928714363e-23, nan 
-99.375, 82.375, 1.6172550908467695e-23, nan 
-99.125, 82.375, 1.2517801018630181e-23, nan 
-98.875, 82.375, 2.9510783022812046e-23, nan 
-98.625, 82.375, 3.0195777946391746e-23, nan 
-98.375, 82.375, 2.0716797126037803e-23, nan 
-98.125, 82.375, 2.3931778660665962e-23, nan 
-97.875, 82.375, 2.4673580917467202e-23, nan 
-97.625, 82.375, 2.1683577525258348e-23, nan 
-97.375, 82.375, 1.9493873399375395e-23, nan 
-97.125, 82.375, 1.5469038720917875e-23, nan 
-96.875, 82.375, 1.5702476356898343e-23, nan 
-96.625, 82.375, 1.5354076577251177e-23, nan 
-96.375, 82.375, 1.2576378144840907e-23, nan 
-96.125, 82.375, 1.0233187938441907e-23, nan 
-95.875, 82.375, 9.66883325777329e-24, nan 
-95.625, 82.375, 1.9716391135744087e-23, nan 
-95.375, 82.375, 3.23772180553468e-23, nan 
-95.125, 82.375, 2.95513559864836e-23, nan 
-94.875, 82.375, 3.6748238310490153e-23, nan 
-94.625, 82.375, 3.482148171520852e-23, nan 
-94.375, 82.375, 2.7106547290322373e-23, nan 
-94.125, 82.375, 1.3980223141796092e-23, nan 
-93.875, 82.375, 2.705802171175018e-23, nan 
-93.625, 82.375, 3.1481860516814003e-23, nan 
-93.375, 82.375, 6.040827815199299e-23, nan 
-93.125, 82.375, 8.677274304184003e-23, nan 
-92.875, 82.375, 8.715912719249722e-23, nan 
-92.625, 82.375, 6.235601702431182e-23, nan 
-92.375, 82.375, 5.727918185592152e-23, nan 
-92.125, 82.375, 6.576658383001343e-23, nan 
-91.875, 82.375, 5.806707303444667e-23, nan 
-91.625, 82.375, 5.111500121920618e-23, nan 
-91.375, 82.375, 6.647490797951384e-23, nan 
-91.125, 82.375, 7.219774754497919e-23, nan 
-90.875, 82.375, 5.887701653205787e-23, nan 
-90.625, 82.375, 5.196403815883435e-23, nan 
-90.375, 82.375, 5.43356135430041e-23, nan 
-90.125, 82.375, 5.2361580974686975e-23, nan 
-89.875, 82.375, 4.444280802464341e-23, nan 
-89.625, 82.375, 3.23475067377673e-23, nan 
-89.375, 82.375, 3.512066315573709e-23, nan 
-89.125, 82.375, 3.579290444674518e-23, nan 
-88.875, 82.375, 3.6274473244729897e-23, nan 
-88.625, 82.375, 3.250034145631905e-23, nan 
-88.375, 82.375, 2.7773650252389044e-23, nan 
-88.125, 82.375, 3.296182150866638e-23, nan 
-87.875, 82.375, 3.38914952619217e-23, nan 
-87.625, 82.375, 2.77665061782705e-23, nan 
-87.375, 82.375, 2.1766748844861546e-23, nan 
-87.125, 82.375, 2.6048880300332363e-23, nan 
-86.875, 82.375, 3.984836613263717e-23, nan 
-86.625, 82.375, 4.1843121543259423e-23, nan 
-86.375, 82.375, 4.464621624266162e-23, nan 
-86.125, 82.375, 4.599469197991714e-23, nan 
-85.875, 82.375, 3.7216397213779895e-23, nan 
-85.625, 82.375, 3.533509906590151e-23, nan 
-85.375, 82.375, 3.9937569964549693e-23, nan 
-85.125, 82.375, 3.5858688989294373e-23, nan 
-84.875, 82.375, 2.428966226280277e-23, nan 
-84.625, 82.375, 3.3992935376032193e-23, nan 
-84.375, 82.375, 3.2240466393821284e-23, nan 
-84.125, 82.375, 1.6141042153331135e-23, nan 
-83.875, 82.375, 2.0851200684573253e-23, nan 
-83.625, 82.375, 1.9639150501507445e-23, nan 
-83.375, 82.375, 2.0768975773783122e-23, nan 
-83.125, 82.375, 3.041633807149742e-23, nan 
-82.875, 82.375, 3.331289190792083e-23, nan 
-82.625, 82.375, 3.316727353404145e-23, nan 
-82.375, 82.375, 3.383926604110051e-23, nan 
-82.125, 82.375, 3.445117750730599e-23, nan 
-81.875, 82.375, 3.7883837717804656e-23, nan 
-81.625, 82.375, 5.434913684332629e-23, nan 
-81.375, 82.375, 6.358977101008452e-23, nan 
-81.125, 82.375, 1.155757061591241e-22, nan 
-80.875, 82.375, 1.7874800612154048e-22, nan 
-80.625, 82.375, 2.2238647796818823e-22, nan 
-80.375, 82.375, 2.1889226531212253e-22, nan 
-80.125, 82.375, 2.361160288643978e-22, nan 
-79.875, 82.375, 2.1330215902086393e-22, nan 
-79.625, 82.375, 2.477130066026763e-22, nan 
-79.375, 82.375, 2.4681106731754755e-22, nan 
-79.125, 82.375, 2.4768051630781755e-22, nan 
-78.875, 82.375, 2.9443857605433153e-22, nan 
-78.625, 82.375, 2.69983402640464e-22, nan 
-78.375, 82.375, 2.4365051008147076e-22, nan 
-78.125, 82.375, 2.5063824743369557e-22, nan 
-77.875, 82.375, 2.456191224640565e-22, nan 
-77.625, 82.375, 2.1617578826686327e-22, nan 
-77.375, 82.375, 2.2370790583698316e-22, nan 
-77.125, 82.375, 3.2218125752016197e-22, nan 
-76.875, 82.375, 3.080242819675053e-22, nan 
-76.625, 82.375, 2.752368569467038e-22, nan 
-76.375, 82.375, 2.9569229783541314e-22, nan 
-76.125, 82.375, 1.857075391925011e-22, nan 
-75.875, 82.375, 1.0633330326828376e-22, nan 
-75.625, 82.375, 1.1044214292906854e-22, nan 
-75.375, 82.375, 1.449725150370766e-22, nan 
-75.125, 82.375, 1.6038346853780235e-22, nan 
-74.875, 82.375, 2.1705944954377943e-22, nan 
-74.625, 82.375, 2.8179557900923173e-22, nan 
-74.375, 82.375, 2.904740728726257e-22, nan 
-74.125, 82.375, 2.511388399766391e-22, nan 
-73.875, 82.375, 2.6137797739227603e-22, nan 
-73.625, 82.375, 2.6350505953455882e-22, nan 
-73.375, 82.375, 2.557923684186008e-22, nan 
-73.125, 82.375, 2.0407605361877732e-22, nan 
-72.875, 82.375, 2.2297571464088245e-22, nan 
-72.625, 82.375, 2.370605309779922e-22, nan 
-72.375, 82.375, 2.404826487842398e-22, nan 
-72.125, 82.375, 3.0289611078883643e-22, nan 
-71.875, 82.375, 3.1913327106183257e-22, nan 
-71.625, 82.375, 2.982944792128499e-22, nan 
-71.375, 82.375, 1.9987255466731011e-22, nan 
-71.125, 82.375, 1.4270040899052628e-22, nan 
-70.875, 82.375, 1.2917636395220063e-22, nan 
-70.625, 82.375, 1.308861580758668e-22, nan 
-70.375, 82.375, 1.0951229747833636e-22, nan 
-70.125, 82.375, 1.1174342428794733e-22, nan 
-69.875, 82.375, 9.567638574290818e-23, nan 
-69.625, 82.375, 1.0261988600806532e-22, nan 
-69.375, 82.375, 9.521213447823244e-23, nan 
-69.125, 82.375, 5.894138160420985e-23, nan 
-68.875, 82.375, 6.211741999573566e-23, nan 
-68.625, 82.375, 1.3325421653580522e-22, nan 
-68.375, 82.375, 1.2940997769643924e-22, nan 
-68.125, 82.375, 1.006419181186903e-22, nan 
-67.875, 82.375, 1.0131944973274045e-22, nan 
-67.625, 82.375, 9.029621618278701e-23, nan 
-67.375, 82.375, 5.358132622365447e-23, nan 
-67.125, 82.375, 3.4724006564363734e-23, nan 
-66.875, 82.375, 2.6266121887476635e-23, nan 
-66.625, 82.375, 2.744085398875782e-23, nan 
-66.375, 82.375, 1.6886868494123093e-23, nan 
-66.125, 82.375, 1.9181517782846116e-23, nan 
-65.875, 82.375, 1.3759844357125177e-23, nan 
-65.625, 82.375, 1.3827213887446683e-23, nan 
-65.375, 82.375, 1.8817337771638257e-23, nan 
-65.125, 82.375, 2.0957117665302363e-23, nan 
-64.875, 82.375, 1.9134243041779255e-23, nan 
-64.625, 82.375, 2.0374070223156507e-23, nan 
-64.375, 82.375, 2.23264949544581e-23, nan 
-64.125, 82.375, 2.5761658041910383e-23, nan 
-63.875, 82.375, 2.6177686183855395e-23, nan 
-63.625, 82.375, 2.8103273252949e-23, nan 
-63.375, 82.375, 3.072394853993602e-23, nan 
-63.125, 82.375, 3.3833500582149055e-23, nan 
-62.875, 82.375, 4.54698045212203e-23, nan 
-62.625, 82.375, 4.7298593915826457e-23, nan 
-62.375, 82.375, 5.825683309956649e-23, nan 
-62.125, 82.375, 5.536231633351506e-23, nan 
-61.875, 82.375, 5.153299638238959e-23, nan 
-61.625, 82.375, 7.239603765485214e-23, nan 
-61.375, 82.375, 6.446124393699872e-23, nan 
-61.125, 82.375, 4.5032531704053643e-23, nan 
-60.875, 82.375, 3.5619151140038387e-23, nan 
-60.625, 82.375, 4.1555115660214246e-23, nan 
-60.375, 82.375, 5.355261064834241e-23, nan 
-60.125, 82.375, 6.818782326234319e-23, nan 
-59.875, 82.375, 9.017008238601446e-23, nan 
-59.625, 82.375, 1.2076449097751507e-22, nan 
-59.375, 82.375, 1.8612134455975673e-22, nan 
-59.125, 82.375, 1.8068348207708905e-22, nan 
-58.875, 82.375, 1.7609122817170888e-22, nan 
-58.625, 82.375, 1.8838217964897257e-22, nan 
-58.375, 82.375, 2.1662609718987227e-22, nan 
-58.125, 82.375, 1.7595813069834503e-22, nan 
-57.875, 82.375, 1.4534625738627803e-22, nan 
-57.625, 82.375, 1.9741000039452424e-22, nan 
-57.375, 82.375, 1.7365800498651245e-22, nan 
-57.125, 82.375, 1.6462900488196107e-22, nan 
-56.875, 82.375, 1.6803439326987929e-22, nan 
-56.625, 82.375, 1.8143588946635484e-22, nan 
-56.375, 82.375, 1.7250982325183143e-22, nan 
-56.125, 82.375, 1.2761065478431089e-22, nan 
-55.875, 82.375, 9.801262882368389e-23, nan 
-55.625, 82.375, 1.0466129026984912e-22, nan 
-55.375, 82.375, 1.0685854598044792e-22, nan 
-55.125, 82.375, 9.28284748630092e-23, nan 
-54.875, 82.375, 7.846610608813415e-23, nan 
-54.625, 82.375, 7.144192377353284e-23, nan 
-54.375, 82.375, 6.846617182544504e-23, nan 
-54.125, 82.375, 6.432033842982833e-23, nan 
-53.875, 82.375, 6.111247429939178e-23, nan 
-53.625, 82.375, 5.314400380717351e-23, nan 
-53.375, 82.375, 4.7390538614792775e-23, nan 
-53.125, 82.375, 4.0838563433060584e-23, nan 
-52.875, 82.375, 2.9992489484689086e-23, nan 
-52.625, 82.375, 1.8066703438461803e-23, nan 
-52.375, 82.375, 1.2788721311533502e-23, nan 
-52.125, 82.375, 1.0708259732688484e-23, nan 
-51.875, 82.375, 1.0896578447074187e-23, nan 
-51.625, 82.375, 1.0682384011093737e-23, nan 
-51.375, 82.375, 8.634188790232505e-24, nan 
-51.125, 82.375, 9.251137514877703e-24, nan 
-50.875, 82.375, 7.795021773567951e-24, nan 
-50.625, 82.375, 8.295458858332945e-24, nan 
-50.375, 82.375, 1.0352060160351292e-23, nan 
-50.125, 82.375, 1.1291520586775838e-23, nan 
-49.875, 82.375, 1.1130164951259816e-23, nan 
-49.625, 82.375, 9.522170147001613e-24, nan 
-49.375, 82.375, 1.1276543431943558e-23, nan 
-49.125, 82.375, 7.746801136863452e-24, nan 
-48.875, 82.375, 7.76041172710468e-24, nan 
-48.625, 82.375, 9.498491425872507e-24, nan 
-48.375, 82.375, 7.710014229501516e-24, nan 
-48.125, 82.375, 8.604825678959506e-24, nan 
-47.875, 82.375, 1.0386716573584155e-23, nan 
-47.625, 82.375, 1.3184664588741644e-23, nan 
-47.375, 82.375, 6.1105640865443994e-24, nan 
-47.125, 82.375, 7.669723993914068e-24, nan 
-46.875, 82.375, 6.3702114069155535e-24, nan 
-46.625, 82.375, 6.3822780053543656e-24, nan 
-46.375, 82.375, 1.0673356399983782e-23, nan 
-46.125, 82.375, 2.0508447606880624e-23, nan 
-45.875, 82.375, 2.677791729493426e-23, nan 
-45.625, 82.375, 2.9524654433575974e-23, nan 
-45.375, 82.375, 3.290320623296853e-23, nan 
-45.125, 82.375, 4.915943417227802e-23, nan 
-44.875, 82.375, 6.266581054581118e-23, nan 
-44.625, 82.375, 6.439093860239659e-23, nan 
-44.375, 82.375, 6.863718899552463e-23, nan 
-44.125, 82.375, 7.370873457966967e-23, nan 
-43.875, 82.375, 7.785663622950642e-23, nan 
-43.625, 82.375, 7.929841046021242e-23, nan 
-43.375, 82.375, 8.362927717389584e-23, nan 
-43.125, 82.375, 9.251776223605582e-23, nan 
-42.875, 82.375, 9.072352512041051e-23, nan 
-42.625, 82.375, 8.388952100293891e-23, nan 
-42.375, 82.375, 8.057768227425162e-23, nan 
-42.125, 82.375, 8.488200654946701e-23, nan 
-41.875, 82.375, 8.557371542898888e-23, nan 
-41.625, 82.375, 7.287673147661688e-23, nan 
-41.375, 82.375, 6.751924450005848e-23, nan 
-41.125, 82.375, 6.289618953598484e-23, nan 
-40.875, 82.375, 5.7438573002462e-23, nan 
-40.625, 82.375, 5.478989188619995e-23, nan 
-40.375, 82.375, 5.163097916092743e-23, nan 
-40.125, 82.375, 5.050154185653915e-23, nan 
-39.875, 82.375, 4.0863465536093295e-23, nan 
-39.625, 82.375, 3.491814003229039e-23, nan 
-39.375, 82.375, 3.5098824229644785e-23, nan 
-39.125, 82.375, 3.9975693107926793e-23, nan 
-38.875, 82.375, 4.0549269472580974e-23, nan 
-38.625, 82.375, 3.017611886308963e-23, nan 
-38.375, 82.375, 2.1172331272217235e-23, nan 
-38.125, 82.375, 2.3120860216547194e-23, nan 
-37.875, 82.375, 2.4851272938931813e-23, nan 
-37.625, 82.375, 2.6227889747909883e-23, nan 
-37.375, 82.375, 3.078732499055719e-23, nan 
-37.125, 82.375, 4.2498221667206343e-23, nan 
-36.875, 82.375, 4.105671120553464e-23, nan 
-36.625, 82.375, 2.964813846495405e-23, nan 
-36.375, 82.375, 2.765868513317058e-23, nan 
-36.125, 82.375, 2.6320611529079052e-23, nan 
-35.875, 82.375, 2.4102244584419382e-23, nan 
-35.625, 82.375, 3.077594951917475e-23, nan 
-35.375, 82.375, 4.1101693777326966e-23, nan 
-35.125, 82.375, 4.008170917195247e-23, nan 
-34.875, 82.375, 2.8894673021805803e-23, nan 
-34.625, 82.375, 2.3875946887220727e-23, nan 
-34.375, 82.375, 2.2106741061459928e-23, nan 
-34.125, 82.375, 2.1253382534468755e-23, nan 
-33.875, 82.375, 2.3760348367803483e-23, nan 
-33.625, 82.375, 2.0622902005243023e-23, nan 
-33.375, 82.375, 2.1782609139151808e-23, nan 
-33.125, 82.375, 1.977879052697102e-23, nan 
-32.875, 82.375, 1.9898777878995e-23, nan 
-32.625, 82.375, 1.916253024375821e-23, nan 
-32.375, 82.375, 2.2036513776354044e-23, nan 
-32.125, 82.375, 2.4116022533225942e-23, nan 
-31.875, 82.375, 2.0626414182345843e-23, nan 
-31.625, 82.375, 1.9596248401197634e-23, nan 
-31.375, 82.375, 1.9416903303862287e-23, nan 
-31.125, 82.375, 1.7790099734296108e-23, nan 
-30.875, 82.375, 1.599436126545158e-23, nan 
-30.625, 82.375, 1.1244583916620277e-23, nan 
-30.375, 82.375, 8.700251828613567e-24, nan 
-30.125, 82.375, 9.887187511417017e-24, nan 
-29.875, 82.375, 1.0203055521285892e-23, nan 
-29.625, 82.375, 8.08513207835885e-24, nan 
-29.375, 82.375, 1.6150669602203766e-23, nan 
-29.125, 82.375, 2.4512342855737675e-23, nan 
-28.875, 82.375, 2.2058750644094573e-23, nan 
-28.625, 82.375, 1.6450189928796664e-23, nan 
-28.375, 82.375, 1.5019706799766836e-23, nan 
-28.125, 82.375, 1.5059197963615362e-23, nan 
-27.875, 82.375, 1.1692280244278547e-23, nan 
-27.625, 82.375, 1.6066678043882463e-23, nan 
-27.375, 82.375, 2.275363887867385e-23, nan 
-27.125, 82.375, 2.131545082707264e-23, nan 
-26.875, 82.375, 1.6023299047664502e-23, nan 
-26.625, 82.375, 1.5082653858727234e-23, nan 
-26.375, 82.375, 1.6771100738979878e-23, nan 
-26.125, 82.375, 1.5784852504674574e-23, nan 
-25.875, 82.375, 1.381152619501062e-23, nan 
-25.625, 82.375, 1.467351446872628e-23, nan 
-25.375, 82.375, 1.3823499163473272e-23, nan 
-25.125, 82.375, 1.2292334871878395e-23, nan 
-24.875, 82.375, 1.3002697322756432e-23, nan 
-24.625, 82.375, 1.4583713482313616e-23, nan 
-24.375, 82.375, 1.469071668408968e-23, nan 
-24.125, 82.375, 1.473878650077944e-23, nan 
-23.875, 82.375, 1.5220136714559163e-23, nan 
-23.625, 82.375, 1.4712396396570507e-23, nan 
-23.375, 82.375, 1.3289382870107275e-23, nan 
-23.125, 82.375, 1.2773321338015911e-23, nan 
-22.875, 82.375, 1.307994691750478e-23, nan 
-22.625, 82.375, 1.1854963335736792e-23, nan 
-22.375, 82.375, 1.0268023242807436e-23, nan 
-22.125, 82.375, 1.0469712130869422e-23, nan 
-21.875, 82.375, 1.0920842173495978e-23, nan 
-21.625, 82.375, 1.1514170310884407e-23, nan 
-21.375, 82.375, 1.191777066029402e-23, nan 
-21.125, 82.375, 1.1918422751050744e-23, nan 
-20.875, 82.375, 1.0289974305168496e-23, nan 
-20.625, 82.375, 1.040228046783785e-23, nan 
-20.375, 82.375, 1.1839253255349538e-23, nan 
-20.125, 82.375, 1.2338809741501599e-23, nan 
-19.875, 82.375, 1.2428435466594783e-23, nan 
-19.625, 82.375, 1.2585163544391233e-23, nan 
-19.375, 82.375, 1.2302477507212523e-23, nan 
-19.125, 82.375, 9.417752391219285e-24, nan 
-18.875, 82.375, 7.533890741349394e-24, nan 
-18.625, 82.375, 7.39306633593968e-24, nan 
-18.375, 82.375, 8.094244265029424e-24, nan 
-18.125, 82.375, 7.514268857190607e-24, nan 
-17.875, 82.375, 6.250252750659669e-24, nan 
-17.625, 82.375, 9.309317569594535e-24, nan 
-17.375, 82.375, 7.547305001301569e-24, nan 
-17.125, 82.375, 6.140669586609869e-24, nan 
-16.875, 82.375, 8.272632757001397e-24, nan 
-16.625, 82.375, 4.446889628130272e-24, nan 
-16.375, 82.375, 5.351139099386084e-24, nan 
-16.125, 82.375, 1.376684944023848e-23, nan 
-15.875, 82.375, 2.0170217800497175e-23, nan 
-15.625, 82.375, 1.8657288855609556e-23, nan 
-15.375, 82.375, 1.9007987844261865e-23, nan 
-15.125, 82.375, 2.180602488972759e-23, nan 
-14.875, 82.375, 1.335902200004757e-23, nan 
-14.625, 82.375, 1.2015363863765726e-23, nan 
-14.375, 82.375, 1.3897554523968625e-23, nan 
-14.125, 82.375, 1.7516901766088092e-23, nan 
-13.875, 82.375, 1.7649252275612265e-23, nan 
-13.625, 82.375, 1.7560880989936614e-23, nan 
-13.375, 82.375, 1.8562248180331042e-23, nan 
-13.125, 82.375, 1.2075004189729847e-23, nan 
-12.875, 82.375, 9.593853176375766e-24, nan 
-12.625, 82.375, 9.466866084293946e-24, nan 
-12.375, 82.375, 9.309016719849895e-24, nan 
-12.125, 82.375, 7.941583224349106e-24, nan 
-11.875, 82.375, 7.561987650842473e-24, nan 
-11.625, 82.375, 7.687887813147514e-24, nan 
-11.375, 82.375, 7.362308081160333e-24, nan 
-11.125, 82.375, 6.740758023892533e-24, nan 
-10.875, 82.375, 6.689179314135386e-24, nan 
-10.625, 82.375, 6.48263330039166e-24, nan 
-10.375, 82.375, 5.2235197167302986e-24, nan 
-10.125, 82.375, 4.189334761159073e-24, nan 
-9.875, 82.375, 4.343272478164171e-24, nan 
-9.625, 82.375, 4.727345731726898e-24, nan 
-9.375, 82.375, 3.7758185916465796e-24, nan 
-9.125, 82.375, 3.803802721046402e-24, nan 
-8.875, 82.375, 3.9946867363956654e-24, nan 
-8.625, 82.375, 5.058402025898903e-24, nan 
-8.375, 82.375, 6.976214549399791e-24, nan 
-8.125, 82.375, 7.952658024434028e-24, nan 
-7.875, 82.375, 8.974135147415716e-24, nan 
-7.625, 82.375, 8.378897269816871e-24, nan 
-7.375, 82.375, 8.278465313332306e-24, nan 
-7.125, 82.375, 7.825902743861515e-24, nan 
-6.875, 82.375, 7.876682529750453e-24, nan 
-6.625, 82.375, 8.348038468212447e-24, nan 
-6.375, 82.375, 8.740376903638243e-24, nan 
-6.125, 82.375, 9.37017931074104e-24, nan 
-5.875, 82.375, 8.517274525128156e-24, nan 
-5.625, 82.375, 7.081343619649045e-24, nan 
-5.375, 82.375, 6.157768315932727e-24, nan 
-5.125, 82.375, 5.7222527876618195e-24, nan 
-4.875, 82.375, 4.8706854384306714e-24, nan 
-4.625, 82.375, 4.2481987562934325e-24, nan 
-4.375, 82.375, 3.966290886345625e-24, nan 
-4.125, 82.375, 3.393819834267091e-24, nan 
-3.875, 82.375, 2.8981793432115857e-24, nan 
-3.625, 82.375, 3.049213091692261e-24, nan 
-3.375, 82.375, 3.1479944886557306e-24, nan 
-3.125, 82.375, 3.2631687403061617e-24, nan 
-2.875, 82.375, 3.318689462766035e-24, nan 
-2.625, 82.375, 3.435561539216633e-24, nan 
-2.375, 82.375, 3.988904013909514e-24, nan 
-2.125, 82.375, 4.314904992296246e-24, nan 
-1.875, 82.375, 4.433015853774325e-24, nan 
-1.625, 82.375, 4.5917827306056595e-24, nan 
-1.375, 82.375, 4.7015340196486114e-24, nan 
-1.125, 82.375, 4.4737984627419546e-24, nan 
-0.875, 82.375, 4.568958430073226e-24, nan 
-0.625, 82.375, 4.777939232091726e-24, nan 
-0.375, 82.375, 4.644321519950028e-24, nan 
-0.125, 82.375, 4.541868835519488e-24, nan 
0.125, 82.375, 4.34535761095962e-24, nan 
0.375, 82.375, 4.011052778041732e-24, nan 
0.625, 82.375, 4.0858838692866254e-24, nan 
0.875, 82.375, 3.6698607070980725e-24, nan 
1.125, 82.375, 2.9784852379933534e-24, nan 
1.375, 82.375, 2.8820114298452974e-24, nan 
1.625, 82.375, 2.6030837448690107e-24, nan 
1.875, 82.375, 2.093378117876499e-24, nan 
2.125, 82.375, 1.9111250187700847e-24, nan 
2.375, 82.375, 2.0755237703285816e-24, nan 
2.625, 82.375, 2.806454437440684e-24, nan 
2.875, 82.375, 3.205834781843016e-24, nan 
3.125, 82.375, 2.60463323741976e-24, nan 
3.375, 82.375, 3.180960293213489e-24, nan 
3.625, 82.375, 3.201265963406904e-24, nan 
3.875, 82.375, 3.396351056497068e-24, nan 
4.125, 82.375, 3.715846179657609e-24, nan 
4.375, 82.375, 3.954733412419543e-24, nan 
4.625, 82.375, 3.748022135889357e-24, nan 
4.875, 82.375, 4.138522204042661e-24, nan 
5.125, 82.375, 4.650997594117843e-24, nan 
5.375, 82.375, 4.322742497502815e-24, nan 
5.625, 82.375, 4.123214395720815e-24, nan 
5.875, 82.375, 4.1966942230090704e-24, nan 
6.125, 82.375, 4.3536762353333594e-24, nan 
6.375, 82.375, 3.811070356923011e-24, nan 
6.625, 82.375, 3.707378254369719e-24, nan 
6.875, 82.375, 3.5848793365586184e-24, nan 
7.125, 82.375, 3.815487607139765e-24, nan 
7.375, 82.375, 3.313778151083815e-24, nan 
7.625, 82.375, 3.0105144379757496e-24, nan 
7.875, 82.375, 2.9234264255963205e-24, nan 
8.125, 82.375, 2.8453944110402314e-24, nan 
8.375, 82.375, 2.9151946511147616e-24, nan 
8.625, 82.375, 2.790125391666089e-24, nan 
8.875, 82.375, 3.243529798528434e-24, nan 
9.125, 82.375, 3.457976274439787e-24, nan 
9.375, 82.375, 3.135118447297368e-24, nan 
9.625, 82.375, 2.416033518760098e-24, nan 
9.875, 82.375, 2.9176875929622254e-24, nan 
10.125, 82.375, 3.359308163635311e-24, nan 
10.375, 82.375, 3.6997814071144624e-24, nan 
10.625, 82.375, 3.76718092669577e-24, nan 
10.875, 82.375, 3.263500085483043e-24, nan 
11.125, 82.375, 2.911913731651791e-24, nan 
11.375, 82.375, 3.444561128142031e-24, nan 
11.625, 82.375, 3.78331051362155e-24, nan 
11.875, 82.375, 3.6253953212866275e-24, nan 
12.125, 82.375, 3.3850418097193664e-24, nan 
12.375, 82.375, 3.0908547783645996e-24, nan 
12.625, 82.375, 2.815864590157487e-24, nan 
12.875, 82.375, 2.5603832459090496e-24, nan 
13.125, 82.375, 2.0900280366323134e-24, nan 
13.375, 82.375, 1.9737308227401534e-24, nan 
13.625, 82.375, 1.9524202041629554e-24, nan 
13.875, 82.375, 1.880610823166139e-24, nan 
14.125, 82.375, 2.0437496313527957e-24, nan 
14.375, 82.375, 1.7873107932611254e-24, nan 
14.625, 82.375, 1.814640016684826e-24, nan 
14.875, 82.375, 1.7068882455237196e-24, nan 
15.125, 82.375, 1.7774802477356447e-24, nan 
15.375, 82.375, 1.92585927524633e-24, nan 
15.625, 82.375, 1.883916671904482e-24, nan 
15.875, 82.375, 2.1626454246402134e-24, nan 
16.125, 82.375, 2.0367228437025755e-24, nan 
16.375, 82.375, 1.9037312460132504e-24, nan 
16.625, 82.375, 1.8907572875723264e-24, nan 
16.875, 82.375, 2.1176941006620445e-24, nan 
17.125, 82.375, 2.199215451839734e-24, nan 
17.375, 82.375, 2.003898300133939e-24, nan 
17.625, 82.375, 2.0210342646055734e-24, nan 
17.875, 82.375, 1.944611965777292e-24, nan 
18.125, 82.375, 1.924576591645481e-24, nan 
18.375, 82.375, 1.9322882318170285e-24, nan 
18.625, 82.375, 1.78022997021995e-24, nan 
18.875, 82.375, 1.7201315166501262e-24, nan 
19.125, 82.375, 1.7632148614462683e-24, nan 
19.375, 82.375, 1.7469446702857472e-24, nan 
19.625, 82.375, 1.585897660683498e-24, nan 
19.875, 82.375, 1.5476247081445123e-24, nan 
20.125, 82.375, 1.6279077918938137e-24, nan 
20.375, 82.375, 1.5534795521610393e-24, nan 
20.625, 82.375, 1.447861694826203e-24, nan 
20.875, 82.375, 1.3890120533899305e-24, nan 
21.125, 82.375, 1.480607006248248e-24, nan 
21.375, 82.375, 1.4220819784332086e-24, nan 
21.625, 82.375, 1.2510828654489241e-24, nan 
21.875, 82.375, 1.0977905061731093e-24, nan 
22.125, 82.375, 1.1304713396159894e-24, nan 
22.375, 82.375, 1.2182824500186542e-24, nan 
22.625, 82.375, 1.1213007377152899e-24, nan 
22.875, 82.375, 1.0064877668930963e-24, nan 
23.125, 82.375, 1.093765945777959e-24, nan 
23.375, 82.375, 9.894822626066525e-25, nan 
23.625, 82.375, 9.385874089984739e-25, nan 
23.875, 82.375, 7.919785471591893e-25, nan 
24.125, 82.375, 7.525333205079929e-25, nan 
24.375, 82.375, 7.485726800220502e-25, nan 
24.625, 82.375, 6.709508955878492e-25, nan 
24.875, 82.375, 4.016321702698681e-25, nan 
25.125, 82.375, 5.578232067009535e-25, nan 
25.375, 82.375, 7.293500710072874e-25, nan 
25.625, 82.375, 8.059749557855216e-25, nan 
25.875, 82.375, 1.3351224147951595e-24, nan 
26.125, 82.375, 1.8355824269341345e-24, nan 
26.375, 82.375, 1.9565209400081074e-24, nan 
26.625, 82.375, 2.093621216256951e-24, nan 
26.875, 82.375, 2.9349114232213423e-24, nan 
27.125, 82.375, 3.909311005033706e-24, nan 
27.375, 82.375, 4.2337158169506226e-24, nan 
27.625, 82.375, 4.120162635116834e-24, nan 
27.875, 82.375, 3.2329659161730822e-24, nan 
28.125, 82.375, 3.943982440483677e-24, nan 
28.375, 82.375, 4.952498090398165e-24, nan 
28.625, 82.375, 4.0415176191571986e-24, nan 
28.875, 82.375, 1.5482826492180442e-24, nan 
29.125, 82.375, 1.3006910174627295e-24, nan 
29.375, 82.375, 3.485611104693507e-24, nan 
29.625, 82.375, 1.933873771165386e-24, nan 
29.875, 82.375, 2.5488955924849516e-24, nan 
30.125, 82.375, 3.8794431196125914e-24, nan 
30.375, 82.375, 3.965424974355014e-24, nan 
30.625, 82.375, 5.103849953679165e-24, nan 
30.875, 82.375, 5.3635099457875556e-24, nan 
31.125, 82.375, 6.95085929880774e-24, nan 
31.375, 82.375, 8.339411966723282e-24, nan 
31.625, 82.375, 1.1497123724907219e-23, nan 
31.875, 82.375, 1.1417386220454178e-23, nan 
32.125, 82.375, 1.2929866042611399e-23, nan 
32.375, 82.375, 1.3341867002307788e-23, nan 
32.625, 82.375, 1.348699211150543e-23, nan 
32.875, 82.375, 9.671893416303541e-24, nan 
33.125, 82.375, 5.874884902410088e-24, nan 
33.375, 82.375, 1.2216639409841754e-23, nan 
33.625, 82.375, 1.377340466717783e-23, nan 
33.875, 82.375, 1.659629261169204e-23, nan 
34.125, 82.375, 1.7169105437672743e-23, nan 
34.375, 82.375, 1.8840697116195878e-23, nan 
34.625, 82.375, 1.2460051059412824e-23, nan 
34.875, 82.375, 8.46674753011763e-24, nan 
35.125, 82.375, 1.1190576040003166e-23, nan 
35.375, 82.375, 1.632372572128707e-23, nan 
35.625, 82.375, 1.1533759751699417e-23, nan 
35.875, 82.375, 9.440906075123675e-24, nan 
36.125, 82.375, 1.0100678703301463e-23, nan 
36.375, 82.375, 1.1549544075019182e-23, nan 
36.625, 82.375, 1.0906327768546143e-23, nan 
36.875, 82.375, 9.656348767018634e-24, nan 
37.125, 82.375, 1.5241654770319555e-23, nan 
37.375, 82.375, 1.3925761152819547e-23, nan 
37.625, 82.375, 1.0856094890477804e-23, nan 
37.875, 82.375, 1.5357512349361795e-23, nan 
38.125, 82.375, 1.8528830252264323e-23, nan 
38.375, 82.375, 1.3874869801100157e-23, nan 
38.625, 82.375, 1.515427226461919e-23, nan 
38.875, 82.375, 1.4649351669471743e-23, nan 
39.125, 82.375, 1.3772976735716855e-23, nan 
39.375, 82.375, 1.1690395141400423e-23, nan 
39.625, 82.375, 9.784372958569365e-24, nan 
39.875, 82.375, 1.2679639092618855e-23, nan 
40.125, 82.375, 9.889391084007832e-24, nan 
40.375, 82.375, 1.037534794788666e-23, nan 
40.625, 82.375, 9.515124488377646e-24, nan 
40.875, 82.375, 8.187243034431852e-24, nan 
41.125, 82.375, 7.406700508251296e-24, nan 
41.375, 82.375, 5.812731566856364e-24, nan 
41.625, 82.375, 6.429567456204273e-24, nan 
41.875, 82.375, 7.163307817053373e-24, nan 
42.125, 82.375, 4.658850011012194e-24, nan 
42.375, 82.375, 5.7163257888304524e-24, nan 
42.625, 82.375, 7.214790305972112e-24, nan 
42.875, 82.375, 6.812744423710818e-24, nan 
43.125, 82.375, 5.194960465062065e-24, nan 
43.375, 82.375, 5.7968355750731134e-24, nan 
43.625, 82.375, 5.938435901353352e-24, nan 
43.875, 82.375, 4.537018523723517e-24, nan 
44.125, 82.375, 5.452378182291055e-24, nan 
44.375, 82.375, 8.451906412207686e-24, nan 
44.625, 82.375, 7.344495952277838e-24, nan 
44.875, 82.375, 4.6309477902048186e-24, nan 
45.125, 82.375, 4.401818072897632e-24, nan 
45.375, 82.375, 2.6318613729030753e-24, nan 
45.625, 82.375, 3.370451924078252e-24, nan 
45.875, 82.375, 4.400355062856839e-24, nan 
46.125, 82.375, 9.171014232505189e-24, nan 
46.375, 82.375, 7.177602377391025e-24, nan 
46.625, 82.375, 7.623577862162875e-24, nan 
46.875, 82.375, 7.214131616757898e-24, nan 
47.125, 82.375, 4.710477946158864e-24, nan 
47.375, 82.375, 4.346274159675745e-24, nan 
47.625, 82.375, 5.049481932247064e-24, nan 
47.875, 82.375, 7.16589811702609e-24, nan 
48.125, 82.375, 5.828659339690359e-24, nan 
48.375, 82.375, 8.020206463180113e-24, nan 
48.625, 82.375, 7.665682140415886e-24, nan 
48.875, 82.375, 5.466711388779882e-24, nan 
49.125, 82.375, 6.239650522534708e-24, nan 
49.375, 82.375, 6.063138425403125e-24, nan 
49.625, 82.375, 5.811967934714305e-24, nan 
49.875, 82.375, 4.26600005132944e-24, nan 
50.125, 82.375, 4.289779231644843e-24, nan 
50.375, 82.375, 3.554422499031725e-24, nan 
50.625, 82.375, 3.0527698748868886e-24, nan 
50.875, 82.375, 2.1990733345403936e-24, nan 
51.125, 82.375, 3.087020500324405e-24, nan 
51.375, 82.375, 2.7685690178921204e-24, nan 
51.625, 82.375, 2.737455125288019e-24, nan 
51.875, 82.375, 2.2422123537014743e-24, nan 
52.125, 82.375, 1.5455729921164239e-24, nan 
52.375, 82.375, 7.896909578460523e-25, nan 
52.625, 82.375, 6.644529927049785e-25, nan 
52.875, 82.375, 1.5822425306890427e-24, nan 
53.125, 82.375, 1.434459671284256e-24, nan 
53.375, 82.375, 1.7377725926647926e-24, nan 
53.625, 82.375, 2.2329696230272986e-24, nan 
53.875, 82.375, 2.3963729001814915e-24, nan 
54.125, 82.375, 2.638043182352591e-24, nan 
54.375, 82.375, 2.4084107134652334e-24, nan 
54.625, 82.375, 2.6183846438223792e-24, nan 
54.875, 82.375, 5.0517466458706185e-24, nan 
55.125, 82.375, 4.376696873751373e-24, nan 
55.375, 82.375, 5.567518601520614e-24, nan 
55.625, 82.375, 6.28399468980318e-24, nan 
55.875, 82.375, 8.098954957778084e-24, nan 
56.125, 82.375, 7.907655884927428e-24, nan 
56.375, 82.375, 9.045472786611934e-24, nan 
56.625, 82.375, 7.974607273955596e-24, nan 
56.875, 82.375, 5.608995146602242e-24, nan 
57.125, 82.375, 4.941479139054381e-24, nan 
57.375, 82.375, 7.214926327092922e-24, nan 
57.625, 82.375, 8.024850920840932e-24, nan 
57.875, 82.375, 9.7803333733887e-24, nan 
58.125, 82.375, 1.2996208599234496e-23, nan 
58.375, 82.375, 1.325772641475343e-23, nan 
58.625, 82.375, 1.0768397218555944e-23, nan 
58.875, 82.375, 1.0142224673192988e-23, nan 
59.125, 82.375, 1.308586506701293e-23, nan 
59.375, 82.375, 1.2761417591709962e-23, nan 
59.625, 82.375, 1.045668934636269e-23, nan 
59.875, 82.375, 1.0376655831973475e-23, nan 
60.125, 82.375, 1.1529134461959885e-23, nan 
60.375, 82.375, 1.0987144506243644e-23, nan 
60.625, 82.375, 1.0739330252548706e-23, nan 
60.875, 82.375, 9.118074926835587e-24, nan 
61.125, 82.375, 9.815427488696847e-24, nan 
61.375, 82.375, 1.3326290365036752e-23, nan 
61.625, 82.375, 1.434459264144834e-23, nan 
61.875, 82.375, 1.4198140887698524e-23, nan 
62.125, 82.375, 1.1824213969022975e-23, nan 
62.375, 82.375, 1.215227802069953e-23, nan 
62.625, 82.375, 1.1409951503790409e-23, nan 
62.875, 82.375, 1.0850837664158764e-23, nan 
63.125, 82.375, 1.3172078044422621e-23, nan 
63.375, 82.375, 1.3259785885641553e-23, nan 
63.625, 82.375, 1.2174911291261837e-23, nan 
63.875, 82.375, 8.099719515124393e-24, nan 
64.125, 82.375, 7.158998955754356e-24, nan 
64.375, 82.375, 5.757810029702982e-24, nan 
64.625, 82.375, 1.6751464696536326e-24, nan 
64.875, 82.375, 4.787487540555434e-25, nan 
65.125, 82.375, 6.3018146217312285e-25, nan 
65.375, 82.375, 5.969630384789267e-25, nan 
65.625, 82.375, 1.3333043165200851e-24, nan 
65.875, 82.375, 2.89691007937792e-24, nan 
66.125, 82.375, 4.1395835254948895e-24, nan 
66.375, 82.375, 3.80436254840349e-24, nan 
66.625, 82.375, 4.1280822662283395e-24, nan 
66.875, 82.375, 5.330856880950882e-24, nan 
67.125, 82.375, 6.298549186820076e-24, nan 
67.375, 82.375, 6.494328393022077e-24, nan 
67.625, 82.375, 7.142822304922306e-24, nan 
67.875, 82.375, 6.151175473360407e-24, nan 
68.125, 82.375, 4.346871771734063e-24, nan 
68.375, 82.375, 4.636279503373275e-24, nan 
68.625, 82.375, 4.9168836626273986e-24, nan 
68.875, 82.375, 5.684995759746785e-24, nan 
69.125, 82.375, 6.225272903335851e-24, nan 
69.375, 82.375, 8.076322710416116e-24, nan 
69.625, 82.375, 8.473280499030696e-24, nan 
69.875, 82.375, 6.30069317988636e-24, nan 
70.125, 82.375, 8.051854048726709e-24, nan 
70.375, 82.375, 8.606478781167355e-24, nan 
70.625, 82.375, 8.831416096123523e-24, nan 
70.875, 82.375, 9.343731297723798e-24, nan 
71.125, 82.375, 8.260927015101259e-24, nan 
71.375, 82.375, 1.0163267155883054e-23, nan 
71.625, 82.375, 1.0988254306468192e-23, nan 
71.875, 82.375, 7.825644638503531e-24, nan 
72.125, 82.375, 6.505484864401152e-24, nan 
72.375, 82.375, 5.172174677143147e-24, nan 
72.625, 82.375, 4.922085434473058e-24, nan 
72.875, 82.375, 7.400551844541701e-24, nan 
73.125, 82.375, 7.84142111540182e-24, nan 
73.375, 82.375, 9.604364811812092e-24, nan 
73.625, 82.375, 7.486741009232542e-24, nan 
73.875, 82.375, 9.433352418082327e-24, nan 
-105.125, 82.625, 1.7892298891697837e-23, nan 
-104.875, 82.625, 1.3819585302070635e-23, nan 
-104.625, 82.625, 1.9659879928447957e-23, nan 
-104.375, 82.625, 2.783654852087884e-23, nan 
-104.125, 82.625, 3.248956708428011e-23, nan 
-103.875, 82.625, 3.338343429453461e-23, nan 
-103.625, 82.625, 4.1737694105981637e-23, nan 
-103.375, 82.625, 5.048696459029413e-23, nan 
-103.125, 82.625, 4.15605955683321e-23, nan 
-102.875, 82.625, 4.196257671247002e-23, nan 
-102.625, 82.625, 4.042694168535732e-23, nan 
-102.375, 82.625, 3.2565473381027693e-23, nan 
-102.125, 82.625, 2.6518062323229104e-23, nan 
-101.875, 82.625, 3.5910546968340076e-23, nan 
-101.625, 82.625, 5.533597775672592e-23, nan 
-101.375, 82.625, 6.41366522996967e-23, nan 
-101.125, 82.625, 6.618416444272654e-23, nan 
-100.875, 82.625, 6.952747673014012e-23, nan 
-100.625, 82.625, 8.142081815920228e-23, nan 
-100.375, 82.625, 8.169948082718865e-23, nan 
-100.125, 82.625, 7.9212815117442e-23, nan 
-99.875, 82.625, 7.929480993944696e-23, nan 
-99.625, 82.625, 7.229428704123505e-23, nan 
-99.375, 82.625, 6.343498196936689e-23, nan 
-99.125, 82.625, 4.2229236181789003e-23, nan 
-98.875, 82.625, 5.884519132981077e-23, nan 
-98.625, 82.625, 5.430316986711312e-23, nan 
-98.375, 82.625, 3.9334007196499644e-23, nan 
-98.125, 82.625, 4.6850957917762647e-23, nan 
-97.875, 82.625, 5.34285409207444e-23, nan 
-97.625, 82.625, 5.36712839670048e-23, nan 
-97.375, 82.625, 3.6916699313403627e-23, nan 
-97.125, 82.625, 3.740155103802741e-23, nan 
-96.875, 82.625, 3.1853189838703515e-23, nan 
-96.625, 82.625, 4.1161529769462876e-23, nan 
-96.375, 82.625, 5.115268877142944e-23, nan 
-96.125, 82.625, 4.568438672331382e-23, nan 
-95.875, 82.625, 4.983473151497209e-23, nan 
-95.625, 82.625, 6.924834133455548e-23, nan 
-95.375, 82.625, 7.815308783575963e-23, nan 
-95.125, 82.625, 7.664785404915872e-23, nan 
-94.875, 82.625, 9.373093605044406e-23, nan 
-94.625, 82.625, 1.0664460228361698e-22, nan 
-94.375, 82.625, 9.170719616246115e-23, nan 
-94.125, 82.625, 9.834578002043358e-23, nan 
-93.875, 82.625, 1.2384846965952556e-22, nan 
-93.625, 82.625, 9.151475183612709e-23, nan 
-93.375, 82.625, 6.665066106048741e-23, nan 
-93.125, 82.625, 8.810679359462385e-23, nan 
-92.875, 82.625, 9.450665997050709e-23, nan 
-92.625, 82.625, 7.60895711827827e-23, nan 
-92.375, 82.625, 8.249759407134745e-23, nan 
-92.125, 82.625, 1.034255979209408e-22, nan 
-91.875, 82.625, 7.557190818167944e-23, nan 
-91.625, 82.625, 4.324527129819733e-23, nan 
-91.375, 82.625, 5.525348316307115e-23, nan 
-91.125, 82.625, 5.364495401194185e-23, nan 
-90.875, 82.625, 4.692100020902775e-23, nan 
-90.625, 82.625, 4.8973231840839e-23, nan 
-90.375, 82.625, 4.9289014476002447e-23, nan 
-90.125, 82.625, 5.1996667077822785e-23, nan 
-89.875, 82.625, 4.0635445152412034e-23, nan 
-89.625, 82.625, 5.364826879448475e-23, nan 
-89.375, 82.625, 5.0590116533351363e-23, nan 
-89.125, 82.625, 4.9106831061794276e-23, nan 
-88.875, 82.625, 4.587869291831258e-23, nan 
-88.625, 82.625, 4.822547386953668e-23, nan 
-88.375, 82.625, 5.547532922148589e-23, nan 
-88.125, 82.625, 4.1830332010025e-23, nan 
-87.875, 82.625, 4.289708786161105e-23, nan 
-87.625, 82.625, 4.351778477415445e-23, nan 
-87.375, 82.625, 5.531290399103557e-23, nan 
-87.125, 82.625, 5.20931820792329e-23, nan 
-86.875, 82.625, 4.511124099629032e-23, nan 
-86.625, 82.625, 5.781290947087778e-23, nan 
-86.375, 82.625, 5.1198910697432555e-23, nan 
-86.125, 82.625, 5.1031476230517883e-23, nan 
-85.875, 82.625, 5.456736296303624e-23, nan 
-85.625, 82.625, 6.220396786962815e-23, nan 
-85.375, 82.625, 5.311439272239439e-23, nan 
-85.125, 82.625, 5.087323861867125e-23, nan 
-84.875, 82.625, 6.469870755638812e-23, nan 
-84.625, 82.625, 5.760683732457072e-23, nan 
-84.375, 82.625, 5.0543134738559344e-23, nan 
-84.125, 82.625, 5.747357926275333e-23, nan 
-83.875, 82.625, 7.179976813437618e-23, nan 
-83.625, 82.625, 4.63180400589705e-23, nan 
-83.375, 82.625, 4.512774868081534e-23, nan 
-83.125, 82.625, 4.4109196912566354e-23, nan 
-82.875, 82.625, 5.72395369174497e-23, nan 
-82.625, 82.625, 4.8351777643351963e-23, nan 
-82.375, 82.625, 3.741721594698412e-23, nan 
-82.125, 82.625, 3.5752062567021256e-23, nan 
-81.875, 82.625, 3.693804354264538e-23, nan 
-81.625, 82.625, 4.293596021428633e-23, nan 
-81.375, 82.625, 3.1806095727514793e-23, nan 
-81.125, 82.625, 3.5169089699930876e-23, nan 
-80.875, 82.625, 3.9592119180629356e-23, nan 
-80.625, 82.625, 4.2004160345208335e-23, nan 
-80.375, 82.625, 4.538655288106464e-23, nan 
-80.125, 82.625, 4.559065715445166e-23, nan 
-79.875, 82.625, 4.2607805727595966e-23, nan 
-79.625, 82.625, 4.561894767717578e-23, nan 
-79.375, 82.625, 5.310351100811599e-23, nan 
-79.125, 82.625, 6.21322888092917e-23, nan 
-78.875, 82.625, 7.139525481724884e-23, nan 
-78.625, 82.625, 8.833967947211749e-23, nan 
-78.375, 82.625, 1.2994069348833102e-22, nan 
-78.125, 82.625, 9.764785999615469e-23, nan 
-77.875, 82.625, 2.1364711193999477e-22, nan 
-77.625, 82.625, 2.297994811698755e-22, nan 
-77.375, 82.625, 1.7080029347021698e-22, nan 
-77.125, 82.625, 2.1072211371857278e-22, nan 
-76.875, 82.625, 2.4280669317674494e-22, nan 
-76.625, 82.625, 2.4450837020888937e-22, nan 
-76.375, 82.625, 1.9481099700344217e-22, nan 
-76.125, 82.625, 2.4962656350917997e-22, nan 
-75.875, 82.625, 2.9441887756459475e-22, nan 
-75.625, 82.625, 1.446494549429522e-22, nan 
-75.375, 82.625, 1.352823686236711e-22, nan 
-75.125, 82.625, 2.451361505754178e-22, nan 
-74.875, 82.625, 2.590040156225429e-22, nan 
-74.625, 82.625, 1.6321252511381632e-22, nan 
-74.375, 82.625, 2.0213994790505756e-22, nan 
-74.125, 82.625, 2.1885147964435825e-22, nan 
-73.875, 82.625, 1.5077950736767342e-22, nan 
-73.625, 82.625, 1.472447832957975e-22, nan 
-73.375, 82.625, 1.9064661860523658e-22, nan 
-73.125, 82.625, 1.6240285798911917e-22, nan 
-72.875, 82.625, 7.283504688325511e-23, nan 
-72.625, 82.625, 7.52412260127143e-23, nan 
-72.375, 82.625, 8.118037916568581e-23, nan 
-72.125, 82.625, 3.939268413954755e-23, nan 
-71.875, 82.625, 5.546195107959375e-23, nan 
-71.625, 82.625, 7.729721807934646e-23, nan 
-71.375, 82.625, 7.448450683185432e-23, nan 
-71.125, 82.625, 7.651603456347624e-23, nan 
-70.875, 82.625, 9.468401118550083e-23, nan 
-70.625, 82.625, 9.108961062912268e-23, nan 
-70.375, 82.625, 8.692165972346658e-23, nan 
-70.125, 82.625, 7.254293028211812e-23, nan 
-69.875, 82.625, 7.472180077825591e-23, nan 
-69.625, 82.625, 9.650237572687493e-23, nan 
-69.375, 82.625, 8.166079831059095e-23, nan 
-69.125, 82.625, 6.799274179246972e-23, nan 
-68.875, 82.625, 6.639452191932875e-23, nan 
-68.625, 82.625, 7.459154494489234e-23, nan 
-68.375, 82.625, 5.653364414303827e-23, nan 
-68.125, 82.625, 5.465795126719696e-23, nan 
-67.875, 82.625, 6.993919077958674e-23, nan 
-67.625, 82.625, 5.628741526200898e-23, nan 
-67.375, 82.625, 4.562891731795126e-23, nan 
-67.125, 82.625, 4.4559170279484286e-23, nan 
-66.875, 82.625, 3.567868724864415e-23, nan 
-66.625, 82.625, 2.9223066127775297e-23, nan 
-66.375, 82.625, 2.7093676386799166e-23, nan 
-66.125, 82.625, 2.456408579701278e-23, nan 
-65.875, 82.625, 2.2846460085272588e-23, nan 
-65.625, 82.625, 2.3581948219721985e-23, nan 
-65.375, 82.625, 2.267005627876015e-23, nan 
-65.125, 82.625, 2.6670707326397695e-23, nan 
-64.875, 82.625, 2.4909977830654017e-23, nan 
-64.625, 82.625, 2.2989728758715682e-23, nan 
-64.375, 82.625, 2.2285102610705013e-23, nan 
-64.125, 82.625, 2.313356306607806e-23, nan 
-63.875, 82.625, 2.5828048963597565e-23, nan 
-63.625, 82.625, 2.0961045049732899e-23, nan 
-63.375, 82.625, 1.591664444091545e-23, nan 
-63.125, 82.625, 1.834082141154802e-23, nan 
-62.875, 82.625, 2.399987369931131e-23, nan 
-62.625, 82.625, 3.1713189378587035e-23, nan 
-62.375, 82.625, 4.880310695339066e-23, nan 
-62.125, 82.625, 7.64171784905206e-23, nan 
-61.875, 82.625, 9.945817886852047e-23, nan 
-61.625, 82.625, 1.2432433686253276e-22, nan 
-61.375, 82.625, 7.58918401558075e-23, nan 
-61.125, 82.625, 3.34374132153093e-23, nan 
-60.875, 82.625, 2.987647421887567e-23, nan 
-60.625, 82.625, 4.935121683273496e-23, nan 
-60.375, 82.625, 8.11494286372428e-23, nan 
-60.125, 82.625, 1.1547745026711415e-22, nan 
-59.875, 82.625, 1.5431734334070349e-22, nan 
-59.625, 82.625, 1.082694959988462e-22, nan 
-59.375, 82.625, 1.3650423978793747e-22, nan 
-59.125, 82.625, 1.5064383596432777e-22, nan 
-58.875, 82.625, 1.475270682774685e-22, nan 
-58.625, 82.625, 1.3582183308833644e-22, nan 
-58.375, 82.625, 1.1294312065660286e-22, nan 
-58.125, 82.625, 8.718679314818949e-23, nan 
-57.875, 82.625, 8.6455419383233e-23, nan 
-57.625, 82.625, 1.5363205875869893e-22, nan 
-57.375, 82.625, 1.6535620875669476e-22, nan 
-57.125, 82.625, 1.5226654760042151e-22, nan 
-56.875, 82.625, 1.3271426237077953e-22, nan 
-56.625, 82.625, 1.291987527252223e-22, nan 
-56.375, 82.625, 1.1045767642454015e-22, nan 
-56.125, 82.625, 9.173231195443594e-23, nan 
-55.875, 82.625, 8.801686717775272e-23, nan 
-55.625, 82.625, 8.53268558226951e-23, nan 
-55.375, 82.625, 8.74628473780507e-23, nan 
-55.125, 82.625, 8.997762399541485e-23, nan 
-54.875, 82.625, 9.17858808520483e-23, nan 
-54.625, 82.625, 9.45508715261259e-23, nan 
-54.375, 82.625, 1.0131970134409541e-22, nan 
-54.125, 82.625, 1.0299919581017551e-22, nan 
-53.875, 82.625, 9.886987707836249e-23, nan 
-53.625, 82.625, 7.875844133406202e-23, nan 
-53.375, 82.625, 7.066957148060018e-23, nan 
-53.125, 82.625, 6.799057426639552e-23, nan 
-52.875, 82.625, 6.317337229039166e-23, nan 
-52.625, 82.625, 6.095869939593968e-23, nan 
-52.375, 82.625, 6.187636473017734e-23, nan 
-52.125, 82.625, 6.230196311878851e-23, nan 
-51.875, 82.625, 5.404767464578771e-23, nan 
-51.625, 82.625, 4.7971158315398616e-23, nan 
-51.375, 82.625, 4.2889030975905886e-23, nan 
-51.125, 82.625, 3.581821797378913e-23, nan 
-50.875, 82.625, 2.5441228248275217e-23, nan 
-50.625, 82.625, 2.0446404015412342e-23, nan 
-50.375, 82.625, 1.4237571235331287e-23, nan 
-50.125, 82.625, 1.443754521732538e-23, nan 
-49.875, 82.625, 1.4217195324893107e-23, nan 
-49.625, 82.625, 1.5031174565543717e-23, nan 
-49.375, 82.625, 1.810834846384312e-23, nan 
-49.125, 82.625, 2.0014489568841424e-23, nan 
-48.875, 82.625, 2.259544431271527e-23, nan 
-48.625, 82.625, 2.904001702797737e-23, nan 
-48.375, 82.625, 2.815068379788078e-23, nan 
-48.125, 82.625, 2.4974787594393494e-23, nan 
-47.875, 82.625, 2.701769658426213e-23, nan 
-47.625, 82.625, 2.9873204477402255e-23, nan 
-47.375, 82.625, 2.6317076584548178e-23, nan 
-47.125, 82.625, 2.073723838898846e-23, nan 
-46.875, 82.625, 1.5312541079987233e-23, nan 
-46.625, 82.625, 1.3270260852444142e-23, nan 
-46.375, 82.625, 1.3294186245543563e-23, nan 
-46.125, 82.625, 1.0940387682462203e-23, nan 
-45.875, 82.625, 1.03105864861221e-23, nan 
-45.625, 82.625, 9.029087431000338e-24, nan 
-45.375, 82.625, 1.2778190850335333e-23, nan 
-45.125, 82.625, 1.1975002120067929e-23, nan 
-44.875, 82.625, 1.8094993688712945e-23, nan 
-44.625, 82.625, 1.949643373726126e-23, nan 
-44.375, 82.625, 3.265064123962451e-23, nan 
-44.125, 82.625, 4.2710881115813227e-23, nan 
-43.875, 82.625, 4.8089014516236786e-23, nan 
-43.625, 82.625, 4.922554003596349e-23, nan 
-43.375, 82.625, 6.339120491340112e-23, nan 
-43.125, 82.625, 6.74398597205785e-23, nan 
-42.875, 82.625, 7.204982511226778e-23, nan 
-42.625, 82.625, 7.68816225370153e-23, nan 
-42.375, 82.625, 7.6909787326852e-23, nan 
-42.125, 82.625, 8.424618147761459e-23, nan 
-41.875, 82.625, 8.488671564342421e-23, nan 
-41.625, 82.625, 8.759194547636043e-23, nan 
-41.375, 82.625, 9.075712135941098e-23, nan 
-41.125, 82.625, 9.514740080638698e-23, nan 
-40.875, 82.625, 9.386664761328157e-23, nan 
-40.625, 82.625, 6.993503253609469e-23, nan 
-40.375, 82.625, 7.043051752101594e-23, nan 
-40.125, 82.625, 7.011092021271594e-23, nan 
-39.875, 82.625, 5.834622776029236e-23, nan 
-39.625, 82.625, 5.222022967816385e-23, nan 
-39.375, 82.625, 5.269580784649911e-23, nan 
-39.125, 82.625, 4.674988185753125e-23, nan 
-38.875, 82.625, 4.203292920284895e-23, nan 
-38.625, 82.625, 3.610732807469217e-23, nan 
-38.375, 82.625, 3.8455986135173344e-23, nan 
-38.125, 82.625, 3.507091592346532e-23, nan 
-37.875, 82.625, 3.143092306528001e-23, nan 
-37.625, 82.625, 3.1466611228779664e-23, nan 
-37.375, 82.625, 3.208508269571165e-23, nan 
-37.125, 82.625, 3.257412064515021e-23, nan 
-36.875, 82.625, 3.4777488152655255e-23, nan 
-36.625, 82.625, 3.4142793395977817e-23, nan 
-36.375, 82.625, 3.7250018409765e-23, nan 
-36.125, 82.625, 4.0883419519004404e-23, nan 
-35.875, 82.625, 3.986016527554889e-23, nan 
-35.625, 82.625, 4.2648913992833454e-23, nan 
-35.375, 82.625, 4.7782549123664224e-23, nan 
-35.125, 82.625, 4.269099691555551e-23, nan 
-34.875, 82.625, 3.450346347358477e-23, nan 
-34.625, 82.625, 2.9286340784613395e-23, nan 
-34.375, 82.625, 2.5428198939078032e-23, nan 
-34.125, 82.625, 1.938689477595854e-23, nan 
-33.875, 82.625, 2.1496836932435432e-23, nan 
-33.625, 82.625, 2.349671131253561e-23, nan 
-33.375, 82.625, 2.052779086173858e-23, nan 
-33.125, 82.625, 1.7274771350008753e-23, nan 
-32.875, 82.625, 1.822680368553934e-23, nan 
-32.625, 82.625, 2.0872421240563375e-23, nan 
-32.375, 82.625, 2.081834986780985e-23, nan 
-32.125, 82.625, 1.7747368429630367e-23, nan 
-31.875, 82.625, 1.826235137594004e-23, nan 
-31.625, 82.625, 1.962120935402587e-23, nan 
-31.375, 82.625, 1.779379988997505e-23, nan 
-31.125, 82.625, 1.551474220009574e-23, nan 
-30.875, 82.625, 1.5513000677527195e-23, nan 
-30.625, 82.625, 1.586707215071915e-23, nan 
-30.375, 82.625, 1.1553221438413738e-23, nan 
-30.125, 82.625, 9.559040197345087e-24, nan 
-29.875, 82.625, 9.961824705797388e-24, nan 
-29.625, 82.625, 1.0832805758737225e-23, nan 
-29.375, 82.625, 1.1538578157897146e-23, nan 
-29.125, 82.625, 1.645688244589098e-23, nan 
-28.875, 82.625, 1.7677690044158328e-23, nan 
-28.625, 82.625, 1.627520505852351e-23, nan 
-28.375, 82.625, 1.4975752015218252e-23, nan 
-28.125, 82.625, 1.5101167951837574e-23, nan 
-27.875, 82.625, 1.4133430695753412e-23, nan 
-27.625, 82.625, 1.5413212528072527e-23, nan 
-27.375, 82.625, 1.784832587966944e-23, nan 
-27.125, 82.625, 1.8292074926895106e-23, nan 
-26.875, 82.625, 1.6700117169221392e-23, nan 
-26.625, 82.625, 1.492803266804693e-23, nan 
-26.375, 82.625, 1.5149392236282517e-23, nan 
-26.125, 82.625, 1.347639598263899e-23, nan 
-25.875, 82.625, 1.0686815291952804e-23, nan 
-25.625, 82.625, 1.0383574371005666e-23, nan 
-25.375, 82.625, 1.1158582339289654e-23, nan 
-25.125, 82.625, 1.1403866807849314e-23, nan 
-24.875, 82.625, 1.1432893667953653e-23, nan 
-24.625, 82.625, 1.1791376338978299e-23, nan 
-24.375, 82.625, 1.2025512117439304e-23, nan 
-24.125, 82.625, 1.2302101637000946e-23, nan 
-23.875, 82.625, 1.2149925598179715e-23, nan 
-23.625, 82.625, 1.2043850262014875e-23, nan 
-23.375, 82.625, 1.2138124041894399e-23, nan 
-23.125, 82.625, 1.1976020223925013e-23, nan 
-22.875, 82.625, 1.2189441510265022e-23, nan 
-22.625, 82.625, 1.1738193070151953e-23, nan 
-22.375, 82.625, 1.0655758156154629e-23, nan 
-22.125, 82.625, 9.087437214288687e-24, nan 
-21.875, 82.625, 7.791823272217911e-24, nan 
-21.625, 82.625, 7.396958147040447e-24, nan 
-21.375, 82.625, 8.025022859457843e-24, nan 
-21.125, 82.625, 8.53364691622226e-24, nan 
-20.875, 82.625, 9.201412181485235e-24, nan 
-20.625, 82.625, 1.0503242450834664e-23, nan 
-20.375, 82.625, 1.117326102375673e-23, nan 
-20.125, 82.625, 1.1421243960177455e-23, nan 
-19.875, 82.625, 1.2102082533988725e-23, nan 
-19.625, 82.625, 1.2160965648966197e-23, nan 
-19.375, 82.625, 1.2000044602021008e-23, nan 
-19.125, 82.625, 1.1009499073609277e-23, nan 
-18.875, 82.625, 1.1035922105906504e-23, nan 
-18.625, 82.625, 1.116390551276456e-23, nan 
-18.375, 82.625, 1.1665293353742048e-23, nan 
-18.125, 82.625, 1.1905838652306321e-23, nan 
-17.875, 82.625, 9.79777909442294e-24, nan 
-17.625, 82.625, 8.21880367174192e-24, nan 
-17.375, 82.625, 5.9325789076467164e-24, nan 
-17.125, 82.625, 4.145676958431764e-24, nan 
-16.875, 82.625, 3.532343696704434e-24, nan 
-16.625, 82.625, 1.0047450704663298e-23, nan 
-16.375, 82.625, 9.887587383706663e-24, nan 
-16.125, 82.625, 7.186056080887164e-24, nan 
-15.875, 82.625, 7.058991016117943e-24, nan 
-15.625, 82.625, 6.953056750177244e-24, nan 
-15.375, 82.625, 7.67251757570681e-24, nan 
-15.125, 82.625, 1.0512754397212479e-23, nan 
-14.875, 82.625, 1.9048122065655652e-23, nan 
-14.625, 82.625, 1.8630114193951127e-23, nan 
-14.375, 82.625, 1.427059704907979e-23, nan 
-14.125, 82.625, 1.0997382559289446e-23, nan 
-13.875, 82.625, 1.0830258974843939e-23, nan 
-13.625, 82.625, 1.0386810205084164e-23, nan 
-13.375, 82.625, 1.2269127296666539e-23, nan 
-13.125, 82.625, 1.6536356196919474e-23, nan 
-12.875, 82.625, 1.5988693765076025e-23, nan 
-12.625, 82.625, 1.4154506615644854e-23, nan 
-12.375, 82.625, 1.1810239915698483e-23, nan 
-12.125, 82.625, 1.0737865964121336e-23, nan 
-11.875, 82.625, 1.0389334771630558e-23, nan 
-11.625, 82.625, 9.631608671366518e-24, nan 
-11.375, 82.625, 8.275435282697433e-24, nan 
-11.125, 82.625, 7.417795729530963e-24, nan 
-10.875, 82.625, 7.419561070883038e-24, nan 
-10.625, 82.625, 7.286506959249164e-24, nan 
-10.375, 82.625, 6.537270712505814e-24, nan 
-10.125, 82.625, 6.093647737388479e-24, nan 
-9.875, 82.625, 6.1112539445252e-24, nan 
-9.625, 82.625, 5.111807446264231e-24, nan 
-9.375, 82.625, 3.77609582785978e-24, nan 
-9.125, 82.625, 3.0512726636988626e-24, nan 
-8.875, 82.625, 4.5851542632060475e-24, nan 
-8.625, 82.625, 4.66739790961789e-24, nan 
-8.375, 82.625, 3.463066292288136e-24, nan 
-8.125, 82.625, 3.26973440867622e-24, nan 
-7.875, 82.625, 3.727772778139302e-24, nan 
-7.625, 82.625, 5.272541567834145e-24, nan 
-7.375, 82.625, 7.621975597038947e-24, nan 
-7.125, 82.625, 8.16084904907204e-24, nan 
-6.875, 82.625, 8.039188873219705e-24, nan 
-6.625, 82.625, 6.781186773275597e-24, nan 
-6.375, 82.625, 6.843393762116902e-24, nan 
-6.125, 82.625, 7.347169450188904e-24, nan 
-5.875, 82.625, 7.87200388462762e-24, nan 
-5.625, 82.625, 8.42609324439187e-24, nan 
-5.375, 82.625, 8.431078014116451e-24, nan 
-5.125, 82.625, 8.192037839313445e-24, nan 
-4.875, 82.625, 7.051494600386787e-24, nan 
-4.625, 82.625, 6.3169181693787626e-24, nan 
-4.375, 82.625, 6.39835510904098e-24, nan 
-4.125, 82.625, 5.915364532994771e-24, nan 
-3.875, 82.625, 4.679909524838236e-24, nan 
-3.625, 82.625, 4.2393038729995004e-24, nan 
-3.375, 82.625, 4.254062392779522e-24, nan 
-3.125, 82.625, 4.189576052416291e-24, nan 
-2.875, 82.625, 3.940492742447495e-24, nan 
-2.625, 82.625, 3.461961977254139e-24, nan 
-2.375, 82.625, 2.9927252866813125e-24, nan 
-2.125, 82.625, 3.200655886520079e-24, nan 
-1.875, 82.625, 3.3797557031170386e-24, nan 
-1.625, 82.625, 3.928024732880448e-24, nan 
-1.375, 82.625, 4.2048107309786744e-24, nan 
-1.125, 82.625, 4.0128599237490114e-24, nan 
-0.875, 82.625, 4.341745251664402e-24, nan 
-0.625, 82.625, 4.857284729141528e-24, nan 
-0.375, 82.625, 4.940172105753857e-24, nan 
-0.125, 82.625, 4.8158927690056164e-24, nan 
0.125, 82.625, 5.20862964645721e-24, nan 
0.375, 82.625, 5.491924151739706e-24, nan 
0.625, 82.625, 5.123029310569855e-24, nan 
0.875, 82.625, 4.986448000410132e-24, nan 
1.125, 82.625, 4.62317758307478e-24, nan 
1.375, 82.625, 4.870114083143801e-24, nan 
1.625, 82.625, 4.931691301046267e-24, nan 
1.875, 82.625, 4.089587241313224e-24, nan 
2.125, 82.625, 3.825669463203788e-24, nan 
2.375, 82.625, 4.063145446309905e-24, nan 
2.625, 82.625, 4.326233896828167e-24, nan 
2.875, 82.625, 3.913835679783462e-24, nan 
3.125, 82.625, 3.338221201221088e-24, nan 
3.375, 82.625, 3.709597926264934e-24, nan 
3.625, 82.625, 4.3155273238181865e-24, nan 
3.875, 82.625, 4.65631955131364e-24, nan 
4.125, 82.625, 3.759221509374141e-24, nan 
4.375, 82.625, 3.5627229901895875e-24, nan 
4.625, 82.625, 3.892308087663418e-24, nan 
4.875, 82.625, 4.091161673819439e-24, nan 
5.125, 82.625, 4.384733608651269e-24, nan 
5.375, 82.625, 3.89195355298711e-24, nan 
5.625, 82.625, 4.4089547954034355e-24, nan 
5.875, 82.625, 4.5659663923464144e-24, nan 
6.125, 82.625, 4.511336715102624e-24, nan 
6.375, 82.625, 4.249729388368484e-24, nan 
6.625, 82.625, 4.117395730326482e-24, nan 
6.875, 82.625, 4.630153878069823e-24, nan 
7.125, 82.625, 4.7019732125282515e-24, nan 
7.375, 82.625, 4.492224059014669e-24, nan 
7.625, 82.625, 4.2319539927490036e-24, nan 
7.875, 82.625, 4.533136879779791e-24, nan 
8.125, 82.625, 4.7421545031318976e-24, nan 
8.375, 82.625, 4.195067487625031e-24, nan 
8.625, 82.625, 3.928727674146017e-24, nan 
8.875, 82.625, 3.994141786551784e-24, nan 
9.125, 82.625, 4.182402437937465e-24, nan 
9.375, 82.625, 4.168437417283112e-24, nan 
9.625, 82.625, 3.9301386537191716e-24, nan 
9.875, 82.625, 3.3736329955204066e-24, nan 
10.125, 82.625, 3.34904586175563e-24, nan 
10.375, 82.625, 3.411044035766827e-24, nan 
10.625, 82.625, 3.391521114580915e-24, nan 
10.875, 82.625, 3.438543795072339e-24, nan 
11.125, 82.625, 3.807834953453178e-24, nan 
11.375, 82.625, 3.962004967592894e-24, nan 
11.625, 82.625, 3.869411561736253e-24, nan 
11.875, 82.625, 3.7647241654733644e-24, nan 
12.125, 82.625, 3.71493401307645e-24, nan 
12.375, 82.625, 3.815939541072384e-24, nan 
12.625, 82.625, 3.4085080670361605e-24, nan 
12.875, 82.625, 3.0451165451758443e-24, nan 
13.125, 82.625, 3.422225611989111e-24, nan 
13.375, 82.625, 3.349721056050664e-24, nan 
13.625, 82.625, 3.419353115923674e-24, nan 
13.875, 82.625, 2.7968316514253424e-24, nan 
14.125, 82.625, 2.230448882252373e-24, nan 
14.375, 82.625, 2.3901400031554817e-24, nan 
14.625, 82.625, 2.493323844623888e-24, nan 
14.875, 82.625, 2.273940263553666e-24, nan 
15.125, 82.625, 2.3420714581397113e-24, nan 
15.375, 82.625, 2.2029361147829422e-24, nan 
15.625, 82.625, 2.322903820644317e-24, nan 
15.875, 82.625, 2.5677083743298183e-24, nan 
16.125, 82.625, 1.893347269423222e-24, nan 
16.375, 82.625, 1.8001203883599742e-24, nan 
16.625, 82.625, 2.117433609161576e-24, nan 
16.875, 82.625, 2.181333427636981e-24, nan 
17.125, 82.625, 2.285544442682861e-24, nan 
17.375, 82.625, 2.231313517832036e-24, nan 
17.625, 82.625, 2.4284631324100046e-24, nan 
17.875, 82.625, 2.545002222609817e-24, nan 
18.125, 82.625, 2.4494087131442007e-24, nan 
18.375, 82.625, 2.350938682885896e-24, nan 
18.625, 82.625, 2.430453263836503e-24, nan 
18.875, 82.625, 2.5145767945568424e-24, nan 
19.125, 82.625, 2.6131694630702123e-24, nan 
19.375, 82.625, 2.4785288588318718e-24, nan 
19.625, 82.625, 2.417401638023955e-24, nan 
19.875, 82.625, 2.633678809577524e-24, nan 
20.125, 82.625, 2.8039964574193684e-24, nan 
20.375, 82.625, 2.4546473409139392e-24, nan 
20.625, 82.625, 2.2367564709247597e-24, nan 
20.875, 82.625, 2.287081043351927e-24, nan 
21.125, 82.625, 2.350934197124119e-24, nan 
21.375, 82.625, 2.260431791903174e-24, nan 
21.625, 82.625, 1.97195289544502e-24, nan 
21.875, 82.625, 1.8718654301976292e-24, nan 
22.125, 82.625, 2.044916912846124e-24, nan 
22.375, 82.625, 1.9515322273532546e-24, nan 
22.625, 82.625, 1.6213911389885038e-24, nan 
22.875, 82.625, 1.6432358087405382e-24, nan 
23.125, 82.625, 1.6249809423911317e-24, nan 
23.375, 82.625, 1.6503190719360954e-24, nan 
23.625, 82.625, 1.4588839705083884e-24, nan 
23.875, 82.625, 1.3743689355954054e-24, nan 
24.125, 82.625, 1.4131579461815779e-24, nan 
24.375, 82.625, 1.3729923294030462e-24, nan 
24.625, 82.625, 1.1592770263311062e-24, nan 
24.875, 82.625, 1.2524861470766036e-24, nan 
25.125, 82.625, 1.3074907132758047e-24, nan 
25.375, 82.625, 1.2238773517271127e-24, nan 
25.625, 82.625, 1.1370757649068498e-24, nan 
25.875, 82.625, 9.856076899018139e-25, nan 
26.125, 82.625, 9.32611154525538e-25, nan 
26.375, 82.625, 8.742607806030916e-25, nan 
26.625, 82.625, 7.26592503272518e-25, nan 
26.875, 82.625, 7.75976951336555e-25, nan 
27.125, 82.625, 6.791135840583348e-25, nan 
27.375, 82.625, 6.339906028802691e-25, nan 
27.625, 82.625, 8.52963923697514e-25, nan 
27.875, 82.625, 1.0156254640948749e-24, nan 
28.125, 82.625, 8.258843802835766e-25, nan 
28.375, 82.625, 6.951480404677625e-25, nan 
28.625, 82.625, 8.341311148350687e-25, nan 
28.875, 82.625, 9.971909376139671e-25, nan 
29.125, 82.625, 9.838788863845362e-25, nan 
29.375, 82.625, 1.1010833332731105e-24, nan 
29.625, 82.625, 1.2330624499156051e-24, nan 
29.875, 82.625, 1.7157860141238645e-24, nan 
30.125, 82.625, 2.551366523206916e-24, nan 
30.375, 82.625, 1.7077575588356777e-24, nan 
30.625, 82.625, 1.3230179965585345e-24, nan 
30.875, 82.625, 1.7447469443986643e-24, nan 
31.125, 82.625, 4.095004221807689e-24, nan 
31.375, 82.625, 1.53575868451304e-24, nan 
31.625, 82.625, 1.519389619643513e-24, nan 
31.875, 82.625, 1.855361034324789e-24, nan 
32.125, 82.625, 1.9751602372652517e-24, nan 
32.375, 82.625, 1.6922194686043476e-24, nan 
32.625, 82.625, 1.705589999155701e-24, nan 
32.875, 82.625, 1.623874449302304e-24, nan 
33.125, 82.625, 3.3195644108667754e-24, nan 
33.375, 82.625, 8.156641203398377e-24, nan 
33.625, 82.625, 9.167511893370668e-24, nan 
33.875, 82.625, 1.0303430036550842e-23, nan 
34.125, 82.625, 1.0627854019940498e-23, nan 
34.375, 82.625, 1.1563985451561035e-23, nan 
34.625, 82.625, 8.589623807843299e-24, nan 
34.875, 82.625, 7.236140031790136e-24, nan 
35.125, 82.625, 9.326808343280474e-24, nan 
35.375, 82.625, 1.1562992146238504e-23, nan 
35.625, 82.625, 5.213522383118916e-24, nan 
35.875, 82.625, 5.625095428653626e-24, nan 
36.125, 82.625, 5.419641794694408e-24, nan 
36.375, 82.625, 5.826123248337969e-24, nan 
36.625, 82.625, 7.106653314770605e-24, nan 
36.875, 82.625, 4.715123725592515e-24, nan 
37.125, 82.625, 3.776327928671534e-24, nan 
37.375, 82.625, 5.1548652474487925e-24, nan 
37.625, 82.625, 8.190474710301353e-24, nan 
37.875, 82.625, 8.242273611190001e-24, nan 
38.125, 82.625, 8.006399064158005e-24, nan 
38.375, 82.625, 9.501882396875783e-24, nan 
38.625, 82.625, 1.0384874014194976e-23, nan 
38.875, 82.625, 9.282984852303765e-24, nan 
39.125, 82.625, 8.29206677958926e-24, nan 
39.375, 82.625, 8.148410386987132e-24, nan 
39.625, 82.625, 8.583038107238898e-24, nan 
39.875, 82.625, 9.367412585643555e-24, nan 
40.125, 82.625, 8.591289987439652e-24, nan 
40.375, 82.625, 8.726096286737973e-24, nan 
40.625, 82.625, 8.023868732739469e-24, nan 
40.875, 82.625, 6.956605029135776e-24, nan 
41.125, 82.625, 5.696171885433542e-24, nan 
41.375, 82.625, 5.797402392668095e-24, nan 
41.625, 82.625, 6.416848619282527e-24, nan 
41.875, 82.625, 6.488508062394742e-24, nan 
42.125, 82.625, 6.3218154539508455e-24, nan 
42.375, 82.625, 6.667727669104357e-24, nan 
42.625, 82.625, 6.755589181520604e-24, nan 
42.875, 82.625, 5.807099947844682e-24, nan 
43.125, 82.625, 5.903965210366339e-24, nan 
43.375, 82.625, 6.04862009773426e-24, nan 
43.625, 82.625, 5.3550133809323165e-24, nan 
43.875, 82.625, 5.324110925773146e-24, nan 
44.125, 82.625, 5.062436110854138e-24, nan 
44.375, 82.625, 4.763699351000117e-24, nan 
44.625, 82.625, 5.4131520449720706e-24, nan 
44.875, 82.625, 5.0862522065668155e-24, nan 
45.125, 82.625, 4.452411343047318e-24, nan 
45.375, 82.625, 3.840062540994592e-24, nan 
45.625, 82.625, 5.225958698491609e-24, nan 
45.875, 82.625, 3.9843102898519575e-24, nan 
46.125, 82.625, 5.9497343636985204e-24, nan 
46.375, 82.625, 6.191504688864194e-24, nan 
46.625, 82.625, 6.0929618133905075e-24, nan 
46.875, 82.625, 7.055216342652691e-24, nan 
47.125, 82.625, 7.445152899218965e-24, nan 
47.375, 82.625, 1.2994302829745881e-23, nan 
47.625, 82.625, 1.1620859726381185e-23, nan 
47.875, 82.625, 1.1221279757526312e-23, nan 
48.125, 82.625, 8.434077322427842e-24, nan 
48.375, 82.625, 7.640441204222771e-24, nan 
48.625, 82.625, 5.8137510835577394e-24, nan 
48.875, 82.625, 4.768402219233941e-24, nan 
49.125, 82.625, 1.2449615777007426e-23, nan 
49.375, 82.625, 1.1687123436629797e-23, nan 
49.625, 82.625, 1.1129779074783055e-23, nan 
49.875, 82.625, 7.82912587426029e-24, nan 
50.125, 82.625, 5.082189290326533e-24, nan 
50.375, 82.625, 3.859695793197448e-24, nan 
50.625, 82.625, 4.0465925390424295e-24, nan 
50.875, 82.625, 5.072933872347535e-24, nan 
51.125, 82.625, 6.391777450610409e-24, nan 
51.375, 82.625, 6.2796241531598315e-24, nan 
51.625, 82.625, 5.978525432902671e-24, nan 
51.875, 82.625, 5.6216506935189734e-24, nan 
52.125, 82.625, 4.678785036350251e-24, nan 
52.375, 82.625, 4.280901679053729e-24, nan 
52.625, 82.625, 4.873164871584527e-24, nan 
52.875, 82.625, 4.22152148566852e-24, nan 
53.125, 82.625, 4.836900137232672e-24, nan 
53.375, 82.625, 5.011391378337889e-24, nan 
53.625, 82.625, 5.275998096740407e-24, nan 
53.875, 82.625, 4.923147914269155e-24, nan 
54.125, 82.625, 6.715065348886172e-24, nan 
54.375, 82.625, 6.017768765035032e-24, nan 
54.625, 82.625, 6.2499539062717264e-24, nan 
54.875, 82.625, 7.297685295754019e-24, nan 
55.125, 82.625, 5.335613395639333e-24, nan 
55.375, 82.625, 4.774710717700622e-24, nan 
55.625, 82.625, 5.460299872971067e-24, nan 
55.875, 82.625, 9.873054089059627e-24, nan 
56.125, 82.625, 9.94563497255487e-24, nan 
56.375, 82.625, 1.3778736606928234e-23, nan 
56.625, 82.625, 1.822560333394319e-23, nan 
56.875, 82.625, 1.6070505129749032e-23, nan 
57.125, 82.625, 1.3118508741407584e-23, nan 
57.375, 82.625, 1.1723351205832793e-23, nan 
57.625, 82.625, 1.269302122339395e-23, nan 
57.875, 82.625, 1.1068214003931672e-23, nan 
58.125, 82.625, 1.3790150655637112e-23, nan 
58.375, 82.625, 1.6772909361345908e-23, nan 
58.625, 82.625, 1.384176669865446e-23, nan 
58.875, 82.625, 1.2701232876660259e-23, nan 
59.125, 82.625, 1.3628853924469654e-23, nan 
59.375, 82.625, 1.3430061259130962e-23, nan 
59.625, 82.625, 1.0749413923312169e-23, nan 
59.875, 82.625, 9.45867424000697e-24, nan 
60.125, 82.625, 1.0483087046110153e-23, nan 
60.375, 82.625, 1.009277416591333e-23, nan 
60.625, 82.625, 9.939471651960867e-24, nan 
60.875, 82.625, 8.760873532600012e-24, nan 
61.125, 82.625, 8.449186699345481e-24, nan 
61.375, 82.625, 1.001865914125081e-23, nan 
61.625, 82.625, 1.0623970814231084e-23, nan 
61.875, 82.625, 1.040568975829732e-23, nan 
62.125, 82.625, 8.064474664940263e-24, nan 
62.375, 82.625, 8.237737100198717e-24, nan 
62.625, 82.625, 7.016488964884548e-24, nan 
62.875, 82.625, 3.769256956627636e-24, nan 
63.125, 82.625, 3.1024568064058444e-24, nan 
63.375, 82.625, 3.257850401860042e-24, nan 
63.625, 82.625, 3.2258728966272743e-24, nan 
63.875, 82.625, 4.0505824123636416e-24, nan 
64.125, 82.625, 5.5022057180259155e-24, nan 
64.375, 82.625, 5.581934872900546e-24, nan 
64.625, 82.625, 4.1739745859659916e-24, nan 
64.875, 82.625, 3.6972485432007726e-24, nan 
65.125, 82.625, 4.3257860905176554e-24, nan 
65.375, 82.625, 5.253566462354195e-24, nan 
65.625, 82.625, 5.7951684178041524e-24, nan 
65.875, 82.625, 7.55613244842575e-24, nan 
66.125, 82.625, 7.935105123912496e-24, nan 
66.375, 82.625, 7.22325543325404e-24, nan 
66.625, 82.625, 6.375333131908513e-24, nan 
66.875, 82.625, 7.148941330931653e-24, nan 
67.125, 82.625, 7.632602620086444e-24, nan 
67.375, 82.625, 7.233408403788498e-24, nan 
67.625, 82.625, 7.189179851737654e-24, nan 
67.875, 82.625, 6.515666946270324e-24, nan 
68.125, 82.625, 6.245484304430639e-24, nan 
68.375, 82.625, 7.057717653331376e-24, nan 
68.625, 82.625, 7.38815108751496e-24, nan 
68.875, 82.625, 7.567503596704395e-24, nan 
69.125, 82.625, 7.299301176194717e-24, nan 
69.375, 82.625, 6.88878527811825e-24, nan 
69.625, 82.625, 6.3293392983738746e-24, nan 
69.875, 82.625, 5.54789816812975e-24, nan 
70.125, 82.625, 5.977709737421846e-24, nan 
70.375, 82.625, 7.031908619446488e-24, nan 
70.625, 82.625, 7.352624876361543e-24, nan 
70.875, 82.625, 6.950205775125077e-24, nan 
71.125, 82.625, 6.134658619771218e-24, nan 
71.375, 82.625, 5.080174877271799e-24, nan 
71.625, 82.625, 4.6062580692954694e-24, nan 
71.875, 82.625, 4.5998057712195375e-24, nan 
72.125, 82.625, 4.6670923568987054e-24, nan 
72.375, 82.625, 4.300565334477628e-24, nan 
72.625, 82.625, 4.2020112914587445e-24, nan 
72.875, 82.625, 3.595722215807689e-24, nan 
73.125, 82.625, 4.264052617283325e-24, nan 
73.375, 82.625, 3.2709503843811674e-24, nan 
73.625, 82.625, 2.6529272802260417e-24, nan 
73.875, 82.625, 3.505733317772569e-24, nan 
74.125, 82.625, 3.0508246143890135e-24, nan 
74.375, 82.625, 3.387182543012139e-24, nan 
-105.625, 82.875, 4.4597810334664045e-23, nan 
-105.375, 82.875, 4.495268359436408e-23, nan 
-105.125, 82.875, 4.567299921315487e-23, nan 
-104.875, 82.875, 4.462468710419225e-23, nan 
-104.625, 82.875, 3.8698119075491645e-23, nan 
-104.375, 82.875, 3.076975169915332e-23, nan 
-104.125, 82.875, 3.3637426014280195e-23, nan 
-103.875, 82.875, 4.4372816825139885e-23, nan 
-103.625, 82.875, 6.150653990156727e-23, nan 
-103.375, 82.875, 8.375637741988778e-23, nan 
-103.125, 82.875, 8.82024910174993e-23, nan 
-102.875, 82.875, 1.073623517662539e-22, nan 
-102.625, 82.875, 1.1975388855405828e-22, nan 
-102.375, 82.875, 1.0865603390885831e-22, nan 
-102.125, 82.875, 8.151288885120227e-23, nan 
-101.875, 82.875, 6.386345967388828e-23, nan 
-101.625, 82.875, 5.84149681677892e-23, nan 
-101.375, 82.875, 7.637005796722275e-23, nan 
-101.125, 82.875, 8.847207770262891e-23, nan 
-100.875, 82.875, 8.975648989636189e-23, nan 
-100.625, 82.875, 9.685005512283245e-23, nan 
-100.375, 82.875, 9.963037575371585e-23, nan 
-100.125, 82.875, 9.591626930801158e-23, nan 
-99.875, 82.875, 8.205937557222036e-23, nan 
-99.625, 82.875, 7.057269272368142e-23, nan 
-99.375, 82.875, 5.383181153039236e-23, nan 
-99.125, 82.875, 4.146557761645581e-23, nan 
-98.875, 82.875, 2.5401985160847415e-23, nan 
-98.625, 82.875, 3.565487687988116e-23, nan 
-98.375, 82.875, 5.174751826750889e-23, nan 
-98.125, 82.875, 5.0559498061513336e-23, nan 
-97.875, 82.875, 2.901866290582449e-23, nan 
-97.625, 82.875, 2.778447413527112e-23, nan 
-97.375, 82.875, 5.587822549813003e-23, nan 
-97.125, 82.875, 4.551364518707716e-23, nan 
-96.875, 82.875, 4.389843480931509e-23, nan 
-96.625, 82.875, 3.2241982940430877e-23, nan 
-96.375, 82.875, 3.6439555041917806e-23, nan 
-96.125, 82.875, 4.215748300126062e-23, nan 
-95.875, 82.875, 4.5558008189725035e-23, nan 
-95.625, 82.875, 5.457698159470472e-23, nan 
-95.375, 82.875, 6.293353183520199e-23, nan 
-95.125, 82.875, 6.645412307465908e-23, nan 
-94.875, 82.875, 6.910708893938425e-23, nan 
-94.625, 82.875, 7.696413220701197e-23, nan 
-94.375, 82.875, 6.781712973743207e-23, nan 
-94.125, 82.875, 6.702820034140808e-23, nan 
-93.875, 82.875, 7.922150071284724e-23, nan 
-93.625, 82.875, 6.569443857891317e-23, nan 
-93.375, 82.875, 3.568825753034417e-23, nan 
-93.125, 82.875, 2.699683994789831e-23, nan 
-92.875, 82.875, 2.78941487053641e-23, nan 
-92.625, 82.875, 3.0827558837546966e-23, nan 
-92.375, 82.875, 2.443637224898839e-23, nan 
-92.125, 82.875, 2.096950381459543e-23, nan 
-91.875, 82.875, 2.5447991697094564e-23, nan 
-91.625, 82.875, 3.415854150422748e-23, nan 
-91.375, 82.875, 2.5114325807903896e-23, nan 
-91.125, 82.875, 2.2850504988563962e-23, nan 
-90.875, 82.875, 2.5683138930583865e-23, nan 
-90.625, 82.875, 2.6362369162848798e-23, nan 
-90.375, 82.875, 2.3404218319314158e-23, nan 
-90.125, 82.875, 2.0768150807702965e-23, nan 
-89.875, 82.875, 2.7797392645242886e-23, nan 
-89.625, 82.875, 4.0636375233011584e-23, nan 
-89.375, 82.875, 3.536183316570934e-23, nan 
-89.125, 82.875, 3.3550077827436285e-23, nan 
-88.875, 82.875, 3.105183387390217e-23, nan 
-88.625, 82.875, 3.1923757002292697e-23, nan 
-88.375, 82.875, 3.6313835256173617e-23, nan 
-88.125, 82.875, 2.900642446070502e-23, nan 
-87.875, 82.875, 3.3114177292855506e-23, nan 
-87.625, 82.875, 3.503723906538444e-23, nan 
-87.375, 82.875, 4.304558785535396e-23, nan 
-87.125, 82.875, 4.044619422332543e-23, nan 
-86.875, 82.875, 2.708751082750973e-23, nan 
-86.625, 82.875, 2.68740717104453e-23, nan 
-86.375, 82.875, 2.4828800133403965e-23, nan 
-86.125, 82.875, 3.146632525041774e-23, nan 
-85.875, 82.875, 3.712842461964708e-23, nan 
-85.625, 82.875, 3.3741061802760136e-23, nan 
-85.375, 82.875, 3.321243419588983e-23, nan 
-85.125, 82.875, 4.404727676909063e-23, nan 
-84.875, 82.875, 5.61428401258724e-23, nan 
-84.625, 82.875, 3.9519085903846465e-23, nan 
-84.375, 82.875, 3.6927865132600896e-23, nan 
-84.125, 82.875, 5.418106044913115e-23, nan 
-83.875, 82.875, 5.554202121867054e-23, nan 
-83.625, 82.875, 4.1123448397511074e-23, nan 
-83.375, 82.875, 4.563998551670924e-23, nan 
-83.125, 82.875, 4.3493624585065663e-23, nan 
-82.875, 82.875, 4.739160911571255e-23, nan 
-82.625, 82.875, 3.978623691562092e-23, nan 
-82.375, 82.875, 3.6258056643484344e-23, nan 
-82.125, 82.875, 3.161730555674591e-23, nan 
-81.875, 82.875, 3.462446564781533e-23, nan 
-81.625, 82.875, 3.82779336943417e-23, nan 
-81.375, 82.875, 3.0053622725706894e-23, nan 
-81.125, 82.875, 3.3651634546292955e-23, nan 
-80.875, 82.875, 3.7856439169776823e-23, nan 
-80.625, 82.875, 3.791390815025166e-23, nan 
-80.375, 82.875, 4.0838797193202973e-23, nan 
-80.125, 82.875, 4.280100246381303e-23, nan 
-79.875, 82.875, 4.108117903764142e-23, nan 
-79.625, 82.875, 3.8561821236128356e-23, nan 
-79.375, 82.875, 3.8643980748669227e-23, nan 
-79.125, 82.875, 3.9029684789972655e-23, nan 
-78.875, 82.875, 3.730978336980485e-23, nan 
-78.625, 82.875, 3.649240009038473e-23, nan 
-78.375, 82.875, 4.05165519884158e-23, nan 
-78.125, 82.875, 4.293213480250266e-23, nan 
-77.875, 82.875, 4.669147173115099e-23, nan 
-77.625, 82.875, 5.524721592547644e-23, nan 
-77.375, 82.875, 6.506022970186037e-23, nan 
-77.125, 82.875, 6.955256524342657e-23, nan 
-76.875, 82.875, 6.75121178609636e-23, nan 
-76.625, 82.875, 6.729512968762536e-23, nan 
-76.375, 82.875, 6.728171753261261e-23, nan 
-76.125, 82.875, 1.3781936906109974e-22, nan 
-75.875, 82.875, 1.6709959519757051e-22, nan 
-75.625, 82.875, 1.0284065256377144e-22, nan 
-75.375, 82.875, 9.382226011687161e-23, nan 
-75.125, 82.875, 1.4245539652046626e-22, nan 
-74.875, 82.875, 1.464448840308953e-22, nan 
-74.625, 82.875, 6.357390385972554e-23, nan 
-74.375, 82.875, 5.796556919123696e-23, nan 
-74.125, 82.875, 6.010206766168522e-23, nan 
-73.875, 82.875, 7.950924043482611e-23, nan 
-73.625, 82.875, 8.678981012355508e-23, nan 
-73.375, 82.875, 9.502404374448038e-23, nan 
-73.125, 82.875, 1.0553525257611572e-22, nan 
-72.875, 82.875, 9.825328952699353e-23, nan 
-72.625, 82.875, 8.860447286717334e-23, nan 
-72.375, 82.875, 7.501529311944313e-23, nan 
-72.125, 82.875, 5.172839126401353e-23, nan 
-71.875, 82.875, 5.556030669027731e-23, nan 
-71.625, 82.875, 9.208262318522093e-23, nan 
-71.375, 82.875, 9.389176428445825e-23, nan 
-71.125, 82.875, 9.774970371729412e-23, nan 
-70.875, 82.875, 1.224345866935283e-22, nan 
-70.625, 82.875, 1.1534611033883154e-22, nan 
-70.375, 82.875, 1.0529178251564949e-22, nan 
-70.125, 82.875, 8.496928728398464e-23, nan 
-69.875, 82.875, 6.387809953933362e-23, nan 
-69.625, 82.875, 7.51114834994613e-23, nan 
-69.375, 82.875, 6.024146248389747e-23, nan 
-69.125, 82.875, 4.641439558197376e-23, nan 
-68.875, 82.875, 3.5229077778970266e-23, nan 
-68.625, 82.875, 3.211184108861981e-23, nan 
-68.375, 82.875, 2.6182615632846165e-23, nan 
-68.125, 82.875, 2.484209502444859e-23, nan 
-67.875, 82.875, 2.3856448129097031e-23, nan 
-67.625, 82.875, 2.0870217416704647e-23, nan 
-67.375, 82.875, 1.5978115684968138e-23, nan 
-67.125, 82.875, 1.5732587667367385e-23, nan 
-66.875, 82.875, 1.64164261013154e-23, nan 
-66.625, 82.875, 1.783745746118374e-23, nan 
-66.375, 82.875, 1.6955298815168063e-23, nan 
-66.125, 82.875, 1.2800679389577956e-23, nan 
-65.875, 82.875, 1.6674383677499467e-23, nan 
-65.625, 82.875, 2.329551238852677e-23, nan 
-65.375, 82.875, 2.3120534934316985e-23, nan 
-65.125, 82.875, 1.456844895055901e-23, nan 
-64.875, 82.875, 1.564400198786715e-23, nan 
-64.625, 82.875, 1.928766972382411e-23, nan 
-64.375, 82.875, 1.7488312531999167e-23, nan 
-64.125, 82.875, 1.3967817105587505e-23, nan 
-63.875, 82.875, 2.0644495734629566e-23, nan 
-63.625, 82.875, 1.5868429004964508e-23, nan 
-63.375, 82.875, 1.5340081819359463e-23, nan 
-63.125, 82.875, 2.3806190056508805e-23, nan 
-62.875, 82.875, 3.286422630948006e-23, nan 
-62.625, 82.875, 3.616450135147796e-23, nan 
-62.375, 82.875, 3.955304179811932e-23, nan 
-62.125, 82.875, 3.8856331834210056e-23, nan 
-61.875, 82.875, 3.7807294665211286e-23, nan 
-61.625, 82.875, 3.5570748694376186e-23, nan 
-61.375, 82.875, 3.884863734669059e-23, nan 
-61.125, 82.875, 4.651462864745898e-23, nan 
-60.875, 82.875, 3.0977796718994435e-23, nan 
-60.625, 82.875, 4.882962533321624e-23, nan 
-60.375, 82.875, 6.872497882312336e-23, nan 
-60.125, 82.875, 7.448674502318729e-23, nan 
-59.875, 82.875, 9.651094816433011e-23, nan 
-59.625, 82.875, 8.311669500793955e-23, nan 
-59.375, 82.875, 7.363972567891507e-23, nan 
-59.125, 82.875, 9.954655676080265e-23, nan 
-58.875, 82.875, 1.206450675334952e-22, nan 
-58.625, 82.875, 1.161547980426794e-22, nan 
-58.375, 82.875, 9.175010335477254e-23, nan 
-58.125, 82.875, 1.0035729189549445e-22, nan 
-57.875, 82.875, 8.2629529028166e-23, nan 
-57.625, 82.875, 9.187167572959175e-23, nan 
-57.375, 82.875, 1.0377698521558381e-22, nan 
-57.125, 82.875, 1.0342372442838217e-22, nan 
-56.875, 82.875, 1.096259536248834e-22, nan 
-56.625, 82.875, 1.1602445487498824e-22, nan 
-56.375, 82.875, 1.1362882254807604e-22, nan 
-56.125, 82.875, 7.801656363199994e-23, nan 
-55.875, 82.875, 6.403363553278586e-23, nan 
-55.625, 82.875, 7.347892384948785e-23, nan 
-55.375, 82.875, 7.466314460069954e-23, nan 
-55.125, 82.875, 8.034568025121016e-23, nan 
-54.875, 82.875, 8.846526656674688e-23, nan 
-54.625, 82.875, 9.111101619473475e-23, nan 
-54.375, 82.875, 9.376424563146857e-23, nan 
-54.125, 82.875, 9.458175941108911e-23, nan 
-53.875, 82.875, 8.743721951734708e-23, nan 
-53.625, 82.875, 5.996477188521257e-23, nan 
-53.375, 82.875, 7.237937971470902e-23, nan 
-53.125, 82.875, 7.926128309241928e-23, nan 
-52.875, 82.875, 8.483053198560217e-23, nan 
-52.625, 82.875, 9.874065108355958e-23, nan 
-52.375, 82.875, 1.0613031832055127e-22, nan 
-52.125, 82.875, 1.0868694595506487e-22, nan 
-51.875, 82.875, 1.058050964025679e-22, nan 
-51.625, 82.875, 7.853162084098545e-23, nan 
-51.375, 82.875, 5.117016647467209e-23, nan 
-51.125, 82.875, 3.9110831251433996e-23, nan 
-50.875, 82.875, 3.955215466375138e-23, nan 
-50.625, 82.875, 3.8526782961490857e-23, nan 
-50.375, 82.875, 3.623622455508242e-23, nan 
-50.125, 82.875, 3.17254015918239e-23, nan 
-49.875, 82.875, 2.538380646418151e-23, nan 
-49.625, 82.875, 2.101884037701478e-23, nan 
-49.375, 82.875, 1.90932525646298e-23, nan 
-49.125, 82.875, 1.9934211071546576e-23, nan 
-48.875, 82.875, 2.4671618225745268e-23, nan 
-48.625, 82.875, 3.4826794475816797e-23, nan 
-48.375, 82.875, 3.6869654977003535e-23, nan 
-48.125, 82.875, 3.5642428145545235e-23, nan 
-47.875, 82.875, 3.783843654442442e-23, nan 
-47.625, 82.875, 3.928550218644207e-23, nan 
-47.375, 82.875, 3.513341417346316e-23, nan 
-47.125, 82.875, 2.69538485741692e-23, nan 
-46.875, 82.875, 1.960451646740806e-23, nan 
-46.625, 82.875, 1.8867107698690363e-23, nan 
-46.375, 82.875, 2.3249315420802088e-23, nan 
-46.125, 82.875, 2.5892278302936353e-23, nan 
-45.875, 82.875, 2.5208100382099165e-23, nan 
-45.625, 82.875, 2.718650809288799e-23, nan 
-45.375, 82.875, 2.8519695959065105e-23, nan 
-45.125, 82.875, 2.5737283691944077e-23, nan 
-44.875, 82.875, 2.223754187428815e-23, nan 
-44.625, 82.875, 1.8412962757160056e-23, nan 
-44.375, 82.875, 1.2957989427598987e-23, nan 
-44.125, 82.875, 1.1366988671010032e-23, nan 
-43.875, 82.875, 1.3868868723296377e-23, nan 
-43.625, 82.875, 1.2409917190961225e-23, nan 
-43.375, 82.875, 1.2277812926356646e-23, nan 
-43.125, 82.875, 1.4528803351862853e-23, nan 
-42.875, 82.875, 4.3816540534245746e-23, nan 
-42.625, 82.875, 5.185625353685781e-23, nan 
-42.375, 82.875, 5.534656261974937e-23, nan 
-42.125, 82.875, 5.969544850204492e-23, nan 
-41.875, 82.875, 6.295759346122303e-23, nan 
-41.625, 82.875, 7.204343359964195e-23, nan 
-41.375, 82.875, 7.95033503142158e-23, nan 
-41.125, 82.875, 8.288065302152475e-23, nan 
-40.875, 82.875, 8.722025884458905e-23, nan 
-40.625, 82.875, 6.938896284955545e-23, nan 
-40.375, 82.875, 7.611651047953912e-23, nan 
-40.125, 82.875, 7.931562001079303e-23, nan 
-39.875, 82.875, 7.980669459805641e-23, nan 
-39.625, 82.875, 8.01492894382133e-23, nan 
-39.375, 82.875, 8.641432718226364e-23, nan 
-39.125, 82.875, 8.930411856018069e-23, nan 
-38.875, 82.875, 9.060480001776719e-23, nan 
-38.625, 82.875, 8.101749939866486e-23, nan 
-38.375, 82.875, 4.8753715812501826e-23, nan 
-38.125, 82.875, 4.360772648920194e-23, nan 
-37.875, 82.875, 3.912764145146876e-23, nan 
-37.625, 82.875, 3.2026152811181077e-23, nan 
-37.375, 82.875, 3.076714659935686e-23, nan 
-37.125, 82.875, 3.016674121211019e-23, nan 
-36.875, 82.875, 2.9645209312589306e-23, nan 
-36.625, 82.875, 3.271554646772976e-23, nan 
-36.375, 82.875, 4.2301152681412916e-23, nan 
-36.125, 82.875, 4.787631197548818e-23, nan 
-35.875, 82.875, 4.311108767307022e-23, nan 
-35.625, 82.875, 4.1956616949524195e-23, nan 
-35.375, 82.875, 4.472731437978226e-23, nan 
-35.125, 82.875, 3.975336434481209e-23, nan 
-34.875, 82.875, 3.830307000590638e-23, nan 
-34.625, 82.875, 3.8768954993647735e-23, nan 
-34.375, 82.875, 3.7958585217024725e-23, nan 
-34.125, 82.875, 4.291104144133182e-23, nan 
-33.875, 82.875, 4.678689277073774e-23, nan 
-33.625, 82.875, 4.331053784163215e-23, nan 
-33.375, 82.875, 4.28148665214061e-23, nan 
-33.125, 82.875, 4.583267921275481e-23, nan 
-32.875, 82.875, 4.5460894771581015e-23, nan 
-32.625, 82.875, 4.453018641135183e-23, nan 
-32.375, 82.875, 4.4961954028950737e-23, nan 
-32.125, 82.875, 4.198517767935431e-23, nan 
-31.875, 82.875, 3.845616984910028e-23, nan 
-31.625, 82.875, 2.9514306728382357e-23, nan 
-31.375, 82.875, 1.9684181676399364e-23, nan 
-31.125, 82.875, 1.9069980746486123e-23, nan 
-30.875, 82.875, 2.0819621915093527e-23, nan 
-30.625, 82.875, 1.9568889400763095e-23, nan 
-30.375, 82.875, 1.7062449507248783e-23, nan 
-30.125, 82.875, 1.4657497973843706e-23, nan 
-29.875, 82.875, 1.4019567764338643e-23, nan 
-29.625, 82.875, 1.508380436406398e-23, nan 
-29.375, 82.875, 1.4920155782287956e-23, nan 
-29.125, 82.875, 1.3190762407738056e-23, nan 
-28.875, 82.875, 1.3143142420821745e-23, nan 
-28.625, 82.875, 1.4420890908010446e-23, nan 
-28.375, 82.875, 1.444108434528931e-23, nan 
-28.125, 82.875, 1.3718756767445855e-23, nan 
-27.875, 82.875, 1.3674163888356552e-23, nan 
-27.625, 82.875, 1.4439580777239235e-23, nan 
-27.375, 82.875, 1.2818827655039126e-23, nan 
-27.125, 82.875, 1.2538373136624527e-23, nan 
-26.875, 82.875, 1.2818860003504464e-23, nan 
-26.625, 82.875, 1.4368568635932435e-23, nan 
-26.375, 82.875, 1.512187220898437e-23, nan 
-26.125, 82.875, 1.443449152589986e-23, nan 
-25.875, 82.875, 1.3535303032376064e-23, nan 
-25.625, 82.875, 1.341917451390519e-23, nan 
-25.375, 82.875, 1.3640844999023526e-23, nan 
-25.125, 82.875, 1.2138668299174266e-23, nan 
-24.875, 82.875, 1.0436440129862819e-23, nan 
-24.625, 82.875, 1.0643716397704016e-23, nan 
-24.375, 82.875, 1.1152823901080518e-23, nan 
-24.125, 82.875, 1.1130484379480393e-23, nan 
-23.875, 82.875, 1.0607722318214791e-23, nan 
-23.625, 82.875, 1.0446228596906677e-23, nan 
-23.375, 82.875, 1.0895759737496078e-23, nan 
-23.125, 82.875, 1.1012954649208763e-23, nan 
-22.875, 82.875, 1.1184769741531275e-23, nan 
-22.625, 82.875, 1.0743566253350165e-23, nan 
-22.375, 82.875, 1.085042858824637e-23, nan 
-22.125, 82.875, 1.1428955089470805e-23, nan 
-21.875, 82.875, 1.1451993168938485e-23, nan 
-21.625, 82.875, 1.0781500889004898e-23, nan 
-21.375, 82.875, 9.390819948742064e-24, nan 
-21.125, 82.875, 9.625649678231657e-24, nan 
-20.875, 82.875, 9.821496520227014e-24, nan 
-20.625, 82.875, 9.141693963987048e-24, nan 
-20.375, 82.875, 8.723115628918525e-24, nan 
-20.125, 82.875, 8.510588511893949e-24, nan 
-19.875, 82.875, 8.795834114017135e-24, nan 
-19.625, 82.875, 9.748720947222428e-24, nan 
-19.375, 82.875, 9.614056716680806e-24, nan 
-19.125, 82.875, 9.238663922035537e-24, nan 
-18.875, 82.875, 9.258846500221374e-24, nan 
-18.625, 82.875, 9.40692343157479e-24, nan 
-18.375, 82.875, 9.246312375338215e-24, nan 
-18.125, 82.875, 9.362353505916404e-24, nan 
-17.875, 82.875, 9.365643519617179e-24, nan 
-17.625, 82.875, 9.984320026581088e-24, nan 
-17.375, 82.875, 1.0479080419999931e-23, nan 
-17.125, 82.875, 9.278564133662787e-24, nan 
-16.875, 82.875, 7.987817895902815e-24, nan 
-16.625, 82.875, 7.807403249070791e-24, nan 
-16.375, 82.875, 7.87875797362502e-24, nan 
-16.125, 82.875, 7.264737052172181e-24, nan 
-15.875, 82.875, 5.6029172374035135e-24, nan 
-15.625, 82.875, 4.068166300682182e-24, nan 
-15.375, 82.875, 4.16218661280241e-24, nan 
-15.125, 82.875, 5.964863837707296e-24, nan 
-14.875, 82.875, 8.31134293680784e-24, nan 
-14.625, 82.875, 7.254115040579793e-24, nan 
-14.375, 82.875, 5.9225174388913005e-24, nan 
-14.125, 82.875, 6.156209575761445e-24, nan 
-13.875, 82.875, 7.042118358293435e-24, nan 
-13.625, 82.875, 7.128471918164688e-24, nan 
-13.375, 82.875, 8.827297235370394e-24, nan 
-13.125, 82.875, 1.008577584308686e-23, nan 
-12.875, 82.875, 1.0123680360842526e-23, nan 
-12.625, 82.875, 9.728039898760973e-24, nan 
-12.375, 82.875, 8.8428347298556e-24, nan 
-12.125, 82.875, 9.380216668863505e-24, nan 
-11.875, 82.875, 1.013515093655588e-23, nan 
-11.625, 82.875, 1.0257468952012226e-23, nan 
-11.375, 82.875, 1.0174817566816024e-23, nan 
-11.125, 82.875, 1.0290508370226597e-23, nan 
-10.875, 82.875, 1.0270202642734584e-23, nan 
-10.625, 82.875, 9.993792740921068e-24, nan 
-10.375, 82.875, 9.85687177751345e-24, nan 
-10.125, 82.875, 8.794786564379054e-24, nan 
-9.875, 82.875, 8.076287634397602e-24, nan 
-9.625, 82.875, 7.755972298160235e-24, nan 
-9.375, 82.875, 6.957524314336317e-24, nan 
-9.125, 82.875, 6.700138754481039e-24, nan 
-8.875, 82.875, 6.1446555014324366e-24, nan 
-8.625, 82.875, 5.465855204015881e-24, nan 
-8.375, 82.875, 5.238607456453198e-24, nan 
-8.125, 82.875, 5.18359300335985e-24, nan 
-7.875, 82.875, 4.851368268969277e-24, nan 
-7.625, 82.875, 4.72494313525711e-24, nan 
-7.375, 82.875, 4.4340089588206206e-24, nan 
-7.125, 82.875, 4.1441446001453e-24, nan 
-6.875, 82.875, 4.056621869294178e-24, nan 
-6.625, 82.875, 4.173984513344311e-24, nan 
-6.375, 82.875, 4.720833391842224e-24, nan 
-6.125, 82.875, 4.81833084500723e-24, nan 
-5.875, 82.875, 4.644622371685226e-24, nan 
-5.625, 82.875, 4.9520277886666625e-24, nan 
-5.375, 82.875, 5.235203442568936e-24, nan 
-5.125, 82.875, 5.143859229842112e-24, nan 
-4.875, 82.875, 4.95414095715481e-24, nan 
-4.625, 82.875, 5.3527734616556226e-24, nan 
-4.375, 82.875, 5.7021115193860095e-24, nan 
-4.125, 82.875, 5.737947335259555e-24, nan 
-3.875, 82.875, 5.621441864087505e-24, nan 
-3.625, 82.875, 5.514417167567748e-24, nan 
-3.375, 82.875, 5.351711265236305e-24, nan 
-3.125, 82.875, 5.013601234664176e-24, nan 
-2.875, 82.875, 4.59852617408988e-24, nan 
-2.625, 82.875, 4.561061323420442e-24, nan 
-2.375, 82.875, 4.749134893496582e-24, nan 
-2.125, 82.875, 5.059155104825193e-24, nan 
-1.875, 82.875, 4.541630492045352e-24, nan 
-1.625, 82.875, 4.164969893925516e-24, nan 
-1.375, 82.875, 4.344644458675267e-24, nan 
-1.125, 82.875, 4.5771269735686075e-24, nan 
-0.875, 82.875, 4.36878505936969e-24, nan 
-0.625, 82.875, 4.4740396645304404e-24, nan 
-0.375, 82.875, 5.006305281228869e-24, nan 
-0.125, 82.875, 5.186301042505673e-24, nan 
0.125, 82.875, 5.4413019243422035e-24, nan 
0.375, 82.875, 5.98353595893482e-24, nan 
0.625, 82.875, 5.701766654506755e-24, nan 
0.875, 82.875, 5.521029005045102e-24, nan 
1.125, 82.875, 5.654230584454201e-24, nan 
1.375, 82.875, 5.812676885350559e-24, nan 
1.625, 82.875, 5.901784243961075e-24, nan 
1.875, 82.875, 5.8720459949058144e-24, nan 
2.125, 82.875, 6.112234414050302e-24, nan 
2.375, 82.875, 6.1106177557371995e-24, nan 
2.625, 82.875, 5.581657789775751e-24, nan 
2.875, 82.875, 5.615169287351626e-24, nan 
3.125, 82.875, 6.348825672817479e-24, nan 
3.375, 82.875, 5.907239676997633e-24, nan 
3.625, 82.875, 5.8633460764630816e-24, nan 
3.875, 82.875, 5.654924627007292e-24, nan 
4.125, 82.875, 5.0418139187594175e-24, nan 
4.375, 82.875, 5.6608859370387155e-24, nan 
4.625, 82.875, 6.6154528112271605e-24, nan 
4.875, 82.875, 6.3091365264554724e-24, nan 
5.125, 82.875, 4.894885656833643e-24, nan 
5.375, 82.875, 4.7603896312567196e-24, nan 
5.625, 82.875, 4.6577622593627694e-24, nan 
5.875, 82.875, 4.935099117609978e-24, nan 
6.125, 82.875, 5.3425169273894e-24, nan 
6.375, 82.875, 5.249852509422088e-24, nan 
6.625, 82.875, 5.165935569558555e-24, nan 
6.875, 82.875, 4.984278091117611e-24, nan 
7.125, 82.875, 5.117255401736526e-24, nan 
7.375, 82.875, 4.945343046798849e-24, nan 
7.625, 82.875, 4.6409596276591314e-24, nan 
7.875, 82.875, 4.856952560480213e-24, nan 
8.125, 82.875, 5.0342788337289905e-24, nan 
8.375, 82.875, 4.877380079821791e-24, nan 
8.625, 82.875, 4.821404566590809e-24, nan 
8.875, 82.875, 4.5064757401057175e-24, nan 
9.125, 82.875, 4.057230813858743e-24, nan 
9.375, 82.875, 4.416527214480222e-24, nan 
9.625, 82.875, 4.779054196420772e-24, nan 
9.875, 82.875, 4.461539753733052e-24, nan 
10.125, 82.875, 4.574472635281677e-24, nan 
10.375, 82.875, 4.498494095540287e-24, nan 
10.625, 82.875, 4.0429314637978064e-24, nan 
10.875, 82.875, 4.014167344063977e-24, nan 
11.125, 82.875, 3.99745032923334e-24, nan 
11.375, 82.875, 3.679707258963685e-24, nan 
11.625, 82.875, 3.8658642341091176e-24, nan 
11.875, 82.875, 3.85639085662142e-24, nan 
12.125, 82.875, 3.874595337494342e-24, nan 
12.375, 82.875, 4.14197456502967e-24, nan 
12.625, 82.875, 3.8082058141807304e-24, nan 
12.875, 82.875, 3.396498611125276e-24, nan 
13.125, 82.875, 3.746063446765852e-24, nan 
13.375, 82.875, 3.849053970836259e-24, nan 
13.625, 82.875, 3.696291345010202e-24, nan 
13.875, 82.875, 3.5794519322303195e-24, nan 
14.125, 82.875, 3.3596217261919396e-24, nan 
14.375, 82.875, 3.439190876960536e-24, nan 
14.625, 82.875, 3.711586385829201e-24, nan 
14.875, 82.875, 3.208302720148256e-24, nan 
15.125, 82.875, 2.7656577462657653e-24, nan 
15.375, 82.875, 2.510960112214687e-24, nan 
15.625, 82.875, 2.5190616797403192e-24, nan 
15.875, 82.875, 2.4979899687486383e-24, nan 
16.125, 82.875, 2.525842412943968e-24, nan 
16.375, 82.875, 2.5283391430281645e-24, nan 
16.625, 82.875, 2.641295492260273e-24, nan 
16.875, 82.875, 2.4751089885645494e-24, nan 
17.125, 82.875, 1.941115125138182e-24, nan 
17.375, 82.875, 1.9855284159242927e-24, nan 
17.625, 82.875, 1.8987671279020397e-24, nan 
17.875, 82.875, 2.0791408149701486e-24, nan 
18.125, 82.875, 2.264182655258757e-24, nan 
18.375, 82.875, 2.3437425800878132e-24, nan 
18.625, 82.875, 2.4358023010515276e-24, nan 
18.875, 82.875, 2.47859616860216e-24, nan 
19.125, 82.875, 2.541844182627399e-24, nan 
19.375, 82.875, 2.561311422545246e-24, nan 
19.625, 82.875, 2.67871172374918e-24, nan 
19.875, 82.875, 2.863059688768222e-24, nan 
20.125, 82.875, 3.104860655278115e-24, nan 
20.375, 82.875, 2.9647747741784374e-24, nan 
20.625, 82.875, 2.939130932197534e-24, nan 
20.875, 82.875, 3.0819565829799997e-24, nan 
21.125, 82.875, 2.9958845567799947e-24, nan 
21.375, 82.875, 2.925578155565947e-24, nan 
21.625, 82.875, 2.776699723421176e-24, nan 
21.875, 82.875, 2.622338393928839e-24, nan 
22.125, 82.875, 2.6800374262785882e-24, nan 
22.375, 82.875, 2.7985178622195817e-24, nan 
22.625, 82.875, 2.5123286610566657e-24, nan 
22.875, 82.875, 2.2503868337937954e-24, nan 
23.125, 82.875, 2.1484570735709568e-24, nan 
23.375, 82.875, 2.1455629190100166e-24, nan 
23.625, 82.875, 2.108657042718705e-24, nan 
23.875, 82.875, 1.9599249585630562e-24, nan 
24.125, 82.875, 1.8814866470940918e-24, nan 
24.375, 82.875, 1.9457305200168573e-24, nan 
24.625, 82.875, 1.8023904768561932e-24, nan 
24.875, 82.875, 1.612299834456547e-24, nan 
25.125, 82.875, 1.626415078088239e-24, nan 
25.375, 82.875, 1.634439469236069e-24, nan 
25.625, 82.875, 1.6323482182430763e-24, nan 
25.875, 82.875, 1.5056924842000948e-24, nan 
26.125, 82.875, 1.4478496103304687e-24, nan 
26.375, 82.875, 1.4097878393471882e-24, nan 
26.625, 82.875, 1.4330318963579154e-24, nan 
26.875, 82.875, 1.3890057816451004e-24, nan 
27.125, 82.875, 1.3755749044309154e-24, nan 
27.375, 82.875, 1.3565752189352458e-24, nan 
27.625, 82.875, 1.3816689709329846e-24, nan 
27.875, 82.875, 1.3277866187429093e-24, nan 
28.125, 82.875, 1.1904107018023423e-24, nan 
28.375, 82.875, 1.058928913548664e-24, nan 
28.625, 82.875, 1.1459253917896128e-24, nan 
28.875, 82.875, 1.1157529152772264e-24, nan 
29.125, 82.875, 1.0920108399137068e-24, nan 
29.375, 82.875, 1.0707228885401664e-24, nan 
29.625, 82.875, 1.0507756757012234e-24, nan 
29.875, 82.875, 1.0564530122790944e-24, nan 
30.125, 82.875, 1.0836288315655063e-24, nan 
30.375, 82.875, 1.061776479906721e-24, nan 
30.625, 82.875, 9.260060825437247e-25, nan 
30.875, 82.875, 9.312144740307411e-25, nan 
31.125, 82.875, 9.595338915416824e-25, nan 
31.375, 82.875, 8.138357561732866e-25, nan 
31.625, 82.875, 7.66505930643488e-25, nan 
31.875, 82.875, 7.9405885948259575e-25, nan 
32.125, 82.875, 8.53518977044203e-25, nan 
32.375, 82.875, 7.921535462896845e-25, nan 
32.625, 82.875, 6.910969599476335e-25, nan 
32.875, 82.875, 7.709446415864444e-25, nan 
33.125, 82.875, 7.744898148307736e-25, nan 
33.375, 82.875, 7.586515239045068e-25, nan 
33.625, 82.875, 6.912522904993769e-25, nan 
33.875, 82.875, 6.369567287735893e-25, nan 
34.125, 82.875, 7.311035030500969e-25, nan 
34.375, 82.875, 9.71922438340297e-25, nan 
34.625, 82.875, 9.891612345822719e-25, nan 
34.875, 82.875, 1.2677550302598881e-24, nan 
35.125, 82.875, 2.1749966851316735e-24, nan 
35.375, 82.875, 4.669082556251836e-24, nan 
35.625, 82.875, 5.541592544166175e-24, nan 
35.875, 82.875, 5.8891202450066275e-24, nan 
36.125, 82.875, 6.170475359882543e-24, nan 
36.375, 82.875, 7.692140307880652e-24, nan 
36.625, 82.875, 7.330026667687003e-24, nan 
36.875, 82.875, 7.328515972415352e-24, nan 
37.125, 82.875, 7.474066770368359e-24, nan 
37.375, 82.875, 8.165146351636898e-24, nan 
37.625, 82.875, 8.699862921265682e-24, nan 
37.875, 82.875, 9.831529065415258e-24, nan 
38.125, 82.875, 1.0094090031858767e-23, nan 
38.375, 82.875, 1.0699794718037857e-23, nan 
38.625, 82.875, 1.2927531580458993e-23, nan 
38.875, 82.875, 1.2150969992050515e-23, nan 
39.125, 82.875, 1.1708969086619912e-23, nan 
39.375, 82.875, 1.1704317665041704e-23, nan 
39.625, 82.875, 1.2704447857126713e-23, nan 
39.875, 82.875, 1.1081805268226335e-23, nan 
40.125, 82.875, 1.0960061852855314e-23, nan 
40.375, 82.875, 1.1245744289910678e-23, nan 
40.625, 82.875, 1.1311268274679507e-23, nan 
40.875, 82.875, 1.1050748481099876e-23, nan 
41.125, 82.875, 1.1500960332666565e-23, nan 
41.375, 82.875, 1.1392527042554458e-23, nan 
41.625, 82.875, 1.169941593434051e-23, nan 
41.875, 82.875, 1.1898717442436836e-23, nan 
42.125, 82.875, 1.2054502722082668e-23, nan 
42.375, 82.875, 1.2430668664336294e-23, nan 
42.625, 82.875, 1.3602066259359188e-23, nan 
42.875, 82.875, 1.2929994057755175e-23, nan 
43.125, 82.875, 1.2750420390706627e-23, nan 
43.375, 82.875, 1.3215571165056063e-23, nan 
43.625, 82.875, 1.2650258479448995e-23, nan 
43.875, 82.875, 1.259592250116181e-23, nan 
44.125, 82.875, 1.2026231870474464e-23, nan 
44.375, 82.875, 1.0815825717721604e-23, nan 
44.625, 82.875, 1.0800678688518989e-23, nan 
44.875, 82.875, 1.0653806448626352e-23, nan 
45.125, 82.875, 1.0039983103916269e-23, nan 
45.375, 82.875, 1.018529698206781e-23, nan 
45.625, 82.875, 1.0178896061131442e-23, nan 
45.875, 82.875, 9.494617489177171e-24, nan 
46.125, 82.875, 9.045629563772677e-24, nan 
46.375, 82.875, 9.702338988320565e-24, nan 
46.625, 82.875, 8.769402932849472e-24, nan 
46.875, 82.875, 7.932043660454381e-24, nan 
47.125, 82.875, 7.954902386371314e-24, nan 
47.375, 82.875, 8.853824972799033e-24, nan 
47.625, 82.875, 9.079956188890314e-24, nan 
47.875, 82.875, 9.670829314567694e-24, nan 
48.125, 82.875, 8.423684198530156e-24, nan 
48.375, 82.875, 8.884514928225208e-24, nan 
48.625, 82.875, 8.069618906869729e-24, nan 
48.875, 82.875, 7.229477588234318e-24, nan 
49.125, 82.875, 6.48187861632508e-24, nan 
49.375, 82.875, 7.441259363857058e-24, nan 
49.625, 82.875, 8.370025407433013e-24, nan 
49.875, 82.875, 9.356025220402483e-24, nan 
50.125, 82.875, 9.621900432912653e-24, nan 
50.375, 82.875, 9.170963086468941e-24, nan 
50.625, 82.875, 9.538556592906404e-24, nan 
50.875, 82.875, 1.0408662430169365e-23, nan 
51.125, 82.875, 9.81677709727198e-24, nan 
51.375, 82.875, 1.022816944692921e-23, nan 
51.625, 82.875, 1.1742566919417458e-23, nan 
51.875, 82.875, 1.1436405654537097e-23, nan 
52.125, 82.875, 1.080211216677607e-23, nan 
52.375, 82.875, 1.0942700862693249e-23, nan 
52.625, 82.875, 1.0997654402774753e-23, nan 
52.875, 82.875, 1.0314527341680531e-23, nan 
53.125, 82.875, 9.865410034227914e-24, nan 
53.375, 82.875, 1.0582065076583453e-23, nan 
53.625, 82.875, 1.0503962159342001e-23, nan 
53.875, 82.875, 9.3165535409438e-24, nan 
54.125, 82.875, 9.624012402172863e-24, nan 
54.375, 82.875, 1.0473315988886698e-23, nan 
54.625, 82.875, 1.2722583566338098e-23, nan 
54.875, 82.875, 1.2059748806381889e-23, nan 
55.125, 82.875, 1.17475888598455e-23, nan 
55.375, 82.875, 1.1934853904054645e-23, nan 
55.625, 82.875, 1.2145141508017398e-23, nan 
55.875, 82.875, 1.2639776185709312e-23, nan 
56.125, 82.875, 1.0881427686200676e-23, nan 
56.375, 82.875, 1.1476433915543323e-23, nan 
56.625, 82.875, 1.187990591769685e-23, nan 
56.875, 82.875, 1.321313330999339e-23, nan 
57.125, 82.875, 1.1642570988372867e-23, nan 
57.375, 82.875, 1.0302689508799197e-23, nan 
57.625, 82.875, 1.083318114511581e-23, nan 
57.875, 82.875, 9.159649249851165e-24, nan 
58.125, 82.875, 7.878274057745168e-24, nan 
58.375, 82.875, 6.118409182230704e-24, nan 
58.625, 82.875, 6.3141898914065456e-24, nan 
58.875, 82.875, 3.1946995434443345e-24, nan 
59.125, 82.875, 1.0005442897438365e-24, nan 
59.375, 82.875, 1.151909907745684e-24, nan 
59.625, 82.875, 1.5508966567894979e-24, nan 
59.875, 82.875, 2.0815884592122407e-24, nan 
60.125, 82.875, 2.4901517279187478e-24, nan 
60.375, 82.875, 2.9798205137775746e-24, nan 
60.625, 82.875, 3.509968540302325e-24, nan 
60.875, 82.875, 4.1982906326438465e-24, nan 
61.125, 82.875, 4.186260303305335e-24, nan 
61.375, 82.875, 4.033506330714412e-24, nan 
61.625, 82.875, 4.279420840900594e-24, nan 
61.875, 82.875, 5.109037083022708e-24, nan 
62.125, 82.875, 5.30281528145028e-24, nan 
62.375, 82.875, 4.467486507041492e-24, nan 
62.625, 82.875, 4.907691544300383e-24, nan 
62.875, 82.875, 6.0501818739458065e-24, nan 
63.125, 82.875, 7.384414727606345e-24, nan 
63.375, 82.875, 7.976380106675026e-24, nan 
63.625, 82.875, 7.795032622826267e-24, nan 
63.875, 82.875, 8.368030845288092e-24, nan 
64.125, 82.875, 9.122773383161576e-24, nan 
64.375, 82.875, 9.218588728840047e-24, nan 
64.625, 82.875, 5.680909229277447e-24, nan 
64.875, 82.875, 2.4584653928225685e-24, nan 
65.125, 82.875, 3.130376057710181e-24, nan 
65.375, 82.875, 4.8577821098813224e-24, nan 
65.625, 82.875, 5.835061973145128e-24, nan 
65.875, 82.875, 6.595750276167928e-24, nan 
66.125, 82.875, 6.990665968567714e-24, nan 
66.375, 82.875, 7.300050917744651e-24, nan 
66.625, 82.875, 7.026160819653228e-24, nan 
66.875, 82.875, 6.494341798412936e-24, nan 
67.125, 82.875, 5.884918914312297e-24, nan 
67.375, 82.875, 6.096890434524026e-24, nan 
67.625, 82.875, 6.473493478117937e-24, nan 
67.875, 82.875, 6.0574595391615364e-24, nan 
68.125, 82.875, 5.735047534788641e-24, nan 
68.375, 82.875, 6.04813221405154e-24, nan 
68.625, 82.875, 5.614771056020098e-24, nan 
68.875, 82.875, 5.3024981896969235e-24, nan 
69.125, 82.875, 4.960005394543787e-24, nan 
69.375, 82.875, 4.1877664897962344e-24, nan 
69.625, 82.875, 3.699413772403868e-24, nan 
69.875, 82.875, 3.286081854963091e-24, nan 
70.125, 82.875, 2.31090774532758e-24, nan 
70.375, 82.875, 2.464768779543059e-24, nan 
70.625, 82.875, 1.945198392523851e-24, nan 
70.875, 82.875, 2.0908164953429813e-24, nan 
71.125, 82.875, 2.1847699410741312e-24, nan 
71.375, 82.875, 3.0434238695880806e-24, nan 
71.625, 82.875, 3.2668372318962972e-24, nan 
71.875, 82.875, 6.785140136188825e-24, nan 
72.125, 82.875, 8.062629880714354e-24, nan 
72.375, 82.875, 7.309516205749814e-24, nan 
72.625, 82.875, 8.528179762764369e-24, nan 
72.875, 82.875, 6.39442237287267e-24, nan 
73.125, 82.875, 6.130847111267097e-24, nan 
73.375, 82.875, 6.157656492888256e-24, nan 
73.625, 82.875, 2.9469310451315224e-24, nan 
73.875, 82.875, 3.034317906186265e-24, nan 
74.125, 82.875, 3.890057015625272e-24, nan 
74.375, 82.875, 3.797808883662676e-24, nan 
74.625, 82.875, 4.15778805937008e-24, nan 
74.875, 82.875, 5.934223640924046e-24, nan 
-106.125, 83.125, 5.2471871043204894e-23, nan 
-105.875, 83.125, 4.845047158778062e-23, nan 
-105.625, 83.125, 3.324504298148195e-23, nan 
-105.375, 83.125, 1.555737710715382e-23, nan 
-105.125, 83.125, 1.717314215670153e-23, nan 
-104.875, 83.125, 4.342945114488903e-23, nan 
-104.625, 83.125, 6.246800783644789e-23, nan 
-104.375, 83.125, 8.317946034045172e-23, nan 
-104.125, 83.125, 9.199482724418904e-23, nan 
-103.875, 83.125, 1.0024120676448567e-22, nan 
-103.625, 83.125, 9.834705805284223e-23, nan 
-103.375, 83.125, 7.485455621213726e-23, nan 
-103.125, 83.125, 5.565685917478622e-23, nan 
-102.875, 83.125, 6.308341893418587e-23, nan 
-102.625, 83.125, 8.524563805503707e-23, nan 
-102.375, 83.125, 8.88732173148863e-23, nan 
-102.125, 83.125, 9.049884248280144e-23, nan 
-101.875, 83.125, 8.891038830107082e-23, nan 
-101.625, 83.125, 8.23858824154676e-23, nan 
-101.375, 83.125, 7.646845297997432e-23, nan 
-101.125, 83.125, 6.152557944913852e-23, nan 
-100.875, 83.125, 4.3978336900666754e-23, nan 
-100.625, 83.125, 2.2315944551696018e-23, nan 
-100.375, 83.125, 1.527883826798602e-23, nan 
-100.125, 83.125, 1.31390510417048e-23, nan 
-99.875, 83.125, 1.1796173225829198e-23, nan 
-99.625, 83.125, 1.8829381501095812e-23, nan 
-99.375, 83.125, 2.317954469540981e-23, nan 
-99.125, 83.125, 2.4668108502996897e-23, nan 
-98.875, 83.125, 1.4468593691151885e-23, nan 
-98.625, 83.125, 2.853826529542098e-23, nan 
-98.375, 83.125, 3.710377435227447e-23, nan 
-98.125, 83.125, 3.588675772325584e-23, nan 
-97.875, 83.125, 1.6968569218068485e-23, nan 
-97.625, 83.125, 1.6537351544358948e-23, nan 
-97.375, 83.125, 3.844550887527743e-23, nan 
-97.125, 83.125, 3.397865387238747e-23, nan 
-96.875, 83.125, 3.336281575515726e-23, nan 
-96.625, 83.125, 2.1132554053753368e-23, nan 
-96.375, 83.125, 1.861167791291027e-23, nan 
-96.125, 83.125, 1.9327505396706728e-23, nan 
-95.875, 83.125, 1.86034108720254e-23, nan 
-95.625, 83.125, 1.1468916056894595e-23, nan 
-95.375, 83.125, 1.2920140860291999e-23, nan 
-95.125, 83.125, 1.354738686923458e-23, nan 
-94.875, 83.125, 1.3438199393370023e-23, nan 
-94.625, 83.125, 1.4144570703873438e-23, nan 
-94.375, 83.125, 1.3691237214660618e-23, nan 
-94.125, 83.125, 1.4664759251465502e-23, nan 
-93.875, 83.125, 1.5243939333661498e-23, nan 
-93.625, 83.125, 1.5701363111085418e-23, nan 
-93.375, 83.125, 1.4800244767252325e-23, nan 
-93.125, 83.125, 1.4569770872716068e-23, nan 
-92.875, 83.125, 1.593265860200959e-23, nan 
-92.625, 83.125, 1.9162145520732953e-23, nan 
-92.375, 83.125, 2.063142941261277e-23, nan 
-92.125, 83.125, 1.9789026969417016e-23, nan 
-91.875, 83.125, 1.893634459111581e-23, nan 
-91.625, 83.125, 2.0131251155527367e-23, nan 
-91.375, 83.125, 2.0705013314935746e-23, nan 
-91.125, 83.125, 2.4387939256450267e-23, nan 
-90.875, 83.125, 2.599447771209869e-23, nan 
-90.625, 83.125, 2.6963787287817233e-23, nan 
-90.375, 83.125, 2.9977863989415714e-23, nan 
-90.125, 83.125, 2.789760865081096e-23, nan 
-89.875, 83.125, 2.8843027231139244e-23, nan 
-89.625, 83.125, 2.8116786402340984e-23, nan 
-89.375, 83.125, 2.962229136568585e-23, nan 
-89.125, 83.125, 2.740911615598618e-23, nan 
-88.875, 83.125, 1.9088066764521492e-23, nan 
-88.625, 83.125, 2.3646976962435948e-23, nan 
-88.375, 83.125, 2.820283008662952e-23, nan 
-88.125, 83.125, 3.66237155064708e-23, nan 
-87.875, 83.125, 3.568577556288471e-23, nan 
-87.625, 83.125, 3.439733067291927e-23, nan 
-87.375, 83.125, 4.362974014215328e-23, nan 
-87.125, 83.125, 4.380394689088886e-23, nan 
-86.875, 83.125, 3.336522258273476e-23, nan 
-86.625, 83.125, 2.7447096566552024e-23, nan 
-86.375, 83.125, 3.740952660702002e-23, nan 
-86.125, 83.125, 3.9977478999527586e-23, nan 
-85.875, 83.125, 4.751732833331641e-23, nan 
-85.625, 83.125, 4.4787241694749214e-23, nan 
-85.375, 83.125, 4.741017781022838e-23, nan 
-85.125, 83.125, 6.416817391743017e-23, nan 
-84.875, 83.125, 6.407796128546011e-23, nan 
-84.625, 83.125, 5.091449724125556e-23, nan 
-84.375, 83.125, 5.462082660809962e-23, nan 
-84.125, 83.125, 7.723280197082089e-23, nan 
-83.875, 83.125, 6.226254032750286e-23, nan 
-83.625, 83.125, 6.328254289506008e-23, nan 
-83.375, 83.125, 7.604201836332221e-23, nan 
-83.125, 83.125, 6.256525293651039e-23, nan 
-82.875, 83.125, 6.422983198072965e-23, nan 
-82.625, 83.125, 5.929522153299583e-23, nan 
-82.375, 83.125, 5.746507070658121e-23, nan 
-82.125, 83.125, 5.85883942954394e-23, nan 
-81.875, 83.125, 5.969069215237238e-23, nan 
-81.625, 83.125, 5.809823272030242e-23, nan 
-81.375, 83.125, 4.636211731653333e-23, nan 
-81.125, 83.125, 5.825920226256338e-23, nan 
-80.875, 83.125, 5.824964695206614e-23, nan 
-80.625, 83.125, 4.375483985112579e-23, nan 
-80.375, 83.125, 4.3254729206747517e-23, nan 
-80.125, 83.125, 3.817151703660821e-23, nan 
-79.875, 83.125, 3.4739353391068755e-23, nan 
-79.625, 83.125, 3.2421197184954875e-23, nan 
-79.375, 83.125, 3.0924424262756526e-23, nan 
-79.125, 83.125, 2.8830498002166364e-23, nan 
-78.875, 83.125, 2.4933540387335906e-23, nan 
-78.625, 83.125, 2.1769928514106357e-23, nan 
-78.375, 83.125, 1.9168103204186274e-23, nan 
-78.125, 83.125, 1.6545730250575613e-23, nan 
-77.875, 83.125, 1.9737581096314766e-23, nan 
-77.625, 83.125, 2.0742275486762434e-23, nan 
-77.375, 83.125, 2.0700911173626584e-23, nan 
-77.125, 83.125, 2.190760616839863e-23, nan 
-76.875, 83.125, 2.5063357957243428e-23, nan 
-76.625, 83.125, 2.8349309842891895e-23, nan 
-76.375, 83.125, 3.160810186867856e-23, nan 
-76.125, 83.125, 3.576002525592616e-23, nan 
-75.875, 83.125, 3.9319977161655525e-23, nan 
-75.625, 83.125, 4.089566091271493e-23, nan 
-75.375, 83.125, 4.177600661594046e-23, nan 
-75.125, 83.125, 4.435619184296903e-23, nan 
-74.875, 83.125, 4.5395392465132416e-23, nan 
-74.625, 83.125, 4.4079952095936516e-23, nan 
-74.375, 83.125, 4.532039401715203e-23, nan 
-74.125, 83.125, 4.553995287963663e-23, nan 
-73.875, 83.125, 5.045868880878143e-23, nan 
-73.625, 83.125, 5.51266401703754e-23, nan 
-73.375, 83.125, 5.737864604393225e-23, nan 
-73.125, 83.125, 5.979388072660367e-23, nan 
-72.875, 83.125, 6.042230256633734e-23, nan 
-72.625, 83.125, 5.749350433553421e-23, nan 
-72.375, 83.125, 5.167340672578036e-23, nan 
-72.125, 83.125, 4.4865980316454227e-23, nan 
-71.875, 83.125, 3.1697679238546796e-23, nan 
-71.625, 83.125, 3.088719297503152e-23, nan 
-71.375, 83.125, 2.785241089083778e-23, nan 
-71.125, 83.125, 2.756328676902536e-23, nan 
-70.875, 83.125, 3.507171793285486e-23, nan 
-70.625, 83.125, 3.3520857817610316e-23, nan 
-70.375, 83.125, 3.4468099847262327e-23, nan 
-70.125, 83.125, 3.528324904308262e-23, nan 
-69.875, 83.125, 3.4612802618499687e-23, nan 
-69.625, 83.125, 2.44647910383207e-23, nan 
-69.375, 83.125, 2.837235886236646e-23, nan 
-69.125, 83.125, 2.876177815875417e-23, nan 
-68.875, 83.125, 2.6025459708369437e-23, nan 
-68.625, 83.125, 2.905870718699407e-23, nan 
-68.375, 83.125, 3.2473002895945294e-23, nan 
-68.125, 83.125, 3.410172222293303e-23, nan 
-67.875, 83.125, 3.4209335324355495e-23, nan 
-67.625, 83.125, 3.4744771604451074e-23, nan 
-67.375, 83.125, 3.4057023038151885e-23, nan 
-67.125, 83.125, 3.666534353128233e-23, nan 
-66.875, 83.125, 3.511758886887967e-23, nan 
-66.625, 83.125, 3.9761433158841034e-23, nan 
-66.375, 83.125, 4.2680283913598176e-23, nan 
-66.125, 83.125, 3.4274434767775003e-23, nan 
-65.875, 83.125, 3.7191052875990327e-23, nan 
-65.625, 83.125, 4.3530110727231927e-23, nan 
-65.375, 83.125, 4.6355371333205005e-23, nan 
-65.125, 83.125, 3.552356293182265e-23, nan 
-64.875, 83.125, 2.867548231338668e-23, nan 
-64.625, 83.125, 2.9024809162150186e-23, nan 
-64.375, 83.125, 3.0157787004491005e-23, nan 
-64.125, 83.125, 3.051596110719161e-23, nan 
-63.875, 83.125, 2.73359510966689e-23, nan 
-63.625, 83.125, 2.764176083602284e-23, nan 
-63.375, 83.125, 2.9999475971932465e-23, nan 
-63.125, 83.125, 3.4508929258532497e-23, nan 
-62.875, 83.125, 3.331092447016178e-23, nan 
-62.625, 83.125, 3.02087472044367e-23, nan 
-62.375, 83.125, 3.131131713758069e-23, nan 
-62.125, 83.125, 3.023039591032976e-23, nan 
-61.875, 83.125, 2.884638079460627e-23, nan 
-61.625, 83.125, 2.9131031225464557e-23, nan 
-61.375, 83.125, 3.032890847911009e-23, nan 
-61.125, 83.125, 3.228516908029116e-23, nan 
-60.875, 83.125, 2.5667635918780522e-23, nan 
-60.625, 83.125, 2.332057943916054e-23, nan 
-60.375, 83.125, 2.647447219662003e-23, nan 
-60.125, 83.125, 4.025665090274461e-23, nan 
-59.875, 83.125, 4.618388214516946e-23, nan 
-59.625, 83.125, 5.0129691719185174e-23, nan 
-59.375, 83.125, 5.46396105529491e-23, nan 
-59.125, 83.125, 5.95362546675005e-23, nan 
-58.875, 83.125, 6.465231432818728e-23, nan 
-58.625, 83.125, 6.688492882857854e-23, nan 
-58.375, 83.125, 8.460541933408262e-23, nan 
-58.125, 83.125, 9.707340609759811e-23, nan 
-57.875, 83.125, 7.710221188169383e-23, nan 
-57.625, 83.125, 7.78407787866988e-23, nan 
-57.375, 83.125, 7.617723654938898e-23, nan 
-57.125, 83.125, 7.671402551382576e-23, nan 
-56.875, 83.125, 8.638445928474063e-23, nan 
-56.625, 83.125, 9.763963046054098e-23, nan 
-56.375, 83.125, 9.77238088476269e-23, nan 
-56.125, 83.125, 9.589665068428761e-23, nan 
-55.875, 83.125, 1.0033109133274708e-22, nan 
-55.625, 83.125, 8.269827286187165e-23, nan 
-55.375, 83.125, 8.318884314154185e-23, nan 
-55.125, 83.125, 7.99005221987645e-23, nan 
-54.875, 83.125, 7.616902385488064e-23, nan 
-54.625, 83.125, 7.648447897704129e-23, nan 
-54.375, 83.125, 1.0469102162544022e-22, nan 
-54.125, 83.125, 9.858167472924188e-23, nan 
-53.875, 83.125, 9.712743140525679e-23, nan 
-53.625, 83.125, 1.0894358272343044e-22, nan 
-53.375, 83.125, 9.788631746259823e-23, nan 
-53.125, 83.125, 8.861488707972519e-23, nan 
-52.875, 83.125, 7.474545057231118e-23, nan 
-52.625, 83.125, 8.502600624869659e-23, nan 
-52.375, 83.125, 9.1268403866798e-23, nan 
-52.125, 83.125, 9.299609429579125e-23, nan 
-51.875, 83.125, 8.733254934179309e-23, nan 
-51.625, 83.125, 6.906138848965144e-23, nan 
-51.375, 83.125, 6.09342573847998e-23, nan 
-51.125, 83.125, 7.154617447284821e-23, nan 
-50.875, 83.125, 7.539502007200978e-23, nan 
-50.625, 83.125, 7.707578754434167e-23, nan 
-50.375, 83.125, 8.366966053408897e-23, nan 
-50.125, 83.125, 8.65765612533496e-23, nan 
-49.875, 83.125, 8.265014398122587e-23, nan 
-49.625, 83.125, 7.391259425238358e-23, nan 
-49.375, 83.125, 4.974343869020081e-23, nan 
-49.125, 83.125, 2.9405942079781486e-23, nan 
-48.875, 83.125, 2.0230117508704135e-23, nan 
-48.625, 83.125, 1.7792473826408214e-23, nan 
-48.375, 83.125, 1.887555223566563e-23, nan 
-48.125, 83.125, 1.9963539093445465e-23, nan 
-47.875, 83.125, 2.099317116377312e-23, nan 
-47.625, 83.125, 2.0179430074728553e-23, nan 
-47.375, 83.125, 1.8643392035056833e-23, nan 
-47.125, 83.125, 1.8558376066194508e-23, nan 
-46.875, 83.125, 1.697128643417868e-23, nan 
-46.625, 83.125, 1.759893990140522e-23, nan 
-46.375, 83.125, 2.098659940453778e-23, nan 
-46.125, 83.125, 2.222621772739949e-23, nan 
-45.875, 83.125, 2.2257416488018924e-23, nan 
-45.625, 83.125, 2.118428627920686e-23, nan 
-45.375, 83.125, 1.9499898810866776e-23, nan 
-45.125, 83.125, 1.7114349027453864e-23, nan 
-44.875, 83.125, 1.7885423325944574e-23, nan 
-44.625, 83.125, 1.5541677247654675e-23, nan 
-44.375, 83.125, 1.1538866803043647e-23, nan 
-44.125, 83.125, 1.4624896405147913e-23, nan 
-43.875, 83.125, 1.5096282153618102e-23, nan 
-43.625, 83.125, 1.2327296659309486e-23, nan 
-43.375, 83.125, 1.1805583781623913e-23, nan 
-43.125, 83.125, 1.095018155765711e-23, nan 
-42.875, 83.125, 1.0972974290817645e-23, nan 
-42.625, 83.125, 1.327129113390622e-23, nan 
-42.375, 83.125, 1.396103741826861e-23, nan 
-42.125, 83.125, 1.3168561235746381e-23, nan 
-41.875, 83.125, 1.4816524405498076e-23, nan 
-41.625, 83.125, 1.4792026463297713e-23, nan 
-41.375, 83.125, 1.5330750982646643e-23, nan 
-41.125, 83.125, 1.4312290900008765e-23, nan 
-40.875, 83.125, 2.780962535836485e-23, nan 
-40.625, 83.125, 5.544989206445101e-23, nan 
-40.375, 83.125, 6.185981385006835e-23, nan 
-40.125, 83.125, 6.731404123502465e-23, nan 
-39.875, 83.125, 7.104049336064155e-23, nan 
-39.625, 83.125, 7.23323412827688e-23, nan 
-39.375, 83.125, 7.674251692791507e-23, nan 
-39.125, 83.125, 7.76689995999989e-23, nan 
-38.875, 83.125, 7.779789951185647e-23, nan 
-38.625, 83.125, 6.345520325606239e-23, nan 
-38.375, 83.125, 6.440012509872276e-23, nan 
-38.125, 83.125, 6.718497295594967e-23, nan 
-37.875, 83.125, 7.175497049471524e-23, nan 
-37.625, 83.125, 7.413371833279895e-23, nan 
-37.375, 83.125, 7.327163744336063e-23, nan 
-37.125, 83.125, 7.471080796010585e-23, nan 
-36.875, 83.125, 7.339342716085888e-23, nan 
-36.625, 83.125, 7.245521740378402e-23, nan 
-36.375, 83.125, 5.117550247436328e-23, nan 
-36.125, 83.125, 3.963300700741279e-23, nan 
-35.875, 83.125, 3.443944806657081e-23, nan 
-35.625, 83.125, 3.1046743414724364e-23, nan 
-35.375, 83.125, 2.8588839291692624e-23, nan 
-35.125, 83.125, 2.944533074496293e-23, nan 
-34.875, 83.125, 3.3955582904476583e-23, nan 
-34.625, 83.125, 2.947478762168648e-23, nan 
-34.375, 83.125, 2.9751281147243783e-23, nan 
-34.125, 83.125, 3.3308075664874106e-23, nan 
-33.875, 83.125, 3.6483482380025916e-23, nan 
-33.625, 83.125, 4.1741849381637623e-23, nan 
-33.375, 83.125, 3.9860565919594804e-23, nan 
-33.125, 83.125, 3.809574732251631e-23, nan 
-32.875, 83.125, 4.4411334983438094e-23, nan 
-32.625, 83.125, 4.8068789828999333e-23, nan 
-32.375, 83.125, 5.011383281078283e-23, nan 
-32.125, 83.125, 4.770044651623384e-23, nan 
-31.875, 83.125, 4.6431029766989785e-23, nan 
-31.625, 83.125, 3.8290828271564185e-23, nan 
-31.375, 83.125, 4.0267356211894027e-23, nan 
-31.125, 83.125, 4.1663029123768106e-23, nan 
-30.875, 83.125, 4.042902800378818e-23, nan 
-30.625, 83.125, 4.351720860556528e-23, nan 
-30.375, 83.125, 4.5909341437854866e-23, nan 
-30.125, 83.125, 4.957710873115673e-23, nan 
-29.875, 83.125, 5.0966695594862267e-23, nan 
-29.625, 83.125, 5.129068005903124e-23, nan 
-29.375, 83.125, 4.022129635899127e-23, nan 
-29.125, 83.125, 2.7328946558029034e-23, nan 
-28.875, 83.125, 2.439109906694013e-23, nan 
-28.625, 83.125, 2.340412297495278e-23, nan 
-28.375, 83.125, 2.03474559026502e-23, nan 
-28.125, 83.125, 1.8469817708042818e-23, nan 
-27.875, 83.125, 1.8081606633298803e-23, nan 
-27.625, 83.125, 1.783169727243116e-23, nan 
-27.375, 83.125, 1.8397016371224605e-23, nan 
-27.125, 83.125, 1.959158042819252e-23, nan 
-26.875, 83.125, 2.125040672334909e-23, nan 
-26.625, 83.125, 2.1764796563567686e-23, nan 
-26.375, 83.125, 2.2414265572143047e-23, nan 
-26.125, 83.125, 2.582072185518586e-23, nan 
-25.875, 83.125, 1.977351474307256e-23, nan 
-25.625, 83.125, 1.761627390926709e-23, nan 
-25.375, 83.125, 1.65311513585511e-23, nan 
-25.125, 83.125, 1.4856404386495325e-23, nan 
-24.875, 83.125, 1.389836749482072e-23, nan 
-24.625, 83.125, 1.3874865326091526e-23, nan 
-24.375, 83.125, 1.2014665800861754e-23, nan 
-24.125, 83.125, 1.0565610728550348e-23, nan 
-23.875, 83.125, 9.328748607681244e-24, nan 
-23.625, 83.125, 9.090734673464463e-24, nan 
-23.375, 83.125, 8.106861877364236e-24, nan 
-23.125, 83.125, 8.203896346748557e-24, nan 
-22.875, 83.125, 9.2317087236271e-24, nan 
-22.625, 83.125, 9.510366255932493e-24, nan 
-22.375, 83.125, 8.540419498977052e-24, nan 
-22.125, 83.125, 8.453757100437548e-24, nan 
-21.875, 83.125, 8.806722451300646e-24, nan 
-21.625, 83.125, 9.118661678007744e-24, nan 
-21.375, 83.125, 9.274404215313605e-24, nan 
-21.125, 83.125, 9.236353290627846e-24, nan 
-20.875, 83.125, 9.15692677167096e-24, nan 
-20.625, 83.125, 9.033121885641847e-24, nan 
-20.375, 83.125, 8.448937047396207e-24, nan 
-20.125, 83.125, 8.578295895016896e-24, nan 
-19.875, 83.125, 8.713977961667207e-24, nan 
-19.625, 83.125, 8.81686467428891e-24, nan 
-19.375, 83.125, 9.401089251078345e-24, nan 
-19.125, 83.125, 9.160129138621451e-24, nan 
-18.875, 83.125, 9.002079850151543e-24, nan 
-18.625, 83.125, 9.510521235004056e-24, nan 
-18.375, 83.125, 1.0138190813981961e-23, nan 
-18.125, 83.125, 1.1075777632727949e-23, nan 
-17.875, 83.125, 1.2085738948848384e-23, nan 
-17.625, 83.125, 1.2192199006376134e-23, nan 
-17.375, 83.125, 1.1831798096670306e-23, nan 
-17.125, 83.125, 1.0963422578485175e-23, nan 
-16.875, 83.125, 1.0975096117174067e-23, nan 
-16.625, 83.125, 1.0853263138484906e-23, nan 
-16.375, 83.125, 1.1373983555835359e-23, nan 
-16.125, 83.125, 1.0700916218337477e-23, nan 
-15.875, 83.125, 9.314409171137331e-24, nan 
-15.625, 83.125, 9.228098403145981e-24, nan 
-15.375, 83.125, 8.894576005529885e-24, nan 
-15.125, 83.125, 9.035122197334125e-24, nan 
-14.875, 83.125, 8.450536498902614e-24, nan 
-14.625, 83.125, 6.4756244355239154e-24, nan 
-14.375, 83.125, 6.054833554824538e-24, nan 
-14.125, 83.125, 6.308549895333898e-24, nan 
-13.875, 83.125, 6.105965404730066e-24, nan 
-13.625, 83.125, 5.931345564710197e-24, nan 
-13.375, 83.125, 6.0409563406766925e-24, nan 
-13.125, 83.125, 6.224024698518234e-24, nan 
-12.875, 83.125, 6.332452463460023e-24, nan 
-12.625, 83.125, 5.958420927438923e-24, nan 
-12.375, 83.125, 6.55439066168333e-24, nan 
-12.125, 83.125, 7.563672600511182e-24, nan 
-11.875, 83.125, 7.733866248282155e-24, nan 
-11.625, 83.125, 8.139369390765667e-24, nan 
-11.375, 83.125, 8.294697661251584e-24, nan 
-11.125, 83.125, 8.222816909312611e-24, nan 
-10.875, 83.125, 8.438046214581974e-24, nan 
-10.625, 83.125, 8.565416737261542e-24, nan 
-10.375, 83.125, 8.25627857035572e-24, nan 
-10.125, 83.125, 8.269320070220852e-24, nan 
-9.875, 83.125, 8.539417111252863e-24, nan 
-9.625, 83.125, 8.726394961412457e-24, nan 
-9.375, 83.125, 8.784328001674677e-24, nan 
-9.125, 83.125, 8.64347655628552e-24, nan 
-8.875, 83.125, 8.089869172140213e-24, nan 
-8.625, 83.125, 7.472942626768794e-24, nan 
-8.375, 83.125, 7.200116891280155e-24, nan 
-8.125, 83.125, 7.102928934566219e-24, nan 
-7.875, 83.125, 6.4832959106812684e-24, nan 
-7.625, 83.125, 5.8267587582673576e-24, nan 
-7.375, 83.125, 5.784881231404274e-24, nan 
-7.125, 83.125, 5.758732638740993e-24, nan 
-6.875, 83.125, 5.393106411652434e-24, nan 
-6.625, 83.125, 5.540213740286083e-24, nan 
-6.375, 83.125, 5.528445533257163e-24, nan 
-6.125, 83.125, 5.440178436831085e-24, nan 
-5.875, 83.125, 5.00024251176084e-24, nan 
-5.625, 83.125, 5.07684337951265e-24, nan 
-5.375, 83.125, 5.334148655134029e-24, nan 
-5.125, 83.125, 5.380615717701198e-24, nan 
-4.875, 83.125, 4.997134533040994e-24, nan 
-4.625, 83.125, 5.326389965915937e-24, nan 
-4.375, 83.125, 5.440334353700766e-24, nan 
-4.125, 83.125, 5.344859486493952e-24, nan 
-3.875, 83.125, 5.1018251027881556e-24, nan 
-3.625, 83.125, 5.514172302650492e-24, nan 
-3.375, 83.125, 6.186270942671639e-24, nan 
-3.125, 83.125, 7.297563584842567e-24, nan 
-2.875, 83.125, 7.491134005465545e-24, nan 
-2.625, 83.125, 6.906097162025776e-24, nan 
-2.375, 83.125, 7.925401481331203e-24, nan 
-2.125, 83.125, 8.46049389707825e-24, nan 
-1.875, 83.125, 7.575605584386133e-24, nan 
-1.625, 83.125, 7.840084675917507e-24, nan 
-1.375, 83.125, 8.399452909314048e-24, nan 
-1.125, 83.125, 8.540072889487569e-24, nan 
-0.875, 83.125, 7.850517698970784e-24, nan 
-0.625, 83.125, 7.870323876158483e-24, nan 
-0.375, 83.125, 8.343870105682832e-24, nan 
-0.125, 83.125, 8.224806076110925e-24, nan 
0.125, 83.125, 7.792371091944552e-24, nan 
0.375, 83.125, 7.654026080081464e-24, nan 
0.625, 83.125, 7.292938117536606e-24, nan 
0.875, 83.125, 7.74252680358999e-24, nan 
1.125, 83.125, 8.057339941963767e-24, nan 
1.375, 83.125, 7.817437816441166e-24, nan 
1.625, 83.125, 6.811220227047066e-24, nan 
1.875, 83.125, 7.208751496827886e-24, nan 
2.125, 83.125, 7.441732621355388e-24, nan 
2.375, 83.125, 6.983590659732836e-24, nan 
2.625, 83.125, 6.835343533694832e-24, nan 
2.875, 83.125, 7.304070941151976e-24, nan 
3.125, 83.125, 7.575423292637954e-24, nan 
3.375, 83.125, 7.349508920935298e-24, nan 
3.625, 83.125, 7.142278874619914e-24, nan 
3.875, 83.125, 6.3390212234695275e-24, nan 
4.125, 83.125, 6.342037268720259e-24, nan 
4.375, 83.125, 6.4480457329534244e-24, nan 
4.625, 83.125, 7.07509823222747e-24, nan 
4.875, 83.125, 6.722696896396645e-24, nan 
5.125, 83.125, 6.512571261170394e-24, nan 
5.375, 83.125, 7.049069152477042e-24, nan 
5.625, 83.125, 7.033615325576946e-24, nan 
5.875, 83.125, 7.029426726009727e-24, nan 
6.125, 83.125, 6.305486685451294e-24, nan 
6.375, 83.125, 6.368722970449814e-24, nan 
6.625, 83.125, 6.471276262970747e-24, nan 
6.875, 83.125, 6.590323761786373e-24, nan 
7.125, 83.125, 6.336637250513185e-24, nan 
7.375, 83.125, 6.1311612641083325e-24, nan 
7.625, 83.125, 6.205792850777782e-24, nan 
7.875, 83.125, 5.86552604783214e-24, nan 
8.125, 83.125, 5.265836130513544e-24, nan 
8.375, 83.125, 5.777851688356842e-24, nan 
8.625, 83.125, 5.56144332374684e-24, nan 
8.875, 83.125, 5.631975147691933e-24, nan 
9.125, 83.125, 5.724330917040592e-24, nan 
9.375, 83.125, 5.5232500674949435e-24, nan 
9.625, 83.125, 5.389046186703021e-24, nan 
9.875, 83.125, 5.297277854389173e-24, nan 
10.125, 83.125, 5.1587464886365635e-24, nan 
10.375, 83.125, 5.00293239168175e-24, nan 
10.625, 83.125, 5.04693016604028e-24, nan 
10.875, 83.125, 4.729841517680132e-24, nan 
11.125, 83.125, 4.5595131314616285e-24, nan 
11.375, 83.125, 4.483675260226309e-24, nan 
11.625, 83.125, 4.560009644714661e-24, nan 
11.875, 83.125, 4.337539418567982e-24, nan 
12.125, 83.125, 3.991782102791946e-24, nan 
12.375, 83.125, 3.852890604863641e-24, nan 
12.625, 83.125, 4.018808040707961e-24, nan 
12.875, 83.125, 4.1866893051245514e-24, nan 
13.125, 83.125, 4.313142500769182e-24, nan 
13.375, 83.125, 4.1983763804698425e-24, nan 
13.625, 83.125, 3.83464660969529e-24, nan 
13.875, 83.125, 3.9475803418323e-24, nan 
14.125, 83.125, 4.09588883733276e-24, nan 
14.375, 83.125, 4.002783321100807e-24, nan 
14.625, 83.125, 4.0140306943854945e-24, nan 
14.875, 83.125, 3.8903559248250256e-24, nan 
15.125, 83.125, 3.504105780811756e-24, nan 
15.375, 83.125, 3.698167317781075e-24, nan 
15.625, 83.125, 3.859640446709437e-24, nan 
15.875, 83.125, 3.549982927897545e-24, nan 
16.125, 83.125, 3.3518262014615204e-24, nan 
16.375, 83.125, 2.8655110702427947e-24, nan 
16.625, 83.125, 2.628929467647161e-24, nan 
16.875, 83.125, 2.505405812372184e-24, nan 
17.125, 83.125, 2.715910624493197e-24, nan 
17.375, 83.125, 2.8190525896278796e-24, nan 
17.625, 83.125, 2.9996663250879647e-24, nan 
17.875, 83.125, 3.1463644057224177e-24, nan 
18.125, 83.125, 2.2711727638115125e-24, nan 
18.375, 83.125, 1.659838351910858e-24, nan 
18.625, 83.125, 1.605399081492345e-24, nan 
18.875, 83.125, 1.835304383535e-24, nan 
19.125, 83.125, 1.9951972297251663e-24, nan 
19.375, 83.125, 2.128302775968565e-24, nan 
19.625, 83.125, 2.2463476671862443e-24, nan 
19.875, 83.125, 2.1998424777427824e-24, nan 
20.125, 83.125, 2.128158976482576e-24, nan 
20.375, 83.125, 2.4690738920023566e-24, nan 
20.625, 83.125, 2.7672122840595497e-24, nan 
20.875, 83.125, 2.93344581856504e-24, nan 
21.125, 83.125, 2.9445549449752495e-24, nan 
21.375, 83.125, 2.9320139200535185e-24, nan 
21.625, 83.125, 3.0265128089135074e-24, nan 
21.875, 83.125, 2.957754155740398e-24, nan 
22.125, 83.125, 2.8902671087878628e-24, nan 
22.375, 83.125, 2.996613454891679e-24, nan 
22.625, 83.125, 3.029574280188622e-24, nan 
22.875, 83.125, 2.934666280640997e-24, nan 
23.125, 83.125, 2.945444387166308e-24, nan 
23.375, 83.125, 2.9469772167474712e-24, nan 
23.625, 83.125, 2.8268633528475123e-24, nan 
23.875, 83.125, 2.585777071825645e-24, nan 
24.125, 83.125, 2.3772086697074584e-24, nan 
24.375, 83.125, 2.4119463753778573e-24, nan 
24.625, 83.125, 2.402830278672057e-24, nan 
24.875, 83.125, 2.1725926238216037e-24, nan 
25.125, 83.125, 2.027207279339634e-24, nan 
25.375, 83.125, 1.9656219567803453e-24, nan 
25.625, 83.125, 1.9186263701305247e-24, nan 
25.875, 83.125, 1.8174776198250098e-24, nan 
26.125, 83.125, 1.8400533296456148e-24, nan 
26.375, 83.125, 1.7551596518176003e-24, nan 
26.625, 83.125, 1.8044092977623103e-24, nan 
26.875, 83.125, 1.6775702773822326e-24, nan 
27.125, 83.125, 1.6110427472541637e-24, nan 
27.375, 83.125, 1.593820807121941e-24, nan 
27.625, 83.125, 1.610460595193241e-24, nan 
27.875, 83.125, 1.4923263540269065e-24, nan 
28.125, 83.125, 1.4823371998057829e-24, nan 
28.375, 83.125, 1.4578313281680575e-24, nan 
28.625, 83.125, 1.379642107412541e-24, nan 
28.875, 83.125, 1.2700410570145827e-24, nan 
29.125, 83.125, 1.3011872908804627e-24, nan 
29.375, 83.125, 1.3567368997871776e-24, nan 
29.625, 83.125, 1.2121074964894251e-24, nan 
29.875, 83.125, 1.251330681528498e-24, nan 
30.125, 83.125, 1.2240633916966452e-24, nan 
30.375, 83.125, 1.136034383884861e-24, nan 
30.625, 83.125, 1.029677211472285e-24, nan 
30.875, 83.125, 1.0866885949874225e-24, nan 
31.125, 83.125, 1.0224479680583438e-24, nan 
31.375, 83.125, 9.362590888740953e-25, nan 
31.625, 83.125, 9.40329805208115e-25, nan 
31.875, 83.125, 9.358815476662248e-25, nan 
32.125, 83.125, 8.567100539408403e-25, nan 
32.375, 83.125, 8.340234943978027e-25, nan 
32.625, 83.125, 8.597088649055571e-25, nan 
32.875, 83.125, 8.440650773012642e-25, nan 
33.125, 83.125, 8.53536332812894e-25, nan 
33.375, 83.125, 9.083892367162723e-25, nan 
33.625, 83.125, 8.378475246830172e-25, nan 
33.875, 83.125, 8.285288187521737e-25, nan 
34.125, 83.125, 8.714306664562422e-25, nan 
34.375, 83.125, 9.436284026526005e-25, nan 
34.625, 83.125, 8.371366792745332e-25, nan 
34.875, 83.125, 6.9628013206023785e-25, nan 
35.125, 83.125, 7.176881940259105e-25, nan 
35.375, 83.125, 6.973218506798998e-25, nan 
35.625, 83.125, 5.867853772292283e-25, nan 
35.875, 83.125, 5.491019065056438e-25, nan 
36.125, 83.125, 6.023679450013195e-25, nan 
36.375, 83.125, 7.60279957557446e-25, nan 
36.625, 83.125, 8.8157767076276e-25, nan 
36.875, 83.125, 9.962908785561413e-25, nan 
37.125, 83.125, 1.2152199094609188e-24, nan 
37.375, 83.125, 2.0022169224643466e-24, nan 
37.625, 83.125, 4.559523437283647e-24, nan 
37.875, 83.125, 5.579280409740837e-24, nan 
38.125, 83.125, 5.978364554114014e-24, nan 
38.375, 83.125, 6.2906835975402844e-24, nan 
38.625, 83.125, 8.041073097341343e-24, nan 
38.875, 83.125, 7.76859310093215e-24, nan 
39.125, 83.125, 7.752707688674784e-24, nan 
39.375, 83.125, 8.097972757128575e-24, nan 
39.625, 83.125, 9.152228913727198e-24, nan 
39.875, 83.125, 8.752545169861397e-24, nan 
40.125, 83.125, 8.975778660583123e-24, nan 
40.375, 83.125, 8.971565619366738e-24, nan 
40.625, 83.125, 9.289314585939954e-24, nan 
40.875, 83.125, 9.558419858218061e-24, nan 
41.125, 83.125, 9.757122583836914e-24, nan 
41.375, 83.125, 9.783954336137028e-24, nan 
41.625, 83.125, 1.0184163177723597e-23, nan 
41.875, 83.125, 1.0689168709835115e-23, nan 
42.125, 83.125, 1.0840389416196224e-23, nan 
42.375, 83.125, 1.1198745713305624e-23, nan 
42.625, 83.125, 1.1974226261495046e-23, nan 
42.875, 83.125, 1.1630736653020761e-23, nan 
43.125, 83.125, 1.1583894106859996e-23, nan 
43.375, 83.125, 1.1989567725084587e-23, nan 
43.625, 83.125, 1.1718935453749373e-23, nan 
43.875, 83.125, 1.174337114453247e-23, nan 
44.125, 83.125, 1.1533531864278353e-23, nan 
44.375, 83.125, 1.0639828597608076e-23, nan 
44.625, 83.125, 1.0427720789419428e-23, nan 
44.875, 83.125, 1.0387906850462929e-23, nan 
45.125, 83.125, 9.866570350680787e-24, nan 
45.375, 83.125, 9.668708258960397e-24, nan 
45.625, 83.125, 9.491717089715656e-24, nan 
45.875, 83.125, 9.039742202871631e-24, nan 
46.125, 83.125, 8.257098122950794e-24, nan 
46.375, 83.125, 9.06710469575495e-24, nan 
46.625, 83.125, 8.633459893337987e-24, nan 
46.875, 83.125, 6.553777909627167e-24, nan 
47.125, 83.125, 5.997316827396469e-24, nan 
47.375, 83.125, 6.230114540367866e-24, nan 
47.625, 83.125, 4.785034722638575e-24, nan 
47.875, 83.125, 4.259085348744751e-24, nan 
48.125, 83.125, 4.7931531504296755e-24, nan 
48.375, 83.125, 3.821152399184164e-24, nan 
48.625, 83.125, 4.48931887186852e-24, nan 
48.875, 83.125, 6.63291285056574e-24, nan 
49.125, 83.125, 6.4774877918122764e-24, nan 
49.375, 83.125, 5.33207154955021e-24, nan 
49.625, 83.125, 6.560189018481467e-24, nan 
49.875, 83.125, 7.682484198846655e-24, nan 
50.125, 83.125, 7.884776623899882e-24, nan 
50.375, 83.125, 7.775982190052162e-24, nan 
50.625, 83.125, 7.726631643682118e-24, nan 
50.875, 83.125, 8.754144309444486e-24, nan 
51.125, 83.125, 8.722988969835072e-24, nan 
51.375, 83.125, 9.319252822377609e-24, nan 
51.625, 83.125, 1.0031959077122728e-23, nan 
51.875, 83.125, 9.977484362326473e-24, nan 
52.125, 83.125, 9.844341725652334e-24, nan 
52.375, 83.125, 1.0037887439406838e-23, nan 
52.625, 83.125, 9.951626350950719e-24, nan 
52.875, 83.125, 9.72155321098879e-24, nan 
53.125, 83.125, 9.466145375411367e-24, nan 
53.375, 83.125, 1.001232371967727e-23, nan 
53.625, 83.125, 1.0024002033875333e-23, nan 
53.875, 83.125, 9.142049405962635e-24, nan 
54.125, 83.125, 9.45192546552936e-24, nan 
54.375, 83.125, 9.56954308886456e-24, nan 
54.625, 83.125, 1.0063098613274609e-23, nan 
54.875, 83.125, 9.735420025260217e-24, nan 
55.125, 83.125, 9.696941885784203e-24, nan 
55.375, 83.125, 9.397714042472914e-24, nan 
55.625, 83.125, 9.525879688883429e-24, nan 
55.875, 83.125, 9.458629290631011e-24, nan 
56.125, 83.125, 7.843408081291482e-24, nan 
56.375, 83.125, 8.171563262259522e-24, nan 
56.625, 83.125, 4.7728249798270854e-24, nan 
56.875, 83.125, 1.6503193612784643e-24, nan 
57.125, 83.125, 1.9278576155472648e-24, nan 
57.375, 83.125, 2.1376105556040104e-24, nan 
57.625, 83.125, 2.0028026027653977e-24, nan 
57.875, 83.125, 2.0677933681682547e-24, nan 
58.125, 83.125, 2.2694201854881915e-24, nan 
58.375, 83.125, 1.9432374821553223e-24, nan 
58.625, 83.125, 2.1370091387438457e-24, nan 
58.875, 83.125, 2.3447940678476565e-24, nan 
59.125, 83.125, 2.4255475675854474e-24, nan 
59.375, 83.125, 2.5263727492148602e-24, nan 
59.625, 83.125, 2.1425339458720345e-24, nan 
59.875, 83.125, 2.4020083516779165e-24, nan 
60.125, 83.125, 1.983032137283383e-24, nan 
60.375, 83.125, 2.2698986379520322e-24, nan 
60.625, 83.125, 2.2916794893499013e-24, nan 
60.875, 83.125, 2.4654636923906322e-24, nan 
61.125, 83.125, 1.5772818341796023e-24, nan 
61.375, 83.125, 2.8738946097590877e-24, nan 
61.625, 83.125, 3.4938406920970795e-24, nan 
61.875, 83.125, 2.7173613259445203e-24, nan 
62.125, 83.125, 3.2314538149111443e-24, nan 
62.375, 83.125, 3.661612899563233e-24, nan 
62.625, 83.125, 4.1941171314598285e-24, nan 
62.875, 83.125, 4.917303998741983e-24, nan 
63.125, 83.125, 5.6703812840449306e-24, nan 
63.375, 83.125, 5.9510689779952965e-24, nan 
63.625, 83.125, 5.639386181825078e-24, nan 
63.875, 83.125, 5.8479205008563486e-24, nan 
64.125, 83.125, 6.358272918478576e-24, nan 
64.375, 83.125, 6.466937868917023e-24, nan 
64.625, 83.125, 4.826988766719846e-24, nan 
64.875, 83.125, 2.9459163688272718e-24, nan 
65.125, 83.125, 2.7361984391317287e-24, nan 
65.375, 83.125, 2.4869121554071254e-24, nan 
65.625, 83.125, 2.5912260800467713e-24, nan 
65.875, 83.125, 2.4341201084694616e-24, nan 
66.125, 83.125, 2.3276957200363682e-24, nan 
66.375, 83.125, 3.146468542087099e-24, nan 
66.625, 83.125, 3.342521445878293e-24, nan 
66.875, 83.125, 2.7042496853198417e-24, nan 
67.125, 83.125, 2.554197632857647e-24, nan 
67.375, 83.125, 3.242126228833284e-24, nan 
67.625, 83.125, 3.350236596176219e-24, nan 
67.875, 83.125, 2.8515499335904115e-24, nan 
68.125, 83.125, 2.0293426579939983e-24, nan 
68.375, 83.125, 2.1519674366889795e-24, nan 
68.625, 83.125, 2.0030453944836825e-24, nan 
68.875, 83.125, 5.81437053144309e-25, nan 
69.125, 83.125, 1.5576888621040527e-24, nan 
69.375, 83.125, 1.307896982777797e-24, nan 
69.625, 83.125, 3.577193510218474e-24, nan 
69.875, 83.125, 5.0406226141938986e-24, nan 
70.125, 83.125, 5.643291473647422e-24, nan 
70.375, 83.125, 5.0532737614258964e-24, nan 
70.625, 83.125, 6.5627572381217895e-24, nan 
70.875, 83.125, 7.934300610215035e-24, nan 
71.125, 83.125, 5.180312156286516e-24, nan 
71.375, 83.125, 5.2365475996222705e-24, nan 
71.625, 83.125, 4.480892555716565e-24, nan 
71.875, 83.125, 6.325939322371166e-24, nan 
72.125, 83.125, 7.29575993333534e-24, nan 
72.375, 83.125, 6.881014631251754e-24, nan 
72.625, 83.125, 7.054856816657918e-24, nan 
72.875, 83.125, 6.4541672996692535e-24, nan 
73.125, 83.125, 6.855332887690199e-24, nan 
73.375, 83.125, 5.700591500493453e-24, nan 
73.625, 83.125, 3.351349261491501e-24, nan 
73.875, 83.125, 2.7313702737090513e-24, nan 
74.125, 83.125, 3.430616303864043e-24, nan 
74.375, 83.125, 3.009426369760253e-24, nan 
74.625, 83.125, 2.4483325604101694e-24, nan 
74.875, 83.125, 1.8816074759520022e-24, nan 
75.125, 83.125, 1.9043185901664656e-24, nan 
75.375, 83.125, 2.134366880832578e-24, nan 
-106.625, 83.375, 3.7283975398268487e-23, nan 
-106.375, 83.375, 3.4228917351235866e-23, nan 
-106.125, 83.375, 2.5135473635687565e-23, nan 
-105.875, 83.375, 1.7284990621180506e-23, nan 
-105.625, 83.375, 1.0763443927087845e-23, nan 
-105.375, 83.375, 7.992247475823909e-24, nan 
-105.125, 83.375, 2.030471020108176e-23, nan 
-104.875, 83.375, 3.883714810578389e-23, nan 
-104.625, 83.375, 5.574945766725279e-23, nan 
-104.375, 83.375, 6.945545099081467e-23, nan 
-104.125, 83.375, 6.620023958583794e-23, nan 
-103.875, 83.375, 5.616518684725385e-23, nan 
-103.625, 83.375, 5.175552113613067e-23, nan 
-103.375, 83.375, 3.9789619805843106e-23, nan 
-103.125, 83.375, 3.127568050510513e-23, nan 
-102.875, 83.375, 2.2971169821035784e-23, nan 
-102.625, 83.375, 3.3805454940042066e-23, nan 
-102.375, 83.375, 4.698989441170749e-23, nan 
-102.125, 83.375, 5.504467801978421e-23, nan 
-101.875, 83.375, 5.173706957340761e-23, nan 
-101.625, 83.375, 3.9410296764717787e-23, nan 
-101.375, 83.375, 3.015970995803867e-23, nan 
-101.125, 83.375, 2.774426715575072e-23, nan 
-100.875, 83.375, 2.53434376108168e-23, nan 
-100.625, 83.375, 1.6603228495252784e-23, nan 
-100.375, 83.375, 2.590276211407955e-23, nan 
-100.125, 83.375, 2.519697943047911e-23, nan 
-99.875, 83.375, 1.911697433348613e-23, nan 
-99.625, 83.375, 2.2693522990039633e-23, nan 
-99.375, 83.375, 1.6764296785238422e-23, nan 
-99.125, 83.375, 5.7514661095804936e-24, nan 
-98.875, 83.375, 5.029807859724221e-24, nan 
-98.625, 83.375, 7.107898112699758e-24, nan 
-98.375, 83.375, 1.0537934030295474e-23, nan 
-98.125, 83.375, 1.729004054653951e-23, nan 
-97.875, 83.375, 1.659627674565581e-23, nan 
-97.625, 83.375, 1.4725991872182235e-23, nan 
-97.375, 83.375, 1.6976237634203471e-23, nan 
-97.125, 83.375, 1.6086491297063111e-23, nan 
-96.875, 83.375, 1.3683640392484903e-23, nan 
-96.625, 83.375, 1.168787189615372e-23, nan 
-96.375, 83.375, 1.2625047477826881e-23, nan 
-96.125, 83.375, 1.1501347601672421e-23, nan 
-95.875, 83.375, 1.0427137499727212e-23, nan 
-95.625, 83.375, 1.1325346637492135e-23, nan 
-95.375, 83.375, 8.157502358738155e-24, nan 
-95.125, 83.375, 9.118615719610287e-24, nan 
-94.875, 83.375, 1.2280582015464474e-23, nan 
-94.625, 83.375, 6.143731910268375e-24, nan 
-94.375, 83.375, 6.01703848675581e-24, nan 
-94.125, 83.375, 6.686260660167441e-24, nan 
-93.875, 83.375, 6.179057065006863e-24, nan 
-93.625, 83.375, 9.862781075161499e-24, nan 
-93.375, 83.375, 1.5597185497166953e-23, nan 
-93.125, 83.375, 1.8014621299709945e-23, nan 
-92.875, 83.375, 1.99835997481609e-23, nan 
-92.625, 83.375, 2.206308674359674e-23, nan 
-92.375, 83.375, 2.4028193322768008e-23, nan 
-92.125, 83.375, 2.6149875479325452e-23, nan 
-91.875, 83.375, 2.489074426809055e-23, nan 
-91.625, 83.375, 2.194303422934736e-23, nan 
-91.375, 83.375, 1.9148723813573245e-23, nan 
-91.125, 83.375, 1.4652590287438885e-23, nan 
-90.875, 83.375, 1.3643268152467876e-23, nan 
-90.625, 83.375, 2.003145243519156e-23, nan 
-90.375, 83.375, 2.9082711203243105e-23, nan 
-90.125, 83.375, 3.9674492309753753e-23, nan 
-89.875, 83.375, 4.047249700229176e-23, nan 
-89.625, 83.375, 3.7877220879223134e-23, nan 
-89.375, 83.375, 4.1276148737112516e-23, nan 
-89.125, 83.375, 4.489305054324602e-23, nan 
-88.875, 83.375, 3.612228986202271e-23, nan 
-88.625, 83.375, 3.3118073760918084e-23, nan 
-88.375, 83.375, 3.317946828684491e-23, nan 
-88.125, 83.375, 3.6528298032411604e-23, nan 
-87.875, 83.375, 3.7468174806314855e-23, nan 
-87.625, 83.375, 3.6757947184981165e-23, nan 
-87.375, 83.375, 4.14586862072286e-23, nan 
-87.125, 83.375, 4.2467254554904564e-23, nan 
-86.875, 83.375, 3.954469435952892e-23, nan 
-86.625, 83.375, 3.6713376418237857e-23, nan 
-86.375, 83.375, 4.0719218700565833e-23, nan 
-86.125, 83.375, 4.202066246055131e-23, nan 
-85.875, 83.375, 4.466651081745892e-23, nan 
-85.625, 83.375, 3.671301320065678e-23, nan 
-85.375, 83.375, 4.0810677683097317e-23, nan 
-85.125, 83.375, 4.9320422874620954e-23, nan 
-84.875, 83.375, 5.110775185999858e-23, nan 
-84.625, 83.375, 4.556759833234957e-23, nan 
-84.375, 83.375, 4.589655802069734e-23, nan 
-84.125, 83.375, 6.797806808980775e-23, nan 
-83.875, 83.375, 6.142739080279104e-23, nan 
-83.625, 83.375, 6.398838022978263e-23, nan 
-83.375, 83.375, 6.7732918902447e-23, nan 
-83.125, 83.375, 5.847524821432793e-23, nan 
-82.875, 83.375, 6.235943046223998e-23, nan 
-82.625, 83.375, 6.213031550952667e-23, nan 
-82.375, 83.375, 5.603654096113121e-23, nan 
-82.125, 83.375, 5.55050046994972e-23, nan 
-81.875, 83.375, 5.965452893916024e-23, nan 
-81.625, 83.375, 6.007192413597838e-23, nan 
-81.375, 83.375, 5.1319906274068914e-23, nan 
-81.125, 83.375, 5.922388013116625e-23, nan 
-80.875, 83.375, 5.985824427634563e-23, nan 
-80.625, 83.375, 5.30232565170767e-23, nan 
-80.375, 83.375, 5.776012850561635e-23, nan 
-80.125, 83.375, 4.8677944943035074e-23, nan 
-79.875, 83.375, 4.541259551199362e-23, nan 
-79.625, 83.375, 4.4876155306725887e-23, nan 
-79.375, 83.375, 5.121257595663356e-23, nan 
-79.125, 83.375, 5.011947567942793e-23, nan 
-78.875, 83.375, 4.0014481131277297e-23, nan 
-78.625, 83.375, 3.788004141636284e-23, nan 
-78.375, 83.375, 3.9205293466667994e-23, nan 
-78.125, 83.375, 3.577025741219025e-23, nan 
-77.875, 83.375, 3.2151648047957456e-23, nan 
-77.625, 83.375, 2.914808811785234e-23, nan 
-77.375, 83.375, 2.9356036984091584e-23, nan 
-77.125, 83.375, 3.8112846329651134e-23, nan 
-76.875, 83.375, 3.92530167670859e-23, nan 
-76.625, 83.375, 2.9383089693505994e-23, nan 
-76.375, 83.375, 2.1400979301841586e-23, nan 
-76.125, 83.375, 1.8011981475743855e-23, nan 
-75.875, 83.375, 1.697548519622655e-23, nan 
-75.625, 83.375, 2.180269516704009e-23, nan 
-75.375, 83.375, 2.2694715494428655e-23, nan 
-75.125, 83.375, 2.367432817062278e-23, nan 
-74.875, 83.375, 2.444628550079685e-23, nan 
-74.625, 83.375, 2.3517230049164127e-23, nan 
-74.375, 83.375, 2.6026691449105205e-23, nan 
-74.125, 83.375, 2.8869656988524596e-23, nan 
-73.875, 83.375, 3.176366660656328e-23, nan 
-73.625, 83.375, 3.4760774668614416e-23, nan 
-73.375, 83.375, 3.6421092324268026e-23, nan 
-73.125, 83.375, 3.6606845207178935e-23, nan 
-72.875, 83.375, 3.7465225837465925e-23, nan 
-72.625, 83.375, 3.882330626238243e-23, nan 
-72.375, 83.375, 4.013911634178288e-23, nan 
-72.125, 83.375, 4.0554525240210696e-23, nan 
-71.875, 83.375, 3.3517992930239885e-23, nan 
-71.625, 83.375, 2.646989029241672e-23, nan 
-71.375, 83.375, 2.121352217558919e-23, nan 
-71.125, 83.375, 1.6680193627909937e-23, nan 
-70.875, 83.375, 1.6654806107446548e-23, nan 
-70.625, 83.375, 2.5127291425677362e-23, nan 
-70.375, 83.375, 3.4226290340835113e-23, nan 
-70.125, 83.375, 4.268436163580334e-23, nan 
-69.875, 83.375, 4.4696736384822516e-23, nan 
-69.625, 83.375, 3.907119751356166e-23, nan 
-69.375, 83.375, 3.7619978546528987e-23, nan 
-69.125, 83.375, 3.240854103982482e-23, nan 
-68.875, 83.375, 3.2399164484291476e-23, nan 
-68.625, 83.375, 3.303524691396405e-23, nan 
-68.375, 83.375, 3.242072958664307e-23, nan 
-68.125, 83.375, 3.5431352920332575e-23, nan 
-67.875, 83.375, 3.985420138793268e-23, nan 
-67.625, 83.375, 4.269433674983422e-23, nan 
-67.375, 83.375, 3.963089330908562e-23, nan 
-67.125, 83.375, 3.779618890377858e-23, nan 
-66.875, 83.375, 3.4193337358549624e-23, nan 
-66.625, 83.375, 3.5864468196596446e-23, nan 
-66.375, 83.375, 3.565400182717653e-23, nan 
-66.125, 83.375, 2.888666739609401e-23, nan 
-65.875, 83.375, 2.9859934157344757e-23, nan 
-65.625, 83.375, 3.195067382515291e-23, nan 
-65.375, 83.375, 3.1393790042777865e-23, nan 
-65.125, 83.375, 2.2993789499332254e-23, nan 
-64.875, 83.375, 1.7922524474186393e-23, nan 
-64.625, 83.375, 1.9250791899843547e-23, nan 
-64.375, 83.375, 1.768274175220323e-23, nan 
-64.125, 83.375, 1.4689855991479058e-23, nan 
-63.875, 83.375, 1.9483342641909397e-23, nan 
-63.625, 83.375, 2.290786294526763e-23, nan 
-63.375, 83.375, 1.9872443590790512e-23, nan 
-63.125, 83.375, 1.846244255597985e-23, nan 
-62.875, 83.375, 1.9125559204648248e-23, nan 
-62.625, 83.375, 2.0002553416275018e-23, nan 
-62.375, 83.375, 2.0910225014297037e-23, nan 
-62.125, 83.375, 2.1511178002822496e-23, nan 
-61.875, 83.375, 2.084121871085383e-23, nan 
-61.625, 83.375, 2.0941667899494403e-23, nan 
-61.375, 83.375, 2.3177745745558227e-23, nan 
-61.125, 83.375, 2.507944904156905e-23, nan 
-60.875, 83.375, 2.4608692371751376e-23, nan 
-60.625, 83.375, 1.9050272768202555e-23, nan 
-60.375, 83.375, 1.909430051093074e-23, nan 
-60.125, 83.375, 2.591557776456757e-23, nan 
-59.875, 83.375, 2.717256875236674e-23, nan 
-59.625, 83.375, 2.72515075182645e-23, nan 
-59.375, 83.375, 2.4004263325047924e-23, nan 
-59.125, 83.375, 2.3519573515158135e-23, nan 
-58.875, 83.375, 2.329743545631594e-23, nan 
-58.625, 83.375, 3.437841625982367e-23, nan 
-58.375, 83.375, 3.695034369077472e-23, nan 
-58.125, 83.375, 4.007067673883409e-23, nan 
-57.875, 83.375, 4.829163733464864e-23, nan 
-57.625, 83.375, 5.604646612300811e-23, nan 
-57.375, 83.375, 6.131776464965393e-23, nan 
-57.125, 83.375, 6.38854916147685e-23, nan 
-56.875, 83.375, 6.246100391123017e-23, nan 
-56.625, 83.375, 5.557724747219256e-23, nan 
-56.375, 83.375, 4.233951208460343e-23, nan 
-56.125, 83.375, 4.5313346951966814e-23, nan 
-55.875, 83.375, 5.0665155278228945e-23, nan 
-55.625, 83.375, 5.364881721821663e-23, nan 
-55.375, 83.375, 6.437539571551076e-23, nan 
-55.125, 83.375, 8.85509844415675e-23, nan 
-54.875, 83.375, 1.0417676599482969e-22, nan 
-54.625, 83.375, 9.828480407135173e-23, nan 
-54.375, 83.375, 1.111317347706753e-22, nan 
-54.125, 83.375, 1.0474538126599554e-22, nan 
-53.875, 83.375, 9.715043908521653e-23, nan 
-53.625, 83.375, 1.0677457838462451e-22, nan 
-53.375, 83.375, 9.052074014165203e-23, nan 
-53.125, 83.375, 7.885415982423356e-23, nan 
-52.875, 83.375, 9.812716006944176e-23, nan 
-52.625, 83.375, 1.2176028276181178e-22, nan 
-52.375, 83.375, 8.916513914430968e-23, nan 
-52.125, 83.375, 8.570364584234426e-23, nan 
-51.875, 83.375, 8.332234828056568e-23, nan 
-51.625, 83.375, 8.950085433600706e-23, nan 
-51.375, 83.375, 9.504753896570814e-23, nan 
-51.125, 83.375, 9.24947081072953e-23, nan 
-50.875, 83.375, 8.507246664770091e-23, nan 
-50.625, 83.375, 6.889417257969133e-23, nan 
-50.375, 83.375, 7.459352962063184e-23, nan 
-50.125, 83.375, 7.936123495341822e-23, nan 
-49.875, 83.375, 7.145005860254543e-23, nan 
-49.625, 83.375, 6.470427396078081e-23, nan 
-49.375, 83.375, 6.690166471334475e-23, nan 
-49.125, 83.375, 6.39832104341442e-23, nan 
-48.875, 83.375, 6.865021782864178e-23, nan 
-48.625, 83.375, 7.410106350551796e-23, nan 
-48.375, 83.375, 7.178081486774192e-23, nan 
-48.125, 83.375, 7.120150725457428e-23, nan 
-47.875, 83.375, 6.918843687152343e-23, nan 
-47.625, 83.375, 6.510815968347568e-23, nan 
-47.375, 83.375, 5.487046063338179e-23, nan 
-47.125, 83.375, 5.116385515080838e-23, nan 
-46.875, 83.375, 3.720368721934187e-23, nan 
-46.625, 83.375, 3.0677440975106094e-23, nan 
-46.375, 83.375, 2.677195382412549e-23, nan 
-46.125, 83.375, 2.7365277163054384e-23, nan 
-45.875, 83.375, 2.795646664797558e-23, nan 
-45.625, 83.375, 2.7718012710991207e-23, nan 
-45.375, 83.375, 2.5618615319444663e-23, nan 
-45.125, 83.375, 2.315727456066158e-23, nan 
-44.875, 83.375, 2.094770710616852e-23, nan 
-44.625, 83.375, 1.9842421329929224e-23, nan 
-44.375, 83.375, 2.011169197650167e-23, nan 
-44.125, 83.375, 1.997220371305863e-23, nan 
-43.875, 83.375, 1.888613443316235e-23, nan 
-43.625, 83.375, 1.7648230626816088e-23, nan 
-43.375, 83.375, 1.520292332041866e-23, nan 
-43.125, 83.375, 1.527960894770945e-23, nan 
-42.875, 83.375, 1.5846483838251973e-23, nan 
-42.625, 83.375, 1.6385214179158873e-23, nan 
-42.375, 83.375, 1.5552958746057473e-23, nan 
-42.125, 83.375, 1.3283831466990877e-23, nan 
-41.875, 83.375, 1.3346942477003587e-23, nan 
-41.625, 83.375, 1.383669676174685e-23, nan 
-41.375, 83.375, 1.4516524657125233e-23, nan 
-41.125, 83.375, 1.5630727998801782e-23, nan 
-40.875, 83.375, 1.7643299851892274e-23, nan 
-40.625, 83.375, 1.8666794291163813e-23, nan 
-40.375, 83.375, 1.995183132195034e-23, nan 
-40.125, 83.375, 2.1218285221248268e-23, nan 
-39.875, 83.375, 1.9450551931912912e-23, nan 
-39.625, 83.375, 1.8888833809539932e-23, nan 
-39.375, 83.375, 1.8302094672323393e-23, nan 
-39.125, 83.375, 1.8163640984234106e-23, nan 
-38.875, 83.375, 1.822840743673392e-23, nan 
-38.625, 83.375, 3.189377461312436e-23, nan 
-38.375, 83.375, 4.3960744475058215e-23, nan 
-38.125, 83.375, 4.9472755417084377e-23, nan 
-37.875, 83.375, 5.584783696258891e-23, nan 
-37.625, 83.375, 5.945588060021164e-23, nan 
-37.375, 83.375, 5.703236539731515e-23, nan 
-37.125, 83.375, 5.702869377224031e-23, nan 
-36.875, 83.375, 5.892901892242287e-23, nan 
-36.625, 83.375, 5.802342350677353e-23, nan 
-36.375, 83.375, 4.898925505393611e-23, nan 
-36.125, 83.375, 4.959934368110869e-23, nan 
-35.875, 83.375, 4.970692710246474e-23, nan 
-35.625, 83.375, 5.365110405228604e-23, nan 
-35.375, 83.375, 5.508384925045078e-23, nan 
-35.125, 83.375, 5.402270456175092e-23, nan 
-34.875, 83.375, 5.553091059214248e-23, nan 
-34.625, 83.375, 5.56899019279869e-23, nan 
-34.375, 83.375, 5.459640830336696e-23, nan 
-34.125, 83.375, 4.65323039675252e-23, nan 
-33.875, 83.375, 4.6833861427056874e-23, nan 
-33.625, 83.375, 4.093546328077848e-23, nan 
-33.375, 83.375, 3.574286167933351e-23, nan 
-33.125, 83.375, 3.391695810537575e-23, nan 
-32.875, 83.375, 3.616995896205066e-23, nan 
-32.625, 83.375, 3.8308151291156704e-23, nan 
-32.375, 83.375, 3.853092017153847e-23, nan 
-32.125, 83.375, 3.762510678395278e-23, nan 
-31.875, 83.375, 3.53378319161575e-23, nan 
-31.625, 83.375, 3.558952748266577e-23, nan 
-31.375, 83.375, 4.0308700820054134e-23, nan 
-31.125, 83.375, 3.6271826300310513e-23, nan 
-30.875, 83.375, 3.396931392061677e-23, nan 
-30.625, 83.375, 3.5042208282794003e-23, nan 
-30.375, 83.375, 3.734956836051995e-23, nan 
-30.125, 83.375, 4.151899786333841e-23, nan 
-29.875, 83.375, 4.3854338630057335e-23, nan 
-29.625, 83.375, 4.454495968047731e-23, nan 
-29.375, 83.375, 3.535953372343395e-23, nan 
-29.125, 83.375, 3.044274266308936e-23, nan 
-28.875, 83.375, 3.137007110012214e-23, nan 
-28.625, 83.375, 3.223980912536191e-23, nan 
-28.375, 83.375, 3.1446442423514275e-23, nan 
-28.125, 83.375, 3.126975012493125e-23, nan 
-27.875, 83.375, 3.3140389680115e-23, nan 
-27.625, 83.375, 3.31583460550422e-23, nan 
-27.375, 83.375, 3.4435991303996185e-23, nan 
-27.125, 83.375, 2.972610666945686e-23, nan 
-26.875, 83.375, 2.663235755079275e-23, nan 
-26.625, 83.375, 2.6956362169625585e-23, nan 
-26.375, 83.375, 2.695571518459498e-23, nan 
-26.125, 83.375, 3.039943014839861e-23, nan 
-25.875, 83.375, 2.5390059046986193e-23, nan 
-25.625, 83.375, 2.5965094542339396e-23, nan 
-25.375, 83.375, 2.5266419657887445e-23, nan 
-25.125, 83.375, 2.499578063721674e-23, nan 
-24.875, 83.375, 2.5202338857915343e-23, nan 
-24.625, 83.375, 2.701795814236701e-23, nan 
-24.375, 83.375, 2.7846421422000015e-23, nan 
-24.125, 83.375, 2.657120234252861e-23, nan 
-23.875, 83.375, 2.742597998026462e-23, nan 
-23.625, 83.375, 2.14542284038405e-23, nan 
-23.375, 83.375, 1.747231950021901e-23, nan 
-23.125, 83.375, 1.7028456279356264e-23, nan 
-22.875, 83.375, 1.6419294975458886e-23, nan 
-22.625, 83.375, 1.5380267346741812e-23, nan 
-22.375, 83.375, 1.2786293935426786e-23, nan 
-22.125, 83.375, 1.3153819013974133e-23, nan 
-21.875, 83.375, 1.506283288238184e-23, nan 
-21.625, 83.375, 1.6366847197440234e-23, nan 
-21.375, 83.375, 1.3556460508033875e-23, nan 
-21.125, 83.375, 1.0198626554262076e-23, nan 
-20.875, 83.375, 1.1735033690927329e-23, nan 
-20.625, 83.375, 1.3833603315676598e-23, nan 
-20.375, 83.375, 1.4486782874735532e-23, nan 
-20.125, 83.375, 1.334067574505283e-23, nan 
-19.875, 83.375, 1.2399710492424219e-23, nan 
-19.625, 83.375, 1.187087743744987e-23, nan 
-19.375, 83.375, 1.1349034824790127e-23, nan 
-19.125, 83.375, 1.1700626756725768e-23, nan 
-18.875, 83.375, 1.1877155144080127e-23, nan 
-18.625, 83.375, 1.2468775458858837e-23, nan 
-18.375, 83.375, 1.2967715198222779e-23, nan 
-18.125, 83.375, 1.3953912671276622e-23, nan 
-17.875, 83.375, 1.4624399775558052e-23, nan 
-17.625, 83.375, 1.4478679294499843e-23, nan 
-17.375, 83.375, 1.4189907636570325e-23, nan 
-17.125, 83.375, 1.5504468160956292e-23, nan 
-16.875, 83.375, 1.8342598543796893e-23, nan 
-16.625, 83.375, 2.078287557694853e-23, nan 
-16.375, 83.375, 1.9986334899530184e-23, nan 
-16.125, 83.375, 1.7750671250583887e-23, nan 
-15.875, 83.375, 1.56482867749347e-23, nan 
-15.625, 83.375, 1.5604258585981012e-23, nan 
-15.375, 83.375, 1.6078251424128769e-23, nan 
-15.125, 83.375, 1.671752459913943e-23, nan 
-14.875, 83.375, 1.629030393264503e-23, nan 
-14.625, 83.375, 1.4252865516148415e-23, nan 
-14.375, 83.375, 1.4272105942654624e-23, nan 
-14.125, 83.375, 1.4125736691152388e-23, nan 
-13.875, 83.375, 1.2738793753547352e-23, nan 
-13.625, 83.375, 1.0721327407516867e-23, nan 
-13.375, 83.375, 9.57751275981179e-24, nan 
-13.125, 83.375, 9.460634884536876e-24, nan 
-12.875, 83.375, 9.46265288809949e-24, nan 
-12.625, 83.375, 1.003924868915661e-23, nan 
-12.375, 83.375, 8.804975667025944e-24, nan 
-12.125, 83.375, 8.239749942240154e-24, nan 
-11.875, 83.375, 8.157452365890308e-24, nan 
-11.625, 83.375, 8.12532566242778e-24, nan 
-11.375, 83.375, 7.97230850117262e-24, nan 
-11.125, 83.375, 8.072620724545111e-24, nan 
-10.875, 83.375, 8.225123551551519e-24, nan 
-10.625, 83.375, 8.186010622809955e-24, nan 
-10.375, 83.375, 7.694330751724529e-24, nan 
-10.125, 83.375, 7.678789981014477e-24, nan 
-9.875, 83.375, 7.864218800779296e-24, nan 
-9.625, 83.375, 7.950271677104758e-24, nan 
-9.375, 83.375, 7.889735094102085e-24, nan 
-9.125, 83.375, 7.627958911523089e-24, nan 
-8.875, 83.375, 7.285625496486191e-24, nan 
-8.625, 83.375, 7.194481625128265e-24, nan 
-8.375, 83.375, 7.284341511364204e-24, nan 
-8.125, 83.375, 6.725277080424875e-24, nan 
-7.875, 83.375, 6.422430852240301e-24, nan 
-7.625, 83.375, 6.2286124755010246e-24, nan 
-7.375, 83.375, 6.1481247541260504e-24, nan 
-7.125, 83.375, 6.3484000484547654e-24, nan 
-6.875, 83.375, 5.996394937890465e-24, nan 
-6.625, 83.375, 5.710948035664078e-24, nan 
-6.375, 83.375, 5.6050789645350964e-24, nan 
-6.125, 83.375, 5.7082933643403566e-24, nan 
-5.875, 83.375, 5.401879490733638e-24, nan 
-5.625, 83.375, 5.2634769871625565e-24, nan 
-5.375, 83.375, 5.157900547816126e-24, nan 
-5.125, 83.375, 4.728086998120063e-24, nan 
-4.875, 83.375, 4.6464094490166516e-24, nan 
-4.625, 83.375, 5.293375354461565e-24, nan 
-4.375, 83.375, 5.6372611255245376e-24, nan 
-4.125, 83.375, 5.760382664755662e-24, nan 
-3.875, 83.375, 6.1501321104258714e-24, nan 
-3.625, 83.375, 5.634537687504721e-24, nan 
-3.375, 83.375, 5.641968589366139e-24, nan 
-3.125, 83.375, 6.3416376766647245e-24, nan 
-2.875, 83.375, 6.6128676989110774e-24, nan 
-2.625, 83.375, 6.345309283530582e-24, nan 
-2.375, 83.375, 7.023544459694969e-24, nan 
-2.125, 83.375, 7.417960907045431e-24, nan 
-1.875, 83.375, 6.911923818183992e-24, nan 
-1.625, 83.375, 7.46397303665416e-24, nan 
-1.375, 83.375, 7.962249494215125e-24, nan 
-1.125, 83.375, 8.074445091092078e-24, nan 
-0.875, 83.375, 7.389461381680386e-24, nan 
-0.625, 83.375, 7.538464254541545e-24, nan 
-0.375, 83.375, 8.096959345732123e-24, nan 
-0.125, 83.375, 7.935451082146259e-24, nan 
0.125, 83.375, 7.562493003528003e-24, nan 
0.375, 83.375, 7.029971533762722e-24, nan 
0.625, 83.375, 7.04822971844066e-24, nan 
0.875, 83.375, 7.907877785360943e-24, nan 
1.125, 83.375, 8.02213829805512e-24, nan 
1.375, 83.375, 7.575647175197617e-24, nan 
1.625, 83.375, 6.892743336661502e-24, nan 
1.875, 83.375, 7.239066063062005e-24, nan 
2.125, 83.375, 7.650596707248749e-24, nan 
2.375, 83.375, 7.86417171110359e-24, nan 
2.625, 83.375, 7.966004022079878e-24, nan 
2.875, 83.375, 7.561896652174018e-24, nan 
3.125, 83.375, 7.339617147865108e-24, nan 
3.375, 83.375, 7.185870558672464e-24, nan 
3.625, 83.375, 7.354711901010928e-24, nan 
3.875, 83.375, 7.281457320231942e-24, nan 
4.125, 83.375, 7.655087587645658e-24, nan 
4.375, 83.375, 7.02449498842596e-24, nan 
4.625, 83.375, 6.189003732026605e-24, nan 
4.875, 83.375, 6.004945101590642e-24, nan 
5.125, 83.375, 6.779696624743125e-24, nan 
5.375, 83.375, 6.901291641332959e-24, nan 
5.625, 83.375, 7.183762217622416e-24, nan 
5.875, 83.375, 7.355863116207686e-24, nan 
6.125, 83.375, 6.295923267679262e-24, nan 
6.375, 83.375, 6.4011918580359324e-24, nan 
6.625, 83.375, 6.537687649056863e-24, nan 
6.875, 83.375, 6.788785339109623e-24, nan 
7.125, 83.375, 6.248256942221708e-24, nan 
7.375, 83.375, 6.343644507089617e-24, nan 
7.625, 83.375, 6.711480245074728e-24, nan 
7.875, 83.375, 6.56002483743444e-24, nan 
8.125, 83.375, 6.504186159101521e-24, nan 
8.375, 83.375, 6.2584843949255976e-24, nan 
8.625, 83.375, 6.178821957509525e-24, nan 
8.875, 83.375, 6.085748928359926e-24, nan 
9.125, 83.375, 6.233052526024467e-24, nan 
9.375, 83.375, 5.906215991375617e-24, nan 
9.625, 83.375, 5.998785549313691e-24, nan 
9.875, 83.375, 6.074537635727414e-24, nan 
10.125, 83.375, 5.9782474124334914e-24, nan 
10.375, 83.375, 5.681827115177595e-24, nan 
10.625, 83.375, 5.769086388161217e-24, nan 
10.875, 83.375, 5.3989330535704284e-24, nan 
11.125, 83.375, 5.4641244271936116e-24, nan 
11.375, 83.375, 5.477290986905182e-24, nan 
11.625, 83.375, 5.369520913659308e-24, nan 
11.875, 83.375, 5.1416746501889105e-24, nan 
12.125, 83.375, 4.846103632742732e-24, nan 
12.375, 83.375, 4.597049114488025e-24, nan 
12.625, 83.375, 4.562843284154953e-24, nan 
12.875, 83.375, 4.581029668768593e-24, nan 
13.125, 83.375, 4.35617609061328e-24, nan 
13.375, 83.375, 4.015763058371904e-24, nan 
13.625, 83.375, 4.091276843152037e-24, nan 
13.875, 83.375, 4.329828277254566e-24, nan 
14.125, 83.375, 4.529759382325858e-24, nan 
14.375, 83.375, 4.527992847830581e-24, nan 
14.625, 83.375, 4.4826533564818184e-24, nan 
14.875, 83.375, 4.369802069612583e-24, nan 
15.125, 83.375, 4.7221973102991895e-24, nan 
15.375, 83.375, 5.0392537780804225e-24, nan 
15.625, 83.375, 4.745558091925216e-24, nan 
15.875, 83.375, 4.371939946188735e-24, nan 
16.125, 83.375, 4.576827190966607e-24, nan 
16.375, 83.375, 4.955699439150598e-24, nan 
16.625, 83.375, 4.661688590256073e-24, nan 
16.875, 83.375, 4.155613286737642e-24, nan 
17.125, 83.375, 3.437788541161964e-24, nan 
17.375, 83.375, 3.0572571296483556e-24, nan 
17.625, 83.375, 3.15869493703125e-24, nan 
17.875, 83.375, 3.50475751401121e-24, nan 
18.125, 83.375, 2.9668590410771705e-24, nan 
18.375, 83.375, 3.2025462106906923e-24, nan 
18.625, 83.375, 2.8163471467651514e-24, nan 
18.875, 83.375, 2.478890457948636e-24, nan 
19.125, 83.375, 1.9805574949970767e-24, nan 
19.375, 83.375, 1.8454425753901734e-24, nan 
19.625, 83.375, 1.94108379392667e-24, nan 
19.875, 83.375, 2.0950309742021194e-24, nan 
20.125, 83.375, 2.285844568582226e-24, nan 
20.375, 83.375, 1.7658987014778506e-24, nan 
20.625, 83.375, 1.6570413065648193e-24, nan 
20.875, 83.375, 1.6650888525029247e-24, nan 
21.125, 83.375, 1.6829479082507126e-24, nan 
21.375, 83.375, 2.013514784387833e-24, nan 
21.625, 83.375, 2.3823184473076304e-24, nan 
21.875, 83.375, 2.500415663985206e-24, nan 
22.125, 83.375, 2.4083294263586933e-24, nan 
22.375, 83.375, 2.4061196154617035e-24, nan 
22.625, 83.375, 2.543313387055402e-24, nan 
22.875, 83.375, 2.615060518178462e-24, nan 
23.125, 83.375, 2.6786801813026663e-24, nan 
23.375, 83.375, 2.868975202469656e-24, nan 
23.625, 83.375, 2.9765803382893247e-24, nan 
23.875, 83.375, 2.9181323765531573e-24, nan 
24.125, 83.375, 2.7986153039933148e-24, nan 
24.375, 83.375, 2.7106126505487616e-24, nan 
24.625, 83.375, 2.6781058542659324e-24, nan 
24.875, 83.375, 2.5870745497224323e-24, nan 
25.125, 83.375, 2.469278815498878e-24, nan 
25.375, 83.375, 2.4007233832510557e-24, nan 
25.625, 83.375, 2.4538310822710122e-24, nan 
25.875, 83.375, 2.2729116749335895e-24, nan 
26.125, 83.375, 2.1242880793671175e-24, nan 
26.375, 83.375, 2.031140408150825e-24, nan 
26.625, 83.375, 2.1109113717829608e-24, nan 
26.875, 83.375, 1.967421868122317e-24, nan 
27.125, 83.375, 1.8515447784370494e-24, nan 
27.375, 83.375, 1.845247736331376e-24, nan 
27.625, 83.375, 1.7582429832386206e-24, nan 
27.875, 83.375, 1.6408736662034669e-24, nan 
28.125, 83.375, 1.5949351970523397e-24, nan 
28.375, 83.375, 1.666006690522728e-24, nan 
28.625, 83.375, 1.5509781010067498e-24, nan 
28.875, 83.375, 1.4626355985658824e-24, nan 
29.125, 83.375, 1.4246979444094055e-24, nan 
29.375, 83.375, 1.3659179546752347e-24, nan 
29.625, 83.375, 1.2878301852039389e-24, nan 
29.875, 83.375, 1.2530265700306413e-24, nan 
30.125, 83.375, 1.161195360327613e-24, nan 
30.375, 83.375, 1.1246249046356627e-24, nan 
30.625, 83.375, 1.0361439984552467e-24, nan 
30.875, 83.375, 1.0400716615557695e-24, nan 
31.125, 83.375, 9.783430020635616e-25, nan 
31.375, 83.375, 9.81847692853363e-25, nan 
31.625, 83.375, 9.861254629912712e-25, nan 
31.875, 83.375, 9.358635495955141e-25, nan 
32.125, 83.375, 9.138240027206165e-25, nan 
32.375, 83.375, 9.197923579394468e-25, nan 
32.625, 83.375, 9.377750157039363e-25, nan 
32.875, 83.375, 9.110422068826575e-25, nan 
33.125, 83.375, 9.07553348060638e-25, nan 
33.375, 83.375, 8.453831124971329e-25, nan 
33.625, 83.375, 9.022314118557914e-25, nan 
33.875, 83.375, 9.287581876258809e-25, nan 
34.125, 83.375, 8.947012307816447e-25, nan 
34.375, 83.375, 8.453157034731836e-25, nan 
34.625, 83.375, 7.823742607208217e-25, nan 
34.875, 83.375, 7.615772545014595e-25, nan 
35.125, 83.375, 7.030853878010715e-25, nan 
35.375, 83.375, 7.006450519579458e-25, nan 
35.625, 83.375, 6.912688217643701e-25, nan 
35.875, 83.375, 6.6551657324485475e-25, nan 
36.125, 83.375, 6.867812924384026e-25, nan 
36.375, 83.375, 6.853931861627113e-25, nan 
36.625, 83.375, 6.966989975441256e-25, nan 
36.875, 83.375, 6.349807423378448e-25, nan 
37.125, 83.375, 5.883667713939902e-25, nan 
37.375, 83.375, 5.352546130487674e-25, nan 
37.625, 83.375, 5.27935437949578e-25, nan 
37.875, 83.375, 5.772888329151408e-25, nan 
38.125, 83.375, 6.206626378919554e-25, nan 
38.375, 83.375, 7.102409906037657e-25, nan 
38.625, 83.375, 7.627924127584679e-25, nan 
38.875, 83.375, 9.259752379572476e-25, nan 
39.125, 83.375, 1.1296162175575155e-24, nan 
39.375, 83.375, 1.2359152700464012e-24, nan 
39.625, 83.375, 1.3236730903004374e-24, nan 
39.875, 83.375, 1.2850567561806857e-24, nan 
40.125, 83.375, 1.4407577653441042e-24, nan 
40.375, 83.375, 1.8204429250939107e-24, nan 
40.625, 83.375, 1.992647294757218e-24, nan 
40.875, 83.375, 2.1849077582606908e-24, nan 
41.125, 83.375, 2.7397428663281685e-24, nan 
41.375, 83.375, 3.19514276539877e-24, nan 
41.625, 83.375, 3.284032048928052e-24, nan 
41.875, 83.375, 3.2757004536520667e-24, nan 
42.125, 83.375, 3.472810964683443e-24, nan 
42.375, 83.375, 3.555260281556588e-24, nan 
42.625, 83.375, 3.2319885730885204e-24, nan 
42.875, 83.375, 3.1962383550314187e-24, nan 
43.125, 83.375, 3.1926195303924377e-24, nan 
43.375, 83.375, 3.2960692053792606e-24, nan 
43.625, 83.375, 3.752296372013229e-24, nan 
43.875, 83.375, 3.660825247168175e-24, nan 
44.125, 83.375, 3.550867934975671e-24, nan 
44.375, 83.375, 3.678594635506781e-24, nan 
44.625, 83.375, 3.774829419672223e-24, nan 
44.875, 83.375, 3.2851899495303023e-24, nan 
45.125, 83.375, 3.1951315089548436e-24, nan 
45.375, 83.375, 3.1656239384196286e-24, nan 
45.625, 83.375, 2.835560689300026e-24, nan 
45.875, 83.375, 2.8316215915919175e-24, nan 
46.125, 83.375, 2.62438203096299e-24, nan 
46.375, 83.375, 2.7732757866777533e-24, nan 
46.625, 83.375, 2.787496402758219e-24, nan 
46.875, 83.375, 2.3528260367117672e-24, nan 
47.125, 83.375, 2.161090789407103e-24, nan 
47.375, 83.375, 2.1394271001974024e-24, nan 
47.625, 83.375, 2.0181836985732935e-24, nan 
47.875, 83.375, 2.0012915288490604e-24, nan 
48.125, 83.375, 1.842398020113719e-24, nan 
48.375, 83.375, 2.0150023515337126e-24, nan 
48.625, 83.375, 2.0794558175709233e-24, nan 
48.875, 83.375, 2.0853425006730014e-24, nan 
49.125, 83.375, 3.762263506291041e-24, nan 
49.375, 83.375, 2.3520061408965167e-24, nan 
49.625, 83.375, 2.006634769424983e-24, nan 
49.875, 83.375, 2.0587271121319335e-24, nan 
50.125, 83.375, 1.782025736226185e-24, nan 
50.375, 83.375, 1.65419201628285e-24, nan 
50.625, 83.375, 2.5096177075984707e-24, nan 
50.875, 83.375, 2.805652568067501e-24, nan 
51.125, 83.375, 1.877106866579789e-24, nan 
51.375, 83.375, 1.5273793414229127e-24, nan 
51.625, 83.375, 2.5925374239605953e-24, nan 
51.875, 83.375, 3.3040928258049264e-24, nan 
52.125, 83.375, 2.659569410855501e-24, nan 
52.375, 83.375, 2.4760359246117823e-24, nan 
52.625, 83.375, 4.0495702253555045e-24, nan 
52.875, 83.375, 4.405845773994479e-24, nan 
53.125, 83.375, 3.2888667906585962e-24, nan 
53.375, 83.375, 2.6823967756168884e-24, nan 
53.625, 83.375, 2.5246090507188614e-24, nan 
53.875, 83.375, 1.5584929337095006e-24, nan 
54.125, 83.375, 2.718607505437577e-24, nan 
54.375, 83.375, 3.3905554815893664e-24, nan 
54.625, 83.375, 3.315544378113696e-24, nan 
54.875, 83.375, 5.844980593110426e-24, nan 
55.125, 83.375, 7.02353261414394e-24, nan 
55.375, 83.375, 4.679531465374439e-24, nan 
55.625, 83.375, 4.4460574080951736e-24, nan 
55.875, 83.375, 4.4944895261964926e-24, nan 
56.125, 83.375, 3.492943185435929e-24, nan 
56.375, 83.375, 3.030338379577022e-24, nan 
56.625, 83.375, 4.051694991429215e-24, nan 
56.875, 83.375, 3.664881414850296e-24, nan 
57.125, 83.375, 3.154844638301748e-24, nan 
57.375, 83.375, 3.707515318003058e-24, nan 
57.625, 83.375, 2.759157799807304e-24, nan 
57.875, 83.375, 2.811311148918579e-24, nan 
58.125, 83.375, 2.9497519425401704e-24, nan 
58.375, 83.375, 2.301452246177551e-24, nan 
58.625, 83.375, 2.277619012127432e-24, nan 
58.875, 83.375, 2.8711062713259884e-24, nan 
59.125, 83.375, 2.7935371427157625e-24, nan 
59.375, 83.375, 1.985744042580062e-24, nan 
59.625, 83.375, 1.963365484828668e-24, nan 
59.875, 83.375, 2.2951896180813403e-24, nan 
60.125, 83.375, 2.0954795613758682e-24, nan 
60.375, 83.375, 2.4229506770269247e-24, nan 
60.625, 83.375, 2.730560384981874e-24, nan 
60.875, 83.375, 3.9410835167329435e-24, nan 
61.125, 83.375, 3.654030133412859e-24, nan 
61.375, 83.375, 3.3215078235401535e-24, nan 
61.625, 83.375, 3.7996611280748674e-24, nan 
61.875, 83.375, 2.5770896194366418e-24, nan 
62.125, 83.375, 2.523423063817346e-24, nan 
62.375, 83.375, 3.045963108364839e-24, nan 
62.625, 83.375, 3.0637430961990737e-24, nan 
62.875, 83.375, 3.032755834456701e-24, nan 
63.125, 83.375, 4.0968588909243436e-24, nan 
63.375, 83.375, 4.37527718111704e-24, nan 
63.625, 83.375, 2.608945106753971e-24, nan 
63.875, 83.375, 3.2188294506147085e-24, nan 
64.125, 83.375, 3.0670366125460532e-24, nan 
64.375, 83.375, 2.923273831438645e-24, nan 
64.625, 83.375, 3.987259307722128e-24, nan 
64.875, 83.375, 4.2698234864741854e-24, nan 
65.125, 83.375, 4.24265136642528e-24, nan 
65.375, 83.375, 1.715831462193248e-24, nan 
65.625, 83.375, 1.3894675290737279e-24, nan 
65.875, 83.375, 1.413472921147279e-24, nan 
66.125, 83.375, 2.2114160604396126e-24, nan 
66.375, 83.375, 1.8878679612762825e-24, nan 
66.625, 83.375, 2.0638910785000895e-24, nan 
66.875, 83.375, 2.1152012914786856e-24, nan 
67.125, 83.375, 2.155393013187572e-24, nan 
67.375, 83.375, 3.296639246582112e-24, nan 
67.625, 83.375, 3.087856435008956e-24, nan 
67.875, 83.375, 2.6783163667839746e-24, nan 
68.125, 83.375, 2.9096571405874403e-24, nan 
68.375, 83.375, 3.2863913597887175e-24, nan 
68.625, 83.375, 3.846986445246729e-24, nan 
68.875, 83.375, 5.032714460515308e-24, nan 
69.125, 83.375, 5.529860133979616e-24, nan 
69.375, 83.375, 5.678862768953255e-24, nan 
69.625, 83.375, 4.865009134115472e-24, nan 
69.875, 83.375, 4.2404339757676644e-24, nan 
70.125, 83.375, 4.376753892880398e-24, nan 
70.375, 83.375, 4.5970277931163594e-24, nan 
70.625, 83.375, 5.8371025640738146e-24, nan 
70.875, 83.375, 6.855923801856359e-24, nan 
71.125, 83.375, 5.590018372771725e-24, nan 
71.375, 83.375, 5.8534131223721044e-24, nan 
71.625, 83.375, 5.327817515914927e-24, nan 
71.875, 83.375, 3.553666319940441e-24, nan 
72.125, 83.375, 2.4045116220023936e-24, nan 
72.375, 83.375, 1.69329094359519e-24, nan 
72.625, 83.375, 1.6958387134933644e-24, nan 
72.875, 83.375, 1.683698505678743e-24, nan 
73.125, 83.375, 1.0556816219291632e-24, nan 
73.375, 83.375, 1.3103487884345894e-24, nan 
73.625, 83.375, 1.6120683379433424e-24, nan 
73.875, 83.375, 1.7241690477927518e-24, nan 
74.125, 83.375, 1.8869772085585023e-24, nan 
74.375, 83.375, 1.8589734716477483e-24, nan 
74.625, 83.375, 1.7024948599781986e-24, nan 
74.875, 83.375, 1.8235915507158066e-24, nan 
75.125, 83.375, 1.7453398055361307e-24, nan 
75.375, 83.375, 1.5898846780645446e-24, nan 
75.625, 83.375, 1.4978280615697048e-24, nan 
75.875, 83.375, 2.197560957135851e-24, nan 
-107.125, 83.625, 1.3456674731794564e-23, nan 
-106.875, 83.625, 1.9138048939924988e-23, nan 
-106.625, 83.625, 2.0276698546323462e-23, nan 
-106.375, 83.625, 1.9665895879186834e-23, nan 
-106.125, 83.625, 2.0926485309218576e-23, nan 
-105.875, 83.625, 2.0692999825067625e-23, nan 
-105.625, 83.625, 9.215087912210334e-24, nan 
-105.375, 83.625, 1.2587195229474644e-23, nan 
-105.125, 83.625, 2.0997353929845066e-23, nan 
-104.875, 83.625, 2.912500686554474e-23, nan 
-104.625, 83.625, 4.630442914511692e-23, nan 
-104.375, 83.625, 5.192548438435188e-23, nan 
-104.125, 83.625, 4.890865082325548e-23, nan 
-103.875, 83.625, 5.0347198514285005e-23, nan 
-103.625, 83.625, 5.422618454659845e-23, nan 
-103.375, 83.625, 3.661967202405142e-23, nan 
-103.125, 83.625, 2.4980506592587462e-23, nan 
-102.875, 83.625, 2.3380122174399767e-23, nan 
-102.625, 83.625, 2.617882107535489e-23, nan 
-102.375, 83.625, 3.3190665297370195e-23, nan 
-102.125, 83.625, 3.3832766172278144e-23, nan 
-101.875, 83.625, 3.1710962757674727e-23, nan 
-101.625, 83.625, 3.424240268678184e-23, nan 
-101.375, 83.625, 3.846361223011623e-23, nan 
-101.125, 83.625, 2.9628323630113014e-23, nan 
-100.875, 83.625, 1.996971175912839e-23, nan 
-100.625, 83.625, 2.1088882218919109e-23, nan 
-100.375, 83.625, 2.93994070730267e-23, nan 
-100.125, 83.625, 3.854469661144469e-23, nan 
-99.875, 83.625, 3.8297714156982504e-23, nan 
-99.625, 83.625, 3.448104313150419e-23, nan 
-99.375, 83.625, 3.1951172228357653e-23, nan 
-99.125, 83.625, 3.0454126479920795e-23, nan 
-98.875, 83.625, 1.8713352427664668e-23, nan 
-98.625, 83.625, 1.615946923692076e-23, nan 
-98.375, 83.625, 1.7458338811107544e-23, nan 
-98.125, 83.625, 1.2110367510101888e-23, nan 
-97.875, 83.625, 6.53398636304902e-24, nan 
-97.625, 83.625, 1.1224237070777207e-23, nan 
-97.375, 83.625, 1.3841146323527905e-23, nan 
-97.125, 83.625, 1.2192449211104774e-23, nan 
-96.875, 83.625, 9.574453978404794e-24, nan 
-96.625, 83.625, 9.51979107505177e-24, nan 
-96.375, 83.625, 7.427450451371608e-24, nan 
-96.125, 83.625, 3.1240629180987582e-24, nan 
-95.875, 83.625, 4.327224980415166e-24, nan 
-95.625, 83.625, 1.1915468811571875e-23, nan 
-95.375, 83.625, 1.7923725785424383e-23, nan 
-95.125, 83.625, 2.2653859342504397e-23, nan 
-94.875, 83.625, 2.4253088086661356e-23, nan 
-94.625, 83.625, 1.1842697251268231e-23, nan 
-94.375, 83.625, 1.3173037442410094e-23, nan 
-94.125, 83.625, 1.755228376820397e-23, nan 
-93.875, 83.625, 1.8084098303777652e-23, nan 
-93.625, 83.625, 1.4172521403158937e-23, nan 
-93.375, 83.625, 1.5160197888985733e-23, nan 
-93.125, 83.625, 2.2091805984047587e-23, nan 
-92.875, 83.625, 2.585982374996057e-23, nan 
-92.625, 83.625, 3.31118436687069e-23, nan 
-92.375, 83.625, 3.182548182463258e-23, nan 
-92.125, 83.625, 4.1911162546789804e-23, nan 
-91.875, 83.625, 5.2446347430244897e-23, nan 
-91.625, 83.625, 6.304569768983539e-23, nan 
-91.375, 83.625, 5.841113538775361e-23, nan 
-91.125, 83.625, 5.351644040516655e-23, nan 
-90.875, 83.625, 4.574101405694851e-23, nan 
-90.625, 83.625, 4.099228573298981e-23, nan 
-90.375, 83.625, 3.885165073556346e-23, nan 
-90.125, 83.625, 4.1500000976933477e-23, nan 
-89.875, 83.625, 4.153079544992244e-23, nan 
-89.625, 83.625, 4.4128949355018277e-23, nan 
-89.375, 83.625, 5.1200297900063103e-23, nan 
-89.125, 83.625, 5.177887692633155e-23, nan 
-88.875, 83.625, 4.6200252893291755e-23, nan 
-88.625, 83.625, 3.9571447996657845e-23, nan 
-88.375, 83.625, 3.545331214936126e-23, nan 
-88.125, 83.625, 2.8943711938167893e-23, nan 
-87.875, 83.625, 2.1789256745811634e-23, nan 
-87.625, 83.625, 2.4651511581115822e-23, nan 
-87.375, 83.625, 3.4243552367689055e-23, nan 
-87.125, 83.625, 4.035858423299504e-23, nan 
-86.875, 83.625, 4.277090408732821e-23, nan 
-86.625, 83.625, 4.5698963389893254e-23, nan 
-86.375, 83.625, 5.297566821882896e-23, nan 
-86.125, 83.625, 4.8487459401698616e-23, nan 
-85.875, 83.625, 4.789593469608649e-23, nan 
-85.625, 83.625, 4.174990432489135e-23, nan 
-85.375, 83.625, 3.390835645067898e-23, nan 
-85.125, 83.625, 3.129925421601628e-23, nan 
-84.875, 83.625, 4.1887816556957937e-23, nan 
-84.625, 83.625, 4.2175507100273116e-23, nan 
-84.375, 83.625, 3.9249008762175946e-23, nan 
-84.125, 83.625, 5.312960863079436e-23, nan 
-83.875, 83.625, 5.363339221663925e-23, nan 
-83.625, 83.625, 5.968082349441758e-23, nan 
-83.375, 83.625, 6.16610717758285e-23, nan 
-83.125, 83.625, 5.519460776794922e-23, nan 
-82.875, 83.625, 5.950945007357275e-23, nan 
-82.625, 83.625, 6.939821091583964e-23, nan 
-82.375, 83.625, 5.344912462507464e-23, nan 
-82.125, 83.625, 4.7964150983469965e-23, nan 
-81.875, 83.625, 5.605219924890607e-23, nan 
-81.625, 83.625, 6.391543297066037e-23, nan 
-81.375, 83.625, 6.574624884204079e-23, nan 
-81.125, 83.625, 5.891100599580111e-23, nan 
-80.875, 83.625, 6.005129847765005e-23, nan 
-80.625, 83.625, 6.61245747795947e-23, nan 
-80.375, 83.625, 7.003783636995299e-23, nan 
-80.125, 83.625, 5.536804234473915e-23, nan 
-79.875, 83.625, 5.214791277793916e-23, nan 
-79.625, 83.625, 5.571274216508e-23, nan 
-79.375, 83.625, 8.290942441231023e-23, nan 
-79.125, 83.625, 9.221352639111188e-23, nan 
-78.875, 83.625, 7.342172084076142e-23, nan 
-78.625, 83.625, 6.99545152128292e-23, nan 
-78.375, 83.625, 7.902464864149846e-23, nan 
-78.125, 83.625, 6.546647407681092e-23, nan 
-77.875, 83.625, 6.67263843496444e-23, nan 
-77.625, 83.625, 6.517979320190226e-23, nan 
-77.375, 83.625, 7.112968729343155e-23, nan 
-77.125, 83.625, 6.981088407244809e-23, nan 
-76.875, 83.625, 7.138037140966128e-23, nan 
-76.625, 83.625, 6.793124046469352e-23, nan 
-76.375, 83.625, 7.560890466865487e-23, nan 
-76.125, 83.625, 8.970136206178525e-23, nan 
-75.875, 83.625, 9.077934633568668e-23, nan 
-75.625, 83.625, 9.128366371970605e-23, nan 
-75.375, 83.625, 8.648118272460296e-23, nan 
-75.125, 83.625, 8.163812527156908e-23, nan 
-74.875, 83.625, 6.646501781074219e-23, nan 
-74.625, 83.625, 4.570838453471528e-23, nan 
-74.375, 83.625, 2.44737398967186e-23, nan 
-74.125, 83.625, 1.5486079683016347e-23, nan 
-73.875, 83.625, 2.1466467529652513e-23, nan 
-73.625, 83.625, 2.614424458903076e-23, nan 
-73.375, 83.625, 2.969972488513574e-23, nan 
-73.125, 83.625, 2.9956322368762266e-23, nan 
-72.875, 83.625, 2.722008584704372e-23, nan 
-72.625, 83.625, 2.6037171937940057e-23, nan 
-72.375, 83.625, 2.7664750647037064e-23, nan 
-72.125, 83.625, 2.714619878270389e-23, nan 
-71.875, 83.625, 2.336532502213931e-23, nan 
-71.625, 83.625, 1.879682791444721e-23, nan 
-71.375, 83.625, 1.4100069328913388e-23, nan 
-71.125, 83.625, 1.5391486390623313e-23, nan 
-70.875, 83.625, 2.1282690616904584e-23, nan 
-70.625, 83.625, 2.2640214828329598e-23, nan 
-70.375, 83.625, 2.5947728746341489e-23, nan 
-70.125, 83.625, 3.014473206638934e-23, nan 
-69.875, 83.625, 3.1323389443014616e-23, nan 
-69.625, 83.625, 2.5900043315250826e-23, nan 
-69.375, 83.625, 2.293557907719862e-23, nan 
-69.125, 83.625, 1.9177544623187746e-23, nan 
-68.875, 83.625, 1.9113152199346116e-23, nan 
-68.625, 83.625, 1.8443094414282185e-23, nan 
-68.375, 83.625, 1.497317434764561e-23, nan 
-68.125, 83.625, 1.3445299757149042e-23, nan 
-67.875, 83.625, 1.3763794947821912e-23, nan 
-67.625, 83.625, 1.5206699113692162e-23, nan 
-67.375, 83.625, 9.657989598146843e-24, nan 
-67.125, 83.625, 5.6973354351525305e-24, nan 
-66.875, 83.625, 6.889624847675082e-24, nan 
-66.625, 83.625, 7.155114300429957e-24, nan 
-66.375, 83.625, 6.0785974287556796e-24, nan 
-66.125, 83.625, 8.81880161465583e-24, nan 
-65.875, 83.625, 1.0138287619878679e-23, nan 
-65.625, 83.625, 8.26296687697091e-24, nan 
-65.375, 83.625, 1.0532659063883984e-23, nan 
-65.125, 83.625, 1.0316814959176147e-23, nan 
-64.875, 83.625, 8.571933692998373e-24, nan 
-64.625, 83.625, 7.623456323134728e-24, nan 
-64.375, 83.625, 1.1258202577043843e-23, nan 
-64.125, 83.625, 8.747203926251409e-24, nan 
-63.875, 83.625, 1.5832640613999076e-23, nan 
-63.625, 83.625, 2.0185084088904424e-23, nan 
-63.375, 83.625, 1.4374845942832796e-23, nan 
-63.125, 83.625, 1.8312128350889819e-23, nan 
-62.875, 83.625, 2.3326093612538777e-23, nan 
-62.625, 83.625, 2.3440558395718902e-23, nan 
-62.375, 83.625, 2.4111160919288002e-23, nan 
-62.125, 83.625, 2.6374884248339997e-23, nan 
-61.875, 83.625, 2.791287811569421e-23, nan 
-61.625, 83.625, 2.94954264877672e-23, nan 
-61.375, 83.625, 3.076163689353385e-23, nan 
-61.125, 83.625, 3.8116511557818316e-23, nan 
-60.875, 83.625, 4.6488985450015054e-23, nan 
-60.625, 83.625, 4.602036361942284e-23, nan 
-60.375, 83.625, 4.551001768022644e-23, nan 
-60.125, 83.625, 5.2241540550352256e-23, nan 
-59.875, 83.625, 4.8925290293647654e-23, nan 
-59.625, 83.625, 4.62254456625932e-23, nan 
-59.375, 83.625, 4.316064624351713e-23, nan 
-59.125, 83.625, 4.4855865753166586e-23, nan 
-58.875, 83.625, 2.731420603716568e-23, nan 
-58.625, 83.625, 5.326696538912704e-23, nan 
-58.375, 83.625, 5.906719770526802e-23, nan 
-58.125, 83.625, 6.202488389555027e-23, nan 
-57.875, 83.625, 7.184233843395098e-23, nan 
-57.625, 83.625, 7.825852299511845e-23, nan 
-57.375, 83.625, 7.966486126513281e-23, nan 
-57.125, 83.625, 7.712193144494623e-23, nan 
-56.875, 83.625, 7.4107848695488e-23, nan 
-56.625, 83.625, 5.802445209360462e-23, nan 
-56.375, 83.625, 6.16291840335159e-23, nan 
-56.125, 83.625, 6.625670906734204e-23, nan 
-55.875, 83.625, 6.926891545352654e-23, nan 
-55.625, 83.625, 7.600409157048753e-23, nan 
-55.375, 83.625, 8.298285480777876e-23, nan 
-55.125, 83.625, 8.512145244158673e-23, nan 
-54.875, 83.625, 8.128500865162745e-23, nan 
-54.625, 83.625, 7.9693210079812e-23, nan 
-54.375, 83.625, 7.377921811352567e-23, nan 
-54.125, 83.625, 6.220624600317975e-23, nan 
-53.875, 83.625, 5.95697447062354e-23, nan 
-53.625, 83.625, 5.50393169897307e-23, nan 
-53.375, 83.625, 5.45598671301343e-23, nan 
-53.125, 83.625, 5.705110760549401e-23, nan 
-52.875, 83.625, 9.154563862892606e-23, nan 
-52.625, 83.625, 9.431057314702625e-23, nan 
-52.375, 83.625, 5.684000908142937e-23, nan 
-52.125, 83.625, 6.149751597868302e-23, nan 
-51.875, 83.625, 6.542114406120117e-23, nan 
-51.625, 83.625, 6.533762320187892e-23, nan 
-51.375, 83.625, 7.146606393955212e-23, nan 
-51.125, 83.625, 7.399501954841783e-23, nan 
-50.875, 83.625, 8.084667671111229e-23, nan 
-50.625, 83.625, 9.293322263735318e-23, nan 
-50.375, 83.625, 8.120474401365097e-23, nan 
-50.125, 83.625, 6.010423192086416e-23, nan 
-49.875, 83.625, 6.358619664132002e-23, nan 
-49.625, 83.625, 7.310180008343137e-23, nan 
-49.375, 83.625, 5.619356803555723e-23, nan 
-49.125, 83.625, 6.587181021038149e-23, nan 
-48.875, 83.625, 6.856175552658675e-23, nan 
-48.625, 83.625, 7.323333099582135e-23, nan 
-48.375, 83.625, 6.807697347565729e-23, nan 
-48.125, 83.625, 6.627586381228859e-23, nan 
-47.875, 83.625, 6.732981201898475e-23, nan 
-47.625, 83.625, 6.233974493512961e-23, nan 
-47.375, 83.625, 5.442026712379311e-23, nan 
-47.125, 83.625, 6.038304145642034e-23, nan 
-46.875, 83.625, 6.284542080144888e-23, nan 
-46.625, 83.625, 5.891810221916102e-23, nan 
-46.375, 83.625, 5.69015034037084e-23, nan 
-46.125, 83.625, 5.667586971869589e-23, nan 
-45.875, 83.625, 5.801749915344059e-23, nan 
-45.625, 83.625, 5.819683327374982e-23, nan 
-45.375, 83.625, 5.415713549539344e-23, nan 
-45.125, 83.625, 4.568925815038407e-23, nan 
-44.875, 83.625, 4.379097773282237e-23, nan 
-44.625, 83.625, 4.286425864102357e-23, nan 
-44.375, 83.625, 3.738673917726956e-23, nan 
-44.125, 83.625, 2.8475072179446116e-23, nan 
-43.875, 83.625, 2.832360479739086e-23, nan 
-43.625, 83.625, 2.6993769765655694e-23, nan 
-43.375, 83.625, 2.5174808078633575e-23, nan 
-43.125, 83.625, 2.271315218401143e-23, nan 
-42.875, 83.625, 2.1616665724615128e-23, nan 
-42.625, 83.625, 2.0169934251442276e-23, nan 
-42.375, 83.625, 1.688088933806523e-23, nan 
-42.125, 83.625, 1.4231784344930925e-23, nan 
-41.875, 83.625, 1.3579563096854026e-23, nan 
-41.625, 83.625, 1.2562026292725093e-23, nan 
-41.375, 83.625, 1.1950118462086991e-23, nan 
-41.125, 83.625, 1.1445012099566936e-23, nan 
-40.875, 83.625, 1.366683386297524e-23, nan 
-40.625, 83.625, 1.3344916492099817e-23, nan 
-40.375, 83.625, 1.5062808731539054e-23, nan 
-40.125, 83.625, 1.824576450681576e-23, nan 
-39.875, 83.625, 1.6499049427100732e-23, nan 
-39.625, 83.625, 1.8256101072327892e-23, nan 
-39.375, 83.625, 1.8495241180869246e-23, nan 
-39.125, 83.625, 1.8237598143978878e-23, nan 
-38.875, 83.625, 1.8288081427104796e-23, nan 
-38.625, 83.625, 1.787246248614057e-23, nan 
-38.375, 83.625, 1.8681778349944974e-23, nan 
-38.125, 83.625, 2.0001581287628982e-23, nan 
-37.875, 83.625, 2.101147962637572e-23, nan 
-37.625, 83.625, 2.0457615508862208e-23, nan 
-37.375, 83.625, 2.0120298731161658e-23, nan 
-37.125, 83.625, 1.9995984187053763e-23, nan 
-36.875, 83.625, 2.0018645517309055e-23, nan 
-36.625, 83.625, 1.994533894013829e-23, nan 
-36.375, 83.625, 2.717865821794432e-23, nan 
-36.125, 83.625, 2.8230106765097886e-23, nan 
-35.875, 83.625, 3.3207475224609e-23, nan 
-35.625, 83.625, 3.816495343284482e-23, nan 
-35.375, 83.625, 3.8576599998437196e-23, nan 
-35.125, 83.625, 3.560087742359063e-23, nan 
-34.875, 83.625, 3.428706616573808e-23, nan 
-34.625, 83.625, 3.6021487521908304e-23, nan 
-34.375, 83.625, 3.540366629539891e-23, nan 
-34.125, 83.625, 3.618890320665002e-23, nan 
-33.875, 83.625, 3.7451450133899154e-23, nan 
-33.625, 83.625, 3.7168084839384134e-23, nan 
-33.375, 83.625, 4.284969817222386e-23, nan 
-33.125, 83.625, 4.552184712037849e-23, nan 
-32.875, 83.625, 4.666976205713738e-23, nan 
-32.625, 83.625, 4.835782397581859e-23, nan 
-32.375, 83.625, 4.9967318318250046e-23, nan 
-32.125, 83.625, 4.9169421652528654e-23, nan 
-31.875, 83.625, 4.7111734586142614e-23, nan 
-31.625, 83.625, 4.55106301926939e-23, nan 
-31.375, 83.625, 4.2641052201992627e-23, nan 
-31.125, 83.625, 4.329958781400983e-23, nan 
-30.875, 83.625, 4.551033106980349e-23, nan 
-30.625, 83.625, 4.396038632298989e-23, nan 
-30.375, 83.625, 4.672332702242501e-23, nan 
-30.125, 83.625, 4.8430390153428464e-23, nan 
-29.875, 83.625, 4.8365842631094105e-23, nan 
-29.625, 83.625, 4.6425118129042635e-23, nan 
-29.375, 83.625, 4.456465307255113e-23, nan 
-29.125, 83.625, 4.1680059099217826e-23, nan 
-28.875, 83.625, 3.2552961888407086e-23, nan 
-28.625, 83.625, 3.224378776227634e-23, nan 
-28.375, 83.625, 3.4617454604964204e-23, nan 
-28.125, 83.625, 3.301054682341446e-23, nan 
-27.875, 83.625, 2.8338089977787427e-23, nan 
-27.625, 83.625, 2.9485851593084583e-23, nan 
-27.375, 83.625, 3.106857052317712e-23, nan 
-27.125, 83.625, 3.3801532315435983e-23, nan 
-26.875, 83.625, 3.797067663592054e-23, nan 
-26.625, 83.625, 3.731355512037409e-23, nan 
-26.375, 83.625, 2.5784684354949676e-23, nan 
-26.125, 83.625, 1.946478039767855e-23, nan 
-25.875, 83.625, 2.03212974884527e-23, nan 
-25.625, 83.625, 2.4016612302759144e-23, nan 
-25.375, 83.625, 2.2593316256700654e-23, nan 
-25.125, 83.625, 2.3604765540394557e-23, nan 
-24.875, 83.625, 2.4173506750066275e-23, nan 
-24.625, 83.625, 2.469811962899531e-23, nan 
-24.375, 83.625, 2.334652669078402e-23, nan 
-24.125, 83.625, 2.1187404054286832e-23, nan 
-23.875, 83.625, 2.1293193761961464e-23, nan 
-23.625, 83.625, 2.312908085235823e-23, nan 
-23.375, 83.625, 2.4627559897486283e-23, nan 
-23.125, 83.625, 2.2261323942923262e-23, nan 
-22.875, 83.625, 2.0122596174029653e-23, nan 
-22.625, 83.625, 1.8290853324564996e-23, nan 
-22.375, 83.625, 1.949375558519219e-23, nan 
-22.125, 83.625, 1.9564563216242352e-23, nan 
-21.875, 83.625, 1.7828842902918577e-23, nan 
-21.625, 83.625, 1.8196247369289694e-23, nan 
-21.375, 83.625, 1.7494362963482848e-23, nan 
-21.125, 83.625, 1.807594210356545e-23, nan 
-20.875, 83.625, 1.6545438513046016e-23, nan 
-20.625, 83.625, 1.620940335675421e-23, nan 
-20.375, 83.625, 1.6962695780271958e-23, nan 
-20.125, 83.625, 1.6063372709359753e-23, nan 
-19.875, 83.625, 1.593914955928354e-23, nan 
-19.625, 83.625, 1.6387152404961884e-23, nan 
-19.375, 83.625, 1.8581146812582484e-23, nan 
-19.125, 83.625, 1.8939212516876807e-23, nan 
-18.875, 83.625, 1.9811383557964379e-23, nan 
-18.625, 83.625, 1.8962133076111482e-23, nan 
-18.375, 83.625, 1.7626578439130113e-23, nan 
-18.125, 83.625, 1.7219146907079212e-23, nan 
-17.875, 83.625, 1.7458195332031923e-23, nan 
-17.625, 83.625, 1.661941925717189e-23, nan 
-17.375, 83.625, 1.5304924155167217e-23, nan 
-17.125, 83.625, 1.5045901967272045e-23, nan 
-16.875, 83.625, 1.7882152206406932e-23, nan 
-16.625, 83.625, 2.1657695262137908e-23, nan 
-16.375, 83.625, 2.038690021600952e-23, nan 
-16.125, 83.625, 1.8044921386900195e-23, nan 
-15.875, 83.625, 1.759170425871231e-23, nan 
-15.625, 83.625, 1.814312626844702e-23, nan 
-15.375, 83.625, 1.8146889660977758e-23, nan 
-15.125, 83.625, 1.8879366824570692e-23, nan 
-14.875, 83.625, 1.8916680456122523e-23, nan 
-14.625, 83.625, 1.9882772471699298e-23, nan 
-14.375, 83.625, 2.103888526187626e-23, nan 
-14.125, 83.625, 2.037397763041441e-23, nan 
-13.875, 83.625, 1.8780956669016665e-23, nan 
-13.625, 83.625, 1.7226595759081546e-23, nan 
-13.375, 83.625, 1.698410060001456e-23, nan 
-13.125, 83.625, 1.7242468994244615e-23, nan 
-12.875, 83.625, 1.8195482111453068e-23, nan 
-12.625, 83.625, 1.8464417876452944e-23, nan 
-12.375, 83.625, 1.6141936978656218e-23, nan 
-12.125, 83.625, 1.5085885752395705e-23, nan 
-11.875, 83.625, 1.4090213084733138e-23, nan 
-11.625, 83.625, 1.2552669686302486e-23, nan 
-11.375, 83.625, 1.1496300781424467e-23, nan 
-11.125, 83.625, 1.026314926697921e-23, nan 
-10.875, 83.625, 9.946274912559496e-24, nan 
-10.625, 83.625, 9.57156111035867e-24, nan 
-10.375, 83.625, 9.943817838630729e-24, nan 
-10.125, 83.625, 9.557998252535473e-24, nan 
-9.875, 83.625, 9.046466294712281e-24, nan 
-9.625, 83.625, 9.078147922917855e-24, nan 
-9.375, 83.625, 9.176243750217426e-24, nan 
-9.125, 83.625, 8.94238565625942e-24, nan 
-8.875, 83.625, 8.761524131590345e-24, nan 
-8.625, 83.625, 8.764999935335766e-24, nan 
-8.375, 83.625, 8.662990874814534e-24, nan 
-8.125, 83.625, 8.17371955610824e-24, nan 
-7.875, 83.625, 7.428513961915258e-24, nan 
-7.625, 83.625, 7.428828334661063e-24, nan 
-7.375, 83.625, 7.97166470348011e-24, nan 
-7.125, 83.625, 8.019831133267557e-24, nan 
-6.875, 83.625, 6.972644775792261e-24, nan 
-6.625, 83.625, 6.126120554115537e-24, nan 
-6.375, 83.625, 5.43503058610519e-24, nan 
-6.125, 83.625, 5.4785021613195e-24, nan 
-5.875, 83.625, 5.887336249783948e-24, nan 
-5.625, 83.625, 6.021899211979998e-24, nan 
-5.375, 83.625, 6.592364478268975e-24, nan 
-5.125, 83.625, 7.409090909644975e-24, nan 
-4.875, 83.625, 7.170728458640259e-24, nan 
-4.625, 83.625, 6.960841368664105e-24, nan 
-4.375, 83.625, 7.774959903105868e-24, nan 
-4.125, 83.625, 9.537425557244387e-24, nan 
-3.875, 83.625, 1.0140229795681018e-23, nan 
-3.625, 83.625, 9.646421466874343e-24, nan 
-3.375, 83.625, 8.927564325370876e-24, nan 
-3.125, 83.625, 9.243888616165822e-24, nan 
-2.875, 83.625, 1.030019237031489e-23, nan 
-2.625, 83.625, 9.981012667139569e-24, nan 
-2.375, 83.625, 8.260291002932132e-24, nan 
-2.125, 83.625, 8.469701372391087e-24, nan 
-1.875, 83.625, 8.841894230815701e-24, nan 
-1.625, 83.625, 8.492008976196802e-24, nan 
-1.375, 83.625, 8.191107027415767e-24, nan 
-1.125, 83.625, 8.418936862594085e-24, nan 
-0.875, 83.625, 8.959625790009802e-24, nan 
-0.625, 83.625, 9.121278049745855e-24, nan 
-0.375, 83.625, 9.071602831518058e-24, nan 
-0.125, 83.625, 9.211490364272951e-24, nan 
0.125, 83.625, 9.598967294666189e-24, nan 
0.375, 83.625, 9.500705850473805e-24, nan 
0.625, 83.625, 9.20860659571425e-24, nan 
0.875, 83.625, 9.278214046781939e-24, nan 
1.125, 83.625, 1.014913899711363e-23, nan 
1.375, 83.625, 1.1489054729163943e-23, nan 
1.625, 83.625, 1.1737871731349573e-23, nan 
1.875, 83.625, 1.087701732605805e-23, nan 
2.125, 83.625, 1.0107137615277645e-23, nan 
2.375, 83.625, 1.030980251126136e-23, nan 
2.625, 83.625, 1.0877475855382835e-23, nan 
2.875, 83.625, 1.0841846871121659e-23, nan 
3.125, 83.625, 1.1883940692230245e-23, nan 
3.375, 83.625, 1.2934004932881522e-23, nan 
3.625, 83.625, 1.3804306792146302e-23, nan 
3.875, 83.625, 1.4028410219911847e-23, nan 
4.125, 83.625, 1.1466419669747833e-23, nan 
4.375, 83.625, 1.1106719452445483e-23, nan 
4.625, 83.625, 1.186816062146194e-23, nan 
4.875, 83.625, 1.1850854598885114e-23, nan 
5.125, 83.625, 1.011001523319568e-23, nan 
5.375, 83.625, 9.004805390740331e-24, nan 
5.625, 83.625, 8.399481133277474e-24, nan 
5.875, 83.625, 8.513963788056801e-24, nan 
6.125, 83.625, 8.597208094015896e-24, nan 
6.375, 83.625, 8.398495177581258e-24, nan 
6.625, 83.625, 8.272220507609444e-24, nan 
6.875, 83.625, 8.77553387497481e-24, nan 
7.125, 83.625, 9.098525502911683e-24, nan 
7.375, 83.625, 7.568406186314626e-24, nan 
7.625, 83.625, 7.462174237013678e-24, nan 
7.875, 83.625, 7.663275036452069e-24, nan 
8.125, 83.625, 7.938690051240247e-24, nan 
8.375, 83.625, 6.644156962432314e-24, nan 
8.625, 83.625, 6.353105623672941e-24, nan 
8.875, 83.625, 6.371554971656551e-24, nan 
9.125, 83.625, 6.43317426205461e-24, nan 
9.375, 83.625, 5.92580055569282e-24, nan 
9.625, 83.625, 5.614169885823282e-24, nan 
9.875, 83.625, 5.7490474349024975e-24, nan 
10.125, 83.625, 6.1218718004046654e-24, nan 
10.375, 83.625, 6.3063824219106886e-24, nan 
10.625, 83.625, 6.4232603713758685e-24, nan 
10.875, 83.625, 6.42105024309768e-24, nan 
11.125, 83.625, 6.26963536495924e-24, nan 
11.375, 83.625, 6.036349626194137e-24, nan 
11.625, 83.625, 5.749244064853896e-24, nan 
11.875, 83.625, 5.6637634537071975e-24, nan 
12.125, 83.625, 5.6117728889767146e-24, nan 
12.375, 83.625, 5.822856525343586e-24, nan 
12.625, 83.625, 5.475734835157371e-24, nan 
12.875, 83.625, 4.794920467804854e-24, nan 
13.125, 83.625, 4.384455740633915e-24, nan 
13.375, 83.625, 4.717408683261742e-24, nan 
13.625, 83.625, 4.921898877482212e-24, nan 
13.875, 83.625, 5.0848567298256666e-24, nan 
14.125, 83.625, 4.781861032810527e-24, nan 
14.375, 83.625, 4.373984974317787e-24, nan 
14.625, 83.625, 3.91972821570767e-24, nan 
14.875, 83.625, 4.1840720602299844e-24, nan 
15.125, 83.625, 5.137350819411703e-24, nan 
15.375, 83.625, 6.35842885011073e-24, nan 
15.625, 83.625, 7.52694254833419e-24, nan 
15.875, 83.625, 9.029760924233064e-24, nan 
16.125, 83.625, 9.322242144062419e-24, nan 
16.375, 83.625, 8.177792165318495e-24, nan 
16.625, 83.625, 7.089596725958906e-24, nan 
16.875, 83.625, 6.2553297236602866e-24, nan 
17.125, 83.625, 5.534919159556879e-24, nan 
17.375, 83.625, 5.119373682580605e-24, nan 
17.625, 83.625, 5.14184027654401e-24, nan 
17.875, 83.625, 4.4779773022044594e-24, nan 
18.125, 83.625, 3.828870003665666e-24, nan 
18.375, 83.625, 4.052056576493595e-24, nan 
18.625, 83.625, 4.1860093074070235e-24, nan 
18.875, 83.625, 3.9541638695382525e-24, nan 
19.125, 83.625, 3.423184899726333e-24, nan 
19.375, 83.625, 2.8170032575475858e-24, nan 
19.625, 83.625, 2.3902501722234015e-24, nan 
19.875, 83.625, 2.2028569779984853e-24, nan 
20.125, 83.625, 2.4372900428583727e-24, nan 
20.375, 83.625, 2.455018409742328e-24, nan 
20.625, 83.625, 2.329788845633331e-24, nan 
20.875, 83.625, 2.142324685435891e-24, nan 
21.125, 83.625, 1.976782084438504e-24, nan 
21.375, 83.625, 1.7908554723213344e-24, nan 
21.625, 83.625, 1.5591756334091832e-24, nan 
21.875, 83.625, 1.5398833938606105e-24, nan 
22.125, 83.625, 1.5648008024897573e-24, nan 
22.375, 83.625, 1.7785793900865122e-24, nan 
22.625, 83.625, 1.9159825980470684e-24, nan 
22.875, 83.625, 1.9838285244740382e-24, nan 
23.125, 83.625, 2.0698554130117208e-24, nan 
23.375, 83.625, 2.264393128400284e-24, nan 
23.625, 83.625, 2.4680101349298774e-24, nan 
23.875, 83.625, 2.4978890692200173e-24, nan 
24.125, 83.625, 2.4651960322713058e-24, nan 
24.375, 83.625, 2.396581327460039e-24, nan 
24.625, 83.625, 2.4057582263694854e-24, nan 
24.875, 83.625, 2.3675094130545855e-24, nan 
25.125, 83.625, 2.3272432200525554e-24, nan 
25.375, 83.625, 2.327723231072887e-24, nan 
25.625, 83.625, 2.4770232972387676e-24, nan 
25.875, 83.625, 2.490337176963781e-24, nan 
26.125, 83.625, 2.366106635464913e-24, nan 
26.375, 83.625, 2.2698033861321982e-24, nan 
26.625, 83.625, 2.2588840496880363e-24, nan 
26.875, 83.625, 2.1044933233595394e-24, nan 
27.125, 83.625, 1.9973550952492117e-24, nan 
27.375, 83.625, 1.9706939948622017e-24, nan 
27.625, 83.625, 1.89809085785147e-24, nan 
27.875, 83.625, 1.8015093293149733e-24, nan 
28.125, 83.625, 1.684394844746644e-24, nan 
28.375, 83.625, 1.672222878802123e-24, nan 
28.625, 83.625, 1.5615891368360517e-24, nan 
28.875, 83.625, 1.508436194070041e-24, nan 
29.125, 83.625, 1.4597754907007003e-24, nan 
29.375, 83.625, 1.38433223267361e-24, nan 
29.625, 83.625, 1.3220293691446876e-24, nan 
29.875, 83.625, 1.228739406069683e-24, nan 
30.125, 83.625, 1.1652004612993298e-24, nan 
30.375, 83.625, 1.1447960554204057e-24, nan 
30.625, 83.625, 1.1200935825496743e-24, nan 
30.875, 83.625, 1.0408815372502414e-24, nan 
31.125, 83.625, 1.0217961858201303e-24, nan 
31.375, 83.625, 9.77544543860623e-25, nan 
31.625, 83.625, 9.237328583620939e-25, nan 
31.875, 83.625, 8.89642569896794e-25, nan 
32.125, 83.625, 8.832490401409419e-25, nan 
32.375, 83.625, 8.876551147315213e-25, nan 
32.625, 83.625, 8.85808535732035e-25, nan 
32.875, 83.625, 8.98816451876881e-25, nan 
33.125, 83.625, 8.575442304166034e-25, nan 
33.375, 83.625, 8.301815359637833e-25, nan 
33.625, 83.625, 8.773427434661978e-25, nan 
33.875, 83.625, 8.706388555736154e-25, nan 
34.125, 83.625, 8.525203758823397e-25, nan 
34.375, 83.625, 8.077589341437287e-25, nan 
34.625, 83.625, 7.966326738006727e-25, nan 
34.875, 83.625, 7.83778832914852e-25, nan 
35.125, 83.625, 7.519445954599567e-25, nan 
35.375, 83.625, 7.419577020374441e-25, nan 
35.625, 83.625, 6.921145954921432e-25, nan 
35.875, 83.625, 7.029195659857776e-25, nan 
36.125, 83.625, 7.164043437064741e-25, nan 
36.375, 83.625, 6.979203875254988e-25, nan 
36.625, 83.625, 6.716393031997757e-25, nan 
36.875, 83.625, 5.947815630457982e-25, nan 
37.125, 83.625, 5.354599053080996e-25, nan 
37.375, 83.625, 4.7960357528929875e-25, nan 
37.625, 83.625, 4.903207384435114e-25, nan 
37.875, 83.625, 4.881736638868868e-25, nan 
38.125, 83.625, 4.413885495258324e-25, nan 
38.375, 83.625, 4.618101403031241e-25, nan 
38.625, 83.625, 4.70952762212279e-25, nan 
38.875, 83.625, 4.975608673071446e-25, nan 
39.125, 83.625, 5.17861234312109e-25, nan 
39.375, 83.625, 5.548441229401539e-25, nan 
39.625, 83.625, 6.044310615804103e-25, nan 
39.875, 83.625, 6.168792211723234e-25, nan 
40.125, 83.625, 7.060420435826241e-25, nan 
40.375, 83.625, 7.157090594582039e-25, nan 
40.625, 83.625, 7.473045237931003e-25, nan 
40.875, 83.625, 7.661028016515927e-25, nan 
41.125, 83.625, 8.716131096564717e-25, nan 
41.375, 83.625, 9.911405784953463e-25, nan 
41.625, 83.625, 1.0321413470119901e-24, nan 
41.875, 83.625, 1.0658998955451912e-24, nan 
42.125, 83.625, 1.066782300503614e-24, nan 
42.375, 83.625, 1.1943281449763364e-24, nan 
42.625, 83.625, 1.496796839249327e-24, nan 
42.875, 83.625, 1.616181535048536e-24, nan 
43.125, 83.625, 1.67771997440585e-24, nan 
43.375, 83.625, 2.166029008474792e-24, nan 
43.625, 83.625, 2.6614621390987743e-24, nan 
43.875, 83.625, 2.7415893391267417e-24, nan 
44.125, 83.625, 2.79410215667143e-24, nan 
44.375, 83.625, 3.179541005557984e-24, nan 
44.625, 83.625, 3.6075576519197645e-24, nan 
44.875, 83.625, 3.4700240264837656e-24, nan 
45.125, 83.625, 3.352591333742678e-24, nan 
45.375, 83.625, 3.316621289989573e-24, nan 
45.625, 83.625, 3.2129351883232524e-24, nan 
45.875, 83.625, 3.558516481730617e-24, nan 
46.125, 83.625, 3.198872121298799e-24, nan 
46.375, 83.625, 2.977814033115551e-24, nan 
46.625, 83.625, 3.2941849678548737e-24, nan 
46.875, 83.625, 3.525024046632761e-24, nan 
47.125, 83.625, 3.529210790046454e-24, nan 
47.375, 83.625, 3.746313146277697e-24, nan 
47.625, 83.625, 4.066692450728436e-24, nan 
47.875, 83.625, 3.767094546176865e-24, nan 
48.125, 83.625, 3.625311437696754e-24, nan 
48.375, 83.625, 4.4663976247073324e-24, nan 
48.625, 83.625, 4.9807053554342465e-24, nan 
48.875, 83.625, 4.29161277088226e-24, nan 
49.125, 83.625, 3.6676051293373e-24, nan 
49.375, 83.625, 4.613308204879139e-24, nan 
49.625, 83.625, 5.3692774477979036e-24, nan 
49.875, 83.625, 5.172899471063102e-24, nan 
50.125, 83.625, 4.60849424763223e-24, nan 
50.375, 83.625, 5.200473454500815e-24, nan 
50.625, 83.625, 6.5080070826017464e-24, nan 
50.875, 83.625, 7.122294564283643e-24, nan 
51.125, 83.625, 5.231409428653463e-24, nan 
51.375, 83.625, 4.587805202517895e-24, nan 
51.625, 83.625, 6.729525409809028e-24, nan 
51.875, 83.625, 8.192990402311196e-24, nan 
52.125, 83.625, 6.467222420973998e-24, nan 
52.375, 83.625, 6.011089534711193e-24, nan 
52.625, 83.625, 8.676755347901871e-24, nan 
52.875, 83.625, 8.68268225366691e-24, nan 
53.125, 83.625, 7.786684411835443e-24, nan 
53.375, 83.625, 6.623168398815941e-24, nan 
53.625, 83.625, 6.574942642862752e-24, nan 
53.875, 83.625, 3.50296586098197e-24, nan 
54.125, 83.625, 4.336764407770097e-24, nan 
54.375, 83.625, 4.116653896994183e-24, nan 
54.625, 83.625, 3.825062209781862e-24, nan 
54.875, 83.625, 5.660197436518482e-24, nan 
55.125, 83.625, 6.6055709701478635e-24, nan 
55.375, 83.625, 5.5153428630840295e-24, nan 
55.625, 83.625, 4.7085834639106626e-24, nan 
55.875, 83.625, 4.710753749682316e-24, nan 
56.125, 83.625, 3.337918759514413e-24, nan 
56.375, 83.625, 3.142230873448958e-24, nan 
56.625, 83.625, 3.688278060492201e-24, nan 
56.875, 83.625, 3.333663043410114e-24, nan 
57.125, 83.625, 1.9104013927456187e-24, nan 
57.375, 83.625, 2.2080208739900476e-24, nan 
57.625, 83.625, 2.2772596259377455e-24, nan 
57.875, 83.625, 2.259838831816911e-24, nan 
58.125, 83.625, 2.2128857771449652e-24, nan 
58.375, 83.625, 2.4627856091222833e-24, nan 
58.625, 83.625, 2.503305676432202e-24, nan 
58.875, 83.625, 2.3855971769968835e-24, nan 
59.125, 83.625, 2.2991367769366857e-24, nan 
59.375, 83.625, 2.3018101191486368e-24, nan 
59.625, 83.625, 2.2909919258045623e-24, nan 
59.875, 83.625, 2.1488913796723907e-24, nan 
60.125, 83.625, 2.4126770851965287e-24, nan 
60.375, 83.625, 2.295258170718683e-24, nan 
60.625, 83.625, 2.1932438778445655e-24, nan 
60.875, 83.625, 2.2811464548309043e-24, nan 
61.125, 83.625, 2.2431055756689414e-24, nan 
61.375, 83.625, 2.125591478138357e-24, nan 
61.625, 83.625, 2.1414377278876938e-24, nan 
61.875, 83.625, 2.1499426448211204e-24, nan 
62.125, 83.625, 2.2632600508145154e-24, nan 
62.375, 83.625, 1.9758366240675808e-24, nan 
62.625, 83.625, 1.929187006497111e-24, nan 
62.875, 83.625, 1.8472566729506916e-24, nan 
63.125, 83.625, 2.3353212458772234e-24, nan 
63.375, 83.625, 2.0990098709115258e-24, nan 
63.625, 83.625, 1.3771497414402037e-24, nan 
63.875, 83.625, 1.8738893507419397e-24, nan 
64.125, 83.625, 2.1167917199785485e-24, nan 
64.375, 83.625, 3.42523248044095e-24, nan 
64.625, 83.625, 3.7696154707339444e-24, nan 
64.875, 83.625, 3.045929430966677e-24, nan 
65.125, 83.625, 3.893505488580326e-24, nan 
65.375, 83.625, 3.701669646315426e-24, nan 
65.625, 83.625, 3.879421337952532e-24, nan 
65.875, 83.625, 4.015173708440386e-24, nan 
66.125, 83.625, 4.090646281650142e-24, nan 
66.375, 83.625, 3.60280822756557e-24, nan 
66.625, 83.625, 3.6896623296848684e-24, nan 
66.875, 83.625, 3.832678202784993e-24, nan 
67.125, 83.625, 4.298140827507481e-24, nan 
67.375, 83.625, 4.6153655666806235e-24, nan 
67.625, 83.625, 4.9780418669729525e-24, nan 
67.875, 83.625, 5.4538842626348134e-24, nan 
68.125, 83.625, 5.783610529526085e-24, nan 
68.375, 83.625, 5.59270602258893e-24, nan 
68.625, 83.625, 4.0197150874386994e-24, nan 
68.875, 83.625, 3.980684550750642e-24, nan 
69.125, 83.625, 4.248667599939198e-24, nan 
69.375, 83.625, 4.62759070338737e-24, nan 
69.625, 83.625, 4.31472293792773e-24, nan 
69.875, 83.625, 3.903980627704666e-24, nan 
70.125, 83.625, 3.708681907507481e-24, nan 
70.375, 83.625, 3.734330007616058e-24, nan 
70.625, 83.625, 3.614529036942156e-24, nan 
70.875, 83.625, 2.3971999488966543e-24, nan 
71.125, 83.625, 1.791077833036612e-24, nan 
71.375, 83.625, 1.5830768434786657e-24, nan 
71.625, 83.625, 1.512916139514692e-24, nan 
71.875, 83.625, 1.4622785763814723e-24, nan 
72.125, 83.625, 1.5761501352479233e-24, nan 
72.375, 83.625, 1.6196917427272003e-24, nan 
72.625, 83.625, 1.5992114580652914e-24, nan 
72.875, 83.625, 1.6139878240731114e-24, nan 
73.125, 83.625, 2.0014636037239616e-24, nan 
73.375, 83.625, 2.228993214606318e-24, nan 
73.625, 83.625, 2.214338606323385e-24, nan 
73.875, 83.625, 2.470592798584097e-24, nan 
74.125, 83.625, 2.6598278283553463e-24, nan 
74.375, 83.625, 2.7404442313950185e-24, nan 
74.625, 83.625, 2.7810242447366614e-24, nan 
74.875, 83.625, 2.822518908389083e-24, nan 
75.125, 83.625, 2.6324784424025938e-24, nan 
75.375, 83.625, 3.2961650858800028e-24, nan 
75.625, 83.625, 1.5604317448048311e-24, nan 
75.875, 83.625, 2.0659604884085347e-24, nan 
76.125, 83.625, 2.540707255411068e-24, nan 
76.375, 83.625, 2.9929477354059512e-24, nan 
-107.625, 83.875, 1.229472725631837e-23, nan 
-107.375, 83.875, 1.224093655748635e-23, nan 
-107.125, 83.875, 7.013888405728376e-24, nan 
-106.875, 83.875, 1.2481694019687948e-23, nan 
-106.625, 83.875, 1.5589980662489055e-23, nan 
-106.375, 83.875, 1.8460323808041328e-23, nan 
-106.125, 83.875, 2.0210056141937916e-23, nan 
-105.875, 83.875, 2.3970439883851492e-23, nan 
-105.625, 83.875, 2.3512568699560632e-23, nan 
-105.375, 83.875, 3.1612797668532905e-23, nan 
-105.125, 83.875, 3.5376060535765703e-23, nan 
-104.875, 83.875, 2.2079849127475062e-23, nan 
-104.625, 83.875, 2.9493232652756575e-23, nan 
-104.375, 83.875, 3.532457309664833e-23, nan 
-104.125, 83.875, 3.625247379010751e-23, nan 
-103.875, 83.875, 4.027534340050788e-23, nan 
-103.625, 83.875, 4.641102592556236e-23, nan 
-103.375, 83.875, 4.1095028083802303e-23, nan 
-103.125, 83.875, 4.116662396999905e-23, nan 
-102.875, 83.875, 4.614459071925886e-23, nan 
-102.625, 83.875, 4.395531652106728e-23, nan 
-102.375, 83.875, 4.562537214097284e-23, nan 
-102.125, 83.875, 4.4692127281093634e-23, nan 
-101.875, 83.875, 3.9735905477423436e-23, nan 
-101.625, 83.875, 3.890356852425896e-23, nan 
-101.375, 83.875, 3.802253851409126e-23, nan 
-101.125, 83.875, 2.882117666584815e-23, nan 
-100.875, 83.875, 1.845927587864303e-23, nan 
-100.625, 83.875, 2.574995305620699e-23, nan 
-100.375, 83.875, 4.0863944251102445e-23, nan 
-100.125, 83.875, 6.923145848531511e-23, nan 
-99.875, 83.875, 7.681566153792373e-23, nan 
-99.625, 83.875, 6.607902412838767e-23, nan 
-99.375, 83.875, 6.062871766417512e-23, nan 
-99.125, 83.875, 6.215973296600335e-23, nan 
-98.875, 83.875, 4.4668598944971357e-23, nan 
-98.625, 83.875, 4.395868762159881e-23, nan 
-98.375, 83.875, 4.598396909205965e-23, nan 
-98.125, 83.875, 3.768927173473335e-23, nan 
-97.875, 83.875, 3.939882767080914e-23, nan 
-97.625, 83.875, 4.360939969498405e-23, nan 
-97.375, 83.875, 3.8370507326257647e-23, nan 
-97.125, 83.875, 3.5743789344991905e-23, nan 
-96.875, 83.875, 3.914516546030842e-23, nan 
-96.625, 83.875, 3.3952326320593024e-23, nan 
-96.375, 83.875, 3.2809918414265734e-23, nan 
-96.125, 83.875, 3.306263213195799e-23, nan 
-95.875, 83.875, 3.0640840787407806e-23, nan 
-95.625, 83.875, 2.9984603387965474e-23, nan 
-95.375, 83.875, 3.404873993462775e-23, nan 
-95.125, 83.875, 3.594857096472389e-23, nan 
-94.875, 83.875, 3.623730215052282e-23, nan 
-94.625, 83.875, 3.5777845549763104e-23, nan 
-94.375, 83.875, 4.078756093222561e-23, nan 
-94.125, 83.875, 4.0827804574755856e-23, nan 
-93.875, 83.875, 3.777125844425617e-23, nan 
-93.625, 83.875, 3.920194675671005e-23, nan 
-93.375, 83.875, 4.006054355495594e-23, nan 
-93.125, 83.875, 4.235015049292339e-23, nan 
-92.875, 83.875, 4.3653548318199605e-23, nan 
-92.625, 83.875, 4.49705148968039e-23, nan 
-92.375, 83.875, 4.3739292777498864e-23, nan 
-92.125, 83.875, 4.114318462019126e-23, nan 
-91.875, 83.875, 4.5563105568646656e-23, nan 
-91.625, 83.875, 4.880118571704246e-23, nan 
-91.375, 83.875, 4.777101871898369e-23, nan 
-91.125, 83.875, 4.6855385631860686e-23, nan 
-90.875, 83.875, 4.492804671012758e-23, nan 
-90.625, 83.875, 4.3362494031024985e-23, nan 
-90.375, 83.875, 3.940670880513121e-23, nan 
-90.125, 83.875, 3.6201160355083645e-23, nan 
-89.875, 83.875, 2.743442152254708e-23, nan 
-89.625, 83.875, 2.3646885663642254e-23, nan 
-89.375, 83.875, 1.5401233624240516e-23, nan 
-89.125, 83.875, 1.4598154496014357e-23, nan 
-88.875, 83.875, 1.7220709167924407e-23, nan 
-88.625, 83.875, 2.2599991903583623e-23, nan 
-88.375, 83.875, 2.763885780167735e-23, nan 
-88.125, 83.875, 3.086415853292561e-23, nan 
-87.875, 83.875, 3.179845138582676e-23, nan 
-87.625, 83.875, 3.3311907268983775e-23, nan 
-87.375, 83.875, 3.248895087149776e-23, nan 
-87.125, 83.875, 2.8131326369949624e-23, nan 
-86.875, 83.875, 2.776607209154136e-23, nan 
-86.625, 83.875, 3.418069584233456e-23, nan 
-86.375, 83.875, 3.8028201781784315e-23, nan 
-86.125, 83.875, 4.012091179787775e-23, nan 
-85.875, 83.875, 4.29332847909143e-23, nan 
-85.625, 83.875, 4.819557803025563e-23, nan 
-85.375, 83.875, 5.2302308275951374e-23, nan 
-85.125, 83.875, 5.102904752764522e-23, nan 
-84.875, 83.875, 3.875613872441937e-23, nan 
-84.625, 83.875, 4.2289258950598324e-23, nan 
-84.375, 83.875, 5.21931674052737e-23, nan 
-84.125, 83.875, 4.955535237325764e-23, nan 
-83.875, 83.875, 4.386059267479031e-23, nan 
-83.625, 83.875, 4.3126073874417253e-23, nan 
-83.375, 83.875, 4.602681328757843e-23, nan 
-83.125, 83.875, 4.739906000159746e-23, nan 
-82.875, 83.875, 5.356549635979319e-23, nan 
-82.625, 83.875, 5.772479635475092e-23, nan 
-82.375, 83.875, 5.056523648733821e-23, nan 
-82.125, 83.875, 5.2761218561760895e-23, nan 
-81.875, 83.875, 5.71153047583438e-23, nan 
-81.625, 83.875, 5.664995891755287e-23, nan 
-81.375, 83.875, 5.556441869506931e-23, nan 
-81.125, 83.875, 4.90423211770114e-23, nan 
-80.875, 83.875, 5.037456347218872e-23, nan 
-80.625, 83.875, 5.40999912897812e-23, nan 
-80.375, 83.875, 5.97511198888803e-23, nan 
-80.125, 83.875, 4.934833492709106e-23, nan 
-79.875, 83.875, 4.828852768238974e-23, nan 
-79.625, 83.875, 5.035947176821177e-23, nan 
-79.375, 83.875, 6.696042203595669e-23, nan 
-79.125, 83.875, 7.137794958000541e-23, nan 
-78.875, 83.875, 6.251074633528039e-23, nan 
-78.625, 83.875, 6.200176520638435e-23, nan 
-78.375, 83.875, 6.87638030059232e-23, nan 
-78.125, 83.875, 5.817136125640972e-23, nan 
-77.875, 83.875, 5.598156314026512e-23, nan 
-77.625, 83.875, 5.64895179106394e-23, nan 
-77.375, 83.875, 6.16322636768232e-23, nan 
-77.125, 83.875, 5.575404133735788e-23, nan 
-76.875, 83.875, 6.191455073576166e-23, nan 
-76.625, 83.875, 7.848688149067263e-23, nan 
-76.375, 83.875, 9.32967410024731e-23, nan 
-76.125, 83.875, 9.899772456250882e-23, nan 
-75.875, 83.875, 9.659447664219041e-23, nan 
-75.625, 83.875, 9.601908686847993e-23, nan 
-75.375, 83.875, 9.482563840322338e-23, nan 
-75.125, 83.875, 9.100355041378856e-23, nan 
-74.875, 83.875, 7.365252129838066e-23, nan 
-74.625, 83.875, 6.455369257171472e-23, nan 
-74.375, 83.875, 7.1523011420293e-23, nan 
-74.125, 83.875, 8.380701181315431e-23, nan 
-73.875, 83.875, 7.747949465668622e-23, nan 
-73.625, 83.875, 7.319871310928563e-23, nan 
-73.375, 83.875, 7.419983471828035e-23, nan 
-73.125, 83.875, 7.918497857373946e-23, nan 
-72.875, 83.875, 7.893774986498512e-23, nan 
-72.625, 83.875, 6.843261171269465e-23, nan 
-72.375, 83.875, 5.739033746088333e-23, nan 
-72.125, 83.875, 4.819172201803737e-23, nan 
-71.875, 83.875, 4.422492254633753e-23, nan 
-71.625, 83.875, 4.6279406190652227e-23, nan 
-71.375, 83.875, 3.96109540139841e-23, nan 
-71.125, 83.875, 3.748486740355393e-23, nan 
-70.875, 83.875, 2.830522781792944e-23, nan 
-70.625, 83.875, 2.1152851133013183e-23, nan 
-70.375, 83.875, 1.6466484228792865e-23, nan 
-70.125, 83.875, 1.6110187733152112e-23, nan 
-69.875, 83.875, 1.7030534036453465e-23, nan 
-69.625, 83.875, 1.43798638843347e-23, nan 
-69.375, 83.875, 1.1957022634541778e-23, nan 
-69.125, 83.875, 9.11079151640885e-24, nan 
-68.875, 83.875, 9.027998123052368e-24, nan 
-68.625, 83.875, 9.331641040849403e-24, nan 
-68.375, 83.875, 9.97203036412644e-24, nan 
-68.125, 83.875, 9.982850465460605e-24, nan 
-67.875, 83.875, 1.2268618690024346e-23, nan 
-67.625, 83.875, 1.413371606979123e-23, nan 
-67.375, 83.875, 1.3262511962797945e-23, nan 
-67.125, 83.875, 1.1708505511791116e-23, nan 
-66.875, 83.875, 1.2795507388293689e-23, nan 
-66.625, 83.875, 1.3918803846546166e-23, nan 
-66.375, 83.875, 1.469455707953485e-23, nan 
-66.125, 83.875, 1.53351817631285e-23, nan 
-65.875, 83.875, 1.6742900994814728e-23, nan 
-65.625, 83.875, 1.773439834816509e-23, nan 
-65.375, 83.875, 1.9568420756982493e-23, nan 
-65.125, 83.875, 2.1186572438973554e-23, nan 
-64.875, 83.875, 1.803183651277052e-23, nan 
-64.625, 83.875, 1.7342236297179498e-23, nan 
-64.375, 83.875, 1.961892820204882e-23, nan 
-64.125, 83.875, 2.1249154031144734e-23, nan 
-63.875, 83.875, 2.4688231637796605e-23, nan 
-63.625, 83.875, 2.6362399303640864e-23, nan 
-63.375, 83.875, 2.843306281814146e-23, nan 
-63.125, 83.875, 2.819316787924514e-23, nan 
-62.875, 83.875, 2.7837217508811055e-23, nan 
-62.625, 83.875, 2.706143429882626e-23, nan 
-62.375, 83.875, 2.597958953767018e-23, nan 
-62.125, 83.875, 2.713628239032404e-23, nan 
-61.875, 83.875, 2.779995989203847e-23, nan 
-61.625, 83.875, 2.900770036138036e-23, nan 
-61.375, 83.875, 2.9766789557886866e-23, nan 
-61.125, 83.875, 3.332456126943751e-23, nan 
-60.875, 83.875, 3.3782551484640015e-23, nan 
-60.625, 83.875, 3.149985656408498e-23, nan 
-60.375, 83.875, 3.0949966123158994e-23, nan 
-60.125, 83.875, 3.247416462257098e-23, nan 
-59.875, 83.875, 3.0977773028232716e-23, nan 
-59.625, 83.875, 2.994542919026016e-23, nan 
-59.375, 83.875, 2.815295805274785e-23, nan 
-59.125, 83.875, 2.9848215753953257e-23, nan 
-58.875, 83.875, 1.957091348023241e-23, nan 
-58.625, 83.875, 1.1476302054295638e-23, nan 
-58.375, 83.875, 1.0278177113396155e-23, nan 
-58.125, 83.875, 1.1891610857722416e-23, nan 
-57.875, 83.875, 1.2576554662540116e-23, nan 
-57.625, 83.875, 1.3189235304177813e-23, nan 
-57.375, 83.875, 1.441503708323006e-23, nan 
-57.125, 83.875, 1.5927731786860055e-23, nan 
-56.875, 83.875, 1.782686361729207e-23, nan 
-56.625, 83.875, 2.1311804798915455e-23, nan 
-56.375, 83.875, 4.4991384179350974e-23, nan 
-56.125, 83.875, 4.664970980665008e-23, nan 
-55.875, 83.875, 4.8903472865138386e-23, nan 
-55.625, 83.875, 5.411849781410274e-23, nan 
-55.375, 83.875, 6.883252477769418e-23, nan 
-55.125, 83.875, 7.3715889879182e-23, nan 
-54.875, 83.875, 7.215671115294923e-23, nan 
-54.625, 83.875, 6.874024445748783e-23, nan 
-54.375, 83.875, 6.307349940284338e-23, nan 
-54.125, 83.875, 6.373838708336047e-23, nan 
-53.875, 83.875, 6.00352077009887e-23, nan 
-53.625, 83.875, 5.059859126588795e-23, nan 
-53.375, 83.875, 4.285237362127047e-23, nan 
-53.125, 83.875, 5.135009906237023e-23, nan 
-52.875, 83.875, 6.025328676677352e-23, nan 
-52.625, 83.875, 6.012262870293473e-23, nan 
-52.375, 83.875, 6.058337912188282e-23, nan 
-52.125, 83.875, 5.276768254720857e-23, nan 
-51.875, 83.875, 5.1007341981006e-23, nan 
-51.625, 83.875, 7.971525222056124e-23, nan 
-51.375, 83.875, 8.792472683717232e-23, nan 
-51.125, 83.875, 7.658761504317898e-23, nan 
-50.875, 83.875, 7.180424623047318e-23, nan 
-50.625, 83.875, 8.3422280619304e-23, nan 
-50.375, 83.875, 7.972455110905645e-23, nan 
-50.125, 83.875, 6.669803537304283e-23, nan 
-49.875, 83.875, 7.340210457113556e-23, nan 
-49.625, 83.875, 7.810840275726947e-23, nan 
-49.375, 83.875, 8.868409125153594e-23, nan 
-49.125, 83.875, 1.0229680482882503e-22, nan 
-48.875, 83.875, 8.336940621582081e-23, nan 
-48.625, 83.875, 7.724548254620295e-23, nan 
-48.375, 83.875, 8.213515225301897e-23, nan 
-48.125, 83.875, 8.382002598512644e-23, nan 
-47.875, 83.875, 8.185794428668961e-23, nan 
-47.625, 83.875, 8.669744204401952e-23, nan 
-47.375, 83.875, 9.079242847283203e-23, nan 
-47.125, 83.875, 7.448788068933585e-23, nan 
-46.875, 83.875, 7.355627286022985e-23, nan 
-46.625, 83.875, 7.675498546518644e-23, nan 
-46.375, 83.875, 8.856427987793046e-23, nan 
-46.125, 83.875, 8.710335718373656e-23, nan 
-45.875, 83.875, 8.49155842080612e-23, nan 
-45.625, 83.875, 8.335653610700665e-23, nan 
-45.375, 83.875, 8.291438596765597e-23, nan 
-45.125, 83.875, 8.20843481954649e-23, nan 
-44.875, 83.875, 4.969914149761865e-23, nan 
-44.625, 83.875, 5.209397195864143e-23, nan 
-44.375, 83.875, 4.511553964133812e-23, nan 
-44.125, 83.875, 4.178829523227834e-23, nan 
-43.875, 83.875, 4.482858912687104e-23, nan 
-43.625, 83.875, 4.9939153026493936e-23, nan 
-43.375, 83.875, 4.819732358775021e-23, nan 
-43.125, 83.875, 4.301089926348439e-23, nan 
-42.875, 83.875, 3.863375836804114e-23, nan 
-42.625, 83.875, 4.3070782726777895e-23, nan 
-42.375, 83.875, 4.570855773229233e-23, nan 
-42.125, 83.875, 4.1863822615819045e-23, nan 
-41.875, 83.875, 3.6096047942952134e-23, nan 
-41.625, 83.875, 3.434792633042383e-23, nan 
-41.375, 83.875, 3.11539109990938e-23, nan 
-41.125, 83.875, 2.4509392644745316e-23, nan 
-40.875, 83.875, 1.8626403553918044e-23, nan 
-40.625, 83.875, 1.0992588767958162e-23, nan 
-40.375, 83.875, 9.078681635200864e-24, nan 
-40.125, 83.875, 7.75608668112311e-24, nan 
-39.875, 83.875, 8.522887033054359e-24, nan 
-39.625, 83.875, 9.467812213613738e-24, nan 
-39.375, 83.875, 9.529245003267143e-24, nan 
-39.125, 83.875, 8.307106145619757e-24, nan 
-38.875, 83.875, 8.041474091264276e-24, nan 
-38.625, 83.875, 8.97304935354369e-24, nan 
-38.375, 83.875, 9.735304550714575e-24, nan 
-38.125, 83.875, 1.008167324147459e-23, nan 
-37.875, 83.875, 9.646571203982983e-24, nan 
-37.625, 83.875, 9.391162332495437e-24, nan 
-37.375, 83.875, 1.2189828881316497e-23, nan 
-37.125, 83.875, 1.481530499993131e-23, nan 
-36.875, 83.875, 1.4434971009372387e-23, nan 
-36.625, 83.875, 1.4484392952682654e-23, nan 
-36.375, 83.875, 1.4914138704434796e-23, nan 
-36.125, 83.875, 1.6008391857107886e-23, nan 
-35.875, 83.875, 1.6922889145694883e-23, nan 
-35.625, 83.875, 1.7573907273629627e-23, nan 
-35.375, 83.875, 1.8498234580026134e-23, nan 
-35.125, 83.875, 1.868274645370054e-23, nan 
-34.875, 83.875, 1.6958531334943043e-23, nan 
-34.625, 83.875, 1.6630291036354465e-23, nan 
-34.375, 83.875, 1.655579889994895e-23, nan 
-34.125, 83.875, 1.7870022984288024e-23, nan 
-33.875, 83.875, 1.974234742009555e-23, nan 
-33.625, 83.875, 2.132208672786385e-23, nan 
-33.375, 83.875, 2.3252287007918017e-23, nan 
-33.125, 83.875, 2.427827468753134e-23, nan 
-32.875, 83.875, 2.4753767400537536e-23, nan 
-32.625, 83.875, 2.2428975243661856e-23, nan 
-32.375, 83.875, 2.2014213439702732e-23, nan 
-32.125, 83.875, 2.1589972772217875e-23, nan 
-31.875, 83.875, 2.2100837478464452e-23, nan 
-31.625, 83.875, 2.2882802170345684e-23, nan 
-31.375, 83.875, 2.713336528352777e-23, nan 
-31.125, 83.875, 3.937794195854623e-23, nan 
-30.875, 83.875, 4.0412263965951676e-23, nan 
-30.625, 83.875, 3.649996379615267e-23, nan 
-30.375, 83.875, 3.870584450625342e-23, nan 
-30.125, 83.875, 4.262673598847745e-23, nan 
-29.875, 83.875, 4.167656323503469e-23, nan 
-29.625, 83.875, 4.0106690633291676e-23, nan 
-29.375, 83.875, 3.688326860199326e-23, nan 
-29.125, 83.875, 3.5740738682513055e-23, nan 
-28.875, 83.875, 3.834246600567045e-23, nan 
-28.625, 83.875, 4.0734940872302746e-23, nan 
-28.375, 83.875, 4.4800248890162776e-23, nan 
-28.125, 83.875, 4.777317090855896e-23, nan 
-27.875, 83.875, 4.8098381182250404e-23, nan 
-27.625, 83.875, 4.788706294875371e-23, nan 
-27.375, 83.875, 4.6161931604071836e-23, nan 
-27.125, 83.875, 4.515158008825762e-23, nan 
-26.875, 83.875, 4.7844887994764514e-23, nan 
-26.625, 83.875, 4.727499931912584e-23, nan 
-26.375, 83.875, 4.765391473662692e-23, nan 
-26.125, 83.875, 5.345629710991706e-23, nan 
-25.875, 83.875, 5.525809659832892e-23, nan 
-25.625, 83.875, 5.2130139109733355e-23, nan 
-25.375, 83.875, 5.1166640235674595e-23, nan 
-25.125, 83.875, 5.0562157747117193e-23, nan 
-24.875, 83.875, 5.183480281843789e-23, nan 
-24.625, 83.875, 5.545588748909145e-23, nan 
-24.375, 83.875, 5.529952897942231e-23, nan 
-24.125, 83.875, 5.110321433488808e-23, nan 
-23.875, 83.875, 5.1967468873407637e-23, nan 
-23.625, 83.875, 5.330625218305703e-23, nan 
-23.375, 83.875, 5.211169130582405e-23, nan 
-23.125, 83.875, 5.107381129815356e-23, nan 
-22.875, 83.875, 5.1361118033892467e-23, nan 
-22.625, 83.875, 5.2828239104128554e-23, nan 
-22.375, 83.875, 5.393479084083051e-23, nan 
-22.125, 83.875, 5.217284027464328e-23, nan 
-21.875, 83.875, 5.0494371316239594e-23, nan 
-21.625, 83.875, 5.186144638098077e-23, nan 
-21.375, 83.875, 6.205257023813514e-23, nan 
-21.125, 83.875, 5.894706313471472e-23, nan 
-20.875, 83.875, 5.64619912420883e-23, nan 
-20.625, 83.875, 5.78641885344513e-23, nan 
-20.375, 83.875, 6.671874818524761e-23, nan 
-20.125, 83.875, 6.769196228078179e-23, nan 
-19.875, 83.875, 6.327318791664675e-23, nan 
-19.625, 83.875, 4.9138100976974936e-23, nan 
-19.375, 83.875, 6.527333420793318e-23, nan 
-19.125, 83.875, 6.966474474053361e-23, nan 
-18.875, 83.875, 7.922038914661833e-23, nan 
-18.625, 83.875, 3.3478577414424003e-23, nan 
-18.375, 83.875, 3.3441598516157184e-23, nan 
-18.125, 83.875, 3.6883332824993036e-23, nan 
-17.875, 83.875, 3.8925465815804423e-23, nan 
-17.625, 83.875, 3.831085653718424e-23, nan 
-17.375, 83.875, 3.73201239734152e-23, nan 
-17.125, 83.875, 3.3966748343583996e-23, nan 
-16.875, 83.875, 3.183253339127477e-23, nan 
-16.625, 83.875, 2.7351582590196024e-23, nan 
-16.375, 83.875, 2.118682278375347e-23, nan 
-16.125, 83.875, 1.74171982362489e-23, nan 
-15.875, 83.875, 1.775214266311479e-23, nan 
-15.625, 83.875, 1.633711827309208e-23, nan 
-15.375, 83.875, 1.4859458072385283e-23, nan 
-15.125, 83.875, 1.2975599475984252e-23, nan 
-14.875, 83.875, 1.2151828033650942e-23, nan 
-14.625, 83.875, 1.4100378539866988e-23, nan 
-14.375, 83.875, 1.38344196206194e-23, nan 
-14.125, 83.875, 1.4420606214187232e-23, nan 
-13.875, 83.875, 1.59719540690843e-23, nan 
-13.625, 83.875, 1.7771131096161236e-23, nan 
-13.375, 83.875, 1.8500602095249273e-23, nan 
-13.125, 83.875, 1.769469253411717e-23, nan 
-12.875, 83.875, 1.7808354842532593e-23, nan 
-12.625, 83.875, 1.839381883235814e-23, nan 
-12.375, 83.875, 1.8738135746895436e-23, nan 
-12.125, 83.875, 1.862888731022178e-23, nan 
-11.875, 83.875, 1.7820221802345242e-23, nan 
-11.625, 83.875, 1.7383432224373345e-23, nan 
-11.375, 83.875, 1.7499258324505913e-23, nan 
-11.125, 83.875, 1.6622338597058967e-23, nan 
-10.875, 83.875, 1.507892348031988e-23, nan 
-10.625, 83.875, 1.502823068249028e-23, nan 
-10.375, 83.875, 1.5476625612130683e-23, nan 
-10.125, 83.875, 1.5108989463519645e-23, nan 
-9.875, 83.875, 1.3528090144089028e-23, nan 
-9.625, 83.875, 1.2439112310113596e-23, nan 
-9.375, 83.875, 1.1487212828862526e-23, nan 
-9.125, 83.875, 1.1543894453681006e-23, nan 
-8.875, 83.875, 1.0966979672531759e-23, nan 
-8.625, 83.875, 1.1424204043458082e-23, nan 
-8.375, 83.875, 1.1753894604790666e-23, nan 
-8.125, 83.875, 1.2120197559638853e-23, nan 
-7.875, 83.875, 1.1934823180556047e-23, nan 
-7.625, 83.875, 1.121063017460165e-23, nan 
-7.375, 83.875, 1.2343949194416774e-23, nan 
-7.125, 83.875, 1.2826369694022021e-23, nan 
-6.875, 83.875, 1.3306938602225272e-23, nan 
-6.625, 83.875, 1.3160707134895736e-23, nan 
-6.375, 83.875, 1.4061991076756973e-23, nan 
-6.125, 83.875, 1.4801206005670447e-23, nan 
-5.875, 83.875, 1.40373451694072e-23, nan 
-5.625, 83.875, 1.2908338217027853e-23, nan 
-5.375, 83.875, 1.2949456578957366e-23, nan 
-5.125, 83.875, 1.335686414398254e-23, nan 
-4.875, 83.875, 1.3986369568571735e-23, nan 
-4.625, 83.875, 1.2158205374599555e-23, nan 
-4.375, 83.875, 1.1877957022235986e-23, nan 
-4.125, 83.875, 1.2724914841098802e-23, nan 
-3.875, 83.875, 1.2880832449759622e-23, nan 
-3.625, 83.875, 1.2189334454984932e-23, nan 
-3.375, 83.875, 1.166824326438426e-23, nan 
-3.125, 83.875, 1.2462727419132013e-23, nan 
-2.875, 83.875, 1.3608816732882015e-23, nan 
-2.625, 83.875, 1.4598705894717548e-23, nan 
-2.375, 83.875, 1.2427089385805806e-23, nan 
-2.125, 83.875, 1.1730961525921816e-23, nan 
-1.875, 83.875, 1.298499304457986e-23, nan 
-1.625, 83.875, 1.3956738131943367e-23, nan 
-1.375, 83.875, 1.3439125088094494e-23, nan 
-1.125, 83.875, 1.2519385543829403e-23, nan 
-0.875, 83.875, 1.3318148406053647e-23, nan 
-0.625, 83.875, 1.3746949434501356e-23, nan 
-0.375, 83.875, 1.3745644442041588e-23, nan 
-0.125, 83.875, 1.3677930822335532e-23, nan 
0.125, 83.875, 1.5022943797661746e-23, nan 
0.375, 83.875, 1.593492261960407e-23, nan 
0.625, 83.875, 1.583786400476524e-23, nan 
0.875, 83.875, 1.4639776673910265e-23, nan 
1.125, 83.875, 1.6110388578663822e-23, nan 
1.375, 83.875, 1.767526785451936e-23, nan 
1.625, 83.875, 1.916814388760192e-23, nan 
1.875, 83.875, 1.6868555794711264e-23, nan 
2.125, 83.875, 1.5541791080939583e-23, nan 
2.375, 83.875, 1.5817508498303068e-23, nan 
2.625, 83.875, 1.584588880773425e-23, nan 
2.875, 83.875, 1.5477764117779414e-23, nan 
3.125, 83.875, 1.5636925609047e-23, nan 
3.375, 83.875, 1.6730935621282088e-23, nan 
3.625, 83.875, 1.7142490258682706e-23, nan 
3.875, 83.875, 1.616031617991622e-23, nan 
4.125, 83.875, 1.3358329281659005e-23, nan 
4.375, 83.875, 1.3388067944913946e-23, nan 
4.625, 83.875, 1.4525445495063986e-23, nan 
4.875, 83.875, 1.5294525395211958e-23, nan 
5.125, 83.875, 1.608905015682644e-23, nan 
5.375, 83.875, 1.5701751131635718e-23, nan 
5.625, 83.875, 1.5231335902808355e-23, nan 
5.875, 83.875, 1.485196324725909e-23, nan 
6.125, 83.875, 1.4166751759164142e-23, nan 
6.375, 83.875, 1.245813517887856e-23, nan 
6.625, 83.875, 1.1628043725986924e-23, nan 
6.875, 83.875, 1.1726686746399958e-23, nan 
7.125, 83.875, 1.2411935475343654e-23, nan 
7.375, 83.875, 1.1368496196928533e-23, nan 
7.625, 83.875, 1.0142188535808945e-23, nan 
7.875, 83.875, 9.482781325063656e-24, nan 
8.125, 83.875, 9.030092883131817e-24, nan 
8.375, 83.875, 8.445061898779708e-24, nan 
8.625, 83.875, 8.523469327701017e-24, nan 
8.875, 83.875, 9.075699796070366e-24, nan 
9.125, 83.875, 8.928466766949555e-24, nan 
9.375, 83.875, 8.963857854591253e-24, nan 
9.625, 83.875, 7.558400706286355e-24, nan 
9.875, 83.875, 7.293082858897478e-24, nan 
10.125, 83.875, 7.092158244862752e-24, nan 
10.375, 83.875, 7.777125087515366e-24, nan 
10.625, 83.875, 7.9476867345077e-24, nan 
10.875, 83.875, 8.292960359587666e-24, nan 
11.125, 83.875, 7.652223813344465e-24, nan 
11.375, 83.875, 6.861808006643073e-24, nan 
11.625, 83.875, 5.7465545927232124e-24, nan 
11.875, 83.875, 5.2884834977773264e-24, nan 
12.125, 83.875, 5.5944858859453064e-24, nan 
12.375, 83.875, 6.704196825404362e-24, nan 
12.625, 83.875, 7.151562299025628e-24, nan 
12.875, 83.875, 6.027728887315259e-24, nan 
13.125, 83.875, 5.300563234936743e-24, nan 
13.375, 83.875, 5.7051269223597284e-24, nan 
13.625, 83.875, 6.510931616504513e-24, nan 
13.875, 83.875, 6.330274049243807e-24, nan 
14.125, 83.875, 5.707449967077125e-24, nan 
14.375, 83.875, 4.916253035397647e-24, nan 
14.625, 83.875, 4.6449207400976204e-24, nan 
14.875, 83.875, 4.414572045798039e-24, nan 
15.125, 83.875, 3.181902403631555e-24, nan 
15.375, 83.875, 5.010097724357289e-24, nan 
15.625, 83.875, 8.999612197189215e-24, nan 
15.875, 83.875, 1.264189542563513e-23, nan 
16.125, 83.875, 1.3323540490187056e-23, nan 
16.375, 83.875, 1.2248995881423665e-23, nan 
16.625, 83.875, 1.0125493591299819e-23, nan 
16.875, 83.875, 8.07014107388923e-24, nan 
17.125, 83.875, 6.9863026850652e-24, nan 
17.375, 83.875, 6.028980066859416e-24, nan 
17.625, 83.875, 6.2523517418548506e-24, nan 
17.875, 83.875, 7.703607755435817e-24, nan 
18.125, 83.875, 1.0014542118484313e-23, nan 
18.375, 83.875, 1.0398383470438448e-23, nan 
18.625, 83.875, 8.57120289102329e-24, nan 
18.875, 83.875, 6.924671783433337e-24, nan 
19.125, 83.875, 5.689187775263098e-24, nan 
19.375, 83.875, 4.920166653339151e-24, nan 
19.625, 83.875, 4.108093268950403e-24, nan 
19.875, 83.875, 3.685973434104174e-24, nan 
20.125, 83.875, 3.240446087784494e-24, nan 
20.375, 83.875, 2.7423534441158835e-24, nan 
20.625, 83.875, 2.552298418209839e-24, nan 
20.875, 83.875, 2.4225199437363747e-24, nan 
21.125, 83.875, 2.400334824929196e-24, nan 
21.375, 83.875, 2.3650568064399544e-24, nan 
21.625, 83.875, 2.202913527124802e-24, nan 
21.875, 83.875, 2.073825337137884e-24, nan 
22.125, 83.875, 2.060687328012789e-24, nan 
22.375, 83.875, 2.13130604208925e-24, nan 
22.625, 83.875, 2.1300324402686318e-24, nan 
22.875, 83.875, 2.1905888328263093e-24, nan 
23.125, 83.875, 2.2394220290571173e-24, nan 
23.375, 83.875, 2.2086898640815678e-24, nan 
23.625, 83.875, 2.2367406381609043e-24, nan 
23.875, 83.875, 2.2078369323978624e-24, nan 
24.125, 83.875, 2.1517866354079447e-24, nan 
24.375, 83.875, 2.1438011906733543e-24, nan 
24.625, 83.875, 2.265844773680592e-24, nan 
24.875, 83.875, 2.2785338804177407e-24, nan 
25.125, 83.875, 2.2691975126427584e-24, nan 
25.375, 83.875, 2.3614244594059376e-24, nan 
25.625, 83.875, 2.4021361537656228e-24, nan 
25.875, 83.875, 2.3684486731698827e-24, nan 
26.125, 83.875, 2.349633936335745e-24, nan 
26.375, 83.875, 2.2623095540657567e-24, nan 
26.625, 83.875, 2.1690756005853977e-24, nan 
26.875, 83.875, 2.1274156837421725e-24, nan 
27.125, 83.875, 2.0148907577765776e-24, nan 
27.375, 83.875, 1.8880963431726266e-24, nan 
27.625, 83.875, 1.852580174165854e-24, nan 
27.875, 83.875, 1.805937848550941e-24, nan 
28.125, 83.875, 1.698062481021689e-24, nan 
28.375, 83.875, 1.608758574007328e-24, nan 
28.625, 83.875, 1.546698204491663e-24, nan 
28.875, 83.875, 1.5033353219853857e-24, nan 
29.125, 83.875, 1.4061395353936946e-24, nan 
29.375, 83.875, 1.3551667108009308e-24, nan 
29.625, 83.875, 1.2801665923613813e-24, nan 
29.875, 83.875, 1.2219215009077422e-24, nan 
30.125, 83.875, 1.1685083693489968e-24, nan 
30.375, 83.875, 1.147863609761607e-24, nan 
30.625, 83.875, 1.0795917304659188e-24, nan 
30.875, 83.875, 1.0394478667646702e-24, nan 
31.125, 83.875, 9.887172904552396e-25, nan 
31.375, 83.875, 9.730788839685243e-25, nan 
31.625, 83.875, 9.445153683914987e-25, nan 
31.875, 83.875, 9.173067498269226e-25, nan 
32.125, 83.875, 8.813601227699884e-25, nan 
32.375, 83.875, 8.647380019485393e-25, nan 
32.625, 83.875, 8.41649132695964e-25, nan 
32.875, 83.875, 8.406446533694386e-25, nan 
33.125, 83.875, 8.173248564768445e-25, nan 
33.375, 83.875, 8.202793477148429e-25, nan 
33.625, 83.875, 8.39263409930476e-25, nan 
33.875, 83.875, 8.250043156452984e-25, nan 
34.125, 83.875, 8.0337368828734425e-25, nan 
34.375, 83.875, 7.591225928812403e-25, nan 
34.625, 83.875, 7.933849991205561e-25, nan 
34.875, 83.875, 7.990032260839499e-25, nan 
35.125, 83.875, 7.776038895167032e-25, nan 
35.375, 83.875, 7.226839080987835e-25, nan 
35.625, 83.875, 6.890867509990836e-25, nan 
35.875, 83.875, 6.864222864392864e-25, nan 
36.125, 83.875, 6.69480565226786e-25, nan 
36.375, 83.875, 6.103157417805004e-25, nan 
36.625, 83.875, 5.573112006739609e-25, nan 
36.875, 83.875, 5.299072826146839e-25, nan 
37.125, 83.875, 5.027387717574624e-25, nan 
37.375, 83.875, 4.683071718459959e-25, nan 
37.625, 83.875, 4.1352894648079943e-25, nan 
37.875, 83.875, 3.6512340886188747e-25, nan 
38.125, 83.875, 2.9189070886383624e-25, nan 
38.375, 83.875, 2.671929939939102e-25, nan 
38.625, 83.875, 2.89347254703348e-25, nan 
38.875, 83.875, 2.975961242623896e-25, nan 
39.125, 83.875, 3.235493713664921e-25, nan 
39.375, 83.875, 3.1333107839701017e-25, nan 
39.625, 83.875, 3.4416052947650247e-25, nan 
39.875, 83.875, 3.807598685742471e-25, nan 
40.125, 83.875, 4.14747575661639e-25, nan 
40.375, 83.875, 4.812225362026642e-25, nan 
40.625, 83.875, 5.093486464826083e-25, nan 
40.875, 83.875, 5.574302154103355e-25, nan 
41.125, 83.875, 6.208954171449555e-25, nan 
41.375, 83.875, 6.750192890866136e-25, nan 
41.625, 83.875, 6.841855754628364e-25, nan 
41.875, 83.875, 6.928120050277635e-25, nan 
42.125, 83.875, 6.908746417900496e-25, nan 
42.375, 83.875, 7.560392987837036e-25, nan 
42.625, 83.875, 7.823512224388349e-25, nan 
42.875, 83.875, 8.048596968041151e-25, nan 
43.125, 83.875, 8.060243238210296e-25, nan 
43.375, 83.875, 8.603352824073628e-25, nan 
43.625, 83.875, 8.931677379842724e-25, nan 
43.875, 83.875, 9.246592700311652e-25, nan 
44.125, 83.875, 9.104839609099461e-25, nan 
44.375, 83.875, 9.536806045276733e-25, nan 
44.625, 83.875, 1.0267260368684217e-24, nan 
44.875, 83.875, 1.1094714881815437e-24, nan 
45.125, 83.875, 1.1051336143137858e-24, nan 
45.375, 83.875, 1.0729146045797095e-24, nan 
45.625, 83.875, 1.1336143957473193e-24, nan 
45.875, 83.875, 1.309018274770303e-24, nan 
46.125, 83.875, 1.363932035826692e-24, nan 
46.375, 83.875, 1.3934818596261126e-24, nan 
46.625, 83.875, 1.8480031492130937e-24, nan 
46.875, 83.875, 2.3856660447865806e-24, nan 
47.125, 83.875, 2.4692193798115916e-24, nan 
47.375, 83.875, 2.3557869988364458e-24, nan 
47.625, 83.875, 2.3531228546461295e-24, nan 
47.875, 83.875, 2.365483490712848e-24, nan 
48.125, 83.875, 2.5460999973594314e-24, nan 
48.375, 83.875, 2.446458271613625e-24, nan 
48.625, 83.875, 2.642261664620135e-24, nan 
48.875, 83.875, 3.2147874208185313e-24, nan 
49.125, 83.875, 3.1510253958647148e-24, nan 
49.375, 83.875, 3.111042492543125e-24, nan 
49.625, 83.875, 3.664119994145508e-24, nan 
49.875, 83.875, 3.989948975490426e-24, nan 
50.125, 83.875, 3.601357065542372e-24, nan 
50.375, 83.875, 3.3865074733613305e-24, nan 
50.625, 83.875, 4.889917995985101e-24, nan 
50.875, 83.875, 5.525983079816467e-24, nan 
51.125, 83.875, 4.479981148381247e-24, nan 
51.375, 83.875, 3.864366562665678e-24, nan 
51.625, 83.875, 5.388837894659086e-24, nan 
51.875, 83.875, 6.10184446430279e-24, nan 
52.125, 83.875, 5.228715376231778e-24, nan 
52.375, 83.875, 4.967944682454991e-24, nan 
52.625, 83.875, 6.174675686433641e-24, nan 
52.875, 83.875, 6.350040794708595e-24, nan 
53.125, 83.875, 6.0826938147792444e-24, nan 
53.375, 83.875, 5.4339299092946545e-24, nan 
53.625, 83.875, 5.166762872845104e-24, nan 
53.875, 83.875, 3.357375481865768e-24, nan 
54.125, 83.875, 3.279132265739764e-24, nan 
54.375, 83.875, 3.503789600911968e-24, nan 
54.625, 83.875, 3.3626237047259995e-24, nan 
54.875, 83.875, 3.3506845571502505e-24, nan 
55.125, 83.875, 3.3444238514907725e-24, nan 
55.375, 83.875, 3.5248890940504064e-24, nan 
55.625, 83.875, 3.46555541949967e-24, nan 
55.875, 83.875, 3.3457766479921666e-24, nan 
56.125, 83.875, 3.414041530765861e-24, nan 
56.375, 83.875, 4.311807152748063e-24, nan 
56.625, 83.875, 4.789760249969611e-24, nan 
56.875, 83.875, 4.5340586234440606e-24, nan 
57.125, 83.875, 4.583363557921565e-24, nan 
57.375, 83.875, 4.633673416630848e-24, nan 
57.625, 83.875, 4.394222562535845e-24, nan 
57.875, 83.875, 4.763566594702311e-24, nan 
58.125, 83.875, 4.929391678989558e-24, nan 
58.375, 83.875, 4.848009979521082e-24, nan 
58.625, 83.875, 4.632274476238146e-24, nan 
58.875, 83.875, 4.761873779091657e-24, nan 
59.125, 83.875, 4.9146954594576065e-24, nan 
59.375, 83.875, 4.8583164278402595e-24, nan 
59.625, 83.875, 5.1673362273362986e-24, nan 
59.875, 83.875, 5.114579953599443e-24, nan 
60.125, 83.875, 5.690849192719223e-24, nan 
60.375, 83.875, 5.6176965342650284e-24, nan 
60.625, 83.875, 5.5276128735534585e-24, nan 
60.875, 83.875, 5.60715468142221e-24, nan 
61.125, 83.875, 5.716884581772565e-24, nan 
61.375, 83.875, 5.764081324865012e-24, nan 
61.625, 83.875, 5.929431310276779e-24, nan 
61.875, 83.875, 6.832335549996985e-24, nan 
62.125, 83.875, 8.184777155693354e-24, nan 
62.375, 83.875, 7.61261712092061e-24, nan 
62.625, 83.875, 6.895807746550901e-24, nan 
62.875, 83.875, 7.739809733637449e-24, nan 
63.125, 83.875, 7.686973746672563e-24, nan 
63.375, 83.875, 5.906795600552402e-24, nan 
63.625, 83.875, 5.40191261680784e-24, nan 
63.875, 83.875, 5.406880673234868e-24, nan 
64.125, 83.875, 4.372694350415945e-24, nan 
64.375, 83.875, 5.621857078138939e-24, nan 
64.625, 83.875, 5.378121793904991e-24, nan 
64.875, 83.875, 4.3689778739549024e-24, nan 
65.125, 83.875, 5.31747696987756e-24, nan 
65.375, 83.875, 5.840151939559705e-24, nan 
65.625, 83.875, 5.1127900290905855e-24, nan 
65.875, 83.875, 4.828908256845148e-24, nan 
66.125, 83.875, 4.588552137917284e-24, nan 
66.375, 83.875, 3.578120440309498e-24, nan 
66.625, 83.875, 3.138481875408009e-24, nan 
66.875, 83.875, 3.3613434912951645e-24, nan 
67.125, 83.875, 3.8996478345567246e-24, nan 
67.375, 83.875, 3.705095783803607e-24, nan 
67.625, 83.875, 3.829332248791106e-24, nan 
67.875, 83.875, 4.262118588584106e-24, nan 
68.125, 83.875, 4.414461271333159e-24, nan 
68.375, 83.875, 4.20805298248898e-24, nan 
68.625, 83.875, 3.1028792647595347e-24, nan 
68.875, 83.875, 1.7367534978531114e-24, nan 
69.125, 83.875, 1.6021985179792086e-24, nan 
69.375, 83.875, 1.4500033012361736e-24, nan 
69.625, 83.875, 1.3530214585192553e-24, nan 
69.875, 83.875, 1.0760380859492647e-24, nan 
70.125, 83.875, 1.3101110697973017e-24, nan 
70.375, 83.875, 1.4922979776628828e-24, nan 
70.625, 83.875, 1.4311418053794579e-24, nan 
70.875, 83.875, 1.6412542826415511e-24, nan 
71.125, 83.875, 1.8531732780018457e-24, nan 
71.375, 83.875, 2.0450127589611827e-24, nan 
71.625, 83.875, 2.149144145589336e-24, nan 
71.875, 83.875, 2.085184504324993e-24, nan 
72.125, 83.875, 2.0889090628778268e-24, nan 
72.375, 83.875, 2.1541701754241144e-24, nan 
72.625, 83.875, 2.229078617279107e-24, nan 
72.875, 83.875, 2.2335935313436887e-24, nan 
73.125, 83.875, 2.1894034080295504e-24, nan 
73.375, 83.875, 2.367364278739425e-24, nan 
73.625, 83.875, 2.3557987502593822e-24, nan 
73.875, 83.875, 2.35615729449725e-24, nan 
74.125, 83.875, 2.3095654060130367e-24, nan 
74.375, 83.875, 2.4761737729287787e-24, nan 
74.625, 83.875, 2.635048365495292e-24, nan 
74.875, 83.875, 2.647379561592272e-24, nan 
75.125, 83.875, 2.7063336499815046e-24, nan 
75.375, 83.875, 3.0340656931240193e-24, nan 
75.625, 83.875, 2.5782003724215623e-24, nan 
75.875, 83.875, 2.5169367212915914e-24, nan 
76.125, 83.875, 2.1954062417125762e-24, nan 
76.375, 83.875, 1.939586884108864e-24, nan 
76.625, 83.875, 2.035510355038262e-24, nan 
76.875, 83.875, 1.897695142996379e-24, nan 
77.125, 83.875, 1.7133775256865158e-24, nan 
-108.125, 84.125, 1.346099870566453e-23, nan 
-107.875, 84.125, 1.1099899348413345e-23, nan 
-107.625, 84.125, 6.248305859628629e-24, nan 
-107.375, 84.125, 9.756128581977793e-24, nan 
-107.125, 84.125, 6.982719113646385e-24, nan 
-106.875, 84.125, 8.101311313397112e-24, nan 
-106.625, 84.125, 1.1636416147096582e-23, nan 
-106.375, 84.125, 1.4789815087294557e-23, nan 
-106.125, 84.125, 1.2872544821424854e-23, nan 
-105.875, 84.125, 1.3771522764626363e-23, nan 
-105.625, 84.125, 1.2346089480059126e-23, nan 
-105.375, 84.125, 1.5782414694247278e-23, nan 
-105.125, 84.125, 1.974320670187711e-23, nan 
-104.875, 84.125, 1.2701714366389161e-23, nan 
-104.625, 84.125, 1.689774904160537e-23, nan 
-104.375, 84.125, 2.4042248254412498e-23, nan 
-104.125, 84.125, 3.103328867056327e-23, nan 
-103.875, 84.125, 3.184712951050704e-23, nan 
-103.625, 84.125, 3.548197424670686e-23, nan 
-103.375, 84.125, 3.8162533526914354e-23, nan 
-103.125, 84.125, 4.408187957044233e-23, nan 
-102.875, 84.125, 5.2374566980747144e-23, nan 
-102.625, 84.125, 5.904256840908468e-23, nan 
-102.375, 84.125, 6.562634245282715e-23, nan 
-102.125, 84.125, 7.450481905748282e-23, nan 
-101.875, 84.125, 7.840240754262638e-23, nan 
-101.625, 84.125, 8.48385215045091e-23, nan 
-101.375, 84.125, 8.503014110047728e-23, nan 
-101.125, 84.125, 8.102992768527665e-23, nan 
-100.875, 84.125, 5.917657639415175e-23, nan 
-100.625, 84.125, 5.342745220523876e-23, nan 
-100.375, 84.125, 4.720069697335822e-23, nan 
-100.125, 84.125, 5.802262985947522e-23, nan 
-99.875, 84.125, 6.859617742957722e-23, nan 
-99.625, 84.125, 6.817089948453588e-23, nan 
-99.375, 84.125, 7.091652278658817e-23, nan 
-99.125, 84.125, 7.336497170938861e-23, nan 
-98.875, 84.125, 6.762453193404596e-23, nan 
-98.625, 84.125, 5.535779797555895e-23, nan 
-98.375, 84.125, 5.176467149475369e-23, nan 
-98.125, 84.125, 3.8936896744436496e-23, nan 
-97.875, 84.125, 2.73063601177729e-23, nan 
-97.625, 84.125, 2.118844377374441e-23, nan 
-97.375, 84.125, 2.1727775383263795e-23, nan 
-97.125, 84.125, 2.6780107136300143e-23, nan 
-96.875, 84.125, 3.04555147643543e-23, nan 
-96.625, 84.125, 2.8421550373799156e-23, nan 
-96.375, 84.125, 2.5919657774162574e-23, nan 
-96.125, 84.125, 2.5746308042781522e-23, nan 
-95.875, 84.125, 2.6796591668039595e-23, nan 
-95.625, 84.125, 2.783872561774983e-23, nan 
-95.375, 84.125, 2.978794913235175e-23, nan 
-95.125, 84.125, 3.109254163669534e-23, nan 
-94.875, 84.125, 3.213837554039073e-23, nan 
-94.625, 84.125, 3.214649376908251e-23, nan 
-94.375, 84.125, 3.1637327595030817e-23, nan 
-94.125, 84.125, 3.06728452823034e-23, nan 
-93.875, 84.125, 2.7470588089692097e-23, nan 
-93.625, 84.125, 2.784448407576102e-23, nan 
-93.375, 84.125, 2.7683691208014846e-23, nan 
-93.125, 84.125, 2.820277431658356e-23, nan 
-92.875, 84.125, 2.894812328801109e-23, nan 
-92.625, 84.125, 2.94896575273796e-23, nan 
-92.375, 84.125, 2.857899336103923e-23, nan 
-92.125, 84.125, 1.543787470296191e-23, nan 
-91.875, 84.125, 1.4335630676924708e-23, nan 
-91.625, 84.125, 1.0341328188869044e-23, nan 
-91.375, 84.125, 7.88094063185873e-24, nan 
-91.125, 84.125, 7.129601427157694e-24, nan 
-90.875, 84.125, 6.567595393472808e-24, nan 
-90.625, 84.125, 7.558726375109037e-24, nan 
-90.375, 84.125, 8.197736784187851e-24, nan 
-90.125, 84.125, 9.269437858808129e-24, nan 
-89.875, 84.125, 1.0250275427545607e-23, nan 
-89.625, 84.125, 1.2470688818026927e-23, nan 
-89.375, 84.125, 1.372931709952989e-23, nan 
-89.125, 84.125, 1.5631056721385288e-23, nan 
-88.875, 84.125, 1.8216308047563996e-23, nan 
-88.625, 84.125, 1.9208087087063335e-23, nan 
-88.375, 84.125, 2.128378147119182e-23, nan 
-88.125, 84.125, 2.27852554018547e-23, nan 
-87.875, 84.125, 2.3332064430388648e-23, nan 
-87.625, 84.125, 2.4276244444534792e-23, nan 
-87.375, 84.125, 2.4439859843750866e-23, nan 
-87.125, 84.125, 2.4825765586921896e-23, nan 
-86.875, 84.125, 2.4989468386948025e-23, nan 
-86.625, 84.125, 2.889074677547222e-23, nan 
-86.375, 84.125, 3.279747734397636e-23, nan 
-86.125, 84.125, 3.5027596343515536e-23, nan 
-85.875, 84.125, 3.7273923353643933e-23, nan 
-85.625, 84.125, 3.8048431061449245e-23, nan 
-85.375, 84.125, 3.881409842875871e-23, nan 
-85.125, 84.125, 3.786201728544919e-23, nan 
-84.875, 84.125, 2.979214068261564e-23, nan 
-84.625, 84.125, 3.0757130640016166e-23, nan 
-84.375, 84.125, 3.642391779873701e-23, nan 
-84.125, 84.125, 3.51932484078713e-23, nan 
-83.875, 84.125, 3.090834403507324e-23, nan 
-83.625, 84.125, 2.8183166186915787e-23, nan 
-83.375, 84.125, 2.1925015625696178e-23, nan 
-83.125, 84.125, 2.0326685724702523e-23, nan 
-82.875, 84.125, 2.139306385413147e-23, nan 
-82.625, 84.125, 2.419300272119442e-23, nan 
-82.375, 84.125, 2.3290182588773152e-23, nan 
-82.125, 84.125, 1.7021642267621978e-23, nan 
-81.875, 84.125, 2.160275124088387e-23, nan 
-81.625, 84.125, 1.984581824604352e-23, nan 
-81.375, 84.125, 1.4293512574143317e-23, nan 
-81.125, 84.125, 1.25348065809167e-23, nan 
-80.875, 84.125, 1.1766971992183159e-23, nan 
-80.625, 84.125, 1.2775559451828653e-23, nan 
-80.375, 84.125, 1.2244960305539922e-23, nan 
-80.125, 84.125, 1.5239783604093425e-23, nan 
-79.875, 84.125, 1.9103233282852943e-23, nan 
-79.625, 84.125, 1.676874393987103e-23, nan 
-79.375, 84.125, 1.5034058580265203e-23, nan 
-79.125, 84.125, 1.389172652759922e-23, nan 
-78.875, 84.125, 1.5423147600944958e-23, nan 
-78.625, 84.125, 1.7093647178403214e-23, nan 
-78.375, 84.125, 1.855837538152667e-23, nan 
-78.125, 84.125, 1.8001563675043157e-23, nan 
-77.875, 84.125, 1.705703683791963e-23, nan 
-77.625, 84.125, 2.011747400746636e-23, nan 
-77.375, 84.125, 2.0989179493698825e-23, nan 
-77.125, 84.125, 1.8092692143956766e-23, nan 
-76.875, 84.125, 1.6998066347333152e-23, nan 
-76.625, 84.125, 1.9440842291533037e-23, nan 
-76.375, 84.125, 2.1180016475269748e-23, nan 
-76.125, 84.125, 2.192441619596812e-23, nan 
-75.875, 84.125, 2.3224669378144455e-23, nan 
-75.625, 84.125, 2.5008178023538607e-23, nan 
-75.375, 84.125, 2.81550255586773e-23, nan 
-75.125, 84.125, 3.215730390465792e-23, nan 
-74.875, 84.125, 2.977546416031863e-23, nan 
-74.625, 84.125, 3.4784544200077565e-23, nan 
-74.375, 84.125, 4.638745845865002e-23, nan 
-74.125, 84.125, 5.481588723218927e-23, nan 
-73.875, 84.125, 5.104929178987414e-23, nan 
-73.625, 84.125, 4.966664012174662e-23, nan 
-73.375, 84.125, 4.6747463696190195e-23, nan 
-73.125, 84.125, 4.789618623994531e-23, nan 
-72.875, 84.125, 4.9987304686423064e-23, nan 
-72.625, 84.125, 5.288483990346909e-23, nan 
-72.375, 84.125, 5.1603636070320055e-23, nan 
-72.125, 84.125, 4.8773141737015405e-23, nan 
-71.875, 84.125, 4.689342747967914e-23, nan 
-71.625, 84.125, 4.941134626259559e-23, nan 
-71.375, 84.125, 4.4757651422598793e-23, nan 
-71.125, 84.125, 4.229965696386235e-23, nan 
-70.875, 84.125, 3.100896850090007e-23, nan 
-70.625, 84.125, 2.9141318457921075e-23, nan 
-70.375, 84.125, 3.52351892345414e-23, nan 
-70.125, 84.125, 3.503791717203453e-23, nan 
-69.875, 84.125, 3.255914345857437e-23, nan 
-69.625, 84.125, 3.1181875504236136e-23, nan 
-69.375, 84.125, 3.501661360364097e-23, nan 
-69.125, 84.125, 3.552748361354665e-23, nan 
-68.875, 84.125, 3.5245000399424987e-23, nan 
-68.625, 84.125, 3.0606694539821637e-23, nan 
-68.375, 84.125, 2.5604205750770415e-23, nan 
-68.125, 84.125, 2.3680562077316274e-23, nan 
-67.875, 84.125, 2.2094557102807424e-23, nan 
-67.625, 84.125, 2.188632930852677e-23, nan 
-67.375, 84.125, 1.8424748395084674e-23, nan 
-67.125, 84.125, 1.6978125238491328e-23, nan 
-66.875, 84.125, 1.5890519341869386e-23, nan 
-66.625, 84.125, 1.6053296988886616e-23, nan 
-66.375, 84.125, 1.635501605804699e-23, nan 
-66.125, 84.125, 1.662835733045462e-23, nan 
-65.875, 84.125, 1.8629800548433168e-23, nan 
-65.625, 84.125, 1.818948950567852e-23, nan 
-65.375, 84.125, 1.848363383391665e-23, nan 
-65.125, 84.125, 1.775855586904644e-23, nan 
-64.875, 84.125, 1.5493665687403565e-23, nan 
-64.625, 84.125, 1.4908016579554105e-23, nan 
-64.375, 84.125, 1.5909898671524243e-23, nan 
-64.125, 84.125, 1.6736482131506226e-23, nan 
-63.875, 84.125, 1.7458478445736694e-23, nan 
-63.625, 84.125, 1.777414072341175e-23, nan 
-63.375, 84.125, 1.8642769565054486e-23, nan 
-63.125, 84.125, 1.7214077751758073e-23, nan 
-62.875, 84.125, 1.4894553519177684e-23, nan 
-62.625, 84.125, 1.4824444190458224e-23, nan 
-62.375, 84.125, 1.439521915426574e-23, nan 
-62.125, 84.125, 1.4288482547748148e-23, nan 
-61.875, 84.125, 1.1284441403572977e-23, nan 
-61.625, 84.125, 8.405694916962329e-24, nan 
-61.375, 84.125, 7.81801103230621e-24, nan 
-61.125, 84.125, 6.101598275789162e-24, nan 
-60.875, 84.125, 4.3483642228069104e-24, nan 
-60.625, 84.125, 3.349198157232862e-24, nan 
-60.375, 84.125, 3.192943929421599e-24, nan 
-60.125, 84.125, 1.9941477846460397e-24, nan 
-59.875, 84.125, 2.7475061884731282e-24, nan 
-59.625, 84.125, 4.994512097056315e-24, nan 
-59.375, 84.125, 6.763104191387926e-24, nan 
-59.125, 84.125, 7.496448407906682e-24, nan 
-58.875, 84.125, 6.385025660930348e-24, nan 
-58.625, 84.125, 6.813329744854209e-24, nan 
-58.375, 84.125, 7.118267989213324e-24, nan 
-58.125, 84.125, 8.81198558819986e-24, nan 
-57.875, 84.125, 9.445026031389804e-24, nan 
-57.625, 84.125, 1.1458987294336368e-23, nan 
-57.375, 84.125, 1.4250699193941352e-23, nan 
-57.125, 84.125, 1.69576592663352e-23, nan 
-56.875, 84.125, 1.9933446377214806e-23, nan 
-56.625, 84.125, 1.7994429223183352e-23, nan 
-56.375, 84.125, 1.6344703465269487e-23, nan 
-56.125, 84.125, 1.5470983983375782e-23, nan 
-55.875, 84.125, 1.2252141474733555e-23, nan 
-55.625, 84.125, 9.780929766354061e-24, nan 
-55.375, 84.125, 1.0526207617421984e-23, nan 
-55.125, 84.125, 1.0104158851011254e-23, nan 
-54.875, 84.125, 1.01355341032919e-23, nan 
-54.625, 84.125, 1.2735965228698002e-23, nan 
-54.375, 84.125, 2.150156156554551e-23, nan 
-54.125, 84.125, 2.705095374790956e-23, nan 
-53.875, 84.125, 3.042074092624902e-23, nan 
-53.625, 84.125, 3.355614000762783e-23, nan 
-53.375, 84.125, 3.3424128551974364e-23, nan 
-53.125, 84.125, 3.866947005674965e-23, nan 
-52.875, 84.125, 4.142974108898894e-23, nan 
-52.625, 84.125, 4.0273899182625206e-23, nan 
-52.375, 84.125, 3.74182081630915e-23, nan 
-52.125, 84.125, 3.3581403910923987e-23, nan 
-51.875, 84.125, 3.8153755310927447e-23, nan 
-51.625, 84.125, 4.249137597790247e-23, nan 
-51.375, 84.125, 4.873770895065252e-23, nan 
-51.125, 84.125, 3.228067512029921e-23, nan 
-50.875, 84.125, 2.833512184306987e-23, nan 
-50.625, 84.125, 2.676779577189122e-23, nan 
-50.375, 84.125, 2.5135588642867423e-23, nan 
-50.125, 84.125, 2.4721901450412752e-23, nan 
-49.875, 84.125, 1.5946527931529347e-23, nan 
-49.625, 84.125, 1.414605121416147e-23, nan 
-49.375, 84.125, 5.715440810492308e-23, nan 
-49.125, 84.125, 6.561510654211137e-23, nan 
-48.875, 84.125, 5.2744819969495365e-23, nan 
-48.625, 84.125, 4.368553013552332e-23, nan 
-48.375, 84.125, 4.94169805040656e-23, nan 
-48.125, 84.125, 5.229374286845913e-23, nan 
-47.875, 84.125, 5.41022488479468e-23, nan 
-47.625, 84.125, 5.863721465064939e-23, nan 
-47.375, 84.125, 6.21693921926015e-23, nan 
-47.125, 84.125, 9.774423174215122e-23, nan 
-46.875, 84.125, 9.808938147456086e-23, nan 
-46.625, 84.125, 1.0065234016600303e-22, nan 
-46.375, 84.125, 1.0242276660560601e-22, nan 
-46.125, 84.125, 1.015273335572534e-22, nan 
-45.875, 84.125, 9.602725691233095e-23, nan 
-45.625, 84.125, 9.641750625564968e-23, nan 
-45.375, 84.125, 9.802979541024871e-23, nan 
-45.125, 84.125, 9.983334192472156e-23, nan 
-44.875, 84.125, 1.0629949849644917e-22, nan 
-44.625, 84.125, 1.1002437204217078e-22, nan 
-44.375, 84.125, 1.1132398477758694e-22, nan 
-44.125, 84.125, 1.0887978437151843e-22, nan 
-43.875, 84.125, 1.0755969783733884e-22, nan 
-43.625, 84.125, 1.0290311130823727e-22, nan 
-43.375, 84.125, 1.0454644125938644e-22, nan 
-43.125, 84.125, 1.0388489352685555e-22, nan 
-42.875, 84.125, 1.0588653862775892e-22, nan 
-42.625, 84.125, 7.712097112366129e-23, nan 
-42.375, 84.125, 7.610145355692687e-23, nan 
-42.125, 84.125, 7.435082662275224e-23, nan 
-41.875, 84.125, 7.305444785106496e-23, nan 
-41.625, 84.125, 7.217210466380441e-23, nan 
-41.375, 84.125, 6.796114060442651e-23, nan 
-41.125, 84.125, 5.000843841600773e-23, nan 
-40.875, 84.125, 4.73948898296444e-23, nan 
-40.625, 84.125, 5.2064555932164836e-23, nan 
-40.375, 84.125, 5.911544238668026e-23, nan 
-40.125, 84.125, 5.97081624095127e-23, nan 
-39.875, 84.125, 4.985858384943451e-23, nan 
-39.625, 84.125, 4.2937743664121427e-23, nan 
-39.375, 84.125, 3.4217719797758934e-23, nan 
-39.125, 84.125, 3.15200691069429e-23, nan 
-38.875, 84.125, 2.76977452939426e-23, nan 
-38.625, 84.125, 2.763591418808215e-23, nan 
-38.375, 84.125, 2.9574729434204975e-23, nan 
-38.125, 84.125, 2.8183690645937096e-23, nan 
-37.875, 84.125, 2.6202443528789435e-23, nan 
-37.625, 84.125, 1.94467786595203e-23, nan 
-37.375, 84.125, 1.5438993607597826e-23, nan 
-37.125, 84.125, 1.495216404683416e-23, nan 
-36.875, 84.125, 1.1179152989866366e-23, nan 
-36.625, 84.125, 8.682282089051698e-24, nan 
-36.375, 84.125, 6.839801259081039e-24, nan 
-36.125, 84.125, 6.837695232152722e-24, nan 
-35.875, 84.125, 7.231570383126824e-24, nan 
-35.625, 84.125, 9.00761361986869e-24, nan 
-35.375, 84.125, 1.0237832779564303e-23, nan 
-35.125, 84.125, 1.1169363546185853e-23, nan 
-34.875, 84.125, 8.914341459817605e-24, nan 
-34.625, 84.125, 8.398654128679888e-24, nan 
-34.375, 84.125, 8.592472236321224e-24, nan 
-34.125, 84.125, 1.059223608341851e-23, nan 
-33.875, 84.125, 1.255194978697612e-23, nan 
-33.625, 84.125, 1.3138771062728828e-23, nan 
-33.375, 84.125, 1.3495068472423682e-23, nan 
-33.125, 84.125, 1.3794069298883396e-23, nan 
-32.875, 84.125, 1.4390546116927665e-23, nan 
-32.625, 84.125, 1.3635946725951565e-23, nan 
-32.375, 84.125, 1.3501945518335173e-23, nan 
-32.125, 84.125, 1.387729849585772e-23, nan 
-31.875, 84.125, 1.3375871954441213e-23, nan 
-31.625, 84.125, 1.4349324353142176e-23, nan 
-31.375, 84.125, 1.4255029354290657e-23, nan 
-31.125, 84.125, 1.513412841291322e-23, nan 
-30.875, 84.125, 1.6793733506466803e-23, nan 
-30.625, 84.125, 1.697347553940243e-23, nan 
-30.375, 84.125, 1.665351234331869e-23, nan 
-30.125, 84.125, 1.7163138794254694e-23, nan 
-29.875, 84.125, 1.79592277033296e-23, nan 
-29.625, 84.125, 1.7635162772951306e-23, nan 
-29.375, 84.125, 1.9007311974437707e-23, nan 
-29.125, 84.125, 2.180442978476711e-23, nan 
-28.875, 84.125, 2.6646228383722033e-23, nan 
-28.625, 84.125, 2.6795518628124286e-23, nan 
-28.375, 84.125, 2.3535020843964177e-23, nan 
-28.125, 84.125, 2.5171247046897492e-23, nan 
-27.875, 84.125, 2.9911290246142153e-23, nan 
-27.625, 84.125, 2.9662927053191136e-23, nan 
-27.375, 84.125, 2.7178578781761084e-23, nan 
-27.125, 84.125, 2.5047390349496776e-23, nan 
-26.875, 84.125, 2.1742837033236213e-23, nan 
-26.625, 84.125, 2.4157703365911423e-23, nan 
-26.375, 84.125, 3.6277194629535314e-23, nan 
-26.125, 84.125, 4.111759169161633e-23, nan 
-25.875, 84.125, 4.381107236271114e-23, nan 
-25.625, 84.125, 4.351936830506589e-23, nan 
-25.375, 84.125, 4.25397484888613e-23, nan 
-25.125, 84.125, 4.064785946083755e-23, nan 
-24.875, 84.125, 4.018549442652228e-23, nan 
-24.625, 84.125, 4.1921868266422583e-23, nan 
-24.375, 84.125, 4.354286760936132e-23, nan 
-24.125, 84.125, 4.4571144443419395e-23, nan 
-23.875, 84.125, 4.5894435769881466e-23, nan 
-23.625, 84.125, 4.7248149802975196e-23, nan 
-23.375, 84.125, 4.5932164025643343e-23, nan 
-23.125, 84.125, 4.503505090761058e-23, nan 
-22.875, 84.125, 4.5220758443996e-23, nan 
-22.625, 84.125, 4.8986478126758934e-23, nan 
-22.375, 84.125, 5.031255039759688e-23, nan 
-22.125, 84.125, 4.848863397838754e-23, nan 
-21.875, 84.125, 4.660961942529375e-23, nan 
-21.625, 84.125, 4.961840498908005e-23, nan 
-21.375, 84.125, 5.690563899696234e-23, nan 
-21.125, 84.125, 5.711297861279128e-23, nan 
-20.875, 84.125, 5.568650102816165e-23, nan 
-20.625, 84.125, 5.796698699592563e-23, nan 
-20.375, 84.125, 6.97672919186478e-23, nan 
-20.125, 84.125, 6.990636500315533e-23, nan 
-19.875, 84.125, 6.382419236984785e-23, nan 
-19.625, 84.125, 4.946917029301316e-23, nan 
-19.375, 84.125, 7.009689460819914e-23, nan 
-19.125, 84.125, 7.688739037330042e-23, nan 
-18.875, 84.125, 9.562826392505731e-23, nan 
-18.625, 84.125, 6.179215971300027e-23, nan 
-18.375, 84.125, 6.511906429751902e-23, nan 
-18.125, 84.125, 6.916438242162339e-23, nan 
-17.875, 84.125, 7.092138438037354e-23, nan 
-17.625, 84.125, 7.0394744410359e-23, nan 
-17.375, 84.125, 6.728732722325044e-23, nan 
-17.125, 84.125, 7.382566274633856e-23, nan 
-16.875, 84.125, 7.457225211189459e-23, nan 
-16.625, 84.125, 6.869685138838813e-23, nan 
-16.375, 84.125, 3.351849488590499e-23, nan 
-16.125, 84.125, 3.305333743421415e-23, nan 
-15.875, 84.125, 3.4266380996784064e-23, nan 
-15.625, 84.125, 3.895078136654873e-23, nan 
-15.375, 84.125, 3.914978057044539e-23, nan 
-15.125, 84.125, 3.8142682516917543e-23, nan 
-14.875, 84.125, 3.396837281283975e-23, nan 
-14.625, 84.125, 3.053893436457206e-23, nan 
-14.375, 84.125, 2.6418141997398075e-23, nan 
-14.125, 84.125, 2.1477068550283542e-23, nan 
-13.875, 84.125, 1.7998451182600053e-23, nan 
-13.625, 84.125, 1.7142019164011632e-23, nan 
-13.375, 84.125, 1.6325293914501332e-23, nan 
-13.125, 84.125, 1.7154904636094794e-23, nan 
-12.875, 84.125, 1.6203439496822046e-23, nan 
-12.625, 84.125, 1.4956132314072997e-23, nan 
-12.375, 84.125, 1.5092561869984245e-23, nan 
-12.125, 84.125, 1.6599548302678254e-23, nan 
-11.875, 84.125, 1.6542990079613835e-23, nan 
-11.625, 84.125, 1.668162336565869e-23, nan 
-11.375, 84.125, 1.666463556973122e-23, nan 
-11.125, 84.125, 1.6245984111777136e-23, nan 
-10.875, 84.125, 1.5079849806569825e-23, nan 
-10.625, 84.125, 1.4239085894588952e-23, nan 
-10.375, 84.125, 1.4713137756307653e-23, nan 
-10.125, 84.125, 1.6045316834693166e-23, nan 
-9.875, 84.125, 1.7245201957744858e-23, nan 
-9.625, 84.125, 1.6601476189840525e-23, nan 
-9.375, 84.125, 1.5435730571382474e-23, nan 
-9.125, 84.125, 1.5003317130548772e-23, nan 
-8.875, 84.125, 1.3981318449520202e-23, nan 
-8.625, 84.125, 1.399479449087277e-23, nan 
-8.375, 84.125, 1.369104986002891e-23, nan 
-8.125, 84.125, 1.3592917468866622e-23, nan 
-7.875, 84.125, 1.392158405214458e-23, nan 
-7.625, 84.125, 1.415663896991503e-23, nan 
-7.375, 84.125, 1.324433967578495e-23, nan 
-7.125, 84.125, 1.3453754968005787e-23, nan 
-6.875, 84.125, 1.447108378657325e-23, nan 
-6.625, 84.125, 1.520512231740955e-23, nan 
-6.375, 84.125, 1.5936751664360825e-23, nan 
-6.125, 84.125, 1.630920473585441e-23, nan 
-5.875, 84.125, 1.6560719610205192e-23, nan 
-5.625, 84.125, 1.6652937834921975e-23, nan 
-5.375, 84.125, 1.5929746347137762e-23, nan 
-5.125, 84.125, 1.5354047987173137e-23, nan 
-4.875, 84.125, 1.6036731481372932e-23, nan 
-4.625, 84.125, 1.5777603582609373e-23, nan 
-4.375, 84.125, 1.5300656695516872e-23, nan 
-4.125, 84.125, 1.4574202138339204e-23, nan 
-3.875, 84.125, 1.5052719575290306e-23, nan 
-3.625, 84.125, 1.608817351566709e-23, nan 
-3.375, 84.125, 1.6697517301859974e-23, nan 
-3.125, 84.125, 1.58524678962231e-23, nan 
-2.875, 84.125, 1.6430325034050065e-23, nan 
-2.625, 84.125, 1.7527253082217153e-23, nan 
-2.375, 84.125, 2.0586569883655708e-23, nan 
-2.125, 84.125, 2.1980575254157592e-23, nan 
-1.875, 84.125, 2.2655600087216607e-23, nan 
-1.625, 84.125, 2.3719771240044394e-23, nan 
-1.375, 84.125, 2.72527418624145e-23, nan 
-1.125, 84.125, 2.8525067437508984e-23, nan 
-0.875, 84.125, 2.6044624026030473e-23, nan 
-0.625, 84.125, 2.6130068602531272e-23, nan 
-0.375, 84.125, 2.82928533979491e-23, nan 
-0.125, 84.125, 3.0700847773277356e-23, nan 
0.125, 84.125, 3.217730665808426e-23, nan 
0.375, 84.125, 3.121453058759862e-23, nan 
0.625, 84.125, 3.113460981196234e-23, nan 
0.875, 84.125, 3.303832076880491e-23, nan 
1.125, 84.125, 3.254838198016257e-23, nan 
1.375, 84.125, 3.437260149485539e-23, nan 
1.625, 84.125, 3.715390512468571e-23, nan 
1.875, 84.125, 4.4468203275488184e-23, nan 
2.125, 84.125, 4.58703090082431e-23, nan 
2.375, 84.125, 4.536498901944792e-23, nan 
2.625, 84.125, 3.646000169790093e-23, nan 
2.875, 84.125, 3.730445268200902e-23, nan 
3.125, 84.125, 3.538669782546243e-23, nan 
3.375, 84.125, 3.050134130130384e-23, nan 
3.625, 84.125, 2.079282645777454e-23, nan 
3.875, 84.125, 1.8466849757223508e-23, nan 
4.125, 84.125, 1.7412594487724342e-23, nan 
4.375, 84.125, 1.5543571043259046e-23, nan 
4.625, 84.125, 1.4887838817896393e-23, nan 
4.875, 84.125, 1.5333980383478187e-23, nan 
5.125, 84.125, 1.6880818552508013e-23, nan 
5.375, 84.125, 1.6638589131550585e-23, nan 
5.625, 84.125, 1.535182532760182e-23, nan 
5.875, 84.125, 1.4617562182266456e-23, nan 
6.125, 84.125, 1.2861556872302042e-23, nan 
6.375, 84.125, 1.244143451265921e-23, nan 
6.625, 84.125, 1.274164241009826e-23, nan 
6.875, 84.125, 1.2781077482906297e-23, nan 
7.125, 84.125, 1.2729807667300972e-23, nan 
7.375, 84.125, 1.378021984745016e-23, nan 
7.625, 84.125, 1.2868270650606404e-23, nan 
7.875, 84.125, 1.1847881301144453e-23, nan 
8.125, 84.125, 1.0676633920284965e-23, nan 
8.375, 84.125, 9.78064848625129e-24, nan 
8.625, 84.125, 9.325285980699805e-24, nan 
8.875, 84.125, 8.695672737118232e-24, nan 
9.125, 84.125, 9.00432274821892e-24, nan 
9.375, 84.125, 9.807626321946582e-24, nan 
9.625, 84.125, 9.47880582281418e-24, nan 
9.875, 84.125, 8.25954834513345e-24, nan 
10.125, 84.125, 7.562254758861084e-24, nan 
10.375, 84.125, 7.773839985726881e-24, nan 
10.625, 84.125, 7.482250493288799e-24, nan 
10.875, 84.125, 8.954223774889444e-24, nan 
11.125, 84.125, 8.62329483317132e-24, nan 
11.375, 84.125, 7.252370007731532e-24, nan 
11.625, 84.125, 5.547973719485924e-24, nan 
11.875, 84.125, 4.5280797993054734e-24, nan 
12.125, 84.125, 4.645159634555347e-24, nan 
12.375, 84.125, 6.45857784335825e-24, nan 
12.625, 84.125, 7.722315343202491e-24, nan 
12.875, 84.125, 7.197951096749709e-24, nan 
13.125, 84.125, 7.375889055079963e-24, nan 
13.375, 84.125, 6.457572893761022e-24, nan 
13.625, 84.125, 5.711215171768445e-24, nan 
13.875, 84.125, 5.954269258015758e-24, nan 
14.125, 84.125, 6.987696365118537e-24, nan 
14.375, 84.125, 6.24765618403366e-24, nan 
14.625, 84.125, 7.536035783666465e-24, nan 
14.875, 84.125, 6.812642390062339e-24, nan 
15.125, 84.125, 4.120194535716197e-24, nan 
15.375, 84.125, 2.4409119942931623e-24, nan 
15.625, 84.125, 3.326310509087817e-24, nan 
15.875, 84.125, 8.246623508449003e-24, nan 
16.125, 84.125, 1.2525532997395949e-23, nan 
16.375, 84.125, 1.4833889345093077e-23, nan 
16.625, 84.125, 1.2969024328764798e-23, nan 
16.875, 84.125, 9.52594167289407e-24, nan 
17.125, 84.125, 7.950879319624062e-24, nan 
17.375, 84.125, 6.570457654648959e-24, nan 
17.625, 84.125, 5.600134026711737e-24, nan 
17.875, 84.125, 5.994735907047275e-24, nan 
18.125, 84.125, 8.34024154388835e-24, nan 
18.375, 84.125, 1.041224592034987e-23, nan 
18.625, 84.125, 1.1865148496622772e-23, nan 
18.875, 84.125, 1.0512991477871834e-23, nan 
19.125, 84.125, 8.414398169680433e-24, nan 
19.375, 84.125, 7.185520128430498e-24, nan 
19.625, 84.125, 6.032880148930698e-24, nan 
19.875, 84.125, 5.093834614242275e-24, nan 
20.125, 84.125, 4.863965200044069e-24, nan 
20.375, 84.125, 5.695709115368399e-24, nan 
20.625, 84.125, 6.0144856966798635e-24, nan 
20.875, 84.125, 4.816302845313821e-24, nan 
21.125, 84.125, 3.7608734628580106e-24, nan 
21.375, 84.125, 3.1830722246134303e-24, nan 
21.625, 84.125, 2.9525753481036442e-24, nan 
21.875, 84.125, 2.7799360276008583e-24, nan 
22.125, 84.125, 2.6331050559988393e-24, nan 
22.375, 84.125, 2.5128277689115945e-24, nan 
22.625, 84.125, 2.525056534378599e-24, nan 
22.875, 84.125, 2.5751463048887485e-24, nan 
23.125, 84.125, 2.5368575365240083e-24, nan 
23.375, 84.125, 2.4909866186349798e-24, nan 
23.625, 84.125, 2.4693580221058387e-24, nan 
23.875, 84.125, 2.418774686491634e-24, nan 
24.125, 84.125, 2.3981626619910548e-24, nan 
24.375, 84.125, 2.423726477564858e-24, nan 
24.625, 84.125, 2.4400403099299385e-24, nan 
24.875, 84.125, 2.455256047518417e-24, nan 
25.125, 84.125, 2.456800277311513e-24, nan 
25.375, 84.125, 2.4337555207619796e-24, nan 
25.625, 84.125, 2.3719325696449385e-24, nan 
25.875, 84.125, 2.3619783001479522e-24, nan 
26.125, 84.125, 2.248446018147597e-24, nan 
26.375, 84.125, 2.1785271240834324e-24, nan 
26.625, 84.125, 2.1014412092000147e-24, nan 
26.875, 84.125, 2.0735640142229987e-24, nan 
27.125, 84.125, 1.954326241683159e-24, nan 
27.375, 84.125, 1.8125619543662504e-24, nan 
27.625, 84.125, 1.7529977036933262e-24, nan 
27.875, 84.125, 1.6707942870003827e-24, nan 
28.125, 84.125, 1.5835494386602033e-24, nan 
28.375, 84.125, 1.502914170893871e-24, nan 
28.625, 84.125, 1.4231781691723264e-24, nan 
28.875, 84.125, 1.3624582465968459e-24, nan 
29.125, 84.125, 1.2610998176924474e-24, nan 
29.375, 84.125, 1.2074936187177785e-24, nan 
29.625, 84.125, 1.1767975464946766e-24, nan 
29.875, 84.125, 1.12464501413092e-24, nan 
30.125, 84.125, 1.0969587760130354e-24, nan 
30.375, 84.125, 1.0451490940232587e-24, nan 
30.625, 84.125, 9.955071584946481e-25, nan 
30.875, 84.125, 9.38520311336214e-25, nan 
31.125, 84.125, 9.316137673440323e-25, nan 
31.375, 84.125, 9.003241569089655e-25, nan 
31.625, 84.125, 8.94156003661857e-25, nan 
31.875, 84.125, 8.868949069526517e-25, nan 
32.125, 84.125, 8.604095473972225e-25, nan 
32.375, 84.125, 8.547219161235368e-25, nan 
32.625, 84.125, 8.291203224336877e-25, nan 
32.875, 84.125, 8.34541338826816e-25, nan 
33.125, 84.125, 8.344891427813447e-25, nan 
33.375, 84.125, 8.01669404713093e-25, nan 
33.625, 84.125, 8.22621325535997e-25, nan 
33.875, 84.125, 7.9337625210687815e-25, nan 
34.125, 84.125, 7.951135923992786e-25, nan 
34.375, 84.125, 7.719408577370213e-25, nan 
34.625, 84.125, 7.733142608654011e-25, nan 
34.875, 84.125, 7.56960316005874e-25, nan 
35.125, 84.125, 7.598579530046813e-25, nan 
35.375, 84.125, 7.47035424691515e-25, nan 
35.625, 84.125, 7.04094957851386e-25, nan 
35.875, 84.125, 6.973255517843921e-25, nan 
36.125, 84.125, 6.606641081017543e-25, nan 
36.375, 84.125, 6.2648355703541e-25, nan 
36.625, 84.125, 5.9665874770770495e-25, nan 
36.875, 84.125, 5.867494914113277e-25, nan 
37.125, 84.125, 5.708046871304613e-25, nan 
37.375, 84.125, 5.337395014862439e-25, nan 
37.625, 84.125, 4.852888362908814e-25, nan 
37.875, 84.125, 4.551768872424697e-25, nan 
38.125, 84.125, 4.502613718881599e-25, nan 
38.375, 84.125, 4.706985132121081e-25, nan 
38.625, 84.125, 4.236224864584937e-25, nan 
38.875, 84.125, 4.2512806767878665e-25, nan 
39.125, 84.125, 4.169276516782186e-25, nan 
39.375, 84.125, 4.408222463528383e-25, nan 
39.625, 84.125, 4.583673981355807e-25, nan 
39.875, 84.125, 4.669370897583488e-25, nan 
40.125, 84.125, 4.410262503027675e-25, nan 
40.375, 84.125, 4.6567425720720175e-25, nan 
40.625, 84.125, 5.015452601712572e-25, nan 
40.875, 84.125, 5.477484833801821e-25, nan 
41.125, 84.125, 5.844620032866504e-25, nan 
41.375, 84.125, 6.152502052749512e-25, nan 
41.625, 84.125, 6.3309603159806465e-25, nan 
41.875, 84.125, 6.606529377266158e-25, nan 
42.125, 84.125, 6.718311594387892e-25, nan 
42.375, 84.125, 6.928798691885973e-25, nan 
42.625, 84.125, 7.445985671993709e-25, nan 
42.875, 84.125, 7.472806923229497e-25, nan 
43.125, 84.125, 7.319569452698489e-25, nan 
43.375, 84.125, 7.84927340441356e-25, nan 
43.625, 84.125, 8.248230096650143e-25, nan 
43.875, 84.125, 8.36963463323733e-25, nan 
44.125, 84.125, 8.436543535522193e-25, nan 
44.375, 84.125, 8.311099263016572e-25, nan 
44.625, 84.125, 8.62716953193513e-25, nan 
44.875, 84.125, 9.138843444969942e-25, nan 
45.125, 84.125, 9.493671731420317e-25, nan 
45.375, 84.125, 9.090284111993074e-25, nan 
45.625, 84.125, 8.845180526255699e-25, nan 
45.875, 84.125, 9.264795951358309e-25, nan 
46.125, 84.125, 9.808629298620498e-25, nan 
46.375, 84.125, 1.006593230241924e-24, nan 
46.625, 84.125, 1.0313550880838867e-24, nan 
46.875, 84.125, 1.0643140341338828e-24, nan 
47.125, 84.125, 1.0944462541835358e-24, nan 
47.375, 84.125, 1.0924442980109292e-24, nan 
47.625, 84.125, 1.0899167600904338e-24, nan 
47.875, 84.125, 1.100416217396431e-24, nan 
48.125, 84.125, 1.1998036664256016e-24, nan 
48.375, 84.125, 1.1801706976261188e-24, nan 
48.625, 84.125, 1.1706067153129313e-24, nan 
48.875, 84.125, 1.1037584816420311e-24, nan 
49.125, 84.125, 1.0972310809197943e-24, nan 
49.375, 84.125, 1.1090566313344265e-24, nan 
49.625, 84.125, 1.1336273868356263e-24, nan 
49.875, 84.125, 1.1618675857357479e-24, nan 
50.125, 84.125, 1.227037389809101e-24, nan 
50.375, 84.125, 1.2669823983400435e-24, nan 
50.625, 84.125, 1.1454523812541965e-24, nan 
50.875, 84.125, 1.1246043825125762e-24, nan 
51.125, 84.125, 1.0875941621031003e-24, nan 
51.375, 84.125, 1.1843019959645819e-24, nan 
51.625, 84.125, 1.2751822481584692e-24, nan 
51.875, 84.125, 1.2365117999632948e-24, nan 
52.125, 84.125, 1.2327252829467142e-24, nan 
52.375, 84.125, 1.3348331593194567e-24, nan 
52.625, 84.125, 1.3472466862605775e-24, nan 
52.875, 84.125, 1.3804822897582829e-24, nan 
53.125, 84.125, 1.4334879710254865e-24, nan 
53.375, 84.125, 1.5638237778011693e-24, nan 
53.625, 84.125, 1.632512836299243e-24, nan 
53.875, 84.125, 1.687743685932971e-24, nan 
54.125, 84.125, 1.8182337266678344e-24, nan 
54.375, 84.125, 1.756683002132349e-24, nan 
54.625, 84.125, 1.9196787676933007e-24, nan 
54.875, 84.125, 1.9717703739440852e-24, nan 
55.125, 84.125, 2.164005276577475e-24, nan 
55.375, 84.125, 2.581034529707775e-24, nan 
55.625, 84.125, 2.5306769003894733e-24, nan 
55.875, 84.125, 2.2194559318916552e-24, nan 
56.125, 84.125, 2.506032354935024e-24, nan 
56.375, 84.125, 3.3772872731897816e-24, nan 
56.625, 84.125, 3.674913656611551e-24, nan 
56.875, 84.125, 3.597334538470409e-24, nan 
57.125, 84.125, 3.650993921693698e-24, nan 
57.375, 84.125, 3.737745973587692e-24, nan 
57.625, 84.125, 3.757853865205477e-24, nan 
57.875, 84.125, 3.891501905937445e-24, nan 
58.125, 84.125, 3.92388938081466e-24, nan 
58.375, 84.125, 3.9812767920714126e-24, nan 
58.625, 84.125, 4.058623359996389e-24, nan 
58.875, 84.125, 4.204412403161939e-24, nan 
59.125, 84.125, 4.338144776075677e-24, nan 
59.375, 84.125, 4.294507460614346e-24, nan 
59.625, 84.125, 4.559227503362e-24, nan 
59.875, 84.125, 4.442026213798901e-24, nan 
60.125, 84.125, 5.071328651962673e-24, nan 
60.375, 84.125, 5.039508064470121e-24, nan 
60.625, 84.125, 5.028381201149911e-24, nan 
60.875, 84.125, 5.160962664225358e-24, nan 
61.125, 84.125, 5.2779220933413944e-24, nan 
61.375, 84.125, 5.305737054515337e-24, nan 
61.625, 84.125, 5.460590534132052e-24, nan 
61.875, 84.125, 5.7405265694396115e-24, nan 
62.125, 84.125, 6.003326093167754e-24, nan 
62.375, 84.125, 5.808368839860343e-24, nan 
62.625, 84.125, 5.818323770812951e-24, nan 
62.875, 84.125, 5.812622635194173e-24, nan 
63.125, 84.125, 5.630750166893142e-24, nan 
63.375, 84.125, 4.522259137330178e-24, nan 
63.625, 84.125, 4.146672524546672e-24, nan 
63.875, 84.125, 4.202706681613482e-24, nan 
64.125, 84.125, 2.8533503793759434e-24, nan 
64.375, 84.125, 1.8545188209627877e-24, nan 
64.625, 84.125, 2.4712191858296764e-24, nan 
64.875, 84.125, 2.9454906416071848e-24, nan 
65.125, 84.125, 1.8241548780189358e-24, nan 
65.375, 84.125, 1.8427023702048283e-24, nan 
65.625, 84.125, 2.010998797076161e-24, nan 
65.875, 84.125, 1.970946622963877e-24, nan 
66.125, 84.125, 1.998656193711673e-24, nan 
66.375, 84.125, 2.104644326211675e-24, nan 
66.625, 84.125, 2.1738226290423653e-24, nan 
66.875, 84.125, 3.440856353332899e-24, nan 
67.125, 84.125, 2.602886664615776e-24, nan 
67.375, 84.125, 2.289409179223231e-24, nan 
67.625, 84.125, 2.620859736030298e-24, nan 
67.875, 84.125, 3.286253803924533e-24, nan 
68.125, 84.125, 3.1123246801230077e-24, nan 
68.375, 84.125, 3.120073966668422e-24, nan 
68.625, 84.125, 3.4189153257414215e-24, nan 
68.875, 84.125, 2.226761196789228e-24, nan 
69.125, 84.125, 2.1671437426858154e-24, nan 
69.375, 84.125, 1.8634882209888416e-24, nan 
69.625, 84.125, 2.9481372238545313e-24, nan 
69.875, 84.125, 2.1692409500730966e-24, nan 
70.125, 84.125, 2.170376889051506e-24, nan 
70.375, 84.125, 2.2179288955950992e-24, nan 
70.625, 84.125, 2.1663856364105976e-24, nan 
70.875, 84.125, 2.4233727190378004e-24, nan 
71.125, 84.125, 2.1336902278068704e-24, nan 
71.375, 84.125, 2.231522549472502e-24, nan 
71.625, 84.125, 2.2293755292229342e-24, nan 
71.875, 84.125, 2.536979402335561e-24, nan 
72.125, 84.125, 2.2215423946134698e-24, nan 
72.375, 84.125, 2.2001448810846782e-24, nan 
72.625, 84.125, 2.243039022512796e-24, nan 
72.875, 84.125, 2.251907434033134e-24, nan 
73.125, 84.125, 2.1639054344863774e-24, nan 
73.375, 84.125, 2.1200432187640845e-24, nan 
73.625, 84.125, 2.1974935931587434e-24, nan 
73.875, 84.125, 2.1779728834812443e-24, nan 
74.125, 84.125, 2.1401399747273633e-24, nan 
74.375, 84.125, 2.186678773410418e-24, nan 
74.625, 84.125, 2.2318981952924556e-24, nan 
74.875, 84.125, 2.158110103537873e-24, nan 
75.125, 84.125, 2.2435714657096957e-24, nan 
75.375, 84.125, 2.2528268498192057e-24, nan 
75.625, 84.125, 2.3442886083860597e-24, nan 
75.875, 84.125, 2.365666588178751e-24, nan 
76.125, 84.125, 2.1484179926932707e-24, nan 
76.375, 84.125, 1.9915773396349763e-24, nan 
76.625, 84.125, 2.1086056182855137e-24, nan 
76.875, 84.125, 2.0038841609331363e-24, nan 
77.125, 84.125, 1.8432453247587266e-24, nan 
77.375, 84.125, 1.758284087491562e-24, nan 
77.625, 84.125, 1.792483205717528e-24, nan 
-108.875, 84.375, 4.1082860912150914e-23, nan 
-108.625, 84.375, 4.3230513741873915e-23, nan 
-108.375, 84.375, 4.693504506235362e-23, nan 
-108.125, 84.375, 4.842243750923973e-23, nan 
-107.875, 84.375, 4.622725189812049e-23, nan 
-107.625, 84.375, 3.5005806121904515e-23, nan 
-107.375, 84.375, 3.317437355927986e-23, nan 
-107.125, 84.375, 3.4680778995962097e-23, nan 
-106.875, 84.375, 3.425564427679494e-23, nan 
-106.625, 84.375, 3.365289243909373e-23, nan 
-106.375, 84.375, 3.385223479210503e-23, nan 
-106.125, 84.375, 3.615314556423993e-23, nan 
-105.875, 84.375, 3.9179426205424337e-23, nan 
-105.625, 84.375, 4.191672854395863e-23, nan 
-105.375, 84.375, 4.293201635258486e-23, nan 
-105.125, 84.375, 4.2342311174883023e-23, nan 
-104.875, 84.375, 4.0981366606703155e-23, nan 
-104.625, 84.375, 4.1561438140399797e-23, nan 
-104.375, 84.375, 4.156241166350367e-23, nan 
-104.125, 84.375, 3.888922677411821e-23, nan 
-103.875, 84.375, 3.7995708999968444e-23, nan 
-103.625, 84.375, 3.891188824083976e-23, nan 
-103.375, 84.375, 3.825824274729344e-23, nan 
-103.125, 84.375, 4.047640018245283e-23, nan 
-102.875, 84.375, 4.508314117060061e-23, nan 
-102.625, 84.375, 4.8555634000710025e-23, nan 
-102.375, 84.375, 4.9842011021672234e-23, nan 
-102.125, 84.375, 5.250230757865712e-23, nan 
-101.875, 84.375, 5.477762551039485e-23, nan 
-101.625, 84.375, 5.782876852814612e-23, nan 
-101.375, 84.375, 5.629613652792277e-23, nan 
-101.125, 84.375, 5.459445765271308e-23, nan 
-100.875, 84.375, 4.3662243319767345e-23, nan 
-100.625, 84.375, 3.838810601445544e-23, nan 
-100.375, 84.375, 2.7597488341435946e-23, nan 
-100.125, 84.375, 1.7596189405003977e-23, nan 
-99.875, 84.375, 1.1077284715472861e-23, nan 
-99.625, 84.375, 1.0922357944282812e-23, nan 
-99.375, 84.375, 1.1316995900507878e-23, nan 
-99.125, 84.375, 9.721490661653043e-24, nan 
-98.875, 84.375, 8.367515821120357e-24, nan 
-98.625, 84.375, 7.737538725312373e-24, nan 
-98.375, 84.375, 8.623140986571553e-24, nan 
-98.125, 84.375, 1.0679450075512122e-23, nan 
-97.875, 84.375, 9.550700105750638e-24, nan 
-97.625, 84.375, 8.518378303137239e-24, nan 
-97.375, 84.375, 9.202117965339139e-24, nan 
-97.125, 84.375, 9.020177364027721e-24, nan 
-96.875, 84.375, 6.3880362313369795e-24, nan 
-96.625, 84.375, 4.6519448091407544e-24, nan 
-96.375, 84.375, 4.390045773124949e-24, nan 
-96.125, 84.375, 4.8869855422515056e-24, nan 
-95.875, 84.375, 5.822408313483294e-24, nan 
-95.625, 84.375, 6.658924038948228e-24, nan 
-95.375, 84.375, 6.639452825661488e-24, nan 
-95.125, 84.375, 7.142031381786412e-24, nan 
-94.875, 84.375, 7.682274877166707e-24, nan 
-94.625, 84.375, 6.70688677860496e-24, nan 
-94.375, 84.375, 6.343335857573526e-24, nan 
-94.125, 84.375, 5.845738537051739e-24, nan 
-93.875, 84.375, 6.368804164098854e-24, nan 
-93.625, 84.375, 6.0909838297988514e-24, nan 
-93.375, 84.375, 2.8475907329232535e-24, nan 
-93.125, 84.375, 3.8489949854985866e-24, nan 
-92.875, 84.375, 6.112394968676588e-24, nan 
-92.625, 84.375, 6.162250687451586e-24, nan 
-92.375, 84.375, 7.042730768455267e-24, nan 
-92.125, 84.375, 8.324089538909627e-24, nan 
-91.875, 84.375, 9.495951885522048e-24, nan 
-91.625, 84.375, 1.2724409541500427e-23, nan 
-91.375, 84.375, 1.1425625796492416e-23, nan 
-91.125, 84.375, 1.1158325857559414e-23, nan 
-90.875, 84.375, 1.1667275805988214e-23, nan 
-90.625, 84.375, 1.1220312828208326e-23, nan 
-90.375, 84.375, 1.0569911618903953e-23, nan 
-90.125, 84.375, 9.813126794700215e-24, nan 
-89.875, 84.375, 9.465738772643956e-24, nan 
-89.625, 84.375, 1.0229665000892172e-23, nan 
-89.375, 84.375, 1.073725189151796e-23, nan 
-89.125, 84.375, 1.0987868981597098e-23, nan 
-88.875, 84.375, 1.2740839489206328e-23, nan 
-88.625, 84.375, 1.0796182937614325e-23, nan 
-88.375, 84.375, 9.159835353864215e-24, nan 
-88.125, 84.375, 8.505878858959616e-24, nan 
-87.875, 84.375, 8.054407941935069e-24, nan 
-87.625, 84.375, 7.56726059483995e-24, nan 
-87.375, 84.375, 6.5464331410989085e-24, nan 
-87.125, 84.375, 6.180114127033326e-24, nan 
-86.875, 84.375, 5.612261529713033e-24, nan 
-86.625, 84.375, 5.148589937315237e-24, nan 
-86.375, 84.375, 4.8870957275396195e-24, nan 
-86.125, 84.375, 4.582899000513311e-24, nan 
-85.875, 84.375, 4.735110478064732e-24, nan 
-85.625, 84.375, 4.975003636031343e-24, nan 
-85.375, 84.375, 5.832148148298225e-24, nan 
-85.125, 84.375, 6.912138996842312e-24, nan 
-84.875, 84.375, 8.68697872801511e-24, nan 
-84.625, 84.375, 1.024656394709521e-23, nan 
-84.375, 84.375, 1.1362692682539981e-23, nan 
-84.125, 84.375, 1.2403953654330718e-23, nan 
-83.875, 84.375, 1.2745176734099486e-23, nan 
-83.625, 84.375, 1.5321747861571957e-23, nan 
-83.375, 84.375, 1.4882561367047374e-23, nan 
-83.125, 84.375, 1.5650321673962232e-23, nan 
-82.875, 84.375, 1.7257687861985653e-23, nan 
-82.625, 84.375, 1.9994249931186276e-23, nan 
-82.375, 84.375, 1.9406232364556306e-23, nan 
-82.125, 84.375, 1.644542245517386e-23, nan 
-81.875, 84.375, 2.0200472096363114e-23, nan 
-81.625, 84.375, 1.8970693273109903e-23, nan 
-81.375, 84.375, 1.484266584079219e-23, nan 
-81.125, 84.375, 1.2233589599400459e-23, nan 
-80.875, 84.375, 1.0839705007587392e-23, nan 
-80.625, 84.375, 1.1921791427813094e-23, nan 
-80.375, 84.375, 1.0831429087675623e-23, nan 
-80.125, 84.375, 1.072972118710554e-23, nan 
-79.875, 84.375, 1.0400044227407528e-23, nan 
-79.625, 84.375, 1.1826867342969726e-23, nan 
-79.375, 84.375, 1.1130866546809037e-23, nan 
-79.125, 84.375, 1.1987301341956413e-23, nan 
-78.875, 84.375, 1.1650732062153786e-23, nan 
-78.625, 84.375, 1.0075916348470507e-23, nan 
-78.375, 84.375, 1.305336339850855e-23, nan 
-78.125, 84.375, 1.5138305358331408e-23, nan 
-77.875, 84.375, 1.6189851118935112e-23, nan 
-77.625, 84.375, 1.4613809525717165e-23, nan 
-77.375, 84.375, 1.4445529649874273e-23, nan 
-77.125, 84.375, 1.3890426139816508e-23, nan 
-76.875, 84.375, 1.5396983230221418e-23, nan 
-76.625, 84.375, 1.7480851384971085e-23, nan 
-76.375, 84.375, 1.9472613799828322e-23, nan 
-76.125, 84.375, 2.134194540695238e-23, nan 
-75.875, 84.375, 2.5753163391211328e-23, nan 
-75.625, 84.375, 3.271724582562565e-23, nan 
-75.375, 84.375, 3.9784568598137967e-23, nan 
-75.125, 84.375, 4.222693269216955e-23, nan 
-74.875, 84.375, 4.001078532362673e-23, nan 
-74.625, 84.375, 3.791537110957397e-23, nan 
-74.375, 84.375, 4.1722828934654345e-23, nan 
-74.125, 84.375, 4.03247262238109e-23, nan 
-73.875, 84.375, 4.1110702407545435e-23, nan 
-73.625, 84.375, 4.499428329790696e-23, nan 
-73.375, 84.375, 3.4571321594401933e-23, nan 
-73.125, 84.375, 2.9434255477290645e-23, nan 
-72.875, 84.375, 3.53539228460832e-23, nan 
-72.625, 84.375, 4.502313624951466e-23, nan 
-72.375, 84.375, 4.4012668063241023e-23, nan 
-72.125, 84.375, 4.547197725533272e-23, nan 
-71.875, 84.375, 4.6114138777040007e-23, nan 
-71.625, 84.375, 4.620480947022295e-23, nan 
-71.375, 84.375, 4.427206321445252e-23, nan 
-71.125, 84.375, 4.57840348259201e-23, nan 
-70.875, 84.375, 4.999537807109904e-23, nan 
-70.625, 84.375, 4.177736744061918e-23, nan 
-70.375, 84.375, 3.661630634952994e-23, nan 
-70.125, 84.375, 3.111648181772251e-23, nan 
-69.875, 84.375, 2.5523783478317584e-23, nan 
-69.625, 84.375, 2.3256218279237985e-23, nan 
-69.375, 84.375, 2.383016619905143e-23, nan 
-69.125, 84.375, 2.452202933128499e-23, nan 
-68.875, 84.375, 2.4695220837405548e-23, nan 
-68.625, 84.375, 2.4073827997886422e-23, nan 
-68.375, 84.375, 2.3453417284968287e-23, nan 
-68.125, 84.375, 2.315143059538091e-23, nan 
-67.875, 84.375, 2.007331694843333e-23, nan 
-67.625, 84.375, 2.0044670397899035e-23, nan 
-67.375, 84.375, 1.810532280872257e-23, nan 
-67.125, 84.375, 1.7713996036297822e-23, nan 
-66.875, 84.375, 1.7300692035979652e-23, nan 
-66.625, 84.375, 1.6860221519077343e-23, nan 
-66.375, 84.375, 1.7646955082137792e-23, nan 
-66.125, 84.375, 1.8425479404729404e-23, nan 
-65.875, 84.375, 1.788613192194725e-23, nan 
-65.625, 84.375, 1.8224938865216923e-23, nan 
-65.375, 84.375, 1.8418598828397372e-23, nan 
-65.125, 84.375, 1.9095567276875698e-23, nan 
-64.875, 84.375, 2.2594990413675016e-23, nan 
-64.625, 84.375, 2.390303162171145e-23, nan 
-64.375, 84.375, 2.435040315211907e-23, nan 
-64.125, 84.375, 2.0845677837592453e-23, nan 
-63.875, 84.375, 1.9290535728525623e-23, nan 
-63.625, 84.375, 1.704002661213434e-23, nan 
-63.375, 84.375, 1.6398471745435233e-23, nan 
-63.125, 84.375, 1.6969357347992035e-23, nan 
-62.875, 84.375, 1.5906759487497734e-23, nan 
-62.625, 84.375, 1.538831232205528e-23, nan 
-62.375, 84.375, 1.3298489487917433e-23, nan 
-62.125, 84.375, 1.0729969589103838e-23, nan 
-61.875, 84.375, 7.609780438731775e-24, nan 
-61.625, 84.375, 6.84929311742161e-24, nan 
-61.375, 84.375, 5.532337064775558e-24, nan 
-61.125, 84.375, 5.445326789089017e-24, nan 
-60.875, 84.375, 4.946011891121917e-24, nan 
-60.625, 84.375, 4.762133961260511e-24, nan 
-60.375, 84.375, 5.813498796577004e-24, nan 
-60.125, 84.375, 6.974138114963956e-24, nan 
-59.875, 84.375, 6.2736889990213576e-24, nan 
-59.625, 84.375, 7.752405044377404e-24, nan 
-59.375, 84.375, 1.1997996091180333e-23, nan 
-59.125, 84.375, 1.3704022637023293e-23, nan 
-58.875, 84.375, 1.378805577156376e-23, nan 
-58.625, 84.375, 1.3154960384029134e-23, nan 
-58.375, 84.375, 1.0592158953491501e-23, nan 
-58.125, 84.375, 1.0527192854079527e-23, nan 
-57.875, 84.375, 9.535888499373128e-24, nan 
-57.625, 84.375, 1.0339238979737584e-23, nan 
-57.375, 84.375, 1.1521193948191467e-23, nan 
-57.125, 84.375, 1.2574877701678204e-23, nan 
-56.875, 84.375, 1.6249340128459e-23, nan 
-56.625, 84.375, 1.9486863854121252e-23, nan 
-56.375, 84.375, 1.8429044635413285e-23, nan 
-56.125, 84.375, 1.7437805946916878e-23, nan 
-55.875, 84.375, 1.6180063072002848e-23, nan 
-55.625, 84.375, 1.6051143455185246e-23, nan 
-55.375, 84.375, 1.4809542905664763e-23, nan 
-55.125, 84.375, 1.2653785497395874e-23, nan 
-54.875, 84.375, 1.351109079650619e-23, nan 
-54.625, 84.375, 1.3146779119052084e-23, nan 
-54.375, 84.375, 1.4359215031313296e-23, nan 
-54.125, 84.375, 2.495842240769832e-23, nan 
-53.875, 84.375, 3.092944162035046e-23, nan 
-53.625, 84.375, 3.051692218396018e-23, nan 
-53.375, 84.375, 2.9730023775920506e-23, nan 
-53.125, 84.375, 3.1374020463769403e-23, nan 
-52.875, 84.375, 3.428270873003916e-23, nan 
-52.625, 84.375, 3.187171594768122e-23, nan 
-52.375, 84.375, 3.085921621311972e-23, nan 
-52.125, 84.375, 3.6627131036819716e-23, nan 
-51.875, 84.375, 4.1950696221710796e-23, nan 
-51.625, 84.375, 4.2942756510564047e-23, nan 
-51.375, 84.375, 4.545636407078006e-23, nan 
-51.125, 84.375, 4.3423970561027935e-23, nan 
-50.875, 84.375, 4.779406749265075e-23, nan 
-50.625, 84.375, 4.8905541346946124e-23, nan 
-50.375, 84.375, 5.137940847089533e-23, nan 
-50.125, 84.375, 5.1772673357701374e-23, nan 
-49.875, 84.375, 4.327486320021568e-23, nan 
-49.625, 84.375, 3.5148488282536795e-23, nan 
-49.375, 84.375, 3.4914779491528517e-23, nan 
-49.125, 84.375, 3.6004746673855306e-23, nan 
-48.875, 84.375, 3.119420291720794e-23, nan 
-48.625, 84.375, 2.7750543797558786e-23, nan 
-48.375, 84.375, 3.271716624247629e-24, nan 
-48.125, 84.375, 3.4868343141851146e-24, nan 
-47.875, 84.375, 4.068461438325515e-24, nan 
-47.625, 84.375, 5.924080909079436e-24, nan 
-47.375, 84.375, 1.0101889397429808e-23, nan 
-47.125, 84.375, 1.4044596761814694e-23, nan 
-46.875, 84.375, 1.51057189393617e-23, nan 
-46.625, 84.375, 1.774936269854154e-23, nan 
-46.375, 84.375, 1.5903750045891693e-23, nan 
-46.125, 84.375, 1.5798327785219958e-23, nan 
-45.875, 84.375, 1.595708785308811e-23, nan 
-45.625, 84.375, 2.0827748355575186e-23, nan 
-45.375, 84.375, 2.6201657584664777e-23, nan 
-45.125, 84.375, 2.4593911671108778e-23, nan 
-44.875, 84.375, 6.921712882040754e-23, nan 
-44.625, 84.375, 7.369031282811278e-23, nan 
-44.375, 84.375, 7.689422640895798e-23, nan 
-44.125, 84.375, 7.708449450237408e-23, nan 
-43.875, 84.375, 8.451230742072262e-23, nan 
-43.625, 84.375, 7.943978046487074e-23, nan 
-43.375, 84.375, 7.568591011973436e-23, nan 
-43.125, 84.375, 7.156645712295794e-23, nan 
-42.875, 84.375, 7.284359766720977e-23, nan 
-42.625, 84.375, 7.453461177782553e-23, nan 
-42.375, 84.375, 7.631718593557976e-23, nan 
-42.125, 84.375, 7.79091132004218e-23, nan 
-41.875, 84.375, 7.580687167744268e-23, nan 
-41.625, 84.375, 7.567978360124589e-23, nan 
-41.375, 84.375, 7.151230018660778e-23, nan 
-41.125, 84.375, 6.792271975110145e-23, nan 
-40.875, 84.375, 6.855338733205899e-23, nan 
-40.625, 84.375, 6.990474937294735e-23, nan 
-40.375, 84.375, 7.023991526427221e-23, nan 
-40.125, 84.375, 7.08618211132086e-23, nan 
-39.875, 84.375, 6.811482710470433e-23, nan 
-39.625, 84.375, 6.942728758969195e-23, nan 
-39.375, 84.375, 7.21973071043719e-23, nan 
-39.125, 84.375, 7.11077116132056e-23, nan 
-38.875, 84.375, 6.914227002063591e-23, nan 
-38.625, 84.375, 6.351403141108196e-23, nan 
-38.375, 84.375, 5.243560038536263e-23, nan 
-38.125, 84.375, 5.1102932338989773e-23, nan 
-37.875, 84.375, 5.023232065454585e-23, nan 
-37.625, 84.375, 5.497163443687105e-23, nan 
-37.375, 84.375, 5.551987851659876e-23, nan 
-37.125, 84.375, 5.0849552332009333e-23, nan 
-36.875, 84.375, 5.1278366651509276e-23, nan 
-36.625, 84.375, 5.057704124161833e-23, nan 
-36.375, 84.375, 4.931588000192595e-23, nan 
-36.125, 84.375, 4.607562231474615e-23, nan 
-35.875, 84.375, 4.403343428053687e-23, nan 
-35.625, 84.375, 4.218185265148414e-23, nan 
-35.375, 84.375, 3.915352203760951e-23, nan 
-35.125, 84.375, 3.41283787713449e-23, nan 
-34.875, 84.375, 3.041712271622256e-23, nan 
-34.625, 84.375, 3.0974612432215556e-23, nan 
-34.375, 84.375, 2.9590511827166423e-23, nan 
-34.125, 84.375, 2.9624929088708627e-23, nan 
-33.875, 84.375, 2.221490999854651e-23, nan 
-33.625, 84.375, 1.7541742478600127e-23, nan 
-33.375, 84.375, 1.5030507064778182e-23, nan 
-33.125, 84.375, 1.3721978692015313e-23, nan 
-32.875, 84.375, 1.354860517349829e-23, nan 
-32.625, 84.375, 1.3766097609080155e-23, nan 
-32.375, 84.375, 1.3720834812450582e-23, nan 
-32.125, 84.375, 1.3377834892956858e-23, nan 
-31.875, 84.375, 1.0551120111183001e-23, nan 
-31.625, 84.375, 8.351297161293877e-24, nan 
-31.375, 84.375, 7.585555228863063e-24, nan 
-31.125, 84.375, 6.613822830717454e-24, nan 
-30.875, 84.375, 6.147951254097053e-24, nan 
-30.625, 84.375, 7.08626697746225e-24, nan 
-30.375, 84.375, 7.900543096595324e-24, nan 
-30.125, 84.375, 9.348323858628482e-24, nan 
-29.875, 84.375, 1.0329365125586488e-23, nan 
-29.625, 84.375, 1.1476596704096458e-23, nan 
-29.375, 84.375, 1.1762717163764654e-23, nan 
-29.125, 84.375, 1.1813080637413108e-23, nan 
-28.875, 84.375, 1.1578386500308259e-23, nan 
-28.625, 84.375, 1.2750673083371207e-23, nan 
-28.375, 84.375, 1.2623484224652957e-23, nan 
-28.125, 84.375, 1.263417484857365e-23, nan 
-27.875, 84.375, 1.386722068691421e-23, nan 
-27.625, 84.375, 1.3658884613476982e-23, nan 
-27.375, 84.375, 1.363063043515582e-23, nan 
-27.125, 84.375, 1.4828593182572394e-23, nan 
-26.875, 84.375, 1.5791730073951124e-23, nan 
-26.625, 84.375, 1.6971751592210277e-23, nan 
-26.375, 84.375, 1.7879005903803927e-23, nan 
-26.125, 84.375, 1.809675860967221e-23, nan 
-25.875, 84.375, 1.8049807583633496e-23, nan 
-25.625, 84.375, 1.871538128342592e-23, nan 
-25.375, 84.375, 1.9243579550205988e-23, nan 
-25.125, 84.375, 2.0414715076155753e-23, nan 
-24.875, 84.375, 1.940380255095292e-23, nan 
-24.625, 84.375, 1.7577700952834006e-23, nan 
-24.375, 84.375, 1.6233138730120723e-23, nan 
-24.125, 84.375, 1.8277760381930063e-23, nan 
-23.875, 84.375, 2.164509682116702e-23, nan 
-23.625, 84.375, 2.5006954360266808e-23, nan 
-23.375, 84.375, 2.326383330083195e-23, nan 
-23.125, 84.375, 2.5104732798583774e-23, nan 
-22.875, 84.375, 2.6806069705164344e-23, nan 
-22.625, 84.375, 2.7120427476503144e-23, nan 
-22.375, 84.375, 2.538216482277654e-23, nan 
-22.125, 84.375, 2.4832021441073318e-23, nan 
-21.875, 84.375, 2.6068696125153973e-23, nan 
-21.625, 84.375, 2.886942091187587e-23, nan 
-21.375, 84.375, 3.787193886620207e-23, nan 
-21.125, 84.375, 3.922832500295932e-23, nan 
-20.875, 84.375, 3.5779076048706e-23, nan 
-20.625, 84.375, 3.276108146506591e-23, nan 
-20.375, 84.375, 2.987933435943307e-23, nan 
-20.125, 84.375, 2.865303518686006e-23, nan 
-19.875, 84.375, 2.4302299176402194e-23, nan 
-19.625, 84.375, 2.408670911564276e-23, nan 
-19.375, 84.375, 3.0618715769874866e-23, nan 
-19.125, 84.375, 3.7734457920913946e-23, nan 
-18.875, 84.375, 4.3173898848269463e-23, nan 
-18.625, 84.375, 6.824923050820722e-23, nan 
-18.375, 84.375, 7.026090448339203e-23, nan 
-18.125, 84.375, 6.931036980412347e-23, nan 
-17.875, 84.375, 6.856090389202864e-23, nan 
-17.625, 84.375, 6.988258881063404e-23, nan 
-17.375, 84.375, 7.188503783195435e-23, nan 
-17.125, 84.375, 7.411573540368407e-23, nan 
-16.875, 84.375, 6.972259754221967e-23, nan 
-16.625, 84.375, 3.760776888471835e-23, nan 
-16.375, 84.375, 4.137777403543384e-23, nan 
-16.125, 84.375, 4.550136875018883e-23, nan 
-15.875, 84.375, 4.982214803853844e-23, nan 
-15.625, 84.375, 5.163589868201272e-23, nan 
-15.375, 84.375, 5.294033178357038e-23, nan 
-15.125, 84.375, 5.378973649130349e-23, nan 
-14.875, 84.375, 5.487979531432939e-23, nan 
-14.625, 84.375, 5.605071667238216e-23, nan 
-14.375, 84.375, 5.600870017985866e-23, nan 
-14.125, 84.375, 5.215042082259405e-23, nan 
-13.875, 84.375, 2.6541654320951876e-23, nan 
-13.625, 84.375, 2.2226107577531572e-23, nan 
-13.375, 84.375, 2.1633309119727848e-23, nan 
-13.125, 84.375, 1.98540972295218e-23, nan 
-12.875, 84.375, 1.942334853487597e-23, nan 
-12.625, 84.375, 1.7401702976714222e-23, nan 
-12.375, 84.375, 1.6506265985413258e-23, nan 
-12.125, 84.375, 1.5592923658166762e-23, nan 
-11.875, 84.375, 1.4678725763708384e-23, nan 
-11.625, 84.375, 1.4521021674511228e-23, nan 
-11.375, 84.375, 1.35480619021909e-23, nan 
-11.125, 84.375, 1.4148053835426812e-23, nan 
-10.875, 84.375, 1.528374963343616e-23, nan 
-10.625, 84.375, 1.5464467170437055e-23, nan 
-10.375, 84.375, 1.5277609569315533e-23, nan 
-10.125, 84.375, 1.4900777556207276e-23, nan 
-9.875, 84.375, 1.4911928778144755e-23, nan 
-9.625, 84.375, 1.498831797075106e-23, nan 
-9.375, 84.375, 1.5143164141934556e-23, nan 
-9.125, 84.375, 1.476457826854118e-23, nan 
-8.875, 84.375, 1.470191880138604e-23, nan 
-8.625, 84.375, 1.38468394633276e-23, nan 
-8.375, 84.375, 1.3333321554543774e-23, nan 
-8.125, 84.375, 1.2943724675038105e-23, nan 
-7.875, 84.375, 1.2908734663137461e-23, nan 
-7.625, 84.375, 1.3228813689846008e-23, nan 
-7.375, 84.375, 1.2898498473044278e-23, nan 
-7.125, 84.375, 1.2313230613912382e-23, nan 
-6.875, 84.375, 1.1882240598106655e-23, nan 
-6.625, 84.375, 1.268936190352943e-23, nan 
-6.375, 84.375, 1.3016299536222117e-23, nan 
-6.125, 84.375, 1.320202560269562e-23, nan 
-5.875, 84.375, 1.3061103002500586e-23, nan 
-5.625, 84.375, 1.3902270837857846e-23, nan 
-5.375, 84.375, 1.3824042177101528e-23, nan 
-5.125, 84.375, 1.467263721486658e-23, nan 
-4.875, 84.375, 1.517177593921097e-23, nan 
-4.625, 84.375, 1.7268258877964385e-23, nan 
-4.375, 84.375, 1.8274574617727536e-23, nan 
-4.125, 84.375, 2.0019292574553045e-23, nan 
-3.875, 84.375, 2.045577455647859e-23, nan 
-3.625, 84.375, 1.975777470045344e-23, nan 
-3.375, 84.375, 2.073845545833377e-23, nan 
-3.125, 84.375, 2.2907962429456648e-23, nan 
-2.875, 84.375, 2.4153032269285025e-23, nan 
-2.625, 84.375, 2.5351701704829773e-23, nan 
-2.375, 84.375, 2.666200801402279e-23, nan 
-2.125, 84.375, 2.749249872886012e-23, nan 
-1.875, 84.375, 2.7689434348110483e-23, nan 
-1.625, 84.375, 2.8034761097841727e-23, nan 
-1.375, 84.375, 3.1297032104509516e-23, nan 
-1.125, 84.375, 3.3787696250328784e-23, nan 
-0.875, 84.375, 3.7068538456954614e-23, nan 
-0.625, 84.375, 3.70939231436688e-23, nan 
-0.375, 84.375, 3.7080860400967335e-23, nan 
-0.125, 84.375, 3.431172607388673e-23, nan 
0.125, 84.375, 3.4900446817550076e-23, nan 
0.375, 84.375, 3.406576240568961e-23, nan 
0.625, 84.375, 3.4544042420733206e-23, nan 
0.875, 84.375, 3.760133064438326e-23, nan 
1.125, 84.375, 3.883219860939526e-23, nan 
1.375, 84.375, 4.1389309629349206e-23, nan 
1.625, 84.375, 4.5002192156128456e-23, nan 
1.875, 84.375, 5.606183231445404e-23, nan 
2.125, 84.375, 5.788976616146909e-23, nan 
2.375, 84.375, 5.714507414105434e-23, nan 
2.625, 84.375, 4.717716266226896e-23, nan 
2.875, 84.375, 4.994434839808721e-23, nan 
3.125, 84.375, 5.0059769444575717e-23, nan 
3.375, 84.375, 4.5730016619354694e-23, nan 
3.625, 84.375, 4.058319687177732e-23, nan 
3.875, 84.375, 2.269663792177607e-23, nan 
4.125, 84.375, 2.5110827644476402e-23, nan 
4.375, 84.375, 2.8027628824568137e-23, nan 
4.625, 84.375, 3.354612344110407e-23, nan 
4.875, 84.375, 3.478254253388494e-23, nan 
5.125, 84.375, 3.5182319813042315e-23, nan 
5.375, 84.375, 2.951735069856904e-23, nan 
5.625, 84.375, 3.088346692543926e-23, nan 
5.875, 84.375, 3.09249927508009e-23, nan 
6.125, 84.375, 2.768443740762544e-23, nan 
6.375, 84.375, 2.009882669940708e-23, nan 
6.625, 84.375, 1.921373820344029e-23, nan 
6.875, 84.375, 1.7174407362453233e-23, nan 
7.125, 84.375, 1.472835092915644e-23, nan 
7.375, 84.375, 1.579325048591975e-23, nan 
7.625, 84.375, 1.5879681780456767e-23, nan 
7.875, 84.375, 1.6072565501937615e-23, nan 
8.125, 84.375, 1.5332139467380273e-23, nan 
8.375, 84.375, 1.3111843421186229e-23, nan 
8.625, 84.375, 1.1841113806701852e-23, nan 
8.875, 84.375, 1.183656643489849e-23, nan 
9.125, 84.375, 1.2700471716331894e-23, nan 
9.375, 84.375, 1.3765672098223004e-23, nan 
9.625, 84.375, 1.327902026747128e-23, nan 
9.875, 84.375, 1.0839698043519988e-23, nan 
10.125, 84.375, 1.0217488269665506e-23, nan 
10.375, 84.375, 1.2145244470072589e-23, nan 
10.625, 84.375, 8.085128514766993e-24, nan 
10.875, 84.375, 7.205840824978652e-24, nan 
11.125, 84.375, 7.598866609794853e-24, nan 
11.375, 84.375, 6.855822679212267e-24, nan 
11.625, 84.375, 5.9642269448570676e-24, nan 
11.875, 84.375, 6.598505919575786e-24, nan 
12.125, 84.375, 6.60079231241372e-24, nan 
12.375, 84.375, 7.291617922558537e-24, nan 
12.625, 84.375, 6.978086183438368e-24, nan 
12.875, 84.375, 6.875976412791577e-24, nan 
13.125, 84.375, 1.1396537946108335e-23, nan 
13.375, 84.375, 1.3441103015187805e-23, nan 
13.625, 84.375, 1.2228945224481427e-23, nan 
13.875, 84.375, 9.713406195422185e-24, nan 
14.125, 84.375, 4.10354225525475e-24, nan 
14.375, 84.375, 4.120944180029659e-24, nan 
14.625, 84.375, 6.417434196694055e-24, nan 
14.875, 84.375, 4.7717196423529646e-24, nan 
15.125, 84.375, 4.7210343351668836e-24, nan 
15.375, 84.375, 4.9726144562943576e-24, nan 
15.625, 84.375, 4.502658583204521e-24, nan 
15.875, 84.375, 1.5670123859604068e-23, nan 
16.125, 84.375, 2.308408350111509e-23, nan 
16.375, 84.375, 2.0631837445290572e-23, nan 
16.625, 84.375, 1.666567738540494e-23, nan 
16.875, 84.375, 8.203057164366123e-24, nan 
17.125, 84.375, 6.754989141724694e-24, nan 
17.375, 84.375, 7.065180451175673e-24, nan 
17.625, 84.375, 6.664002470920921e-24, nan 
17.875, 84.375, 6.780459312473924e-24, nan 
18.125, 84.375, 6.459481735694711e-24, nan 
18.375, 84.375, 6.888234620593607e-24, nan 
18.625, 84.375, 1.1695369772651475e-23, nan 
18.875, 84.375, 1.571035311421893e-23, nan 
19.125, 84.375, 1.498758198077297e-23, nan 
19.375, 84.375, 1.2732101086828716e-23, nan 
19.625, 84.375, 8.183823135030472e-24, nan 
19.875, 84.375, 6.84341152264831e-24, nan 
20.125, 84.375, 6.439541642700138e-24, nan 
20.375, 84.375, 6.2303922459394484e-24, nan 
20.625, 84.375, 6.03476745088677e-24, nan 
20.875, 84.375, 5.580642007302138e-24, nan 
21.125, 84.375, 5.115168813165743e-24, nan 
21.375, 84.375, 4.6328707841774825e-24, nan 
21.625, 84.375, 4.355464808348264e-24, nan 
21.875, 84.375, 4.033649450510565e-24, nan 
22.125, 84.375, 3.776794326856924e-24, nan 
22.375, 84.375, 3.547116637724795e-24, nan 
22.625, 84.375, 3.36996814439454e-24, nan 
22.875, 84.375, 3.229348757374067e-24, nan 
23.125, 84.375, 3.1014726028494262e-24, nan 
23.375, 84.375, 2.952708913863317e-24, nan 
23.625, 84.375, 2.779216068558088e-24, nan 
23.875, 84.375, 2.6498738758079334e-24, nan 
24.125, 84.375, 2.5299533786264603e-24, nan 
24.375, 84.375, 2.4793980804348717e-24, nan 
24.625, 84.375, 2.441433299169497e-24, nan 
24.875, 84.375, 2.376786562083556e-24, nan 
25.125, 84.375, 2.2461500988715423e-24, nan 
25.375, 84.375, 2.188698433048264e-24, nan 
25.625, 84.375, 2.0409231863179507e-24, nan 
25.875, 84.375, 1.979524968012696e-24, nan 
26.125, 84.375, 1.8961225078010925e-24, nan 
26.375, 84.375, 1.807590332108939e-24, nan 
26.625, 84.375, 1.689186686347722e-24, nan 
26.875, 84.375, 1.6269076464014206e-24, nan 
27.125, 84.375, 1.5306721161887207e-24, nan 
27.375, 84.375, 1.4901164613032747e-24, nan 
27.625, 84.375, 1.3753764330465041e-24, nan 
27.875, 84.375, 1.3043962924588325e-24, nan 
28.125, 84.375, 1.2756896780910993e-24, nan 
28.375, 84.375, 1.2294431162159002e-24, nan 
28.625, 84.375, 1.1708689841376934e-24, nan 
28.875, 84.375, 1.1235746974933759e-24, nan 
29.125, 84.375, 1.093321030477083e-24, nan 
29.375, 84.375, 1.0185398577315064e-24, nan 
29.625, 84.375, 1.0104323171087003e-24, nan 
29.875, 84.375, 9.83925583920764e-25, nan 
30.125, 84.375, 9.811146923629841e-25, nan 
30.375, 84.375, 9.730420467326805e-25, nan 
30.625, 84.375, 9.478007094099366e-25, nan 
30.875, 84.375, 9.44630852525089e-25, nan 
31.125, 84.375, 9.256267022211025e-25, nan 
31.375, 84.375, 9.442322515693019e-25, nan 
31.625, 84.375, 9.275267945798974e-25, nan 
31.875, 84.375, 9.485750645259834e-25, nan 
32.125, 84.375, 9.764177126550891e-25, nan 
32.375, 84.375, 9.754918395620265e-25, nan 
32.625, 84.375, 9.909710716439594e-25, nan 
32.875, 84.375, 9.782299053826377e-25, nan 
33.125, 84.375, 1.025403957929383e-24, nan 
33.375, 84.375, 1.0378377341333456e-24, nan 
33.625, 84.375, 1.0349146314256604e-24, nan 
33.875, 84.375, 1.0497653214244381e-24, nan 
34.125, 84.375, 1.0640055530580394e-24, nan 
34.375, 84.375, 1.0711000095264955e-24, nan 
34.625, 84.375, 1.0439183758976333e-24, nan 
34.875, 84.375, 1.0181654213473719e-24, nan 
35.125, 84.375, 9.951237520617012e-25, nan 
35.375, 84.375, 1.0007078398630172e-24, nan 
35.625, 84.375, 9.66995220330679e-25, nan 
35.875, 84.375, 9.126912568460931e-25, nan 
36.125, 84.375, 9.185819163127449e-25, nan 
36.375, 84.375, 9.014314294306258e-25, nan 
36.625, 84.375, 9.109037279134929e-25, nan 
36.875, 84.375, 8.605152441485475e-25, nan 
37.125, 84.375, 8.416713178310651e-25, nan 
37.375, 84.375, 7.9179507851183275e-25, nan 
37.625, 84.375, 7.541618089235061e-25, nan 
37.875, 84.375, 7.27085649302685e-25, nan 
38.125, 84.375, 7.13985541824225e-25, nan 
38.375, 84.375, 6.957557475940359e-25, nan 
38.625, 84.375, 6.628464307108931e-25, nan 
38.875, 84.375, 6.027946139155521e-25, nan 
39.125, 84.375, 6.185164589516903e-25, nan 
39.375, 84.375, 6.427704910328977e-25, nan 
39.625, 84.375, 6.991665195291187e-25, nan 
39.875, 84.375, 7.065925791121648e-25, nan 
40.125, 84.375, 6.997544002089844e-25, nan 
40.375, 84.375, 6.970833880362498e-25, nan 
40.625, 84.375, 7.652815024990943e-25, nan 
40.875, 84.375, 7.915770107332166e-25, nan 
41.125, 84.375, 8.085605111652136e-25, nan 
41.375, 84.375, 8.2668424426467505e-25, nan 
41.625, 84.375, 8.287635710092628e-25, nan 
41.875, 84.375, 7.940450762413108e-25, nan 
42.125, 84.375, 8.035998764618333e-25, nan 
42.375, 84.375, 8.074957665173587e-25, nan 
42.625, 84.375, 8.651242647715946e-25, nan 
42.875, 84.375, 9.026854276134929e-25, nan 
43.125, 84.375, 9.296558457789065e-25, nan 
43.375, 84.375, 9.274511854040048e-25, nan 
43.625, 84.375, 9.1037426943159e-25, nan 
43.875, 84.375, 9.323571316214394e-25, nan 
44.125, 84.375, 9.659274836154709e-25, nan 
44.375, 84.375, 1.0013117370668673e-24, nan 
44.625, 84.375, 9.938863367877278e-25, nan 
44.875, 84.375, 1.012838500826408e-24, nan 
45.125, 84.375, 1.025674378708829e-24, nan 
45.375, 84.375, 9.849666105180267e-25, nan 
45.625, 84.375, 9.476820479364705e-25, nan 
45.875, 84.375, 9.53741551211021e-25, nan 
46.125, 84.375, 1.0018157606739968e-24, nan 
46.375, 84.375, 1.054981245420768e-24, nan 
46.625, 84.375, 1.0821516527226044e-24, nan 
46.875, 84.375, 1.0315684548344679e-24, nan 
47.125, 84.375, 1.0356107729726532e-24, nan 
47.375, 84.375, 1.047326864352377e-24, nan 
47.625, 84.375, 1.0624581527186665e-24, nan 
47.875, 84.375, 1.062970984244702e-24, nan 
48.125, 84.375, 1.066950953062932e-24, nan 
48.375, 84.375, 1.1442298286110012e-24, nan 
48.625, 84.375, 1.1887140506175592e-24, nan 
48.875, 84.375, 1.1818597704907917e-24, nan 
49.125, 84.375, 1.171373616738077e-24, nan 
49.375, 84.375, 1.1620772460435466e-24, nan 
49.625, 84.375, 1.1619193553246231e-24, nan 
49.875, 84.375, 1.1200249906817895e-24, nan 
50.125, 84.375, 1.0831325146980878e-24, nan 
50.375, 84.375, 1.1196819822254617e-24, nan 
50.625, 84.375, 1.102500806389152e-24, nan 
50.875, 84.375, 1.1093494739732242e-24, nan 
51.125, 84.375, 1.0667520024010221e-24, nan 
51.375, 84.375, 1.06968623058741e-24, nan 
51.625, 84.375, 1.0846239030329398e-24, nan 
51.875, 84.375, 1.1010772742645382e-24, nan 
52.125, 84.375, 1.0674436199392538e-24, nan 
52.375, 84.375, 1.0250727897251061e-24, nan 
52.625, 84.375, 1.0718147281475654e-24, nan 
52.875, 84.375, 1.1290596435598866e-24, nan 
53.125, 84.375, 1.1387124798187368e-24, nan 
53.375, 84.375, 1.0208227208581712e-24, nan 
53.625, 84.375, 1.033505786704861e-24, nan 
53.875, 84.375, 1.1169057717637986e-24, nan 
54.125, 84.375, 1.0238305500016338e-24, nan 
54.375, 84.375, 9.974363578843572e-25, nan 
54.625, 84.375, 9.54197584652718e-25, nan 
54.875, 84.375, 9.607875355653503e-25, nan 
55.125, 84.375, 1.0559046265485643e-24, nan 
55.375, 84.375, 1.1152700830947474e-24, nan 
55.625, 84.375, 1.1187536966446799e-24, nan 
55.875, 84.375, 1.1511717955172543e-24, nan 
56.125, 84.375, 1.2892736016309742e-24, nan 
56.375, 84.375, 1.3035464127799857e-24, nan 
56.625, 84.375, 1.2547429734430886e-24, nan 
56.875, 84.375, 1.1968295244511573e-24, nan 
57.125, 84.375, 1.3059647515390116e-24, nan 
57.375, 84.375, 1.4480357496883274e-24, nan 
57.625, 84.375, 1.4646411529907165e-24, nan 
57.875, 84.375, 1.2661873091766138e-24, nan 
58.125, 84.375, 1.3216587408040994e-24, nan 
58.375, 84.375, 1.2740249794175838e-24, nan 
58.625, 84.375, 1.257341146990722e-24, nan 
58.875, 84.375, 1.1719831475059964e-24, nan 
59.125, 84.375, 1.1349646840845236e-24, nan 
59.375, 84.375, 1.1814717238446331e-24, nan 
59.625, 84.375, 1.2201611528927243e-24, nan 
59.875, 84.375, 1.2557675582029568e-24, nan 
60.125, 84.375, 1.1156409958838019e-24, nan 
60.375, 84.375, 1.0967961144884911e-24, nan 
60.625, 84.375, 1.1695903014734139e-24, nan 
60.875, 84.375, 1.243255802632278e-24, nan 
61.125, 84.375, 1.296473098983022e-24, nan 
61.375, 84.375, 1.2780833530999796e-24, nan 
61.625, 84.375, 1.2233214272786584e-24, nan 
61.875, 84.375, 1.247465595593e-24, nan 
62.125, 84.375, 1.2513095271108235e-24, nan 
62.375, 84.375, 1.2196536819299382e-24, nan 
62.625, 84.375, 1.2503589101494577e-24, nan 
62.875, 84.375, 1.3103429195730028e-24, nan 
63.125, 84.375, 1.3015867113724102e-24, nan 
63.375, 84.375, 1.292398230715739e-24, nan 
63.625, 84.375, 1.2922369919725505e-24, nan 
63.875, 84.375, 1.3039530645277651e-24, nan 
64.125, 84.375, 1.3032485033644686e-24, nan 
64.375, 84.375, 1.2861708260218835e-24, nan 
64.625, 84.375, 1.2977738510081904e-24, nan 
64.875, 84.375, 1.3064199107848525e-24, nan 
65.125, 84.375, 1.339363912552179e-24, nan 
65.375, 84.375, 1.3753792904010492e-24, nan 
65.625, 84.375, 1.4979652625625215e-24, nan 
65.875, 84.375, 1.6040168149338132e-24, nan 
66.125, 84.375, 1.65223454337771e-24, nan 
66.375, 84.375, 1.775162501781797e-24, nan 
66.625, 84.375, 2.026289292188365e-24, nan 
66.875, 84.375, 2.64170979381041e-24, nan 
67.125, 84.375, 2.250112505423917e-24, nan 
67.375, 84.375, 2.1292432297201363e-24, nan 
67.625, 84.375, 2.359576013589445e-24, nan 
67.875, 84.375, 2.599916762020068e-24, nan 
68.125, 84.375, 2.512553513001838e-24, nan 
68.375, 84.375, 2.5578597781664435e-24, nan 
68.625, 84.375, 2.6926920980747674e-24, nan 
68.875, 84.375, 2.041642319462103e-24, nan 
69.125, 84.375, 1.820547988820125e-24, nan 
69.375, 84.375, 1.6622320586869544e-24, nan 
69.625, 84.375, 2.510756667415625e-24, nan 
69.875, 84.375, 1.9832434572121784e-24, nan 
70.125, 84.375, 1.5528669274953073e-24, nan 
70.375, 84.375, 1.3760126547215163e-24, nan 
70.625, 84.375, 1.3981872286333965e-24, nan 
70.875, 84.375, 1.256462829619179e-24, nan 
71.125, 84.375, 1.0951331589181771e-24, nan 
71.375, 84.375, 1.0389184394042591e-24, nan 
71.625, 84.375, 1.0376075376772407e-24, nan 
71.875, 84.375, 1.158645008036246e-24, nan 
72.125, 84.375, 1.1583595936637381e-24, nan 
72.375, 84.375, 1.1175596074167745e-24, nan 
72.625, 84.375, 1.1259870389892645e-24, nan 
72.875, 84.375, 1.1888291430385813e-24, nan 
73.125, 84.375, 1.2460827540156188e-24, nan 
73.375, 84.375, 1.195353960232375e-24, nan 
73.625, 84.375, 1.1725705022126153e-24, nan 
73.875, 84.375, 1.221864035794284e-24, nan 
74.125, 84.375, 1.2991085458194803e-24, nan 
74.375, 84.375, 1.1620517262377023e-24, nan 
74.625, 84.375, 1.0535726277152763e-24, nan 
74.875, 84.375, 1.0348980703965914e-24, nan 
75.125, 84.375, 1.0090859687387742e-24, nan 
75.375, 84.375, 1.0032295372055337e-24, nan 
75.625, 84.375, 9.776223332158242e-25, nan 
75.875, 84.375, 9.337158674091595e-25, nan 
76.125, 84.375, 9.06564954731836e-25, nan 
76.375, 84.375, 9.518032270263082e-25, nan 
76.625, 84.375, 9.719794780869859e-25, nan 
76.875, 84.375, 9.802107966610588e-25, nan 
77.125, 84.375, 1.0413559821463303e-24, nan 
77.375, 84.375, 1.1700912586324904e-24, nan 
77.625, 84.375, 1.2088314353060566e-24, nan 
77.875, 84.375, 1.2272012837402259e-24, nan 
78.125, 84.375, 1.2251774951145077e-24, nan 
-109.625, 84.625, 4.3073127150460334e-23, nan 
-109.375, 84.625, 4.207844041047023e-23, nan 
-109.125, 84.625, 4.4082802295139337e-23, nan 
-108.875, 84.625, 4.611878050088541e-23, nan 
-108.625, 84.625, 4.9248113068360846e-23, nan 
-108.375, 84.625, 5.2898483339302795e-23, nan 
-108.125, 84.625, 5.481388629844042e-23, nan 
-107.875, 84.625, 5.480972276902273e-23, nan 
-107.625, 84.625, 4.7598732569427733e-23, nan 
-107.375, 84.625, 4.204680856421276e-23, nan 
-107.125, 84.625, 3.926804220458861e-23, nan 
-106.875, 84.625, 3.6111515250578764e-23, nan 
-106.625, 84.625, 2.8346423171326735e-23, nan 
-106.375, 84.625, 2.82083066862381e-23, nan 
-106.125, 84.625, 2.859692264162092e-23, nan 
-105.875, 84.625, 2.880646983060536e-23, nan 
-105.625, 84.625, 2.862942329651285e-23, nan 
-105.375, 84.625, 2.847421768824344e-23, nan 
-105.125, 84.625, 2.8957213989463244e-23, nan 
-104.875, 84.625, 2.981709231198696e-23, nan 
-104.625, 84.625, 2.9636924560007556e-23, nan 
-104.375, 84.625, 2.862355882650253e-23, nan 
-104.125, 84.625, 2.4225824902597354e-23, nan 
-103.875, 84.625, 2.3518488113730577e-23, nan 
-103.625, 84.625, 2.247358187637408e-23, nan 
-103.375, 84.625, 1.7629490877481837e-23, nan 
-103.125, 84.625, 1.2322728660530873e-23, nan 
-102.875, 84.625, 8.568529604362187e-24, nan 
-102.625, 84.625, 6.085422224942502e-24, nan 
-102.375, 84.625, 6.440411905437765e-24, nan 
-102.125, 84.625, 6.828207604095143e-24, nan 
-101.875, 84.625, 6.356045125833146e-24, nan 
-101.625, 84.625, 6.244974990166807e-24, nan 
-101.375, 84.625, 6.096223725394676e-24, nan 
-101.125, 84.625, 5.718239927398771e-24, nan 
-100.875, 84.625, 4.903414986253174e-24, nan 
-100.625, 84.625, 4.109443692552061e-24, nan 
-100.375, 84.625, 4.1207174836063295e-24, nan 
-100.125, 84.625, 3.923859044209531e-24, nan 
-99.875, 84.625, 3.90697031086147e-24, nan 
-99.625, 84.625, 4.351595737091332e-24, nan 
-99.375, 84.625, 4.587826025277206e-24, nan 
-99.125, 84.625, 4.496292237510283e-24, nan 
-98.875, 84.625, 4.922804519253411e-24, nan 
-98.625, 84.625, 5.63773233404355e-24, nan 
-98.375, 84.625, 5.7075791261650555e-24, nan 
-98.125, 84.625, 5.780570769292457e-24, nan 
-97.875, 84.625, 6.854289914233098e-24, nan 
-97.625, 84.625, 6.959912318431967e-24, nan 
-97.375, 84.625, 6.101933356950985e-24, nan 
-97.125, 84.625, 5.662533531305772e-24, nan 
-96.875, 84.625, 5.291551734849068e-24, nan 
-96.625, 84.625, 5.031557372568036e-24, nan 
-96.375, 84.625, 4.945383288092395e-24, nan 
-96.125, 84.625, 4.371043358304776e-24, nan 
-95.875, 84.625, 6.368635577836693e-24, nan 
-95.625, 84.625, 9.489590539728565e-24, nan 
-95.375, 84.625, 1.1427032093940991e-23, nan 
-95.125, 84.625, 1.4397342395305664e-23, nan 
-94.875, 84.625, 1.771397140109537e-23, nan 
-94.625, 84.625, 1.7465963556500458e-23, nan 
-94.375, 84.625, 1.7686009242491763e-23, nan 
-94.125, 84.625, 1.7657757501308642e-23, nan 
-93.875, 84.625, 1.935199566611975e-23, nan 
-93.625, 84.625, 2.0173838459128306e-23, nan 
-93.375, 84.625, 1.662969762561435e-23, nan 
-93.125, 84.625, 1.347575807721014e-23, nan 
-92.875, 84.625, 1.1778108272273061e-23, nan 
-92.625, 84.625, 1.1570912492149229e-23, nan 
-92.375, 84.625, 1.2068811880840006e-23, nan 
-92.125, 84.625, 1.3132444654820732e-23, nan 
-91.875, 84.625, 1.3180664234529856e-23, nan 
-91.625, 84.625, 1.48134284904142e-23, nan 
-91.375, 84.625, 1.44270364066757e-23, nan 
-91.125, 84.625, 1.5441237701465427e-23, nan 
-90.875, 84.625, 1.6084830625098877e-23, nan 
-90.625, 84.625, 1.4037039528155847e-23, nan 
-90.375, 84.625, 1.117863338241163e-23, nan 
-90.125, 84.625, 8.328464856150104e-24, nan 
-89.875, 84.625, 7.634888065510199e-24, nan 
-89.625, 84.625, 6.627367540268012e-24, nan 
-89.375, 84.625, 6.999806095104546e-24, nan 
-89.125, 84.625, 8.600347608373706e-24, nan 
-88.875, 84.625, 7.828848116827045e-24, nan 
-88.625, 84.625, 7.075004867153852e-24, nan 
-88.375, 84.625, 6.867526273258773e-24, nan 
-88.125, 84.625, 8.052542903389803e-24, nan 
-87.875, 84.625, 8.80038867784653e-24, nan 
-87.625, 84.625, 1.0203891334743548e-23, nan 
-87.375, 84.625, 1.1057090954664907e-23, nan 
-87.125, 84.625, 1.1332358148827624e-23, nan 
-86.875, 84.625, 1.0334149874697995e-23, nan 
-86.625, 84.625, 9.328751710712293e-24, nan 
-86.375, 84.625, 9.647773316186355e-24, nan 
-86.125, 84.625, 9.029425575995126e-24, nan 
-85.875, 84.625, 8.254451752033079e-24, nan 
-85.625, 84.625, 5.89795857990445e-24, nan 
-85.375, 84.625, 4.8499040561084924e-24, nan 
-85.125, 84.625, 4.924661102470885e-24, nan 
-84.875, 84.625, 6.145196730581295e-24, nan 
-84.625, 84.625, 6.498000497271502e-24, nan 
-84.375, 84.625, 6.523757738770673e-24, nan 
-84.125, 84.625, 6.12606563609902e-24, nan 
-83.875, 84.625, 5.2651339313421736e-24, nan 
-83.625, 84.625, 4.709106521676319e-24, nan 
-83.375, 84.625, 4.940461531955218e-24, nan 
-83.125, 84.625, 4.9930582905828136e-24, nan 
-82.875, 84.625, 5.64314807933962e-24, nan 
-82.625, 84.625, 6.0677188197769234e-24, nan 
-82.375, 84.625, 8.987191210030625e-24, nan 
-82.125, 84.625, 1.0548476831438253e-23, nan 
-81.875, 84.625, 1.2873248281329252e-23, nan 
-81.625, 84.625, 1.2708052932793447e-23, nan 
-81.375, 84.625, 1.423935178026562e-23, nan 
-81.125, 84.625, 1.5685585919493077e-23, nan 
-80.875, 84.625, 1.7691794466125194e-23, nan 
-80.625, 84.625, 1.95910844711497e-23, nan 
-80.375, 84.625, 1.904207281436392e-23, nan 
-80.125, 84.625, 1.486117937705593e-23, nan 
-79.875, 84.625, 1.255984090780115e-23, nan 
-79.625, 84.625, 1.5833202624651974e-23, nan 
-79.375, 84.625, 1.8079567954557796e-23, nan 
-79.125, 84.625, 2.3358763479996534e-23, nan 
-78.875, 84.625, 2.431640922244959e-23, nan 
-78.625, 84.625, 2.5148863397323643e-23, nan 
-78.375, 84.625, 2.753551880280968e-23, nan 
-78.125, 84.625, 2.918908538686062e-23, nan 
-77.875, 84.625, 3.179448423604153e-23, nan 
-77.625, 84.625, 3.087438108935952e-23, nan 
-77.375, 84.625, 2.912578495790397e-23, nan 
-77.125, 84.625, 3.094257643406425e-23, nan 
-76.875, 84.625, 3.192599633122542e-23, nan 
-76.625, 84.625, 3.1527449685305135e-23, nan 
-76.375, 84.625, 3.0812704238457515e-23, nan 
-76.125, 84.625, 3.120495708089358e-23, nan 
-75.875, 84.625, 3.1715320897098103e-23, nan 
-75.625, 84.625, 3.1699022060349866e-23, nan 
-75.375, 84.625, 2.969541836597403e-23, nan 
-75.125, 84.625, 3.140466428704009e-23, nan 
-74.875, 84.625, 2.7700666167723605e-23, nan 
-74.625, 84.625, 3.188408834961724e-23, nan 
-74.375, 84.625, 3.7311524247905107e-23, nan 
-74.125, 84.625, 3.0824927604835463e-23, nan 
-73.875, 84.625, 2.5921175435428072e-23, nan 
-73.625, 84.625, 2.0591670195636917e-23, nan 
-73.375, 84.625, 1.6945096600579725e-23, nan 
-73.125, 84.625, 2.0425301650755353e-23, nan 
-72.875, 84.625, 2.7361621527197564e-23, nan 
-72.625, 84.625, 3.403035234122176e-23, nan 
-72.375, 84.625, 3.363355254838985e-23, nan 
-72.125, 84.625, 3.4079020673866776e-23, nan 
-71.875, 84.625, 3.51187508974516e-23, nan 
-71.625, 84.625, 3.609008025707951e-23, nan 
-71.375, 84.625, 3.6533370439237653e-23, nan 
-71.125, 84.625, 3.6325196288108263e-23, nan 
-70.875, 84.625, 3.41356924151602e-23, nan 
-70.625, 84.625, 3.187282044168498e-23, nan 
-70.375, 84.625, 3.1723171547551386e-23, nan 
-70.125, 84.625, 2.875319000108167e-23, nan 
-69.875, 84.625, 2.3889435578202712e-23, nan 
-69.625, 84.625, 2.114413587951955e-23, nan 
-69.375, 84.625, 2.0998000514188718e-23, nan 
-69.125, 84.625, 2.0402892809483472e-23, nan 
-68.875, 84.625, 1.9725343026641662e-23, nan 
-68.625, 84.625, 1.946602977526139e-23, nan 
-68.375, 84.625, 1.8003600492022933e-23, nan 
-68.125, 84.625, 1.708397212035773e-23, nan 
-67.875, 84.625, 1.891847232747159e-23, nan 
-67.625, 84.625, 2.0646619529576763e-23, nan 
-67.375, 84.625, 1.771835880641001e-23, nan 
-67.125, 84.625, 1.4759989298294626e-23, nan 
-66.875, 84.625, 1.4561036230015638e-23, nan 
-66.625, 84.625, 1.350635698806253e-23, nan 
-66.375, 84.625, 1.4167295728843817e-23, nan 
-66.125, 84.625, 1.4620945213803813e-23, nan 
-65.875, 84.625, 1.2636293078167755e-23, nan 
-65.625, 84.625, 1.444049286808289e-23, nan 
-65.375, 84.625, 1.43833182261452e-23, nan 
-65.125, 84.625, 1.6872836378228174e-23, nan 
-64.875, 84.625, 2.021994323159193e-23, nan 
-64.625, 84.625, 2.2063918048790384e-23, nan 
-64.375, 84.625, 2.2960405896737403e-23, nan 
-64.125, 84.625, 2.098420831656686e-23, nan 
-63.875, 84.625, 1.9380099316766368e-23, nan 
-63.625, 84.625, 1.7644047544682262e-23, nan 
-63.375, 84.625, 1.740234635537268e-23, nan 
-63.125, 84.625, 1.8545121998995763e-23, nan 
-62.875, 84.625, 1.8516742462710964e-23, nan 
-62.625, 84.625, 1.6373627045035102e-23, nan 
-62.375, 84.625, 1.2512262528821628e-23, nan 
-62.125, 84.625, 1.1780426286365175e-23, nan 
-61.875, 84.625, 1.2410234440681968e-23, nan 
-61.625, 84.625, 1.2998843310173543e-23, nan 
-61.375, 84.625, 1.3578483222692878e-23, nan 
-61.125, 84.625, 1.333082343608857e-23, nan 
-60.875, 84.625, 1.294864055339082e-23, nan 
-60.625, 84.625, 1.4744384191660336e-23, nan 
-60.375, 84.625, 1.8419096392414118e-23, nan 
-60.125, 84.625, 2.1561726174059634e-23, nan 
-59.875, 84.625, 1.8471402398196747e-23, nan 
-59.625, 84.625, 1.0479615047696948e-23, nan 
-59.375, 84.625, 1.0608969231769347e-23, nan 
-59.125, 84.625, 1.2186028786927748e-23, nan 
-58.875, 84.625, 1.2991153772356885e-23, nan 
-58.625, 84.625, 1.3390790977868576e-23, nan 
-58.375, 84.625, 1.2171557477080348e-23, nan 
-58.125, 84.625, 1.2189581715919162e-23, nan 
-57.875, 84.625, 1.40020608347343e-23, nan 
-57.625, 84.625, 1.713763217762078e-23, nan 
-57.375, 84.625, 1.9155899808039977e-23, nan 
-57.125, 84.625, 1.754218709621478e-23, nan 
-56.875, 84.625, 1.3026794228743947e-23, nan 
-56.625, 84.625, 1.0992192445234968e-23, nan 
-56.375, 84.625, 1.0361998651506208e-23, nan 
-56.125, 84.625, 1.0485386837312116e-23, nan 
-55.875, 84.625, 1.0397046264008978e-23, nan 
-55.625, 84.625, 9.943797208439526e-24, nan 
-55.375, 84.625, 1.0117655476517762e-23, nan 
-55.125, 84.625, 1.1891651455263929e-23, nan 
-54.875, 84.625, 1.2912987670047488e-23, nan 
-54.625, 84.625, 1.2452597831575963e-23, nan 
-54.375, 84.625, 1.3174026484703149e-23, nan 
-54.125, 84.625, 1.8577403945980472e-23, nan 
-53.875, 84.625, 2.1150271837361114e-23, nan 
-53.625, 84.625, 1.9106807321221295e-23, nan 
-53.375, 84.625, 1.7651593106161593e-23, nan 
-53.125, 84.625, 1.7498305155746386e-23, nan 
-52.875, 84.625, 2.0155355110198517e-23, nan 
-52.625, 84.625, 2.0732431674711816e-23, nan 
-52.375, 84.625, 2.258321194558145e-23, nan 
-52.125, 84.625, 2.53284696815468e-23, nan 
-51.875, 84.625, 2.782524793501567e-23, nan 
-51.625, 84.625, 2.9567792306295046e-23, nan 
-51.375, 84.625, 3.175058556830589e-23, nan 
-51.125, 84.625, 4.905064703686334e-23, nan 
-50.875, 84.625, 5.2311851340381094e-23, nan 
-50.625, 84.625, 5.32668897946677e-23, nan 
-50.375, 84.625, 5.354396743822551e-23, nan 
-50.125, 84.625, 5.368711550809711e-23, nan 
-49.875, 84.625, 5.150535469107116e-23, nan 
-49.625, 84.625, 4.513056175605023e-23, nan 
-49.375, 84.625, 4.59679040144235e-23, nan 
-49.125, 84.625, 4.592266771792668e-23, nan 
-48.875, 84.625, 4.601552056824005e-23, nan 
-48.625, 84.625, 4.697574535173627e-23, nan 
-48.375, 84.625, 5.062161193078036e-23, nan 
-48.125, 84.625, 5.37266707485964e-23, nan 
-47.875, 84.625, 5.2910955064530227e-23, nan 
-47.625, 84.625, 5.0909218156394836e-23, nan 
-47.375, 84.625, 5.429314804003781e-23, nan 
-47.125, 84.625, 6.035416656493216e-23, nan 
-46.875, 84.625, 5.731022336521065e-23, nan 
-46.625, 84.625, 5.798316438871699e-23, nan 
-46.375, 84.625, 5.144168892128842e-23, nan 
-46.125, 84.625, 4.86707490143e-23, nan 
-45.875, 84.625, 4.462979037715991e-23, nan 
-45.625, 84.625, 4.976206108717587e-23, nan 
-45.375, 84.625, 5.37315464885588e-23, nan 
-45.125, 84.625, 4.1398939533433485e-23, nan 
-44.875, 84.625, 2.230322376820888e-23, nan 
-44.625, 84.625, 2.6929777251365357e-23, nan 
-44.375, 84.625, 3.442565435968197e-23, nan 
-44.125, 84.625, 4.0285893686901833e-23, nan 
-43.875, 84.625, 4.8284130712687007e-23, nan 
-43.625, 84.625, 3.8620059514963363e-23, nan 
-43.375, 84.625, 1.3017036964784292e-23, nan 
-43.125, 84.625, 1.2063455546378018e-23, nan 
-42.875, 84.625, 1.4523187393131747e-23, nan 
-42.625, 84.625, 1.7828703598305012e-23, nan 
-42.375, 84.625, 1.5940350745550408e-23, nan 
-42.125, 84.625, 1.5444186261486814e-23, nan 
-41.875, 84.625, 1.693610104267528e-23, nan 
-41.625, 84.625, 1.9740840562523765e-23, nan 
-41.375, 84.625, 2.4193305190097802e-23, nan 
-41.125, 84.625, 3.936053940854727e-23, nan 
-40.875, 84.625, 3.798875659972922e-23, nan 
-40.625, 84.625, 3.5748325055648257e-23, nan 
-40.375, 84.625, 3.1098755585751134e-23, nan 
-40.125, 84.625, 3.144068183387047e-23, nan 
-39.875, 84.625, 3.700658915883615e-23, nan 
-39.625, 84.625, 4.025804324688842e-23, nan 
-39.375, 84.625, 4.569816801720738e-23, nan 
-39.125, 84.625, 4.600785042966692e-23, nan 
-38.875, 84.625, 4.575932782438309e-23, nan 
-38.625, 84.625, 4.537695640834764e-23, nan 
-38.375, 84.625, 4.355595369400828e-23, nan 
-38.125, 84.625, 4.465122468237239e-23, nan 
-37.875, 84.625, 4.590858375897542e-23, nan 
-37.625, 84.625, 4.9814983530031197e-23, nan 
-37.375, 84.625, 5.0029727644471326e-23, nan 
-37.125, 84.625, 4.9883937113281925e-23, nan 
-36.875, 84.625, 5.093182800875468e-23, nan 
-36.625, 84.625, 5.528731261357715e-23, nan 
-36.375, 84.625, 5.578290804937577e-23, nan 
-36.125, 84.625, 5.464517399381685e-23, nan 
-35.875, 84.625, 5.002868872593344e-23, nan 
-35.625, 84.625, 4.332650086129378e-23, nan 
-35.375, 84.625, 3.992035577254424e-23, nan 
-35.125, 84.625, 3.6868895562726644e-23, nan 
-34.875, 84.625, 3.983145305265567e-23, nan 
-34.625, 84.625, 4.016419556993817e-23, nan 
-34.375, 84.625, 4.078826295419759e-23, nan 
-34.125, 84.625, 3.9124780872885133e-23, nan 
-33.875, 84.625, 3.5193121013620104e-23, nan 
-33.625, 84.625, 3.2480246568357015e-23, nan 
-33.375, 84.625, 3.502055554091743e-23, nan 
-33.125, 84.625, 3.3669475010871264e-23, nan 
-32.875, 84.625, 3.279327202715029e-23, nan 
-32.625, 84.625, 3.01682037118852e-23, nan 
-32.375, 84.625, 2.952868353615272e-23, nan 
-32.125, 84.625, 2.867305040582251e-23, nan 
-31.875, 84.625, 2.99074992079175e-23, nan 
-31.625, 84.625, 2.996960029834789e-23, nan 
-31.375, 84.625, 3.1269902008271526e-23, nan 
-31.125, 84.625, 2.910173555859645e-23, nan 
-30.875, 84.625, 2.972829399563914e-23, nan 
-30.625, 84.625, 3.0077931332549116e-23, nan 
-30.375, 84.625, 2.738539425469272e-23, nan 
-30.125, 84.625, 2.799209198613456e-23, nan 
-29.875, 84.625, 2.976946843881518e-23, nan 
-29.625, 84.625, 2.9644320277187996e-23, nan 
-29.375, 84.625, 3.0457738958886846e-23, nan 
-29.125, 84.625, 3.131588392677416e-23, nan 
-28.875, 84.625, 2.7806923127438226e-23, nan 
-28.625, 84.625, 2.5553780581527424e-23, nan 
-28.375, 84.625, 2.3364150573308753e-23, nan 
-28.125, 84.625, 2.1212630909543882e-23, nan 
-27.875, 84.625, 2.2312174342003454e-23, nan 
-27.625, 84.625, 2.446644008721716e-23, nan 
-27.375, 84.625, 2.209506575616901e-23, nan 
-27.125, 84.625, 2.2404675962595338e-23, nan 
-26.875, 84.625, 2.3127445439785002e-23, nan 
-26.625, 84.625, 2.424748598734655e-23, nan 
-26.375, 84.625, 2.5389988782339593e-23, nan 
-26.125, 84.625, 2.1912235077338077e-23, nan 
-25.875, 84.625, 1.853298716548401e-23, nan 
-25.625, 84.625, 1.6930888192781564e-23, nan 
-25.375, 84.625, 1.7779141794518078e-23, nan 
-25.125, 84.625, 1.8583449736925722e-23, nan 
-24.875, 84.625, 1.6993172386168177e-23, nan 
-24.625, 84.625, 1.6272385045230448e-23, nan 
-24.375, 84.625, 1.5695766028351873e-23, nan 
-24.125, 84.625, 1.5901538959732877e-23, nan 
-23.875, 84.625, 1.8694719849270263e-23, nan 
-23.625, 84.625, 2.3143057140092107e-23, nan 
-23.375, 84.625, 2.1093128837193598e-23, nan 
-23.125, 84.625, 2.283643081040322e-23, nan 
-22.875, 84.625, 2.3635400816462847e-23, nan 
-22.625, 84.625, 2.3565925014820287e-23, nan 
-22.375, 84.625, 2.1352013167816824e-23, nan 
-22.125, 84.625, 1.9264399294220526e-23, nan 
-21.875, 84.625, 1.9729834313951134e-23, nan 
-21.625, 84.625, 2.1577233825647987e-23, nan 
-21.375, 84.625, 2.565516643174469e-23, nan 
-21.125, 84.625, 2.5473809269021493e-23, nan 
-20.875, 84.625, 2.340577688755846e-23, nan 
-20.625, 84.625, 2.1200902034492718e-23, nan 
-20.375, 84.625, 1.8928272442052554e-23, nan 
-20.125, 84.625, 1.805864730170947e-23, nan 
-19.875, 84.625, 1.9400158092487758e-23, nan 
-19.625, 84.625, 2.5765724312776955e-23, nan 
-19.375, 84.625, 2.845587468229398e-23, nan 
-19.125, 84.625, 2.967710268297078e-23, nan 
-18.875, 84.625, 3.212432302815534e-23, nan 
-18.625, 84.625, 3.4304272429676535e-23, nan 
-18.375, 84.625, 3.601287833934944e-23, nan 
-18.125, 84.625, 3.821138667390312e-23, nan 
-17.875, 84.625, 3.9960907829037814e-23, nan 
-17.625, 84.625, 3.9996387917260114e-23, nan 
-17.375, 84.625, 4.07797729487098e-23, nan 
-17.125, 84.625, 3.755163897458437e-23, nan 
-16.875, 84.625, 3.7499472571820896e-23, nan 
-16.625, 84.625, 3.3321260767810064e-23, nan 
-16.375, 84.625, 3.4644746349586874e-23, nan 
-16.125, 84.625, 3.5906767863471434e-23, nan 
-15.875, 84.625, 3.7773990760720334e-23, nan 
-15.625, 84.625, 3.8770274889489844e-23, nan 
-15.375, 84.625, 4.0241369940768945e-23, nan 
-15.125, 84.625, 4.148557544403752e-23, nan 
-14.875, 84.625, 4.144057676061856e-23, nan 
-14.625, 84.625, 4.1867863081814e-23, nan 
-14.375, 84.625, 3.394283452420054e-23, nan 
-14.125, 84.625, 2.5874550270098297e-23, nan 
-13.875, 84.625, 2.2702542560724834e-23, nan 
-13.625, 84.625, 2.1405207458606557e-23, nan 
-13.375, 84.625, 1.9816980981179865e-23, nan 
-13.125, 84.625, 1.8481721851805484e-23, nan 
-12.875, 84.625, 1.800110407007967e-23, nan 
-12.625, 84.625, 1.704237073378234e-23, nan 
-12.375, 84.625, 1.6250832490027883e-23, nan 
-12.125, 84.625, 1.580659529114011e-23, nan 
-11.875, 84.625, 1.4807656645311022e-23, nan 
-11.625, 84.625, 1.3772190631043834e-23, nan 
-11.375, 84.625, 1.354094870997247e-23, nan 
-11.125, 84.625, 1.332035807152907e-23, nan 
-10.875, 84.625, 1.339279070302922e-23, nan 
-10.625, 84.625, 1.3758076384764147e-23, nan 
-10.375, 84.625, 1.3582613817859323e-23, nan 
-10.125, 84.625, 1.3621107133998873e-23, nan 
-9.875, 84.625, 1.3770276982981126e-23, nan 
-9.625, 84.625, 1.5094637090491072e-23, nan 
-9.375, 84.625, 1.5940609906325508e-23, nan 
-9.125, 84.625, 1.64913959578095e-23, nan 
-8.875, 84.625, 1.643051323155575e-23, nan 
-8.625, 84.625, 1.4679907354460715e-23, nan 
-8.375, 84.625, 1.5296020670420145e-23, nan 
-8.125, 84.625, 1.422309362625455e-23, nan 
-7.875, 84.625, 1.5450978417810568e-23, nan 
-7.625, 84.625, 1.352828212005422e-23, nan 
-7.375, 84.625, 1.3891220880743198e-23, nan 
-7.125, 84.625, 1.4899802752192047e-23, nan 
-6.875, 84.625, 1.681701716748877e-23, nan 
-6.625, 84.625, 1.8007981639820422e-23, nan 
-6.375, 84.625, 1.8336484783934537e-23, nan 
-6.125, 84.625, 1.7893972411053585e-23, nan 
-5.875, 84.625, 1.7708009540054347e-23, nan 
-5.625, 84.625, 1.835958360418639e-23, nan 
-5.375, 84.625, 1.9722700245138438e-23, nan 
-5.125, 84.625, 2.036182303176407e-23, nan 
-4.875, 84.625, 2.118556576218684e-23, nan 
-4.625, 84.625, 2.1628381614586544e-23, nan 
-4.375, 84.625, 2.2163598880344976e-23, nan 
-4.125, 84.625, 2.2933008618314898e-23, nan 
-3.875, 84.625, 2.304257928555952e-23, nan 
-3.625, 84.625, 2.3561912247307108e-23, nan 
-3.375, 84.625, 2.280252066026876e-23, nan 
-3.125, 84.625, 2.2337375790039683e-23, nan 
-2.875, 84.625, 2.201092402625988e-23, nan 
-2.625, 84.625, 2.292677081972991e-23, nan 
-2.375, 84.625, 2.411161361957004e-23, nan 
-2.125, 84.625, 2.5763149193090802e-23, nan 
-1.875, 84.625, 2.668383632162265e-23, nan 
-1.625, 84.625, 2.8111561168199236e-23, nan 
-1.375, 84.625, 2.8390376879330044e-23, nan 
-1.125, 84.625, 2.904091629847768e-23, nan 
-0.875, 84.625, 3.0080758594413e-23, nan 
-0.625, 84.625, 2.9382658496574647e-23, nan 
-0.375, 84.625, 2.765838751080641e-23, nan 
-0.125, 84.625, 2.6088243409288562e-23, nan 
0.125, 84.625, 2.48754746674613e-23, nan 
0.375, 84.625, 2.5635036151741534e-23, nan 
0.625, 84.625, 2.6610037191250414e-23, nan 
0.875, 84.625, 2.6769530353359815e-23, nan 
1.125, 84.625, 4.0459160645793655e-23, nan 
1.375, 84.625, 4.927572143937754e-23, nan 
1.625, 84.625, 5.0426265076246075e-23, nan 
1.875, 84.625, 5.072142918777363e-23, nan 
2.125, 84.625, 5.2464148713319636e-23, nan 
2.375, 84.625, 5.264673350744581e-23, nan 
2.625, 84.625, 5.41076744834463e-23, nan 
2.875, 84.625, 5.339933185401052e-23, nan 
3.125, 84.625, 5.463720978868288e-23, nan 
3.375, 84.625, 5.595496132859449e-23, nan 
3.625, 84.625, 7.489355268696754e-23, nan 
3.875, 84.625, 4.567409891228464e-23, nan 
4.125, 84.625, 4.544562530669167e-23, nan 
4.375, 84.625, 4.6760126031274766e-23, nan 
4.625, 84.625, 4.894193606995117e-23, nan 
4.875, 84.625, 5.032596118135994e-23, nan 
5.125, 84.625, 5.075651617383253e-23, nan 
5.375, 84.625, 5.06349158670026e-23, nan 
5.625, 84.625, 5.0475092975949337e-23, nan 
5.875, 84.625, 5.093261364813053e-23, nan 
6.125, 84.625, 5.1157667851999037e-23, nan 
6.375, 84.625, 5.012288802556447e-23, nan 
6.625, 84.625, 2.5519430686751096e-23, nan 
6.875, 84.625, 1.8093670876441745e-23, nan 
7.125, 84.625, 1.6398937435145654e-23, nan 
7.375, 84.625, 1.6648997544504545e-23, nan 
7.625, 84.625, 1.55359844812851e-23, nan 
7.875, 84.625, 1.6108073497916455e-23, nan 
8.125, 84.625, 1.6294211292536505e-23, nan 
8.375, 84.625, 1.5991738772966595e-23, nan 
8.625, 84.625, 1.456585607356898e-23, nan 
8.875, 84.625, 1.416996414033613e-23, nan 
9.125, 84.625, 1.2933596556856405e-23, nan 
9.375, 84.625, 1.0515732860535772e-23, nan 
9.625, 84.625, 9.765442388403654e-24, nan 
9.875, 84.625, 8.414211819927065e-24, nan 
10.125, 84.625, 5.9994569329653696e-24, nan 
10.375, 84.625, 7.104204836833947e-24, nan 
10.625, 84.625, 4.289633514965398e-24, nan 
10.875, 84.625, 3.795347494319541e-24, nan 
11.125, 84.625, 5.340138294471578e-24, nan 
11.375, 84.625, 5.990421713583992e-24, nan 
11.625, 84.625, 6.566515226286902e-24, nan 
11.875, 84.625, 6.78828757785937e-24, nan 
12.125, 84.625, 6.271858163326227e-24, nan 
12.375, 84.625, 6.097076393810071e-24, nan 
12.625, 84.625, 5.8590042962433626e-24, nan 
12.875, 84.625, 5.578264841670167e-24, nan 
13.125, 84.625, 5.278256759551552e-24, nan 
13.375, 84.625, 5.390817417776199e-24, nan 
13.625, 84.625, 6.221291678881389e-24, nan 
13.875, 84.625, 6.5947213509002864e-24, nan 
14.125, 84.625, 8.660627179869571e-24, nan 
14.375, 84.625, 1.161318033899999e-23, nan 
14.625, 84.625, 1.1241152254249412e-23, nan 
14.875, 84.625, 1.1130701519827132e-23, nan 
15.125, 84.625, 1.2459955142116236e-23, nan 
15.375, 84.625, 1.2503065329168796e-23, nan 
15.625, 84.625, 1.1229990307495652e-23, nan 
15.875, 84.625, 1.3548595131705745e-23, nan 
16.125, 84.625, 1.681797019499732e-23, nan 
16.375, 84.625, 1.665663501847118e-23, nan 
16.625, 84.625, 1.41914096602641e-23, nan 
16.875, 84.625, 1.167830006832236e-23, nan 
17.125, 84.625, 1.2081533032814874e-23, nan 
17.375, 84.625, 1.2226100942542735e-23, nan 
17.625, 84.625, 1.0537310649245656e-23, nan 
17.875, 84.625, 1.032244508966892e-23, nan 
18.125, 84.625, 1.0168892132320645e-23, nan 
18.375, 84.625, 9.503063373799681e-24, nan 
18.625, 84.625, 9.626093270093189e-24, nan 
18.875, 84.625, 1.0511709905501477e-23, nan 
19.125, 84.625, 1.0768853730545599e-23, nan 
19.375, 84.625, 9.516686393258769e-24, nan 
19.625, 84.625, 8.33724778238736e-24, nan 
19.875, 84.625, 8.36934794741015e-24, nan 
20.125, 84.625, 8.352826685961601e-24, nan 
20.375, 84.625, 6.545969274198558e-24, nan 
20.625, 84.625, 4.9306259601105524e-24, nan 
20.875, 84.625, 4.221409638024907e-24, nan 
21.125, 84.625, 4.0179552241990935e-24, nan 
21.375, 84.625, 3.753735489497221e-24, nan 
21.625, 84.625, 3.698762125012767e-24, nan 
21.875, 84.625, 3.6303031603022045e-24, nan 
22.125, 84.625, 3.3336729853377036e-24, nan 
22.375, 84.625, 3.0272026652704636e-24, nan 
22.625, 84.625, 2.7241219399640553e-24, nan 
22.875, 84.625, 2.4367121661305843e-24, nan 
23.125, 84.625, 2.3658269194534294e-24, nan 
23.375, 84.625, 2.2313746645396896e-24, nan 
23.625, 84.625, 2.1674991551541615e-24, nan 
23.875, 84.625, 1.936600748155645e-24, nan 
24.125, 84.625, 1.890893178799734e-24, nan 
24.375, 84.625, 1.76512586171496e-24, nan 
24.625, 84.625, 1.6474926829500087e-24, nan 
24.875, 84.625, 1.510379781161344e-24, nan 
25.125, 84.625, 1.4335029185881727e-24, nan 
25.375, 84.625, 1.365050861174375e-24, nan 
25.625, 84.625, 1.2765439528139968e-24, nan 
25.875, 84.625, 1.1882928758631148e-24, nan 
26.125, 84.625, 1.1060255869447035e-24, nan 
26.375, 84.625, 1.099511075808337e-24, nan 
26.625, 84.625, 1.0447040835098896e-24, nan 
26.875, 84.625, 1.019594060378716e-24, nan 
27.125, 84.625, 9.529454649971307e-25, nan 
27.375, 84.625, 9.27825392912617e-25, nan 
27.625, 84.625, 9.282374631372692e-25, nan 
27.875, 84.625, 9.179987952240318e-25, nan 
28.125, 84.625, 9.348669461828471e-25, nan 
28.375, 84.625, 1.0070653727355231e-24, nan 
28.625, 84.625, 1.0147444360040874e-24, nan 
28.875, 84.625, 9.445312443427836e-25, nan 
29.125, 84.625, 9.3944686521592e-25, nan 
29.375, 84.625, 9.663831483028462e-25, nan 
29.625, 84.625, 1.0013989366558974e-24, nan 
29.875, 84.625, 9.789630828823699e-25, nan 
30.125, 84.625, 1.0456137736242052e-24, nan 
30.375, 84.625, 1.1583708123695264e-24, nan 
30.625, 84.625, 1.2435731892153735e-24, nan 
30.875, 84.625, 1.3069586840295321e-24, nan 
31.125, 84.625, 1.3478194837159032e-24, nan 
31.375, 84.625, 1.3820775698219552e-24, nan 
31.625, 84.625, 1.4585119569612918e-24, nan 
31.875, 84.625, 1.4792710930478213e-24, nan 
32.125, 84.625, 1.486126214466444e-24, nan 
32.375, 84.625, 1.495931345894453e-24, nan 
32.625, 84.625, 1.506456728496063e-24, nan 
32.875, 84.625, 1.4865242277151802e-24, nan 
33.125, 84.625, 1.5045306148326939e-24, nan 
33.375, 84.625, 1.5429415007727304e-24, nan 
33.625, 84.625, 1.5818573455679493e-24, nan 
33.875, 84.625, 1.5774629552308606e-24, nan 
34.125, 84.625, 1.5216026264973954e-24, nan 
34.375, 84.625, 1.50116070882118e-24, nan 
34.625, 84.625, 1.4758151235488707e-24, nan 
34.875, 84.625, 1.4592414377171696e-24, nan 
35.125, 84.625, 1.4108467886225663e-24, nan 
35.375, 84.625, 1.4124527395372473e-24, nan 
35.625, 84.625, 1.3511064333353386e-24, nan 
35.875, 84.625, 1.2990686724096015e-24, nan 
36.125, 84.625, 1.2850671941701734e-24, nan 
36.375, 84.625, 1.2159183024370886e-24, nan 
36.625, 84.625, 1.1841561196180875e-24, nan 
36.875, 84.625, 1.1434768312538772e-24, nan 
37.125, 84.625, 1.1034439903294134e-24, nan 
37.375, 84.625, 1.090230721076167e-24, nan 
37.625, 84.625, 1.061987703882155e-24, nan 
37.875, 84.625, 1.0579658755099222e-24, nan 
38.125, 84.625, 1.0371730795942108e-24, nan 
38.375, 84.625, 1.0226102041118562e-24, nan 
38.625, 84.625, 1.0243812592757821e-24, nan 
38.875, 84.625, 9.909599992593557e-25, nan 
39.125, 84.625, 9.51729152528276e-25, nan 
39.375, 84.625, 9.263645677015224e-25, nan 
39.625, 84.625, 9.444041768261536e-25, nan 
39.875, 84.625, 9.720290591238007e-25, nan 
40.125, 84.625, 9.548262578752344e-25, nan 
40.375, 84.625, 9.582808981502887e-25, nan 
40.625, 84.625, 9.617710054947981e-25, nan 
40.875, 84.625, 9.556097613470366e-25, nan 
41.125, 84.625, 9.62726803342977e-25, nan 
41.375, 84.625, 9.541125062075189e-25, nan 
41.625, 84.625, 9.347321402972678e-25, nan 
41.875, 84.625, 9.166743679855264e-25, nan 
42.125, 84.625, 9.541596250667924e-25, nan 
42.375, 84.625, 9.974290853032267e-25, nan 
42.625, 84.625, 1.0379725964086078e-24, nan 
42.875, 84.625, 1.0831730985147124e-24, nan 
43.125, 84.625, 1.0706811479649617e-24, nan 
43.375, 84.625, 9.992977364629766e-25, nan 
43.625, 84.625, 9.359535953119498e-25, nan 
43.875, 84.625, 9.233022320038043e-25, nan 
44.125, 84.625, 9.903759988353577e-25, nan 
44.375, 84.625, 1.0404022247374986e-24, nan 
44.625, 84.625, 1.0527531418620827e-24, nan 
44.875, 84.625, 1.0401406946474727e-24, nan 
45.125, 84.625, 1.039865579486664e-24, nan 
45.375, 84.625, 1.0488455967998932e-24, nan 
45.625, 84.625, 1.0588933482031016e-24, nan 
45.875, 84.625, 1.04797887455094e-24, nan 
46.125, 84.625, 1.0763361149630126e-24, nan 
46.375, 84.625, 1.0769714151835114e-24, nan 
46.625, 84.625, 1.1185879048720839e-24, nan 
46.875, 84.625, 1.1155229661891378e-24, nan 
47.125, 84.625, 1.165294025157357e-24, nan 
47.375, 84.625, 1.1483211992362325e-24, nan 
47.625, 84.625, 1.0950782788203846e-24, nan 
47.875, 84.625, 1.1179890504013085e-24, nan 
48.125, 84.625, 1.1190941762342778e-24, nan 
48.375, 84.625, 1.1569355713420295e-24, nan 
48.625, 84.625, 1.2105534660246255e-24, nan 
48.875, 84.625, 1.2656032144145441e-24, nan 
49.125, 84.625, 1.2344134449458538e-24, nan 
49.375, 84.625, 1.2412300468041628e-24, nan 
49.625, 84.625, 1.232212644640847e-24, nan 
49.875, 84.625, 1.2839104043983355e-24, nan 
50.125, 84.625, 1.3496350052134125e-24, nan 
50.375, 84.625, 1.3553382619154881e-24, nan 
50.625, 84.625, 1.3991159667547834e-24, nan 
50.875, 84.625, 1.3888340276613502e-24, nan 
51.125, 84.625, 1.4165110433822785e-24, nan 
51.375, 84.625, 1.4126217300454571e-24, nan 
51.625, 84.625, 1.441578296265195e-24, nan 
51.875, 84.625, 1.4369433180689148e-24, nan 
52.125, 84.625, 1.3721945535375194e-24, nan 
52.375, 84.625, 1.3646539995056595e-24, nan 
52.625, 84.625, 1.3328927232829028e-24, nan 
52.875, 84.625, 1.3435069229513683e-24, nan 
53.125, 84.625, 1.4163634579506117e-24, nan 
53.375, 84.625, 1.3683387489098688e-24, nan 
53.625, 84.625, 1.3060935674274865e-24, nan 
53.875, 84.625, 1.2887869103107214e-24, nan 
54.125, 84.625, 1.2999917290040538e-24, nan 
54.375, 84.625, 1.3219427886244573e-24, nan 
54.625, 84.625, 1.3490807808197771e-24, nan 
54.875, 84.625, 1.3334035329649828e-24, nan 
55.125, 84.625, 1.3867001454092496e-24, nan 
55.375, 84.625, 1.3475902729415992e-24, nan 
55.625, 84.625, 1.2642048566990513e-24, nan 
55.875, 84.625, 1.168839970103502e-24, nan 
56.125, 84.625, 1.0694161349171839e-24, nan 
56.375, 84.625, 1.080603401726767e-24, nan 
56.625, 84.625, 1.1323149306782512e-24, nan 
56.875, 84.625, 1.112614230249059e-24, nan 
57.125, 84.625, 1.061437142717901e-24, nan 
57.375, 84.625, 1.0454807122292967e-24, nan 
57.625, 84.625, 1.027804457102747e-24, nan 
57.875, 84.625, 1.0583800667192912e-24, nan 
58.125, 84.625, 1.0432999450442622e-24, nan 
58.375, 84.625, 1.065962948895213e-24, nan 
58.625, 84.625, 1.0172075806683226e-24, nan 
58.875, 84.625, 9.95993391967714e-25, nan 
59.125, 84.625, 9.99500332687197e-25, nan 
59.375, 84.625, 9.583463434602463e-25, nan 
59.625, 84.625, 9.476773212706923e-25, nan 
59.875, 84.625, 9.808678959246391e-25, nan 
60.125, 84.625, 9.67703309752479e-25, nan 
60.375, 84.625, 9.493231292090653e-25, nan 
60.625, 84.625, 9.611484177125004e-25, nan 
60.875, 84.625, 1.0188573191126231e-24, nan 
61.125, 84.625, 1.0658802765984984e-24, nan 
61.375, 84.625, 1.0339335546273104e-24, nan 
61.625, 84.625, 9.901761407578378e-25, nan 
61.875, 84.625, 1.0244824743577294e-24, nan 
62.125, 84.625, 1.051192194656518e-24, nan 
62.375, 84.625, 1.04959772747959e-24, nan 
62.625, 84.625, 1.0999717416430919e-24, nan 
62.875, 84.625, 1.0884053138838087e-24, nan 
63.125, 84.625, 1.1116944916634964e-24, nan 
63.375, 84.625, 1.1567984420505275e-24, nan 
63.625, 84.625, 1.163313255318941e-24, nan 
63.875, 84.625, 1.205477448756274e-24, nan 
64.125, 84.625, 1.2313611235168222e-24, nan 
64.375, 84.625, 1.223271557039057e-24, nan 
64.625, 84.625, 1.250274162265388e-24, nan 
64.875, 84.625, 1.2346915594966158e-24, nan 
65.125, 84.625, 1.255964606726673e-24, nan 
65.375, 84.625, 1.2795676287186711e-24, nan 
65.625, 84.625, 1.3473226195721746e-24, nan 
65.875, 84.625, 1.2191800978635731e-24, nan 
66.125, 84.625, 1.1584284894176347e-24, nan 
66.375, 84.625, 1.1421410811411154e-24, nan 
66.625, 84.625, 1.2199760623313307e-24, nan 
66.875, 84.625, 1.2590834642097309e-24, nan 
67.125, 84.625, 1.1947434901226832e-24, nan 
67.375, 84.625, 1.2058722938119946e-24, nan 
67.625, 84.625, 1.2903992141668608e-24, nan 
67.875, 84.625, 1.2960908728461162e-24, nan 
68.125, 84.625, 1.181698564994356e-24, nan 
68.375, 84.625, 1.026575576670794e-24, nan 
68.625, 84.625, 9.321974826863636e-25, nan 
68.875, 84.625, 8.909880354153684e-25, nan 
69.125, 84.625, 1.0055847025387456e-24, nan 
69.375, 84.625, 9.17006947698229e-25, nan 
69.625, 84.625, 8.77696430849735e-25, nan 
69.875, 84.625, 8.372713322751992e-25, nan 
70.125, 84.625, 8.711703275273365e-25, nan 
70.375, 84.625, 8.383981080112031e-25, nan 
70.625, 84.625, 8.403561165998969e-25, nan 
70.875, 84.625, 7.811838339999092e-25, nan 
71.125, 84.625, 8.295093616096653e-25, nan 
71.375, 84.625, 8.629959221865303e-25, nan 
71.625, 84.625, 9.492695323728335e-25, nan 
71.875, 84.625, 1.0947792271061703e-24, nan 
72.125, 84.625, 1.1417468503942715e-24, nan 
72.375, 84.625, 1.032198220281885e-24, nan 
72.625, 84.625, 9.07525026758515e-25, nan 
72.875, 84.625, 8.441231674126379e-25, nan 
73.125, 84.625, 9.18538845331584e-25, nan 
73.375, 84.625, 1.0879474009470589e-24, nan 
73.625, 84.625, 1.1355097281482e-24, nan 
73.875, 84.625, 1.1222996094431806e-24, nan 
74.125, 84.625, 1.1056938598719827e-24, nan 
74.375, 84.625, 1.103595394677907e-24, nan 
74.625, 84.625, 1.0791728188078167e-24, nan 
74.875, 84.625, 1.0498469292347628e-24, nan 
75.125, 84.625, 1.0684354006169546e-24, nan 
75.375, 84.625, 1.096051898674637e-24, nan 
75.625, 84.625, 1.1368169231295808e-24, nan 
75.875, 84.625, 1.2160267076273221e-24, nan 
76.125, 84.625, 1.2669273594953918e-24, nan 
76.375, 84.625, 1.2944610088985755e-24, nan 
76.625, 84.625, 1.2610171567373195e-24, nan 
76.875, 84.625, 1.2214559606434298e-24, nan 
77.125, 84.625, 1.2968745501096444e-24, nan 
77.375, 84.625, 1.3070000494182637e-24, nan 
77.625, 84.625, 1.2859689795684427e-24, nan 
77.875, 84.625, 1.324759981554109e-24, nan 
78.125, 84.625, 1.3357489365080429e-24, nan 
78.375, 84.625, 1.3282367283492319e-24, nan 
78.625, 84.625, 1.3872008664350184e-24, nan 
78.875, 84.625, 1.4173729861350533e-24, nan 
-110.125, 84.875, 5.0919942312581565e-23, nan 
-109.875, 84.875, 4.172556080716518e-23, nan 
-109.625, 84.875, 3.245191458271143e-23, nan 
-109.375, 84.875, 1.9883788821326918e-23, nan 
-109.125, 84.875, 1.787351540706348e-23, nan 
-108.875, 84.875, 1.691962625392776e-23, nan 
-108.625, 84.875, 1.5973315696126323e-23, nan 
-108.375, 84.875, 1.3313790348867882e-23, nan 
-108.125, 84.875, 1.1386444708363093e-23, nan 
-107.875, 84.875, 9.818592566296872e-24, nan 
-107.625, 84.875, 8.694310272041882e-24, nan 
-107.375, 84.875, 7.744306553359098e-24, nan 
-107.125, 84.875, 6.990643053177606e-24, nan 
-106.875, 84.875, 6.964789900196072e-24, nan 
-106.625, 84.875, 6.979578581198268e-24, nan 
-106.375, 84.875, 7.056634951582182e-24, nan 
-106.125, 84.875, 6.96763438185812e-24, nan 
-105.875, 84.875, 6.0324176855036944e-24, nan 
-105.625, 84.875, 5.66838456815469e-24, nan 
-105.375, 84.875, 4.963559594203299e-24, nan 
-105.125, 84.875, 4.9378759129730664e-24, nan 
-104.875, 84.875, 6.0084386409494894e-24, nan 
-104.625, 84.875, 6.230909135565992e-24, nan 
-104.375, 84.875, 6.952318164747226e-24, nan 
-104.125, 84.875, 7.344250014669982e-24, nan 
-103.875, 84.875, 6.427251393391698e-24, nan 
-103.625, 84.875, 6.811670984032013e-24, nan 
-103.375, 84.875, 7.915005179103152e-24, nan 
-103.125, 84.875, 7.07119589928371e-24, nan 
-102.875, 84.875, 6.159174527514638e-24, nan 
-102.625, 84.875, 5.5861317261784995e-24, nan 
-102.375, 84.875, 5.894390687650178e-24, nan 
-102.125, 84.875, 6.188995761104867e-24, nan 
-101.875, 84.875, 6.196915033266082e-24, nan 
-101.625, 84.875, 6.068328516889052e-24, nan 
-101.375, 84.875, 5.9902222103884005e-24, nan 
-101.125, 84.875, 6.051867541399715e-24, nan 
-100.875, 84.875, 6.329908045375014e-24, nan 
-100.625, 84.875, 6.953973363340651e-24, nan 
-100.375, 84.875, 6.240267948837707e-24, nan 
-100.125, 84.875, 5.987856342200196e-24, nan 
-99.875, 84.875, 6.5034762035541136e-24, nan 
-99.625, 84.875, 6.462033090986483e-24, nan 
-99.375, 84.875, 6.977340048013207e-24, nan 
-99.125, 84.875, 6.85616787295846e-24, nan 
-98.875, 84.875, 7.254757677961655e-24, nan 
-98.625, 84.875, 7.714867119196475e-24, nan 
-98.375, 84.875, 8.887904835898852e-24, nan 
-98.125, 84.875, 9.853423190140494e-24, nan 
-97.875, 84.875, 1.2818919430614262e-23, nan 
-97.625, 84.875, 1.1805270680707208e-23, nan 
-97.375, 84.875, 1.184581977657152e-23, nan 
-97.125, 84.875, 1.2684934693436821e-23, nan 
-96.875, 84.875, 1.3537665044102546e-23, nan 
-96.625, 84.875, 1.2669327503594994e-23, nan 
-96.375, 84.875, 1.2946037317140531e-23, nan 
-96.125, 84.875, 1.3311814998803692e-23, nan 
-95.875, 84.875, 1.3634519052501507e-23, nan 
-95.625, 84.875, 1.2645002949583432e-23, nan 
-95.375, 84.875, 1.0364261641854554e-23, nan 
-95.125, 84.875, 1.1823370852031699e-23, nan 
-94.875, 84.875, 1.3297882634487038e-23, nan 
-94.625, 84.875, 1.3699815558991558e-23, nan 
-94.375, 84.875, 1.4240190238343218e-23, nan 
-94.125, 84.875, 1.54434345935473e-23, nan 
-93.875, 84.875, 1.6252217346515164e-23, nan 
-93.625, 84.875, 1.7189607785822025e-23, nan 
-93.375, 84.875, 1.6594558271578193e-23, nan 
-93.125, 84.875, 1.577550615892636e-23, nan 
-92.875, 84.875, 1.4581765541522916e-23, nan 
-92.625, 84.875, 1.3187920005503446e-23, nan 
-92.375, 84.875, 1.312675626077575e-23, nan 
-92.125, 84.875, 1.2759826641950001e-23, nan 
-91.875, 84.875, 1.3175102403386382e-23, nan 
-91.625, 84.875, 1.2722032687387816e-23, nan 
-91.375, 84.875, 1.2614196273176114e-23, nan 
-91.125, 84.875, 1.2597453541793191e-23, nan 
-90.875, 84.875, 1.2644404323274792e-23, nan 
-90.625, 84.875, 1.2388610791054703e-23, nan 
-90.375, 84.875, 1.3037231786126648e-23, nan 
-90.125, 84.875, 1.22632208638844e-23, nan 
-89.875, 84.875, 1.125043724292661e-23, nan 
-89.625, 84.875, 1.0014001440502232e-23, nan 
-89.375, 84.875, 9.18462902477028e-24, nan 
-89.125, 84.875, 1.0894251095326185e-23, nan 
-88.875, 84.875, 1.0697791854528163e-23, nan 
-88.625, 84.875, 1.006292557144155e-23, nan 
-88.375, 84.875, 9.428701670114985e-24, nan 
-88.125, 84.875, 1.0125547739848822e-23, nan 
-87.875, 84.875, 1.0622075621639753e-23, nan 
-87.625, 84.875, 1.2254335832687503e-23, nan 
-87.375, 84.875, 1.4289663640918143e-23, nan 
-87.125, 84.875, 1.6099014775938395e-23, nan 
-86.875, 84.875, 1.8473342815262355e-23, nan 
-86.625, 84.875, 1.8241015050564174e-23, nan 
-86.375, 84.875, 2.0424773182734255e-23, nan 
-86.125, 84.875, 2.2203108022199927e-23, nan 
-85.875, 84.875, 1.9643616305806135e-23, nan 
-85.625, 84.875, 1.848768026647324e-23, nan 
-85.375, 84.875, 1.975606110695596e-23, nan 
-85.125, 84.875, 2.022374690144632e-23, nan 
-84.875, 84.875, 2.1054153308232156e-23, nan 
-84.625, 84.875, 2.1787704049521412e-23, nan 
-84.375, 84.875, 2.127485754484212e-23, nan 
-84.125, 84.875, 2.0847795769812627e-23, nan 
-83.875, 84.875, 2.19178525669397e-23, nan 
-83.625, 84.875, 2.3291685030423884e-23, nan 
-83.375, 84.875, 2.4584150740029685e-23, nan 
-83.125, 84.875, 2.3876370780763946e-23, nan 
-82.875, 84.875, 2.1717889770544598e-23, nan 
-82.625, 84.875, 1.881595728110787e-23, nan 
-82.375, 84.875, 1.557557842339005e-23, nan 
-82.125, 84.875, 1.69964909082721e-23, nan 
-81.875, 84.875, 2.2097947054462803e-23, nan 
-81.625, 84.875, 2.4983507454712205e-23, nan 
-81.375, 84.875, 3.1043657066619997e-23, nan 
-81.125, 84.875, 3.51519940934827e-23, nan 
-80.875, 84.875, 4.028682734119602e-23, nan 
-80.625, 84.875, 4.538394435184633e-23, nan 
-80.375, 84.875, 4.5149412807384104e-23, nan 
-80.125, 84.875, 4.089356570485501e-23, nan 
-79.875, 84.875, 3.3667838535195475e-23, nan 
-79.625, 84.875, 1.7336331687368144e-23, nan 
-79.375, 84.875, 1.7504484634105788e-23, nan 
-79.125, 84.875, 2.1921339174497157e-23, nan 
-78.875, 84.875, 2.3920654483851544e-23, nan 
-78.625, 84.875, 2.7212057027210784e-23, nan 
-78.375, 84.875, 3.0184297394764234e-23, nan 
-78.125, 84.875, 3.315453635914766e-23, nan 
-77.875, 84.875, 3.713553138467807e-23, nan 
-77.625, 84.875, 3.729838681955187e-23, nan 
-77.375, 84.875, 3.5501594126214693e-23, nan 
-77.125, 84.875, 3.391685634843201e-23, nan 
-76.875, 84.875, 2.869956169678423e-23, nan 
-76.625, 84.875, 2.7732379413651676e-23, nan 
-76.375, 84.875, 2.637655322471568e-23, nan 
-76.125, 84.875, 2.67706647314867e-23, nan 
-75.875, 84.875, 2.6632239363800716e-23, nan 
-75.625, 84.875, 2.6915026568472786e-23, nan 
-75.375, 84.875, 2.5696677609185611e-23, nan 
-75.125, 84.875, 2.712425200468177e-23, nan 
-74.875, 84.875, 2.63382615587645e-23, nan 
-74.625, 84.875, 3.053766016178822e-23, nan 
-74.375, 84.875, 4.166927097170311e-23, nan 
-74.125, 84.875, 4.3986658085015045e-23, nan 
-73.875, 84.875, 4.3022144765586084e-23, nan 
-73.625, 84.875, 3.2345664130910374e-23, nan 
-73.375, 84.875, 2.561442609613574e-23, nan 
-73.125, 84.875, 2.24238950264601e-23, nan 
-72.875, 84.875, 2.752429188591271e-23, nan 
-72.625, 84.875, 3.2727476812552196e-23, nan 
-72.375, 84.875, 3.1973030207793714e-23, nan 
-72.125, 84.875, 2.96449748666682e-23, nan 
-71.875, 84.875, 2.787451068025095e-23, nan 
-71.625, 84.875, 3.98707554824713e-23, nan 
-71.375, 84.875, 4.955727372556249e-23, nan 
-71.125, 84.875, 5.153105200101363e-23, nan 
-70.875, 84.875, 3.891815869345846e-23, nan 
-70.625, 84.875, 3.1784491813402194e-23, nan 
-70.375, 84.875, 2.9720639570894714e-23, nan 
-70.125, 84.875, 3.64720197336547e-23, nan 
-69.875, 84.875, 4.1320412460707026e-23, nan 
-69.625, 84.875, 4.064662304891009e-23, nan 
-69.375, 84.875, 3.869409738314854e-23, nan 
-69.125, 84.875, 3.6567852127162794e-23, nan 
-68.875, 84.875, 3.1339902879008535e-23, nan 
-68.625, 84.875, 3.3828810324822196e-23, nan 
-68.375, 84.875, 3.1480479469608865e-23, nan 
-68.125, 84.875, 2.882652556809888e-23, nan 
-67.875, 84.875, 2.8903456692939613e-23, nan 
-67.625, 84.875, 2.9471596503383596e-23, nan 
-67.375, 84.875, 2.939191124710792e-23, nan 
-67.125, 84.875, 2.958490747559554e-23, nan 
-66.875, 84.875, 2.9306891521824044e-23, nan 
-66.625, 84.875, 2.700911019738417e-23, nan 
-66.375, 84.875, 2.671369370890755e-23, nan 
-66.125, 84.875, 2.6614364031853624e-23, nan 
-65.875, 84.875, 2.645964285504112e-23, nan 
-65.625, 84.875, 2.7656711088262966e-23, nan 
-65.375, 84.875, 2.4986059744267152e-23, nan 
-65.125, 84.875, 2.622740867951601e-23, nan 
-64.875, 84.875, 2.453983832000113e-23, nan 
-64.625, 84.875, 2.1621372111715586e-23, nan 
-64.375, 84.875, 2.237037209256217e-23, nan 
-64.125, 84.875, 2.3018454000463137e-23, nan 
-63.875, 84.875, 2.2721745945787285e-23, nan 
-63.625, 84.875, 2.313769111253127e-23, nan 
-63.375, 84.875, 2.4343971044696085e-23, nan 
-63.125, 84.875, 2.9016125635859855e-23, nan 
-62.875, 84.875, 2.970498860549239e-23, nan 
-62.625, 84.875, 3.0000113804573127e-23, nan 
-62.375, 84.875, 2.9892621788771837e-23, nan 
-62.125, 84.875, 2.928822601503164e-23, nan 
-61.875, 84.875, 2.9401291476375534e-23, nan 
-61.625, 84.875, 2.957681351196925e-23, nan 
-61.375, 84.875, 2.9871868253621316e-23, nan 
-61.125, 84.875, 3.0430417673299756e-23, nan 
-60.875, 84.875, 3.2355877204221897e-23, nan 
-60.625, 84.875, 3.272720448290029e-23, nan 
-60.375, 84.875, 3.4462015317879066e-23, nan 
-60.125, 84.875, 3.5502200259535183e-23, nan 
-59.875, 84.875, 3.51303921299459e-23, nan 
-59.625, 84.875, 3.413246981494366e-23, nan 
-59.375, 84.875, 2.969737004078435e-23, nan 
-59.125, 84.875, 2.6621244915808783e-23, nan 
-58.875, 84.875, 2.4464443756356175e-23, nan 
-58.625, 84.875, 2.317904528503101e-23, nan 
-58.375, 84.875, 2.2241511342812265e-23, nan 
-58.125, 84.875, 2.1846362569673697e-23, nan 
-57.875, 84.875, 2.5074926484216398e-23, nan 
-57.625, 84.875, 2.5528251876362656e-23, nan 
-57.375, 84.875, 1.995041234328794e-23, nan 
-57.125, 84.875, 1.3879706470640484e-23, nan 
-56.875, 84.875, 1.1333303905703652e-23, nan 
-56.625, 84.875, 1.0234503453549453e-23, nan 
-56.375, 84.875, 8.789418062344328e-24, nan 
-56.125, 84.875, 7.38760310701524e-24, nan 
-55.875, 84.875, 6.4792352067212104e-24, nan 
-55.625, 84.875, 6.697945228381065e-24, nan 
-55.375, 84.875, 7.948957065661114e-24, nan 
-55.125, 84.875, 1.1393209112816306e-23, nan 
-54.875, 84.875, 1.3524901175802863e-23, nan 
-54.625, 84.875, 1.33064574713692e-23, nan 
-54.375, 84.875, 1.1802299652710433e-23, nan 
-54.125, 84.875, 1.0874086590204054e-23, nan 
-53.875, 84.875, 1.0275366049611744e-23, nan 
-53.625, 84.875, 9.376977986995112e-24, nan 
-53.375, 84.875, 8.157891351826639e-24, nan 
-53.125, 84.875, 7.19932928340916e-24, nan 
-52.875, 84.875, 6.3460426452605356e-24, nan 
-52.625, 84.875, 5.881262071646744e-24, nan 
-52.375, 84.875, 5.379706357610952e-24, nan 
-52.125, 84.875, 4.615701273573586e-24, nan 
-51.875, 84.875, 4.048719018141202e-24, nan 
-51.625, 84.875, 3.6804696086133486e-24, nan 
-51.375, 84.875, 3.966106337126268e-24, nan 
-51.125, 84.875, 3.923606383820413e-24, nan 
-50.875, 84.875, 4.1046328998772315e-24, nan 
-50.625, 84.875, 4.077893048933696e-24, nan 
-50.375, 84.875, 5.638226207419036e-24, nan 
-50.125, 84.875, 8.122120681308737e-24, nan 
-49.875, 84.875, 1.1856669290922142e-23, nan 
-49.625, 84.875, 1.978948637051588e-23, nan 
-49.375, 84.875, 2.3779417842511664e-23, nan 
-49.125, 84.875, 2.706525549114969e-23, nan 
-48.875, 84.875, 2.8443632733109134e-23, nan 
-48.625, 84.875, 3.1020100901909904e-23, nan 
-48.375, 84.875, 3.3373229162194904e-23, nan 
-48.125, 84.875, 3.5555371445360877e-23, nan 
-47.875, 84.875, 3.694043012721002e-23, nan 
-47.625, 84.875, 4.286204339198369e-23, nan 
-47.375, 84.875, 4.774812154320139e-23, nan 
-47.125, 84.875, 5.118109903899666e-23, nan 
-46.875, 84.875, 5.1814219744548e-23, nan 
-46.625, 84.875, 5.204139094265703e-23, nan 
-46.375, 84.875, 4.895238026335784e-23, nan 
-46.125, 84.875, 4.887593735721652e-23, nan 
-45.875, 84.875, 4.651607845007126e-23, nan 
-45.625, 84.875, 4.851582324897227e-23, nan 
-45.375, 84.875, 4.9000509949214905e-23, nan 
-45.125, 84.875, 4.223041752010625e-23, nan 
-44.875, 84.875, 4.151180212912124e-23, nan 
-44.625, 84.875, 4.620572353394468e-23, nan 
-44.375, 84.875, 4.7618000667824743e-23, nan 
-44.125, 84.875, 4.9134702820576063e-23, nan 
-43.875, 84.875, 5.072756889018737e-23, nan 
-43.625, 84.875, 4.8042985541569846e-23, nan 
-43.375, 84.875, 4.3100053341026743e-23, nan 
-43.125, 84.875, 4.127702120486073e-23, nan 
-42.875, 84.875, 4.0707166517454115e-23, nan 
-42.625, 84.875, 3.923307132318559e-23, nan 
-42.375, 84.875, 3.859429467905873e-23, nan 
-42.125, 84.875, 3.482357863056285e-23, nan 
-41.875, 84.875, 3.4801598836386706e-23, nan 
-41.625, 84.875, 3.492215725899444e-23, nan 
-41.375, 84.875, 3.312969950549974e-23, nan 
-41.125, 84.875, 3.346274917274564e-23, nan 
-40.875, 84.875, 3.574356195403362e-23, nan 
-40.625, 84.875, 3.395523049277497e-23, nan 
-40.375, 84.875, 3.3022625419819945e-23, nan 
-40.125, 84.875, 3.293301417714307e-23, nan 
-39.875, 84.875, 3.3761992047803056e-23, nan 
-39.625, 84.875, 4.12632132102885e-23, nan 
-39.375, 84.875, 4.3002475543627225e-23, nan 
-39.125, 84.875, 4.246977843401786e-23, nan 
-38.875, 84.875, 4.0430135018043144e-23, nan 
-38.625, 84.875, 3.268477782226187e-23, nan 
-38.375, 84.875, 4.1826961129090523e-23, nan 
-38.125, 84.875, 4.2764534443849616e-23, nan 
-37.875, 84.875, 4.302505128489711e-23, nan 
-37.625, 84.875, 3.5778698649067534e-23, nan 
-37.375, 84.875, 3.4793799745183873e-23, nan 
-37.125, 84.875, 3.3325774390336955e-23, nan 
-36.875, 84.875, 3.2303548943501654e-23, nan 
-36.625, 84.875, 3.841420348887927e-23, nan 
-36.375, 84.875, 4.1362556981155234e-23, nan 
-36.125, 84.875, 3.828069696269779e-23, nan 
-35.875, 84.875, 3.439662254089851e-23, nan 
-35.625, 84.875, 4.374533308682552e-23, nan 
-35.375, 84.875, 4.5319818974306296e-23, nan 
-35.125, 84.875, 4.488829715899452e-23, nan 
-34.875, 84.875, 3.488027499672519e-23, nan 
-34.625, 84.875, 3.3208194611421405e-23, nan 
-34.375, 84.875, 3.2728640258061155e-23, nan 
-34.125, 84.875, 3.054870760427312e-23, nan 
-33.875, 84.875, 3.530915712089878e-23, nan 
-33.625, 84.875, 3.880991650189873e-23, nan 
-33.375, 84.875, 3.821858633988757e-23, nan 
-33.125, 84.875, 3.722825958147698e-23, nan 
-32.875, 84.875, 3.51035925388568e-23, nan 
-32.625, 84.875, 3.824608930925525e-23, nan 
-32.375, 84.875, 4.012320799933932e-23, nan 
-32.125, 84.875, 4.2442276458186914e-23, nan 
-31.875, 84.875, 4.5086567529821865e-23, nan 
-31.625, 84.875, 4.6813573550065094e-23, nan 
-31.375, 84.875, 4.745439950680727e-23, nan 
-31.125, 84.875, 4.9123232395861165e-23, nan 
-30.875, 84.875, 4.68724546996563e-23, nan 
-30.625, 84.875, 4.5825876472251447e-23, nan 
-30.375, 84.875, 4.2473633173471926e-23, nan 
-30.125, 84.875, 4.395611533462937e-23, nan 
-29.875, 84.875, 4.3482785433077706e-23, nan 
-29.625, 84.875, 4.389572124240272e-23, nan 
-29.375, 84.875, 4.260853093068002e-23, nan 
-29.125, 84.875, 4.316379692349917e-23, nan 
-28.875, 84.875, 4.4909229596311385e-23, nan 
-28.625, 84.875, 4.730389547273848e-23, nan 
-28.375, 84.875, 4.8468390917096334e-23, nan 
-28.125, 84.875, 4.93660165843708e-23, nan 
-27.875, 84.875, 4.8022437067267984e-23, nan 
-27.625, 84.875, 4.711231473694842e-23, nan 
-27.375, 84.875, 4.793978554176697e-23, nan 
-27.125, 84.875, 4.8106044532209345e-23, nan 
-26.875, 84.875, 4.7322815514944024e-23, nan 
-26.625, 84.875, 4.540462044780893e-23, nan 
-26.375, 84.875, 4.6106801928631867e-23, nan 
-26.125, 84.875, 4.7058500492281457e-23, nan 
-25.875, 84.875, 4.8339932825453155e-23, nan 
-25.625, 84.875, 4.942375314270532e-23, nan 
-25.375, 84.875, 4.990356242735154e-23, nan 
-25.125, 84.875, 5.341905649412487e-23, nan 
-24.875, 84.875, 5.941063247015643e-23, nan 
-24.625, 84.875, 6.783008345249199e-23, nan 
-24.375, 84.875, 7.098710167776808e-23, nan 
-24.125, 84.875, 7.193726401756404e-23, nan 
-23.875, 84.875, 7.398751158120381e-23, nan 
-23.625, 84.875, 7.486401521511476e-23, nan 
-23.375, 84.875, 7.53714092131099e-23, nan 
-23.125, 84.875, 7.196082283990603e-23, nan 
-22.875, 84.875, 7.037557416049425e-23, nan 
-22.625, 84.875, 6.826741064447325e-23, nan 
-22.375, 84.875, 6.413631725343534e-23, nan 
-22.125, 84.875, 6.279206588570212e-23, nan 
-21.875, 84.875, 5.869453494130506e-23, nan 
-21.625, 84.875, 5.68791056372794e-23, nan 
-21.375, 84.875, 5.776531115193503e-23, nan 
-21.125, 84.875, 6.069223520602189e-23, nan 
-20.875, 84.875, 5.992844469043665e-23, nan 
-20.625, 84.875, 6.088602063813157e-23, nan 
-20.375, 84.875, 5.883690297312778e-23, nan 
-20.125, 84.875, 5.713532218031025e-23, nan 
-19.875, 84.875, 5.499630285952699e-23, nan 
-19.625, 84.875, 5.727646556276372e-23, nan 
-19.375, 84.875, 5.897793490336007e-23, nan 
-19.125, 84.875, 6.378468433787818e-23, nan 
-18.875, 84.875, 6.504447065540638e-23, nan 
-18.625, 84.875, 6.595344764046357e-23, nan 
-18.375, 84.875, 6.506251690355399e-23, nan 
-18.125, 84.875, 6.332674364058975e-23, nan 
-17.875, 84.875, 6.264148447859827e-23, nan 
-17.625, 84.875, 6.179713195149533e-23, nan 
-17.375, 84.875, 6.024906118718925e-23, nan 
-17.125, 84.875, 5.883503966249313e-23, nan 
-16.875, 84.875, 4.746285586971785e-23, nan 
-16.625, 84.875, 3.962064672663276e-23, nan 
-16.375, 84.875, 3.647922849883896e-23, nan 
-16.125, 84.875, 3.542324387112607e-23, nan 
-15.875, 84.875, 3.556611963488264e-23, nan 
-15.625, 84.875, 3.4370874301817585e-23, nan 
-15.375, 84.875, 3.397383100140073e-23, nan 
-15.125, 84.875, 3.4238221169251607e-23, nan 
-14.875, 84.875, 3.4444338165196236e-23, nan 
-14.625, 84.875, 3.419583712009469e-23, nan 
-14.375, 84.875, 3.2780405783526865e-23, nan 
-14.125, 84.875, 2.4234983969288138e-23, nan 
-13.875, 84.875, 1.9387020510800763e-23, nan 
-13.625, 84.875, 1.802952398476826e-23, nan 
-13.375, 84.875, 2.1354366992552315e-23, nan 
-13.125, 84.875, 2.3864628175204674e-23, nan 
-12.875, 84.875, 2.3184579933963497e-23, nan 
-12.625, 84.875, 1.3524153162491356e-23, nan 
-12.375, 84.875, 1.067690706181001e-23, nan 
-12.125, 84.875, 1.06375081612475e-23, nan 
-11.875, 84.875, 1.0532555028753385e-23, nan 
-11.625, 84.875, 1.0643025594233122e-23, nan 
-11.375, 84.875, 1.1260555713537159e-23, nan 
-11.125, 84.875, 1.2571507014204305e-23, nan 
-10.875, 84.875, 1.4079276088542476e-23, nan 
-10.625, 84.875, 1.463395663813905e-23, nan 
-10.375, 84.875, 1.2996131807664663e-23, nan 
-10.125, 84.875, 1.2530744246818372e-23, nan 
-9.875, 84.875, 1.3605787931448533e-23, nan 
-9.625, 84.875, 1.4831884293577426e-23, nan 
-9.375, 84.875, 1.5844087733306877e-23, nan 
-9.125, 84.875, 1.3215872954912669e-23, nan 
-8.875, 84.875, 2.818491353641632e-23, nan 
-8.625, 84.875, 3.876368364938432e-23, nan 
-8.375, 84.875, 4.2032709698988084e-23, nan 
-8.125, 84.875, 4.281303280484578e-23, nan 
-7.875, 84.875, 4.359982123369142e-23, nan 
-7.625, 84.875, 4.1828747682778165e-23, nan 
-7.375, 84.875, 4.0939968078411594e-23, nan 
-7.125, 84.875, 4.1836256673484826e-23, nan 
-6.875, 84.875, 4.3598901317295445e-23, nan 
-6.625, 84.875, 4.3735467793863833e-23, nan 
-6.375, 84.875, 4.168776358049412e-23, nan 
-6.125, 84.875, 3.627101330578606e-23, nan 
-5.875, 84.875, 2.669066547977616e-23, nan 
-5.625, 84.875, 1.5004189438606327e-23, nan 
-5.375, 84.875, 1.9643687470696083e-23, nan 
-5.125, 84.875, 1.7833036757692755e-23, nan 
-4.875, 84.875, 2.2057828659099044e-23, nan 
-4.625, 84.875, 2.3542753645999498e-23, nan 
-4.375, 84.875, 3.1003356671555106e-23, nan 
-4.125, 84.875, 3.4757871161564457e-23, nan 
-3.875, 84.875, 3.703558277728984e-23, nan 
-3.625, 84.875, 3.915931242113606e-23, nan 
-3.375, 84.875, 4.0150791459234334e-23, nan 
-3.125, 84.875, 3.997899709449038e-23, nan 
-2.875, 84.875, 4.027369531700295e-23, nan 
-2.625, 84.875, 4.06828443160028e-23, nan 
-2.375, 84.875, 4.2257161948340245e-23, nan 
-2.125, 84.875, 4.3285965952771426e-23, nan 
-1.875, 84.875, 4.4481540023584246e-23, nan 
-1.625, 84.875, 4.470583165613641e-23, nan 
-1.375, 84.875, 4.4758879272950754e-23, nan 
-1.125, 84.875, 4.414296931423523e-23, nan 
-0.875, 84.875, 4.451249308713445e-23, nan 
-0.625, 84.875, 4.4826264905187454e-23, nan 
-0.375, 84.875, 4.5988594266852155e-23, nan 
-0.125, 84.875, 4.662170669833775e-23, nan 
0.125, 84.875, 4.853903270987549e-23, nan 
0.375, 84.875, 4.9983446582786895e-23, nan 
0.625, 84.875, 5.2877586332475744e-23, nan 
0.875, 84.875, 7.139858187426687e-23, nan 
1.125, 84.875, 8.221537579556896e-23, nan 
1.375, 84.875, 8.44781282498751e-23, nan 
1.625, 84.875, 8.540726028159828e-23, nan 
1.875, 84.875, 8.464259872953747e-23, nan 
2.125, 84.875, 8.529388067437787e-23, nan 
2.375, 84.875, 8.440083376557429e-23, nan 
2.625, 84.875, 8.39295164536518e-23, nan 
2.875, 84.875, 8.42017313290625e-23, nan 
3.125, 84.875, 8.326241099101992e-23, nan 
3.375, 84.875, 8.162073317198108e-23, nan 
3.625, 84.875, 6.505739437711353e-23, nan 
3.875, 84.875, 6.379206938415552e-23, nan 
4.125, 84.875, 6.190956545263309e-23, nan 
4.375, 84.875, 6.19378029831735e-23, nan 
4.625, 84.875, 6.104869323865147e-23, nan 
4.875, 84.875, 6.098490923793969e-23, nan 
5.125, 84.875, 6.043940939657878e-23, nan 
5.375, 84.875, 6.033738288359665e-23, nan 
5.625, 84.875, 6.041008450764187e-23, nan 
5.875, 84.875, 6.009030711314608e-23, nan 
6.125, 84.875, 5.890146159473482e-23, nan 
6.375, 84.875, 1.7869637284817905e-23, nan 
6.625, 84.875, 1.0899997346492716e-23, nan 
6.875, 84.875, 1.0639782179909845e-23, nan 
7.125, 84.875, 1.0220747654753104e-23, nan 
7.375, 84.875, 8.50227458277746e-24, nan 
7.625, 84.875, 8.111083507428918e-24, nan 
7.875, 84.875, 8.409845498995063e-24, nan 
8.125, 84.875, 8.739505579909598e-24, nan 
8.375, 84.875, 1.0017704218498595e-23, nan 
8.625, 84.875, 1.0624278993080793e-23, nan 
8.875, 84.875, 1.2284675180446415e-23, nan 
9.125, 84.875, 1.4583010427645636e-23, nan 
9.375, 84.875, 1.551935857556014e-23, nan 
9.625, 84.875, 1.4448876245237025e-23, nan 
9.875, 84.875, 1.3358904898102768e-23, nan 
10.125, 84.875, 1.2871328594546697e-23, nan 
10.375, 84.875, 1.2624679129103969e-23, nan 
10.625, 84.875, 9.85353861552537e-24, nan 
10.875, 84.875, 8.820949319992133e-24, nan 
11.125, 84.875, 8.5041346137838e-24, nan 
11.375, 84.875, 8.803037073006125e-24, nan 
11.625, 84.875, 9.451768142342496e-24, nan 
11.875, 84.875, 1.0424879635523038e-23, nan 
12.125, 84.875, 1.094183434727234e-23, nan 
12.375, 84.875, 1.0489614291812144e-23, nan 
12.625, 84.875, 9.984738503806091e-24, nan 
12.875, 84.875, 9.702440714229233e-24, nan 
13.125, 84.875, 9.67148615037722e-24, nan 
13.375, 84.875, 9.140800028615769e-24, nan 
13.625, 84.875, 9.371484300381229e-24, nan 
13.875, 84.875, 9.521735752387187e-24, nan 
14.125, 84.875, 1.0002648481270601e-23, nan 
14.375, 84.875, 1.1107660869311529e-23, nan 
14.625, 84.875, 1.0988686242111643e-23, nan 
14.875, 84.875, 1.0544510657328323e-23, nan 
15.125, 84.875, 1.044774303052964e-23, nan 
15.375, 84.875, 1.0293925200569219e-23, nan 
15.625, 84.875, 9.574212310701518e-24, nan 
15.875, 84.875, 1.0113570152880197e-23, nan 
16.125, 84.875, 1.1480282708710626e-23, nan 
16.375, 84.875, 1.1909766008937327e-23, nan 
16.625, 84.875, 1.052600921240981e-23, nan 
16.875, 84.875, 9.18120233839869e-24, nan 
17.125, 84.875, 8.862211363299608e-24, nan 
17.375, 84.875, 9.013411433637457e-24, nan 
17.625, 84.875, 7.673023472925712e-24, nan 
17.875, 84.875, 6.717659814985144e-24, nan 
18.125, 84.875, 6.390771819116531e-24, nan 
18.375, 84.875, 5.625398999932887e-24, nan 
18.625, 84.875, 4.8762244233751496e-24, nan 
18.875, 84.875, 4.508412480067991e-24, nan 
19.125, 84.875, 4.272487249910795e-24, nan 
19.375, 84.875, 4.0559676433876275e-24, nan 
19.625, 84.875, 3.72604170364734e-24, nan 
19.875, 84.875, 3.4612030843917356e-24, nan 
20.125, 84.875, 3.125150790253409e-24, nan 
20.375, 84.875, 2.9750623529475757e-24, nan 
20.625, 84.875, 2.6421032109237436e-24, nan 
20.875, 84.875, 2.4812943439661537e-24, nan 
21.125, 84.875, 2.198751922959699e-24, nan 
21.375, 84.875, 2.0390635945332006e-24, nan 
21.625, 84.875, 1.8464644516846227e-24, nan 
21.875, 84.875, 1.725528650752782e-24, nan 
22.125, 84.875, 1.5833597784770873e-24, nan 
22.375, 84.875, 1.481224505483409e-24, nan 
22.625, 84.875, 1.350244224742553e-24, nan 
22.875, 84.875, 1.2131619382016634e-24, nan 
23.125, 84.875, 1.0422675974461491e-24, nan 
23.375, 84.875, 9.450344178792076e-25, nan 
23.625, 84.875, 8.715503101507254e-25, nan 
23.875, 84.875, 8.413886056643521e-25, nan 
24.125, 84.875, 1.062388132986325e-24, nan 
24.375, 84.875, 1.1450697814604914e-24, nan 
24.625, 84.875, 1.0515756793846306e-24, nan 
24.875, 84.875, 8.811435645292085e-25, nan 
25.125, 84.875, 9.056395378987198e-25, nan 
25.375, 84.875, 8.651323158960359e-25, nan 
25.625, 84.875, 6.915791526690668e-25, nan 
25.875, 84.875, 7.629516468768984e-25, nan 
26.125, 84.875, 1.0428867331279236e-24, nan 
26.375, 84.875, 8.679971265850685e-25, nan 
26.625, 84.875, 8.852413449495849e-25, nan 
26.875, 84.875, 6.171318369875371e-25, nan 
27.125, 84.875, 6.333681825695575e-25, nan 
27.375, 84.875, 8.735568996589002e-25, nan 
27.625, 84.875, 1.4765529152247374e-24, nan 
27.875, 84.875, 1.85423917352922e-24, nan 
28.125, 84.875, 2.244275837015577e-24, nan 
28.375, 84.875, 2.5632395515880218e-24, nan 
28.625, 84.875, 2.7300391230110377e-24, nan 
28.875, 84.875, 2.698346891014184e-24, nan 
29.125, 84.875, 2.668616040135921e-24, nan 
29.375, 84.875, 2.608494032391324e-24, nan 
29.625, 84.875, 2.6651533518811008e-24, nan 
29.875, 84.875, 2.5891168198142656e-24, nan 
30.125, 84.875, 2.5188294078910017e-24, nan 
30.375, 84.875, 2.5356291317591197e-24, nan 
30.625, 84.875, 2.5498494382876707e-24, nan 
30.875, 84.875, 2.6443206399722853e-24, nan 
31.125, 84.875, 2.71712582923068e-24, nan 
31.375, 84.875, 2.6692002616896457e-24, nan 
31.625, 84.875, 2.6106333560312833e-24, nan 
31.875, 84.875, 2.5374076927230525e-24, nan 
32.125, 84.875, 2.4965990240518225e-24, nan 
32.375, 84.875, 2.4972848967864233e-24, nan 
32.625, 84.875, 2.4305082532488617e-24, nan 
32.875, 84.875, 2.2790024984617365e-24, nan 
33.125, 84.875, 2.1574614487743413e-24, nan 
33.375, 84.875, 2.0886543492240357e-24, nan 
33.625, 84.875, 1.9856779677403333e-24, nan 
33.875, 84.875, 1.942100254331513e-24, nan 
34.125, 84.875, 1.866955950033954e-24, nan 
34.375, 84.875, 1.766486558376123e-24, nan 
34.625, 84.875, 1.7189650322340245e-24, nan 
34.875, 84.875, 1.675339972277578e-24, nan 
35.125, 84.875, 1.6116209841153611e-24, nan 
35.375, 84.875, 1.5998105176553351e-24, nan 
35.625, 84.875, 1.5238451229247631e-24, nan 
35.875, 84.875, 1.4472936158684344e-24, nan 
36.125, 84.875, 1.3811799965959505e-24, nan 
36.375, 84.875, 1.256033243037675e-24, nan 
36.625, 84.875, 1.1923078213366012e-24, nan 
36.875, 84.875, 1.1961937912481492e-24, nan 
37.125, 84.875, 1.1621821444586492e-24, nan 
37.375, 84.875, 1.1291208737592399e-24, nan 
37.625, 84.875, 1.0629712481816835e-24, nan 
37.875, 84.875, 1.052395803268464e-24, nan 
38.125, 84.875, 1.0167786220537313e-24, nan 
38.375, 84.875, 1.0025032781703335e-24, nan 
38.625, 84.875, 9.739641761627682e-25, nan 
38.875, 84.875, 9.583783223437449e-25, nan 
39.125, 84.875, 9.359821553485704e-25, nan 
39.375, 84.875, 8.95221760002302e-25, nan 
39.625, 84.875, 8.800080165132957e-25, nan 
39.875, 84.875, 9.353712548240823e-25, nan 
40.125, 84.875, 9.993426197296876e-25, nan 
40.375, 84.875, 1.1159183486619716e-24, nan 
40.625, 84.875, 1.1767408082302818e-24, nan 
40.875, 84.875, 1.1235168373263155e-24, nan 
41.125, 84.875, 1.0765373133103241e-24, nan 
41.375, 84.875, 1.016129793408773e-24, nan 
41.625, 84.875, 1.0834303957696862e-24, nan 
41.875, 84.875, 1.2131867760483894e-24, nan 
42.125, 84.875, 1.2438596039063259e-24, nan 
42.375, 84.875, 1.311236933969593e-24, nan 
42.625, 84.875, 1.3171619337223402e-24, nan 
42.875, 84.875, 1.2515578543921493e-24, nan 
43.125, 84.875, 1.2875412979618299e-24, nan 
43.375, 84.875, 1.3105327020715912e-24, nan 
43.625, 84.875, 1.2686366854208581e-24, nan 
43.875, 84.875, 1.2970682857662855e-24, nan 
44.125, 84.875, 1.3053815902515556e-24, nan 
44.375, 84.875, 1.3228889438872493e-24, nan 
44.625, 84.875, 1.3455051568233953e-24, nan 
44.875, 84.875, 1.4132582999880745e-24, nan 
45.125, 84.875, 1.4313500941176172e-24, nan 
45.375, 84.875, 1.3927492737492868e-24, nan 
45.625, 84.875, 1.3606655419695992e-24, nan 
45.875, 84.875, 1.351521217216172e-24, nan 
46.125, 84.875, 1.3155201439578863e-24, nan 
46.375, 84.875, 1.3537466602551721e-24, nan 
46.625, 84.875, 1.3629792515605943e-24, nan 
46.875, 84.875, 1.394375275208367e-24, nan 
47.125, 84.875, 1.4055847902120653e-24, nan 
47.375, 84.875, 1.4117715793415299e-24, nan 
47.625, 84.875, 1.40609914687504e-24, nan 
47.875, 84.875, 1.4010649615638236e-24, nan 
48.125, 84.875, 1.3787109167662176e-24, nan 
48.375, 84.875, 1.3261307867760727e-24, nan 
48.625, 84.875, 1.3011873688407575e-24, nan 
48.875, 84.875, 1.3364248486298024e-24, nan 
49.125, 84.875, 1.3564502743918315e-24, nan 
49.375, 84.875, 1.3464578599120895e-24, nan 
49.625, 84.875, 1.3729054831770493e-24, nan 
49.875, 84.875, 1.3716020979320827e-24, nan 
50.125, 84.875, 1.3442405596237555e-24, nan 
50.375, 84.875, 1.326297636200412e-24, nan 
50.625, 84.875, 1.3588339212534244e-24, nan 
50.875, 84.875, 1.3365352268756207e-24, nan 
51.125, 84.875, 1.3563557479177363e-24, nan 
51.375, 84.875, 1.3517771513325625e-24, nan 
51.625, 84.875, 1.3434000267125143e-24, nan 
51.875, 84.875, 1.3140968654506155e-24, nan 
52.125, 84.875, 1.2440257485028618e-24, nan 
52.375, 84.875, 1.2426010661176623e-24, nan 
52.625, 84.875, 1.2410838796792415e-24, nan 
52.875, 84.875, 1.2526349417973698e-24, nan 
53.125, 84.875, 1.2722366042056042e-24, nan 
53.375, 84.875, 1.2820513856346601e-24, nan 
53.625, 84.875, 1.2702568539375922e-24, nan 
53.875, 84.875, 1.2762589678273268e-24, nan 
54.125, 84.875, 1.2685929406823533e-24, nan 
54.375, 84.875, 1.2721782014643775e-24, nan 
54.625, 84.875, 1.2834976807390182e-24, nan 
54.875, 84.875, 1.2700129916856103e-24, nan 
55.125, 84.875, 1.2631204129137975e-24, nan 
55.375, 84.875, 1.2067157251905724e-24, nan 
55.625, 84.875, 1.1633842334018648e-24, nan 
55.875, 84.875, 1.154851629728831e-24, nan 
56.125, 84.875, 1.1250163070893832e-24, nan 
56.375, 84.875, 1.1089417127514624e-24, nan 
56.625, 84.875, 1.1412938334278885e-24, nan 
56.875, 84.875, 1.1595937281065333e-24, nan 
57.125, 84.875, 1.1091095304822093e-24, nan 
57.375, 84.875, 1.115753015773956e-24, nan 
57.625, 84.875, 1.105661014689773e-24, nan 
57.875, 84.875, 1.1770001192867283e-24, nan 
58.125, 84.875, 1.1848794321438628e-24, nan 
58.375, 84.875, 1.2135418540102567e-24, nan 
58.625, 84.875, 1.1955163619823893e-24, nan 
58.875, 84.875, 1.1992225736843703e-24, nan 
59.125, 84.875, 1.2394158749284833e-24, nan 
59.375, 84.875, 1.2747504165736363e-24, nan 
59.625, 84.875, 1.2701737992699344e-24, nan 
59.875, 84.875, 1.2352075534638979e-24, nan 
60.125, 84.875, 1.276223047561977e-24, nan 
60.375, 84.875, 1.288994547191916e-24, nan 
60.625, 84.875, 1.3002853169376199e-24, nan 
60.875, 84.875, 1.2823514375905894e-24, nan 
61.125, 84.875, 1.2764698745523194e-24, nan 
61.375, 84.875, 1.3139101055739697e-24, nan 
61.625, 84.875, 1.3416150191279823e-24, nan 
61.875, 84.875, 1.3129512664185855e-24, nan 
62.125, 84.875, 1.2861431039631164e-24, nan 
62.375, 84.875, 1.2685189912249308e-24, nan 
62.625, 84.875, 1.1413024626697914e-24, nan 
62.875, 84.875, 1.113902129736653e-24, nan 
63.125, 84.875, 1.1119341702308791e-24, nan 
63.375, 84.875, 1.0488973128048169e-24, nan 
63.625, 84.875, 9.97255047322009e-25, nan 
63.875, 84.875, 9.30250263869533e-25, nan 
64.125, 84.875, 9.165948394373044e-25, nan 
64.375, 84.875, 9.22330701551275e-25, nan 
64.625, 84.875, 9.389495548791972e-25, nan 
64.875, 84.875, 9.619361135782624e-25, nan 
65.125, 84.875, 9.795609738724824e-25, nan 
65.375, 84.875, 9.692869560097918e-25, nan 
65.625, 84.875, 9.656319623305635e-25, nan 
65.875, 84.875, 9.671557770481691e-25, nan 
66.125, 84.875, 9.522720450922337e-25, nan 
66.375, 84.875, 8.909738300124638e-25, nan 
66.625, 84.875, 8.797408644474492e-25, nan 
66.875, 84.875, 8.82252369239546e-25, nan 
67.125, 84.875, 8.567894078621997e-25, nan 
67.375, 84.875, 8.723812783887992e-25, nan 
67.625, 84.875, 8.52792968528315e-25, nan 
67.875, 84.875, 8.76548155917966e-25, nan 
68.125, 84.875, 8.95313409381148e-25, nan 
68.375, 84.875, 9.233944858191814e-25, nan 
68.625, 84.875, 9.191193954072554e-25, nan 
68.875, 84.875, 9.554637084208695e-25, nan 
69.125, 84.875, 1.002024469514457e-24, nan 
69.375, 84.875, 1.0424454040119008e-24, nan 
69.625, 84.875, 1.0580145169829447e-24, nan 
69.875, 84.875, 1.0304181123514549e-24, nan 
70.125, 84.875, 9.982297283757827e-25, nan 
70.375, 84.875, 9.81868477474778e-25, nan 
70.625, 84.875, 9.992050248556965e-25, nan 
70.875, 84.875, 1.0659552711829041e-24, nan 
71.125, 84.875, 1.1062738954176908e-24, nan 
71.375, 84.875, 1.0776431941545602e-24, nan 
71.625, 84.875, 1.0475120671121602e-24, nan 
71.875, 84.875, 1.0703810110979732e-24, nan 
72.125, 84.875, 1.1202816510692708e-24, nan 
72.375, 84.875, 1.1021693402140722e-24, nan 
72.625, 84.875, 1.0691667790898985e-24, nan 
72.875, 84.875, 1.0662581587498545e-24, nan 
73.125, 84.875, 1.05910106445336e-24, nan 
73.375, 84.875, 1.1422696482980423e-24, nan 
73.625, 84.875, 1.2455760849582871e-24, nan 
73.875, 84.875, 1.2644119610830372e-24, nan 
74.125, 84.875, 1.2940774184003779e-24, nan 
74.375, 84.875, 1.2518921168651297e-24, nan 
74.625, 84.875, 1.1216663450743579e-24, nan 
74.875, 84.875, 1.0749846892294178e-24, nan 
75.125, 84.875, 1.0838530443038122e-24, nan 
75.375, 84.875, 1.1079909498218208e-24, nan 
75.625, 84.875, 1.1657477487089623e-24, nan 
75.875, 84.875, 1.187828657413903e-24, nan 
76.125, 84.875, 1.2106183707245213e-24, nan 
76.375, 84.875, 1.2125502365495123e-24, nan 
76.625, 84.875, 1.2310427231692032e-24, nan 
76.875, 84.875, 1.1556873137667751e-24, nan 
77.125, 84.875, 1.156639100702466e-24, nan 
77.375, 84.875, 1.2031741759412854e-24, nan 
77.625, 84.875, 1.1825186823586658e-24, nan 
77.875, 84.875, 1.2221450317091105e-24, nan 
78.125, 84.875, 1.2681595467097624e-24, nan 
78.375, 84.875, 1.2359190791425437e-24, nan 
78.625, 84.875, 1.3018508609150895e-24, nan 
78.875, 84.875, 1.3246544489858586e-24, nan 
79.125, 84.875, 1.3017235781692624e-24, nan 
79.375, 84.875, 1.2977599849379022e-24, nan 
79.625, 84.875, 1.3803930039960192e-24, nan 
-110.875, 85.125, 1.747261110794016e-23, nan 
-110.625, 85.125, 1.6841804121063784e-23, nan 
-110.375, 85.125, 1.5376981403922563e-23, nan 
-110.125, 85.125, 1.407954972625609e-23, nan 
-109.875, 85.125, 1.2103845552142893e-23, nan 
-109.625, 85.125, 1.2235288066371665e-23, nan 
-109.375, 85.125, 1.2657092937443181e-23, nan 
-109.125, 85.125, 1.1048040925964245e-23, nan 
-108.875, 85.125, 1.0019561400892428e-23, nan 
-108.625, 85.125, 9.599303701961728e-24, nan 
-108.375, 85.125, 9.639017518139851e-24, nan 
-108.125, 85.125, 8.380948536736618e-24, nan 
-107.875, 85.125, 6.64323773002283e-24, nan 
-107.625, 85.125, 5.82819420266141e-24, nan 
-107.375, 85.125, 7.070753565128879e-24, nan 
-107.125, 85.125, 8.877277301861842e-24, nan 
-106.875, 85.125, 1.1104352678521735e-23, nan 
-106.625, 85.125, 1.356595461084363e-23, nan 
-106.375, 85.125, 1.4586993822547076e-23, nan 
-106.125, 85.125, 1.3991616231031177e-23, nan 
-105.875, 85.125, 1.3254781063380558e-23, nan 
-105.625, 85.125, 1.356825270161527e-23, nan 
-105.375, 85.125, 1.1452097838678112e-23, nan 
-105.125, 85.125, 7.374070718020045e-24, nan 
-104.875, 85.125, 4.328680417616737e-24, nan 
-104.625, 85.125, 4.4950116341593385e-24, nan 
-104.375, 85.125, 5.60080993504083e-24, nan 
-104.125, 85.125, 6.807818206904685e-24, nan 
-103.875, 85.125, 7.789079990509398e-24, nan 
-103.625, 85.125, 8.776886250434343e-24, nan 
-103.375, 85.125, 9.064292928081019e-24, nan 
-103.125, 85.125, 8.44235027906671e-24, nan 
-102.875, 85.125, 8.744717850127544e-24, nan 
-102.625, 85.125, 8.393243654916088e-24, nan 
-102.375, 85.125, 8.107872862173453e-24, nan 
-102.125, 85.125, 7.826972321670829e-24, nan 
-101.875, 85.125, 8.002708277572402e-24, nan 
-101.625, 85.125, 8.21287873554862e-24, nan 
-101.375, 85.125, 8.415443226841069e-24, nan 
-101.125, 85.125, 8.569244536688384e-24, nan 
-100.875, 85.125, 8.667525514016277e-24, nan 
-100.625, 85.125, 8.52963391488028e-24, nan 
-100.375, 85.125, 8.422981879975203e-24, nan 
-100.125, 85.125, 8.705111911647752e-24, nan 
-99.875, 85.125, 9.944148761994697e-24, nan 
-99.625, 85.125, 1.1919698129721675e-23, nan 
-99.375, 85.125, 1.2561150962758396e-23, nan 
-99.125, 85.125, 1.2908218818470497e-23, nan 
-98.875, 85.125, 1.2199661429431777e-23, nan 
-98.625, 85.125, 1.2726690876590285e-23, nan 
-98.375, 85.125, 1.242938102268111e-23, nan 
-98.125, 85.125, 1.3183739996060452e-23, nan 
-97.875, 85.125, 1.3680325926148214e-23, nan 
-97.625, 85.125, 1.4089151824211382e-23, nan 
-97.375, 85.125, 1.3500137692393008e-23, nan 
-97.125, 85.125, 1.3949337342361134e-23, nan 
-96.875, 85.125, 1.4325758432319032e-23, nan 
-96.625, 85.125, 1.3407082353538318e-23, nan 
-96.375, 85.125, 1.2868512013756657e-23, nan 
-96.125, 85.125, 1.268266906257992e-23, nan 
-95.875, 85.125, 1.3082617313412866e-23, nan 
-95.625, 85.125, 1.3319404413738963e-23, nan 
-95.375, 85.125, 1.1373340609155985e-23, nan 
-95.125, 85.125, 1.1622419191293965e-23, nan 
-94.875, 85.125, 1.2624343788752682e-23, nan 
-94.625, 85.125, 1.2139866949346319e-23, nan 
-94.375, 85.125, 1.0276342824388135e-23, nan 
-94.125, 85.125, 1.0763053091578668e-23, nan 
-93.875, 85.125, 1.0129751221763645e-23, nan 
-93.625, 85.125, 1.1233561525665375e-23, nan 
-93.375, 85.125, 1.167281609325557e-23, nan 
-93.125, 85.125, 1.6388079023564555e-23, nan 
-92.875, 85.125, 1.8010495070841107e-23, nan 
-92.625, 85.125, 1.8946285173366663e-23, nan 
-92.375, 85.125, 2.0406614674310148e-23, nan 
-92.125, 85.125, 2.0535981584265506e-23, nan 
-91.875, 85.125, 1.977200409557102e-23, nan 
-91.625, 85.125, 2.0787571714542527e-23, nan 
-91.375, 85.125, 2.2556773522970214e-23, nan 
-91.125, 85.125, 2.3545253370397473e-23, nan 
-90.875, 85.125, 2.3625196623589577e-23, nan 
-90.625, 85.125, 2.346397543969373e-23, nan 
-90.375, 85.125, 2.4640090168580594e-23, nan 
-90.125, 85.125, 2.3309665634467498e-23, nan 
-89.875, 85.125, 2.212139991169112e-23, nan 
-89.625, 85.125, 2.3183929343212527e-23, nan 
-89.375, 85.125, 2.426756789408873e-23, nan 
-89.125, 85.125, 2.4943448349905637e-23, nan 
-88.875, 85.125, 2.5755481897924708e-23, nan 
-88.625, 85.125, 2.4839852755753318e-23, nan 
-88.375, 85.125, 2.71660655689766e-23, nan 
-88.125, 85.125, 2.919028333864419e-23, nan 
-87.875, 85.125, 3.0213100662129296e-23, nan 
-87.625, 85.125, 2.940087437889003e-23, nan 
-87.375, 85.125, 2.698113761976195e-23, nan 
-87.125, 85.125, 2.4531173692651774e-23, nan 
-86.875, 85.125, 2.222154614547018e-23, nan 
-86.625, 85.125, 2.2359046496667436e-23, nan 
-86.375, 85.125, 2.3223865054429804e-23, nan 
-86.125, 85.125, 2.463776137951562e-23, nan 
-85.875, 85.125, 2.2890848308706236e-23, nan 
-85.625, 85.125, 2.3962334135972094e-23, nan 
-85.375, 85.125, 2.629852502144455e-23, nan 
-85.125, 85.125, 2.765643010196334e-23, nan 
-84.875, 85.125, 2.7818993176111915e-23, nan 
-84.625, 85.125, 2.672496777318114e-23, nan 
-84.375, 85.125, 2.4154221972419326e-23, nan 
-84.125, 85.125, 1.9264101067944045e-23, nan 
-83.875, 85.125, 1.827900528761532e-23, nan 
-83.625, 85.125, 1.6706043747605804e-23, nan 
-83.375, 85.125, 1.5579074123870666e-23, nan 
-83.125, 85.125, 1.6367916963459625e-23, nan 
-82.875, 85.125, 1.5054330741685544e-23, nan 
-82.625, 85.125, 1.4413907571168543e-23, nan 
-82.375, 85.125, 1.4493179352243712e-23, nan 
-82.125, 85.125, 1.5292863153611986e-23, nan 
-81.875, 85.125, 1.735758459899953e-23, nan 
-81.625, 85.125, 1.8577577744840595e-23, nan 
-81.375, 85.125, 2.0373918457203383e-23, nan 
-81.125, 85.125, 2.2236189267020675e-23, nan 
-80.875, 85.125, 2.4468649076588388e-23, nan 
-80.625, 85.125, 2.656299265885414e-23, nan 
-80.375, 85.125, 2.645353131462249e-23, nan 
-80.125, 85.125, 2.4174031098574359e-23, nan 
-79.875, 85.125, 2.0935636780518438e-23, nan 
-79.625, 85.125, 1.1255193057253912e-23, nan 
-79.375, 85.125, 9.253856534846759e-24, nan 
-79.125, 85.125, 6.4532260950740704e-24, nan 
-78.875, 85.125, 5.5414001955931326e-24, nan 
-78.625, 85.125, 5.390670156805421e-24, nan 
-78.375, 85.125, 6.137989659284312e-24, nan 
-78.125, 85.125, 8.456830362152453e-24, nan 
-77.875, 85.125, 1.1376910099165025e-23, nan 
-77.625, 85.125, 1.1508411291144112e-23, nan 
-77.375, 85.125, 1.1307468951255355e-23, nan 
-77.125, 85.125, 1.4004698245672063e-23, nan 
-76.875, 85.125, 1.5832779054191626e-23, nan 
-76.625, 85.125, 1.6234096365868107e-23, nan 
-76.375, 85.125, 1.64565691897284e-23, nan 
-76.125, 85.125, 1.7119523075225646e-23, nan 
-75.875, 85.125, 1.7288573593093727e-23, nan 
-75.625, 85.125, 1.802702248047428e-23, nan 
-75.375, 85.125, 1.9383816094627572e-23, nan 
-75.125, 85.125, 2.0834186325942998e-23, nan 
-74.875, 85.125, 2.332013586286019e-23, nan 
-74.625, 85.125, 2.342951784175135e-23, nan 
-74.375, 85.125, 2.3685145127114906e-23, nan 
-74.125, 85.125, 2.4613992487664693e-23, nan 
-73.875, 85.125, 2.2272765714546564e-23, nan 
-73.625, 85.125, 2.0933615067348784e-23, nan 
-73.375, 85.125, 2.0705096312226815e-23, nan 
-73.125, 85.125, 2.1107409424717477e-23, nan 
-72.875, 85.125, 2.130980716745698e-23, nan 
-72.625, 85.125, 2.1856449138068998e-23, nan 
-72.375, 85.125, 2.0779699055238513e-23, nan 
-72.125, 85.125, 1.7864138524171525e-23, nan 
-71.875, 85.125, 1.750075789283568e-23, nan 
-71.625, 85.125, 2.3650598604824956e-23, nan 
-71.375, 85.125, 2.9100843702909165e-23, nan 
-71.125, 85.125, 3.1778912670482834e-23, nan 
-70.875, 85.125, 2.7372928080578844e-23, nan 
-70.625, 85.125, 2.315438758462445e-23, nan 
-70.375, 85.125, 2.2432133042817458e-23, nan 
-70.125, 85.125, 2.6013007503400314e-23, nan 
-69.875, 85.125, 2.8482739322670455e-23, nan 
-69.625, 85.125, 2.736527724800657e-23, nan 
-69.375, 85.125, 2.6839018018927305e-23, nan 
-69.125, 85.125, 2.728040369477438e-23, nan 
-68.875, 85.125, 2.903580421331378e-23, nan 
-68.625, 85.125, 3.19427795272171e-23, nan 
-68.375, 85.125, 3.0051473897147676e-23, nan 
-68.125, 85.125, 2.75411668001891e-23, nan 
-67.875, 85.125, 2.6571372233321574e-23, nan 
-67.625, 85.125, 2.6956769912746603e-23, nan 
-67.375, 85.125, 2.798427818130884e-23, nan 
-67.125, 85.125, 2.75985260145548e-23, nan 
-66.875, 85.125, 2.660320090463786e-23, nan 
-66.625, 85.125, 2.501581921404756e-23, nan 
-66.375, 85.125, 2.473047814961642e-23, nan 
-66.125, 85.125, 2.4757913107327074e-23, nan 
-65.875, 85.125, 2.418952929182496e-23, nan 
-65.625, 85.125, 2.504466104436459e-23, nan 
-65.375, 85.125, 2.283461184419629e-23, nan 
-65.125, 85.125, 2.3914788487840406e-23, nan 
-64.875, 85.125, 2.3255540825903294e-23, nan 
-64.625, 85.125, 2.1854107448131032e-23, nan 
-64.375, 85.125, 2.214683000148821e-23, nan 
-64.125, 85.125, 2.169138573384059e-23, nan 
-63.875, 85.125, 2.1999421296096236e-23, nan 
-63.625, 85.125, 2.2703542412447122e-23, nan 
-63.375, 85.125, 2.4850200911169582e-23, nan 
-63.125, 85.125, 2.7737751058478264e-23, nan 
-62.875, 85.125, 2.8535267275268907e-23, nan 
-62.625, 85.125, 2.8117045428562823e-23, nan 
-62.375, 85.125, 2.772112500842323e-23, nan 
-62.125, 85.125, 2.6682211671992545e-23, nan 
-61.875, 85.125, 2.642506471569517e-23, nan 
-61.625, 85.125, 2.647509460840026e-23, nan 
-61.375, 85.125, 2.6444544645487808e-23, nan 
-61.125, 85.125, 2.7264583737097185e-23, nan 
-60.875, 85.125, 2.9893237405243544e-23, nan 
-60.625, 85.125, 3.178376559465353e-23, nan 
-60.375, 85.125, 3.4661111492312315e-23, nan 
-60.125, 85.125, 3.872580317795813e-23, nan 
-59.875, 85.125, 4.1680602068861166e-23, nan 
-59.625, 85.125, 4.198791377085771e-23, nan 
-59.375, 85.125, 3.7139379667898473e-23, nan 
-59.125, 85.125, 3.386704955009181e-23, nan 
-58.875, 85.125, 3.1253507918745106e-23, nan 
-58.625, 85.125, 2.9733757500307086e-23, nan 
-58.375, 85.125, 2.908755390326968e-23, nan 
-58.125, 85.125, 2.8061086767862787e-23, nan 
-57.875, 85.125, 2.859428223340569e-23, nan 
-57.625, 85.125, 2.946100192390495e-23, nan 
-57.375, 85.125, 3.2521067088810034e-23, nan 
-57.125, 85.125, 3.6956318548732575e-23, nan 
-56.875, 85.125, 3.873821099249465e-23, nan 
-56.625, 85.125, 3.637997788044877e-23, nan 
-56.375, 85.125, 3.4061508724826306e-23, nan 
-56.125, 85.125, 3.1592654293541e-23, nan 
-55.875, 85.125, 2.948089881095026e-23, nan 
-55.625, 85.125, 2.8937749163531294e-23, nan 
-55.375, 85.125, 2.5503582555296656e-23, nan 
-55.125, 85.125, 2.1174335385634944e-23, nan 
-54.875, 85.125, 1.6834859009621685e-23, nan 
-54.625, 85.125, 1.4563998743639705e-23, nan 
-54.375, 85.125, 1.1869640628192721e-23, nan 
-54.125, 85.125, 1.0195015185417116e-23, nan 
-53.875, 85.125, 8.561136185461533e-24, nan 
-53.625, 85.125, 8.080504994175355e-24, nan 
-53.375, 85.125, 9.89588331131552e-24, nan 
-53.125, 85.125, 9.649906263575425e-24, nan 
-52.875, 85.125, 9.581155403706642e-24, nan 
-52.625, 85.125, 9.132897396223764e-24, nan 
-52.375, 85.125, 7.677551570690744e-24, nan 
-52.125, 85.125, 6.1878390505094114e-24, nan 
-51.875, 85.125, 5.506623698309978e-24, nan 
-51.625, 85.125, 4.662451272898024e-24, nan 
-51.375, 85.125, 3.8014878887094294e-24, nan 
-51.125, 85.125, 3.578948176844932e-24, nan 
-50.875, 85.125, 3.1540676871266476e-24, nan 
-50.625, 85.125, 2.9493544282416843e-24, nan 
-50.375, 85.125, 3.1126354766895077e-24, nan 
-50.125, 85.125, 3.2124245395135365e-24, nan 
-49.875, 85.125, 3.437460757704924e-24, nan 
-49.625, 85.125, 4.382141218595449e-24, nan 
-49.375, 85.125, 3.1061414693159114e-24, nan 
-49.125, 85.125, 1.673040812363626e-24, nan 
-48.875, 85.125, 3.73840053005335e-24, nan 
-48.625, 85.125, 3.1537207314137203e-24, nan 
-48.375, 85.125, 3.484481357511527e-24, nan 
-48.125, 85.125, 2.854929514258245e-24, nan 
-47.875, 85.125, 3.066176672467289e-24, nan 
-47.625, 85.125, 4.193818171412425e-24, nan 
-47.375, 85.125, 5.392537000585049e-24, nan 
-47.125, 85.125, 6.831180738409558e-24, nan 
-46.875, 85.125, 6.175086435761911e-24, nan 
-46.625, 85.125, 5.5174475220225425e-24, nan 
-46.375, 85.125, 6.741807704211297e-24, nan 
-46.125, 85.125, 6.88198546794389e-24, nan 
-45.875, 85.125, 8.207175743905801e-24, nan 
-45.625, 85.125, 7.944173303522566e-24, nan 
-45.375, 85.125, 1.0036267056983933e-23, nan 
-45.125, 85.125, 1.353019355109673e-23, nan 
-44.875, 85.125, 2.533782569255818e-23, nan 
-44.625, 85.125, 2.8283948583922976e-23, nan 
-44.375, 85.125, 2.8224101719342257e-23, nan 
-44.125, 85.125, 2.8181693028095646e-23, nan 
-43.875, 85.125, 2.77444869902235e-23, nan 
-43.625, 85.125, 2.7437323820995294e-23, nan 
-43.375, 85.125, 2.77488589741827e-23, nan 
-43.125, 85.125, 2.7707905678476715e-23, nan 
-42.875, 85.125, 2.78655649546739e-23, nan 
-42.625, 85.125, 2.783406191942806e-23, nan 
-42.375, 85.125, 2.7487352743736e-23, nan 
-42.125, 85.125, 2.7342281956212544e-23, nan 
-41.875, 85.125, 2.7427390656667466e-23, nan 
-41.625, 85.125, 2.8410722793429844e-23, nan 
-41.375, 85.125, 2.978989411632324e-23, nan 
-41.125, 85.125, 3.0254467411442835e-23, nan 
-40.875, 85.125, 3.2222686351380743e-23, nan 
-40.625, 85.125, 3.08006656462539e-23, nan 
-40.375, 85.125, 2.9976568294111324e-23, nan 
-40.125, 85.125, 3.062443074942985e-23, nan 
-39.875, 85.125, 3.214149240592634e-23, nan 
-39.625, 85.125, 3.943070639579222e-23, nan 
-39.375, 85.125, 4.197107249817316e-23, nan 
-39.125, 85.125, 4.3009705088216755e-23, nan 
-38.875, 85.125, 4.1065089507625633e-23, nan 
-38.625, 85.125, 3.3660876101395764e-23, nan 
-38.375, 85.125, 3.2418315222975194e-23, nan 
-38.125, 85.125, 3.212023426108754e-23, nan 
-37.875, 85.125, 3.2821269738481436e-23, nan 
-37.625, 85.125, 3.35221504710436e-23, nan 
-37.375, 85.125, 3.292214298017566e-23, nan 
-37.125, 85.125, 3.3283097879953823e-23, nan 
-36.875, 85.125, 3.4404707752781204e-23, nan 
-36.625, 85.125, 3.606995485607492e-23, nan 
-36.375, 85.125, 3.8522191157399095e-23, nan 
-36.125, 85.125, 3.7358409489197985e-23, nan 
-35.875, 85.125, 3.6060865762592246e-23, nan 
-35.625, 85.125, 4.27036448171399e-23, nan 
-35.375, 85.125, 4.330021481869788e-23, nan 
-35.125, 85.125, 4.373308456866754e-23, nan 
-34.875, 85.125, 3.9279019965242635e-23, nan 
-34.625, 85.125, 3.990840742525306e-23, nan 
-34.375, 85.125, 4.165769659920871e-23, nan 
-34.125, 85.125, 4.439375392681158e-23, nan 
-33.875, 85.125, 4.821543269152065e-23, nan 
-33.625, 85.125, 5.14554778085869e-23, nan 
-33.375, 85.125, 4.9949296414889174e-23, nan 
-33.125, 85.125, 4.406034071663637e-23, nan 
-32.875, 85.125, 3.975711109974841e-23, nan 
-32.625, 85.125, 3.97231379282664e-23, nan 
-32.375, 85.125, 4.062868654526087e-23, nan 
-32.125, 85.125, 4.1508707420100596e-23, nan 
-31.875, 85.125, 4.327746083986196e-23, nan 
-31.625, 85.125, 4.434197460055713e-23, nan 
-31.375, 85.125, 4.582749458733701e-23, nan 
-31.125, 85.125, 4.880489513454357e-23, nan 
-30.875, 85.125, 4.6005132266149014e-23, nan 
-30.625, 85.125, 4.4302635766498846e-23, nan 
-30.375, 85.125, 4.2544336014826935e-23, nan 
-30.125, 85.125, 4.249514439765385e-23, nan 
-29.875, 85.125, 4.230699129754025e-23, nan 
-29.625, 85.125, 4.337432578032318e-23, nan 
-29.375, 85.125, 4.2989154457239845e-23, nan 
-29.125, 85.125, 4.227908781540523e-23, nan 
-28.875, 85.125, 4.365926819894142e-23, nan 
-28.625, 85.125, 4.4973161558273465e-23, nan 
-28.375, 85.125, 4.677630155601737e-23, nan 
-28.125, 85.125, 4.726830629428501e-23, nan 
-27.875, 85.125, 4.5203627118876413e-23, nan 
-27.625, 85.125, 4.2836521606288325e-23, nan 
-27.375, 85.125, 4.503897962792523e-23, nan 
-27.125, 85.125, 4.6138397651352803e-23, nan 
-26.875, 85.125, 4.7149604704173185e-23, nan 
-26.625, 85.125, 4.9054572009936835e-23, nan 
-26.375, 85.125, 4.888424766439967e-23, nan 
-26.125, 85.125, 5.1093047313305755e-23, nan 
-25.875, 85.125, 5.389430231428718e-23, nan 
-25.625, 85.125, 5.447402612064237e-23, nan 
-25.375, 85.125, 5.346476245551062e-23, nan 
-25.125, 85.125, 5.328953448292946e-23, nan 
-24.875, 85.125, 5.547487899310742e-23, nan 
-24.625, 85.125, 6.09751157579104e-23, nan 
-24.375, 85.125, 6.416981080563425e-23, nan 
-24.125, 85.125, 6.584352201721341e-23, nan 
-23.875, 85.125, 6.85299801266245e-23, nan 
-23.625, 85.125, 6.885622263515821e-23, nan 
-23.375, 85.125, 7.008449959684604e-23, nan 
-23.125, 85.125, 6.79650827863993e-23, nan 
-22.875, 85.125, 6.69444580121786e-23, nan 
-22.625, 85.125, 6.447287550189952e-23, nan 
-22.375, 85.125, 5.951086118603219e-23, nan 
-22.125, 85.125, 5.808664352621522e-23, nan 
-21.875, 85.125, 5.354972521569497e-23, nan 
-21.625, 85.125, 5.216493912559015e-23, nan 
-21.375, 85.125, 5.326581856581658e-23, nan 
-21.125, 85.125, 5.615131740403203e-23, nan 
-20.875, 85.125, 5.543689235138293e-23, nan 
-20.625, 85.125, 5.655016421209757e-23, nan 
-20.375, 85.125, 5.467059370908322e-23, nan 
-20.125, 85.125, 5.322237057209679e-23, nan 
-19.875, 85.125, 5.09865770186671e-23, nan 
-19.625, 85.125, 5.156976534493663e-23, nan 
-19.375, 85.125, 5.0807618911393885e-23, nan 
-19.125, 85.125, 5.1832119295460775e-23, nan 
-18.875, 85.125, 5.256384911880674e-23, nan 
-18.625, 85.125, 5.289610264741893e-23, nan 
-18.375, 85.125, 5.2459965879617816e-23, nan 
-18.125, 85.125, 5.1156299824055284e-23, nan 
-17.875, 85.125, 5.1219990617350223e-23, nan 
-17.625, 85.125, 5.1494480889217926e-23, nan 
-17.375, 85.125, 5.087551677728534e-23, nan 
-17.125, 85.125, 4.9864164614862384e-23, nan 
-16.875, 85.125, 4.131996532555781e-23, nan 
-16.625, 85.125, 3.317823780967175e-23, nan 
-16.375, 85.125, 2.6759899491401395e-23, nan 
-16.125, 85.125, 2.7822863369102086e-23, nan 
-15.875, 85.125, 3.007101338700503e-23, nan 
-15.625, 85.125, 3.562392128952414e-23, nan 
-15.375, 85.125, 3.2896612899213825e-23, nan 
-15.125, 85.125, 3.229236590035891e-23, nan 
-14.875, 85.125, 3.5914502718935894e-23, nan 
-14.625, 85.125, 3.7208173318760726e-23, nan 
-14.375, 85.125, 3.9751945556065666e-23, nan 
-14.125, 85.125, 3.447695121689519e-23, nan 
-13.875, 85.125, 3.366202113017999e-23, nan 
-13.625, 85.125, 3.4781994770213056e-23, nan 
-13.375, 85.125, 3.816775491572533e-23, nan 
-13.125, 85.125, 4.0871349581973443e-23, nan 
-12.875, 85.125, 4.326211880735101e-23, nan 
-12.625, 85.125, 3.856751903861898e-23, nan 
-12.375, 85.125, 4.269982267941994e-23, nan 
-12.125, 85.125, 4.2964994658339486e-23, nan 
-11.875, 85.125, 4.271764580409273e-23, nan 
-11.625, 85.125, 5.1743507492453076e-23, nan 
-11.375, 85.125, 6.080246124250529e-23, nan 
-11.125, 85.125, 6.536339627862823e-23, nan 
-10.875, 85.125, 7.175804498070259e-23, nan 
-10.625, 85.125, 7.35869788397965e-23, nan 
-10.375, 85.125, 7.371413165157385e-23, nan 
-10.125, 85.125, 7.320308715402268e-23, nan 
-9.875, 85.125, 7.212963324451017e-23, nan 
-9.625, 85.125, 7.183646989087312e-23, nan 
-9.375, 85.125, 7.081095445399244e-23, nan 
-9.125, 85.125, 5.2437067656322765e-23, nan 
-8.875, 85.125, 3.99251148201654e-23, nan 
-8.625, 85.125, 5.530036788061663e-23, nan 
-8.375, 85.125, 6.910736414985351e-23, nan 
-8.125, 85.125, 6.98229604240159e-23, nan 
-7.875, 85.125, 7.14155905891608e-23, nan 
-7.625, 85.125, 6.809226970298867e-23, nan 
-7.375, 85.125, 6.558121090970362e-23, nan 
-7.125, 85.125, 6.271410472413745e-23, nan 
-6.875, 85.125, 6.237041181213305e-23, nan 
-6.625, 85.125, 6.027437234362596e-23, nan 
-6.375, 85.125, 4.870682451875549e-23, nan 
-6.125, 85.125, 3.2350635842538197e-23, nan 
-5.875, 85.125, 3.445364922929174e-23, nan 
-5.625, 85.125, 6.09527266775961e-23, nan 
-5.375, 85.125, 5.053694338177525e-23, nan 
-5.125, 85.125, 5.528342078383365e-23, nan 
-4.875, 85.125, 4.8042706400589226e-23, nan 
-4.625, 85.125, 4.4133650995865925e-23, nan 
-4.375, 85.125, 3.4112326354770804e-23, nan 
-4.125, 85.125, 3.3164789564045707e-23, nan 
-3.875, 85.125, 3.322643823695055e-23, nan 
-3.625, 85.125, 3.466757728959108e-23, nan 
-3.375, 85.125, 3.623390289048886e-23, nan 
-3.125, 85.125, 3.86685380773796e-23, nan 
-2.875, 85.125, 4.90101586417566e-23, nan 
-2.625, 85.125, 4.386406678205331e-23, nan 
-2.375, 85.125, 4.6951690750815004e-23, nan 
-2.125, 85.125, 4.3871984296727854e-23, nan 
-1.875, 85.125, 4.3022371058391447e-23, nan 
-1.625, 85.125, 3.8013175382618383e-23, nan 
-1.375, 85.125, 3.6331835751069554e-23, nan 
-1.125, 85.125, 3.530701572190066e-23, nan 
-0.875, 85.125, 3.61842857998081e-23, nan 
-0.625, 85.125, 3.735658404050163e-23, nan 
-0.375, 85.125, 3.9594548886821185e-23, nan 
-0.125, 85.125, 4.090107822494435e-23, nan 
0.125, 85.125, 4.298133596364932e-23, nan 
0.375, 85.125, 4.501758285337766e-23, nan 
0.625, 85.125, 4.761326243753422e-23, nan 
0.875, 85.125, 4.929029082974141e-23, nan 
1.125, 85.125, 5.0849992253935193e-23, nan 
1.375, 85.125, 5.219648863948848e-23, nan 
1.625, 85.125, 5.289284503700992e-23, nan 
1.875, 85.125, 5.283877090631105e-23, nan 
2.125, 85.125, 5.376132386667895e-23, nan 
2.375, 85.125, 5.415686738492447e-23, nan 
2.625, 85.125, 5.411743672800598e-23, nan 
2.875, 85.125, 5.461411763296917e-23, nan 
3.125, 85.125, 5.398884361308249e-23, nan 
3.375, 85.125, 5.311063018250564e-23, nan 
3.625, 85.125, 1.7542061862210857e-23, nan 
3.875, 85.125, 1.4340846784110792e-23, nan 
4.125, 85.125, 1.4543954913362944e-23, nan 
4.375, 85.125, 1.4974448885137445e-23, nan 
4.625, 85.125, 1.482419227889597e-23, nan 
4.875, 85.125, 1.385537336658059e-23, nan 
5.125, 85.125, 1.2819125570827588e-23, nan 
5.375, 85.125, 1.2969844759880999e-23, nan 
5.625, 85.125, 1.2625739918730511e-23, nan 
5.875, 85.125, 1.2974234755035892e-23, nan 
6.125, 85.125, 1.232799324299153e-23, nan 
6.375, 85.125, 1.14577866002166e-23, nan 
6.625, 85.125, 1.1203767856178293e-23, nan 
6.875, 85.125, 1.1848813717278737e-23, nan 
7.125, 85.125, 1.2434688938585888e-23, nan 
7.375, 85.125, 1.2348790587349083e-23, nan 
7.625, 85.125, 1.1643935836132006e-23, nan 
7.875, 85.125, 1.1491225842738365e-23, nan 
8.125, 85.125, 1.1581138944121999e-23, nan 
8.375, 85.125, 1.1854233701696036e-23, nan 
8.625, 85.125, 1.1996042208900564e-23, nan 
8.875, 85.125, 1.2287677033972894e-23, nan 
9.125, 85.125, 1.2576048585491864e-23, nan 
9.375, 85.125, 1.2645538246872515e-23, nan 
9.625, 85.125, 1.187361787691339e-23, nan 
9.875, 85.125, 1.115785935991686e-23, nan 
10.125, 85.125, 1.0737073821860167e-23, nan 
10.375, 85.125, 1.066574842591188e-23, nan 
10.625, 85.125, 9.020162868533833e-24, nan 
10.875, 85.125, 8.056103882280431e-24, nan 
11.125, 85.125, 6.876575249443112e-24, nan 
11.375, 85.125, 6.3359288081808755e-24, nan 
11.625, 85.125, 6.271527177903194e-24, nan 
11.875, 85.125, 6.080379332094883e-24, nan 
12.125, 85.125, 5.984651259024501e-24, nan 
12.375, 85.125, 5.721205517770057e-24, nan 
12.625, 85.125, 5.570560279160335e-24, nan 
12.875, 85.125, 5.1537005908459385e-24, nan 
13.125, 85.125, 5.4684194716106386e-24, nan 
13.375, 85.125, 5.9737163722752094e-24, nan 
13.625, 85.125, 6.110722218803634e-24, nan 
13.875, 85.125, 6.348518158816246e-24, nan 
14.125, 85.125, 5.857942634749489e-24, nan 
14.375, 85.125, 5.233041446264809e-24, nan 
14.625, 85.125, 5.378873551966669e-24, nan 
14.875, 85.125, 5.5757429506518135e-24, nan 
15.125, 85.125, 5.617163221630503e-24, nan 
15.375, 85.125, 5.590422719265948e-24, nan 
15.625, 85.125, 4.767280536919494e-24, nan 
15.875, 85.125, 4.007600716245866e-24, nan 
16.125, 85.125, 3.594415087005504e-24, nan 
16.375, 85.125, 3.464961157389574e-24, nan 
16.625, 85.125, 3.381607576247828e-24, nan 
16.875, 85.125, 3.0802489405554938e-24, nan 
17.125, 85.125, 3.0116061997795513e-24, nan 
17.375, 85.125, 2.7223934164609053e-24, nan 
17.625, 85.125, 2.5621566588039e-24, nan 
17.875, 85.125, 2.3956206809439694e-24, nan 
18.125, 85.125, 2.2024726812170428e-24, nan 
18.375, 85.125, 2.018762940551084e-24, nan 
18.625, 85.125, 1.8199524525762295e-24, nan 
18.875, 85.125, 1.72576470599825e-24, nan 
19.125, 85.125, 1.7057037404877603e-24, nan 
19.375, 85.125, 1.6416064285752595e-24, nan 
19.625, 85.125, 1.6160892476795967e-24, nan 
19.875, 85.125, 1.52617101568444e-24, nan 
20.125, 85.125, 1.569857693580352e-24, nan 
20.375, 85.125, 1.5535217714442387e-24, nan 
20.625, 85.125, 1.4808958137462616e-24, nan 
20.875, 85.125, 1.2970133463783503e-24, nan 
21.125, 85.125, 1.2845765740064739e-24, nan 
21.375, 85.125, 1.5177840604968143e-24, nan 
21.625, 85.125, 1.7644423931870466e-24, nan 
21.875, 85.125, 1.4632170628396137e-24, nan 
22.125, 85.125, 1.0516258869877152e-24, nan 
22.375, 85.125, 1.406727468971114e-24, nan 
22.625, 85.125, 1.6533808996214325e-24, nan 
22.875, 85.125, 2.267129021469358e-24, nan 
23.125, 85.125, 2.3486241922999046e-24, nan 
23.375, 85.125, 2.6917725377260697e-24, nan 
23.625, 85.125, 2.8437004029999722e-24, nan 
23.875, 85.125, 3.472574474684637e-24, nan 
24.125, 85.125, 4.223225792516103e-24, nan 
24.375, 85.125, 4.6449492650421285e-24, nan 
24.625, 85.125, 4.570967862074491e-24, nan 
24.875, 85.125, 4.453273395954855e-24, nan 
25.125, 85.125, 4.553178724190799e-24, nan 
25.375, 85.125, 4.734394047695905e-24, nan 
25.625, 85.125, 4.615522964744538e-24, nan 
25.875, 85.125, 4.8941457529113386e-24, nan 
26.125, 85.125, 5.569472288639941e-24, nan 
26.375, 85.125, 5.460810789498973e-24, nan 
26.625, 85.125, 5.504093210725962e-24, nan 
26.875, 85.125, 5.065929859431043e-24, nan 
27.125, 85.125, 4.8076870330952026e-24, nan 
27.375, 85.125, 4.626834075584286e-24, nan 
27.625, 85.125, 4.228126862671848e-24, nan 
27.875, 85.125, 4.187520016614114e-24, nan 
28.125, 85.125, 4.175395788223017e-24, nan 
28.375, 85.125, 4.1128963447149126e-24, nan 
28.625, 85.125, 4.171803351763927e-24, nan 
28.875, 85.125, 4.4090013502189365e-24, nan 
29.125, 85.125, 4.2512423004035506e-24, nan 
29.375, 85.125, 4.225887880507464e-24, nan 
29.625, 85.125, 4.0156727914309714e-24, nan 
29.875, 85.125, 3.78911680105727e-24, nan 
30.125, 85.125, 3.562981412813523e-24, nan 
30.375, 85.125, 3.1775730729729306e-24, nan 
30.625, 85.125, 2.93122376538187e-24, nan 
30.875, 85.125, 2.721375577987283e-24, nan 
31.125, 85.125, 2.607228847571428e-24, nan 
31.375, 85.125, 2.4403513493091873e-24, nan 
31.625, 85.125, 2.2868607315099613e-24, nan 
31.875, 85.125, 2.1602638267368583e-24, nan 
32.125, 85.125, 2.0857059821860943e-24, nan 
32.375, 85.125, 2.0235793172193967e-24, nan 
32.625, 85.125, 1.962886682909826e-24, nan 
32.875, 85.125, 1.8202655129704656e-24, nan 
33.125, 85.125, 1.702613680657774e-24, nan 
33.375, 85.125, 1.58783306375105e-24, nan 
33.625, 85.125, 1.4468970237675415e-24, nan 
33.875, 85.125, 1.377520262207483e-24, nan 
34.125, 85.125, 1.382261694708108e-24, nan 
34.375, 85.125, 1.3028009040071148e-24, nan 
34.625, 85.125, 1.279418528926627e-24, nan 
34.875, 85.125, 1.1953143386409286e-24, nan 
35.125, 85.125, 1.163459414972647e-24, nan 
35.375, 85.125, 1.1400431601598523e-24, nan 
35.625, 85.125, 1.1095349973144863e-24, nan 
35.875, 85.125, 1.0655379885053367e-24, nan 
36.125, 85.125, 1.0249840855703827e-24, nan 
36.375, 85.125, 1.0671199749074618e-24, nan 
36.625, 85.125, 1.0509647266384257e-24, nan 
36.875, 85.125, 1.0626470455756855e-24, nan 
37.125, 85.125, 1.0974492236790965e-24, nan 
37.375, 85.125, 1.169928326053366e-24, nan 
37.625, 85.125, 1.2849617272814438e-24, nan 
37.875, 85.125, 1.363937310383615e-24, nan 
38.125, 85.125, 1.331917911794438e-24, nan 
38.375, 85.125, 1.3733412065633722e-24, nan 
38.625, 85.125, 1.350914757358896e-24, nan 
38.875, 85.125, 1.4230575507112649e-24, nan 
39.125, 85.125, 1.5121771474417637e-24, nan 
39.375, 85.125, 1.5612021599251001e-24, nan 
39.625, 85.125, 1.58132939983253e-24, nan 
39.875, 85.125, 1.508610359505796e-24, nan 
40.125, 85.125, 1.4003144320644405e-24, nan 
40.375, 85.125, 1.3774984981279507e-24, nan 
40.625, 85.125, 1.3907688935446197e-24, nan 
40.875, 85.125, 1.3459001694993341e-24, nan 
41.125, 85.125, 1.3164430382419509e-24, nan 
41.375, 85.125, 1.28560265993573e-24, nan 
41.625, 85.125, 1.3378099305231769e-24, nan 
41.875, 85.125, 1.3913482471352464e-24, nan 
42.125, 85.125, 1.415027495343696e-24, nan 
42.375, 85.125, 1.437369299727595e-24, nan 
42.625, 85.125, 1.3905794379047153e-24, nan 
42.875, 85.125, 1.2567289675536956e-24, nan 
43.125, 85.125, 1.2258341028818328e-24, nan 
43.375, 85.125, 1.2791660071474777e-24, nan 
43.625, 85.125, 1.2596337014252503e-24, nan 
43.875, 85.125, 1.2664961611942284e-24, nan 
44.125, 85.125, 1.246074692149806e-24, nan 
44.375, 85.125, 1.2265225953016889e-24, nan 
44.625, 85.125, 1.1926080808722286e-24, nan 
44.875, 85.125, 1.2515932553389172e-24, nan 
45.125, 85.125, 1.2493193844469347e-24, nan 
45.375, 85.125, 1.222461685090198e-24, nan 
45.625, 85.125, 1.18862127748792e-24, nan 
45.875, 85.125, 1.1959917719734085e-24, nan 
46.125, 85.125, 1.1634127390571909e-24, nan 
46.375, 85.125, 1.1862663292650495e-24, nan 
46.625, 85.125, 1.1888992572159354e-24, nan 
46.875, 85.125, 1.204129820388562e-24, nan 
47.125, 85.125, 1.1904046020189228e-24, nan 
47.375, 85.125, 1.2308059182016812e-24, nan 
47.625, 85.125, 1.2647866213398527e-24, nan 
47.875, 85.125, 1.2706878700226227e-24, nan 
48.125, 85.125, 1.2429435766534478e-24, nan 
48.375, 85.125, 1.1708481897231724e-24, nan 
48.625, 85.125, 1.1355396174928242e-24, nan 
48.875, 85.125, 1.2320709378337827e-24, nan 
49.125, 85.125, 1.3382709805811924e-24, nan 
49.375, 85.125, 1.3384670742001108e-24, nan 
49.625, 85.125, 1.3282917406598432e-24, nan 
49.875, 85.125, 1.2734581483921967e-24, nan 
50.125, 85.125, 1.1687352385175418e-24, nan 
50.375, 85.125, 1.131187173648429e-24, nan 
50.625, 85.125, 1.1321733777953024e-24, nan 
50.875, 85.125, 1.1874980745888063e-24, nan 
51.125, 85.125, 1.2401970580367095e-24, nan 
51.375, 85.125, 1.2458617808182967e-24, nan 
51.625, 85.125, 1.3730668073548714e-24, nan 
51.875, 85.125, 1.3836865026198496e-24, nan 
52.125, 85.125, 1.4314714729473037e-24, nan 
52.375, 85.125, 1.4433093692915809e-24, nan 
52.625, 85.125, 1.504869245629531e-24, nan 
52.875, 85.125, 1.508255779500011e-24, nan 
53.125, 85.125, 1.4559050427485353e-24, nan 
53.375, 85.125, 1.4172854137991878e-24, nan 
53.625, 85.125, 1.4260119078333796e-24, nan 
53.875, 85.125, 1.3643969869120142e-24, nan 
54.125, 85.125, 1.366041572946999e-24, nan 
54.375, 85.125, 1.3638177256027318e-24, nan 
54.625, 85.125, 1.3828109074537128e-24, nan 
54.875, 85.125, 1.3691098058170308e-24, nan 
55.125, 85.125, 1.356259486594248e-24, nan 
55.375, 85.125, 1.3626611011908498e-24, nan 
55.625, 85.125, 1.3639321746160623e-24, nan 
55.875, 85.125, 1.3984087988594138e-24, nan 
56.125, 85.125, 1.405544124872933e-24, nan 
56.375, 85.125, 1.3909206354881315e-24, nan 
56.625, 85.125, 1.345097446652083e-24, nan 
56.875, 85.125, 1.3474410988409077e-24, nan 
57.125, 85.125, 1.3673874413399885e-24, nan 
57.375, 85.125, 1.3493028274581225e-24, nan 
57.625, 85.125, 1.3324423012282677e-24, nan 
57.875, 85.125, 1.3095122690701704e-24, nan 
58.125, 85.125, 1.2941093863266067e-24, nan 
58.375, 85.125, 1.2833182197622946e-24, nan 
58.625, 85.125, 1.2433755431809213e-24, nan 
58.875, 85.125, 1.235506299422437e-24, nan 
59.125, 85.125, 1.223292734742931e-24, nan 
59.375, 85.125, 1.2705045996289235e-24, nan 
59.625, 85.125, 1.319511008595751e-24, nan 
59.875, 85.125, 1.3396077935927492e-24, nan 
60.125, 85.125, 1.337732170493482e-24, nan 
60.375, 85.125, 1.3524222890090863e-24, nan 
60.625, 85.125, 1.3931067639055175e-24, nan 
60.875, 85.125, 1.3851979712109589e-24, nan 
61.125, 85.125, 1.403204191913668e-24, nan 
61.375, 85.125, 1.4241101757789947e-24, nan 
61.625, 85.125, 1.438739443406642e-24, nan 
61.875, 85.125, 1.4139237038684992e-24, nan 
62.125, 85.125, 1.423044661280461e-24, nan 
62.375, 85.125, 1.4187330458541471e-24, nan 
62.625, 85.125, 1.3674953211850773e-24, nan 
62.875, 85.125, 1.376545004576915e-24, nan 
63.125, 85.125, 1.3861591668264971e-24, nan 
63.375, 85.125, 1.3756229258751436e-24, nan 
63.625, 85.125, 1.346765905071303e-24, nan 
63.875, 85.125, 1.2700947669191988e-24, nan 
64.125, 85.125, 1.2274155230047838e-24, nan 
64.375, 85.125, 1.211791346819356e-24, nan 
64.625, 85.125, 1.1807180841510646e-24, nan 
64.875, 85.125, 1.1606101169197203e-24, nan 
65.125, 85.125, 1.1681060293886004e-24, nan 
65.375, 85.125, 1.1515639298370312e-24, nan 
65.625, 85.125, 1.1508810498286163e-24, nan 
65.875, 85.125, 1.1249180947671825e-24, nan 
66.125, 85.125, 1.1177510726653346e-24, nan 
66.375, 85.125, 1.123937163498923e-24, nan 
66.625, 85.125, 1.1332115628734305e-24, nan 
66.875, 85.125, 1.1258659443243112e-24, nan 
67.125, 85.125, 1.1275013797646342e-24, nan 
67.375, 85.125, 1.1048647935730975e-24, nan 
67.625, 85.125, 1.1215948927119283e-24, nan 
67.875, 85.125, 1.1014320727296203e-24, nan 
68.125, 85.125, 1.0922814013845642e-24, nan 
68.375, 85.125, 1.1443788919896654e-24, nan 
68.625, 85.125, 1.1787550081231878e-24, nan 
68.875, 85.125, 1.2468454725919273e-24, nan 
69.125, 85.125, 1.3141603674492704e-24, nan 
69.375, 85.125, 1.3316537021086086e-24, nan 
69.625, 85.125, 1.3600141387836906e-24, nan 
69.875, 85.125, 1.3085817263953227e-24, nan 
70.125, 85.125, 1.2688925703915686e-24, nan 
70.375, 85.125, 1.272347676774994e-24, nan 
70.625, 85.125, 1.2496203320376132e-24, nan 
70.875, 85.125, 1.2744075564425878e-24, nan 
71.125, 85.125, 1.2988796972800129e-24, nan 
71.375, 85.125, 1.2508460812005144e-24, nan 
71.625, 85.125, 1.1103677506733502e-24, nan 
71.875, 85.125, 9.781314338943338e-25, nan 
72.125, 85.125, 9.37290118135619e-25, nan 
72.375, 85.125, 9.62058989093897e-25, nan 
72.625, 85.125, 1.0186698406770122e-24, nan 
72.875, 85.125, 1.0389015558727222e-24, nan 
73.125, 85.125, 9.771834291504728e-25, nan 
73.375, 85.125, 8.946124152297711e-25, nan 
73.625, 85.125, 8.744756485693474e-25, nan 
73.875, 85.125, 8.567576418060031e-25, nan 
74.125, 85.125, 1.0119073683189833e-24, nan 
74.375, 85.125, 9.92488432280649e-25, nan 
74.625, 85.125, 9.878896223228353e-25, nan 
74.875, 85.125, 9.09949050300735e-25, nan 
75.125, 85.125, 8.638722577943519e-25, nan 
75.375, 85.125, 8.477299796620578e-25, nan 
75.625, 85.125, 8.251229440119767e-25, nan 
75.875, 85.125, 8.230218821779201e-25, nan 
76.125, 85.125, 6.797148303425517e-25, nan 
76.375, 85.125, 7.304528379976032e-25, nan 
76.625, 85.125, 6.516354670450638e-25, nan 
76.875, 85.125, 7.944642884596519e-25, nan 
77.125, 85.125, 8.168982494026075e-25, nan 
77.375, 85.125, 6.306819116980255e-25, nan 
77.625, 85.125, 6.339411044689247e-25, nan 
77.875, 85.125, 4.777371470335771e-25, nan 
78.125, 85.125, 4.630651353443817e-25, nan 
78.375, 85.125, 5.165775181039187e-25, nan 
78.625, 85.125, 5.444188219664734e-25, nan 
78.875, 85.125, 5.447512625056764e-25, nan 
79.125, 85.125, 5.345707355831055e-25, nan 
79.375, 85.125, 5.7022492267586825e-25, nan 
79.625, 85.125, 5.801523371928233e-25, nan 
79.875, 85.125, 6.750208393987378e-25, nan 
80.125, 85.125, 7.049939249906056e-25, nan 
80.375, 85.125, 7.813800852701013e-25, nan 
-111.625, 85.375, 7.792830348227431e-24, nan 
-111.375, 85.375, 7.699156097816108e-24, nan 
-111.125, 85.375, 7.697818777098817e-24, nan 
-110.875, 85.375, 7.77430646101443e-24, nan 
-110.625, 85.375, 7.012817767564523e-24, nan 
-110.375, 85.375, 6.555615517811169e-24, nan 
-110.125, 85.375, 6.171955365352713e-24, nan 
-109.875, 85.375, 5.630830241589948e-24, nan 
-109.625, 85.375, 5.2784486715482675e-24, nan 
-109.375, 85.375, 5.462030237806849e-24, nan 
-109.125, 85.375, 6.064661483302695e-24, nan 
-108.875, 85.375, 6.390299770184255e-24, nan 
-108.625, 85.375, 6.296842695804307e-24, nan 
-108.375, 85.375, 6.294144292036508e-24, nan 
-108.125, 85.375, 6.0340068170019624e-24, nan 
-107.875, 85.375, 5.668437718257968e-24, nan 
-107.625, 85.375, 5.821604818655866e-24, nan 
-107.375, 85.375, 6.5667155611794245e-24, nan 
-107.125, 85.375, 7.531244015390209e-24, nan 
-106.875, 85.375, 8.307434749826601e-24, nan 
-106.625, 85.375, 9.182882892240253e-24, nan 
-106.375, 85.375, 9.666043327053725e-24, nan 
-106.125, 85.375, 9.678675565424083e-24, nan 
-105.875, 85.375, 9.460413654595493e-24, nan 
-105.625, 85.375, 9.752552931642373e-24, nan 
-105.375, 85.375, 8.878113714153475e-24, nan 
-105.125, 85.375, 7.610079598647109e-24, nan 
-104.875, 85.375, 7.306939281268232e-24, nan 
-104.625, 85.375, 8.678032896920262e-24, nan 
-104.375, 85.375, 1.0605558361464489e-23, nan 
-104.125, 85.375, 1.2218682832168134e-23, nan 
-103.875, 85.375, 1.4211653617378464e-23, nan 
-103.625, 85.375, 1.457047748161013e-23, nan 
-103.375, 85.375, 1.423258984167855e-23, nan 
-103.125, 85.375, 1.3178813093451724e-23, nan 
-102.875, 85.375, 1.2261058267473276e-23, nan 
-102.625, 85.375, 1.150794845816692e-23, nan 
-102.375, 85.375, 1.144237548756102e-23, nan 
-102.125, 85.375, 1.0746810524725221e-23, nan 
-101.875, 85.375, 1.0722218287577473e-23, nan 
-101.625, 85.375, 1.0757147032550022e-23, nan 
-101.375, 85.375, 1.0960119824153383e-23, nan 
-101.125, 85.375, 1.149463838687328e-23, nan 
-100.875, 85.375, 1.2001532951457827e-23, nan 
-100.625, 85.375, 1.2063529567198819e-23, nan 
-100.375, 85.375, 1.1865452361244344e-23, nan 
-100.125, 85.375, 1.1720402674444655e-23, nan 
-99.875, 85.375, 1.1455869608206633e-23, nan 
-99.625, 85.375, 1.2075182821849692e-23, nan 
-99.375, 85.375, 1.1794161309546113e-23, nan 
-99.125, 85.375, 1.1927855794499333e-23, nan 
-98.875, 85.375, 1.0855657493493799e-23, nan 
-98.625, 85.375, 1.1144806158166958e-23, nan 
-98.375, 85.375, 1.0224849316378078e-23, nan 
-98.125, 85.375, 1.0797522418549353e-23, nan 
-97.875, 85.375, 1.0153042168532818e-23, nan 
-97.625, 85.375, 1.1657193263129929e-23, nan 
-97.375, 85.375, 1.1049462095241278e-23, nan 
-97.125, 85.375, 1.2295786436489978e-23, nan 
-96.875, 85.375, 1.2421463656069105e-23, nan 
-96.625, 85.375, 1.1795946479201044e-23, nan 
-96.375, 85.375, 1.0072801775272209e-23, nan 
-96.125, 85.375, 9.294464049923589e-24, nan 
-95.875, 85.375, 7.97813340675731e-24, nan 
-95.625, 85.375, 7.473641168551437e-24, nan 
-95.375, 85.375, 8.984639467343422e-24, nan 
-95.125, 85.375, 9.43815851878134e-24, nan 
-94.875, 85.375, 1.0304363191418657e-23, nan 
-94.625, 85.375, 9.828612333237437e-24, nan 
-94.375, 85.375, 1.0115870884387836e-23, nan 
-94.125, 85.375, 9.779870805153279e-24, nan 
-93.875, 85.375, 1.1592517892053967e-23, nan 
-93.625, 85.375, 1.1949168955213223e-23, nan 
-93.375, 85.375, 1.362597914089639e-23, nan 
-93.125, 85.375, 1.3306841518599244e-23, nan 
-92.875, 85.375, 1.4461602902238448e-23, nan 
-92.625, 85.375, 1.4923080413097537e-23, nan 
-92.375, 85.375, 1.5831898660302058e-23, nan 
-92.125, 85.375, 1.6367781140163157e-23, nan 
-91.875, 85.375, 1.5712862006419945e-23, nan 
-91.625, 85.375, 1.6053774476631048e-23, nan 
-91.375, 85.375, 1.7402352464922047e-23, nan 
-91.125, 85.375, 1.8759662377235288e-23, nan 
-90.875, 85.375, 1.8979256451220143e-23, nan 
-90.625, 85.375, 1.9996849968576326e-23, nan 
-90.375, 85.375, 2.111701461953075e-23, nan 
-90.125, 85.375, 2.0906229445897926e-23, nan 
-89.875, 85.375, 1.929217282560854e-23, nan 
-89.625, 85.375, 1.938343112465362e-23, nan 
-89.375, 85.375, 1.9607565728644718e-23, nan 
-89.125, 85.375, 1.9599689419317456e-23, nan 
-88.875, 85.375, 1.9025507151888572e-23, nan 
-88.625, 85.375, 1.9081119932937412e-23, nan 
-88.375, 85.375, 1.9864675712461277e-23, nan 
-88.125, 85.375, 2.0237565116538645e-23, nan 
-87.875, 85.375, 2.0462639043481194e-23, nan 
-87.625, 85.375, 1.9648836129635965e-23, nan 
-87.375, 85.375, 1.7620543923262683e-23, nan 
-87.125, 85.375, 1.5609926281720545e-23, nan 
-86.875, 85.375, 1.1973982366859914e-23, nan 
-86.625, 85.375, 1.0673626889842937e-23, nan 
-86.375, 85.375, 9.399844089172897e-24, nan 
-86.125, 85.375, 7.49571796073924e-24, nan 
-85.875, 85.375, 8.781138492371466e-24, nan 
-85.625, 85.375, 8.449742127438346e-24, nan 
-85.375, 85.375, 8.531607230424304e-24, nan 
-85.125, 85.375, 8.792397666767726e-24, nan 
-84.875, 85.375, 9.435931847564124e-24, nan 
-84.625, 85.375, 1.0098466744773835e-23, nan 
-84.375, 85.375, 1.1050735350908831e-23, nan 
-84.125, 85.375, 1.1495161835482703e-23, nan 
-83.875, 85.375, 1.0908806518846084e-23, nan 
-83.625, 85.375, 9.765883616021665e-24, nan 
-83.375, 85.375, 8.778270012922615e-24, nan 
-83.125, 85.375, 8.418306505816598e-24, nan 
-82.875, 85.375, 7.938432608417453e-24, nan 
-82.625, 85.375, 7.546270139548638e-24, nan 
-82.375, 85.375, 7.627694269313155e-24, nan 
-82.125, 85.375, 8.273741321994926e-24, nan 
-81.875, 85.375, 8.889365979289836e-24, nan 
-81.625, 85.375, 1.0537959213544911e-23, nan 
-81.375, 85.375, 1.245655811937721e-23, nan 
-81.125, 85.375, 1.5286766220607088e-23, nan 
-80.875, 85.375, 1.5906664395194877e-23, nan 
-80.625, 85.375, 1.5704205458124716e-23, nan 
-80.375, 85.375, 1.589577019243757e-23, nan 
-80.125, 85.375, 1.613887533311365e-23, nan 
-79.875, 85.375, 1.7346099695594733e-23, nan 
-79.625, 85.375, 1.7637223171437667e-23, nan 
-79.375, 85.375, 1.7451528820994902e-23, nan 
-79.125, 85.375, 1.6988396110495528e-23, nan 
-78.875, 85.375, 1.6398123804232553e-23, nan 
-78.625, 85.375, 1.413870959066394e-23, nan 
-78.375, 85.375, 1.4140301854696864e-23, nan 
-78.125, 85.375, 1.322209401710475e-23, nan 
-77.875, 85.375, 1.4171397930924063e-23, nan 
-77.625, 85.375, 1.4284984995118386e-23, nan 
-77.375, 85.375, 1.413732862324584e-23, nan 
-77.125, 85.375, 1.4923225310889427e-23, nan 
-76.875, 85.375, 1.6079665693468695e-23, nan 
-76.625, 85.375, 1.7121697549883846e-23, nan 
-76.375, 85.375, 1.753848313346258e-23, nan 
-76.125, 85.375, 1.8129202696809804e-23, nan 
-75.875, 85.375, 1.8190216115434214e-23, nan 
-75.625, 85.375, 1.8555798505261734e-23, nan 
-75.375, 85.375, 1.8637038997992743e-23, nan 
-75.125, 85.375, 1.9734352350490842e-23, nan 
-74.875, 85.375, 2.1987138307318245e-23, nan 
-74.625, 85.375, 2.828627248591885e-23, nan 
-74.375, 85.375, 3.180004673014546e-23, nan 
-74.125, 85.375, 3.349259712483115e-23, nan 
-73.875, 85.375, 3.092434734091085e-23, nan 
-73.625, 85.375, 3.12528925990222e-23, nan 
-73.375, 85.375, 3.111406284589011e-23, nan 
-73.125, 85.375, 3.1582087346319036e-23, nan 
-72.875, 85.375, 3.015878139377644e-23, nan 
-72.625, 85.375, 2.9565447173069875e-23, nan 
-72.375, 85.375, 2.934581683325586e-23, nan 
-72.125, 85.375, 2.8202965773984956e-23, nan 
-71.875, 85.375, 2.753473638755215e-23, nan 
-71.625, 85.375, 2.160037820991696e-23, nan 
-71.375, 85.375, 3.046876449504336e-23, nan 
-71.125, 85.375, 3.736291782334784e-23, nan 
-70.875, 85.375, 4.0180064868659e-23, nan 
-70.625, 85.375, 3.675094886076062e-23, nan 
-70.375, 85.375, 3.7908312681122544e-23, nan 
-70.125, 85.375, 3.754408918608381e-23, nan 
-69.875, 85.375, 3.8263167007030155e-23, nan 
-69.625, 85.375, 3.4489409537414314e-23, nan 
-69.375, 85.375, 3.277874450011516e-23, nan 
-69.125, 85.375, 3.312112246524379e-23, nan 
-68.875, 85.375, 3.461101465581088e-23, nan 
-68.625, 85.375, 3.5341803542014433e-23, nan 
-68.375, 85.375, 2.8916752031314296e-23, nan 
-68.125, 85.375, 2.2238540127492478e-23, nan 
-67.875, 85.375, 2.0717774272836194e-23, nan 
-67.625, 85.375, 2.125772505606507e-23, nan 
-67.375, 85.375, 1.839154124625066e-23, nan 
-67.125, 85.375, 1.5601850801724314e-23, nan 
-66.875, 85.375, 1.1222312621501551e-23, nan 
-66.625, 85.375, 8.08814815945561e-24, nan 
-66.375, 85.375, 6.17356604295827e-24, nan 
-66.125, 85.375, 5.074684614356006e-24, nan 
-65.875, 85.375, 2.925792889140883e-24, nan 
-65.625, 85.375, 4.0906934066915595e-24, nan 
-65.375, 85.375, 6.412245518173329e-24, nan 
-65.125, 85.375, 7.369560580462507e-24, nan 
-64.875, 85.375, 9.108974973608531e-24, nan 
-64.625, 85.375, 9.573675970001972e-24, nan 
-64.375, 85.375, 1.1113842763862732e-23, nan 
-64.125, 85.375, 1.0452954786270862e-23, nan 
-63.875, 85.375, 1.0027727597516323e-23, nan 
-63.625, 85.375, 9.749005968593669e-24, nan 
-63.375, 85.375, 1.046166199803713e-23, nan 
-63.125, 85.375, 1.0044016358941884e-23, nan 
-62.875, 85.375, 9.876343734077536e-24, nan 
-62.625, 85.375, 9.180537074252475e-24, nan 
-62.375, 85.375, 8.313699837148764e-24, nan 
-62.125, 85.375, 8.078823092230949e-24, nan 
-61.875, 85.375, 7.976255007159732e-24, nan 
-61.625, 85.375, 8.2218077642616e-24, nan 
-61.375, 85.375, 8.048168542167918e-24, nan 
-61.125, 85.375, 7.463607621650412e-24, nan 
-60.875, 85.375, 6.94613406761932e-24, nan 
-60.625, 85.375, 6.800855191361453e-24, nan 
-60.375, 85.375, 6.310895619837962e-24, nan 
-60.125, 85.375, 6.2789614625579456e-24, nan 
-59.875, 85.375, 6.884025951898337e-24, nan 
-59.625, 85.375, 8.262567400036868e-24, nan 
-59.375, 85.375, 1.0264192907050452e-23, nan 
-59.125, 85.375, 1.1942891987328779e-23, nan 
-58.875, 85.375, 1.310035485364831e-23, nan 
-58.625, 85.375, 1.3614584674363212e-23, nan 
-58.375, 85.375, 1.3328178382825732e-23, nan 
-58.125, 85.375, 1.379758097511106e-23, nan 
-57.875, 85.375, 1.462243116842631e-23, nan 
-57.625, 85.375, 1.8113133824433804e-23, nan 
-57.375, 85.375, 2.263141825027828e-23, nan 
-57.125, 85.375, 2.6128518847337102e-23, nan 
-56.875, 85.375, 2.798457048683952e-23, nan 
-56.625, 85.375, 2.9417171354751164e-23, nan 
-56.375, 85.375, 2.779868230077507e-23, nan 
-56.125, 85.375, 2.5918874130289834e-23, nan 
-55.875, 85.375, 2.4003024585816814e-23, nan 
-55.625, 85.375, 2.3194651708325024e-23, nan 
-55.375, 85.375, 2.106400394095602e-23, nan 
-55.125, 85.375, 1.91711770972817e-23, nan 
-54.875, 85.375, 1.7570293569044938e-23, nan 
-54.625, 85.375, 1.8733296542532397e-23, nan 
-54.375, 85.375, 2.2304851982364892e-23, nan 
-54.125, 85.375, 2.6236350651652062e-23, nan 
-53.875, 85.375, 3.105976809781752e-23, nan 
-53.625, 85.375, 3.5372528506221483e-23, nan 
-53.375, 85.375, 4.1331262983788135e-23, nan 
-53.125, 85.375, 4.02004083753422e-23, nan 
-52.875, 85.375, 2.3711513516292376e-23, nan 
-52.625, 85.375, 1.7162452322344913e-23, nan 
-52.375, 85.375, 1.4741966608146462e-23, nan 
-52.125, 85.375, 1.2511254723949466e-23, nan 
-51.875, 85.375, 1.1960389207970373e-23, nan 
-51.625, 85.375, 1.1184552922866132e-23, nan 
-51.375, 85.375, 1.0366059920147278e-23, nan 
-51.125, 85.375, 9.350502620297979e-24, nan 
-50.875, 85.375, 1.1307512779823847e-23, nan 
-50.625, 85.375, 1.3874465744492833e-23, nan 
-50.375, 85.375, 1.3771850749317824e-23, nan 
-50.125, 85.375, 1.4981845591130885e-23, nan 
-49.875, 85.375, 1.40657782626337e-23, nan 
-49.625, 85.375, 1.5722424540711512e-23, nan 
-49.375, 85.375, 1.1938615975570087e-23, nan 
-49.125, 85.375, 7.049460504045617e-24, nan 
-48.875, 85.375, 4.115059952532446e-24, nan 
-48.625, 85.375, 4.243490579002745e-24, nan 
-48.375, 85.375, 5.809607189007153e-24, nan 
-48.125, 85.375, 4.659239657703681e-24, nan 
-47.875, 85.375, 5.099961930862029e-24, nan 
-47.625, 85.375, 6.76916048079936e-24, nan 
-47.375, 85.375, 9.519482236703618e-24, nan 
-47.125, 85.375, 1.1590003891637904e-23, nan 
-46.875, 85.375, 9.869106114037984e-24, nan 
-46.625, 85.375, 7.857730256247194e-24, nan 
-46.375, 85.375, 1.1261554327918901e-23, nan 
-46.125, 85.375, 1.0543721947405279e-23, nan 
-45.875, 85.375, 1.0001525570242248e-23, nan 
-45.625, 85.375, 6.307657960638913e-24, nan 
-45.375, 85.375, 7.000645362786533e-24, nan 
-45.125, 85.375, 6.683833615142496e-24, nan 
-44.875, 85.375, 5.9072410389070705e-24, nan 
-44.625, 85.375, 5.912859545668185e-24, nan 
-44.375, 85.375, 5.32020292960521e-24, nan 
-44.125, 85.375, 4.881608917374148e-24, nan 
-43.875, 85.375, 4.9752265081148704e-24, nan 
-43.625, 85.375, 4.2895561171097565e-24, nan 
-43.375, 85.375, 3.67609700160138e-24, nan 
-43.125, 85.375, 3.838670896422381e-24, nan 
-42.875, 85.375, 3.9206599573106484e-24, nan 
-42.625, 85.375, 3.97381959497472e-24, nan 
-42.375, 85.375, 3.1818359391411838e-24, nan 
-42.125, 85.375, 2.9316322609278726e-24, nan 
-41.875, 85.375, 2.5870625136398473e-24, nan 
-41.625, 85.375, 2.5809855325322104e-24, nan 
-41.375, 85.375, 2.7216653556829207e-24, nan 
-41.125, 85.375, 2.9196548976742135e-24, nan 
-40.875, 85.375, 3.2614202579896908e-24, nan 
-40.625, 85.375, 3.617806028078909e-24, nan 
-40.375, 85.375, 3.984840601676981e-24, nan 
-40.125, 85.375, 4.053895359725771e-24, nan 
-39.875, 85.375, 4.312484471353287e-24, nan 
-39.625, 85.375, 5.122743457209607e-24, nan 
-39.375, 85.375, 5.347555638247183e-24, nan 
-39.125, 85.375, 5.949811370668664e-24, nan 
-38.875, 85.375, 6.610056014903668e-24, nan 
-38.625, 85.375, 7.388046558262501e-24, nan 
-38.375, 85.375, 8.27903176317383e-24, nan 
-38.125, 85.375, 8.827402801181017e-24, nan 
-37.875, 85.375, 9.425449623845186e-24, nan 
-37.625, 85.375, 1.0190556684025394e-23, nan 
-37.375, 85.375, 1.1758306949867015e-23, nan 
-37.125, 85.375, 1.352648542035871e-23, nan 
-36.875, 85.375, 1.755718370386599e-23, nan 
-36.625, 85.375, 2.0987251070518257e-23, nan 
-36.375, 85.375, 2.338357072399336e-23, nan 
-36.125, 85.375, 2.2701334573030093e-23, nan 
-35.875, 85.375, 2.158703433816023e-23, nan 
-35.625, 85.375, 2.1655008635747304e-23, nan 
-35.375, 85.375, 2.249277022374244e-23, nan 
-35.125, 85.375, 2.3548150716559274e-23, nan 
-34.875, 85.375, 2.5002892490972293e-23, nan 
-34.625, 85.375, 2.6357785945280236e-23, nan 
-34.375, 85.375, 2.849548335467813e-23, nan 
-34.125, 85.375, 3.105966081492135e-23, nan 
-33.875, 85.375, 3.3669073991853744e-23, nan 
-33.625, 85.375, 3.6602401488145926e-23, nan 
-33.375, 85.375, 3.60208916931702e-23, nan 
-33.125, 85.375, 3.141420356271301e-23, nan 
-32.875, 85.375, 2.5939042512392764e-23, nan 
-32.625, 85.375, 2.235405409729163e-23, nan 
-32.375, 85.375, 2.099589653017994e-23, nan 
-32.125, 85.375, 2.0175520586087362e-23, nan 
-31.875, 85.375, 1.9042129366073132e-23, nan 
-31.625, 85.375, 1.8659801238777314e-23, nan 
-31.375, 85.375, 1.71344237967716e-23, nan 
-31.125, 85.375, 1.5561911408390893e-23, nan 
-30.875, 85.375, 1.7969354256997977e-23, nan 
-30.625, 85.375, 1.9843201872725824e-23, nan 
-30.375, 85.375, 2.370261529641827e-23, nan 
-30.125, 85.375, 2.3755649955964516e-23, nan 
-29.875, 85.375, 2.528359410960315e-23, nan 
-29.625, 85.375, 2.5722724680586324e-23, nan 
-29.375, 85.375, 2.7009607812535115e-23, nan 
-29.125, 85.375, 2.6468483661222834e-23, nan 
-28.875, 85.375, 2.538757506399659e-23, nan 
-28.625, 85.375, 2.4427596849704535e-23, nan 
-28.375, 85.375, 2.4446117451455046e-23, nan 
-28.125, 85.375, 2.4271896161442786e-23, nan 
-27.875, 85.375, 2.546782769524678e-23, nan 
-27.625, 85.375, 2.6476414124145187e-23, nan 
-27.375, 85.375, 2.710939532393436e-23, nan 
-27.125, 85.375, 2.704337270002767e-23, nan 
-26.875, 85.375, 2.816699994229611e-23, nan 
-26.625, 85.375, 3.3146483690658605e-23, nan 
-26.375, 85.375, 3.622867234804678e-23, nan 
-26.125, 85.375, 3.5118970507287184e-23, nan 
-25.875, 85.375, 3.5979807982142733e-23, nan 
-25.625, 85.375, 3.5056296327463505e-23, nan 
-25.375, 85.375, 3.3208106367088554e-23, nan 
-25.125, 85.375, 3.2384321153939564e-23, nan 
-24.875, 85.375, 3.1915568615462716e-23, nan 
-24.625, 85.375, 2.8752001340963687e-23, nan 
-24.375, 85.375, 2.7859122093800173e-23, nan 
-24.125, 85.375, 2.6428425258904414e-23, nan 
-23.875, 85.375, 2.3832600673450726e-23, nan 
-23.625, 85.375, 2.3481376985645888e-23, nan 
-23.375, 85.375, 2.035689945946431e-23, nan 
-23.125, 85.375, 1.6977062050794365e-23, nan 
-22.875, 85.375, 1.5741230538087097e-23, nan 
-22.625, 85.375, 1.608813879465137e-23, nan 
-22.375, 85.375, 1.717538814982992e-23, nan 
-22.125, 85.375, 1.8578565839850268e-23, nan 
-21.875, 85.375, 2.0079767956571765e-23, nan 
-21.625, 85.375, 2.3833018332795337e-23, nan 
-21.375, 85.375, 2.37230904127446e-23, nan 
-21.125, 85.375, 2.5259372919804766e-23, nan 
-20.875, 85.375, 2.523461268966645e-23, nan 
-20.625, 85.375, 2.3689396708622857e-23, nan 
-20.375, 85.375, 2.539063313795414e-23, nan 
-20.125, 85.375, 2.779475292296314e-23, nan 
-19.875, 85.375, 2.751682621704652e-23, nan 
-19.625, 85.375, 2.890370630633004e-23, nan 
-19.375, 85.375, 3.1845370916186627e-23, nan 
-19.125, 85.375, 3.1302327961824916e-23, nan 
-18.875, 85.375, 3.31071735037834e-23, nan 
-18.625, 85.375, 3.3665634823003435e-23, nan 
-18.375, 85.375, 2.907039086732412e-23, nan 
-18.125, 85.375, 2.9933243809349076e-23, nan 
-17.875, 85.375, 2.907207466874581e-23, nan 
-17.625, 85.375, 2.684123641796157e-23, nan 
-17.375, 85.375, 2.6323489451964925e-23, nan 
-17.125, 85.375, 2.772122089969348e-23, nan 
-16.875, 85.375, 2.786256901995799e-23, nan 
-16.625, 85.375, 2.8164696188921156e-23, nan 
-16.375, 85.375, 2.9112227016479915e-23, nan 
-16.125, 85.375, 3.153483358593443e-23, nan 
-15.875, 85.375, 3.246373983612509e-23, nan 
-15.625, 85.375, 3.5750963024863495e-23, nan 
-15.375, 85.375, 3.7403904051027076e-23, nan 
-15.125, 85.375, 3.833149743192351e-23, nan 
-14.875, 85.375, 3.9626722336178576e-23, nan 
-14.625, 85.375, 3.9835615089404685e-23, nan 
-14.375, 85.375, 3.924249348976463e-23, nan 
-14.125, 85.375, 3.4977595448640424e-23, nan 
-13.875, 85.375, 3.2717767236146394e-23, nan 
-13.625, 85.375, 2.943790018723919e-23, nan 
-13.375, 85.375, 2.6326892381120273e-23, nan 
-13.125, 85.375, 2.3665249854058248e-23, nan 
-12.875, 85.375, 2.454322988575456e-23, nan 
-12.625, 85.375, 3.3039715584901714e-23, nan 
-12.375, 85.375, 4.13427729065662e-23, nan 
-12.125, 85.375, 4.148541072177152e-23, nan 
-11.875, 85.375, 4.2086187694077997e-23, nan 
-11.625, 85.375, 4.2705385483759966e-23, nan 
-11.375, 85.375, 4.343604081673764e-23, nan 
-11.125, 85.375, 4.3899970537860885e-23, nan 
-10.875, 85.375, 4.496147938853052e-23, nan 
-10.625, 85.375, 4.4782290861957707e-23, nan 
-10.375, 85.375, 4.418781527944821e-23, nan 
-10.125, 85.375, 4.431349498552487e-23, nan 
-9.875, 85.375, 4.572092495262495e-23, nan 
-9.625, 85.375, 4.656082791450529e-23, nan 
-9.375, 85.375, 4.655309175738275e-23, nan 
-9.125, 85.375, 3.704692664198399e-23, nan 
-8.875, 85.375, 1.8314821862501997e-23, nan 
-8.625, 85.375, 8.548703353623447e-24, nan 
-8.375, 85.375, 6.406705443344115e-24, nan 
-8.125, 85.375, 4.3102814290910054e-24, nan 
-7.875, 85.375, 4.35435120272916e-24, nan 
-7.625, 85.375, 4.820209724023421e-24, nan 
-7.375, 85.375, 5.329341425613672e-24, nan 
-7.125, 85.375, 5.674801951527376e-24, nan 
-6.875, 85.375, 6.306462712246444e-24, nan 
-6.625, 85.375, 7.528187962036602e-24, nan 
-6.375, 85.375, 8.837100874403374e-24, nan 
-6.125, 85.375, 1.1357683285437414e-23, nan 
-5.875, 85.375, 1.7609133901812627e-23, nan 
-5.625, 85.375, 3.201955796246912e-23, nan 
-5.375, 85.375, 2.5970380689093485e-23, nan 
-5.125, 85.375, 2.8316083655512127e-23, nan 
-4.875, 85.375, 2.4163746413057156e-23, nan 
-4.625, 85.375, 2.1838689259235573e-23, nan 
-4.375, 85.375, 1.3485587584383402e-23, nan 
-4.125, 85.375, 9.998668994005764e-24, nan 
-3.875, 85.375, 7.25824920355383e-24, nan 
-3.625, 85.375, 5.749114945441829e-24, nan 
-3.375, 85.375, 4.450029937615011e-24, nan 
-3.125, 85.375, 6.794872584915207e-24, nan 
-2.875, 85.375, 9.27147583744138e-24, nan 
-2.625, 85.375, 1.0637474736985765e-23, nan 
-2.375, 85.375, 1.114191898098649e-23, nan 
-2.125, 85.375, 1.1330648262229033e-23, nan 
-1.875, 85.375, 1.2329611447579455e-23, nan 
-1.625, 85.375, 1.2490353780279116e-23, nan 
-1.375, 85.375, 1.3225678224431354e-23, nan 
-1.125, 85.375, 1.3876873122360472e-23, nan 
-0.875, 85.375, 1.5234141746820315e-23, nan 
-0.625, 85.375, 1.5481028348670173e-23, nan 
-0.375, 85.375, 1.575812685483057e-23, nan 
-0.125, 85.375, 1.5650274809392268e-23, nan 
0.125, 85.375, 1.564123466060745e-23, nan 
0.375, 85.375, 1.4600018404559458e-23, nan 
0.625, 85.375, 1.417466313079844e-23, nan 
0.875, 85.375, 1.5044695029143217e-23, nan 
1.125, 85.375, 1.5708254645380857e-23, nan 
1.375, 85.375, 1.5315227134048637e-23, nan 
1.625, 85.375, 1.449301268091347e-23, nan 
1.875, 85.375, 1.490154256247321e-23, nan 
2.125, 85.375, 1.4209636855940087e-23, nan 
2.375, 85.375, 1.4418568753889822e-23, nan 
2.625, 85.375, 1.42008995020293e-23, nan 
2.875, 85.375, 1.3818575802836377e-23, nan 
3.125, 85.375, 1.3916666080226778e-23, nan 
3.375, 85.375, 1.3477874595888936e-23, nan 
3.625, 85.375, 1.213546480650877e-23, nan 
3.875, 85.375, 1.1562693528668054e-23, nan 
4.125, 85.375, 1.1660628354235942e-23, nan 
4.375, 85.375, 1.2078263461090682e-23, nan 
4.625, 85.375, 1.1432856101714792e-23, nan 
4.875, 85.375, 1.0825339652860045e-23, nan 
5.125, 85.375, 9.811973252187011e-24, nan 
5.375, 85.375, 9.849778586065424e-24, nan 
5.625, 85.375, 9.464816341819602e-24, nan 
5.875, 85.375, 9.74994371275307e-24, nan 
6.125, 85.375, 9.226266704532165e-24, nan 
6.375, 85.375, 7.88710177938148e-24, nan 
6.625, 85.375, 6.950738256581375e-24, nan 
6.875, 85.375, 6.294803627288148e-24, nan 
7.125, 85.375, 5.771712633903777e-24, nan 
7.375, 85.375, 5.310716802474647e-24, nan 
7.625, 85.375, 5.100103685142784e-24, nan 
7.875, 85.375, 4.921414060087762e-24, nan 
8.125, 85.375, 4.6801668161491415e-24, nan 
8.375, 85.375, 4.512484671762564e-24, nan 
8.625, 85.375, 4.2291953983075795e-24, nan 
8.875, 85.375, 4.1268424820786284e-24, nan 
9.125, 85.375, 4.01150775608008e-24, nan 
9.375, 85.375, 3.91012445902377e-24, nan 
9.625, 85.375, 3.766748635166453e-24, nan 
9.875, 85.375, 3.67923906702401e-24, nan 
10.125, 85.375, 3.254233694443502e-24, nan 
10.375, 85.375, 3.0821328556487697e-24, nan 
10.625, 85.375, 3.011671142194945e-24, nan 
10.875, 85.375, 2.888699777012081e-24, nan 
11.125, 85.375, 2.726717710431704e-24, nan 
11.375, 85.375, 2.655790606574982e-24, nan 
11.625, 85.375, 2.3965549782480132e-24, nan 
11.875, 85.375, 2.094792973555461e-24, nan 
12.125, 85.375, 1.915647905640642e-24, nan 
12.375, 85.375, 1.839735190296425e-24, nan 
12.625, 85.375, 1.912287044959883e-24, nan 
12.875, 85.375, 2.024466979818263e-24, nan 
13.125, 85.375, 2.0964726195410177e-24, nan 
13.375, 85.375, 2.230790978260558e-24, nan 
13.625, 85.375, 2.4380515676272324e-24, nan 
13.875, 85.375, 2.481216808276224e-24, nan 
14.125, 85.375, 2.2981316193579263e-24, nan 
14.375, 85.375, 2.57450849154703e-24, nan 
14.625, 85.375, 2.6990034452579646e-24, nan 
14.875, 85.375, 2.6224727588827273e-24, nan 
15.125, 85.375, 2.669537397154411e-24, nan 
15.375, 85.375, 2.5259698467301545e-24, nan 
15.625, 85.375, 2.4651076537045764e-24, nan 
15.875, 85.375, 2.6373603920742476e-24, nan 
16.125, 85.375, 2.764885970034233e-24, nan 
16.375, 85.375, 2.7928795395225944e-24, nan 
16.625, 85.375, 2.874849298476417e-24, nan 
16.875, 85.375, 3.0959155256270735e-24, nan 
17.125, 85.375, 3.2310773973687948e-24, nan 
17.375, 85.375, 3.1638669704567378e-24, nan 
17.625, 85.375, 3.2522222125552602e-24, nan 
17.875, 85.375, 3.318550765570031e-24, nan 
18.125, 85.375, 3.395336149786955e-24, nan 
18.375, 85.375, 3.467752211292528e-24, nan 
18.625, 85.375, 3.5109785900897705e-24, nan 
18.875, 85.375, 3.509781182578452e-24, nan 
19.125, 85.375, 3.554081031107795e-24, nan 
19.375, 85.375, 3.581565061803902e-24, nan 
19.625, 85.375, 3.8601616657932625e-24, nan 
19.875, 85.375, 4.1086135599313226e-24, nan 
20.125, 85.375, 4.4802537669410145e-24, nan 
20.375, 85.375, 4.601057258473578e-24, nan 
20.625, 85.375, 5.018107059014718e-24, nan 
20.875, 85.375, 5.22591023002609e-24, nan 
21.125, 85.375, 5.3897699342992675e-24, nan 
21.375, 85.375, 6.0642124517719014e-24, nan 
21.625, 85.375, 6.785416869183671e-24, nan 
21.875, 85.375, 6.566479962493042e-24, nan 
22.125, 85.375, 5.186736305282767e-24, nan 
22.375, 85.375, 4.5741016447076106e-24, nan 
22.625, 85.375, 4.2601818619215855e-24, nan 
22.875, 85.375, 3.9974497261968816e-24, nan 
23.125, 85.375, 4.12643907624914e-24, nan 
23.375, 85.375, 4.236346054984566e-24, nan 
23.625, 85.375, 4.28332572680245e-24, nan 
23.875, 85.375, 4.6816624125901605e-24, nan 
24.125, 85.375, 5.099986537405823e-24, nan 
24.375, 85.375, 5.2396703484820766e-24, nan 
24.625, 85.375, 5.406134901192116e-24, nan 
24.875, 85.375, 5.5001051395094335e-24, nan 
25.125, 85.375, 5.371132804648108e-24, nan 
25.375, 85.375, 4.869719043551089e-24, nan 
25.625, 85.375, 4.54415542871948e-24, nan 
25.875, 85.375, 4.495733189933285e-24, nan 
26.125, 85.375, 4.568895726791064e-24, nan 
26.375, 85.375, 4.551871387352697e-24, nan 
26.625, 85.375, 4.507199889785537e-24, nan 
26.875, 85.375, 4.165793837282879e-24, nan 
27.125, 85.375, 3.842144628322832e-24, nan 
27.375, 85.375, 3.6456045699928175e-24, nan 
27.625, 85.375, 3.16721199671578e-24, nan 
27.875, 85.375, 2.961051623356849e-24, nan 
28.125, 85.375, 2.7057164567455187e-24, nan 
28.375, 85.375, 2.611552946821788e-24, nan 
28.625, 85.375, 2.4470326090369264e-24, nan 
28.875, 85.375, 2.2936372221975444e-24, nan 
29.125, 85.375, 2.1738743560759008e-24, nan 
29.375, 85.375, 2.047859561615305e-24, nan 
29.625, 85.375, 1.9461582607675793e-24, nan 
29.875, 85.375, 1.8384872332624585e-24, nan 
30.125, 85.375, 1.712653371203938e-24, nan 
30.375, 85.375, 1.5886384761477628e-24, nan 
30.625, 85.375, 1.5576201591132928e-24, nan 
30.875, 85.375, 1.4192164478362035e-24, nan 
31.125, 85.375, 1.3181999330270722e-24, nan 
31.375, 85.375, 1.2922110144841117e-24, nan 
31.625, 85.375, 1.1691619376861847e-24, nan 
31.875, 85.375, 1.130834822714789e-24, nan 
32.125, 85.375, 1.0548024241595546e-24, nan 
32.375, 85.375, 9.626734014082458e-25, nan 
32.625, 85.375, 9.42143897590505e-25, nan 
32.875, 85.375, 9.175536380181167e-25, nan 
33.125, 85.375, 8.855112162695873e-25, nan 
33.375, 85.375, 8.859283014840084e-25, nan 
33.625, 85.375, 8.688195100706984e-25, nan 
33.875, 85.375, 8.371931411863316e-25, nan 
34.125, 85.375, 8.556867772621937e-25, nan 
34.375, 85.375, 8.679423681425777e-25, nan 
34.625, 85.375, 8.727066545108785e-25, nan 
34.875, 85.375, 8.885690455283298e-25, nan 
35.125, 85.375, 9.222102138371683e-25, nan 
35.375, 85.375, 9.331827464828211e-25, nan 
35.625, 85.375, 9.593425564027629e-25, nan 
35.875, 85.375, 9.749321953612484e-25, nan 
36.125, 85.375, 1.0312096184571467e-24, nan 
36.375, 85.375, 1.0725014845570825e-24, nan 
36.625, 85.375, 1.1269466183970245e-24, nan 
36.875, 85.375, 1.149283182669258e-24, nan 
37.125, 85.375, 1.2050033169295025e-24, nan 
37.375, 85.375, 1.2596364091046023e-24, nan 
37.625, 85.375, 1.3420935899392606e-24, nan 
37.875, 85.375, 1.4121439567642232e-24, nan 
38.125, 85.375, 1.4353338458703113e-24, nan 
38.375, 85.375, 1.5090134834560106e-24, nan 
38.625, 85.375, 1.51972959488596e-24, nan 
38.875, 85.375, 1.5628581687373419e-24, nan 
39.125, 85.375, 1.5851565394745136e-24, nan 
39.375, 85.375, 1.5924863170802529e-24, nan 
39.625, 85.375, 1.5748457174163945e-24, nan 
39.875, 85.375, 1.5184666527961795e-24, nan 
40.125, 85.375, 1.4358543341773396e-24, nan 
40.375, 85.375, 1.3294006793966598e-24, nan 
40.625, 85.375, 1.1942169416823033e-24, nan 
40.875, 85.375, 1.1845748449201964e-24, nan 
41.125, 85.375, 1.1670899077828616e-24, nan 
41.375, 85.375, 1.178404191762849e-24, nan 
41.625, 85.375, 1.1548388871290768e-24, nan 
41.875, 85.375, 1.1175972555596284e-24, nan 
42.125, 85.375, 1.2479067592166928e-24, nan 
42.375, 85.375, 1.3254266873201843e-24, nan 
42.625, 85.375, 1.4514892409401079e-24, nan 
42.875, 85.375, 1.4553715196412724e-24, nan 
43.125, 85.375, 1.446048534126076e-24, nan 
43.375, 85.375, 1.4763610662393013e-24, nan 
43.625, 85.375, 1.4540243037637433e-24, nan 
43.875, 85.375, 1.4240865891041938e-24, nan 
44.125, 85.375, 1.456910979840146e-24, nan 
44.375, 85.375, 1.3913704624197103e-24, nan 
44.625, 85.375, 1.4758807296564845e-24, nan 
44.875, 85.375, 1.526073981448151e-24, nan 
45.125, 85.375, 1.5784657192723054e-24, nan 
45.375, 85.375, 1.6627071162861377e-24, nan 
45.625, 85.375, 1.702780318833879e-24, nan 
45.875, 85.375, 1.758884811415444e-24, nan 
46.125, 85.375, 1.770914681680127e-24, nan 
46.375, 85.375, 1.7691754334383266e-24, nan 
46.625, 85.375, 1.769715760154638e-24, nan 
46.875, 85.375, 1.746815674103753e-24, nan 
47.125, 85.375, 1.7077047785308933e-24, nan 
47.375, 85.375, 1.66226467617653e-24, nan 
47.625, 85.375, 1.5971436239174494e-24, nan 
47.875, 85.375, 1.5497515997445876e-24, nan 
48.125, 85.375, 1.5129755195654611e-24, nan 
48.375, 85.375, 1.4600012725106621e-24, nan 
48.625, 85.375, 1.3956255430555958e-24, nan 
48.875, 85.375, 1.280634186896611e-24, nan 
49.125, 85.375, 1.2190413985647517e-24, nan 
49.375, 85.375, 1.1899656275624664e-24, nan 
49.625, 85.375, 1.1719468538772927e-24, nan 
49.875, 85.375, 1.1744043278685392e-24, nan 
50.125, 85.375, 1.177011940237215e-24, nan 
50.375, 85.375, 1.1832492004787444e-24, nan 
50.625, 85.375, 1.0614682757016657e-24, nan 
50.875, 85.375, 9.776256537213673e-25, nan 
51.125, 85.375, 9.464000175271585e-25, nan 
51.375, 85.375, 9.140490480069231e-25, nan 
51.625, 85.375, 1.039535479241137e-24, nan 
51.875, 85.375, 1.033513471675303e-24, nan 
52.125, 85.375, 1.0832460673645829e-24, nan 
52.375, 85.375, 1.1058466024930223e-24, nan 
52.625, 85.375, 1.1724430776943197e-24, nan 
52.875, 85.375, 1.2116934518937754e-24, nan 
53.125, 85.375, 1.1835974210110863e-24, nan 
53.375, 85.375, 1.1429469712569167e-24, nan 
53.625, 85.375, 1.1820274814684757e-24, nan 
53.875, 85.375, 1.0822203307679149e-24, nan 
54.125, 85.375, 1.0769324688696946e-24, nan 
54.375, 85.375, 1.1191447856383515e-24, nan 
54.625, 85.375, 1.1814640917161963e-24, nan 
54.875, 85.375, 1.2173538254186425e-24, nan 
55.125, 85.375, 1.230527938610392e-24, nan 
55.375, 85.375, 1.2526923288614255e-24, nan 
55.625, 85.375, 1.2495323145500624e-24, nan 
55.875, 85.375, 1.2943482054420472e-24, nan 
56.125, 85.375, 1.2974995094377963e-24, nan 
56.375, 85.375, 1.2867146926003677e-24, nan 
56.625, 85.375, 1.2381792562180438e-24, nan 
56.875, 85.375, 1.2604031851094735e-24, nan 
57.125, 85.375, 1.2702803246633549e-24, nan 
57.375, 85.375, 1.2454232331042158e-24, nan 
57.625, 85.375, 1.2312731579939958e-24, nan 
57.875, 85.375, 1.2196425792704734e-24, nan 
58.125, 85.375, 1.1968667263487602e-24, nan 
58.375, 85.375, 1.1773769965893099e-24, nan 
58.625, 85.375, 1.1113552424596338e-24, nan 
58.875, 85.375, 1.0705245600748883e-24, nan 
59.125, 85.375, 1.0255058427254323e-24, nan 
59.375, 85.375, 9.72877873608661e-25, nan 
59.625, 85.375, 9.663185329916506e-25, nan 
59.875, 85.375, 9.104481120516944e-25, nan 
60.125, 85.375, 8.491246658434945e-25, nan 
60.375, 85.375, 8.2503518197438875e-25, nan 
60.625, 85.375, 8.211408132532361e-25, nan 
60.875, 85.375, 8.013135550541117e-25, nan 
61.125, 85.375, 8.095848273480361e-25, nan 
61.375, 85.375, 8.067310902016096e-25, nan 
61.625, 85.375, 8.1736059563387435e-25, nan 
61.875, 85.375, 8.257410321761056e-25, nan 
62.125, 85.375, 8.537581719258454e-25, nan 
62.375, 85.375, 8.509591591044608e-25, nan 
62.625, 85.375, 8.775128432592988e-25, nan 
62.875, 85.375, 9.077323542088511e-25, nan 
63.125, 85.375, 9.210804021540873e-25, nan 
63.375, 85.375, 9.36791854050043e-25, nan 
63.625, 85.375, 9.466996491710843e-25, nan 
63.875, 85.375, 9.455543028163976e-25, nan 
64.125, 85.375, 9.388458602316241e-25, nan 
64.375, 85.375, 9.524712170473708e-25, nan 
64.625, 85.375, 9.482045500515705e-25, nan 
64.875, 85.375, 9.764802961199049e-25, nan 
65.125, 85.375, 9.856913661812376e-25, nan 
65.375, 85.375, 9.841333150782e-25, nan 
65.625, 85.375, 9.80458940404732e-25, nan 
65.875, 85.375, 9.733053250772142e-25, nan 
66.125, 85.375, 9.745248445801105e-25, nan 
66.375, 85.375, 9.807222600185193e-25, nan 
66.625, 85.375, 9.857806272104362e-25, nan 
66.875, 85.375, 1.000084426604074e-24, nan 
67.125, 85.375, 1.0624339654812103e-24, nan 
67.375, 85.375, 1.1225554382338467e-24, nan 
67.625, 85.375, 1.2044135619697515e-24, nan 
67.875, 85.375, 1.2528185221358142e-24, nan 
68.125, 85.375, 1.2611927469398489e-24, nan 
68.375, 85.375, 1.1975672793003105e-24, nan 
68.625, 85.375, 1.1582501311301337e-24, nan 
68.875, 85.375, 1.1801613417401799e-24, nan 
69.125, 85.375, 1.1953046876428701e-24, nan 
69.375, 85.375, 1.1702399978952727e-24, nan 
69.625, 85.375, 1.1547868225973236e-24, nan 
69.875, 85.375, 1.1385616312618975e-24, nan 
70.125, 85.375, 1.1225464515350007e-24, nan 
70.375, 85.375, 1.1747904564424846e-24, nan 
70.625, 85.375, 1.164948320908041e-24, nan 
70.875, 85.375, 1.0936383182615948e-24, nan 
71.125, 85.375, 1.0098477872474826e-24, nan 
71.375, 85.375, 9.178640144886977e-25, nan 
71.625, 85.375, 8.471011856833144e-25, nan 
71.875, 85.375, 7.81289099230851e-25, nan 
72.125, 85.375, 7.940476209282927e-25, nan 
72.375, 85.375, 8.062164947978115e-25, nan 
72.625, 85.375, 8.447581377735354e-25, nan 
72.875, 85.375, 8.745823557315942e-25, nan 
73.125, 85.375, 8.335996250554482e-25, nan 
73.375, 85.375, 7.8395223636707285e-25, nan 
73.625, 85.375, 6.47753715458662e-25, nan 
73.875, 85.375, 6.2722910124721465e-25, nan 
74.125, 85.375, 6.814690870457782e-25, nan 
74.375, 85.375, 7.045010246120743e-25, nan 
74.625, 85.375, 1.0940989404598392e-24, nan 
74.875, 85.375, 1.2085409843054512e-24, nan 
75.125, 85.375, 1.1392696164289572e-24, nan 
75.375, 85.375, 1.1914869015386783e-24, nan 
75.625, 85.375, 1.1300773841160734e-24, nan 
75.875, 85.375, 1.1297638950592467e-24, nan 
76.125, 85.375, 1.1084167772006812e-24, nan 
76.375, 85.375, 1.3658707093110926e-24, nan 
76.625, 85.375, 1.2568169761887021e-24, nan 
76.875, 85.375, 1.8812234641145828e-24, nan 
77.125, 85.375, 1.866763695893225e-24, nan 
77.375, 85.375, 1.9072034337604373e-24, nan 
77.625, 85.375, 1.8858389775434245e-24, nan 
77.875, 85.375, 1.7370528588107045e-24, nan 
78.125, 85.375, 1.7226987448057412e-24, nan 
78.375, 85.375, 1.4865393407637115e-24, nan 
78.625, 85.375, 1.2884633264775527e-24, nan 
78.875, 85.375, 1.135042140213505e-24, nan 
79.125, 85.375, 8.987136857776187e-25, nan 
79.375, 85.375, 8.660882721209738e-25, nan 
79.625, 85.375, 8.622535193806943e-25, nan 
79.875, 85.375, 7.0106740785782555e-25, nan 
80.125, 85.375, 7.607425894515588e-25, nan 
80.375, 85.375, 6.810851889296683e-25, nan 
80.625, 85.375, 5.322553358408457e-25, nan 
80.875, 85.375, 3.53313094173715e-25, nan 
81.125, 85.375, 2.6254345660022887e-25, nan 
-112.625, 85.625, 4.658353897126341e-24, nan 
-112.375, 85.625, 4.002589062167553e-24, nan 
-112.125, 85.625, 3.418725372010284e-24, nan 
-111.875, 85.625, 3.1995806850126097e-24, nan 
-111.625, 85.625, 3.1333460670523593e-24, nan 
-111.375, 85.625, 3.160949659301264e-24, nan 
-111.125, 85.625, 3.577417500060794e-24, nan 
-110.875, 85.625, 4.194730182334473e-24, nan 
-110.625, 85.625, 4.480746185035192e-24, nan 
-110.375, 85.625, 4.3882469449790174e-24, nan 
-110.125, 85.625, 4.2079364221285206e-24, nan 
-109.875, 85.625, 4.0242450004446e-24, nan 
-109.625, 85.625, 3.9203712857328516e-24, nan 
-109.375, 85.625, 3.8131192861845926e-24, nan 
-109.125, 85.625, 4.271395888045069e-24, nan 
-108.875, 85.625, 4.631225592256903e-24, nan 
-108.625, 85.625, 4.900630741473146e-24, nan 
-108.375, 85.625, 4.900059061244763e-24, nan 
-108.125, 85.625, 4.332648372332113e-24, nan 
-107.875, 85.625, 4.133866600562825e-24, nan 
-107.625, 85.625, 4.8982323376678265e-24, nan 
-107.375, 85.625, 5.488551591603308e-24, nan 
-107.125, 85.625, 6.225521723239611e-24, nan 
-106.875, 85.625, 6.4052600418107125e-24, nan 
-106.625, 85.625, 6.652072298947433e-24, nan 
-106.375, 85.625, 6.81520479739849e-24, nan 
-106.125, 85.625, 8.253608461662236e-24, nan 
-105.875, 85.625, 9.616681901898671e-24, nan 
-105.625, 85.625, 1.0189500587860165e-23, nan 
-105.375, 85.625, 1.0258952459956694e-23, nan 
-105.125, 85.625, 1.0463728287489272e-23, nan 
-104.875, 85.625, 1.0025671486871537e-23, nan 
-104.625, 85.625, 9.411967982780337e-24, nan 
-104.375, 85.625, 1.0208767949666507e-23, nan 
-104.125, 85.625, 1.1188705072062365e-23, nan 
-103.875, 85.625, 1.2539172564956947e-23, nan 
-103.625, 85.625, 1.2865473725978465e-23, nan 
-103.375, 85.625, 1.2747610232946063e-23, nan 
-103.125, 85.625, 1.1945223374085492e-23, nan 
-102.875, 85.625, 1.1180578736601945e-23, nan 
-102.625, 85.625, 1.045659644248167e-23, nan 
-102.375, 85.625, 1.0158719772657349e-23, nan 
-102.125, 85.625, 9.838010442790984e-24, nan 
-101.875, 85.625, 9.8927189895832e-24, nan 
-101.625, 85.625, 9.620084355230061e-24, nan 
-101.375, 85.625, 9.315630506842093e-24, nan 
-101.125, 85.625, 8.99115971163336e-24, nan 
-100.875, 85.625, 8.844936332425886e-24, nan 
-100.625, 85.625, 8.337226854519583e-24, nan 
-100.375, 85.625, 7.193022633286429e-24, nan 
-100.125, 85.625, 6.927122870291282e-24, nan 
-99.875, 85.625, 6.244994313612579e-24, nan 
-99.625, 85.625, 5.4163967998440216e-24, nan 
-99.375, 85.625, 5.321488933119042e-24, nan 
-99.125, 85.625, 5.916810181759187e-24, nan 
-98.875, 85.625, 7.261167655458179e-24, nan 
-98.625, 85.625, 8.66535433170519e-24, nan 
-98.375, 85.625, 8.891846058685023e-24, nan 
-98.125, 85.625, 8.165490378575068e-24, nan 
-97.875, 85.625, 6.67795609610704e-24, nan 
-97.625, 85.625, 3.962547434599784e-24, nan 
-97.375, 85.625, 4.266742431138349e-24, nan 
-97.125, 85.625, 5.880375001744198e-24, nan 
-96.875, 85.625, 6.535004790873978e-24, nan 
-96.625, 85.625, 7.451721246168908e-24, nan 
-96.375, 85.625, 8.597661126086818e-24, nan 
-96.125, 85.625, 1.0684917547522678e-23, nan 
-95.875, 85.625, 1.1782882551415896e-23, nan 
-95.625, 85.625, 1.272962322516373e-23, nan 
-95.375, 85.625, 1.2946128868339534e-23, nan 
-95.125, 85.625, 1.3510280372307706e-23, nan 
-94.875, 85.625, 1.3538338148057295e-23, nan 
-94.625, 85.625, 1.3494681545065496e-23, nan 
-94.375, 85.625, 1.3087726301312366e-23, nan 
-94.125, 85.625, 1.248111521513303e-23, nan 
-93.875, 85.625, 1.3179161594716606e-23, nan 
-93.625, 85.625, 1.281877575953441e-23, nan 
-93.375, 85.625, 1.3006202537400423e-23, nan 
-93.125, 85.625, 1.1859254698551153e-23, nan 
-92.875, 85.625, 1.1607521631856225e-23, nan 
-92.625, 85.625, 1.2554244236702933e-23, nan 
-92.375, 85.625, 1.4084400372080923e-23, nan 
-92.125, 85.625, 1.512821219781383e-23, nan 
-91.875, 85.625, 1.532108107016615e-23, nan 
-91.625, 85.625, 1.358799499044927e-23, nan 
-91.375, 85.625, 1.1204193257927178e-23, nan 
-91.125, 85.625, 1.0309996446720916e-23, nan 
-90.875, 85.625, 1.0635317656163114e-23, nan 
-90.625, 85.625, 1.1292448098570577e-23, nan 
-90.375, 85.625, 1.0950634372327049e-23, nan 
-90.125, 85.625, 1.0481956697730587e-23, nan 
-89.875, 85.625, 9.958416378149997e-24, nan 
-89.625, 85.625, 9.77124218102838e-24, nan 
-89.375, 85.625, 9.78297704092127e-24, nan 
-89.125, 85.625, 1.020472817031029e-23, nan 
-88.875, 85.625, 1.0626704392577834e-23, nan 
-88.625, 85.625, 1.0739828657804885e-23, nan 
-88.375, 85.625, 9.726978434644249e-24, nan 
-88.125, 85.625, 8.619807355600361e-24, nan 
-87.875, 85.625, 8.43891217273771e-24, nan 
-87.625, 85.625, 7.63724948675856e-24, nan 
-87.375, 85.625, 7.013135186020956e-24, nan 
-87.125, 85.625, 6.278828493935179e-24, nan 
-86.875, 85.625, 5.910360621288682e-24, nan 
-86.625, 85.625, 5.633717268195458e-24, nan 
-86.375, 85.625, 4.962180540173165e-24, nan 
-86.125, 85.625, 4.684849589463465e-24, nan 
-85.875, 85.625, 4.7485061704374075e-24, nan 
-85.625, 85.625, 4.723359555159986e-24, nan 
-85.375, 85.625, 4.691614002220935e-24, nan 
-85.125, 85.625, 4.51231123336779e-24, nan 
-84.875, 85.625, 4.521508123819745e-24, nan 
-84.625, 85.625, 5.038170433328523e-24, nan 
-84.375, 85.625, 5.734619435161184e-24, nan 
-84.125, 85.625, 6.150786131503686e-24, nan 
-83.875, 85.625, 6.420994866299064e-24, nan 
-83.625, 85.625, 7.201449664871509e-24, nan 
-83.375, 85.625, 7.660762367360671e-24, nan 
-83.125, 85.625, 7.747973480901278e-24, nan 
-82.875, 85.625, 8.247153455501788e-24, nan 
-82.625, 85.625, 8.9123303260735e-24, nan 
-82.375, 85.625, 9.518320080249004e-24, nan 
-82.125, 85.625, 1.0090267634609853e-23, nan 
-81.875, 85.625, 1.0006930399645926e-23, nan 
-81.625, 85.625, 1.0146773448581232e-23, nan 
-81.375, 85.625, 1.0221181530913957e-23, nan 
-81.125, 85.625, 1.0523516145482783e-23, nan 
-80.875, 85.625, 1.0688041655174043e-23, nan 
-80.625, 85.625, 1.0393265816523086e-23, nan 
-80.375, 85.625, 1.0107492032519131e-23, nan 
-80.125, 85.625, 1.0276293136739013e-23, nan 
-79.875, 85.625, 1.113081320844867e-23, nan 
-79.625, 85.625, 1.196237132412082e-23, nan 
-79.375, 85.625, 1.248507480052556e-23, nan 
-79.125, 85.625, 1.2772261239006613e-23, nan 
-78.875, 85.625, 1.2767020980800127e-23, nan 
-78.625, 85.625, 1.1714837076265208e-23, nan 
-78.375, 85.625, 1.1831460023684499e-23, nan 
-78.125, 85.625, 1.0894648036783013e-23, nan 
-77.875, 85.625, 1.0017793293276241e-23, nan 
-77.625, 85.625, 1.032422123084604e-23, nan 
-77.375, 85.625, 9.750939290870147e-24, nan 
-77.125, 85.625, 7.391077758156081e-24, nan 
-76.875, 85.625, 5.756314688413759e-24, nan 
-76.625, 85.625, 5.1530734586315316e-24, nan 
-76.375, 85.625, 5.1040799580740475e-24, nan 
-76.125, 85.625, 4.542264560694335e-24, nan 
-75.875, 85.625, 3.7425049054125414e-24, nan 
-75.625, 85.625, 3.965527065190105e-24, nan 
-75.375, 85.625, 3.353240229887478e-24, nan 
-75.125, 85.625, 3.400290022720677e-24, nan 
-74.875, 85.625, 2.9588841694165916e-24, nan 
-74.625, 85.625, 2.517462534064325e-24, nan 
-74.375, 85.625, 2.8070137775835765e-24, nan 
-74.125, 85.625, 2.8554596558155757e-24, nan 
-73.875, 85.625, 2.3898312722246253e-24, nan 
-73.625, 85.625, 2.311294834616894e-24, nan 
-73.375, 85.625, 3.457547084096141e-24, nan 
-73.125, 85.625, 4.625279193837959e-24, nan 
-72.875, 85.625, 5.5092892574323925e-24, nan 
-72.625, 85.625, 5.8414030058964855e-24, nan 
-72.375, 85.625, 6.345172401327867e-24, nan 
-72.125, 85.625, 6.618591930311999e-24, nan 
-71.875, 85.625, 6.822610154401305e-24, nan 
-71.625, 85.625, 1.0659996720565987e-23, nan 
-71.375, 85.625, 2.0365332748855213e-23, nan 
-71.125, 85.625, 2.4414316069556823e-23, nan 
-70.875, 85.625, 2.574683879972267e-23, nan 
-70.625, 85.625, 2.407187063192735e-23, nan 
-70.375, 85.625, 2.4635736285011413e-23, nan 
-70.125, 85.625, 2.5518435506728986e-23, nan 
-69.875, 85.625, 2.700408411448912e-23, nan 
-69.625, 85.625, 2.5907894012105552e-23, nan 
-69.375, 85.625, 2.5662933272597178e-23, nan 
-69.125, 85.625, 2.808862133164723e-23, nan 
-68.875, 85.625, 2.960583823397206e-23, nan 
-68.625, 85.625, 3.0752711380279533e-23, nan 
-68.375, 85.625, 2.958993928911666e-23, nan 
-68.125, 85.625, 2.891346538297524e-23, nan 
-67.875, 85.625, 2.716253530079749e-23, nan 
-67.625, 85.625, 2.7293650961848246e-23, nan 
-67.375, 85.625, 2.57044151037134e-23, nan 
-67.125, 85.625, 2.4094870019874343e-23, nan 
-66.875, 85.625, 2.1788271048169243e-23, nan 
-66.625, 85.625, 2.0978557550337406e-23, nan 
-66.375, 85.625, 2.1139673643331828e-23, nan 
-66.125, 85.625, 2.1497302499050128e-23, nan 
-65.875, 85.625, 2.5323906674734327e-23, nan 
-65.625, 85.625, 2.6951710507242973e-23, nan 
-65.375, 85.625, 2.877185197915055e-23, nan 
-65.125, 85.625, 2.977014887640038e-23, nan 
-64.875, 85.625, 3.1610262729943465e-23, nan 
-64.625, 85.625, 3.044419599606772e-23, nan 
-64.375, 85.625, 3.073115930872297e-23, nan 
-64.125, 85.625, 3.013007796492621e-23, nan 
-63.875, 85.625, 2.86921045985523e-23, nan 
-63.625, 85.625, 2.6116499331821788e-23, nan 
-63.375, 85.625, 2.3466497769238646e-23, nan 
-63.125, 85.625, 2.0992794557217358e-23, nan 
-62.875, 85.625, 1.905114993884534e-23, nan 
-62.625, 85.625, 1.6214764860074713e-23, nan 
-62.375, 85.625, 1.503623877412845e-23, nan 
-62.125, 85.625, 1.4758880780524055e-23, nan 
-61.875, 85.625, 1.4268660349727793e-23, nan 
-61.625, 85.625, 1.1530879164534141e-23, nan 
-61.375, 85.625, 1.0921441691454272e-23, nan 
-61.125, 85.625, 1.0552082914544897e-23, nan 
-60.875, 85.625, 9.669098446194573e-24, nan 
-60.625, 85.625, 8.873091952883829e-24, nan 
-60.375, 85.625, 7.498453532209929e-24, nan 
-60.125, 85.625, 7.061643701264852e-24, nan 
-59.875, 85.625, 6.773730369615248e-24, nan 
-59.625, 85.625, 7.207312367500996e-24, nan 
-59.375, 85.625, 7.444822849251168e-24, nan 
-59.125, 85.625, 7.778459644964147e-24, nan 
-58.875, 85.625, 7.948918708767243e-24, nan 
-58.625, 85.625, 7.887330833559176e-24, nan 
-58.375, 85.625, 7.17640541481199e-24, nan 
-58.125, 85.625, 6.686414019682551e-24, nan 
-57.875, 85.625, 8.672028121607012e-24, nan 
-57.625, 85.625, 1.2745078885974212e-23, nan 
-57.375, 85.625, 1.5470691455367603e-23, nan 
-57.125, 85.625, 1.703336925441893e-23, nan 
-56.875, 85.625, 1.749132992113808e-23, nan 
-56.625, 85.625, 1.822532453517714e-23, nan 
-56.375, 85.625, 1.7722394135203196e-23, nan 
-56.125, 85.625, 9.765195127918505e-24, nan 
-55.875, 85.625, 1.7613176048210376e-23, nan 
-55.625, 85.625, 1.8603064764633278e-23, nan 
-55.375, 85.625, 2.0056456016917853e-23, nan 
-55.125, 85.625, 2.1063435748060594e-23, nan 
-54.875, 85.625, 2.1659657854353896e-23, nan 
-54.625, 85.625, 2.4940187097101986e-23, nan 
-54.375, 85.625, 3.253171512310293e-23, nan 
-54.125, 85.625, 3.93582031790375e-23, nan 
-53.875, 85.625, 4.464193361448268e-23, nan 
-53.625, 85.625, 4.5449911485944924e-23, nan 
-53.375, 85.625, 4.728754374513321e-23, nan 
-53.125, 85.625, 4.530734338612618e-23, nan 
-52.875, 85.625, 2.498447891944756e-23, nan 
-52.625, 85.625, 3.302341938179479e-23, nan 
-52.375, 85.625, 3.468109511683653e-23, nan 
-52.125, 85.625, 3.6765508167157264e-23, nan 
-51.875, 85.625, 3.822739822987985e-23, nan 
-51.625, 85.625, 3.8733281126162405e-23, nan 
-51.375, 85.625, 3.952698787218478e-23, nan 
-51.125, 85.625, 4.2427639878730326e-23, nan 
-50.875, 85.625, 4.7062317502546346e-23, nan 
-50.625, 85.625, 5.032870205985422e-23, nan 
-50.375, 85.625, 4.6379806649991484e-23, nan 
-50.125, 85.625, 4.4860960777872973e-23, nan 
-49.875, 85.625, 4.1610096309464563e-23, nan 
-49.625, 85.625, 3.0735855233507465e-23, nan 
-49.375, 85.625, 2.3812286985040347e-23, nan 
-49.125, 85.625, 2.1933530738839975e-23, nan 
-48.875, 85.625, 1.9847601220647557e-23, nan 
-48.625, 85.625, 1.8810711892207652e-23, nan 
-48.375, 85.625, 1.6016557162134257e-23, nan 
-48.125, 85.625, 1.4299807286544215e-23, nan 
-47.875, 85.625, 1.0937374252130301e-23, nan 
-47.625, 85.625, 1.2063870310830216e-23, nan 
-47.375, 85.625, 1.4081797590285842e-23, nan 
-47.125, 85.625, 1.233735627524045e-23, nan 
-46.875, 85.625, 1.201283894567647e-23, nan 
-46.625, 85.625, 9.932016078223317e-24, nan 
-46.375, 85.625, 1.2494585282561972e-23, nan 
-46.125, 85.625, 1.1877725783499223e-23, nan 
-45.875, 85.625, 1.1833449586314711e-23, nan 
-45.625, 85.625, 1.1554521912288822e-23, nan 
-45.375, 85.625, 1.3393185456338964e-23, nan 
-45.125, 85.625, 1.341941989198184e-23, nan 
-44.875, 85.625, 1.2708750269456537e-23, nan 
-44.625, 85.625, 1.3877276510935928e-23, nan 
-44.375, 85.625, 1.3467515489755317e-23, nan 
-44.125, 85.625, 1.342480208738541e-23, nan 
-43.875, 85.625, 1.3179920028485798e-23, nan 
-43.625, 85.625, 1.2847786276331426e-23, nan 
-43.375, 85.625, 1.2924896058015255e-23, nan 
-43.125, 85.625, 1.3062694177073817e-23, nan 
-42.875, 85.625, 1.2956619316727084e-23, nan 
-42.625, 85.625, 1.2637642482502877e-23, nan 
-42.375, 85.625, 1.2774234753933242e-23, nan 
-42.125, 85.625, 1.27945635578681e-23, nan 
-41.875, 85.625, 1.2485903896836295e-23, nan 
-41.625, 85.625, 1.2229286543258601e-23, nan 
-41.375, 85.625, 1.2185307169427351e-23, nan 
-41.125, 85.625, 1.2170732796016252e-23, nan 
-40.875, 85.625, 1.2871780317044069e-23, nan 
-40.625, 85.625, 1.3345146444999555e-23, nan 
-40.375, 85.625, 1.370866218560975e-23, nan 
-40.125, 85.625, 1.4047663572451416e-23, nan 
-39.875, 85.625, 1.3966382122504196e-23, nan 
-39.625, 85.625, 1.396144656678082e-23, nan 
-39.375, 85.625, 1.491198651132054e-23, nan 
-39.125, 85.625, 1.3913194951969664e-23, nan 
-38.875, 85.625, 1.2611245186789808e-23, nan 
-38.625, 85.625, 1.2202927719165655e-23, nan 
-38.375, 85.625, 1.2214658153156705e-23, nan 
-38.125, 85.625, 1.2120918805719004e-23, nan 
-37.875, 85.625, 1.2056220856890752e-23, nan 
-37.625, 85.625, 1.2229940708885704e-23, nan 
-37.375, 85.625, 1.2971150567715678e-23, nan 
-37.125, 85.625, 1.4474907635337712e-23, nan 
-36.875, 85.625, 1.4194712439705384e-23, nan 
-36.625, 85.625, 1.4747936805596364e-23, nan 
-36.375, 85.625, 1.5772994732397413e-23, nan 
-36.125, 85.625, 1.6625656269051317e-23, nan 
-35.875, 85.625, 1.604193516359414e-23, nan 
-35.625, 85.625, 1.5632511258680628e-23, nan 
-35.375, 85.625, 1.4457204014493692e-23, nan 
-35.125, 85.625, 1.4607963729236576e-23, nan 
-34.875, 85.625, 1.4203239508675573e-23, nan 
-34.625, 85.625, 1.3709655440439823e-23, nan 
-34.375, 85.625, 1.335463442743152e-23, nan 
-34.125, 85.625, 1.3122061338242087e-23, nan 
-33.875, 85.625, 1.3336469399679084e-23, nan 
-33.625, 85.625, 1.3686378789418548e-23, nan 
-33.375, 85.625, 1.3976983126276316e-23, nan 
-33.125, 85.625, 1.463011360405447e-23, nan 
-32.875, 85.625, 1.5569009408343585e-23, nan 
-32.625, 85.625, 1.7234152006766514e-23, nan 
-32.375, 85.625, 1.6528447583593485e-23, nan 
-32.125, 85.625, 1.5605913832722133e-23, nan 
-31.875, 85.625, 1.577847471663081e-23, nan 
-31.625, 85.625, 1.517693528937382e-23, nan 
-31.375, 85.625, 1.4751857613325187e-23, nan 
-31.125, 85.625, 1.4388118542671183e-23, nan 
-30.875, 85.625, 1.486096719247481e-23, nan 
-30.625, 85.625, 1.458145741185522e-23, nan 
-30.375, 85.625, 1.5244761762715305e-23, nan 
-30.125, 85.625, 1.516633023543377e-23, nan 
-29.875, 85.625, 1.759590722796625e-23, nan 
-29.625, 85.625, 2.133425207776277e-23, nan 
-29.375, 85.625, 2.0907488442946846e-23, nan 
-29.125, 85.625, 2.1057782844379405e-23, nan 
-28.875, 85.625, 2.0882496744902143e-23, nan 
-28.625, 85.625, 1.978250678578904e-23, nan 
-28.375, 85.625, 1.9392882213297908e-23, nan 
-28.125, 85.625, 1.8892633133032946e-23, nan 
-27.875, 85.625, 1.836702619912586e-23, nan 
-27.625, 85.625, 1.9250783856441473e-23, nan 
-27.375, 85.625, 1.8629002463545134e-23, nan 
-27.125, 85.625, 1.725900770838992e-23, nan 
-26.875, 85.625, 1.751933206249011e-23, nan 
-26.625, 85.625, 2.2045778416478398e-23, nan 
-26.375, 85.625, 3.150007415597311e-23, nan 
-26.125, 85.625, 3.1993489778190353e-23, nan 
-25.875, 85.625, 3.400967541677528e-23, nan 
-25.625, 85.625, 3.627714058628335e-23, nan 
-25.375, 85.625, 3.63474517136501e-23, nan 
-25.125, 85.625, 3.577473418034382e-23, nan 
-24.875, 85.625, 3.518139168602e-23, nan 
-24.625, 85.625, 3.4948788999817645e-23, nan 
-24.375, 85.625, 3.7420140678225657e-23, nan 
-24.125, 85.625, 3.706518123412926e-23, nan 
-23.875, 85.625, 3.4500952619575596e-23, nan 
-23.625, 85.625, 3.347582161180994e-23, nan 
-23.375, 85.625, 3.14324929028151e-23, nan 
-23.125, 85.625, 2.814923565838222e-23, nan 
-22.875, 85.625, 2.5344007645613083e-23, nan 
-22.625, 85.625, 2.5226344456854597e-23, nan 
-22.375, 85.625, 2.4298958775839158e-23, nan 
-22.125, 85.625, 2.3939414353988624e-23, nan 
-21.875, 85.625, 2.505381768717786e-23, nan 
-21.625, 85.625, 2.684254010756556e-23, nan 
-21.375, 85.625, 2.773716567010685e-23, nan 
-21.125, 85.625, 2.9292544368684045e-23, nan 
-20.875, 85.625, 2.9318233882543354e-23, nan 
-20.625, 85.625, 2.83581392800352e-23, nan 
-20.375, 85.625, 2.9021883881696834e-23, nan 
-20.125, 85.625, 2.865871310964192e-23, nan 
-19.875, 85.625, 2.7202881154260684e-23, nan 
-19.625, 85.625, 2.693303544378188e-23, nan 
-19.375, 85.625, 2.853968215604785e-23, nan 
-19.125, 85.625, 2.762603322654057e-23, nan 
-18.875, 85.625, 2.8438990875974535e-23, nan 
-18.625, 85.625, 2.97398773326329e-23, nan 
-18.375, 85.625, 2.76470382544209e-23, nan 
-18.125, 85.625, 2.871457328785149e-23, nan 
-17.875, 85.625, 2.800389170163311e-23, nan 
-17.625, 85.625, 2.4699738815072482e-23, nan 
-17.375, 85.625, 2.2672529683852264e-23, nan 
-17.125, 85.625, 2.23928211165222e-23, nan 
-16.875, 85.625, 1.905937425318382e-23, nan 
-16.625, 85.625, 1.7651030356270237e-23, nan 
-16.375, 85.625, 1.755187872968278e-23, nan 
-16.125, 85.625, 1.7494525731445485e-23, nan 
-15.875, 85.625, 1.790855416179741e-23, nan 
-15.625, 85.625, 1.8322702119389057e-23, nan 
-15.375, 85.625, 1.8770359754421314e-23, nan 
-15.125, 85.625, 1.9779303938598006e-23, nan 
-14.875, 85.625, 1.900012043309031e-23, nan 
-14.625, 85.625, 1.8547870877125958e-23, nan 
-14.375, 85.625, 1.6279277211876455e-23, nan 
-14.125, 85.625, 1.3296621499632176e-23, nan 
-13.875, 85.625, 1.0312632161217334e-23, nan 
-13.625, 85.625, 9.692586528198585e-24, nan 
-13.375, 85.625, 9.34589529332505e-24, nan 
-13.125, 85.625, 1.0584460787313569e-23, nan 
-12.875, 85.625, 9.451167315608541e-24, nan 
-12.625, 85.625, 8.23275749226251e-24, nan 
-12.375, 85.625, 6.7940899494635e-24, nan 
-12.125, 85.625, 5.707402128690794e-24, nan 
-11.875, 85.625, 3.690320150398456e-24, nan 
-11.625, 85.625, 2.7951133175160464e-24, nan 
-11.375, 85.625, 2.9769220007535004e-24, nan 
-11.125, 85.625, 4.327973925369357e-24, nan 
-10.875, 85.625, 7.31513512574271e-24, nan 
-10.625, 85.625, 1.1617056184242668e-23, nan 
-10.375, 85.625, 1.506774035601678e-23, nan 
-10.125, 85.625, 1.687632910508333e-23, nan 
-9.875, 85.625, 2.0179092847334488e-23, nan 
-9.625, 85.625, 1.9089738715788262e-23, nan 
-9.375, 85.625, 1.7801207053857665e-23, nan 
-9.125, 85.625, 1.5633296185722475e-23, nan 
-8.875, 85.625, 1.4314409579932874e-23, nan 
-8.625, 85.625, 1.0682322666272522e-23, nan 
-8.375, 85.625, 8.303894779155212e-24, nan 
-8.125, 85.625, 6.518955261613727e-24, nan 
-7.875, 85.625, 6.059157509642816e-24, nan 
-7.625, 85.625, 6.325395081755159e-24, nan 
-7.375, 85.625, 8.598050118092638e-24, nan 
-7.125, 85.625, 1.0285452792900551e-23, nan 
-6.875, 85.625, 1.1225573860163566e-23, nan 
-6.625, 85.625, 1.3057083243699579e-23, nan 
-6.375, 85.625, 1.251498713946498e-23, nan 
-6.125, 85.625, 1.2895863521714373e-23, nan 
-5.875, 85.625, 1.2855468042560864e-23, nan 
-5.625, 85.625, 1.2837169862489355e-23, nan 
-5.375, 85.625, 1.179180489428762e-23, nan 
-5.125, 85.625, 1.1427704551428906e-23, nan 
-4.875, 85.625, 1.0572933291286389e-23, nan 
-4.625, 85.625, 1.0647010083366557e-23, nan 
-4.375, 85.625, 1.0756038369853941e-23, nan 
-4.125, 85.625, 1.0806690170743633e-23, nan 
-3.875, 85.625, 1.1567494692345113e-23, nan 
-3.625, 85.625, 1.1821516072457303e-23, nan 
-3.375, 85.625, 1.2177066180984884e-23, nan 
-3.125, 85.625, 8.872801619610815e-24, nan 
-2.875, 85.625, 8.903515112857714e-24, nan 
-2.625, 85.625, 9.889463393521963e-24, nan 
-2.375, 85.625, 1.0281209381351492e-23, nan 
-2.125, 85.625, 1.0346332450451386e-23, nan 
-1.875, 85.625, 1.1124851616731533e-23, nan 
-1.625, 85.625, 1.1241389165383036e-23, nan 
-1.375, 85.625, 1.1759292680570959e-23, nan 
-1.125, 85.625, 1.2168577533369372e-23, nan 
-0.875, 85.625, 1.322982156725577e-23, nan 
-0.625, 85.625, 1.368965374299366e-23, nan 
-0.375, 85.625, 1.3792314059006388e-23, nan 
-0.125, 85.625, 1.349870853564926e-23, nan 
0.125, 85.625, 1.2010422369422665e-23, nan 
0.375, 85.625, 9.331010454990921e-24, nan 
0.625, 85.625, 8.22457981598775e-24, nan 
0.875, 85.625, 7.758824534132784e-24, nan 
1.125, 85.625, 7.39120203030956e-24, nan 
1.375, 85.625, 6.794640170953493e-24, nan 
1.625, 85.625, 6.724376525585562e-24, nan 
1.875, 85.625, 6.289560180012603e-24, nan 
2.125, 85.625, 5.8519979492643795e-24, nan 
2.375, 85.625, 5.191280762011161e-24, nan 
2.625, 85.625, 5.334901362235142e-24, nan 
2.875, 85.625, 5.2350606879278715e-24, nan 
3.125, 85.625, 5.024288382076595e-24, nan 
3.375, 85.625, 4.963011074970325e-24, nan 
3.625, 85.625, 4.782182943310181e-24, nan 
3.875, 85.625, 4.1833257110314525e-24, nan 
4.125, 85.625, 3.59858678589219e-24, nan 
4.375, 85.625, 3.2392373406409072e-24, nan 
4.625, 85.625, 2.897335349149486e-24, nan 
4.875, 85.625, 2.652200985901339e-24, nan 
5.125, 85.625, 2.5036841884400272e-24, nan 
5.375, 85.625, 2.160685331625982e-24, nan 
5.625, 85.625, 1.8929669850907063e-24, nan 
5.875, 85.625, 1.5473974854435847e-24, nan 
6.125, 85.625, 1.484393680964649e-24, nan 
6.375, 85.625, 1.2777310574228904e-24, nan 
6.625, 85.625, 1.4643340359154929e-24, nan 
6.875, 85.625, 1.5986808697432693e-24, nan 
7.125, 85.625, 1.6755108699841082e-24, nan 
7.375, 85.625, 1.775942278904452e-24, nan 
7.625, 85.625, 1.8798887341075905e-24, nan 
7.875, 85.625, 2.097290607700554e-24, nan 
8.125, 85.625, 2.3867308092584268e-24, nan 
8.375, 85.625, 2.4610571219561256e-24, nan 
8.625, 85.625, 2.6566158127154397e-24, nan 
8.875, 85.625, 2.9142166682798934e-24, nan 
9.125, 85.625, 3.33864573858436e-24, nan 
9.375, 85.625, 3.396830858869066e-24, nan 
9.625, 85.625, 3.342736691398316e-24, nan 
9.875, 85.625, 3.352753100777383e-24, nan 
10.125, 85.625, 3.512992905479551e-24, nan 
10.375, 85.625, 3.780544373182345e-24, nan 
10.625, 85.625, 4.008534239473646e-24, nan 
10.875, 85.625, 4.004756429765657e-24, nan 
11.125, 85.625, 4.199204525019875e-24, nan 
11.375, 85.625, 4.348638081395846e-24, nan 
11.625, 85.625, 4.400019744333088e-24, nan 
11.875, 85.625, 4.457857474618634e-24, nan 
12.125, 85.625, 4.623053415115734e-24, nan 
12.375, 85.625, 4.8095267631352775e-24, nan 
12.625, 85.625, 5.0136409450096e-24, nan 
12.875, 85.625, 5.231896953892478e-24, nan 
13.125, 85.625, 5.3468131051124764e-24, nan 
13.375, 85.625, 4.681709990552224e-24, nan 
13.625, 85.625, 4.39267329377855e-24, nan 
13.875, 85.625, 4.273069045868413e-24, nan 
14.125, 85.625, 4.25612022387643e-24, nan 
14.375, 85.625, 4.2905550081349826e-24, nan 
14.625, 85.625, 4.3445761615994574e-24, nan 
14.875, 85.625, 4.399697362641963e-24, nan 
15.125, 85.625, 4.3760543728720025e-24, nan 
15.375, 85.625, 4.4183771220358406e-24, nan 
15.625, 85.625, 4.536003878361181e-24, nan 
15.875, 85.625, 4.5560702893927895e-24, nan 
16.125, 85.625, 4.5779934647765724e-24, nan 
16.375, 85.625, 4.569491292772159e-24, nan 
16.625, 85.625, 4.1779422021951244e-24, nan 
16.875, 85.625, 4.020750920888525e-24, nan 
17.125, 85.625, 4.006052363359863e-24, nan 
17.375, 85.625, 4.0601783577710594e-24, nan 
17.625, 85.625, 3.995264681783878e-24, nan 
17.875, 85.625, 3.997307661520792e-24, nan 
18.125, 85.625, 4.0101197338229804e-24, nan 
18.375, 85.625, 4.0304215270141475e-24, nan 
18.625, 85.625, 4.080106999289141e-24, nan 
18.875, 85.625, 4.12236480105818e-24, nan 
19.125, 85.625, 3.9808369990920844e-24, nan 
19.375, 85.625, 3.874986388368098e-24, nan 
19.625, 85.625, 3.888143446026926e-24, nan 
19.875, 85.625, 3.98694409460648e-24, nan 
20.125, 85.625, 4.088993087667086e-24, nan 
20.375, 85.625, 4.069140851252536e-24, nan 
20.625, 85.625, 4.2651757648129174e-24, nan 
20.875, 85.625, 4.3512715233999e-24, nan 
21.125, 85.625, 4.4715490986277906e-24, nan 
21.375, 85.625, 4.855014578978786e-24, nan 
21.625, 85.625, 5.3405992677524765e-24, nan 
21.875, 85.625, 5.223650123110844e-24, nan 
22.125, 85.625, 4.290658551750567e-24, nan 
22.375, 85.625, 3.7326787673986295e-24, nan 
22.625, 85.625, 3.374356893770669e-24, nan 
22.875, 85.625, 2.7521828487441392e-24, nan 
23.125, 85.625, 2.691382559145364e-24, nan 
23.375, 85.625, 2.4870738231705263e-24, nan 
23.625, 85.625, 2.283171038633148e-24, nan 
23.875, 85.625, 1.9602394036156384e-24, nan 
24.125, 85.625, 1.8375513261386613e-24, nan 
24.375, 85.625, 1.6460881627249042e-24, nan 
24.625, 85.625, 1.5529341732508301e-24, nan 
24.875, 85.625, 1.5314264976674781e-24, nan 
25.125, 85.625, 1.581524057143979e-24, nan 
25.375, 85.625, 1.4194915966510573e-24, nan 
25.625, 85.625, 1.1892897911984134e-24, nan 
25.875, 85.625, 1.0616417872956306e-24, nan 
26.125, 85.625, 9.721855743202637e-25, nan 
26.375, 85.625, 8.16698717995854e-25, nan 
26.625, 85.625, 8.042918659376662e-25, nan 
26.875, 85.625, 8.106495474001055e-25, nan 
27.125, 85.625, 8.219367715066536e-25, nan 
27.375, 85.625, 7.926866994709076e-25, nan 
27.625, 85.625, 7.976294355296751e-25, nan 
27.875, 85.625, 7.3574526346675135e-25, nan 
28.125, 85.625, 7.886956605430706e-25, nan 
28.375, 85.625, 7.608015469508797e-25, nan 
28.625, 85.625, 7.277180319096275e-25, nan 
28.875, 85.625, 6.698578563660325e-25, nan 
29.125, 85.625, 6.450244621730995e-25, nan 
29.375, 85.625, 5.848202983066341e-25, nan 
29.625, 85.625, 5.426862683181029e-25, nan 
29.875, 85.625, 5.0058007220668015e-25, nan 
30.125, 85.625, 4.539156884358904e-25, nan 
30.375, 85.625, 4.469099846603131e-25, nan 
30.625, 85.625, 4.253303890328198e-25, nan 
30.875, 85.625, 4.085666892734387e-25, nan 
31.125, 85.625, 3.9070193281672892e-25, nan 
31.375, 85.625, 4.368737230150892e-25, nan 
31.625, 85.625, 3.9536131415486067e-25, nan 
31.875, 85.625, 3.965756398572785e-25, nan 
32.125, 85.625, 3.6012626300899406e-25, nan 
32.375, 85.625, 3.5816124740196292e-25, nan 
32.625, 85.625, 4.760427119846193e-25, nan 
32.875, 85.625, 6.851908681489069e-25, nan 
33.125, 85.625, 9.831309649238801e-25, nan 
33.375, 85.625, 1.1701051431124495e-24, nan 
33.625, 85.625, 1.3140739991004675e-24, nan 
33.875, 85.625, 1.563656711394895e-24, nan 
34.125, 85.625, 1.7256630061288077e-24, nan 
34.375, 85.625, 2.007641479856575e-24, nan 
34.625, 85.625, 2.2877879580433984e-24, nan 
34.875, 85.625, 2.367896811759815e-24, nan 
35.125, 85.625, 2.5155734634405372e-24, nan 
35.375, 85.625, 2.498984872675227e-24, nan 
35.625, 85.625, 2.5857195243481595e-24, nan 
35.875, 85.625, 2.651187153397403e-24, nan 
36.125, 85.625, 2.642265381711023e-24, nan 
36.375, 85.625, 2.6832810644703097e-24, nan 
36.625, 85.625, 2.61459685592516e-24, nan 
36.875, 85.625, 2.6203140332466457e-24, nan 
37.125, 85.625, 2.568533055028795e-24, nan 
37.375, 85.625, 2.416663957799126e-24, nan 
37.625, 85.625, 2.332876533904481e-24, nan 
37.875, 85.625, 2.2870418435622596e-24, nan 
38.125, 85.625, 2.3027174001051093e-24, nan 
38.375, 85.625, 2.3502485072421803e-24, nan 
38.625, 85.625, 2.3250138614984303e-24, nan 
38.875, 85.625, 2.341537908136229e-24, nan 
39.125, 85.625, 2.387563600383169e-24, nan 
39.375, 85.625, 2.391918974402587e-24, nan 
39.625, 85.625, 2.3205404178426093e-24, nan 
39.875, 85.625, 2.2364162441811156e-24, nan 
40.125, 85.625, 2.1850535467958264e-24, nan 
40.375, 85.625, 2.0731657268467214e-24, nan 
40.625, 85.625, 1.9865339123267183e-24, nan 
40.875, 85.625, 1.9110862137298754e-24, nan 
41.125, 85.625, 1.8440441509134037e-24, nan 
41.375, 85.625, 1.829060396859494e-24, nan 
41.625, 85.625, 1.7316859430564672e-24, nan 
41.875, 85.625, 1.6576438952329607e-24, nan 
42.125, 85.625, 1.5685394883227455e-24, nan 
42.375, 85.625, 1.5580640148942962e-24, nan 
42.625, 85.625, 1.5922764138026075e-24, nan 
42.875, 85.625, 1.5506053979337895e-24, nan 
43.125, 85.625, 1.5518445143203772e-24, nan 
43.375, 85.625, 1.5325333787226599e-24, nan 
43.625, 85.625, 1.4705410134449432e-24, nan 
43.875, 85.625, 1.434021245182123e-24, nan 
44.125, 85.625, 1.4653117174608222e-24, nan 
44.375, 85.625, 1.4308470299654767e-24, nan 
44.625, 85.625, 1.4818218654509633e-24, nan 
44.875, 85.625, 1.5091260194666728e-24, nan 
45.125, 85.625, 1.5555686249516854e-24, nan 
45.375, 85.625, 1.6258191517285371e-24, nan 
45.625, 85.625, 1.7450144447871013e-24, nan 
45.875, 85.625, 1.8485567933109835e-24, nan 
46.125, 85.625, 1.90008798210728e-24, nan 
46.375, 85.625, 1.942164877106901e-24, nan 
46.625, 85.625, 1.9623365333138176e-24, nan 
46.875, 85.625, 1.964820634581192e-24, nan 
47.125, 85.625, 1.936723300412819e-24, nan 
47.375, 85.625, 1.936656234296216e-24, nan 
47.625, 85.625, 1.9045858195552195e-24, nan 
47.875, 85.625, 1.8905272071531262e-24, nan 
48.125, 85.625, 1.884258563638643e-24, nan 
48.375, 85.625, 1.9154803268451075e-24, nan 
48.625, 85.625, 1.9297159346621652e-24, nan 
48.875, 85.625, 1.8380804887185918e-24, nan 
49.125, 85.625, 1.7754310725226465e-24, nan 
49.375, 85.625, 1.7264193928452036e-24, nan 
49.625, 85.625, 1.7292534971045725e-24, nan 
49.875, 85.625, 1.7109436601492444e-24, nan 
50.125, 85.625, 1.7430316391117083e-24, nan 
50.375, 85.625, 1.7333902400394894e-24, nan 
50.625, 85.625, 1.6178042315229684e-24, nan 
50.875, 85.625, 1.4669997963357533e-24, nan 
51.125, 85.625, 1.40020664910651e-24, nan 
51.375, 85.625, 1.3231371867467407e-24, nan 
51.625, 85.625, 1.205474496894671e-24, nan 
51.875, 85.625, 1.1820014313572072e-24, nan 
52.125, 85.625, 1.1596585953015842e-24, nan 
52.375, 85.625, 1.1377717707679816e-24, nan 
52.625, 85.625, 1.0870744275618924e-24, nan 
52.875, 85.625, 1.054370377416923e-24, nan 
53.125, 85.625, 1.0236614846874893e-24, nan 
53.375, 85.625, 1.034990220055538e-24, nan 
53.625, 85.625, 1.0329747914851224e-24, nan 
53.875, 85.625, 9.828123491032716e-25, nan 
54.125, 85.625, 1.1593871159016406e-24, nan 
54.375, 85.625, 1.876275925591296e-24, nan 
54.625, 85.625, 2.0515561805774216e-24, nan 
54.875, 85.625, 2.1849368944921192e-24, nan 
55.125, 85.625, 2.362023510832818e-24, nan 
55.375, 85.625, 2.241154319636713e-24, nan 
55.625, 85.625, 2.1132685106408625e-24, nan 
55.875, 85.625, 2.2209453768721484e-24, nan 
56.125, 85.625, 2.2755155998590643e-24, nan 
56.375, 85.625, 2.307610545786177e-24, nan 
56.625, 85.625, 2.342780182319799e-24, nan 
56.875, 85.625, 2.3181258200116698e-24, nan 
57.125, 85.625, 2.3744532913584325e-24, nan 
57.375, 85.625, 2.3516256892149873e-24, nan 
57.625, 85.625, 2.289819124346853e-24, nan 
57.875, 85.625, 2.282515439134344e-24, nan 
58.125, 85.625, 2.2245207786316097e-24, nan 
58.375, 85.625, 2.1372119788499234e-24, nan 
58.625, 85.625, 2.095930586081682e-24, nan 
58.875, 85.625, 2.053307930763204e-24, nan 
59.125, 85.625, 2.0453592790695877e-24, nan 
59.375, 85.625, 2.0066006531695563e-24, nan 
59.625, 85.625, 2.014200646748095e-24, nan 
59.875, 85.625, 2.0385627351920737e-24, nan 
60.125, 85.625, 2.061207330957487e-24, nan 
60.375, 85.625, 2.035074480449469e-24, nan 
60.625, 85.625, 2.031423819216001e-24, nan 
60.875, 85.625, 1.9934378659814645e-24, nan 
61.125, 85.625, 1.988748943926841e-24, nan 
61.375, 85.625, 1.981633604358995e-24, nan 
61.625, 85.625, 1.9751952956638537e-24, nan 
61.875, 85.625, 2.0003563915983222e-24, nan 
62.125, 85.625, 1.9962800913423725e-24, nan 
62.375, 85.625, 1.9763091374930156e-24, nan 
62.625, 85.625, 1.957225226560652e-24, nan 
62.875, 85.625, 1.9065875024187063e-24, nan 
63.125, 85.625, 1.8707775633852063e-24, nan 
63.375, 85.625, 1.8487838823280544e-24, nan 
63.625, 85.625, 1.8518445772496575e-24, nan 
63.875, 85.625, 1.968369871826038e-24, nan 
64.125, 85.625, 2.059016467673258e-24, nan 
64.375, 85.625, 2.1362501374572778e-24, nan 
64.625, 85.625, 2.1721251065339728e-24, nan 
64.875, 85.625, 2.1377956555431563e-24, nan 
65.125, 85.625, 2.0630692693129043e-24, nan 
65.375, 85.625, 1.9851023149707813e-24, nan 
65.625, 85.625, 2.0339242391994177e-24, nan 
65.875, 85.625, 2.0891994673239594e-24, nan 
66.125, 85.625, 2.0741447743053215e-24, nan 
66.375, 85.625, 2.0312711737519878e-24, nan 
66.625, 85.625, 1.969057597557878e-24, nan 
66.875, 85.625, 1.700885005319339e-24, nan 
67.125, 85.625, 1.579783717477315e-24, nan 
67.375, 85.625, 1.567219199931355e-24, nan 
67.625, 85.625, 1.6053009800127e-24, nan 
67.875, 85.625, 1.683710404005612e-24, nan 
68.125, 85.625, 1.7379422323386026e-24, nan 
68.375, 85.625, 1.6588366793428917e-24, nan 
68.625, 85.625, 1.6399064436130782e-24, nan 
68.875, 85.625, 1.5925560562577826e-24, nan 
69.125, 85.625, 1.555430999995858e-24, nan 
69.375, 85.625, 1.5174022933595125e-24, nan 
69.625, 85.625, 1.4927254277348785e-24, nan 
69.875, 85.625, 1.4742759824416397e-24, nan 
70.125, 85.625, 1.3932302809185731e-24, nan 
70.375, 85.625, 1.3251934847033661e-24, nan 
70.625, 85.625, 1.3156649369117791e-24, nan 
70.875, 85.625, 1.3139663475960204e-24, nan 
71.125, 85.625, 1.360573331920098e-24, nan 
71.375, 85.625, 1.4207443758709748e-24, nan 
71.625, 85.625, 1.4441224816933129e-24, nan 
71.875, 85.625, 1.5491478134880826e-24, nan 
72.125, 85.625, 1.5411827325183532e-24, nan 
72.375, 85.625, 1.5287324468825439e-24, nan 
72.625, 85.625, 1.591451850002503e-24, nan 
72.875, 85.625, 1.6960295700445568e-24, nan 
73.125, 85.625, 1.8665284808520393e-24, nan 
73.375, 85.625, 1.870454791741876e-24, nan 
73.625, 85.625, 2.3171849101224956e-24, nan 
73.875, 85.625, 2.3235912024751023e-24, nan 
74.125, 85.625, 2.4453667142051966e-24, nan 
74.375, 85.625, 2.4697912719931327e-24, nan 
74.625, 85.625, 2.457333361380049e-24, nan 
74.875, 85.625, 2.536345665393758e-24, nan 
75.125, 85.625, 2.2649287251062762e-24, nan 
75.375, 85.625, 2.1029303637169033e-24, nan 
75.625, 85.625, 1.9700521314274212e-24, nan 
75.875, 85.625, 2.0473359068270827e-24, nan 
76.125, 85.625, 2.2399018169295214e-24, nan 
76.375, 85.625, 2.682916797030764e-24, nan 
76.625, 85.625, 2.7952699801231912e-24, nan 
76.875, 85.625, 3.879194517791495e-24, nan 
77.125, 85.625, 3.930451185597539e-24, nan 
77.375, 85.625, 4.210591697183366e-24, nan 
77.625, 85.625, 4.322473494007518e-24, nan 
77.875, 85.625, 4.278112337749684e-24, nan 
78.125, 85.625, 4.3220578781801344e-24, nan 
78.375, 85.625, 3.6607454756743924e-24, nan 
78.625, 85.625, 2.940982425000486e-24, nan 
78.875, 85.625, 2.353329724646686e-24, nan 
79.125, 85.625, 1.8957578624281585e-24, nan 
79.375, 85.625, 1.4912644204226661e-24, nan 
79.625, 85.625, 1.3823533819125837e-24, nan 
79.875, 85.625, 1.3965601886793037e-24, nan 
80.125, 85.625, 1.7506081261536074e-24, nan 
80.375, 85.625, 1.7981682453601697e-24, nan 
80.625, 85.625, 1.947986621515698e-24, nan 
80.875, 85.625, 2.0156157942423558e-24, nan 
81.125, 85.625, 2.0634303356308982e-24, nan 
81.375, 85.625, 2.1205099370364338e-24, nan 
81.625, 85.625, 1.862173224914436e-24, nan 
81.875, 85.625, 1.6393853267184368e-24, nan 
-113.625, 85.875, 2.051590492062345e-24, nan 
-113.375, 85.875, 1.91549663773629e-24, nan 
-113.125, 85.875, 1.951309811644837e-24, nan 
-112.875, 85.875, 2.0686156934027566e-24, nan 
-112.625, 85.875, 2.199895679372942e-24, nan 
-112.375, 85.875, 2.5809941538428025e-24, nan 
-112.125, 85.875, 3.247931075987335e-24, nan 
-111.875, 85.875, 3.722085794509163e-24, nan 
-111.625, 85.875, 3.7484545131724084e-24, nan 
-111.375, 85.875, 4.206306616349883e-24, nan 
-111.125, 85.875, 4.9686757159514546e-24, nan 
-110.875, 85.875, 5.5362057455788436e-24, nan 
-110.625, 85.875, 5.690440617647611e-24, nan 
-110.375, 85.875, 5.8731597018788944e-24, nan 
-110.125, 85.875, 5.254764931824168e-24, nan 
-109.875, 85.875, 4.780890171592439e-24, nan 
-109.625, 85.875, 4.069098287082695e-24, nan 
-109.375, 85.875, 2.756941198085614e-24, nan 
-109.125, 85.875, 4.080543804484636e-24, nan 
-108.875, 85.875, 4.67934289928212e-24, nan 
-108.625, 85.875, 4.8655886551894876e-24, nan 
-108.375, 85.875, 5.638712585981699e-24, nan 
-108.125, 85.875, 7.532594416153385e-24, nan 
-107.875, 85.875, 9.454236200821565e-24, nan 
-107.625, 85.875, 1.0813999763492788e-23, nan 
-107.375, 85.875, 1.1750626934316203e-23, nan 
-107.125, 85.875, 1.2850464310903289e-23, nan 
-106.875, 85.875, 1.1965471071489207e-23, nan 
-106.625, 85.875, 1.1097513708729987e-23, nan 
-106.375, 85.875, 9.810249248314572e-24, nan 
-106.125, 85.875, 5.674540782011901e-24, nan 
-105.875, 85.875, 6.018622771804559e-24, nan 
-105.625, 85.875, 6.587480281993823e-24, nan 
-105.375, 85.875, 7.071869529143596e-24, nan 
-105.125, 85.875, 7.9137706755054e-24, nan 
-104.875, 85.875, 8.775971908644822e-24, nan 
-104.625, 85.875, 9.18052023917036e-24, nan 
-104.375, 85.875, 9.266789201256109e-24, nan 
-104.125, 85.875, 9.800968529990726e-24, nan 
-103.875, 85.875, 1.0463084895905814e-23, nan 
-103.625, 85.875, 9.272834388977398e-24, nan 
-103.375, 85.875, 7.91581090310946e-24, nan 
-103.125, 85.875, 7.243233900992071e-24, nan 
-102.875, 85.875, 4.510493779014682e-24, nan 
-102.625, 85.875, 4.368910163977775e-24, nan 
-102.375, 85.875, 5.740230438869725e-24, nan 
-102.125, 85.875, 6.963640554453607e-24, nan 
-101.875, 85.875, 8.771049646011122e-24, nan 
-101.625, 85.875, 8.182096906551923e-24, nan 
-101.375, 85.875, 7.809634843135788e-24, nan 
-101.125, 85.875, 6.930383505450197e-24, nan 
-100.875, 85.875, 6.077504842157727e-24, nan 
-100.625, 85.875, 6.905205957981551e-24, nan 
-100.375, 85.875, 5.814882186002067e-24, nan 
-100.125, 85.875, 6.0671931460972164e-24, nan 
-99.875, 85.875, 7.531580737271952e-24, nan 
-99.625, 85.875, 1.0424289538839611e-23, nan 
-99.375, 85.875, 1.3888786267439593e-23, nan 
-99.125, 85.875, 1.7695547905490566e-23, nan 
-98.875, 85.875, 2.108527393020287e-23, nan 
-98.625, 85.875, 2.4731302253812022e-23, nan 
-98.375, 85.875, 2.5330091414489373e-23, nan 
-98.125, 85.875, 2.4158735036383216e-23, nan 
-97.875, 85.875, 2.141053035495845e-23, nan 
-97.625, 85.875, 1.6731482174633858e-23, nan 
-97.375, 85.875, 1.3275959719693888e-23, nan 
-97.125, 85.875, 1.0887711991261743e-23, nan 
-96.875, 85.875, 1.0612605903167565e-23, nan 
-96.625, 85.875, 1.0631534438141824e-23, nan 
-96.375, 85.875, 1.1458541633566367e-23, nan 
-96.125, 85.875, 1.391923346108498e-23, nan 
-95.875, 85.875, 1.6153928103722634e-23, nan 
-95.625, 85.875, 1.8146348473991252e-23, nan 
-95.375, 85.875, 1.9547483930345298e-23, nan 
-95.125, 85.875, 2.0435818020981605e-23, nan 
-94.875, 85.875, 2.0256290332474214e-23, nan 
-94.625, 85.875, 1.8749613651686892e-23, nan 
-94.375, 85.875, 1.5752202271719643e-23, nan 
-94.125, 85.875, 1.3326433876105574e-23, nan 
-93.875, 85.875, 1.2014286668863803e-23, nan 
-93.625, 85.875, 1.1605700541873638e-23, nan 
-93.375, 85.875, 1.0999043883267411e-23, nan 
-93.125, 85.875, 1.0489612364590399e-23, nan 
-92.875, 85.875, 9.908627589012415e-24, nan 
-92.625, 85.875, 1.1223688199802081e-23, nan 
-92.375, 85.875, 1.2583242752614008e-23, nan 
-92.125, 85.875, 1.3211629724784059e-23, nan 
-91.875, 85.875, 1.3409424622931087e-23, nan 
-91.625, 85.875, 1.2509174670756627e-23, nan 
-91.375, 85.875, 1.0847494881063776e-23, nan 
-91.125, 85.875, 1.0116510158076311e-23, nan 
-90.875, 85.875, 1.0643947746300194e-23, nan 
-90.625, 85.875, 1.1461576948785512e-23, nan 
-90.375, 85.875, 1.1503074611758525e-23, nan 
-90.125, 85.875, 1.1213407530126021e-23, nan 
-89.875, 85.875, 1.08590673292123e-23, nan 
-89.625, 85.875, 1.0981795503701435e-23, nan 
-89.375, 85.875, 1.096198859669953e-23, nan 
-89.125, 85.875, 1.1024647907088451e-23, nan 
-88.875, 85.875, 1.12323317618461e-23, nan 
-88.625, 85.875, 1.1161878562994193e-23, nan 
-88.375, 85.875, 1.0302485951229037e-23, nan 
-88.125, 85.875, 9.623848551372589e-24, nan 
-87.875, 85.875, 9.352611098176018e-24, nan 
-87.625, 85.875, 8.751165004838472e-24, nan 
-87.375, 85.875, 8.204133714062711e-24, nan 
-87.125, 85.875, 8.13779229085293e-24, nan 
-86.875, 85.875, 8.034864503021862e-24, nan 
-86.625, 85.875, 7.814096440981294e-24, nan 
-86.375, 85.875, 7.907856918088495e-24, nan 
-86.125, 85.875, 8.241708126514718e-24, nan 
-85.875, 85.875, 8.284843702676257e-24, nan 
-85.625, 85.875, 8.564517811386346e-24, nan 
-85.375, 85.875, 8.68897028244693e-24, nan 
-85.125, 85.875, 8.459177996086972e-24, nan 
-84.875, 85.875, 8.455406997532927e-24, nan 
-84.625, 85.875, 8.472194522252444e-24, nan 
-84.375, 85.875, 8.41121651172318e-24, nan 
-84.125, 85.875, 8.110062681289006e-24, nan 
-83.875, 85.875, 8.062860440746068e-24, nan 
-83.625, 85.875, 7.730974362745983e-24, nan 
-83.375, 85.875, 7.555242581817847e-24, nan 
-83.125, 85.875, 7.260624753229065e-24, nan 
-82.875, 85.875, 7.244956786026848e-24, nan 
-82.625, 85.875, 7.465804204752809e-24, nan 
-82.375, 85.875, 7.648731651764546e-24, nan 
-82.125, 85.875, 8.056120489860808e-24, nan 
-81.875, 85.875, 8.118106688954025e-24, nan 
-81.625, 85.875, 8.232206544799688e-24, nan 
-81.375, 85.875, 8.367916878785053e-24, nan 
-81.125, 85.875, 8.399275601198155e-24, nan 
-80.875, 85.875, 8.309785731700843e-24, nan 
-80.625, 85.875, 7.902360731487887e-24, nan 
-80.375, 85.875, 7.202469142022942e-24, nan 
-80.125, 85.875, 6.723576718473325e-24, nan 
-79.875, 85.875, 6.735643868604896e-24, nan 
-79.625, 85.875, 7.107927293832087e-24, nan 
-79.375, 85.875, 7.258245043738433e-24, nan 
-79.125, 85.875, 7.593566961199437e-24, nan 
-78.875, 85.875, 8.549237377272869e-24, nan 
-78.625, 85.875, 9.25157029752786e-24, nan 
-78.375, 85.875, 1.0434404550730979e-23, nan 
-78.125, 85.875, 1.1615209217409478e-23, nan 
-77.875, 85.875, 1.2613496963320494e-23, nan 
-77.625, 85.875, 1.2852603398159503e-23, nan 
-77.375, 85.875, 1.2990982781437838e-23, nan 
-77.125, 85.875, 1.2877413071967714e-23, nan 
-76.875, 85.875, 1.2555719467560934e-23, nan 
-76.625, 85.875, 1.2413381283654137e-23, nan 
-76.375, 85.875, 1.2720447787381353e-23, nan 
-76.125, 85.875, 1.213524339262383e-23, nan 
-75.875, 85.875, 1.1260623936991188e-23, nan 
-75.625, 85.875, 1.1947153817213925e-23, nan 
-75.375, 85.875, 1.1623443728323646e-23, nan 
-75.125, 85.875, 1.2030160480368054e-23, nan 
-74.875, 85.875, 1.1762183150231569e-23, nan 
-74.625, 85.875, 1.1627110807223769e-23, nan 
-74.375, 85.875, 1.1896227454827821e-23, nan 
-74.125, 85.875, 1.1985295678248253e-23, nan 
-73.875, 85.875, 1.1815363131074938e-23, nan 
-73.625, 85.875, 1.1791094894028961e-23, nan 
-73.375, 85.875, 1.240586509951532e-23, nan 
-73.125, 85.875, 1.3210134948951152e-23, nan 
-72.875, 85.875, 1.3641969434365425e-23, nan 
-72.625, 85.875, 1.371250372635897e-23, nan 
-72.375, 85.875, 1.419272735404888e-23, nan 
-72.125, 85.875, 1.439406848207642e-23, nan 
-71.875, 85.875, 1.4528280924018517e-23, nan 
-71.625, 85.875, 1.481491570518884e-23, nan 
-71.375, 85.875, 1.5176623660867653e-23, nan 
-71.125, 85.875, 1.5086630587394107e-23, nan 
-70.875, 85.875, 1.4457219799342153e-23, nan 
-70.625, 85.875, 1.3836855218039165e-23, nan 
-70.375, 85.875, 1.3737015249582487e-23, nan 
-70.125, 85.875, 1.4171671527505047e-23, nan 
-69.875, 85.875, 1.475079144444238e-23, nan 
-69.625, 85.875, 1.4286423741129556e-23, nan 
-69.375, 85.875, 1.3552981903338114e-23, nan 
-69.125, 85.875, 1.2840127777567776e-23, nan 
-68.875, 85.875, 1.2313226475396566e-23, nan 
-68.625, 85.875, 1.196126480677074e-23, nan 
-68.375, 85.875, 1.1054354048086875e-23, nan 
-68.125, 85.875, 1.0604500635362814e-23, nan 
-67.875, 85.875, 1.0027653411654496e-23, nan 
-67.625, 85.875, 8.656903458077818e-24, nan 
-67.375, 85.875, 6.807181844859097e-24, nan 
-67.125, 85.875, 4.334129374107949e-24, nan 
-66.875, 85.875, 6.799923602531814e-24, nan 
-66.625, 85.875, 9.473418821792714e-24, nan 
-66.375, 85.875, 1.0826770028088718e-23, nan 
-66.125, 85.875, 1.1677808591721586e-23, nan 
-65.875, 85.875, 1.5020315436176898e-23, nan 
-65.625, 85.875, 1.6281196783061843e-23, nan 
-65.375, 85.875, 1.7386961510502835e-23, nan 
-65.125, 85.875, 1.8309359757034293e-23, nan 
-64.875, 85.875, 2.0719508635872876e-23, nan 
-64.625, 85.875, 2.1067275761707662e-23, nan 
-64.375, 85.875, 2.110490708646419e-23, nan 
-64.125, 85.875, 2.146799407419979e-23, nan 
-63.875, 85.875, 2.1036972700375504e-23, nan 
-63.625, 85.875, 2.1297392749306865e-23, nan 
-63.375, 85.875, 2.0689547582004843e-23, nan 
-63.125, 85.875, 1.9731697363302102e-23, nan 
-62.875, 85.875, 1.8740192707532555e-23, nan 
-62.625, 85.875, 1.7147037230388218e-23, nan 
-62.375, 85.875, 1.6197521724186378e-23, nan 
-62.125, 85.875, 1.5594756421832714e-23, nan 
-61.875, 85.875, 1.487709105621314e-23, nan 
-61.625, 85.875, 1.411696972130021e-23, nan 
-61.375, 85.875, 1.448304152706384e-23, nan 
-61.125, 85.875, 1.428961466699489e-23, nan 
-60.875, 85.875, 1.4866100791001982e-23, nan 
-60.625, 85.875, 1.5355528756414042e-23, nan 
-60.375, 85.875, 1.725588418833722e-23, nan 
-60.125, 85.875, 1.7624828465063107e-23, nan 
-59.875, 85.875, 1.7935000601091263e-23, nan 
-59.625, 85.875, 1.8097243345058887e-23, nan 
-59.375, 85.875, 1.7673308663692588e-23, nan 
-59.125, 85.875, 1.7403298717691633e-23, nan 
-58.875, 85.875, 1.672299432259385e-23, nan 
-58.625, 85.875, 1.6160726877766857e-23, nan 
-58.375, 85.875, 1.4895486367139576e-23, nan 
-58.125, 85.875, 1.4487152296200107e-23, nan 
-57.875, 85.875, 1.430953034917856e-23, nan 
-57.625, 85.875, 1.4142021390896893e-23, nan 
-57.375, 85.875, 1.410092699316727e-23, nan 
-57.125, 85.875, 1.4406861959964924e-23, nan 
-56.875, 85.875, 1.4434499568175793e-23, nan 
-56.625, 85.875, 1.437917590991526e-23, nan 
-56.375, 85.875, 1.4320169805708168e-23, nan 
-56.125, 85.875, 1.4450165505436476e-23, nan 
-55.875, 85.875, 1.4630722720252417e-23, nan 
-55.625, 85.875, 1.482340054696418e-23, nan 
-55.375, 85.875, 1.5075080099462268e-23, nan 
-55.125, 85.875, 1.5632070727270037e-23, nan 
-54.875, 85.875, 1.458687890871841e-23, nan 
-54.625, 85.875, 1.1326382259316902e-23, nan 
-54.375, 85.875, 9.107111220418377e-24, nan 
-54.125, 85.875, 8.321629578700851e-24, nan 
-53.875, 85.875, 7.839660638589308e-24, nan 
-53.625, 85.875, 7.533886122808123e-24, nan 
-53.375, 85.875, 6.525825421318321e-24, nan 
-53.125, 85.875, 5.8744846835153694e-24, nan 
-52.875, 85.875, 1.743801025177172e-23, nan 
-52.625, 85.875, 2.747792484451473e-23, nan 
-52.375, 85.875, 2.8866231085331567e-23, nan 
-52.125, 85.875, 3.008459738230699e-23, nan 
-51.875, 85.875, 3.0773591255850143e-23, nan 
-51.625, 85.875, 3.094512936338588e-23, nan 
-51.375, 85.875, 3.0364072101901513e-23, nan 
-51.125, 85.875, 3.2312973050044187e-23, nan 
-50.875, 85.875, 3.48020912137627e-23, nan 
-50.625, 85.875, 3.848515698051268e-23, nan 
-50.375, 85.875, 3.824638103818184e-23, nan 
-50.125, 85.875, 3.9820797269810667e-23, nan 
-49.875, 85.875, 3.8180568739836926e-23, nan 
-49.625, 85.875, 3.6671044911564775e-23, nan 
-49.375, 85.875, 3.406246213622283e-23, nan 
-49.125, 85.875, 3.31430533471303e-23, nan 
-48.875, 85.875, 3.127243982287375e-23, nan 
-48.625, 85.875, 3.010609864707924e-23, nan 
-48.375, 85.875, 2.75220356262687e-23, nan 
-48.125, 85.875, 2.696962233570003e-23, nan 
-47.875, 85.875, 2.669905446399537e-23, nan 
-47.625, 85.875, 2.793277348041742e-23, nan 
-47.375, 85.875, 3.2799192540672713e-23, nan 
-47.125, 85.875, 3.551151773467546e-23, nan 
-46.875, 85.875, 3.943906011855186e-23, nan 
-46.625, 85.875, 3.9037090424763104e-23, nan 
-46.375, 85.875, 3.8495354354007235e-23, nan 
-46.125, 85.875, 3.7986772913105705e-23, nan 
-45.875, 85.875, 3.802739493642881e-23, nan 
-45.625, 85.875, 3.744517625985214e-23, nan 
-45.375, 85.875, 3.748769287077807e-23, nan 
-45.125, 85.875, 3.587039794543344e-23, nan 
-44.875, 85.875, 3.5136320908124686e-23, nan 
-44.625, 85.875, 3.3661787007276685e-23, nan 
-44.375, 85.875, 3.217274906773887e-23, nan 
-44.125, 85.875, 3.093173336559813e-23, nan 
-43.875, 85.875, 3.055653852658498e-23, nan 
-43.625, 85.875, 3.0102195256083945e-23, nan 
-43.375, 85.875, 3.046737764846835e-23, nan 
-43.125, 85.875, 3.0710975485806295e-23, nan 
-42.875, 85.875, 3.056283208525892e-23, nan 
-42.625, 85.875, 3.0532589021400217e-23, nan 
-42.375, 85.875, 3.084164079229421e-23, nan 
-42.125, 85.875, 3.053098639242132e-23, nan 
-41.875, 85.875, 3.01821464834649e-23, nan 
-41.625, 85.875, 2.9985534610657256e-23, nan 
-41.375, 85.875, 2.969839698513454e-23, nan 
-41.125, 85.875, 2.9529185607252793e-23, nan 
-40.875, 85.875, 3.0143406550881045e-23, nan 
-40.625, 85.875, 3.0640751099411404e-23, nan 
-40.375, 85.875, 3.088808048896251e-23, nan 
-40.125, 85.875, 3.1185790882055844e-23, nan 
-39.875, 85.875, 3.1210325142860236e-23, nan 
-39.625, 85.875, 3.104258611452627e-23, nan 
-39.375, 85.875, 3.2134980655359973e-23, nan 
-39.125, 85.875, 3.0871501726981394e-23, nan 
-38.875, 85.875, 2.9303650326045774e-23, nan 
-38.625, 85.875, 2.8672370733495755e-23, nan 
-38.375, 85.875, 2.848861176803057e-23, nan 
-38.125, 85.875, 2.827995333252893e-23, nan 
-37.875, 85.875, 2.8264326031639527e-23, nan 
-37.625, 85.875, 2.8126347600762164e-23, nan 
-37.375, 85.875, 2.845513146476993e-23, nan 
-37.125, 85.875, 2.9853529716537507e-23, nan 
-36.875, 85.875, 2.952972024939184e-23, nan 
-36.625, 85.875, 2.9863703526488977e-23, nan 
-36.375, 85.875, 3.080870871007829e-23, nan 
-36.125, 85.875, 3.179110751608254e-23, nan 
-35.875, 85.875, 3.080377044422239e-23, nan 
-35.625, 85.875, 3.041586324465639e-23, nan 
-35.375, 85.875, 2.8899239843878917e-23, nan 
-35.125, 85.875, 2.871999162444411e-23, nan 
-34.875, 85.875, 2.838837044472839e-23, nan 
-34.625, 85.875, 2.794652375480329e-23, nan 
-34.375, 85.875, 2.751908717320603e-23, nan 
-34.125, 85.875, 2.7010722381894655e-23, nan 
-33.875, 85.875, 2.743300263283224e-23, nan 
-33.625, 85.875, 2.767355387499944e-23, nan 
-33.375, 85.875, 2.707759222784824e-23, nan 
-33.125, 85.875, 2.759945192079087e-23, nan 
-32.875, 85.875, 2.888069929487365e-23, nan 
-32.625, 85.875, 3.097854038424526e-23, nan 
-32.375, 85.875, 3.0223390576193634e-23, nan 
-32.125, 85.875, 2.982342105420417e-23, nan 
-31.875, 85.875, 3.067334872061161e-23, nan 
-31.625, 85.875, 3.012824091630804e-23, nan 
-31.375, 85.875, 2.920419511457533e-23, nan 
-31.125, 85.875, 2.8998210030064876e-23, nan 
-30.875, 85.875, 2.947589037153157e-23, nan 
-30.625, 85.875, 2.881340042766579e-23, nan 
-30.375, 85.875, 2.916785384606917e-23, nan 
-30.125, 85.875, 2.6610596660519123e-23, nan 
-29.875, 85.875, 2.4359637294236628e-23, nan 
-29.625, 85.875, 2.208216025038596e-23, nan 
-29.375, 85.875, 2.0110428690361054e-23, nan 
-29.125, 85.875, 1.8046489447996388e-23, nan 
-28.875, 85.875, 1.7595342247477642e-23, nan 
-28.625, 85.875, 1.6911131604316994e-23, nan 
-28.375, 85.875, 1.6504381877234978e-23, nan 
-28.125, 85.875, 1.6307954884434755e-23, nan 
-27.875, 85.875, 1.629259353655618e-23, nan 
-27.625, 85.875, 1.708683360701066e-23, nan 
-27.375, 85.875, 1.7249250887483283e-23, nan 
-27.125, 85.875, 1.7847275099550912e-23, nan 
-26.875, 85.875, 1.7291716549263385e-23, nan 
-26.625, 85.875, 1.9966284405918865e-23, nan 
-26.375, 85.875, 2.3037590702525372e-23, nan 
-26.125, 85.875, 2.26229942791884e-23, nan 
-25.875, 85.875, 2.2950507090337453e-23, nan 
-25.625, 85.875, 2.3546474593214377e-23, nan 
-25.375, 85.875, 2.3407083250655412e-23, nan 
-25.125, 85.875, 2.313478721746774e-23, nan 
-24.875, 85.875, 2.311066786490325e-23, nan 
-24.625, 85.875, 2.3350217744904255e-23, nan 
-24.375, 85.875, 2.4665355750707262e-23, nan 
-24.125, 85.875, 2.4836526008135555e-23, nan 
-23.875, 85.875, 2.431438482179431e-23, nan 
-23.625, 85.875, 2.43756269381807e-23, nan 
-23.375, 85.875, 2.4896323731146706e-23, nan 
-23.125, 85.875, 2.3451821814489018e-23, nan 
-22.875, 85.875, 2.1605142618139593e-23, nan 
-22.625, 85.875, 2.0663824142965094e-23, nan 
-22.375, 85.875, 1.7874310016564877e-23, nan 
-22.125, 85.875, 1.5611299104550825e-23, nan 
-21.875, 85.875, 1.5317536280469229e-23, nan 
-21.625, 85.875, 1.534850152417832e-23, nan 
-21.375, 85.875, 1.5272659511479932e-23, nan 
-21.125, 85.875, 1.5240668301583246e-23, nan 
-20.875, 85.875, 1.5418400190617192e-23, nan 
-20.625, 85.875, 1.5871976659242343e-23, nan 
-20.375, 85.875, 1.563118126270505e-23, nan 
-20.125, 85.875, 1.2687821624662046e-23, nan 
-19.875, 85.875, 1.0540509239765159e-23, nan 
-19.625, 85.875, 1.0025573946144948e-23, nan 
-19.375, 85.875, 8.595177587722933e-24, nan 
-19.125, 85.875, 8.341680659498015e-24, nan 
-18.875, 85.875, 7.854977490846634e-24, nan 
-18.625, 85.875, 6.830173270253228e-24, nan 
-18.375, 85.875, 6.925784851763871e-24, nan 
-18.125, 85.875, 5.611834336354941e-24, nan 
-17.875, 85.875, 5.1204499532377015e-24, nan 
-17.625, 85.875, 5.1389437132667494e-24, nan 
-17.375, 85.875, 5.419377428232618e-24, nan 
-17.125, 85.875, 5.4617973700161044e-24, nan 
-16.875, 85.875, 5.517436328701706e-24, nan 
-16.625, 85.875, 5.744891819195604e-24, nan 
-16.375, 85.875, 5.998027082345193e-24, nan 
-16.125, 85.875, 6.116739547781767e-24, nan 
-15.875, 85.875, 6.0019028015954134e-24, nan 
-15.625, 85.875, 5.716973011424905e-24, nan 
-15.375, 85.875, 5.484411213033314e-24, nan 
-15.125, 85.875, 5.2283977760947944e-24, nan 
-14.875, 85.875, 4.944959658941722e-24, nan 
-14.625, 85.875, 4.8247639470765885e-24, nan 
-14.375, 85.875, 4.9116068918097e-24, nan 
-14.125, 85.875, 5.262994558743406e-24, nan 
-13.875, 85.875, 5.817802717994823e-24, nan 
-13.625, 85.875, 6.070384481800664e-24, nan 
-13.375, 85.875, 6.490210814403468e-24, nan 
-13.125, 85.875, 7.03578048309602e-24, nan 
-12.875, 85.875, 7.89157944993897e-24, nan 
-12.625, 85.875, 8.055685082902138e-24, nan 
-12.375, 85.875, 7.664978391742004e-24, nan 
-12.125, 85.875, 7.735542761263136e-24, nan 
-11.875, 85.875, 7.481639172005865e-24, nan 
-11.625, 85.875, 7.159303008741392e-24, nan 
-11.375, 85.875, 6.713802795926368e-24, nan 
-11.125, 85.875, 6.367624904275463e-24, nan 
-10.875, 85.875, 6.612929030500723e-24, nan 
-10.625, 85.875, 7.985294763468082e-24, nan 
-10.375, 85.875, 9.448748387324022e-24, nan 
-10.125, 85.875, 1.039623062120982e-23, nan 
-9.875, 85.875, 1.1978742877889596e-23, nan 
-9.625, 85.875, 1.1952325182632328e-23, nan 
-9.375, 85.875, 1.1784615878072154e-23, nan 
-9.125, 85.875, 1.091373992369737e-23, nan 
-8.875, 85.875, 1.0527906573500604e-23, nan 
-8.625, 85.875, 9.202391345656887e-24, nan 
-8.375, 85.875, 8.203482284346535e-24, nan 
-8.125, 85.875, 7.212614938789586e-24, nan 
-7.875, 85.875, 6.64925336178322e-24, nan 
-7.625, 85.875, 5.56046990765104e-24, nan 
-7.375, 85.875, 4.721518488159848e-24, nan 
-7.125, 85.875, 4.824263299478804e-24, nan 
-6.875, 85.875, 5.1182449463100304e-24, nan 
-6.625, 85.875, 5.43097837032367e-24, nan 
-6.375, 85.875, 6.120924949542407e-24, nan 
-6.125, 85.875, 6.769705769575652e-24, nan 
-5.875, 85.875, 7.464172706381609e-24, nan 
-5.625, 85.875, 7.878503948352233e-24, nan 
-5.375, 85.875, 7.697494445642737e-24, nan 
-5.125, 85.875, 7.85216915198814e-24, nan 
-4.875, 85.875, 8.145870598634235e-24, nan 
-4.625, 85.875, 8.273897412103791e-24, nan 
-4.375, 85.875, 8.773290056218368e-24, nan 
-4.125, 85.875, 9.055443559281218e-24, nan 
-3.875, 85.875, 9.536393172482584e-24, nan 
-3.625, 85.875, 9.498837040508993e-24, nan 
-3.375, 85.875, 9.419037915757651e-24, nan 
-3.125, 85.875, 7.390814266357259e-24, nan 
-2.875, 85.875, 5.694563195549215e-24, nan 
-2.625, 85.875, 5.312779936699312e-24, nan 
-2.375, 85.875, 5.061035170973214e-24, nan 
-2.125, 85.875, 5.139601621408695e-24, nan 
-1.875, 85.875, 5.356738637626782e-24, nan 
-1.625, 85.875, 5.2939543229016754e-24, nan 
-1.375, 85.875, 5.396722756485556e-24, nan 
-1.125, 85.875, 5.39571638769536e-24, nan 
-0.875, 85.875, 5.4681668832674415e-24, nan 
-0.625, 85.875, 5.276740112091736e-24, nan 
-0.375, 85.875, 5.091938562469809e-24, nan 
-0.125, 85.875, 4.264756214246715e-24, nan 
0.125, 85.875, 3.498840690149279e-24, nan 
0.375, 85.875, 2.350671546651952e-24, nan 
0.625, 85.875, 1.7157858069596023e-24, nan 
0.875, 85.875, 2.769566031636702e-24, nan 
1.125, 85.875, 3.782605269358849e-24, nan 
1.375, 85.875, 5.330992805008014e-24, nan 
1.625, 85.875, 6.056812260714697e-24, nan 
1.875, 85.875, 6.285973057198618e-24, nan 
2.125, 85.875, 6.566195103782386e-24, nan 
2.375, 85.875, 7.136971506069111e-24, nan 
2.625, 85.875, 7.60539927299743e-24, nan 
2.875, 85.875, 7.870848820430103e-24, nan 
3.125, 85.875, 8.264817396450893e-24, nan 
3.375, 85.875, 8.665674424218843e-24, nan 
3.625, 85.875, 8.330375356661896e-24, nan 
3.875, 85.875, 8.00208250292268e-24, nan 
4.125, 85.875, 7.796478309029282e-24, nan 
4.375, 85.875, 7.273929154885327e-24, nan 
4.625, 85.875, 7.119898613918447e-24, nan 
4.875, 85.875, 7.088464186378629e-24, nan 
5.125, 85.875, 7.012340252689054e-24, nan 
5.375, 85.875, 6.954405407011059e-24, nan 
5.625, 85.875, 6.841777151119066e-24, nan 
5.875, 85.875, 6.121248258079058e-24, nan 
6.125, 85.875, 5.9570043755687175e-24, nan 
6.375, 85.875, 6.1398460643833344e-24, nan 
6.625, 85.875, 6.1663261288083206e-24, nan 
6.875, 85.875, 6.028255397741119e-24, nan 
7.125, 85.875, 5.8998983623831514e-24, nan 
7.375, 85.875, 5.766134462722788e-24, nan 
7.625, 85.875, 5.629380695512318e-24, nan 
7.875, 85.875, 5.468900250472574e-24, nan 
8.125, 85.875, 5.428530907176193e-24, nan 
8.375, 85.875, 5.3897550044107474e-24, nan 
8.625, 85.875, 5.403503161114474e-24, nan 
8.875, 85.875, 5.38362225877283e-24, nan 
9.125, 85.875, 5.061259436575347e-24, nan 
9.375, 85.875, 4.829441880626498e-24, nan 
9.625, 85.875, 4.897548568013213e-24, nan 
9.875, 85.875, 4.673537995890093e-24, nan 
10.125, 85.875, 4.5631485562534116e-24, nan 
10.375, 85.875, 4.560308043561212e-24, nan 
10.625, 85.875, 4.492300786108701e-24, nan 
10.875, 85.875, 4.4484687499464225e-24, nan 
11.125, 85.875, 4.3740559994650666e-24, nan 
11.375, 85.875, 4.304759504926515e-24, nan 
11.625, 85.875, 4.336218089729578e-24, nan 
11.875, 85.875, 4.323444996539491e-24, nan 
12.125, 85.875, 4.3961865830119204e-24, nan 
12.375, 85.875, 4.4526431704183964e-24, nan 
12.625, 85.875, 4.462392794987956e-24, nan 
12.875, 85.875, 4.564005599924773e-24, nan 
13.125, 85.875, 4.550143457390274e-24, nan 
13.375, 85.875, 3.99273059406001e-24, nan 
13.625, 85.875, 3.567259455248722e-24, nan 
13.875, 85.875, 3.229911827915751e-24, nan 
14.125, 85.875, 3.2577775401794994e-24, nan 
14.375, 85.875, 3.0632332682009554e-24, nan 
14.625, 85.875, 2.8891484031028844e-24, nan 
14.875, 85.875, 2.933358806885755e-24, nan 
15.125, 85.875, 2.8921291451390943e-24, nan 
15.375, 85.875, 2.8860220259864206e-24, nan 
15.625, 85.875, 2.906143786076523e-24, nan 
15.875, 85.875, 2.6985608565622943e-24, nan 
16.125, 85.875, 2.5447256102490885e-24, nan 
16.375, 85.875, 2.4353653322106596e-24, nan 
16.625, 85.875, 2.3088611322481073e-24, nan 
16.875, 85.875, 2.1381785044456665e-24, nan 
17.125, 85.875, 2.1418481744611584e-24, nan 
17.375, 85.875, 2.190356367924558e-24, nan 
17.625, 85.875, 2.114161033106703e-24, nan 
17.875, 85.875, 1.950071952041018e-24, nan 
18.125, 85.875, 1.840171202939696e-24, nan 
18.375, 85.875, 1.8494585870350146e-24, nan 
18.625, 85.875, 1.742645349253344e-24, nan 
18.875, 85.875, 1.6205422910900332e-24, nan 
19.125, 85.875, 1.5800332106199046e-24, nan 
19.375, 85.875, 1.5991671751064265e-24, nan 
19.625, 85.875, 1.5402750198786572e-24, nan 
19.875, 85.875, 1.5597478947664968e-24, nan 
20.125, 85.875, 1.4523552868906129e-24, nan 
20.375, 85.875, 1.29836145591739e-24, nan 
20.625, 85.875, 1.1818043764230954e-24, nan 
20.875, 85.875, 1.1112465390276386e-24, nan 
21.125, 85.875, 9.256440630240915e-25, nan 
21.375, 85.875, 6.986050748371384e-25, nan 
21.625, 85.875, 4.920092503013025e-25, nan 
21.875, 85.875, 4.222284544030174e-25, nan 
22.125, 85.875, 4.693004541231434e-25, nan 
22.375, 85.875, 5.711579277389022e-25, nan 
22.625, 85.875, 6.769761650787946e-25, nan 
22.875, 85.875, 6.82038770701675e-25, nan 
23.125, 85.875, 7.581058584791104e-25, nan 
23.375, 85.875, 8.724866318841574e-25, nan 
23.625, 85.875, 9.44567859911825e-25, nan 
23.875, 85.875, 1.005002521572331e-24, nan 
24.125, 85.875, 1.0736040166968616e-24, nan 
24.375, 85.875, 1.0916827473330233e-24, nan 
24.625, 85.875, 1.0377353950576561e-24, nan 
24.875, 85.875, 1.0008888814009765e-24, nan 
25.125, 85.875, 9.666038348486148e-25, nan 
25.375, 85.875, 8.584065570544245e-25, nan 
25.625, 85.875, 7.620693811929987e-25, nan 
25.875, 85.875, 7.0325148618705045e-25, nan 
26.125, 85.875, 5.893536354805658e-25, nan 
26.375, 85.875, 5.635676192508622e-25, nan 
26.625, 85.875, 6.576931467697781e-25, nan 
26.875, 85.875, 7.31867955724926e-25, nan 
27.125, 85.875, 8.35563105660912e-25, nan 
27.375, 85.875, 9.279510522582894e-25, nan 
27.625, 85.875, 1.0222970810588894e-24, nan 
27.875, 85.875, 9.93643196682849e-25, nan 
28.125, 85.875, 1.0818281632765987e-24, nan 
28.375, 85.875, 1.0906107128208512e-24, nan 
28.625, 85.875, 1.0020914678425644e-24, nan 
28.875, 85.875, 1.4326414591609623e-24, nan 
29.125, 85.875, 2.000807635587456e-24, nan 
29.375, 85.875, 2.1719272924677068e-24, nan 
29.625, 85.875, 2.298912255963165e-24, nan 
29.875, 85.875, 2.7136519092087983e-24, nan 
30.125, 85.875, 2.8345501613078974e-24, nan 
30.375, 85.875, 2.9136390956786854e-24, nan 
30.625, 85.875, 3.1369331145726356e-24, nan 
30.875, 85.875, 3.386150156906189e-24, nan 
31.125, 85.875, 3.543716319287197e-24, nan 
31.375, 85.875, 3.6576451406347035e-24, nan 
31.625, 85.875, 3.926014553997629e-24, nan 
31.875, 85.875, 4.15025347293804e-24, nan 
32.125, 85.875, 4.268094879729935e-24, nan 
32.375, 85.875, 4.22801527620859e-24, nan 
32.625, 85.875, 4.068787449700018e-24, nan 
32.875, 85.875, 3.8445682761560584e-24, nan 
33.125, 85.875, 3.603091384144496e-24, nan 
33.375, 85.875, 3.532355822289876e-24, nan 
33.625, 85.875, 3.5263066352496145e-24, nan 
33.875, 85.875, 3.4359741822559664e-24, nan 
34.125, 85.875, 3.38560824369374e-24, nan 
34.375, 85.875, 3.3295438852913935e-24, nan 
34.625, 85.875, 3.360699463906453e-24, nan 
34.875, 85.875, 3.4024281966092595e-24, nan 
35.125, 85.875, 3.4905945883210054e-24, nan 
35.375, 85.875, 3.496408550789109e-24, nan 
35.625, 85.875, 3.462970604512442e-24, nan 
35.875, 85.875, 3.383391857166042e-24, nan 
36.125, 85.875, 3.2300773217483423e-24, nan 
36.375, 85.875, 3.072265477299092e-24, nan 
36.625, 85.875, 2.9271451180304854e-24, nan 
36.875, 85.875, 2.862333406855703e-24, nan 
37.125, 85.875, 2.7144188303564922e-24, nan 
37.375, 85.875, 2.5358958007649984e-24, nan 
37.625, 85.875, 2.3168280619894683e-24, nan 
37.875, 85.875, 2.1208133407143446e-24, nan 
38.125, 85.875, 2.0808165359188897e-24, nan 
38.375, 85.875, 2.0362158541676216e-24, nan 
38.625, 85.875, 1.988137341770308e-24, nan 
38.875, 85.875, 1.9086825033015155e-24, nan 
39.125, 85.875, 1.927342033964082e-24, nan 
39.375, 85.875, 1.9067955501089186e-24, nan 
39.625, 85.875, 1.823347411428097e-24, nan 
39.875, 85.875, 1.7556885840206126e-24, nan 
40.125, 85.875, 1.6892018802120458e-24, nan 
40.375, 85.875, 1.6326899644889663e-24, nan 
40.625, 85.875, 1.6611097328452785e-24, nan 
40.875, 85.875, 1.6513962428245894e-24, nan 
41.125, 85.875, 1.6624995995850217e-24, nan 
41.375, 85.875, 1.667260303250275e-24, nan 
41.625, 85.875, 1.613874734651766e-24, nan 
41.875, 85.875, 1.6126786513249011e-24, nan 
42.125, 85.875, 1.5307310977592003e-24, nan 
42.375, 85.875, 1.7510531374324807e-24, nan 
42.625, 85.875, 1.7453867495705426e-24, nan 
42.875, 85.875, 1.8359412875418467e-24, nan 
43.125, 85.875, 1.890482568564708e-24, nan 
43.375, 85.875, 1.9943897246978945e-24, nan 
43.625, 85.875, 2.121391523056952e-24, nan 
43.875, 85.875, 2.155027693480739e-24, nan 
44.125, 85.875, 2.1830938922902204e-24, nan 
44.375, 85.875, 2.2106759684628004e-24, nan 
44.625, 85.875, 2.0810057446321286e-24, nan 
44.875, 85.875, 2.004925548975669e-24, nan 
45.125, 85.875, 1.8931704621508406e-24, nan 
45.375, 85.875, 1.82969867851265e-24, nan 
45.625, 85.875, 1.802920500009742e-24, nan 
45.875, 85.875, 1.820203427329068e-24, nan 
46.125, 85.875, 1.8852823950387953e-24, nan 
46.375, 85.875, 1.8637878735245524e-24, nan 
46.625, 85.875, 1.8694524989833683e-24, nan 
46.875, 85.875, 1.881183215511575e-24, nan 
47.125, 85.875, 1.879952710835465e-24, nan 
47.375, 85.875, 1.8571929318540924e-24, nan 
47.625, 85.875, 1.8557565195065565e-24, nan 
47.875, 85.875, 1.7319080348237933e-24, nan 
48.125, 85.875, 1.640660510620958e-24, nan 
48.375, 85.875, 1.7357407454313573e-24, nan 
48.625, 85.875, 1.9477246764997637e-24, nan 
48.875, 85.875, 2.0509469647500983e-24, nan 
49.125, 85.875, 2.283125208167003e-24, nan 
49.375, 85.875, 2.721776425700163e-24, nan 
49.625, 85.875, 2.7986928369327328e-24, nan 
49.875, 85.875, 3.0821983899584744e-24, nan 
50.125, 85.875, 2.995430957874791e-24, nan 
50.375, 85.875, 3.1613208965365435e-24, nan 
50.625, 85.875, 3.2373298481476492e-24, nan 
50.875, 85.875, 3.4797399270701215e-24, nan 
51.125, 85.875, 3.769378325837165e-24, nan 
51.375, 85.875, 3.980872964032607e-24, nan 
51.625, 85.875, 4.04703590615701e-24, nan 
51.875, 85.875, 4.059906082617558e-24, nan 
52.125, 85.875, 3.8910282714170455e-24, nan 
52.375, 85.875, 3.7743375413244236e-24, nan 
52.625, 85.875, 3.764068744601639e-24, nan 
52.875, 85.875, 3.6876092999957696e-24, nan 
53.125, 85.875, 3.59254648552139e-24, nan 
53.375, 85.875, 3.507883301023168e-24, nan 
53.625, 85.875, 3.403149704060677e-24, nan 
53.875, 85.875, 3.375511583832022e-24, nan 
54.125, 85.875, 2.6359625628202375e-24, nan 
54.375, 85.875, 2.3881488511573e-24, nan 
54.625, 85.875, 2.4948096134528894e-24, nan 
54.875, 85.875, 2.694550114775439e-24, nan 
55.125, 85.875, 3.0019093617621625e-24, nan 
55.375, 85.875, 2.8067725334925836e-24, nan 
55.625, 85.875, 2.5905565979750958e-24, nan 
55.875, 85.875, 2.753361284688768e-24, nan 
56.125, 85.875, 2.822077561090273e-24, nan 
56.375, 85.875, 2.8404108423798018e-24, nan 
56.625, 85.875, 2.9058849177673578e-24, nan 
56.875, 85.875, 2.839393983479766e-24, nan 
57.125, 85.875, 2.9148996058881008e-24, nan 
57.375, 85.875, 2.575701114036877e-24, nan 
57.625, 85.875, 2.2160240666913488e-24, nan 
57.875, 85.875, 2.1882904614423177e-24, nan 
58.125, 85.875, 2.1294303597890694e-24, nan 
58.375, 85.875, 2.0754769495271398e-24, nan 
58.625, 85.875, 2.0157149583080745e-24, nan 
58.875, 85.875, 1.9607848526723474e-24, nan 
59.125, 85.875, 1.9710342869823887e-24, nan 
59.375, 85.875, 1.9475259816054696e-24, nan 
59.625, 85.875, 1.95894809899161e-24, nan 
59.875, 85.875, 1.9924747171521544e-24, nan 
60.125, 85.875, 2.01231305077248e-24, nan 
60.375, 85.875, 1.9936074922009096e-24, nan 
60.625, 85.875, 1.9823515224276145e-24, nan 
60.875, 85.875, 1.9384765005279903e-24, nan 
61.125, 85.875, 1.9289033276129525e-24, nan 
61.375, 85.875, 1.9150434520826355e-24, nan 
61.625, 85.875, 1.901382571468217e-24, nan 
61.875, 85.875, 1.92450742444275e-24, nan 
62.125, 85.875, 1.9215497564830612e-24, nan 
62.375, 85.875, 1.9050536466766194e-24, nan 
62.625, 85.875, 1.8842318667274384e-24, nan 
62.875, 85.875, 1.8345934043151074e-24, nan 
63.125, 85.875, 1.801947714791633e-24, nan 
63.375, 85.875, 1.785632307143025e-24, nan 
63.625, 85.875, 1.7815816353338434e-24, nan 
63.875, 85.875, 1.8517184867047282e-24, nan 
64.125, 85.875, 1.8881280108829792e-24, nan 
64.375, 85.875, 1.91307711073209e-24, nan 
64.625, 85.875, 1.9221199983602185e-24, nan 
64.875, 85.875, 1.8906947895774643e-24, nan 
65.125, 85.875, 1.8591025187525064e-24, nan 
65.375, 85.875, 1.820838799671427e-24, nan 
65.625, 85.875, 1.872603071735276e-24, nan 
65.875, 85.875, 1.9637385052738093e-24, nan 
66.125, 85.875, 1.9979940785315063e-24, nan 
66.375, 85.875, 2.0058989789892965e-24, nan 
66.625, 85.875, 1.9671768165133624e-24, nan 
66.875, 85.875, 1.7844991658316118e-24, nan 
67.125, 85.875, 1.6038620687304297e-24, nan 
67.375, 85.875, 1.4563045642668078e-24, nan 
67.625, 85.875, 1.334692744793774e-24, nan 
67.875, 85.875, 1.2415993543199792e-24, nan 
68.125, 85.875, 1.2294706717542275e-24, nan 
68.375, 85.875, 1.2619272119936603e-24, nan 
68.625, 85.875, 1.3008450548174667e-24, nan 
68.875, 85.875, 1.2451627807191523e-24, nan 
69.125, 85.875, 1.2433156835422413e-24, nan 
69.375, 85.875, 1.257049215386949e-24, nan 
69.625, 85.875, 1.2785259081646933e-24, nan 
69.875, 85.875, 1.1963451050387835e-24, nan 
70.125, 85.875, 1.2176872138529864e-24, nan 
70.375, 85.875, 1.1750407120718954e-24, nan 
70.625, 85.875, 1.1765122395950845e-24, nan 
70.875, 85.875, 1.1934008713676135e-24, nan 
71.125, 85.875, 1.3253667623661158e-24, nan 
71.375, 85.875, 1.374998968060062e-24, nan 
71.625, 85.875, 1.3714477404308604e-24, nan 
71.875, 85.875, 1.4507441103847105e-24, nan 
72.125, 85.875, 1.3201617223229268e-24, nan 
72.375, 85.875, 1.2528007650125318e-24, nan 
72.625, 85.875, 1.2067413813681143e-24, nan 
72.875, 85.875, 1.1974529762611183e-24, nan 
73.125, 85.875, 1.1950023398073958e-24, nan 
73.375, 85.875, 1.1914872626325163e-24, nan 
73.625, 85.875, 1.2077108662131683e-24, nan 
73.875, 85.875, 1.2563419968458872e-24, nan 
74.125, 85.875, 1.3203324498790554e-24, nan 
74.375, 85.875, 1.3396061508908979e-24, nan 
74.625, 85.875, 1.3781111726459537e-24, nan 
74.875, 85.875, 1.4321912508045215e-24, nan 
75.125, 85.875, 1.53975709090848e-24, nan 
75.375, 85.875, 1.6181885569964055e-24, nan 
75.625, 85.875, 1.6301058150228503e-24, nan 
75.875, 85.875, 1.7382867884525016e-24, nan 
76.125, 85.875, 1.903950623076706e-24, nan 
76.375, 85.875, 2.118657971676059e-24, nan 
76.625, 85.875, 2.1487185443016773e-24, nan 
76.875, 85.875, 2.6073425823801252e-24, nan 
77.125, 85.875, 2.623028953568985e-24, nan 
77.375, 85.875, 2.7629572856168478e-24, nan 
77.625, 85.875, 2.8358469074927244e-24, nan 
77.875, 85.875, 2.8612243250058364e-24, nan 
78.125, 85.875, 2.9744494949562503e-24, nan 
78.375, 85.875, 2.6869754381563104e-24, nan 
78.625, 85.875, 2.36049474946338e-24, nan 
78.875, 85.875, 2.0328220033269242e-24, nan 
79.125, 85.875, 1.7370560281237624e-24, nan 
79.375, 85.875, 1.468006636426483e-24, nan 
79.625, 85.875, 1.3320859964693436e-24, nan 
79.875, 85.875, 1.2316474260452294e-24, nan 
80.125, 85.875, 1.1175590340452645e-24, nan 
80.375, 85.875, 1.0593120666534088e-24, nan 
80.625, 85.875, 9.995126783110674e-25, nan 
80.875, 85.875, 1.03979042565871e-24, nan 
81.125, 85.875, 1.0338390005641604e-24, nan 
81.375, 85.875, 1.0924997762963661e-24, nan 
81.625, 85.875, 1.1517824290492448e-24, nan 
81.875, 85.875, 1.2232501768049064e-24, nan 
82.125, 85.875, 1.1719459385368947e-24, nan 
82.375, 85.875, 1.1693849227326305e-24, nan 
82.625, 85.875, 1.1922246420405158e-24, nan 
82.875, 85.875, 1.1388696016211234e-24, nan 
-114.625, 86.125, 5.904554619228498e-25, nan 
-114.375, 86.125, 9.795892001122817e-25, nan 
-114.125, 86.125, 1.004275494946123e-24, nan 
-113.875, 86.125, 1.1563529518081655e-24, nan 
-113.625, 86.125, 1.4260169268258772e-24, nan 
-113.375, 86.125, 1.8020397457429546e-24, nan 
-113.125, 86.125, 2.157425824343797e-24, nan 
-112.875, 86.125, 2.585590412144688e-24, nan 
-112.625, 86.125, 3.362353517442678e-24, nan 
-112.375, 86.125, 3.5150620953920864e-24, nan 
-112.125, 86.125, 3.720123410574942e-24, nan 
-111.875, 86.125, 3.8552983611175585e-24, nan 
-111.625, 86.125, 3.348344508275467e-24, nan 
-111.375, 86.125, 2.9633249736059142e-24, nan 
-111.125, 86.125, 2.714656752807394e-24, nan 
-110.875, 86.125, 2.6239683975358433e-24, nan 
-110.625, 86.125, 2.6496398005618745e-24, nan 
-110.375, 86.125, 2.887321676679376e-24, nan 
-110.125, 86.125, 3.0174580899730627e-24, nan 
-109.875, 86.125, 2.8647289989359554e-24, nan 
-109.625, 86.125, 2.754746174779947e-24, nan 
-109.375, 86.125, 2.101042834634155e-24, nan 
-109.125, 86.125, 2.9285888730389415e-24, nan 
-108.875, 86.125, 3.91371550008143e-24, nan 
-108.625, 86.125, 4.210998701121474e-24, nan 
-108.375, 86.125, 4.15484161988213e-24, nan 
-108.125, 86.125, 5.1691071686945876e-24, nan 
-107.875, 86.125, 6.328523860012437e-24, nan 
-107.625, 86.125, 7.122664580495196e-24, nan 
-107.375, 86.125, 7.975935823984166e-24, nan 
-107.125, 86.125, 8.566941072414873e-24, nan 
-106.875, 86.125, 8.633495424223523e-24, nan 
-106.625, 86.125, 8.010479262322142e-24, nan 
-106.375, 86.125, 7.16079501853468e-24, nan 
-106.125, 86.125, 4.742530295820396e-24, nan 
-105.875, 86.125, 4.334968622546366e-24, nan 
-105.625, 86.125, 4.727038114744556e-24, nan 
-105.375, 86.125, 6.272134763696755e-24, nan 
-105.125, 86.125, 8.023562556326964e-24, nan 
-104.875, 86.125, 9.389843042423291e-24, nan 
-104.625, 86.125, 8.480783941373243e-24, nan 
-104.375, 86.125, 8.596432941583804e-24, nan 
-104.125, 86.125, 9.399990988372149e-24, nan 
-103.875, 86.125, 9.707935505781476e-24, nan 
-103.625, 86.125, 1.1017951925350023e-23, nan 
-103.375, 86.125, 1.1305669578046432e-23, nan 
-103.125, 86.125, 1.1998166761236423e-23, nan 
-102.875, 86.125, 1.0758585818333704e-23, nan 
-102.625, 86.125, 9.276921993291135e-24, nan 
-102.375, 86.125, 8.971052533957288e-24, nan 
-102.125, 86.125, 9.756182744148535e-24, nan 
-101.875, 86.125, 1.1001315420622737e-23, nan 
-101.625, 86.125, 1.2371094653437359e-23, nan 
-101.375, 86.125, 1.2849537178301373e-23, nan 
-101.125, 86.125, 1.2474486613098445e-23, nan 
-100.875, 86.125, 1.1955624155798996e-23, nan 
-100.625, 86.125, 1.1803798087301614e-23, nan 
-100.375, 86.125, 1.1854809608666662e-23, nan 
-100.125, 86.125, 1.1953262335700008e-23, nan 
-99.875, 86.125, 1.0811570096343846e-23, nan 
-99.625, 86.125, 1.0328409039175003e-23, nan 
-99.375, 86.125, 1.0919419812636783e-23, nan 
-99.125, 86.125, 1.1913789438101139e-23, nan 
-98.875, 86.125, 1.3012955660174732e-23, nan 
-98.625, 86.125, 1.4821965102262e-23, nan 
-98.375, 86.125, 1.5650306865904695e-23, nan 
-98.125, 86.125, 1.6197918688174948e-23, nan 
-97.875, 86.125, 1.596902815135816e-23, nan 
-97.625, 86.125, 1.4631343687912185e-23, nan 
-97.375, 86.125, 1.3099498751332568e-23, nan 
-97.125, 86.125, 1.1390533517266087e-23, nan 
-96.875, 86.125, 1.0813483819045653e-23, nan 
-96.625, 86.125, 1.0577305192512532e-23, nan 
-96.375, 86.125, 1.0054123918488825e-23, nan 
-96.125, 86.125, 8.529091794543285e-24, nan 
-95.875, 86.125, 7.245317311830364e-24, nan 
-95.625, 86.125, 6.516646703402854e-24, nan 
-95.375, 86.125, 6.33190140461715e-24, nan 
-95.125, 86.125, 6.0576385294838645e-24, nan 
-94.875, 86.125, 6.299072790836214e-24, nan 
-94.625, 86.125, 6.217017549715881e-24, nan 
-94.375, 86.125, 6.805529775368439e-24, nan 
-94.125, 86.125, 7.560018681353503e-24, nan 
-93.875, 86.125, 8.70987647215489e-24, nan 
-93.625, 86.125, 9.820426146435725e-24, nan 
-93.375, 86.125, 1.0269641607998914e-23, nan 
-93.125, 86.125, 1.054278355530447e-23, nan 
-92.875, 86.125, 1.0995048841355065e-23, nan 
-92.625, 86.125, 1.1000157190436785e-23, nan 
-92.375, 86.125, 1.1484012935855208e-23, nan 
-92.125, 86.125, 1.1621142090792264e-23, nan 
-91.875, 86.125, 1.1933016658400643e-23, nan 
-91.625, 86.125, 1.213183291878521e-23, nan 
-91.375, 86.125, 1.2333896402321044e-23, nan 
-91.125, 86.125, 1.2707348027185883e-23, nan 
-90.875, 86.125, 1.2481329306339557e-23, nan 
-90.625, 86.125, 1.2752677246832822e-23, nan 
-90.375, 86.125, 1.2721756553187586e-23, nan 
-90.125, 86.125, 1.259770694136973e-23, nan 
-89.875, 86.125, 1.2595984074738205e-23, nan 
-89.625, 86.125, 1.2522116256360238e-23, nan 
-89.375, 86.125, 1.239590721224739e-23, nan 
-89.125, 86.125, 1.2108587800343709e-23, nan 
-88.875, 86.125, 1.2078305475460966e-23, nan 
-88.625, 86.125, 1.19139114125547e-23, nan 
-88.375, 86.125, 1.115832101683393e-23, nan 
-88.125, 86.125, 1.06203325642266e-23, nan 
-87.875, 86.125, 1.0643779146627175e-23, nan 
-87.625, 86.125, 1.0517655989684551e-23, nan 
-87.375, 86.125, 1.0725183282615116e-23, nan 
-87.125, 86.125, 1.0449464101747888e-23, nan 
-86.875, 86.125, 9.931173699833108e-24, nan 
-86.625, 86.125, 9.871911391687954e-24, nan 
-86.375, 86.125, 1.0180068830632684e-23, nan 
-86.125, 86.125, 1.0053013814749804e-23, nan 
-85.875, 86.125, 9.83898242566366e-24, nan 
-85.625, 86.125, 1.0004708964129618e-23, nan 
-85.375, 86.125, 9.860121733103104e-24, nan 
-85.125, 86.125, 9.674268853392909e-24, nan 
-84.875, 86.125, 9.60982573827695e-24, nan 
-84.625, 86.125, 9.326085014398152e-24, nan 
-84.375, 86.125, 9.146730968036327e-24, nan 
-84.125, 86.125, 9.286420394845635e-24, nan 
-83.875, 86.125, 9.282779767975795e-24, nan 
-83.625, 86.125, 8.548681008646088e-24, nan 
-83.375, 86.125, 8.372772093356319e-24, nan 
-83.125, 86.125, 7.817539093112498e-24, nan 
-82.875, 86.125, 7.190709690501308e-24, nan 
-82.625, 86.125, 7.221847366270872e-24, nan 
-82.375, 86.125, 7.274198322500352e-24, nan 
-82.125, 86.125, 5.9508446841766956e-24, nan 
-81.875, 86.125, 4.9419444002860585e-24, nan 
-81.625, 86.125, 4.70118454299648e-24, nan 
-81.375, 86.125, 4.9570171978164105e-24, nan 
-81.125, 86.125, 5.2484832351852466e-24, nan 
-80.875, 86.125, 5.361413348031572e-24, nan 
-80.625, 86.125, 5.133326885574851e-24, nan 
-80.375, 86.125, 5.219015486770457e-24, nan 
-80.125, 86.125, 5.540314685683263e-24, nan 
-79.875, 86.125, 5.949830718266093e-24, nan 
-79.625, 86.125, 6.288795402196702e-24, nan 
-79.375, 86.125, 6.608500529796023e-24, nan 
-79.125, 86.125, 6.901285441897879e-24, nan 
-78.875, 86.125, 7.39996808966012e-24, nan 
-78.625, 86.125, 7.862420385175417e-24, nan 
-78.375, 86.125, 8.660523861836296e-24, nan 
-78.125, 86.125, 9.398064603686576e-24, nan 
-77.875, 86.125, 9.868318310327361e-24, nan 
-77.625, 86.125, 9.984634516800544e-24, nan 
-77.375, 86.125, 1.0155434921446881e-23, nan 
-77.125, 86.125, 1.0255817083233394e-23, nan 
-76.875, 86.125, 1.0429501857017258e-23, nan 
-76.625, 86.125, 1.0636400544517573e-23, nan 
-76.375, 86.125, 1.1039726273323675e-23, nan 
-76.125, 86.125, 1.0776545134084727e-23, nan 
-75.875, 86.125, 1.0388563955308377e-23, nan 
-75.625, 86.125, 1.0884576880054499e-23, nan 
-75.375, 86.125, 1.0611286719732472e-23, nan 
-75.125, 86.125, 1.092576385447562e-23, nan 
-74.875, 86.125, 1.0673180720367868e-23, nan 
-74.625, 86.125, 1.0322268226475762e-23, nan 
-74.375, 86.125, 1.0566503487791216e-23, nan 
-74.125, 86.125, 1.0744705089080864e-23, nan 
-73.875, 86.125, 1.0628835242034043e-23, nan 
-73.625, 86.125, 1.0545538054540262e-23, nan 
-73.375, 86.125, 1.1031010445393836e-23, nan 
-73.125, 86.125, 1.1631475209243494e-23, nan 
-72.875, 86.125, 1.1950908861604446e-23, nan 
-72.625, 86.125, 1.2018191920134237e-23, nan 
-72.375, 86.125, 1.2367689373148082e-23, nan 
-72.125, 86.125, 1.2587728112698283e-23, nan 
-71.875, 86.125, 1.2804824621412473e-23, nan 
-71.625, 86.125, 1.310706533970331e-23, nan 
-71.375, 86.125, 1.3624551367712007e-23, nan 
-71.125, 86.125, 1.4372594860601462e-23, nan 
-70.875, 86.125, 1.5922301417276525e-23, nan 
-70.625, 86.125, 1.6990118521381027e-23, nan 
-70.375, 86.125, 1.763731848710845e-23, nan 
-70.125, 86.125, 1.7772728402096578e-23, nan 
-69.875, 86.125, 1.7923018670386572e-23, nan 
-69.625, 86.125, 1.7571516406201098e-23, nan 
-69.375, 86.125, 1.7074598723778937e-23, nan 
-69.125, 86.125, 1.6497189613630186e-23, nan 
-68.875, 86.125, 1.6033461710499795e-23, nan 
-68.625, 86.125, 1.560281232819854e-23, nan 
-68.375, 86.125, 1.477113372004606e-23, nan 
-68.125, 86.125, 1.4345215719525778e-23, nan 
-67.875, 86.125, 1.3685303980324035e-23, nan 
-67.625, 86.125, 1.2599137158429025e-23, nan 
-67.375, 86.125, 1.1879838768089587e-23, nan 
-67.125, 86.125, 1.390632874014127e-23, nan 
-66.875, 86.125, 1.6612453056885243e-23, nan 
-66.625, 86.125, 1.819288043285964e-23, nan 
-66.375, 86.125, 1.7982111868699116e-23, nan 
-66.125, 86.125, 1.78226809461861e-23, nan 
-65.875, 86.125, 1.7474913471031117e-23, nan 
-65.625, 86.125, 1.7151691515643295e-23, nan 
-65.375, 86.125, 1.6709245083678005e-23, nan 
-65.125, 86.125, 1.6382093366686495e-23, nan 
-64.875, 86.125, 1.5869412516541406e-23, nan 
-64.625, 86.125, 1.510121308249341e-23, nan 
-64.375, 86.125, 1.449134328163342e-23, nan 
-64.125, 86.125, 1.366234938115464e-23, nan 
-63.875, 86.125, 1.2340580037134329e-23, nan 
-63.625, 86.125, 1.0584276760739325e-23, nan 
-63.375, 86.125, 8.424492091104514e-24, nan 
-63.125, 86.125, 7.736289151821719e-24, nan 
-62.875, 86.125, 7.459861557353833e-24, nan 
-62.625, 86.125, 6.925012490724706e-24, nan 
-62.375, 86.125, 6.629267989660063e-24, nan 
-62.125, 86.125, 6.744731611533518e-24, nan 
-61.875, 86.125, 6.802912866321478e-24, nan 
-61.625, 86.125, 8.347365096450594e-24, nan 
-61.375, 86.125, 8.761685733890198e-24, nan 
-61.125, 86.125, 8.780091968341284e-24, nan 
-60.875, 86.125, 9.488280746540493e-24, nan 
-60.625, 86.125, 1.0004297283792851e-23, nan 
-60.375, 86.125, 1.1261898679294684e-23, nan 
-60.125, 86.125, 1.1456954650147097e-23, nan 
-59.875, 86.125, 1.1503027171877357e-23, nan 
-59.625, 86.125, 1.1475381358164751e-23, nan 
-59.375, 86.125, 1.1594043818400412e-23, nan 
-59.125, 86.125, 1.1578946269814173e-23, nan 
-58.875, 86.125, 1.128523655453993e-23, nan 
-58.625, 86.125, 1.101421574583708e-23, nan 
-58.375, 86.125, 1.084822379973157e-23, nan 
-58.125, 86.125, 1.0547057075580049e-23, nan 
-57.875, 86.125, 1.0299424779760793e-23, nan 
-57.625, 86.125, 1.0010546236899797e-23, nan 
-57.375, 86.125, 9.741102564515043e-24, nan 
-57.125, 86.125, 9.302726959253867e-24, nan 
-56.875, 86.125, 9.014766543338428e-24, nan 
-56.625, 86.125, 8.286822141714385e-24, nan 
-56.375, 86.125, 7.642666262312531e-24, nan 
-56.125, 86.125, 7.529458686338145e-24, nan 
-55.875, 86.125, 6.942211304069029e-24, nan 
-55.625, 86.125, 6.587812001961703e-24, nan 
-55.375, 86.125, 6.179338484341096e-24, nan 
-55.125, 86.125, 5.698243565915147e-24, nan 
-54.875, 86.125, 5.2818511554973146e-24, nan 
-54.625, 86.125, 5.1933658597253806e-24, nan 
-54.375, 86.125, 5.225659420878222e-24, nan 
-54.125, 86.125, 5.3900672267817024e-24, nan 
-53.875, 86.125, 5.1892262077867216e-24, nan 
-53.625, 86.125, 5.405542370709761e-24, nan 
-53.375, 86.125, 5.575437856139349e-24, nan 
-53.125, 86.125, 5.483944854029974e-24, nan 
-52.875, 86.125, 5.257216089673264e-24, nan 
-52.625, 86.125, 5.120730361010284e-24, nan 
-52.375, 86.125, 5.369536127539062e-24, nan 
-52.125, 86.125, 6.0099328108599505e-24, nan 
-51.875, 86.125, 6.605458834065905e-24, nan 
-51.625, 86.125, 7.070102121013833e-24, nan 
-51.375, 86.125, 6.957780581123208e-24, nan 
-51.125, 86.125, 6.877787738644941e-24, nan 
-50.875, 86.125, 6.395919114782304e-24, nan 
-50.625, 86.125, 6.433608627869317e-24, nan 
-50.375, 86.125, 6.504109390913812e-24, nan 
-50.125, 86.125, 7.523758224762328e-24, nan 
-49.875, 86.125, 6.703487232824675e-24, nan 
-49.625, 86.125, 6.74400833746024e-24, nan 
-49.375, 86.125, 6.526950900751485e-24, nan 
-49.125, 86.125, 5.947597225720205e-24, nan 
-48.875, 86.125, 6.480779393849527e-24, nan 
-48.625, 86.125, 6.358318266765253e-24, nan 
-48.375, 86.125, 7.621711738681034e-24, nan 
-48.125, 86.125, 8.174631347974412e-24, nan 
-47.875, 86.125, 1.1875502945896056e-23, nan 
-47.625, 86.125, 1.4365269499141304e-23, nan 
-47.375, 86.125, 1.8697707087282267e-23, nan 
-47.125, 86.125, 2.0595148900419166e-23, nan 
-46.875, 86.125, 2.3103004805940838e-23, nan 
-46.625, 86.125, 2.3063054272041864e-23, nan 
-46.375, 86.125, 2.285559220294478e-23, nan 
-46.125, 86.125, 2.297326824464693e-23, nan 
-45.875, 86.125, 2.3460665096808067e-23, nan 
-45.625, 86.125, 2.346458741217868e-23, nan 
-45.375, 86.125, 2.3556856922709314e-23, nan 
-45.125, 86.125, 2.3566745827179488e-23, nan 
-44.875, 86.125, 2.3573653376631917e-23, nan 
-44.625, 86.125, 2.4196385675771526e-23, nan 
-44.375, 86.125, 2.4160073070021182e-23, nan 
-44.125, 86.125, 2.447395788715087e-23, nan 
-43.875, 86.125, 2.4622017870522352e-23, nan 
-43.625, 86.125, 2.4676741021021565e-23, nan 
-43.375, 86.125, 2.494278937739891e-23, nan 
-43.125, 86.125, 2.5120291049525e-23, nan 
-42.875, 86.125, 2.509155709596181e-23, nan 
-42.625, 86.125, 2.514401692523779e-23, nan 
-42.375, 86.125, 2.54450723572607e-23, nan 
-42.125, 86.125, 2.5270452680266532e-23, nan 
-41.875, 86.125, 2.506778773143488e-23, nan 
-41.625, 86.125, 2.4942100339983414e-23, nan 
-41.375, 86.125, 2.477456851512161e-23, nan 
-41.125, 86.125, 2.4627286380450604e-23, nan 
-40.875, 86.125, 2.4981378951269406e-23, nan 
-40.625, 86.125, 2.527065454263042e-23, nan 
-40.375, 86.125, 2.536757003247922e-23, nan 
-40.125, 86.125, 2.5542242899992109e-23, nan 
-39.875, 86.125, 2.5577496830150712e-23, nan 
-39.625, 86.125, 2.5417762827182698e-23, nan 
-39.375, 86.125, 2.6088557411512993e-23, nan 
-39.125, 86.125, 2.529596497131461e-23, nan 
-38.875, 86.125, 2.4227317193526454e-23, nan 
-38.625, 86.125, 2.381775480435548e-23, nan 
-38.375, 86.125, 2.3660455849451726e-23, nan 
-38.125, 86.125, 2.351509466848214e-23, nan 
-37.875, 86.125, 2.3535077977715714e-23, nan 
-37.625, 86.125, 2.3369116457093647e-23, nan 
-37.375, 86.125, 2.3532243242655428e-23, nan 
-37.125, 86.125, 2.4396522538400788e-23, nan 
-36.875, 86.125, 2.4206382911253902e-23, nan 
-36.625, 86.125, 2.4383390035826074e-23, nan 
-36.375, 86.125, 2.495507689481036e-23, nan 
-36.125, 86.125, 2.556843458528919e-23, nan 
-35.875, 86.125, 2.4804030145218502e-23, nan 
-35.625, 86.125, 2.4593159487020163e-23, nan 
-35.375, 86.125, 2.3587230098525383e-23, nan 
-35.125, 86.125, 2.3459108081785352e-23, nan 
-34.875, 86.125, 2.3314091131336917e-23, nan 
-34.625, 86.125, 2.3147269217003377e-23, nan 
-34.375, 86.125, 2.2835134963812994e-23, nan 
-34.125, 86.125, 2.237836568919616e-23, nan 
-33.875, 86.125, 2.286535188582881e-23, nan 
-33.625, 86.125, 2.298859751218663e-23, nan 
-33.375, 86.125, 2.2567475621711443e-23, nan 
-33.125, 86.125, 2.3039574533696115e-23, nan 
-32.875, 86.125, 2.3840300374257067e-23, nan 
-32.625, 86.125, 2.4841614183911996e-23, nan 
-32.375, 86.125, 2.4187754105869153e-23, nan 
-32.125, 86.125, 2.3988315616237667e-23, nan 
-31.875, 86.125, 2.411071154440772e-23, nan 
-31.625, 86.125, 2.376955410664461e-23, nan 
-31.375, 86.125, 2.31168538323204e-23, nan 
-31.125, 86.125, 2.2913840971406066e-23, nan 
-30.875, 86.125, 2.318166672718713e-23, nan 
-30.625, 86.125, 2.301942160204835e-23, nan 
-30.375, 86.125, 2.324986475022656e-23, nan 
-30.125, 86.125, 2.2066139795820957e-23, nan 
-29.875, 86.125, 2.104098837717734e-23, nan 
-29.625, 86.125, 1.9736570309411368e-23, nan 
-29.375, 86.125, 1.8508469525890403e-23, nan 
-29.125, 86.125, 1.7022954712975653e-23, nan 
-28.875, 86.125, 1.638221330539484e-23, nan 
-28.625, 86.125, 1.5187312022767472e-23, nan 
-28.375, 86.125, 1.4985619738071306e-23, nan 
-28.125, 86.125, 1.4641175605914437e-23, nan 
-27.875, 86.125, 1.4111632626006717e-23, nan 
-27.625, 86.125, 1.4160063908128764e-23, nan 
-27.375, 86.125, 1.4181887226187943e-23, nan 
-27.125, 86.125, 1.423178677921486e-23, nan 
-26.875, 86.125, 1.413438152750534e-23, nan 
-26.625, 86.125, 1.3734418076336192e-23, nan 
-26.375, 86.125, 1.3198985780039963e-23, nan 
-26.125, 86.125, 1.326918194789826e-23, nan 
-25.875, 86.125, 1.2667598352454413e-23, nan 
-25.625, 86.125, 1.143242976803762e-23, nan 
-25.375, 86.125, 1.05554892852884e-23, nan 
-25.125, 86.125, 1.0401159506770197e-23, nan 
-24.875, 86.125, 1.0092671284626168e-23, nan 
-24.625, 86.125, 9.638467068472243e-24, nan 
-24.375, 86.125, 9.570240490055576e-24, nan 
-24.125, 86.125, 9.647109029118268e-24, nan 
-23.875, 86.125, 9.518806717306577e-24, nan 
-23.625, 86.125, 9.417477217871438e-24, nan 
-23.375, 86.125, 8.433737946790134e-24, nan 
-23.125, 86.125, 8.056899890666374e-24, nan 
-22.875, 86.125, 7.814951277189614e-24, nan 
-22.625, 86.125, 5.967257796077957e-24, nan 
-22.375, 86.125, 5.772859649158392e-24, nan 
-22.125, 86.125, 5.695362538641384e-24, nan 
-21.875, 86.125, 5.644583944785388e-24, nan 
-21.625, 86.125, 5.5779334618871244e-24, nan 
-21.375, 86.125, 5.5281959742954516e-24, nan 
-21.125, 86.125, 5.59091779776254e-24, nan 
-20.875, 86.125, 5.585192912631639e-24, nan 
-20.625, 86.125, 5.493442090115355e-24, nan 
-20.375, 86.125, 5.581113714872431e-24, nan 
-20.125, 86.125, 5.594519197152205e-24, nan 
-19.875, 86.125, 5.726959881567782e-24, nan 
-19.625, 86.125, 5.778302749500022e-24, nan 
-19.375, 86.125, 5.9257355173014144e-24, nan 
-19.125, 86.125, 5.862886990974527e-24, nan 
-18.875, 86.125, 4.575513778475408e-24, nan 
-18.625, 86.125, 4.161877881968326e-24, nan 
-18.375, 86.125, 3.798347440070065e-24, nan 
-18.125, 86.125, 3.964975125059195e-24, nan 
-17.875, 86.125, 3.946869914147398e-24, nan 
-17.625, 86.125, 4.215325120595989e-24, nan 
-17.375, 86.125, 4.30091284200101e-24, nan 
-17.125, 86.125, 4.561177806465363e-24, nan 
-16.875, 86.125, 5.5136226651606766e-24, nan 
-16.625, 86.125, 6.758207927676543e-24, nan 
-16.375, 86.125, 6.656601478683631e-24, nan 
-16.125, 86.125, 7.492572342486404e-24, nan 
-15.875, 86.125, 8.295727486502483e-24, nan 
-15.625, 86.125, 8.27652703401308e-24, nan 
-15.375, 86.125, 8.10559128180131e-24, nan 
-15.125, 86.125, 9.004720483091296e-24, nan 
-14.875, 86.125, 9.378279713440179e-24, nan 
-14.625, 86.125, 9.480695434267728e-24, nan 
-14.375, 86.125, 9.307887119250666e-24, nan 
-14.125, 86.125, 8.737320986260334e-24, nan 
-13.875, 86.125, 8.737178498112377e-24, nan 
-13.625, 86.125, 8.270763308199782e-24, nan 
-13.375, 86.125, 8.184051072118962e-24, nan 
-13.125, 86.125, 8.565289389153166e-24, nan 
-12.875, 86.125, 8.719206235241425e-24, nan 
-12.625, 86.125, 8.882255874793328e-24, nan 
-12.375, 86.125, 8.816507884388992e-24, nan 
-12.125, 86.125, 8.700205841366083e-24, nan 
-11.875, 86.125, 7.968413444372716e-24, nan 
-11.625, 86.125, 7.671381148922804e-24, nan 
-11.375, 86.125, 7.201036501747866e-24, nan 
-11.125, 86.125, 6.668677010937613e-24, nan 
-10.875, 86.125, 5.125398709950928e-24, nan 
-10.625, 86.125, 4.502025463419113e-24, nan 
-10.375, 86.125, 4.0252877350521146e-24, nan 
-10.125, 86.125, 4.3550562687152224e-24, nan 
-9.875, 86.125, 4.034778791257922e-24, nan 
-9.625, 86.125, 4.636479672325358e-24, nan 
-9.375, 86.125, 4.885587986386838e-24, nan 
-9.125, 86.125, 4.524253914044931e-24, nan 
-8.875, 86.125, 4.6684009943807666e-24, nan 
-8.625, 86.125, 4.905616294133285e-24, nan 
-8.375, 86.125, 4.9935274806986905e-24, nan 
-8.125, 86.125, 5.0413280513288436e-24, nan 
-7.875, 86.125, 5.4020782982531074e-24, nan 
-7.625, 86.125, 6.248491875596377e-24, nan 
-7.375, 86.125, 7.13622307072769e-24, nan 
-7.125, 86.125, 7.969092074356266e-24, nan 
-6.875, 86.125, 8.987264988796172e-24, nan 
-6.625, 86.125, 9.484494503564803e-24, nan 
-6.375, 86.125, 1.0227611626472737e-23, nan 
-6.125, 86.125, 1.0887557373364495e-23, nan 
-5.875, 86.125, 1.210528011178532e-23, nan 
-5.625, 86.125, 1.2949239709741371e-23, nan 
-5.375, 86.125, 1.2233595789789658e-23, nan 
-5.125, 86.125, 1.254257885898415e-23, nan 
-4.875, 86.125, 1.285658561307177e-23, nan 
-4.625, 86.125, 1.2575910976351241e-23, nan 
-4.375, 86.125, 1.2516822984537072e-23, nan 
-4.125, 86.125, 1.2510670970437563e-23, nan 
-3.875, 86.125, 1.2472569335866758e-23, nan 
-3.625, 86.125, 1.209305289789148e-23, nan 
-3.375, 86.125, 1.2000515833693066e-23, nan 
-3.125, 86.125, 1.2230232437288699e-23, nan 
-2.875, 86.125, 1.2691195384218364e-23, nan 
-2.625, 86.125, 1.2853277766505722e-23, nan 
-2.375, 86.125, 1.2982726927087548e-23, nan 
-2.125, 86.125, 1.3235740763355152e-23, nan 
-1.875, 86.125, 1.3306227359076954e-23, nan 
-1.625, 86.125, 1.3150940827158958e-23, nan 
-1.375, 86.125, 1.3422025960404325e-23, nan 
-1.125, 86.125, 1.3467092584877418e-23, nan 
-0.875, 86.125, 1.3636950042855242e-23, nan 
-0.625, 86.125, 1.3414992082610863e-23, nan 
-0.375, 86.125, 1.32403374943999e-23, nan 
-0.125, 86.125, 1.1983249153353381e-23, nan 
0.125, 86.125, 1.1111214725316047e-23, nan 
0.375, 86.125, 9.80392796694971e-24, nan 
0.625, 86.125, 8.860511511868035e-24, nan 
0.875, 86.125, 8.210860232520093e-24, nan 
1.125, 86.125, 8.349102728135848e-24, nan 
1.375, 86.125, 8.703943594586043e-24, nan 
1.625, 86.125, 9.035848187120795e-24, nan 
1.875, 86.125, 9.074521966401348e-24, nan 
2.125, 86.125, 9.101755758053109e-24, nan 
2.375, 86.125, 9.532906372856483e-24, nan 
2.625, 86.125, 9.631353910207632e-24, nan 
2.875, 86.125, 9.766547738146804e-24, nan 
3.125, 86.125, 9.825513127557997e-24, nan 
3.375, 86.125, 9.919882736901538e-24, nan 
3.625, 86.125, 9.240712136048564e-24, nan 
3.875, 86.125, 8.817919821472688e-24, nan 
4.125, 86.125, 8.15992783958506e-24, nan 
4.375, 86.125, 7.322197343956602e-24, nan 
4.625, 86.125, 6.3458118676213184e-24, nan 
4.875, 86.125, 6.0320856850266406e-24, nan 
5.125, 86.125, 5.76274518600642e-24, nan 
5.375, 86.125, 5.5006597986092315e-24, nan 
5.625, 86.125, 5.38465330783524e-24, nan 
5.875, 86.125, 4.586153505711121e-24, nan 
6.125, 86.125, 4.085704347176578e-24, nan 
6.375, 86.125, 4.10064480299312e-24, nan 
6.625, 86.125, 3.833017427723584e-24, nan 
6.875, 86.125, 3.64532069589387e-24, nan 
7.125, 86.125, 3.543126760629744e-24, nan 
7.375, 86.125, 3.359799741053416e-24, nan 
7.625, 86.125, 3.2871084547947777e-24, nan 
7.875, 86.125, 2.996094256719095e-24, nan 
8.125, 86.125, 2.797071177967172e-24, nan 
8.375, 86.125, 2.7684629146978884e-24, nan 
8.625, 86.125, 2.6758486032605084e-24, nan 
8.875, 86.125, 2.4986444959309207e-24, nan 
9.125, 86.125, 2.352965822646196e-24, nan 
9.375, 86.125, 2.1682321408112888e-24, nan 
9.625, 86.125, 2.1241786278935064e-24, nan 
9.875, 86.125, 1.9932206305846406e-24, nan 
10.125, 86.125, 1.8602081195128402e-24, nan 
10.375, 86.125, 1.8047582432810443e-24, nan 
10.625, 86.125, 1.6858666217504115e-24, nan 
10.875, 86.125, 1.5815456426360104e-24, nan 
11.125, 86.125, 1.5511789098219073e-24, nan 
11.375, 86.125, 1.4637224599270478e-24, nan 
11.625, 86.125, 1.4223735027980005e-24, nan 
11.875, 86.125, 1.3409202336926562e-24, nan 
12.125, 86.125, 1.202060181137236e-24, nan 
12.375, 86.125, 1.1333854483974415e-24, nan 
12.625, 86.125, 1.1479665067588337e-24, nan 
12.875, 86.125, 1.3231081558707721e-24, nan 
13.125, 86.125, 1.5497973002371112e-24, nan 
13.375, 86.125, 1.78977421168789e-24, nan 
13.625, 86.125, 1.777363745902698e-24, nan 
13.875, 86.125, 1.5638882598140333e-24, nan 
14.125, 86.125, 1.4898771765560162e-24, nan 
14.375, 86.125, 1.4698843579099872e-24, nan 
14.625, 86.125, 1.392359335239539e-24, nan 
14.875, 86.125, 1.3279614007099471e-24, nan 
15.125, 86.125, 1.3503665360554309e-24, nan 
15.375, 86.125, 1.3116451031018652e-24, nan 
15.625, 86.125, 1.2032695439861953e-24, nan 
15.875, 86.125, 1.1058832274756297e-24, nan 
16.125, 86.125, 8.541050976163687e-25, nan 
16.375, 86.125, 7.822076927390125e-25, nan 
16.625, 86.125, 6.6791698568412105e-25, nan 
16.875, 86.125, 6.716718519122654e-25, nan 
17.125, 86.125, 6.373704838332226e-25, nan 
17.375, 86.125, 6.222915638483933e-25, nan 
17.625, 86.125, 7.711395146998889e-25, nan 
17.875, 86.125, 9.427061007053391e-25, nan 
18.125, 86.125, 1.0508390378961886e-24, nan 
18.375, 86.125, 9.209133936035175e-25, nan 
18.625, 86.125, 8.159172197730604e-25, nan 
18.875, 86.125, 7.838760074472031e-25, nan 
19.125, 86.125, 8.498456132253539e-25, nan 
19.375, 86.125, 8.768908450520782e-25, nan 
19.625, 86.125, 1.1495821898855425e-24, nan 
19.875, 86.125, 1.6151135417893175e-24, nan 
20.125, 86.125, 1.9671730302516196e-24, nan 
20.375, 86.125, 2.376761133079437e-24, nan 
20.625, 86.125, 2.783102747876983e-24, nan 
20.875, 86.125, 2.8892613561204284e-24, nan 
21.125, 86.125, 3.147738751925598e-24, nan 
21.375, 86.125, 3.2569431626918235e-24, nan 
21.625, 86.125, 3.458226894333063e-24, nan 
21.875, 86.125, 3.60150342333645e-24, nan 
22.125, 86.125, 3.5719199345626355e-24, nan 
22.375, 86.125, 3.737509205057365e-24, nan 
22.625, 86.125, 3.880064099728221e-24, nan 
22.875, 86.125, 3.852352790235667e-24, nan 
23.125, 86.125, 3.970865300842841e-24, nan 
23.375, 86.125, 4.0407104427651074e-24, nan 
23.625, 86.125, 4.057043465230765e-24, nan 
23.875, 86.125, 4.089966943278707e-24, nan 
24.125, 86.125, 4.224332670722305e-24, nan 
24.375, 86.125, 4.359490676761727e-24, nan 
24.625, 86.125, 4.530630803853519e-24, nan 
24.875, 86.125, 4.695732968536331e-24, nan 
25.125, 86.125, 4.822468379737185e-24, nan 
25.375, 86.125, 5.03285151976024e-24, nan 
25.625, 86.125, 5.111545034761483e-24, nan 
25.875, 86.125, 5.1003173997517514e-24, nan 
26.125, 86.125, 5.2078141886191e-24, nan 
26.375, 86.125, 5.2092473310244095e-24, nan 
26.625, 86.125, 5.192139706277977e-24, nan 
26.875, 86.125, 5.267447723690778e-24, nan 
27.125, 86.125, 5.48593518578583e-24, nan 
27.375, 86.125, 5.534892159530848e-24, nan 
27.625, 86.125, 5.646877108692221e-24, nan 
27.875, 86.125, 5.521873843090739e-24, nan 
28.125, 86.125, 5.569297854727581e-24, nan 
28.375, 86.125, 5.503625685796282e-24, nan 
28.625, 86.125, 5.03957509653461e-24, nan 
28.875, 86.125, 4.125111489997146e-24, nan 
29.125, 86.125, 3.853922259878281e-24, nan 
29.375, 86.125, 3.8509072280656226e-24, nan 
29.625, 86.125, 3.843045497937434e-24, nan 
29.875, 86.125, 3.980102456218871e-24, nan 
30.125, 86.125, 4.000728469930684e-24, nan 
30.375, 86.125, 3.9905568796647434e-24, nan 
30.625, 86.125, 4.079441526419843e-24, nan 
30.875, 86.125, 4.324154866107289e-24, nan 
31.125, 86.125, 4.367214139887096e-24, nan 
31.375, 86.125, 4.447512650304773e-24, nan 
31.625, 86.125, 4.554379372061541e-24, nan 
31.875, 86.125, 4.696695335263935e-24, nan 
32.125, 86.125, 4.741880541376375e-24, nan 
32.375, 86.125, 4.498181844770453e-24, nan 
32.625, 86.125, 3.903286613973169e-24, nan 
32.875, 86.125, 3.4362995482246076e-24, nan 
33.125, 86.125, 3.109836519594398e-24, nan 
33.375, 86.125, 2.977373755817252e-24, nan 
33.625, 86.125, 2.7991324796648568e-24, nan 
33.875, 86.125, 2.5513866243027913e-24, nan 
34.125, 86.125, 2.430986040185175e-24, nan 
34.375, 86.125, 2.123750603419376e-24, nan 
34.625, 86.125, 1.8888622290113143e-24, nan 
34.875, 86.125, 1.747014715027753e-24, nan 
35.125, 86.125, 1.6294041979514777e-24, nan 
35.375, 86.125, 1.5387749984065397e-24, nan 
35.625, 86.125, 1.4021664298915283e-24, nan 
35.875, 86.125, 1.2856390944190611e-24, nan 
36.125, 86.125, 1.2166145322107306e-24, nan 
36.375, 86.125, 1.1227600855022234e-24, nan 
36.625, 86.125, 1.1269468509776486e-24, nan 
36.875, 86.125, 1.0721486641679343e-24, nan 
37.125, 86.125, 1.0271205889608199e-24, nan 
37.375, 86.125, 1.0252240448646768e-24, nan 
37.625, 86.125, 1.090894219891733e-24, nan 
37.875, 86.125, 1.3782009238982342e-24, nan 
38.125, 86.125, 1.998422029363312e-24, nan 
38.375, 86.125, 1.8160252369984135e-24, nan 
38.625, 86.125, 1.587800201274839e-24, nan 
38.875, 86.125, 1.2357605209667391e-24, nan 
39.125, 86.125, 1.438773355487398e-24, nan 
39.375, 86.125, 1.3639270158751658e-24, nan 
39.625, 86.125, 1.571887352045678e-24, nan 
39.875, 86.125, 1.73523591986002e-24, nan 
40.125, 86.125, 1.7805738379263894e-24, nan 
40.375, 86.125, 1.8950990786105476e-24, nan 
40.625, 86.125, 1.954505376197905e-24, nan 
40.875, 86.125, 1.9353457270529787e-24, nan 
41.125, 86.125, 1.7533006000041416e-24, nan 
41.375, 86.125, 2.171992893543281e-24, nan 
41.625, 86.125, 2.375525053132851e-24, nan 
41.875, 86.125, 2.6870908530200895e-24, nan 
42.125, 86.125, 2.845881411563238e-24, nan 
42.375, 86.125, 3.001533957114084e-24, nan 
42.625, 86.125, 3.0786255836477845e-24, nan 
42.875, 86.125, 3.2944101190775355e-24, nan 
43.125, 86.125, 3.558005329952477e-24, nan 
43.375, 86.125, 3.853537227516193e-24, nan 
43.625, 86.125, 4.0485086066829524e-24, nan 
43.875, 86.125, 4.167064102316017e-24, nan 
44.125, 86.125, 4.343730906585084e-24, nan 
44.375, 86.125, 4.419537593212864e-24, nan 
44.625, 86.125, 4.618307914884351e-24, nan 
44.875, 86.125, 4.923144315624224e-24, nan 
45.125, 86.125, 5.165150041494587e-24, nan 
45.375, 86.125, 5.2121710808932476e-24, nan 
45.625, 86.125, 5.497143148596389e-24, nan 
45.875, 86.125, 5.542642603181534e-24, nan 
46.125, 86.125, 5.787245839755292e-24, nan 
46.375, 86.125, 5.6182095404568415e-24, nan 
46.625, 86.125, 5.667997252694687e-24, nan 
46.875, 86.125, 5.666276739042834e-24, nan 
47.125, 86.125, 5.894348942983088e-24, nan 
47.375, 86.125, 5.970021026749003e-24, nan 
47.625, 86.125, 6.144404509154361e-24, nan 
47.875, 86.125, 5.915520651589845e-24, nan 
48.125, 86.125, 4.9777774116247595e-24, nan 
48.375, 86.125, 4.439225671203381e-24, nan 
48.625, 86.125, 4.185793404077717e-24, nan 
48.875, 86.125, 4.053314540713717e-24, nan 
49.125, 86.125, 4.00505845956702e-24, nan 
49.375, 86.125, 4.128100717790164e-24, nan 
49.625, 86.125, 4.142780280863665e-24, nan 
49.875, 86.125, 4.378712178463371e-24, nan 
50.125, 86.125, 4.277394406009858e-24, nan 
50.375, 86.125, 4.3856154805698065e-24, nan 
50.625, 86.125, 4.4750477173456784e-24, nan 
50.875, 86.125, 4.790095817098836e-24, nan 
51.125, 86.125, 4.867167456710829e-24, nan 
51.375, 86.125, 5.140531948228872e-24, nan 
51.625, 86.125, 5.0584628340777634e-24, nan 
51.875, 86.125, 4.5869805630743944e-24, nan 
52.125, 86.125, 4.255070757167633e-24, nan 
52.375, 86.125, 4.080244261078439e-24, nan 
52.625, 86.125, 3.882317304837138e-24, nan 
52.875, 86.125, 3.743721724799574e-24, nan 
53.125, 86.125, 3.527947488212333e-24, nan 
53.375, 86.125, 3.422050853472906e-24, nan 
53.625, 86.125, 3.3051477008085227e-24, nan 
53.875, 86.125, 3.2633738922549908e-24, nan 
54.125, 86.125, 2.7923227552513096e-24, nan 
54.375, 86.125, 2.236803630516718e-24, nan 
54.625, 86.125, 2.2810860712652183e-24, nan 
54.875, 86.125, 2.297567798198653e-24, nan 
55.125, 86.125, 2.43626479480745e-24, nan 
55.375, 86.125, 2.5630579578916494e-24, nan 
55.625, 86.125, 2.627523963381468e-24, nan 
55.875, 86.125, 2.673474150205422e-24, nan 
56.125, 86.125, 2.762639685330592e-24, nan 
56.375, 86.125, 2.763931192008702e-24, nan 
56.625, 86.125, 2.843444742952915e-24, nan 
56.875, 86.125, 2.7494737022194534e-24, nan 
57.125, 86.125, 2.8035357670652854e-24, nan 
57.375, 86.125, 2.7476293907587887e-24, nan 
57.625, 86.125, 2.7876737098146953e-24, nan 
57.875, 86.125, 2.7853597079463427e-24, nan 
58.125, 86.125, 2.785906617309275e-24, nan 
58.375, 86.125, 2.812730277956483e-24, nan 
58.625, 86.125, 2.8168075529861738e-24, nan 
58.875, 86.125, 2.814799034332594e-24, nan 
59.125, 86.125, 2.8540286153649184e-24, nan 
59.375, 86.125, 2.9138437046173435e-24, nan 
59.625, 86.125, 2.922437053051443e-24, nan 
59.875, 86.125, 2.8813827692663147e-24, nan 
60.125, 86.125, 2.8621927855085035e-24, nan 
60.375, 86.125, 2.8759754288393286e-24, nan 
60.625, 86.125, 3.1766314194060605e-24, nan 
60.875, 86.125, 3.2409466890741274e-24, nan 
61.125, 86.125, 3.1932904817579527e-24, nan 
61.375, 86.125, 3.126052231244394e-24, nan 
61.625, 86.125, 2.9890290313734897e-24, nan 
61.875, 86.125, 2.8973368138206524e-24, nan 
62.125, 86.125, 2.874164119091849e-24, nan 
62.375, 86.125, 2.8805412196843247e-24, nan 
62.625, 86.125, 2.8023567756869683e-24, nan 
62.875, 86.125, 2.6895723840546037e-24, nan 
63.125, 86.125, 2.561675276735636e-24, nan 
63.375, 86.125, 2.4159318388813867e-24, nan 
63.625, 86.125, 2.261152792942484e-24, nan 
63.875, 86.125, 2.133953564412223e-24, nan 
64.125, 86.125, 2.0121318556563908e-24, nan 
64.375, 86.125, 1.8943092147500523e-24, nan 
64.625, 86.125, 1.750051450908292e-24, nan 
64.875, 86.125, 1.6140968768572647e-24, nan 
65.125, 86.125, 1.482791750569577e-24, nan 
65.375, 86.125, 1.3708673666179598e-24, nan 
65.625, 86.125, 1.2715184029887215e-24, nan 
65.875, 86.125, 1.2994041675592967e-24, nan 
66.125, 86.125, 1.3930843458457958e-24, nan 
66.375, 86.125, 1.5091378243114655e-24, nan 
66.625, 86.125, 1.5550748613333494e-24, nan 
66.875, 86.125, 1.5728920230832588e-24, nan 
67.125, 86.125, 1.481703288766136e-24, nan 
67.375, 86.125, 1.3726754267004934e-24, nan 
67.625, 86.125, 1.243430671503402e-24, nan 
67.875, 86.125, 1.1493112521987425e-24, nan 
68.125, 86.125, 1.05244988498899e-24, nan 
68.375, 86.125, 9.374232173100913e-25, nan 
68.625, 86.125, 8.3559583474111e-25, nan 
68.875, 86.125, 7.919241574640596e-25, nan 
69.125, 86.125, 7.446867875477478e-25, nan 
69.375, 86.125, 7.284004983591477e-25, nan 
69.625, 86.125, 7.674753550879287e-25, nan 
69.875, 86.125, 8.417404308213393e-25, nan 
70.125, 86.125, 9.586565879307797e-25, nan 
70.375, 86.125, 1.0178744100783188e-24, nan 
70.625, 86.125, 1.0557244476725654e-24, nan 
70.875, 86.125, 1.0840318325203781e-24, nan 
71.125, 86.125, 1.087769905832642e-24, nan 
71.375, 86.125, 1.0729377166307215e-24, nan 
71.625, 86.125, 1.0868456775522951e-24, nan 
71.875, 86.125, 1.0851408466154792e-24, nan 
72.125, 86.125, 1.0774329990968701e-24, nan 
72.375, 86.125, 1.0616089649609966e-24, nan 
72.625, 86.125, 1.0811640994686873e-24, nan 
72.875, 86.125, 1.0572948546422826e-24, nan 
73.125, 86.125, 1.0120357208685046e-24, nan 
73.375, 86.125, 9.456912561785608e-25, nan 
73.625, 86.125, 9.032458123541243e-25, nan 
73.875, 86.125, 8.867904950927611e-25, nan 
74.125, 86.125, 8.443168472712889e-25, nan 
74.375, 86.125, 8.383760455790025e-25, nan 
74.625, 86.125, 8.236288401114725e-25, nan 
74.875, 86.125, 7.826956844636509e-25, nan 
75.125, 86.125, 7.636957927802211e-25, nan 
75.375, 86.125, 8.00270582617488e-25, nan 
75.625, 86.125, 7.76877728720956e-25, nan 
75.875, 86.125, 8.471043497361595e-25, nan 
76.125, 86.125, 1.0681464709508454e-24, nan 
76.375, 86.125, 1.168498841070881e-24, nan 
76.625, 86.125, 1.1707214295472994e-24, nan 
76.875, 86.125, 1.1923869313298485e-24, nan 
77.125, 86.125, 1.2276144425070449e-24, nan 
77.375, 86.125, 1.3021781446735218e-24, nan 
77.625, 86.125, 1.3441954125569168e-24, nan 
77.875, 86.125, 1.4072781260786287e-24, nan 
78.125, 86.125, 1.4231637292761992e-24, nan 
78.375, 86.125, 1.4094996003446274e-24, nan 
78.625, 86.125, 1.4326327845248036e-24, nan 
78.875, 86.125, 1.4626611745163366e-24, nan 
79.125, 86.125, 1.376339348837231e-24, nan 
79.375, 86.125, 1.398999549548525e-24, nan 
79.625, 86.125, 1.4843181610193208e-24, nan 
79.875, 86.125, 1.5130979739112972e-24, nan 
80.125, 86.125, 1.5056221418082855e-24, nan 
80.375, 86.125, 1.4113641625283051e-24, nan 
80.625, 86.125, 1.3827558648962947e-24, nan 
80.875, 86.125, 1.3871470376080102e-24, nan 
81.125, 86.125, 1.3497833304163991e-24, nan 
81.375, 86.125, 1.435776021411743e-24, nan 
81.625, 86.125, 1.4389544506430251e-24, nan 
81.875, 86.125, 1.4889623004848102e-24, nan 
82.125, 86.125, 1.528366539921546e-24, nan 
82.375, 86.125, 1.5292678503032272e-24, nan 
82.625, 86.125, 1.4765008560972164e-24, nan 
82.875, 86.125, 1.4210959405793435e-24, nan 
83.125, 86.125, 1.4292662541078436e-24, nan 
83.375, 86.125, 1.5160264034716024e-24, nan 
83.625, 86.125, 1.4306505930794832e-24, nan 
83.875, 86.125, 1.0734695549723569e-24, nan 
-115.875, 86.375, 2.2414403056415893e-24, nan 
-115.625, 86.375, 2.2642645451488443e-24, nan 
-115.375, 86.375, 2.280678774062989e-24, nan 
-115.125, 86.375, 2.171169351997581e-24, nan 
-114.875, 86.375, 2.151975784167321e-24, nan 
-114.625, 86.375, 2.035685409852033e-24, nan 
-114.375, 86.375, 1.6027381520593027e-24, nan 
-114.125, 86.375, 1.6743281167003e-24, nan 
-113.875, 86.375, 1.811893342199001e-24, nan 
-113.625, 86.375, 1.9247215376227016e-24, nan 
-113.375, 86.375, 2.1353552241649336e-24, nan 
-113.125, 86.375, 2.453314610820993e-24, nan 
-112.875, 86.375, 2.449957715036403e-24, nan 
-112.625, 86.375, 2.7055526745279848e-24, nan 
-112.375, 86.375, 2.625657604201868e-24, nan 
-112.125, 86.375, 2.740190879536204e-24, nan 
-111.875, 86.375, 3.111968516517635e-24, nan 
-111.625, 86.375, 3.596932561212936e-24, nan 
-111.375, 86.375, 3.7999817980279585e-24, nan 
-111.125, 86.375, 3.943897349000342e-24, nan 
-110.875, 86.375, 3.85232020912641e-24, nan 
-110.625, 86.375, 3.2921960423775024e-24, nan 
-110.375, 86.375, 1.9353009520818033e-24, nan 
-110.125, 86.375, 1.9239751599050677e-24, nan 
-109.875, 86.375, 2.7005855417131916e-24, nan 
-109.625, 86.375, 3.726736530860005e-24, nan 
-109.375, 86.375, 5.139241107248747e-24, nan 
-109.125, 86.375, 5.452638910765643e-24, nan 
-108.875, 86.375, 5.7353948973674535e-24, nan 
-108.625, 86.375, 6.330371124874534e-24, nan 
-108.375, 86.375, 7.559769064954751e-24, nan 
-108.125, 86.375, 8.170744957169885e-24, nan 
-107.875, 86.375, 9.434041522568338e-24, nan 
-107.625, 86.375, 9.934524195033626e-24, nan 
-107.375, 86.375, 1.0976848497463812e-23, nan 
-107.125, 86.375, 1.1655493001617e-23, nan 
-106.875, 86.375, 1.1937248555475479e-23, nan 
-106.625, 86.375, 9.699689551207797e-24, nan 
-106.375, 86.375, 7.670206727987925e-24, nan 
-106.125, 86.375, 7.277119575037878e-24, nan 
-105.875, 86.375, 7.375726352083268e-24, nan 
-105.625, 86.375, 8.363087766351708e-24, nan 
-105.375, 86.375, 9.139015367590947e-24, nan 
-105.125, 86.375, 9.930538418149335e-24, nan 
-104.875, 86.375, 1.0275173416553441e-23, nan 
-104.625, 86.375, 9.807103065500851e-24, nan 
-104.375, 86.375, 9.847747001855848e-24, nan 
-104.125, 86.375, 1.0562548934664281e-23, nan 
-103.875, 86.375, 1.0862206009888382e-23, nan 
-103.625, 86.375, 1.1666210805387511e-23, nan 
-103.375, 86.375, 1.190021319219865e-23, nan 
-103.125, 86.375, 1.2099761053898324e-23, nan 
-102.875, 86.375, 1.0668586808508604e-23, nan 
-102.625, 86.375, 9.073869071853196e-24, nan 
-102.375, 86.375, 8.473244466620033e-24, nan 
-102.125, 86.375, 8.476175415373258e-24, nan 
-101.875, 86.375, 8.971937304113701e-24, nan 
-101.625, 86.375, 9.539591093770391e-24, nan 
-101.375, 86.375, 9.542223772611309e-24, nan 
-101.125, 86.375, 9.127534807256184e-24, nan 
-100.875, 86.375, 8.788650955353972e-24, nan 
-100.625, 86.375, 8.743083466234808e-24, nan 
-100.375, 86.375, 9.015714532729553e-24, nan 
-100.125, 86.375, 9.172544571541879e-24, nan 
-99.875, 86.375, 8.155702812886869e-24, nan 
-99.625, 86.375, 7.002579107637553e-24, nan 
-99.375, 86.375, 6.165760366313904e-24, nan 
-99.125, 86.375, 5.664723461734349e-24, nan 
-98.875, 86.375, 5.3686152837214806e-24, nan 
-98.625, 86.375, 5.428175644338473e-24, nan 
-98.375, 86.375, 5.351762595568348e-24, nan 
-98.125, 86.375, 5.289962037087648e-24, nan 
-97.875, 86.375, 5.066612890396338e-24, nan 
-97.625, 86.375, 4.8957257129799914e-24, nan 
-97.375, 86.375, 4.9320197428673855e-24, nan 
-97.125, 86.375, 4.978682807303227e-24, nan 
-96.875, 86.375, 5.0015350157109075e-24, nan 
-96.625, 86.375, 4.983638323137695e-24, nan 
-96.375, 86.375, 5.022269761254289e-24, nan 
-96.125, 86.375, 5.1635137807754746e-24, nan 
-95.875, 86.375, 5.1936789820311994e-24, nan 
-95.625, 86.375, 5.135468446199987e-24, nan 
-95.375, 86.375, 5.023540275264872e-24, nan 
-95.125, 86.375, 5.0774014014978446e-24, nan 
-94.875, 86.375, 5.032180882726457e-24, nan 
-94.625, 86.375, 5.306403147939714e-24, nan 
-94.375, 86.375, 5.75465596880475e-24, nan 
-94.125, 86.375, 6.3965634125137746e-24, nan 
-93.875, 86.375, 7.159355575532298e-24, nan 
-93.625, 86.375, 7.882372588516817e-24, nan 
-93.375, 86.375, 8.242870413262683e-24, nan 
-93.125, 86.375, 8.51768037756036e-24, nan 
-92.875, 86.375, 8.910839260213827e-24, nan 
-92.625, 86.375, 8.942526161107857e-24, nan 
-92.375, 86.375, 9.352592797984464e-24, nan 
-92.125, 86.375, 9.5240978298162e-24, nan 
-91.875, 86.375, 9.73903662682282e-24, nan 
-91.625, 86.375, 9.832878572419896e-24, nan 
-91.375, 86.375, 9.979650597563583e-24, nan 
-91.125, 86.375, 1.0152794084370653e-23, nan 
-90.875, 86.375, 1.010105091835841e-23, nan 
-90.625, 86.375, 1.032701087547446e-23, nan 
-90.375, 86.375, 1.044369291951902e-23, nan 
-90.125, 86.375, 1.0510434962223662e-23, nan 
-89.875, 86.375, 1.0613230857759398e-23, nan 
-89.625, 86.375, 1.0599378044340934e-23, nan 
-89.375, 86.375, 1.0567439346255131e-23, nan 
-89.125, 86.375, 1.0455745686163886e-23, nan 
-88.875, 86.375, 1.0540297825574339e-23, nan 
-88.625, 86.375, 1.0535237390352362e-23, nan 
-88.375, 86.375, 1.0108918942915529e-23, nan 
-88.125, 86.375, 9.745965165116912e-24, nan 
-87.875, 86.375, 9.705330895917229e-24, nan 
-87.625, 86.375, 9.616757443592133e-24, nan 
-87.375, 86.375, 9.901965958080458e-24, nan 
-87.125, 86.375, 9.507002777289692e-24, nan 
-86.875, 86.375, 8.899376948098183e-24, nan 
-86.625, 86.375, 9.01112404556192e-24, nan 
-86.375, 86.375, 9.23298456552431e-24, nan 
-86.125, 86.375, 8.764833840219053e-24, nan 
-85.875, 86.375, 9.046004451354601e-24, nan 
-85.625, 86.375, 1.0095572615107886e-23, nan 
-85.375, 86.375, 1.1314371202897748e-23, nan 
-85.125, 86.375, 1.1224350576848763e-23, nan 
-84.875, 86.375, 1.1943317181656536e-23, nan 
-84.625, 86.375, 1.2035915293121612e-23, nan 
-84.375, 86.375, 1.1509823958053456e-23, nan 
-84.125, 86.375, 1.1730259879209888e-23, nan 
-83.875, 86.375, 1.157341557801159e-23, nan 
-83.625, 86.375, 1.090642975378495e-23, nan 
-83.375, 86.375, 1.0725585912267848e-23, nan 
-83.125, 86.375, 1.024557289438586e-23, nan 
-82.875, 86.375, 9.616641503125232e-24, nan 
-82.625, 86.375, 9.463171119928725e-24, nan 
-82.375, 86.375, 9.394751556373399e-24, nan 
-82.125, 86.375, 9.02241415112862e-24, nan 
-81.875, 86.375, 9.899980990007235e-24, nan 
-81.625, 86.375, 1.212788466044448e-23, nan 
-81.375, 86.375, 1.2312897206791667e-23, nan 
-81.125, 86.375, 1.4017020428061264e-23, nan 
-80.875, 86.375, 1.4660458915938857e-23, nan 
-80.625, 86.375, 1.3890016139309552e-23, nan 
-80.375, 86.375, 1.4172899341044404e-23, nan 
-80.125, 86.375, 1.400914006890648e-23, nan 
-79.875, 86.375, 1.3413807469175446e-23, nan 
-79.625, 86.375, 1.3229857781443427e-23, nan 
-79.375, 86.375, 1.2917743786987464e-23, nan 
-79.125, 86.375, 1.2042677941764617e-23, nan 
-78.875, 86.375, 1.162520716505202e-23, nan 
-78.625, 86.375, 1.1726176308115262e-23, nan 
-78.375, 86.375, 1.1071139431840574e-23, nan 
-78.125, 86.375, 1.057332068791131e-23, nan 
-77.875, 86.375, 9.842790464057239e-24, nan 
-77.625, 86.375, 9.46430245574766e-24, nan 
-77.375, 86.375, 9.592465641793937e-24, nan 
-77.125, 86.375, 9.748743637462059e-24, nan 
-76.875, 86.375, 9.905609998114731e-24, nan 
-76.625, 86.375, 9.928051134140177e-24, nan 
-76.375, 86.375, 1.004678094977643e-23, nan 
-76.125, 86.375, 9.890008052506227e-24, nan 
-75.875, 86.375, 1.0057320228124458e-23, nan 
-75.625, 86.375, 9.808040584813765e-24, nan 
-75.375, 86.375, 9.090419477943466e-24, nan 
-75.125, 86.375, 8.581869365615603e-24, nan 
-74.875, 86.375, 8.410114212316006e-24, nan 
-74.625, 86.375, 8.14290396167208e-24, nan 
-74.375, 86.375, 7.797273913114406e-24, nan 
-74.125, 86.375, 7.56399150519905e-24, nan 
-73.875, 86.375, 7.387260970015996e-24, nan 
-73.625, 86.375, 7.462336054359375e-24, nan 
-73.375, 86.375, 7.716679829805345e-24, nan 
-73.125, 86.375, 8.01163439889561e-24, nan 
-72.875, 86.375, 7.872108110480363e-24, nan 
-72.625, 86.375, 7.662534632794136e-24, nan 
-72.375, 86.375, 7.303462828207973e-24, nan 
-72.125, 86.375, 7.278783480807452e-24, nan 
-71.875, 86.375, 7.152995599838166e-24, nan 
-71.625, 86.375, 6.879829048852102e-24, nan 
-71.375, 86.375, 6.3863553491054065e-24, nan 
-71.125, 86.375, 5.9541626559417425e-24, nan 
-70.875, 86.375, 5.5415784465457204e-24, nan 
-70.625, 86.375, 4.553496754978359e-24, nan 
-70.375, 86.375, 3.515732072942554e-24, nan 
-70.125, 86.375, 2.889429936945916e-24, nan 
-69.875, 86.375, 2.484241161480338e-24, nan 
-69.625, 86.375, 2.4501983595538516e-24, nan 
-69.375, 86.375, 2.832878071662144e-24, nan 
-69.125, 86.375, 3.2926811773621484e-24, nan 
-68.875, 86.375, 3.6517802518045215e-24, nan 
-68.625, 86.375, 3.884786788095895e-24, nan 
-68.375, 86.375, 4.1906767621341994e-24, nan 
-68.125, 86.375, 4.595736862810697e-24, nan 
-67.875, 86.375, 5.6115752794304605e-24, nan 
-67.625, 86.375, 6.2626606287483655e-24, nan 
-67.375, 86.375, 7.763318875855292e-24, nan 
-67.125, 86.375, 9.968939210057949e-24, nan 
-66.875, 86.375, 1.155561504169039e-23, nan 
-66.625, 86.375, 1.2479008160754502e-23, nan 
-66.375, 86.375, 1.2414171225159676e-23, nan 
-66.125, 86.375, 1.2512217289383059e-23, nan 
-65.875, 86.375, 1.2253209583123498e-23, nan 
-65.625, 86.375, 1.2081648027473597e-23, nan 
-65.375, 86.375, 1.2052168096684957e-23, nan 
-65.125, 86.375, 1.2038361134761314e-23, nan 
-64.875, 86.375, 1.1858046810920543e-23, nan 
-64.625, 86.375, 1.1549820524509522e-23, nan 
-64.375, 86.375, 1.1161969022180384e-23, nan 
-64.125, 86.375, 1.0631979933674023e-23, nan 
-63.875, 86.375, 9.976471658819248e-24, nan 
-63.625, 86.375, 9.472132480541466e-24, nan 
-63.375, 86.375, 8.837248388136923e-24, nan 
-63.125, 86.375, 8.539918918134803e-24, nan 
-62.875, 86.375, 8.215994469649312e-24, nan 
-62.625, 86.375, 7.7313174324351e-24, nan 
-62.375, 86.375, 7.485677326549708e-24, nan 
-62.125, 86.375, 7.356998433003849e-24, nan 
-61.875, 86.375, 7.185437992204783e-24, nan 
-61.625, 86.375, 7.140062378826144e-24, nan 
-61.375, 86.375, 7.215301681027239e-24, nan 
-61.125, 86.375, 7.21542316329411e-24, nan 
-60.875, 86.375, 7.031602585866779e-24, nan 
-60.625, 86.375, 6.858802416743163e-24, nan 
-60.375, 86.375, 6.654880947161916e-24, nan 
-60.125, 86.375, 6.408913805354002e-24, nan 
-59.875, 86.375, 6.151988035714187e-24, nan 
-59.625, 86.375, 5.809944610756955e-24, nan 
-59.375, 86.375, 5.6728358776157614e-24, nan 
-59.125, 86.375, 5.402475086521039e-24, nan 
-58.875, 86.375, 4.992776911900557e-24, nan 
-58.625, 86.375, 4.847015792555096e-24, nan 
-58.375, 86.375, 4.9455773805538055e-24, nan 
-58.125, 86.375, 5.032596607632048e-24, nan 
-57.875, 86.375, 5.096558226935361e-24, nan 
-57.625, 86.375, 5.322193140586485e-24, nan 
-57.375, 86.375, 5.3037088034019865e-24, nan 
-57.125, 86.375, 5.49207738360981e-24, nan 
-56.875, 86.375, 5.537323917655907e-24, nan 
-56.625, 86.375, 5.494982533377618e-24, nan 
-56.375, 86.375, 5.684235086144829e-24, nan 
-56.125, 86.375, 6.0528393728587655e-24, nan 
-55.875, 86.375, 6.688628387762567e-24, nan 
-55.625, 86.375, 7.356109203688963e-24, nan 
-55.375, 86.375, 7.978974369652047e-24, nan 
-55.125, 86.375, 8.571038030143306e-24, nan 
-54.875, 86.375, 9.162942966750074e-24, nan 
-54.625, 86.375, 9.432958218590822e-24, nan 
-54.375, 86.375, 1.0056642272783287e-23, nan 
-54.125, 86.375, 1.1003061981518681e-23, nan 
-53.875, 86.375, 1.2077173010848716e-23, nan 
-53.625, 86.375, 1.2609577531570738e-23, nan 
-53.375, 86.375, 1.3322953434300289e-23, nan 
-53.125, 86.375, 1.3367399920779916e-23, nan 
-52.875, 86.375, 1.2944856129776973e-23, nan 
-52.625, 86.375, 1.2877237623634838e-23, nan 
-52.375, 86.375, 1.3158176145987187e-23, nan 
-52.125, 86.375, 1.405626655673811e-23, nan 
-51.875, 86.375, 1.5459014425468844e-23, nan 
-51.625, 86.375, 1.6369480618769174e-23, nan 
-51.375, 86.375, 1.67325803730203e-23, nan 
-51.125, 86.375, 1.6999844963148584e-23, nan 
-50.875, 86.375, 1.6529074806701703e-23, nan 
-50.625, 86.375, 1.6756977601919674e-23, nan 
-50.375, 86.375, 1.7728836693087644e-23, nan 
-50.125, 86.375, 1.938825630150854e-23, nan 
-49.875, 86.375, 1.9232353146041153e-23, nan 
-49.625, 86.375, 1.9332362628843972e-23, nan 
-49.375, 86.375, 1.8814371789109376e-23, nan 
-49.125, 86.375, 1.743689588126852e-23, nan 
-48.875, 86.375, 1.7708818054512256e-23, nan 
-48.625, 86.375, 1.7024089639615933e-23, nan 
-48.375, 86.375, 1.6048619061549147e-23, nan 
-48.125, 86.375, 1.571453845066968e-23, nan 
-47.875, 86.375, 1.5261669408023255e-23, nan 
-47.625, 86.375, 1.4601578913990516e-23, nan 
-47.375, 86.375, 1.440578375467921e-23, nan 
-47.125, 86.375, 1.370953981705501e-23, nan 
-46.875, 86.375, 1.3069693087780787e-23, nan 
-46.625, 86.375, 1.2531313908875384e-23, nan 
-46.375, 86.375, 1.2399560654521334e-23, nan 
-46.125, 86.375, 9.651417658715072e-24, nan 
-45.875, 86.375, 6.713947654537227e-24, nan 
-45.625, 86.375, 4.1703900644039475e-24, nan 
-45.375, 86.375, 7.492062718336853e-24, nan 
-45.125, 86.375, 7.210617698617487e-24, nan 
-44.875, 86.375, 6.6723535094463e-24, nan 
-44.625, 86.375, 6.709021218345664e-24, nan 
-44.375, 86.375, 6.992305723589284e-24, nan 
-44.125, 86.375, 7.101076663671422e-24, nan 
-43.875, 86.375, 7.164594008483861e-24, nan 
-43.625, 86.375, 7.163710323016689e-24, nan 
-43.375, 86.375, 7.582920063812227e-24, nan 
-43.125, 86.375, 8.355441232867585e-24, nan 
-42.875, 86.375, 8.846154154550865e-24, nan 
-42.625, 86.375, 8.18566533664203e-24, nan 
-42.375, 86.375, 7.973499263420485e-24, nan 
-42.125, 86.375, 8.585742456339955e-24, nan 
-41.875, 86.375, 8.66355980341526e-24, nan 
-41.625, 86.375, 8.92710893766986e-24, nan 
-41.375, 86.375, 9.106694950285089e-24, nan 
-41.125, 86.375, 9.335522858978575e-24, nan 
-40.875, 86.375, 8.879167971263181e-24, nan 
-40.625, 86.375, 9.288725662943031e-24, nan 
-40.375, 86.375, 9.884543515098506e-24, nan 
-40.125, 86.375, 9.743990243557352e-24, nan 
-39.875, 86.375, 1.0068983950764799e-23, nan 
-39.625, 86.375, 1.0169126367792395e-23, nan 
-39.375, 86.375, 1.0604136638764138e-23, nan 
-39.125, 86.375, 9.829070313792129e-24, nan 
-38.875, 86.375, 9.364875458677378e-24, nan 
-38.625, 86.375, 8.63046174053343e-24, nan 
-38.375, 86.375, 8.098916019572e-24, nan 
-38.125, 86.375, 8.407861485510452e-24, nan 
-37.875, 86.375, 7.960523518658357e-24, nan 
-37.625, 86.375, 7.174643980271988e-24, nan 
-37.375, 86.375, 6.76440205253986e-24, nan 
-37.125, 86.375, 6.761140290810038e-24, nan 
-36.875, 86.375, 6.535392937771486e-24, nan 
-36.625, 86.375, 6.611020117978652e-24, nan 
-36.375, 86.375, 6.582130022104044e-24, nan 
-36.125, 86.375, 6.521502559146092e-24, nan 
-35.875, 86.375, 6.75810005665738e-24, nan 
-35.625, 86.375, 6.729050027834177e-24, nan 
-35.375, 86.375, 6.716141432960487e-24, nan 
-35.125, 86.375, 6.411191180553247e-24, nan 
-34.875, 86.375, 6.551752505278017e-24, nan 
-34.625, 86.375, 6.485092369352797e-24, nan 
-34.375, 86.375, 6.507321124390412e-24, nan 
-34.125, 86.375, 6.5036231013856066e-24, nan 
-33.875, 86.375, 6.628485369183184e-24, nan 
-33.625, 86.375, 6.942611662426448e-24, nan 
-33.375, 86.375, 7.039225760268477e-24, nan 
-33.125, 86.375, 6.814254180084335e-24, nan 
-32.875, 86.375, 6.640778958532749e-24, nan 
-32.625, 86.375, 6.994352739680085e-24, nan 
-32.375, 86.375, 6.881186914487002e-24, nan 
-32.125, 86.375, 6.747683157050799e-24, nan 
-31.875, 86.375, 6.651903017988626e-24, nan 
-31.625, 86.375, 6.80203279154628e-24, nan 
-31.375, 86.375, 7.072783453154658e-24, nan 
-31.125, 86.375, 7.023526319895955e-24, nan 
-30.875, 86.375, 7.672233354914479e-24, nan 
-30.625, 86.375, 7.69305562991243e-24, nan 
-30.375, 86.375, 7.781021291655793e-24, nan 
-30.125, 86.375, 8.008484052625614e-24, nan 
-29.875, 86.375, 8.148323166089056e-24, nan 
-29.625, 86.375, 8.386286949771418e-24, nan 
-29.375, 86.375, 8.418122600312402e-24, nan 
-29.125, 86.375, 8.25454438146737e-24, nan 
-28.875, 86.375, 8.41991785777284e-24, nan 
-28.625, 86.375, 8.79222739978973e-24, nan 
-28.375, 86.375, 8.919574686774692e-24, nan 
-28.125, 86.375, 8.986610330169799e-24, nan 
-27.875, 86.375, 8.836086562960681e-24, nan 
-27.625, 86.375, 8.735071742911691e-24, nan 
-27.375, 86.375, 9.011854121238414e-24, nan 
-27.125, 86.375, 8.951986418570876e-24, nan 
-26.875, 86.375, 9.527922161282663e-24, nan 
-26.625, 86.375, 9.507288333603179e-24, nan 
-26.375, 86.375, 9.910767779631633e-24, nan 
-26.125, 86.375, 1.0654387421767938e-23, nan 
-25.875, 86.375, 1.0441405224862883e-23, nan 
-25.625, 86.375, 9.934508949534228e-24, nan 
-25.375, 86.375, 9.929503685280396e-24, nan 
-25.125, 86.375, 9.703769374065746e-24, nan 
-24.875, 86.375, 9.309518542324571e-24, nan 
-24.625, 86.375, 9.057474812204807e-24, nan 
-24.375, 86.375, 8.934542407307703e-24, nan 
-24.125, 86.375, 8.79946399511962e-24, nan 
-23.875, 86.375, 8.77884272678693e-24, nan 
-23.625, 86.375, 8.398567670552908e-24, nan 
-23.375, 86.375, 8.020462700409819e-24, nan 
-23.125, 86.375, 8.028897837370254e-24, nan 
-22.875, 86.375, 7.974745203246657e-24, nan 
-22.625, 86.375, 6.913423979827416e-24, nan 
-22.375, 86.375, 6.842457540906994e-24, nan 
-22.125, 86.375, 7.145350129670119e-24, nan 
-21.875, 86.375, 7.399674146559744e-24, nan 
-21.625, 86.375, 7.662932268180666e-24, nan 
-21.375, 86.375, 7.9806327709152e-24, nan 
-21.125, 86.375, 8.184436700270132e-24, nan 
-20.875, 86.375, 8.320942152430959e-24, nan 
-20.625, 86.375, 9.001522003722062e-24, nan 
-20.375, 86.375, 9.873015900539393e-24, nan 
-20.125, 86.375, 9.494555476407833e-24, nan 
-19.875, 86.375, 1.0037787968762241e-23, nan 
-19.625, 86.375, 1.0595885672688315e-23, nan 
-19.375, 86.375, 1.036823514567358e-23, nan 
-19.125, 86.375, 1.0102911187375509e-23, nan 
-18.875, 86.375, 1.0493815859980655e-23, nan 
-18.625, 86.375, 1.0438980578081746e-23, nan 
-18.375, 86.375, 1.0127812797119252e-23, nan 
-18.125, 86.375, 9.202547830084793e-24, nan 
-17.875, 86.375, 8.052793848868317e-24, nan 
-17.625, 86.375, 7.628713364884917e-24, nan 
-17.375, 86.375, 7.13982525538792e-24, nan 
-17.125, 86.375, 6.893156578965186e-24, nan 
-16.875, 86.375, 7.527695351233127e-24, nan 
-16.625, 86.375, 8.718237842569875e-24, nan 
-16.375, 86.375, 8.541999607773675e-24, nan 
-16.125, 86.375, 1.0077435038518185e-23, nan 
-15.875, 86.375, 1.163441465770249e-23, nan 
-15.625, 86.375, 1.2687132415847287e-23, nan 
-15.375, 86.375, 1.3231489732284046e-23, nan 
-15.125, 86.375, 1.550707183115009e-23, nan 
-14.875, 86.375, 1.6684196858739137e-23, nan 
-14.625, 86.375, 1.770976078993304e-23, nan 
-14.375, 86.375, 1.7588230683764944e-23, nan 
-14.125, 86.375, 1.6659026341886626e-23, nan 
-13.875, 86.375, 1.6341085422576716e-23, nan 
-13.625, 86.375, 1.5792866294778584e-23, nan 
-13.375, 86.375, 1.5459052433833406e-23, nan 
-13.125, 86.375, 1.6350248201636824e-23, nan 
-12.875, 86.375, 1.593843993631996e-23, nan 
-12.625, 86.375, 1.662392418593879e-23, nan 
-12.375, 86.375, 1.7173503769789613e-23, nan 
-12.125, 86.375, 1.769962348923897e-23, nan 
-11.875, 86.375, 1.6956733554085473e-23, nan 
-11.625, 86.375, 1.7260347244729756e-23, nan 
-11.375, 86.375, 1.771784361171504e-23, nan 
-11.125, 86.375, 1.774016716237264e-23, nan 
-10.875, 86.375, 1.584417220476131e-23, nan 
-10.625, 86.375, 1.507628708727106e-23, nan 
-10.375, 86.375, 1.4061064530003782e-23, nan 
-10.125, 86.375, 1.4540628561557615e-23, nan 
-9.875, 86.375, 1.3352003572934356e-23, nan 
-9.625, 86.375, 1.353389984038742e-23, nan 
-9.375, 86.375, 1.2274627108617548e-23, nan 
-9.125, 86.375, 1.2625610083388163e-23, nan 
-8.875, 86.375, 1.2305588344806405e-23, nan 
-8.625, 86.375, 1.1851880851165921e-23, nan 
-8.375, 86.375, 1.1571025822759472e-23, nan 
-8.125, 86.375, 1.1155233807696225e-23, nan 
-7.875, 86.375, 1.1279726436712087e-23, nan 
-7.625, 86.375, 1.1810349850993456e-23, nan 
-7.375, 86.375, 1.2498314512116608e-23, nan 
-7.125, 86.375, 1.1884771562771042e-23, nan 
-6.875, 86.375, 1.1963660004109518e-23, nan 
-6.625, 86.375, 1.1628909354143427e-23, nan 
-6.375, 86.375, 1.2262415837385307e-23, nan 
-6.125, 86.375, 1.1903214665644007e-23, nan 
-5.875, 86.375, 1.2532823687274606e-23, nan 
-5.625, 86.375, 1.193726351043664e-23, nan 
-5.375, 86.375, 1.1869454910887111e-23, nan 
-5.125, 86.375, 1.166412820000309e-23, nan 
-4.875, 86.375, 1.1279564885481112e-23, nan 
-4.625, 86.375, 1.0681831318540452e-23, nan 
-4.375, 86.375, 1.0499559112783897e-23, nan 
-4.125, 86.375, 1.0319295358009898e-23, nan 
-3.875, 86.375, 9.945455088028096e-24, nan 
-3.625, 86.375, 9.711248568391132e-24, nan 
-3.375, 86.375, 9.532036461733045e-24, nan 
-3.125, 86.375, 9.521349701394677e-24, nan 
-2.875, 86.375, 9.384696807901095e-24, nan 
-2.625, 86.375, 9.34715202373229e-24, nan 
-2.375, 86.375, 9.285193095314657e-24, nan 
-2.125, 86.375, 9.266642993813958e-24, nan 
-1.875, 86.375, 9.311205457862744e-24, nan 
-1.625, 86.375, 9.220058625652852e-24, nan 
-1.375, 86.375, 9.193368798030395e-24, nan 
-1.125, 86.375, 9.20486349663675e-24, nan 
-0.875, 86.375, 9.340105404883666e-24, nan 
-0.625, 86.375, 9.222541069674453e-24, nan 
-0.375, 86.375, 9.05238675695943e-24, nan 
-0.125, 86.375, 8.288762235352872e-24, nan 
0.125, 86.375, 7.705130052444964e-24, nan 
0.375, 86.375, 6.673065365890166e-24, nan 
0.625, 86.375, 5.78612225797834e-24, nan 
0.875, 86.375, 4.321305266270064e-24, nan 
1.125, 86.375, 3.841112440819055e-24, nan 
1.375, 86.375, 3.3003851407812942e-24, nan 
1.625, 86.375, 2.878198768875306e-24, nan 
1.875, 86.375, 2.81093246226727e-24, nan 
2.125, 86.375, 2.640283656907919e-24, nan 
2.375, 86.375, 2.2486174365381847e-24, nan 
2.625, 86.375, 2.0958083931304662e-24, nan 
2.875, 86.375, 2.017968835774228e-24, nan 
3.125, 86.375, 1.9574863790269167e-24, nan 
3.375, 86.375, 1.828451042007075e-24, nan 
3.625, 86.375, 1.690471956546992e-24, nan 
3.875, 86.375, 1.6141652590634303e-24, nan 
4.125, 86.375, 1.4285627176941905e-24, nan 
4.375, 86.375, 1.3640554645484419e-24, nan 
4.625, 86.375, 1.2610080122158719e-24, nan 
4.875, 86.375, 1.0747033442303185e-24, nan 
5.125, 86.375, 1.0230389800050555e-24, nan 
5.375, 86.375, 1.024927601481002e-24, nan 
5.625, 86.375, 9.954799461907135e-25, nan 
5.875, 86.375, 1.0516762526452839e-24, nan 
6.125, 86.375, 1.1055502147374931e-24, nan 
6.375, 86.375, 1.1509773070753262e-24, nan 
6.625, 86.375, 1.0982471761917412e-24, nan 
6.875, 86.375, 1.005228985735271e-24, nan 
7.125, 86.375, 8.139343087396252e-25, nan 
7.375, 86.375, 6.999389321758825e-25, nan 
7.625, 86.375, 6.809463923948803e-25, nan 
7.875, 86.375, 6.27656070050462e-25, nan 
8.125, 86.375, 5.262311919486597e-25, nan 
8.375, 86.375, 5.406311482636088e-25, nan 
8.625, 86.375, 5.650594811077659e-25, nan 
8.875, 86.375, 5.360201406427665e-25, nan 
9.125, 86.375, 6.640593757617875e-25, nan 
9.375, 86.375, 8.407382290689709e-25, nan 
9.625, 86.375, 1.0654244799236123e-24, nan 
9.875, 86.375, 1.0847590647430903e-24, nan 
10.125, 86.375, 1.0698149563102684e-24, nan 
10.375, 86.375, 1.7296981131170704e-24, nan 
10.625, 86.375, 2.0165938699343206e-24, nan 
10.875, 86.375, 2.6755050450946975e-24, nan 
11.125, 86.375, 2.8414517920868595e-24, nan 
11.375, 86.375, 3.141825911405051e-24, nan 
11.625, 86.375, 3.381961119632377e-24, nan 
11.875, 86.375, 3.5851726006338355e-24, nan 
12.125, 86.375, 3.698342931916499e-24, nan 
12.375, 86.375, 3.6707692435739755e-24, nan 
12.625, 86.375, 3.8581928069249865e-24, nan 
12.875, 86.375, 4.3943644902243516e-24, nan 
13.125, 86.375, 4.9102916317561636e-24, nan 
13.375, 86.375, 5.4089533806370664e-24, nan 
13.625, 86.375, 5.549098353831122e-24, nan 
13.875, 86.375, 5.27868172174486e-24, nan 
14.125, 86.375, 5.1982135039549955e-24, nan 
14.375, 86.375, 5.235689019033594e-24, nan 
14.625, 86.375, 5.247162177958004e-24, nan 
14.875, 86.375, 5.2960939091439355e-24, nan 
15.125, 86.375, 5.474705229252499e-24, nan 
15.375, 86.375, 5.505503869561208e-24, nan 
15.625, 86.375, 5.500591200318324e-24, nan 
15.875, 86.375, 5.609530532891639e-24, nan 
16.125, 86.375, 5.591990264923839e-24, nan 
16.375, 86.375, 5.694645582280591e-24, nan 
16.625, 86.375, 5.8176961360534235e-24, nan 
16.875, 86.375, 6.134559100705995e-24, nan 
17.125, 86.375, 6.18926016154824e-24, nan 
17.375, 86.375, 6.447419843816307e-24, nan 
17.625, 86.375, 6.772429309853319e-24, nan 
17.875, 86.375, 7.285665795937263e-24, nan 
18.125, 86.375, 7.583584390685079e-24, nan 
18.375, 86.375, 7.333702041471575e-24, nan 
18.625, 86.375, 7.269101985730738e-24, nan 
18.875, 86.375, 7.206901236623146e-24, nan 
19.125, 86.375, 7.15102568223776e-24, nan 
19.375, 86.375, 7.254691088888488e-24, nan 
19.625, 86.375, 6.33850924583677e-24, nan 
19.875, 86.375, 5.84490897863287e-24, nan 
20.125, 86.375, 5.561103625563828e-24, nan 
20.375, 86.375, 5.406458128806813e-24, nan 
20.625, 86.375, 5.4247084729711554e-24, nan 
20.875, 86.375, 5.4524708852843695e-24, nan 
21.125, 86.375, 5.528063849832674e-24, nan 
21.375, 86.375, 5.656979149180222e-24, nan 
21.625, 86.375, 5.914698994888406e-24, nan 
21.875, 86.375, 6.0818828723293845e-24, nan 
22.125, 86.375, 5.927339067539027e-24, nan 
22.375, 86.375, 5.92281064694939e-24, nan 
22.625, 86.375, 5.9180422640323265e-24, nan 
22.875, 86.375, 5.8372559853760015e-24, nan 
23.125, 86.375, 5.9274086994569374e-24, nan 
23.375, 86.375, 5.409202603209029e-24, nan 
23.625, 86.375, 5.075168840625892e-24, nan 
23.875, 86.375, 4.8406658737948144e-24, nan 
24.125, 86.375, 4.7119359963227066e-24, nan 
24.375, 86.375, 4.629627709943462e-24, nan 
24.625, 86.375, 4.730062207929279e-24, nan 
24.875, 86.375, 4.7398629264090096e-24, nan 
25.125, 86.375, 4.61205690039256e-24, nan 
25.375, 86.375, 4.5070683428450724e-24, nan 
25.625, 86.375, 4.480557514573793e-24, nan 
25.875, 86.375, 4.43472731472616e-24, nan 
26.125, 86.375, 4.346584391507739e-24, nan 
26.375, 86.375, 4.2903055988307055e-24, nan 
26.625, 86.375, 4.278768633832113e-24, nan 
26.875, 86.375, 4.247481500305092e-24, nan 
27.125, 86.375, 4.2631910911526704e-24, nan 
27.375, 86.375, 4.265730313705337e-24, nan 
27.625, 86.375, 4.294232709745565e-24, nan 
27.875, 86.375, 4.137066962405712e-24, nan 
28.125, 86.375, 4.121475502057941e-24, nan 
28.375, 86.375, 4.0320830717903315e-24, nan 
28.625, 86.375, 3.697212814279904e-24, nan 
28.875, 86.375, 2.837268986557008e-24, nan 
29.125, 86.375, 2.2420081792620204e-24, nan 
29.375, 86.375, 2.116294680166133e-24, nan 
29.625, 86.375, 2.096076896853538e-24, nan 
29.875, 86.375, 1.8796388344575643e-24, nan 
30.125, 86.375, 1.788303382734524e-24, nan 
30.375, 86.375, 1.671167923949249e-24, nan 
30.625, 86.375, 1.6310778634640765e-24, nan 
30.875, 86.375, 1.4554259892202608e-24, nan 
31.125, 86.375, 1.3250708541395684e-24, nan 
31.375, 86.375, 1.1025386169667527e-24, nan 
31.625, 86.375, 9.586973982139444e-25, nan 
31.875, 86.375, 8.233420900089582e-25, nan 
32.125, 86.375, 7.379692871596744e-25, nan 
32.375, 86.375, 7.082747147342793e-25, nan 
32.625, 86.375, 6.926641963054915e-25, nan 
32.875, 86.375, 7.139581990072263e-25, nan 
33.125, 86.375, 7.877487265014055e-25, nan 
33.375, 86.375, 8.201901265601441e-25, nan 
33.625, 86.375, 8.14611658037207e-25, nan 
33.875, 86.375, 1.059836162311398e-24, nan 
34.125, 86.375, 1.579962739211365e-24, nan 
34.375, 86.375, 2.5118284659511248e-24, nan 
34.625, 86.375, 2.5245541753933815e-24, nan 
34.875, 86.375, 2.5275776187832454e-24, nan 
35.125, 86.375, 2.3794515557734824e-24, nan 
35.375, 86.375, 2.575425822350873e-24, nan 
35.625, 86.375, 2.5418880046597043e-24, nan 
35.875, 86.375, 2.780197509860036e-24, nan 
36.125, 86.375, 2.9177688693691225e-24, nan 
36.375, 86.375, 2.9868404039994767e-24, nan 
36.625, 86.375, 3.173243044148848e-24, nan 
36.875, 86.375, 3.2874966121138835e-24, nan 
37.125, 86.375, 3.3258096506422565e-24, nan 
37.375, 86.375, 3.165180731149823e-24, nan 
37.625, 86.375, 3.7435229119719034e-24, nan 
37.875, 86.375, 4.696577185331068e-24, nan 
38.125, 86.375, 6.1971177633115696e-24, nan 
38.375, 86.375, 6.008129886334557e-24, nan 
38.625, 86.375, 5.651651125323862e-24, nan 
38.875, 86.375, 4.827384360437206e-24, nan 
39.125, 86.375, 5.362449462091275e-24, nan 
39.375, 86.375, 5.1236732035309075e-24, nan 
39.625, 86.375, 5.468971373171339e-24, nan 
39.875, 86.375, 5.799987575201469e-24, nan 
40.125, 86.375, 5.899566391488202e-24, nan 
40.375, 86.375, 6.047233775527699e-24, nan 
40.625, 86.375, 6.2714589009517364e-24, nan 
40.875, 86.375, 6.220364380091645e-24, nan 
41.125, 86.375, 4.6983679368092226e-24, nan 
41.375, 86.375, 3.688148745309457e-24, nan 
41.625, 86.375, 3.83842833639231e-24, nan 
41.875, 86.375, 4.396843008668323e-24, nan 
42.125, 86.375, 4.4229375677800614e-24, nan 
42.375, 86.375, 4.335384137366642e-24, nan 
42.625, 86.375, 4.114649785578714e-24, nan 
42.875, 86.375, 4.429791136271209e-24, nan 
43.125, 86.375, 4.482623923900002e-24, nan 
43.375, 86.375, 4.7776045288302626e-24, nan 
43.625, 86.375, 4.9903570504960305e-24, nan 
43.875, 86.375, 5.085463139905003e-24, nan 
44.125, 86.375, 5.2623828758847555e-24, nan 
44.375, 86.375, 5.39419338865687e-24, nan 
44.625, 86.375, 5.480065970938585e-24, nan 
44.875, 86.375, 5.036668646595367e-24, nan 
45.125, 86.375, 4.6986811001335604e-24, nan 
45.375, 86.375, 4.59685999727512e-24, nan 
45.625, 86.375, 4.640942196442159e-24, nan 
45.875, 86.375, 4.6768774311811935e-24, nan 
46.125, 86.375, 4.718006580906317e-24, nan 
46.375, 86.375, 4.6634382113188974e-24, nan 
46.625, 86.375, 4.649568273001149e-24, nan 
46.875, 86.375, 4.594186249734461e-24, nan 
47.125, 86.375, 4.680732836938697e-24, nan 
47.375, 86.375, 4.7284426228086194e-24, nan 
47.625, 86.375, 4.7755571427108244e-24, nan 
47.875, 86.375, 4.678015487299546e-24, nan 
48.125, 86.375, 4.0816167393455e-24, nan 
48.375, 86.375, 3.653952506585301e-24, nan 
48.625, 86.375, 3.324353396077001e-24, nan 
48.875, 86.375, 3.047533169939192e-24, nan 
49.125, 86.375, 2.8225880907223986e-24, nan 
49.375, 86.375, 2.4272912573928217e-24, nan 
49.625, 86.375, 2.3819291175855704e-24, nan 
49.875, 86.375, 2.1463202906098213e-24, nan 
50.125, 86.375, 2.237418158011403e-24, nan 
50.375, 86.375, 2.0292424384115884e-24, nan 
50.625, 86.375, 1.8368673971274922e-24, nan 
50.875, 86.375, 1.5901062277982835e-24, nan 
51.125, 86.375, 1.4902631987107427e-24, nan 
51.375, 86.375, 1.270978292053665e-24, nan 
51.625, 86.375, 1.2495125071560893e-24, nan 
51.875, 86.375, 1.309043471106636e-24, nan 
52.125, 86.375, 1.3530004175237874e-24, nan 
52.375, 86.375, 1.3433893432100628e-24, nan 
52.625, 86.375, 1.3653800210816773e-24, nan 
52.875, 86.375, 1.3663651827346311e-24, nan 
53.125, 86.375, 1.4035852686761098e-24, nan 
53.375, 86.375, 1.4207884560966554e-24, nan 
53.625, 86.375, 1.4452281694744912e-24, nan 
53.875, 86.375, 1.4807833090839164e-24, nan 
54.125, 86.375, 1.5519204551008612e-24, nan 
54.375, 86.375, 1.667094912555392e-24, nan 
54.625, 86.375, 1.771426170490274e-24, nan 
54.875, 86.375, 1.854440894504057e-24, nan 
55.125, 86.375, 1.926896235458677e-24, nan 
55.375, 86.375, 2.0434184459998788e-24, nan 
55.625, 86.375, 2.1575789972760064e-24, nan 
55.875, 86.375, 2.240276963981017e-24, nan 
56.125, 86.375, 2.2987837012726595e-24, nan 
56.375, 86.375, 2.3237281838723597e-24, nan 
56.625, 86.375, 2.4177691958492105e-24, nan 
56.875, 86.375, 2.507544160578853e-24, nan 
57.125, 86.375, 2.625063331048958e-24, nan 
57.375, 86.375, 2.6607903525680955e-24, nan 
57.625, 86.375, 2.8218275985935954e-24, nan 
57.875, 86.375, 2.957703895176083e-24, nan 
58.125, 86.375, 3.0751784264507205e-24, nan 
58.375, 86.375, 3.147277797628495e-24, nan 
58.625, 86.375, 3.123516869277551e-24, nan 
58.875, 86.375, 3.0803859349293264e-24, nan 
59.125, 86.375, 3.0545819446517892e-24, nan 
59.375, 86.375, 3.0528553428370208e-24, nan 
59.625, 86.375, 3.027364288082629e-24, nan 
59.875, 86.375, 2.959182574200315e-24, nan 
60.125, 86.375, 2.905716940626008e-24, nan 
60.375, 86.375, 2.909865859623702e-24, nan 
60.625, 86.375, 3.2907290004116066e-24, nan 
60.875, 86.375, 3.412297698543214e-24, nan 
61.125, 86.375, 3.3784889083911356e-24, nan 
61.375, 86.375, 3.334827137389e-24, nan 
61.625, 86.375, 3.185945080859217e-24, nan 
61.875, 86.375, 3.0599482334714502e-24, nan 
62.125, 86.375, 2.977957755336363e-24, nan 
62.375, 86.375, 2.9383114848382088e-24, nan 
62.625, 86.375, 2.8178880407645617e-24, nan 
62.875, 86.375, 2.696659167015194e-24, nan 
63.125, 86.375, 2.5683666064192804e-24, nan 
63.375, 86.375, 2.4902516488513086e-24, nan 
63.625, 86.375, 2.3749907044701476e-24, nan 
63.875, 86.375, 2.3131866452810398e-24, nan 
64.125, 86.375, 2.2506193103002254e-24, nan 
64.375, 86.375, 2.3213234565560993e-24, nan 
64.625, 86.375, 2.3091984104184997e-24, nan 
64.875, 86.375, 2.2353583138027803e-24, nan 
65.125, 86.375, 2.1558452132914738e-24, nan 
65.375, 86.375, 2.0498512911127328e-24, nan 
65.625, 86.375, 1.9017263492379438e-24, nan 
65.875, 86.375, 1.7419661866101466e-24, nan 
66.125, 86.375, 1.6387053319475299e-24, nan 
66.375, 86.375, 1.530208366939058e-24, nan 
66.625, 86.375, 1.4615660129574747e-24, nan 
66.875, 86.375, 1.3729801630329558e-24, nan 
67.125, 86.375, 1.323528654349801e-24, nan 
67.375, 86.375, 1.2772024581555552e-24, nan 
67.625, 86.375, 1.2629197633454287e-24, nan 
67.875, 86.375, 1.2101416264651783e-24, nan 
68.125, 86.375, 1.173549197338514e-24, nan 
68.375, 86.375, 1.1308999410934333e-24, nan 
68.625, 86.375, 1.0779544547512858e-24, nan 
68.875, 86.375, 1.0239929332284347e-24, nan 
69.125, 86.375, 1.0072868435308669e-24, nan 
69.375, 86.375, 9.867674455039097e-25, nan 
69.625, 86.375, 9.723944756357947e-25, nan 
69.875, 86.375, 9.657467271991072e-25, nan 
70.125, 86.375, 9.914649916937056e-25, nan 
70.375, 86.375, 1.02056163918558e-24, nan 
70.625, 86.375, 1.0718642705896372e-24, nan 
70.875, 86.375, 1.1498953805807492e-24, nan 
71.125, 86.375, 1.4447925815303604e-24, nan 
71.375, 86.375, 1.819644828959357e-24, nan 
71.625, 86.375, 2.2006303112171945e-24, nan 
71.875, 86.375, 2.3264728622657155e-24, nan 
72.125, 86.375, 2.394026793095777e-24, nan 
72.375, 86.375, 2.497045209963203e-24, nan 
72.625, 86.375, 2.626079444236326e-24, nan 
72.875, 86.375, 2.693631696545401e-24, nan 
73.125, 86.375, 2.762593137301058e-24, nan 
73.375, 86.375, 2.7448452322610124e-24, nan 
73.625, 86.375, 2.721828895233267e-24, nan 
73.875, 86.375, 2.7557823096178313e-24, nan 
74.125, 86.375, 2.7168260728851326e-24, nan 
74.375, 86.375, 2.6420567529664755e-24, nan 
74.625, 86.375, 2.5250217810978642e-24, nan 
74.875, 86.375, 2.5160605770876422e-24, nan 
75.125, 86.375, 2.5041790204360703e-24, nan 
75.375, 86.375, 2.4541293732804383e-24, nan 
75.625, 86.375, 2.304581486198037e-24, nan 
75.875, 86.375, 2.218721711090047e-24, nan 
76.125, 86.375, 2.1520508674537842e-24, nan 
76.375, 86.375, 2.1065992075280163e-24, nan 
76.625, 86.375, 2.004813470080563e-24, nan 
76.875, 86.375, 2.1878390941261707e-24, nan 
77.125, 86.375, 2.4326197630659798e-24, nan 
77.375, 86.375, 3.374868287233597e-24, nan 
77.625, 86.375, 3.789532056356105e-24, nan 
77.875, 86.375, 4.242982495552018e-24, nan 
78.125, 86.375, 4.640614142754083e-24, nan 
78.375, 86.375, 4.789087676540281e-24, nan 
78.625, 86.375, 4.980047575318006e-24, nan 
78.875, 86.375, 5.0279022804541895e-24, nan 
79.125, 86.375, 5.107719466316139e-24, nan 
79.375, 86.375, 5.1215467083363384e-24, nan 
79.625, 86.375, 5.1634836642382926e-24, nan 
79.875, 86.375, 5.1847615509167294e-24, nan 
80.125, 86.375, 5.120764684240265e-24, nan 
80.375, 86.375, 4.993418000091193e-24, nan 
80.625, 86.375, 4.975324656803586e-24, nan 
80.875, 86.375, 5.015882051752438e-24, nan 
81.125, 86.375, 5.0724074695672655e-24, nan 
81.375, 86.375, 5.5098858636280345e-24, nan 
81.625, 86.375, 5.7329100566857845e-24, nan 
81.875, 86.375, 6.279409601965335e-24, nan 
82.125, 86.375, 6.414505281054402e-24, nan 
82.375, 86.375, 6.399519107971951e-24, nan 
82.625, 86.375, 6.399800753579252e-24, nan 
82.875, 86.375, 6.212240993664276e-24, nan 
83.125, 86.375, 5.9600370949919694e-24, nan 
83.375, 86.375, 5.9131800948117166e-24, nan 
83.625, 86.375, 5.763455178334717e-24, nan 
83.875, 86.375, 5.6157128419732424e-24, nan 
84.125, 86.375, 5.228785315074271e-24, nan 
84.375, 86.375, 4.909301814407112e-24, nan 
84.625, 86.375, 4.6950854500358556e-24, nan 
84.875, 86.375, 4.129450128611482e-24, nan 
85.125, 86.375, 3.798016944978254e-24, nan 
-117.125, 86.625, 2.121554788430224e-24, nan 
-116.875, 86.625, 2.293029474822915e-24, nan 
-116.625, 86.625, 2.3423631269792965e-24, nan 
-116.375, 86.625, 2.446255683759563e-24, nan 
-116.125, 86.625, 2.6335143237508915e-24, nan 
-115.875, 86.625, 3.1987122513487967e-24, nan 
-115.625, 86.625, 3.6105202942074715e-24, nan 
-115.375, 86.625, 3.762118640691205e-24, nan 
-115.125, 86.625, 3.518508652651477e-24, nan 
-114.875, 86.625, 3.191094257540551e-24, nan 
-114.625, 86.625, 2.753134266780736e-24, nan 
-114.375, 86.625, 2.283174020489838e-24, nan 
-114.125, 86.625, 2.152213260435673e-24, nan 
-113.875, 86.625, 2.138146926352431e-24, nan 
-113.625, 86.625, 2.1518451345061356e-24, nan 
-113.375, 86.625, 2.397603347268713e-24, nan 
-113.125, 86.625, 2.0961529449058286e-24, nan 
-112.875, 86.625, 2.300623628082882e-24, nan 
-112.625, 86.625, 3.863869325425718e-24, nan 
-112.375, 86.625, 4.665742200262741e-24, nan 
-112.125, 86.625, 5.586659898268712e-24, nan 
-111.875, 86.625, 6.715603073560692e-24, nan 
-111.625, 86.625, 8.372702156312233e-24, nan 
-111.375, 86.625, 9.60423225273677e-24, nan 
-111.125, 86.625, 1.0321563348245146e-23, nan 
-110.875, 86.625, 1.0302330791835861e-23, nan 
-110.625, 86.625, 9.897398911128243e-24, nan 
-110.375, 86.625, 9.401884146576618e-24, nan 
-110.125, 86.625, 9.456687356600252e-24, nan 
-109.875, 86.625, 9.413346630190514e-24, nan 
-109.625, 86.625, 9.401780831277968e-24, nan 
-109.375, 86.625, 9.586167449416953e-24, nan 
-109.125, 86.625, 9.852689031661086e-24, nan 
-108.875, 86.625, 9.649067139612746e-24, nan 
-108.625, 86.625, 7.721802703579647e-24, nan 
-108.375, 86.625, 7.676165589469035e-24, nan 
-108.125, 86.625, 8.232401006559866e-24, nan 
-107.875, 86.625, 9.12871864740407e-24, nan 
-107.625, 86.625, 9.737859252686535e-24, nan 
-107.375, 86.625, 1.0750767200751612e-23, nan 
-107.125, 86.625, 1.14903834483831e-23, nan 
-106.875, 86.625, 1.1818808197646671e-23, nan 
-106.625, 86.625, 1.0988279036834876e-23, nan 
-106.375, 86.625, 9.922000439032777e-24, nan 
-106.125, 86.625, 9.295077545883443e-24, nan 
-105.875, 86.625, 8.815415920223945e-24, nan 
-105.625, 86.625, 8.593404063835802e-24, nan 
-105.375, 86.625, 8.37236828242921e-24, nan 
-105.125, 86.625, 8.33715137460799e-24, nan 
-104.875, 86.625, 8.318127195146648e-24, nan 
-104.625, 86.625, 8.09380993824511e-24, nan 
-104.375, 86.625, 6.4748405935198424e-24, nan 
-104.125, 86.625, 5.2065956080096914e-24, nan 
-103.875, 86.625, 4.7366064562065396e-24, nan 
-103.625, 86.625, 4.586170206710594e-24, nan 
-103.375, 86.625, 4.538509519988624e-24, nan 
-103.125, 86.625, 4.3837855135617285e-24, nan 
-102.875, 86.625, 4.251488251647545e-24, nan 
-102.625, 86.625, 4.002727551513779e-24, nan 
-102.375, 86.625, 3.972665472844263e-24, nan 
-102.125, 86.625, 3.9110495142630035e-24, nan 
-101.875, 86.625, 3.80685613598306e-24, nan 
-101.625, 86.625, 3.755557289925338e-24, nan 
-101.375, 86.625, 3.767222688612658e-24, nan 
-101.125, 86.625, 3.78733514142715e-24, nan 
-100.875, 86.625, 3.771783815255299e-24, nan 
-100.625, 86.625, 3.864929960675862e-24, nan 
-100.375, 86.625, 3.87475305461115e-24, nan 
-100.125, 86.625, 3.8707804858665865e-24, nan 
-99.875, 86.625, 3.948722480049936e-24, nan 
-99.625, 86.625, 3.974654481182291e-24, nan 
-99.375, 86.625, 4.033067772718254e-24, nan 
-99.125, 86.625, 4.113151960947913e-24, nan 
-98.875, 86.625, 4.245850739259279e-24, nan 
-98.625, 86.625, 4.416042563749219e-24, nan 
-98.375, 86.625, 4.4123256802613416e-24, nan 
-98.125, 86.625, 4.3778568360173614e-24, nan 
-97.875, 86.625, 4.264725648495881e-24, nan 
-97.625, 86.625, 4.1142741999208354e-24, nan 
-97.375, 86.625, 4.058043140294555e-24, nan 
-97.125, 86.625, 3.970460706773568e-24, nan 
-96.875, 86.625, 3.8023095039453085e-24, nan 
-96.625, 86.625, 3.556121737696429e-24, nan 
-96.375, 86.625, 3.441117060639376e-24, nan 
-96.125, 86.625, 3.565826912619018e-24, nan 
-95.875, 86.625, 3.538974578915611e-24, nan 
-95.625, 86.625, 3.4184070094292735e-24, nan 
-95.375, 86.625, 3.1077643279130487e-24, nan 
-95.125, 86.625, 3.1908571437764775e-24, nan 
-94.875, 86.625, 2.9068899435522332e-24, nan 
-94.625, 86.625, 2.8708310087146936e-24, nan 
-94.375, 86.625, 2.707217836510939e-24, nan 
-94.125, 86.625, 2.783717771922052e-24, nan 
-93.875, 86.625, 2.830123516123905e-24, nan 
-93.625, 86.625, 2.9361697205034337e-24, nan 
-93.375, 86.625, 2.841009674713874e-24, nan 
-93.125, 86.625, 2.9544808687144316e-24, nan 
-92.875, 86.625, 3.1011286621511794e-24, nan 
-92.625, 86.625, 3.235484096174083e-24, nan 
-92.375, 86.625, 3.1016680696620008e-24, nan 
-92.125, 86.625, 2.856086213763528e-24, nan 
-91.875, 86.625, 2.655881568086996e-24, nan 
-91.625, 86.625, 2.5343161185289978e-24, nan 
-91.375, 86.625, 2.329928499974113e-24, nan 
-91.125, 86.625, 2.1410785212526923e-24, nan 
-90.875, 86.625, 1.9474571213440585e-24, nan 
-90.625, 86.625, 1.6478972416209463e-24, nan 
-90.375, 86.625, 1.50031593811371e-24, nan 
-90.125, 86.625, 1.5312016297453975e-24, nan 
-89.875, 86.625, 1.870758648415931e-24, nan 
-89.625, 86.625, 2.058187554537871e-24, nan 
-89.375, 86.625, 2.3708418126575738e-24, nan 
-89.125, 86.625, 2.6521376783354185e-24, nan 
-88.875, 86.625, 3.0150830676504224e-24, nan 
-88.625, 86.625, 3.324096581839633e-24, nan 
-88.375, 86.625, 3.339747596205146e-24, nan 
-88.125, 86.625, 3.325553890499404e-24, nan 
-87.875, 86.625, 3.2183198662324694e-24, nan 
-87.625, 86.625, 3.1490321559915642e-24, nan 
-87.375, 86.625, 2.902971165379046e-24, nan 
-87.125, 86.625, 2.7854393757915055e-24, nan 
-86.875, 86.625, 2.7472901743628744e-24, nan 
-86.625, 86.625, 2.769911601028385e-24, nan 
-86.375, 86.625, 2.8226428882524608e-24, nan 
-86.125, 86.625, 2.907844947409818e-24, nan 
-85.875, 86.625, 2.798172859368991e-24, nan 
-85.625, 86.625, 2.7688039566103616e-24, nan 
-85.375, 86.625, 2.846844426918978e-24, nan 
-85.125, 86.625, 2.6507000146185944e-24, nan 
-84.875, 86.625, 2.5783875405012825e-24, nan 
-84.625, 86.625, 2.6626769385684752e-24, nan 
-84.375, 86.625, 2.706532991464129e-24, nan 
-84.125, 86.625, 2.6678092744835607e-24, nan 
-83.875, 86.625, 2.5993134989775817e-24, nan 
-83.625, 86.625, 2.7209330367974015e-24, nan 
-83.375, 86.625, 2.5793244579103245e-24, nan 
-83.125, 86.625, 2.8879837303907785e-24, nan 
-82.875, 86.625, 3.290681754607664e-24, nan 
-82.625, 86.625, 3.3473677473750595e-24, nan 
-82.375, 86.625, 3.17898878787556e-24, nan 
-82.125, 86.625, 4.3562271860437225e-24, nan 
-81.875, 86.625, 5.812672243989684e-24, nan 
-81.625, 86.625, 7.634974953749813e-24, nan 
-81.375, 86.625, 7.886641884046403e-24, nan 
-81.125, 86.625, 8.949519082419752e-24, nan 
-80.875, 86.625, 9.429446887304471e-24, nan 
-80.625, 86.625, 9.136503453852324e-24, nan 
-80.375, 86.625, 9.253099155234236e-24, nan 
-80.125, 86.625, 9.27034231462354e-24, nan 
-79.875, 86.625, 9.190692639627358e-24, nan 
-79.625, 86.625, 9.1449986536902e-24, nan 
-79.375, 86.625, 9.20788940784225e-24, nan 
-79.125, 86.625, 8.954289384468403e-24, nan 
-78.875, 86.625, 8.736546152128061e-24, nan 
-78.625, 86.625, 8.810905736368972e-24, nan 
-78.375, 86.625, 8.868999155765537e-24, nan 
-78.125, 86.625, 8.971793784592032e-24, nan 
-77.875, 86.625, 8.787473937238401e-24, nan 
-77.625, 86.625, 8.547212320537255e-24, nan 
-77.375, 86.625, 8.611799995347536e-24, nan 
-77.125, 86.625, 8.71101202283009e-24, nan 
-76.875, 86.625, 8.93343760494205e-24, nan 
-76.625, 86.625, 9.027918464859008e-24, nan 
-76.375, 86.625, 9.15083009050793e-24, nan 
-76.125, 86.625, 9.140286162186362e-24, nan 
-75.875, 86.625, 9.24583590956756e-24, nan 
-75.625, 86.625, 9.071176161554068e-24, nan 
-75.375, 86.625, 8.648106691443476e-24, nan 
-75.125, 86.625, 8.206363745547289e-24, nan 
-74.875, 86.625, 7.902387136993926e-24, nan 
-74.625, 86.625, 7.689326495055694e-24, nan 
-74.375, 86.625, 7.33255364957357e-24, nan 
-74.125, 86.625, 7.222822706234345e-24, nan 
-73.875, 86.625, 7.342187055909575e-24, nan 
-73.625, 86.625, 7.79984576303918e-24, nan 
-73.375, 86.625, 8.516597677475181e-24, nan 
-73.125, 86.625, 9.197861058135883e-24, nan 
-72.875, 86.625, 9.513743573761901e-24, nan 
-72.625, 86.625, 9.578780264438633e-24, nan 
-72.375, 86.625, 9.585383913591674e-24, nan 
-72.125, 86.625, 1.0155579866390953e-23, nan 
-71.875, 86.625, 1.0212116842936457e-23, nan 
-71.625, 86.625, 1.0592847634345343e-23, nan 
-71.375, 86.625, 1.036568744114063e-23, nan 
-71.125, 86.625, 1.0326585327231259e-23, nan 
-70.875, 86.625, 1.0043982915003149e-23, nan 
-70.625, 86.625, 9.496504846538273e-24, nan 
-70.375, 86.625, 8.855021883499912e-24, nan 
-70.125, 86.625, 8.117247932621659e-24, nan 
-69.875, 86.625, 7.7094774410082e-24, nan 
-69.625, 86.625, 7.123007176800996e-24, nan 
-69.375, 86.625, 6.634199473086243e-24, nan 
-69.125, 86.625, 6.883824455069495e-24, nan 
-68.875, 86.625, 7.617719593501905e-24, nan 
-68.625, 86.625, 8.179223272907291e-24, nan 
-68.375, 86.625, 8.615747193492949e-24, nan 
-68.125, 86.625, 9.337516262208627e-24, nan 
-67.875, 86.625, 1.1361059340787825e-23, nan 
-67.625, 86.625, 1.2046781183625311e-23, nan 
-67.375, 86.625, 1.3408296837097185e-23, nan 
-67.125, 86.625, 1.35018029727706e-23, nan 
-66.875, 86.625, 1.4013671981899e-23, nan 
-66.625, 86.625, 1.44483997468588e-23, nan 
-66.375, 86.625, 1.4356392035679023e-23, nan 
-66.125, 86.625, 1.4333232145023328e-23, nan 
-65.875, 86.625, 1.3919363210186243e-23, nan 
-65.625, 86.625, 1.3835454093531647e-23, nan 
-65.375, 86.625, 1.3460278504023778e-23, nan 
-65.125, 86.625, 1.287525656771777e-23, nan 
-64.875, 86.625, 1.253895019626492e-23, nan 
-64.625, 86.625, 1.2558793343409908e-23, nan 
-64.375, 86.625, 1.2364889545800409e-23, nan 
-64.125, 86.625, 1.1886849502610841e-23, nan 
-63.875, 86.625, 1.0841072422222405e-23, nan 
-63.625, 86.625, 1.0120698262742305e-23, nan 
-63.375, 86.625, 9.447872506233047e-24, nan 
-63.125, 86.625, 9.090957078800345e-24, nan 
-62.875, 86.625, 8.119937557688475e-24, nan 
-62.625, 86.625, 7.67319162254319e-24, nan 
-62.375, 86.625, 7.265307354442424e-24, nan 
-62.125, 86.625, 6.211894705797455e-24, nan 
-61.875, 86.625, 4.883846901259339e-24, nan 
-61.625, 86.625, 4.2456157050555e-24, nan 
-61.375, 86.625, 4.171236693745103e-24, nan 
-61.125, 86.625, 3.1903789507626776e-24, nan 
-60.875, 86.625, 2.8710223720501148e-24, nan 
-60.625, 86.625, 3.0909334557570366e-24, nan 
-60.375, 86.625, 3.6096014506199946e-24, nan 
-60.125, 86.625, 3.597617466737181e-24, nan 
-59.875, 86.625, 3.639443321720333e-24, nan 
-59.625, 86.625, 3.662414305485923e-24, nan 
-59.375, 86.625, 3.837172909768931e-24, nan 
-59.125, 86.625, 4.09745317859639e-24, nan 
-58.875, 86.625, 4.191608614019921e-24, nan 
-58.625, 86.625, 4.6733119373568106e-24, nan 
-58.375, 86.625, 4.797869863589156e-24, nan 
-58.125, 86.625, 4.987527759192744e-24, nan 
-57.875, 86.625, 5.25259883051886e-24, nan 
-57.625, 86.625, 5.3791116577254254e-24, nan 
-57.375, 86.625, 5.573523579167693e-24, nan 
-57.125, 86.625, 5.391852050614328e-24, nan 
-56.875, 86.625, 5.314850153822006e-24, nan 
-56.625, 86.625, 5.3463359281707625e-24, nan 
-56.375, 86.625, 5.4683669702775394e-24, nan 
-56.125, 86.625, 5.647354062488914e-24, nan 
-55.875, 86.625, 5.860100996684997e-24, nan 
-55.625, 86.625, 6.085081071380643e-24, nan 
-55.375, 86.625, 6.3312269741656156e-24, nan 
-55.125, 86.625, 6.770123607037532e-24, nan 
-54.875, 86.625, 7.319942515998349e-24, nan 
-54.625, 86.625, 7.792338401456881e-24, nan 
-54.375, 86.625, 8.352786901817731e-24, nan 
-54.125, 86.625, 9.008628380530665e-24, nan 
-53.875, 86.625, 9.650208139274107e-24, nan 
-53.625, 86.625, 1.0205773510459151e-23, nan 
-53.375, 86.625, 1.0803556277568951e-23, nan 
-53.125, 86.625, 1.113633914340689e-23, nan 
-52.875, 86.625, 1.1225842884449713e-23, nan 
-52.625, 86.625, 1.1222199369921174e-23, nan 
-52.375, 86.625, 1.1476733436361494e-23, nan 
-52.125, 86.625, 1.2072215294181377e-23, nan 
-51.875, 86.625, 1.2935061078129954e-23, nan 
-51.625, 86.625, 1.347898229671635e-23, nan 
-51.375, 86.625, 1.3875727468473223e-23, nan 
-51.125, 86.625, 1.4147826524124216e-23, nan 
-50.875, 86.625, 1.3948750847120514e-23, nan 
-50.625, 86.625, 1.419968700377966e-23, nan 
-50.375, 86.625, 1.5413598218034094e-23, nan 
-50.125, 86.625, 1.7382268919824132e-23, nan 
-49.875, 86.625, 2.1534419439198494e-23, nan 
-49.625, 86.625, 2.4224176683668077e-23, nan 
-49.375, 86.625, 2.3762354762457337e-23, nan 
-49.125, 86.625, 2.2924807972084614e-23, nan 
-48.875, 86.625, 2.3149634482866876e-23, nan 
-48.625, 86.625, 2.31036862791137e-23, nan 
-48.375, 86.625, 2.291413020322256e-23, nan 
-48.125, 86.625, 2.286213369108688e-23, nan 
-47.875, 86.625, 2.2502021390807175e-23, nan 
-47.625, 86.625, 2.2282517302057127e-23, nan 
-47.375, 86.625, 2.2660073470296042e-23, nan 
-47.125, 86.625, 2.2492141506797707e-23, nan 
-46.875, 86.625, 2.1290237075741585e-23, nan 
-46.625, 86.625, 2.0573600676712374e-23, nan 
-46.375, 86.625, 2.0828110240716086e-23, nan 
-46.125, 86.625, 1.851051868296758e-23, nan 
-45.875, 86.625, 1.7490939209900158e-23, nan 
-45.625, 86.625, 2.19083739471358e-23, nan 
-45.375, 86.625, 2.687284732484224e-23, nan 
-45.125, 86.625, 2.6267500280424618e-23, nan 
-44.875, 86.625, 2.5728173290607394e-23, nan 
-44.625, 86.625, 2.60215967063859e-23, nan 
-44.375, 86.625, 2.639317288798027e-23, nan 
-44.125, 86.625, 2.662150403394454e-23, nan 
-43.875, 86.625, 2.674461210882889e-23, nan 
-43.625, 86.625, 2.667381883769035e-23, nan 
-43.375, 86.625, 2.707773196358e-23, nan 
-43.125, 86.625, 2.8077468478044135e-23, nan 
-42.875, 86.625, 2.855444382678347e-23, nan 
-42.625, 86.625, 2.7261803047639627e-23, nan 
-42.375, 86.625, 2.673514783973989e-23, nan 
-42.125, 86.625, 2.763392965855411e-23, nan 
-41.875, 86.625, 2.6244137814377372e-23, nan 
-41.625, 86.625, 2.5225767944667212e-23, nan 
-41.375, 86.625, 2.2977850760895213e-23, nan 
-41.125, 86.625, 2.2694254648590806e-23, nan 
-40.875, 86.625, 2.2217155858394988e-23, nan 
-40.625, 86.625, 2.28244780185505e-23, nan 
-40.375, 86.625, 2.3639390882915907e-23, nan 
-40.125, 86.625, 2.3340771886108105e-23, nan 
-39.875, 86.625, 2.3833062217647086e-23, nan 
-39.625, 86.625, 2.3866971326447698e-23, nan 
-39.375, 86.625, 2.450206384487307e-23, nan 
-39.125, 86.625, 2.3255806529790872e-23, nan 
-38.875, 86.625, 2.247392456633862e-23, nan 
-38.625, 86.625, 2.134827374275754e-23, nan 
-38.375, 86.625, 2.0608546233430695e-23, nan 
-38.125, 86.625, 2.0868746783070132e-23, nan 
-37.875, 86.625, 2.0176774094949882e-23, nan 
-37.625, 86.625, 1.9110416832810458e-23, nan 
-37.375, 86.625, 1.8353124241519018e-23, nan 
-37.125, 86.625, 1.808906114654235e-23, nan 
-36.875, 86.625, 1.7790286794235766e-23, nan 
-36.625, 86.625, 1.7513674432991328e-23, nan 
-36.375, 86.625, 1.7286702283808624e-23, nan 
-36.125, 86.625, 1.7239425729733076e-23, nan 
-35.875, 86.625, 1.716320067115764e-23, nan 
-35.625, 86.625, 1.702380911308433e-23, nan 
-35.375, 86.625, 1.6868726289759476e-23, nan 
-35.125, 86.625, 1.625367615552224e-23, nan 
-34.875, 86.625, 1.593389074237383e-23, nan 
-34.625, 86.625, 1.5361720038622087e-23, nan 
-34.375, 86.625, 1.4939482686756697e-23, nan 
-34.125, 86.625, 1.4329334478442547e-23, nan 
-33.875, 86.625, 1.442910338325182e-23, nan 
-33.625, 86.625, 1.4373250219638043e-23, nan 
-33.375, 86.625, 1.4019488026105738e-23, nan 
-33.125, 86.625, 1.3501852856946787e-23, nan 
-32.875, 86.625, 1.2910902325218195e-23, nan 
-32.625, 86.625, 1.2893724563706835e-23, nan 
-32.375, 86.625, 1.1847537466296855e-23, nan 
-32.125, 86.625, 1.0458903079839319e-23, nan 
-31.875, 86.625, 8.780267887716872e-24, nan 
-31.625, 86.625, 7.372595298433244e-24, nan 
-31.375, 86.625, 6.1281077555518205e-24, nan 
-31.125, 86.625, 5.5237021254191144e-24, nan 
-30.875, 86.625, 5.271656317088956e-24, nan 
-30.625, 86.625, 5.082345466038271e-24, nan 
-30.375, 86.625, 5.4302175410248905e-24, nan 
-30.125, 86.625, 5.308707487393956e-24, nan 
-29.875, 86.625, 4.896740801491884e-24, nan 
-29.625, 86.625, 5.060185159423512e-24, nan 
-29.375, 86.625, 4.96740469850522e-24, nan 
-29.125, 86.625, 4.8421294532843115e-24, nan 
-28.875, 86.625, 4.683070511770605e-24, nan 
-28.625, 86.625, 4.561012866358168e-24, nan 
-28.375, 86.625, 4.472660861862608e-24, nan 
-28.125, 86.625, 4.6199344804599804e-24, nan 
-27.875, 86.625, 4.5670205646131215e-24, nan 
-27.625, 86.625, 4.605327307277056e-24, nan 
-27.375, 86.625, 5.592354343486179e-24, nan 
-27.125, 86.625, 5.8258599582951596e-24, nan 
-26.875, 86.625, 6.594332933061503e-24, nan 
-26.625, 86.625, 6.790811051905346e-24, nan 
-26.375, 86.625, 7.173525491948691e-24, nan 
-26.125, 86.625, 8.339083673362492e-24, nan 
-25.875, 86.625, 8.318587963859495e-24, nan 
-25.625, 86.625, 7.70398456823319e-24, nan 
-25.375, 86.625, 8.086577338901417e-24, nan 
-25.125, 86.625, 8.014896116309505e-24, nan 
-24.875, 86.625, 7.801256590502714e-24, nan 
-24.625, 86.625, 7.707355676801021e-24, nan 
-24.375, 86.625, 7.55949547042172e-24, nan 
-24.125, 86.625, 7.258466372304322e-24, nan 
-23.875, 86.625, 7.446217995864484e-24, nan 
-23.625, 86.625, 7.074458293641163e-24, nan 
-23.375, 86.625, 6.904699880627062e-24, nan 
-23.125, 86.625, 7.039662398510695e-24, nan 
-22.875, 86.625, 7.556896852467586e-24, nan 
-22.625, 86.625, 8.138795483403861e-24, nan 
-22.375, 86.625, 8.937061452052716e-24, nan 
-22.125, 86.625, 9.803301427125385e-24, nan 
-21.875, 86.625, 1.0350282209945917e-23, nan 
-21.625, 86.625, 1.1288990064691071e-23, nan 
-21.375, 86.625, 1.1912514087167526e-23, nan 
-21.125, 86.625, 1.263706834110111e-23, nan 
-20.875, 86.625, 1.313085935749364e-23, nan 
-20.625, 86.625, 1.342705959035745e-23, nan 
-20.375, 86.625, 1.4179422689832435e-23, nan 
-20.125, 86.625, 1.4381221459413698e-23, nan 
-19.875, 86.625, 1.4897578994302947e-23, nan 
-19.625, 86.625, 1.555775964674059e-23, nan 
-19.375, 86.625, 1.624578288808705e-23, nan 
-19.125, 86.625, 1.6988102014934854e-23, nan 
-18.875, 86.625, 1.76589016247376e-23, nan 
-18.625, 86.625, 1.789861701204315e-23, nan 
-18.375, 86.625, 1.7981273193042912e-23, nan 
-18.125, 86.625, 1.7841527921132803e-23, nan 
-17.875, 86.625, 1.7639699819460997e-23, nan 
-17.625, 86.625, 1.7675220988214232e-23, nan 
-17.375, 86.625, 1.7527602202835306e-23, nan 
-17.125, 86.625, 1.7137416086436387e-23, nan 
-16.875, 86.625, 1.6481211663671823e-23, nan 
-16.625, 86.625, 1.592587487553856e-23, nan 
-16.375, 86.625, 1.5095665901008208e-23, nan 
-16.125, 86.625, 1.4637747398646668e-23, nan 
-15.875, 86.625, 1.4085998559928384e-23, nan 
-15.625, 86.625, 1.2885445781475393e-23, nan 
-15.375, 86.625, 1.2845536645412846e-23, nan 
-15.125, 86.625, 1.3839909718463165e-23, nan 
-14.875, 86.625, 1.4735557460008657e-23, nan 
-14.625, 86.625, 1.568491986142282e-23, nan 
-14.375, 86.625, 1.6006074848189453e-23, nan 
-14.125, 86.625, 1.5937052809054308e-23, nan 
-13.875, 86.625, 1.612845561452841e-23, nan 
-13.625, 86.625, 1.5880595041608904e-23, nan 
-13.375, 86.625, 1.5936839227733416e-23, nan 
-13.125, 86.625, 1.6165180019559803e-23, nan 
-12.875, 86.625, 1.609183144550517e-23, nan 
-12.625, 86.625, 1.6072118916616268e-23, nan 
-12.375, 86.625, 1.5973100955915585e-23, nan 
-12.125, 86.625, 1.5680011055887885e-23, nan 
-11.875, 86.625, 1.50325832463135e-23, nan 
-11.625, 86.625, 1.4634650027744014e-23, nan 
-11.375, 86.625, 1.347549031591545e-23, nan 
-11.125, 86.625, 1.2718068086830929e-23, nan 
-10.875, 86.625, 1.107274918201946e-23, nan 
-10.625, 86.625, 1.0258656090207003e-23, nan 
-10.375, 86.625, 9.455540755893577e-24, nan 
-10.125, 86.625, 9.67787737816063e-24, nan 
-9.875, 86.625, 8.770282718574301e-24, nan 
-9.625, 86.625, 8.938140764455249e-24, nan 
-9.375, 86.625, 7.690025159449835e-24, nan 
-9.125, 86.625, 8.12659534923735e-24, nan 
-8.875, 86.625, 7.648786130894513e-24, nan 
-8.625, 86.625, 6.94701560011668e-24, nan 
-8.375, 86.625, 5.944287248532355e-24, nan 
-8.125, 86.625, 5.5870828320437585e-24, nan 
-7.875, 86.625, 4.871219372785026e-24, nan 
-7.625, 86.625, 3.891200448319665e-24, nan 
-7.375, 86.625, 3.328550289226862e-24, nan 
-7.125, 86.625, 2.9873955694321448e-24, nan 
-6.875, 86.625, 2.8464671884565115e-24, nan 
-6.625, 86.625, 2.7828727402390478e-24, nan 
-6.375, 86.625, 2.672570886895733e-24, nan 
-6.125, 86.625, 2.4098797760227447e-24, nan 
-5.875, 86.625, 2.3903950083794918e-24, nan 
-5.625, 86.625, 2.3718253047495774e-24, nan 
-5.375, 86.625, 2.3670958851023953e-24, nan 
-5.125, 86.625, 2.4024233551346227e-24, nan 
-4.875, 86.625, 2.4537792061973385e-24, nan 
-4.625, 86.625, 2.3927271050232058e-24, nan 
-4.375, 86.625, 2.368853350145061e-24, nan 
-4.125, 86.625, 2.2257221370607183e-24, nan 
-3.875, 86.625, 2.1336653322753265e-24, nan 
-3.625, 86.625, 1.9884343400374767e-24, nan 
-3.375, 86.625, 1.8962186625999283e-24, nan 
-3.125, 86.625, 1.913962959545138e-24, nan 
-2.875, 86.625, 2.001866982980324e-24, nan 
-2.625, 86.625, 2.193385406690201e-24, nan 
-2.375, 86.625, 2.4601878443270133e-24, nan 
-2.125, 86.625, 2.6966291668737596e-24, nan 
-1.875, 86.625, 2.7495762074958614e-24, nan 
-1.625, 86.625, 2.973827081441875e-24, nan 
-1.375, 86.625, 3.0191165461569766e-24, nan 
-1.125, 86.625, 3.2196537731541998e-24, nan 
-0.875, 86.625, 3.475246555106215e-24, nan 
-0.625, 86.625, 3.585536511798402e-24, nan 
-0.375, 86.625, 3.646689573503283e-24, nan 
-0.125, 86.625, 3.634913710095301e-24, nan 
0.125, 86.625, 3.5206518228630736e-24, nan 
0.375, 86.625, 3.322809559196565e-24, nan 
0.625, 86.625, 3.1769058884859847e-24, nan 
0.875, 86.625, 2.969454499519459e-24, nan 
1.125, 86.625, 2.6827881801128884e-24, nan 
1.375, 86.625, 2.3960109557933002e-24, nan 
1.625, 86.625, 2.221473143586472e-24, nan 
1.875, 86.625, 1.8756155794776054e-24, nan 
2.125, 86.625, 1.4448850546586167e-24, nan 
2.375, 86.625, 1.2260178522583472e-24, nan 
2.625, 86.625, 1.0154885133987088e-24, nan 
2.875, 86.625, 9.031383275833545e-25, nan 
3.125, 86.625, 8.91503925401756e-25, nan 
3.375, 86.625, 1.1143819765213503e-24, nan 
3.625, 86.625, 1.282093391755096e-24, nan 
3.875, 86.625, 1.6166455359470036e-24, nan 
4.125, 86.625, 2.1284412566228864e-24, nan 
4.375, 86.625, 2.8508433563368126e-24, nan 
4.625, 86.625, 3.2549653008638692e-24, nan 
4.875, 86.625, 3.606716004124419e-24, nan 
5.125, 86.625, 4.01485012240486e-24, nan 
5.375, 86.625, 4.376818685382765e-24, nan 
5.625, 86.625, 4.6556541959593624e-24, nan 
5.875, 86.625, 5.100978564331676e-24, nan 
6.125, 86.625, 5.631900916478734e-24, nan 
6.375, 86.625, 5.983736458871155e-24, nan 
6.625, 86.625, 6.367596854718086e-24, nan 
6.875, 86.625, 6.43343513316587e-24, nan 
7.125, 86.625, 6.397294800898854e-24, nan 
7.375, 86.625, 6.399660659583887e-24, nan 
7.625, 86.625, 6.5517699093845605e-24, nan 
7.875, 86.625, 6.615494175367267e-24, nan 
8.125, 86.625, 6.513167914210466e-24, nan 
8.375, 86.625, 6.4708547679735164e-24, nan 
8.625, 86.625, 6.484933392374996e-24, nan 
8.875, 86.625, 6.5417152056124335e-24, nan 
9.125, 86.625, 6.5341798060097786e-24, nan 
9.375, 86.625, 6.734855881716779e-24, nan 
9.625, 86.625, 6.994365070881572e-24, nan 
9.875, 86.625, 7.130776513302963e-24, nan 
10.125, 86.625, 6.443812754913382e-24, nan 
10.375, 86.625, 5.856121843329045e-24, nan 
10.625, 86.625, 5.797123566167436e-24, nan 
10.875, 86.625, 5.696674196250421e-24, nan 
11.125, 86.625, 5.647006608909182e-24, nan 
11.375, 86.625, 5.6348525660681614e-24, nan 
11.625, 86.625, 5.6896022802511214e-24, nan 
11.875, 86.625, 5.797876448249206e-24, nan 
12.125, 86.625, 5.8435312224762195e-24, nan 
12.375, 86.625, 5.799155650552091e-24, nan 
12.625, 86.625, 5.846031620103429e-24, nan 
12.875, 86.625, 6.0379218607288844e-24, nan 
13.125, 86.625, 6.284374603881217e-24, nan 
13.375, 86.625, 6.466062230459596e-24, nan 
13.625, 86.625, 6.6126866370389754e-24, nan 
13.875, 86.625, 6.619085277704506e-24, nan 
14.125, 86.625, 6.642430547973458e-24, nan 
14.375, 86.625, 6.3151690485755216e-24, nan 
14.625, 86.625, 5.934585649445135e-24, nan 
14.875, 86.625, 5.839153002071429e-24, nan 
15.125, 86.625, 5.684851543483743e-24, nan 
15.375, 86.625, 5.636121203574024e-24, nan 
15.625, 86.625, 5.5650359663919966e-24, nan 
15.875, 86.625, 5.4607626544195156e-24, nan 
16.125, 86.625, 5.315290930192831e-24, nan 
16.375, 86.625, 5.232808717522128e-24, nan 
16.625, 86.625, 5.18442587301204e-24, nan 
16.875, 86.625, 5.201609336451631e-24, nan 
17.125, 86.625, 5.115216926750582e-24, nan 
17.375, 86.625, 5.168522772871187e-24, nan 
17.625, 86.625, 5.344195821045885e-24, nan 
17.875, 86.625, 5.5720018642955544e-24, nan 
18.125, 86.625, 5.695505312238911e-24, nan 
18.375, 86.625, 5.5619252971893835e-24, nan 
18.625, 86.625, 5.461358763995714e-24, nan 
18.875, 86.625, 5.354042128842054e-24, nan 
19.125, 86.625, 5.3302828716700816e-24, nan 
19.375, 86.625, 5.348171516343876e-24, nan 
19.625, 86.625, 4.642329640846166e-24, nan 
19.875, 86.625, 4.199743924916261e-24, nan 
20.125, 86.625, 3.8109716022329355e-24, nan 
20.375, 86.625, 3.411261890851311e-24, nan 
20.625, 86.625, 3.0194994891098527e-24, nan 
20.875, 86.625, 2.9309439175338273e-24, nan 
21.125, 86.625, 2.6653441846085683e-24, nan 
21.375, 86.625, 2.5300008548088432e-24, nan 
21.625, 86.625, 2.309424354105008e-24, nan 
21.875, 86.625, 2.130122456524588e-24, nan 
22.125, 86.625, 2.0801379108161643e-24, nan 
22.375, 86.625, 1.900931220595243e-24, nan 
22.625, 86.625, 1.7360822198847485e-24, nan 
22.875, 86.625, 1.713823413942092e-24, nan 
23.125, 86.625, 1.6261549008177712e-24, nan 
23.375, 86.625, 1.659142077006006e-24, nan 
23.625, 86.625, 1.7590394265398627e-24, nan 
23.875, 86.625, 2.0257723054422345e-24, nan 
24.125, 86.625, 2.310573640303488e-24, nan 
24.375, 86.625, 2.3609844119856754e-24, nan 
24.625, 86.625, 2.1930755878196546e-24, nan 
24.875, 86.625, 2.128551474257597e-24, nan 
25.125, 86.625, 2.1300473960705906e-24, nan 
25.375, 86.625, 2.214554144540075e-24, nan 
25.625, 86.625, 2.226507004904026e-24, nan 
25.875, 86.625, 2.0333260319904528e-24, nan 
26.125, 86.625, 1.855741149529952e-24, nan 
26.375, 86.625, 1.8861346894928197e-24, nan 
26.625, 86.625, 1.862195170061764e-24, nan 
26.875, 86.625, 1.4288526012640953e-24, nan 
27.125, 86.625, 1.1059188139600696e-24, nan 
27.375, 86.625, 1.2405592153195074e-24, nan 
27.625, 86.625, 1.3802683286969802e-24, nan 
27.875, 86.625, 1.5773138641066991e-24, nan 
28.125, 86.625, 1.897493718293233e-24, nan 
28.375, 86.625, 2.1050701218791175e-24, nan 
28.625, 86.625, 2.426261746644812e-24, nan 
28.875, 86.625, 2.7540133476133434e-24, nan 
29.125, 86.625, 3.03562689679687e-24, nan 
29.375, 86.625, 3.3483323348209226e-24, nan 
29.625, 86.625, 3.847089398828618e-24, nan 
29.875, 86.625, 4.058470522540319e-24, nan 
30.125, 86.625, 4.170237121266148e-24, nan 
30.375, 86.625, 4.122175712353696e-24, nan 
30.625, 86.625, 4.4675757270377204e-24, nan 
30.875, 86.625, 4.52383948585268e-24, nan 
31.125, 86.625, 4.44768593042656e-24, nan 
31.375, 86.625, 3.976480990676164e-24, nan 
31.625, 86.625, 3.983196352337532e-24, nan 
31.875, 86.625, 3.831236014536446e-24, nan 
32.125, 86.625, 3.6994236286229096e-24, nan 
32.375, 86.625, 3.7101975502322e-24, nan 
32.625, 86.625, 3.686716188572185e-24, nan 
32.875, 86.625, 3.7497385995539275e-24, nan 
33.125, 86.625, 3.957579509633587e-24, nan 
33.375, 86.625, 4.117331726218598e-24, nan 
33.625, 86.625, 3.935582630912602e-24, nan 
33.875, 86.625, 3.473279976034284e-24, nan 
34.125, 86.625, 3.300719937795702e-24, nan 
34.375, 86.625, 3.04467761206948e-24, nan 
34.625, 86.625, 2.9910247734381187e-24, nan 
34.875, 86.625, 3.1961647092320415e-24, nan 
35.125, 86.625, 3.31100065151919e-24, nan 
35.375, 86.625, 3.337260260073183e-24, nan 
35.625, 86.625, 3.228274118673641e-24, nan 
35.875, 86.625, 3.3724828297097405e-24, nan 
36.125, 86.625, 3.3878169754138385e-24, nan 
36.375, 86.625, 3.424374430836158e-24, nan 
36.625, 86.625, 3.5702664910191894e-24, nan 
36.875, 86.625, 3.644263941356607e-24, nan 
37.125, 86.625, 3.74802082247911e-24, nan 
37.375, 86.625, 3.918197674562593e-24, nan 
37.625, 86.625, 4.195165168765878e-24, nan 
37.875, 86.625, 4.502215183348542e-24, nan 
38.125, 86.625, 4.89362363190845e-24, nan 
38.375, 86.625, 4.7127454443677275e-24, nan 
38.625, 86.625, 4.383757376041654e-24, nan 
38.875, 86.625, 3.903660246843381e-24, nan 
39.125, 86.625, 4.083346702105035e-24, nan 
39.375, 86.625, 3.9219264542623664e-24, nan 
39.625, 86.625, 4.0837262010493345e-24, nan 
39.875, 86.625, 4.2736251212600905e-24, nan 
40.125, 86.625, 4.32883011182328e-24, nan 
40.375, 86.625, 4.400707573375728e-24, nan 
40.625, 86.625, 4.541261528692038e-24, nan 
40.875, 86.625, 4.47955259207974e-24, nan 
41.125, 86.625, 3.6263357774989394e-24, nan 
41.375, 86.625, 2.688876423627876e-24, nan 
41.625, 86.625, 2.4764715188099896e-24, nan 
41.875, 86.625, 2.1998292391697617e-24, nan 
42.125, 86.625, 2.0220650131517326e-24, nan 
42.375, 86.625, 1.9621116441735712e-24, nan 
42.625, 86.625, 1.9019024934999147e-24, nan 
42.875, 86.625, 1.7387302242415034e-24, nan 
43.125, 86.625, 1.6267074953542011e-24, nan 
43.375, 86.625, 1.5535599782329796e-24, nan 
43.625, 86.625, 1.5419205547854827e-24, nan 
43.875, 86.625, 1.5257085049065564e-24, nan 
44.125, 86.625, 1.4825958159252307e-24, nan 
44.375, 86.625, 1.4392316416748045e-24, nan 
44.625, 86.625, 1.3591940406708716e-24, nan 
44.875, 86.625, 1.2829682626706213e-24, nan 
45.125, 86.625, 1.1996039022366378e-24, nan 
45.375, 86.625, 1.1918192813053716e-24, nan 
45.625, 86.625, 1.1432474408894633e-24, nan 
45.875, 86.625, 1.0854333779851542e-24, nan 
46.125, 86.625, 1.1157116433756065e-24, nan 
46.375, 86.625, 1.1053569391337286e-24, nan 
46.625, 86.625, 1.0731538996594829e-24, nan 
46.875, 86.625, 1.0844840851537698e-24, nan 
47.125, 86.625, 1.0638927641270944e-24, nan 
47.375, 86.625, 1.03355078310684e-24, nan 
47.625, 86.625, 1.0190904982200941e-24, nan 
47.875, 86.625, 9.886517030075634e-25, nan 
48.125, 86.625, 9.57374763156965e-25, nan 
48.375, 86.625, 9.454811670826159e-25, nan 
48.625, 86.625, 9.165972178931382e-25, nan 
48.875, 86.625, 8.763894005076492e-25, nan 
49.125, 86.625, 8.55483808803073e-25, nan 
49.375, 86.625, 8.533382173538457e-25, nan 
49.625, 86.625, 8.557819996610885e-25, nan 
49.875, 86.625, 8.897491737044387e-25, nan 
50.125, 86.625, 9.345609180281415e-25, nan 
50.375, 86.625, 9.895742603542213e-25, nan 
50.625, 86.625, 1.047039084239707e-24, nan 
50.875, 86.625, 1.2094254049076108e-24, nan 
51.125, 86.625, 1.4400948820494936e-24, nan 
51.375, 86.625, 1.710731470846478e-24, nan 
51.625, 86.625, 1.882726144688082e-24, nan 
51.875, 86.625, 2.0058336178969745e-24, nan 
52.125, 86.625, 2.125761613675901e-24, nan 
52.375, 86.625, 2.224015094925115e-24, nan 
52.625, 86.625, 2.38797315159679e-24, nan 
52.875, 86.625, 2.516483677826284e-24, nan 
53.125, 86.625, 2.6251264641308457e-24, nan 
53.375, 86.625, 2.8093766635997815e-24, nan 
53.625, 86.625, 2.9745443209291177e-24, nan 
53.875, 86.625, 3.101058175849114e-24, nan 
54.125, 86.625, 3.1670708682885767e-24, nan 
54.375, 86.625, 3.102087333762251e-24, nan 
54.625, 86.625, 3.010232959406521e-24, nan 
54.875, 86.625, 2.7878683074535872e-24, nan 
55.125, 86.625, 2.5943593572235504e-24, nan 
55.375, 86.625, 2.4517380997602098e-24, nan 
55.625, 86.625, 2.3298740532571165e-24, nan 
55.875, 86.625, 2.2214984167962454e-24, nan 
56.125, 86.625, 2.1216238099865757e-24, nan 
56.375, 86.625, 2.0063355450995653e-24, nan 
56.625, 86.625, 1.8062951128892192e-24, nan 
56.875, 86.625, 1.6388406042821867e-24, nan 
57.125, 86.625, 1.5796041221729897e-24, nan 
57.375, 86.625, 1.6688859105059694e-24, nan 
57.625, 86.625, 2.1372538236755457e-24, nan 
57.875, 86.625, 2.6634952838377694e-24, nan 
58.125, 86.625, 3.1222914122918564e-24, nan 
58.375, 86.625, 3.39866856520211e-24, nan 
58.625, 86.625, 3.393864904496295e-24, nan 
58.875, 86.625, 3.2836385248295932e-24, nan 
59.125, 86.625, 3.06331216036281e-24, nan 
59.375, 86.625, 2.8079099247742116e-24, nan 
59.625, 86.625, 2.627280169531329e-24, nan 
59.875, 86.625, 2.4476237621841654e-24, nan 
60.125, 86.625, 2.320511564417666e-24, nan 
60.375, 86.625, 2.1696639336136993e-24, nan 
60.625, 86.625, 2.0042037430228582e-24, nan 
60.875, 86.625, 2.0540239976653725e-24, nan 
61.125, 86.625, 2.0519565042150295e-24, nan 
61.375, 86.625, 2.055114333314161e-24, nan 
61.625, 86.625, 2.0364710082747673e-24, nan 
61.875, 86.625, 2.1249992254028206e-24, nan 
62.125, 86.625, 2.2502294582110472e-24, nan 
62.375, 86.625, 2.3979955333945722e-24, nan 
62.625, 86.625, 2.537841685877231e-24, nan 
62.875, 86.625, 2.580092744066383e-24, nan 
63.125, 86.625, 2.539848846330232e-24, nan 
63.375, 86.625, 2.49087419122098e-24, nan 
63.625, 86.625, 2.426151573078097e-24, nan 
63.875, 86.625, 2.38641424023021e-24, nan 
64.125, 86.625, 2.346546630418928e-24, nan 
64.375, 86.625, 2.2973583960886124e-24, nan 
64.625, 86.625, 2.243883623401913e-24, nan 
64.875, 86.625, 2.1939175884822887e-24, nan 
65.125, 86.625, 2.170143066054126e-24, nan 
65.375, 86.625, 2.1339652153470494e-24, nan 
65.625, 86.625, 2.1025958635955484e-24, nan 
65.875, 86.625, 2.083853426521544e-24, nan 
66.125, 86.625, 2.067021801811004e-24, nan 
66.375, 86.625, 2.1011208631039585e-24, nan 
66.625, 86.625, 2.1448152554523506e-24, nan 
66.875, 86.625, 2.4032770921154736e-24, nan 
67.125, 86.625, 2.716697432287161e-24, nan 
67.375, 86.625, 2.907609997304662e-24, nan 
67.625, 86.625, 2.9041017109165346e-24, nan 
67.875, 86.625, 2.853029931619566e-24, nan 
68.125, 86.625, 2.7501819767082406e-24, nan 
68.375, 86.625, 2.4682617070679126e-24, nan 
68.625, 86.625, 2.4005318262089025e-24, nan 
68.875, 86.625, 2.6883919196913244e-24, nan 
69.125, 86.625, 3.139859973949459e-24, nan 
69.375, 86.625, 3.638326087597688e-24, nan 
69.625, 86.625, 3.9170911950307074e-24, nan 
69.875, 86.625, 4.1029810307358425e-24, nan 
70.125, 86.625, 4.1805163150832674e-24, nan 
70.375, 86.625, 4.3083915557610125e-24, nan 
70.625, 86.625, 4.508470885433998e-24, nan 
70.875, 86.625, 4.660114927905609e-24, nan 
71.125, 86.625, 5.1616752540025134e-24, nan 
71.375, 86.625, 5.786314093223866e-24, nan 
71.625, 86.625, 6.324480023910865e-24, nan 
71.875, 86.625, 6.443650561291674e-24, nan 
72.125, 86.625, 6.389336967238187e-24, nan 
72.375, 86.625, 6.351230337491608e-24, nan 
72.625, 86.625, 6.27649220401645e-24, nan 
72.875, 86.625, 6.238309869872453e-24, nan 
73.125, 86.625, 6.504065253676121e-24, nan 
73.375, 86.625, 6.4525693274247275e-24, nan 
73.625, 86.625, 6.496699204339978e-24, nan 
73.875, 86.625, 6.499632276582654e-24, nan 
74.125, 86.625, 6.4724071845978584e-24, nan 
74.375, 86.625, 6.369892996052775e-24, nan 
74.625, 86.625, 6.227677742972571e-24, nan 
74.875, 86.625, 6.152293192955684e-24, nan 
75.125, 86.625, 6.069936084392397e-24, nan 
75.375, 86.625, 6.0336987488501894e-24, nan 
75.625, 86.625, 5.943234532882178e-24, nan 
75.875, 86.625, 5.939464516283943e-24, nan 
76.125, 86.625, 5.9079744998876655e-24, nan 
76.375, 86.625, 5.872961369706574e-24, nan 
76.625, 86.625, 5.266265628728344e-24, nan 
76.875, 86.625, 4.5783217957480255e-24, nan 
77.125, 86.625, 4.2353724811178324e-24, nan 
77.375, 86.625, 4.138748324279899e-24, nan 
77.625, 86.625, 4.3317497797765416e-24, nan 
77.875, 86.625, 4.73811589198077e-24, nan 
78.125, 86.625, 5.156702507597368e-24, nan 
78.375, 86.625, 5.353441217951305e-24, nan 
78.625, 86.625, 5.540657954147438e-24, nan 
78.875, 86.625, 5.562913649066885e-24, nan 
79.125, 86.625, 5.698431025444195e-24, nan 
79.375, 86.625, 5.75785162211918e-24, nan 
79.625, 86.625, 5.839228617010487e-24, nan 
79.875, 86.625, 5.889895653652752e-24, nan 
80.125, 86.625, 5.920340372439141e-24, nan 
80.375, 86.625, 5.894132213424859e-24, nan 
80.625, 86.625, 5.908016010882011e-24, nan 
80.875, 86.625, 5.686754517185975e-24, nan 
81.125, 86.625, 5.3625754422333025e-24, nan 
81.375, 86.625, 5.271988755831985e-24, nan 
81.625, 86.625, 4.84474657622774e-24, nan 
81.875, 86.625, 4.853729788525488e-24, nan 
82.125, 86.625, 4.824308690226458e-24, nan 
82.375, 86.625, 4.7877083921206306e-24, nan 
82.625, 86.625, 4.708228779834899e-24, nan 
82.875, 86.625, 4.598395274229196e-24, nan 
83.125, 86.625, 4.425248690259381e-24, nan 
83.375, 86.625, 4.3759879272085176e-24, nan 
83.625, 86.625, 4.292483374234242e-24, nan 
83.875, 86.625, 4.208124334108615e-24, nan 
84.125, 86.625, 4.0076731540162564e-24, nan 
84.375, 86.625, 3.845011507891187e-24, nan 
84.625, 86.625, 3.721175666464867e-24, nan 
84.875, 86.625, 3.2866612545936706e-24, nan 
85.125, 86.625, 2.6442713786231268e-24, nan 
85.375, 86.625, 2.300398878142726e-24, nan 
85.625, 86.625, 1.755752280667034e-24, nan 
85.875, 86.625, 1.6180276362946813e-24, nan 
86.125, 86.625, 1.5590741374486763e-24, nan 
86.375, 86.625, 1.4505857024894533e-24, nan 
-118.625, 86.875, 3.623810988490924e-24, nan 
-118.375, 86.875, 3.7088813909970366e-24, nan 
-118.125, 86.875, 3.7072643273490094e-24, nan 
-117.875, 86.875, 3.519487843688033e-24, nan 
-117.625, 86.875, 3.2161079841631125e-24, nan 
-117.375, 86.875, 2.5211873519572333e-24, nan 
-117.125, 86.875, 1.8052546841996325e-24, nan 
-116.875, 86.875, 1.464613276318122e-24, nan 
-116.625, 86.875, 1.2246253058246141e-24, nan 
-116.375, 86.875, 1.2926177139376099e-24, nan 
-116.125, 86.875, 1.378751267217932e-24, nan 
-115.875, 86.875, 1.5223163882435829e-24, nan 
-115.625, 86.875, 1.7345067953172175e-24, nan 
-115.375, 86.875, 1.960251774740464e-24, nan 
-115.125, 86.875, 2.3767791532872623e-24, nan 
-114.875, 86.875, 3.283837857602981e-24, nan 
-114.625, 86.875, 4.164916283269586e-24, nan 
-114.375, 86.875, 5.316480861421648e-24, nan 
-114.125, 86.875, 6.154319780547429e-24, nan 
-113.875, 86.875, 7.27907336582404e-24, nan 
-113.625, 86.875, 8.221465626795051e-24, nan 
-113.375, 86.875, 8.976630916229004e-24, nan 
-113.125, 86.875, 9.308254996100294e-24, nan 
-112.875, 86.875, 9.352801686658214e-24, nan 
-112.625, 86.875, 9.046583085552004e-24, nan 
-112.375, 86.875, 8.543368386486799e-24, nan 
-112.125, 86.875, 8.283421481967799e-24, nan 
-111.875, 86.875, 8.015234231236702e-24, nan 
-111.625, 86.875, 7.951385817888e-24, nan 
-111.375, 86.875, 8.16596028186163e-24, nan 
-111.125, 86.875, 8.23477280732981e-24, nan 
-110.875, 86.875, 8.18022976538381e-24, nan 
-110.625, 86.875, 8.04747237914022e-24, nan 
-110.375, 86.875, 7.785301441119976e-24, nan 
-110.125, 86.875, 7.6745026432696e-24, nan 
-109.875, 86.875, 7.843629619492361e-24, nan 
-109.625, 86.875, 8.117148342004185e-24, nan 
-109.375, 86.875, 8.385379209184208e-24, nan 
-109.125, 86.875, 8.857596515617326e-24, nan 
-108.875, 86.875, 9.10187812989775e-24, nan 
-108.625, 86.875, 8.342925206423458e-24, nan 
-108.375, 86.875, 7.732858305993051e-24, nan 
-108.125, 86.875, 7.553816831346506e-24, nan 
-107.875, 86.875, 7.295432296804037e-24, nan 
-107.625, 86.875, 6.928716507528893e-24, nan 
-107.375, 86.875, 6.662592045256808e-24, nan 
-107.125, 86.875, 6.276904562483025e-24, nan 
-106.875, 86.875, 5.876772984383939e-24, nan 
-106.625, 86.875, 5.698479696633314e-24, nan 
-106.375, 86.875, 5.420607664139484e-24, nan 
-106.125, 86.875, 5.188888253443808e-24, nan 
-105.875, 86.875, 4.932929648689281e-24, nan 
-105.625, 86.875, 4.608741548953043e-24, nan 
-105.375, 86.875, 3.8106687666483695e-24, nan 
-105.125, 86.875, 3.424493855725593e-24, nan 
-104.875, 86.875, 3.0852580879788707e-24, nan 
-104.625, 86.875, 2.904368060066575e-24, nan 
-104.375, 86.875, 2.6926712983095914e-24, nan 
-104.125, 86.875, 2.600911482563111e-24, nan 
-103.875, 86.875, 2.5507322830583936e-24, nan 
-103.625, 86.875, 2.5092760248816936e-24, nan 
-103.375, 86.875, 2.4932379800637708e-24, nan 
-103.125, 86.875, 2.576270147224177e-24, nan 
-102.875, 86.875, 2.5202057878922296e-24, nan 
-102.625, 86.875, 2.4681709876389573e-24, nan 
-102.375, 86.875, 2.4041275634792032e-24, nan 
-102.125, 86.875, 2.3761234708698555e-24, nan 
-101.875, 86.875, 2.3504504340797208e-24, nan 
-101.625, 86.875, 2.2806968816201863e-24, nan 
-101.375, 86.875, 2.2594854587355584e-24, nan 
-101.125, 86.875, 2.0819783227532152e-24, nan 
-100.875, 86.875, 2.0429595390362407e-24, nan 
-100.625, 86.875, 1.948146273247359e-24, nan 
-100.375, 86.875, 1.8102355879445467e-24, nan 
-100.125, 86.875, 1.7187136831515113e-24, nan 
-99.875, 86.875, 1.5409703326479476e-24, nan 
-99.625, 86.875, 1.4152087336830816e-24, nan 
-99.375, 86.875, 1.2836491003322162e-24, nan 
-99.125, 86.875, 1.2754946615731682e-24, nan 
-98.875, 86.875, 1.3979637959714547e-24, nan 
-98.625, 86.875, 2.0640456196244526e-24, nan 
-98.375, 86.875, 2.5853944409728212e-24, nan 
-98.125, 86.875, 2.932328091288225e-24, nan 
-97.875, 86.875, 3.3530750024385976e-24, nan 
-97.625, 86.875, 3.66641466978209e-24, nan 
-97.375, 86.875, 3.754066539017804e-24, nan 
-97.125, 86.875, 3.691743604996582e-24, nan 
-96.875, 86.875, 3.559258928779669e-24, nan 
-96.625, 86.875, 3.3441873250355986e-24, nan 
-96.375, 86.875, 3.2317651762235228e-24, nan 
-96.125, 86.875, 3.01034162909397e-24, nan 
-95.875, 86.875, 2.8564183015369797e-24, nan 
-95.625, 86.875, 2.718524136107933e-24, nan 
-95.375, 86.875, 2.555532177115023e-24, nan 
-95.125, 86.875, 2.4909239728303874e-24, nan 
-94.875, 86.875, 2.4009274091092057e-24, nan 
-94.625, 86.875, 2.160443093329038e-24, nan 
-94.375, 86.875, 2.0440129844219314e-24, nan 
-94.125, 86.875, 1.9670650565430586e-24, nan 
-93.875, 86.875, 2.648617457591721e-24, nan 
-93.625, 86.875, 3.329929685994179e-24, nan 
-93.375, 86.875, 3.500949288857816e-24, nan 
-93.125, 86.875, 3.80328106687677e-24, nan 
-92.875, 86.875, 4.18100170571081e-24, nan 
-92.625, 86.875, 4.3879473688144106e-24, nan 
-92.375, 86.875, 4.353331032265667e-24, nan 
-92.125, 86.875, 4.07953483321837e-24, nan 
-91.875, 86.875, 3.828516426838854e-24, nan 
-91.625, 86.875, 3.8250285331377945e-24, nan 
-91.375, 86.875, 3.595303707926394e-24, nan 
-91.125, 86.875, 3.468060797165192e-24, nan 
-90.875, 86.875, 3.2798912423483682e-24, nan 
-90.625, 86.875, 2.9055399558072148e-24, nan 
-90.375, 86.875, 2.4579731163469187e-24, nan 
-90.125, 86.875, 2.0033474265081416e-24, nan 
-89.875, 86.875, 1.4586171084226497e-24, nan 
-89.625, 86.875, 1.239301123481396e-24, nan 
-89.375, 86.875, 1.5974267405534846e-24, nan 
-89.125, 86.875, 2.2657366915130475e-24, nan 
-88.875, 86.875, 2.9535219835594776e-24, nan 
-88.625, 86.875, 3.335384655334878e-24, nan 
-88.375, 86.875, 3.597734780411159e-24, nan 
-88.125, 86.875, 3.923872856779812e-24, nan 
-87.875, 86.875, 4.120835621384064e-24, nan 
-87.625, 86.875, 4.283168065667939e-24, nan 
-87.375, 86.875, 4.171441968777515e-24, nan 
-87.125, 86.875, 4.214596993752792e-24, nan 
-86.875, 86.875, 4.407409142580519e-24, nan 
-86.625, 86.875, 4.530410526417491e-24, nan 
-86.375, 86.875, 4.6869124318355284e-24, nan 
-86.125, 86.875, 4.840067590429509e-24, nan 
-85.875, 86.875, 4.843140951141012e-24, nan 
-85.625, 86.875, 4.906172161386229e-24, nan 
-85.375, 86.875, 4.996860486826002e-24, nan 
-85.125, 86.875, 4.910862187597164e-24, nan 
-84.875, 86.875, 4.923231228283129e-24, nan 
-84.625, 86.875, 5.066067504793425e-24, nan 
-84.375, 86.875, 5.2018366014502015e-24, nan 
-84.125, 86.875, 5.296518561339814e-24, nan 
-83.875, 86.875, 5.4257547037670725e-24, nan 
-83.625, 86.875, 5.4864038158938794e-24, nan 
-83.375, 86.875, 5.625835405406863e-24, nan 
-83.125, 86.875, 5.753229980688906e-24, nan 
-82.875, 86.875, 5.957365993051308e-24, nan 
-82.625, 86.875, 6.015217026420451e-24, nan 
-82.375, 86.875, 6.240284931921761e-24, nan 
-82.125, 86.875, 6.3635050902149346e-24, nan 
-81.875, 86.875, 6.538806130115872e-24, nan 
-81.625, 86.875, 6.675606692502335e-24, nan 
-81.375, 86.875, 6.895364929545844e-24, nan 
-81.125, 86.875, 7.092910521204247e-24, nan 
-80.875, 86.875, 7.34161178165957e-24, nan 
-80.625, 86.875, 7.428169493825613e-24, nan 
-80.375, 86.875, 7.294860703884289e-24, nan 
-80.125, 86.875, 7.237876661621724e-24, nan 
-79.875, 86.875, 7.15486107952066e-24, nan 
-79.625, 86.875, 6.953033059324151e-24, nan 
-79.375, 86.875, 6.819160504467092e-24, nan 
-79.125, 86.875, 6.523323387899275e-24, nan 
-78.875, 86.875, 6.350747644708202e-24, nan 
-78.625, 86.875, 6.142903665136794e-24, nan 
-78.375, 86.875, 6.258050284396942e-24, nan 
-78.125, 86.875, 6.316281300624791e-24, nan 
-77.875, 86.875, 6.545322325848432e-24, nan 
-77.625, 86.875, 6.738491411512517e-24, nan 
-77.375, 86.875, 6.95551779245715e-24, nan 
-77.125, 86.875, 7.009334635127937e-24, nan 
-76.875, 86.875, 7.147979772588351e-24, nan 
-76.625, 86.875, 7.414061325235614e-24, nan 
-76.375, 86.875, 7.835135554049375e-24, nan 
-76.125, 86.875, 8.015235274015795e-24, nan 
-75.875, 86.875, 8.11185712952841e-24, nan 
-75.625, 86.875, 8.0858554031548e-24, nan 
-75.375, 86.875, 8.072170739578993e-24, nan 
-75.125, 86.875, 7.678515171102804e-24, nan 
-74.875, 86.875, 6.915440662273174e-24, nan 
-74.625, 86.875, 6.686370664537007e-24, nan 
-74.375, 86.875, 5.891129940036183e-24, nan 
-74.125, 86.875, 5.119123747709345e-24, nan 
-73.875, 86.875, 3.959709310610105e-24, nan 
-73.625, 86.875, 3.575114532897348e-24, nan 
-73.375, 86.875, 3.377036534425378e-24, nan 
-73.125, 86.875, 4.287705965759116e-24, nan 
-72.875, 86.875, 5.359420201456234e-24, nan 
-72.625, 86.875, 6.458793683297222e-24, nan 
-72.375, 86.875, 6.436490399156279e-24, nan 
-72.125, 86.875, 6.287158645359544e-24, nan 
-71.875, 86.875, 6.240179769416924e-24, nan 
-71.625, 86.875, 6.916276418041577e-24, nan 
-71.375, 86.875, 7.477101701499632e-24, nan 
-71.125, 86.875, 8.256239764377312e-24, nan 
-70.875, 86.875, 8.127578626318587e-24, nan 
-70.625, 86.875, 8.34159199520172e-24, nan 
-70.375, 86.875, 8.51983457305292e-24, nan 
-70.125, 86.875, 8.73732470827199e-24, nan 
-69.875, 86.875, 9.593157718511153e-24, nan 
-69.625, 86.875, 1.0027014753622929e-23, nan 
-69.375, 86.875, 9.617921650419694e-24, nan 
-69.125, 86.875, 8.590386164844947e-24, nan 
-68.875, 86.875, 7.870899951421127e-24, nan 
-68.625, 86.875, 7.228468260502863e-24, nan 
-68.375, 86.875, 6.706185752108125e-24, nan 
-68.125, 86.875, 6.962805107700067e-24, nan 
-67.875, 86.875, 8.187633461639223e-24, nan 
-67.625, 86.875, 8.820376249341349e-24, nan 
-67.375, 86.875, 9.795384787114784e-24, nan 
-67.125, 86.875, 1.027265089553563e-23, nan 
-66.875, 86.875, 1.126861494161637e-23, nan 
-66.625, 86.875, 1.2271643983755341e-23, nan 
-66.375, 86.875, 1.2958876671171963e-23, nan 
-66.125, 86.875, 1.3279792504560052e-23, nan 
-65.875, 86.875, 1.4049355229260938e-23, nan 
-65.625, 86.875, 1.499773870241684e-23, nan 
-65.375, 86.875, 1.5548963616168054e-23, nan 
-65.125, 86.875, 1.6072270230372109e-23, nan 
-64.875, 86.875, 1.6012961031385262e-23, nan 
-64.625, 86.875, 1.602477460787877e-23, nan 
-64.375, 86.875, 1.5637246417504989e-23, nan 
-64.125, 86.875, 1.5124185673784993e-23, nan 
-63.875, 86.875, 1.4500514922990767e-23, nan 
-63.625, 86.875, 1.3810653939211283e-23, nan 
-63.375, 86.875, 1.3495202298555086e-23, nan 
-63.125, 86.875, 1.3009082134254935e-23, nan 
-62.875, 86.875, 1.2304160654675212e-23, nan 
-62.625, 86.875, 1.1835130587544243e-23, nan 
-62.375, 86.875, 1.1306189818632703e-23, nan 
-62.125, 86.875, 1.0718988951039414e-23, nan 
-61.875, 86.875, 9.938578681362562e-24, nan 
-61.625, 86.875, 9.770227039043897e-24, nan 
-61.375, 86.875, 9.880468471908405e-24, nan 
-61.125, 86.875, 1.1220551251073517e-23, nan 
-60.875, 86.875, 1.3101765408507524e-23, nan 
-60.625, 86.875, 1.446548981512066e-23, nan 
-60.375, 86.875, 1.5657737869258973e-23, nan 
-60.125, 86.875, 1.55938164373628e-23, nan 
-59.875, 86.875, 1.5756437837461963e-23, nan 
-59.625, 86.875, 1.5678317975093905e-23, nan 
-59.375, 86.875, 1.555248065381267e-23, nan 
-59.125, 86.875, 1.5620221089488694e-23, nan 
-58.875, 86.875, 1.5386132817465906e-23, nan 
-58.625, 86.875, 1.5758912364332904e-23, nan 
-58.375, 86.875, 1.542384121107487e-23, nan 
-58.125, 86.875, 1.5318444878504815e-23, nan 
-57.875, 86.875, 1.5003178434457162e-23, nan 
-57.625, 86.875, 1.440667713170684e-23, nan 
-57.375, 86.875, 1.3741671692992422e-23, nan 
-57.125, 86.875, 1.1593954286012041e-23, nan 
-56.875, 86.875, 9.452791557684133e-24, nan 
-56.625, 86.875, 8.172957902564884e-24, nan 
-56.375, 86.875, 6.037353214724825e-24, nan 
-56.125, 86.875, 4.895832513138621e-24, nan 
-55.875, 86.875, 4.284986846153765e-24, nan 
-55.625, 86.875, 4.2830283774764395e-24, nan 
-55.375, 86.875, 4.20927103632773e-24, nan 
-55.125, 86.875, 4.429523086828371e-24, nan 
-54.875, 86.875, 4.842632360212894e-24, nan 
-54.625, 86.875, 5.170890275585475e-24, nan 
-54.375, 86.875, 5.6101051264519615e-24, nan 
-54.125, 86.875, 5.7612979564593155e-24, nan 
-53.875, 86.875, 6.1966301754323384e-24, nan 
-53.625, 86.875, 6.283415286281735e-24, nan 
-53.375, 86.875, 6.488535355351736e-24, nan 
-53.125, 86.875, 6.4966697261636545e-24, nan 
-52.875, 86.875, 6.3069155415550725e-24, nan 
-52.625, 86.875, 6.4280679077861994e-24, nan 
-52.375, 86.875, 5.896870542340759e-24, nan 
-52.125, 86.875, 5.2818722409289494e-24, nan 
-51.875, 86.875, 4.91468729755343e-24, nan 
-51.625, 86.875, 4.546969816091666e-24, nan 
-51.375, 86.875, 4.31497841516695e-24, nan 
-51.125, 86.875, 4.078435622991862e-24, nan 
-50.875, 86.875, 3.848761915681471e-24, nan 
-50.625, 86.875, 3.757847364069426e-24, nan 
-50.375, 86.875, 3.594823957732858e-24, nan 
-50.125, 86.875, 3.494579839199408e-24, nan 
-49.875, 86.875, 3.380784257678324e-24, nan 
-49.625, 86.875, 3.315791416460336e-24, nan 
-49.375, 86.875, 3.2896609441286133e-24, nan 
-49.125, 86.875, 3.2774432821238217e-24, nan 
-48.875, 86.875, 3.2399750795904113e-24, nan 
-48.625, 86.875, 3.223852867585369e-24, nan 
-48.375, 86.875, 3.1971232949990408e-24, nan 
-48.125, 86.875, 3.1734968587703026e-24, nan 
-47.875, 86.875, 3.0698892795842872e-24, nan 
-47.625, 86.875, 2.9433036140195933e-24, nan 
-47.375, 86.875, 2.8376927337066615e-24, nan 
-47.125, 86.875, 2.764097101611497e-24, nan 
-46.875, 86.875, 2.8488433190482764e-24, nan 
-46.625, 86.875, 2.9870810403050075e-24, nan 
-46.375, 86.875, 3.06002940013174e-24, nan 
-46.125, 86.875, 5.041548242561279e-24, nan 
-45.875, 86.875, 7.407834442298213e-24, nan 
-45.625, 86.875, 1.3635539827902428e-23, nan 
-45.375, 86.875, 1.676692314828317e-23, nan 
-45.125, 86.875, 1.6379944818066852e-23, nan 
-44.875, 86.875, 1.602560069859485e-23, nan 
-44.625, 86.875, 1.611929429297551e-23, nan 
-44.375, 86.875, 1.6363634626167515e-23, nan 
-44.125, 86.875, 1.6431683251230138e-23, nan 
-43.875, 86.875, 1.6499002247440428e-23, nan 
-43.625, 86.875, 1.6478862423800782e-23, nan 
-43.375, 86.875, 1.6905583738540626e-23, nan 
-43.125, 86.875, 1.7569743763013e-23, nan 
-42.875, 86.875, 1.793565089145723e-23, nan 
-42.625, 86.875, 1.7412350418198076e-23, nan 
-42.375, 86.875, 1.7273231662457588e-23, nan 
-42.125, 86.875, 1.787948323856348e-23, nan 
-41.875, 86.875, 1.789344843337983e-23, nan 
-41.625, 86.875, 1.8082922629768608e-23, nan 
-41.375, 86.875, 1.824747592211815e-23, nan 
-41.125, 86.875, 1.8412067118675142e-23, nan 
-40.875, 86.875, 1.8133675915341915e-23, nan 
-40.625, 86.875, 1.847516647782129e-23, nan 
-40.375, 86.875, 1.8961882988360906e-23, nan 
-40.125, 86.875, 1.8837630264238837e-23, nan 
-39.875, 86.875, 1.9159740764813548e-23, nan 
-39.625, 86.875, 1.9183478811059294e-23, nan 
-39.375, 86.875, 1.9500640894573804e-23, nan 
-39.125, 86.875, 1.8834403546158438e-23, nan 
-38.875, 86.875, 1.8410063351181685e-23, nan 
-38.625, 86.875, 1.771698359185653e-23, nan 
-38.375, 86.875, 1.7227948972056128e-23, nan 
-38.125, 86.875, 1.739808008412664e-23, nan 
-37.875, 86.875, 1.6977731413309372e-23, nan 
-37.625, 86.875, 1.630270575298279e-23, nan 
-37.375, 86.875, 1.5777283322679365e-23, nan 
-37.125, 86.875, 1.5686769580665316e-23, nan 
-36.875, 86.875, 1.581046767290771e-23, nan 
-36.625, 86.875, 1.5967352548060988e-23, nan 
-36.375, 86.875, 1.6379409918585688e-23, nan 
-36.125, 86.875, 1.6822529327778107e-23, nan 
-35.875, 86.875, 1.7193739457759266e-23, nan 
-35.625, 86.875, 1.720064800521704e-23, nan 
-35.375, 86.875, 1.7429781413873862e-23, nan 
-35.125, 86.875, 1.7065755038406303e-23, nan 
-34.875, 86.875, 1.70068404592393e-23, nan 
-34.625, 86.875, 1.6932414578712175e-23, nan 
-34.375, 86.875, 1.6910708450684691e-23, nan 
-34.125, 86.875, 1.6613999514383557e-23, nan 
-33.875, 86.875, 1.644870432197534e-23, nan 
-33.625, 86.875, 1.620318700580937e-23, nan 
-33.375, 86.875, 1.584116835821549e-23, nan 
-33.125, 86.875, 1.5431064350442345e-23, nan 
-32.875, 86.875, 1.4958774140463196e-23, nan 
-32.625, 86.875, 1.4678551581868616e-23, nan 
-32.375, 86.875, 1.389368146150386e-23, nan 
-32.125, 86.875, 1.3216642238673961e-23, nan 
-31.875, 86.875, 1.268447563129933e-23, nan 
-31.625, 86.875, 1.2931288707791123e-23, nan 
-31.375, 86.875, 1.3539198897670877e-23, nan 
-31.125, 86.875, 1.4168235486400835e-23, nan 
-30.875, 86.875, 1.4356665961294221e-23, nan 
-30.625, 86.875, 1.5005303148522566e-23, nan 
-30.375, 86.875, 1.5184170281941197e-23, nan 
-30.125, 86.875, 1.527631875163154e-23, nan 
-29.875, 86.875, 1.5789871686184922e-23, nan 
-29.625, 86.875, 1.6155387908682796e-23, nan 
-29.375, 86.875, 1.6194326875001097e-23, nan 
-29.125, 86.875, 1.5759120309874138e-23, nan 
-28.875, 86.875, 1.522822334690785e-23, nan 
-28.625, 86.875, 1.473424480606517e-23, nan 
-28.375, 86.875, 1.4350076683503354e-23, nan 
-28.125, 86.875, 1.3971180008852886e-23, nan 
-27.875, 86.875, 1.345065810115958e-23, nan 
-27.625, 86.875, 1.2788405477162048e-23, nan 
-27.375, 86.875, 1.2286203660849913e-23, nan 
-27.125, 86.875, 1.1718100810510453e-23, nan 
-26.875, 86.875, 1.1116250980186643e-23, nan 
-26.625, 86.875, 1.0930153283045394e-23, nan 
-26.375, 86.875, 1.0987701731860915e-23, nan 
-26.125, 86.875, 1.1059374283851497e-23, nan 
-25.875, 86.875, 1.1025677608965589e-23, nan 
-25.625, 86.875, 1.0826056547257421e-23, nan 
-25.375, 86.875, 1.0749241560000075e-23, nan 
-25.125, 86.875, 1.06140521282745e-23, nan 
-24.875, 86.875, 1.0538073373017883e-23, nan 
-24.625, 86.875, 1.0534780877010954e-23, nan 
-24.375, 86.875, 1.050985764567492e-23, nan 
-24.125, 86.875, 1.0357333240680823e-23, nan 
-23.875, 86.875, 1.0385119475643322e-23, nan 
-23.625, 86.875, 1.0361384693124809e-23, nan 
-23.375, 86.875, 1.0002089545329099e-23, nan 
-23.125, 86.875, 9.863209849563295e-24, nan 
-22.875, 86.875, 9.605467795782862e-24, nan 
-22.625, 86.875, 9.431881352325863e-24, nan 
-22.375, 86.875, 9.548336453537135e-24, nan 
-22.125, 86.875, 9.8386903430795e-24, nan 
-21.875, 86.875, 1.0086903243527898e-23, nan 
-21.625, 86.875, 1.0626168830017872e-23, nan 
-21.375, 86.875, 1.0983638607240962e-23, nan 
-21.125, 86.875, 1.1490202705095688e-23, nan 
-20.875, 86.875, 1.1801508258237412e-23, nan 
-20.625, 86.875, 1.1949311751865969e-23, nan 
-20.375, 86.875, 1.2351541622866617e-23, nan 
-20.125, 86.875, 1.2464521342139041e-23, nan 
-19.875, 86.875, 1.2501869990593749e-23, nan 
-19.625, 86.875, 1.2665145282434042e-23, nan 
-19.375, 86.875, 1.2758876660413808e-23, nan 
-19.125, 86.875, 1.2947789786084236e-23, nan 
-18.875, 86.875, 1.3132574255889035e-23, nan 
-18.625, 86.875, 1.3113253903193399e-23, nan 
-18.375, 86.875, 1.3079218766671165e-23, nan 
-18.125, 86.875, 1.2868565271431188e-23, nan 
-17.875, 86.875, 1.2660456719708698e-23, nan 
-17.625, 86.875, 1.2580546056057507e-23, nan 
-17.375, 86.875, 1.2436048777311537e-23, nan 
-17.125, 86.875, 1.2085548281271001e-23, nan 
-16.875, 86.875, 1.1576269463933173e-23, nan 
-16.625, 86.875, 1.1125830142420876e-23, nan 
-16.375, 86.875, 1.0420970206686193e-23, nan 
-16.125, 86.875, 9.7873033293888e-24, nan 
-15.875, 86.875, 8.960158135283646e-24, nan 
-15.625, 86.875, 6.905532145067232e-24, nan 
-15.375, 86.875, 5.678874343012028e-24, nan 
-15.125, 86.875, 4.487536571347045e-24, nan 
-14.875, 86.875, 3.686618859563602e-24, nan 
-14.625, 86.875, 2.8109712799003378e-24, nan 
-14.375, 86.875, 2.4194846392730193e-24, nan 
-14.125, 86.875, 2.137116645363245e-24, nan 
-13.875, 86.875, 1.9498146505033997e-24, nan 
-13.625, 86.875, 1.8758501589610327e-24, nan 
-13.375, 86.875, 1.7273570515156065e-24, nan 
-13.125, 86.875, 1.5930104656105533e-24, nan 
-12.875, 86.875, 1.6305090525502067e-24, nan 
-12.625, 86.875, 1.8193527202696017e-24, nan 
-12.375, 86.875, 1.9290390078229756e-24, nan 
-12.125, 86.875, 2.0317289410837536e-24, nan 
-11.875, 86.875, 2.1012647834335164e-24, nan 
-11.625, 86.875, 2.1286815876711093e-24, nan 
-11.375, 86.875, 2.0462896256181328e-24, nan 
-11.125, 86.875, 2.0253479685982803e-24, nan 
-10.875, 86.875, 2.000902903319556e-24, nan 
-10.625, 86.875, 1.9616200013626535e-24, nan 
-10.375, 86.875, 1.9505287840092014e-24, nan 
-10.125, 86.875, 2.001696091239884e-24, nan 
-9.875, 86.875, 2.0650671580064535e-24, nan 
-9.625, 86.875, 2.2698303598104083e-24, nan 
-9.375, 86.875, 2.4651374242707548e-24, nan 
-9.125, 86.875, 2.7147857945997063e-24, nan 
-8.875, 86.875, 2.9305337404567006e-24, nan 
-8.625, 86.875, 3.114589818785986e-24, nan 
-8.375, 86.875, 3.2350393293815528e-24, nan 
-8.125, 86.875, 3.374855696236345e-24, nan 
-7.875, 86.875, 3.426740287282567e-24, nan 
-7.625, 86.875, 3.442952206640918e-24, nan 
-7.375, 86.875, 3.50825925011055e-24, nan 
-7.125, 86.875, 3.573718407206446e-24, nan 
-6.875, 86.875, 3.580826506660942e-24, nan 
-6.625, 86.875, 3.5687036652008395e-24, nan 
-6.375, 86.875, 3.386659877898054e-24, nan 
-6.125, 86.875, 3.1166643815762683e-24, nan 
-5.875, 86.875, 2.8391947474635796e-24, nan 
-5.625, 86.875, 2.513946602859636e-24, nan 
-5.375, 86.875, 2.271914867603005e-24, nan 
-5.125, 86.875, 2.072512029208007e-24, nan 
-4.875, 86.875, 1.8341637163113114e-24, nan 
-4.625, 86.875, 1.6472893378503081e-24, nan 
-4.375, 86.875, 1.6205581125074448e-24, nan 
-4.125, 86.875, 1.6139006502167378e-24, nan 
-3.875, 86.875, 1.6852560080520145e-24, nan 
-3.625, 86.875, 1.793017080456973e-24, nan 
-3.375, 86.875, 1.962936561028306e-24, nan 
-3.125, 86.875, 2.1793823864315895e-24, nan 
-2.875, 86.875, 2.4514901715130653e-24, nan 
-2.625, 86.875, 2.864913376146322e-24, nan 
-2.375, 86.875, 3.319789624382627e-24, nan 
-2.125, 86.875, 3.581674261501098e-24, nan 
-1.875, 86.875, 3.6707973446795184e-24, nan 
-1.625, 86.875, 3.6139358548694086e-24, nan 
-1.375, 86.875, 3.6712656872901826e-24, nan 
-1.125, 86.875, 4.3018748176755154e-24, nan 
-0.875, 86.875, 5.2055671478306974e-24, nan 
-0.625, 86.875, 5.4273328649936915e-24, nan 
-0.375, 86.875, 5.575382855794642e-24, nan 
-0.125, 86.875, 5.373826611163028e-24, nan 
0.125, 86.875, 5.051583971543297e-24, nan 
0.375, 86.875, 4.7628797736231675e-24, nan 
0.625, 86.875, 4.333194242198898e-24, nan 
0.875, 86.875, 3.776826239996243e-24, nan 
1.125, 86.875, 3.2441542473565783e-24, nan 
1.375, 86.875, 3.2699765989965302e-24, nan 
1.625, 86.875, 3.614070800129611e-24, nan 
1.875, 86.875, 4.331848368328036e-24, nan 
2.125, 86.875, 5.252576601041595e-24, nan 
2.375, 86.875, 6.058446876453571e-24, nan 
2.625, 86.875, 6.5015852542122116e-24, nan 
2.875, 86.875, 6.807980184899572e-24, nan 
3.125, 86.875, 6.82930206291736e-24, nan 
3.375, 86.875, 6.545144108633518e-24, nan 
3.625, 86.875, 6.2983256167338875e-24, nan 
3.875, 86.875, 6.0032530357124254e-24, nan 
4.125, 86.875, 5.52581249510749e-24, nan 
4.375, 86.875, 5.1057849297300834e-24, nan 
4.625, 86.875, 4.967274298323875e-24, nan 
4.875, 86.875, 4.903640007418661e-24, nan 
5.125, 86.875, 4.9807710168101126e-24, nan 
5.375, 86.875, 5.155323769401024e-24, nan 
5.625, 86.875, 5.3451898799238984e-24, nan 
5.875, 86.875, 5.593780837776985e-24, nan 
6.125, 86.875, 5.8436368548249994e-24, nan 
6.375, 86.875, 6.0551314927293456e-24, nan 
6.625, 86.875, 6.272714724783977e-24, nan 
6.875, 86.875, 6.504261054772698e-24, nan 
7.125, 86.875, 6.630462722663471e-24, nan 
7.375, 86.875, 6.710058590056493e-24, nan 
7.625, 86.875, 6.819867300573981e-24, nan 
7.875, 86.875, 6.822387382136868e-24, nan 
8.125, 86.875, 6.664717078264319e-24, nan 
8.375, 86.875, 6.529894196651316e-24, nan 
8.625, 86.875, 6.351465719435567e-24, nan 
8.875, 86.875, 6.106878184894726e-24, nan 
9.125, 86.875, 5.820085096513338e-24, nan 
9.375, 86.875, 5.75356131717904e-24, nan 
9.625, 86.875, 5.738106400104818e-24, nan 
9.875, 86.875, 5.707594211534704e-24, nan 
10.125, 86.875, 5.121370713795983e-24, nan 
10.375, 86.875, 4.433137763914454e-24, nan 
10.625, 86.875, 4.1621976139850195e-24, nan 
10.875, 86.875, 3.6251991395505936e-24, nan 
11.125, 86.875, 3.40044920401154e-24, nan 
11.375, 86.875, 3.1856356919890794e-24, nan 
11.625, 86.875, 3.0336820111086595e-24, nan 
11.875, 86.875, 2.8363832836092446e-24, nan 
12.125, 86.875, 2.7367781076254265e-24, nan 
12.375, 86.875, 2.719442793733383e-24, nan 
12.625, 86.875, 2.6628213709388944e-24, nan 
12.875, 86.875, 2.5305722150320187e-24, nan 
13.125, 86.875, 2.4264690206689783e-24, nan 
13.375, 86.875, 2.3283894212524926e-24, nan 
13.625, 86.875, 2.2308446437993924e-24, nan 
13.875, 86.875, 2.095161720419362e-24, nan 
14.125, 86.875, 2.074918047506588e-24, nan 
14.375, 86.875, 1.9798445481988196e-24, nan 
14.625, 86.875, 1.8774126786817395e-24, nan 
14.875, 86.875, 1.743519161930351e-24, nan 
15.125, 86.875, 1.674097242037673e-24, nan 
15.375, 86.875, 1.6120776354634254e-24, nan 
15.625, 86.875, 1.5264779081486193e-24, nan 
15.875, 86.875, 1.4388141712275123e-24, nan 
16.125, 86.875, 1.3072430856557448e-24, nan 
16.375, 86.875, 1.2294581199138792e-24, nan 
16.625, 86.875, 1.1964934367161967e-24, nan 
16.875, 86.875, 1.1694527886462876e-24, nan 
17.125, 86.875, 1.1239128493626455e-24, nan 
17.375, 86.875, 1.0320494493319097e-24, nan 
17.625, 86.875, 9.723044182332571e-25, nan 
17.875, 86.875, 8.84510736296401e-25, nan 
18.125, 86.875, 8.29667621620719e-25, nan 
18.375, 86.875, 9.298256027024828e-25, nan 
18.625, 86.875, 1.0912548848695124e-24, nan 
18.875, 86.875, 1.2990148769694596e-24, nan 
19.125, 86.875, 1.715771934368536e-24, nan 
19.375, 86.875, 2.2086907789035135e-24, nan 
19.625, 86.875, 2.4655611141383842e-24, nan 
19.875, 86.875, 2.6653085579509572e-24, nan 
20.125, 86.875, 2.862234826506662e-24, nan 
20.375, 86.875, 2.8268724799635614e-24, nan 
20.625, 86.875, 2.7800659139715827e-24, nan 
20.875, 86.875, 2.716157110548108e-24, nan 
21.125, 86.875, 2.575522751949454e-24, nan 
21.375, 86.875, 2.48331859126776e-24, nan 
21.625, 86.875, 2.3761029531173675e-24, nan 
21.875, 86.875, 2.3759717582025705e-24, nan 
22.125, 86.875, 2.032338294996331e-24, nan 
22.375, 86.875, 1.743191596669508e-24, nan 
22.625, 86.875, 1.5648020177683065e-24, nan 
22.875, 86.875, 1.4762385715263897e-24, nan 
23.125, 86.875, 1.908276190654133e-24, nan 
23.375, 86.875, 2.546324862634303e-24, nan 
23.625, 86.875, 3.1122166333811234e-24, nan 
23.875, 86.875, 3.972483875428665e-24, nan 
24.125, 86.875, 4.844627977409326e-24, nan 
24.375, 86.875, 5.043375191520109e-24, nan 
24.625, 86.875, 4.805149299665084e-24, nan 
24.875, 86.875, 4.64978023129053e-24, nan 
25.125, 86.875, 4.59327862992466e-24, nan 
25.375, 86.875, 4.61451694138676e-24, nan 
25.625, 86.875, 4.704694299951162e-24, nan 
25.875, 86.875, 4.530001432344592e-24, nan 
26.125, 86.875, 4.4616326404932496e-24, nan 
26.375, 86.875, 4.461728090064109e-24, nan 
26.625, 86.875, 4.581829489598964e-24, nan 
26.875, 86.875, 3.5157828412491205e-24, nan 
27.125, 86.875, 2.8112057928050963e-24, nan 
27.375, 86.875, 2.481541861797509e-24, nan 
27.625, 86.875, 2.4057854271905903e-24, nan 
27.875, 86.875, 2.5084837224465295e-24, nan 
28.125, 86.875, 2.735271270974906e-24, nan 
28.375, 86.875, 2.9416595073654926e-24, nan 
28.625, 86.875, 3.348710443150756e-24, nan 
28.875, 86.875, 3.7863141820905895e-24, nan 
29.125, 86.875, 3.970613151970661e-24, nan 
29.375, 86.875, 4.02009826214205e-24, nan 
29.625, 86.875, 4.174338544998488e-24, nan 
29.875, 86.875, 4.227601147010832e-24, nan 
30.125, 86.875, 4.210582437376756e-24, nan 
30.375, 86.875, 4.200344263368582e-24, nan 
30.625, 86.875, 4.2401293863873555e-24, nan 
30.875, 86.875, 4.219752913342429e-24, nan 
31.125, 86.875, 4.207889073353784e-24, nan 
31.375, 86.875, 4.066229606967982e-24, nan 
31.625, 86.875, 3.628840044202901e-24, nan 
31.875, 86.875, 3.2460464337416966e-24, nan 
32.125, 86.875, 2.9928715141043174e-24, nan 
32.375, 86.875, 2.8592992302661185e-24, nan 
32.625, 86.875, 2.7772376163257963e-24, nan 
32.875, 86.875, 2.743087360729511e-24, nan 
33.125, 86.875, 2.8390379007964592e-24, nan 
33.375, 86.875, 2.9092860760278426e-24, nan 
33.625, 86.875, 2.7534527491400673e-24, nan 
33.875, 86.875, 2.38106819233641e-24, nan 
34.125, 86.875, 2.1658731102098148e-24, nan 
34.375, 86.875, 1.6869146797751853e-24, nan 
34.625, 86.875, 1.4287014762405077e-24, nan 
34.875, 86.875, 1.222074519425071e-24, nan 
35.125, 86.875, 1.0999603970530188e-24, nan 
35.375, 86.875, 1.0561108821479866e-24, nan 
35.625, 86.875, 1.002351637297211e-24, nan 
35.875, 86.875, 9.041518962652376e-25, nan 
36.125, 86.875, 8.74777822223708e-25, nan 
36.375, 86.875, 8.556456782964702e-25, nan 
36.625, 86.875, 7.605883947922936e-25, nan 
36.875, 86.875, 7.354750425620615e-25, nan 
37.125, 86.875, 6.909983138789242e-25, nan 
37.375, 86.875, 6.892146536863411e-25, nan 
37.625, 86.875, 7.080175918048847e-25, nan 
37.875, 86.875, 7.208027218602954e-25, nan 
38.125, 86.875, 7.739114833161949e-25, nan 
38.375, 86.875, 8.018071845742755e-25, nan 
38.625, 86.875, 8.290444696652744e-25, nan 
38.875, 86.875, 8.840393165898606e-25, nan 
39.125, 86.875, 9.103635034963725e-25, nan 
39.375, 86.875, 9.339346770157115e-25, nan 
39.625, 86.875, 9.678967413457179e-25, nan 
39.875, 86.875, 9.809153631976973e-25, nan 
40.125, 86.875, 9.845883902653848e-25, nan 
40.375, 86.875, 1.0033560612994483e-24, nan 
40.625, 86.875, 1.008412939805005e-24, nan 
40.875, 86.875, 1.0159192646064647e-24, nan 
41.125, 86.875, 1.0129363090409859e-24, nan 
41.375, 86.875, 9.849404051954598e-25, nan 
41.625, 86.875, 9.707771762860534e-25, nan 
41.875, 86.875, 9.319251722730381e-25, nan 
42.125, 86.875, 9.175560522359254e-25, nan 
42.375, 86.875, 8.84998228490778e-25, nan 
42.625, 86.875, 8.509213681184717e-25, nan 
42.875, 86.875, 8.027957005704408e-25, nan 
43.125, 86.875, 7.741259892093274e-25, nan 
43.375, 86.875, 7.459180365287999e-25, nan 
43.625, 86.875, 7.445968619538617e-25, nan 
43.875, 86.875, 7.496188174136067e-25, nan 
44.125, 86.875, 7.500284321574314e-25, nan 
44.375, 86.875, 7.522215216689776e-25, nan 
44.625, 86.875, 7.628716892761731e-25, nan 
44.875, 86.875, 7.742943420261735e-25, nan 
45.125, 86.875, 7.7734021911007585e-25, nan 
45.375, 86.875, 7.84855433059938e-25, nan 
45.625, 86.875, 8.475471649429333e-25, nan 
45.875, 86.875, 1.0270171818107126e-24, nan 
46.125, 86.875, 1.2569892190450167e-24, nan 
46.375, 86.875, 1.539053114504856e-24, nan 
46.625, 86.875, 1.820065696353766e-24, nan 
46.875, 86.875, 2.056023358187149e-24, nan 
47.125, 86.875, 2.2262544615556445e-24, nan 
47.375, 86.875, 2.3900569377760116e-24, nan 
47.625, 86.875, 2.5345721850092428e-24, nan 
47.875, 86.875, 2.6900984328026173e-24, nan 
48.125, 86.875, 2.8171538619585856e-24, nan 
48.375, 86.875, 2.9180846437261716e-24, nan 
48.625, 86.875, 2.9785497779817837e-24, nan 
48.875, 86.875, 3.0011819386212126e-24, nan 
49.125, 86.875, 2.9877707950124914e-24, nan 
49.375, 86.875, 2.9717338791989414e-24, nan 
49.625, 86.875, 2.9432613551847142e-24, nan 
49.875, 86.875, 2.897661302759908e-24, nan 
50.125, 86.875, 2.8114590910399672e-24, nan 
50.375, 86.875, 2.6608257909733043e-24, nan 
50.625, 86.875, 2.4970097259917568e-24, nan 
50.875, 86.875, 2.262836135924063e-24, nan 
51.125, 86.875, 2.1158863616246213e-24, nan 
51.375, 86.875, 2.1010427993035635e-24, nan 
51.625, 86.875, 2.1800350871186206e-24, nan 
51.875, 86.875, 2.2616758533314795e-24, nan 
52.125, 86.875, 2.3873208238810267e-24, nan 
52.375, 86.875, 2.5416887861244337e-24, nan 
52.625, 86.875, 2.7917677219033122e-24, nan 
52.875, 86.875, 3.0230121004837564e-24, nan 
53.125, 86.875, 3.2442164699034063e-24, nan 
53.375, 86.875, 3.452341638937758e-24, nan 
53.625, 86.875, 3.624907282816032e-24, nan 
53.875, 86.875, 3.77627387294483e-24, nan 
54.125, 86.875, 3.855553517395422e-24, nan 
54.375, 86.875, 3.862939617576771e-24, nan 
54.625, 86.875, 3.894840213753144e-24, nan 
54.875, 86.875, 3.8511080931443805e-24, nan 
55.125, 86.875, 3.795208906060418e-24, nan 
55.375, 86.875, 3.784560269771824e-24, nan 
55.625, 86.875, 3.782486144775039e-24, nan 
55.875, 86.875, 3.761286223119744e-24, nan 
56.125, 86.875, 3.877602463351692e-24, nan 
56.375, 86.875, 3.9084919115462964e-24, nan 
56.625, 86.875, 3.774260129669533e-24, nan 
56.875, 86.875, 3.500367293969824e-24, nan 
57.125, 86.875, 3.2803011142402073e-24, nan 
57.375, 86.875, 3.100543289730043e-24, nan 
57.625, 86.875, 3.0410840974319503e-24, nan 
57.875, 86.875, 3.1440149161325762e-24, nan 
58.125, 86.875, 3.362727029202299e-24, nan 
58.375, 86.875, 3.429247968361495e-24, nan 
58.625, 86.875, 3.4694185623678065e-24, nan 
58.875, 86.875, 3.492657883667729e-24, nan 
59.125, 86.875, 3.503429556542738e-24, nan 
59.375, 86.875, 3.537565928420792e-24, nan 
59.625, 86.875, 3.580621131082904e-24, nan 
59.875, 86.875, 3.6175729808319546e-24, nan 
60.125, 86.875, 3.633396092950961e-24, nan 
60.375, 86.875, 3.6549881983485284e-24, nan 
60.625, 86.875, 3.648135284086362e-24, nan 
60.875, 86.875, 3.682254203422214e-24, nan 
61.125, 86.875, 3.676732719892212e-24, nan 
61.375, 86.875, 3.572635750072024e-24, nan 
61.625, 86.875, 3.40500632782675e-24, nan 
61.875, 86.875, 3.2280624180905734e-24, nan 
62.125, 86.875, 3.03373338711956e-24, nan 
62.375, 86.875, 2.8615893931347625e-24, nan 
62.625, 86.875, 2.6916365222273905e-24, nan 
62.875, 86.875, 2.757005572005308e-24, nan 
63.125, 86.875, 3.251455802238069e-24, nan 
63.375, 86.875, 3.724108227707344e-24, nan 
63.625, 86.875, 4.249337994802346e-24, nan 
63.875, 86.875, 4.655778350845844e-24, nan 
64.125, 86.875, 5.175947973373154e-24, nan 
64.375, 86.875, 5.651201840009456e-24, nan 
64.625, 86.875, 6.111070314055313e-24, nan 
64.875, 86.875, 6.455203002584959e-24, nan 
65.125, 86.875, 6.672428459464814e-24, nan 
65.375, 86.875, 6.770092743988334e-24, nan 
65.625, 86.875, 6.81231499268735e-24, nan 
65.875, 86.875, 6.863326888978106e-24, nan 
66.125, 86.875, 6.888897399853362e-24, nan 
66.375, 86.875, 6.961091595105357e-24, nan 
66.625, 86.875, 7.026263833739318e-24, nan 
66.875, 86.875, 7.100489155873815e-24, nan 
67.125, 86.875, 7.102382403729269e-24, nan 
67.375, 86.875, 6.84370616323913e-24, nan 
67.625, 86.875, 6.610015811055341e-24, nan 
67.875, 86.875, 6.603002109290256e-24, nan 
68.125, 86.875, 6.478991393753894e-24, nan 
68.375, 86.875, 5.707811635383637e-24, nan 
68.625, 86.875, 4.183905088294476e-24, nan 
68.875, 86.875, 3.660790674913467e-24, nan 
69.125, 86.875, 3.777449561878819e-24, nan 
69.375, 86.875, 4.33752120145524e-24, nan 
69.625, 86.875, 4.8046320416760666e-24, nan 
69.875, 86.875, 5.1170734715662366e-24, nan 
70.125, 86.875, 5.260331001674682e-24, nan 
70.375, 86.875, 5.441273382776957e-24, nan 
70.625, 86.875, 5.6684522199443875e-24, nan 
70.875, 86.875, 5.795344118421546e-24, nan 
71.125, 86.875, 6.1053102384437965e-24, nan 
71.375, 86.875, 6.442506055780119e-24, nan 
71.625, 86.875, 6.724588557335678e-24, nan 
71.875, 86.875, 6.772993100037465e-24, nan 
72.125, 86.875, 6.668314378264458e-24, nan 
72.375, 86.875, 6.562429858606914e-24, nan 
72.625, 86.875, 6.4784600027133855e-24, nan 
72.875, 86.875, 6.39627910819863e-24, nan 
73.125, 86.875, 6.050071806648536e-24, nan 
73.375, 86.875, 5.431774474431773e-24, nan 
73.625, 86.875, 5.105536989708418e-24, nan 
73.875, 86.875, 4.859681918072007e-24, nan 
74.125, 86.875, 4.745466825074767e-24, nan 
74.375, 86.875, 4.662195382820518e-24, nan 
74.625, 86.875, 4.600438292185535e-24, nan 
74.875, 86.875, 4.5634793057802564e-24, nan 
75.125, 86.875, 4.5247113219486506e-24, nan 
75.375, 86.875, 4.546268938945774e-24, nan 
75.625, 86.875, 4.5390115860318755e-24, nan 
75.875, 86.875, 4.555224352616302e-24, nan 
76.125, 86.875, 4.560467027095506e-24, nan 
76.375, 86.875, 4.56542262636419e-24, nan 
76.625, 86.875, 4.215825694075007e-24, nan 
76.875, 86.875, 3.725455252676194e-24, nan 
77.125, 86.875, 3.404459442899899e-24, nan 
77.375, 86.875, 2.5222380330687768e-24, nan 
77.625, 86.875, 2.3097826268274168e-24, nan 
77.875, 86.875, 2.1108300106756754e-24, nan 
78.125, 86.875, 2.0253942201112783e-24, nan 
78.375, 86.875, 2.008319786092927e-24, nan 
78.625, 86.875, 2.0530844973764748e-24, nan 
78.875, 86.875, 2.1330389430129455e-24, nan 
79.125, 86.875, 2.1921064452234827e-24, nan 
79.375, 86.875, 2.2072995739478175e-24, nan 
79.625, 86.875, 2.2135785117684273e-24, nan 
79.875, 86.875, 2.2171005499163302e-24, nan 
80.125, 86.875, 2.1815687881510727e-24, nan 
80.375, 86.875, 2.108304874398187e-24, nan 
80.625, 86.875, 2.052171034539571e-24, nan 
80.875, 86.875, 2.006429298183436e-24, nan 
81.125, 86.875, 1.949583351147958e-24, nan 
81.375, 86.875, 1.927118986918245e-24, nan 
81.625, 86.875, 1.9576113043894705e-24, nan 
81.875, 86.875, 1.9732970521741717e-24, nan 
82.125, 86.875, 1.9750575954670723e-24, nan 
82.375, 86.875, 1.9696414436005576e-24, nan 
82.625, 86.875, 1.9736332434329747e-24, nan 
82.875, 86.875, 1.9608602896502477e-24, nan 
83.125, 86.875, 1.9304234298726247e-24, nan 
83.375, 86.875, 1.8814669703474054e-24, nan 
83.625, 86.875, 1.825087182668768e-24, nan 
83.875, 86.875, 1.8150442074990692e-24, nan 
84.125, 86.875, 1.811590195049263e-24, nan 
84.375, 86.875, 1.844731838371978e-24, nan 
84.625, 86.875, 1.8764566262582162e-24, nan 
84.875, 86.875, 1.84338535295856e-24, nan 
85.125, 86.875, 1.738432653286525e-24, nan 
85.375, 86.875, 1.660019068596436e-24, nan 
85.625, 86.875, 1.5312822560370524e-24, nan 
85.875, 86.875, 1.3825516548507365e-24, nan 
86.125, 86.875, 1.2955739898534136e-24, nan 
86.375, 86.875, 1.2999987862877518e-24, nan 
86.625, 86.875, 1.2676907606944904e-24, nan 
86.875, 86.875, 1.265471274647916e-24, nan 
87.125, 86.875, 1.2469711743551087e-24, nan 
87.375, 86.875, 1.1870369033050265e-24, nan 
87.625, 86.875, 1.0808297626305849e-24, nan 
87.875, 86.875, 1.0359696618331603e-24, nan 
-120.125, 87.125, 3.816396253908314e-24, nan 
-119.875, 87.125, 4.5387842381681006e-24, nan 
-119.625, 87.125, 4.744235074495702e-24, nan 
-119.375, 87.125, 4.946954447894841e-24, nan 
-119.125, 87.125, 5.174099823258114e-24, nan 
-118.875, 87.125, 5.4593766149374505e-24, nan 
-118.625, 87.125, 5.8276800950331224e-24, nan 
-118.375, 87.125, 6.160558903656758e-24, nan 
-118.125, 87.125, 6.356083422667669e-24, nan 
-117.875, 87.125, 6.530648753284117e-24, nan 
-117.625, 87.125, 6.767443853740229e-24, nan 
-117.375, 87.125, 7.609950042389313e-24, nan 
-117.125, 87.125, 7.788413793788427e-24, nan 
-116.875, 87.125, 8.141877299682763e-24, nan 
-116.625, 87.125, 8.538811990679134e-24, nan 
-116.375, 87.125, 8.96226668707367e-24, nan 
-116.125, 87.125, 9.371425290428601e-24, nan 
-115.875, 87.125, 9.5971936668126e-24, nan 
-115.625, 87.125, 9.662390904394117e-24, nan 
-115.375, 87.125, 9.577450631456285e-24, nan 
-115.125, 87.125, 9.406224353782327e-24, nan 
-114.875, 87.125, 8.970344082239432e-24, nan 
-114.625, 87.125, 8.633930252334788e-24, nan 
-114.375, 87.125, 7.513795488588584e-24, nan 
-114.125, 87.125, 7.049294689975107e-24, nan 
-113.875, 87.125, 7.151608804646227e-24, nan 
-113.625, 87.125, 7.480441627162252e-24, nan 
-113.375, 87.125, 7.855809925183768e-24, nan 
-113.125, 87.125, 8.220468893738847e-24, nan 
-112.875, 87.125, 8.50936271294215e-24, nan 
-112.625, 87.125, 8.385728246003737e-24, nan 
-112.375, 87.125, 8.007213845080881e-24, nan 
-112.125, 87.125, 7.81108714548825e-24, nan 
-111.875, 87.125, 7.653058376763719e-24, nan 
-111.625, 87.125, 7.55710969618761e-24, nan 
-111.375, 87.125, 7.663872271013006e-24, nan 
-111.125, 87.125, 7.716907714040806e-24, nan 
-110.875, 87.125, 7.704907082119897e-24, nan 
-110.625, 87.125, 7.714090210514813e-24, nan 
-110.375, 87.125, 7.527976552045782e-24, nan 
-110.125, 87.125, 6.897405720160058e-24, nan 
-109.875, 87.125, 6.242700556365422e-24, nan 
-109.625, 87.125, 5.548334376269562e-24, nan 
-109.375, 87.125, 4.9848600264397955e-24, nan 
-109.125, 87.125, 4.4330405241557205e-24, nan 
-108.875, 87.125, 3.948378272820387e-24, nan 
-108.625, 87.125, 3.542732692175085e-24, nan 
-108.375, 87.125, 3.2103615402713612e-24, nan 
-108.125, 87.125, 2.9054869650769724e-24, nan 
-107.875, 87.125, 2.7279209701114483e-24, nan 
-107.625, 87.125, 2.5276766838840095e-24, nan 
-107.375, 87.125, 2.3193397500294085e-24, nan 
-107.125, 87.125, 2.1341136224918637e-24, nan 
-106.875, 87.125, 1.977512485777382e-24, nan 
-106.625, 87.125, 1.843831805928655e-24, nan 
-106.375, 87.125, 1.750909707205552e-24, nan 
-106.125, 87.125, 1.6553162870266526e-24, nan 
-105.875, 87.125, 1.6132021473053416e-24, nan 
-105.625, 87.125, 1.5128701667004884e-24, nan 
-105.375, 87.125, 1.5191888473055233e-24, nan 
-105.125, 87.125, 1.3630174439684864e-24, nan 
-104.875, 87.125, 1.2613202806075487e-24, nan 
-104.625, 87.125, 1.1184243258446228e-24, nan 
-104.375, 87.125, 1.4144386126571631e-24, nan 
-104.125, 87.125, 1.2332998623127286e-24, nan 
-103.875, 87.125, 9.26394431435958e-25, nan 
-103.625, 87.125, 1.1668499804028889e-24, nan 
-103.375, 87.125, 1.4897735532649374e-24, nan 
-103.125, 87.125, 1.845262424869351e-24, nan 
-102.875, 87.125, 2.4411636966486645e-24, nan 
-102.625, 87.125, 2.631372656887159e-24, nan 
-102.375, 87.125, 2.9491805254654063e-24, nan 
-102.125, 87.125, 3.1294450382006754e-24, nan 
-101.875, 87.125, 3.127696181353116e-24, nan 
-101.625, 87.125, 3.11170496000084e-24, nan 
-101.375, 87.125, 2.9905723604369746e-24, nan 
-101.125, 87.125, 3.0605020552348008e-24, nan 
-100.875, 87.125, 3.2059533019041153e-24, nan 
-100.625, 87.125, 3.513386887941691e-24, nan 
-100.375, 87.125, 3.7228380971936434e-24, nan 
-100.125, 87.125, 3.649487016019672e-24, nan 
-99.875, 87.125, 3.457308357366389e-24, nan 
-99.625, 87.125, 3.767781474081302e-24, nan 
-99.375, 87.125, 3.579415536055032e-24, nan 
-99.125, 87.125, 3.913507561685745e-24, nan 
-98.875, 87.125, 4.0804444713125025e-24, nan 
-98.625, 87.125, 4.353024814001271e-24, nan 
-98.375, 87.125, 3.5175340925275064e-24, nan 
-98.125, 87.125, 3.180889971949284e-24, nan 
-97.875, 87.125, 3.679494517378358e-24, nan 
-97.625, 87.125, 3.935320814243411e-24, nan 
-97.375, 87.125, 3.99724486803578e-24, nan 
-97.125, 87.125, 3.95914211654716e-24, nan 
-96.875, 87.125, 3.903900973887386e-24, nan 
-96.625, 87.125, 3.735620157778971e-24, nan 
-96.375, 87.125, 3.75250586129778e-24, nan 
-96.125, 87.125, 3.630932768718148e-24, nan 
-95.875, 87.125, 3.5605449373618e-24, nan 
-95.625, 87.125, 3.5025149359790026e-24, nan 
-95.375, 87.125, 3.4787466962703685e-24, nan 
-95.125, 87.125, 3.584634869349254e-24, nan 
-94.875, 87.125, 3.691916136936966e-24, nan 
-94.625, 87.125, 3.726149580074634e-24, nan 
-94.375, 87.125, 3.825000017391096e-24, nan 
-94.125, 87.125, 3.863963848883263e-24, nan 
-93.875, 87.125, 4.2601146027670674e-24, nan 
-93.625, 87.125, 4.874915498194272e-24, nan 
-93.375, 87.125, 5.2499806377856475e-24, nan 
-93.125, 87.125, 5.350899820637338e-24, nan 
-92.875, 87.125, 5.4300744273131e-24, nan 
-92.625, 87.125, 5.4520579151395246e-24, nan 
-92.375, 87.125, 5.5606710114325214e-24, nan 
-92.125, 87.125, 5.4385728055609334e-24, nan 
-91.875, 87.125, 5.5414116310874206e-24, nan 
-91.625, 87.125, 5.5360798723866516e-24, nan 
-91.375, 87.125, 5.363806347039806e-24, nan 
-91.125, 87.125, 5.107108026619e-24, nan 
-90.875, 87.125, 4.92106658315285e-24, nan 
-90.625, 87.125, 4.7342365928068865e-24, nan 
-90.375, 87.125, 4.7635014963595924e-24, nan 
-90.125, 87.125, 5.032074541794816e-24, nan 
-89.875, 87.125, 5.4342235810347155e-24, nan 
-89.625, 87.125, 5.356125964360157e-24, nan 
-89.375, 87.125, 5.1878621967742876e-24, nan 
-89.125, 87.125, 5.290846990802404e-24, nan 
-88.875, 87.125, 5.430025635787241e-24, nan 
-88.625, 87.125, 5.685462255414769e-24, nan 
-88.375, 87.125, 5.9488320965263976e-24, nan 
-88.125, 87.125, 6.3949890351476026e-24, nan 
-87.875, 87.125, 6.423613245119119e-24, nan 
-87.625, 87.125, 6.5159604157446736e-24, nan 
-87.375, 87.125, 6.563868833687606e-24, nan 
-87.125, 87.125, 6.649410762320861e-24, nan 
-86.875, 87.125, 6.617639108956363e-24, nan 
-86.625, 87.125, 6.4682182249867285e-24, nan 
-86.375, 87.125, 6.237815390906124e-24, nan 
-86.125, 87.125, 5.9929166777462376e-24, nan 
-85.875, 87.125, 5.786468283917675e-24, nan 
-85.625, 87.125, 5.676054581682635e-24, nan 
-85.375, 87.125, 5.5360227451218365e-24, nan 
-85.125, 87.125, 5.440397233294018e-24, nan 
-84.875, 87.125, 5.243796239470182e-24, nan 
-84.625, 87.125, 5.043066981144244e-24, nan 
-84.375, 87.125, 4.9856179845512774e-24, nan 
-84.125, 87.125, 4.8210451579520575e-24, nan 
-83.875, 87.125, 4.829661546232362e-24, nan 
-83.625, 87.125, 4.937841345812444e-24, nan 
-83.375, 87.125, 5.213367334756358e-24, nan 
-83.125, 87.125, 5.444320458335924e-24, nan 
-82.875, 87.125, 5.517945989605449e-24, nan 
-82.625, 87.125, 5.544795640437336e-24, nan 
-82.375, 87.125, 5.820580218860072e-24, nan 
-82.125, 87.125, 5.9417950131152026e-24, nan 
-81.875, 87.125, 5.959415639478128e-24, nan 
-81.625, 87.125, 5.8618570261154244e-24, nan 
-81.375, 87.125, 5.880000849868168e-24, nan 
-81.125, 87.125, 5.863297787219381e-24, nan 
-80.875, 87.125, 6.020944057979361e-24, nan 
-80.625, 87.125, 6.0863547578716246e-24, nan 
-80.375, 87.125, 6.1693415543247746e-24, nan 
-80.125, 87.125, 6.264157890292043e-24, nan 
-79.875, 87.125, 6.1283147465021666e-24, nan 
-79.625, 87.125, 6.117143547979473e-24, nan 
-79.375, 87.125, 5.931435056111586e-24, nan 
-79.125, 87.125, 5.9905460350344844e-24, nan 
-78.875, 87.125, 6.126588969327152e-24, nan 
-78.625, 87.125, 6.4855099994451436e-24, nan 
-78.375, 87.125, 6.64178872020055e-24, nan 
-78.125, 87.125, 6.929372967810758e-24, nan 
-77.875, 87.125, 7.058300524364085e-24, nan 
-77.625, 87.125, 7.471180854128458e-24, nan 
-77.375, 87.125, 7.44391803990762e-24, nan 
-77.125, 87.125, 7.9921721040313e-24, nan 
-76.875, 87.125, 8.18454169568791e-24, nan 
-76.625, 87.125, 8.768059209922243e-24, nan 
-76.375, 87.125, 9.283210343977335e-24, nan 
-76.125, 87.125, 9.243834000215357e-24, nan 
-75.875, 87.125, 8.816313284337396e-24, nan 
-75.625, 87.125, 8.374223870777226e-24, nan 
-75.375, 87.125, 8.085344741362206e-24, nan 
-75.125, 87.125, 7.532446781851383e-24, nan 
-74.875, 87.125, 6.735097177867436e-24, nan 
-74.625, 87.125, 6.203536984508927e-24, nan 
-74.375, 87.125, 5.4041662939553894e-24, nan 
-74.125, 87.125, 5.0214877042324016e-24, nan 
-73.875, 87.125, 5.669319720495305e-24, nan 
-73.625, 87.125, 7.028806616221533e-24, nan 
-73.375, 87.125, 7.713112710942466e-24, nan 
-73.125, 87.125, 7.57983906255246e-24, nan 
-72.875, 87.125, 8.41152998810554e-24, nan 
-72.625, 87.125, 8.290208462534033e-24, nan 
-72.375, 87.125, 8.906357647470837e-24, nan 
-72.125, 87.125, 8.011989326293314e-24, nan 
-71.875, 87.125, 8.489195005066712e-24, nan 
-71.625, 87.125, 9.083755384615315e-24, nan 
-71.375, 87.125, 8.992369425835023e-24, nan 
-71.125, 87.125, 8.561433273271943e-24, nan 
-70.875, 87.125, 8.216609976233164e-24, nan 
-70.625, 87.125, 8.296790119883949e-24, nan 
-70.375, 87.125, 9.161723893781903e-24, nan 
-70.125, 87.125, 8.479954294342865e-24, nan 
-69.875, 87.125, 8.15568571880868e-24, nan 
-69.625, 87.125, 7.740052999003777e-24, nan 
-69.375, 87.125, 7.149273632225454e-24, nan 
-69.125, 87.125, 6.438829682188357e-24, nan 
-68.875, 87.125, 5.922277233468108e-24, nan 
-68.625, 87.125, 5.509409191380363e-24, nan 
-68.375, 87.125, 4.7137994659720804e-24, nan 
-68.125, 87.125, 4.2842188881733356e-24, nan 
-67.875, 87.125, 4.4229711813671634e-24, nan 
-67.625, 87.125, 4.645746630156619e-24, nan 
-67.375, 87.125, 4.6582816766638085e-24, nan 
-67.125, 87.125, 4.798264993591266e-24, nan 
-66.875, 87.125, 4.972897180152416e-24, nan 
-66.625, 87.125, 5.0036353351612026e-24, nan 
-66.375, 87.125, 4.692703907533743e-24, nan 
-66.125, 87.125, 4.429743894399945e-24, nan 
-65.875, 87.125, 4.201641566010108e-24, nan 
-65.625, 87.125, 3.889280374444873e-24, nan 
-65.375, 87.125, 3.655989047463803e-24, nan 
-65.125, 87.125, 2.7737443360977017e-24, nan 
-64.875, 87.125, 2.358393871876797e-24, nan 
-64.625, 87.125, 2.2156335758628066e-24, nan 
-64.375, 87.125, 2.3256173426320155e-24, nan 
-64.125, 87.125, 2.528989778678615e-24, nan 
-63.875, 87.125, 2.8188181601050973e-24, nan 
-63.625, 87.125, 3.0602196599529217e-24, nan 
-63.375, 87.125, 3.2568334280233885e-24, nan 
-63.125, 87.125, 3.506490493928638e-24, nan 
-62.875, 87.125, 3.757995056859687e-24, nan 
-62.625, 87.125, 4.058313351968228e-24, nan 
-62.375, 87.125, 4.44360564208049e-24, nan 
-62.125, 87.125, 5.150279137654448e-24, nan 
-61.875, 87.125, 6.093961862205967e-24, nan 
-61.625, 87.125, 6.939443075302835e-24, nan 
-61.375, 87.125, 7.522661636968094e-24, nan 
-61.125, 87.125, 9.101784554200456e-24, nan 
-60.875, 87.125, 1.0427236162116187e-23, nan 
-60.625, 87.125, 1.1433671360104585e-23, nan 
-60.375, 87.125, 1.2184327110591778e-23, nan 
-60.125, 87.125, 1.2360874035109714e-23, nan 
-59.875, 87.125, 1.2638351711710682e-23, nan 
-59.625, 87.125, 1.312371650346343e-23, nan 
-59.375, 87.125, 1.3183161801800221e-23, nan 
-59.125, 87.125, 1.3241129409033692e-23, nan 
-58.875, 87.125, 1.2969121779065377e-23, nan 
-58.625, 87.125, 1.3019926202174259e-23, nan 
-58.375, 87.125, 1.2660650320584844e-23, nan 
-58.125, 87.125, 1.2466934205554637e-23, nan 
-57.875, 87.125, 1.2102007384081385e-23, nan 
-57.625, 87.125, 1.161132022998405e-23, nan 
-57.375, 87.125, 1.1369519302297495e-23, nan 
-57.125, 87.125, 1.050724803293193e-23, nan 
-56.875, 87.125, 9.690516867859595e-24, nan 
-56.625, 87.125, 9.078106298124328e-24, nan 
-56.375, 87.125, 7.192072890193904e-24, nan 
-56.125, 87.125, 6.5944840031358796e-24, nan 
-55.875, 87.125, 7.266568179067402e-24, nan 
-55.625, 87.125, 8.646266768721693e-24, nan 
-55.375, 87.125, 1.0043923865054965e-23, nan 
-55.125, 87.125, 1.1220062636732013e-23, nan 
-54.875, 87.125, 1.281335610480369e-23, nan 
-54.625, 87.125, 1.3448330957268185e-23, nan 
-54.375, 87.125, 1.399937771191858e-23, nan 
-54.125, 87.125, 1.252628466565121e-23, nan 
-53.875, 87.125, 1.2593631051243607e-23, nan 
-53.625, 87.125, 1.3941691476744508e-23, nan 
-53.375, 87.125, 1.356899685216972e-23, nan 
-53.125, 87.125, 1.2913018238543708e-23, nan 
-52.875, 87.125, 1.1910889725065381e-23, nan 
-52.625, 87.125, 1.161913009924083e-23, nan 
-52.375, 87.125, 1.0814415708505455e-23, nan 
-52.125, 87.125, 9.687035747256038e-24, nan 
-51.875, 87.125, 8.829053587352037e-24, nan 
-51.625, 87.125, 7.984641130054417e-24, nan 
-51.375, 87.125, 7.28016571943037e-24, nan 
-51.125, 87.125, 6.3733028461311385e-24, nan 
-50.875, 87.125, 5.149175816584468e-24, nan 
-50.625, 87.125, 3.916792566675165e-24, nan 
-50.375, 87.125, 4.2471130082739066e-24, nan 
-50.125, 87.125, 5.28613399361618e-24, nan 
-49.875, 87.125, 5.880507064452317e-24, nan 
-49.625, 87.125, 6.4081485769069414e-24, nan 
-49.375, 87.125, 6.576244845195203e-24, nan 
-49.125, 87.125, 6.848396697277741e-24, nan 
-48.875, 87.125, 6.849941658960321e-24, nan 
-48.625, 87.125, 6.775473016563682e-24, nan 
-48.375, 87.125, 6.5581477626153936e-24, nan 
-48.125, 87.125, 6.11506207717279e-24, nan 
-47.875, 87.125, 6.085560811574959e-24, nan 
-47.625, 87.125, 5.792094630353664e-24, nan 
-47.375, 87.125, 5.618986996047896e-24, nan 
-47.125, 87.125, 5.346299236004275e-24, nan 
-46.875, 87.125, 5.085577694466901e-24, nan 
-46.625, 87.125, 4.761027737687571e-24, nan 
-46.375, 87.125, 4.270155745149153e-24, nan 
-46.125, 87.125, 3.657454860608468e-24, nan 
-45.875, 87.125, 3.2599569773944706e-24, nan 
-45.625, 87.125, 2.5809066392181745e-24, nan 
-45.375, 87.125, 2.1604141329238257e-24, nan 
-45.125, 87.125, 2.13644639279249e-24, nan 
-44.875, 87.125, 2.4742679552803846e-24, nan 
-44.625, 87.125, 2.40086293960824e-24, nan 
-44.375, 87.125, 1.817551652384979e-24, nan 
-44.125, 87.125, 1.2082966389955846e-24, nan 
-43.875, 87.125, 9.152558994446075e-25, nan 
-43.625, 87.125, 8.738127268357185e-25, nan 
-43.375, 87.125, 8.686117016975573e-25, nan 
-43.125, 87.125, 1.3663195021924702e-24, nan 
-42.875, 87.125, 7.199816022389109e-25, nan 
-42.625, 87.125, 9.68517902301357e-25, nan 
-42.375, 87.125, 1.2194129440961785e-24, nan 
-42.125, 87.125, 1.329062699296956e-24, nan 
-41.875, 87.125, 1.281346743075315e-24, nan 
-41.625, 87.125, 1.2067863037937865e-24, nan 
-41.375, 87.125, 1.1228060734928636e-24, nan 
-41.125, 87.125, 1.0404143297784512e-24, nan 
-40.875, 87.125, 8.437686993505936e-25, nan 
-40.625, 87.125, 9.070403000876108e-25, nan 
-40.375, 87.125, 5.06205604566373e-24, nan 
-40.125, 87.125, 6.824694358715936e-24, nan 
-39.875, 87.125, 3.633923371152501e-24, nan 
-39.625, 87.125, 1.7420324757332254e-24, nan 
-39.375, 87.125, 1.5596117564142761e-24, nan 
-39.125, 87.125, 1.063848727032139e-24, nan 
-38.875, 87.125, 8.894508166929378e-25, nan 
-38.625, 87.125, 9.302489109845884e-25, nan 
-38.375, 87.125, 2.616158382013844e-24, nan 
-38.125, 87.125, 8.14290951849893e-24, nan 
-37.875, 87.125, 6.071476141230873e-24, nan 
-37.625, 87.125, 3.0763237096542652e-24, nan 
-37.375, 87.125, 1.4651248913668548e-24, nan 
-37.125, 87.125, 1.4093214007203782e-24, nan 
-36.875, 87.125, 1.6131438055106203e-24, nan 
-36.625, 87.125, 1.8929868739837086e-24, nan 
-36.375, 87.125, 2.1471132370391674e-24, nan 
-36.125, 87.125, 2.3459411443325032e-24, nan 
-35.875, 87.125, 2.5619477441652124e-24, nan 
-35.625, 87.125, 2.7630000550026363e-24, nan 
-35.375, 87.125, 2.9938680103654866e-24, nan 
-35.125, 87.125, 3.2331862701348522e-24, nan 
-34.875, 87.125, 3.4017419893442075e-24, nan 
-34.625, 87.125, 3.48639750894662e-24, nan 
-34.375, 87.125, 3.694296792504895e-24, nan 
-34.125, 87.125, 3.750978660738577e-24, nan 
-33.875, 87.125, 3.727217413693358e-24, nan 
-33.625, 87.125, 3.789518907225594e-24, nan 
-33.375, 87.125, 3.85131741282653e-24, nan 
-33.125, 87.125, 3.9633434794660254e-24, nan 
-32.875, 87.125, 4.096503493727757e-24, nan 
-32.625, 87.125, 4.278464240475118e-24, nan 
-32.375, 87.125, 4.72476864274957e-24, nan 
-32.125, 87.125, 5.608221880604033e-24, nan 
-31.875, 87.125, 6.432860289327287e-24, nan 
-31.625, 87.125, 7.682878512795402e-24, nan 
-31.375, 87.125, 8.621611158391933e-24, nan 
-31.125, 87.125, 9.317062441928492e-24, nan 
-30.875, 87.125, 9.976578735657548e-24, nan 
-30.625, 87.125, 1.240648022974503e-23, nan 
-30.375, 87.125, 1.3510644444503762e-23, nan 
-30.125, 87.125, 1.2263899975456312e-23, nan 
-29.875, 87.125, 1.08499717814591e-23, nan 
-29.625, 87.125, 1.0858137283048097e-23, nan 
-29.375, 87.125, 1.1042153058862552e-23, nan 
-29.125, 87.125, 1.0939136188985999e-23, nan 
-28.875, 87.125, 1.0824820410571863e-23, nan 
-28.625, 87.125, 1.063594439074688e-23, nan 
-28.375, 87.125, 1.040247163532872e-23, nan 
-28.125, 87.125, 1.0012718859344367e-23, nan 
-27.875, 87.125, 9.48753595614309e-24, nan 
-27.625, 87.125, 9.318065962556993e-24, nan 
-27.375, 87.125, 1.0038554237337514e-23, nan 
-27.125, 87.125, 1.1310844644649158e-23, nan 
-26.875, 87.125, 1.0985870405405962e-23, nan 
-26.625, 87.125, 9.224745148857822e-24, nan 
-26.375, 87.125, 8.787298442520621e-24, nan 
-26.125, 87.125, 8.51770131511391e-24, nan 
-25.875, 87.125, 8.309693344234517e-24, nan 
-25.625, 87.125, 8.119064448568595e-24, nan 
-25.375, 87.125, 7.993245350622309e-24, nan 
-25.125, 87.125, 8.158674624062894e-24, nan 
-24.875, 87.125, 8.08307821962124e-24, nan 
-24.625, 87.125, 7.30986987423171e-24, nan 
-24.375, 87.125, 7.462648937340584e-24, nan 
-24.125, 87.125, 7.78187872230407e-24, nan 
-23.875, 87.125, 8.036752772617225e-24, nan 
-23.625, 87.125, 8.129595259690514e-24, nan 
-23.375, 87.125, 7.726369398965833e-24, nan 
-23.125, 87.125, 6.916147154993916e-24, nan 
-22.875, 87.125, 5.968330583007837e-24, nan 
-22.625, 87.125, 5.619869822814122e-24, nan 
-22.375, 87.125, 4.9048877510229445e-24, nan 
-22.125, 87.125, 4.5359295061051395e-24, nan 
-21.875, 87.125, 4.8503136524642026e-24, nan 
-21.625, 87.125, 4.870203538024754e-24, nan 
-21.375, 87.125, 4.0640737398989665e-24, nan 
-21.125, 87.125, 3.1262914163801706e-24, nan 
-20.875, 87.125, 2.6568444844185574e-24, nan 
-20.625, 87.125, 2.44873081250538e-24, nan 
-20.375, 87.125, 2.3372404150465838e-24, nan 
-20.125, 87.125, 2.336470772308067e-24, nan 
-19.875, 87.125, 2.4140834968189434e-24, nan 
-19.625, 87.125, 2.4044586624084703e-24, nan 
-19.375, 87.125, 2.278929522688317e-24, nan 
-19.125, 87.125, 2.233554138093692e-24, nan 
-18.875, 87.125, 2.2847197718592823e-24, nan 
-18.625, 87.125, 2.3777336957465784e-24, nan 
-18.375, 87.125, 2.3811497493372882e-24, nan 
-18.125, 87.125, 2.2033983812238005e-24, nan 
-17.875, 87.125, 2.0374063037218168e-24, nan 
-17.625, 87.125, 1.9009023680044146e-24, nan 
-17.375, 87.125, 1.79482508684053e-24, nan 
-17.125, 87.125, 1.8606114381423874e-24, nan 
-16.875, 87.125, 2.3742680722352638e-24, nan 
-16.625, 87.125, 3.2851083205366647e-24, nan 
-16.375, 87.125, 3.6052827911281506e-24, nan 
-16.125, 87.125, 3.74637197441684e-24, nan 
-15.875, 87.125, 3.844909954053015e-24, nan 
-15.625, 87.125, 3.93699419860082e-24, nan 
-15.375, 87.125, 4.261125526893122e-24, nan 
-15.125, 87.125, 5.5197764830898166e-24, nan 
-14.875, 87.125, 4.7210086634571105e-24, nan 
-14.625, 87.125, 2.254154693519865e-24, nan 
-14.375, 87.125, 4.111496350604106e-24, nan 
-14.125, 87.125, 1.8725317972449774e-24, nan 
-13.875, 87.125, 1.9928608221475637e-24, nan 
-13.625, 87.125, 3.0400330489545376e-24, nan 
-13.375, 87.125, 3.545007713486455e-24, nan 
-13.125, 87.125, 3.712953358931711e-24, nan 
-12.875, 87.125, 3.859907557381368e-24, nan 
-12.625, 87.125, 4.355611330905837e-24, nan 
-12.375, 87.125, 6.067867514070557e-24, nan 
-12.125, 87.125, 5.5146362201061034e-24, nan 
-11.875, 87.125, 4.9961205155166634e-24, nan 
-11.625, 87.125, 4.228358107348711e-24, nan 
-11.375, 87.125, 3.1273152968300385e-24, nan 
-11.125, 87.125, 2.1719690831227275e-24, nan 
-10.875, 87.125, 1.5386957801960428e-24, nan 
-10.625, 87.125, 2.8818315179294018e-24, nan 
-10.375, 87.125, 3.5695567584714245e-24, nan 
-10.125, 87.125, 4.402935650989256e-24, nan 
-9.875, 87.125, 1.5188062778689996e-24, nan 
-9.625, 87.125, 2.549031206844487e-24, nan 
-9.375, 87.125, 3.0833917276912315e-24, nan 
-9.125, 87.125, 3.312345602479454e-24, nan 
-8.875, 87.125, 3.3966286843931585e-24, nan 
-8.625, 87.125, 3.407966905428433e-24, nan 
-8.375, 87.125, 3.414430001948058e-24, nan 
-8.125, 87.125, 3.419948912655113e-24, nan 
-7.875, 87.125, 3.418256937714425e-24, nan 
-7.625, 87.125, 3.376930204208321e-24, nan 
-7.375, 87.125, 3.256267199602982e-24, nan 
-7.125, 87.125, 3.0925996050963825e-24, nan 
-6.875, 87.125, 2.665875632053696e-24, nan 
-6.625, 87.125, 2.3552384474624052e-24, nan 
-6.375, 87.125, 2.2295686299632284e-24, nan 
-6.125, 87.125, 2.753550959414047e-24, nan 
-5.875, 87.125, 3.760617597224267e-24, nan 
-5.625, 87.125, 4.7754073296699305e-24, nan 
-5.375, 87.125, 4.896927062636275e-24, nan 
-5.125, 87.125, 4.917195549301409e-24, nan 
-4.875, 87.125, 4.7598280835960296e-24, nan 
-4.625, 87.125, 4.739031146802226e-24, nan 
-4.375, 87.125, 4.9658170182000104e-24, nan 
-4.125, 87.125, 4.941252700514901e-24, nan 
-3.875, 87.125, 4.8146800273743034e-24, nan 
-3.625, 87.125, 4.556487336363946e-24, nan 
-3.375, 87.125, 4.3864571767849546e-24, nan 
-3.125, 87.125, 4.233595600858544e-24, nan 
-2.875, 87.125, 4.303985439621016e-24, nan 
-2.625, 87.125, 4.264600125515124e-24, nan 
-2.375, 87.125, 4.514374892699796e-24, nan 
-2.125, 87.125, 4.870373897853315e-24, nan 
-1.875, 87.125, 5.118673550543812e-24, nan 
-1.625, 87.125, 5.333702499500205e-24, nan 
-1.375, 87.125, 7.180479968244647e-24, nan 
-1.125, 87.125, 9.533940387552275e-24, nan 
-0.875, 87.125, 1.0439266536405236e-23, nan 
-0.625, 87.125, 1.0510461583233041e-23, nan 
-0.375, 87.125, 1.0536958006821344e-23, nan 
-0.125, 87.125, 1.0160346221704715e-23, nan 
0.125, 87.125, 9.424092076415814e-24, nan 
0.375, 87.125, 8.993170280245101e-24, nan 
0.625, 87.125, 8.253843621088478e-24, nan 
0.875, 87.125, 7.160223673901892e-24, nan 
1.125, 87.125, 5.54366655075819e-24, nan 
1.375, 87.125, 4.57165637599598e-24, nan 
1.625, 87.125, 3.930924185865339e-24, nan 
1.875, 87.125, 3.637530948058924e-24, nan 
2.125, 87.125, 3.9618585600849724e-24, nan 
2.375, 87.125, 4.5500772020444145e-24, nan 
2.625, 87.125, 5.03000210595917e-24, nan 
2.875, 87.125, 5.396292614342173e-24, nan 
3.125, 87.125, 5.603787490595309e-24, nan 
3.375, 87.125, 6.284509157947843e-24, nan 
3.625, 87.125, 7.198132398865598e-24, nan 
3.875, 87.125, 8.150832938970791e-24, nan 
4.125, 87.125, 8.300833037821913e-24, nan 
4.375, 87.125, 8.24089115904368e-24, nan 
4.625, 87.125, 8.071972594324644e-24, nan 
4.875, 87.125, 7.819069917515466e-24, nan 
5.125, 87.125, 7.575312349727713e-24, nan 
5.375, 87.125, 7.082618821416956e-24, nan 
5.625, 87.125, 6.3444557480795366e-24, nan 
5.875, 87.125, 5.306888232921822e-24, nan 
6.125, 87.125, 4.644840107596634e-24, nan 
6.375, 87.125, 4.1057028264133656e-24, nan 
6.625, 87.125, 3.52853728060527e-24, nan 
6.875, 87.125, 3.117774765219993e-24, nan 
7.125, 87.125, 2.786869522140051e-24, nan 
7.375, 87.125, 2.6569664985308697e-24, nan 
7.625, 87.125, 2.542399867303478e-24, nan 
7.875, 87.125, 2.448478539363708e-24, nan 
8.125, 87.125, 2.3547385596159615e-24, nan 
8.375, 87.125, 2.242087098746354e-24, nan 
8.625, 87.125, 2.1523807028612737e-24, nan 
8.875, 87.125, 2.0742523563591475e-24, nan 
9.125, 87.125, 1.98781841471416e-24, nan 
9.375, 87.125, 1.9196573216027193e-24, nan 
9.625, 87.125, 1.8614849174046884e-24, nan 
9.875, 87.125, 1.78229632124338e-24, nan 
10.125, 87.125, 1.6774277594118446e-24, nan 
10.375, 87.125, 1.591596407612626e-24, nan 
10.625, 87.125, 1.5027660770384643e-24, nan 
10.875, 87.125, 1.4377630206346198e-24, nan 
11.125, 87.125, 1.3622629887418158e-24, nan 
11.375, 87.125, 1.0159774531197568e-24, nan 
11.625, 87.125, 1.135038277182259e-24, nan 
11.875, 87.125, 2.0431307464205813e-24, nan 
12.125, 87.125, 2.9958143981197054e-24, nan 
12.375, 87.125, 4.041276470359888e-24, nan 
12.625, 87.125, 3.800911911795142e-24, nan 
12.875, 87.125, 2.366040190619352e-24, nan 
13.125, 87.125, 2.685332395931561e-24, nan 
13.375, 87.125, 1.6108205804728394e-24, nan 
13.625, 87.125, 1.0917925277017694e-24, nan 
13.875, 87.125, 1.015692122561533e-24, nan 
14.125, 87.125, 3.181882946146492e-24, nan 
14.375, 87.125, 2.5154123917475358e-24, nan 
14.625, 87.125, 2.6941858339131645e-24, nan 
14.875, 87.125, 2.965459896896598e-24, nan 
15.125, 87.125, 3.391448917136719e-24, nan 
15.375, 87.125, 3.7781095654125296e-24, nan 
15.625, 87.125, 3.742147481768459e-24, nan 
15.875, 87.125, 2.8384439864272985e-24, nan 
16.125, 87.125, 3.3059512176760476e-24, nan 
16.375, 87.125, 3.1631114838972448e-24, nan 
16.625, 87.125, 2.9706587430407494e-24, nan 
16.875, 87.125, 2.4623284857039774e-24, nan 
17.125, 87.125, 2.4086197415345788e-24, nan 
17.375, 87.125, 2.60934539034738e-24, nan 
17.625, 87.125, 2.679044287775139e-24, nan 
17.875, 87.125, 2.627604110990401e-24, nan 
18.125, 87.125, 2.6939744287092248e-24, nan 
18.375, 87.125, 2.811698125145233e-24, nan 
18.625, 87.125, 2.2521875519940496e-24, nan 
18.875, 87.125, 2.4438476556833893e-24, nan 
19.125, 87.125, 2.9717945936889558e-24, nan 
19.375, 87.125, 3.707483544981387e-24, nan 
19.625, 87.125, 4.401185500491727e-24, nan 
19.875, 87.125, 5.23590825065268e-24, nan 
20.125, 87.125, 5.756130772321443e-24, nan 
20.375, 87.125, 5.7030113323203655e-24, nan 
20.625, 87.125, 5.652118551625247e-24, nan 
20.875, 87.125, 5.6362552833050206e-24, nan 
21.125, 87.125, 5.623353969228398e-24, nan 
21.375, 87.125, 5.529494228338244e-24, nan 
21.625, 87.125, 5.421616254227574e-24, nan 
21.875, 87.125, 5.503288086026831e-24, nan 
22.125, 87.125, 5.234907632556902e-24, nan 
22.375, 87.125, 4.688657039795977e-24, nan 
22.625, 87.125, 4.062937084744086e-24, nan 
22.875, 87.125, 3.2980687370146607e-24, nan 
23.125, 87.125, 2.677192664228509e-24, nan 
23.375, 87.125, 2.601272230210095e-24, nan 
23.625, 87.125, 2.8641263585301526e-24, nan 
23.875, 87.125, 3.3698476909999926e-24, nan 
24.125, 87.125, 3.9711343398702686e-24, nan 
24.375, 87.125, 4.3316069128185784e-24, nan 
24.625, 87.125, 4.666227161692758e-24, nan 
24.875, 87.125, 4.920283460841712e-24, nan 
25.125, 87.125, 4.9882796299795e-24, nan 
25.375, 87.125, 5.0385130180239536e-24, nan 
25.625, 87.125, 5.107886373994988e-24, nan 
25.875, 87.125, 5.084798105845077e-24, nan 
26.125, 87.125, 5.2508274406756205e-24, nan 
26.375, 87.125, 5.397175167118942e-24, nan 
26.625, 87.125, 5.824479013252655e-24, nan 
26.875, 87.125, 5.126171880203752e-24, nan 
27.125, 87.125, 4.32472872496726e-24, nan 
27.375, 87.125, 3.857535250945961e-24, nan 
27.625, 87.125, 3.3193348357871956e-24, nan 
27.875, 87.125, 2.723237043806725e-24, nan 
28.125, 87.125, 2.2693661641344733e-24, nan 
28.375, 87.125, 1.9848701980222928e-24, nan 
28.625, 87.125, 1.8064018862166936e-24, nan 
28.875, 87.125, 1.6278092042072346e-24, nan 
29.125, 87.125, 1.5444691536809197e-24, nan 
29.375, 87.125, 1.4282651873211459e-24, nan 
29.625, 87.125, 1.3440516983489025e-24, nan 
29.875, 87.125, 1.243151581256107e-24, nan 
30.125, 87.125, 1.1726717685271352e-24, nan 
30.375, 87.125, 1.0777070968280256e-24, nan 
30.625, 87.125, 8.136610289217053e-25, nan 
30.875, 87.125, 6.563572894261008e-25, nan 
31.125, 87.125, 5.785295493552681e-25, nan 
31.375, 87.125, 6.18426359799193e-25, nan 
31.625, 87.125, 6.408556899924048e-25, nan 
31.875, 87.125, 7.079648669153756e-25, nan 
32.125, 87.125, 7.545777441340647e-25, nan 
32.375, 87.125, 8.359793205409531e-25, nan 
32.625, 87.125, 9.048454206008997e-25, nan 
32.875, 87.125, 9.868138468962885e-25, nan 
33.125, 87.125, 1.0888191400908362e-24, nan 
33.375, 87.125, 1.1832263480693846e-24, nan 
33.625, 87.125, 1.2862513728389124e-24, nan 
33.875, 87.125, 1.4853222361629399e-24, nan 
34.125, 87.125, 1.905696537801187e-24, nan 
34.375, 87.125, 2.3363938507326777e-24, nan 
34.625, 87.125, 1.7527153929296845e-24, nan 
34.875, 87.125, 1.5373803788623098e-24, nan 
35.125, 87.125, 1.7319451845528158e-24, nan 
35.375, 87.125, 2.0646929692268706e-24, nan 
35.625, 87.125, 1.3843612338492832e-24, nan 
35.875, 87.125, 1.0777907982369087e-24, nan 
36.125, 87.125, 9.405220472216202e-25, nan 
36.375, 87.125, 8.811683261741188e-25, nan 
36.625, 87.125, 8.075595512893969e-25, nan 
36.875, 87.125, 7.581124144619205e-25, nan 
37.125, 87.125, 7.2267446885265235e-25, nan 
37.375, 87.125, 7.090347646649867e-25, nan 
37.625, 87.125, 7.495134143182855e-25, nan 
37.875, 87.125, 8.894498190835689e-25, nan 
38.125, 87.125, 1.008814888532237e-24, nan 
38.375, 87.125, 1.1142782494733917e-24, nan 
38.625, 87.125, 1.2252421958467849e-24, nan 
38.875, 87.125, 1.3046588162475806e-24, nan 
39.125, 87.125, 1.3476405627532414e-24, nan 
39.375, 87.125, 1.440156330930985e-24, nan 
39.625, 87.125, 1.6258052359354056e-24, nan 
39.875, 87.125, 1.5958635163083988e-24, nan 
40.125, 87.125, 1.5506193400432086e-24, nan 
40.375, 87.125, 1.5263744025397926e-24, nan 
40.625, 87.125, 1.4586290784420798e-24, nan 
40.875, 87.125, 1.1735039894686634e-24, nan 
41.125, 87.125, 1.2834551309425249e-24, nan 
41.375, 87.125, 8.167004315384717e-25, nan 
41.625, 87.125, 6.783864192391686e-25, nan 
41.875, 87.125, 8.089068113507155e-25, nan 
42.125, 87.125, 1.318414329975897e-24, nan 
42.375, 87.125, 1.5063107270341883e-24, nan 
42.625, 87.125, 1.682435269950837e-24, nan 
42.875, 87.125, 1.8600402347215537e-24, nan 
43.125, 87.125, 2.0735052600391982e-24, nan 
43.375, 87.125, 2.2341970877022245e-24, nan 
43.625, 87.125, 2.4420611420443062e-24, nan 
43.875, 87.125, 2.6285178977116038e-24, nan 
44.125, 87.125, 2.742214261845629e-24, nan 
44.375, 87.125, 2.8262305314389303e-24, nan 
44.625, 87.125, 2.8868701000453133e-24, nan 
44.875, 87.125, 2.8593696642154162e-24, nan 
45.125, 87.125, 2.7337618157527676e-24, nan 
45.375, 87.125, 2.6756597995350558e-24, nan 
45.625, 87.125, 2.111238996498864e-24, nan 
45.875, 87.125, 1.7036441034052364e-24, nan 
46.125, 87.125, 1.594210854919734e-24, nan 
46.375, 87.125, 1.783623062093361e-24, nan 
46.625, 87.125, 1.9622125219412652e-24, nan 
46.875, 87.125, 2.073696233040507e-24, nan 
47.125, 87.125, 2.1770018157564343e-24, nan 
47.375, 87.125, 2.283205274835985e-24, nan 
47.625, 87.125, 2.3883314111608967e-24, nan 
47.875, 87.125, 2.5014583751081312e-24, nan 
48.125, 87.125, 2.6190288074371282e-24, nan 
48.375, 87.125, 2.729902425353711e-24, nan 
48.625, 87.125, 2.8355449339614956e-24, nan 
48.875, 87.125, 2.939949561560814e-24, nan 
49.125, 87.125, 3.0087432094920073e-24, nan 
49.375, 87.125, 3.0656805341385946e-24, nan 
49.625, 87.125, 3.1008340186138633e-24, nan 
49.875, 87.125, 3.0983896376319187e-24, nan 
50.125, 87.125, 3.080635016303522e-24, nan 
50.375, 87.125, 2.9191886726948778e-24, nan 
50.625, 87.125, 2.7715252777051707e-24, nan 
50.875, 87.125, 2.581804723628644e-24, nan 
51.125, 87.125, 2.441714146532261e-24, nan 
51.375, 87.125, 2.342767645924927e-24, nan 
51.625, 87.125, 2.3263439656834072e-24, nan 
51.875, 87.125, 2.3487239993687646e-24, nan 
52.125, 87.125, 2.369863474074059e-24, nan 
52.375, 87.125, 2.481058355111892e-24, nan 
52.625, 87.125, 2.627219476617473e-24, nan 
52.875, 87.125, 2.8632047387227506e-24, nan 
53.125, 87.125, 3.050693134199197e-24, nan 
53.375, 87.125, 3.2910729992405375e-24, nan 
53.625, 87.125, 3.392215284640594e-24, nan 
53.875, 87.125, 3.42997539100346e-24, nan 
54.125, 87.125, 3.607944275315195e-24, nan 
54.375, 87.125, 4.2937968522249044e-24, nan 
54.625, 87.125, 3.706986226373184e-24, nan 
54.875, 87.125, 3.4552435724941226e-24, nan 
55.125, 87.125, 3.985280528993966e-24, nan 
55.375, 87.125, 4.464271077869998e-24, nan 
55.625, 87.125, 3.657025360968563e-24, nan 
55.875, 87.125, 4.2169720983497855e-24, nan 
56.125, 87.125, 4.58252534232788e-24, nan 
56.375, 87.125, 4.790553500041753e-24, nan 
56.625, 87.125, 4.852448426443633e-24, nan 
56.875, 87.125, 4.981446465418099e-24, nan 
57.125, 87.125, 5.142738657774696e-24, nan 
57.375, 87.125, 4.2478137441548145e-24, nan 
57.625, 87.125, 4.0482407275966305e-24, nan 
57.875, 87.125, 4.095606014206654e-24, nan 
58.125, 87.125, 4.2866290432422105e-24, nan 
58.375, 87.125, 4.515319538741707e-24, nan 
58.625, 87.125, 4.8206909877081575e-24, nan 
58.875, 87.125, 5.210282878596146e-24, nan 
59.125, 87.125, 5.398684700086971e-24, nan 
59.375, 87.125, 5.612470917338615e-24, nan 
59.625, 87.125, 5.790232997717468e-24, nan 
59.875, 87.125, 5.997405481749292e-24, nan 
60.125, 87.125, 6.079657207226008e-24, nan 
60.375, 87.125, 6.153833361140881e-24, nan 
60.625, 87.125, 6.199878538521897e-24, nan 
60.875, 87.125, 6.14549472244441e-24, nan 
61.125, 87.125, 6.030099803644924e-24, nan 
61.375, 87.125, 5.804681729215208e-24, nan 
61.625, 87.125, 5.679755046855638e-24, nan 
61.875, 87.125, 5.569483645816117e-24, nan 
62.125, 87.125, 5.672754503903608e-24, nan 
62.375, 87.125, 6.520860252896473e-24, nan 
62.625, 87.125, 6.290905211022503e-24, nan 
62.875, 87.125, 5.213068608290728e-24, nan 
63.125, 87.125, 4.359978791980345e-24, nan 
63.375, 87.125, 4.384549627349615e-24, nan 
63.625, 87.125, 4.873340425213844e-24, nan 
63.875, 87.125, 5.2720041126009976e-24, nan 
64.125, 87.125, 5.671867306183139e-24, nan 
64.375, 87.125, 5.9389132322902236e-24, nan 
64.625, 87.125, 6.1886799622926496e-24, nan 
64.875, 87.125, 6.404555378953426e-24, nan 
65.125, 87.125, 6.576999259767336e-24, nan 
65.375, 87.125, 6.711727800286576e-24, nan 
65.625, 87.125, 6.781082078391493e-24, nan 
65.875, 87.125, 6.824517614417537e-24, nan 
66.125, 87.125, 6.820192658663613e-24, nan 
66.375, 87.125, 6.824140408556286e-24, nan 
66.625, 87.125, 6.803863642340974e-24, nan 
66.875, 87.125, 6.75543829792571e-24, nan 
67.125, 87.125, 6.71621880910432e-24, nan 
67.375, 87.125, 6.499389508070134e-24, nan 
67.625, 87.125, 5.921675409031266e-24, nan 
67.875, 87.125, 5.417971420544079e-24, nan 
68.125, 87.125, 5.133235629142059e-24, nan 
68.375, 87.125, 4.5994711246498956e-24, nan 
68.625, 87.125, 3.580043858702629e-24, nan 
68.875, 87.125, 2.9190694515702032e-24, nan 
69.125, 87.125, 2.36871746521194e-24, nan 
69.375, 87.125, 2.0519377929637663e-24, nan 
69.625, 87.125, 2.0345557738124074e-24, nan 
69.875, 87.125, 1.953624943217153e-24, nan 
70.125, 87.125, 1.945898000865957e-24, nan 
70.375, 87.125, 1.9693457185222556e-24, nan 
70.625, 87.125, 2.0066574026917002e-24, nan 
70.875, 87.125, 2.147986473449954e-24, nan 
71.125, 87.125, 2.2796660920962517e-24, nan 
71.375, 87.125, 2.2802221532300463e-24, nan 
71.625, 87.125, 2.3677396606976347e-24, nan 
71.875, 87.125, 2.450330807804289e-24, nan 
72.125, 87.125, 2.511013370486425e-24, nan 
72.375, 87.125, 2.5462845145448197e-24, nan 
72.625, 87.125, 2.5936777742315635e-24, nan 
72.875, 87.125, 2.6969896992743688e-24, nan 
73.125, 87.125, 2.7437902303014077e-24, nan 
73.375, 87.125, 2.7360144483575625e-24, nan 
73.625, 87.125, 2.5882832972058163e-24, nan 
73.875, 87.125, 2.575372950377621e-24, nan 
74.125, 87.125, 2.913490934926311e-24, nan 
74.375, 87.125, 3.010746286858734e-24, nan 
74.625, 87.125, 2.9157607130478965e-24, nan 
74.875, 87.125, 2.9914471236315487e-24, nan 
75.125, 87.125, 2.9102961483472456e-24, nan 
75.375, 87.125, 2.501151300798334e-24, nan 
75.625, 87.125, 3.2306280067451873e-24, nan 
75.875, 87.125, 3.0446048442995605e-24, nan 
76.125, 87.125, 2.9874926303606003e-24, nan 
76.375, 87.125, 3.007901314727399e-24, nan 
76.625, 87.125, 3.0488178443437057e-24, nan 
76.875, 87.125, 3.1286358904232107e-24, nan 
77.125, 87.125, 3.1423705740111e-24, nan 
77.375, 87.125, 3.090006543006357e-24, nan 
77.625, 87.125, 2.7672638106333684e-24, nan 
77.875, 87.125, 2.56076190930574e-24, nan 
78.125, 87.125, 2.4127765849806352e-24, nan 
78.375, 87.125, 2.2518074416583584e-24, nan 
78.625, 87.125, 2.4568639536612466e-24, nan 
78.875, 87.125, 2.5065962961270584e-24, nan 
79.125, 87.125, 4.682605762742226e-24, nan 
79.375, 87.125, 5.164975666592767e-24, nan 
79.625, 87.125, 5.308521149993724e-24, nan 
79.875, 87.125, 5.351357094356984e-24, nan 
80.125, 87.125, 5.3712887902180216e-24, nan 
80.375, 87.125, 3.796682069206257e-24, nan 
80.625, 87.125, 3.1607627936071692e-24, nan 
80.875, 87.125, 2.9521070221141395e-24, nan 
81.125, 87.125, 2.9672258064967606e-24, nan 
81.375, 87.125, 3.126879607899656e-24, nan 
81.625, 87.125, 3.712389536745128e-24, nan 
81.875, 87.125, 4.84334613744222e-24, nan 
82.125, 87.125, 5.198738420416633e-24, nan 
82.375, 87.125, 3.951682208129214e-24, nan 
82.625, 87.125, 3.0803402267286298e-24, nan 
82.875, 87.125, 2.671722712713541e-24, nan 
83.125, 87.125, 2.5860158057991718e-24, nan 
83.375, 87.125, 2.4720787442405614e-24, nan 
83.625, 87.125, 2.3340839788595805e-24, nan 
83.875, 87.125, 2.3519947946451783e-24, nan 
84.125, 87.125, 2.4618094946483113e-24, nan 
84.375, 87.125, 3.019579850743103e-24, nan 
84.625, 87.125, 4.49891160083251e-24, nan 
84.875, 87.125, 4.470165906383429e-24, nan 
85.125, 87.125, 4.4628645095042154e-24, nan 
85.375, 87.125, 4.4978715332321536e-24, nan 
85.625, 87.125, 4.5651305738917725e-24, nan 
85.875, 87.125, 4.609342313626208e-24, nan 
86.125, 87.125, 4.7327593888507775e-24, nan 
86.375, 87.125, 4.846400327040039e-24, nan 
86.625, 87.125, 4.94436149285444e-24, nan 
86.875, 87.125, 4.989592558321468e-24, nan 
87.125, 87.125, 4.608705329358645e-24, nan 
87.375, 87.125, 3.336882814756143e-24, nan 
87.625, 87.125, 2.8477577578468013e-24, nan 
87.875, 87.125, 2.725909461700993e-24, nan 
88.125, 87.125, 2.722352517017617e-24, nan 
88.375, 87.125, 2.7836496136538486e-24, nan 
88.625, 87.125, 2.889798334440605e-24, nan 
88.875, 87.125, 2.999075283455478e-24, nan 
89.125, 87.125, 3.21903371980653e-24, nan 
89.375, 87.125, 3.392607942824329e-24, nan 
89.625, 87.125, 3.40463251435091e-24, nan 
-122.375, 87.375, 4.799089122207255e-24, nan 
-122.125, 87.375, 5.436757389252196e-24, nan 
-121.875, 87.375, 5.459478163640892e-24, nan 
-121.625, 87.375, 5.27412063777514e-24, nan 
-121.375, 87.375, 5.265748362718832e-24, nan 
-121.125, 87.375, 5.276416606365233e-24, nan 
-120.875, 87.375, 5.2482790811542734e-24, nan 
-120.625, 87.375, 5.228466684951393e-24, nan 
-120.375, 87.375, 5.211656848998216e-24, nan 
-120.125, 87.375, 5.395991336773295e-24, nan 
-119.875, 87.375, 6.191152033479274e-24, nan 
-119.625, 87.375, 5.933308213992491e-24, nan 
-119.375, 87.375, 5.924114347671639e-24, nan 
-119.125, 87.375, 6.050730982665049e-24, nan 
-118.875, 87.375, 6.192012996279625e-24, nan 
-118.625, 87.375, 6.353043374784849e-24, nan 
-118.375, 87.375, 6.583622490239319e-24, nan 
-118.125, 87.375, 6.817056541335127e-24, nan 
-117.875, 87.375, 6.714178002856121e-24, nan 
-117.625, 87.375, 6.380806496003039e-24, nan 
-117.375, 87.375, 6.432269681448781e-24, nan 
-117.125, 87.375, 6.624698686603944e-24, nan 
-116.875, 87.375, 6.89565867280898e-24, nan 
-116.625, 87.375, 7.296246504153809e-24, nan 
-116.375, 87.375, 7.75445403512292e-24, nan 
-116.125, 87.375, 7.967256195645471e-24, nan 
-115.875, 87.375, 7.987810193183454e-24, nan 
-115.625, 87.375, 7.887223041045355e-24, nan 
-115.375, 87.375, 7.707699198208591e-24, nan 
-115.125, 87.375, 7.419511627395847e-24, nan 
-114.875, 87.375, 6.986558858729584e-24, nan 
-114.625, 87.375, 6.679867740130477e-24, nan 
-114.375, 87.375, 5.3898323906552824e-24, nan 
-114.125, 87.375, 4.813157743538074e-24, nan 
-113.875, 87.375, 4.509587001696755e-24, nan 
-113.625, 87.375, 4.3177637267321305e-24, nan 
-113.375, 87.375, 4.2717648408951125e-24, nan 
-113.125, 87.375, 4.535356457498821e-24, nan 
-112.875, 87.375, 5.1245107443208156e-24, nan 
-112.625, 87.375, 4.957120679104722e-24, nan 
-112.375, 87.375, 4.242248634952046e-24, nan 
-112.125, 87.375, 2.871615238635702e-24, nan 
-111.875, 87.375, 2.4321945071235866e-24, nan 
-111.625, 87.375, 2.1837534003288166e-24, nan 
-111.375, 87.375, 2.0699944761142323e-24, nan 
-111.125, 87.375, 2.1227483253567698e-24, nan 
-110.875, 87.375, 2.3152436202850215e-24, nan 
-110.625, 87.375, 1.7501822169101554e-24, nan 
-110.375, 87.375, 1.6731953417717223e-24, nan 
-110.125, 87.375, 1.5887301130787887e-24, nan 
-109.875, 87.375, 1.4902962781778017e-24, nan 
-109.625, 87.375, 1.3329384163670093e-24, nan 
-109.375, 87.375, 1.3490491662237461e-24, nan 
-109.125, 87.375, 1.822519034539636e-24, nan 
-108.875, 87.375, 2.451888107892865e-24, nan 
-108.625, 87.375, 2.469853802603284e-24, nan 
-108.375, 87.375, 2.063150068754689e-24, nan 
-108.125, 87.375, 1.4536408940065989e-24, nan 
-107.875, 87.375, 1.895012012999909e-24, nan 
-107.625, 87.375, 2.519496100914954e-24, nan 
-107.375, 87.375, 2.644932159362441e-24, nan 
-107.125, 87.375, 2.5312366565616382e-24, nan 
-106.875, 87.375, 2.4323405870912313e-24, nan 
-106.625, 87.375, 2.4705692122151748e-24, nan 
-106.375, 87.375, 2.1709860261389135e-24, nan 
-106.125, 87.375, 2.214849447216593e-24, nan 
-105.875, 87.375, 2.8152994075284906e-24, nan 
-105.625, 87.375, 3.187080375090619e-24, nan 
-105.375, 87.375, 3.405870869774879e-24, nan 
-105.125, 87.375, 3.0448247124378528e-24, nan 
-104.875, 87.375, 3.3067766154801134e-24, nan 
-104.625, 87.375, 3.0770008216006765e-24, nan 
-104.375, 87.375, 4.30297887744584e-24, nan 
-104.125, 87.375, 4.694032176740538e-24, nan 
-103.875, 87.375, 4.621295340685548e-24, nan 
-103.625, 87.375, 3.6958954265121756e-24, nan 
-103.375, 87.375, 2.4087081602991408e-24, nan 
-103.125, 87.375, 2.0911962693989355e-24, nan 
-102.875, 87.375, 2.5630952120962688e-24, nan 
-102.625, 87.375, 2.27271657199854e-24, nan 
-102.375, 87.375, 2.5886702618711944e-24, nan 
-102.125, 87.375, 2.8213699442653315e-24, nan 
-101.875, 87.375, 2.7735453369197933e-24, nan 
-101.625, 87.375, 2.5719716329448802e-24, nan 
-101.375, 87.375, 2.3749841944225522e-24, nan 
-101.125, 87.375, 2.1814806777900788e-24, nan 
-100.875, 87.375, 2.634279122014186e-24, nan 
-100.625, 87.375, 3.702597469544766e-24, nan 
-100.375, 87.375, 4.359630856400758e-24, nan 
-100.125, 87.375, 4.320134448746869e-24, nan 
-99.875, 87.375, 3.704977282272166e-24, nan 
-99.625, 87.375, 4.431686825209166e-24, nan 
-99.375, 87.375, 4.02901777201053e-24, nan 
-99.125, 87.375, 5.759936080247111e-24, nan 
-98.875, 87.375, 6.73294262524681e-24, nan 
-98.625, 87.375, 7.227704474426e-24, nan 
-98.375, 87.375, 5.4816569650452e-24, nan 
-98.125, 87.375, 2.8232199227358543e-24, nan 
-97.875, 87.375, 3.0072003327559513e-24, nan 
-97.625, 87.375, 3.4690300539658946e-24, nan 
-97.375, 87.375, 3.0751810468670587e-24, nan 
-97.125, 87.375, 2.8646322452477757e-24, nan 
-96.875, 87.375, 2.844272526440897e-24, nan 
-96.625, 87.375, 2.820960472588356e-24, nan 
-96.375, 87.375, 2.8370308512859767e-24, nan 
-96.125, 87.375, 2.8644132866194296e-24, nan 
-95.875, 87.375, 2.981883303747142e-24, nan 
-95.625, 87.375, 3.1761107752381016e-24, nan 
-95.375, 87.375, 3.673935896132427e-24, nan 
-95.125, 87.375, 4.2970671199748406e-24, nan 
-94.875, 87.375, 4.463405296365176e-24, nan 
-94.625, 87.375, 4.533208455733836e-24, nan 
-94.375, 87.375, 4.861364214597046e-24, nan 
-94.125, 87.375, 4.957126842970289e-24, nan 
-93.875, 87.375, 5.610192693532857e-24, nan 
-93.625, 87.375, 6.4974558411450404e-24, nan 
-93.375, 87.375, 7.302878844638632e-24, nan 
-93.125, 87.375, 6.95131806830512e-24, nan 
-92.875, 87.375, 6.4836211440361485e-24, nan 
-92.625, 87.375, 6.529301956953359e-24, nan 
-92.375, 87.375, 6.5541568056582306e-24, nan 
-92.125, 87.375, 6.516926085854495e-24, nan 
-91.875, 87.375, 6.51051692881568e-24, nan 
-91.625, 87.375, 6.498449827767648e-24, nan 
-91.375, 87.375, 6.3014137676759165e-24, nan 
-91.125, 87.375, 6.0940173520090585e-24, nan 
-90.875, 87.375, 5.882388449238526e-24, nan 
-90.625, 87.375, 5.642663429768057e-24, nan 
-90.375, 87.375, 5.454303557838842e-24, nan 
-90.125, 87.375, 5.4542624449897205e-24, nan 
-89.875, 87.375, 6.1492356740279464e-24, nan 
-89.625, 87.375, 6.036232311435982e-24, nan 
-89.375, 87.375, 5.8801993482217236e-24, nan 
-89.125, 87.375, 5.712206781432254e-24, nan 
-88.875, 87.375, 5.4658002836390375e-24, nan 
-88.625, 87.375, 5.2748589143250705e-24, nan 
-88.375, 87.375, 5.2984278261170255e-24, nan 
-88.125, 87.375, 5.807685266408525e-24, nan 
-87.875, 87.375, 5.836105771483291e-24, nan 
-87.625, 87.375, 5.9151148678537325e-24, nan 
-87.375, 87.375, 6.0556474113824124e-24, nan 
-87.125, 87.375, 6.0938650112934425e-24, nan 
-86.875, 87.375, 6.11491028901322e-24, nan 
-86.625, 87.375, 6.106823575618946e-24, nan 
-86.375, 87.375, 6.190330402644439e-24, nan 
-86.125, 87.375, 6.121932313878214e-24, nan 
-85.875, 87.375, 5.872320297686577e-24, nan 
-85.625, 87.375, 5.5242195019216064e-24, nan 
-85.375, 87.375, 5.0251589265079376e-24, nan 
-85.125, 87.375, 4.39693493673366e-24, nan 
-84.875, 87.375, 3.631307862958013e-24, nan 
-84.625, 87.375, 2.996026071193088e-24, nan 
-84.375, 87.375, 2.7947263770227433e-24, nan 
-84.125, 87.375, 2.646944878521986e-24, nan 
-83.875, 87.375, 2.071702752461069e-24, nan 
-83.625, 87.375, 1.9038025584929693e-24, nan 
-83.375, 87.375, 2.2783648389439638e-24, nan 
-83.125, 87.375, 2.489542463338406e-24, nan 
-82.875, 87.375, 2.377313820562893e-24, nan 
-82.625, 87.375, 2.776795161811937e-24, nan 
-82.375, 87.375, 2.863197856326736e-24, nan 
-82.125, 87.375, 3.0285728599929676e-24, nan 
-81.875, 87.375, 3.1360868948397636e-24, nan 
-81.625, 87.375, 2.6285983673930977e-24, nan 
-81.375, 87.375, 2.50424003766828e-24, nan 
-81.125, 87.375, 2.645055515097454e-24, nan 
-80.875, 87.375, 2.759703233370493e-24, nan 
-80.625, 87.375, 2.8542275163209423e-24, nan 
-80.375, 87.375, 3.0985024479131172e-24, nan 
-80.125, 87.375, 3.444297227033839e-24, nan 
-79.875, 87.375, 3.1064500744749153e-24, nan 
-79.625, 87.375, 2.941428340080871e-24, nan 
-79.375, 87.375, 2.77293092260899e-24, nan 
-79.125, 87.375, 2.6574130743397943e-24, nan 
-78.875, 87.375, 2.3483182637090505e-24, nan 
-78.625, 87.375, 2.2995149016438837e-24, nan 
-78.375, 87.375, 2.560555931360163e-24, nan 
-78.125, 87.375, 2.364576148824812e-24, nan 
-77.875, 87.375, 2.949640638331632e-24, nan 
-77.625, 87.375, 2.9749884022858115e-24, nan 
-77.375, 87.375, 3.708651563090402e-24, nan 
-77.125, 87.375, 4.998221527478184e-24, nan 
-76.875, 87.375, 5.7665721240001405e-24, nan 
-76.625, 87.375, 5.860728319767174e-24, nan 
-76.375, 87.375, 5.625624260106928e-24, nan 
-76.125, 87.375, 5.161864484633675e-24, nan 
-75.875, 87.375, 4.157705398847712e-24, nan 
-75.625, 87.375, 2.7891813754589144e-24, nan 
-75.375, 87.375, 3.2007845981128632e-24, nan 
-75.125, 87.375, 3.311676587503535e-24, nan 
-74.875, 87.375, 3.516268498691978e-24, nan 
-74.625, 87.375, 3.341048888515671e-24, nan 
-74.375, 87.375, 3.499811381224351e-24, nan 
-74.125, 87.375, 3.418872059691632e-24, nan 
-73.875, 87.375, 3.8535901891540615e-24, nan 
-73.625, 87.375, 5.273293223677811e-24, nan 
-73.375, 87.375, 6.771284120999386e-24, nan 
-73.125, 87.375, 7.15690147555707e-24, nan 
-72.875, 87.375, 7.296303778130443e-24, nan 
-72.625, 87.375, 7.044787898752675e-24, nan 
-72.375, 87.375, 6.759643659828516e-24, nan 
-72.125, 87.375, 5.73084821424559e-24, nan 
-71.875, 87.375, 6.3961673027377174e-24, nan 
-71.625, 87.375, 7.043263520960126e-24, nan 
-71.375, 87.375, 7.12028699139963e-24, nan 
-71.125, 87.375, 6.768885691161223e-24, nan 
-70.875, 87.375, 6.163293462408176e-24, nan 
-70.625, 87.375, 5.362778566672573e-24, nan 
-70.375, 87.375, 6.1856406674984154e-24, nan 
-70.125, 87.375, 5.749507009831534e-24, nan 
-69.875, 87.375, 5.386888802171297e-24, nan 
-69.625, 87.375, 5.0126227147926935e-24, nan 
-69.375, 87.375, 4.523280525572817e-24, nan 
-69.125, 87.375, 4.012112949507185e-24, nan 
-68.875, 87.375, 3.561986766823887e-24, nan 
-68.625, 87.375, 3.0733199082030447e-24, nan 
-68.375, 87.375, 3.43821795299717e-24, nan 
-68.125, 87.375, 6.1339883694716425e-24, nan 
-67.875, 87.375, 7.583128807101788e-24, nan 
-67.625, 87.375, 7.240838081901316e-24, nan 
-67.375, 87.375, 7.301812818094171e-24, nan 
-67.125, 87.375, 5.78435420954102e-24, nan 
-66.875, 87.375, 3.412644408318374e-24, nan 
-66.625, 87.375, 2.568720937138209e-24, nan 
-66.375, 87.375, 2.8080706330932015e-24, nan 
-66.125, 87.375, 2.9843525717483794e-24, nan 
-65.875, 87.375, 2.891226303188668e-24, nan 
-65.625, 87.375, 2.7054457649073147e-24, nan 
-65.375, 87.375, 2.7599159913952952e-24, nan 
-65.125, 87.375, 3.890812725715713e-24, nan 
-64.875, 87.375, 3.9979117006704774e-24, nan 
-64.625, 87.375, 4.139028022817217e-24, nan 
-64.375, 87.375, 4.2372656783678714e-24, nan 
-64.125, 87.375, 4.245838089066023e-24, nan 
-63.875, 87.375, 4.658967058759809e-24, nan 
-63.625, 87.375, 4.471986612549676e-24, nan 
-63.375, 87.375, 4.090536608952521e-24, nan 
-63.125, 87.375, 3.816672949305865e-24, nan 
-62.875, 87.375, 4.6465131864628295e-24, nan 
-62.625, 87.375, 5.41523412649404e-24, nan 
-62.375, 87.375, 5.289123238932382e-24, nan 
-62.125, 87.375, 5.421622338585887e-24, nan 
-61.875, 87.375, 4.666793290399414e-24, nan 
-61.625, 87.375, 5.696163851384191e-24, nan 
-61.375, 87.375, 6.681498792596667e-24, nan 
-61.125, 87.375, 6.420510212299623e-24, nan 
-60.875, 87.375, 5.472215580739764e-24, nan 
-60.625, 87.375, 4.744004951577365e-24, nan 
-60.375, 87.375, 4.280231061949648e-24, nan 
-60.125, 87.375, 3.6811895470101504e-24, nan 
-59.875, 87.375, 4.461177950721204e-24, nan 
-59.625, 87.375, 5.4351515218830195e-24, nan 
-59.375, 87.375, 6.0226318861676604e-24, nan 
-59.125, 87.375, 5.304822085133362e-24, nan 
-58.875, 87.375, 5.091927670723262e-24, nan 
-58.625, 87.375, 5.311995229713453e-24, nan 
-58.375, 87.375, 4.079024301010542e-24, nan 
-58.125, 87.375, 3.303665406851197e-24, nan 
-57.875, 87.375, 3.3654840881882695e-24, nan 
-57.625, 87.375, 3.615222387111222e-24, nan 
-57.375, 87.375, 4.031121293036293e-24, nan 
-57.125, 87.375, 4.298539188312105e-24, nan 
-56.875, 87.375, 4.7495668225952494e-24, nan 
-56.625, 87.375, 4.9577079829879034e-24, nan 
-56.375, 87.375, 5.6635392847075804e-24, nan 
-56.125, 87.375, 7.173432785874154e-24, nan 
-55.875, 87.375, 6.829929345154644e-24, nan 
-55.625, 87.375, 6.567413614847247e-24, nan 
-55.375, 87.375, 6.789318681663395e-24, nan 
-55.125, 87.375, 7.017749392665699e-24, nan 
-54.875, 87.375, 7.393806795652148e-24, nan 
-54.625, 87.375, 7.445467285283131e-24, nan 
-54.375, 87.375, 7.839543234481866e-24, nan 
-54.125, 87.375, 6.820459221769741e-24, nan 
-53.875, 87.375, 6.36111675384674e-24, nan 
-53.625, 87.375, 7.34128840519688e-24, nan 
-53.375, 87.375, 8.16572573348236e-24, nan 
-53.125, 87.375, 7.755351630690547e-24, nan 
-52.875, 87.375, 7.148642536861414e-24, nan 
-52.625, 87.375, 6.77429876583719e-24, nan 
-52.375, 87.375, 6.220533494976464e-24, nan 
-52.125, 87.375, 5.85623840057765e-24, nan 
-51.875, 87.375, 5.646787415745332e-24, nan 
-51.625, 87.375, 5.602373085236252e-24, nan 
-51.375, 87.375, 5.438077397880135e-24, nan 
-51.125, 87.375, 4.559375135011193e-24, nan 
-50.875, 87.375, 3.505071341994467e-24, nan 
-50.625, 87.375, 2.071278464470723e-24, nan 
-50.375, 87.375, 2.740657584962149e-24, nan 
-50.125, 87.375, 3.651548549506055e-24, nan 
-49.875, 87.375, 4.1681224677303516e-24, nan 
-49.625, 87.375, 4.228939057045086e-24, nan 
-49.375, 87.375, 4.033925228728162e-24, nan 
-49.125, 87.375, 3.904798368891298e-24, nan 
-48.875, 87.375, 4.526313147069298e-24, nan 
-48.625, 87.375, 4.411731102032806e-24, nan 
-48.375, 87.375, 3.659004961957409e-24, nan 
-48.125, 87.375, 2.846608998203643e-24, nan 
-47.875, 87.375, 2.5916334078272553e-24, nan 
-47.625, 87.375, 2.6577700835761827e-24, nan 
-47.375, 87.375, 2.936926724924145e-24, nan 
-47.125, 87.375, 3.374275918741236e-24, nan 
-46.875, 87.375, 3.562400087526153e-24, nan 
-46.625, 87.375, 3.4115490030502684e-24, nan 
-46.375, 87.375, 3.150503911392646e-24, nan 
-46.125, 87.375, 2.9219055839725673e-24, nan 
-45.875, 87.375, 2.999808985394121e-24, nan 
-45.625, 87.375, 6.0321583949073725e-24, nan 
-45.375, 87.375, 6.843372130481858e-24, nan 
-45.125, 87.375, 3.112459935320311e-24, nan 
-44.875, 87.375, 2.9572383090003604e-24, nan 
-44.625, 87.375, 3.561374743302867e-24, nan 
-44.375, 87.375, 2.924068682249679e-24, nan 
-44.125, 87.375, 2.0182088278997544e-24, nan 
-43.875, 87.375, 1.7269997211681178e-24, nan 
-43.625, 87.375, 3.3386252740729976e-24, nan 
-43.375, 87.375, 7.903728132000084e-24, nan 
-43.125, 87.375, 6.212889927696146e-24, nan 
-42.875, 87.375, 3.7083736462938674e-24, nan 
-42.625, 87.375, 2.2888856694194764e-24, nan 
-42.375, 87.375, 2.0167323875544812e-24, nan 
-42.125, 87.375, 2.0969620407618852e-24, nan 
-41.875, 87.375, 2.156151340840069e-24, nan 
-41.625, 87.375, 2.1722447917810395e-24, nan 
-41.375, 87.375, 2.1544146121808453e-24, nan 
-41.125, 87.375, 2.0416773869554686e-24, nan 
-40.875, 87.375, 2.0190602539717453e-24, nan 
-40.625, 87.375, 2.999983180096724e-24, nan 
-40.375, 87.375, 1.1209990918899127e-23, nan 
-40.125, 87.375, 1.4219891396572998e-23, nan 
-39.875, 87.375, 7.27798881161104e-24, nan 
-39.625, 87.375, 3.851267989395419e-24, nan 
-39.375, 87.375, 3.54716390613724e-24, nan 
-39.125, 87.375, 2.6895339557581085e-24, nan 
-38.875, 87.375, 2.2124481568980745e-24, nan 
-38.625, 87.375, 1.7905023789019558e-24, nan 
-38.375, 87.375, 4.711771403065848e-24, nan 
-38.125, 87.375, 1.3232816060044458e-23, nan 
-37.875, 87.375, 9.073588764521361e-24, nan 
-37.625, 87.375, 4.341063499731361e-24, nan 
-37.375, 87.375, 2.0546633757582852e-24, nan 
-37.125, 87.375, 2.1823921462542615e-24, nan 
-36.875, 87.375, 2.673224361018117e-24, nan 
-36.625, 87.375, 3.172992524311527e-24, nan 
-36.375, 87.375, 3.662165708658198e-24, nan 
-36.125, 87.375, 5.6557339260932084e-24, nan 
-35.875, 87.375, 9.677158388520686e-24, nan 
-35.625, 87.375, 1.1279209166691876e-23, nan 
-35.375, 87.375, 9.735952819238985e-24, nan 
-35.125, 87.375, 8.158991894173203e-24, nan 
-34.875, 87.375, 8.200926900352612e-24, nan 
-34.625, 87.375, 5.123422312311154e-24, nan 
-34.375, 87.375, 3.666455461571074e-24, nan 
-34.125, 87.375, 2.9751468976493313e-24, nan 
-33.875, 87.375, 1.92124922800221e-24, nan 
-33.625, 87.375, 1.395138177723883e-24, nan 
-33.375, 87.375, 1.3750922707239466e-24, nan 
-33.125, 87.375, 3.730169978917321e-24, nan 
-32.875, 87.375, 8.109572345536273e-24, nan 
-32.625, 87.375, 8.068005030647338e-24, nan 
-32.375, 87.375, 8.634699174368717e-24, nan 
-32.125, 87.375, 8.05735499091853e-24, nan 
-31.875, 87.375, 4.64968598137013e-24, nan 
-31.625, 87.375, 3.782583237361982e-24, nan 
-31.375, 87.375, 3.98935230501783e-24, nan 
-31.125, 87.375, 4.378111437841554e-24, nan 
-30.875, 87.375, 7.693902697172374e-24, nan 
-30.625, 87.375, 1.5467258708905082e-23, nan 
-30.375, 87.375, 1.7877429774931667e-23, nan 
-30.125, 87.375, 1.4625090818040557e-23, nan 
-29.875, 87.375, 5.647939291206073e-24, nan 
-29.625, 87.375, 3.5399028690041935e-24, nan 
-29.375, 87.375, 2.681349838983555e-24, nan 
-29.125, 87.375, 2.592103553042286e-24, nan 
-28.875, 87.375, 2.9049189541436575e-24, nan 
-28.625, 87.375, 3.169777758229871e-24, nan 
-28.375, 87.375, 3.671436313022182e-24, nan 
-28.125, 87.375, 4.9253672238354356e-24, nan 
-27.875, 87.375, 5.119866618391572e-24, nan 
-27.625, 87.375, 6.926764817682167e-24, nan 
-27.375, 87.375, 1.1145793962065259e-23, nan 
-27.125, 87.375, 1.6429157872247872e-23, nan 
-26.875, 87.375, 1.611795616197841e-23, nan 
-26.625, 87.375, 9.232144825686115e-24, nan 
-26.375, 87.375, 6.32624959137383e-24, nan 
-26.125, 87.375, 5.695347136826571e-24, nan 
-25.875, 87.375, 3.2163878102234873e-24, nan 
-25.625, 87.375, 2.2106886035563747e-24, nan 
-25.375, 87.375, 4.787656978676816e-24, nan 
-25.125, 87.375, 7.466722988531294e-24, nan 
-24.875, 87.375, 8.776367024191548e-24, nan 
-24.625, 87.375, 5.2586304518178785e-24, nan 
-24.375, 87.375, 3.02930521079957e-24, nan 
-24.125, 87.375, 4.199319244351556e-24, nan 
-23.875, 87.375, 4.891621652864288e-24, nan 
-23.625, 87.375, 5.0889590311404974e-24, nan 
-23.375, 87.375, 5.074286612162765e-24, nan 
-23.125, 87.375, 4.839036719960001e-24, nan 
-22.875, 87.375, 5.8448232942469135e-24, nan 
-22.625, 87.375, 4.645331541165911e-24, nan 
-22.375, 87.375, 3.3042375701905672e-24, nan 
-22.125, 87.375, 4.41205192278883e-24, nan 
-21.875, 87.375, 8.181211407590089e-24, nan 
-21.625, 87.375, 8.76804537772572e-24, nan 
-21.375, 87.375, 4.656010490236607e-24, nan 
-21.125, 87.375, 2.1234247925536712e-24, nan 
-20.875, 87.375, 1.9893329770766387e-24, nan 
-20.625, 87.375, 2.5481954084744762e-24, nan 
-20.375, 87.375, 3.428617334600206e-24, nan 
-20.125, 87.375, 2.6476977815019583e-24, nan 
-19.875, 87.375, 3.5504532623400996e-24, nan 
-19.625, 87.375, 7.1366077372959e-24, nan 
-19.375, 87.375, 3.2799760611174144e-24, nan 
-19.125, 87.375, 2.462021278239069e-24, nan 
-18.875, 87.375, 2.724891640671717e-24, nan 
-18.625, 87.375, 3.189683946831858e-24, nan 
-18.375, 87.375, 3.3796050287613456e-24, nan 
-18.125, 87.375, 3.2592578752347086e-24, nan 
-17.875, 87.375, 2.7066776475908072e-24, nan 
-17.625, 87.375, 3.7162000932796166e-24, nan 
-17.375, 87.375, 3.535594915071458e-24, nan 
-17.125, 87.375, 2.987193314543341e-24, nan 
-16.875, 87.375, 3.018544613839445e-24, nan 
-16.625, 87.375, 3.983342700648309e-24, nan 
-16.375, 87.375, 4.559773393028239e-24, nan 
-16.125, 87.375, 5.980036237572132e-24, nan 
-15.875, 87.375, 7.319784749134765e-24, nan 
-15.625, 87.375, 7.878020512686287e-24, nan 
-15.375, 87.375, 8.75916511005473e-24, nan 
-15.125, 87.375, 7.314249050495241e-24, nan 
-14.875, 87.375, 5.198926341914888e-24, nan 
-14.625, 87.375, 5.327627753283906e-24, nan 
-14.375, 87.375, 1.343494459352678e-23, nan 
-14.125, 87.375, 8.285833048802936e-24, nan 
-13.875, 87.375, 6.489706678016177e-24, nan 
-13.625, 87.375, 4.7072753908415725e-24, nan 
-13.375, 87.375, 4.35129835708059e-24, nan 
-13.125, 87.375, 4.244051707810127e-24, nan 
-12.875, 87.375, 4.092150210533096e-24, nan 
-12.625, 87.375, 4.232807092061017e-24, nan 
-12.375, 87.375, 6.731218271417497e-24, nan 
-12.125, 87.375, 6.477647930428659e-24, nan 
-11.875, 87.375, 6.151091459564856e-24, nan 
-11.625, 87.375, 5.3708681518094444e-24, nan 
-11.375, 87.375, 4.462555305069357e-24, nan 
-11.125, 87.375, 3.8322703045460285e-24, nan 
-10.875, 87.375, 5.0541370140088425e-24, nan 
-10.625, 87.375, 7.52398513832783e-24, nan 
-10.375, 87.375, 9.323508171462534e-24, nan 
-10.125, 87.375, 1.271722683095944e-23, nan 
-9.875, 87.375, 6.808252457026784e-24, nan 
-9.625, 87.375, 4.261421852372553e-24, nan 
-9.375, 87.375, 4.045192478345154e-24, nan 
-9.125, 87.375, 7.505910106494846e-24, nan 
-8.875, 87.375, 5.4036349095537506e-24, nan 
-8.625, 87.375, 4.5971492764821404e-24, nan 
-8.375, 87.375, 3.728123051579934e-24, nan 
-8.125, 87.375, 3.4915900345879705e-24, nan 
-7.875, 87.375, 3.286048506502115e-24, nan 
-7.625, 87.375, 3.1792486843193128e-24, nan 
-7.375, 87.375, 3.1841101544211183e-24, nan 
-7.125, 87.375, 3.9200541672101445e-24, nan 
-6.875, 87.375, 4.105212156273803e-24, nan 
-6.625, 87.375, 4.537117052161247e-24, nan 
-6.375, 87.375, 5.069213561843957e-24, nan 
-6.125, 87.375, 3.736854740072332e-24, nan 
-5.875, 87.375, 2.9466003580570757e-24, nan 
-5.625, 87.375, 1.477352668706207e-24, nan 
-5.375, 87.375, 2.484691108553967e-24, nan 
-5.125, 87.375, 4.1677404975533355e-24, nan 
-4.875, 87.375, 6.128426487012554e-24, nan 
-4.625, 87.375, 5.676385121816733e-24, nan 
-4.375, 87.375, 6.282660656882686e-24, nan 
-4.125, 87.375, 6.231035172573692e-24, nan 
-3.875, 87.375, 6.130807712807214e-24, nan 
-3.625, 87.375, 5.999316046649531e-24, nan 
-3.375, 87.375, 5.439282292749431e-24, nan 
-3.125, 87.375, 4.732309795524321e-24, nan 
-2.875, 87.375, 4.454833366079521e-24, nan 
-2.625, 87.375, 4.219337485248646e-24, nan 
-2.375, 87.375, 4.245857060581659e-24, nan 
-2.125, 87.375, 4.535044755785716e-24, nan 
-1.875, 87.375, 4.696764914609509e-24, nan 
-1.625, 87.375, 5.0396152927365194e-24, nan 
-1.375, 87.375, 6.052283004652116e-24, nan 
-1.125, 87.375, 7.145251159476503e-24, nan 
-0.875, 87.375, 6.553927320308109e-24, nan 
-0.625, 87.375, 6.87711071297987e-24, nan 
-0.375, 87.375, 7.129150640571006e-24, nan 
-0.125, 87.375, 7.066233135767588e-24, nan 
0.125, 87.375, 7.925712481570165e-24, nan 
0.375, 87.375, 8.319753531622494e-24, nan 
0.625, 87.375, 8.830846677018303e-24, nan 
0.875, 87.375, 8.868577605915614e-24, nan 
1.125, 87.375, 8.167256831989449e-24, nan 
1.375, 87.375, 7.255796690640767e-24, nan 
1.625, 87.375, 6.29344800670338e-24, nan 
1.875, 87.375, 4.8893924249343675e-24, nan 
2.125, 87.375, 3.6539321724777235e-24, nan 
2.375, 87.375, 2.8706253175461335e-24, nan 
2.625, 87.375, 2.5775268500244746e-24, nan 
2.875, 87.375, 2.5068825569053637e-24, nan 
3.125, 87.375, 2.5556117036741518e-24, nan 
3.375, 87.375, 2.6257279057931647e-24, nan 
3.625, 87.375, 2.7072249376384657e-24, nan 
3.875, 87.375, 2.80241632670665e-24, nan 
4.125, 87.375, 2.843535100093078e-24, nan 
4.375, 87.375, 4.3462020602609675e-24, nan 
4.625, 87.375, 5.23784821419143e-24, nan 
4.875, 87.375, 5.679619055178066e-24, nan 
5.125, 87.375, 5.9340896508437094e-24, nan 
5.375, 87.375, 6.836676609917788e-24, nan 
5.625, 87.375, 6.975544827975773e-24, nan 
5.875, 87.375, 7.292127845457823e-24, nan 
6.125, 87.375, 6.5655853130446406e-24, nan 
6.375, 87.375, 6.133357498601566e-24, nan 
6.625, 87.375, 5.990584986728677e-24, nan 
6.875, 87.375, 6.09215963651895e-24, nan 
7.125, 87.375, 6.31291379580703e-24, nan 
7.375, 87.375, 5.821757495366769e-24, nan 
7.625, 87.375, 4.483218591677874e-24, nan 
7.875, 87.375, 4.6036472437601224e-24, nan 
8.125, 87.375, 3.579395335880835e-24, nan 
8.375, 87.375, 3.029176665272698e-24, nan 
8.625, 87.375, 2.77919559440047e-24, nan 
8.875, 87.375, 4.765737129115225e-24, nan 
9.125, 87.375, 3.984946005999622e-24, nan 
9.375, 87.375, 3.9667204352407835e-24, nan 
9.625, 87.375, 4.012018754454109e-24, nan 
9.875, 87.375, 4.0985092306011574e-24, nan 
10.125, 87.375, 4.259774131112823e-24, nan 
10.375, 87.375, 4.15409157422459e-24, nan 
10.625, 87.375, 2.4302863697036524e-24, nan 
10.875, 87.375, 3.641350248831485e-24, nan 
11.125, 87.375, 3.529021232963506e-24, nan 
11.375, 87.375, 2.6470804698577626e-24, nan 
11.625, 87.375, 1.1771892550083434e-24, nan 
11.875, 87.375, 3.1966660234284743e-24, nan 
12.125, 87.375, 5.622697315422921e-24, nan 
12.375, 87.375, 7.75057925280875e-24, nan 
12.625, 87.375, 8.816485453712096e-24, nan 
12.875, 87.375, 6.221629351747562e-24, nan 
13.125, 87.375, 6.765042394420254e-24, nan 
13.375, 87.375, 4.788917434912896e-24, nan 
13.625, 87.375, 2.5039511690592496e-24, nan 
13.875, 87.375, 3.370736851205281e-24, nan 
14.125, 87.375, 6.63878831674821e-24, nan 
14.375, 87.375, 4.677128790914266e-24, nan 
14.625, 87.375, 5.105327948325976e-24, nan 
14.875, 87.375, 5.033929611272725e-24, nan 
15.125, 87.375, 5.0488222234276105e-24, nan 
15.375, 87.375, 5.296419031027648e-24, nan 
15.625, 87.375, 5.2217673059523745e-24, nan 
15.875, 87.375, 3.1650832109204246e-24, nan 
16.125, 87.375, 5.7492538231982164e-24, nan 
16.375, 87.375, 4.74805397250322e-24, nan 
16.625, 87.375, 3.719145635128233e-24, nan 
16.875, 87.375, 1.728306392531461e-24, nan 
17.125, 87.375, 1.951782498920569e-24, nan 
17.375, 87.375, 3.863843752190755e-24, nan 
17.625, 87.375, 5.318762849454967e-24, nan 
17.875, 87.375, 5.34763954754594e-24, nan 
18.125, 87.375, 4.450440702392797e-24, nan 
18.375, 87.375, 4.781665553015466e-24, nan 
18.625, 87.375, 3.0129609269635126e-24, nan 
18.875, 87.375, 2.7372020728305613e-24, nan 
19.125, 87.375, 2.892683887612654e-24, nan 
19.375, 87.375, 4.147248926463508e-24, nan 
19.625, 87.375, 3.914295262622108e-24, nan 
19.875, 87.375, 4.038428183802021e-24, nan 
20.125, 87.375, 4.057618600499806e-24, nan 
20.375, 87.375, 3.669254838658739e-24, nan 
20.625, 87.375, 3.5983607870492645e-24, nan 
20.875, 87.375, 2.8570063974670852e-24, nan 
21.125, 87.375, 2.73066584098126e-24, nan 
21.375, 87.375, 2.4431662142269977e-24, nan 
21.625, 87.375, 2.646004430165161e-24, nan 
21.875, 87.375, 3.575411453502807e-24, nan 
22.125, 87.375, 4.076729339364281e-24, nan 
22.375, 87.375, 3.908308184237778e-24, nan 
22.625, 87.375, 3.7311115001773884e-24, nan 
22.875, 87.375, 3.2844009901705057e-24, nan 
23.125, 87.375, 2.707191548534253e-24, nan 
23.375, 87.375, 2.268697040846306e-24, nan 
23.625, 87.375, 1.9367184575043252e-24, nan 
23.875, 87.375, 1.989609516781755e-24, nan 
24.125, 87.375, 2.2377062382176575e-24, nan 
24.375, 87.375, 2.3387310206938303e-24, nan 
24.625, 87.375, 2.3765899533341324e-24, nan 
24.875, 87.375, 2.4404157449942698e-24, nan 
25.125, 87.375, 2.4111659110917782e-24, nan 
25.375, 87.375, 2.469496310398838e-24, nan 
25.625, 87.375, 2.7972800629058547e-24, nan 
25.875, 87.375, 3.568393762846318e-24, nan 
26.125, 87.375, 2.595719004800349e-24, nan 
26.375, 87.375, 3.421065411470534e-24, nan 
26.625, 87.375, 4.8022194103941414e-24, nan 
26.875, 87.375, 3.9307760077905115e-24, nan 
27.125, 87.375, 3.072764016523253e-24, nan 
27.375, 87.375, 3.453977900854301e-24, nan 
27.625, 87.375, 3.2165698734822012e-24, nan 
27.875, 87.375, 2.9912278362339723e-24, nan 
28.125, 87.375, 2.6036104774716385e-24, nan 
28.375, 87.375, 2.2802478505577392e-24, nan 
28.625, 87.375, 1.9815469721828667e-24, nan 
28.875, 87.375, 1.7862834281480325e-24, nan 
29.125, 87.375, 1.8663393982939613e-24, nan 
29.375, 87.375, 1.6084445515163016e-24, nan 
29.625, 87.375, 1.607105015802526e-24, nan 
29.875, 87.375, 1.613224531739694e-24, nan 
30.125, 87.375, 1.7566742972483478e-24, nan 
30.375, 87.375, 1.6191488961095798e-24, nan 
30.625, 87.375, 1.293902744848911e-24, nan 
30.875, 87.375, 1.1964723246294856e-24, nan 
31.125, 87.375, 1.1086477862491954e-24, nan 
31.375, 87.375, 1.7923516949786993e-24, nan 
31.625, 87.375, 2.091778220067884e-24, nan 
31.875, 87.375, 2.696805616988564e-24, nan 
32.125, 87.375, 2.0132147020331e-24, nan 
32.375, 87.375, 1.0372235777902279e-24, nan 
32.625, 87.375, 1.1219446813197631e-24, nan 
32.875, 87.375, 1.2122311514467184e-24, nan 
33.125, 87.375, 1.284580898350525e-24, nan 
33.375, 87.375, 1.3337458933622343e-24, nan 
33.625, 87.375, 1.3499066992852682e-24, nan 
33.875, 87.375, 1.4017672869892196e-24, nan 
34.125, 87.375, 1.6597675421019902e-24, nan 
34.375, 87.375, 2.107166500857203e-24, nan 
34.625, 87.375, 1.5341500176085404e-24, nan 
34.875, 87.375, 1.4425082444609787e-24, nan 
35.125, 87.375, 1.518689181654005e-24, nan 
35.375, 87.375, 1.9041281578536695e-24, nan 
35.625, 87.375, 1.202525068393799e-24, nan 
35.875, 87.375, 1.3557890079082847e-24, nan 
36.125, 87.375, 1.0786807631579125e-24, nan 
36.375, 87.375, 1.0009895658472336e-24, nan 
36.625, 87.375, 9.855474360658343e-25, nan 
36.875, 87.375, 1.2376209345118798e-24, nan 
37.125, 87.375, 1.2141773509872603e-24, nan 
37.375, 87.375, 1.1609533265635836e-24, nan 
37.625, 87.375, 1.1334847175648565e-24, nan 
37.875, 87.375, 1.0941033212014116e-24, nan 
38.125, 87.375, 1.0407335577753003e-24, nan 
38.375, 87.375, 9.560622842387292e-25, nan 
38.625, 87.375, 9.569095925666936e-25, nan 
38.875, 87.375, 8.660923515433764e-25, nan 
39.125, 87.375, 7.816804506675921e-25, nan 
39.375, 87.375, 7.480007799987862e-25, nan 
39.625, 87.375, 1.0088328821262418e-24, nan 
39.875, 87.375, 1.023333079585081e-24, nan 
40.125, 87.375, 1.026391692103835e-24, nan 
40.375, 87.375, 1.082497538012154e-24, nan 
40.625, 87.375, 1.0865917870471597e-24, nan 
40.875, 87.375, 7.545371453475408e-25, nan 
41.125, 87.375, 1.3367519772772519e-24, nan 
41.375, 87.375, 1.225869424424143e-24, nan 
41.625, 87.375, 1.4551209873669012e-24, nan 
41.875, 87.375, 1.543000187549588e-24, nan 
42.125, 87.375, 1.7532263418273298e-24, nan 
42.375, 87.375, 1.7660374526953747e-24, nan 
42.625, 87.375, 1.854094676808772e-24, nan 
42.875, 87.375, 1.8887727998937638e-24, nan 
43.125, 87.375, 1.915650957378684e-24, nan 
43.375, 87.375, 1.918906498396105e-24, nan 
43.625, 87.375, 2.00392248905739e-24, nan 
43.875, 87.375, 2.0590353895478347e-24, nan 
44.125, 87.375, 2.1205870960855195e-24, nan 
44.375, 87.375, 2.1566184640075435e-24, nan 
44.625, 87.375, 2.1185826911282624e-24, nan 
44.875, 87.375, 1.980251359744109e-24, nan 
45.125, 87.375, 1.7766041863065077e-24, nan 
45.375, 87.375, 1.6235894358135296e-24, nan 
45.625, 87.375, 1.4507517206111507e-24, nan 
45.875, 87.375, 1.3713455357764492e-24, nan 
46.125, 87.375, 1.0120596078738815e-24, nan 
46.375, 87.375, 1.214988410486777e-24, nan 
46.625, 87.375, 1.721794508592459e-24, nan 
46.875, 87.375, 2.0100064079863436e-24, nan 
47.125, 87.375, 2.0978965901111537e-24, nan 
47.375, 87.375, 2.0001537606381863e-24, nan 
47.625, 87.375, 2.1013639988569807e-24, nan 
47.875, 87.375, 2.22254363743975e-24, nan 
48.125, 87.375, 2.4204006570149445e-24, nan 
48.375, 87.375, 2.7747063576332396e-24, nan 
48.625, 87.375, 2.9348672583968544e-24, nan 
48.875, 87.375, 3.535871894450906e-24, nan 
49.125, 87.375, 4.857459415107538e-24, nan 
49.375, 87.375, 3.991589885991853e-24, nan 
49.625, 87.375, 3.252337617304655e-24, nan 
49.875, 87.375, 1.4041590433289538e-24, nan 
50.125, 87.375, 1.2972071121128622e-24, nan 
50.375, 87.375, 1.4883417738820844e-24, nan 
50.625, 87.375, 7.5192149144902515e-25, nan 
50.875, 87.375, 1.219299290779431e-24, nan 
51.125, 87.375, 1.464384063887847e-24, nan 
51.375, 87.375, 1.3438574177356255e-24, nan 
51.625, 87.375, 1.3151885585947301e-24, nan 
51.875, 87.375, 1.4843143416254193e-24, nan 
52.125, 87.375, 5.9331536490352195e-25, nan 
52.375, 87.375, 9.407879167141057e-25, nan 
52.625, 87.375, 1.16851270698717e-24, nan 
52.875, 87.375, 1.3483233265870128e-24, nan 
53.125, 87.375, 1.5033776009003946e-24, nan 
53.375, 87.375, 1.7939781718049845e-24, nan 
53.625, 87.375, 2.403746430966982e-24, nan 
53.875, 87.375, 2.6265971315420057e-24, nan 
54.125, 87.375, 3.423242469357084e-24, nan 
54.375, 87.375, 5.551531928299031e-24, nan 
54.625, 87.375, 4.013833750678098e-24, nan 
54.875, 87.375, 2.9893648930320702e-24, nan 
55.125, 87.375, 3.0098284511145604e-24, nan 
55.375, 87.375, 4.028320618166227e-24, nan 
55.625, 87.375, 2.7531942997057493e-24, nan 
55.875, 87.375, 3.2196331183087674e-24, nan 
56.125, 87.375, 3.876661593866404e-24, nan 
56.375, 87.375, 4.1959159756172205e-24, nan 
56.625, 87.375, 4.240405720312978e-24, nan 
56.875, 87.375, 4.1612225491616405e-24, nan 
57.125, 87.375, 3.9636021080291084e-24, nan 
57.375, 87.375, 3.042145240766995e-24, nan 
57.625, 87.375, 3.333700161534758e-24, nan 
57.875, 87.375, 3.691926820351928e-24, nan 
58.125, 87.375, 3.910799896796538e-24, nan 
58.375, 87.375, 3.925014846944528e-24, nan 
58.625, 87.375, 3.918232026986077e-24, nan 
58.875, 87.375, 3.88723692579748e-24, nan 
59.125, 87.375, 3.851067429603449e-24, nan 
59.375, 87.375, 3.886009501826864e-24, nan 
59.625, 87.375, 4.3388496702908084e-24, nan 
59.875, 87.375, 4.106484042793707e-24, nan 
60.125, 87.375, 4.047556883881257e-24, nan 
60.375, 87.375, 4.666998563511738e-24, nan 
60.625, 87.375, 5.25742159553727e-24, nan 
60.875, 87.375, 4.623486435225962e-24, nan 
61.125, 87.375, 4.9829442995318326e-24, nan 
61.375, 87.375, 5.030656281930063e-24, nan 
61.625, 87.375, 4.907635330029272e-24, nan 
61.875, 87.375, 4.571584791122554e-24, nan 
62.125, 87.375, 4.0555081717348675e-24, nan 
62.375, 87.375, 4.478757999567318e-24, nan 
62.625, 87.375, 4.5073197221069866e-24, nan 
62.875, 87.375, 4.102294039512812e-24, nan 
63.125, 87.375, 3.43480109239121e-24, nan 
63.375, 87.375, 3.1926798860775485e-24, nan 
63.625, 87.375, 2.9456032484732144e-24, nan 
63.875, 87.375, 2.907828237973322e-24, nan 
64.125, 87.375, 2.9239245731386284e-24, nan 
64.375, 87.375, 3.055915660429335e-24, nan 
64.625, 87.375, 2.788106652535271e-24, nan 
64.875, 87.375, 2.7194392974160355e-24, nan 
65.125, 87.375, 2.7155976024146197e-24, nan 
65.375, 87.375, 2.7176557071192203e-24, nan 
65.625, 87.375, 2.879088493073009e-24, nan 
65.875, 87.375, 3.831705928519791e-24, nan 
66.125, 87.375, 4.107205845078239e-24, nan 
66.375, 87.375, 4.226143474315815e-24, nan 
66.625, 87.375, 4.195676121941174e-24, nan 
66.875, 87.375, 4.018074566254236e-24, nan 
67.125, 87.375, 3.803122794702951e-24, nan 
67.375, 87.375, 3.451822893620519e-24, nan 
67.625, 87.375, 3.2425904216360667e-24, nan 
67.875, 87.375, 3.3320217928309756e-24, nan 
68.125, 87.375, 3.182760519639177e-24, nan 
68.375, 87.375, 2.5917546761690376e-24, nan 
68.625, 87.375, 2.5465910240751617e-24, nan 
68.875, 87.375, 3.146591383408334e-24, nan 
69.125, 87.375, 3.222809066096359e-24, nan 
69.375, 87.375, 2.979142338388264e-24, nan 
69.625, 87.375, 3.1881014241836404e-24, nan 
69.875, 87.375, 3.06079355997704e-24, nan 
70.125, 87.375, 2.0334952058847594e-24, nan 
70.375, 87.375, 1.8397258712622797e-24, nan 
70.625, 87.375, 1.7840080357565686e-24, nan 
70.875, 87.375, 2.192148763173925e-24, nan 
71.125, 87.375, 2.9692729295083733e-24, nan 
71.375, 87.375, 3.109679306055912e-24, nan 
71.625, 87.375, 3.349983099721723e-24, nan 
71.875, 87.375, 3.387606560023161e-24, nan 
72.125, 87.375, 3.371974706748309e-24, nan 
72.375, 87.375, 3.308510385758491e-24, nan 
72.625, 87.375, 3.358072766755543e-24, nan 
72.875, 87.375, 3.540854373778169e-24, nan 
73.125, 87.375, 3.795291902015869e-24, nan 
73.375, 87.375, 4.169139276227996e-24, nan 
73.625, 87.375, 3.59985504240475e-24, nan 
73.875, 87.375, 4.918344416422681e-24, nan 
74.125, 87.375, 5.248632715788046e-24, nan 
74.375, 87.375, 5.649834823499833e-24, nan 
74.625, 87.375, 5.434638145519356e-24, nan 
74.875, 87.375, 5.833614026431745e-24, nan 
75.125, 87.375, 4.599804772328059e-24, nan 
75.375, 87.375, 2.1663473772905745e-24, nan 
75.625, 87.375, 2.402927859086076e-24, nan 
75.875, 87.375, 2.3265764474203392e-24, nan 
76.125, 87.375, 2.609843557762843e-24, nan 
76.375, 87.375, 2.911742990178609e-24, nan 
76.625, 87.375, 3.4088327012314145e-24, nan 
76.875, 87.375, 3.69672916951194e-24, nan 
77.125, 87.375, 3.2919106470658224e-24, nan 
77.375, 87.375, 3.415971482121929e-24, nan 
77.625, 87.375, 2.7831041042873402e-24, nan 
77.875, 87.375, 2.5176796308398794e-24, nan 
78.125, 87.375, 2.4170886582525495e-24, nan 
78.375, 87.375, 2.582053662864475e-24, nan 
78.625, 87.375, 4.118594115600089e-24, nan 
78.875, 87.375, 2.8036881294514146e-24, nan 
79.125, 87.375, 5.0377354198368126e-24, nan 
79.375, 87.375, 6.0203266206889844e-24, nan 
79.625, 87.375, 6.416197759917864e-24, nan 
79.875, 87.375, 6.396593763517294e-24, nan 
80.125, 87.375, 6.621483602759319e-24, nan 
80.375, 87.375, 4.842441902250755e-24, nan 
80.625, 87.375, 4.1636765874692786e-24, nan 
80.875, 87.375, 4.31593849768448e-24, nan 
81.125, 87.375, 4.360625332181997e-24, nan 
81.375, 87.375, 4.396930830303883e-24, nan 
81.625, 87.375, 4.402503943846257e-24, nan 
81.875, 87.375, 4.767476614124003e-24, nan 
82.125, 87.375, 5.131134270823933e-24, nan 
82.375, 87.375, 4.01647812276515e-24, nan 
82.625, 87.375, 3.482437950645466e-24, nan 
82.875, 87.375, 3.366728635203427e-24, nan 
83.125, 87.375, 3.371390281164949e-24, nan 
83.375, 87.375, 3.3245250179928514e-24, nan 
83.625, 87.375, 3.2820131431587818e-24, nan 
83.875, 87.375, 3.664472539419542e-24, nan 
84.125, 87.375, 2.939215964910891e-24, nan 
84.375, 87.375, 3.2315258408283044e-24, nan 
84.625, 87.375, 4.312600819336428e-24, nan 
84.875, 87.375, 4.407283841331696e-24, nan 
85.125, 87.375, 4.4587877350517956e-24, nan 
85.375, 87.375, 4.5408341673100206e-24, nan 
85.625, 87.375, 4.867759903553901e-24, nan 
85.875, 87.375, 5.130430958163819e-24, nan 
86.125, 87.375, 5.340359663470271e-24, nan 
86.375, 87.375, 5.4153711177955955e-24, nan 
86.625, 87.375, 5.405702504577804e-24, nan 
86.875, 87.375, 5.210187920862039e-24, nan 
87.125, 87.375, 4.286391915442716e-24, nan 
87.375, 87.375, 3.5402332255533535e-24, nan 
87.625, 87.375, 3.3356487619624036e-24, nan 
87.875, 87.375, 3.419925407837954e-24, nan 
88.125, 87.375, 3.574939802330323e-24, nan 
88.375, 87.375, 3.6033199559663644e-24, nan 
88.625, 87.375, 3.549968028861449e-24, nan 
88.875, 87.375, 3.436036423470114e-24, nan 
89.125, 87.375, 3.2438967287514646e-24, nan 
89.375, 87.375, 2.9697433722447088e-24, nan 
89.625, 87.375, 2.6280324327704043e-24, nan 
89.875, 87.375, 2.881330457581607e-24, nan 
90.125, 87.375, 2.9523844687293327e-24, nan 
90.375, 87.375, 3.0308940784176848e-24, nan 
90.625, 87.375, 3.1219467160487753e-24, nan 
90.875, 87.375, 3.18234441121915e-24, nan 
91.125, 87.375, 3.005012300885842e-24, nan 
91.375, 87.375, 2.9203986716274288e-24, nan 
91.625, 87.375, 3.009141557303255e-24, nan 
-124.625, 87.625, 3.186363524006272e-24, nan 
-124.375, 87.625, 3.0165631885686153e-24, nan 
-124.125, 87.625, 3.0868481114868684e-24, nan 
-123.875, 87.625, 3.0304598533408067e-24, nan 
-123.625, 87.625, 3.0950811184967343e-24, nan 
-123.375, 87.625, 3.2705796996307207e-24, nan 
-123.125, 87.625, 3.478397787914056e-24, nan 
-122.875, 87.625, 3.568201161258058e-24, nan 
-122.625, 87.625, 4.086037924370277e-24, nan 
-122.375, 87.625, 4.781990553837123e-24, nan 
-122.125, 87.625, 5.2406794965387486e-24, nan 
-121.875, 87.625, 4.2672558323172974e-24, nan 
-121.625, 87.625, 3.959963564368461e-24, nan 
-121.375, 87.625, 4.0985173053824255e-24, nan 
-121.125, 87.625, 4.414216912784664e-24, nan 
-120.875, 87.625, 4.2717684530754956e-24, nan 
-120.625, 87.625, 3.9467496875784386e-24, nan 
-120.375, 87.625, 3.68314335792781e-24, nan 
-120.125, 87.625, 3.680247025912961e-24, nan 
-119.875, 87.625, 4.690231015939471e-24, nan 
-119.625, 87.625, 4.653594836537196e-24, nan 
-119.375, 87.625, 4.6711040424025355e-24, nan 
-119.125, 87.625, 4.661037135609254e-24, nan 
-118.875, 87.625, 4.654693603245601e-24, nan 
-118.625, 87.625, 4.597388098216066e-24, nan 
-118.375, 87.625, 4.5282960800271875e-24, nan 
-118.125, 87.625, 4.348292741680575e-24, nan 
-117.875, 87.625, 4.0185641625660465e-24, nan 
-117.625, 87.625, 3.58126814558692e-24, nan 
-117.375, 87.625, 2.602227192577183e-24, nan 
-117.125, 87.625, 2.1706744022283826e-24, nan 
-116.875, 87.625, 1.84985565007902e-24, nan 
-116.625, 87.625, 1.6854882784483608e-24, nan 
-116.375, 87.625, 2.6251224474831823e-24, nan 
-116.125, 87.625, 2.5879408149263177e-24, nan 
-115.875, 87.625, 2.54312595671049e-24, nan 
-115.625, 87.625, 2.4083301478834236e-24, nan 
-115.375, 87.625, 2.3627581132426953e-24, nan 
-115.125, 87.625, 2.063551860421458e-24, nan 
-114.875, 87.625, 2.1222855110922278e-24, nan 
-114.625, 87.625, 1.967321620900384e-24, nan 
-114.375, 87.625, 2.2153815911433815e-24, nan 
-114.125, 87.625, 2.1233648872923123e-24, nan 
-113.875, 87.625, 1.7998868331950174e-24, nan 
-113.625, 87.625, 1.84384906563658e-24, nan 
-113.375, 87.625, 1.7701653947472365e-24, nan 
-113.125, 87.625, 1.5093043068500582e-24, nan 
-112.875, 87.625, 1.1301117810394793e-24, nan 
-112.625, 87.625, 1.1396013956232505e-24, nan 
-112.375, 87.625, 1.3576447044736626e-24, nan 
-112.125, 87.625, 1.4473944376438288e-24, nan 
-111.875, 87.625, 1.4196701515837206e-24, nan 
-111.625, 87.625, 1.3239812884265463e-24, nan 
-111.375, 87.625, 1.5214342079067848e-24, nan 
-111.125, 87.625, 1.919780486243116e-24, nan 
-110.875, 87.625, 2.4474127750730332e-24, nan 
-110.625, 87.625, 1.338064720450333e-24, nan 
-110.375, 87.625, 1.0336717121632166e-24, nan 
-110.125, 87.625, 1.8631668602293065e-24, nan 
-109.875, 87.625, 2.2513536943323006e-24, nan 
-109.625, 87.625, 2.405110402762836e-24, nan 
-109.375, 87.625, 2.0339235163020576e-24, nan 
-109.125, 87.625, 2.166466736085168e-24, nan 
-108.875, 87.625, 2.8570756922612858e-24, nan 
-108.625, 87.625, 3.148116510284798e-24, nan 
-108.375, 87.625, 3.479472174281043e-24, nan 
-108.125, 87.625, 3.3853741778272936e-24, nan 
-107.875, 87.625, 3.379293399520967e-24, nan 
-107.625, 87.625, 3.399042248367497e-24, nan 
-107.375, 87.625, 3.1424345387118647e-24, nan 
-107.125, 87.625, 3.2475124275002353e-24, nan 
-106.875, 87.625, 4.029477022926119e-24, nan 
-106.625, 87.625, 4.911554596021749e-24, nan 
-106.375, 87.625, 4.3540358338785984e-24, nan 
-106.125, 87.625, 3.079265512068644e-24, nan 
-105.875, 87.625, 2.321353319124403e-24, nan 
-105.625, 87.625, 2.828274528703841e-24, nan 
-105.375, 87.625, 2.694846623316061e-24, nan 
-105.125, 87.625, 2.3977202532615893e-24, nan 
-104.875, 87.625, 2.282230875106592e-24, nan 
-104.625, 87.625, 2.1057728609856726e-24, nan 
-104.375, 87.625, 1.0309885656915385e-24, nan 
-104.125, 87.625, 1.303928651383765e-24, nan 
-103.875, 87.625, 1.91201060481421e-24, nan 
-103.625, 87.625, 2.6215895193763453e-24, nan 
-103.375, 87.625, 2.8998719859800804e-24, nan 
-103.125, 87.625, 2.1652280012913147e-24, nan 
-102.875, 87.625, 2.3714037061567102e-24, nan 
-102.625, 87.625, 3.373851383552463e-24, nan 
-102.375, 87.625, 4.205471545370186e-24, nan 
-102.125, 87.625, 4.4363859255965825e-24, nan 
-101.875, 87.625, 4.4505222984834956e-24, nan 
-101.625, 87.625, 4.456599449759928e-24, nan 
-101.375, 87.625, 4.2945682730683454e-24, nan 
-101.125, 87.625, 3.724200754350577e-24, nan 
-100.875, 87.625, 4.3092716443880984e-24, nan 
-100.625, 87.625, 6.0109984398545856e-24, nan 
-100.375, 87.625, 7.479040079832774e-24, nan 
-100.125, 87.625, 7.31129480334358e-24, nan 
-99.875, 87.625, 5.7741364854411545e-24, nan 
-99.625, 87.625, 4.977637869147493e-24, nan 
-99.375, 87.625, 5.81468181599487e-24, nan 
-99.125, 87.625, 5.786985920408254e-24, nan 
-98.875, 87.625, 5.790815790431765e-24, nan 
-98.625, 87.625, 5.8825272580738334e-24, nan 
-98.375, 87.625, 5.061762325928773e-24, nan 
-98.125, 87.625, 3.83662998862021e-24, nan 
-97.875, 87.625, 3.538701429257933e-24, nan 
-97.625, 87.625, 3.611994666681145e-24, nan 
-97.375, 87.625, 3.852318203900075e-24, nan 
-97.125, 87.625, 3.956488317788034e-24, nan 
-96.875, 87.625, 3.796720039862873e-24, nan 
-96.625, 87.625, 3.862865794718799e-24, nan 
-96.375, 87.625, 4.445126358479378e-24, nan 
-96.125, 87.625, 5.393657683344866e-24, nan 
-95.875, 87.625, 5.4449272792616766e-24, nan 
-95.625, 87.625, 5.3907493002357706e-24, nan 
-95.375, 87.625, 5.4347574412728004e-24, nan 
-95.125, 87.625, 5.282809433422114e-24, nan 
-94.875, 87.625, 5.1319388622901344e-24, nan 
-94.625, 87.625, 5.220704046324973e-24, nan 
-94.375, 87.625, 5.731919541818306e-24, nan 
-94.125, 87.625, 6.104506549952683e-24, nan 
-93.875, 87.625, 6.191532166667096e-24, nan 
-93.625, 87.625, 6.061034613741116e-24, nan 
-93.375, 87.625, 5.716226497261032e-24, nan 
-93.125, 87.625, 5.959828643281706e-24, nan 
-92.875, 87.625, 5.583005158861797e-24, nan 
-92.625, 87.625, 5.6406080289821905e-24, nan 
-92.375, 87.625, 5.78586729535443e-24, nan 
-92.125, 87.625, 5.356312854831303e-24, nan 
-91.875, 87.625, 4.812162015911559e-24, nan 
-91.625, 87.625, 4.4799975621979216e-24, nan 
-91.375, 87.625, 4.206460549640489e-24, nan 
-91.125, 87.625, 4.101078461441099e-24, nan 
-90.875, 87.625, 3.938771370185005e-24, nan 
-90.625, 87.625, 3.798559027547637e-24, nan 
-90.375, 87.625, 3.713899432574697e-24, nan 
-90.125, 87.625, 3.8945923047033435e-24, nan 
-89.875, 87.625, 5.0987331079576985e-24, nan 
-89.625, 87.625, 4.843611383564178e-24, nan 
-89.375, 87.625, 4.616144113655491e-24, nan 
-89.125, 87.625, 4.2882967260065766e-24, nan 
-88.875, 87.625, 4.1301064678147055e-24, nan 
-88.625, 87.625, 3.999071978873531e-24, nan 
-88.375, 87.625, 3.876779270124638e-24, nan 
-88.125, 87.625, 3.503931315358894e-24, nan 
-87.875, 87.625, 3.180768360801234e-24, nan 
-87.625, 87.625, 2.7003564725968745e-24, nan 
-87.375, 87.625, 2.0980417019671013e-24, nan 
-87.125, 87.625, 1.9362382630075043e-24, nan 
-86.875, 87.625, 1.874591818984455e-24, nan 
-86.625, 87.625, 1.8278150838785932e-24, nan 
-86.375, 87.625, 1.9998860627034064e-24, nan 
-86.125, 87.625, 3.0428031753559018e-24, nan 
-85.875, 87.625, 3.4944606152932116e-24, nan 
-85.625, 87.625, 3.280596714593812e-24, nan 
-85.375, 87.625, 2.729863001255757e-24, nan 
-85.125, 87.625, 2.1217812138895013e-24, nan 
-84.875, 87.625, 2.090405062986651e-24, nan 
-84.625, 87.625, 1.799241216039278e-24, nan 
-84.375, 87.625, 2.0712923402336002e-24, nan 
-84.125, 87.625, 1.6132311244204775e-24, nan 
-83.875, 87.625, 1.9204020671051064e-24, nan 
-83.625, 87.625, 2.206244424177587e-24, nan 
-83.375, 87.625, 1.9544852685604915e-24, nan 
-83.125, 87.625, 1.8459174901789154e-24, nan 
-82.875, 87.625, 1.82080337444445e-24, nan 
-82.625, 87.625, 2.063146700178029e-24, nan 
-82.375, 87.625, 2.0600604275970588e-24, nan 
-82.125, 87.625, 2.2061431388995343e-24, nan 
-81.875, 87.625, 3.0626422926563547e-24, nan 
-81.625, 87.625, 2.1301638616105754e-24, nan 
-81.375, 87.625, 2.2349515243777657e-24, nan 
-81.125, 87.625, 2.5352587117122644e-24, nan 
-80.875, 87.625, 2.6917917947131652e-24, nan 
-80.625, 87.625, 2.9166425108487813e-24, nan 
-80.375, 87.625, 3.0126779150161117e-24, nan 
-80.125, 87.625, 2.930852476280472e-24, nan 
-79.875, 87.625, 2.9888800071119398e-24, nan 
-79.625, 87.625, 3.998284117558279e-24, nan 
-79.375, 87.625, 3.919469679690323e-24, nan 
-79.125, 87.625, 3.735628745122642e-24, nan 
-78.875, 87.625, 3.569275531370601e-24, nan 
-78.625, 87.625, 3.681810014040573e-24, nan 
-78.375, 87.625, 3.2843159862092805e-24, nan 
-78.125, 87.625, 3.168915207620131e-24, nan 
-77.875, 87.625, 2.249955526145456e-24, nan 
-77.625, 87.625, 3.449544970615125e-24, nan 
-77.375, 87.625, 2.5890168574961068e-24, nan 
-77.125, 87.625, 3.1210721782238657e-24, nan 
-76.875, 87.625, 3.39123505252614e-24, nan 
-76.625, 87.625, 3.37161066536481e-24, nan 
-76.375, 87.625, 3.503448856781714e-24, nan 
-76.125, 87.625, 2.948009801377919e-24, nan 
-75.875, 87.625, 2.720937454483309e-24, nan 
-75.625, 87.625, 2.500728532064171e-24, nan 
-75.375, 87.625, 2.5689534735951276e-24, nan 
-75.125, 87.625, 2.549600631333473e-24, nan 
-74.875, 87.625, 2.4358643108686706e-24, nan 
-74.625, 87.625, 2.2989385801319614e-24, nan 
-74.375, 87.625, 2.9362424023606892e-24, nan 
-74.125, 87.625, 3.654854202095067e-24, nan 
-73.875, 87.625, 3.983947438607547e-24, nan 
-73.625, 87.625, 3.1978063651308558e-24, nan 
-73.375, 87.625, 2.220644617628971e-24, nan 
-73.125, 87.625, 2.0906493312496933e-24, nan 
-72.875, 87.625, 2.167145269847616e-24, nan 
-72.625, 87.625, 2.6541576274180423e-24, nan 
-72.375, 87.625, 2.882195004667899e-24, nan 
-72.125, 87.625, 3.621224894961836e-24, nan 
-71.875, 87.625, 3.973182050579606e-24, nan 
-71.625, 87.625, 4.084194581585333e-24, nan 
-71.375, 87.625, 3.927244120757882e-24, nan 
-71.125, 87.625, 3.825938339039139e-24, nan 
-70.875, 87.625, 3.7624922829098265e-24, nan 
-70.625, 87.625, 3.3974633162866265e-24, nan 
-70.375, 87.625, 3.015483909241924e-24, nan 
-70.125, 87.625, 3.1213662897364794e-24, nan 
-69.875, 87.625, 2.4687721867297514e-24, nan 
-69.625, 87.625, 2.4067660880237206e-24, nan 
-69.375, 87.625, 2.4529636792842353e-24, nan 
-69.125, 87.625, 2.5051427906062142e-24, nan 
-68.875, 87.625, 2.446682782702549e-24, nan 
-68.625, 87.625, 2.46901406562312e-24, nan 
-68.375, 87.625, 2.8257544970097426e-24, nan 
-68.125, 87.625, 4.35356300599801e-24, nan 
-67.875, 87.625, 5.1864442606896385e-24, nan 
-67.625, 87.625, 5.284618746607205e-24, nan 
-67.375, 87.625, 5.5465799624863184e-24, nan 
-67.125, 87.625, 4.626046525767085e-24, nan 
-66.875, 87.625, 3.776715584250037e-24, nan 
-66.625, 87.625, 2.996863573240722e-24, nan 
-66.375, 87.625, 2.719573791355338e-24, nan 
-66.125, 87.625, 2.6056601122048233e-24, nan 
-65.875, 87.625, 2.226384590898735e-24, nan 
-65.625, 87.625, 1.9990372950081567e-24, nan 
-65.375, 87.625, 2.0461368169560196e-24, nan 
-65.125, 87.625, 2.1461301455087617e-24, nan 
-64.875, 87.625, 2.352108676434899e-24, nan 
-64.625, 87.625, 2.781410769203941e-24, nan 
-64.375, 87.625, 3.0342981685130603e-24, nan 
-64.125, 87.625, 2.7725867388845312e-24, nan 
-63.875, 87.625, 2.606541797776599e-24, nan 
-63.625, 87.625, 2.8535306347614058e-24, nan 
-63.375, 87.625, 3.2636218783771878e-24, nan 
-63.125, 87.625, 3.529701848806244e-24, nan 
-62.875, 87.625, 3.0573504875106843e-24, nan 
-62.625, 87.625, 3.0322747259221223e-24, nan 
-62.375, 87.625, 3.127743418743666e-24, nan 
-62.125, 87.625, 3.525051990515666e-24, nan 
-61.875, 87.625, 3.8340705981600745e-24, nan 
-61.625, 87.625, 4.142508803809563e-24, nan 
-61.375, 87.625, 4.206752543826456e-24, nan 
-61.125, 87.625, 3.88042059720511e-24, nan 
-60.875, 87.625, 3.073291516427109e-24, nan 
-60.625, 87.625, 1.960275210999428e-24, nan 
-60.375, 87.625, 3.164034566159286e-24, nan 
-60.125, 87.625, 4.4000709367896306e-24, nan 
-59.875, 87.625, 5.098546988132074e-24, nan 
-59.625, 87.625, 4.03074541947585e-24, nan 
-59.375, 87.625, 4.103541572242049e-24, nan 
-59.125, 87.625, 3.481547909385813e-24, nan 
-58.875, 87.625, 3.800980699485788e-24, nan 
-58.625, 87.625, 4.540757319016482e-24, nan 
-58.375, 87.625, 4.1091896205775734e-24, nan 
-58.125, 87.625, 4.590306836282708e-24, nan 
-57.875, 87.625, 4.6490661304508075e-24, nan 
-57.625, 87.625, 4.63248479873408e-24, nan 
-57.375, 87.625, 4.6745005049654e-24, nan 
-57.125, 87.625, 4.1373947976850716e-24, nan 
-56.875, 87.625, 4.805914765674897e-24, nan 
-56.625, 87.625, 3.756964153153576e-24, nan 
-56.375, 87.625, 4.01406355533349e-24, nan 
-56.125, 87.625, 4.33310326036742e-24, nan 
-55.875, 87.625, 4.1144299980317755e-24, nan 
-55.625, 87.625, 3.897842453399256e-24, nan 
-55.375, 87.625, 3.8549667185050066e-24, nan 
-55.125, 87.625, 3.69502187590434e-24, nan 
-54.875, 87.625, 3.2885313170552982e-24, nan 
-54.625, 87.625, 3.165612054662973e-24, nan 
-54.375, 87.625, 3.0788747133428642e-24, nan 
-54.125, 87.625, 4.599453313122961e-24, nan 
-53.875, 87.625, 6.2076686766422504e-24, nan 
-53.625, 87.625, 6.5807416117908794e-24, nan 
-53.375, 87.625, 3.806853637305946e-24, nan 
-53.125, 87.625, 3.6054674050659626e-24, nan 
-52.875, 87.625, 3.1739546176413124e-24, nan 
-52.625, 87.625, 3.363373873010508e-24, nan 
-52.375, 87.625, 5.314494209002877e-24, nan 
-52.125, 87.625, 4.943686621141573e-24, nan 
-51.875, 87.625, 5.325922826349376e-24, nan 
-51.625, 87.625, 6.12566938225201e-24, nan 
-51.375, 87.625, 6.931090994637141e-24, nan 
-51.125, 87.625, 7.209808445886003e-24, nan 
-50.875, 87.625, 6.5641644626566756e-24, nan 
-50.625, 87.625, 6.364160402173121e-24, nan 
-50.375, 87.625, 4.3579111028648405e-24, nan 
-50.125, 87.625, 3.888880698663611e-24, nan 
-49.875, 87.625, 3.728348910771387e-24, nan 
-49.625, 87.625, 3.9971439520392996e-24, nan 
-49.375, 87.625, 4.00057586875919e-24, nan 
-49.125, 87.625, 4.265422496463327e-24, nan 
-48.875, 87.625, 4.074395904165583e-24, nan 
-48.625, 87.625, 3.04735979051182e-24, nan 
-48.375, 87.625, 2.591925361544786e-24, nan 
-48.125, 87.625, 2.5751837073634952e-24, nan 
-47.875, 87.625, 2.505183892857363e-24, nan 
-47.625, 87.625, 3.3797588941025805e-24, nan 
-47.375, 87.625, 4.136133253276612e-24, nan 
-47.125, 87.625, 4.04443916195726e-24, nan 
-46.875, 87.625, 4.385399692321892e-24, nan 
-46.625, 87.625, 3.300327313972703e-24, nan 
-46.375, 87.625, 2.845663018858616e-24, nan 
-46.125, 87.625, 3.718896464211592e-24, nan 
-45.875, 87.625, 3.166590812293498e-24, nan 
-45.625, 87.625, 2.3908140753359068e-24, nan 
-45.375, 87.625, 1.6422759043904549e-24, nan 
-45.125, 87.625, 3.325058777649285e-24, nan 
-44.875, 87.625, 4.927753820336351e-24, nan 
-44.625, 87.625, 4.8569619992334275e-24, nan 
-44.375, 87.625, 2.1949307403890556e-24, nan 
-44.125, 87.625, 2.8432939829126135e-24, nan 
-43.875, 87.625, 2.96628071356788e-24, nan 
-43.625, 87.625, 2.277177514816899e-24, nan 
-43.375, 87.625, 3.4053301928297504e-24, nan 
-43.125, 87.625, 3.326738400741421e-24, nan 
-42.875, 87.625, 2.7124618771458588e-24, nan 
-42.625, 87.625, 2.5384170318111073e-24, nan 
-42.375, 87.625, 2.0110333959829507e-24, nan 
-42.125, 87.625, 1.9120878431341532e-24, nan 
-41.875, 87.625, 2.4019900158524006e-24, nan 
-41.625, 87.625, 2.692876921386286e-24, nan 
-41.375, 87.625, 2.8719842970111415e-24, nan 
-41.125, 87.625, 2.871730002015189e-24, nan 
-40.875, 87.625, 3.3614178843546766e-24, nan 
-40.625, 87.625, 3.994957453826445e-24, nan 
-40.375, 87.625, 5.768907116240136e-24, nan 
-40.125, 87.625, 7.211003335739925e-24, nan 
-39.875, 87.625, 4.452202107781633e-24, nan 
-39.625, 87.625, 3.3930032116349855e-24, nan 
-39.375, 87.625, 3.4928890398925165e-24, nan 
-39.125, 87.625, 3.554506090793423e-24, nan 
-38.875, 87.625, 4.456385552869048e-24, nan 
-38.625, 87.625, 5.057878883452709e-24, nan 
-38.375, 87.625, 4.572004671849117e-24, nan 
-38.125, 87.625, 6.346945060658531e-24, nan 
-37.875, 87.625, 5.783756893821629e-24, nan 
-37.625, 87.625, 4.755307111632771e-24, nan 
-37.375, 87.625, 3.1321313696860466e-24, nan 
-37.125, 87.625, 2.6383291652219857e-24, nan 
-36.875, 87.625, 2.5751938657772408e-24, nan 
-36.625, 87.625, 2.157084010807208e-24, nan 
-36.375, 87.625, 1.87919533341787e-24, nan 
-36.125, 87.625, 4.827222856013249e-24, nan 
-35.875, 87.625, 1.9879478226889382e-24, nan 
-35.625, 87.625, 1.5585172108410978e-24, nan 
-35.375, 87.625, 1.9276838413073642e-24, nan 
-35.125, 87.625, 2.5612497287565997e-24, nan 
-34.875, 87.625, 2.487659510392574e-24, nan 
-34.625, 87.625, 1.2938237881700321e-24, nan 
-34.375, 87.625, 2.0391536170758956e-24, nan 
-34.125, 87.625, 8.760912161837157e-25, nan 
-33.875, 87.625, 1.0872286348577488e-24, nan 
-33.625, 87.625, 9.667427923304789e-25, nan 
-33.375, 87.625, 1.0680289885410293e-24, nan 
-33.125, 87.625, 1.338863834799392e-24, nan 
-32.875, 87.625, 1.9233607653542025e-24, nan 
-32.625, 87.625, 2.1703439396125604e-24, nan 
-32.375, 87.625, 2.284982263613799e-24, nan 
-32.125, 87.625, 1.2848258211981242e-24, nan 
-31.875, 87.625, 2.2763026019545335e-24, nan 
-31.625, 87.625, 2.981635472626957e-24, nan 
-31.375, 87.625, 2.3995621110787106e-24, nan 
-31.125, 87.625, 2.789862298625722e-24, nan 
-30.875, 87.625, 4.477530032165863e-24, nan 
-30.625, 87.625, 8.962088033168274e-24, nan 
-30.375, 87.625, 1.0338870263449334e-23, nan 
-30.125, 87.625, 9.470603400936474e-24, nan 
-29.875, 87.625, 6.353191351626796e-24, nan 
-29.625, 87.625, 4.892106363861336e-24, nan 
-29.375, 87.625, 4.507424145475445e-24, nan 
-29.125, 87.625, 3.822697427982026e-24, nan 
-28.875, 87.625, 3.388932351892525e-24, nan 
-28.625, 87.625, 2.729072575376451e-24, nan 
-28.375, 87.625, 2.1221716605317574e-24, nan 
-28.125, 87.625, 1.9617457264323106e-24, nan 
-27.875, 87.625, 3.791780015344256e-24, nan 
-27.625, 87.625, 5.351183908655931e-24, nan 
-27.375, 87.625, 8.220468486723405e-24, nan 
-27.125, 87.625, 1.0479581686078844e-23, nan 
-26.875, 87.625, 1.026272752236945e-23, nan 
-26.625, 87.625, 7.480366253988141e-24, nan 
-26.375, 87.625, 5.889069758005454e-24, nan 
-26.125, 87.625, 5.258416935418254e-24, nan 
-25.875, 87.625, 3.0610289690082183e-24, nan 
-25.625, 87.625, 2.7000103930999486e-24, nan 
-25.375, 87.625, 3.5917395349256914e-24, nan 
-25.125, 87.625, 4.96322642234315e-24, nan 
-24.875, 87.625, 7.121921221043684e-24, nan 
-24.625, 87.625, 5.777998230016988e-24, nan 
-24.375, 87.625, 3.1597749280716624e-24, nan 
-24.125, 87.625, 3.539016347945415e-24, nan 
-23.875, 87.625, 4.218632933237025e-24, nan 
-23.625, 87.625, 6.11449813583878e-24, nan 
-23.375, 87.625, 5.640709353351376e-24, nan 
-23.125, 87.625, 3.586258567740187e-24, nan 
-22.875, 87.625, 3.9947332854908935e-24, nan 
-22.625, 87.625, 3.915360163833381e-24, nan 
-22.375, 87.625, 3.494599454426463e-24, nan 
-22.125, 87.625, 3.7250913435552795e-24, nan 
-21.875, 87.625, 3.235275326910436e-24, nan 
-21.625, 87.625, 3.0208916362976618e-24, nan 
-21.375, 87.625, 2.292611878100213e-24, nan 
-21.125, 87.625, 4.688015811035451e-24, nan 
-20.875, 87.625, 6.376642832965861e-24, nan 
-20.625, 87.625, 6.928905110702547e-24, nan 
-20.375, 87.625, 5.637796720848803e-24, nan 
-20.125, 87.625, 4.4301276186323084e-24, nan 
-19.875, 87.625, 3.7760660025612445e-24, nan 
-19.625, 87.625, 2.977884383454573e-24, nan 
-19.375, 87.625, 2.8545318149174695e-24, nan 
-19.125, 87.625, 2.8741490373580635e-24, nan 
-18.875, 87.625, 2.6534562544872358e-24, nan 
-18.625, 87.625, 3.9860150114872084e-24, nan 
-18.375, 87.625, 4.256588415884601e-24, nan 
-18.125, 87.625, 3.8713213627665605e-24, nan 
-17.875, 87.625, 4.3586392411229906e-24, nan 
-17.625, 87.625, 4.488697288481115e-24, nan 
-17.375, 87.625, 4.201924025961452e-24, nan 
-17.125, 87.625, 3.6242136377030165e-24, nan 
-16.875, 87.625, 3.352856361433753e-24, nan 
-16.625, 87.625, 3.799832386465646e-24, nan 
-16.375, 87.625, 2.7637149185645635e-24, nan 
-16.125, 87.625, 3.196511322730098e-24, nan 
-15.875, 87.625, 3.1382592486078722e-24, nan 
-15.625, 87.625, 2.5213580339969752e-24, nan 
-15.375, 87.625, 2.0937174266128746e-24, nan 
-15.125, 87.625, 1.5173888197042356e-24, nan 
-14.875, 87.625, 3.690501189634433e-24, nan 
-14.625, 87.625, 6.196459620538466e-24, nan 
-14.375, 87.625, 9.598815913275223e-24, nan 
-14.125, 87.625, 7.042496012701161e-24, nan 
-13.875, 87.625, 5.711676404319949e-24, nan 
-13.625, 87.625, 4.4704679550801344e-24, nan 
-13.375, 87.625, 4.265123354244098e-24, nan 
-13.125, 87.625, 4.867231870217908e-24, nan 
-12.875, 87.625, 5.400315121105676e-24, nan 
-12.625, 87.625, 5.715928174991805e-24, nan 
-12.375, 87.625, 7.510382741398028e-24, nan 
-12.125, 87.625, 8.059779047226044e-24, nan 
-11.875, 87.625, 7.543557882972086e-24, nan 
-11.625, 87.625, 6.3783443887184675e-24, nan 
-11.375, 87.625, 5.1498784068076155e-24, nan 
-11.125, 87.625, 3.876529303288787e-24, nan 
-10.875, 87.625, 3.992092405765705e-24, nan 
-10.625, 87.625, 5.434672150664013e-24, nan 
-10.375, 87.625, 6.624053053066521e-24, nan 
-10.125, 87.625, 7.93535540156303e-24, nan 
-9.875, 87.625, 5.076366294501068e-24, nan 
-9.625, 87.625, 3.8242975075357816e-24, nan 
-9.375, 87.625, 3.2097100762903125e-24, nan 
-9.125, 87.625, 2.9712655683857245e-24, nan 
-8.875, 87.625, 2.976762681532545e-24, nan 
-8.625, 87.625, 2.7715092359881952e-24, nan 
-8.375, 87.625, 2.7017359784440918e-24, nan 
-8.125, 87.625, 2.6024280145749624e-24, nan 
-7.875, 87.625, 2.4317926969772284e-24, nan 
-7.625, 87.625, 2.3305838405736765e-24, nan 
-7.375, 87.625, 2.0090048628146177e-24, nan 
-7.125, 87.625, 1.9224011283842577e-24, nan 
-6.875, 87.625, 2.906010841036098e-24, nan 
-6.625, 87.625, 4.073522777836011e-24, nan 
-6.375, 87.625, 5.174511755763308e-24, nan 
-6.125, 87.625, 6.999836976715815e-24, nan 
-5.875, 87.625, 7.202045872859672e-24, nan 
-5.625, 87.625, 6.3419027218142355e-24, nan 
-5.375, 87.625, 5.093756797122423e-24, nan 
-5.125, 87.625, 3.735522563410961e-24, nan 
-4.875, 87.625, 2.2066075203572024e-24, nan 
-4.625, 87.625, 1.2369075843675748e-24, nan 
-4.375, 87.625, 2.168580315651382e-24, nan 
-4.125, 87.625, 2.606296727268432e-24, nan 
-3.875, 87.625, 1.949994012801705e-24, nan 
-3.625, 87.625, 2.0669983665404618e-24, nan 
-3.375, 87.625, 2.087956683709341e-24, nan 
-3.125, 87.625, 1.2854080531688741e-24, nan 
-2.875, 87.625, 1.8481868740399914e-24, nan 
-2.625, 87.625, 4.631372974076164e-24, nan 
-2.375, 87.625, 2.3811267241124752e-24, nan 
-2.125, 87.625, 4.039911565835268e-24, nan 
-1.875, 87.625, 3.827530175535715e-24, nan 
-1.625, 87.625, 3.462633182370005e-24, nan 
-1.375, 87.625, 3.77655923806476e-24, nan 
-1.125, 87.625, 2.705982365283456e-24, nan 
-0.875, 87.625, 5.473735372288998e-24, nan 
-0.625, 87.625, 5.4607030661023895e-24, nan 
-0.375, 87.625, 4.8635055481806135e-24, nan 
-0.125, 87.625, 4.071413042437837e-24, nan 
0.125, 87.625, 4.978554837035323e-24, nan 
0.375, 87.625, 7.053044592781753e-24, nan 
0.625, 87.625, 8.786840778606871e-24, nan 
0.875, 87.625, 9.421069950393596e-24, nan 
1.125, 87.625, 8.76686448875328e-24, nan 
1.375, 87.625, 7.857747799049437e-24, nan 
1.625, 87.625, 7.341677505638896e-24, nan 
1.875, 87.625, 4.7164843843432115e-24, nan 
2.125, 87.625, 3.7677284065432985e-24, nan 
2.375, 87.625, 2.839024524812563e-24, nan 
2.625, 87.625, 2.2457764357529644e-24, nan 
2.875, 87.625, 1.882056107662982e-24, nan 
3.125, 87.625, 1.8471016079951377e-24, nan 
3.375, 87.625, 2.2474375280176202e-24, nan 
3.625, 87.625, 2.841603887097638e-24, nan 
3.875, 87.625, 2.7978856407757826e-24, nan 
4.125, 87.625, 3.0544097880624827e-24, nan 
4.375, 87.625, 3.1648650989686716e-24, nan 
4.625, 87.625, 3.2402575661217343e-24, nan 
4.875, 87.625, 3.62462526764566e-24, nan 
5.125, 87.625, 3.37335072685657e-24, nan 
5.375, 87.625, 3.67105315377292e-24, nan 
5.625, 87.625, 4.0527933502814416e-24, nan 
5.875, 87.625, 5.4417049451627876e-24, nan 
6.125, 87.625, 4.4714832531708985e-24, nan 
6.375, 87.625, 3.628376836918947e-24, nan 
6.625, 87.625, 5.4213624620593065e-24, nan 
6.875, 87.625, 6.272767256124983e-24, nan 
7.125, 87.625, 6.319238375595464e-24, nan 
7.375, 87.625, 6.364962850538775e-24, nan 
7.625, 87.625, 5.300301594104762e-24, nan 
7.875, 87.625, 5.2085995587606465e-24, nan 
8.125, 87.625, 5.114417935148887e-24, nan 
8.375, 87.625, 3.853904058070191e-24, nan 
8.625, 87.625, 3.079832102654991e-24, nan 
8.875, 87.625, 2.7034261796886798e-24, nan 
9.125, 87.625, 2.580940051359649e-24, nan 
9.375, 87.625, 2.519447314613028e-24, nan 
9.625, 87.625, 1.660150431779695e-24, nan 
9.875, 87.625, 1.4459011232552184e-24, nan 
10.125, 87.625, 1.6877878742021486e-24, nan 
10.375, 87.625, 1.964079736963659e-24, nan 
10.625, 87.625, 1.6987863895921465e-24, nan 
10.875, 87.625, 1.357320441636443e-24, nan 
11.125, 87.625, 1.1698501679457847e-24, nan 
11.375, 87.625, 1.9042981514014558e-24, nan 
11.625, 87.625, 4.1408125926379555e-24, nan 
11.875, 87.625, 6.137087013517991e-24, nan 
12.125, 87.625, 6.839252474888848e-24, nan 
12.375, 87.625, 8.438501264097366e-24, nan 
12.625, 87.625, 4.5247586478356594e-24, nan 
12.875, 87.625, 3.4107232167885385e-24, nan 
13.125, 87.625, 3.6987971179372676e-24, nan 
13.375, 87.625, 2.9735331347985388e-24, nan 
13.625, 87.625, 4.098646057397023e-24, nan 
13.875, 87.625, 2.6770578122872994e-24, nan 
14.125, 87.625, 3.9564637818818955e-24, nan 
14.375, 87.625, 3.717305286540845e-24, nan 
14.625, 87.625, 3.427701115506733e-24, nan 
14.875, 87.625, 3.48276964884897e-24, nan 
15.125, 87.625, 3.555718341717365e-24, nan 
15.375, 87.625, 3.6926833598574885e-24, nan 
15.625, 87.625, 3.7022048968356205e-24, nan 
15.875, 87.625, 2.6057138170640873e-24, nan 
16.125, 87.625, 4.090965486665819e-24, nan 
16.375, 87.625, 3.610362558804676e-24, nan 
16.625, 87.625, 3.464252109714284e-24, nan 
16.875, 87.625, 2.7787011685189175e-24, nan 
17.125, 87.625, 2.2561807038110055e-24, nan 
17.375, 87.625, 1.4963164929600362e-24, nan 
17.625, 87.625, 1.517324467758131e-24, nan 
17.875, 87.625, 2.5521588979570777e-24, nan 
18.125, 87.625, 3.751031726081835e-24, nan 
18.375, 87.625, 4.34946205576746e-24, nan 
18.625, 87.625, 5.10492955973497e-24, nan 
18.875, 87.625, 1.5868938330337526e-24, nan 
19.125, 87.625, 1.882745919227462e-24, nan 
19.375, 87.625, 2.5602934557783242e-24, nan 
19.625, 87.625, 3.495938228256293e-24, nan 
19.875, 87.625, 3.566853471736317e-24, nan 
20.125, 87.625, 2.5846287666886196e-24, nan 
20.375, 87.625, 2.8830890214460696e-24, nan 
20.625, 87.625, 3.286066386949916e-24, nan 
20.875, 87.625, 3.2126319542531423e-24, nan 
21.125, 87.625, 2.8948367916496673e-24, nan 
21.375, 87.625, 2.9530689519233028e-24, nan 
21.625, 87.625, 3.2347353754808974e-24, nan 
21.875, 87.625, 3.331134769814006e-24, nan 
22.125, 87.625, 3.340470069756968e-24, nan 
22.375, 87.625, 3.2636943583040565e-24, nan 
22.625, 87.625, 2.8728423280607388e-24, nan 
22.875, 87.625, 2.805438593985544e-24, nan 
23.125, 87.625, 2.4813331075577283e-24, nan 
23.375, 87.625, 2.139241288851529e-24, nan 
23.625, 87.625, 1.7332410911240156e-24, nan 
23.875, 87.625, 1.4745848776272819e-24, nan 
24.125, 87.625, 1.3921353563576534e-24, nan 
24.375, 87.625, 1.2923483110459136e-24, nan 
24.625, 87.625, 1.5134157675788538e-24, nan 
24.875, 87.625, 1.5302852969840188e-24, nan 
25.125, 87.625, 1.1080878686810401e-24, nan 
25.375, 87.625, 1.1322200870753108e-24, nan 
25.625, 87.625, 2.3810205215969434e-24, nan 
25.875, 87.625, 4.8577472845909474e-24, nan 
26.125, 87.625, 2.8897641851348268e-24, nan 
26.375, 87.625, 2.1865124634274887e-24, nan 
26.625, 87.625, 3.430404976689813e-24, nan 
26.875, 87.625, 3.5245677375599806e-24, nan 
27.125, 87.625, 2.857228537713733e-24, nan 
27.375, 87.625, 2.2474082665126222e-24, nan 
27.625, 87.625, 2.099956966964237e-24, nan 
27.875, 87.625, 2.180752177643209e-24, nan 
28.125, 87.625, 2.109278840196982e-24, nan 
28.375, 87.625, 2.1420179845337398e-24, nan 
28.625, 87.625, 2.0501699809248376e-24, nan 
28.875, 87.625, 1.911162150979955e-24, nan 
29.125, 87.625, 1.798755587267429e-24, nan 
29.375, 87.625, 1.593020278744649e-24, nan 
29.625, 87.625, 1.4705328837277881e-24, nan 
29.875, 87.625, 1.3454740275459626e-24, nan 
30.125, 87.625, 1.2711222544854029e-24, nan 
30.375, 87.625, 1.2132740828539811e-24, nan 
30.625, 87.625, 8.286546996508736e-25, nan 
30.875, 87.625, 8.452051231843864e-25, nan 
31.125, 87.625, 9.193837116714397e-25, nan 
31.375, 87.625, 9.745002656746542e-25, nan 
31.625, 87.625, 1.1534203136442596e-24, nan 
31.875, 87.625, 1.8428992104198917e-24, nan 
32.125, 87.625, 3.006451185793516e-24, nan 
32.375, 87.625, 2.106304625847436e-24, nan 
32.625, 87.625, 1.2048422611286338e-24, nan 
32.875, 87.625, 1.0525438507769194e-24, nan 
33.125, 87.625, 1.0802609025399468e-24, nan 
33.375, 87.625, 1.1102561081015112e-24, nan 
33.625, 87.625, 1.1667001321056546e-24, nan 
33.875, 87.625, 1.1554005907547624e-24, nan 
34.125, 87.625, 9.670447776865916e-25, nan 
34.375, 87.625, 4.064445956755528e-25, nan 
34.625, 87.625, 7.757307598195588e-25, nan 
34.875, 87.625, 8.66409773705486e-25, nan 
35.125, 87.625, 7.084273292620743e-25, nan 
35.375, 87.625, 5.534487159565484e-25, nan 
35.625, 87.625, 7.359180427592354e-25, nan 
35.875, 87.625, 1.1735074186882626e-24, nan 
36.125, 87.625, 1.1241723652676363e-24, nan 
36.375, 87.625, 1.0862421419418598e-24, nan 
36.625, 87.625, 1.048379000227447e-24, nan 
36.875, 87.625, 8.969599583262126e-25, nan 
37.125, 87.625, 8.793395639096275e-25, nan 
37.375, 87.625, 8.034983079219864e-25, nan 
37.625, 87.625, 8.584505565431371e-25, nan 
37.875, 87.625, 9.121308580207271e-25, nan 
38.125, 87.625, 9.166546053311216e-25, nan 
38.375, 87.625, 1.012296068198812e-24, nan 
38.625, 87.625, 8.233081867462072e-25, nan 
38.875, 87.625, 7.746525822752667e-25, nan 
39.125, 87.625, 8.257749915220823e-25, nan 
39.375, 87.625, 8.601879968192224e-25, nan 
39.625, 87.625, 1.265573170905186e-24, nan 
39.875, 87.625, 1.7910186677734618e-24, nan 
40.125, 87.625, 1.909470882225217e-24, nan 
40.375, 87.625, 1.9700634676960733e-24, nan 
40.625, 87.625, 1.989457444514317e-24, nan 
40.875, 87.625, 1.9887165004860834e-24, nan 
41.125, 87.625, 2.005946130855754e-24, nan 
41.375, 87.625, 2.0078378518765608e-24, nan 
41.625, 87.625, 1.927233165091667e-24, nan 
41.875, 87.625, 1.7870603740397566e-24, nan 
42.125, 87.625, 1.3434388779677668e-24, nan 
42.375, 87.625, 1.4933984700640263e-24, nan 
42.625, 87.625, 2.016328201600855e-24, nan 
42.875, 87.625, 1.95118234595634e-24, nan 
43.125, 87.625, 1.856102649015779e-24, nan 
43.375, 87.625, 1.7311139181821715e-24, nan 
43.625, 87.625, 1.5225461052511506e-24, nan 
43.875, 87.625, 1.0513439154860221e-24, nan 
44.125, 87.625, 7.69924804250591e-25, nan 
44.375, 87.625, 8.579381229998891e-25, nan 
44.625, 87.625, 1.099995906174582e-24, nan 
44.875, 87.625, 8.873717433122557e-25, nan 
45.125, 87.625, 6.384897282969687e-25, nan 
45.375, 87.625, 5.396432236272888e-25, nan 
45.625, 87.625, 4.733842276033347e-25, nan 
45.875, 87.625, 5.876969463251101e-25, nan 
46.125, 87.625, 4.262794829202047e-25, nan 
46.375, 87.625, 1.5732189206397247e-24, nan 
46.625, 87.625, 2.0494677332771366e-24, nan 
46.875, 87.625, 2.3020142915469843e-24, nan 
47.125, 87.625, 2.5524052371433937e-24, nan 
47.375, 87.625, 2.8865598375612583e-24, nan 
47.625, 87.625, 3.1252311528841218e-24, nan 
47.875, 87.625, 3.436825410369562e-24, nan 
48.125, 87.625, 3.802058298589691e-24, nan 
48.375, 87.625, 3.059608068967335e-24, nan 
48.625, 87.625, 2.363626751045856e-24, nan 
48.875, 87.625, 2.024855060061421e-24, nan 
49.125, 87.625, 1.865684312386038e-24, nan 
49.375, 87.625, 1.808853223724311e-24, nan 
49.625, 87.625, 1.7244043480360604e-24, nan 
49.875, 87.625, 1.5358931474313118e-24, nan 
50.125, 87.625, 1.1195210582135244e-24, nan 
50.375, 87.625, 1.0114369356896473e-24, nan 
50.625, 87.625, 1.3414042632297034e-24, nan 
50.875, 87.625, 1.3857884611637133e-24, nan 
51.125, 87.625, 1.1738917388591992e-24, nan 
51.375, 87.625, 9.805594924629518e-25, nan 
51.625, 87.625, 1.2479469346580298e-24, nan 
51.875, 87.625, 1.3175642778743997e-24, nan 
52.125, 87.625, 1.403260900829686e-24, nan 
52.375, 87.625, 1.3220291889538409e-24, nan 
52.625, 87.625, 1.5022631803153833e-24, nan 
52.875, 87.625, 1.7463630979589523e-24, nan 
53.125, 87.625, 2.0157195397992155e-24, nan 
53.375, 87.625, 2.39956696912548e-24, nan 
53.625, 87.625, 2.926293143441565e-24, nan 
53.875, 87.625, 3.3037358808766586e-24, nan 
54.125, 87.625, 3.8855920192268165e-24, nan 
54.375, 87.625, 4.690217977665443e-24, nan 
54.625, 87.625, 3.8793784377372495e-24, nan 
54.875, 87.625, 2.7395887918848634e-24, nan 
55.125, 87.625, 6.624704777978683e-25, nan 
55.375, 87.625, 7.373871272441485e-25, nan 
55.625, 87.625, 1.9879251405488513e-24, nan 
55.875, 87.625, 1.0144927461571232e-24, nan 
56.125, 87.625, 8.67385631052783e-25, nan 
56.375, 87.625, 1.0174192192255152e-24, nan 
56.625, 87.625, 1.2382806530896798e-24, nan 
56.875, 87.625, 1.5226279505171948e-24, nan 
57.125, 87.625, 1.894196554209355e-24, nan 
57.375, 87.625, 2.2644464758893747e-24, nan 
57.625, 87.625, 2.4464280507241314e-24, nan 
57.875, 87.625, 2.909823428522163e-24, nan 
58.125, 87.625, 3.0448262116058754e-24, nan 
58.375, 87.625, 2.965091246398267e-24, nan 
58.625, 87.625, 2.6904842803131934e-24, nan 
58.875, 87.625, 2.6474698917963825e-24, nan 
59.125, 87.625, 2.5233381510097274e-24, nan 
59.375, 87.625, 2.5418211030453957e-24, nan 
59.625, 87.625, 2.7074026756778317e-24, nan 
59.875, 87.625, 2.9032205881982366e-24, nan 
60.125, 87.625, 3.0951705484954443e-24, nan 
60.375, 87.625, 3.364941875596757e-24, nan 
60.625, 87.625, 3.695728801742699e-24, nan 
60.875, 87.625, 3.410526254389206e-24, nan 
61.125, 87.625, 2.926067508380884e-24, nan 
61.375, 87.625, 2.544445076918631e-24, nan 
61.625, 87.625, 2.6564480587976033e-24, nan 
61.875, 87.625, 2.618247859603858e-24, nan 
62.125, 87.625, 1.893290316498084e-24, nan 
62.375, 87.625, 2.055439932727668e-24, nan 
62.625, 87.625, 2.0711455333246953e-24, nan 
62.875, 87.625, 2.3192704049402406e-24, nan 
63.125, 87.625, 2.8890948040321092e-24, nan 
63.375, 87.625, 2.766975735783156e-24, nan 
63.625, 87.625, 2.323304057565166e-24, nan 
63.875, 87.625, 2.1913998334845934e-24, nan 
64.125, 87.625, 2.3199391620130135e-24, nan 
64.375, 87.625, 2.3242278311362447e-24, nan 
64.625, 87.625, 2.5409093047226763e-24, nan 
64.875, 87.625, 3.3292301245219946e-24, nan 
65.125, 87.625, 3.667817191264937e-24, nan 
65.375, 87.625, 3.9540834910499246e-24, nan 
65.625, 87.625, 3.682835331638443e-24, nan 
65.875, 87.625, 3.1120378681010178e-24, nan 
66.125, 87.625, 3.247985798048209e-24, nan 
66.375, 87.625, 3.1633962123252374e-24, nan 
66.625, 87.625, 2.5510708628915727e-24, nan 
66.875, 87.625, 1.9500578805888657e-24, nan 
67.125, 87.625, 1.670747450755186e-24, nan 
67.375, 87.625, 1.6728018806528386e-24, nan 
67.625, 87.625, 3.0607656393683344e-24, nan 
67.875, 87.625, 1.9425764843493564e-24, nan 
68.125, 87.625, 2.0730912897472885e-24, nan 
68.375, 87.625, 2.0431506356404856e-24, nan 
68.625, 87.625, 2.1406245338168024e-24, nan 
68.875, 87.625, 2.0245338613046408e-24, nan 
69.125, 87.625, 1.9245510373456115e-24, nan 
69.375, 87.625, 3.2023064050133037e-24, nan 
69.625, 87.625, 3.4496589632035594e-24, nan 
69.875, 87.625, 2.693570944307456e-24, nan 
70.125, 87.625, 2.6312801820499578e-24, nan 
70.375, 87.625, 2.7884756331509624e-24, nan 
70.625, 87.625, 2.825517251595249e-24, nan 
70.875, 87.625, 3.865392952969787e-24, nan 
71.125, 87.625, 5.80711958231651e-24, nan 
71.375, 87.625, 5.9523429430677e-24, nan 
71.625, 87.625, 6.3668796589208795e-24, nan 
71.875, 87.625, 5.8913215896958824e-24, nan 
72.125, 87.625, 3.529105477453293e-24, nan 
72.375, 87.625, 3.5434013860238606e-24, nan 
72.625, 87.625, 3.905697939016341e-24, nan 
72.875, 87.625, 4.076738947399902e-24, nan 
73.125, 87.625, 4.056364523408358e-24, nan 
73.375, 87.625, 4.0956280368433186e-24, nan 
73.625, 87.625, 3.36754147211163e-24, nan 
73.875, 87.625, 3.62066305011854e-24, nan 
74.125, 87.625, 3.9867372149841085e-24, nan 
74.375, 87.625, 4.0583419952917124e-24, nan 
74.625, 87.625, 3.97643994051728e-24, nan 
74.875, 87.625, 4.0853492781208966e-24, nan 
75.125, 87.625, 4.155125528513479e-24, nan 
75.375, 87.625, 3.2656053269150665e-24, nan 
75.625, 87.625, 2.221068152012116e-24, nan 
75.875, 87.625, 2.7238860053197066e-24, nan 
76.125, 87.625, 2.9325866637081872e-24, nan 
76.375, 87.625, 3.1602230312151124e-24, nan 
76.625, 87.625, 3.491117351473612e-24, nan 
76.875, 87.625, 3.679923256059065e-24, nan 
77.125, 87.625, 3.971784202217296e-24, nan 
77.375, 87.625, 4.3183760506397286e-24, nan 
77.625, 87.625, 3.523247917456518e-24, nan 
77.875, 87.625, 3.62772307312312e-24, nan 
78.125, 87.625, 3.6111760328847575e-24, nan 
78.375, 87.625, 3.835008456577819e-24, nan 
78.625, 87.625, 4.77409006575971e-24, nan 
78.875, 87.625, 4.0212649891740016e-24, nan 
79.125, 87.625, 3.1028620845442942e-24, nan 
79.375, 87.625, 2.9190366251039685e-24, nan 
79.625, 87.625, 2.409755951519614e-24, nan 
79.875, 87.625, 1.6903492512786223e-24, nan 
80.125, 87.625, 8.162004261642385e-25, nan 
80.375, 87.625, 3.249980943707866e-24, nan 
80.625, 87.625, 3.7293292068573634e-24, nan 
80.875, 87.625, 3.70522340307628e-24, nan 
81.125, 87.625, 3.854907601891424e-24, nan 
81.375, 87.625, 3.916131272071351e-24, nan 
81.625, 87.625, 3.1643771325585004e-24, nan 
81.875, 87.625, 1.6431121215535069e-24, nan 
82.125, 87.625, 9.246912707031884e-25, nan 
82.375, 87.625, 2.103192936056718e-24, nan 
82.625, 87.625, 2.3978679113076663e-24, nan 
82.875, 87.625, 2.8061800196699728e-24, nan 
83.125, 87.625, 3.037281650074715e-24, nan 
83.375, 87.625, 3.0847298075062665e-24, nan 
83.625, 87.625, 3.0863900261350182e-24, nan 
83.875, 87.625, 2.6953422330157054e-24, nan 
84.125, 87.625, 2.1869053963719577e-24, nan 
84.375, 87.625, 1.5164868038608583e-24, nan 
84.625, 87.625, 1.6121081514289256e-24, nan 
84.875, 87.625, 2.265933723989921e-24, nan 
85.125, 87.625, 1.737073797625954e-24, nan 
85.375, 87.625, 1.0980874225320035e-24, nan 
85.625, 87.625, 1.13728049799521e-24, nan 
85.875, 87.625, 1.130016548517454e-24, nan 
86.125, 87.625, 1.0381765184570586e-24, nan 
86.375, 87.625, 1.1588070044484949e-24, nan 
86.625, 87.625, 1.6069880376218201e-24, nan 
86.875, 87.625, 1.6965316373125856e-24, nan 
87.125, 87.625, 1.3500688235988992e-24, nan 
87.375, 87.625, 1.5104504028941714e-24, nan 
87.625, 87.625, 1.8356179159008334e-24, nan 
87.875, 87.625, 1.894989236289088e-24, nan 
88.125, 87.625, 1.8729913722836142e-24, nan 
88.375, 87.625, 1.8882491056533312e-24, nan 
88.625, 87.625, 2.1060282682525883e-24, nan 
88.875, 87.625, 2.0288024314135005e-24, nan 
89.125, 87.625, 1.9997090413413702e-24, nan 
89.375, 87.625, 1.92261219245244e-24, nan 
89.625, 87.625, 1.823645217902472e-24, nan 
89.875, 87.625, 1.927225216075163e-24, nan 
90.125, 87.625, 1.8370106554264253e-24, nan 
90.375, 87.625, 1.818759648560522e-24, nan 
90.625, 87.625, 1.609269268693582e-24, nan 
90.875, 87.625, 1.6101945336473988e-24, nan 
91.125, 87.625, 1.548861136126191e-24, nan 
91.375, 87.625, 1.5143317873443765e-24, nan 
91.625, 87.625, 1.746797300319229e-24, nan 
91.875, 87.625, 2.01483096747256e-24, nan 
92.125, 87.625, 1.965677379377492e-24, nan 
92.375, 87.625, 1.8864982158991053e-24, nan 
92.625, 87.625, 1.963112435032711e-24, nan 
92.875, 87.625, 1.8787263426925986e-24, nan 
93.125, 87.625, 1.840539639997074e-24, nan 
93.375, 87.625, 1.7776111180710718e-24, nan 
93.625, 87.625, 1.8739207115534128e-24, nan 
93.875, 87.625, 2.325856859595797e-24, nan 
94.125, 87.625, 2.618567760760782e-24, nan 
-127.625, 87.875, 3.054827153925706e-24, nan 
-127.375, 87.875, 3.376793744374185e-24, nan 
-127.125, 87.875, 3.463510517477781e-24, nan 
-126.875, 87.875, 2.9741101123561927e-24, nan 
-126.625, 87.875, 2.586797868215217e-24, nan 
-126.375, 87.875, 2.401334328067403e-24, nan 
-126.125, 87.875, 2.197036821561755e-24, nan 
-125.875, 87.875, 2.3296459077918244e-24, nan 
-125.625, 87.875, 2.0661866258279782e-24, nan 
-125.375, 87.875, 2.09201991264551e-24, nan 
-125.125, 87.875, 1.9837910332475406e-24, nan 
-124.875, 87.875, 1.9355862852337072e-24, nan 
-124.625, 87.875, 1.870294180132187e-24, nan 
-124.375, 87.875, 1.6608730023936483e-24, nan 
-124.125, 87.875, 2.0396130129272844e-24, nan 
-123.875, 87.875, 2.088202574084146e-24, nan 
-123.625, 87.875, 2.135759190778871e-24, nan 
-123.375, 87.875, 2.228626308921368e-24, nan 
-123.125, 87.875, 2.172979347040844e-24, nan 
-122.875, 87.875, 2.3004791902917876e-24, nan 
-122.625, 87.875, 2.3639476017831147e-24, nan 
-122.375, 87.875, 2.3950102156911787e-24, nan 
-122.125, 87.875, 2.443947232728548e-24, nan 
-121.875, 87.875, 2.8240255138174947e-24, nan 
-121.625, 87.875, 2.984815711455361e-24, nan 
-121.375, 87.875, 2.6138353354484346e-24, nan 
-121.125, 87.875, 2.420142684272711e-24, nan 
-120.875, 87.875, 2.464760490333472e-24, nan 
-120.625, 87.875, 2.558560612666856e-24, nan 
-120.375, 87.875, 2.3600549504249902e-24, nan 
-120.125, 87.875, 1.8945900724005042e-24, nan 
-119.875, 87.875, 1.4441627878493557e-24, nan 
-119.625, 87.875, 1.3088902087396621e-24, nan 
-119.375, 87.875, 1.3301743920489115e-24, nan 
-119.125, 87.875, 1.3171629041764945e-24, nan 
-118.875, 87.875, 1.4330132345426408e-24, nan 
-118.625, 87.875, 1.288439295963087e-24, nan 
-118.375, 87.875, 1.4230573068081305e-24, nan 
-118.125, 87.875, 1.2912845530512844e-24, nan 
-117.875, 87.875, 1.2979840015677891e-24, nan 
-117.625, 87.875, 1.315592608893118e-24, nan 
-117.375, 87.875, 1.0621499111952836e-24, nan 
-117.125, 87.875, 1.2135175860061164e-24, nan 
-116.875, 87.875, 1.3464818144104786e-24, nan 
-116.625, 87.875, 1.404593988994442e-24, nan 
-116.375, 87.875, 1.4719649018955671e-24, nan 
-116.125, 87.875, 1.7620700181730823e-24, nan 
-115.875, 87.875, 1.597685227375583e-24, nan 
-115.625, 87.875, 1.4767638512158216e-24, nan 
-115.375, 87.875, 1.523387798057791e-24, nan 
-115.125, 87.875, 1.3767992267788913e-24, nan 
-114.875, 87.875, 1.269654942380102e-24, nan 
-114.625, 87.875, 1.2358616287904357e-24, nan 
-114.375, 87.875, 1.2278841128248416e-24, nan 
-114.125, 87.875, 1.2957472345271022e-24, nan 
-113.875, 87.875, 1.351502331859206e-24, nan 
-113.625, 87.875, 1.4273204088795096e-24, nan 
-113.375, 87.875, 1.5086588509906464e-24, nan 
-113.125, 87.875, 1.453776370330992e-24, nan 
-112.875, 87.875, 1.3550071963249928e-24, nan 
-112.625, 87.875, 1.4843964921688709e-24, nan 
-112.375, 87.875, 1.5101767390659559e-24, nan 
-112.125, 87.875, 1.388169812581462e-24, nan 
-111.875, 87.875, 1.4624880143612521e-24, nan 
-111.625, 87.875, 1.8617501903717537e-24, nan 
-111.375, 87.875, 2.3338385141975597e-24, nan 
-111.125, 87.875, 1.704018501962009e-24, nan 
-110.875, 87.875, 2.173920072394657e-24, nan 
-110.625, 87.875, 2.6122308596240596e-24, nan 
-110.375, 87.875, 2.622899784911704e-24, nan 
-110.125, 87.875, 2.584100036986354e-24, nan 
-109.875, 87.875, 2.307431591325535e-24, nan 
-109.625, 87.875, 2.836360497367499e-24, nan 
-109.375, 87.875, 3.418663468387144e-24, nan 
-109.125, 87.875, 3.560269155662993e-24, nan 
-108.875, 87.875, 3.6598948736422174e-24, nan 
-108.625, 87.875, 3.1034147783706292e-24, nan 
-108.375, 87.875, 3.277260165458069e-24, nan 
-108.125, 87.875, 3.2385167225534536e-24, nan 
-107.875, 87.875, 3.580972572898556e-24, nan 
-107.625, 87.875, 3.140399544724391e-24, nan 
-107.375, 87.875, 3.059234757155558e-24, nan 
-107.125, 87.875, 2.547438126265792e-24, nan 
-106.875, 87.875, 1.668312355989548e-24, nan 
-106.625, 87.875, 1.1391741472983347e-24, nan 
-106.375, 87.875, 1.1625520679318379e-24, nan 
-106.125, 87.875, 1.1065686817982397e-24, nan 
-105.875, 87.875, 1.2337039802753597e-24, nan 
-105.625, 87.875, 1.1197252702218677e-24, nan 
-105.375, 87.875, 1.2608216898831052e-24, nan 
-105.125, 87.875, 1.763255023884383e-24, nan 
-104.875, 87.875, 2.440192530309987e-24, nan 
-104.625, 87.875, 3.816540741582451e-24, nan 
-104.375, 87.875, 3.4304500591834315e-24, nan 
-104.125, 87.875, 4.937479967676773e-24, nan 
-103.875, 87.875, 4.381418739086164e-24, nan 
-103.625, 87.875, 4.682766351809119e-24, nan 
-103.375, 87.875, 6.0028880706899825e-24, nan 
-103.125, 87.875, 5.301252122736162e-24, nan 
-102.875, 87.875, 5.85982432540366e-24, nan 
-102.625, 87.875, 6.958199637023264e-24, nan 
-102.375, 87.875, 7.444051651133341e-24, nan 
-102.125, 87.875, 7.799013588066657e-24, nan 
-101.875, 87.875, 7.302155453663192e-24, nan 
-101.625, 87.875, 6.995036190228599e-24, nan 
-101.375, 87.875, 7.153769901945112e-24, nan 
-101.125, 87.875, 6.5775139181342024e-24, nan 
-100.875, 87.875, 5.5369805393205334e-24, nan 
-100.625, 87.875, 5.9035823173056666e-24, nan 
-100.375, 87.875, 6.5884712177977904e-24, nan 
-100.125, 87.875, 6.287805267040746e-24, nan 
-99.875, 87.875, 5.082596575436507e-24, nan 
-99.625, 87.875, 4.6872437730506866e-24, nan 
-99.375, 87.875, 4.971862363373146e-24, nan 
-99.125, 87.875, 4.9019638951226e-24, nan 
-98.875, 87.875, 4.738797165567775e-24, nan 
-98.625, 87.875, 4.701274297118287e-24, nan 
-98.375, 87.875, 4.352117381058636e-24, nan 
-98.125, 87.875, 4.002355396129405e-24, nan 
-97.875, 87.875, 4.22742985520091e-24, nan 
-97.625, 87.875, 3.765563064921653e-24, nan 
-97.375, 87.875, 4.1529906575755454e-24, nan 
-97.125, 87.875, 4.4844282960366e-24, nan 
-96.875, 87.875, 4.5556563550852855e-24, nan 
-96.625, 87.875, 4.699404284529774e-24, nan 
-96.375, 87.875, 4.449326304897084e-24, nan 
-96.125, 87.875, 4.607697254266486e-24, nan 
-95.875, 87.875, 4.983707116316995e-24, nan 
-95.625, 87.875, 5.040802488518785e-24, nan 
-95.375, 87.875, 5.44554368597806e-24, nan 
-95.125, 87.875, 5.053605448764039e-24, nan 
-94.875, 87.875, 4.822285467139157e-24, nan 
-94.625, 87.875, 4.7080868402506045e-24, nan 
-94.375, 87.875, 5.103123684653657e-24, nan 
-94.125, 87.875, 4.383016092214309e-24, nan 
-93.875, 87.875, 4.5350247599039676e-24, nan 
-93.625, 87.875, 5.1119629377740726e-24, nan 
-93.375, 87.875, 4.457136220995544e-24, nan 
-93.125, 87.875, 4.243166205371001e-24, nan 
-92.875, 87.875, 4.024976781136381e-24, nan 
-92.625, 87.875, 3.899426098936861e-24, nan 
-92.375, 87.875, 3.371856645098316e-24, nan 
-92.125, 87.875, 3.1670070845060907e-24, nan 
-91.875, 87.875, 3.0663966235001435e-24, nan 
-91.625, 87.875, 2.868198300841322e-24, nan 
-91.375, 87.875, 2.616808292802655e-24, nan 
-91.125, 87.875, 2.4555890378208905e-24, nan 
-90.875, 87.875, 2.36828115876151e-24, nan 
-90.625, 87.875, 2.2539862678595035e-24, nan 
-90.375, 87.875, 2.070577691463304e-24, nan 
-90.125, 87.875, 1.7467784565313595e-24, nan 
-89.875, 87.875, 1.7823957242492477e-24, nan 
-89.625, 87.875, 2.2170176976953483e-24, nan 
-89.375, 87.875, 2.313679237184291e-24, nan 
-89.125, 87.875, 2.304321661925501e-24, nan 
-88.875, 87.875, 2.311247373025345e-24, nan 
-88.625, 87.875, 2.013149612528374e-24, nan 
-88.375, 87.875, 2.1096343815572864e-24, nan 
-88.125, 87.875, 2.1423566836429843e-24, nan 
-87.875, 87.875, 2.308444924847461e-24, nan 
-87.625, 87.875, 2.2017929645466265e-24, nan 
-87.375, 87.875, 2.1773467057465135e-24, nan 
-87.125, 87.875, 1.859597683915547e-24, nan 
-86.875, 87.875, 1.7934371910237143e-24, nan 
-86.625, 87.875, 1.8269198948833653e-24, nan 
-86.375, 87.875, 1.6088949991962325e-24, nan 
-86.125, 87.875, 1.2023215410208859e-24, nan 
-85.875, 87.875, 1.3121235384581188e-24, nan 
-85.625, 87.875, 1.4086122050219222e-24, nan 
-85.375, 87.875, 1.5537030660665028e-24, nan 
-85.125, 87.875, 1.754971635195151e-24, nan 
-84.875, 87.875, 1.5588822761911417e-24, nan 
-84.625, 87.875, 1.7109695090238157e-24, nan 
-84.375, 87.875, 1.7604917416627947e-24, nan 
-84.125, 87.875, 1.776557695518499e-24, nan 
-83.875, 87.875, 1.9881959098766663e-24, nan 
-83.625, 87.875, 2.0155930128367135e-24, nan 
-83.375, 87.875, 1.8149533625247117e-24, nan 
-83.125, 87.875, 1.764698054411687e-24, nan 
-82.875, 87.875, 1.4809759321613397e-24, nan 
-82.625, 87.875, 1.37648501504025e-24, nan 
-82.375, 87.875, 2.425052934827635e-24, nan 
-82.125, 87.875, 2.131806835125861e-24, nan 
-81.875, 87.875, 2.0849522805185095e-24, nan 
-81.625, 87.875, 2.352702448910349e-24, nan 
-81.375, 87.875, 2.894550917723043e-24, nan 
-81.125, 87.875, 3.061039966351736e-24, nan 
-80.875, 87.875, 2.8469963841959343e-24, nan 
-80.625, 87.875, 2.4593396780753238e-24, nan 
-80.375, 87.875, 2.736881338317868e-24, nan 
-80.125, 87.875, 3.145162273487516e-24, nan 
-79.875, 87.875, 3.524577192752796e-24, nan 
-79.625, 87.875, 3.500962315159779e-24, nan 
-79.375, 87.875, 3.2239122044146225e-24, nan 
-79.125, 87.875, 3.1068732895272033e-24, nan 
-78.875, 87.875, 3.066658800596121e-24, nan 
-78.625, 87.875, 3.188414373487152e-24, nan 
-78.375, 87.875, 3.0183852961407105e-24, nan 
-78.125, 87.875, 2.888455806589798e-24, nan 
-77.875, 87.875, 2.3439713525229533e-24, nan 
-77.625, 87.875, 3.2157234911904116e-24, nan 
-77.375, 87.875, 2.388530389086615e-24, nan 
-77.125, 87.875, 2.685597476359563e-24, nan 
-76.875, 87.875, 2.6941183698470777e-24, nan 
-76.625, 87.875, 2.0791954248229174e-24, nan 
-76.375, 87.875, 1.9422109235888575e-24, nan 
-76.125, 87.875, 1.886902875582531e-24, nan 
-75.875, 87.875, 1.8294891041732052e-24, nan 
-75.625, 87.875, 3.295496269897555e-24, nan 
-75.375, 87.875, 2.1164741017944347e-24, nan 
-75.125, 87.875, 2.2891908038174924e-24, nan 
-74.875, 87.875, 2.63010227496453e-24, nan 
-74.625, 87.875, 3.541168227955969e-24, nan 
-74.375, 87.875, 3.91413420764166e-24, nan 
-74.125, 87.875, 3.524885577698233e-24, nan 
-73.875, 87.875, 3.2552603062297756e-24, nan 
-73.625, 87.875, 3.594236864745792e-24, nan 
-73.375, 87.875, 4.1575320789828205e-24, nan 
-73.125, 87.875, 4.39573519772952e-24, nan 
-72.875, 87.875, 3.223924757636173e-24, nan 
-72.625, 87.875, 2.9827958817513307e-24, nan 
-72.375, 87.875, 3.0590552320279296e-24, nan 
-72.125, 87.875, 3.19103607205873e-24, nan 
-71.875, 87.875, 3.503521256709578e-24, nan 
-71.625, 87.875, 3.199311968340742e-24, nan 
-71.375, 87.875, 2.76611766129884e-24, nan 
-71.125, 87.875, 2.829701239486763e-24, nan 
-70.875, 87.875, 3.3928733929613066e-24, nan 
-70.625, 87.875, 3.474094395647035e-24, nan 
-70.375, 87.875, 3.391746615225772e-24, nan 
-70.125, 87.875, 3.619431381866814e-24, nan 
-69.875, 87.875, 3.781470073298241e-24, nan 
-69.625, 87.875, 3.4904100317248445e-24, nan 
-69.375, 87.875, 3.314746606329698e-24, nan 
-69.125, 87.875, 3.089917427179343e-24, nan 
-68.875, 87.875, 2.792255431397397e-24, nan 
-68.625, 87.875, 2.7088000740339515e-24, nan 
-68.375, 87.875, 2.9459672356903952e-24, nan 
-68.125, 87.875, 3.582893352449074e-24, nan 
-67.875, 87.875, 3.8765709698773906e-24, nan 
-67.625, 87.875, 3.898851733730627e-24, nan 
-67.375, 87.875, 3.855761694175867e-24, nan 
-67.125, 87.875, 3.6005063086076315e-24, nan 
-66.875, 87.875, 3.1164250026853378e-24, nan 
-66.625, 87.875, 2.863444199374996e-24, nan 
-66.375, 87.875, 2.6074493110492663e-24, nan 
-66.125, 87.875, 2.4325735797812126e-24, nan 
-65.875, 87.875, 2.3861154105751528e-24, nan 
-65.625, 87.875, 2.4458740829335827e-24, nan 
-65.375, 87.875, 2.5253585343510584e-24, nan 
-65.125, 87.875, 2.8223372625984278e-24, nan 
-64.875, 87.875, 2.7069869674615837e-24, nan 
-64.625, 87.875, 2.3752352576421485e-24, nan 
-64.375, 87.875, 1.9589265742559737e-24, nan 
-64.125, 87.875, 2.434897032594163e-24, nan 
-63.875, 87.875, 2.9073396506645957e-24, nan 
-63.625, 87.875, 2.0888990665165867e-24, nan 
-63.375, 87.875, 2.559664479220054e-24, nan 
-63.125, 87.875, 5.028117388736355e-24, nan 
-62.875, 87.875, 4.3110652421931385e-24, nan 
-62.625, 87.875, 4.001261462296849e-24, nan 
-62.375, 87.875, 3.849664427923989e-24, nan 
-62.125, 87.875, 3.671257389953678e-24, nan 
-61.875, 87.875, 3.4209723569117015e-24, nan 
-61.625, 87.875, 3.511450298786449e-24, nan 
-61.375, 87.875, 3.772017269951791e-24, nan 
-61.125, 87.875, 3.4796381335765e-24, nan 
-60.875, 87.875, 2.914210142129877e-24, nan 
-60.625, 87.875, 2.501591208132497e-24, nan 
-60.375, 87.875, 1.9389777964785347e-24, nan 
-60.125, 87.875, 1.845132496231217e-24, nan 
-59.875, 87.875, 2.7662769654324925e-24, nan 
-59.625, 87.875, 1.4299681567534145e-24, nan 
-59.375, 87.875, 1.6669363084772603e-24, nan 
-59.125, 87.875, 2.4166665384570066e-24, nan 
-58.875, 87.875, 2.2631093964135248e-24, nan 
-58.625, 87.875, 2.3176750503160297e-24, nan 
-58.375, 87.875, 2.8334506508599315e-24, nan 
-58.125, 87.875, 3.0786104854633448e-24, nan 
-57.875, 87.875, 2.6235555837539896e-24, nan 
-57.625, 87.875, 2.0396925928569008e-24, nan 
-57.375, 87.875, 2.425716648675015e-24, nan 
-57.125, 87.875, 2.655893640144782e-24, nan 
-56.875, 87.875, 2.2488838507152112e-24, nan 
-56.625, 87.875, 1.6433089493572246e-24, nan 
-56.375, 87.875, 1.773648830570503e-24, nan 
-56.125, 87.875, 1.7411808132893253e-24, nan 
-55.875, 87.875, 2.824760819926691e-24, nan 
-55.625, 87.875, 3.6444940558994166e-24, nan 
-55.375, 87.875, 3.6023459912030896e-24, nan 
-55.125, 87.875, 3.614866443745904e-24, nan 
-54.875, 87.875, 3.3524561326911294e-24, nan 
-54.625, 87.875, 3.0812826118340553e-24, nan 
-54.375, 87.875, 2.5643144655384058e-24, nan 
-54.125, 87.875, 3.033741589452258e-24, nan 
-53.875, 87.875, 4.2187001998530596e-24, nan 
-53.625, 87.875, 4.549891987023374e-24, nan 
-53.375, 87.875, 2.489608005541427e-24, nan 
-53.125, 87.875, 2.327165811096639e-24, nan 
-52.875, 87.875, 2.412094264512591e-24, nan 
-52.625, 87.875, 2.828753664280869e-24, nan 
-52.375, 87.875, 4.238184091270942e-24, nan 
-52.125, 87.875, 5.0668468964816114e-24, nan 
-51.875, 87.875, 7.300091268341185e-24, nan 
-51.625, 87.875, 8.865613124654717e-24, nan 
-51.375, 87.875, 9.45035631617646e-24, nan 
-51.125, 87.875, 8.370753327634307e-24, nan 
-50.875, 87.875, 6.424161547856268e-24, nan 
-50.625, 87.875, 5.56601729638242e-24, nan 
-50.375, 87.875, 3.996331614115228e-24, nan 
-50.125, 87.875, 2.568065530977788e-24, nan 
-49.875, 87.875, 4.401750311170972e-24, nan 
-49.625, 87.875, 3.962539381445335e-24, nan 
-49.375, 87.875, 3.767811993999981e-24, nan 
-49.125, 87.875, 3.8654573442297335e-24, nan 
-48.875, 87.875, 3.927831746639855e-24, nan 
-48.625, 87.875, 2.9210425245410435e-24, nan 
-48.375, 87.875, 2.5683356427590125e-24, nan 
-48.125, 87.875, 2.40015775392164e-24, nan 
-47.875, 87.875, 2.387962936974686e-24, nan 
-47.625, 87.875, 2.6204072906875676e-24, nan 
-47.375, 87.875, 4.9870380499685086e-24, nan 
-47.125, 87.875, 4.472494900545238e-24, nan 
-46.875, 87.875, 3.223510349513436e-24, nan 
-46.625, 87.875, 2.98488390457355e-24, nan 
-46.375, 87.875, 2.4842964755557582e-24, nan 
-46.125, 87.875, 1.8684505052971238e-24, nan 
-45.875, 87.875, 1.9910590631365137e-24, nan 
-45.625, 87.875, 2.828561520458387e-24, nan 
-45.375, 87.875, 4.713459402712272e-24, nan 
-45.125, 87.875, 8.375172109761601e-24, nan 
-44.875, 87.875, 1.0343376537467784e-23, nan 
-44.625, 87.875, 1.0898558381753014e-23, nan 
-44.375, 87.875, 8.698074538304698e-24, nan 
-44.125, 87.875, 5.963359826500313e-24, nan 
-43.875, 87.875, 4.985703324758048e-24, nan 
-43.625, 87.875, 4.474173916622865e-24, nan 
-43.375, 87.875, 3.03927582782335e-24, nan 
-43.125, 87.875, 5.286853554077044e-24, nan 
-42.875, 87.875, 4.034609022402832e-24, nan 
-42.625, 87.875, 3.2827336058886133e-24, nan 
-42.375, 87.875, 2.9388783263934066e-24, nan 
-42.125, 87.875, 3.2261188238294707e-24, nan 
-41.875, 87.875, 4.341161710178847e-24, nan 
-41.625, 87.875, 4.523197183117222e-24, nan 
-41.375, 87.875, 3.1577861949466347e-24, nan 
-41.125, 87.875, 2.4701624744991458e-24, nan 
-40.875, 87.875, 2.428559236434706e-24, nan 
-40.625, 87.875, 5.2717952880016385e-24, nan 
-40.375, 87.875, 4.233897785834076e-24, nan 
-40.125, 87.875, 3.0792391377559534e-24, nan 
-39.875, 87.875, 3.340342347773496e-24, nan 
-39.625, 87.875, 3.586672279943049e-24, nan 
-39.375, 87.875, 4.01963837388859e-24, nan 
-39.125, 87.875, 4.07393687822985e-24, nan 
-38.875, 87.875, 3.800947621751132e-24, nan 
-38.625, 87.875, 4.2305181624029986e-24, nan 
-38.375, 87.875, 5.120650204514312e-24, nan 
-38.125, 87.875, 6.408402837529799e-24, nan 
-37.875, 87.875, 6.420426141433697e-24, nan 
-37.625, 87.875, 5.3241641051818014e-24, nan 
-37.375, 87.875, 3.789766001850565e-24, nan 
-37.125, 87.875, 4.6247320659620005e-24, nan 
-36.875, 87.875, 5.793829877885192e-24, nan 
-36.625, 87.875, 7.25026835367307e-24, nan 
-36.375, 87.875, 6.7900656198086e-24, nan 
-36.125, 87.875, 6.056988872157999e-24, nan 
-35.875, 87.875, 5.24132711195776e-24, nan 
-35.625, 87.875, 3.952865924026005e-24, nan 
-35.375, 87.875, 2.890092688640439e-24, nan 
-35.125, 87.875, 4.5754148776707546e-24, nan 
-34.875, 87.875, 5.850236707699909e-24, nan 
-34.625, 87.875, 6.764705559201832e-24, nan 
-34.375, 87.875, 6.474387288091359e-24, nan 
-34.125, 87.875, 2.862343312580862e-24, nan 
-33.875, 87.875, 2.0426771452346973e-24, nan 
-33.625, 87.875, 6.755871865133111e-25, nan 
-33.375, 87.875, 1.5294640205115391e-24, nan 
-33.125, 87.875, 1.8715775159597582e-24, nan 
-32.875, 87.875, 2.615109041609439e-24, nan 
-32.625, 87.875, 2.9814492812048338e-24, nan 
-32.375, 87.875, 3.362948081081733e-24, nan 
-32.125, 87.875, 3.154279248995345e-24, nan 
-31.875, 87.875, 3.326850479948395e-24, nan 
-31.625, 87.875, 2.721883322380386e-24, nan 
-31.375, 87.875, 2.160288063610259e-24, nan 
-31.125, 87.875, 1.6300846376393825e-24, nan 
-30.875, 87.875, 3.924800854233307e-24, nan 
-30.625, 87.875, 4.778789734581725e-24, nan 
-30.375, 87.875, 5.23545512680243e-24, nan 
-30.125, 87.875, 6.627831150468264e-24, nan 
-29.875, 87.875, 8.728577385120207e-24, nan 
-29.625, 87.875, 8.369112071899976e-24, nan 
-29.375, 87.875, 7.690312159952143e-24, nan 
-29.125, 87.875, 6.459999209483966e-24, nan 
-28.875, 87.875, 4.992278928734131e-24, nan 
-28.625, 87.875, 2.823972667056611e-24, nan 
-28.375, 87.875, 1.0012655335266514e-24, nan 
-28.125, 87.875, 1.82369873746828e-24, nan 
-27.875, 87.875, 4.334412225379774e-24, nan 
-27.625, 87.875, 6.048849588958911e-24, nan 
-27.375, 87.875, 7.068695659378011e-24, nan 
-27.125, 87.875, 5.257844483613348e-24, nan 
-26.875, 87.875, 3.145012761775618e-24, nan 
-26.625, 87.875, 2.654982524793579e-24, nan 
-26.375, 87.875, 2.904728451075863e-24, nan 
-26.125, 87.875, 3.5482807182192775e-24, nan 
-25.875, 87.875, 4.521074179627585e-24, nan 
-25.625, 87.875, 4.4951676054097254e-24, nan 
-25.375, 87.875, 3.3497611310626764e-24, nan 
-25.125, 87.875, 2.3672479476211454e-24, nan 
-24.875, 87.875, 2.6266945510630926e-24, nan 
-24.625, 87.875, 2.290615588688716e-24, nan 
-24.375, 87.875, 1.5686703201630781e-24, nan 
-24.125, 87.875, 3.7570447824629464e-24, nan 
-23.875, 87.875, 2.963660952600206e-24, nan 
-23.625, 87.875, 5.1931965214091195e-24, nan 
-23.375, 87.875, 7.354361270802622e-24, nan 
-23.125, 87.875, 5.666470196098029e-24, nan 
-22.875, 87.875, 4.836771477709717e-24, nan 
-22.625, 87.875, 3.845207727634109e-24, nan 
-22.375, 87.875, 3.682192140762593e-24, nan 
-22.125, 87.875, 4.1885895761028196e-24, nan 
-21.875, 87.875, 4.359356157010921e-24, nan 
-21.625, 87.875, 4.255209979363987e-24, nan 
-21.375, 87.875, 3.986938808714151e-24, nan 
-21.125, 87.875, 6.2646118136164534e-24, nan 
-20.875, 87.875, 6.5642500785343366e-24, nan 
-20.625, 87.875, 8.152764312421643e-24, nan 
-20.375, 87.875, 6.363475313883299e-24, nan 
-20.125, 87.875, 4.264883553780679e-24, nan 
-19.875, 87.875, 3.550887989693189e-24, nan 
-19.625, 87.875, 3.374600460177302e-24, nan 
-19.375, 87.875, 3.862750592756571e-24, nan 
-19.125, 87.875, 5.340783053538632e-24, nan 
-18.875, 87.875, 5.3089726375137204e-24, nan 
-18.625, 87.875, 3.7553867141305015e-24, nan 
-18.375, 87.875, 4.157154444231009e-24, nan 
-18.125, 87.875, 4.678601881886682e-24, nan 
-17.875, 87.875, 4.735277726709779e-24, nan 
-17.625, 87.875, 4.903996928483232e-24, nan 
-17.375, 87.875, 4.9048576759449156e-24, nan 
-17.125, 87.875, 4.973705799172124e-24, nan 
-16.875, 87.875, 3.946826974840204e-24, nan 
-16.625, 87.875, 4.018298395167902e-24, nan 
-16.375, 87.875, 3.460437932831115e-24, nan 
-16.125, 87.875, 2.980508776330222e-24, nan 
-15.875, 87.875, 2.6969198850249325e-24, nan 
-15.625, 87.875, 2.490015124216325e-24, nan 
-15.375, 87.875, 2.505598438030931e-24, nan 
-15.125, 87.875, 2.3046788510769824e-24, nan 
-14.875, 87.875, 2.609164352471323e-24, nan 
-14.625, 87.875, 3.696301694176303e-24, nan 
-14.375, 87.875, 5.056484129837076e-24, nan 
-14.125, 87.875, 3.462454309883389e-24, nan 
-13.875, 87.875, 4.800886158007503e-24, nan 
-13.625, 87.875, 5.057821882877504e-24, nan 
-13.375, 87.875, 5.560278799331642e-24, nan 
-13.125, 87.875, 6.4223902531665894e-24, nan 
-12.875, 87.875, 7.717462444461622e-24, nan 
-12.625, 87.875, 8.3179740735865e-24, nan 
-12.375, 87.875, 8.349929939041216e-24, nan 
-12.125, 87.875, 7.323457318111556e-24, nan 
-11.875, 87.875, 6.337654465225596e-24, nan 
-11.625, 87.875, 5.2076500948695185e-24, nan 
-11.375, 87.875, 4.180653017850532e-24, nan 
-11.125, 87.875, 3.5486361755941115e-24, nan 
-10.875, 87.875, 3.632910812902111e-24, nan 
-10.625, 87.875, 4.112794740048397e-24, nan 
-10.375, 87.875, 4.0037817197093594e-24, nan 
-10.125, 87.875, 3.393580529461954e-24, nan 
-9.875, 87.875, 3.525816964916191e-24, nan 
-9.625, 87.875, 4.438738004251429e-24, nan 
-9.375, 87.875, 6.743495774434226e-24, nan 
-9.125, 87.875, 3.465282587625992e-24, nan 
-8.875, 87.875, 2.5554988158850075e-24, nan 
-8.625, 87.875, 2.4270279566947813e-24, nan 
-8.375, 87.875, 2.0791874163309618e-24, nan 
-8.125, 87.875, 2.309491344040424e-24, nan 
-7.875, 87.875, 3.15697675026447e-24, nan 
-7.625, 87.875, 5.991493750190397e-24, nan 
-7.375, 87.875, 5.1595594723789374e-24, nan 
-7.125, 87.875, 3.567275699639583e-24, nan 
-6.875, 87.875, 3.7438790847072575e-24, nan 
-6.625, 87.875, 4.8518215937918125e-24, nan 
-6.375, 87.875, 7.037361735788255e-24, nan 
-6.125, 87.875, 9.803204848442126e-24, nan 
-5.875, 87.875, 1.088733778111255e-23, nan 
-5.625, 87.875, 1.0216051712888796e-23, nan 
-5.375, 87.875, 8.773868807779211e-24, nan 
-5.125, 87.875, 7.951753891325988e-24, nan 
-4.875, 87.875, 5.202122418457195e-24, nan 
-4.625, 87.875, 3.997412026342235e-24, nan 
-4.375, 87.875, 3.2598449786859977e-24, nan 
-4.125, 87.875, 2.13299340183684e-24, nan 
-3.875, 87.875, 1.901885029963187e-24, nan 
-3.625, 87.875, 1.4534464752416157e-24, nan 
-3.375, 87.875, 1.0009489252186956e-24, nan 
-3.125, 87.875, 2.382744830760929e-24, nan 
-2.875, 87.875, 5.6510137069044444e-24, nan 
-2.625, 87.875, 1.1482948132937116e-23, nan 
-2.375, 87.875, 4.670525979731603e-24, nan 
-2.125, 87.875, 2.8602408563195045e-24, nan 
-1.875, 87.875, 3.1215624200212405e-24, nan 
-1.625, 87.875, 3.2905556349854844e-24, nan 
-1.375, 87.875, 4.189082502038777e-24, nan 
-1.125, 87.875, 6.255393210697143e-24, nan 
-0.875, 87.875, 1.2608154038782852e-23, nan 
-0.625, 87.875, 1.1978151153023789e-23, nan 
-0.375, 87.875, 9.460093432778533e-24, nan 
-0.125, 87.875, 7.723447042071623e-24, nan 
0.125, 87.875, 6.5048892645019946e-24, nan 
0.375, 87.875, 6.59083001934961e-24, nan 
0.625, 87.875, 8.358892621687786e-24, nan 
0.875, 87.875, 9.273358170671407e-24, nan 
1.125, 87.875, 8.50151731343007e-24, nan 
1.375, 87.875, 7.411690146368836e-24, nan 
1.625, 87.875, 6.899954280310776e-24, nan 
1.875, 87.875, 5.1082526389439276e-24, nan 
2.125, 87.875, 4.198622218910132e-24, nan 
2.375, 87.875, 3.1231697723219246e-24, nan 
2.625, 87.875, 2.1911372921489844e-24, nan 
2.875, 87.875, 1.7640685867847047e-24, nan 
3.125, 87.875, 1.3985932789761045e-24, nan 
3.375, 87.875, 1.2414338433772686e-24, nan 
3.625, 87.875, 1.8444840447780817e-24, nan 
3.875, 87.875, 3.540482721125075e-24, nan 
4.125, 87.875, 6.533848885512485e-24, nan 
4.375, 87.875, 3.1805711660965806e-24, nan 
4.625, 87.875, 1.6959709488929544e-24, nan 
4.875, 87.875, 1.8427699983443683e-24, nan 
5.125, 87.875, 2.382149118028852e-24, nan 
5.375, 87.875, 3.168515171754561e-24, nan 
5.625, 87.875, 4.8704252672794696e-24, nan 
5.875, 87.875, 7.983528323756746e-24, nan 
6.125, 87.875, 6.773208139380128e-24, nan 
6.375, 87.875, 5.514860691944878e-24, nan 
6.625, 87.875, 4.720776837664252e-24, nan 
6.875, 87.875, 4.0192811744935825e-24, nan 
7.125, 87.875, 2.781288607965996e-24, nan 
7.375, 87.875, 1.864076322196737e-24, nan 
7.625, 87.875, 2.0010910379247188e-24, nan 
7.875, 87.875, 1.5203404081668767e-24, nan 
8.125, 87.875, 1.3243697543884303e-24, nan 
8.375, 87.875, 1.2288976580529104e-24, nan 
8.625, 87.875, 3.512154188917351e-24, nan 
8.875, 87.875, 2.8923715955567486e-24, nan 
9.125, 87.875, 1.7961406862644668e-24, nan 
9.375, 87.875, 1.3227143394070817e-24, nan 
9.625, 87.875, 1.1218777812572007e-24, nan 
9.875, 87.875, 1.031874715618312e-24, nan 
10.125, 87.875, 1.0542806825371558e-24, nan 
10.375, 87.875, 1.0316322929832243e-24, nan 
10.625, 87.875, 9.745980408973438e-25, nan 
10.875, 87.875, 1.1822164335662582e-24, nan 
11.125, 87.875, 1.3298490349558367e-24, nan 
11.375, 87.875, 1.724044783289485e-24, nan 
11.625, 87.875, 2.7084831339297753e-24, nan 
11.875, 87.875, 3.983947304391183e-24, nan 
12.125, 87.875, 4.829946219589045e-24, nan 
12.375, 87.875, 5.438931253227875e-24, nan 
12.625, 87.875, 2.0125849578644335e-24, nan 
12.875, 87.875, 2.0538588986103675e-24, nan 
13.125, 87.875, 2.1659990214336193e-24, nan 
13.375, 87.875, 1.4119979711584823e-24, nan 
13.625, 87.875, 2.5968851957537716e-24, nan 
13.875, 87.875, 1.4436849325169423e-24, nan 
14.125, 87.875, 2.1646456969462066e-24, nan 
14.375, 87.875, 2.7674093081319146e-24, nan 
14.625, 87.875, 2.069207313412587e-24, nan 
14.875, 87.875, 2.131514378857081e-24, nan 
15.125, 87.875, 2.269003746692199e-24, nan 
15.375, 87.875, 2.3867995350338026e-24, nan 
15.625, 87.875, 2.3997284209537372e-24, nan 
15.875, 87.875, 1.4624348247051302e-24, nan 
16.125, 87.875, 1.0043970711958882e-24, nan 
16.375, 87.875, 1.769042722425158e-24, nan 
16.625, 87.875, 2.2137758959609977e-24, nan 
16.875, 87.875, 2.163468120003789e-24, nan 
17.125, 87.875, 1.813461548455938e-24, nan 
17.375, 87.875, 1.4117628363782356e-24, nan 
17.625, 87.875, 1.1753134500742222e-24, nan 
17.875, 87.875, 1.1508438973614578e-24, nan 
18.125, 87.875, 1.182798576071059e-24, nan 
18.375, 87.875, 9.936632634828081e-25, nan 
18.625, 87.875, 7.390024928507607e-25, nan 
18.875, 87.875, 8.148401996365617e-25, nan 
19.125, 87.875, 1.2659183180420087e-24, nan 
19.375, 87.875, 1.0557849069688271e-24, nan 
19.625, 87.875, 8.314665950023167e-25, nan 
19.875, 87.875, 1.117701784351796e-24, nan 
20.125, 87.875, 1.4674971260264647e-24, nan 
20.375, 87.875, 2.1440789012530167e-24, nan 
20.625, 87.875, 2.653438416210058e-24, nan 
20.875, 87.875, 2.4068504103278937e-24, nan 
21.125, 87.875, 2.277272475914918e-24, nan 
21.375, 87.875, 2.0891333452182823e-24, nan 
21.625, 87.875, 2.0092114310158293e-24, nan 
21.875, 87.875, 2.036720876244044e-24, nan 
22.125, 87.875, 2.0323399250419874e-24, nan 
22.375, 87.875, 1.9477651921300437e-24, nan 
22.625, 87.875, 1.7523511881676797e-24, nan 
22.875, 87.875, 1.62457894568871e-24, nan 
23.125, 87.875, 1.400575929883849e-24, nan 
23.375, 87.875, 1.3865213261948156e-24, nan 
23.625, 87.875, 1.4322058115291686e-24, nan 
23.875, 87.875, 1.3813882255169452e-24, nan 
24.125, 87.875, 1.306023441352345e-24, nan 
24.375, 87.875, 1.1514235545507132e-24, nan 
24.625, 87.875, 1.0601556845076093e-24, nan 
24.875, 87.875, 1.2269651704926963e-24, nan 
25.125, 87.875, 1.0347529164154805e-24, nan 
25.375, 87.875, 1.3276027531074421e-24, nan 
25.625, 87.875, 2.125793249271452e-24, nan 
25.875, 87.875, 3.2894326972505674e-24, nan 
26.125, 87.875, 2.4268144180082362e-24, nan 
26.375, 87.875, 1.278474000510032e-24, nan 
26.625, 87.875, 9.940838737927711e-25, nan 
26.875, 87.875, 1.0268496468884323e-24, nan 
27.125, 87.875, 1.3363569145913778e-24, nan 
27.375, 87.875, 1.5724554675759968e-24, nan 
27.625, 87.875, 1.6294574037095852e-24, nan 
27.875, 87.875, 1.7326780608482255e-24, nan 
28.125, 87.875, 1.34446249909853e-24, nan 
28.375, 87.875, 1.0190719228562513e-24, nan 
28.625, 87.875, 8.697370155569185e-25, nan 
28.875, 87.875, 8.77603721499941e-25, nan 
29.125, 87.875, 8.401229374661984e-25, nan 
29.375, 87.875, 8.56507117064705e-25, nan 
29.625, 87.875, 8.060313497574679e-25, nan 
29.875, 87.875, 7.372483507357909e-25, nan 
30.125, 87.875, 7.193341033506224e-25, nan 
30.375, 87.875, 7.328351670998006e-25, nan 
30.625, 87.875, 8.79796425533931e-25, nan 
30.875, 87.875, 6.093330602027208e-25, nan 
31.125, 87.875, 1.064552810166878e-24, nan 
31.375, 87.875, 1.069815707120467e-24, nan 
31.625, 87.875, 1.1245783269270044e-24, nan 
31.875, 87.875, 1.0515922504234022e-24, nan 
32.125, 87.875, 1.1403362329529383e-24, nan 
32.375, 87.875, 1.4552430525429487e-24, nan 
32.625, 87.875, 1.9186051002916667e-24, nan 
32.875, 87.875, 1.515542571192189e-24, nan 
33.125, 87.875, 1.2256604659307699e-24, nan 
33.375, 87.875, 1.030026147651515e-24, nan 
33.625, 87.875, 1.0460493042020188e-24, nan 
33.875, 87.875, 7.426520731295324e-25, nan 
34.125, 87.875, 6.073467877082544e-25, nan 
34.375, 87.875, 1.122267977131606e-24, nan 
34.625, 87.875, 7.166136318813987e-25, nan 
34.875, 87.875, 7.451864314764533e-25, nan 
35.125, 87.875, 7.140743628239646e-25, nan 
35.375, 87.875, 9.084968733616106e-25, nan 
35.625, 87.875, 1.1980591734891643e-24, nan 
35.875, 87.875, 1.699013134530619e-24, nan 
36.125, 87.875, 1.625961253076199e-24, nan 
36.375, 87.875, 1.484991989536246e-24, nan 
36.625, 87.875, 1.3115303526309267e-24, nan 
36.875, 87.875, 1.2174073663897497e-24, nan 
37.125, 87.875, 1.0706662867757427e-24, nan 
37.375, 87.875, 1.0394908420606117e-24, nan 
37.625, 87.875, 1.1367676609398588e-24, nan 
37.875, 87.875, 1.2856782869115843e-24, nan 
38.125, 87.875, 1.346601212294486e-24, nan 
38.375, 87.875, 1.3145833606900464e-24, nan 
38.625, 87.875, 1.2878159604829029e-24, nan 
38.875, 87.875, 1.0527578630822218e-24, nan 
39.125, 87.875, 1.3250380576324393e-24, nan 
39.375, 87.875, 1.4303708737087204e-24, nan 
39.625, 87.875, 1.4378099236346311e-24, nan 
39.875, 87.875, 1.7933561352517764e-24, nan 
40.125, 87.875, 1.5588379896135156e-24, nan 
40.375, 87.875, 1.401147195610785e-24, nan 
40.625, 87.875, 1.2867568444635941e-24, nan 
40.875, 87.875, 1.2567800834160225e-24, nan 
41.125, 87.875, 1.43554441930952e-24, nan 
41.375, 87.875, 1.3209325959935764e-24, nan 
41.625, 87.875, 1.336776184774392e-24, nan 
41.875, 87.875, 1.4885518544664645e-24, nan 
42.125, 87.875, 2.1177971070015778e-24, nan 
42.375, 87.875, 2.7116813359051784e-24, nan 
42.625, 87.875, 3.0933337526700887e-24, nan 
42.875, 87.875, 2.9386709578133238e-24, nan 
43.125, 87.875, 2.527135146592859e-24, nan 
43.375, 87.875, 1.913614450310085e-24, nan 
43.625, 87.875, 1.162342041067987e-24, nan 
43.875, 87.875, 4.304688613366205e-25, nan 
44.125, 87.875, 3.618866086742433e-25, nan 
44.375, 87.875, 5.730495101481964e-25, nan 
44.625, 87.875, 8.543829439480795e-25, nan 
44.875, 87.875, 9.81218299741745e-25, nan 
45.125, 87.875, 9.002533924678781e-25, nan 
45.375, 87.875, 4.408594851133368e-25, nan 
45.625, 87.875, 4.7474810865067155e-25, nan 
45.875, 87.875, 9.419872689152869e-25, nan 
46.125, 87.875, 1.230562852110176e-24, nan 
46.375, 87.875, 1.3015027135264828e-24, nan 
46.625, 87.875, 1.5354374024610282e-24, nan 
46.875, 87.875, 2.1703876016198418e-24, nan 
47.125, 87.875, 2.2931246262409237e-24, nan 
47.375, 87.875, 2.4713609706093443e-24, nan 
47.625, 87.875, 2.6133775274199082e-24, nan 
47.875, 87.875, 2.389787362339872e-24, nan 
48.125, 87.875, 2.0736351622874975e-24, nan 
48.375, 87.875, 1.5533270957191805e-24, nan 
48.625, 87.875, 1.146612310202112e-24, nan 
48.875, 87.875, 1.7028180496708034e-24, nan 
49.125, 87.875, 2.3167453185511584e-24, nan 
49.375, 87.875, 2.6440654730722684e-24, nan 
49.625, 87.875, 2.517636149231406e-24, nan 
49.875, 87.875, 2.1547494106097196e-24, nan 
50.125, 87.875, 1.6027296083787847e-24, nan 
50.375, 87.875, 1.0276271461638195e-24, nan 
50.625, 87.875, 9.810541691070956e-25, nan 
50.875, 87.875, 1.1525859979386642e-24, nan 
51.125, 87.875, 8.919047227086316e-25, nan 
51.375, 87.875, 8.32670878941217e-25, nan 
51.625, 87.875, 8.17025752290418e-25, nan 
51.875, 87.875, 8.78405311472362e-25, nan 
52.125, 87.875, 9.189475221627133e-25, nan 
52.375, 87.875, 9.55082057603553e-25, nan 
52.625, 87.875, 1.0553516987707904e-24, nan 
52.875, 87.875, 1.1330721557703181e-24, nan 
53.125, 87.875, 1.0044094685461726e-24, nan 
53.375, 87.875, 1.2234316672551952e-24, nan 
53.625, 87.875, 1.890585038789453e-24, nan 
53.875, 87.875, 2.216513336802891e-24, nan 
54.125, 87.875, 2.5480835004469568e-24, nan 
54.375, 87.875, 2.9063687493310944e-24, nan 
54.625, 87.875, 2.4745115756601195e-24, nan 
54.875, 87.875, 1.715248459997944e-24, nan 
55.125, 87.875, 6.072528573189124e-25, nan 
55.375, 87.875, 8.228253451078188e-25, nan 
55.625, 87.875, 9.36195009839427e-25, nan 
55.875, 87.875, 1.1439534208834017e-24, nan 
56.125, 87.875, 1.7460709535315756e-24, nan 
56.375, 87.875, 2.566429614001967e-24, nan 
56.625, 87.875, 2.8209572201378226e-24, nan 
56.875, 87.875, 2.494832580229979e-24, nan 
57.125, 87.875, 2.3694010391167095e-24, nan 
57.375, 87.875, 2.487851245646911e-24, nan 
57.625, 87.875, 2.5739541318469865e-24, nan 
57.875, 87.875, 2.6712198061301575e-24, nan 
58.125, 87.875, 2.7663245374472618e-24, nan 
58.375, 87.875, 2.9719163106455944e-24, nan 
58.625, 87.875, 3.2498056917299086e-24, nan 
58.875, 87.875, 3.140936367264483e-24, nan 
59.125, 87.875, 3.0788679843506493e-24, nan 
59.375, 87.875, 2.9004544809045472e-24, nan 
59.625, 87.875, 2.757832246740835e-24, nan 
59.875, 87.875, 2.5016602116779095e-24, nan 
60.125, 87.875, 2.30784793180055e-24, nan 
60.375, 87.875, 2.260111817382254e-24, nan 
60.625, 87.875, 2.3118307485905665e-24, nan 
60.875, 87.875, 1.4550939869676505e-24, nan 
61.125, 87.875, 2.2675806352262532e-24, nan 
61.375, 87.875, 2.2854482480793507e-24, nan 
61.625, 87.875, 2.4146583125871773e-24, nan 
61.875, 87.875, 2.284670960513061e-24, nan 
62.125, 87.875, 2.244880002739535e-24, nan 
62.375, 87.875, 2.0952246359422036e-24, nan 
62.625, 87.875, 1.9910064768566e-24, nan 
62.875, 87.875, 2.5336234105383244e-24, nan 
63.125, 87.875, 3.909862411044402e-24, nan 
63.375, 87.875, 3.6344570258321415e-24, nan 
63.625, 87.875, 2.8287208281896745e-24, nan 
63.875, 87.875, 2.4463668167396726e-24, nan 
64.125, 87.875, 2.998347143108869e-24, nan 
64.375, 87.875, 4.3148326114021074e-24, nan 
64.625, 87.875, 4.8206522459985516e-24, nan 
64.875, 87.875, 5.302964073498585e-24, nan 
65.125, 87.875, 6.533988206144952e-24, nan 
65.375, 87.875, 6.259386115079462e-24, nan 
65.625, 87.875, 5.813812595445523e-24, nan 
65.875, 87.875, 5.7213571862786664e-24, nan 
66.125, 87.875, 5.648472456924419e-24, nan 
66.375, 87.875, 5.628023852477959e-24, nan 
66.625, 87.875, 5.659471950028662e-24, nan 
66.875, 87.875, 4.9475363938197474e-24, nan 
67.125, 87.875, 4.8502572185264114e-24, nan 
67.375, 87.875, 4.306950681743193e-24, nan 
67.625, 87.875, 2.5307793193330847e-24, nan 
67.875, 87.875, 3.967476238225383e-24, nan 
68.125, 87.875, 4.287137032192572e-24, nan 
68.375, 87.875, 4.999069080702129e-24, nan 
68.625, 87.875, 5.007428382470069e-24, nan 
68.875, 87.875, 5.168228540506841e-24, nan 
69.125, 87.875, 5.076518801732115e-24, nan 
69.375, 87.875, 2.878816238784e-24, nan 
69.625, 87.875, 2.9687857054193364e-24, nan 
69.875, 87.875, 2.98827292957551e-24, nan 
70.125, 87.875, 3.2377893284441e-24, nan 
70.375, 87.875, 3.1846092319637043e-24, nan 
70.625, 87.875, 3.002125208349691e-24, nan 
70.875, 87.875, 2.9530778470032007e-24, nan 
71.125, 87.875, 5.062661609112279e-24, nan 
71.375, 87.875, 5.469670582900783e-24, nan 
71.625, 87.875, 5.78299165355639e-24, nan 
71.875, 87.875, 5.789339450690205e-24, nan 
72.125, 87.875, 4.163545434284338e-24, nan 
72.375, 87.875, 3.9757729516211546e-24, nan 
72.625, 87.875, 3.9470863686378685e-24, nan 
72.875, 87.875, 3.6996197200666935e-24, nan 
73.125, 87.875, 3.65584380343978e-24, nan 
73.375, 87.875, 4.1196986878975306e-24, nan 
73.625, 87.875, 3.210008724018487e-24, nan 
73.875, 87.875, 2.962305951583468e-24, nan 
74.125, 87.875, 3.457967495190361e-24, nan 
74.375, 87.875, 3.2685575886214156e-24, nan 
74.625, 87.875, 3.395497651980247e-24, nan 
74.875, 87.875, 3.4428266301096926e-24, nan 
75.125, 87.875, 3.5652369212877106e-24, nan 
75.375, 87.875, 3.377765524263341e-24, nan 
75.625, 87.875, 3.190879308738546e-24, nan 
75.875, 87.875, 3.159137298363768e-24, nan 
76.125, 87.875, 9.634019780199656e-25, nan 
76.375, 87.875, 1.5295600952976897e-24, nan 
76.625, 87.875, 1.898907522289268e-24, nan 
76.875, 87.875, 2.5481078488734422e-24, nan 
77.125, 87.875, 2.614803225796782e-24, nan 
77.375, 87.875, 2.3386525649707893e-24, nan 
77.625, 87.875, 1.3398269994784303e-24, nan 
77.875, 87.875, 1.4211863550220417e-24, nan 
78.125, 87.875, 1.8191040983281266e-24, nan 
78.375, 87.875, 2.289902105833608e-24, nan 
78.625, 87.875, 2.6465427060338054e-24, nan 
78.875, 87.875, 2.1675993530973094e-24, nan 
79.125, 87.875, 1.8546130999710755e-24, nan 
79.375, 87.875, 1.7721687142295703e-24, nan 
79.625, 87.875, 1.5131305758054934e-24, nan 
79.875, 87.875, 9.138098646017776e-25, nan 
80.125, 87.875, 7.570314682066925e-25, nan 
80.375, 87.875, 7.215865722725914e-25, nan 
80.625, 87.875, 7.7061583339976805e-25, nan 
80.875, 87.875, 1.3967073212526195e-24, nan 
81.125, 87.875, 1.6105133568558861e-24, nan 
81.375, 87.875, 1.6457467258345384e-24, nan 
81.625, 87.875, 1.525208484603872e-24, nan 
81.875, 87.875, 1.5019217759760277e-24, nan 
82.125, 87.875, 1.4959871770440938e-24, nan 
82.375, 87.875, 1.0178037560223715e-24, nan 
82.625, 87.875, 1.250823641305167e-24, nan 
82.875, 87.875, 1.4676968491144618e-24, nan 
83.125, 87.875, 1.4998515218281666e-24, nan 
83.375, 87.875, 1.6082712943544413e-24, nan 
83.625, 87.875, 1.746084021781032e-24, nan 
83.875, 87.875, 1.697756086944198e-24, nan 
84.125, 87.875, 1.1964116069648477e-24, nan 
84.375, 87.875, 8.414058989051024e-25, nan 
84.625, 87.875, 7.294182734213989e-25, nan 
84.875, 87.875, 9.48930303193108e-25, nan 
85.125, 87.875, 1.1049133979650921e-24, nan 
85.375, 87.875, 1.4321262508418333e-24, nan 
85.625, 87.875, 1.9724108816027943e-24, nan 
85.875, 87.875, 2.0425688833822324e-24, nan 
86.125, 87.875, 2.1381291622826827e-24, nan 
86.375, 87.875, 2.085889737013328e-24, nan 
86.625, 87.875, 1.823925058887677e-24, nan 
86.875, 87.875, 9.827615509475819e-25, nan 
87.125, 87.875, 8.155385616515996e-25, nan 
87.375, 87.875, 8.937957499754163e-25, nan 
87.625, 87.875, 1.1976231237558946e-24, nan 
87.875, 87.875, 1.193682828975852e-24, nan 
88.125, 87.875, 1.3008992891590048e-24, nan 
88.375, 87.875, 1.3334400961062378e-24, nan 
88.625, 87.875, 1.3490175819990014e-24, nan 
88.875, 87.875, 1.4627661352682649e-24, nan 
89.125, 87.875, 1.8321424064884807e-24, nan 
89.375, 87.875, 1.8496709274899074e-24, nan 
89.625, 87.875, 2.0117796322285284e-24, nan 
89.875, 87.875, 2.1675366697488726e-24, nan 
90.125, 87.875, 2.312511861714303e-24, nan 
90.375, 87.875, 2.386642274147656e-24, nan 
90.625, 87.875, 2.3611119697010465e-24, nan 
90.875, 87.875, 1.926313844692345e-24, nan 
91.125, 87.875, 2.2990315682906425e-24, nan 
91.375, 87.875, 2.301641921801308e-24, nan 
91.625, 87.875, 2.5404577224754853e-24, nan 
91.875, 87.875, 2.4958905371340364e-24, nan 
92.125, 87.875, 2.5203103286478182e-24, nan 
92.375, 87.875, 3.207445041868557e-24, nan 
92.625, 87.875, 4.511320913754988e-24, nan 
92.875, 87.875, 4.503722015027385e-24, nan 
93.125, 87.875, 3.9097081022416e-24, nan 
93.375, 87.875, 2.9975380701351896e-24, nan 
93.625, 87.875, 1.2561860592439312e-24, nan 
93.875, 87.875, 1.3224732409753168e-24, nan 
94.125, 87.875, 9.432471882673436e-25, nan 
94.375, 87.875, 1.1194274454961863e-24, nan 
94.625, 87.875, 1.2860244489413327e-24, nan 
94.875, 87.875, 1.731152412510451e-24, nan 
95.125, 87.875, 1.700132660043715e-24, nan 
95.375, 87.875, 1.727297408856922e-24, nan 
95.625, 87.875, 1.8111246364244696e-24, nan 
95.875, 87.875, 1.7099172126775854e-24, nan 
96.125, 87.875, 2.178539684604504e-24, nan 
96.375, 87.875, 2.8285580760261823e-24, nan 
96.625, 87.875, 3.507743720762467e-24, nan 
96.875, 87.875, 3.774733523517501e-24, nan 
-131.375, 88.125, 1.2933251875726622e-24, nan 
-131.125, 88.125, 1.325524459057549e-24, nan 
-130.875, 88.125, 1.3428936132622631e-24, nan 
-130.625, 88.125, 1.2800063285450165e-24, nan 
-130.375, 88.125, 1.2365202968677516e-24, nan 
-130.125, 88.125, 1.2199585798552241e-24, nan 
-129.875, 88.125, 1.039372195914237e-24, nan 
-129.625, 88.125, 1.2796141256007855e-24, nan 
-129.375, 88.125, 1.4432153797196172e-24, nan 
-129.125, 88.125, 1.490640949693778e-24, nan 
-128.875, 88.125, 1.6301802422993732e-24, nan 
-128.625, 88.125, 1.994847228441292e-24, nan 
-128.375, 88.125, 2.2127876617830465e-24, nan 
-128.125, 88.125, 1.6665624189546287e-24, nan 
-127.875, 88.125, 1.3935403646299025e-24, nan 
-127.625, 88.125, 1.4350875774418508e-24, nan 
-127.375, 88.125, 1.5014731457063097e-24, nan 
-127.125, 88.125, 1.429807373346492e-24, nan 
-126.875, 88.125, 1.215915479455012e-24, nan 
-126.625, 88.125, 1.0819715810731326e-24, nan 
-126.375, 88.125, 1.0584203393698669e-24, nan 
-126.125, 88.125, 1.0464804569111316e-24, nan 
-125.875, 88.125, 1.1197655147746162e-24, nan 
-125.625, 88.125, 1.1921587370435744e-24, nan 
-125.375, 88.125, 1.1760946446510442e-24, nan 
-125.125, 88.125, 1.2605510271694857e-24, nan 
-124.875, 88.125, 1.1999076298084786e-24, nan 
-124.625, 88.125, 1.1666655980183643e-24, nan 
-124.375, 88.125, 1.1494148403790737e-24, nan 
-124.125, 88.125, 8.49413456148386e-25, nan 
-123.875, 88.125, 8.090421613460747e-25, nan 
-123.625, 88.125, 1.0288720458873498e-24, nan 
-123.375, 88.125, 1.082750462136277e-24, nan 
-123.125, 88.125, 1.1043996747917153e-24, nan 
-122.875, 88.125, 1.1111066957030264e-24, nan 
-122.625, 88.125, 1.098576964276164e-24, nan 
-122.375, 88.125, 1.0569560609423433e-24, nan 
-122.125, 88.125, 9.487812101677396e-25, nan 
-121.875, 88.125, 9.381695741056445e-25, nan 
-121.625, 88.125, 1.0816872589665438e-24, nan 
-121.375, 88.125, 1.1974536901280243e-24, nan 
-121.125, 88.125, 1.159976924576132e-24, nan 
-120.875, 88.125, 1.2585523499683658e-24, nan 
-120.625, 88.125, 1.1906043365733588e-24, nan 
-120.375, 88.125, 1.1245127460849994e-24, nan 
-120.125, 88.125, 1.0784117925350503e-24, nan 
-119.875, 88.125, 1.0173883687732875e-24, nan 
-119.625, 88.125, 9.976500306000704e-25, nan 
-119.375, 88.125, 1.0197890742031947e-24, nan 
-119.125, 88.125, 9.765411064421975e-25, nan 
-118.875, 88.125, 9.641500977479686e-25, nan 
-118.625, 88.125, 9.380430114135188e-25, nan 
-118.375, 88.125, 1.1258298581437107e-24, nan 
-118.125, 88.125, 1.1130961469026577e-24, nan 
-117.875, 88.125, 1.3925270069781195e-24, nan 
-117.625, 88.125, 1.2586608086939849e-24, nan 
-117.375, 88.125, 1.5183164122398421e-24, nan 
-117.125, 88.125, 1.3331038943969116e-24, nan 
-116.875, 88.125, 1.3552658662893002e-24, nan 
-116.625, 88.125, 1.5428795152629942e-24, nan 
-116.375, 88.125, 1.018499432380444e-24, nan 
-116.125, 88.125, 1.0315735918437754e-24, nan 
-115.875, 88.125, 1.3111642666308951e-24, nan 
-115.625, 88.125, 1.745383447219699e-24, nan 
-115.375, 88.125, 1.840657695945405e-24, nan 
-115.125, 88.125, 1.897356743981302e-24, nan 
-114.875, 88.125, 1.8599978824634698e-24, nan 
-114.625, 88.125, 1.7193689557709075e-24, nan 
-114.375, 88.125, 2.0636862679144735e-24, nan 
-114.125, 88.125, 2.2877935034067618e-24, nan 
-113.875, 88.125, 2.3479709603599823e-24, nan 
-113.625, 88.125, 2.2796369893266034e-24, nan 
-113.375, 88.125, 2.148320457527154e-24, nan 
-113.125, 88.125, 1.784621262297868e-24, nan 
-112.875, 88.125, 1.814726134420226e-24, nan 
-112.625, 88.125, 2.600333310765647e-24, nan 
-112.375, 88.125, 1.971947706605847e-24, nan 
-112.125, 88.125, 1.4800530716072928e-24, nan 
-111.875, 88.125, 1.3976194920541427e-24, nan 
-111.625, 88.125, 2.162955944582362e-24, nan 
-111.375, 88.125, 1.746025886219031e-24, nan 
-111.125, 88.125, 1.3488845283916519e-24, nan 
-110.875, 88.125, 1.3723979084826329e-24, nan 
-110.625, 88.125, 1.4742965771055146e-24, nan 
-110.375, 88.125, 1.6875539900014706e-24, nan 
-110.125, 88.125, 1.9783498231760346e-24, nan 
-109.875, 88.125, 2.173981433718151e-24, nan 
-109.625, 88.125, 2.4011953347707712e-24, nan 
-109.375, 88.125, 2.0850121745890238e-24, nan 
-109.125, 88.125, 2.043472891932669e-24, nan 
-108.875, 88.125, 1.877908425758089e-24, nan 
-108.625, 88.125, 1.82257762414225e-24, nan 
-108.375, 88.125, 1.8326815612040514e-24, nan 
-108.125, 88.125, 2.195211866885008e-24, nan 
-107.875, 88.125, 3.103985092303434e-24, nan 
-107.625, 88.125, 2.8541950109061397e-24, nan 
-107.375, 88.125, 2.961214040393861e-24, nan 
-107.125, 88.125, 2.894561062100108e-24, nan 
-106.875, 88.125, 2.868507009752039e-24, nan 
-106.625, 88.125, 3.6910194546132034e-24, nan 
-106.375, 88.125, 4.0949923976379e-24, nan 
-106.125, 88.125, 4.0323125395333916e-24, nan 
-105.875, 88.125, 3.8141845012551136e-24, nan 
-105.625, 88.125, 3.7225899551109526e-24, nan 
-105.375, 88.125, 2.70599396259108e-24, nan 
-105.125, 88.125, 3.1268985314664792e-24, nan 
-104.875, 88.125, 5.557988325416317e-24, nan 
-104.625, 88.125, 4.205055484586004e-24, nan 
-104.375, 88.125, 2.7657364793333194e-24, nan 
-104.125, 88.125, 3.178426348959561e-24, nan 
-103.875, 88.125, 4.91133378421086e-24, nan 
-103.625, 88.125, 4.524275476464077e-24, nan 
-103.375, 88.125, 4.008557780655053e-24, nan 
-103.125, 88.125, 3.853969920633308e-24, nan 
-102.875, 88.125, 4.156220889598666e-24, nan 
-102.625, 88.125, 4.631815873504731e-24, nan 
-102.375, 88.125, 4.848174635927034e-24, nan 
-102.125, 88.125, 4.9155279782122414e-24, nan 
-101.875, 88.125, 4.77956328911015e-24, nan 
-101.625, 88.125, 4.4576652562836274e-24, nan 
-101.375, 88.125, 4.716520065337722e-24, nan 
-101.125, 88.125, 4.1666910962939655e-24, nan 
-100.875, 88.125, 3.841630211677114e-24, nan 
-100.625, 88.125, 3.7081919082202755e-24, nan 
-100.375, 88.125, 3.62052685624337e-24, nan 
-100.125, 88.125, 3.7650426883761995e-24, nan 
-99.875, 88.125, 3.1850392581958224e-24, nan 
-99.625, 88.125, 3.1188595206047437e-24, nan 
-99.375, 88.125, 3.1822003660837042e-24, nan 
-99.125, 88.125, 3.390536987611519e-24, nan 
-98.875, 88.125, 3.6550675271593554e-24, nan 
-98.625, 88.125, 3.791910559339561e-24, nan 
-98.375, 88.125, 3.698106111925647e-24, nan 
-98.125, 88.125, 3.362560695711355e-24, nan 
-97.875, 88.125, 3.1628647641753545e-24, nan 
-97.625, 88.125, 2.5971829486673457e-24, nan 
-97.375, 88.125, 2.7659406519908502e-24, nan 
-97.125, 88.125, 3.8945458546474075e-24, nan 
-96.875, 88.125, 3.2166254753178776e-24, nan 
-96.625, 88.125, 2.5143741223736496e-24, nan 
-96.375, 88.125, 2.3130379263207428e-24, nan 
-96.125, 88.125, 3.609327133855379e-24, nan 
-95.875, 88.125, 3.14162288914385e-24, nan 
-95.625, 88.125, 2.275888011333489e-24, nan 
-95.375, 88.125, 2.333636770631918e-24, nan 
-95.125, 88.125, 2.1137285832662103e-24, nan 
-94.875, 88.125, 2.1749060238181778e-24, nan 
-94.625, 88.125, 2.3099312715722678e-24, nan 
-94.375, 88.125, 2.179825918731542e-24, nan 
-94.125, 88.125, 2.288003905733926e-24, nan 
-93.875, 88.125, 1.9123736007010442e-24, nan 
-93.625, 88.125, 1.4078826405420127e-24, nan 
-93.375, 88.125, 2.253552561462407e-24, nan 
-93.125, 88.125, 2.290136893717008e-24, nan 
-92.875, 88.125, 2.0177541211920213e-24, nan 
-92.625, 88.125, 1.5471925842751646e-24, nan 
-92.375, 88.125, 1.0813130260051583e-24, nan 
-92.125, 88.125, 1.4505802057688247e-24, nan 
-91.875, 88.125, 1.4096054836637633e-24, nan 
-91.625, 88.125, 1.206710198047926e-24, nan 
-91.375, 88.125, 1.1282778553906332e-24, nan 
-91.125, 88.125, 1.1373471345334777e-24, nan 
-90.875, 88.125, 1.165679837010765e-24, nan 
-90.625, 88.125, 1.2318174025436205e-24, nan 
-90.375, 88.125, 1.2927154899725245e-24, nan 
-90.125, 88.125, 1.4294531787771649e-24, nan 
-89.875, 88.125, 1.3533321190459434e-24, nan 
-89.625, 88.125, 1.2591667657254788e-24, nan 
-89.375, 88.125, 1.462766969698806e-24, nan 
-89.125, 88.125, 1.5058621638085528e-24, nan 
-88.875, 88.125, 1.547224206580734e-24, nan 
-88.625, 88.125, 1.5897780550948697e-24, nan 
-88.375, 88.125, 1.5672380637895426e-24, nan 
-88.125, 88.125, 1.539742125857988e-24, nan 
-87.875, 88.125, 1.595427421224027e-24, nan 
-87.625, 88.125, 1.3761504549313767e-24, nan 
-87.375, 88.125, 1.496123843034735e-24, nan 
-87.125, 88.125, 1.4685630824511919e-24, nan 
-86.875, 88.125, 1.661517609488987e-24, nan 
-86.625, 88.125, 1.550791318527495e-24, nan 
-86.375, 88.125, 1.701116721568159e-24, nan 
-86.125, 88.125, 1.3362350550525146e-24, nan 
-85.875, 88.125, 1.1706795272761646e-24, nan 
-85.625, 88.125, 1.2796136644020572e-24, nan 
-85.375, 88.125, 1.3496265159492171e-24, nan 
-85.125, 88.125, 1.4031940694376055e-24, nan 
-84.875, 88.125, 1.3709500088383447e-24, nan 
-84.625, 88.125, 1.4667561927917966e-24, nan 
-84.375, 88.125, 1.528454123545482e-24, nan 
-84.125, 88.125, 1.5584691093138038e-24, nan 
-83.875, 88.125, 1.609306420896524e-24, nan 
-83.625, 88.125, 1.6100177490146697e-24, nan 
-83.375, 88.125, 1.5485327758667376e-24, nan 
-83.125, 88.125, 1.4683238434652397e-24, nan 
-82.875, 88.125, 1.3546914653994997e-24, nan 
-82.625, 88.125, 1.3517193740043688e-24, nan 
-82.375, 88.125, 1.6031632488926415e-24, nan 
-82.125, 88.125, 2.1070816997056973e-24, nan 
-81.875, 88.125, 2.0053091932930706e-24, nan 
-81.625, 88.125, 1.8076830310020033e-24, nan 
-81.375, 88.125, 1.702882560991409e-24, nan 
-81.125, 88.125, 1.5236693272559918e-24, nan 
-80.875, 88.125, 1.4623458124275273e-24, nan 
-80.625, 88.125, 1.3762028418861033e-24, nan 
-80.375, 88.125, 1.2483610887441446e-24, nan 
-80.125, 88.125, 1.1700041258243235e-24, nan 
-79.875, 88.125, 1.151625708371164e-24, nan 
-79.625, 88.125, 1.3024793967939812e-24, nan 
-79.375, 88.125, 1.376458193659629e-24, nan 
-79.125, 88.125, 1.4565863236785737e-24, nan 
-78.875, 88.125, 1.3787786417650223e-24, nan 
-78.625, 88.125, 1.188038392344983e-24, nan 
-78.375, 88.125, 1.288604900516186e-24, nan 
-78.125, 88.125, 1.651378210752769e-24, nan 
-77.875, 88.125, 1.8560254744645775e-24, nan 
-77.625, 88.125, 1.1908508756510182e-24, nan 
-77.375, 88.125, 1.222473335626088e-24, nan 
-77.125, 88.125, 8.791041030336901e-25, nan 
-76.875, 88.125, 8.312213216676208e-25, nan 
-76.625, 88.125, 1.0328021526652986e-24, nan 
-76.375, 88.125, 9.699848199054623e-25, nan 
-76.125, 88.125, 8.772931140456481e-25, nan 
-75.875, 88.125, 8.56440600652612e-25, nan 
-75.625, 88.125, 2.2317699051452706e-24, nan 
-75.375, 88.125, 1.202106027559343e-24, nan 
-75.125, 88.125, 1.3587728122090947e-24, nan 
-74.875, 88.125, 1.8148121006657567e-24, nan 
-74.625, 88.125, 2.5701964716281513e-24, nan 
-74.375, 88.125, 2.8698083476486194e-24, nan 
-74.125, 88.125, 2.5526770799347052e-24, nan 
-73.875, 88.125, 2.2950031110927476e-24, nan 
-73.625, 88.125, 2.8037131003753652e-24, nan 
-73.375, 88.125, 3.0461505144474826e-24, nan 
-73.125, 88.125, 3.266412739139122e-24, nan 
-72.875, 88.125, 2.6590752020534962e-24, nan 
-72.625, 88.125, 2.064680255002974e-24, nan 
-72.375, 88.125, 2.081142170991105e-24, nan 
-72.125, 88.125, 3.0052608497108265e-24, nan 
-71.875, 88.125, 3.881299565351749e-24, nan 
-71.625, 88.125, 4.331802944407418e-24, nan 
-71.375, 88.125, 2.9891194805240875e-24, nan 
-71.125, 88.125, 2.865531435645753e-24, nan 
-70.875, 88.125, 1.826622954059201e-24, nan 
-70.625, 88.125, 1.889316241443918e-24, nan 
-70.375, 88.125, 2.0296770389164306e-24, nan 
-70.125, 88.125, 2.059036476550527e-24, nan 
-69.875, 88.125, 2.0226418071414865e-24, nan 
-69.625, 88.125, 2.6104802109650272e-24, nan 
-69.375, 88.125, 3.7006949237835335e-24, nan 
-69.125, 88.125, 4.486082185874017e-24, nan 
-68.875, 88.125, 4.668985241308341e-24, nan 
-68.625, 88.125, 4.629371689212684e-24, nan 
-68.375, 88.125, 1.6966897902476975e-24, nan 
-68.125, 88.125, 2.427475842427066e-24, nan 
-67.875, 88.125, 4.261246816355224e-24, nan 
-67.625, 88.125, 5.1717780080836e-24, nan 
-67.375, 88.125, 3.691902194382046e-24, nan 
-67.125, 88.125, 2.7309100166346658e-24, nan 
-66.875, 88.125, 2.193462551383519e-24, nan 
-66.625, 88.125, 2.0153623191515626e-24, nan 
-66.375, 88.125, 1.8918331152550317e-24, nan 
-66.125, 88.125, 1.9627528109099365e-24, nan 
-65.875, 88.125, 2.1813523732254963e-24, nan 
-65.625, 88.125, 2.850546886031003e-24, nan 
-65.375, 88.125, 2.9791807117555465e-24, nan 
-65.125, 88.125, 3.128975628891331e-24, nan 
-64.875, 88.125, 3.2162809923946437e-24, nan 
-64.625, 88.125, 3.2468446803855782e-24, nan 
-64.375, 88.125, 3.818876600131937e-24, nan 
-64.125, 88.125, 4.925452825159807e-24, nan 
-63.875, 88.125, 5.893087959361866e-24, nan 
-63.625, 88.125, 3.977799059808949e-24, nan 
-63.375, 88.125, 3.949915220964474e-24, nan 
-63.125, 88.125, 4.71044301318414e-24, nan 
-62.875, 88.125, 4.437493164369233e-24, nan 
-62.625, 88.125, 4.248590931148494e-24, nan 
-62.375, 88.125, 4.1692327170563585e-24, nan 
-62.125, 88.125, 4.049590537182143e-24, nan 
-61.875, 88.125, 3.912668076727693e-24, nan 
-61.625, 88.125, 4.850900997947176e-24, nan 
-61.375, 88.125, 6.67572691295189e-24, nan 
-61.125, 88.125, 6.8872991642907e-24, nan 
-60.875, 88.125, 6.642775616342878e-24, nan 
-60.625, 88.125, 4.3538559501986715e-24, nan 
-60.375, 88.125, 3.6893032313243335e-24, nan 
-60.125, 88.125, 4.337980288488004e-24, nan 
-59.875, 88.125, 5.665509393396137e-24, nan 
-59.625, 88.125, 3.815032907124821e-24, nan 
-59.375, 88.125, 3.9806791164907984e-24, nan 
-59.125, 88.125, 4.671058884732541e-24, nan 
-58.875, 88.125, 4.493661038276501e-24, nan 
-58.625, 88.125, 3.9569243619229505e-24, nan 
-58.375, 88.125, 3.1917276539080433e-24, nan 
-58.125, 88.125, 2.574105702169769e-24, nan 
-57.875, 88.125, 3.449703165164048e-24, nan 
-57.625, 88.125, 3.4413076001834054e-24, nan 
-57.375, 88.125, 3.463524316544042e-24, nan 
-57.125, 88.125, 3.811308726898762e-24, nan 
-56.875, 88.125, 3.851413483457491e-24, nan 
-56.625, 88.125, 3.393340619618988e-24, nan 
-56.375, 88.125, 3.333555626324661e-24, nan 
-56.125, 88.125, 3.458605009227767e-24, nan 
-55.875, 88.125, 3.81370426704531e-24, nan 
-55.625, 88.125, 4.0753146871848024e-24, nan 
-55.375, 88.125, 5.2758604682039986e-24, nan 
-55.125, 88.125, 5.465943969524285e-24, nan 
-54.875, 88.125, 5.671268287588467e-24, nan 
-54.625, 88.125, 5.934105392068568e-24, nan 
-54.375, 88.125, 6.000293981578106e-24, nan 
-54.125, 88.125, 5.857916805007476e-24, nan 
-53.875, 88.125, 5.465172812242788e-24, nan 
-53.625, 88.125, 5.107191540201548e-24, nan 
-53.375, 88.125, 4.8867204764964956e-24, nan 
-53.125, 88.125, 4.422721996140535e-24, nan 
-52.875, 88.125, 5.4706790481062946e-24, nan 
-52.625, 88.125, 4.354902177075518e-24, nan 
-52.375, 88.125, 2.3001910134466118e-24, nan 
-52.125, 88.125, 1.767383357782659e-24, nan 
-51.875, 88.125, 3.0961156047109672e-24, nan 
-51.625, 88.125, 4.87944864292781e-24, nan 
-51.375, 88.125, 5.885608210390335e-24, nan 
-51.125, 88.125, 5.836514268409975e-24, nan 
-50.875, 88.125, 4.439047216915125e-24, nan 
-50.625, 88.125, 2.9762301488681324e-24, nan 
-50.375, 88.125, 2.0134200631142175e-24, nan 
-50.125, 88.125, 2.1956522664610014e-24, nan 
-49.875, 88.125, 1.3839167696196458e-24, nan 
-49.625, 88.125, 7.158991151803727e-25, nan 
-49.375, 88.125, 8.032826973830772e-25, nan 
-49.125, 88.125, 8.60229529374033e-25, nan 
-48.875, 88.125, 1.3114001849975226e-24, nan 
-48.625, 88.125, 2.1703243991598834e-24, nan 
-48.375, 88.125, 3.2206577604555558e-24, nan 
-48.125, 88.125, 3.0863817285032145e-24, nan 
-47.875, 88.125, 2.7729872778047176e-24, nan 
-47.625, 88.125, 2.648634100576369e-24, nan 
-47.375, 88.125, 2.3690537915554765e-24, nan 
-47.125, 88.125, 2.1335320534377596e-24, nan 
-46.875, 88.125, 2.3681566779113902e-24, nan 
-46.625, 88.125, 2.547497848879023e-24, nan 
-46.375, 88.125, 2.4561182623215064e-24, nan 
-46.125, 88.125, 2.7502639927893185e-24, nan 
-45.875, 88.125, 2.5414461060706964e-24, nan 
-45.625, 88.125, 2.837282459818001e-24, nan 
-45.375, 88.125, 3.9244182161827975e-24, nan 
-45.125, 88.125, 4.893210100186073e-24, nan 
-44.875, 88.125, 5.8099554834959976e-24, nan 
-44.625, 88.125, 5.9534587685555886e-24, nan 
-44.375, 88.125, 4.767096670106672e-24, nan 
-44.125, 88.125, 3.5793893267511905e-24, nan 
-43.875, 88.125, 3.608860265954102e-24, nan 
-43.625, 88.125, 3.466800083454815e-24, nan 
-43.375, 88.125, 3.739728382436833e-24, nan 
-43.125, 88.125, 3.3013017683093376e-24, nan 
-42.875, 88.125, 4.6993236013358716e-24, nan 
-42.625, 88.125, 6.211515255106948e-24, nan 
-42.375, 88.125, 6.8953882703789e-24, nan 
-42.125, 88.125, 6.891098803920264e-24, nan 
-41.875, 88.125, 4.990928326120137e-24, nan 
-41.625, 88.125, 3.924518383597846e-24, nan 
-41.375, 88.125, 3.445806706746824e-24, nan 
-41.125, 88.125, 2.2684771809352637e-24, nan 
-40.875, 88.125, 2.3227374290425117e-24, nan 
-40.625, 88.125, 3.741777859391076e-24, nan 
-40.375, 88.125, 3.1667753634309183e-24, nan 
-40.125, 88.125, 2.516667183008707e-24, nan 
-39.875, 88.125, 2.2111550073311676e-24, nan 
-39.625, 88.125, 1.9561018251663127e-24, nan 
-39.375, 88.125, 2.7466750405320876e-24, nan 
-39.125, 88.125, 2.812990727457806e-24, nan 
-38.875, 88.125, 3.4486359688006886e-24, nan 
-38.625, 88.125, 5.8330943077731865e-24, nan 
-38.375, 88.125, 6.668681665650678e-24, nan 
-38.125, 88.125, 7.86394380472972e-24, nan 
-37.875, 88.125, 8.527468625144242e-24, nan 
-37.625, 88.125, 8.444958684501061e-24, nan 
-37.375, 88.125, 8.148193509061048e-24, nan 
-37.125, 88.125, 7.79692356874978e-24, nan 
-36.875, 88.125, 6.999333365671109e-24, nan 
-36.625, 88.125, 6.179296729631512e-24, nan 
-36.375, 88.125, 4.768684913323564e-24, nan 
-36.125, 88.125, 3.150261029938444e-24, nan 
-35.875, 88.125, 2.2378101016509576e-24, nan 
-35.625, 88.125, 2.5210553405615093e-24, nan 
-35.375, 88.125, 3.640700907075292e-24, nan 
-35.125, 88.125, 7.144149442744745e-24, nan 
-34.875, 88.125, 9.727623368175321e-24, nan 
-34.625, 88.125, 1.1630604584929999e-23, nan 
-34.375, 88.125, 1.1568365192288463e-23, nan 
-34.125, 88.125, 6.827184759664412e-24, nan 
-33.875, 88.125, 4.64941562366024e-24, nan 
-33.625, 88.125, 3.867244824418832e-24, nan 
-33.375, 88.125, 3.18650625100307e-24, nan 
-33.125, 88.125, 2.2739976289678147e-24, nan 
-32.875, 88.125, 1.774156763606956e-24, nan 
-32.625, 88.125, 1.649253763402852e-24, nan 
-32.375, 88.125, 1.6761553658120428e-24, nan 
-32.125, 88.125, 2.1826653365388846e-24, nan 
-31.875, 88.125, 5.0286888857188606e-24, nan 
-31.625, 88.125, 4.3593156996498314e-24, nan 
-31.375, 88.125, 3.2951514163733916e-24, nan 
-31.125, 88.125, 4.515201606127291e-24, nan 
-30.875, 88.125, 9.233211477694714e-24, nan 
-30.625, 88.125, 1.0626191084719487e-23, nan 
-30.375, 88.125, 1.0955077047563558e-23, nan 
-30.125, 88.125, 1.3049533666860635e-23, nan 
-29.875, 88.125, 1.1271404798982317e-23, nan 
-29.625, 88.125, 1.1121172774631907e-23, nan 
-29.375, 88.125, 1.0821245307418155e-23, nan 
-29.125, 88.125, 9.826109642701552e-24, nan 
-28.875, 88.125, 8.788037951956044e-24, nan 
-28.625, 88.125, 6.984235776999209e-24, nan 
-28.375, 88.125, 5.8080067224101916e-24, nan 
-28.125, 88.125, 3.526087496173914e-24, nan 
-27.875, 88.125, 2.320786534199539e-24, nan 
-27.625, 88.125, 2.569321281068541e-24, nan 
-27.375, 88.125, 4.822490520207587e-24, nan 
-27.125, 88.125, 6.625144043562619e-24, nan 
-26.875, 88.125, 8.635878365602558e-24, nan 
-26.625, 88.125, 9.534290265647762e-24, nan 
-26.375, 88.125, 5.670413800956357e-24, nan 
-26.125, 88.125, 7.132240956280018e-24, nan 
-25.875, 88.125, 3.49266269444344e-24, nan 
-25.625, 88.125, 3.623212631718627e-24, nan 
-25.375, 88.125, 2.9631410450589565e-24, nan 
-25.125, 88.125, 3.1353524924764215e-24, nan 
-24.875, 88.125, 3.467611541802719e-24, nan 
-24.625, 88.125, 3.129011707242983e-24, nan 
-24.375, 88.125, 4.111303327451303e-24, nan 
-24.125, 88.125, 9.559024065583478e-24, nan 
-23.875, 88.125, 7.511237593485078e-24, nan 
-23.625, 88.125, 4.423816860387761e-24, nan 
-23.375, 88.125, 5.550311675561359e-24, nan 
-23.125, 88.125, 5.001184031168914e-24, nan 
-22.875, 88.125, 5.3331761691322625e-24, nan 
-22.625, 88.125, 6.3575109008071885e-24, nan 
-22.375, 88.125, 6.779514753569546e-24, nan 
-22.125, 88.125, 1.0431239449170961e-23, nan 
-21.875, 88.125, 8.00603619238591e-24, nan 
-21.625, 88.125, 8.19287774194416e-24, nan 
-21.375, 88.125, 7.998400149446388e-24, nan 
-21.125, 88.125, 8.19455417521709e-24, nan 
-20.875, 88.125, 7.749269387736058e-24, nan 
-20.625, 88.125, 9.959391295990251e-24, nan 
-20.375, 88.125, 5.9706523380589794e-24, nan 
-20.125, 88.125, 4.363438663276555e-24, nan 
-19.875, 88.125, 2.838883599588688e-24, nan 
-19.625, 88.125, 3.169760999369128e-24, nan 
-19.375, 88.125, 5.03087480138769e-24, nan 
-19.125, 88.125, 8.873935942201038e-24, nan 
-18.875, 88.125, 1.0948002837404375e-23, nan 
-18.625, 88.125, 5.7920652298192506e-24, nan 
-18.375, 88.125, 1.0766923053711276e-23, nan 
-18.125, 88.125, 3.4502590260554995e-24, nan 
-17.875, 88.125, 3.592978630400846e-24, nan 
-17.625, 88.125, 3.876095926349344e-24, nan 
-17.375, 88.125, 4.1834945053437746e-24, nan 
-17.125, 88.125, 4.371074709326571e-24, nan 
-16.875, 88.125, 3.1397619484054533e-24, nan 
-16.625, 88.125, 3.1301373073066322e-24, nan 
-16.375, 88.125, 5.58266269115895e-24, nan 
-16.125, 88.125, 4.303548851923806e-24, nan 
-15.875, 88.125, 2.7697678579251536e-24, nan 
-15.625, 88.125, 2.55171032993028e-24, nan 
-15.375, 88.125, 2.510025074881695e-24, nan 
-15.125, 88.125, 2.0460060485101227e-24, nan 
-14.875, 88.125, 4.199823788227707e-24, nan 
-14.625, 88.125, 3.289265115638339e-24, nan 
-14.375, 88.125, 7.256077562513685e-24, nan 
-14.125, 88.125, 5.74257668138873e-24, nan 
-13.875, 88.125, 4.995314074415959e-24, nan 
-13.625, 88.125, 5.6725620733866985e-24, nan 
-13.375, 88.125, 5.937662179083319e-24, nan 
-13.125, 88.125, 5.591016966210736e-24, nan 
-12.875, 88.125, 6.523265248582415e-24, nan 
-12.625, 88.125, 4.0520483960389246e-24, nan 
-12.375, 88.125, 3.062022789733394e-24, nan 
-12.125, 88.125, 2.0941588798047315e-24, nan 
-11.875, 88.125, 2.0947389999940146e-24, nan 
-11.625, 88.125, 3.0122085864473804e-24, nan 
-11.375, 88.125, 5.133755471772747e-24, nan 
-11.125, 88.125, 6.203663757788372e-24, nan 
-10.875, 88.125, 3.707614441574101e-24, nan 
-10.625, 88.125, 5.9419531656368715e-24, nan 
-10.375, 88.125, 2.1727001675928473e-24, nan 
-10.125, 88.125, 1.5824581967201957e-24, nan 
-9.875, 88.125, 1.5553475312168188e-24, nan 
-9.625, 88.125, 1.5191204119785653e-24, nan 
-9.375, 88.125, 1.5221086476177167e-24, nan 
-9.125, 88.125, 1.516133083887965e-24, nan 
-8.875, 88.125, 1.6699262183143336e-24, nan 
-8.625, 88.125, 1.7134515736882408e-24, nan 
-8.375, 88.125, 1.8148763428369517e-24, nan 
-8.125, 88.125, 1.855920457099588e-24, nan 
-7.875, 88.125, 1.92769505446814e-24, nan 
-7.625, 88.125, 2.1557002482073093e-24, nan 
-7.375, 88.125, 2.8243506379438212e-24, nan 
-7.125, 88.125, 3.882606315992454e-24, nan 
-6.875, 88.125, 4.642664202450142e-24, nan 
-6.625, 88.125, 5.307632034242536e-24, nan 
-6.375, 88.125, 5.2359301458372384e-24, nan 
-6.125, 88.125, 6.425133153884142e-24, nan 
-5.875, 88.125, 6.786015174711574e-24, nan 
-5.625, 88.125, 6.499638089501923e-24, nan 
-5.375, 88.125, 5.5672358177651304e-24, nan 
-5.125, 88.125, 5.011203883219715e-24, nan 
-4.875, 88.125, 4.416955411277506e-24, nan 
-4.625, 88.125, 3.766738312625016e-24, nan 
-4.375, 88.125, 3.2413347822381894e-24, nan 
-4.125, 88.125, 2.2950261146615967e-24, nan 
-3.875, 88.125, 1.7486628783182217e-24, nan 
-3.625, 88.125, 1.5624022038916637e-24, nan 
-3.375, 88.125, 2.018551121716761e-24, nan 
-3.125, 88.125, 2.024576165849462e-24, nan 
-2.875, 88.125, 3.1853346778834317e-24, nan 
-2.625, 88.125, 5.719646783612145e-24, nan 
-2.375, 88.125, 2.789147331783693e-24, nan 
-2.125, 88.125, 1.2588115060636245e-24, nan 
-1.875, 88.125, 1.5659032067405568e-24, nan 
-1.625, 88.125, 1.8403737157486286e-24, nan 
-1.375, 88.125, 2.5233698728302446e-24, nan 
-1.125, 88.125, 3.7239988156418624e-24, nan 
-0.875, 88.125, 6.904628439808123e-24, nan 
-0.625, 88.125, 6.868850790136362e-24, nan 
-0.375, 88.125, 5.898874512333169e-24, nan 
-0.125, 88.125, 5.164957037605462e-24, nan 
0.125, 88.125, 4.5238312985263575e-24, nan 
0.375, 88.125, 3.6499495498024244e-24, nan 
0.625, 88.125, 3.1162489723853453e-24, nan 
0.875, 88.125, 3.025352869123762e-24, nan 
1.125, 88.125, 3.33147804499104e-24, nan 
1.375, 88.125, 3.745783054778073e-24, nan 
1.625, 88.125, 4.236681943614291e-24, nan 
1.875, 88.125, 4.454783896598471e-24, nan 
2.125, 88.125, 3.472263748746184e-24, nan 
2.375, 88.125, 2.6813551785542613e-24, nan 
2.625, 88.125, 2.1198875379812475e-24, nan 
2.875, 88.125, 1.8735507216090385e-24, nan 
3.125, 88.125, 1.4785274422608947e-24, nan 
3.375, 88.125, 1.225074303231531e-24, nan 
3.625, 88.125, 7.929776383315547e-25, nan 
3.875, 88.125, 7.608123885030508e-25, nan 
4.125, 88.125, 1.0176223993832028e-24, nan 
4.375, 88.125, 1.2265622861601345e-24, nan 
4.625, 88.125, 1.084612216204028e-24, nan 
4.875, 88.125, 9.602697352660472e-25, nan 
5.125, 88.125, 7.6377213373181595e-25, nan 
5.375, 88.125, 6.21215549067076e-25, nan 
5.625, 88.125, 5.081643920104373e-25, nan 
5.875, 88.125, 7.449211412112848e-25, nan 
6.125, 88.125, 1.1169601735062967e-24, nan 
6.375, 88.125, 9.02600456683e-25, nan 
6.625, 88.125, 7.562934616624631e-25, nan 
6.875, 88.125, 7.129822307933584e-25, nan 
7.125, 88.125, 7.38317985485715e-25, nan 
7.375, 88.125, 7.461800311086883e-25, nan 
7.625, 88.125, 8.979938244411836e-25, nan 
7.875, 88.125, 7.517678469983173e-25, nan 
8.125, 88.125, 8.999130056299147e-25, nan 
8.375, 88.125, 1.0005319971827732e-24, nan 
8.625, 88.125, 1.0116218186177364e-24, nan 
8.875, 88.125, 1.1499743297801697e-24, nan 
9.125, 88.125, 1.2106126376149837e-24, nan 
9.375, 88.125, 1.1617488471873802e-24, nan 
9.625, 88.125, 5.8699564904614165e-25, nan 
9.875, 88.125, 3.153254143519956e-25, nan 
10.125, 88.125, 3.5163071093535776e-25, nan 
10.375, 88.125, 5.102171040716874e-25, nan 
10.625, 88.125, 6.720098724295706e-25, nan 
10.875, 88.125, 8.35457537544424e-25, nan 
11.125, 88.125, 9.479116680784156e-25, nan 
11.375, 88.125, 1.0471308436066308e-24, nan 
11.625, 88.125, 9.780717490101226e-25, nan 
11.875, 88.125, 1.1404688870205778e-24, nan 
12.125, 88.125, 1.2824143428652265e-24, nan 
12.375, 88.125, 1.4223389385216752e-24, nan 
12.625, 88.125, 9.353203049048707e-25, nan 
12.875, 88.125, 1.1197487642410314e-24, nan 
13.125, 88.125, 1.2686307464978521e-24, nan 
13.375, 88.125, 1.1547105388063098e-24, nan 
13.625, 88.125, 1.4788041418030954e-24, nan 
13.875, 88.125, 8.252081211619062e-25, nan 
14.125, 88.125, 1.25427494001161e-24, nan 
14.375, 88.125, 1.5337291893020916e-24, nan 
14.625, 88.125, 1.3126955936238566e-24, nan 
14.875, 88.125, 1.3260190941432418e-24, nan 
15.125, 88.125, 1.418855466491609e-24, nan 
15.375, 88.125, 1.4284642437328673e-24, nan 
15.625, 88.125, 1.4168956920277721e-24, nan 
15.875, 88.125, 1.1918972908098101e-24, nan 
16.125, 88.125, 1.1395091000400684e-24, nan 
16.375, 88.125, 1.190511625351047e-24, nan 
16.625, 88.125, 1.1792382235124675e-24, nan 
16.875, 88.125, 1.3135913173713103e-24, nan 
17.125, 88.125, 1.0444226342699081e-24, nan 
17.375, 88.125, 9.041842253198614e-25, nan 
17.625, 88.125, 7.270635972289937e-25, nan 
17.875, 88.125, 7.709589656744454e-25, nan 
18.125, 88.125, 7.248741509380523e-25, nan 
18.375, 88.125, 8.927915489037885e-25, nan 
18.625, 88.125, 9.590695642626373e-25, nan 
18.875, 88.125, 9.095967473427208e-25, nan 
19.125, 88.125, 9.195156928569965e-25, nan 
19.375, 88.125, 8.584337714384058e-25, nan 
19.625, 88.125, 7.234390618880156e-25, nan 
19.875, 88.125, 6.99888536566648e-25, nan 
20.125, 88.125, 9.467050874192339e-25, nan 
20.375, 88.125, 1.2695973137856376e-24, nan 
20.625, 88.125, 1.534772132157263e-24, nan 
20.875, 88.125, 1.663836541375221e-24, nan 
21.125, 88.125, 1.8129923554955926e-24, nan 
21.375, 88.125, 1.4492592721116902e-24, nan 
21.625, 88.125, 1.2006950873057718e-24, nan 
21.875, 88.125, 1.0290914590559687e-24, nan 
22.125, 88.125, 9.916468007117667e-25, nan 
22.375, 88.125, 8.677507395744013e-25, nan 
22.625, 88.125, 9.055210512370828e-25, nan 
22.875, 88.125, 8.770717755890363e-25, nan 
23.125, 88.125, 9.903307123870613e-25, nan 
23.375, 88.125, 8.376641812974997e-25, nan 
23.625, 88.125, 8.63524494473506e-25, nan 
23.875, 88.125, 9.709641940312901e-25, nan 
24.125, 88.125, 1.046061118615439e-24, nan 
24.375, 88.125, 7.011162993799665e-25, nan 
24.625, 88.125, 5.1567714408650795e-25, nan 
24.875, 88.125, 7.941258466423353e-25, nan 
25.125, 88.125, 8.766288804292703e-25, nan 
25.375, 88.125, 1.0581745812490977e-24, nan 
25.625, 88.125, 1.4099286689260064e-24, nan 
25.875, 88.125, 1.9199518020039835e-24, nan 
26.125, 88.125, 1.5497633736988414e-24, nan 
26.375, 88.125, 1.1381736310187623e-24, nan 
26.625, 88.125, 1.0336596825115584e-24, nan 
26.875, 88.125, 9.508103359651882e-25, nan 
27.125, 88.125, 8.943037605755764e-25, nan 
27.375, 88.125, 8.037441134759771e-25, nan 
27.625, 88.125, 7.204551218763818e-25, nan 
27.875, 88.125, 6.172343092044653e-25, nan 
28.125, 88.125, 7.628186517199775e-25, nan 
28.375, 88.125, 8.050656907954064e-25, nan 
28.625, 88.125, 9.269658233099563e-25, nan 
28.875, 88.125, 1.0949077866964398e-24, nan 
29.125, 88.125, 9.734999640089464e-25, nan 
29.375, 88.125, 8.635676988744169e-25, nan 
29.625, 88.125, 8.704063171221833e-25, nan 
29.875, 88.125, 7.41298342317899e-25, nan 
30.125, 88.125, 7.144592372260034e-25, nan 
30.375, 88.125, 6.560499443579774e-25, nan 
30.625, 88.125, 7.30791246200168e-25, nan 
30.875, 88.125, 1.0235613575204951e-24, nan 
31.125, 88.125, 7.800135181404061e-25, nan 
31.375, 88.125, 7.748531717533553e-25, nan 
31.625, 88.125, 8.210825691146471e-25, nan 
31.875, 88.125, 7.503397875617506e-25, nan 
32.125, 88.125, 7.489019409902677e-25, nan 
32.375, 88.125, 7.6850934841408185e-25, nan 
32.625, 88.125, 8.119980010345942e-25, nan 
32.875, 88.125, 6.404061910702442e-25, nan 
33.125, 88.125, 5.3857499749224775e-25, nan 
33.375, 88.125, 4.432306114421066e-25, nan 
33.625, 88.125, 1.2048820658969049e-24, nan 
33.875, 88.125, 9.674830367214045e-25, nan 
34.125, 88.125, 1.3120720017145127e-24, nan 
34.375, 88.125, 2.1349383896298574e-24, nan 
34.625, 88.125, 2.3237999687865455e-24, nan 
34.875, 88.125, 2.4369688825656488e-24, nan 
35.125, 88.125, 2.263843017511555e-24, nan 
35.375, 88.125, 2.0191521988888864e-24, nan 
35.625, 88.125, 1.613685407803526e-24, nan 
35.875, 88.125, 1.696286481085882e-24, nan 
36.125, 88.125, 1.3542683000429156e-24, nan 
36.375, 88.125, 9.814702458307191e-25, nan 
36.625, 88.125, 7.529519817317343e-25, nan 
36.875, 88.125, 7.730453380470594e-25, nan 
37.125, 88.125, 7.069410503890328e-25, nan 
37.375, 88.125, 8.332847004096783e-25, nan 
37.625, 88.125, 1.3753820984525544e-24, nan 
37.875, 88.125, 1.8139538399062637e-24, nan 
38.125, 88.125, 1.6517324687115787e-24, nan 
38.375, 88.125, 2.2714123744640182e-24, nan 
38.625, 88.125, 2.171796446950527e-24, nan 
38.875, 88.125, 1.7673380692300065e-24, nan 
39.125, 88.125, 1.4925999406591908e-24, nan 
39.375, 88.125, 1.398711432291493e-24, nan 
39.625, 88.125, 1.7085705085178042e-24, nan 
39.875, 88.125, 1.4806852903543785e-24, nan 
40.125, 88.125, 1.3601341525835026e-24, nan 
40.375, 88.125, 1.446141786980045e-24, nan 
40.625, 88.125, 1.0371929990804957e-24, nan 
40.875, 88.125, 5.2254093081625e-25, nan 
41.125, 88.125, 9.464000203770163e-25, nan 
41.375, 88.125, 1.5180957897805706e-24, nan 
41.625, 88.125, 1.861454373189626e-24, nan 
41.875, 88.125, 2.442883759473108e-24, nan 
42.125, 88.125, 3.026909673397483e-24, nan 
42.375, 88.125, 3.2383511170842013e-24, nan 
42.625, 88.125, 3.076873500945556e-24, nan 
42.875, 88.125, 2.5463869011313155e-24, nan 
43.125, 88.125, 2.105333250199014e-24, nan 
43.375, 88.125, 1.6917528383286253e-24, nan 
43.625, 88.125, 1.6319248522508198e-24, nan 
43.875, 88.125, 1.2311100480472878e-24, nan 
44.125, 88.125, 8.230955864396583e-25, nan 
44.375, 88.125, 5.680553571615849e-25, nan 
44.625, 88.125, 6.751478791956895e-25, nan 
44.875, 88.125, 7.640853407935626e-25, nan 
45.125, 88.125, 9.438726220539712e-25, nan 
45.375, 88.125, 8.68755487913763e-25, nan 
45.625, 88.125, 1.234344722111507e-24, nan 
45.875, 88.125, 1.6187879686096721e-24, nan 
46.125, 88.125, 2.344558284443892e-24, nan 
46.375, 88.125, 2.4791940278269672e-24, nan 
46.625, 88.125, 2.4112668077299413e-24, nan 
46.875, 88.125, 2.4008157240679586e-24, nan 
47.125, 88.125, 2.3852288664882847e-24, nan 
47.375, 88.125, 2.4310563732461314e-24, nan 
47.625, 88.125, 2.468002588747872e-24, nan 
47.875, 88.125, 2.4716083391064355e-24, nan 
48.125, 88.125, 2.6407015898515535e-24, nan 
48.375, 88.125, 2.4033778138569993e-24, nan 
48.625, 88.125, 1.9163023915637258e-24, nan 
48.875, 88.125, 2.0720976426690877e-24, nan 
49.125, 88.125, 2.173508093378589e-24, nan 
49.375, 88.125, 2.300448505679613e-24, nan 
49.625, 88.125, 2.487614402846342e-24, nan 
49.875, 88.125, 2.6012922890646117e-24, nan 
50.125, 88.125, 2.549910076284671e-24, nan 
50.375, 88.125, 2.598238650661103e-24, nan 
50.625, 88.125, 2.7512417485856254e-24, nan 
50.875, 88.125, 3.1091269691640957e-24, nan 
51.125, 88.125, 2.1718589007800656e-24, nan 
51.375, 88.125, 2.043281969833576e-24, nan 
51.625, 88.125, 1.7263097874137736e-24, nan 
51.875, 88.125, 1.9856644355009984e-24, nan 
52.125, 88.125, 2.221868543306698e-24, nan 
52.375, 88.125, 1.9533685483900656e-24, nan 
52.625, 88.125, 1.9482443095836926e-24, nan 
52.875, 88.125, 1.9117962039436326e-24, nan 
53.125, 88.125, 1.6669143281052407e-24, nan 
53.375, 88.125, 1.9206922705481666e-24, nan 
53.625, 88.125, 2.030907641438363e-24, nan 
53.875, 88.125, 2.363334217622416e-24, nan 
54.125, 88.125, 2.430205285495831e-24, nan 
54.375, 88.125, 2.3277414313080593e-24, nan 
54.625, 88.125, 2.0686583361888178e-24, nan 
54.875, 88.125, 1.8603115437756475e-24, nan 
55.125, 88.125, 1.7773677919658134e-24, nan 
55.375, 88.125, 1.845267070218082e-24, nan 
55.625, 88.125, 2.058619006731996e-24, nan 
55.875, 88.125, 2.5262010216511236e-24, nan 
56.125, 88.125, 2.8756773197032293e-24, nan 
56.375, 88.125, 2.5450871365676817e-24, nan 
56.625, 88.125, 2.1476656279880846e-24, nan 
56.875, 88.125, 1.733238603533242e-24, nan 
57.125, 88.125, 1.5468121831715415e-24, nan 
57.375, 88.125, 1.0114052522302763e-24, nan 
57.625, 88.125, 1.08919272190676e-24, nan 
57.875, 88.125, 1.1708523993969564e-24, nan 
58.125, 88.125, 1.3258430361951123e-24, nan 
58.375, 88.125, 1.750825120057232e-24, nan 
58.625, 88.125, 2.3154987997758352e-24, nan 
58.875, 88.125, 2.2000613011326355e-24, nan 
59.125, 88.125, 2.0902427921697943e-24, nan 
59.375, 88.125, 1.9814606558982986e-24, nan 
59.625, 88.125, 1.8673525660581614e-24, nan 
59.875, 88.125, 1.87582539274677e-24, nan 
60.125, 88.125, 1.9071410877629225e-24, nan 
60.375, 88.125, 1.820219612728617e-24, nan 
60.625, 88.125, 1.5907248993216493e-24, nan 
60.875, 88.125, 2.093570087465445e-24, nan 
61.125, 88.125, 1.5119692388429652e-24, nan 
61.375, 88.125, 1.5008979018678113e-24, nan 
61.625, 88.125, 1.5486958688024798e-24, nan 
61.875, 88.125, 1.353132543086007e-24, nan 
62.125, 88.125, 1.3607785523529742e-24, nan 
62.375, 88.125, 1.5193996724448626e-24, nan 
62.625, 88.125, 1.6259991336242819e-24, nan 
62.875, 88.125, 2.164811317425681e-24, nan 
63.125, 88.125, 2.992817419124633e-24, nan 
63.375, 88.125, 3.986515887947922e-24, nan 
63.625, 88.125, 4.492627873764549e-24, nan 
63.875, 88.125, 5.0237806712124524e-24, nan 
64.125, 88.125, 4.460322938156323e-24, nan 
64.375, 88.125, 4.297101173659679e-24, nan 
64.625, 88.125, 3.665085320323131e-24, nan 
64.875, 88.125, 3.548964728542055e-24, nan 
65.125, 88.125, 3.447598251733056e-24, nan 
65.375, 88.125, 3.695603758007508e-24, nan 
65.625, 88.125, 3.694583537513316e-24, nan 
65.875, 88.125, 3.710795508398978e-24, nan 
66.125, 88.125, 3.709828803477618e-24, nan 
66.375, 88.125, 3.52530939584089e-24, nan 
66.625, 88.125, 3.349327751155909e-24, nan 
66.875, 88.125, 3.1606279318535758e-24, nan 
67.125, 88.125, 3.128903207877767e-24, nan 
67.375, 88.125, 3.0664130878428637e-24, nan 
67.625, 88.125, 6.944296474172303e-25, nan 
67.875, 88.125, 2.9622562516221757e-24, nan 
68.125, 88.125, 3.1276977425851292e-24, nan 
68.375, 88.125, 3.416083562465615e-24, nan 
68.625, 88.125, 3.73601052411255e-24, nan 
68.875, 88.125, 3.566386263828063e-24, nan 
69.125, 88.125, 3.465015526545356e-24, nan 
69.375, 88.125, 1.3642392479872539e-24, nan 
69.625, 88.125, 1.3524362431797241e-24, nan 
69.875, 88.125, 1.4550880524224807e-24, nan 
70.125, 88.125, 2.0269958004792338e-24, nan 
70.375, 88.125, 2.2909787067785415e-24, nan 
70.625, 88.125, 2.456674291598642e-24, nan 
70.875, 88.125, 1.9598828708557116e-24, nan 
71.125, 88.125, 2.5420002514614123e-24, nan 
71.375, 88.125, 2.980927707838624e-24, nan 
71.625, 88.125, 3.1807348242545386e-24, nan 
71.875, 88.125, 2.5886661138056466e-24, nan 
72.125, 88.125, 2.68164000730254e-24, nan 
72.375, 88.125, 2.6369143138960852e-24, nan 
72.625, 88.125, 2.6000752424274222e-24, nan 
72.875, 88.125, 1.4954812745667412e-24, nan 
73.125, 88.125, 1.0071792403367885e-24, nan 
73.375, 88.125, 3.6233970898223597e-25, nan 
73.625, 88.125, 6.7172282062118e-25, nan 
73.875, 88.125, 6.595938334678302e-25, nan 
74.125, 88.125, 1.5400153523241658e-24, nan 
74.375, 88.125, 1.769108552246013e-24, nan 
74.625, 88.125, 1.6626722700553366e-24, nan 
74.875, 88.125, 1.6257078481786689e-24, nan 
75.125, 88.125, 1.5050441787617737e-24, nan 
75.375, 88.125, 1.2684743664218819e-24, nan 
75.625, 88.125, 1.2149081538872655e-24, nan 
75.875, 88.125, 7.85442370060116e-25, nan 
76.125, 88.125, 6.637214930867696e-25, nan 
76.375, 88.125, 6.774161835004569e-25, nan 
76.625, 88.125, 6.641656463065772e-25, nan 
76.875, 88.125, 7.185061757478983e-25, nan 
77.125, 88.125, 8.431798380433628e-25, nan 
77.375, 88.125, 7.499469473989436e-25, nan 
77.625, 88.125, 1.1755628023659664e-24, nan 
77.875, 88.125, 1.6230247012891003e-24, nan 
78.125, 88.125, 1.5179873797301326e-24, nan 
78.375, 88.125, 1.1871517937249608e-24, nan 
78.625, 88.125, 5.624197868674303e-25, nan 
78.875, 88.125, 3.958730359452208e-25, nan 
79.125, 88.125, 5.118671585335056e-25, nan 
79.375, 88.125, 4.7354619392000035e-25, nan 
79.625, 88.125, 4.574183867452635e-25, nan 
79.875, 88.125, 1.0015787959754703e-24, nan 
80.125, 88.125, 5.903390032316013e-25, nan 
80.375, 88.125, 3.2758478194450074e-25, nan 
80.625, 88.125, 3.0963424206357565e-25, nan 
80.875, 88.125, 3.254099075130729e-25, nan 
81.125, 88.125, 4.3718970362206495e-25, nan 
81.375, 88.125, 8.645925272647356e-25, nan 
81.625, 88.125, 1.0915862266979442e-24, nan 
81.875, 88.125, 1.3602968791503125e-24, nan 
82.125, 88.125, 1.5572339262293464e-24, nan 
82.375, 88.125, 1.0168034417190797e-24, nan 
82.625, 88.125, 1.0280458367766111e-24, nan 
82.875, 88.125, 1.232179899115392e-24, nan 
83.125, 88.125, 1.3196078796948952e-24, nan 
83.375, 88.125, 1.6822886371656416e-24, nan 
83.625, 88.125, 1.1983399908917714e-24, nan 
83.875, 88.125, 1.3235390329287935e-24, nan 
84.125, 88.125, 1.4847355626866515e-24, nan 
84.375, 88.125, 1.4888606495762433e-24, nan 
84.625, 88.125, 1.5582011832097741e-24, nan 
84.875, 88.125, 1.6742417640770503e-24, nan 
85.125, 88.125, 1.7700067213280128e-24, nan 
85.375, 88.125, 2.5307430373566956e-24, nan 
85.625, 88.125, 3.005650781471909e-24, nan 
85.875, 88.125, 2.20875959215761e-24, nan 
86.125, 88.125, 9.93907622974346e-25, nan 
86.375, 88.125, 8.968636933613162e-25, nan 
86.625, 88.125, 1.0149135564206474e-24, nan 
86.875, 88.125, 8.287704773579564e-25, nan 
87.125, 88.125, 9.004699807554823e-25, nan 
87.375, 88.125, 1.3153124533195131e-24, nan 
87.625, 88.125, 2.247998479570759e-24, nan 
87.875, 88.125, 1.5345724565400658e-24, nan 
88.125, 88.125, 1.2359073660234367e-24, nan 
88.375, 88.125, 1.1643306567161663e-24, nan 
88.625, 88.125, 1.1367554222268513e-24, nan 
88.875, 88.125, 1.1621071047851907e-24, nan 
89.125, 88.125, 1.6463497710845996e-24, nan 
89.375, 88.125, 1.6339841717289124e-24, nan 
89.625, 88.125, 1.733511013127475e-24, nan 
89.875, 88.125, 1.4263286542610862e-24, nan 
90.125, 88.125, 1.355553953033885e-24, nan 
90.375, 88.125, 1.782211727953413e-24, nan 
90.625, 88.125, 1.7727097282260875e-24, nan 
90.875, 88.125, 1.766801840690678e-24, nan 
91.125, 88.125, 1.9207274303327927e-24, nan 
91.375, 88.125, 1.7947260353434297e-24, nan 
91.625, 88.125, 1.8429549265444754e-24, nan 
91.875, 88.125, 1.9074470480009002e-24, nan 
92.125, 88.125, 2.129992781003387e-24, nan 
92.375, 88.125, 2.508300129690072e-24, nan 
92.625, 88.125, 2.761532323553384e-24, nan 
92.875, 88.125, 2.8925317065039995e-24, nan 
93.125, 88.125, 2.745207504294101e-24, nan 
93.375, 88.125, 2.55827636097204e-24, nan 
93.625, 88.125, 1.6241652043763702e-24, nan 
93.875, 88.125, 8.831968785111282e-25, nan 
94.125, 88.125, 7.404862653382626e-25, nan 
94.375, 88.125, 6.643139690036103e-25, nan 
94.625, 88.125, 3.728770435969868e-25, nan 
94.875, 88.125, 3.8433259475132866e-25, nan 
95.125, 88.125, 8.049558158861868e-25, nan 
95.375, 88.125, 1.3914413043028306e-24, nan 
95.625, 88.125, 1.238432865528388e-24, nan 
95.875, 88.125, 1.4088059170888933e-24, nan 
96.125, 88.125, 1.8354936636425818e-24, nan 
96.375, 88.125, 2.2303519315633887e-24, nan 
96.625, 88.125, 2.4886419676771023e-24, nan 
96.875, 88.125, 2.6578815536301866e-24, nan 
97.125, 88.125, 2.6880149543960104e-24, nan 
97.375, 88.125, 2.659526555580235e-24, nan 
97.625, 88.125, 1.065058556615846e-24, nan 
97.875, 88.125, 2.9032731277674332e-24, nan 
98.125, 88.125, 2.8760734974858308e-24, nan 
98.375, 88.125, 3.114929548257187e-24, nan 
98.625, 88.125, 3.080599676481673e-24, nan 
98.875, 88.125, 2.515672360218747e-24, nan 
99.125, 88.125, 2.1546424451182364e-24, nan 
99.375, 88.125, 5.133959888455054e-25, nan 
99.625, 88.125, 5.337212295550281e-25, nan 
99.875, 88.125, 6.495143017342869e-25, nan 
100.125, 88.125, 8.906172564850106e-25, nan 
100.375, 88.125, 1.0138172790160178e-24, nan 
100.625, 88.125, 1.3117152879145233e-24, nan 
-136.375, 88.375, 8.64896579445796e-25, nan 
-136.125, 88.375, 9.46992321235759e-25, nan 
-135.875, 88.375, 7.530503811120359e-25, nan 
-135.625, 88.375, 7.612562079303517e-25, nan 
-135.375, 88.375, 7.24929100633041e-25, nan 
-135.125, 88.375, 7.116718834038114e-25, nan 
-134.875, 88.375, 7.208181064305895e-25, nan 
-134.625, 88.375, 4.82472527210059e-25, nan 
-134.375, 88.375, 5.430512303291774e-25, nan 
-134.125, 88.375, 5.096004708410723e-25, nan 
-133.875, 88.375, 5.5016253550847865e-25, nan 
-133.625, 88.375, 5.680533933935137e-25, nan 
-133.375, 88.375, 5.027066646864741e-25, nan 
-133.125, 88.375, 4.769674027028065e-25, nan 
-132.875, 88.375, 5.107612821460621e-25, nan 
-132.625, 88.375, 5.296384432190185e-25, nan 
-132.375, 88.375, 6.2752577813415715e-25, nan 
-132.125, 88.375, 6.501912305879613e-25, nan 
-131.875, 88.375, 4.477204613281504e-25, nan 
-131.625, 88.375, 3.9414617987905157e-25, nan 
-131.375, 88.375, 4.242144894919943e-25, nan 
-131.125, 88.375, 5.0143646911520955e-25, nan 
-130.875, 88.375, 6.026465940630205e-25, nan 
-130.625, 88.375, 6.80998731839706e-25, nan 
-130.375, 88.375, 6.645418018502201e-25, nan 
-130.125, 88.375, 7.120946644716776e-25, nan 
-129.875, 88.375, 6.745140448397107e-25, nan 
-129.625, 88.375, 3.7621736386657694e-25, nan 
-129.375, 88.375, 3.8354666241355826e-25, nan 
-129.125, 88.375, 4.3169736469647675e-25, nan 
-128.875, 88.375, 5.523941562119178e-25, nan 
-128.625, 88.375, 5.959023013081324e-25, nan 
-128.375, 88.375, 8.755534782374833e-25, nan 
-128.125, 88.375, 9.718985996879969e-25, nan 
-127.875, 88.375, 1.0485938269669014e-24, nan 
-127.625, 88.375, 1.1891931488482646e-24, nan 
-127.375, 88.375, 1.1676573555240222e-24, nan 
-127.125, 88.375, 1.2819327776563429e-24, nan 
-126.875, 88.375, 1.2313007030774078e-24, nan 
-126.625, 88.375, 1.252555288818285e-24, nan 
-126.375, 88.375, 1.3686545240010194e-24, nan 
-126.125, 88.375, 1.3924612136830256e-24, nan 
-125.875, 88.375, 1.3643313257120244e-24, nan 
-125.625, 88.375, 1.4039490071688294e-24, nan 
-125.375, 88.375, 1.3361647324114022e-24, nan 
-125.125, 88.375, 1.2939982862756506e-24, nan 
-124.875, 88.375, 1.2275249029105768e-24, nan 
-124.625, 88.375, 1.3167746650498472e-24, nan 
-124.375, 88.375, 1.4073433068649447e-24, nan 
-124.125, 88.375, 1.3829543866785885e-24, nan 
-123.875, 88.375, 1.4199219659406418e-24, nan 
-123.625, 88.375, 1.4615092228838386e-24, nan 
-123.375, 88.375, 1.484785227602073e-24, nan 
-123.125, 88.375, 1.590159690809024e-24, nan 
-122.875, 88.375, 1.6774188767454256e-24, nan 
-122.625, 88.375, 1.7488080585340434e-24, nan 
-122.375, 88.375, 1.872868428023049e-24, nan 
-122.125, 88.375, 1.913044634005543e-24, nan 
-121.875, 88.375, 1.9773889964634218e-24, nan 
-121.625, 88.375, 1.5646210737115082e-24, nan 
-121.375, 88.375, 1.4155935924449137e-24, nan 
-121.125, 88.375, 1.3447347896028278e-24, nan 
-120.875, 88.375, 1.3673511696046588e-24, nan 
-120.625, 88.375, 1.3477215476115809e-24, nan 
-120.375, 88.375, 1.3527387643857848e-24, nan 
-120.125, 88.375, 1.3393533281280235e-24, nan 
-119.875, 88.375, 1.3148449975989113e-24, nan 
-119.625, 88.375, 1.3372157614118254e-24, nan 
-119.375, 88.375, 1.4013050704337936e-24, nan 
-119.125, 88.375, 1.4111316850335072e-24, nan 
-118.875, 88.375, 1.447125372782672e-24, nan 
-118.625, 88.375, 1.5162759414811541e-24, nan 
-118.375, 88.375, 1.746723291354604e-24, nan 
-118.125, 88.375, 1.7405050593919443e-24, nan 
-117.875, 88.375, 1.7056307949887462e-24, nan 
-117.625, 88.375, 1.7643143724747543e-24, nan 
-117.375, 88.375, 1.7415385048186117e-24, nan 
-117.125, 88.375, 1.724186486659043e-24, nan 
-116.875, 88.375, 1.7233149161430643e-24, nan 
-116.625, 88.375, 1.687671083690674e-24, nan 
-116.375, 88.375, 1.698070973745219e-24, nan 
-116.125, 88.375, 1.7111493381943975e-24, nan 
-115.875, 88.375, 1.6639276956363237e-24, nan 
-115.625, 88.375, 1.671260642490268e-24, nan 
-115.375, 88.375, 1.7053141616113244e-24, nan 
-115.125, 88.375, 1.754092939289221e-24, nan 
-114.875, 88.375, 1.8136942506574483e-24, nan 
-114.625, 88.375, 1.7974552175707218e-24, nan 
-114.375, 88.375, 1.8208669959828242e-24, nan 
-114.125, 88.375, 1.841516822134964e-24, nan 
-113.875, 88.375, 1.860828070122261e-24, nan 
-113.625, 88.375, 1.9420798590941327e-24, nan 
-113.375, 88.375, 1.9121345021423698e-24, nan 
-113.125, 88.375, 1.9091677897146034e-24, nan 
-112.875, 88.375, 1.6440035337027888e-24, nan 
-112.625, 88.375, 1.5658396184527051e-24, nan 
-112.375, 88.375, 1.5519775883696814e-24, nan 
-112.125, 88.375, 1.5135711880332136e-24, nan 
-111.875, 88.375, 1.4477753487720625e-24, nan 
-111.625, 88.375, 1.5304366677709421e-24, nan 
-111.375, 88.375, 1.4742780756328462e-24, nan 
-111.125, 88.375, 1.422684511641785e-24, nan 
-110.875, 88.375, 1.4166262829484235e-24, nan 
-110.625, 88.375, 1.3441417822066992e-24, nan 
-110.375, 88.375, 1.37619455468414e-24, nan 
-110.125, 88.375, 1.3602346634001775e-24, nan 
-109.875, 88.375, 1.3367591261998852e-24, nan 
-109.625, 88.375, 1.585714795837161e-24, nan 
-109.375, 88.375, 1.4670613639275448e-24, nan 
-109.125, 88.375, 1.413886955435468e-24, nan 
-108.875, 88.375, 1.6718023527921435e-24, nan 
-108.625, 88.375, 1.5506451222809901e-24, nan 
-108.375, 88.375, 1.6284686264146367e-24, nan 
-108.125, 88.375, 1.7550176702726765e-24, nan 
-107.875, 88.375, 1.9485736510127855e-24, nan 
-107.625, 88.375, 2.0763833797550853e-24, nan 
-107.375, 88.375, 2.079048829131433e-24, nan 
-107.125, 88.375, 2.040744501602873e-24, nan 
-106.875, 88.375, 1.8608573822648857e-24, nan 
-106.625, 88.375, 2.2598963358191614e-24, nan 
-106.375, 88.375, 2.4680398138447368e-24, nan 
-106.125, 88.375, 2.5249906253675356e-24, nan 
-105.875, 88.375, 2.6304369517397845e-24, nan 
-105.625, 88.375, 2.4722450536185875e-24, nan 
-105.375, 88.375, 1.984916822982692e-24, nan 
-105.125, 88.375, 2.0301801019168146e-24, nan 
-104.875, 88.375, 3.3628492089815266e-24, nan 
-104.625, 88.375, 2.49925515972521e-24, nan 
-104.375, 88.375, 1.7260771227020443e-24, nan 
-104.125, 88.375, 1.5164635450996356e-24, nan 
-103.875, 88.375, 2.9634624644207737e-24, nan 
-103.625, 88.375, 2.747916699694591e-24, nan 
-103.375, 88.375, 1.438548632847339e-24, nan 
-103.125, 88.375, 1.4503341273639346e-24, nan 
-102.875, 88.375, 1.4722212869602754e-24, nan 
-102.625, 88.375, 1.410943540907478e-24, nan 
-102.375, 88.375, 1.443843231129729e-24, nan 
-102.125, 88.375, 1.5113000763558352e-24, nan 
-101.875, 88.375, 1.1366282204659717e-24, nan 
-101.625, 88.375, 1.1678367830229974e-24, nan 
-101.375, 88.375, 1.0693613005485867e-24, nan 
-101.125, 88.375, 1.956151399467851e-24, nan 
-100.875, 88.375, 2.0150659739988175e-24, nan 
-100.625, 88.375, 1.817564887285346e-24, nan 
-100.375, 88.375, 1.552009601475713e-24, nan 
-100.125, 88.375, 1.134535215970055e-24, nan 
-99.875, 88.375, 1.5249867996578698e-24, nan 
-99.625, 88.375, 1.6032578326037291e-24, nan 
-99.375, 88.375, 1.364894366077451e-24, nan 
-99.125, 88.375, 1.0546666838153283e-24, nan 
-98.875, 88.375, 1.1094870810544014e-24, nan 
-98.625, 88.375, 1.0653163307521375e-24, nan 
-98.375, 88.375, 1.2688313650413948e-24, nan 
-98.125, 88.375, 1.3303617563528722e-24, nan 
-97.875, 88.375, 1.4165905536759969e-24, nan 
-97.625, 88.375, 1.4612194089964947e-24, nan 
-97.375, 88.375, 1.6072367930019866e-24, nan 
-97.125, 88.375, 1.6202434564391163e-24, nan 
-96.875, 88.375, 1.4877490335415458e-24, nan 
-96.625, 88.375, 1.5293361716430873e-24, nan 
-96.375, 88.375, 1.4197870385506022e-24, nan 
-96.125, 88.375, 1.2743334966004145e-24, nan 
-95.875, 88.375, 1.2445964632211628e-24, nan 
-95.625, 88.375, 1.6049690942426472e-24, nan 
-95.375, 88.375, 1.3017069254343038e-24, nan 
-95.125, 88.375, 1.2659553078616921e-24, nan 
-94.875, 88.375, 1.2115246164859831e-24, nan 
-94.625, 88.375, 1.5275361221815289e-24, nan 
-94.375, 88.375, 1.4257255365130036e-24, nan 
-94.125, 88.375, 1.5764681492908897e-24, nan 
-93.875, 88.375, 1.3952720585037945e-24, nan 
-93.625, 88.375, 1.3242697677067063e-24, nan 
-93.375, 88.375, 1.3603859433027802e-24, nan 
-93.125, 88.375, 1.1165458949444322e-24, nan 
-92.875, 88.375, 1.1622346350759752e-24, nan 
-92.625, 88.375, 1.1270804809026698e-24, nan 
-92.375, 88.375, 1.1018229600214805e-24, nan 
-92.125, 88.375, 1.1418492134544141e-24, nan 
-91.875, 88.375, 1.0857613595953692e-24, nan 
-91.625, 88.375, 1.0969248083111892e-24, nan 
-91.375, 88.375, 1.176828604219086e-24, nan 
-91.125, 88.375, 1.1643124461772758e-24, nan 
-90.875, 88.375, 1.113322035948258e-24, nan 
-90.625, 88.375, 1.2189323872349516e-24, nan 
-90.375, 88.375, 1.1869952519135209e-24, nan 
-90.125, 88.375, 1.1630745664717444e-24, nan 
-89.875, 88.375, 9.27177424633317e-25, nan 
-89.625, 88.375, 7.784041044324328e-25, nan 
-89.375, 88.375, 1.037399948313363e-24, nan 
-89.125, 88.375, 1.0560268426809623e-24, nan 
-88.875, 88.375, 1.0664735506484776e-24, nan 
-88.625, 88.375, 1.0663874495525118e-24, nan 
-88.375, 88.375, 9.042595086583856e-25, nan 
-88.125, 88.375, 8.9495077026244e-25, nan 
-87.875, 88.375, 9.35040519360357e-25, nan 
-87.625, 88.375, 1.0055130680541828e-24, nan 
-87.375, 88.375, 1.0591340881273315e-24, nan 
-87.125, 88.375, 1.0900454289291514e-24, nan 
-86.875, 88.375, 1.0493914475781094e-24, nan 
-86.625, 88.375, 1.0807595519313335e-24, nan 
-86.375, 88.375, 1.1366212874422028e-24, nan 
-86.125, 88.375, 1.063483368294647e-24, nan 
-85.875, 88.375, 1.0698514461426028e-24, nan 
-85.625, 88.375, 1.1013518847272237e-24, nan 
-85.375, 88.375, 9.97862635295247e-25, nan 
-85.125, 88.375, 1.0745943722257777e-24, nan 
-84.875, 88.375, 1.0818824696524564e-24, nan 
-84.625, 88.375, 1.1188030666432256e-24, nan 
-84.375, 88.375, 1.097468850741721e-24, nan 
-84.125, 88.375, 1.176563643451403e-24, nan 
-83.875, 88.375, 1.2525343123464513e-24, nan 
-83.625, 88.375, 1.2389732002298688e-24, nan 
-83.375, 88.375, 1.2932974323704173e-24, nan 
-83.125, 88.375, 1.318779491234241e-24, nan 
-82.875, 88.375, 1.1946788647972702e-24, nan 
-82.625, 88.375, 1.172938633736722e-24, nan 
-82.375, 88.375, 1.209426114694339e-24, nan 
-82.125, 88.375, 1.0765260180618262e-24, nan 
-81.875, 88.375, 1.240378330688419e-24, nan 
-81.625, 88.375, 1.1795982807534382e-24, nan 
-81.375, 88.375, 1.1562972304850533e-24, nan 
-81.125, 88.375, 1.027940708228451e-24, nan 
-80.875, 88.375, 9.315021366271557e-25, nan 
-80.625, 88.375, 1.0898547821791177e-24, nan 
-80.375, 88.375, 1.1350858820142156e-24, nan 
-80.125, 88.375, 1.0759041662069365e-24, nan 
-79.875, 88.375, 1.0467548350084942e-24, nan 
-79.625, 88.375, 1.2301286077026318e-24, nan 
-79.375, 88.375, 1.1282317456422876e-24, nan 
-79.125, 88.375, 1.060279079791954e-24, nan 
-78.875, 88.375, 1.0508699921514232e-24, nan 
-78.625, 88.375, 1.0405363334972633e-24, nan 
-78.375, 88.375, 1.0583634584338276e-24, nan 
-78.125, 88.375, 1.0315580830291643e-24, nan 
-77.875, 88.375, 1.0277209570586979e-24, nan 
-77.625, 88.375, 1.099510951352419e-24, nan 
-77.375, 88.375, 1.0606473233868594e-24, nan 
-77.125, 88.375, 1.103390481918441e-24, nan 
-76.875, 88.375, 1.0564073766691888e-24, nan 
-76.625, 88.375, 9.319188305693388e-25, nan 
-76.375, 88.375, 9.145095496545835e-25, nan 
-76.125, 88.375, 8.99673876097843e-25, nan 
-75.875, 88.375, 1.016088972828975e-24, nan 
-75.625, 88.375, 1.0563177329374943e-24, nan 
-75.375, 88.375, 9.73871929066884e-25, nan 
-75.125, 88.375, 9.267898404243719e-25, nan 
-74.875, 88.375, 9.015837966758379e-25, nan 
-74.625, 88.375, 9.77023728162672e-25, nan 
-74.375, 88.375, 9.539161246212245e-25, nan 
-74.125, 88.375, 8.720932982987983e-25, nan 
-73.875, 88.375, 8.72906910126373e-25, nan 
-73.625, 88.375, 9.697217979655762e-25, nan 
-73.375, 88.375, 8.858029029547976e-25, nan 
-73.125, 88.375, 1.0528025728019408e-24, nan 
-72.875, 88.375, 1.0046110929756493e-24, nan 
-72.625, 88.375, 9.893374270426167e-25, nan 
-72.375, 88.375, 8.842592281964096e-25, nan 
-72.125, 88.375, 8.542102378700335e-25, nan 
-71.875, 88.375, 7.525296827761041e-25, nan 
-71.625, 88.375, 8.957169269097585e-25, nan 
-71.375, 88.375, 1.070348962509703e-24, nan 
-71.125, 88.375, 1.202115983018331e-24, nan 
-70.875, 88.375, 1.6265151425526827e-24, nan 
-70.625, 88.375, 1.7338993104032507e-24, nan 
-70.375, 88.375, 1.696200733411854e-24, nan 
-70.125, 88.375, 1.1356203150256e-24, nan 
-69.875, 88.375, 1.011283924140487e-24, nan 
-69.625, 88.375, 1.004255914923642e-24, nan 
-69.375, 88.375, 1.0507324631552668e-24, nan 
-69.125, 88.375, 1.2393483055361838e-24, nan 
-68.875, 88.375, 1.8901800757182157e-24, nan 
-68.625, 88.375, 2.2419633665778065e-24, nan 
-68.375, 88.375, 1.6205812484632893e-24, nan 
-68.125, 88.375, 9.594020406287647e-25, nan 
-67.875, 88.375, 6.699768651242321e-25, nan 
-67.625, 88.375, 7.335449292275048e-25, nan 
-67.375, 88.375, 6.517806214978595e-25, nan 
-67.125, 88.375, 7.254941894677888e-25, nan 
-66.875, 88.375, 8.539545548931212e-25, nan 
-66.625, 88.375, 7.979712418192533e-25, nan 
-66.375, 88.375, 8.203948890782987e-25, nan 
-66.125, 88.375, 8.68007901623482e-25, nan 
-65.875, 88.375, 8.365418046928195e-25, nan 
-65.625, 88.375, 9.19895869732917e-25, nan 
-65.375, 88.375, 1.0989125447145156e-24, nan 
-65.125, 88.375, 1.2144584945856395e-24, nan 
-64.875, 88.375, 9.757371196554648e-25, nan 
-64.625, 88.375, 1.0700555155478161e-24, nan 
-64.375, 88.375, 2.055917094117995e-24, nan 
-64.125, 88.375, 2.8110887188433066e-24, nan 
-63.875, 88.375, 3.573289158951233e-24, nan 
-63.625, 88.375, 2.478580888659083e-24, nan 
-63.375, 88.375, 2.43402049527969e-24, nan 
-63.125, 88.375, 1.409487962136294e-24, nan 
-62.875, 88.375, 1.3141792766755321e-24, nan 
-62.625, 88.375, 1.3663433525371966e-24, nan 
-62.375, 88.375, 1.4916284583389745e-24, nan 
-62.125, 88.375, 1.670102937075372e-24, nan 
-61.875, 88.375, 2.0597442252873954e-24, nan 
-61.625, 88.375, 2.8080375557615262e-24, nan 
-61.375, 88.375, 4.271206634287537e-24, nan 
-61.125, 88.375, 4.6018004548582124e-24, nan 
-60.875, 88.375, 4.760275496605959e-24, nan 
-60.625, 88.375, 3.172408749334276e-24, nan 
-60.375, 88.375, 2.4881920009417823e-24, nan 
-60.125, 88.375, 2.973906143344677e-24, nan 
-59.875, 88.375, 3.523796657043003e-24, nan 
-59.625, 88.375, 2.548140700048579e-24, nan 
-59.375, 88.375, 2.057427331180717e-24, nan 
-59.125, 88.375, 2.706738266063606e-24, nan 
-58.875, 88.375, 1.5536944885348253e-24, nan 
-58.625, 88.375, 2.0543223800856705e-24, nan 
-58.375, 88.375, 2.043968496544199e-24, nan 
-58.125, 88.375, 2.1401417297209093e-24, nan 
-57.875, 88.375, 2.7710652584905543e-24, nan 
-57.625, 88.375, 2.7600059792969865e-24, nan 
-57.375, 88.375, 2.7728991466312315e-24, nan 
-57.125, 88.375, 2.8048104523610064e-24, nan 
-56.875, 88.375, 2.856684697372534e-24, nan 
-56.625, 88.375, 2.8902616532240636e-24, nan 
-56.375, 88.375, 2.9507970780601443e-24, nan 
-56.125, 88.375, 3.014574714636614e-24, nan 
-55.875, 88.375, 3.068220098440622e-24, nan 
-55.625, 88.375, 3.140172002137777e-24, nan 
-55.375, 88.375, 3.29541076998739e-24, nan 
-55.125, 88.375, 3.6532510645817724e-24, nan 
-54.875, 88.375, 4.3161641167084256e-24, nan 
-54.625, 88.375, 4.0860373965000386e-24, nan 
-54.375, 88.375, 4.196315755671096e-24, nan 
-54.125, 88.375, 5.005328670381189e-24, nan 
-53.875, 88.375, 4.034057984571352e-24, nan 
-53.625, 88.375, 3.736155428527307e-24, nan 
-53.375, 88.375, 3.541169492689599e-24, nan 
-53.125, 88.375, 3.217017607664754e-24, nan 
-52.875, 88.375, 2.9580589483834636e-24, nan 
-52.625, 88.375, 3.1886495154309763e-24, nan 
-52.375, 88.375, 3.539716440914784e-24, nan 
-52.125, 88.375, 4.1926786339387926e-24, nan 
-51.875, 88.375, 4.544834390028055e-24, nan 
-51.625, 88.375, 3.696949480972737e-24, nan 
-51.375, 88.375, 3.299196092842714e-24, nan 
-51.125, 88.375, 3.0488212545982786e-24, nan 
-50.875, 88.375, 2.9844142939528454e-24, nan 
-50.625, 88.375, 2.673516412515458e-24, nan 
-50.375, 88.375, 3.314201144716367e-24, nan 
-50.125, 88.375, 2.713697536872793e-24, nan 
-49.875, 88.375, 2.7042454990102916e-24, nan 
-49.625, 88.375, 2.7118843034200406e-24, nan 
-49.375, 88.375, 2.5863772935496477e-24, nan 
-49.125, 88.375, 2.654192088379729e-24, nan 
-48.875, 88.375, 2.488958834935991e-24, nan 
-48.625, 88.375, 2.6116407302883812e-24, nan 
-48.375, 88.375, 2.430977504464201e-24, nan 
-48.125, 88.375, 2.52582074346796e-24, nan 
-47.875, 88.375, 2.410039878147962e-24, nan 
-47.625, 88.375, 2.4436093523741667e-24, nan 
-47.375, 88.375, 2.485389171822885e-24, nan 
-47.125, 88.375, 2.4490626078470954e-24, nan 
-46.875, 88.375, 2.4595152003800234e-24, nan 
-46.625, 88.375, 2.4381138103013222e-24, nan 
-46.375, 88.375, 2.2597035373051387e-24, nan 
-46.125, 88.375, 3.1162189225938577e-24, nan 
-45.875, 88.375, 2.267754000711534e-24, nan 
-45.625, 88.375, 2.265017781724808e-24, nan 
-45.375, 88.375, 4.4545382549116926e-24, nan 
-45.125, 88.375, 2.0509872839294236e-24, nan 
-44.875, 88.375, 1.6383453128996803e-24, nan 
-44.625, 88.375, 1.6233858629294822e-24, nan 
-44.375, 88.375, 1.763079821407796e-24, nan 
-44.125, 88.375, 2.674945705102871e-24, nan 
-43.875, 88.375, 3.6938994942379526e-24, nan 
-43.625, 88.375, 4.088310684508393e-24, nan 
-43.375, 88.375, 4.081865496094011e-24, nan 
-43.125, 88.375, 3.96765382742101e-24, nan 
-42.875, 88.375, 2.802547468569948e-24, nan 
-42.625, 88.375, 2.2791392295209433e-24, nan 
-42.375, 88.375, 2.3875758926959567e-24, nan 
-42.125, 88.375, 2.357627577422507e-24, nan 
-41.875, 88.375, 1.965550864366385e-24, nan 
-41.625, 88.375, 2.5499689306409916e-24, nan 
-41.375, 88.375, 2.9176805809598854e-24, nan 
-41.125, 88.375, 2.5547845381742836e-24, nan 
-40.875, 88.375, 2.6023019594486635e-24, nan 
-40.625, 88.375, 3.0032736312983327e-24, nan 
-40.375, 88.375, 3.073087546004251e-24, nan 
-40.125, 88.375, 2.920743819108908e-24, nan 
-39.875, 88.375, 3.04074216909104e-24, nan 
-39.625, 88.375, 3.016764375715504e-24, nan 
-39.375, 88.375, 3.1881468019972205e-24, nan 
-39.125, 88.375, 3.242197659324783e-24, nan 
-38.875, 88.375, 3.409778077001381e-24, nan 
-38.625, 88.375, 3.5618012762333244e-24, nan 
-38.375, 88.375, 3.500962386723899e-24, nan 
-38.125, 88.375, 3.5497534824930385e-24, nan 
-37.875, 88.375, 3.5096003053361464e-24, nan 
-37.625, 88.375, 2.9831881770422413e-24, nan 
-37.375, 88.375, 2.5428473891840208e-24, nan 
-37.125, 88.375, 2.6278577296902203e-24, nan 
-36.875, 88.375, 1.9203723544095927e-24, nan 
-36.625, 88.375, 2.358415928926274e-24, nan 
-36.375, 88.375, 1.3054274889004533e-24, nan 
-36.125, 88.375, 1.1708722653875148e-24, nan 
-35.875, 88.375, 1.2568365829386957e-24, nan 
-35.625, 88.375, 1.958896820786791e-24, nan 
-35.375, 88.375, 3.560744716425816e-24, nan 
-35.125, 88.375, 5.5588064976794574e-24, nan 
-34.875, 88.375, 6.82995591201352e-24, nan 
-34.625, 88.375, 7.112093529349859e-24, nan 
-34.375, 88.375, 6.915224902510896e-24, nan 
-34.125, 88.375, 4.3959362316902714e-24, nan 
-33.875, 88.375, 3.018796416899553e-24, nan 
-33.625, 88.375, 2.2685595759464732e-24, nan 
-33.375, 88.375, 2.0449117158959066e-24, nan 
-33.125, 88.375, 2.2064335019689696e-24, nan 
-32.875, 88.375, 2.137635207257156e-24, nan 
-32.625, 88.375, 2.2626909030406006e-24, nan 
-32.375, 88.375, 2.0384555495622777e-24, nan 
-32.125, 88.375, 2.1795723560369144e-24, nan 
-31.875, 88.375, 1.9080176475209824e-24, nan 
-31.625, 88.375, 1.5255938505453578e-24, nan 
-31.375, 88.375, 1.763751497735384e-24, nan 
-31.125, 88.375, 2.496789467052184e-24, nan 
-30.875, 88.375, 4.512693287944692e-24, nan 
-30.625, 88.375, 5.171206219450188e-24, nan 
-30.375, 88.375, 6.152871688242104e-24, nan 
-30.125, 88.375, 6.767229027893159e-24, nan 
-29.875, 88.375, 6.880198642032965e-24, nan 
-29.625, 88.375, 6.752243744462014e-24, nan 
-29.375, 88.375, 6.6075458039609175e-24, nan 
-29.125, 88.375, 6.0715979911150836e-24, nan 
-28.875, 88.375, 5.545921219077573e-24, nan 
-28.625, 88.375, 4.507449063250054e-24, nan 
-28.375, 88.375, 3.2702714183444927e-24, nan 
-28.125, 88.375, 2.4587257817501528e-24, nan 
-27.875, 88.375, 1.9152511916135826e-24, nan 
-27.625, 88.375, 1.3383715822190493e-24, nan 
-27.375, 88.375, 1.0049592460897621e-24, nan 
-27.125, 88.375, 8.58416402225199e-25, nan 
-26.875, 88.375, 9.681145976943966e-25, nan 
-26.625, 88.375, 1.6114497507835616e-24, nan 
-26.375, 88.375, 2.6276941773727723e-24, nan 
-26.125, 88.375, 3.378254725821115e-24, nan 
-25.875, 88.375, 3.854734457237892e-24, nan 
-25.625, 88.375, 3.66902959843552e-24, nan 
-25.375, 88.375, 2.5752309111046546e-24, nan 
-25.125, 88.375, 2.238220187252097e-24, nan 
-24.875, 88.375, 2.2183795433473126e-24, nan 
-24.625, 88.375, 2.418344653207305e-24, nan 
-24.375, 88.375, 3.05565504835287e-24, nan 
-24.125, 88.375, 5.524997551098218e-24, nan 
-23.875, 88.375, 4.68915566635517e-24, nan 
-23.625, 88.375, 1.470376623943625e-24, nan 
-23.375, 88.375, 1.7475948704659182e-24, nan 
-23.125, 88.375, 8.438173293636699e-25, nan 
-22.875, 88.375, 1.1523313659440706e-24, nan 
-22.625, 88.375, 3.7221735201698646e-24, nan 
-22.375, 88.375, 1.547165820454124e-24, nan 
-22.125, 88.375, 6.104906817283335e-24, nan 
-21.875, 88.375, 5.960065777623984e-24, nan 
-21.625, 88.375, 5.556472914011598e-24, nan 
-21.375, 88.375, 5.180545725674387e-24, nan 
-21.125, 88.375, 5.252529390655707e-24, nan 
-20.875, 88.375, 4.857098573268648e-24, nan 
-20.625, 88.375, 5.8376179127178754e-24, nan 
-20.375, 88.375, 3.67726930976611e-24, nan 
-20.125, 88.375, 2.6766541659508404e-24, nan 
-19.875, 88.375, 1.5824371623751909e-24, nan 
-19.625, 88.375, 1.8516881445005364e-24, nan 
-19.375, 88.375, 2.9360079596728973e-24, nan 
-19.125, 88.375, 4.7597710907755986e-24, nan 
-18.875, 88.375, 5.5685405238440885e-24, nan 
-18.625, 88.375, 3.247285867113855e-24, nan 
-18.375, 88.375, 5.5036587023088224e-24, nan 
-18.125, 88.375, 6.836726407746643e-25, nan 
-17.875, 88.375, 5.466857302468821e-25, nan 
-17.625, 88.375, 5.033169180004086e-25, nan 
-17.375, 88.375, 4.834324510832221e-25, nan 
-17.125, 88.375, 5.3680311042275575e-25, nan 
-16.875, 88.375, 1.1461679775381242e-24, nan 
-16.625, 88.375, 1.4459485228333045e-24, nan 
-16.375, 88.375, 2.0082136439457123e-24, nan 
-16.125, 88.375, 1.7257334660680442e-24, nan 
-15.875, 88.375, 1.814068209068412e-24, nan 
-15.625, 88.375, 1.8521966222307058e-24, nan 
-15.375, 88.375, 1.939732014793645e-24, nan 
-15.125, 88.375, 1.8012741988971695e-24, nan 
-14.875, 88.375, 1.616599406944666e-24, nan 
-14.625, 88.375, 1.148969051240615e-24, nan 
-14.375, 88.375, 8.259189899282517e-25, nan 
-14.125, 88.375, 4.477286397680013e-24, nan 
-13.875, 88.375, 2.657048957998262e-24, nan 
-13.625, 88.375, 1.494271131939121e-24, nan 
-13.375, 88.375, 1.0144141980445515e-24, nan 
-13.125, 88.375, 8.874080731769613e-25, nan 
-12.875, 88.375, 8.637634963942946e-25, nan 
-12.625, 88.375, 8.694443726232541e-25, nan 
-12.375, 88.375, 8.151263098530613e-25, nan 
-12.125, 88.375, 8.28461066123263e-25, nan 
-11.875, 88.375, 8.588514481173853e-25, nan 
-11.625, 88.375, 8.839651291655178e-25, nan 
-11.375, 88.375, 1.0396381968551353e-24, nan 
-11.125, 88.375, 1.187041877801712e-24, nan 
-10.875, 88.375, 1.310699828842819e-24, nan 
-10.625, 88.375, 1.3144605971218475e-24, nan 
-10.375, 88.375, 1.2216601759007712e-24, nan 
-10.125, 88.375, 1.028490164914116e-24, nan 
-9.875, 88.375, 1.0167710434496193e-24, nan 
-9.625, 88.375, 1.0671072277588075e-24, nan 
-9.375, 88.375, 9.380824000991265e-25, nan 
-9.125, 88.375, 9.379284988084556e-25, nan 
-8.875, 88.375, 9.446496269397722e-25, nan 
-8.625, 88.375, 9.78167448262738e-25, nan 
-8.375, 88.375, 1.0194509478251728e-24, nan 
-8.125, 88.375, 1.0819559586821613e-24, nan 
-7.875, 88.375, 1.176917471309029e-24, nan 
-7.625, 88.375, 1.4953412430349057e-24, nan 
-7.375, 88.375, 1.6717163882972684e-24, nan 
-7.125, 88.375, 2.084425812285924e-24, nan 
-6.875, 88.375, 2.3989456881789887e-24, nan 
-6.625, 88.375, 2.7915293383197827e-24, nan 
-6.375, 88.375, 3.253592934390427e-24, nan 
-6.125, 88.375, 3.562640045176638e-24, nan 
-5.875, 88.375, 3.3748881565752806e-24, nan 
-5.625, 88.375, 3.441271305751974e-24, nan 
-5.375, 88.375, 2.9259032193033823e-24, nan 
-5.125, 88.375, 2.6296554359136385e-24, nan 
-4.875, 88.375, 2.246660712151216e-24, nan 
-4.625, 88.375, 1.9112720190087644e-24, nan 
-4.375, 88.375, 1.638190351076811e-24, nan 
-4.125, 88.375, 1.2540852812601192e-24, nan 
-3.875, 88.375, 1.0318166988312684e-24, nan 
-3.625, 88.375, 1.0902357365386849e-24, nan 
-3.375, 88.375, 1.4404426927391748e-24, nan 
-3.125, 88.375, 1.3068603279068388e-24, nan 
-2.875, 88.375, 1.2946535850021037e-24, nan 
-2.625, 88.375, 1.0686445171870156e-24, nan 
-2.375, 88.375, 1.0817241288039764e-24, nan 
-2.125, 88.375, 1.0583929722569052e-24, nan 
-1.875, 88.375, 7.8759346135913255e-25, nan 
-1.625, 88.375, 8.461551583738837e-25, nan 
-1.375, 88.375, 7.277155188628177e-25, nan 
-1.125, 88.375, 8.829513102550943e-25, nan 
-0.875, 88.375, 8.73793113092177e-25, nan 
-0.625, 88.375, 8.082737186522755e-25, nan 
-0.375, 88.375, 7.947589023129399e-25, nan 
-0.125, 88.375, 8.323041408105896e-25, nan 
0.125, 88.375, 8.374315851158707e-25, nan 
0.375, 88.375, 8.506146074835394e-25, nan 
0.625, 88.375, 8.578096873591763e-25, nan 
0.875, 88.375, 6.7659101005106e-25, nan 
1.125, 88.375, 6.301937637136335e-25, nan 
1.375, 88.375, 7.396267989450858e-25, nan 
1.625, 88.375, 7.306592580095049e-25, nan 
1.875, 88.375, 9.048369214315057e-25, nan 
2.125, 88.375, 1.0344711920258987e-24, nan 
2.375, 88.375, 1.126936480812091e-24, nan 
2.625, 88.375, 1.1504596924184882e-24, nan 
2.875, 88.375, 8.995063497149249e-25, nan 
3.125, 88.375, 1.212493654219503e-24, nan 
3.375, 88.375, 1.2135484253938858e-24, nan 
3.625, 88.375, 1.1748253859125242e-24, nan 
3.875, 88.375, 6.854769599176288e-25, nan 
4.125, 88.375, 7.049143868324131e-25, nan 
4.375, 88.375, 6.991620559952185e-25, nan 
4.625, 88.375, 6.700976668231435e-25, nan 
4.875, 88.375, 6.106123605150651e-25, nan 
5.125, 88.375, 5.341523675607364e-25, nan 
5.375, 88.375, 5.942449982194382e-25, nan 
5.625, 88.375, 6.8004766824646155e-25, nan 
5.875, 88.375, 8.771163306971488e-25, nan 
6.125, 88.375, 8.691152962021124e-25, nan 
6.375, 88.375, 1.250733375940864e-24, nan 
6.625, 88.375, 1.1096712352019994e-24, nan 
6.875, 88.375, 1.0258090284487057e-24, nan 
7.125, 88.375, 7.093541773673006e-25, nan 
7.375, 88.375, 6.113766180500452e-25, nan 
7.625, 88.375, 7.2274422470806875e-25, nan 
7.875, 88.375, 5.859856812230689e-25, nan 
8.125, 88.375, 7.22344212875492e-25, nan 
8.375, 88.375, 8.521979852228857e-25, nan 
8.625, 88.375, 8.969458836731725e-25, nan 
8.875, 88.375, 1.0096363630330784e-24, nan 
9.125, 88.375, 1.0914830158899062e-24, nan 
9.375, 88.375, 1.2167232127348157e-24, nan 
9.625, 88.375, 7.050178629429718e-25, nan 
9.875, 88.375, 6.666666269682064e-25, nan 
10.125, 88.375, 9.300707596276841e-25, nan 
10.375, 88.375, 9.013096989583532e-25, nan 
10.625, 88.375, 8.56899191450551e-25, nan 
10.875, 88.375, 8.428402720842368e-25, nan 
11.125, 88.375, 8.031515019197756e-25, nan 
11.375, 88.375, 8.049940306495123e-25, nan 
11.625, 88.375, 6.297031845754978e-25, nan 
11.875, 88.375, 5.603627699940953e-25, nan 
12.125, 88.375, 5.4106381606497625e-25, nan 
12.375, 88.375, 5.787463144030435e-25, nan 
12.625, 88.375, 2.9875427237792995e-25, nan 
12.875, 88.375, 4.2889668750104825e-25, nan 
13.125, 88.375, 5.488009784825488e-25, nan 
13.375, 88.375, 5.59504691500986e-25, nan 
13.625, 88.375, 9.167687999175747e-25, nan 
13.875, 88.375, 6.37025355894475e-25, nan 
14.125, 88.375, 8.085579648615718e-25, nan 
14.375, 88.375, 8.921632914486076e-25, nan 
14.625, 88.375, 9.136844275993099e-25, nan 
14.875, 88.375, 8.518993348954799e-25, nan 
15.125, 88.375, 1.1295002921614446e-24, nan 
15.375, 88.375, 1.0803723415778479e-24, nan 
15.625, 88.375, 1.0189107621931409e-24, nan 
15.875, 88.375, 8.573726213347838e-25, nan 
16.125, 88.375, 6.918404342945903e-25, nan 
16.375, 88.375, 8.681085389465433e-25, nan 
16.625, 88.375, 5.810562100310645e-25, nan 
16.875, 88.375, 7.0436274259162015e-25, nan 
17.125, 88.375, 4.977379032640696e-25, nan 
17.375, 88.375, 5.0425358062095595e-25, nan 
17.625, 88.375, 5.68109987229708e-25, nan 
17.875, 88.375, 5.717215099703752e-25, nan 
18.125, 88.375, 9.390541199403953e-25, nan 
18.375, 88.375, 1.0203669380838876e-24, nan 
18.625, 88.375, 1.0461186211319249e-24, nan 
18.875, 88.375, 1.0244880383235231e-24, nan 
19.125, 88.375, 9.714160045215596e-25, nan 
19.375, 88.375, 8.91723649462194e-25, nan 
19.625, 88.375, 7.286454459999109e-25, nan 
19.875, 88.375, 5.020755634409541e-25, nan 
20.125, 88.375, 6.602354147178571e-25, nan 
20.375, 88.375, 6.751491370756606e-25, nan 
20.625, 88.375, 7.079242491848206e-25, nan 
20.875, 88.375, 8.123309618984156e-25, nan 
21.125, 88.375, 9.106668897967353e-25, nan 
21.375, 88.375, 8.103299789477493e-25, nan 
21.625, 88.375, 5.33365067510074e-25, nan 
21.875, 88.375, 9.725193560969611e-25, nan 
22.125, 88.375, 9.3484804857831e-25, nan 
22.375, 88.375, 1.0401842553753057e-24, nan 
22.625, 88.375, 1.2611114540299247e-24, nan 
22.875, 88.375, 1.9188926272878308e-24, nan 
23.125, 88.375, 1.1809774382493242e-24, nan 
23.375, 88.375, 1.4636771809064904e-24, nan 
23.625, 88.375, 1.8498299000014145e-24, nan 
23.875, 88.375, 1.9099365773743678e-24, nan 
24.125, 88.375, 1.885722147261393e-24, nan 
24.375, 88.375, 1.590511647664823e-24, nan 
24.625, 88.375, 3.855328733644744e-25, nan 
24.875, 88.375, 1.162225081773019e-24, nan 
25.125, 88.375, 1.1444895220616597e-24, nan 
25.375, 88.375, 1.3567414480703907e-24, nan 
25.625, 88.375, 1.4712096131602489e-24, nan 
25.875, 88.375, 1.3329916771603609e-24, nan 
26.125, 88.375, 1.1613217019309998e-24, nan 
26.375, 88.375, 8.360831831776322e-25, nan 
26.625, 88.375, 1.3315504149840476e-24, nan 
26.875, 88.375, 1.279933606780077e-24, nan 
27.125, 88.375, 8.1428367333982145e-25, nan 
27.375, 88.375, 9.5066395437788e-25, nan 
27.625, 88.375, 1.0018685271703563e-24, nan 
27.875, 88.375, 8.7828727481549e-25, nan 
28.125, 88.375, 9.99332562467869e-25, nan 
28.375, 88.375, 8.723587858818966e-25, nan 
28.625, 88.375, 7.804544847495903e-25, nan 
28.875, 88.375, 1.0715848755214132e-24, nan 
29.125, 88.375, 1.3879183306776232e-24, nan 
29.375, 88.375, 7.881278642644126e-25, nan 
29.625, 88.375, 1.1229020220242933e-24, nan 
29.875, 88.375, 7.335195768697615e-25, nan 
30.125, 88.375, 5.772153999363308e-25, nan 
30.375, 88.375, 3.4175921012977912e-25, nan 
30.625, 88.375, 6.343954379016715e-25, nan 
30.875, 88.375, 1.2978084889849833e-24, nan 
31.125, 88.375, 1.1974920009835352e-24, nan 
31.375, 88.375, 1.4415812633816148e-24, nan 
31.625, 88.375, 1.642679936297765e-24, nan 
31.875, 88.375, 1.7741063107654104e-24, nan 
32.125, 88.375, 1.995246786938248e-24, nan 
32.375, 88.375, 2.1304086630348407e-24, nan 
32.625, 88.375, 1.9660758403879497e-24, nan 
32.875, 88.375, 1.9898598310856752e-24, nan 
33.125, 88.375, 2.1458087990456406e-24, nan 
33.375, 88.375, 2.0161716223749474e-24, nan 
33.625, 88.375, 1.8737704281120756e-24, nan 
33.875, 88.375, 1.9439095766350952e-24, nan 
34.125, 88.375, 1.4264990991998956e-24, nan 
34.375, 88.375, 1.3951801041731334e-24, nan 
34.625, 88.375, 1.0318868610468102e-24, nan 
34.875, 88.375, 1.0156138315372432e-24, nan 
35.125, 88.375, 8.453446545599244e-25, nan 
35.375, 88.375, 6.994996657932403e-25, nan 
35.625, 88.375, 6.215155435808601e-25, nan 
35.875, 88.375, 5.343475247778627e-25, nan 
36.125, 88.375, 1.8737710122172e-24, nan 
36.375, 88.375, 1.0066525865921248e-24, nan 
36.625, 88.375, 1.3065245656440922e-24, nan 
36.875, 88.375, 6.4098374295756395e-25, nan 
37.125, 88.375, 3.0056933340961982e-25, nan 
37.375, 88.375, 1.4705228552374332e-24, nan 
37.625, 88.375, 1.7014235514022834e-24, nan 
37.875, 88.375, 2.1485995220262576e-24, nan 
38.125, 88.375, 1.552086678555439e-24, nan 
38.375, 88.375, 1.963365561434695e-24, nan 
38.625, 88.375, 1.9400146087404594e-24, nan 
38.875, 88.375, 2.132218290208248e-24, nan 
39.125, 88.375, 2.0820899782362194e-24, nan 
39.375, 88.375, 1.8659107458734036e-24, nan 
39.625, 88.375, 1.4797818730307665e-24, nan 
39.875, 88.375, 1.608513559848176e-24, nan 
40.125, 88.375, 1.6520453254153588e-24, nan 
40.375, 88.375, 1.5086872956767244e-24, nan 
40.625, 88.375, 1.5142235002183268e-24, nan 
40.875, 88.375, 1.6215783135040266e-24, nan 
41.125, 88.375, 1.749965609998849e-24, nan 
41.375, 88.375, 2.0551448235731376e-24, nan 
41.625, 88.375, 3.564149500636689e-24, nan 
41.875, 88.375, 4.185148457613485e-24, nan 
42.125, 88.375, 4.5564000090210764e-24, nan 
42.375, 88.375, 3.419301964467719e-24, nan 
42.625, 88.375, 3.101343473482445e-24, nan 
42.875, 88.375, 2.9344448849847477e-24, nan 
43.125, 88.375, 3.334675400573175e-24, nan 
43.375, 88.375, 2.948467021415325e-24, nan 
43.625, 88.375, 2.7116649079357457e-24, nan 
43.875, 88.375, 2.405334762525317e-24, nan 
44.125, 88.375, 1.89300324629622e-24, nan 
44.375, 88.375, 1.5789584264700836e-24, nan 
44.625, 88.375, 1.1873470312585586e-24, nan 
44.875, 88.375, 1.318486375369078e-24, nan 
45.125, 88.375, 1.2741101639928386e-24, nan 
45.375, 88.375, 2.0390644771340277e-24, nan 
45.625, 88.375, 1.9822819200298796e-24, nan 
45.875, 88.375, 2.0441940385145574e-24, nan 
46.125, 88.375, 3.798245960362615e-24, nan 
46.375, 88.375, 3.838533654008153e-24, nan 
46.625, 88.375, 3.8605012974891105e-24, nan 
46.875, 88.375, 4.012917141111572e-24, nan 
47.125, 88.375, 4.013160024224647e-24, nan 
47.375, 88.375, 4.3502754708492226e-24, nan 
47.625, 88.375, 4.3629815934188254e-24, nan 
47.875, 88.375, 4.345478113612803e-24, nan 
48.125, 88.375, 4.293506600326167e-24, nan 
48.375, 88.375, 3.982440809303971e-24, nan 
48.625, 88.375, 4.014179063529753e-24, nan 
48.875, 88.375, 4.28811286835741e-24, nan 
49.125, 88.375, 4.100838224844675e-24, nan 
49.375, 88.375, 3.9591958875805754e-24, nan 
49.625, 88.375, 3.8259922928636854e-24, nan 
49.875, 88.375, 3.52244717649231e-24, nan 
50.125, 88.375, 3.166984188852146e-24, nan 
50.375, 88.375, 2.7248423409132113e-24, nan 
50.625, 88.375, 3.2016538617936583e-24, nan 
50.875, 88.375, 3.49947889465717e-24, nan 
51.125, 88.375, 3.74559962113509e-24, nan 
51.375, 88.375, 3.6774062249668865e-24, nan 
51.625, 88.375, 2.9295533309892127e-24, nan 
51.875, 88.375, 2.2870888161037202e-24, nan 
52.125, 88.375, 2.4889932337575297e-24, nan 
52.375, 88.375, 2.1067348063939133e-24, nan 
52.625, 88.375, 2.0032370088525455e-24, nan 
52.875, 88.375, 1.8151121591280097e-24, nan 
53.125, 88.375, 1.6238467027015659e-24, nan 
53.375, 88.375, 1.4317225237831861e-24, nan 
53.625, 88.375, 1.4059735034136596e-24, nan 
53.875, 88.375, 1.312592644002947e-24, nan 
54.125, 88.375, 1.879115780719751e-24, nan 
54.375, 88.375, 1.7778560381222866e-24, nan 
54.625, 88.375, 1.7381566367079986e-24, nan 
54.875, 88.375, 2.7160015409082316e-24, nan 
55.125, 88.375, 2.8055865829520223e-24, nan 
55.375, 88.375, 2.8455365583449263e-24, nan 
55.625, 88.375, 2.840711846304278e-24, nan 
55.875, 88.375, 2.7729318706150997e-24, nan 
56.125, 88.375, 2.7888066791569234e-24, nan 
56.375, 88.375, 2.7830169740455218e-24, nan 
56.625, 88.375, 2.788187038957491e-24, nan 
56.875, 88.375, 2.7595877289871128e-24, nan 
57.125, 88.375, 2.6974501658917612e-24, nan 
57.375, 88.375, 2.6858523972504833e-24, nan 
57.625, 88.375, 2.610612729727816e-24, nan 
57.875, 88.375, 2.533050040628655e-24, nan 
58.125, 88.375, 2.4487222592454394e-24, nan 
58.375, 88.375, 2.3528901485546164e-24, nan 
58.625, 88.375, 2.2118164360334857e-24, nan 
58.875, 88.375, 2.0326454384797856e-24, nan 
59.125, 88.375, 6.576209640335338e-25, nan 
59.375, 88.375, 6.769383448605134e-25, nan 
59.625, 88.375, 7.164326676692991e-25, nan 
59.875, 88.375, 2.5363639063641625e-24, nan 
60.125, 88.375, 2.5174472764892127e-24, nan 
60.375, 88.375, 2.011283628243988e-24, nan 
60.625, 88.375, 6.853651353414787e-25, nan 
60.875, 88.375, 1.5483613268532796e-24, nan 
61.125, 88.375, 6.413576896032714e-25, nan 
61.375, 88.375, 6.386932608979398e-25, nan 
61.625, 88.375, 6.994210326096029e-25, nan 
61.875, 88.375, 7.873930433106898e-25, nan 
62.125, 88.375, 8.010881501851564e-25, nan 
62.375, 88.375, 1.1008931952600972e-24, nan 
62.625, 88.375, 1.3038365553985957e-24, nan 
62.875, 88.375, 1.6585996678775095e-24, nan 
63.125, 88.375, 1.905277670545468e-24, nan 
63.375, 88.375, 2.2592304718958325e-24, nan 
63.625, 88.375, 2.500601614772296e-24, nan 
63.875, 88.375, 2.8360656733238005e-24, nan 
64.125, 88.375, 2.6335587522808582e-24, nan 
64.375, 88.375, 2.524458282740232e-24, nan 
64.625, 88.375, 2.043073366368056e-24, nan 
64.875, 88.375, 1.9638304712979426e-24, nan 
65.125, 88.375, 5.522535008542094e-25, nan 
65.375, 88.375, 4.566789771284964e-25, nan 
65.625, 88.375, 4.0312428829254076e-25, nan 
65.875, 88.375, 3.73234210804986e-25, nan 
66.125, 88.375, 3.030697157507177e-25, nan 
66.375, 88.375, 4.600121127317608e-25, nan 
66.625, 88.375, 4.938670136785365e-25, nan 
66.875, 88.375, 4.218407470163304e-25, nan 
67.125, 88.375, 4.552790931312988e-25, nan 
67.375, 88.375, 5.337993018863665e-25, nan 
67.625, 88.375, 5.7582675575697e-25, nan 
67.875, 88.375, 5.331265284607226e-25, nan 
68.125, 88.375, 5.517518664484236e-25, nan 
68.375, 88.375, 6.368631486023876e-25, nan 
68.625, 88.375, 4.289578764168349e-25, nan 
68.875, 88.375, 3.3772238343204494e-25, nan 
69.125, 88.375, 4.206357478285738e-25, nan 
69.375, 88.375, 4.519067929134522e-25, nan 
69.625, 88.375, 8.611073809096108e-25, nan 
69.875, 88.375, 8.794731790517484e-25, nan 
70.125, 88.375, 1.16779181610151e-24, nan 
70.375, 88.375, 1.3069336954610904e-24, nan 
70.625, 88.375, 1.2879578932807265e-24, nan 
70.875, 88.375, 7.721009274848124e-25, nan 
71.125, 88.375, 4.556344906304439e-25, nan 
71.375, 88.375, 5.054408946640937e-25, nan 
71.625, 88.375, 4.968564222954961e-25, nan 
71.875, 88.375, 4.972282371171049e-25, nan 
72.125, 88.375, 3.9514930744561013e-25, nan 
72.375, 88.375, 3.079514153180938e-25, nan 
72.625, 88.375, 1.9747383207192746e-25, nan 
72.875, 88.375, 2.73912614003873e-25, nan 
73.125, 88.375, 2.4820570336612436e-25, nan 
73.375, 88.375, 2.990143510754316e-25, nan 
73.625, 88.375, 8.222540880779415e-25, nan 
73.875, 88.375, 3.3641510106802946e-25, nan 
74.125, 88.375, 3.56909042208957e-25, nan 
74.375, 88.375, 3.899986092801319e-25, nan 
74.625, 88.375, 3.504542933392955e-25, nan 
74.875, 88.375, 3.601941196077465e-25, nan 
75.125, 88.375, 5.131133088274069e-25, nan 
75.375, 88.375, 6.04349789557963e-25, nan 
75.625, 88.375, 6.319944910732668e-25, nan 
75.875, 88.375, 6.71606246871667e-25, nan 
76.125, 88.375, 7.254780418859747e-25, nan 
76.375, 88.375, 6.941926757769986e-25, nan 
76.625, 88.375, 7.764093325008684e-25, nan 
76.875, 88.375, 6.757381247662357e-25, nan 
77.125, 88.375, 6.930764730632599e-25, nan 
77.375, 88.375, 7.012855213411002e-25, nan 
77.625, 88.375, 7.073842403386286e-25, nan 
77.875, 88.375, 6.397669970105772e-25, nan 
78.125, 88.375, 7.479934653166264e-25, nan 
78.375, 88.375, 7.564370914735364e-25, nan 
78.625, 88.375, 7.967637121388196e-25, nan 
78.875, 88.375, 8.766028221542912e-25, nan 
79.125, 88.375, 9.44099628196918e-25, nan 
79.375, 88.375, 1.0391627003409408e-24, nan 
79.625, 88.375, 9.725741379828484e-25, nan 
79.875, 88.375, 1.0966235232967928e-24, nan 
80.125, 88.375, 1.1154209452716226e-24, nan 
80.375, 88.375, 1.1452915270277229e-24, nan 
80.625, 88.375, 1.051182721163642e-24, nan 
80.875, 88.375, 9.708003353990288e-25, nan 
81.125, 88.375, 7.915525335970173e-25, nan 
81.375, 88.375, 6.386685645200398e-25, nan 
81.625, 88.375, 6.630680585151161e-25, nan 
81.875, 88.375, 7.768683269542966e-25, nan 
82.125, 88.375, 8.91605928922209e-25, nan 
82.375, 88.375, 1.827700318819559e-24, nan 
82.625, 88.375, 9.308637219233344e-25, nan 
82.875, 88.375, 8.202741213253527e-25, nan 
83.125, 88.375, 8.769472183198073e-25, nan 
83.375, 88.375, 1.1258765152173492e-24, nan 
83.625, 88.375, 8.449498858711609e-25, nan 
83.875, 88.375, 9.336182729391753e-25, nan 
84.125, 88.375, 1.0179342074393852e-24, nan 
84.375, 88.375, 1.056420367562907e-24, nan 
84.625, 88.375, 1.1278200134757853e-24, nan 
84.875, 88.375, 1.2123341168458001e-24, nan 
85.125, 88.375, 1.3255652843387523e-24, nan 
85.375, 88.375, 1.7004892530463672e-24, nan 
85.625, 88.375, 1.877015578096487e-24, nan 
85.875, 88.375, 1.5024162238955496e-24, nan 
86.125, 88.375, 8.846674949605717e-25, nan 
86.375, 88.375, 6.620927879965891e-25, nan 
86.625, 88.375, 5.784545333899511e-25, nan 
86.875, 88.375, 7.090329646195005e-25, nan 
87.125, 88.375, 8.397287590997369e-25, nan 
87.375, 88.375, 1.081240779683782e-24, nan 
87.625, 88.375, 1.5358651184422343e-24, nan 
87.875, 88.375, 1.2122586083137452e-24, nan 
88.125, 88.375, 1.187225484636438e-24, nan 
88.375, 88.375, 1.0027501792978527e-24, nan 
88.625, 88.375, 9.517621146976337e-25, nan 
88.875, 88.375, 9.071203258312943e-25, nan 
89.125, 88.375, 8.392241467838656e-25, nan 
89.375, 88.375, 8.430153924294527e-25, nan 
89.625, 88.375, 7.819990342238793e-25, nan 
89.875, 88.375, 6.989479470001062e-25, nan 
90.125, 88.375, 5.684830825304454e-25, nan 
90.375, 88.375, 3.54989027389441e-25, nan 
90.625, 88.375, 2.8631994867148405e-25, nan 
90.875, 88.375, 3.055357951560063e-25, nan 
91.125, 88.375, 1.1636352198474081e-24, nan 
91.375, 88.375, 6.790661222523876e-25, nan 
91.625, 88.375, 5.612439865642346e-25, nan 
91.875, 88.375, 5.552381504342331e-25, nan 
92.125, 88.375, 8.263197284856912e-25, nan 
92.375, 88.375, 6.375441857240332e-25, nan 
92.625, 88.375, 5.110187151557151e-25, nan 
92.875, 88.375, 3.9027617325939863e-25, nan 
93.125, 88.375, 6.472003196176557e-25, nan 
93.375, 88.375, 7.805779306248913e-25, nan 
93.625, 88.375, 8.571262526889493e-25, nan 
93.875, 88.375, 9.475226842128549e-25, nan 
94.125, 88.375, 9.61558589354313e-25, nan 
94.375, 88.375, 9.831206087966653e-25, nan 
94.625, 88.375, 1.0274478249356362e-24, nan 
94.875, 88.375, 1.0919200089042902e-24, nan 
95.125, 88.375, 1.0833306219432791e-24, nan 
95.375, 88.375, 1.0978739337853278e-24, nan 
95.625, 88.375, 1.0423977909495798e-24, nan 
95.875, 88.375, 9.720278785043186e-25, nan 
96.125, 88.375, 9.161964436681561e-25, nan 
96.375, 88.375, 8.659244143678122e-25, nan 
96.625, 88.375, 5.629376770147724e-25, nan 
96.875, 88.375, 1.3184466965081524e-24, nan 
97.125, 88.375, 1.2062218724899954e-24, nan 
97.375, 88.375, 6.351956925477742e-25, nan 
97.625, 88.375, 6.81359032064344e-25, nan 
97.875, 88.375, 7.500319659346624e-25, nan 
98.125, 88.375, 8.44273281355062e-25, nan 
98.375, 88.375, 8.065003923575467e-25, nan 
98.625, 88.375, 7.762940376394868e-25, nan 
98.875, 88.375, 7.5430011977851765e-25, nan 
99.125, 88.375, 6.591718736590145e-25, nan 
99.375, 88.375, 6.665971852068682e-25, nan 
99.625, 88.375, 6.958424942284046e-25, nan 
99.875, 88.375, 7.324084804220799e-25, nan 
100.125, 88.375, 8.570464488550592e-25, nan 
100.375, 88.375, 1.4517272051595105e-24, nan 
100.625, 88.375, 1.4546867658790028e-24, nan 
100.875, 88.375, 1.3091799630773618e-24, nan 
101.125, 88.375, 1.0343523430887253e-24, nan 
101.375, 88.375, 8.763326242429034e-25, nan 
101.625, 88.375, 6.647532507455754e-25, nan 
101.875, 88.375, 6.010436042942916e-25, nan 
102.125, 88.375, 6.988414763129614e-25, nan 
102.375, 88.375, 8.909880654549684e-25, nan 
102.625, 88.375, 9.33404226065857e-25, nan 
102.875, 88.375, 9.02738511332215e-25, nan 
103.125, 88.375, 9.58943630798961e-25, nan 
103.375, 88.375, 1.033096635175895e-24, nan 
103.625, 88.375, 1.1322779075511983e-24, nan 
103.875, 88.375, 1.1650517640615102e-24, nan 
104.125, 88.375, 1.227694249449817e-24, nan 
104.375, 88.375, 1.2257128634634143e-24, nan 
104.625, 88.375, 1.2132555002299286e-24, nan 
104.875, 88.375, 1.2572808821853776e-24, nan 
105.125, 88.375, 1.3129162535429609e-24, nan 
105.375, 88.375, 1.2671022467243107e-24, nan 
105.625, 88.375, 1.3017494415879195e-24, nan 
105.875, 88.375, 1.373024719424403e-24, nan 
106.125, 88.375, 4.605050297512563e-25, nan 
-144.375, 88.625, 6.399818747771749e-25, nan 
-144.125, 88.625, 5.815454699113501e-25, nan 
-143.875, 88.625, 5.912665980510509e-25, nan 
-143.625, 88.625, 5.898694949601749e-25, nan 
-143.375, 88.625, 5.824648334100862e-25, nan 
-143.125, 88.625, 6.057865438784892e-25, nan 
-142.875, 88.625, 5.840502202922122e-25, nan 
-142.625, 88.625, 5.580669629759179e-25, nan 
-142.375, 88.625, 7.950579254721368e-25, nan 
-142.125, 88.625, 5.076876204018919e-25, nan 
-141.875, 88.625, 5.614188485226693e-25, nan 
-141.625, 88.625, 5.902525563700857e-25, nan 
-141.375, 88.625, 5.593045630353506e-25, nan 
-141.125, 88.625, 5.402836869181216e-25, nan 
-140.875, 88.625, 4.942305519827663e-25, nan 
-140.625, 88.625, 3.8549691688443656e-25, nan 
-140.375, 88.625, 4.325361879302013e-25, nan 
-140.125, 88.625, 3.290593863923323e-25, nan 
-139.875, 88.625, 3.8824508947206498e-25, nan 
-139.625, 88.625, 3.885930473774011e-25, nan 
-139.375, 88.625, 4.1105194036869623e-25, nan 
-139.125, 88.625, 4.621964435490845e-25, nan 
-138.875, 88.625, 4.920806967271151e-25, nan 
-138.625, 88.625, 5.61832032378005e-25, nan 
-138.375, 88.625, 2.7128064059887566e-25, nan 
-138.125, 88.625, 2.0537890551518691e-25, nan 
-137.875, 88.625, 2.350531596307651e-25, nan 
-137.625, 88.625, 2.5515356996426434e-25, nan 
-137.375, 88.625, 2.992103953311315e-25, nan 
-137.125, 88.625, 7.442067301099898e-25, nan 
-136.875, 88.625, 5.5302965385678e-25, nan 
-136.625, 88.625, 5.177129948837629e-25, nan 
-136.375, 88.625, 4.768433934113125e-25, nan 
-136.125, 88.625, 4.320337077421011e-25, nan 
-135.875, 88.625, 3.5189203743163266e-25, nan 
-135.625, 88.625, 3.319304209590815e-25, nan 
-135.375, 88.625, 3.1809099296402667e-25, nan 
-135.125, 88.625, 3.248473203598566e-25, nan 
-134.875, 88.625, 4.148716063590968e-25, nan 
-134.625, 88.625, 4.655081486252864e-25, nan 
-134.375, 88.625, 3.5518805235314914e-25, nan 
-134.125, 88.625, 3.8972296857787205e-25, nan 
-133.875, 88.625, 3.640346784904065e-25, nan 
-133.625, 88.625, 3.4400686852675417e-25, nan 
-133.375, 88.625, 3.9985720959837855e-25, nan 
-133.125, 88.625, 3.815668866962057e-25, nan 
-132.875, 88.625, 4.234604381284609e-25, nan 
-132.625, 88.625, 7.714880549920176e-25, nan 
-132.375, 88.625, 9.152945674093013e-25, nan 
-132.125, 88.625, 7.806111636671869e-25, nan 
-131.875, 88.625, 9.066794940582865e-25, nan 
-131.625, 88.625, 1.0450923988040768e-24, nan 
-131.375, 88.625, 9.69670396019024e-25, nan 
-131.125, 88.625, 1.1051189508524237e-24, nan 
-130.875, 88.625, 1.2207080485567588e-24, nan 
-130.625, 88.625, 1.210492337838603e-24, nan 
-130.375, 88.625, 1.3637811862366803e-24, nan 
-130.125, 88.625, 1.2132799736386453e-24, nan 
-129.875, 88.625, 1.184532528852377e-24, nan 
-129.625, 88.625, 1.2879094181583428e-24, nan 
-129.375, 88.625, 1.3221745919925322e-24, nan 
-129.125, 88.625, 1.1728728948551252e-24, nan 
-128.875, 88.625, 1.1510520902194783e-24, nan 
-128.625, 88.625, 1.111897807820682e-24, nan 
-128.375, 88.625, 1.2918178319221423e-24, nan 
-128.125, 88.625, 1.3023643613314977e-24, nan 
-127.875, 88.625, 1.3304757186354324e-24, nan 
-127.625, 88.625, 1.4475659272904608e-24, nan 
-127.375, 88.625, 1.4281431328843736e-24, nan 
-127.125, 88.625, 1.7173557220366807e-24, nan 
-126.875, 88.625, 2.1722644422184116e-24, nan 
-126.625, 88.625, 2.3237067799533654e-24, nan 
-126.375, 88.625, 2.3074665062239538e-24, nan 
-126.125, 88.625, 2.2231147511752754e-24, nan 
-125.875, 88.625, 2.0987051564163828e-24, nan 
-125.625, 88.625, 2.0641211750227193e-24, nan 
-125.375, 88.625, 2.004678816739591e-24, nan 
-125.125, 88.625, 2.15084553113578e-24, nan 
-124.875, 88.625, 2.110553284822745e-24, nan 
-124.625, 88.625, 2.262605893211333e-24, nan 
-124.375, 88.625, 2.3342816876551758e-24, nan 
-124.125, 88.625, 2.3770673229740467e-24, nan 
-123.875, 88.625, 2.3103087410460088e-24, nan 
-123.625, 88.625, 2.2437512240369824e-24, nan 
-123.375, 88.625, 2.0978121146136805e-24, nan 
-123.125, 88.625, 2.0318485325805523e-24, nan 
-122.875, 88.625, 1.893698851599554e-24, nan 
-122.625, 88.625, 1.796282771949675e-24, nan 
-122.375, 88.625, 1.7474147811633582e-24, nan 
-122.125, 88.625, 1.6874708801040932e-24, nan 
-121.875, 88.625, 1.696498169746161e-24, nan 
-121.625, 88.625, 1.5295804545808264e-24, nan 
-121.375, 88.625, 1.4991421639939711e-24, nan 
-121.125, 88.625, 1.4660926685606139e-24, nan 
-120.875, 88.625, 1.4614869624137095e-24, nan 
-120.625, 88.625, 1.5082616617269425e-24, nan 
-120.375, 88.625, 1.485006697962846e-24, nan 
-120.125, 88.625, 1.462183158945426e-24, nan 
-119.875, 88.625, 1.4266982160575178e-24, nan 
-119.625, 88.625, 1.4448807334329907e-24, nan 
-119.375, 88.625, 1.3938444349986363e-24, nan 
-119.125, 88.625, 1.404549321937421e-24, nan 
-118.875, 88.625, 1.4539548647454078e-24, nan 
-118.625, 88.625, 1.3017116657536236e-24, nan 
-118.375, 88.625, 1.302550740366531e-24, nan 
-118.125, 88.625, 1.2079847787345179e-24, nan 
-117.875, 88.625, 1.305502396829418e-24, nan 
-117.625, 88.625, 1.28457558791072e-24, nan 
-117.375, 88.625, 1.2577216239993688e-24, nan 
-117.125, 88.625, 1.422611208042235e-24, nan 
-116.875, 88.625, 1.482173152717268e-24, nan 
-116.625, 88.625, 1.9315318124960913e-24, nan 
-116.375, 88.625, 1.911118169091069e-24, nan 
-116.125, 88.625, 1.9380066772112535e-24, nan 
-115.875, 88.625, 1.8373010519627247e-24, nan 
-115.625, 88.625, 1.767677780941411e-24, nan 
-115.375, 88.625, 1.7351072710299502e-24, nan 
-115.125, 88.625, 1.695922630001887e-24, nan 
-114.875, 88.625, 1.7386727715823485e-24, nan 
-114.625, 88.625, 1.752510458289857e-24, nan 
-114.375, 88.625, 1.796138623455351e-24, nan 
-114.125, 88.625, 1.841804940861171e-24, nan 
-113.875, 88.625, 1.8756578450032037e-24, nan 
-113.625, 88.625, 1.8052596835697755e-24, nan 
-113.375, 88.625, 1.740619189185618e-24, nan 
-113.125, 88.625, 1.6953839461475186e-24, nan 
-112.875, 88.625, 1.6001273886386195e-24, nan 
-112.625, 88.625, 1.492380778398769e-24, nan 
-112.375, 88.625, 1.4673444178901393e-24, nan 
-112.125, 88.625, 1.2888412677281322e-24, nan 
-111.875, 88.625, 1.287768622811911e-24, nan 
-111.625, 88.625, 1.2210012745168498e-24, nan 
-111.375, 88.625, 1.3161113107486805e-24, nan 
-111.125, 88.625, 1.2432243159375921e-24, nan 
-110.875, 88.625, 1.188938920674151e-24, nan 
-110.625, 88.625, 1.1656687139403345e-24, nan 
-110.375, 88.625, 1.175742705132342e-24, nan 
-110.125, 88.625, 1.1698310415145652e-24, nan 
-109.875, 88.625, 1.1485526985164292e-24, nan 
-109.625, 88.625, 9.190743394383786e-25, nan 
-109.375, 88.625, 9.133662930708988e-25, nan 
-109.125, 88.625, 9.545026569882187e-25, nan 
-108.875, 88.625, 8.763347350841542e-25, nan 
-108.625, 88.625, 9.51835444030548e-25, nan 
-108.375, 88.625, 9.848918164207756e-25, nan 
-108.125, 88.625, 9.121100875332963e-25, nan 
-107.875, 88.625, 9.360691909156279e-25, nan 
-107.625, 88.625, 8.913119734589237e-25, nan 
-107.375, 88.625, 1.0762509968949175e-24, nan 
-107.125, 88.625, 1.0597554554429172e-24, nan 
-106.875, 88.625, 1.042557980500225e-24, nan 
-106.625, 88.625, 1.050635299203048e-24, nan 
-106.375, 88.625, 1.0989614725465009e-24, nan 
-106.125, 88.625, 1.139346769389056e-24, nan 
-105.875, 88.625, 1.3247950098970097e-24, nan 
-105.625, 88.625, 1.1254676316804742e-24, nan 
-105.375, 88.625, 1.0333568048062722e-24, nan 
-105.125, 88.625, 9.32162465428682e-25, nan 
-104.875, 88.625, 8.31324709522549e-25, nan 
-104.625, 88.625, 8.560466252724316e-25, nan 
-104.375, 88.625, 9.858397182959467e-25, nan 
-104.125, 88.625, 1.037063995007655e-24, nan 
-103.875, 88.625, 8.782573421580116e-25, nan 
-103.625, 88.625, 8.324246075297316e-25, nan 
-103.375, 88.625, 8.59632358567053e-25, nan 
-103.125, 88.625, 8.507598365608352e-25, nan 
-102.875, 88.625, 7.065747144052818e-25, nan 
-102.625, 88.625, 7.118391978551209e-25, nan 
-102.375, 88.625, 8.363098640133084e-25, nan 
-102.125, 88.625, 9.67850879888044e-25, nan 
-101.875, 88.625, 8.437394318423634e-25, nan 
-101.625, 88.625, 9.448245541027304e-25, nan 
-101.375, 88.625, 9.406491177456e-25, nan 
-101.125, 88.625, 1.2013446345393384e-24, nan 
-100.875, 88.625, 1.0541171374469897e-24, nan 
-100.625, 88.625, 9.043610257795351e-25, nan 
-100.375, 88.625, 9.297663095570454e-25, nan 
-100.125, 88.625, 1.0179955768199151e-24, nan 
-99.875, 88.625, 9.848342214809303e-25, nan 
-99.625, 88.625, 1.051021839715589e-24, nan 
-99.375, 88.625, 8.988360590115401e-25, nan 
-99.125, 88.625, 8.402820580835529e-25, nan 
-98.875, 88.625, 9.33697222378122e-25, nan 
-98.625, 88.625, 8.25968699128321e-25, nan 
-98.375, 88.625, 7.694052093557761e-25, nan 
-98.125, 88.625, 9.363368262222203e-25, nan 
-97.875, 88.625, 8.712392812624872e-25, nan 
-97.625, 88.625, 8.728821921126554e-25, nan 
-97.375, 88.625, 7.498640060253588e-25, nan 
-97.125, 88.625, 8.577033655589386e-25, nan 
-96.875, 88.625, 8.009562927395925e-25, nan 
-96.625, 88.625, 7.575129062535923e-25, nan 
-96.375, 88.625, 6.772200826008538e-25, nan 
-96.125, 88.625, 6.964093157534709e-25, nan 
-95.875, 88.625, 7.621812374108264e-25, nan 
-95.625, 88.625, 4.857721394222669e-25, nan 
-95.375, 88.625, 5.179173632225445e-25, nan 
-95.125, 88.625, 5.877948862102893e-25, nan 
-94.875, 88.625, 6.529664677112557e-25, nan 
-94.625, 88.625, 7.092126485894497e-25, nan 
-94.375, 88.625, 6.538628805070607e-25, nan 
-94.125, 88.625, 6.486902632375734e-25, nan 
-93.875, 88.625, 6.571635707548906e-25, nan 
-93.625, 88.625, 6.40665557476513e-25, nan 
-93.375, 88.625, 6.581542952336257e-25, nan 
-93.125, 88.625, 7.370743946404494e-25, nan 
-92.875, 88.625, 7.040363213965449e-25, nan 
-92.625, 88.625, 6.691104039743874e-25, nan 
-92.375, 88.625, 7.1760299896303265e-25, nan 
-92.125, 88.625, 6.855165976069104e-25, nan 
-91.875, 88.625, 6.717488601218226e-25, nan 
-91.625, 88.625, 7.905865851596345e-25, nan 
-91.375, 88.625, 7.554271375712579e-25, nan 
-91.125, 88.625, 7.949770718584189e-25, nan 
-90.875, 88.625, 7.139302490853657e-25, nan 
-90.625, 88.625, 7.3492379513044645e-25, nan 
-90.375, 88.625, 7.5910694011044585e-25, nan 
-90.125, 88.625, 7.021305106383877e-25, nan 
-89.875, 88.625, 5.90091957406496e-25, nan 
-89.625, 88.625, 4.925656728053926e-25, nan 
-89.375, 88.625, 3.557204943465051e-25, nan 
-89.125, 88.625, 4.705461372185523e-25, nan 
-88.875, 88.625, 4.157016083223484e-25, nan 
-88.625, 88.625, 4.154300241742018e-25, nan 
-88.375, 88.625, 5.196917323742492e-25, nan 
-88.125, 88.625, 5.4055010898926195e-25, nan 
-87.875, 88.625, 5.773464708644028e-25, nan 
-87.625, 88.625, 6.104222187562191e-25, nan 
-87.375, 88.625, 6.601437745215642e-25, nan 
-87.125, 88.625, 7.2801421751646465e-25, nan 
-86.875, 88.625, 8.0872370535419835e-25, nan 
-86.625, 88.625, 7.841122086469059e-25, nan 
-86.375, 88.625, 7.064363442784985e-25, nan 
-86.125, 88.625, 7.064105918803817e-25, nan 
-85.875, 88.625, 5.990951532795945e-25, nan 
-85.625, 88.625, 6.982598540386262e-25, nan 
-85.375, 88.625, 8.431325939841282e-25, nan 
-85.125, 88.625, 9.93235138241192e-25, nan 
-84.875, 88.625, 1.0856960205132811e-24, nan 
-84.625, 88.625, 1.115918809437796e-24, nan 
-84.375, 88.625, 1.1495729359342617e-24, nan 
-84.125, 88.625, 1.1486908064767712e-24, nan 
-83.875, 88.625, 1.2340253285805127e-24, nan 
-83.625, 88.625, 1.2268599496517513e-24, nan 
-83.375, 88.625, 1.0820657552147777e-24, nan 
-83.125, 88.625, 1.1822674683089243e-24, nan 
-82.875, 88.625, 1.2012089424610049e-24, nan 
-82.625, 88.625, 1.234469838874233e-24, nan 
-82.375, 88.625, 1.131735779932949e-24, nan 
-82.125, 88.625, 1.0922238769572635e-24, nan 
-81.875, 88.625, 1.0335340585942811e-24, nan 
-81.625, 88.625, 1.0234032954400035e-24, nan 
-81.375, 88.625, 9.963048646127161e-25, nan 
-81.125, 88.625, 1.031579098755281e-24, nan 
-80.875, 88.625, 9.752565768072543e-25, nan 
-80.625, 88.625, 1.3221265538918886e-24, nan 
-80.375, 88.625, 1.3600623630840117e-24, nan 
-80.125, 88.625, 1.293069014830161e-24, nan 
-79.875, 88.625, 1.2961164505708897e-24, nan 
-79.625, 88.625, 1.1214600507098833e-24, nan 
-79.375, 88.625, 1.0710007693920937e-24, nan 
-79.125, 88.625, 1.1568461430967303e-24, nan 
-78.875, 88.625, 1.1648126208992643e-24, nan 
-78.625, 88.625, 1.1944301507616992e-24, nan 
-78.375, 88.625, 1.1132287782083889e-24, nan 
-78.125, 88.625, 1.2057690285427461e-24, nan 
-77.875, 88.625, 1.3634435430779137e-24, nan 
-77.625, 88.625, 1.1100783396024347e-24, nan 
-77.375, 88.625, 1.232647320955663e-24, nan 
-77.125, 88.625, 1.2957744220343495e-24, nan 
-76.875, 88.625, 1.1503558169355293e-24, nan 
-76.625, 88.625, 1.1951695278643205e-24, nan 
-76.375, 88.625, 1.1944591396795131e-24, nan 
-76.125, 88.625, 1.105157516477391e-24, nan 
-75.875, 88.625, 1.069986663492387e-24, nan 
-75.625, 88.625, 1.0050231248116327e-24, nan 
-75.375, 88.625, 1.018913478380717e-24, nan 
-75.125, 88.625, 1.044711227171428e-24, nan 
-74.875, 88.625, 1.228832303080245e-24, nan 
-74.625, 88.625, 1.2127756265640343e-24, nan 
-74.375, 88.625, 1.2579124742534336e-24, nan 
-74.125, 88.625, 1.263485034072317e-24, nan 
-73.875, 88.625, 1.3011161304125953e-24, nan 
-73.625, 88.625, 1.3615386088790779e-24, nan 
-73.375, 88.625, 1.3910826048227884e-24, nan 
-73.125, 88.625, 1.207575705498318e-24, nan 
-72.875, 88.625, 1.2445416088812824e-24, nan 
-72.625, 88.625, 1.2606974492252874e-24, nan 
-72.375, 88.625, 1.3430440200519733e-24, nan 
-72.125, 88.625, 1.2029767836480047e-24, nan 
-71.875, 88.625, 1.1541798688043197e-24, nan 
-71.625, 88.625, 1.1362003429297917e-24, nan 
-71.375, 88.625, 1.1071778657106755e-24, nan 
-71.125, 88.625, 1.1078278169607427e-24, nan 
-70.875, 88.625, 1.0886298364053655e-24, nan 
-70.625, 88.625, 1.0332319488907749e-24, nan 
-70.375, 88.625, 1.2320394287983134e-24, nan 
-70.125, 88.625, 1.3042411465799251e-24, nan 
-69.875, 88.625, 1.3058828290553584e-24, nan 
-69.625, 88.625, 1.3145672260599986e-24, nan 
-69.375, 88.625, 1.236345674322876e-24, nan 
-69.125, 88.625, 1.1391831254885193e-24, nan 
-68.875, 88.625, 1.2104522478086296e-24, nan 
-68.625, 88.625, 1.2254693557961831e-24, nan 
-68.375, 88.625, 1.193384252334972e-24, nan 
-68.125, 88.625, 1.0543678409961122e-24, nan 
-67.875, 88.625, 1.1610043832003839e-24, nan 
-67.625, 88.625, 1.4275779736809824e-24, nan 
-67.375, 88.625, 9.444086692172361e-25, nan 
-67.125, 88.625, 1.0675970622502847e-24, nan 
-66.875, 88.625, 1.1078719771817324e-24, nan 
-66.625, 88.625, 8.42224147508535e-25, nan 
-66.375, 88.625, 7.376178753260098e-25, nan 
-66.125, 88.625, 7.7774029383021465e-25, nan 
-65.875, 88.625, 8.019605868339456e-25, nan 
-65.625, 88.625, 8.2561546618157705e-25, nan 
-65.375, 88.625, 8.764586155583136e-25, nan 
-65.125, 88.625, 7.7398138619692045e-25, nan 
-64.875, 88.625, 6.131517776587055e-25, nan 
-64.625, 88.625, 5.574441422208925e-25, nan 
-64.375, 88.625, 4.506898370257292e-25, nan 
-64.125, 88.625, 4.0274045332252533e-25, nan 
-63.875, 88.625, 3.627382099975003e-25, nan 
-63.625, 88.625, 3.3556645621572847e-25, nan 
-63.375, 88.625, 3.307440237887235e-25, nan 
-63.125, 88.625, 3.4780459759902427e-25, nan 
-62.875, 88.625, 4.473787037809879e-25, nan 
-62.625, 88.625, 5.133773764391568e-25, nan 
-62.375, 88.625, 5.645275975965476e-25, nan 
-62.125, 88.625, 6.243994213230894e-25, nan 
-61.875, 88.625, 8.424436351535195e-25, nan 
-61.625, 88.625, 8.88131684891321e-25, nan 
-61.375, 88.625, 5.132673706480779e-25, nan 
-61.125, 88.625, 5.4896816313833165e-25, nan 
-60.875, 88.625, 5.9155218951993825e-25, nan 
-60.625, 88.625, 6.259180243330771e-25, nan 
-60.375, 88.625, 9.024067488034172e-25, nan 
-60.125, 88.625, 1.305156310226635e-24, nan 
-59.875, 88.625, 1.554765159579282e-24, nan 
-59.625, 88.625, 1.102174847399328e-24, nan 
-59.375, 88.625, 5.572212307388219e-25, nan 
-59.125, 88.625, 4.473097877618592e-25, nan 
-58.875, 88.625, 2.728305763574716e-25, nan 
-58.625, 88.625, 4.98765130453021e-25, nan 
-58.375, 88.625, 3.735349136352221e-25, nan 
-58.125, 88.625, 6.140562612508512e-25, nan 
-57.875, 88.625, 6.986133692394721e-25, nan 
-57.625, 88.625, 6.480395898253871e-25, nan 
-57.375, 88.625, 7.133422805763582e-25, nan 
-57.125, 88.625, 7.883297739006144e-25, nan 
-56.875, 88.625, 7.841848867205329e-25, nan 
-56.625, 88.625, 1.0192324893469585e-24, nan 
-56.375, 88.625, 1.3690719031549466e-24, nan 
-56.125, 88.625, 1.269697408227071e-24, nan 
-55.875, 88.625, 1.3257750673579655e-24, nan 
-55.625, 88.625, 1.7756556987491595e-24, nan 
-55.375, 88.625, 1.3541928535966997e-24, nan 
-55.125, 88.625, 1.15769538711664e-24, nan 
-54.875, 88.625, 1.1108057369359173e-24, nan 
-54.625, 88.625, 9.212974325571352e-25, nan 
-54.375, 88.625, 6.6703274624697185e-25, nan 
-54.125, 88.625, 7.194984001997828e-25, nan 
-53.875, 88.625, 1.0078302485028386e-24, nan 
-53.625, 88.625, 1.0474231902193844e-24, nan 
-53.375, 88.625, 1.304454351952769e-24, nan 
-53.125, 88.625, 1.4904841156090264e-24, nan 
-52.875, 88.625, 1.5946297270681794e-24, nan 
-52.625, 88.625, 1.554852973708736e-24, nan 
-52.375, 88.625, 2.106035736670715e-24, nan 
-52.125, 88.625, 2.554260951146795e-24, nan 
-51.875, 88.625, 2.693695933594016e-24, nan 
-51.625, 88.625, 2.238874568157936e-24, nan 
-51.375, 88.625, 2.0107076662558944e-24, nan 
-51.125, 88.625, 1.8418638071671422e-24, nan 
-50.875, 88.625, 1.6735575742862817e-24, nan 
-50.625, 88.625, 1.5386181061925994e-24, nan 
-50.375, 88.625, 1.8555604388047253e-24, nan 
-50.125, 88.625, 7.484972711105418e-25, nan 
-49.875, 88.625, 1.3124939376039963e-24, nan 
-49.625, 88.625, 1.3511268782663191e-24, nan 
-49.375, 88.625, 1.2409727840906658e-24, nan 
-49.125, 88.625, 1.3431920984614983e-24, nan 
-48.875, 88.625, 1.1027195838807088e-24, nan 
-48.625, 88.625, 1.2805249587272308e-24, nan 
-48.375, 88.625, 1.0158400784251348e-24, nan 
-48.125, 88.625, 1.110735110984855e-24, nan 
-47.875, 88.625, 1.0628735212845325e-24, nan 
-47.625, 88.625, 1.0477376850271818e-24, nan 
-47.375, 88.625, 1.0439261306993271e-24, nan 
-47.125, 88.625, 1.0516914493713993e-24, nan 
-46.875, 88.625, 1.0727527818000377e-24, nan 
-46.625, 88.625, 1.1153952631391522e-24, nan 
-46.375, 88.625, 1.5076597479569136e-24, nan 
-46.125, 88.625, 2.1472708701144707e-24, nan 
-45.875, 88.625, 1.7970789411524237e-24, nan 
-45.625, 88.625, 1.936848572224061e-24, nan 
-45.375, 88.625, 2.888887949351207e-24, nan 
-45.125, 88.625, 1.924985129344954e-24, nan 
-44.875, 88.625, 1.7374227546125272e-24, nan 
-44.625, 88.625, 1.7666712292250835e-24, nan 
-44.375, 88.625, 1.7557100346745987e-24, nan 
-44.125, 88.625, 2.17465990072579e-24, nan 
-43.875, 88.625, 2.2842396510808904e-24, nan 
-43.625, 88.625, 1.6138849334841824e-24, nan 
-43.375, 88.625, 2.3023479309571165e-24, nan 
-43.125, 88.625, 2.1620718523419062e-24, nan 
-42.875, 88.625, 1.861810401005156e-24, nan 
-42.625, 88.625, 2.0930438824329473e-24, nan 
-42.375, 88.625, 1.9923599403431347e-24, nan 
-42.125, 88.625, 2.0599860496414615e-24, nan 
-41.875, 88.625, 1.8664372520427066e-24, nan 
-41.625, 88.625, 2.0613528238323082e-24, nan 
-41.375, 88.625, 1.9484123618413215e-24, nan 
-41.125, 88.625, 2.0043301414585495e-24, nan 
-40.875, 88.625, 2.0310153113198323e-24, nan 
-40.625, 88.625, 2.040240330102796e-24, nan 
-40.375, 88.625, 2.1988201123550176e-24, nan 
-40.125, 88.625, 2.089579302309362e-24, nan 
-39.875, 88.625, 2.1694583737584248e-24, nan 
-39.625, 88.625, 2.2229313684444087e-24, nan 
-39.375, 88.625, 2.2623477054155044e-24, nan 
-39.125, 88.625, 2.2424241006300916e-24, nan 
-38.875, 88.625, 2.3079365576312003e-24, nan 
-38.625, 88.625, 2.2910309867860915e-24, nan 
-38.375, 88.625, 2.2346103641837783e-24, nan 
-38.125, 88.625, 2.308298656302323e-24, nan 
-37.875, 88.625, 2.2084421046635237e-24, nan 
-37.625, 88.625, 2.1113923132890998e-24, nan 
-37.375, 88.625, 2.0673313040861305e-24, nan 
-37.125, 88.625, 2.074002588127885e-24, nan 
-36.875, 88.625, 1.702959701922347e-24, nan 
-36.625, 88.625, 1.7674183263360993e-24, nan 
-36.375, 88.625, 1.3816228036765046e-24, nan 
-36.125, 88.625, 1.198849772952777e-24, nan 
-35.875, 88.625, 1.146035312416355e-24, nan 
-35.625, 88.625, 1.4842930589179557e-24, nan 
-35.375, 88.625, 2.039442929036043e-24, nan 
-35.125, 88.625, 2.743468773573237e-24, nan 
-34.875, 88.625, 3.3105033672206456e-24, nan 
-34.625, 88.625, 3.640053283269384e-24, nan 
-34.375, 88.625, 3.556002217209436e-24, nan 
-34.125, 88.625, 2.8472784031979435e-24, nan 
-33.875, 88.625, 2.7452826724891673e-24, nan 
-33.625, 88.625, 2.7066237112447953e-24, nan 
-33.375, 88.625, 2.094525193065561e-24, nan 
-33.125, 88.625, 2.293927452019865e-24, nan 
-32.875, 88.625, 2.51000853449628e-24, nan 
-32.625, 88.625, 1.952511856771051e-24, nan 
-32.375, 88.625, 2.4644035075724726e-24, nan 
-32.125, 88.625, 1.9521031634025795e-24, nan 
-31.875, 88.625, 1.5209231199422861e-24, nan 
-31.625, 88.625, 1.874609567047292e-24, nan 
-31.375, 88.625, 1.6122875181475418e-24, nan 
-31.125, 88.625, 1.2568027610524404e-24, nan 
-30.875, 88.625, 1.2868264135098849e-24, nan 
-30.625, 88.625, 1.2725781005672735e-24, nan 
-30.375, 88.625, 1.2149536010164926e-24, nan 
-30.125, 88.625, 1.3440963421888103e-24, nan 
-29.875, 88.625, 1.1118224240878057e-24, nan 
-29.625, 88.625, 1.262418806154039e-24, nan 
-29.375, 88.625, 1.2790631046486987e-24, nan 
-29.125, 88.625, 1.3448371622606993e-24, nan 
-28.875, 88.625, 1.203236107331075e-24, nan 
-28.625, 88.625, 1.3113264675184708e-24, nan 
-28.375, 88.625, 1.1790181289543178e-24, nan 
-28.125, 88.625, 1.115794679408052e-24, nan 
-27.875, 88.625, 1.5011867108713229e-24, nan 
-27.625, 88.625, 1.2348753439796159e-24, nan 
-27.375, 88.625, 1.3494099225270207e-24, nan 
-27.125, 88.625, 1.5253395904440506e-24, nan 
-26.875, 88.625, 1.530709036356601e-24, nan 
-26.625, 88.625, 1.0718103396311462e-24, nan 
-26.375, 88.625, 9.545451114991476e-25, nan 
-26.125, 88.625, 8.282911103045431e-25, nan 
-25.875, 88.625, 7.339030898800532e-25, nan 
-25.625, 88.625, 6.964778054445099e-25, nan 
-25.375, 88.625, 7.236799448926893e-25, nan 
-25.125, 88.625, 7.1327942473716835e-25, nan 
-24.875, 88.625, 6.797627619754417e-25, nan 
-24.625, 88.625, 6.679818752442456e-25, nan 
-24.375, 88.625, 6.40259821368815e-25, nan 
-24.125, 88.625, 6.908917331836119e-25, nan 
-23.875, 88.625, 7.618500274133805e-25, nan 
-23.625, 88.625, 5.873749546331358e-25, nan 
-23.375, 88.625, 1.0959827219367345e-24, nan 
-23.125, 88.625, 1.247194462424929e-24, nan 
-22.875, 88.625, 8.846282718720395e-25, nan 
-22.625, 88.625, 8.702323319952291e-25, nan 
-22.375, 88.625, 7.07757879245312e-25, nan 
-22.125, 88.625, 1.0777725378673948e-24, nan 
-21.875, 88.625, 4.143679900165909e-25, nan 
-21.625, 88.625, 7.202498752189154e-25, nan 
-21.375, 88.625, 8.516897677063627e-25, nan 
-21.125, 88.625, 8.036284385446916e-25, nan 
-20.875, 88.625, 8.049006322161697e-25, nan 
-20.625, 88.625, 4.764057416364881e-25, nan 
-20.375, 88.625, 3.341176647776524e-25, nan 
-20.125, 88.625, 3.129883649251673e-25, nan 
-19.875, 88.625, 5.817278710372603e-25, nan 
-19.625, 88.625, 6.177242376574259e-25, nan 
-19.375, 88.625, 3.3222894230627e-25, nan 
-19.125, 88.625, 4.389776297639577e-25, nan 
-18.875, 88.625, 7.21409049209876e-25, nan 
-18.625, 88.625, 9.583436896258986e-25, nan 
-18.375, 88.625, 9.36108619872043e-25, nan 
-18.125, 88.625, 5.53379429256181e-25, nan 
-17.875, 88.625, 4.055973852041684e-25, nan 
-17.625, 88.625, 4.625082204617384e-25, nan 
-17.375, 88.625, 4.003984353025532e-25, nan 
-17.125, 88.625, 7.017362656917125e-25, nan 
-16.875, 88.625, 5.892744733220587e-25, nan 
-16.625, 88.625, 6.775205116307306e-25, nan 
-16.375, 88.625, 2.7650915057101447e-25, nan 
-16.125, 88.625, 5.43153814438673e-25, nan 
-15.875, 88.625, 5.095932983573365e-25, nan 
-15.625, 88.625, 4.872305396586388e-25, nan 
-15.375, 88.625, 7.1242789768030865e-25, nan 
-15.125, 88.625, 5.081057126833602e-25, nan 
-14.875, 88.625, 4.79676969839827e-25, nan 
-14.625, 88.625, 4.825614444328705e-25, nan 
-14.375, 88.625, 4.2002140187912025e-25, nan 
-14.125, 88.625, 4.681020640641348e-25, nan 
-13.875, 88.625, 4.243461805988509e-25, nan 
-13.625, 88.625, 4.0112722164730595e-25, nan 
-13.375, 88.625, 3.226389416993244e-25, nan 
-13.125, 88.625, 5.943553857875779e-25, nan 
-12.875, 88.625, 7.004226619368994e-25, nan 
-12.625, 88.625, 5.992301832120464e-25, nan 
-12.375, 88.625, 6.627297382004366e-25, nan 
-12.125, 88.625, 4.571966586965611e-25, nan 
-11.875, 88.625, 6.2319499974794e-25, nan 
-11.625, 88.625, 6.207131980677104e-25, nan 
-11.375, 88.625, 6.270679083047696e-25, nan 
-11.125, 88.625, 5.100274176947696e-25, nan 
-10.875, 88.625, 6.824442609302918e-25, nan 
-10.625, 88.625, 7.150564168391756e-25, nan 
-10.375, 88.625, 5.5901113329422045e-25, nan 
-10.125, 88.625, 6.587554008456589e-25, nan 
-9.875, 88.625, 6.980875701859166e-25, nan 
-9.625, 88.625, 8.012007371343507e-25, nan 
-9.375, 88.625, 8.141981375800388e-25, nan 
-9.125, 88.625, 7.661847832422664e-25, nan 
-8.875, 88.625, 7.042824105700291e-25, nan 
-8.625, 88.625, 7.140119629871392e-25, nan 
-8.375, 88.625, 7.365448082924113e-25, nan 
-8.125, 88.625, 6.924179541355805e-25, nan 
-7.875, 88.625, 5.592163525658752e-25, nan 
-7.625, 88.625, 6.922747942582908e-25, nan 
-7.375, 88.625, 7.894733449078361e-25, nan 
-7.125, 88.625, 9.44243602132086e-25, nan 
-6.875, 88.625, 1.1562955393202333e-24, nan 
-6.625, 88.625, 1.2503641140833694e-24, nan 
-6.375, 88.625, 1.3864011437996167e-24, nan 
-6.125, 88.625, 1.4335355874384724e-24, nan 
-5.875, 88.625, 1.0385723273611662e-24, nan 
-5.625, 88.625, 4.187999182587799e-25, nan 
-5.375, 88.625, 3.550071311543078e-25, nan 
-5.125, 88.625, 3.799663217538385e-25, nan 
-4.875, 88.625, 3.9180947730862053e-25, nan 
-4.625, 88.625, 3.595722112082077e-25, nan 
-4.375, 88.625, 3.5695065176077363e-25, nan 
-4.125, 88.625, 5.202857773573145e-25, nan 
-3.875, 88.625, 4.138572509184865e-25, nan 
-3.625, 88.625, 6.23617738022269e-25, nan 
-3.375, 88.625, 5.424551345430663e-25, nan 
-3.125, 88.625, 5.355825809300067e-25, nan 
-2.875, 88.625, 5.777617939890326e-25, nan 
-2.625, 88.625, 5.095166193774309e-25, nan 
-2.375, 88.625, 3.9975789366530563e-25, nan 
-2.125, 88.625, 4.984057662977536e-25, nan 
-1.875, 88.625, 3.754973613211134e-25, nan 
-1.625, 88.625, 5.903499494805966e-25, nan 
-1.375, 88.625, 3.733966768880445e-25, nan 
-1.125, 88.625, 6.803240840720592e-25, nan 
-0.875, 88.625, 5.845029963564395e-25, nan 
-0.625, 88.625, 5.244996031843285e-25, nan 
-0.375, 88.625, 5.44154331816771e-25, nan 
-0.125, 88.625, 5.269439574705903e-25, nan 
0.125, 88.625, 6.8980727178002825e-25, nan 
0.375, 88.625, 5.091268912253751e-25, nan 
0.625, 88.625, 5.596559278326382e-25, nan 
0.875, 88.625, 6.040032483715308e-25, nan 
1.125, 88.625, 5.372176885020162e-25, nan 
1.375, 88.625, 6.26260103029794e-25, nan 
1.625, 88.625, 5.615217285466965e-25, nan 
1.875, 88.625, 5.771679061045322e-25, nan 
2.125, 88.625, 6.578041135422901e-25, nan 
2.375, 88.625, 6.378663761936006e-25, nan 
2.625, 88.625, 7.010939936032223e-25, nan 
2.875, 88.625, 8.023149968416445e-25, nan 
3.125, 88.625, 8.347321850219178e-25, nan 
3.375, 88.625, 7.978993895025122e-25, nan 
3.625, 88.625, 7.520594780860425e-25, nan 
3.875, 88.625, 4.680368824539539e-25, nan 
4.125, 88.625, 2.996832384858365e-25, nan 
4.375, 88.625, 3.3994258018263355e-25, nan 
4.625, 88.625, 3.6723246367263085e-25, nan 
4.875, 88.625, 3.208237717392115e-25, nan 
5.125, 88.625, 8.1310406703151935e-25, nan 
5.375, 88.625, 3.3884131073569897e-25, nan 
5.625, 88.625, 6.242694365633434e-25, nan 
5.875, 88.625, 3.9883091447679372e-25, nan 
6.125, 88.625, 8.583382538363246e-25, nan 
6.375, 88.625, 8.1531732220021195e-25, nan 
6.625, 88.625, 1.2626526972667512e-24, nan 
6.875, 88.625, 5.318010065436404e-25, nan 
7.125, 88.625, 4.017319718357364e-25, nan 
7.375, 88.625, 4.943879401590379e-25, nan 
7.625, 88.625, 3.8054194801908494e-25, nan 
7.875, 88.625, 4.3759047450603955e-25, nan 
8.125, 88.625, 5.684376697602888e-25, nan 
8.375, 88.625, 5.691610514360903e-25, nan 
8.625, 88.625, 6.504955460077306e-25, nan 
8.875, 88.625, 5.886568998760811e-25, nan 
9.125, 88.625, 7.008645190552573e-25, nan 
9.375, 88.625, 5.247943598882769e-25, nan 
9.625, 88.625, 6.723726021413856e-25, nan 
9.875, 88.625, 8.587342104896078e-25, nan 
10.125, 88.625, 1.0346045368237321e-24, nan 
10.375, 88.625, 1.0265515864702205e-24, nan 
10.625, 88.625, 1.0168958041215247e-24, nan 
10.875, 88.625, 1.039538541266421e-24, nan 
11.125, 88.625, 1.0211162080029393e-24, nan 
11.375, 88.625, 9.443848899764935e-25, nan 
11.625, 88.625, 1.2728938559330616e-24, nan 
11.875, 88.625, 1.2133197491264574e-24, nan 
12.125, 88.625, 1.31891693455868e-24, nan 
12.375, 88.625, 1.4468967628320521e-24, nan 
12.625, 88.625, 1.9350346194222872e-24, nan 
12.875, 88.625, 1.4150117979985391e-24, nan 
13.125, 88.625, 1.6339833085034733e-24, nan 
13.375, 88.625, 1.8991603399434852e-24, nan 
13.625, 88.625, 1.9220037269591905e-24, nan 
13.875, 88.625, 1.8999730495481604e-24, nan 
14.125, 88.625, 1.7029447314612343e-24, nan 
14.375, 88.625, 1.1234007051611821e-24, nan 
14.625, 88.625, 1.3405409986623926e-24, nan 
14.875, 88.625, 1.2873513886763275e-24, nan 
15.125, 88.625, 1.4870817106253405e-24, nan 
15.375, 88.625, 1.5904692688920232e-24, nan 
15.625, 88.625, 1.4902600264611441e-24, nan 
15.875, 88.625, 1.3733968582283281e-24, nan 
16.125, 88.625, 1.1418873741531094e-24, nan 
16.375, 88.625, 1.7066361960602785e-24, nan 
16.625, 88.625, 1.3732522827751812e-24, nan 
16.875, 88.625, 1.001142822634039e-24, nan 
17.125, 88.625, 7.218334979463989e-25, nan 
17.375, 88.625, 1.2011918863214848e-24, nan 
17.625, 88.625, 1.1737291600224065e-24, nan 
17.875, 88.625, 1.2864708545692271e-24, nan 
18.125, 88.625, 1.3849668062616724e-24, nan 
18.375, 88.625, 1.3703737269483392e-24, nan 
18.625, 88.625, 1.3835079277944639e-24, nan 
18.875, 88.625, 1.351707869112258e-24, nan 
19.125, 88.625, 1.3071710951692788e-24, nan 
19.375, 88.625, 1.3406483812297148e-24, nan 
19.625, 88.625, 1.2076752227257311e-24, nan 
19.875, 88.625, 1.1845361738034455e-24, nan 
20.125, 88.625, 1.1817519774731964e-24, nan 
20.375, 88.625, 1.4414795419149285e-24, nan 
20.625, 88.625, 1.4579869702152894e-24, nan 
20.875, 88.625, 1.591529883769712e-24, nan 
21.125, 88.625, 1.7681900297314497e-24, nan 
21.375, 88.625, 1.904658781117036e-24, nan 
21.625, 88.625, 1.8559856087530553e-24, nan 
21.875, 88.625, 2.3506938465595404e-24, nan 
22.125, 88.625, 2.3095646734553295e-24, nan 
22.375, 88.625, 2.3604919704802945e-24, nan 
22.625, 88.625, 2.5341624236509698e-24, nan 
22.875, 88.625, 3.487166409119016e-24, nan 
23.125, 88.625, 2.4235577991735606e-24, nan 
23.375, 88.625, 2.8825246426852936e-24, nan 
23.625, 88.625, 3.331838826946073e-24, nan 
23.875, 88.625, 3.8752389696396275e-24, nan 
24.125, 88.625, 3.932528422892752e-24, nan 
24.375, 88.625, 3.4462431888878885e-24, nan 
24.625, 88.625, 1.3303046926443174e-24, nan 
24.875, 88.625, 2.4474036069694734e-24, nan 
25.125, 88.625, 2.1075878004476456e-24, nan 
25.375, 88.625, 2.748232253429418e-24, nan 
25.625, 88.625, 3.0397530679370353e-24, nan 
25.875, 88.625, 2.4534548744615447e-24, nan 
26.125, 88.625, 2.3313470087220693e-24, nan 
26.375, 88.625, 2.1448844471145547e-24, nan 
26.625, 88.625, 2.583108774748818e-24, nan 
26.875, 88.625, 2.5324485771096722e-24, nan 
27.125, 88.625, 1.3476734067935388e-24, nan 
27.375, 88.625, 8.568099879419978e-25, nan 
27.625, 88.625, 9.889589707174738e-25, nan 
27.875, 88.625, 1.3596797869783881e-24, nan 
28.125, 88.625, 9.513658985781162e-25, nan 
28.375, 88.625, 1.4474360912495754e-24, nan 
28.625, 88.625, 1.103801856895503e-24, nan 
28.875, 88.625, 1.0316840363624119e-24, nan 
29.125, 88.625, 9.10376986822918e-25, nan 
29.375, 88.625, 1.2256276074979355e-24, nan 
29.625, 88.625, 1.1106799401283293e-24, nan 
29.875, 88.625, 1.0853144856964035e-24, nan 
30.125, 88.625, 1.3299867451502063e-24, nan 
30.375, 88.625, 1.747247921506776e-24, nan 
30.625, 88.625, 2.272269302453057e-24, nan 
30.875, 88.625, 2.6519625799743735e-24, nan 
31.125, 88.625, 3.064937475729826e-24, nan 
31.375, 88.625, 3.538973026684165e-24, nan 
31.625, 88.625, 3.892227689973347e-24, nan 
31.875, 88.625, 4.095841387508988e-24, nan 
32.125, 88.625, 4.3131086122396536e-24, nan 
32.375, 88.625, 4.3697708563432624e-24, nan 
32.625, 88.625, 3.880697583484591e-24, nan 
32.875, 88.625, 3.520324559486723e-24, nan 
33.125, 88.625, 3.162462417894837e-24, nan 
33.375, 88.625, 2.687366153971714e-24, nan 
33.625, 88.625, 2.4771794815936367e-24, nan 
33.875, 88.625, 3.8228528042467136e-24, nan 
34.125, 88.625, 2.200193106641938e-24, nan 
34.375, 88.625, 2.1891852368183586e-24, nan 
34.625, 88.625, 2.0472818972457755e-24, nan 
34.875, 88.625, 1.2397935350114027e-24, nan 
35.125, 88.625, 1.609750737881579e-24, nan 
35.375, 88.625, 1.4781382842073353e-24, nan 
35.625, 88.625, 1.713399047610874e-24, nan 
35.875, 88.625, 1.7909328863635065e-24, nan 
36.125, 88.625, 3.992594615543406e-24, nan 
36.375, 88.625, 1.5423111973826258e-24, nan 
36.625, 88.625, 1.7622564770421764e-24, nan 
36.875, 88.625, 1.724135371262565e-24, nan 
37.125, 88.625, 1.6224462071301696e-24, nan 
37.375, 88.625, 2.807994533123483e-24, nan 
37.625, 88.625, 1.514083563256159e-24, nan 
37.875, 88.625, 1.7001102405200104e-24, nan 
38.125, 88.625, 1.5646338877265777e-24, nan 
38.375, 88.625, 1.500440644114121e-24, nan 
38.625, 88.625, 2.498424722516965e-24, nan 
38.875, 88.625, 1.0391221653683587e-24, nan 
39.125, 88.625, 1.0901153527985446e-24, nan 
39.375, 88.625, 9.094858865873082e-25, nan 
39.625, 88.625, 2.260736161556714e-24, nan 
39.875, 88.625, 1.259644987184572e-24, nan 
40.125, 88.625, 9.887025725247755e-25, nan 
40.375, 88.625, 1.2199059388094262e-24, nan 
40.625, 88.625, 1.4536776020819396e-24, nan 
40.875, 88.625, 1.830017282909991e-24, nan 
41.125, 88.625, 2.0762796367972657e-24, nan 
41.375, 88.625, 2.4241088761379084e-24, nan 
41.625, 88.625, 2.888824748929019e-24, nan 
41.875, 88.625, 3.224993591495742e-24, nan 
42.125, 88.625, 3.4679408169827985e-24, nan 
42.375, 88.625, 3.630486388599838e-24, nan 
42.625, 88.625, 3.565379358981232e-24, nan 
42.875, 88.625, 3.2542234220147066e-24, nan 
43.125, 88.625, 3.0172064348524944e-24, nan 
43.375, 88.625, 2.6391949015090247e-24, nan 
43.625, 88.625, 2.4291464729921483e-24, nan 
43.875, 88.625, 2.194479820394304e-24, nan 
44.125, 88.625, 2.7412220474162293e-24, nan 
44.375, 88.625, 1.2155762523755753e-24, nan 
44.625, 88.625, 8.575705816096953e-25, nan 
44.875, 88.625, 8.811439525477971e-25, nan 
45.125, 88.625, 7.437003990797614e-25, nan 
45.375, 88.625, 1.3735080058679867e-24, nan 
45.625, 88.625, 1.3131181711986995e-24, nan 
45.875, 88.625, 1.3341420160310928e-24, nan 
46.125, 88.625, 2.2788518645097765e-24, nan 
46.375, 88.625, 3.3708168145144704e-24, nan 
46.625, 88.625, 2.410691603545493e-24, nan 
46.875, 88.625, 2.3536740439651075e-24, nan 
47.125, 88.625, 2.4872092903040105e-24, nan 
47.375, 88.625, 2.532392770858476e-24, nan 
47.625, 88.625, 2.9923344533477907e-24, nan 
47.875, 88.625, 2.5731278800375397e-24, nan 
48.125, 88.625, 2.58342167273754e-24, nan 
48.375, 88.625, 2.5664163226044995e-24, nan 
48.625, 88.625, 2.375585445241446e-24, nan 
48.875, 88.625, 2.7127331100075822e-24, nan 
49.125, 88.625, 2.214531152695718e-24, nan 
49.375, 88.625, 2.17753926747484e-24, nan 
49.625, 88.625, 2.1889671804193618e-24, nan 
49.875, 88.625, 2.5051184213369845e-24, nan 
50.125, 88.625, 2.0230310518514784e-24, nan 
50.375, 88.625, 6.233636391230521e-25, nan 
50.625, 88.625, 6.895082233976309e-25, nan 
50.875, 88.625, 5.84538151408725e-25, nan 
51.125, 88.625, 2.275064798466451e-24, nan 
51.375, 88.625, 2.2107393674059857e-24, nan 
51.625, 88.625, 1.7843393020701198e-24, nan 
51.875, 88.625, 5.994497439391891e-25, nan 
52.125, 88.625, 4.535912998744355e-25, nan 
52.375, 88.625, 5.1789907975802065e-25, nan 
52.625, 88.625, 4.38977959467503e-25, nan 
52.875, 88.625, 3.991094521644972e-25, nan 
53.125, 88.625, 3.8366565542656596e-25, nan 
53.375, 88.625, 3.696517964169807e-25, nan 
53.625, 88.625, 3.6276981993464195e-25, nan 
53.875, 88.625, 3.752162422730454e-25, nan 
54.125, 88.625, 3.598889619417489e-25, nan 
54.375, 88.625, 3.877577704348546e-25, nan 
54.625, 88.625, 3.7947615585731624e-25, nan 
54.875, 88.625, 4.0406105173565146e-25, nan 
55.125, 88.625, 4.4080332287125495e-25, nan 
55.375, 88.625, 4.206990355208567e-25, nan 
55.625, 88.625, 3.8615337228865525e-25, nan 
55.875, 88.625, 3.910797435719313e-25, nan 
56.125, 88.625, 4.167957485844563e-25, nan 
56.375, 88.625, 4.206340593427529e-25, nan 
56.625, 88.625, 4.170065436079089e-25, nan 
56.875, 88.625, 4.698395177172639e-25, nan 
57.125, 88.625, 4.75411124278997e-25, nan 
57.375, 88.625, 5.141919283411967e-25, nan 
57.625, 88.625, 5.13475894213188e-25, nan 
57.875, 88.625, 5.109797085579598e-25, nan 
58.125, 88.625, 5.270648262119349e-25, nan 
58.375, 88.625, 5.2608183514886925e-25, nan 
58.625, 88.625, 5.241825253012734e-25, nan 
58.875, 88.625, 4.998717614144267e-25, nan 
59.125, 88.625, 5.028649613416759e-25, nan 
59.375, 88.625, 4.943673025868591e-25, nan 
59.625, 88.625, 4.871178873864412e-25, nan 
59.875, 88.625, 3.9750879871939857e-25, nan 
60.125, 88.625, 3.3224890377631347e-25, nan 
60.375, 88.625, 3.3990440947426342e-25, nan 
60.625, 88.625, 4.1098708562306503e-25, nan 
60.875, 88.625, 7.011766504883867e-25, nan 
61.125, 88.625, 4.334223869332534e-25, nan 
61.375, 88.625, 4.0327390843856725e-25, nan 
61.625, 88.625, 4.245601394919844e-25, nan 
61.875, 88.625, 4.211685835760747e-25, nan 
62.125, 88.625, 3.534823150281238e-25, nan 
62.375, 88.625, 3.353525782323235e-25, nan 
62.625, 88.625, 3.3458635505894117e-25, nan 
62.875, 88.625, 3.104593574020223e-25, nan 
63.125, 88.625, 2.8688829046191246e-25, nan 
63.375, 88.625, 3.1677689134503283e-25, nan 
63.625, 88.625, 3.1290675697016643e-25, nan 
63.875, 88.625, 3.0259305262468147e-25, nan 
64.125, 88.625, 3.049627398616855e-25, nan 
64.375, 88.625, 2.9676535412952862e-25, nan 
64.625, 88.625, 3.4237767590240353e-25, nan 
64.875, 88.625, 2.939336749424097e-25, nan 
65.125, 88.625, 3.553403641243407e-25, nan 
65.375, 88.625, 4.103909856546807e-25, nan 
65.625, 88.625, 3.277627792684232e-25, nan 
65.875, 88.625, 3.2107097791435275e-25, nan 
66.125, 88.625, 3.039135516833137e-25, nan 
66.375, 88.625, 2.686011736132857e-25, nan 
66.625, 88.625, 2.0966522587244866e-25, nan 
66.875, 88.625, 2.401975022379046e-25, nan 
67.125, 88.625, 2.4268148365718793e-25, nan 
67.375, 88.625, 2.0739480802984937e-25, nan 
67.625, 88.625, 1.9520089662082195e-25, nan 
67.875, 88.625, 2.301668520692349e-25, nan 
68.125, 88.625, 2.4075319396626757e-25, nan 
68.375, 88.625, 2.4034881740090053e-25, nan 
68.625, 88.625, 2.265892088401904e-25, nan 
68.875, 88.625, 2.0048433684674347e-25, nan 
69.125, 88.625, 2.5699121112501707e-25, nan 
69.375, 88.625, 2.4283489537890273e-25, nan 
69.625, 88.625, 3.1593575787738325e-25, nan 
69.875, 88.625, 3.0907956878946074e-25, nan 
70.125, 88.625, 2.751122413969582e-25, nan 
70.375, 88.625, 3.0042773789637795e-25, nan 
70.625, 88.625, 3.237015573907908e-25, nan 
70.875, 88.625, 2.8369129081156116e-25, nan 
71.125, 88.625, 3.1854803342462884e-25, nan 
71.375, 88.625, 3.2036672010583116e-25, nan 
71.625, 88.625, 2.5151636795542524e-25, nan 
71.875, 88.625, 3.5838874740392284e-25, nan 
72.125, 88.625, 4.663091461973778e-25, nan 
72.375, 88.625, 4.605147825696892e-25, nan 
72.625, 88.625, 4.8622347417983785e-25, nan 
72.875, 88.625, 3.734045520834337e-25, nan 
73.125, 88.625, 3.612722832791922e-25, nan 
73.375, 88.625, 3.6133235796316835e-25, nan 
73.625, 88.625, 3.6361478916762473e-25, nan 
73.875, 88.625, 3.399687092460238e-25, nan 
74.125, 88.625, 3.54013611737327e-25, nan 
74.375, 88.625, 3.8800997889170307e-25, nan 
74.625, 88.625, 3.7728907251586277e-25, nan 
74.875, 88.625, 3.8746202124029693e-25, nan 
75.125, 88.625, 3.892660042841863e-25, nan 
75.375, 88.625, 3.920131517239003e-25, nan 
75.625, 88.625, 4.041056257555955e-25, nan 
75.875, 88.625, 4.304856040879622e-25, nan 
76.125, 88.625, 4.7081521293856045e-25, nan 
76.375, 88.625, 4.562808189090659e-25, nan 
76.625, 88.625, 5.140532928437799e-25, nan 
76.875, 88.625, 4.521076399865393e-25, nan 
77.125, 88.625, 4.663413231093796e-25, nan 
77.375, 88.625, 4.259951335204874e-25, nan 
77.625, 88.625, 4.372119148502872e-25, nan 
77.875, 88.625, 4.784857348032936e-25, nan 
78.125, 88.625, 4.81582637075777e-25, nan 
78.375, 88.625, 5.00041269981051e-25, nan 
78.625, 88.625, 5.372445349008162e-25, nan 
78.875, 88.625, 5.460077507105251e-25, nan 
79.125, 88.625, 5.75682366557838e-25, nan 
79.375, 88.625, 5.885133732290727e-25, nan 
79.625, 88.625, 5.903088446108469e-25, nan 
79.875, 88.625, 6.675675816583859e-25, nan 
80.125, 88.625, 6.5966062710103425e-25, nan 
80.375, 88.625, 6.706838437828917e-25, nan 
80.625, 88.625, 6.412937592552779e-25, nan 
80.875, 88.625, 6.057513588336561e-25, nan 
81.125, 88.625, 4.846057096675333e-25, nan 
81.375, 88.625, 4.182633966403361e-25, nan 
81.625, 88.625, 3.0721483450678037e-25, nan 
81.875, 88.625, 2.3727272560593035e-25, nan 
82.125, 88.625, 3.286087891393412e-25, nan 
82.375, 88.625, 1.043304957367672e-24, nan 
82.625, 88.625, 6.122180898953176e-25, nan 
82.875, 88.625, 3.9675305208208654e-25, nan 
83.125, 88.625, 3.287912900423646e-25, nan 
83.375, 88.625, 6.43665384591877e-25, nan 
83.625, 88.625, 4.684293910161142e-25, nan 
83.875, 88.625, 3.8359453533508525e-25, nan 
84.125, 88.625, 4.004497452903413e-25, nan 
84.375, 88.625, 4.033030481698628e-25, nan 
84.625, 88.625, 4.241391617807878e-25, nan 
84.875, 88.625, 4.1014328812250994e-25, nan 
85.125, 88.625, 4.405512668007703e-25, nan 
85.375, 88.625, 4.290156813312664e-25, nan 
85.625, 88.625, 3.854630363690497e-25, nan 
85.875, 88.625, 3.6535488690537116e-25, nan 
86.125, 88.625, 2.7847864099935866e-25, nan 
86.375, 88.625, 1.8299290339884473e-25, nan 
86.625, 88.625, 4.815794159177292e-25, nan 
86.875, 88.625, 4.731119936110469e-25, nan 
87.125, 88.625, 4.479391301778681e-25, nan 
87.375, 88.625, 5.218090143529054e-25, nan 
87.625, 88.625, 4.638903406323298e-25, nan 
87.875, 88.625, 5.04027977198574e-25, nan 
88.125, 88.625, 4.93533288085275e-25, nan 
88.375, 88.625, 4.612743817201283e-25, nan 
88.625, 88.625, 5.482463479401258e-25, nan 
88.875, 88.625, 4.883935170914036e-25, nan 
89.125, 88.625, 4.541183834060414e-25, nan 
89.375, 88.625, 4.8050008025639395e-25, nan 
89.625, 88.625, 5.289973526881962e-25, nan 
89.875, 88.625, 6.107840221041216e-25, nan 
90.125, 88.625, 5.734759314565716e-25, nan 
90.375, 88.625, 6.529143652587518e-25, nan 
90.625, 88.625, 6.895218470662109e-25, nan 
90.875, 88.625, 6.964962571085426e-25, nan 
91.125, 88.625, 7.3435529043918815e-25, nan 
91.375, 88.625, 6.446349428854511e-25, nan 
91.625, 88.625, 6.94369483930151e-25, nan 
91.875, 88.625, 7.587640037147885e-25, nan 
92.125, 88.625, 6.398726982188334e-25, nan 
92.375, 88.625, 5.79661851861872e-25, nan 
92.625, 88.625, 4.949182251036577e-25, nan 
92.875, 88.625, 5.381351386744778e-25, nan 
93.125, 88.625, 6.379807496752013e-25, nan 
93.375, 88.625, 6.5917594356804205e-25, nan 
93.625, 88.625, 6.89041732159373e-25, nan 
93.875, 88.625, 7.197523911716192e-25, nan 
94.125, 88.625, 7.279571874589384e-25, nan 
94.375, 88.625, 7.541695412061593e-25, nan 
94.625, 88.625, 7.5681694742237165e-25, nan 
94.875, 88.625, 7.661177701496983e-25, nan 
95.125, 88.625, 7.753267660640414e-25, nan 
95.375, 88.625, 8.078268891893269e-25, nan 
95.625, 88.625, 7.69625600752983e-25, nan 
95.875, 88.625, 7.177177239953051e-25, nan 
96.125, 88.625, 6.78700312491192e-25, nan 
96.375, 88.625, 6.31382322730916e-25, nan 
96.625, 88.625, 5.481121521909144e-25, nan 
96.875, 88.625, 9.206279351729111e-25, nan 
97.125, 88.625, 8.990186864116355e-25, nan 
97.375, 88.625, 5.959413852020405e-25, nan 
97.625, 88.625, 5.86877158369141e-25, nan 
97.875, 88.625, 4.692218368037376e-25, nan 
98.125, 88.625, 5.369183763571031e-25, nan 
98.375, 88.625, 4.452449276087604e-25, nan 
98.625, 88.625, 4.537223691163964e-25, nan 
98.875, 88.625, 4.92859569041198e-25, nan 
99.125, 88.625, 4.572145262318273e-25, nan 
99.375, 88.625, 5.807302017776227e-25, nan 
99.625, 88.625, 5.945903103169605e-25, nan 
99.875, 88.625, 6.416155704181639e-25, nan 
100.125, 88.625, 7.763597008382869e-25, nan 
100.375, 88.625, 1.0600373297250938e-24, nan 
100.625, 88.625, 1.0626935147072464e-24, nan 
100.875, 88.625, 1.1086266593931118e-24, nan 
101.125, 88.625, 9.652228647777764e-25, nan 
101.375, 88.625, 9.466910240688183e-25, nan 
101.625, 88.625, 7.96223730473575e-25, nan 
101.875, 88.625, 7.436743517021794e-25, nan 
102.125, 88.625, 7.941681438842812e-25, nan 
102.375, 88.625, 7.6684957449810505e-25, nan 
102.625, 88.625, 7.455049451835874e-25, nan 
102.875, 88.625, 6.128983389586987e-25, nan 
103.125, 88.625, 6.574105666866812e-25, nan 
103.375, 88.625, 6.501970881733385e-25, nan 
103.625, 88.625, 5.932804739924446e-25, nan 
103.875, 88.625, 5.818783743113322e-25, nan 
104.125, 88.625, 5.669764981839802e-25, nan 
104.375, 88.625, 4.736683544205871e-25, nan 
104.625, 88.625, 4.756271215133339e-25, nan 
104.875, 88.625, 4.735283733397217e-25, nan 
105.125, 88.625, 4.676709454249231e-25, nan 
105.375, 88.625, 4.802357162606919e-25, nan 
105.625, 88.625, 4.90933273528567e-25, nan 
105.875, 88.625, 4.898983802210823e-25, nan 
106.125, 88.625, 5.651185170125229e-25, nan 
106.375, 88.625, 5.208770348702508e-25, nan 
106.625, 88.625, 5.721696404518132e-25, nan 
106.875, 88.625, 5.63863357440843e-25, nan 
107.125, 88.625, 5.00279863339042e-25, nan 
107.375, 88.625, 5.377506967300211e-25, nan 
107.625, 88.625, 5.988531842530582e-25, nan 
107.875, 88.625, 4.708771736804394e-25, nan 
108.125, 88.625, 5.436613975040768e-25, nan 
108.375, 88.625, 5.4870331708016905e-25, nan 
108.625, 88.625, 5.1870665889946e-25, nan 
108.875, 88.625, 5.110991919935195e-25, nan 
109.125, 88.625, 5.183795002235368e-25, nan 
109.375, 88.625, 5.019248373449319e-25, nan 
109.625, 88.625, 5.77471947134977e-25, nan 
109.875, 88.625, 5.819748324023164e-25, nan 
110.125, 88.625, 6.056363612326734e-25, nan 
110.375, 88.625, 6.483476745433549e-25, nan 
110.625, 88.625, 6.612971442447666e-25, nan 
110.875, 88.625, 6.784810486064798e-25, nan 
111.125, 88.625, 7.240570850251865e-25, nan 
111.375, 88.625, 6.9586629269781955e-25, nan 
111.625, 88.625, 7.889462354336565e-25, nan 
111.875, 88.625, 6.275308865683967e-25, nan 
112.125, 88.625, 6.6487065382141235e-25, nan 
112.375, 88.625, 6.947137564662404e-25, nan 
112.625, 88.625, 7.790515437027261e-25, nan 
-156.875, 88.875, 8.891450741272932e-25, nan 
-156.625, 88.875, 7.376825042408419e-25, nan 
-156.375, 88.875, 7.869980917729763e-25, nan 
-156.125, 88.875, 9.540134915861522e-25, nan 
-155.875, 88.875, 9.132292710826221e-25, nan 
-155.625, 88.875, 8.158907372402946e-25, nan 
-155.375, 88.875, 8.50135477627579e-25, nan 
-155.125, 88.875, 8.424857988004956e-25, nan 
-154.875, 88.875, 8.545069598097202e-25, nan 
-154.625, 88.875, 7.838150114990162e-25, nan 
-154.375, 88.875, 7.648879216249437e-25, nan 
-154.125, 88.875, 7.906315947551438e-25, nan 
-153.875, 88.875, 7.973494875407807e-25, nan 
-153.625, 88.875, 7.79625191913878e-25, nan 
-153.375, 88.875, 7.650474701040648e-25, nan 
-153.125, 88.875, 6.965931753394345e-25, nan 
-152.875, 88.875, 7.347872207777766e-25, nan 
-152.625, 88.875, 7.58362691775113e-25, nan 
-152.375, 88.875, 6.946048953194068e-25, nan 
-152.125, 88.875, 6.889910269569602e-25, nan 
-151.875, 88.875, 6.71517339812633e-25, nan 
-151.625, 88.875, 8.024385410919815e-25, nan 
-151.375, 88.875, 6.173518193295265e-25, nan 
-151.125, 88.875, 6.026499666816543e-25, nan 
-150.875, 88.875, 4.838096659066326e-25, nan 
-150.625, 88.875, 5.230004590303056e-25, nan 
-150.375, 88.875, 4.601134247062365e-25, nan 
-150.125, 88.875, 5.457028991769888e-25, nan 
-149.875, 88.875, 5.364039336024224e-25, nan 
-149.625, 88.875, 5.42331151326393e-25, nan 
-149.375, 88.875, 9.612412230992688e-25, nan 
-149.125, 88.875, 7.95165924805971e-25, nan 
-148.875, 88.875, 6.017907720123398e-25, nan 
-148.625, 88.875, 4.062692850846092e-25, nan 
-148.375, 88.875, 5.201318382141785e-25, nan 
-148.125, 88.875, 6.154607422334526e-25, nan 
-147.875, 88.875, 6.266379161374589e-25, nan 
-147.625, 88.875, 6.010361397268524e-25, nan 
-147.375, 88.875, 7.729557886285753e-25, nan 
-147.125, 88.875, 6.802239456269014e-25, nan 
-146.875, 88.875, 6.162178530782575e-25, nan 
-146.625, 88.875, 7.021692118445356e-25, nan 
-146.375, 88.875, 7.419827986723189e-25, nan 
-146.125, 88.875, 7.532421524339848e-25, nan 
-145.875, 88.875, 7.718328661889774e-25, nan 
-145.625, 88.875, 8.267815972221892e-25, nan 
-145.375, 88.875, 8.072065218961286e-25, nan 
-145.125, 88.875, 9.341128740015394e-25, nan 
-144.875, 88.875, 8.61703537223453e-25, nan 
-144.625, 88.875, 8.778176266441848e-25, nan 
-144.375, 88.875, 1.035831105335066e-24, nan 
-144.125, 88.875, 1.0222961450917627e-24, nan 
-143.875, 88.875, 1.023534444159587e-24, nan 
-143.625, 88.875, 1.0230805755525817e-24, nan 
-143.375, 88.875, 9.87917348155094e-25, nan 
-143.125, 88.875, 1.2214479023995203e-24, nan 
-142.875, 88.875, 1.1755613769747607e-24, nan 
-142.625, 88.875, 1.2033214722656627e-24, nan 
-142.375, 88.875, 7.6210345033684915e-25, nan 
-142.125, 88.875, 1.221976704666465e-24, nan 
-141.875, 88.875, 1.229111400302013e-24, nan 
-141.625, 88.875, 1.2509077732241361e-24, nan 
-141.375, 88.875, 1.283041534356478e-24, nan 
-141.125, 88.875, 1.4098332400676712e-24, nan 
-140.875, 88.875, 1.304805530244913e-24, nan 
-140.625, 88.875, 1.3936483509545373e-24, nan 
-140.375, 88.875, 1.4004098674969465e-24, nan 
-140.125, 88.875, 1.4829853587730516e-24, nan 
-139.875, 88.875, 1.276440458325955e-24, nan 
-139.625, 88.875, 1.423104240295133e-24, nan 
-139.375, 88.875, 1.5638216174776732e-24, nan 
-139.125, 88.875, 1.5915197924005129e-24, nan 
-138.875, 88.875, 1.5591882171121214e-24, nan 
-138.625, 88.875, 1.50407110161088e-24, nan 
-138.375, 88.875, 1.4900456677647809e-24, nan 
-138.125, 88.875, 1.2840842270068366e-24, nan 
-137.875, 88.875, 1.4506514080413605e-24, nan 
-137.625, 88.875, 1.3636219908854377e-24, nan 
-137.375, 88.875, 1.3999800277230943e-24, nan 
-137.125, 88.875, 1.3895237261553982e-24, nan 
-136.875, 88.875, 1.4565148341407365e-24, nan 
-136.625, 88.875, 1.4570445572322948e-24, nan 
-136.375, 88.875, 1.5978089561386485e-24, nan 
-136.125, 88.875, 1.6477563671867942e-24, nan 
-135.875, 88.875, 1.6247794851779868e-24, nan 
-135.625, 88.875, 1.5275502383035079e-24, nan 
-135.375, 88.875, 1.826317914504911e-24, nan 
-135.125, 88.875, 1.7213913580456443e-24, nan 
-134.875, 88.875, 1.5247877105855545e-24, nan 
-134.625, 88.875, 1.48547142638899e-24, nan 
-134.375, 88.875, 1.76811776223612e-24, nan 
-134.125, 88.875, 1.414433425153502e-24, nan 
-133.875, 88.875, 1.5691383390444859e-24, nan 
-133.625, 88.875, 1.6345571346737336e-24, nan 
-133.375, 88.875, 1.4158536514040882e-24, nan 
-133.125, 88.875, 1.5667962081922359e-24, nan 
-132.875, 88.875, 1.6128971298679772e-24, nan 
-132.625, 88.875, 1.2202451042244143e-24, nan 
-132.375, 88.875, 9.121811421192097e-25, nan 
-132.125, 88.875, 1.0143467204424427e-24, nan 
-131.875, 88.875, 1.0999926644821859e-24, nan 
-131.625, 88.875, 1.1933487304718528e-24, nan 
-131.375, 88.875, 1.393559573967954e-24, nan 
-131.125, 88.875, 1.4032938004472132e-24, nan 
-130.875, 88.875, 1.386158268206444e-24, nan 
-130.625, 88.875, 1.4412949222959178e-24, nan 
-130.375, 88.875, 1.2464243331484808e-24, nan 
-130.125, 88.875, 1.227893918423888e-24, nan 
-129.875, 88.875, 1.1977630632563918e-24, nan 
-129.625, 88.875, 1.1637277828865e-24, nan 
-129.375, 88.875, 1.2188940603061035e-24, nan 
-129.125, 88.875, 1.3265951396794778e-24, nan 
-128.875, 88.875, 1.2069343188618934e-24, nan 
-128.625, 88.875, 1.283894637074907e-24, nan 
-128.375, 88.875, 1.1603024684163453e-24, nan 
-128.125, 88.875, 1.1806827870471115e-24, nan 
-127.875, 88.875, 1.1741179979952008e-24, nan 
-127.625, 88.875, 1.1898234812962644e-24, nan 
-127.375, 88.875, 1.3204332605231532e-24, nan 
-127.125, 88.875, 1.3192886750494674e-24, nan 
-126.875, 88.875, 1.5013708480722654e-24, nan 
-126.625, 88.875, 1.6204678418739884e-24, nan 
-126.375, 88.875, 1.6217442656066378e-24, nan 
-126.125, 88.875, 1.5686444090267642e-24, nan 
-125.875, 88.875, 1.4911662401254699e-24, nan 
-125.625, 88.875, 1.4731533675476125e-24, nan 
-125.375, 88.875, 1.3905695661203962e-24, nan 
-125.125, 88.875, 1.5286155328549213e-24, nan 
-124.875, 88.875, 1.4705043527745965e-24, nan 
-124.625, 88.875, 1.5810551130207506e-24, nan 
-124.375, 88.875, 1.6061416927360435e-24, nan 
-124.125, 88.875, 1.643075066738936e-24, nan 
-123.875, 88.875, 1.656597790053421e-24, nan 
-123.625, 88.875, 1.7332360225691093e-24, nan 
-123.375, 88.875, 1.6887239728643796e-24, nan 
-123.125, 88.875, 1.668268375589342e-24, nan 
-122.875, 88.875, 1.6105783392877862e-24, nan 
-122.625, 88.875, 1.6651441877869137e-24, nan 
-122.375, 88.875, 1.6329568811107766e-24, nan 
-122.125, 88.875, 1.3981170879555126e-24, nan 
-121.875, 88.875, 1.3333345254099744e-24, nan 
-121.625, 88.875, 1.4603736956680393e-24, nan 
-121.375, 88.875, 1.2527717972541063e-24, nan 
-121.125, 88.875, 1.387847956158658e-24, nan 
-120.875, 88.875, 1.3414259043192165e-24, nan 
-120.625, 88.875, 1.2113597769518273e-24, nan 
-120.375, 88.875, 1.2784773012930185e-24, nan 
-120.125, 88.875, 1.3426850903649406e-24, nan 
-119.875, 88.875, 1.0501532930541553e-24, nan 
-119.625, 88.875, 8.712559723190728e-25, nan 
-119.375, 88.875, 9.784024724053078e-25, nan 
-119.125, 88.875, 9.429316795740523e-25, nan 
-118.875, 88.875, 9.183276887870869e-25, nan 
-118.625, 88.875, 1.0958184637637622e-24, nan 
-118.375, 88.875, 1.0068443751389219e-24, nan 
-118.125, 88.875, 9.377656760918516e-25, nan 
-117.875, 88.875, 9.789004807963334e-25, nan 
-117.625, 88.875, 7.974300799400607e-25, nan 
-117.375, 88.875, 8.79812753033501e-25, nan 
-117.125, 88.875, 8.656530537374913e-25, nan 
-116.875, 88.875, 8.205767994108186e-25, nan 
-116.625, 88.875, 7.948096383592364e-25, nan 
-116.375, 88.875, 1.0454706984499292e-24, nan 
-116.125, 88.875, 9.169176587173632e-25, nan 
-115.875, 88.875, 1.0344896883994002e-24, nan 
-115.625, 88.875, 7.71558516886828e-25, nan 
-115.375, 88.875, 8.678000555114366e-25, nan 
-115.125, 88.875, 8.241037664739134e-25, nan 
-114.875, 88.875, 7.369651824236447e-25, nan 
-114.625, 88.875, 9.895133036029614e-25, nan 
-114.375, 88.875, 7.251035256416428e-25, nan 
-114.125, 88.875, 9.399570148594697e-25, nan 
-113.875, 88.875, 6.917371177807696e-25, nan 
-113.625, 88.875, 7.1129980190721905e-25, nan 
-113.375, 88.875, 7.166102318257799e-25, nan 
-113.125, 88.875, 7.419548260623061e-25, nan 
-112.875, 88.875, 7.235400157973856e-25, nan 
-112.625, 88.875, 7.51165135462831e-25, nan 
-112.375, 88.875, 6.571077165504195e-25, nan 
-112.125, 88.875, 7.587510433069322e-25, nan 
-111.875, 88.875, 7.080387288667454e-25, nan 
-111.625, 88.875, 7.049859535420239e-25, nan 
-111.375, 88.875, 6.58961853077755e-25, nan 
-111.125, 88.875, 6.308630365690995e-25, nan 
-110.875, 88.875, 6.526981090882626e-25, nan 
-110.625, 88.875, 6.705223279794612e-25, nan 
-110.375, 88.875, 5.899177754886432e-25, nan 
-110.125, 88.875, 7.106929231831067e-25, nan 
-109.875, 88.875, 7.303583766425552e-25, nan 
-109.625, 88.875, 6.636017864904438e-25, nan 
-109.375, 88.875, 5.960866775938987e-25, nan 
-109.125, 88.875, 6.595075549114329e-25, nan 
-108.875, 88.875, 6.1226053515082265e-25, nan 
-108.625, 88.875, 5.586209882835337e-25, nan 
-108.375, 88.875, 6.66662775108044e-25, nan 
-108.125, 88.875, 6.00508844973764e-25, nan 
-107.875, 88.875, 6.671736240876933e-25, nan 
-107.625, 88.875, 5.36686193708269e-25, nan 
-107.375, 88.875, 6.971990401448137e-25, nan 
-107.125, 88.875, 6.8744296387031315e-25, nan 
-106.875, 88.875, 5.807304203318875e-25, nan 
-106.625, 88.875, 5.734109272331295e-25, nan 
-106.375, 88.875, 5.630029013994363e-25, nan 
-106.125, 88.875, 5.677256777304358e-25, nan 
-105.875, 88.875, 4.169275889868037e-25, nan 
-105.625, 88.875, 4.4750197552535265e-25, nan 
-105.375, 88.875, 4.792330473949605e-25, nan 
-105.125, 88.875, 5.594294791049139e-25, nan 
-104.875, 88.875, 6.076932966415025e-25, nan 
-104.625, 88.875, 5.808535337479652e-25, nan 
-104.375, 88.875, 5.82587661866066e-25, nan 
-104.125, 88.875, 6.18224345876647e-25, nan 
-103.875, 88.875, 6.0773763070060995e-25, nan 
-103.625, 88.875, 6.015953296476143e-25, nan 
-103.375, 88.875, 6.087389941672814e-25, nan 
-103.125, 88.875, 5.4117598640296295e-25, nan 
-102.875, 88.875, 4.683051297895106e-25, nan 
-102.625, 88.875, 4.940372407908118e-25, nan 
-102.375, 88.875, 4.043023799196801e-25, nan 
-102.125, 88.875, 3.114852848490878e-25, nan 
-101.875, 88.875, 5.211084963774818e-25, nan 
-101.625, 88.875, 5.130983144234741e-25, nan 
-101.375, 88.875, 5.327957187485498e-25, nan 
-101.125, 88.875, 3.222178583925944e-25, nan 
-100.875, 88.875, 4.336926487745973e-25, nan 
-100.625, 88.875, 5.158061554726723e-25, nan 
-100.375, 88.875, 4.195393528381002e-25, nan 
-100.125, 88.875, 3.8815466242722794e-25, nan 
-99.875, 88.875, 4.688091101150214e-25, nan 
-99.625, 88.875, 3.996077769700652e-25, nan 
-99.375, 88.875, 4.165830802803907e-25, nan 
-99.125, 88.875, 3.5813824103005995e-25, nan 
-98.875, 88.875, 3.827843625500035e-25, nan 
-98.625, 88.875, 4.254485674731538e-25, nan 
-98.375, 88.875, 3.700317311526892e-25, nan 
-98.125, 88.875, 3.7298609597843017e-25, nan 
-97.875, 88.875, 4.301473954726317e-25, nan 
-97.625, 88.875, 4.901909697406434e-25, nan 
-97.375, 88.875, 4.303166127117122e-25, nan 
-97.125, 88.875, 3.7116472817898184e-25, nan 
-96.875, 88.875, 3.974835857766561e-25, nan 
-96.625, 88.875, 3.683094689361822e-25, nan 
-96.375, 88.875, 3.7067414191654105e-25, nan 
-96.125, 88.875, 3.356476631807021e-25, nan 
-95.875, 88.875, 2.8746969013791254e-25, nan 
-95.625, 88.875, 3.1844298883048744e-25, nan 
-95.375, 88.875, 3.6263482324075732e-25, nan 
-95.125, 88.875, 3.55239346158525e-25, nan 
-94.875, 88.875, 3.7957952919737647e-25, nan 
-94.625, 88.875, 3.180730362616472e-25, nan 
-94.375, 88.875, 3.1281959392289386e-25, nan 
-94.125, 88.875, 3.196602341629484e-25, nan 
-93.875, 88.875, 3.366026115942077e-25, nan 
-93.625, 88.875, 3.617853104888226e-25, nan 
-93.375, 88.875, 4.063326009360245e-25, nan 
-93.125, 88.875, 3.694029442739083e-25, nan 
-92.875, 88.875, 3.8161836554041807e-25, nan 
-92.625, 88.875, 3.7226310241969017e-25, nan 
-92.375, 88.875, 3.573102350260188e-25, nan 
-92.125, 88.875, 3.4413313464344283e-25, nan 
-91.875, 88.875, 3.613080208878596e-25, nan 
-91.625, 88.875, 3.243502953340828e-25, nan 
-91.375, 88.875, 3.0211690148386567e-25, nan 
-91.125, 88.875, 3.3951926830148757e-25, nan 
-90.875, 88.875, 3.8212997680972963e-25, nan 
-90.625, 88.875, 3.956227120123148e-25, nan 
-90.375, 88.875, 4.026990495548647e-25, nan 
-90.125, 88.875, 4.0130949801635183e-25, nan 
-89.875, 88.875, 3.8569964159193577e-25, nan 
-89.625, 88.875, 4.349132879859861e-25, nan 
-89.375, 88.875, 3.0039671095379636e-25, nan 
-89.125, 88.875, 3.554274725216948e-25, nan 
-88.875, 88.875, 3.367440209824448e-25, nan 
-88.625, 88.875, 4.114803932157834e-25, nan 
-88.375, 88.875, 4.778783001371652e-25, nan 
-88.125, 88.875, 4.574613241803191e-25, nan 
-87.875, 88.875, 4.151713244552746e-25, nan 
-87.625, 88.875, 3.8774328719444293e-25, nan 
-87.375, 88.875, 4.565567839432436e-25, nan 
-87.125, 88.875, 4.652679447943823e-25, nan 
-86.875, 88.875, 5.2760749930143215e-25, nan 
-86.625, 88.875, 5.051398049926362e-25, nan 
-86.375, 88.875, 5.459279148237848e-25, nan 
-86.125, 88.875, 4.824640475975298e-25, nan 
-85.875, 88.875, 5.731010424878661e-25, nan 
-85.625, 88.875, 6.205165330953551e-25, nan 
-85.375, 88.875, 6.235183372301922e-25, nan 
-85.125, 88.875, 5.421013768617369e-25, nan 
-84.875, 88.875, 6.521076331036552e-25, nan 
-84.625, 88.875, 6.453048471869625e-25, nan 
-84.375, 88.875, 6.772990937442387e-25, nan 
-84.125, 88.875, 7.063862597609022e-25, nan 
-83.875, 88.875, 6.855457261027637e-25, nan 
-83.625, 88.875, 7.292841153930974e-25, nan 
-83.375, 88.875, 7.325955984812086e-25, nan 
-83.125, 88.875, 8.772821421132327e-25, nan 
-82.875, 88.875, 7.77603333570582e-25, nan 
-82.625, 88.875, 6.650923724158645e-25, nan 
-82.375, 88.875, 7.0689540487377e-25, nan 
-82.125, 88.875, 7.00838006039069e-25, nan 
-81.875, 88.875, 7.574129932719863e-25, nan 
-81.625, 88.875, 7.951551705028679e-25, nan 
-81.375, 88.875, 7.181077714495379e-25, nan 
-81.125, 88.875, 7.751228170967989e-25, nan 
-80.875, 88.875, 8.561891227358592e-25, nan 
-80.625, 88.875, 8.446063153364813e-25, nan 
-80.375, 88.875, 8.048916229058201e-25, nan 
-80.125, 88.875, 8.421213722624686e-25, nan 
-79.875, 88.875, 8.855536250237014e-25, nan 
-79.625, 88.875, 9.115027928391052e-25, nan 
-79.375, 88.875, 9.383557850211336e-25, nan 
-79.125, 88.875, 9.360823204920863e-25, nan 
-78.875, 88.875, 9.670714795118119e-25, nan 
-78.625, 88.875, 9.807782501508915e-25, nan 
-78.375, 88.875, 9.819219612921862e-25, nan 
-78.125, 88.875, 1.0443358215732739e-24, nan 
-77.875, 88.875, 1.0442476939624856e-24, nan 
-77.625, 88.875, 1.0496451894547938e-24, nan 
-77.375, 88.875, 1.063024798211494e-24, nan 
-77.125, 88.875, 1.076451737568079e-24, nan 
-76.875, 88.875, 1.0924834352476246e-24, nan 
-76.625, 88.875, 1.0966289656294995e-24, nan 
-76.375, 88.875, 1.1847042317570134e-24, nan 
-76.125, 88.875, 1.1292322928292174e-24, nan 
-75.875, 88.875, 1.1032445809873496e-24, nan 
-75.625, 88.875, 1.0996848525642763e-24, nan 
-75.375, 88.875, 1.1186743297666293e-24, nan 
-75.125, 88.875, 1.1313781662393647e-24, nan 
-74.875, 88.875, 1.1508924414081523e-24, nan 
-74.625, 88.875, 1.1412679059811929e-24, nan 
-74.375, 88.875, 1.1317258989744062e-24, nan 
-74.125, 88.875, 1.0959167501199535e-24, nan 
-73.875, 88.875, 1.1250254601754787e-24, nan 
-73.625, 88.875, 1.1347418948770698e-24, nan 
-73.375, 88.875, 1.1509473560851172e-24, nan 
-73.125, 88.875, 1.0786727739476562e-24, nan 
-72.875, 88.875, 1.073192723911204e-24, nan 
-72.625, 88.875, 1.0804440616517561e-24, nan 
-72.375, 88.875, 1.1278727265110718e-24, nan 
-72.125, 88.875, 1.0676981375835742e-24, nan 
-71.875, 88.875, 1.075460982636179e-24, nan 
-71.625, 88.875, 1.0767860630933772e-24, nan 
-71.375, 88.875, 1.0751550088241699e-24, nan 
-71.125, 88.875, 1.0474579129388016e-24, nan 
-70.875, 88.875, 1.066093872944016e-24, nan 
-70.625, 88.875, 1.0465446835102034e-24, nan 
-70.375, 88.875, 1.1870995788061843e-24, nan 
-70.125, 88.875, 1.139485171891124e-24, nan 
-69.875, 88.875, 1.1236079752400702e-24, nan 
-69.625, 88.875, 1.143986088730547e-24, nan 
-69.375, 88.875, 1.111808172559422e-24, nan 
-69.125, 88.875, 1.1738276367810518e-24, nan 
-68.875, 88.875, 1.1944828085175472e-24, nan 
-68.625, 88.875, 1.1782141136839908e-24, nan 
-68.375, 88.875, 1.1740243593689011e-24, nan 
-68.125, 88.875, 1.1432545101370857e-24, nan 
-67.875, 88.875, 1.2047141942995567e-24, nan 
-67.625, 88.875, 1.2288039872635217e-24, nan 
-67.375, 88.875, 1.1505315870424967e-24, nan 
-67.125, 88.875, 1.1378864884965202e-24, nan 
-66.875, 88.875, 1.1703709831919893e-24, nan 
-66.625, 88.875, 1.1481730441812682e-24, nan 
-66.375, 88.875, 1.1356394616420634e-24, nan 
-66.125, 88.875, 1.1327289766676078e-24, nan 
-65.875, 88.875, 1.069462120651527e-24, nan 
-65.625, 88.875, 1.0868715699694984e-24, nan 
-65.375, 88.875, 1.0981801157619846e-24, nan 
-65.125, 88.875, 1.0719555107365367e-24, nan 
-64.875, 88.875, 1.0557749244710996e-24, nan 
-64.625, 88.875, 1.0281598169601489e-24, nan 
-64.375, 88.875, 1.0596011066293102e-24, nan 
-64.125, 88.875, 1.0243090422699035e-24, nan 
-63.875, 88.875, 1.0210507664292618e-24, nan 
-63.625, 88.875, 1.1452469186626984e-24, nan 
-63.375, 88.875, 1.1610449854855486e-24, nan 
-63.125, 88.875, 1.1115123504434659e-24, nan 
-62.875, 88.875, 1.0948294046267488e-24, nan 
-62.625, 88.875, 1.1439138118148643e-24, nan 
-62.375, 88.875, 1.1113027025240287e-24, nan 
-62.125, 88.875, 1.0630757434146067e-24, nan 
-61.875, 88.875, 1.0772155328661011e-24, nan 
-61.625, 88.875, 1.0024309985577466e-24, nan 
-61.375, 88.875, 9.488572051642094e-25, nan 
-61.125, 88.875, 9.583467912466555e-25, nan 
-60.875, 88.875, 9.649608321889268e-25, nan 
-60.625, 88.875, 9.687271190731255e-25, nan 
-60.375, 88.875, 8.881422231989821e-25, nan 
-60.125, 88.875, 8.306276130810947e-25, nan 
-59.875, 88.875, 8.099131333209407e-25, nan 
-59.625, 88.875, 8.8224172749198e-25, nan 
-59.375, 88.875, 7.950158649613733e-25, nan 
-59.125, 88.875, 8.043910445781217e-25, nan 
-58.875, 88.875, 7.691367017857998e-25, nan 
-58.625, 88.875, 7.340242710468525e-25, nan 
-58.375, 88.875, 7.671276670609027e-25, nan 
-58.125, 88.875, 6.889671509384838e-25, nan 
-57.875, 88.875, 7.50722469553493e-25, nan 
-57.625, 88.875, 5.930710445817265e-25, nan 
-57.375, 88.875, 7.149747464550606e-25, nan 
-57.125, 88.875, 8.458756344798285e-25, nan 
-56.875, 88.875, 7.605004453039542e-25, nan 
-56.625, 88.875, 7.472589021012053e-25, nan 
-56.375, 88.875, 7.238191915722491e-25, nan 
-56.125, 88.875, 6.571082271160315e-25, nan 
-55.875, 88.875, 6.724387056638923e-25, nan 
-55.625, 88.875, 5.898296322165851e-25, nan 
-55.375, 88.875, 5.378564201401083e-25, nan 
-55.125, 88.875, 4.935615152014206e-25, nan 
-54.875, 88.875, 5.066333148092289e-25, nan 
-54.625, 88.875, 4.758114267724039e-25, nan 
-54.375, 88.875, 4.266663044107709e-25, nan 
-54.125, 88.875, 3.807491698158724e-25, nan 
-53.875, 88.875, 3.716623480693224e-25, nan 
-53.625, 88.875, 3.4757647971504733e-25, nan 
-53.375, 88.875, 3.2447098671869412e-25, nan 
-53.125, 88.875, 3.9062204571386677e-25, nan 
-52.875, 88.875, 3.3803308330454584e-25, nan 
-52.625, 88.875, 3.1923337318542497e-25, nan 
-52.375, 88.875, 3.053706631670582e-25, nan 
-52.125, 88.875, 2.5719549677045956e-25, nan 
-51.875, 88.875, 2.6182254266555555e-25, nan 
-51.625, 88.875, 2.697639976595693e-25, nan 
-51.375, 88.875, 2.606463367439617e-25, nan 
-51.125, 88.875, 3.082626552065028e-25, nan 
-50.875, 88.875, 2.968426757514147e-25, nan 
-50.625, 88.875, 2.926465274542211e-25, nan 
-50.375, 88.875, 2.561660257538962e-25, nan 
-50.125, 88.875, 3.4348827934144595e-25, nan 
-49.875, 88.875, 2.4762471947248173e-25, nan 
-49.625, 88.875, 1.3099948732012245e-25, nan 
-49.375, 88.875, 3.7684673660847385e-25, nan 
-49.125, 88.875, 2.101517113314148e-25, nan 
-48.875, 88.875, 3.426760326712969e-25, nan 
-48.625, 88.875, 2.3526690536251986e-25, nan 
-48.375, 88.875, 3.505127650036426e-25, nan 
-48.125, 88.875, 2.3027435515551248e-25, nan 
-47.875, 88.875, 3.628426418260527e-25, nan 
-47.625, 88.875, 3.991501333062074e-25, nan 
-47.375, 88.875, 4.0735823523953153e-25, nan 
-47.125, 88.875, 4.523181692947712e-25, nan 
-46.875, 88.875, 4.845776496130752e-25, nan 
-46.625, 88.875, 5.144570918011501e-25, nan 
-46.375, 88.875, 6.82161258763689e-25, nan 
-46.125, 88.875, 9.256253130713901e-25, nan 
-45.875, 88.875, 8.207329860917415e-25, nan 
-45.625, 88.875, 9.18175481641663e-25, nan 
-45.375, 88.875, 1.2756987837044281e-24, nan 
-45.125, 88.875, 8.6499975917515e-25, nan 
-44.875, 88.875, 7.096882360858832e-25, nan 
-44.625, 88.875, 6.529257288990634e-25, nan 
-44.375, 88.875, 4.381230681506382e-25, nan 
-44.125, 88.875, 1.8417581085033842e-25, nan 
-43.875, 88.875, 2.338802663329807e-25, nan 
-43.625, 88.875, 3.781199080328349e-25, nan 
-43.375, 88.875, 3.5610567181843277e-25, nan 
-43.125, 88.875, 5.815059585240331e-25, nan 
-42.875, 88.875, 7.003998040326823e-25, nan 
-42.625, 88.875, 6.997590964910587e-25, nan 
-42.375, 88.875, 4.578352169257583e-25, nan 
-42.125, 88.875, 6.759559035707904e-25, nan 
-41.875, 88.875, 6.638547930861225e-25, nan 
-41.625, 88.875, 5.696067809256258e-25, nan 
-41.375, 88.875, 6.432679808757137e-25, nan 
-41.125, 88.875, 6.92081373673887e-25, nan 
-40.875, 88.875, 5.633536370101473e-25, nan 
-40.625, 88.875, 5.389360445494555e-25, nan 
-40.375, 88.875, 4.852375992955244e-25, nan 
-40.125, 88.875, 5.146754831576514e-25, nan 
-39.875, 88.875, 4.7775661965836885e-25, nan 
-39.625, 88.875, 4.767804036469812e-25, nan 
-39.375, 88.875, 5.221280057657325e-25, nan 
-39.125, 88.875, 5.710723320111652e-25, nan 
-38.875, 88.875, 5.908166991964775e-25, nan 
-38.625, 88.875, 6.18035774683241e-25, nan 
-38.375, 88.875, 6.562656748939916e-25, nan 
-38.125, 88.875, 7.211280887162728e-25, nan 
-37.875, 88.875, 7.486967785266588e-25, nan 
-37.625, 88.875, 8.406193959462704e-25, nan 
-37.375, 88.875, 7.990150355262909e-25, nan 
-37.125, 88.875, 9.34999926050804e-25, nan 
-36.875, 88.875, 9.511488381412646e-25, nan 
-36.625, 88.875, 8.02422132825987e-25, nan 
-36.375, 88.875, 9.901352173211564e-25, nan 
-36.125, 88.875, 9.14240618926645e-25, nan 
-35.875, 88.875, 9.336540562307193e-25, nan 
-35.625, 88.875, 1.1040394564891117e-24, nan 
-35.375, 88.875, 1.1712447264064067e-24, nan 
-35.125, 88.875, 1.5677046949811863e-24, nan 
-34.875, 88.875, 1.086183762700872e-24, nan 
-34.625, 88.875, 1.4654704479209296e-24, nan 
-34.375, 88.875, 1.723744785807643e-24, nan 
-34.125, 88.875, 1.769416963233117e-24, nan 
-33.875, 88.875, 1.8281159020114952e-24, nan 
-33.625, 88.875, 1.8725119904270835e-24, nan 
-33.375, 88.875, 1.675768773355088e-24, nan 
-33.125, 88.875, 1.726786369502442e-24, nan 
-32.875, 88.875, 1.733818755945237e-24, nan 
-32.625, 88.875, 1.3025342455024155e-24, nan 
-32.375, 88.875, 1.5792930566434843e-24, nan 
-32.125, 88.875, 1.452523268645101e-24, nan 
-31.875, 88.875, 1.1214313575104931e-24, nan 
-31.625, 88.875, 1.2784001278632174e-24, nan 
-31.375, 88.875, 9.1097831934043e-25, nan 
-31.125, 88.875, 8.08339140363443e-25, nan 
-30.875, 88.875, 9.131896189785744e-25, nan 
-30.625, 88.875, 1.2143997081693819e-24, nan 
-30.375, 88.875, 9.995518944522588e-25, nan 
-30.125, 88.875, 1.018600721074422e-24, nan 
-29.875, 88.875, 1.3008057754375358e-24, nan 
-29.625, 88.875, 9.862817491412465e-25, nan 
-29.375, 88.875, 1.1353739655948255e-24, nan 
-29.125, 88.875, 1.0280455877692086e-24, nan 
-28.875, 88.875, 1.0913982672242103e-24, nan 
-28.625, 88.875, 1.0079851396094157e-24, nan 
-28.375, 88.875, 9.990486975822796e-25, nan 
-28.125, 88.875, 1.260147562298524e-24, nan 
-27.875, 88.875, 1.1305056308718487e-24, nan 
-27.625, 88.875, 1.0391252829122353e-24, nan 
-27.375, 88.875, 1.1283671298968086e-24, nan 
-27.125, 88.875, 1.1924795376614707e-24, nan 
-26.875, 88.875, 1.2338526964706021e-24, nan 
-26.625, 88.875, 1.1835078362266772e-24, nan 
-26.375, 88.875, 1.0565089479278443e-24, nan 
-26.125, 88.875, 1.0649191626901416e-24, nan 
-25.875, 88.875, 1.0537059745813934e-24, nan 
-25.625, 88.875, 1.097795901572074e-24, nan 
-25.375, 88.875, 1.1686001441670024e-24, nan 
-25.125, 88.875, 1.226741608659786e-24, nan 
-24.875, 88.875, 1.2424387182349458e-24, nan 
-24.625, 88.875, 1.2301620051580951e-24, nan 
-24.375, 88.875, 1.3093878139505798e-24, nan 
-24.125, 88.875, 1.3063192094913837e-24, nan 
-23.875, 88.875, 1.1628921881199487e-24, nan 
-23.625, 88.875, 1.3283114455872769e-24, nan 
-23.375, 88.875, 1.4196693184048694e-24, nan 
-23.125, 88.875, 1.4055045138625842e-24, nan 
-22.875, 88.875, 1.4234308803073471e-24, nan 
-22.625, 88.875, 1.4281160704404044e-24, nan 
-22.375, 88.875, 1.744006693776481e-24, nan 
-22.125, 88.875, 1.4778214810784297e-24, nan 
-21.875, 88.875, 1.48196124464111e-24, nan 
-21.625, 88.875, 1.6442143815849959e-24, nan 
-21.375, 88.875, 1.7649188683331344e-24, nan 
-21.125, 88.875, 1.8063052819065387e-24, nan 
-20.875, 88.875, 1.791042352670805e-24, nan 
-20.625, 88.875, 1.7260461651291594e-24, nan 
-20.375, 88.875, 1.6010871918487657e-24, nan 
-20.125, 88.875, 1.1578034119446499e-24, nan 
-19.875, 88.875, 9.9629290314723e-25, nan 
-19.625, 88.875, 1.0479172103532575e-24, nan 
-19.375, 88.875, 1.2896791623592272e-24, nan 
-19.125, 88.875, 1.0907220388883166e-24, nan 
-18.875, 88.875, 1.0258715745488402e-24, nan 
-18.625, 88.875, 1.0816053943657223e-24, nan 
-18.375, 88.875, 1.1239196513942752e-24, nan 
-18.125, 88.875, 9.67178829594126e-25, nan 
-17.875, 88.875, 1.395991392684279e-24, nan 
-17.625, 88.875, 1.111683032805083e-24, nan 
-17.375, 88.875, 1.1300264936175726e-24, nan 
-17.125, 88.875, 1.759311771904992e-24, nan 
-16.875, 88.875, 1.2586461953530452e-24, nan 
-16.625, 88.875, 1.3765873844186374e-24, nan 
-16.375, 88.875, 1.1525670179781374e-24, nan 
-16.125, 88.875, 1.3520023812148712e-24, nan 
-15.875, 88.875, 1.1010804791286065e-24, nan 
-15.625, 88.875, 9.242126881465514e-25, nan 
-15.375, 88.875, 1.5933740017177788e-24, nan 
-15.125, 88.875, 1.19428085595647e-24, nan 
-14.875, 88.875, 1.210759297254732e-24, nan 
-14.625, 88.875, 1.1984566979973005e-24, nan 
-14.375, 88.875, 1.088150598296577e-24, nan 
-14.125, 88.875, 1.2261192020326475e-24, nan 
-13.875, 88.875, 1.453486919019923e-24, nan 
-13.625, 88.875, 1.2495471879622187e-24, nan 
-13.375, 88.875, 1.2686361608635074e-24, nan 
-13.125, 88.875, 1.3244458268774388e-24, nan 
-12.875, 88.875, 1.3528210582091275e-24, nan 
-12.625, 88.875, 1.4700125454995945e-24, nan 
-12.375, 88.875, 1.4676733796390014e-24, nan 
-12.125, 88.875, 1.4536329548026212e-24, nan 
-11.875, 88.875, 1.5655416566430538e-24, nan 
-11.625, 88.875, 1.4785956411639754e-24, nan 
-11.375, 88.875, 1.5280167604087778e-24, nan 
-11.125, 88.875, 1.433245836982977e-24, nan 
-10.875, 88.875, 1.5993121022036348e-24, nan 
-10.625, 88.875, 1.7036366975350375e-24, nan 
-10.375, 88.875, 1.5606105548844203e-24, nan 
-10.125, 88.875, 1.6429651964324606e-24, nan 
-9.875, 88.875, 1.6863767966753477e-24, nan 
-9.625, 88.875, 1.6455551325598014e-24, nan 
-9.375, 88.875, 2.0162813840400656e-24, nan 
-9.125, 88.875, 1.6212006729295499e-24, nan 
-8.875, 88.875, 1.4764190517257004e-24, nan 
-8.625, 88.875, 1.4043535356033634e-24, nan 
-8.375, 88.875, 1.408972080015676e-24, nan 
-8.125, 88.875, 1.3238093806868513e-24, nan 
-7.875, 88.875, 9.583928128531051e-25, nan 
-7.625, 88.875, 9.52904103393018e-25, nan 
-7.375, 88.875, 5.253774767053292e-25, nan 
-7.125, 88.875, 7.721434463069356e-25, nan 
-6.875, 88.875, 9.912989716578616e-25, nan 
-6.625, 88.875, 5.293032388887009e-25, nan 
-6.375, 88.875, 6.835395889792702e-25, nan 
-6.125, 88.875, 1.0684810404860418e-24, nan 
-5.875, 88.875, 8.385039108816156e-25, nan 
-5.625, 88.875, 9.555222672284287e-25, nan 
-5.375, 88.875, 6.243754388472712e-25, nan 
-5.125, 88.875, 4.378525530450431e-25, nan 
-4.875, 88.875, 6.494665722497686e-25, nan 
-4.625, 88.875, 9.48278729373264e-25, nan 
-4.375, 88.875, 9.991421312143727e-25, nan 
-4.125, 88.875, 1.4515173034991296e-24, nan 
-3.875, 88.875, 1.4000137262740677e-24, nan 
-3.625, 88.875, 1.4620162359681379e-24, nan 
-3.375, 88.875, 1.4200735921854146e-24, nan 
-3.125, 88.875, 1.5104199995678635e-24, nan 
-2.875, 88.875, 1.4605616419543683e-24, nan 
-2.625, 88.875, 1.4156659367407718e-24, nan 
-2.375, 88.875, 1.5065020634968372e-24, nan 
-2.125, 88.875, 1.4738560894641968e-24, nan 
-1.875, 88.875, 1.3801699561631957e-24, nan 
-1.625, 88.875, 1.3910731909933077e-24, nan 
-1.375, 88.875, 1.3912703641508892e-24, nan 
-1.125, 88.875, 1.3299077886338243e-24, nan 
-0.875, 88.875, 1.3386868201387578e-24, nan 
-0.625, 88.875, 1.3659970669081094e-24, nan 
-0.375, 88.875, 1.4141901887597394e-24, nan 
-0.125, 88.875, 1.3839190079312582e-24, nan 
0.125, 88.875, 9.126774856824676e-25, nan 
0.375, 88.875, 1.2463974099611163e-24, nan 
0.625, 88.875, 1.3975735145931472e-24, nan 
0.875, 88.875, 1.4616142705857988e-24, nan 
1.125, 88.875, 1.46761937491119e-24, nan 
1.375, 88.875, 1.4649546418553178e-24, nan 
1.625, 88.875, 1.4227478708756242e-24, nan 
1.875, 88.875, 1.4233356667234505e-24, nan 
2.125, 88.875, 1.4091962158503741e-24, nan 
2.375, 88.875, 1.3528415046062357e-24, nan 
2.625, 88.875, 1.4273658335131776e-24, nan 
2.875, 88.875, 1.5310216791392136e-24, nan 
3.125, 88.875, 1.4601527463124272e-24, nan 
3.375, 88.875, 1.4682842939989607e-24, nan 
3.625, 88.875, 1.4954263589899152e-24, nan 
3.875, 88.875, 1.413361883257081e-24, nan 
4.125, 88.875, 1.3433402264198252e-24, nan 
4.375, 88.875, 1.2406357340689877e-24, nan 
4.625, 88.875, 1.4691301499582803e-24, nan 
4.875, 88.875, 1.5154329415083305e-24, nan 
5.125, 88.875, 2.4591540279470207e-24, nan 
5.375, 88.875, 1.5466360828419229e-24, nan 
5.625, 88.875, 2.125102916393314e-24, nan 
5.875, 88.875, 1.5736510860402844e-24, nan 
6.125, 88.875, 1.6344191978331236e-24, nan 
6.375, 88.875, 2.0545608506650812e-24, nan 
6.625, 88.875, 1.2261538924006983e-24, nan 
6.875, 88.875, 1.306101896322149e-24, nan 
7.125, 88.875, 1.5092254751118225e-24, nan 
7.375, 88.875, 1.1496419781114542e-24, nan 
7.625, 88.875, 1.2350419445436277e-24, nan 
7.875, 88.875, 1.059364226879024e-24, nan 
8.125, 88.875, 1.0127477658188211e-24, nan 
8.375, 88.875, 1.0259939660605062e-24, nan 
8.625, 88.875, 1.0800694082806416e-24, nan 
8.875, 88.875, 1.0386245177412932e-24, nan 
9.125, 88.875, 1.0616948390781366e-24, nan 
9.375, 88.875, 1.000691272334777e-24, nan 
9.625, 88.875, 1.017342014598077e-24, nan 
9.875, 88.875, 1.0416864745593687e-24, nan 
10.125, 88.875, 9.684540795713839e-25, nan 
10.375, 88.875, 9.721978142394239e-25, nan 
10.625, 88.875, 9.76669021446971e-25, nan 
10.875, 88.875, 9.549566600804093e-25, nan 
11.125, 88.875, 9.862797588006958e-25, nan 
11.375, 88.875, 1.0192412581595964e-24, nan 
11.625, 88.875, 1.0365149282240531e-24, nan 
11.875, 88.875, 1.0353593071933563e-24, nan 
12.125, 88.875, 1.0409830509383797e-24, nan 
12.375, 88.875, 1.1212382238706182e-24, nan 
12.625, 88.875, 1.121767031914362e-24, nan 
12.875, 88.875, 8.249165599444034e-25, nan 
13.125, 88.875, 1.107775909848455e-24, nan 
13.375, 88.875, 1.17362192098937e-24, nan 
13.625, 88.875, 2.7743766870763116e-24, nan 
13.875, 88.875, 1.2077176463903686e-24, nan 
14.125, 88.875, 1.2049068203947278e-24, nan 
14.375, 88.875, 1.2168874566715387e-24, nan 
14.625, 88.875, 1.2137002558905273e-24, nan 
14.875, 88.875, 1.2402036538239046e-24, nan 
15.125, 88.875, 1.2250003556124449e-24, nan 
15.375, 88.875, 1.2477853172476661e-24, nan 
15.625, 88.875, 1.303208275572346e-24, nan 
15.875, 88.875, 1.280387278753156e-24, nan 
16.125, 88.875, 1.2221963236957532e-24, nan 
16.375, 88.875, 1.453233331823739e-24, nan 
16.625, 88.875, 1.2253259900464352e-24, nan 
16.875, 88.875, 1.0982944459292262e-24, nan 
17.125, 88.875, 9.708434011673094e-25, nan 
17.375, 88.875, 1.2167304874207362e-24, nan 
17.625, 88.875, 1.3272250442387159e-24, nan 
17.875, 88.875, 1.6939510137303177e-24, nan 
18.125, 88.875, 1.3215309515139737e-24, nan 
18.375, 88.875, 1.5469296827572666e-24, nan 
18.625, 88.875, 1.3420577372209929e-24, nan 
18.875, 88.875, 1.3340708578209731e-24, nan 
19.125, 88.875, 1.5211108896411173e-24, nan 
19.375, 88.875, 9.36163793434767e-25, nan 
19.625, 88.875, 1.1921354066457497e-24, nan 
19.875, 88.875, 1.3236716133239287e-24, nan 
20.125, 88.875, 1.1483970174791017e-24, nan 
20.375, 88.875, 1.271187084282459e-24, nan 
20.625, 88.875, 1.1552300982160507e-24, nan 
20.875, 88.875, 1.1587038519084102e-24, nan 
21.125, 88.875, 1.1872892642331302e-24, nan 
21.375, 88.875, 1.2301631169418568e-24, nan 
21.625, 88.875, 1.0809759663489812e-24, nan 
21.875, 88.875, 1.5042458723612875e-24, nan 
22.125, 88.875, 1.4405976452336162e-24, nan 
22.375, 88.875, 1.5771503238785968e-24, nan 
22.625, 88.875, 1.684609050838074e-24, nan 
22.875, 88.875, 2.126290881330835e-24, nan 
23.125, 88.875, 1.6402901117471747e-24, nan 
23.375, 88.875, 1.8391014078044365e-24, nan 
23.625, 88.875, 2.0784161152444924e-24, nan 
23.875, 88.875, 2.1006324541636207e-24, nan 
24.125, 88.875, 2.096701342477466e-24, nan 
24.375, 88.875, 1.9064020642491757e-24, nan 
24.625, 88.875, 9.732002487487585e-25, nan 
24.875, 88.875, 1.4845455818220588e-24, nan 
25.125, 88.875, 1.333959334447605e-24, nan 
25.375, 88.875, 1.620532839419431e-24, nan 
25.625, 88.875, 1.7820167247129734e-24, nan 
25.875, 88.875, 1.6304079000156407e-24, nan 
26.125, 88.875, 1.4777218112186756e-24, nan 
26.375, 88.875, 2.0163256328054428e-24, nan 
26.625, 88.875, 1.598363612123296e-24, nan 
26.875, 88.875, 1.5819693780275713e-24, nan 
27.125, 88.875, 6.420500015701002e-25, nan 
27.375, 88.875, 5.988310759799312e-25, nan 
27.625, 88.875, 4.489352287161294e-25, nan 
27.875, 88.875, 1.0373689797555227e-24, nan 
28.125, 88.875, 4.297452699721823e-25, nan 
28.375, 88.875, 4.659498782169445e-25, nan 
28.625, 88.875, 4.619585668818725e-25, nan 
28.875, 88.875, 4.447449969440821e-25, nan 
29.125, 88.875, 5.0954536020473945e-25, nan 
29.375, 88.875, 6.037188369937225e-25, nan 
29.625, 88.875, 5.69707807609006e-25, nan 
29.875, 88.875, 8.37767453684768e-25, nan 
30.125, 88.875, 9.672485270856013e-25, nan 
30.375, 88.875, 1.1495877242622703e-24, nan 
30.625, 88.875, 1.359499074450561e-24, nan 
30.875, 88.875, 1.5303070176978205e-24, nan 
31.125, 88.875, 1.7026532813265105e-24, nan 
31.375, 88.875, 1.879222807883771e-24, nan 
31.625, 88.875, 2.0510787625786144e-24, nan 
31.875, 88.875, 2.1062092261662665e-24, nan 
32.125, 88.875, 2.2413836759916978e-24, nan 
32.375, 88.875, 2.2470914715235722e-24, nan 
32.625, 88.875, 2.045941891711945e-24, nan 
32.875, 88.875, 1.8917489804145257e-24, nan 
33.125, 88.875, 1.688288407047371e-24, nan 
33.375, 88.875, 1.5107999838564576e-24, nan 
33.625, 88.875, 1.3589388533186789e-24, nan 
33.875, 88.875, 2.110481370093563e-24, nan 
34.125, 88.875, 7.0286943621903e-25, nan 
34.375, 88.875, 5.457700757964482e-25, nan 
34.625, 88.875, 5.595323292776095e-25, nan 
34.875, 88.875, 5.889754197804269e-25, nan 
35.125, 88.875, 5.2931335243787675e-25, nan 
35.375, 88.875, 6.003184839105657e-25, nan 
35.625, 88.875, 6.275347756149954e-25, nan 
35.875, 88.875, 6.301721669437108e-25, nan 
36.125, 88.875, 2.1544052082434776e-24, nan 
36.375, 88.875, 6.823518712644665e-25, nan 
36.625, 88.875, 2.9430706188284235e-25, nan 
36.875, 88.875, 7.5409037901201405e-25, nan 
37.125, 88.875, 7.646673224643151e-25, nan 
37.375, 88.875, 1.4819956727569492e-24, nan 
37.625, 88.875, 8.032613606998164e-25, nan 
37.875, 88.875, 7.878617679763916e-25, nan 
38.125, 88.875, 8.566614401061214e-25, nan 
38.375, 88.875, 5.923579315474971e-25, nan 
38.625, 88.875, 1.3408091995377511e-24, nan 
38.875, 88.875, 2.782116033524999e-25, nan 
39.125, 88.875, 2.9250042062553804e-25, nan 
39.375, 88.875, 4.789689839222676e-25, nan 
39.625, 88.875, 1.25380006100625e-24, nan 
39.875, 88.875, 6.321820439494825e-25, nan 
40.125, 88.875, 5.345448476514506e-25, nan 
40.375, 88.875, 5.759327194763818e-25, nan 
40.625, 88.875, 4.99594485888268e-25, nan 
40.875, 88.875, 4.385099118693282e-25, nan 
41.125, 88.875, 4.49906217723564e-25, nan 
41.375, 88.875, 4.327258338632199e-25, nan 
41.625, 88.875, 4.0986119894436414e-25, nan 
41.875, 88.875, 3.9130691566914678e-25, nan 
42.125, 88.875, 3.5827357263502005e-25, nan 
42.375, 88.875, 4.363963018081232e-25, nan 
42.625, 88.875, 4.365170159150124e-25, nan 
42.875, 88.875, 4.1484846665279785e-25, nan 
43.125, 88.875, 4.023543219981069e-25, nan 
43.375, 88.875, 4.2733652035719805e-25, nan 
43.625, 88.875, 4.180403946640701e-25, nan 
43.875, 88.875, 4.057990105817116e-25, nan 
44.125, 88.875, 4.22309471638495e-25, nan 
44.375, 88.875, 4.158148840940446e-25, nan 
44.625, 88.875, 3.986425974710199e-25, nan 
44.875, 88.875, 3.8325241902765604e-25, nan 
45.125, 88.875, 4.202432601662477e-25, nan 
45.375, 88.875, 3.9525303227066677e-25, nan 
45.625, 88.875, 3.8549156935591434e-25, nan 
45.875, 88.875, 3.980440299016725e-25, nan 
46.125, 88.875, 3.572496651980353e-25, nan 
46.375, 88.875, 3.922253587091417e-25, nan 
46.625, 88.875, 3.9086548434021755e-25, nan 
46.875, 88.875, 3.150670494768681e-25, nan 
47.125, 88.875, 4.679509110260226e-25, nan 
47.375, 88.875, 3.9122393368113564e-25, nan 
47.625, 88.875, 3.5813799225641265e-25, nan 
47.875, 88.875, 4.287891138756075e-25, nan 
48.125, 88.875, 3.3235432665526065e-25, nan 
48.375, 88.875, 4.509426884425797e-25, nan 
48.625, 88.875, 4.650884530042833e-25, nan 
48.875, 88.875, 4.517938309448662e-25, nan 
49.125, 88.875, 4.55206930633642e-25, nan 
49.375, 88.875, 4.5582655750305985e-25, nan 
49.625, 88.875, 4.514276271343118e-25, nan 
49.875, 88.875, 4.656363921605656e-25, nan 
50.125, 88.875, 5.011376327286133e-25, nan 
50.375, 88.875, 4.521123914787101e-25, nan 
50.625, 88.875, 5.28136848324933e-25, nan 
50.875, 88.875, 4.9146542443455215e-25, nan 
51.125, 88.875, 4.587605454527041e-25, nan 
51.375, 88.875, 4.323536197244151e-25, nan 
51.625, 88.875, 4.394793042601494e-25, nan 
51.875, 88.875, 4.561085361095676e-25, nan 
52.125, 88.875, 4.5214290233690435e-25, nan 
52.375, 88.875, 4.715306230600155e-25, nan 
52.625, 88.875, 4.561715946365593e-25, nan 
52.875, 88.875, 4.739622462212152e-25, nan 
53.125, 88.875, 4.485368019495152e-25, nan 
53.375, 88.875, 4.6063850661801705e-25, nan 
53.625, 88.875, 4.593717896689616e-25, nan 
53.875, 88.875, 4.567487348648928e-25, nan 
54.125, 88.875, 4.633076094429693e-25, nan 
54.375, 88.875, 4.601758481534466e-25, nan 
54.625, 88.875, 4.367988101067794e-25, nan 
54.875, 88.875, 4.362255250699964e-25, nan 
55.125, 88.875, 4.948005432567599e-25, nan 
55.375, 88.875, 4.696019156659271e-25, nan 
55.625, 88.875, 4.707105713158273e-25, nan 
55.875, 88.875, 4.745204417595014e-25, nan 
56.125, 88.875, 4.561868190899338e-25, nan 
56.375, 88.875, 4.576504141417074e-25, nan 
56.625, 88.875, 4.3920321409907795e-25, nan 
56.875, 88.875, 4.398408406235446e-25, nan 
57.125, 88.875, 4.30682699139005e-25, nan 
57.375, 88.875, 4.217881068708232e-25, nan 
57.625, 88.875, 3.956089058356029e-25, nan 
57.875, 88.875, 3.6889114653588805e-25, nan 
58.125, 88.875, 3.4923526177948126e-25, nan 
58.375, 88.875, 3.052779269732238e-25, nan 
58.625, 88.875, 3.6132504025635355e-25, nan 
58.875, 88.875, 3.360336117585762e-25, nan 
59.125, 88.875, 3.3219270488910724e-25, nan 
59.375, 88.875, 3.6226230263512904e-25, nan 
59.625, 88.875, 3.5055904002562507e-25, nan 
59.875, 88.875, 3.3351601881996704e-25, nan 
60.125, 88.875, 3.4881193234732405e-25, nan 
60.375, 88.875, 3.418440007684469e-25, nan 
60.625, 88.875, 3.628196364663292e-25, nan 
60.875, 88.875, 3.301080404745373e-25, nan 
61.125, 88.875, 3.3553110352805366e-25, nan 
61.375, 88.875, 3.335624478200093e-25, nan 
61.625, 88.875, 3.2622444762000106e-25, nan 
61.875, 88.875, 3.4901870867028064e-25, nan 
62.125, 88.875, 3.2211510235723015e-25, nan 
62.375, 88.875, 2.786139988050873e-25, nan 
62.625, 88.875, 2.6061001329746845e-25, nan 
62.875, 88.875, 2.5258659474796957e-25, nan 
63.125, 88.875, 2.5543420485537463e-25, nan 
63.375, 88.875, 2.7924873371480396e-25, nan 
63.625, 88.875, 2.914903414826605e-25, nan 
63.875, 88.875, 2.8017277139756264e-25, nan 
64.125, 88.875, 2.963499904834499e-25, nan 
64.375, 88.875, 2.6975285865832933e-25, nan 
64.625, 88.875, 2.3861820006438953e-25, nan 
64.875, 88.875, 2.5008487046134523e-25, nan 
65.125, 88.875, 2.0825274925504006e-25, nan 
65.375, 88.875, 2.05213757011037e-25, nan 
65.625, 88.875, 2.4112689373395785e-25, nan 
65.875, 88.875, 2.4215090883439223e-25, nan 
66.125, 88.875, 2.5627678010455857e-25, nan 
66.375, 88.875, 2.2691682856216236e-25, nan 
66.625, 88.875, 2.4186200098021617e-25, nan 
66.875, 88.875, 2.2450813114161315e-25, nan 
67.125, 88.875, 2.2815062553343884e-25, nan 
67.375, 88.875, 2.044578228261204e-25, nan 
67.625, 88.875, 2.414972562361184e-25, nan 
67.875, 88.875, 2.1522698149486735e-25, nan 
68.125, 88.875, 2.226525346330068e-25, nan 
68.375, 88.875, 2.358045865451072e-25, nan 
68.625, 88.875, 2.221198672301085e-25, nan 
68.875, 88.875, 1.9020383975790812e-25, nan 
69.125, 88.875, 2.300152646869788e-25, nan 
69.375, 88.875, 2.022640274002544e-25, nan 
69.625, 88.875, 2.309051892690085e-25, nan 
69.875, 88.875, 2.3190171845208737e-25, nan 
70.125, 88.875, 2.0880767517257954e-25, nan 
70.375, 88.875, 2.252181056367448e-25, nan 
70.625, 88.875, 2.1910026640933193e-25, nan 
70.875, 88.875, 1.9591643790656807e-25, nan 
71.125, 88.875, 2.4582723837183313e-25, nan 
71.375, 88.875, 2.198549416605712e-25, nan 
71.625, 88.875, 1.8997121890264146e-25, nan 
71.875, 88.875, 2.2708557331895236e-25, nan 
72.125, 88.875, 3.279192055249736e-25, nan 
72.375, 88.875, 3.390462244981008e-25, nan 
72.625, 88.875, 2.973747610715311e-25, nan 
72.875, 88.875, 2.3311716677553453e-25, nan 
73.125, 88.875, 2.295756945432173e-25, nan 
73.375, 88.875, 2.335277856408291e-25, nan 
73.625, 88.875, 2.350017755686425e-25, nan 
73.875, 88.875, 2.3940330317166447e-25, nan 
74.125, 88.875, 2.337781059039006e-25, nan 
74.375, 88.875, 2.584495166630487e-25, nan 
74.625, 88.875, 2.1588207969515813e-25, nan 
74.875, 88.875, 2.2980329433116472e-25, nan 
75.125, 88.875, 2.288127349654575e-25, nan 
75.375, 88.875, 2.2572813648109384e-25, nan 
75.625, 88.875, 2.2268856137782513e-25, nan 
75.875, 88.875, 3.009576718607975e-25, nan 
76.125, 88.875, 2.6119565945073768e-25, nan 
76.375, 88.875, 2.096113074028854e-25, nan 
76.625, 88.875, 2.112322748653289e-25, nan 
76.875, 88.875, 2.904763837300707e-25, nan 
77.125, 88.875, 3.580123179755948e-25, nan 
77.375, 88.875, 3.3546015724918704e-25, nan 
77.625, 88.875, 3.7130468162453425e-25, nan 
77.875, 88.875, 3.7903800838565825e-25, nan 
78.125, 88.875, 3.912513244297403e-25, nan 
78.375, 88.875, 3.7951283581782265e-25, nan 
78.625, 88.875, 3.0537711693914348e-25, nan 
78.875, 88.875, 3.443089407133837e-25, nan 
79.125, 88.875, 3.7767598305329087e-25, nan 
79.375, 88.875, 3.641166297548994e-25, nan 
79.625, 88.875, 3.3886511967898903e-25, nan 
79.875, 88.875, 3.507424004411124e-25, nan 
80.125, 88.875, 3.762953269447249e-25, nan 
80.375, 88.875, 3.831713634748234e-25, nan 
80.625, 88.875, 3.7720103468362097e-25, nan 
80.875, 88.875, 4.0992023689493604e-25, nan 
81.125, 88.875, 4.175104128425643e-25, nan 
81.375, 88.875, 4.49538176035316e-25, nan 
81.625, 88.875, 4.194943842073685e-25, nan 
81.875, 88.875, 4.65607826313029e-25, nan 
82.125, 88.875, 4.472073627464535e-25, nan 
82.375, 88.875, 4.339870900206496e-25, nan 
82.625, 88.875, 4.446504496133056e-25, nan 
82.875, 88.875, 4.146044533866442e-25, nan 
83.125, 88.875, 4.999283395106167e-25, nan 
83.375, 88.875, 5.093673539768549e-25, nan 
83.625, 88.875, 4.9869842145354185e-25, nan 
83.875, 88.875, 5.21888121259812e-25, nan 
84.125, 88.875, 5.074860290307729e-25, nan 
84.375, 88.875, 5.5441351686169955e-25, nan 
84.625, 88.875, 5.328511973951195e-25, nan 
84.875, 88.875, 5.97078371762119e-25, nan 
85.125, 88.875, 5.459734373313809e-25, nan 
85.375, 88.875, 5.859988626901284e-25, nan 
85.625, 88.875, 5.493886168527103e-25, nan 
85.875, 88.875, 5.492040532431108e-25, nan 
86.125, 88.875, 5.779233558160422e-25, nan 
86.375, 88.875, 5.826051659258058e-25, nan 
86.625, 88.875, 4.612746941315572e-25, nan 
86.875, 88.875, 5.06724715227749e-25, nan 
87.125, 88.875, 4.919988131242734e-25, nan 
87.375, 88.875, 4.885308354600509e-25, nan 
87.625, 88.875, 4.987383396896097e-25, nan 
87.875, 88.875, 5.296724000301332e-25, nan 
88.125, 88.875, 5.208237302887856e-25, nan 
88.375, 88.875, 5.518567796926672e-25, nan 
88.625, 88.875, 5.123696481183998e-25, nan 
88.875, 88.875, 4.828319639673562e-25, nan 
89.125, 88.875, 5.925931274383556e-25, nan 
89.375, 88.875, 5.208330653031379e-25, nan 
89.625, 88.875, 5.360505867847521e-25, nan 
89.875, 88.875, 5.2267292228728195e-25, nan 
90.125, 88.875, 5.168129238199403e-25, nan 
90.375, 88.875, 5.479412381697511e-25, nan 
90.625, 88.875, 5.424527510246339e-25, nan 
90.875, 88.875, 5.662111706499054e-25, nan 
91.125, 88.875, 5.67732987390053e-25, nan 
91.375, 88.875, 5.835897851030752e-25, nan 
91.625, 88.875, 5.822295172929726e-25, nan 
91.875, 88.875, 5.792162810385435e-25, nan 
92.125, 88.875, 5.343111728029809e-25, nan 
92.375, 88.875, 5.2254997879173105e-25, nan 
92.625, 88.875, 5.034208314804777e-25, nan 
92.875, 88.875, 4.886958872479943e-25, nan 
93.125, 88.875, 4.950928073985025e-25, nan 
93.375, 88.875, 4.801088679404168e-25, nan 
93.625, 88.875, 4.869438753111481e-25, nan 
93.875, 88.875, 4.762339071169996e-25, nan 
94.125, 88.875, 4.7779250699246555e-25, nan 
94.375, 88.875, 4.618475694818751e-25, nan 
94.625, 88.875, 4.811532521697169e-25, nan 
94.875, 88.875, 4.712741648549417e-25, nan 
95.125, 88.875, 4.56678413722886e-25, nan 
95.375, 88.875, 4.791037991268693e-25, nan 
95.625, 88.875, 4.861575968928016e-25, nan 
95.875, 88.875, 5.096479324916734e-25, nan 
96.125, 88.875, 5.3720284351471825e-25, nan 
96.375, 88.875, 5.587362939313144e-25, nan 
96.625, 88.875, 5.964259596376479e-25, nan 
96.875, 88.875, 4.870753378629101e-25, nan 
97.125, 88.875, 5.173801067400769e-25, nan 
97.375, 88.875, 4.997475958991073e-25, nan 
97.625, 88.875, 5.393051216976177e-25, nan 
97.875, 88.875, 5.068844151306272e-25, nan 
98.125, 88.875, 5.247995733445385e-25, nan 
98.375, 88.875, 5.113280591729081e-25, nan 
98.625, 88.875, 5.247291899705821e-25, nan 
98.875, 88.875, 5.307665572679111e-25, nan 
99.125, 88.875, 5.352441621725053e-25, nan 
99.375, 88.875, 5.118303797640214e-25, nan 
99.625, 88.875, 5.479839354096541e-25, nan 
99.875, 88.875, 5.260053410915551e-25, nan 
100.125, 88.875, 4.8348583577846195e-25, nan 
100.375, 88.875, 4.732146876374919e-25, nan 
100.625, 88.875, 4.916327264688196e-25, nan 
100.875, 88.875, 4.398143818733601e-25, nan 
101.125, 88.875, 4.615267830056201e-25, nan 
101.375, 88.875, 3.549806197975892e-25, nan 
101.625, 88.875, 3.641696238362376e-25, nan 
101.875, 88.875, 5.065676927056779e-25, nan 
102.125, 88.875, 4.156875170418155e-25, nan 
102.375, 88.875, 3.8953355539472554e-25, nan 
102.625, 88.875, 3.257561695136819e-25, nan 
102.875, 88.875, 4.0851185146060775e-25, nan 
103.125, 88.875, 3.4280358760522533e-25, nan 
103.375, 88.875, 3.6404348388453754e-25, nan 
103.625, 88.875, 3.2730649067221372e-25, nan 
103.875, 88.875, 3.209837183841838e-25, nan 
104.125, 88.875, 4.586288259758901e-25, nan 
104.375, 88.875, 3.7437844900930407e-25, nan 
104.625, 88.875, 3.681341199983457e-25, nan 
104.875, 88.875, 3.861007461769994e-25, nan 
105.125, 88.875, 4.096173973182776e-25, nan 
105.375, 88.875, 3.605655194010789e-25, nan 
105.625, 88.875, 3.777622695079488e-25, nan 
105.875, 88.875, 4.0120802044576624e-25, nan 
106.125, 88.875, 3.665181409084007e-25, nan 
106.375, 88.875, 4.749529801828374e-25, nan 
106.625, 88.875, 4.19167974801356e-25, nan 
106.875, 88.875, 4.091682602547153e-25, nan 
107.125, 88.875, 4.485953085954021e-25, nan 
107.375, 88.875, 3.773355911260197e-25, nan 
107.625, 88.875, 3.4400368652102376e-25, nan 
107.875, 88.875, 4.667391503082122e-25, nan 
108.125, 88.875, 5.563795552440831e-25, nan 
108.375, 88.875, 5.673968425242275e-25, nan 
108.625, 88.875, 5.432838428804444e-25, nan 
108.875, 88.875, 5.167381283145235e-25, nan 
109.125, 88.875, 5.144556138370439e-25, nan 
109.375, 88.875, 4.848907967515201e-25, nan 
109.625, 88.875, 5.231823885839175e-25, nan 
109.875, 88.875, 5.068407376190322e-25, nan 
110.125, 88.875, 5.399819016851958e-25, nan 
110.375, 88.875, 5.0894061823153715e-25, nan 
110.625, 88.875, 5.452489286576065e-25, nan 
110.875, 88.875, 5.4648856549826605e-25, nan 
111.125, 88.875, 5.656501372520538e-25, nan 
111.375, 88.875, 5.352083929532293e-25, nan 
111.625, 88.875, 6.999512677793563e-25, nan 
111.875, 88.875, 4.728258971090176e-25, nan 
112.125, 88.875, 6.288696537982461e-25, nan 
112.375, 88.875, 6.9201339477221745e-25, nan 
112.625, 88.875, 7.415570826241554e-25, nan 
112.875, 88.875, 7.374884439879074e-25, nan 
113.125, 88.875, 6.946769221731666e-25, nan 
113.375, 88.875, 6.7783901479369235e-25, nan 
113.625, 88.875, 5.955140346702491e-25, nan 
113.875, 88.875, 6.306346833082778e-25, nan 
114.125, 88.875, 8.178161366352089e-25, nan 
114.375, 88.875, 6.672649568173535e-25, nan 
114.625, 88.875, 5.80187178377403e-25, nan 
114.875, 88.875, 5.930374503677299e-25, nan 
115.125, 88.875, 6.000244692930106e-25, nan 
115.375, 88.875, 8.027065783890457e-25, nan 
115.625, 88.875, 8.94200766793446e-25, nan 
115.875, 88.875, 7.511946578789443e-25, nan 
116.125, 88.875, 6.816230842320501e-25, nan 
116.375, 88.875, 6.436956661534546e-25, nan 
116.625, 88.875, 6.2792539999645e-25, nan 
116.875, 88.875, 6.403110006487318e-25, nan 
117.125, 88.875, 5.636962369641215e-25, nan 
117.375, 88.875, 6.019615438721585e-25, nan 
117.625, 88.875, 5.642339540408408e-25, nan 
117.875, 88.875, 4.955811610127395e-25, nan 
118.125, 88.875, 5.336909347648573e-25, nan 
118.375, 88.875, 4.592524543198219e-25, nan 
118.625, 88.875, 4.647115479985886e-25, nan 
118.875, 88.875, 4.996710164469926e-25, nan 
119.125, 88.875, 4.791027239566192e-25, nan 
119.375, 88.875, 4.920417461360458e-25, nan 
119.625, 88.875, 6.1982016679946605e-25, nan 
119.875, 88.875, 5.567726987263927e-25, nan 
120.125, 88.875, 5.668048837638204e-25, nan 
120.375, 88.875, 6.062704356843336e-25, nan 
120.625, 88.875, 6.614107192539395e-25, nan 
120.875, 88.875, 6.29312860293523e-25, nan 
121.125, 88.875, 6.50267619948744e-25, nan 
121.375, 88.875, 6.988350379882666e-25, nan 
121.625, 88.875, 6.4305552848428795e-25, nan 
121.875, 88.875, 6.509244166086648e-25, nan 
122.125, 88.875, 6.009701760683181e-25, nan 
122.375, 88.875, 6.369579679972907e-25, nan 
122.625, 88.875, 5.929964627885457e-25, nan 
122.875, 88.875, 5.665976236128478e-25, nan 
123.125, 88.875, 5.746186049238604e-25, nan 
123.375, 88.875, 5.913792350846407e-25, nan 
123.625, 88.875, 5.666024208873591e-25, nan 
123.875, 88.875, 6.219600075351003e-25, nan 
124.125, 88.875, 6.273764954198568e-25, nan 
124.375, 88.875, 6.695646715063559e-25, nan 
124.625, 88.875, 7.017009439274672e-25, nan 
124.875, 88.875, 6.8274977020271685e-25, nan 
125.125, 88.875, 7.579568153288591e-25, nan 
125.375, 88.875, 7.608802708476739e-25, nan 
125.625, 88.875, 7.596075893836074e-25, nan 
-179.875, 89.125, 2.700775007848738e-24, nan 
-179.625, 89.125, 2.7139562572265295e-24, nan 
-179.375, 89.125, 1.605354362030217e-24, nan 
-179.125, 89.125, 1.2597365789465151e-24, nan 
-178.875, 89.125, 1.2409315359197708e-24, nan 
-178.625, 89.125, 1.1761448980867713e-24, nan 
-178.375, 89.125, 1.1342642827728012e-24, nan 
-178.125, 89.125, 1.2232633118530755e-24, nan 
-177.875, 89.125, 1.1782845042120376e-24, nan 
-177.625, 89.125, 1.2320877439046011e-24, nan 
-177.375, 89.125, 1.1565762463267372e-24, nan 
-177.125, 89.125, 1.2629180825240165e-24, nan 
-176.875, 89.125, 1.2667371682308901e-24, nan 
-176.625, 89.125, 1.295020388997871e-24, nan 
-176.375, 89.125, 1.2557632332654788e-24, nan 
-176.125, 89.125, 1.2898276099948997e-24, nan 
-175.875, 89.125, 1.3698858098179587e-24, nan 
-175.625, 89.125, 1.3251683691092491e-24, nan 
-175.375, 89.125, 1.591228394673319e-24, nan 
-175.125, 89.125, 1.3299838817697229e-24, nan 
-174.875, 89.125, 1.2691839081730984e-24, nan 
-174.625, 89.125, 1.3289676839897154e-24, nan 
-174.375, 89.125, 1.3705502734201758e-24, nan 
-174.125, 89.125, 1.4317266300809845e-24, nan 
-173.875, 89.125, 1.442207528545933e-24, nan 
-173.625, 89.125, 1.8783959996563424e-24, nan 
-173.375, 89.125, 1.900166769917043e-24, nan 
-173.125, 89.125, 1.5700766285555282e-24, nan 
-172.875, 89.125, 1.867616448133221e-24, nan 
-172.625, 89.125, 1.883279214510698e-24, nan 
-172.375, 89.125, 1.774348315933759e-24, nan 
-172.125, 89.125, 1.758656868409716e-24, nan 
-171.875, 89.125, 1.7628160969043757e-24, nan 
-171.625, 89.125, 1.7734888820476316e-24, nan 
-171.375, 89.125, 1.4669931959204985e-24, nan 
-171.125, 89.125, 1.7076128503354458e-24, nan 
-170.875, 89.125, 1.7082604459181636e-24, nan 
-170.625, 89.125, 1.500759887131947e-24, nan 
-170.375, 89.125, 1.5255580277826458e-24, nan 
-170.125, 89.125, 1.5130799820459483e-24, nan 
-169.875, 89.125, 1.5649132516337518e-24, nan 
-169.625, 89.125, 1.4916231046619294e-24, nan 
-169.375, 89.125, 1.292797270738503e-24, nan 
-169.125, 89.125, 1.2204576947894493e-24, nan 
-168.875, 89.125, 1.2376352339303772e-24, nan 
-168.625, 89.125, 1.1972172044989258e-24, nan 
-168.375, 89.125, 1.1621723165262623e-24, nan 
-168.125, 89.125, 1.1398202748010978e-24, nan 
-167.875, 89.125, 1.1040922479284459e-24, nan 
-167.625, 89.125, 1.0377790551998488e-24, nan 
-167.375, 89.125, 1.0735549844087478e-24, nan 
-167.125, 89.125, 1.0670099130368773e-24, nan 
-166.875, 89.125, 1.1033652293572319e-24, nan 
-166.625, 89.125, 1.0996999341231957e-24, nan 
-166.375, 89.125, 1.0873447717591532e-24, nan 
-166.125, 89.125, 1.065255930542082e-24, nan 
-165.875, 89.125, 1.0692496373551802e-24, nan 
-165.625, 89.125, 1.2895458172101551e-24, nan 
-165.375, 89.125, 1.2511111589089304e-24, nan 
-165.125, 89.125, 1.0933701599944469e-24, nan 
-164.875, 89.125, 1.1455763877072382e-24, nan 
-164.625, 89.125, 1.6084360194579409e-24, nan 
-164.375, 89.125, 1.4851244336869651e-24, nan 
-164.125, 89.125, 1.5343458936672637e-24, nan 
-163.875, 89.125, 1.562650259288403e-24, nan 
-163.625, 89.125, 1.6357228790202175e-24, nan 
-163.375, 89.125, 1.6773835043711033e-24, nan 
-163.125, 89.125, 9.850531450668053e-25, nan 
-162.875, 89.125, 8.664201439516427e-25, nan 
-162.625, 89.125, 7.49024870240875e-25, nan 
-162.375, 89.125, 7.719105106860757e-25, nan 
-162.125, 89.125, 7.427237664236141e-25, nan 
-161.875, 89.125, 7.655910111573151e-25, nan 
-161.625, 89.125, 7.69354467123678e-25, nan 
-161.375, 89.125, 7.803195601258179e-25, nan 
-161.125, 89.125, 7.900006697908086e-25, nan 
-160.875, 89.125, 7.914460618558121e-25, nan 
-160.625, 89.125, 8.286141465786227e-25, nan 
-160.375, 89.125, 8.328452188470299e-25, nan 
-160.125, 89.125, 8.32419983576955e-25, nan 
-159.875, 89.125, 8.691385545860116e-25, nan 
-159.625, 89.125, 7.726291010249258e-25, nan 
-159.375, 89.125, 8.28120893373906e-25, nan 
-159.125, 89.125, 8.779549196114576e-25, nan 
-158.875, 89.125, 8.322699627382198e-25, nan 
-158.625, 89.125, 7.576756460972344e-25, nan 
-158.375, 89.125, 9.03151759149814e-25, nan 
-158.125, 89.125, 9.201125880925326e-25, nan 
-157.875, 89.125, 9.463079770317846e-25, nan 
-157.625, 89.125, 9.293228935070674e-25, nan 
-157.375, 89.125, 1.0086574366284341e-24, nan 
-157.125, 89.125, 1.0255887991737102e-24, nan 
-156.875, 89.125, 8.965115304908569e-25, nan 
-156.625, 89.125, 9.92696660974779e-25, nan 
-156.375, 89.125, 9.949812281392803e-25, nan 
-156.125, 89.125, 8.637061503258285e-25, nan 
-155.875, 89.125, 1.0030302542377449e-24, nan 
-155.625, 89.125, 9.688735835901811e-25, nan 
-155.375, 89.125, 9.739005926672664e-25, nan 
-155.125, 89.125, 8.851708198609742e-25, nan 
-154.875, 89.125, 1.0258871834392045e-24, nan 
-154.625, 89.125, 9.732724134724118e-25, nan 
-154.375, 89.125, 9.739686380140102e-25, nan 
-154.125, 89.125, 9.869250125644787e-25, nan 
-153.875, 89.125, 1.0247385221873806e-24, nan 
-153.625, 89.125, 1.0030087920733617e-24, nan 
-153.375, 89.125, 1.0535533673295694e-24, nan 
-153.125, 89.125, 1.0410935748906175e-24, nan 
-152.875, 89.125, 1.1081558096447924e-24, nan 
-152.625, 89.125, 9.867330833428024e-25, nan 
-152.375, 89.125, 1.0111969111153735e-24, nan 
-152.125, 89.125, 9.21370068239834e-25, nan 
-151.875, 89.125, 9.357525542895234e-25, nan 
-151.625, 89.125, 1.0994898255737256e-24, nan 
-151.375, 89.125, 1.0172646843806364e-24, nan 
-151.125, 89.125, 1.0833426698081627e-24, nan 
-150.875, 89.125, 1.0704177338324663e-24, nan 
-150.625, 89.125, 1.0583497292703845e-24, nan 
-150.375, 89.125, 1.0357144975170606e-24, nan 
-150.125, 89.125, 9.355311165563345e-25, nan 
-149.875, 89.125, 9.222863751597243e-25, nan 
-149.625, 89.125, 8.212512811914629e-25, nan 
-149.375, 89.125, 7.102185916909624e-25, nan 
-149.125, 89.125, 7.160299162195164e-25, nan 
-148.875, 89.125, 6.743188498671542e-25, nan 
-148.625, 89.125, 8.038083107883947e-25, nan 
-148.375, 89.125, 1.0612373929126555e-24, nan 
-148.125, 89.125, 7.0851446044335905e-25, nan 
-147.875, 89.125, 6.859925412001222e-25, nan 
-147.625, 89.125, 7.017318869846893e-25, nan 
-147.375, 89.125, 6.827818760513115e-25, nan 
-147.125, 89.125, 6.88225417712396e-25, nan 
-146.875, 89.125, 6.9261445422752735e-25, nan 
-146.625, 89.125, 6.0418195844446865e-25, nan 
-146.375, 89.125, 6.053449787346958e-25, nan 
-146.125, 89.125, 6.979133640444034e-25, nan 
-145.875, 89.125, 5.8223948651653585e-25, nan 
-145.625, 89.125, 6.57113753082996e-25, nan 
-145.375, 89.125, 6.451144257052389e-25, nan 
-145.125, 89.125, 7.184112560266098e-25, nan 
-144.875, 89.125, 7.328725063830553e-25, nan 
-144.625, 89.125, 7.358932019400567e-25, nan 
-144.375, 89.125, 8.553800437821064e-25, nan 
-144.125, 89.125, 9.103712912321186e-25, nan 
-143.875, 89.125, 8.792130282777395e-25, nan 
-143.625, 89.125, 9.331185227942265e-25, nan 
-143.375, 89.125, 8.571804768992714e-25, nan 
-143.125, 89.125, 1.0153783263757373e-24, nan 
-142.875, 89.125, 9.791643323485646e-25, nan 
-142.625, 89.125, 9.931937501892832e-25, nan 
-142.375, 89.125, 7.032555421309276e-25, nan 
-142.125, 89.125, 9.292266194972434e-25, nan 
-141.875, 89.125, 1.0657807158775893e-24, nan 
-141.625, 89.125, 1.0846340541430019e-24, nan 
-141.375, 89.125, 1.1567916506875132e-24, nan 
-141.125, 89.125, 1.1359110605811961e-24, nan 
-140.875, 89.125, 1.1308262468611984e-24, nan 
-140.625, 89.125, 1.1477197971952635e-24, nan 
-140.375, 89.125, 1.1121578852145876e-24, nan 
-140.125, 89.125, 1.2070052469274833e-24, nan 
-139.875, 89.125, 9.194631208336645e-25, nan 
-139.625, 89.125, 1.1676470337093643e-24, nan 
-139.375, 89.125, 1.1609979911798469e-24, nan 
-139.125, 89.125, 1.1930312076723054e-24, nan 
-138.875, 89.125, 1.1434396608967709e-24, nan 
-138.625, 89.125, 1.1559516866891673e-24, nan 
-138.375, 89.125, 1.1298479933026366e-24, nan 
-138.125, 89.125, 9.929294334428017e-25, nan 
-137.875, 89.125, 1.0791960644454671e-24, nan 
-137.625, 89.125, 1.078183235903939e-24, nan 
-137.375, 89.125, 1.0640011745967126e-24, nan 
-137.125, 89.125, 1.06011847705722e-24, nan 
-136.875, 89.125, 1.122720148527038e-24, nan 
-136.625, 89.125, 1.0733664571530912e-24, nan 
-136.375, 89.125, 1.1352324276650677e-24, nan 
-136.125, 89.125, 1.1614980028242887e-24, nan 
-135.875, 89.125, 1.13662714195495e-24, nan 
-135.625, 89.125, 1.0331825261611425e-24, nan 
-135.375, 89.125, 1.2371171857522519e-24, nan 
-135.125, 89.125, 1.1017138833503025e-24, nan 
-134.875, 89.125, 1.1047942186198656e-24, nan 
-134.625, 89.125, 1.0774107210363326e-24, nan 
-134.375, 89.125, 1.2085016424692592e-24, nan 
-134.125, 89.125, 1.0395830359918972e-24, nan 
-133.875, 89.125, 1.0703893831402168e-24, nan 
-133.625, 89.125, 1.1247421210926104e-24, nan 
-133.375, 89.125, 1.0255168845184783e-24, nan 
-133.125, 89.125, 9.425514354088361e-25, nan 
-132.875, 89.125, 9.870520473975327e-25, nan 
-132.625, 89.125, 8.442594533279593e-25, nan 
-132.375, 89.125, 8.293870499712342e-25, nan 
-132.125, 89.125, 9.317457162740064e-25, nan 
-131.875, 89.125, 7.622472307261144e-25, nan 
-131.625, 89.125, 7.860615961730424e-25, nan 
-131.375, 89.125, 8.932527514542086e-25, nan 
-131.125, 89.125, 9.056727153382458e-25, nan 
-130.875, 89.125, 8.687611264306353e-25, nan 
-130.625, 89.125, 9.047896841147994e-25, nan 
-130.375, 89.125, 6.015621825954612e-25, nan 
-130.125, 89.125, 6.557733766252413e-25, nan 
-129.875, 89.125, 6.712316342025629e-25, nan 
-129.625, 89.125, 6.423078758662156e-25, nan 
-129.375, 89.125, 5.959960217568742e-25, nan 
-129.125, 89.125, 7.659232798581903e-25, nan 
-128.875, 89.125, 6.932465833986871e-25, nan 
-128.625, 89.125, 7.708390843844776e-25, nan 
-128.375, 89.125, 6.372059931869526e-25, nan 
-128.125, 89.125, 6.748161931675498e-25, nan 
-127.875, 89.125, 7.027390512815867e-25, nan 
-127.625, 89.125, 5.774408199679211e-25, nan 
-127.375, 89.125, 7.071224118289098e-25, nan 
-127.125, 89.125, 5.719124536233569e-25, nan 
-126.875, 89.125, 6.662204821932228e-25, nan 
-126.625, 89.125, 5.294671058036299e-25, nan 
-126.375, 89.125, 6.013273552829372e-25, nan 
-126.125, 89.125, 6.342997155919784e-25, nan 
-125.875, 89.125, 6.37959591843191e-25, nan 
-125.625, 89.125, 6.139043261862031e-25, nan 
-125.375, 89.125, 6.674033474228753e-25, nan 
-125.125, 89.125, 5.993412222629254e-25, nan 
-124.875, 89.125, 5.765651956848503e-25, nan 
-124.625, 89.125, 5.776348081395865e-25, nan 
-124.375, 89.125, 5.490782210973075e-25, nan 
-124.125, 89.125, 5.8724004600702835e-25, nan 
-123.875, 89.125, 5.862330412698943e-25, nan 
-123.625, 89.125, 3.9399059197615235e-25, nan 
-123.375, 89.125, 3.974057890303201e-25, nan 
-123.125, 89.125, 3.5894219842408938e-25, nan 
-122.875, 89.125, 3.8556038569246687e-25, nan 
-122.625, 89.125, 4.1862252433576685e-25, nan 
-122.375, 89.125, 3.484415090761855e-25, nan 
-122.125, 89.125, 3.592848211020834e-25, nan 
-121.875, 89.125, 4.856764297288659e-25, nan 
-121.625, 89.125, 3.8805921759558005e-25, nan 
-121.375, 89.125, 4.0325066245003362e-25, nan 
-121.125, 89.125, 3.6554461181827686e-25, nan 
-120.875, 89.125, 3.8240699290488204e-25, nan 
-120.625, 89.125, 3.965048242692662e-25, nan 
-120.375, 89.125, 4.0248984693710768e-25, nan 
-120.125, 89.125, 4.043503191210997e-25, nan 
-119.875, 89.125, 3.9752827576575524e-25, nan 
-119.625, 89.125, 4.1348379596472558e-25, nan 
-119.375, 89.125, 4.30473680010923e-25, nan 
-119.125, 89.125, 3.800971311377105e-25, nan 
-118.875, 89.125, 4.688119436840195e-25, nan 
-118.625, 89.125, 3.577710445582948e-25, nan 
-118.375, 89.125, 3.5780517998103764e-25, nan 
-118.125, 89.125, 3.8908890833204215e-25, nan 
-117.875, 89.125, 3.733754193483755e-25, nan 
-117.625, 89.125, 4.626637819910677e-25, nan 
-117.375, 89.125, 3.874021759828096e-25, nan 
-117.125, 89.125, 3.81938367562457e-25, nan 
-116.875, 89.125, 3.619744465036155e-25, nan 
-116.625, 89.125, 3.7032864378910965e-25, nan 
-116.375, 89.125, 3.5698440803848325e-25, nan 
-116.125, 89.125, 6.647716720001064e-25, nan 
-115.875, 89.125, 5.559876320475931e-25, nan 
-115.625, 89.125, 4.611748328340322e-25, nan 
-115.375, 89.125, 3.8566573252091943e-25, nan 
-115.125, 89.125, 3.71887868751574e-25, nan 
-114.875, 89.125, 2.8036336202265396e-25, nan 
-114.625, 89.125, 2.7181300534152724e-25, nan 
-114.375, 89.125, 2.9125131455177744e-25, nan 
-114.125, 89.125, 3.5526915234197935e-25, nan 
-113.875, 89.125, 3.431753374618493e-25, nan 
-113.625, 89.125, 4.136917583005491e-25, nan 
-113.375, 89.125, 4.273526985333059e-25, nan 
-113.125, 89.125, 3.5332351005726826e-25, nan 
-112.875, 89.125, 3.6127044985162904e-25, nan 
-112.625, 89.125, 3.819488424073086e-25, nan 
-112.375, 89.125, 3.8034432478801154e-25, nan 
-112.125, 89.125, 4.458611305844471e-25, nan 
-111.875, 89.125, 3.6408885727226713e-25, nan 
-111.625, 89.125, 4.687496494814496e-25, nan 
-111.375, 89.125, 3.8531920228759056e-25, nan 
-111.125, 89.125, 3.965322112200989e-25, nan 
-110.875, 89.125, 3.914838491176605e-25, nan 
-110.625, 89.125, 4.1123339411282006e-25, nan 
-110.375, 89.125, 4.092527477796868e-25, nan 
-110.125, 89.125, 5.039169057005172e-25, nan 
-109.875, 89.125, 4.953048175296791e-25, nan 
-109.625, 89.125, 5.04941254982696e-25, nan 
-109.375, 89.125, 5.124062141820454e-25, nan 
-109.125, 89.125, 5.132279195058128e-25, nan 
-108.875, 89.125, 4.740614140167242e-25, nan 
-108.625, 89.125, 4.497157679057602e-25, nan 
-108.375, 89.125, 4.317280059521106e-25, nan 
-108.125, 89.125, 4.282996416851758e-25, nan 
-107.875, 89.125, 4.382149919089692e-25, nan 
-107.625, 89.125, 4.544641923989896e-25, nan 
-107.375, 89.125, 2.776162261867977e-25, nan 
-107.125, 89.125, 2.531044288227198e-25, nan 
-106.875, 89.125, 2.5413543844090263e-25, nan 
-106.625, 89.125, 2.314241814087263e-25, nan 
-106.375, 89.125, 2.545773232454234e-25, nan 
-106.125, 89.125, 2.9793524573260492e-25, nan 
-105.875, 89.125, 2.6519632174542057e-25, nan 
-105.625, 89.125, 3.4480973655335046e-25, nan 
-105.375, 89.125, 3.392462814488797e-25, nan 
-105.125, 89.125, 3.060192250805168e-25, nan 
-104.875, 89.125, 2.841433764371025e-25, nan 
-104.625, 89.125, 2.8214209620334573e-25, nan 
-104.375, 89.125, 2.724659872821354e-25, nan 
-104.125, 89.125, 3.0695019492136457e-25, nan 
-103.875, 89.125, 3.034908643613853e-25, nan 
-103.625, 89.125, 3.055514600036258e-25, nan 
-103.375, 89.125, 2.9431991825990895e-25, nan 
-103.125, 89.125, 2.759338878234244e-25, nan 
-102.875, 89.125, 2.4332887537734154e-25, nan 
-102.625, 89.125, 2.3657032965020664e-25, nan 
-102.375, 89.125, 2.5198897778700793e-25, nan 
-102.125, 89.125, 2.049969701323741e-25, nan 
-101.875, 89.125, 2.107911157352082e-25, nan 
-101.625, 89.125, 2.252426451082279e-25, nan 
-101.375, 89.125, 1.829661140386139e-25, nan 
-101.125, 89.125, 1.7614992210113098e-25, nan 
-100.875, 89.125, 1.6255538708975771e-25, nan 
-100.625, 89.125, 1.2758079231773734e-25, nan 
-100.375, 89.125, 1.3604367252024368e-25, nan 
-100.125, 89.125, 1.3691063732573396e-25, nan 
-99.875, 89.125, 1.3631292201163494e-25, nan 
-99.625, 89.125, 1.3282900804225485e-25, nan 
-99.375, 89.125, 1.1727586766737638e-25, nan 
-99.125, 89.125, 1.3753205560838038e-25, nan 
-98.875, 89.125, 1.0212503197316422e-25, nan 
-98.625, 89.125, 9.976495144223527e-26, nan 
-98.375, 89.125, 1.1701972371032609e-25, nan 
-98.125, 89.125, 1.2667908855070046e-25, nan 
-97.875, 89.125, 1.6894873158076965e-25, nan 
-97.625, 89.125, 1.569384648934926e-25, nan 
-97.375, 89.125, 9.015305054258672e-26, nan 
-97.125, 89.125, 7.183864894077654e-26, nan 
-96.875, 89.125, 1.0877239570128466e-25, nan 
-96.625, 89.125, 1.1370428385137468e-25, nan 
-96.375, 89.125, 1.1340063308975068e-25, nan 
-96.125, 89.125, 1.22580777422472e-25, nan 
-95.875, 89.125, 1.1382727396549092e-25, nan 
-95.625, 89.125, 1.1151536078816263e-25, nan 
-95.375, 89.125, 1.3146603079332729e-25, nan 
-95.125, 89.125, 2.4861960175730386e-25, nan 
-94.875, 89.125, 2.5743619283177726e-25, nan 
-94.625, 89.125, 2.7018665506473366e-25, nan 
-94.375, 89.125, 2.502908635629348e-25, nan 
-94.125, 89.125, 2.5244686801910885e-25, nan 
-93.875, 89.125, 1.7384445836876793e-25, nan 
-93.625, 89.125, 1.8412862337229288e-25, nan 
-93.375, 89.125, 1.8563155055550407e-25, nan 
-93.125, 89.125, 2.008375504865856e-25, nan 
-92.875, 89.125, 2.025368808026751e-25, nan 
-92.625, 89.125, 2.05804243755501e-25, nan 
-92.375, 89.125, 2.057108951568357e-25, nan 
-92.125, 89.125, 2.136068268840684e-25, nan 
-91.875, 89.125, 2.3656471149972785e-25, nan 
-91.625, 89.125, 2.357707225314683e-25, nan 
-91.375, 89.125, 2.3655320951120057e-25, nan 
-91.125, 89.125, 2.674585866898333e-25, nan 
-90.875, 89.125, 3.54211674710497e-25, nan 
-90.625, 89.125, 3.3430295125621025e-25, nan 
-90.375, 89.125, 3.3844295198635457e-25, nan 
-90.125, 89.125, 3.1903442776771776e-25, nan 
-89.875, 89.125, 3.125548756177676e-25, nan 
-89.625, 89.125, 2.9950373729005483e-25, nan 
-89.375, 89.125, 2.8784012238700363e-25, nan 
-89.125, 89.125, 2.642126321995722e-25, nan 
-88.875, 89.125, 2.306260662606218e-25, nan 
-88.625, 89.125, 2.2742717309064577e-25, nan 
-88.375, 89.125, 2.166186684427379e-25, nan 
-88.125, 89.125, 1.8179717561738204e-25, nan 
-87.875, 89.125, 1.8336588952576821e-25, nan 
-87.625, 89.125, 1.8554442677930757e-25, nan 
-87.375, 89.125, 2.2277238033635554e-25, nan 
-87.125, 89.125, 2.131049089261637e-25, nan 
-86.875, 89.125, 2.5621537798737476e-25, nan 
-86.625, 89.125, 2.0798791012617127e-25, nan 
-86.375, 89.125, 2.0833882775985346e-25, nan 
-86.125, 89.125, 2.177748085721507e-25, nan 
-85.875, 89.125, 2.244408956360588e-25, nan 
-85.625, 89.125, 2.5958701186864284e-25, nan 
-85.375, 89.125, 2.266443274644318e-25, nan 
-85.125, 89.125, 2.249968774736219e-25, nan 
-84.875, 89.125, 2.415751639665943e-25, nan 
-84.625, 89.125, 2.3086184004037473e-25, nan 
-84.375, 89.125, 2.8613363837138634e-25, nan 
-84.125, 89.125, 2.4832259918390016e-25, nan 
-83.875, 89.125, 3.092559009600507e-25, nan 
-83.625, 89.125, 2.7318227861768223e-25, nan 
-83.375, 89.125, 3.5220181510693154e-25, nan 
-83.125, 89.125, 3.2136693490545497e-25, nan 
-82.875, 89.125, 3.3350839059019287e-25, nan 
-82.625, 89.125, 3.5768526397532406e-25, nan 
-82.375, 89.125, 3.706302698004113e-25, nan 
-82.125, 89.125, 4.627623176886635e-25, nan 
-81.875, 89.125, 4.479805528716327e-25, nan 
-81.625, 89.125, 5.065003659253355e-25, nan 
-81.375, 89.125, 5.4000105995966965e-25, nan 
-81.125, 89.125, 6.003170484693011e-25, nan 
-80.875, 89.125, 6.791783760937492e-25, nan 
-80.625, 89.125, 6.835173516763927e-25, nan 
-80.375, 89.125, 7.527749995262708e-25, nan 
-80.125, 89.125, 6.196472684802938e-25, nan 
-79.875, 89.125, 6.159950740843697e-25, nan 
-79.625, 89.125, 5.786010929598784e-25, nan 
-79.375, 89.125, 6.379539276832949e-25, nan 
-79.125, 89.125, 6.54221393714391e-25, nan 
-78.875, 89.125, 6.171488053210594e-25, nan 
-78.625, 89.125, 6.180977547744896e-25, nan 
-78.375, 89.125, 6.187771154934833e-25, nan 
-78.125, 89.125, 6.144921746978292e-25, nan 
-77.875, 89.125, 6.564455965131745e-25, nan 
-77.625, 89.125, 6.117815987867545e-25, nan 
-77.375, 89.125, 6.181007622082327e-25, nan 
-77.125, 89.125, 5.976813331355576e-25, nan 
-76.875, 89.125, 6.217357081950561e-25, nan 
-76.625, 89.125, 5.841236253126659e-25, nan 
-76.375, 89.125, 5.914326706034733e-25, nan 
-76.125, 89.125, 5.95105318906667e-25, nan 
-75.875, 89.125, 6.4368264417201e-25, nan 
-75.625, 89.125, 6.372962697869519e-25, nan 
-75.375, 89.125, 6.492445173822687e-25, nan 
-75.125, 89.125, 6.27482500430039e-25, nan 
-74.875, 89.125, 6.002880697262116e-25, nan 
-74.625, 89.125, 5.932929223236001e-25, nan 
-74.375, 89.125, 6.144410352577351e-25, nan 
-74.125, 89.125, 6.227738653589544e-25, nan 
-73.875, 89.125, 6.336473919604786e-25, nan 
-73.625, 89.125, 6.422553159082313e-25, nan 
-73.375, 89.125, 5.890763828745771e-25, nan 
-73.125, 89.125, 6.474325809549708e-25, nan 
-72.875, 89.125, 7.0354390819924435e-25, nan 
-72.625, 89.125, 7.63096067276847e-25, nan 
-72.375, 89.125, 8.19174229314299e-25, nan 
-72.125, 89.125, 9.74443403032703e-25, nan 
-71.875, 89.125, 9.988781742787776e-25, nan 
-71.625, 89.125, 1.0013055075231161e-24, nan 
-71.375, 89.125, 1.018393172482368e-24, nan 
-71.125, 89.125, 9.639743923705033e-25, nan 
-70.875, 89.125, 9.921635335415407e-25, nan 
-70.625, 89.125, 9.315551647673928e-25, nan 
-70.375, 89.125, 1.0213836443778436e-24, nan 
-70.125, 89.125, 9.788398491784942e-25, nan 
-69.875, 89.125, 9.406915023416516e-25, nan 
-69.625, 89.125, 9.60537708858543e-25, nan 
-69.375, 89.125, 9.229765179678365e-25, nan 
-69.125, 89.125, 1.009937306687575e-24, nan 
-68.875, 89.125, 1.0041904808037224e-24, nan 
-68.625, 89.125, 9.83235093960166e-25, nan 
-68.375, 89.125, 9.856238595724586e-25, nan 
-68.125, 89.125, 9.482906975415286e-25, nan 
-67.875, 89.125, 1.0018440763520622e-24, nan 
-67.625, 89.125, 1.0191677680767193e-24, nan 
-67.375, 89.125, 1.016921996489157e-24, nan 
-67.125, 89.125, 9.283673569763324e-25, nan 
-66.875, 89.125, 9.842951338985676e-25, nan 
-66.625, 89.125, 9.736010249147584e-25, nan 
-66.375, 89.125, 9.490235954485843e-25, nan 
-66.125, 89.125, 9.386582717522769e-25, nan 
-65.875, 89.125, 8.7402322500028e-25, nan 
-65.625, 89.125, 8.916540221037007e-25, nan 
-65.375, 89.125, 8.472969604922051e-25, nan 
-65.125, 89.125, 9.282179185633668e-25, nan 
-64.875, 89.125, 8.236216006484084e-25, nan 
-64.625, 89.125, 8.597932685941783e-25, nan 
-64.375, 89.125, 9.56243292259188e-25, nan 
-64.125, 89.125, 9.44682241149325e-25, nan 
-63.875, 89.125, 8.974286565243525e-25, nan 
-63.625, 89.125, 9.069005079379826e-25, nan 
-63.375, 89.125, 9.694354079329476e-25, nan 
-63.125, 89.125, 9.066942098759514e-25, nan 
-62.875, 89.125, 9.250510265016642e-25, nan 
-62.625, 89.125, 9.461745230048544e-25, nan 
-62.375, 89.125, 9.051203336742455e-25, nan 
-62.125, 89.125, 8.450230482901405e-25, nan 
-61.875, 89.125, 9.196545090653521e-25, nan 
-61.625, 89.125, 8.486841799372674e-25, nan 
-61.375, 89.125, 8.655878823084308e-25, nan 
-61.125, 89.125, 8.289310581638994e-25, nan 
-60.875, 89.125, 8.819436874530473e-25, nan 
-60.625, 89.125, 8.183307756916436e-25, nan 
-60.375, 89.125, 8.500245628341429e-25, nan 
-60.125, 89.125, 8.221005191474579e-25, nan 
-59.875, 89.125, 8.092737019852111e-25, nan 
-59.625, 89.125, 7.945975105862775e-25, nan 
-59.375, 89.125, 8.258134195316188e-25, nan 
-59.125, 89.125, 8.169282361992995e-25, nan 
-58.875, 89.125, 8.228980393453382e-25, nan 
-58.625, 89.125, 7.946633847213933e-25, nan 
-58.375, 89.125, 7.451188991070706e-25, nan 
-58.125, 89.125, 7.397363819619565e-25, nan 
-57.875, 89.125, 7.85762420950663e-25, nan 
-57.625, 89.125, 7.6444071457523645e-25, nan 
-57.375, 89.125, 8.029256760800836e-25, nan 
-57.125, 89.125, 8.783311406122291e-25, nan 
-56.875, 89.125, 8.075749061951268e-25, nan 
-56.625, 89.125, 8.15317550555077e-25, nan 
-56.375, 89.125, 8.489523231720165e-25, nan 
-56.125, 89.125, 9.246395178023247e-25, nan 
-55.875, 89.125, 1.0823357428513156e-24, nan 
-55.625, 89.125, 1.1172522574660899e-24, nan 
-55.375, 89.125, 1.0990789211051218e-24, nan 
-55.125, 89.125, 1.2040946951195282e-24, nan 
-54.875, 89.125, 1.063138514863304e-24, nan 
-54.625, 89.125, 1.1949136695239483e-24, nan 
-54.375, 89.125, 1.0568048804528876e-24, nan 
-54.125, 89.125, 1.1160905552786185e-24, nan 
-53.875, 89.125, 1.1529665898180431e-24, nan 
-53.625, 89.125, 1.0425250176626448e-24, nan 
-53.375, 89.125, 1.0278793733069868e-24, nan 
-53.125, 89.125, 1.104294135335623e-24, nan 
-52.875, 89.125, 1.0958704564025178e-24, nan 
-52.625, 89.125, 1.1468209456911794e-24, nan 
-52.375, 89.125, 1.064545306435567e-24, nan 
-52.125, 89.125, 1.0686563337193499e-24, nan 
-51.875, 89.125, 9.97628515273883e-25, nan 
-51.625, 89.125, 1.0358585411763701e-24, nan 
-51.375, 89.125, 1.0315621575511076e-24, nan 
-51.125, 89.125, 1.0382614565214016e-24, nan 
-50.875, 89.125, 9.246075072872409e-25, nan 
-50.625, 89.125, 9.591014390161294e-25, nan 
-50.375, 89.125, 8.986718326321683e-25, nan 
-50.125, 89.125, 8.922559155373313e-25, nan 
-49.875, 89.125, 8.081394916032717e-25, nan 
-49.625, 89.125, 7.37096078940615e-25, nan 
-49.375, 89.125, 6.735451182360069e-25, nan 
-49.125, 89.125, 5.947923053453581e-25, nan 
-48.875, 89.125, 7.004349120711896e-25, nan 
-48.625, 89.125, 4.684641884130411e-25, nan 
-48.375, 89.125, 3.1366131168165706e-25, nan 
-48.125, 89.125, 3.7475399985200306e-25, nan 
-47.875, 89.125, 4.447944624397821e-25, nan 
-47.625, 89.125, 6.176360395540218e-25, nan 
-47.375, 89.125, 7.288863951702386e-25, nan 
-47.125, 89.125, 8.256478349466444e-25, nan 
-46.875, 89.125, 7.5100198472081725e-25, nan 
-46.625, 89.125, 5.54644277628671e-25, nan 
-46.375, 89.125, 6.309149090140755e-25, nan 
-46.125, 89.125, 5.30058454102761e-25, nan 
-45.875, 89.125, 6.017408731091708e-25, nan 
-45.625, 89.125, 5.1697120119437485e-25, nan 
-45.375, 89.125, 5.2678577459018145e-25, nan 
-45.125, 89.125, 4.939092369916413e-25, nan 
-44.875, 89.125, 6.673670850999336e-25, nan 
-44.625, 89.125, 5.6316197444991695e-25, nan 
-44.375, 89.125, 3.8921943033503267e-25, nan 
-44.125, 89.125, 4.315953600831131e-25, nan 
-43.875, 89.125, 4.954820293661667e-25, nan 
-43.625, 89.125, 5.214077017426418e-25, nan 
-43.375, 89.125, 4.702427638880036e-25, nan 
-43.125, 89.125, 4.999227747368289e-25, nan 
-42.875, 89.125, 4.9822984699214375e-25, nan 
-42.625, 89.125, 5.006892241915058e-25, nan 
-42.375, 89.125, 4.97237582866725e-25, nan 
-42.125, 89.125, 5.0670521698092045e-25, nan 
-41.875, 89.125, 5.288189973325875e-25, nan 
-41.625, 89.125, 5.505676190181264e-25, nan 
-41.375, 89.125, 5.093674516311196e-25, nan 
-41.125, 89.125, 5.900280733950722e-25, nan 
-40.875, 89.125, 6.55243842430146e-25, nan 
-40.625, 89.125, 5.571079054889887e-25, nan 
-40.375, 89.125, 4.845005182717111e-25, nan 
-40.125, 89.125, 4.083802832003821e-25, nan 
-39.875, 89.125, 3.954776793221522e-25, nan 
-39.625, 89.125, 3.418047050722399e-25, nan 
-39.375, 89.125, 2.313446955195189e-25, nan 
-39.125, 89.125, 2.751461519976131e-25, nan 
-38.875, 89.125, 2.045657320693408e-25, nan 
-38.625, 89.125, 2.5280354170434195e-25, nan 
-38.375, 89.125, 1.8015770089926265e-25, nan 
-38.125, 89.125, 1.9509352346367983e-25, nan 
-37.875, 89.125, 3.5493590412967524e-25, nan 
-37.625, 89.125, 3.0417476963463904e-25, nan 
-37.375, 89.125, 3.340777895890147e-25, nan 
-37.125, 89.125, 3.0244539622557497e-25, nan 
-36.875, 89.125, 3.159512276440194e-25, nan 
-36.625, 89.125, 3.4272630748647485e-25, nan 
-36.375, 89.125, 2.9323753708058435e-25, nan 
-36.125, 89.125, 2.417633824864056e-25, nan 
-35.875, 89.125, 2.106036245304321e-25, nan 
-35.625, 89.125, 2.2343962139152276e-25, nan 
-35.375, 89.125, 2.0372233964369945e-25, nan 
-35.125, 89.125, 2.291066133862503e-25, nan 
-34.875, 89.125, 2.351734243484896e-25, nan 
-34.625, 89.125, 1.91805743224329e-25, nan 
-34.375, 89.125, 1.577449414626111e-25, nan 
-34.125, 89.125, 1.6555164416043367e-25, nan 
-33.875, 89.125, 1.544520453778318e-25, nan 
-33.625, 89.125, 1.4915713803464726e-25, nan 
-33.375, 89.125, 1.1845101937338052e-25, nan 
-33.125, 89.125, 1.1688119852280577e-25, nan 
-32.875, 89.125, 1.3603080901290202e-25, nan 
-32.625, 89.125, 1.20884776263695e-25, nan 
-32.375, 89.125, 1.446222497758423e-25, nan 
-32.125, 89.125, 1.50917663505568e-25, nan 
-31.875, 89.125, 2.0277511811624565e-25, nan 
-31.625, 89.125, 1.1955863446441017e-25, nan 
-31.375, 89.125, 1.2985350863693102e-25, nan 
-31.125, 89.125, 1.5696802373016395e-25, nan 
-30.875, 89.125, 1.5056833764709871e-25, nan 
-30.625, 89.125, 1.4896778198362092e-25, nan 
-30.375, 89.125, 1.712319191291922e-25, nan 
-30.125, 89.125, 1.8259839231467005e-25, nan 
-29.875, 89.125, 1.9065341909008133e-25, nan 
-29.625, 89.125, 1.9395526957063106e-25, nan 
-29.375, 89.125, 2.358070542383997e-25, nan 
-29.125, 89.125, 2.192102879405789e-25, nan 
-28.875, 89.125, 3.328034552600411e-25, nan 
-28.625, 89.125, 2.548703021277262e-25, nan 
-28.375, 89.125, 3.856212750975926e-25, nan 
-28.125, 89.125, 2.8910674196138383e-25, nan 
-27.875, 89.125, 2.922130734233314e-25, nan 
-27.625, 89.125, 2.89335040368622e-25, nan 
-27.375, 89.125, 3.3552159130067773e-25, nan 
-27.125, 89.125, 3.3507512569026486e-25, nan 
-26.875, 89.125, 3.2412000035662925e-25, nan 
-26.625, 89.125, 4.06522730087293e-25, nan 
-26.375, 89.125, 4.31664815022367e-25, nan 
-26.125, 89.125, 4.645977977706725e-25, nan 
-25.875, 89.125, 5.3875804292247975e-25, nan 
-25.625, 89.125, 5.5853519919680455e-25, nan 
-25.375, 89.125, 5.927984130901921e-25, nan 
-25.125, 89.125, 6.402190193529118e-25, nan 
-24.875, 89.125, 6.772595314564371e-25, nan 
-24.625, 89.125, 6.868777231449228e-25, nan 
-24.375, 89.125, 7.315696441251193e-25, nan 
-24.125, 89.125, 7.299021691918908e-25, nan 
-23.875, 89.125, 7.419629514378891e-25, nan 
-23.625, 89.125, 9.22605232006756e-25, nan 
-23.375, 89.125, 8.341533140186243e-25, nan 
-23.125, 89.125, 8.578617745889724e-25, nan 
-22.875, 89.125, 8.411700799271578e-25, nan 
-22.625, 89.125, 8.578236984611275e-25, nan 
-22.375, 89.125, 1.0976024907201493e-24, nan 
-22.125, 89.125, 6.482758305656252e-25, nan 
-21.875, 89.125, 9.518120647094181e-25, nan 
-21.625, 89.125, 8.998633693296958e-25, nan 
-21.375, 89.125, 1.0036504934820134e-24, nan 
-21.125, 89.125, 1.0020501760214051e-24, nan 
-20.875, 89.125, 9.417457391968043e-25, nan 
-20.625, 89.125, 9.018785578216979e-25, nan 
-20.375, 89.125, 8.335753627883705e-25, nan 
-20.125, 89.125, 6.248969386080288e-25, nan 
-19.875, 89.125, 5.168538104655164e-25, nan 
-19.625, 89.125, 3.915648041431899e-25, nan 
-19.375, 89.125, 6.528746158569367e-25, nan 
-19.125, 89.125, 6.344573858131152e-25, nan 
-18.875, 89.125, 4.451807712920893e-25, nan 
-18.625, 89.125, 2.7058238449874323e-25, nan 
-18.375, 89.125, 2.3400094691042275e-25, nan 
-18.125, 89.125, 4.522561126560446e-25, nan 
-17.875, 89.125, 8.049679205909499e-25, nan 
-17.625, 89.125, 6.472504420268334e-25, nan 
-17.375, 89.125, 6.7446097252686725e-25, nan 
-17.125, 89.125, 1.004451581206135e-24, nan 
-16.875, 89.125, 7.34755451199145e-25, nan 
-16.625, 89.125, 8.213812197068338e-25, nan 
-16.375, 89.125, 6.424277352898369e-25, nan 
-16.125, 89.125, 8.617607838601111e-25, nan 
-15.875, 89.125, 6.226289875551419e-25, nan 
-15.625, 89.125, 5.494233412866882e-25, nan 
-15.375, 89.125, 9.086974689605977e-25, nan 
-15.125, 89.125, 7.562605673427905e-25, nan 
-14.875, 89.125, 7.791389150641681e-25, nan 
-14.625, 89.125, 7.912847588012103e-25, nan 
-14.375, 89.125, 6.6051384507972515e-25, nan 
-14.125, 89.125, 7.951560757557301e-25, nan 
-13.875, 89.125, 9.463013446011154e-25, nan 
-13.625, 89.125, 8.336787588230758e-25, nan 
-13.375, 89.125, 8.533035997363452e-25, nan 
-13.125, 89.125, 8.989565013486902e-25, nan 
-12.875, 89.125, 9.066546868195407e-25, nan 
-12.625, 89.125, 9.360454617041687e-25, nan 
-12.375, 89.125, 9.74511800028086e-25, nan 
-12.125, 89.125, 9.804938637790394e-25, nan 
-11.875, 89.125, 1.0351974109945478e-24, nan 
-11.625, 89.125, 9.89791109501372e-25, nan 
-11.375, 89.125, 1.0147627088490788e-24, nan 
-11.125, 89.125, 9.558127750744041e-25, nan 
-10.875, 89.125, 1.0364033397832179e-24, nan 
-10.625, 89.125, 1.0496038007798762e-24, nan 
-10.375, 89.125, 9.78009263229916e-25, nan 
-10.125, 89.125, 1.0473168869041783e-24, nan 
-9.875, 89.125, 1.0735425384831808e-24, nan 
-9.625, 89.125, 1.1057931547733524e-24, nan 
-9.375, 89.125, 1.1264236882321862e-24, nan 
-9.125, 89.125, 1.0663368328160952e-24, nan 
-8.875, 89.125, 1.0319879295758776e-24, nan 
-8.625, 89.125, 9.982801029345127e-25, nan 
-8.375, 89.125, 1.0024379204622832e-24, nan 
-8.125, 89.125, 9.626589586885657e-25, nan 
-7.875, 89.125, 7.369501828016782e-25, nan 
-7.625, 89.125, 8.745728392189532e-25, nan 
-7.375, 89.125, 9.05300565450178e-25, nan 
-7.125, 89.125, 9.413333582466959e-25, nan 
-6.875, 89.125, 1.091814709285468e-24, nan 
-6.625, 89.125, 8.40210055758823e-25, nan 
-6.375, 89.125, 9.204107987239586e-25, nan 
-6.125, 89.125, 9.890599021490145e-25, nan 
-5.875, 89.125, 9.3905974631531e-25, nan 
-5.625, 89.125, 9.520735941579593e-25, nan 
-5.375, 89.125, 8.311830260340568e-25, nan 
-5.125, 89.125, 8.51556623832233e-25, nan 
-4.875, 89.125, 7.250684640858685e-25, nan 
-4.625, 89.125, 6.8379671300755e-25, nan 
-4.375, 89.125, 7.267213495608007e-25, nan 
-4.125, 89.125, 9.13595767337172e-25, nan 
-3.875, 89.125, 9.389819950650629e-25, nan 
-3.625, 89.125, 9.221728343224883e-25, nan 
-3.375, 89.125, 9.395942734611557e-25, nan 
-3.125, 89.125, 9.44126771247506e-25, nan 
-2.875, 89.125, 9.364821370340041e-25, nan 
-2.625, 89.125, 9.368552687777489e-25, nan 
-2.375, 89.125, 9.637098982481166e-25, nan 
-2.125, 89.125, 9.374840602879841e-25, nan 
-1.875, 89.125, 8.931342848386619e-25, nan 
-1.625, 89.125, 8.724037016280141e-25, nan 
-1.375, 89.125, 8.89404790260486e-25, nan 
-1.125, 89.125, 8.258522028835409e-25, nan 
-0.875, 89.125, 8.27896296481647e-25, nan 
-0.625, 89.125, 8.691308081414009e-25, nan 
-0.375, 89.125, 8.571532330265273e-25, nan 
-0.125, 89.125, 8.462557449661667e-25, nan 
0.125, 89.125, 4.811446082317018e-25, nan 
0.375, 89.125, 7.54852186854225e-25, nan 
0.625, 89.125, 8.387251577884174e-25, nan 
0.875, 89.125, 9.099908884229122e-25, nan 
1.125, 89.125, 9.159425188104535e-25, nan 
1.375, 89.125, 9.066147005649748e-25, nan 
1.625, 89.125, 8.71889739541915e-25, nan 
1.875, 89.125, 8.71965032948561e-25, nan 
2.125, 89.125, 8.487722459766896e-25, nan 
2.375, 89.125, 8.284286921648192e-25, nan 
2.625, 89.125, 8.73612486433103e-25, nan 
2.875, 89.125, 9.028576585213856e-25, nan 
3.125, 89.125, 8.514094338183371e-25, nan 
3.375, 89.125, 8.659727218680217e-25, nan 
3.625, 89.125, 9.550461874669417e-25, nan 
3.875, 89.125, 8.600870999290737e-25, nan 
4.125, 89.125, 9.178855029540787e-25, nan 
4.375, 89.125, 9.009886194491444e-25, nan 
4.625, 89.125, 8.964993045834748e-25, nan 
4.875, 89.125, 9.08477998088562e-25, nan 
5.125, 89.125, 1.3513903482151488e-24, nan 
5.375, 89.125, 9.391425225744813e-25, nan 
5.625, 89.125, 1.1625087937819225e-24, nan 
5.875, 89.125, 9.273231016619586e-25, nan 
6.125, 89.125, 9.374317543770595e-25, nan 
6.375, 89.125, 1.1267117015673471e-24, nan 
6.625, 89.125, 2.700153795980168e-25, nan 
6.875, 89.125, 7.839257090930241e-25, nan 
7.125, 89.125, 9.130161444053418e-25, nan 
7.375, 89.125, 6.7588001451590465e-25, nan 
7.625, 89.125, 7.70012053464163e-25, nan 
7.875, 89.125, 6.22355012131241e-25, nan 
8.125, 89.125, 6.1404088739326885e-25, nan 
8.375, 89.125, 6.148466881105432e-25, nan 
8.625, 89.125, 6.629339320522831e-25, nan 
8.875, 89.125, 6.899505857714225e-25, nan 
9.125, 89.125, 7.529689763312345e-25, nan 
9.375, 89.125, 7.475060052186474e-25, nan 
9.625, 89.125, 7.121892489600402e-25, nan 
9.875, 89.125, 6.7333867698203215e-25, nan 
10.125, 89.125, 6.639500799133364e-25, nan 
10.375, 89.125, 6.390145756448995e-25, nan 
10.625, 89.125, 6.158898022004e-25, nan 
10.875, 89.125, 6.575136885537928e-25, nan 
11.125, 89.125, 5.99344985817866e-25, nan 
11.375, 89.125, 5.62765773822721e-25, nan 
11.625, 89.125, 4.205914920069211e-25, nan 
11.875, 89.125, 3.3884564434261375e-25, nan 
12.125, 89.125, 2.9618677621933844e-25, nan 
12.375, 89.125, 2.5253123368113225e-25, nan 
12.625, 89.125, 4.222467839420559e-25, nan 
12.875, 89.125, 1.7764088360364179e-25, nan 
13.125, 89.125, 2.2414256971477476e-25, nan 
13.375, 89.125, 2.4697577844847426e-25, nan 
13.625, 89.125, 1.452029337199809e-24, nan 
13.875, 89.125, 2.4391916984645766e-25, nan 
14.125, 89.125, 2.1221647804673077e-25, nan 
14.375, 89.125, 2.7717706354132484e-25, nan 
14.625, 89.125, 2.1919932980754017e-25, nan 
14.875, 89.125, 2.1696003773347763e-25, nan 
15.125, 89.125, 1.8677876895259967e-25, nan 
15.375, 89.125, 2.4835796288657876e-25, nan 
15.625, 89.125, 1.944878243033529e-25, nan 
15.875, 89.125, 2.0106426842558888e-25, nan 
16.125, 89.125, 2.300629133258657e-25, nan 
16.375, 89.125, 2.0906019330870445e-25, nan 
16.625, 89.125, 2.4075509558164965e-25, nan 
16.875, 89.125, 3.0600145150727955e-25, nan 
17.125, 89.125, 4.767647287509886e-25, nan 
17.375, 89.125, 2.530670887631199e-25, nan 
17.625, 89.125, 2.9822609056563083e-25, nan 
17.875, 89.125, 1.5309672611888875e-25, nan 
18.125, 89.125, 1.411304304330374e-25, nan 
18.375, 89.125, 1.421394594119888e-25, nan 
18.625, 89.125, 2.693170184170659e-25, nan 
18.875, 89.125, 1.7335013009810472e-25, nan 
19.125, 89.125, 1.7334972022545945e-25, nan 
19.375, 89.125, 2.6539064807037575e-25, nan 
19.625, 89.125, 3.7240316531730985e-25, nan 
19.875, 89.125, 2.147940200069998e-25, nan 
20.125, 89.125, 1.9224072396536086e-25, nan 
20.375, 89.125, 1.6416503542935523e-25, nan 
20.625, 89.125, 2.700034287187604e-25, nan 
20.875, 89.125, 2.0287578308567147e-25, nan 
21.125, 89.125, 2.7920855122159158e-25, nan 
21.375, 89.125, 2.579302927201413e-25, nan 
21.625, 89.125, 2.668901820484956e-25, nan 
21.875, 89.125, 1.8441440507896812e-25, nan 
22.125, 89.125, 2.4997690285306647e-25, nan 
22.375, 89.125, 2.653211205095184e-25, nan 
22.625, 89.125, 1.7012915591734867e-25, nan 
22.875, 89.125, 1.4602883166681767e-25, nan 
23.125, 89.125, 2.5723256866365526e-25, nan 
23.375, 89.125, 2.066220618523451e-25, nan 
23.625, 89.125, 2.1648450095775373e-25, nan 
23.875, 89.125, 2.180408833813011e-25, nan 
24.125, 89.125, 1.6431287059885238e-25, nan 
24.375, 89.125, 1.4590998636226028e-25, nan 
24.625, 89.125, 1.6232272958022664e-25, nan 
24.875, 89.125, 1.59192213049754e-25, nan 
25.125, 89.125, 1.66575659210761e-25, nan 
25.375, 89.125, 2.2772787022878713e-25, nan 
25.625, 89.125, 2.5545218942700567e-25, nan 
25.875, 89.125, 1.7444864620141004e-25, nan 
26.125, 89.125, 1.8225448286303309e-25, nan 
26.375, 89.125, 2.4082418529982403e-25, nan 
26.625, 89.125, 1.9395936731414916e-25, nan 
26.875, 89.125, 1.3434899788779163e-25, nan 
27.125, 89.125, 2.1360308600304428e-25, nan 
27.375, 89.125, 2.739612668950684e-25, nan 
27.625, 89.125, 3.028733038378971e-25, nan 
27.875, 89.125, 3.3649890969523287e-25, nan 
28.125, 89.125, 3.1446754783741806e-25, nan 
28.375, 89.125, 3.543920321048456e-25, nan 
28.625, 89.125, 2.8238232735902094e-25, nan 
28.875, 89.125, 2.59592020174546e-25, nan 
29.125, 89.125, 2.7708865503994297e-25, nan 
29.375, 89.125, 3.885992240178851e-25, nan 
29.625, 89.125, 2.2257541352326003e-25, nan 
29.875, 89.125, 2.306334658784055e-25, nan 
30.125, 89.125, 2.939225003958593e-25, nan 
30.375, 89.125, 5.105364734350288e-25, nan 
30.625, 89.125, 5.121994679891596e-25, nan 
30.875, 89.125, 4.1962431147078615e-25, nan 
31.125, 89.125, 5.883861919677705e-25, nan 
31.375, 89.125, 5.339163854623307e-25, nan 
31.625, 89.125, 6.753006548637657e-25, nan 
31.875, 89.125, 5.715368298575729e-25, nan 
32.125, 89.125, 6.896388752174241e-25, nan 
32.375, 89.125, 7.0682846407013275e-25, nan 
32.625, 89.125, 7.509164174476464e-25, nan 
32.875, 89.125, 8.363109270835196e-25, nan 
33.125, 89.125, 7.557309546134773e-25, nan 
33.375, 89.125, 6.247854593669875e-25, nan 
33.625, 89.125, 5.816790740472704e-25, nan 
33.875, 89.125, 7.739001268187312e-25, nan 
34.125, 89.125, 7.078994213849226e-25, nan 
34.375, 89.125, 7.13003538181268e-25, nan 
34.625, 89.125, 7.047959674808214e-25, nan 
34.875, 89.125, 7.323720169763501e-25, nan 
35.125, 89.125, 6.149381464493071e-25, nan 
35.375, 89.125, 5.979608845764532e-25, nan 
35.625, 89.125, 5.616537704719539e-25, nan 
35.875, 89.125, 5.148757348334425e-25, nan 
36.125, 89.125, 4.0141796676133076e-25, nan 
36.375, 89.125, 5.390251114390176e-25, nan 
36.625, 89.125, 6.7540379002052285e-25, nan 
36.875, 89.125, 6.480935664801766e-25, nan 
37.125, 89.125, 6.797583436071813e-25, nan 
37.375, 89.125, 7.407622079373578e-25, nan 
37.625, 89.125, 7.754461049657781e-25, nan 
37.875, 89.125, 6.751530237727411e-25, nan 
38.125, 89.125, 5.978873617901677e-25, nan 
38.375, 89.125, 3.7660457838962265e-25, nan 
38.625, 89.125, 4.730643557240777e-25, nan 
38.875, 89.125, 5.029904943781674e-25, nan 
39.125, 89.125, 5.2428540594727925e-25, nan 
39.375, 89.125, 5.512448640086569e-25, nan 
39.625, 89.125, 5.317117580579905e-25, nan 
39.875, 89.125, 5.867381286430434e-25, nan 
40.125, 89.125, 6.146379045176235e-25, nan 
40.375, 89.125, 6.282340147941774e-25, nan 
40.625, 89.125, 6.179426557861742e-25, nan 
40.875, 89.125, 5.864380975997255e-25, nan 
41.125, 89.125, 6.110426962388546e-25, nan 
41.375, 89.125, 5.59617257410356e-25, nan 
41.625, 89.125, 5.545546344411524e-25, nan 
41.875, 89.125, 4.974001569872749e-25, nan 
42.125, 89.125, 5.053271785528527e-25, nan 
42.375, 89.125, 5.103400231436623e-25, nan 
42.625, 89.125, 5.312936831914208e-25, nan 
42.875, 89.125, 4.859978634224388e-25, nan 
43.125, 89.125, 5.662060918338165e-25, nan 
43.375, 89.125, 5.133694285887181e-25, nan 
43.625, 89.125, 5.219263073834798e-25, nan 
43.875, 89.125, 4.870494890147273e-25, nan 
44.125, 89.125, 5.589438062425958e-25, nan 
44.375, 89.125, 4.515145529875994e-25, nan 
44.625, 89.125, 4.8027114081674835e-25, nan 
44.875, 89.125, 5.4219770987266855e-25, nan 
45.125, 89.125, 4.787692709349334e-25, nan 
45.375, 89.125, 5.2873953661079e-25, nan 
45.625, 89.125, 4.51047578324872e-25, nan 
45.875, 89.125, 5.002775488020144e-25, nan 
46.125, 89.125, 4.73344117329534e-25, nan 
46.375, 89.125, 4.759861764081518e-25, nan 
46.625, 89.125, 4.649599178800574e-25, nan 
46.875, 89.125, 4.910098940948683e-25, nan 
47.125, 89.125, 5.287889381642684e-25, nan 
47.375, 89.125, 4.92686395824397e-25, nan 
47.625, 89.125, 4.552181394353119e-25, nan 
47.875, 89.125, 5.633669619154436e-25, nan 
48.125, 89.125, 5.135948291116437e-25, nan 
48.375, 89.125, 5.557358160703266e-25, nan 
48.625, 89.125, 5.588183441356209e-25, nan 
48.875, 89.125, 5.672923397025439e-25, nan 
49.125, 89.125, 5.637558778949315e-25, nan 
49.375, 89.125, 5.343201505452275e-25, nan 
49.625, 89.125, 5.997828833972843e-25, nan 
49.875, 89.125, 5.623571091223106e-25, nan 
50.125, 89.125, 5.965643576409964e-25, nan 
50.375, 89.125, 5.225325124859574e-25, nan 
50.625, 89.125, 5.886631304384425e-25, nan 
50.875, 89.125, 5.58300829235902e-25, nan 
51.125, 89.125, 6.123011232077489e-25, nan 
51.375, 89.125, 5.272337826058298e-25, nan 
51.625, 89.125, 5.540075697777878e-25, nan 
51.875, 89.125, 5.524142425934817e-25, nan 
52.125, 89.125, 5.255614792529024e-25, nan 
52.375, 89.125, 4.404079461963529e-25, nan 
52.625, 89.125, 4.699096541565604e-25, nan 
52.875, 89.125, 5.032081228403165e-25, nan 
53.125, 89.125, 4.706917851284546e-25, nan 
53.375, 89.125, 5.204198326072523e-25, nan 
53.625, 89.125, 5.653636185648647e-25, nan 
53.875, 89.125, 5.560492438368042e-25, nan 
54.125, 89.125, 4.989249404888099e-25, nan 
54.375, 89.125, 4.448508320716975e-25, nan 
54.625, 89.125, 3.525518240796724e-25, nan 
54.875, 89.125, 4.890692769307393e-25, nan 
55.125, 89.125, 4.5519838899078545e-25, nan 
55.375, 89.125, 4.545291428915609e-25, nan 
55.625, 89.125, 4.835090237782493e-25, nan 
55.875, 89.125, 4.3711995588563025e-25, nan 
56.125, 89.125, 4.56421697188044e-25, nan 
56.375, 89.125, 4.404831452725314e-25, nan 
56.625, 89.125, 4.548264050279685e-25, nan 
56.875, 89.125, 4.612039131735739e-25, nan 
57.125, 89.125, 4.513948438380992e-25, nan 
57.375, 89.125, 4.416140894973602e-25, nan 
57.625, 89.125, 3.8959083403725806e-25, nan 
57.875, 89.125, 3.396707282491147e-25, nan 
58.125, 89.125, 3.249896184545127e-25, nan 
58.375, 89.125, 3.0036487101276314e-25, nan 
58.625, 89.125, 3.126398789721405e-25, nan 
58.875, 89.125, 3.1234837343935623e-25, nan 
59.125, 89.125, 2.851161500482002e-25, nan 
59.375, 89.125, 3.37886557690984e-25, nan 
59.625, 89.125, 3.1138084502831125e-25, nan 
59.875, 89.125, 2.5684615502855193e-25, nan 
60.125, 89.125, 2.882697103877215e-25, nan 
60.375, 89.125, 2.8941286552844234e-25, nan 
60.625, 89.125, 2.344080221815544e-25, nan 
60.875, 89.125, 2.8757903125888867e-25, nan 
61.125, 89.125, 2.9430262867359016e-25, nan 
61.375, 89.125, 3.448747919725718e-25, nan 
61.625, 89.125, 2.871704129424255e-25, nan 
61.875, 89.125, 2.502804277956267e-25, nan 
62.125, 89.125, 2.555519205758982e-25, nan 
62.375, 89.125, 3.5720353274078034e-25, nan 
62.625, 89.125, 1.8731494012056765e-25, nan 
62.875, 89.125, 2.5827267452395135e-25, nan 
63.125, 89.125, 2.426642085608515e-25, nan 
63.375, 89.125, 3.3724254083969446e-25, nan 
63.625, 89.125, 1.6188398903301137e-25, nan 
63.875, 89.125, 2.81383023726526e-25, nan 
64.125, 89.125, 1.6694621582512568e-25, nan 
64.375, 89.125, 2.6053607640446907e-25, nan 
64.625, 89.125, 3.38544517977854e-25, nan 
64.875, 89.125, 1.6326479218575012e-25, nan 
65.125, 89.125, 2.20094227105741e-25, nan 
65.375, 89.125, 1.389135015218816e-25, nan 
65.625, 89.125, 3.218461217677477e-25, nan 
65.875, 89.125, 2.0186264667051303e-25, nan 
66.125, 89.125, 2.8196600973062214e-25, nan 
66.375, 89.125, 3.0892141525066296e-25, nan 
66.625, 89.125, 2.72298305071736e-25, nan 
66.875, 89.125, 2.9655859693934136e-25, nan 
67.125, 89.125, 2.696961573408641e-25, nan 
67.375, 89.125, 2.706622080430432e-25, nan 
67.625, 89.125, 2.9642732001864287e-25, nan 
67.875, 89.125, 2.712960836289337e-25, nan 
68.125, 89.125, 2.8915411110756856e-25, nan 
68.375, 89.125, 2.6269123774744593e-25, nan 
68.625, 89.125, 2.5885430141237976e-25, nan 
68.875, 89.125, 2.590075097418461e-25, nan 
69.125, 89.125, 2.4806946854160034e-25, nan 
69.375, 89.125, 3.318160967188945e-25, nan 
69.625, 89.125, 4.45881696469406e-25, nan 
69.875, 89.125, 4.222840868700189e-25, nan 
70.125, 89.125, 4.295211216221777e-25, nan 
70.375, 89.125, 2.9750646385916935e-25, nan 
70.625, 89.125, 3.675355097526711e-25, nan 
70.875, 89.125, 3.0069539918506485e-25, nan 
71.125, 89.125, 3.6257234909237073e-25, nan 
71.375, 89.125, 3.6249005246998284e-25, nan 
71.625, 89.125, 4.0976956234426645e-25, nan 
71.875, 89.125, 4.171695242488241e-25, nan 
72.125, 89.125, 4.860886697581165e-25, nan 
72.375, 89.125, 4.669662829645517e-25, nan 
72.625, 89.125, 4.909903861043361e-25, nan 
72.875, 89.125, 4.916334450467258e-25, nan 
73.125, 89.125, 5.214601480986788e-25, nan 
73.375, 89.125, 5.06717186616567e-25, nan 
73.625, 89.125, 5.23676735279874e-25, nan 
73.875, 89.125, 4.482800551022646e-25, nan 
74.125, 89.125, 4.7315224403782695e-25, nan 
74.375, 89.125, 4.955027530014223e-25, nan 
74.625, 89.125, 4.899490910394561e-25, nan 
74.875, 89.125, 4.937025291814295e-25, nan 
75.125, 89.125, 5.029714007067746e-25, nan 
75.375, 89.125, 4.400026886955957e-25, nan 
75.625, 89.125, 4.635851764041264e-25, nan 
75.875, 89.125, 4.540384225750858e-25, nan 
76.125, 89.125, 4.205321598070354e-25, nan 
76.375, 89.125, 4.110792466170193e-25, nan 
76.625, 89.125, 4.628587535933564e-25, nan 
76.875, 89.125, 3.7422722191338376e-25, nan 
77.125, 89.125, 4.16686483412892e-25, nan 
77.375, 89.125, 3.6667337245724646e-25, nan 
77.625, 89.125, 3.8322487323950524e-25, nan 
77.875, 89.125, 3.7139886862609625e-25, nan 
78.125, 89.125, 3.356072786976348e-25, nan 
78.375, 89.125, 3.3056558084623996e-25, nan 
78.625, 89.125, 3.9008599367320596e-25, nan 
78.875, 89.125, 4.1188988076447963e-25, nan 
79.125, 89.125, 4.181608512424159e-25, nan 
79.375, 89.125, 4.199969590268826e-25, nan 
79.625, 89.125, 4.547068264588835e-25, nan 
79.875, 89.125, 4.737360185374345e-25, nan 
80.125, 89.125, 3.9350543091305795e-25, nan 
80.375, 89.125, 4.532962516004939e-25, nan 
80.625, 89.125, 5.218200895613277e-25, nan 
80.875, 89.125, 4.294360524377661e-25, nan 
81.125, 89.125, 3.659197691189768e-25, nan 
81.375, 89.125, 3.999358214631138e-25, nan 
81.625, 89.125, 4.104274480837333e-25, nan 
81.875, 89.125, 4.201057421357548e-25, nan 
82.125, 89.125, 4.5084084898120135e-25, nan 
82.375, 89.125, 4.492828209968716e-25, nan 
82.625, 89.125, 4.590598652451745e-25, nan 
82.875, 89.125, 4.457630722346215e-25, nan 
83.125, 89.125, 4.4141186203249545e-25, nan 
83.375, 89.125, 4.495856222727642e-25, nan 
83.625, 89.125, 4.435861439206734e-25, nan 
83.875, 89.125, 4.2202165809872465e-25, nan 
84.125, 89.125, 4.432446664830435e-25, nan 
84.375, 89.125, 4.480704139113914e-25, nan 
84.625, 89.125, 4.380256982068445e-25, nan 
84.875, 89.125, 4.443712429414276e-25, nan 
85.125, 89.125, 4.524800501106219e-25, nan 
85.375, 89.125, 4.4562771591733195e-25, nan 
85.625, 89.125, 4.610516766442551e-25, nan 
85.875, 89.125, 4.729827172229409e-25, nan 
86.125, 89.125, 4.798497810711724e-25, nan 
86.375, 89.125, 4.710942402751866e-25, nan 
86.625, 89.125, 5.530645806298327e-25, nan 
86.875, 89.125, 5.10223523237612e-25, nan 
87.125, 89.125, 4.639822452009325e-25, nan 
87.375, 89.125, 4.3832941877537645e-25, nan 
87.625, 89.125, 4.3997019475040875e-25, nan 
87.875, 89.125, 4.462727048525249e-25, nan 
88.125, 89.125, 4.474100921633389e-25, nan 
88.375, 89.125, 4.737006806725766e-25, nan 
88.625, 89.125, 4.357988260914498e-25, nan 
88.875, 89.125, 4.496205213440087e-25, nan 
89.125, 89.125, 5.032638664758664e-25, nan 
89.375, 89.125, 4.659877587728384e-25, nan 
89.625, 89.125, 4.639348911010674e-25, nan 
89.875, 89.125, 4.431405508465487e-25, nan 
90.125, 89.125, 4.384133225336401e-25, nan 
90.375, 89.125, 4.190585454095867e-25, nan 
90.625, 89.125, 4.442083340380557e-25, nan 
90.875, 89.125, 4.511726410712597e-25, nan 
91.125, 89.125, 4.318909789203275e-25, nan 
91.375, 89.125, 4.96340576601962e-25, nan 
91.625, 89.125, 4.052181912646014e-25, nan 
91.875, 89.125, 4.249203598067695e-25, nan 
92.125, 89.125, 4.172162610444044e-25, nan 
92.375, 89.125, 4.03383397263001e-25, nan 
92.625, 89.125, 3.8867565396398054e-25, nan 
92.875, 89.125, 4.342706773606212e-25, nan 
93.125, 89.125, 3.477430103049038e-25, nan 
93.375, 89.125, 3.8590981151248193e-25, nan 
93.625, 89.125, 3.487397403986939e-25, nan 
93.875, 89.125, 3.6286012839281386e-25, nan 
94.125, 89.125, 3.705087779481161e-25, nan 
94.375, 89.125, 3.3810588084509987e-25, nan 
94.625, 89.125, 3.456105792926394e-25, nan 
94.875, 89.125, 3.4559974979552875e-25, nan 
95.125, 89.125, 3.8721617658002914e-25, nan 
95.375, 89.125, 3.809476955148741e-25, nan 
95.625, 89.125, 3.946213667099457e-25, nan 
95.875, 89.125, 3.9458136217718886e-25, nan 
96.125, 89.125, 4.142016881616736e-25, nan 
96.375, 89.125, 3.856566475247846e-25, nan 
96.625, 89.125, 4.226789029424885e-25, nan 
96.875, 89.125, 4.852236114944553e-25, nan 
97.125, 89.125, 3.7737395922355726e-25, nan 
97.375, 89.125, 3.3506889737304406e-25, nan 
97.625, 89.125, 3.261731580824719e-25, nan 
97.875, 89.125, 3.715818668018462e-25, nan 
98.125, 89.125, 3.497314670911649e-25, nan 
98.375, 89.125, 3.5317720778521084e-25, nan 
98.625, 89.125, 3.948947202204472e-25, nan 
98.875, 89.125, 3.6229904905281353e-25, nan 
99.125, 89.125, 3.521858856269097e-25, nan 
99.375, 89.125, 3.242518858556109e-25, nan 
99.625, 89.125, 3.4292786888058074e-25, nan 
99.875, 89.125, 3.231414231079556e-25, nan 
100.125, 89.125, 2.853005177672539e-25, nan 
100.375, 89.125, 3.027885499274928e-25, nan 
100.625, 89.125, 3.0225415210668255e-25, nan 
100.875, 89.125, 2.7851313653314105e-25, nan 
101.125, 89.125, 2.7438323523390223e-25, nan 
101.375, 89.125, 2.7125149409902395e-25, nan 
101.625, 89.125, 2.6306147642981288e-25, nan 
101.875, 89.125, 2.5202980479554863e-25, nan 
102.125, 89.125, 2.8447181378474773e-25, nan 
102.375, 89.125, 2.5938274053285047e-25, nan 
102.625, 89.125, 2.400587944325142e-25, nan 
102.875, 89.125, 4.408971439120435e-25, nan 
103.125, 89.125, 3.9425917345241897e-25, nan 
103.375, 89.125, 3.524546193933417e-25, nan 
103.625, 89.125, 3.2556457463483544e-25, nan 
103.875, 89.125, 2.990784036247204e-25, nan 
104.125, 89.125, 2.705063835842747e-25, nan 
104.375, 89.125, 2.293392583875626e-25, nan 
104.625, 89.125, 2.161315783491544e-25, nan 
104.875, 89.125, 1.798771610135158e-25, nan 
105.125, 89.125, 1.9359444553771303e-25, nan 
105.375, 89.125, 1.9812867547873114e-25, nan 
105.625, 89.125, 1.5869501414843643e-25, nan 
105.875, 89.125, 1.6786020843131672e-25, nan 
106.125, 89.125, 1.827514073019316e-25, nan 
106.375, 89.125, 2.5513252448251325e-25, nan 
106.625, 89.125, 2.286198546324736e-25, nan 
106.875, 89.125, 2.0488765374036568e-25, nan 
107.125, 89.125, 1.9923040311585467e-25, nan 
107.375, 89.125, 1.6565027057090484e-25, nan 
107.625, 89.125, 1.693361925869739e-25, nan 
107.875, 89.125, 1.7427288028229293e-25, nan 
108.125, 89.125, 2.0269336741315393e-25, nan 
108.375, 89.125, 2.2024375757225813e-25, nan 
108.625, 89.125, 1.832464275436558e-25, nan 
108.875, 89.125, 1.7729906165777753e-25, nan 
109.125, 89.125, 2.0557938420092776e-25, nan 
109.375, 89.125, 1.7346701116892051e-25, nan 
109.625, 89.125, 1.888281185794563e-25, nan 
109.875, 89.125, 2.3363888258320976e-25, nan 
110.125, 89.125, 2.461943479928347e-25, nan 
110.375, 89.125, 2.319011179643197e-25, nan 
110.625, 89.125, 2.5617031085396743e-25, nan 
110.875, 89.125, 2.4331298320268066e-25, nan 
111.125, 89.125, 1.7544413119142405e-25, nan 
111.375, 89.125, 1.9722996205404553e-25, nan 
111.625, 89.125, 1.9056731201411078e-25, nan 
111.875, 89.125, 1.6411127593669567e-25, nan 
112.125, 89.125, 2.172663095207675e-25, nan 
112.375, 89.125, 2.215207109635069e-25, nan 
112.625, 89.125, 2.1723489027208184e-25, nan 
112.875, 89.125, 2.042795265272587e-25, nan 
113.125, 89.125, 1.9896930504774266e-25, nan 
113.375, 89.125, 2.0874556534910405e-25, nan 
113.625, 89.125, 2.142497489832969e-25, nan 
113.875, 89.125, 2.2419767641835635e-25, nan 
114.125, 89.125, 2.206763144098524e-25, nan 
114.375, 89.125, 2.184939491736902e-25, nan 
114.625, 89.125, 1.9957614217157443e-25, nan 
114.875, 89.125, 2.2515755291232867e-25, nan 
115.125, 89.125, 2.210686566610959e-25, nan 
115.375, 89.125, 2.3404875295052578e-25, nan 
115.625, 89.125, 2.183109873806962e-25, nan 
115.875, 89.125, 2.219516832178864e-25, nan 
116.125, 89.125, 2.512889200246512e-25, nan 
116.375, 89.125, 2.1722587419291965e-25, nan 
116.625, 89.125, 2.444365996491291e-25, nan 
116.875, 89.125, 2.623111378828775e-25, nan 
117.125, 89.125, 2.7046518724853197e-25, nan 
117.375, 89.125, 2.5998572932370667e-25, nan 
117.625, 89.125, 2.7966993716992898e-25, nan 
117.875, 89.125, 2.9137958648840614e-25, nan 
118.125, 89.125, 2.469008185488684e-25, nan 
118.375, 89.125, 3.1625234236546126e-25, nan 
118.625, 89.125, 2.7686289364293596e-25, nan 
118.875, 89.125, 2.855783185614336e-25, nan 
119.125, 89.125, 2.7963803515332497e-25, nan 
119.375, 89.125, 3.001633017916089e-25, nan 
119.625, 89.125, 2.89596188449896e-25, nan 
119.875, 89.125, 3.3109948850644676e-25, nan 
120.125, 89.125, 3.2000471237294724e-25, nan 
120.375, 89.125, 3.6983878737761013e-25, nan 
120.625, 89.125, 3.6110976808566858e-25, nan 
120.875, 89.125, 3.5043965731072147e-25, nan 
121.125, 89.125, 3.588640808742718e-25, nan 
121.375, 89.125, 3.524673097937735e-25, nan 
121.625, 89.125, 3.328603206835485e-25, nan 
121.875, 89.125, 3.2286021802674844e-25, nan 
122.125, 89.125, 3.3396398755135247e-25, nan 
122.375, 89.125, 3.4303718700791593e-25, nan 
122.625, 89.125, 3.230126488289299e-25, nan 
122.875, 89.125, 3.3433891780779406e-25, nan 
123.125, 89.125, 3.2233342789066265e-25, nan 
123.375, 89.125, 3.10824349424698e-25, nan 
123.625, 89.125, 3.225101003981452e-25, nan 
123.875, 89.125, 3.5192721923129863e-25, nan 
124.125, 89.125, 3.0171746155545335e-25, nan 
124.375, 89.125, 4.1244500302603917e-25, nan 
124.625, 89.125, 3.9211630961109018e-25, nan 
124.875, 89.125, 3.897508493377213e-25, nan 
125.125, 89.125, 4.27306610432308e-25, nan 
125.375, 89.125, 4.235487565996217e-25, nan 
125.625, 89.125, 4.232541410825829e-25, nan 
125.875, 89.125, 3.849897215312444e-25, nan 
126.125, 89.125, 3.6486029469141113e-25, nan 
126.375, 89.125, 2.914471570843158e-25, nan 
126.625, 89.125, 3.5324586332342557e-25, nan 
126.875, 89.125, 5.246274176672841e-25, nan 
127.125, 89.125, 3.551393249627671e-25, nan 
127.375, 89.125, 3.3505598401689917e-25, nan 
127.625, 89.125, 3.597228676487682e-25, nan 
127.875, 89.125, 3.422024349402963e-25, nan 
128.125, 89.125, 5.325637656167536e-25, nan 
128.375, 89.125, 5.782447775563131e-25, nan 
128.625, 89.125, 4.2898249986303e-25, nan 
128.875, 89.125, 3.6088641188546143e-25, nan 
129.125, 89.125, 3.511564579911309e-25, nan 
129.375, 89.125, 3.064529076421358e-25, nan 
129.625, 89.125, 3.160402447204654e-25, nan 
129.875, 89.125, 3.064919805379333e-25, nan 
130.125, 89.125, 3.150513653868725e-25, nan 
130.375, 89.125, 3.16467003330608e-25, nan 
130.625, 89.125, 3.2271593205738005e-25, nan 
130.875, 89.125, 2.973970395399403e-25, nan 
131.125, 89.125, 3.352999470636061e-25, nan 
131.375, 89.125, 3.3773405109104904e-25, nan 
131.625, 89.125, 3.7693166530878333e-25, nan 
131.875, 89.125, 3.3279008418345804e-25, nan 
132.125, 89.125, 3.544476402129987e-25, nan 
132.375, 89.125, 4.258320260661325e-25, nan 
132.625, 89.125, 3.5485397672863876e-25, nan 
132.875, 89.125, 3.528433125856932e-25, nan 
133.125, 89.125, 4.260964717591363e-25, nan 
133.375, 89.125, 4.653768041808654e-25, nan 
133.625, 89.125, 4.212818224278218e-25, nan 
133.875, 89.125, 4.007999497705653e-25, nan 
134.125, 89.125, 4.4426719181410305e-25, nan 
134.375, 89.125, 3.984614027504091e-25, nan 
134.625, 89.125, 4.0652454991353577e-25, nan 
134.875, 89.125, 4.20188706207821e-25, nan 
135.125, 89.125, 4.460056681053802e-25, nan 
135.375, 89.125, 4.361157191537587e-25, nan 
135.625, 89.125, 4.5497177858693735e-25, nan 
135.875, 89.125, 4.24392573570372e-25, nan 
136.125, 89.125, 4.414096023117305e-25, nan 
136.375, 89.125, 4.3285234904718365e-25, nan 
136.625, 89.125, 4.363549666409436e-25, nan 
136.875, 89.125, 4.1178799740601356e-25, nan 
137.125, 89.125, 3.84380823868173e-25, nan 
137.375, 89.125, 4.632478917148796e-25, nan 
137.625, 89.125, 4.0416538995124635e-25, nan 
137.875, 89.125, 4.012552443489724e-25, nan 
138.125, 89.125, 4.161649989015331e-25, nan 
138.375, 89.125, 4.642866962186369e-25, nan 
138.625, 89.125, 4.925396583109724e-25, nan 
138.875, 89.125, 3.629957114279563e-25, nan 
139.125, 89.125, 4.0809709009113797e-25, nan 
139.375, 89.125, 3.6338670036896576e-25, nan 
139.625, 89.125, 4.105905240459774e-25, nan 
139.875, 89.125, 4.1271520468530094e-25, nan 
140.125, 89.125, 4.251293974764291e-25, nan 
140.375, 89.125, 4.0303894998623123e-25, nan 
140.625, 89.125, 4.6769599196597425e-25, nan 
140.875, 89.125, 4.1577317705582695e-25, nan 
141.125, 89.125, 4.768475876763039e-25, nan 
141.375, 89.125, 4.421339013004578e-25, nan 
141.625, 89.125, 4.50746965263408e-25, nan 
141.875, 89.125, 4.462547368048853e-25, nan 
142.125, 89.125, 4.476794728658657e-25, nan 
142.375, 89.125, 4.154218259526684e-25, nan 
142.625, 89.125, 3.9194880121936446e-25, nan 
142.875, 89.125, 4.417950898799499e-25, nan 
143.125, 89.125, 4.245404795632548e-25, nan 
143.375, 89.125, 4.912267755084426e-25, nan 
143.625, 89.125, 4.310937269491976e-25, nan 
143.875, 89.125, 4.476060707706263e-25, nan 
144.125, 89.125, 4.344691417344446e-25, nan 
144.375, 89.125, 4.352260421910882e-25, nan 
144.625, 89.125, 4.178936249258463e-25, nan 
144.875, 89.125, 4.264118861558527e-25, nan 
145.125, 89.125, 4.218901008164127e-25, nan 
145.375, 89.125, 4.383658588878997e-25, nan 
145.625, 89.125, 3.6079840509037403e-25, nan 
145.875, 89.125, 4.28345932801538e-25, nan 
146.125, 89.125, 3.8791850444436886e-25, nan 
146.375, 89.125, 4.29721370092703e-25, nan 
146.625, 89.125, 4.295843704182514e-25, nan 
146.875, 89.125, 4.884376463906936e-25, nan 
147.125, 89.125, 3.7887081609934717e-25, nan 
147.375, 89.125, 5.023426280488645e-25, nan 
147.625, 89.125, 3.7872260605653826e-25, nan 
147.875, 89.125, 4.381638710803308e-25, nan 
148.125, 89.125, 3.9852880401937416e-25, nan 
148.375, 89.125, 4.137530074067863e-25, nan 
148.625, 89.125, 3.891457862737106e-25, nan 
148.875, 89.125, 3.9496401085431544e-25, nan 
149.125, 89.125, 4.258168191605412e-25, nan 
149.375, 89.125, 3.021870216824376e-25, nan 
149.625, 89.125, 3.259801006749807e-25, nan 
149.875, 89.125, 2.635558859261307e-25, nan 
150.125, 89.125, 3.741160313541738e-25, nan 
150.375, 89.125, 3.0103013585948965e-25, nan 
150.625, 89.125, 3.775765058364849e-25, nan 
150.875, 89.125, 3.25977356879702e-25, nan 
151.125, 89.125, 3.2003967590832e-25, nan 
151.375, 89.125, 3.293928533153807e-25, nan 
151.625, 89.125, 3.086897768117364e-25, nan 
151.875, 89.125, 3.881119288595834e-25, nan 
152.125, 89.125, 3.884305383104291e-25, nan 
152.375, 89.125, 3.0938888498256057e-25, nan 
152.625, 89.125, 3.601959133880975e-25, nan 
152.875, 89.125, 2.762314811437351e-25, nan 
153.125, 89.125, 4.174358770904584e-25, nan 
153.375, 89.125, 3.8915538071399535e-25, nan 
153.625, 89.125, 3.444030695192521e-25, nan 
153.875, 89.125, 4.351515289972895e-25, nan 
154.125, 89.125, 3.37332815978252e-25, nan 
154.375, 89.125, 4.0155811547965152e-25, nan 
154.625, 89.125, 4.221725404693859e-25, nan 
154.875, 89.125, 3.99502848624975e-25, nan 
155.125, 89.125, 3.5992846009081026e-25, nan 
155.375, 89.125, 5.673528184887507e-25, nan 
155.625, 89.125, 5.395771984487085e-25, nan 
155.875, 89.125, 4.713989451160859e-25, nan 
156.125, 89.125, 4.36107909807203e-25, nan 
-179.875, 89.375, 1.3117263867375996e-24, nan 
-179.625, 89.375, 1.3024217709752965e-24, nan 
-179.375, 89.375, 8.625955941141271e-25, nan 
-179.125, 89.375, 6.5014570938277155e-25, nan 
-178.875, 89.375, 6.202501272523031e-25, nan 
-178.625, 89.375, 5.79511929344765e-25, nan 
-178.375, 89.375, 5.798881847173513e-25, nan 
-178.125, 89.375, 6.030382039500934e-25, nan 
-177.875, 89.375, 5.745801320488144e-25, nan 
-177.625, 89.375, 6.15009137556602e-25, nan 
-177.375, 89.375, 6.059340550062072e-25, nan 
-177.125, 89.375, 6.345715287086373e-25, nan 
-176.875, 89.375, 6.21081236230631e-25, nan 
-176.625, 89.375, 6.367972037314072e-25, nan 
-176.375, 89.375, 5.972257566812585e-25, nan 
-176.125, 89.375, 6.065667520620628e-25, nan 
-175.875, 89.375, 6.348921999021564e-25, nan 
-175.625, 89.375, 4.658247325966175e-25, nan 
-175.375, 89.375, 1.8705928139080245e-25, nan 
-175.125, 89.375, 3.923809827838334e-25, nan 
-174.875, 89.375, 5.929179457811179e-25, nan 
-174.625, 89.375, 6.440703249415354e-25, nan 
-174.375, 89.375, 6.721649077529346e-25, nan 
-174.125, 89.375, 6.693847597551599e-25, nan 
-173.875, 89.375, 5.082861357791012e-25, nan 
-173.625, 89.375, 2.4748121300419324e-25, nan 
-173.375, 89.375, 1.848617464790503e-25, nan 
-173.125, 89.375, 3.4763480883929215e-25, nan 
-172.875, 89.375, 2.602897209312206e-25, nan 
-172.625, 89.375, 1.609008563397829e-25, nan 
-172.375, 89.375, 1.5611606180819059e-25, nan 
-172.125, 89.375, 1.7298296578825966e-25, nan 
-171.875, 89.375, 2.8437896026131196e-25, nan 
-171.625, 89.375, 1.9561086591181282e-25, nan 
-171.375, 89.375, 3.5219223902288124e-25, nan 
-171.125, 89.375, 2.300338428800747e-25, nan 
-170.875, 89.375, 2.4934545676841e-25, nan 
-170.625, 89.375, 3.6153072094482837e-25, nan 
-170.375, 89.375, 2.1903632573649624e-25, nan 
-170.125, 89.375, 2.4369483966826406e-25, nan 
-169.875, 89.375, 2.1143859210777747e-25, nan 
-169.625, 89.375, 2.329445376317298e-25, nan 
-169.375, 89.375, 2.2917085606488117e-25, nan 
-169.125, 89.375, 2.610252813360286e-25, nan 
-168.875, 89.375, 2.3749542837564636e-25, nan 
-168.625, 89.375, 2.5252557428809607e-25, nan 
-168.375, 89.375, 2.2738425976864464e-25, nan 
-168.125, 89.375, 2.7626370997090674e-25, nan 
-167.875, 89.375, 2.268829555131917e-25, nan 
-167.625, 89.375, 2.6126497104590764e-25, nan 
-167.375, 89.375, 2.3656699085613656e-25, nan 
-167.125, 89.375, 2.7603583617916744e-25, nan 
-166.875, 89.375, 3.262726407045932e-25, nan 
-166.625, 89.375, 3.356196453963361e-25, nan 
-166.375, 89.375, 3.0251735466283295e-25, nan 
-166.125, 89.375, 3.165087756974317e-25, nan 
-165.875, 89.375, 3.0048273494328494e-25, nan 
-165.625, 89.375, 1.52628716261362e-25, nan 
-165.375, 89.375, 2.3061438804748585e-25, nan 
-165.125, 89.375, 3.665229729453261e-25, nan 
-164.875, 89.375, 3.6161694130510287e-25, nan 
-164.625, 89.375, 2.0258076494634775e-25, nan 
-164.375, 89.375, 3.2082597845158165e-25, nan 
-164.125, 89.375, 3.7244720364475194e-25, nan 
-163.875, 89.375, 4.282476414299543e-25, nan 
-163.625, 89.375, 3.2189692774969564e-25, nan 
-163.375, 89.375, 3.6632739461125893e-25, nan 
-163.125, 89.375, 3.653797972348867e-25, nan 
-162.875, 89.375, 3.6849264124401886e-25, nan 
-162.625, 89.375, 3.411461297373495e-25, nan 
-162.375, 89.375, 3.6708546398213416e-25, nan 
-162.125, 89.375, 3.519862712896237e-25, nan 
-161.875, 89.375, 4.0184435075046474e-25, nan 
-161.625, 89.375, 3.8222788526629037e-25, nan 
-161.375, 89.375, 3.988349645140114e-25, nan 
-161.125, 89.375, 4.338066435236447e-25, nan 
-160.875, 89.375, 4.058724234440187e-25, nan 
-160.625, 89.375, 3.947821136919127e-25, nan 
-160.375, 89.375, 4.1213308037947345e-25, nan 
-160.125, 89.375, 3.9817480879708213e-25, nan 
-159.875, 89.375, 4.692657964666743e-25, nan 
-159.625, 89.375, 4.335024028261783e-25, nan 
-159.375, 89.375, 4.523252482670812e-25, nan 
-159.125, 89.375, 4.40966961443035e-25, nan 
-158.875, 89.375, 4.643187219017899e-25, nan 
-158.625, 89.375, 4.931775402603966e-25, nan 
-158.375, 89.375, 4.794081532960896e-25, nan 
-158.125, 89.375, 4.668254926395777e-25, nan 
-157.875, 89.375, 5.042267063452095e-25, nan 
-157.625, 89.375, 5.161616707183987e-25, nan 
-157.375, 89.375, 5.134201681903341e-25, nan 
-157.125, 89.375, 5.147691085971343e-25, nan 
-156.875, 89.375, 4.900553266379034e-25, nan 
-156.625, 89.375, 4.923673330942271e-25, nan 
-156.375, 89.375, 4.96903108212169e-25, nan 
-156.125, 89.375, 4.871960622230636e-25, nan 
-155.875, 89.375, 5.244486595373765e-25, nan 
-155.625, 89.375, 5.02637865189167e-25, nan 
-155.375, 89.375, 5.061505639569127e-25, nan 
-155.125, 89.375, 5.005142766578217e-25, nan 
-154.875, 89.375, 5.423132513037666e-25, nan 
-154.625, 89.375, 5.179534249494945e-25, nan 
-154.375, 89.375, 5.910114682353214e-25, nan 
-154.125, 89.375, 5.257941134624535e-25, nan 
-153.875, 89.375, 5.373214870309205e-25, nan 
-153.625, 89.375, 5.149437561267027e-25, nan 
-153.375, 89.375, 5.2983676250955795e-25, nan 
-153.125, 89.375, 5.283084954553033e-25, nan 
-152.875, 89.375, 6.116458518547088e-25, nan 
-152.625, 89.375, 5.125505807485824e-25, nan 
-152.375, 89.375, 5.204872722079494e-25, nan 
-152.125, 89.375, 4.886474120454636e-25, nan 
-151.875, 89.375, 5.257122479445075e-25, nan 
-151.625, 89.375, 6.094883063079986e-25, nan 
-151.375, 89.375, 6.128470732128909e-25, nan 
-151.125, 89.375, 5.981332712656449e-25, nan 
-150.875, 89.375, 6.171564446897502e-25, nan 
-150.625, 89.375, 5.902455244040477e-25, nan 
-150.375, 89.375, 5.802278143696463e-25, nan 
-150.125, 89.375, 5.536102594496376e-25, nan 
-149.875, 89.375, 5.192320570323599e-25, nan 
-149.625, 89.375, 4.6039855762842495e-25, nan 
-149.375, 89.375, 2.0668235904142283e-25, nan 
-149.125, 89.375, 3.895527431885351e-25, nan 
-148.875, 89.375, 3.7785408926041484e-25, nan 
-148.625, 89.375, 5.441740212533306e-25, nan 
-148.375, 89.375, 5.690335692654404e-25, nan 
-148.125, 89.375, 4.273172024417391e-25, nan 
-147.875, 89.375, 3.703223035944417e-25, nan 
-147.625, 89.375, 3.676054901224411e-25, nan 
-147.375, 89.375, 3.396381663828047e-25, nan 
-147.125, 89.375, 3.1481485302967675e-25, nan 
-146.875, 89.375, 3.1820836705189654e-25, nan 
-146.625, 89.375, 2.952920275964876e-25, nan 
-146.375, 89.375, 2.731289517332061e-25, nan 
-146.125, 89.375, 2.7967362328088765e-25, nan 
-145.875, 89.375, 2.633313209117209e-25, nan 
-145.625, 89.375, 2.490740750509847e-25, nan 
-145.375, 89.375, 2.9300555661548516e-25, nan 
-145.125, 89.375, 2.294058718318212e-25, nan 
-144.875, 89.375, 2.54801413249973e-25, nan 
-144.625, 89.375, 2.468097466166005e-25, nan 
-144.375, 89.375, 2.08953690396805e-25, nan 
-144.125, 89.375, 2.0406357955914221e-25, nan 
-143.875, 89.375, 2.1370119001922246e-25, nan 
-143.625, 89.375, 1.7182502796828054e-25, nan 
-143.375, 89.375, 2.141294675016366e-25, nan 
-143.125, 89.375, 2.144656562850011e-25, nan 
-142.875, 89.375, 2.17102648322306e-25, nan 
-142.625, 89.375, 1.7353089586540927e-25, nan 
-142.375, 89.375, 3.7742039584369487e-25, nan 
-142.125, 89.375, 2.182447386426055e-25, nan 
-141.875, 89.375, 2.253264756571623e-25, nan 
-141.625, 89.375, 2.120021395229989e-25, nan 
-141.375, 89.375, 1.6199461263119869e-25, nan 
-141.125, 89.375, 1.6611873566595033e-25, nan 
-140.875, 89.375, 2.2908787305839697e-25, nan 
-140.625, 89.375, 1.7066953304937626e-25, nan 
-140.375, 89.375, 2.901638621672068e-25, nan 
-140.125, 89.375, 1.8586369030632111e-25, nan 
-139.875, 89.375, 3.169837230138723e-25, nan 
-139.625, 89.375, 1.925005140698769e-25, nan 
-139.375, 89.375, 2.420281011484294e-25, nan 
-139.125, 89.375, 2.127763549624346e-25, nan 
-138.875, 89.375, 1.8676522825647483e-25, nan 
-138.625, 89.375, 1.7369880852945195e-25, nan 
-138.375, 89.375, 1.7254465518414175e-25, nan 
-138.125, 89.375, 2.377270566751518e-25, nan 
-137.875, 89.375, 1.7341979148206844e-25, nan 
-137.625, 89.375, 1.7489721821306295e-25, nan 
-137.375, 89.375, 1.9914626893320676e-25, nan 
-137.125, 89.375, 2.102668986184853e-25, nan 
-136.875, 89.375, 2.467647071073581e-25, nan 
-136.625, 89.375, 2.0611056993331166e-25, nan 
-136.375, 89.375, 2.27036836432806e-25, nan 
-136.125, 89.375, 1.9165023702097515e-25, nan 
-135.875, 89.375, 2.2739224898670017e-25, nan 
-135.625, 89.375, 2.6566879364033107e-25, nan 
-135.375, 89.375, 2.3277792504047973e-25, nan 
-135.125, 89.375, 2.93715100441368e-25, nan 
-134.875, 89.375, 2.27133243147634e-25, nan 
-134.625, 89.375, 1.9862824580408215e-25, nan 
-134.375, 89.375, 2.6211251630866164e-25, nan 
-134.125, 89.375, 2.1358315909586597e-25, nan 
-133.875, 89.375, 3.1110591086438956e-25, nan 
-133.625, 89.375, 2.3406926827574605e-25, nan 
-133.375, 89.375, 2.6798471986081485e-25, nan 
-133.125, 89.375, 2.2143435027528624e-25, nan 
-132.875, 89.375, 2.509056473331945e-25, nan 
-132.625, 89.375, 2.4729641415559806e-25, nan 
-132.375, 89.375, 3.900041519624123e-25, nan 
-132.125, 89.375, 3.6697646237746532e-25, nan 
-131.875, 89.375, 2.9719079634599504e-25, nan 
-131.625, 89.375, 2.561068867322406e-25, nan 
-131.375, 89.375, 2.1857169683884823e-25, nan 
-131.125, 89.375, 1.8185105330909694e-25, nan 
-130.875, 89.375, 2.0221014503829008e-25, nan 
-130.625, 89.375, 1.8333297753169863e-25, nan 
-130.375, 89.375, 2.4050956199468393e-25, nan 
-130.125, 89.375, 2.392316775291705e-25, nan 
-129.875, 89.375, 2.5983943606791987e-25, nan 
-129.625, 89.375, 2.670758337752517e-25, nan 
-129.375, 89.375, 3.1127048568479047e-25, nan 
-129.125, 89.375, 2.8451529302636183e-25, nan 
-128.875, 89.375, 2.6286086661599114e-25, nan 
-128.625, 89.375, 2.667090308258803e-25, nan 
-128.375, 89.375, 2.670731595027081e-25, nan 
-128.125, 89.375, 2.836587297123097e-25, nan 
-127.875, 89.375, 2.9166812960795603e-25, nan 
-127.625, 89.375, 3.16160636781115e-25, nan 
-127.375, 89.375, 3.2439853747638725e-25, nan 
-127.125, 89.375, 3.3756477063066416e-25, nan 
-126.875, 89.375, 3.08196627218841e-25, nan 
-126.625, 89.375, 3.08143848885264e-25, nan 
-126.375, 89.375, 2.8285910250725253e-25, nan 
-126.125, 89.375, 2.9687753851728513e-25, nan 
-125.875, 89.375, 3.3567381228782367e-25, nan 
-125.625, 89.375, 3.165251350402787e-25, nan 
-125.375, 89.375, 3.288673903643417e-25, nan 
-125.125, 89.375, 3.296368197514106e-25, nan 
-124.875, 89.375, 2.9325596842824057e-25, nan 
-124.625, 89.375, 3.3887193006235925e-25, nan 
-124.375, 89.375, 3.112682172386328e-25, nan 
-124.125, 89.375, 3.4751495561804096e-25, nan 
-123.875, 89.375, 3.3907366061000937e-25, nan 
-123.625, 89.375, 2.2986571614446063e-25, nan 
-123.375, 89.375, 1.8634767632307826e-25, nan 
-123.125, 89.375, 1.8397418132928123e-25, nan 
-122.875, 89.375, 2.02751704699853e-25, nan 
-122.625, 89.375, 2.59902890768988e-25, nan 
-122.375, 89.375, 2.0475844370978736e-25, nan 
-122.125, 89.375, 2.4656824031699675e-25, nan 
-121.875, 89.375, 3.075138496602214e-25, nan 
-121.625, 89.375, 2.476443048101962e-25, nan 
-121.375, 89.375, 2.157664434824831e-25, nan 
-121.125, 89.375, 2.3373993057118215e-25, nan 
-120.875, 89.375, 2.207371071403105e-25, nan 
-120.625, 89.375, 2.4666447934443262e-25, nan 
-120.375, 89.375, 1.6630129121709348e-25, nan 
-120.125, 89.375, 2.4791699495855276e-25, nan 
-119.875, 89.375, 1.916952812927001e-25, nan 
-119.625, 89.375, 2.6818361024803297e-25, nan 
-119.375, 89.375, 1.896404736182313e-25, nan 
-119.125, 89.375, 1.6837172544889433e-25, nan 
-118.875, 89.375, 1.3499223821138505e-25, nan 
-118.625, 89.375, 1.488271385650688e-25, nan 
-118.375, 89.375, 1.3260792701158287e-25, nan 
-118.125, 89.375, 1.5941924874990986e-25, nan 
-117.875, 89.375, 1.1120334532677897e-25, nan 
-117.625, 89.375, 2.3897734818361226e-25, nan 
-117.375, 89.375, 1.4450581323323706e-25, nan 
-117.125, 89.375, 2.3493790840505893e-25, nan 
-116.875, 89.375, 1.3184562536374172e-25, nan 
-116.625, 89.375, 1.8594365671974308e-25, nan 
-116.375, 89.375, 8.457288993277345e-26, nan 
-116.125, 89.375, 1.6274397696583434e-25, nan 
-115.875, 89.375, 1.116003199041726e-25, nan 
-115.625, 89.375, 1.344871437264657e-25, nan 
-115.375, 89.375, 1.2213823098537312e-25, nan 
-115.125, 89.375, 1.348850052101275e-25, nan 
-114.875, 89.375, 1.0553200929936597e-25, nan 
-114.625, 89.375, 1.565137990877668e-25, nan 
-114.375, 89.375, 1.1251209606713696e-25, nan 
-114.125, 89.375, 1.2851074135236092e-25, nan 
-113.875, 89.375, 1.64236151664358e-25, nan 
-113.625, 89.375, 9.553210159889511e-26, nan 
-113.375, 89.375, 1.3189979403527635e-25, nan 
-113.125, 89.375, 1.271298029804754e-25, nan 
-112.875, 89.375, 1.49156132262358e-25, nan 
-112.625, 89.375, 1.3123426681221195e-25, nan 
-112.375, 89.375, 1.443175758212462e-25, nan 
-112.125, 89.375, 9.507319512367678e-26, nan 
-111.875, 89.375, 1.5914471772390956e-25, nan 
-111.625, 89.375, 5.366431617010754e-26, nan 
-111.375, 89.375, 1.7274931368276707e-25, nan 
-111.125, 89.375, 1.477083715444563e-25, nan 
-110.875, 89.375, 1.5579124657015453e-25, nan 
-110.625, 89.375, 1.1982666962653764e-25, nan 
-110.375, 89.375, 1.2800708055777689e-25, nan 
-110.125, 89.375, 6.273041749498236e-26, nan 
-109.875, 89.375, 6.688837749099015e-26, nan 
-109.625, 89.375, 1.5667667343591942e-25, nan 
-109.375, 89.375, 9.154108551678792e-26, nan 
-109.125, 89.375, 1.4478129939056952e-25, nan 
-108.875, 89.375, 8.114017104830141e-26, nan 
-108.625, 89.375, 1.1920259075434319e-25, nan 
-108.375, 89.375, 1.0701507042980736e-25, nan 
-108.125, 89.375, 1.084096088362835e-25, nan 
-107.875, 89.375, 1.6734707067953522e-25, nan 
-107.625, 89.375, 1.853606281939473e-25, nan 
-107.375, 89.375, 1.7120118828801656e-25, nan 
-107.125, 89.375, 1.7336910636529583e-25, nan 
-106.875, 89.375, 1.7334289052933953e-25, nan 
-106.625, 89.375, 1.0372042285009024e-25, nan 
-106.375, 89.375, 9.917352313048183e-26, nan 
-106.125, 89.375, 8.212823706766674e-26, nan 
-105.875, 89.375, 9.151860734656426e-26, nan 
-105.625, 89.375, 1.0054125011716513e-25, nan 
-105.375, 89.375, 1.1643229835085475e-25, nan 
-105.125, 89.375, 1.0402429109152548e-25, nan 
-104.875, 89.375, 8.98552283168726e-26, nan 
-104.625, 89.375, 1.2725260873190193e-25, nan 
-104.375, 89.375, 5.85178515099494e-26, nan 
-104.125, 89.375, 9.179123540247156e-26, nan 
-103.875, 89.375, 6.192917030294941e-26, nan 
-103.625, 89.375, 7.970372549920728e-26, nan 
-103.375, 89.375, 7.682775742533298e-26, nan 
-103.125, 89.375, 6.406949861896053e-26, nan 
-102.875, 89.375, 1.098005600450337e-25, nan 
-102.625, 89.375, 5.749613420560064e-26, nan 
-102.375, 89.375, 1.136151833021791e-25, nan 
-102.125, 89.375, 1.1095306556372934e-25, nan 
-101.875, 89.375, 1.126111541993949e-25, nan 
-101.625, 89.375, 9.702259227246112e-26, nan 
-101.375, 89.375, 1.083657018966615e-25, nan 
-101.125, 89.375, 1.1753301413243985e-25, nan 
-100.875, 89.375, 1.4478132649433675e-25, nan 
-100.625, 89.375, 9.002444425773624e-26, nan 
-100.375, 89.375, 1.1540728779617007e-25, nan 
-100.125, 89.375, 7.976045128435274e-26, nan 
-99.875, 89.375, 1.0817443939193506e-25, nan 
-99.625, 89.375, 1.0799210684188105e-25, nan 
-99.375, 89.375, 9.203425055834306e-26, nan 
-99.125, 89.375, 5.567454748933398e-26, nan 
-98.875, 89.375, 4.632438345272122e-26, nan 
-98.625, 89.375, 2.658077589493865e-26, nan 
-98.375, 89.375, 3.5952545236212804e-26, nan 
-98.125, 89.375, 4.7591428844776136e-26, nan 
-97.875, 89.375, 3.226163494652176e-26, nan 
-97.625, 89.375, 4.412230794198807e-26, nan 
-97.375, 89.375, 4.5681097826753466e-26, nan 
-97.125, 89.375, 6.602504171784684e-26, nan 
-96.875, 89.375, 5.339816904534188e-26, nan 
-96.625, 89.375, 7.13851697136066e-26, nan 
-96.375, 89.375, 7.676444026191517e-26, nan 
-96.125, 89.375, 1.0296051082031157e-25, nan 
-95.875, 89.375, 1.0204522471252289e-25, nan 
-95.625, 89.375, 2.099813619180259e-25, nan 
-95.375, 89.375, 2.1143034856259627e-25, nan 
-95.125, 89.375, 2.134443135082402e-25, nan 
-94.875, 89.375, 2.109827042901309e-25, nan 
-94.625, 89.375, 2.136201431416913e-25, nan 
-94.375, 89.375, 1.630963178963692e-25, nan 
-94.125, 89.375, 2.129441219550022e-25, nan 
-93.875, 89.375, 1.837863998731106e-25, nan 
-93.625, 89.375, 1.9253767120864043e-25, nan 
-93.375, 89.375, 2.0275030929884185e-25, nan 
-93.125, 89.375, 1.8760723040231137e-25, nan 
-92.875, 89.375, 1.5228460897382666e-25, nan 
-92.625, 89.375, 1.8097750732788168e-25, nan 
-92.375, 89.375, 1.5747600702354733e-25, nan 
-92.125, 89.375, 1.7933323700489832e-25, nan 
-91.875, 89.375, 1.512072493260822e-25, nan 
-91.625, 89.375, 1.6279236937372796e-25, nan 
-91.375, 89.375, 1.5354979442926542e-25, nan 
-91.125, 89.375, 1.76133514002224e-25, nan 
-90.875, 89.375, 1.7642789019451325e-25, nan 
-90.625, 89.375, 1.8906389478826653e-25, nan 
-90.375, 89.375, 2.229649186274553e-25, nan 
-90.125, 89.375, 2.1928083070528446e-25, nan 
-89.875, 89.375, 2.5162866116843975e-25, nan 
-89.625, 89.375, 2.2532183483633685e-25, nan 
-89.375, 89.375, 1.7621139204969161e-25, nan 
-89.125, 89.375, 2.1996354723975153e-25, nan 
-88.875, 89.375, 1.7362706929320937e-25, nan 
-88.625, 89.375, 2.6348187683086464e-25, nan 
-88.375, 89.375, 1.8977322654388785e-25, nan 
-88.125, 89.375, 2.133627961166643e-25, nan 
-87.875, 89.375, 1.1979358953985532e-25, nan 
-87.625, 89.375, 2.2801700119966513e-25, nan 
-87.375, 89.375, 2.254196225772863e-25, nan 
-87.125, 89.375, 1.6424335671950636e-25, nan 
-86.875, 89.375, 2.5251859313569903e-25, nan 
-86.625, 89.375, 2.24210456413588e-25, nan 
-86.375, 89.375, 2.553772258512186e-25, nan 
-86.125, 89.375, 1.701322082920388e-25, nan 
-85.875, 89.375, 2.4258248020270703e-25, nan 
-85.625, 89.375, 2.3205191761799553e-25, nan 
-85.375, 89.375, 2.0859108639606652e-25, nan 
-85.125, 89.375, 2.1401771801894883e-25, nan 
-84.875, 89.375, 2.986115353046243e-25, nan 
-84.625, 89.375, 1.9328184470247863e-25, nan 
-84.375, 89.375, 3.06375996605765e-25, nan 
-84.125, 89.375, 2.331996137409669e-25, nan 
-83.875, 89.375, 2.935089137164661e-25, nan 
-83.625, 89.375, 2.0682508924514396e-25, nan 
-83.375, 89.375, 3.00888677085643e-25, nan 
-83.125, 89.375, 2.3615338210983508e-25, nan 
-82.875, 89.375, 2.476328272207259e-25, nan 
-82.625, 89.375, 3.0299191562679994e-25, nan 
-82.375, 89.375, 3.1049117454365614e-25, nan 
-82.125, 89.375, 2.7496877928692173e-25, nan 
-81.875, 89.375, 2.9418985897841624e-25, nan 
-81.625, 89.375, 2.8565038995326616e-25, nan 
-81.375, 89.375, 2.5334963548848373e-25, nan 
-81.125, 89.375, 2.586704174076362e-25, nan 
-80.875, 89.375, 3.0266141037761222e-25, nan 
-80.625, 89.375, 2.492973113429227e-25, nan 
-80.375, 89.375, 2.8259019269670132e-25, nan 
-80.125, 89.375, 2.771966868024784e-25, nan 
-79.875, 89.375, 1.8184765668330436e-25, nan 
-79.625, 89.375, 2.8836685766202066e-25, nan 
-79.375, 89.375, 2.9191468706577167e-25, nan 
-79.125, 89.375, 3.031826207103025e-25, nan 
-78.875, 89.375, 2.9107901451919427e-25, nan 
-78.625, 89.375, 3.070280719360872e-25, nan 
-78.375, 89.375, 2.7844989471718476e-25, nan 
-78.125, 89.375, 2.9485524832475416e-25, nan 
-77.875, 89.375, 2.2912193027235942e-25, nan 
-77.625, 89.375, 3.389392285158698e-25, nan 
-77.375, 89.375, 2.2728207456563067e-25, nan 
-77.125, 89.375, 3.161254107124009e-25, nan 
-76.875, 89.375, 2.8391414626829574e-25, nan 
-76.625, 89.375, 2.3037586565602625e-25, nan 
-76.375, 89.375, 3.4083135137757293e-25, nan 
-76.125, 89.375, 3.620231464072306e-25, nan 
-75.875, 89.375, 2.6860953881322624e-25, nan 
-75.625, 89.375, 3.6342381234338733e-25, nan 
-75.375, 89.375, 2.8053193786450506e-25, nan 
-75.125, 89.375, 3.8584449915136923e-25, nan 
-74.875, 89.375, 3.47751598655946e-25, nan 
-74.625, 89.375, 3.9150557677083253e-25, nan 
-74.375, 89.375, 3.8926178916474625e-25, nan 
-74.125, 89.375, 4.252919013054773e-25, nan 
-73.875, 89.375, 4.118267898362458e-25, nan 
-73.625, 89.375, 4.363726442002448e-25, nan 
-73.375, 89.375, 4.415107828216926e-25, nan 
-73.125, 89.375, 4.837156183096042e-25, nan 
-72.875, 89.375, 3.7826517989989075e-25, nan 
-72.625, 89.375, 4.376944194800937e-25, nan 
-72.375, 89.375, 4.203579421604068e-25, nan 
-72.125, 89.375, 5.129464751119583e-25, nan 
-71.875, 89.375, 4.255929977373204e-25, nan 
-71.625, 89.375, 3.8817894311513675e-25, nan 
-71.375, 89.375, 3.8960881397870534e-25, nan 
-71.125, 89.375, 5.426941583766418e-25, nan 
-70.875, 89.375, 4.709398550464853e-25, nan 
-70.625, 89.375, 4.059808882889486e-25, nan 
-70.375, 89.375, 3.7407167036324923e-25, nan 
-70.125, 89.375, 3.3810737295879743e-25, nan 
-69.875, 89.375, 3.063330245813294e-25, nan 
-69.625, 89.375, 2.6477252202265774e-25, nan 
-69.375, 89.375, 3.8733973249392077e-25, nan 
-69.125, 89.375, 3.318459042572758e-25, nan 
-68.875, 89.375, 4.009124295968205e-25, nan 
-68.625, 89.375, 3.478147959150701e-25, nan 
-68.375, 89.375, 3.988398696608361e-25, nan 
-68.125, 89.375, 3.693049808162861e-25, nan 
-67.875, 89.375, 4.079203042345872e-25, nan 
-67.625, 89.375, 2.774373594132016e-25, nan 
-67.375, 89.375, 3.499006810611849e-25, nan 
-67.125, 89.375, 4.986497538292724e-25, nan 
-66.875, 89.375, 5.879067653207375e-25, nan 
-66.625, 89.375, 4.174994580137906e-25, nan 
-66.375, 89.375, 3.8322330630615847e-25, nan 
-66.125, 89.375, 4.35482564178641e-25, nan 
-65.875, 89.375, 4.165195083646636e-25, nan 
-65.625, 89.375, 4.544187537086172e-25, nan 
-65.375, 89.375, 4.410271761366274e-25, nan 
-65.125, 89.375, 5.11212122675058e-25, nan 
-64.875, 89.375, 4.654093068083423e-25, nan 
-64.625, 89.375, 4.859250391728686e-25, nan 
-64.375, 89.375, 5.751611667478825e-25, nan 
-64.125, 89.375, 5.2706676936699545e-25, nan 
-63.875, 89.375, 5.174101911960083e-25, nan 
-63.625, 89.375, 4.684043572732335e-25, nan 
-63.375, 89.375, 5.678783359109526e-25, nan 
-63.125, 89.375, 4.823248043390307e-25, nan 
-62.875, 89.375, 5.065226921679107e-25, nan 
-62.625, 89.375, 5.782331376497961e-25, nan 
-62.375, 89.375, 5.201727143625038e-25, nan 
-62.125, 89.375, 5.360641769834884e-25, nan 
-61.875, 89.375, 5.509069265242587e-25, nan 
-61.625, 89.375, 5.3083402048496065e-25, nan 
-61.375, 89.375, 5.325338897516287e-25, nan 
-61.125, 89.375, 5.6131442741677515e-25, nan 
-60.875, 89.375, 6.205079875032343e-25, nan 
-60.625, 89.375, 5.507439626233862e-25, nan 
-60.375, 89.375, 5.377142237140364e-25, nan 
-60.125, 89.375, 5.529741011286881e-25, nan 
-59.875, 89.375, 6.208834278994642e-25, nan 
-59.625, 89.375, 5.436843572616512e-25, nan 
-59.375, 89.375, 5.987928046077487e-25, nan 
-59.125, 89.375, 5.590952898418473e-25, nan 
-58.875, 89.375, 5.886194134254347e-25, nan 
-58.625, 89.375, 5.951876637919768e-25, nan 
-58.375, 89.375, 5.810268171912398e-25, nan 
-58.125, 89.375, 5.918162266018128e-25, nan 
-57.875, 89.375, 5.803268149575793e-25, nan 
-57.625, 89.375, 5.886626367246514e-25, nan 
-57.375, 89.375, 5.765185835161118e-25, nan 
-57.125, 89.375, 6.542577515929605e-25, nan 
-56.875, 89.375, 5.8108306080030535e-25, nan 
-56.625, 89.375, 5.899277499499103e-25, nan 
-56.375, 89.375, 5.794238030429885e-25, nan 
-56.125, 89.375, 6.280947723063623e-25, nan 
-55.875, 89.375, 6.656694998253557e-25, nan 
-55.625, 89.375, 6.933391996374267e-25, nan 
-55.375, 89.375, 7.135759727352124e-25, nan 
-55.125, 89.375, 7.84866887779154e-25, nan 
-54.875, 89.375, 7.204252176143455e-25, nan 
-54.625, 89.375, 7.99570875985067e-25, nan 
-54.375, 89.375, 7.30704878790188e-25, nan 
-54.125, 89.375, 7.354004504254795e-25, nan 
-53.875, 89.375, 7.977685262929741e-25, nan 
-53.625, 89.375, 6.955942821412047e-25, nan 
-53.375, 89.375, 6.739865098051673e-25, nan 
-53.125, 89.375, 7.544205627549886e-25, nan 
-52.875, 89.375, 6.956326329846945e-25, nan 
-52.625, 89.375, 7.471276761123192e-25, nan 
-52.375, 89.375, 6.968197310261924e-25, nan 
-52.125, 89.375, 6.9756275332143425e-25, nan 
-51.875, 89.375, 6.857939050752886e-25, nan 
-51.625, 89.375, 6.845753150260475e-25, nan 
-51.375, 89.375, 6.808125346198694e-25, nan 
-51.125, 89.375, 6.678105554355881e-25, nan 
-50.875, 89.375, 6.792698665905765e-25, nan 
-50.625, 89.375, 6.553183527712044e-25, nan 
-50.375, 89.375, 6.594987960121659e-25, nan 
-50.125, 89.375, 5.964640539632082e-25, nan 
-49.875, 89.375, 5.659762780896951e-25, nan 
-49.625, 89.375, 5.535680213886686e-25, nan 
-49.375, 89.375, 5.971056544134258e-25, nan 
-49.125, 89.375, 5.562611545585752e-25, nan 
-48.875, 89.375, 5.732190397174076e-25, nan 
-48.625, 89.375, 5.412337506194761e-25, nan 
-48.375, 89.375, 5.918282242399436e-25, nan 
-48.125, 89.375, 5.608972098208485e-25, nan 
-47.875, 89.375, 5.620239237475197e-25, nan 
-47.625, 89.375, 6.165618577461071e-25, nan 
-47.375, 89.375, 6.334711687884964e-25, nan 
-47.125, 89.375, 6.961929327131589e-25, nan 
-46.875, 89.375, 7.168062747334743e-25, nan 
-46.625, 89.375, 6.076609169865655e-25, nan 
-46.375, 89.375, 6.7002826090641565e-25, nan 
-46.125, 89.375, 6.489021505440576e-25, nan 
-45.875, 89.375, 6.684011781338065e-25, nan 
-45.625, 89.375, 6.325086648582976e-25, nan 
-45.375, 89.375, 6.248122269826339e-25, nan 
-45.125, 89.375, 5.954532506031662e-25, nan 
-44.875, 89.375, 6.368524508162843e-25, nan 
-44.625, 89.375, 5.715435833804115e-25, nan 
-44.375, 89.375, 6.323019718058147e-25, nan 
-44.125, 89.375, 7.7907039170714445e-25, nan 
-43.875, 89.375, 5.50681217781609e-25, nan 
-43.625, 89.375, 5.212936919214854e-25, nan 
-43.375, 89.375, 6.117668432385682e-25, nan 
-43.125, 89.375, 6.085714911386808e-25, nan 
-42.875, 89.375, 6.098075094292983e-25, nan 
-42.625, 89.375, 5.966604316033073e-25, nan 
-42.375, 89.375, 6.120200713581546e-25, nan 
-42.125, 89.375, 6.013081891410755e-25, nan 
-41.875, 89.375, 5.336212489836329e-25, nan 
-41.625, 89.375, 6.045543897046469e-25, nan 
-41.375, 89.375, 5.280783548353395e-25, nan 
-41.125, 89.375, 5.552801743162864e-25, nan 
-40.875, 89.375, 5.450890045770574e-25, nan 
-40.625, 89.375, 5.733349399506721e-25, nan 
-40.375, 89.375, 5.229953392434011e-25, nan 
-40.125, 89.375, 5.216378404152663e-25, nan 
-39.875, 89.375, 5.707864106359297e-25, nan 
-39.625, 89.375, 5.424304952130654e-25, nan 
-39.375, 89.375, 5.289530287572254e-25, nan 
-39.125, 89.375, 5.702321709102451e-25, nan 
-38.875, 89.375, 5.0043214471202e-25, nan 
-38.625, 89.375, 5.34753880109554e-25, nan 
-38.375, 89.375, 4.924698448134611e-25, nan 
-38.125, 89.375, 5.703771688642044e-25, nan 
-37.875, 89.375, 4.859289617138255e-25, nan 
-37.625, 89.375, 4.99706589185388e-25, nan 
-37.375, 89.375, 5.169170045862328e-25, nan 
-37.125, 89.375, 5.72329515976426e-25, nan 
-36.875, 89.375, 4.707705145455982e-25, nan 
-36.625, 89.375, 5.467329054553323e-25, nan 
-36.375, 89.375, 4.947494559718277e-25, nan 
-36.125, 89.375, 5.346841062476971e-25, nan 
-35.875, 89.375, 5.637475666808348e-25, nan 
-35.625, 89.375, 5.353817595518554e-25, nan 
-35.375, 89.375, 5.123159549387299e-25, nan 
-35.125, 89.375, 5.304762347868263e-25, nan 
-34.875, 89.375, 5.358833653636105e-25, nan 
-34.625, 89.375, 5.378351387624684e-25, nan 
-34.375, 89.375, 6.312987345972972e-25, nan 
-34.125, 89.375, 5.242286501636417e-25, nan 
-33.875, 89.375, 5.601289444940777e-25, nan 
-33.625, 89.375, 4.960116919163581e-25, nan 
-33.375, 89.375, 5.092899016961794e-25, nan 
-33.125, 89.375, 4.998372627422617e-25, nan 
-32.875, 89.375, 5.419265788566387e-25, nan 
-32.625, 89.375, 5.442968511394501e-25, nan 
-32.375, 89.375, 5.875258206302932e-25, nan 
-32.125, 89.375, 5.603645034446444e-25, nan 
-31.875, 89.375, 6.244357030519953e-25, nan 
-31.625, 89.375, 5.628601650753775e-25, nan 
-31.375, 89.375, 5.572705635227774e-25, nan 
-31.125, 89.375, 6.429234056640682e-25, nan 
-30.875, 89.375, 5.192561889618201e-25, nan 
-30.625, 89.375, 5.013162229079108e-25, nan 
-30.375, 89.375, 5.676544685443554e-25, nan 
-30.125, 89.375, 4.646452296482094e-25, nan 
-29.875, 89.375, 5.593625386024536e-25, nan 
-29.625, 89.375, 4.905051880852094e-25, nan 
-29.375, 89.375, 5.408298274952408e-25, nan 
-29.125, 89.375, 5.087913668995444e-25, nan 
-28.875, 89.375, 4.928045806673788e-25, nan 
-28.625, 89.375, 4.8131871996373865e-25, nan 
-28.375, 89.375, 4.70431805468804e-25, nan 
-28.125, 89.375, 4.9167719283912125e-25, nan 
-27.875, 89.375, 4.200689462030405e-25, nan 
-27.625, 89.375, 3.9646925002839425e-25, nan 
-27.375, 89.375, 4.725054076671981e-25, nan 
-27.125, 89.375, 3.631557754685435e-25, nan 
-26.875, 89.375, 3.7303878796290933e-25, nan 
-26.625, 89.375, 3.7750274801670316e-25, nan 
-26.375, 89.375, 4.413585562765427e-25, nan 
-26.125, 89.375, 3.7616464516659217e-25, nan 
-25.875, 89.375, 4.384872553330054e-25, nan 
-25.625, 89.375, 3.3435043953666935e-25, nan 
-25.375, 89.375, 3.909506314105062e-25, nan 
-25.125, 89.375, 4.185132392921901e-25, nan 
-24.875, 89.375, 4.778905910609825e-25, nan 
-24.625, 89.375, 4.4927182540213635e-25, nan 
-24.375, 89.375, 5.715570001125801e-25, nan 
-24.125, 89.375, 6.105245947063965e-25, nan 
-23.875, 89.375, 4.516127816239771e-25, nan 
-23.625, 89.375, 5.403077292604338e-25, nan 
-23.375, 89.375, 4.0247587690135656e-25, nan 
-23.125, 89.375, 4.582360062759438e-25, nan 
-22.875, 89.375, 3.643665776882835e-25, nan 
-22.625, 89.375, 4.220815200217008e-25, nan 
-22.375, 89.375, 3.9361223555108837e-25, nan 
-22.125, 89.375, 5.54424794108069e-25, nan 
-21.875, 89.375, 4.523775969937594e-25, nan 
-21.625, 89.375, 3.750935962994051e-25, nan 
-21.375, 89.375, 3.771875764042359e-25, nan 
-21.125, 89.375, 3.1847020799494285e-25, nan 
-20.875, 89.375, 3.753529439206199e-25, nan 
-20.625, 89.375, 5.474352091204338e-25, nan 
-20.375, 89.375, 6.572700219304323e-25, nan 
-20.125, 89.375, 5.883390862758671e-25, nan 
-19.875, 89.375, 6.211357124885467e-25, nan 
-19.625, 89.375, 5.571118124101695e-25, nan 
-19.375, 89.375, 6.781633390172895e-25, nan 
-19.125, 89.375, 6.595382988956709e-25, nan 
-18.875, 89.375, 5.065452671743688e-25, nan 
-18.625, 89.375, 5.214236687541044e-25, nan 
-18.375, 89.375, 4.24454618730689e-25, nan 
-18.125, 89.375, 4.278480960655566e-25, nan 
-17.875, 89.375, 3.3113473246818467e-25, nan 
-17.625, 89.375, 4.277228391006455e-25, nan 
-17.375, 89.375, 4.17488688232507e-25, nan 
-17.125, 89.375, 3.0981204142835904e-25, nan 
-16.875, 89.375, 4.152570742872874e-25, nan 
-16.625, 89.375, 4.4579927715033015e-25, nan 
-16.375, 89.375, 4.008634112212334e-25, nan 
-16.125, 89.375, 4.174249520006984e-25, nan 
-15.875, 89.375, 4.037217152129634e-25, nan 
-15.625, 89.375, 4.186910391844874e-25, nan 
-15.375, 89.375, 4.071517827794543e-25, nan 
-15.125, 89.375, 5.059816269827814e-25, nan 
-14.875, 89.375, 6.47409094367422e-25, nan 
-14.625, 89.375, 6.12369914705011e-25, nan 
-14.375, 89.375, 3.194020345227367e-25, nan 
-14.125, 89.375, 3.5966887764154323e-25, nan 
-13.875, 89.375, 3.7627774697672065e-25, nan 
-13.625, 89.375, 4.198154106792009e-25, nan 
-13.375, 89.375, 3.6413797296027003e-25, nan 
-13.125, 89.375, 3.688421227416323e-25, nan 
-12.875, 89.375, 3.049994370864179e-25, nan 
-12.625, 89.375, 3.1432572974839083e-25, nan 
-12.375, 89.375, 3.133697381333363e-25, nan 
-12.125, 89.375, 2.303125916905357e-25, nan 
-11.875, 89.375, 3.5562131960757397e-25, nan 
-11.625, 89.375, 3.2655892382923218e-25, nan 
-11.375, 89.375, 3.656465493334474e-25, nan 
-11.125, 89.375, 5.320635973291183e-25, nan 
-10.875, 89.375, 4.481708514323222e-25, nan 
-10.625, 89.375, 3.504377844066476e-25, nan 
-10.375, 89.375, 4.428954504630982e-25, nan 
-10.125, 89.375, 4.883482891383764e-25, nan 
-9.875, 89.375, 5.120092638858095e-25, nan 
-9.625, 89.375, 4.415972944037801e-25, nan 
-9.375, 89.375, 5.137555541077569e-25, nan 
-9.125, 89.375, 4.70217478701976e-25, nan 
-8.875, 89.375, 4.399262055556024e-25, nan 
-8.625, 89.375, 5.0046726740230955e-25, nan 
-8.375, 89.375, 5.237371976745652e-25, nan 
-8.125, 89.375, 1.7917314599933474e-25, nan 
-7.875, 89.375, 3.7559288567315047e-25, nan 
-7.625, 89.375, 4.6803370473023785e-25, nan 
-7.375, 89.375, 4.947465394197878e-25, nan 
-7.125, 89.375, 4.1548871634600005e-25, nan 
-6.875, 89.375, 6.500317157517326e-25, nan 
-6.625, 89.375, 5.215144026610814e-25, nan 
-6.375, 89.375, 5.027645638449697e-25, nan 
-6.125, 89.375, 5.526634262762754e-25, nan 
-5.875, 89.375, 6.46192727370254e-25, nan 
-5.625, 89.375, 4.871549546394359e-25, nan 
-5.375, 89.375, 6.6008283955416505e-25, nan 
-5.125, 89.375, 5.817249439885224e-25, nan 
-4.875, 89.375, 4.921846778820712e-25, nan 
-4.625, 89.375, 4.915593748443627e-25, nan 
-4.375, 89.375, 5.418966250696442e-25, nan 
-4.125, 89.375, 4.929239406750289e-25, nan 
-3.875, 89.375, 5.367650323337627e-25, nan 
-3.625, 89.375, 6.077266112084627e-25, nan 
-3.375, 89.375, 5.434424749301037e-25, nan 
-3.125, 89.375, 5.407736600844681e-25, nan 
-2.875, 89.375, 5.668470087240675e-25, nan 
-2.625, 89.375, 4.832397603948014e-25, nan 
-2.375, 89.375, 4.68806509269981e-25, nan 
-2.125, 89.375, 6.624643938093172e-25, nan 
-1.875, 89.375, 5.329235814629103e-25, nan 
-1.625, 89.375, 5.013026432217785e-25, nan 
-1.375, 89.375, 4.898009208440179e-25, nan 
-1.125, 89.375, 5.618157618208773e-25, nan 
-0.875, 89.375, 4.748456479271736e-25, nan 
-0.625, 89.375, 5.012592495588363e-25, nan 
-0.375, 89.375, 5.005793333980962e-25, nan 
-0.125, 89.375, 5.658890885603234e-25, nan 
0.125, 89.375, 5.260759356878521e-25, nan 
0.375, 89.375, 4.923357510627533e-25, nan 
0.625, 89.375, 5.11138558761175e-25, nan 
0.875, 89.375, 4.764876263279126e-25, nan 
1.125, 89.375, 5.555994731197552e-25, nan 
1.375, 89.375, 4.849564527114803e-25, nan 
1.625, 89.375, 5.747977552551783e-25, nan 
1.875, 89.375, 4.872836764943773e-25, nan 
2.125, 89.375, 4.904990714010198e-25, nan 
2.375, 89.375, 3.9574469166386895e-25, nan 
2.625, 89.375, 3.8496950206293165e-25, nan 
2.875, 89.375, 4.0775629710865814e-25, nan 
3.125, 89.375, 5.041834878558809e-25, nan 
3.375, 89.375, 4.917419369005199e-25, nan 
3.625, 89.375, 7.573785256039475e-25, nan 
3.875, 89.375, 5.46273875446503e-25, nan 
4.125, 89.375, 8.265510691581163e-25, nan 
4.375, 89.375, 4.853157755466231e-25, nan 
4.625, 89.375, 2.6779766306722625e-25, nan 
4.875, 89.375, 3.0680379206392278e-25, nan 
5.125, 89.375, 3.66046478711364e-25, nan 
5.375, 89.375, 4.959908373252739e-25, nan 
5.625, 89.375, 4.332742631851916e-25, nan 
5.875, 89.375, 6.517561613583994e-25, nan 
6.125, 89.375, 6.63340364525635e-25, nan 
6.375, 89.375, 4.309277599705636e-25, nan 
6.625, 89.375, 6.900230156266834e-25, nan 
6.875, 89.375, 4.758780792559718e-25, nan 
7.125, 89.375, 7.061993025341622e-25, nan 
7.375, 89.375, 1.6986162064841985e-25, nan 
7.625, 89.375, 6.5839390983940775e-25, nan 
7.875, 89.375, 5.5063962929808565e-25, nan 
8.125, 89.375, 6.571703266729784e-25, nan 
8.375, 89.375, 6.595291899058095e-25, nan 
8.625, 89.375, 6.698078377259629e-25, nan 
8.875, 89.375, 7.058486365923399e-25, nan 
9.125, 89.375, 8.954778275449352e-25, nan 
9.375, 89.375, 7.044876058464409e-25, nan 
9.625, 89.375, 8.92457763474111e-25, nan 
9.875, 89.375, 6.938723269247302e-25, nan 
10.125, 89.375, 5.903881529573277e-25, nan 
10.375, 89.375, 7.209545303124081e-25, nan 
10.625, 89.375, 6.181927611253032e-25, nan 
10.875, 89.375, 7.939891457431171e-25, nan 
11.125, 89.375, 6.846385271379585e-25, nan 
11.375, 89.375, 8.385682001891867e-25, nan 
11.625, 89.375, 6.441323746963995e-25, nan 
11.875, 89.375, 6.035459498303587e-25, nan 
12.125, 89.375, 3.930434582962263e-25, nan 
12.375, 89.375, 4.0454465329818156e-25, nan 
12.625, 89.375, 9.224642521011434e-25, nan 
12.875, 89.375, 6.07880496198157e-25, nan 
13.125, 89.375, 4.688053484415922e-25, nan 
13.375, 89.375, 6.492019634540739e-25, nan 
13.625, 89.375, 6.82997970485943e-25, nan 
13.875, 89.375, 6.763072488222149e-25, nan 
14.125, 89.375, 6.150868586327692e-25, nan 
14.375, 89.375, 9.023470302053162e-25, nan 
14.625, 89.375, 5.800560576578957e-25, nan 
14.875, 89.375, 6.446204383804007e-25, nan 
15.125, 89.375, 5.6827796731252265e-25, nan 
15.375, 89.375, 8.163384155624037e-25, nan 
15.625, 89.375, 4.9527545911619065e-25, nan 
15.875, 89.375, 5.407659192921643e-25, nan 
16.125, 89.375, 5.102787880514664e-25, nan 
16.375, 89.375, 5.736064710776435e-25, nan 
16.625, 89.375, 5.841982846948074e-25, nan 
16.875, 89.375, 5.324575791403284e-25, nan 
17.125, 89.375, 6.279673287114123e-25, nan 
17.375, 89.375, 6.451406426226151e-25, nan 
17.625, 89.375, 7.513287804171428e-25, nan 
17.875, 89.375, 5.523057944091064e-25, nan 
18.125, 89.375, 5.484990186126064e-25, nan 
18.375, 89.375, 5.243487500916321e-25, nan 
18.625, 89.375, 7.08793435801337e-25, nan 
18.875, 89.375, 5.98926130761587e-25, nan 
19.125, 89.375, 4.403015278101754e-25, nan 
19.375, 89.375, 4.0020937787849945e-25, nan 
19.625, 89.375, 3.947346833401996e-25, nan 
19.875, 89.375, 7.609605422763965e-25, nan 
20.125, 89.375, 7.749320498354604e-25, nan 
20.375, 89.375, 6.729990006916857e-25, nan 
20.625, 89.375, 8.532728815992253e-25, nan 
20.875, 89.375, 6.593750516104982e-25, nan 
21.125, 89.375, 9.109915730880735e-25, nan 
21.375, 89.375, 8.694022649909467e-25, nan 
21.625, 89.375, 8.647063974847557e-25, nan 
21.875, 89.375, 6.739303167756632e-25, nan 
22.125, 89.375, 9.050746575090408e-25, nan 
22.375, 89.375, 5.020330220077394e-25, nan 
22.625, 89.375, 8.889762536438048e-25, nan 
22.875, 89.375, 7.524421910089583e-25, nan 
23.125, 89.375, 5.335712341508812e-25, nan 
23.375, 89.375, 6.028669201417856e-25, nan 
23.625, 89.375, 9.318428644391613e-25, nan 
23.875, 89.375, 5.722847537437973e-25, nan 
24.125, 89.375, 8.031850322156402e-25, nan 
24.375, 89.375, 6.79076637603062e-25, nan 
24.625, 89.375, 5.852150480602738e-25, nan 
24.875, 89.375, 6.304742523110434e-25, nan 
25.125, 89.375, 6.304491911214512e-25, nan 
25.375, 89.375, 6.855292979839711e-25, nan 
25.625, 89.375, 4.360067360122633e-25, nan 
25.875, 89.375, 6.831265026835604e-25, nan 
26.125, 89.375, 6.4269287354087715e-25, nan 
26.375, 89.375, 6.426426420384639e-25, nan 
26.625, 89.375, 6.326165233847659e-25, nan 
26.875, 89.375, 7.215945179106343e-25, nan 
27.125, 89.375, 6.19525402934019e-25, nan 
27.375, 89.375, 5.116020122876192e-25, nan 
27.625, 89.375, 4.960983017068296e-25, nan 
27.875, 89.375, 9.087608979586554e-25, nan 
28.125, 89.375, 5.14899625059414e-25, nan 
28.375, 89.375, 4.702458304619639e-25, nan 
28.625, 89.375, 5.1667776804219395e-25, nan 
28.875, 89.375, 6.599651781179909e-25, nan 
29.125, 89.375, 5.83889377306648e-25, nan 
29.375, 89.375, 5.450078512409709e-25, nan 
29.625, 89.375, 5.650523669148713e-25, nan 
29.875, 89.375, 5.783594094276903e-25, nan 
30.125, 89.375, 5.748642586683025e-25, nan 
30.375, 89.375, 5.835125254613291e-25, nan 
30.625, 89.375, 5.380980126980174e-25, nan 
30.875, 89.375, 8.503644300016618e-25, nan 
31.125, 89.375, 5.3870803885683835e-25, nan 
31.375, 89.375, 5.236011932440177e-25, nan 
31.625, 89.375, 5.65096345517662e-25, nan 
31.875, 89.375, 6.1773025746530505e-25, nan 
32.125, 89.375, 5.675563757273763e-25, nan 
32.375, 89.375, 6.203006807127345e-25, nan 
32.625, 89.375, 5.675008773526939e-25, nan 
32.875, 89.375, 5.813289893197277e-25, nan 
33.125, 89.375, 5.735946595201655e-25, nan 
33.375, 89.375, 4.94922640031486e-25, nan 
33.625, 89.375, 5.145302281649671e-25, nan 
33.875, 89.375, 5.783624542126789e-25, nan 
34.125, 89.375, 6.3903927033659755e-25, nan 
34.375, 89.375, 5.508274093719519e-25, nan 
34.625, 89.375, 5.445719305034597e-25, nan 
34.875, 89.375, 4.965049083626506e-25, nan 
35.125, 89.375, 4.288470124735172e-25, nan 
35.375, 89.375, 5.480058728595439e-25, nan 
35.625, 89.375, 4.331453478350975e-25, nan 
35.875, 89.375, 4.185503752283637e-25, nan 
36.125, 89.375, 4.708206229121001e-25, nan 
36.375, 89.375, 5.124314076584404e-25, nan 
36.625, 89.375, 6.04877368056718e-25, nan 
36.875, 89.375, 5.511499175280469e-25, nan 
37.125, 89.375, 6.422919534176917e-25, nan 
37.375, 89.375, 5.3882498397443525e-25, nan 
37.625, 89.375, 6.230796513893207e-25, nan 
37.875, 89.375, 5.334860977568897e-25, nan 
38.125, 89.375, 5.90591802958194e-25, nan 
38.375, 89.375, 4.0470237459178484e-25, nan 
38.625, 89.375, 5.076302084665488e-25, nan 
38.875, 89.375, 4.685844013741276e-25, nan 
39.125, 89.375, 4.939115362586918e-25, nan 
39.375, 89.375, 5.2832156326670905e-25, nan 
39.625, 89.375, 5.613964472364285e-25, nan 
39.875, 89.375, 6.04230780692359e-25, nan 
40.125, 89.375, 6.164951049623137e-25, nan 
40.375, 89.375, 6.777932493057555e-25, nan 
40.625, 89.375, 5.614101045333157e-25, nan 
40.875, 89.375, 5.331851619281002e-25, nan 
41.125, 89.375, 5.336839825418829e-25, nan 
41.375, 89.375, 6.233058420810438e-25, nan 
41.625, 89.375, 5.761597150701131e-25, nan 
41.875, 89.375, 4.6827148352247345e-25, nan 
42.125, 89.375, 4.198382566006287e-25, nan 
42.375, 89.375, 3.4474266935696004e-25, nan 
42.625, 89.375, 6.31542737904737e-25, nan 
42.875, 89.375, 6.089296230434618e-25, nan 
43.125, 89.375, 5.755788977088775e-25, nan 
43.375, 89.375, 6.286254818958563e-25, nan 
43.625, 89.375, 5.392132361410626e-25, nan 
43.875, 89.375, 6.425078879665892e-25, nan 
44.125, 89.375, 6.209238540373804e-25, nan 
44.375, 89.375, 5.988805168506944e-25, nan 
44.625, 89.375, 4.930348929988898e-25, nan 
44.875, 89.375, 6.5412164320265855e-25, nan 
45.125, 89.375, 3.6638997323722756e-25, nan 
45.375, 89.375, 6.156085940779e-25, nan 
45.625, 89.375, 5.078469244481833e-25, nan 
45.875, 89.375, 4.177426275768862e-25, nan 
46.125, 89.375, 4.514020250084678e-25, nan 
46.375, 89.375, 6.265420304454901e-25, nan 
46.625, 89.375, 4.044552530793151e-25, nan 
46.875, 89.375, 5.6981623128409335e-25, nan 
47.125, 89.375, 4.467626958632936e-25, nan 
47.375, 89.375, 4.478904523686772e-25, nan 
47.625, 89.375, 4.587107559948743e-25, nan 
47.875, 89.375, 5.339614850237317e-25, nan 
48.125, 89.375, 5.879890414247167e-25, nan 
48.375, 89.375, 3.4856435793758807e-25, nan 
48.625, 89.375, 4.183359930982555e-25, nan 
48.875, 89.375, 4.0694145631085554e-25, nan 
49.125, 89.375, 3.3368520334309734e-25, nan 
49.375, 89.375, 3.881044877388489e-25, nan 
49.625, 89.375, 4.4973538019533125e-25, nan 
49.875, 89.375, 3.8271774347638243e-25, nan 
50.125, 89.375, 3.089011784738633e-25, nan 
50.375, 89.375, 2.81595150211853e-25, nan 
50.625, 89.375, 5.793906535584085e-25, nan 
50.875, 89.375, 2.612029829289481e-25, nan 
51.125, 89.375, 2.3396167725098495e-25, nan 
51.375, 89.375, 2.666757333772852e-25, nan 
51.625, 89.375, 3.9321129972606085e-25, nan 
51.875, 89.375, 3.704056521480897e-25, nan 
52.125, 89.375, 2.4679139002805496e-25, nan 
52.375, 89.375, 3.507308822881623e-25, nan 
52.625, 89.375, 3.8621897504531353e-25, nan 
52.875, 89.375, 3.7021856808086276e-25, nan 
53.125, 89.375, 2.1442271339444717e-25, nan 
53.375, 89.375, 2.161250101003e-25, nan 
53.625, 89.375, 5.379841988736957e-25, nan 
53.875, 89.375, 1.90848713343325e-25, nan 
54.125, 89.375, 2.0465387527119587e-25, nan 
54.375, 89.375, 1.9752456530997308e-25, nan 
54.625, 89.375, 2.1262241089426895e-25, nan 
54.875, 89.375, 2.19678435684872e-25, nan 
55.125, 89.375, 2.159587816298998e-25, nan 
55.375, 89.375, 2.234067971020544e-25, nan 
55.625, 89.375, 1.8413269915778158e-25, nan 
55.875, 89.375, 2.075466270816426e-25, nan 
56.125, 89.375, 3.4007283086229763e-25, nan 
56.375, 89.375, 3.191426491152921e-25, nan 
56.625, 89.375, 1.7972248739241129e-25, nan 
56.875, 89.375, 1.9251882283793447e-25, nan 
57.125, 89.375, 2.064955315117778e-25, nan 
57.375, 89.375, 1.8782630470644651e-25, nan 
57.625, 89.375, 2.344506117432367e-25, nan 
57.875, 89.375, 2.4935596636037467e-25, nan 
58.125, 89.375, 2.8942183113629114e-25, nan 
58.375, 89.375, 3.3487706884445715e-25, nan 
58.625, 89.375, 3.4725150585233005e-25, nan 
58.875, 89.375, 3.50963195206546e-25, nan 
59.125, 89.375, 2.6898191803610374e-25, nan 
59.375, 89.375, 2.525320428159816e-25, nan 
59.625, 89.375, 2.2559979152212373e-25, nan 
59.875, 89.375, 2.9368609753453485e-25, nan 
60.125, 89.375, 3.0464748432665263e-25, nan 
60.375, 89.375, 3.0069001204822135e-25, nan 
60.625, 89.375, 3.2831215681933036e-25, nan 
60.875, 89.375, 2.655442056505942e-25, nan 
61.125, 89.375, 3.1220829112379584e-25, nan 
61.375, 89.375, 3.386031540280361e-25, nan 
61.625, 89.375, 2.664192919065286e-25, nan 
61.875, 89.375, 2.799188668053655e-25, nan 
62.125, 89.375, 3.093983260507902e-25, nan 
62.375, 89.375, 2.577363147918761e-25, nan 
62.625, 89.375, 3.1056233460100364e-25, nan 
62.875, 89.375, 2.3999890697459596e-25, nan 
63.125, 89.375, 3.193432621384317e-25, nan 
63.375, 89.375, 2.66222737131661e-25, nan 
63.625, 89.375, 3.317188021238062e-25, nan 
63.875, 89.375, 2.2440561627654634e-25, nan 
64.125, 89.375, 3.2454705143727358e-25, nan 
64.375, 89.375, 3.378026153973262e-25, nan 
64.625, 89.375, 2.700829718816338e-25, nan 
64.875, 89.375, 3.496801366805067e-25, nan 
65.125, 89.375, 2.1759019474607696e-25, nan 
65.375, 89.375, 3.5083754117143673e-25, nan 
65.625, 89.375, 2.5781896015037583e-25, nan 
65.875, 89.375, 2.320659771668756e-25, nan 
66.125, 89.375, 2.4719104393964824e-25, nan 
66.375, 89.375, 2.4161829689259447e-25, nan 
66.625, 89.375, 2.4346515930304897e-25, nan 
66.875, 89.375, 2.594247224201936e-25, nan 
67.125, 89.375, 2.406617643971806e-25, nan 
67.375, 89.375, 2.472137299811466e-25, nan 
67.625, 89.375, 2.263458919798033e-25, nan 
67.875, 89.375, 2.4351801368853235e-25, nan 
68.125, 89.375, 2.5632845549155864e-25, nan 
68.375, 89.375, 2.7295898981748956e-25, nan 
68.625, 89.375, 3.0388536884221317e-25, nan 
68.875, 89.375, 3.488203654987609e-25, nan 
69.125, 89.375, 3.7261749534441337e-25, nan 
69.375, 89.375, 2.6474378435129445e-25, nan 
69.625, 89.375, 2.8979117266702405e-25, nan 
69.875, 89.375, 2.6246664649329147e-25, nan 
70.125, 89.375, 2.8268681765209002e-25, nan 
70.375, 89.375, 2.910035313808012e-25, nan 
70.625, 89.375, 2.915642748039401e-25, nan 
70.875, 89.375, 2.694915012597029e-25, nan 
71.125, 89.375, 2.6391201884018173e-25, nan 
71.375, 89.375, 2.752013401744542e-25, nan 
71.625, 89.375, 2.7856615940117083e-25, nan 
71.875, 89.375, 2.755031689990457e-25, nan 
72.125, 89.375, 3.069153598007776e-25, nan 
72.375, 89.375, 2.808455936898558e-25, nan 
72.625, 89.375, 3.0622705470103474e-25, nan 
72.875, 89.375, 2.984161704081856e-25, nan 
73.125, 89.375, 3.0801425158234815e-25, nan 
73.375, 89.375, 3.010662709553492e-25, nan 
73.625, 89.375, 3.1898777358219996e-25, nan 
73.875, 89.375, 2.993142459566878e-25, nan 
74.125, 89.375, 3.146530200833468e-25, nan 
74.375, 89.375, 3.0198451293065744e-25, nan 
74.625, 89.375, 2.940300898135504e-25, nan 
74.875, 89.375, 2.9587107060305763e-25, nan 
75.125, 89.375, 3.1673579330175053e-25, nan 
75.375, 89.375, 2.7559351319052976e-25, nan 
75.625, 89.375, 3.047905396843997e-25, nan 
75.875, 89.375, 2.8976816588628805e-25, nan 
76.125, 89.375, 2.693589844759375e-25, nan 
76.375, 89.375, 2.702146077411432e-25, nan 
76.625, 89.375, 3.045859471324743e-25, nan 
76.875, 89.375, 2.4047212300919407e-25, nan 
77.125, 89.375, 2.766390281712784e-25, nan 
77.375, 89.375, 2.6365591245563615e-25, nan 
77.625, 89.375, 2.428697373870203e-25, nan 
77.875, 89.375, 2.6214562230471863e-25, nan 
78.125, 89.375, 2.252686139949862e-25, nan 
78.375, 89.375, 2.4230478012108968e-25, nan 
78.625, 89.375, 2.232197664619129e-25, nan 
78.875, 89.375, 2.5034200054869037e-25, nan 
79.125, 89.375, 2.415147750677389e-25, nan 
79.375, 89.375, 2.3704033904470676e-25, nan 
79.625, 89.375, 2.6820196750357905e-25, nan 
79.875, 89.375, 2.6763153591173835e-25, nan 
80.125, 89.375, 3.00918534580287e-25, nan 
80.375, 89.375, 2.7308012900819065e-25, nan 
80.625, 89.375, 3.1583639301667085e-25, nan 
80.875, 89.375, 2.554359371544712e-25, nan 
81.125, 89.375, 2.6747885113761826e-25, nan 
81.375, 89.375, 2.4757581350694707e-25, nan 
81.625, 89.375, 2.6489787952599937e-25, nan 
81.875, 89.375, 2.5931421297458104e-25, nan 
82.125, 89.375, 2.824269861011979e-25, nan 
82.375, 89.375, 2.7433848451507456e-25, nan 
82.625, 89.375, 2.840130016567939e-25, nan 
82.875, 89.375, 2.9696126928261233e-25, nan 
83.125, 89.375, 2.925560685225115e-25, nan 
83.375, 89.375, 3.074353844230493e-25, nan 
83.625, 89.375, 2.7091275531569546e-25, nan 
83.875, 89.375, 2.6540203778225144e-25, nan 
84.125, 89.375, 1.888311355335558e-25, nan 
84.375, 89.375, 2.1413656466972916e-25, nan 
84.625, 89.375, 2.689355841408468e-25, nan 
84.875, 89.375, 2.8198142155979094e-25, nan 
85.125, 89.375, 1.7832399112683413e-25, nan 
85.375, 89.375, 2.8169322183265525e-25, nan 
85.625, 89.375, 2.191285125917282e-25, nan 
85.875, 89.375, 2.893557873631724e-25, nan 
86.125, 89.375, 1.6725220813021093e-25, nan 
86.375, 89.375, 3.042728178763693e-25, nan 
86.625, 89.375, 3.094960497693079e-25, nan 
86.875, 89.375, 3.3931299472234636e-25, nan 
87.125, 89.375, 3.254610772970154e-25, nan 
87.375, 89.375, 1.85451163990558e-25, nan 
87.625, 89.375, 3.111262364882207e-25, nan 
87.875, 89.375, 2.239233815691109e-25, nan 
88.125, 89.375, 3.050614212404276e-25, nan 
88.375, 89.375, 1.3625982247995348e-25, nan 
88.625, 89.375, 2.285060562360694e-25, nan 
88.875, 89.375, 1.994033534901976e-25, nan 
89.125, 89.375, 1.822701912623431e-25, nan 
89.375, 89.375, 1.8063514290278944e-25, nan 
89.625, 89.375, 1.8255659946572218e-25, nan 
89.875, 89.375, 1.9318309622966502e-25, nan 
90.125, 89.375, 2.181958313666321e-25, nan 
90.375, 89.375, 2.120132470045958e-25, nan 
90.625, 89.375, 2.240960551895427e-25, nan 
90.875, 89.375, 2.2064336456353104e-25, nan 
91.125, 89.375, 2.491551946421769e-25, nan 
91.375, 89.375, 2.715970522514104e-25, nan 
91.625, 89.375, 3.0665026304590866e-25, nan 
91.875, 89.375, 3.2043902924571857e-25, nan 
92.125, 89.375, 2.2475366872579805e-25, nan 
92.375, 89.375, 1.3160135954531755e-25, nan 
92.625, 89.375, 1.4483407578097408e-25, nan 
92.875, 89.375, 1.3761058365052863e-25, nan 
93.125, 89.375, 1.5235221800017267e-25, nan 
93.375, 89.375, 1.664848282311836e-25, nan 
93.625, 89.375, 1.8126792636715676e-25, nan 
93.875, 89.375, 1.5702941107256497e-25, nan 
94.125, 89.375, 1.8127305494685797e-25, nan 
94.375, 89.375, 1.7105440533604174e-25, nan 
94.625, 89.375, 1.9661925302549245e-25, nan 
94.875, 89.375, 1.5579463811123882e-25, nan 
95.125, 89.375, 1.8025909806895728e-25, nan 
95.375, 89.375, 1.691188468288263e-25, nan 
95.625, 89.375, 1.7605488305308553e-25, nan 
95.875, 89.375, 1.5463439078969904e-25, nan 
96.125, 89.375, 1.8052434988610958e-25, nan 
96.375, 89.375, 1.5143252313566077e-25, nan 
96.625, 89.375, 1.8319221463679756e-25, nan 
96.875, 89.375, 1.4661422810822706e-25, nan 
97.125, 89.375, 1.5320568157865718e-25, nan 
97.375, 89.375, 1.8402205525287351e-25, nan 
97.625, 89.375, 1.639169580596446e-25, nan 
97.875, 89.375, 1.8610479959274256e-25, nan 
98.125, 89.375, 1.6098194044323165e-25, nan 
98.375, 89.375, 1.8435656429905043e-25, nan 
98.625, 89.375, 1.6827159715318512e-25, nan 
98.875, 89.375, 1.830223722338102e-25, nan 
99.125, 89.375, 1.6859794859419135e-25, nan 
99.375, 89.375, 1.9641024804895572e-25, nan 
99.625, 89.375, 1.5956759830390858e-25, nan 
99.875, 89.375, 1.6131466322555267e-25, nan 
100.125, 89.375, 1.5848195166745457e-25, nan 
100.375, 89.375, 1.6886297920058392e-25, nan 
100.625, 89.375, 1.7541257751464565e-25, nan 
100.875, 89.375, 1.507876567987798e-25, nan 
101.125, 89.375, 1.6889841283215052e-25, nan 
101.375, 89.375, 1.516829652268831e-25, nan 
101.625, 89.375, 1.829135162081226e-25, nan 
101.875, 89.375, 1.4928434501374016e-25, nan 
102.125, 89.375, 1.6265075796127765e-25, nan 
102.375, 89.375, 1.7494746174432715e-25, nan 
102.625, 89.375, 1.5069263222633721e-25, nan 
102.875, 89.375, 2.542940268109616e-25, nan 
103.125, 89.375, 1.9403944272488422e-25, nan 
103.375, 89.375, 2.3478876995846436e-25, nan 
103.625, 89.375, 1.827050595472742e-25, nan 
103.875, 89.375, 2.215648560672736e-25, nan 
104.125, 89.375, 1.7437676120493593e-25, nan 
104.375, 89.375, 1.9217754847524225e-25, nan 
104.625, 89.375, 1.7045872016379946e-25, nan 
104.875, 89.375, 1.1711060089802817e-25, nan 
105.125, 89.375, 1.9159701477769452e-25, nan 
105.375, 89.375, 1.476141076796659e-25, nan 
105.625, 89.375, 1.393265246194532e-25, nan 
105.875, 89.375, 1.4904110364012303e-25, nan 
106.125, 89.375, 1.4294839276517731e-25, nan 
106.375, 89.375, 1.338380849248036e-25, nan 
106.625, 89.375, 1.5399847434360747e-25, nan 
106.875, 89.375, 1.2766141787036115e-25, nan 
107.125, 89.375, 1.446475423853508e-25, nan 
107.375, 89.375, 1.4830668588119372e-25, nan 
107.625, 89.375, 1.481915263862393e-25, nan 
107.875, 89.375, 1.475856538267931e-25, nan 
108.125, 89.375, 1.3895996570967744e-25, nan 
108.375, 89.375, 1.2768103836504783e-25, nan 
108.625, 89.375, 1.47294836096591e-25, nan 
108.875, 89.375, 1.1759901786794104e-25, nan 
109.125, 89.375, 1.3251681484884578e-25, nan 
109.375, 89.375, 1.220420148014708e-25, nan 
109.625, 89.375, 1.1102933090149142e-25, nan 
109.875, 89.375, 1.2474701616281542e-25, nan 
110.125, 89.375, 1.769809949120863e-25, nan 
110.375, 89.375, 1.128403173355793e-25, nan 
110.625, 89.375, 1.430989604504759e-25, nan 
110.875, 89.375, 1.1269456186294853e-25, nan 
111.125, 89.375, 1.3263636159714843e-25, nan 
111.375, 89.375, 1.4145466423755507e-25, nan 
111.625, 89.375, 1.7706943635072443e-25, nan 
111.875, 89.375, 1.5535727715939984e-25, nan 
112.125, 89.375, 1.2099844775695396e-25, nan 
112.375, 89.375, 1.1868465078680207e-25, nan 
112.625, 89.375, 1.3524307276580973e-25, nan 
112.875, 89.375, 9.283426633096358e-26, nan 
113.125, 89.375, 1.5361972388346383e-25, nan 
113.375, 89.375, 1.4869385869598227e-25, nan 
113.625, 89.375, 1.3316091669624037e-25, nan 
113.875, 89.375, 1.415833295470013e-25, nan 
114.125, 89.375, 1.2474400902543026e-25, nan 
114.375, 89.375, 1.653510033905593e-25, nan 
114.625, 89.375, 1.4004864008454046e-25, nan 
114.875, 89.375, 1.096407660146324e-25, nan 
115.125, 89.375, 1.3730865787942354e-25, nan 
115.375, 89.375, 1.5769245213242213e-25, nan 
115.625, 89.375, 7.631629292006747e-26, nan 
115.875, 89.375, 7.69857515329091e-26, nan 
116.125, 89.375, 1.6083439562685678e-25, nan 
116.375, 89.375, 1.1855917608483973e-25, nan 
116.625, 89.375, 2.2045800289810964e-25, nan 
116.875, 89.375, 9.911688230371572e-26, nan 
117.125, 89.375, 9.833027075662962e-26, nan 
117.375, 89.375, 1.1304827102054273e-25, nan 
117.625, 89.375, 1.194385535630065e-25, nan 
117.875, 89.375, 7.352469733043182e-26, nan 
118.125, 89.375, 9.784772890577553e-26, nan 
118.375, 89.375, 6.092206450982758e-26, nan 
118.625, 89.375, 1.1396730396315026e-25, nan 
118.875, 89.375, 1.0983358267975636e-25, nan 
119.125, 89.375, 9.210279771844284e-26, nan 
119.375, 89.375, 1.0269303371243867e-25, nan 
119.625, 89.375, 1.0999544675764317e-25, nan 
119.875, 89.375, 1.189014563715115e-25, nan 
120.125, 89.375, 1.1898095778593788e-25, nan 
120.375, 89.375, 1.353675877999097e-25, nan 
120.625, 89.375, 5.583003929629752e-26, nan 
120.875, 89.375, 1.1840500997084995e-25, nan 
121.125, 89.375, 9.536249833341936e-26, nan 
121.375, 89.375, 1.357678821250057e-25, nan 
121.625, 89.375, 1.2581063811509544e-25, nan 
121.875, 89.375, 1.5809686706319519e-25, nan 
122.125, 89.375, 1.2904246127275851e-25, nan 
122.375, 89.375, 1.1133941069982174e-25, nan 
122.625, 89.375, 1.1591583310831565e-25, nan 
122.875, 89.375, 1.9905969430045232e-25, nan 
123.125, 89.375, 1.2433633711916795e-25, nan 
123.375, 89.375, 1.439747139171711e-25, nan 
123.625, 89.375, 4.9115501228770907e-26, nan 
123.875, 89.375, 7.991933105113698e-26, nan 
124.125, 89.375, 5.858386985105077e-26, nan 
124.375, 89.375, 1.0272953231910009e-25, nan 
124.625, 89.375, 5.59369252908716e-26, nan 
124.875, 89.375, 1.3662088398319605e-25, nan 
125.125, 89.375, 6.812668503244717e-26, nan 
125.375, 89.375, 8.682623730506915e-26, nan 
125.625, 89.375, 6.58445236846094e-26, nan 
125.875, 89.375, 1.3225090099608118e-25, nan 
126.125, 89.375, 1.4737033031989718e-25, nan 
126.375, 89.375, 1.9620877019635862e-25, nan 
126.625, 89.375, 1.7357708667689154e-25, nan 
126.875, 89.375, 1.9987944135201813e-25, nan 
127.125, 89.375, 2.462177274611353e-25, nan 
127.375, 89.375, 1.1644014929944804e-25, nan 
127.625, 89.375, 2.308323343025686e-25, nan 
127.875, 89.375, 1.1627490075841707e-25, nan 
128.125, 89.375, 1.7310601744779149e-25, nan 
128.375, 89.375, 1.9479074636107915e-25, nan 
128.625, 89.375, 1.8412059472344216e-25, nan 
128.875, 89.375, 2.2004210130195806e-25, nan 
129.125, 89.375, 2.280707442920773e-25, nan 
129.375, 89.375, 1.3640590955934553e-25, nan 
129.625, 89.375, 2.388356734148402e-25, nan 
129.875, 89.375, 1.730997661910752e-25, nan 
130.125, 89.375, 2.6323533321279483e-25, nan 
130.375, 89.375, 1.3073384538369717e-25, nan 
130.625, 89.375, 1.4568222540703114e-25, nan 
130.875, 89.375, 2.0304339823187702e-25, nan 
131.125, 89.375, 1.4448644991551485e-25, nan 
131.375, 89.375, 2.5409057089406707e-25, nan 
131.625, 89.375, 2.845021352499321e-25, nan 
131.875, 89.375, 1.9514220763755884e-25, nan 
132.125, 89.375, 2.1736895746669552e-25, nan 
132.375, 89.375, 2.1944278339264477e-25, nan 
132.625, 89.375, 1.205026805188607e-25, nan 
132.875, 89.375, 1.5914672031459015e-25, nan 
133.125, 89.375, 2.230174561552917e-25, nan 
133.375, 89.375, 2.419298726123898e-25, nan 
133.625, 89.375, 1.6804757672840338e-25, nan 
133.875, 89.375, 1.5657575319589752e-25, nan 
134.125, 89.375, 1.6168057782668655e-25, nan 
134.375, 89.375, 2.0458468811176984e-25, nan 
134.625, 89.375, 1.688192812846933e-25, nan 
134.875, 89.375, 1.9692223856421388e-25, nan 
135.125, 89.375, 2.0126574409225444e-25, nan 
135.375, 89.375, 1.9609556592543818e-25, nan 
135.625, 89.375, 2.1480830148179307e-25, nan 
135.875, 89.375, 2.3904588735341245e-25, nan 
136.125, 89.375, 1.8860835944271282e-25, nan 
136.375, 89.375, 2.0964874767249776e-25, nan 
136.625, 89.375, 2.4153746882381364e-25, nan 
136.875, 89.375, 2.0521294153471783e-25, nan 
137.125, 89.375, 2.084957637286036e-25, nan 
137.375, 89.375, 1.9816304678578132e-25, nan 
137.625, 89.375, 1.9839583308059737e-25, nan 
137.875, 89.375, 1.9666057965803422e-25, nan 
138.125, 89.375, 1.7737337486115985e-25, nan 
138.375, 89.375, 2.4642033475838853e-25, nan 
138.625, 89.375, 2.9833006636397036e-25, nan 
138.875, 89.375, 2.5298804777750296e-25, nan 
139.125, 89.375, 2.1107699717048457e-25, nan 
139.375, 89.375, 3.301259417807857e-25, nan 
139.625, 89.375, 2.2852797221226035e-25, nan 
139.875, 89.375, 2.273389691540361e-25, nan 
140.125, 89.375, 2.296657237225876e-25, nan 
140.375, 89.375, 2.277402679691532e-25, nan 
140.625, 89.375, 2.599490474359739e-25, nan 
140.875, 89.375, 2.094802210802421e-25, nan 
141.125, 89.375, 2.459317919288203e-25, nan 
141.375, 89.375, 2.3019562552865804e-25, nan 
141.625, 89.375, 3.094069502318173e-25, nan 
141.875, 89.375, 2.294717053036875e-25, nan 
142.125, 89.375, 2.3724425905014365e-25, nan 
142.375, 89.375, 2.5603581340489015e-25, nan 
142.625, 89.375, 2.254206351998331e-25, nan 
142.875, 89.375, 2.3564028971552095e-25, nan 
143.125, 89.375, 2.3025918944930953e-25, nan 
143.375, 89.375, 2.6334444714098106e-25, nan 
143.625, 89.375, 2.306137691715957e-25, nan 
143.875, 89.375, 2.829434658007997e-25, nan 
144.125, 89.375, 2.4761917649292596e-25, nan 
144.375, 89.375, 2.407521633264681e-25, nan 
144.625, 89.375, 2.6376030329141074e-25, nan 
144.875, 89.375, 2.586051996004453e-25, nan 
145.125, 89.375, 2.463106005595275e-25, nan 
145.375, 89.375, 2.3993136202922427e-25, nan 
145.625, 89.375, 3.317718548215586e-25, nan 
145.875, 89.375, 2.4436658271566933e-25, nan 
146.125, 89.375, 2.4657941372750496e-25, nan 
146.375, 89.375, 2.5560257301784018e-25, nan 
146.625, 89.375, 2.646990336295329e-25, nan 
146.875, 89.375, 3.1964582384828726e-25, nan 
147.125, 89.375, 2.182658736283247e-25, nan 
147.375, 89.375, 3.266735948755042e-25, nan 
147.625, 89.375, 2.4903379511035025e-25, nan 
147.875, 89.375, 2.774893469906108e-25, nan 
148.125, 89.375, 2.6065116670881004e-25, nan 
148.375, 89.375, 2.9343455256066183e-25, nan 
148.625, 89.375, 3.0310629437366484e-25, nan 
148.875, 89.375, 2.7080993281877657e-25, nan 
149.125, 89.375, 2.7107422700806197e-25, nan 
149.375, 89.375, 2.758240378732282e-25, nan 
149.625, 89.375, 2.985871611016531e-25, nan 
149.875, 89.375, 3.497149116342128e-25, nan 
150.125, 89.375, 2.657169167863462e-25, nan 
150.375, 89.375, 3.302169169990396e-25, nan 
150.625, 89.375, 2.630440382799204e-25, nan 
150.875, 89.375, 2.781574261509482e-25, nan 
151.125, 89.375, 2.8819466208440303e-25, nan 
151.375, 89.375, 3.096461317543119e-25, nan 
151.625, 89.375, 3.3067316350332474e-25, nan 
151.875, 89.375, 3.2275935989230717e-25, nan 
152.125, 89.375, 2.6740754936607882e-25, nan 
152.375, 89.375, 3.348805264290643e-25, nan 
152.625, 89.375, 2.8348737359031786e-25, nan 
152.875, 89.375, 4.179153219448723e-25, nan 
153.125, 89.375, 2.9409799402713347e-25, nan 
153.375, 89.375, 2.940060224419877e-25, nan 
153.625, 89.375, 3.1081607900277906e-25, nan 
153.875, 89.375, 3.196607407145571e-25, nan 
154.125, 89.375, 4.461743037047506e-25, nan 
154.375, 89.375, 4.291105742307341e-25, nan 
154.625, 89.375, 3.416354908201268e-25, nan 
154.875, 89.375, 3.6580659533771757e-25, nan 
155.125, 89.375, 3.5126621628855594e-25, nan 
155.375, 89.375, 3.9415594711588247e-25, nan 
155.625, 89.375, 3.4967751690862356e-25, nan 
155.875, 89.375, 3.220103781213305e-25, nan 
156.125, 89.375, 3.766082809097175e-25, nan 
156.375, 89.375, 3.3033999117534057e-25, nan 
156.625, 89.375, 3.215710696258875e-25, nan 
156.875, 89.375, 3.0727451868105137e-25, nan 
157.125, 89.375, 3.1681670995214446e-25, nan 
157.375, 89.375, 3.656619185343908e-25, nan 
157.625, 89.375, 3.9734837431111647e-25, nan 
157.875, 89.375, 3.748412367142484e-25, nan 
158.125, 89.375, 3.8557097473540947e-25, nan 
158.375, 89.375, 3.712143734411652e-25, nan 
158.625, 89.375, 3.705880851939292e-25, nan 
158.875, 89.375, 3.758683548324172e-25, nan 
159.125, 89.375, 3.9562956632540994e-25, nan 
159.375, 89.375, 4.13596214433188e-25, nan 
159.625, 89.375, 4.0294988949751195e-25, nan 
159.875, 89.375, 3.9631918264035095e-25, nan 
160.125, 89.375, 3.884091272970609e-25, nan 
160.375, 89.375, 3.9542226750949e-25, nan 
160.625, 89.375, 3.743780601204764e-25, nan 
160.875, 89.375, 3.8413796466544753e-25, nan 
161.125, 89.375, 4.0133851262913074e-25, nan 
161.375, 89.375, 4.275025957100723e-25, nan 
161.625, 89.375, 3.9640744371957313e-25, nan 
161.875, 89.375, 4.000181043569894e-25, nan 
162.125, 89.375, 3.8238321426382134e-25, nan 
162.375, 89.375, 3.6461491324071302e-25, nan 
162.625, 89.375, 3.747826657976e-25, nan 
162.875, 89.375, 3.6163194281528714e-25, nan 
163.125, 89.375, 3.594544291769553e-25, nan 
163.375, 89.375, 3.5464539589858035e-25, nan 
163.625, 89.375, 3.4921508931816134e-25, nan 
163.875, 89.375, 3.5413459909978395e-25, nan 
164.125, 89.375, 3.437508270191771e-25, nan 
164.375, 89.375, 4.685934363720307e-25, nan 
164.625, 89.375, 3.1095144670228365e-25, nan 
164.875, 89.375, 3.1275850908652554e-25, nan 
165.125, 89.375, 3.038149854845269e-25, nan 
165.375, 89.375, 4.392203743695635e-25, nan 
165.625, 89.375, 3.3040867930524963e-25, nan 
165.875, 89.375, 3.0821622648339582e-25, nan 
166.125, 89.375, 3.2844614388614804e-25, nan 
166.375, 89.375, 3.038895011435762e-25, nan 
166.625, 89.375, 3.9051403284492804e-25, nan 
166.875, 89.375, 2.87264701482806e-25, nan 
167.125, 89.375, 3.0134946848805163e-25, nan 
167.375, 89.375, 2.935714948876727e-25, nan 
167.625, 89.375, 2.896358610940105e-25, nan 
167.875, 89.375, 2.8637391490240416e-25, nan 
168.125, 89.375, 2.800199902888191e-25, nan 
168.375, 89.375, 4.353681204644762e-25, nan 
168.625, 89.375, 3.395388070643762e-25, nan 
168.875, 89.375, 3.5748897403276694e-25, nan 
169.125, 89.375, 3.577873081913953e-25, nan 
169.375, 89.375, 3.8769792795106145e-25, nan 
169.625, 89.375, 4.0058026071651622e-25, nan 
169.875, 89.375, 3.8939934921910624e-25, nan 
170.125, 89.375, 4.161749857585125e-25, nan 
170.375, 89.375, 4.0892228482346823e-25, nan 
170.625, 89.375, 4.238659545720506e-25, nan 
170.875, 89.375, 4.404682969492055e-25, nan 
171.125, 89.375, 4.32055448328613e-25, nan 
171.375, 89.375, 3.6455328502027205e-25, nan 
171.625, 89.375, 3.2115543408545348e-25, nan 
171.875, 89.375, 4.1354780394469267e-25, nan 
172.125, 89.375, 4.998758984323411e-25, nan 
172.375, 89.375, 5.363411574697869e-25, nan 
172.625, 89.375, 5.543779794683166e-25, nan 
172.875, 89.375, 6.418925010892712e-25, nan 
173.125, 89.375, 7.183920607072957e-25, nan 
173.375, 89.375, 5.232684907570253e-25, nan 
173.625, 89.375, 5.509667312042481e-25, nan 
173.875, 89.375, 5.311141288512087e-25, nan 
174.125, 89.375, 5.467494550990669e-25, nan 
174.375, 89.375, 5.570020688981742e-25, nan 
174.625, 89.375, 5.515281592194074e-25, nan 
174.875, 89.375, 5.460698004450474e-25, nan 
175.125, 89.375, 5.940018509807387e-25, nan 
175.375, 89.375, 5.514912038728499e-25, nan 
175.625, 89.375, 5.8640582852466745e-25, nan 
175.875, 89.375, 5.706676933859654e-25, nan 
176.125, 89.375, 5.6390974021279935e-25, nan 
176.375, 89.375, 5.8703921062815065e-25, nan 
176.625, 89.375, 5.871356873807354e-25, nan 
176.875, 89.375, 6.599127468998817e-25, nan 
177.125, 89.375, 6.269958577910588e-25, nan 
177.375, 89.375, 6.577340923630364e-25, nan 
177.625, 89.375, 6.881928455052021e-25, nan 
177.875, 89.375, 7.334976221668629e-25, nan 
178.125, 89.375, 7.843318806848983e-25, nan 
178.375, 89.375, 8.2554275737138325e-25, nan 
178.625, 89.375, 8.882159123745763e-25, nan 
178.875, 89.375, 9.61267171229763e-25, nan 
179.125, 89.375, 1.0674315389857445e-24, nan 
179.375, 89.375, 1.1067246024216791e-24, nan 
179.625, 89.375, 1.1908367400589771e-24, nan 
179.875, 89.375, 1.2234233373253357e-24, nan 
-179.875, 89.625, 1.051125132608866e-25, nan 
-179.625, 89.625, 1.5090887324112758e-25, nan 
-179.375, 89.625, 1.2468679986064983e-25, nan 
-179.125, 89.625, 1.381023672028981e-25, nan 
-178.875, 89.625, 1.1090920442156025e-25, nan 
-178.625, 89.625, 1.3371435425000561e-25, nan 
-178.375, 89.625, 1.1888200755103918e-25, nan 
-178.125, 89.625, 1.062187117632185e-25, nan 
-177.875, 89.625, 1.3629969936043318e-25, nan 
-177.625, 89.625, 1.1507134165424193e-25, nan 
-177.375, 89.625, 1.7060566808366251e-25, nan 
-177.125, 89.625, 1.1149132361487862e-25, nan 
-176.875, 89.625, 1.5832432733283244e-25, nan 
-176.625, 89.625, 1.0425594489535444e-25, nan 
-176.375, 89.625, 1.3345848053257613e-25, nan 
-176.125, 89.625, 8.678553067971185e-26, nan 
-175.875, 89.625, 2.6553783035999326e-26, nan 
-175.625, 89.625, 6.030122745990532e-26, nan 
-175.375, 89.625, 1.116411349131916e-25, nan 
-175.125, 89.625, 7.934006181413065e-26, nan 
-174.875, 89.625, 1.0998870077342812e-25, nan 
-174.625, 89.625, 1.3936856667975434e-25, nan 
-174.375, 89.625, 1.0919352448914445e-25, nan 
-174.125, 89.625, 9.485865634572671e-26, nan 
-173.875, 89.625, 8.273409962037817e-26, nan 
-173.625, 89.625, 1.2958025649241177e-25, nan 
-173.375, 89.625, 7.857511334972163e-26, nan 
-173.125, 89.625, 9.702904527770575e-26, nan 
-172.875, 89.625, 8.22658528677674e-26, nan 
-172.625, 89.625, 8.714260831499365e-26, nan 
-172.375, 89.625, 1.0666829000892873e-25, nan 
-172.125, 89.625, 8.57288456442735e-26, nan 
-171.875, 89.625, 1.3639672651585893e-25, nan 
-171.625, 89.625, 8.069670372428181e-26, nan 
-171.375, 89.625, 1.1754357841170742e-25, nan 
-171.125, 89.625, 9.234617887356784e-26, nan 
-170.875, 89.625, 1.3031231263675213e-25, nan 
-170.625, 89.625, 9.441531107795918e-26, nan 
-170.375, 89.625, 1.0171212546687301e-25, nan 
-170.125, 89.625, 1.0061808071566053e-25, nan 
-169.875, 89.625, 1.0292661764013511e-25, nan 
-169.625, 89.625, 6.557434252943757e-26, nan 
-169.375, 89.625, 8.487676529025717e-26, nan 
-169.125, 89.625, 7.890087716018256e-26, nan 
-168.875, 89.625, 8.010507190679215e-26, nan 
-168.625, 89.625, 6.735974182883653e-26, nan 
-168.375, 89.625, 8.8695303187217e-26, nan 
-168.125, 89.625, 6.26509985803159e-26, nan 
-167.875, 89.625, 8.906028908422386e-26, nan 
-167.625, 89.625, 8.48843438023837e-26, nan 
-167.375, 89.625, 7.57394515075981e-26, nan 
-167.125, 89.625, 6.278874117670713e-26, nan 
-166.875, 89.625, 3.516554885290965e-26, nan 
-166.625, 89.625, 4.948921921474588e-26, nan 
-166.375, 89.625, 6.150858423090005e-26, nan 
-166.125, 89.625, 6.844259964689348e-26, nan 
-165.875, 89.625, 9.014805924808081e-26, nan 
-165.625, 89.625, 1.1925900999594245e-25, nan 
-165.375, 89.625, 7.808419158900051e-26, nan 
-165.125, 89.625, 5.722550471015835e-26, nan 
-164.875, 89.625, 6.733833965073508e-26, nan 
-164.625, 89.625, 1.0401745526661816e-25, nan 
-164.375, 89.625, 6.381298026790865e-26, nan 
-164.125, 89.625, 4.7151623095010836e-26, nan 
-163.875, 89.625, 5.816405792942141e-26, nan 
-163.625, 89.625, 8.700296924358955e-26, nan 
-163.375, 89.625, 5.723694806832752e-26, nan 
-163.125, 89.625, 9.657912909227862e-26, nan 
-162.875, 89.625, 5.549549292660317e-26, nan 
-162.625, 89.625, 9.906111321916545e-26, nan 
-162.375, 89.625, 8.684629785063765e-26, nan 
-162.125, 89.625, 1.0256054936637016e-25, nan 
-161.875, 89.625, 8.883341714510144e-26, nan 
-161.625, 89.625, 1.0550429376779596e-25, nan 
-161.375, 89.625, 8.421927529141443e-26, nan 
-161.125, 89.625, 1.0152369648455981e-25, nan 
-160.875, 89.625, 7.94623161622551e-26, nan 
-160.625, 89.625, 9.727048472772969e-26, nan 
-160.375, 89.625, 8.186680447728822e-26, nan 
-160.125, 89.625, 8.93906687919608e-26, nan 
-159.875, 89.625, 9.101071179111412e-26, nan 
-159.625, 89.625, 9.474381386099377e-26, nan 
-159.375, 89.625, 7.449239947192521e-26, nan 
-159.125, 89.625, 9.627877996847626e-26, nan 
-158.875, 89.625, 7.509960607337874e-26, nan 
-158.625, 89.625, 9.751459150608111e-26, nan 
-158.375, 89.625, 8.533474145364147e-26, nan 
-158.125, 89.625, 1.0631252655029912e-25, nan 
-157.875, 89.625, 9.203865638836386e-26, nan 
-157.625, 89.625, 9.417966892911245e-26, nan 
-157.375, 89.625, 8.461931343424379e-26, nan 
-157.125, 89.625, 9.472538745096834e-26, nan 
-156.875, 89.625, 7.95268853560374e-26, nan 
-156.625, 89.625, 9.591563066282394e-26, nan 
-156.375, 89.625, 9.493763400930072e-26, nan 
-156.125, 89.625, 1.043173565503587e-25, nan 
-155.875, 89.625, 7.757153497459112e-26, nan 
-155.625, 89.625, 1.1021899993562586e-25, nan 
-155.375, 89.625, 9.879750067586369e-26, nan 
-155.125, 89.625, 9.585199786306177e-26, nan 
-154.875, 89.625, 6.813591876774726e-26, nan 
-154.625, 89.625, 9.34350587145952e-26, nan 
-154.375, 89.625, 4.997479660330645e-26, nan 
-154.125, 89.625, 8.599933692998726e-26, nan 
-153.875, 89.625, 8.481752467100427e-26, nan 
-153.625, 89.625, 1.1950234964622902e-25, nan 
-153.375, 89.625, 8.016034340967561e-26, nan 
-153.125, 89.625, 8.615625119738101e-26, nan 
-152.875, 89.625, 3.505012107172985e-26, nan 
-152.625, 89.625, 8.57577320773757e-26, nan 
-152.375, 89.625, 8.5768437725283e-26, nan 
-152.125, 89.625, 1.2135805460255645e-25, nan 
-151.875, 89.625, 9.485268747506861e-26, nan 
-151.625, 89.625, 7.737735596793e-26, nan 
-151.375, 89.625, 5.212190516836245e-26, nan 
-151.125, 89.625, 7.261418901434112e-26, nan 
-150.875, 89.625, 8.322301534844006e-26, nan 
-150.625, 89.625, 1.155273293012471e-25, nan 
-150.375, 89.625, 1.1733441565160705e-25, nan 
-150.125, 89.625, 9.93558277788392e-26, nan 
-149.875, 89.625, 8.100232700486293e-26, nan 
-149.625, 89.625, 1.0478577549827598e-25, nan 
-149.375, 89.625, 1.0042263318941347e-25, nan 
-149.125, 89.625, 5.230475641278091e-26, nan 
-148.875, 89.625, 9.795199418308554e-26, nan 
-148.625, 89.625, 9.070684429561312e-26, nan 
-148.375, 89.625, 1.0683768195965865e-25, nan 
-148.125, 89.625, 7.480271175746847e-26, nan 
-147.875, 89.625, 9.688919697000684e-26, nan 
-147.625, 89.625, 7.738238882327571e-26, nan 
-147.375, 89.625, 1.1989177173783444e-25, nan 
-147.125, 89.625, 9.30211057262294e-26, nan 
-146.875, 89.625, 1.0068179814273467e-25, nan 
-146.625, 89.625, 9.491846189443457e-26, nan 
-146.375, 89.625, 1.0567193932627654e-25, nan 
-146.125, 89.625, 7.631436101234972e-26, nan 
-145.875, 89.625, 9.767377151305478e-26, nan 
-145.625, 89.625, 1.0334326049469195e-25, nan 
-145.375, 89.625, 1.1719869636795772e-25, nan 
-145.125, 89.625, 1.1078063821422112e-25, nan 
-144.875, 89.625, 1.275241708914511e-25, nan 
-144.625, 89.625, 7.676496640891478e-26, nan 
-144.375, 89.625, 1.0404313530253377e-25, nan 
-144.125, 89.625, 3.9264224363139747e-26, nan 
-143.875, 89.625, 9.934632248633076e-26, nan 
-143.625, 89.625, 7.776602512815628e-26, nan 
-143.375, 89.625, 9.81167488385652e-26, nan 
-143.125, 89.625, 4.0622660656998656e-26, nan 
-142.875, 89.625, 1.0632925683674895e-25, nan 
-142.625, 89.625, 8.096312252897111e-26, nan 
-142.375, 89.625, 9.651508096553476e-26, nan 
-142.125, 89.625, 8.957483899287362e-26, nan 
-141.875, 89.625, 5.204177053113013e-26, nan 
-141.625, 89.625, 2.0605677468149626e-26, nan 
-141.375, 89.625, 4.467852073891208e-26, nan 
-141.125, 89.625, 4.5034053819344366e-26, nan 
-140.875, 89.625, 2.701753614774905e-26, nan 
-140.625, 89.625, 3.438346147599775e-26, nan 
-140.375, 89.625, 1.3237119729972647e-25, nan 
-140.125, 89.625, 8.810386478811991e-26, nan 
-139.875, 89.625, 1.2026793217741709e-25, nan 
-139.625, 89.625, 8.766124628692168e-26, nan 
-139.375, 89.625, 1.0809243242836602e-25, nan 
-139.125, 89.625, 3.514314337667335e-26, nan 
-138.875, 89.625, 8.075558317843648e-26, nan 
-138.625, 89.625, 5.572229701137687e-26, nan 
-138.375, 89.625, 8.531394664384483e-26, nan 
-138.125, 89.625, 5.0222444760677544e-26, nan 
-137.875, 89.625, 6.613035008874959e-26, nan 
-137.625, 89.625, 5.1559882734173354e-26, nan 
-137.375, 89.625, 7.649788265960714e-26, nan 
-137.125, 89.625, 6.507831569000569e-26, nan 
-136.875, 89.625, 3.476727010917355e-26, nan 
-136.625, 89.625, 6.22395195942116e-26, nan 
-136.375, 89.625, 4.576444691109831e-26, nan 
-136.125, 89.625, 4.7387781278351684e-26, nan 
-135.875, 89.625, 3.1838426638698827e-26, nan 
-135.625, 89.625, 5.343119312320366e-26, nan 
-135.375, 89.625, 6.432602484944831e-26, nan 
-135.125, 89.625, 5.932330649593354e-26, nan 
-134.875, 89.625, 4.3501870479025524e-26, nan 
-134.625, 89.625, 6.093234860290353e-26, nan 
-134.375, 89.625, 4.6079170321492605e-26, nan 
-134.125, 89.625, 6.900900764833117e-26, nan 
-133.875, 89.625, 6.253455336256449e-26, nan 
-133.625, 89.625, 7.897359304243039e-26, nan 
-133.375, 89.625, 3.8435281763286273e-26, nan 
-133.125, 89.625, 4.2091280493869104e-26, nan 
-132.875, 89.625, 3.6586829712361925e-26, nan 
-132.625, 89.625, 3.522865116739383e-26, nan 
-132.375, 89.625, 7.080728526179807e-26, nan 
-132.125, 89.625, 4.9790031751174145e-26, nan 
-131.875, 89.625, 4.706660685252265e-26, nan 
-131.625, 89.625, 3.300068267919566e-26, nan 
-131.375, 89.625, 4.2739144522772203e-26, nan 
-131.125, 89.625, 4.212306174595598e-26, nan 
-130.875, 89.625, 3.1012337574619776e-26, nan 
-130.625, 89.625, 7.687608173383076e-26, nan 
-130.375, 89.625, 7.285070045661735e-26, nan 
-130.125, 89.625, 8.78019084084441e-26, nan 
-129.875, 89.625, 6.651274626052297e-26, nan 
-129.625, 89.625, 7.590495588634605e-26, nan 
-129.375, 89.625, 5.788916052012995e-26, nan 
-129.125, 89.625, 5.487767295230825e-26, nan 
-128.875, 89.625, 5.23262469978524e-26, nan 
-128.625, 89.625, 2.7394146382579775e-26, nan 
-128.375, 89.625, 2.7987737091572924e-26, nan 
-128.125, 89.625, 2.3752358007831172e-26, nan 
-127.875, 89.625, 4.4447467868782966e-26, nan 
-127.625, 89.625, 4.8470974429480984e-26, nan 
-127.375, 89.625, 6.373284060118601e-26, nan 
-127.125, 89.625, 3.32017216471057e-26, nan 
-126.875, 89.625, 3.6503118779966437e-26, nan 
-126.625, 89.625, 6.297270916801026e-26, nan 
-126.375, 89.625, 5.733731125408198e-26, nan 
-126.125, 89.625, 4.8770521460566445e-26, nan 
-125.875, 89.625, 3.344664066911621e-26, nan 
-125.625, 89.625, 6.381509444535383e-26, nan 
-125.375, 89.625, 4.8739708592437176e-26, nan 
-125.125, 89.625, 4.7995669635088197e-26, nan 
-124.875, 89.625, 5.851847102125479e-26, nan 
-124.625, 89.625, 3.664639101019661e-26, nan 
-124.375, 89.625, 7.435839484826608e-26, nan 
-124.125, 89.625, 5.048371145768252e-26, nan 
-123.875, 89.625, 4.3862649376968673e-26, nan 
-123.625, 89.625, 4.005727813616581e-26, nan 
-123.375, 89.625, 3.3955785027305326e-26, nan 
-123.125, 89.625, 5.426554201518597e-26, nan 
-122.875, 89.625, 3.3678183172527437e-26, nan 
-122.625, 89.625, 3.5244527420984456e-26, nan 
-122.375, 89.625, 6.318342160425764e-26, nan 
-122.125, 89.625, 3.4470261508813385e-26, nan 
-121.875, 89.625, 2.9689617723644185e-26, nan 
-121.625, 89.625, 2.9184504397711505e-26, nan 
-121.375, 89.625, 5.810318423285378e-26, nan 
-121.125, 89.625, 4.885452625809125e-26, nan 
-120.875, 89.625, 5.532001523440425e-26, nan 
-120.625, 89.625, 3.6568663214496777e-26, nan 
-120.375, 89.625, 3.619710421709993e-26, nan 
-120.125, 89.625, 3.799433329181312e-26, nan 
-119.875, 89.625, 2.5929677555883573e-26, nan 
-119.625, 89.625, 1.633586420912588e-26, nan 
-119.375, 89.625, 3.000007450258032e-26, nan 
-119.125, 89.625, 1.4386433783254014e-26, nan 
-118.875, 89.625, 2.71722570752438e-26, nan 
-118.625, 89.625, 4.933965917208012e-26, nan 
-118.375, 89.625, 5.448496181611422e-26, nan 
-118.125, 89.625, 2.3406061970718127e-26, nan 
-117.875, 89.625, 2.435795774829503e-26, nan 
-117.625, 89.625, 5.119891561372445e-26, nan 
-117.375, 89.625, 2.2191014299251883e-26, nan 
-117.125, 89.625, 2.742229376869843e-26, nan 
-116.875, 89.625, 1.177027040151728e-26, nan 
-116.625, 89.625, 2.7147692699501926e-26, nan 
-116.375, 89.625, 2.3707503771899158e-26, nan 
-116.125, 89.625, 5.2612601713311e-26, nan 
-115.875, 89.625, 1.0292020101241769e-26, nan 
-115.625, 89.625, 3.6278158265794535e-26, nan 
-115.375, 89.625, 2.695193855284361e-26, nan 
-115.125, 89.625, 2.3495481438115002e-26, nan 
-114.875, 89.625, 3.851797382176266e-26, nan 
-114.625, 89.625, 2.417492473957149e-26, nan 
-114.375, 89.625, 4.4567814876430257e-26, nan 
-114.125, 89.625, 6.285356764117226e-26, nan 
-113.875, 89.625, 7.001812248220315e-26, nan 
-113.625, 89.625, 7.932405036854458e-26, nan 
-113.375, 89.625, 1.014087869607774e-25, nan 
-113.125, 89.625, 7.843712981061873e-26, nan 
-112.875, 89.625, 7.72296314255833e-26, nan 
-112.625, 89.625, 7.037730752145228e-26, nan 
-112.375, 89.625, 8.406893095841817e-26, nan 
-112.125, 89.625, 5.458848023911226e-26, nan 
-111.875, 89.625, 1.2892752541770784e-25, nan 
-111.625, 89.625, 4.5902039622234347e-26, nan 
-111.375, 89.625, 9.358021916212647e-26, nan 
-111.125, 89.625, 9.101230082157751e-26, nan 
-110.875, 89.625, 9.844912841971258e-26, nan 
-110.625, 89.625, 7.20759676065902e-26, nan 
-110.375, 89.625, 7.80542982322585e-26, nan 
-110.125, 89.625, 8.040224660953601e-26, nan 
-109.875, 89.625, 7.693698730035188e-26, nan 
-109.625, 89.625, 7.235747189392128e-26, nan 
-109.375, 89.625, 7.430641577519258e-26, nan 
-109.125, 89.625, 1.2503910166761634e-25, nan 
-108.875, 89.625, 9.385009629132104e-26, nan 
-108.625, 89.625, 1.085458386883103e-25, nan 
-108.375, 89.625, 9.717252455976088e-26, nan 
-108.125, 89.625, 1.0061411724090869e-25, nan 
-107.875, 89.625, 7.789290546265088e-26, nan 
-107.625, 89.625, 9.770245665207062e-26, nan 
-107.375, 89.625, 1.3160761791205414e-25, nan 
-107.125, 89.625, 1.3871586666273674e-25, nan 
-106.875, 89.625, 1.3937200808627926e-25, nan 
-106.625, 89.625, 1.3782454972101243e-25, nan 
-106.375, 89.625, 1.3036566214199812e-25, nan 
-106.125, 89.625, 1.218094919389284e-25, nan 
-105.875, 89.625, 1.15207204867177e-25, nan 
-105.625, 89.625, 1.2575808162568256e-25, nan 
-105.375, 89.625, 1.264397216892591e-25, nan 
-105.125, 89.625, 1.3439934497208403e-25, nan 
-104.875, 89.625, 7.683998994901871e-26, nan 
-104.625, 89.625, 1.3014260957263635e-25, nan 
-104.375, 89.625, 9.187704415851804e-26, nan 
-104.125, 89.625, 1.2147792646761714e-25, nan 
-103.875, 89.625, 9.146057637048881e-26, nan 
-103.625, 89.625, 1.0621132407912063e-25, nan 
-103.375, 89.625, 9.108496456471687e-26, nan 
-103.125, 89.625, 9.907778695451859e-26, nan 
-102.875, 89.625, 6.743639659119711e-26, nan 
-102.625, 89.625, 1.0842412620869501e-25, nan 
-102.375, 89.625, 8.738261919338385e-26, nan 
-102.125, 89.625, 6.615963832454349e-26, nan 
-101.875, 89.625, 9.655140280538317e-26, nan 
-101.625, 89.625, 1.0250248135738689e-25, nan 
-101.375, 89.625, 8.674852385178782e-26, nan 
-101.125, 89.625, 9.84896558228824e-26, nan 
-100.875, 89.625, 8.030184928786885e-26, nan 
-100.625, 89.625, 6.822669296186745e-26, nan 
-100.375, 89.625, 1.0833743256776416e-25, nan 
-100.125, 89.625, 8.974034494806463e-26, nan 
-99.875, 89.625, 9.90745251721017e-26, nan 
-99.625, 89.625, 7.994357786398208e-26, nan 
-99.375, 89.625, 9.182553511478134e-26, nan 
-99.125, 89.625, 4.20653636831975e-26, nan 
-98.875, 89.625, 7.510433304949863e-26, nan 
-98.625, 89.625, 6.482724457751752e-26, nan 
-98.375, 89.625, 8.954772438411441e-26, nan 
-98.125, 89.625, 7.931138877270097e-26, nan 
-97.875, 89.625, 9.739030420013173e-26, nan 
-97.625, 89.625, 8.063558461281417e-26, nan 
-97.375, 89.625, 7.826579118422255e-26, nan 
-97.125, 89.625, 6.605197707115765e-26, nan 
-96.875, 89.625, 7.466144182597585e-26, nan 
-96.625, 89.625, 9.277834292284388e-26, nan 
-96.375, 89.625, 7.042773981295739e-26, nan 
-96.125, 89.625, 8.999478694215433e-26, nan 
-95.875, 89.625, 8.950190802869167e-26, nan 
-95.625, 89.625, 8.141072465728441e-26, nan 
-95.375, 89.625, 8.917034080333913e-26, nan 
-95.125, 89.625, 8.949520303921437e-26, nan 
-94.875, 89.625, 9.961370814353215e-26, nan 
-94.625, 89.625, 8.910853331143565e-26, nan 
-94.375, 89.625, 7.84937273539096e-26, nan 
-94.125, 89.625, 1.0005906351542236e-25, nan 
-93.875, 89.625, 7.858314592400572e-26, nan 
-93.625, 89.625, 7.285473038993248e-26, nan 
-93.375, 89.625, 6.818010547602382e-26, nan 
-93.125, 89.625, 8.025397090199254e-26, nan 
-92.875, 89.625, 5.552412548581156e-26, nan 
-92.625, 89.625, 9.299325831287582e-26, nan 
-92.375, 89.625, 7.923929795627188e-26, nan 
-92.125, 89.625, 6.989675643706842e-26, nan 
-91.875, 89.625, 9.79590188344329e-26, nan 
-91.625, 89.625, 1.2073405022632672e-25, nan 
-91.375, 89.625, 9.275987333512301e-26, nan 
-91.125, 89.625, 1.0561595593227719e-25, nan 
-90.875, 89.625, 8.804285427015318e-26, nan 
-90.625, 89.625, 1.121975102630658e-25, nan 
-90.375, 89.625, 1.1640641215156926e-25, nan 
-90.125, 89.625, 1.171161919148022e-25, nan 
-89.875, 89.625, 1.1885636476683664e-25, nan 
-89.625, 89.625, 1.236864530703068e-25, nan 
-89.375, 89.625, 1.361792389292044e-25, nan 
-89.125, 89.625, 1.3438072634049027e-25, nan 
-88.875, 89.625, 1.375062213614628e-25, nan 
-88.625, 89.625, 1.4418054325049919e-25, nan 
-88.375, 89.625, 1.46241785914777e-25, nan 
-88.125, 89.625, 1.671893188973106e-25, nan 
-87.875, 89.625, 1.6949063518853923e-25, nan 
-87.625, 89.625, 1.8837276255034054e-25, nan 
-87.375, 89.625, 1.7178101827445585e-25, nan 
-87.125, 89.625, 1.5571299230714393e-25, nan 
-86.875, 89.625, 1.6346634897505297e-25, nan 
-86.625, 89.625, 1.9944623426758832e-25, nan 
-86.375, 89.625, 1.9234175300355185e-25, nan 
-86.125, 89.625, 1.6438415388512404e-25, nan 
-85.875, 89.625, 1.5057692870810309e-25, nan 
-85.625, 89.625, 1.25654679243904e-25, nan 
-85.375, 89.625, 1.0822110890445602e-25, nan 
-85.125, 89.625, 8.097881624114989e-26, nan 
-84.875, 89.625, 1.2064844882631052e-25, nan 
-84.625, 89.625, 9.270185167566392e-26, nan 
-84.375, 89.625, 8.983783644514119e-26, nan 
-84.125, 89.625, 9.214147020768662e-26, nan 
-83.875, 89.625, 9.9970516552424e-26, nan 
-83.625, 89.625, 1.200485551789297e-25, nan 
-83.375, 89.625, 1.3275131507759632e-25, nan 
-83.125, 89.625, 1.2292817259808914e-25, nan 
-82.875, 89.625, 1.1180931408966315e-25, nan 
-82.625, 89.625, 1.1993400374313574e-25, nan 
-82.375, 89.625, 1.0038900214456709e-25, nan 
-82.125, 89.625, 1.0900532115060698e-25, nan 
-81.875, 89.625, 1.1266766979921142e-25, nan 
-81.625, 89.625, 1.190449040268362e-25, nan 
-81.375, 89.625, 1.0634837956415173e-25, nan 
-81.125, 89.625, 1.4365260143247799e-25, nan 
-80.875, 89.625, 1.2293211108344133e-25, nan 
-80.625, 89.625, 1.055004413188872e-25, nan 
-80.375, 89.625, 1.0957096737599426e-25, nan 
-80.125, 89.625, 1.0846134912928612e-25, nan 
-79.875, 89.625, 1.5029586479822555e-25, nan 
-79.625, 89.625, 1.7028152101732214e-25, nan 
-79.375, 89.625, 1.8400082392541678e-25, nan 
-79.125, 89.625, 1.8600475433767095e-25, nan 
-78.875, 89.625, 1.9652599745961647e-25, nan 
-78.625, 89.625, 1.9980775928603819e-25, nan 
-78.375, 89.625, 1.8900689366472366e-25, nan 
-78.125, 89.625, 1.6201621513744448e-25, nan 
-77.875, 89.625, 1.8624505858232352e-25, nan 
-77.625, 89.625, 1.970483206822515e-25, nan 
-77.375, 89.625, 1.812065321234845e-25, nan 
-77.125, 89.625, 2.0201430081327277e-25, nan 
-76.875, 89.625, 2.0756791966986415e-25, nan 
-76.625, 89.625, 2.3342277482142177e-25, nan 
-76.375, 89.625, 2.512161862274699e-25, nan 
-76.125, 89.625, 2.199826675265598e-25, nan 
-75.875, 89.625, 2.2557649337096e-25, nan 
-75.625, 89.625, 2.2631468227056076e-25, nan 
-75.375, 89.625, 2.2039117619852965e-25, nan 
-75.125, 89.625, 2.4078659531310403e-25, nan 
-74.875, 89.625, 2.302952079507782e-25, nan 
-74.625, 89.625, 2.221292580066752e-25, nan 
-74.375, 89.625, 2.366206094073559e-25, nan 
-74.125, 89.625, 2.3475475008202823e-25, nan 
-73.875, 89.625, 2.32796718480938e-25, nan 
-73.625, 89.625, 2.4495369752110415e-25, nan 
-73.375, 89.625, 2.274570602447235e-25, nan 
-73.125, 89.625, 2.3169020487349486e-25, nan 
-72.875, 89.625, 2.320929364495989e-25, nan 
-72.625, 89.625, 2.4867286957773046e-25, nan 
-72.375, 89.625, 2.452147608897874e-25, nan 
-72.125, 89.625, 2.585824779649207e-25, nan 
-71.875, 89.625, 2.367079670718014e-25, nan 
-71.625, 89.625, 2.440167924449805e-25, nan 
-71.375, 89.625, 2.4305303136747676e-25, nan 
-71.125, 89.625, 2.70780669154852e-25, nan 
-70.875, 89.625, 2.7385068798076138e-25, nan 
-70.625, 89.625, 2.4762719938814453e-25, nan 
-70.375, 89.625, 2.3208315559329995e-25, nan 
-70.125, 89.625, 2.3164457950938853e-25, nan 
-69.875, 89.625, 2.849243095345157e-25, nan 
-69.625, 89.625, 2.5737504377282233e-25, nan 
-69.375, 89.625, 2.4518423517128185e-25, nan 
-69.125, 89.625, 2.1916547718851187e-25, nan 
-68.875, 89.625, 2.0985347061170055e-25, nan 
-68.625, 89.625, 2.3444457017068706e-25, nan 
-68.375, 89.625, 2.3929705816379196e-25, nan 
-68.125, 89.625, 2.3078405185387084e-25, nan 
-67.875, 89.625, 2.2806653150185387e-25, nan 
-67.625, 89.625, 2.186945387123627e-25, nan 
-67.375, 89.625, 2.1653255832698662e-25, nan 
-67.125, 89.625, 2.4160199719431724e-25, nan 
-66.875, 89.625, 2.22884275765228e-25, nan 
-66.625, 89.625, 2.2864624462647305e-25, nan 
-66.375, 89.625, 2.1507082367677074e-25, nan 
-66.125, 89.625, 2.43670497478884e-25, nan 
-65.875, 89.625, 2.4785691056040406e-25, nan 
-65.625, 89.625, 2.4412686072344703e-25, nan 
-65.375, 89.625, 2.545365625462653e-25, nan 
-65.125, 89.625, 2.4643376538261227e-25, nan 
-64.875, 89.625, 2.278970610282237e-25, nan 
-64.625, 89.625, 2.585049318143961e-25, nan 
-64.375, 89.625, 2.277903827969211e-25, nan 
-64.125, 89.625, 2.6082485778961594e-25, nan 
-63.875, 89.625, 2.4290110612690715e-25, nan 
-63.625, 89.625, 2.5130935929861224e-25, nan 
-63.375, 89.625, 2.4715541942705617e-25, nan 
-63.125, 89.625, 2.9007049067939315e-25, nan 
-62.875, 89.625, 2.586944695269172e-25, nan 
-62.625, 89.625, 2.247427574802742e-25, nan 
-62.375, 89.625, 2.184245679150951e-25, nan 
-62.125, 89.625, 2.34563405498646e-25, nan 
-61.875, 89.625, 2.559815117502171e-25, nan 
-61.625, 89.625, 3.1623706320897224e-25, nan 
-61.375, 89.625, 3.547175514988503e-25, nan 
-61.125, 89.625, 3.6782966896242867e-25, nan 
-60.875, 89.625, 3.722643599512193e-25, nan 
-60.625, 89.625, 2.957692132325197e-25, nan 
-60.375, 89.625, 2.3267079946642867e-25, nan 
-60.125, 89.625, 2.1889525166683815e-25, nan 
-59.875, 89.625, 2.476530903946014e-25, nan 
-59.625, 89.625, 2.484183650095537e-25, nan 
-59.375, 89.625, 2.672208018758854e-25, nan 
-59.125, 89.625, 2.1965721442890733e-25, nan 
-58.875, 89.625, 1.6521609897042316e-25, nan 
-58.625, 89.625, 1.502008713157358e-25, nan 
-58.375, 89.625, 1.5008331747008853e-25, nan 
-58.125, 89.625, 1.4534386046636286e-25, nan 
-57.875, 89.625, 1.287034870029899e-25, nan 
-57.625, 89.625, 1.4743868602462936e-25, nan 
-57.375, 89.625, 1.290439382333166e-25, nan 
-57.125, 89.625, 1.698527173320992e-25, nan 
-56.875, 89.625, 2.047397019941611e-25, nan 
-56.625, 89.625, 2.1884168028399974e-25, nan 
-56.375, 89.625, 2.3737664892266076e-25, nan 
-56.125, 89.625, 2.3951182455211394e-25, nan 
-55.875, 89.625, 2.4724458100997833e-25, nan 
-55.625, 89.625, 2.512717227173226e-25, nan 
-55.375, 89.625, 2.33402996674347e-25, nan 
-55.125, 89.625, 2.3839797881185305e-25, nan 
-54.875, 89.625, 2.5856452520544897e-25, nan 
-54.625, 89.625, 2.4395555613306756e-25, nan 
-54.375, 89.625, 2.4957226319569317e-25, nan 
-54.125, 89.625, 2.4177635213637175e-25, nan 
-53.875, 89.625, 2.360884289250947e-25, nan 
-53.625, 89.625, 2.307978627379478e-25, nan 
-53.375, 89.625, 2.0102138839346572e-25, nan 
-53.125, 89.625, 1.3020474657130125e-25, nan 
-52.875, 89.625, 1.8174061645206228e-25, nan 
-52.625, 89.625, 2.548166480163583e-25, nan 
-52.375, 89.625, 2.5661533010946285e-25, nan 
-52.125, 89.625, 2.1446562384419288e-25, nan 
-51.875, 89.625, 2.3319238149825496e-25, nan 
-51.625, 89.625, 2.4520405405630095e-25, nan 
-51.375, 89.625, 2.7132494943680307e-25, nan 
-51.125, 89.625, 2.457041431633776e-25, nan 
-50.875, 89.625, 2.4680294557798233e-25, nan 
-50.625, 89.625, 2.6261992711116693e-25, nan 
-50.375, 89.625, 3.223730200643132e-25, nan 
-50.125, 89.625, 2.9135697548213564e-25, nan 
-49.875, 89.625, 2.874768115583034e-25, nan 
-49.625, 89.625, 2.734540185599802e-25, nan 
-49.375, 89.625, 3.0055906954754484e-25, nan 
-49.125, 89.625, 2.434330885972135e-25, nan 
-48.875, 89.625, 2.478530421810736e-25, nan 
-48.625, 89.625, 2.340797451361575e-25, nan 
-48.375, 89.625, 2.920283734580405e-25, nan 
-48.125, 89.625, 2.661299825022452e-25, nan 
-47.875, 89.625, 2.379410273804073e-25, nan 
-47.625, 89.625, 2.085432829538341e-25, nan 
-47.375, 89.625, 1.870714539251554e-25, nan 
-47.125, 89.625, 1.862655816234067e-25, nan 
-46.875, 89.625, 1.6345669239969074e-25, nan 
-46.625, 89.625, 2.0781186245981696e-25, nan 
-46.375, 89.625, 3.480275699371342e-25, nan 
-46.125, 89.625, 2.8086903824971557e-25, nan 
-45.875, 89.625, 2.352830606161707e-25, nan 
-45.625, 89.625, 2.5983911671835604e-25, nan 
-45.375, 89.625, 2.84328745451724e-25, nan 
-45.125, 89.625, 2.3685837230047363e-25, nan 
-44.875, 89.625, 1.8614982462531944e-25, nan 
-44.625, 89.625, 2.3733321470457423e-25, nan 
-44.375, 89.625, 2.8979664358479197e-25, nan 
-44.125, 89.625, 3.2908317722938005e-25, nan 
-43.875, 89.625, 2.8031243827176217e-25, nan 
-43.625, 89.625, 2.1219152320840325e-25, nan 
-43.375, 89.625, 2.456738625240763e-25, nan 
-43.125, 89.625, 2.5337367189204835e-25, nan 
-42.875, 89.625, 2.532493830261446e-25, nan 
-42.625, 89.625, 2.306709974655627e-25, nan 
-42.375, 89.625, 2.5803009707119657e-25, nan 
-42.125, 89.625, 2.328883415612356e-25, nan 
-41.875, 89.625, 2.0698558123587055e-25, nan 
-41.625, 89.625, 2.1986755734014093e-25, nan 
-41.375, 89.625, 2.3360143848998467e-25, nan 
-41.125, 89.625, 2.3294990252458456e-25, nan 
-40.875, 89.625, 2.371726376157448e-25, nan 
-40.625, 89.625, 2.4888610063845316e-25, nan 
-40.375, 89.625, 2.5593850000576144e-25, nan 
-40.125, 89.625, 2.478429805895437e-25, nan 
-39.875, 89.625, 2.743674378341967e-25, nan 
-39.625, 89.625, 2.411482243977444e-25, nan 
-39.375, 89.625, 2.7534503438365184e-25, nan 
-39.125, 89.625, 2.669924348624798e-25, nan 
-38.875, 89.625, 2.717013220986343e-25, nan 
-38.625, 89.625, 2.7244852700822468e-25, nan 
-38.375, 89.625, 2.988014297501813e-25, nan 
-38.125, 89.625, 3.1654316306455013e-25, nan 
-37.875, 89.625, 2.9358023377644433e-25, nan 
-37.625, 89.625, 2.822128365719475e-25, nan 
-37.375, 89.625, 2.960374682936812e-25, nan 
-37.125, 89.625, 3.392032187492791e-25, nan 
-36.875, 89.625, 3.123201205338864e-25, nan 
-36.625, 89.625, 3.1881132437421883e-25, nan 
-36.375, 89.625, 2.963475522029309e-25, nan 
-36.125, 89.625, 3.306116379573988e-25, nan 
-35.875, 89.625, 3.2124807477599852e-25, nan 
-35.625, 89.625, 3.192125478897066e-25, nan 
-35.375, 89.625, 3.116851990493286e-25, nan 
-35.125, 89.625, 3.2853443978636e-25, nan 
-34.875, 89.625, 3.270277503525284e-25, nan 
-34.625, 89.625, 3.359272664641761e-25, nan 
-34.375, 89.625, 3.3228192699836674e-25, nan 
-34.125, 89.625, 3.408877344913442e-25, nan 
-33.875, 89.625, 3.3110020935277934e-25, nan 
-33.625, 89.625, 3.3641606266322756e-25, nan 
-33.375, 89.625, 3.454635269544453e-25, nan 
-33.125, 89.625, 3.2712370675816916e-25, nan 
-32.875, 89.625, 3.7391660431919586e-25, nan 
-32.625, 89.625, 3.3702959227872073e-25, nan 
-32.375, 89.625, 3.1499747662006544e-25, nan 
-32.125, 89.625, 3.5166785027778823e-25, nan 
-31.875, 89.625, 3.5324338208205393e-25, nan 
-31.625, 89.625, 3.686764907544249e-25, nan 
-31.375, 89.625, 3.5238098994090927e-25, nan 
-31.125, 89.625, 3.567323755508856e-25, nan 
-30.875, 89.625, 3.223013194857116e-25, nan 
-30.625, 89.625, 3.2697116058622564e-25, nan 
-30.375, 89.625, 3.0082303693730886e-25, nan 
-30.125, 89.625, 3.042259195867415e-25, nan 
-29.875, 89.625, 3.247345443488205e-25, nan 
-29.625, 89.625, 3.3444874253859897e-25, nan 
-29.375, 89.625, 3.5039233131735965e-25, nan 
-29.125, 89.625, 3.4329311540132e-25, nan 
-28.875, 89.625, 3.3739283883746e-25, nan 
-28.625, 89.625, 3.4963811923565687e-25, nan 
-28.375, 89.625, 3.471042498125818e-25, nan 
-28.125, 89.625, 3.676247258460892e-25, nan 
-27.875, 89.625, 3.52787104832942e-25, nan 
-27.625, 89.625, 3.4127125261324583e-25, nan 
-27.375, 89.625, 3.8050827795182924e-25, nan 
-27.125, 89.625, 3.3423560847866474e-25, nan 
-26.875, 89.625, 3.273197664878758e-25, nan 
-26.625, 89.625, 3.437496979172698e-25, nan 
-26.375, 89.625, 3.6911328262872802e-25, nan 
-26.125, 89.625, 2.849466796805295e-25, nan 
-25.875, 89.625, 3.3099599260631453e-25, nan 
-25.625, 89.625, 3.6899285876344223e-25, nan 
-25.375, 89.625, 3.7090436224461163e-25, nan 
-25.125, 89.625, 3.5148091345763447e-25, nan 
-24.875, 89.625, 3.842680910929841e-25, nan 
-24.625, 89.625, 3.5655246910467055e-25, nan 
-24.375, 89.625, 3.5756819154938486e-25, nan 
-24.125, 89.625, 3.664205839012803e-25, nan 
-23.875, 89.625, 3.641441782559438e-25, nan 
-23.625, 89.625, 3.7056031352522165e-25, nan 
-23.375, 89.625, 3.389826367612443e-25, nan 
-23.125, 89.625, 3.9876674031564627e-25, nan 
-22.875, 89.625, 4.594134614954799e-25, nan 
-22.625, 89.625, 4.220016413848269e-25, nan 
-22.375, 89.625, 3.4833740920052213e-25, nan 
-22.125, 89.625, 3.784738027331903e-25, nan 
-21.875, 89.625, 3.1852865957705595e-25, nan 
-21.625, 89.625, 3.4244363846199997e-25, nan 
-21.375, 89.625, 3.820336684625095e-25, nan 
-21.125, 89.625, 2.954757705720533e-25, nan 
-20.875, 89.625, 2.6257565090857877e-25, nan 
-20.625, 89.625, 3.4396539497449214e-25, nan 
-20.375, 89.625, 3.754249127727324e-25, nan 
-20.125, 89.625, 3.5858462028303532e-25, nan 
-19.875, 89.625, 3.8017904146892855e-25, nan 
-19.625, 89.625, 3.7637050977640287e-25, nan 
-19.375, 89.625, 4.0721778393434663e-25, nan 
-19.125, 89.625, 3.261605818760067e-25, nan 
-18.875, 89.625, 2.9507933290655595e-25, nan 
-18.625, 89.625, 3.416599132535892e-25, nan 
-18.375, 89.625, 2.9992402859257035e-25, nan 
-18.125, 89.625, 3.291582985352335e-25, nan 
-17.875, 89.625, 3.0304405970434806e-25, nan 
-17.625, 89.625, 3.313907044520088e-25, nan 
-17.375, 89.625, 3.4781373609579493e-25, nan 
-17.125, 89.625, 3.0449580699330497e-25, nan 
-16.875, 89.625, 3.5831477060353213e-25, nan 
-16.625, 89.625, 3.6949039172770584e-25, nan 
-16.375, 89.625, 3.8448678755710986e-25, nan 
-16.125, 89.625, 3.7723006333530403e-25, nan 
-15.875, 89.625, 3.7682724169369815e-25, nan 
-15.625, 89.625, 3.7027302363144404e-25, nan 
-15.375, 89.625, 3.543541607259527e-25, nan 
-15.125, 89.625, 3.1648971092621686e-25, nan 
-14.875, 89.625, 3.5273986153475717e-25, nan 
-14.625, 89.625, 3.3103620625183195e-25, nan 
-14.375, 89.625, 3.976334387676878e-25, nan 
-14.125, 89.625, 3.8510433543537077e-25, nan 
-13.875, 89.625, 3.7321472564865747e-25, nan 
-13.625, 89.625, 3.501320548828586e-25, nan 
-13.375, 89.625, 3.672737805713062e-25, nan 
-13.125, 89.625, 3.171016143586511e-25, nan 
-12.875, 89.625, 2.8121438882614685e-25, nan 
-12.625, 89.625, 3.2412764778314566e-25, nan 
-12.375, 89.625, 3.657987663360706e-25, nan 
-12.125, 89.625, 3.904220559260033e-25, nan 
-11.875, 89.625, 3.7692678138419073e-25, nan 
-11.625, 89.625, 3.7084181372611723e-25, nan 
-11.375, 89.625, 3.8056902780713e-25, nan 
-11.125, 89.625, 3.7497719491443e-25, nan 
-10.875, 89.625, 3.205344894174657e-25, nan 
-10.625, 89.625, 3.084653642142122e-25, nan 
-10.375, 89.625, 3.1314545869403107e-25, nan 
-10.125, 89.625, 3.2428158555005033e-25, nan 
-9.875, 89.625, 3.2984546492037595e-25, nan 
-9.625, 89.625, 3.062329909124641e-25, nan 
-9.375, 89.625, 3.246536314560056e-25, nan 
-9.125, 89.625, 3.119012809896782e-25, nan 
-8.875, 89.625, 3.1822624811269474e-25, nan 
-8.625, 89.625, 3.309184836275002e-25, nan 
-8.375, 89.625, 3.3158672138669804e-25, nan 
-8.125, 89.625, 5.050017736481094e-25, nan 
-7.875, 89.625, 3.714579066439386e-25, nan 
-7.625, 89.625, 3.380391957049637e-25, nan 
-7.375, 89.625, 3.3736567584020186e-25, nan 
-7.125, 89.625, 3.8730013732357094e-25, nan 
-6.875, 89.625, 3.294809290878543e-25, nan 
-6.625, 89.625, 3.2872738320981915e-25, nan 
-6.375, 89.625, 3.215384439029683e-25, nan 
-6.125, 89.625, 3.0354522676659496e-25, nan 
-5.875, 89.625, 3.361666560930156e-25, nan 
-5.625, 89.625, 3.510917473086688e-25, nan 
-5.375, 89.625, 3.4658730397945213e-25, nan 
-5.125, 89.625, 3.2461876521621637e-25, nan 
-4.875, 89.625, 3.270287363629675e-25, nan 
-4.625, 89.625, 3.3162709576348075e-25, nan 
-4.375, 89.625, 3.338939780845622e-25, nan 
-4.125, 89.625, 3.227190494482841e-25, nan 
-3.875, 89.625, 3.3635801617802586e-25, nan 
-3.625, 89.625, 3.630315645964529e-25, nan 
-3.375, 89.625, 3.19202031061014e-25, nan 
-3.125, 89.625, 3.1541376453838575e-25, nan 
-2.875, 89.625, 3.498032027190522e-25, nan 
-2.625, 89.625, 3.150860752663319e-25, nan 
-2.375, 89.625, 2.9505621847873104e-25, nan 
-2.125, 89.625, 4.062939913335702e-25, nan 
-1.875, 89.625, 3.358287769482307e-25, nan 
-1.625, 89.625, 3.1485767397222323e-25, nan 
-1.375, 89.625, 3.3158202679621536e-25, nan 
-1.125, 89.625, 3.4355119899385454e-25, nan 
-0.875, 89.625, 3.1627126290762523e-25, nan 
-0.625, 89.625, 3.103341269425467e-25, nan 
-0.375, 89.625, 3.2190433405512054e-25, nan 
-0.125, 89.625, 3.670715829977135e-25, nan 
0.125, 89.625, 3.3281260876008794e-25, nan 
0.375, 89.625, 3.0990878616219387e-25, nan 
0.625, 89.625, 3.254645420506638e-25, nan 
0.875, 89.625, 2.9447443016768375e-25, nan 
1.125, 89.625, 3.3417022629755433e-25, nan 
1.375, 89.625, 3.2007642717847786e-25, nan 
1.625, 89.625, 3.432381023637955e-25, nan 
1.875, 89.625, 3.001925906022701e-25, nan 
2.125, 89.625, 3.213195369491608e-25, nan 
2.375, 89.625, 2.81096664675201e-25, nan 
2.625, 89.625, 2.698088957702499e-25, nan 
2.875, 89.625, 2.7659068491204357e-25, nan 
3.125, 89.625, 3.1253844815437605e-25, nan 
3.375, 89.625, 3.365825868123618e-25, nan 
3.625, 89.625, 3.9088096671480407e-25, nan 
3.875, 89.625, 3.460233609012335e-25, nan 
4.125, 89.625, 4.436566472491649e-25, nan 
4.375, 89.625, 3.137341282077218e-25, nan 
4.625, 89.625, 3.040357483886799e-25, nan 
4.875, 89.625, 4.355295073076288e-25, nan 
5.125, 89.625, 2.656909933100813e-25, nan 
5.375, 89.625, 3.264748007569972e-25, nan 
5.625, 89.625, 2.8356132828242817e-25, nan 
5.875, 89.625, 3.564822061708074e-25, nan 
6.125, 89.625, 3.9192629769721407e-25, nan 
6.375, 89.625, 3.1087147007837136e-25, nan 
6.625, 89.625, 3.6493317552460375e-25, nan 
6.875, 89.625, 3.079851917299459e-25, nan 
7.125, 89.625, 3.8949773311740006e-25, nan 
7.375, 89.625, 3.683946525989874e-25, nan 
7.625, 89.625, 3.7838020249516074e-25, nan 
7.875, 89.625, 3.156138107992553e-25, nan 
8.125, 89.625, 3.9402369901214844e-25, nan 
8.375, 89.625, 3.4758604351108827e-25, nan 
8.625, 89.625, 3.5914579016312234e-25, nan 
8.875, 89.625, 3.6849207409348555e-25, nan 
9.125, 89.625, 4.459369904982994e-25, nan 
9.375, 89.625, 3.7484437669386493e-25, nan 
9.625, 89.625, 4.4899105069968935e-25, nan 
9.875, 89.625, 3.5927731689433905e-25, nan 
10.125, 89.625, 3.203932707137755e-25, nan 
10.375, 89.625, 3.851529986300116e-25, nan 
10.625, 89.625, 3.7596914651223785e-25, nan 
10.875, 89.625, 4.365516261765195e-25, nan 
11.125, 89.625, 3.6464694303951644e-25, nan 
11.375, 89.625, 4.0627513978962732e-25, nan 
11.625, 89.625, 3.4020370858802265e-25, nan 
11.875, 89.625, 3.22474332046439e-25, nan 
12.125, 89.625, 3.140783309958565e-25, nan 
12.375, 89.625, 2.7106190764311218e-25, nan 
12.625, 89.625, 4.738037344616425e-25, nan 
12.875, 89.625, 3.869296734320542e-25, nan 
13.125, 89.625, 3.104057221200856e-25, nan 
13.375, 89.625, 4.0940699074917984e-25, nan 
13.625, 89.625, 4.033427501400259e-25, nan 
13.875, 89.625, 3.3667382894847245e-25, nan 
14.125, 89.625, 3.1649745407099522e-25, nan 
14.375, 89.625, 4.536234543510659e-25, nan 
14.625, 89.625, 3.156758029931773e-25, nan 
14.875, 89.625, 3.509660601541111e-25, nan 
15.125, 89.625, 3.4579344956076863e-25, nan 
15.375, 89.625, 4.840516853298363e-25, nan 
15.625, 89.625, 3.5918242805144386e-25, nan 
15.875, 89.625, 3.2921013212870224e-25, nan 
16.125, 89.625, 3.101654556782422e-25, nan 
16.375, 89.625, 3.13766747247237e-25, nan 
16.625, 89.625, 3.4024635723351247e-25, nan 
16.875, 89.625, 3.145784424139503e-25, nan 
17.125, 89.625, 3.60587988138033e-25, nan 
17.375, 89.625, 3.715799248379966e-25, nan 
17.625, 89.625, 4.22010779444323e-25, nan 
17.875, 89.625, 3.6114346233764983e-25, nan 
18.125, 89.625, 3.613079573947929e-25, nan 
18.375, 89.625, 3.4927564776228364e-25, nan 
18.625, 89.625, 4.2604375404434585e-25, nan 
18.875, 89.625, 3.8394758305864448e-25, nan 
19.125, 89.625, 3.1141513219932968e-25, nan 
19.375, 89.625, 2.331425677231609e-25, nan 
19.625, 89.625, 2.506734454757583e-25, nan 
19.875, 89.625, 3.44665413959056e-25, nan 
20.125, 89.625, 3.6325334212415983e-25, nan 
20.375, 89.625, 3.152304854644604e-25, nan 
20.625, 89.625, 3.9143883099380863e-25, nan 
20.875, 89.625, 3.1872267800656455e-25, nan 
21.125, 89.625, 4.1129121605472554e-25, nan 
21.375, 89.625, 4.1271299880416814e-25, nan 
21.625, 89.625, 4.1416248877509675e-25, nan 
21.875, 89.625, 3.647475948929825e-25, nan 
22.125, 89.625, 4.3056780622459e-25, nan 
22.375, 89.625, 2.720144122043342e-25, nan 
22.625, 89.625, 4.362667726020596e-25, nan 
22.875, 89.625, 3.907225683106375e-25, nan 
23.125, 89.625, 2.6188953436490905e-25, nan 
23.375, 89.625, 2.970003816753161e-25, nan 
23.625, 89.625, 4.335893861789818e-25, nan 
23.875, 89.625, 3.2307312030884973e-25, nan 
24.125, 89.625, 4.142441429331985e-25, nan 
24.375, 89.625, 3.6199670113227695e-25, nan 
24.625, 89.625, 2.899949952816088e-25, nan 
24.875, 89.625, 3.459582635437463e-25, nan 
25.125, 89.625, 2.956829054568937e-25, nan 
25.375, 89.625, 3.2640345974531633e-25, nan 
25.625, 89.625, 2.0910457746643692e-25, nan 
25.875, 89.625, 3.7449663166922803e-25, nan 
26.125, 89.625, 3.859556149718706e-25, nan 
26.375, 89.625, 3.499615146988448e-25, nan 
26.625, 89.625, 3.556783030180401e-25, nan 
26.875, 89.625, 3.6269178722658875e-25, nan 
27.125, 89.625, 3.303215162991593e-25, nan 
27.375, 89.625, 2.4647396954072273e-25, nan 
27.625, 89.625, 2.559602807419339e-25, nan 
27.875, 89.625, 4.1064462619279724e-25, nan 
28.125, 89.625, 2.1934592856373357e-25, nan 
28.375, 89.625, 1.7255231577796872e-25, nan 
28.625, 89.625, 2.1901058171551985e-25, nan 
28.875, 89.625, 2.977512039710704e-25, nan 
29.125, 89.625, 2.7478755263957544e-25, nan 
29.375, 89.625, 1.8370462139624932e-25, nan 
29.625, 89.625, 2.773015172571408e-25, nan 
29.875, 89.625, 2.4991990552181933e-25, nan 
30.125, 89.625, 3.490420025257329e-25, nan 
30.375, 89.625, 1.921509553616576e-25, nan 
30.625, 89.625, 1.8145997930496068e-25, nan 
30.875, 89.625, 4.104215501804855e-25, nan 
31.125, 89.625, 1.9847959667744897e-25, nan 
31.375, 89.625, 1.48237044279433e-25, nan 
31.625, 89.625, 1.4966128712080157e-25, nan 
31.875, 89.625, 1.8891509762969108e-25, nan 
32.125, 89.625, 1.6659963548961374e-25, nan 
32.375, 89.625, 1.5429914278277424e-25, nan 
32.625, 89.625, 1.6131349293931098e-25, nan 
32.875, 89.625, 1.4719252476641076e-25, nan 
33.125, 89.625, 1.1943454834247546e-25, nan 
33.375, 89.625, 2.1708560882539467e-25, nan 
33.625, 89.625, 2.1131635988855896e-25, nan 
33.875, 89.625, 1.2323485378500546e-25, nan 
34.125, 89.625, 1.4049587981771763e-25, nan 
34.375, 89.625, 1.4795668990638664e-25, nan 
34.625, 89.625, 1.6203956672752583e-25, nan 
34.875, 89.625, 1.7713294298704266e-25, nan 
35.125, 89.625, 1.925464605416904e-25, nan 
35.375, 89.625, 2.300561949883038e-25, nan 
35.625, 89.625, 2.3790547287223897e-25, nan 
35.875, 89.625, 2.5906603528970724e-25, nan 
36.125, 89.625, 2.7945051989816066e-25, nan 
36.375, 89.625, 2.2340604633509534e-25, nan 
36.625, 89.625, 1.8892836938593756e-25, nan 
36.875, 89.625, 1.8809386894213438e-25, nan 
37.125, 89.625, 1.516638631170594e-25, nan 
37.375, 89.625, 1.6564655222561045e-25, nan 
37.625, 89.625, 1.1770944596942357e-25, nan 
37.875, 89.625, 1.540593897952088e-25, nan 
38.125, 89.625, 1.5078595700740197e-25, nan 
38.375, 89.625, 2.3016439346733632e-25, nan 
38.625, 89.625, 1.9468914984724855e-25, nan 
38.875, 89.625, 2.2357102223713247e-25, nan 
39.125, 89.625, 1.670560263568797e-25, nan 
39.375, 89.625, 1.2914128644980947e-25, nan 
39.625, 89.625, 1.6834119371184689e-25, nan 
39.875, 89.625, 1.4523057556483287e-25, nan 
40.125, 89.625, 1.0956280161725744e-25, nan 
40.375, 89.625, 1.2418368016781554e-25, nan 
40.625, 89.625, 1.0806875623555822e-25, nan 
40.875, 89.625, 1.5494124026796055e-25, nan 
41.125, 89.625, 1.1151047601806913e-25, nan 
41.375, 89.625, 1.0400005187589004e-25, nan 
41.625, 89.625, 1.308363259665879e-25, nan 
41.875, 89.625, 1.8811061919932964e-25, nan 
42.125, 89.625, 1.3481009447018127e-25, nan 
42.375, 89.625, 9.483797566543671e-26, nan 
42.625, 89.625, 1.5883859679569027e-25, nan 
42.875, 89.625, 2.1330632913769715e-25, nan 
43.125, 89.625, 2.6001865368004206e-25, nan 
43.375, 89.625, 1.449239119262832e-25, nan 
43.625, 89.625, 1.9816606109689948e-25, nan 
43.875, 89.625, 2.0009003951972468e-25, nan 
44.125, 89.625, 1.2959394936311878e-25, nan 
44.375, 89.625, 1.6871120731574103e-25, nan 
44.625, 89.625, 1.5071148912905308e-25, nan 
44.875, 89.625, 1.2580107861114827e-25, nan 
45.125, 89.625, 1.2636776309853987e-25, nan 
45.375, 89.625, 1.1136063661452625e-25, nan 
45.625, 89.625, 2.4796783775669636e-25, nan 
45.875, 89.625, 1.9268627193583598e-25, nan 
46.125, 89.625, 1.5578325599038596e-25, nan 
46.375, 89.625, 1.2567196277282316e-25, nan 
46.625, 89.625, 1.1356041260513052e-25, nan 
46.875, 89.625, 1.0511584774152658e-25, nan 
47.125, 89.625, 7.929697903803403e-26, nan 
47.375, 89.625, 8.673036571210601e-26, nan 
47.625, 89.625, 1.0665788045603401e-25, nan 
47.875, 89.625, 7.559138502849099e-26, nan 
48.125, 89.625, 1.2498420370002504e-25, nan 
48.375, 89.625, 6.2025438215603e-26, nan 
48.625, 89.625, 8.818823555712718e-26, nan 
48.875, 89.625, 8.73811657148237e-26, nan 
49.125, 89.625, 7.907420800394979e-26, nan 
49.375, 89.625, 9.743162697364631e-26, nan 
49.625, 89.625, 6.90529243906922e-26, nan 
49.875, 89.625, 1.0769471017146351e-25, nan 
50.125, 89.625, 1.056831961942337e-25, nan 
50.375, 89.625, 1.7012562092892822e-25, nan 
50.625, 89.625, 9.719109640820713e-26, nan 
50.875, 89.625, 1.0037526455822787e-25, nan 
51.125, 89.625, 8.578494981103274e-26, nan 
51.375, 89.625, 1.1243356063000944e-25, nan 
51.625, 89.625, 1.0009977775937304e-25, nan 
51.875, 89.625, 1.0431398327565869e-25, nan 
52.125, 89.625, 1.2752185130156575e-25, nan 
52.375, 89.625, 1.1927474265109912e-25, nan 
52.625, 89.625, 9.614561021705026e-26, nan 
52.875, 89.625, 1.133579296333984e-25, nan 
53.125, 89.625, 1.521231346050131e-25, nan 
53.375, 89.625, 1.1576644984960987e-25, nan 
53.625, 89.625, 1.1710448756929347e-25, nan 
53.875, 89.625, 1.2026281018045384e-25, nan 
54.125, 89.625, 1.2324684011480424e-25, nan 
54.375, 89.625, 1.0559524951916656e-25, nan 
54.625, 89.625, 1.5212393478129257e-25, nan 
54.875, 89.625, 2.0901992715586778e-25, nan 
55.125, 89.625, 2.1041678145444106e-25, nan 
55.375, 89.625, 2.0665558483174596e-25, nan 
55.625, 89.625, 2.197918279272591e-25, nan 
55.875, 89.625, 2.130952287117975e-25, nan 
56.125, 89.625, 1.8487321207936047e-25, nan 
56.375, 89.625, 2.140162192496442e-25, nan 
56.625, 89.625, 1.9628310947984436e-25, nan 
56.875, 89.625, 2.1038041421462736e-25, nan 
57.125, 89.625, 1.876915108508385e-25, nan 
57.375, 89.625, 1.7277367666060127e-25, nan 
57.625, 89.625, 1.5921007933932617e-25, nan 
57.875, 89.625, 1.8193026116520092e-25, nan 
58.125, 89.625, 1.7249955630990787e-25, nan 
58.375, 89.625, 1.731448758973071e-25, nan 
58.625, 89.625, 1.5154837958210992e-25, nan 
58.875, 89.625, 1.436794450031565e-25, nan 
59.125, 89.625, 1.3552925572405134e-25, nan 
59.375, 89.625, 1.42933142855603e-25, nan 
59.625, 89.625, 1.487155790245978e-25, nan 
59.875, 89.625, 1.7756540398822547e-25, nan 
60.125, 89.625, 1.6023839532871782e-25, nan 
60.375, 89.625, 1.8130917861705374e-25, nan 
60.625, 89.625, 1.8941412062244877e-25, nan 
60.875, 89.625, 1.7047641285231636e-25, nan 
61.125, 89.625, 1.6422214497475528e-25, nan 
61.375, 89.625, 9.64696824092011e-26, nan 
61.625, 89.625, 1.2705100650216732e-25, nan 
61.875, 89.625, 1.8802478118666174e-25, nan 
62.125, 89.625, 1.6859494766010257e-25, nan 
62.375, 89.625, 9.294300645338251e-26, nan 
62.625, 89.625, 1.7211040924734977e-25, nan 
62.875, 89.625, 1.306884282211264e-25, nan 
63.125, 89.625, 1.6474140540325925e-25, nan 
63.375, 89.625, 1.7493367052907337e-25, nan 
63.625, 89.625, 2.022946193138645e-25, nan 
63.875, 89.625, 1.367313842185213e-25, nan 
64.125, 89.625, 1.863779691132464e-25, nan 
64.375, 89.625, 1.7061288854389333e-25, nan 
64.625, 89.625, 2.0612775467084096e-25, nan 
64.875, 89.625, 1.7725666465956783e-25, nan 
65.125, 89.625, 1.8937928406291232e-25, nan 
65.375, 89.625, 1.9191111449168317e-25, nan 
65.625, 89.625, 1.6546439012865838e-25, nan 
65.875, 89.625, 1.6474371522855146e-25, nan 
66.125, 89.625, 1.1840802954607825e-25, nan 
66.375, 89.625, 1.1721840642242327e-25, nan 
66.625, 89.625, 1.206865394505851e-25, nan 
66.875, 89.625, 1.357573784883024e-25, nan 
67.125, 89.625, 1.2162434993764108e-25, nan 
67.375, 89.625, 1.247492364142578e-25, nan 
67.625, 89.625, 1.1998869670916703e-25, nan 
67.875, 89.625, 1.3620145733511257e-25, nan 
68.125, 89.625, 1.4618993009758461e-25, nan 
68.375, 89.625, 1.5796222111757592e-25, nan 
68.625, 89.625, 1.7555897177565156e-25, nan 
68.875, 89.625, 1.9694812771941902e-25, nan 
69.125, 89.625, 1.995677829412791e-25, nan 
69.375, 89.625, 1.461765462593898e-25, nan 
69.625, 89.625, 1.1135790037519894e-25, nan 
69.875, 89.625, 1.1061857646773848e-25, nan 
70.125, 89.625, 9.397352608072981e-26, nan 
70.375, 89.625, 1.2854926973675069e-25, nan 
70.625, 89.625, 1.0376927264317212e-25, nan 
70.875, 89.625, 1.2520527466153487e-25, nan 
71.125, 89.625, 1.2841135224452844e-25, nan 
71.375, 89.625, 1.2419093710973018e-25, nan 
71.625, 89.625, 1.4541974826239318e-25, nan 
71.875, 89.625, 1.498786810784765e-25, nan 
72.125, 89.625, 1.147711664786146e-25, nan 
72.375, 89.625, 1.1257968724311875e-25, nan 
72.625, 89.625, 1.086276940996407e-25, nan 
72.875, 89.625, 1.3556498188818816e-25, nan 
73.125, 89.625, 1.2947276059795633e-25, nan 
73.375, 89.625, 1.6366039634031196e-25, nan 
73.625, 89.625, 1.6717123802951228e-25, nan 
73.875, 89.625, 1.5936938424198049e-25, nan 
74.125, 89.625, 1.80714095026193e-25, nan 
74.375, 89.625, 1.5718908567032653e-25, nan 
74.625, 89.625, 1.0054437385647052e-25, nan 
74.875, 89.625, 8.316961363282239e-26, nan 
75.125, 89.625, 1.2085094628083975e-25, nan 
75.375, 89.625, 9.622212806450105e-26, nan 
75.625, 89.625, 1.3555505316928812e-25, nan 
75.875, 89.625, 1.0304502356431678e-25, nan 
76.125, 89.625, 1.1104651886389905e-25, nan 
76.375, 89.625, 9.671012116379878e-26, nan 
76.625, 89.625, 1.5767289191971058e-25, nan 
76.875, 89.625, 1.0759360235212295e-25, nan 
77.125, 89.625, 1.232170907677892e-25, nan 
77.375, 89.625, 1.3215666715984637e-25, nan 
77.625, 89.625, 1.2225624283735295e-25, nan 
77.875, 89.625, 1.21466667643875e-25, nan 
78.125, 89.625, 1.1759239850644742e-25, nan 
78.375, 89.625, 1.190128249794639e-25, nan 
78.625, 89.625, 1.4498261100161325e-25, nan 
78.875, 89.625, 1.3793592918426859e-25, nan 
79.125, 89.625, 1.5248379575545202e-25, nan 
79.375, 89.625, 1.4818237388226826e-25, nan 
79.625, 89.625, 1.3054181208922283e-25, nan 
79.875, 89.625, 1.1105753219024355e-25, nan 
80.125, 89.625, 1.4376025903479765e-25, nan 
80.375, 89.625, 1.2632333339400556e-25, nan 
80.625, 89.625, 1.3376107562401245e-25, nan 
80.875, 89.625, 1.312767894500392e-25, nan 
81.125, 89.625, 1.3027911975134831e-25, nan 
81.375, 89.625, 1.1525813051975027e-25, nan 
81.625, 89.625, 1.2332080902259929e-25, nan 
81.875, 89.625, 9.530642962253069e-26, nan 
82.125, 89.625, 9.761077717134146e-26, nan 
82.375, 89.625, 1.1049651222102844e-25, nan 
82.625, 89.625, 1.2122414586033233e-25, nan 
82.875, 89.625, 1.0096034245726643e-25, nan 
83.125, 89.625, 1.0890014928205038e-25, nan 
83.375, 89.625, 8.95922392576305e-26, nan 
83.625, 89.625, 9.255707189758354e-26, nan 
83.875, 89.625, 8.777948522498788e-26, nan 
84.125, 89.625, 8.8764263828835e-26, nan 
84.375, 89.625, 1.1531094796397333e-25, nan 
84.625, 89.625, 1.0159317304076828e-25, nan 
84.875, 89.625, 8.352581043432567e-26, nan 
85.125, 89.625, 9.545843952953542e-26, nan 
85.375, 89.625, 1.0149260458650648e-25, nan 
85.625, 89.625, 8.75382535058682e-26, nan 
85.875, 89.625, 1.00888515376197e-25, nan 
86.125, 89.625, 1.1244133469150323e-25, nan 
86.375, 89.625, 1.16479336188502e-25, nan 
86.625, 89.625, 1.237163413664619e-25, nan 
86.875, 89.625, 1.0033309407209388e-25, nan 
87.125, 89.625, 9.150074348777724e-26, nan 
87.375, 89.625, 9.577399095213934e-26, nan 
87.625, 89.625, 1.1875956396345656e-25, nan 
87.875, 89.625, 1.3327746809889883e-25, nan 
88.125, 89.625, 1.1440645212438395e-25, nan 
88.375, 89.625, 1.07120696276312e-25, nan 
88.625, 89.625, 9.319888081896041e-26, nan 
88.875, 89.625, 9.557815674857193e-26, nan 
89.125, 89.625, 1.0341920764490007e-25, nan 
89.375, 89.625, 9.993143027856494e-26, nan 
89.625, 89.625, 9.352511264392454e-26, nan 
89.875, 89.625, 8.574029280056272e-26, nan 
90.125, 89.625, 8.872465923197842e-26, nan 
90.375, 89.625, 9.528960111423237e-26, nan 
90.625, 89.625, 9.428442708388558e-26, nan 
90.875, 89.625, 9.088768519040947e-26, nan 
91.125, 89.625, 9.304801028253961e-26, nan 
91.375, 89.625, 9.559305240857437e-26, nan 
91.625, 89.625, 8.347783203328691e-26, nan 
91.875, 89.625, 9.326784835133463e-26, nan 
92.125, 89.625, 9.619759184504687e-26, nan 
92.375, 89.625, 9.363611375154382e-26, nan 
92.625, 89.625, 9.629738722927751e-26, nan 
92.875, 89.625, 1.0145400654839074e-25, nan 
93.125, 89.625, 1.0942121155496423e-25, nan 
93.375, 89.625, 1.1406033477425923e-25, nan 
93.625, 89.625, 1.033626072669549e-25, nan 
93.875, 89.625, 8.046624654068292e-26, nan 
94.125, 89.625, 7.977343933611014e-26, nan 
94.375, 89.625, 7.942817147497222e-26, nan 
94.625, 89.625, 7.992146479282758e-26, nan 
94.875, 89.625, 1.04496145176211e-25, nan 
95.125, 89.625, 9.631963573823632e-26, nan 
95.375, 89.625, 1.0435090702895319e-25, nan 
95.625, 89.625, 8.765530634487807e-26, nan 
95.875, 89.625, 8.675327164820114e-26, nan 
96.125, 89.625, 9.46094553528865e-26, nan 
96.375, 89.625, 9.722151893831852e-26, nan 
96.625, 89.625, 9.347384386097893e-26, nan 
96.875, 89.625, 9.689180644270513e-26, nan 
97.125, 89.625, 1.0678519839898769e-25, nan 
97.375, 89.625, 9.343091022553783e-26, nan 
97.625, 89.625, 1.1436519148134322e-25, nan 
97.875, 89.625, 1.0173013566679643e-25, nan 
98.125, 89.625, 8.746147383142059e-26, nan 
98.375, 89.625, 1.0409850569958943e-25, nan 
98.625, 89.625, 1.18833705154818e-25, nan 
98.875, 89.625, 1.069990650418451e-25, nan 
99.125, 89.625, 1.0729166521488972e-25, nan 
99.375, 89.625, 1.2181381199499688e-25, nan 
99.625, 89.625, 8.989932659781884e-26, nan 
99.875, 89.625, 1.0381003972807133e-25, nan 
100.125, 89.625, 1.0376872647581787e-25, nan 
100.375, 89.625, 1.0074470958537135e-25, nan 
100.625, 89.625, 7.487432376253676e-26, nan 
100.875, 89.625, 1.101000467430576e-25, nan 
101.125, 89.625, 1.0589437658338267e-25, nan 
101.375, 89.625, 1.134286271494852e-25, nan 
101.625, 89.625, 1.1238167847075266e-25, nan 
101.875, 89.625, 1.2126117824199435e-25, nan 
102.125, 89.625, 1.2650187386466107e-25, nan 
102.375, 89.625, 1.4064450341828782e-25, nan 
102.625, 89.625, 1.0622522349252367e-25, nan 
102.875, 89.625, 1.4257872468576911e-25, nan 
103.125, 89.625, 1.0743764871449562e-25, nan 
103.375, 89.625, 1.2367255064099012e-25, nan 
103.625, 89.625, 1.212290766205588e-25, nan 
103.875, 89.625, 1.3272302636466992e-25, nan 
104.125, 89.625, 1.3828981573196583e-25, nan 
104.375, 89.625, 9.487921906088167e-26, nan 
104.625, 89.625, 8.381452831262611e-26, nan 
104.875, 89.625, 7.03581188731368e-26, nan 
105.125, 89.625, 6.490168821473753e-26, nan 
105.375, 89.625, 8.803492859741e-26, nan 
105.625, 89.625, 1.0214411940565337e-25, nan 
105.875, 89.625, 1.0122650086409795e-25, nan 
106.125, 89.625, 1.0198414478138423e-25, nan 
106.375, 89.625, 9.152206714185283e-26, nan 
106.625, 89.625, 1.1311519497758092e-25, nan 
106.875, 89.625, 1.1865984776728914e-25, nan 
107.125, 89.625, 1.1589500837069176e-25, nan 
107.375, 89.625, 1.2829350685778832e-25, nan 
107.625, 89.625, 1.0367647555480008e-25, nan 
107.875, 89.625, 6.942258051015951e-26, nan 
108.125, 89.625, 7.098094657842453e-26, nan 
108.375, 89.625, 6.888672973520531e-26, nan 
108.625, 89.625, 6.120500808164645e-26, nan 
108.875, 89.625, 8.170238378277835e-26, nan 
109.125, 89.625, 9.154266658085237e-26, nan 
109.375, 89.625, 6.768257256900786e-26, nan 
109.625, 89.625, 7.103255406633802e-26, nan 
109.875, 89.625, 6.903613211431551e-26, nan 
110.125, 89.625, 7.652245025055128e-26, nan 
110.375, 89.625, 6.531351356172816e-26, nan 
110.625, 89.625, 7.471422085401207e-26, nan 
110.875, 89.625, 7.183267363403403e-26, nan 
111.125, 89.625, 6.05685749755495e-26, nan 
111.375, 89.625, 6.12899982840456e-26, nan 
111.625, 89.625, 8.231927870235341e-26, nan 
111.875, 89.625, 4.911021240165727e-26, nan 
112.125, 89.625, 5.503449519213997e-26, nan 
112.375, 89.625, 4.384098546944222e-26, nan 
112.625, 89.625, 7.013838707023262e-26, nan 
112.875, 89.625, 7.019543870213001e-26, nan 
113.125, 89.625, 5.995456279699948e-26, nan 
113.375, 89.625, 5.58747213261589e-26, nan 
113.625, 89.625, 7.288661453315263e-26, nan 
113.875, 89.625, 6.342997657583508e-26, nan 
114.125, 89.625, 9.037610622831207e-26, nan 
114.375, 89.625, 8.059348501093077e-26, nan 
114.625, 89.625, 6.813265028612045e-26, nan 
114.875, 89.625, 6.514376424497522e-26, nan 
115.125, 89.625, 8.576669905609651e-26, nan 
115.375, 89.625, 9.651226481873671e-26, nan 
115.625, 89.625, 8.040213618266177e-26, nan 
115.875, 89.625, 8.586172457049669e-26, nan 
116.125, 89.625, 7.10425144347001e-26, nan 
116.375, 89.625, 1.1343127881226095e-25, nan 
116.625, 89.625, 6.770811023714301e-26, nan 
116.875, 89.625, 8.822578684626569e-26, nan 
117.125, 89.625, 8.729121647456102e-26, nan 
117.375, 89.625, 9.297655151584873e-26, nan 
117.625, 89.625, 1.1624267857409096e-25, nan 
117.875, 89.625, 9.450384178593814e-26, nan 
118.125, 89.625, 7.18777064940122e-26, nan 
118.375, 89.625, 8.778855296933204e-26, nan 
118.625, 89.625, 8.53111668203152e-26, nan 
118.875, 89.625, 8.664274792042281e-26, nan 
119.125, 89.625, 8.262060781435421e-26, nan 
119.375, 89.625, 8.948560795455259e-26, nan 
119.625, 89.625, 8.288151208911806e-26, nan 
119.875, 89.625, 8.05632314363251e-26, nan 
120.125, 89.625, 8.182904905361974e-26, nan 
120.375, 89.625, 8.94791207031714e-26, nan 
120.625, 89.625, 8.063190290913453e-26, nan 
120.875, 89.625, 8.253739299437133e-26, nan 
121.125, 89.625, 8.265536509296856e-26, nan 
121.375, 89.625, 8.259696029202852e-26, nan 
121.625, 89.625, 8.632787657189164e-26, nan 
121.875, 89.625, 8.909698621070776e-26, nan 
122.125, 89.625, 8.32170722239025e-26, nan 
122.375, 89.625, 7.950535993974668e-26, nan 
122.625, 89.625, 7.572451640730066e-26, nan 
122.875, 89.625, 7.911568477007566e-26, nan 
123.125, 89.625, 7.27100869409627e-26, nan 
123.375, 89.625, 7.955574586847983e-26, nan 
123.625, 89.625, 8.482004054653922e-26, nan 
123.875, 89.625, 7.793551449082943e-26, nan 
124.125, 89.625, 9.421307900790743e-26, nan 
124.375, 89.625, 8.965051779034457e-26, nan 
124.625, 89.625, 9.205737649757067e-26, nan 
124.875, 89.625, 1.0568771004163309e-25, nan 
125.125, 89.625, 9.04941568842317e-26, nan 
125.375, 89.625, 9.203644384471961e-26, nan 
125.625, 89.625, 8.260454026063759e-26, nan 
125.875, 89.625, 9.336248543705438e-26, nan 
126.125, 89.625, 9.54145873984751e-26, nan 
126.375, 89.625, 1.0153302703020862e-25, nan 
126.625, 89.625, 8.990267709565827e-26, nan 
126.875, 89.625, 8.391470699613874e-26, nan 
127.125, 89.625, 9.040493185923298e-26, nan 
127.375, 89.625, 7.762781960218848e-26, nan 
127.625, 89.625, 6.665800233006577e-26, nan 
127.875, 89.625, 6.363755093237694e-26, nan 
128.125, 89.625, 5.1381692321037046e-26, nan 
128.375, 89.625, 4.8990917086667925e-26, nan 
128.625, 89.625, 4.969506868374942e-26, nan 
128.875, 89.625, 6.775012061757389e-26, nan 
129.125, 89.625, 6.685146092894759e-26, nan 
129.375, 89.625, 7.51192498067009e-26, nan 
129.625, 89.625, 5.516787937489468e-26, nan 
129.875, 89.625, 5.418926951969058e-26, nan 
130.125, 89.625, 6.117866005145911e-26, nan 
130.375, 89.625, 4.369558736964513e-26, nan 
130.625, 89.625, 4.9062694408401344e-26, nan 
130.875, 89.625, 6.009500993309027e-26, nan 
131.125, 89.625, 6.667132108857221e-26, nan 
131.375, 89.625, 7.122362518563262e-26, nan 
131.625, 89.625, 2.612544752988802e-26, nan 
131.875, 89.625, 6.763298680563189e-26, nan 
132.125, 89.625, 3.5645464635910194e-26, nan 
132.375, 89.625, 4.392726458351432e-26, nan 
132.625, 89.625, 5.921423302031068e-26, nan 
132.875, 89.625, 6.703766793479967e-26, nan 
133.125, 89.625, 8.735360929366949e-26, nan 
133.375, 89.625, 6.489762857328423e-26, nan 
133.625, 89.625, 5.845194673192355e-26, nan 
133.875, 89.625, 6.071502050826216e-26, nan 
134.125, 89.625, 5.857251808449753e-26, nan 
134.375, 89.625, 6.789993650093564e-26, nan 
134.625, 89.625, 7.14135639739871e-26, nan 
134.875, 89.625, 9.160241189772823e-26, nan 
135.125, 89.625, 6.638835652645951e-26, nan 
135.375, 89.625, 5.590731978456368e-26, nan 
135.625, 89.625, 7.203489846306128e-26, nan 
135.875, 89.625, 8.934273485975559e-26, nan 
136.125, 89.625, 6.138544784164557e-26, nan 
136.375, 89.625, 5.76107816283783e-26, nan 
136.625, 89.625, 8.140178625895569e-26, nan 
136.875, 89.625, 6.254952693632265e-26, nan 
137.125, 89.625, 7.727187476993625e-26, nan 
137.375, 89.625, 5.525078334847149e-26, nan 
137.625, 89.625, 6.372488763373422e-26, nan 
137.875, 89.625, 6.473623363473511e-26, nan 
138.125, 89.625, 6.8205153483258e-26, nan 
138.375, 89.625, 2.5800092882333802e-26, nan 
138.625, 89.625, 3.437524124565187e-26, nan 
138.875, 89.625, 1.2577906115501673e-25, nan 
139.125, 89.625, 9.824347739078128e-26, nan 
139.375, 89.625, 1.5941748813329957e-25, nan 
139.625, 89.625, 8.512942556094795e-26, nan 
139.875, 89.625, 8.799837998629644e-26, nan 
140.125, 89.625, 8.727712299118979e-26, nan 
140.375, 89.625, 9.102749151628204e-26, nan 
140.625, 89.625, 4.020195569250841e-26, nan 
140.875, 89.625, 7.950340116258357e-26, nan 
141.125, 89.625, 3.035433096182813e-26, nan 
141.375, 89.625, 9.568795667681566e-26, nan 
141.625, 89.625, 6.325278953705626e-26, nan 
141.875, 89.625, 7.326222832941571e-26, nan 
142.125, 89.625, 5.187315670245433e-26, nan 
142.375, 89.625, 9.575334120065634e-26, nan 
142.625, 89.625, 7.01749899758393e-26, nan 
142.875, 89.625, 8.425708310062908e-26, nan 
143.125, 89.625, 7.904111599191257e-26, nan 
143.375, 89.625, 3.803214603706434e-26, nan 
143.625, 89.625, 8.129306709989354e-26, nan 
143.875, 89.625, 5.821723721527204e-26, nan 
144.125, 89.625, 8.582108254930058e-26, nan 
144.375, 89.625, 8.117452767352143e-26, nan 
144.625, 89.625, 9.056974227445002e-26, nan 
144.875, 89.625, 9.878067143659885e-26, nan 
145.125, 89.625, 8.516739116877229e-26, nan 
145.375, 89.625, 7.986235145231827e-26, nan 
145.625, 89.625, 1.2277392960743951e-25, nan 
145.875, 89.625, 6.357764575439301e-26, nan 
146.125, 89.625, 8.469517246141175e-26, nan 
146.375, 89.625, 4.8318143042030526e-26, nan 
146.625, 89.625, 5.441680277117908e-26, nan 
146.875, 89.625, 2.148990684175147e-26, nan 
147.125, 89.625, 7.278648663537424e-26, nan 
147.375, 89.625, 3.373850888261116e-26, nan 
147.625, 89.625, 7.930086507891654e-26, nan 
147.875, 89.625, 4.997907324886857e-26, nan 
148.125, 89.625, 6.678889943715261e-26, nan 
148.375, 89.625, 6.546174066615709e-26, nan 
148.625, 89.625, 7.425593090755969e-26, nan 
148.875, 89.625, 8.297766144730346e-26, nan 
149.125, 89.625, 1.0345865597243894e-25, nan 
149.375, 89.625, 1.1881584343718733e-25, nan 
149.625, 89.625, 1.1012601246776125e-25, nan 
149.875, 89.625, 1.690514795424407e-25, nan 
150.125, 89.625, 8.390581795735615e-26, nan 
150.375, 89.625, 1.3448038900801369e-25, nan 
150.625, 89.625, 8.372505253285213e-26, nan 
150.875, 89.625, 1.178435117837175e-25, nan 
151.125, 89.625, 1.1970894238063176e-25, nan 
151.375, 89.625, 1.3705678156184427e-25, nan 
151.625, 89.625, 1.4144931025437955e-25, nan 
151.875, 89.625, 1.1817401727290187e-25, nan 
152.125, 89.625, 8.829584169747449e-26, nan 
152.375, 89.625, 1.4346144646345956e-25, nan 
152.625, 89.625, 1.153392926232862e-25, nan 
152.875, 89.625, 1.9237572097220833e-25, nan 
153.125, 89.625, 1.1774551013483206e-25, nan 
153.375, 89.625, 1.2852273145348677e-25, nan 
153.625, 89.625, 1.4317233062267807e-25, nan 
153.875, 89.625, 1.2128420916019702e-25, nan 
154.125, 89.625, 2.079934405811959e-25, nan 
154.375, 89.625, 1.8470573211356563e-25, nan 
154.625, 89.625, 1.5195824851954278e-25, nan 
154.875, 89.625, 1.6010814727719673e-25, nan 
155.125, 89.625, 1.4545473778446068e-25, nan 
155.375, 89.625, 3.5559456074672205e-26, nan 
155.625, 89.625, 5.607502508595133e-26, nan 
155.875, 89.625, 1.2214476354022082e-25, nan 
156.125, 89.625, 1.7106517877817028e-25, nan 
156.375, 89.625, 8.615181237884624e-26, nan 
156.625, 89.625, 7.71432624623126e-26, nan 
156.875, 89.625, 8.903708408758151e-26, nan 
157.125, 89.625, 1.1043828190897627e-25, nan 
157.375, 89.625, 9.071290849284977e-26, nan 
157.625, 89.625, 1.1387946796226643e-25, nan 
157.875, 89.625, 1.2263599418728486e-25, nan 
158.125, 89.625, 9.230566226571605e-26, nan 
158.375, 89.625, 9.759324746433253e-26, nan 
158.625, 89.625, 1.137769861064688e-25, nan 
158.875, 89.625, 8.725819942756812e-26, nan 
159.125, 89.625, 9.655324935695512e-26, nan 
159.375, 89.625, 1.4933964171906627e-25, nan 
159.625, 89.625, 1.0840990549751209e-25, nan 
159.875, 89.625, 1.1882586259522035e-25, nan 
160.125, 89.625, 1.0499072779918607e-25, nan 
160.375, 89.625, 1.0844910660008893e-25, nan 
160.625, 89.625, 1.2063496909786232e-25, nan 
160.875, 89.625, 1.2117093656979592e-25, nan 
161.125, 89.625, 9.006303667418382e-26, nan 
161.375, 89.625, 1.0803717235801425e-25, nan 
161.625, 89.625, 1.2838535444072446e-25, nan 
161.875, 89.625, 1.0429047248986847e-25, nan 
162.125, 89.625, 1.2238841561567861e-25, nan 
162.375, 89.625, 1.1614294390975052e-25, nan 
162.625, 89.625, 1.1961429759161357e-25, nan 
162.875, 89.625, 1.2349896330939864e-25, nan 
163.125, 89.625, 1.3243787183175386e-25, nan 
163.375, 89.625, 9.858605506018391e-26, nan 
163.625, 89.625, 1.2163145658739394e-25, nan 
163.875, 89.625, 1.0901310736187522e-25, nan 
164.125, 89.625, 1.2717822377453544e-25, nan 
164.375, 89.625, 1.988467195659756e-25, nan 
164.625, 89.625, 1.0334168259470331e-25, nan 
164.875, 89.625, 1.0936179970580995e-25, nan 
165.125, 89.625, 1.0921942868840706e-25, nan 
165.375, 89.625, 1.2914223935568533e-25, nan 
165.625, 89.625, 7.526947805416143e-26, nan 
165.875, 89.625, 1.0463281853649635e-25, nan 
166.125, 89.625, 1.1273520500590645e-25, nan 
166.375, 89.625, 9.794986892901372e-26, nan 
166.625, 89.625, 1.6265657576602125e-25, nan 
166.875, 89.625, 1.0858009611397463e-25, nan 
167.125, 89.625, 1.0605544926295941e-25, nan 
167.375, 89.625, 1.0230224937374685e-25, nan 
167.625, 89.625, 8.936131899590012e-26, nan 
167.875, 89.625, 1.0080316618344037e-25, nan 
168.125, 89.625, 7.791779276337278e-26, nan 
168.375, 89.625, 2.818166215054044e-26, nan 
168.625, 89.625, 9.259536936415106e-26, nan 
168.875, 89.625, 6.579751993945547e-26, nan 
169.125, 89.625, 8.354575019605716e-26, nan 
169.375, 89.625, 1.2244237213215848e-25, nan 
169.625, 89.625, 9.803166714523426e-26, nan 
169.875, 89.625, 7.736682081704306e-26, nan 
170.125, 89.625, 8.699296877445536e-26, nan 
170.375, 89.625, 9.031283881349611e-26, nan 
170.625, 89.625, 1.1214011407720963e-25, nan 
170.875, 89.625, 1.4192362288536459e-25, nan 
171.125, 89.625, 1.350667329226711e-25, nan 
171.375, 89.625, 1.5941283544658383e-25, nan 
171.625, 89.625, 9.085729955621137e-26, nan 
171.875, 89.625, 1.2484778982812544e-25, nan 
172.125, 89.625, 1.0289834002700842e-25, nan 
172.375, 89.625, 1.0930877516505784e-25, nan 
172.625, 89.625, 1.5364567574867248e-25, nan 
172.875, 89.625, 1.2788520460835824e-25, nan 
173.125, 89.625, 1.2353223663775795e-25, nan 
173.375, 89.625, 1.1241765311308489e-25, nan 
173.625, 89.625, 9.98320030824388e-26, nan 
173.875, 89.625, 1.1217070488687365e-25, nan 
174.125, 89.625, 1.1285529957095216e-25, nan 
174.375, 89.625, 8.999008080309231e-26, nan 
174.625, 89.625, 1.119614308703278e-25, nan 
174.875, 89.625, 1.1305910099235542e-25, nan 
175.125, 89.625, 8.717613210680812e-26, nan 
175.375, 89.625, 1.1456103592726102e-25, nan 
175.625, 89.625, 1.0790434672140336e-25, nan 
175.875, 89.625, 1.1614884938217345e-25, nan 
176.125, 89.625, 1.1452789613104734e-25, nan 
176.375, 89.625, 1.1732134708826931e-25, nan 
176.625, 89.625, 1.214255435276708e-25, nan 
176.875, 89.625, 1.1767994386677749e-25, nan 
177.125, 89.625, 1.2219103474458452e-25, nan 
177.375, 89.625, 1.1331732633174012e-25, nan 
177.625, 89.625, 1.1929746273986663e-25, nan 
177.875, 89.625, 1.166198946042964e-25, nan 
178.125, 89.625, 1.2709015062798054e-25, nan 
178.375, 89.625, 1.132960208367691e-25, nan 
178.625, 89.625, 1.1862914716944925e-25, nan 
178.875, 89.625, 1.3632816674910584e-25, nan 
179.125, 89.625, 1.2983207279134903e-25, nan 
179.375, 89.625, 1.1672747905801653e-25, nan 
179.625, 89.625, 1.3797534284237626e-25, nan 
179.875, 89.625, 1.5134838516341216e-25, nan 
-179.875, 89.875, 3.817397797782836e-26, nan 
-179.625, 89.875, 3.9243295546146743e-26, nan 
-179.375, 89.875, 4.759194243580635e-26, nan 
-179.125, 89.875, 4.642650970055267e-26, nan 
-178.875, 89.875, 4.1431976155050154e-26, nan 
-178.625, 89.875, 3.425112529193006e-26, nan 
-178.375, 89.875, 2.543041727854677e-26, nan 
-178.125, 89.875, 3.491495813267958e-26, nan 
-177.875, 89.875, 3.363823217097348e-26, nan 
-177.625, 89.875, 4.776828030814719e-26, nan 
-177.375, 89.875, 4.03016794977098e-26, nan 
-177.125, 89.875, 2.3069428208907528e-26, nan 
-176.875, 89.875, 2.679613052471734e-26, nan 
-176.625, 89.875, 3.0571279266543844e-26, nan 
-176.375, 89.875, 2.9906238687929615e-26, nan 
-176.125, 89.875, 2.3148494780630307e-26, nan 
-175.875, 89.875, 2.131526614950653e-26, nan 
-175.625, 89.875, 2.8172467551196564e-26, nan 
-175.375, 89.875, 3.748433118584441e-26, nan 
-175.125, 89.875, 4.193417448619885e-26, nan 
-174.875, 89.875, 2.6626182309016556e-26, nan 
-174.625, 89.875, 4.837611229793305e-26, nan 
-174.375, 89.875, 4.067883524591963e-26, nan 
-174.125, 89.875, 4.325652668357318e-26, nan 
-173.875, 89.875, 3.376817459207954e-26, nan 
-173.625, 89.875, 4.0518532077344316e-26, nan 
-173.375, 89.875, 3.6696173143715036e-26, nan 
-173.125, 89.875, 3.6495657325364325e-26, nan 
-172.875, 89.875, 3.796874951746825e-26, nan 
-172.625, 89.875, 4.0454290611745435e-26, nan 
-172.375, 89.875, 2.9615073228279393e-26, nan 
-172.125, 89.875, 3.9363496973518664e-26, nan 
-171.875, 89.875, 3.8011074835728153e-26, nan 
-171.625, 89.875, 2.828974204729753e-26, nan 
-171.375, 89.875, 3.401500003008131e-26, nan 
-171.125, 89.875, 3.051579123746723e-26, nan 
-170.875, 89.875, 3.31765007246516e-26, nan 
-170.625, 89.875, 3.383620799138132e-26, nan 
-170.375, 89.875, 2.3250942497185714e-26, nan 
-170.125, 89.875, 1.151799422333429e-26, nan 
-169.875, 89.875, 2.8580406943980593e-26, nan 
-169.625, 89.875, 1.9084156907321812e-26, nan 
-169.375, 89.875, 3.360123041629187e-26, nan 
-169.125, 89.875, 3.625895091771693e-26, nan 
-168.875, 89.875, 3.564893144409972e-26, nan 
-168.625, 89.875, 2.2761091417704045e-26, nan 
-168.375, 89.875, 4.381667019681109e-26, nan 
-168.125, 89.875, 3.1050095799859797e-26, nan 
-167.875, 89.875, 2.446266318700949e-26, nan 
-167.625, 89.875, 2.1865026717472353e-26, nan 
-167.375, 89.875, 1.8827854630057928e-26, nan 
-167.125, 89.875, 2.7549374243350203e-26, nan 
-166.875, 89.875, 3.9856575070612845e-26, nan 
-166.625, 89.875, 3.718152005792771e-26, nan 
-166.375, 89.875, 2.776190247616583e-26, nan 
-166.125, 89.875, 2.005504367042528e-26, nan 
-165.875, 89.875, 3.648761345310528e-26, nan 
-165.625, 89.875, 3.766951917194043e-26, nan 
-165.375, 89.875, 3.3242288635422035e-26, nan 
-165.125, 89.875, 2.0838821273154383e-26, nan 
-164.875, 89.875, 9.658206308265568e-27, nan 
-164.625, 89.875, 3.3082744487495086e-26, nan 
-164.375, 89.875, 2.903826718589207e-26, nan 
-164.125, 89.875, 2.813560884432985e-26, nan 
-163.875, 89.875, 3.588261606321424e-26, nan 
-163.625, 89.875, 2.957264976718789e-26, nan 
-163.375, 89.875, 3.443536756604146e-26, nan 
-163.125, 89.875, 3.3476879783981057e-26, nan 
-162.875, 89.875, 2.9116142267844743e-26, nan 
-162.625, 89.875, 2.5058267485765108e-26, nan 
-162.375, 89.875, 3.6401897876400454e-26, nan 
-162.125, 89.875, 2.966312083278419e-26, nan 
-161.875, 89.875, 4.2006204020627165e-26, nan 
-161.625, 89.875, 4.3205174879775913e-26, nan 
-161.375, 89.875, 4.4131774118827434e-26, nan 
-161.125, 89.875, 3.61612791436374e-26, nan 
-160.875, 89.875, 2.1154970112515236e-26, nan 
-160.625, 89.875, 2.959029818574402e-26, nan 
-160.375, 89.875, 3.892791689622678e-26, nan 
-160.125, 89.875, 2.885122873808092e-26, nan 
-159.875, 89.875, 2.933961615674681e-26, nan 
-159.625, 89.875, 3.652273791631449e-26, nan 
-159.375, 89.875, 2.064425496606446e-26, nan 
-159.125, 89.875, 3.365825519431178e-26, nan 
-158.875, 89.875, 3.948775421804005e-26, nan 
-158.625, 89.875, 3.44820620352095e-26, nan 
-158.375, 89.875, 4.10365241787215e-26, nan 
-158.125, 89.875, 2.704821610974542e-26, nan 
-157.875, 89.875, 4.344445441865775e-26, nan 
-157.625, 89.875, 3.655396430079863e-26, nan 
-157.375, 89.875, 4.6511351068552456e-26, nan 
-157.125, 89.875, 3.53416165449041e-26, nan 
-156.875, 89.875, 2.5183383820595658e-26, nan 
-156.625, 89.875, 4.773941079787776e-26, nan 
-156.375, 89.875, 5.683452299485971e-26, nan 
-156.125, 89.875, 4.46752552145906e-26, nan 
-155.875, 89.875, 3.74402429991792e-26, nan 
-155.625, 89.875, 4.4985397650700355e-26, nan 
-155.375, 89.875, 5.495996951389991e-26, nan 
-155.125, 89.875, 4.928324216939949e-26, nan 
-154.875, 89.875, 4.8010915621609695e-26, nan 
-154.625, 89.875, 2.4276637603376882e-26, nan 
-154.375, 89.875, 5.152374428352288e-26, nan 
-154.125, 89.875, 3.366840638625511e-26, nan 
-153.875, 89.875, 3.6867604052633376e-26, nan 
-153.625, 89.875, 4.2566167308889096e-26, nan 
-153.375, 89.875, 4.2801623773782636e-26, nan 
-153.125, 89.875, 5.527771795515293e-26, nan 
-152.875, 89.875, 5.364498234862378e-26, nan 
-152.625, 89.875, 4.101898359270778e-26, nan 
-152.375, 89.875, 4.058362816712719e-26, nan 
-152.125, 89.875, 4.2247918145563526e-26, nan 
-151.875, 89.875, 2.9138376701279015e-26, nan 
-151.625, 89.875, 4.342531278239123e-26, nan 
-151.375, 89.875, 3.238346584922547e-26, nan 
-151.125, 89.875, 2.8172030061394146e-26, nan 
-150.875, 89.875, 4.3414607483423235e-26, nan 
-150.625, 89.875, 5.084728412159857e-26, nan 
-150.375, 89.875, 3.4562188928752125e-26, nan 
-150.125, 89.875, 4.465120732016087e-26, nan 
-149.875, 89.875, 2.8511170824247745e-26, nan 
-149.625, 89.875, 2.7935723956353635e-26, nan 
-149.375, 89.875, 3.325754760531036e-26, nan 
-149.125, 89.875, 3.922057680890638e-26, nan 
-148.875, 89.875, 3.14069664669643e-26, nan 
-148.625, 89.875, 3.3434462253481093e-26, nan 
-148.375, 89.875, 3.5501220044687703e-26, nan 
-148.125, 89.875, 4.9621266126389944e-26, nan 
-147.875, 89.875, 3.566120515510987e-26, nan 
-147.625, 89.875, 2.1484053126010724e-26, nan 
-147.375, 89.875, 5.359705625151298e-26, nan 
-147.125, 89.875, 5.024403900924442e-26, nan 
-146.875, 89.875, 2.290493448437091e-26, nan 
-146.625, 89.875, 1.4630622790130233e-26, nan 
-146.375, 89.875, 3.075028584074955e-26, nan 
-146.125, 89.875, 2.959692111804106e-26, nan 
-145.875, 89.875, 2.4694575857658236e-26, nan 
-145.625, 89.875, 3.418520648064644e-26, nan 
-145.375, 89.875, 2.2074176621241777e-26, nan 
-145.125, 89.875, 5.101383182409279e-26, nan 
-144.875, 89.875, 6.176107922992588e-26, nan 
-144.625, 89.875, 3.904473658825868e-26, nan 
-144.375, 89.875, 3.4563152066127216e-26, nan 
-144.125, 89.875, 2.5033661434350668e-26, nan 
-143.875, 89.875, 2.899576694207113e-26, nan 
-143.625, 89.875, 3.957508360184677e-26, nan 
-143.375, 89.875, 2.0255160490856513e-26, nan 
-143.125, 89.875, 4.1792554963466016e-26, nan 
-142.875, 89.875, 2.1631257145107312e-26, nan 
-142.625, 89.875, 3.998470787955228e-26, nan 
-142.375, 89.875, 4.161308674227856e-26, nan 
-142.125, 89.875, 3.1411963628067723e-26, nan 
-141.875, 89.875, 5.996665820901117e-26, nan 
-141.625, 89.875, 5.55403271082201e-26, nan 
-141.375, 89.875, 2.713414472931781e-26, nan 
-141.125, 89.875, 1.864024913346885e-26, nan 
-140.875, 89.875, 4.6663349518904004e-26, nan 
-140.625, 89.875, 4.7619678743269654e-26, nan 
-140.375, 89.875, 2.04854879789426e-26, nan 
-140.125, 89.875, 6.150218548407284e-26, nan 
-139.875, 89.875, 3.567892260623182e-26, nan 
-139.625, 89.875, 6.632055925374207e-26, nan 
-139.375, 89.875, 6.243681428587809e-26, nan 
-139.125, 89.875, 2.950739554135599e-26, nan 
-138.875, 89.875, 2.7628504351817783e-26, nan 
-138.625, 89.875, 3.3203163360443396e-26, nan 
-138.375, 89.875, 3.961603436491372e-26, nan 
-138.125, 89.875, 7.780264506348665e-26, nan 
-137.875, 89.875, 1.105925971535937e-25, nan 
-137.625, 89.875, 1.2369234121416254e-25, nan 
-137.375, 89.875, 1.16476667731486e-25, nan 
-137.125, 89.875, 7.715725775270381e-26, nan 
-136.875, 89.875, 2.5090408476532145e-26, nan 
-136.625, 89.875, 3.3661136930685876e-26, nan 
-136.375, 89.875, 3.928306225631661e-26, nan 
-136.125, 89.875, 2.0191765505692858e-26, nan 
-135.875, 89.875, 5.311146642743088e-26, nan 
-135.625, 89.875, 5.762928689439386e-26, nan 
-135.375, 89.875, 3.656843797612519e-26, nan 
-135.125, 89.875, 2.794780864158973e-26, nan 
-134.875, 89.875, 2.3695114553323282e-26, nan 
-134.625, 89.875, 2.3219413970881135e-26, nan 
-134.375, 89.875, 8.256830499037586e-27, nan 
-134.125, 89.875, 1.6745037542567945e-26, nan 
-133.875, 89.875, 3.176192792703302e-26, nan 
-133.625, 89.875, 4.193499107570379e-26, nan 
-133.375, 89.875, 1.2953263883826037e-26, nan 
-133.125, 89.875, 4.059294131725879e-26, nan 
-132.875, 89.875, 3.128576259357365e-26, nan 
-132.625, 89.875, 3.8705693371348325e-26, nan 
-132.375, 89.875, 3.415874032558066e-26, nan 
-132.125, 89.875, 3.349798087712701e-26, nan 
-131.875, 89.875, 3.202731565140116e-26, nan 
-131.625, 89.875, 3.322410314254081e-26, nan 
-131.375, 89.875, 3.63561463328571e-26, nan 
-131.125, 89.875, 3.2242734684012256e-26, nan 
-130.875, 89.875, 2.941204388247393e-26, nan 
-130.625, 89.875, 3.761896730421941e-26, nan 
-130.375, 89.875, 3.591540725142485e-26, nan 
-130.125, 89.875, 2.632945852851197e-26, nan 
-129.875, 89.875, 2.2190881910061034e-26, nan 
-129.625, 89.875, 2.94445249784594e-26, nan 
-129.375, 89.875, 3.05879198941844e-26, nan 
-129.125, 89.875, 2.281992283080831e-26, nan 
-128.875, 89.875, 2.271103133015523e-26, nan 
-128.625, 89.875, 1.9565697162575223e-26, nan 
-128.375, 89.875, 1.7791138377074175e-26, nan 
-128.125, 89.875, 2.0743230880237717e-26, nan 
-127.875, 89.875, 4.946432999765115e-26, nan 
-127.625, 89.875, 4.606158931780311e-26, nan 
-127.375, 89.875, 1.8324362618262583e-26, nan 
-127.125, 89.875, 2.2900488388399975e-26, nan 
-126.875, 89.875, 6.206359639384326e-26, nan 
-126.625, 89.875, 4.845471591468441e-26, nan 
-126.375, 89.875, 2.0125071221359613e-26, nan 
-126.125, 89.875, 2.3511747999964788e-26, nan 
-125.875, 89.875, 3.648490403860741e-26, nan 
-125.625, 89.875, 2.9027087176773185e-26, nan 
-125.375, 89.875, 4.3423076453674876e-26, nan 
-125.125, 89.875, 3.614666912563997e-26, nan 
-124.875, 89.875, 2.5617159078522743e-26, nan 
-124.625, 89.875, 1.801572018861974e-26, nan 
-124.375, 89.875, 2.78159596799383e-26, nan 
-124.125, 89.875, 2.8893884511200304e-26, nan 
-123.875, 89.875, 1.831303390377653e-26, nan 
-123.625, 89.875, 2.584104934080263e-26, nan 
-123.375, 89.875, 3.3366584921691396e-26, nan 
-123.125, 89.875, 1.1717242475130151e-26, nan 
-122.875, 89.875, 2.2814578543891638e-26, nan 
-122.625, 89.875, 1.8358657229225404e-26, nan 
-122.375, 89.875, 2.6341289912861857e-26, nan 
-122.125, 89.875, 2.7087950548994244e-26, nan 
-121.875, 89.875, 2.4070658305378438e-26, nan 
-121.625, 89.875, 1.987276872835436e-26, nan 
-121.375, 89.875, 1.651361418006746e-26, nan 
-121.125, 89.875, 3.138094827433789e-26, nan 
-120.875, 89.875, 3.648623982089435e-26, nan 
-120.625, 89.875, 2.2532318265099002e-26, nan 
-120.375, 89.875, 2.1272448363689944e-26, nan 
-120.125, 89.875, 2.993665916117702e-26, nan 
-119.875, 89.875, 2.8373283938907084e-26, nan 
-119.625, 89.875, 2.0549235631363046e-26, nan 
-119.375, 89.875, 1.8821173442276176e-26, nan 
-119.125, 89.875, 2.1529464025965405e-26, nan 
-118.875, 89.875, 2.6802765782310174e-26, nan 
-118.625, 89.875, 2.319441113910405e-26, nan 
-118.375, 89.875, 2.0659524522571628e-26, nan 
-118.125, 89.875, 2.0170921943756467e-26, nan 
-117.875, 89.875, 1.6843516211274454e-26, nan 
-117.625, 89.875, 1.553716328391886e-26, nan 
-117.375, 89.875, 2.137474783380945e-26, nan 
-117.125, 89.875, 3.192946045390139e-26, nan 
-116.875, 89.875, 8.905699082880578e-27, nan 
-116.625, 89.875, 2.1268952444511473e-26, nan 
-116.375, 89.875, 2.1150119181196906e-26, nan 
-116.125, 89.875, 2.085184664053694e-26, nan 
-115.875, 89.875, 8.537818781261503e-27, nan 
-115.625, 89.875, 3.886609780481452e-26, nan 
-115.375, 89.875, 2.5790574056176343e-26, nan 
-115.125, 89.875, 1.9580086426793088e-26, nan 
-114.875, 89.875, 2.3681810555669954e-26, nan 
-114.625, 89.875, 2.144319841837577e-26, nan 
-114.375, 89.875, 2.2633474876261484e-26, nan 
-114.125, 89.875, 3.19154987359809e-26, nan 
-113.875, 89.875, 4.1182883561534935e-26, nan 
-113.625, 89.875, 3.372675980395804e-26, nan 
-113.375, 89.875, 3.53630511495134e-26, nan 
-113.125, 89.875, 2.4328305826461113e-26, nan 
-112.875, 89.875, 2.820321933569348e-26, nan 
-112.625, 89.875, 2.1039262393476755e-26, nan 
-112.375, 89.875, 3.468209362364741e-26, nan 
-112.125, 89.875, 3.376018825423539e-26, nan 
-111.875, 89.875, 2.7236064193309625e-26, nan 
-111.625, 89.875, 3.980797098772018e-26, nan 
-111.375, 89.875, 3.708096432771692e-26, nan 
-111.125, 89.875, 5.1198634285778067e-26, nan 
-110.875, 89.875, 3.08124286708828e-26, nan 
-110.625, 89.875, 2.7846651026069005e-26, nan 
-110.375, 89.875, 4.608762174270618e-26, nan 
-110.125, 89.875, 5.657998396236834e-26, nan 
-109.875, 89.875, 3.578790957499868e-26, nan 
-109.625, 89.875, 2.5040951116867698e-26, nan 
-109.375, 89.875, 5.920422764468442e-26, nan 
-109.125, 89.875, 5.999645022816651e-26, nan 
-108.875, 89.875, 3.6666615438787306e-26, nan 
-108.625, 89.875, 3.344324592416094e-26, nan 
-108.375, 89.875, 3.0185354559119125e-26, nan 
-108.125, 89.875, 3.529137839760755e-26, nan 
-107.875, 89.875, 3.722894964138687e-26, nan 
-107.625, 89.875, 3.291840869345374e-26, nan 
-107.375, 89.875, 3.458131298400039e-26, nan 
-107.125, 89.875, 3.026220389741341e-26, nan 
-106.875, 89.875, 2.995384936967924e-26, nan 
-106.625, 89.875, 4.2680806277432304e-26, nan 
-106.375, 89.875, 3.761005303821756e-26, nan 
-106.125, 89.875, 3.622468575879863e-26, nan 
-105.875, 89.875, 3.842229449059847e-26, nan 
-105.625, 89.875, 3.11374678889312e-26, nan 
-105.375, 89.875, 3.504121921509503e-26, nan 
-105.125, 89.875, 4.007543460993646e-26, nan 
-104.875, 89.875, 3.2967803944725246e-26, nan 
-104.625, 89.875, 3.8464604381541625e-26, nan 
-104.375, 89.875, 3.765063709634673e-26, nan 
-104.125, 89.875, 3.831211485873269e-26, nan 
-103.875, 89.875, 3.7644386048643984e-26, nan 
-103.625, 89.875, 3.326163364528369e-26, nan 
-103.375, 89.875, 2.920111134214806e-26, nan 
-103.125, 89.875, 2.726783284648062e-26, nan 
-102.875, 89.875, 3.3458241973526463e-26, nan 
-102.625, 89.875, 3.124040627217854e-26, nan 
-102.375, 89.875, 3.1198452779829354e-26, nan 
-102.125, 89.875, 2.7068444158481365e-26, nan 
-101.875, 89.875, 2.9281341686105626e-26, nan 
-101.625, 89.875, 3.3127136329781813e-26, nan 
-101.375, 89.875, 3.076968135889179e-26, nan 
-101.125, 89.875, 3.3469450427227906e-26, nan 
-100.875, 89.875, 2.0638050331987112e-26, nan 
-100.625, 89.875, 2.6601374713188037e-26, nan 
-100.375, 89.875, 3.540597109365917e-26, nan 
-100.125, 89.875, 3.508438930579019e-26, nan 
-99.875, 89.875, 2.3451781272811145e-26, nan 
-99.625, 89.875, 3.871512688081507e-26, nan 
-99.375, 89.875, 2.771109865792528e-26, nan 
-99.125, 89.875, 2.5611415731966315e-26, nan 
-98.875, 89.875, 3.745306507962647e-26, nan 
-98.625, 89.875, 2.973176346300519e-26, nan 
-98.375, 89.875, 3.1768549980141797e-26, nan 
-98.125, 89.875, 3.294240703495323e-26, nan 
-97.875, 89.875, 4.6810340932514216e-26, nan 
-97.625, 89.875, 3.8496897081996594e-26, nan 
-97.375, 89.875, 4.144070264938871e-26, nan 
-97.125, 89.875, 2.973395846651675e-26, nan 
-96.875, 89.875, 2.3722948174979433e-26, nan 
-96.625, 89.875, 3.1921629030030093e-26, nan 
-96.375, 89.875, 2.600767811878946e-26, nan 
-96.125, 89.875, 3.014592114178332e-26, nan 
-95.875, 89.875, 2.673349764911748e-26, nan 
-95.625, 89.875, 3.4196603955953375e-26, nan 
-95.375, 89.875, 3.623318900117054e-26, nan 
-95.125, 89.875, 2.439484636980657e-26, nan 
-94.875, 89.875, 3.7306129161990664e-26, nan 
-94.625, 89.875, 3.3050995088742703e-26, nan 
-94.375, 89.875, 3.692067370775366e-26, nan 
-94.125, 89.875, 3.301340630377833e-26, nan 
-93.875, 89.875, 3.127875388445402e-26, nan 
-93.625, 89.875, 3.0086073857602253e-26, nan 
-93.375, 89.875, 3.090101844046184e-26, nan 
-93.125, 89.875, 3.9848966819440683e-26, nan 
-92.875, 89.875, 1.3985029390380703e-26, nan 
-92.625, 89.875, 3.6994274859016686e-26, nan 
-92.375, 89.875, 3.763901682152247e-26, nan 
-92.125, 89.875, 2.9305160105206674e-26, nan 
-91.875, 89.875, 1.9803732744772377e-26, nan 
-91.625, 89.875, 3.272030561946322e-26, nan 
-91.375, 89.875, 3.66901812217153e-26, nan 
-91.125, 89.875, 2.0673081859034436e-26, nan 
-90.875, 89.875, 3.758868854427861e-26, nan 
-90.625, 89.875, 3.5936028983230204e-26, nan 
-90.375, 89.875, 3.9445637989458285e-26, nan 
-90.125, 89.875, 3.5474380525794226e-26, nan 
-89.875, 89.875, 3.2969141005801966e-26, nan 
-89.625, 89.875, 3.1089734906585764e-26, nan 
-89.375, 89.875, 3.1930654315800425e-26, nan 
-89.125, 89.875, 3.198819930722917e-26, nan 
-88.875, 89.875, 3.125420553910359e-26, nan 
-88.625, 89.875, 3.50950991890177e-26, nan 
-88.375, 89.875, 2.517426093221681e-26, nan 
-88.125, 89.875, 1.7680555506654337e-26, nan 
-87.875, 89.875, 3.235599966303583e-26, nan 
-87.625, 89.875, 3.5597201206933374e-26, nan 
-87.375, 89.875, 4.2439536302606213e-26, nan 
-87.125, 89.875, 3.270494727547855e-26, nan 
-86.875, 89.875, 3.817939250044708e-26, nan 
-86.625, 89.875, 3.1431277523732044e-26, nan 
-86.375, 89.875, 3.377726956135769e-26, nan 
-86.125, 89.875, 3.442580825940535e-26, nan 
-85.875, 89.875, 3.9211278056664004e-26, nan 
-85.625, 89.875, 3.2401866029710503e-26, nan 
-85.375, 89.875, 3.7706891080389257e-26, nan 
-85.125, 89.875, 3.270305737300062e-26, nan 
-84.875, 89.875, 3.647883454175501e-26, nan 
-84.625, 89.875, 4.192994911421634e-26, nan 
-84.375, 89.875, 3.048809500206768e-26, nan 
-84.125, 89.875, 2.8043082557487414e-26, nan 
-83.875, 89.875, 3.0720692354832003e-26, nan 
-83.625, 89.875, 3.5332121523809917e-26, nan 
-83.375, 89.875, 3.711054563810557e-26, nan 
-83.125, 89.875, 3.5378445971161375e-26, nan 
-82.875, 89.875, 2.778796223744271e-26, nan 
-82.625, 89.875, 2.601909441467931e-26, nan 
-82.375, 89.875, 2.9927772625524043e-26, nan 
-82.125, 89.875, 2.999073578992071e-26, nan 
-81.875, 89.875, 4.664574807009503e-26, nan 
-81.625, 89.875, 4.420869610383747e-26, nan 
-81.375, 89.875, 3.3880114870267796e-26, nan 
-81.125, 89.875, 4.405334963123018e-26, nan 
-80.875, 89.875, 3.95202175894465e-26, nan 
-80.625, 89.875, 3.585796644801844e-26, nan 
-80.375, 89.875, 3.184025359023367e-26, nan 
-80.125, 89.875, 3.1608373623285946e-26, nan 
-79.875, 89.875, 3.197591965488681e-26, nan 
-79.625, 89.875, 3.6731458202716086e-26, nan 
-79.375, 89.875, 3.306181169540673e-26, nan 
-79.125, 89.875, 3.0085940339600905e-26, nan 
-78.875, 89.875, 4.1723580548367114e-26, nan 
-78.625, 89.875, 3.6486919161926193e-26, nan 
-78.375, 89.875, 1.4694233809866115e-26, nan 
-78.125, 89.875, 1.4638066683906232e-26, nan 
-77.875, 89.875, 1.5623798374820305e-26, nan 
-77.625, 89.875, 1.718561830834249e-26, nan 
-77.375, 89.875, 2.769782368407426e-26, nan 
-77.125, 89.875, 3.315442610737226e-26, nan 
-76.875, 89.875, 2.945695538055131e-26, nan 
-76.625, 89.875, 1.8894870957709904e-26, nan 
-76.375, 89.875, 2.896359774200743e-26, nan 
-76.125, 89.875, 2.347881044448443e-26, nan 
-75.875, 89.875, 2.0834595513007983e-26, nan 
-75.625, 89.875, 3.429288665446278e-26, nan 
-75.375, 89.875, 3.569300628635686e-26, nan 
-75.125, 89.875, 3.4337374991174345e-26, nan 
-74.875, 89.875, 2.1009667018134686e-26, nan 
-74.625, 89.875, 3.621146242425022e-26, nan 
-74.375, 89.875, 5.617763508365961e-26, nan 
-74.125, 89.875, 4.339849596957246e-26, nan 
-73.875, 89.875, 2.2874577231136536e-26, nan 
-73.625, 89.875, 3.3771849524123895e-26, nan 
-73.375, 89.875, 3.596326900541012e-26, nan 
-73.125, 89.875, 4.222909855343371e-26, nan 
-72.875, 89.875, 3.316986916615846e-26, nan 
-72.625, 89.875, 3.2402783268139174e-26, nan 
-72.375, 89.875, 3.9119691213154205e-26, nan 
-72.125, 89.875, 2.976028871980199e-26, nan 
-71.875, 89.875, 2.7444231143061543e-26, nan 
-71.625, 89.875, 2.9775642347514735e-26, nan 
-71.375, 89.875, 3.280880843913217e-26, nan 
-71.125, 89.875, 3.5249276205947757e-26, nan 
-70.875, 89.875, 2.7858800616685225e-26, nan 
-70.625, 89.875, 2.9608861977914974e-26, nan 
-70.375, 89.875, 3.043555883175293e-26, nan 
-70.125, 89.875, 3.25435369956028e-26, nan 
-69.875, 89.875, 2.984047702392223e-26, nan 
-69.625, 89.875, 2.8325143673765757e-26, nan 
-69.375, 89.875, 3.3564595363247065e-26, nan 
-69.125, 89.875, 3.5833431587246557e-26, nan 
-68.875, 89.875, 4.8693774369358303e-26, nan 
-68.625, 89.875, 5.377264761824057e-26, nan 
-68.375, 89.875, 4.2888728753844013e-26, nan 
-68.125, 89.875, 3.09961289555646e-26, nan 
-67.875, 89.875, 3.604881949151379e-26, nan 
-67.625, 89.875, 4.59717708080504e-26, nan 
-67.375, 89.875, 4.075982254039942e-26, nan 
-67.125, 89.875, 4.541655505383126e-26, nan 
-66.875, 89.875, 3.245458726417929e-26, nan 
-66.625, 89.875, 2.2784465048472098e-26, nan 
-66.375, 89.875, 4.436900713367671e-26, nan 
-66.125, 89.875, 4.1382064355040067e-26, nan 
-65.875, 89.875, 3.3658011631416255e-26, nan 
-65.625, 89.875, 3.8625826516616885e-26, nan 
-65.375, 89.875, 4.5404019022528763e-26, nan 
-65.125, 89.875, 4.139367288591545e-26, nan 
-64.875, 89.875, 4.159773504839742e-26, nan 
-64.625, 89.875, 3.359640409230432e-26, nan 
-64.375, 89.875, 4.3786988851919715e-26, nan 
-64.125, 89.875, 3.417084621317813e-26, nan 
-63.875, 89.875, 3.545655282623559e-26, nan 
-63.625, 89.875, 3.584627646614665e-26, nan 
-63.375, 89.875, 4.2776878130311643e-26, nan 
-63.125, 89.875, 3.8325744607950087e-26, nan 
-62.875, 89.875, 3.735341120509375e-26, nan 
-62.625, 89.875, 3.498761113191989e-26, nan 
-62.375, 89.875, 3.1487590743539154e-26, nan 
-62.125, 89.875, 3.9378644701737565e-26, nan 
-61.875, 89.875, 3.9032397830029236e-26, nan 
-61.625, 89.875, 4.19973656513694e-26, nan 
-61.375, 89.875, 3.3299297776063974e-26, nan 
-61.125, 89.875, 3.213855417226577e-26, nan 
-60.875, 89.875, 3.888338648388406e-26, nan 
-60.625, 89.875, 4.132947630574914e-26, nan 
-60.375, 89.875, 3.503610726139358e-26, nan 
-60.125, 89.875, 3.952706337321024e-26, nan 
-59.875, 89.875, 2.4913622327843256e-26, nan 
-59.625, 89.875, 2.9447083143125686e-26, nan 
-59.375, 89.875, 4.417999017736561e-26, nan 
-59.125, 89.875, 3.3129640887468066e-26, nan 
-58.875, 89.875, 3.3724858634561037e-26, nan 
-58.625, 89.875, 3.07464510678326e-26, nan 
-58.375, 89.875, 3.067161827167882e-26, nan 
-58.125, 89.875, 2.84161492109805e-26, nan 
-57.875, 89.875, 3.3147749578264457e-26, nan 
-57.625, 89.875, 3.4335663426399483e-26, nan 
-57.375, 89.875, 3.891947815182139e-26, nan 
-57.125, 89.875, 3.934139810566919e-26, nan 
-56.875, 89.875, 3.157095048338331e-26, nan 
-56.625, 89.875, 3.0626227653824384e-26, nan 
-56.375, 89.875, 2.5462244331650458e-26, nan 
-56.125, 89.875, 3.032327412549132e-26, nan 
-55.875, 89.875, 3.5930578740287355e-26, nan 
-55.625, 89.875, 3.258898128550797e-26, nan 
-55.375, 89.875, 3.103548084857207e-26, nan 
-55.125, 89.875, 3.1991894395016054e-26, nan 
-54.875, 89.875, 3.003705725513628e-26, nan 
-54.625, 89.875, 2.9483564119173955e-26, nan 
-54.375, 89.875, 3.483443307064067e-26, nan 
-54.125, 89.875, 3.25213804649103e-26, nan 
-53.875, 89.875, 2.4650207176073718e-26, nan 
-53.625, 89.875, 3.6692011233405605e-26, nan 
-53.375, 89.875, 3.696624123537227e-26, nan 
-53.125, 89.875, 3.633398176787571e-26, nan 
-52.875, 89.875, 2.6252589656325363e-26, nan 
-52.625, 89.875, 2.5685463604537323e-26, nan 
-52.375, 89.875, 2.824746760370685e-26, nan 
-52.125, 89.875, 4.4920350194686334e-26, nan 
-51.875, 89.875, 3.989583206884398e-26, nan 
-51.625, 89.875, 3.7541118459957246e-26, nan 
-51.375, 89.875, 3.205225384574752e-26, nan 
-51.125, 89.875, 4.353037723353358e-26, nan 
-50.875, 89.875, 4.7751359171440145e-26, nan 
-50.625, 89.875, 4.410358363396633e-26, nan 
-50.375, 89.875, 3.906478140601286e-26, nan 
-50.125, 89.875, 4.571657425937169e-26, nan 
-49.875, 89.875, 4.473105670414586e-26, nan 
-49.625, 89.875, 5.1461549512091767e-26, nan 
-49.375, 89.875, 5.377957889371279e-26, nan 
-49.125, 89.875, 5.0138256965451117e-26, nan 
-48.875, 89.875, 4.683988627716018e-26, nan 
-48.625, 89.875, 4.406037193005334e-26, nan 
-48.375, 89.875, 5.571813785095197e-26, nan 
-48.125, 89.875, 5.069932704897612e-26, nan 
-47.875, 89.875, 4.5782772603048525e-26, nan 
-47.625, 89.875, 4.6268437709678446e-26, nan 
-47.375, 89.875, 4.563929313478558e-26, nan 
-47.125, 89.875, 4.363382336196332e-26, nan 
-46.875, 89.875, 3.849761525794079e-26, nan 
-46.625, 89.875, 4.0511074887920164e-26, nan 
-46.375, 89.875, 3.415842452210518e-26, nan 
-46.125, 89.875, 2.9193521268679595e-26, nan 
-45.875, 89.875, 2.8639420692895753e-26, nan 
-45.625, 89.875, 3.6006969104575837e-26, nan 
-45.375, 89.875, 3.621613824857344e-26, nan 
-45.125, 89.875, 4.3467771244212785e-26, nan 
-44.875, 89.875, 3.788752761863542e-26, nan 
-44.625, 89.875, 3.620168051959675e-26, nan 
-44.375, 89.875, 3.994157111226393e-26, nan 
-44.125, 89.875, 4.92502089278411e-26, nan 
-43.875, 89.875, 4.2192526307165187e-26, nan 
-43.625, 89.875, 4.0965875161747824e-26, nan 
-43.375, 89.875, 2.9908322534931376e-26, nan 
-43.125, 89.875, 3.881759955769805e-26, nan 
-42.875, 89.875, 3.809360017115413e-26, nan 
-42.625, 89.875, 5.314895693489419e-26, nan 
-42.375, 89.875, 3.694097517128739e-26, nan 
-42.125, 89.875, 3.0921380483951057e-26, nan 
-41.875, 89.875, 5.549625476416393e-26, nan 
-41.625, 89.875, 5.686378489235932e-26, nan 
-41.375, 89.875, 6.270151174560495e-26, nan 
-41.125, 89.875, 6.462952755827371e-26, nan 
-40.875, 89.875, 5.90639963664388e-26, nan 
-40.625, 89.875, 7.468478405771973e-26, nan 
-40.375, 89.875, 6.457022461645523e-26, nan 
-40.125, 89.875, 6.108986389708158e-26, nan 
-39.875, 89.875, 5.179551605998922e-26, nan 
-39.625, 89.875, 6.361552748632328e-26, nan 
-39.375, 89.875, 5.66688776137544e-26, nan 
-39.125, 89.875, 5.62213508041764e-26, nan 
-38.875, 89.875, 6.381623326482169e-26, nan 
-38.625, 89.875, 6.252354915243033e-26, nan 
-38.375, 89.875, 8.314574820261806e-26, nan 
-38.125, 89.875, 8.909044903048276e-26, nan 
-37.875, 89.875, 6.571700592720947e-26, nan 
-37.625, 89.875, 7.252860311624302e-26, nan 
-37.375, 89.875, 7.121985560783724e-26, nan 
-37.125, 89.875, 6.563048679699353e-26, nan 
-36.875, 89.875, 7.143769025693121e-26, nan 
-36.625, 89.875, 6.042385036079038e-26, nan 
-36.375, 89.875, 6.199855961637787e-26, nan 
-36.125, 89.875, 6.710694148178039e-26, nan 
-35.875, 89.875, 7.282160486590111e-26, nan 
-35.625, 89.875, 7.20653901084759e-26, nan 
-35.375, 89.875, 8.001252603905026e-26, nan 
-35.125, 89.875, 6.971633500681543e-26, nan 
-34.875, 89.875, 6.803760408999031e-26, nan 
-34.625, 89.875, 6.548525099251097e-26, nan 
-34.375, 89.875, 7.030161926664709e-26, nan 
-34.125, 89.875, 6.964120489802096e-26, nan 
-33.875, 89.875, 7.561825233116274e-26, nan 
-33.625, 89.875, 7.284297243533961e-26, nan 
-33.375, 89.875, 8.571765993679816e-26, nan 
-33.125, 89.875, 7.060199688628287e-26, nan 
-32.875, 89.875, 7.025136008779274e-26, nan 
-32.625, 89.875, 8.478739037965225e-26, nan 
-32.375, 89.875, 8.054314704587888e-26, nan 
-32.125, 89.875, 7.214538078719212e-26, nan 
-31.875, 89.875, 6.924693249451728e-26, nan 
-31.625, 89.875, 7.323505595778357e-26, nan 
-31.375, 89.875, 6.988717568107852e-26, nan 
-31.125, 89.875, 7.071232897645978e-26, nan 
-30.875, 89.875, 7.161876427463477e-26, nan 
-30.625, 89.875, 7.003635089342829e-26, nan 
-30.375, 89.875, 9.125254462659919e-26, nan 
-30.125, 89.875, 9.767300856129421e-26, nan 
-29.875, 89.875, 7.724060937091602e-26, nan 
-29.625, 89.875, 7.38681314401882e-26, nan 
-29.375, 89.875, 7.294161578789505e-26, nan 
-29.125, 89.875, 7.10423528400837e-26, nan 
-28.875, 89.875, 7.580270867067797e-26, nan 
-28.625, 89.875, 7.069040605925148e-26, nan 
-28.375, 89.875, 7.668431590330768e-26, nan 
-28.125, 89.875, 7.270074466598219e-26, nan 
-27.875, 89.875, 7.595742703242995e-26, nan 
-27.625, 89.875, 8.321666171534219e-26, nan 
-27.375, 89.875, 7.728049576324531e-26, nan 
-27.125, 89.875, 9.655817522517606e-26, nan 
-26.875, 89.875, 1.0054955312276201e-25, nan 
-26.625, 89.875, 7.614204366461071e-26, nan 
-26.375, 89.875, 7.359669013170884e-26, nan 
-26.125, 89.875, 8.15797557040452e-26, nan 
-25.875, 89.875, 8.469478227226521e-26, nan 
-25.625, 89.875, 7.642737463435821e-26, nan 
-25.375, 89.875, 9.225195943933804e-26, nan 
-25.125, 89.875, 8.207282456628328e-26, nan 
-24.875, 89.875, 1.0789084279540363e-25, nan 
-24.625, 89.875, 9.632561279390211e-26, nan 
-24.375, 89.875, 7.793970735503944e-26, nan 
-24.125, 89.875, 7.831648737308293e-26, nan 
-23.875, 89.875, 7.831396104847335e-26, nan 
-23.625, 89.875, 8.411919664833569e-26, nan 
-23.375, 89.875, 1.3396853670314504e-25, nan 
-23.125, 89.875, 1.8271697845373041e-25, nan 
-22.875, 89.875, 2.0279456068048607e-25, nan 
-22.625, 89.875, 1.8810286554388952e-25, nan 
-22.375, 89.875, 1.2920219641389503e-25, nan 
-22.125, 89.875, 7.686921612945142e-26, nan 
-21.875, 89.875, 7.448429883853412e-26, nan 
-21.625, 89.875, 8.196758551071515e-26, nan 
-21.375, 89.875, 8.611212278427157e-26, nan 
-21.125, 89.875, 1.0037710399100231e-25, nan 
-20.875, 89.875, 9.030247098881593e-26, nan 
-20.625, 89.875, 6.110891707455325e-26, nan 
-20.375, 89.875, 4.684684862958673e-26, nan 
-20.125, 89.875, 4.4015412632125713e-26, nan 
-19.875, 89.875, 4.457844506620081e-26, nan 
-19.625, 89.875, 3.868053734594551e-26, nan 
-19.375, 89.875, 3.8437308593184174e-26, nan 
-19.125, 89.875, 4.4324732232313273e-26, nan 
-18.875, 89.875, 7.365919782467823e-26, nan 
-18.625, 89.875, 7.036273880728709e-26, nan 
-18.375, 89.875, 7.936362083374934e-26, nan 
-18.125, 89.875, 7.899407506866801e-26, nan 
-17.875, 89.875, 7.914590650394773e-26, nan 
-17.625, 89.875, 8.04248640352529e-26, nan 
-17.375, 89.875, 8.108430056183047e-26, nan 
-17.125, 89.875, 7.306678185581016e-26, nan 
-16.875, 89.875, 7.767395085247092e-26, nan 
-16.625, 89.875, 8.386699566629902e-26, nan 
-16.375, 89.875, 7.904928363450338e-26, nan 
-16.125, 89.875, 7.908092526881097e-26, nan 
-15.875, 89.875, 7.901987625033224e-26, nan 
-15.625, 89.875, 7.569435424664034e-26, nan 
-15.375, 89.875, 7.155355788950344e-26, nan 
-15.125, 89.875, 5.828049404838978e-26, nan 
-14.875, 89.875, 4.361273358149157e-26, nan 
-14.625, 89.875, 5.1409839845994287e-26, nan 
-14.375, 89.875, 8.210721652986735e-26, nan 
-14.125, 89.875, 8.129137355426225e-26, nan 
-13.875, 89.875, 7.845655230032885e-26, nan 
-13.625, 89.875, 7.621667003867374e-26, nan 
-13.375, 89.875, 7.612682849013073e-26, nan 
-13.125, 89.875, 9.208931236985034e-26, nan 
-12.875, 89.875, 8.957728768290483e-26, nan 
-12.625, 89.875, 7.644856125836105e-26, nan 
-12.375, 89.875, 8.116703122424033e-26, nan 
-12.125, 89.875, 1.1263440191153728e-25, nan 
-11.875, 89.875, 1.0270548339175128e-25, nan 
-11.625, 89.875, 8.156127140674415e-26, nan 
-11.375, 89.875, 8.568965522250719e-26, nan 
-11.125, 89.875, 8.177389637795847e-26, nan 
-10.875, 89.875, 6.230912038657251e-26, nan 
-10.625, 89.875, 7.577355513149813e-26, nan 
-10.375, 89.875, 6.996666315541319e-26, nan 
-10.125, 89.875, 6.704268090061285e-26, nan 
-9.875, 89.875, 5.2134682411209e-26, nan 
-9.625, 89.875, 6.304507378567959e-26, nan 
-9.375, 89.875, 5.164219465493717e-26, nan 
-9.125, 89.875, 5.0009225700264073e-26, nan 
-8.875, 89.875, 6.017369443623158e-26, nan 
-8.625, 89.875, 5.323292402013224e-26, nan 
-8.375, 89.875, 5.0576532173818376e-26, nan 
-8.125, 89.875, 1.099775112392856e-25, nan 
-7.875, 89.875, 7.589010723521378e-26, nan 
-7.625, 89.875, 6.603708828324289e-26, nan 
-7.375, 89.875, 6.837212712878591e-26, nan 
-7.125, 89.875, 8.784232997268722e-26, nan 
-6.875, 89.875, 4.2232368125360054e-26, nan 
-6.625, 89.875, 6.105873443499361e-26, nan 
-6.375, 89.875, 6.863669467638036e-26, nan 
-6.125, 89.875, 6.577480524353868e-26, nan 
-5.875, 89.875, 4.4458954072673544e-26, nan 
-5.625, 89.875, 7.850773555323135e-26, nan 
-5.375, 89.875, 4.8902993592971745e-26, nan 
-5.125, 89.875, 5.880508278114046e-26, nan 
-4.875, 89.875, 6.234848614359425e-26, nan 
-4.625, 89.875, 5.424316627935968e-26, nan 
-4.375, 89.875, 4.7610545822171053e-26, nan 
-4.125, 89.875, 5.9661470046134e-26, nan 
-3.875, 89.875, 4.568641945690488e-26, nan 
-3.625, 89.875, 3.55626079876093e-26, nan 
-3.375, 89.875, 5.1095620423334385e-26, nan 
-3.125, 89.875, 5.743664754963668e-26, nan 
-2.875, 89.875, 4.5815436853483246e-26, nan 
-2.625, 89.875, 5.960694133440788e-26, nan 
-2.375, 89.875, 5.747575523620767e-26, nan 
-2.125, 89.875, 3.0517627543796674e-26, nan 
-1.875, 89.875, 4.916579657933157e-26, nan 
-1.625, 89.875, 5.308435335617223e-26, nan 
-1.375, 89.875, 5.789857432948089e-26, nan 
-1.125, 89.875, 4.1394356811392875e-26, nan 
-0.875, 89.875, 6.554551484500847e-26, nan 
-0.625, 89.875, 5.414706775788533e-26, nan 
-0.375, 89.875, 5.691967127242261e-26, nan 
-0.125, 89.875, 4.5788991148461125e-26, nan 
0.125, 89.875, 4.275140708655465e-26, nan 
0.375, 89.875, 5.494729063273327e-26, nan 
0.625, 89.875, 5.23240718880792e-26, nan 
0.875, 89.875, 6.601423162196573e-26, nan 
1.125, 89.875, 4.9879523738400343e-26, nan 
1.375, 89.875, 5.987688779400606e-26, nan 
1.625, 89.875, 4.726492154165419e-26, nan 
1.875, 89.875, 5.715934675841551e-26, nan 
2.125, 89.875, 4.5551770341748305e-26, nan 
2.375, 89.875, 6.591024586503666e-26, nan 
2.625, 89.875, 7.212055847251631e-26, nan 
2.875, 89.875, 5.652453599454572e-26, nan 
3.125, 89.875, 5.860686742368465e-26, nan 
3.375, 89.875, 7.374008130783567e-26, nan 
3.625, 89.875, 9.663273257169954e-26, nan 
3.875, 89.875, 7.316296529177841e-26, nan 
4.125, 89.875, 4.9079001527828296e-26, nan 
4.375, 89.875, 8.475862085571247e-26, nan 
4.625, 89.875, 1.0400376116712888e-25, nan 
4.875, 89.875, 1.1226063187694303e-25, nan 
5.125, 89.875, 6.768804235035318e-26, nan 
5.375, 89.875, 1.0752615870583048e-25, nan 
5.625, 89.875, 1.0156777755628836e-25, nan 
5.875, 89.875, 6.323457520630975e-26, nan 
6.125, 89.875, 7.391221644953778e-26, nan 
6.375, 89.875, 6.631375068695797e-26, nan 
6.625, 89.875, 6.578807497497399e-26, nan 
6.875, 89.875, 6.315690980988154e-26, nan 
7.125, 89.875, 6.182147181436685e-26, nan 
7.375, 89.875, 9.512927815563467e-26, nan 
7.625, 89.875, 7.897260462566417e-26, nan 
7.875, 89.875, 5.985150580089462e-26, nan 
8.125, 89.875, 6.100934031109608e-26, nan 
8.375, 89.875, 5.984734364056258e-26, nan 
8.625, 89.875, 5.43993920258076e-26, nan 
8.875, 89.875, 6.211889903703329e-26, nan 
9.125, 89.875, 5.256439461730421e-26, nan 
9.375, 89.875, 5.657932553052423e-26, nan 
9.625, 89.875, 5.921143382876106e-26, nan 
9.875, 89.875, 5.507138335939923e-26, nan 
10.125, 89.875, 5.782955948115693e-26, nan 
10.375, 89.875, 5.678666085766658e-26, nan 
10.625, 89.875, 5.786702641977907e-26, nan 
10.875, 89.875, 5.654536873211452e-26, nan 
11.125, 89.875, 5.474195904112896e-26, nan 
11.375, 89.875, 5.685105967201169e-26, nan 
11.625, 89.875, 5.507445944936521e-26, nan 
11.875, 89.875, 6.66342677563989e-26, nan 
12.125, 89.875, 8.13624306486198e-26, nan 
12.375, 89.875, 6.285817222610767e-26, nan 
12.625, 89.875, 4.727534518464731e-26, nan 
12.875, 89.875, 4.341789307964604e-26, nan 
13.125, 89.875, 5.840644060205691e-26, nan 
13.375, 89.875, 4.796185605324382e-26, nan 
13.625, 89.875, 4.42642381977019e-26, nan 
13.875, 89.875, 5.56422111965112e-26, nan 
14.125, 89.875, 5.547425849831733e-26, nan 
14.375, 89.875, 5.0655300694318414e-26, nan 
14.625, 89.875, 6.360219104787746e-26, nan 
14.875, 89.875, 7.162119173068522e-26, nan 
15.125, 89.875, 6.911213499489346e-26, nan 
15.375, 89.875, 5.363525984484012e-26, nan 
15.625, 89.875, 5.898585265368661e-26, nan 
15.875, 89.875, 6.796139425223437e-26, nan 
16.125, 89.875, 4.956926439410755e-26, nan 
16.375, 89.875, 7.11204123030405e-26, nan 
16.625, 89.875, 8.34170903426118e-26, nan 
16.875, 89.875, 9.815887806742158e-26, nan 
17.125, 89.875, 9.660028320637008e-26, nan 
17.375, 89.875, 9.556215673240087e-26, nan 
17.625, 89.875, 9.448027473180834e-26, nan 
17.875, 89.875, 8.38268174065297e-26, nan 
18.125, 89.875, 8.556720945670404e-26, nan 
18.375, 89.875, 8.058211644526296e-26, nan 
18.625, 89.875, 9.17682556872401e-26, nan 
18.875, 89.875, 8.639946235214756e-26, nan 
19.125, 89.875, 7.814313121749507e-26, nan 
19.375, 89.875, 7.243913996604944e-26, nan 
19.625, 89.875, 7.538909708031718e-26, nan 
19.875, 89.875, 7.352296053204088e-26, nan 
20.125, 89.875, 6.709249596415662e-26, nan 
20.375, 89.875, 6.644372431836938e-26, nan 
20.625, 89.875, 6.431671612851626e-26, nan 
20.875, 89.875, 4.979487357503385e-26, nan 
21.125, 89.875, 4.9319812027020584e-26, nan 
21.375, 89.875, 4.5514288553683723e-26, nan 
21.625, 89.875, 5.436785325784498e-26, nan 
21.875, 89.875, 3.577428733039238e-26, nan 
22.125, 89.875, 5.808730745352104e-26, nan 
22.375, 89.875, 6.245903583949965e-26, nan 
22.625, 89.875, 4.0794468263530066e-26, nan 
22.875, 89.875, 3.7180699867655514e-26, nan 
23.125, 89.875, 5.119253229285556e-26, nan 
23.375, 89.875, 5.054441519647642e-26, nan 
23.625, 89.875, 2.992224820918199e-26, nan 
23.875, 89.875, 4.9138100657441086e-26, nan 
24.125, 89.875, 5.217893821492415e-26, nan 
24.375, 89.875, 5.314728758037012e-26, nan 
24.625, 89.875, 5.85206781936403e-26, nan 
24.875, 89.875, 4.939008929800278e-26, nan 
25.125, 89.875, 6.589770191998132e-26, nan 
25.375, 89.875, 7.773893780825869e-26, nan 
25.625, 89.875, 5.212309362630117e-26, nan 
25.875, 89.875, 4.7748153762059765e-26, nan 
26.125, 89.875, 5.497454622012679e-26, nan 
26.375, 89.875, 3.295333672667459e-26, nan 
26.625, 89.875, 3.3578580372699266e-26, nan 
26.875, 89.875, 5.450120645942321e-26, nan 
27.125, 89.875, 5.259570352773961e-26, nan 
27.375, 89.875, 6.451476608645306e-26, nan 
27.625, 89.875, 4.608825757658545e-26, nan 
27.875, 89.875, 6.063216221604809e-26, nan 
28.125, 89.875, 5.058805734819969e-26, nan 
28.375, 89.875, 5.539876650707869e-26, nan 
28.625, 89.875, 5.164736201724538e-26, nan 
28.875, 89.875, 5.764921401748275e-26, nan 
29.125, 89.875, 5.406757759306252e-26, nan 
29.375, 89.875, 5.433776560630105e-26, nan 
29.625, 89.875, 4.811106274953245e-26, nan 
29.875, 89.875, 5.909047313096598e-26, nan 
30.125, 89.875, 6.6083513826759e-26, nan 
30.375, 89.875, 5.1611117843979366e-26, nan 
30.625, 89.875, 4.586834216414793e-26, nan 
30.875, 89.875, 4.86290254434668e-26, nan 
31.125, 89.875, 5.394037214651766e-26, nan 
31.375, 89.875, 6.009503458707809e-26, nan 
31.625, 89.875, 5.946222289350952e-26, nan 
31.875, 89.875, 4.726102421444578e-26, nan 
32.125, 89.875, 4.379484632046376e-26, nan 
32.375, 89.875, 5.396578279302814e-26, nan 
32.625, 89.875, 5.58952990650824e-26, nan 
32.875, 89.875, 7.478122358156217e-26, nan 
33.125, 89.875, 6.914741894281291e-26, nan 
33.375, 89.875, 6.337342996963359e-26, nan 
33.625, 89.875, 7.565904925896329e-26, nan 
33.875, 89.875, 5.877692286844444e-26, nan 
34.125, 89.875, 5.39716327277409e-26, nan 
34.375, 89.875, 5.235713833144028e-26, nan 
34.625, 89.875, 5.408345506943376e-26, nan 
34.875, 89.875, 5.290553339007074e-26, nan 
35.125, 89.875, 6.417587723712596e-26, nan 
35.375, 89.875, 6.44747299588078e-26, nan 
35.625, 89.875, 6.2231222759619e-26, nan 
35.875, 89.875, 7.435774810756048e-26, nan 
36.125, 89.875, 6.469648506144934e-26, nan 
36.375, 89.875, 2.736088675889203e-26, nan 
36.625, 89.875, 3.241772699495544e-26, nan 
36.875, 89.875, 2.9375304594463507e-26, nan 
37.125, 89.875, 2.8637636764148713e-26, nan 
37.375, 89.875, 5.0788446179312945e-26, nan 
37.625, 89.875, 5.750625295591153e-26, nan 
37.875, 89.875, 4.345969557319325e-26, nan 
38.125, 89.875, 3.260396735296338e-26, nan 
38.375, 89.875, 5.695333949299605e-26, nan 
38.625, 89.875, 4.337318243961523e-26, nan 
38.875, 89.875, 2.707580035681158e-26, nan 
39.125, 89.875, 5.57958576142507e-26, nan 
39.375, 89.875, 5.738247877819403e-26, nan 
39.625, 89.875, 4.995769824969766e-26, nan 
39.875, 89.875, 3.4280842841012854e-26, nan 
40.125, 89.875, 5.135643833639337e-26, nan 
40.375, 89.875, 8.251835710752031e-26, nan 
40.625, 89.875, 7.064231362131602e-26, nan 
40.875, 89.875, 4.9227169685003054e-26, nan 
41.125, 89.875, 5.513458528905823e-26, nan 
41.375, 89.875, 5.767155058533491e-26, nan 
41.625, 89.875, 5.783128213364205e-26, nan 
41.875, 89.875, 4.8698812300052973e-26, nan 
42.125, 89.875, 4.6427289645291725e-26, nan 
42.375, 89.875, 5.445376596662963e-26, nan 
42.625, 89.875, 4.9192293518803e-26, nan 
42.875, 89.875, 3.915710587990369e-26, nan 
43.125, 89.875, 4.418405884826739e-26, nan 
43.375, 89.875, 5.1525535663348226e-26, nan 
43.625, 89.875, 5.208804342865367e-26, nan 
43.875, 89.875, 4.061376664879424e-26, nan 
44.125, 89.875, 3.858732742066901e-26, nan 
44.375, 89.875, 3.9778611742758503e-26, nan 
44.625, 89.875, 4.3660221201810595e-26, nan 
44.875, 89.875, 4.7242154766869256e-26, nan 
45.125, 89.875, 4.763673199105884e-26, nan 
45.375, 89.875, 4.6612642337824623e-26, nan 
45.625, 89.875, 2.721225100257666e-26, nan 
45.875, 89.875, 2.7774034990830407e-26, nan 
46.125, 89.875, 5.309188480267027e-26, nan 
46.375, 89.875, 2.6017266337998814e-26, nan 
46.625, 89.875, 3.7232552674897284e-26, nan 
46.875, 89.875, 3.298142694236249e-26, nan 
47.125, 89.875, 5.269941824936701e-26, nan 
47.375, 89.875, 4.848066740574846e-26, nan 
47.625, 89.875, 5.59166023965422e-26, nan 
47.875, 89.875, 3.8542449397858205e-26, nan 
48.125, 89.875, 3.071245474548605e-26, nan 
48.375, 89.875, 4.2910708624043136e-26, nan 
48.625, 89.875, 4.7394588421099063e-26, nan 
48.875, 89.875, 4.0289280016541536e-26, nan 
49.125, 89.875, 4.5321403137176275e-26, nan 
49.375, 89.875, 5.0807766488885287e-26, nan 
49.625, 89.875, 4.5125783803683907e-26, nan 
49.875, 89.875, 4.130323314447822e-26, nan 
50.125, 89.875, 5.415721157992343e-26, nan 
50.375, 89.875, 4.228035188533302e-26, nan 
50.625, 89.875, 4.8485740081410054e-26, nan 
50.875, 89.875, 5.017508807637416e-26, nan 
51.125, 89.875, 4.779893336854583e-26, nan 
51.375, 89.875, 5.509265890867382e-26, nan 
51.625, 89.875, 5.287179124749046e-26, nan 
51.875, 89.875, 4.057094208143748e-26, nan 
52.125, 89.875, 4.518964236126832e-26, nan 
52.375, 89.875, 5.129037746699447e-26, nan 
52.625, 89.875, 5.335337881520262e-26, nan 
52.875, 89.875, 5.411687337847419e-26, nan 
53.125, 89.875, 4.6149438003957166e-26, nan 
53.375, 89.875, 4.063553044680882e-26, nan 
53.625, 89.875, 4.3460397125371733e-26, nan 
53.875, 89.875, 5.304079544294903e-26, nan 
54.125, 89.875, 4.1573406599506584e-26, nan 
54.375, 89.875, 3.716198963051279e-26, nan 
54.625, 89.875, 5.185360317517521e-26, nan 
54.875, 89.875, 4.533018033129915e-26, nan 
55.125, 89.875, 3.721265020534119e-26, nan 
55.375, 89.875, 6.092179716863616e-26, nan 
55.625, 89.875, 4.055673137075765e-26, nan 
55.875, 89.875, 4.523796484777067e-26, nan 
56.125, 89.875, 3.871851156150958e-26, nan 
56.375, 89.875, 3.453417288094016e-26, nan 
56.625, 89.875, 3.974160121220069e-26, nan 
56.875, 89.875, 3.7968824743622125e-26, nan 
57.125, 89.875, 5.174007123357692e-26, nan 
57.375, 89.875, 3.570183655935975e-26, nan 
57.625, 89.875, 3.285611313910091e-26, nan 
57.875, 89.875, 3.5341994876866617e-26, nan 
58.125, 89.875, 3.9895451839997785e-26, nan 
58.375, 89.875, 3.850111013184083e-26, nan 
58.625, 89.875, 3.265141387706811e-26, nan 
58.875, 89.875, 4.556000185670093e-26, nan 
59.125, 89.875, 4.3054340497671564e-26, nan 
59.375, 89.875, 5.0089682433811725e-26, nan 
59.625, 89.875, 3.862248194385824e-26, nan 
59.875, 89.875, 5.275305848612128e-26, nan 
60.125, 89.875, 4.237547362195112e-26, nan 
60.375, 89.875, 3.8730059243083825e-26, nan 
60.625, 89.875, 3.4113095932352846e-26, nan 
60.875, 89.875, 3.793889973219453e-26, nan 
61.125, 89.875, 4.381068674373931e-26, nan 
61.375, 89.875, 4.368034698427397e-26, nan 
61.625, 89.875, 4.5152492943298756e-26, nan 
61.875, 89.875, 4.0492390751255727e-26, nan 
62.125, 89.875, 3.912442928707526e-26, nan 
62.375, 89.875, 3.5240523728059756e-26, nan 
62.625, 89.875, 3.6414808440103845e-26, nan 
62.875, 89.875, 4.5699810756850536e-26, nan 
63.125, 89.875, 4.577903170802547e-26, nan 
63.375, 89.875, 4.522924901154588e-26, nan 
63.625, 89.875, 3.853306675086261e-26, nan 
63.875, 89.875, 5.415367805763164e-26, nan 
64.125, 89.875, 4.7651943133592865e-26, nan 
64.375, 89.875, 4.4531137872917304e-26, nan 
64.625, 89.875, 4.9346353105535136e-26, nan 
64.875, 89.875, 4.1635972888499385e-26, nan 
65.125, 89.875, 6.526077709319225e-26, nan 
65.375, 89.875, 4.522942181193175e-26, nan 
65.625, 89.875, 3.622216012932703e-26, nan 
65.875, 89.875, 4.603264048896396e-26, nan 
66.125, 89.875, 2.7718201550240327e-26, nan 
66.375, 89.875, 2.387777571628256e-26, nan 
66.625, 89.875, 6.266330851129253e-26, nan 
66.875, 89.875, 1.0535043189020818e-25, nan 
67.125, 89.875, 9.775123352519301e-26, nan 
67.375, 89.875, 7.749788973601473e-26, nan 
67.625, 89.875, 4.769550858709287e-26, nan 
67.875, 89.875, 3.145287119511466e-26, nan 
68.125, 89.875, 2.845523770933137e-26, nan 
68.375, 89.875, 3.31964885461584e-26, nan 
68.625, 89.875, 3.566023891569674e-26, nan 
68.875, 89.875, 5.340835015526287e-26, nan 
69.125, 89.875, 4.7220566199070385e-26, nan 
69.375, 89.875, 3.078896336897189e-26, nan 
69.625, 89.875, 2.5520984714421212e-26, nan 
69.875, 89.875, 2.4327476754696048e-26, nan 
70.125, 89.875, 3.4916920016819436e-26, nan 
70.375, 89.875, 2.290437693415768e-26, nan 
70.625, 89.875, 3.9347919807168553e-26, nan 
70.875, 89.875, 4.0643815637446283e-26, nan 
71.125, 89.875, 3.4546709582104377e-26, nan 
71.375, 89.875, 3.142569401519452e-26, nan 
71.625, 89.875, 2.498664920259712e-26, nan 
71.875, 89.875, 2.4901878477495302e-26, nan 
72.125, 89.875, 2.45901629396016e-26, nan 
72.375, 89.875, 2.882309487065061e-26, nan 
72.625, 89.875, 2.573626572624982e-26, nan 
72.875, 89.875, 3.576191622807754e-26, nan 
73.125, 89.875, 2.26428728641743e-26, nan 
73.375, 89.875, 3.488025159152008e-26, nan 
73.625, 89.875, 3.40652712748197e-26, nan 
73.875, 89.875, 2.2041976669348154e-26, nan 
74.125, 89.875, 2.968991437675521e-26, nan 
74.375, 89.875, 2.352211173800713e-26, nan 
74.625, 89.875, 2.1757255579229174e-26, nan 
74.875, 89.875, 2.101978687050686e-26, nan 
75.125, 89.875, 4.4977070551816763e-26, nan 
75.375, 89.875, 2.1908126415482578e-26, nan 
75.625, 89.875, 2.882954818173657e-26, nan 
75.875, 89.875, 3.3094393484601056e-26, nan 
76.125, 89.875, 2.1585752728624935e-26, nan 
76.375, 89.875, 3.131324318230858e-26, nan 
76.625, 89.875, 4.866270619874014e-26, nan 
76.875, 89.875, 3.1377064623648806e-26, nan 
77.125, 89.875, 5.383101521398985e-26, nan 
77.375, 89.875, 3.7280960155956e-26, nan 
77.625, 89.875, 2.7040506917502424e-26, nan 
77.875, 89.875, 6.762724558198643e-26, nan 
78.125, 89.875, 3.8859886577985964e-26, nan 
78.375, 89.875, 2.845313674748028e-26, nan 
78.625, 89.875, 2.1077693451329473e-26, nan 
78.875, 89.875, 2.50851777348145e-26, nan 
79.125, 89.875, 3.941974151827041e-26, nan 
79.375, 89.875, 3.9801040487744423e-26, nan 
79.625, 89.875, 2.9208673978893376e-26, nan 
79.875, 89.875, 1.8703757280356072e-26, nan 
80.125, 89.875, 2.1941475542835716e-26, nan 
80.375, 89.875, 2.7536108191690495e-26, nan 
80.625, 89.875, 2.2593313969816209e-26, nan 
80.875, 89.875, 4.0410547163919493e-26, nan 
81.125, 89.875, 2.5844546114244054e-26, nan 
81.375, 89.875, 3.097728603235992e-26, nan 
81.625, 89.875, 2.8315938086196706e-26, nan 
81.875, 89.875, 2.3489571354028372e-26, nan 
82.125, 89.875, 2.969139337730138e-26, nan 
82.375, 89.875, 3.2784917209926883e-26, nan 
82.625, 89.875, 3.6465999636824894e-26, nan 
82.875, 89.875, 2.2510002337881757e-26, nan 
83.125, 89.875, 3.218547775455491e-26, nan 
83.375, 89.875, 2.509367162846867e-26, nan 
83.625, 89.875, 2.67394385547319e-26, nan 
83.875, 89.875, 2.463066942667299e-26, nan 
84.125, 89.875, 2.0211582881287884e-26, nan 
84.375, 89.875, 5.099278511521848e-26, nan 
84.625, 89.875, 4.381470249127087e-26, nan 
84.875, 89.875, 2.3029386192201117e-26, nan 
85.125, 89.875, 2.6053167422115656e-26, nan 
85.375, 89.875, 2.4165580041282893e-26, nan 
85.625, 89.875, 2.122105714879524e-26, nan 
85.875, 89.875, 2.6796540919283714e-26, nan 
86.125, 89.875, 2.7408343045909524e-26, nan 
86.375, 89.875, 3.0402185767211007e-26, nan 
86.625, 89.875, 2.5035759129057026e-26, nan 
86.875, 89.875, 2.766208965027286e-26, nan 
87.125, 89.875, 3.1951034544312277e-26, nan 
87.375, 89.875, 2.3025366607172768e-26, nan 
87.625, 89.875, 4.846576213384232e-26, nan 
87.875, 89.875, 5.657602574018762e-26, nan 
88.125, 89.875, 2.6060388330810444e-26, nan 
88.375, 89.875, 2.449823964557696e-26, nan 
88.625, 89.875, 2.883638601511138e-26, nan 
88.875, 89.875, 3.3550270004478647e-26, nan 
89.125, 89.875, 2.806680490143908e-26, nan 
89.375, 89.875, 2.8690275003066075e-26, nan 
89.625, 89.875, 2.2289675509936175e-26, nan 
89.875, 89.875, 3.9528591841850825e-26, nan 
90.125, 89.875, 3.552556904343251e-26, nan 
90.375, 89.875, 1.7061226780082105e-26, nan 
90.625, 89.875, 1.5291125913787533e-26, nan 
90.875, 89.875, 2.0890474886854827e-26, nan 
91.125, 89.875, 1.7609540423411603e-26, nan 
91.375, 89.875, 6.092340928070669e-26, nan 
91.625, 89.875, 9.117092799761204e-26, nan 
91.875, 89.875, 1.0266311215147483e-25, nan 
92.125, 89.875, 9.540522402981199e-26, nan 
92.375, 89.875, 5.627184091571226e-26, nan 
92.625, 89.875, 2.027652497680664e-26, nan 
92.875, 89.875, 1.5839850784961538e-26, nan 
93.125, 89.875, 2.692030223388358e-26, nan 
93.375, 89.875, 1.5566773357159767e-26, nan 
93.625, 89.875, 4.594161905108215e-26, nan 
93.875, 89.875, 3.9587565049922254e-26, nan 
94.125, 89.875, 2.502967210621347e-26, nan 
94.375, 89.875, 3.357946142615234e-26, nan 
94.625, 89.875, 3.911296658221778e-26, nan 
94.875, 89.875, 2.179719994245465e-26, nan 
95.125, 89.875, 1.8924007205153577e-26, nan 
95.375, 89.875, 4.8542162552881584e-26, nan 
95.625, 89.875, 4.1553807558945963e-26, nan 
95.875, 89.875, 2.5567926212833055e-26, nan 
96.125, 89.875, 1.6297666038416423e-26, nan 
96.375, 89.875, 3.0572733756474567e-26, nan 
96.625, 89.875, 2.7739392784754464e-26, nan 
96.875, 89.875, 3.0334197432287136e-26, nan 
97.125, 89.875, 3.1079062397785165e-26, nan 
97.375, 89.875, 3.3872789139825234e-26, nan 
97.625, 89.875, 2.8025854213117216e-26, nan 
97.875, 89.875, 3.495902295423818e-26, nan 
98.125, 89.875, 2.8847892863421597e-26, nan 
98.375, 89.875, 2.1953509351889994e-26, nan 
98.625, 89.875, 2.184079492608162e-26, nan 
98.875, 89.875, 2.3251943742855355e-26, nan 
99.125, 89.875, 2.256344471116149e-26, nan 
99.375, 89.875, 2.615817106397055e-26, nan 
99.625, 89.875, 3.190734397314346e-26, nan 
99.875, 89.875, 3.7708738824249734e-26, nan 
100.125, 89.875, 2.8419096061902217e-26, nan 
100.375, 89.875, 2.3922652196247655e-26, nan 
100.625, 89.875, 2.2319442140260605e-26, nan 
100.875, 89.875, 2.353853725399251e-26, nan 
101.125, 89.875, 2.1668253039446844e-26, nan 
101.375, 89.875, 2.2803334044347592e-26, nan 
101.625, 89.875, 4.0565788153896775e-26, nan 
101.875, 89.875, 3.6263810001305286e-26, nan 
102.125, 89.875, 1.4876896859200745e-26, nan 
102.375, 89.875, 2.5956227915377316e-26, nan 
102.625, 89.875, 5.260284632436638e-26, nan 
102.875, 89.875, 4.4804188958914496e-26, nan 
103.125, 89.875, 1.8081312175754032e-26, nan 
103.375, 89.875, 1.768398290537058e-26, nan 
103.625, 89.875, 2.629250294264001e-26, nan 
103.875, 89.875, 2.0555634019348237e-26, nan 
104.125, 89.875, 3.0295434309754516e-26, nan 
104.375, 89.875, 2.67085426721154e-26, nan 
104.625, 89.875, 1.9853205577849887e-26, nan 
104.875, 89.875, 1.4858891714772944e-26, nan 
105.125, 89.875, 2.816019417402622e-26, nan 
105.375, 89.875, 2.480855004503638e-26, nan 
105.625, 89.875, 1.8008907031149144e-26, nan 
105.875, 89.875, 2.3913475408278953e-26, nan 
106.125, 89.875, 2.123282819297863e-26, nan 
106.375, 89.875, 1.96502546875416e-26, nan 
106.625, 89.875, 2.029153969796692e-26, nan 
106.875, 89.875, 3.5282199992947454e-26, nan 
107.125, 89.875, 2.6136430233205544e-26, nan 
107.375, 89.875, 3.090610615499846e-26, nan 
107.625, 89.875, 2.2858619468180855e-26, nan 
107.875, 89.875, 1.979110752327898e-26, nan 
108.125, 89.875, 3.042907669398282e-26, nan 
108.375, 89.875, 3.861143691514736e-26, nan 
108.625, 89.875, 3.4607578125037106e-26, nan 
108.875, 89.875, 2.349469131121646e-26, nan 
109.125, 89.875, 2.883232405213139e-26, nan 
109.375, 89.875, 2.896112502039366e-26, nan 
109.625, 89.875, 2.1133252093080434e-26, nan 
109.875, 89.875, 2.895628814791126e-26, nan 
110.125, 89.875, 2.916096577540025e-26, nan 
110.375, 89.875, 2.5402676844621836e-26, nan 
110.625, 89.875, 2.900299436007615e-26, nan 
110.875, 89.875, 2.7731113927636566e-26, nan 
111.125, 89.875, 2.755431634378527e-26, nan 
111.375, 89.875, 1.9684877614809353e-26, nan 
111.625, 89.875, 3.1311863243582424e-26, nan 
111.875, 89.875, 7.64601223196613e-27, nan 
112.125, 89.875, 2.5153599548291336e-26, nan 
112.375, 89.875, 3.1928698282794025e-26, nan 
112.625, 89.875, 2.2867109311584885e-26, nan 
112.875, 89.875, 2.3165095384541248e-26, nan 
113.125, 89.875, 2.4433807839387288e-26, nan 
113.375, 89.875, 2.6139081913278737e-26, nan 
113.625, 89.875, 1.2196736646888041e-26, nan 
113.875, 89.875, 3.082870615949105e-26, nan 
114.125, 89.875, 2.781271751682146e-26, nan 
114.375, 89.875, 2.8802743380118054e-26, nan 
114.625, 89.875, 2.7619343595985343e-26, nan 
114.875, 89.875, 2.884794867192909e-26, nan 
115.125, 89.875, 2.97186896331488e-26, nan 
115.375, 89.875, 3.284896330648936e-26, nan 
115.625, 89.875, 3.779535980974537e-26, nan 
115.875, 89.875, 3.5347208667216204e-26, nan 
116.125, 89.875, 3.534021206569912e-26, nan 
116.375, 89.875, 2.0448532315303077e-26, nan 
116.625, 89.875, 2.0164236207236115e-26, nan 
116.875, 89.875, 3.0359320167645216e-26, nan 
117.125, 89.875, 3.419121334326375e-26, nan 
117.375, 89.875, 4.295309544104307e-26, nan 
117.625, 89.875, 2.851819240637395e-26, nan 
117.875, 89.875, 4.2294780136172633e-26, nan 
118.125, 89.875, 3.2010832884426456e-26, nan 
118.375, 89.875, 3.924473025672755e-26, nan 
118.625, 89.875, 3.4938893883244925e-26, nan 
118.875, 89.875, 3.560227437950986e-26, nan 
119.125, 89.875, 4.293826074505581e-26, nan 
119.375, 89.875, 5.114649328531175e-26, nan 
119.625, 89.875, 3.3926101724828227e-26, nan 
119.875, 89.875, 3.8712802027706994e-26, nan 
120.125, 89.875, 6.374609942775866e-26, nan 
120.375, 89.875, 5.594656535111769e-26, nan 
120.625, 89.875, 3.496087777665693e-26, nan 
120.875, 89.875, 3.3196349896309284e-26, nan 
121.125, 89.875, 3.316403157577614e-26, nan 
121.375, 89.875, 3.5750756721699547e-26, nan 
121.625, 89.875, 4.719793530061328e-26, nan 
121.875, 89.875, 3.522379705715509e-26, nan 
122.125, 89.875, 2.834341820462603e-26, nan 
122.375, 89.875, 3.658102731619404e-26, nan 
122.625, 89.875, 3.323959719090176e-26, nan 
122.875, 89.875, 4.618969015165171e-26, nan 
123.125, 89.875, 4.9148248852614003e-26, nan 
123.375, 89.875, 4.207652127981727e-26, nan 
123.625, 89.875, 5.581635659215464e-26, nan 
123.875, 89.875, 4.064232767626249e-26, nan 
124.125, 89.875, 3.616482819776343e-26, nan 
124.375, 89.875, 3.5909003441050675e-26, nan 
124.625, 89.875, 4.1920468497447185e-26, nan 
124.875, 89.875, 4.556889137303704e-26, nan 
125.125, 89.875, 4.746886785732458e-26, nan 
125.375, 89.875, 4.464856672549146e-26, nan 
125.625, 89.875, 3.7194575337460834e-26, nan 
125.875, 89.875, 4.889701037391385e-26, nan 
126.125, 89.875, 4.3855589418289455e-26, nan 
126.375, 89.875, 2.401510725719116e-26, nan 
126.625, 89.875, 2.297351669273584e-26, nan 
126.875, 89.875, 2.3469265121569538e-26, nan 
127.125, 89.875, 3.042082013387046e-26, nan 
127.375, 89.875, 4.305686094077643e-26, nan 
127.625, 89.875, 4.387056395994335e-26, nan 
127.875, 89.875, 3.6723430998271224e-26, nan 
128.125, 89.875, 2.5591794098208988e-26, nan 
128.375, 89.875, 3.417338169432774e-26, nan 
128.625, 89.875, 3.093939033180321e-26, nan 
128.875, 89.875, 2.956632083654491e-26, nan 
129.125, 89.875, 4.1239986833115464e-26, nan 
129.375, 89.875, 4.627778462068611e-26, nan 
129.625, 89.875, 3.8023382430714994e-26, nan 
129.875, 89.875, 3.2160909946641976e-26, nan 
130.125, 89.875, 5.378177810221223e-26, nan 
130.375, 89.875, 4.861562607686229e-26, nan 
130.625, 89.875, 5.0265302290405935e-26, nan 
130.875, 89.875, 3.674574743425903e-26, nan 
131.125, 89.875, 4.3243208460647025e-26, nan 
131.375, 89.875, 4.052495905310181e-26, nan 
131.625, 89.875, 5.087391451418154e-26, nan 
131.875, 89.875, 4.9008267777736726e-26, nan 
132.125, 89.875, 4.6963984466353e-26, nan 
132.375, 89.875, 4.0320635029049854e-26, nan 
132.625, 89.875, 4.2529830467455826e-26, nan 
132.875, 89.875, 4.118120470738407e-26, nan 
133.125, 89.875, 4.025084917828974e-26, nan 
133.375, 89.875, 4.540608550552172e-26, nan 
133.625, 89.875, 4.3280342199456456e-26, nan 
133.875, 89.875, 4.129039427724862e-26, nan 
134.125, 89.875, 3.284411309833087e-26, nan 
134.375, 89.875, 3.5068021535737584e-26, nan 
134.625, 89.875, 4.651890932515529e-26, nan 
134.875, 89.875, 5.1195183361404764e-26, nan 
135.125, 89.875, 3.576664632215111e-26, nan 
135.375, 89.875, 4.0308128191751864e-26, nan 
135.625, 89.875, 3.994700851503404e-26, nan 
135.875, 89.875, 4.302022071496403e-26, nan 
136.125, 89.875, 4.8098303048442476e-26, nan 
136.375, 89.875, 4.10041608746138e-26, nan 
136.625, 89.875, 3.3346158975147687e-26, nan 
136.875, 89.875, 4.597144749162744e-26, nan 
137.125, 89.875, 4.9658707466499897e-26, nan 
137.375, 89.875, 3.7371686349556975e-26, nan 
137.625, 89.875, 3.856697992098091e-26, nan 
137.875, 89.875, 4.117331860844137e-26, nan 
138.125, 89.875, 2.8568974236577275e-26, nan 
138.375, 89.875, 3.4051219772935575e-26, nan 
138.625, 89.875, 4.405341885882822e-26, nan 
138.875, 89.875, 4.204615887276492e-26, nan 
139.125, 89.875, 3.7521041359935057e-26, nan 
139.375, 89.875, 4.5811195735802757e-26, nan 
139.625, 89.875, 5.0684031540348514e-26, nan 
139.875, 89.875, 5.716690606484225e-26, nan 
140.125, 89.875, 5.510210581292343e-26, nan 
140.375, 89.875, 4.5225681665047194e-26, nan 
140.625, 89.875, 4.889772552796582e-26, nan 
140.875, 89.875, 5.0862892088035415e-26, nan 
141.125, 89.875, 3.935292907602936e-26, nan 
141.375, 89.875, 4.095820532205214e-26, nan 
141.625, 89.875, 4.8303215728253975e-26, nan 
141.875, 89.875, 4.556284842252118e-26, nan 
142.125, 89.875, 5.245988007154011e-26, nan 
142.375, 89.875, 4.2176341473654315e-26, nan 
142.625, 89.875, 5.47026986533088e-26, nan 
142.875, 89.875, 4.6221454054888327e-26, nan 
143.125, 89.875, 4.392443496421092e-26, nan 
143.375, 89.875, 4.3965749306946834e-26, nan 
143.625, 89.875, 4.6021567576257583e-26, nan 
143.875, 89.875, 4.716537641508956e-26, nan 
144.125, 89.875, 4.776782868335113e-26, nan 
144.375, 89.875, 4.439822688613925e-26, nan 
144.625, 89.875, 5.000701688921345e-26, nan 
144.875, 89.875, 4.610010871491314e-26, nan 
145.125, 89.875, 4.5582996089314806e-26, nan 
145.375, 89.875, 4.700180245387522e-26, nan 
145.625, 89.875, 4.1723556980891315e-26, nan 
145.875, 89.875, 4.153101035170653e-26, nan 
146.125, 89.875, 4.473359371011648e-26, nan 
146.375, 89.875, 3.7267358853255325e-26, nan 
146.625, 89.875, 3.3444369297117447e-26, nan 
146.875, 89.875, 3.9919527940080275e-26, nan 
147.125, 89.875, 5.315476453671279e-26, nan 
147.375, 89.875, 5.1503301788335524e-26, nan 
147.625, 89.875, 5.678788806295241e-26, nan 
147.875, 89.875, 5.20139195345824e-26, nan 
148.125, 89.875, 4.527372530489085e-26, nan 
148.375, 89.875, 4.7843852645139575e-26, nan 
148.625, 89.875, 4.5840302080765403e-26, nan 
148.875, 89.875, 4.702722151627168e-26, nan 
149.125, 89.875, 4.2683245936907415e-26, nan 
149.375, 89.875, 4.811247779368543e-26, nan 
149.625, 89.875, 4.453490009627534e-26, nan 
149.875, 89.875, 4.820703318805148e-26, nan 
150.125, 89.875, 5.341986617356696e-26, nan 
150.375, 89.875, 4.56979110377077e-26, nan 
150.625, 89.875, 4.7652754927235255e-26, nan 
150.875, 89.875, 4.035841823260069e-26, nan 
151.125, 89.875, 4.065685304993795e-26, nan 
151.375, 89.875, 5.172342651680103e-26, nan 
151.625, 89.875, 4.465560273820046e-26, nan 
151.875, 89.875, 2.7503971011062707e-26, nan 
152.125, 89.875, 4.7010131073381925e-26, nan 
152.375, 89.875, 5.220431720636966e-26, nan 
152.625, 89.875, 4.279505566414006e-26, nan 
152.875, 89.875, 4.512053575897235e-26, nan 
153.125, 89.875, 5.0653265994037585e-26, nan 
153.375, 89.875, 2.661305747041368e-26, nan 
153.625, 89.875, 3.734969974114663e-26, nan 
153.875, 89.875, 6.507928623177857e-26, nan 
154.125, 89.875, 5.352446300545719e-26, nan 
154.375, 89.875, 3.885736032773129e-26, nan 
154.625, 89.875, 2.957306474655325e-26, nan 
154.875, 89.875, 3.310391977420591e-26, nan 
155.125, 89.875, 4.951041118079973e-26, nan 
155.375, 89.875, 5.009855548839938e-26, nan 
155.625, 89.875, 3.706528880069802e-26, nan 
155.875, 89.875, 4.7691320075280735e-26, nan 
156.125, 89.875, 5.128398689775182e-26, nan 
156.375, 89.875, 3.990063397013376e-26, nan 
156.625, 89.875, 3.1929253132425664e-26, nan 
156.875, 89.875, 3.015095173067624e-26, nan 
157.125, 89.875, 4.3195506597640736e-26, nan 
157.375, 89.875, 5.338816490942323e-26, nan 
157.625, 89.875, 3.613315119672045e-26, nan 
157.875, 89.875, 4.4377435904959494e-26, nan 
158.125, 89.875, 4.658425839605017e-26, nan 
158.375, 89.875, 4.0263034559558396e-26, nan 
158.625, 89.875, 3.000911891105919e-26, nan 
158.875, 89.875, 2.7332602987327414e-26, nan 
159.125, 89.875, 3.632494638672449e-26, nan 
159.375, 89.875, 3.197109515372331e-26, nan 
159.625, 89.875, 4.3277920084437706e-26, nan 
159.875, 89.875, 5.257709104154321e-26, nan 
160.125, 89.875, 4.864645720627117e-26, nan 
160.375, 89.875, 2.3198498938751858e-26, nan 
160.625, 89.875, 3.865354732398073e-26, nan 
160.875, 89.875, 5.0971276958317485e-26, nan 
161.125, 89.875, 3.162552691114946e-26, nan 
161.375, 89.875, 4.352299741646523e-26, nan 
161.625, 89.875, 2.7548988752071426e-26, nan 
161.875, 89.875, 4.844969602440158e-26, nan 
162.125, 89.875, 5.1284963485052215e-26, nan 
162.375, 89.875, 4.6072119247896336e-26, nan 
162.625, 89.875, 3.6095326166045696e-26, nan 
162.875, 89.875, 1.068542168941594e-26, nan 
163.125, 89.875, 4.2525112019263605e-26, nan 
163.375, 89.875, 3.861970132869997e-26, nan 
163.625, 89.875, 3.250549089441883e-26, nan 
163.875, 89.875, 3.949085600094655e-26, nan 
164.125, 89.875, 3.95149938245519e-26, nan 
164.375, 89.875, 4.369609045569605e-26, nan 
164.625, 89.875, 4.496714888728671e-26, nan 
164.875, 89.875, 4.475501076940247e-26, nan 
165.125, 89.875, 3.940366035649837e-26, nan 
165.375, 89.875, 5.1359523617067066e-26, nan 
165.625, 89.875, 4.298848790098993e-26, nan 
165.875, 89.875, 5.496496436952133e-26, nan 
166.125, 89.875, 5.1583831646144993e-26, nan 
166.375, 89.875, 4.963697233989845e-26, nan 
166.625, 89.875, 3.2008671239834997e-26, nan 
166.875, 89.875, 5.698752925443048e-26, nan 
167.125, 89.875, 4.836092323544968e-26, nan 
167.375, 89.875, 4.667400940454266e-26, nan 
167.625, 89.875, 3.937092330620063e-26, nan 
167.875, 89.875, 3.105275621121996e-26, nan 
168.125, 89.875, 3.3402050738494036e-26, nan 
168.375, 89.875, 3.3553719248572366e-26, nan 
168.625, 89.875, 4.1080869723464155e-26, nan 
168.875, 89.875, 3.154545005048842e-26, nan 
169.125, 89.875, 2.6283642915571356e-26, nan 
169.375, 89.875, 4.965237710742786e-26, nan 
169.625, 89.875, 2.5578755240524688e-26, nan 
169.875, 89.875, 2.798309424496287e-26, nan 
170.125, 89.875, 4.717922354762876e-26, nan 
170.375, 89.875, 3.619416876288776e-26, nan 
170.625, 89.875, 4.2583780281146734e-26, nan 
170.875, 89.875, 2.8975548337889816e-26, nan 
171.125, 89.875, 2.0646452427854965e-26, nan 
171.375, 89.875, 2.630288814418111e-26, nan 
171.625, 89.875, 3.119658897760551e-26, nan 
171.875, 89.875, 5.122512520429805e-26, nan 
172.125, 89.875, 3.356760009295581e-26, nan 
172.375, 89.875, 2.757221403577536e-26, nan 
172.625, 89.875, 2.875535894780341e-26, nan 
172.875, 89.875, 3.986175407081555e-26, nan 
173.125, 89.875, 1.4758225378052048e-26, nan 
173.375, 89.875, 3.1900480652503034e-26, nan 
173.625, 89.875, 4.728079593357845e-26, nan 
173.875, 89.875, 4.611239419855035e-26, nan 
174.125, 89.875, 4.5164992027483774e-26, nan 
174.375, 89.875, 3.272974309755676e-26, nan 
174.625, 89.875, 2.1505218286486415e-26, nan 
174.875, 89.875, 4.2115893281176787e-26, nan 
175.125, 89.875, 3.4973849194313244e-26, nan 
175.375, 89.875, 2.1812198825247122e-26, nan 
175.625, 89.875, 3.4852724620705463e-26, nan 
175.875, 89.875, 3.565103096112759e-26, nan 
176.125, 89.875, 3.94958657984053e-26, nan 
176.375, 89.875, 4.4259005871600134e-26, nan 
176.625, 89.875, 2.2939620142848453e-26, nan 
176.875, 89.875, 4.008991514975922e-26, nan 
177.125, 89.875, 3.859481971992543e-26, nan 
177.375, 89.875, 3.6323353902035067e-26, nan 
177.625, 89.875, 4.235564517213232e-26, nan 
177.875, 89.875, 3.453830857540121e-26, nan 
178.125, 89.875, 2.783092101773198e-26, nan 
178.375, 89.875, 3.279661312992046e-26, nan 
178.625, 89.875, 5.370612614999983e-26, nan 
178.875, 89.875, 4.953627125915172e-26, nan 
179.125, 89.875, 4.2009794839184504e-26, nan 
179.375, 89.875, 1.4797159518544626e-26, nan 
179.625, 89.875, 3.995507775268049e-26, nan 
179.875, 89.875, 2.5690798721229377e-26, nan 
